arz	bs	ceb	ckb	da	de	el	en	es	fr	he	hi	hu	id	it	ja	ko	lv	mk	ml	mr	nl	pl	pt	ro	ru	sh	si	simple	sr	sv	te	tr	vi	war	zh
arz	1.0	1.0	0.0	1.0	1.0	1.0	1.0	1.0	1.0	1.0	1.0	1.0	1.0	1.0	1.0	1.0	1.0	1.0	1.0	1.0	1.0	1.0	1.0	1.0	1.0	1.0	1.0	1.0	1.0	1.0	1.0	1.0	0.8216064286890065	1.0	0.5660160774121898	1.0
bs	1.0	1.0	1.0	1.0	0.48711517074573546	0.32801466669046225	0.5905651391671336	0.309530313830263	0.38423084965249765	0.402243825317515	0.5834987240737353	0.6198190083694741	0.5462530168843902	0.5115262046282324	0.34363612372950875	0.38701965845995057	0.37825618245727216	0.8943504275997423	0.49668927857139	0.39847645074836985	0.8216064286890065	0.2892642676423983	0.3339699024907085	0.4036939762326884	0.5195932881856741	0.3720430532348031	0.5527460075474537	1.0	0.39069485799342923	0.5321302336414678	0.48711799671622297	0.7361412429601099	0.3960685824972982	0.44035562515899884	0.8216064286890065	0.391812212286297
ceb	0.0	1.0	1.0	0.0	1.0	1.0	0.0	1.0	1.0	1.0	1.0	1.0	1.0	1.0	1.0	1.0	1.0	1.0	1.0	1.0	0.0	1.0	1.0	1.0	1.0	1.0	1.0	1.0	1.0	1.0	1.0	0.0	-1.0	1.0	1.0	1.0
ckb	1.0	1.0	0.0	1.0	0.8216064286890065	1.0	1.0	1.0	1.0	1.0	1.0	1.0	1.0	1.0	1.0	1.0	1.0	1.0	1.0	1.0	1.0	0.7863954451402115	1.0	1.0	1.0	1.0	1.0	1.0	1.0	1.0	1.0	1.0	1.0	1.0	1.0	1.0
da	1.0	0.48711517074573546	1.0	0.8216064286890065	1.0	0.20670561452622227	0.72653347084664	0.2371858431479205	0.24730458333078262	0.29751760825208995	0.3179853923242318	0.4927828151025108	0.6380732827477676	0.28094943732802696	0.40730694044720267	0.2791388087059882	0.3811453318660443	0.5022570108334935	0.5368366331724662	0.5179741189401096	1.0	0.24112212174081993	0.20452887725898267	0.256330934620073	0.47572513747027234	0.35036071013750236	0.43914877969961946	1.0	0.34549419937201253	0.4761804312532321	0.28926824001494267	0.7510341748895939	0.45785527735137727	0.4768177391091603	1.0	0.2699573731935644
de	1.0	0.32801466669046225	1.0	1.0	0.20670561452622227	1.0	0.7455134344225701	0.1460789620895751	0.1466632277487568	0.14429514465282942	0.3267124080903406	0.4135311435219057	0.46784536846737657	0.26908572522800017	0.15735077752728865	0.3090397050516586	0.3128972061453373	0.45133083252314626	0.42447861535499437	0.4343443676085774	1.0	0.16236048395701608	0.1466877069328413	0.14595685855110221	0.36214400941833375	0.1853372353254044	0.3300743128872809	1.0	0.21716417934390947	0.3069026226201048	0.18560761950682717	1.0	0.3317829850464692	0.4192077322256808	1.0	0.2759922953956369
el	1.0	0.5905651391671336	0.0	1.0	0.72653347084664	0.7455134344225701	1.0	0.49057726066936275	1.0	0.6908587525207898	1.0	1.0	1.0	0.6023954187110919	0.678290587305687	1.0	1.0	1.0	1.0	1.0	1.0	0.5898792806192534	0.5864924057903892	1.0	0.7863954451402115	1.0	1.0	1.0	0.6820827727511621	1.0	1.0	1.0	0.7510341748895938	1.0	1.0	1.0
en	1.0	0.309530313830263	1.0	1.0	0.2371858431479205	0.1460789620895751	0.49057726066936275	1.0	0.16802738691284103	0.1868194168610056	0.43210394867094526	0.46984211546409943	0.41482125977411216	0.2127356151801343	0.1696212225771212	0.21243178657701237	0.35345928963022216	0.33641314284375146	0.5172501119709769	0.33376513688911635	0.8216064286890065	0.2168099189931203	0.17980507246204921	0.18256255288333675	0.4550757955856619	0.24943260088569744	0.3936828219831874	1.0	0.2050749464181357	0.24883856622874817	0.2415696117035447	0.6154501004950338	0.2437301025098363	0.38058540585134604	1.0	0.33627720769316877
es	1.0	0.38423084965249765	1.0	1.0	0.24730458333078262	0.1466632277487568	1.0	0.16802738691284103	1.0	0.17361769782405145	0.5503043170172589	0.6740515375688697	0.6221982196391784	0.22508276823851042	0.21345555978617956	0.2241404403369291	0.514523496742297	0.49792520601006246	1.0	0.7784614227396944	1.0	0.1993094357177185	0.16321470279914183	0.17843549892189556	0.3727097831187361	0.19623653063006716	0.45127214694177303	1.0	0.2625997459868743	0.3208392005858664	0.262983222305643	0.7411828468492556	0.3398150413797445	0.4018825008797689	1.0	0.20187819908140064
fr	1.0	0.402243825317515	1.0	1.0	0.29751760825208995	0.14429514465282942	0.6908587525207898	0.1868194168610056	0.17361769782405145	1.0	0.5438813823998655	0.4227804472770907	0.29571524560007273	0.2100421073443357	0.1943062103209174	0.25381195972526904	0.3879510733453429	0.4141552797617272	0.42037711231635927	0.527607116155376	1.0	0.18212039157084348	0.1698332972765622	0.1757147646248511	0.3600622747152704	0.19011571455457787	0.3472361778468263	1.0	0.21365550043442413	0.33296326284909955	0.2149116402895815	0.6223041007404059	0.3698567476359856	0.4371713570848346	1.0	0.3308122441252027
he	1.0	0.5834987240737353	1.0	1.0	0.3179853923242318	0.3267124080903406	1.0	0.43210394867094526	0.5503043170172589	0.5438813823998655	1.0	1.0	1.0	0.34885591139278455	0.564818259177947	1.0	1.0	0.6715895942009565	1.0	1.0	1.0	0.43184549095662755	0.4558558403787738	1.0	0.5765812944383589	1.0	0.5768287459525963	1.0	0.6017652317637721	1.0	0.7300208629885034	1.0	0.7455134344225701	1.0	1.0	1.0
hi	1.0	0.6198190083694741	1.0	1.0	0.4927828151025108	0.4135311435219057	1.0	0.46984211546409943	0.6740515375688697	0.4227804472770907	1.0	1.0	1.0	0.6134663290495239	0.5373168286268142	1.0	1.0	0.7106922308883379	1.0	1.0	1.0	0.5021058684128656	0.3003696978425847	0.6740515375688697	0.5765812944383589	1.0	0.7455134344225701	1.0	0.5895598144787593	0.7376607345031153	1.0	1.0	0.39538311603482656	1.0	1.0	1.0
hu	1.0	0.5462530168843902	1.0	1.0	0.6380732827477676	0.46784536846737657	1.0	0.41482125977411216	0.6221982196391784	0.29571524560007273	1.0	1.0	1.0	0.5570260267770091	0.5039281411180958	1.0	1.0	0.7265334708466399	1.0	1.0	1.0	0.5026763719269661	0.46179219997770066	0.6589257440209709	0.6204120806044474	1.0	0.6994017365373273	1.0	0.5312164824941407	0.7834965055871609	0.7376607345031153	1.0	0.41300613512544543	1.0	1.0	1.0
id	1.0	0.5115262046282324	1.0	1.0	0.28094943732802696	0.26908572522800017	0.6023954187110919	0.2127356151801343	0.22508276823851042	0.2100421073443357	0.34885591139278455	0.6134663290495239	0.5570260267770091	1.0	0.2516837558012413	0.24502786083952433	0.5360415978692521	0.5317166182427403	0.6156489110921737	0.6597245379069142	1.0	0.23134797012922115	0.23376359316133383	0.2355280852435361	0.5467777541715546	0.32149618293175214	0.39964696054830046	1.0	0.3118885581571361	0.3327560583553977	0.22907104235945508	1.0	0.2874608900468459	0.4448036434840551	1.0	0.23193414128356268
it	1.0	0.34363612372950875	1.0	1.0	0.40730694044720267	0.15735077752728865	0.678290587305687	0.1696212225771212	0.21345555978617956	0.1943062103209174	0.564818259177947	0.5373168286268142	0.5039281411180958	0.2516837558012413	1.0	0.280054643423262	0.46085305377636865	0.4224453587253562	0.5937841364956394	0.49666222275902555	1.0	0.2365445132960378	0.17259218710203655	0.17470777687084044	0.2876883610150719	0.2224206921831934	0.481375042353601	1.0	0.22147630671141755	0.33581680276299813	0.29900464697514983	0.5997305951910734	0.35298779529671204	0.4261265903275795	1.0	0.31851844226552023
ja	1.0	0.38701965845995057	1.0	1.0	0.2791388087059882	0.3090397050516586	1.0	0.21243178657701237	0.2241404403369291	0.25381195972526904	1.0	1.0	1.0	0.24502786083952433	0.280054643423262	1.0	1.0	0.6189631788295554	1.0	1.0	1.0	0.40809854655762645	0.29294326312964264	0.35775157888516856	0.5293675317783347	1.0	0.5056245800874151	1.0	0.41194267416629177	0.5841532941710132	0.583133552931004	1.0	0.4479941178992695	1.0	1.0	1.0
ko	1.0	0.37825618245727216	1.0	1.0	0.3811453318660443	0.3128972061453373	1.0	0.35345928963022216	0.514523496742297	0.3879510733453429	1.0	1.0	1.0	0.5360415978692521	0.46085305377636865	1.0	1.0	0.6427811771228706	1.0	1.0	1.0	0.4572229951628735	0.344050718651733	0.5642670943910083	0.6204120806044474	1.0	0.5274468681666268	1.0	0.5348378893641988	0.7263875964832448	0.7322034805959262	1.0	0.6740515375688697	1.0	1.0	1.0
lv	1.0	0.8943504275997423	1.0	1.0	0.5022570108334935	0.45133083252314626	1.0	0.33641314284375146	0.49792520601006246	0.4141552797617272	0.6715895942009565	0.7106922308883379	0.7265334708466399	0.5317166182427403	0.4224453587253562	0.6189631788295554	0.6427811771228706	1.0	0.7690990303325336	0.7690990303325336	1.0	0.32099696161328034	0.30684320288040345	0.49480647236188857	0.6637329831288419	0.504648077467201	0.5177235461171256	1.0	0.5243699820735118	0.6189631788295554	0.5924773511286402	0.7690990303325336	0.5497507895338135	0.6964586824468322	1.0	0.5647815359825441
mk	1.0	0.49668927857139	1.0	1.0	0.5368366331724662	0.42447861535499437	1.0	0.5172501119709769	1.0	0.42037711231635927	1.0	1.0	1.0	0.6156489110921737	0.5937841364956394	1.0	1.0	0.7690990303325336	1.0	1.0	1.0	0.5075792924072542	0.28673620431342867	0.7347168825662656	0.6391906500312812	1.0	0.6994017365373274	1.0	0.6908587525207897	1.0	0.7411828468492556	1.0	0.7510341748895938	1.0	1.0	1.0
ml	1.0	0.39847645074836985	1.0	1.0	0.5179741189401096	0.4343443676085774	1.0	0.33376513688911635	0.7784614227396944	0.527607116155376	1.0	1.0	1.0	0.6597245379069142	0.49666222275902555	1.0	1.0	0.7690990303325336	1.0	1.0	1.0	0.46560659688495176	0.3398003738182972	1.0	0.7510341748895938	1.0	1.0	1.0	0.6131109307903289	1.0	1.0	1.0	0.5894072253189181	1.0	1.0	1.0
mr	1.0	0.8216064286890065	0.0	1.0	1.0	1.0	1.0	0.8216064286890065	1.0	1.0	1.0	1.0	1.0	1.0	1.0	1.0	1.0	1.0	1.0	1.0	1.0	1.0	1.0	1.0	1.0	1.0	1.0	1.0	0.8216064286890065	1.0	1.0	1.0	1.0	1.0	1.0	1.0
nl	1.0	0.2892642676423983	1.0	0.7863954451402115	0.24112212174081993	0.16236048395701608	0.5898792806192534	0.2168099189931203	0.1993094357177185	0.18212039157084348	0.43184549095662755	0.5021058684128656	0.5026763719269661	0.23134797012922115	0.2365445132960378	0.40809854655762645	0.4572229951628735	0.32099696161328034	0.5075792924072542	0.46560659688495176	1.0	1.0	0.19751208090566313	0.19870537189217213	0.3032636768387282	0.4057907588638688	0.38667635928629795	1.0	0.2687200908708016	0.368346415349501	0.3181051705794273	0.46405958412023185	0.33246413127443625	0.42037090950087197	0.8216064286890065	0.41632847232214637
pl	1.0	0.3339699024907085	1.0	1.0	0.20452887725898267	0.1466877069328413	0.5864924057903892	0.17980507246204921	0.16321470279914183	0.1698332972765622	0.4558558403787738	0.3003696978425847	0.46179219997770066	0.23376359316133383	0.17259218710203655	0.29294326312964264	0.344050718651733	0.30684320288040345	0.28673620431342867	0.3398003738182972	1.0	0.19751208090566313	1.0	0.1729315532793799	0.4176600395339684	0.2372961139297379	0.2767292739130003	1.0	0.22156368352396563	0.25817876193649403	0.27176763681937544	0.7942219112853846	0.3518840866092394	0.23108958454922557	1.0	0.28724870906396
pt	1.0	0.4036939762326884	1.0	1.0	0.256330934620073	0.14595685855110221	1.0	0.18256255288333675	0.17843549892189556	0.1757147646248511	1.0	0.6740515375688697	0.6589257440209709	0.2355280852435361	0.17470777687084044	0.35775157888516856	0.5642670943910083	0.49480647236188857	0.7347168825662656	1.0	1.0	0.19870537189217213	0.1729315532793799	1.0	0.47201360846480556	0.20818785863363967	0.5008430456213949	0.8216064286890065	0.28073599178622677	0.3592108758377368	0.2735577507351352	1.0	0.2384886742047197	0.4390789433163688	1.0	0.40374202291037065
ro	1.0	0.5195932881856741	1.0	1.0	0.47572513747027234	0.36214400941833375	0.7863954451402115	0.4550757955856619	0.3727097831187361	0.3600622747152704	0.5765812944383589	0.5765812944383589	0.6204120806044474	0.5467777541715546	0.2876883610150719	0.5293675317783347	0.6204120806044474	0.6637329831288419	0.6391906500312812	0.7510341748895938	1.0	0.3032636768387282	0.4176600395339684	0.47201360846480556	1.0	0.46395937702998585	0.756840900850217	1.0	0.4471695774008756	0.49372960181741393	0.3562287723971195	0.72653347084664	0.6278350360215451	0.3562287723971195	1.0	0.4978715469492139
ru	1.0	0.3720430532348031	1.0	1.0	0.35036071013750236	0.1853372353254044	1.0	0.24943260088569744	0.19623653063006716	0.19011571455457787	1.0	1.0	1.0	0.32149618293175214	0.2224206921831934	1.0	1.0	0.504648077467201	1.0	1.0	1.0	0.4057907588638688	0.2372961139297379	0.20818785863363967	0.46395937702998585	1.0	0.47435134021791764	1.0	0.30755097129177156	0.4735847486785891	0.48319019159490834	1.0	0.3840364761440522	1.0	1.0	1.0
sh	1.0	0.5527460075474537	1.0	1.0	0.43914877969961946	0.3300743128872809	1.0	0.3936828219831874	0.45127214694177303	0.3472361778468263	0.5768287459525963	0.7455134344225701	0.6994017365373273	0.39964696054830046	0.481375042353601	0.5056245800874151	0.5274468681666268	0.5177235461171256	0.6994017365373274	1.0	1.0	0.38667635928629795	0.2767292739130003	0.5008430456213949	0.756840900850217	0.47435134021791764	1.0	1.0	0.4882060015257564	0.5751932579625358	0.4488457907114555	0.6459073821655749	0.5768287459525963	0.6040093007035463	1.0	0.45676640352284803
si	1.0	1.0	1.0	1.0	1.0	1.0	1.0	1.0	1.0	1.0	1.0	1.0	1.0	1.0	1.0	1.0	1.0	1.0	1.0	1.0	1.0	1.0	1.0	0.8216064286890065	1.0	1.0	1.0	1.0	1.0	1.0	1.0	1.0	1.0	1.0	1.0	1.0
simple	1.0	0.39069485799342923	1.0	1.0	0.34549419937201253	0.21716417934390947	0.6820827727511621	0.2050749464181357	0.2625997459868743	0.21365550043442413	0.6017652317637721	0.5895598144787593	0.5312164824941407	0.3118885581571361	0.22147630671141755	0.41194267416629177	0.5348378893641988	0.5243699820735118	0.6908587525207897	0.6131109307903289	0.8216064286890065	0.2687200908708016	0.22156368352396563	0.28073599178622677	0.4471695774008756	0.30755097129177156	0.4882060015257564	1.0	1.0	0.3214496497758606	0.3790104159020977	0.6908587525207898	0.34031270908791045	0.41073436117836565	1.0	0.4313247659813946
sr	1.0	0.5321302336414678	1.0	1.0	0.4761804312532321	0.3069026226201048	1.0	0.24883856622874817	0.3208392005858664	0.33296326284909955	1.0	0.7376607345031153	0.7834965055871609	0.3327560583553977	0.33581680276299813	0.5841532941710132	0.7263875964832448	0.6189631788295554	1.0	1.0	1.0	0.368346415349501	0.25817876193649403	0.3592108758377368	0.49372960181741393	0.4735847486785891	0.5751932579625358	1.0	0.3214496497758606	1.0	0.5017525623575432	1.0	0.6119059359420476	0.7376607345031153	1.0	0.5063787473321714
sv	1.0	0.48711799671622297	1.0	1.0	0.28926824001494267	0.18560761950682717	1.0	0.2415696117035447	0.262983222305643	0.2149116402895815	0.7300208629885034	1.0	0.7376607345031153	0.22907104235945508	0.29900464697514983	0.583133552931004	0.7322034805959262	0.5924773511286402	0.7411828468492556	1.0	1.0	0.3181051705794273	0.27176763681937544	0.2735577507351352	0.3562287723971195	0.48319019159490834	0.4488457907114555	1.0	0.3790104159020977	0.5017525623575432	1.0	1.0	0.3258957135955168	0.6897980180502761	1.0	0.5808519206891735
te	1.0	0.7361412429601099	0.0	1.0	0.7510341748895939	1.0	1.0	0.6154501004950338	0.7411828468492556	0.6223041007404059	1.0	1.0	1.0	1.0	0.5997305951910734	1.0	1.0	0.7690990303325336	1.0	1.0	1.0	0.46405958412023185	0.7942219112853846	1.0	0.72653347084664	1.0	0.6459073821655749	1.0	0.6908587525207898	1.0	1.0	1.0	1.0	1.0	1.0	1.0
tr	0.8216064286890065	0.3960685824972982	-1.0	1.0	0.45785527735137727	0.3317829850464692	0.7510341748895938	0.2437301025098363	0.3398150413797445	0.3698567476359856	0.7455134344225701	0.39538311603482656	0.41300613512544543	0.2874608900468459	0.35298779529671204	0.4479941178992695	0.6740515375688697	0.5497507895338135	0.7510341748895938	0.5894072253189181	1.0	0.33246413127443625	0.3518840866092394	0.2384886742047197	0.6278350360215451	0.3840364761440522	0.5768287459525963	1.0	0.34031270908791045	0.6119059359420476	0.3258957135955168	1.0	1.0	0.5484902326675013	1.0	0.47942045506683734
vi	1.0	0.44035562515899884	1.0	1.0	0.4768177391091603	0.4192077322256808	1.0	0.38058540585134604	0.4018825008797689	0.4371713570848346	1.0	1.0	1.0	0.4448036434840551	0.4261265903275795	1.0	1.0	0.6964586824468322	1.0	1.0	1.0	0.42037090950087197	0.23108958454922557	0.4390789433163688	0.3562287723971195	1.0	0.6040093007035463	1.0	0.41073436117836565	0.7376607345031153	0.6897980180502761	1.0	0.5484902326675013	1.0	1.0	1.0
war	0.5660160774121898	0.8216064286890065	1.0	1.0	1.0	1.0	1.0	1.0	1.0	1.0	1.0	1.0	1.0	1.0	1.0	1.0	1.0	1.0	1.0	1.0	1.0	0.8216064286890065	1.0	1.0	1.0	1.0	1.0	1.0	1.0	1.0	1.0	1.0	1.0	1.0	1.0	1.0
zh	1.0	0.391812212286297	1.0	1.0	0.2699573731935644	0.2759922953956369	1.0	0.33627720769316877	0.20187819908140064	0.3308122441252027	1.0	1.0	1.0	0.23193414128356268	0.31851844226552023	1.0	1.0	0.5647815359825441	1.0	1.0	1.0	0.41632847232214637	0.28724870906396	0.40374202291037065	0.4978715469492139	1.0	0.45676640352284803	1.0	0.4313247659813946	0.5063787473321714	0.5808519206891735	1.0	0.47942045506683734	1.0	1.0	1.0
