arz	bs	ceb	ckb	da	de	el	en	es	fr	he	hi	hu	id	it	ja	ko	lv	mk	ml	mr	nl	pl	pt	ro	ru	sh	si	simple	sr	sv	te	vi	war	zh
arz	1.0	1.0	0.0	1.0	1.0	1.0	1.0	1.0	1.0	1.0	1.0	1.0	1.0	1.0	1.0	1.0	1.0	1.0	0.0	1.0	0.0	1.0	1.0	0.5660160774121898	1.0	1.0	1.0	0.0	1.0	1.0	1.0	0.0	1.0	1.0	1.0
bs	1.0	1.0	1.0	1.0	1.0	0.6083767342342433	1.0	0.6747699392326301	0.6093096912777513	0.6499913553099702	0.7347168825662656	1.0	0.7510341748895938	0.6119059359420476	0.4473495746088692	0.7322034805959264	0.7322034805959264	1.0	0.7690990303325336	1.0	1.0	0.8391501320049926	0.7347168825662658	0.26729087853168865	0.7411828468492556	0.7347168825662656	0.49513449371370327	0.0	1.0	0.38275439417375234	0.7322034805959264	1.0	1.0	1.0	0.7322034805959264
ceb	0.0	1.0	1.0	1.0	1.0	1.0	1.0	1.0	1.0	1.0	1.0	1.0	1.0	1.0	1.0	1.0	1.0	1.0	0.0	1.0	0.0	1.0	1.0	1.0	1.0	0.0	1.0	0.0	1.0	1.0	1.0	1.0	1.0	0.0	1.0
ckb	1.0	1.0	1.0	1.0	1.0	1.0	1.0	0.59077157536508	0.6740515375688696	0.40105550461749023	1.0	1.0	0.6841174893561722	0.6128508099341461	0.3476299198741563	1.0	1.0	1.0	1.0	1.0	1.0	0.6740515375688697	0.6740515375688696	0.3138746615748973	1.0	1.0	0.6353823873422033	1.0	1.0	0.5014351231510298	1.0	1.0	1.0	1.0	1.0
da	1.0	1.0	1.0	1.0	1.0	0.37842160254082374	1.0	0.2537384531027457	0.3736657143933703	0.30491811946076264	0.5410287003046224	1.0	0.5559746607701488	0.49258400198760016	0.2785595585184591	0.6398385892358057	0.7134542832283588	0.6165311787060569	1.0	1.0	1.0	0.47076823048208644	0.4763990864782457	0.2774232116713762	0.651610424238932	0.5056286068813954	0.43009871532109817	1.0	0.37542036392999845	0.3432726525221413	0.5683891935491964	1.0	1.0	1.0	1.0
de	1.0	0.6083767342342433	1.0	1.0	0.37842160254082374	1.0	0.4774910384179691	0.19538878934994733	0.2004745517398949	0.16062981716102112	0.38566617818158344	0.5038618229611678	0.4631423120699387	0.3152878715666128	0.15659446927562443	0.35057416624660204	0.3645280689998976	0.5058402685628701	0.7322034805959263	0.7263875964832449	1.0	0.2297373760944426	0.21962965659778777	0.19720323149355518	0.40088763164308755	0.31252010375577427	0.3947854491913802	1.0	0.31290062611050456	0.23724077998801882	0.21491909617233335	1.0	0.4715641070628021	1.0	0.4188127364049493
el	1.0	1.0	1.0	1.0	1.0	0.4774910384179691	1.0	0.36215898370625665	0.576900500520282	0.48065883573761564	1.0	1.0	0.5973329889831545	0.5307741115753802	0.3310882331807788	1.0	1.0	0.6740515375688696	1.0	1.0	1.0	0.4824085642368254	0.5484926384811445	0.2432510116602706	0.7221793916855704	1.0	0.5716303215459366	1.0	0.3903730592887762	0.43539827376404333	0.6102470946685321	1.0	1.0	1.0	1.0
en	1.0	0.6747699392326301	1.0	0.59077157536508	0.2537384531027457	0.19538878934994733	0.36215898370625665	1.0	0.15700336318889768	0.14276799099398105	0.25985346032761825	0.4046569357165875	0.38319279609889	0.2532449116851306	0.14097186431905484	0.2296459400310811	0.22591002651429098	0.3358269513163048	0.6339810133312077	0.43633589731722555	0.4417255608795031	0.18728762055687426	0.18022326774739014	0.1636600939870447	0.31343842226925145	0.19577432439937012	0.3137135089726436	0.5660160774121898	0.2684255651708494	0.19486426457315265	0.16279881710791794	0.6146048443847241	0.2862482865941483	0.7863954451402115	0.25663494699813966
es	1.0	0.6093096912777513	1.0	0.6740515375688696	0.3736657143933703	0.2004745517398949	0.576900500520282	0.15700336318889768	1.0	0.14232782320168028	0.3744815647955643	0.6102470946685322	0.46160653361476034	0.32799639674739317	0.1613550909556478	0.3173980555397808	0.3205612640976018	0.4922433066447716	0.6740515375688696	0.5607371342276144	1.0	0.21513546147904483	0.22316374699164873	0.18603022684704398	0.45135260500830454	0.28905214912653826	0.38510239171214056	0.8216064286890065	0.3143659045975787	0.22466818141597295	0.20008746471726688	0.621499756833684	0.4960315749402661	1.0	0.39310325879120017
fr	1.0	0.6499913553099702	1.0	0.40105550461749023	0.30491811946076264	0.16062981716102112	0.48065883573761564	0.14276799099398105	0.14232782320168028	1.0	0.21398709425040144	0.5505612213496083	0.4095334842843105	0.26533275563199116	0.15246440099936842	0.21508431990805632	0.27019597883852625	0.4939506474828225	0.6639114613280095	0.5821392266338169	0.43526109167898114	0.16131125296069554	0.1421227934415607	0.15806780887437155	0.37321941610852577	0.23683208507237546	0.287674799207815	0.5660160774121898	0.28759224246677423	0.17757947698747847	0.18456345261154677	0.40537003198728544	0.40595246948982533	1.0	0.2318664085665294
he	1.0	0.7347168825662656	1.0	1.0	0.5410287003046224	0.38566617818158344	1.0	0.25985346032761825	0.3744815647955643	0.21398709425040144	1.0	1.0	0.5091713197336446	0.4488223996353272	0.21609336073822383	1.0	1.0	0.585120930900478	1.0	1.0	1.0	0.38544274085199987	0.4208613845619977	0.2725157944664309	0.6452450558286368	0.7057511910252479	0.49580404170775544	1.0	0.3591220791380423	0.28757999812998325	0.3117382897893851	1.0	1.0	1.0	1.0
hi	1.0	1.0	1.0	1.0	1.0	0.5038618229611678	1.0	0.4046569357165875	0.6102470946685322	0.5505612213496083	1.0	1.0	0.7347168825662656	0.5803187977635459	0.23496973290399475	1.0	1.0	1.0	1.0	1.0	1.0	0.651610424238932	0.5429593779540763	0.3013594842552924	1.0	1.0	0.5656088880764853	1.0	0.5780965534243105	0.49545686617850043	0.530042072008356	1.0	1.0	1.0	1.0
hu	1.0	0.7510341748895938	1.0	0.6841174893561722	0.5559746607701488	0.4631423120699387	0.5973329889831545	0.38319279609889	0.46160653361476034	0.4095334842843105	0.5091713197336446	0.7347168825662656	1.0	0.49715525733769883	0.2634268296744208	0.5507122338239765	0.5649879395951222	0.5933799169641356	0.7455134344225701	0.6908587525207898	0.7863954451402115	0.5366082680957175	0.47335613119134123	0.23484386403271254	0.6290808149140176	0.5181180946879332	0.4335183696727436	1.0	0.5816958192909886	0.39698490459729446	0.4872488896613611	0.7510341748895938	0.6701591524560107	0.7863954451402115	0.5235524412496757
id	1.0	0.6119059359420476	1.0	0.6128508099341461	0.49258400198760016	0.3152878715666128	0.5307741115753802	0.2532449116851306	0.32799639674739317	0.26533275563199116	0.4488223996353272	0.5803187977635459	0.49715525733769883	1.0	0.1568735848966023	0.4075597930438186	0.4496412950374871	0.5171806036233259	1.0	0.6638546162332061	1.0	0.3310147475045401	0.3462103950330866	0.2549897955025636	0.4356889433740009	0.45176905339194745	0.3877904214100601	1.0	0.3428579232736224	0.2955727469103826	0.3127219350342139	0.7376607345031153	0.4717595730935002	1.0	0.40340683597947263
it	1.0	0.4473495746088692	1.0	0.3476299198741563	0.2785595585184591	0.15659446927562443	0.3310882331807788	0.14097186431905484	0.1613550909556478	0.15246440099936842	0.21609336073822383	0.23496973290399475	0.2634268296744208	0.1568735848966023	1.0	0.1992806506482649	0.22516324935088092	0.46463593716711127	0.4048484168850539	0.6740418496395736	0.7510341748895938	0.15159365226218544	0.1514946561770402	0.15946214396922676	0.25778755662982067	0.16865009822508173	0.2018030307322536	1.0	0.24898171427209448	0.1578090033977231	0.1595272157903243	0.40272781479378505	0.2099002272483233	1.0	0.19839477284959686
ja	1.0	0.7322034805959264	1.0	1.0	0.6398385892358057	0.35057416624660204	1.0	0.2296459400310811	0.3173980555397808	0.21508431990805632	1.0	1.0	0.5507122338239765	0.4075597930438186	0.1992806506482649	1.0	1.0	0.5876277661521777	1.0	1.0	1.0	0.3113534056489661	0.3786756158661436	0.2753720314778461	0.5324485386717347	1.0	0.48704282949005334	1.0	0.3443442099994607	0.2631412619625568	0.3032661199538197	1.0	1.0	1.0	1.0
ko	1.0	0.7322034805959264	1.0	1.0	0.7134542832283588	0.3645280689998976	1.0	0.22591002651429098	0.3205612640976018	0.27019597883852625	1.0	1.0	0.5649879395951222	0.4496412950374871	0.22516324935088092	1.0	1.0	0.6638546162332061	1.0	1.0	1.0	0.4032888885054267	0.4194058671441479	0.22270912078877567	0.7162976956558118	1.0	0.4768261142619848	1.0	0.36475693903841444	0.27711524693781314	0.3755773329584658	1.0	1.0	1.0	1.0
lv	1.0	1.0	1.0	1.0	0.6165311787060569	0.5058402685628701	0.6740515375688696	0.3358269513163048	0.4922433066447716	0.4939506474828225	0.585120930900478	1.0	0.5933799169641356	0.5171806036233259	0.46463593716711127	0.5876277661521777	0.6638546162332061	1.0	1.0	0.7347168825662656	1.0	0.6474064339144827	0.5207547762344542	0.3453180294850073	0.6144532717435798	0.7234532828151788	0.49880965521664183	1.0	0.40329105251526615	0.4623553002035785	0.5463371694175048	1.0	1.0	1.0	0.5876277661521777
mk	0.0	0.7690990303325336	0.0	1.0	1.0	0.7322034805959263	1.0	0.6339810133312077	0.6740515375688696	0.6639114613280095	1.0	1.0	0.7455134344225701	1.0	0.4048484168850539	1.0	1.0	1.0	1.0	1.0	1.0	0.6740515375688696	0.7347168825662657	0.5515169353409536	1.0	1.0	0.34298320656791975	1.0	0.7376607345031153	0.6351837315163127	1.0	1.0	1.0	1.0	1.0
ml	1.0	1.0	1.0	1.0	1.0	0.7263875964832449	1.0	0.43633589731722555	0.5607371342276144	0.5821392266338169	1.0	1.0	0.6908587525207898	0.6638546162332061	0.6740418496395736	1.0	1.0	0.7347168825662656	1.0	1.0	1.0	0.661251134120194	0.7263875964832449	0.37868600875983344	0.7248485669756152	1.0	0.42045526034830155	1.0	0.39348868705949636	0.5614568345054272	1.0	1.0	1.0	1.0	1.0
mr	0.0	1.0	0.0	1.0	1.0	1.0	1.0	0.4417255608795031	1.0	0.43526109167898114	1.0	1.0	0.7863954451402115	1.0	0.7510341748895938	1.0	1.0	1.0	1.0	1.0	1.0	1.0	1.0	0.3889305872613408	1.0	1.0	0.6368338220202495	1.0	1.0	0.7510341748895939	1.0	1.0	1.0	1.0	1.0
nl	1.0	0.8391501320049926	1.0	0.6740515375688697	0.47076823048208644	0.2297373760944426	0.4824085642368254	0.18728762055687426	0.21513546147904483	0.16131125296069554	0.38544274085199987	0.651610424238932	0.5366082680957175	0.3310147475045401	0.15159365226218544	0.3113534056489661	0.4032888885054267	0.6474064339144827	0.6740515375688696	0.661251134120194	1.0	1.0	0.19805187377224548	0.21356392834538845	0.44120779182356107	0.32224783670319573	0.35271641906621265	1.0	0.3082787551492718	0.2687000936616808	0.23666635116685386	1.0	0.5128948890660241	1.0	0.38991995187803835
pl	1.0	0.7347168825662658	1.0	0.6740515375688696	0.4763990864782457	0.21962965659778777	0.5484926384811445	0.18022326774739014	0.22316374699164873	0.1421227934415607	0.4208613845619977	0.5429593779540763	0.47335613119134123	0.3462103950330866	0.1514946561770402	0.3786756158661436	0.4194058671441479	0.5207547762344542	0.7347168825662657	0.7263875964832449	1.0	0.19805187377224548	1.0	0.22363867762134393	0.39926982869110206	0.3224971920822009	0.3679338107500545	1.0	0.31856309496981555	0.2594314303267749	0.24768113968896216	0.6786291688147437	0.44975710962451776	1.0	0.3793024577359228
pt	0.5660160774121898	0.26729087853168865	1.0	0.3138746615748973	0.2774232116713762	0.19720323149355518	0.2432510116602706	0.1636600939870447	0.18603022684704398	0.15806780887437155	0.2725157944664309	0.3013594842552924	0.23484386403271254	0.2549897955025636	0.15946214396922676	0.2753720314778461	0.22270912078877567	0.3453180294850073	0.5515169353409536	0.37868600875983344	0.3889305872613408	0.21356392834538845	0.22363867762134393	1.0	0.22950917056874284	0.24958519965603998	0.23742118128708084	1.0	0.18279036084116845	0.20521545163039254	0.1952451741628621	0.4753392362417082	0.273879589273453	0.5020797777427737	0.2678811321943941
ro	1.0	0.7411828468492556	1.0	1.0	0.651610424238932	0.40088763164308755	0.7221793916855704	0.31343842226925145	0.45135260500830454	0.37321941610852577	0.6452450558286368	1.0	0.6290808149140176	0.4356889433740009	0.25778755662982067	0.5324485386717347	0.7162976956558118	0.6144532717435798	1.0	0.7248485669756152	1.0	0.44120779182356107	0.39926982869110206	0.22950917056874284	1.0	0.5188848192311591	0.46765213623118673	1.0	0.3741358156958274	0.4242497897772403	0.4433229483524986	1.0	0.6143589292419388	1.0	0.5188848192311591
ru	1.0	0.7347168825662656	0.0	1.0	0.5056286068813954	0.31252010375577427	1.0	0.19577432439937012	0.28905214912653826	0.23683208507237546	0.7057511910252479	1.0	0.5181180946879332	0.45176905339194745	0.16865009822508173	1.0	1.0	0.7234532828151788	1.0	1.0	1.0	0.32224783670319573	0.3224971920822009	0.24958519965603998	0.5188848192311591	1.0	0.470692275202707	1.0	0.34640140154325677	0.2792117266411777	0.2889550744423925	1.0	0.7116768074483945	1.0	1.0
sh	1.0	0.49513449371370327	1.0	0.6353823873422033	0.43009871532109817	0.3947854491913802	0.5716303215459366	0.3137135089726436	0.38510239171214056	0.287674799207815	0.49580404170775544	0.5656088880764853	0.4335183696727436	0.3877904214100601	0.2018030307322536	0.48704282949005334	0.4768261142619848	0.49880965521664183	0.34298320656791975	0.42045526034830155	0.6368338220202495	0.35271641906621265	0.3679338107500545	0.23742118128708084	0.46765213623118673	0.470692275202707	1.0	1.0	0.3162631463671786	0.282175602082005	0.33191225887846415	0.5964717587216087	0.4822164193437625	0.8862616044261856	0.4766152147034422
si	0.0	0.0	0.0	1.0	1.0	1.0	1.0	0.5660160774121898	0.8216064286890065	0.5660160774121898	1.0	1.0	1.0	1.0	1.0	1.0	1.0	1.0	1.0	1.0	1.0	1.0	1.0	1.0	1.0	1.0	1.0	1.0	1.0	1.0	1.0	1.0	1.0	1.0	1.0
simple	1.0	1.0	1.0	1.0	0.37542036392999845	0.31290062611050456	0.3903730592887762	0.2684255651708494	0.3143659045975787	0.28759224246677423	0.3591220791380423	0.5780965534243105	0.5816958192909886	0.3428579232736224	0.24898171427209448	0.3443442099994607	0.36475693903841444	0.40329105251526615	0.7376607345031153	0.39348868705949636	1.0	0.3082787551492718	0.31856309496981555	0.18279036084116845	0.3741358156958274	0.34640140154325677	0.3162631463671786	1.0	1.0	0.3172822604354961	0.30842061241999075	1.0	0.4916078126360747	1.0	0.3541763970038112
sr	1.0	0.38275439417375234	1.0	0.5014351231510298	0.3432726525221413	0.23724077998801882	0.43539827376404333	0.19486426457315265	0.22466818141597295	0.17757947698747847	0.28757999812998325	0.49545686617850043	0.39698490459729446	0.2955727469103826	0.1578090033977231	0.2631412619625568	0.27711524693781314	0.4623553002035785	0.6351837315163127	0.5614568345054272	0.7510341748895939	0.2687000936616808	0.2594314303267749	0.20521545163039254	0.4242497897772403	0.2792117266411777	0.282175602082005	1.0	0.3172822604354961	1.0	0.2322507596987121	0.5655691978846713	0.413619099695125	0.7863954451402115	0.3037969148818405
sv	1.0	0.7322034805959264	1.0	1.0	0.5683891935491964	0.21491909617233335	0.6102470946685321	0.16279881710791794	0.20008746471726688	0.18456345261154677	0.3117382897893851	0.530042072008356	0.4872488896613611	0.3127219350342139	0.1595272157903243	0.3032661199538197	0.3755773329584658	0.5463371694175048	1.0	1.0	1.0	0.23666635116685386	0.24768113968896216	0.1952451741628621	0.4433229483524986	0.2889550744423925	0.33191225887846415	1.0	0.30842061241999075	0.2322507596987121	1.0	1.0	0.49417839929913365	1.0	0.3796087285686826
te	0.0	1.0	1.0	1.0	1.0	1.0	1.0	0.6146048443847241	0.621499756833684	0.40537003198728544	1.0	1.0	0.7510341748895938	0.7376607345031153	0.40272781479378505	1.0	1.0	1.0	1.0	1.0	1.0	1.0	0.6786291688147437	0.4753392362417082	1.0	1.0	0.5964717587216087	1.0	1.0	0.5655691978846713	1.0	1.0	1.0	1.0	1.0
vi	1.0	1.0	1.0	1.0	1.0	0.4715641070628021	1.0	0.2862482865941483	0.4960315749402661	0.40595246948982533	1.0	1.0	0.6701591524560107	0.4717595730935002	0.2099002272483233	1.0	1.0	1.0	1.0	1.0	1.0	0.5128948890660241	0.44975710962451776	0.273879589273453	0.6143589292419388	0.7116768074483945	0.4822164193437625	1.0	0.4916078126360747	0.413619099695125	0.49417839929913365	1.0	1.0	1.0	1.0
war	1.0	1.0	0.0	1.0	1.0	1.0	1.0	0.7863954451402115	1.0	1.0	1.0	1.0	0.7863954451402115	1.0	1.0	1.0	1.0	1.0	1.0	1.0	1.0	1.0	1.0	0.5020797777427737	1.0	1.0	0.8862616044261856	1.0	1.0	0.7863954451402115	1.0	1.0	1.0	1.0	1.0
zh	1.0	0.7322034805959264	1.0	1.0	1.0	0.4188127364049493	1.0	0.25663494699813966	0.39310325879120017	0.2318664085665294	1.0	1.0	0.5235524412496757	0.40340683597947263	0.19839477284959686	1.0	1.0	0.5876277661521777	1.0	1.0	1.0	0.38991995187803835	0.3793024577359228	0.2678811321943941	0.5188848192311591	1.0	0.4766152147034422	1.0	0.3541763970038112	0.3037969148818405	0.3796087285686826	1.0	1.0	1.0	1.0
