arz	bs	ceb	ckb	da	de	el	en	es	fr	he	hi	hu	id	it	ja	ko	lv	mk	ml	mr	nl	pl	pt	ro	ru	sh	si	simple	sr	sv	te	tr	vi	war	zh
arz	1.0	0.5555555555555556	0.6666666666666666	0.75	0.5416666666666666	0.5078125	0.75	0.5036231884057971	0.5096153846153846	0.5069444444444444	0.6938775510204082	0.7272727272727273	0.5238095238095238	0.5384615384615384	0.5104166666666666	0.6823529411764706	0.6875	0.782608695652174	0.7692307692307692	0.823529411764706	0.9090909090909091	0.5113636363636364	0.5131578947368421	0.5111111111111111	0.5357142857142857	0.6815642458100559	0.5555555555555556	0.7692307692307692	0.5357142857142857	0.5294117647058824	0.515625	1.0	0.5263157894736842	0.72	0.6000000000000001	0.6842105263157894
bs	0.5555555555555556	1.0	0.5068493150684932	0.5002885170225043	0.5014392630972941	0.5890720710092021	0.5226783037598062	0.5642572891790861	0.5407545612879222	0.646692909991287	0.503695281409892	0.5002885170225043	0.5205164594872181	0.5142218006056026	0.5196289515140639	0.5178789496035003	0.5213472344732216	0.5002885170225043	0.6630392537893509	0.5002885170225043	0.5789473684210527	0.6831536844017022	0.6589762755115678	0.6587893500669454	0.5330457418535232	0.6602921084896272	0.6567115529990123	0.5789473684210527	0.5011520737327189	0.6722867775429968	0.5185805864188575	0.5555555555555556	0.5777777777777777	0.535282501038661	0.6000000000000001	0.6079374325479576
ceb	0.6666666666666666	0.5068493150684932	1.0	0.6666666666666666	0.5024154589371981	0.5005688282138794	0.6666666666666666	0.5001778726431875	0.500381679389313	0.5001591849729385	0.670076726342711	0.6726457399103138	0.6696629213483146	0.5023148148148148	0.5007874015748032	0.6697247706422018	0.671304347826087	0.6739130434782609	0.6725663716814159	0.6751592356687898	0.6666666666666666	0.5005025125628141	0.5010989010989011	0.5010330578512396	0.5032258064516129	0.6679764243614931	0.5027027027027027	0.6902654867256638	0.5033557046979865	0.50187265917603	0.5009174311926605	0.6666666666666666	-1.0	0.6728538283062645	0.5185185185185185	0.5013123359580053
ckb	0.75	0.5002885170225043	0.6666666666666666	1.0	0.6666666666666666	0.5006418485237484	0.5031446540880503	0.5009746588693957	0.5	0.5004135649296939	0.5	0.6666666666666666	0.5	0.5	0.5	0.5032679738562091	0.5	0.6666666666666666	0.6671955573185244	0.6666666666666666	0.787878787878788	0.5002932551319648	0.5003013863773357	0.5003035822707954	0.5	0.5002988643156008	0.5003455425017277	0.787878787878788	0.6666666666666666	0.5002898550724637	0.5035460992907801	0.75	0.5833333333333333	0.5	0.5833333333333333	0.5005117707267145
da	0.5416666666666666	0.5014392630972941	0.5024154589371981	0.6666666666666666	1.0	0.5025510204081632	0.5060240963855421	0.5038610038610039	0.5060240963855421	0.5016474464579901	0.5319148936170213	0.75	0.5096774193548387	0.509090909090909	0.510989010989011	0.5126582278481012	0.511904761904762	0.75	0.6682483194938711	0.75	0.56	0.5011695906432748	0.501201923076923	0.5012106537530266	0.5063829787234042	0.50119189511323	0.5010323468685478	0.56	0.782608695652174	0.5011560693641618	0.5102040816326531	0.5416666666666666	0.5906313645621182	0.5074626865671642	0.5769230769230769	0.5020366598778004
de	0.5078125	0.5890720710092021	0.5005688282138794	0.5006418485237484	0.5025510204081632	1.0	0.5455365284221285	0.6017201292232603	0.576915963880215	0.5760111193670145	0.51125	0.5006418485237484	0.541322445943178	0.5298969301353608	0.5436830082859682	0.5433272099938766	0.5456400691966699	0.5006418485237484	0.5886015325670498	0.5006418485237484	0.5116279069767442	0.5889721590546998	0.5924296887672059	0.5937736076449822	0.5646090807166498	0.5850290490730413	0.5737152634444046	0.5116279069767442	0.5025575447570332	0.5888303413104682	0.5408372785527654	0.5078125	0.5472972972972973	0.5697605500903659	0.5153846153846153	0.5769724761586565
el	0.75	0.5226783037598062	0.6666666666666666	0.5031446540880503	0.5060240963855421	0.5455365284221285	1.0	0.57134895328564	0.5804071936149373	0.5302134728400343	0.5129533678756477	0.5031446540880503	0.6129845821517129	0.591830371063299	0.5462225689941147	0.5724866267327607	0.5989099193494122	0.5031446540880503	0.5224559408754974	0.5031446540880503	0.787878787878788	0.5226908618128465	0.5234576965689465	0.5229752919274591	0.6095755290460904	0.5194620191156553	0.5240710351157453	0.787878787878788	0.503030303030303	0.5225540716747015	0.568210535289658	0.75	0.5833333333333333	0.5849349142787029	0.5833333333333333	0.5345407547161802
en	0.5036231884057971	0.5642572891790861	0.5001778726431875	0.5009746588693957	0.5038610038610039	0.6017201292232603	0.57134895328564	1.0	0.610668444744032	0.5794873639833461	0.5187969924812029	0.5009746588693957	0.5704538096525539	0.5484529157839904	0.565307832887523	0.564882324638514	0.5741133983236987	0.5009746588693957	0.5600408788962697	0.5009746588693957	0.5054151624548736	0.5647583195294165	0.5663283184126149	0.5657950380603326	0.6215661239214348	0.5590022016302126	0.5642482694301415	0.5054151624548736	0.5038759689922481	0.5619133901582819	0.5539518232146607	0.5036231884057971	0.5329815996010184	0.6078520664713889	0.5071942446043165	0.580172413221121
es	0.5096153846153846	0.5407545612879222	0.500381679389313	0.5	0.5060240963855421	0.576915963880215	0.5804071936149373	0.610668444744032	1.0	0.5558891639004145	0.5184135977337111	0.5015290519877675	0.5891559580370523	0.5665573952276334	0.5678733031674208	0.5779207456474589	0.5950052692204004	0.5015290519877675	0.5415766738660907	0.5015290519877675	0.5142857142857143	0.541646321656989	0.5444566410537871	0.543849972421401	0.6239058405159521	0.5370967741935484	0.5433089411122463	0.5142857142857143	0.5060606060606061	0.540372124255463	0.5628019323671498	0.5096153846153846	0.5564516129032258	0.6235319194287542	0.5188679245283019	0.5641247833622184
fr	0.5069444444444444	0.646692909991287	0.5001591849729385	0.5004135649296939	0.5016474464579901	0.5760111193670145	0.5302134728400343	0.5794873639833461	0.5558891639004145	1.0	0.5056726094003241	0.5004135649296939	0.5294101305153897	0.5202922582518211	0.5279319257447812	0.5271656866166821	0.5320485073341465	0.5004135649296939	0.6251082251082252	0.5004135649296939	0.5103448275862069	0.6434417870386853	0.632202637432389	0.6320339996033736	0.5488339520341955	0.6256168938953107	0.6519571260017579	0.5103448275862069	0.5016501650165016	0.631218600492797	0.5262152172516472	0.5069444444444444	0.5460122699386503	0.5463265963958762	0.5136986301369862	0.6425732119479798
he	0.6938775510204082	0.503695281409892	0.670076726342711	0.5	0.5319148936170213	0.51125	0.5129533678756477	0.5187969924812029	0.5184135977337111	0.5056726094003241	1.0	0.5121951219512195	0.5108695652173914	0.5071428571428571	0.54	0.5333333333333333	0.5233160621761658	0.5121951219512195	0.5038078500292912	0.5121951219512195	0.7070707070707071	0.5037550548815714	0.5059594755661502	0.5056988602279544	0.5134099616858238	0.5059101654846336	0.5030467163168585	0.7070707070707071	0.5217391304347826	0.5037121644774415	0.5172413793103449	0.6938775510204082	0.5555555555555556	0.511864406779661	0.5294117647058824	0.5069860279441117
hi	0.7272727272727273	0.5002885170225043	0.6726457399103138	0.6666666666666666	0.75	0.5006418485237484	0.5031446540880503	0.5009746588693957	0.5015290519877675	0.5004135649296939	0.5121951219512195	1.0	0.5033557046979865	0.5048543689320388	0.5028248587570622	0.5032679738562091	0.5030674846625767	1.0	0.6671955573185244	1.0	0.7555555555555555	0.5002932551319648	0.5003013863773357	0.5003035822707954	0.5021834061135371	0.5002988643156008	0.5	0.7555555555555555	0.7692307692307692	0.5002898550724637	0.5035460992907801	0.7272727272727273	0.5714285714285714	0.5019011406844106	0.5625	0.5005117707267145
hu	0.5238095238095238	0.5205164594872181	0.6696629213483146	0.5	0.5096774193548387	0.541322445943178	0.6129845821517129	0.5704538096525539	0.5891559580370523	0.5294101305153897	0.5108695652173914	0.5033557046979865	1.0	0.6300456941718109	0.5594223954642098	0.5849260459744421	0.6743168207033744	0.5033557046979865	0.5202048947068867	0.5033557046979865	0.5348837209302326	0.5211311421026364	0.5215130138520193	0.5208733283441253	0.6579729069979472	0.5181155490289331	0.5226796662378623	0.5348837209302326	0.5064935064935064	0.5204331798511612	0.5731325480840912	0.5238095238095238	0.5588235294117647	0.6120086579909115	0.5454545454545455	0.5362466561944853
id	0.5384615384615384	0.5142218006056026	0.5023148148148148	0.5	0.509090909090909	0.5298969301353608	0.591830371063299	0.5484529157839904	0.5665573952276334	0.5202922582518211	0.5071428571428571	0.5048543689320388	0.6300456941718109	1.0	0.5458769828623125	0.5914454179019955	0.6187018003359922	0.5048543689320388	0.5144341801385681	0.5048543689320388	0.5555555555555556	0.5144682206493446	0.5154675984764485	0.5151576607897976	0.5934964916661967	0.5128856551527952	0.5163325110725832	0.5555555555555556	0.5140186915887851	0.5142537786617954	0.5816890292028414	0.5384615384615384	0.5882352941176471	0.5782643391154374	0.5714285714285714	0.5245657386305612
it	0.5104166666666666	0.5196289515140639	0.5007874015748032	0.5	0.510989010989011	0.5436830082859682	0.5462225689941147	0.565307832887523	0.5678733031674208	0.5279319257447812	0.54	0.5028248587570622	0.5594223954642098	0.5458769828623125	1.0	0.5815602836879433	0.5603905787864397	0.5028248587570622	0.5198879551820729	0.5028248587570622	0.5154639175257733	0.5205262510232361	0.524	0.5232624928202182	0.5570276130663004	0.5226244343891403	0.5192316993590779	0.5154639175257733	0.5111111111111111	0.5194722960337463	0.5638393249538542	0.5104166666666666	0.5652173913043479	0.553543077059862	0.5204081632653061	0.532347504621072
ja	0.6823529411764706	0.5178789496035003	0.6697247706422018	0.5032679738562091	0.5126582278481012	0.5433272099938766	0.5724866267327607	0.564882324638514	0.5779207456474589	0.5271656866166821	0.5333333333333333	0.5032679738562091	0.5849260459744421	0.5914454179019955	0.5815602836879433	1.0	0.5886950628379473	0.5032679738562091	0.5180995475113122	0.5032679738562091	0.6900584795321637	0.5178626632128276	0.521914648212226	0.521985430549095	0.5729188534166868	0.5211428571428571	0.5181837650502374	0.6900584795321637	0.5063291139240506	0.5177018267429523	0.5910931174089069	0.6823529411764706	0.556390977443609	0.565162086018645	0.5172413793103449	0.5325779036827195
ko	0.6875	0.5213472344732216	0.671304347826087	0.5	0.511904761904762	0.5456400691966699	0.5989099193494122	0.5741133983236987	0.5950052692204004	0.5320485073341465	0.5233160621761658	0.5030674846625767	0.6743168207033744	0.6187018003359922	0.5603905787864397	0.5886950628379473	1.0	0.5030674846625767	0.5212224108658744	0.5030674846625767	0.6976744186046512	0.5217293507462101	0.5231920407343081	0.5232510958133574	0.6429022484904816	0.5187334102600273	0.5244266282361901	0.6976744186046512	0.5059523809523809	0.5212017919074763	0.5687005908046254	0.6875	0.5607476635514019	0.6114942943810486	0.5227272727272727	0.5384700844623398
lv	0.782608695652174	0.5002885170225043	0.6739130434782609	0.6666666666666666	0.75	0.5006418485237484	0.5031446540880503	0.5009746588693957	0.5015290519877675	0.5004135649296939	0.5121951219512195	1.0	0.5033557046979865	0.5048543689320388	0.5028248587570622	0.5032679738562091	0.5030674846625767	1.0	0.6671955573185244	1.0	0.8333333333333334	0.5002932551319648	0.5003013863773357	0.5003035822707954	0.5021834061135371	0.5002988643156008	0.5	0.8333333333333334	0.7692307692307692	0.5002898550724637	0.5035460992907801	0.782608695652174	0.5813953488372093	0.5019011406844106	0.6111111111111112	0.5005117707267145
mk	0.7692307692307692	0.6630392537893509	0.6725663716814159	0.6671955573185244	0.6682483194938711	0.5886015325670498	0.5224559408754974	0.5600408788962697	0.5415766738660907	0.6251082251082252	0.5038078500292912	0.6671955573185244	0.5202048947068867	0.5144341801385681	0.5198879551820729	0.5180995475113122	0.5212224108658744	0.6671955573185244	1.0	0.6671955573185244	0.8148148148148148	0.6635294117647059	0.6573454115793619	0.6578322784810128	0.5311804008908686	0.6582875098193245	0.6440049443757726	0.8148148148148148	0.6687797147385103	0.6630307752239969	0.5188141391106044	0.7692307692307692	0.5909090909090909	0.5352811466372658	0.6000000000000001	0.606392694063927
ml	0.823529411764706	0.5002885170225043	0.6751592356687898	0.6666666666666666	0.75	0.5006418485237484	0.5031446540880503	0.5009746588693957	0.5015290519877675	0.5004135649296939	0.5121951219512195	1.0	0.5033557046979865	0.5048543689320388	0.5028248587570622	0.5032679738562091	0.5030674846625767	1.0	0.6671955573185244	1.0	0.8888888888888888	0.5002932551319648	0.5003013863773357	0.5003035822707954	0.5021834061135371	0.5002988643156008	0.5	0.8888888888888888	0.7692307692307692	0.5002898550724637	0.5035460992907801	0.823529411764706	0.5609756097560976	0.5019011406844106	0.6428571428571428	0.5005117707267145
mr	0.9090909090909091	0.5789473684210527	0.6666666666666666	0.787878787878788	0.56	0.5116279069767442	0.787878787878788	0.5054151624548736	0.5142857142857143	0.5103448275862069	0.7070707070707071	0.7555555555555555	0.5348837209302326	0.5555555555555556	0.5154639175257733	0.6900584795321637	0.6976744186046512	0.8333333333333334	0.8148148148148148	0.8888888888888888	1.0	0.5168539325842697	0.5194805194805194	0.5164835164835164	0.5517241379310345	0.6888888888888889	0.5789473684210527	0.75	0.5517241379310345	0.5428571428571428	0.5230769230769231	0.9090909090909091	0.5384615384615384	0.7450980392156863	0.6363636363636364	0.6928104575163399
nl	0.5113636363636364	0.6831536844017022	0.5005025125628141	0.5002932551319648	0.5011695906432748	0.5889721590546998	0.5226908618128465	0.5647583195294165	0.541646321656989	0.6434417870386853	0.5037550548815714	0.5002932551319648	0.5211311421026364	0.5144682206493446	0.5205262510232361	0.5178626632128276	0.5217293507462101	0.5002932551319648	0.6635294117647059	0.5002932551319648	0.5168539325842697	1.0	0.6604005860667234	0.6602780957081614	0.5335056629088148	0.6625573991964526	0.6530028922747751	0.5168539325842697	0.5011709601873536	0.6694969878025832	0.5191718627907742	0.5113636363636364	0.5648148148148149	0.5355101614024771	0.5222222222222223	0.609510257623807
pl	0.5131578947368421	0.6589762755115678	0.5010989010989011	0.5003013863773357	0.501201923076923	0.5924296887672059	0.5234576965689465	0.5663283184126149	0.5444566410537871	0.632202637432389	0.5059594755661502	0.5003013863773357	0.5215130138520193	0.5154675984764485	0.524	0.521914648212226	0.5231920407343081	0.5003013863773357	0.6573454115793619	0.5003013863773357	0.5194805194805194	0.6604005860667234	1.0	0.664403169909628	0.5327588769886891	0.6589763431907568	0.6400359422894368	0.5194805194805194	0.5012033694344163	0.6585655367616015	0.5199537304800462	0.5131578947368421	0.5555555555555556	0.5372178347361236	0.5256410256410257	0.6128933473997199
pt	0.5111111111111111	0.6587893500669454	0.5010330578512396	0.5003035822707954	0.5012106537530266	0.5937736076449822	0.5229752919274591	0.5657950380603326	0.543849972421401	0.6320339996033736	0.5056988602279544	0.5003035822707954	0.5208733283441253	0.5151576607897976	0.5232624928202182	0.521985430549095	0.5232510958133574	0.5003035822707954	0.6578322784810128	0.5003035822707954	0.5164835164835164	0.6602780957081614	0.664403169909628	1.0	0.5325631611706666	0.6575270248682039	0.6401531233655938	0.5164835164835164	0.5012121212121212	0.6582697115924798	0.5200931857891672	0.5111111111111111	0.5740740740740741	0.5369401941055403	0.5217391304347826	0.6128886037320577
ro	0.5357142857142857	0.5330457418535232	0.5032258064516129	0.5	0.5063829787234042	0.5646090807166498	0.6095755290460904	0.6215661239214348	0.6239058405159521	0.5488339520341955	0.5134099616858238	0.5021834061135371	0.6579729069979472	0.5934964916661967	0.5570276130663004	0.5729188534166868	0.6429022484904816	0.5021834061135371	0.5311804008908686	0.5021834061135371	0.5517241379310345	0.5335056629088148	0.5327588769886891	0.5325631611706666	1.0	0.525511558762814	0.5378618467076604	0.5517241379310345	0.5064377682403434	0.5321908166148396	0.5634867401517638	0.5357142857142857	0.5961538461538461	0.6582571342047135	0.5666666666666667	0.5540622136678641
ru	0.6815642458100559	0.6602921084896272	0.6679764243614931	0.5002988643156008	0.50119189511323	0.5850290490730413	0.5194620191156553	0.5590022016302126	0.5370967741935484	0.6256168938953107	0.5059101654846336	0.5002988643156008	0.5181155490289331	0.5128856551527952	0.5226244343891403	0.5211428571428571	0.5187334102600273	0.5002988643156008	0.6582875098193245	0.5002988643156008	0.6888888888888889	0.6625573991964526	0.6589763431907568	0.6575270248682039	0.525511558762814	1.0	0.6405765179024058	0.6888888888888889	0.5011933174224343	0.6595913021333814	0.5197934595524957	0.6815642458100559	0.5539568345323741	0.5295993521886813	0.5163934426229508	0.6058538496442171
sh	0.5555555555555556	0.6567115529990123	0.5027027027027027	0.5003455425017277	0.5010323468685478	0.5737152634444046	0.5240710351157453	0.5642482694301415	0.5433089411122463	0.6519571260017579	0.5030467163168585	0.5	0.5226796662378623	0.5163325110725832	0.5192316993590779	0.5181837650502374	0.5244266282361901	0.5	0.6440049443757726	0.5	0.5789473684210527	0.6530028922747751	0.6400359422894368	0.6401531233655938	0.5378618467076604	0.6405765179024058	1.0	0.5789473684210527	0.5006887052341598	0.6512438920429913	0.5196976870080531	0.5555555555555556	0.6554621848739496	0.5384527061978887	0.6000000000000001	0.6209310275604144
si	0.7692307692307692	0.5789473684210527	0.6902654867256638	0.787878787878788	0.56	0.5116279069767442	0.787878787878788	0.5054151624548736	0.5142857142857143	0.5103448275862069	0.7070707070707071	0.7555555555555555	0.5348837209302326	0.5555555555555556	0.5154639175257733	0.6900584795321637	0.6976744186046512	0.8333333333333334	0.8148148148148148	0.8888888888888888	0.75	0.5168539325842697	0.5194805194805194	0.5164835164835164	0.5517241379310345	0.6888888888888889	0.5789473684210527	1.0	0.5517241379310345	0.5428571428571428	0.5230769230769231	0.7692307692307692	0.5384615384615384	0.7450980392156863	0.5833333333333333	0.6928104575163399
simple	0.5357142857142857	0.5011520737327189	0.5033557046979865	0.6666666666666666	0.782608695652174	0.5025575447570332	0.503030303030303	0.5038759689922481	0.5060606060606061	0.5016501650165016	0.5217391304347826	0.7692307692307692	0.5064935064935064	0.5140186915887851	0.5111111111111111	0.5063291139240506	0.5059523809523809	0.7692307692307692	0.6687797147385103	0.7692307692307692	0.5517241379310345	0.5011709601873536	0.5012033694344163	0.5012121212121212	0.5064377682403434	0.5011933174224343	0.5006887052341598	0.5517241379310345	1.0	0.5011574074074074	0.5103448275862069	0.5357142857142857	0.5849056603773585	0.5056179775280899	0.5666666666666667	0.5020408163265306
sr	0.5294117647058824	0.6722867775429968	0.50187265917603	0.5002898550724637	0.5011560693641618	0.5888303413104682	0.5225540716747015	0.5619133901582819	0.540372124255463	0.631218600492797	0.5037121644774415	0.5002898550724637	0.5204331798511612	0.5142537786617954	0.5194722960337463	0.5177018267429523	0.5212017919074763	0.5002898550724637	0.6630307752239969	0.5002898550724637	0.5428571428571428	0.6694969878025832	0.6585655367616015	0.6582697115924798	0.5321908166148396	0.6595913021333814	0.6512438920429913	0.5428571428571428	0.5011574074074074	1.0	0.5183537263626251	0.5294117647058824	0.6325581395348837	0.5352291412641916	0.5555555555555556	0.6074602859987825
sv	0.515625	0.5185805864188575	0.5009174311926605	0.5035460992907801	0.5102040816326531	0.5408372785527654	0.568210535289658	0.5539518232146607	0.5628019323671498	0.5262152172516472	0.5172413793103449	0.5035460992907801	0.5731325480840912	0.5816890292028414	0.5638393249538542	0.5910931174089069	0.5687005908046254	0.5035460992907801	0.5188141391106044	0.5035460992907801	0.5230769230769231	0.5191718627907742	0.5199537304800462	0.5200931857891672	0.5634867401517638	0.5197934595524957	0.5196976870080531	0.5230769230769231	0.5103448275862069	0.5183537263626251	1.0	0.515625	0.5764705882352942	0.556786703601108	0.5303030303030303	0.5299145299145299
te	1.0	0.5555555555555556	0.6666666666666666	0.75	0.5416666666666666	0.5078125	0.75	0.5036231884057971	0.5096153846153846	0.5069444444444444	0.6938775510204082	0.7272727272727273	0.5238095238095238	0.5384615384615384	0.5104166666666666	0.6823529411764706	0.6875	0.782608695652174	0.7692307692307692	0.823529411764706	0.9090909090909091	0.5113636363636364	0.5131578947368421	0.5111111111111111	0.5357142857142857	0.6815642458100559	0.5555555555555556	0.7692307692307692	0.5357142857142857	0.5294117647058824	0.515625	1.0	0.5263157894736842	0.72	0.6000000000000001	0.6842105263157894
tr	0.5263157894736842	0.5777777777777777	-1.0	0.5833333333333333	0.5906313645621182	0.5472972972972973	0.5833333333333333	0.5329815996010184	0.5564516129032258	0.5460122699386503	0.5555555555555556	0.5714285714285714	0.5588235294117647	0.5882352941176471	0.5652173913043479	0.556390977443609	0.5607476635514019	0.5813953488372093	0.5909090909090909	0.5609756097560976	0.5384615384615384	0.5648148148148149	0.5555555555555556	0.5740740740740741	0.5961538461538461	0.5539568345323741	0.6554621848739496	0.5384615384615384	0.5849056603773585	0.6325581395348837	0.5764705882352942	0.5263157894736842	1.0	0.576271186440678	0.55	0.5666666666666667
vi	0.72	0.535282501038661	0.6728538283062645	0.5	0.5074626865671642	0.5697605500903659	0.5849349142787029	0.6078520664713889	0.6235319194287542	0.5463265963958762	0.511864406779661	0.5019011406844106	0.6120086579909115	0.5782643391154374	0.553543077059862	0.565162086018645	0.6114942943810486	0.5019011406844106	0.5352811466372658	0.5019011406844106	0.7450980392156863	0.5355101614024771	0.5372178347361236	0.5369401941055403	0.6582571342047135	0.5295993521886813	0.5384527061978887	0.7450980392156863	0.5056179775280899	0.5352291412641916	0.556786703601108	0.72	0.576271186440678	1.0	0.5555555555555556	0.5557368777222936
war	0.6000000000000001	0.6000000000000001	0.5185185185185185	0.5833333333333333	0.5769230769230769	0.5153846153846153	0.5833333333333333	0.5071942446043165	0.5188679245283019	0.5136986301369862	0.5294117647058824	0.5625	0.5454545454545455	0.5714285714285714	0.5204081632653061	0.5172413793103449	0.5227272727272727	0.6111111111111112	0.6000000000000001	0.6428571428571428	0.6363636363636364	0.5222222222222223	0.5256410256410257	0.5217391304347826	0.5666666666666667	0.5163934426229508	0.6000000000000001	0.5833333333333333	0.5666666666666667	0.5555555555555556	0.5303030303030303	0.6000000000000001	0.55	0.5555555555555556	1.0	0.5192307692307692
zh	0.6842105263157894	0.6079374325479576	0.5013123359580053	0.5005117707267145	0.5020366598778004	0.5769724761586565	0.5345407547161802	0.580172413221121	0.5641247833622184	0.6425732119479798	0.5069860279441117	0.5005117707267145	0.5362466561944853	0.5245657386305612	0.532347504621072	0.5325779036827195	0.5384700844623398	0.5005117707267145	0.606392694063927	0.5005117707267145	0.6928104575163399	0.609510257623807	0.6128933473997199	0.6128886037320577	0.5540622136678641	0.6058538496442171	0.6209310275604144	0.6928104575163399	0.5020408163265306	0.6074602859987825	0.5299145299145299	0.6842105263157894	0.5666666666666667	0.5557368777222936	0.5192307692307692	1.0
