arz	bs	ceb	ckb	da	de	el	en	es	fr	he	hi	hu	id	it	ja	ko	lv	mk	ml	mr	nl	pl	pt	ro	ru	sh	si	simple	sr	sv	te	tr	vi	war	zh
arz	1.0	0.8793284160741911	1.0	1.0	0.8733131869808911	0.8230995135337155	1.0	0.7750690107554822	0.7490341019098552	0.7731738958284715	1.0	1.0	0.4782992828356722	0.9075043566033908	0.8910495170581262	1.0	1.0	0.7676324138416731	1.0	1.0	1.0	0.8888377267196904	0.8680649526389976	0.50131150737988	0.883305864799835	1.0	0.34480499565270833	1.0	0.881913869950441	1.0	0.8622819834959952	1.0	1.0	0.8567066676117742	1.0	0.48649477740142205
bs	0.8793284160741911	1.0	0.7606877365691618	0.838643560271823	0.7608039023378357	0.7367583181761191	0.838643560271823	0.6377969226448423	0.6598788167168839	0.6493983317240014	0.838643560271823	0.8386153644901073	0.4404249668364922	0.7268383735688391	0.8060695198213623	0.838643560271823	0.838643560271823	0.5608811112367657	0.838643560271823	0.838643560271823	0.838643560271823	0.7931585451981684	0.757404992693295	0.33258294342997113	0.7659571314630874	0.838643560271823	0.32305730015721595	0.8669695111049264	0.7972694309012363	0.838643560271823	0.6879144516871881	0.8482636757455277	0.45992623303660496	0.6761614071159172	0.424427452483906	0.23557325687234915
ceb	1.0	0.7606877365691618	1.0	0.7970933644975177	0.7359049815220042	0.7118374708242841	0.7939198773584694	0.6249223348922317	0.6443888305366677	0.6346849547024355	0.7960866057346315	0.7972757464372117	0.43402511842512753	0.7085652162365016	0.7748556728370253	0.7939198773584694	0.7939198773584694	0.5567336855742834	0.7970933644975177	0.7970933644975177	0.7970933644975177	0.7658371049829521	0.7309879508576885	0.33428114527611247	0.7402011023061605	0.7939198773584694	0.3226309310514846	0.8650632597094916	0.7675522323213392	0.7960866057346315	0.6710520688623512	0.8109459433891435	-1.0	0.6587361863159407	0.4391304753856605	0.23593009616759963
ckb	1.0	0.838643560271823	0.7970933644975177	1.0	0.8016760680047739	0.7629266576323183	1.0	0.6518554383841201	0.676788900575185	0.6615342389966662	1.0	1.0	0.445719728279041	0.7603618823063888	0.8758140834286622	1.0	1.0	0.5677432648183623	1.0	1.0	1.0	0.8540281484852663	0.7976715451212198	0.333356848401515	0.807280195048646	1.0	0.32381431755228474	1.0	0.8598000839173914	1.0	0.708168291844185	1.0	1.0	0.6947842511868045	0.4295089385604572	0.23588802512151444
da	0.8733131869808911	0.7608039023378357	0.7359049815220042	0.8016760680047739	1.0	0.7137861945758085	0.8019699331600283	0.6269640855445814	0.6476829020043817	0.6382376962093013	0.8019699331600283	0.8015732851623085	0.44042043032534023	0.7158077233956596	0.7774911912577553	0.8019699331600283	0.8019699331600285	0.5577056049476867	0.8016760680047739	0.8016760680047739	0.8016760680047739	0.7645355777317236	0.7352902796526132	0.33060824910326064	0.7399868005894016	0.8019699331600283	0.3225220614561364	0.8443096505296775	0.7688037863732339	0.8019699331600283	0.6712211752853802	0.818618664257563	0.4372935891737103	0.6647743262520496	0.42280171876615896	0.2379158688461162
de	0.8230995135337155	0.7367583181761191	0.7118374708242841	0.7629266576323183	0.7137861945758085	1.0	0.7541146691480275	0.6108978934265619	0.6274973324909745	0.6155033795314963	0.7622633603197654	0.7647028969073736	0.4231220985699736	0.6820611633616841	0.7461170681740612	0.757436662220487	0.7539069443929208	0.5461349389864802	0.7629266576323183	0.7629266576323183	0.7629266576323185	0.7382392241736084	0.7116175672560193	0.33026724725540674	0.7191933070773784	0.7559948664090639	0.32312061958144395	0.8153048668719162	0.7379202919994812	0.7622633603197654	0.6509747032839899	0.7817373017198713	0.2681117571605315	0.6499364819115473	0.4233298409985699	0.2372216492092816
el	1.0	0.838643560271823	0.7939198773584694	1.0	0.8019699331600283	0.7541146691480275	1.0	0.643315899554672	0.6687956823150744	0.6543891082273051	1.0	1.0	0.4336029732235553	0.7521815023254971	0.87392515738809	1.0	1.0	0.5677432648183623	1.0	1.0	1.0	0.8529599821870685	0.7956444054057935	0.3337129298880681	0.8052661055300642	1.0	0.32381431755228474	1.0	0.8591051026787074	1.0	0.6966957873888637	1.0	0.7510341748895937	0.6912880443481613	0.4295089385604572	0.23760561174802047
en	0.7750690107554822	0.6377969226448423	0.6249223348922317	0.6518554383841201	0.6269640855445814	0.6108978934265619	0.643315899554672	1.0	0.5717236564101266	0.5459256014350513	0.6509878352287611	0.6547135838653391	0.41038396909300057	0.6030231167594436	0.6441133262797494	0.6450416567989994	0.6317755090118263	0.5216030577191254	0.6518554383841201	0.6518554383841201	0.6518554383841201	0.6361316115452289	0.6199176969514291	0.3256991415995559	0.6293176877595529	0.6448343892916483	0.3176031207458703	0.7301494639921283	0.6407730441868673	0.6509878352287611	0.5778840915154858	0.6754437260160312	0.2688070309128023	0.5875678309942304	0.413161543600226	0.23208021366780446
es	0.7490341019098552	0.6598788167168839	0.6443888305366677	0.676788900575185	0.6476829020043817	0.6274973324909745	0.6687956823150744	0.5717236564101266	1.0	0.5784978953382334	0.6751941248084329	0.6786813305106303	0.42078417549344976	0.6215184275118653	0.6630805693078115	0.6706184699270201	0.6675622660605602	0.5284031800927995	0.676788900575185	0.676788900575185	0.676788900575185	0.6635549647274845	0.6415640740065385	0.3278659446440585	0.6497249072874555	0.6697739678388636	0.3199787498833072	0.7391751202654792	0.6651977368219035	0.6751941248084329	0.6004537322379214	0.693750748485747	0.3660429258618875	0.6005671332073401	0.4149393053534988	0.23605105531708642
fr	0.7731738958284715	0.6493983317240014	0.6346849547024355	0.6615342389966662	0.6382376962093013	0.6155033795314963	0.6543891082273051	0.5459256014350513	0.5784978953382334	1.0	0.6600213919608631	0.6626109564716773	0.4097816255129497	0.6116427339489726	0.6498564568193435	0.6561345449402922	0.6462321514504012	0.5207717742842477	0.6615342389966662	0.6615342389966662	0.6615342389966662	0.6454063216013141	0.6318593404298188	0.3267726009662382	0.6377615325801886	0.6554244774580874	0.31690004728084314	0.7423603992827442	0.6539383365429468	0.6600213919608631	0.5847282941049182	0.6731658769940458	0.35730519429317803	0.5961178332009088	0.4179995401399275	0.2340214862967881
he	1.0	0.838643560271823	0.7960866057346315	1.0	0.8019699331600283	0.7622633603197654	1.0	0.6509878352287611	0.6751941248084329	0.6600213919608631	1.0	1.0	0.4441645670210051	0.7587255175262849	0.8739251573880897	1.0	1.0	0.5677432648183623	1.0	1.0	1.0	0.8540281484852663	0.7962331786578065	0.33351645038816397	0.8057126313342472	1.0	0.32381431755228474	1.0	0.8592972163956418	1.0	0.70566254207892	1.0	0.74551343442257	0.6936462961673263	0.4295089385604572	0.23740416252825208
hi	1.0	0.8386153644901073	0.7972757464372117	1.0	0.8015732851623085	0.7647028969073736	1.0	0.6547135838653391	0.6786813305106303	0.6626109564716773	1.0	1.0	0.45237416796858204	0.7620569411924211	0.8784477346663492	1.0	1.0	0.5726757937923257	1.0	1.0	1.0	0.8549606147436268	0.7996260723603859	0.3357297926838579	0.8087953648303897	1.0	0.3254537173110818	1.0	0.8628594809174459	1.0	0.7095033104585338	1.0	0.74551343442257	0.6973876636174425	0.43002532232289403	0.2397704906142205
hu	0.4782992828356722	0.4404249668364922	0.43402511842512753	0.445719728279041	0.44042043032534023	0.4231220985699736	0.4336029732235553	0.41038396909300057	0.42078417549344976	0.4097816255129497	0.4441645670210051	0.45237416796858204	1.0	0.4304919260389866	0.442853679753138	0.4398755896723777	0.43152357940985736	0.40404133105892653	0.445719728279041	0.445719728279041	0.445719728279041	0.4417611862893534	0.4353690442615973	0.3011752382632988	0.436920895311972	0.4396566341437825	0.2876049429262253	0.5642169222353013	0.4409931218607946	0.4441645670210051	0.41929948965763086	0.4686860593600176	0.7510341748895938	0.4259864439111091	0.352739925218132	0.22400749437376105
id	0.9075043566033908	0.7268383735688391	0.7085652162365016	0.7603618823063888	0.7158077233956596	0.6820611633616841	0.7521815023254971	0.6030231167594436	0.6215184275118653	0.6116427339489726	0.7587255175262849	0.7620569411924211	0.4304919260389866	1.0	0.7418010417190675	0.7543543374872124	0.7493206431423055	0.5489211505782772	0.7603618823063888	0.7603618823063888	0.7603618823063888	0.7335707403257231	0.7058263665734776	0.33061388342253234	0.7135838311843157	0.7531214763545563	0.3210017092654923	0.826183751777963	0.7349319379860532	0.7587255175262849	0.6449081865460603	0.7795854661169971	0.35504913459515375	0.6411148834880012	0.42590090940501624	0.23553242751408268
it	0.8910495170581262	0.8060695198213623	0.7748556728370253	0.8758140834286622	0.7774911912577553	0.7461170681740612	0.87392515738809	0.6441133262797494	0.6630805693078115	0.6498564568193435	0.8739251573880897	0.8784477346663492	0.442853679753138	0.7418010417190675	1.0	0.8734145476255193	0.8734145476255193	0.5633240641885494	0.8758140834286622	0.8758140834286624	0.8758140834286624	0.8184686404672511	0.7715310487258928	0.33263679095399534	0.781145062126449	0.8739251573880897	0.3228930485076142	0.914754520221245	0.819262226646526	0.8739251573880897	0.6894392666921384	0.8856190034174725	0.38294546308061883	0.6809298676675	0.42789327601883564	0.23529692518109527
ja	1.0	0.838643560271823	0.7939198773584694	1.0	0.8019699331600283	0.757436662220487	1.0	0.6450416567989994	0.6706184699270201	0.6561345449402922	1.0	1.0	0.4398755896723777	0.7543543374872124	0.8734145476255193	1.0	1.0	0.5677432648183623	1.0	1.0	1.0	0.8529599821870685	0.7956444054057936	0.3337129298880681	0.8055286270311575	1.0	0.32381431755228474	1.0	0.8591051026787074	1.0	0.7016169539572411	1.0	0.5747405090619545	0.6912880443481613	0.4295089385604572	0.236490439949728
ko	1.0	0.838643560271823	0.7939198773584694	1.0	0.8019699331600285	0.7539069443929208	1.0	0.6317755090118263	0.6675622660605602	0.6462321514504012	1.0	1.0	0.43152357940985736	0.7493206431423055	0.8734145476255193	1.0	1.0	0.5677432648183623	1.0	1.0	1.0	0.8529599821870685	0.7956444054057936	0.3335164976808983	0.8052661055300642	1.0	0.32381431755228474	1.0	0.8591051026787074	1.0	0.691142460308662	1.0	0.5643747533284127	0.6912880443481613	0.4295089385604572	0.23654702364909458
lv	0.7676324138416731	0.5608811112367657	0.5567336855742834	0.5677432648183623	0.5577056049476867	0.5461349389864802	0.5677432648183623	0.5216030577191254	0.5284031800927995	0.5207717742842477	0.5677432648183623	0.5726757937923257	0.40404133105892653	0.5489211505782772	0.5633240641885494	0.5677432648183623	0.5677432648183623	1.0	0.5677432648183623	0.5677432648183623	0.5677432648183623	0.5614444082645872	0.5553835611291199	0.3145510013692992	0.5551271251865161	0.5677432648183623	0.30937040529963233	0.6487342802195734	0.5611921971693427	0.5677432648183623	0.5366828888400045	0.5943185625652451	0.5261277481849908	0.5320600128993984	0.39504523843979206	0.22919912283523441
mk	1.0	0.838643560271823	0.7970933644975177	1.0	0.8016760680047739	0.7629266576323183	1.0	0.6518554383841201	0.676788900575185	0.6615342389966662	1.0	1.0	0.445719728279041	0.7603618823063888	0.8758140834286622	1.0	1.0	0.5677432648183623	1.0	1.0	1.0	0.8540281484852663	0.7976715451212198	0.333356848401515	0.807280195048646	1.0	0.32381431755228474	1.0	0.8598000839173914	1.0	0.708168291844185	1.0	0.7510341748895938	0.6947842511868045	0.4295089385604572	0.23588802512151444
ml	1.0	0.838643560271823	0.7970933644975177	1.0	0.8016760680047739	0.7629266576323183	1.0	0.6518554383841201	0.676788900575185	0.6615342389966662	1.0	1.0	0.445719728279041	0.7603618823063888	0.8758140834286624	1.0	1.0	0.5677432648183623	1.0	1.0	1.0	0.8540281484852664	0.7976715451212198	0.333356848401515	0.807280195048646	1.0	0.32381431755228474	1.0	0.8598000839173913	1.0	0.708168291844185	1.0	0.6841174893561722	0.6947842511868045	0.4295089385604572	0.23588802512151444
mr	1.0	0.838643560271823	0.7970933644975177	1.0	0.8016760680047739	0.7629266576323185	1.0	0.6518554383841201	0.676788900575185	0.6615342389966662	1.0	1.0	0.445719728279041	0.7603618823063888	0.8758140834286624	1.0	1.0	0.5677432648183623	1.0	1.0	1.0	0.8540281484852664	0.7976715451212198	0.333356848401515	0.807280195048646	1.0	0.32381431755228474	1.0	0.8598000839173913	1.0	0.708168291844185	1.0	1.0	0.6947842511868045	0.4295089385604572	0.23588802512151444
nl	0.8888377267196904	0.7931585451981684	0.7658371049829521	0.8540281484852663	0.7645355777317236	0.7382392241736084	0.8529599821870685	0.6361316115452289	0.6635549647274845	0.6454063216013141	0.8540281484852663	0.8549606147436268	0.4417611862893534	0.7335707403257231	0.8184686404672511	0.8529599821870685	0.8529599821870685	0.5614444082645872	0.8540281484852663	0.8540281484852664	0.8540281484852664	1.0	0.7657358052518156	0.3326269484799224	0.7749764614141138	0.8529599821870685	0.32220807737040286	0.8852533019321422	0.8084766086680985	0.8540281484852663	0.6917469433310415	0.8713952369166565	0.41116356326861214	0.6803760971683556	0.4280020669676198	0.23399311901484973
pl	0.8680649526389976	0.757404992693295	0.7309879508576885	0.7976715451212198	0.7352902796526132	0.7116175672560193	0.7956444054057935	0.6199176969514291	0.6415640740065385	0.6318593404298188	0.7962331786578065	0.7996260723603859	0.4353690442615973	0.7058263665734776	0.7715310487258928	0.7956444054057936	0.7956444054057936	0.5553835611291199	0.7976715451212198	0.7976715451212198	0.7976715451212198	0.7657358052518156	1.0	0.33237805969306944	0.739846445215383	0.7956444054057936	0.3214083400314834	0.8497751750317911	0.766655676786631	0.7962331786578065	0.6712697327721782	0.8077552313575815	0.44116084330943517	0.6627666924122445	0.42796243739789697	0.2378168001167173
pt	0.50131150737988	0.33258294342997113	0.33428114527611247	0.333356848401515	0.33060824910326064	0.33026724725540674	0.3337129298880681	0.3256991415995559	0.3278659446440585	0.3267726009662382	0.33351645038816397	0.3357297926838579	0.3011752382632988	0.33061388342253234	0.33263679095399534	0.3337129298880681	0.3335164976808983	0.3145510013692992	0.333356848401515	0.333356848401515	0.333356848401515	0.3326269484799224	0.33237805969306944	1.0	0.3322206732256461	0.3337129298880681	0.2626347151588255	0.35395564060224527	0.3330535206268949	0.3335164503881639	0.3274148092767625	0.3515949106604175	0.41887481976416474	0.3299432020355725	0.2945484445552405	0.2108198228772537
ro	0.883305864799835	0.7659571314630874	0.7402011023061605	0.807280195048646	0.7399868005894016	0.7191933070773784	0.8052661055300642	0.6293176877595529	0.6497249072874555	0.6377615325801886	0.8057126313342472	0.8087953648303897	0.436920895311972	0.7135838311843157	0.781145062126449	0.8055286270311575	0.8052661055300642	0.5551271251865161	0.807280195048646	0.807280195048646	0.807280195048646	0.7749764614141138	0.739846445215383	0.3322206732256461	1.0	0.8052661055300642	0.3219034892555706	0.8587455505509076	0.7723683349579046	0.8057126313342472	0.6759936458187749	0.8215541042460056	0.7370765140076343	0.6665267727833291	0.42663999141425624	0.2352277341424705
ru	1.0	0.838643560271823	0.7939198773584694	1.0	0.8019699331600283	0.7559948664090639	1.0	0.6448343892916483	0.6697739678388636	0.6554244774580874	1.0	1.0	0.4396566341437825	0.7531214763545563	0.8739251573880897	1.0	1.0	0.5677432648183623	1.0	1.0	1.0	0.8529599821870685	0.7956444054057936	0.3337129298880681	0.8052661055300642	1.0	0.32381431755228474	1.0	0.8591051026787074	1.0	0.7019835806378185	1.0	0.4844304309731097	0.6912880443481613	0.4295089385604572	0.23760561174802047
sh	0.34480499565270833	0.32305730015721595	0.3226309310514846	0.32381431755228474	0.3225220614561364	0.32312061958144395	0.32381431755228474	0.3176031207458703	0.3199787498833072	0.31690004728084314	0.32381431755228474	0.3254537173110818	0.2876049429262253	0.3210017092654923	0.3228930485076142	0.32381431755228474	0.32381431755228474	0.30937040529963233	0.32381431755228474	0.32381431755228474	0.32381431755228474	0.32220807737040286	0.3214083400314834	0.2626347151588255	0.3219034892555706	0.32381431755228474	1.0	0.256875460791981	0.32408616059815615	0.32381431755228474	0.3188776311833181	0.3428806442347234	0.3077425619666944	0.32147444163395117	0.28882639953746253	0.20849848983133606
si	1.0	0.8669695111049264	0.8650632597094916	1.0	0.8443096505296775	0.8153048668719162	1.0	0.7301494639921283	0.7391751202654792	0.7423603992827442	1.0	1.0	0.5642169222353013	0.826183751777963	0.914754520221245	1.0	1.0	0.6487342802195734	1.0	1.0	1.0	0.8852533019321422	0.8497751750317911	0.35395564060224527	0.8587455505509076	1.0	0.256875460791981	1.0	0.8912149991205327	1.0	0.7811026944789772	1.0	1.0	0.7471782302676531	1.0	0.30823159802131433
simple	0.881913869950441	0.7972694309012363	0.7675522323213392	0.8598000839173914	0.7688037863732339	0.7379202919994812	0.8591051026787074	0.6407730441868673	0.6651977368219035	0.6539383365429468	0.8592972163956418	0.8628594809174459	0.4409931218607946	0.7349319379860532	0.819262226646526	0.8591051026787074	0.8591051026787074	0.5611921971693427	0.8598000839173914	0.8598000839173913	0.8598000839173913	0.8084766086680985	0.766655676786631	0.3330535206268949	0.7723683349579046	0.8591051026787074	0.32408616059815615	0.8912149991205327	1.0	0.8592972163956418	0.689080436189763	0.8692430482725579	0.4487445300003854	0.675622266789578	0.427544389711548	0.2368764291610118
sr	1.0	0.838643560271823	0.7960866057346315	1.0	0.8019699331600283	0.7622633603197654	1.0	0.6509878352287611	0.6751941248084329	0.6600213919608631	1.0	1.0	0.4441645670210051	0.7587255175262849	0.8739251573880897	1.0	1.0	0.5677432648183623	1.0	1.0	1.0	0.8540281484852663	0.7962331786578065	0.3335164503881639	0.8057126313342472	1.0	0.32381431755228474	1.0	0.8592972163956418	1.0	0.70566254207892	1.0	0.5558257884196616	0.6936462961673263	0.4295089385604572	0.23740416252825208
sv	0.8622819834959952	0.6879144516871881	0.6710520688623512	0.708168291844185	0.6712211752853802	0.6509747032839899	0.6966957873888637	0.5778840915154858	0.6004537322379214	0.5847282941049182	0.70566254207892	0.7095033104585338	0.41929948965763086	0.6449081865460603	0.6894392666921384	0.7016169539572411	0.691142460308662	0.5366828888400045	0.708168291844185	0.708168291844185	0.708168291844185	0.6917469433310415	0.6712697327721782	0.3274148092767625	0.6759936458187749	0.7019835806378185	0.3188776311833181	0.7811026944789772	0.689080436189763	0.70566254207892	1.0	0.7249854504409081	0.6326837299126786	0.6206422360004383	0.41878245276395315	0.2347934269742161
te	1.0	0.8482636757455277	0.8109459433891435	1.0	0.818618664257563	0.7817373017198713	1.0	0.6754437260160312	0.693750748485747	0.6731658769940458	1.0	1.0	0.4686860593600176	0.7795854661169971	0.8856190034174725	1.0	1.0	0.5943185625652451	1.0	1.0	1.0	0.8713952369166565	0.8077552313575815	0.3515949106604175	0.8215541042460056	1.0	0.3428806442347234	1.0	0.8692430482725579	1.0	0.7249854504409081	1.0	0.6524007805500078	0.7054317257544973	0.49090921670482524	0.2451914914650092
tr	1.0	0.45992623303660496	-1.0	1.0	0.4372935891737103	0.2681117571605315	0.7510341748895937	0.2688070309128023	0.3660429258618875	0.35730519429317803	0.74551343442257	0.74551343442257	0.7510341748895938	0.35504913459515375	0.38294546308061883	0.5747405090619545	0.5643747533284127	0.5261277481849908	0.7510341748895938	0.6841174893561722	1.0	0.41116356326861214	0.44116084330943517	0.41887481976416474	0.7370765140076343	0.4844304309731097	0.3077425619666944	1.0	0.4487445300003854	0.5558257884196616	0.6326837299126786	0.6524007805500078	1.0	0.5548558565818315	1.0	0.5070632660836352
vi	0.8567066676117742	0.6761614071159172	0.6587361863159407	0.6947842511868045	0.6647743262520496	0.6499364819115473	0.6912880443481613	0.5875678309942304	0.6005671332073401	0.5961178332009088	0.6936462961673263	0.6973876636174425	0.4259864439111091	0.6411148834880012	0.6809298676675	0.6912880443481613	0.6912880443481613	0.5320600128993984	0.6947842511868045	0.6947842511868045	0.6947842511868045	0.6803760971683556	0.6627666924122445	0.3299432020355725	0.6665267727833291	0.6912880443481613	0.32147444163395117	0.7471782302676531	0.675622266789578	0.6936462961673263	0.6206422360004383	0.7054317257544973	0.5548558565818315	1.0	0.415062439834363	0.23565244896958457
war	1.0	0.424427452483906	0.4391304753856605	0.4295089385604572	0.42280171876615896	0.4233298409985699	0.4295089385604572	0.413161543600226	0.4149393053534988	0.4179995401399275	0.4295089385604572	0.43002532232289403	0.352739925218132	0.42590090940501624	0.42789327601883564	0.4295089385604572	0.4295089385604572	0.39504523843979206	0.4295089385604572	0.4295089385604572	0.4295089385604572	0.4280020669676198	0.42796243739789697	0.2945484445552405	0.42663999141425624	0.4295089385604572	0.28882639953746253	1.0	0.427544389711548	0.4295089385604572	0.41878245276395315	0.49090921670482524	1.0	0.415062439834363	1.0	0.22159440341911862
zh	0.48649477740142205	0.23557325687234915	0.23593009616759963	0.23588802512151444	0.2379158688461162	0.2372216492092816	0.23760561174802047	0.23208021366780446	0.23605105531708642	0.2340214862967881	0.23740416252825208	0.2397704906142205	0.22400749437376105	0.23553242751408268	0.23529692518109527	0.236490439949728	0.23654702364909458	0.22919912283523441	0.23588802512151444	0.23588802512151444	0.23588802512151444	0.23399311901484973	0.2378168001167173	0.2108198228772537	0.2352277341424705	0.23760561174802047	0.20849848983133606	0.30823159802131433	0.2368764291610118	0.23740416252825208	0.2347934269742161	0.2451914914650092	0.5070632660836352	0.23565244896958457	0.22159440341911862	1.0
