arz	bs	ceb	ckb	da	de	el	en	es	fr	he	hi	hu	id	it	ja	ko	lv	mk	ml	mr	nl	pl	pt	ro	ru	sh	si	simple	sr	sv	te	vi	war	zh
arz	1.0	0.480018630923965	0.0	0.7863954451402115	0.5131164334196623	0.3349406210669208	0.3340323132094314	0.4347804226167994	0.5548829608753478	0.43047774109327824	0.5591332982245197	1.0	0.42378511682328684	0.47036090071246384	0.3208178596240802	0.44434256785860266	0.2751035317956209	0.40877910902229453	0.36864012088152015	0.6331147388000615	0.40205781472094615	0.46170701799789965	0.4224859317293589	0.3554053790056657	0.48166850699503727	0.46047509397922703	0.4470243838006412	1.0	0.5223391414080342	0.44498753397455076	0.4789361546294195	0.0	0.6073856000187277	1.0	0.2967384961541342
bs	0.480018630923965	1.0	0.0	0.7455134344225701	0.7300208629885034	0.3316104434777853	1.0	0.28594286576211514	0.35140534734133727	0.3285580206663442	0.3697842527832146	0.3429724937081	0.3591579159017677	0.6380558066189798	0.3473163954083093	0.3597465980260986	0.29517051200969774	1.0	0.37195231281964464	0.7584325078215763	1.0	0.38412831664039404	0.33345009671965986	0.340663171767758	0.3785503345281937	0.33495463715470364	0.39541468561907667	0.7584325078215763	0.6538836485984505	0.38184311748617267	0.4666829952283644	1.0	0.5128787430470866	1.0	0.27367440397360476
ceb	0.0	0.0	1.0	0.0	1.0	1.0	1.0	1.0	1.0	1.0	1.0	1.0	1.0	1.0	1.0	1.0	1.0	1.0	1.0	0.0	1.0	1.0	1.0	1.0	1.0	1.0	1.0	0.0	1.0	1.0	1.0	0.0	1.0	0.0	1.0
ckb	0.7863954451402115	0.7455134344225701	0.0	1.0	0.624778724007766	0.38774755554559887	0.4637871650192489	0.372437348187034	0.37182998863124805	0.4042009600148963	0.30020656021860953	0.48508190761077724	0.38835994484609204	0.37797261921991465	0.3938905342733042	0.3630736107276597	0.3088670231916956	0.5781771825885357	0.44129447988959136	0.6704675947063354	1.0	0.39386373251792745	0.44057758080989107	0.34930374234989253	0.49021301474872575	0.37554295360591167	1.0	1.0	0.5477634005405094	0.4228761743163872	0.37958890786974914	1.0	0.43123195645737056	1.0	0.38521211220344265
da	0.5131164334196623	0.7300208629885034	1.0	0.624778724007766	1.0	0.25436864558046246	0.407832294113267	0.24943859053222814	0.2589752671582253	0.21182593389147109	0.2230027238735036	0.3859583697393325	0.28348247116353187	0.393178467784642	0.2640576495554886	0.27984009159473555	0.2681371546086457	0.46873315256382986	0.6131109307903289	0.48706033788803765	1.0	0.300997060578841	0.27649962079560325	0.2416940598880103	0.3787180367503756	0.24121963108427819	0.7455134344225701	0.7584325078215763	0.43003276941423385	0.3949578211998755	0.30708632628751664	1.0	0.22883454645451745	1.0	0.24786449288783546
de	0.3349406210669208	0.3316104434777853	1.0	0.38774755554559887	0.25436864558046246	1.0	0.2720721183929816	0.058739371283503275	0.09685783619151545	0.06634243507144152	0.096943511364028	0.2402503035594049	0.14616095378482102	0.2261767401376921	0.08380523496074255	0.09702753820299367	0.09122330761553078	0.42952870630645756	0.5327096161112849	0.4430963111735692	1.0	0.134381011061069	0.1098055147719509	0.09517068918844934	0.24680005386147413	0.08276338096753286	0.4475877392482459	0.7455134344225701	0.502051789710208	0.21892930231376723	0.17452365050361535	1.0	0.1289510387394898	1.0	0.08232899517986698
el	0.3340323132094314	1.0	1.0	0.4637871650192489	0.407832294113267	0.2720721183929816	1.0	0.22125755744364153	0.24914348680306803	0.2540934517260302	0.24119228362926745	0.3480279979084137	0.28165643015463887	0.4593425903187323	0.2336121936093419	0.26003320056252743	0.28417665107924506	0.4652735373896158	0.27031638701325067	1.0	1.0	0.31099777361463316	0.2764280260545767	0.24264704382579977	0.2163354120844074	0.24479642708158394	0.4175726857512215	0.7690990303325336	0.5703606426962798	0.348337676181348	0.37236385286311396	1.0	0.38822995869972377	1.0	0.2269625153246741
en	0.4347804226167994	0.28594286576211514	1.0	0.372437348187034	0.24943859053222814	0.058739371283503275	0.22125755744364153	1.0	0.06759376250376142	0.04627478675421944	0.07925854245170905	0.22530558228228262	0.10868134017123496	0.2307469144407261	0.06885894863165189	0.060573305114046586	0.07802509256584911	0.36882266454505613	0.4294202025858143	0.3885769964669069	1.0	0.10547471641658976	0.09786832179439718	0.07099567873459932	0.2214759354880294	0.053899291815212136	0.3903719326721035	0.7455134344225701	0.4340406668530888	0.18334411458223582	0.0941057925153302	1.0	0.1050944799111725	1.0	0.07325466882944884
es	0.5548829608753478	0.35140534734133727	1.0	0.37182998863124805	0.2589752671582253	0.09685783619151545	0.24914348680306803	0.06759376250376142	1.0	0.07470259316752167	0.09882237977724197	0.27523704737492244	0.1435677861585944	0.244521937746829	0.08047364022184696	0.08956440356515892	0.09743781564029308	0.40219176379830796	0.4531764899117307	0.4358688921894906	1.0	0.12726708491541877	0.11272800565403848	0.08445800074268829	0.24721529889939642	0.08474446591109484	0.4323894370849845	0.6572846022672738	0.4065238025793077	0.2077777527728929	0.16033989268327853	1.0	0.1277123816050122	1.0	0.08691787142308507
fr	0.43047774109327824	0.3285580206663442	1.0	0.4042009600148963	0.21182593389147109	0.06634243507144152	0.2540934517260302	0.04627478675421944	0.07470259316752167	1.0	0.07554727894785393	0.2540482519878621	0.11812237678324237	0.22649399484114982	0.07080156642031905	0.0720011027050922	0.08278036703859258	0.38227142816705145	0.45108885839703466	0.4430963111735692	1.0	0.09807516232427847	0.09349984952733227	0.07695316223641122	0.23563731057235143	0.061965404384584415	0.39385796101601755	0.7455134344225701	0.44996876661816615	0.19248787329980513	0.1202356548035007	1.0	0.11837963067678339	1.0	0.0714926592553812
he	0.5591332982245197	0.3697842527832146	1.0	0.30020656021860953	0.2230027238735036	0.096943511364028	0.24119228362926745	0.07925854245170905	0.09882237977724197	0.07554727894785393	1.0	0.21652238729298917	0.12196762088532882	0.19602633147046178	0.08111009708598962	0.09658436438394076	0.09208358411530632	0.24843181115680615	0.34189969947767873	0.4605725457827352	1.0	0.12756987507944456	0.10568999697794833	0.09951728999417193	0.21724267911006362	0.09480332171879437	0.43049028068589706	0.7455134344225701	0.37043486986507657	0.13168485236254499	0.1450539312724869	1.0	0.15689979688035308	1.0	0.08804973534528049
hi	1.0	0.3429724937081	1.0	0.48508190761077724	0.3859583697393325	0.2402503035594049	0.3480279979084137	0.22530558228228262	0.27523704737492244	0.2540482519878621	0.21652238729298917	1.0	0.2830229701636733	0.30785468494941653	0.2483228166898827	0.26697571810416176	0.21365638437681136	0.4590978907072398	0.4627964296691318	0.6355852937871261	1.0	0.3058619608243048	0.25053591751050147	0.24889251163707057	0.38527143961859306	0.24351347278508115	0.6305387517203329	0.6590675637199678	0.43489524083220504	0.3314499843653997	0.29839840222693237	1.0	0.3683484048594528	1.0	0.22819869393241998
hu	0.42378511682328684	0.3591579159017677	1.0	0.38835994484609204	0.28348247116353187	0.14616095378482102	0.28165643015463887	0.10868134017123496	0.1435677861585944	0.11812237678324237	0.12196762088532882	0.2830229701636733	1.0	0.28256260300055386	0.12299251693452562	0.1298464517822523	0.14040068647452342	0.43094141124798147	0.5050814932472285	0.4392524308880808	1.0	0.1779242055937696	0.17793386913325512	0.14097133162659944	0.21159559970022396	0.11696660990721965	0.4477078994139841	0.7510341748895938	0.471676223491022	0.20879882776768488	0.18412881377075	1.0	0.14160503009430317	1.0	0.12289596843220804
id	0.47036090071246384	0.6380558066189798	1.0	0.37797261921991465	0.393178467784642	0.2261767401376921	0.4593425903187323	0.2307469144407261	0.244521937746829	0.22649399484114982	0.19602633147046178	0.30785468494941653	0.28256260300055386	1.0	0.2274601164819714	0.2601562606934038	0.22937498388531755	0.5392506180647784	0.5051321524261713	0.5765812944383589	1.0	0.25608477934499685	0.2662042375943361	0.22183783618826566	0.43938084366688923	0.22108861357783471	0.7039171970586486	0.7510341748895938	0.466833016148083	0.3012908140386769	0.35330046836312146	1.0	0.22889136466578844	1.0	0.22565353258715462
it	0.3208178596240802	0.3473163954083093	1.0	0.3938905342733042	0.2640576495554886	0.08380523496074255	0.2336121936093419	0.06885894863165189	0.08047364022184696	0.07080156642031905	0.08111009708598962	0.2483228166898827	0.12299251693452562	0.2274601164819714	1.0	0.08471097833086375	0.08586155749107899	0.36091924619111415	0.516700665044982	0.4447347012644195	1.0	0.11623743462151384	0.08882779217789877	0.07862367341661039	0.20594965301020468	0.07699724691681732	0.4040226376811725	0.6590675637199678	0.3179748938546376	0.1795074854783361	0.12374194758441782	1.0	0.14397229285989832	1.0	0.0763213465709895
ja	0.44434256785860266	0.3597465980260986	1.0	0.3630736107276597	0.27984009159473555	0.09702753820299367	0.26003320056252743	0.060573305114046586	0.08956440356515892	0.0720011027050922	0.09658436438394076	0.26697571810416176	0.1298464517822523	0.2601562606934038	0.08471097833086375	1.0	0.08942690977949223	0.3713023760993755	0.49351731556470274	0.4397200713622452	1.0	0.14242731005377726	0.11873119516036496	0.09331209113878067	0.24696694616578463	0.08902904977058507	0.48647707975994386	0.7455134344225701	0.45274751361180654	0.210662804308779	0.13775222740842652	1.0	0.13417919422797792	1.0	0.08829709925185908
ko	0.2751035317956209	0.29517051200969774	1.0	0.3088670231916956	0.2681371546086457	0.09122330761553078	0.28417665107924506	0.07802509256584911	0.09743781564029308	0.08278036703859258	0.09208358411530632	0.21365638437681136	0.14040068647452342	0.22937498388531755	0.08586155749107899	0.08942690977949223	1.0	0.31187255090967536	0.34833480763359015	0.3369688706837886	1.0	0.11806089374691833	0.11408080000600422	0.1012505002128078	0.19867439916175456	0.08840056443236802	0.3651339172209714	0.41102862093085446	0.2972085479059052	0.20899564790563585	0.14351387336617663	1.0	0.14610546039700179	1.0	0.08794460136889344
lv	0.40877910902229453	1.0	1.0	0.5781771825885357	0.46873315256382986	0.42952870630645756	0.4652735373896158	0.36882266454505613	0.40219176379830796	0.38227142816705145	0.24843181115680615	0.4590978907072398	0.43094141124798147	0.5392506180647784	0.36091924619111415	0.3713023760993755	0.31187255090967536	1.0	0.6994017365373274	0.5694369009287461	1.0	0.5940353521915649	0.36724304916023615	0.3818023772026503	0.441242112300107	0.3751561643974663	0.7455134344225701	0.7510341748895938	1.0	0.5638898503734585	0.41286934721167223	1.0	0.4349447789762408	1.0	0.37206820061072954
mk	0.36864012088152015	0.37195231281964464	1.0	0.44129447988959136	0.6131109307903289	0.5327096161112849	0.27031638701325067	0.4294202025858143	0.4531764899117307	0.45108885839703466	0.34189969947767873	0.4627964296691318	0.5050814932472285	0.5051321524261713	0.516700665044982	0.49351731556470274	0.34833480763359015	0.6994017365373274	1.0	0.7863954451402115	1.0	0.4829002985538239	0.4465548078363715	0.4396802951803371	0.5260126044339918	0.44051397474307713	0.7228165663120957	0.7690990303325336	0.7455134344225701	0.5061705212135588	0.4561214748268168	1.0	0.4671296119648559	1.0	0.4033836485346716
ml	0.6331147388000615	0.7584325078215763	0.0	0.6704675947063354	0.48706033788803765	0.4430963111735692	1.0	0.3885769964669069	0.4358688921894906	0.4430963111735692	0.4605725457827352	0.6355852937871261	0.4392524308880808	0.5765812944383589	0.4447347012644195	0.4397200713622452	0.3369688706837886	0.5694369009287461	0.7863954451402115	1.0	1.0	0.46146610935977317	0.4352713732558368	0.455215687875506	0.5194290577008227	0.4286086806137418	0.7584325078215763	0.6328017431358095	0.49966474842101366	0.5657216605320549	0.47600402539852915	1.0	0.4216663874461056	1.0	0.4430963111735692
mr	0.40205781472094615	1.0	1.0	1.0	1.0	1.0	1.0	1.0	1.0	1.0	1.0	1.0	1.0	1.0	1.0	1.0	1.0	1.0	1.0	1.0	1.0	1.0	1.0	1.0	1.0	1.0	1.0	1.0	1.0	1.0	1.0	1.0	1.0	1.0	1.0
nl	0.46170701799789965	0.38412831664039404	1.0	0.39386373251792745	0.300997060578841	0.134381011061069	0.31099777361463316	0.10547471641658976	0.12726708491541877	0.09807516232427847	0.12756987507944456	0.3058619608243048	0.1779242055937696	0.25608477934499685	0.11623743462151384	0.14242731005377726	0.11806089374691833	0.5940353521915649	0.4829002985538239	0.46146610935977317	1.0	1.0	0.17025542118586162	0.13464034328036967	0.2863522650903826	0.11311726959600721	0.5179157316924468	0.6590675637199679	0.4627129551558745	0.25548113704492387	0.20441790322505785	1.0	0.14619209934489008	1.0	0.11448019233048225
pl	0.4224859317293589	0.33345009671965986	1.0	0.44057758080989107	0.27649962079560325	0.1098055147719509	0.2764280260545767	0.09786832179439718	0.11272800565403848	0.09349984952733227	0.10568999697794833	0.25053591751050147	0.17793386913325512	0.2662042375943361	0.08882779217789877	0.11873119516036496	0.11408080000600422	0.36724304916023615	0.4465548078363715	0.4352713732558368	1.0	0.17025542118586162	1.0	0.11706658280602217	0.2506496953805583	0.11134866775646965	0.43639982483328715	0.6572846022672738	0.5081135740981603	0.2283805621341347	0.1948066638772776	1.0	0.14861622320200363	1.0	0.09975848949086664
pt	0.3554053790056657	0.340663171767758	1.0	0.34930374234989253	0.2416940598880103	0.09517068918844934	0.24264704382579977	0.07099567873459932	0.08445800074268829	0.07695316223641122	0.09951728999417193	0.24889251163707057	0.14097133162659944	0.22183783618826566	0.07862367341661039	0.09331209113878067	0.1012505002128078	0.3818023772026503	0.4396802951803371	0.455215687875506	1.0	0.13464034328036967	0.11706658280602217	1.0	0.18639949306147965	0.08901450233833927	0.44251469070924415	0.6591451429018322	0.3861762379007033	0.20081770780641808	0.13713214544752753	1.0	0.14646873218544013	1.0	0.08069217370757632
ro	0.48166850699503727	0.3785503345281937	1.0	0.49021301474872575	0.3787180367503756	0.24680005386147413	0.2163354120844074	0.2214759354880294	0.24721529889939642	0.23563731057235143	0.21724267911006362	0.38527143961859306	0.21159559970022396	0.43938084366688923	0.20594965301020468	0.24696694616578463	0.19867439916175456	0.441242112300107	0.5260126044339918	0.5194290577008227	1.0	0.2863522650903826	0.2506496953805583	0.18639949306147965	1.0	0.22253818321396102	0.5077969933705498	0.7510341748895938	0.5751238670581347	0.3938906574777984	0.2552152595649928	1.0	0.2039993195301793	1.0	0.20501970092142463
ru	0.46047509397922703	0.33495463715470364	1.0	0.37554295360591167	0.24121963108427819	0.08276338096753286	0.24479642708158394	0.053899291815212136	0.08474446591109484	0.061965404384584415	0.09480332171879437	0.24351347278508115	0.11696660990721965	0.22108861357783471	0.07699724691681732	0.08902904977058507	0.08840056443236802	0.3751561643974663	0.44051397474307713	0.4286086806137418	1.0	0.11311726959600721	0.11134866775646965	0.08901450233833927	0.22253818321396102	1.0	0.43104316594999215	0.7455134344225701	0.4032475700333871	0.21462551347378142	0.15578975723994187	1.0	0.10591253069063211	1.0	0.07916816864107916
sh	0.4470243838006412	0.39541468561907667	1.0	1.0	0.7455134344225701	0.4475877392482459	0.4175726857512215	0.3903719326721035	0.4323894370849845	0.39385796101601755	0.43049028068589706	0.6305387517203329	0.4477078994139841	0.7039171970586486	0.4040226376811725	0.48647707975994386	0.3651339172209714	0.7455134344225701	0.7228165663120957	0.7584325078215763	1.0	0.5179157316924468	0.43639982483328715	0.44251469070924415	0.5077969933705498	0.43104316594999215	1.0	0.7690990303325336	0.7376607345031153	0.4054341330952238	0.5110125055090495	1.0	0.5987020611167612	1.0	0.3928446837517231
si	1.0	0.7584325078215763	0.0	1.0	0.7584325078215763	0.7455134344225701	0.7690990303325336	0.7455134344225701	0.6572846022672738	0.7455134344225701	0.7455134344225701	0.6590675637199678	0.7510341748895938	0.7510341748895938	0.6590675637199678	0.7455134344225701	0.41102862093085446	0.7510341748895938	0.7690990303325336	0.6328017431358095	1.0	0.6590675637199679	0.6572846022672738	0.6591451429018322	0.7510341748895938	0.7455134344225701	0.7690990303325336	1.0	0.7690990303325336	0.7510341748895938	0.7510341748895938	1.0	0.7510341748895938	1.0	0.7455134344225701
simple	0.5223391414080342	0.6538836485984505	1.0	0.5477634005405094	0.43003276941423385	0.502051789710208	0.5703606426962798	0.4340406668530888	0.4065238025793077	0.44996876661816615	0.37043486986507657	0.43489524083220504	0.471676223491022	0.466833016148083	0.3179748938546376	0.45274751361180654	0.2972085479059052	1.0	0.7455134344225701	0.49966474842101366	1.0	0.4627129551558745	0.5081135740981603	0.3861762379007033	0.5751238670581347	0.4032475700333871	0.7376607345031153	0.7690990303325336	1.0	0.45813365899607844	0.48131997900760654	1.0	0.409602309936924	1.0	0.37329186221360094
sr	0.44498753397455076	0.38184311748617267	1.0	0.4228761743163872	0.3949578211998755	0.21892930231376723	0.348337676181348	0.18334411458223582	0.2077777527728929	0.19248787329980513	0.13168485236254499	0.3314499843653997	0.20879882776768488	0.3012908140386769	0.1795074854783361	0.210662804308779	0.20899564790563585	0.5638898503734585	0.5061705212135588	0.5657216605320549	1.0	0.25548113704492387	0.2283805621341347	0.20081770780641808	0.3938906574777984	0.21462551347378142	0.4054341330952238	0.7510341748895938	0.45813365899607844	1.0	0.2869765893845035	1.0	0.2263635254218469	1.0	0.20005229110604808
sv	0.4789361546294195	0.4666829952283644	1.0	0.37958890786974914	0.30708632628751664	0.17452365050361535	0.37236385286311396	0.0941057925153302	0.16033989268327853	0.1202356548035007	0.1450539312724869	0.29839840222693237	0.18412881377075	0.35330046836312146	0.12374194758441782	0.13775222740842652	0.14351387336617663	0.41286934721167223	0.4561214748268168	0.47600402539852915	1.0	0.20441790322505785	0.1948066638772776	0.13713214544752753	0.2552152595649928	0.15578975723994187	0.5110125055090495	0.7510341748895938	0.48131997900760654	0.2869765893845035	1.0	1.0	0.21423533996168703	1.0	0.11991094442210008
te	0.0	1.0	0.0	1.0	1.0	1.0	1.0	1.0	1.0	1.0	1.0	1.0	1.0	1.0	1.0	1.0	1.0	1.0	1.0	1.0	1.0	1.0	1.0	1.0	1.0	1.0	1.0	1.0	1.0	1.0	1.0	1.0	1.0	1.0	1.0
vi	0.6073856000187277	0.5128787430470866	1.0	0.43123195645737056	0.22883454645451745	0.1289510387394898	0.38822995869972377	0.1050944799111725	0.1277123816050122	0.11837963067678339	0.15689979688035308	0.3683484048594528	0.14160503009430317	0.22889136466578844	0.14397229285989832	0.13417919422797792	0.14610546039700179	0.4349447789762408	0.4671296119648559	0.4216663874461056	1.0	0.14619209934489008	0.14861622320200363	0.14646873218544013	0.2039993195301793	0.10591253069063211	0.5987020611167612	0.7510341748895938	0.409602309936924	0.2263635254218469	0.21423533996168703	1.0	1.0	1.0	0.1184121458429031
war	1.0	1.0	0.0	1.0	1.0	1.0	1.0	1.0	1.0	1.0	1.0	1.0	1.0	1.0	1.0	1.0	1.0	1.0	1.0	1.0	1.0	1.0	1.0	1.0	1.0	1.0	1.0	1.0	1.0	1.0	1.0	1.0	1.0	1.0	1.0
zh	0.2967384961541342	0.27367440397360476	1.0	0.38521211220344265	0.24786449288783546	0.08232899517986698	0.2269625153246741	0.07325466882944884	0.08691787142308507	0.0714926592553812	0.08804973534528049	0.22819869393241998	0.12289596843220804	0.22565353258715462	0.0763213465709895	0.08829709925185908	0.08794460136889344	0.37206820061072954	0.4033836485346716	0.4430963111735692	1.0	0.11448019233048225	0.09975848949086664	0.08069217370757632	0.20501970092142463	0.07916816864107916	0.3928446837517231	0.7455134344225701	0.37329186221360094	0.20005229110604808	0.11991094442210008	1.0	0.1184121458429031	1.0	1.0
