arz	bs	ceb	ckb	da	de	el	en	es	fr	he	hi	hu	id	it	ja	ko	lv	mk	ml	mr	nl	pl	pt	ro	ru	sh	si	simple	sr	sv	te	vi	war	zh
arz	1.0	0.3430703308172536	0.0	1.0	0.3534797987848214	0.18459687202614872	0.12968899399480016	0.11741028309135465	0.2240092377397959	0.12127476840335526	0.20478606603632155	1.0	0.2989350844248255	0.1723593211887183	0.2329636034520175	0.26968623182294527	0.14167847805872505	0.22901628833426058	0.3427032721697021	0.39564392373896007	0.27429188517743175	0.21604850763119507	0.20894541729001367	0.12482644014142753	0.12290029286802756	0.1675947018876318	0.585786437626905	1.0	0.23669181907653403	0.36602540378443865	0.2021308218533919	0.0	0.21497835969793688	1.0	0.14450842946419162
bs	0.3430703308172536	1.0	0.0	0.252650308587072	0.09342765426825902	0.058354758064404544	0.08155809839263924	0.040015216633493826	0.021596085662351657	0.09682465415042306	0.1012376099016128	0.3655636559687688	0.08519239569178008	0.09840433097503214	0.054335763792483144	0.08314194061984766	0.08866032556048088	0.12007416750631517	0.12078522207605069	0.40121321938343796	0.5009016432621591	0.08659276598789008	0.08787979031309752	0.04635498517661452	0.08858297099422396	0.08227440362506352	0.14159502537636523	1.0	0.041849246881110753	0.10252812957373406	0.08656145299695843	0.0	0.050624732992184965	0.585786437626905	0.06915645141677372
ceb	0.0	0.0	1.0	0.0	1.0	1.0	1.0	1.0	1.0	1.0	1.0	1.0	1.0	1.0	1.0	1.0	1.0	1.0	1.0	0.0	1.0	1.0	1.0	1.0	1.0	1.0	1.0	0.0	1.0	1.0	1.0	0.0	1.0	0.0	1.0
ckb	1.0	0.252650308587072	0.0	1.0	0.585786437626905	0.5	0.3427032721697021	0.3597752501562547	0.585786437626905	0.2708131845707603	0.44948974278317805	1.0	0.5	0.40453726661826384	0.30383243470068705	0.36537630432787827	0.3126480851423008	0.22634092208131185	0.44948974278317805	0.3405424265831667	0.2534242729847843	0.30383243470068705	0.2739335927491396	0.44948974278317805	0.2204812092115424	0.3726822671238253	1.0	1.0	0.585786437626905	0.22584440001865322	0.40453726661826384	0.0	0.5	1.0	0.5
da	0.3534797987848214	0.09342765426825902	1.0	0.585786437626905	1.0	0.05584840406475895	0.08689357703861021	0.0426960106192813	0.011775836561350908	0.05927248340238907	0.09922684799309944	0.585786437626905	0.0656267592408244	0.10581686543392207	0.053424491849718134	0.07867142521472578	0.08136223522161037	0.12296253202997835	0.11367168171783047	0.3650532939878491	0.14775185933572849	0.05247087032162666	0.06186937398244046	0.06094928530135287	0.06984764128672515	0.06805002315851745	0.32037724101704074	0.3660254037844386	0.02392475249704505	0.1309519468051974	0.06871469473811408	0.0	0.07011844545307964	0.4142135623730951	0.05862155421544711
de	0.18459687202614872	0.058354758064404544	1.0	0.5	0.05584840406475895	1.0	0.04822478138826589	0.01812780827392421	0.004389148225177775	0.019541471254167476	0.07577825369284273	0.44948974278317805	0.04185160187878877	0.06272508358881651	0.01913992616766989	0.031496119457359334	0.04231205520795477	0.06971945645034637	0.0830052359338087	0.3405424265831667	0.13320614609810963	0.021624210710699636	0.027297347398120876	0.02380610889677727	0.028715933532838227	0.025745588469614417	0.15191467200807157	0.585786437626905	0.015741356831021885	0.10611317126473978	0.04719036858192231	0.0	0.06381428077349899	0.585786437626905	0.03282243863967559
el	0.12968899399480016	0.08155809839263924	1.0	0.3427032721697021	0.08689357703861021	0.04822478138826589	1.0	0.041019308026709035	0.008080026142132697	0.05079890911336718	0.08606462897298557	0.585786437626905	0.05604278792103828	0.1027100570734569	0.04599631466739594	0.051928051147634706	0.05212382657537468	0.12059110877829007	0.13212920272110526	0.3087096346736241	0.18645161068206115	0.048059858762507145	0.050640916441169234	0.04496931768148219	0.04547091730286634	0.049972184871323384	0.20799159651347807	1.0	0.020920159500027995	0.1187143604247431	0.0694869531895305	0.0	0.06068159643327855	1.0	0.05086013483849449
en	0.11741028309135465	0.040015216633493826	1.0	0.3597752501562547	0.0426960106192813	0.01812780827392421	0.041019308026709035	1.0	0.004037786626505884	0.015388802175354497	0.05020469365541618	0.585786437626905	0.041407928218335194	0.054028463864431345	0.01685713019245815	0.0299028264528626	0.04062959342249487	0.04332227306457673	0.058488730672582305	0.3203179125034741	0.13205040524058653	0.022167703689321114	0.025365183754625212	0.024181214804006614	0.025971635450039967	0.02509586171304026	0.16474284498497932	0.4142135623730951	0.01474209790397933	0.047056542505199375	0.034735339778588836	0.0	0.041218252980458794	0.585786437626905	0.03038125727580346
es	0.2240092377397959	0.021596085662351657	1.0	0.585786437626905	0.011775836561350908	0.004389148225177775	0.008080026142132697	0.004037786626505884	1.0	0.004711134450534597	0.011226310589703014	0.585786437626905	0.006071340198943255	0.014018522210975649	0.0044632940074620965	0.005767285724813885	0.006746025015307985	0.025373268015026536	0.05723827937601214	0.3266316347104093	0.14503446107483847	0.00394212550956567	0.004993685011334781	0.004352054840735259	0.00621649822116786	0.004849402820538228	0.23371479611805132	0.585786437626905	0.06918603888780046	0.017022170568537685	0.008100962291702875	0.0	0.012661853032735296	1.0	0.004813851267731402
fr	0.12127476840335526	0.09682465415042306	1.0	0.2708131845707603	0.05927248340238907	0.019541471254167476	0.05079890911336718	0.015388802175354497	0.004711134450534597	1.0	0.08202845256152796	0.5	0.029385646183700254	0.10085991557368268	0.018030048394615916	0.02775125672940948	0.04422505009356477	0.1226922298604516	0.2449309686568662	0.29297736576916633	0.20743718168313363	0.02091345245574363	0.02488694908232592	0.022426864489279587	0.026249861045696966	0.024407284904154797	0.16638235171814372	1.0	0.017686338563912444	0.12009736587220517	0.06033636325119422	0.0	0.08765347204053593	0.5	0.025175166268767753
he	0.20478606603632155	0.1012376099016128	1.0	0.44948974278317805	0.09922684799309944	0.07577825369284273	0.08606462897298557	0.05020469365541618	0.011226310589703014	0.08202845256152796	1.0	0.585786437626905	0.0752946540452094	0.11179544865101143	0.06344265371011201	0.07827708846587732	0.08114067232408509	0.11335992649373425	0.12956678023632073	0.4434009859924019	0.17484220800966813	0.07972177360596845	0.07329836622005821	0.06734267342119839	0.06339224332278336	0.0670115776056225	0.27195617308673004	1.0	0.02451061033849313	0.11858354273810448	0.08643566358875006	0.0	0.04408591157701221	1.0	0.06670602590347889
hi	1.0	0.3655636559687688	1.0	1.0	0.585786437626905	0.44948974278317805	0.585786437626905	0.585786437626905	0.585786437626905	0.5	0.585786437626905	1.0	0.5	0.585786437626905	0.585786437626905	0.585786437626905	0.49851311685382416	0.3653763043278784	0.5	1.0	0.5	0.5	0.585786437626905	1.0	0.44948974278317805	0.5	1.0	1.0	0.585786437626905	0.585786437626905	0.585786437626905	0.0	0.5	1.0	0.585786437626905
hu	0.2989350844248255	0.08519239569178008	1.0	0.5	0.0656267592408244	0.04185160187878877	0.05604278792103828	0.041407928218335194	0.006071340198943255	0.029385646183700254	0.0752946540452094	0.5	1.0	0.09976924253990638	0.04044723824361303	0.05074189728113317	0.052597234491711775	0.11908751031410404	0.10055031742268129	0.31451985913875646	0.14080444664170177	0.045192087703417906	0.04730463331107751	0.04681820273027672	0.03775387610687349	0.04788895165215699	0.34833147735478825	1.0	0.021643277391777974	0.12068353441157048	0.0538504453274011	0.0	0.06984975420657383	1.0	0.05005671743120895
id	0.1723593211887183	0.09840433097503214	1.0	0.40453726661826384	0.10581686543392207	0.06272508358881651	0.1027100570734569	0.054028463864431345	0.014018522210975649	0.10085991557368268	0.11179544865101143	0.585786437626905	0.09976924253990638	1.0	0.08159919538785897	0.09275359502334804	0.08787827784954846	0.12266716018724658	0.11366251069722977	0.3475158878581577	0.19197291586153348	0.09366798490716077	0.09721893321768409	0.060927369065366055	0.07485029940091245	0.09052389963389523	0.19987385376205832	0.585786437626905	0.029747622461541574	0.13345636941021824	0.08588503469988282	0.0	0.055302226478764226	0.585786437626905	0.08835750567638158
it	0.2329636034520175	0.054335763792483144	1.0	0.30383243470068705	0.053424491849718134	0.01913992616766989	0.04599631466739594	0.01685713019245815	0.0044632940074620965	0.018030048394615916	0.06344265371011201	0.585786437626905	0.04044723824361303	0.08159919538785897	1.0	0.030662977152299865	0.041663210323960434	0.06651640480252032	0.06495406369163681	0.31451985913875646	0.15237239801191624	0.029570832008885068	0.026031745472260198	0.02745644232255828	0.028197412511562485	0.025281516926130586	0.1503826226242922	0.4364916731037085	0.015130061822262213	0.06100368370246683	0.04581167189640618	0.0	0.07027127798210164	0.4142135623730951	0.032214031793254876
ja	0.26968623182294527	0.08314194061984766	1.0	0.36537630432787827	0.07867142521472578	0.031496119457359334	0.051928051147634706	0.0299028264528626	0.005767285724813885	0.02775125672940948	0.07827708846587732	0.585786437626905	0.05074189728113317	0.09275359502334804	0.030662977152299865	1.0	0.038294203399338665	0.12376600424073818	0.09875739292657053	0.585786437626905	0.1814021819679607	0.03493570391814334	0.03444949528812006	0.03321771187209111	0.035021578981949984	0.03259777000054901	0.24987545631004474	1.0	0.018658710152618902	0.11404440257518883	0.06137425360024309	0.0	0.0729745661135736	1.0	0.03439858534293822
ko	0.14167847805872505	0.08866032556048088	1.0	0.3126480851423008	0.08136223522161037	0.04231205520795477	0.05212382657537468	0.04062959342249487	0.006746025015307985	0.04422505009356477	0.08114067232408509	0.49851311685382416	0.052597234491711775	0.08787827784954846	0.041663210323960434	0.038294203399338665	1.0	0.12138389686726365	0.09834726866388599	0.34018478492827836	0.1366912558601333	0.04608575047119008	0.0476608374760252	0.038545488586456136	0.04381160862378968	0.04511655092116763	0.1613308006670419	1.0	0.017838987778066136	0.12244928849412769	0.054433069960634795	0.0	0.0630794751342783	1.0	0.04431033824720707
lv	0.22901628833426058	0.12007416750631517	1.0	0.22634092208131185	0.12296253202997835	0.06971945645034637	0.12059110877829007	0.04332227306457673	0.025373268015026536	0.1226922298604516	0.11335992649373425	0.3653763043278784	0.11908751031410404	0.12266716018724658	0.06651640480252032	0.12376600424073818	0.12138389686726365	1.0	0.12594175664330864	0.3492397843781151	0.44802369881109705	0.11273837809411705	0.0987840860432247	0.048070675556574495	0.10381535714392531	0.0756858624565869	0.14727324143158538	1.0	0.04527129108766535	0.13387211884764574	0.08121789457841344	0.0	0.05075174518454861	1.0	0.0721136156512071
mk	0.3427032721697021	0.12078522207605069	1.0	0.44948974278317805	0.11367168171783047	0.0830052359338087	0.13212920272110526	0.058488730672582305	0.05723827937601214	0.2449309686568662	0.12956678023632073	0.5	0.10055031742268129	0.11366251069722977	0.06495406369163681	0.09875739292657053	0.09834726866388599	0.12594175664330864	1.0	0.37404536404556293	0.20148044860661762	0.14858196629962162	0.1682355710865028	0.05653512661861048	0.2764953080377887	0.07631017309271668	0.3380788308512194	1.0	0.11129513469638154	0.13534374464930646	0.09105461714200705	0.0	0.15471894497637287	1.0	0.05834857396614463
ml	0.39564392373896007	0.40121321938343796	0.0	0.3405424265831667	0.3650532939878491	0.3405424265831667	0.3087096346736241	0.3203179125034741	0.3266316347104093	0.29297736576916633	0.4434009859924019	1.0	0.31451985913875646	0.3475158878581577	0.31451985913875646	0.585786437626905	0.34018478492827836	0.3492397843781151	0.37404536404556293	1.0	0.2712940723954479	0.2853029657789964	0.33263437454003325	0.31451985913875646	0.30383243470068705	0.33293363924955727	0.585786437626905	1.0	0.3266316347104093	0.3199440176335384	0.3266316347104093	0.0	0.3475158878581577	1.0	0.3266316347104093
mr	0.27429188517743175	0.5009016432621591	1.0	0.2534242729847843	0.14775185933572849	0.13320614609810963	0.18645161068206115	0.13205040524058653	0.14503446107483847	0.20743718168313363	0.17484220800966813	0.5	0.14080444664170177	0.19197291586153348	0.15237239801191624	0.1814021819679607	0.1366912558601333	0.44802369881109705	0.20148044860661762	0.2712940723954479	1.0	0.1460868318771019	0.1390000118739092	0.1326210796572558	0.2291077139941031	0.15356411319160143	0.4142135623730951	1.0	0.13065123133193488	0.44701103902865585	0.16105034772920682	0.0	0.16633298044071038	1.0	0.14550314970756772
nl	0.21604850763119507	0.08659276598789008	1.0	0.30383243470068705	0.05247087032162666	0.021624210710699636	0.048059858762507145	0.022167703689321114	0.00394212550956567	0.02091345245574363	0.07972177360596845	0.5	0.045192087703417906	0.09366798490716077	0.029570832008885068	0.03493570391814334	0.04608575047119008	0.11273837809411705	0.14858196629962162	0.2853029657789964	0.1460868318771019	1.0	0.030366055057242804	0.0293078835637115	0.03183139548945574	0.028814506692998912	0.1679196250719836	1.0	0.018132638308428012	0.10613707040765782	0.038161405140101023	0.0	0.05294650775366265	0.585786437626905	0.03545033806294804
pl	0.20894541729001367	0.08787979031309752	1.0	0.2739335927491396	0.06186937398244046	0.027297347398120876	0.050640916441169234	0.025365183754625212	0.004993685011334781	0.02488694908232592	0.07329836622005821	0.585786437626905	0.04730463331107751	0.09721893321768409	0.026031745472260198	0.03444949528812006	0.0476608374760252	0.0987840860432247	0.1682355710865028	0.33263437454003325	0.1390000118739092	0.030366055057242804	1.0	0.03089557045259198	0.03350284664313274	0.028128409278469314	0.1884292981114949	1.0	0.018142691342668407	0.10544291965460473	0.05800414742623502	0.0	0.056521200197561274	0.5	0.032717054338174664
pt	0.12482644014142753	0.04635498517661452	1.0	0.44948974278317805	0.06094928530135287	0.02380610889677727	0.04496931768148219	0.024181214804006614	0.004352054840735259	0.022426864489279587	0.06734267342119839	1.0	0.04681820273027672	0.060927369065366055	0.02745644232255828	0.03321771187209111	0.038545488586456136	0.048070675556574495	0.05653512661861048	0.31451985913875646	0.1326210796572558	0.0293078835637115	0.03089557045259198	1.0	0.030743464519934625	0.03377052243943504	0.34833147735478825	0.585786437626905	0.01859659641364392	0.04942465306640464	0.06094416230485428	0.0	0.035963467085711825	0.5	0.03568806412615164
ro	0.12290029286802756	0.08858297099422396	1.0	0.2204812092115424	0.06984764128672515	0.028715933532838227	0.04547091730286634	0.025971635450039967	0.00621649822116786	0.026249861045696966	0.06339224332278336	0.44948974278317805	0.03775387610687349	0.07485029940091245	0.028197412511562485	0.035021578981949984	0.04381160862378968	0.10381535714392531	0.2764953080377887	0.30383243470068705	0.2291077139941031	0.03183139548945574	0.03350284664313274	0.030743464519934625	1.0	0.031131521906706306	0.16189295803578962	1.0	0.022935118747281266	0.09178999742936048	0.04810112306948282	0.0	0.06363208543273818	1.0	0.034334064955057635
ru	0.1675947018876318	0.08227440362506352	1.0	0.3726822671238253	0.06805002315851745	0.025745588469614417	0.049972184871323384	0.02509586171304026	0.004849402820538228	0.024407284904154797	0.0670115776056225	0.5	0.04788895165215699	0.09052389963389523	0.025281516926130586	0.03259777000054901	0.04511655092116763	0.0756858624565869	0.07631017309271668	0.33293363924955727	0.15356411319160143	0.028814506692998912	0.028128409278469314	0.03377052243943504	0.031131521906706306	1.0	0.27429188517743175	1.0	0.017576138743205974	0.1176426947605786	0.056802720897301075	0.0	0.08282703916419587	1.0	0.02870330773519616
sh	0.585786437626905	0.14159502537636523	1.0	1.0	0.32037724101704074	0.15191467200807157	0.20799159651347807	0.16474284498497932	0.23371479611805132	0.16638235171814372	0.27195617308673004	1.0	0.34833147735478825	0.19987385376205832	0.1503826226242922	0.24987545631004474	0.1613308006670419	0.14727324143158538	0.3380788308512194	0.585786437626905	0.4142135623730951	0.1679196250719836	0.1884292981114949	0.34833147735478825	0.16189295803578962	0.27429188517743175	1.0	0.585786437626905	0.585786437626905	0.12380513564145444	0.2989350844248255	0.0	1.0	0.5	0.31980006095532204
si	1.0	1.0	0.0	1.0	0.3660254037844386	0.585786437626905	1.0	0.4142135623730951	0.585786437626905	1.0	1.0	1.0	1.0	0.585786437626905	0.4364916731037085	1.0	1.0	1.0	1.0	1.0	1.0	1.0	1.0	0.585786437626905	1.0	1.0	0.585786437626905	1.0	0.585786437626905	1.0	0.585786437626905	1.0	1.0	1.0	1.0
simple	0.23669181907653403	0.041849246881110753	1.0	0.585786437626905	0.02392475249704505	0.015741356831021885	0.020920159500027995	0.01474209790397933	0.06918603888780046	0.017686338563912444	0.02451061033849313	0.585786437626905	0.021643277391777974	0.029747622461541574	0.015130061822262213	0.018658710152618902	0.017838987778066136	0.04527129108766535	0.11129513469638154	0.3266316347104093	0.13065123133193488	0.018132638308428012	0.018142691342668407	0.01859659641364392	0.022935118747281266	0.017576138743205974	0.585786437626905	0.585786437626905	1.0	0.03776205171724116	0.021239695827567927	0.0	0.042146556037554475	0.585786437626905	0.016939946483934314
sr	0.36602540378443865	0.10252812957373406	1.0	0.22584440001865322	0.1309519468051974	0.10611317126473978	0.1187143604247431	0.047056542505199375	0.017022170568537685	0.12009736587220517	0.11858354273810448	0.585786437626905	0.12068353441157048	0.13345636941021824	0.06100368370246683	0.11404440257518883	0.12244928849412769	0.13387211884764574	0.13534374464930646	0.3199440176335384	0.44701103902865585	0.10613707040765782	0.10544291965460473	0.04942465306640464	0.09178999742936048	0.1176426947605786	0.12380513564145444	1.0	0.03776205171724116	1.0	0.08335216751245378	0.0	0.043703031232669005	1.0	0.05883487430496631
sv	0.2021308218533919	0.08656145299695843	1.0	0.40453726661826384	0.06871469473811408	0.04719036858192231	0.0694869531895305	0.034735339778588836	0.008100962291702875	0.06033636325119422	0.08643566358875006	0.585786437626905	0.0538504453274011	0.08588503469988282	0.04581167189640618	0.06137425360024309	0.054433069960634795	0.08121789457841344	0.09105461714200705	0.3266316347104093	0.16105034772920682	0.038161405140101023	0.05800414742623502	0.06094416230485428	0.04810112306948282	0.056802720897301075	0.2989350844248255	0.585786437626905	0.021239695827567927	0.08335216751245378	1.0	0.0	0.08471760030185863	0.585786437626905	0.051086249022689524
te	0.0	0.0	0.0	0.0	0.0	0.0	0.0	0.0	0.0	0.0	0.0	0.0	0.0	0.0	0.0	0.0	0.0	0.0	0.0	0.0	0.0	0.0	0.0	0.0	0.0	0.0	0.0	1.0	0.0	0.0	0.0	0.0	0.0	1.0	0.0
vi	0.21497835969793688	0.050624732992184965	1.0	0.5	0.07011844545307964	0.06381428077349899	0.06068159643327855	0.041218252980458794	0.012661853032735296	0.08765347204053593	0.04408591157701221	0.5	0.06984975420657383	0.055302226478764226	0.07027127798210164	0.0729745661135736	0.0630794751342783	0.05075174518454861	0.15471894497637287	0.3475158878581577	0.16633298044071038	0.05294650775366265	0.056521200197561274	0.035963467085711825	0.06363208543273818	0.08282703916419587	1.0	1.0	0.042146556037554475	0.043703031232669005	0.08471760030185863	0.0	1.0	1.0	0.06372491995105152
war	1.0	0.585786437626905	0.0	1.0	0.4142135623730951	0.585786437626905	1.0	0.585786437626905	1.0	0.5	1.0	1.0	1.0	0.585786437626905	0.4142135623730951	1.0	1.0	1.0	1.0	1.0	1.0	0.585786437626905	0.5	0.5	1.0	1.0	0.5	1.0	0.585786437626905	1.0	0.585786437626905	1.0	1.0	1.0	1.0
zh	0.14450842946419162	0.06915645141677372	1.0	0.5	0.05862155421544711	0.03282243863967559	0.05086013483849449	0.03038125727580346	0.004813851267731402	0.025175166268767753	0.06670602590347889	0.585786437626905	0.05005671743120895	0.08835750567638158	0.032214031793254876	0.03439858534293822	0.04431033824720707	0.0721136156512071	0.05834857396614463	0.3266316347104093	0.14550314970756772	0.03545033806294804	0.032717054338174664	0.03568806412615164	0.034334064955057635	0.02870330773519616	0.31980006095532204	1.0	0.016939946483934314	0.05883487430496631	0.051086249022689524	0.0	0.06372491995105152	1.0	1.0
