arz	bs	ceb	ckb	da	de	el	en	es	fr	he	hi	hu	id	it	ja	ko	lv	mk	ml	mr	nl	pl	pt	ro	ru	sh	si	simple	sr	sv	te	vi	war	zh
arz	1.0	0.6969299174128458	0.8216064286890065	0.629832549035734	0.4017768432163136	0.7026146261900691	0.6166779616524378	0.5061763763348217	0.6166779616524378	0.4033705883473085	0.36230919512940113	0.8306482409026397	0.42903589367004547	0.5365021453323229	0.45910327882658825	0.4307933741933657	0.5420949136039732	0.6714214969316668	0.6656851634693808	0.44848023464339093	0.5146530095572414	0.47319014015672567	0.562408020763765	0.6166779616524378	0.6166779616524378	0.4986730019448871	0.5300563930902117	1.0	0.4766963424139946	0.5392186502291245	0.6287025141048603	0.629832549035734	0.6021960514375689	0.6541739449544107	0.31411304969165615
bs	0.6969299174128458	1.0	0.6662342449354856	0.7690990303325336	0.4578090206817506	0.6561732304235991	0.6538836485984504	0.5144965515913269	0.7376607345031153	0.4621793860152045	0.3555900736159549	0.575783891745346	0.3114548215079589	0.5143549328900623	0.7411828468492556	0.404318940363031	0.5713528532857757	0.7411828468492556	0.6467936504043927	0.3574642638749994	0.6393508772027167	0.5687809594416925	0.5713528532857757	0.3165195152606549	0.4154419546443054	0.6024631143119276	0.6193697458754271	1.0	0.3576586108753899	0.546298243272135	0.6424541387157101	0.7690990303325336	0.606949783215957	1.0	0.3582690394368611
ceb	0.8216064286890065	0.6662342449354856	1.0	0.6827447964042134	0.5317064157887509	0.412434675206823	0.6285856413229025	0.32260401621345564	0.5089197652202463	0.5787739180454222	0.44544183995985065	0.41205433464267366	0.26849124426849114	0.5307698261058815	0.5701178787789966	0.5926283894863662	0.5130813758402193	0.6197963540868551	0.42579566226784205	0.3308832809217571	0.644134045546404	0.37898233687523236	0.4885423598029162	0.6020611865143446	0.51520467318543	0.3107898917198096	0.5534625184706422	0.8216064286890065	0.3693848690165062	0.6353276660815315	0.47320400099584814	0.8216064286890065	0.4944134366643788	0.7495060196705011	0.37089949476261175
ckb	0.629832549035734	0.7690990303325336	0.6827447964042134	1.0	0.3667707967966286	0.6929453905499755	0.6695036579030706	0.6417387877758196	0.6524007805500077	0.3966016050058901	0.3460882376865205	0.6578394121525166	0.3381567075508529	0.6523561979971341	0.6524007805500077	0.39948879267426457	0.5879511749463611	0.6524007805500077	0.7584325078215765	0.3909731018043604	0.7040551102728676	0.5878443823958859	0.5878443823958859	0.3561443361377787	0.5879511749463611	0.5689646275730134	0.7584325078215765	1.0	0.5453214861937903	0.5879511749463611	0.5577293834623771	0.6917708180407751	0.6030945126080757	0.7863954451402115	0.5679175032809369
da	0.4017768432163136	0.4578090206817506	0.5317064157887509	0.3667707967966286	1.0	0.2532427769843941	0.31025592944520514	0.22169927740549805	0.23265945103781555	0.19298893290270697	0.24523032458741256	0.37135218604857806	0.24574224206054615	0.26217105920943135	0.26170410244627446	0.24761803727796655	0.22116269349024925	0.3284082430475297	0.25375016896655495	0.2424211560636661	0.3896825519334506	0.2294751347074845	0.1995731131510214	0.20012712220317766	0.24329591704900666	0.231087022189707	0.32173384127757126	0.42297857978270054	0.32416064186122534	0.270450106264394	0.21980482755804467	0.4264387124155421	0.26737316606430955	0.3785248550417536	0.20017029957008375
de	0.7026146261900691	0.6561732304235991	0.412434675206823	0.6929453905499755	0.2532427769843941	1.0	0.3444105124038219	0.19059225433450774	0.17730300838664176	0.1911794529014701	0.22443555842191645	0.3032765369949022	0.24283958712506948	0.213397520780672	0.20292695350328055	0.21728360073453878	0.25170115017786526	0.42886254814905594	0.2576819761604759	0.23461050576655637	0.3297785687443465	0.16848554232566218	0.20796659738857529	0.1816465221778282	0.19589349406127632	0.19402111466222605	0.34717344858034527	0.7582412092088255	0.24264466560679235	0.2345355594392894	0.20090692496707224	0.3726228612760958	0.22867124223699262	0.638730912465767	0.2607267682014672
el	0.6166779616524378	0.6538836485984504	0.6285856413229025	0.6695036579030706	0.31025592944520514	0.3444105124038219	1.0	0.2614727631439631	0.41359855934006196	0.3571730580127305	0.3338712365899085	0.5022896432355307	0.28622071312427916	0.3949242102504192	0.45247048283388525	0.3910901066652545	0.36851892363506855	0.6483618101972172	0.285719634727767	0.33497063500947616	0.30170764919322296	0.4532357360364948	0.3475434248361426	0.2844032248868588	0.31753004651428623	0.32218102315515657	0.5265867206655589	1.0	0.4187544065131359	0.3345188472666366	0.3898355649169936	0.6765646838333509	0.43580942915214566	0.7411828468492556	0.3268045588657411
en	0.5061763763348217	0.5144965515913269	0.32260401621345564	0.6417387877758196	0.22169927740549805	0.19059225433450774	0.2614727631439631	1.0	0.15648923516765725	0.16608771522033652	0.20265470960470686	0.20676543848698528	0.20374011550932902	0.15695976347073104	0.17794762072138548	0.21051406741343429	0.2044892668632037	0.4611915493912204	0.2869858984905566	0.295775967570715	0.23455121339909182	0.17063673944851804	0.1827094673064653	0.16119415192083708	0.20789735671912074	0.16636793231355967	0.3426453191270487	0.5266202908017049	0.2452867926586348	0.23536353902758034	0.17185973296505255	0.3733128063853878	0.21049955913401458	0.6184156762582912	0.22121477889206298
es	0.6166779616524378	0.7376607345031153	0.5089197652202463	0.6524007805500077	0.23265945103781555	0.17730300838664176	0.41359855934006196	0.15648923516765725	1.0	0.14197456728812025	0.22888324897894372	0.3981489339010446	0.29541236806769244	0.23298798053328473	0.20130116142929905	0.22262987763733863	0.2181874013412864	0.4545541481549628	0.24799228332323822	0.3144393165468466	0.47141135490011316	0.16593123260788442	0.2417718788763389	0.17098792571322688	0.26057819610688615	0.1922797336794985	0.4191648619363273	0.6538836485984503	0.2572662691804756	0.2497880299988914	0.2103499957760281	0.6132256582167441	0.24737612226496686	0.7411828468492556	0.24538651496742203
fr	0.4033705883473085	0.4621793860152045	0.5787739180454222	0.3966016050058901	0.19298893290270697	0.1911794529014701	0.3571730580127305	0.16608771522033652	0.14197456728812025	1.0	0.22447543360822247	0.22817300988269978	0.18807525905057046	0.17149282793863313	0.161505415619063	0.18119849242384886	0.19410076253598396	0.43455652359573715	0.2598041379636169	0.3442058345207646	0.3166569465658244	0.17550612803773494	0.1930198080846922	0.17910602411363935	0.20033931247078954	0.1482533082192924	0.28836909391649296	0.2922125774577841	0.18701330959884768	0.21496027794692665	0.17728033754817396	0.4008373053590883	0.21290975424770575	0.6123194208443423	0.19481740503836742
he	0.36230919512940113	0.3555900736159549	0.44544183995985065	0.3460882376865205	0.24523032458741256	0.22443555842191645	0.3338712365899085	0.20265470960470686	0.22888324897894372	0.22447543360822247	1.0	0.257882677664184	0.23575379486743778	0.2058711446939261	0.28683766563806373	0.2985706404194691	0.20775270251341865	0.2909029445722202	0.24440860878014276	0.24257567723848555	0.4300717037420761	0.24872743085787963	0.2417777485257953	0.19586402285445328	0.22111684503874782	0.19764892782530982	0.32405781844925285	0.4138555713459566	0.3058927923218455	0.3220120460360409	0.22231418122133773	0.31839748537741297	0.23697376698797934	0.34102653504222485	0.2210479334447421
hi	0.8306482409026397	0.575783891745346	0.41205433464267366	0.6578394121525166	0.37135218604857806	0.3032765369949022	0.5022896432355307	0.20676543848698528	0.3981489339010446	0.22817300988269978	0.257882677664184	1.0	0.3233777085266228	0.28658886529074956	0.39684838854923526	0.25250084969923103	0.34316916540478193	0.41529916795227007	0.31576559112251873	0.2834327922815082	0.29958262439070515	0.4389583492346925	0.31262165217626575	0.28171333538286986	0.3602015470082997	0.22420141523599224	0.4984227809231585	0.7455134344225701	0.3590102799188177	0.30169771291877906	0.32100218104069067	0.33801868677706426	0.41154199422276266	0.7510341748895938	0.3386484777099329
hu	0.42903589367004547	0.3114548215079589	0.26849124426849114	0.3381567075508529	0.24574224206054615	0.24283958712506948	0.28622071312427916	0.20374011550932902	0.29541236806769244	0.18807525905057046	0.23575379486743778	0.3233777085266228	1.0	0.24855653145785442	0.2626334936309946	0.2652271178010196	0.2457727921418907	0.23927679005170857	0.2065777502716752	0.23206885301813213	0.2601593184624904	0.2910319856393011	0.24846207756095093	0.2172109444592724	0.2273150977036459	0.22136283922794717	0.29430511735687953	0.40759402730776334	0.22342915974892696	0.2362517860275082	0.27891692673186097	0.39004948927711147	0.3458399417497476	0.42365350487102416	0.23350308210539575
id	0.5365021453323229	0.5143549328900623	0.5307698261058815	0.6523561979971341	0.26217105920943135	0.213397520780672	0.3949242102504192	0.15695976347073104	0.23298798053328473	0.17149282793863313	0.2058711446939261	0.28658886529074956	0.24855653145785442	1.0	0.23912161508858581	0.23479805269992812	0.18857983338035636	0.44036587013136935	0.2459917085547692	0.36040299637690654	0.4371906592109845	0.24643465151668095	0.2008295250212677	0.2277525012982224	0.28612071023568075	0.18647658990991373	0.4213854497803961	0.6395657813917609	0.2922147970528496	0.30894562372912665	0.22207619243387983	0.4003288479891368	0.24494267339530845	0.6546343046528067	0.20492631301018205
it	0.45910327882658825	0.7411828468492556	0.5701178787789966	0.6524007805500077	0.26170410244627446	0.20292695350328055	0.45247048283388525	0.17794762072138548	0.20130116142929905	0.161505415619063	0.28683766563806373	0.39684838854923526	0.2626334936309946	0.23912161508858581	1.0	0.2251318755830855	0.21170894816004185	0.42430275029560066	0.24561718176805306	0.27826913363236894	0.45655011510997595	0.17773416592089936	0.19669214491862771	0.17506036672970843	0.23994984026853178	0.21658614158450948	0.34620428926066915	0.6518155124769265	0.2442395109156266	0.30303746977293505	0.18519205465022817	0.6800911193618829	0.21193541384361975	0.404318940363031	0.2612223062703695
ja	0.4307933741933657	0.404318940363031	0.5926283894863662	0.39948879267426457	0.24761803727796655	0.21728360073453878	0.3910901066652545	0.21051406741343429	0.22262987763733863	0.18119849242384886	0.2985706404194691	0.25250084969923103	0.2652271178010196	0.23479805269992812	0.2251318755830855	1.0	0.2054213904669243	0.44371674483402856	0.2676141058511118	0.22353587985517154	0.2777773635356528	0.19819062194629006	0.22152874956899127	0.18173429560751272	0.24711597150987602	0.1923785458885322	0.4803139998131697	0.7172294420797537	0.3060496930040771	0.25917820875952413	0.21944719288577333	0.35853040375171963	0.2211226789239796	0.6115600032092711	0.25901437735299393
ko	0.5420949136039732	0.5713528532857757	0.5130813758402193	0.5879511749463611	0.22116269349024925	0.25170115017786526	0.36851892363506855	0.2044892668632037	0.2181874013412864	0.19410076253598396	0.20775270251341865	0.34316916540478193	0.2457727921418907	0.18857983338035636	0.21170894816004185	0.2054213904669243	1.0	0.4109982747894839	0.23319666864426644	0.35197357676742336	0.3592954642971466	0.282240608315436	0.2731198557816499	0.16074618187768044	0.2629794222517552	0.18354748795259168	0.3715822448047362	0.591395059744291	0.2517344918336268	0.3058760416331876	0.22931092863274583	0.6395657813917609	0.2347311741462818	0.5850846505502784	0.2061849270523583
lv	0.6714214969316668	0.7411828468492556	0.6197963540868551	0.6524007805500077	0.3284082430475297	0.42886254814905594	0.6483618101972172	0.4611915493912204	0.4545541481549628	0.43455652359573715	0.2909029445722202	0.41529916795227007	0.23927679005170857	0.44036587013136935	0.42430275029560066	0.44371674483402856	0.4109982747894839	1.0	0.2998146165214465	0.41343270782969255	0.34615436872123834	0.3831395805500164	0.40461139843906485	0.2524651734710961	0.32142352909075306	0.29990661706470373	0.48733299812640346	0.7584325078215765	0.42134942549312615	0.36069897803146755	0.4121084960582179	0.7584325078215763	0.36919293202992154	0.6604928506158132	0.32599867397156673
mk	0.6656851634693808	0.6467936504043927	0.42579566226784205	0.7584325078215765	0.25375016896655495	0.2576819761604759	0.285719634727767	0.2869858984905566	0.24799228332323822	0.2598041379636169	0.24440860878014276	0.31576559112251873	0.2065777502716752	0.2459917085547692	0.24561718176805306	0.2676141058511118	0.23319666864426644	0.2998146165214465	1.0	0.43731600134359305	0.3928494513624757	0.24847613436562035	0.2779253520389454	0.27207103269113037	0.2547706671344742	0.21722494314153415	0.2435883849369304	0.7861677417054929	0.2584239861341057	0.2517092740821302	0.248668474021006	0.7690990303325336	0.25708402819243675	0.6113530285723766	0.2570864251433398
ml	0.44848023464339093	0.3574642638749994	0.3308832809217571	0.3909731018043604	0.2424211560636661	0.23461050576655637	0.33497063500947616	0.295775967570715	0.3144393165468466	0.3442058345207646	0.24257567723848555	0.2834327922815082	0.23206885301813213	0.36040299637690654	0.27826913363236894	0.22353587985517154	0.35197357676742336	0.41343270782969255	0.43731600134359305	1.0	0.32094251717354805	0.271306034972436	0.25597026202852974	0.2558967724762612	0.2583244236176622	0.26592569961520646	0.30888216376767097	0.36868143299942446	0.2801801707565346	0.26665637082693655	0.32310725135836005	0.3383058946550302	0.24759728152313304	0.45692494057315547	0.23624756476970152
mr	0.5146530095572414	0.6393508772027167	0.644134045546404	0.7040551102728676	0.3896825519334506	0.3297785687443465	0.30170764919322296	0.23455121339909182	0.47141135490011316	0.3166569465658244	0.4300717037420761	0.29958262439070515	0.2601593184624904	0.4371906592109845	0.45655011510997595	0.2777773635356528	0.3592954642971466	0.34615436872123834	0.3928494513624757	0.32094251717354805	1.0	0.43301425007124356	0.3989197849065879	0.2615241282300286	0.3902997126700973	0.3371336680858624	0.4573967740331605	0.38265409192566646	0.2787849138051779	0.2942137511027387	0.42625270509982155	0.3434370033097579	0.43843688853973717	0.36601757806161717	0.4364757562996669
nl	0.47319014015672567	0.5687809594416925	0.37898233687523236	0.5878443823958859	0.2294751347074845	0.16848554232566218	0.4532357360364948	0.17063673944851804	0.16593123260788442	0.17550612803773494	0.24872743085787963	0.4389583492346925	0.2910319856393011	0.24643465151668095	0.17773416592089936	0.19819062194629006	0.282240608315436	0.3831395805500164	0.24847613436562035	0.271306034972436	0.43301425007124356	1.0	0.2025254891172635	0.20639262517778534	0.22421239363030948	0.18950352731938486	0.34570803831916824	0.6363758059682663	0.3024152158339536	0.2799508481501226	0.21091406736666665	0.6156765640739007	0.3143092437475896	0.7411828468492556	0.265359925160273
pl	0.562408020763765	0.5713528532857757	0.4885423598029162	0.5878443823958859	0.1995731131510214	0.20796659738857529	0.3475434248361426	0.1827094673064653	0.2417718788763389	0.1930198080846922	0.2417777485257953	0.31262165217626575	0.24846207756095093	0.2008295250212677	0.19669214491862771	0.22152874956899127	0.2731198557816499	0.40461139843906485	0.2779253520389454	0.25597026202852974	0.3989197849065879	0.2025254891172635	1.0	0.19515641212575546	0.213198340016085	0.18612543283540517	0.39432270972742517	0.6562661056221564	0.25419710337910645	0.2781766860516253	0.20831122300289506	0.538445827815007	0.27855474137581043	0.6784883121583714	0.23923677825778109
pt	0.6166779616524378	0.3165195152606549	0.6020611865143446	0.3561443361377787	0.20012712220317766	0.1816465221778282	0.2844032248868588	0.16119415192083708	0.17098792571322688	0.17910602411363935	0.19586402285445328	0.28171333538286986	0.2172109444592724	0.2277525012982224	0.17506036672970843	0.18173429560751272	0.16074618187768044	0.2524651734710961	0.27207103269113037	0.2558967724762612	0.2615241282300286	0.20639262517778534	0.19515641212575546	1.0	0.2084780847568831	0.1519762362437742	0.23712085161268473	0.31731138745760024	0.24123650511110004	0.19480920875768973	0.17486124620673993	0.5059525773118588	0.20477984901855686	0.6575660918451188	0.17667898947775285
ro	0.6166779616524378	0.4154419546443054	0.51520467318543	0.5879511749463611	0.24329591704900666	0.19589349406127632	0.31753004651428623	0.20789735671912074	0.26057819610688615	0.20033931247078954	0.22111684503874782	0.3602015470082997	0.2273150977036459	0.28612071023568075	0.23994984026853178	0.24711597150987602	0.2629794222517552	0.32142352909075306	0.2547706671344742	0.2583244236176622	0.3902997126700973	0.22421239363030948	0.213198340016085	0.2084780847568831	1.0	0.22326649887026476	0.41054469162221163	0.5582473978441296	0.2629401930520211	0.2510034495141264	0.22294686023995436	0.5879511749463611	0.27280679151144654	0.7411828468492556	0.24585940920490604
ru	0.4986730019448871	0.6024631143119276	0.3107898917198096	0.5689646275730134	0.231087022189707	0.19402111466222605	0.32218102315515657	0.16636793231355967	0.1922797336794985	0.1482533082192924	0.19764892782530982	0.22420141523599224	0.22136283922794717	0.18647658990991373	0.21658614158450948	0.1923785458885322	0.18354748795259168	0.29990661706470373	0.21722494314153415	0.26592569961520646	0.3371336680858624	0.18950352731938486	0.18612543283540517	0.1519762362437742	0.22326649887026476	1.0	0.24282753693242717	0.46573966968064806	0.1970154190806691	0.19576536579526022	0.1874966546054736	0.3456898648950695	0.19799711041843632	0.49886163982278964	0.19816106811124815
sh	0.5300563930902117	0.6193697458754271	0.5534625184706422	0.7584325078215765	0.32173384127757126	0.34717344858034527	0.5265867206655589	0.3426453191270487	0.4191648619363273	0.28836909391649296	0.32405781844925285	0.4984227809231585	0.29430511735687953	0.4213854497803961	0.34620428926066915	0.4803139998131697	0.3715822448047362	0.48733299812640346	0.2435883849369304	0.30888216376767097	0.4573967740331605	0.34570803831916824	0.39432270972742517	0.23712085161268473	0.41054469162221163	0.24282753693242717	1.0	0.6590675637199679	0.3703651652459263	0.3303133080532579	0.3565555206088589	0.6698766910334879	0.4092359116106749	0.6048696158982722	0.30530712487102535
si	1.0	1.0	0.8216064286890065	1.0	0.42297857978270054	0.7582412092088255	1.0	0.5266202908017049	0.6538836485984503	0.2922125774577841	0.4138555713459566	0.7455134344225701	0.40759402730776334	0.6395657813917609	0.6518155124769265	0.7172294420797537	0.591395059744291	0.7584325078215765	0.7861677417054929	0.36868143299942446	0.38265409192566646	0.6363758059682663	0.6562661056221564	0.31731138745760024	0.5582473978441296	0.46573966968064806	0.6590675637199679	1.0	0.31276468701435295	0.6426074306067152	0.5608895603975539	0.4759947003899991	0.6263324602325806	1.0	0.4104709016869801
simple	0.4766963424139946	0.3576586108753899	0.3693848690165062	0.5453214861937903	0.32416064186122534	0.24264466560679235	0.4187544065131359	0.2452867926586348	0.2572662691804756	0.18701330959884768	0.3058927923218455	0.3590102799188177	0.22342915974892696	0.2922147970528496	0.2442395109156266	0.3060496930040771	0.2517344918336268	0.42134942549312615	0.2584239861341057	0.2801801707565346	0.2787849138051779	0.3024152158339536	0.25419710337910645	0.24123650511110004	0.2629401930520211	0.1970154190806691	0.3703651652459263	0.31276468701435295	1.0	0.2680794546358159	0.22811890459299164	0.33844140262361805	0.255059949984961	0.3693321172081747	0.263644873800323
sr	0.5392186502291245	0.546298243272135	0.6353276660815315	0.5879511749463611	0.270450106264394	0.2345355594392894	0.3345188472666366	0.23536353902758034	0.2497880299988914	0.21496027794692665	0.3220120460360409	0.30169771291877906	0.2362517860275082	0.30894562372912665	0.30303746977293505	0.25917820875952413	0.3058760416331876	0.36069897803146755	0.2517092740821302	0.26665637082693655	0.2942137511027387	0.2799508481501226	0.2781766860516253	0.19480920875768973	0.2510034495141264	0.19576536579526022	0.3303133080532579	0.6426074306067152	0.2680794546358159	1.0	0.20488834910401169	0.3352315342870243	0.29668679343825244	0.6813557556905478	0.23264914943191345
sv	0.6287025141048603	0.6424541387157101	0.47320400099584814	0.5577293834623771	0.21980482755804467	0.20090692496707224	0.3898355649169936	0.17185973296505255	0.2103499957760281	0.17728033754817396	0.22231418122133773	0.32100218104069067	0.27891692673186097	0.22207619243387983	0.18519205465022817	0.21944719288577333	0.22931092863274583	0.4121084960582179	0.248668474021006	0.32310725135836005	0.42625270509982155	0.21091406736666665	0.20831122300289506	0.17486124620673993	0.22294686023995436	0.1874966546054736	0.3565555206088589	0.5608895603975539	0.22811890459299164	0.20488834910401169	1.0	0.5107859651641176	0.24945051613392372	0.660489913725291	0.22117893864616056
te	0.629832549035734	0.7690990303325336	0.8216064286890065	0.6917708180407751	0.4264387124155421	0.3726228612760958	0.6765646838333509	0.3733128063853878	0.6132256582167441	0.4008373053590883	0.31839748537741297	0.33801868677706426	0.39004948927711147	0.4003288479891368	0.6800911193618829	0.35853040375171963	0.6395657813917609	0.7584325078215763	0.7690990303325336	0.3383058946550302	0.3434370033097579	0.6156765640739007	0.538445827815007	0.5059525773118588	0.5879511749463611	0.3456898648950695	0.6698766910334879	0.4759947003899991	0.33844140262361805	0.3352315342870243	0.5107859651641176	1.0	0.7532121471501967	0.7690990303325336	0.5461343542200437
vi	0.6021960514375689	0.606949783215957	0.4944134366643788	0.6030945126080757	0.26737316606430955	0.22867124223699262	0.43580942915214566	0.21049955913401458	0.24737612226496686	0.21290975424770575	0.23697376698797934	0.41154199422276266	0.3458399417497476	0.24494267339530845	0.21193541384361975	0.2211226789239796	0.2347311741462818	0.36919293202992154	0.25708402819243675	0.24759728152313304	0.43843688853973717	0.3143092437475896	0.27855474137581043	0.20477984901855686	0.27280679151144654	0.19799711041843632	0.4092359116106749	0.6263324602325806	0.255059949984961	0.29668679343825244	0.24945051613392372	0.7532121471501967	1.0	0.7470674391119798	0.22031609234153104
war	0.6541739449544107	1.0	0.7495060196705011	0.7863954451402115	0.3785248550417536	0.638730912465767	0.7411828468492556	0.6184156762582912	0.7411828468492556	0.6123194208443423	0.34102653504222485	0.7510341748895938	0.42365350487102416	0.6546343046528067	0.404318940363031	0.6115600032092711	0.5850846505502784	0.6604928506158132	0.6113530285723766	0.45692494057315547	0.36601757806161717	0.7411828468492556	0.6784883121583714	0.6575660918451188	0.7411828468492556	0.49886163982278964	0.6048696158982722	1.0	0.3693321172081747	0.6813557556905478	0.660489913725291	0.7690990303325336	0.7470674391119798	1.0	0.599813284586777
zh	0.31411304969165615	0.3582690394368611	0.37089949476261175	0.5679175032809369	0.20017029957008375	0.2607267682014672	0.3268045588657411	0.22121477889206298	0.24538651496742203	0.19481740503836742	0.2210479334447421	0.3386484777099329	0.23350308210539575	0.20492631301018205	0.2612223062703695	0.25901437735299393	0.2061849270523583	0.32599867397156673	0.2570864251433398	0.23624756476970152	0.4364757562996669	0.265359925160273	0.23923677825778109	0.17667898947775285	0.24585940920490604	0.19816106811124815	0.30530712487102535	0.4104709016869801	0.263644873800323	0.23264914943191345	0.22117893864616056	0.5461343542200437	0.22031609234153104	0.599813284586777	1.0
