arz	bs	ceb	ckb	da	de	el	en	es	fr	he	hi	hu	id	it	ja	ko	lv	mk	ml	mr	nl	pl	pt	ro	ru	sh	si	simple	sr	sv	te	vi	war	zh
arz	1.0	0.5666666666666667	0.5263157894736842	0.56	0.5437312936481543	0.5260425679183249	0.5555555555555556	0.5109717868338558	0.5217391304347826	0.5200315949962343	0.5333072865794101	0.5256410256410257	0.547945205479452	0.5275590551181103	0.5174418604651163	0.5250059632662797	0.5289256198347108	0.5581395348837209	0.5681818181818182	0.5587106676899463	0.5395567060346222	0.5309734513274337	0.5315315315315315	0.5284552845528455	0.5421686746987951	0.5202312138728323	0.5576923076923077	0.5135135135135135	0.5333333333333333	0.5522388059701493	0.5192290125148443	0.5348837209302326	0.5443037974683544	0.6716417910447761	0.5251798561151079
bs	0.5666666666666667	1.0	0.5517017828200972	0.5666666666666667	0.5517241379310345	0.5317460317460317	0.5671641791044776	0.515527950310559	0.5272727272727272	0.5240641711229946	0.55	0.55	0.5512820512820512	0.5343511450381679	0.5227272727272727	0.5285714285714286	0.536	0.5869565217391304	0.56	0.5576923076923077	0.5517241379310345	0.5338983050847458	0.5391304347826087	0.5354330708661417	0.5454545454545455	0.5254237288135593	0.5714285714285714	0.55	0.5425531914893617	0.5587557603686636	0.5294117647058824	0.5416666666666666	0.5542168674698795	0.5625	0.5314685314685315
ceb	0.5263157894736842	0.5517017828200972	1.0	0.5405405405405405	0.5761018609206661	0.5535836602528177	0.5394736842105263	0.5209821536673367	0.5433589462129528	0.5359739650521872	0.5645871820378002	0.5588840612851589	0.5802128498226251	0.5418339934084804	0.5363099820374647	0.5384615384615384	0.5426761088333955	0.5926481620405101	0.5636363636363636	0.5473204104903079	0.5400862068965517	0.5522667665792431	0.5571187394485086	0.5489041776012483	0.569903153712441	0.541096314648498	0.571608040201005	0.5208333333333334	0.5553923009109609	0.5586587832581298	0.5398044380943876	0.5178571428571429	0.5622630213530234	0.5384615384615384	0.5408286334554727
ckb	0.56	0.5666666666666667	0.5405405405405405	1.0	0.5357142857142857	0.5289256198347108	0.5384615384615384	0.5109717868338558	0.5185185185185185	0.5191256830601093	0.5306122448979592	0.5394736842105263	0.5405405405405405	0.5234375	0.5174418604651163	0.5220588235294117	0.5245901639344263	0.5714285714285714	0.5555555555555556	0.5531914893617021	0.5471698113207547	0.5263157894736842	0.5267857142857143	0.5241935483870968	0.5357142857142857	0.5172413793103449	0.5471698113207547	0.5277777777777778	0.5274725274725275	0.5441176470588236	0.5178571428571429	0.5699115044247788	0.5375	0.5555555555555556	0.5214285714285714
da	0.5437312936481543	0.5517241379310345	0.5761018609206661	0.5357142857142857	1.0	0.6000446378752371	0.584070796460177	0.5553825335409598	0.5910425844346548	0.583243556807823	0.6094954195143231	0.5785054068748867	0.6297054338229393	0.5915372733924071	0.5796089385474861	0.5883885374023073	0.5930149866989755	0.5946541195314846	0.5741176470588235	0.5609272835347731	0.5519193348664426	0.6008912294915941	0.6155653981740938	0.605887162714636	0.612541773147238	0.5825931416389988	0.5825242718446602	0.5376344086021506	0.6118149495279742	0.5897345132743362	0.5871859772371162	0.5294117647058824	0.60926243567753	0.5440630797773655	0.598841012317699
de	0.5260425679183249	0.5317460317460317	0.5535836602528177	0.5289256198347108	0.6000446378752371	1.0	0.5835876198779424	0.5775594543108217	0.6146788990825688	0.6210808112890785	0.6056782334384858	0.5738617946073375	0.6043760562127546	0.6007334963325184	0.5991379310344828	0.6139214046822743	0.5982178217821783	0.556390977443609	0.5628049682093745	0.5615523001799023	0.5567042988466508	0.6160767571041638	0.617268515113628	0.6184519027397485	0.6087354518111677	0.610442653714538	0.5642857142857143	0.5307692307692308	0.6124334311487881	0.5848987913208096	0.5949809850227711	0.5367647058823529	0.5901514510533886	0.5327868852459017	0.6136744284654253
el	0.5555555555555556	0.5671641791044776	0.5394736842105263	0.5384615384615384	0.584070796460177	0.5835876198779424	1.0	0.5411764705882353	0.5645161290322581	0.5576923076923077	0.5793650793650793	0.593811394891945	0.580952380952381	0.567741935483871	0.5612244897959184	0.5750000000000001	0.5666666666666667	0.5769230769230769	0.5796579657965797	0.5875	0.5776246453182002	0.5704225352112676	0.5714285714285714	0.5810810810810811	0.5837755875663382	0.5634517766497462	0.5747126436781609	0.5333333333333333	0.5810140046091118	0.5952908029784665	0.5625	0.5641025641025641	0.5871559633027523	0.5625	0.5696969696969697
en	0.5109717868338558	0.515527950310559	0.5209821536673367	0.5109717868338558	0.5553825335409598	0.5775594543108217	0.5411764705882353	1.0	0.5948181295545301	0.6082115722189025	0.5644708336676563	0.5491329479768786	0.5492395349670576	0.5817844879271816	0.591579875445683	0.5845769559177744	0.5704637129756436	0.5258358662613982	0.5260245469075118	0.5292155539404008	0.5336072145710494	0.5730274342478083	0.5703924545014009	0.5773819741149814	0.5554079062713068	0.60075448730925	0.5331114808652246	0.5185185185185185	0.5617798985288056	0.5449193379425937	0.5882346318079845	0.5249079679475896	0.5520988073511311	0.5125000000000001	0.5864900921323858
es	0.5217391304347826	0.5272727272727272	0.5433589462129528	0.5185185185185185	0.5910425844346548	0.6146788990825688	0.5645161290322581	0.5948181295545301	1.0	0.6261180679785331	0.5962765362086333	0.5669238883028923	0.5921052631578947	0.5944507534026	0.6017357762777241	0.605078575867886	0.5991969337470342	0.5465116279069767	0.5428571428571428	0.5482233502538072	0.5457336194091434	0.616305277065361	0.6019417475728156	0.6191695424691084	0.5835636783695697	0.6208112874779541	0.553072625698324	0.5266272189349113	0.5900000000000001	0.5691489361702128	0.5872079870903525	0.5284090909090908	0.5925265998065469	0.5246913580246914	0.6117512617845919
fr	0.5200315949962343	0.5240641711229946	0.5359739650521872	0.5191256830601093	0.583243556807823	0.6210808112890785	0.5576923076923077	0.6082115722189025	0.6261180679785331	1.0	0.5968477507388085	0.5622119815668203	0.5814103390486013	0.5982433961008717	0.5968354734766508	0.6007905138339921	0.6068018389720617	0.5412371134020618	0.5435897435897437	0.5476875548959627	0.5507630218186405	0.6046341641692858	0.5991769547325103	0.6033172211164819	0.5789295569323685	0.6110967837011384	0.5509807100016211	0.5263157894736842	0.5870871592711888	0.5635497556255737	0.5807179427844147	0.5306122448979592	0.575065455963456	0.5217391304347826	0.6248492159227985
he	0.5333072865794101	0.55	0.5645871820378002	0.5306122448979592	0.6094954195143231	0.6056782334384858	0.5793650793650793	0.5644708336676563	0.5962765362086333	0.5968477507388085	1.0	0.5711196243203164	0.6079295154185023	0.6027258960121151	0.5811065209433667	0.592066165755058	0.5882473382473383	0.5740740740740741	0.5625	0.552944429084877	0.5466427270086869	0.603977962461481	0.5936042389641405	0.6271916010498687	0.6025532148042627	0.6005166388086917	0.5806211277546859	0.5327102803738317	0.6055094317481737	0.5871421793452475	0.5698421975452952	0.5258620689655172	0.6089851781385215	0.5353535353535354	0.6032202286047922
hi	0.5256410256410257	0.55	0.5588840612851589	0.5394736842105263	0.5785054068748867	0.5738617946073375	0.593811394891945	0.5491329479768786	0.5669238883028923	0.5622119815668203	0.5711196243203164	1.0	0.5797893538286365	0.5832154130837053	0.5550239234449761	0.5730994152046783	0.5652173913043479	0.5795454545454545	0.5652173913043479	0.5888888888888889	0.6153846153846154	0.5612903225806452	0.5695364238410596	0.5662125717446926	0.5714285714285714	0.5634782608695652	0.5656565656565656	0.5411764705882353	0.5790784557907845	0.5714285714285714	0.5615763546798029	0.603400987383434	0.5781938325991189	0.5384615384615384	0.5617977528089888
hu	0.547945205479452	0.5512820512820512	0.5802128498226251	0.5405405405405405	0.6297054338229393	0.6043760562127546	0.580952380952381	0.5492395349670576	0.5921052631578947	0.5814103390486013	0.6079295154185023	0.5797893538286365	1.0	0.5855583007890333	0.5705188722904055	0.5876876699373448	0.5936920222634509	0.5882352941176471	0.5819373634377276	0.5690463783220427	0.5682490555732557	0.6074200558832661	0.6148914897371053	0.6001388406803193	0.620368601986249	0.5862322751582356	0.6030130935478782	0.5421686746987951	0.6168991663524779	0.5993097650546436	0.5779091392136025	0.5268817204301075	0.6058826698270753	0.5540540540540541	0.6011144319885352
id	0.5275590551181103	0.5343511450381679	0.5418339934084804	0.5234375	0.5915372733924071	0.6007334963325184	0.567741935483871	0.5817844879271816	0.5944507534026	0.5982433961008717	0.6027258960121151	0.5832154130837053	0.5855583007890333	1.0	0.5795918367346938	0.5974213016939853	0.5949729655214667	0.5579710144927537	0.5531914893617021	0.5524475524475525	0.5571101843131979	0.5898872994354856	0.5905547913801009	0.595959595959596	0.5944262295081967	0.6057533723372859	0.5578231292517006	0.5255474452554745	0.5888923057998646	0.5707374476987448	0.5722801788375559	0.5390070921985816	0.6000000000000001	0.53125	0.6124681006197594
it	0.5174418604651163	0.5227272727272727	0.5363099820374647	0.5174418604651163	0.5796089385474861	0.5991379310344828	0.5612244897959184	0.591579875445683	0.6017357762777241	0.5968354734766508	0.5811065209433667	0.5550239234449761	0.5705188722904055	0.5795918367346938	1.0	0.6099257718650267	0.5815899581589958	0.5439560439560439	0.5434782608695652	0.5445193233392931	0.5411471830554818	0.5921052631578947	0.5954975995847931	0.5968331303288673	0.5869943201576446	0.6008192990441511	0.5502645502645502	0.5280898876404494	0.5786701123148793	0.5669763759843339	0.615802335052946	0.5286224799406648	0.5830552321821239	0.5232558139534884	0.5901592651491776
ja	0.5250059632662797	0.5285714285714286	0.5384615384615384	0.5220588235294117	0.5883885374023073	0.6139214046822743	0.5750000000000001	0.5845769559177744	0.605078575867886	0.6007905138339921	0.592066165755058	0.5730994152046783	0.5876876699373448	0.5974213016939853	0.6099257718650267	1.0	0.6066607681662469	0.5510204081632653	0.556965269768038	0.5533333333333333	0.5544660846205507	0.601826579886626	0.598245056583482	0.592394845815904	0.5895953757225434	0.5946117036115105	0.5584415584415584	0.5347351395066721	0.6005388542257515	0.573170731707317	0.600137394092054	0.5369127516778524	0.6110368531602062	0.5294117647058824	0.6064575433758475
ko	0.5289256198347108	0.536	0.5426761088333955	0.5245901639344263	0.5930149866989755	0.5982178217821783	0.5666666666666667	0.5704637129756436	0.5991969337470342	0.6068018389720617	0.5882473382473383	0.5652173913043479	0.5936920222634509	0.5949729655214667	0.5815899581589958	0.6066607681662469	1.0	0.5606060606060607	0.5597014925373135	0.544463479208846	0.5485170581176068	0.5851063829787234	0.5886548212887002	0.5867346938775511	0.584371425921919	0.588189100047118	0.5684244731222727	0.5348837209302326	0.6008352338358559	0.5691105258686603	0.5756302521008404	0.5251798561151079	0.6001514168288989	0.5327868852459017	0.625708141605198
lv	0.5581395348837209	0.5869565217391304	0.5926481620405101	0.5714285714285714	0.5946541195314846	0.556390977443609	0.5769230769230769	0.5258358662613982	0.5465116279069767	0.5412371134020618	0.5740740740740741	0.5795454545454545	0.5882352941176471	0.5579710144927537	0.5439560439560439	0.5510204081632653	0.5606060606060607	1.0	0.6034482758620691	0.5714285714285714	0.5652173913043479	0.5645161290322581	0.5702479338842975	0.5639097744360902	0.5913978494623656	0.5464480874316939	0.624	0.5471698113207547	0.5765809759670725	0.6025641025641025	0.5480225988700566	0.540983606557377	0.5888888888888889	0.5681818181818182	0.5539105408020913
mk	0.5681818181818182	0.56	0.5636363636363636	0.5555555555555556	0.5741176470588235	0.5628049682093745	0.5796579657965797	0.5260245469075118	0.5428571428571428	0.5435897435897437	0.5625	0.5652173913043479	0.5819373634377276	0.5531914893617021	0.5434782608695652	0.556965269768038	0.5597014925373135	0.6034482758620691	1.0	0.5606060606060607	0.5503009458297506	0.5680000000000001	0.5645161290322581	0.5547445255474452	0.5915492957746479	0.5449014065085493	0.5970149253731343	0.5587044534412956	0.5694686551746401	0.5987096774193548	0.5414364640883979	0.53125	0.5859613428280773	0.5909090909090909	0.5537545964776467
ml	0.5587106676899463	0.5576923076923077	0.5473204104903079	0.5531914893617021	0.5609272835347731	0.5615523001799023	0.5875	0.5292155539404008	0.5482233502538072	0.5476875548959627	0.552944429084877	0.5888888888888889	0.5690463783220427	0.5524475524475525	0.5445193233392931	0.5533333333333333	0.544463479208846	0.5714285714285714	0.5606060606060607	1.0	0.619818589681069	0.5566488614000562	0.5644962302947224	0.5531363400725765	0.570154095701541	0.5492730210016156	0.5540540540540541	0.543859649122807	0.5646325269903585	0.5632183908045977	0.540983606557377	0.6034482758620691	0.558968058968059	0.5625	0.5439756542364538
mr	0.5395567060346222	0.5517241379310345	0.5400862068965517	0.5471698113207547	0.5519193348664426	0.5567042988466508	0.5776246453182002	0.5336072145710494	0.5457336194091434	0.5507630218186405	0.5466427270086869	0.6153846153846154	0.5682490555732557	0.5571101843131979	0.5411471830554818	0.5544660846205507	0.5485170581176068	0.5652173913043479	0.5503009458297506	0.619818589681069	1.0	0.549224369529422	0.5535507897778348	0.5453908544636361	0.5647840531561462	0.5549374130737135	0.5594349142280525	0.5483870967741935	0.5582406959884002	0.556238085151451	0.5445562472853627	0.6062474862582116	0.5511910795742524	0.5454545454545455	0.5408027114154095
nl	0.5309734513274337	0.5338983050847458	0.5522667665792431	0.5263157894736842	0.6008912294915941	0.6160767571041638	0.5704225352112676	0.5730274342478083	0.616305277065361	0.6046341641692858	0.603977962461481	0.5612903225806452	0.6074200558832661	0.5898872994354856	0.5921052631578947	0.601826579886626	0.5851063829787234	0.5645161290322581	0.5680000000000001	0.5566488614000562	0.549224369529422	1.0	0.6034482758620691	0.6050155918345955	0.6055685689948893	0.6021763602251406	0.5855986119144013	0.5327868852459017	0.6001877934272299	0.5866912790959434	0.5859030837004405	0.5267175572519084	0.5933333333333333	0.5350877192982456	0.5980361047982505
pl	0.5315315315315315	0.5391304347826087	0.5571187394485086	0.5267857142857143	0.6155653981740938	0.617268515113628	0.5714285714285714	0.5703924545014009	0.6019417475728156	0.5991769547325103	0.5936042389641405	0.5695364238410596	0.6148914897371053	0.5905547913801009	0.5954975995847931	0.598245056583482	0.5886548212887002	0.5702479338842975	0.5645161290322581	0.5644962302947224	0.5535507897778348	0.6034482758620691	1.0	0.6004656016697438	0.6100710135571336	0.6052123552123553	0.5759218506789759	0.5333333333333333	0.6072144288577155	0.5888354561996361	0.5877648260018719	0.53125	0.592675248077153	0.5357142857142857	0.5943156459211506
pt	0.5284552845528455	0.5354330708661417	0.5489041776012483	0.5241935483870968	0.605887162714636	0.6184519027397485	0.5810810810810811	0.5773819741149814	0.6191695424691084	0.6033172211164819	0.6271916010498687	0.5662125717446926	0.6001388406803193	0.595959595959596	0.5968331303288673	0.592394845815904	0.5867346938775511	0.5639097744360902	0.5547445255474452	0.5531363400725765	0.5453908544636361	0.6050155918345955	0.6004656016697438	1.0	0.6090519989072033	0.6173639226270805	0.5754141238012206	0.5303030303030303	0.6106132898871174	0.59243533158277	0.5853398354160317	0.5285714285714286	0.5893319179990713	0.532258064516129	0.6081724082397552
ro	0.5421686746987951	0.5454545454545455	0.569903153712441	0.5357142857142857	0.612541773147238	0.6087354518111677	0.5837755875663382	0.5554079062713068	0.5835636783695697	0.5789295569323685	0.6025532148042627	0.5714285714285714	0.620368601986249	0.5944262295081967	0.5869943201576446	0.5895953757225434	0.584371425921919	0.5913978494623656	0.5915492957746479	0.570154095701541	0.5647840531561462	0.6055685689948893	0.6100710135571336	0.6090519989072033	1.0	0.5893288332784545	0.5967976710334789	0.5319148936170213	0.5926259981960974	0.6166207529843893	0.5826300777023704	0.5294117647058824	0.6120474406991261	0.5476190476190476	0.5833150195400212
ru	0.5202312138728323	0.5254237288135593	0.541096314648498	0.5172413793103449	0.5825931416389988	0.610442653714538	0.5634517766497462	0.60075448730925	0.6208112874779541	0.6110967837011384	0.6005166388086917	0.5634782608695652	0.5862322751582356	0.6057533723372859	0.6008192990441511	0.5946117036115105	0.588189100047118	0.5464480874316939	0.5449014065085493	0.5492730210016156	0.5549374130737135	0.6021763602251406	0.6052123552123553	0.6173639226270805	0.5893288332784545	1.0	0.5536153259303213	0.5277777777777778	0.59665709944285	0.5703497926285311	0.5978543264969282	0.532258064516129	0.581495419802789	0.5229885057471265	0.6048142786789834
sh	0.5576923076923077	0.5714285714285714	0.571608040201005	0.5471698113207547	0.5825242718446602	0.5642857142857143	0.5747126436781609	0.5331114808652246	0.553072625698324	0.5509807100016211	0.5806211277546859	0.5656565656565656	0.6030130935478782	0.5578231292517006	0.5502645502645502	0.5584415584415584	0.5684244731222727	0.624	0.5970149253731343	0.5540540540540541	0.5594349142280525	0.5855986119144013	0.5759218506789759	0.5754141238012206	0.5967976710334789	0.5536153259303213	1.0	0.5573770491803278	0.579108635097493	0.6258445945945946	0.5483870967741935	0.5277777777777778	0.5858585858585859	0.5660377358490566	0.5670479897469977
si	0.5135135135135135	0.55	0.5208333333333334	0.5277777777777778	0.5376344086021506	0.5307692307692308	0.5333333333333333	0.5185185185185185	0.5266272189349113	0.5263157894736842	0.5327102803738317	0.5411764705882353	0.5421686746987951	0.5255474452554745	0.5280898876404494	0.5347351395066721	0.5348837209302326	0.5471698113207547	0.5587044534412956	0.543859649122807	0.5483870967741935	0.5327868852459017	0.5333333333333333	0.5303030303030303	0.5319148936170213	0.5277777777777778	0.5573770491803278	1.0	0.5353535353535354	0.5384615384615384	0.5257142857142857	0.5384615384615384	0.5333333333333333	0.5263157894736842	0.5342465753424658
simple	0.5333333333333333	0.5425531914893617	0.5553923009109609	0.5274725274725275	0.6118149495279742	0.6124334311487881	0.5810140046091118	0.5617798985288056	0.5900000000000001	0.5870871592711888	0.6055094317481737	0.5790784557907845	0.6168991663524779	0.5888923057998646	0.5786701123148793	0.6005388542257515	0.6008352338358559	0.5765809759670725	0.5694686551746401	0.5646325269903585	0.5582406959884002	0.6001877934272299	0.6072144288577155	0.6106132898871174	0.5926259981960974	0.59665709944285	0.579108635097493	0.5353535353535354	1.0	0.5983101009872805	0.5741662848123823	0.53873480428902	0.5980112261685862	0.5384615384615384	0.6121351328216394
sr	0.5522388059701493	0.5587557603686636	0.5586587832581298	0.5441176470588236	0.5897345132743362	0.5848987913208096	0.5952908029784665	0.5449193379425937	0.5691489361702128	0.5635497556255737	0.5871421793452475	0.5714285714285714	0.5993097650546436	0.5707374476987448	0.5669763759843339	0.573170731707317	0.5691105258686603	0.6025641025641025	0.5987096774193548	0.5632183908045977	0.556238085151451	0.5866912790959434	0.5888354561996361	0.59243533158277	0.6166207529843893	0.5703497926285311	0.6258445945945946	0.5384615384615384	0.5983101009872805	1.0	0.556648308418568	0.5411764705882353	0.5892857142857143	0.5588235294117647	0.5786116980360463
sv	0.5192290125148443	0.5294117647058824	0.5398044380943876	0.5178571428571429	0.5871859772371162	0.5949809850227711	0.5625	0.5882346318079845	0.5872079870903525	0.5807179427844147	0.5698421975452952	0.5615763546798029	0.5779091392136025	0.5722801788375559	0.615802335052946	0.600137394092054	0.5756302521008404	0.5480225988700566	0.5414364640883979	0.540983606557377	0.5445562472853627	0.5859030837004405	0.5877648260018719	0.5853398354160317	0.5826300777023704	0.5978543264969282	0.5483870967741935	0.5257142857142857	0.5741662848123823	0.556648308418568	1.0	0.5274725274725275	0.5742574257425742	0.5207100591715976	0.58459773476251
te	0.5348837209302326	0.5416666666666666	0.5178571428571429	0.5699115044247788	0.5294117647058824	0.5367647058823529	0.5641025641025641	0.5249079679475896	0.5284090909090908	0.5306122448979592	0.5258620689655172	0.603400987383434	0.5268817204301075	0.5390070921985816	0.5286224799406648	0.5369127516778524	0.5251798561151079	0.540983606557377	0.53125	0.6034482758620691	0.6062474862582116	0.5267175572519084	0.53125	0.5285714285714286	0.5294117647058824	0.532258064516129	0.5277777777777778	0.5384615384615384	0.53873480428902	0.5411764705882353	0.5274725274725275	1.0	0.5306122448979592	0.5454545454545455	0.5256410256410257
vi	0.5443037974683544	0.5542168674698795	0.5622630213530234	0.5375	0.60926243567753	0.5901514510533886	0.5871559633027523	0.5520988073511311	0.5925265998065469	0.575065455963456	0.6089851781385215	0.5781938325991189	0.6058826698270753	0.6000000000000001	0.5830552321821239	0.6110368531602062	0.6001514168288989	0.5888888888888889	0.5859613428280773	0.558968058968059	0.5511910795742524	0.5933333333333333	0.592675248077153	0.5893319179990713	0.6120474406991261	0.581495419802789	0.5858585858585859	0.5333333333333333	0.5980112261685862	0.5892857142857143	0.5742574257425742	0.5306122448979592	1.0	0.55	0.5948898352157008
war	0.6716417910447761	0.5625	0.5384615384615384	0.5555555555555556	0.5440630797773655	0.5327868852459017	0.5625	0.5125000000000001	0.5246913580246914	0.5217391304347826	0.5353535353535354	0.5384615384615384	0.5540540540540541	0.53125	0.5232558139534884	0.5294117647058824	0.5327868852459017	0.5681818181818182	0.5909090909090909	0.5625	0.5454545454545455	0.5350877192982456	0.5357142857142857	0.532258064516129	0.5476190476190476	0.5229885057471265	0.5660377358490566	0.5263157894736842	0.5384615384615384	0.5588235294117647	0.5207100591715976	0.5454545454545455	0.55	1.0	0.5285714285714286
zh	0.5251798561151079	0.5314685314685315	0.5408286334554727	0.5214285714285714	0.598841012317699	0.6136744284654253	0.5696969696969697	0.5864900921323858	0.6117512617845919	0.6248492159227985	0.6032202286047922	0.5617977528089888	0.6011144319885352	0.6124681006197594	0.5901592651491776	0.6064575433758475	0.625708141605198	0.5539105408020913	0.5537545964776467	0.5439756542364538	0.5408027114154095	0.5980361047982505	0.5943156459211506	0.6081724082397552	0.5833150195400212	0.6048142786789834	0.5670479897469977	0.5342465753424658	0.6121351328216394	0.5786116980360463	0.58459773476251	0.5256410256410257	0.5948898352157008	0.5285714285714286	1.0
