arz	bs	ceb	ckb	da	de	el	en	es	fr	he	hi	hu	id	it	ja	ko	lv	mk	ml	mr	nl	pl	pt	ro	ru	sh	si	simple	sr	sv	te	vi	war	zh
arz	1.0	0.0	0.0	0.0	0.02830188679245283	0.005291005291005291	0.0	0.0	0.0	0.003367003367003367	0.009615384615384616	0.0	0.0	0.0	0.0	0.010869565217391304	0.0	0.0	0.0	0.01818181818181818	0.008771929824561403	0.0	0.0	0.0	0.0	0.0	0.0	0.0	0.0	0.0	0.005128205128205128	0.0	0.0	0.125	0.0
bs	0.0	1.0	0.0136986301369863	0.0	0.0	0.0	0.0	0.0	0.0	0.0	0.0	0.0	0.0	0.0	0.0	0.0	0.0	0.0	0.0	0.0	0.0	0.0	0.0	0.0	0.0	0.0	0.0	0.0	0.0	0.010416666666666666	0.0	0.0	0.0	0.0	0.0
ceb	0.0	0.0136986301369863	1.0	0.0	0.02976190476190476	0.007936507936507936	0.0	0.0036385688295936932	0.015384615384615385	0.005555555555555556	0.022388059701492536	0.0196078431372549	0.015873015873015872	0.003745318352059925	0.009174311926605505	0.0	0.014634146341463415	0.01282051282051282	0.0	0.01694915254237288	0.0056179775280898875	0.007518796992481203	0.005076142131979695	0.009259259259259259	0.030534351145038167	0.01675977653631285	0.02247191011235955	0.0	0.014492753623188406	0.024539877300613498	0.007751937984496124	0.0	0.017699115044247787	0.0	0.011884550084889643
ckb	0.0	0.0	0.0	1.0	0.0	0.0	0.0	0.0	0.0	0.0	0.0	0.0	0.0	0.0	0.0	0.0	0.0	0.0	0.0	0.0	0.0	0.0	0.0	0.0	0.0	0.0	0.0	0.0	0.0	0.0	0.0	0.07692307692307693	0.0	0.0	0.0
da	0.02830188679245283	0.0	0.02976190476190476	0.0	1.0	0.017985611510791366	0.0	0.003575685339690107	0.012578616352201259	0.007731958762886598	0.01	0.007575757575757576	0.03271028037383177	0.0033783783783783786	0.008097165991902834	0.01639344262295082	0.00851063829787234	0.009345794392523364	0.008264462809917356	0.006756756756756757	0.004830917874396135	0.006172839506172839	0.008888888888888889	0.01646090534979424	0.012345679012345678	0.002551020408163265	0.0	0.0	0.024324324324324326	0.010309278350515464	0.017605633802816902	0.0	0.02127659574468085	0.009900990099009901	0.012965964343598054
de	0.005291005291005291	0.0	0.007936507936507936	0.0	0.017985611510791366	1.0	0.016129032258064516	0.005698005698005698	0.0	0.010706638115631691	0.015873015873015872	0.004694835680751174	0.023728813559322035	0.0106951871657754	0.0	0.007547169811320755	0.012738853503184714	0.0	0.009950248756218905	0.008771929824561403	0.014035087719298246	0.00411522633744856	0.013157894736842105	0.009230769230769232	0.020833333333333332	0.01935483870967742	0.0	0.0	0.03139013452914798	0.014652014652014652	0.005434782608695652	0.0	0.004464285714285714	0.0	0.01291248206599713
el	0.0	0.0	0.0	0.0	0.0	0.016129032258064516	1.0	0.0	0.0	0.0	0.0	0.02631578947368421	0.0	0.0	0.0	0.0	0.0	0.0	0.037037037037037035	0.0	0.008849557522123894	0.0	0.0	0.0	0.014492753623188406	0.0	0.0	0.0	0.0035211267605633804	0.009900990099009901	0.0	0.0	0.0	0.0	0.0
en	0.0	0.0	0.0036385688295936932	0.0	0.003575685339690107	0.005698005698005698	0.0	1.0	0.001218769043266301	0.007530930607853685	0.009615384615384616	0.0	0.00471976401179941	0.00338409475465313	0.0028968713789107765	0.003006614552014432	0.0029171528588098016	0.0	0.0012484394506866417	0.0018427518427518428	0.002372479240806643	0.0061162079510703364	0.006478209658421673	0.006402793946449359	0.003658536585365854	0.00914962325080732	0.0006246096189881324	0.0	0.011963023382272975	0.0035885167464114833	0.0033994334277620396	0.0018844221105527637	0.0012315270935960591	0.0	0.01591128254580521
es	0.0	0.0	0.015384615384615385	0.0	0.012578616352201259	0.0	0.0	0.001218769043266301	1.0	0.0028653295128939827	0.011583011583011582	0.01098901098901099	0.011235955056179775	0.00392156862745098	0.004830917874396135	0.006944444444444444	0.010309278350515464	0.0	0.0	0.009345794392523364	0.006024096385542169	0.008264462809917356	0.005405405405405406	0.014778325123152709	0.00819672131147541	0.01440922190201729	0.0	0.0	0.0	0.0	0.004048582995951417	0.0	0.03	0.0	0.0017152658662092624
fr	0.003367003367003367	0.0	0.005555555555555556	0.0	0.007731958762886598	0.010706638115631691	0.0	0.007530930607853685	0.0028653295128939827	1.0	0.01652892561983471	0.0	0.007371007371007371	0.004132231404958678	0.006896551724137931	0.0	0.014285714285714285	0.0	0.0	0.005952380952380952	0.0025252525252525255	0.005714285714285714	0.009708737864077669	0.006928406466512702	0.002840909090909091	0.006920415224913495	0.003246753246753247	0.0	0.017921146953405017	0.005221932114882507	0.004201680672268907	0.0	0.0030120481927710845	0.0	0.030379746835443037
he	0.009615384615384616	0.0	0.022388059701492536	0.0	0.01	0.015873015873015872	0.0	0.009615384615384616	0.011583011583011582	0.01652892561983471	1.0	0.008620689655172414	0.022222222222222223	0.007594936708860759	0.011560693641618497	0.01773049645390071	0.005952380952380952	0.0	0.0	0.004016064257028112	0.006514657980456026	0.007633587786259542	0.006134969325153374	0.017543859649122806	0.01532567049808429	0.022774327122153208	0.0091324200913242	0.0	0.023454157782515993	0.017123287671232876	0.005154639175257732	0.0	0.012396694214876033	0.0	0.0182328190743338
hi	0.0	0.0	0.0196078431372549	0.0	0.007575757575757576	0.004694835680751174	0.02631578947368421	0.0	0.01098901098901099	0.0	0.008620689655172414	1.0	0.006622516556291391	0.008849557522123894	0.0	0.0	0.0	0.0	0.0	0.0	0.0	0.0	0.0	0.005649717514124294	0.0	0.0030959752321981426	0.0	0.0	0.006493506493506494	0.0	0.0	0.023255813953488372	0.013513513513513514	0.0	0.0
hu	0.0	0.0	0.015873015873015872	0.0	0.03271028037383177	0.023728813559322035	0.0	0.00471976401179941	0.011235955056179775	0.007371007371007371	0.022222222222222223	0.006622516556291391	1.0	0.01282051282051282	0.003745318352059925	0.009852216748768473	0.015873015873015872	0.0	0.007142857142857143	0.012048192771084338	0.02252252252252252	0.01675977653631285	0.03361344537815126	0.015267175572519083	0.0223463687150838	0.00980392156862745	0.014598540145985401	0.0	0.028423772609819122	0.014150943396226415	0.013157894736842105	0.0	0.03164556962025317	0.0	0.02384737678855326
id	0.0	0.0	0.003745318352059925	0.0	0.0033783783783783786	0.0106951871657754	0.0	0.00338409475465313	0.00392156862745098	0.004132231404958678	0.007594936708860759	0.008849557522123894	0.01282051282051282	1.0	0.0	0.0035714285714285713	0.0030211480362537764	0.0	0.0	0.0	0.01	0.0038910505836575876	0.003115264797507788	0.0	0.01171875	0.02092050209205021	0.0	0.0	0.014989293361884369	0.0034482758620689655	0.0026109660574412533	0.0	0.0	0.0	0.018387553041018388
it	0.0	0.0	0.009174311926605505	0.0	0.008097165991902834	0.0	0.0	0.0028968713789107765	0.004830917874396135	0.006896551724137931	0.011560693641618497	0.0	0.003745318352059925	0.0	1.0	0.004310344827586207	0.0	0.0	0.0	0.005128205128205128	0.007905138339920948	0.0	0.007352941176470588	0.010309278350515464	0.004761904761904762	0.002277904328018223	0.0	0.0	0.011876484560570071	0.004132231404958678	0.012048192771084338	0.006289308176100629	0.005263157894736842	0.0	0.0014903129657228018
ja	0.010869565217391304	0.0	0.0	0.0	0.01639344262295082	0.007547169811320755	0.0	0.003006614552014432	0.006944444444444444	0.0	0.01773049645390071	0.0	0.009852216748768473	0.0035714285714285713	0.004310344827586207	1.0	0.004545454545454545	0.0	0.009523809523809525	0.0	0.010526315789473684	0.013793103448275862	0.009569377990430622	0.008733624454148471	0.0	0.005333333333333333	0.0	0.011627906976744186	0.011142061281337047	0.0	0.007380073800738007	0.0	0.024	0.0	0.0049504950495049506
ko	0.0	0.0	0.014634146341463415	0.0	0.00851063829787234	0.012738853503184714	0.0	0.0029171528588098016	0.010309278350515464	0.014285714285714285	0.005952380952380952	0.0	0.015873015873015872	0.0030211480362537764	0.0	0.004545454545454545	1.0	0.0	0.0	0.00546448087431694	0.0125	0.0	0.007692307692307693	0.0	0.015306122448979591	0.007058823529411765	0.013071895424836602	0.0	0.019704433497536946	0.013157894736842105	0.0	0.0	0.011299435028248588	0.0	0.02009273570324575
lv	0.0	0.0	0.01282051282051282	0.0	0.009345794392523364	0.0	0.0	0.0	0.0	0.0	0.0	0.0	0.0	0.0	0.0	0.0	0.0	1.0	0.0	0.0	0.0	0.0	0.0	0.0	0.0	0.0	0.04	0.0	0.007067137809187279	0.0	0.0	0.0	0.0	0.0	0.0018867924528301887
mk	0.0	0.0	0.0	0.0	0.008264462809917356	0.009950248756218905	0.037037037037037035	0.0012484394506866417	0.0	0.0	0.0	0.0	0.007142857142857143	0.0	0.0	0.009523809523809525	0.0	0.0	1.0	0.0	0.007874015748031496	0.0	0.0	0.0	0.024390243902439025	0.006430868167202572	0.0	0.045454545454545456	0.006734006734006734	0.017543859649122806	0.0	0.0	0.015873015873015872	0.0	0.003683241252302026
ml	0.01818181818181818	0.0	0.01694915254237288	0.0	0.006756756756756757	0.008771929824561403	0.0	0.0018427518427518428	0.009345794392523364	0.005952380952380952	0.004016064257028112	0.0	0.012048192771084338	0.0	0.005128205128205128	0.0	0.00546448087431694	0.0	0.0	1.0	0.0472972972972973	0.009174311926605505	0.017543859649122806	0.010416666666666666	0.01834862385321101	0.0029498525073746312	0.0	0.0	0.012422360248447204	0.0	0.0	0.0	0.011111111111111112	0.0	0.008818342151675485
mr	0.008771929824561403	0.0	0.0056179775280898875	0.0	0.004830917874396135	0.014035087719298246	0.008849557522123894	0.002372479240806643	0.006024096385542169	0.0025252525252525255	0.006514657980456026	0.0	0.02252252252252252	0.01	0.007905138339920948	0.010526315789473684	0.0125	0.0	0.007874015748031496	0.0472972972972973	1.0	0.005952380952380952	0.004310344827586207	0.003968253968253968	0.030303030303030304	0.007575757575757576	0.008	0.0	0.018518518518518517	0.01	0.006825938566552901	0.00847457627118644	0.013513513513513514	0.0	0.003179650238473768
nl	0.0	0.0	0.007518796992481203	0.0	0.006172839506172839	0.00411522633744856	0.0	0.0061162079510703364	0.008264462809917356	0.005714285714285714	0.007633587786259542	0.0	0.01675977653631285	0.0038910505836575876	0.0	0.013793103448275862	0.0	0.0	0.0	0.009174311926605505	0.005952380952380952	1.0	0.0	0.004830917874396135	0.008064516129032258	0.008547008547008548	0.0125	0.0	0.014925373134328358	0.00641025641025641	0.0	0.0	0.0	0.0	0.008605851979345954
pl	0.0	0.0	0.005076142131979695	0.0	0.008888888888888889	0.013157894736842105	0.0	0.006478209658421673	0.005405405405405406	0.009708737864077669	0.006134969325153374	0.0	0.03361344537815126	0.003115264797507788	0.007352941176470588	0.009569377990430622	0.007692307692307693	0.0	0.0	0.017543859649122806	0.004310344827586207	0.0	1.0	0.007407407407407408	0.005319148936170213	0.014563106796116505	0.006944444444444444	0.0	0.020202020202020204	0.0091324200913242	0.003194888178913738	0.0	0.005952380952380952	0.0	0.012461059190031152
pt	0.0	0.0	0.009259259259259259	0.0	0.01646090534979424	0.009230769230769232	0.0	0.006402793946449359	0.014778325123152709	0.006928406466512702	0.017543859649122806	0.005649717514124294	0.015267175572519083	0.0	0.010309278350515464	0.008733624454148471	0.0	0.0	0.0	0.010416666666666666	0.003968253968253968	0.004830917874396135	0.007407407407407408	1.0	0.014563106796116505	0.011547344110854504	0.012269938650306749	0.0	0.019230769230769232	0.016877637130801686	0.00906344410876133	0.0	0.005319148936170213	0.0	0.009036144578313253
ro	0.0	0.0	0.030534351145038167	0.0	0.012345679012345678	0.020833333333333332	0.014492753623188406	0.003658536585365854	0.00819672131147541	0.002840909090909091	0.01532567049808429	0.0	0.0223463687150838	0.01171875	0.004761904761904762	0.0	0.015306122448979591	0.0	0.024390243902439025	0.01834862385321101	0.030303030303030304	0.008064516129032258	0.005319148936170213	0.014563106796116505	1.0	0.0056657223796034	0.025	0.0	0.008875739644970414	0.025974025974025976	0.004	0.0	0.02912621359223301	0.0	0.00686106346483705
ru	0.0	0.0	0.01675977653631285	0.0	0.002551020408163265	0.01935483870967742	0.0	0.00914962325080732	0.01440922190201729	0.006920415224913495	0.022774327122153208	0.0030959752321981426	0.00980392156862745	0.02092050209205021	0.002277904328018223	0.005333333333333333	0.007058823529411765	0.0	0.006430868167202572	0.0029498525073746312	0.007575757575757576	0.008547008547008548	0.014563106796116505	0.011547344110854504	0.0056657223796034	1.0	0.0032258064516129032	0.0	0.017857142857142856	0.0078125	0.008403361344537815	0.0	0.0029940119760479044	0.0	0.011152416356877323
sh	0.0	0.0	0.02247191011235955	0.0	0.0	0.0	0.0	0.0006246096189881324	0.0	0.003246753246753247	0.0091324200913242	0.0	0.014598540145985401	0.0	0.0	0.0	0.013071895424836602	0.04	0.0	0.0	0.008	0.0125	0.006944444444444444	0.012269938650306749	0.025	0.0032258064516129032	1.0	0.0	0.0033783783783783786	0.017857142857142856	0.0	0.0	0.0	0.0	0.00929368029739777
si	0.0	0.0	0.0	0.0	0.0	0.0	0.0	0.0	0.0	0.0	0.0	0.0	0.0	0.0	0.0	0.011627906976744186	0.0	0.0	0.045454545454545456	0.0	0.0	0.0	0.0	0.0	0.0	0.0	0.0	1.0	0.0	0.0	0.0	0.0	0.0	0.0	0.0
simple	0.0	0.0	0.014492753623188406	0.0	0.024324324324324326	0.03139013452914798	0.0035211267605633804	0.011963023382272975	0.0	0.017921146953405017	0.023454157782515993	0.006493506493506494	0.028423772609819122	0.014989293361884369	0.011876484560570071	0.011142061281337047	0.019704433497536946	0.007067137809187279	0.006734006734006734	0.012422360248447204	0.018518518518518517	0.014925373134328358	0.020202020202020204	0.019230769230769232	0.008875739644970414	0.017857142857142856	0.0033783783783783786	0.0	1.0	0.01912568306010929	0.002150537634408602	0.0034602076124567475	0.003125	0.0	0.030848329048843187
sr	0.0	0.010416666666666666	0.024539877300613498	0.0	0.010309278350515464	0.014652014652014652	0.009900990099009901	0.0035885167464114833	0.0	0.005221932114882507	0.017123287671232876	0.0	0.014150943396226415	0.0034482758620689655	0.004132231404958678	0.0	0.013157894736842105	0.0	0.017543859649122806	0.0	0.01	0.00641025641025641	0.0091324200913242	0.016877637130801686	0.025974025974025976	0.0078125	0.017857142857142856	0.0	0.01912568306010929	1.0	0.0035460992907801418	0.0	0.0	0.0	0.011437908496732025
sv	0.005128205128205128	0.0	0.007751937984496124	0.0	0.017605633802816902	0.005434782608695652	0.0	0.0033994334277620396	0.004048582995951417	0.004201680672268907	0.005154639175257732	0.0	0.013157894736842105	0.0026109660574412533	0.012048192771084338	0.007380073800738007	0.0	0.0	0.0	0.0	0.006825938566552901	0.0	0.003194888178913738	0.00906344410876133	0.004	0.008403361344537815	0.0	0.0	0.002150537634408602	0.0035460992907801418	1.0	0.0	0.0	0.0	0.015691868758915834
te	0.0	0.0	0.0	0.07692307692307693	0.0	0.0	0.0	0.0018844221105527637	0.0	0.0	0.0	0.023255813953488372	0.0	0.0	0.006289308176100629	0.0	0.0	0.0	0.0	0.0	0.00847457627118644	0.0	0.0	0.0	0.0	0.0	0.0	0.0	0.0034602076124567475	0.0	0.0	1.0	0.0	0.0	0.0
vi	0.0	0.0	0.017699115044247787	0.0	0.02127659574468085	0.004464285714285714	0.0	0.0012315270935960591	0.03	0.0030120481927710845	0.012396694214876033	0.013513513513513514	0.03164556962025317	0.0	0.005263157894736842	0.024	0.011299435028248588	0.0	0.015873015873015872	0.011111111111111112	0.013513513513513514	0.0	0.005952380952380952	0.005319148936170213	0.02912621359223301	0.0029940119760479044	0.0	0.0	0.003125	0.0	0.0	0.0	1.0	0.0	0.005319148936170213
war	0.125	0.0	0.0	0.0	0.009900990099009901	0.0	0.0	0.0	0.0	0.0	0.0	0.0	0.0	0.0	0.0	0.0	0.0	0.0	0.0	0.0	0.0	0.0	0.0	0.0	0.0	0.0	0.0	0.0	0.0	0.0	0.0	0.0	0.0	1.0	0.0
zh	0.0	0.0	0.011884550084889643	0.0	0.012965964343598054	0.01291248206599713	0.0	0.01591128254580521	0.0017152658662092624	0.030379746835443037	0.0182328190743338	0.0	0.02384737678855326	0.018387553041018388	0.0014903129657228018	0.0049504950495049506	0.02009273570324575	0.0018867924528301887	0.003683241252302026	0.008818342151675485	0.003179650238473768	0.008605851979345954	0.012461059190031152	0.009036144578313253	0.00686106346483705	0.011152416356877323	0.00929368029739777	0.0	0.030848329048843187	0.011437908496732025	0.015691868758915834	0.0	0.005319148936170213	0.0	1.0
