arz	bs	ceb	ckb	da	de	el	en	es	fr	he	hi	hu	id	it	ja	ko	lv	mk	ml	mr	nl	pl	pt	ro	ru	sh	si	simple	sr	sv	te	tr	vi	war	zh
arz	0.0	0.006	0.0	0.0	0.071	0.064	0.0	0.736	0.129	0.197	0.0	0.0	0.001	0.073	0.32	0.0	0.0	0.001	0.0	0.0	0.0	0.102	0.064	0.131	0.005	0.0	0.065	0.0	0.009	0.005	0.068	0.0	0.006	0.0	0.0	0.0	
bs	0.006	0.0	0.006	0.006	0.077	0.07	0.006	0.741	0.134	0.203	0.006	0.006	0.007	0.079	0.326	0.006	0.006	0.008	0.006	0.006	0.006	0.108	0.07	0.137	0.011	0.006	0.071	0.006	0.015	0.011	0.074	0.006	0.012	0.006	0.006	0.006	
ceb	0.0	0.006	0.0	0.0	0.071	0.064	0.0	0.736	0.129	0.197	0.0	0.0	0.001	0.073	0.32	0.0	0.0	0.001	0.0	0.0	0.0	0.102	0.064	0.131	0.005	0.0	0.065	0.0	0.009	0.005	0.068	0.0	0.006	0.0	0.0	0.0	
ckb	0.0	0.006	0.0	0.0	0.071	0.064	0.0	0.736	0.129	0.197	0.0	0.0	0.001	0.073	0.32	0.0	0.0	0.001	0.0	0.0	0.0	0.102	0.064	0.131	0.005	0.0	0.065	0.0	0.009	0.005	0.068	0.0	0.006	0.0	0.0	0.0	
da	0.071	0.077	0.071	0.071	0.0	0.134	0.071	0.797	0.198	0.265	0.071	0.071	0.072	0.142	0.386	0.071	0.071	0.073	0.071	0.071	0.071	0.171	0.133	0.198	0.076	0.071	0.134	0.071	0.079	0.076	0.137	0.071	0.077	0.071	0.071	0.071	
de	0.064	0.07	0.064	0.064	0.134	0.0	0.064	0.789	0.19	0.256	0.064	0.064	0.065	0.135	0.378	0.064	0.064	0.066	0.064	0.064	0.064	0.163	0.127	0.193	0.069	0.064	0.129	0.064	0.073	0.069	0.132	0.064	0.071	0.064	0.064	0.064	
el	0.0	0.006	0.0	0.0	0.071	0.064	0.0	0.736	0.129	0.197	0.0	0.0	0.001	0.073	0.32	0.0	0.0	0.001	0.0	0.0	0.0	0.102	0.064	0.131	0.005	0.0	0.065	0.0	0.009	0.005	0.068	0.0	0.006	0.0	0.0	0.0	
en	0.736	0.741	0.736	0.736	0.797	0.789	0.736	0.0	0.839	0.886	0.736	0.736	0.737	0.798	1.0	0.736	0.736	0.737	0.736	0.736	0.736	0.828	0.793	0.844	0.74	0.736	0.794	0.736	0.744	0.74	0.796	0.736	0.741	0.736	0.736	0.736	
es	0.129	0.134	0.129	0.129	0.198	0.19	0.129	0.839	0.0	0.314	0.129	0.129	0.13	0.199	0.434	0.129	0.129	0.13	0.129	0.129	0.129	0.227	0.191	0.255	0.133	0.129	0.192	0.129	0.137	0.134	0.195	0.129	0.135	0.129	0.129	0.129	
fr	0.197	0.203	0.197	0.197	0.265	0.256	0.197	0.886	0.314	0.0	0.197	0.197	0.198	0.264	0.492	0.197	0.197	0.198	0.197	0.197	0.197	0.291	0.256	0.316	0.201	0.197	0.259	0.197	0.206	0.202	0.261	0.197	0.203	0.197	0.197	0.197	
he	0.0	0.006	0.0	0.0	0.071	0.064	0.0	0.736	0.129	0.197	0.0	0.0	0.001	0.073	0.32	0.0	0.0	0.001	0.0	0.0	0.0	0.102	0.064	0.131	0.005	0.0	0.065	0.0	0.009	0.005	0.068	0.0	0.006	0.0	0.0	0.0	
hi	0.0	0.006	0.0	0.0	0.071	0.064	0.0	0.736	0.129	0.197	0.0	0.0	0.001	0.073	0.32	0.0	0.0	0.001	0.0	0.0	0.0	0.102	0.064	0.131	0.005	0.0	0.065	0.0	0.009	0.005	0.068	0.0	0.006	0.0	0.0	0.0	
hu	0.001	0.007	0.001	0.001	0.072	0.065	0.001	0.737	0.13	0.198	0.001	0.001	0.0	0.074	0.321	0.001	0.001	0.002	0.001	0.001	0.001	0.102	0.065	0.132	0.006	0.001	0.066	0.001	0.01	0.006	0.069	0.001	0.008	0.001	0.001	0.001	
id	0.073	0.079	0.073	0.073	0.142	0.135	0.073	0.798	0.199	0.264	0.073	0.073	0.074	0.0	0.389	0.073	0.073	0.074	0.073	0.073	0.073	0.173	0.136	0.2	0.077	0.073	0.137	0.073	0.082	0.078	0.14	0.073	0.079	0.073	0.073	0.073	
it	0.32	0.326	0.32	0.32	0.386	0.378	0.32	1.0	0.434	0.492	0.32	0.32	0.321	0.389	0.0	0.32	0.32	0.321	0.32	0.32	0.32	0.412	0.379	0.44	0.324	0.32	0.383	0.32	0.328	0.325	0.383	0.32	0.326	0.32	0.32	0.32	
ja	0.0	0.006	0.0	0.0	0.071	0.064	0.0	0.736	0.129	0.197	0.0	0.0	0.001	0.073	0.32	0.0	0.0	0.001	0.0	0.0	0.0	0.102	0.064	0.131	0.005	0.0	0.065	0.0	0.009	0.005	0.068	0.0	0.006	0.0	0.0	0.0	
ko	0.0	0.006	0.0	0.0	0.071	0.064	0.0	0.736	0.129	0.197	0.0	0.0	0.001	0.073	0.32	0.0	0.0	0.001	0.0	0.0	0.0	0.102	0.064	0.131	0.005	0.0	0.065	0.0	0.009	0.005	0.068	0.0	0.006	0.0	0.0	0.0	
lv	0.001	0.008	0.001	0.001	0.073	0.066	0.001	0.737	0.13	0.198	0.001	0.001	0.002	0.074	0.321	0.001	0.001	0.0	0.001	0.001	0.001	0.103	0.065	0.133	0.006	0.001	0.067	0.001	0.01	0.007	0.07	0.001	0.008	0.001	0.001	0.001	
mk	0.0	0.006	0.0	0.0	0.071	0.064	0.0	0.736	0.129	0.197	0.0	0.0	0.001	0.073	0.32	0.0	0.0	0.001	0.0	0.0	0.0	0.102	0.064	0.131	0.005	0.0	0.065	0.0	0.009	0.005	0.068	0.0	0.006	0.0	0.0	0.0	
ml	0.0	0.006	0.0	0.0	0.071	0.064	0.0	0.736	0.129	0.197	0.0	0.0	0.001	0.073	0.32	0.0	0.0	0.001	0.0	0.0	0.0	0.102	0.064	0.131	0.005	0.0	0.065	0.0	0.009	0.005	0.068	0.0	0.006	0.0	0.0	0.0	
mr	0.0	0.006	0.0	0.0	0.071	0.064	0.0	0.736	0.129	0.197	0.0	0.0	0.001	0.073	0.32	0.0	0.0	0.001	0.0	0.0	0.0	0.102	0.064	0.131	0.005	0.0	0.065	0.0	0.009	0.005	0.068	0.0	0.006	0.0	0.0	0.0	
nl	0.102	0.108	0.102	0.102	0.171	0.163	0.102	0.828	0.227	0.291	0.102	0.102	0.102	0.173	0.412	0.102	0.102	0.103	0.102	0.102	0.102	0.0	0.164	0.228	0.106	0.102	0.164	0.102	0.11	0.107	0.165	0.102	0.108	0.102	0.102	0.102	
pl	0.064	0.07	0.064	0.064	0.133	0.127	0.064	0.793	0.191	0.256	0.064	0.064	0.065	0.136	0.379	0.064	0.064	0.065	0.064	0.064	0.064	0.164	0.0	0.193	0.069	0.064	0.128	0.064	0.073	0.069	0.13	0.064	0.07	0.064	0.064	0.064	
pt	0.131	0.137	0.131	0.131	0.198	0.193	0.131	0.844	0.255	0.316	0.131	0.131	0.132	0.2	0.44	0.131	0.131	0.133	0.131	0.131	0.131	0.228	0.193	0.0	0.136	0.131	0.194	0.131	0.14	0.136	0.196	0.131	0.137	0.131	0.131	0.131	
ro	0.005	0.011	0.005	0.005	0.076	0.069	0.005	0.74	0.133	0.201	0.005	0.005	0.006	0.077	0.324	0.005	0.005	0.006	0.005	0.005	0.005	0.106	0.069	0.136	0.0	0.005	0.07	0.005	0.013	0.01	0.073	0.005	0.011	0.005	0.005	0.005	
ru	0.0	0.006	0.0	0.0	0.071	0.064	0.0	0.736	0.129	0.197	0.0	0.0	0.001	0.073	0.32	0.0	0.0	0.001	0.0	0.0	0.0	0.102	0.064	0.131	0.005	0.0	0.065	0.0	0.009	0.005	0.068	0.0	0.006	0.0	0.0	0.0	
sh	0.065	0.071	0.065	0.065	0.134	0.129	0.065	0.794	0.192	0.259	0.065	0.065	0.066	0.137	0.383	0.065	0.065	0.067	0.065	0.065	0.065	0.164	0.128	0.194	0.07	0.065	0.0	0.065	0.074	0.07	0.13	0.065	0.072	0.065	0.065	0.065	
si	0.0	0.006	0.0	0.0	0.071	0.064	0.0	0.736	0.129	0.197	0.0	0.0	0.001	0.073	0.32	0.0	0.0	0.001	0.0	0.0	0.0	0.102	0.064	0.131	0.005	0.0	0.065	0.0	0.009	0.005	0.068	0.0	0.006	0.0	0.0	0.0	
simple	0.009	0.015	0.009	0.009	0.079	0.073	0.009	0.744	0.137	0.206	0.009	0.009	0.01	0.082	0.328	0.009	0.009	0.01	0.009	0.009	0.009	0.11	0.073	0.14	0.013	0.009	0.074	0.009	0.0	0.014	0.077	0.009	0.015	0.009	0.009	0.009	
sr	0.005	0.011	0.005	0.005	0.076	0.069	0.005	0.74	0.134	0.202	0.005	0.005	0.006	0.078	0.325	0.005	0.005	0.007	0.005	0.005	0.005	0.107	0.069	0.136	0.01	0.005	0.07	0.005	0.014	0.0	0.073	0.005	0.012	0.005	0.005	0.005	
sv	0.068	0.074	0.068	0.068	0.137	0.132	0.068	0.796	0.195	0.261	0.068	0.068	0.069	0.14	0.383	0.068	0.068	0.07	0.068	0.068	0.068	0.165	0.13	0.196	0.073	0.068	0.13	0.068	0.077	0.073	0.0	0.068	0.074	0.068	0.068	0.068	
te	0.0	0.006	0.0	0.0	0.071	0.064	0.0	0.736	0.129	0.197	0.0	0.0	0.001	0.073	0.32	0.0	0.0	0.001	0.0	0.0	0.0	0.102	0.064	0.131	0.005	0.0	0.065	0.0	0.009	0.005	0.068	0.0	0.006	0.0	0.0	0.0	
tr	0.006	0.012	0.006	0.006	0.077	0.071	0.006	0.741	0.135	0.203	0.006	0.006	0.008	0.079	0.326	0.006	0.006	0.008	0.006	0.006	0.006	0.108	0.07	0.137	0.011	0.006	0.072	0.006	0.015	0.012	0.074	0.006	0.0	0.006	0.006	0.006	
vi	0.0	0.006	0.0	0.0	0.071	0.064	0.0	0.736	0.129	0.197	0.0	0.0	0.001	0.073	0.32	0.0	0.0	0.001	0.0	0.0	0.0	0.102	0.064	0.131	0.005	0.0	0.065	0.0	0.009	0.005	0.068	0.0	0.006	0.0	0.0	0.0	
war	0.0	0.006	0.0	0.0	0.071	0.064	0.0	0.736	0.129	0.197	0.0	0.0	0.001	0.073	0.32	0.0	0.0	0.001	0.0	0.0	0.0	0.102	0.064	0.131	0.005	0.0	0.065	0.0	0.009	0.005	0.068	0.0	0.006	0.0	0.0	0.0	
zh	0.0	0.006	0.0	0.0	0.071	0.064	0.0	0.736	0.129	0.197	0.0	0.0	0.001	0.073	0.32	0.0	0.0	0.001	0.0	0.0	0.0	0.102	0.064	0.131	0.005	0.0	0.065	0.0	0.009	0.005	0.068	0.0	0.006	0.0	0.0	0.0	
