arz	bs	ceb	ckb	da	de	el	en	es	fr	he	hi	hu	id	it	ja	ko	lv	mk	ml	mr	nl	pl	pt	ro	ru	sh	si	simple	sr	sv	te	vi	war	zh
arz	0.12506251562499998	0.12503124999999998	0.2	0.16666666666666666	0.125015625	0.125	0.125015625	0.125	0.125015625	0.12503124999999998	0.125	0.3333333333333333	0.125	0.125	0.125	0.125015625	0.12503124999999998	0.125	0.125015625	0.16669444444444442	0.16666666666666666	0.125	0.125	0.125	0.125	0.125015625	0.125015625	1.0	0.125015625	0.125	0.125	1.0	0.125015625	0.14285714285714285	0.12503124999999998
bs	0.12503124999999998	0.09144946504441145	0.2	0.1111605185308642	0.09095870249588431	0.09092561983471073	0.09104147124815729	0.0909669752231405	0.0909421652892562	0.09097526452898354	0.09094216529752067	0.25	0.09102494233081022	0.09099181822314877	0.09101666133908297	0.09097525621487604	0.09103323165328991	0.09092561983471073	0.10011010005002	0.1430409185103063	0.1667222222222222	0.09092561983471074	0.09095042975206613	0.09096699177690085	0.09100009100834716	0.09094215702479339	0.09110794336651924	1.0	0.10004002001	0.09100009099179343	0.0909421570247934	1.0	0.09095042148760331	0.125	0.09102495889288477
ceb	0.2	0.2	0.2	0.2	0.2	0.2	0.2	0.2	0.2	0.2	0.2	0.5	0.2	0.2	0.2	0.2	0.2	0.2	0.2	0.2	0.2	0.2	0.2	0.2	0.2	0.2	0.2	1.0	0.2	0.2	0.2	1.0	0.2	0.2	0.2
ckb	0.16666666666666666	0.1111605185308642	0.2	0.11122235819776578	0.11112345679012345	0.11112345679012345	0.11112345679012345	0.1111111111111111	0.11112345679012345	0.1111111111111111	0.11112345679012345	0.25	0.11113580246913579	0.11112345679012345	0.11112345679012345	0.11112345679012345	0.1111111111111111	0.11113581481481481	0.12503124999999998	0.14289797959183673	0.2	0.1111111111111111	0.1111111111111111	0.11114816049382717	0.11113580246913579	0.1111111111111111	0.11117287655555554	1.0	0.125	0.11113581481481481	0.11112345679012345	1.0	0.1111111111111111	0.14285714285714285	0.11114817283950616
da	0.125015625	0.09095870249588431	0.2	0.11112345679012345	0.047700823360916696	0.047619047619047616	0.07143877551020407	0.047625850340136056	0.052637119113573404	0.047628117913832195	0.06667111111111111	0.25	0.06251953906249999	0.07694675147928993	0.05556790432098765	0.05264819944598338	0.06252344922657033	0.07143367346938775	0.09094216529752894	0.14291844908175524	0.16666666666666666	0.055561728395061724	0.05555864197530863	0.06668889777777778	0.07145919388265817	0.04762358503401361	0.08340284731261124	1.0	0.08334028472917361	0.07694674556213017	0.050004999999999994	1.0	0.0625	0.125	0.06251953516016015
de	0.125	0.09092561983471073	0.2	0.11112345679012345	0.047619047619047616	0.028611474333932303	0.06667555555555557	0.031255859375	0.041666666666666664	0.03125	0.052637119113573404	0.25006249999999997	0.058833910034602074	0.07143877551020407	0.03847189349112426	0.03704115226337448	0.058837373702422154	0.07142857142857142	0.09091735537190083	0.14285714285714285	0.16666666666666666	0.04166840277777777	0.05000249999999999	0.058830449826989616	0.06667111111111111	0.03448394768133174	0.08335416666666667	1.0	0.07692307692307693	0.07692307692307693	0.038463017751479284	1.0	0.058823529411764705	0.125	0.0500125025
el	0.125015625	0.09104147124815729	0.2	0.11112345679012345	0.07143877551020407	0.06667555555555557	0.06688510435352421	0.06669334222222223	0.06668	0.06668889333333333	0.07143877551020407	0.25	0.07701194689959784	0.07696450295857987	0.06672004446667112	0.06669778222222222	0.06672894225334222	0.07694082840236686	0.10004001999999998	0.1429387755102041	0.16666666666666666	0.06668	0.06669334222666667	0.07146939795918367	0.07697634911242604	0.06667555555555556	0.083402833395882	1.0	0.08336111805555554	0.08336111111111111	0.06666666666666667	1.0	0.07144898469387755	0.125	0.06672893336446667
en	0.125	0.0909669752231405	0.2	0.1111111111111111	0.047625850340136056	0.031255859375	0.06669334222222223	0.027899449817765206	0.04167535069444444	0.029423878892733565	0.052650980614958445	0.25	0.05884775432525951	0.07144387755102041	0.03848818492604883	0.03705076131961591	0.058854688591705895	0.07142857142857142	0.09094219013228931	0.14291838777553062	0.16666666666666666	0.04000640320320321	0.047625850340136056	0.058840833910034605	0.06670669334668	0.03448989298454221	0.08336113195834723	1.0	0.07694674556213017	0.07693491124260354	0.04	1.0	0.055561728395061724	0.125	0.05003751749999999
es	0.125015625	0.0909421652892562	0.2	0.11112345679012345	0.052637119113573404	0.041666666666666664	0.06668	0.04167535069444444	0.03455902653234075	0.04167013888888889	0.058833910034602074	0.25	0.05885468512456748	0.07144897959183673	0.04763038775510204	0.04545867768595041	0.058840833910034605	0.07693491715976332	0.09093388429752067	0.14285714285714285	0.16666666666666666	0.047625850340136056	0.052637119113573404	0.05884775778546713	0.06669334222222223	0.0400064	0.08334722222222221	1.0	0.07693491124260354	0.07693491124260354	0.045454545454545456	1.0	0.05882698961937716	0.125	0.05557408333333333
fr	0.12503124999999998	0.09097526452898354	0.2	0.1111111111111111	0.047628117913832195	0.03125	0.06668889333333333	0.029423878892733565	0.04167013888888889	0.027866796439686987	0.052637119113573404	0.25	0.058840830449826985	0.07144898469387755	0.038480778110948216	0.037042524005486965	0.05883737370242214	0.07143367346938775	0.09092561983471074	0.14289795918367346	0.16669444444444442	0.0400064016	0.047619047619047616	0.058833910034602074	0.06671114668889777	0.03571683673469388	0.08334722222222221	1.0	0.07692899408284024	0.07694675147928993	0.0400048	1.0	0.055574074074074074	0.125	0.05003001501000501
he	0.125	0.09094216529752067	0.2	0.11112345679012345	0.06667111111111111	0.052637119113573404	0.07143877551020407	0.052650980614958445	0.058833910034602074	0.052637119113573404	0.05272590049338826	0.25006249999999997	0.06669778666666666	0.07144387755102041	0.055567901234567896	0.05264819944598338	0.06251562890625	0.08333333333333333	0.09093388429752067	0.14287755102040817	0.16669444444444442	0.052637119113573404	0.058823529411764705	0.058837370242214526	0.07144388775510203	0.05555864197530863	0.08334722916666666	1.0	0.07692899408284024	0.07693491124260354	0.05263157894736842	1.0	0.06250390624999999	0.125	0.05885815572665051
hi	0.3333333333333333	0.25	0.5	0.25	0.25	0.25006249999999997	0.25	0.25	0.25	0.25	0.25006249999999997	0.25006249999999997	0.25	0.25006249999999997	0.25006249999999997	0.25	0.25	0.25	0.3333333333333333	0.25	0.5	0.25	0.25	0.25	0.25	0.25	0.25	1.0	0.3333333333333333	0.25	0.25	1.0	0.25	0.3333333333333333	0.25006249999999997
hu	0.125	0.09102494233081022	0.2	0.11113580246913579	0.06251953906249999	0.058833910034602074	0.07701194689959784	0.05884775432525951	0.05885468512456748	0.058840830449826985	0.06669778666666666	0.25	0.05912609779105739	0.07695859763313609	0.06255473832423827	0.0625312695390625	0.06670668444444443	0.08335416666666667	0.0909421652892562	0.1428980000408572	0.16669444444444442	0.06251953125	0.06253126954688282	0.06671558668444444	0.07150007150518378	0.05884430104152249	0.08343068072247256	1.0	0.08338196528472222	0.07696452072189941	0.0625078125	1.0	0.06251562890625	0.125	0.07148986230107658
id	0.125	0.09099181822314877	0.2	0.11112345679012345	0.07694675147928993	0.07143877551020407	0.07696450295857987	0.07144387755102041	0.07144897959183673	0.07144898469387755	0.07144387755102041	0.25006249999999997	0.07695859763313609	0.0715717096998945	0.0714745	0.07144898469387755	0.0714745102142857	0.08334027777777778	0.09094217356198347	0.14285714285714285	0.16666666666666666	0.07143877551020407	0.07145409183673469	0.07144897959183673	0.0714591887755102	0.07142857142857142	0.08338890277777777	1.0	0.07692899408284024	0.07695859171597633	0.07143877551020407	1.0	0.07144388265306122	0.125	0.07145920919388266
it	0.125	0.09101666133908297	0.2	0.11112345679012345	0.05556790432098765	0.03847189349112426	0.06672004446667112	0.03848818492604883	0.04763038775510204	0.038480778110948216	0.055567901234567896	0.25006249999999997	0.06255473832423827	0.0714745	0.03864287388133493	0.04167708680555556	0.05886509000696544	0.07692307692307693	0.09095046285955377	0.14293883679597963	0.16666666666666666	0.04349338563327032	0.055570993830246905	0.06254299612111329	0.07145918367346939	0.043483933837429115	0.0833889236389167	1.0	0.07692899408284024	0.07694674556213017	0.047625850340136056	1.0	0.0625078125	0.125	0.05004504003253503
ja	0.125015625	0.09097525621487604	0.2	0.11112345679012345	0.05264819944598338	0.03704115226337448	0.06669778222222222	0.03705076131961591	0.04545867768595041	0.037042524005486965	0.05264819944598338	0.25	0.0625312695390625	0.07144898469387755	0.04167708680555556	0.035811475158643635	0.05884775432525951	0.07692899408284024	0.09091735537190083	0.14285714285714285	0.16666666666666666	0.041671875	0.0526398891966759	0.058830449826989616	0.0714745	0.041670140625	0.08337502779166667	1.0	0.07693491124260354	0.07692899408284024	0.04348015122873346	1.0	0.06250781640625	0.125	0.050025012502499994
ko	0.12503124999999998	0.09103323165328991	0.2	0.1111111111111111	0.06252344922657033	0.058837373702422154	0.06672894225334222	0.058854688591705895	0.058840833910034605	0.05883737370242214	0.06251562890625	0.25	0.06670668444444443	0.0714745102142857	0.05886509000696544	0.05884775432525951	0.05581908244041555	0.07693491124260354	0.09095870249588431	0.14291838777553062	0.16666666666666666	0.0588512214567474	0.058840830449826985	0.06255080470314063	0.07150514800003574	0.058840833910034605	0.0834237014792501	1.0	0.07694674556213017	0.07695859171597633	0.05882698961937716	1.0	0.06251172265624999	0.125	0.06257821495715245
lv	0.125	0.09092561983471073	0.2	0.11113581481481481	0.07143367346938775	0.07142857142857142	0.07694082840236686	0.07142857142857142	0.07693491715976332	0.07143367346938775	0.08333333333333333	0.25	0.08335416666666667	0.08334027777777778	0.07692307692307693	0.07692899408284024	0.07693491124260354	0.07150515820411228	0.10000999999999999	0.14285714285714285	0.16666666666666666	0.07692899408284024	0.07692307692307693	0.08333333333333333	0.08334722222222221	0.07142857142857142	0.08335416666666667	1.0	0.09091735537190083	0.08334027777777778	0.07692307692307693	1.0	0.08333333333333333	0.125	0.07695267456805918
mk	0.125015625	0.10011010005002	0.2	0.12503124999999998	0.09094216529752894	0.09091735537190083	0.10004001999999998	0.09094219013228931	0.09093388429752067	0.09092561983471074	0.09093388429752067	0.3333333333333333	0.0909421652892562	0.09094217356198347	0.09095046285955377	0.09091735537190083	0.09095870249588431	0.10000999999999999	0.0910995793155398	0.16683350016686133	0.16669444444444442	0.09091735537190083	0.09091735537190083	0.09093389256198348	0.09096698351243807	0.09091735537190083	0.10011011010010012	1.0	0.09093388429752067	0.0909504380330744	0.09090909090909091	1.0	0.09091735537190083	0.125	0.09093388429752067
ml	0.16669444444444442	0.1430409185103063	0.2	0.14289797959183673	0.14291844908175524	0.14285714285714285	0.1429387755102041	0.14291838777553062	0.14285714285714285	0.14289795918367346	0.14287755102040817	0.25	0.1428980000408572	0.14285714285714285	0.14293883679597963	0.14285714285714285	0.14291838777553062	0.14285714285714285	0.16683350016686133	0.14318428698210706	0.20003999999999997	0.14285714285714285	0.14287755102040817	0.14295922448979592	0.14293881636738778	0.14285714285714285	0.14300020436775562	1.0	0.16672225002780555	0.14291840818367346	0.14285714285714285	1.0	0.14287755102040817	0.16666666666666666	0.14291838777553065
mr	0.16666666666666666	0.1667222222222222	0.2	0.2	0.16666666666666666	0.16666666666666666	0.16666666666666666	0.16666666666666666	0.16666666666666666	0.16669444444444442	0.16669444444444442	0.5	0.16669444444444442	0.16666666666666666	0.16666666666666666	0.16666666666666666	0.16666666666666666	0.16666666666666666	0.16669444444444442	0.20003999999999997	0.1667222222222222	0.16666666666666666	0.16666666666666666	0.16666666666666666	0.16666666666666666	0.16666666666666666	0.16669444444444442	1.0	0.16666666666666666	0.16669444444444442	0.16666666666666666	1.0	0.16666666666666666	0.16666666666666666	0.16666666666666666
nl	0.125	0.09092561983471074	0.2	0.1111111111111111	0.055561728395061724	0.04166840277777777	0.06668	0.04000640320320321	0.047625850340136056	0.0400064016	0.052637119113573404	0.25	0.06251953125	0.07143877551020407	0.04349338563327032	0.041671875	0.0588512214567474	0.07692899408284024	0.09091735537190083	0.14285714285714285	0.16666666666666666	0.04005285765925124	0.0526398891966759	0.058833910034602074	0.07144388265306122	0.04348393194706995	0.08336111111111111	1.0	0.07692899408284024	0.07693491124260354	0.045454545454545456	1.0	0.06250390624999999	0.125	0.05000999999999999
pl	0.125	0.09095042975206613	0.2	0.1111111111111111	0.05555864197530863	0.05000249999999999	0.06669334222666667	0.047625850340136056	0.052637119113573404	0.047619047619047616	0.058823529411764705	0.25	0.06253126954688282	0.07145409183673469	0.055570993830246905	0.0526398891966759	0.058840830449826985	0.07692307692307693	0.09091735537190083	0.14287755102040817	0.16666666666666666	0.0526398891966759	0.04770080515894585	0.058837370242214526	0.06668445333333334	0.05	0.08337502779862499	1.0	0.07693491124260354	0.07692307692307693	0.05	1.0	0.055567901234567896	0.125	0.06251562499999999
pt	0.125	0.09096699177690085	0.2	0.11114816049382717	0.06668889777777778	0.058830449826989616	0.07146939795918367	0.058840833910034605	0.05884775778546713	0.058833910034602074	0.058837370242214526	0.25	0.06671558668444444	0.07144897959183673	0.06254299612111329	0.058830449826989616	0.06255080470314063	0.08333333333333333	0.09093389256198348	0.14295922448979592	0.16666666666666666	0.058833910034602074	0.058837370242214526	0.05574442774623253	0.07148472450511735	0.058830449826989616	0.0833819652916736	1.0	0.07693491124260354	0.07695268048521302	0.058833910034602074	1.0	0.0625	0.125	0.06252734374999999
ro	0.125	0.09100009100834716	0.2	0.11113580246913579	0.07145919388265817	0.06667111111111111	0.07697634911242604	0.06670669334668	0.06669334222222223	0.06671114668889777	0.07144388775510203	0.25	0.07150007150518378	0.0714591887755102	0.07145918367346939	0.0714745	0.07150514800003574	0.08334722222222221	0.09096698351243807	0.14293881636738778	0.16666666666666666	0.07144388265306122	0.06668445333333334	0.07148472450511735	0.06692995101330813	0.06667555555555557	0.08343764604900766	1.0	0.07695860950299412	0.07694674556213017	0.06668444444444445	1.0	0.06667556	0.125	0.07151544922487811
ru	0.125015625	0.09094215702479339	0.2	0.1111111111111111	0.04762358503401361	0.03448394768133174	0.06667555555555556	0.03448989298454221	0.0400064	0.03571683673469388	0.05555864197530863	0.25	0.05884430104152249	0.07142857142857142	0.043483933837429115	0.041670140625	0.058840833910034605	0.07142857142857142	0.09091735537190083	0.14285714285714285	0.16666666666666666	0.04348393194706995	0.05	0.058830449826989616	0.06667555555555557	0.032305998019946186	0.08336112500694444	1.0	0.07694084023668639	0.07692307692307693	0.04167013888888889	1.0	0.058823529411764705	0.125	0.05265097784210527
sh	0.125015625	0.09110794336651924	0.2	0.11117287655555554	0.08340284731261124	0.08335416666666667	0.083402833395882	0.08336113195834723	0.08334722222222221	0.08334722222222221	0.08334722916666666	0.25	0.08343068072247256	0.08338890277777777	0.0833889236389167	0.08337502779166667	0.0834237014792501	0.08335416666666667	0.10011011010010012	0.14300020436775562	0.16669444444444442	0.08336111111111111	0.08337502779862499	0.0833819652916736	0.08343764604900766	0.08336112500694444	0.08371006346667874	1.0	0.09095042149587604	0.08340285424313201	0.08335416666666667	1.0	0.08336111805555554	0.125	0.08339586806945835
si	1.0	1.0	1.0	1.0	1.0	1.0	1.0	1.0	1.0	1.0	1.0	1.0	1.0	1.0	1.0	1.0	1.0	1.0	1.0	1.0	1.0	1.0	1.0	1.0	1.0	1.0	1.0	1.0	1.0	1.0	1.0	1.0	1.0	1.0	1.0
simple	0.125015625	0.10004002001	0.2	0.125	0.08334028472917361	0.07692307692307693	0.08336111805555554	0.07694674556213017	0.07693491124260354	0.07692899408284024	0.07692899408284024	0.3333333333333333	0.08338196528472222	0.07692899408284024	0.07692899408284024	0.07693491124260354	0.07694674556213017	0.09091735537190083	0.09093388429752067	0.16672225002780555	0.16666666666666666	0.07692899408284024	0.07693491124260354	0.07693491124260354	0.07695860950299412	0.07694084023668639	0.09095042149587604	1.0	0.07704160977568734	0.08334722222222221	0.07692307692307693	1.0	0.07693491716568639	0.125	0.0769645325680651
sr	0.125	0.09100009099179343	0.2	0.11113581481481481	0.07694674556213017	0.07692307692307693	0.08336111111111111	0.07693491124260354	0.07693491124260354	0.07694675147928993	0.07693491124260354	0.25	0.07696452072189941	0.07695859171597633	0.07694674556213017	0.07692899408284024	0.07695859171597633	0.08334027777777778	0.0909504380330744	0.14291840818367346	0.16669444444444442	0.07693491124260354	0.07692307692307693	0.07695268048521302	0.07694674556213017	0.07692307692307693	0.08340285424313201	1.0	0.08334722222222221	0.0770653376811372	0.07693491124260354	1.0	0.07694082840236686	0.125	0.07695859763905326
sv	0.125	0.0909421570247934	0.2	0.11112345679012345	0.050004999999999994	0.038463017751479284	0.06666666666666667	0.04	0.045454545454545456	0.0400048	0.05263157894736842	0.25	0.0625078125	0.07143877551020407	0.047625850340136056	0.04348015122873346	0.05882698961937716	0.07692307692307693	0.09090909090909091	0.14285714285714285	0.16666666666666666	0.045454545454545456	0.05	0.058833910034602074	0.06668444444444445	0.04167013888888889	0.08335416666666667	1.0	0.07692307692307693	0.07693491124260354	0.03707272566255555	1.0	0.058830449826989616	0.125	0.05264265927977839
te	1.0	1.0	1.0	1.0	1.0	1.0	1.0	1.0	1.0	1.0	1.0	1.0	1.0	1.0	1.0	1.0	1.0	1.0	1.0	1.0	1.0	1.0	1.0	1.0	1.0	1.0	1.0	1.0	1.0	1.0	1.0	1.0	1.0	1.0	1.0
vi	0.125015625	0.09095042148760331	0.2	0.1111111111111111	0.0625	0.058823529411764705	0.07144898469387755	0.055561728395061724	0.05882698961937716	0.055574074074074074	0.06250390624999999	0.25	0.06251562890625	0.07144388265306122	0.0625078125	0.06250781640625	0.06251172265624999	0.08333333333333333	0.09091735537190083	0.14287755102040817	0.16666666666666666	0.06250390624999999	0.055567901234567896	0.0625	0.06667556	0.058823529411764705	0.08336111805555554	1.0	0.07693491716568639	0.07694082840236686	0.058830449826989616	1.0	0.05564522557445109	0.125	0.06668889333778222
war	0.14285714285714285	0.125	0.2	0.14285714285714285	0.125	0.125	0.125	0.125	0.125	0.125	0.125	0.3333333333333333	0.125	0.125	0.125	0.125	0.125	0.125	0.125	0.16666666666666666	0.16666666666666666	0.125	0.125	0.125	0.125	0.125	0.125	1.0	0.125	0.125	0.125	1.0	0.125	0.125	0.125
zh	0.12503124999999998	0.09102495889288477	0.2	0.11114817283950616	0.06251953516016015	0.0500125025	0.06672893336446667	0.05003751749999999	0.05557408333333333	0.05003001501000501	0.05885815572665051	0.25006249999999997	0.07148986230107658	0.07145920919388266	0.05004504003253503	0.050025012502499994	0.06257821495715245	0.07695267456805918	0.09093388429752067	0.14291838777553065	0.16666666666666666	0.05000999999999999	0.06251562499999999	0.06252734374999999	0.07151544922487811	0.05265097784210527	0.08339586806945835	1.0	0.0769645325680651	0.07695859763905326	0.05264265927977839	1.0	0.06668889333778222	0.125	0.04791336015507216
