arz	bs	ceb	ckb	da	de	el	en	es	fr	he	hi	hu	id	it	ja	ko	lv	mk	ml	mr	nl	pl	pt	ro	ru	sh	si	simple	sr	sv	te	vi	war	zh
arz	1.0	0.0	0.0	0.0	0.585786437626905	1.0	0.0	1.0	1.0	0.585786437626905	1.0	0.0	1.0	1.0	1.0	1.0	1.0	0.0	1.0	0.0	0.0	1.0	1.0	1.0	1.0	1.0	0.0	0.0	1.0	0.0	1.0	0.0	1.0	0.0	1.0
bs	0.0	1.0	0.0	1.0	0.585786437626905	1.0	1.0	1.0	1.0	1.0	1.0	1.0	1.0	1.0	1.0	1.0	1.0	1.0	1.0	1.0	0.0	1.0	1.0	1.0	0.0	1.0	1.0	0.0	1.0	1.0	0.585786437626905	0.0	1.0	0.0	1.0
ceb	0.0	0.0	1.0	0.0	1.0	1.0	0.0	1.0	1.0	1.0	1.0	0.0	0.0	1.0	1.0	1.0	1.0	1.0	1.0	1.0	0.0	1.0	0.585786437626905	1.0	1.0	1.0	0.0	0.0	1.0	1.0	1.0	0.0	1.0	0.0	1.0
ckb	0.0	1.0	0.0	1.0	1.0	1.0	1.0	0.5	1.0	1.0	1.0	1.0	1.0	1.0	1.0	1.0	1.0	1.0	1.0	1.0	0.0	1.0	1.0	0.585786437626905	0.0	1.0	0.0	0.0	1.0	1.0	1.0	0.0	1.0	0.0	1.0
da	0.585786437626905	0.585786437626905	1.0	1.0	1.0	0.1856154626682773	1.0	0.05024283967317035	0.24257131419419417	0.1886378647726465	0.4142135623730951	1.0	0.585786437626905	0.21926426046804404	0.09209397803725561	0.29429805508554946	0.3164309725825328	0.585786437626905	0.5	1.0	0.0	0.17483535791233365	0.20025050899954325	0.16390255730764816	0.585786437626905	0.2553967929896867	1.0	0.0	0.585786437626905	0.585786437626905	0.15638582148414487	0.0	0.585786437626905	1.0	0.3090169943749474
de	1.0	1.0	1.0	1.0	0.1856154626682773	1.0	0.34833147735478825	0.006604416503944628	0.04388270090447084	0.009449750064065069	0.32449979983983984	1.0	0.12910941082283192	0.04492184270714168	0.011846239860489466	0.11123994497832239	0.34833147735478825	1.0	0.3660254037844386	1.0	0.0	0.010759572423541084	0.018194601853100418	0.01632349184846452	0.44948974278317805	0.015464188800460682	0.27429188517743175	0.0	0.26533119314590375	0.4364916731037085	0.02185012981258948	0.0	0.3164309725825328	1.0	0.17050763999009447
el	0.0	1.0	0.0	1.0	1.0	0.34833147735478825	1.0	0.017741174318694597	0.585786437626905	0.16139047779640892	1.0	1.0	0.585786437626905	0.25000000000000006	0.03284855324483855	1.0	1.0	1.0	1.0	1.0	0.0	0.44948974278317805	0.22966848451216434	0.12346752509553721	1.0	1.0	1.0	0.0	1.0	1.0	0.1757340838011157	0.0	1.0	1.0	1.0
en	1.0	1.0	1.0	0.5	0.05024283967317035	0.006604416503944628	0.017741174318694597	1.0	0.005517890296479352	0.01884800094220858	0.058501848602446054	0.32449979983983984	0.02594173383629331	0.029541698667482987	0.03641846608582264	0.00778002335894065	0.01623020142738009	0.36602540378443865	0.02127167688152617	0.5	1.0	0.014969951341694829	0.02062382014667354	0.03294448924109965	0.21089672205953397	0.004072188650882884	0.13458231886763597	1.0	0.06186595601185707	0.15346344248842547	0.02674935978982329	0.0	0.08126866095307621	1.0	0.006575462699122611
es	1.0	1.0	1.0	1.0	0.24257131419419417	0.04388270090447084	0.585786437626905	0.005517890296479352	1.0	0.008943702531490941	0.5	1.0	0.1924840598000365	0.052805584145446914	0.012122882220321882	0.2898979485566356	0.5	1.0	1.0	1.0	0.0	0.03365273267915443	0.02483581440139638	0.013826791843667747	0.5	0.1879524791852023	0.2989350844248255	0.0	0.28989794855663564	0.585786437626905	0.03232376728399768	0.0	0.585786437626905	1.0	0.26968623182294527
fr	0.585786437626905	1.0	1.0	1.0	0.1886378647726465	0.009449750064065069	0.16139047779640892	0.01884800094220858	0.008943702531490941	1.0	0.23441237831492112	0.44948974278317805	0.08663827248949388	0.03904470426836722	0.015306071578745944	0.014065231574163976	0.10421155754476487	0.29429805508554946	0.20386840968093525	0.5	0.0	0.013733162792416183	0.019349580658342753	0.016237100089966996	0.30216947925196225	0.006968574175905627	0.2742918851774318	1.0	0.1525721149346575	0.44948974278317805	0.02729063577178409	1.0	0.2402530733520421	1.0	0.028353093561416597
he	1.0	1.0	1.0	1.0	0.4142135623730951	0.32449979983983984	1.0	0.058501848602446054	0.5	0.23441237831492112	1.0	1.0	0.585786437626905	0.44948974278317805	0.05899247407631074	1.0	1.0	1.0	1.0	1.0	0.0	0.26427884169111276	0.3333333333333333	0.14608721524372043	0.585786437626905	1.0	1.0	0.0	1.0	1.0	0.2553967929896867	0.0	1.0	1.0	1.0
hi	0.0	1.0	0.0	1.0	1.0	1.0	1.0	0.32449979983983984	1.0	0.44948974278317805	1.0	1.0	1.0	1.0	0.2674788903885893	1.0	1.0	1.0	1.0	1.0	1.0	1.0	1.0	0.5	1.0	1.0	1.0	0.0	1.0	1.0	0.4142135623730951	1.0	1.0	1.0	1.0
hu	1.0	1.0	0.0	1.0	0.585786437626905	0.12910941082283192	0.585786437626905	0.02594173383629331	0.1924840598000365	0.08663827248949388	0.585786437626905	1.0	1.0	0.39564392373896007	0.04082622148513294	0.22772999919644132	0.585786437626905	1.0	0.585786437626905	1.0	0.0	0.22522719139308142	0.2449655295864104	0.20521309615767264	0.5	0.1009394826884033	0.585786437626905	0.0	1.0	1.0	0.20342651452257512	0.0	1.0	1.0	0.585786437626905
id	1.0	1.0	1.0	1.0	0.21926426046804404	0.04492184270714168	0.25000000000000006	0.029541698667482987	0.052805584145446914	0.03904470426836722	0.44948974278317805	1.0	0.39564392373896007	1.0	0.047639777625487593	0.06771435390004732	0.09428140487295417	0.585786437626905	0.36602540378443865	0.5	0.0	0.04767091304813784	0.12000385027993049	0.05522574920859208	0.44948974278317805	0.0397360067704788	0.5	1.0	0.2120934046631929	0.5	0.11686933289233928	0.0	0.2958163163244893	1.0	0.04396993090653715
it	1.0	1.0	1.0	1.0	0.09209397803725561	0.011846239860489466	0.03284855324483855	0.03641846608582264	0.012122882220321882	0.015306071578745944	0.05899247407631074	0.2674788903885893	0.04082622148513294	0.047639777625487593	1.0	0.017761295271518825	0.03736378311940908	0.3333333333333333	0.06402470815562676	0.4364916731037085	0.0	0.015376396213700846	0.021618688186100337	0.02281051464837811	0.1	0.00974890832428179	0.11032871073434027	1.0	0.06483569170466061	0.07297487772977397	0.02765199978970743	0.0	0.11761411891990575	1.0	0.022439572432020233
ja	1.0	1.0	1.0	1.0	0.29429805508554946	0.11123994497832239	1.0	0.00778002335894065	0.2898979485566356	0.014065231574163976	1.0	1.0	0.22772999919644132	0.06771435390004732	0.017761295271518825	1.0	1.0	1.0	1.0	1.0	0.0	0.05529338119762891	0.06363012388034263	0.030350406412829597	0.585786437626905	1.0	0.30216947925196225	0.0	0.28989794855663564	1.0	0.03402297882675114	1.0	1.0	1.0	0.585786437626905
ko	1.0	1.0	1.0	1.0	0.3164309725825328	0.34833147735478825	1.0	0.01623020142738009	0.5	0.10421155754476487	1.0	1.0	0.585786437626905	0.09428140487295417	0.03736378311940908	1.0	1.0	1.0	1.0	1.0	0.0	0.14942992956379245	0.19707113830081235	0.07175191710712812	0.585786437626905	1.0	1.0	0.0	0.36602540378443865	1.0	0.23441237831492112	0.0	1.0	1.0	1.0
lv	0.0	1.0	1.0	1.0	0.585786437626905	1.0	1.0	0.36602540378443865	1.0	0.29429805508554946	1.0	1.0	1.0	0.585786437626905	0.3333333333333333	1.0	1.0	1.0	1.0	1.0	0.0	0.585786437626905	0.585786437626905	0.44948974278317805	1.0	1.0	1.0	0.0	1.0	1.0	0.585786437626905	0.0	1.0	1.0	1.0
mk	1.0	1.0	1.0	1.0	0.5	0.3660254037844386	1.0	0.02127167688152617	1.0	0.20386840968093525	1.0	1.0	0.585786437626905	0.36602540378443865	0.06402470815562676	1.0	1.0	1.0	1.0	1.0	0.0	0.14718684026906356	0.5	0.179128784747792	0.585786437626905	1.0	0.4142135623730951	0.0	1.0	1.0	0.14669978037172737	0.0	1.0	1.0	1.0
ml	0.0	1.0	1.0	1.0	1.0	1.0	1.0	0.5	1.0	0.5	1.0	1.0	1.0	0.5	0.4364916731037085	1.0	1.0	1.0	1.0	1.0	0.0	0.585786437626905	1.0	1.0	1.0	1.0	1.0	0.0	1.0	1.0	1.0	0.0	1.0	1.0	1.0
mr	0.0	0.0	0.0	0.0	0.0	0.0	0.0	1.0	0.0	0.0	0.0	1.0	0.0	0.0	0.0	0.0	0.0	0.0	0.0	0.0	1.0	0.0	0.0	0.0	0.0	0.0	0.0	0.0	0.0	0.0	0.0	0.0	0.0	0.0	0.0
nl	1.0	1.0	1.0	1.0	0.17483535791233365	0.010759572423541084	0.44948974278317805	0.014969951341694829	0.03365273267915443	0.013733162792416183	0.26427884169111276	1.0	0.22522719139308142	0.04767091304813784	0.015376396213700846	0.05529338119762891	0.14942992956379245	0.585786437626905	0.14718684026906356	0.585786437626905	0.0	1.0	0.037688212742845076	0.038395681984760933	0.30216947925196225	0.02350016523747468	0.27429188517743175	0.0	0.34833147735478825	0.39564392373896007	0.049693482508804294	0.0	0.28989794855663564	1.0	0.044162945876254966
pl	1.0	1.0	0.585786437626905	1.0	0.20025050899954325	0.018194601853100418	0.22966848451216434	0.02062382014667354	0.02483581440139638	0.019349580658342753	0.3333333333333333	1.0	0.2449655295864104	0.12000385027993049	0.021618688186100337	0.06363012388034263	0.19707113830081235	0.585786437626905	0.5	1.0	0.0	0.037688212742845076	1.0	0.03532742336365475	0.585786437626905	0.012868477168535867	0.2240092377397959	0.0	0.24336073281110826	0.4142135623730951	0.07887147722195027	1.0	0.38742588672279304	1.0	0.12671020163537874
pt	1.0	1.0	1.0	0.585786437626905	0.16390255730764816	0.01632349184846452	0.12346752509553721	0.03294448924109965	0.013826791843667747	0.016237100089966996	0.14608721524372043	0.5	0.20521309615767264	0.05522574920859208	0.02281051464837811	0.030350406412829597	0.07175191710712812	0.44948974278317805	0.179128784747792	1.0	0.0	0.038395681984760933	0.03532742336365475	1.0	0.3660254037844386	0.01238990929742658	0.33333333333333326	0.0	0.27429188517743175	0.44948974278317805	0.038875748505469855	0.0	0.26968623182294527	1.0	0.05765696243750551
ro	1.0	0.0	1.0	0.0	0.585786437626905	0.44948974278317805	1.0	0.21089672205953397	0.5	0.30216947925196225	0.585786437626905	1.0	0.5	0.44948974278317805	0.1	0.585786437626905	0.585786437626905	1.0	0.585786437626905	1.0	0.0	0.30216947925196225	0.585786437626905	0.3660254037844386	1.0	0.32449979983983984	1.0	0.0	0.585786437626905	1.0	0.44948974278317805	0.0	0.585786437626905	1.0	0.5
ru	1.0	1.0	1.0	1.0	0.2553967929896867	0.015464188800460682	1.0	0.004072188650882884	0.1879524791852023	0.006968574175905627	1.0	1.0	0.1009394826884033	0.0397360067704788	0.00974890832428179	1.0	1.0	1.0	1.0	1.0	0.0	0.02350016523747468	0.012868477168535867	0.01238990929742658	0.32449979983983984	1.0	0.24257131419419417	1.0	0.26533119314590375	1.0	0.02407019902382799	1.0	1.0	1.0	1.0
sh	0.0	1.0	0.0	0.0	1.0	0.27429188517743175	1.0	0.13458231886763597	0.2989350844248255	0.2742918851774318	1.0	1.0	0.585786437626905	0.5	0.11032871073434027	0.30216947925196225	1.0	1.0	0.4142135623730951	1.0	0.0	0.27429188517743175	0.2240092377397959	0.33333333333333326	1.0	0.24257131419419417	1.0	0.0	1.0	0.36602540378443865	0.3244997998398398	0.0	1.0	1.0	0.3266316347104093
si	0.0	0.0	0.0	0.0	0.0	0.0	0.0	1.0	0.0	1.0	0.0	0.0	0.0	1.0	1.0	0.0	0.0	0.0	0.0	0.0	0.0	0.0	0.0	0.0	0.0	1.0	0.0	1.0	0.0	0.0	1.0	0.0	0.0	0.0	0.0
simple	1.0	1.0	1.0	1.0	0.585786437626905	0.26533119314590375	1.0	0.06186595601185707	0.28989794855663564	0.1525721149346575	1.0	1.0	1.0	0.2120934046631929	0.06483569170466061	0.28989794855663564	0.36602540378443865	1.0	1.0	1.0	0.0	0.34833147735478825	0.24336073281110826	0.27429188517743175	0.585786437626905	0.26533119314590375	1.0	0.0	1.0	1.0	0.26968623182294527	0.0	0.585786437626905	0.0	0.44948974278317805
sr	0.0	1.0	1.0	1.0	0.585786437626905	0.4364916731037085	1.0	0.15346344248842547	0.585786437626905	0.44948974278317805	1.0	1.0	1.0	0.5	0.07297487772977397	1.0	1.0	1.0	1.0	1.0	0.0	0.39564392373896007	0.4142135623730951	0.44948974278317805	1.0	1.0	0.36602540378443865	0.0	1.0	1.0	0.24257131419419417	0.0	1.0	1.0	1.0
sv	1.0	0.585786437626905	1.0	1.0	0.15638582148414487	0.02185012981258948	0.1757340838011157	0.02674935978982329	0.03232376728399768	0.02729063577178409	0.2553967929896867	0.4142135623730951	0.20342651452257512	0.11686933289233928	0.02765199978970743	0.03402297882675114	0.23441237831492112	0.585786437626905	0.14669978037172737	1.0	0.0	0.049693482508804294	0.07887147722195027	0.038875748505469855	0.44948974278317805	0.02407019902382799	0.3244997998398398	1.0	0.26968623182294527	0.24257131419419417	1.0	0.0	0.38742588672279304	1.0	0.0663515090328441
te	0.0	0.0	0.0	0.0	0.0	0.0	0.0	0.0	0.0	1.0	0.0	1.0	0.0	0.0	0.0	1.0	0.0	0.0	0.0	0.0	0.0	0.0	1.0	0.0	0.0	1.0	0.0	0.0	0.0	0.0	0.0	1.0	0.0	0.0	0.0
vi	1.0	1.0	1.0	1.0	0.585786437626905	0.3164309725825328	1.0	0.08126866095307621	0.585786437626905	0.2402530733520421	1.0	1.0	1.0	0.2958163163244893	0.11761411891990575	1.0	1.0	1.0	1.0	1.0	0.0	0.28989794855663564	0.38742588672279304	0.26968623182294527	0.585786437626905	1.0	1.0	0.0	0.585786437626905	1.0	0.38742588672279304	0.0	1.0	1.0	1.0
war	0.0	0.0	0.0	0.0	1.0	1.0	1.0	1.0	1.0	1.0	1.0	1.0	1.0	1.0	1.0	1.0	1.0	1.0	1.0	1.0	0.0	1.0	1.0	1.0	1.0	1.0	1.0	0.0	0.0	1.0	1.0	0.0	1.0	1.0	1.0
zh	1.0	1.0	1.0	1.0	0.3090169943749474	0.17050763999009447	1.0	0.006575462699122611	0.26968623182294527	0.028353093561416597	1.0	1.0	0.585786437626905	0.04396993090653715	0.022439572432020233	0.585786437626905	1.0	1.0	1.0	1.0	0.0	0.044162945876254966	0.12671020163537874	0.05765696243750551	0.5	1.0	0.3266316347104093	0.0	0.44948974278317805	1.0	0.0663515090328441	0.0	1.0	1.0	1.0
