arz	bs	ceb	ckb	da	de	el	en	es	fr	he	hi	hu	id	it	ja	ko	lv	mk	ml	mr	nl	pl	pt	ro	ru	sh	si	simple	sr	sv	te	vi	war	zh
arz	1.0	1.0	0.0	0.0	0.0	1.0	0.0	0.585786437626905	1.0	1.0	1.0	1.0	1.0	1.0	1.0	1.0	1.0	0.0	1.0	0.0	0.0	1.0	1.0	1.0	1.0	1.0	1.0	0.0	0.0	1.0	1.0	0.0	1.0	0.0	1.0
bs	1.0	1.0	1.0	1.0	1.0	1.0	1.0	0.23727324146403408	0.44948974278317805	0.585786437626905	1.0	1.0	0.5	0.5	0.5	0.585786437626905	0.585786437626905	1.0	0.585786437626905	1.0	0.0	0.5	1.0	0.585786437626905	1.0	0.44948974278317805	0.3660254037844386	1.0	1.0	0.585786437626905	0.585786437626905	1.0	1.0	1.0	1.0
ceb	0.0	1.0	1.0	0.0	1.0	1.0	0.0	1.0	1.0	1.0	1.0	1.0	1.0	1.0	1.0	1.0	1.0	1.0	1.0	1.0	0.0	1.0	1.0	1.0	1.0	1.0	1.0	1.0	1.0	1.0	1.0	0.0	1.0	1.0	1.0
ckb	0.0	1.0	0.0	1.0	1.0	0.585786437626905	1.0	0.5	0.585786437626905	0.4364916731037085	1.0	1.0	1.0	0.585786437626905	0.585786437626905	1.0	1.0	1.0	0.0	1.0	1.0	0.585786437626905	1.0	1.0	1.0	1.0	1.0	1.0	1.0	1.0	0.585786437626905	1.0	1.0	1.0	1.0
da	0.0	1.0	1.0	1.0	1.0	0.09096078933656983	0.36602540378443865	0.021687445205245737	0.08089163226629656	0.09002721054402837	0.15990865468516838	0.44948974278317805	0.2612038749637414	0.1918253663634734	0.14613700684167868	0.2612038749637414	0.3244997998398398	0.585786437626905	0.5	0.585786437626905	1.0	0.11933694702336906	0.2553967929896867	0.15870639528706376	0.25824569976124334	0.11257364169459248	0.3333333333333333	0.585786437626905	0.585786437626905	0.2958163163244893	0.1951941016011038	1.0	0.28436465220442186	0.585786437626905	0.2402530733520421
de	1.0	1.0	1.0	0.585786437626905	0.09096078933656983	1.0	0.4142135623730951	0.003931353355803773	0.06337189354336852	0.014171216422142427	0.14972506706560876	0.28436465220442186	0.27429188517743175	0.049045994760720635	0.040148411388137545	0.15493412373279505	0.20521309615767264	0.5	0.39564392373896007	0.44948974278317805	0.585786437626905	0.03688028011138814	0.15156984201919413	0.09785171972967724	0.1566130288262323	0.06261425174937756	0.21712927295533244	0.585786437626905	0.34833147735478825	0.2632403810669918	0.08391532805435264	1.0	0.26533119314590375	0.5	0.12389934309929541
el	0.0	1.0	0.0	1.0	0.36602540378443865	0.4142135623730951	1.0	0.1607677430268676	1.0	0.2063099139372659	1.0	1.0	1.0	0.28172904669025317	0.28989794855663564	1.0	1.0	1.0	1.0	1.0	1.0	0.3203772410170407	1.0	1.0	0.36602540378443865	1.0	0.38742588672279304	1.0	0.5	0.585786437626905	0.36602540378443865	1.0	1.0	0.585786437626905	1.0
en	0.585786437626905	0.23727324146403408	1.0	0.5	0.021687445205245737	0.003931353355803773	0.1607677430268676	1.0	0.0020430705382400304	0.004372017383797182	0.021698876305256295	0.07629703763587165	0.08865696780324378	0.007645888563325099	0.004243183096019969	0.011226870627323244	0.03234263727640381	0.3164309725825328	0.20799159651347807	0.22901628833426058	1.0	0.006747642095452363	0.022296961748018103	0.00449749693489439	0.044406587168779134	0.002540396198567658	0.09641191189158468	0.3660254037844386	0.1299813507315965	0.08996046648350998	0.01960960463739374	1.0	0.08228858368063004	0.44948974278317805	0.004777835574709728
es	1.0	0.44948974278317805	1.0	0.585786437626905	0.08089163226629656	0.06337189354336852	1.0	0.0020430705382400304	1.0	0.004763177807653989	0.4142135623730951	0.44948974278317805	1.0	0.036229839671785516	0.009448301623368526	0.36602540378443865	0.3660254037844386	1.0	0.585786437626905	0.585786437626905	0.585786437626905	0.04093752533136532	0.13594160997026097	0.14639248166197882	0.12886303159870757	0.1983555576735248	0.18464218557642828	1.0	0.23582845781094	0.34833147735478825	0.06874639552955653	1.0	0.4142135623730951	0.5	0.23166247903554
fr	1.0	0.585786437626905	1.0	0.4364916731037085	0.09002721054402837	0.014171216422142427	0.2063099139372659	0.004372017383797182	0.004763177807653989	1.0	0.061922351892967686	0.1584693830492905	0.20521309615767266	0.020627390250191523	0.0066071858656181785	0.053274340866402696	0.0992160129504256	1.0	0.2742918851774318	0.44948974278317805	1.0	0.019337481741021324	0.07550942751029549	0.027594441277725534	0.08526263633350639	0.006686352130187411	0.14890977052086574	1.0	0.24336073281110826	0.16666666666666666	0.05719088553790488	0.585786437626905	0.1548242231105025	0.44948974278317805	0.04553346292330344
he	1.0	1.0	1.0	1.0	0.15990865468516838	0.14972506706560876	1.0	0.021698876305256295	0.4142135623730951	0.061922351892967686	1.0	1.0	1.0	0.08209951522176573	0.14459058185587106	1.0	1.0	1.0	1.0	1.0	1.0	0.09329878528261534	0.28436465220442186	0.5	0.21089672205953397	1.0	0.36602540378443865	1.0	0.4142135623730951	0.5	0.1951941016011038	1.0	1.0	0.5	1.0
hi	1.0	1.0	1.0	1.0	0.44948974278317805	0.28436465220442186	1.0	0.07629703763587165	0.44948974278317805	0.1584693830492905	1.0	1.0	1.0	0.2187841884486319	0.18181818181818182	1.0	1.0	1.0	1.0	1.0	1.0	0.20521309615767264	0.3430703308172536	0.585786437626905	0.2958163163244893	1.0	0.585786437626905	1.0	0.44948974278317805	0.5	0.26427884169111276	1.0	1.0	0.5	1.0
hu	1.0	0.5	1.0	1.0	0.2612038749637414	0.27429188517743175	1.0	0.08865696780324378	1.0	0.20521309615767266	1.0	1.0	1.0	0.21551468935838852	0.22772999919644132	1.0	1.0	1.0	1.0	1.0	1.0	0.13321952658018657	0.3660254037844386	0.4142135623730951	0.26968623182294527	1.0	0.44948974278317805	1.0	0.585786437626905	0.585786437626905	0.15963129168650567	1.0	1.0	0.585786437626905	1.0
id	1.0	0.5	1.0	0.585786437626905	0.1918253663634734	0.049045994760720635	0.28172904669025317	0.007645888563325099	0.036229839671785516	0.020627390250191523	0.08209951522176573	0.2187841884486319	0.21551468935838852	1.0	0.04423800881207868	0.0793542216303783	0.08129371112318426	1.0	0.3660254037844386	0.44948974278317805	1.0	0.052115690765569246	0.11175998946451864	0.0429580210269366	0.12225188659021874	0.02273823310387036	0.2240092377397959	0.585786437626905	0.30552726787943424	0.12935463852459103	0.13853768235555425	1.0	0.1765633506768389	0.5	0.06083084109132885
it	1.0	0.5	1.0	0.585786437626905	0.14613700684167868	0.040148411388137545	0.28989794855663564	0.004243183096019969	0.009448301623368526	0.0066071858656181785	0.14459058185587106	0.18181818181818182	0.22772999919644132	0.04423800881207868	1.0	0.12411703905227338	0.11336696073850488	1.0	0.27429188517743175	0.28989794855663564	1.0	0.05217914940794665	0.10460694196488528	0.04221070360922322	0.11034777731716484	0.017636855827581753	0.17411239489546831	0.39564392373896	0.2766967754673749	0.1652960191502465	0.08428404175968714	1.0	0.2216368750839041	0.585786437626905	0.0445514762222742
ja	1.0	0.585786437626905	1.0	1.0	0.2612038749637414	0.15493412373279505	1.0	0.011226870627323244	0.36602540378443865	0.053274340866402696	1.0	1.0	1.0	0.0793542216303783	0.12411703905227338	1.0	1.0	1.0	1.0	1.0	1.0	0.11696132920126338	0.32449979983983984	0.36602540378443865	0.22584440001865322	1.0	0.3164309725825327	1.0	0.3660254037844386	0.4142135623730951	0.11787845042814334	1.0	1.0	0.585786437626905	1.0
ko	1.0	0.585786437626905	1.0	1.0	0.3244997998398398	0.20521309615767264	1.0	0.03234263727640381	0.3660254037844386	0.0992160129504256	1.0	1.0	1.0	0.08129371112318426	0.11336696073850488	1.0	1.0	1.0	1.0	1.0	1.0	0.10280290431561903	0.3090169943749474	0.585786437626905	0.25728427444747215	1.0	0.2958163163244893	1.0	0.4142135623730951	0.5	0.16952084719853724	1.0	1.0	0.5	1.0
lv	0.0	1.0	1.0	1.0	0.585786437626905	0.5	1.0	0.3164309725825328	1.0	1.0	1.0	1.0	1.0	1.0	1.0	1.0	1.0	1.0	1.0	1.0	1.0	0.39564392373896007	1.0	1.0	0.4142135623730951	1.0	1.0	1.0	1.0	1.0	0.5	1.0	1.0	0.585786437626905	1.0
mk	1.0	0.585786437626905	1.0	0.0	0.5	0.39564392373896007	1.0	0.20799159651347807	0.585786437626905	0.2742918851774318	1.0	1.0	1.0	0.3660254037844386	0.27429188517743175	1.0	1.0	1.0	1.0	1.0	1.0	0.3090169943749474	1.0	1.0	0.585786437626905	1.0	0.585786437626905	1.0	0.585786437626905	1.0	0.3430703308172536	1.0	1.0	1.0	1.0
ml	0.0	1.0	1.0	1.0	0.585786437626905	0.44948974278317805	1.0	0.22901628833426058	0.585786437626905	0.44948974278317805	1.0	1.0	1.0	0.44948974278317805	0.28989794855663564	1.0	1.0	1.0	1.0	1.0	1.0	0.32449979983983984	1.0	1.0	0.5	1.0	1.0	1.0	0.44948974278317805	0.585786437626905	0.30901699437494745	1.0	1.0	0.585786437626905	1.0
mr	0.0	0.0	0.0	1.0	1.0	0.585786437626905	1.0	1.0	0.585786437626905	1.0	1.0	1.0	1.0	1.0	1.0	1.0	1.0	1.0	1.0	1.0	1.0	0.585786437626905	1.0	1.0	1.0	1.0	1.0	1.0	0.585786437626905	1.0	1.0	1.0	1.0	1.0	1.0
nl	1.0	0.5	1.0	0.585786437626905	0.11933694702336906	0.03688028011138814	0.3203772410170407	0.006747642095452363	0.04093752533136532	0.019337481741021324	0.09329878528261534	0.20521309615767264	0.13321952658018657	0.052115690765569246	0.05217914940794665	0.11696132920126338	0.10280290431561903	0.39564392373896007	0.3090169943749474	0.32449979983983984	0.585786437626905	1.0	0.12769271191181897	0.04664048296273008	0.12729683913915313	0.037918130980743786	0.14459058185587106	0.36602540378443865	0.2674788903885893	0.12247804808082567	0.09073741837758534	0.5	0.141516769699476	0.3430703308172536	0.07725398996314785
pl	1.0	1.0	1.0	1.0	0.2553967929896867	0.15156984201919413	1.0	0.022296961748018103	0.13594160997026097	0.07550942751029549	0.28436465220442186	0.3430703308172536	0.3660254037844386	0.11175998946451864	0.10460694196488528	0.32449979983983984	0.3090169943749474	1.0	1.0	1.0	1.0	0.12769271191181897	1.0	0.19182536636347342	0.2016895928872254	0.12801221467776566	0.38742588672279304	1.0	0.3380788308512194	0.3660254037844386	0.15854245250021784	1.0	0.38742588672279304	0.44948974278317805	0.24336073281110826
pt	1.0	0.585786437626905	1.0	1.0	0.15870639528706376	0.09785171972967724	1.0	0.00449749693489439	0.14639248166197882	0.027594441277725534	0.5	0.585786437626905	0.4142135623730951	0.0429580210269366	0.04221070360922322	0.36602540378443865	0.585786437626905	1.0	1.0	1.0	1.0	0.04664048296273008	0.19182536636347342	1.0	0.1410515095283613	0.3090169943749474	0.23727324146403408	1.0	0.25000000000000006	0.3333333333333333	0.074798137347717	1.0	0.44948974278317805	0.585786437626905	0.38742588672279304
ro	1.0	1.0	1.0	1.0	0.25824569976124334	0.1566130288262323	0.36602540378443865	0.044406587168779134	0.12886303159870757	0.08526263633350639	0.21089672205953397	0.2958163163244893	0.26968623182294527	0.12225188659021874	0.11034777731716484	0.22584440001865322	0.25728427444747215	0.4142135623730951	0.585786437626905	0.5	1.0	0.12729683913915313	0.2016895928872254	0.1410515095283613	1.0	0.12931586373476808	0.28989794855663564	0.5	0.3333333333333333	0.23582845781094	0.17491720310721423	1.0	0.3090169943749474	0.585786437626905	0.1765633506768389
ru	1.0	0.44948974278317805	1.0	1.0	0.11257364169459248	0.06261425174937756	1.0	0.002540396198567658	0.1983555576735248	0.006686352130187411	1.0	1.0	1.0	0.02273823310387036	0.017636855827581753	1.0	1.0	1.0	1.0	1.0	1.0	0.037918130980743786	0.12801221467776566	0.3090169943749474	0.12931586373476808	1.0	0.1987625491245426	1.0	0.28436465220442186	0.5	0.07207522421598624	1.0	1.0	0.5	1.0
sh	1.0	0.3660254037844386	1.0	1.0	0.3333333333333333	0.21712927295533244	0.38742588672279304	0.09641191189158468	0.18464218557642828	0.14890977052086574	0.36602540378443865	0.585786437626905	0.44948974278317805	0.2240092377397959	0.17411239489546831	0.3164309725825327	0.2958163163244893	1.0	0.585786437626905	1.0	1.0	0.14459058185587106	0.38742588672279304	0.23727324146403408	0.28989794855663564	0.1987625491245426	1.0	1.0	0.5	0.21822796141133347	0.3164309725825327	1.0	0.36602540378443865	1.0	0.25
si	0.0	1.0	1.0	1.0	0.585786437626905	0.585786437626905	1.0	0.3660254037844386	1.0	1.0	1.0	1.0	1.0	0.585786437626905	0.39564392373896	1.0	1.0	1.0	1.0	1.0	1.0	0.36602540378443865	1.0	1.0	0.5	1.0	1.0	1.0	0.585786437626905	1.0	1.0	1.0	1.0	0.585786437626905	1.0
simple	0.0	1.0	1.0	1.0	0.585786437626905	0.34833147735478825	0.5	0.1299813507315965	0.23582845781094	0.24336073281110826	0.4142135623730951	0.44948974278317805	0.585786437626905	0.30552726787943424	0.2766967754673749	0.3660254037844386	0.4142135623730951	1.0	0.585786437626905	0.44948974278317805	0.585786437626905	0.2674788903885893	0.3380788308512194	0.25000000000000006	0.3333333333333333	0.28436465220442186	0.5	0.585786437626905	1.0	0.5	0.28708594921778513	1.0	0.38742588672279304	0.585786437626905	0.2372732414640341
sr	1.0	0.585786437626905	1.0	1.0	0.2958163163244893	0.2632403810669918	0.585786437626905	0.08996046648350998	0.34833147735478825	0.16666666666666666	0.5	0.5	0.585786437626905	0.12935463852459103	0.1652960191502465	0.4142135623730951	0.5	1.0	1.0	0.585786437626905	1.0	0.12247804808082567	0.3660254037844386	0.3333333333333333	0.23582845781094	0.5	0.21822796141133347	1.0	0.5	1.0	0.18181818181818182	1.0	1.0	0.5	0.5
sv	1.0	0.585786437626905	1.0	0.585786437626905	0.1951941016011038	0.08391532805435264	0.36602540378443865	0.01960960463739374	0.06874639552955653	0.05719088553790488	0.1951941016011038	0.26427884169111276	0.15963129168650567	0.13853768235555425	0.08428404175968714	0.11787845042814334	0.16952084719853724	0.5	0.3430703308172536	0.30901699437494745	1.0	0.09073741837758534	0.15854245250021784	0.074798137347717	0.17491720310721423	0.07207522421598624	0.3164309725825327	1.0	0.28708594921778513	0.18181818181818182	1.0	0.585786437626905	0.2187841884486319	0.585786437626905	0.0868666485919116
te	0.0	1.0	0.0	1.0	1.0	1.0	1.0	1.0	1.0	0.585786437626905	1.0	1.0	1.0	1.0	1.0	1.0	1.0	1.0	1.0	1.0	1.0	0.5	1.0	1.0	1.0	1.0	1.0	1.0	1.0	1.0	0.585786437626905	1.0	1.0	1.0	1.0
vi	1.0	1.0	1.0	1.0	0.28436465220442186	0.26533119314590375	1.0	0.08228858368063004	0.4142135623730951	0.1548242231105025	1.0	1.0	1.0	0.1765633506768389	0.2216368750839041	1.0	1.0	1.0	1.0	1.0	1.0	0.141516769699476	0.38742588672279304	0.44948974278317805	0.3090169943749474	1.0	0.36602540378443865	1.0	0.38742588672279304	1.0	0.2187841884486319	1.0	1.0	0.5	1.0
war	0.0	1.0	1.0	1.0	0.585786437626905	0.5	0.585786437626905	0.44948974278317805	0.5	0.44948974278317805	0.5	0.5	0.585786437626905	0.5	0.585786437626905	0.585786437626905	0.5	0.585786437626905	1.0	0.585786437626905	1.0	0.3430703308172536	0.44948974278317805	0.585786437626905	0.585786437626905	0.5	1.0	0.585786437626905	0.585786437626905	0.5	0.585786437626905	1.0	0.5	1.0	0.5
zh	1.0	1.0	1.0	1.0	0.2402530733520421	0.12389934309929541	1.0	0.004777835574709728	0.23166247903554	0.04553346292330344	1.0	1.0	1.0	0.06083084109132885	0.0445514762222742	1.0	1.0	1.0	1.0	1.0	1.0	0.07725398996314785	0.24336073281110826	0.38742588672279304	0.1765633506768389	1.0	0.25	1.0	0.2372732414640341	0.5	0.0868666485919116	1.0	1.0	0.5	1.0
