arz	bs	ceb	ckb	da	de	el	en	es	fr	he	hi	hu	id	it	ja	ko	lv	mk	ml	mr	nl	pl	pt	ro	ru	sh	si	simple	sr	sv	te	tr	union	vi	war	zh
arz	0.5	1.0	1.0	1.0	1.0	1.0	1.0	0.5	0.5	0.5	1.0	1.0	1.0	1.0	0.5	0.5	0.5	1.0	0.5	1.0	1.0	0.5	1.0	0.5	1.0	0.5	0.5	0.0	1.0	1.0	1.0	1.0	0.5	0.5	0.5	1.0	0.5
bs	1.0	0.5	0.5	1.0	0.5	0.5	0.5	0.5	0.5	0.5	0.5	0.5	0.5	0.5	0.5	0.5	0.5	0.5	0.5	0.5	0.5	0.5	0.5	0.5	0.5	0.5	0.5	0.0	0.5	0.5	0.5	1.0	0.5	0.5	0.5	0.5	0.5
ceb	1.0	0.5	0.3333333333333333	1.0	0.5	0.3333333333333333	0.5	0.3333333333333333	0.3333333333333333	0.3333333333333333	0.5	0.5	0.5	0.3333333333333333	0.3333333333333333	0.5	0.3333333333333333	0.5	0.5	0.5	0.5	0.3333333333333333	0.5	0.5	0.5	0.5	0.5	0.0	0.5	0.5	0.5	1.0	0.5	0.3333333333333333	0.3333333333333333	0.5	0.3333333333333333
ckb	1.0	1.0	1.0	1.0	1.0	1.0	1.0	1.0	1.0	1.0	1.0	1.0	1.0	1.0	1.0	1.0	1.0	1.0	1.0	1.0	1.0	1.0	1.0	1.0	1.0	1.0	1.0	0.0	1.0	1.0	1.0	1.0	1.0	1.0	1.0	1.0	1.0
da	1.0	0.5	0.5	1.0	0.5	0.5	0.25	0.5	0.5	0.5	1.0	1.0	0.25006249999999997	1.0	0.5	1.0	1.0	0.25	0.5	0.5	0.5	1.0	0.5	0.5	0.25006249999999997	0.5	0.25006249999999997	1.0	0.25006249999999997	0.25	1.0	1.0	1.0	0.5	1.0	0.5	1.0
de	1.0	0.5	0.3333333333333333	1.0	0.5	0.04003533171725943	0.0	0.14285714285714285	0.25	0.16666666666666666	0.0	1.0	0.0	0.0	0.14285714285714285	0.5	0.5	0.25	0.0	0.0	0.0	0.5	0.5	0.3333333333333333	0.0	1.0	0.25006249999999997	1.0	0.0	0.0	0.25012512512512514	0.0	0.0	0.04003533171725943	0.0	0.5	1.0
el	1.0	0.5	0.5	1.0	0.25	0.0	0.5	1.0	1.0	0.0	0.0	0.5	0.0	0.0	0.0	0.0	1.0	0.25	1.0	0.0	0.0	0.0	0.0	0.0	0.0	0.0	0.25	1.0	0.0	0.0	0.0	0.0	0.0	0.5	0.0	0.5	0.0
en	0.5	0.5	0.3333333333333333	1.0	0.5	0.14285714285714285	1.0	0.005869778396010556	0.037048030211305996	0.05276813233974484	0.14285714285714285	1.0	1.0	1.0	0.04023111111111111	0.16666666666666666	0.2	0.25	0.5	1.0	0.0	0.25	0.2	0.09090909090909091	0.0	0.14285714285714285	0.20003999999999997	1.0	0.5	1.0	0.3333333333333333	0.0	1.0	0.005869778396010556	1.0	0.5	0.5
es	0.5	0.5	0.3333333333333333	1.0	0.5	0.25	1.0	0.037048030211305996	0.014289188784096145	0.125	1.0	1.0	0.0	0.0	0.07144388776531634	0.25	0.25	0.25	0.5	0.0	0.0	0.5	0.0	0.16666666666666666	0.0	0.5	0.20003999999999997	1.0	0.5	0.5	0.5	0.0	1.0	0.014289188784096145	1.0	0.5	1.0
fr	0.5	0.5	0.3333333333333333	1.0	0.5	0.16666666666666666	0.0	0.05276813233974484	0.125	0.03129814040492958	0.5	1.0	1.0	0.0	0.06677822400713969	0.5	1.0	0.25	0.0	0.0	0.0	0.5	0.25	0.14285714285714285	0.0	0.25	0.20003999999999997	1.0	0.5	1.0	0.25	0.0	1.0	0.03129814040492958	1.0	0.5	1.0
he	1.0	0.5	0.5	1.0	1.0	0.0	0.0	0.14285714285714285	1.0	0.5	0.030303030303030304	1.0	1.0	0.0	0.3333333333333333	0.0	0.0	0.25	0.0	0.0	0.0	0.0	1.0	0.5	0.0	0.0	0.25	1.0	1.0	0.0	0.0	0.0	1.0	0.030303030303030304	1.0	0.5	0.0
hi	1.0	0.5	0.5	1.0	1.0	1.0	0.5	1.0	1.0	1.0	1.0	1.0	0.5	1.0	1.0	1.0	1.0	0.5	0.5	0.5	0.5	1.0	1.0	1.0	0.5	1.0	0.5	0.0	0.5	0.5	1.0	1.0	1.0	1.0	1.0	0.5	1.0
hu	1.0	0.5	0.5	1.0	0.25006249999999997	0.0	0.0	1.0	0.0	1.0	1.0	0.5	0.058823529411764705	0.0	1.0	0.0	0.0	0.25	0.0	0.0	0.0	0.0	1.0	0.0	0.0	0.0	0.25006249999999997	1.0	0.0	0.0	0.0	0.0	0.0	0.058823529411764705	0.0	0.5	0.0
id	1.0	0.5	0.3333333333333333	1.0	1.0	0.0	0.0	1.0	0.0	0.0	0.0	1.0	0.0	1.0	0.0	0.0	0.0	0.25	0.0	0.0	0.0	1.0	1.0	0.0	0.0	0.0	0.25006249999999997	1.0	0.0	0.0	0.0	0.0	0.0	1.0	0.0	0.5	0.0
it	0.5	0.5	0.3333333333333333	1.0	0.5	0.14285714285714285	0.0	0.04023111111111111	0.07144388776531634	0.06677822400713969	0.3333333333333333	1.0	1.0	0.0	0.0182379730757339	0.3333333333333333	0.3333333333333333	0.25	0.0	0.0	0.0	0.5	0.25	0.16666666666666666	0.0	0.3333333333333333	0.20003999999999997	1.0	0.5	1.0	0.25	0.0	1.0	0.0182379730757339	1.0	0.5	1.0
ja	0.5	0.5	0.5	1.0	1.0	0.5	0.0	0.16666666666666666	0.25	0.5	0.0	1.0	0.0	0.0	0.3333333333333333	0.06666666666666667	0.5	0.25	0.0	0.0	0.0	0.5	0.0	0.3333333333333333	0.0	0.5	0.2	1.0	0.0	0.0	1.0	0.0	0.0	0.06666666666666667	0.0	0.5	1.0
ko	0.5	0.5	0.3333333333333333	1.0	1.0	0.5	1.0	0.2	0.25	1.0	0.0	1.0	0.0	0.0	0.3333333333333333	0.5	0.125	0.25	1.0	0.0	0.0	1.0	0.0	0.5	0.0	0.3333333333333333	0.2	1.0	0.0	0.0	1.0	0.0	0.0	0.125	0.0	0.5	0.5
lv	1.0	0.5	0.5	1.0	0.25	0.25	0.25	0.25	0.25	0.25	0.25	0.5	0.25	0.25	0.25	0.25	0.25	0.25	0.5	0.5	0.5	0.25	0.25	0.25	0.25	0.25	0.25	1.0	0.25	0.25	0.25	1.0	0.5	0.25	0.25	0.5	0.25
mk	0.5	0.5	0.5	1.0	0.5	0.0	1.0	0.5	0.5	0.0	0.0	0.5	0.0	0.0	0.0	0.0	1.0	0.5	0.25	0.0	0.0	0.0	0.0	1.0	0.0	0.0	0.3333333333333333	0.0	0.0	1.0	0.0	0.0	0.0	0.25	0.0	0.5	0.0
ml	1.0	0.5	0.5	1.0	0.5	0.0	0.0	1.0	0.0	0.0	0.0	0.5	0.0	0.0	0.0	0.0	0.0	0.5	0.0	1.0	0.0	0.0	0.0	0.0	0.0	0.0	0.5	0.0	0.0	0.0	0.0	0.0	0.0	1.0	0.0	0.5	0.0
mr	1.0	0.5	0.5	1.0	0.5	0.0	0.0	0.0	0.0	0.0	0.0	0.5	0.0	0.0	0.0	0.0	0.0	0.5	0.0	0.0	1.0	0.0	0.0	0.0	0.0	0.0	0.5	0.0	0.0	0.0	0.0	0.0	0.0	1.0	0.0	0.5	0.0
nl	0.5	0.5	0.3333333333333333	1.0	1.0	0.5	0.0	0.25	0.5	0.5	0.0	1.0	0.0	1.0	0.5	0.5	1.0	0.25	0.0	0.0	0.0	0.047619047619047616	1.0	0.3333333333333333	0.0	0.5	0.20003999999999997	1.0	0.0	0.0	1.0	0.0	0.0	0.047619047619047616	0.0	0.5	1.0
pl	1.0	0.5	0.5	1.0	0.5	0.5	0.0	0.2	0.0	0.25	1.0	1.0	1.0	1.0	0.25	0.0	0.0	0.25	0.0	0.0	0.0	1.0	0.1111111111111111	1.0	0.0	1.0	0.25006249999999997	1.0	0.0	0.0	0.5	0.0	0.0	0.1111111111111111	0.0	0.5	0.0
pt	0.5	0.5	0.5	1.0	0.5	0.3333333333333333	0.0	0.09090909090909091	0.16666666666666666	0.14285714285714285	0.5	1.0	0.0	0.0	0.16666666666666666	0.3333333333333333	0.5	0.25	1.0	0.0	0.0	0.3333333333333333	1.0	0.050004999999999994	0.0	0.25	0.2	1.0	1.0	1.0	0.3333333333333333	0.0	1.0	0.050004999999999994	1.0	0.5	1.0
ro	1.0	0.5	0.5	1.0	0.25006249999999997	0.0	0.0	0.0	0.0	0.0	0.0	0.5	0.0	0.0	0.0	0.0	0.0	0.25	0.0	0.0	0.0	0.0	0.0	0.0	1.0	0.0	0.25006249999999997	1.0	0.0	0.0	0.0	0.0	0.0	1.0	0.0	0.5	0.0
ru	0.5	0.5	0.5	1.0	0.5	1.0	0.0	0.14285714285714285	0.5	0.25	0.0	1.0	0.0	0.0	0.3333333333333333	0.5	0.3333333333333333	0.25	0.0	0.0	0.0	0.5	1.0	0.25	0.0	0.07142857142857142	0.2	1.0	0.0	0.0	1.0	0.0	0.0	0.07142857142857142	0.0	0.5	1.0
sh	0.5	0.5	0.5	1.0	0.25006249999999997	0.25006249999999997	0.25	0.20003999999999997	0.20003999999999997	0.20003999999999997	0.25	0.5	0.25006249999999997	0.25006249999999997	0.20003999999999997	0.2	0.2	0.25	0.3333333333333333	0.5	0.5	0.20003999999999997	0.25006249999999997	0.2	0.25006249999999997	0.2	0.20003999999999997	1.0	0.25006249999999997	0.25	0.25006249999999997	1.0	0.3333333333333333	0.20003999999999997	0.20003999999999997	0.5	0.2
si	0.0	0.0	0.0	0.0	1.0	1.0	1.0	1.0	1.0	1.0	1.0	0.0	1.0	1.0	1.0	1.0	1.0	1.0	0.0	0.0	0.0	1.0	1.0	1.0	1.0	1.0	1.0	1.0	1.0	1.0	1.0	0.0	0.0	1.0	1.0	0.0	1.0
simple	1.0	0.5	0.5	1.0	0.25006249999999997	0.0	0.0	0.5	0.5	0.5	1.0	0.5	0.0	0.0	0.5	0.0	0.0	0.25	0.0	0.0	0.0	0.0	0.0	1.0	0.0	0.0	0.25006249999999997	1.0	0.5	1.0	0.0	0.0	1.0	0.5	1.0	0.5	0.0
sr	1.0	0.5	0.5	1.0	0.25	0.0	0.0	1.0	0.5	1.0	0.0	0.5	0.0	0.0	1.0	0.0	0.0	0.25	1.0	0.0	0.0	0.0	0.0	1.0	0.0	0.0	0.25	1.0	1.0	0.5	0.0	0.0	0.0	0.5	0.0	0.5	0.0
sv	1.0	0.5	0.5	1.0	1.0	0.25012512512512514	0.0	0.3333333333333333	0.5	0.25	0.0	1.0	0.0	0.0	0.25	1.0	1.0	0.25	0.0	0.0	0.0	1.0	0.5	0.3333333333333333	0.0	1.0	0.25006249999999997	1.0	0.0	0.0	0.07148477051034713	0.0	0.0	0.07148477051034713	0.0	0.5	1.0
te	1.0	1.0	1.0	1.0	1.0	0.0	0.0	0.0	0.0	0.0	0.0	1.0	0.0	0.0	0.0	0.0	0.0	1.0	0.0	0.0	0.0	0.0	0.0	0.0	0.0	0.0	1.0	0.0	0.0	0.0	0.0	0.5	0.0	0.5	0.0	1.0	0.0
tr	0.5	0.5	0.5	1.0	1.0	0.0	0.0	1.0	1.0	1.0	1.0	1.0	0.0	0.0	1.0	0.0	0.0	0.5	0.0	0.0	0.0	0.0	0.0	1.0	0.0	0.0	0.3333333333333333	0.0	1.0	0.0	0.0	0.0	0.3333333333333333	0.3333333333333333	1.0	0.5	0.0
union	0.5	0.5	0.3333333333333333	1.0	0.5	0.04003533171725943	0.5	0.005869778396010556	0.014289188784096145	0.03129814040492958	0.030303030303030304	1.0	0.058823529411764705	1.0	0.0182379730757339	0.06666666666666667	0.125	0.25	0.25	1.0	1.0	0.047619047619047616	0.1111111111111111	0.050004999999999994	1.0	0.07142857142857142	0.20003999999999997	1.0	0.5	0.5	0.07148477051034713	0.5	0.3333333333333333	0.0026295359142046917	1.0	0.5	0.09090909090909091
vi	0.5	0.5	0.3333333333333333	1.0	1.0	0.0	0.0	1.0	1.0	1.0	1.0	1.0	0.0	0.0	1.0	0.0	0.0	0.25	0.0	0.0	0.0	0.0	0.0	1.0	0.0	0.0	0.20003999999999997	1.0	1.0	0.0	0.0	0.0	1.0	1.0	1.0	0.5	0.0
war	1.0	0.5	0.5	1.0	0.5	0.5	0.5	0.5	0.5	0.5	0.5	0.5	0.5	0.5	0.5	0.5	0.5	0.5	0.5	0.5	0.5	0.5	0.5	0.5	0.5	0.5	0.5	0.0	0.5	0.5	0.5	1.0	0.5	0.5	0.5	0.5	0.5
zh	0.5	0.5	0.3333333333333333	1.0	1.0	1.0	0.0	0.5	1.0	1.0	0.0	1.0	0.0	0.0	1.0	1.0	0.5	0.25	0.0	0.0	0.0	1.0	0.0	1.0	0.0	1.0	0.2	1.0	0.0	0.0	1.0	0.0	0.0	0.09090909090909091	0.0	0.5	0.09090909090909091
