arz	bs	ceb	ckb	da	de	el	en	es	fr	he	hi	hu	id	it	ja	ko	lv	mk	ml	mr	nl	pl	pt	ro	ru	sh	si	simple	sr	sv	te	tr	vi	war	zh
arz	1.0	0.07434999738953722	0.5	1.0	0.24336073281110826	0.0	0.0	0.0	0.0	0.0	1.0	1.0	0.04977134275663489	0.2240092377397959	0.0	0.0	0.0	0.20658711810431302	1.0	1.0	1.0	0.0	0.0	0.0	0.25728427444747215	0.0	0.14662276390605042	1.0	0.15352447281755405	1.0	0.0	1.0	1.0	0.585786437626905	0.5	0.0
bs	0.07434999738953722	1.0	0.12872873521447084	0.1353162302316386	0.04123606449807375	0.0	0.0	0.0	0.0	0.0	0.04744367067049105	0.052949979669571344	0.08038369921485251	0.04303676989436804	0.0	0.0	0.0	0.03964497618694254	0.048284911856585865	0.08298054119835024	0.05950587813546735	0.0	0.0	0.0	0.041717424838193747	0.0	0.04367659027438812	0.19160741797296413	0.04100919955062212	0.04622415604935456	0.0	0.2158344610587697	0.12334228382474118	0.045055470496716495	0.13700323391360658	0.0
ceb	0.5	0.12872873521447084	1.0	0.4364916731037085	0.16735887060708218	0.0	0.0	0.0	0.0	0.0	0.3164309725825328	0.27429188517743175	0.051252604767006105	0.20839828323471923	0.0	0.0	0.0	0.2466060555964672	0.30216947925196225	0.3164309725825328	0.3164309725825328	0.0	0.0	0.0	0.20894541729001367	0.0	0.16265941452915686	0.4364916731037085	0.19255770101324873	0.3164309725825328	0.0	0.4364916731037085	-1.0	0.25921926045307553	0.3597752501562547	0.0
ckb	1.0	0.1353162302316386	0.4364916731037085	1.0	0.1757340838011157	0.0	0.0	0.0	0.0	0.0	1.0	1.0	0.04248294938692168	0.14213411430869038	0.0	0.0	0.0	0.26533119314590375	1.0	1.0	1.0	0.0	0.0	0.0	0.1784329590736899	0.0	0.1382812255140081	1.0	0.16556726505498612	0.585786437626905	0.0	1.0	1.0	0.585786437626905	0.5	0.0
da	0.24336073281110826	0.04123606449807375	0.16735887060708218	0.1757340838011157	1.0	0.0	0.0	0.0	0.0	0.0	0.026105131796288313	0.031180341025439425	0.029198167152147268	0.0180460376998906	0.0	0.0	0.0	0.019624602065308187	0.02006038555077832	0.03319500104180195	0.04529551925179468	0.0	0.0	0.0	0.02513614164712631	0.0	0.02663012552882482	0.23800671553691075	0.026008398992573917	0.022645727054387797	0.0	0.22584440001865322	0.21551468935838852	0.01989113505653332	0.1975496259559987	0.0
de	0.0	0.0	0.0	0.0	0.0	1.0	1.0	1.0	1.0	1.0	0.0	0.0	0.0	0.0	1.0	1.0	1.0	0.0	0.0	0.0	0.0	0.0	0.0	1.0	0.0	1.0	0.0	0.0	0.0	0.0	1.0	0.0	0.1431255902859111	0.0	0.0	1.0
el	0.0	0.0	0.0	0.0	0.0	1.0	1.0	1.0	1.0	0.0	0.0	0.0	0.0	0.0	0.0	1.0	1.0	0.0	0.0	0.0	0.0	0.0	0.0	0.0	0.0	1.0	0.0	0.0	0.0	0.0	0.0	0.0	0.4364916731037085	0.0	0.0	1.0
en	0.0	0.0	0.0	0.0	0.0	1.0	1.0	1.0	1.0	1.0	0.0	0.0	0.0	0.0	1.0	1.0	1.0	0.0	0.0	0.0	0.0	0.0	0.0	1.0	0.0	1.0	0.0	0.0	0.0	0.0	1.0	0.0	0.10830159354233809	0.0	0.0	1.0
es	0.0	0.0	0.0	0.0	0.0	1.0	1.0	1.0	1.0	1.0	0.0	0.0	0.0	0.0	1.0	1.0	1.0	0.0	0.0	0.0	0.0	0.0	0.0	1.0	0.0	1.0	0.0	0.0	0.0	0.0	1.0	0.0	0.15272062214947718	0.0	0.0	1.0
fr	0.0	0.0	0.0	0.0	0.0	1.0	0.0	1.0	1.0	1.0	0.0	0.0	0.0	0.0	1.0	0.0	0.0	0.0	0.0	0.0	0.0	0.0	0.0	1.0	0.0	0.0	0.0	0.0	0.0	0.0	1.0	0.0	0.14333419163533112	0.0	0.0	1.0
he	1.0	0.04744367067049105	0.3164309725825328	1.0	0.026105131796288313	0.0	0.0	0.0	0.0	0.0	1.0	1.0	0.016818605357742523	0.0279633539682692	0.0	0.0	0.0	0.06116039029587117	1.0	1.0	1.0	0.0	0.0	0.0	0.02087144245265725	0.0	0.05650872027750214	1.0	0.04404049742339418	0.5	0.0	1.0	0.5	0.3090169943749474	0.44948974278317805	0.0
hi	1.0	0.052949979669571344	0.27429188517743175	1.0	0.031180341025439425	0.0	0.0	0.0	0.0	0.0	1.0	1.0	0.022539171619272883	0.04123818006560398	0.0	0.0	0.0	0.11769322328979212	1.0	1.0	1.0	0.0	0.0	0.0	0.0306089573295671	0.0	0.05800335592354602	1.0	0.030191738255291554	1.0	0.0	1.0	0.585786437626905	0.26427884169111276	0.44948974278317805	0.0
hu	0.04977134275663489	0.08038369921485251	0.051252604767006105	0.04248294938692168	0.029198167152147268	0.0	0.0	0.0	0.0	0.0	0.016818605357742523	0.022539171619272883	1.0	0.01571718577769169	0.0	0.0	0.0	0.016909255218584232	0.014166218449491886	0.023974187244585547	0.02500901934333048	0.0	0.0	0.0	0.029179751480667523	0.0	0.020791512120774874	0.10132304459785468	0.018446163313348876	0.01864765728088811	0.0	0.13980508114231033	0.585786437626905	0.015535558302606455	0.07846148214184613	0.0
id	0.2240092377397959	0.04303676989436804	0.20839828323471923	0.14213411430869038	0.0180460376998906	0.0	0.0	0.0	0.0	0.0	0.0279633539682692	0.04123818006560398	0.01571718577769169	1.0	0.0	0.0	0.0	0.018804924704661535	0.014039295677322029	0.052121586693862354	0.07839540530428918	0.0	0.0	0.0	0.0167897254686983	0.0	0.02282963073382519	0.39564392373896007	0.015487523434040336	0.05885482798655164	0.0	0.38742588672279304	0.15207889161245935	0.015159775539327744	0.2766967754673749	0.0
it	0.0	0.0	0.0	0.0	0.0	1.0	0.0	1.0	1.0	1.0	0.0	0.0	0.0	0.0	1.0	0.0	0.0	0.0	0.0	0.0	0.0	0.0	0.0	1.0	0.0	0.0	0.0	0.0	0.0	0.0	1.0	0.0	0.1562544233655404	0.0	0.0	1.0
ja	0.0	0.0	0.0	0.0	0.0	1.0	1.0	1.0	1.0	0.0	0.0	0.0	0.0	0.0	0.0	1.0	1.0	0.0	0.0	0.0	0.0	0.0	0.0	0.0	0.0	1.0	0.0	0.0	0.0	0.0	0.0	0.0	0.3090169943749474	0.0	0.0	1.0
ko	0.0	0.0	0.0	0.0	0.0	1.0	1.0	1.0	1.0	0.0	0.0	0.0	0.0	0.0	0.0	1.0	1.0	0.0	0.0	0.0	0.0	0.0	0.0	0.0	0.0	1.0	0.0	0.0	0.0	0.0	0.0	0.0	0.2145646002858569	0.0	0.0	1.0
lv	0.20658711810431302	0.03964497618694254	0.2466060555964672	0.26533119314590375	0.019624602065308187	0.0	0.0	0.0	0.0	0.0	0.06116039029587117	0.11769322328979212	0.016909255218584232	0.018804924704661535	0.0	0.0	0.0	1.0	0.0390431088673925	0.10575556400913307	0.13712054634769194	0.0	0.0	0.0	0.01821005498206714	0.0	0.03278785366051943	0.32449979983983984	0.02190660157782214	0.07941535609649207	0.0	0.3797958971132712	0.35388936786452296	0.02751950099691524	0.34833147735478825	0.0
mk	1.0	0.048284911856585865	0.30216947925196225	1.0	0.02006038555077832	0.0	0.0	0.0	0.0	0.0	1.0	1.0	0.014166218449491886	0.014039295677322029	0.0	0.0	0.0	0.0390431088673925	1.0	1.0	1.0	0.0	0.0	0.0	0.01769347345856442	0.0	0.026058206105244914	1.0	0.021385687890391882	0.5	0.0	1.0	0.585786437626905	0.23166247903554	0.44948974278317805	0.0
ml	1.0	0.08298054119835024	0.3164309725825328	1.0	0.03319500104180195	0.0	0.0	0.0	0.0	0.0	1.0	1.0	0.023974187244585547	0.052121586693862354	0.0	0.0	0.0	0.10575556400913307	1.0	1.0	1.0	0.0	0.0	0.0	0.04175754713827252	0.0	0.07042587507334187	1.0	0.045881805920452004	0.585786437626905	0.0	1.0	0.20203311860454104	0.3244997998398398	0.5	0.0
mr	1.0	0.05950587813546735	0.3164309725825328	1.0	0.04529551925179468	0.0	0.0	0.0	0.0	0.0	1.0	1.0	0.02500901934333048	0.07839540530428918	0.0	0.0	0.0	0.13712054634769194	1.0	1.0	1.0	0.0	0.0	0.0	0.06879878953101484	0.0	0.09890772657493047	1.0	0.07551532860920432	1.0	0.0	1.0	1.0	0.30216947925196225	0.5	0.0
nl	0.0	0.0	0.0	0.0	0.0	0.0	0.0	0.0	0.0	0.0	0.0	0.0	0.0	0.0	0.0	0.0	0.0	0.0	0.0	0.0	0.0	1.0	0.0	0.0	0.0	0.0	0.0	0.0	0.0	0.0	0.0	0.0	0.0663092310282752	0.0	0.0	0.0
pl	0.0	0.0	0.0	0.0	0.0	0.0	0.0	0.0	0.0	0.0	0.0	0.0	0.0	0.0	0.0	0.0	0.0	0.0	0.0	0.0	0.0	0.0	0.0	0.0	0.0	0.0	0.0	0.0	0.0	0.0	0.0	0.0	0.15156984201919413	0.0	0.0	0.0
pt	0.0	0.0	0.0	0.0	0.0	1.0	0.0	1.0	1.0	1.0	0.0	0.0	0.0	0.0	1.0	0.0	0.0	0.0	0.0	0.0	0.0	0.0	0.0	1.0	0.0	0.0	0.0	0.0	0.0	0.0	1.0	0.0	0.13879564861321142	0.0	0.0	1.0
ro	0.25728427444747215	0.041717424838193747	0.20894541729001367	0.1784329590736899	0.02513614164712631	0.0	0.0	0.0	0.0	0.0	0.02087144245265725	0.0306089573295671	0.029179751480667523	0.0167897254686983	0.0	0.0	0.0	0.01821005498206714	0.01769347345856442	0.04175754713827252	0.06879878953101484	0.0	0.0	0.0	1.0	0.0	0.0290436606403116	0.22772999919644132	0.02316245643500781	0.020544276150846776	0.0	0.2958163163244893	0.3751064786605054	0.017587725027742106	0.2449655295864104	0.0
ru	0.0	0.0	0.0	0.0	0.0	1.0	1.0	1.0	1.0	0.0	0.0	0.0	0.0	0.0	0.0	1.0	1.0	0.0	0.0	0.0	0.0	0.0	0.0	0.0	0.0	1.0	0.0	0.0	0.0	0.0	0.0	0.0	0.14923419446018063	0.0	0.0	1.0
sh	0.14662276390605042	0.04367659027438812	0.16265941452915686	0.1382812255140081	0.02663012552882482	0.0	0.0	0.0	0.0	0.0	0.05650872027750214	0.05800335592354602	0.020791512120774874	0.02282963073382519	0.0	0.0	0.0	0.03278785366051943	0.026058206105244914	0.07042587507334187	0.09890772657493047	0.0	0.0	0.0	0.0290436606403116	0.0	1.0	0.2612038749637414	0.027443951815962712	0.04231900092829226	0.0	0.2158344610587697	0.3380788308512194	0.0341548576709551	0.21712927295533244	0.0
si	1.0	0.19160741797296413	0.4364916731037085	1.0	0.23800671553691075	0.0	0.0	0.0	0.0	0.0	1.0	1.0	0.10132304459785468	0.39564392373896007	0.0	0.0	0.0	0.32449979983983984	1.0	1.0	1.0	0.0	0.0	0.0	0.22772999919644132	0.0	0.2612038749637414	1.0	0.4142135623730951	1.0	0.0	1.0	1.0	1.0	1.0	0.0
simple	0.15352447281755405	0.04100919955062212	0.19255770101324873	0.16556726505498612	0.026008398992573917	0.0	0.0	0.0	0.0	0.0	0.04404049742339418	0.030191738255291554	0.018446163313348876	0.015487523434040336	0.0	0.0	0.0	0.02190660157782214	0.021385687890391882	0.045881805920452004	0.07551532860920432	0.0	0.0	0.0	0.02316245643500781	0.0	0.027443951815962712	0.4142135623730951	1.0	0.03539448894060206	0.0	0.44948974278317805	0.21498516621900873	0.021883636035939062	0.28172904669025317	0.0
sr	1.0	0.04622415604935456	0.3164309725825328	0.585786437626905	0.022645727054387797	0.0	0.0	0.0	0.0	0.0	0.5	1.0	0.01864765728088811	0.05885482798655164	0.0	0.0	0.0	0.07941535609649207	0.5	0.585786437626905	1.0	0.0	0.0	0.0	0.020544276150846776	0.0	0.04231900092829226	1.0	0.03539448894060206	1.0	0.0	1.0	0.3430703308172536	0.2843646522044218	0.38742588672279304	0.0
sv	0.0	0.0	0.0	0.0	0.0	1.0	0.0	1.0	1.0	1.0	0.0	0.0	0.0	0.0	1.0	0.0	0.0	0.0	0.0	0.0	0.0	0.0	0.0	1.0	0.0	0.0	0.0	0.0	0.0	0.0	1.0	0.0	0.38742588672279304	0.0	0.0	1.0
te	1.0	0.2158344610587697	0.4364916731037085	1.0	0.22584440001865322	0.0	0.0	0.0	0.0	0.0	1.0	1.0	0.13980508114231033	0.38742588672279304	0.0	0.0	0.0	0.3797958971132712	1.0	1.0	1.0	0.0	0.0	0.0	0.2958163163244893	0.0	0.2158344610587697	1.0	0.44948974278317805	1.0	0.0	1.0	0.585786437626905	1.0	1.0	0.0
tr	1.0	0.12334228382474118	-1.0	1.0	0.21551468935838852	0.1431255902859111	0.4364916731037085	0.10830159354233809	0.15272062214947718	0.14333419163533112	0.5	0.585786437626905	0.585786437626905	0.15207889161245935	0.1562544233655404	0.3090169943749474	0.2145646002858569	0.35388936786452296	0.585786437626905	0.20203311860454104	1.0	0.0663092310282752	0.15156984201919413	0.13879564861321142	0.3751064786605054	0.14923419446018063	0.3380788308512194	1.0	0.21498516621900873	0.3430703308172536	0.38742588672279304	0.585786437626905	1.0	0.23302402810392372	1.0	0.16308953050448227
vi	0.585786437626905	0.045055470496716495	0.25921926045307553	0.585786437626905	0.01989113505653332	0.0	0.0	0.0	0.0	0.0	0.3090169943749474	0.26427884169111276	0.015535558302606455	0.015159775539327744	0.0	0.0	0.0	0.02751950099691524	0.23166247903554	0.3244997998398398	0.30216947925196225	0.0	0.0	0.0	0.017587725027742106	0.0	0.0341548576709551	1.0	0.021883636035939062	0.2843646522044218	0.0	1.0	0.23302402810392372	1.0	0.38742588672279304	0.0
war	0.5	0.13700323391360658	0.3597752501562547	0.5	0.1975496259559987	0.0	0.0	0.0	0.0	0.0	0.44948974278317805	0.44948974278317805	0.07846148214184613	0.2766967754673749	0.0	0.0	0.0	0.34833147735478825	0.44948974278317805	0.5	0.5	0.0	0.0	0.0	0.2449655295864104	0.0	0.21712927295533244	1.0	0.28172904669025317	0.38742588672279304	0.0	1.0	1.0	0.38742588672279304	1.0	0.0
zh	0.0	0.0	0.0	0.0	0.0	1.0	1.0	1.0	1.0	1.0	0.0	0.0	0.0	0.0	1.0	1.0	1.0	0.0	0.0	0.0	0.0	0.0	0.0	1.0	0.0	1.0	0.0	0.0	0.0	0.0	1.0	0.0	0.16308953050448227	0.0	0.0	1.0
