arz	bs	ceb	ckb	da	de	el	en	es	fr	he	hi	hu	id	it	ja	ko	lv	mk	ml	mr	nl	pl	pt	ro	ru	sh	si	simple	sr	sv	te	vi	war	zh
arz	1.0	0.7863954451402115	0.0	1.0	1.0	1.0	1.0	1.0	1.0	1.0	1.0	1.0	1.0	1.0	1.0	1.0	1.0	1.0	1.0	1.0	1.0	0.7863954451402115	1.0	1.0	1.0	1.0	1.0	1.0	1.0	1.0	1.0	1.0	1.0	1.0	1.0
bs	0.7863954451402115	1.0	1.0	0.8055567530094857	0.35076311772775465	0.3287942928653812	0.3608079298146783	0.28424950043606956	0.3236139018187843	0.33159377281517366	0.5078154447131242	0.5282550053651537	0.4388679990283579	0.46401942245145605	0.2476661609479416	0.340753264212241	0.33642621065819844	0.5379718449281804	0.5124769596202043	0.5244867187937368	0.7455134344225701	0.32113118969420373	0.33269918238284507	0.3376742264383657	0.3215576305186242	0.34322439371212726	0.33845658959360087	1.0	0.5058967852441855	0.31409094677459004	0.3476523113002361	0.7510341748895938	0.4144502058000665	0.7106922308883379	0.4901546486911513
ceb	0.0	1.0	1.0	1.0	1.0	1.0	1.0	1.0	1.0	1.0	1.0	1.0	1.0	1.0	1.0	1.0	1.0	1.0	1.0	1.0	1.0	1.0	1.0	1.0	1.0	1.0	1.0	1.0	1.0	1.0	1.0	1.0	1.0	1.0	1.0
ckb	1.0	0.8055567530094857	1.0	1.0	1.0	0.7411828468492556	1.0	0.4105554771798753	1.0	0.7376607345031153	1.0	1.0	0.8055567530094857	0.6841174893561722	0.4105554771798753	1.0	1.0	0.7455134344225701	1.0	1.0	1.0	0.6223041007404059	1.0	1.0	0.526658337156043	1.0	0.6388106040265582	1.0	0.6908587525207898	1.0	1.0	1.0	0.7376607345031153	0.7510341748895938	1.0
da	1.0	0.35076311772775465	1.0	1.0	1.0	0.3352631502151562	0.3073214147765948	0.22444526083625024	0.27489461110539426	0.24050034102804618	0.2967395619774739	0.6099937856446165	0.6019526554115298	0.3228586402425539	0.2475078071548031	0.2791106259557034	0.4186827072568938	0.5132337186466892	0.5889308832557033	0.6133513952149391	0.7900608149332319	0.24377536300594674	0.2546923731995409	0.25440379621698767	0.25793349786693814	0.36088477131622154	0.19701999632909453	0.7584325078215765	0.43736820493579925	0.27884127904925377	0.41487033998660167	0.8137822343553781	0.3362923392160861	0.6994017365373274	0.41228220367833024
de	1.0	0.3287942928653812	1.0	0.7411828468492556	0.3352631502151562	1.0	0.5184841374642783	0.16098465523217542	0.19884208857982694	0.18986358675827525	0.45653325947534057	0.5409099584858091	0.38059983403278236	0.2064469517315975	0.19673896771339505	0.24691098271344866	0.3699694696330805	0.5093753001233436	0.5828763145002701	0.5689913289739429	1.0	0.19885048422314963	0.16988839595704838	0.2216816437857936	0.26371042415038115	0.2571711066525557	0.2352932066195983	1.0	0.34138699089790936	0.2348560543511311	0.2512222503084709	1.0	0.2793444113494813	0.7106922308883379	0.2661850128864258
el	1.0	0.3608079298146783	1.0	1.0	0.3073214147765948	0.5184841374642783	1.0	0.3680436685592728	0.5751238670581347	0.5924354473716383	0.6549329476340925	1.0	0.7051349230068009	0.5749598988282328	0.4592870930194818	1.0	1.0	0.7900608149332319	1.0	1.0	1.0	0.5409099584858093	0.43125387775313867	0.4356699046481812	0.412718548313372	1.0	0.35342707195459305	1.0	0.5607371342276144	0.5530765054389214	0.4790568961663601	1.0	0.5264342915243934	0.6994017365373274	1.0
en	1.0	0.28424950043606956	1.0	0.4105554771798753	0.22444526083625024	0.16098465523217542	0.3680436685592728	1.0	0.13731613171826093	0.14715071067740207	0.33429589199497867	0.37230591910347866	0.2987419101189312	0.2021451510031105	0.1528282905715502	0.1880168709003217	0.3324759718246058	0.36577936663139277	0.384128316640394	0.3748701885901595	0.4076738337198827	0.17780037464021178	0.16572732296032505	0.18726782072796908	0.22352977830727544	0.25557925137852944	0.17417423787572342	0.43526109167898114	0.26885296482103044	0.1734727200521864	0.21946881265228177	0.74551343442257	0.2125461561285369	0.4015175658859531	0.2616335451659837
es	1.0	0.3236139018187843	1.0	1.0	0.27489461110539426	0.19884208857982694	0.5751238670581347	0.13731613171826093	1.0	0.16216121864980934	0.44629702991333736	0.5788148614446592	0.437066440425429	0.21658372397712883	0.18198139705084174	0.2500029804746726	0.4302466959881679	0.5463002019096437	0.6568318202362042	0.6167131210802118	1.0	0.22612263671872768	0.23347425514002365	0.21383067353553728	0.26300740684305635	0.28556785914304617	0.17598232494316404	1.0	0.35578664857151976	0.21322099206155465	0.24837813142755347	1.0	0.2750471554693537	0.6994017365373274	0.34198095659490135
fr	1.0	0.33159377281517366	1.0	0.7376607345031153	0.24050034102804618	0.18986358675827525	0.5924354473716383	0.14715071067740207	0.16216121864980934	1.0	0.39375172899128524	0.5709991589637757	0.4179671332146994	0.23444348351034658	0.1713451962763398	0.22983742742338353	0.39244291107842055	0.5731556008221044	1.0	0.6081773539908197	0.6248466930879271	0.2091296568562252	0.17910600308775423	0.19176216688377887	0.2536539938918375	0.3101046273529544	0.19867957615491044	1.0	0.34259992504179826	0.20450896612630928	0.28894446377304916	1.0	0.2507501575588107	0.6994017365373274	0.30769853382728
he	1.0	0.5078154447131242	1.0	1.0	0.2967395619774739	0.45653325947534057	0.6549329476340925	0.33429589199497867	0.44629702991333736	0.39375172899128524	1.0	0.7171176902274347	0.49047737044320844	0.36863033767130776	0.4292616916123975	0.5932464233149597	0.6406217872018793	0.678364528434453	1.0	0.7221793916855703	1.0	0.3641773404426612	0.3586220040751853	0.38962255185671835	0.2928618788834794	0.5940642723969022	0.20434406274224334	1.0	0.36752658119788645	0.2643729489049261	0.4809485103973231	1.0	0.3550499159521928	0.6994017365373274	0.594922441630797
hi	1.0	0.5282550053651537	1.0	1.0	0.6099937856446165	0.5409099584858091	1.0	0.37230591910347866	0.5788148614446592	0.5709991589637757	0.7171176902274347	1.0	0.5973365222134834	0.4518321240434695	0.5409841640100022	1.0	1.0	0.6638546162332062	1.0	1.0	1.0	0.48226673077695204	0.6450603791141369	0.6084370696808219	0.46500893485542555	1.0	0.32421398531786155	1.0	0.4998735062655221	0.5128372078982829	0.47363367672072987	1.0	0.36727059775201026	0.7510341748895938	1.0
hu	1.0	0.4388679990283579	1.0	0.8055567530094857	0.6019526554115298	0.38059983403278236	0.7051349230068009	0.2987419101189312	0.437066440425429	0.4179671332146994	0.49047737044320844	0.5973365222134834	1.0	0.39602033717090407	0.39480416842800486	0.5304706248117739	0.499189377844018	0.5390061807069165	0.6553215534040776	0.6964150026889473	0.7510341748895939	0.42811789165705577	0.2844374375023663	0.3400499524986504	0.39624810949370687	0.48165225343125767	0.2532351660390848	0.7690990303325336	0.5173134716444935	0.27612576281239337	0.43444244479589944	1.0	0.43569751467797796	0.7370765140076342	0.40443603513440207
id	1.0	0.46401942245145605	1.0	0.6841174893561722	0.3228586402425539	0.2064469517315975	0.5749598988282328	0.2021451510031105	0.21658372397712883	0.23444348351034658	0.36863033767130776	0.4518321240434695	0.39602033717090407	1.0	0.22774950161066462	0.2299234861081838	0.37717281531135294	0.4502374771432796	0.5819274293967764	0.5765495677076863	0.6044414021866646	0.24194786554654746	0.21825570033598765	0.21173532220354124	0.21160694219275314	0.27270904958807013	0.20378553223202842	1.0	0.31521411272097494	0.22238413044513802	0.36300170428436446	0.6395657813917609	0.2550247959129311	0.6226323039572873	0.2634243815362948
it	1.0	0.2476661609479416	1.0	0.4105554771798753	0.2475078071548031	0.19673896771339505	0.4592870930194818	0.1528282905715502	0.18198139705084174	0.1713451962763398	0.4292616916123975	0.5409841640100022	0.39480416842800486	0.22774950161066462	1.0	0.20739203297791065	0.3498035891465657	0.6128134307424524	0.7248485669756152	1.0	1.0	0.1730324137873801	0.1879219692674615	0.18962536476623063	0.25115660906356274	0.23820086483253097	0.20587720704928106	1.0	0.35341349831477004	0.20108769570611126	0.23077105102193154	0.6467936504043927	0.2758255098228116	0.6994017365373274	0.2345474957300793
ja	1.0	0.340753264212241	1.0	1.0	0.2791106259557034	0.24691098271344866	1.0	0.1880168709003217	0.2500029804746726	0.22983742742338353	0.5932464233149597	1.0	0.5304706248117739	0.2299234861081838	0.20739203297791065	1.0	1.0	0.6350862663450898	1.0	1.0	1.0	0.23515502911411634	0.20017703416988852	0.3189986012299453	0.26376591280463757	1.0	0.2159539131445442	1.0	0.36293330501037335	0.2251973325097284	0.21036764373024744	1.0	0.29248766706954515	0.6994017365373274	1.0
ko	1.0	0.33642621065819844	1.0	1.0	0.4186827072568938	0.3699694696330805	1.0	0.3324759718246058	0.4302466959881679	0.39244291107842055	0.6406217872018793	1.0	0.499189377844018	0.37717281531135294	0.3498035891465657	1.0	1.0	0.6328456989082698	1.0	1.0	1.0	0.2960129684385894	0.38976394717210133	0.4243305335940528	0.3363806322488977	1.0	0.22952018159007892	1.0	0.37689664517473437	0.27763509918920376	0.4926695003871662	1.0	0.43881639634720626	0.6994017365373274	1.0
lv	1.0	0.5379718449281804	1.0	0.7455134344225701	0.5132337186466892	0.5093753001233436	0.7900608149332319	0.36577936663139277	0.5463002019096437	0.5731556008221044	0.678364528434453	0.6638546162332062	0.5390061807069165	0.4502374771432796	0.6128134307424524	0.6350862663450898	0.6328456989082698	1.0	0.7808298169993729	0.7300208629885034	0.7942219112853846	0.4458315684903682	0.47800411163030543	0.6802458882942041	0.49010295547859845	0.6350862663450898	0.24385534413255236	1.0	0.4912325178279467	0.30569375833986095	0.5991487567556417	0.7510341748895938	0.4742935025627601	0.7584325078215763	0.6328456989082698
mk	1.0	0.5124769596202043	1.0	1.0	0.5889308832557033	0.5828763145002701	1.0	0.384128316640394	0.6568318202362042	1.0	1.0	1.0	0.6553215534040776	0.5819274293967764	0.7248485669756152	1.0	1.0	0.7808298169993729	1.0	1.0	1.0	0.5747129628734963	0.3895101331494141	0.7248485669756152	0.5973484481370076	1.0	0.38048613662015973	1.0	0.5964709866582553	0.5762726601620861	0.6542352973188035	1.0	0.5776153509808648	0.7690990303325336	1.0
ml	1.0	0.5244867187937368	1.0	1.0	0.6133513952149391	0.5689913289739429	1.0	0.3748701885901595	0.6167131210802118	0.6081773539908197	0.7221793916855703	1.0	0.6964150026889473	0.5765495677076863	1.0	1.0	1.0	0.7300208629885034	1.0	1.0	1.0	0.5124671806588085	0.709417262917514	0.5689913289739431	0.4831371024700814	1.0	0.3391426944441366	1.0	0.5376134276260717	1.0	0.7234532828151787	1.0	0.5211944000534651	0.7106922308883379	1.0
mr	1.0	0.7455134344225701	1.0	1.0	0.7900608149332319	1.0	1.0	0.4076738337198827	1.0	0.6248466930879271	1.0	1.0	0.7510341748895939	0.6044414021866646	1.0	1.0	1.0	0.7942219112853846	1.0	1.0	1.0	0.5587802800950333	0.7900608149332319	0.7376607345031153	0.6333404237489202	1.0	0.41188226753420765	1.0	0.7347168825662656	1.0	1.0	1.0	0.6786291688147437	0.7690990303325336	1.0
nl	0.7863954451402115	0.32113118969420373	1.0	0.6223041007404059	0.24377536300594674	0.19885048422314963	0.5409099584858093	0.17780037464021178	0.22612263671872768	0.2091296568562252	0.3641773404426612	0.48226673077695204	0.42811789165705577	0.24194786554654746	0.1730324137873801	0.23515502911411634	0.2960129684385894	0.4458315684903682	0.5747129628734963	0.5124671806588085	0.5587802800950333	1.0	0.23689036012332534	0.24355525708898457	0.24589230407646642	0.25753546135308264	0.20661804843134488	0.7584325078215763	0.32355507754421525	0.20784304330334794	0.2545986504592239	0.7510341748895938	0.3013323808800041	0.6236815385159509	0.2545583055983027
pl	1.0	0.33269918238284507	1.0	1.0	0.2546923731995409	0.16988839595704838	0.43125387775313867	0.16572732296032505	0.23347425514002365	0.17910600308775423	0.3586220040751853	0.6450603791141369	0.2844374375023663	0.21825570033598765	0.1879219692674615	0.20017703416988852	0.38976394717210133	0.47800411163030543	0.3895101331494141	0.709417262917514	0.7900608149332319	0.23689036012332534	1.0	0.2260838962415971	0.232826703826902	0.24528217606824776	0.20116943655547295	1.0	0.36668450751458387	0.22124810837365824	0.2692896678275072	1.0	0.25894684755904723	0.7292679407387131	0.25050374527067204
pt	1.0	0.3376742264383657	1.0	1.0	0.25440379621698767	0.2216816437857936	0.4356699046481812	0.18726782072796908	0.21383067353553728	0.19176216688377887	0.38962255185671835	0.6084370696808219	0.3400499524986504	0.21173532220354124	0.18962536476623063	0.3189986012299453	0.4243305335940528	0.6802458882942041	0.7248485669756152	0.5689913289739431	0.7376607345031153	0.24355525708898457	0.2260838962415971	1.0	0.24170572627915338	0.31077510447061135	0.18342292090567353	1.0	0.354019893248128	0.21468696673493112	0.25960532005593	1.0	0.26536466821533083	0.6994017365373274	0.3056597197630722
ro	1.0	0.3215576305186242	1.0	0.526658337156043	0.25793349786693814	0.26371042415038115	0.412718548313372	0.22352977830727544	0.26300740684305635	0.2536539938918375	0.2928618788834794	0.46500893485542555	0.39624810949370687	0.21160694219275314	0.25115660906356274	0.26376591280463757	0.3363806322488977	0.49010295547859845	0.5973484481370076	0.4831371024700814	0.6333404237489202	0.24589230407646642	0.232826703826902	0.24170572627915338	1.0	0.2558481088788724	0.2809264571636473	0.672370045633007	0.3556900158906556	0.2861629662836459	0.27813821118173804	0.6524007805500078	0.32546549453700213	0.6197153004425561	0.26577704358840415
ru	1.0	0.34322439371212726	1.0	1.0	0.36088477131622154	0.2571711066525557	1.0	0.25557925137852944	0.28556785914304617	0.3101046273529544	0.5940642723969022	1.0	0.48165225343125767	0.27270904958807013	0.23820086483253097	1.0	1.0	0.6350862663450898	1.0	1.0	1.0	0.25753546135308264	0.24528217606824776	0.31077510447061135	0.2558481088788724	1.0	0.2237927393398206	1.0	0.3698818258097314	0.29357295519170223	0.2813510342903309	1.0	0.30390439337193165	0.6994017365373274	1.0
sh	1.0	0.33845658959360087	1.0	0.6388106040265582	0.19701999632909453	0.2352932066195983	0.35342707195459305	0.17417423787572342	0.17598232494316404	0.19867957615491044	0.20434406274224334	0.32421398531786155	0.2532351660390848	0.20378553223202842	0.20587720704928106	0.2159539131445442	0.22952018159007892	0.24385534413255236	0.38048613662015973	0.3391426944441366	0.41188226753420765	0.20661804843134488	0.20116943655547295	0.18342292090567353	0.2809264571636473	0.2237927393398206	1.0	0.45803440683382396	0.2707282184971754	0.15342563321666453	0.23475287018080598	0.7510341748895938	0.2385808427256644	0.5875937725202484	0.18632820438588124
si	1.0	1.0	1.0	1.0	0.7584325078215765	1.0	1.0	0.43526109167898114	1.0	1.0	1.0	1.0	0.7690990303325336	1.0	1.0	1.0	1.0	1.0	1.0	1.0	1.0	0.7584325078215763	1.0	1.0	0.672370045633007	1.0	0.45803440683382396	1.0	0.7510341748895937	1.0	0.7584325078215763	1.0	0.8137822343553779	0.7863954451402115	1.0
simple	1.0	0.5058967852441855	1.0	0.6908587525207898	0.43736820493579925	0.34138699089790936	0.5607371342276144	0.26885296482103044	0.35578664857151976	0.34259992504179826	0.36752658119788645	0.4998735062655221	0.5173134716444935	0.31521411272097494	0.35341349831477004	0.36293330501037335	0.37689664517473437	0.4912325178279467	0.5964709866582553	0.5376134276260717	0.7347168825662656	0.32355507754421525	0.36668450751458387	0.354019893248128	0.3556900158906556	0.3698818258097314	0.2707282184971754	0.7510341748895937	1.0	0.23045861415999574	0.43221465091413364	0.7106922308883378	0.3578410061957551	0.6236815385159508	0.3839792832050127
sr	1.0	0.31409094677459004	1.0	1.0	0.27884127904925377	0.2348560543511311	0.5530765054389214	0.1734727200521864	0.21322099206155465	0.20450896612630928	0.2643729489049261	0.5128372078982829	0.27612576281239337	0.22238413044513802	0.20108769570611126	0.2251973325097284	0.27763509918920376	0.30569375833986095	0.5762726601620861	1.0	1.0	0.20784304330334794	0.22124810837365824	0.21468696673493112	0.2861629662836459	0.29357295519170223	0.15342563321666453	1.0	0.23045861415999574	1.0	0.28565511935269783	1.0	0.2647778797406632	0.6994017365373274	0.3018840270769126
sv	1.0	0.3476523113002361	1.0	1.0	0.41487033998660167	0.2512222503084709	0.4790568961663601	0.21946881265228177	0.24837813142755347	0.28894446377304916	0.4809485103973231	0.47363367672072987	0.43444244479589944	0.36300170428436446	0.23077105102193154	0.21036764373024744	0.4926695003871662	0.5991487567556417	0.6542352973188035	0.7234532828151787	1.0	0.2545986504592239	0.2692896678275072	0.25960532005593	0.27813821118173804	0.2813510342903309	0.23475287018080598	0.7584325078215763	0.43221465091413364	0.28565511935269783	1.0	1.0	0.3189650020094599	0.6994017365373274	0.29509340950615276
te	1.0	0.7510341748895938	1.0	1.0	0.8137822343553781	1.0	1.0	0.74551343442257	1.0	1.0	1.0	1.0	1.0	0.6395657813917609	0.6467936504043927	1.0	1.0	0.7510341748895938	1.0	1.0	1.0	0.7510341748895938	1.0	1.0	0.6524007805500078	1.0	0.7510341748895938	1.0	0.7106922308883378	1.0	1.0	1.0	0.7510341748895939	0.7690990303325336	1.0
vi	1.0	0.4144502058000665	1.0	0.7376607345031153	0.3362923392160861	0.2793444113494813	0.5264342915243934	0.2125461561285369	0.2750471554693537	0.2507501575588107	0.3550499159521928	0.36727059775201026	0.43569751467797796	0.2550247959129311	0.2758255098228116	0.29248766706954515	0.43881639634720626	0.4742935025627601	0.5776153509808648	0.5211944000534651	0.6786291688147437	0.3013323808800041	0.25894684755904723	0.26536466821533083	0.32546549453700213	0.30390439337193165	0.2385808427256644	0.8137822343553779	0.3578410061957551	0.2647778797406632	0.3189650020094599	0.7510341748895939	1.0	0.6247432806062336	0.26170325650627496
war	1.0	0.7106922308883379	1.0	0.7510341748895938	0.6994017365373274	0.7106922308883379	0.6994017365373274	0.4015175658859531	0.6994017365373274	0.6994017365373274	0.6994017365373274	0.7510341748895938	0.7370765140076342	0.6226323039572873	0.6994017365373274	0.6994017365373274	0.6994017365373274	0.7584325078215763	0.7690990303325336	0.7106922308883379	0.7690990303325336	0.6236815385159509	0.7292679407387131	0.6994017365373274	0.6197153004425561	0.6994017365373274	0.5875937725202484	0.7863954451402115	0.6236815385159508	0.6994017365373274	0.6994017365373274	0.7690990303325336	0.6247432806062336	1.0	0.6994017365373274
zh	1.0	0.4901546486911513	1.0	1.0	0.41228220367833024	0.2661850128864258	1.0	0.2616335451659837	0.34198095659490135	0.30769853382728	0.594922441630797	1.0	0.40443603513440207	0.2634243815362948	0.2345474957300793	1.0	1.0	0.6328456989082698	1.0	1.0	1.0	0.2545583055983027	0.25050374527067204	0.3056597197630722	0.26577704358840415	1.0	0.18632820438588124	1.0	0.3839792832050127	0.3018840270769126	0.29509340950615276	1.0	0.26170325650627496	0.6994017365373274	1.0
