arz	bs	ceb	ckb	da	de	el	en	es	fr	he	hi	hu	id	it	ja	ko	lv	mk	ml	mr	nl	pl	pt	ro	ru	sh	si	simple	sr	sv	te	vi	war	zh
arz	1.0	0.31615407452837835	0.0	0.585786437626905	0.29861489767424576	0.25355482027512377	0.12731446109008307	0.11348747630423657	0.3430703308172536	0.11500997654839512	0.18252348223114834	1.0	0.3660254037844386	0.15068836913649852	0.25728427444747215	0.28172904669025317	0.18050805132369047	0.22892313759653476	0.44948974278317805	0.5	0.2853029657789964	0.26427884169111276	0.28133685361327354	0.1975496259559987	0.10921655859894683	0.24578124038657367	0.585786437626905	1.0	0.32037724101704074	0.3475158878581577	0.20460849699472483	0.0	0.2938431586340111	1.0	0.21843818795413908
bs	0.31615407452837835	1.0	0.0	0.44948974278317805	0.38742588672279304	0.21712927295533244	0.585786437626905	0.17100799366294794	0.2766967754673749	0.24336073281110826	0.44948974278317805	0.18541948236599776	0.4142135623730951	0.3483314773547883	0.28989794855663564	0.38742588672279304	0.2632403810669918	0.585786437626905	0.3244997998398398	0.585786437626905	1.0	0.5	0.2410176379007698	0.2572842744474721	0.3597752501562547	0.2402530733520421	0.44948974278317805	0.585786437626905	0.585786437626905	0.35388936786452296	0.3090169943749474	1.0	0.44948974278317805	1.0	0.16971674196462017
ceb	0.0	0.0	1.0	0.0	1.0	1.0	1.0	1.0	1.0	1.0	1.0	1.0	1.0	1.0	0.585786437626905	1.0	1.0	1.0	1.0	0.0	1.0	1.0	1.0	1.0	1.0	1.0	1.0	0.0	1.0	1.0	1.0	0.0	1.0	0.0	1.0
ckb	0.585786437626905	0.44948974278317805	0.0	1.0	0.2	0.13162454336267687	0.2632403810669918	0.11063210366061711	0.11189119247086728	0.12926415307388708	0.13248717437264232	0.2372732414640341	0.12849622184722817	0.20700086865757927	0.13398758584091444	0.132457507119995	0.1280422972107574	0.44948974278317805	0.2612038749637415	0.585786437626905	1.0	0.13068363810000083	0.1463924816619788	0.10885070137234486	0.23166247903554	0.12926415307388708	0.585786437626905	1.0	0.39564392373896	0.21393876913398135	0.14890977052086574	1.0	0.14885477603275746	1.0	0.11001997887371084
da	0.29861489767424576	0.38742588672279304	1.0	0.2	1.0	0.11944682110688506	0.2928060946961875	0.10642342175357314	0.11690097954069245	0.10945304053256437	0.1566130288262323	0.15691761443501234	0.2239226236169951	0.21767634479507444	0.10085537942138693	0.13757104980321128	0.1346955543249914	0.30216947925196225	0.38742588672279304	0.3483314773547883	1.0	0.14657661553811108	0.1363284505478561	0.12133650290273079	0.2553967929896867	0.10586596643905144	0.5	0.585786437626905	0.25355482027512377	0.2240092377397959	0.1498238584501424	1.0	0.2193450929151803	1.0	0.10537052874922583
de	0.25355482027512377	0.21712927295533244	1.0	0.13162454336267687	0.11944682110688506	1.0	0.1983555576735248	0.010024126994442885	0.01978511748634793	0.0041866960804160715	0.008475317963832885	0.029684163335315514	0.0598347424277958	0.0611770117408222	0.0045667664051719905	0.009328269340643935	0.006860333954949567	0.32037724101704074	0.14251828359649232	0.2247374001956026	1.0	0.06499395418312451	0.04359342096671612	0.012036267554087383	0.13732019396034312	0.021366970484574182	0.2474401533514073	0.5	0.2791745113185196	0.07551726954689139	0.08924926442573718	1.0	0.05294410207006427	1.0	0.004549835408371089
el	0.12731446109008307	0.585786437626905	1.0	0.2632403810669918	0.2928060946961875	0.1983555576735248	1.0	0.12371884312458155	0.1569940562106229	0.13752076280197198	0.14890977052086574	0.1253619931605318	0.18368518446174903	0.21030508939723036	0.12729683913915313	0.179128784747792	0.14995590295058941	0.44948974278317805	0.3090169943749474	0.39564392373896007	1.0	0.2139387691339814	0.1618099389409039	0.15048780241914944	0.25355482027512377	0.15022110482233483	0.585786437626905	0.585786437626905	0.3333333333333333	0.25728427444747215	0.21393876913398135	1.0	0.25162899472596006	1.0	0.11162926616377884
en	0.11348747630423657	0.17100799366294794	1.0	0.11063210366061711	0.10642342175357314	0.010024126994442885	0.12371884312458155	1.0	0.0049162618267652725	0.001946362065339935	0.00487895078769043	0.027607896270074338	0.033645598362831264	0.05762732359469697	0.003044807884888799	0.003353401367336797	0.004200206562118894	0.2474401533514073	0.12910941082283192	0.2	1.0	0.035573018221898	0.02606600447524452	0.004139120757637831	0.09349849155734041	0.0033987414635056716	0.1477240752770679	0.585786437626905	0.25	0.06610780595493901	0.031232455422999943	1.0	0.018421858736714758	1.0	0.003102313770607641
es	0.3430703308172536	0.2766967754673749	1.0	0.11189119247086728	0.11690097954069245	0.01978511748634793	0.1569940562106229	0.0049162618267652725	1.0	0.012219454521005887	0.015199728146016358	0.03784669760772035	0.06445035163343074	0.06250049385360996	0.0054651961950323204	0.019618698957487902	0.01352587305746973	0.32037724101704074	0.13832540093371765	0.2247374001956026	1.0	0.05125123134747509	0.04272028630860853	0.010133013364206286	0.1322680566494299	0.02124810632584681	0.1556993172931369	0.585786437626905	0.25355482027512377	0.07648704008168197	0.06924617867775863	1.0	0.05471152805887878	1.0	0.005462337084514917
fr	0.11500997654839512	0.24336073281110826	1.0	0.12926415307388708	0.10945304053256437	0.0041866960804160715	0.13752076280197198	0.001946362065339935	0.012219454521005887	1.0	0.006860057101636001	0.03620196880762163	0.04202040045708249	0.06281712057926926	0.004381154279530522	0.005810170245944924	0.005505756377274896	0.252650308587072	0.14459058185587106	0.2247374001956026	1.0	0.03623396337456154	0.023132701523876285	0.006123128618798653	0.11355918709420654	0.004093263961938924	0.15469892573173544	0.585786437626905	0.21290885543182675	0.06987669466038311	0.03805953333229186	1.0	0.027202001573998855	1.0	0.004306883834831416
he	0.18252348223114834	0.44948974278317805	1.0	0.13248717437264232	0.1566130288262323	0.008475317963832885	0.14890977052086574	0.00487895078769043	0.015199728146016358	0.006860057101636001	1.0	0.061934286151246645	0.06199624530971729	0.07320056245797942	0.007282631092784536	0.017174655863330293	0.01952825288468805	0.252650308587072	0.15571044664402758	0.2308580445338155	1.0	0.048568023697498436	0.02465212084934758	0.02673387186832625	0.13040643692604448	0.008879777222874233	0.23497542908541053	0.585786437626905	0.26968623182294527	0.08601243859594986	0.05831140643013503	1.0	0.06311244067228312	1.0	0.0082950263586454
hi	1.0	0.18541948236599776	1.0	0.2372732414640341	0.15691761443501234	0.029684163335315514	0.1253619931605318	0.027607896270074338	0.03784669760772035	0.03620196880762163	0.061934286151246645	1.0	0.050433110861973884	0.09214594520034815	0.04228940898865373	0.04010497905003339	0.03658772672904693	0.252650308587072	0.28436465220442186	0.4142135623730951	1.0	0.0461462992614744	0.038752487194377176	0.040008263276507396	0.10883882760445805	0.03700213574207321	0.44948974278317805	0.585786437626905	0.16265941452915686	0.07900607190342628	0.04299504496223995	1.0	0.07916699117584039	1.0	0.02992053883750193
hu	0.3660254037844386	0.4142135623730951	1.0	0.12849622184722817	0.2239226236169951	0.0598347424277958	0.18368518446174903	0.033645598362831264	0.06445035163343074	0.04202040045708249	0.06199624530971729	0.050433110861973884	1.0	0.1339532340710256	0.021908967772941778	0.05863187876483856	0.04939722462954281	0.28436465220442186	0.1620401604957856	0.2247374001956026	1.0	0.09055961122696823	0.07478347708884744	0.05535629443990897	0.1274151953661345	0.052253941209375224	0.18436711641849265	0.585786437626905	0.3660254037844386	0.1399755881284967	0.10603061052321802	1.0	0.08559496406285744	1.0	0.036728214933155846
id	0.15068836913649852	0.3483314773547883	1.0	0.20700086865757927	0.21767634479507444	0.0611770117408222	0.21030508939723036	0.05762732359469697	0.06250049385360996	0.06281712057926926	0.07320056245797942	0.09214594520034815	0.1339532340710256	1.0	0.06704022749186195	0.06729416374778574	0.06948526888448847	0.26201004598551053	0.3333333333333333	0.3483314773547883	1.0	0.07758725470012214	0.07201565659774149	0.062475160077847085	0.18905299528192201	0.06039002028485083	0.40453726661826384	0.5	0.17774575502392898	0.11548946608720022	0.08989387552372703	1.0	0.11465624913842644	1.0	0.06136046210725663
it	0.25728427444747215	0.28989794855663564	0.585786437626905	0.13398758584091444	0.10085537942138693	0.0045667664051719905	0.12729683913915313	0.003044807884888799	0.0054651961950323204	0.004381154279530522	0.007282631092784536	0.04228940898865373	0.021908967772941778	0.06704022749186195	1.0	0.005384675736474948	0.008281021999441007	0.2309914769493914	0.18464218557642828	0.2247374001956026	1.0	0.018121716656299306	0.007970956946835134	0.006854846415478386	0.08179225106381134	0.0044782004700724765	0.14745468145240584	0.585786437626905	0.1687444493055721	0.05653761471232931	0.022705411799682267	1.0	0.04281221276713624	1.0	0.00671527824660016
ja	0.28172904669025317	0.38742588672279304	1.0	0.132457507119995	0.13757104980321128	0.009328269340643935	0.179128784747792	0.003353401367336797	0.019618698957487902	0.005810170245944924	0.017174655863330293	0.04010497905003339	0.05863187876483856	0.06729416374778574	0.005384675736474948	1.0	0.010237227608127675	0.25	0.15402389914506856	0.22849890415642563	1.0	0.04496880953643756	0.04030810657113952	0.014983219393184269	0.136625410780267	0.018233700317953277	0.16420273753748846	0.5	0.28172904669025317	0.07795488149786865	0.05804656388634351	1.0	0.07316199608108723	1.0	0.006092850435686801
ko	0.18050805132369047	0.2632403810669918	1.0	0.1280422972107574	0.1346955543249914	0.006860333954949567	0.14995590295058941	0.004200206562118894	0.01352587305746973	0.005505756377274896	0.01952825288468805	0.03658772672904693	0.04939722462954281	0.06948526888448847	0.008281021999441007	0.010237227608127675	1.0	0.3333333333333333	0.16952084719853724	0.2211722256431405	1.0	0.028594897160570457	0.023502173566753312	0.022653726804703688	0.11224786020923541	0.0066253927465113206	0.2989350844248255	0.585786437626905	0.2216368750839041	0.09708027905976416	0.053387593134937	1.0	0.05281323337553809	1.0	0.006426115877924658
lv	0.22892313759653476	0.585786437626905	1.0	0.44948974278317805	0.30216947925196225	0.32037724101704074	0.44948974278317805	0.2474401533514073	0.32037724101704074	0.252650308587072	0.252650308587072	0.252650308587072	0.28436465220442186	0.26201004598551053	0.2309914769493914	0.25	0.3333333333333333	1.0	0.44948974278317805	0.4142135623730951	1.0	0.32037724101704074	0.252650308587072	0.3090169943749474	0.3333333333333333	0.24257131419419417	0.585786437626905	0.5	0.44948974278317805	0.36602540378443865	0.27792629762666365	1.0	0.2958163163244893	1.0	0.22340832503179264
mk	0.44948974278317805	0.3244997998398398	1.0	0.2612038749637415	0.38742588672279304	0.14251828359649232	0.3090169943749474	0.12910941082283192	0.13832540093371765	0.14459058185587106	0.15571044664402758	0.28436465220442186	0.1620401604957856	0.3333333333333333	0.18464218557642828	0.15402389914506856	0.16952084719853724	0.44948974278317805	1.0	1.0	1.0	0.18581211318908403	0.1896812679802183	0.1583512993162321	0.3288130902060995	0.13100580420257674	0.40453726661826384	1.0	1.0	0.26968623182294527	0.14459058185587106	1.0	0.22901628833426058	1.0	0.1303639547600728
ml	0.5	0.585786437626905	0.0	0.585786437626905	0.3483314773547883	0.2247374001956026	0.39564392373896007	0.2	0.2247374001956026	0.2247374001956026	0.2308580445338155	0.4142135623730951	0.2247374001956026	0.3483314773547883	0.2247374001956026	0.22849890415642563	0.2211722256431405	0.4142135623730951	1.0	1.0	1.0	0.2247374001956026	0.2247374001956026	0.2284989041564256	0.36602540378443865	0.2	0.585786437626905	1.0	0.4142135623730951	0.36602540378443865	0.2449655295864104	1.0	0.3288130902060995	1.0	0.23161740569798603
mr	0.2853029657789964	1.0	1.0	1.0	1.0	1.0	1.0	1.0	1.0	1.0	1.0	1.0	1.0	1.0	1.0	1.0	1.0	1.0	1.0	1.0	1.0	1.0	1.0	1.0	1.0	1.0	1.0	1.0	1.0	1.0	1.0	1.0	1.0	1.0	1.0
nl	0.26427884169111276	0.5	1.0	0.13068363810000083	0.14657661553811108	0.06499395418312451	0.2139387691339814	0.035573018221898	0.05125123134747509	0.03623396337456154	0.048568023697498436	0.0461462992614744	0.09055961122696823	0.07758725470012214	0.018121716656299306	0.04496880953643756	0.028594897160570457	0.32037724101704074	0.18581211318908403	0.2247374001956026	1.0	1.0	0.09051913677037238	0.05502773963260529	0.18400240527946554	0.047921137800080074	0.31451985913875646	0.585786437626905	0.3660254037844386	0.10902917918908636	0.09844579128878501	1.0	0.06626230105948051	1.0	0.013375063492609763
pl	0.28133685361327354	0.2410176379007698	1.0	0.1463924816619788	0.1363284505478561	0.04359342096671612	0.1618099389409039	0.02606600447524452	0.04272028630860853	0.023132701523876285	0.02465212084934758	0.038752487194377176	0.07478347708884744	0.07201565659774149	0.007970956946835134	0.04030810657113952	0.023502173566753312	0.252650308587072	0.1896812679802183	0.2247374001956026	1.0	0.09051913677037238	1.0	0.03036441608268425	0.13249834537359062	0.03413804185604589	0.22547340809847535	0.585786437626905	0.28989794855663564	0.08613287901473568	0.09620798984559276	1.0	0.07001119610684323	1.0	0.009084144335504675
pt	0.1975496259559987	0.2572842744474721	1.0	0.10885070137234486	0.12133650290273079	0.012036267554087383	0.15048780241914944	0.004139120757637831	0.010133013364206286	0.006123128618798653	0.02673387186832625	0.040008263276507396	0.05535629443990897	0.062475160077847085	0.006854846415478386	0.014983219393184269	0.022653726804703688	0.3090169943749474	0.1583512993162321	0.2284989041564256	1.0	0.05502773963260529	0.03036441608268425	1.0	0.14563307637703782	0.010270729717567933	0.23085804453381545	0.585786437626905	0.25355482027512377	0.07625014402246483	0.05198347587784336	1.0	0.06832305209429612	1.0	0.0066816929470029825
ro	0.10921655859894683	0.3597752501562547	1.0	0.23166247903554	0.2553967929896867	0.13732019396034312	0.25355482027512377	0.09349849155734041	0.1322680566494299	0.11355918709420654	0.13040643692604448	0.10883882760445805	0.1274151953661345	0.18905299528192201	0.08179225106381134	0.136625410780267	0.11224786020923541	0.3333333333333333	0.3288130902060995	0.36602540378443865	1.0	0.18400240527946554	0.13249834537359062	0.14563307637703782	1.0	0.10544833670286075	0.25	0.585786437626905	0.3333333333333333	0.17025921636942778	0.14530287106967552	1.0	0.15567319759851003	1.0	0.07930807916201109
ru	0.24578124038657367	0.2402530733520421	1.0	0.12926415307388708	0.10586596643905144	0.021366970484574182	0.15022110482233483	0.0033987414635056716	0.02124810632584681	0.004093263961938924	0.008879777222874233	0.03700213574207321	0.052253941209375224	0.06039002028485083	0.0044782004700724765	0.018233700317953277	0.0066253927465113206	0.24257131419419417	0.13100580420257674	0.2	1.0	0.047921137800080074	0.03413804185604589	0.010270729717567933	0.10544833670286075	1.0	0.14840445430331037	0.585786437626905	0.2766967754673749	0.07207858697053993	0.06382670091621931	1.0	0.02258310251855395	1.0	0.004447305524113603
sh	0.585786437626905	0.44948974278317805	1.0	0.585786437626905	0.5	0.2474401533514073	0.585786437626905	0.1477240752770679	0.1556993172931369	0.15469892573173544	0.23497542908541053	0.44948974278317805	0.18436711641849265	0.40453726661826384	0.14745468145240584	0.16420273753748846	0.2989350844248255	0.585786437626905	0.40453726661826384	0.585786437626905	1.0	0.31451985913875646	0.22547340809847535	0.23085804453381545	0.25	0.14840445430331037	1.0	1.0	0.5	0.16773513009604785	0.24117152185510726	1.0	0.2708131845707603	1.0	0.23166247903554
si	1.0	0.585786437626905	0.0	1.0	0.585786437626905	0.5	0.585786437626905	0.585786437626905	0.585786437626905	0.585786437626905	0.585786437626905	0.585786437626905	0.585786437626905	0.5	0.585786437626905	0.5	0.585786437626905	0.5	1.0	1.0	1.0	0.585786437626905	0.585786437626905	0.585786437626905	0.585786437626905	0.585786437626905	1.0	1.0	0.585786437626905	0.585786437626905	0.5	1.0	0.585786437626905	1.0	0.585786437626905
simple	0.32037724101704074	0.585786437626905	1.0	0.39564392373896	0.25355482027512377	0.2791745113185196	0.3333333333333333	0.25	0.25355482027512377	0.21290885543182675	0.26968623182294527	0.16265941452915686	0.3660254037844386	0.17774575502392898	0.1687444493055721	0.28172904669025317	0.2216368750839041	0.44948974278317805	1.0	0.4142135623730951	1.0	0.3660254037844386	0.28989794855663564	0.25355482027512377	0.3333333333333333	0.2766967754673749	0.5	0.585786437626905	1.0	0.32008819945364486	0.3126480851423008	1.0	0.3164309725825327	1.0	0.2193450929151803
sr	0.3475158878581577	0.35388936786452296	1.0	0.21393876913398135	0.2240092377397959	0.07551726954689139	0.25728427444747215	0.06610780595493901	0.07648704008168197	0.06987669466038311	0.08601243859594986	0.07900607190342628	0.1399755881284967	0.11548946608720022	0.05653761471232931	0.07795488149786865	0.09708027905976416	0.36602540378443865	0.26968623182294527	0.36602540378443865	1.0	0.10902917918908636	0.08613287901473568	0.07625014402246483	0.17025921636942778	0.07207858697053993	0.16773513009604785	0.585786437626905	0.32008819945364486	1.0	0.12110671649727252	1.0	0.1655219585290672	1.0	0.06423512425521145
sv	0.20460849699472483	0.3090169943749474	1.0	0.14890977052086574	0.1498238584501424	0.08924926442573718	0.21393876913398135	0.031232455422999943	0.06924617867775863	0.03805953333229186	0.05831140643013503	0.04299504496223995	0.10603061052321802	0.08989387552372703	0.022705411799682267	0.05804656388634351	0.053387593134937	0.27792629762666365	0.14459058185587106	0.2449655295864104	1.0	0.09844579128878501	0.09620798984559276	0.05198347587784336	0.14530287106967552	0.06382670091621931	0.24117152185510726	0.5	0.3126480851423008	0.12110671649727252	1.0	1.0	0.09345558569011751	1.0	0.021623776180672665
te	0.0	1.0	0.0	1.0	1.0	1.0	1.0	1.0	1.0	1.0	1.0	1.0	1.0	1.0	1.0	1.0	1.0	1.0	1.0	1.0	1.0	1.0	1.0	1.0	1.0	1.0	1.0	1.0	1.0	1.0	1.0	1.0	1.0	1.0	1.0
vi	0.2938431586340111	0.44948974278317805	1.0	0.14885477603275746	0.2193450929151803	0.05294410207006427	0.25162899472596006	0.018421858736714758	0.05471152805887878	0.027202001573998855	0.06311244067228312	0.07916699117584039	0.08559496406285744	0.11465624913842644	0.04281221276713624	0.07316199608108723	0.05281323337553809	0.2958163163244893	0.22901628833426058	0.3288130902060995	1.0	0.06626230105948051	0.07001119610684323	0.06832305209429612	0.15567319759851003	0.02258310251855395	0.2708131845707603	0.585786437626905	0.3164309725825327	0.1655219585290672	0.09345558569011751	1.0	1.0	1.0	0.034759735252076096
war	1.0	1.0	0.0	1.0	1.0	1.0	1.0	1.0	1.0	1.0	1.0	1.0	1.0	1.0	1.0	1.0	1.0	1.0	1.0	1.0	1.0	1.0	1.0	1.0	1.0	1.0	1.0	1.0	1.0	1.0	1.0	1.0	1.0	1.0	1.0
zh	0.21843818795413908	0.16971674196462017	1.0	0.11001997887371084	0.10537052874922583	0.004549835408371089	0.11162926616377884	0.003102313770607641	0.005462337084514917	0.004306883834831416	0.0082950263586454	0.02992053883750193	0.036728214933155846	0.06136046210725663	0.00671527824660016	0.006092850435686801	0.006426115877924658	0.22340832503179264	0.1303639547600728	0.23161740569798603	1.0	0.013375063492609763	0.009084144335504675	0.0066816929470029825	0.07930807916201109	0.004447305524113603	0.23166247903554	0.585786437626905	0.2193450929151803	0.06423512425521145	0.021623776180672665	1.0	0.034759735252076096	1.0	1.0
