arz	bs	ceb	ckb	da	de	el	en	es	fr	he	hi	hu	id	it	ja	ko	lv	mk	ml	mr	nl	pl	pt	ro	ru	sh	si	simple	sr	sv	te	vi	war	zh
arz	0.3333333333333333	0.3333333333333333	0.5	0.058823529411764705	0.0	0.3333333333333333	0.3333333333333333	0.3333333333333333	0.3333333333333333	0.3333333333333333	0.3333333333333333	0.0	0.3333333333333333	0.5	0.3333333333333333	0.3333333333333333	0.3333333333333333	1.0	0.3333333333333333	0.041666666666666664	0.05	0.3333333333333333	0.3333333333333333	0.3333333333333333	0.0	0.3333333333333333	0.3333333333333333	0.05555555555555555	1.0	0.3333333333333333	0.3333333333333333	0.047619047619047616	1.0	0.07142857142857142	0.3333333333333333
bs	0.3333333333333333	0.023381390018271563	0.16669444444444442	0.019230769230769232	0.3333333333333333	0.025642998027613412	0.038461538461538464	0.02500375	0.025	0.02632479570845083	0.05555555555555555	0.0	0.0625	0.5	0.02942907700000952	0.08333333333333333	0.034482758620689655	0.05263157894736842	0.02564102564102564	0.01190518707482993	0.02173960302457467	0.07142857142857142	0.026318560943214678	0.04	0.25	0.02564102564102564	0.025658128867195262	0.02127704843820733	1.0	0.03333333333333333	0.06666666666666667	0.019230769230769232	0.06666666666666667	0.027777777777777776	0.03333333333333333
ceb	0.5	0.16669444444444442	0.125078140625	0.2	0.16666666666666666	0.125	0.14285714285714285	0.125015625	0.125	0.125	0.125	0.125	0.14285714285714285	0.125	0.14285714285714285	0.125	0.125	0.2	0.14285714285714285	0.14285714285714285	0.16666666666666666	0.14285714285714285	0.125	0.125	0.125	0.125	0.16666666666666666	0.16666666666666666	0.14285714285714285	0.125	0.14285714285714285	0.25	0.14285714285714285	0.16666666666666666	0.14285714285714285
ckb	0.058823529411764705	0.019230769230769232	0.2	0.009618714312684913	0.012987012987012988	0.01	0.013333511111111113	0.009708832123668583	0.009900990099009901	0.010101112131415162	0.010752688172043012	0.014705882352941176	0.014084507042253521	0.011494252873563218	0.01	0.010526315789473684	0.01086968336483932	0.014925373134328358	0.015873015873015872	0.017543859649122806	0.029411764705882353	0.010416666666666666	0.010309278350515464	0.01	0.012987012987012988	0.010204185755935027	0.013513513513513514	0.02702702702702703	0.012345679012345678	0.012195121951219513	0.010869565217391304	0.02631578947368421	0.011494252873563218	0.034482758620689655	0.010869565217391304
da	0.0	0.3333333333333333	0.16666666666666666	0.012987012987012988	0.09090909090909091	0.25	0.3333333333333333	0.125	0.16666666666666666	0.25	0.3333333333333333	0.0	0.3333333333333333	0.0	0.25	0.3333333333333333	0.3333333333333333	1.0	0.3333333333333333	0.0072464818315479945	0.014492753623188406	0.3333333333333333	0.125	0.3333333333333333	1.0	0.1111111111111111	0.3333333333333333	0.01639344262295082	1.0	0.2	0.16666666666666666	0.013333333333333334	0.0	0.023809523809523808	0.25
de	0.3333333333333333	0.025642998027613412	0.125	0.01	0.25	0.003990694958567216	0.022727272727272728	0.008265077522027183	0.008695652173913044	0.011364798553719007	0.011764705882352941	0.3333333333333333	0.05	0.20003999999999997	0.017244054696789534	0.07692307692307693	0.030303030303030304	0.05	0.022222222222222223	0.004807738535502959	0.01098901098901099	0.028572244897959183	0.009091322314049586	0.025	0.14285714285714285	0.010752688172043012	0.025642340565417487	0.011904903628117915	0.125	0.014925373134328358	0.05	0.008403431961019702	0.06666666666666667	0.022222222222222223	0.025
el	0.3333333333333333	0.038461538461538464	0.14285714285714285	0.013333511111111113	0.3333333333333333	0.022727272727272728	0.019230769230769232	0.02	0.021739130434782608	0.03225806451612903	0.03125	0.0	0.05555555555555555	0.3333333333333333	0.04	0.09090909090909091	0.05555555555555555	0.1	0.03333333333333333	0.007874201748403496	0.014084903788930767	0.05263157894736842	0.021739130434782608	0.047619047619047616	0.3333333333333333	0.022222222222222223	0.038461538461538464	0.01587351977828168	0.5	0.027777777777777776	0.07692307692307693	0.012346136259716504	0.16666666666666666	0.023255813953488372	0.047619047619047616
en	0.3333333333333333	0.02500375	0.125015625	0.009708832123668583	0.125	0.008265077522027183	0.02	0.0024757176988884247	0.005154639175257732	0.010001700400099997	0.011235955056179775	0.3333333333333333	0.041666666666666664	0.125015625	0.013699568586976917	0.06666666666666667	0.02857142857142857	0.047619047619047616	0.022222222222222223	0.0043860610957217605	0.010526537396121883	0.018518861454046638	0.0045876189504250485	0.018518518518518517	0.07692307692307693	0.004672897196261682	0.02500312625125125	0.011363765495867768	0.1	0.010869565217391304	0.033335555555555556	0.008000128	0.0625	0.022222222222222223	0.02127659574468085
es	0.3333333333333333	0.025	0.125	0.009900990099009901	0.16666666666666666	0.008695652173913044	0.021739130434782608	0.005154639175257732	0.0012873724171242513	0.010101112131415162	0.011494252873563218	0.3333333333333333	0.047619047619047616	0.16666666666666666	0.013888888888888888	0.07142857142857142	0.029411764705882353	0.047619047619047616	0.022727272727272728	0.004545495867768595	0.010752803792345937	0.012658227848101266	0.008333333333333333	0.013333333333333334	0.1	0.007874015748031496	0.02564102564102564	0.011627906976744186	0.1111111111111111	0.013157894736842105	0.05	0.008333333333333333	0.06666666666666667	0.022222222222222223	0.022222222222222223
fr	0.3333333333333333	0.02632479570845083	0.125	0.010101112131415162	0.25	0.011364798553719007	0.03225806451612903	0.010001700400099997	0.010101112131415162	0.005805111229286723	0.017543859649122806	0.3333333333333333	0.05263157894736842	0.25012512512512514	0.009621953498245933	0.07142857142857142	0.034482758620689655	0.05555555555555555	0.025	0.004629693951474623	0.010870037807183364	0.0312529296875	0.013336000533511288	0.02564102564102564	0.14285714285714285	0.012048192771084338	0.02703725712271804	0.01176484429065744	0.125	0.020833333333333332	0.058823529411764705	0.00847457627118644	0.07142857142857142	0.022222222222222223	0.029411764705882353
he	0.3333333333333333	0.05555555555555555	0.125	0.010752688172043012	0.3333333333333333	0.011764705882352941	0.03125	0.011235955056179775	0.011494252873563218	0.017543859649122806	0.01020408163265306	0.3333333333333333	0.07142857142857142	0.25	0.029411764705882353	0.1111111111111111	0.07692307692307693	0.5	0.05	0.005649749433432283	0.011764982698961937	0.04	0.015151515151515152	0.034482758620689655	0.2	0.016129032258064516	0.05555555555555555	0.012500468749999999	0.16666666666666666	0.027777777777777776	0.08333333333333333	0.00925934499314129	1.0	0.023809523809523808	0.0625
hi	0.0	0.0	0.125	0.014705882352941176	0.0	0.3333333333333333	0.0	0.3333333333333333	0.3333333333333333	0.3333333333333333	0.3333333333333333	0.3333333333333333	0.0	0.0	0.0	0.0	0.0	0.0	0.0	0.006802906196492202	0.012987350312025636	0.0	1.0	1.0	0.0	0.3333333333333333	0.0	0.014492963663095989	0.0	0.5	0.0	0.010869565217391304	0.0	0.024390243902439025	1.0
hu	0.3333333333333333	0.0625	0.14285714285714285	0.014084507042253521	0.3333333333333333	0.05	0.05555555555555555	0.041666666666666664	0.047619047619047616	0.05263157894736842	0.07142857142857142	0.0	0.03125	0.5	0.0625	0.1	0.08333333333333333	0.5	0.0625	0.00775199807703864	0.014084705415592145	0.07692307692307693	0.047619047619047616	0.0625	0.25	0.045454545454545456	0.06666666666666667	0.016394248857833915	1.0	0.08333333333333333	0.07142857142857142	0.011627906976744186	1.0	0.024390243902439025	0.07142857142857142
id	0.5	0.5	0.125	0.011494252873563218	0.0	0.20003999999999997	0.3333333333333333	0.125015625	0.16666666666666666	0.25012512512512514	0.25	0.0	0.5	0.03620701223342276	0.250125	0.5	0.5	0.0	0.3333333333333333	0.005848021613487911	0.012048483088982435	0.25	0.1666944722500278	0.16666666666666666	0.0	0.25	0.5	0.013158067867036011	1.0	0.3333333333333333	0.3333333333333333	0.009900990099009901	0.5	0.023255813953488372	0.3333333333333333
it	0.3333333333333333	0.02942907700000952	0.14285714285714285	0.01	0.25	0.017244054696789534	0.04	0.013699568586976917	0.013888888888888888	0.009621953498245933	0.029411764705882353	0.0	0.0625	0.250125	0.004991939627063422	0.08333333333333333	0.034482758620689655	0.05555555555555555	0.02702702702702703	0.004695034076131279	0.011494649227110583	0.03704115226337448	0.016950589198793737	0.034482758620689655	0.16666666666666666	0.01639344262295082	0.02858286122694123	0.012658388078833521	0.14285714285714285	0.030303030303030304	0.05555864197530863	0.008695727788279773	0.07692307692307693	0.022727272727272728	0.029411764705882353
ja	0.3333333333333333	0.08333333333333333	0.125	0.010526315789473684	0.3333333333333333	0.07692307692307693	0.09090909090909091	0.06666666666666667	0.07142857142857142	0.07142857142857142	0.1111111111111111	0.0	0.1	0.5	0.08333333333333333	0.06666666666666667	0.08333333333333333	0.5	0.08333333333333333	0.004975347169624514	0.010870037807183364	0.08333333333333333	0.07142857142857142	0.08333333333333333	1.0	0.07142857142857142	0.08333333333333333	0.011905187074829932	1.0	0.07692307692307693	0.1	0.008772006771314251	1.0	0.022222222222222223	0.07692307692307693
ko	0.3333333333333333	0.034482758620689655	0.125	0.01086968336483932	0.3333333333333333	0.030303030303030304	0.05555555555555555	0.02857142857142857	0.029411764705882353	0.034482758620689655	0.07692307692307693	0.0	0.08333333333333333	0.5	0.034482758620689655	0.08333333333333333	0.027777777777777776	0.05263157894736842	0.034482758620689655	0.005494716821639899	0.011363894628099173	0.07142857142857142	0.030303030303030304	0.058823529411764705	0.25	0.030303030303030304	0.034482758620689655	0.0125	1.0	0.034482758620689655	0.08333333333333333	0.00970902064285041	0.06666666666666667	0.022727272727272728	0.03125
lv	1.0	0.05263157894736842	0.2	0.014925373134328358	1.0	0.05	0.1	0.047619047619047616	0.047619047619047616	0.05555555555555555	0.5	0.0	0.5	0.0	0.05555555555555555	0.5	0.05263157894736842	0.00847457627118644	0.05263157894736842	0.00884963583679223	0.01587326782564878	0.3333333333333333	0.043478260869565216	0.16666666666666666	0.5	0.04	0.05263157894736842	0.017544167436134194	0.0	0.05	0.3333333333333333	0.015625	0.07142857142857142	0.025	0.05263157894736842
mk	0.3333333333333333	0.02564102564102564	0.14285714285714285	0.015873015873015872	0.3333333333333333	0.022222222222222223	0.03333333333333333	0.022222222222222223	0.022727272727272728	0.025	0.05	0.0	0.0625	0.3333333333333333	0.02702702702702703	0.08333333333333333	0.034482758620689655	0.05263157894736842	0.02127659574468085	0.009708926383259497	0.018518861454046638	0.06666666666666667	0.022727272727272728	0.038461538461538464	0.25	0.022727272727272728	0.02631578947368421	0.01851954732510288	1.0	0.030303030303030304	0.07142857142857142	0.016949439816144784	0.06666666666666667	0.02631578947368421	0.03125
ml	0.041666666666666664	0.01190518707482993	0.14285714285714285	0.017543859649122806	0.0072464818315479945	0.004807738535502959	0.007874201748403496	0.0043860610957217605	0.004545495867768595	0.004629693951474623	0.005649749433432283	0.006802906196492202	0.00775199807703864	0.005848021613487911	0.004695034076131279	0.004975347169624514	0.005494716821639899	0.00884963583679223	0.009708926383259497	0.004361840325903458	0.016667222222222222	0.004975124378109453	0.004950568596240589	0.004695034054089798	0.006711409395973154	0.004926496663350239	0.007299696307741489	0.01818214876033058	0.0064516129032258064	0.006289387286895297	0.005263379529113601	0.014084705415592145	0.005813987290427258	0.024390243902439025	0.005319431869624264
mr	0.05	0.02173960302457467	0.16666666666666666	0.029411764705882353	0.014492753623188406	0.01098901098901099	0.014084903788930767	0.010526537396121883	0.010752803792345937	0.010870037807183364	0.011764982698961937	0.012987350312025636	0.014084705415592145	0.012048483088982435	0.011494649227110583	0.010870037807183364	0.011363894628099173	0.01587326782564878	0.018518861454046638	0.016667222222222222	0.010561558860035153	0.011363636363636364	0.011363894628099173	0.011111604938271603	0.013513696128560994	0.01149451710926146	0.014926041434617952	0.029411764705882353	0.012048483088982435	0.012820677186061802	0.011494649227110581	0.02040816326530612	0.011235955056179775	0.03225806451612903	0.010989856297548607
nl	0.3333333333333333	0.07142857142857142	0.14285714285714285	0.010416666666666666	0.3333333333333333	0.028572244897959183	0.05263157894736842	0.018518861454046638	0.012658227848101266	0.0312529296875	0.04	0.0	0.07692307692307693	0.25	0.03704115226337448	0.08333333333333333	0.07142857142857142	0.3333333333333333	0.06666666666666667	0.004975124378109453	0.011363636363636364	0.003147643618105144	0.023811224489795918	0.034482758620689655	0.3333333333333333	0.025	0.07142857142857142	0.012345679012345678	0.2	0.045454545454545456	0.058823529411764705	0.008695652173913044	1.0	0.022222222222222223	0.07142857142857142
pl	0.3333333333333333	0.026318560943214678	0.125	0.010309278350515464	0.125	0.009091322314049586	0.021739130434782608	0.0045876189504250485	0.008333333333333333	0.013336000533511288	0.015151515151515152	1.0	0.047619047619047616	0.1666944722500278	0.016950589198793737	0.07142857142857142	0.030303030303030304	0.043478260869565216	0.022727272727272728	0.004950568596240589	0.011363894628099173	0.023811224489795918	0.00037878145354403123	0.021739130434782608	0.09090909090909091	0.002352941176470588	0.027780092592592592	0.012195121951219513	0.125	0.008403361344537815	0.047619047619047616	0.008771929824561403	0.06666666666666667	0.022727272727272728	0.023809523809523808
pt	0.3333333333333333	0.04	0.125	0.01	0.3333333333333333	0.025	0.047619047619047616	0.018518518518518517	0.013333333333333334	0.02564102564102564	0.034482758620689655	1.0	0.0625	0.16666666666666666	0.034482758620689655	0.08333333333333333	0.058823529411764705	0.16666666666666666	0.038461538461538464	0.004695034054089798	0.011111604938271603	0.034482758620689655	0.021739130434782608	0.002544529262086514	0.3333333333333333	0.020833333333333332	0.043478260869565216	0.011765259515570933	0.5	0.038461538461538464	0.07142857142857142	0.00847457627118644	0.25	0.022727272727272728	0.05
ro	0.0	0.25	0.125	0.012987012987012988	1.0	0.14285714285714285	0.3333333333333333	0.07692307692307693	0.1	0.14285714285714285	0.2	0.0	0.25	0.0	0.16666666666666666	1.0	0.25	0.5	0.25	0.006711409395973154	0.013513696128560994	0.3333333333333333	0.09090909090909091	0.3333333333333333	0.04765308392065535	0.06666666666666667	0.3333333333333333	0.015384615384615385	0.0	0.2	1.0	0.012345679012345678	1.0	0.023809523809523808	0.2
ru	0.3333333333333333	0.02564102564102564	0.125	0.010204185755935027	0.1111111111111111	0.010752688172043012	0.022222222222222223	0.004672897196261682	0.007874015748031496	0.012048192771084338	0.016129032258064516	0.3333333333333333	0.045454545454545456	0.25	0.01639344262295082	0.07142857142857142	0.030303030303030304	0.04	0.022727272727272728	0.004926496663350239	0.01149451710926146	0.025	0.002352941176470588	0.020833333333333332	0.06666666666666667	0.0005104645227156713	0.02564102564102564	0.011905045351473922	0.16666666666666666	0.006993006993006993	0.017241379310344827	0.008547227701073854	0.06666666666666667	0.022222222222222223	0.022222222222222223
sh	0.3333333333333333	0.025658128867195262	0.16666666666666666	0.013513513513513514	0.3333333333333333	0.025642340565417487	0.038461538461538464	0.02500312625125125	0.02564102564102564	0.02703725712271804	0.05555555555555555	0.0	0.06666666666666667	0.5	0.02858286122694123	0.08333333333333333	0.034482758620689655	0.05263157894736842	0.02631578947368421	0.007299696307741489	0.014926041434617952	0.07142857142857142	0.027780092592592592	0.043478260869565216	0.3333333333333333	0.02564102564102564	0.023393452566814764	0.014925373134328358	1.0	0.034482758620689655	0.058823529411764705	0.012048192771084338	0.06666666666666667	0.023809523809523808	0.03333333333333333
si	0.05555555555555555	0.02127704843820733	0.16666666666666666	0.02702702702702703	0.01639344262295082	0.011904903628117915	0.01587351977828168	0.011363765495867768	0.011627906976744186	0.01176484429065744	0.012500468749999999	0.014492963663095989	0.016394248857833915	0.013158067867036011	0.012658388078833521	0.011905187074829932	0.0125	0.017544167436134194	0.01851954732510288	0.01818214876033058	0.029411764705882353	0.012345679012345678	0.012195121951219513	0.011765259515570933	0.015384615384615385	0.011905045351473922	0.014925373134328358	0.011386924799229902	0.013333511111111113	0.013158067867036011	0.012500468749999999	0.027777777777777776	0.01282084155161078	0.03571428571428571	0.011765536332179931
simple	1.0	1.0	0.14285714285714285	0.012345679012345678	1.0	0.125	0.5	0.1	0.1111111111111111	0.125	0.16666666666666666	0.0	1.0	1.0	0.14285714285714285	1.0	1.0	0.0	1.0	0.0064516129032258064	0.012048483088982435	0.2	0.125	0.5	0.0	0.16666666666666666	1.0	0.013333511111111113	0.1	1.0	1.0	0.01098901098901099	1.0	0.023255813953488372	1.0
sr	0.3333333333333333	0.03333333333333333	0.125	0.012195121951219513	0.2	0.014925373134328358	0.027777777777777776	0.010869565217391304	0.013157894736842105	0.020833333333333332	0.027777777777777776	0.5	0.08333333333333333	0.3333333333333333	0.030303030303030304	0.07692307692307693	0.034482758620689655	0.05	0.030303030303030304	0.006289387286895297	0.012820677186061802	0.045454545454545456	0.008403361344537815	0.038461538461538464	0.2	0.006993006993006993	0.034482758620689655	0.013158067867036011	1.0	0.0049504950495049506	0.06666666666666667	0.010204185755935027	0.06666666666666667	0.023255813953488372	0.02631578947368421
sv	0.3333333333333333	0.06666666666666667	0.14285714285714285	0.010869565217391304	0.16666666666666666	0.05	0.07692307692307693	0.033335555555555556	0.05	0.058823529411764705	0.08333333333333333	0.0	0.07142857142857142	0.3333333333333333	0.05555864197530863	0.1	0.08333333333333333	0.3333333333333333	0.07142857142857142	0.005263379529113601	0.011494649227110581	0.058823529411764705	0.047619047619047616	0.07142857142857142	1.0	0.017241379310344827	0.058823529411764705	0.012500468749999999	1.0	0.06666666666666667	0.005962993514126421	0.009259259259259259	1.0	0.022222716049382713	0.1
te	0.047619047619047616	0.019230769230769232	0.25	0.02631578947368421	0.013333333333333334	0.008403431961019702	0.012346136259716504	0.008000128	0.008333333333333333	0.00847457627118644	0.00925934499314129	0.010869565217391304	0.011627906976744186	0.009900990099009901	0.008695727788279773	0.008772006771314251	0.00970902064285041	0.015625	0.016949439816144784	0.014084705415592145	0.02040816326530612	0.008695652173913044	0.008771929824561403	0.00847457627118644	0.012345679012345678	0.008547227701073854	0.012048192771084338	0.027777777777777776	0.01098901098901099	0.010204185755935027	0.009259259259259259	0.008007624264263815	0.009900990099009901	0.04	0.008849792466128905
vi	1.0	0.06666666666666667	0.14285714285714285	0.011494252873563218	0.0	0.06666666666666667	0.16666666666666666	0.0625	0.06666666666666667	0.07142857142857142	1.0	0.0	1.0	0.5	0.07692307692307693	1.0	0.06666666666666667	0.07142857142857142	0.06666666666666667	0.005813987290427258	0.011235955056179775	1.0	0.06666666666666667	0.25	1.0	0.06666666666666667	0.06666666666666667	0.01282084155161078	1.0	0.06666666666666667	1.0	0.009900990099009901	0.0625	0.022727272727272728	0.06666666666666667
war	0.07142857142857142	0.027777777777777776	0.16666666666666666	0.034482758620689655	0.023809523809523808	0.022222222222222223	0.023255813953488372	0.022222222222222223	0.022222222222222223	0.022222222222222223	0.023809523809523808	0.024390243902439025	0.024390243902439025	0.023255813953488372	0.022727272727272728	0.022222222222222223	0.022727272727272728	0.025	0.02631578947368421	0.024390243902439025	0.03225806451612903	0.022222222222222223	0.022727272727272728	0.022727272727272728	0.023809523809523808	0.022222222222222223	0.023809523809523808	0.03571428571428571	0.023255813953488372	0.023255813953488372	0.022222716049382713	0.04	0.022727272727272728	0.022223703703703704	0.022222222222222223
zh	0.3333333333333333	0.03333333333333333	0.14285714285714285	0.010869565217391304	0.25	0.025	0.047619047619047616	0.02127659574468085	0.022222222222222223	0.029411764705882353	0.0625	1.0	0.07142857142857142	0.3333333333333333	0.029411764705882353	0.07692307692307693	0.03125	0.05263157894736842	0.03125	0.005319431869624264	0.010989856297548607	0.07142857142857142	0.023809523809523808	0.05	0.2	0.022222222222222223	0.03333333333333333	0.011765536332179931	1.0	0.02631578947368421	0.1	0.008849792466128905	0.06666666666666667	0.022222222222222223	0.019230769230769232
