arz	bs	ceb	ckb	da	de	el	en	es	fr	he	hi	hu	id	it	ja	ko	lv	mk	ml	mr	nl	pl	pt	ro	ru	sh	si	simple	sr	sv	te	vi	war	zh
arz	0.0	0.0	0.0	0.0	0.0	0.0	0.0	0.0	0.0	0.0	0.0	0.0	0.0	0.0	0.0	0.0	0.0	0.0	0.0	0.0	0.0	0.0	0.0	0.0	0.0	0.0	0.0	0.0	0.0	0.0	0.0	0.0	0.0	0.0	0.0
bs	0.0	1.0	0.0013986013986013986	0.0	0.0	0.00182370820668693	0.0	0.001131648434552999	0.0	0.0066462167689161555	0.0	0.0	0.0	0.0	0.004091653027823241	0.0	0.0	0.0	0.0	0.002073255010366275	0.0009737098344693282	0.0	2.7364086005322314e-05	0.0	0.0	0.0	0.056768558951965066	0.0011235955056179776	0.0	0.0	0.0	0.0	0.0	0.0	0.0
ceb	0.0	0.0013986013986013986	1.0	0.0	0.0	0.0	0.0	3.511433226585763e-06	0.0	0.0	0.0	0.0	0.0	0.0	0.0	0.0	0.0	0.0	0.0	0.0	0.0	0.0	0.0	0.0	0.0	0.0	0.0	0.0	0.0	0.0	0.0	0.0	0.0	0.0	0.0
ckb	0.0	0.0	0.0	1.0	0.0	0.0	0.00043782837127845885	3.5110510331267664e-06	0.0	2.0030446278343083e-05	0.0	0.0	0.0	0.0	0.0	0.0	0.0001508978421608571	0.0	0.0	0.0	0.0	0.0	0.0	0.0	0.0	1.753063478428554e-05	0.0	0.0	0.0	0.0	0.0	0.0	0.0	0.0	0.0
da	0.0	0.0	0.0	0.0	0.0	0.0	0.0	0.0	0.0	0.0	0.0	0.0	0.0	0.0	0.0	0.0	0.0	0.0	0.0	0.0010799136069114472	0.0	0.0	0.0	0.0	0.0	0.0	0.0	0.0	0.0	0.0	0.0	0.0	0.0	0.0	0.0
de	0.0	0.00182370820668693	0.0	0.0	0.0	1.0	0.0	0.0013878180416345412	0.0	0.002860775588048315	0.0	0.0	0.0	0.0005564830272676684	0.0014790468364831552	0.0	0.0	0.0	0.0	8.865248226950355e-05	0.0	0.00026896180742334586	3.393004980931312e-05	0.0	0.0	0.0	0.001199040767386091	4.545041359876375e-05	0.0	0.0	0.0	4.55767740759309e-05	0.0	0.0	0.0
el	0.0	0.0	0.0	0.00043782837127845885	0.0	0.0	0.0	0.0	0.0	0.0	0.0	0.0	0.0	0.0	0.0	0.0	0.0	0.0	0.0	0.0010050251256281408	0.00078003120124805	0.0	0.0	0.0	0.0	0.0	0.0	0.0008240626287597857	0.0	0.0	0.0	0.0012684989429175475	0.0	0.0	0.0
en	0.0	0.001131648434552999	3.511433226585763e-06	3.5110510331267664e-06	0.0	0.0013878180416345412	0.0	1.0	0.0	0.0025007355104442485	0.0	0.0	0.0	0.0001832508704416346	0.0005128731151913017	0.0	0.0	0.0	0.0	1.751227610554999e-05	7.015205457829846e-06	0.0001355380862022228	0.00014569054004834277	0.0	0.0	0.0	0.0009389671361502347	3.5092767731498214e-06	0.0	0.0	0.0003721622627465575	7.020080941533256e-06	0.0	0.0	0.0
es	0.0	0.0	0.0	0.0	0.0	0.0	0.0	0.0	1.0	0.0005099439061703213	0.0	0.0	0.0	0.0	0.0	0.0	0.0	0.0	0.0	0.00012391573729863693	6.361727845282778e-05	0.0	0.0	0.0	0.0	0.0	0.0	0.0	0.0	0.0	0.0	0.0	0.0	0.0	0.0
fr	0.0	0.0066462167689161555	0.0	2.0030446278343083e-05	0.0	0.002860775588048315	0.0	0.0025007355104442485	0.0005099439061703213	1.0	0.0	0.0	0.0	0.000944733112895607	0.011191677175283733	0.0	0.0	0.0	0.0	5.925925925925926e-05	7.967810047408469e-05	0.0007431260837255387	0.00010157577891693132	0.0	0.0	0.0	0.0070814365199797676	1.9972836941759208e-05	0.0	0.0	0.0	0.0	0.0	0.0	0.0
he	0.0	0.0	0.0	0.0	0.0	0.0	0.0	0.0	0.0	0.0	0.0	0.0	0.0	0.0	0.0	0.0	0.0	0.0	0.0	0.00014795088030773783	0.0003156565656565657	0.0	0.0	0.0	0.0	0.0	0.0	0.000484027105517909	0.0	0.0	0.0	0.00016289297931259162	0.0	0.0	0.0
hi	0.0	0.0	0.0	0.0	0.0	0.0	0.0	0.0	0.0	0.0	0.0	0.0	0.0	0.0	0.0	0.0	0.0	0.0	0.0	0.0016884761502743773	0.001026167265264238	0.0	0.0	0.0	0.0	0.0	0.0	0.0005515719801434088	0.0	0.0	0.0	0.0	0.0	0.0	0.0
hu	0.0	0.0	0.0	0.0	0.0	0.0	0.0	0.0	0.0	0.0	0.0	0.0	0.0	0.0	0.0	0.0	0.0	0.0	0.0	0.0003650967506389193	0.00043159257660768235	0.0	0.0	0.0	0.0	0.0	0.0	0.0013774104683195593	0.0	0.0	0.0	0.0	0.0	0.0	0.0
id	0.0	0.0	0.0	0.0	0.0	0.0005564830272676684	0.0	0.0001832508704416346	0.0	0.000944733112895607	0.0	0.0	0.0	1.0	0.00039556962025316455	0.0	0.0	0.0	0.0	0.0006711409395973154	0.0007818608287724785	0.0	6.833868653044488e-06	0.0	0.0	0.0	0.0	0.00041288191577208916	0.0	0.0	0.0	0.0	0.0	0.0	0.0
it	0.0	0.004091653027823241	0.0	0.0	0.0	0.0014790468364831552	0.0	0.0005128731151913017	0.0	0.011191677175283733	0.0	0.0	0.0	0.00039556962025316455	1.0	0.0	0.0	0.0	0.0	0.00015195515634497197	5.100999795960008e-05	0.00043004587155963305	3.319568190569771e-05	0.0	0.0	0.0	0.0028478437754271765	1.7042452749799752e-05	0.0	0.0	0.00020100502512562814	1.7060188344479325e-05	0.0	0.0	0.0
ja	0.0	0.0	0.0	0.0	0.0	0.0	0.0	0.0	0.0	0.0	0.0	0.0	0.0	0.0	0.0	0.0	0.0	0.0	0.0	0.0003177853889340066	0.00014334862385321102	0.0	0.0	0.0	0.0	0.0	0.0	0.000108038029386344	0.0	0.0	0.0	3.60893572485474e-05	0.0	0.0	0.0
ko	0.0	0.0	0.0	0.0001508978421608571	0.0	0.0	0.0	0.0	0.0	0.0	0.0	0.0	0.0	0.0	0.0	0.0	0.0	0.0	0.0	0.0009557618787547789	0.0002895613146083683	0.0	0.0	0.0	0.0	0.0	0.0	0.0	0.0	0.0	0.0	0.0004472271914132379	0.0	0.0	0.0
lv	0.0	0.0	0.0	0.0	0.0	0.0	0.0	0.0	0.0	0.0	0.0	0.0	0.0	0.0	0.0	0.0	0.0	0.0	0.0	0.0007993605115907274	0.0012062726176115801	0.0	0.0	0.0	0.0	0.0	0.0	0.001445086705202312	0.0	0.0	0.0	0.0	0.0	0.0	0.0
mk	0.0	0.0	0.0	0.0	0.0	0.0	0.0	0.0	0.0	0.0	0.0	0.0	0.0	0.0	0.0	0.0	0.0	0.0	0.0	0.000944733112895607	0.0005896226415094339	0.0	0.0	0.0	0.0	0.0	0.0	0.0019267822736030828	0.0	0.0	0.0	0.0006675567423230974	0.0	0.0	0.0
ml	0.0	0.002073255010366275	0.0	0.0	0.0010799136069114472	8.865248226950355e-05	0.0010050251256281408	1.751227610554999e-05	0.00012391573729863693	5.925925925925926e-05	0.00014795088030773783	0.0016884761502743773	0.0003650967506389193	0.0006711409395973154	0.00015195515634497197	0.0003177853889340066	0.0009557618787547789	0.0007993605115907274	0.000944733112895607	1.0	0.0018975332068311196	0.0	0.00019989339019189765	0.0001911761582088918	0.0	0.00027714745977031405	0.0027210884353741495	0.0010893246187363835	0.0	0.00044365572315882877	0.0003924261748258609	0.0011668611435239206	0.00022306491188935982	0.0	0.00034894270360806757
mr	0.0	0.0009737098344693282	0.0	0.0	0.0	0.0	0.00078003120124805	7.015205457829846e-06	6.361727845282778e-05	7.967810047408469e-05	0.0003156565656565657	0.001026167265264238	0.00043159257660768235	0.0007818608287724785	5.100999795960008e-05	0.00014334862385321102	0.0002895613146083683	0.0012062726176115801	0.0005896226415094339	0.0018975332068311196	1.0	0.0	0.00013710838417769247	8.572653236176597e-05	0.0006261740763932373	3.489000924585245e-05	0.0011890606420927466	0.0	0.0006215040397762585	0.00024467824810374357	0.0001502328609344484	0.0	0.0	0.0	0.00024788413187435814
nl	0.0	0.0	0.0	0.0	0.0	0.00026896180742334586	0.0	0.0001355380862022228	0.0	0.0007431260837255387	0.0	0.0	0.0	0.0	0.00043004587155963305	0.0	0.0	0.0	0.0	0.0	0.0	1.0	2.0236224190382398e-05	0.0	0.0	0.0	0.0	0.0	0.0	0.0	0.0	0.0	0.0	0.0	0.0
pl	0.0	2.7364086005322314e-05	0.0	0.0	0.0	3.393004980931312e-05	0.0	0.00014569054004834277	0.0	0.00010157577891693132	0.0	0.0	0.0	6.833868653044488e-06	3.319568190569771e-05	0.0	0.0	0.0	0.0	0.00019989339019189765	0.00013710838417769247	2.0236224190382398e-05	1.0	0.0	0.0	0.0	2.0519835841313268e-05	0.0	0.0	0.0	0.0	0.0	0.0	0.0	0.0
pt	0.0	0.0	0.0	0.0	0.0	0.0	0.0	0.0	0.0	0.0	0.0	0.0	0.0	0.0	0.0	0.0	0.0	0.0	0.0	0.0001911761582088918	8.572653236176597e-05	0.0	0.0	0.0	0.0	0.0	0.0	8.59789781398448e-05	0.0	0.0	0.0	0.0	0.0	0.0	0.0
ro	0.0	0.0	0.0	0.0	0.0	0.0	0.0	0.0	0.0	0.0	0.0	0.0	0.0	0.0	0.0	0.0	0.0	0.0	0.0	0.0	0.0006261740763932373	0.0	0.0	0.0	1.0	0.0	0.0	0.0	0.0	0.0	0.0	0.0	0.0	0.0	0.0
ru	0.0	0.0	0.0	1.753063478428554e-05	0.0	0.0	0.0	0.0	0.0	0.0	0.0	0.0	0.0	0.0	0.0	0.0	0.0	0.0	0.0	0.00027714745977031405	3.489000924585245e-05	0.0	0.0	0.0	0.0	0.0	0.0	3.497359493582345e-05	0.0	0.0	0.0	5.2517330719137316e-05	0.0	0.0	0.0
sh	0.0	0.056768558951965066	0.0	0.0	0.0	0.001199040767386091	0.0	0.0009389671361502347	0.0	0.0070814365199797676	0.0	0.0	0.0	0.0	0.0028478437754271765	0.0	0.0	0.0	0.0	0.0027210884353741495	0.0011890606420927466	0.0	2.0519835841313268e-05	0.0	0.0	0.0	1.0	0.0	0.0	0.0	0.0	0.0	0.0	0.0	0.0
si	0.0	0.0011235955056179776	0.0	0.0	0.0	4.545041359876375e-05	0.0008240626287597857	3.5092767731498214e-06	0.0	1.9972836941759208e-05	0.000484027105517909	0.0005515719801434088	0.0013774104683195593	0.00041288191577208916	1.7042452749799752e-05	0.000108038029386344	0.0	0.001445086705202312	0.0019267822736030828	0.0010893246187363835	0.0	0.0	0.0	8.59789781398448e-05	0.0	3.497359493582345e-05	0.0	1.0	0.0003244646333549643	0.00025316455696202533	0.00015127067365873335	0.0	0.0005098139179199592	0.0	0.0002135003380422019
simple	0.0	0.0	0.0	0.0	0.0	0.0	0.0	0.0	0.0	0.0	0.0	0.0	0.0	0.0	0.0	0.0	0.0	0.0	0.0	0.0	0.0006215040397762585	0.0	0.0	0.0	0.0	0.0	0.0	0.0003244646333549643	0.0	0.0	0.0	0.0	0.0	0.0	0.0
sr	0.0	0.0	0.0	0.0	0.0	0.0	0.0	0.0	0.0	0.0	0.0	0.0	0.0	0.0	0.0	0.0	0.0	0.0	0.0	0.00044365572315882877	0.00024467824810374357	0.0	0.0	0.0	0.0	0.0	0.0	0.00025316455696202533	0.0	0.0	0.0	0.00025713551041398817	0.0	0.0	0.0
sv	0.0	0.0	0.0	0.0	0.0	0.0	0.0	0.0003721622627465575	0.0	0.0	0.0	0.0	0.0	0.0	0.00020100502512562814	0.0	0.0	0.0	0.0	0.0003924261748258609	0.0001502328609344484	0.0	0.0	0.0	0.0	0.0	0.0	0.00015127067365873335	0.0	0.0	1.0	0.0	0.0	5.087246273592104e-05	0.0
te	0.0	0.0	0.0	0.0	0.0	4.55767740759309e-05	0.0012684989429175475	7.020080941533256e-06	0.0	0.0	0.00016289297931259162	0.0	0.0	0.0	1.7060188344479325e-05	3.60893572485474e-05	0.0004472271914132379	0.0	0.0006675567423230974	0.0011668611435239206	0.0	0.0	0.0	0.0	0.0	5.2517330719137316e-05	0.0	0.0	0.0	0.00025713551041398817	0.0	1.0	0.0	0.0	0.00010697093956141915
vi	0.0	0.0	0.0	0.0	0.0	0.0	0.0	0.0	0.0	0.0	0.0	0.0	0.0	0.0	0.0	0.0	0.0	0.0	0.0	0.00022306491188935982	0.0	0.0	0.0	0.0	0.0	0.0	0.0	0.0005098139179199592	0.0	0.0	0.0	0.0	0.0	0.0	0.0
war	0.0	0.0	0.0	0.0	0.0	0.0	0.0	0.0	0.0	0.0	0.0	0.0	0.0	0.0	0.0	0.0	0.0	0.0	0.0	0.0	0.0	0.0	0.0	0.0	0.0	0.0	0.0	0.0	0.0	0.0	5.087246273592104e-05	0.0	0.0	1.0	0.0
zh	0.0	0.0	0.0	0.0	0.0	0.0	0.0	0.0	0.0	0.0	0.0	0.0	0.0	0.0	0.0	0.0	0.0	0.0	0.0	0.00034894270360806757	0.00024788413187435814	0.0	0.0	0.0	0.0	0.0	0.0	0.0002135003380422019	0.0	0.0	0.0	0.00010697093956141915	0.0	0.0	0.0
