arz	bs	ceb	ckb	da	de	el	en	es	fr	he	hi	hu	id	it	ja	ko	lv	mk	ml	mr	nl	pl	pt	ro	ru	sh	si	simple	sr	sv	te	tr	vi	war	zh
arz	1.0	0.5183673469387755	0.515748031496063	0.699724517906336	0.5182186234817814	0.5164835164835164	0.6967418546365916	0.5135135135135135	0.5164835164835164	0.5140186915887851	0.6991869918699187	0.7005649717514124	0.5166051660516605	0.5163636363636364	0.5179282868525896	0.6974358974358974	0.6936936936936937	0.5183673469387755	0.699724517906336	0.699724517906336	0.699724517906336	0.5182186234817814	0.5175097276264592	0.5175097276264592	0.5177865612648221	0.6974358974358974	0.5183673469387755	0.7407407407407407	0.5179282868525896	0.6991869918699187	0.5151515151515151	0.7030716723549488	0.5263157894736842	0.5175097276264592	0.5183673469387755	0.5171102661596958
bs	0.5183673469387755	1.0	0.9190491144993456	0.6666666666666666	0.9679288384583306	0.8956248155254294	0.656084656084656	0.7818005293983127	0.8745134349546461	0.7978001138012231	0.664804469273743	0.6638176638176638	0.7694419477856981	0.8901367664350197	0.9658199152331556	0.6586021505376344	0.6446078431372549	0.8790703404098058	0.6666666666666666	0.6666666666666666	0.6666666666666666	0.9754240303749684	0.9396877270856985	0.7238776781888234	0.9511258969386703	0.6586021505376344	0.7273115119338247	0.5580524344569289	0.9639377252911685	0.664804469273743	0.841208606921629	0.6385542168674699	0.5959435275402665	0.9152798254752891	0.666966584189348	0.6886135063468625
ceb	0.515748031496063	0.9190491144993456	1.0	0.6575342465753424	0.9186784828511191	0.9081989023781806	0.6596858638743456	0.7906363267831688	0.8875597781361706	0.8071545027576494	0.6594005449591281	0.6546961325966851	0.7656872054278956	0.9034646333979653	0.9272663894324854	0.6622340425531914	0.6480582524271845	0.8361066621216622	0.6575342465753424	0.6575342465753424	0.6575342465753424	0.9253208933327394	0.9434855075920815	0.7215679561420629	0.9239183343714495	0.6622340425531914	0.7096391605042661	0.5543478260869565	0.9361793908742702	0.6594005449591281	0.8521243337683373	0.6334310850439883	-1.0	0.9192405548379832	0.657753532995468	0.6929177681925699
ckb	0.699724517906336	0.6666666666666666	0.6575342465753424	1.0	0.6657303370786517	0.6544502617801047	0.9763779527559056	0.6334841628959276	0.6544502617801047	0.6372093023255814	0.99581589958159	0.9936034115138592	0.6552631578947369	0.6536458333333334	0.663888888888889	0.9819639278557114	0.9511754068716095	0.6666666666666666	1.0	1.0	1.0	0.6657303370786517	0.6612021857923497	0.6612021857923497	0.6629834254143646	0.9819639278557114	0.6666666666666666	0.7740259740259741	0.663888888888889	0.99581589958159	0.645320197044335	0.9380530973451326	0.5348837209302326	0.6612021857923497	0.6666666666666666	0.6586021505376344
da	0.5182186234817814	0.9679288384583306	0.9186784828511191	0.6657303370786517	1.0	0.8959576356020236	0.6569920844327176	0.7820880948113392	0.8750840477282061	0.7976826062310295	0.6657381615598886	0.6628895184135978	0.7696899455919043	0.8913087923189642	0.9664606849803573	0.6595174262734586	0.6454767726161369	0.8704914420039669	0.6657303370786517	0.6657303370786517	0.6657303370786517	0.9643545705670779	0.9393140843572958	0.724685399069126	0.9518128117100374	0.6595174262734586	0.7246603833377855	0.5576208178438662	0.9642239914982476	0.6657381615598886	0.8411217863789868	0.6396396396396395	0.5893890675241158	0.9154974414291164	0.6659983387702654	0.6897183252217143
de	0.5164835164835164	0.8956248155254294	0.9081989023781806	0.6544502617801047	0.8959576356020236	1.0	0.6649746192893401	0.8169642579244477	0.9059919422068222	0.834532878320479	0.65625	0.6517150395778364	0.7824380201558719	0.9157763858099502	0.9040651016563097	0.6590330788804072	0.6563981042654029	0.8170694861119997	0.6544502617801047	0.6544502617801047	0.6544502617801047	0.9022199569446943	0.9185927120488877	0.7127651106054523	0.91004781940635	0.6624040920716113	0.7017989229639428	0.5525423728813559	0.9114525244008517	0.65625	0.8848617746473554	0.6312849162011173	0.540420250781016	0.8949700465798218	0.6546708562006068	0.6859869889509345
el	0.6967418546365916	0.656084656084656	0.6596858638743456	0.9763779527559056	0.6569920844327176	0.6649746192893401	1.0	0.6431718061674009	0.6649746192893401	0.6470588235294118	0.9803921568627451	0.9702970297029704	0.6624365482233503	0.6624685138539043	0.6570680628272252	0.9865642994241843	0.9734513274336283	0.656084656084656	0.9763779527559056	0.9763779527559056	0.9763779527559056	0.6569920844327176	0.6614583333333334	0.6597402597402597	0.6596858638743456	0.9941972920696325	0.656084656084656	0.7648456057007126	0.6587926509186351	0.9803921568627451	0.6555023923444976	0.9256198347107438	0.5576923076923077	0.6614583333333334	0.656084656084656	0.6606683804627249
en	0.5135135135135135	0.7818005293983127	0.7906363267831688	0.6334841628959276	0.7820880948113392	0.8169642579244477	0.6431718061674009	1.0	0.8022125618854962	0.8675322226291535	0.6351351351351351	0.6309794988610479	0.7187141539809835	0.819640598550546	0.793178757325374	0.6407982261640798	0.6545842217484008	0.7344851571481048	0.6334841628959276	0.6334841628959276	0.6334841628959276	0.7856832560299637	0.7973316855937347	0.6720882786859782	0.7912930780124607	0.6407982261640798	0.6625709180815472	0.543661971830986	0.792190198019214	0.6351351351351351	0.8445195307002742	0.6124401913875598	0.5450236966824644	0.7830937389926029	0.6336089510930321	0.6583900979534633
es	0.5164835164835164	0.8745134349546461	0.8875597781361706	0.6544502617801047	0.8750840477282061	0.9059919422068222	0.6649746192893401	0.8022125618854962	1.0	0.8177945197416648	0.65625	0.6517150395778364	0.7741977949291499	0.901111479924484	0.8824733361664132	0.6590330788804072	0.6563981042654029	0.8084454636924673	0.6544502617801047	0.6544502617801047	0.6544502617801047	0.8808639314291379	0.8949722883019285	0.712001775603727	0.8882697452031176	0.6624040920716113	0.701184186319727	0.5525423728813559	0.8888740646854119	0.65625	0.863448113951586	0.6312849162011173	0.5524628285533084	0.8765472331446201	0.6547015267474513	0.6860838592674235
fr	0.5140186915887851	0.7978001138012231	0.8071545027576494	0.6372093023255814	0.7976826062310295	0.834532878320479	0.6470588235294118	0.8675322226291535	0.8177945197416648	1.0	0.638888888888889	0.6346604215456675	0.729653031167601	0.8372107698762012	0.8099493928437205	0.6446469248291572	0.6557734204793028	0.7468922824556232	0.6372093023255814	0.6372093023255814	0.6372093023255814	0.8021064528081816	0.8135648067606392	0.6771931674398988	0.8079451766739915	0.6446469248291572	0.6681006909367736	0.5451895043731778	0.8089004296056357	0.638888888888889	0.8636789191539537	0.6157635467980295	0.5458937198067633	0.7981917549423116	0.6372984701388394	0.6638425978959797
he	0.6991869918699187	0.664804469273743	0.6594005449591281	0.99581589958159	0.6657381615598886	0.65625	0.9803921568627451	0.6351351351351351	0.65625	0.638888888888889	1.0	0.9894736842105263	0.6570680628272252	0.655440414507772	0.6657458563535912	0.9860279441117764	0.9549549549549549	0.664804469273743	0.99581589958159	0.99581589958159	0.99581589958159	0.663888888888889	0.6630434782608696	0.6630434782608696	0.6648351648351649	0.9860279441117764	0.664804469273743	0.7723785166240409	0.6657458563535912	1.0	0.6470588235294118	0.9427312775330396	0.5555555555555556	0.6630434782608696	0.664804469273743	0.6604278074866311
hi	0.7005649717514124	0.6638176638176638	0.6546961325966851	0.9936034115138592	0.6628895184135978	0.6517150395778364	0.9702970297029704	0.6309794988610479	0.6517150395778364	0.6346604215456675	0.9894736842105263	1.0	0.6525198938992043	0.6509186351706038	0.6610644257703081	0.9758064516129034	0.9454545454545454	0.6638176638176638	0.9936034115138592	0.9936034115138592	0.9936034115138592	0.6628895184135978	0.6584022038567493	0.6584022038567493	0.6601671309192201	0.9758064516129034	0.6638176638176638	0.776595744680851	0.6610644257703081	0.9894736842105263	0.6426799007444168	0.9351230425055929	0.5636363636363636	0.6584022038567493	0.6638176638176638	0.6558265582655826
hu	0.5166051660516605	0.7694419477856981	0.7656872054278956	0.6552631578947369	0.7696899455919043	0.7824380201558719	0.6624365482233503	0.7187141539809835	0.7741977949291499	0.729653031167601	0.6570680628272252	0.6525198938992043	1.0	0.7704646358759326	0.7707824278658695	0.6564885496183206	0.655581947743468	0.7487999361296568	0.6552631578947369	0.6552631578947369	0.6552631578947369	0.7711862744120539	0.7699177884628617	0.7005531375159864	0.7763540217898892	0.659846547314578	0.6951302092257173	0.552901023890785	0.7749826806518676	0.6570680628272252	0.7555451204523557	0.6320224719101124	0.5441176470588236	0.7657944544265233	0.6554976566014469	0.682019545610612
id	0.5163636363636364	0.8901367664350197	0.9034646333979653	0.6536458333333334	0.8913087923189642	0.9157763858099502	0.6624685138539043	0.819640598550546	0.901111479924484	0.8372107698762012	0.655440414507772	0.6509186351706038	0.7704646358759326	1.0	0.9084511785997058	0.6598984771573604	0.657210401891253	0.8134123924158311	0.6536458333333334	0.6536458333333334	0.6536458333333334	0.8970789197450588	0.9123921772512135	0.7098886168122559	0.9043003427184947	0.6615776081424937	0.6994529797793053	0.5521885521885521	0.9065843764880747	0.655440414507772	0.8881969177782426	0.6305555555555556	0.5795454545454545	0.8900063522711054	0.6538632541608302	0.6868908458428656
it	0.5179282868525896	0.9658199152331556	0.9272663894324854	0.663888888888889	0.9664606849803573	0.9040651016563097	0.6570680628272252	0.793178757325374	0.8824733361664132	0.8099493928437205	0.6657458563535912	0.6610644257703081	0.7707824278658695	0.9084511785997058	1.0	0.6613333333333333	0.6472019464720196	0.8666019955699055	0.663888888888889	0.663888888888889	0.663888888888889	0.9624636427277716	0.9488935010445199	0.7246132663516822	0.9606775391628187	0.6595744680851063	0.7213276114472797	0.5567765567765568	0.9743181917218109	0.6657458563535912	0.8559295369746881	0.6398809523809524	0.5600038371758386	0.9225755838513064	0.6641665738149644	0.6916701427367493
ja	0.6974358974358974	0.6586021505376344	0.6622340425531914	0.9819639278557114	0.6595174262734586	0.6590330788804072	0.9865642994241843	0.6407982261640798	0.6590330788804072	0.6446469248291572	0.9860279441117764	0.9758064516129034	0.6564885496183206	0.6598984771573604	0.6613333333333333	1.0	0.9645390070921985	0.6586021505376344	0.9819639278557114	0.9819639278557114	0.9819639278557114	0.6595174262734586	0.6640211640211641	0.662269129287599	0.6604774535809019	0.9921875	0.6586021505376344	0.7669902912621359	0.6613333333333333	0.9860279441117764	0.6514423076923077	0.9305263157894738	0.5700934579439253	0.6640211640211641	0.6586021505376344	0.6666666666666666
ko	0.6936936936936937	0.6446078431372549	0.6480582524271845	0.9511754068716095	0.6454767726161369	0.6563981042654029	0.9734513274336283	0.6545842217484008	0.6563981042654029	0.6557734204793028	0.9549549549549549	0.9454545454545454	0.655581947743468	0.657210401891253	0.6472019464720196	0.9645390070921985	1.0	0.6446078431372549	0.9511754068716095	0.9511754068716095	0.9511754068716095	0.6454767726161369	0.6497584541062803	0.6497584541062803	0.6480582524271845	0.9679715302491102	0.6446078431372549	0.7553648068669528	0.6472019464720196	0.9549549549549549	0.6613272311212816	0.9035916824196597	0.5797101449275363	0.6497584541062803	0.6446078431372549	0.6507177033492824
lv	0.5183673469387755	0.8790703404098058	0.8361066621216622	0.6666666666666666	0.8704914420039669	0.8170694861119997	0.656084656084656	0.7344851571481048	0.8084454636924673	0.7468922824556232	0.664804469273743	0.6638176638176638	0.7487999361296568	0.8134123924158311	0.8666019955699055	0.6586021505376344	0.6446078431372549	1.0	0.6666666666666666	0.6666666666666666	0.6666666666666666	0.8746509738319584	0.8493672680367818	0.7183763021723768	0.8586531520595088	0.6586021505376344	0.7231326424498871	0.5580524344569289	0.8658162607365879	0.664804469273743	0.7782029284916714	0.6385542168674699	0.5614035087719298	0.8384534179479477	0.6667766549804083	0.6878978427540223
mk	0.699724517906336	0.6666666666666666	0.6575342465753424	1.0	0.6657303370786517	0.6544502617801047	0.9763779527559056	0.6334841628959276	0.6544502617801047	0.6372093023255814	0.99581589958159	0.9936034115138592	0.6552631578947369	0.6536458333333334	0.663888888888889	0.9819639278557114	0.9511754068716095	0.6666666666666666	1.0	1.0	1.0	0.6657303370786517	0.6612021857923497	0.6612021857923497	0.6629834254143646	0.9819639278557114	0.6666666666666666	0.7740259740259741	0.663888888888889	0.99581589958159	0.645320197044335	0.9380530973451326	0.5535714285714286	0.6612021857923497	0.6666666666666666	0.6586021505376344
ml	0.699724517906336	0.6666666666666666	0.6575342465753424	1.0	0.6657303370786517	0.6544502617801047	0.9763779527559056	0.6334841628959276	0.6544502617801047	0.6372093023255814	0.99581589958159	0.9936034115138592	0.6552631578947369	0.6536458333333334	0.663888888888889	0.9819639278557114	0.9511754068716095	0.6666666666666666	1.0	1.0	1.0	0.6657303370786517	0.6612021857923497	0.6612021857923497	0.6629834254143646	0.9819639278557114	0.6666666666666666	0.7740259740259741	0.663888888888889	0.99581589958159	0.645320197044335	0.9380530973451326	0.5737704918032787	0.6612021857923497	0.6666666666666666	0.6586021505376344
mr	0.699724517906336	0.6666666666666666	0.6575342465753424	1.0	0.6657303370786517	0.6544502617801047	0.9763779527559056	0.6334841628959276	0.6544502617801047	0.6372093023255814	0.99581589958159	0.9936034115138592	0.6552631578947369	0.6536458333333334	0.663888888888889	0.9819639278557114	0.9511754068716095	0.6666666666666666	1.0	1.0	1.0	0.6657303370786517	0.6612021857923497	0.6612021857923497	0.6629834254143646	0.9819639278557114	0.6666666666666666	0.7740259740259741	0.663888888888889	0.99581589958159	0.645320197044335	0.9380530973451326	0.5238095238095238	0.6612021857923497	0.6666666666666666	0.6586021505376344
nl	0.5182186234817814	0.9754240303749684	0.9253208933327394	0.6657303370786517	0.9643545705670779	0.9022199569446943	0.6569920844327176	0.7856832560299637	0.8808639314291379	0.8021064528081816	0.663888888888889	0.6628895184135978	0.7711862744120539	0.8970789197450588	0.9624636427277716	0.6595174262734586	0.6454767726161369	0.8746509738319584	0.6657303370786517	0.6657303370786517	0.6657303370786517	1.0	0.947191814447499	0.7249055490689186	0.9587497961035165	0.6595174262734586	0.7254834773059643	0.5576208178438662	0.9608119207189111	0.663888888888889	0.8465478347636205	0.6377245508982036	0.5316968321247062	0.9217848850922916	0.6660215093891607	0.6896156044111744
pl	0.5175097276264592	0.9396877270856985	0.9434855075920815	0.6612021857923497	0.9393140843572958	0.9185927120488877	0.6614583333333334	0.7973316855937347	0.8949722883019285	0.8135648067606392	0.6630434782608696	0.6584022038567493	0.7699177884628617	0.9123921772512135	0.9488935010445199	0.6640211640211641	0.6497584541062803	0.8493672680367818	0.6612021857923497	0.6612021857923497	0.6612021857923497	0.947191814447499	1.0	0.7248153546106781	0.945145824116417	0.6640211640211641	0.7148951979195379	0.5555555555555556	0.9474021686728964	0.6630434782608696	0.8602497746962241	0.6374269005847952	0.5428571428571428	0.9286101155385574	0.6614780521183171	0.6945311875456408
pt	0.5175097276264592	0.7238776781888234	0.7215679561420629	0.6612021857923497	0.724685399069126	0.7127651106054523	0.6597402597402597	0.6720882786859782	0.712001775603727	0.6771931674398988	0.6630434782608696	0.6584022038567493	0.7005531375159864	0.7098886168122559	0.7246132663516822	0.662269129287599	0.6497584541062803	0.7183763021723768	0.6612021857923497	0.6612021857923497	0.6612021857923497	0.7249055490689186	0.7248153546106781	1.0	0.7250616460212933	0.662269129287599	0.6947611265220196	0.5555555555555556	0.7276567849733391	0.6630434782608696	0.6933634701997523	0.6374269005847952	0.5542857142857143	0.7266409220836194	0.6617600572708932	0.6865212367841228
ro	0.5177865612648221	0.9511258969386703	0.9239183343714495	0.6629834254143646	0.9518128117100374	0.91004781940635	0.6596858638743456	0.7912930780124607	0.8882697452031176	0.8079451766739915	0.6648351648351649	0.6601671309192201	0.7763540217898892	0.9043003427184947	0.9606775391628187	0.6604774535809019	0.6480582524271845	0.8586531520595088	0.6629834254143646	0.6629834254143646	0.6629834254143646	0.9587497961035165	0.945145824116417	0.7250616460212933	1.0	0.6622340425531914	0.7192949364500822	0.5563636363636364	0.9591284800889041	0.6648351648351649	0.8537846185978943	0.6390532544378698	0.5483870967741935	0.9196772283091501	0.6632677167386438	0.6896751878869274
ru	0.6974358974358974	0.6586021505376344	0.6622340425531914	0.9819639278557114	0.6595174262734586	0.6624040920716113	0.9941972920696325	0.6407982261640798	0.6624040920716113	0.6446469248291572	0.9860279441117764	0.9758064516129034	0.659846547314578	0.6615776081424937	0.6595744680851063	0.9921875	0.9679715302491102	0.6586021505376344	0.9819639278557114	0.9819639278557114	0.9819639278557114	0.6595174262734586	0.6640211640211641	0.662269129287599	0.6622340425531914	1.0	0.6586021505376344	0.7669902912621359	0.6613333333333333	0.9860279441117764	0.6530120481927711	0.9305263157894738	0.5549132947976879	0.6640211640211641	0.6586021505376344	0.6631853785900783
sh	0.5183673469387755	0.7273115119338247	0.7096391605042661	0.6666666666666666	0.7246603833377855	0.7017989229639428	0.656084656084656	0.6625709180815472	0.701184186319727	0.6681006909367736	0.664804469273743	0.6638176638176638	0.6951302092257173	0.6994529797793053	0.7213276114472797	0.6586021505376344	0.6446078431372549	0.7231326424498871	0.6666666666666666	0.6666666666666666	0.6666666666666666	0.7254834773059643	0.7148951979195379	0.6947611265220196	0.7192949364500822	0.6586021505376344	1.0	0.5580524344569289	0.7212901252755204	0.664804469273743	0.6832943232463027	0.6385542168674699	0.5666666666666667	0.714342368250423	0.6671074380165288	0.6791795035966858
si	0.7407407407407407	0.5580524344569289	0.5543478260869565	0.7740259740259741	0.5576208178438662	0.5525423728813559	0.7648456057007126	0.543661971830986	0.5525423728813559	0.5451895043731778	0.7723785166240409	0.776595744680851	0.552901023890785	0.5521885521885521	0.5567765567765568	0.7669902912621359	0.7553648068669528	0.5580524344569289	0.7740259740259741	0.7740259740259741	0.7740259740259741	0.5576208178438662	0.5555555555555556	0.5555555555555556	0.5563636363636364	0.7669902912621359	0.5580524344569289	1.0	0.5567765567765568	0.7723785166240409	0.54858934169279	0.7936507936507936	0.5116279069767442	0.5555555555555556	0.5580524344569289	0.5543859649122806
simple	0.5179282868525896	0.9639377252911685	0.9361793908742702	0.663888888888889	0.9642239914982476	0.9114525244008517	0.6587926509186351	0.792190198019214	0.8888740646854119	0.8089004296056357	0.6657458563535912	0.6610644257703081	0.7749826806518676	0.9065843764880747	0.9743181917218109	0.6613333333333333	0.6472019464720196	0.8658162607365879	0.663888888888889	0.663888888888889	0.663888888888889	0.9608119207189111	0.9474021686728964	0.7276567849733391	0.9591284800889041	0.6613333333333333	0.7212901252755204	0.5567765567765568	1.0	0.6657458563535912	0.8549021721498813	0.6398809523809524	0.5825864276568502	0.9320250357287236	0.6641375710965284	0.6914858102905654
sr	0.6991869918699187	0.664804469273743	0.6594005449591281	0.99581589958159	0.6657381615598886	0.65625	0.9803921568627451	0.6351351351351351	0.65625	0.638888888888889	1.0	0.9894736842105263	0.6570680628272252	0.655440414507772	0.6657458563535912	0.9860279441117764	0.9549549549549549	0.664804469273743	0.99581589958159	0.99581589958159	0.99581589958159	0.663888888888889	0.6630434782608696	0.6630434782608696	0.6648351648351649	0.9860279441117764	0.664804469273743	0.7723785166240409	0.6657458563535912	1.0	0.6470588235294118	0.9427312775330396	0.5531914893617021	0.6630434782608696	0.664804469273743	0.6604278074866311
sv	0.5151515151515151	0.841208606921629	0.8521243337683373	0.645320197044335	0.8411217863789868	0.8848617746473554	0.6555023923444976	0.8445195307002742	0.863448113951586	0.8636789191539537	0.6470588235294118	0.6426799007444168	0.7555451204523557	0.8881969177782426	0.8559295369746881	0.6514423076923077	0.6613272311212816	0.7782029284916714	0.645320197044335	0.645320197044335	0.645320197044335	0.8465478347636205	0.8602497746962241	0.6933634701997523	0.8537846185978943	0.6530120481927711	0.6832943232463027	0.54858934169279	0.8549021721498813	0.6470588235294118	1.0	0.6230366492146596	0.5607476635514019	0.8416476415096339	0.6455153318756554	0.6741083599264189
te	0.7030716723549488	0.6385542168674699	0.6334310850439883	0.9380530973451326	0.6396396396396395	0.6312849162011173	0.9256198347107438	0.6124401913875598	0.6312849162011173	0.6157635467980295	0.9427312775330396	0.9351230425055929	0.6320224719101124	0.6305555555555556	0.6398809523809524	0.9305263157894738	0.9035916824196597	0.6385542168674699	0.9380530973451326	0.9380530973451326	0.9380530973451326	0.6377245508982036	0.6374269005847952	0.6374269005847952	0.6390532544378698	0.9305263157894738	0.6385542168674699	0.7936507936507936	0.6398809523809524	0.9427312775330396	0.6230366492146596	1.0	0.5576923076923077	0.6374269005847952	0.6385542168674699	0.6350574712643678
tr	0.5263157894736842	0.5959435275402665	-1.0	0.5348837209302326	0.5893890675241158	0.540420250781016	0.5576923076923077	0.5450236966824644	0.5524628285533084	0.5458937198067633	0.5555555555555556	0.5636363636363636	0.5441176470588236	0.5795454545454545	0.5600038371758386	0.5700934579439253	0.5797101449275363	0.5614035087719298	0.5535714285714286	0.5737704918032787	0.5238095238095238	0.5316968321247062	0.5428571428571428	0.5542857142857143	0.5483870967741935	0.5549132947976879	0.5666666666666667	0.5116279069767442	0.5825864276568502	0.5531914893617021	0.5607476635514019	0.5576923076923077	1.0	0.5764705882352942	0.5238095238095238	0.5773195876288659
vi	0.5175097276264592	0.9152798254752891	0.9192405548379832	0.6612021857923497	0.9154974414291164	0.8949700465798218	0.6614583333333334	0.7830937389926029	0.8765472331446201	0.7981917549423116	0.6630434782608696	0.6584022038567493	0.7657944544265233	0.8900063522711054	0.9225755838513064	0.6640211640211641	0.6497584541062803	0.8384534179479477	0.6612021857923497	0.6612021857923497	0.6612021857923497	0.9217848850922916	0.9286101155385574	0.7266409220836194	0.9196772283091501	0.6640211640211641	0.714342368250423	0.5555555555555556	0.9320250357287236	0.6630434782608696	0.8416476415096339	0.6374269005847952	0.5764705882352942	1.0	0.6615156311487685	0.6937263451439662
war	0.5183673469387755	0.666966584189348	0.657753532995468	0.6666666666666666	0.6659983387702654	0.6546708562006068	0.656084656084656	0.6336089510930321	0.6547015267474513	0.6372984701388394	0.664804469273743	0.6638176638176638	0.6554976566014469	0.6538632541608302	0.6641665738149644	0.6586021505376344	0.6446078431372549	0.6667766549804083	0.6666666666666666	0.6666666666666666	0.6666666666666666	0.6660215093891607	0.6614780521183171	0.6617600572708932	0.6632677167386438	0.6586021505376344	0.6671074380165288	0.5580524344569289	0.6641375710965284	0.664804469273743	0.6455153318756554	0.6385542168674699	0.5238095238095238	0.6615156311487685	1.0	0.6586021505376344
zh	0.5171102661596958	0.6886135063468625	0.6929177681925699	0.6586021505376344	0.6897183252217143	0.6859869889509345	0.6606683804627249	0.6583900979534633	0.6860838592674235	0.6638425978959797	0.6604278074866311	0.6558265582655826	0.682019545610612	0.6868908458428656	0.6916701427367493	0.6666666666666666	0.6507177033492824	0.6878978427540223	0.6586021505376344	0.6586021505376344	0.6586021505376344	0.6896156044111744	0.6945311875456408	0.6865212367841228	0.6896751878869274	0.6631853785900783	0.6791795035966858	0.5543859649122806	0.6914858102905654	0.6604278074866311	0.6741083599264189	0.6350574712643678	0.5773195876288659	0.6937263451439662	0.6586021505376344	1.0
