arz	bs	ceb	ckb	da	de	el	en	es	fr	he	hi	hu	id	it	ja	ko	lv	mk	ml	mr	nl	pl	pt	ro	ru	sh	si	simple	sr	sv	te	tr	vi	war	zh
arz	1.0	1.0	0.0	1.0	1.0	1.0	1.0	1.0	1.0	1.0	1.0	1.0	1.0	1.0	1.0	1.0	1.0	1.0	1.0	1.0	1.0	1.0	1.0	1.0	1.0	1.0	1.0	1.0	1.0	1.0	1.0	1.0	1.0	1.0	1.0	1.0
bs	1.0	1.0	1.0	1.0	0.39584121588485915	0.11176447013853755	0.2927968732029013	0.22163933653749196	0.16062216950013775	0.161230064598214	0.2748830858681692	1.0	0.2974160739653085	0.3102133386145237	0.21108997519742728	0.2168978875680533	0.28395778399288646	1.0	0.17231344061592682	1.0	1.0	0.11551278546848752	0.05218106772226783	0.056772055402947656	0.2829653177644678	0.05509850845809283	0.1121200589148681	0.749506019670501	0.7690990303325336	0.08661784504578465	0.170248551828598	1.0	0.508646815598078	0.19996142591953278	0.6698766910334878	0.07513625120418985
ceb	0.0	1.0	1.0	0.0	1.0	1.0	0.0	1.0	1.0	1.0	1.0	1.0	1.0	1.0	1.0	1.0	1.0	1.0	1.0	1.0	0.0	1.0	1.0	1.0	1.0	1.0	1.0	1.0	1.0	1.0	1.0	0.0	-1.0	1.0	1.0	1.0
ckb	1.0	1.0	0.0	1.0	0.0	1.0	1.0	1.0	0.0	1.0	0.0	0.0	0.0	0.0	0.0	1.0	0.0	0.0	1.0	0.0	1.0	1.0	1.0	1.0	0.0	1.0	1.0	1.0	0.0	1.0	1.0	1.0	1.0	0.0	0.7690990303325336	1.0
da	1.0	0.39584121588485915	1.0	0.0	1.0	1.0	1.0	0.38839635582916193	1.0	0.4555912021536076	1.0	1.0	0.45204333721911527	0.5660160774121898	0.7690990303325336	1.0	0.4702703280780101	1.0	1.0	1.0	1.0	1.0	1.0	1.0	0.818737281890724	1.0	1.0	1.0	1.0	1.0	1.0	1.0	1.0	1.0	0.7690990303325336	1.0
de	1.0	0.11176447013853755	1.0	1.0	1.0	1.0	0.21773767641970584	0.13334025249816298	0.11766133257198162	0.1249872157262391	0.49058505666197655	1.0	0.20403243151002087	0.23922997544466568	0.12934601731670511	0.15705709184732483	0.19208945914610825	1.0	0.1212291300381561	1.0	1.0	0.10748979172313848	0.08166480302078807	0.09219981026639758	0.1757469025343877	0.07621806813408773	0.10800360786890663	1.0	1.0	0.08862326553427272	0.16142254019462426	1.0	0.6385424495716965	0.1369191789186623	0.7690990303325336	0.09319214033909147
el	1.0	0.2927968732029013	0.0	1.0	1.0	0.21773767641970584	1.0	0.37935119905311526	0.35516302771519986	0.34336109715345675	0.701011544152043	1.0	0.4412304045202928	0.4371144676027806	0.2503651567911471	0.4011061503621438	0.38554438837589955	1.0	0.5068389155973175	1.0	1.0	0.24938860674965677	0.2895681191372741	0.41576607872573307	0.48840688129476956	0.2704830279272578	0.22056704680637426	1.0	1.0	0.21568737975499808	0.3547232701528028	1.0	0.7411828468492555	0.24439167487807645	0.7690990303325336	0.2767941567711046
en	1.0	0.22163933653749196	1.0	1.0	0.38839635582916193	0.13334025249816298	0.37935119905311526	1.0	0.1607970359732532	0.25793500916531786	0.3766782318868555	1.0	0.36613272880337827	0.39096413879420455	0.15700548770282272	0.23337311224032853	0.3343875730779603	1.0	0.33046172461262907	1.0	1.0	0.19609792871927215	0.13693885726311336	0.17014428952022284	0.36604905248395997	0.1312700878372767	0.16939840712780085	1.0	0.7383276235414237	0.1213296355089433	0.19817104882360637	1.0	0.5069662054699252	0.21330628222446166	0.7690990303325336	0.10277365911615541
es	1.0	0.16062216950013775	1.0	0.0	1.0	0.11766133257198162	0.35516302771519986	0.1607970359732532	1.0	0.17344673261007826	0.6468909830471344	1.0	0.2944036670191832	0.30378387619914377	0.22534317181335262	0.2601310335893153	0.26592209463812444	1.0	0.17971456017207854	1.0	1.0	0.15024031595157245	0.140408794689542	0.1626382467445905	0.2030108010508336	0.16112172843607467	0.14172591249575472	1.0	1.0	0.1189740373915656	0.23127884787997563	1.0	0.6220407893618232	0.1649489462041676	0.7690990303325336	0.13659580734667284
fr	1.0	0.161230064598214	1.0	1.0	0.4555912021536076	0.1249872157262391	0.34336109715345675	0.25793500916531786	0.17344673261007826	1.0	0.3883380954192412	1.0	0.3366707306197151	0.35905655361686023	0.16817609595031274	0.2366582109700682	0.31961514776557814	1.0	0.23823986653191404	1.0	1.0	0.14186065419165625	0.06648510974845262	0.07452061260491598	0.35590273843164066	0.06686166897770664	0.12824457448861343	1.0	0.4212646528538748	0.10001948182466115	0.18374782038124607	1.0	0.6294216913666947	0.2122688345727883	0.7690990303325336	0.07498717160018102
he	1.0	0.2748830858681692	1.0	0.0	1.0	0.49058505666197655	0.701011544152043	0.3766782318868555	0.6468909830471344	0.3883380954192412	1.0	1.0	0.7710360593029367	0.5660160774121898	0.5617694704247239	0.7300208629885034	0.620064433764426	1.0	0.6667969795412325	1.0	1.0	0.49101104065801165	0.651610424238932	0.653200231972572	0.6581597844268239	0.45141203407233105	0.4051773564778114	1.0	1.0	0.5190597139128813	0.5879511749463611	1.0	1.0	0.74551343442257	0.7690990303325336	0.6455519993951537
hi	1.0	1.0	1.0	0.0	1.0	1.0	1.0	1.0	1.0	1.0	1.0	1.0	1.0	1.0	1.0	1.0	1.0	1.0	1.0	1.0	1.0	1.0	1.0	1.0	1.0	1.0	0.0	1.0	1.0	1.0	1.0	1.0	1.0	1.0	0.7690990303325336	1.0
hu	1.0	0.2974160739653085	1.0	0.0	0.45204333721911527	0.20403243151002087	0.4412304045202928	0.36613272880337827	0.2944036670191832	0.3366707306197151	0.7710360593029367	1.0	1.0	0.4024998623725267	0.2039308458230663	0.35359593742326345	0.3606034293268634	1.0	0.4914112206049463	1.0	1.0	0.23600171329112166	0.33885853681429756	0.39894918394881534	0.4587844822015389	0.29765284761256866	0.22457504160308842	1.0	0.5660160774121898	0.23680111811866025	0.2287078311958751	1.0	1.0	0.24547795837276115	0.7690990303325336	0.28496443761496143
id	1.0	0.3102133386145237	1.0	0.0	0.5660160774121898	0.23922997544466568	0.4371144676027806	0.39096413879420455	0.30378387619914377	0.35905655361686023	0.5660160774121898	1.0	0.4024998623725267	1.0	0.43548194250096167	0.3727020714224941	0.3359416180433563	1.0	0.4605302974240671	1.0	1.0	0.24976480874493584	0.3950514484103085	0.3884945510013124	0.44453506252662645	0.32256328920559574	0.205170402479836	1.0	0.5020797777427737	0.26630792661594244	0.25632134349315167	1.0	0.41093504787149393	0.23422606193610343	0.7690990303325336	0.3418003432548553
it	1.0	0.21108997519742728	1.0	0.0	0.7690990303325336	0.12934601731670511	0.2503651567911471	0.15700548770282272	0.22534317181335262	0.16817609595031274	0.5617694704247239	1.0	0.2039308458230663	0.43548194250096167	1.0	0.1891925662297212	0.24927820269234877	1.0	0.24573390641880002	1.0	1.0	0.19053116064869285	0.15672743278538856	0.1665931683477881	0.22076173426807896	0.15800402691939933	0.1865675157099553	1.0	0.7690990303325336	0.18091666833974285	0.30656040745316093	1.0	0.4678805430364929	0.19761358233408607	0.7690990303325336	0.15677061890803776
ja	1.0	0.2168978875680533	1.0	1.0	1.0	0.15705709184732483	0.4011061503621438	0.23337311224032853	0.2601310335893153	0.2366582109700682	0.7300208629885034	1.0	0.35359593742326345	0.3727020714224941	0.1891925662297212	1.0	0.35397792931481065	1.0	0.26482556211875224	1.0	1.0	0.20051409941137469	0.22764503549537282	0.23654113133486843	0.3484900645923578	0.2218158832674761	0.1969286179451444	1.0	1.0	0.19572756855845908	0.2189935810899127	1.0	0.6186062402912476	0.20746600803617066	0.7690990303325336	0.20529391665019422
ko	1.0	0.28395778399288646	1.0	0.0	0.4702703280780101	0.19208945914610825	0.38554438837589955	0.3343875730779603	0.26592209463812444	0.31961514776557814	0.620064433764426	1.0	0.3606034293268634	0.3359416180433563	0.24927820269234877	0.35397792931481065	1.0	1.0	0.4050879007486521	1.0	1.0	0.24150824736920098	0.2905223658930619	0.3500206886879547	0.3825469285861434	0.2794927891644954	0.20919280329333043	1.0	1.0	0.17702119776159927	0.24095851088383957	1.0	0.593659722556896	0.2248063317066331	0.7690990303325336	0.25524473477898935
lv	1.0	1.0	1.0	0.0	1.0	1.0	1.0	1.0	1.0	1.0	1.0	1.0	1.0	1.0	1.0	1.0	1.0	1.0	1.0	1.0	1.0	1.0	1.0	1.0	1.0	1.0	0.0	1.0	1.0	1.0	1.0	1.0	1.0	1.0	0.7690990303325336	1.0
mk	1.0	0.17231344061592682	1.0	1.0	1.0	0.1212291300381561	0.5068389155973175	0.33046172461262907	0.17971456017207854	0.23823986653191404	0.6667969795412325	1.0	0.4914112206049463	0.4605302974240671	0.24573390641880002	0.26482556211875224	0.4050879007486521	1.0	1.0	1.0	1.0	0.14391542807035268	0.05387569803865996	0.05945304105386329	0.6038441248224005	0.0574029911000909	0.1330456709449285	1.0	1.0	0.09671480653183594	0.19193732659898488	1.0	0.7411828468492556	0.23584776748670075	0.7690990303325336	0.07843836126811482
ml	1.0	1.0	1.0	0.0	1.0	1.0	1.0	1.0	1.0	1.0	1.0	1.0	1.0	1.0	1.0	1.0	1.0	1.0	1.0	1.0	1.0	1.0	1.0	1.0	1.0	1.0	0.0	1.0	1.0	1.0	1.0	1.0	1.0	1.0	0.7690990303325336	1.0
mr	1.0	1.0	0.0	1.0	1.0	1.0	1.0	1.0	1.0	1.0	1.0	1.0	1.0	1.0	1.0	1.0	1.0	1.0	1.0	1.0	1.0	1.0	1.0	1.0	1.0	1.0	0.5480953166963739	1.0	1.0	1.0	1.0	1.0	1.0	1.0	0.7863954451402115	1.0
nl	1.0	0.11551278546848752	1.0	1.0	1.0	0.10748979172313848	0.24938860674965677	0.19609792871927215	0.15024031595157245	0.14186065419165625	0.49101104065801165	1.0	0.23600171329112166	0.24976480874493584	0.19053116064869285	0.20051409941137469	0.24150824736920098	1.0	0.14391542807035268	1.0	1.0	1.0	0.05149668405836081	0.05601769144361138	0.24730098653793894	0.054103903126912184	0.10535125029870666	1.0	1.0	0.08337420436775828	0.16132312190806208	1.0	0.526161842517368	0.18777557360049976	0.7690990303325336	0.07339317761700519
pl	1.0	0.05218106772226783	1.0	1.0	1.0	0.08166480302078807	0.2895681191372741	0.13693885726311336	0.140408794689542	0.06648510974845262	0.651610424238932	1.0	0.33885853681429756	0.3950514484103085	0.15672743278538856	0.22764503549537282	0.2905223658930619	1.0	0.05387569803865996	1.0	1.0	0.05149668405836081	1.0	0.04233614999215528	0.23349221239760629	0.042770519300517784	0.05671082272204604	1.0	1.0	0.048962880232091305	0.17345084095036545	1.0	0.6788117815212338	0.1796999675731322	0.7690990303325336	0.058393635593903606
pt	1.0	0.056772055402947656	1.0	1.0	1.0	0.09219981026639758	0.41576607872573307	0.17014428952022284	0.1626382467445905	0.07452061260491598	0.653200231972572	1.0	0.39894918394881534	0.3884945510013124	0.1665931683477881	0.23654113133486843	0.3500206886879547	1.0	0.05945304105386329	1.0	1.0	0.05601769144361138	0.04233614999215528	1.0	0.3338583197762524	0.044773098493529985	0.06453636139800169	1.0	1.0	0.05251315895619689	0.1850912064180786	1.0	0.5669959995078891	0.21120229820357075	0.7690990303325336	0.06420265367063997
ro	1.0	0.2829653177644678	1.0	0.0	0.818737281890724	0.1757469025343877	0.48840688129476956	0.36604905248395997	0.2030108010508336	0.35590273843164066	0.6581597844268239	1.0	0.4587844822015389	0.44453506252662645	0.22076173426807896	0.3484900645923578	0.3825469285861434	1.0	0.6038441248224005	1.0	1.0	0.24730098653793894	0.23349221239760629	0.3338583197762524	1.0	0.2671468184684478	0.18291233506042892	0.7863954451402115	0.4804934095339216	0.1669754339186218	0.24968114092062496	1.0	0.6119059359420476	0.23157643850958828	0.7690990303325336	0.1927703872342898
ru	1.0	0.05509850845809283	1.0	1.0	1.0	0.07621806813408773	0.2704830279272578	0.1312700878372767	0.16112172843607467	0.06686166897770664	0.45141203407233105	1.0	0.29765284761256866	0.32256328920559574	0.15800402691939933	0.2218158832674761	0.2794927891644954	1.0	0.0574029911000909	1.0	1.0	0.054103903126912184	0.042770519300517784	0.044773098493529985	0.2671468184684478	1.0	0.056326088983173594	1.0	1.0	0.05141890659820177	0.17866750632497994	1.0	0.6186062402912476	0.1709932147941394	0.7690990303325336	0.059590703842885374
sh	1.0	0.1121200589148681	1.0	1.0	1.0	0.10800360786890663	0.22056704680637426	0.16939840712780085	0.14172591249575472	0.12824457448861343	0.4051773564778114	0.0	0.22457504160308842	0.205170402479836	0.1865675157099553	0.1969286179451444	0.20919280329333043	0.0	0.1330456709449285	0.0	0.5480953166963739	0.10535125029870666	0.05671082272204604	0.06453636139800169	0.18291233506042892	0.056326088983173594	1.0	0.5020797777427737	1.0	0.08386529895478033	0.15682763038023023	1.0	0.3492013306095321	0.16385161066012094	0.5098380322730673	0.07267772790443094
si	1.0	0.749506019670501	1.0	1.0	1.0	1.0	1.0	1.0	1.0	1.0	1.0	1.0	1.0	1.0	1.0	1.0	1.0	1.0	1.0	1.0	1.0	1.0	1.0	1.0	0.7863954451402115	1.0	0.5020797777427737	1.0	1.0	1.0	1.0	1.0	1.0	1.0	1.0	1.0
simple	1.0	0.7690990303325336	1.0	0.0	1.0	1.0	1.0	0.7383276235414237	1.0	0.4212646528538748	1.0	1.0	0.5660160774121898	0.5020797777427737	0.7690990303325336	1.0	1.0	1.0	1.0	1.0	1.0	1.0	1.0	1.0	0.4804934095339216	1.0	1.0	1.0	1.0	1.0	1.0	1.0	0.5712939344166894	1.0	0.7690990303325336	1.0
sr	1.0	0.08661784504578465	1.0	1.0	1.0	0.08862326553427272	0.21568737975499808	0.1213296355089433	0.1189740373915656	0.10001948182466115	0.5190597139128813	1.0	0.23680111811866025	0.26630792661594244	0.18091666833974285	0.19572756855845908	0.17702119776159927	1.0	0.09671480653183594	1.0	1.0	0.08337420436775828	0.048962880232091305	0.05251315895619689	0.1669754339186218	0.05141890659820177	0.08386529895478033	1.0	1.0	1.0	0.1575141932999583	1.0	0.6786291688147437	0.13347778629413717	0.7690990303325336	0.06741503800568867
sv	1.0	0.170248551828598	1.0	1.0	1.0	0.16142254019462426	0.3547232701528028	0.19817104882360637	0.23127884787997563	0.18374782038124607	0.5879511749463611	1.0	0.2287078311958751	0.25632134349315167	0.30656040745316093	0.2189935810899127	0.24095851088383957	1.0	0.19193732659898488	1.0	1.0	0.16132312190806208	0.17345084095036545	0.1850912064180786	0.24968114092062496	0.17866750632497994	0.15682763038023023	1.0	1.0	0.1575141932999583	1.0	1.0	0.6634018331309565	0.21814790517643798	0.7690990303325336	0.16279014768570652
te	1.0	1.0	0.0	1.0	1.0	1.0	1.0	1.0	1.0	1.0	1.0	1.0	1.0	1.0	1.0	1.0	1.0	1.0	1.0	1.0	1.0	1.0	1.0	1.0	1.0	1.0	1.0	1.0	1.0	1.0	1.0	1.0	1.0	1.0	1.0	1.0
tr	1.0	0.508646815598078	-1.0	1.0	1.0	0.6385424495716965	0.7411828468492555	0.5069662054699252	0.6220407893618232	0.6294216913666947	1.0	1.0	1.0	0.41093504787149393	0.4678805430364929	0.6186062402912476	0.593659722556896	1.0	0.7411828468492556	1.0	1.0	0.526161842517368	0.6788117815212338	0.5669959995078891	0.6119059359420476	0.6186062402912476	0.3492013306095321	1.0	0.5712939344166894	0.6786291688147437	0.6634018331309565	1.0	1.0	0.7376607345031153	0.7690990303325336	0.5878706314599043
vi	1.0	0.19996142591953278	1.0	0.0	1.0	0.1369191789186623	0.24439167487807645	0.21330628222446166	0.1649489462041676	0.2122688345727883	0.74551343442257	1.0	0.24547795837276115	0.23422606193610343	0.19761358233408607	0.20746600803617066	0.2248063317066331	1.0	0.23584776748670075	1.0	1.0	0.18777557360049976	0.1796999675731322	0.21120229820357075	0.23157643850958828	0.1709932147941394	0.16385161066012094	1.0	1.0	0.13347778629413717	0.21814790517643798	1.0	0.7376607345031153	1.0	0.7690990303325336	0.15993575914012725
war	1.0	0.6698766910334878	1.0	0.7690990303325336	0.7690990303325336	0.7690990303325336	0.7690990303325336	0.7690990303325336	0.7690990303325336	0.7690990303325336	0.7690990303325336	0.7690990303325336	0.7690990303325336	0.7690990303325336	0.7690990303325336	0.7690990303325336	0.7690990303325336	0.7690990303325336	0.7690990303325336	0.7690990303325336	0.7863954451402115	0.7690990303325336	0.7690990303325336	0.7690990303325336	0.7690990303325336	0.7690990303325336	0.5098380322730673	1.0	0.7690990303325336	0.7690990303325336	0.7690990303325336	1.0	0.7690990303325336	0.7690990303325336	1.0	0.7690990303325336
zh	1.0	0.07513625120418985	1.0	1.0	1.0	0.09319214033909147	0.2767941567711046	0.10277365911615541	0.13659580734667284	0.07498717160018102	0.6455519993951537	1.0	0.28496443761496143	0.3418003432548553	0.15677061890803776	0.20529391665019422	0.25524473477898935	1.0	0.07843836126811482	1.0	1.0	0.07339317761700519	0.058393635593903606	0.06420265367063997	0.1927703872342898	0.059590703842885374	0.07267772790443094	1.0	1.0	0.06741503800568867	0.16279014768570652	1.0	0.5878706314599043	0.15993575914012725	0.7690990303325336	1.0
