arz	bs	ceb	ckb	da	de	el	en	es	fr	he	hi	hu	id	it	ja	ko	lv	mk	ml	mr	nl	pl	pt	ro	ru	sh	si	simple	sr	sv	te	vi	war	zh
arz	1.0	1.0	0.0	0.0	0.0	1.0	0.0	0.5	1.0	1.0	1.0	1.0	1.0	1.0	1.0	1.0	1.0	0.0	1.0	0.0	0.0	1.0	1.0	1.0	1.0	1.0	1.0	0.0	0.0	1.0	1.0	0.0	1.0	0.0	1.0
bs	1.0	1.0	1.0	1.0	0.5	0.4142135623730951	0.585786437626905	0.23166247903554	0.5	0.38742588672279304	0.585786437626905	1.0	0.585786437626905	0.5	0.585786437626905	0.585786437626905	0.5	1.0	1.0	1.0	0.0	0.3660254037844386	1.0	0.5	0.5	0.585786437626905	0.5	1.0	1.0	0.5	0.39564392373896007	1.0	0.585786437626905	1.0	0.585786437626905
ceb	0.0	1.0	1.0	0.0	1.0	1.0	0.0	1.0	1.0	1.0	1.0	1.0	1.0	0.585786437626905	1.0	1.0	1.0	1.0	1.0	1.0	0.0	1.0	1.0	1.0	1.0	1.0	1.0	1.0	1.0	1.0	1.0	0.0	1.0	1.0	1.0
ckb	0.0	1.0	0.0	1.0	0.585786437626905	1.0	1.0	1.0	1.0	0.585786437626905	1.0	1.0	1.0	1.0	1.0	1.0	1.0	1.0	0.0	1.0	1.0	0.585786437626905	1.0	1.0	1.0	1.0	1.0	1.0	1.0	1.0	1.0	1.0	1.0	1.0	1.0
da	0.0	0.5	1.0	0.585786437626905	1.0	0.10084429617915293	0.2791745113185196	0.028883406966412766	0.10695749851311816	0.0757493446621297	0.18126989259043744	0.203075234310397	0.17192062304130262	0.23166247903554	0.14955604875579154	0.15894454156034005	0.2222222222222222	1.0	0.36602540378443865	0.5	1.0	0.10509814193662305	0.19204411937679794	0.14319856668565048	0.20386840968093525	0.09019474442596533	0.3164309725825327	0.39564392373896	0.4142135623730951	0.20658711810431302	0.14459058185587106	1.0	0.2402530733520421	0.585786437626905	0.14086133350250726
de	1.0	0.4142135623730951	1.0	1.0	0.10084429617915293	1.0	0.44948974278317805	0.003948208016081665	0.06882544940812506	0.008352263396536993	0.17025921636942778	0.29893508442482547	0.2402530733520421	0.05275993346249808	0.03866214889813923	0.13285739300077615	0.24336073281110826	1.0	0.4142135623730951	1.0	1.0	0.017200498385839126	0.11484827991779242	0.09770370412809481	0.14972506706560876	0.06530825655283239	0.1876127897984334	0.585786437626905	0.3660254037844386	0.2449655295864104	0.10237814113841015	1.0	0.32449979983983984	0.44948974278317805	0.122828568570857
el	0.0	0.585786437626905	0.0	1.0	0.2791745113185196	0.44948974278317805	1.0	0.17100799366294794	0.585786437626905	0.193373824568466	1.0	1.0	1.0	0.20386840968093525	0.21712927295533244	1.0	1.0	1.0	1.0	1.0	1.0	0.2449655295864104	0.3164309725825327	1.0	0.39564392373896007	1.0	0.4142135623730951	1.0	0.44948974278317805	1.0	0.44948974278317805	1.0	1.0	1.0	1.0
en	0.5	0.23166247903554	1.0	1.0	0.028883406966412766	0.003948208016081665	0.17100799366294794	1.0	0.002039917494685788	0.0048623610232832095	0.014705812183758753	0.07457303036595332	0.08709833432296658	0.007326343664367535	0.004215922161614122	0.011382692715878	0.04624228857557751	0.32449979983983984	0.1876127897984334	0.28436465220442186	0.4364916731037085	0.0068252464154337725	0.029434045898183388	0.003866299608114508	0.05115664880543274	0.0024666040005763804	0.07473539772027642	0.585786437626905	0.1233603071065848	0.09185384978441957	0.014522190288932441	1.0	0.07025688596046545	0.4364916731037085	0.0064885952653290285
es	1.0	0.5	1.0	1.0	0.10695749851311816	0.06882544940812506	0.585786437626905	0.002039917494685788	1.0	0.004149871197726656	0.5	0.44948974278317805	1.0	0.029360342318228573	0.01644879108674124	0.38742588672279304	0.4142135623730951	1.0	1.0	1.0	1.0	0.029071430219105153	0.11818920296097189	0.15776505912784203	0.122828568570857	0.1983555576735248	0.1983555576735248	1.0	0.20894541729001367	0.38742588672279304	0.07042065675292401	1.0	0.585786437626905	0.585786437626905	0.3660254037844386
fr	1.0	0.38742588672279304	1.0	0.585786437626905	0.0757493446621297	0.008352263396536993	0.193373824568466	0.0048623610232832095	0.004149871197726656	1.0	0.05655364578764303	0.1876127897984334	0.14459058185587106	0.022049821688177058	0.007147465912191055	0.042842871995480834	0.08598344475655936	1.0	0.2958163163244893	0.38742588672279304	1.0	0.011234336964905542	0.06535750411106793	0.02184902342331143	0.09662959159740965	0.006632470952435295	0.1404296735815434	0.3660254037844386	0.2402530733520421	0.16015261286229274	0.05821456670293502	0.585786437626905	0.17411239489546831	0.585786437626905	0.038412324678782285
he	1.0	0.585786437626905	1.0	1.0	0.18126989259043744	0.17025921636942778	1.0	0.014705812183758753	0.5	0.05655364578764303	1.0	1.0	1.0	0.09543765259371806	0.11939392445382604	1.0	1.0	1.0	1.0	1.0	1.0	0.12102259948148744	0.25728427444747215	0.585786437626905	0.2791745113185196	1.0	0.2958163163244893	1.0	0.5	0.585786437626905	0.17100799366294794	1.0	1.0	0.585786437626905	1.0
hi	1.0	1.0	1.0	1.0	0.203075234310397	0.29893508442482547	1.0	0.07457303036595332	0.44948974278317805	0.1876127897984334	1.0	1.0	1.0	0.1856154626682773	0.179128784747792	1.0	1.0	1.0	1.0	1.0	1.0	0.15352447281755402	0.4364916731037085	1.0	0.38742588672279304	1.0	0.5	1.0	0.5	0.585786437626905	0.26968623182294527	1.0	1.0	0.585786437626905	1.0
hu	1.0	0.585786437626905	1.0	1.0	0.17192062304130262	0.2402530733520421	1.0	0.08709833432296658	1.0	0.14459058185587106	1.0	1.0	1.0	0.1907435698305462	0.1856154626682773	1.0	1.0	1.0	1.0	1.0	1.0	0.1886378647726465	0.2474401533514073	0.585786437626905	0.29429805508554946	1.0	0.5	1.0	1.0	0.5	0.26533119314590375	1.0	1.0	1.0	1.0
id	1.0	0.5	0.585786437626905	1.0	0.23166247903554	0.05275993346249808	0.20386840968093525	0.007326343664367535	0.029360342318228573	0.022049821688177058	0.09543765259371806	0.1856154626682773	0.1907435698305462	1.0	0.05093698290140781	0.06564366408197653	0.08297497847802567	0.4142135623730951	0.3660254037844386	0.36602540378443865	0.585786437626905	0.05157343417526745	0.10721947313948095	0.035615358087150946	0.11803350620948265	0.028531706978529723	0.162232901101684	0.36602540378443865	0.2372732414640341	0.14512375638009664	0.11246118004154568	1.0	0.08358704747426675	0.585786437626905	0.04578744054507098
it	1.0	0.585786437626905	1.0	1.0	0.14955604875579154	0.03866214889813923	0.21712927295533244	0.004215922161614122	0.01644879108674124	0.007147465912191055	0.11939392445382604	0.179128784747792	0.1856154626682773	0.05093698290140781	1.0	0.0973366881823024	0.12077134402462537	0.5	0.30216947925196225	0.44948974278317805	0.585786437626905	0.03765798263455117	0.09671293379180283	0.04373838806934056	0.11484827991779242	0.035342322752570376	0.14548268842493628	0.5	0.22901628833426058	0.15002206397704557	0.06787404861451127	1.0	0.16139047779640892	0.5	0.06837874932126588
ja	1.0	0.585786437626905	1.0	1.0	0.15894454156034005	0.13285739300077615	1.0	0.011382692715878	0.38742588672279304	0.042842871995480834	1.0	1.0	1.0	0.06564366408197653	0.0973366881823024	1.0	1.0	1.0	1.0	1.0	1.0	0.09785171972967724	0.20942771453851886	0.585786437626905	0.23329952500316292	1.0	0.2958163163244893	1.0	0.3333333333333333	0.585786437626905	0.14021540674050156	1.0	1.0	0.585786437626905	1.0
ko	1.0	0.5	1.0	1.0	0.2222222222222222	0.24336073281110826	1.0	0.04624228857557751	0.4142135623730951	0.08598344475655936	1.0	1.0	1.0	0.08297497847802567	0.12077134402462537	1.0	1.0	1.0	1.0	1.0	1.0	0.07005316836426079	0.21331887166009167	0.585786437626905	0.2612038749637414	1.0	0.2958163163244893	1.0	0.5	0.5	0.18660549686337075	1.0	1.0	0.585786437626905	1.0
lv	0.0	1.0	1.0	1.0	1.0	1.0	1.0	0.32449979983983984	1.0	1.0	1.0	1.0	1.0	0.4142135623730951	0.5	1.0	1.0	1.0	1.0	1.0	1.0	0.585786437626905	1.0	1.0	1.0	1.0	1.0	1.0	1.0	1.0	0.585786437626905	1.0	1.0	1.0	1.0
mk	1.0	1.0	1.0	0.0	0.36602540378443865	0.4142135623730951	1.0	0.1876127897984334	1.0	0.2958163163244893	1.0	1.0	1.0	0.3660254037844386	0.30216947925196225	1.0	1.0	1.0	1.0	1.0	1.0	0.44948974278317805	0.5	1.0	0.5	1.0	1.0	1.0	0.585786437626905	0.585786437626905	0.3430703308172536	1.0	1.0	0.585786437626905	1.0
ml	0.0	1.0	1.0	1.0	0.5	1.0	1.0	0.28436465220442186	1.0	0.38742588672279304	1.0	1.0	1.0	0.36602540378443865	0.44948974278317805	1.0	1.0	1.0	1.0	1.0	1.0	0.28172904669025317	1.0	1.0	0.38742588672279304	1.0	1.0	1.0	0.5	1.0	0.5	1.0	1.0	0.585786437626905	1.0
mr	0.0	0.0	0.0	1.0	1.0	1.0	1.0	0.4364916731037085	1.0	1.0	1.0	1.0	1.0	0.585786437626905	0.585786437626905	1.0	1.0	1.0	1.0	1.0	1.0	1.0	1.0	1.0	0.585786437626905	1.0	1.0	1.0	0.585786437626905	1.0	1.0	1.0	1.0	1.0	1.0
nl	1.0	0.3660254037844386	1.0	0.585786437626905	0.10509814193662305	0.017200498385839126	0.2449655295864104	0.0068252464154337725	0.029071430219105153	0.011234336964905542	0.12102259948148744	0.15352447281755402	0.1886378647726465	0.05157343417526745	0.03765798263455117	0.09785171972967724	0.07005316836426079	0.585786437626905	0.44948974278317805	0.28172904669025317	1.0	1.0	0.0555747181098326	0.03524467092182366	0.07121143642596553	0.015711593835537645	0.1418342300711468	0.44948974278317805	0.24660605559646726	0.11854751241761163	0.06941669852487994	1.0	0.16308953050448227	0.585786437626905	0.054206766016786
pl	1.0	1.0	1.0	1.0	0.19204411937679794	0.11484827991779242	0.3164309725825327	0.029434045898183388	0.11818920296097189	0.06535750411106793	0.25728427444747215	0.4364916731037085	0.2474401533514073	0.10721947313948095	0.09671293379180283	0.20942771453851886	0.21331887166009167	1.0	0.5	1.0	1.0	0.0555747181098326	1.0	0.14441423159646483	0.20799159651347807	0.0878197699639265	0.32449979983983984	0.585786437626905	0.44948974278317805	0.24210172369314836	0.12929517165576668	1.0	0.3090169943749474	1.0	0.15974667297574374
pt	1.0	0.5	1.0	1.0	0.14319856668565048	0.09770370412809481	1.0	0.003866299608114508	0.15776505912784203	0.02184902342331143	0.585786437626905	1.0	0.585786437626905	0.035615358087150946	0.04373838806934056	0.585786437626905	0.585786437626905	1.0	1.0	1.0	1.0	0.03524467092182366	0.14441423159646483	1.0	0.14328432723886902	0.3333333333333333	0.2193450929151803	1.0	0.3660254037844386	0.44948974278317805	0.10710461314257713	1.0	1.0	0.585786437626905	0.4142135623730951
ro	1.0	0.5	1.0	1.0	0.20386840968093525	0.14972506706560876	0.39564392373896007	0.05115664880543274	0.122828568570857	0.09662959159740965	0.2791745113185196	0.38742588672279304	0.29429805508554946	0.11803350620948265	0.11484827991779242	0.23329952500316292	0.2612038749637414	1.0	0.5	0.38742588672279304	0.585786437626905	0.07121143642596553	0.20799159651347807	0.14328432723886902	1.0	0.1334017647467157	0.3660254037844386	0.44948974278317805	0.34833147735478825	0.3203772410170407	0.24496552958641032	1.0	0.3660254037844386	0.585786437626905	0.16343625225507505
ru	1.0	0.585786437626905	1.0	1.0	0.09019474442596533	0.06530825655283239	1.0	0.0024666040005763804	0.1983555576735248	0.006632470952435295	1.0	1.0	1.0	0.028531706978529723	0.035342322752570376	1.0	1.0	1.0	1.0	1.0	1.0	0.015711593835537645	0.0878197699639265	0.3333333333333333	0.1334017647467157	1.0	0.21498516621900873	1.0	0.252650308587072	0.38742588672279304	0.07374107873033355	1.0	1.0	0.4364916731037085	0.585786437626905
sh	1.0	0.5	1.0	1.0	0.3164309725825327	0.1876127897984334	0.4142135623730951	0.07473539772027642	0.1983555576735248	0.1404296735815434	0.2958163163244893	0.5	0.5	0.162232901101684	0.14548268842493628	0.2958163163244893	0.2958163163244893	1.0	1.0	1.0	1.0	0.1418342300711468	0.32449979983983984	0.2193450929151803	0.3660254037844386	0.21498516621900873	1.0	1.0	0.353889367864523	0.20521309615767264	0.23800671553691075	1.0	0.38742588672279304	0.585786437626905	0.27429188517743175
si	0.0	1.0	1.0	1.0	0.39564392373896	0.585786437626905	1.0	0.585786437626905	1.0	0.3660254037844386	1.0	1.0	1.0	0.36602540378443865	0.5	1.0	1.0	1.0	1.0	1.0	1.0	0.44948974278317805	0.585786437626905	1.0	0.44948974278317805	1.0	1.0	1.0	1.0	1.0	0.3430703308172536	1.0	1.0	0.585786437626905	1.0
simple	0.0	1.0	1.0	1.0	0.4142135623730951	0.3660254037844386	0.44948974278317805	0.1233603071065848	0.20894541729001367	0.2402530733520421	0.5	0.5	1.0	0.2372732414640341	0.22901628833426058	0.3333333333333333	0.5	1.0	0.585786437626905	0.5	0.585786437626905	0.24660605559646726	0.44948974278317805	0.3660254037844386	0.34833147735478825	0.252650308587072	0.353889367864523	1.0	1.0	0.5	0.38742588672279304	0.585786437626905	0.3164309725825328	0.585786437626905	0.30216947925196225
sr	1.0	0.5	1.0	1.0	0.20658711810431302	0.2449655295864104	1.0	0.09185384978441957	0.38742588672279304	0.16015261286229274	0.585786437626905	0.585786437626905	0.5	0.14512375638009664	0.15002206397704557	0.585786437626905	0.5	1.0	0.585786437626905	1.0	1.0	0.11854751241761163	0.24210172369314836	0.44948974278317805	0.3203772410170407	0.38742588672279304	0.20521309615767264	1.0	0.5	1.0	0.21712927295533244	1.0	0.585786437626905	0.585786437626905	0.4142135623730951
sv	1.0	0.39564392373896007	1.0	1.0	0.14459058185587106	0.10237814113841015	0.44948974278317805	0.014522190288932441	0.07042065675292401	0.05821456670293502	0.17100799366294794	0.26968623182294527	0.26533119314590375	0.11246118004154568	0.06787404861451127	0.14021540674050156	0.18660549686337075	0.585786437626905	0.3430703308172536	0.5	1.0	0.06941669852487994	0.12929517165576668	0.10710461314257713	0.24496552958641032	0.07374107873033355	0.23800671553691075	0.3430703308172536	0.38742588672279304	0.21712927295533244	1.0	1.0	0.22966848451216434	0.5	0.11019706690458785
te	0.0	1.0	0.0	1.0	1.0	1.0	1.0	1.0	1.0	0.585786437626905	1.0	1.0	1.0	1.0	1.0	1.0	1.0	1.0	1.0	1.0	1.0	1.0	1.0	1.0	1.0	1.0	1.0	1.0	0.585786437626905	1.0	1.0	1.0	1.0	1.0	1.0
vi	1.0	0.585786437626905	1.0	1.0	0.2402530733520421	0.32449979983983984	1.0	0.07025688596046545	0.585786437626905	0.17411239489546831	1.0	1.0	1.0	0.08358704747426675	0.16139047779640892	1.0	1.0	1.0	1.0	1.0	1.0	0.16308953050448227	0.3090169943749474	1.0	0.3660254037844386	1.0	0.38742588672279304	1.0	0.3164309725825328	0.585786437626905	0.22966848451216434	1.0	1.0	0.585786437626905	1.0
war	0.0	1.0	1.0	1.0	0.585786437626905	0.44948974278317805	1.0	0.4364916731037085	0.585786437626905	0.585786437626905	0.585786437626905	0.585786437626905	1.0	0.585786437626905	0.5	0.585786437626905	0.585786437626905	1.0	0.585786437626905	0.585786437626905	1.0	0.585786437626905	1.0	0.585786437626905	0.585786437626905	0.4364916731037085	0.585786437626905	0.585786437626905	0.585786437626905	0.585786437626905	0.5	1.0	0.585786437626905	1.0	0.585786437626905
zh	1.0	0.585786437626905	1.0	1.0	0.14086133350250726	0.122828568570857	1.0	0.0064885952653290285	0.3660254037844386	0.038412324678782285	1.0	1.0	1.0	0.04578744054507098	0.06837874932126588	1.0	1.0	1.0	1.0	1.0	1.0	0.054206766016786	0.15974667297574374	0.4142135623730951	0.16343625225507505	0.585786437626905	0.27429188517743175	1.0	0.30216947925196225	0.4142135623730951	0.11019706690458785	1.0	1.0	0.585786437626905	1.0
