arz	bs	ceb	ckb	da	de	el	en	es	fr	he	hi	hu	id	it	ja	ko	lv	mk	ml	mr	nl	pl	pt	ro	ru	sh	si	simple	sr	sv	te	tr	vi	war	zh
arz	1.0	1.0	0.0	1.0450000000000004	1.0	1.0	1.0	1.0	1.0	1.0	1.0	1.0	1.0	1.0	1.0	1.0	1.0	1.0	1.0	0.0	0.0	1.0	1.0	1.0	1.0	1.0	1.0	1.0225000000000009	0.0	1.0	1.0	1.0450000000000004	1.0	1.0	1.0450000000000004	1.0
bs	1.0	1.0225000000000009	1.0	1.0900000000000025	1.0225000000000009	1.0225000000000009	1.0	1.0121621621621624	1.0391304347826091	1.0225000000000009	1.0225000000000009	1.0225000000000009	1.0225000000000009	1.0225000000000009	1.0225000000000009	1.0225000000000009	1.0225000000000009	1.0	1.0	1.0	0.0	1.0225000000000009	1.0225000000000009	1.0225000000000009	1.0225000000000009	1.0225000000000009	1.0225000000000009	1.0225000000000009	0.0	1.0225000000000009	1.0225000000000009	1.1124999999999978	1.0391304347826091	1.0225000000000009	1.0225000000000009	1.0225000000000009
ceb	0.0	1.0	1.0	1.0	1.0	1.0	1.0	1.0	1.0	1.0	1.0	1.0	1.0	1.0	1.0	1.0	1.0	1.0	0.0	1.0	0.0	1.0	1.0	1.0	1.0	0.0	1.0	0.0	1.0	1.0	1.0	1.0	1.0	1.0	0.0	1.0
ckb	1.0450000000000004	1.0900000000000025	1.0	1.2474999999999996	1.1799999999999986	1.2624665731296236	1.1799999999999986	1.3732192906854779	1.2621243197672118	1.2624168666734743	1.2250000000000003	1.1574999999999984	1.1780583756345167	1.1971670792885543	1.2823316386492865	1.2025000000000023	1.2025000000000023	1.2135556047851124	1.1124999999999978	1.1574999999999984	1.0450000000000004	1.2555403127703868	1.2425324675324665	1.2172818373692205	1.2219881889763786	1.2250000000000003	1.2332745938281748	1.0675000000000008	1.2007373271889423	1.2219881889763777	1.3470417734275324	1.1124999999999978	1.2757446808510657	1.2007373271889423	1.0450000000000004	1.2250000000000003
da	1.0	1.0225000000000009	1.0	1.1799999999999986	1.1349999999999978	1.1349999999999978	1.0450000000000004	1.2762768502909336	1.1953947368421036	1.1349999999999978	1.1349999999999978	1.0450000000000004	1.0900000000000025	1.0900000000000025	1.1953947368421036	1.1349999999999978	1.1349999999999978	1.0225000000000009	1.0675000000000008	1.0225000000000009	1.0	1.1349999999999978	1.1124999999999978	1.2972727272727262	1.0900000000000025	1.1349999999999978	1.1124999999999978	1.0675000000000008	1.0225000000000009	1.0675000000000008	1.1349999999999978	1.2250000000000003	1.167142857142856	1.0675000000000008	1.0450000000000004	1.1349999999999978
de	1.0	1.0225000000000009	1.0	1.2624665731296236	1.1349999999999978	1.449999999999999	1.0675000000000008	1.67213829170969	1.554999999999999	1.358928571428569	1.1574999999999984	1.0675000000000008	1.1124999999999978	1.1574999999999984	1.4013709677419373	1.2474999999999996	1.2025000000000023	1.0225000000000009	1.0900000000000025	1.0225000000000009	1.0	1.2250000000000003	1.2025000000000023	1.4296428571428568	1.0900000000000025	1.2025000000000023	1.1349999999999978	1.0867307692307715	1.0450000000000004	1.1349999999999978	1.2474999999999996	1.2971507861292069	1.2228048780487797	1.1124999999999978	1.040032467532468	1.2474999999999996
el	1.0	1.0	1.0	1.1799999999999986	1.0450000000000004	1.0675000000000008	1.0675000000000008	1.1070689655172417	1.0675000000000008	1.0675000000000008	1.0450000000000004	1.0225000000000009	1.0225000000000009	1.0450000000000004	1.0675000000000008	1.0450000000000004	1.0450000000000004	1.0	1.0225000000000009	1.0	0.0	1.0675000000000008	1.0450000000000004	1.0744230769230771	1.0225000000000009	1.0450000000000004	1.0450000000000004	1.0675000000000008	0.0	1.0450000000000004	1.0675000000000008	1.1799999999999986	1.0450000000000004	1.0675000000000008	1.0450000000000004	1.0675000000000008
en	1.0	1.0121621621621624	1.0	1.3732192906854779	1.2762768502909336	1.67213829170969	1.1070689655172417	5.3010178300242075	2.0992674948082812	1.8829982393249964	1.3267179305428891	1.169927603872706	1.186592602800991	1.3557623420248346	1.5168377219726032	1.5085696512498383	1.3463880977342104	1.0225000000000009	1.1378125000000017	1.0391304347826091	1.0	1.7401962362694268	1.2968206832857831	2.4645703822135623	1.3660575109993705	1.4032992831218423	1.2762768502909336	1.3145548150222295	1.0744230769230771	1.2235059772405061	1.5709538243634262	1.4020960286801107	1.8131163519492677	1.2462925969447696	1.061630434782609	1.6195353197803093
es	1.0	1.0391304347826091	1.0	1.2621243197672118	1.1953947368421036	1.554999999999999	1.0675000000000008	2.0992674948082812	1.0	1.6071314532193637	1.2228048780487795	1.1070689655172417	1.1953947368421036	1.2228048780487795	1.5306743903917686	1.4038805970149255	1.4038805970149253	1.0225000000000009	1.0900000000000025	1.0391304347826091	1.0	1.4551369863013697	1.3513934426229501	1.426633299841806	1.1378125000000017	1.3015	1.1953947368421036	1.0801542699840663	1.0450000000000004	1.1953947368421036	1.4551369863013697	1.3101822473414164	2.618732686980607	1.1378125000000017	1.0381809177946522	1.3015
fr	1.0	1.0225000000000009	1.0	1.2624168666734743	1.1349999999999978	1.358928571428569	1.0675000000000008	1.8829982393249964	1.6071314532193637	2.945034113420772	1.1574999999999984	1.0675000000000008	1.1349999999999978	1.1574999999999984	1.4655013691128143	1.2699999999999996	1.2233860759493673	1.0225000000000009	1.0900000000000025	1.0225000000000009	1.0	1.291212121212122	1.1799999999999986	1.4603272568786494	1.1124999999999978	1.2233860759493673	1.1349999999999978	1.1411760083115756	1.0450000000000004	1.1349999999999978	1.268619133574007	1.2890888566449303	1.1817162739423996	1.1124999999999978	1.0450000000000004	1.2699999999999996
he	1.0	1.0225000000000009	1.0	1.2250000000000003	1.1349999999999978	1.1574999999999984	1.0450000000000004	1.3267179305428891	1.2228048780487795	1.1574999999999984	1.1574999999999984	1.0450000000000004	1.1124999999999978	1.1124999999999978	1.2228048780487797	1.1349999999999978	1.1574999999999984	1.0225000000000009	1.0675000000000008	1.0225000000000009	1.0	1.1574999999999984	1.1349999999999978	1.3245689655172406	1.0900000000000025	1.1574999999999984	1.1124999999999978	1.0900000000000025	1.0450000000000004	1.0675000000000008	1.1574999999999984	1.2925000000000002	1.167142857142856	1.0675000000000008	1.0450000000000004	1.1574999999999984
hi	1.0	1.0225000000000009	1.0	1.1574999999999984	1.0450000000000004	1.0675000000000008	1.0225000000000009	1.169927603872706	1.1070689655172417	1.0675000000000008	1.0450000000000004	1.0900000000000025	1.0225000000000009	1.0675000000000008	1.0675000000000008	1.0675000000000008	1.0675000000000008	1.0	1.0450000000000004	1.0225000000000009	0.0	1.0450000000000004	1.0675000000000008	1.1070689655172417	1.0450000000000004	1.0450000000000004	1.0450000000000004	1.0450000000000004	0.0	1.0675000000000008	1.0450000000000004	1.2025000000000023	1.0744230769230771	1.0450000000000004	1.0225000000000009	1.0675000000000008
hu	1.0	1.0225000000000009	1.0	1.1780583756345167	1.0900000000000025	1.1124999999999978	1.0225000000000009	1.186592602800991	1.1953947368421036	1.1349999999999978	1.1124999999999978	1.0225000000000009	1.1574999999999984	1.0675000000000008	1.167142857142856	1.0900000000000025	1.1124999999999978	1.0225000000000009	1.0225000000000009	1.0	1.0	1.1349999999999978	1.1124999999999978	1.167142857142856	1.0675000000000008	1.1124999999999978	1.0675000000000008	1.0675000000000008	1.0225000000000009	1.0450000000000004	1.1124999999999978	1.1349999999999978	1.1378125000000017	1.0450000000000004	1.0450000000000004	1.1124999999999978
id	1.0	1.0225000000000009	1.0	1.1971670792885543	1.0900000000000025	1.1574999999999984	1.0450000000000004	1.3557623420248346	1.2228048780487795	1.1574999999999984	1.1124999999999978	1.0675000000000008	1.0675000000000008	1.1574999999999984	1.2228048780487795	1.1124999999999978	1.1349999999999978	1.0225000000000009	1.0900000000000025	1.0225000000000009	1.0	1.1349999999999978	1.1124999999999978	1.297272727272726	1.0675000000000008	1.1124999999999978	1.0675000000000008	1.0867307692307713	1.0450000000000004	1.0900000000000025	1.1349999999999978	1.2712925852138635	1.1070689655172417	1.0675000000000008	1.040032467532468	1.1574999999999984
it	1.0	1.0225000000000009	1.0	1.2823316386492865	1.1953947368421036	1.4013709677419373	1.0675000000000008	1.5168377219726032	1.5306743903917686	1.4655013691128143	1.2228048780487797	1.0675000000000008	1.167142857142856	1.2228048780487795	1.0	1.3268867924528294	1.3015	1.0391304347826091	1.1378125000000017	1.0225000000000009	1.0	1.3015	1.2495454545454538	2.618858311009206	1.1378125000000017	0.0	1.1349999999999978	1.0842910447761214	1.0744230769230771	1.1349999999999978	1.3268867924528296	1.419137422843758	1.1200565139797736	1.1124999999999978	1.0471848225214204	1.3015
ja	1.0	1.0225000000000009	1.0	1.2025000000000023	1.1349999999999978	1.2474999999999996	1.0450000000000004	1.5085696512498383	1.4038805970149255	1.2699999999999996	1.1349999999999978	1.0675000000000008	1.0900000000000025	1.1124999999999978	1.3268867924528294	1.3150000000000022	1.1799999999999986	1.0225000000000009	1.0900000000000025	1.0225000000000009	1.0	1.1799999999999986	1.1574999999999984	1.4038805970149255	1.1124999999999978	1.1574999999999984	1.1124999999999978	1.0900000000000025	1.0225000000000009	1.0900000000000025	1.1574999999999984	1.2925000000000002	1.1953947368421036	1.0900000000000025	1.0450000000000004	1.2025000000000023
ko	1.0	1.0225000000000009	1.0	1.2025000000000023	1.1349999999999978	1.2025000000000023	1.0450000000000004	1.3463880977342104	1.4038805970149253	1.2233860759493673	1.1574999999999984	1.0675000000000008	1.1124999999999978	1.1349999999999978	1.3015	1.1799999999999986	1.2250000000000003	1.0225000000000009	1.0900000000000025	1.0225000000000009	1.0	1.2025000000000023	1.1799999999999986	1.3778125000000014	1.0900000000000025	1.1799999999999986	1.1124999999999978	1.0900000000000025	1.0450000000000004	1.0900000000000025	1.2025000000000023	1.2925000000000002	1.167142857142856	1.0675000000000008	1.0450000000000004	1.1799999999999986
lv	1.0	1.0	1.0	1.2135556047851124	1.0225000000000009	1.0225000000000009	1.0	1.0225000000000009	1.0225000000000009	1.0225000000000009	1.0225000000000009	1.0	1.0225000000000009	1.0225000000000009	1.0391304347826091	1.0225000000000009	1.0225000000000009	1.0225000000000009	1.0225000000000009	0.0	1.0	1.0225000000000009	1.0225000000000009	1.0391304347826091	1.0225000000000009	1.0225000000000009	1.0	1.0675000000000008	1.0	1.0	1.0225000000000009	1.1780583756345167	1.0225000000000009	1.0	1.0450000000000004	1.0225000000000009
mk	1.0	1.0	0.0	1.1124999999999978	1.0675000000000008	1.0900000000000025	1.0225000000000009	1.1378125000000017	1.0900000000000025	1.0900000000000025	1.0675000000000008	1.0450000000000004	1.0225000000000009	1.0900000000000025	1.1378125000000017	1.0900000000000025	1.0900000000000025	1.0225000000000009	1.0900000000000025	1.0	1.0	1.0675000000000008	1.0675000000000008	1.2409183673469402	1.0450000000000004	1.0675000000000008	1.0450000000000004	1.0450000000000004	1.0225000000000009	1.0450000000000004	1.0675000000000008	1.1124999999999978	1.0450000000000004	1.0225000000000009	1.0225000000000009	1.0900000000000025
ml	0.0	1.0	1.0	1.1574999999999984	1.0225000000000009	1.0225000000000009	1.0	1.0391304347826091	1.0391304347826091	1.0225000000000009	1.0225000000000009	1.0225000000000009	1.0	1.0225000000000009	1.0225000000000009	1.0225000000000009	1.0225000000000009	0.0	1.0	1.0225000000000009	0.0	1.0225000000000009	1.0225000000000009	1.0391304347826091	1.0225000000000009	1.0225000000000009	1.0225000000000009	1.0450000000000004	0.0	1.0225000000000009	1.0225000000000009	1.1349999999999978	1.0391304347826091	1.0225000000000009	1.0450000000000004	1.0225000000000009
mr	0.0	0.0	0.0	1.0450000000000004	1.0	1.0	0.0	1.0	1.0	1.0	1.0	0.0	1.0	1.0	1.0	1.0	1.0	1.0	1.0	0.0	1.0	1.0	1.0	1.0	1.0	1.0	0.0	1.0225000000000009	1.0	0.0	1.0	1.0900000000000025	1.0	0.0	1.0	1.0
nl	1.0	1.0225000000000009	1.0	1.2555403127703868	1.1349999999999978	1.2250000000000003	1.0675000000000008	1.7401962362694268	1.4551369863013697	1.291212121212122	1.1574999999999984	1.0450000000000004	1.1349999999999978	1.1349999999999978	1.3015	1.1799999999999986	1.2025000000000023	1.0225000000000009	1.0675000000000008	1.0225000000000009	1.0	1.3862831846718735	1.1574999999999984	1.4038805970149255	1.1124999999999978	1.1799999999999986	1.1124999999999978	1.0675000000000003	1.0450000000000004	1.0900000000000025	1.2474999999999996	1.3404502064394486	1.167142857142856	1.0900000000000025	1.0487135922330102	1.2250000000000003
pl	1.0	1.0225000000000009	1.0	1.2425324675324665	1.1124999999999978	1.2025000000000023	1.0450000000000004	1.2968206832857831	1.3513934426229501	1.1799999999999986	1.1349999999999978	1.0675000000000008	1.1124999999999978	1.1124999999999978	1.2495454545454538	1.1574999999999984	1.1799999999999986	1.0225000000000009	1.0675000000000008	1.0225000000000009	1.0	1.1574999999999984	1.2848006907724905	1.3245689655172406	1.0900000000000025	1.1553389830508463	1.0900000000000025	1.0900000000000025	1.0225000000000009	1.0900000000000025	1.1574999999999984	1.3472565678486363	1.167142857142856	1.0675000000000008	1.040032467532468	1.1574999999999984
pt	1.0	1.0225000000000009	1.0	1.2172818373692205	1.2972727272727262	1.4296428571428568	1.0744230769230771	2.4645703822135623	1.426633299841806	1.4603272568786494	1.3245689655172406	1.1070689655172417	1.167142857142856	1.297272727272726	2.618858311009206	1.4038805970149255	1.3778125000000014	1.0391304347826091	1.2409183673469402	1.0391304347826091	1.0	1.4038805970149255	1.3245689655172406	3.7984409549751663	1.2694230769230757	1.3778125000000014	1.1671428571428557	1.0881698564593314	1.0744230769230771	1.1378125000000017	1.3778125000000014	1.3121606569827275	1.0873349282296645	1.1070689655172417	1.0368617021276596	1.4038805970149255
ro	1.0	1.0225000000000009	1.0	1.2219881889763786	1.0900000000000025	1.0900000000000025	1.0225000000000009	1.3660575109993705	1.1378125000000017	1.1124999999999978	1.0900000000000025	1.0450000000000004	1.0675000000000008	1.0675000000000008	1.1378125000000017	1.1124999999999978	1.0900000000000025	1.0225000000000009	1.0450000000000004	1.0225000000000009	1.0	1.1124999999999978	1.0900000000000025	1.2694230769230757	1.1124999999999978	1.0900000000000025	1.0675000000000008	1.0675000000000008	1.0	1.0675000000000008	1.0900000000000025	1.1799999999999986	1.1378125000000017	1.0450000000000004	1.0450000000000004	1.1124999999999978
ru	1.0	1.0225000000000009	0.0	1.2250000000000003	1.1349999999999978	1.2025000000000023	1.0450000000000004	1.4032992831218423	1.3015	1.2233860759493673	1.1574999999999984	1.0450000000000004	1.1124999999999978	1.1124999999999978	0.0	1.1574999999999984	1.1799999999999986	1.0225000000000009	1.0675000000000008	1.0225000000000009	1.0	1.1799999999999986	1.1553389830508463	1.3778125000000014	1.0900000000000025	1.0	1.1349999999999978	1.0900000000000025	1.0450000000000004	1.0900000000000025	1.2025000000000023	1.2925000000000002	1.167142857142856	1.0675000000000008	1.0450000000000004	1.1574999999999984
sh	1.0	1.0225000000000009	1.0	1.2332745938281748	1.1124999999999978	1.1349999999999978	1.0450000000000004	1.2762768502909336	1.1953947368421036	1.1349999999999978	1.1124999999999978	1.0450000000000004	1.0675000000000008	1.0675000000000008	1.1349999999999978	1.1124999999999978	1.1124999999999978	1.0	1.0450000000000004	1.0225000000000009	0.0	1.1124999999999978	1.0900000000000025	1.1671428571428557	1.0675000000000008	1.1349999999999978	1.1349999999999978	1.1070689655172417	1.0	1.0900000000000025	1.1349999999999978	1.3397027330452493	1.1378125000000017	1.0675000000000008	1.0744230769230771	1.1124999999999978
si	1.0225000000000009	1.0225000000000009	0.0	1.0675000000000008	1.0675000000000008	1.0867307692307715	1.0675000000000008	1.3145548150222295	1.0801542699840663	1.1411760083115756	1.0900000000000025	1.0450000000000004	1.0675000000000008	1.0867307692307713	1.0842910447761214	1.0900000000000025	1.0900000000000025	1.0675000000000008	1.0450000000000004	1.0450000000000004	1.0225000000000009	1.0675000000000003	1.0900000000000025	1.0881698564593314	1.0675000000000008	1.0900000000000025	1.1070689655172417	1.1925659331877012	1.0900000000000025	1.0900000000000025	1.0900000000000025	1.0675000000000008	1.0675000000000008	1.0900000000000025	1.0225000000000009	1.0900000000000025
simple	0.0	0.0	1.0	1.2007373271889423	1.0225000000000009	1.0450000000000004	0.0	1.0744230769230771	1.0450000000000004	1.0450000000000004	1.0450000000000004	0.0	1.0225000000000009	1.0450000000000004	1.0744230769230771	1.0225000000000009	1.0450000000000004	1.0	1.0225000000000009	0.0	1.0	1.0450000000000004	1.0225000000000009	1.0744230769230771	1.0	1.0450000000000004	1.0	1.0900000000000025	1.0450000000000004	0.0	1.0450000000000004	1.2474999999999996	1.0	0.0	1.0450000000000004	1.0450000000000004
sr	1.0	1.0225000000000009	1.0	1.2219881889763777	1.0675000000000008	1.1349999999999978	1.0450000000000004	1.2235059772405061	1.1953947368421036	1.1349999999999978	1.0675000000000008	1.0675000000000008	1.0450000000000004	1.0900000000000025	1.1349999999999978	1.0900000000000025	1.0900000000000025	1.0	1.0450000000000004	1.0225000000000009	0.0	1.0900000000000025	1.0900000000000025	1.1378125000000017	1.0675000000000008	1.0900000000000025	1.0900000000000025	1.0900000000000025	0.0	1.1349999999999978	1.1124999999999978	1.2912121212121217	1.1070689655172417	1.0675000000000008	1.0450000000000004	1.1124999999999978
sv	1.0	1.0225000000000009	1.0	1.3470417734275324	1.1349999999999978	1.2474999999999996	1.0675000000000008	1.5709538243634262	1.4551369863013697	1.268619133574007	1.1574999999999984	1.0450000000000004	1.1124999999999978	1.1349999999999978	1.3268867924528296	1.1574999999999984	1.2025000000000023	1.0225000000000009	1.0675000000000008	1.0225000000000009	1.0	1.2474999999999996	1.1574999999999984	1.3778125000000014	1.0900000000000025	1.2025000000000023	1.1349999999999978	1.0900000000000025	1.0450000000000004	1.1124999999999978	1.2699999999999996	1.2912121212121217	1.167142857142856	1.0900000000000025	1.040032467532468	1.2025000000000023
te	1.0450000000000004	1.1124999999999978	1.0	1.1124999999999978	1.2250000000000003	1.2971507861292069	1.1799999999999986	1.4020960286801107	1.3101822473414164	1.2890888566449303	1.2925000000000002	1.2025000000000023	1.1349999999999978	1.2712925852138635	1.419137422843758	1.2925000000000002	1.2925000000000002	1.1780583756345167	1.1124999999999978	1.1349999999999978	1.0900000000000025	1.3404502064394486	1.3472565678486363	1.3121606569827275	1.1799999999999986	1.2925000000000002	1.3397027330452493	1.0675000000000008	1.2474999999999996	1.2912121212121217	1.2912121212121217	1.3150000000000022	1.2025000000000023	1.2474999999999996	1.0225000000000009	1.3150000000000022
tr	1.0	1.0391304347826091	1.0	1.2757446808510657	1.167142857142856	1.2228048780487797	1.0450000000000004	1.8131163519492677	2.618732686980607	1.1817162739423996	1.167142857142856	1.0744230769230771	1.1378125000000017	1.1070689655172417	1.1200565139797736	1.1953947368421036	1.167142857142856	1.0225000000000009	1.0450000000000004	1.0391304347826091	1.0	1.167142857142856	1.167142857142856	1.0873349282296645	1.1378125000000017	1.167142857142856	1.1378125000000017	1.0675000000000008	1.0	1.1070689655172417	1.167142857142856	1.2025000000000023	2.7282644628099164	1.1378125000000017	1.0744230769230771	1.1953947368421036
vi	1.0	1.0225000000000009	1.0	1.2007373271889423	1.0675000000000008	1.1124999999999978	1.0675000000000008	1.2462925969447696	1.1378125000000017	1.1124999999999978	1.0675000000000008	1.0450000000000004	1.0450000000000004	1.0675000000000008	1.1124999999999978	1.0900000000000025	1.0675000000000008	1.0	1.0225000000000009	1.0225000000000009	0.0	1.0900000000000025	1.0675000000000008	1.1070689655172417	1.0450000000000004	1.0675000000000008	1.0675000000000008	1.0900000000000025	0.0	1.0675000000000008	1.0900000000000025	1.2474999999999996	1.1378125000000017	1.1124999999999978	1.040032467532468	1.1124999999999978
war	1.0450000000000004	1.0225000000000009	0.0	1.0450000000000004	1.0450000000000004	1.040032467532468	1.0450000000000004	1.061630434782609	1.0381809177946522	1.0450000000000004	1.0450000000000004	1.0225000000000009	1.0450000000000004	1.040032467532468	1.0471848225214204	1.0450000000000004	1.0450000000000004	1.0450000000000004	1.0225000000000009	1.0450000000000004	1.0	1.0487135922330102	1.040032467532468	1.0368617021276596	1.0450000000000004	1.0450000000000004	1.0744230769230771	1.0225000000000009	1.0450000000000004	1.0450000000000004	1.040032467532468	1.0225000000000009	1.0744230769230771	1.040032467532468	1.0450000000000004	1.0450000000000004
zh	1.0	1.0225000000000009	1.0	1.2250000000000003	1.1349999999999978	1.2474999999999996	1.0675000000000008	1.6195353197803093	1.3015	1.2699999999999996	1.1574999999999984	1.0675000000000008	1.1124999999999978	1.1574999999999984	1.3015	1.2025000000000023	1.1799999999999986	1.0225000000000009	1.0900000000000025	1.0225000000000009	1.0	1.2250000000000003	1.1574999999999984	1.4038805970149255	1.1124999999999978	1.1574999999999984	1.1124999999999978	1.0900000000000025	1.0450000000000004	1.1124999999999978	1.2025000000000023	1.3150000000000022	1.1953947368421036	1.1124999999999978	1.0450000000000004	1.2699999999999996
