arz	bs	ceb	ckb	da	de	el	en	es	fr	he	hi	hu	id	it	ja	ko	lv	mk	ml	mr	nl	pl	pt	ro	ru	sh	si	simple	sr	sv	te	tr	vi	war	zh
arz	1.0	0.953225785585603	0.0	1.0	1.0	1.0	1.0	1.0	1.0	1.0	1.0	1.0	1.0	1.0	1.0	1.0	1.0	1.0	1.0	1.0	1.0	0.8216064286890065	1.0	1.0	1.0	1.0	0.953225785585603	1.0	1.0	1.0	1.0	1.0	0.8216064286890065	1.0	1.0	1.0
bs	0.953225785585603	1.0	1.0	0.4004177962735557	0.4387739432487065	0.33737802951483875	0.4377367103295498	0.3297044031741832	0.3505084124401258	0.33737802951483875	0.37301602624475483	0.4130061351254454	0.37301602624475483	0.33406621224742417	0.33810070908450846	0.33737802951483875	0.33737802951483875	0.4377367103295498	0.4377367103295498	0.4377367103295498	0.5480953166963739	0.3470763037541038	0.3511077603391153	0.33737802951483875	0.39002806354153396	0.3511077603391153	0.4639333927842347	1.0	0.37438873315427623	0.4130061351254454	0.33737802951483875	0.953225785585603	0.411172969754011	0.33737802951483875	0.4396737880734749	0.33737802951483875
ceb	0.0	1.0	1.0	0.0	1.0	1.0	0.0	1.0	1.0	1.0	1.0	1.0	1.0	1.0	1.0	1.0	1.0	1.0	1.0	1.0	0.0	1.0	1.0	1.0	1.0	1.0	1.0	1.0	1.0	1.0	1.0	0.0	-1.0	1.0	1.0	1.0
ckb	1.0	0.4004177962735557	0.0	1.0	0.6391906500312812	1.0	1.0	0.7347168825662656	0.6841174893561722	1.0	1.0	1.0	0.7510341748895937	0.36656274161674457	0.7455134344225701	1.0	1.0	1.0	1.0	1.0	1.0	0.6161562425375515	1.0	1.0	0.7411828468492556	1.0	0.5118340182992962	1.0	0.6395657813917609	1.0	1.0	1.0	0.6908587525207898	1.0	0.7690990303325336	1.0
da	1.0	0.4387739432487065	1.0	0.6391906500312812	1.0	0.5498830412438558	0.7584325078215763	0.5498830412438558	0.4962883321258649	0.6108894819461955	0.5570260267770091	0.6391906500312812	0.6908587525207898	0.44386257686478964	0.5762664044553162	0.5598704182750971	0.5598704182750971	0.7584325078215763	0.7584325078215763	0.7584325078215763	0.7863954451402115	0.6501242688505182	0.5598704182750971	0.6786291688147437	0.7455134344225701	0.5498830412438558	0.578043970381814	1.0	0.4350847011520913	0.6562661056221563	0.6841174893561723	1.0	0.6290128041382893	0.6333404237489203	0.6763518472901805	0.7376607345031153
de	1.0	0.33737802951483875	1.0	1.0	0.5498830412438558	1.0	0.7347168825662657	0.239838909530004	0.40885394568267447	0.3356917272254134	0.4880526631088654	0.6667969795412325	0.5478701566302351	0.28307150579633955	0.2727825084742939	0.39286424621655225	0.5550777313258431	1.0	1.0	1.0	1.0	0.29869404143527245	0.4110746752365885	0.36733360169290147	0.6483618101972172	0.416756489349695	0.5118340182992962	1.0	0.3899051721940608	0.5998186767392314	0.43832855425946915	1.0	0.590450634789213	1.0	0.7690990303325336	0.46166942218980495
el	1.0	0.4377367103295498	0.0	1.0	0.7584325078215763	0.7347168825662657	1.0	0.40537003198728544	0.7411828468492555	1.0	1.0	1.0	0.6391906500312812	0.7455134344225701	0.7347168825662657	1.0	1.0	1.0	1.0	1.0	1.0	0.5862835858285895	1.0	1.0	1.0	1.0	0.5568011669843502	1.0	0.6395657813917609	1.0	1.0	1.0	0.7411828468492555	1.0	0.7690990303325336	1.0
en	1.0	0.3297044031741832	1.0	0.7347168825662656	0.5498830412438558	0.239838909530004	0.40537003198728544	1.0	0.33546382494698435	0.26251771361098153	0.3672084207591851	0.6638546162332061	0.5649469719465992	0.2547192706082277	0.2525813007020818	0.3197142907204896	0.48293478076792595	1.0	1.0	1.0	1.0	0.27272743819707174	0.3106585639400046	0.28595873336299144	0.3868422608466581	0.30938033111829777	0.4737629126910424	1.0	0.3652297690299302	0.5534423657654645	0.3210215553836072	1.0	0.3391748940674702	0.7263875964832449	0.7690990303325336	0.30691254367788606
es	1.0	0.3505084124401258	1.0	0.6841174893561722	0.4962883321258649	0.40885394568267447	0.7411828468492555	0.33546382494698435	1.0	0.41867430126777955	0.5607273711510526	0.7300208629885035	0.5815790210684466	0.323160574292216	0.3172984595977966	0.5100620778231503	0.5294419119186636	0.7510341748895938	0.7455134344225701	0.7584325078215765	0.7863954451402115	0.34817351111231853	0.45741689200112196	0.4532822821859835	0.6499913553099703	0.4940499243416366	0.5535177892202745	1.0	0.3848878892477171	0.5336292525649454	0.5057682317742418	1.0	0.5720210656951042	0.6290808149140177	0.6743202287441529	0.5522883996381109
fr	1.0	0.33737802951483875	1.0	1.0	0.6108894819461955	0.3356917272254134	1.0	0.26251771361098153	0.41867430126777955	1.0	0.7162976956558118	1.0	0.5649469719465992	0.2898481170011032	0.27768372101165284	0.5574091546057278	0.6109487639826039	1.0	1.0	1.0	1.0	0.34959046297986884	0.46873565037257386	0.390579917504565	0.7300208629885034	0.4755421241864666	0.5118340182992962	1.0	0.3899051721940608	0.5998186767392314	0.4981725012189468	1.0	0.5012352984697122	1.0	0.7690990303325336	0.5098305930273366
he	1.0	0.37301602624475483	1.0	1.0	0.5570260267770091	0.4880526631088654	1.0	0.3672084207591851	0.5607273711510526	0.7162976956558118	1.0	1.0	1.0	0.7411828468492556	0.47846197989522515	1.0	1.0	1.0	1.0	1.0	1.0	0.4407997322953646	0.6501445840862392	0.5289174668438522	1.0	1.0	0.5958330904689774	1.0	0.40835358999755045	0.6067454105236015	0.6094839682520681	1.0	0.6248466930879271	1.0	0.7690990303325336	1.0
hi	1.0	0.4130061351254454	1.0	1.0	0.6391906500312812	0.6667969795412325	1.0	0.6638546162332061	0.7300208629885035	1.0	1.0	1.0	0.7411828468492556	0.36656274161674457	0.7300208629885035	1.0	1.0	1.0	1.0	1.0	1.0	0.5753932445026375	1.0	0.7300208629885034	1.0	1.0	0.5201463937818153	1.0	0.629896233114065	1.0	0.7376607345031153	1.0	0.6204120806044474	1.0	0.7690990303325336	1.0
hu	1.0	0.37301602624475483	1.0	0.7510341748895937	0.6908587525207898	0.5478701566302351	0.6391906500312812	0.5649469719465992	0.5815790210684466	0.5649469719465992	1.0	0.7411828468492556	1.0	0.717344688307639	0.44287797238492216	0.6109667409257579	0.612612409469375	0.7455134344225701	0.7455134344225701	1.0	1.0	0.49432473961662093	0.5418134573720242	0.5016216834742215	0.6333404237489202	0.6126124094693751	0.5059291252904446	1.0	0.3889916338382575	0.5173341782959171	0.6144532717435797	1.0	0.5850846505502784	0.7347168825662656	0.7690990303325336	0.6144532717435798
id	1.0	0.33406621224742417	1.0	0.36656274161674457	0.44386257686478964	0.28307150579633955	0.7455134344225701	0.2547192706082277	0.323160574292216	0.2898481170011032	0.7411828468492556	0.36656274161674457	0.717344688307639	1.0	0.30037912305867165	0.28829727894148965	0.29706220605617684	0.7510341748895938	0.7510341748895938	0.7584325078215763	1.0	0.2945339061642567	0.27748442722849037	0.28231090682567483	0.3514675494644769	0.31383771492227036	0.35639896455618664	1.0	0.526529115510001	0.36656274161674457	0.3013373073705788	1.0	0.30957120238672814	0.3514675494644769	0.7690990303325336	0.31383771492227036
it	1.0	0.33810070908450846	1.0	0.7455134344225701	0.5762664044553162	0.2727825084742939	0.7347168825662657	0.2525813007020818	0.3172984595977966	0.27768372101165284	0.47846197989522515	0.7300208629885035	0.44287797238492216	0.30037912305867165	1.0	0.35129831664651145	0.3584427510924773	1.0	1.0	1.0	1.0	0.318700361472349	0.3335005608262975	0.3209594509382862	0.6077213203949331	0.33267942119842653	0.4814120501355576	1.0	0.3640179847919564	0.5295355337297544	0.3292557144192023	1.0	0.5887297387126709	0.6701591524560107	0.7690990303325336	0.3730269705020865
ja	1.0	0.33737802951483875	1.0	1.0	0.5598704182750971	0.39286424621655225	1.0	0.3197142907204896	0.5100620778231503	0.5574091546057278	1.0	1.0	0.6109667409257579	0.28829727894148965	0.35129831664651145	1.0	1.0	1.0	1.0	1.0	1.0	0.26135964489167474	0.4670357072474482	0.4829248350521791	0.6667969795412325	1.0	0.5118340182992962	1.0	0.3899051721940608	0.5998186767392314	0.49117777595446066	1.0	0.5408985128583079	1.0	0.7690990303325336	1.0
ko	1.0	0.33737802951483875	1.0	1.0	0.5598704182750971	0.5550777313258431	1.0	0.48293478076792595	0.5294419119186636	0.6109487639826039	1.0	1.0	0.612612409469375	0.29706220605617684	0.3584427510924773	1.0	1.0	1.0	1.0	1.0	1.0	0.3747984407616048	0.5556156122029273	0.5834557304093069	0.7300208629885034	1.0	0.5118340182992962	1.0	0.3899051721940608	0.5998186767392314	0.553597750767838	1.0	0.5497489806964265	1.0	0.7690990303325336	1.0
lv	1.0	0.4377367103295498	1.0	1.0	0.7584325078215763	1.0	1.0	1.0	0.7510341748895938	1.0	1.0	1.0	0.7455134344225701	0.7510341748895938	1.0	1.0	1.0	1.0	1.0	1.0	1.0	0.6380732827477676	1.0	0.7455134344225699	1.0	1.0	0.5568011669843502	1.0	0.6395657813917609	1.0	1.0	1.0	0.6391906500312812	1.0	0.7690990303325336	1.0
mk	1.0	0.4377367103295498	1.0	1.0	0.7584325078215763	1.0	1.0	1.0	0.7455134344225701	1.0	1.0	1.0	0.7455134344225701	0.7510341748895938	1.0	1.0	1.0	1.0	1.0	1.0	1.0	0.6239725949460845	1.0	0.7411828468492555	1.0	1.0	0.5568011669843502	1.0	0.6395657813917609	1.0	1.0	1.0	0.6333404237489202	1.0	0.7690990303325336	1.0
ml	1.0	0.4377367103295498	1.0	1.0	0.7584325078215763	1.0	1.0	1.0	0.7584325078215765	1.0	1.0	1.0	1.0	0.7584325078215763	1.0	1.0	1.0	1.0	1.0	1.0	1.0	0.7584325078215763	1.0	1.0	1.0	1.0	0.5958330904689774	1.0	0.7584325078215763	1.0	1.0	1.0	0.7584325078215765	1.0	0.7690990303325336	1.0
mr	1.0	0.5480953166963739	0.0	1.0	0.7863954451402115	1.0	1.0	1.0	0.7863954451402115	1.0	1.0	1.0	1.0	1.0	1.0	1.0	1.0	1.0	1.0	1.0	1.0	0.7863954451402115	1.0	1.0	1.0	1.0	0.8862616044261856	1.0	1.0	1.0	1.0	1.0	0.7863954451402115	1.0	0.7863954451402115	1.0
nl	0.8216064286890065	0.3470763037541038	1.0	0.6161562425375515	0.6501242688505182	0.29869404143527245	0.5862835858285895	0.27272743819707174	0.34817351111231853	0.34959046297986884	0.4407997322953646	0.5753932445026375	0.49432473961662093	0.2945339061642567	0.318700361472349	0.26135964489167474	0.3747984407616048	0.6380732827477676	0.6239725949460845	0.7584325078215763	0.7863954451402115	1.0	0.3234544164490561	0.3324642017301028	0.34497908197544713	0.2813761327112312	0.4752193357331485	1.0	0.35962157137279993	0.4521242737780742	0.42320537464357993	0.8216064286890065	0.4375125234639212	0.6245989204723337	0.674320228744153	0.20300610295339935
pl	1.0	0.3511077603391153	1.0	1.0	0.5598704182750971	0.4110746752365885	1.0	0.3106585639400046	0.45741689200112196	0.46873565037257386	0.6501445840862392	1.0	0.5418134573720242	0.27748442722849037	0.3335005608262975	0.4670357072474482	0.5556156122029273	1.0	1.0	1.0	1.0	0.3234544164490561	1.0	0.48375262623739396	0.7300208629885034	0.5012659390270594	0.5201463937818153	1.0	0.4025525578153722	0.728099120889861	0.522191814993853	1.0	0.5517710186838404	1.0	0.7690990303325336	0.6452450558286368
pt	1.0	0.33737802951483875	1.0	1.0	0.6786291688147437	0.36733360169290147	1.0	0.28595873336299144	0.4532822821859835	0.390579917504565	0.5289174668438522	0.7300208629885034	0.5016216834742215	0.28231090682567483	0.3209594509382862	0.4829248350521791	0.5834557304093069	0.7455134344225699	0.7411828468492555	1.0	1.0	0.3324642017301028	0.48375262623739396	1.0	0.6667969795412325	0.4895926620442799	0.5118340182992962	1.0	0.3673139305154971	0.5122530397215436	0.4336518865145825	1.0	0.47648730745717666	0.7263875964832449	0.7690990303325336	0.4792523038460359
ro	1.0	0.39002806354153396	1.0	0.7411828468492556	0.7455134344225701	0.6483618101972172	1.0	0.3868422608466581	0.6499913553099703	0.7300208629885034	1.0	1.0	0.6333404237489202	0.3514675494644769	0.6077213203949331	0.6667969795412325	0.7300208629885034	1.0	1.0	1.0	1.0	0.34497908197544713	0.7300208629885034	0.6667969795412325	1.0	0.7300208629885034	0.4749560905720778	1.0	0.5823970704040644	1.0	0.6483618101972171	1.0	0.5261964462208735	0.7347168825662657	0.7690990303325336	0.6667969795412325
ru	1.0	0.3511077603391153	1.0	1.0	0.5498830412438558	0.416756489349695	1.0	0.30938033111829777	0.4940499243416366	0.4755421241864666	1.0	1.0	0.6126124094693751	0.31383771492227036	0.33267942119842653	1.0	1.0	1.0	1.0	1.0	1.0	0.2813761327112312	0.5012659390270594	0.4895926620442799	0.7300208629885034	1.0	0.5201463937818153	1.0	0.3957149952992489	0.5944614612750622	0.5300591168472625	1.0	0.5337507536100136	1.0	0.7690990303325336	1.0
sh	0.953225785585603	0.4639333927842347	1.0	0.5118340182992962	0.578043970381814	0.5118340182992962	0.5568011669843502	0.4737629126910424	0.5535177892202745	0.5118340182992962	0.5958330904689774	0.5201463937818153	0.5059291252904446	0.35639896455618664	0.4814120501355576	0.5118340182992962	0.5118340182992962	0.5568011669843502	0.5568011669843502	0.5958330904689774	0.8862616044261856	0.4752193357331485	0.5201463937818153	0.5118340182992962	0.4749560905720778	0.5201463937818153	1.0	0.7863954451402115	0.5665691374017386	0.5201463937818153	0.5118340182992962	0.953225785585603	0.4970339130720429	0.5118340182992962	0.6884590150780487	0.5118340182992962
si	1.0	1.0	1.0	1.0	1.0	1.0	1.0	1.0	1.0	1.0	1.0	1.0	1.0	1.0	1.0	1.0	1.0	1.0	1.0	1.0	1.0	1.0	1.0	1.0	1.0	1.0	0.7863954451402115	1.0	1.0	1.0	1.0	1.0	1.0	1.0	1.0	1.0
simple	1.0	0.37438873315427623	1.0	0.6395657813917609	0.4350847011520913	0.3899051721940608	0.6395657813917609	0.3652297690299302	0.3848878892477171	0.3899051721940608	0.40835358999755045	0.629896233114065	0.3889916338382575	0.526529115510001	0.3640179847919564	0.3899051721940608	0.3899051721940608	0.6395657813917609	0.6395657813917609	0.7584325078215763	1.0	0.35962157137279993	0.4025525578153722	0.3673139305154971	0.5823970704040644	0.3957149952992489	0.5665691374017386	1.0	1.0	0.4154562342247867	0.3957149952992489	1.0	0.5237780740612413	0.5571372272407988	0.674320228744153	0.3899051721940608
sr	1.0	0.4130061351254454	1.0	1.0	0.6562661056221563	0.5998186767392314	1.0	0.5534423657654645	0.5336292525649454	0.5998186767392314	0.6067454105236015	1.0	0.5173341782959171	0.36656274161674457	0.5295355337297544	0.5998186767392314	0.5998186767392314	1.0	1.0	1.0	1.0	0.4521242737780742	0.728099120889861	0.5122530397215436	1.0	0.5944614612750622	0.5201463937818153	1.0	0.4154562342247867	1.0	0.6067454105236015	1.0	0.5693860189509429	1.0	0.7690990303325336	0.5998186767392314
sv	1.0	0.33737802951483875	1.0	1.0	0.6841174893561723	0.43832855425946915	1.0	0.3210215553836072	0.5057682317742418	0.4981725012189468	0.6094839682520681	0.7376607345031153	0.6144532717435797	0.3013373073705788	0.3292557144192023	0.49117777595446066	0.553597750767838	1.0	1.0	1.0	1.0	0.42320537464357993	0.522191814993853	0.4336518865145825	0.6483618101972171	0.5300591168472625	0.5118340182992962	1.0	0.3957149952992489	0.6067454105236015	1.0	1.0	0.526151218274228	1.0	0.7690990303325336	0.5492444263646022
te	1.0	0.953225785585603	0.0	1.0	1.0	1.0	1.0	1.0	1.0	1.0	1.0	1.0	1.0	1.0	1.0	1.0	1.0	1.0	1.0	1.0	1.0	0.8216064286890065	1.0	1.0	1.0	1.0	0.953225785585603	1.0	1.0	1.0	1.0	1.0	0.8216064286890065	1.0	1.0	1.0
tr	0.8216064286890065	0.411172969754011	-1.0	0.6908587525207898	0.6290128041382893	0.590450634789213	0.7411828468492555	0.3391748940674702	0.5720210656951042	0.5012352984697122	0.6248466930879271	0.6204120806044474	0.5850846505502784	0.30957120238672814	0.5887297387126709	0.5408985128583079	0.5497489806964265	0.6391906500312812	0.6333404237489202	0.7584325078215765	0.7863954451402115	0.4375125234639212	0.5517710186838404	0.47648730745717666	0.5261964462208735	0.5337507536100136	0.4970339130720429	1.0	0.5237780740612413	0.5693860189509429	0.526151218274228	0.8216064286890065	1.0	0.6131109307903289	0.6698766910334879	0.5293017193226109
vi	1.0	0.33737802951483875	1.0	1.0	0.6333404237489203	1.0	1.0	0.7263875964832449	0.6290808149140177	1.0	1.0	1.0	0.7347168825662656	0.3514675494644769	0.6701591524560107	1.0	1.0	1.0	1.0	1.0	1.0	0.6245989204723337	1.0	0.7263875964832449	0.7347168825662657	1.0	0.5118340182992962	1.0	0.5571372272407988	1.0	1.0	1.0	0.6131109307903289	1.0	0.7690990303325336	1.0
war	1.0	0.4396737880734749	1.0	0.7690990303325336	0.6763518472901805	0.7690990303325336	0.7690990303325336	0.7690990303325336	0.6743202287441529	0.7690990303325336	0.7690990303325336	0.7690990303325336	0.7690990303325336	0.7690990303325336	0.7690990303325336	0.7690990303325336	0.7690990303325336	0.7690990303325336	0.7690990303325336	0.7690990303325336	0.7863954451402115	0.674320228744153	0.7690990303325336	0.7690990303325336	0.7690990303325336	0.7690990303325336	0.6884590150780487	1.0	0.674320228744153	0.7690990303325336	0.7690990303325336	1.0	0.6698766910334879	0.7690990303325336	1.0	0.7690990303325336
zh	1.0	0.33737802951483875	1.0	1.0	0.7376607345031153	0.46166942218980495	1.0	0.30691254367788606	0.5522883996381109	0.5098305930273366	1.0	1.0	0.6144532717435798	0.31383771492227036	0.3730269705020865	1.0	1.0	1.0	1.0	1.0	1.0	0.20300610295339935	0.6452450558286368	0.4792523038460359	0.6667969795412325	1.0	0.5118340182992962	1.0	0.3899051721940608	0.5998186767392314	0.5492444263646022	1.0	0.5293017193226109	1.0	0.7690990303325336	1.0
