arz	bs	ceb	ckb	da	de	el	en	es	fr	he	hi	hu	id	it	ja	ko	lv	mk	ml	mr	nl	pl	pt	ro	ru	sh	si	simple	sr	sv	te	tr	vi	war	zh
arz	0.0	0.0	0.0	0.0	0.0	0.0	0.0	0.0	0.0	0.0	0.0	0.0	0.0	0.0	0.0	0.0	0.0	0.0	0.0	0.0	0.0	0.0	0.0	0.0	0.0	0.0	0.0	0.0	0.0	0.0	0.0	0.0	0.0	0.0	0.0	0.0
bs	0.0	1.0	0.0	0.0	0.0	0.0033611434414192944	0.0028061670160726766	0.014947304911396347	0.00017872502038582264	0.05361698280149058	0.0	0.0	0.0020863530548601047	0.0007999911112098754	0.00015638089919017034	1.11765560560169e-05	0.001619763316217467	0.0	0.0	0.0	0.0	0.043256651088222395	0.00216469243786124	0.0014811212308780616	0.009933432564293392	0.0030783673736723177	0.02434476040265343	0.0	0.0	0.01512728572989402	0.00011172934683023843	0.0	0.0	0.0012390614109811817	0.0	0.002048029597330955
ceb	0.0	0.0	0.0	0.0	0.0	0.0	0.0	0.0	0.0	0.0	0.0	0.0	0.0	0.0	0.0	0.0	0.0	0.0	0.0	0.0	0.0	0.0	0.0	0.0	0.0	0.0	0.0	0.0	0.0	0.0	0.0	0.0	-1.0	0.0	0.0	0.0
ckb	0.0	0.0	0.0	0.0	0.0	0.0	0.0	0.0	0.0	0.0	0.0	0.0	0.0	0.0	0.0	0.0	0.0	0.0	0.0	0.0	0.0	0.0	0.0	0.0	0.0	0.0	0.0	0.0	0.0	0.0	0.0	0.0	0.0	0.0	0.0	0.0
da	0.0	0.0	0.0	0.0	0.0	0.0	0.0	0.0	0.0	0.0	0.0	0.0	0.0	0.0	0.0	0.0	0.0	0.0	0.0	0.0	0.0	0.0	0.0	0.0	0.0	0.0	0.0	0.0	0.0	0.0	0.0	0.0	0.0	0.0	0.0	0.0
de	0.0	0.0033611434414192944	0.0	0.0	0.0	1.0	0.007311910717721763	0.01218674905595606	0.0	0.003303488326363672	0.0	0.0	0.0049686757399006265	0.0037637521713954833	0.0017076502732240437	0.0003487966515521451	0.0065619873447386925	0.0	0.0	0.0	0.0	0.0031061360839242805	0.0021800741225201656	0.002004008016032064	0.011759343664539654	0.0007577192650123129	0.0024848382749326145	0.0	0.0	0.0030872137895549268	0.0006887052341597796	0.0	0.0	0.005158627805003869	0.0	0.0013658092419758707
el	0.0	0.0028061670160726766	0.0	0.0	0.0	0.007311910717721763	1.0	0.029105410392238556	0.0019786307874950534	0.00560031699907542	0.0	0.0	0.06221889055472264	0.04073319755600815	0.0011862396204033216	0.002845528455284553	0.04818304172274562	0.0	0.0	0.0	0.0	0.0032294271705098163	0.0016710432084029601	0.0016699137211244085	0.07831871787118234	0.001435897435897436	0.003344194820785457	0.0	0.0	0.0031027198310007924	0.0024009603841536613	0.0	0.0	0.022521205030710735	0.0	0.002256204562547004
en	0.0	0.014947304911396347	0.0	0.0	0.0	0.01218674905595606	0.029105410392238556	1.0	0.0015369194787838289	0.02470678048441946	0.0	0.0	0.023587795613282687	0.009035948774621336	0.00180469219971927	0.0010733212584691757	0.02053554709443855	0.0	0.0	0.0	0.0	0.01388022707283921	0.0024682439347420383	0.0012472715933894605	0.08607345560298325	0.002776171197223829	0.011594775298332721	0.0	0.0	0.008020123218256717	0.0012715834560299826	0.0	0.0	0.015986242914464047	0.0	0.004333760605505707
es	0.0	0.00017872502038582264	0.0	0.0	0.0	0.0	0.0019786307874950534	0.0015369194787838289	1.0	0.00024385617904462567	0.0	0.0	0.004121586810922205	0.0026246719160104987	0.0	0.0	0.0006285355122564425	0.0	0.0	0.0	0.0	0.00012335779929686054	0.0	0.0	0.004066012915570438	0.0	0.0	0.0	0.0	0.00023273855702094648	0.0	0.0	0.0	0.005897219882055603	0.0	0.0
fr	0.0	0.05361698280149058	0.0	0.0	0.0	0.003303488326363672	0.00560031699907542	0.02470678048441946	0.00024385617904462567	1.0	0.0	0.0	0.004427131803557659	0.0014678750824838062	0.0003116151146879107	0.0001355803516954323	0.0037778163420592436	0.0	0.0	0.0	0.0	0.04031146285422517	0.0022435514490156253	0.001685100236716462	0.020192846034214618	0.003305632745518958	0.02991810855781884	0.0	0.0	0.01419961540265466	0.00021683448752524089	0.0	0.0	0.0028558786854913317	0.0	0.004214344776079592
he	0.0	0.0	0.0	0.0	0.0	0.0	0.0	0.0	0.0	0.0	1.0	0.0	0.0	0.0	0.0	0.0	0.0	0.0	0.0	0.0	0.0	0.0	0.0	0.0	0.0	0.0	0.0	0.0	0.0	0.0	0.0	0.0	0.0	0.0	0.0	0.0
hi	0.0	0.0	0.0	0.0	0.0	0.0	0.0	0.0	0.0	0.0	0.0	0.0	0.0	0.0	0.0	0.0	0.0	0.0	0.0	0.0	0.0	0.0	0.0	0.0	0.0	0.0	0.0	0.0	0.0	0.0	0.0	0.0	0.0	0.0	0.0	0.0
hu	0.0	0.0020863530548601047	0.0	0.0	0.0	0.0049686757399006265	0.06221889055472264	0.023587795613282687	0.004121586810922205	0.004427131803557659	0.0	0.0	1.0	0.06887645286267757	0.000513347022587269	0.0042643923240938165	0.10514018691588785	0.0	0.0	0.0	0.0	0.0020891780576613142	0.0011083402604599613	0.0006635700066357001	0.1159532215357458	0.0011644154634373545	0.0028566405906653774	0.0	0.0	0.001439243369200192	0.0020855057351407717	0.0	0.0	0.03444602272727273	0.0	0.0032314923619271444
id	0.0	0.0007999911112098754	0.0	0.0	0.0	0.0037637521713954833	0.04073319755600815	0.009035948774621336	0.0026246719160104987	0.0014678750824838062	0.0	0.0	0.06887645286267757	1.0	0.001310615989515072	0.004310344827586207	0.06034912718204489	0.0	0.0	0.0	0.0	0.0010584810796507012	0.0008244023083264633	0.0010934937124111536	0.04006522245515956	0.00032123353678124	0.0015277070505995093	0.0	0.0	0.0005216095380029806	0.006830601092896175	0.0	0.0	0.022485207100591716	0.0	0.0017969451931716084
it	0.0	0.00015638089919017034	0.0	0.0	0.0	0.0017076502732240437	0.0011862396204033216	0.00180469219971927	0.0	0.0003116151146879107	0.0	0.0	0.000513347022587269	0.001310615989515072	1.0	0.0	0.0018879798615481435	0.0	0.0	0.0	0.0	0.00012335779929686054	0.0	0.0	0.0016702457647339538	0.00038774718883288094	4.739561116640599e-05	0.0	0.0	7.756748371082842e-05	0.0	0.0	0.0	0.0016778523489932886	0.0	0.0005899705014749262
ja	0.0	1.11765560560169e-05	0.0	0.0	0.0	0.0003487966515521451	0.002845528455284553	0.0010733212584691757	0.0	0.0001355803516954323	0.0	0.0	0.0042643923240938165	0.004310344827586207	0.0	1.0	0.0032851511169513796	0.0	0.0	0.0	0.0	8.234519104084322e-05	0.0	0.0008123476848090983	0.0015628756912719403	0.0	4.754207473614148e-05	0.0	0.0	0.0	0.0	0.0	0.0	0.0	0.0	0.0
ko	0.0	0.001619763316217467	0.0	0.0	0.0	0.0065619873447386925	0.04818304172274562	0.02053554709443855	0.0006285355122564425	0.0037778163420592436	0.0	0.0	0.10514018691588785	0.06034912718204489	0.0018879798615481435	0.0032851511169513796	1.0	0.0	0.0	0.0	0.0	0.0016023394155466981	0.0021545090797168358	0.0011295180722891566	0.08169825961645051	0.00127000254000508	0.0018286427902412916	0.0	0.0	0.0018272541991707076	0.0025624599615631004	0.0	0.0	0.03231017770597738	0.0	0.0032808398950131233
lv	0.0	0.0	0.0	0.0	0.0	0.0	0.0	0.0	0.0	0.0	0.0	0.0	0.0	0.0	0.0	0.0	0.0	0.0	0.0	0.0	0.0	0.0	0.0	0.0	0.0	0.0	0.0	0.0	0.0	0.0	0.0	0.0	0.0	0.0	0.0	0.0
mk	0.0	0.0	0.0	0.0	0.0	0.0	0.0	0.0	0.0	0.0	0.0	0.0	0.0	0.0	0.0	0.0	0.0	0.0	0.0	0.0	0.0	0.0	0.0	0.0	0.0	0.0	0.0	0.0	0.0	0.0	0.0	0.0	0.0	0.0	0.0	0.0
ml	0.0	0.0	0.0	0.0	0.0	0.0	0.0	0.0	0.0	0.0	0.0	0.0	0.0	0.0	0.0	0.0	0.0	0.0	0.0	0.0	0.0	0.0	0.0	0.0	0.0	0.0	0.0	0.0	0.0	0.0	0.0	0.0	0.0	0.0	0.0	0.0
mr	0.0	0.0	0.0	0.0	0.0	0.0	0.0	0.0	0.0	0.0	0.0	0.0	0.0	0.0	0.0	0.0	0.0	0.0	0.0	0.0	0.0	0.0	0.0	0.0	0.0	0.0	0.0	0.0	0.0	0.0	0.0	0.0	0.0	0.0	0.0	0.0
nl	0.0	0.043256651088222395	0.0	0.0	0.0	0.0031061360839242805	0.0032294271705098163	0.01388022707283921	0.00012335779929686054	0.04031146285422517	0.0	0.0	0.0020891780576613142	0.0010584810796507012	0.00012335779929686054	8.234519104084322e-05	0.0016023394155466981	0.0	0.0	0.0	0.0	1.0	0.0020515476237899853	0.0014907933438091784	0.009417032391037828	0.003285590619343669	0.019819846253154156	0.0	0.0	0.012920067409047352	8.228082445386102e-05	0.0	0.0	0.0011503067484662577	0.0	0.0021197880211978803
pl	0.0	0.00216469243786124	0.0	0.0	0.0	0.0021800741225201656	0.0016710432084029601	0.0024682439347420383	0.0	0.0022435514490156253	0.0	0.0	0.0011083402604599613	0.0008244023083264633	0.0	0.0	0.0021545090797168358	0.0	0.0	0.0	0.0	0.0020515476237899853	1.0	0.00033783783783783786	0.002491280518186348	0.0018885741265344666	0.0019807209824376074	0.0	0.0	0.0019271801225135936	0.0	0.0	0.0	0.0017525411847178409	0.0	0.0017889087656529517
pt	0.0	0.0014811212308780616	0.0	0.0	0.0	0.002004008016032064	0.0016699137211244085	0.0012472715933894605	0.0	0.001685100236716462	0.0	0.0	0.0006635700066357001	0.0010934937124111536	0.0	0.0008123476848090983	0.0011295180722891566	0.0	0.0	0.0	0.0	0.0014907933438091784	0.00033783783783783786	1.0	0.0014816382685998517	0.0010979961570134504	0.0015814205675040666	0.0	0.0	0.001578418711436361	0.0007880220646178094	0.0	0.0	0.0017722640673460345	0.0	0.0
ro	0.0	0.009933432564293392	0.0	0.0	0.0	0.011759343664539654	0.07831871787118234	0.08607345560298325	0.004066012915570438	0.020192846034214618	0.0	0.0	0.1159532215357458	0.04006522245515956	0.0016702457647339538	0.0015628756912719403	0.08169825961645051	0.0	0.0	0.0	0.0	0.009417032391037828	0.002491280518186348	0.0014816382685998517	1.0	0.002238388360380526	0.01063609365287658	0.0	0.0	0.006019204127454259	0.002395496466642712	0.0	0.0	0.05227655986509275	0.0	0.005403201141808543
ru	0.0	0.0030783673736723177	0.0	0.0	0.0	0.0007577192650123129	0.001435897435897436	0.002776171197223829	0.0	0.003305632745518958	0.0	0.0	0.0011644154634373545	0.00032123353678124	0.00038774718883288094	0.0	0.00127000254000508	0.0	0.0	0.0	0.0	0.003285590619343669	0.0018885741265344666	0.0010979961570134504	0.002238388360380526	1.0	0.0032085561497326204	0.0	0.0	0.002762976119992106	0.00039184952978056425	0.0	0.0	0.0008472182999152782	0.0	0.001981178801386825
sh	0.0	0.02434476040265343	0.0	0.0	0.0	0.0024848382749326145	0.003344194820785457	0.011594775298332721	0.0	0.02991810855781884	0.0	0.0	0.0028566405906653774	0.0015277070505995093	4.739561116640599e-05	4.754207473614148e-05	0.0018286427902412916	0.0	0.0	0.0	0.0	0.019819846253154156	0.0019807209824376074	0.0015814205675040666	0.01063609365287658	0.0032085561497326204	1.0	0.0	0.0	0.011261868391889059	9.491718475630013e-05	0.0	0.0	0.0014069804384332593	0.0	0.002621406673479362
si	0.0	0.0	0.0	0.0	0.0	0.0	0.0	0.0	0.0	0.0	0.0	0.0	0.0	0.0	0.0	0.0	0.0	0.0	0.0	0.0	0.0	0.0	0.0	0.0	0.0	0.0	0.0	0.0	0.0	0.0	0.0	0.0	0.0	0.0	0.0	0.0
simple	0.0	0.0	0.0	0.0	0.0	0.0	0.0	0.0	0.0	0.0	0.0	0.0	0.0	0.0	0.0	0.0	0.0	0.0	0.0	0.0	0.0	0.0	0.0	0.0	0.0	0.0	0.0	0.0	0.0	0.0	0.0	0.0	0.0	0.0	0.0	0.0
sr	0.0	0.01512728572989402	0.0	0.0	0.0	0.0030872137895549268	0.0031027198310007924	0.008020123218256717	0.00023273855702094648	0.01419961540265466	0.0	0.0	0.001439243369200192	0.0005216095380029806	7.756748371082842e-05	0.0	0.0018272541991707076	0.0	0.0	0.0	0.0	0.012920067409047352	0.0019271801225135936	0.001578418711436361	0.006019204127454259	0.002762976119992106	0.011261868391889059	0.0	0.0	1.0	7.773027594247959e-05	0.0	0.0	0.00115598583917347	0.0	0.0021635957565605806
sv	0.0	0.00011172934683023843	0.0	0.0	0.0	0.0006887052341597796	0.0024009603841536613	0.0012715834560299826	0.0	0.00021683448752524089	0.0	0.0	0.0020855057351407717	0.006830601092896175	0.0	0.0	0.0025624599615631004	0.0	0.0	0.0	0.0	8.228082445386102e-05	0.0	0.0007880220646178094	0.002395496466642712	0.00039184952978056425	9.491718475630013e-05	0.0	0.0	7.773027594247959e-05	1.0	0.0	0.0	0.0008576329331046312	0.0	0.0
te	0.0	0.0	0.0	0.0	0.0	0.0	0.0	0.0	0.0	0.0	0.0	0.0	0.0	0.0	0.0	0.0	0.0	0.0	0.0	0.0	0.0	0.0	0.0	0.0	0.0	0.0	0.0	0.0	0.0	0.0	0.0	0.0	0.0	0.0	0.0	0.0
tr	0.0	0.0	-1.0	0.0	0.0	0.0	0.0	0.0	0.0	0.0	0.0	0.0	0.0	0.0	0.0	0.0	0.0	0.0	0.0	0.0	0.0	0.0	0.0	0.0	0.0	0.0	0.0	0.0	0.0	0.0	0.0	0.0	1.0	0.0	0.0	0.0
vi	0.0	0.0012390614109811817	0.0	0.0	0.0	0.005158627805003869	0.022521205030710735	0.015986242914464047	0.005897219882055603	0.0028558786854913317	0.0	0.0	0.03444602272727273	0.022485207100591716	0.0016778523489932886	0.0	0.03231017770597738	0.0	0.0	0.0	0.0	0.0011503067484662577	0.0017525411847178409	0.0017722640673460345	0.05227655986509275	0.0008472182999152782	0.0014069804384332593	0.0	0.0	0.00115598583917347	0.0008576329331046312	0.0	0.0	1.0	0.0	0.0011290929619872036
war	0.0	0.0	0.0	0.0	0.0	0.0	0.0	0.0	0.0	0.0	0.0	0.0	0.0	0.0	0.0	0.0	0.0	0.0	0.0	0.0	0.0	0.0	0.0	0.0	0.0	0.0	0.0	0.0	0.0	0.0	0.0	0.0	0.0	0.0	1.0	0.0
zh	0.0	0.002048029597330955	0.0	0.0	0.0	0.0013658092419758707	0.002256204562547004	0.004333760605505707	0.0	0.004214344776079592	0.0	0.0	0.0032314923619271444	0.0017969451931716084	0.0005899705014749262	0.0	0.0032808398950131233	0.0	0.0	0.0	0.0	0.0021197880211978803	0.0017889087656529517	0.0	0.005403201141808543	0.001981178801386825	0.002621406673479362	0.0	0.0	0.0021635957565605806	0.0	0.0	0.0	0.0011290929619872036	0.0	1.0
