arz	bs	ceb	ckb	da	de	el	en	es	fr	he	hi	hu	id	it	ja	ko	lv	mk	ml	mr	nl	pl	pt	ro	ru	sh	si	simple	sr	sv	te	vi	war	zh
arz	1.0	0.5020797777427737	1.0	0.4120383284769806	0.0	1.0	1.0	1.0	1.0	1.0	1.0	0.0	1.0	0.8216064286890065	0.5020797777427737	1.0	1.0	1.0	1.0	0.3732168023110351	0.2784727943110738	0.7863954451402115	1.0	1.0	0.0	1.0	0.4702762018265765	0.4030413107596538	1.0	1.0	1.0	0.38355561518277026	1.0	0.6638546162332061	1.0
bs	0.5020797777427737	1.0	0.635545454576523	0.2407286096700365	0.7863954451402115	0.2261080391414654	0.26725936942418127	0.20816164095423623	0.3002831730971464	0.21352112416669788	0.29447647148749867	0.0	0.3298300983323544	0.8216064286890065	0.23930946408691506	0.39353898005463933	0.3078414311501888	0.29479311956214266	0.296149998284829	0.13430973390265463	0.19871837078278276	0.325982619322829	0.2709398666123076	0.2876792124606519	0.6391445045408227	0.3054292717354514	0.2714169072311384	0.16532620494332756	1.0	0.2671554343788782	0.3674951752309659	0.21560975910792932	0.32190701002290356	0.3014253435463313	0.2550123192942095
ceb	1.0	0.635545454576523	1.0	0.7584325078215765	0.6427811771228706	0.5690976327749694	0.5904678909711363	0.5917276696435744	0.5690976327749694	0.573837205881053	0.5690976327749694	0.5690976327749694	0.5904678909711363	0.5690976327749694	0.4357202994895947	0.5205110131427783	0.4422114291834677	0.5971047496220687	0.5904678909711363	0.5162614641721658	0.40489530331570334	0.6300331949870974	0.5690976327749694	0.5690976327749694	0.5690976327749694	0.5513576532816139	0.6427811771228706	0.5782084197036265	0.6051461254328291	0.5690976327749694	0.6300331949870974	0.7690990303325336	0.5904678909711363	0.6427811771228706	0.5321756941980703
ckb	0.4120383284769806	0.2407286096700365	0.7584325078215765	1.0	0.25680759379338164	0.2509442153185923	0.2131998347533268	0.17214248301931973	0.23811362867783534	0.18925950760240498	0.20415802131324284	0.18992295073571058	0.23172423634238426	0.23601264869086497	0.18201377606373725	0.15893055641578227	0.1906697875268104	0.23938387200858655	0.20978233822448636	0.21440051665141108	0.22113619255240777	0.21937559036552093	0.2508542586752501	0.14027858540416147	0.2774820858466755	0.15620459099012787	0.2252188981162212	0.29477960035244644	0.22746922934554592	0.1973536246072546	0.155409825861492	0.31579249314478947	0.23973272175998567	0.7122412578101113	0.17626810606554735
da	0.0	0.7863954451402115	0.6427811771228706	0.25680759379338164	1.0	1.0	1.0	0.6908587525207898	1.0	1.0	1.0	0.0	1.0	0.0	0.4695960115558277	1.0	1.0	1.0	1.0	0.11483013593674718	0.18528205615271734	1.0	0.7411828468492555	1.0	1.0	1.0	1.0	0.1929489866240213	1.0	1.0	0.7510341748895938	0.18120285488046786	0.0	0.47828133675514667	1.0
de	1.0	0.2261080391414654	0.5690976327749694	0.2509442153185923	1.0	1.0	0.2938477193558957	0.12547364905698702	0.15716161489738412	0.13694587493163862	0.1796690188094974	1.0	0.5066091001586963	0.5162888684955669	0.16018602397958484	0.6964150026889472	0.373178903245297	0.4954240300043629	0.2731784129694647	0.10773030035635327	0.17128153688085873	0.1941588055531324	0.1051066011036764	0.2454893403327823	0.6991855714378638	0.16508416518351163	0.2555577383218188	0.17358779266051094	0.7411828468492556	0.2332559978485976	0.5444453011084145	0.1427296699930533	0.5305358962210758	0.5179269998974818	0.3445935304344339
el	1.0	0.26725936942418127	0.5904678909711363	0.2131998347533268	1.0	0.2938477193558957	1.0	0.19003056229218587	1.0	0.20561825675876105	1.0	0.0	1.0	0.5404676559135528	0.29939036455981477	1.0	1.0	1.0	1.0	0.11855990072509852	0.1563947841586836	0.4992534247847016	0.26440736597714337	1.0	1.0	1.0	0.3818058701381737	0.18854836092972954	1.0	1.0	1.0	0.16616115105946	1.0	0.3159562495878773	1.0
en	1.0	0.20816164095423623	0.5917276696435744	0.17214248301931973	0.6908587525207898	0.12547364905698702	0.19003056229218587	1.0	0.16148451050776202	0.15409777097538732	0.16238905964090544	1.0	0.43552168242170425	0.5227153296162013	0.1659252536447175	0.3396165037879729	0.3093515426844382	0.2919032553470044	0.24235432885194194	0.08701470839220377	0.13835201067456246	0.13698933658783213	0.10594471710847936	0.204139555252355	0.42543757630002393	0.16890783520828578	0.20370271670995949	0.14294959411394467	0.6786291688147437	0.18914998679383796	0.34181278559717077	0.12040469450372936	0.45504088136089976	0.303157107876238	0.2650122270862814
es	1.0	0.3002831730971464	0.5690976327749694	0.23811362867783534	1.0	0.15716161489738412	1.0	0.16148451050776202	1.0	0.21487164439525647	1.0	1.0	1.0	0.52573223503094	0.3254228200934799	1.0	1.0	1.0	0.705751191025248	0.09909683132881114	0.16880727724131367	0.16061281874586897	0.13897358444028474	0.6229474010225533	0.5584726882602636	0.615721870377244	0.3718347568375313	0.1673156757142765	1.0	1.0	0.6516104242389319	0.15752192249060815	1.0	0.4770487789349144	1.0
fr	1.0	0.21352112416669788	0.573837205881053	0.18925950760240498	1.0	0.13694587493163862	0.20561825675876105	0.15409777097538732	0.21487164439525647	1.0	0.24569968619352892	0.7863954451402115	0.489599416099403	0.4433050992122959	0.20112952887484858	0.5010392356437889	0.2069489325917867	0.2345293029798316	0.2346099067398128	0.08764718463383911	0.1547877519563698	0.23287712044841452	0.17609516769295877	0.263514789435181	0.6429691736664201	0.21408734325618003	0.22671163468342878	0.13542935848415869	0.37557197667262543	0.21763828028881635	0.46351683353476536	0.13259134429514657	0.2571868761026911	0.30388792028606465	0.25650792027716984
he	1.0	0.29447647148749867	0.5690976327749694	0.20415802131324284	1.0	0.1796690188094974	1.0	0.16238905964090544	1.0	0.24569968619352892	1.0	1.0	1.0	0.5359759346490127	0.25288775216888754	1.0	1.0	1.0	1.0	0.10614685078154482	0.17954445581777337	0.3762706267106648	0.16164516641424606	1.0	0.7105872722972744	1.0	0.3733007973814902	0.14654655642318637	1.0	1.0	1.0	0.14472493255376437	1.0	0.43714761243765554	1.0
hi	0.0	0.0	0.5690976327749694	0.18992295073571058	0.0	1.0	0.0	1.0	1.0	0.7863954451402115	1.0	1.0	0.0	0.0	0.0	0.0	0.0	0.0	0.0	0.10663258361851495	0.16135593650064994	0.0	1.0	1.0	0.0	1.0	0.0	0.14397359128187334	0.0	1.0	0.0	0.15738933470684324	0.0	0.22820786411741809	1.0
hu	1.0	0.3298300983323544	0.5904678909711363	0.23172423634238426	1.0	0.5066091001586963	1.0	0.43552168242170425	1.0	0.489599416099403	1.0	0.0	1.0	0.8216064286890065	0.21911741888849712	1.0	1.0	1.0	1.0	0.12163178845048152	0.1673754245518801	0.6332460537063271	0.5436968385372565	1.0	1.0	1.0	0.4106819625622285	0.16902949346741025	1.0	1.0	1.0	0.14213239712322898	1.0	0.39836940828111084	1.0
id	0.8216064286890065	0.8216064286890065	0.5690976327749694	0.23601264869086497	0.0	0.5162888684955669	0.5404676559135528	0.5227153296162013	0.52573223503094	0.4433050992122959	0.5359759346490127	0.0	0.8216064286890065	1.0	0.4115839305173791	0.8216064286890065	0.8216064286890065	0.0	0.5402714642429078	0.10122720639327208	0.16686567028645108	0.5279408465615237	0.52573223503094	0.5062406430924631	0.0	0.4433050992122959	0.6290597636579104	0.17340806842930828	1.0	0.5404676559135528	0.5402714642429078	0.15322572281259988	0.5660160774121898	0.44710894354033814	0.7361412429601097
it	0.5020797777427737	0.23930946408691506	0.4357202994895947	0.18201377606373725	0.4695960115558277	0.16018602397958484	0.29939036455981477	0.1659252536447175	0.3254228200934799	0.20112952887484858	0.25288775216888754	0.0	0.21911741888849712	0.4115839305173791	1.0	0.31146919333515577	0.2853475670452369	0.3170362743643463	0.3601262694411481	0.08822982659388325	0.1324305199024273	0.2630035240890449	0.19744655993047125	0.3128775270191976	0.7237219882724403	0.3358863075478495	0.2828098801340481	0.16476991324085571	0.3254355782163964	0.3716950340629772	0.2933350237541717	0.12104473503837841	0.36502544793553476	0.2375600403646327	0.33064516501698854
ja	1.0	0.39353898005463933	0.5205110131427783	0.15893055641578227	1.0	0.6964150026889472	1.0	0.3396165037879729	1.0	0.5010392356437889	1.0	0.0	1.0	0.8216064286890065	0.31146919333515577	1.0	1.0	1.0	1.0	0.09142517807127623	0.1494268602221995	0.5838038838683439	0.6638546162332061	1.0	1.0	1.0	0.5061857193092865	0.13958899747624612	1.0	1.0	1.0	0.12209838533909946	1.0	0.33757393927147233	1.0
ko	1.0	0.3078414311501888	0.4422114291834677	0.1906697875268104	1.0	0.373178903245297	1.0	0.3093515426844382	1.0	0.2069489325917867	1.0	0.0	1.0	0.8216064286890065	0.2853475670452369	1.0	1.0	1.0	1.0	0.09265449699969773	0.13833099885381012	0.5874115680328963	0.3438710594407424	1.0	0.7690990303325336	1.0	0.35153537603795887	0.15853264648686474	1.0	1.0	0.7300208629885035	0.13209732755176085	1.0	0.20364103106719683	1.0
lv	1.0	0.29479311956214266	0.5971047496220687	0.23938387200858655	1.0	0.4954240300043629	1.0	0.2919032553470044	1.0	0.2345293029798316	1.0	0.0	1.0	0.0	0.3170362743643463	1.0	1.0	1.0	1.0	0.129730315671247	0.18262575172716025	1.0	0.5891411690779454	1.0	1.0	1.0	0.3826828660456691	0.21886145859585662	0.0	1.0	1.0	0.20753469508633804	1.0	0.35964499836850605	1.0
mk	1.0	0.296149998284829	0.5904678909711363	0.20978233822448636	1.0	0.2731784129694647	1.0	0.24235432885194194	0.705751191025248	0.2346099067398128	1.0	0.0	1.0	0.5402714642429078	0.3601262694411481	1.0	1.0	1.0	1.0	0.11833999970938364	0.17290790441061596	0.4925143530784589	0.3828057321949342	1.0	0.7690990303325336	1.0	0.38197571830102506	0.19800084354133082	1.0	1.0	1.0	0.17644464837044516	1.0	0.3089853011520559	1.0
ml	0.3732168023110351	0.13430973390265463	0.5162614641721658	0.21440051665141108	0.11483013593674718	0.10773030035635327	0.11855990072509852	0.08701470839220377	0.09909683132881114	0.08764718463383911	0.10614685078154482	0.10663258361851495	0.12163178845048152	0.10122720639327208	0.08822982659388325	0.09142517807127623	0.09265449699969773	0.129730315671247	0.11833999970938364	1.0	0.15527414449545296	0.1048911850307949	0.1078552513370875	0.0858478212185672	0.1130242256261434	0.09185551448478416	0.10563613595582265	0.1843682072013563	0.10982530863059942	0.10781292097966778	0.08881050733011395	0.16969505918908426	0.10475069547045932	0.29555973128344604	0.10256771076167356
mr	0.2784727943110738	0.19871837078278276	0.40489530331570334	0.22113619255240777	0.18528205615271734	0.17128153688085873	0.1563947841586836	0.13835201067456246	0.16880727724131367	0.1547877519563698	0.17954445581777337	0.16135593650064994	0.1673754245518801	0.16686567028645108	0.1324305199024273	0.1494268602221995	0.13833099885381012	0.18262575172716025	0.17290790441061596	0.15527414449545296	1.0	0.17843136607149138	0.1647262685267824	0.14769064193563203	0.169906307183446	0.12746186899472528	0.1683128692880895	0.24895522515829166	0.16469149808335692	0.16511506303331452	0.1429260293205111	0.19448925863665847	0.16422603213393727	0.2112757740754417	0.13590681571465285
nl	0.7863954451402115	0.325982619322829	0.6300331949870974	0.21937559036552093	1.0	0.1941588055531324	0.4992534247847016	0.13698933658783213	0.16061281874586897	0.23287712044841452	0.3762706267106648	0.0	0.6332460537063271	0.5279408465615237	0.2630035240890449	0.5838038838683439	0.5874115680328963	1.0	0.4925143530784589	0.1048911850307949	0.17843136607149138	1.0	0.20918481473711	0.2783234736744733	0.7863954451402115	0.22451719125583086	0.2781566139744701	0.15801894685239742	1.0	0.5369483018910297	0.5634986142660203	0.14180491090952507	1.0	0.41955045326579293	0.6290808149140177
pl	1.0	0.2709398666123076	0.5690976327749694	0.2508542586752501	0.7411828468492555	0.1051066011036764	0.26440736597714337	0.10594471710847936	0.13897358444028474	0.17609516769295877	0.16164516641424606	1.0	0.5436968385372565	0.52573223503094	0.19744655993047125	0.6638546162332061	0.3438710594407424	0.5891411690779454	0.3828057321949342	0.1078552513370875	0.1647262685267824	0.20918481473711	1.0	0.2842293657892087	0.6322421321346476	0.11729090590596963	0.30543953174236915	0.16919932922564052	0.6908587525207898	0.14742750844759064	0.4497508485098437	0.14845641999153814	0.6195187317570273	0.4332895668737741	0.3330103139141148
pt	1.0	0.2876792124606519	0.5690976327749694	0.14027858540416147	1.0	0.2454893403327823	1.0	0.204139555252355	0.6229474010225533	0.263514789435181	1.0	1.0	1.0	0.5062406430924631	0.3128775270191976	1.0	1.0	1.0	1.0	0.0858478212185672	0.14769064193563203	0.2783234736744733	0.2842293657892087	1.0	0.6972954930026792	1.0	0.3575287946074108	0.14728998536396604	1.0	1.0	1.0	0.12902047104645628	1.0	0.35560857340349655	1.0
ro	0.0	0.6391445045408227	0.5690976327749694	0.2774820858466755	1.0	0.6991855714378638	1.0	0.42543757630002393	0.5584726882602636	0.6429691736664201	0.7105872722972744	0.0	1.0	0.0	0.7237219882724403	1.0	0.7690990303325336	1.0	0.7690990303325336	0.1130242256261434	0.169906307183446	0.7863954451402115	0.6322421321346476	0.6972954930026792	1.0	0.38873221418502446	0.46990208738340944	0.17646820829196516	0.0	0.72653347084664	1.0	0.19435487286044884	1.0	0.4440387469209149	0.7584325078215763
ru	1.0	0.3054292717354514	0.5513576532816139	0.15620459099012787	1.0	0.16508416518351163	1.0	0.16890783520828578	0.615721870377244	0.21408734325618003	1.0	1.0	1.0	0.4433050992122959	0.3358863075478495	1.0	1.0	1.0	1.0	0.09185551448478416	0.12746186899472528	0.22451719125583086	0.11729090590596963	1.0	0.38873221418502446	1.0	0.38197710511781513	0.1351523694852727	1.0	1.0	0.2367277179156167	0.13368659674841354	1.0	0.2330895190152758	1.0
sh	0.4702762018265765	0.2714169072311384	0.6427811771228706	0.2252188981162212	1.0	0.2555577383218188	0.3818058701381737	0.20370271670995949	0.3718347568375313	0.22671163468342878	0.3733007973814902	0.0	0.4106819625622285	0.6290597636579104	0.2828098801340481	0.5061857193092865	0.35153537603795887	0.3826828660456691	0.38197571830102506	0.10563613595582265	0.1683128692880895	0.2781566139744701	0.30543953174236915	0.3575287946074108	0.46990208738340944	0.38197710511781513	1.0	0.1587605208674068	1.0	0.32985761332842045	0.4483721275473193	0.17958944087971873	0.37956983780523124	0.3263083291633582	0.395165797556201
si	0.4030413107596538	0.16532620494332756	0.5782084197036265	0.29477960035244644	0.1929489866240213	0.17358779266051094	0.18854836092972954	0.14294959411394467	0.1673156757142765	0.13542935848415869	0.14654655642318637	0.14397359128187334	0.16902949346741025	0.17340806842930828	0.16476991324085571	0.13958899747624612	0.15853264648686474	0.21886145859585662	0.19800084354133082	0.1843682072013563	0.24895522515829166	0.15801894685239742	0.16919932922564052	0.14728998536396604	0.17646820829196516	0.1351523694852727	0.1587605208674068	1.0	0.1413648823846241	0.17912392524415885	0.1506409704682183	0.24630297032915777	0.1326872118922851	0.35050852385877385	0.13890172443493926
simple	1.0	1.0	0.6051461254328291	0.22746922934554592	1.0	0.7411828468492556	1.0	0.6786291688147437	1.0	0.37557197667262543	1.0	0.0	1.0	1.0	0.3254355782163964	1.0	1.0	0.0	1.0	0.10982530863059942	0.16469149808335692	1.0	0.6908587525207898	1.0	0.0	1.0	1.0	0.1413648823846241	1.0	1.0	1.0	0.15512883769031865	1.0	0.36351451263757684	1.0
sr	1.0	0.2671554343788782	0.5690976327749694	0.1973536246072546	1.0	0.2332559978485976	1.0	0.18914998679383796	1.0	0.21763828028881635	1.0	1.0	1.0	0.5404676559135528	0.3716950340629772	1.0	1.0	1.0	1.0	0.10781292097966778	0.16511506303331452	0.5369483018910297	0.14742750844759064	1.0	0.72653347084664	1.0	0.32985761332842045	0.17912392524415885	1.0	1.0	0.7248485669756151	0.15579116279777958	1.0	0.4581694117337137	1.0
sv	1.0	0.3674951752309659	0.6300331949870974	0.155409825861492	0.7510341748895938	0.5444453011084145	1.0	0.34181278559717077	0.6516104242389319	0.46351683353476536	1.0	0.0	1.0	0.5402714642429078	0.2933350237541717	1.0	0.7300208629885035	1.0	1.0	0.08881050733011395	0.1429260293205111	0.5634986142660203	0.4497508485098437	1.0	1.0	0.2367277179156167	0.4483721275473193	0.1506409704682183	1.0	0.7248485669756151	1.0	0.11541438408233863	1.0	0.2860256453281439	1.0
te	0.38355561518277026	0.21560975910792932	0.7690990303325336	0.31579249314478947	0.18120285488046786	0.1427296699930533	0.16616115105946	0.12040469450372936	0.15752192249060815	0.13259134429514657	0.14472493255376437	0.15738933470684324	0.14213239712322898	0.15322572281259988	0.12104473503837841	0.12209838533909946	0.13209732755176085	0.20753469508633804	0.17644464837044516	0.16969505918908426	0.19448925863665847	0.14180491090952507	0.14845641999153814	0.12902047104645628	0.19435487286044884	0.13368659674841354	0.17958944087971873	0.24630297032915777	0.15512883769031865	0.15579116279777958	0.11541438408233863	1.0	0.14536740337783613	0.36066604720755857	0.13219942168120594
vi	1.0	0.32190701002290356	0.5904678909711363	0.23973272175998567	0.0	0.5305358962210758	1.0	0.45504088136089976	1.0	0.2571868761026911	1.0	0.0	1.0	0.5660160774121898	0.36502544793553476	1.0	1.0	1.0	1.0	0.10475069547045932	0.16422603213393727	1.0	0.6195187317570273	1.0	1.0	1.0	0.37956983780523124	0.1326872118922851	1.0	1.0	1.0	0.14536740337783613	1.0	0.35755215818728986	1.0
war	0.6638546162332061	0.3014253435463313	0.6427811771228706	0.7122412578101113	0.47828133675514667	0.5179269998974818	0.3159562495878773	0.303157107876238	0.4770487789349144	0.30388792028606465	0.43714761243765554	0.22820786411741809	0.39836940828111084	0.44710894354033814	0.2375600403646327	0.33757393927147233	0.20364103106719683	0.35964499836850605	0.3089853011520559	0.29555973128344604	0.2112757740754417	0.41955045326579293	0.4332895668737741	0.35560857340349655	0.4440387469209149	0.2330895190152758	0.3263083291633582	0.35050852385877385	0.36351451263757684	0.4581694117337137	0.2860256453281439	0.36066604720755857	0.35755215818728986	1.0	0.2491968958582935
zh	1.0	0.2550123192942095	0.5321756941980703	0.17626810606554735	1.0	0.3445935304344339	1.0	0.2650122270862814	1.0	0.25650792027716984	1.0	1.0	1.0	0.7361412429601097	0.33064516501698854	1.0	1.0	1.0	1.0	0.10256771076167356	0.13590681571465285	0.6290808149140177	0.3330103139141148	1.0	0.7584325078215763	1.0	0.395165797556201	0.13890172443493926	1.0	1.0	1.0	0.13219942168120594	1.0	0.2491968958582935	1.0
