arz	bs	ceb	ckb	da	de	el	en	es	fr	he	hi	hu	id	it	ja	ko	lv	mk	ml	mr	nl	pl	pt	ro	ru	sh	si	simple	sr	sv	te	vi	war	zh
arz	0.0	0.0	0.0	0.0	0.0	0.0	0.0	0.0	0.0	0.0	0.0	0.0	0.0	0.0	0.0	0.0	0.0	0.0	0.0	0.001282051282051282	0.0	0.0	0.0	0.0	0.0	0.0	0.0	0.004524886877828055	0.0	0.0	0.0	0.0	0.0	0.0	0.0
bs	0.0	1.0	0.0	0.0	0.0	0.0024330900243309003	0.0	0.0009428625306430323	0.0	0.007161125319693095	0.0	0.0	0.0	0.0	0.003886275311924729	0.0	0.0	0.0	0.0	0.0013812154696132596	0.0009737098344693282	0.00039494470774091627	2.0522924106226655e-05	0.0	0.0	0.0	0.054466230936819175	0.0011235955056179776	0.0	0.0	0.0	0.0	0.0	0.0	0.0
ceb	0.0	0.0	1.0	0.0	0.0	0.0	0.0	0.0	0.0	2.0042891788427235e-05	0.0	0.0	0.0	0.0	0.0	0.0	0.0	0.0	0.0	0.0	0.003115264797507788	0.0	0.0	0.0	0.0	0.0	0.0	0.0	0.0	0.0	0.0	0.0	0.0	0.0	0.0
ckb	0.0	0.0	0.0	1.0	0.0008695652173913044	0.0	0.0	0.0	0.0	0.0	0.0	0.0	0.0004911591355599214	0.0	1.7084379751593118e-05	0.0	0.0001508978421608571	0.0	0.0	0.0	0.0	0.0	0.0	2.1560087965158897e-05	0.0	1.753063478428554e-05	0.0	0.004651162790697674	0.0	0.0	0.0	0.0	0.0	0.0	3.576026319553712e-05
da	0.0	0.0	0.0	0.0008695652173913044	0.0	0.0	0.0	0.0	0.0	0.0	0.0	0.0	0.0	0.0	0.0	0.0	0.0	0.0	0.0	0.0	0.0	0.0	0.0	0.0	0.0	0.0	0.0	0.0	0.0	0.0	0.0	0.0008110300081103001	0.0	0.0	0.0
de	0.0	0.0024330900243309003	0.0	0.0	0.0	1.0	0.0	0.0023151720944590217	0.0	0.003818008272351257	0.0	0.0	0.0	0.0	0.0013144922773578706	0.0	0.0	0.0	0.0	4.432427640618767e-05	0.0	0.0	2.7143855648975658e-05	0.0	0.0006988120195667365	0.0	0.0048134777376654635	0.0	0.0	0.0	0.0	4.55767740759309e-05	0.0	0.0	0.0
el	0.0	0.0	0.0	0.0	0.0	0.0	0.0	0.0	0.0	0.0	0.0	0.0	0.0	0.0	0.0	0.0	0.0	0.0	0.0	0.002012072434607646	0.0003898635477582846	0.0	0.0	0.0	0.0	0.0	0.0	0.0008240626287597857	0.0	0.0	0.0	0.0004224757076468103	0.0	0.0	0.0
en	0.0	0.0009428625306430323	0.0	0.0	0.0	0.0023151720944590217	0.0	1.0	0.0	0.0019112025874742722	0.0	0.0	0.0	0.0001832508704416346	0.0011290157035820589	0.0	0.0	0.0	0.0	2.1014804930073237e-05	2.104591165627817e-05	0.00027111291853056796	0.00015893723965749025	0.0	0.0	0.0	0.001503194287861706	7.018578176433018e-06	0.0	0.0	0.0	0.0	0.0	0.0	0.0
es	0.0	0.0	0.0	0.0	0.0	0.0	0.0	0.0	1.0	0.0	0.0	0.0	0.0	0.0	0.00020408163265306123	0.0	0.0	0.0	0.0	6.195403010965863e-05	6.361727845282778e-05	0.0	0.0	0.0	0.0	0.0	0.0	0.0	0.0	0.0	0.0	0.0001288659793814433	0.0	0.0	0.0
fr	0.0	0.007161125319693095	2.0042891788427235e-05	0.0	0.0	0.003818008272351257	0.0	0.0019112025874742722	0.0	1.0	0.0	0.0	0.0	0.0	0.013428120063191154	0.0	0.0	0.0	0.0	0.00015804030027657053	0.0	0.0	2.0313505095304195e-05	0.0	0.0005707762557077625	0.0	0.003528225806451613	1.9972836941759208e-05	0.0	0.0	0.0	0.0	0.0	0.0	0.0
he	0.0	0.0	0.0	0.0	0.0	0.0	0.0	0.0	0.0	0.0	0.0	0.0	0.0	0.0	0.0	0.0	0.0	0.0	0.0	0.0004439840165754033	0.00015780337699226762	0.0	0.0	0.0	0.0	0.0	0.0	0.0	0.0	0.0	0.0	0.0	0.0	0.0	0.0
hi	0.0	0.0	0.0	0.0	0.0	0.0	0.0	0.0	0.0	0.0	0.0	0.0	0.0	0.0	0.0	0.0	0.0	0.0	0.0	0.0012658227848101266	0.001026167265264238	0.0	0.0	0.0	0.0	0.0	0.0	0.0005515719801434088	0.0	0.0	0.0	0.0005707762557077625	0.0	0.0	0.0
hu	0.0	0.0	0.0	0.0004911591355599214	0.0	0.0	0.0	0.0	0.0	0.0	0.0	0.0	0.0	0.0	0.0	0.0	0.0	0.0	0.0	0.0007304601899196494	0.0008635578583765112	0.0	0.0	0.0	0.0	0.0	0.0	0.0	0.0	0.0	0.0	0.00047192071731949034	0.0	0.0	0.0
id	0.0	0.0	0.0	0.0	0.0	0.0	0.0	0.0001832508704416346	0.0	0.0	0.0	0.0	0.0	1.0	0.00039556962025316455	0.0	0.0	0.0	0.0	0.0003354579000335458	0.0007818608287724785	0.0	0.0	0.0	0.0	0.0	0.0	0.0	0.0	0.0	0.0	0.0	0.0	0.0	0.0
it	0.0	0.003886275311924729	0.0	1.7084379751593118e-05	0.0	0.0013144922773578706	0.0	0.0011290157035820589	0.00020408163265306123	0.013428120063191154	0.0	0.0	0.0	0.00039556962025316455	1.0	0.0	0.0	0.0	0.0	0.00013506896959259823	0.00010202520022445544	0.00028665615594094884	4.647457177001726e-05	0.0	0.00021317416329140907	0.0	0.0026438885499288182	5.1129100979974434e-05	0.0	0.0	0.0	5.118231139318252e-05	0.0	0.0	0.0
ja	0.0	0.0	0.0	0.0	0.0	0.0	0.0	0.0	0.0	0.0	0.0	0.0	0.0	0.0	0.0	0.0	0.0	0.0	0.0	0.0002824659275474896	0.00017919220155538832	0.0	0.0	0.0	0.0	0.0	0.0	0.000108038029386344	0.0	0.0	0.0	7.218131947451999e-05	0.0	0.0	0.0
ko	0.0	0.0	0.0	0.0001508978421608571	0.0	0.0	0.0	0.0	0.0	0.0	0.0	0.0	0.0	0.0	0.0	0.0	0.0	0.0	0.0	0.0005459260270233384	0.0002895613146083683	0.0	0.0	0.0	0.0	0.0	0.0	0.0002954209748892171	0.0	0.0	0.0	0.0002981070204203309	0.0	0.00015165301789505612	0.0
lv	0.0	0.0	0.0	0.0	0.0	0.0	0.0	0.0	0.0	0.0	0.0	0.0	0.0	0.0	0.0	0.0	0.0	0.0	0.0	0.0	0.006060606060606061	0.0	0.0	0.0	0.0	0.0	0.0	0.0	0.0	0.0	0.0	0.0	0.0	0.0	0.0
mk	0.0	0.0	0.0	0.0	0.0	0.0	0.0	0.0	0.0	0.0	0.0	0.0	0.0	0.0	0.0	0.0	0.0	0.0	0.0	0.0014177693761814746	0.00533175355450237	0.0	0.0	0.0	0.0	0.0	0.0	0.0	0.0	0.0	0.0	0.0006675567423230974	0.0	0.0	0.0
ml	0.001282051282051282	0.0013812154696132596	0.0	0.0	0.0	4.432427640618767e-05	0.002012072434607646	2.1014804930073237e-05	6.195403010965863e-05	0.00015804030027657053	0.0004439840165754033	0.0012658227848101266	0.0007304601899196494	0.0003354579000335458	0.00013506896959259823	0.0002824659275474896	0.0005459260270233384	0.0	0.0014177693761814746	1.0	0.002849002849002849	0.00024813895781637717	0.00019989339019189765	0.00014868625076998237	0.0004952947003467063	0.0001558765457757456	0.001358695652173913	0.0010893246187363835	0.0005494505494505495	0.00044365572315882877	0.00024523027122467996	0.0035087719298245615	0.0006694934166480696	0.0	0.0003140374751386999
mr	0.0	0.0009737098344693282	0.003115264797507788	0.0	0.0	0.0	0.0003898635477582846	2.104591165627817e-05	6.361727845282778e-05	0.0	0.00015780337699226762	0.001026167265264238	0.0008635578583765112	0.0007818608287724785	0.00010202520022445544	0.00017919220155538832	0.0002895613146083683	0.006060606060606061	0.00533175355450237	0.002849002849002849	1.0	0.0	0.0	4.286142900004286e-05	0.0	5.233592686926486e-05	0.0011890606420927466	0.00404040404040404	0.00031065548306927616	0.0004894762604013706	0.00020032051282051281	0.004608294930875576	0.0009857072449482504	0.0	0.00021246458923512748
nl	0.0	0.00039494470774091627	0.0	0.0	0.0	0.0	0.0	0.00027111291853056796	0.0	0.0	0.0	0.0	0.0	0.0	0.00028665615594094884	0.0	0.0	0.0	0.0	0.00024813895781637717	0.0	1.0	6.745317063628576e-06	0.0	0.0	0.0	0.0	0.0002666311158512198	0.0	0.0	0.0	0.0	0.0	0.0	0.0
pl	0.0	2.0522924106226655e-05	0.0	0.0	0.0	2.7143855648975658e-05	0.0	0.00015893723965749025	0.0	2.0313505095304195e-05	0.0	0.0	0.0	0.0	4.647457177001726e-05	0.0	0.0	0.0	0.0	0.00019989339019189765	0.0	6.745317063628576e-06	1.0	0.0	0.0	0.0	2.0519835841313268e-05	0.0	0.0	0.0	0.0	0.0	0.0	0.0	0.0
pt	0.0	0.0	0.0	2.1560087965158897e-05	0.0	0.0	0.0	0.0	0.0	0.0	0.0	0.0	0.0	0.0	0.0	0.0	0.0	0.0	0.0	0.00014868625076998237	4.286142900004286e-05	0.0	0.0	0.0	0.0	0.0	0.0	2.1493358552207367e-05	0.0	0.0	0.0	0.0	0.0	0.0	0.0
ro	0.0	0.0	0.0	0.0	0.0	0.0006988120195667365	0.0	0.0	0.0	0.0005707762557077625	0.0	0.0	0.0	0.0	0.00021317416329140907	0.0	0.0	0.0	0.0	0.0004952947003467063	0.0	0.0	0.0	0.0	1.0	0.0	0.0	0.0006849315068493151	0.0	0.0	0.0	0.0	0.0	0.0	0.0
ru	0.0	0.0	0.0	1.753063478428554e-05	0.0	0.0	0.0	0.0	0.0	0.0	0.0	0.0	0.0	0.0	0.0	0.0	0.0	0.0	0.0	0.0001558765457757456	5.233592686926486e-05	0.0	0.0	0.0	0.0	0.0	0.0	1.7486491685173203e-05	0.0	0.0	0.0	3.50109409190372e-05	0.0	0.0	0.0
sh	0.0	0.054466230936819175	0.0	0.0	0.0	0.0048134777376654635	0.0	0.001503194287861706	0.0	0.003528225806451613	0.0	0.0	0.0	0.0	0.0026438885499288182	0.0	0.0	0.0	0.0	0.001358695652173913	0.0011890606420927466	0.0	2.0519835841313268e-05	0.0	0.0	0.0	1.0	0.0	0.0	0.0	0.0018148820326678765	0.0004297378599054577	0.0	0.0	0.0
si	0.004524886877828055	0.0011235955056179776	0.0	0.004651162790697674	0.0	0.0	0.0008240626287597857	7.018578176433018e-06	0.0	1.9972836941759208e-05	0.0	0.0005515719801434088	0.0	0.0	5.1129100979974434e-05	0.000108038029386344	0.0002954209748892171	0.0	0.0	0.0010893246187363835	0.00404040404040404	0.0002666311158512198	0.0	2.1493358552207367e-05	0.0006849315068493151	1.7486491685173203e-05	0.0	1.0	0.0003244646333549643	0.00025316455696202533	0.000201704402198578	0.0	0.0007649158592554819	0.0	0.0002135003380422019
simple	0.0	0.0	0.0	0.0	0.0	0.0	0.0	0.0	0.0	0.0	0.0	0.0	0.0	0.0	0.0	0.0	0.0	0.0	0.0	0.0005494505494505495	0.00031065548306927616	0.0	0.0	0.0	0.0	0.0	0.0	0.0003244646333549643	0.0	0.0	0.0	0.00033101621979476995	0.0	0.0	0.0
sr	0.0	0.0	0.0	0.0	0.0	0.0	0.0	0.0	0.0	0.0	0.0	0.0	0.0	0.0	0.0	0.0	0.0	0.0	0.0	0.00044365572315882877	0.0004894762604013706	0.0	0.0	0.0	0.0	0.0	0.0	0.00025316455696202533	0.0	0.0	0.0	0.0	0.0	0.0	0.0
sv	0.0	0.0	0.0	0.0	0.0	0.0	0.0	0.0	0.0	0.0	0.0	0.0	0.0	0.0	0.0	0.0	0.0	0.0	0.0	0.00024523027122467996	0.00020032051282051281	0.0	0.0	0.0	0.0	0.0	0.0018148820326678765	0.000201704402198578	0.0	0.0	1.0	0.0	0.0	5.087246273592104e-05	0.0
te	0.0	0.0	0.0	0.0	0.0008110300081103001	4.55767740759309e-05	0.0004224757076468103	0.0	0.0001288659793814433	0.0	0.0	0.0005707762557077625	0.00047192071731949034	0.0	5.118231139318252e-05	7.218131947451999e-05	0.0002981070204203309	0.0	0.0006675567423230974	0.0035087719298245615	0.004608294930875576	0.0	0.0	0.0	0.0	3.50109409190372e-05	0.0004297378599054577	0.0	0.00033101621979476995	0.0	0.0	1.0	0.0002588661661920787	0.0	3.565443719470888e-05
vi	0.0	0.0	0.0	0.0	0.0	0.0	0.0	0.0	0.0	0.0	0.0	0.0	0.0	0.0	0.0	0.0	0.0	0.0	0.0	0.0006694934166480696	0.0009857072449482504	0.0	0.0	0.0	0.0	0.0	0.0	0.0007649158592554819	0.0	0.0	0.0	0.0002588661661920787	0.0	0.0	0.0
war	0.0	0.0	0.0	0.0	0.0	0.0	0.0	0.0	0.0	0.0	0.0	0.0	0.0	0.0	0.0	0.0	0.00015165301789505612	0.0	0.0	0.0	0.0	0.0	0.0	0.0	0.0	0.0	0.0	0.0	0.0	0.0	5.087246273592104e-05	0.0	0.0	1.0	0.0
zh	0.0	0.0	0.0	3.576026319553712e-05	0.0	0.0	0.0	0.0	0.0	0.0	0.0	0.0	0.0	0.0	0.0	0.0	0.0	0.0	0.0	0.0003140374751386999	0.00021246458923512748	0.0	0.0	0.0	0.0	0.0	0.0	0.0002135003380422019	0.0	0.0	0.0	3.565443719470888e-05	0.0	0.0	0.0
