arz	bs	ceb	ckb	da	de	el	en	es	fr	he	hi	hu	id	it	ja	ko	lv	mk	ml	mr	nl	pl	pt	ro	ru	sh	si	simple	sr	sv	te	vi	war	zh
arz	1.0	1.0	0.0	1.0	0.7863954451402115	1.0	1.0	1.0	1.0	1.0	1.0	1.0	1.0	1.0	1.0	1.0	1.0	1.0	1.0	1.0	1.0	1.0	1.0	1.0	1.0	1.0	1.0	1.0	1.0	1.0	1.0	1.0	1.0	0.8216064286890065	1.0
bs	1.0	1.0	1.0	0.6994017365373274	0.4551898530370217	0.356983444914653	0.5545607138416939	0.37353547038181095	0.35893155967607093	0.35758744509179	0.49126370870574365	0.5281334920163014	0.4748304116076668	0.4372371223487854	0.40577476550515296	0.47606897564796663	0.3898417226467866	0.5655038602556569	0.6447730747289596	0.5202267661460452	0.6994017365373274	0.29609598146484595	0.41877577261941956	0.368410676705187	0.2556115051555806	0.4607206225470668	0.4056144826623923	0.7690990303325336	0.4136040440092264	0.4182338588545966	0.47090491938337975	0.7106922308883379	0.44387741324784497	0.6263324602325807	0.49126370870574365
ceb	0.0	1.0	1.0	1.0	1.0	1.0	1.0	1.0	1.0	1.0	1.0	1.0	1.0	1.0	1.0	1.0	1.0	1.0	1.0	1.0	1.0	1.0	1.0	1.0	1.0	1.0	1.0	1.0	1.0	1.0	1.0	1.0	1.0	1.0	1.0
ckb	1.0	0.6994017365373274	1.0	1.0	0.6841174893561722	0.7411828468492556	1.0	0.7376607345031153	1.0	1.0	1.0	1.0	1.0	0.5862835858285896	0.6344997284121858	1.0	1.0	1.0	1.0	1.0	1.0	0.34272031014857335	0.6223041007404059	1.0	0.41360553468474	1.0	0.65857855151911	1.0	1.0	1.0	0.5477634005405094	1.0	0.6841174893561723	0.6524007805500078	1.0
da	0.7863954451402115	0.4551898530370217	1.0	0.6841174893561722	1.0	0.3012962777431994	0.5435051111732769	0.28984673482589923	0.2744715410313644	0.3278431404477645	0.3769851488900127	0.5507862140565204	0.5934184086480607	0.3302962713118562	0.26082711027477923	0.39961200607505154	0.4405502631901513	0.464093826955872	0.6667969795412325	0.5587409239958887	0.624846693087927	0.23438412325380265	0.27836954806533265	0.29317429638008285	0.2219268335936416	0.37971560701959584	0.3030483552087604	0.7584325078215763	0.3590602085721025	0.29569236864441684	0.24701471659899532	0.7510341748895938	0.3169034907618995	0.742464434742073	0.4151076658958298
de	1.0	0.356983444914653	1.0	0.7411828468492556	0.3012962777431994	1.0	0.7155258672934656	0.13971068586705065	0.21611106019423487	0.16880254144570175	0.5151813081976453	0.7162976956558116	0.3793686773608752	0.21274560991612723	0.18485728703737447	0.2738397190569875	0.5141418512706507	0.4834421775773179	0.7221793916855703	0.7210092110599264	1.0	0.1778251585066622	0.18518139139340212	0.21383127914819294	0.2731921089398499	0.28881481271333526	0.18807556684001756	1.0	0.3785755385720619	0.20330625348356823	0.23466593076686879	1.0	0.2699147181673595	0.7510341748895939	0.36830988836338585
el	1.0	0.5545607138416939	1.0	1.0	0.5435051111732769	0.7155258672934656	1.0	0.5476188670461205	0.6452450558286368	0.6432357517002909	1.0	1.0	0.7051349230068009	0.4858493987995025	0.38666282936402063	1.0	1.0	0.7347168825662657	1.0	1.0	1.0	0.30006367938467043	0.44331725111274645	0.6067636116293127	0.2772982298356868	1.0	0.36764662585459207	1.0	0.6155636689572315	0.4235790834711423	0.452149269102135	1.0	0.5507862140565204	0.6395657813917609	1.0
en	1.0	0.37353547038181095	1.0	0.7376607345031153	0.28984673482589923	0.13971068586705065	0.5476188670461205	1.0	0.16158529189093981	0.13451121288524065	0.41184035877803765	0.5970081782371525	0.3470455969940857	0.22041066227435974	0.15075041749484697	0.18407561678100492	0.417974287870812	0.5128079270269494	0.6193113617177751	0.5841532941710132	0.7347168825662657	0.16129658521095436	0.17884588496546797	0.18462793232391767	0.24343583242940395	0.26113051316249797	0.1519764798129756	0.7510341748895939	0.3572331349587294	0.15068683339621558	0.23902437455098768	1.0	0.2458411266564242	0.6395657813917609	0.28744247743290025
es	1.0	0.35893155967607093	1.0	1.0	0.2744715410313644	0.21611106019423487	0.6452450558286368	0.16158529189093981	1.0	0.20127028095875488	0.4697531109316643	0.5788148614446593	0.36597364071685184	0.23217230130656014	0.17023237419846818	0.317651244888571	0.424078599191615	0.5040578662865711	1.0	0.7210092110599262	0.7347168825662656	0.18724410803438457	0.2159998336967152	0.2544469670378754	0.21279393385682985	0.2861103217455826	0.21403286821678938	1.0	0.3571747121370828	0.24228632422071572	0.30034133151718395	1.0	0.28123107267441844	0.6395657813917609	0.3547214294867315
fr	1.0	0.35758744509179	1.0	1.0	0.3278431404477645	0.16880254144570175	0.6432357517002909	0.13451121288524065	0.20127028095875488	1.0	0.39847720259836594	0.5586948029842126	0.3602421091561371	0.20358353931772205	0.14792071311256463	0.2375565075351068	0.4315185054975578	0.46487555021599075	0.7221793916855703	1.0	1.0	0.16841153723140298	0.18623362460637272	0.2255936479998377	0.24232281792304514	0.3093495731547022	0.17954110142165552	1.0	0.37754824330978615	0.17115828939232475	0.23620540502614384	1.0	0.27270304488247293	0.6395657813917609	0.2909997655264121
he	1.0	0.49126370870574365	1.0	1.0	0.3769851488900127	0.5151813081976453	1.0	0.41184035877803765	0.4697531109316643	0.39847720259836594	1.0	0.7171176902274347	0.47239016518233123	0.3034913159550128	0.34847221740290624	0.709195387537678	0.7116768074483948	0.5318744459220287	1.0	0.7221793916855703	1.0	0.30511210118213405	0.35669030195490314	0.4377095995334163	0.21776405307284158	0.7096516635440987	0.27227954003431637	1.0	0.4302721503720292	0.3708493738444308	0.40469915303182696	1.0	0.43194007711286003	0.6395657813917609	0.7101264857596846
hi	1.0	0.5281334920163014	1.0	1.0	0.5507862140565204	0.7162976956558116	1.0	0.5970081782371525	0.5788148614446593	0.5586948029842126	0.7171176902274347	1.0	0.6928997443627298	0.41209077296432867	0.43779264673537155	1.0	1.0	0.7263875964832449	1.0	1.0	1.0	0.3339303374899616	0.4661009526652381	0.7171176902274348	0.23989228023026027	1.0	0.27922284876737075	1.0	0.6193113617177751	0.43411856102395796	0.44966985678819116	1.0	0.5196937963438596	0.6524007805500078	1.0
hu	1.0	0.4748304116076668	1.0	1.0	0.5934184086480607	0.3793686773608752	0.7051349230068009	0.3470455969940857	0.36597364071685184	0.3602421091561371	0.47239016518233123	0.6928997443627298	1.0	0.4164145892929224	0.3301493344290459	0.39973237887646323	0.44346068299692626	0.5685430765086738	0.6332460537063271	0.6964150026889473	1.0	0.26404689506272144	0.3227440021412024	0.37864527031330364	0.4234618295636917	0.4238231817122187	0.2841296968185591	1.0	0.4101679151600631	0.43977944555255477	0.3795725311609455	0.7455134344225701	0.4509577278913992	0.7510341748895939	0.393420517625154
id	1.0	0.4372371223487854	1.0	0.5862835858285896	0.3302962713118562	0.21274560991612723	0.4858493987995025	0.22041066227435974	0.23217230130656014	0.20358353931772205	0.3034913159550128	0.41209077296432867	0.4164145892929224	1.0	0.2534717880912975	0.242451895565266	0.35440359305573615	0.4393788003349706	0.5341095692871706	0.4826991950535448	0.5966722056584719	0.20327583883599298	0.2117153275427087	0.2395814024816324	0.26996946530221955	0.2949724894727908	0.19899334952351524	0.8137822343553779	0.30066187256806676	0.2327605452468934	0.29781830128253045	0.7455134344225701	0.30228412151844997	0.6383314553491427	0.2706381301125081
it	1.0	0.40577476550515296	1.0	0.6344997284121858	0.26082711027477923	0.18485728703737447	0.38666282936402063	0.15075041749484697	0.17023237419846818	0.14792071311256463	0.34847221740290624	0.43779264673537155	0.3301493344290459	0.2534717880912975	1.0	0.21136321589004192	0.3630041134525877	0.48051952877603116	0.5780965534243105	0.49464004286081376	0.7411828468492556	0.15949167930480035	0.20669755057379582	0.20740325436332002	0.22387375733882503	0.2398773615733363	0.20039770989167402	1.0	0.343540612594795	0.18891359116481965	0.2853894739615742	0.7510341748895937	0.27125940871970267	0.5291574992763552	0.2593562248876127
ja	1.0	0.47606897564796663	1.0	1.0	0.39961200607505154	0.2738397190569875	1.0	0.18407561678100492	0.317651244888571	0.2375565075351068	0.709195387537678	1.0	0.39973237887646323	0.242451895565266	0.21136321589004192	1.0	1.0	0.5318744459220287	1.0	1.0	1.0	0.21288332356657927	0.25571640796379413	0.30966344774737975	0.21060086653326032	1.0	0.19758797007714513	1.0	0.41234545244060317	0.2877762397095461	0.3486846593995524	1.0	0.278231863677847	0.6395657813917609	1.0
ko	1.0	0.3898417226467866	1.0	1.0	0.4405502631901513	0.5141418512706507	1.0	0.417974287870812	0.424078599191615	0.4315185054975578	0.7116768074483948	1.0	0.44346068299692626	0.35440359305573615	0.3630041134525877	1.0	1.0	0.5301894707576087	1.0	1.0	1.0	0.274152247551283	0.4037856911502905	0.47656595077729175	0.33426731838233303	1.0	0.22187341542443145	1.0	0.42434860216692566	0.38194595046949803	0.408111267395701	1.0	0.39180677280563514	0.6395657813917609	1.0
lv	1.0	0.5655038602556569	1.0	1.0	0.464093826955872	0.4834421775773179	0.7347168825662657	0.5128079270269494	0.5040578662865711	0.46487555021599075	0.5318744459220287	0.7263875964832449	0.5685430765086738	0.4393788003349706	0.48051952877603116	0.5318744459220287	0.5301894707576087	1.0	0.6667969795412325	1.0	1.0	0.34923469919403344	0.40289175029970525	0.533716720284778	0.2918505234164225	0.5318744459220287	0.4908222744655109	1.0	0.49393711700491805	0.48509379863729	0.48767671904316423	1.0	0.40177510141661016	0.7584325078215763	0.5301894707576087
mk	1.0	0.6447730747289596	1.0	1.0	0.6667969795412325	0.7221793916855703	1.0	0.6193113617177751	1.0	0.7221793916855703	1.0	1.0	0.6332460537063271	0.5341095692871706	0.5780965534243105	1.0	1.0	0.6667969795412325	1.0	1.0	1.0	0.3121279305312175	0.5915209006379669	1.0	0.5884260448517045	1.0	0.5700300788207667	1.0	0.4688659786620883	1.0	0.6638546162332061	1.0	0.5104747593556582	1.0	1.0
ml	1.0	0.5202267661460452	1.0	1.0	0.5587409239958887	0.7210092110599264	1.0	0.5841532941710132	0.7210092110599262	1.0	0.7221793916855703	1.0	0.6964150026889473	0.4826991950535448	0.49464004286081376	1.0	1.0	1.0	1.0	1.0	1.0	0.3095289623655435	0.47599120886053814	1.0	0.30880635635418585	1.0	0.533996543273943	1.0	0.661251134120194	0.5747129628734963	0.6221982196391784	1.0	0.5747129628734963	0.7510341748895939	1.0
mr	1.0	0.6994017365373274	1.0	1.0	0.624846693087927	1.0	1.0	0.7347168825662657	0.7347168825662656	1.0	1.0	1.0	1.0	0.5966722056584719	0.7411828468492556	1.0	1.0	1.0	1.0	1.0	1.0	0.7376607345031153	0.5510274989019283	1.0	0.33671333077214055	1.0	0.5316678956167599	1.0	0.7347168825662657	0.7347168825662656	0.7411828468492556	1.0	1.0	0.7690990303325336	1.0
nl	1.0	0.29609598146484595	1.0	0.34272031014857335	0.23438412325380265	0.1778251585066622	0.30006367938467043	0.16129658521095436	0.18724410803438457	0.16841153723140298	0.30511210118213405	0.3339303374899616	0.26404689506272144	0.20327583883599298	0.15949167930480035	0.21288332356657927	0.274152247551283	0.34923469919403344	0.3121279305312175	0.3095289623655435	0.7376607345031153	1.0	0.2009852211206706	0.18284285947942097	0.23475265998541023	0.1738618200374732	0.17292624330376094	1.0	0.2624213478277739	0.20067824115942323	0.21106333260392382	0.37601168758039577	0.2491509582571931	0.3384881068019711	0.1747134257068425
pl	1.0	0.41877577261941956	1.0	0.6223041007404059	0.27836954806533265	0.18518139139340212	0.44331725111274645	0.17884588496546797	0.2159998336967152	0.18623362460637272	0.35669030195490314	0.4661009526652381	0.3227440021412024	0.2117153275427087	0.20669755057379582	0.25571640796379413	0.4037856911502905	0.40289175029970525	0.5915209006379669	0.47599120886053814	0.5510274989019283	0.2009852211206706	1.0	0.2171064196238085	0.23012984778799653	0.27346665301542655	0.19369125151607303	0.7106922308883379	0.30720014902339166	0.19603826015023362	0.2667365589958449	1.0	0.3010792922427418	0.5690746873734404	0.29133562509319416
pt	1.0	0.368410676705187	1.0	1.0	0.29317429638008285	0.21383127914819294	0.6067636116293127	0.18462793232391767	0.2544469670378754	0.2255936479998377	0.4377095995334163	0.7171176902274348	0.37864527031330364	0.2395814024816324	0.20740325436332002	0.30966344774737975	0.47656595077729175	0.533716720284778	1.0	1.0	1.0	0.18284285947942097	0.2171064196238085	1.0	0.2771883047940777	0.34651520559452287	0.18781964274659457	1.0	0.37209532722697647	0.2529060632225388	0.3245759000009653	1.0	0.2827321948210004	0.6395657813917609	0.4148124505135115
ro	1.0	0.2556115051555806	1.0	0.41360553468474	0.2219268335936416	0.2731921089398499	0.2772982298356868	0.24343583242940395	0.21279393385682985	0.24232281792304514	0.21776405307284158	0.23989228023026027	0.4234618295636917	0.26996946530221955	0.22387375733882503	0.21060086653326032	0.33426731838233303	0.2918505234164225	0.5884260448517045	0.30880635635418585	0.33671333077214055	0.23475265998541023	0.23012984778799653	0.2771883047940777	1.0	0.20322182494698376	0.18440613768886985	0.7690990303325336	0.28719319157013473	0.227636582852366	0.2378959347554014	0.7510341748895938	0.2508052448024813	0.7224727212512668	0.32063941051334544
ru	1.0	0.4607206225470668	1.0	1.0	0.37971560701959584	0.28881481271333526	1.0	0.26113051316249797	0.2861103217455826	0.3093495731547022	0.7096516635440987	1.0	0.4238231817122187	0.2949724894727908	0.2398773615733363	1.0	1.0	0.5318744459220287	1.0	1.0	1.0	0.1738618200374732	0.27346665301542655	0.34651520559452287	0.20322182494698376	1.0	0.2766819090036491	1.0	0.3747579274075759	0.31837661558014296	0.3271513726212527	1.0	0.3362958583250931	0.6395657813917609	1.0
sh	1.0	0.4056144826623923	1.0	0.65857855151911	0.3030483552087604	0.18807556684001756	0.36764662585459207	0.1519764798129756	0.21403286821678938	0.17954110142165552	0.27227954003431637	0.27922284876737075	0.2841296968185591	0.19899334952351524	0.20039770989167402	0.19758797007714513	0.22187341542443145	0.4908222744655109	0.5700300788207667	0.533996543273943	0.5316678956167599	0.17292624330376094	0.19369125151607303	0.18781964274659457	0.18440613768886985	0.2766819090036491	1.0	1.0	0.25645436988637	0.1296228022805826	0.20642974398605612	1.0	0.19404273879221476	0.5793464078788751	0.20456526858849602
si	1.0	0.7690990303325336	1.0	1.0	0.7584325078215763	1.0	1.0	0.7510341748895939	1.0	1.0	1.0	1.0	1.0	0.8137822343553779	1.0	1.0	1.0	1.0	1.0	1.0	1.0	1.0	0.7106922308883379	1.0	0.7690990303325336	1.0	1.0	1.0	0.7510341748895938	1.0	0.7584325078215763	1.0	0.7510341748895939	1.0	1.0
simple	1.0	0.4136040440092264	1.0	1.0	0.3590602085721025	0.3785755385720619	0.6155636689572315	0.3572331349587294	0.3571747121370828	0.37754824330978615	0.4302721503720292	0.6193113617177751	0.4101679151600631	0.30066187256806676	0.343540612594795	0.41234545244060317	0.42434860216692566	0.49393711700491805	0.4688659786620883	0.661251134120194	0.7347168825662657	0.2624213478277739	0.30720014902339166	0.37209532722697647	0.28719319157013473	0.3747579274075759	0.25645436988637	0.7510341748895938	1.0	0.4002825247794051	0.37913919613785063	0.7510341748895938	0.3225608534495104	0.6395657813917609	0.380570019313745
sr	1.0	0.4182338588545966	1.0	1.0	0.29569236864441684	0.20330625348356823	0.4235790834711423	0.15068683339621558	0.24228632422071572	0.17115828939232475	0.3708493738444308	0.43411856102395796	0.43977944555255477	0.2327605452468934	0.18891359116481965	0.2877762397095461	0.38194595046949803	0.48509379863729	1.0	0.5747129628734963	0.7347168825662656	0.20067824115942323	0.19603826015023362	0.2529060632225388	0.227636582852366	0.31837661558014296	0.1296228022805826	1.0	0.4002825247794051	1.0	0.2229610870699232	1.0	0.2232740849657514	0.6395657813917609	0.23916192949396187
sv	1.0	0.47090491938337975	1.0	0.5477634005405094	0.24701471659899532	0.23466593076686879	0.452149269102135	0.23902437455098768	0.30034133151718395	0.23620540502614384	0.40469915303182696	0.44966985678819116	0.3795725311609455	0.29781830128253045	0.2853894739615742	0.3486846593995524	0.408111267395701	0.48767671904316423	0.6638546162332061	0.6221982196391784	0.7411828468492556	0.21106333260392382	0.2667365589958449	0.3245759000009653	0.2378959347554014	0.3271513726212527	0.20642974398605612	0.7584325078215763	0.37913919613785063	0.2229610870699232	1.0	1.0	0.36159622615780546	0.5517988716451404	0.33802932311789446
te	1.0	0.7106922308883379	1.0	1.0	0.7510341748895938	1.0	1.0	1.0	1.0	1.0	1.0	1.0	0.7455134344225701	0.7455134344225701	0.7510341748895937	1.0	1.0	1.0	1.0	1.0	1.0	0.37601168758039577	1.0	1.0	0.7510341748895938	1.0	1.0	1.0	0.7510341748895938	1.0	1.0	1.0	1.0	0.7690990303325336	1.0
vi	1.0	0.44387741324784497	1.0	0.6841174893561723	0.3169034907618995	0.2699147181673595	0.5507862140565204	0.2458411266564242	0.28123107267441844	0.27270304488247293	0.43194007711286003	0.5196937963438596	0.4509577278913992	0.30228412151844997	0.27125940871970267	0.278231863677847	0.39180677280563514	0.40177510141661016	0.5104747593556582	0.5747129628734963	1.0	0.2491509582571931	0.3010792922427418	0.2827321948210004	0.2508052448024813	0.3362958583250931	0.19404273879221476	0.7510341748895939	0.3225608534495104	0.2232740849657514	0.36159622615780546	1.0	1.0	0.7324113330954058	0.3462668853442201
war	0.8216064286890065	0.6263324602325807	1.0	0.6524007805500078	0.742464434742073	0.7510341748895939	0.6395657813917609	0.6395657813917609	0.6395657813917609	0.6395657813917609	0.6395657813917609	0.6524007805500078	0.7510341748895939	0.6383314553491427	0.5291574992763552	0.6395657813917609	0.6395657813917609	0.7584325078215763	1.0	0.7510341748895939	0.7690990303325336	0.3384881068019711	0.5690746873734404	0.6395657813917609	0.7224727212512668	0.6395657813917609	0.5793464078788751	1.0	0.6395657813917609	0.6395657813917609	0.5517988716451404	0.7690990303325336	0.7324113330954058	1.0	0.6395657813917609
zh	1.0	0.49126370870574365	1.0	1.0	0.4151076658958298	0.36830988836338585	1.0	0.28744247743290025	0.3547214294867315	0.2909997655264121	0.7101264857596846	1.0	0.393420517625154	0.2706381301125081	0.2593562248876127	1.0	1.0	0.5301894707576087	1.0	1.0	1.0	0.1747134257068425	0.29133562509319416	0.4148124505135115	0.32063941051334544	1.0	0.20456526858849602	1.0	0.380570019313745	0.23916192949396187	0.33802932311789446	1.0	0.3462668853442201	0.6395657813917609	1.0
