arz	bs	ceb	ckb	da	de	el	en	es	fr	he	hi	hu	id	it	ja	ko	lv	mk	ml	mr	nl	pl	pt	ro	ru	sh	si	simple	sr	sv	te	tr	union	vi	war	zh
arz	1.0	1.0	1.0	1.0	0.5960620543935217	0.10273853999176703	1.0	0.028572163110036866	0.21440092681002917	0.12634263334415188	1.0	1.0	0.35349182765911963	0.6760004307576976	0.20459510182403207	1.0	1.0	1.0	1.0	1.0	1.0	0.11478637250619873	0.5960620543935283	0.5960620543935256	0.35307219207142915	1.0	1.0	1.0	0.6760004307576987	1.0	0.5960620543935289	1.0	1.0	0.028067369666581164	1.0	0.603399525251708	1.0
bs	1.0	1.0	1.0	1.0	0.5960620543935217	0.10273853999176703	1.0	0.028572163110036866	0.21440092681002917	0.12634263334415188	1.0	1.0	0.35349182765911963	0.6760004307576976	0.20459510182403207	1.0	1.0	1.0	1.0	1.0	1.0	0.11478637250619873	0.5960620543935283	0.5960620543935256	0.35307219207142915	1.0	1.0	1.0	0.6760004307576987	1.0	0.5960620543935289	1.0	1.0	0.028067369666581164	1.0	0.17241230126600668	1.0
ceb	1.0	1.0	1.0	1.0	0.5960620543935217	0.10273853999176703	1.0	0.028572163110036866	0.21440092681002917	0.12634263334415188	1.0	1.0	0.35349182765911963	0.6760004307576976	0.20459510182403207	1.0	1.0	1.0	1.0	1.0	1.0	0.11478637250619873	0.5960620543935283	0.5960620543935256	0.35307219207142915	1.0	1.0	1.0	0.6760004307576987	1.0	0.5960620543935289	1.0	1.0	0.028067369666581164	1.0	0.603399525251708	1.0
ckb	1.0	1.0	1.0	1.0	0.5960620543935217	0.10273853999176703	1.0	0.028572163110036866	0.21440092681002917	0.12634263334415188	1.0	1.0	0.35349182765911963	0.6760004307576976	0.20459510182403207	1.0	1.0	1.0	1.0	1.0	1.0	0.11478637250619873	0.5960620543935283	0.5960620543935256	0.35307219207142915	1.0	1.0	1.0	0.6760004307576987	1.0	0.5960620543935289	1.0	1.0	0.028067369666581164	1.0	0.603399525251708	1.0
da	0.5960620543935217	0.5960620543935217	0.5960620543935217	0.5960620543935217	1.0	0.10290590970967184	0.5960620543935217	0.02858534266860341	0.21155831469104489	0.12580306736020208	0.5960620543935217	0.5960620543935217	0.33891740432245077	0.5464027578015541	0.20456300601263472	0.5960620543935217	0.5960620543935217	0.5960620543935217	0.5960620543935217	0.5960620543935217	0.5960620543935217	0.11477237443553966	0.5105750063933916	0.5105750063933917	0.33844629527711395	0.5960620543935217	0.5960620543935217	0.5960620543935217	0.5464027578015461	0.5960620543935217	0.5105750063933915	0.5960620543935217	0.5960620543935217	0.02807968809203541	0.5960620543935217	0.1914015138817569	0.5960620543935217
de	0.10273853999176703	0.10273853999176703	0.10273853999176703	0.10273853999176703	0.10290590970967184	1.0	0.10273853999176703	0.028064978735901847	0.09896816893175477	0.08711998990297715	0.10273853999176703	0.10273853999176703	0.1007883909070767	0.10259597927392586	0.0953329294529975	0.10273853999176703	0.10273853999176703	0.10273853999176703	0.10273853999176703	0.10273853999176703	0.10273853999176703	0.07981791258909379	0.10245414639499253	0.10245414639499255	0.1006707603178593	0.10273853999176703	0.10273853999176703	0.10273853999176703	0.10259597927392589	0.10273853999176703	0.1024541463949925	0.10273853999176703	0.10273853999176703	0.028180429140177075	0.10273853999176703	0.05944900524053735	0.10273853999176703
el	1.0	1.0	1.0	1.0	0.5960620543935217	0.10273853999176703	1.0	0.028572163110036866	0.21440092681002917	0.12634263334415188	1.0	1.0	0.35349182765911963	0.6760004307576976	0.20459510182403207	1.0	1.0	1.0	1.0	1.0	1.0	0.11478637250619873	0.5960620543935283	0.5960620543935256	0.35307219207142915	1.0	1.0	1.0	0.6760004307576987	1.0	0.5960620543935289	1.0	1.0	0.028067369666581164	1.0	0.603399525251708	1.0
en	0.028572163110036866	0.028572163110036866	0.028572163110036866	0.028572163110036866	0.02858534266860341	0.028064978735901847	0.028572163110036866	1.0	0.028464098404856246	0.02836583567973511	0.028572163110036866	0.028572163110036866	0.028542523347054247	0.028581705571228903	0.028440314507629464	0.028572163110036866	0.028572163110036866	0.028572163110036866	0.028572163110036866	0.028572163110036866	0.028572163110036866	0.02805473865251227	0.028570806458172223	0.028565547916674337	0.02849051278799899	0.028572163110036866	0.028572163110036866	0.028572163110036866	0.028575414682720072	0.028572163110036866	0.028562962624595296	0.028572163110036866	0.028572163110036866	0.08822652767957925	0.028572163110036866	0.05413700701606186	0.028572163110036866
es	0.21440092681002917	0.21440092681002917	0.21440092681002917	0.21440092681002917	0.21155831469104489	0.09896816893175477	0.21440092681002917	0.028464098404856246	1.0	0.11860212797673227	0.21440092681002917	0.21440092681002917	0.19626332912955247	0.21296352964426227	0.15868472702094638	0.21440092681002917	0.21440092681002917	0.21440092681002917	0.21440092681002917	0.21440092681002917	0.21440092681002917	0.10483432896144622	0.21155831469104322	0.21155831469104378	0.19597670188744387	0.21440092681002917	0.21440092681002917	0.21440092681002917	0.21296352964426193	0.21440092681002917	0.2115583146910444	0.21440092681002917	0.21440092681002917	0.028046169422152017	0.21440092681002917	0.11612670806045998	0.21440092681002917
fr	0.12634263334415188	0.12634263334415188	0.12634263334415188	0.12634263334415188	0.12580306736020208	0.08711998990297715	0.12634263334415188	0.02836583567973511	0.11860212797673227	1.0	0.12634263334415188	0.12634263334415188	0.12266481012526553	0.12607182179286588	0.11207361499765751	0.12634263334415188	0.12634263334415188	0.12634263334415188	0.12634263334415188	0.12634263334415188	0.12634263334415188	0.088127518458435	0.12581244246538054	0.12632324842795528	0.12249480982685045	0.12634263334415188	0.12634263334415188	0.12634263334415188	0.1260718217928659	0.12634263334415188	0.1258030433592665	0.12634263334415188	0.12634263334415188	0.028137317506770718	0.12634263334415188	0.1548022364855144	0.12634263334415188
he	1.0	1.0	1.0	1.0	0.5960620543935217	0.10273853999176703	1.0	0.028572163110036866	0.21440092681002917	0.12634263334415188	1.0	1.0	0.35349182765911963	0.6760004307576976	0.20459510182403207	1.0	1.0	1.0	1.0	1.0	1.0	0.11478637250619873	0.5960620543935283	0.5960620543935256	0.35307219207142915	1.0	1.0	1.0	0.6760004307576987	1.0	0.5960620543935289	1.0	1.0	0.028067369666581164	1.0	0.5692663772914498	1.0
hi	1.0	1.0	1.0	1.0	0.5960620543935217	0.10273853999176703	1.0	0.028572163110036866	0.21440092681002917	0.12634263334415188	1.0	1.0	0.35349182765911963	0.6760004307576976	0.20459510182403207	1.0	1.0	1.0	1.0	1.0	1.0	0.11478637250619873	0.5960620543935283	0.5960620543935256	0.35307219207142915	1.0	1.0	1.0	0.6760004307576987	1.0	0.5960620543935289	1.0	1.0	0.028067369666581164	1.0	0.603399525251708	1.0
hu	0.35349182765911963	0.35349182765911963	0.35349182765911963	0.35349182765911963	0.33891740432245077	0.1007883909070767	0.35349182765911963	0.028542523347054247	0.19626332912955247	0.12266481012526553	0.35349182765911963	0.35349182765911963	1.0	0.345931084074785	0.19898996636789124	0.35349182765911963	0.35349182765911963	0.35349182765911963	0.35349182765911963	0.35349182765911963	0.35349182765911963	0.11343576677001921	0.3389174043224533	0.33891740432245404	0.27853206729404245	0.35349182765911963	0.35349182765911963	0.35349182765911963	0.3459310840747827	0.35349182765911963	0.3389174043224507	0.35349182765911963	0.35349182765911963	0.02812056213528101	0.35349182765911963	0.17515289964410202	0.35349182765911963
id	0.6760004307576976	0.6760004307576976	0.6760004307576976	0.6760004307576976	0.5464027578015541	0.10259597927392586	0.6760004307576976	0.028581705571228903	0.21296352964426227	0.12607182179286588	0.6760004307576976	0.6760004307576976	0.345931084074785	1.0	0.20335899766463905	0.6760004307576976	0.6760004307576976	0.6760004307576976	0.6760004307576976	0.6760004307576976	0.6760004307576976	0.11458625411434849	0.5464027578015425	0.5464027578015513	0.3454835287708152	0.6760004307576976	0.6760004307576976	0.6760004307576976	0.5959880442797953	0.6760004307576976	0.5464027578015478	0.6760004307576976	0.6760004307576976	0.028076109317529546	0.6760004307576976	0.08863797524095252	0.6760004307576976
it	0.20459510182403207	0.20459510182403207	0.20459510182403207	0.20459510182403207	0.20456300601263472	0.0953329294529975	0.20459510182403207	0.028440314507629464	0.15868472702094638	0.11207361499765751	0.20459510182403207	0.20459510182403207	0.19898996636789124	0.20335899766463905	1.0	0.20459510182403207	0.20459510182403207	0.20459510182403207	0.20459510182403207	0.20459510182403207	0.20459510182403207	0.10462606662392282	0.20214785823223508	0.20214785823223427	0.19812577969105793	0.20459510182403207	0.20459510182403207	0.20459510182403207	0.2033589976646385	0.20459510182403207	0.2021478582322342	0.20459510182403207	0.20459510182403207	0.02809909859123865	0.20459510182403207	0.07556377572727181	0.20459510182403207
ja	1.0	1.0	1.0	1.0	0.5960620543935217	0.10273853999176703	1.0	0.028572163110036866	0.21440092681002917	0.12634263334415188	1.0	1.0	0.35349182765911963	0.6760004307576976	0.20459510182403207	1.0	1.0	1.0	1.0	1.0	1.0	0.11478637250619873	0.5960620543935283	0.5960620543935256	0.35307219207142915	1.0	1.0	1.0	0.6760004307576987	1.0	0.5960620543935289	1.0	1.0	0.028067369666581164	1.0	0.6092348406628357	1.0
ko	1.0	1.0	1.0	1.0	0.5960620543935217	0.10273853999176703	1.0	0.028572163110036866	0.21440092681002917	0.12634263334415188	1.0	1.0	0.35349182765911963	0.6760004307576976	0.20459510182403207	1.0	1.0	1.0	1.0	1.0	1.0	0.11478637250619873	0.5960620543935283	0.5960620543935256	0.35307219207142915	1.0	1.0	1.0	0.6760004307576987	1.0	0.5960620543935289	1.0	1.0	0.028067369666581164	1.0	0.603399525251708	1.0
lv	1.0	1.0	1.0	1.0	0.5960620543935217	0.10273853999176703	1.0	0.028572163110036866	0.21440092681002917	0.12634263334415188	1.0	1.0	0.35349182765911963	0.6760004307576976	0.20459510182403207	1.0	1.0	1.0	1.0	1.0	1.0	0.11478637250619873	0.5960620543935283	0.5960620543935256	0.35307219207142915	1.0	1.0	1.0	0.6760004307576987	1.0	0.5960620543935289	1.0	1.0	0.028067369666581164	1.0	0.45307372976062293	1.0
mk	1.0	1.0	1.0	1.0	0.5960620543935217	0.10273853999176703	1.0	0.028572163110036866	0.21440092681002917	0.12634263334415188	1.0	1.0	0.35349182765911963	0.6760004307576976	0.20459510182403207	1.0	1.0	1.0	1.0	1.0	1.0	0.11478637250619873	0.5960620543935283	0.5960620543935256	0.35307219207142915	1.0	1.0	1.0	0.6760004307576987	1.0	0.5960620543935289	1.0	1.0	0.028067369666581164	1.0	0.603399525251708	1.0
ml	1.0	1.0	1.0	1.0	0.5960620543935217	0.10273853999176703	1.0	0.028572163110036866	0.21440092681002917	0.12634263334415188	1.0	1.0	0.35349182765911963	0.6760004307576976	0.20459510182403207	1.0	1.0	1.0	1.0	1.0	1.0	0.11478637250619873	0.5960620543935283	0.5960620543935256	0.35307219207142915	1.0	1.0	1.0	0.6760004307576987	1.0	0.5960620543935289	1.0	1.0	0.028067369666581164	1.0	0.603399525251708	1.0
mr	1.0	1.0	1.0	1.0	0.5960620543935217	0.10273853999176703	1.0	0.028572163110036866	0.21440092681002917	0.12634263334415188	1.0	1.0	0.35349182765911963	0.6760004307576976	0.20459510182403207	1.0	1.0	1.0	1.0	1.0	1.0	0.11478637250619873	0.5960620543935283	0.5960620543935256	0.35307219207142915	1.0	1.0	1.0	0.6760004307576987	1.0	0.5960620543935289	1.0	1.0	0.028067369666581164	1.0	0.603399525251708	1.0
nl	0.11478637250619873	0.11478637250619873	0.11478637250619873	0.11478637250619873	0.11477237443553966	0.07981791258909379	0.11478637250619873	0.02805473865251227	0.10483432896144622	0.088127518458435	0.11478637250619873	0.11478637250619873	0.11343576677001921	0.11458625411434849	0.10462606662392282	0.11478637250619873	0.11478637250619873	0.11478637250619873	0.11478637250619873	0.11478637250619873	0.11478637250619873	1.0	0.11438738356225026	0.11438738356225032	0.11191859552207357	0.11478637250619873	0.11478637250619873	0.11478637250619873	0.11458625411434843	0.11478637250619873	0.11438738356225032	0.11478637250619873	0.11478637250619873	0.028220892510015107	0.11478637250619873	0.10913639326268204	0.11478637250619873
pl	0.5960620543935283	0.5960620543935283	0.5960620543935283	0.5960620543935283	0.5105750063933916	0.10245414639499253	0.5960620543935283	0.028570806458172223	0.21155831469104322	0.12581244246538054	0.5960620543935283	0.5960620543935283	0.3389174043224533	0.5464027578015425	0.20214785823223508	0.5960620543935283	0.5960620543935283	0.5960620543935283	0.5960620543935283	0.5960620543935283	0.5960620543935283	0.11438738356225026	1.0	0.5117101492920332	0.3384462952771137	0.5960620543935283	0.5960620543935283	0.5960620543935283	0.546402757801534	0.5960620543935283	0.5105750063933917	0.5960620543935283	0.5960620543935283	0.02807606851113449	0.5960620543935283	0.10415459908980383	0.5960620543935283
pt	0.5960620543935256	0.5960620543935256	0.5960620543935256	0.5960620543935256	0.5105750063933917	0.10245414639499255	0.5960620543935256	0.028565547916674337	0.21155831469104378	0.12632324842795528	0.5960620543935256	0.5960620543935256	0.33891740432245404	0.5464027578015513	0.20214785823223427	0.5960620543935256	0.5960620543935256	0.5960620543935256	0.5960620543935256	0.5960620543935256	0.5960620543935256	0.11438738356225032	0.5117101492920332	1.0	0.3384462952771125	0.5960620543935256	0.5960620543935256	0.5960620543935256	0.5464027578015435	0.5960620543935256	0.5105750063933918	0.5960620543935256	0.5960620543935256	0.02806497138138556	0.5960620543935256	0.1695466123764375	0.5960620543935256
ro	0.35307219207142915	0.35307219207142915	0.35307219207142915	0.35307219207142915	0.33844629527711395	0.1006707603178593	0.35307219207142915	0.02849051278799899	0.19597670188744387	0.12249480982685045	0.35307219207142915	0.35307219207142915	0.27853206729404245	0.3454835287708152	0.19812577969105793	0.35307219207142915	0.35307219207142915	0.35307219207142915	0.35307219207142915	0.35307219207142915	0.35307219207142915	0.11191859552207357	0.3384462952771137	0.3384462952771125	1.0	0.35307219207142915	0.35307219207142915	0.35307219207142915	0.34548352877081107	0.35307219207142915	0.33844629527711917	0.35307219207142915	0.35307219207142915	0.028050341427580613	0.35307219207142915	0.19701187430440603	0.35307219207142915
ru	1.0	1.0	1.0	1.0	0.5960620543935217	0.10273853999176703	1.0	0.028572163110036866	0.21440092681002917	0.12634263334415188	1.0	1.0	0.35349182765911963	0.6760004307576976	0.20459510182403207	1.0	1.0	1.0	1.0	1.0	1.0	0.11478637250619873	0.5960620543935283	0.5960620543935256	0.35307219207142915	1.0	1.0	1.0	0.6760004307576987	1.0	0.5960620543935289	1.0	1.0	0.028067369666581164	1.0	0.603399525251708	1.0
sh	1.0	1.0	1.0	1.0	0.5960620543935217	0.10273853999176703	1.0	0.028572163110036866	0.21440092681002917	0.12634263334415188	1.0	1.0	0.35349182765911963	0.6760004307576976	0.20459510182403207	1.0	1.0	1.0	1.0	1.0	1.0	0.11478637250619873	0.5960620543935283	0.5960620543935256	0.35307219207142915	1.0	1.0	1.0	0.6760004307576987	1.0	0.5960620543935289	1.0	1.0	0.028067369666581164	1.0	0.11507586704454037	1.0
si	1.0	1.0	1.0	1.0	0.5960620543935217	0.10273853999176703	1.0	0.028572163110036866	0.21440092681002917	0.12634263334415188	1.0	1.0	0.35349182765911963	0.6760004307576976	0.20459510182403207	1.0	1.0	1.0	1.0	1.0	1.0	0.11478637250619873	0.5960620543935283	0.5960620543935256	0.35307219207142915	1.0	1.0	1.0	0.6760004307576987	1.0	0.5960620543935289	1.0	1.0	0.028067369666581164	1.0	0.603399525251708	1.0
simple	0.6760004307576987	0.6760004307576987	0.6760004307576987	0.6760004307576987	0.5464027578015461	0.10259597927392589	0.6760004307576987	0.028575414682720072	0.21296352964426193	0.1260718217928659	0.6760004307576987	0.6760004307576987	0.3459310840747827	0.5959880442797953	0.2033589976646385	0.6760004307576987	0.6760004307576987	0.6760004307576987	0.6760004307576987	0.6760004307576987	0.6760004307576987	0.11458625411434843	0.546402757801534	0.5464027578015435	0.34548352877081107	0.6760004307576987	0.6760004307576987	0.6760004307576987	1.0	0.6760004307576987	0.5464027578015397	0.6760004307576987	0.6760004307576987	0.028070475992732085	0.6760004307576987	0.10871563189812457	0.6760004307576987
sr	1.0	1.0	1.0	1.0	0.5960620543935217	0.10273853999176703	1.0	0.028572163110036866	0.21440092681002917	0.12634263334415188	1.0	1.0	0.35349182765911963	0.6760004307576976	0.20459510182403207	1.0	1.0	1.0	1.0	1.0	1.0	0.11478637250619873	0.5960620543935283	0.5960620543935256	0.35307219207142915	1.0	1.0	1.0	0.6760004307576987	1.0	0.5960620543935289	1.0	1.0	0.028067369666581164	1.0	0.18281489249810706	1.0
sv	0.5960620543935289	0.5960620543935289	0.5960620543935289	0.5960620543935289	0.5105750063933915	0.1024541463949925	0.5960620543935289	0.028562962624595296	0.2115583146910444	0.1258030433592665	0.5960620543935289	0.5960620543935289	0.3389174043224507	0.5464027578015478	0.2021478582322342	0.5960620543935289	0.5960620543935289	0.5960620543935289	0.5960620543935289	0.5960620543935289	0.5960620543935289	0.11438738356225032	0.5105750063933917	0.5105750063933918	0.33844629527711917	0.5960620543935289	0.5960620543935289	0.5960620543935289	0.5464027578015397	0.5960620543935289	1.0	0.5960620543935289	0.5960620543935289	0.028065914782280876	0.5960620543935289	0.14699081730733107	0.5960620543935289
te	1.0	1.0	1.0	1.0	0.5960620543935217	0.10273853999176703	1.0	0.028572163110036866	0.21440092681002917	0.12634263334415188	1.0	1.0	0.35349182765911963	0.6760004307576976	0.20459510182403207	1.0	1.0	1.0	1.0	1.0	1.0	0.11478637250619873	0.5960620543935283	0.5960620543935256	0.35307219207142915	1.0	1.0	1.0	0.6760004307576987	1.0	0.5960620543935289	1.0	1.0	0.028067369666581164	1.0	0.603399525251708	1.0
tr	1.0	1.0	1.0	1.0	0.5960620543935217	0.10273853999176703	1.0	0.028572163110036866	0.21440092681002917	0.12634263334415188	1.0	1.0	0.35349182765911963	0.6760004307576976	0.20459510182403207	1.0	1.0	1.0	1.0	1.0	1.0	0.11478637250619873	0.5960620543935283	0.5960620543935256	0.35307219207142915	1.0	1.0	1.0	0.6760004307576987	1.0	0.5960620543935289	1.0	1.0	0.028067369666581164	1.0	0.17952289795913465	1.0
union	0.028067369666581164	0.028067369666581164	0.028067369666581164	0.028067369666581164	0.02807968809203541	0.028180429140177075	0.028067369666581164	0.08822652767957925	0.028046169422152017	0.028137317506770718	0.028067369666581164	0.028067369666581164	0.02812056213528101	0.028076109317529546	0.02809909859123865	0.028067369666581164	0.028067369666581164	0.028067369666581164	0.028067369666581164	0.028067369666581164	0.028067369666581164	0.028220892510015107	0.02807606851113449	0.02806497138138556	0.028050341427580613	0.028067369666581164	0.028067369666581164	0.028067369666581164	0.028070475992732085	0.028067369666581164	0.028065914782280876	0.028067369666581164	0.028067369666581164	1.0	0.028067369666581164	0.04861432323439003	0.028067369666581164
vi	1.0	1.0	1.0	1.0	0.5960620543935217	0.10273853999176703	1.0	0.028572163110036866	0.21440092681002917	0.12634263334415188	1.0	1.0	0.35349182765911963	0.6760004307576976	0.20459510182403207	1.0	1.0	1.0	1.0	1.0	1.0	0.11478637250619873	0.5960620543935283	0.5960620543935256	0.35307219207142915	1.0	1.0	1.0	0.6760004307576987	1.0	0.5960620543935289	1.0	1.0	0.028067369666581164	1.0	0.16299593978097188	1.0
war	0.603399525251708	0.17241230126600668	0.603399525251708	0.603399525251708	0.1914015138817569	0.05944900524053735	0.603399525251708	0.05413700701606186	0.11612670806045998	0.1548022364855144	0.5692663772914498	0.603399525251708	0.17515289964410202	0.08863797524095252	0.07556377572727181	0.6092348406628357	0.603399525251708	0.45307372976062293	0.603399525251708	0.603399525251708	0.603399525251708	0.10913639326268204	0.10415459908980383	0.1695466123764375	0.19701187430440603	0.603399525251708	0.11507586704454037	0.603399525251708	0.10871563189812457	0.18281489249810706	0.14699081730733107	0.603399525251708	0.17952289795913465	0.04861432323439003	0.16299593978097188	1.0	0.603399525251708
zh	1.0	1.0	1.0	1.0	0.5960620543935217	0.10273853999176703	1.0	0.028572163110036866	0.21440092681002917	0.12634263334415188	1.0	1.0	0.35349182765911963	0.6760004307576976	0.20459510182403207	1.0	1.0	1.0	1.0	1.0	1.0	0.11478637250619873	0.5960620543935283	0.5960620543935256	0.35307219207142915	1.0	1.0	1.0	0.6760004307576987	1.0	0.5960620543935289	1.0	1.0	0.028067369666581164	1.0	0.603399525251708	1.0
