arz	bs	ceb	ckb	da	de	el	en	es	fr	he	hi	hu	id	it	ja	ko	lv	mk	ml	mr	nl	pl	pt	ro	ru	sh	si	simple	sr	sv	te	vi	war	zh
arz	1.0	1.0	0.0	0.0	1.0	1.0	1.0	0.7584325078215763	1.0	0.0	1.0	0.0	1.0	1.0	1.0	1.0	1.0	1.0	1.0	0.0	0.0	0.7690990303325336	1.0	1.0	1.0	1.0	1.0	0.0	1.0	0.5660160774121898	1.0	0.0	1.0	0.0	0.7584325078215763
bs	1.0	1.0	0.0	1.0	1.0	1.0	0.7690990303325336	0.5238869440147708	0.5055590778678359	0.0	0.6430922276386255	1.0	1.0	0.7690990303325336	0.4335711947093603	0.7690990303325336	1.0	0.6827447964042134	0.7690990303325336	1.0	1.0	1.0	0.3757998275183653	0.63105001051954	0.672370045633007	0.44250530157637374	1.0	1.0	0.7690990303325336	0.7690990303325336	1.0	1.0	1.0	1.0	0.6856333412409469
ceb	0.0	0.0	1.0	0.0	1.0	1.0	1.0	1.0	1.0	0.0	1.0	0.0	0.0	0.0	1.0	1.0	1.0	1.0	0.0	0.0	0.0	1.0	1.0	1.0	1.0	1.0	1.0	0.0	0.0	0.0	1.0	0.0	1.0	0.0	1.0
ckb	0.0	1.0	0.0	1.0	1.0	1.0	1.0	1.0	1.0	0.0	1.0	1.0	1.0	1.0	1.0	1.0	1.0	1.0	1.0	1.0	1.0	1.0	0.5660160774121898	1.0	1.0	1.0	1.0	1.0	1.0	1.0	1.0	1.0	1.0	1.0	1.0
da	1.0	1.0	1.0	1.0	1.0	0.2524671943495639	0.40547489178146146	0.12726559026371445	0.17984002330364188	0.0	0.3084186342982589	1.0	0.5138565284366529	0.5693068279983601	0.1865371274708962	0.21390587372103922	0.49111948258575266	0.2904733964274664	0.40105550461749023	0.30008719542501383	1.0	0.17854815829238874	0.1858396874118174	0.22205639097339724	0.2720625975148055	0.17999520001957384	0.507538571140191	1.0	0.5403016619161376	0.4851993888742592	0.15383373273366113	1.0	0.3360275506438644	1.0	0.25363723016147177
de	1.0	1.0	1.0	1.0	0.2524671943495639	1.0	0.14944956235890677	0.0571552408636818	0.1190444609435392	0.0	0.2538937425018001	0.629896233114065	0.38767819927108754	0.30284383251743474	0.08191374181268302	0.15213054683694935	0.5492127902230655	0.36529969626918096	0.718925811717485	0.25625483471685373	1.0	0.10864961283926129	0.08779855733279064	0.11932130738073911	0.23885557664630708	0.07942941536232477	0.3262617650751421	1.0	0.7111374370280844	0.31132962503658024	0.15131603867580373	1.0	0.2946909635512846	1.0	0.16141695719387333
el	1.0	0.7690990303325336	1.0	1.0	0.40547489178146146	0.14944956235890677	1.0	0.09439691604840694	0.13491297297499075	0.0	0.2118648811937239	1.0	0.5671398741933974	0.3009274268436992	0.12311638757924975	0.17511969968082408	0.29047339642746633	0.4007578285276701	0.5998186767392314	0.2720960631625771	1.0	0.1883106402857945	0.11925523628373014	0.1619787052093657	0.2553885494346857	0.11200026681869121	0.26332060092781906	1.0	0.37514757423192285	0.4130539512554327	0.229081707005582	1.0	0.23758301106860027	1.0	0.18441452483376702
en	0.7584325078215763	0.5238869440147708	1.0	1.0	0.12726559026371445	0.0571552408636818	0.09439691604840694	1.0	0.045073639455691365	0.6532002319725719	0.10949705474605347	0.5508484025050897	0.17730401364497442	0.17130898988304713	0.03302643953613947	0.08476527484400219	0.3189116875066148	0.17520572699981166	0.4383879347292898	0.08076328939873702	1.0	0.04762443654627928	0.04148451441122098	0.04879387497613491	0.10832217888805358	0.042833623520252224	0.17354792143363496	1.0	0.26937356939980744	0.23854760367607822	0.07128844389040113	1.0	0.17366207268165548	1.0	0.09193819030764767
es	1.0	0.5055590778678359	1.0	1.0	0.17984002330364188	0.1190444609435392	0.13491297297499075	0.045073639455691365	1.0	1.0	0.19431531946274974	0.7347168825662656	0.3624228601114727	0.23112346035541942	0.0427454078606124	0.12470807609988845	0.5093538416039349	0.3956358812665197	0.6432357517002909	0.14477898578336015	1.0	0.07762963577123835	0.05388496295236391	0.0774832102127531	0.2303358457107844	0.061083779405338025	0.2767336607230859	1.0	0.4214751660127695	0.28986632350222774	0.11654188047823766	1.0	0.2671560967166926	1.0	0.11966428377705406
fr	0.0	0.0	0.0	0.0	0.0	0.0	0.0	0.6532002319725719	1.0	1.0	0.0	0.0	0.0	0.0	1.0	0.0	0.0	0.0	0.0	0.0	0.0	1.0	1.0	1.0	0.0	1.0	0.0	0.0	0.0	0.0	0.0	0.0	0.0	0.0	1.0
he	1.0	0.6430922276386255	1.0	1.0	0.3084186342982589	0.2538937425018001	0.2118648811937239	0.10949705474605347	0.19431531946274974	0.0	1.0	1.0	0.554216865782689	0.34622645625690757	0.16087044987053536	0.2394924178700704	0.6083569736464233	0.4602956764224468	0.6443242360956813	0.46658134765749687	1.0	0.1790234859126819	0.16675389317420794	0.18219562092984154	0.2539017298820219	0.15290934907377546	0.32761384047683434	1.0	0.5970081782371524	0.326674624339208	0.18255696658301213	1.0	0.23401563026446173	1.0	0.19952553786895147
hi	0.0	1.0	0.0	1.0	1.0	0.629896233114065	1.0	0.5508484025050897	0.7347168825662656	0.0	1.0	1.0	1.0	1.0	0.6740515375688697	0.7584325078215763	1.0	1.0	1.0	1.0	1.0	0.7690990303325336	0.41451916354404916	0.6841174893561723	1.0	0.6110569957520272	1.0	1.0	1.0	1.0	1.0	1.0	1.0	1.0	0.7584325078215765
hu	1.0	1.0	0.0	1.0	0.5138565284366529	0.38767819927108754	0.5671398741933974	0.17730401364497442	0.3624228601114727	0.0	0.554216865782689	1.0	1.0	0.7992591943912659	0.3500759029309652	0.4104352717278345	1.0	0.7234532828151787	1.0	0.33526570180724874	1.0	0.3242307953227683	0.1834172512007865	0.42011729296665096	0.2849765457836337	0.2970562788025928	0.5816651690177427	1.0	0.7248485669756152	1.0	0.4614323767582172	1.0	0.6589257440209708	1.0	0.3413894048869102
id	1.0	0.7690990303325336	0.0	1.0	0.5693068279983601	0.30284383251743474	0.3009274268436992	0.17130898988304713	0.23112346035541942	0.0	0.34622645625690757	1.0	0.7992591943912659	1.0	0.21199440908662104	0.2415908557210343	0.4940528379782333	0.41153571353829466	0.74551343442257	0.3732638306097294	1.0	0.22321818812002742	0.20357886068803796	0.25568526792573815	0.27849131223815654	0.17056428427633538	0.49119475205316077	0.6172147396682474	0.4363637508420601	0.4944772085378775	0.29077338995583485	1.0	0.40252092579698573	1.0	0.2097935313427067
it	1.0	0.4335711947093603	1.0	1.0	0.1865371274708962	0.08191374181268302	0.12311638757924975	0.03302643953613947	0.0427454078606124	1.0	0.16087044987053536	0.6740515375688697	0.3500759029309652	0.21199440908662104	1.0	0.10116099083418996	0.4129688886198361	0.3124890470057349	0.5207337981380891	0.12272256496123252	1.0	0.05812820865609072	0.0429685044642811	0.06553914280584586	0.17014940126318012	0.045302729551583175	0.24841069802235638	1.0	0.4604468582170066	0.30544076855703756	0.10836975295034806	1.0	0.20176233373899025	1.0	0.11131173298343951
ja	1.0	0.7690990303325336	1.0	1.0	0.21390587372103922	0.15213054683694935	0.17511969968082408	0.08476527484400219	0.12470807609988845	0.0	0.2394924178700704	0.7584325078215763	0.4104352717278345	0.2415908557210343	0.10116099083418996	1.0	0.3330592948389969	0.27257624495667676	0.57122706650396	0.22335144419787398	1.0	0.12454299365427297	0.10740779700953447	0.1338494871437215	0.2027327310169816	0.10315550199611044	0.2851093401979872	1.0	0.39204821736411727	0.3346455534148904	0.1474511716484513	1.0	0.25914261230641117	1.0	0.14160877335342498
ko	1.0	1.0	1.0	1.0	0.49111948258575266	0.5492127902230655	0.29047339642746633	0.3189116875066148	0.5093538416039349	0.0	0.6083569736464233	1.0	1.0	0.4940528379782333	0.4129688886198361	0.3330592948389969	1.0	1.0	1.0	0.6701591524560107	1.0	0.43740697536524337	0.20718789339355775	0.4339930351772412	0.30753746088040124	0.31625422996636987	0.5033653987101465	1.0	1.0	0.3857368684377282	0.47047915048423894	1.0	0.4047055688113544	1.0	0.27788729267129586
lv	1.0	0.6827447964042134	1.0	1.0	0.2904733964274664	0.36529969626918096	0.4007578285276701	0.17520572699981166	0.3956358812665197	0.0	0.4602956764224468	1.0	0.7234532828151787	0.41153571353829466	0.3124890470057349	0.27257624495667676	1.0	1.0	0.6468909830471344	0.5859218849458357	1.0	0.3127581489555679	0.23155828792573216	0.37975645536790975	0.27718382357512134	0.23061848862244289	0.47140516225928436	1.0	0.5950659482376811	0.5358907575124623	0.30215111215089635	1.0	0.5167623364961251	1.0	0.29032768799960423
mk	1.0	0.7690990303325336	0.0	1.0	0.40105550461749023	0.718925811717485	0.5998186767392314	0.4383879347292898	0.6432357517002909	0.0	0.6443242360956813	1.0	1.0	0.74551343442257	0.5207337981380891	0.57122706650396	1.0	0.6468909830471344	1.0	0.7584325078215763	1.0	0.6084166782931961	0.36165411634640826	1.0	0.6094206054796288	0.6351230907290178	1.0	1.0	1.0	0.5913800870748354	0.6568318202362042	1.0	1.0	1.0	0.614921379100793
ml	0.0	1.0	0.0	1.0	0.30008719542501383	0.25625483471685373	0.2720960631625771	0.08076328939873702	0.14477898578336015	0.0	0.46658134765749687	1.0	0.33526570180724874	0.3732638306097294	0.12272256496123252	0.22335144419787398	0.6701591524560107	0.5859218849458357	0.7584325078215763	1.0	1.0	0.1809603593129516	0.15651464240532617	0.16932688822610203	0.19618338522505124	0.1306268572373379	0.36934302722415635	0.7690990303325336	0.546110386851151	0.39890218361626445	0.37604836131435126	1.0	0.5230884502158063	1.0	0.2049000584047047
mr	0.0	1.0	0.0	1.0	1.0	1.0	1.0	1.0	1.0	0.0	1.0	1.0	1.0	1.0	1.0	1.0	1.0	1.0	1.0	1.0	1.0	1.0	0.5660160774121898	1.0	1.0	1.0	1.0	1.0	1.0	1.0	1.0	1.0	1.0	1.0	1.0
nl	0.7690990303325336	1.0	1.0	1.0	0.17854815829238874	0.10864961283926129	0.1883106402857945	0.04762443654627928	0.07762963577123835	1.0	0.1790234859126819	0.7690990303325336	0.3242307953227683	0.22321818812002742	0.05812820865609072	0.12454299365427297	0.43740697536524337	0.3127581489555679	0.6084166782931961	0.1809603593129516	1.0	1.0	0.06846970963469083	0.1085964484705737	0.19007445628277997	0.06499950999036665	0.28157128571096046	1.0	0.32263749553606064	0.31129054763222763	0.10198226796813051	1.0	0.25689459282481697	1.0	0.1270141976400033
pl	1.0	0.3757998275183653	1.0	0.5660160774121898	0.1858396874118174	0.08779855733279064	0.11925523628373014	0.04148451441122098	0.05388496295236391	1.0	0.16675389317420794	0.41451916354404916	0.1834172512007865	0.20357886068803796	0.0429685044642811	0.10740779700953447	0.20718789339355775	0.23155828792573216	0.36165411634640826	0.15651464240532617	0.5660160774121898	0.06846970963469083	1.0	0.08378988001115842	0.1922371428352944	0.05315922152074829	0.2060928619131531	0.41451916354404916	0.24407552877741942	0.24172725193467628	0.11147860008674855	0.5020797777427737	0.19720786856331127	0.43526109167898114	0.1250537766557751
pt	1.0	0.63105001051954	1.0	1.0	0.22205639097339724	0.11932130738073911	0.1619787052093657	0.04879387497613491	0.0774832102127531	1.0	0.18219562092984154	0.6841174893561723	0.42011729296665096	0.25568526792573815	0.06553914280584586	0.1338494871437215	0.4339930351772412	0.37975645536790975	1.0	0.16932688822610203	1.0	0.1085964484705737	0.08378988001115842	1.0	0.21522145734748085	0.07358333871702227	0.23474223016469895	1.0	0.5381913199225747	0.3018628623330195	0.17946692320135202	1.0	0.2430365755937416	1.0	0.12324347623465672
ro	1.0	0.672370045633007	1.0	1.0	0.2720625975148055	0.23885557664630708	0.2553885494346857	0.10832217888805358	0.2303358457107844	0.0	0.2539017298820219	1.0	0.2849765457836337	0.27849131223815654	0.17014940126318012	0.2027327310169816	0.30753746088040124	0.27718382357512134	0.6094206054796288	0.19618338522505124	1.0	0.19007445628277997	0.1922371428352944	0.21522145734748085	1.0	0.15579220085502704	0.2439690612221686	1.0	0.4044010547168231	0.35505765136120326	0.2311882788101933	0.7863954451402115	0.21575570825106472	1.0	0.1864195039892975
ru	1.0	0.44250530157637374	1.0	1.0	0.17999520001957384	0.07942941536232477	0.11200026681869121	0.042833623520252224	0.061083779405338025	1.0	0.15290934907377546	0.6110569957520272	0.2970562788025928	0.17056428427633538	0.045302729551583175	0.10315550199611044	0.31625422996636987	0.23061848862244289	0.6351230907290178	0.1306268572373379	1.0	0.06499950999036665	0.05315922152074829	0.07358333871702227	0.15579220085502704	1.0	0.22462739343095356	1.0	0.422404493486772	0.28733685204820963	0.095657429663806	0.7863954451402115	0.2002304788372882	0.74551343442257	0.11560224126859556
sh	1.0	1.0	1.0	1.0	0.507538571140191	0.3262617650751421	0.26332060092781906	0.17354792143363496	0.2767336607230859	0.0	0.32761384047683434	1.0	0.5816651690177427	0.49119475205316077	0.24841069802235638	0.2851093401979872	0.5033653987101465	0.47140516225928436	1.0	0.36934302722415635	1.0	0.28157128571096046	0.2060928619131531	0.23474223016469895	0.2439690612221686	0.22462739343095356	1.0	1.0	0.6532002319725719	0.32636165118666116	0.3085136819637804	1.0	0.432834903995269	1.0	0.24561085736216787
si	0.0	1.0	0.0	1.0	1.0	1.0	1.0	1.0	1.0	0.0	1.0	1.0	1.0	0.6172147396682474	1.0	1.0	1.0	1.0	1.0	0.7690990303325336	1.0	1.0	0.41451916354404916	1.0	1.0	1.0	1.0	1.0	1.0	1.0	1.0	1.0	1.0	1.0	1.0
simple	1.0	0.7690990303325336	0.0	1.0	0.5403016619161376	0.7111374370280844	0.37514757423192285	0.26937356939980744	0.4214751660127695	0.0	0.5970081782371524	1.0	0.7248485669756152	0.4363637508420601	0.4604468582170066	0.39204821736411727	1.0	0.5950659482376811	1.0	0.546110386851151	1.0	0.32263749553606064	0.24407552877741942	0.5381913199225747	0.4044010547168231	0.422404493486772	0.6532002319725719	1.0	1.0	0.7322034805959263	0.44878877631936515	1.0	0.5337839677205658	1.0	0.2757121053418732
sr	0.5660160774121898	0.7690990303325336	0.0	1.0	0.4851993888742592	0.31132962503658024	0.4130539512554327	0.23854760367607822	0.28986632350222774	0.0	0.326674624339208	1.0	1.0	0.4944772085378775	0.30544076855703756	0.3346455534148904	0.3857368684377282	0.5358907575124623	0.5913800870748354	0.39890218361626445	1.0	0.31129054763222763	0.24172725193467628	0.3018628623330195	0.35505765136120326	0.28733685204820963	0.32636165118666116	1.0	0.7322034805959263	1.0	0.3886545263279802	1.0	0.39348868705949636	1.0	0.2798740633452173
sv	1.0	1.0	1.0	1.0	0.15383373273366113	0.15131603867580373	0.229081707005582	0.07128844389040113	0.11654188047823766	0.0	0.18255696658301213	1.0	0.4614323767582172	0.29077338995583485	0.10836975295034806	0.1474511716484513	0.47047915048423894	0.30215111215089635	0.6568318202362042	0.37604836131435126	1.0	0.10198226796813051	0.11147860008674855	0.17946692320135202	0.2311882788101933	0.095657429663806	0.3085136819637804	1.0	0.44878877631936515	0.3886545263279802	1.0	1.0	0.2653229274401066	1.0	0.1869831950431304
te	0.0	1.0	0.0	1.0	1.0	1.0	1.0	1.0	1.0	0.0	1.0	1.0	1.0	1.0	1.0	1.0	1.0	1.0	1.0	1.0	1.0	1.0	0.5020797777427737	1.0	0.7863954451402115	0.7863954451402115	1.0	1.0	1.0	1.0	1.0	1.0	1.0	1.0	1.0
vi	1.0	1.0	1.0	1.0	0.3360275506438644	0.2946909635512846	0.23758301106860027	0.17366207268165548	0.2671560967166926	0.0	0.23401563026446173	1.0	0.6589257440209708	0.40252092579698573	0.20176233373899025	0.25914261230641117	0.4047055688113544	0.5167623364961251	1.0	0.5230884502158063	1.0	0.25689459282481697	0.19720786856331127	0.2430365755937416	0.21575570825106472	0.2002304788372882	0.432834903995269	1.0	0.5337839677205658	0.39348868705949636	0.2653229274401066	1.0	1.0	0.7584325078215765	0.1686650218545612
war	0.0	1.0	0.0	1.0	1.0	1.0	1.0	1.0	1.0	0.0	1.0	1.0	1.0	1.0	1.0	1.0	1.0	1.0	1.0	1.0	1.0	1.0	0.43526109167898114	1.0	1.0	0.74551343442257	1.0	1.0	1.0	1.0	1.0	1.0	0.7584325078215765	1.0	1.0
zh	0.7584325078215763	0.6856333412409469	1.0	1.0	0.25363723016147177	0.16141695719387333	0.18441452483376702	0.09193819030764767	0.11966428377705406	1.0	0.19952553786895147	0.7584325078215765	0.3413894048869102	0.2097935313427067	0.11131173298343951	0.14160877335342498	0.27788729267129586	0.29032768799960423	0.614921379100793	0.2049000584047047	1.0	0.1270141976400033	0.1250537766557751	0.12324347623465672	0.1864195039892975	0.11560224126859556	0.24561085736216787	1.0	0.2757121053418732	0.2798740633452173	0.1869831950431304	1.0	0.1686650218545612	1.0	1.0
