arz	bs	ceb	ckb	da	de	el	en	es	fr	he	hi	hu	id	it	ja	ko	lv	mk	ml	mr	nl	pl	pt	ro	ru	sh	si	simple	sr	sv	te	vi	war	zh
arz	1.0	0.0	0.0	0.0	1.0	1.0	1.0	1.0	1.0	1.0	0.0	1.0	1.0	1.0	1.0	1.0	1.0	1.0	0.0	1.0	0.0	1.0	1.0	1.0	1.0	1.0	1.0	0.0	1.0	1.0	1.0	0.0	1.0	0.0	1.0
bs	0.0	1.0	1.0	1.0	1.0	1.0	1.0	0.5455381281950756	1.0	1.0	1.0	1.0	1.0	1.0	0.8216064286890065	1.0	1.0	1.0	1.0	1.0	1.0	1.0	1.0	1.0	1.0	1.0	0.8216064286890065	0.0	1.0	1.0	1.0	0.7584325078215763	1.0	0.0	1.0
ceb	0.0	1.0	1.0	1.0	1.0	1.0	1.0	1.0	1.0	1.0	1.0	1.0	1.0	1.0	1.0	1.0	1.0	1.0	0.0	1.0	0.0	1.0	1.0	1.0	1.0	0.0	1.0	0.0	1.0	1.0	1.0	1.0	1.0	0.0	1.0
ckb	0.0	1.0	1.0	1.0	0.7690990303325336	1.0	1.0	0.4805954866802148	0.7690990303325336	1.0	1.0	1.0	0.7863954451402115	1.0	0.7690990303325336	1.0	1.0	1.0	1.0	0.0	1.0	1.0	0.7690990303325336	1.0	0.7690990303325336	1.0	0.6983438190355966	1.0	1.0	1.0	0.7690990303325336	1.0	1.0	0.0	1.0
da	1.0	1.0	1.0	0.7690990303325336	1.0	0.27567302533057597	0.46911835708105454	0.30335355754808546	0.2912585114140051	0.40032534990549756	0.6663902886748824	0.3678117766877156	0.34949167418697735	0.4387160582951308	0.23684366834349133	0.32836604249754575	0.3301837585087671	0.3862158451710585	1.0	0.5660160774121898	1.0	0.30480533625032424	0.32045804094894853	0.2734124764072277	0.343032727674674	0.31124755981613567	0.3328261780095787	1.0	0.34743598568792433	0.3493685980113403	0.3006628642020898	1.0	0.3333398602161387	1.0	0.3348534347005774
de	1.0	1.0	1.0	1.0	0.27567302533057597	1.0	0.5354650959350142	0.20578583467779904	0.23484725395061484	0.19396844401553967	0.4404354321566543	0.7411828468492555	0.35701370474937916	0.3417381913687028	0.19234529641161466	0.43598043990030955	0.4146463980127296	0.7455134344225701	1.0	1.0	1.0	0.22812162045352766	0.2748483765052167	0.2035549761079636	0.3195776933825241	0.35365546666095504	0.3281804929043912	1.0	0.4613740692129814	0.36345431021869534	0.3748462170125741	0.7347168825662656	0.37961568641395255	1.0	0.42046005774736855
el	1.0	1.0	1.0	1.0	0.46911835708105454	0.5354650959350142	1.0	0.3569265566630592	0.5621612246323733	0.331125929644007	1.0	1.0	0.589710054062492	0.38205559662319344	0.47901491912778943	1.0	1.0	1.0	1.0	1.0	1.0	0.7347168825662656	0.6504036062041291	0.6332460537063271	1.0	1.0	0.5922451652671327	1.0	1.0	1.0	0.7106824291060083	1.0	1.0	1.0	1.0
en	1.0	0.5455381281950756	1.0	0.4805954866802148	0.30335355754808546	0.20578583467779904	0.3569265566630592	1.0	0.22840166399664577	0.219619185647868	0.3591633877475902	0.29965145798722936	0.31038966292384956	0.27784877518606355	0.29395044871783776	0.37018960437438286	0.39507233420428556	0.33799565600260933	0.5455381281950756	0.5042139125013491	0.8216064286890065	0.28697967040346306	0.31120159878562237	0.22790093160158068	0.2669734034642604	0.40217224666687157	0.36156166923495986	1.0	0.25913139650793976	0.3562117861591162	0.30233770928950554	0.5717376257896487	0.4105838560715683	1.0	0.380785813097415
es	1.0	1.0	1.0	0.7690990303325336	0.2912585114140051	0.23484725395061484	0.5621612246323733	0.22840166399664577	1.0	0.18621594800829533	0.5006226032317044	0.7942219112853846	0.3329315694378114	0.34806342228272086	0.24596430923679505	0.3910315494701631	0.43196257224954576	0.8055567530094857	1.0	1.0	1.0	0.2908684277177657	0.35024871823778725	0.21051198896352707	0.2908681625826995	0.31792699488075976	0.33833715951326865	1.0	0.4843142824588727	0.4241944535854785	0.32947650027716385	0.7322034805959263	0.5030197643389469	1.0	0.39857845890920657
fr	1.0	1.0	1.0	1.0	0.40032534990549756	0.19396844401553967	0.331125929644007	0.219619185647868	0.18621594800829533	1.0	0.5387507399373241	0.7352927346756208	0.32541933300154346	0.3127512244187497	0.22959366978431547	0.21390654647619756	0.43616480347719516	0.7455134344225701	1.0	1.0	1.0	0.24221418536185219	0.3476350416828808	0.1894114641661462	0.29713879368721263	0.30155737543958955	0.289767835906842	1.0	0.4578408116927796	0.4168794458646212	0.32155802863378635	0.6786291688147437	0.42955872422389907	1.0	0.3639081058865394
he	0.0	1.0	1.0	1.0	0.6663902886748824	0.4404354321566543	1.0	0.3591633877475902	0.5006226032317044	0.5387507399373241	1.0	1.0	0.6585785515191102	0.6110569957520271	0.3841002161266821	1.0	1.0	1.0	1.0	1.0	1.0	0.6112110469160357	0.5866355342051892	0.3787226947300405	0.35138105449389756	1.0	0.41761440203049993	1.0	0.7411828468492555	1.0	0.7347168825662657	1.0	0.7376607345031153	1.0	1.0
hi	1.0	1.0	1.0	1.0	0.3678117766877156	0.7411828468492555	1.0	0.29965145798722936	0.7942219112853846	0.7352927346756208	1.0	1.0	0.7584325078215765	0.7455134344225701	0.6837612723150984	1.0	1.0	1.0	1.0	1.0	1.0	1.0	0.6688083895376624	0.5765812944383589	0.7584325078215763	1.0	0.36166331530527873	1.0	0.6395657813917608	1.0	0.7455134344225701	1.0	1.0	0.0	1.0
hu	1.0	1.0	1.0	0.7863954451402115	0.34949167418697735	0.35701370474937916	0.589710054062492	0.31038966292384956	0.3329315694378114	0.32541933300154346	0.6585785515191102	0.7584325078215765	1.0	0.3989276470668109	0.31443832137653277	0.4494167263593163	0.5446978788357543	0.6524007805500077	1.0	1.0	1.0	0.31980862551220024	0.40468381361545047	0.37573020099765286	0.5250177761991545	0.42838786080539565	0.3877934206673315	1.0	0.6380732827477678	0.589710054062492	0.6135806428888736	1.0	0.7584325078215763	1.0	0.5350457734771283
id	1.0	1.0	1.0	1.0	0.4387160582951308	0.3417381913687028	0.38205559662319344	0.27784877518606355	0.34806342228272086	0.3127512244187497	0.6110569957520271	0.7455134344225701	0.3989276470668109	1.0	0.32358654599683895	0.4255571638966572	0.4055487661118215	1.0	1.0	1.0	1.0	0.3630709686050486	0.34891687331055515	0.2550356666951437	0.2751306094239188	0.41572748825978834	0.31465716697862695	1.0	0.5081121588197689	0.4090320259489738	0.356129720480891	1.0	0.6575660918451188	1.0	0.42963863581505185
it	1.0	0.8216064286890065	1.0	0.7690990303325336	0.23684366834349133	0.19234529641161466	0.47901491912778943	0.29395044871783776	0.24596430923679505	0.22959366978431547	0.3841002161266821	0.6837612723150984	0.31443832137653277	0.32358654599683895	1.0	0.36154560524728396	0.3504565026987999	0.582790962442042	0.8216064286890065	1.0	1.0	0.31768521757647883	0.302912577890127	0.20401107241247887	0.31162219360872945	0.3729395425786933	0.30561610021588487	1.0	0.3823237192430315	0.4069509640848584	0.2940443586027161	0.4028567426157023	0.355315821261395	1.0	0.39441749828136863
ja	1.0	1.0	1.0	1.0	0.32836604249754575	0.43598043990030955	1.0	0.37018960437438286	0.3910315494701631	0.21390654647619756	1.0	1.0	0.4494167263593163	0.4255571638966572	0.36154560524728396	1.0	0.7141080454298697	1.0	1.0	1.0	1.0	0.48091894510769856	0.4469066127122376	0.19285588086131658	0.3268402025098733	0.6347682821978926	0.3657293833130556	1.0	0.5343528227450525	1.0	0.5425548229916278	1.0	0.7376607345031153	1.0	0.7128329397683223
ko	1.0	1.0	1.0	1.0	0.3301837585087671	0.4146463980127296	1.0	0.39507233420428556	0.43196257224954576	0.43616480347719516	1.0	1.0	0.5446978788357543	0.4055487661118215	0.3504565026987999	0.7141080454298697	1.0	1.0	1.0	1.0	1.0	0.5017460989611203	0.4393360439621008	0.27279516039403073	0.3268402025098733	0.7162976956558118	0.3853490742918714	1.0	0.5343528227450525	1.0	0.44048688604665326	1.0	0.7376607345031153	1.0	0.7155258672934656
lv	1.0	1.0	1.0	1.0	0.3862158451710585	0.7455134344225701	1.0	0.33799565600260933	0.8055567530094857	0.7455134344225701	1.0	1.0	0.6524007805500077	1.0	0.582790962442042	1.0	1.0	1.0	1.0	1.0	1.0	1.0	0.74551343442257	0.7455134344225701	0.6524007805500077	1.0	0.42437260091220824	1.0	0.7455134344225701	1.0	0.7106922308883379	1.0	1.0	1.0	1.0
mk	0.0	1.0	0.0	1.0	1.0	1.0	1.0	0.5455381281950756	1.0	1.0	1.0	1.0	1.0	1.0	0.8216064286890065	1.0	1.0	1.0	1.0	1.0	1.0	1.0	1.0	1.0	1.0	1.0	0.8216064286890065	1.0	1.0	1.0	1.0	1.0	1.0	0.0	1.0
ml	1.0	1.0	1.0	0.0	0.5660160774121898	1.0	1.0	0.5042139125013491	1.0	1.0	1.0	1.0	1.0	1.0	1.0	1.0	1.0	1.0	1.0	1.0	0.0	1.0	1.0	1.0	1.0	1.0	1.0	1.0	1.0	1.0	1.0	1.0	1.0	0.0	1.0
mr	0.0	1.0	0.0	1.0	1.0	1.0	1.0	0.8216064286890065	1.0	1.0	1.0	1.0	1.0	1.0	1.0	1.0	1.0	1.0	1.0	0.0	1.0	1.0	1.0	1.0	1.0	1.0	0.8216064286890065	1.0	1.0	1.0	1.0	1.0	1.0	1.0	1.0
nl	1.0	1.0	1.0	1.0	0.30480533625032424	0.22812162045352766	0.7347168825662656	0.28697967040346306	0.2908684277177657	0.24221418536185219	0.6112110469160357	1.0	0.31980862551220024	0.3630709686050486	0.31768521757647883	0.48091894510769856	0.5017460989611203	1.0	1.0	1.0	1.0	1.0	0.3239278961763529	0.2522920284908963	0.2938905054475714	0.4015151552091082	0.36955183548977	1.0	0.49765169558638356	0.553597750767838	0.35610349345107795	0.28722200251259794	0.5850846505502784	1.0	0.4531781772663816
pl	1.0	1.0	1.0	0.7690990303325336	0.32045804094894853	0.2748483765052167	0.6504036062041291	0.31120159878562237	0.35024871823778725	0.3476350416828808	0.5866355342051892	0.6688083895376624	0.40468381361545047	0.34891687331055515	0.302912577890127	0.4469066127122376	0.4393360439621008	0.74551343442257	1.0	1.0	1.0	0.3239278961763529	1.0	0.223602460478709	0.3131058757375592	0.3537639073552842	0.343996902211931	1.0	0.48499009293027545	0.5945264701686552	0.3448609964339517	1.0	0.6184156762582913	1.0	0.46275441907931014
pt	1.0	1.0	1.0	1.0	0.2734124764072277	0.2035549761079636	0.6332460537063271	0.22790093160158068	0.21051198896352707	0.1894114641661462	0.3787226947300405	0.5765812944383589	0.37573020099765286	0.2550356666951437	0.20401107241247887	0.19285588086131658	0.27279516039403073	0.7455134344225701	1.0	1.0	1.0	0.2522920284908963	0.223602460478709	1.0	0.3122404816567962	0.2561146221905603	0.2167468485236643	1.0	0.35529681908650185	0.33334194291259955	0.29472461646667303	0.5211347141586142	0.5453310474564076	1.0	0.20101038526449058
ro	1.0	1.0	1.0	0.7690990303325336	0.343032727674674	0.3195776933825241	1.0	0.2669734034642604	0.2908681625826995	0.29713879368721263	0.35138105449389756	0.7584325078215763	0.5250177761991545	0.2751306094239188	0.31162219360872945	0.3268402025098733	0.3268402025098733	0.6524007805500077	1.0	1.0	1.0	0.2938905054475714	0.3131058757375592	0.3122404816567962	1.0	0.28609529754821666	0.3252431662866699	1.0	0.3659195460681384	0.3268402025098733	0.2923727417579738	1.0	0.7584325078215763	1.0	0.3971890176159218
ru	1.0	1.0	0.0	1.0	0.31124755981613567	0.35365546666095504	1.0	0.40217224666687157	0.31792699488075976	0.30155737543958955	1.0	1.0	0.42838786080539565	0.41572748825978834	0.3729395425786933	0.6347682821978926	0.7162976956558118	1.0	1.0	1.0	1.0	0.4015151552091082	0.3537639073552842	0.2561146221905603	0.28609529754821666	1.0	0.4196518828683722	1.0	0.5343528227450525	0.7199285383279772	0.4181625847351809	1.0	0.7376607345031153	1.0	0.7147973711694583
sh	1.0	0.8216064286890065	1.0	0.6983438190355966	0.3328261780095787	0.3281804929043912	0.5922451652671327	0.36156166923495986	0.33833715951326865	0.289767835906842	0.41761440203049993	0.36166331530527873	0.3877934206673315	0.31465716697862695	0.30561610021588487	0.3657293833130556	0.3853490742918714	0.42437260091220824	0.8216064286890065	1.0	0.8216064286890065	0.36955183548977	0.343996902211931	0.2167468485236643	0.3252431662866699	0.4196518828683722	1.0	1.0	0.524514039951214	0.4685066610160146	0.43143340985555695	0.5082117211026091	0.5974697125347314	1.0	0.4036920946825997
si	0.0	0.0	0.0	1.0	1.0	1.0	1.0	1.0	1.0	1.0	1.0	1.0	1.0	1.0	1.0	1.0	1.0	1.0	1.0	1.0	1.0	1.0	1.0	1.0	1.0	1.0	1.0	1.0	1.0	1.0	1.0	1.0	1.0	1.0	1.0
simple	1.0	1.0	1.0	1.0	0.34743598568792433	0.4613740692129814	1.0	0.25913139650793976	0.4843142824588727	0.4578408116927796	0.7411828468492555	0.6395657813917608	0.6380732827477678	0.5081121588197689	0.3823237192430315	0.5343528227450525	0.5343528227450525	0.7455134344225701	1.0	1.0	1.0	0.49765169558638356	0.48499009293027545	0.35529681908650185	0.3659195460681384	0.5343528227450525	0.524514039951214	1.0	1.0	0.629896233114065	0.5208182432871798	1.0	0.8602847163987823	1.0	0.5410229996946755
sr	1.0	1.0	1.0	1.0	0.3493685980113403	0.36345431021869534	1.0	0.3562117861591162	0.4241944535854785	0.4168794458646212	1.0	1.0	0.589710054062492	0.4090320259489738	0.4069509640848584	1.0	1.0	1.0	1.0	1.0	1.0	0.553597750767838	0.5945264701686552	0.33334194291259955	0.3268402025098733	0.7199285383279772	0.4685066610160146	1.0	0.629896233114065	1.0	0.4134893907855427	0.6786291688147438	0.7455134344225701	1.0	1.0
sv	1.0	1.0	1.0	0.7690990303325336	0.3006628642020898	0.3748462170125741	0.7106824291060083	0.30233770928950554	0.32947650027716385	0.32155802863378635	0.7347168825662657	0.7455134344225701	0.6135806428888736	0.356129720480891	0.2940443586027161	0.5425548229916278	0.44048688604665326	0.7106922308883379	1.0	1.0	1.0	0.35610349345107795	0.3448609964339517	0.29472461646667303	0.2923727417579738	0.4181625847351809	0.43143340985555695	1.0	0.5208182432871798	0.4134893907855427	1.0	0.7347168825662657	0.6572846022672738	1.0	0.4699568349354372
te	0.0	0.7584325078215763	1.0	1.0	1.0	0.7347168825662656	1.0	0.5717376257896487	0.7322034805959263	0.6786291688147437	1.0	1.0	1.0	1.0	0.4028567426157023	1.0	1.0	1.0	1.0	1.0	1.0	0.28722200251259794	1.0	0.5211347141586142	1.0	1.0	0.5082117211026091	1.0	1.0	0.6786291688147438	0.7347168825662657	1.0	1.0	1.0	1.0
vi	1.0	1.0	1.0	1.0	0.3333398602161387	0.37961568641395255	1.0	0.4105838560715683	0.5030197643389469	0.42955872422389907	0.7376607345031153	1.0	0.7584325078215763	0.6575660918451188	0.355315821261395	0.7376607345031153	0.7376607345031153	1.0	1.0	1.0	1.0	0.5850846505502784	0.6184156762582913	0.5453310474564076	0.7584325078215763	0.7376607345031153	0.5974697125347314	1.0	0.8602847163987823	0.7455134344225701	0.6572846022672738	1.0	1.0	1.0	1.0
war	0.0	0.0	0.0	0.0	1.0	1.0	1.0	1.0	1.0	1.0	1.0	0.0	1.0	1.0	1.0	1.0	1.0	1.0	0.0	0.0	1.0	1.0	1.0	1.0	1.0	1.0	1.0	1.0	1.0	1.0	1.0	1.0	1.0	1.0	0.0
zh	1.0	1.0	1.0	1.0	0.3348534347005774	0.42046005774736855	1.0	0.380785813097415	0.39857845890920657	0.3639081058865394	1.0	1.0	0.5350457734771283	0.42963863581505185	0.39441749828136863	0.7128329397683223	0.7155258672934656	1.0	1.0	1.0	1.0	0.4531781772663816	0.46275441907931014	0.20101038526449058	0.3971890176159218	0.7147973711694583	0.4036920946825997	1.0	0.5410229996946755	1.0	0.4699568349354372	1.0	1.0	0.0	1.0
