arz	bs	ceb	ckb	da	de	el	en	es	fr	he	hi	hu	id	it	ja	ko	lv	mk	ml	mr	nl	pl	pt	ro	ru	sh	si	simple	sr	sv	te	tr	vi	war	zh
arz	0.5	0.125	0.0	0.1	0.09090909090909091	0.015873015873015872	0.1	0.0072992700729927005	0.0196078431372549	0.014084507042253521	0.03125	0.07142857142857142	0.05	0.08333333333333333	0.02127659574468085	0.017857142857142856	0.023809523809523808	0.14285714285714285	0.125	0.2	0.3333333333333333	0.023255813953488372	0.02702702702702703	0.022727272727272728	0.07692307692307693	0.01694915254237288	0.125	0.125	0.07692307692307693	0.0625	0.03225806451612903	0.5	0.05555555555555555	0.0625	0.25	0.02
bs	0.125	1.0	0.013888888888888888	0.0005773672055427252	0.002886836027713626	0.21476512514462587	0.04720678362099253	0.14253627476534844	0.08876771760640559	0.363694595807882	0.0074455899198167235	0.0005773672055427252	0.04257285552440218	0.029246179116202663	0.0408665890124619	0.03707491800245321	0.044382718285662905	0.0005773672055427252	0.48385236447520186	0.0005773672055427252	0.1875	0.5104405652070628	0.4630518686199027	0.4625911979395907	0.06931065665762359	0.4673939142582729	0.4277820604624323	0.1875	0.0023094688221709007	0.5042749009373967	0.03860033518172408	0.125	0.18421052631578946	0.07567932537916314	0.25	0.27386058181896433
ceb	0.0	0.013888888888888888	0.5	0.0	0.0048543689320388345	0.0011389521640091116	0.0	0.00035587188612099647	0.0007639419404125286	0.0003184713375796178	0.0038461538461538464	0.006756756756756757	0.0033783783783783786	0.004651162790697674	0.0015772870662460567	0.0034482758620689655	0.005235602094240838	0.00819672131147541	0.006666666666666667	0.009615384615384616	0.0	0.001006036217303823	0.0022026431718061676	0.002070393374741201	0.006493506493506494	0.0014749262536873156	0.005434782608695652	0.02702702702702703	0.006756756756756757	0.0037593984962406013	0.001838235294117647	0.0	-1.0	0.006993006993006993	0.038461538461538464	0.002631578947368421
ckb	0.1	0.0005773672055427252	0.0	0.5	0.0	0.0012853470437017994	0.006329113924050633	0.001953125	0.0	0.0008278145695364238	0.0	0.0	0.0	0.0	0.0	0.006578947368421052	0.0	0.0	0.0005952380952380953	0.0	0.15	0.0005868544600938967	0.0006031363088057901	0.0006075334143377885	0.0	0.0005980861244019139	0.0006915629322268327	0.15	0.0	0.000580046403712297	0.007142857142857143	0.1	0.2	0.0	0.2	0.0010245901639344263
da	0.09090909090909091	0.002886836027713626	0.0048543689320388345	0.0	0.5	0.005128205128205128	0.012195121951219513	0.007782101167315175	0.012195121951219513	0.003305785123966942	0.06818181818181818	0.1	0.019736842105263157	0.018518518518518517	0.02247191011235955	0.025974025974025976	0.024390243902439025	0.1	0.0017814726840855108	0.1	0.13636363636363635	0.0023446658851113715	0.0024096385542168677	0.0024271844660194173	0.01293103448275862	0.0023894862604540022	0.0020689655172413794	0.13636363636363635	0.14285714285714285	0.002317497103128621	0.020833333333333332	0.09090909090909091	0.13043478260869565	0.015151515151515152	0.18181818181818182	0.00408997955010225
de	0.015873015873015872	0.21476512514462587	0.0011389521640091116	0.0012853470437017994	0.005128205128205128	1.0	0.099172734164272	0.2489493899266879	0.18199342687397296	0.17819408207799306	0.023017902813299233	0.0012853470437017994	0.08910363102798827	0.06252582004461704	0.09476309226932668	0.09515271621965427	0.09878588179416392	0.0012853470437017994	0.21536670547147846	0.0012853470437017994	0.023809523809523808	0.21507538286840003	0.2265175763639748	0.23062066893342975	0.14517481373029453	0.2044480923364494	0.17231026779699518	0.023809523809523808	0.005141388174807198	0.21515790889031633	0.08880589107861836	0.015873015873015872	0.1044776119402985	0.15888584218050578	0.031746031746031744	0.1814695787875618
el	0.1	0.04720678362099253	0.0	0.006329113924050633	0.012195121951219513	0.099172734164272	1.0	0.15683633199288505	0.18848931539374753	0.06350901148566503	0.026595744680851064	0.006329113924050633	0.2464611479972797	0.204047759276115	0.10151056370093799	0.1687122145096283	0.21903927068723703	0.006329113924050633	0.04702380952380952	0.006329113924050633	0.15	0.04710861614179197	0.04836375884911804	0.047469063179652125	0.24370200608493295	0.04075693491384445	0.050085192220609594	0.15	0.006097560975609756	0.047143362363083405	0.15571406463231052	0.1	0.2	0.1912906388278	0.2	0.0741067560480653
en	0.0072992700729927005	0.14253627476534844	0.00035587188612099647	0.001953125	0.007782101167315175	0.2489493899266879	0.15683633199288505	1.0	0.2824848776498397	0.17868247968466436	0.0390625	0.001953125	0.1541623935722163	0.10478414555262644	0.14969124870644615	0.14867214735854117	0.1657505969142556	0.001953125	0.13646922183507548	0.001953125	0.010948905109489052	0.144632903697803	0.15246445315424506	0.15074854968498533	0.2656675070356473	0.1331296210646676	0.14396963329399567	0.010948905109489052	0.0078125	0.13945791571206428	0.1203741518149195	0.0072992700729927005	0.06569343065693431	0.2633030701266064	0.014598540145985401	0.18947607703707445
es	0.0196078431372549	0.08876771760640559	0.0007639419404125286	0.0	0.012195121951219513	0.18199342687397296	0.18848931539374753	0.2824848776498397	1.0	0.1257268982605979	0.03823529411764706	0.003067484662576687	0.2159162150922081	0.15309433238500145	0.15706806282722513	0.17897727272727273	0.23179836799951736	0.003067484662576687	0.09069493521790342	0.003067484662576687	0.029411764705882353	0.0909060662249373	0.09759036144578313	0.09613059250302297	0.3266780330222541	0.08013937282229965	0.09465457028880468	0.029411764705882353	0.012269938650306749	0.08772935779816514	0.143646408839779	0.0196078431372549	0.12727272727272726	0.32668162280371016	0.0392156862745098	0.147117296222664
fr	0.014084507042253521	0.363694595807882	0.0003184713375796178	0.0008278145695364238	0.003305785123966942	0.17819408207799306	0.06350901148566503	0.17868247968466436	0.1257268982605979	1.0	0.011482192440042891	0.0008278145695364238	0.061666248261820766	0.04229237683420589	0.059088002402931036	0.0574380595114106	0.06817216163058207	0.0008278145695364238	0.33371824480369516	0.0008278145695364238	0.02112676056338028	0.3640036948299877	0.35723507267088744	0.35737177117587254	0.1038405021135248	0.33290968442610913	0.4028931388983541	0.02112676056338028	0.0033112582781456954	0.34293341636439345	0.05533854217544877	0.014084507042253521	0.10135135135135136	0.10182402987871825	0.028169014084507043	0.39434440442843804
he	0.03125	0.0074455899198167235	0.0038461538461538464	0.0	0.06818181818181818	0.023017902813299233	0.026595744680851064	0.0390625	0.03823529411764706	0.011482192440042891	1.0	0.025	0.022222222222222223	0.014492753623188406	0.08695652173913043	0.07142857142857142	0.04891304347826087	0.025	0.007674144037780401	0.025	0.046875	0.007566938300349243	0.012062726176115802	0.011529126213592233	0.027559055118110236	0.011961722488038277	0.006154615598150162	0.046875	0.045454545454545456	0.007479861910241657	0.03571428571428571	0.03125	0.125	0.024305555555555556	0.0625	0.01417004048582996
hi	0.07142857142857142	0.0005773672055427252	0.006756756756756757	0.0	0.1	0.0012853470437017994	0.006329113924050633	0.001953125	0.003067484662576687	0.0008278145695364238	0.025	0.5	0.006756756756756757	0.00980392156862745	0.005681818181818182	0.006578947368421052	0.006172839506172839	0.5	0.0005952380952380953	0.5	0.10714285714285714	0.0005868544600938967	0.0006031363088057901	0.0006075334143377885	0.0043859649122807015	0.0005980861244019139	0.0	0.10714285714285714	0.125	0.000580046403712297	0.007142857142857143	0.07142857142857142	0.16666666666666666	0.003816793893129771	0.14285714285714285	0.0010245901639344263
hu	0.05	0.04257285552440218	0.0033783783783783786	0.0	0.019736842105263157	0.08910363102798827	0.2464611479972797	0.1541623935722163	0.2159162150922081	0.061666248261820766	0.022222222222222223	0.006756756756756757	1.0	0.30512449134423064	0.13435650411734432	0.20173202760512154	0.42261985018726594	0.006756756756756757	0.042111506524317915	0.006756756756756757	0.075	0.04411403606078487	0.044807619722026445	0.0434760509141581	0.3636824569027959	0.03753924465580129	0.04698839506009432	0.075	0.013157894736842105	0.041966070929631165	0.16901899285589822	0.05	0.13333333333333333	0.2652145861026251	0.1	0.07758282229276964
id	0.08333333333333333	0.029246179116202663	0.004651162790697674	0.0	0.018518518518518517	0.06252582004461704	0.204047759276115	0.10478414555262644	0.15309433238500145	0.04229237683420589	0.014492753623188406	0.00980392156862745	0.30512449134423064	1.0	0.10045026699248802	0.21708545154292005	0.29012068965517246	0.00980392156862745	0.029726516052318668	0.00980392156862745	0.125	0.02966441993374401	0.030965967406285242	0.03033980582524272	0.21367358132064015	0.02641860840979852	0.033520514328408205	0.125	0.028846153846153848	0.029453282150521214	0.19022851296043655	0.08333333333333333	0.21428571428571427	0.1767557199142877	0.16666666666666666	0.053150858739177714
it	0.02127659574468085	0.0408665890124619	0.0015772870662460567	0.0	0.02247191011235955	0.09476309226932668	0.10151056370093799	0.14969124870644615	0.15706806282722513	0.059088002402931036	0.08695652173913043	0.005681818181818182	0.13435650411734432	0.10045026699248802	1.0	0.19491525423728814	0.13722989693654059	0.005681818181818182	0.041423570595099185	0.005681818181818182	0.031914893617021274	0.04282797983090804	0.05042016806722689	0.04879518072289157	0.1279851257606566	0.04758723852332639	0.04001783783950956	0.031914893617021274	0.022727272727272728	0.04042558692729341	0.14227642276422764	0.02127659574468085	0.15	0.11906317928026483	0.0425531914893617	0.0691699604743083
ja	0.017857142857142856	0.03707491800245321	0.0034482758620689655	0.006578947368421052	0.025974025974025976	0.09515271621965427	0.1687122145096283	0.14867214735854117	0.17897727272727273	0.0574380595114106	0.07142857142857142	0.006578947368421052	0.20173202760512154	0.21708545154292005	0.19491525423728814	1.0	0.2149495612726079	0.006578947368421052	0.03755868544600939	0.006578947368421052	0.026785714285714284	0.037088503840948514	0.045838359469240045	0.04550970873786408	0.16991596040891815	0.0441527446300716	0.03770883160264398	0.026785714285714284	0.01282051282051282	0.036613272311212815	0.22642191226421912	0.017857142857142856	0.1271186440677966	0.14731826241134752	0.03571428571428571	0.0696969696969697
ko	0.023809523809523808	0.044382718285662905	0.005235602094240838	0.0	0.024390243902439025	0.09878588179416392	0.21903927068723703	0.1657505969142556	0.23179836799951736	0.06817216163058207	0.04891304347826087	0.006172839506172839	0.42261985018726594	0.29012068965517246	0.13722989693654059	0.2149495612726079	1.0	0.006172839506172839	0.044326241134751775	0.006172839506172839	0.03571428571428571	0.045362665143118486	0.04799420547838282	0.04929698498893825	0.33257448376187865	0.039158715654626114	0.05084592194231627	0.03571428571428571	0.012048192771084338	0.043764602184627605	0.1581243032329989	0.023809523809523808	0.13829787234042554	0.2735064935064935	0.047619047619047616	0.08261845769054811
lv	0.14285714285714285	0.0005773672055427252	0.00819672131147541	0.0	0.1	0.0012853470437017994	0.006329113924050633	0.001953125	0.003067484662576687	0.0008278145695364238	0.025	0.5	0.006756756756756757	0.00980392156862745	0.005681818181818182	0.006578947368421052	0.006172839506172839	0.5	0.0005952380952380953	0.5	0.21428571428571427	0.0005868544600938967	0.0006031363088057901	0.0006075334143377885	0.0043859649122807015	0.0005980861244019139	0.0	0.21428571428571427	0.125	0.000580046403712297	0.007142857142857143	0.14285714285714285	0.19444444444444445	0.003816793893129771	0.2857142857142857	0.0010245901639344263
mk	0.125	0.48385236447520186	0.006666666666666667	0.0005952380952380953	0.0017814726840855108	0.21536670547147846	0.04702380952380952	0.13646922183507548	0.09069493521790342	0.33371824480369516	0.007674144037780401	0.0005952380952380953	0.042111506524317915	0.029726516052318668	0.041423570595099185	0.03755868544600939	0.044326241134751775	0.0005952380952380953	0.5	0.0005952380952380953	0.1875	0.486013986013986	0.4591954022988506	0.461271676300578	0.0665083135391924	0.4632183908045977	0.4045138888888889	0.1875	0.002380952380952381	0.4838150289017341	0.03909952606635071	0.125	0.2222222222222222	0.07591933570581258	0.25	0.2703016241299304
ml	0.2	0.0005773672055427252	0.009615384615384616	0.0	0.1	0.0012853470437017994	0.006329113924050633	0.001953125	0.003067484662576687	0.0008278145695364238	0.025	0.5	0.006756756756756757	0.00980392156862745	0.005681818181818182	0.006578947368421052	0.006172839506172839	0.5	0.0005952380952380953	0.5	0.3	0.0005868544600938967	0.0006031363088057901	0.0006075334143377885	0.0043859649122807015	0.0005980861244019139	0.0	0.3	0.125	0.000580046403712297	0.007142857142857143	0.2	0.1388888888888889	0.003816793893129771	0.4	0.0010245901639344263
mr	0.3333333333333333	0.1875	0.0	0.15	0.13636363636363635	0.023809523809523808	0.15	0.010948905109489052	0.029411764705882353	0.02112676056338028	0.046875	0.10714285714285714	0.075	0.125	0.031914893617021274	0.026785714285714284	0.03571428571428571	0.21428571428571427	0.1875	0.3	0.5	0.03488372093023256	0.04054054054054054	0.03409090909090909	0.11538461538461539	0.025423728813559324	0.1875	0.1	0.11538461538461539	0.09375	0.04838709677419355	0.3333333333333333	0.08333333333333333	0.09375	0.375	0.03
nl	0.023255813953488372	0.5104405652070628	0.001006036217303823	0.0005868544600938967	0.0023446658851113715	0.21507538286840003	0.04710861614179197	0.144632903697803	0.0909060662249373	0.3640036948299877	0.007566938300349243	0.0005868544600938967	0.04411403606078487	0.02966441993374401	0.04282797983090804	0.037088503840948514	0.045362665143118486	0.0005868544600938967	0.486013986013986	0.0005868544600938967	0.03488372093023256	1.0	0.4695334265515176	0.4700942770778676	0.07039889311922917	0.4771285844129331	0.41818450061703855	0.03488372093023256	0.002347417840375587	0.49303626226094577	0.03986407294316229	0.023255813953488372	0.14893617021276595	0.07621323232047715	0.046511627906976744	0.27916470455477727
pl	0.02702702702702703	0.4630518686199027	0.0022026431718061676	0.0006031363088057901	0.0024096385542168677	0.2265175763639748	0.04836375884911804	0.15246445315424506	0.09759036144578313	0.35723507267088744	0.012062726176115802	0.0006031363088057901	0.044807619722026445	0.030965967406285242	0.05042016806722689	0.045838359469240045	0.04799420547838282	0.0006031363088057901	0.4591954022988506	0.0006031363088057901	0.04054054054054054	0.4695334265515176	1.0	0.4897286562777083	0.06975355514011505	0.4643677228384864	0.38707779448113555	0.04054054054054054	0.0024125452352231603	0.4606339929989462	0.04183421790054107	0.02702702702702703	0.125	0.08006274986169315	0.05405405405405406	0.29096303400716855
pt	0.022727272727272728	0.4625911979395907	0.002070393374741201	0.0006075334143377885	0.0024271844660194173	0.23062066893342975	0.047469063179652125	0.15074854968498533	0.09613059250302297	0.35737177117587254	0.011529126213592233	0.0006075334143377885	0.0434760509141581	0.03033980582524272	0.04879518072289157	0.04550970873786408	0.04929698498893825	0.0006075334143377885	0.461271676300578	0.0006075334143377885	0.03409090909090909	0.4700942770778676	0.4897286562777083	1.0	0.06952084628945299	0.4592338859947509	0.38811801689865866	0.03409090909090909	0.002430133657351154	0.4603204803356506	0.04226294307114386	0.022727272727272728	0.17391304347826086	0.0797696271793041	0.045454545454545456	0.29125517910526044
ro	0.07692307692307693	0.06931065665762359	0.006493506493506494	0.0	0.01293103448275862	0.14517481373029453	0.24370200608493295	0.2656675070356473	0.3266780330222541	0.1038405021135248	0.027559055118110236	0.0043859649122807015	0.3636824569027959	0.21367358132064015	0.1279851257606566	0.16991596040891815	0.33257448376187865	0.0043859649122807015	0.0665083135391924	0.0043859649122807015	0.11538461538461539	0.07039889311922917	0.06975355514011505	0.06952084628945299	1.0	0.053994304767868054	0.07902593576702413	0.11538461538461539	0.013043478260869565	0.06823325046216612	0.14467448210110245	0.07692307692307693	0.23809523809523808	0.4064296139390104	0.15384615384615385	0.11945363546732174
ru	0.01694915254237288	0.4673939142582729	0.0014749262536873156	0.0005980861244019139	0.0023894862604540022	0.2044480923364494	0.04075693491384445	0.1331296210646676	0.08013937282229965	0.33290968442610913	0.011961722488038277	0.0005980861244019139	0.03753924465580129	0.02641860840979852	0.04758723852332639	0.0441527446300716	0.039158715654626114	0.0005980861244019139	0.4632183908045977	0.0005980861244019139	0.025423728813559324	0.4771285844129331	0.4643677228384864	0.4592338859947509	0.053994304767868054	1.0	0.3881715254704958	0.025423728813559324	0.0023923444976076554	0.4648613044637801	0.04121863799283154	0.01694915254237288	0.12096774193548387	0.062491628694864285	0.03389830508474576	0.2686000972629159
sh	0.125	0.4277820604624323	0.005434782608695652	0.0006915629322268327	0.0020689655172413794	0.17231026779699518	0.050085192220609594	0.14396963329399567	0.09465457028880468	0.4028931388983541	0.006154615598150162	0.0	0.04698839506009432	0.033520514328408205	0.04001783783950956	0.03770883160264398	0.05084592194231627	0.0	0.4045138888888889	0.0	0.1875	0.41818450061703855	0.38707779448113555	0.38811801689865866	0.07902593576702413	0.3881715254704958	1.0	0.1875	0.001379310344827586	0.42169477795557986	0.04099888567375299	0.125	0.2222222222222222	0.0826292267580499	0.25	0.3164283897887611
si	0.125	0.1875	0.02702702702702703	0.15	0.13636363636363635	0.023809523809523808	0.15	0.010948905109489052	0.029411764705882353	0.02112676056338028	0.046875	0.10714285714285714	0.075	0.125	0.031914893617021274	0.026785714285714284	0.03571428571428571	0.21428571428571427	0.1875	0.3	0.1	0.03488372093023256	0.04054054054054054	0.03409090909090909	0.11538461538461539	0.025423728813559324	0.1875	0.5	0.11538461538461539	0.09375	0.04838709677419355	0.125	0.08333333333333333	0.09375	0.2	0.03
simple	0.07692307692307693	0.0023094688221709007	0.006756756756756757	0.0	0.14285714285714285	0.005141388174807198	0.006097560975609756	0.0078125	0.012269938650306749	0.0033112582781456954	0.045454545454545456	0.125	0.013157894736842105	0.028846153846153848	0.022727272727272728	0.01282051282051282	0.012048192771084338	0.125	0.002380952380952381	0.125	0.11538461538461539	0.002347417840375587	0.0024125452352231603	0.002430133657351154	0.013043478260869565	0.0023923444976076554	0.001379310344827586	0.11538461538461539	0.5	0.002320185614849188	0.02112676056338028	0.07692307692307693	0.20454545454545456	0.011363636363636364	0.15384615384615385	0.004098360655737705
sr	0.0625	0.5042749009373967	0.0037593984962406013	0.000580046403712297	0.002317497103128621	0.21515790889031633	0.047143362363083405	0.13945791571206428	0.08772935779816514	0.34293341636439345	0.007479861910241657	0.000580046403712297	0.041966070929631165	0.029453282150521214	0.04042558692729341	0.036613272311212815	0.043764602184627605	0.000580046403712297	0.4838150289017341	0.000580046403712297	0.09375	0.49303626226094577	0.4606339929989462	0.4603204803356506	0.06823325046216612	0.4648613044637801	0.42169477795557986	0.09375	0.002320185614849188	1.0	0.038145100703791096	0.0625	0.20833333333333334	0.07544786270730434	0.125	0.27219581701690926
sv	0.03225806451612903	0.03860033518172408	0.001838235294117647	0.007142857142857143	0.020833333333333332	0.08880589107861836	0.15571406463231052	0.1203741518149195	0.143646408839779	0.05533854217544877	0.03571428571428571	0.007142857142857143	0.16901899285589822	0.19022851296043655	0.14227642276422764	0.22642191226421912	0.1581243032329989	0.007142857142857143	0.03909952606635071	0.007142857142857143	0.04838709677419355	0.03986407294316229	0.04183421790054107	0.04226294307114386	0.14467448210110245	0.04121863799283154	0.04099888567375299	0.04838709677419355	0.02112676056338028	0.038145100703791096	1.0	0.03225806451612903	0.21180555555555555	0.12941365979381442	0.06451612903225806	0.06363636363636363
te	0.5	0.125	0.0	0.1	0.09090909090909091	0.015873015873015872	0.1	0.0072992700729927005	0.0196078431372549	0.014084507042253521	0.03125	0.07142857142857142	0.05	0.08333333333333333	0.02127659574468085	0.017857142857142856	0.023809523809523808	0.14285714285714285	0.125	0.2	0.3333333333333333	0.023255813953488372	0.02702702702702703	0.022727272727272728	0.07692307692307693	0.01694915254237288	0.125	0.125	0.07692307692307693	0.0625	0.03225806451612903	0.5	0.05555555555555555	0.0625	0.25	0.02
tr	0.05555555555555555	0.18421052631578946	-1.0	0.2	0.13043478260869565	0.1044776119402985	0.2	0.06569343065693431	0.12727272727272726	0.10135135135135136	0.125	0.16666666666666666	0.13333333333333333	0.21428571428571427	0.15	0.1271186440677966	0.13829787234042554	0.19444444444444445	0.2222222222222222	0.1388888888888889	0.08333333333333333	0.14893617021276595	0.125	0.17391304347826086	0.23809523809523808	0.12096774193548387	0.2222222222222222	0.08333333333333333	0.20454545454545456	0.20833333333333334	0.21180555555555555	0.05555555555555555	1.0	0.18	0.1111111111111111	0.15384615384615385
vi	0.0625	0.07567932537916314	0.006993006993006993	0.0	0.015151515151515152	0.15888584218050578	0.1912906388278	0.2633030701266064	0.32668162280371016	0.10182402987871825	0.024305555555555556	0.003816793893129771	0.2652145861026251	0.1767557199142877	0.11906317928026483	0.14731826241134752	0.2735064935064935	0.003816793893129771	0.07591933570581258	0.003816793893129771	0.09375	0.07621323232047715	0.08006274986169315	0.0797696271793041	0.4064296139390104	0.062491628694864285	0.0826292267580499	0.09375	0.011363636363636364	0.07544786270730434	0.12941365979381442	0.0625	0.18	1.0	0.125	0.12531119669759128
war	0.25	0.25	0.038461538461538464	0.2	0.18181818181818182	0.031746031746031744	0.2	0.014598540145985401	0.0392156862745098	0.028169014084507043	0.0625	0.14285714285714285	0.1	0.16666666666666666	0.0425531914893617	0.03571428571428571	0.047619047619047616	0.2857142857142857	0.25	0.4	0.375	0.046511627906976744	0.05405405405405406	0.045454545454545456	0.15384615384615385	0.03389830508474576	0.25	0.2	0.15384615384615385	0.125	0.06451612903225806	0.25	0.1111111111111111	0.125	1.0	0.04
zh	0.02	0.27386058181896433	0.002631578947368421	0.0010245901639344263	0.00408997955010225	0.1814695787875618	0.0741067560480653	0.18947607703707445	0.147117296222664	0.39434440442843804	0.01417004048582996	0.0010245901639344263	0.07758282229276964	0.053150858739177714	0.0691699604743083	0.0696969696969697	0.08261845769054811	0.0010245901639344263	0.2703016241299304	0.0010245901639344263	0.03	0.27916470455477727	0.29096303400716855	0.29125517910526044	0.11945363546732174	0.2686000972629159	0.3164283897887611	0.03	0.004098360655737705	0.27219581701690926	0.06363636363636363	0.02	0.15384615384615385	0.12531119669759128	0.04	1.0
