arz	bs	ceb	ckb	da	de	el	en	es	fr	he	hi	hu	id	it	ja	ko	lv	mk	ml	mr	nl	pl	pt	ro	ru	sh	si	simple	sr	sv	te	vi	war	zh
arz	1.0	1.0	0.0	0.0	0.0	1.0	0.0	0.585786437626905	1.0	1.0	1.0	1.0	1.0	1.0	0.585786437626905	1.0	1.0	0.0	1.0	0.0	0.0	1.0	1.0	1.0	1.0	1.0	1.0	0.0	0.0	1.0	1.0	0.0	1.0	0.0	1.0
bs	1.0	1.0	1.0	1.0	0.5	0.4142135623730951	0.585786437626905	0.20521309615767264	0.3660254037844386	0.3090169943749474	0.44948974278317805	0.5	0.5	0.4142135623730951	0.38742588672279304	0.4142135623730951	0.4142135623730951	1.0	0.585786437626905	0.585786437626905	0.0	0.38742588672279304	0.44948974278317805	0.3090169943749474	0.32881309020609956	0.2958163163244893	0.4142135623730951	1.0	0.585786437626905	0.4142135623730951	0.4142135623730951	1.0	0.44948974278317805	1.0	0.4142135623730951
ceb	0.0	1.0	1.0	0.0	1.0	1.0	0.0	1.0	1.0	1.0	1.0	1.0	1.0	1.0	1.0	1.0	1.0	1.0	1.0	1.0	0.0	1.0	1.0	1.0	1.0	1.0	1.0	1.0	1.0	1.0	1.0	0.0	1.0	1.0	1.0
ckb	0.0	1.0	0.0	1.0	1.0	0.585786437626905	1.0	0.585786437626905	1.0	0.5	1.0	1.0	1.0	1.0	1.0	1.0	1.0	1.0	0.0	1.0	1.0	1.0	1.0	1.0	1.0	1.0	1.0	1.0	1.0	1.0	1.0	1.0	1.0	1.0	1.0
da	0.0	0.5	1.0	1.0	1.0	0.08965149060889713	0.32449979983983984	0.022525896956615887	0.11383557353039304	0.08025530382608688	0.13212968044166304	0.2612038749637415	0.24660605559646726	0.16903426192449822	0.13122197716763584	0.1896812679802183	0.17518814002874858	0.585786437626905	0.44948974278317805	0.5	1.0	0.12026451978248388	0.19382373427098679	0.1158457425543559	0.18740992571549211	0.0927075141095184	0.28989794855663564	0.585786437626905	0.38742588672279304	0.21089672205953397	0.11173380652316264	0.585786437626905	0.18660549686337075	1.0	0.12746602555403042
de	1.0	0.4142135623730951	1.0	0.585786437626905	0.08965149060889713	1.0	0.36602540378443865	0.0035514646834072074	0.062945041063949	0.008959896776141356	0.14779166813443093	0.38742588672279304	0.2025519956555797	0.06449750435583732	0.038986725063131215	0.13565184163711103	0.18001097668719743	1.0	0.585786437626905	0.4364916731037085	1.0	0.03677241738121429	0.14109423523255876	0.09667957012095553	0.16159977384274446	0.06593102182138857	0.18311860342005779	1.0	0.2741219255031908	0.23582845781094	0.07826132814705794	1.0	0.3203772410170407	0.585786437626905	0.10710461314257712
el	0.0	0.585786437626905	0.0	1.0	0.32449979983983984	0.36602540378443865	1.0	0.13187730439473622	0.585786437626905	0.20894541729001367	1.0	1.0	1.0	0.26533119314590375	0.2612038749637414	1.0	1.0	1.0	1.0	1.0	1.0	0.24660605559646726	0.4142135623730951	1.0	0.585786437626905	1.0	0.4142135623730951	1.0	0.39564392373896007	1.0	0.28989794855663564	1.0	1.0	1.0	1.0
en	0.585786437626905	0.20521309615767264	1.0	0.585786437626905	0.022525896956615887	0.0035514646834072074	0.13187730439473622	1.0	0.002060740240950385	0.004303773047193	0.02499399256917906	0.06439289704189329	0.0832807751786872	0.007229118528980237	0.004255653523423712	0.012798689083970466	0.04983272931440426	0.585786437626905	0.1856154626682773	0.2612038749637414	0.585786437626905	0.006761617157181456	0.03023054251677652	0.003986134654477557	0.04589363775732719	0.002584229101333891	0.06981270134407891	0.28989794855663564	0.12127550239018872	0.07933613558867436	0.01685377448924698	1.0	0.09603604224429309	0.44948974278317805	0.007227230595920451
es	1.0	0.3660254037844386	1.0	1.0	0.11383557353039304	0.062945041063949	0.585786437626905	0.002060740240950385	1.0	0.004537387296584932	0.2958163163244893	0.44948974278317805	0.44948974278317805	0.027568009691465546	0.01172451872956436	0.3660254037844386	0.3660254037844386	1.0	0.39564392373896007	1.0	1.0	0.03634701502902345	0.1585482616943639	0.15438708879488486	0.11941809090166393	0.18400240527946554	0.2012628451930092	1.0	0.25355482027512377	0.28989794855663564	0.06038657343853238	1.0	0.4142135623730951	0.585786437626905	0.1907435698305462
fr	1.0	0.3090169943749474	1.0	0.5	0.08025530382608688	0.008959896776141356	0.20894541729001367	0.004303773047193	0.004537387296584932	1.0	0.056476056345864965	0.18933139574356017	0.21498516621900873	0.018003996263420485	0.00765755043337172	0.035060304179361665	0.08668776138957036	0.4364916731037085	0.2791745113185196	0.23497542908541053	1.0	0.011657671354937409	0.0787867568616438	0.017032488569659936	0.08746428690071886	0.006513192862790377	0.16139047779640894	0.5	0.25355482027512377	0.15974667297574374	0.053597369206486264	1.0	0.179128784747792	0.585786437626905	0.04264740002599218
he	1.0	0.44948974278317805	1.0	1.0	0.13212968044166304	0.14779166813443093	1.0	0.02499399256917906	0.2958163163244893	0.056476056345864965	1.0	1.0	1.0	0.09246455849185635	0.12455606108103782	1.0	1.0	1.0	1.0	1.0	1.0	0.1261319836228832	0.28436465220442186	1.0	0.32449979983983984	1.0	0.3164309725825328	1.0	0.3090169943749474	1.0	0.20942771453851886	1.0	1.0	0.585786437626905	1.0
hi	1.0	0.5	1.0	1.0	0.2612038749637415	0.38742588672279304	1.0	0.06439289704189329	0.44948974278317805	0.18933139574356017	1.0	1.0	1.0	0.2216368750839041	0.2402530733520421	1.0	1.0	1.0	1.0	1.0	1.0	0.11854751241761163	0.5	1.0	0.2791745113185196	1.0	0.36602540378443865	1.0	0.2958163163244893	1.0	0.25728427444747215	1.0	1.0	0.585786437626905	0.585786437626905
hu	1.0	0.5	1.0	1.0	0.24660605559646726	0.2025519956555797	1.0	0.0832807751786872	0.44948974278317805	0.21498516621900873	1.0	1.0	1.0	0.1827439976315568	0.20942771453851886	1.0	1.0	1.0	1.0	1.0	1.0	0.16056186254883698	0.38742588672279304	0.585786437626905	0.32449979983983984	1.0	0.2989350844248255	1.0	0.4364916731037085	1.0	0.2063099139372659	1.0	1.0	1.0	1.0
id	1.0	0.4142135623730951	1.0	1.0	0.16903426192449822	0.06449750435583732	0.26533119314590375	0.007229118528980237	0.027568009691465546	0.018003996263420485	0.09246455849185635	0.2216368750839041	0.1827439976315568	1.0	0.05196064092750492	0.12043886815418244	0.10063114378269082	0.44948974278317805	0.3333333333333333	0.4142135623730951	0.585786437626905	0.07009418681637913	0.11177870331193913	0.05477096616312969	0.14064497963140699	0.028823524562259006	0.1507560101889597	0.39564392373896007	0.2402530733520421	0.16760090740494846	0.10467868058549708	1.0	0.15022110482233483	0.5	0.0661040564863832
it	0.585786437626905	0.38742588672279304	1.0	1.0	0.13122197716763584	0.038986725063131215	0.2612038749637414	0.004255653523423712	0.01172451872956436	0.00765755043337172	0.12455606108103782	0.2402530733520421	0.20942771453851886	0.05196064092750492	1.0	0.08301951253873768	0.10991887363511849	0.585786437626905	0.38742588672279304	0.585786437626905	0.585786437626905	0.04132417424440155	0.11718851276519608	0.04268458464542989	0.12339601393830958	0.017059788152828832	0.14688514472199188	0.44948974278317805	0.24336073281110826	0.17411239489546831	0.07725904563277171	0.585786437626905	0.2240092377397959	0.585786437626905	0.06963599558246415
ja	1.0	0.4142135623730951	1.0	1.0	0.1896812679802183	0.13565184163711103	1.0	0.012798689083970466	0.3660254037844386	0.035060304179361665	1.0	1.0	1.0	0.12043886815418244	0.08301951253873768	1.0	1.0	1.0	1.0	1.0	1.0	0.11295845043285435	0.21209649407822986	0.5	0.27429188517743175	1.0	0.252650308587072	1.0	0.39564392373896007	1.0	0.11858127877712907	1.0	1.0	0.585786437626905	0.585786437626905
ko	1.0	0.4142135623730951	1.0	1.0	0.17518814002874858	0.18001097668719743	1.0	0.04983272931440426	0.3660254037844386	0.08668776138957036	1.0	1.0	1.0	0.10063114378269082	0.10991887363511849	1.0	1.0	1.0	1.0	1.0	1.0	0.09748297973706341	0.22772999919644132	1.0	0.28989794855663564	1.0	0.19612533584707845	1.0	0.36602540378443865	0.585786437626905	0.1827439976315568	1.0	1.0	0.585786437626905	1.0
lv	0.0	1.0	1.0	1.0	0.585786437626905	1.0	1.0	0.585786437626905	1.0	0.4364916731037085	1.0	1.0	1.0	0.44948974278317805	0.585786437626905	1.0	1.0	1.0	1.0	1.0	1.0	0.585786437626905	0.585786437626905	1.0	1.0	1.0	1.0	1.0	1.0	1.0	0.585786437626905	1.0	1.0	1.0	1.0
mk	1.0	0.585786437626905	1.0	0.0	0.44948974278317805	0.585786437626905	1.0	0.1856154626682773	0.39564392373896007	0.2791745113185196	1.0	1.0	1.0	0.3333333333333333	0.38742588672279304	1.0	1.0	1.0	1.0	1.0	1.0	0.3660254037844386	0.585786437626905	1.0	1.0	1.0	0.353889367864523	1.0	0.5	1.0	0.36602540378443865	1.0	1.0	1.0	1.0
ml	0.0	0.585786437626905	1.0	1.0	0.5	0.4364916731037085	1.0	0.2612038749637414	1.0	0.23497542908541053	1.0	1.0	1.0	0.4142135623730951	0.585786437626905	1.0	1.0	1.0	1.0	1.0	1.0	0.2791745113185196	0.5	1.0	0.5	1.0	0.4364916731037085	1.0	0.4142135623730951	1.0	0.2791745113185196	1.0	1.0	1.0	1.0
mr	0.0	0.0	0.0	1.0	1.0	1.0	1.0	0.585786437626905	1.0	1.0	1.0	1.0	1.0	0.585786437626905	0.585786437626905	1.0	1.0	1.0	1.0	1.0	1.0	1.0	0.5	1.0	1.0	1.0	1.0	1.0	1.0	1.0	1.0	1.0	1.0	1.0	1.0
nl	1.0	0.38742588672279304	1.0	1.0	0.12026451978248388	0.03677241738121429	0.24660605559646726	0.006761617157181456	0.03634701502902345	0.011657671354937409	0.1261319836228832	0.11854751241761163	0.16056186254883698	0.07009418681637913	0.04132417424440155	0.11295845043285435	0.09748297973706341	0.585786437626905	0.3660254037844386	0.2791745113185196	1.0	1.0	0.10586596643905144	0.04166415079479424	0.09644938557069839	0.022423390724260455	0.12594107995517323	0.5	0.21712927295533244	0.1178121930581362	0.06824616252805182	1.0	0.14285714285714285	0.5	0.05415171781865256
pl	1.0	0.44948974278317805	1.0	1.0	0.19382373427098679	0.14109423523255876	0.4142135623730951	0.03023054251677652	0.1585482616943639	0.0787867568616438	0.28436465220442186	0.5	0.38742588672279304	0.11177870331193913	0.11718851276519608	0.21209649407822986	0.22772999919644132	0.585786437626905	0.585786437626905	0.5	0.5	0.10586596643905144	1.0	0.17331935664757372	0.14758918332656554	0.14118784806383944	0.3483314773547883	0.585786437626905	0.3333333333333333	0.32881309020609956	0.14285714285714285	1.0	0.32449979983983984	0.585786437626905	0.1477240752770679
pt	1.0	0.3090169943749474	1.0	1.0	0.1158457425543559	0.09667957012095553	1.0	0.003986134654477557	0.15438708879488486	0.017032488569659936	1.0	1.0	0.585786437626905	0.05477096616312969	0.04268458464542989	0.5	1.0	1.0	1.0	1.0	1.0	0.04166415079479424	0.17331935664757372	1.0	0.1591838311709183	0.3333333333333333	0.1547510937361149	1.0	0.2632403810669918	0.5	0.07305360962780952	1.0	0.585786437626905	1.0	0.4142135623730951
ro	1.0	0.32881309020609956	1.0	1.0	0.18740992571549211	0.16159977384274446	0.585786437626905	0.04589363775732719	0.11941809090166393	0.08746428690071886	0.32449979983983984	0.2791745113185196	0.32449979983983984	0.14064497963140699	0.12339601393830958	0.27429188517743175	0.28989794855663564	1.0	1.0	0.5	1.0	0.09644938557069839	0.14758918332656554	0.1591838311709183	1.0	0.1478864632408439	0.23166247903554	1.0	0.30216947925196225	0.2958163163244893	0.17075722928905485	1.0	0.4142135623730951	1.0	0.2012628451930092
ru	1.0	0.2958163163244893	1.0	1.0	0.0927075141095184	0.06593102182138857	1.0	0.002584229101333891	0.18400240527946554	0.006513192862790377	1.0	1.0	1.0	0.028823524562259006	0.017059788152828832	1.0	1.0	1.0	1.0	1.0	1.0	0.022423390724260455	0.14118784806383944	0.3333333333333333	0.1478864632408439	1.0	0.15942427352931443	1.0	0.28989794855663564	0.3430703308172536	0.06974716968747194	1.0	1.0	0.5	1.0
sh	1.0	0.4142135623730951	1.0	1.0	0.28989794855663564	0.18311860342005779	0.4142135623730951	0.06981270134407891	0.2012628451930092	0.16139047779640894	0.3164309725825328	0.36602540378443865	0.2989350844248255	0.1507560101889597	0.14688514472199188	0.252650308587072	0.19612533584707845	1.0	0.353889367864523	0.4364916731037085	1.0	0.12594107995517323	0.3483314773547883	0.1547510937361149	0.23166247903554	0.15942427352931443	1.0	1.0	0.44948974278317805	0.18502951679940477	0.28989794855663564	1.0	0.39564392373896007	1.0	0.18581211318908403
si	0.0	1.0	1.0	1.0	0.585786437626905	1.0	1.0	0.28989794855663564	1.0	0.5	1.0	1.0	1.0	0.39564392373896007	0.44948974278317805	1.0	1.0	1.0	1.0	1.0	1.0	0.5	0.585786437626905	1.0	1.0	1.0	1.0	1.0	0.5	0.585786437626905	0.585786437626905	1.0	1.0	1.0	1.0
simple	0.0	0.585786437626905	1.0	1.0	0.38742588672279304	0.2741219255031908	0.39564392373896007	0.12127550239018872	0.25355482027512377	0.25355482027512377	0.3090169943749474	0.2958163163244893	0.4364916731037085	0.2402530733520421	0.24336073281110826	0.39564392373896007	0.36602540378443865	1.0	0.5	0.4142135623730951	1.0	0.21712927295533244	0.3333333333333333	0.2632403810669918	0.30216947925196225	0.28989794855663564	0.44948974278317805	0.5	1.0	0.36602540378443865	0.24578124038657367	1.0	0.3430703308172536	0.5	0.22584440001865322
sr	1.0	0.4142135623730951	1.0	1.0	0.21089672205953397	0.23582845781094	1.0	0.07933613558867436	0.28989794855663564	0.15974667297574374	1.0	1.0	1.0	0.16760090740494846	0.17411239489546831	1.0	0.585786437626905	1.0	1.0	1.0	1.0	0.1178121930581362	0.32881309020609956	0.5	0.2958163163244893	0.3430703308172536	0.18502951679940477	0.585786437626905	0.36602540378443865	1.0	0.16736577623297264	0.585786437626905	1.0	0.585786437626905	0.585786437626905
sv	1.0	0.4142135623730951	1.0	1.0	0.11173380652316264	0.07826132814705794	0.28989794855663564	0.01685377448924698	0.06038657343853238	0.053597369206486264	0.20942771453851886	0.25728427444747215	0.2063099139372659	0.10467868058549708	0.07725904563277171	0.11858127877712907	0.1827439976315568	0.585786437626905	0.36602540378443865	0.2791745113185196	1.0	0.06824616252805182	0.14285714285714285	0.07305360962780952	0.17075722928905485	0.06974716968747194	0.28989794855663564	0.585786437626905	0.24578124038657367	0.16736577623297264	1.0	1.0	0.23371479611805132	1.0	0.09388741552902038
te	0.0	1.0	0.0	1.0	0.585786437626905	1.0	1.0	1.0	1.0	1.0	1.0	1.0	1.0	1.0	0.585786437626905	1.0	1.0	1.0	1.0	1.0	1.0	1.0	1.0	1.0	1.0	1.0	1.0	1.0	1.0	0.585786437626905	1.0	1.0	1.0	1.0	1.0
vi	1.0	0.44948974278317805	1.0	1.0	0.18660549686337075	0.3203772410170407	1.0	0.09603604224429309	0.4142135623730951	0.179128784747792	1.0	1.0	1.0	0.15022110482233483	0.2240092377397959	1.0	1.0	1.0	1.0	1.0	1.0	0.14285714285714285	0.32449979983983984	0.585786437626905	0.4142135623730951	1.0	0.39564392373896007	1.0	0.3430703308172536	1.0	0.23371479611805132	1.0	1.0	0.585786437626905	1.0
war	0.0	1.0	1.0	1.0	1.0	0.585786437626905	1.0	0.44948974278317805	0.585786437626905	0.585786437626905	0.585786437626905	0.585786437626905	1.0	0.5	0.585786437626905	0.585786437626905	0.585786437626905	1.0	1.0	1.0	1.0	0.5	0.585786437626905	1.0	1.0	0.5	1.0	1.0	0.5	0.585786437626905	1.0	1.0	0.585786437626905	1.0	0.585786437626905
zh	1.0	0.4142135623730951	1.0	1.0	0.12746602555403042	0.10710461314257712	1.0	0.007227230595920451	0.1907435698305462	0.04264740002599218	1.0	0.585786437626905	1.0	0.0661040564863832	0.06963599558246415	0.585786437626905	1.0	1.0	1.0	1.0	1.0	0.05415171781865256	0.1477240752770679	0.4142135623730951	0.2012628451930092	1.0	0.18581211318908403	1.0	0.22584440001865322	0.585786437626905	0.09388741552902038	1.0	1.0	0.585786437626905	1.0
