arz	bs	ceb	ckb	da	de	el	en	es	fr	he	hi	hu	id	it	ja	ko	lv	mk	ml	mr	nl	pl	pt	ro	ru	sh	si	simple	sr	sv	te	tr	vi	war	zh
arz	1.0	1.0	0.8334628949804391	1.0	1.0	1.0	1.0	1.0	1.0	1.0	1.0	1.0	1.0	1.0	1.0	1.0	1.0	1.0	0.0	1.0	1.0	1.0	1.0	1.0	1.0	1.0	1.0	0.0	1.0	1.0	1.0	1.0	1.0	1.0	1.0	1.0
bs	1.0	1.0	0.7646751673238023	0.8216064286890065	0.7690990303325336	0.6239725949460845	0.7863954451402115	0.6239725949460845	0.6239725949460845	0.6380732827477678	0.6704675947063354	0.7863954451402115	0.7690990303325336	0.6704675947063354	0.6239725949460845	0.7690990303325336	0.6983438190355966	0.7863954451402115	1.0	1.0	0.8216064286890065	0.6524007805500078	0.6994017365373274	0.6380732827477678	0.7584325078215763	0.6239725949460845	0.4289406589525647	0.0	0.7863954451402115	0.6994017365373274	0.657312113971931	1.0	0.48393221103635925	0.72653347084664	1.0	0.6524007805500078
ceb	0.8334628949804391	0.7646751673238023	1.0	0.8004161334952932	0.7427005472869068	0.7105671533916093	0.7947969967591637	0.6271726003468053	0.6522518368263669	0.6292295483285989	0.7988156918627343	0.8018572658639952	0.43426379850313945	0.7107640693006677	0.773827591979563	0.7947969967591637	0.7947969967591637	0.5612740630108768	0.8004161334952932	0.8004161334952932	0.8004161334952932	0.7646664624788327	0.7325608376222239	0.3338865796084609	0.745745805628546	0.7947969967591637	0.313732631259394	0.8430952050173783	0.7682738974016446	0.7988156918627343	0.6711638171266097	0.8165978670082235	-1.0	0.6665983667872991	0.43575534956464324	0.22971555367348606
ckb	1.0	0.8216064286890065	0.8004161334952932	1.0	1.0	1.0	1.0	1.0	1.0	1.0	1.0	1.0	1.0	1.0	1.0	1.0	1.0	1.0	1.0	1.0	1.0	1.0	1.0	1.0	1.0	1.0	0.5660160774121898	0.0	1.0	1.0	1.0	1.0	1.0	1.0	1.0	1.0
da	1.0	0.7690990303325336	0.7427005472869068	1.0	1.0	0.728099120889861	1.0	0.46499765140278726	0.6030419283415576	0.5969819612641136	1.0	1.0	0.7411828468492556	1.0	0.6468909830471344	1.0	1.0	1.0	1.0	1.0	1.0	0.7300208629885034	0.5551850247152037	0.728099120889861	1.0	1.0	0.4496008724973321	1.0	1.0	1.0	0.7376607345031153	1.0	0.33775835937068444	1.0	1.0	1.0
de	1.0	0.6239725949460845	0.7105671533916093	1.0	0.728099120889861	1.0	1.0	0.1574023792558416	0.30710368318909664	0.3046239826465109	1.0	1.0	0.7280991208898611	0.645551999395154	0.3173350784500856	0.6100280320502104	1.0	1.0	1.0	1.0	1.0	0.38576531575050116	0.26522871478591387	0.23120382458726638	0.7234532828151788	0.4634432077367141	0.3673235860534559	1.0	0.6638546162332061	0.3872914411137852	0.4519137619634802	1.0	0.2868306725945932	1.0	1.0	0.6423162003593036
el	1.0	0.7863954451402115	0.7947969967591637	1.0	1.0	1.0	1.0	1.0	1.0	1.0	1.0	1.0	1.0	1.0	1.0	1.0	1.0	1.0	1.0	1.0	1.0	1.0	1.0	1.0	1.0	1.0	0.42542612319071343	1.0	1.0	1.0	0.7584325078215763	1.0	0.7126076878862918	1.0	1.0	1.0
en	1.0	0.6239725949460845	0.6271726003468053	1.0	0.46499765140278726	0.1574023792558416	1.0	1.0	0.12226703576784623	0.17659856140163474	0.6067636116293127	0.7376607345031153	0.6455519993951537	0.4275558808489328	0.21265561148240195	0.30361171412189997	0.5034998868602526	1.0	1.0	1.0	1.0	0.28242896163529857	0.14783826352155835	0.14715266015602876	0.6402464701444691	0.2508319320658501	0.31188619031646364	1.0	0.5332929088287282	0.27743440009991616	0.3223885695884241	1.0	0.31302875658541046	0.36505117949178245	1.0	0.3893411112614906
es	1.0	0.6239725949460845	0.6522518368263669	1.0	0.6030419283415576	0.30710368318909664	1.0	0.12226703576784623	1.0	0.3117083440884374	0.7171176902274348	1.0	0.7322034805959263	1.0	0.285928649903809	0.5988341345139976	1.0	1.0	1.0	1.0	1.0	0.4659710251280854	0.2828566393359089	0.2507036775165465	1.0	0.4778771083456752	0.40811013977899635	1.0	0.7263875964832448	0.46783117895294013	0.4301515319214154	1.0	0.2726703358380472	1.0	1.0	0.5625936870332734
fr	1.0	0.6380732827477678	0.6292295483285989	1.0	0.5969819612641136	0.3046239826465109	1.0	0.17659856140163474	0.3117083440884374	1.0	0.7210092110599264	1.0	0.7280991208898611	0.7248485669756152	0.3447807803251922	0.5495106348580998	0.7248485669756152	1.0	1.0	1.0	1.0	0.38490943789674614	0.27392667443944735	0.2814851996025889	1.0	0.5541029132206079	0.37851711848329794	1.0	0.7300208629885034	0.453567204086154	0.4175173027866558	1.0	0.33244640121984903	1.0	1.0	0.5691170853853889
he	1.0	0.6704675947063354	0.7988156918627343	1.0	1.0	1.0	1.0	0.6067636116293127	0.7171176902274348	0.7210092110599264	1.0	1.0	0.7411828468492556	1.0	0.653200231972572	1.0	1.0	1.0	1.0	1.0	1.0	1.0	0.6549329476340925	0.651610424238932	1.0	1.0	0.4111187381108575	1.0	0.7322034805959263	0.6701591524560107	0.7263875964832448	1.0	0.6395657813917609	1.0	1.0	1.0
hi	1.0	0.7863954451402115	0.8018572658639952	1.0	1.0	1.0	1.0	0.7376607345031153	1.0	1.0	1.0	1.0	1.0	1.0	1.0	1.0	1.0	1.0	1.0	1.0	1.0	1.0	1.0	1.0	1.0	1.0	0.42542612319071343	1.0	1.0	1.0	0.7455134344225701	1.0	0.5846701681620466	1.0	1.0	1.0
hu	1.0	0.7690990303325336	0.43426379850313945	1.0	0.7411828468492556	0.7280991208898611	1.0	0.6455519993951537	0.7322034805959263	0.7280991208898611	0.7411828468492556	1.0	1.0	1.0	0.6468909830471345	1.0	1.0	1.0	0.8216064286890065	1.0	1.0	0.7322034805959263	0.7300208629885035	0.5722947504745644	1.0	0.7347168825662656	0.3683944880185977	1.0	0.7376607345031153	0.7510341748895938	0.6562661056221565	1.0	0.657312113971931	1.0	1.0	0.7347168825662656
id	1.0	0.6704675947063354	0.7107640693006677	1.0	1.0	0.645551999395154	1.0	0.4275558808489328	1.0	0.7248485669756152	1.0	1.0	1.0	1.0	1.0	1.0	1.0	1.0	1.0	1.0	1.0	1.0	0.7300208629885034	0.6031722582632507	1.0	0.7300208629885034	0.3556040160456961	1.0	1.0	0.7455134344225701	0.7376607345031153	1.0	0.32368474289969945	1.0	1.0	1.0
it	1.0	0.6239725949460845	0.773827591979563	1.0	0.6468909830471344	0.3173350784500856	1.0	0.21265561148240195	0.285928649903809	0.3447807803251922	0.653200231972572	1.0	0.6468909830471345	1.0	1.0	0.5999553063370197	1.0	1.0	1.0	1.0	1.0	0.3807803474701865	0.3026656072531418	0.28581217318985114	0.7248485669756152	0.46301033494641813	0.38816638294223693	1.0	0.8198361699633884	0.48634516112617615	0.5100471804659589	1.0	0.29537365193024573	0.7210092110599262	1.0	0.7141080454298697
ja	1.0	0.7690990303325336	0.7947969967591637	1.0	1.0	0.6100280320502104	1.0	0.30361171412189997	0.5988341345139976	0.5495106348580998	1.0	1.0	1.0	1.0	0.5999553063370197	1.0	1.0	1.0	1.0	1.0	1.0	0.7199285383279772	0.5390551157371464	0.4939992895099342	1.0	1.0	0.3814580691050674	1.0	1.0	0.7300208629885035	0.6549329476340925	1.0	0.38658390711913376	1.0	1.0	1.0
ko	1.0	0.6983438190355966	0.7947969967591637	1.0	1.0	1.0	1.0	0.5034998868602526	1.0	0.7248485669756152	1.0	1.0	1.0	1.0	1.0	1.0	1.0	1.0	1.0	1.0	1.0	1.0	1.0	0.5841532941710132	1.0	1.0	0.29313627609723564	1.0	1.0	0.6701591524560107	0.5969819612641136	1.0	0.5320047131314173	1.0	1.0	1.0
lv	1.0	0.7863954451402115	0.5612740630108768	1.0	1.0	1.0	1.0	1.0	1.0	1.0	1.0	1.0	1.0	1.0	1.0	1.0	1.0	1.0	1.0	1.0	1.0	1.0	1.0	1.0	1.0	1.0	0.42542612319071343	1.0	1.0	1.0	0.7584325078215763	1.0	0.4880864534512365	1.0	1.0	1.0
mk	0.0	1.0	0.8004161334952932	1.0	1.0	1.0	1.0	1.0	1.0	1.0	1.0	1.0	0.8216064286890065	1.0	1.0	1.0	1.0	1.0	1.0	0.0	1.0	1.0	1.0	1.0	1.0	1.0	0.6972954930026792	0.0	1.0	0.7584325078215763	1.0	0.0	0.5982311734420862	1.0	0.0	1.0
ml	1.0	1.0	0.8004161334952932	1.0	1.0	1.0	1.0	1.0	1.0	1.0	1.0	1.0	1.0	1.0	1.0	1.0	1.0	1.0	0.0	1.0	1.0	1.0	1.0	1.0	1.0	1.0	0.42203321640167035	1.0	1.0	1.0	1.0	1.0	0.6035670054046118	1.0	1.0	1.0
mr	1.0	0.8216064286890065	0.8004161334952932	1.0	1.0	1.0	1.0	1.0	1.0	1.0	1.0	1.0	1.0	1.0	1.0	1.0	1.0	1.0	1.0	1.0	1.0	1.0	1.0	1.0	1.0	1.0	0.4557735640768249	1.0	1.0	1.0	1.0	1.0	1.0	1.0	1.0	1.0
nl	1.0	0.6524007805500078	0.7646664624788327	1.0	0.7300208629885034	0.38576531575050116	1.0	0.28242896163529857	0.4659710251280854	0.38490943789674614	1.0	1.0	0.7322034805959263	1.0	0.3807803474701865	0.7199285383279772	1.0	1.0	1.0	1.0	1.0	1.0	0.44919697251037705	0.340323224633486	1.0	0.5227489084911292	0.3812280096248156	1.0	0.7300208629885035	0.5642670943910084	0.4654060728269267	1.0	0.33557664849950686	0.7263875964832448	1.0	0.651610424238932
pl	1.0	0.6994017365373274	0.7325608376222239	1.0	0.5551850247152037	0.26522871478591387	1.0	0.14783826352155835	0.2828566393359089	0.27392667443944735	0.6549329476340925	1.0	0.7300208629885035	0.7300208629885034	0.3026656072531418	0.5390551157371464	1.0	1.0	1.0	1.0	1.0	0.44919697251037705	1.0	0.1885724789598435	0.6443242360956813	0.45388317954078994	0.3878269432634484	1.0	0.6667969795412325	0.4058759931264013	0.4781490109126378	1.0	0.3223716135233103	0.7199285383279772	1.0	0.5691170853853889
pt	1.0	0.6380732827477678	0.3338865796084609	1.0	0.728099120889861	0.23120382458726638	1.0	0.14715266015602876	0.2507036775165465	0.2814851996025889	0.651610424238932	1.0	0.5722947504745644	0.6031722582632507	0.28581217318985114	0.4939992895099342	0.5841532941710132	1.0	1.0	1.0	1.0	0.340323224633486	0.1885724789598435	1.0	1.0	0.37299388278893386	0.2720392394620079	1.0	0.5953959504452303	0.45674629260494065	0.4016070305642888	1.0	0.33367385834722635	0.7199285383279772	1.0	0.5050510899886821
ro	1.0	0.7584325078215763	0.745745805628546	1.0	1.0	0.7234532828151788	1.0	0.6402464701444691	1.0	1.0	1.0	1.0	1.0	1.0	0.7248485669756152	1.0	1.0	1.0	1.0	1.0	1.0	1.0	0.6443242360956813	1.0	1.0	1.0	0.2684446007630001	1.0	1.0	1.0	0.5973329889831545	1.0	0.6020422654992481	1.0	1.0	1.0
ru	1.0	0.6239725949460845	0.7947969967591637	1.0	1.0	0.4634432077367141	1.0	0.2508319320658501	0.4778771083456752	0.5541029132206079	1.0	1.0	0.7347168825662656	0.7300208629885034	0.46301033494641813	1.0	1.0	1.0	1.0	1.0	1.0	0.5227489084911292	0.45388317954078994	0.37299388278893386	1.0	1.0	0.4016901973761907	1.0	0.6701591524560107	0.5557881059847446	0.48072823194927694	1.0	0.34554306442194704	1.0	1.0	1.0
sh	1.0	0.4289406589525647	0.313732631259394	0.5660160774121898	0.4496008724973321	0.3673235860534559	0.42542612319071343	0.31188619031646364	0.40811013977899635	0.37851711848329794	0.4111187381108575	0.42542612319071343	0.3683944880185977	0.3556040160456961	0.38816638294223693	0.3814580691050674	0.29313627609723564	0.42542612319071343	0.6972954930026792	0.42203321640167035	0.4557735640768249	0.3812280096248156	0.3878269432634484	0.2720392394620079	0.2684446007630001	0.4016901973761907	1.0	1.0	0.4136562994319043	0.37770852175071273	0.2670804058895931	1.0	0.49832607359407627	0.2723162451543351	1.0	0.376738169653209
si	0.0	0.0	0.8430952050173783	0.0	1.0	1.0	1.0	1.0	1.0	1.0	1.0	1.0	1.0	1.0	1.0	1.0	1.0	1.0	0.0	1.0	1.0	1.0	1.0	1.0	1.0	1.0	1.0	1.0	1.0	1.0	1.0	0.0	1.0	1.0	0.0	1.0
simple	1.0	0.7863954451402115	0.7682738974016446	1.0	1.0	0.6638546162332061	1.0	0.5332929088287282	0.7263875964832448	0.7300208629885034	0.7322034805959263	1.0	0.7376607345031153	1.0	0.8198361699633884	1.0	1.0	1.0	1.0	1.0	1.0	0.7300208629885035	0.6667969795412325	0.5953959504452303	1.0	0.6701591524560107	0.4136562994319043	1.0	1.0	0.6193697458754273	0.7322034805959263	1.0	0.3992256028055105	1.0	1.0	1.0
sr	1.0	0.6994017365373274	0.7988156918627343	1.0	1.0	0.3872914411137852	1.0	0.27743440009991616	0.46783117895294013	0.453567204086154	0.6701591524560107	1.0	0.7510341748895938	0.7455134344225701	0.48634516112617615	0.7300208629885035	0.6701591524560107	1.0	0.7584325078215763	1.0	1.0	0.5642670943910084	0.4058759931264013	0.45674629260494065	1.0	0.5557881059847446	0.37770852175071273	1.0	0.6193697458754273	1.0	0.5041245996334748	1.0	0.5123723345616854	1.0	1.0	0.6221982196391784
sv	1.0	0.657312113971931	0.6711638171266097	1.0	0.7376607345031153	0.4519137619634802	0.7584325078215763	0.3223885695884241	0.4301515319214154	0.4175173027866558	0.7263875964832448	0.7455134344225701	0.6562661056221565	0.7376607345031153	0.5100471804659589	0.6549329476340925	0.5969819612641136	0.7584325078215763	1.0	1.0	1.0	0.4654060728269267	0.4781490109126378	0.4016070305642888	0.5973329889831545	0.48072823194927694	0.2670804058895931	1.0	0.7322034805959263	0.5041245996334748	1.0	1.0	0.430461832005428	0.5384722663100572	1.0	0.5622861214779106
te	1.0	1.0	0.8165978670082235	1.0	1.0	1.0	1.0	1.0	1.0	1.0	1.0	1.0	1.0	1.0	1.0	1.0	1.0	1.0	0.0	1.0	1.0	1.0	1.0	1.0	1.0	1.0	1.0	0.0	1.0	1.0	1.0	1.0	1.0	1.0	1.0	1.0
tr	1.0	0.48393221103635925	-1.0	1.0	0.33775835937068444	0.2868306725945932	0.7126076878862918	0.31302875658541046	0.2726703358380472	0.33244640121984903	0.6395657813917609	0.5846701681620466	0.657312113971931	0.32368474289969945	0.29537365193024573	0.38658390711913376	0.5320047131314173	0.4880864534512365	0.5982311734420862	0.6035670054046118	1.0	0.33557664849950686	0.3223716135233103	0.33367385834722635	0.6020422654992481	0.34554306442194704	0.49832607359407627	1.0	0.3992256028055105	0.5123723345616854	0.430461832005428	1.0	1.0	0.6332460537063271	1.0	0.4802904692981353
vi	1.0	0.72653347084664	0.6665983667872991	1.0	1.0	1.0	1.0	0.36505117949178245	1.0	1.0	1.0	1.0	1.0	1.0	0.7210092110599262	1.0	1.0	1.0	1.0	1.0	1.0	0.7263875964832448	0.7199285383279772	0.7199285383279772	1.0	1.0	0.2723162451543351	1.0	1.0	1.0	0.5384722663100572	1.0	0.6332460537063271	1.0	1.0	1.0
war	1.0	1.0	0.43575534956464324	1.0	1.0	1.0	1.0	1.0	1.0	1.0	1.0	1.0	1.0	1.0	1.0	1.0	1.0	1.0	0.0	1.0	1.0	1.0	1.0	1.0	1.0	1.0	1.0	0.0	1.0	1.0	1.0	1.0	1.0	1.0	1.0	1.0
zh	1.0	0.6524007805500078	0.22971555367348606	1.0	1.0	0.6423162003593036	1.0	0.3893411112614906	0.5625936870332734	0.5691170853853889	1.0	1.0	0.7347168825662656	1.0	0.7141080454298697	1.0	1.0	1.0	1.0	1.0	1.0	0.651610424238932	0.5691170853853889	0.5050510899886821	1.0	1.0	0.376738169653209	1.0	1.0	0.6221982196391784	0.5622861214779106	1.0	0.4802904692981353	1.0	1.0	1.0
