arz	bs	ceb	ckb	da	de	el	en	es	fr	he	hi	hu	id	it	ja	ko	lv	mk	ml	mr	nl	pl	pt	ro	ru	sh	si	simple	sr	sv	te	tr	vi	war	zh
arz	1.0	0.0748736395290138	0.4142135623730951	1.0	0.23166247903554	0.0	0.0	0.0	0.0	0.0	1.0	1.0	0.050526433718043696	0.15596663560480617	0.0	0.0	0.0	0.21712927295533244	1.0	1.0	1.0	0.0	0.0	0.0	0.1508906849579797	0.0	0.23800671553691075	1.0	0.1774053291584318	0.585786437626905	0.0	1.0	1.0	0.585786437626905	0.585786437626905	0.0
bs	0.0748736395290138	1.0	0.13079074932337362	0.10960059084055324	0.04449975820990291	0.0	0.0	0.0	0.0	0.0	0.048095945988554066	0.053981158573530044	0.1189313490203901	0.0435227877679824	0.0	0.0	0.0	0.042192318616140645	0.04926045508914881	0.0732118612318503	0.05885058132176438	0.0	0.0	0.0	0.042140637341024724	0.0	0.043008760686861026	0.2070518364164892	0.041732950757553046	0.04460404472839332	0.0	0.27429188517743175	0.10818447032034852	0.04728784441348876	0.13924143204160314	0.0
ceb	0.4142135623730951	0.13079074932337362	1.0	0.44948974278317805	0.18541948236599776	0.0	0.0	0.0	0.0	0.0	0.26968623182294527	0.3203772410170407	0.04898507418306349	0.21712927295533244	0.0	0.0	0.0	0.1951941016011038	0.3333333333333333	0.34833147735478825	0.26533119314590375	0.0	0.0	0.0	0.1642130029565955	0.0	0.23302402810392372	0.585786437626905	0.20928116510020717	0.3090169943749474	0.0	0.585786437626905	-1.0	0.24179033438163736	0.34833147735478825	0.0
ckb	1.0	0.10960059084055324	0.44948974278317805	1.0	0.1629170484829154	0.0	0.0	0.0	0.0	0.0	1.0	1.0	0.04779004758881635	0.16440202257687123	0.0	0.0	0.0	0.2139387691339814	1.0	1.0	1.0	0.0	0.0	0.0	0.1951941016011038	0.0	0.23800671553691075	1.0	0.13780890217571676	0.5	0.0	1.0	1.0	0.585786437626905	0.585786437626905	0.0
da	0.23166247903554	0.04449975820990291	0.18541948236599776	0.1629170484829154	1.0	0.0	0.0	0.0	0.0	0.0	0.030366361661462775	0.041260315943764544	0.029631695555724227	0.018823530745812788	0.0	0.0	0.0	0.019764053310469966	0.020731887834267878	0.06361026276016747	0.06381996872084993	0.0	0.0	0.0	0.0245040532150566	0.0	0.023533802944914695	0.28989794855663564	0.022033104554649734	0.02471372541036978	0.0	0.44948974278317805	0.2025519956555797	0.02369044635163906	0.2592192604530755	0.0
de	0.0	0.0	0.0	0.0	0.0	1.0	1.0	1.0	1.0	1.0	0.0	0.0	0.0	0.0	1.0	1.0	1.0	0.0	0.0	0.0	0.0	0.0	0.0	1.0	0.0	1.0	0.0	0.0	0.0	0.0	1.0	0.0	0.14863346769704044	0.0	0.0	1.0
el	0.0	0.0	0.0	0.0	0.0	1.0	1.0	1.0	1.0	0.0	0.0	0.0	0.0	0.0	0.0	1.0	1.0	0.0	0.0	0.0	0.0	0.0	0.0	0.0	0.0	1.0	0.0	0.0	0.0	0.0	0.0	0.0	0.5	0.0	0.0	1.0
en	0.0	0.0	0.0	0.0	0.0	1.0	1.0	1.0	0.585786437626905	1.0	0.0	0.0	0.0	0.0	1.0	1.0	0.585786437626905	0.0	0.0	0.0	0.0	0.0	0.0	1.0	0.0	0.585786437626905	0.0	0.0	0.0	0.0	1.0	0.0	0.08234456688120868	0.0	0.0	1.0
es	0.0	0.0	0.0	0.0	0.0	1.0	1.0	0.585786437626905	1.0	1.0	0.0	0.0	0.0	0.0	1.0	1.0	1.0	0.0	0.0	0.0	0.0	0.0	0.0	1.0	0.0	1.0	0.0	0.0	0.0	0.0	1.0	0.0	0.15097964260333877	0.0	0.0	1.0
fr	0.0	0.0	0.0	0.0	0.0	1.0	0.0	1.0	1.0	1.0	0.0	0.0	0.0	0.0	1.0	0.0	0.0	0.0	0.0	0.0	0.0	0.0	0.0	1.0	0.0	0.0	0.0	0.0	0.0	0.0	1.0	0.0	0.13578950645776863	0.0	0.0	1.0
he	1.0	0.048095945988554066	0.26968623182294527	1.0	0.030366361661462775	0.0	0.0	0.0	0.0	0.0	1.0	1.0	0.01698102445696952	0.06449819560291481	0.0	0.0	0.0	0.039693092204403924	1.0	1.0	1.0	0.0	0.0	0.0	0.024679790344661848	0.0	0.08079719128838508	1.0	0.028230194495781097	0.5	0.0	1.0	0.585786437626905	0.25728427444747215	0.5	0.0
hi	1.0	0.053981158573530044	0.3203772410170407	1.0	0.041260315943764544	0.0	0.0	0.0	0.0	0.0	1.0	1.0	0.02273414003445593	0.03823914930380448	0.0	0.0	0.0	0.06510826715687115	1.0	1.0	1.0	0.0	0.0	0.0	0.04230064172529616	0.0	0.06922636846760953	1.0	0.027306533952272408	0.585786437626905	0.0	1.0	1.0	0.27429188517743175	0.5	0.0
hu	0.050526433718043696	0.1189313490203901	0.04898507418306349	0.04779004758881635	0.029631695555724227	0.0	0.0	0.0	0.0	0.0	0.01698102445696952	0.02273414003445593	1.0	0.015925251530619026	0.0	0.0	0.0	0.016002997242532797	0.014235698479152329	0.023983394440589022	0.025755334145900855	0.0	0.0	0.0	0.028300184827657344	0.0	0.02104409210314538	0.16597681693032765	0.023612073882485724	0.0178418182434769	0.0	0.14229378603797288	1.0	0.015672819518138637	0.07064515017720999	0.0
id	0.15596663560480617	0.0435227877679824	0.21712927295533244	0.16440202257687123	0.018823530745812788	0.0	0.0	0.0	0.0	0.0	0.06449819560291481	0.03823914930380448	0.015925251530619026	1.0	0.0	0.0	0.0	0.01806529243664061	0.015439402605396885	0.03242080852230012	0.07776931943155899	0.0	0.0	0.0	0.016722678186450273	0.0	0.02919578877253542	0.38742588672279304	0.01600593469826084	0.03149377702774565	0.0	0.4142135623730951	0.17683598919291532	0.015637825737497713	0.2928060946961875	0.0
it	0.0	0.0	0.0	0.0	0.0	1.0	0.0	1.0	1.0	1.0	0.0	0.0	0.0	0.0	1.0	0.0	0.0	0.0	0.0	0.0	0.0	0.0	0.0	1.0	0.0	0.0	0.0	0.0	0.0	0.0	1.0	0.0	0.1179773555499789	0.0	0.0	1.0
ja	0.0	0.0	0.0	0.0	0.0	1.0	1.0	1.0	1.0	0.0	0.0	0.0	0.0	0.0	0.0	1.0	1.0	0.0	0.0	0.0	0.0	0.0	0.0	0.0	0.0	1.0	0.0	0.0	0.0	0.0	0.0	0.0	0.21209649407822986	0.0	0.0	1.0
ko	0.0	0.0	0.0	0.0	0.0	1.0	1.0	0.585786437626905	1.0	0.0	0.0	0.0	0.0	0.0	0.0	1.0	1.0	0.0	0.0	0.0	0.0	0.0	0.0	0.0	0.0	1.0	0.0	0.0	0.0	0.0	0.0	0.0	0.38742588672279304	0.0	0.0	1.0
lv	0.21712927295533244	0.042192318616140645	0.1951941016011038	0.2139387691339814	0.019764053310469966	0.0	0.0	0.0	0.0	0.0	0.039693092204403924	0.06510826715687115	0.016002997242532797	0.01806529243664061	0.0	0.0	0.0	1.0	0.02666852916098539	0.06303872230274056	0.09035096056838572	0.0	0.0	0.0	0.020168634667571222	0.0	0.038775494607905574	0.24210172369314836	0.0211191609474827	0.04834380959976806	0.0	0.36602540378443865	0.27429188517743175	0.038529574182628167	0.22966848451216434	0.0
mk	1.0	0.04926045508914881	0.3333333333333333	1.0	0.020731887834267878	0.0	0.0	0.0	0.0	0.0	1.0	1.0	0.014235698479152329	0.015439402605396885	0.0	0.0	0.0	0.02666852916098539	1.0	1.0	1.0	0.0	0.0	0.0	0.01877473425065575	0.0	0.03948364894943357	1.0	0.028789408262771526	0.4142135623730951	0.0	1.0	0.585786437626905	0.2572842744474721	0.5	0.0
ml	1.0	0.0732118612318503	0.34833147735478825	1.0	0.06361026276016747	0.0	0.0	0.0	0.0	0.0	1.0	1.0	0.023983394440589022	0.03242080852230012	0.0	0.0	0.0	0.06303872230274056	1.0	1.0	1.0	0.0	0.0	0.0	0.054366045188309425	0.0	0.10351694645735657	1.0	0.049297167607161255	0.5	0.0	1.0	0.44948974278317805	0.3090169943749474	0.585786437626905	0.0
mr	1.0	0.05885058132176438	0.26533119314590375	1.0	0.06381996872084993	0.0	0.0	0.0	0.0	0.0	1.0	1.0	0.025755334145900855	0.07776931943155899	0.0	0.0	0.0	0.09035096056838572	1.0	1.0	1.0	0.0	0.0	0.0	0.10300534946648669	0.0	0.10687604006510096	1.0	0.053332177719739235	0.5	0.0	1.0	1.0	0.3660254037844386	0.585786437626905	0.0
nl	0.0	0.0	0.0	0.0	0.0	0.0	0.0	0.0	0.0	0.0	0.0	0.0	0.0	0.0	0.0	0.0	0.0	0.0	0.0	0.0	0.0	1.0	0.0	0.0	0.0	0.0	0.0	0.0	0.0	0.0	0.0	0.0	0.06627187210625285	0.0	0.0	0.0
pl	0.0	0.0	0.0	0.0	0.0	0.0	0.0	0.0	0.0	0.0	0.0	0.0	0.0	0.0	0.0	0.0	0.0	0.0	0.0	0.0	0.0	0.0	0.0	0.0	0.0	0.0	0.0	0.0	0.0	0.0	0.0	0.0	0.1544908120548551	0.0	0.0	0.0
pt	0.0	0.0	0.0	0.0	0.0	1.0	0.0	1.0	1.0	1.0	0.0	0.0	0.0	0.0	1.0	0.0	0.0	0.0	0.0	0.0	0.0	0.0	0.0	1.0	0.0	0.0	0.0	0.0	0.0	0.0	1.0	0.0	0.15628876779381914	0.0	0.0	1.0
ro	0.1508906849579797	0.042140637341024724	0.1642130029565955	0.1951941016011038	0.0245040532150566	0.0	0.0	0.0	0.0	0.0	0.024679790344661848	0.04230064172529616	0.028300184827657344	0.016722678186450273	0.0	0.0	0.0	0.020168634667571222	0.01877473425065575	0.054366045188309425	0.10300534946648669	0.0	0.0	0.0	1.0	0.0	0.02800752837658641	0.5	0.024354096759938017	0.022360274418021752	0.0	0.5	0.585786437626905	0.020274052780547024	0.2815429907304882	0.0
ru	0.0	0.0	0.0	0.0	0.0	1.0	1.0	0.585786437626905	1.0	0.0	0.0	0.0	0.0	0.0	0.0	1.0	1.0	0.0	0.0	0.0	0.0	0.0	0.0	0.0	0.0	1.0	0.0	0.0	0.0	0.0	0.0	0.0	0.1610336888394587	0.0	0.0	1.0
sh	0.23800671553691075	0.043008760686861026	0.23302402810392372	0.23800671553691075	0.023533802944914695	0.0	0.0	0.0	0.0	0.0	0.08079719128838508	0.06922636846760953	0.02104409210314538	0.02919578877253542	0.0	0.0	0.0	0.038775494607905574	0.03948364894943357	0.10351694645735657	0.10687604006510096	0.0	0.0	0.0	0.02800752837658641	0.0	1.0	0.5	0.024523281358018793	0.05216918385890191	0.0	0.34833147735478825	0.5	0.03949203182152394	0.3333333333333333	0.0
si	1.0	0.2070518364164892	0.585786437626905	1.0	0.28989794855663564	0.0	0.0	0.0	0.0	0.0	1.0	1.0	0.16597681693032765	0.38742588672279304	0.0	0.0	0.0	0.24210172369314836	1.0	1.0	1.0	0.0	0.0	0.0	0.5	0.0	0.5	1.0	0.5	0.585786437626905	0.0	1.0	1.0	1.0	0.585786437626905	0.0
simple	0.1774053291584318	0.041732950757553046	0.20928116510020717	0.13780890217571676	0.022033104554649734	0.0	0.0	0.0	0.0	0.0	0.028230194495781097	0.027306533952272408	0.023612073882485724	0.01600593469826084	0.0	0.0	0.0	0.0211191609474827	0.028789408262771526	0.049297167607161255	0.053332177719739235	0.0	0.0	0.0	0.024354096759938017	0.0	0.024523281358018793	0.5	1.0	0.029817387829875735	0.0	0.2898979485566356	0.24660605559646726	0.018535542341319135	0.1891883643531178	0.0
sr	0.585786437626905	0.04460404472839332	0.3090169943749474	0.5	0.02471372541036978	0.0	0.0	0.0	0.0	0.0	0.5	0.585786437626905	0.0178418182434769	0.03149377702774565	0.0	0.0	0.0	0.04834380959976806	0.4142135623730951	0.5	0.5	0.0	0.0	0.0	0.022360274418021752	0.0	0.05216918385890191	0.585786437626905	0.029817387829875735	1.0	0.0	1.0	0.28172904669025317	0.29893508442482547	0.4142135623730951	0.0
sv	0.0	0.0	0.0	0.0	0.0	1.0	0.0	1.0	1.0	1.0	0.0	0.0	0.0	0.0	1.0	0.0	0.0	0.0	0.0	0.0	0.0	0.0	0.0	1.0	0.0	0.0	0.0	0.0	0.0	0.0	1.0	0.0	0.28172904669025317	0.0	0.0	1.0
te	1.0	0.27429188517743175	0.585786437626905	1.0	0.44948974278317805	0.0	0.0	0.0	0.0	0.0	1.0	1.0	0.14229378603797288	0.4142135623730951	0.0	0.0	0.0	0.36602540378443865	1.0	1.0	1.0	0.0	0.0	0.0	0.5	0.0	0.34833147735478825	1.0	0.2898979485566356	1.0	0.0	1.0	1.0	1.0	0.585786437626905	0.0
tr	1.0	0.10818447032034852	-1.0	1.0	0.2025519956555797	0.14863346769704044	0.5	0.08234456688120868	0.15097964260333877	0.13578950645776863	0.585786437626905	1.0	1.0	0.17683598919291532	0.1179773555499789	0.21209649407822986	0.38742588672279304	0.27429188517743175	0.585786437626905	0.44948974278317805	1.0	0.06627187210625285	0.1544908120548551	0.15628876779381914	0.585786437626905	0.1610336888394587	0.5	1.0	0.24660605559646726	0.28172904669025317	0.28172904669025317	1.0	1.0	0.36602540378443865	1.0	0.28989794855663564
vi	0.585786437626905	0.04728784441348876	0.24179033438163736	0.585786437626905	0.02369044635163906	0.0	0.0	0.0	0.0	0.0	0.25728427444747215	0.27429188517743175	0.015672819518138637	0.015637825737497713	0.0	0.0	0.0	0.038529574182628167	0.2572842744474721	0.3090169943749474	0.3660254037844386	0.0	0.0	0.0	0.020274052780547024	0.0	0.03949203182152394	1.0	0.018535542341319135	0.29893508442482547	0.0	1.0	0.36602540378443865	1.0	0.44948974278317805	0.0
war	0.585786437626905	0.13924143204160314	0.34833147735478825	0.585786437626905	0.2592192604530755	0.0	0.0	0.0	0.0	0.0	0.5	0.5	0.07064515017720999	0.2928060946961875	0.0	0.0	0.0	0.22966848451216434	0.5	0.585786437626905	0.585786437626905	0.0	0.0	0.0	0.2815429907304882	0.0	0.3333333333333333	0.585786437626905	0.1891883643531178	0.4142135623730951	0.0	0.585786437626905	1.0	0.44948974278317805	1.0	0.0
zh	0.0	0.0	0.0	0.0	0.0	1.0	1.0	1.0	1.0	1.0	0.0	0.0	0.0	0.0	1.0	1.0	1.0	0.0	0.0	0.0	0.0	0.0	0.0	1.0	0.0	1.0	0.0	0.0	0.0	0.0	1.0	0.0	0.28989794855663564	0.0	0.0	1.0
