arz	bs	ceb	ckb	da	de	el	en	es	fr	he	hi	hu	id	it	ja	ko	lv	mk	ml	mr	nl	pl	pt	ro	ru	sh	si	simple	sr	sv	te	tr	vi	war	zh
arz	1.0	1.0	0.8104782123925515	1.0	1.0	1.0	1.0	1.0	1.0	1.0	1.0	1.0	1.0	1.0	0.8216064286890065	1.0	1.0	1.0	1.0	1.0	1.0	1.0	1.0	1.0	1.0	1.0	1.0	1.0	1.0	1.0	1.0	0.0	1.0	1.0	1.0	1.0
bs	1.0	1.0	0.7593649997738142	1.0	1.0	1.0	1.0	1.0	1.0	0.7690990303325336	1.0	1.0	0.7863954451402115	0.7863954451402115	0.7690990303325336	1.0	1.0	1.0	1.0	1.0	1.0	1.0	1.0	1.0	1.0	1.0	1.0	0.8940037042448681	1.0	1.0	1.0	0.0	0.4244112283016077	1.0	0.4345435320096421	1.0
ceb	0.8104782123925515	0.7593649997738142	1.0	0.7944203205500459	0.7379430119715604	0.7009934470959311	0.7916483527608197	0.6155995132187473	0.642955655861265	0.6248291640365454	0.7943426074444334	0.7965623579888332	0.4292211376156671	0.70615501887523	0.7721229531155972	0.7916483527608197	0.7916483527608194	0.5461171335706729	0.7944203205500459	0.794420320550046	0.794420320550046	0.7619288615748928	0.7288800089512211	0.32819799267358774	0.7364824503446905	0.7916483527608194	0.3244421140951943	0.8686425421913463	0.7663150484030028	0.7943426074444334	0.6619974086385078	0.8112561395888559	-1.0	0.6630057754662553	0.45067869146798684	0.2429362671736912
ckb	1.0	1.0	0.7944203205500459	1.0	1.0	1.0	1.0	0.641521583802158	1.0	1.0	1.0	0.0	1.0	1.0	0.7690990303325336	1.0	1.0	1.0	1.0	0.0	1.0	0.45627762828753365	1.0	1.0	1.0	1.0	0.7863954451402115	1.0	1.0	1.0	0.7863954451402115	0.0	1.0	1.0	0.43894106704013663	1.0
da	1.0	1.0	0.7379430119715604	1.0	1.0	0.4491976152786567	0.5118567380611512	0.39049486292691316	0.4688659786620884	0.4075687211801798	0.6204120806044475	1.0	0.6380732827477678	0.6086970799756278	0.39629074572258427	0.48002470710963263	0.6333404237489202	0.6467936504043929	0.5287823582267563	1.0	1.0	0.2722575730082369	0.5124183550436477	0.5260126044339917	0.51272566060098	0.47945879748706405	0.49868880888018363	0.8566191909311758	0.5691307896559942	0.7510341748895938	0.45672814576739007	0.0	0.3658911077314156	0.6571702826516209	0.4333699486499564	0.48002470710963263
de	1.0	1.0	0.7009934470959311	1.0	0.4491976152786567	1.0	0.33487330111892466	0.18268591255491365	0.2549393971128561	0.21400245605439333	0.6044414021866648	1.0	0.3644833052020442	0.30351677663146664	0.19932954335898231	0.22859333361017553	0.5505638267984209	1.0	0.3645525732791738	1.0	1.0	0.20786642164398364	0.29299745997080573	0.31426136429496554	0.3819212592626588	0.22816503534024948	0.2861529249063318	0.8277580205483556	0.3309245107922683	0.3328114861677493	0.2582951063809213	0.0	0.3146839084874907	1.0	0.4314128658029682	0.24701384849446673
el	1.0	1.0	0.7916483527608197	1.0	0.5118567380611512	0.33487330111892466	1.0	0.35776389777673834	1.0	0.5982000748211033	1.0	1.0	0.7411828468492555	0.6634518311496418	0.4610769345672489	1.0	1.0	1.0	1.0	1.0	1.0	0.3212511623365933	0.7322034805959263	1.0	0.7322034805959263	1.0	0.6102585468090401	1.0	0.7173869854085879	1.0	0.5936597225568959	0.0	0.7510341748895939	1.0	0.43894106704013663	1.0
en	1.0	1.0	0.6155995132187473	0.641521583802158	0.39049486292691316	0.18268591255491365	0.35776389777673834	1.0	0.28759476208215484	0.2136217588000011	0.6022506461931398	0.410446602135076	0.3089762150106845	0.2468593869741178	0.20723102024834159	0.28131303260130236	0.27150845436179094	0.7411828468492556	0.2689353942181142	1.0	1.0	0.16016094932024227	0.28359154508136486	0.31270348913128265	0.4055855541323758	0.2696348610280539	0.29567198342207934	0.7211151770465445	0.22634572550676857	0.38496432799355573	0.25267905207023855	1.0	0.23562689180346663	0.5176186206440173	0.416861466351614	0.2758274962701171
es	1.0	1.0	0.642955655861265	1.0	0.4688659786620884	0.2549393971128561	1.0	0.28759476208215484	1.0	0.48411087213070636	1.0	1.0	0.5721026715027374	0.5095935318776444	0.2725424547968873	0.6627101334088554	0.7199285383279772	1.0	0.6735331144346389	1.0	1.0	0.24093476844558223	0.6370879244183066	0.6696129381500937	0.6455519993951538	0.5917196795904757	0.5063488252120925	0.7341812308938623	0.5953205755410632	1.0	0.4829477289755587	0.0	0.3219941952563701	1.0	0.4270862704233321	0.6644367723640271
fr	1.0	0.7690990303325336	0.6248291640365454	1.0	0.4075687211801798	0.21400245605439333	0.5982000748211033	0.2136217588000011	0.48411087213070636	1.0	0.6504036062041291	1.0	0.4910696888720434	0.41797305310665456	0.2662034219295625	0.26098998038310534	0.3723336840321246	0.7411828468492556	0.4158996271675663	1.0	1.0	0.2084979901753079	0.46342805235373596	0.41843625149419733	0.5945152933583532	0.33411234491396546	0.40074066607905545	0.7306207979582503	0.3620377922439533	0.7347168825662656	0.41304331295793034	0.0	0.24232179173407195	1.0	0.41610486250304723	0.27703449544620934
he	1.0	1.0	0.7943426074444334	1.0	0.6204120806044475	0.6044414021866648	1.0	0.6022506461931398	1.0	0.6504036062041291	1.0	1.0	0.7584325078215763	0.7376607345031153	0.6623284315224438	1.0	1.0	1.0	1.0	1.0	1.0	0.32873941433304926	1.0	1.0	0.7347168825662656	1.0	0.7106922308883378	1.0	0.7992591943912659	1.0	0.7347168825662656	0.0	0.5846701681620468	1.0	0.43894106704013663	1.0
hi	1.0	1.0	0.7965623579888332	0.0	1.0	1.0	1.0	0.410446602135076	1.0	1.0	1.0	1.0	0.7584325078215763	0.7376607345031153	0.7584325078215763	1.0	1.0	1.0	1.0	1.0	1.0	1.0	1.0	1.0	1.0	1.0	0.7863954451402115	1.0	1.0	1.0	1.0	1.0	0.33504891872639936	1.0	0.4394986130305232	1.0
hu	1.0	0.7863954451402115	0.4292211376156671	1.0	0.6380732827477678	0.3644833052020442	0.7411828468492555	0.3089762150106845	0.5721026715027374	0.4910696888720434	0.7584325078215763	0.7584325078215763	1.0	0.6070867523638399	0.5239621634896007	0.6364851348757082	0.6701591524560105	0.7510341748895937	0.6518815366079532	0.8216064286890065	1.0	0.30316941742014863	0.625957132744244	0.6638546162332061	0.8523100170540392	0.5862587221068128	0.6339280356339425	0.49629841856823326	0.6645874276567444	0.7992591943912659	0.6101218378437994	0.0	0.5982311734420861	0.6994017365373274	0.3555461631744585	0.6394300733289616
id	1.0	0.7863954451402115	0.70615501887523	1.0	0.6086970799756278	0.30351677663146664	0.6634518311496418	0.2468593869741178	0.5095935318776444	0.41797305310665456	0.7376607345031153	0.7376607345031153	0.6070867523638399	1.0	0.4040549551667394	0.5018020810157787	0.6332460537063271	0.7584325078215765	0.5608520459676128	1.0	1.0	0.2762552391800336	0.5894129346619256	0.5969000601493424	0.5799637806470974	0.4919752725967031	0.4686186575501918	0.8154913112551094	0.7033563515890563	0.6994017365373274	0.46569002812926413	1.0	0.324629078196651	1.0	0.4313963215608885	0.5118100626727163
it	0.8216064286890065	0.7690990303325336	0.7721229531155972	0.7690990303325336	0.39629074572258427	0.19932954335898231	0.4610769345672489	0.20723102024834159	0.2725424547968873	0.2662034219295625	0.6623284315224438	0.7584325078215763	0.5239621634896007	0.4040549551667394	1.0	0.3391246486700975	0.5340608804314497	0.6431283169108787	0.3721030664452611	1.0	1.0	0.1815319294208008	0.3341156952032989	0.3042996317088198	0.5110513946449481	0.2927091114045265	0.42528631669917716	0.9056232371845048	0.5136599932608956	0.6909052860383446	0.3542433946000108	0.0	0.36465249444853287	0.5903571680879438	0.4379244193970305	0.290630168599463
ja	1.0	1.0	0.7916483527608197	1.0	0.48002470710963263	0.22859333361017553	1.0	0.28131303260130236	0.6627101334088554	0.26098998038310534	1.0	1.0	0.6364851348757082	0.5018020810157787	0.3391246486700975	1.0	1.0	1.0	1.0	1.0	1.0	0.1811486295411863	0.5707120090385179	1.0	0.7263875964832448	1.0	0.4648308334343733	1.0	0.5953205755410632	1.0	0.4957495487241615	1.0	0.37437098454578993	1.0	0.43894106704013663	1.0
ko	1.0	1.0	0.7916483527608194	1.0	0.6333404237489202	0.5505638267984209	1.0	0.27150845436179094	0.7199285383279772	0.3723336840321246	1.0	1.0	0.6701591524560105	0.6332460537063271	0.5340608804314497	1.0	1.0	1.0	1.0	1.0	1.0	0.26474047828292147	0.7199285383279772	1.0	1.0	1.0	0.6497062083042456	1.0	0.7865377663035592	1.0	0.5460263917394036	0.0	0.5279073684709503	1.0	0.43894106704013663	1.0
lv	1.0	1.0	0.5461171335706729	1.0	0.6467936504043929	1.0	1.0	0.7411828468492556	1.0	0.7411828468492556	1.0	1.0	0.7510341748895937	0.7584325078215765	0.6431283169108787	1.0	1.0	1.0	1.0	1.0	1.0	0.6994017365373274	1.0	1.0	1.0	1.0	0.7510341748895939	0.6443188695504183	0.7510341748895938	1.0	1.0	0.0	0.4405375790471456	1.0	0.40286496162073515	1.0
mk	1.0	1.0	0.7944203205500459	1.0	0.5287823582267563	0.3645525732791738	1.0	0.2689353942181142	0.6735331144346389	0.4158996271675663	1.0	1.0	0.6518815366079532	0.5608520459676128	0.3721030664452611	1.0	1.0	1.0	1.0	1.0	1.0	0.2903643607970233	0.7162976956558117	1.0	0.6667969795412325	1.0	0.4979539559583812	1.0	0.7900608149332319	1.0	0.528629562102506	0.0	0.7510341748895937	1.0	0.43894106704013663	1.0
ml	1.0	1.0	0.794420320550046	0.0	1.0	1.0	1.0	1.0	1.0	1.0	1.0	1.0	0.8216064286890065	1.0	1.0	1.0	1.0	1.0	1.0	1.0	0.0	1.0	1.0	1.0	1.0	1.0	1.0	1.0	1.0	1.0	1.0	0.0	0.6841174893561722	1.0	0.43894106704013663	1.0
mr	1.0	1.0	0.794420320550046	1.0	1.0	1.0	1.0	1.0	1.0	1.0	1.0	1.0	1.0	1.0	1.0	1.0	1.0	1.0	1.0	0.0	1.0	1.0	1.0	1.0	1.0	1.0	1.0	1.0	1.0	1.0	1.0	1.0	1.0	0.0	0.43894106704013663	1.0
nl	1.0	1.0	0.7619288615748928	0.45627762828753365	0.2722575730082369	0.20786642164398364	0.3212511623365933	0.16016094932024227	0.24093476844558223	0.2084979901753079	0.32873941433304926	1.0	0.30316941742014863	0.2762552391800336	0.1815319294208008	0.1811486295411863	0.26474047828292147	0.6994017365373274	0.2903643607970233	1.0	1.0	1.0	0.24597213960107941	0.27740703081528045	0.2966262169532397	0.22143645694973565	0.2901783747020019	0.8823066771996262	0.33714500676091275	0.3474913048198928	0.2545243135639963	0.0	0.24848539513657886	0.3277819785822332	0.4372367448395967	0.2704649855001911
pl	1.0	1.0	0.7288800089512211	1.0	0.5124183550436477	0.29299745997080573	0.7322034805959263	0.28359154508136486	0.6370879244183066	0.46342805235373596	1.0	1.0	0.625957132744244	0.5894129346619256	0.3341156952032989	0.5707120090385179	0.7199285383279772	1.0	0.7162976956558117	1.0	1.0	0.24597213960107941	1.0	0.718925811717485	1.0	0.5668334097689169	0.5693372017052821	0.8580435933766433	0.8140179905428879	1.0	0.5587928341853275	0.0	0.35053282126333474	0.7322034805959263	0.43558957861628356	0.6475250169846578
pt	1.0	1.0	0.32819799267358774	1.0	0.5260126044339917	0.31426136429496554	1.0	0.31270348913128265	0.6696129381500937	0.41843625149419733	1.0	1.0	0.6638546162332061	0.5969000601493424	0.3042996317088198	1.0	1.0	1.0	1.0	1.0	1.0	0.27740703081528045	0.718925811717485	1.0	0.6638546162332061	1.0	0.5086598346445221	0.36320511901964136	0.7215065243500479	1.0	0.527798297336758	0.0	0.2887351324633952	1.0	0.2967715718946227	1.0
ro	1.0	1.0	0.7364824503446905	1.0	0.51272566060098	0.3819212592626588	0.7322034805959263	0.4055855541323758	0.6455519993951538	0.5945152933583532	0.7347168825662656	1.0	0.8523100170540392	0.5799637806470974	0.5110513946449481	0.7263875964832448	1.0	1.0	0.6667969795412325	1.0	1.0	0.2966262169532397	1.0	0.6638546162332061	1.0	0.661251134120194	0.6820827727511619	0.8506872462299834	0.7106824291060084	1.0	0.48896194305448604	0.0	0.5088819449308342	1.0	0.4327178899274592	0.728099120889861
ru	1.0	1.0	0.7916483527608194	1.0	0.47945879748706405	0.22816503534024948	1.0	0.2696348610280539	0.5917196795904757	0.33411234491396546	1.0	1.0	0.5862587221068128	0.4919752725967031	0.2927091114045265	1.0	1.0	1.0	1.0	1.0	1.0	0.22143645694973565	0.5668334097689169	1.0	0.661251134120194	1.0	0.50084508155183	1.0	0.5953205755410632	1.0	0.49640977461946045	1.0	0.36641626846370073	1.0	0.43894106704013663	1.0
sh	1.0	1.0	0.3244421140951943	0.7863954451402115	0.49868880888018363	0.2861529249063318	0.6102585468090401	0.29567198342207934	0.5063488252120925	0.40074066607905545	0.7106922308883378	0.7863954451402115	0.6339280356339425	0.4686186575501918	0.42528631669917716	0.4648308334343733	0.6497062083042456	0.7510341748895939	0.4979539559583812	1.0	1.0	0.2901783747020019	0.5693372017052821	0.5086598346445221	0.6820827727511619	0.50084508155183	1.0	0.40471600385434897	0.6193667668967153	0.6044414021866646	0.5387943255074371	0.0	0.3885697236902234	0.6908587525207898	0.2968622090139841	0.4648308334343733
si	1.0	0.8940037042448681	0.8686425421913463	1.0	0.8566191909311758	0.8277580205483556	1.0	0.7211151770465445	0.7341812308938623	0.7306207979582503	1.0	1.0	0.49629841856823326	0.8154913112551094	0.9056232371845048	1.0	1.0	0.6443188695504183	1.0	1.0	1.0	0.8823066771996262	0.8580435933766433	0.36320511901964136	0.8506872462299834	1.0	0.40471600385434897	1.0	0.8907351876044413	1.0	0.7667880700721166	1.0	1.0	0.7858053389047318	0.7111374370280843	0.33524768699643176
simple	1.0	1.0	0.7663150484030028	1.0	0.5691307896559942	0.3309245107922683	0.7173869854085879	0.22634572550676857	0.5953205755410632	0.3620377922439533	0.7992591943912659	1.0	0.6645874276567444	0.7033563515890563	0.5136599932608956	0.5953205755410632	0.7865377663035592	0.7510341748895938	0.7900608149332319	1.0	1.0	0.33714500676091275	0.8140179905428879	0.7215065243500479	0.7106824291060084	0.5953205755410632	0.6193667668967153	0.8907351876044413	1.0	0.7455134344225701	0.6251488979062324	0.0	0.3679348653099686	0.7411828468492556	0.43706429172107286	0.7047230968121014
sr	1.0	1.0	0.7943426074444334	1.0	0.7510341748895938	0.3328114861677493	1.0	0.38496432799355573	1.0	0.7347168825662656	1.0	1.0	0.7992591943912659	0.6994017365373274	0.6909052860383446	1.0	1.0	1.0	1.0	1.0	1.0	0.3474913048198928	1.0	1.0	1.0	1.0	0.6044414021866646	1.0	0.7455134344225701	1.0	1.0	0.0	0.5035294116830634	1.0	0.43894106704013663	1.0
sv	1.0	1.0	0.6619974086385078	0.7863954451402115	0.45672814576739007	0.2582951063809213	0.5936597225568959	0.25267905207023855	0.4829477289755587	0.41304331295793034	0.7347168825662656	1.0	0.6101218378437994	0.46569002812926413	0.3542433946000108	0.4957495487241615	0.5460263917394036	1.0	0.528629562102506	1.0	1.0	0.2545243135639963	0.5587928341853275	0.527798297336758	0.48896194305448604	0.49640977461946045	0.5387943255074371	0.7667880700721166	0.6251488979062324	1.0	1.0	1.0	0.26445334502770323	0.7376607345031153	0.4234095125122849	0.4985442063316741
te	0.0	0.0	0.8112561395888559	0.0	0.0	0.0	0.0	1.0	0.0	0.0	0.0	1.0	0.0	1.0	0.0	1.0	0.0	0.0	0.0	0.0	1.0	0.0	0.0	0.0	0.0	1.0	0.0	1.0	0.0	0.0	1.0	1.0	0.6467936504043927	0.0	0.4579514561467155	0.0
tr	1.0	0.4244112283016077	-1.0	1.0	0.3658911077314156	0.3146839084874907	0.7510341748895939	0.23562689180346663	0.3219941952563701	0.24232179173407195	0.5846701681620468	0.33504891872639936	0.5982311734420861	0.324629078196651	0.36465249444853287	0.37437098454578993	0.5279073684709503	0.4405375790471456	0.7510341748895937	0.6841174893561722	1.0	0.24848539513657886	0.35053282126333474	0.2887351324633952	0.5088819449308342	0.36641626846370073	0.3885697236902234	1.0	0.3679348653099686	0.5035294116830634	0.26445334502770323	0.6467936504043927	1.0	0.2900585216415836	1.0	0.3910459544546411
vi	1.0	1.0	0.6630057754662553	1.0	0.6571702826516209	1.0	1.0	0.5176186206440173	1.0	1.0	1.0	1.0	0.6994017365373274	1.0	0.5903571680879438	1.0	1.0	1.0	1.0	1.0	0.0	0.3277819785822332	0.7322034805959263	1.0	1.0	1.0	0.6908587525207898	0.7858053389047318	0.7411828468492556	1.0	0.7376607345031153	0.0	0.2900585216415836	1.0	0.4252453349752954	1.0
war	1.0	0.4345435320096421	0.45067869146798684	0.43894106704013663	0.4333699486499564	0.4314128658029682	0.43894106704013663	0.416861466351614	0.4270862704233321	0.41610486250304723	0.43894106704013663	0.4394986130305232	0.3555461631744585	0.4313963215608885	0.4379244193970305	0.43894106704013663	0.43894106704013663	0.40286496162073515	0.43894106704013663	0.43894106704013663	0.43894106704013663	0.4372367448395967	0.43558957861628356	0.2967715718946227	0.4327178899274592	0.43894106704013663	0.2968622090139841	0.7111374370280843	0.43706429172107286	0.43894106704013663	0.4234095125122849	0.4579514561467155	1.0	0.4252453349752954	1.0	0.2283467511692515
zh	1.0	1.0	0.2429362671736912	1.0	0.48002470710963263	0.24701384849446673	1.0	0.2758274962701171	0.6644367723640271	0.27703449544620934	1.0	1.0	0.6394300733289616	0.5118100626727163	0.290630168599463	1.0	1.0	1.0	1.0	1.0	1.0	0.2704649855001911	0.6475250169846578	1.0	0.728099120889861	1.0	0.4648308334343733	0.33524768699643176	0.7047230968121014	1.0	0.4985442063316741	0.0	0.3910459544546411	1.0	0.2283467511692515	1.0
