arz	bs	ceb	ckb	da	de	el	en	es	fr	he	hi	hu	id	it	ja	ko	lv	mk	ml	mr	nl	pl	pt	ro	ru	sh	si	simple	sr	sv	te	vi	war	zh
arz	1.0	0.0	0.0	0.0	1.0	1.0	1.0	1.0	1.0	1.0	0.0	1.0	1.0	1.0	1.0	1.0	1.0	1.0	0.0	1.0	0.0	1.0	1.0	1.0	1.0	1.0	1.0	0.0	1.0	1.0	1.0	0.0	1.0	0.0	1.0
bs	0.0	1.0	1.0	1.0	1.0	1.0	1.0	0.8216064286890065	1.0	1.0	1.0	1.0	1.0	0.8216064286890065	1.0	1.0	1.0	1.0	1.0	1.0	1.0	1.0	1.0	1.0	1.0	1.0	0.8216064286890065	0.0	1.0	1.0	0.8216064286890065	0.7584325078215765	1.0	0.0	1.0
ceb	0.0	1.0	1.0	1.0	1.0	1.0	1.0	1.0	1.0	1.0	1.0	1.0	1.0	1.0	1.0	1.0	1.0	1.0	0.0	1.0	0.0	1.0	1.0	1.0	1.0	0.0	1.0	0.0	1.0	1.0	1.0	1.0	1.0	0.0	1.0
ckb	0.0	1.0	1.0	1.0	0.6940696086354443	0.7690990303325336	1.0	0.6461761095307312	0.7690990303325336	0.46959601155582775	1.0	1.0	1.0	1.0	0.7690990303325336	1.0	1.0	1.0	1.0	0.0	1.0	0.7690990303325336	1.0	1.0	1.0	1.0	0.7690990303325336	1.0	0.8216064286890065	1.0	0.7690990303325336	1.0	1.0	0.0	1.0
da	1.0	1.0	1.0	0.6940696086354443	1.0	0.35086314039517313	0.3893972855577845	0.2980064048634207	0.37800170590032484	0.31196235474082823	0.5364758458434326	0.5902690118577312	0.37291590395386576	0.360360839137367	0.29355345872073674	0.48292515471018715	0.47221427276256334	0.4148193787646353	1.0	1.0	1.0	0.44718353218257106	0.40511516134908854	0.3403319422479012	0.5190409107685305	0.4489524243674385	0.4183959176590655	1.0	0.5579137075061874	0.5321763604255406	0.3601619882338542	1.0	0.5776763287165259	1.0	0.49605030672213907
de	1.0	1.0	1.0	0.7690990303325336	0.35086314039517313	1.0	0.5051719689888194	0.23907546024383886	0.20969735360192582	0.19946065288511042	0.2692133024814259	0.6248318231235795	0.2712369933094874	0.2285782605680042	0.2546012647888328	0.2780345903670756	0.2692843021085749	0.8055567530094857	1.0	1.0	1.0	0.2212571584917564	0.2448869694954312	0.22524790915016604	0.2736585574844954	0.24760394341916722	0.24366111523196443	1.0	0.6047628262055303	0.25049692447341004	0.37017565861337665	1.0	0.4235599887701002	1.0	0.32768170404374325
el	1.0	1.0	1.0	1.0	0.3893972855577845	0.5051719689888194	1.0	0.3199530375187463	0.491974855857163	0.4591642230948871	1.0	1.0	0.7865377663035592	0.6908587525207897	0.4397330325947349	0.7300208629885035	1.0	1.0	1.0	1.0	1.0	0.4053700319872855	0.7347168825662656	0.2934394150054373	0.6380732827477676	1.0	0.5012354107763811	1.0	1.0	1.0	0.6786291688147437	1.0	1.0	1.0	1.0
en	1.0	0.8216064286890065	1.0	0.6461761095307312	0.2980064048634207	0.23907546024383886	0.3199530375187463	1.0	0.2225740966673426	0.19759325916573148	0.30065555133552385	0.6082163701214144	0.23375746029681807	0.2802222551480853	0.2897605427052618	0.37236301977319275	0.2837036885120492	0.3580697916431777	0.8216064286890065	0.5660160774121898	0.5660160774121898	0.21528991858821717	0.29230483632799287	0.16756374082825234	0.3208385083422665	0.34749907438524585	0.2809091930403405	1.0	0.3995705449340204	0.3379561110132888	0.29928010034141356	0.5137761908021199	0.3377228077727143	1.0	0.3668206198652708
es	1.0	1.0	1.0	0.7690990303325336	0.37800170590032484	0.20969735360192582	0.491974855857163	0.2225740966673426	1.0	0.177255267318969	0.44537648024924625	0.5090479477276316	0.24835705502912292	0.3341266310089275	0.22947540157408688	0.35521796941644573	0.38409572529069197	0.6395657813917609	1.0	1.0	1.0	0.26273626124339194	0.2892972153942322	0.2024050849653693	0.4380078156940892	0.2835692090753361	0.2615512299642374	1.0	0.570377111495312	0.43417047119420793	0.3906394084720431	0.7322034805959263	0.4246006759469597	1.0	0.35318463637105607
fr	1.0	1.0	1.0	0.46959601155582775	0.31196235474082823	0.19946065288511042	0.4591642230948871	0.19759325916573148	0.177255267318969	1.0	0.3783325456525253	0.7376607345031153	0.4025001342938483	0.3145793817349624	0.20450560257272032	0.269253205578141	0.32598980312015374	1.0	1.0	1.0	1.0	0.20575826296415972	0.2307128580265789	0.14006358305382471	0.381016871209342	0.25463416801515604	0.23905720645372916	1.0	0.7084467217334423	0.43837489928607026	0.3292288389817693	1.0	0.6786291688147438	1.0	0.3343746353839331
he	0.0	1.0	1.0	1.0	0.5364758458434326	0.2692133024814259	1.0	0.30065555133552385	0.44537648024924625	0.3783325456525253	1.0	1.0	0.7376607345031153	0.6197078367465914	0.2830732775677536	0.7248485669756151	0.7263875964832448	1.0	1.0	1.0	1.0	0.3472941325898695	0.7248485669756152	0.39620748990332244	0.6908587525207898	0.6568318202362041	0.475482191691545	1.0	0.6786274278789107	1.0	0.6504036062041291	1.0	0.7376607345031153	1.0	1.0
hi	1.0	1.0	1.0	1.0	0.5902690118577312	0.6248318231235795	1.0	0.6082163701214144	0.5090479477276316	0.7376607345031153	1.0	1.0	1.0	0.6994017365373274	0.6641030786504489	1.0	1.0	1.0	1.0	1.0	1.0	0.6994017365373274	1.0	0.5788907434914159	0.7584325078215763	1.0	0.36732692599193767	1.0	0.7455134344225701	1.0	0.7890441420804536	1.0	0.7510341748895938	0.0	1.0
hu	1.0	1.0	1.0	1.0	0.37291590395386576	0.2712369933094874	0.7865377663035592	0.23375746029681807	0.24835705502912292	0.4025001342938483	0.7376607345031153	1.0	1.0	0.364717092065542	0.221950235089747	0.30268455518304704	0.5476027905453128	1.0	1.0	1.0	1.0	0.25129944353300765	0.3180477379284807	0.23276802238554234	0.48143072551354604	0.2952796574166041	0.33783300066192407	1.0	0.7455134344225701	0.5676609149454815	0.5405689262392674	0.7510341748895938	1.0	1.0	0.32193822248422277
id	1.0	0.8216064286890065	1.0	1.0	0.360360839137367	0.2285782605680042	0.6908587525207897	0.2802222551480853	0.3341266310089275	0.3145793817349624	0.6197078367465914	0.6994017365373274	0.364717092065542	1.0	0.30862480317281515	0.29305775902536624	0.29625590835216814	0.7510341748895938	0.8216064286890065	1.0	1.0	0.3332301092244724	0.39575145702154396	0.20036269389542888	0.4746603234921848	0.39667648572748965	0.3400234255437899	1.0	0.6697273136040758	0.5368556606564066	0.3738343141238589	0.6841174893561722	0.568994580186216	1.0	0.48938401538974385
it	1.0	1.0	1.0	0.7690990303325336	0.29355345872073674	0.2546012647888328	0.4397330325947349	0.2897605427052618	0.22947540157408688	0.20450560257272032	0.2830732775677536	0.6641030786504489	0.221950235089747	0.30862480317281515	1.0	0.33893614401240113	0.39204890519032554	0.7844133397701929	1.0	1.0	0.5660160774121898	0.21607104845708622	0.33958739721874776	0.18545906545170737	0.3865748407764023	0.3443133787820008	0.2660171986169589	1.0	0.43707896308603594	0.3840277434119815	0.3533621651213938	0.7322034805959263	0.6206547512990221	1.0	0.3818546337285722
ja	1.0	1.0	1.0	1.0	0.48292515471018715	0.2780345903670756	0.7300208629885035	0.37236301977319275	0.35521796941644573	0.269253205578141	0.7248485669756151	1.0	0.30268455518304704	0.29305775902536624	0.33893614401240113	1.0	0.6356288275679675	1.0	1.0	1.0	1.0	0.35951478563456646	0.4154281003572006	0.31660396096835697	0.5765013587212605	0.6356288275679675	0.3700717305725771	1.0	0.6599340711522413	0.7248485669756151	0.6357863390249402	1.0	0.6841174893561722	1.0	0.7128329397683222
ko	1.0	1.0	1.0	1.0	0.47221427276256334	0.2692843021085749	1.0	0.2837036885120492	0.38409572529069197	0.32598980312015374	0.7263875964832448	1.0	0.5476027905453128	0.29625590835216814	0.39204890519032554	0.6356288275679675	1.0	1.0	1.0	1.0	1.0	0.3743153728052439	0.43198259664890387	0.3727158179007216	0.55451761590317	0.6370879244183066	0.3732149277785027	1.0	0.6599340711522413	1.0	0.6052239952736249	1.0	0.6841174893561722	1.0	0.7155258672934657
lv	1.0	1.0	1.0	1.0	0.4148193787646353	0.8055567530094857	1.0	0.3580697916431777	0.6395657813917609	1.0	1.0	1.0	1.0	0.7510341748895938	0.7844133397701929	1.0	1.0	1.0	1.0	1.0	1.0	0.6994017365373274	0.7455134344225701	0.6994017365373274	0.7106922308883378	1.0	0.640840929288404	1.0	0.7455134344225701	1.0	0.7126076878862918	1.0	1.0	1.0	1.0
mk	0.0	1.0	0.0	1.0	1.0	1.0	1.0	0.8216064286890065	1.0	1.0	1.0	1.0	1.0	0.8216064286890065	1.0	1.0	1.0	1.0	1.0	1.0	1.0	1.0	1.0	1.0	1.0	1.0	0.8216064286890065	1.0	1.0	1.0	0.8216064286890065	1.0	1.0	0.0	1.0
ml	1.0	1.0	1.0	0.0	1.0	1.0	1.0	0.5660160774121898	1.0	1.0	1.0	1.0	1.0	1.0	1.0	1.0	1.0	1.0	1.0	1.0	0.0	1.0	1.0	1.0	1.0	1.0	0.8216064286890065	1.0	1.0	1.0	1.0	1.0	1.0	0.0	1.0
mr	0.0	1.0	0.0	1.0	1.0	1.0	1.0	0.5660160774121898	1.0	1.0	1.0	1.0	1.0	1.0	0.5660160774121898	1.0	1.0	1.0	1.0	0.0	1.0	1.0	1.0	1.0	0.8216064286890065	1.0	0.8216064286890065	1.0	1.0	1.0	1.0	1.0	1.0	1.0	1.0
nl	1.0	1.0	1.0	0.7690990303325336	0.44718353218257106	0.2212571584917564	0.4053700319872855	0.21528991858821717	0.26273626124339194	0.20575826296415972	0.3472941325898695	0.6994017365373274	0.25129944353300765	0.3332301092244724	0.21607104845708622	0.35951478563456646	0.3743153728052439	0.6994017365373274	1.0	1.0	1.0	1.0	0.21351764942873752	0.24421905080323747	0.34220947129946894	0.21121380279089705	0.27156109652519106	1.0	0.38878678259348476	0.3293814839759638	0.3062340938914531	0.40537003198728544	0.8523100170540392	1.0	0.37020944070288053
pl	1.0	1.0	1.0	1.0	0.40511516134908854	0.2448869694954312	0.7347168825662656	0.29230483632799287	0.2892972153942322	0.2307128580265789	0.7248485669756152	1.0	0.3180477379284807	0.39575145702154396	0.33958739721874776	0.4154281003572006	0.43198259664890387	0.7455134344225701	1.0	1.0	1.0	0.21351764942873752	1.0	0.3041862615427574	0.5818812394274148	0.35591369787478383	0.3441254981389209	1.0	0.6029600848894255	1.0	0.29304968525740055	0.7347168825662658	0.7411828468492555	1.0	0.4499587683764479
pt	1.0	1.0	1.0	1.0	0.3403319422479012	0.22524790915016604	0.2934394150054373	0.16756374082825234	0.2024050849653693	0.14006358305382471	0.39620748990332244	0.5788907434914159	0.23276802238554234	0.20036269389542888	0.18545906545170737	0.31660396096835697	0.3727158179007216	0.6994017365373274	1.0	1.0	1.0	0.24421905080323747	0.3041862615427574	1.0	0.25974774338113127	0.18743350421396313	0.2959037763394555	1.0	0.48836870934993815	0.25348247736401663	0.3245868354665154	0.5510403571360668	0.5224432190339532	1.0	0.21237911277754046
ro	1.0	1.0	1.0	1.0	0.5190409107685305	0.2736585574844954	0.6380732827477676	0.3208385083422665	0.4380078156940892	0.381016871209342	0.6908587525207898	0.7584325078215763	0.48143072551354604	0.4746603234921848	0.3865748407764023	0.5765013587212605	0.55451761590317	0.7106922308883378	1.0	1.0	0.8216064286890065	0.34220947129946894	0.5818812394274148	0.25974774338113127	1.0	0.5004406599396354	0.4887585788850847	1.0	0.5623910170583802	0.5764981346469275	0.6698677678648322	1.0	0.72653347084664	1.0	0.5818812394274148
ru	1.0	1.0	0.0	1.0	0.4489524243674385	0.24760394341916722	1.0	0.34749907438524585	0.2835692090753361	0.25463416801515604	0.6568318202362041	1.0	0.2952796574166041	0.39667648572748965	0.3443133787820008	0.6356288275679675	0.6370879244183066	1.0	1.0	1.0	1.0	0.21121380279089705	0.35591369787478383	0.18743350421396313	0.5004406599396354	1.0	0.3940020473194666	1.0	0.6599340711522413	0.7199285383279772	0.5194714897172695	1.0	0.6841174893561722	1.0	0.7147973711694584
sh	1.0	0.8216064286890065	1.0	0.7690990303325336	0.4183959176590655	0.24366111523196443	0.5012354107763811	0.2809091930403405	0.2615512299642374	0.23905720645372916	0.475482191691545	0.36732692599193767	0.33783300066192407	0.3400234255437899	0.2660171986169589	0.3700717305725771	0.3732149277785027	0.640840929288404	0.8216064286890065	0.8216064286890065	0.8216064286890065	0.27156109652519106	0.3441254981389209	0.2959037763394555	0.4887585788850847	0.3940020473194666	1.0	1.0	0.49874870765903284	0.4291873696091098	0.5074801669990976	0.4475845320818624	0.4941399130559826	1.0	0.3322408443007504
si	0.0	0.0	0.0	1.0	1.0	1.0	1.0	1.0	1.0	1.0	1.0	1.0	1.0	1.0	1.0	1.0	1.0	1.0	1.0	1.0	1.0	1.0	1.0	1.0	1.0	1.0	1.0	1.0	1.0	1.0	1.0	1.0	1.0	1.0	1.0
simple	1.0	1.0	1.0	0.8216064286890065	0.5579137075061874	0.6047628262055303	1.0	0.3995705449340204	0.570377111495312	0.7084467217334423	0.6786274278789107	0.7455134344225701	0.7455134344225701	0.6697273136040758	0.43707896308603594	0.6599340711522413	0.6599340711522413	0.7455134344225701	1.0	1.0	1.0	0.38878678259348476	0.6029600848894255	0.48836870934993815	0.5623910170583802	0.6599340711522413	0.49874870765903284	1.0	1.0	0.6333404237489203	0.5461238965700701	0.7376607345031153	0.6590675637199679	1.0	0.6634518311496418
sr	1.0	1.0	1.0	1.0	0.5321763604255406	0.25049692447341004	1.0	0.3379561110132888	0.43417047119420793	0.43837489928607026	1.0	1.0	0.5676609149454815	0.5368556606564066	0.3840277434119815	0.7248485669756151	1.0	1.0	1.0	1.0	1.0	0.3293814839759638	1.0	0.25348247736401663	0.5764981346469275	0.7199285383279772	0.4291873696091098	1.0	0.6333404237489203	1.0	0.6339350567481707	0.7347168825662656	0.6994017365373274	1.0	1.0
sv	1.0	0.8216064286890065	1.0	0.7690990303325336	0.3601619882338542	0.37017565861337665	0.6786291688147437	0.29928010034141356	0.3906394084720431	0.3292288389817693	0.6504036062041291	0.7890441420804536	0.5405689262392674	0.3738343141238589	0.3533621651213938	0.6357863390249402	0.6052239952736249	0.7126076878862918	0.8216064286890065	1.0	1.0	0.3062340938914531	0.29304968525740055	0.3245868354665154	0.6698677678648322	0.5194714897172695	0.5074801669990976	1.0	0.5461238965700701	0.6339350567481707	1.0	0.7347168825662656	0.6168347788022627	1.0	0.7227936066733223
te	0.0	0.7584325078215765	1.0	1.0	1.0	1.0	1.0	0.5137761908021199	0.7322034805959263	1.0	1.0	1.0	0.7510341748895938	0.6841174893561722	0.7322034805959263	1.0	1.0	1.0	1.0	1.0	1.0	0.40537003198728544	0.7347168825662658	0.5510403571360668	1.0	1.0	0.4475845320818624	1.0	0.7376607345031153	0.7347168825662656	0.7347168825662656	1.0	1.0	1.0	1.0
vi	1.0	1.0	1.0	1.0	0.5776763287165259	0.4235599887701002	1.0	0.3377228077727143	0.4246006759469597	0.6786291688147438	0.7376607345031153	0.7510341748895938	1.0	0.568994580186216	0.6206547512990221	0.6841174893561722	0.6841174893561722	1.0	1.0	1.0	1.0	0.8523100170540392	0.7411828468492555	0.5224432190339532	0.72653347084664	0.6841174893561722	0.4941399130559826	1.0	0.6590675637199679	0.6994017365373274	0.6168347788022627	1.0	1.0	1.0	0.6908587525207898
war	0.0	0.0	0.0	0.0	1.0	1.0	1.0	1.0	1.0	1.0	1.0	0.0	1.0	1.0	1.0	1.0	1.0	1.0	0.0	0.0	1.0	1.0	1.0	1.0	1.0	1.0	1.0	1.0	1.0	1.0	1.0	1.0	1.0	1.0	0.0
zh	1.0	1.0	1.0	1.0	0.49605030672213907	0.32768170404374325	1.0	0.3668206198652708	0.35318463637105607	0.3343746353839331	1.0	1.0	0.32193822248422277	0.48938401538974385	0.3818546337285722	0.7128329397683222	0.7155258672934657	1.0	1.0	1.0	1.0	0.37020944070288053	0.4499587683764479	0.21237911277754046	0.5818812394274148	0.7147973711694584	0.3322408443007504	1.0	0.6634518311496418	1.0	0.7227936066733223	1.0	0.6908587525207898	0.0	1.0
