arz	bs	ceb	ckb	da	de	el	en	es	fr	he	hi	hu	id	it	ja	ko	lv	mk	ml	mr	nl	pl	pt	ro	ru	sh	si	simple	sr	sv	te	vi	war	zh
arz	1.0	0.6667969795412325	1.0	1.0	0.4826576391444116	0.5825896420562132	1.0	0.350892675604896	0.5040872811741367	0.43715687708729756	1.0	1.0	0.533319252340942	0.37600834036681635	0.314950058312333	1.0	1.0	1.0	1.0	1.0	1.0	0.5535126448624722	0.47940202859853226	0.4188073277564853	0.3814372131544652	1.0	0.5932464233149596	1.0	0.7199285383279773	1.0	0.3396991978424231	1.0	0.5630725847830895	1.0	1.0
bs	0.6667969795412325	1.0	0.27085002714505596	0.410446602135076	0.17259592140130442	0.2087000532686264	0.21864860098578032	0.16888290090497435	0.2149922203940018	0.18685699512633863	0.22885354894150428	0.31769131266119494	0.21442959858859456	0.2053947547998682	0.2150007986191391	0.2192306776478455	0.18927210211503262	0.22793215821783738	0.20527053024698522	0.2957043427826176	0.3904082241910836	0.21932275849654267	0.22512800008222167	0.19200548845037457	0.18999121446427372	0.21771736640202555	0.17805723484740177	0.4493075654568811	0.2949957817060936	0.2166969372954211	0.21341221474733182	1.0	0.2050264254004961	0.25821841706684234	0.21771736640202555
ceb	1.0	0.27085002714505596	1.0	1.0	0.19667343790106565	0.21551651305937136	1.0	0.11400083421941014	0.2559670800615372	0.159648510858729	0.6962087343736197	1.0	0.19196592499988718	0.22745728111228808	0.14100667883842907	0.6953009332395163	0.6991983135554168	0.4739260640403945	1.0	1.0	1.0	0.20709138779329037	0.24608400032488462	0.2133898956045446	0.21240886267113734	0.6912453074616124	0.18438981535147972	1.0	0.34422544608147443	0.6197015340359115	0.1716748449490691	1.0	0.3140227316689497	1.0	0.6948828394802079
ckb	1.0	0.410446602135076	1.0	1.0	0.3140505684958187	1.0	1.0	0.44009784162383325	0.764516372081215	0.6084370696808219	1.0	1.0	0.3744493153213439	0.6167131210802119	1.0	1.0	1.0	1.0	1.0	1.0	1.0	1.0	1.0	0.7171176902274348	0.6167131210802119	1.0	1.0	1.0	1.0	1.0	0.6501445840862391	1.0	0.7221793916855703	1.0	1.0
da	0.4826576391444116	0.17259592140130442	0.19667343790106565	0.3140505684958187	1.0	0.1298792166602398	0.1688781548534587	0.09843966666662028	0.12392723336857787	0.11594824930724877	0.13882424824282094	0.2702975112535811	0.10630633999571275	0.11227782265768334	0.107465588198124	0.14115337896608396	0.15600827021367705	0.25008063596632285	0.21869303387601763	0.19643780310442444	0.47884969324035814	0.1188883370910781	0.1263212648518598	0.10715509763525263	0.13628503941825532	0.13506474082630054	0.111833906054853	0.6216387126951446	0.18241443824733983	0.1446485608720939	0.11340896895606083	0.6380558066189798	0.13108145079761174	0.28487243304841886	0.1430450591881365
de	0.5825896420562132	0.2087000532686264	0.21551651305937136	1.0	0.1298792166602398	1.0	0.19812253396426324	0.054072002260661826	0.07109455966465118	0.054349872146924785	0.19495416918701425	0.5138351530701021	0.08816882630442127	0.09075789758514245	0.05988255537361563	0.17927507108389826	0.26120204910879224	0.3700823038604217	0.44223745264711345	0.5737273367224116	0.6347195024507913	0.06656907982594426	0.07517120226639905	0.06939224717771073	0.11746274644200891	0.11319538111971278	0.09170964636170348	1.0	0.20342032651525194	0.26026819860056566	0.07011543193082423	0.7199285383279772	0.11038425100340575	0.7019395434758631	0.15816403014084696
el	1.0	0.21864860098578032	1.0	1.0	0.1688781548534587	0.19812253396426324	1.0	0.10204773476321767	0.1958363253697744	0.12816666438122257	1.0	1.0	0.14323412375278494	0.1317072552634584	0.1248376413757919	1.0	1.0	0.42645707841188085	1.0	1.0	1.0	0.14629184180793503	0.16618831676427975	0.1174814395360275	0.1595857185431903	1.0	0.15303484594905942	1.0	0.31466026905878	1.0	0.1333663204286755	1.0	0.18120703859342674	0.7039424865283899	1.0
en	0.350892675604896	0.16888290090497435	0.11400083421941014	0.44009784162383325	0.09843966666662028	0.054072002260661826	0.10204773476321767	1.0	0.06542004241685752	0.05370052836348913	0.09828254334467341	0.20145328170429885	0.07361866552013985	0.07435163326165128	0.056872748066628835	0.09995253585418161	0.10633321314463581	0.22112342976187194	0.1977684011440411	0.1855471693953297	0.27406362573751825	0.06165931854772961	0.06799308703912008	0.06079578530828039	0.08726276474595077	0.08983515183695284	0.07278523237097312	0.5254997470922292	0.15222435638940085	0.11528681203372278	0.06325108935957668	0.651610424238932	0.08189526763208466	0.22540947085714222	0.10042239294190934
es	0.5040872811741367	0.2149922203940018	0.2559670800615372	0.764516372081215	0.12392723336857787	0.07109455966465118	0.1958363253697744	0.06542004241685752	1.0	0.05861853234496962	0.18083210067710906	0.42890643166478254	0.08716193694798664	0.08774066116718102	0.06222456850427678	0.17606132165878566	0.22706377290853286	0.31539130318585346	0.28767616033091264	0.40026097850463116	0.635268670437738	0.07701350138239367	0.0799314966895104	0.0721041685269899	0.11719227992290526	0.1086887702599959	0.09093445073525458	1.0	0.1976814056493543	0.2548437731877776	0.07899666073023187	0.7221793916855703	0.11373215454037187	0.46396441287144885	0.17209145238107934
fr	0.43715687708729756	0.18685699512633863	0.159648510858729	0.6084370696808219	0.11594824930724877	0.054349872146924785	0.12816666438122257	0.05370052836348913	0.05861853234496962	1.0	0.10514384067786127	0.2927368781440832	0.07573331687698237	0.0768482952381431	0.05162362000843783	0.10126486450495774	0.13817064621004857	0.2660316470215371	0.22796196341818104	0.29584043862626697	0.5150956431820298	0.05970869867075036	0.06304345356529557	0.05855426943353846	0.10808689610472741	0.073051386120518	0.07807720873078665	0.7248485669756152	0.18447604375512525	0.14274152963312037	0.06204076636313459	0.7199285383279772	0.09366861837099319	0.3546290512123675	0.09836774113897889
he	1.0	0.22885354894150428	0.6962087343736197	1.0	0.13882424824282094	0.19495416918701425	1.0	0.09828254334467341	0.18083210067710906	0.10514384067786127	1.0	1.0	0.1189216647316047	0.10709259219238329	0.10471353138358509	1.0	1.0	0.3783527083499005	1.0	1.0	1.0	0.12705608214025146	0.1262182908549825	0.10920832149728019	0.14034446187861763	0.6866280438138873	0.10892934663717395	1.0	0.23723488364489967	0.6133263652383123	0.11972039613968068	1.0	0.1536555618255052	0.7026445955663437	1.0
hi	1.0	0.31769131266119494	1.0	1.0	0.2702975112535811	0.5138351530701021	1.0	0.20145328170429885	0.42890643166478254	0.2927368781440832	1.0	1.0	0.26119279365712417	0.27849260933886144	0.2700090599845424	1.0	1.0	0.7075325319701224	1.0	1.0	1.0	0.3999850603372866	0.38691076821504344	0.2823008105742196	0.28896758274090073	1.0	0.23025041093548362	1.0	0.4063834047752244	1.0	0.24592058857707064	1.0	0.2924893068000041	1.0	1.0
hu	0.533319252340942	0.21442959858859456	0.19196592499988718	0.3744493153213439	0.10630633999571275	0.08816882630442127	0.14323412375278494	0.07361866552013985	0.08716193694798664	0.07573331687698237	0.1189216647316047	0.26119279365712417	1.0	0.0992069761359707	0.07278178577145016	0.10445559236645409	0.12048288753815463	0.2112221702423109	0.3161859006056745	0.2757443381852547	0.4322446517170266	0.0867868744239515	0.0858779548195704	0.0814421900172032	0.11422741218478101	0.10002764204857564	0.09454441060761169	1.0	0.1702013298090647	0.15341831002621095	0.08340316946788451	0.7300208629885034	0.10525582817890299	0.36781259251373105	0.11889518882896556
id	0.37600834036681635	0.2053947547998682	0.22745728111228808	0.6167131210802119	0.11227782265768334	0.09075789758514245	0.1317072552634584	0.07435163326165128	0.08774066116718102	0.0768482952381431	0.10709259219238329	0.27849260933886144	0.0992069761359707	1.0	0.07877400958620882	0.10907915054338745	0.1505449154744594	0.26054717485217527	0.24836283852274163	0.19433084410677245	0.49538349568078965	0.09671981526001855	0.08350125041720363	0.08769444014913806	0.10790856737439176	0.09366833018757054	0.08680765068554236	1.0	0.19860792539038194	0.16233172917254096	0.08762110501162952	1.0	0.11066816551056254	0.3306686871404614	0.11227676015347689
it	0.314950058312333	0.2150007986191391	0.14100667883842907	1.0	0.107465588198124	0.05988255537361563	0.1248376413757919	0.056872748066628835	0.06222456850427678	0.05162362000843783	0.10471353138358509	0.2700090599845424	0.07278178577145016	0.07877400958620882	1.0	0.09621046440544193	0.1382581236819586	0.23693154853729004	0.23942414469314666	0.25937044852835356	0.41933664454080016	0.06083782906416362	0.06328052256818356	0.05863653863318401	0.10006745871217985	0.07544975694637888	0.07282202959907241	0.5674620031505221	0.16444268816184918	0.13727212799010513	0.0632538903689378	1.0	0.09549478071785528	0.3293430006450732	0.0981985114973156
ja	1.0	0.2192306776478455	0.6953009332395163	1.0	0.14115337896608396	0.17927507108389826	1.0	0.09995253585418161	0.17606132165878566	0.10126486450495774	1.0	1.0	0.10445559236645409	0.10907915054338745	0.09621046440544193	1.0	1.0	0.3887908792564587	1.0	1.0	1.0	0.13877320215746522	0.1464936353286563	0.11049808173654646	0.13347366228971794	0.6857732016127278	0.11190616320655265	1.0	0.22707826585955676	0.690825013654182	0.11077032063028057	1.0	0.13976295593420998	0.7021690135599069	1.0
ko	1.0	0.18927210211503262	0.6991983135554168	1.0	0.15600827021367705	0.26120204910879224	1.0	0.10633321314463581	0.22706377290853286	0.13817064621004857	1.0	1.0	0.12048288753815463	0.1505449154744594	0.1382581236819586	1.0	1.0	0.4091720035748846	1.0	1.0	1.0	0.177112950870996	0.18860701182113315	0.1570266563560245	0.15187731947808344	1.0	0.13728026814982514	1.0	0.24118279512144697	1.0	0.15725335978542102	1.0	0.16751940424599984	1.0	1.0
lv	1.0	0.22793215821783738	0.4739260640403945	1.0	0.25008063596632285	0.3700823038604217	0.42645707841188085	0.22112342976187194	0.31539130318585346	0.2660316470215371	0.3783527083499005	0.7075325319701224	0.2112221702423109	0.26054717485217527	0.23693154853729004	0.3887908792564587	0.4091720035748846	1.0	0.49895158178050897	0.5890337101170955	1.0	0.28298374508509266	0.3068870338033269	0.2366651211885497	0.1565040744771465	0.3661166819536288	0.27893547714361083	1.0	0.35312757777704246	0.41213381096582863	0.22911920582455308	1.0	0.29281458517226117	0.6341911409180058	0.38295100483670086
mk	1.0	0.20527053024698522	1.0	1.0	0.21869303387601763	0.44223745264711345	1.0	0.1977684011440411	0.28767616033091264	0.22796196341818104	1.0	1.0	0.3161859006056745	0.24836283852274163	0.23942414469314666	1.0	1.0	0.49895158178050897	1.0	1.0	1.0	0.31698972675058457	0.29815700173165527	0.21187821135603316	0.2852882110583326	1.0	0.29741074804234097	1.0	0.39599462111196687	0.6997218429280766	0.28785767732773293	1.0	0.3143043056341378	1.0	1.0
ml	1.0	0.2957043427826176	1.0	1.0	0.19643780310442444	0.5737273367224116	1.0	0.1855471693953297	0.40026097850463116	0.29584043862626697	1.0	1.0	0.2757443381852547	0.19433084410677245	0.25937044852835356	1.0	1.0	0.5890337101170955	1.0	1.0	1.0	0.36595145327843903	0.33895074917931106	0.2830503661463156	0.24377029510817247	1.0	0.2034252562398512	1.0	0.36432526765685674	1.0	0.31346427319273007	1.0	0.28240062017617307	1.0	1.0
mr	1.0	0.3904082241910836	1.0	1.0	0.47884969324035814	0.6347195024507913	1.0	0.27406362573751825	0.635268670437738	0.5150956431820298	1.0	1.0	0.4322446517170266	0.49538349568078965	0.41933664454080016	1.0	1.0	1.0	1.0	1.0	1.0	0.6364353709769036	0.7087564131141617	0.5612212558040284	0.4509151487779884	1.0	0.5967739643846038	1.0	0.6432357517002907	1.0	0.46537452317363187	1.0	0.479426571770224	1.0	1.0
nl	0.5535126448624722	0.21932275849654267	0.20709138779329037	1.0	0.1188883370910781	0.06656907982594426	0.14629184180793503	0.06165931854772961	0.07701350138239367	0.05970869867075036	0.12705608214025146	0.3999850603372866	0.0867868744239515	0.09671981526001855	0.06083782906416362	0.13877320215746522	0.177112950870996	0.28298374508509266	0.31698972675058457	0.36595145327843903	0.6364353709769036	1.0	0.07674582295835446	0.06944345703545472	0.11935275230700317	0.09498384877012145	0.08711790995448024	0.6667969795412325	0.18598976374787501	0.18227784276580042	0.07429205836456926	1.0	0.10691541408811898	0.39740399804161425	0.14209125268173053
pl	0.47940202859853226	0.22512800008222167	0.24608400032488462	1.0	0.1263212648518598	0.07517120226639905	0.16618831676427975	0.06799308703912008	0.0799314966895104	0.06304345356529557	0.1262182908549825	0.38691076821504344	0.0858779548195704	0.08350125041720363	0.06328052256818356	0.1464936353286563	0.18860701182113315	0.3068870338033269	0.29815700173165527	0.33895074917931106	0.7087564131141617	0.07674582295835446	1.0	0.07770713417042287	0.11521810454998474	0.0978200811445741	0.09162018913881181	0.7263875964832449	0.18654851609519418	0.1605661366632987	0.07597820485545029	1.0	0.11764595020442888	0.47356703531260025	0.14290256285211927
pt	0.4188073277564853	0.19200548845037457	0.2133898956045446	0.7171176902274348	0.10715509763525263	0.06939224717771073	0.1174814395360275	0.06079578530828039	0.0721041685269899	0.05855426943353846	0.10920832149728019	0.2823008105742196	0.0814421900172032	0.08769444014913806	0.05863653863318401	0.11049808173654646	0.1570266563560245	0.2366651211885497	0.21187821135603316	0.2830503661463156	0.5612212558040284	0.06944345703545472	0.07770713417042287	1.0	0.11060583481850127	0.08434473724783116	0.08325100560303353	1.0	0.18419577295290723	0.1544916210104589	0.06799947086609039	1.0	0.10601851465126	0.31491902199648003	0.11086319086564694
ro	0.3814372131544652	0.18999121446427372	0.21240886267113734	0.6167131210802119	0.13628503941825532	0.11746274644200891	0.1595857185431903	0.08726276474595077	0.11719227992290526	0.10808689610472741	0.14034446187861763	0.28896758274090073	0.11422741218478101	0.10790856737439176	0.10006745871217985	0.13347366228971794	0.15187731947808344	0.1565040744771465	0.2852882110583326	0.24377029510817247	0.4509151487779884	0.11935275230700317	0.11521810454998474	0.11060583481850127	1.0	0.12469256628822599	0.11647038436362624	1.0	0.19063178750623805	0.14607230947580058	0.108891415659326	1.0	0.14258614613589848	0.31219669485972684	0.13765890967782637
ru	1.0	0.21771736640202555	0.6912453074616124	1.0	0.13506474082630054	0.11319538111971278	1.0	0.08983515183695284	0.1086887702599959	0.073051386120518	0.6866280438138873	1.0	0.10002764204857564	0.09366833018757054	0.07544975694637888	0.6857732016127278	1.0	0.3661166819536288	1.0	1.0	1.0	0.09498384877012145	0.0978200811445741	0.08434473724783116	0.12469256628822599	1.0	0.10147011512254406	1.0	0.2090003431793064	0.6889222670634256	0.08526369682366253	1.0	0.12400958239732932	0.7014961547481127	1.0
sh	0.5932464233149596	0.17805723484740177	0.18438981535147972	1.0	0.111833906054853	0.09170964636170348	0.15303484594905942	0.07278523237097312	0.09093445073525458	0.07807720873078665	0.10892934663717395	0.23025041093548362	0.09454441060761169	0.08680765068554236	0.07282202959907241	0.11190616320655265	0.13728026814982514	0.27893547714361083	0.29741074804234097	0.2034252562398512	0.5967739643846038	0.08711790995448024	0.09162018913881181	0.08325100560303353	0.11647038436362624	0.10147011512254406	1.0	1.0	0.19147460800066482	0.13082380421995402	0.08569765727253945	1.0	0.11437100850271091	0.37333325764549974	0.11967092603826658
si	1.0	0.4493075654568811	1.0	1.0	0.6216387126951446	1.0	1.0	0.5254997470922292	1.0	0.7248485669756152	1.0	1.0	1.0	1.0	0.5674620031505221	1.0	1.0	1.0	1.0	1.0	1.0	0.6667969795412325	0.7263875964832449	1.0	1.0	1.0	1.0	1.0	0.6786291688147437	1.0	0.728099120889861	1.0	0.728099120889861	1.0	1.0
simple	0.7199285383279773	0.2949957817060936	0.34422544608147443	1.0	0.18241443824733983	0.20342032651525194	0.31466026905878	0.15222435638940085	0.1976814056493543	0.18447604375512525	0.23723488364489967	0.4063834047752244	0.1702013298090647	0.19860792539038194	0.16444268816184918	0.22707826585955676	0.24118279512144697	0.35312757777704246	0.39599462111196687	0.36432526765685674	0.6432357517002907	0.18598976374787501	0.18654851609519418	0.18419577295290723	0.19063178750623805	0.2090003431793064	0.19147460800066482	0.6786291688147437	1.0	0.2660734403854152	0.19007549917313987	0.7322034805959263	0.21913245260366493	0.4177031455373981	0.22072964245789178
sr	1.0	0.2166969372954211	0.6197015340359115	1.0	0.1446485608720939	0.26026819860056566	1.0	0.11528681203372278	0.2548437731877776	0.14274152963312037	0.6133263652383123	1.0	0.15341831002621095	0.16233172917254096	0.13727212799010513	0.690825013654182	1.0	0.41213381096582863	0.6997218429280766	1.0	1.0	0.18227784276580042	0.1605661366632987	0.1544916210104589	0.14607230947580058	0.6889222670634256	0.13082380421995402	1.0	0.2660734403854152	1.0	0.15176027746279888	1.0	0.1973417743041495	1.0	0.6129098098439165
sv	0.3396991978424231	0.21341221474733182	0.1716748449490691	0.6501445840862391	0.11340896895606083	0.07011543193082423	0.1333663204286755	0.06325108935957668	0.07899666073023187	0.06204076636313459	0.11972039613968068	0.24592058857707064	0.08340316946788451	0.08762110501162952	0.0632538903689378	0.11077032063028057	0.15725335978542102	0.22911920582455308	0.28785767732773293	0.31346427319273007	0.46537452317363187	0.07429205836456926	0.07597820485545029	0.06799947086609039	0.108891415659326	0.08526369682366253	0.08569765727253945	0.728099120889861	0.19007549917313987	0.15176027746279888	1.0	0.6638546162332061	0.10389393158150312	0.3248357114211046	0.11481804904257671
te	1.0	1.0	1.0	1.0	0.6380558066189798	0.7199285383279772	1.0	0.651610424238932	0.7221793916855703	0.7199285383279772	1.0	1.0	0.7300208629885034	1.0	1.0	1.0	1.0	1.0	1.0	1.0	1.0	1.0	1.0	1.0	1.0	1.0	1.0	1.0	0.7322034805959263	1.0	0.6638546162332061	1.0	0.6144532717435797	1.0	1.0
vi	0.5630725847830895	0.2050264254004961	0.3140227316689497	0.7221793916855703	0.13108145079761174	0.11038425100340575	0.18120703859342674	0.08189526763208466	0.11373215454037187	0.09366861837099319	0.1536555618255052	0.2924893068000041	0.10525582817890299	0.11066816551056254	0.09549478071785528	0.13976295593420998	0.16751940424599984	0.29281458517226117	0.3143043056341378	0.28240062017617307	0.479426571770224	0.10691541408811898	0.11764595020442888	0.10601851465126	0.14258614613589848	0.12400958239732932	0.11437100850271091	0.728099120889861	0.21913245260366493	0.1973417743041495	0.10389393158150312	0.6144532717435797	1.0	0.36576368272914067	0.1365155941523059
war	1.0	0.25821841706684234	1.0	1.0	0.28487243304841886	0.7019395434758631	0.7039424865283899	0.22540947085714222	0.46396441287144885	0.3546290512123675	0.7026445955663437	1.0	0.36781259251373105	0.3306686871404614	0.3293430006450732	0.7021690135599069	1.0	0.6341911409180058	1.0	1.0	1.0	0.39740399804161425	0.47356703531260025	0.31491902199648003	0.31219669485972684	0.7014961547481127	0.37333325764549974	1.0	0.4177031455373981	1.0	0.3248357114211046	1.0	0.36576368272914067	1.0	0.7019395434758631
zh	1.0	0.21771736640202555	0.6948828394802079	1.0	0.1430450591881365	0.15816403014084696	1.0	0.10042239294190934	0.17209145238107934	0.09836774113897889	1.0	1.0	0.11889518882896556	0.11227676015347689	0.0981985114973156	1.0	1.0	0.38295100483670086	1.0	1.0	1.0	0.14209125268173053	0.14290256285211927	0.11086319086564694	0.13765890967782637	1.0	0.11967092603826658	1.0	0.22072964245789178	0.6129098098439165	0.11481804904257671	1.0	0.1365155941523059	0.7019395434758631	1.0
