arz	bs	ceb	ckb	da	de	el	en	es	fr	he	hi	hu	id	it	ja	ko	lv	mk	ml	mr	nl	pl	pt	ro	ru	sh	si	simple	sr	sv	te	tr	vi	war	zh
arz	1.0	1.0	0.0	1.0	1.0	1.0	1.0	1.0	1.0	1.0	1.0	1.0	1.0	1.0	1.0	1.0	1.0	1.0	1.0	1.0	1.0	1.0	1.0	1.0	1.0	1.0	1.0	1.0	1.0	1.0	1.0	1.0	1.0	1.0	1.0	1.0
bs	1.0	1.0	1.0	1.0	0.3890435005098771	0.31505678746536814	0.38062807410879856	0.2519015567987879	0.4036610780579316	0.29345691096046395	0.43574722234258917	0.39972866740636376	0.42063253851909094	0.5158456363976873	0.40714331577570956	0.46001876577393785	0.38881510143715203	0.5610539103012598	0.3652834351737227	0.5299909009990298	1.0	0.34460456785162524	0.44055225563520023	0.40957421621024853	0.3919898005267583	0.41603741882820694	0.5491902776226002	1.0	0.4020988694815089	0.39005532561566514	0.5867825077218908	0.7863954451402115	0.4529756948639424	0.40741780053845456	1.0	0.44212949341075714
ceb	0.0	1.0	1.0	0.0	1.0	1.0	0.0	1.0	1.0	1.0	1.0	1.0	1.0	1.0	1.0	1.0	1.0	1.0	1.0	1.0	0.0	1.0	1.0	1.0	1.0	1.0	1.0	1.0	1.0	1.0	1.0	0.0	-1.0	1.0	1.0	1.0
ckb	1.0	1.0	0.0	1.0	1.0	1.0	1.0	1.0	1.0	0.8125806012482828	1.0	1.0	1.0	0.7863954451402115	1.0	1.0	1.0	1.0	1.0	1.0	1.0	0.7863954451402115	1.0	0.5020797777427737	1.0	1.0	1.0	1.0	0.7863954451402115	1.0	1.0	1.0	1.0	1.0	1.0	1.0
da	1.0	0.3890435005098771	1.0	1.0	1.0	0.37370176706449737	0.6704675947063355	0.2643673733348825	0.4360173886902343	0.34208175689088244	0.47394082903329526	0.5995814788569697	0.6295336397621981	0.42554404018399267	0.4379239921738554	0.4787195943109863	0.4518496318795792	0.3476092156789686	0.6248318231235794	0.6303769479944257	1.0	0.321483747402458	0.3788109108812214	0.3015637396213867	0.6766898543745316	0.3798070821771364	0.41831853442239114	1.0	0.3554808040296133	0.48531718530305773	0.44013426363037145	0.5687804475856042	0.40548738551876823	0.5096991116388664	1.0	0.5657314356879802
de	1.0	0.31505678746536814	1.0	1.0	0.37370176706449737	1.0	0.7455134344225701	0.15659216982164023	0.15770899964318424	0.1463216888937869	0.7004462574133485	0.5490104195333285	0.5630748855861087	0.2513666887523645	0.19148743223035064	0.337333478453069	0.5747129628734963	0.3344126560645137	1.0	0.30273465327379545	1.0	0.16937835223745248	0.151702437083063	0.138749803535832	0.4844171032597124	0.18965742426512835	0.42539661874250984	1.0	0.25940878803193973	0.24661987402855504	0.22386961188960472	0.74551343442257	0.3014388044840796	0.33061330072552214	1.0	0.3375968968950681
el	1.0	0.38062807410879856	0.0	1.0	0.6704675947063355	0.7455134344225701	1.0	0.326328044500647	0.6908587525207898	0.718852876831935	1.0	1.0	1.0	0.6877287430139085	0.4343517316377352	1.0	1.0	1.0	1.0	1.0	1.0	0.6163343204024864	0.684822437215474	0.41715274718679807	1.0	1.0	1.0	1.0	0.7455134344225701	0.7510341748895939	1.0	1.0	0.6524007805500077	1.0	1.0	1.0
en	1.0	0.2519015567987879	1.0	1.0	0.2643673733348825	0.15659216982164023	0.326328044500647	1.0	0.14768881908902876	0.15827697424948756	0.35806218522857186	0.3476299198741563	0.264096111500043	0.19410296301941188	0.18753980128454126	0.22561628272057044	0.22713274594815497	0.32051212725223316	0.3090395193268103	0.38791902201367856	0.8216064286890065	0.22177910345362434	0.16055733481838314	0.14106554193721835	0.3598008497651715	0.23669259496809217	0.28596487453296826	1.0	0.19410655358784856	0.24557625874467195	0.20071182134722448	0.6929731139740006	0.24688906548931436	0.3317783442251258	1.0	0.2733228431332171
es	1.0	0.4036610780579316	1.0	1.0	0.4360173886902343	0.15770899964318424	0.6908587525207898	0.14768881908902876	1.0	0.1471636991892476	0.39344246917986786	0.7044529601756674	0.6221982196391784	0.2788705746917581	0.1863800505112574	0.3199408435043647	0.5333969598183167	0.28270816355788875	0.6701212521966627	0.2659911432014151	1.0	0.1703285928566186	0.16018442623973828	0.12933303849704667	0.37920230637376834	0.19543754672238697	0.4422691670855208	1.0	0.2720594663030849	0.26034681639515556	0.28617696484072724	1.0	0.4233117438917483	0.4153462232392791	1.0	0.3572649398069865
fr	1.0	0.29345691096046395	1.0	0.8125806012482828	0.34208175689088244	0.1463216888937869	0.718852876831935	0.15827697424948756	0.1471636991892476	1.0	0.48321328239087363	0.6106711411205088	0.3974714881749906	0.27313400661572135	0.17052643239548473	0.29314339101994585	0.42370100760140517	0.29638111596379557	0.36285914037736666	0.34729413258986946	1.0	0.15642067999398687	0.14510437762505718	0.13906339904926396	0.36997321632064095	0.1999267185021626	0.49076374903690195	1.0	0.29558960987634153	0.3272871492614471	0.3048321284718858	0.5477202365339451	0.37332328230975104	0.338427774501521	0.5660160774121898	0.33181317158325274
he	1.0	0.43574722234258917	1.0	1.0	0.47394082903329526	0.7004462574133485	1.0	0.35806218522857186	0.39344246917986786	0.48321328239087363	1.0	1.0	1.0	0.5797562500510589	0.458453424876717	1.0	1.0	0.4004177962735557	1.0	1.0	1.0	0.3104574928930472	0.5674557068897054	0.32448508627921	0.629896233114065	1.0	0.5473041025814122	1.0	0.5287823582267563	0.650403606204129	0.6701591524560105	1.0	0.7455134344225701	1.0	1.0	1.0
hi	1.0	0.39972866740636376	1.0	1.0	0.5995814788569697	0.5490104195333285	1.0	0.3476299198741563	0.7044529601756674	0.6106711411205088	1.0	1.0	1.0	0.5523828413772535	0.5490642780115456	1.0	1.0	0.41908662411446124	1.0	1.0	1.0	0.35796180907514424	0.647596284309715	0.4010555046174902	0.629896233114065	1.0	0.5350502078257504	1.0	0.5973329889831545	0.7376607345031153	0.7347168825662657	1.0	0.6994017365373274	1.0	1.0	1.0
hu	1.0	0.42063253851909094	1.0	1.0	0.6295336397621981	0.5630748855861087	1.0	0.264096111500043	0.6221982196391784	0.3974714881749906	1.0	1.0	1.0	0.3509640698809777	0.3059881073316614	1.0	1.0	0.44530616011514534	1.0	1.0	1.0	0.3769688312632794	0.6568318202362041	0.5103812152990806	0.6869919214579513	1.0	0.5639992917239327	1.0	0.5247401795702068	0.5499261341452261	0.7942219112853846	1.0	0.7510341748895938	1.0	1.0	1.0
id	1.0	0.5158456363976873	1.0	0.7863954451402115	0.42554404018399267	0.2513666887523645	0.6877287430139085	0.19410296301941188	0.2788705746917581	0.27313400661572135	0.5797562500510589	0.5523828413772535	0.3509640698809777	1.0	0.282909489484849	0.3919961820899951	0.4769779014399471	0.34324762123193087	0.5541667273998147	0.675180510187506	1.0	0.25498827824199377	0.2578080198613778	0.20708606336917504	0.602664109273808	0.314890795777731	0.5366950342032019	1.0	0.33173091639544205	0.3916342426604852	0.40972930442262157	0.7510341748895938	0.3516868678147403	0.39301428427992796	1.0	0.33174448404181855
it	1.0	0.40714331577570956	1.0	1.0	0.4379239921738554	0.19148743223035064	0.4343517316377352	0.18753980128454126	0.1863800505112574	0.17052643239548473	0.458453424876717	0.5490642780115456	0.3059881073316614	0.282909489484849	1.0	0.4344234746864026	0.37232795853160106	0.27410517205644286	0.4127162768931535	0.3836504367188635	1.0	0.21881586074021292	0.20789032324127033	0.17415318686003492	0.3692387178086498	0.26569633370171336	0.3681633349199022	1.0	0.27899067257088667	0.2676406827358201	0.34377061798516395	0.7411828468492556	0.3990719639161044	0.3565715641282651	1.0	0.26018586718235764
ja	1.0	0.46001876577393785	1.0	1.0	0.4787195943109863	0.337333478453069	1.0	0.22561628272057044	0.3199408435043647	0.29314339101994585	1.0	1.0	1.0	0.3919961820899951	0.4344234746864026	1.0	1.0	0.37377509011868915	1.0	1.0	1.0	0.43128815764729883	0.29141065579482023	0.28578116275635307	0.5380552624895734	1.0	0.5213442773846033	1.0	0.3650868778777595	0.5216900688310628	0.7179915061657697	1.0	0.4701636293212127	1.0	1.0	1.0
ko	1.0	0.38881510143715203	1.0	1.0	0.4518496318795792	0.5747129628734963	1.0	0.22713274594815497	0.5333969598183167	0.42370100760140517	1.0	1.0	1.0	0.4769779014399471	0.37232795853160106	1.0	1.0	0.41908662411446124	1.0	1.0	1.0	0.40208411090008994	0.6226091663714566	0.5063787473321715	0.6869919214579513	1.0	0.55258195877568	1.0	0.5041154992929271	0.5700245807257973	0.7322034805959264	1.0	0.6660746307207603	1.0	1.0	1.0
lv	1.0	0.5610539103012598	1.0	1.0	0.3476092156789686	0.3344126560645137	1.0	0.32051212725223316	0.28270816355788875	0.29638111596379557	0.4004177962735557	0.41908662411446124	0.44530616011514534	0.34324762123193087	0.27410517205644286	0.37377509011868915	0.41908662411446124	1.0	0.7690990303325336	0.7690990303325336	1.0	0.37203612283657456	0.335420933143365	0.3235826868568722	0.37893966278492824	0.3377447337544986	0.4013136174396466	1.0	0.3559780605995684	0.379739072237724	0.333983182332828	0.4759947003899991	0.38243753848814355	0.4130061351254454	1.0	0.3641203279522058
mk	1.0	0.3652834351737227	1.0	1.0	0.6248318231235794	1.0	1.0	0.3090395193268103	0.6701212521966627	0.36285914037736666	1.0	1.0	1.0	0.5541667273998147	0.4127162768931535	1.0	1.0	0.7690990303325336	1.0	1.0	1.0	0.5046372035259051	0.6504036062041291	0.3328114861677493	0.6978955566455195	1.0	0.6326212280556751	1.0	0.7411828468492555	1.0	0.7411828468492556	1.0	0.7510341748895939	1.0	1.0	1.0
ml	1.0	0.5299909009990298	1.0	1.0	0.6303769479944257	0.30273465327379545	1.0	0.38791902201367856	0.2659911432014151	0.34729413258986946	1.0	1.0	1.0	0.675180510187506	0.3836504367188635	1.0	1.0	0.7690990303325336	1.0	1.0	1.0	0.3716885080012966	0.5830681613566995	0.3960177441387636	0.7510341748895938	1.0	0.6189218979444486	1.0	0.6131109307903289	0.6286737270540138	0.7376607345031153	1.0	0.7376607345031153	1.0	1.0	1.0
mr	1.0	1.0	0.0	1.0	1.0	1.0	1.0	0.8216064286890065	1.0	1.0	1.0	1.0	1.0	1.0	1.0	1.0	1.0	1.0	1.0	1.0	1.0	0.8216064286890065	1.0	1.0	1.0	1.0	1.0	1.0	1.0	1.0	1.0	1.0	1.0	1.0	1.0	1.0
nl	1.0	0.34460456785162524	1.0	0.7863954451402115	0.321483747402458	0.16937835223745248	0.6163343204024864	0.22177910345362434	0.1703285928566186	0.15642067999398687	0.3104574928930472	0.35796180907514424	0.3769688312632794	0.25498827824199377	0.21881586074021292	0.43128815764729883	0.40208411090008994	0.37203612283657456	0.5046372035259051	0.3716885080012966	0.8216064286890065	1.0	0.18145423868539615	0.15058949333344537	0.3436759056495272	0.40569897542436084	0.32881907576747244	1.0	0.2628394527907622	0.41270724439766987	0.29330674983739596	0.3907678481606873	0.355804929582647	0.4031068795721484	0.8216064286890065	0.45870326368902764
pl	1.0	0.44055225563520023	1.0	1.0	0.3788109108812214	0.151702437083063	0.684822437215474	0.16055733481838314	0.16018442623973828	0.14510437762505718	0.5674557068897054	0.647596284309715	0.6568318202362041	0.2578080198613778	0.20789032324127033	0.29141065579482023	0.6226091663714566	0.335420933143365	0.6504036062041291	0.5830681613566995	1.0	0.18145423868539615	1.0	0.1435200027967355	0.4971321231846612	0.20735168290191558	0.5284745373731646	1.0	0.24349887364154835	0.3314854412824966	0.2829745524939559	0.7376607345031153	0.41034711088516446	0.44375202434210975	1.0	0.36129521715292395
pt	1.0	0.40957421621024853	1.0	0.5020797777427737	0.3015637396213867	0.138749803535832	0.41715274718679807	0.14106554193721835	0.12933303849704667	0.13906339904926396	0.32448508627921	0.4010555046174902	0.5103812152990806	0.20708606336917504	0.17415318686003492	0.28578116275635307	0.5063787473321715	0.3235826868568722	0.3328114861677493	0.3960177441387636	1.0	0.15058949333344537	0.1435200027967355	1.0	0.5592428722037648	0.16948581357639717	0.4942736530415027	1.0	0.21551770556343333	0.4440126686837902	0.18267813036126254	1.0	0.26836105005963684	0.228844710577903	1.0	0.252609501604781
ro	1.0	0.3919898005267583	1.0	1.0	0.6766898543745316	0.4844171032597124	1.0	0.3598008497651715	0.37920230637376834	0.36997321632064095	0.629896233114065	0.629896233114065	0.6869919214579513	0.602664109273808	0.3692387178086498	0.5380552624895734	0.6869919214579513	0.37893966278492824	0.6978955566455195	0.7510341748895938	1.0	0.3436759056495272	0.4971321231846612	0.5592428722037648	1.0	0.5090337865015538	0.49168691004752463	1.0	0.536402210868222	0.5804992940163043	0.7238346335704682	0.7584325078215765	0.6211029477654755	0.6786274278789106	1.0	0.6984851837491104
ru	1.0	0.41603741882820694	1.0	1.0	0.3798070821771364	0.18965742426512835	1.0	0.23669259496809217	0.19543754672238697	0.1999267185021626	1.0	1.0	1.0	0.314890795777731	0.26569633370171336	1.0	1.0	0.3377447337544986	1.0	1.0	1.0	0.40569897542436084	0.20735168290191558	0.16948581357639717	0.5090337865015538	1.0	0.50462834380207	1.0	0.2892282431855383	0.49110765757218394	0.3683431806132106	1.0	0.44220112331322503	1.0	1.0	1.0
sh	1.0	0.5491902776226002	1.0	1.0	0.41831853442239114	0.42539661874250984	1.0	0.28596487453296826	0.4422691670855208	0.49076374903690195	0.5473041025814122	0.5350502078257504	0.5639992917239327	0.5366950342032019	0.3681633349199022	0.5213442773846033	0.55258195877568	0.4013136174396466	0.6326212280556751	0.6189218979444486	1.0	0.32881907576747244	0.5284745373731646	0.4942736530415027	0.49168691004752463	0.50462834380207	1.0	1.0	0.4111305235201124	0.45610762862309123	0.5697772327400494	0.6571702826516209	0.5083206943861813	0.6467936504043929	1.0	0.5027848139479378
si	1.0	1.0	1.0	1.0	1.0	1.0	1.0	1.0	1.0	1.0	1.0	1.0	1.0	1.0	1.0	1.0	1.0	1.0	1.0	1.0	1.0	1.0	1.0	1.0	1.0	1.0	1.0	1.0	1.0	1.0	1.0	1.0	1.0	1.0	1.0	1.0
simple	1.0	0.4020988694815089	1.0	0.7863954451402115	0.3554808040296133	0.25940878803193973	0.7455134344225701	0.19410655358784856	0.2720594663030849	0.29558960987634153	0.5287823582267563	0.5973329889831545	0.5247401795702068	0.33173091639544205	0.27899067257088667	0.3650868778777595	0.5041154992929271	0.3559780605995684	0.7411828468492555	0.6131109307903289	1.0	0.2628394527907622	0.24349887364154835	0.21551770556343333	0.536402210868222	0.2892282431855383	0.4111305235201124	1.0	1.0	0.5477851381709078	0.3346675358514322	0.7411828468492556	0.39133435768463903	0.38557103733347464	1.0	0.23898932496976047
sr	1.0	0.39005532561566514	1.0	1.0	0.48531718530305773	0.24661987402855504	0.7510341748895939	0.24557625874467195	0.26034681639515556	0.3272871492614471	0.650403606204129	0.7376607345031153	0.5499261341452261	0.3916342426604852	0.2676406827358201	0.5216900688310628	0.5700245807257973	0.379739072237724	1.0	0.6286737270540138	1.0	0.41270724439766987	0.3314854412824966	0.4440126686837902	0.5804992940163043	0.49110765757218394	0.45610762862309123	1.0	0.5477851381709078	1.0	0.6677410666805628	0.7690990303325336	0.5349116863580632	0.6841174893561722	1.0	0.518864506547817
sv	1.0	0.5867825077218908	1.0	1.0	0.44013426363037145	0.22386961188960472	1.0	0.20071182134722448	0.28617696484072724	0.3048321284718858	0.6701591524560105	0.7347168825662657	0.7942219112853846	0.40972930442262157	0.34377061798516395	0.7179915061657697	0.7322034805959264	0.333983182332828	0.7411828468492556	0.7376607345031153	1.0	0.29330674983739596	0.2829745524939559	0.18267813036126254	0.7238346335704682	0.3683431806132106	0.5697772327400494	1.0	0.3346675358514322	0.6677410666805628	1.0	1.0	0.5012108311802808	1.0	1.0	0.521400084063061
te	1.0	0.7863954451402115	0.0	1.0	0.5687804475856042	0.74551343442257	1.0	0.6929731139740006	1.0	0.5477202365339451	1.0	1.0	1.0	0.7510341748895938	0.7411828468492556	1.0	1.0	0.4759947003899991	1.0	1.0	1.0	0.3907678481606873	0.7376607345031153	1.0	0.7584325078215765	1.0	0.6571702826516209	1.0	0.7411828468492556	0.7690990303325336	1.0	1.0	0.7510341748895938	1.0	1.0	1.0
tr	1.0	0.4529756948639424	-1.0	1.0	0.40548738551876823	0.3014388044840796	0.6524007805500077	0.24688906548931436	0.4233117438917483	0.37332328230975104	0.7455134344225701	0.6994017365373274	0.7510341748895938	0.3516868678147403	0.3990719639161044	0.4701636293212127	0.6660746307207603	0.38243753848814355	0.7510341748895939	0.7376607345031153	1.0	0.355804929582647	0.41034711088516446	0.26836105005963684	0.6211029477654755	0.44220112331322503	0.5083206943861813	1.0	0.39133435768463903	0.5349116863580632	0.5012108311802808	0.7510341748895938	1.0	0.6332460537063271	1.0	0.5297384400623347
vi	1.0	0.40741780053845456	1.0	1.0	0.5096991116388664	0.33061330072552214	1.0	0.3317783442251258	0.4153462232392791	0.338427774501521	1.0	1.0	1.0	0.39301428427992796	0.3565715641282651	1.0	1.0	0.4130061351254454	1.0	1.0	1.0	0.4031068795721484	0.44375202434210975	0.228844710577903	0.6786274278789106	1.0	0.6467936504043929	1.0	0.38557103733347464	0.6841174893561722	1.0	1.0	0.6332460537063271	1.0	1.0	1.0
war	1.0	1.0	1.0	1.0	1.0	1.0	1.0	1.0	1.0	0.5660160774121898	1.0	1.0	1.0	1.0	1.0	1.0	1.0	1.0	1.0	1.0	1.0	0.8216064286890065	1.0	1.0	1.0	1.0	1.0	1.0	1.0	1.0	1.0	1.0	1.0	1.0	1.0	1.0
zh	1.0	0.44212949341075714	1.0	1.0	0.5657314356879802	0.3375968968950681	1.0	0.2733228431332171	0.3572649398069865	0.33181317158325274	1.0	1.0	1.0	0.33174448404181855	0.26018586718235764	1.0	1.0	0.3641203279522058	1.0	1.0	1.0	0.45870326368902764	0.36129521715292395	0.252609501604781	0.6984851837491104	1.0	0.5027848139479378	1.0	0.23898932496976047	0.518864506547817	0.521400084063061	1.0	0.5297384400623347	1.0	1.0	1.0
