arz	bs	ceb	ckb	da	de	el	en	es	fr	he	hi	hu	id	it	ja	ko	lv	mk	ml	mr	nl	pl	pt	ro	ru	sh	si	simple	sr	sv	te	tr	vi	war	zh
arz	1.0	0.41046577156404257	0.5945264701686552	1.0	0.32539357921683953	0.0	0.0	0.0	0.0	0.0	1.0	1.0	0.3137659635644855	0.2568564588330146	0.0	0.0	0.0	0.44460032487978246	1.0	1.0	1.0	0.0	0.0	0.0	0.27864309740778714	0.0	0.2641949095200093	1.0	0.43216523575851257	0.7155258672934657	0.0	1.0	1.0	0.5751631327282977	0.612612409469375	0.0
bs	0.41046577156404257	1.0	0.366700879100117	0.48132650712437064	0.20606985803295794	0.0	0.0	0.0	0.0	0.0	0.3052087378641585	0.34933733651490745	0.21373623774659015	0.20012106819827222	0.0	0.0	0.0	0.26295388043256074	0.3210080457308828	0.3982083366902102	0.3687395360812998	0.0	0.0	0.0	0.23515204243895535	0.0	0.21887124753642703	0.5291116803156115	0.29134165875641566	0.3103094596114929	0.0	0.5305056247172458	0.39183237871679405	0.28723564488611625	0.37413172067751155	0.0
ceb	0.5945264701686552	0.366700879100117	1.0	0.6167131210802118	0.32607384732300765	0.0	0.0	0.0	0.0	0.0	0.49619116686480835	0.5266318383979393	0.2976927576882318	0.23319387539746986	0.0	0.0	0.0	0.35370462554555926	0.5266318383979393	0.5431216407831009	0.5311914777539617	0.0	0.0	0.0	0.3759270562985822	0.0	0.2646587123484039	1.0	0.3894577471219001	0.5412202335854622	0.0	1.0	-1.0	0.47191753443139817	0.5423338285612452	0.0
ckb	1.0	0.48132650712437064	0.6167131210802118	1.0	0.3347520985628106	0.0	0.0	0.0	0.0	0.0	1.0	1.0	0.28116517432801313	0.2502654395074793	0.0	0.0	0.0	0.41288055167657917	1.0	1.0	1.0	0.0	0.0	0.0	0.44152883225306067	0.0	0.24948438638859685	1.0	0.29906026804918384	1.0	0.0	1.0	1.0	1.0	0.5876277661521777	0.0
da	0.32539357921683953	0.20606985803295794	0.32607384732300765	0.3347520985628106	1.0	0.0	0.0	0.0	0.0	0.0	0.20087399347641913	0.19414832028476942	0.1664152201743687	0.1347031873695045	0.0	0.0	0.0	0.15490450267053152	0.1907871005942843	0.19720417854565084	0.1865166775755463	0.0	0.0	0.0	0.14402694199431867	0.0	0.15632659605664584	0.2526155647987571	0.15528248304372225	0.17730363375926045	0.0	0.25485131544403056	0.5193913014585855	0.17168863298421666	0.3663813211360185	0.0
de	0.0	0.0	0.0	0.0	0.0	1.0	1.0	1.0	1.0	1.0	0.0	0.0	0.0	0.0	1.0	1.0	1.0	0.0	0.0	0.0	0.0	0.0	0.0	1.0	0.0	1.0	0.0	0.0	0.0	0.0	1.0	0.0	0.4020659799793629	0.0	0.0	1.0
el	0.0	0.0	0.0	0.0	0.0	1.0	1.0	1.0	1.0	0.0	0.0	0.0	0.0	0.0	0.0	1.0	1.0	0.0	0.0	0.0	0.0	0.0	0.0	0.0	0.0	1.0	0.0	0.0	0.0	0.0	0.0	0.0	0.8137822343553781	0.0	0.0	1.0
en	0.0	0.0	0.0	0.0	0.0	1.0	1.0	1.0	1.0	1.0	0.0	0.0	0.0	0.0	1.0	1.0	1.0	0.0	0.0	0.0	0.0	0.0	0.0	1.0	0.0	1.0	0.0	0.0	0.0	0.0	1.0	0.0	0.23081461903261125	0.0	0.0	1.0
es	0.0	0.0	0.0	0.0	0.0	1.0	1.0	1.0	1.0	1.0	0.0	0.0	0.0	0.0	1.0	1.0	1.0	0.0	0.0	0.0	0.0	0.0	0.0	1.0	0.0	1.0	0.0	0.0	0.0	0.0	1.0	0.0	0.3160595898960381	0.0	0.0	1.0
fr	0.0	0.0	0.0	0.0	0.0	1.0	0.0	1.0	1.0	1.0	0.0	0.0	0.0	0.0	1.0	0.0	0.0	0.0	0.0	0.0	0.0	0.0	0.0	1.0	0.0	0.0	0.0	0.0	0.0	0.0	1.0	0.0	0.41139414381356537	0.0	0.0	1.0
he	1.0	0.3052087378641585	0.49619116686480835	1.0	0.20087399347641913	0.0	0.0	0.0	0.0	0.0	1.0	1.0	0.2634782059153157	0.18200725994201236	0.0	0.0	0.0	0.2239309501859798	1.0	1.0	1.0	0.0	0.0	0.0	0.2029894321676507	0.0	0.211584162447756	1.0	0.1795758565809008	0.5782032259014136	0.0	1.0	0.7455134344225701	0.45442061382831045	0.5353409448025164	0.0
hi	1.0	0.34933733651490745	0.5266318383979393	1.0	0.19414832028476942	0.0	0.0	0.0	0.0	0.0	1.0	1.0	0.26798432416899914	0.17351717124325977	0.0	0.0	0.0	0.2757132754958182	1.0	1.0	1.0	0.0	0.0	0.0	0.2564358408688554	0.0	0.2056478052592036	1.0	0.18294699989441812	0.7028911840705582	0.0	1.0	1.0	0.3360904228475664	0.5353409448025164	0.0
hu	0.3137659635644855	0.21373623774659015	0.2976927576882318	0.28116517432801313	0.1664152201743687	0.0	0.0	0.0	0.0	0.0	0.2634782059153157	0.26798432416899914	1.0	0.16306819922614157	0.0	0.0	0.0	0.18103752316659047	0.2667671014057585	0.2795301311864563	0.2577154401313183	0.0	0.0	0.0	0.16125290835708214	0.0	0.17801819586781398	0.40909413562672287	0.16222245847491645	0.2670015230614113	0.0	0.38791435693628123	1.0	0.25830340198584184	0.34928963818175135	0.0
id	0.2568564588330146	0.20012106819827222	0.23319387539746986	0.2502654395074793	0.1347031873695045	0.0	0.0	0.0	0.0	0.0	0.18200725994201236	0.17351717124325977	0.16306819922614157	1.0	0.0	0.0	0.0	0.12830453701013664	0.14107238054875199	0.17677159893463273	0.17037312430216253	0.0	0.0	0.0	0.11922340910285006	0.0	0.14282281972783323	0.2934180386500348	0.10912042915348161	0.16252467729435835	0.0	0.2745936736314452	0.43077266314192664	0.13888977364052113	0.2741065156591012	0.0
it	0.0	0.0	0.0	0.0	0.0	1.0	0.0	1.0	1.0	1.0	0.0	0.0	0.0	0.0	1.0	0.0	0.0	0.0	0.0	0.0	0.0	0.0	0.0	1.0	0.0	0.0	0.0	0.0	0.0	0.0	1.0	0.0	0.3015989365232839	0.0	0.0	1.0
ja	0.0	0.0	0.0	0.0	0.0	1.0	1.0	1.0	1.0	0.0	0.0	0.0	0.0	0.0	0.0	1.0	1.0	0.0	0.0	0.0	0.0	0.0	0.0	0.0	0.0	1.0	0.0	0.0	0.0	0.0	0.0	0.0	0.6286699990356635	0.0	0.0	1.0
ko	0.0	0.0	0.0	0.0	0.0	1.0	1.0	1.0	1.0	0.0	0.0	0.0	0.0	0.0	0.0	1.0	1.0	0.0	0.0	0.0	0.0	0.0	0.0	0.0	0.0	1.0	0.0	0.0	0.0	0.0	0.0	0.0	0.547481675853635	0.0	0.0	1.0
lv	0.44460032487978246	0.26295388043256074	0.35370462554555926	0.41288055167657917	0.15490450267053152	0.0	0.0	0.0	0.0	0.0	0.2239309501859798	0.2757132754958182	0.18103752316659047	0.12830453701013664	0.0	0.0	0.0	1.0	0.18611343427381427	0.2891554667886976	0.3196921294004759	0.0	0.0	0.0	0.16437107197046077	0.0	0.16312920495264752	0.5808519206891735	0.15052159804891482	0.2322643603410868	0.0	0.5740825777937001	0.6145234195379885	0.17156099315205434	0.5172777801779692	0.0
mk	1.0	0.3210080457308828	0.5266318383979393	1.0	0.1907871005942843	0.0	0.0	0.0	0.0	0.0	1.0	1.0	0.2667671014057585	0.14107238054875199	0.0	0.0	0.0	0.18611343427381427	1.0	1.0	1.0	0.0	0.0	0.0	0.20831357189893487	0.0	0.18529527053084852	1.0	0.17453374519022227	0.6217828714482422	0.0	1.0	1.0	0.31499653324322735	0.5808519206891736	0.0
ml	1.0	0.3982083366902102	0.5431216407831009	1.0	0.19720417854565084	0.0	0.0	0.0	0.0	0.0	1.0	1.0	0.2795301311864563	0.17677159893463273	0.0	0.0	0.0	0.2891554667886976	1.0	1.0	1.0	0.0	0.0	0.0	0.26507578124956965	0.0	0.23006728437307164	1.0	0.19109313545399506	0.7019395434758631	0.0	1.0	0.5644061952911724	0.5041749737953563	0.5374057418368774	0.0
mr	1.0	0.3687395360812998	0.5311914777539617	1.0	0.1865166775755463	0.0	0.0	0.0	0.0	0.0	1.0	1.0	0.2577154401313183	0.17037312430216253	0.0	0.0	0.0	0.3196921294004759	1.0	1.0	1.0	0.0	0.0	0.0	0.23211313133430653	0.0	0.22394965153737187	1.0	0.2050615082625138	1.0	0.0	1.0	1.0	0.3538900987938099	0.5374057418368774	0.0
nl	0.0	0.0	0.0	0.0	0.0	0.0	0.0	0.0	0.0	0.0	0.0	0.0	0.0	0.0	0.0	0.0	0.0	0.0	0.0	0.0	0.0	1.0	0.0	0.0	0.0	0.0	0.0	0.0	0.0	0.0	0.0	0.0	0.3836495881511257	0.0	0.0	0.0
pl	0.0	0.0	0.0	0.0	0.0	0.0	0.0	0.0	0.0	0.0	0.0	0.0	0.0	0.0	0.0	0.0	0.0	0.0	0.0	0.0	0.0	0.0	0.0	0.0	0.0	0.0	0.0	0.0	0.0	0.0	0.0	0.0	0.4411877796012323	0.0	0.0	0.0
pt	0.0	0.0	0.0	0.0	0.0	1.0	0.0	1.0	1.0	1.0	0.0	0.0	0.0	0.0	1.0	0.0	0.0	0.0	0.0	0.0	0.0	0.0	0.0	1.0	0.0	0.0	0.0	0.0	0.0	0.0	1.0	0.0	0.44323584324683446	0.0	0.0	1.0
ro	0.27864309740778714	0.23515204243895535	0.3759270562985822	0.44152883225306067	0.14402694199431867	0.0	0.0	0.0	0.0	0.0	0.2029894321676507	0.2564358408688554	0.16125290835708214	0.11922340910285006	0.0	0.0	0.0	0.16437107197046077	0.20831357189893487	0.26507578124956965	0.23211313133430653	0.0	0.0	0.0	1.0	0.0	0.14446595822751404	0.4897984661334331	0.1388914815956055	0.20685175762430066	0.0	0.5922836372433175	0.5999080791018482	0.16464902358200942	0.39897149323048076	0.0
ru	0.0	0.0	0.0	0.0	0.0	1.0	1.0	1.0	1.0	0.0	0.0	0.0	0.0	0.0	0.0	1.0	1.0	0.0	0.0	0.0	0.0	0.0	0.0	0.0	0.0	1.0	0.0	0.0	0.0	0.0	0.0	0.0	0.47209032257786826	0.0	0.0	1.0
sh	0.2641949095200093	0.21887124753642703	0.2646587123484039	0.24948438638859685	0.15632659605664584	0.0	0.0	0.0	0.0	0.0	0.211584162447756	0.2056478052592036	0.17801819586781398	0.14282281972783323	0.0	0.0	0.0	0.16312920495264752	0.18529527053084852	0.23006728437307164	0.22394965153737187	0.0	0.0	0.0	0.14446595822751404	0.0	1.0	0.2789234697847845	0.14279498332427654	0.187929241000425	0.0	0.29366739784809137	0.6046670433730355	0.1539549908061673	0.2802521005471978	0.0
si	1.0	0.5291116803156115	1.0	1.0	0.2526155647987571	0.0	0.0	0.0	0.0	0.0	1.0	1.0	0.40909413562672287	0.2934180386500348	0.0	0.0	0.0	0.5808519206891735	1.0	1.0	1.0	0.0	0.0	0.0	0.4897984661334331	0.0	0.2789234697847845	1.0	0.5028059987699195	1.0	0.0	1.0	1.0	0.7199285383279772	0.6189014223491325	0.0
simple	0.43216523575851257	0.29134165875641566	0.3894577471219001	0.29906026804918384	0.15528248304372225	0.0	0.0	0.0	0.0	0.0	0.1795758565809008	0.18294699989441812	0.16222245847491645	0.10912042915348161	0.0	0.0	0.0	0.15052159804891482	0.17453374519022227	0.19109313545399506	0.2050615082625138	0.0	0.0	0.0	0.1388914815956055	0.0	0.14279498332427654	0.5028059987699195	1.0	0.14926796213751836	0.0	0.4419597469253509	0.4227543571303273	0.1402534433014866	0.41423253699129853	0.0
sr	0.7155258672934657	0.3103094596114929	0.5412202335854622	1.0	0.17730363375926045	0.0	0.0	0.0	0.0	0.0	0.5782032259014136	0.7028911840705582	0.2670015230614113	0.16252467729435835	0.0	0.0	0.0	0.2322643603410868	0.6217828714482422	0.7019395434758631	1.0	0.0	0.0	0.0	0.20685175762430066	0.0	0.187929241000425	1.0	0.14926796213751836	1.0	0.0	1.0	0.6658625706932751	0.43311250948235525	0.5317429089517608	0.0
sv	0.0	0.0	0.0	0.0	0.0	1.0	0.0	1.0	1.0	1.0	0.0	0.0	0.0	0.0	1.0	0.0	0.0	0.0	0.0	0.0	0.0	0.0	0.0	1.0	0.0	0.0	0.0	0.0	0.0	0.0	1.0	0.0	0.5393942320708904	0.0	0.0	1.0
te	1.0	0.5305056247172458	1.0	1.0	0.25485131544403056	0.0	0.0	0.0	0.0	0.0	1.0	1.0	0.38791435693628123	0.2745936736314452	0.0	0.0	0.0	0.5740825777937001	1.0	1.0	1.0	0.0	0.0	0.0	0.5922836372433175	0.0	0.29366739784809137	1.0	0.4419597469253509	1.0	0.0	1.0	0.7106922308883379	1.0	0.7322034805959264	0.0
tr	1.0	0.39183237871679405	-1.0	1.0	0.5193913014585855	0.4020659799793629	0.8137822343553781	0.23081461903261125	0.3160595898960381	0.41139414381356537	0.7455134344225701	1.0	1.0	0.43077266314192664	0.3015989365232839	0.6286699990356635	0.547481675853635	0.6145234195379885	1.0	0.5644061952911724	1.0	0.3836495881511257	0.4411877796012323	0.44323584324683446	0.5999080791018482	0.47209032257786826	0.6046670433730355	1.0	0.4227543571303273	0.6658625706932751	0.5393942320708904	0.7106922308883379	1.0	0.5505250697112148	1.0	0.46798306614778956
vi	0.5751631327282977	0.28723564488611625	0.47191753443139817	1.0	0.17168863298421666	0.0	0.0	0.0	0.0	0.0	0.45442061382831045	0.3360904228475664	0.25830340198584184	0.13888977364052113	0.0	0.0	0.0	0.17156099315205434	0.31499653324322735	0.5041749737953563	0.3538900987938099	0.0	0.0	0.0	0.16464902358200942	0.0	0.1539549908061673	0.7199285383279772	0.1402534433014866	0.43311250948235525	0.0	1.0	0.5505250697112148	1.0	0.5301632132745038	0.0
war	0.612612409469375	0.37413172067751155	0.5423338285612452	0.5876277661521777	0.3663813211360185	0.0	0.0	0.0	0.0	0.0	0.5353409448025164	0.5353409448025164	0.34928963818175135	0.2741065156591012	0.0	0.0	0.0	0.5172777801779692	0.5808519206891736	0.5374057418368774	0.5374057418368774	0.0	0.0	0.0	0.39897149323048076	0.0	0.2802521005471978	0.6189014223491325	0.41423253699129853	0.5317429089517608	0.0	0.7322034805959264	1.0	0.5301632132745038	1.0	0.0
zh	0.0	0.0	0.0	0.0	0.0	1.0	1.0	1.0	1.0	1.0	0.0	0.0	0.0	0.0	1.0	1.0	1.0	0.0	0.0	0.0	0.0	0.0	0.0	1.0	0.0	1.0	0.0	0.0	0.0	0.0	1.0	0.0	0.46798306614778956	0.0	0.0	1.0
