arz	bs	ceb	ckb	da	de	el	en	es	fr	he	hi	hu	id	it	ja	ko	lv	mk	ml	mr	nl	pl	pt	ro	ru	sh	si	simple	sr	sv	te	tr	vi	war	zh
arz	1.0	0.07834970231860666	0.4142135623730951	1.0	0.10927354085539033	0.0	0.0	0.0	0.0	0.0	1.0	1.0	0.0488876197572019	0.14509822565509561	0.0	0.0	0.0	0.24660605559646726	1.0	1.0	1.0	0.0	0.0	0.0	0.22646721143623746	0.0	0.30216947925196225	1.0	0.17379378377786506	0.585786437626905	0.0	1.0	1.0	0.4364916731037085	0.5	0.0
bs	0.07834970231860666	1.0	0.15409404137529323	0.19675422795565728	0.04492098873304114	0.0	0.0	0.0	0.0	0.0	0.05028201480681406	0.05822737258374744	0.067177003501966	0.04594997284702469	0.0	0.0	0.0	0.04135649773917584	0.04838875032870288	0.11364188252699266	0.06449982528253956	0.0	0.0	0.0	0.04253451778334434	0.0	0.044701130827752567	0.23166247903554	0.04335719495156274	0.04667741247341568	0.0	0.23800671553691075	0.11166930467137946	0.04909627517072252	0.13759261916776347	0.0
ceb	0.4142135623730951	0.15409404137529323	1.0	0.44948974278317805	0.1550914208468615	0.0	0.0	0.0	0.0	0.0	0.3090169943749474	0.3203772410170407	0.047959134931630995	0.12817840191486798	0.0	0.0	0.0	0.1924840598000365	0.3203772410170407	0.33333333333333326	0.3203772410170407	0.0	0.0	0.0	0.14858757526357158	0.0	0.1975496259559987	1.0	0.19031634369804268	0.33333333333333326	0.0	1.0	-1.0	0.2898979485566356	0.3660254037844386	0.0
ckb	1.0	0.19675422795565728	0.44948974278317805	1.0	0.12017494462146865	0.0	0.0	0.0	0.0	0.0	1.0	1.0	0.04878048780487805	0.10470652084789517	0.0	0.0	0.0	0.16666666666666666	1.0	1.0	1.0	0.0	0.0	0.0	0.24336073281110826	0.0	0.1685521226706963	1.0	0.1089725641757413	1.0	0.0	1.0	1.0	1.0	0.44948974278317805	0.0
da	0.10927354085539033	0.04492098873304114	0.1550914208468615	0.12017494462146865	1.0	0.0	0.0	0.0	0.0	0.0	0.035505387750875285	0.05287264540136604	0.026435071166510657	0.020050873324128155	0.0	0.0	0.0	0.019923771290760766	0.024009763380338126	0.04542646149930838	0.06476074632473597	0.0	0.0	0.0	0.025393021131749488	0.0	0.028187054344606714	0.2240092377397959	0.02364790651818969	0.02698035960986677	0.0	0.19427705374478668	0.2928060946961875	0.022674635425060825	0.1951941016011038	0.0
de	0.0	0.0	0.0	0.0	0.0	1.0	1.0	1.0	1.0	1.0	0.0	0.0	0.0	0.0	1.0	1.0	1.0	0.0	0.0	0.0	0.0	0.0	0.0	1.0	0.0	1.0	0.0	0.0	0.0	0.0	1.0	0.0	0.18261013188966888	0.0	0.0	1.0
el	0.0	0.0	0.0	0.0	0.0	1.0	1.0	1.0	1.0	0.0	0.0	0.0	0.0	0.0	0.0	1.0	1.0	0.0	0.0	0.0	0.0	0.0	0.0	0.0	0.0	1.0	0.0	0.0	0.0	0.0	0.0	0.0	0.5	0.0	0.0	1.0
en	0.0	0.0	0.0	0.0	0.0	1.0	1.0	1.0	1.0	1.0	0.0	0.0	0.0	0.0	1.0	1.0	1.0	0.0	0.0	0.0	0.0	0.0	0.0	1.0	0.0	1.0	0.0	0.0	0.0	0.0	1.0	0.0	0.10255309943860091	0.0	0.0	1.0
es	0.0	0.0	0.0	0.0	0.0	1.0	1.0	1.0	1.0	1.0	0.0	0.0	0.0	0.0	1.0	1.0	1.0	0.0	0.0	0.0	0.0	0.0	0.0	1.0	0.0	1.0	0.0	0.0	0.0	0.0	1.0	0.0	0.18660549686337075	0.0	0.0	1.0
fr	0.0	0.0	0.0	0.0	0.0	1.0	0.0	1.0	1.0	1.0	0.0	0.0	0.0	0.0	1.0	0.0	0.0	0.0	0.0	0.0	0.0	0.0	0.0	1.0	0.0	0.0	0.0	0.0	0.0	0.0	1.0	0.0	0.15621645517097552	0.0	0.0	1.0
he	1.0	0.05028201480681406	0.3090169943749474	1.0	0.035505387750875285	0.0	0.0	0.0	0.0	0.0	1.0	1.0	0.016904342188464108	0.027573012704722566	0.0	0.0	0.0	0.052026788997850744	1.0	1.0	1.0	0.0	0.0	0.0	0.021190279429438137	0.0	0.060745545249769224	1.0	0.03368498818850703	0.44948974278317805	0.0	1.0	0.585786437626905	0.3090169943749474	0.4142135623730951	0.0
hi	1.0	0.05822737258374744	0.3203772410170407	1.0	0.05287264540136604	0.0	0.0	0.0	0.0	0.0	1.0	1.0	0.023412846186002454	0.02388777700360979	0.0	0.0	0.0	0.10351694645735658	1.0	1.0	1.0	0.0	0.0	0.0	0.050752983663911386	0.0	0.08684671579465013	1.0	0.027602105567609447	0.585786437626905	0.0	1.0	1.0	0.33333333333333326	0.4142135623730951	0.0
hu	0.0488876197572019	0.067177003501966	0.047959134931630995	0.04878048780487805	0.026435071166510657	0.0	0.0	0.0	0.0	0.0	0.016904342188464108	0.023412846186002454	1.0	0.017097291192517846	0.0	0.0	0.0	0.017254949195956007	0.014120065699393664	0.024483196458795663	0.026209985123336662	0.0	0.0	0.0	0.027105574637901992	0.0	0.022020738544118457	0.1359000948135354	0.021266325512505863	0.01901157507362809	0.0	0.19292728076790167	1.0	0.015603339006462847	0.07320891191716432	0.0
id	0.14509822565509561	0.04594997284702469	0.12817840191486798	0.10470652084789517	0.020050873324128155	0.0	0.0	0.0	0.0	0.0	0.027573012704722566	0.02388777700360979	0.017097291192517846	1.0	0.0	0.0	0.0	0.017774719209279363	0.014064343657067395	0.04776361795421041	0.07226767538891923	0.0	0.0	0.0	0.01875352077707473	0.0	0.02257706158653318	0.3090169943749474	0.016765865151155065	0.026654817189674197	0.0	0.2612038749637414	0.18333466834154644	0.013868248137145654	0.1911542447404592	0.0
it	0.0	0.0	0.0	0.0	0.0	1.0	0.0	1.0	1.0	1.0	0.0	0.0	0.0	0.0	1.0	0.0	0.0	0.0	0.0	0.0	0.0	0.0	0.0	1.0	0.0	0.0	0.0	0.0	0.0	0.0	1.0	0.0	0.15473372600536658	0.0	0.0	1.0
ja	0.0	0.0	0.0	0.0	0.0	1.0	1.0	1.0	1.0	0.0	0.0	0.0	0.0	0.0	0.0	1.0	1.0	0.0	0.0	0.0	0.0	0.0	0.0	0.0	0.0	1.0	0.0	0.0	0.0	0.0	0.0	0.0	0.3164309725825328	0.0	0.0	1.0
ko	0.0	0.0	0.0	0.0	0.0	1.0	1.0	1.0	1.0	0.0	0.0	0.0	0.0	0.0	0.0	1.0	1.0	0.0	0.0	0.0	0.0	0.0	0.0	0.0	0.0	1.0	0.0	0.0	0.0	0.0	0.0	0.0	0.32449979983983984	0.0	0.0	1.0
lv	0.24660605559646726	0.04135649773917584	0.1924840598000365	0.16666666666666666	0.019923771290760766	0.0	0.0	0.0	0.0	0.0	0.052026788997850744	0.10351694645735658	0.017254949195956007	0.017774719209279363	0.0	0.0	0.0	1.0	0.03349738555923874	0.07530596642311808	0.10496189307508676	0.0	0.0	0.0	0.019607335471480594	0.0	0.03058982788541828	0.44948974278317805	0.020784624811317917	0.05508240205532248	0.0	0.38742588672279304	0.36602540378443865	0.028745476730417194	0.3090169943749474	0.0
mk	1.0	0.04838875032870288	0.3203772410170407	1.0	0.024009763380338126	0.0	0.0	0.0	0.0	0.0	1.0	1.0	0.014120065699393664	0.014064343657067395	0.0	0.0	0.0	0.03349738555923874	1.0	1.0	1.0	0.0	0.0	0.0	0.018750821113195735	0.0	0.031899980229333734	1.0	0.02617274562757585	0.5	0.0	1.0	1.0	0.28436465220442186	0.44948974278317805	0.0
ml	1.0	0.11364188252699266	0.33333333333333326	1.0	0.04542646149930838	0.0	0.0	0.0	0.0	0.0	1.0	1.0	0.024483196458795663	0.04776361795421041	0.0	0.0	0.0	0.07530596642311808	1.0	1.0	1.0	0.0	0.0	0.0	0.04952985993844926	0.0	0.074798137347717	1.0	0.033816288984627484	0.585786437626905	0.0	1.0	0.3430703308172536	0.34833147735478825	0.4142135623730951	0.0
mr	1.0	0.06449982528253956	0.3203772410170407	1.0	0.06476074632473597	0.0	0.0	0.0	0.0	0.0	1.0	1.0	0.026209985123336662	0.07226767538891923	0.0	0.0	0.0	0.10496189307508676	1.0	1.0	1.0	0.0	0.0	0.0	0.07891029596989835	0.0	0.11409810353446934	1.0	0.0606789024189967	1.0	0.0	1.0	1.0	0.5	0.4142135623730951	0.0
nl	0.0	0.0	0.0	0.0	0.0	0.0	0.0	0.0	0.0	0.0	0.0	0.0	0.0	0.0	0.0	0.0	0.0	0.0	0.0	0.0	0.0	1.0	0.0	0.0	0.0	0.0	0.0	0.0	0.0	0.0	0.0	0.0	0.0722497397912967	0.0	0.0	0.0
pl	0.0	0.0	0.0	0.0	0.0	0.0	0.0	0.0	0.0	0.0	0.0	0.0	0.0	0.0	0.0	0.0	0.0	0.0	0.0	0.0	0.0	0.0	0.0	0.0	0.0	0.0	0.0	0.0	0.0	0.0	0.0	0.0	0.20521309615767264	0.0	0.0	0.0
pt	0.0	0.0	0.0	0.0	0.0	1.0	0.0	1.0	1.0	1.0	0.0	0.0	0.0	0.0	1.0	0.0	0.0	0.0	0.0	0.0	0.0	0.0	0.0	1.0	0.0	0.0	0.0	0.0	0.0	0.0	1.0	0.0	0.18496477948239431	0.0	0.0	1.0
ro	0.22646721143623746	0.04253451778334434	0.14858757526357158	0.24336073281110826	0.025393021131749488	0.0	0.0	0.0	0.0	0.0	0.021190279429438137	0.050752983663911386	0.027105574637901992	0.01875352077707473	0.0	0.0	0.0	0.019607335471480594	0.018750821113195735	0.04952985993844926	0.07891029596989835	0.0	0.0	0.0	1.0	0.0	0.03007477757157655	0.2222222222222222	0.022411906165566323	0.023071694450466203	0.0	0.36602540378443865	0.28989794855663564	0.021577374877174336	0.18464218557642828	0.0
ru	0.0	0.0	0.0	0.0	0.0	1.0	1.0	1.0	1.0	0.0	0.0	0.0	0.0	0.0	0.0	1.0	1.0	0.0	0.0	0.0	0.0	0.0	0.0	0.0	0.0	1.0	0.0	0.0	0.0	0.0	0.0	0.0	0.20658711810431302	0.0	0.0	1.0
sh	0.30216947925196225	0.044701130827752567	0.1975496259559987	0.1685521226706963	0.028187054344606714	0.0	0.0	0.0	0.0	0.0	0.060745545249769224	0.08684671579465013	0.022020738544118457	0.02257706158653318	0.0	0.0	0.0	0.03058982788541828	0.031899980229333734	0.074798137347717	0.11409810353446934	0.0	0.0	0.0	0.03007477757157655	0.0	1.0	0.30216947925196225	0.02604411314407583	0.04137329915750573	0.0	0.3430703308172536	0.3726822671238253	0.03066913273721905	0.22901628833426058	0.0
si	1.0	0.23166247903554	1.0	1.0	0.2240092377397959	0.0	0.0	0.0	0.0	0.0	1.0	1.0	0.1359000948135354	0.3090169943749474	0.0	0.0	0.0	0.44948974278317805	1.0	1.0	1.0	0.0	0.0	0.0	0.2222222222222222	0.0	0.30216947925196225	1.0	0.3266316347104093	1.0	0.0	1.0	1.0	0.585786437626905	0.5	0.0
simple	0.17379378377786506	0.04335719495156274	0.19031634369804268	0.1089725641757413	0.02364790651818969	0.0	0.0	0.0	0.0	0.0	0.03368498818850703	0.027602105567609447	0.021266325512505863	0.016765865151155065	0.0	0.0	0.0	0.020784624811317917	0.02617274562757585	0.033816288984627484	0.0606789024189967	0.0	0.0	0.0	0.022411906165566323	0.0	0.02604411314407583	0.3266316347104093	1.0	0.02683134215552404	0.0	0.2565236958429578	0.16870812046433467	0.01779788021321019	0.2843646522044218	0.0
sr	0.585786437626905	0.04667741247341568	0.33333333333333326	1.0	0.02698035960986677	0.0	0.0	0.0	0.0	0.0	0.44948974278317805	0.585786437626905	0.01901157507362809	0.026654817189674197	0.0	0.0	0.0	0.05508240205532248	0.5	0.585786437626905	1.0	0.0	0.0	0.0	0.023071694450466203	0.0	0.04137329915750573	1.0	0.02683134215552404	1.0	0.0	1.0	0.3797958971132712	0.29893508442482547	0.4142135623730951	0.0
sv	0.0	0.0	0.0	0.0	0.0	1.0	0.0	1.0	1.0	1.0	0.0	0.0	0.0	0.0	1.0	0.0	0.0	0.0	0.0	0.0	0.0	0.0	0.0	1.0	0.0	0.0	0.0	0.0	0.0	0.0	1.0	0.0	0.3660254037844386	0.0	0.0	1.0
te	1.0	0.23800671553691075	1.0	1.0	0.19427705374478668	0.0	0.0	0.0	0.0	0.0	1.0	1.0	0.19292728076790167	0.2612038749637414	0.0	0.0	0.0	0.38742588672279304	1.0	1.0	1.0	0.0	0.0	0.0	0.36602540378443865	0.0	0.3430703308172536	1.0	0.2565236958429578	1.0	0.0	1.0	0.5	1.0	0.585786437626905	0.0
tr	1.0	0.11166930467137946	-1.0	1.0	0.2928060946961875	0.18261013188966888	0.5	0.10255309943860091	0.18660549686337075	0.15621645517097552	0.585786437626905	1.0	1.0	0.18333466834154644	0.15473372600536658	0.3164309725825328	0.32449979983983984	0.36602540378443865	1.0	0.3430703308172536	1.0	0.0722497397912967	0.20521309615767264	0.18496477948239431	0.28989794855663564	0.20658711810431302	0.3726822671238253	1.0	0.16870812046433467	0.3797958971132712	0.3660254037844386	0.5	1.0	0.32449979983983984	1.0	0.2222222222222222
vi	0.4364916731037085	0.04909627517072252	0.2898979485566356	1.0	0.022674635425060825	0.0	0.0	0.0	0.0	0.0	0.3090169943749474	0.33333333333333326	0.015603339006462847	0.013868248137145654	0.0	0.0	0.0	0.028745476730417194	0.28436465220442186	0.34833147735478825	0.5	0.0	0.0	0.0	0.021577374877174336	0.0	0.03066913273721905	0.585786437626905	0.01779788021321019	0.29893508442482547	0.0	1.0	0.32449979983983984	1.0	0.4142135623730951	0.0
war	0.5	0.13759261916776347	0.3660254037844386	0.44948974278317805	0.1951941016011038	0.0	0.0	0.0	0.0	0.0	0.4142135623730951	0.4142135623730951	0.07320891191716432	0.1911542447404592	0.0	0.0	0.0	0.3090169943749474	0.44948974278317805	0.4142135623730951	0.4142135623730951	0.0	0.0	0.0	0.18464218557642828	0.0	0.22901628833426058	0.5	0.2843646522044218	0.4142135623730951	0.0	0.585786437626905	1.0	0.4142135623730951	1.0	0.0
zh	0.0	0.0	0.0	0.0	0.0	1.0	1.0	1.0	1.0	1.0	0.0	0.0	0.0	0.0	1.0	1.0	1.0	0.0	0.0	0.0	0.0	0.0	0.0	1.0	0.0	1.0	0.0	0.0	0.0	0.0	1.0	0.0	0.2222222222222222	0.0	0.0	1.0
