arz	bs	ceb	ckb	da	de	el	en	es	fr	he	hi	hu	id	it	ja	ko	lv	mk	ml	mr	nl	pl	pt	ro	ru	sh	si	simple	sr	sv	te	vi	war	zh
arz	1.0	1.0	0.0	1.0	1.0	1.0	1.0	1.0	1.0	1.0	1.0	1.0	1.0	1.0	1.0	1.0	1.0	1.0	0.0	1.0	0.0	1.0	1.0	1.0	1.0	1.0	0.585786437626905	0.0	1.0	1.0	1.0	0.0	1.0	1.0	1.0
bs	1.0	1.0	1.0	1.0	1.0	0.4142135623730951	1.0	0.44948974278317805	0.5	0.4142135623730951	1.0	1.0	1.0	0.5	0.5	0.585786437626905	0.585786437626905	1.0	1.0	1.0	1.0	0.44948974278317805	0.40453726661826384	0.2240092377397959	1.0	0.585786437626905	0.10758644635650723	0.0	0.5	0.5	0.5	1.0	1.0	1.0	0.585786437626905
ceb	0.0	1.0	1.0	1.0	1.0	1.0	1.0	1.0	1.0	1.0	1.0	1.0	1.0	1.0	1.0	1.0	1.0	1.0	0.0	1.0	0.0	1.0	1.0	1.0	1.0	0.0	1.0	0.0	1.0	1.0	1.0	1.0	1.0	0.0	1.0
ckb	1.0	1.0	1.0	1.0	1.0	1.0	1.0	0.585786437626905	0.585786437626905	1.0	1.0	1.0	0.585786437626905	1.0	0.5	1.0	1.0	1.0	1.0	1.0	1.0	0.44948974278317805	0.5	0.21712927295533244	1.0	1.0	0.1639607805437114	1.0	1.0	0.585786437626905	0.585786437626905	1.0	1.0	1.0	1.0
da	1.0	1.0	1.0	1.0	1.0	0.2791745113185196	0.585786437626905	0.06606740134884562	0.24828371682826425	0.13477388041649252	0.38742588672279304	1.0	0.2989350844248255	0.27429188517743175	0.12127550239018872	0.38742588672279304	0.5	0.5	1.0	1.0	1.0	0.16583993975241634	0.2775517253623503	0.043677553848161375	0.4142135623730951	0.34833147735478825	0.05168561735454466	1.0	0.2766967754673749	0.1482675827043134	0.23874775399470893	1.0	0.585786437626905	1.0	0.44948974278317805
de	1.0	0.4142135623730951	1.0	1.0	0.2791745113185196	1.0	0.30901699437494745	0.016168836442994865	0.08361683939994824	0.04721813311245096	0.1886378647726465	0.44948974278317805	0.21239994067041815	0.1347233860703743	0.029044899921676925	0.14982385845014243	0.1918253663634734	0.3244997998398398	0.5	1.0	1.0	0.0740188801753886	0.10513009489301656	0.017988148181077857	0.2766967754673749	0.12368284214567765	0.03351089138510662	1.0	0.21712927295533244	0.04825844503851064	0.0883630751284245	0.585786437626905	0.2449655295864104	1.0	0.18181818181818182
el	1.0	1.0	1.0	1.0	0.585786437626905	0.30901699437494745	1.0	0.1751881400287486	0.3660254037844386	0.3090169943749474	1.0	1.0	0.44948974278317805	0.44948974278317805	0.28436465220442186	1.0	1.0	0.5	1.0	1.0	1.0	0.2958163163244893	0.3164309725825328	0.08150339420305275	0.585786437626905	1.0	0.0787640148289452	1.0	0.585786437626905	0.2184498952542088	0.38742588672279304	1.0	1.0	1.0	1.0
en	1.0	0.44948974278317805	1.0	0.585786437626905	0.06606740134884562	0.016168836442994865	0.1751881400287486	1.0	0.013756481144875484	0.016199892955594035	0.025707832869575904	0.18054705546755545	0.2216368750839041	0.05387850507372059	0.02286960923524652	0.023762805750269365	0.0423474820910876	0.32037724101704074	0.21393876913398135	0.27429188517743175	0.585786437626905	0.020286937335359346	0.01791557102406308	0.04433305668481886	0.10642342175357314	0.019459711522453262	0.03723049738425938	1.0	0.09771911925288654	0.026135324085699966	0.022161124653314684	0.3430703308172536	0.06395291101579323	1.0	0.03124713657819347
es	1.0	0.5	1.0	0.585786437626905	0.24828371682826425	0.08361683939994824	0.3660254037844386	0.013756481144875484	1.0	0.04140871176350248	0.1809073112342927	0.28989794855663564	0.2449655295864104	0.1477105002656294	0.025436303180411	0.17176743283130236	0.20386840968093525	0.353889367864523	0.5	0.585786437626905	1.0	0.06816794119466356	0.0908540461929189	0.016493364718631442	0.29893508442482547	0.1261319836228832	0.03448248506699126	1.0	0.18030816435569247	0.05770319952768932	0.08793076892490165	1.0	0.3333333333333333	1.0	0.1951941016011038
fr	1.0	0.4142135623730951	1.0	1.0	0.13477388041649252	0.04721813311245096	0.3090169943749474	0.016199892955594035	0.04140871176350248	1.0	0.11140164577679694	0.3164309725825328	0.2240092377397959	0.11045306554095183	0.02589611318180281	0.07871102875529136	0.14053719616945776	0.38742588672279304	0.44948974278317805	0.5	0.585786437626905	0.05209041422904704	0.05904577537489123	0.017661728885067698	0.20168959288722538	0.05383720166135657	0.03374320276944832	1.0	0.1571856809867317	0.056229690753115125	0.06690591274995926	0.585786437626905	0.1870063141819459	1.0	0.12261787904381131
he	1.0	1.0	1.0	1.0	0.38742588672279304	0.1886378647726465	1.0	0.025707832869575904	0.1809073112342927	0.11140164577679694	1.0	1.0	0.2612038749637415	0.2449655295864104	0.08142981522913646	1.0	1.0	0.5	1.0	1.0	1.0	0.11827846204868848	0.22772999919644132	0.02627960117510163	0.4142135623730951	1.0	0.0372097203677954	1.0	0.24025307335204216	0.07495696374871053	0.20521309615767264	1.0	1.0	1.0	1.0
hi	1.0	1.0	1.0	1.0	1.0	0.44948974278317805	1.0	0.18054705546755545	0.28989794855663564	0.3164309725825328	1.0	1.0	0.5	0.36602540378443865	0.2158344610587697	1.0	1.0	1.0	1.0	1.0	1.0	0.32449979983983984	0.5	0.08980848258729185	0.585786437626905	1.0	0.08704668331836253	1.0	0.5	0.3333333333333333	0.36602540378443865	1.0	0.585786437626905	1.0	1.0
hu	1.0	1.0	1.0	0.585786437626905	0.2989350844248255	0.21239994067041815	0.44948974278317805	0.2216368750839041	0.2449655295864104	0.2240092377397959	0.2612038749637415	0.5	1.0	0.25921926045307553	0.25355482027512377	0.2791745113185196	0.28989794855663564	0.585786437626905	0.4364916731037085	1.0	1.0	0.2460390035599644	0.28708594921778513	0.09977204503126731	0.32881309020609956	0.2612038749637414	0.07444852737340744	1.0	0.39564392373896007	0.18847508370933885	0.27195617308673004	1.0	0.36602540378443865	1.0	0.28989794855663564
id	1.0	0.5	1.0	1.0	0.27429188517743175	0.1347233860703743	0.44948974278317805	0.05387850507372059	0.1477105002656294	0.11045306554095183	0.2449655295864104	0.36602540378443865	0.25921926045307553	1.0	0.08022999068509135	0.19404996501286384	0.2449655295864104	0.44948974278317805	0.5	0.4142135623730951	1.0	0.131657717156152	0.17826035697019474	0.029932666196048976	0.34833147735478825	0.1987625491245426	0.041511334041071525	1.0	0.2193450929151803	0.10002836867179259	0.15366717774838984	0.585786437626905	0.4142135623730951	1.0	0.24336073281110826
it	1.0	0.5	1.0	0.5	0.12127550239018872	0.029044899921676925	0.28436465220442186	0.02286960923524652	0.025436303180411	0.02589611318180281	0.08142981522913646	0.2158344610587697	0.25355482027512377	0.08022999068509135	1.0	0.05654246557580932	0.08416674963363165	0.38742588672279304	0.5	0.30216947925196225	0.5	0.04692027074512505	0.03294008509647303	0.025575095556434065	0.2402530733520421	0.03581281311643528	0.03569125698496802	1.0	0.129790655441441	0.048587093692238764	0.047134345215614305	0.3266316347104093	0.15174115516527187	1.0	0.07996524071553834
ja	1.0	0.585786437626905	1.0	1.0	0.38742588672279304	0.14982385845014243	1.0	0.023762805750269365	0.17176743283130236	0.07871102875529136	1.0	1.0	0.2791745113185196	0.19404996501286384	0.05654246557580932	1.0	1.0	0.585786437626905	1.0	1.0	1.0	0.10981245880009807	0.20521309615767264	0.02358847659803808	0.4142135623730951	0.5	0.037276791501936815	1.0	0.27429188517743175	0.07867796825440124	0.14314148321596146	1.0	1.0	1.0	1.0
ko	1.0	0.585786437626905	1.0	1.0	0.5	0.1918253663634734	1.0	0.0423474820910876	0.20386840968093525	0.14053719616945776	1.0	1.0	0.28989794855663564	0.2449655295864104	0.08416674963363165	1.0	1.0	0.585786437626905	1.0	1.0	1.0	0.13289604462775584	0.2187841884486319	0.026923138316744897	0.44948974278317805	0.585786437626905	0.04196232602337674	1.0	0.25355482027512377	0.07881046803731583	0.1639607805437114	1.0	0.585786437626905	1.0	1.0
lv	1.0	1.0	1.0	1.0	0.5	0.3244997998398398	0.5	0.32037724101704074	0.353889367864523	0.38742588672279304	0.5	1.0	0.585786437626905	0.44948974278317805	0.38742588672279304	0.585786437626905	0.585786437626905	1.0	1.0	1.0	1.0	0.32037724101704074	0.3660254037844386	0.16638962738382324	0.5	0.5	0.07923122437813171	1.0	0.3797958971132712	0.32037724101704074	0.5	1.0	1.0	1.0	0.585786437626905
mk	0.0	1.0	0.0	1.0	1.0	0.5	1.0	0.21393876913398135	0.5	0.44948974278317805	1.0	1.0	0.4364916731037085	0.5	0.5	1.0	1.0	1.0	1.0	1.0	1.0	1.0	1.0	0.28436465220442186	1.0	1.0	0.2187841884486319	1.0	0.585786437626905	0.5	0.585786437626905	1.0	1.0	1.0	1.0
ml	1.0	1.0	1.0	1.0	1.0	1.0	1.0	0.27429188517743175	0.585786437626905	0.5	1.0	1.0	1.0	0.4142135623730951	0.30216947925196225	1.0	1.0	1.0	1.0	1.0	1.0	0.5	0.5	0.18464218557642828	1.0	1.0	0.09026684104805269	1.0	0.39564392373896007	0.3430703308172536	0.585786437626905	1.0	1.0	1.0	1.0
mr	0.0	1.0	0.0	1.0	1.0	1.0	1.0	0.585786437626905	1.0	0.585786437626905	1.0	1.0	1.0	1.0	0.5	1.0	1.0	1.0	1.0	1.0	1.0	0.585786437626905	1.0	0.585786437626905	1.0	1.0	0.3430703308172536	1.0	1.0	0.5	1.0	1.0	1.0	1.0	1.0
nl	1.0	0.44948974278317805	1.0	0.44948974278317805	0.16583993975241634	0.0740188801753886	0.2958163163244893	0.020286937335359346	0.06816794119466356	0.05209041422904704	0.11827846204868848	0.32449979983983984	0.2460390035599644	0.131657717156152	0.04692027074512505	0.10981245880009807	0.13289604462775584	0.32037724101704074	1.0	0.5	0.585786437626905	1.0	0.08558067996951169	0.02042141265595228	0.25	0.0844613020973339	0.03591200684854254	1.0	0.1631424765949557	0.06808317195382689	0.06850673554989221	0.38742588672279304	0.17983341921194707	1.0	0.13447180672888778
pl	1.0	0.40453726661826384	1.0	0.5	0.2775517253623503	0.10513009489301656	0.3164309725825328	0.01791557102406308	0.0908540461929189	0.05904577537489123	0.22772999919644132	0.5	0.28708594921778513	0.17826035697019474	0.03294008509647303	0.20521309615767264	0.2187841884486319	0.3660254037844386	1.0	0.5	1.0	0.08558067996951169	1.0	0.021327750591647807	0.20799159651347807	0.15225881209433406	0.035316614305627686	1.0	0.2070518364164892	0.06341267161275198	0.09507417242212624	1.0	0.32449979983983984	1.0	0.21393876913398135
pt	1.0	0.2240092377397959	1.0	0.21712927295533244	0.043677553848161375	0.017988148181077857	0.08150339420305275	0.04433305668481886	0.016493364718631442	0.017661728885067698	0.02627960117510163	0.08980848258729185	0.09977204503126731	0.029932666196048976	0.025575095556434065	0.02358847659803808	0.026923138316744897	0.16638962738382324	0.28436465220442186	0.18464218557642828	0.585786437626905	0.02042141265595228	0.021327750591647807	1.0	0.04699267093426239	0.02147899589272768	0.09805766831949181	1.0	0.046249496065847856	0.028185416210693943	0.02156565287089098	0.28436465220442186	0.03824447229928873	0.585786437626905	0.025554956593169472
ro	1.0	1.0	1.0	1.0	0.4142135623730951	0.2766967754673749	0.585786437626905	0.10642342175357314	0.29893508442482547	0.20168959288722538	0.4142135623730951	0.585786437626905	0.32881309020609956	0.34833147735478825	0.2402530733520421	0.4142135623730951	0.44948974278317805	0.5	1.0	1.0	1.0	0.25	0.20799159651347807	0.04699267093426239	1.0	0.4142135623730951	0.055500346390030375	1.0	0.2958163163244893	0.21498516621900873	0.2843646522044218	1.0	0.585786437626905	1.0	0.4142135623730951
ru	1.0	0.585786437626905	0.0	1.0	0.34833147735478825	0.12368284214567765	1.0	0.019459711522453262	0.1261319836228832	0.05383720166135657	1.0	1.0	0.2612038749637414	0.1987625491245426	0.03581281311643528	0.5	0.585786437626905	0.5	1.0	1.0	1.0	0.0844613020973339	0.15225881209433406	0.02147899589272768	0.4142135623730951	1.0	0.03636987531952003	1.0	0.25355482027512377	0.06916457367769477	0.1486518372739164	1.0	1.0	1.0	0.585786437626905
sh	0.585786437626905	0.10758644635650723	1.0	0.1639607805437114	0.05168561735454466	0.03351089138510662	0.0787640148289452	0.03723049738425938	0.03448248506699126	0.03374320276944832	0.0372097203677954	0.08704668331836253	0.07444852737340744	0.041511334041071525	0.03569125698496802	0.037276791501936815	0.04196232602337674	0.07923122437813171	0.2187841884486319	0.09026684104805269	0.3430703308172536	0.03591200684854254	0.035316614305627686	0.09805766831949181	0.055500346390030375	0.03636987531952003	1.0	1.0	0.05876773820636159	0.03557538004258153	0.036283390795893565	0.12455606108103782	0.05627300564227805	1.0	0.039326004197418746
si	0.0	0.0	0.0	1.0	1.0	1.0	1.0	1.0	1.0	1.0	1.0	1.0	1.0	1.0	1.0	1.0	1.0	1.0	1.0	1.0	1.0	1.0	1.0	1.0	1.0	1.0	1.0	1.0	1.0	1.0	1.0	1.0	1.0	1.0	1.0
simple	1.0	0.5	1.0	1.0	0.2766967754673749	0.21712927295533244	0.585786437626905	0.09771911925288654	0.18030816435569247	0.1571856809867317	0.24025307335204216	0.5	0.39564392373896007	0.2193450929151803	0.129790655441441	0.27429188517743175	0.25355482027512377	0.3797958971132712	0.585786437626905	0.39564392373896007	1.0	0.1631424765949557	0.2070518364164892	0.046249496065847856	0.2958163163244893	0.25355482027512377	0.05876773820636159	1.0	1.0	0.1603568211029023	0.20168959288722538	0.585786437626905	0.28172904669025317	1.0	0.2535548202751238
sr	1.0	0.5	1.0	0.585786437626905	0.1482675827043134	0.04825844503851064	0.2184498952542088	0.026135324085699966	0.05770319952768932	0.056229690753115125	0.07495696374871053	0.3333333333333333	0.18847508370933885	0.10002836867179259	0.048587093692238764	0.07867796825440124	0.07881046803731583	0.32037724101704074	0.5	0.3430703308172536	0.5	0.06808317195382689	0.06341267161275198	0.028185416210693943	0.21498516621900873	0.06916457367769477	0.03557538004258153	1.0	0.1603568211029023	1.0	0.07762037970854467	0.585786437626905	0.11433841851550565	1.0	0.07525470484963004
sv	1.0	0.5	1.0	0.585786437626905	0.23874775399470893	0.0883630751284245	0.38742588672279304	0.022161124653314684	0.08793076892490165	0.06690591274995926	0.20521309615767264	0.36602540378443865	0.27195617308673004	0.15366717774838984	0.047134345215614305	0.14314148321596146	0.1639607805437114	0.5	0.585786437626905	0.585786437626905	1.0	0.06850673554989221	0.09507417242212624	0.02156565287089098	0.2843646522044218	0.1486518372739164	0.036283390795893565	1.0	0.20168959288722538	0.07762037970854467	1.0	1.0	0.23371479611805132	1.0	0.1896812679802183
te	0.0	1.0	1.0	1.0	1.0	0.585786437626905	1.0	0.3430703308172536	1.0	0.585786437626905	1.0	1.0	1.0	0.585786437626905	0.3266316347104093	1.0	1.0	1.0	1.0	1.0	1.0	0.38742588672279304	1.0	0.28436465220442186	1.0	1.0	0.12455606108103782	1.0	0.585786437626905	0.585786437626905	1.0	1.0	1.0	1.0	1.0
vi	1.0	1.0	1.0	1.0	0.585786437626905	0.2449655295864104	1.0	0.06395291101579323	0.3333333333333333	0.1870063141819459	1.0	0.585786437626905	0.36602540378443865	0.4142135623730951	0.15174115516527187	1.0	0.585786437626905	1.0	1.0	1.0	1.0	0.17983341921194707	0.32449979983983984	0.03824447229928873	0.585786437626905	1.0	0.05627300564227805	1.0	0.28172904669025317	0.11433841851550565	0.23371479611805132	1.0	1.0	1.0	1.0
war	1.0	1.0	0.0	1.0	1.0	1.0	1.0	1.0	1.0	1.0	1.0	1.0	1.0	1.0	1.0	1.0	1.0	1.0	1.0	1.0	1.0	1.0	1.0	0.585786437626905	1.0	1.0	1.0	1.0	1.0	1.0	1.0	1.0	1.0	1.0	1.0
zh	1.0	0.585786437626905	1.0	1.0	0.44948974278317805	0.18181818181818182	1.0	0.03124713657819347	0.1951941016011038	0.12261787904381131	1.0	1.0	0.28989794855663564	0.24336073281110826	0.07996524071553834	1.0	1.0	0.585786437626905	1.0	1.0	1.0	0.13447180672888778	0.21393876913398135	0.025554956593169472	0.4142135623730951	0.585786437626905	0.039326004197418746	1.0	0.2535548202751238	0.07525470484963004	0.1896812679802183	1.0	1.0	1.0	1.0
