arz	bs	ceb	ckb	da	de	el	en	es	fr	he	hi	hu	id	it	ja	ko	lv	mk	ml	mr	nl	pl	pt	ro	ru	sh	si	simple	sr	sv	te	vi	war	zh
arz	1.0	0.0	0.0	0.0	1.0	1.0	1.0	1.0	1.0	1.0	1.0	0.0	1.0	1.0	1.0	1.0	1.0	1.0	1.0	0.0	1.0	1.0	1.0	1.0	1.0	1.0	0.0	1.0	1.0	1.0	1.0	0.0	1.0	1.0	1.0
bs	0.0	1.0	0.0	0.0	1.0	1.0	1.0	1.0	1.0	1.0	1.0	1.0	1.0	0.0	1.0	1.0	1.0	0.0	0.0	0.0	0.0	1.0	1.0	1.0	1.0	1.0	1.0	0.0	0.0	1.0	1.0	0.0	1.0	0.5	1.0
ceb	0.0	0.0	1.0	0.0	0.0	1.0	0.0	1.0	1.0	1.0	0.0	0.0	0.0	0.0	0.0	1.0	0.0	0.0	0.0	0.0	0.0	1.0	1.0	1.0	0.0	0.0	0.0	0.0	0.0	0.0	1.0	0.0	0.0	1.0	0.0
ckb	0.0	0.0	0.0	1.0	0.0	1.0	0.0	1.0	1.0	1.0	1.0	0.0	0.0	0.0	1.0	1.0	0.0	0.0	0.0	0.0	0.0	1.0	0.0	0.0	0.0	1.0	1.0	0.0	1.0	0.0	0.0	0.0	1.0	0.4364916731037085	0.0
da	1.0	1.0	0.0	0.0	1.0	0.5	1.0	0.24660605559646726	1.0	1.0	1.0	1.0	1.0	1.0	1.0	1.0	1.0	1.0	1.0	1.0	1.0	1.0	1.0	1.0	1.0	1.0	1.0	1.0	1.0	1.0	1.0	0.0	1.0	0.3597752501562547	1.0
de	1.0	1.0	1.0	1.0	0.5	1.0	1.0	0.02049446280062496	0.21393876913398135	0.19404996501286384	0.5	0.0	0.585786437626905	0.5	0.34833147735478825	0.34833147735478825	1.0	1.0	1.0	1.0	1.0	0.38742588672279304	0.3660254037844386	0.5	0.18933139574356014	0.34833147735478825	1.0	1.0	0.585786437626905	1.0	0.38742588672279304	0.0	0.585786437626905	0.585786437626905	0.585786437626905
el	1.0	1.0	0.0	0.0	1.0	1.0	1.0	0.585786437626905	1.0	1.0	1.0	0.0	1.0	1.0	1.0	1.0	1.0	1.0	1.0	1.0	1.0	1.0	1.0	1.0	0.5	1.0	0.0	1.0	1.0	1.0	1.0	0.0	1.0	0.4364916731037085	1.0
en	1.0	1.0	1.0	1.0	0.24660605559646726	0.02049446280062496	0.585786437626905	1.0	0.009694365328826103	0.020671584180862897	0.25728427444747215	0.585786437626905	0.585786437626905	0.44948974278317805	0.13231996486433337	0.22901628833426058	1.0	1.0	1.0	1.0	1.0	0.14763410387308015	0.16879264089884097	0.2553967929896867	0.12177402041890989	0.081757232926945	1.0	0.585786437626905	0.585786437626905	1.0	0.14923419446018063	1.0	0.5	0.4364916731037085	0.21393876913398135
es	1.0	1.0	1.0	1.0	1.0	0.21393876913398135	1.0	0.009694365328826103	1.0	0.38742588672279304	1.0	1.0	0.585786437626905	0.585786437626905	0.38742588672279304	0.585786437626905	1.0	1.0	1.0	1.0	1.0	0.30216947925196225	0.585786437626905	0.5	0.32449979983983984	0.585786437626905	1.0	1.0	0.585786437626905	1.0	0.585786437626905	0.0	1.0	0.4364916731037085	1.0
fr	1.0	1.0	1.0	1.0	1.0	0.19404996501286384	1.0	0.020671584180862897	0.38742588672279304	1.0	0.585786437626905	1.0	1.0	0.585786437626905	0.3660254037844386	0.5	1.0	1.0	1.0	1.0	1.0	0.4142135623730951	0.5	0.585786437626905	0.24399845080999227	0.585786437626905	1.0	1.0	0.585786437626905	1.0	0.4142135623730951	1.0	1.0	0.4364916731037085	0.5
he	1.0	1.0	0.0	1.0	1.0	0.5	1.0	0.25728427444747215	1.0	0.585786437626905	1.0	0.0	1.0	1.0	1.0	1.0	1.0	1.0	1.0	1.0	1.0	0.4364916731037085	1.0	1.0	0.3333333333333333	1.0	1.0	1.0	1.0	1.0	1.0	0.0	1.0	0.4364916731037085	1.0
hi	0.0	1.0	0.0	0.0	1.0	0.0	0.0	0.585786437626905	1.0	1.0	0.0	1.0	0.0	1.0	0.0	1.0	0.0	0.0	0.0	1.0	1.0	1.0	0.0	0.0	0.0	1.0	1.0	0.0	1.0	1.0	1.0	1.0	0.0	0.4364916731037085	0.0
hu	1.0	1.0	0.0	0.0	1.0	0.585786437626905	1.0	0.585786437626905	0.585786437626905	1.0	1.0	0.0	1.0	1.0	1.0	1.0	1.0	1.0	1.0	1.0	1.0	1.0	0.585786437626905	1.0	0.353889367864523	0.585786437626905	1.0	1.0	1.0	1.0	1.0	0.0	1.0	0.585786437626905	1.0
id	1.0	0.0	0.0	0.0	1.0	0.5	1.0	0.44948974278317805	0.585786437626905	0.585786437626905	1.0	1.0	1.0	1.0	1.0	1.0	1.0	1.0	1.0	1.0	1.0	0.585786437626905	1.0	0.585786437626905	1.0	0.585786437626905	1.0	1.0	1.0	1.0	0.585786437626905	0.0	1.0	0.3797958971132712	1.0
it	1.0	1.0	0.0	1.0	1.0	0.34833147735478825	1.0	0.13231996486433337	0.38742588672279304	0.3660254037844386	1.0	0.0	1.0	1.0	1.0	1.0	1.0	1.0	1.0	1.0	1.0	0.44948974278317805	0.585786437626905	0.585786437626905	0.1848933079575771	0.585786437626905	1.0	1.0	1.0	1.0	0.585786437626905	0.0	1.0	0.4364916731037085	1.0
ja	1.0	1.0	1.0	1.0	1.0	0.34833147735478825	1.0	0.22901628833426058	0.585786437626905	0.5	1.0	1.0	1.0	1.0	1.0	1.0	1.0	1.0	1.0	1.0	1.0	0.585786437626905	1.0	1.0	0.585786437626905	1.0	1.0	1.0	0.585786437626905	1.0	1.0	0.0	1.0	0.4364916731037085	1.0
ko	1.0	1.0	0.0	0.0	1.0	1.0	1.0	1.0	1.0	1.0	1.0	0.0	1.0	1.0	1.0	1.0	1.0	1.0	1.0	1.0	1.0	1.0	1.0	1.0	0.5	1.0	1.0	1.0	1.0	1.0	1.0	0.0	1.0	0.4364916731037085	1.0
lv	1.0	0.0	0.0	0.0	1.0	1.0	1.0	1.0	1.0	1.0	1.0	0.0	1.0	1.0	1.0	1.0	1.0	1.0	1.0	0.0	1.0	1.0	1.0	1.0	1.0	1.0	0.0	1.0	1.0	1.0	1.0	0.0	1.0	0.585786437626905	1.0
mk	1.0	0.0	0.0	0.0	1.0	1.0	1.0	1.0	1.0	1.0	1.0	0.0	1.0	1.0	1.0	1.0	1.0	1.0	1.0	0.0	1.0	1.0	1.0	1.0	1.0	1.0	0.0	1.0	1.0	1.0	1.0	0.0	1.0	1.0	1.0
ml	0.0	0.0	0.0	0.0	1.0	1.0	1.0	1.0	1.0	1.0	1.0	1.0	1.0	1.0	1.0	1.0	1.0	0.0	0.0	1.0	1.0	0.585786437626905	1.0	1.0	0.0	1.0	1.0	0.0	1.0	0.0	1.0	1.0	1.0	0.585786437626905	1.0
mr	1.0	0.0	0.0	0.0	1.0	1.0	1.0	1.0	1.0	1.0	1.0	1.0	1.0	1.0	1.0	1.0	1.0	1.0	1.0	1.0	1.0	1.0	1.0	1.0	1.0	1.0	0.0	1.0	1.0	1.0	1.0	0.0	1.0	1.0	1.0
nl	1.0	1.0	1.0	1.0	1.0	0.38742588672279304	1.0	0.14763410387308015	0.30216947925196225	0.4142135623730951	0.4364916731037085	1.0	1.0	0.585786437626905	0.44948974278317805	0.585786437626905	1.0	1.0	1.0	0.585786437626905	1.0	1.0	0.585786437626905	0.585786437626905	0.3333333333333333	0.585786437626905	1.0	1.0	1.0	1.0	0.5	1.0	0.585786437626905	0.4364916731037085	0.585786437626905
pl	1.0	1.0	1.0	0.0	1.0	0.3660254037844386	1.0	0.16879264089884097	0.585786437626905	0.5	1.0	0.0	0.585786437626905	1.0	0.585786437626905	1.0	1.0	1.0	1.0	1.0	1.0	0.585786437626905	1.0	0.585786437626905	0.24399845080999227	0.585786437626905	1.0	1.0	1.0	1.0	0.585786437626905	0.0	1.0	0.4364916731037085	1.0
pt	1.0	1.0	1.0	0.0	1.0	0.5	1.0	0.2553967929896867	0.5	0.585786437626905	1.0	0.0	1.0	0.585786437626905	0.585786437626905	1.0	1.0	1.0	1.0	1.0	1.0	0.585786437626905	0.585786437626905	1.0	1.0	1.0	1.0	1.0	1.0	1.0	1.0	0.0	1.0	0.4364916731037085	1.0
ro	1.0	1.0	0.0	0.0	1.0	0.18933139574356014	0.5	0.12177402041890989	0.32449979983983984	0.24399845080999227	0.3333333333333333	0.0	0.353889367864523	1.0	0.1848933079575771	0.585786437626905	0.5	1.0	1.0	0.0	1.0	0.3333333333333333	0.24399845080999227	1.0	1.0	0.2402530733520421	0.0	1.0	1.0	1.0	0.39564392373896007	0.0	1.0	0.4364916731037085	1.0
ru	1.0	1.0	0.0	1.0	1.0	0.34833147735478825	1.0	0.081757232926945	0.585786437626905	0.585786437626905	1.0	1.0	0.585786437626905	0.585786437626905	0.585786437626905	1.0	1.0	1.0	1.0	1.0	1.0	0.585786437626905	0.585786437626905	1.0	0.2402530733520421	1.0	1.0	1.0	1.0	1.0	0.585786437626905	1.0	1.0	0.4364916731037085	1.0
sh	0.0	1.0	0.0	1.0	1.0	1.0	0.0	1.0	1.0	1.0	1.0	1.0	1.0	1.0	1.0	1.0	1.0	0.0	0.0	1.0	0.0	1.0	1.0	1.0	0.0	1.0	1.0	0.0	1.0	1.0	1.0	0.0	1.0	0.4364916731037085	1.0
si	1.0	0.0	0.0	0.0	1.0	1.0	1.0	0.585786437626905	1.0	1.0	1.0	0.0	1.0	1.0	1.0	1.0	1.0	1.0	1.0	0.0	1.0	1.0	1.0	1.0	1.0	1.0	0.0	1.0	1.0	1.0	1.0	0.0	1.0	1.0	1.0
simple	1.0	0.0	0.0	1.0	1.0	0.585786437626905	1.0	0.585786437626905	0.585786437626905	0.585786437626905	1.0	1.0	1.0	1.0	1.0	0.585786437626905	1.0	1.0	1.0	1.0	1.0	1.0	1.0	1.0	1.0	1.0	1.0	1.0	1.0	1.0	0.585786437626905	0.0	1.0	0.3333333333333333	0.585786437626905
sr	1.0	1.0	0.0	0.0	1.0	1.0	1.0	1.0	1.0	1.0	1.0	1.0	1.0	1.0	1.0	1.0	1.0	1.0	1.0	0.0	1.0	1.0	1.0	1.0	1.0	1.0	1.0	1.0	1.0	1.0	1.0	0.0	1.0	0.3797958971132712	1.0
sv	1.0	1.0	1.0	0.0	1.0	0.38742588672279304	1.0	0.14923419446018063	0.585786437626905	0.4142135623730951	1.0	1.0	1.0	0.585786437626905	0.585786437626905	1.0	1.0	1.0	1.0	1.0	1.0	0.5	0.585786437626905	1.0	0.39564392373896007	0.585786437626905	1.0	1.0	0.585786437626905	1.0	1.0	0.0	1.0	0.3797958971132712	1.0
te	0.0	0.0	0.0	0.0	0.0	0.0	0.0	1.0	0.0	1.0	0.0	1.0	0.0	0.0	0.0	0.0	0.0	0.0	0.0	1.0	0.0	1.0	0.0	0.0	0.0	1.0	0.0	0.0	0.0	0.0	0.0	1.0	0.0	0.585786437626905	0.0
vi	1.0	1.0	0.0	1.0	1.0	0.585786437626905	1.0	0.5	1.0	1.0	1.0	0.0	1.0	1.0	1.0	1.0	1.0	1.0	1.0	1.0	1.0	0.585786437626905	1.0	1.0	1.0	1.0	1.0	1.0	1.0	1.0	1.0	0.0	1.0	0.4364916731037085	1.0
war	1.0	0.5	1.0	0.4364916731037085	0.3597752501562547	0.585786437626905	0.4364916731037085	0.4364916731037085	0.4364916731037085	0.4364916731037085	0.4364916731037085	0.4364916731037085	0.585786437626905	0.3797958971132712	0.4364916731037085	0.4364916731037085	0.4364916731037085	0.585786437626905	1.0	0.585786437626905	1.0	0.4364916731037085	0.4364916731037085	0.4364916731037085	0.4364916731037085	0.4364916731037085	0.4364916731037085	1.0	0.3333333333333333	0.3797958971132712	0.3797958971132712	0.585786437626905	0.4364916731037085	1.0	0.4364916731037085
zh	1.0	1.0	0.0	0.0	1.0	0.585786437626905	1.0	0.21393876913398135	1.0	0.5	1.0	0.0	1.0	1.0	1.0	1.0	1.0	1.0	1.0	1.0	1.0	0.585786437626905	1.0	1.0	1.0	1.0	1.0	1.0	0.585786437626905	1.0	1.0	0.0	1.0	0.4364916731037085	1.0
