arz	bs	ceb	ckb	da	de	el	en	es	fr	he	hi	hu	id	it	ja	ko	lv	mk	ml	mr	nl	pl	pt	ro	ru	sh	si	simple	sr	sv	te	tr	vi	war	zh
arz	1.0	0.12931586373476808	0.14118784806383944	1.0	0.12769271191181897	0.12890399203517383	1.0	0.137520762801972	0.13853768235555425	0.13321952658018657	1.0	1.0	0.1274942921283477	0.13057680273413982	0.12690480173057767	1.0	1.0	0.12880166769238752	1.0	1.0	1.0	0.12769271191181897	0.12769271191181897	0.19160741797296413	0.1284962218472282	1.0	0.28989794855663564	1.0	0.12690480173057767	1.0	0.13100580420257674	1.0	1.0	0.13187730439473622	1.0	0.26427884169111276
bs	0.12931586373476808	1.0	0.09931807986812359	0.010426388824429597	0.09988290199553972	0.0866442742023779	0.010426388824429597	0.06260593131268216	0.06750047495100504	0.06364220265081302	0.010426388824429597	0.01069492954667471	0.041978220715696284	0.0856638405073862	0.12305572588215823	0.010426388824429597	0.010426388824429597	0.05166580629368021	0.010426388824429597	0.010426388824429597	0.010426388824429597	0.11673718610074026	0.09680756125011859	0.062386513024207856	0.10061937953700652	0.010426388824429597	0.06153242710021239	0.03892348687663248	0.11762316508270292	0.010426388824429597	0.07383769308466555	0.013354605582275513	0.12170000688017285	0.07141749222768788	0.010430017795314692	0.05418014709018347
ceb	0.14118784806383944	0.09931807986812359	1.0	0.010783400461689609	0.09149454873596784	0.07778197722275919	0.01016512621198594	0.059023897228419095	0.06334520205786268	0.060189266021775205	0.010599369170459807	0.011069729665658605	0.04143066644325311	0.07772367857369329	0.10435522049220668	0.01016512621198594	0.01016512621198594	0.052522923420159726	0.010783400461689609	0.010783400461689609	0.010783400461689609	0.10190778444112338	0.08638077881858858	0.061337068522082386	0.08971732894676034	0.010165126211985941	0.06216485264952313	0.04061404600006361	0.1008143000657402	0.010599369170459807	0.06821941507351899	0.01360278336153124	-1.0	0.06741575731803058	0.01078759193685362	0.07439894432516668
ckb	1.0	0.010426388824429597	0.010783400461689609	1.0	0.010489964116690415	0.010608407461885285	1.0	0.01106356238832722	0.010923631459808947	0.01102338708616147	1.0	1.0	0.012644896467381872	0.010611827971302097	0.010378613961993372	1.0	1.0	0.011590968452405525	1.0	1.0	1.0	0.010400713024264723	0.010510243104548074	0.011630094788275605	0.010484718611532048	1.0	0.011669286650235994	1.0	0.010397114651918246	1.0	0.010795038839424436	1.0	1.0	0.010823339604689395	0.2843646522044218	0.011858082475010606
da	0.12769271191181897	0.09988290199553972	0.09149454873596784	0.010489964116690415	1.0	0.0800705705368711	0.01040128153111594	0.06110589119577022	0.06523652551948825	0.06215435848826449	0.01040128153111594	0.010764437065684963	0.041857314154995384	0.08106262995194156	0.10683914207366173	0.01040128153111594	0.010401281531115941	0.0513119046582895	0.010489964116690415	0.010489964116690415	0.010489964116690415	0.10324898518401178	0.08911122039583672	0.06208229104326691	0.09139827527601006	0.01040128153111594	0.06142959968891911	0.039254977426489694	0.10349558588618975	0.01040128153111594	0.07007744358245913	0.013293473558575986	0.27195617308673004	0.06915463105449023	0.01049382137884316	0.05369598576321218
de	0.12890399203517383	0.0866442742023779	0.07778197722275919	0.010608407461885285	0.0800705705368711	1.0	0.009629779016551281	0.05317802483233122	0.057603272334320554	0.05437621532282831	0.010431546921079634	0.01088192040252496	0.03885383239960969	0.0687818315819427	0.08871412365641594	0.010012481319614176	0.009486528108671514	0.0511296492647681	0.010608407461885285	0.010608407461885285	0.010608407461885285	0.08772369995350596	0.0773479940213782	0.05987883538910265	0.07911505852396183	0.009856686774846496	0.060271973911582476	0.039660001420646934	0.0865223522694734	0.010431546921079634	0.060429573284255134	0.013281189754572641	0.20342651452257512	0.06351662997632877	0.010611925661790254	0.052583570723110304
el	1.0	0.010426388824429597	0.01016512621198594	1.0	0.01040128153111594	0.009629779016551281	1.0	0.010054141714256157	0.009921147764926367	0.010016201034448136	1.0	1.0	0.011676729844757129	0.009712436437926608	0.010206766285143599	1.0	1.0	0.011590968452405525	1.0	1.0	1.0	0.010314633498900251	0.00999983165409711	0.011143154273113316	0.01014502440815251	1.0	0.011669286650235994	1.0	0.01014151009884431	1.0	0.009805190685506839	1.0	0.585786437626905	0.010299328957899036	0.2843646522044218	0.01113546646761868
en	0.137520762801972	0.06260593131268216	0.059023897228419095	0.01106356238832722	0.06110589119577022	0.05317802483233122	0.010054141714256157	1.0	0.05009882599082763	0.04172228212969673	0.01087714672553443	0.011351041048341025	0.040160194053673784	0.05294792460991504	0.062456767749559265	0.0102811632344907	0.009012823603715369	0.04995185952126448	0.01106356238832722	0.01106356238832722	0.01106356238832722	0.06243448707978556	0.058536468848515565	0.05634185091066497	0.05942802429970071	0.010286291230306995	0.058079436481587046	0.041245496592363755	0.06175564927378817	0.01087714672553443	0.046897241389274355	0.013851008296233277	0.11641259845137786	0.05419722973751478	0.011067098234589163	0.05131154662764671
es	0.13853768235555425	0.06750047495100504	0.06334520205786268	0.010923631459808947	0.06523652551948825	0.057603272334320554	0.009921147764926367	0.05009882599082763	1.0	0.05018992569701295	0.01074306612454511	0.011209271175715239	0.040266755145475105	0.05762648541992332	0.06760446429064303	0.010317406691233528	0.009769684258990361	0.05002329393609896	0.010923631459808947	0.010923631459808947	0.010923631459808947	0.06779480369386354	0.06217633391914525	0.05768087490484692	0.06403156016937527	0.010152064038509314	0.05888165661797919	0.040742682858820004	0.06651392625632238	0.01074306612454511	0.05366621793210043	0.01369515641916194	0.14829454844110343	0.056423374584666425	0.010927474037176073	0.051779070582527786
fr	0.13321952658018657	0.06364220265081302	0.060189266021775205	0.01102338708616147	0.06215435848826449	0.05437621532282831	0.010016201034448136	0.04172228212969673	0.05018992569701295	1.0	0.010841973450845213	0.011308626875774141	0.04026675514547511	0.0538871096240052	0.06354011695686065	0.01025019332029806	0.009116161458736687	0.049865801481269754	0.01102338708616147	0.01102338708616147	0.01102338708616147	0.06409582550093804	0.059313507676080304	0.057346957319565676	0.06058465104565198	0.010252733178557917	0.058390097020092326	0.04108785055601299	0.06284688240338801	0.010841973450845213	0.04755147455352075	0.013822354986950293	0.12345595791289733	0.05453738537549427	0.011027601102576652	0.05122639208952047
he	1.0	0.010426388824429597	0.010599369170459807	1.0	0.01040128153111594	0.010431546921079634	1.0	0.01087714672553443	0.01074306612454511	0.010841973450845213	1.0	1.0	0.012439460879512159	0.010434798555523211	0.010206766285143599	1.0	1.0	0.011590968452405523	1.0	1.0	1.0	0.010400713024264725	0.01033483661893259	0.011422724808876381	0.010312601250090196	1.0	0.011669286650235994	1.0	0.010224898472939743	1.0	0.010614244448706107	1.0	0.5	0.010641138489279533	0.2843646522044218	0.011634593639481439
hi	1.0	0.01069492954667471	0.011069729665658605	1.0	0.010764437065684963	0.01088192040252496	1.0	0.011351041048341025	0.011209271175715239	0.011308626875774141	1.0	1.0	0.012982207306533856	0.010887787636737799	0.010647639912866276	1.0	1.0	0.011893111112150787	1.0	1.0	1.0	0.010671717684406277	0.010782766727138932	0.011944662021530194	0.010754573783354612	1.0	0.011987800081996087	1.0	0.010668238743453547	1.0	0.011072931591440826	1.0	0.585786437626905	0.011105104998028152	0.2843646522044218	0.011293663595173274
hu	0.1274942921283477	0.041978220715696284	0.04143066644325311	0.012644896467381872	0.041857314154995384	0.03885383239960969	0.011676729844757129	0.040160194053673784	0.040266755145475105	0.04026675514547511	0.012439460879512159	0.012982207306533856	1.0	0.039359251578163945	0.041021099261017636	0.012145547463903502	0.011411183794333533	0.046621227015331286	0.012644896467381872	0.012644896467381872	0.012644896467381872	0.041507254736617746	0.040892046210210635	0.05189414964988674	0.040770279982921265	0.011956321582383758	0.05346220564397805	0.041460648628666885	0.04075211002889485	0.012439460879512159	0.03919513286471512	0.01583051867740117	0.4364916731037085	0.04208906330075035	0.012649384120573147	0.05001489414650876
id	0.13057680273413982	0.0856638405073862	0.07772367857369329	0.010611827971302097	0.08106262995194156	0.0687818315819427	0.009712436437926608	0.05294792460991504	0.05762648541992332	0.0538871096240052	0.010434798555523211	0.010887787636737799	0.039359251578163945	1.0	0.0877660521856984	0.009941925704183589	0.009421977325670919	0.051013237974098194	0.010611827971302097	0.010611827971302097	0.010611827971302097	0.08770254755245277	0.07647425082767717	0.06013036000406601	0.07858244934019114	0.009864433144671794	0.06057728704627861	0.03968167210589887	0.08615974731431635	0.010434798555523211	0.05916815973191205	0.013297840564545532	0.19715062508814155	0.06365795284807901	0.010615821776697343	0.052426462747006915
it	0.12690480173057767	0.12305572588215823	0.10435522049220668	0.010378613961993372	0.10683914207366173	0.08871412365641594	0.010206766285143599	0.062456767749559265	0.06760446429064303	0.06354011695686065	0.010206766285143599	0.010647639912866276	0.041021099261017636	0.0877660521856984	1.0	0.010123469260183796	0.010123469260183794	0.051715783051316286	0.010378613961993372	0.010378613961993372	0.010378613961993372	0.13029807907909932	0.1027266587403226	0.06276183951233708	0.10622007116650296	0.010206766285143599	0.06185022513018595	0.03875080836709508	0.13044380454372473	0.010206766285143599	0.0734432260002459	0.0130036895202402	0.2216368750839041	0.0725317701981479	0.010382349225480914	0.05372907003445761
ja	1.0	0.010426388824429597	0.01016512621198594	1.0	0.01040128153111594	0.010012481319614176	1.0	0.0102811632344907	0.010317406691233528	0.01025019332029806	1.0	1.0	0.012145547463903502	0.009941925704183589	0.010123469260183796	1.0	1.0	0.011590968452405523	1.0	1.0	1.0	0.010314633498900251	0.00999983165409711	0.011143154273113316	0.010228500520709548	1.0	0.011669286650235994	1.0	0.01014151009884431	1.0	0.010113526926186162	1.0	0.16247618494601918	0.010299328957899036	0.2843646522044218	0.010938509872046672
ko	1.0	0.010426388824429597	0.01016512621198594	1.0	0.010401281531115941	0.009486528108671514	1.0	0.009012823603715369	0.009769684258990361	0.009116161458736687	1.0	1.0	0.011411183794333533	0.009421977325670919	0.010123469260183794	1.0	1.0	0.011590968452405523	1.0	1.0	1.0	0.010314633498900251	0.00999983165409711	0.01105125880914055	0.01014502440815251	1.0	0.011669286650235994	1.0	0.01014151009884431	1.0	0.00904712600064201	1.0	0.3430703308172536	0.010299328957899036	0.2843646522044218	0.01103573326009585
lv	0.12880166769238752	0.05166580629368021	0.052522923420159726	0.011590968452405525	0.0513119046582895	0.0511296492647681	0.011590968452405525	0.04995185952126448	0.05002329393609896	0.049865801481269754	0.011590968452405523	0.011893111112150787	0.046621227015331286	0.051013237974098194	0.051715783051316286	0.011590968452405523	0.011590968452405523	1.0	0.011590968452405523	0.011590968452405523	0.011590968452405525	0.05157042840897023	0.05142631443924205	0.056581720319469765	0.05181198603280565	0.011590968452405523	0.056440580263563814	0.04343536269740752	0.05172412687601762	0.011590968452405523	0.0503428889266989	0.014840598171477011	0.32449979983983984	0.05027770585076546	0.011594638672933677	0.052795698161649994
mk	1.0	0.010426388824429597	0.010783400461689609	1.0	0.010489964116690415	0.010608407461885285	1.0	0.01106356238832722	0.010923631459808947	0.01102338708616147	1.0	1.0	0.012644896467381872	0.010611827971302097	0.010378613961993372	1.0	1.0	0.011590968452405523	1.0	1.0	1.0	0.010400713024264725	0.010510243104548074	0.011630094788275605	0.010484718611532048	1.0	0.011669286650235994	1.0	0.010397114651918246	1.0	0.010795038839424436	1.0	1.0	0.010823339604689395	0.2843646522044218	0.011858082475010606
ml	1.0	0.010426388824429597	0.010783400461689609	1.0	0.010489964116690415	0.010608407461885285	1.0	0.01106356238832722	0.010923631459808947	0.01102338708616147	1.0	1.0	0.012644896467381872	0.010611827971302097	0.010378613961993372	1.0	1.0	0.011590968452405523	1.0	1.0	1.0	0.010400713024264725	0.010510243104548074	0.011630094788275605	0.010484718611532048	1.0	0.011669286650235994	1.0	0.010397114651918248	1.0	0.010795038839424436	1.0	0.39564392373896	0.010823339604689395	0.2843646522044218	0.011858082475010606
mr	1.0	0.010426388824429597	0.010783400461689609	1.0	0.010489964116690415	0.010608407461885285	1.0	0.01106356238832722	0.010923631459808947	0.01102338708616147	1.0	1.0	0.012644896467381872	0.010611827971302097	0.010378613961993372	1.0	1.0	0.011590968452405525	1.0	1.0	1.0	0.010400713024264725	0.010510243104548074	0.011630094788275605	0.010484718611532048	1.0	0.011669286650235994	1.0	0.010397114651918248	1.0	0.010795038839424436	1.0	1.0	0.010823339604689395	0.2843646522044218	0.011858082475010606
nl	0.12769271191181897	0.11673718610074026	0.10190778444112338	0.010400713024264723	0.10324898518401178	0.08772369995350596	0.010314633498900251	0.06243448707978556	0.06779480369386354	0.06409582550093804	0.010400713024264725	0.010671717684406277	0.041507254736617746	0.08770254755245277	0.13029807907909932	0.010314633498900251	0.010314633498900251	0.05157042840897023	0.010400713024264725	0.010400713024264725	0.010400713024264725	1.0	0.09956788255850388	0.062290803659060465	0.10310888964696055	0.010314633498900251	0.06183822742313202	0.038964458251780305	0.12549963498208658	0.010400713024264725	0.07367665536695553	0.013314554441121708	0.06867435384767966	0.07233261400606425	0.010404472291644908	0.05384461866820342
pl	0.12769271191181897	0.09680756125011859	0.08638077881858858	0.010510243104548074	0.08911122039583672	0.0773479940213782	0.00999983165409711	0.058536468848515565	0.06217633391914525	0.059313507676080304	0.01033483661893259	0.010782766727138932	0.040892046210210635	0.07647425082767717	0.1027266587403226	0.00999983165409711	0.00999983165409711	0.05142631443924205	0.010510243104548074	0.010510243104548074	0.010510243104548074	0.09956788255850388	1.0	0.06114600172323398	0.08782969940884594	0.00999983165409711	0.060989619035843	0.03927598171642261	0.09947397769500657	0.01033483661893259	0.06710789761717442	0.013172153131869495	0.14484369890102808	0.0664060252177376	0.010513664167848366	0.05277196790139445
pt	0.19160741797296413	0.062386513024207856	0.061337068522082386	0.011630094788275605	0.06208229104326691	0.05987883538910265	0.011143154273113316	0.05634185091066497	0.05768087490484692	0.057346957319565676	0.011422724808876381	0.011944662021530194	0.05189414964988674	0.06013036000406601	0.06276183951233708	0.011143154273113316	0.01105125880914055	0.056581720319469765	0.011630094788275605	0.011630094788275605	0.011630094788275605	0.062290803659060465	0.06114600172323398	1.0	0.06155880499288907	0.011143154273113316	0.07028796692658716	0.04064317313450203	0.06217065192557608	0.011422724808876381	0.05903966466681278	0.014725692819502718	0.14118784806383944	0.058324905142121915	0.01163419955993647	0.06333048870858791
ro	0.1284962218472282	0.10061937953700652	0.08971732894676034	0.010484718611532048	0.09139827527601006	0.07911505852396183	0.01014502440815251	0.05942802429970071	0.06403156016937527	0.06058465104565198	0.010312601250090196	0.010754573783354612	0.040770279982921265	0.07858244934019114	0.10622007116650296	0.010228500520709548	0.01014502440815251	0.05181198603280565	0.010484718611532048	0.010484718611532048	0.010484718611532048	0.10310888964696055	0.08782969940884594	0.06155880499288907	1.0	0.01014502440815251	0.06125091535576622	0.039234007256752114	0.10303906355454964	0.010312601250090196	0.06875187463039996	0.013144066248897041	0.5	0.06787140187389375	0.01048834238386351	0.05349914442226686
ru	1.0	0.010426388824429597	0.010165126211985941	1.0	0.01040128153111594	0.009856686774846496	1.0	0.010286291230306995	0.010152064038509314	0.010252733178557917	1.0	1.0	0.011956321582383758	0.009864433144671794	0.010206766285143599	1.0	1.0	0.011590968452405523	1.0	1.0	1.0	0.010314633498900251	0.00999983165409711	0.011143154273113316	0.01014502440815251	1.0	0.011669286650235994	1.0	0.01014151009884431	1.0	0.0100302720469637	1.0	0.14285714285714285	0.010299328957899036	0.2843646522044218	0.01113546646761868
sh	0.28989794855663564	0.06153242710021239	0.06216485264952313	0.011669286650235994	0.06142959968891911	0.060271973911582476	0.011669286650235994	0.058079436481587046	0.05888165661797919	0.058390097020092326	0.011669286650235994	0.011987800081996087	0.05346220564397805	0.06057728704627861	0.06185022513018595	0.011669286650235994	0.011669286650235994	0.056440580263563814	0.011669286650235994	0.011669286650235994	0.011669286650235994	0.06183822742313202	0.060989619035843	0.07028796692658716	0.06125091535576622	0.011669286650235994	1.0	0.04025482899383426	0.06172622783410988	0.011669286650235994	0.059633079641315874	0.015165219626887902	0.3562813703997	0.05967647825139812	0.011673416848668197	0.06394699516354024
si	1.0	0.03892348687663248	0.04061404600006361	1.0	0.039254977426489694	0.039660001420646934	1.0	0.041245496592363755	0.040742682858820004	0.04108785055601299	1.0	1.0	0.041460648628666885	0.03968167210589887	0.03875080836709508	1.0	1.0	0.04343536269740752	1.0	1.0	1.0	0.038964458251780305	0.03927598171642261	0.04064317313450203	0.039234007256752114	1.0	0.04025482899383426	1.0	0.03891326448350893	1.0	0.040349022347941486	1.0	1.0	0.040349022347941486	0.585786437626905	0.07180443419895906
simple	0.12690480173057767	0.11762316508270292	0.1008143000657402	0.010397114651918246	0.10349558588618975	0.0865223522694734	0.01014151009884431	0.06175564927378817	0.06651392625632238	0.06284688240338801	0.010224898472939743	0.010668238743453547	0.04075211002889485	0.08615974731431635	0.13044380454372473	0.01014151009884431	0.01014151009884431	0.05172412687601762	0.010397114651918246	0.010397114651918248	0.010397114651918248	0.12549963498208658	0.09947397769500657	0.06217065192557608	0.10303906355454964	0.01014151009884431	0.06172622783410988	0.03891326448350893	1.0	0.010224898472939743	0.07272076166201577	0.013029385995750802	0.1696738416234088	0.07126097844712068	0.010400870003747372	0.05407403373134815
sr	1.0	0.010426388824429597	0.010599369170459807	1.0	0.01040128153111594	0.010431546921079634	1.0	0.01087714672553443	0.01074306612454511	0.010841973450845213	1.0	1.0	0.012439460879512159	0.010434798555523211	0.010206766285143599	1.0	1.0	0.011590968452405523	1.0	1.0	1.0	0.010400713024264725	0.01033483661893259	0.011422724808876381	0.010312601250090196	1.0	0.011669286650235994	1.0	0.010224898472939743	1.0	0.010614244448706107	1.0	0.4142135623730951	0.010641138489279533	0.2843646522044218	0.011634593639481439
sv	0.13100580420257674	0.07383769308466555	0.06821941507351899	0.010795038839424436	0.07007744358245913	0.060429573284255134	0.009805190685506839	0.046897241389274355	0.05366621793210043	0.04755147455352075	0.010614244448706107	0.011072931591440826	0.03919513286471512	0.05916815973191205	0.0734432260002459	0.010113526926186162	0.00904712600064201	0.0503428889266989	0.010795038839424436	0.010795038839424436	0.010795038839424436	0.07367665536695553	0.06710789761717442	0.05903966466681278	0.06875187463039996	0.0100302720469637	0.059633079641315874	0.040349022347941486	0.07272076166201577	0.010614244448706107	1.0	0.01352311315410841	0.32449979983983984	0.05873857456390218	0.010798571012417138	0.052143882374737376
te	1.0	0.013354605582275513	0.01360278336153124	1.0	0.013293473558575986	0.013281189754572641	1.0	0.013851008296233277	0.01369515641916194	0.013822354986950293	1.0	1.0	0.01583051867740117	0.013297840564545532	0.0130036895202402	1.0	1.0	0.014840598171477011	1.0	1.0	1.0	0.013314554441121708	0.013172153131869495	0.014725692819502718	0.013144066248897041	1.0	0.015165219626887902	1.0	0.013029385995750802	1.0	0.01352311315410841	1.0	0.5	0.013555401287738297	0.32449979983983984	0.013989599215909703
tr	1.0	0.12170000688017285	-1.0	1.0	0.27195617308673004	0.20342651452257512	0.585786437626905	0.11641259845137786	0.14829454844110343	0.12345595791289733	0.5	0.585786437626905	0.4364916731037085	0.19715062508814155	0.2216368750839041	0.16247618494601918	0.3430703308172536	0.32449979983983984	1.0	0.39564392373896	1.0	0.06867435384767966	0.14484369890102808	0.14118784806383944	0.5	0.14285714285714285	0.3562813703997	1.0	0.1696738416234088	0.4142135623730951	0.32449979983983984	0.5	1.0	0.21712927295533244	1.0	0.19367338768973053
vi	0.13187730439473622	0.07141749222768788	0.06741575731803058	0.010823339604689395	0.06915463105449023	0.06351662997632877	0.010299328957899036	0.05419722973751478	0.056423374584666425	0.05453738537549427	0.010641138489279533	0.011105104998028152	0.04208906330075035	0.06365795284807901	0.0725317701981479	0.010299328957899036	0.010299328957899036	0.05027770585076546	0.010823339604689395	0.010823339604689395	0.010823339604689395	0.07233261400606425	0.0664060252177376	0.058324905142121915	0.06787140187389375	0.010299328957899036	0.05967647825139812	0.040349022347941486	0.07126097844712068	0.010641138489279533	0.05873857456390218	0.013555401287738297	0.21712927295533244	1.0	0.010826826364508293	0.05223328731552955
war	1.0	0.010430017795314692	0.01078759193685362	0.2843646522044218	0.01049382137884316	0.010611925661790254	0.2843646522044218	0.011067098234589163	0.010927474037176073	0.011027601102576652	0.2843646522044218	0.2843646522044218	0.012649384120573147	0.010615821776697343	0.010382349225480914	0.2843646522044218	0.2843646522044218	0.011594638672933677	0.2843646522044218	0.2843646522044218	0.2843646522044218	0.010404472291644908	0.010513664167848366	0.01163419955993647	0.01048834238386351	0.2843646522044218	0.011673416848668197	0.585786437626905	0.010400870003747372	0.2843646522044218	0.010798571012417138	0.32449979983983984	1.0	0.010826826364508293	1.0	0.011861786820558315
zh	0.26427884169111276	0.05418014709018347	0.07439894432516668	0.011858082475010606	0.05369598576321218	0.052583570723110304	0.01113546646761868	0.05131154662764671	0.051779070582527786	0.05122639208952047	0.011634593639481439	0.011293663595173274	0.05001489414650876	0.052426462747006915	0.05372907003445761	0.010938509872046672	0.01103573326009585	0.052795698161649994	0.011858082475010606	0.011858082475010606	0.011858082475010606	0.05384461866820342	0.05277196790139445	0.06333048870858791	0.05349914442226686	0.01113546646761868	0.06394699516354024	0.07180443419895906	0.05407403373134815	0.011634593639481439	0.052143882374737376	0.013989599215909703	0.19367338768973053	0.05223328731552955	0.011861786820558315	1.0
