arz	bs	ceb	ckb	da	de	el	en	es	fr	he	hi	hu	id	it	ja	ko	lv	mk	ml	mr	nl	pl	pt	ro	ru	sh	si	simple	sr	sv	te	tr	vi	war	zh
arz	1.0	0.5183673469387755	0.515748031496063	0.699724517906336	0.5182186234817814	0.5164835164835164	0.6967418546365916	0.5135135135135135	0.5164835164835164	0.5140186915887851	0.6991869918699187	0.7005649717514124	0.5166051660516605	0.5163636363636364	0.5179282868525896	0.6974358974358974	0.6936936936936937	0.5183673469387755	0.699724517906336	0.699724517906336	0.699724517906336	0.5182186234817814	0.5175097276264592	0.5175097276264592	0.5177865612648221	0.6974358974358974	0.5183673469387755	0.7407407407407407	0.5179282868525896	0.6991869918699187	0.5151515151515151	0.7030716723549488	0.5263157894736842	0.5175097276264592	0.5183673469387755	0.5171102661596958
bs	0.5183673469387755	1.0	0.9188623584703972	0.6666666666666666	0.9677877616986837	0.8958193977441852	0.656084656084656	0.7826820693394458	0.8762752734594946	0.7980221442283454	0.664804469273743	0.6638176638176638	0.770576107664718	0.8911743950738171	0.9661578115453112	0.6586021505376344	0.6446078431372549	0.8781328192296649	0.6666666666666666	0.6666666666666666	0.6666666666666666	0.9757761559801515	0.93879257552659	0.7226098453524015	0.9520564818357646	0.6586021505376344	0.7275529316926287	0.5580524344569289	0.9644446491604192	0.664804469273743	0.8422806245085737	0.6385542168674699	0.5915909988156337	0.914859273046569	0.666966584189348	0.6880571277924166
ceb	0.515748031496063	0.9188623584703972	1.0	0.6575342465753424	0.9192097262121032	0.9088180978762697	0.6596858638743456	0.7910143632873077	0.8879332823385744	0.8071341471269298	0.6594005449591281	0.6546961325966851	0.765474437814878	0.9041565706859211	0.9275114266978555	0.6622340425531914	0.6480582524271845	0.8354997958620075	0.6575342465753424	0.6575342465753424	0.6575342465753424	0.925694762188507	0.9437076489982059	0.7205050430268612	0.9246582892566979	0.6622340425531914	0.7102769440476034	0.5543478260869565	0.936242060009223	0.6594005449591281	0.8530899427446652	0.6334310850439883	-1.0	0.9192084838729121	0.6578162131255919	0.6919229344201556
ckb	0.699724517906336	0.6666666666666666	0.6575342465753424	1.0	0.6657303370786517	0.6544502617801047	0.9763779527559056	0.6334841628959276	0.6544502617801047	0.6372093023255814	0.99581589958159	0.9936034115138592	0.6552631578947369	0.6536458333333334	0.663888888888889	0.9819639278557114	0.9511754068716095	0.6666666666666666	1.0	1.0	1.0	0.6657303370786517	0.6612021857923497	0.6612021857923497	0.6629834254143646	0.9819639278557114	0.6666666666666666	0.7740259740259741	0.663888888888889	0.99581589958159	0.645320197044335	0.9380530973451326	0.5348837209302326	0.6612021857923497	0.6666666666666666	0.6586021505376344
da	0.5182186234817814	0.9677877616986837	0.9192097262121032	0.6657303370786517	1.0	0.8950930579892162	0.6569920844327176	0.7833127310364209	0.8764833117233386	0.7986960087790176	0.6657381615598886	0.6628895184135978	0.7711490681591594	0.8919955243902753	0.9662569952760848	0.6595174262734586	0.6454767726161369	0.8703136015011578	0.6657303370786517	0.6657303370786517	0.6657303370786517	0.9641128267784543	0.9391857004009233	0.7246179462694388	0.9519129712238162	0.6595174262734586	0.7255576826892953	0.5576208178438662	0.96456341530992	0.6657381615598886	0.8417995755494778	0.6396396396396395	0.582089552238806	0.9160831060518307	0.6660318541543556	0.6890898694973339
de	0.5164835164835164	0.8958193977441852	0.9088180978762697	0.6544502617801047	0.8950930579892162	1.0	0.6649746192893401	0.8168109381066665	0.9062453356210469	0.834966614246307	0.65625	0.6517150395778364	0.7835466051126818	0.9165285264064849	0.9040102706115813	0.6590330788804072	0.6563981042654029	0.8175789272123021	0.6544502617801047	0.6544502617801047	0.6544502617801047	0.9021364059983082	0.9188193784787134	0.7116016015938176	0.9099634360388653	0.6624040920716113	0.700369600908332	0.5525423728813559	0.9117602704351063	0.65625	0.8858717356731172	0.6312849162011173	0.5394736842105263	0.895740902182858	0.6546432737657669	0.6860999101629048
el	0.6967418546365916	0.656084656084656	0.6596858638743456	0.9763779527559056	0.6569920844327176	0.6649746192893401	1.0	0.6431718061674009	0.6649746192893401	0.6470588235294118	0.9803921568627451	0.9702970297029704	0.6624365482233503	0.6624685138539043	0.6570680628272252	0.9865642994241843	0.9734513274336283	0.656084656084656	0.9763779527559056	0.9763779527559056	0.9763779527559056	0.6569920844327176	0.6614583333333334	0.6597402597402597	0.6596858638743456	0.9941972920696325	0.656084656084656	0.7648456057007126	0.6587926509186351	0.9803921568627451	0.6555023923444976	0.9256198347107438	0.5576923076923077	0.6614583333333334	0.656084656084656	0.6606683804627249
en	0.5135135135135135	0.7826820693394458	0.7910143632873077	0.6334841628959276	0.7833127310364209	0.8168109381066665	0.6431718061674009	1.0	0.8027798249459706	0.8679940951415943	0.6351351351351351	0.6309794988610479	0.718964426781954	0.8201206483828113	0.7948689331784345	0.6407982261640798	0.6545842217484008	0.7350968165811635	0.6334841628959276	0.6334841628959276	0.6334841628959276	0.7866575879326958	0.7979574922747322	0.6720256466401129	0.7921615277728772	0.6407982261640798	0.6627770952863489	0.543661971830986	0.7936179860246535	0.6351351351351351	0.844244997862422	0.6124401913875598	0.5455135118238227	0.7839034920232647	0.6336089510930321	0.6579872675453444
es	0.5164835164835164	0.8762752734594946	0.8879332823385744	0.6544502617801047	0.8764833117233386	0.9062453356210469	0.6649746192893401	0.8027798249459706	1.0	0.818277896932518	0.65625	0.6517150395778364	0.7738530975611371	0.9019145136601883	0.8830595732102855	0.6590330788804072	0.6563981042654029	0.8079038581382311	0.6544502617801047	0.6544502617801047	0.6544502617801047	0.8822573334746403	0.895604486571341	0.7106716149370395	0.8899055099521851	0.6624040920716113	0.7006502492992601	0.5525423728813559	0.8900689973809385	0.65625	0.8657856115584229	0.6312849162011173	0.550561797752809	0.8768407794758877	0.6546701080757555	0.6848437030532489
fr	0.5140186915887851	0.7980221442283454	0.8071341471269298	0.6372093023255814	0.7986960087790176	0.834966614246307	0.6470588235294118	0.8679940951415943	0.818277896932518	1.0	0.638888888888889	0.6346604215456675	0.7306655641068647	0.8381001334042953	0.8106364822221186	0.6446469248291572	0.6557734204793028	0.7466800879517215	0.6372093023255814	0.6372093023255814	0.6372093023255814	0.8030351609790958	0.8138095105097428	0.6775503745120792	0.8083314986906445	0.6446469248291572	0.6687636995281495	0.5451895043731778	0.8092440717609072	0.638888888888889	0.8631717309728831	0.6157635467980295	0.5458937198067633	0.7983782212347114	0.6373876629109663	0.6633647019376921
he	0.6991869918699187	0.664804469273743	0.6594005449591281	0.99581589958159	0.6657381615598886	0.65625	0.9803921568627451	0.6351351351351351	0.65625	0.638888888888889	1.0	0.9894736842105263	0.6570680628272252	0.655440414507772	0.6657458563535912	0.9860279441117764	0.9549549549549549	0.664804469273743	0.99581589958159	0.99581589958159	0.99581589958159	0.663888888888889	0.6630434782608696	0.6630434782608696	0.6648351648351649	0.9860279441117764	0.664804469273743	0.7723785166240409	0.6657458563535912	1.0	0.6470588235294118	0.9427312775330396	0.5555555555555556	0.6630434782608696	0.664804469273743	0.6604278074866311
hi	0.7005649717514124	0.6638176638176638	0.6546961325966851	0.9936034115138592	0.6628895184135978	0.6517150395778364	0.9702970297029704	0.6309794988610479	0.6517150395778364	0.6346604215456675	0.9894736842105263	1.0	0.6525198938992043	0.6509186351706038	0.6610644257703081	0.9758064516129034	0.9454545454545454	0.6638176638176638	0.9936034115138592	0.9936034115138592	0.9936034115138592	0.6628895184135978	0.6584022038567493	0.6584022038567493	0.6601671309192201	0.9758064516129034	0.6638176638176638	0.776595744680851	0.6610644257703081	0.9894736842105263	0.6426799007444168	0.9351230425055929	0.5636363636363636	0.6584022038567493	0.6638176638176638	0.6558265582655826
hu	0.5166051660516605	0.770576107664718	0.765474437814878	0.6552631578947369	0.7711490681591594	0.7835466051126818	0.6624365482233503	0.718964426781954	0.7738530975611371	0.7306655641068647	0.6570680628272252	0.6525198938992043	1.0	0.7713054559163633	0.7715646223101142	0.6564885496183206	0.655581947743468	0.7490481162985251	0.6552631578947369	0.6552631578947369	0.6552631578947369	0.7726462445090639	0.770608866448641	0.7008666715809648	0.7760123853480105	0.659846547314578	0.6930091761038822	0.552901023890785	0.7756553131499414	0.6570680628272252	0.755266822080257	0.6320224719101124	0.5441176470588236	0.7655019309067922	0.6555758601392169	0.6791546990351637
id	0.5163636363636364	0.8911743950738171	0.9041565706859211	0.6536458333333334	0.8919955243902753	0.9165285264064849	0.6624685138539043	0.8201206483828113	0.9019145136601883	0.8381001334042953	0.655440414507772	0.6509186351706038	0.7713054559163633	1.0	0.9086437920090343	0.6598984771573604	0.657210401891253	0.8140246840743022	0.6536458333333334	0.6536458333333334	0.6536458333333334	0.8980649757644894	0.9135043288387875	0.7108105856586359	0.9053226956188627	0.6615776081424937	0.6998395908828227	0.5521885521885521	0.9073549045842852	0.655440414507772	0.8882209803396117	0.6305555555555556	0.5795454545454545	0.8916627553370012	0.6538904419347223	0.686778925995325
it	0.5179282868525896	0.9661578115453112	0.9275114266978555	0.663888888888889	0.9662569952760848	0.9040102706115813	0.6570680628272252	0.7948689331784345	0.8830595732102855	0.8106364822221186	0.6657458563535912	0.6610644257703081	0.7715646223101142	0.9086437920090343	1.0	0.6613333333333333	0.6472019464720196	0.8661655100683066	0.663888888888889	0.663888888888889	0.663888888888889	0.9626954647195751	0.9486096678884697	0.7248976061688113	0.9611687996848454	0.6595744680851063	0.7213595515714176	0.5567765567765568	0.9746185149091317	0.6657458563535912	0.8561399021582663	0.6398809523809524	0.5570469798657718	0.9232739805677979	0.6641665738149644	0.6912981619535904
ja	0.6974358974358974	0.6586021505376344	0.6622340425531914	0.9819639278557114	0.6595174262734586	0.6590330788804072	0.9865642994241843	0.6407982261640798	0.6590330788804072	0.6446469248291572	0.9860279441117764	0.9758064516129034	0.6564885496183206	0.6598984771573604	0.6613333333333333	1.0	0.9645390070921985	0.6586021505376344	0.9819639278557114	0.9819639278557114	0.9819639278557114	0.6595174262734586	0.6640211640211641	0.662269129287599	0.6604774535809019	0.9921875	0.6586021505376344	0.7669902912621359	0.6613333333333333	0.9860279441117764	0.6514423076923077	0.9305263157894738	0.5700934579439253	0.6640211640211641	0.6586021505376344	0.6666666666666666
ko	0.6936936936936937	0.6446078431372549	0.6480582524271845	0.9511754068716095	0.6454767726161369	0.6563981042654029	0.9734513274336283	0.6545842217484008	0.6563981042654029	0.6557734204793028	0.9549549549549549	0.9454545454545454	0.655581947743468	0.657210401891253	0.6472019464720196	0.9645390070921985	1.0	0.6446078431372549	0.9511754068716095	0.9511754068716095	0.9511754068716095	0.6454767726161369	0.6497584541062803	0.6497584541062803	0.6480582524271845	0.9679715302491102	0.6446078431372549	0.7553648068669528	0.6472019464720196	0.9549549549549549	0.6613272311212816	0.9035916824196597	0.5797101449275363	0.6497584541062803	0.6446078431372549	0.6507177033492824
lv	0.5183673469387755	0.8781328192296649	0.8354997958620075	0.6666666666666666	0.8703136015011578	0.8175789272123021	0.656084656084656	0.7350968165811635	0.8079038581382311	0.7466800879517215	0.664804469273743	0.6638176638176638	0.7490481162985251	0.8140246840743022	0.8661655100683066	0.6586021505376344	0.6446078431372549	1.0	0.6666666666666666	0.6666666666666666	0.6666666666666666	0.8738785598616018	0.8492380811416638	0.7177823634048737	0.8599293496293756	0.6586021505376344	0.723080784538707	0.5580524344569289	0.8656815093091298	0.664804469273743	0.777841802868896	0.6385542168674699	0.5614035087719298	0.8375000755108053	0.666886679592426	0.6872823105607303
mk	0.699724517906336	0.6666666666666666	0.6575342465753424	1.0	0.6657303370786517	0.6544502617801047	0.9763779527559056	0.6334841628959276	0.6544502617801047	0.6372093023255814	0.99581589958159	0.9936034115138592	0.6552631578947369	0.6536458333333334	0.663888888888889	0.9819639278557114	0.9511754068716095	0.6666666666666666	1.0	1.0	1.0	0.6657303370786517	0.6612021857923497	0.6612021857923497	0.6629834254143646	0.9819639278557114	0.6666666666666666	0.7740259740259741	0.663888888888889	0.99581589958159	0.645320197044335	0.9380530973451326	0.5535714285714286	0.6612021857923497	0.6666666666666666	0.6586021505376344
ml	0.699724517906336	0.6666666666666666	0.6575342465753424	1.0	0.6657303370786517	0.6544502617801047	0.9763779527559056	0.6334841628959276	0.6544502617801047	0.6372093023255814	0.99581589958159	0.9936034115138592	0.6552631578947369	0.6536458333333334	0.663888888888889	0.9819639278557114	0.9511754068716095	0.6666666666666666	1.0	1.0	1.0	0.6657303370786517	0.6612021857923497	0.6612021857923497	0.6629834254143646	0.9819639278557114	0.6666666666666666	0.7740259740259741	0.663888888888889	0.99581589958159	0.645320197044335	0.9380530973451326	0.5737704918032787	0.6612021857923497	0.6666666666666666	0.6586021505376344
mr	0.699724517906336	0.6666666666666666	0.6575342465753424	1.0	0.6657303370786517	0.6544502617801047	0.9763779527559056	0.6334841628959276	0.6544502617801047	0.6372093023255814	0.99581589958159	0.9936034115138592	0.6552631578947369	0.6536458333333334	0.663888888888889	0.9819639278557114	0.9511754068716095	0.6666666666666666	1.0	1.0	1.0	0.6657303370786517	0.6612021857923497	0.6612021857923497	0.6629834254143646	0.9819639278557114	0.6666666666666666	0.7740259740259741	0.663888888888889	0.99581589958159	0.645320197044335	0.9380530973451326	0.5238095238095238	0.6612021857923497	0.6666666666666666	0.6586021505376344
nl	0.5182186234817814	0.9757761559801515	0.925694762188507	0.6657303370786517	0.9641128267784543	0.9021364059983082	0.6569920844327176	0.7866575879326958	0.8822573334746403	0.8030351609790958	0.663888888888889	0.6628895184135978	0.7726462445090639	0.8980649757644894	0.9626954647195751	0.6595174262734586	0.6454767726161369	0.8738785598616018	0.6657303370786517	0.6657303370786517	0.6657303370786517	1.0	0.9462940817163739	0.7239240467772479	0.9593161410263046	0.6595174262734586	0.7254834773059643	0.5576208178438662	0.9614416622995523	0.663888888888889	0.8468973906643196	0.6377245508982036	0.5314905607032244	0.9220439496891716	0.6660215093891607	0.6891352097812656
pl	0.5175097276264592	0.93879257552659	0.9437076489982059	0.6612021857923497	0.9391857004009233	0.9188193784787134	0.6614583333333334	0.7979574922747322	0.895604486571341	0.8138095105097428	0.6630434782608696	0.6584022038567493	0.770608866448641	0.9135043288387875	0.9486096678884697	0.6640211640211641	0.6497584541062803	0.8492380811416638	0.6612021857923497	0.6612021857923497	0.6612021857923497	0.9462940817163739	1.0	0.7243726594791009	0.9447971558659718	0.6640211640211641	0.7151780362066898	0.5555555555555556	0.9468658554320687	0.6630434782608696	0.860698812432189	0.6374269005847952	0.5428571428571428	0.9282564463261519	0.6614167285989013	0.6940930281240176
pt	0.5175097276264592	0.7226098453524015	0.7205050430268612	0.6612021857923497	0.7246179462694388	0.7116016015938176	0.6597402597402597	0.6720256466401129	0.7106716149370395	0.6775503745120792	0.6630434782608696	0.6584022038567493	0.7008666715809648	0.7108105856586359	0.7248976061688113	0.662269129287599	0.6497584541062803	0.7177823634048737	0.6612021857923497	0.6612021857923497	0.6612021857923497	0.7239240467772479	0.7243726594791009	1.0	0.7249969723625652	0.662269129287599	0.6933225746155689	0.5555555555555556	0.7272083187864298	0.6630434782608696	0.6935864222111513	0.6374269005847952	0.5542857142857143	0.7255082587504808	0.661573995543235	0.6831587262188544
ro	0.5177865612648221	0.9520564818357646	0.9246582892566979	0.6629834254143646	0.9519129712238162	0.9099634360388653	0.6596858638743456	0.7921615277728772	0.8899055099521851	0.8083314986906445	0.6648351648351649	0.6601671309192201	0.7760123853480105	0.9053226956188627	0.9611687996848454	0.6604774535809019	0.6480582524271845	0.8599293496293756	0.6629834254143646	0.6629834254143646	0.6629834254143646	0.9593161410263046	0.9447971558659718	0.7249969723625652	1.0	0.6622340425531914	0.7194899714956158	0.5563636363636364	0.9595872383860709	0.6648351648351649	0.8539964310363053	0.6390532544378698	0.5483870967741935	0.9203809534581876	0.6632361167742138	0.6899596536779645
ru	0.6974358974358974	0.6586021505376344	0.6622340425531914	0.9819639278557114	0.6595174262734586	0.6624040920716113	0.9941972920696325	0.6407982261640798	0.6624040920716113	0.6446469248291572	0.9860279441117764	0.9758064516129034	0.659846547314578	0.6615776081424937	0.6595744680851063	0.9921875	0.9679715302491102	0.6586021505376344	0.9819639278557114	0.9819639278557114	0.9819639278557114	0.6595174262734586	0.6640211640211641	0.662269129287599	0.6622340425531914	1.0	0.6586021505376344	0.7669902912621359	0.6613333333333333	0.9860279441117764	0.6530120481927711	0.9305263157894738	0.5549132947976879	0.6640211640211641	0.6586021505376344	0.6631853785900783
sh	0.5183673469387755	0.7275529316926287	0.7102769440476034	0.6666666666666666	0.7255576826892953	0.700369600908332	0.656084656084656	0.6627770952863489	0.7006502492992601	0.6687636995281495	0.664804469273743	0.6638176638176638	0.6930091761038822	0.6998395908828227	0.7213595515714176	0.6586021505376344	0.6446078431372549	0.723080784538707	0.6666666666666666	0.6666666666666666	0.6666666666666666	0.7254834773059643	0.7151780362066898	0.6933225746155689	0.7194899714956158	0.6586021505376344	1.0	0.5580524344569289	0.7214830560480912	0.664804469273743	0.6837596221401697	0.6385542168674699	0.5666666666666667	0.7146930348587704	0.6668869795109055	0.681824001045374
si	0.7407407407407407	0.5580524344569289	0.5543478260869565	0.7740259740259741	0.5576208178438662	0.5525423728813559	0.7648456057007126	0.543661971830986	0.5525423728813559	0.5451895043731778	0.7723785166240409	0.776595744680851	0.552901023890785	0.5521885521885521	0.5567765567765568	0.7669902912621359	0.7553648068669528	0.5580524344569289	0.7740259740259741	0.7740259740259741	0.7740259740259741	0.5576208178438662	0.5555555555555556	0.5555555555555556	0.5563636363636364	0.7669902912621359	0.5580524344569289	1.0	0.5567765567765568	0.7723785166240409	0.54858934169279	0.7936507936507936	0.5116279069767442	0.5555555555555556	0.5580524344569289	0.5543859649122806
simple	0.5179282868525896	0.9644446491604192	0.936242060009223	0.663888888888889	0.96456341530992	0.9117602704351063	0.6587926509186351	0.7936179860246535	0.8900689973809385	0.8092440717609072	0.6657458563535912	0.6610644257703081	0.7756553131499414	0.9073549045842852	0.9746185149091317	0.6613333333333333	0.6472019464720196	0.8656815093091298	0.663888888888889	0.663888888888889	0.663888888888889	0.9614416622995523	0.9468658554320687	0.7272083187864298	0.9595872383860709	0.6613333333333333	0.7214830560480912	0.5567765567765568	1.0	0.6657458563535912	0.8552766070899352	0.6398809523809524	0.5825864276568502	0.9315377299367534	0.6641686694726523	0.6916106931683749
sr	0.6991869918699187	0.664804469273743	0.6594005449591281	0.99581589958159	0.6657381615598886	0.65625	0.9803921568627451	0.6351351351351351	0.65625	0.638888888888889	1.0	0.9894736842105263	0.6570680628272252	0.655440414507772	0.6657458563535912	0.9860279441117764	0.9549549549549549	0.664804469273743	0.99581589958159	0.99581589958159	0.99581589958159	0.663888888888889	0.6630434782608696	0.6630434782608696	0.6648351648351649	0.9860279441117764	0.664804469273743	0.7723785166240409	0.6657458563535912	1.0	0.6470588235294118	0.9427312775330396	0.5531914893617021	0.6630434782608696	0.664804469273743	0.6604278074866311
sv	0.5151515151515151	0.8422806245085737	0.8530899427446652	0.645320197044335	0.8417995755494778	0.8858717356731172	0.6555023923444976	0.844244997862422	0.8657856115584229	0.8631717309728831	0.6470588235294118	0.6426799007444168	0.755266822080257	0.8882209803396117	0.8561399021582663	0.6514423076923077	0.6613272311212816	0.777841802868896	0.645320197044335	0.645320197044335	0.645320197044335	0.8468973906643196	0.860698812432189	0.6935864222111513	0.8539964310363053	0.6530120481927711	0.6837596221401697	0.54858934169279	0.8552766070899352	0.6470588235294118	1.0	0.6230366492146596	0.5607476635514019	0.8419586656099436	0.6454909335682303	0.6743579702631955
te	0.7030716723549488	0.6385542168674699	0.6334310850439883	0.9380530973451326	0.6396396396396395	0.6312849162011173	0.9256198347107438	0.6124401913875598	0.6312849162011173	0.6157635467980295	0.9427312775330396	0.9351230425055929	0.6320224719101124	0.6305555555555556	0.6398809523809524	0.9305263157894738	0.9035916824196597	0.6385542168674699	0.9380530973451326	0.9380530973451326	0.9380530973451326	0.6377245508982036	0.6374269005847952	0.6374269005847952	0.6390532544378698	0.9305263157894738	0.6385542168674699	0.7936507936507936	0.6398809523809524	0.9427312775330396	0.6230366492146596	1.0	0.5576923076923077	0.6374269005847952	0.6385542168674699	0.6350574712643678
tr	0.5263157894736842	0.5915909988156337	-1.0	0.5348837209302326	0.582089552238806	0.5394736842105263	0.5576923076923077	0.5455135118238227	0.550561797752809	0.5458937198067633	0.5555555555555556	0.5636363636363636	0.5441176470588236	0.5795454545454545	0.5570469798657718	0.5700934579439253	0.5797101449275363	0.5614035087719298	0.5535714285714286	0.5737704918032787	0.5238095238095238	0.5314905607032244	0.5428571428571428	0.5542857142857143	0.5483870967741935	0.5549132947976879	0.5666666666666667	0.5116279069767442	0.5825864276568502	0.5531914893617021	0.5607476635514019	0.5576923076923077	1.0	0.5764705882352942	0.5238095238095238	0.5773195876288659
vi	0.5175097276264592	0.914859273046569	0.9192084838729121	0.6612021857923497	0.9160831060518307	0.895740902182858	0.6614583333333334	0.7839034920232647	0.8768407794758877	0.7983782212347114	0.6630434782608696	0.6584022038567493	0.7655019309067922	0.8916627553370012	0.9232739805677979	0.6640211640211641	0.6497584541062803	0.8375000755108053	0.6612021857923497	0.6612021857923497	0.6612021857923497	0.9220439496891716	0.9282564463261519	0.7255082587504808	0.9203809534581876	0.6640211640211641	0.7146930348587704	0.5555555555555556	0.9315377299367534	0.6630434782608696	0.8419586656099436	0.6374269005847952	0.5764705882352942	1.0	0.6614111163485263	0.6937966445685643
war	0.5183673469387755	0.666966584189348	0.6578162131255919	0.6666666666666666	0.6660318541543556	0.6546432737657669	0.656084656084656	0.6336089510930321	0.6546701080757555	0.6373876629109663	0.664804469273743	0.6638176638176638	0.6555758601392169	0.6538904419347223	0.6641665738149644	0.6586021505376344	0.6446078431372549	0.666886679592426	0.6666666666666666	0.6666666666666666	0.6666666666666666	0.6660215093891607	0.6614167285989013	0.661573995543235	0.6632361167742138	0.6586021505376344	0.6668869795109055	0.5580524344569289	0.6641686694726523	0.664804469273743	0.6454909335682303	0.6385542168674699	0.5238095238095238	0.6614111163485263	1.0	0.6586021505376344
zh	0.5171102661596958	0.6880571277924166	0.6919229344201556	0.6586021505376344	0.6890898694973339	0.6860999101629048	0.6606683804627249	0.6579872675453444	0.6848437030532489	0.6633647019376921	0.6604278074866311	0.6558265582655826	0.6791546990351637	0.686778925995325	0.6912981619535904	0.6666666666666666	0.6507177033492824	0.6872823105607303	0.6586021505376344	0.6586021505376344	0.6586021505376344	0.6891352097812656	0.6940930281240176	0.6831587262188544	0.6899596536779645	0.6631853785900783	0.681824001045374	0.5543859649122806	0.6916106931683749	0.6604278074866311	0.6743579702631955	0.6350574712643678	0.5773195876288659	0.6937966445685643	0.6586021505376344	1.0
