arz	bs	ceb	ckb	da	de	el	en	es	fr	he	hi	hu	id	it	ja	ko	lv	mk	ml	mr	nl	pl	pt	ro	ru	sh	si	simple	sr	sv	te	tr	vi	war	zh
arz	1.0	0.12769271191181897	0.14342762372277806	1.0	0.12890399203517383	0.12849622184722817	1.0	0.13321952658018657	0.12444584824196174	0.1360386346038784	1.0	1.0	0.16039776255003638	0.12890399203517383	0.14285714285714285	1.0	1.0	0.12759338066860484	1.0	1.0	1.0	0.12769271191181897	0.12809248424016279	0.23800671553691075	0.12729683913915313	1.0	0.16352330136718948	1.0	0.12729683913915313	1.0	0.13231996486433337	1.0	1.0	0.1327673435381234	1.0	0.28436465220442186
bs	0.12769271191181897	1.0	0.10007340863000493	0.010425243623118469	0.10032918506891737	0.08590077070265748	0.010425243623118469	0.06257601119763337	0.06778524758643152	0.06380024487681063	0.010425243623118469	0.010695753993569736	0.04193193104811183	0.08605985528890926	0.12317743831431008	0.010425243623118469	0.010425243623118469	0.05156216007221529	0.010425243623118469	0.010425243623118469	0.010425243623118469	0.11709946252302218	0.09666427141295776	0.06406013399334472	0.10016908687197625	0.010425243623118469	0.0610561592627727	0.038964458251780305	0.11689201703797893	0.010425243623118469	0.07355351350498374	0.01334696792647238	0.11686429123411514	0.07195077319857926	0.010428618646898577	0.0652831273257502
ceb	0.14342762372277806	0.10007340863000493	1.0	0.010781499594380739	0.09113513408402002	0.0779429966284565	0.010165303074460764	0.05975620336278839	0.06326774804524535	0.06038931785730533	0.01059716333438203	0.011070186912936094	0.04170062668922062	0.07693549561045786	0.1046101694059021	0.010165303074460764	0.010165303074460764	0.05278288056531348	0.010781499594380739	0.010781499594380739	0.010781499594380739	0.10190778444112338	0.08594045653751464	0.06202670919009373	0.09070955937005273	0.010165303074460764	0.06085139156629816	0.04062568923127787	0.10084690121417997	0.01059716333438203	0.06794826661398935	0.013600657436370968	-1.0	0.06733136550296542	0.010785234046644311	0.07459687870465175
ckb	1.0	0.010425243623118469	0.010781499594380739	1.0	0.010488797766104736	0.010608608576441567	1.0	0.01105763329672934	0.010914856309860096	0.011025645179172592	1.0	1.0	0.012650018913864953	0.010618678963467913	0.010377860935404172	1.0	1.0	0.01159123104715117	1.0	1.0	1.0	0.010400523542767943	0.010509265451133946	0.011603329807882482	0.010485106896687822	1.0	0.01167954991972441	1.0	0.010399008064821929	1.0	0.010791014034150549	1.0	1.0	0.010815444037923934	0.3203772410170407	0.01101335543179895
da	0.12890399203517383	0.10032918506891737	0.09113513408402002	0.010488797766104736	1.0	0.08052126325466105	0.010401660587660323	0.06100192605484531	0.06530457942644681	0.06175564927378814	0.010401660587660323	0.010760026702500255	0.04183763017671759	0.07994322477023434	0.10691732003624685	0.010401660587660323	0.010401660587660322	0.05147147478962176	0.010488797766104735	0.010488797766104735	0.010488797766104735	0.10342494136815775	0.08920021437041527	0.0630334805201208	0.09159113733213638	0.010401660587660322	0.06080657252237844	0.03918173050027656	0.10342494136815775	0.010401660587660322	0.07050471384723613	0.013284752496015689	0.20658711810431302	0.06911402866893022	0.010492235132562639	0.06345936542330448
de	0.12849622184722817	0.08590077070265748	0.0779429966284565	0.010608608576441567	0.08052126325466105	1.0	0.009632786021738832	0.05372235259454026	0.05756271821737484	0.054635778008687574	0.010431929307987252	0.010881269075103193	0.03879984987561912	0.06837585802782815	0.0894239095956171	0.010014678830217907	0.009486528108671514	0.05108138076382952	0.010608608576441567	0.010608608576441567	0.010608608576441567	0.08717881601595062	0.07671079370247702	0.06086164705569641	0.07945559945236394	0.009858299091952632	0.059953468022226876	0.03956292681253966	0.0863203235343103	0.010431929307987252	0.060289037687067656	0.013285544607526468	0.16685875326498437	0.06356363060189398	0.010611961298070962	0.07021736462592051
el	1.0	0.010425243623118469	0.010165303074460764	1.0	0.010401660587660323	0.009632786021738832	1.0	0.010045767892269934	0.009915399273102393	0.010013833462034152	1.0	1.0	0.011675387672521211	0.009712282246006211	0.010206050169919142	1.0	1.0	0.01159123104715117	1.0	1.0	1.0	0.010313894359846452	0.010001515497114892	0.011121877248047684	0.01014396973046356	1.0	0.01167954991972441	1.0	0.010142388332603494	1.0	0.009802177339944198	1.0	1.0	0.01030006495885314	0.3203772410170407	0.01033595217941383
en	0.13321952658018657	0.06257601119763337	0.05975620336278839	0.01105763329672934	0.06100192605484531	0.05372235259454026	0.010045767892269934	1.0	0.05014810893890085	0.04147316234164848	0.010877363574077639	0.011343897729451153	0.04029206823694026	0.052827331984969306	0.061964897017186334	0.010285008509531837	0.009012331124830289	0.04951142735528765	0.01105763329672934	0.01105763329672934	0.01105763329672934	0.06266590340198547	0.058634193119884645	0.0571025091804501	0.05956248691152949	0.010282444511925028	0.05823986211142951	0.04124549659236376	0.06179876416984623	0.010877363574077639	0.047115398494671334	0.013850559210599654	0.15896491203384563	0.053816310556022894	0.01106120048039643	0.058455859837386756
es	0.12444584824196174	0.06778524758643152	0.06326774804524535	0.010914856309860096	0.06530457942644681	0.05756271821737484	0.009915399273102393	0.05014810893890085	1.0	0.05022040483523564	0.010735970815137455	0.011196237157812377	0.04025703221400907	0.057241400752840225	0.06816103192082693	0.010309462871493662	0.00976827203969393	0.05043148987356488	0.010914856309860096	0.010914856309860096	0.010914856309860096	0.06780436394203121	0.0623382183888767	0.05880274169564867	0.06376062145512724	0.01014871838120828	0.05890573747798999	0.04060241291494565	0.06695097921780735	0.010735970815137455	0.05366154813248635	0.01367350566695359	0.16232969891886792	0.056554489018416775	0.010918509084924569	0.06194260345768183
fr	0.1360386346038784	0.06380024487681063	0.06038931785730533	0.011025645179172592	0.06175564927378814	0.054635778008687574	0.010013833462034152	0.04147316234164848	0.05022040483523564	1.0	0.010844336339455588	0.011308626875774141	0.04010050905123153	0.053778667127404145	0.06326774804524535	0.010250193320298058	0.009107254667481262	0.049647096693010866	0.011025645179172592	0.011025645179172592	0.011025645179172592	0.06368948915205842	0.0589117445019372	0.05816971372375261	0.06057788315679595	0.010250556041231308	0.05822826530587237	0.04113616161535854	0.06276373495729652	0.010844336339455588	0.04763563191153633	0.013814328379173587	0.16304635530904296	0.054557020558277707	0.011028493231964753	0.058876336543494834
he	1.0	0.010425243623118469	0.01059716333438203	1.0	0.010401660587660323	0.010431929307987252	1.0	0.010877363574077639	0.010735970815137455	0.010844336339455588	1.0	1.0	0.012441735491606168	0.010443036917837255	0.01020605016991914	1.0	1.0	0.01159123104715117	1.0	1.0	1.0	0.010400523542767943	0.01033427897459915	0.011407865989250561	0.010310939397332528	1.0	0.01167954991972441	1.0	0.010226338833764914	1.0	0.010614848826962718	1.0	0.585786437626905	0.010636878419740477	0.3203772410170407	0.0108186428526498
hi	1.0	0.010695753993569736	0.011070186912936094	1.0	0.010760026702500255	0.010881269075103193	1.0	0.011343897729451153	0.011196237157812377	0.011308626875774141	1.0	1.0	0.012985533745222638	0.010893446577986033	0.010646419984970444	1.0	1.0	0.01189055821482673	1.0	1.0	1.0	0.010669261606906394	0.010781921922149633	0.011909246662476693	0.010756460390605103	1.0	0.01199281619877534	1.0	0.010668443292524633	1.0	0.01107110157813521	1.0	1.0	0.011091281964337068	0.3203772410170407	0.011305458929815845
hu	0.16039776255003638	0.04193193104811183	0.04170062668922062	0.012650018913864953	0.04183763017671759	0.03879984987561912	0.011675387672521211	0.04029206823694026	0.04025703221400907	0.04010050905123153	0.012441735491606168	0.012985533745222638	1.0	0.03939742281302675	0.04101492575297547	0.012141619758952485	0.011411183794333533	0.04665774296216337	0.012650018913864953	0.012650018913864953	0.012650018913864953	0.04148806727518844	0.04097179020710247	0.05153703989730522	0.04069975712179835	0.011952863324316493	0.05318091859181571	0.04222510699985883	0.040837114648548875	0.012441735491606168	0.03933748987425038	0.015882506512103902	1.0	0.042178381710280106	0.012653980883083452	0.04510138943476554
id	0.12890399203517383	0.08605985528890926	0.07693549561045786	0.010618678963467913	0.07994322477023434	0.06837585802782815	0.009712282246006211	0.052827331984969306	0.057241400752840225	0.053778667127404145	0.010443036917837255	0.010893446577986033	0.03939742281302675	1.0	0.08713733449821778	0.009945567047655797	0.009423244150582254	0.051226605625761444	0.010618678963467913	0.010618678963467913	0.010618678963467913	0.0863203235343103	0.07579135400287795	0.06081784564723645	0.07888543701238467	0.009865725988696152	0.05987977107095856	0.03984535841731528	0.085254032267393	0.010443036917837255	0.05923122031339763	0.013309374335105088	0.25824569976124334	0.06294558450739285	0.010622041279316763	0.06947363191905594
it	0.14285714285714285	0.12317743831431008	0.1046101694059021	0.010377860935404172	0.10691732003624685	0.0894239095956171	0.010206050169919142	0.061964897017186334	0.06816103192082693	0.06326774804524535	0.01020605016991914	0.010646419984970444	0.04101492575297547	0.08713733449821778	1.0	0.010122945245754323	0.010122945245754323	0.05171995444970836	0.010377860935404172	0.010377860935404173	0.010377860935404173	0.1320055954582221	0.10248570611179561	0.06365379938542498	0.10703492233866804	0.01020605016991914	0.0614177637250988	0.03884193555718095	0.13073680244468125	0.01020605016991914	0.07347993190388895	0.013003318229333715	0.1699060036895323	0.07278013310518944	0.01038099880962819	0.06549304771022797
ja	1.0	0.010425243623118469	0.010165303074460764	1.0	0.010401660587660323	0.010014678830217907	1.0	0.010285008509531837	0.010309462871493662	0.010250193320298058	1.0	1.0	0.012141619758952485	0.009945567047655797	0.010122945245754323	1.0	1.0	0.01159123104715117	1.0	1.0	1.0	0.010313894359846452	0.010001515497114892	0.011121877248047684	0.010226879126567234	1.0	0.01167954991972441	1.0	0.010142388332603494	1.0	0.010116314789037243	1.0	0.30216947925196225	0.01030006495885314	0.3203772410170407	0.010162474385943726
ko	1.0	0.010425243623118469	0.010165303074460764	1.0	0.010401660587660322	0.009486528108671514	1.0	0.009012331124830289	0.00976827203969393	0.009107254667481262	1.0	1.0	0.011411183794333533	0.009423244150582254	0.010122945245754323	1.0	1.0	0.01159123104715117	1.0	1.0	1.0	0.010313894359846452	0.010001515497114892	0.011034748109514426	0.01014396973046356	1.0	0.01167954991972441	1.0	0.010142388332603494	1.0	0.009046378821142294	1.0	0.38742588672279304	0.01030006495885314	0.3203772410170407	0.010256092327523015
lv	0.12759338066860484	0.05156216007221529	0.05278288056531348	0.01159123104715117	0.05147147478962176	0.05108138076382952	0.01159123104715117	0.04951142735528765	0.05043148987356488	0.049647096693010866	0.01159123104715117	0.01189055821482673	0.04665774296216337	0.051226605625761444	0.05171995444970836	0.01159123104715117	0.01159123104715117	1.0	0.01159123104715117	0.01159123104715117	0.01159123104715117	0.05165333513704854	0.05132820132994974	0.05689697712927904	0.051459146319250436	0.01159123104715117	0.0563310771224452	0.043478260869565216	0.05179521580769345	0.01159123104715117	0.05045855001942859	0.014854996253435759	0.44948974278317805	0.050439216822388236	0.011595075667302574	0.050345319216042926
mk	1.0	0.010425243623118469	0.010781499594380739	1.0	0.010488797766104735	0.010608608576441567	1.0	0.01105763329672934	0.010914856309860096	0.011025645179172592	1.0	1.0	0.012650018913864953	0.010618678963467913	0.010377860935404172	1.0	1.0	0.01159123104715117	1.0	1.0	1.0	0.010400523542767943	0.010509265451133946	0.011603329807882482	0.010485106896687824	1.0	0.01167954991972441	1.0	0.010399008064821929	1.0	0.01079101403415055	1.0	1.0	0.010815444037923934	0.3203772410170407	0.01101335543179895
ml	1.0	0.010425243623118469	0.010781499594380739	1.0	0.010488797766104735	0.010608608576441567	1.0	0.01105763329672934	0.010914856309860096	0.011025645179172592	1.0	1.0	0.012650018913864953	0.010618678963467913	0.010377860935404173	1.0	1.0	0.01159123104715117	1.0	1.0	1.0	0.010400523542767943	0.010509265451133946	0.011603329807882482	0.010485106896687824	1.0	0.01167954991972441	1.0	0.010399008064821929	1.0	0.01079101403415055	1.0	0.3797958971132712	0.010815444037923934	0.3203772410170407	0.01101335543179895
mr	1.0	0.010425243623118469	0.010781499594380739	1.0	0.010488797766104735	0.010608608576441567	1.0	0.01105763329672934	0.010914856309860096	0.011025645179172592	1.0	1.0	0.012650018913864953	0.010618678963467913	0.010377860935404173	1.0	1.0	0.01159123104715117	1.0	1.0	1.0	0.010400523542767943	0.010509265451133946	0.011603329807882482	0.010485106896687824	1.0	0.01167954991972441	1.0	0.010399008064821929	1.0	0.01079101403415055	1.0	1.0	0.010815444037923934	0.3203772410170407	0.01101335543179895
nl	0.12769271191181897	0.11709946252302218	0.10190778444112338	0.010400523542767943	0.10342494136815775	0.08717881601595062	0.010313894359846452	0.06266590340198547	0.06780436394203121	0.06368948915205842	0.010400523542767943	0.010669261606906394	0.04148806727518844	0.0863203235343103	0.1320055954582221	0.010313894359846452	0.010313894359846452	0.05165333513704854	0.010400523542767943	0.010400523542767943	0.010400523542767943	1.0	0.09947397769500657	0.06394514738997932	0.10353096456738053	0.010313894359846452	0.06118831991838422	0.038882646210846805	0.12391573984268048	0.010400523542767943	0.07361500514391245	0.013315351919889135	0.06405410737736336	0.07207736337738578	0.010403874523612367	0.06558991591404553
pl	0.12809248424016279	0.09666427141295776	0.08594045653751464	0.010509265451133946	0.08920021437041527	0.07671079370247702	0.010001515497114892	0.058634193119884645	0.0623382183888767	0.0589117445019372	0.01033427897459915	0.010781921922149633	0.04097179020710247	0.07579135400287795	0.10248570611179561	0.010001515497114892	0.010001515497114892	0.05132820132994974	0.010509265451133946	0.010509265451133946	0.010509265451133946	0.09947397769500657	1.0	0.06185343415303133	0.08830085452104373	0.010001515497114892	0.06082560554946981	0.03945590904002302	0.09913200171910636	0.01033427897459915	0.06642397139651794	0.013176787484552005	0.1956579219005593	0.0666223675809076	0.01051272305799395	0.07497881783465123
pt	0.23800671553691075	0.06406013399334472	0.06202670919009373	0.011603329807882482	0.0630334805201208	0.06086164705569641	0.011121877248047684	0.0571025091804501	0.05880274169564867	0.05816971372375261	0.011407865989250561	0.011909246662476693	0.05153703989730522	0.06081784564723645	0.06365379938542498	0.011121877248047684	0.011034748109514426	0.05689697712927904	0.011603329807882482	0.011603329807882482	0.011603329807882482	0.06394514738997932	0.06185343415303133	1.0	0.06248179579746412	0.011121877248047684	0.07155532730717847	0.043426798520473736	0.06330124710758421	0.011407865989250561	0.05942842478736308	0.014625054904356597	0.18324402332786965	0.05916367658992345	0.01160759893301044	0.05899194080427382
ro	0.12729683913915313	0.10016908687197625	0.09070955937005273	0.010485106896687822	0.09159113733213638	0.07945559945236394	0.01014396973046356	0.05956248691152949	0.06376062145512724	0.06057788315679595	0.010310939397332528	0.010756460390605103	0.04069975712179835	0.07888543701238467	0.10703492233866804	0.010226879126567234	0.01014396973046356	0.051459146319250436	0.010485106896687824	0.010485106896687824	0.010485106896687824	0.10353096456738053	0.08830085452104373	0.06248179579746412	1.0	0.01014396973046356	0.060698032167605956	0.03922353493794955	0.10356638095380627	0.010310939397332528	0.06865230700707198	0.013135254275032269	0.39564392373896007	0.06850378308372095	0.010488540621722626	0.06304424826136304
ru	1.0	0.010425243623118469	0.010165303074460764	1.0	0.010401660587660322	0.009858299091952632	1.0	0.010282444511925028	0.01014871838120828	0.010250556041231308	1.0	1.0	0.011952863324316493	0.009865725988696152	0.01020605016991914	1.0	1.0	0.01159123104715117	1.0	1.0	1.0	0.010313894359846452	0.010001515497114892	0.011121877248047684	0.01014396973046356	1.0	0.01167954991972441	1.0	0.010142388332603494	1.0	0.01003265134057009	1.0	0.19900804996708035	0.01030006495885314	0.3203772410170407	0.01033595217941383
sh	0.16352330136718948	0.0610561592627727	0.06085139156629816	0.01167954991972441	0.06080657252237844	0.059953468022226876	0.01167954991972441	0.05823986211142951	0.05890573747798999	0.05822826530587237	0.01167954991972441	0.01199281619877534	0.05318091859181571	0.05987977107095856	0.0614177637250988	0.01167954991972441	0.01167954991972441	0.0563310771224452	0.01167954991972441	0.01167954991972441	0.01167954991972441	0.06118831991838422	0.06082560554946981	0.07155532730717847	0.060698032167605956	0.01167954991972441	1.0	0.04197969011341565	0.061264899454632225	0.01167954991972441	0.05930237633284364	0.015091394294233847	0.4142135623730951	0.05942374788703341	0.011683178746362878	0.0588136806411533
si	1.0	0.038964458251780305	0.04062568923127787	1.0	0.03918173050027656	0.03956292681253966	1.0	0.04124549659236376	0.04060241291494565	0.04113616161535854	1.0	1.0	0.04222510699985883	0.03984535841731528	0.03884193555718095	1.0	1.0	0.043478260869565216	1.0	1.0	1.0	0.038882646210846805	0.03945590904002302	0.043426798520473736	0.03922353493794955	1.0	0.04197969011341565	1.0	0.03894395618175351	1.0	0.04029210143602082	1.0	1.0	0.040337618596001136	0.585786437626905	0.041583052589427974
simple	0.12729683913915313	0.11689201703797893	0.10084690121417997	0.010399008064821929	0.10342494136815775	0.0863203235343103	0.010142388332603494	0.06179876416984623	0.06695097921780735	0.06276373495729652	0.010226338833764914	0.010668443292524633	0.040837114648548875	0.085254032267393	0.13073680244468125	0.010142388332603494	0.010142388332603494	0.05179521580769345	0.010399008064821929	0.010399008064821929	0.010399008064821929	0.12391573984268048	0.09913200171910636	0.06330124710758421	0.10356638095380627	0.010142388332603494	0.061264899454632225	0.03894395618175351	1.0	0.010226338833764914	0.07250825241442048	0.0130346184701989	0.20991366558572697	0.0714624050851684	0.010402357575442254	0.0648529366710378
sr	1.0	0.010425243623118469	0.01059716333438203	1.0	0.010401660587660322	0.010431929307987252	1.0	0.010877363574077639	0.010735970815137455	0.010844336339455588	1.0	1.0	0.012441735491606168	0.010443036917837255	0.01020605016991914	1.0	1.0	0.01159123104715117	1.0	1.0	1.0	0.010400523542767943	0.01033427897459915	0.011407865989250561	0.010310939397332528	1.0	0.01167954991972441	1.0	0.010226338833764914	1.0	0.010614848826962718	1.0	0.585786437626905	0.010636878419740477	0.3203772410170407	0.0108186428526498
sv	0.13231996486433337	0.07355351350498374	0.06794826661398935	0.010791014034150549	0.07050471384723613	0.060289037687067656	0.009802177339944198	0.047115398494671334	0.05366154813248635	0.04763563191153633	0.010614848826962718	0.01107110157813521	0.03933748987425038	0.05923122031339763	0.07347993190388895	0.010116314789037243	0.009046378821142294	0.05045855001942859	0.01079101403415055	0.01079101403415055	0.01079101403415055	0.07361500514391245	0.06642397139651794	0.05942842478736308	0.06865230700707198	0.01003265134057009	0.05930237633284364	0.04029210143602082	0.07250825241442048	0.010614848826962718	1.0	0.013533570891673124	0.27429188517743175	0.058707815083807936	0.010794543396802128	0.06458723012261662
te	1.0	0.01334696792647238	0.013600657436370968	1.0	0.013284752496015689	0.013285544607526468	1.0	0.013850559210599654	0.01367350566695359	0.013814328379173587	1.0	1.0	0.015882506512103902	0.013309374335105088	0.013003318229333715	1.0	1.0	0.014854996253435759	1.0	1.0	1.0	0.013315351919889135	0.013176787484552005	0.014625054904356597	0.013135254275032269	1.0	0.015091394294233847	1.0	0.0130346184701989	1.0	0.013533570891673124	1.0	0.585786437626905	0.013540276648408033	0.34833147735478825	0.015206201362493791
tr	1.0	0.11686429123411514	-1.0	1.0	0.20658711810431302	0.16685875326498437	1.0	0.15896491203384563	0.16232969891886792	0.16304635530904296	0.585786437626905	1.0	1.0	0.25824569976124334	0.1699060036895323	0.30216947925196225	0.38742588672279304	0.44948974278317805	1.0	0.3797958971132712	1.0	0.06405410737736336	0.1956579219005593	0.18324402332786965	0.39564392373896007	0.19900804996708035	0.4142135623730951	1.0	0.20991366558572697	0.585786437626905	0.27429188517743175	0.585786437626905	1.0	0.23006275550355904	1.0	0.2402530733520421
vi	0.1327673435381234	0.07195077319857926	0.06733136550296542	0.010815444037923934	0.06911402866893022	0.06356363060189398	0.01030006495885314	0.053816310556022894	0.056554489018416775	0.054557020558277707	0.010636878419740477	0.011091281964337068	0.042178381710280106	0.06294558450739285	0.07278013310518944	0.01030006495885314	0.01030006495885314	0.050439216822388236	0.010815444037923934	0.010815444037923934	0.010815444037923934	0.07207736337738578	0.0666223675809076	0.05916367658992345	0.06850378308372095	0.01030006495885314	0.05942374788703341	0.040337618596001136	0.0714624050851684	0.010636878419740477	0.058707815083807936	0.013540276648408033	0.23006275550355904	1.0	0.010818781039670204	0.0643349882612984
war	1.0	0.010428618646898577	0.010785234046644311	0.3203772410170407	0.010492235132562639	0.010611961298070962	0.3203772410170407	0.01106120048039643	0.010918509084924569	0.011028493231964753	0.3203772410170407	0.3203772410170407	0.012653980883083452	0.010622041279316763	0.01038099880962819	0.3203772410170407	0.3203772410170407	0.011595075667302574	0.3203772410170407	0.3203772410170407	0.3203772410170407	0.010403874523612367	0.01051272305799395	0.01160759893301044	0.010488540621722626	0.3203772410170407	0.011683178746362878	0.585786437626905	0.010402357575442254	0.3203772410170407	0.010794543396802128	0.34833147735478825	1.0	0.010818781039670204	1.0	0.011017115430135126
zh	0.28436465220442186	0.0652831273257502	0.07459687870465175	0.01101335543179895	0.06345936542330448	0.07021736462592051	0.01033595217941383	0.058455859837386756	0.06194260345768183	0.058876336543494834	0.0108186428526498	0.011305458929815845	0.04510138943476554	0.06947363191905594	0.06549304771022797	0.010162474385943726	0.010256092327523015	0.050345319216042926	0.01101335543179895	0.01101335543179895	0.01101335543179895	0.06558991591404553	0.07497881783465123	0.05899194080427382	0.06304424826136304	0.01033595217941383	0.0588136806411533	0.041583052589427974	0.0648529366710378	0.0108186428526498	0.06458723012261662	0.015206201362493791	0.2402530733520421	0.0643349882612984	0.011017115430135126	1.0
