arz	bs	ceb	ckb	da	de	el	en	es	fr	he	hi	hu	id	it	ja	ko	lv	mk	ml	mr	nl	pl	pt	ro	ru	sh	si	simple	sr	sv	te	vi	war	zh
arz	1.0	1.0	0.0	1.0	1.0	1.0	1.0	1.0	1.0	1.0	1.0	1.0	1.0	1.0	1.0	1.0	1.0	1.0	0.0	1.0	0.0	1.0	1.0	1.0	1.0	1.0	0.585786437626905	0.0	1.0	1.0	1.0	0.0	1.0	1.0	1.0
bs	1.0	1.0	1.0	1.0	0.585786437626905	0.5	1.0	0.3726822671238253	0.585786437626905	0.5	0.585786437626905	1.0	1.0	0.44948974278317805	0.5	0.585786437626905	0.585786437626905	1.0	1.0	1.0	1.0	0.585786437626905	0.585786437626905	0.34833147735478825	0.5	1.0	0.12204428147722324	0.0	0.585786437626905	0.3660254037844386	0.585786437626905	1.0	1.0	1.0	0.585786437626905
ceb	0.0	1.0	1.0	1.0	1.0	1.0	1.0	1.0	1.0	1.0	1.0	1.0	1.0	1.0	1.0	1.0	1.0	1.0	0.0	1.0	0.0	1.0	1.0	1.0	1.0	0.0	1.0	0.0	1.0	1.0	1.0	1.0	1.0	0.0	1.0
ckb	1.0	1.0	1.0	1.0	1.0	0.585786437626905	1.0	0.3483314773547883	0.585786437626905	0.39564392373896	1.0	1.0	0.5	0.585786437626905	0.39564392373896007	1.0	1.0	1.0	1.0	1.0	1.0	1.0	0.36602540378443865	0.39564392373896007	1.0	1.0	0.19612533584707845	1.0	0.585786437626905	0.5	1.0	1.0	1.0	1.0	1.0
da	1.0	0.585786437626905	1.0	1.0	1.0	0.2553967929896867	0.5	0.055823597045057294	0.29893508442482547	0.2139387691339814	0.38742588672279304	0.5	0.4142135623730951	0.20799159651347807	0.1367733581867939	0.3660254037844386	0.4142135623730951	0.4142135623730951	0.585786437626905	0.585786437626905	1.0	0.3333333333333333	0.2	0.0442848359847772	0.3660254037844386	0.3660254037844386	0.05139682931253393	1.0	0.252650308587072	0.1896812679802183	0.29893508442482547	1.0	0.5	1.0	0.44948974278317805
de	1.0	0.5	1.0	0.585786437626905	0.2553967929896867	1.0	0.3266316347104093	0.015515808416475157	0.07702980841595516	0.04484572134462823	0.16760090740494846	0.3266316347104093	0.1987625491245426	0.14701612362485222	0.022873408058604463	0.15331120368114	0.20799159651347807	0.35388936786452296	1.0	0.39564392373896007	0.585786437626905	0.0745503786928892	0.07936817248932837	0.018929403777136544	0.23800671553691075	0.15493412373279505	0.033694958578064614	1.0	0.1850918323024189	0.05993944025769385	0.0892994513162675	0.585786437626905	0.19367338768973053	1.0	0.18464218557642828
el	1.0	1.0	1.0	1.0	0.5	0.3266316347104093	1.0	0.21209649407822986	0.38742588672279304	0.2158344610587697	1.0	1.0	0.585786437626905	0.36602540378443865	0.3090169943749474	1.0	1.0	0.585786437626905	1.0	1.0	1.0	0.3090169943749474	0.26427884169111276	0.08056257029410699	0.585786437626905	1.0	0.07662896161659954	1.0	0.36602540378443865	0.20413505196644968	0.3430703308172536	1.0	1.0	1.0	1.0
en	1.0	0.3726822671238253	1.0	0.3483314773547883	0.055823597045057294	0.015515808416475157	0.21209649407822986	1.0	0.013538064139070731	0.01745364486178305	0.0279764853581955	0.13507810593582123	0.18366247683268716	0.05092047694266808	0.027266489799823566	0.02489648535885993	0.04630702482353295	0.2766967754673749	0.3090169943749474	0.23800671553691075	1.0	0.02011128833690697	0.017667771053092314	0.03864497692709409	0.11299231726274293	0.018915718370767422	0.03435158910214885	1.0	0.08412866159919989	0.028275407444849743	0.019810994912757063	0.585786437626905	0.07349582310227203	1.0	0.028009799430048152
es	1.0	0.585786437626905	1.0	0.585786437626905	0.29893508442482547	0.07702980841595516	0.38742588672279304	0.013538064139070731	1.0	0.03227453139996193	0.21290885543182675	0.5	0.27429188517743175	0.13764658936132898	0.02238173707334042	0.16502618927924417	0.2240092377397959	0.44948974278317805	0.44948974278317805	0.585786437626905	1.0	0.07443423434007009	0.07889565783054377	0.01665093229999249	0.3203772410170407	0.12646137496925483	0.03455402445305016	1.0	0.17176743283130236	0.0627659440159989	0.08150856439781179	0.585786437626905	0.2402530733520421	1.0	0.1907435698305462
fr	1.0	0.5	1.0	0.39564392373896	0.2139387691339814	0.04484572134462823	0.2158344610587697	0.01745364486178305	0.03227453139996193	1.0	0.08504328885119831	0.3090169943749474	0.20033423892719113	0.09762628242738483	0.024004252903414843	0.09150541934930631	0.1683604963286918	0.3660254037844386	0.4364916731037085	0.3164309725825328	1.0	0.05449486459185297	0.0602651425071433	0.018269906002189938	0.16449072740645634	0.05569223370964457	0.03391911601223805	1.0	0.1571856809867317	0.061481308407754565	0.06808363034104355	0.4364916731037085	0.2025519956555797	1.0	0.125
he	1.0	0.585786437626905	1.0	1.0	0.38742588672279304	0.16760090740494846	1.0	0.0279764853581955	0.21290885543182675	0.08504328885119831	1.0	1.0	0.25728427444747215	0.20386840968093525	0.08365085000086825	1.0	1.0	0.44948974278317805	1.0	1.0	1.0	0.14285714285714285	0.18368518446174903	0.026258491599478333	0.5	0.5	0.0375281876002502	1.0	0.2240092377397959	0.08448481604178101	0.1876127897984334	1.0	1.0	1.0	1.0
hi	1.0	1.0	1.0	1.0	0.5	0.3266316347104093	1.0	0.13507810593582123	0.5	0.3090169943749474	1.0	1.0	0.5	0.5	0.32449979983983984	1.0	1.0	1.0	1.0	1.0	1.0	0.5	0.44948974278317805	0.07087914966726121	1.0	1.0	0.091493373666446	1.0	0.44948974278317805	0.36602540378443865	0.585786437626905	1.0	1.0	1.0	1.0
hu	1.0	1.0	1.0	0.5	0.4142135623730951	0.1987625491245426	0.585786437626905	0.18366247683268716	0.27429188517743175	0.20033423892719113	0.25728427444747215	0.5	1.0	0.2582172259847275	0.21290885543182675	0.3164309725825328	0.3333333333333333	0.585786437626905	0.585786437626905	1.0	1.0	0.2517564787261065	0.2402530733520421	0.09332982149161514	0.3430703308172536	0.25921926045307553	0.07204485069207887	1.0	0.32037724101704074	0.20342651452257512	0.24179033438163733	1.0	0.36602540378443865	1.0	0.2791745113185196
id	1.0	0.44948974278317805	1.0	0.585786437626905	0.20799159651347807	0.14701612362485222	0.36602540378443865	0.05092047694266808	0.13764658936132898	0.09762628242738483	0.20386840968093525	0.5	0.2582172259847275	1.0	0.07123313999542441	0.19404996501286384	0.2612038749637414	0.30383243470068705	0.4364916731037085	0.44948974278317805	1.0	0.1534888624110402	0.16139047779640892	0.02857060035579691	0.2474401533514073	0.19292728076790167	0.04146327283116141	1.0	0.21878418844863196	0.10651893030354623	0.13864068688307518	0.585786437626905	0.34833147735478825	1.0	0.20386840968093525
it	1.0	0.5	1.0	0.39564392373896007	0.1367733581867939	0.022873408058604463	0.3090169943749474	0.027266489799823566	0.02238173707334042	0.024004252903414843	0.08365085000086825	0.32449979983983984	0.21290885543182675	0.07123313999542441	1.0	0.06840020851965439	0.09590160816480683	0.3164309725825328	0.4364916731037085	0.4142135623730951	1.0	0.04073552954704874	0.029889162966501782	0.030932095030214192	0.21712927295533244	0.033087524831367995	0.035212419066173686	1.0	0.17075722928905485	0.05289790876835755	0.048539795737587405	0.585786437626905	0.16330595576157622	0.585786437626905	0.07538306093520045
ja	1.0	0.585786437626905	1.0	1.0	0.3660254037844386	0.15331120368114	1.0	0.02489648535885993	0.16502618927924417	0.09150541934930631	1.0	1.0	0.3164309725825328	0.19404996501286384	0.06840020851965439	1.0	1.0	0.5	1.0	1.0	1.0	0.1463924816619788	0.1731621355286848	0.023804587261686067	0.38742588672279304	1.0	0.037310465129569516	1.0	0.26427884169111276	0.06732589638184387	0.16330595576157622	1.0	0.585786437626905	1.0	1.0
ko	1.0	0.585786437626905	1.0	1.0	0.4142135623730951	0.20799159651347807	1.0	0.04630702482353295	0.2240092377397959	0.1683604963286918	1.0	1.0	0.3333333333333333	0.2612038749637414	0.09590160816480683	1.0	1.0	0.5	1.0	1.0	1.0	0.20658711810431302	0.18740992571549211	0.028974541300546226	0.5	1.0	0.04199127833127944	1.0	0.24257131419419417	0.0754629813322161	0.1765633506768389	1.0	1.0	1.0	1.0
lv	1.0	1.0	1.0	1.0	0.4142135623730951	0.35388936786452296	0.585786437626905	0.2766967754673749	0.44948974278317805	0.3660254037844386	0.44948974278317805	1.0	0.585786437626905	0.30383243470068705	0.3164309725825328	0.5	0.5	1.0	1.0	0.5	1.0	0.4142135623730951	0.3333333333333333	0.13762826468007316	0.44948974278317805	0.44948974278317805	0.08434791584935132	1.0	0.3244997998398398	0.2489655093579841	0.4142135623730951	1.0	0.585786437626905	1.0	0.5
mk	0.0	1.0	0.0	1.0	0.585786437626905	1.0	1.0	0.3090169943749474	0.44948974278317805	0.4364916731037085	1.0	1.0	0.585786437626905	0.4364916731037085	0.4364916731037085	1.0	1.0	1.0	1.0	1.0	1.0	1.0	0.585786437626905	0.3090169943749474	1.0	1.0	0.26533119314590375	1.0	1.0	0.44948974278317805	1.0	1.0	1.0	1.0	1.0
ml	1.0	1.0	1.0	1.0	0.585786437626905	0.39564392373896007	1.0	0.23800671553691075	0.585786437626905	0.3164309725825328	1.0	1.0	1.0	0.44948974278317805	0.4142135623730951	1.0	1.0	0.5	1.0	1.0	1.0	1.0	0.4142135623730951	0.1490948810446894	0.5	1.0	0.0956788443679836	1.0	0.353889367864523	0.32449979983983984	0.585786437626905	1.0	1.0	1.0	1.0
mr	0.0	1.0	0.0	1.0	1.0	0.585786437626905	1.0	1.0	1.0	1.0	1.0	1.0	1.0	1.0	1.0	1.0	1.0	1.0	1.0	1.0	1.0	0.585786437626905	1.0	0.5	1.0	1.0	0.23006275550355904	1.0	1.0	0.585786437626905	1.0	1.0	1.0	1.0	1.0
nl	1.0	0.585786437626905	1.0	1.0	0.3333333333333333	0.0745503786928892	0.3090169943749474	0.02011128833690697	0.07443423434007009	0.05449486459185297	0.14285714285714285	0.5	0.2517564787261065	0.1534888624110402	0.04073552954704874	0.1463924816619788	0.20658711810431302	0.4142135623730951	1.0	1.0	0.585786437626905	1.0	0.09133420538126126	0.02129484193015082	0.1987625491245426	0.13143927813749226	0.0356617312029661	1.0	0.23371479611805132	0.06849086581197693	0.07498700850611295	0.585786437626905	0.2632403810669918	1.0	0.17192062304130262
pl	1.0	0.585786437626905	1.0	0.36602540378443865	0.2	0.07936817248932837	0.26427884169111276	0.017667771053092314	0.07889565783054377	0.0602651425071433	0.18368518446174903	0.44948974278317805	0.2402530733520421	0.16139047779640892	0.029889162966501782	0.1731621355286848	0.18740992571549211	0.3333333333333333	0.585786437626905	0.4142135623730951	1.0	0.09133420538126126	1.0	0.0214987900075514	0.20799159651347807	0.13667467040980727	0.03569366314841908	1.0	0.1886378647726465	0.06727810710257787	0.09244167523899995	0.585786437626905	0.25921926045307553	1.0	0.16611405616547328
pt	1.0	0.34833147735478825	1.0	0.39564392373896007	0.0442848359847772	0.018929403777136544	0.08056257029410699	0.03864497692709409	0.01665093229999249	0.018269906002189938	0.026258491599478333	0.07087914966726121	0.09332982149161514	0.02857060035579691	0.030932095030214192	0.023804587261686067	0.028974541300546226	0.13762826468007316	0.3090169943749474	0.1490948810446894	0.5	0.02129484193015082	0.0214987900075514	1.0	0.05848133086398238	0.0212786931490821	0.12609759975948615	1.0	0.050734646044553425	0.025932340030572786	0.02135845956489335	0.23006275550355904	0.038018243031302294	1.0	0.024848020890031373
ro	1.0	0.5	1.0	1.0	0.3660254037844386	0.23800671553691075	0.585786437626905	0.11299231726274293	0.3203772410170407	0.16449072740645634	0.5	1.0	0.3430703308172536	0.2474401533514073	0.21712927295533244	0.38742588672279304	0.5	0.44948974278317805	1.0	0.5	1.0	0.1987625491245426	0.20799159651347807	0.05848133086398238	1.0	0.4142135623730951	0.05993627404635968	1.0	0.28708594921778513	0.1784329590736899	0.34833147735478825	1.0	0.5	1.0	0.4142135623730951
ru	1.0	1.0	0.0	1.0	0.3660254037844386	0.15493412373279505	1.0	0.018915718370767422	0.12646137496925483	0.05569223370964457	0.5	1.0	0.25921926045307553	0.19292728076790167	0.033087524831367995	1.0	1.0	0.44948974278317805	1.0	1.0	1.0	0.13143927813749226	0.13667467040980727	0.0212786931490821	0.4142135623730951	1.0	0.036326270778747234	1.0	0.26427884169111276	0.07297487772977397	0.1274942921283477	1.0	0.585786437626905	1.0	0.585786437626905
sh	0.585786437626905	0.12204428147722324	1.0	0.19612533584707845	0.05139682931253393	0.033694958578064614	0.07662896161659954	0.03435158910214885	0.03455402445305016	0.03391911601223805	0.0375281876002502	0.091493373666446	0.07204485069207887	0.04146327283116141	0.035212419066173686	0.037310465129569516	0.04199127833127944	0.08434791584935132	0.26533119314590375	0.0956788443679836	0.23006275550355904	0.0356617312029661	0.03569366314841908	0.12609759975948615	0.05993627404635968	0.036326270778747234	1.0	1.0	0.059487985180950484	0.035279977372384475	0.03667587442738358	0.16265941452915686	0.052973151567964484	1.0	0.03964647550589612
si	0.0	0.0	0.0	1.0	1.0	1.0	1.0	1.0	1.0	1.0	1.0	1.0	1.0	1.0	1.0	1.0	1.0	1.0	1.0	1.0	1.0	1.0	1.0	1.0	1.0	1.0	1.0	1.0	1.0	1.0	1.0	1.0	1.0	1.0	1.0
simple	1.0	0.585786437626905	1.0	0.585786437626905	0.252650308587072	0.1850918323024189	0.36602540378443865	0.08412866159919989	0.17176743283130236	0.1571856809867317	0.2240092377397959	0.44948974278317805	0.32037724101704074	0.21878418844863196	0.17075722928905485	0.26427884169111276	0.24257131419419417	0.3244997998398398	1.0	0.353889367864523	1.0	0.23371479611805132	0.1886378647726465	0.050734646044553425	0.28708594921778513	0.26427884169111276	0.059487985180950484	1.0	1.0	0.1482675827043134	0.2222222222222222	1.0	0.2857142857142857	0.585786437626905	0.26427884169111276
sr	1.0	0.3660254037844386	1.0	0.5	0.1896812679802183	0.05993944025769385	0.20413505196644968	0.028275407444849743	0.0627659440159989	0.061481308407754565	0.08448481604178101	0.36602540378443865	0.20342651452257512	0.10651893030354623	0.05289790876835755	0.06732589638184387	0.0754629813322161	0.2489655093579841	0.44948974278317805	0.32449979983983984	0.585786437626905	0.06849086581197693	0.06727810710257787	0.025932340030572786	0.1784329590736899	0.07297487772977397	0.035279977372384475	1.0	0.1482675827043134	1.0	0.07300657889439	0.5	0.10433109233196564	1.0	0.07400931537316684
sv	1.0	0.585786437626905	1.0	1.0	0.29893508442482547	0.0892994513162675	0.3430703308172536	0.019810994912757063	0.08150856439781179	0.06808363034104355	0.1876127897984334	0.585786437626905	0.24179033438163733	0.13864068688307518	0.048539795737587405	0.16330595576157622	0.1765633506768389	0.4142135623730951	1.0	0.585786437626905	1.0	0.07498700850611295	0.09244167523899995	0.02135845956489335	0.34833147735478825	0.1274942921283477	0.03667587442738358	1.0	0.2222222222222222	0.07300657889439	1.0	1.0	0.2989350844248255	1.0	0.1876127897984334
te	0.0	1.0	1.0	1.0	1.0	0.585786437626905	1.0	0.585786437626905	0.585786437626905	0.4364916731037085	1.0	1.0	1.0	0.585786437626905	0.585786437626905	1.0	1.0	1.0	1.0	1.0	1.0	0.585786437626905	0.585786437626905	0.23006275550355904	1.0	1.0	0.16265941452915686	1.0	1.0	0.5	1.0	1.0	1.0	1.0	1.0
vi	1.0	1.0	1.0	1.0	0.5	0.19367338768973053	1.0	0.07349582310227203	0.2402530733520421	0.2025519956555797	1.0	1.0	0.36602540378443865	0.34833147735478825	0.16330595576157622	0.585786437626905	1.0	0.585786437626905	1.0	1.0	1.0	0.2632403810669918	0.25921926045307553	0.038018243031302294	0.5	0.585786437626905	0.052973151567964484	1.0	0.2857142857142857	0.10433109233196564	0.2989350844248255	1.0	1.0	1.0	0.585786437626905
war	1.0	1.0	0.0	1.0	1.0	1.0	1.0	1.0	1.0	1.0	1.0	1.0	1.0	1.0	0.585786437626905	1.0	1.0	1.0	1.0	1.0	1.0	1.0	1.0	1.0	1.0	1.0	1.0	1.0	0.585786437626905	1.0	1.0	1.0	1.0	1.0	1.0
zh	1.0	0.585786437626905	1.0	1.0	0.44948974278317805	0.18464218557642828	1.0	0.028009799430048152	0.1907435698305462	0.125	1.0	1.0	0.2791745113185196	0.20386840968093525	0.07538306093520045	1.0	1.0	0.5	1.0	1.0	1.0	0.17192062304130262	0.16611405616547328	0.024848020890031373	0.4142135623730951	0.585786437626905	0.03964647550589612	1.0	0.26427884169111276	0.07400931537316684	0.1876127897984334	1.0	0.585786437626905	1.0	1.0
