arz	bs	ceb	ckb	da	de	el	en	es	fr	he	hi	hu	id	it	ja	ko	lv	mk	ml	mr	nl	pl	pt	ro	ru	sh	si	simple	sr	sv	te	tr	vi	war	zh
arz	1.0	1.0	0.8671464621510042	1.0	1.0	1.0	1.0	1.0	1.0	1.0	1.0	1.0	1.0	1.0	1.0	1.0	1.0	1.0	0.0	1.0	1.0	1.0	1.0	1.0	1.0	1.0	1.0	0.0	1.0	1.0	1.0	1.0	1.0	1.0	1.0	1.0
bs	1.0	1.0	0.7625102077095494	1.0	0.7690990303325336	0.6204120806044475	1.0	0.6284808690024445	0.7076745790734043	0.6300331949870974	0.7584325078215763	1.0	0.7690990303325336	0.7584325078215763	0.6204120806044475	0.7690990303325336	1.0	1.0	1.0	1.0	1.0	0.7510341748895938	0.6300331949870974	0.5764401854939826	0.7584325078215763	0.6204120806044475	0.4599542889253123	0.0	1.0	0.6300331949870974	0.7106922308883379	1.0	0.3674936002491804	0.7265334708466399	1.0	0.6467936504043927
ceb	0.8671464621510042	0.7625102077095494	1.0	0.7989844545304559	0.7382484252963432	0.7087684568224614	0.7940142041863094	0.6246135303279217	0.6467690664757269	0.6341012644924663	0.7978957106127824	0.8008872025709196	0.4413090346946182	0.7105053429297519	0.7749940785274239	0.7940142041863094	0.7940142041863094	0.559060119360655	0.7989844545304559	0.7989844545304559	0.7989844545304559	0.7687467786228245	0.7358883059107068	0.32895036819647944	0.7393293639379934	0.7940142041863094	0.33009441229261255	0.8433549413714039	0.7679313611007974	0.7978957106127824	0.6631297857585093	0.8099613435850973	-1.0	0.6590077506309279	0.4281658888271891	0.25306981472982887
ckb	1.0	1.0	0.7989844545304559	1.0	1.0	1.0	1.0	0.7584325078215763	1.0	1.0	1.0	1.0	1.0	1.0	1.0	1.0	1.0	1.0	1.0	1.0	1.0	1.0	1.0	1.0	1.0	1.0	1.0	0.0	1.0	1.0	1.0	1.0	1.0	1.0	1.0	1.0
da	1.0	0.7690990303325336	0.7382484252963432	1.0	1.0	0.728099120889861	1.0	0.3698763489251499	0.5634007157135457	0.661251134120194	1.0	1.0	0.7411828468492556	1.0	0.5164164886060751	1.0	1.0	1.0	1.0	1.0	1.0	0.6483618101972173	0.6956152339080293	0.593218316419338	1.0	1.0	0.3817893319553743	1.0	1.0	0.622751479746999	1.0	1.0	0.29243598362448736	1.0	1.0	1.0
de	1.0	0.6204120806044475	0.7087684568224614	1.0	0.728099120889861	1.0	1.0	0.16074758492376096	0.22816482618872147	0.2596475003714501	1.0	1.0	0.728099120889861	0.6455519993951537	0.28179512327420864	0.5390551157371464	0.7210092110599265	1.0	1.0	1.0	1.0	0.2859516243966242	0.26961469405349553	0.21627385111056946	1.0	0.5064619640000735	0.3991959286082165	1.0	0.6638546162332061	0.4156263559497552	0.39545434214067837	1.0	0.27157277318516726	1.0	1.0	0.6423162003593036
el	1.0	1.0	0.7940142041863094	1.0	1.0	1.0	1.0	0.40537003198728544	1.0	1.0	1.0	1.0	0.7584325078215763	1.0	0.7455134344225701	1.0	1.0	1.0	1.0	1.0	1.0	1.0	1.0	0.6994017365373273	1.0	1.0	0.4919044210301193	1.0	1.0	1.0	1.0	1.0	0.7510341748895938	1.0	1.0	1.0
en	1.0	0.6284808690024445	0.6246135303279217	0.7584325078215763	0.3698763489251499	0.16074758492376096	0.40537003198728544	1.0	0.13423159638056875	0.1654121761666892	0.3662571143640321	0.41360553468474	0.5757871508751924	0.37737719299676026	0.1754391163326431	0.30937469771165427	0.3755105706457177	1.0	0.44930756545688116	1.0	1.0	0.3098315557818161	0.15153655760766255	0.15326915570595867	0.4934834124530365	0.26446273625855893	0.37806250029273925	1.0	0.5103174515420164	0.3622148690312211	0.30293926222278295	1.0	0.25503502520486704	0.4799097118890811	1.0	0.3337427044853689
es	1.0	0.7076745790734043	0.6467690664757269	1.0	0.5634007157135457	0.22816482618872147	1.0	0.13423159638056875	1.0	0.23423872595854509	0.47822737422731565	1.0	0.6040795572579937	0.728099120889861	0.22945923258024098	0.3094063935700845	0.7210092110599264	1.0	1.0	1.0	1.0	0.4256044242450973	0.28091094875320605	0.23284108074625579	0.33312763698300546	0.4544136525143152	0.38210820557811054	1.0	0.6031722582632506	0.3964774501328412	0.3836632655551208	1.0	0.37489861563551097	0.5259786926719917	1.0	0.5666293715118239
fr	1.0	0.6300331949870974	0.6341012644924663	1.0	0.661251134120194	0.2596475003714501	1.0	0.1654121761666892	0.23423872595854509	1.0	1.0	1.0	0.728099120889861	1.0	0.34665749472045526	0.5977755651747494	1.0	1.0	1.0	1.0	1.0	0.37354683375446335	0.3053486150917623	0.21954934661452488	0.7221793916855703	0.44648008287681584	0.32500147712573024	1.0	0.6483618101972173	0.41864731866045374	0.37035560282325625	1.0	0.31434269353883143	1.0	1.0	1.0
he	1.0	0.7584325078215763	0.7978957106127824	1.0	1.0	1.0	1.0	0.3662571143640321	0.47822737422731565	1.0	1.0	1.0	0.7411828468492556	1.0	0.5883146765915751	1.0	1.0	1.0	1.0	1.0	1.0	0.7234532828151787	1.0	0.651610424238932	1.0	1.0	0.3927059414565065	1.0	1.0	0.5036250286155077	0.6290808149140177	1.0	0.7455134344225701	1.0	1.0	1.0
hi	1.0	1.0	0.8008872025709196	1.0	1.0	1.0	1.0	0.41360553468474	1.0	1.0	1.0	1.0	0.7584325078215763	1.0	0.7455134344225701	1.0	1.0	1.0	1.0	1.0	1.0	1.0	1.0	0.6908587525207898	1.0	1.0	0.4919044210301193	1.0	1.0	0.7510341748895939	1.0	1.0	0.7455134344225701	1.0	1.0	1.0
hu	1.0	0.7690990303325336	0.4413090346946182	1.0	0.7411828468492556	0.728099120889861	0.7584325078215763	0.5757871508751924	0.6040795572579937	0.728099120889861	0.7411828468492556	0.7584325078215763	1.0	0.7584325078215763	0.5582423103518331	0.7411828468492555	0.7455134344225701	0.7584325078215763	1.0	1.0	0.7863954451402115	0.7322034805959263	0.7300208629885034	0.6468909830471344	0.7411828468492556	0.7347168825662656	0.39375884958772617	1.0	0.7376607345031153	0.6604928506158132	0.7411828468492555	1.0	0.7510341748895938	0.7455134344225701	1.0	0.7347168825662656
id	1.0	0.7584325078215763	0.7105053429297519	1.0	1.0	0.6455519993951537	1.0	0.37737719299676026	0.728099120889861	1.0	1.0	1.0	0.7584325078215763	1.0	0.7322034805959263	1.0	1.0	1.0	1.0	1.0	1.0	1.0	1.0	0.5904506347892131	1.0	1.0	0.4590452819393535	1.0	1.0	1.0	0.7376607345031152	1.0	0.30929727290346376	1.0	1.0	1.0
it	1.0	0.6204120806044475	0.7749940785274239	1.0	0.5164164886060751	0.28179512327420864	0.7455134344225701	0.1754391163326431	0.22945923258024098	0.34665749472045526	0.5883146765915751	0.7455134344225701	0.5582423103518331	0.7322034805959263	1.0	0.45498553985098894	0.7234532828151787	0.7584325078215763	1.0	1.0	1.0	0.37013565843371743	0.32199128240288516	0.21599213933092287	0.5969819612641136	0.4297326796188453	0.3674305400096026	1.0	0.6455519993951538	0.4591213535605053	0.45073542800917193	1.0	0.35412792483345307	0.5689913289739429	1.0	0.5294714748046218
ja	1.0	0.7690990303325336	0.7940142041863094	1.0	1.0	0.5390551157371464	1.0	0.30937469771165427	0.3094063935700845	0.5977755651747494	1.0	1.0	0.7411828468492555	1.0	0.45498553985098894	1.0	1.0	1.0	1.0	1.0	1.0	0.6532002319725722	0.4680731450417209	0.44677189180468174	1.0	1.0	0.4365853684406544	1.0	0.7322034805959264	0.5334778717172988	0.5028059987699195	1.0	0.49145026454939744	1.0	1.0	1.0
ko	1.0	1.0	0.7940142041863094	1.0	1.0	0.7210092110599265	1.0	0.3755105706457177	0.7210092110599264	1.0	1.0	1.0	0.7455134344225701	1.0	0.7234532828151787	1.0	1.0	1.0	1.0	1.0	1.0	0.6638546162332063	0.7248485669756151	0.6532002319725719	1.0	1.0	0.6017345689866558	1.0	1.0	0.6053628637450273	0.6612511341201941	1.0	0.6740515375688696	1.0	1.0	1.0
lv	1.0	1.0	0.559060119360655	1.0	1.0	1.0	1.0	1.0	1.0	1.0	1.0	1.0	0.7584325078215763	1.0	0.7584325078215763	1.0	1.0	1.0	1.0	1.0	1.0	1.0	1.0	0.7584325078215765	1.0	1.0	0.4919044210301193	1.0	1.0	1.0	1.0	1.0	0.6018766121253806	1.0	1.0	1.0
mk	0.0	1.0	0.7989844545304559	1.0	1.0	1.0	1.0	0.44930756545688116	1.0	1.0	1.0	1.0	1.0	1.0	1.0	1.0	1.0	1.0	1.0	0.0	1.0	1.0	1.0	1.0	1.0	1.0	0.5390110865470968	0.0	1.0	0.7584325078215763	1.0	0.0	0.6524007805500077	1.0	0.0	1.0
ml	1.0	1.0	0.7989844545304559	1.0	1.0	1.0	1.0	1.0	1.0	1.0	1.0	1.0	1.0	1.0	1.0	1.0	1.0	1.0	0.0	1.0	1.0	1.0	1.0	1.0	1.0	1.0	0.7863954451402115	1.0	1.0	1.0	1.0	1.0	0.5251681281999959	1.0	1.0	1.0
mr	1.0	1.0	0.7989844545304559	1.0	1.0	1.0	1.0	1.0	1.0	1.0	1.0	1.0	0.7863954451402115	1.0	1.0	1.0	1.0	1.0	1.0	1.0	1.0	1.0	1.0	1.0	1.0	1.0	0.9999999999999996	1.0	1.0	1.0	1.0	1.0	1.0	1.0	1.0	1.0
nl	1.0	0.7510341748895938	0.7687467786228245	1.0	0.6483618101972173	0.2859516243966242	1.0	0.3098315557818161	0.4256044242450973	0.37354683375446335	0.7234532828151787	1.0	0.7322034805959263	1.0	0.37013565843371743	0.6532002319725722	0.6638546162332063	1.0	1.0	1.0	1.0	1.0	0.38517606541655974	0.36689962901286444	1.0	0.4174279984867857	0.3416782187868262	1.0	0.7300208629885034	0.4516081075810396	0.3980741619568268	1.0	0.3663787691692955	1.0	1.0	0.6122131884607098
pl	1.0	0.6300331949870974	0.7358883059107068	1.0	0.6956152339080293	0.26961469405349553	1.0	0.15153655760766255	0.28091094875320605	0.3053486150917623	1.0	1.0	0.7300208629885034	1.0	0.32199128240288516	0.4680731450417209	0.7248485669756151	1.0	1.0	1.0	1.0	0.38517606541655974	1.0	0.20146191727803356	0.643387249180139	0.5272977330906963	0.3607062591383972	1.0	0.6049963408257748	0.39206570917912786	0.4100897287264211	1.0	0.36949642983244535	1.0	1.0	0.7122412578101112
pt	1.0	0.5764401854939826	0.32895036819647944	1.0	0.593218316419338	0.21627385111056946	0.6994017365373273	0.15326915570595867	0.23284108074625579	0.21954934661452488	0.651610424238932	0.6908587525207898	0.6468909830471344	0.5904506347892131	0.21599213933092287	0.44677189180468174	0.6532002319725719	0.7584325078215765	1.0	1.0	1.0	0.36689962901286444	0.20146191727803356	1.0	0.5832565361787843	0.41247191772619557	0.4166224933591519	1.0	0.646989156588677	0.3998761085431256	0.3355873123402419	1.0	0.406209075341335	0.5050654932679688	1.0	0.47870386960547695
ro	1.0	0.7584325078215763	0.7393293639379934	1.0	1.0	1.0	1.0	0.4934834124530365	0.33312763698300546	0.7221793916855703	1.0	1.0	0.7411828468492556	1.0	0.5969819612641136	1.0	1.0	1.0	1.0	1.0	1.0	1.0	0.643387249180139	0.5832565361787843	1.0	1.0	0.47329083335091165	1.0	1.0	0.6161562425375515	1.0	1.0	0.7351445109818594	1.0	1.0	1.0
ru	1.0	0.6204120806044475	0.7940142041863094	1.0	1.0	0.5064619640000735	1.0	0.26446273625855893	0.4544136525143152	0.44648008287681584	1.0	1.0	0.7347168825662656	1.0	0.4297326796188453	1.0	1.0	1.0	1.0	1.0	1.0	0.4174279984867857	0.5272977330906963	0.41247191772619557	1.0	1.0	0.3822859562931633	1.0	0.7300208629885034	0.4798566682098505	0.5734694810503501	1.0	0.42839464823597273	1.0	1.0	1.0
sh	1.0	0.4599542889253123	0.33009441229261255	1.0	0.3817893319553743	0.3991959286082165	0.4919044210301193	0.37806250029273925	0.38210820557811054	0.32500147712573024	0.3927059414565065	0.4919044210301193	0.39375884958772617	0.4590452819393535	0.3674305400096026	0.4365853684406544	0.6017345689866558	0.4919044210301193	0.5390110865470968	0.7863954451402115	0.9999999999999996	0.3416782187868262	0.3607062591383972	0.4166224933591519	0.47329083335091165	0.3822859562931633	1.0	1.0	0.40180637497725596	0.3341115227716472	0.4618158412157279	1.0	0.5309246495116855	0.5344655201038402	1.0	0.5197545973105825
si	0.0	0.0	0.8433549413714039	0.0	1.0	1.0	1.0	1.0	1.0	1.0	1.0	1.0	1.0	1.0	1.0	1.0	1.0	1.0	0.0	1.0	1.0	1.0	1.0	1.0	1.0	1.0	1.0	1.0	1.0	1.0	1.0	0.0	1.0	1.0	0.0	1.0
simple	1.0	1.0	0.7679313611007974	1.0	1.0	0.6638546162332061	1.0	0.5103174515420164	0.6031722582632506	0.6483618101972173	1.0	1.0	0.7376607345031153	1.0	0.6455519993951538	0.7322034805959264	1.0	1.0	1.0	1.0	1.0	0.7300208629885034	0.6049963408257748	0.646989156588677	1.0	0.7300208629885034	0.40180637497725596	1.0	1.0	0.6204120806044474	1.0	1.0	0.4808522162585888	1.0	1.0	0.7322034805959263
sr	1.0	0.6300331949870974	0.7978957106127824	1.0	0.622751479746999	0.4156263559497552	1.0	0.3622148690312211	0.3964774501328412	0.41864731866045374	0.5036250286155077	0.7510341748895939	0.6604928506158132	1.0	0.4591213535605053	0.5334778717172988	0.6053628637450273	1.0	0.7584325078215763	1.0	1.0	0.4516081075810396	0.39206570917912786	0.3998761085431256	0.6161562425375515	0.4798566682098505	0.3341115227716472	1.0	0.6204120806044474	1.0	0.40197445636922124	1.0	0.7106824291060084	0.6347114934920836	1.0	0.4733517491301456
sv	1.0	0.7106922308883379	0.6631297857585093	1.0	1.0	0.39545434214067837	1.0	0.30293926222278295	0.3836632655551208	0.37035560282325625	0.6290808149140177	1.0	0.7411828468492555	0.7376607345031152	0.45073542800917193	0.5028059987699195	0.6612511341201941	1.0	1.0	1.0	1.0	0.3980741619568268	0.4100897287264211	0.3355873123402419	1.0	0.5734694810503501	0.4618158412157279	1.0	1.0	0.40197445636922124	1.0	1.0	0.3017928444167188	0.7248485669756152	1.0	0.5831335529310039
te	1.0	1.0	0.8099613435850973	1.0	1.0	1.0	1.0	1.0	1.0	1.0	1.0	1.0	1.0	1.0	1.0	1.0	1.0	1.0	0.0	1.0	1.0	1.0	1.0	1.0	1.0	1.0	1.0	0.0	1.0	1.0	1.0	1.0	0.7510341748895938	1.0	1.0	1.0
tr	1.0	0.3674936002491804	-1.0	1.0	0.29243598362448736	0.27157277318516726	0.7510341748895938	0.25503502520486704	0.37489861563551097	0.31434269353883143	0.7455134344225701	0.7455134344225701	0.7510341748895938	0.30929727290346376	0.35412792483345307	0.49145026454939744	0.6740515375688696	0.6018766121253806	0.6524007805500077	0.5251681281999959	1.0	0.3663787691692955	0.36949642983244535	0.406209075341335	0.7351445109818594	0.42839464823597273	0.5309246495116855	1.0	0.4808522162585888	0.7106824291060084	0.3017928444167188	0.7510341748895938	1.0	0.5426589213196817	1.0	0.5404466814597326
vi	1.0	0.7265334708466399	0.6590077506309279	1.0	1.0	1.0	1.0	0.4799097118890811	0.5259786926719917	1.0	1.0	1.0	0.7455134344225701	1.0	0.5689913289739429	1.0	1.0	1.0	1.0	1.0	1.0	1.0	1.0	0.5050654932679688	1.0	1.0	0.5344655201038402	1.0	1.0	0.6347114934920836	0.7248485669756152	1.0	0.5426589213196817	1.0	1.0	1.0
war	1.0	1.0	0.4281658888271891	1.0	1.0	1.0	1.0	1.0	1.0	1.0	1.0	1.0	1.0	1.0	1.0	1.0	1.0	1.0	0.0	1.0	1.0	1.0	1.0	1.0	1.0	1.0	1.0	0.0	1.0	1.0	1.0	1.0	1.0	1.0	1.0	1.0
zh	1.0	0.6467936504043927	0.25306981472982887	1.0	1.0	0.6423162003593036	1.0	0.3337427044853689	0.5666293715118239	1.0	1.0	1.0	0.7347168825662656	1.0	0.5294714748046218	1.0	1.0	1.0	1.0	1.0	1.0	0.6122131884607098	0.7122412578101112	0.47870386960547695	1.0	1.0	0.5197545973105825	1.0	0.7322034805959263	0.4733517491301456	0.5831335529310039	1.0	0.5404466814597326	1.0	1.0	1.0
