arz	bs	ceb	ckb	da	de	el	en	es	fr	he	hi	hu	id	it	ja	ko	lv	mk	ml	mr	nl	pl	pt	ro	ru	sh	si	simple	sr	sv	te	vi	war	zh
arz	0.05562971926871633	0.25	0.0	0.33344444444444443	0.14285714285714285	0.09090909090909091	0.08334027777777778	0.06250390624999999	0.1	0.08336111111111111	0.125	0.5	0.125	0.125	0.1	0.1111111111111111	0.08334722916666666	0.2	0.2	0.3333333333333333	0.25006249999999997	0.11112345679012345	0.1111111111111111	0.06666666666666667	0.09092561983471074	0.1	0.25	0.3333333333333333	0.1	0.25006249999999997	0.11113580246913579	0.0	0.12503124999999998	0.2	0.08333333333333333
bs	0.25	0.014343089430225225	0.0	0.2	0.017291168380241327	0.01430922251152566	0.016184631754530117	0.014301854510022062	0.015153351698806243	0.016505457937493227	0.017632644920840462	0.3333333333333333	0.016187261461281993	0.01677428897768893	0.014311674350914431	0.016426833788534934	0.015432573008778186	0.023038824989405637	0.06256255866808222	0.25006249999999997	0.14322536947448167	0.014973639129501774	0.01541806312390871	0.01725952944323485	0.016299384340570006	0.014959978561075218	0.11113580246913579	0.14285714285714285	0.03333778000111222	0.018327769439141613	0.015429479188777625	0.0	0.02859512410205307	0.09090909090909091	0.015177038875031497
ceb	0.0	0.0	0.5	0.0	1.0	0.5	0.5	0.5	0.5	0.5	0.5	1.0	0.5	0.5	0.5	0.5	0.5	1.0	1.0	0.0	0.5	0.5	0.5	0.5	0.5	0.5	0.5	0.0	0.5	1.0	0.5	0.0	0.5	0.0	0.5
ckb	0.33344444444444443	0.2	0.0	0.16669444444444442	0.2	0.16666666666666666	0.16666666666666666	0.16666666666666666	0.16666666666666666	0.16666666666666666	0.2	0.5	0.2	0.2	0.16666666666666666	0.2	0.16666666666666666	0.2	0.25	0.25	0.20003999999999997	0.16666666666666666	0.16666666666666666	0.16666666666666666	0.16666666666666666	0.16666666666666666	0.5	0.3333333333333333	0.2	0.20003999999999997	0.16669444444444442	0.0	0.2	0.16666666666666666	0.16666666666666666
da	0.14285714285714285	0.017291168380241327	1.0	0.2	0.0068742723212439245	0.008553661118638178	0.01053774162284701	0.006853774584210688	0.00826507759032853	0.00864640704531657	0.012679573039659154	0.3333333333333333	0.00981835989037145	0.013356133242655248	0.007640353655968595	0.010426114154951066	0.009722045927925587	0.020480497151395532	0.06251171875	0.25006249999999997	0.125078156265625	0.0075890940429836715	0.009532797829846442	0.010209707206789357	0.011952281891508211	0.009624639431868722	0.14285714285714285	0.07692307692307693	0.018518861454046638	0.016990045338112252	0.00855790694932218	0.0	0.016134236472684964	0.0625	0.009015589812522042
de	0.09090909090909091	0.01430922251152566	0.5	0.16666666666666666	0.008553661118638178	0.0022908272597683965	0.0060316921350590455	0.002312021194015408	0.002702878013148283	0.002955921100442988	0.008783873834685126	0.3333333333333333	0.004553071097085814	0.010651553659817582	0.0028049544901809225	0.004172073221627048	0.00508277258791591	0.020042499018071827	0.050004999999999994	0.2	0.11112345679012345	0.0028638774266977903	0.003708497236456279	0.003626249529762211	0.004470613243819446	0.0036283932812923875	0.07692307692307693	0.07692307692307693	0.012195568114217726	0.013180610854991276	0.0061411855221920695	0.0	0.01010519457228854	0.06666666666666667	0.0037492079887267377
el	0.08334027777777778	0.016184631754530117	0.5	0.16666666666666666	0.01053774162284701	0.0060316921350590455	0.005300620070626775	0.0053235666348499635	0.005780647532493567	0.006088240174325932	0.00992181382714355	0.33344444444444443	0.007888613170719688	0.01222090358721742	0.005656524284092225	0.006905980990174343	0.0072605827068466956	0.019693957061505733	0.05002251001001001	0.2	0.11119756791358024	0.006109669068578257	0.006546387997351557	0.006808372165493413	0.007241542850776949	0.006338100083587764	0.1111111111111111	0.08333333333333333	0.01562597680688501	0.015913938030121515	0.008860300746752946	0.0	0.015389824853254908	0.07692307692307693	0.0066725828038695124
en	0.06250390624999999	0.014301854510022062	0.5	0.16666666666666666	0.006853774584210688	0.002312021194015408	0.0053235666348499635	0.0012619832105251608	0.0019231878772189349	0.002318668744642043	0.008340840353199796	0.3333333333333333	0.0041370004153122465	0.009443850667239151	0.0020515133473932527	0.003748505170995484	0.004488713734407497	0.019255949002261512	0.04763038548752834	0.20003999999999997	0.11112345679012345	0.0021641460082593403	0.0030705080102402453	0.002842669535051588	0.004063984048746861	0.003147544175716745	0.07692307692307693	0.058823529411764705	0.011236460042923871	0.011777729979114339	0.0045491149413256025	0.0	0.006291484751869348	0.0625	0.003088450361359883
es	0.1	0.015153351698806243	0.5	0.16666666666666666	0.00826507759032853	0.002702878013148283	0.005780647532493567	0.0019231878772189349	0.0018251075198668283	0.002653350357822822	0.008334236319444443	0.3333333333333333	0.004386599857667744	0.010526980609418283	0.0023422001107942228	0.004000336015999999	0.004831314686457093	0.019232619083210056	0.047621315192743756	0.2	0.125	0.0027475849006837944	0.00340161511407284	0.003003174345516688	0.004238922723642847	0.0032897658738746537	0.08333333333333333	0.07142857142857142	0.012345679012345678	0.01316014594892659	0.006135232790093719	0.0	0.010101112131415162	0.0625	0.003508944302862419
fr	0.08336111111111111	0.016505457937493227	0.5	0.16666666666666666	0.00864640704531657	0.002955921100442988	0.006088240174325932	0.002318668744642043	0.002653350357822822	0.0024745918206075736	0.008592689065409465	0.33344444444444443	0.004514099591565505	0.01104520855721869	0.0027102324331750413	0.004222847696322434	0.0050524195610542055	0.020159661997715336	0.052673155144063726	0.20003999999999997	0.12520334392200014	0.003141088583680664	0.003778019799158828	0.003412457000090047	0.004448465148466469	0.003708030011479725	0.11113580246913579	0.0625	0.01316101298684436	0.014783048943516246	0.0065566455907183204	0.0	0.010537518238126547	0.0625	0.004129671568170295
he	0.125	0.017632644920840462	0.5	0.2	0.012679573039659154	0.008783873834685126	0.00992181382714355	0.008340840353199796	0.008334236319444443	0.008592689065409465	0.00839423473854908	0.33344444444444443	0.010894196489421264	0.014127485808351426	0.008557978613221169	0.00945027861872291	0.009280138563157663	0.019746440311149287	0.05559260494135803	0.25006249999999997	0.1251252348290487	0.008949425968599831	0.009023887065406412	0.009353835272951874	0.01008023329747603	0.008562306289687918	0.125015625	0.07692307692307693	0.01785937531919675	0.016461183417638057	0.011255428399885579	0.0	0.021284746944318696	0.06666666666666667	0.00901867893728044
hi	0.5	0.3333333333333333	1.0	0.5	0.3333333333333333	0.3333333333333333	0.33344444444444443	0.3333333333333333	0.3333333333333333	0.33344444444444443	0.33344444444444443	0.33344444444444443	0.3333333333333333	0.33344444444444443	0.3333333333333333	0.5	0.3333333333333333	0.3333333333333333	0.3333333333333333	0.5	0.50025	0.33344444444444443	0.3333333333333333	0.3333333333333333	0.33344444444444443	0.3333333333333333	1.0	0.1111111111111111	0.3333333333333333	0.3333333333333333	0.3333333333333333	0.0	0.3333333333333333	0.1	0.3333333333333333
hu	0.125	0.016187261461281993	0.5	0.2	0.00981835989037145	0.004553071097085814	0.007888613170719688	0.0041370004153122465	0.004386599857667744	0.004514099591565505	0.010894196489421264	0.3333333333333333	0.004227741170053248	0.011794677562411543	0.004299946682266419	0.006071129323763767	0.0075330133362964775	0.01968775643340893	0.050017510002499994	0.2	0.11117283950617282	0.004622759385021025	0.005474683725924865	0.004980724320271189	0.005701022211200238	0.005595812884834133	0.14285714285714285	0.09090909090909091	0.016393980112872884	0.015668334576193283	0.00814133282142113	0.0	0.012055309045290896	0.08333333333333333	0.00637616828930801
id	0.125	0.01677428897768893	0.5	0.2	0.013356133242655248	0.010651553659817582	0.01222090358721742	0.009443850667239151	0.010526980609418283	0.01104520855721869	0.014127485808351426	0.33344444444444443	0.011794677562411543	0.009579552667064846	0.010431337272512015	0.010656663814708615	0.01023038447717352	0.019767526691238494	0.0625390703125	0.25	0.12521914131375217	0.010778643668098664	0.011382910309890689	0.011503772894839216	0.012283049265892168	0.010543187418476147	0.12503124999999998	0.07142857142857142	0.022226668148642468	0.017035765430433426	0.013009988591766391	0.0	0.017871502557402424	0.0625	0.010219201720897207
it	0.1	0.014311674350914431	0.5	0.16666666666666666	0.007640353655968595	0.0028049544901809225	0.005656524284092225	0.0020515133473932527	0.0023422001107942228	0.0027102324331750413	0.008557978613221169	0.3333333333333333	0.004299946682266419	0.010431337272512015	0.002059445229034473	0.004005543466911846	0.00490917963299936	0.019271166231526356	0.04762358503401361	0.2	0.1250469219219219	0.0028474050502892982	0.0033606325259688367	0.003249327534103477	0.004410781759926681	0.003452705037524948	0.07692899408284024	0.08333333333333333	0.012049499491943678	0.013356840252407553	0.0059231180695071654	0.0	0.009094711487768595	0.07142857142857142	0.00365362152078285
ja	0.1111111111111111	0.016426833788534934	0.5	0.2	0.010426114154951066	0.004172073221627048	0.006905980990174343	0.003748505170995484	0.004000336015999999	0.004222847696322434	0.00945027861872291	0.5	0.006071129323763767	0.010656663814708615	0.004005543466911846	0.003776861235076805	0.005627112821737958	0.020464958343035397	0.06252736329688674	0.25006256256256254	0.14287755102040817	0.004494543578089631	0.005162142751644553	0.004811786777531808	0.005813110718504228	0.004657770983452975	0.1111111111111111	0.07692307692307693	0.014084903788930767	0.01589799880333478	0.00752604065516277	0.0	0.011115433704568519	0.06666666666666667	0.004835800654490543
ko	0.08334722916666666	0.015432573008778186	0.5	0.16666666666666666	0.009722045927925587	0.00508277258791591	0.0072605827068466956	0.004488713734407497	0.004831314686457093	0.0050524195610542055	0.009280138563157663	0.3333333333333333	0.0075330133362964775	0.01023038447717352	0.00490917963299936	0.005627112821737958	0.0035182444578643023	0.019678059251042563	0.05265097506925208	0.20003999999999997	0.11114816049382717	0.005568455593836433	0.005996893525901193	0.005560436269108058	0.007037790858582298	0.005627176547631196	0.11113580246913579	0.07142857142857142	0.01315893351800554	0.015186956369921721	0.008076240336671309	0.0	0.013340092445866664	0.0625	0.005530758651114317
lv	0.2	0.023038824989405637	1.0	0.2	0.020480497151395532	0.020042499018071827	0.019693957061505733	0.019255949002261512	0.019232619083210056	0.020159661997715336	0.019746440311149287	0.3333333333333333	0.01968775643340893	0.019767526691238494	0.019271166231526356	0.020464958343035397	0.019678059251042563	0.019571843777592152	0.07154094914815838	0.25012512512512514	0.12547041211444807	0.019681556290902933	0.01966529925188532	0.02002683845448574	0.020267564680589944	0.019287152876117153	0.125046906265625	0.09090909090909091	0.03448870511415101	0.02105752183358026	0.02047335600415467	0.0	0.03574365054213015	0.07142857142857142	0.019650612665226035
mk	0.2	0.06256255866808222	1.0	0.25	0.06251171875	0.050004999999999994	0.05002251001001001	0.04763038548752834	0.047621315192743756	0.052673155144063726	0.05559260494135803	0.3333333333333333	0.050017510002499994	0.0625390703125	0.04762358503401361	0.06252736329688674	0.05265097506925208	0.07154094914815838	0.04562248351593698	0.25	0.16683350013902792	0.047630390027215426	0.047641736963718824	0.04546487603305785	0.0476644399524309	0.05264265927977839	0.2	0.16666666666666666	0.07692307692307693	0.05887546714532872	0.055567901234567896	0.0	0.09091735537190083	0.09090909090909091	0.045466946285128096
ml	0.3333333333333333	0.25006249999999997	0.0	0.25	0.25006249999999997	0.2	0.2	0.20003999999999997	0.2	0.20003999999999997	0.25006249999999997	0.5	0.2	0.25	0.2	0.25006256256256254	0.20003999999999997	0.25012512512512514	0.25	0.20016012008008008	0.20007999999999998	0.2	0.2	0.2	0.20008004	0.20008004	0.5	0.16666666666666666	0.2	0.25006249999999997	0.25	0.0	0.25	0.125	0.2
mr	0.25006249999999997	0.14322536947448167	0.5	0.20003999999999997	0.125078156265625	0.11112345679012345	0.11119756791358024	0.11112345679012345	0.125	0.12520334392200014	0.1251252348290487	0.50025	0.11117283950617282	0.12521914131375217	0.1250469219219219	0.14287755102040817	0.11114816049382717	0.12547041211444807	0.16683350013902792	0.20007999999999998	0.1005935614391481	0.11116049382716049	0.11114816049382717	0.11116049382716049	0.11138332226191915	0.12507815625	0.3333333333333333	0.2	0.11112345679012345	0.12528184504977216	0.14287755102040817	0.0	0.14287755102040817	0.14285714285714285	0.11114816049382716
nl	0.11112345679012345	0.014973639129501774	0.5	0.16666666666666666	0.0075890940429836715	0.0028638774266977903	0.006109669068578257	0.0021641460082593403	0.0027475849006837944	0.003141088583680664	0.008949425968599831	0.33344444444444443	0.004622759385021025	0.010778643668098664	0.0028474050502892982	0.004494543578089631	0.005568455593836433	0.019681556290902933	0.047630390027215426	0.2	0.11116049382716049	0.0019801417871307806	0.0036987306877900436	0.002981265336931791	0.00476249261880215	0.0037259489254353895	0.10000999999999999	0.07142857142857142	0.013334400177955733	0.013922730333812697	0.005035120998595006	0.0	0.00775831278511087	0.0625	0.0037806331920080113
pl	0.1111111111111111	0.01541806312390871	0.5	0.16666666666666666	0.009532797829846442	0.003708497236456279	0.006546387997351557	0.0030705080102402453	0.00340161511407284	0.003778019799158828	0.009023887065406412	0.3333333333333333	0.005474683725924865	0.011382910309890689	0.0033606325259688367	0.005162142751644553	0.005996893525901193	0.01966529925188532	0.047641736963718824	0.2	0.11114816049382717	0.0036987306877900436	0.003057217815490956	0.004332418023221362	0.005408415820072173	0.004208081843700403	0.08334027777777778	0.07692307692307693	0.013514609203798393	0.013185656984009796	0.0071506204158742915	0.0	0.012200032868977542	0.0625	0.004766716989006762
pt	0.06666666666666667	0.01725952944323485	0.5	0.16666666666666666	0.010209707206789357	0.003626249529762211	0.006808372165493413	0.002842669535051588	0.003003174345516688	0.003412457000090047	0.009353835272951874	0.3333333333333333	0.004980724320271189	0.011503772894839216	0.003249327534103477	0.004811786777531808	0.005560436269108058	0.02002683845448574	0.04546487603305785	0.2	0.11116049382716049	0.002981265336931791	0.004332418023221362	0.002340054116500439	0.00473534279998825	0.004487443766193388	0.1111111111111111	0.07142857142857142	0.013513696128560994	0.015638193366460943	0.00730294821359758	0.0	0.012197204491374182	0.0625	0.004697835042452313
ro	0.09092561983471074	0.016299384340570006	0.5	0.16666666666666666	0.011952281891508211	0.004470613243819446	0.007241542850776949	0.004063984048746861	0.004238922723642847	0.004448465148466469	0.01008023329747603	0.33344444444444443	0.005701022211200238	0.012283049265892168	0.004410781759926681	0.005813110718504228	0.007037790858582298	0.020267564680589944	0.0476644399524309	0.20008004	0.11138332226191915	0.00476249261880215	0.005408415820072173	0.00473534279998825	0.003811562804008219	0.0050052026894552935	0.125031265625	0.08333333333333333	0.01587578760393046	0.01653494681856427	0.008734772062608412	0.0	0.01353491532497059	0.06666666666666667	0.00537132047211463
ru	0.1	0.014959978561075218	0.5	0.16666666666666666	0.009624639431868722	0.0036283932812923875	0.006338100083587764	0.003147544175716745	0.0032897658738746537	0.003708030011479725	0.008562306289687918	0.3333333333333333	0.005595812884834133	0.010543187418476147	0.003452705037524948	0.004657770983452975	0.005627176547631196	0.019287152876117153	0.05264265927977839	0.20008004	0.12507815625	0.0037259489254353895	0.004208081843700403	0.004487443766193388	0.0050052026894552935	0.0031448579470563583	0.1	0.058823529411764705	0.01315841412742382	0.014953944419241907	0.007098189128667624	0.0	0.010873938682065334	0.0625	0.0043333000921496065
sh	0.25	0.11113580246913579	0.5	0.5	0.14285714285714285	0.07692307692307693	0.1111111111111111	0.07692307692307693	0.08333333333333333	0.11113580246913579	0.125015625	1.0	0.14285714285714285	0.12503124999999998	0.07692899408284024	0.1111111111111111	0.11113580246913579	0.125046906265625	0.2	0.5	0.3333333333333333	0.10000999999999999	0.08334027777777778	0.1111111111111111	0.125031265625	0.1	0.07151540825519398	0.07142857142857142	0.2	0.08336111806250696	0.12503124999999998	0.0	0.25	0.06666666666666667	0.1
si	0.3333333333333333	0.14285714285714285	0.0	0.3333333333333333	0.07692307692307693	0.07692307692307693	0.08333333333333333	0.058823529411764705	0.07142857142857142	0.0625	0.07692307692307693	0.1111111111111111	0.09090909090909091	0.07142857142857142	0.08333333333333333	0.07692307692307693	0.07142857142857142	0.09090909090909091	0.16666666666666666	0.16666666666666666	0.2	0.07142857142857142	0.07692307692307693	0.07142857142857142	0.08333333333333333	0.058823529411764705	0.07142857142857142	0.058823529411764705	0.08333333333333333	0.07692307692307693	0.07142857142857142	0.5	0.07142857142857142	0.16666666666666666	0.07142857142857142
simple	0.1	0.03333778000111222	0.5	0.2	0.018518861454046638	0.012195568114217726	0.01562597680688501	0.011236460042923871	0.012345679012345678	0.01316101298684436	0.01785937531919675	0.3333333333333333	0.016393980112872884	0.022226668148642468	0.012049499491943678	0.014084903788930767	0.01315893351800554	0.03448870511415101	0.07692307692307693	0.2	0.11112345679012345	0.013334400177955733	0.013514609203798393	0.013513696128560994	0.01587578760393046	0.01315841412742382	0.2	0.08333333333333333	0.011121862232602106	0.029411764705882353	0.01613007310119693	0.0	0.02702775821840833	0.07692307692307693	0.013158240997229917
sr	0.25006249999999997	0.018327769439141613	1.0	0.20003999999999997	0.016990045338112252	0.013180610854991276	0.015913938030121515	0.011777729979114339	0.01316014594892659	0.014783048943516246	0.016461183417638057	0.3333333333333333	0.015668334576193283	0.017035765430433426	0.013356840252407553	0.01589799880333478	0.015186956369921721	0.02105752183358026	0.05887546714532872	0.25006249999999997	0.12528184504977216	0.013922730333812697	0.013185656984009796	0.015638193366460943	0.01653494681856427	0.014953944419241907	0.08336111806250696	0.07692307692307693	0.029411764705882353	0.011987105654613866	0.016426300345952393	0.0	0.030325088168973384	0.07142857142857142	0.014515259867956633
sv	0.11113580246913579	0.015429479188777625	0.5	0.16669444444444442	0.00855790694932218	0.0061411855221920695	0.008860300746752946	0.0045491149413256025	0.006135232790093719	0.0065566455907183204	0.011255428399885579	0.3333333333333333	0.00814133282142113	0.013009988591766391	0.0059231180695071654	0.00752604065516277	0.008076240336671309	0.02047335600415467	0.055567901234567896	0.25	0.14287755102040817	0.005035120998595006	0.0071506204158742915	0.00730294821359758	0.008734772062608412	0.007098189128667624	0.12503124999999998	0.07142857142857142	0.01613007310119693	0.016426300345952393	0.004517256838690095	0.0	0.010209395045190127	0.0625	0.007097938288270514
te	0.0	0.0	0.0	0.0	0.0	0.0	0.0	0.0	0.0	0.0	0.0	0.0	0.0	0.0	0.0	0.0	0.0	0.0	0.0	0.0	0.0	0.0	0.0	0.0	0.0	0.0	0.0	0.5	0.0	0.0	0.0	0.0	0.0	0.5	0.0
vi	0.12503124999999998	0.02859512410205307	0.5	0.2	0.016134236472684964	0.01010519457228854	0.015389824853254908	0.006291484751869348	0.010101112131415162	0.010537518238126547	0.021284746944318696	0.3333333333333333	0.012055309045290896	0.017871502557402424	0.009094711487768595	0.011115433704568519	0.013340092445866664	0.03574365054213015	0.09091735537190083	0.25	0.14287755102040817	0.00775831278511087	0.012200032868977542	0.012197204491374182	0.01353491532497059	0.010873938682065334	0.25	0.07142857142857142	0.02702775821840833	0.030325088168973384	0.010209395045190127	0.0	0.006344009525309185	0.0625	0.01020814379446064
war	0.2	0.09090909090909091	0.0	0.16666666666666666	0.0625	0.06666666666666667	0.07692307692307693	0.0625	0.0625	0.0625	0.06666666666666667	0.1	0.08333333333333333	0.0625	0.07142857142857142	0.06666666666666667	0.0625	0.07142857142857142	0.09090909090909091	0.125	0.14285714285714285	0.0625	0.0625	0.0625	0.06666666666666667	0.0625	0.06666666666666667	0.16666666666666666	0.07692307692307693	0.07142857142857142	0.0625	0.5	0.0625	0.0625	0.0625
zh	0.08333333333333333	0.015177038875031497	0.5	0.16666666666666666	0.009015589812522042	0.0037492079887267377	0.0066725828038695124	0.003088450361359883	0.003508944302862419	0.004129671568170295	0.00901867893728044	0.3333333333333333	0.00637616828930801	0.010219201720897207	0.00365362152078285	0.004835800654490543	0.005530758651114317	0.019650612665226035	0.045466946285128096	0.2	0.11114816049382716	0.0037806331920080113	0.004766716989006762	0.004697835042452313	0.00537132047211463	0.0043333000921496065	0.1	0.07142857142857142	0.013158240997229917	0.014515259867956633	0.007097938288270514	0.0	0.01020814379446064	0.0625	0.0031100951653184705
