arz	bs	ceb	ckb	da	de	el	en	es	fr	he	hi	hu	id	it	ja	ko	lv	mk	ml	mr	nl	pl	pt	ro	ru	sh	si	simple	sr	sv	te	vi	war	zh
arz	1.0	0.585786437626905	0.585786437626905	0.38742588672279304	0.0	1.0	1.0	1.0	1.0	1.0	1.0	0.0	1.0	1.0	0.585786437626905	1.0	1.0	1.0	1.0	0.22966848451216434	0.16648181003344695	1.0	1.0	1.0	0.0	1.0	0.585786437626905	0.28708594921778513	1.0	1.0	1.0	0.2708131845707603	1.0	0.5	1.0
bs	0.585786437626905	1.0	0.29429805508554946	0.10310703884553472	0.5	0.032915000154839086	0.04921113719744209	0.032465998636757296	0.03046836501584715	0.057022854955065115	0.06839240278018635	0.0	0.08765524842233537	1.0	0.11394547882671939	0.1856154626682773	0.043689253102949084	0.08613287901473568	0.03140187142422351	0.02208723246942343	0.03773551837559966	0.11225732907177764	0.03380901999766713	0.04845138139170253	0.44948974278317805	0.031595477745541514	0.18151621603746565	0.06898608237058958	1.0	0.0424873987125437	0.12134321835418266	0.0592625222615061	0.12849622184722817	0.183369720635175	0.04310721480513089
ceb	0.585786437626905	0.29429805508554946	1.0	0.4364916731037085	0.585786437626905	0.27792629762666365	0.2913396447229296	0.27792629762666365	0.27792629762666365	0.27792629762666365	0.27792629762666365	0.2708131845707603	0.30383243470068705	0.27792629762666365	0.4364916731037085	0.27792629762666365	0.27792629762666365	0.5	0.29429805508554946	0.3797958971132712	0.29429805508554946	0.4364916731037085	0.27792629762666365	0.27792629762666365	0.2708131845707603	0.2708131845707603	0.44948974278317805	0.30383243470068705	0.30383243470068705	0.27792629762666365	0.4364916731037085	1.0	0.31451985913875646	0.585786437626905	0.29429805508554946
ckb	0.38742588672279304	0.10310703884553472	0.4364916731037085	1.0	0.14729813805308495	0.11651106980622213	0.07949782023462093	0.026734298245273562	0.13057680273413985	0.06767803266320938	0.08714978256321133	0.10477782979607683	0.0809324566908924	0.11624350569540993	0.03966265081029019	0.030916336637730225	0.06810447386668837	0.10047974753713573	0.08221279499197616	0.0840997516013698	0.04892367639492301	0.12178380181831364	0.13321952658018657	0.03112332701577635	0.11252773956294347	0.0161146721116035	0.10473502627067238	0.07964485812804761	0.09009410830061464	0.11189119247086728	0.04771381671115001	0.17358241318593384	0.08604976087797764	0.34833147735478825	0.016044847046801116
da	0.0	0.5	0.585786437626905	0.14729813805308495	1.0	1.0	1.0	0.585786437626905	1.0	1.0	1.0	0.0	1.0	0.0	0.585786437626905	1.0	1.0	1.0	1.0	0.01173709202339647	0.019857731187652678	1.0	0.585786437626905	1.0	1.0	1.0	1.0	0.0336408690966116	1.0	1.0	0.585786437626905	0.08256842676337638	0.0	0.2612038749637414	1.0
de	1.0	0.032915000154839086	0.27792629762666365	0.11651106980622213	1.0	1.0	0.06526484059964484	0.023941085850787497	0.012305908018473198	0.025033752489831626	0.018308191771408744	1.0	0.20168959288722538	0.2474401533514073	0.02627879450365082	0.353889367864523	0.10020901096432007	0.34833147735478825	0.0522963044108701	0.006441919943193023	0.0148988158246352	0.10030919205424556	0.017251308918060555	0.09992073276602101	0.5	0.016047642745011026	0.03382736155479651	0.018619185088954413	0.5	0.031343071579277446	0.23166247903554	0.036913433382444634	0.4142135623730951	0.2766967754673749	0.07976455208078476
el	1.0	0.04921113719744209	0.2913396447229296	0.07949782023462093	1.0	0.06526484059964484	1.0	0.03681701003183104	1.0	0.08123946586365285	1.0	0.0	1.0	0.585786437626905	0.04971736939371071	1.0	1.0	1.0	1.0	0.013487565770914258	0.01857024002511048	0.2097188436578299	0.10589757606331061	1.0	1.0	1.0	0.048865697785258524	0.03439389179147482	1.0	1.0	0.5	0.05084461049201349	1.0	0.1975496259559987	1.0
en	1.0	0.032465998636757296	0.27792629762666365	0.026734298245273562	0.585786437626905	0.023941085850787497	0.03681701003183104	1.0	0.006944296052485812	0.0360889184214092	0.015355377739059843	1.0	0.18054705546755545	0.16202097927744855	0.032339121955664664	0.20799159651347807	0.07546685507406171	0.2187841884486319	0.059860075926131594	0.010563831899630585	0.014540474239873957	0.032267806875918736	0.024070966811876544	0.03142272905666853	0.23441237831492112	0.006242083270572451	0.03322948749870967	0.018151105785969644	0.585786437626905	0.014712476911253294	0.0890404996441969	0.021884878302262774	0.2449655295864104	0.15974667297574374	0.035852650535804276
es	1.0	0.03046836501584715	0.27792629762666365	0.13057680273413985	1.0	0.012305908018473198	1.0	0.006944296052485812	1.0	0.01371860026226129	0.585786437626905	1.0	1.0	0.21089672205953397	0.01867247071987978	1.0	1.0	1.0	1.0	0.005963587868763521	0.014481598165314172	0.02046873849572499	0.013109413519140864	0.5	0.44948974278317805	0.3660254037844386	0.032088879873534995	0.018475978918966816	1.0	0.5	0.5	0.037413188356099344	1.0	0.3090169943749474	0.585786437626905
fr	1.0	0.057022854955065115	0.27792629762666365	0.06767803266320938	1.0	0.025033752489831626	0.08123946586365285	0.0360889184214092	0.01371860026226129	1.0	0.022989438400907784	1.0	0.13890667140264987	0.30193324523786563	0.06816056844962903	0.32449979983983984	0.05028587653925125	0.127806531818134	0.03544469736579087	0.00765052025740942	0.014870870964603483	0.053073498341831775	0.017129245288873284	0.04152586323491788	0.3866297038941519	0.016070561794355342	0.06338891109583121	0.018683456562186593	0.4142135623730951	0.02798399740017985	0.18502951679940477	0.041828923680077595	0.14165848048358798	0.2632403810669918	0.04174580898012269
he	1.0	0.06839240278018635	0.27792629762666365	0.08714978256321133	1.0	0.018308191771408744	1.0	0.015355377739059843	0.585786437626905	0.022989438400907784	1.0	1.0	1.0	0.39564392373896007	0.039976212008173966	1.0	1.0	1.0	1.0	0.008540580148385714	0.016169384837378693	0.16089167649473737	0.03521382314703898	1.0	1.0	1.0	0.07294869175787434	0.020210083734043774	1.0	1.0	0.5	0.04154694549915871	1.0	0.33333333333333326	1.0
hi	0.0	0.0	0.2708131845707603	0.10477782979607683	0.0	1.0	0.0	1.0	1.0	1.0	1.0	1.0	0.0	0.0	0.0	0.0	0.0	0.0	0.0	0.010952493517433454	0.01788308672507448	0.0	1.0	1.0	0.0	1.0	0.0	0.025128902254675244	0.0	1.0	0.0	0.053243403441867176	0.0	0.19292728076790167	1.0
hu	1.0	0.08765524842233537	0.30383243470068705	0.0809324566908924	1.0	0.20168959288722538	1.0	0.18054705546755545	1.0	0.13890667140264987	1.0	0.0	1.0	1.0	0.0809524919162106	1.0	1.0	1.0	1.0	0.012911680223928563	0.01984697506233038	0.4142135623730951	0.38742588672279304	1.0	1.0	1.0	0.12110671649727252	0.030937747548522146	1.0	1.0	0.5	0.05258071231149193	1.0	0.18126989259043744	1.0
id	1.0	1.0	0.27792629762666365	0.11624350569540993	0.0	0.2474401533514073	0.585786437626905	0.16202097927744855	0.21089672205953397	0.30193324523786563	0.39564392373896007	0.0	1.0	1.0	0.3333333333333333	1.0	1.0	0.0	0.4364916731037085	0.00848246182463115	0.016816288796606634	0.5	0.21393876913398135	0.1951941016011038	0.0	0.28989794855663564	1.0	0.02086742724038844	1.0	0.585786437626905	0.4364916731037085	0.05805501111339511	1.0	0.26968623182294527	0.585786437626905
it	0.585786437626905	0.11394547882671939	0.4364916731037085	0.03966265081029019	0.585786437626905	0.02627879450365082	0.04971736939371071	0.032339121955664664	0.01867247071987978	0.06816056844962903	0.039976212008173966	0.0	0.0809524919162106	0.3333333333333333	1.0	0.16666666666666666	0.04563394414978946	0.08084847564056197	0.033639265810672066	0.010155870901460416	0.016317814072844834	0.05005745889677429	0.0236738763585741	0.046064128214679784	0.35528609634249303	0.022228959314632143	0.11722363606697626	0.019777106844523933	0.26427884169111276	0.038610337957960365	0.07232220846295714	0.027137672734259367	0.1343715892188287	0.2118949818756026	0.038554865499769275
ja	1.0	0.1856154626682773	0.27792629762666365	0.030916336637730225	1.0	0.353889367864523	1.0	0.20799159651347807	1.0	0.32449979983983984	1.0	0.0	1.0	1.0	0.16666666666666666	1.0	1.0	1.0	1.0	0.011726244668053594	0.015958158153164256	0.44948974278317805	0.5	1.0	1.0	1.0	0.11024006139710943	0.019232529049759278	1.0	1.0	0.5	0.018059896221207728	1.0	0.1563858214841449	1.0
ko	1.0	0.043689253102949084	0.27792629762666365	0.06810447386668837	1.0	0.10020901096432007	1.0	0.07546685507406171	1.0	0.05028587653925125	1.0	0.0	1.0	1.0	0.04563394414978946	1.0	1.0	1.0	1.0	0.008831511526297738	0.015413543181259245	0.39564392373896007	0.25728427444747215	1.0	1.0	1.0	0.04429590744971241	0.020909719696332662	1.0	1.0	0.585786437626905	0.038722610850473516	1.0	0.22584440001865322	1.0
lv	1.0	0.08613287901473568	0.5	0.10047974753713573	1.0	0.34833147735478825	1.0	0.2187841884486319	1.0	0.127806531818134	1.0	0.0	1.0	0.0	0.08084847564056197	1.0	1.0	1.0	1.0	0.01692411400105476	0.021902623225595122	1.0	0.2553967929896867	1.0	1.0	1.0	0.068241289624379	0.04615445878518221	0.0	1.0	1.0	0.08612172547130084	1.0	0.2043134457775982	1.0
mk	1.0	0.03140187142422351	0.29429805508554946	0.08221279499197616	1.0	0.0522963044108701	1.0	0.059860075926131594	1.0	0.03544469736579087	1.0	0.0	1.0	0.4364916731037085	0.033639265810672066	1.0	1.0	1.0	1.0	0.018673334273253288	0.026337993664068294	0.3660254037844386	0.14285714285714285	1.0	1.0	1.0	0.03301241193903573	0.04395998457294317	1.0	1.0	0.5	0.08343875795701439	1.0	0.17491720310721423	1.0
ml	0.22966848451216434	0.02208723246942343	0.3797958971132712	0.0840997516013698	0.01173709202339647	0.006441919943193023	0.013487565770914258	0.010563831899630585	0.005963587868763521	0.00765052025740942	0.008540580148385714	0.010952493517433454	0.012911680223928563	0.00848246182463115	0.010155870901460416	0.011726244668053594	0.008831511526297738	0.01692411400105476	0.018673334273253288	1.0	0.025864046482952263	0.006781908332064101	0.006562427149355493	0.01253182021042049	0.010920164208799855	0.012411266780468081	0.013135426681879989	0.047517413148633066	0.009631805356740542	0.009568366088152208	0.011664278275336974	0.053563283815968636	0.008904782835264668	0.18163482541075254	0.013563991194198186
mr	0.16648181003344695	0.03773551837559966	0.29429805508554946	0.04892367639492301	0.019857731187652678	0.0148988158246352	0.01857024002511048	0.014540474239873957	0.014481598165314172	0.014870870964603483	0.016169384837378693	0.01788308672507448	0.01984697506233038	0.016816288796606634	0.016317814072844834	0.015958158153164256	0.015413543181259245	0.021902623225595122	0.026337993664068294	0.025864046482952263	1.0	0.015433008143561217	0.015613318410770967	0.01573345437471347	0.01826596755863713	0.018578444261450302	0.021134158067737375	0.06962052840642342	0.016113088992548825	0.017641637295883698	0.016529555839452953	0.03311306813822401	0.01563123258359234	0.06902565130672518	0.020275553679856832
nl	1.0	0.11225732907177764	0.4364916731037085	0.12178380181831364	1.0	0.10030919205424556	0.2097188436578299	0.032267806875918736	0.02046873849572499	0.053073498341831775	0.16089167649473737	0.0	0.4142135623730951	0.5	0.05005745889677429	0.44948974278317805	0.39564392373896007	1.0	0.3660254037844386	0.006781908332064101	0.015433008143561217	1.0	0.09432040189073734	0.18349569639667007	1.0	0.10997220198634608	0.10301817158306555	0.019388708164401237	1.0	0.22584440001865322	0.30216947925196225	0.04640192881479234	1.0	0.34833147735478825	0.27718637277259645
pl	1.0	0.03380901999766713	0.27792629762666365	0.13321952658018657	0.585786437626905	0.017251308918060555	0.10589757606331061	0.024070966811876544	0.013109413519140864	0.017129245288873284	0.03521382314703898	1.0	0.38742588672279304	0.21393876913398135	0.0236738763585741	0.5	0.25728427444747215	0.2553967929896867	0.14285714285714285	0.006562427149355493	0.015613318410770967	0.09432040189073734	1.0	0.11315240401272059	0.3164309725825328	0.003159102917700334	0.035728462882365176	0.019343662932758444	0.585786437626905	0.012695972192093763	0.25	0.05055866675786519	0.585786437626905	0.3090169943749474	0.17411239489546831
pt	1.0	0.04845138139170253	0.27792629762666365	0.03112332701577635	1.0	0.09992073276602101	1.0	0.03142272905666853	0.5	0.04152586323491788	1.0	1.0	1.0	0.1951941016011038	0.046064128214679784	1.0	1.0	1.0	1.0	0.01253182021042049	0.01573345437471347	0.18349569639667007	0.11315240401272059	1.0	1.0	1.0	0.05310942589246685	0.018494249844902756	1.0	1.0	0.5	0.01806324730436811	1.0	0.14086133350250726	1.0
ro	0.0	0.44948974278317805	0.2708131845707603	0.11252773956294347	1.0	0.5	1.0	0.23441237831492112	0.44948974278317805	0.3866297038941519	1.0	0.0	1.0	0.0	0.35528609634249303	1.0	1.0	1.0	1.0	0.010920164208799855	0.01826596755863713	1.0	0.3164309725825328	1.0	1.0	0.28436465220442186	1.0	0.030507822741517563	0.0	0.585786437626905	1.0	0.07311678379609624	1.0	0.19393558839550695	1.0
ru	1.0	0.031595477745541514	0.2708131845707603	0.0161146721116035	1.0	0.016047642745011026	1.0	0.006242083270572451	0.3660254037844386	0.016070561794355342	1.0	1.0	1.0	0.28989794855663564	0.022228959314632143	1.0	1.0	1.0	1.0	0.012411266780468081	0.018578444261450302	0.10997220198634608	0.003159102917700334	1.0	0.28436465220442186	1.0	0.03217743697744177	0.018956904959271142	1.0	1.0	0.12421070591499198	0.014592950147713241	1.0	0.12382188472844839	1.0
sh	0.585786437626905	0.18151621603746565	0.44948974278317805	0.10473502627067238	1.0	0.03382736155479651	0.048865697785258524	0.03322948749870967	0.032088879873534995	0.06338891109583121	0.07294869175787434	0.0	0.12110671649727252	1.0	0.11722363606697626	0.11024006139710943	0.04429590744971241	0.068241289624379	0.03301241193903573	0.013135426681879989	0.021134158067737375	0.10301817158306555	0.035728462882365176	0.05310942589246685	1.0	0.03217743697744177	1.0	0.027794173879274027	1.0	0.04373838806934056	0.09231454359527416	0.06822615040841777	0.09336995692475607	0.1975496259559987	0.042691356096606126
si	0.28708594921778513	0.06898608237058958	0.30383243470068705	0.07964485812804761	0.0336408690966116	0.018619185088954413	0.03439389179147482	0.018151105785969644	0.018475978918966816	0.018683456562186593	0.020210083734043774	0.025128902254675244	0.030937747548522146	0.02086742724038844	0.019777106844523933	0.019232529049759278	0.020909719696332662	0.04615445878518221	0.04395998457294317	0.047517413148633066	0.06962052840642342	0.019388708164401237	0.019343662932758444	0.018494249844902756	0.030507822741517563	0.018956904959271142	0.027794173879274027	1.0	0.02104419976700562	0.021382896516468675	0.021451342364722036	0.10396524748727527	0.021079117526270175	0.17100799366294794	0.020358270309457346
simple	1.0	1.0	0.30383243470068705	0.09009410830061464	1.0	0.5	1.0	0.585786437626905	1.0	0.4142135623730951	1.0	0.0	1.0	1.0	0.26427884169111276	1.0	1.0	0.0	1.0	0.009631805356740542	0.016113088992548825	1.0	0.585786437626905	1.0	0.0	1.0	1.0	0.02104419976700562	1.0	1.0	1.0	0.05389488113087647	1.0	0.2674788903885893	1.0
sr	1.0	0.0424873987125437	0.27792629762666365	0.11189119247086728	1.0	0.031343071579277446	1.0	0.014712476911253294	0.5	0.02798399740017985	1.0	1.0	1.0	0.585786437626905	0.038610337957960365	1.0	1.0	1.0	1.0	0.009568366088152208	0.017641637295883698	0.22584440001865322	0.012695972192093763	1.0	0.585786437626905	1.0	0.04373838806934056	0.021382896516468675	1.0	1.0	0.44948974278317805	0.048476487698250956	1.0	0.23874775399470888	1.0
sv	1.0	0.12134321835418266	0.4364916731037085	0.04771381671115001	0.585786437626905	0.23166247903554	0.5	0.0890404996441969	0.5	0.18502951679940477	0.5	0.0	0.5	0.4364916731037085	0.07232220846295714	0.5	0.585786437626905	1.0	0.5	0.011664278275336974	0.016529555839452953	0.30216947925196225	0.25	0.5	1.0	0.12421070591499198	0.09231454359527416	0.021451342364722036	1.0	0.44948974278317805	1.0	0.02615033648605259	1.0	0.14005538346603544	0.585786437626905
te	0.2708131845707603	0.0592625222615061	1.0	0.17358241318593384	0.08256842676337638	0.036913433382444634	0.05084461049201349	0.021884878302262774	0.037413188356099344	0.041828923680077595	0.04154694549915871	0.053243403441867176	0.05258071231149193	0.05805501111339511	0.027137672734259367	0.018059896221207728	0.038722610850473516	0.08612172547130084	0.08343875795701439	0.053563283815968636	0.03311306813822401	0.04640192881479234	0.05055866675786519	0.01806324730436811	0.07311678379609624	0.014592950147713241	0.06822615040841777	0.10396524748727527	0.05389488113087647	0.048476487698250956	0.02615033648605259	1.0	0.037900908333439905	0.2989350844248255	0.012655181195135184
vi	1.0	0.12849622184722817	0.31451985913875646	0.08604976087797764	0.0	0.4142135623730951	1.0	0.2449655295864104	1.0	0.14165848048358798	1.0	0.0	1.0	1.0	0.1343715892188287	1.0	1.0	1.0	1.0	0.008904782835264668	0.01563123258359234	1.0	0.585786437626905	1.0	1.0	1.0	0.09336995692475607	0.021079117526270175	1.0	1.0	1.0	0.037900908333439905	1.0	0.2222222222222222	1.0
war	0.5	0.183369720635175	0.585786437626905	0.34833147735478825	0.2612038749637414	0.2766967754673749	0.1975496259559987	0.15974667297574374	0.3090169943749474	0.2632403810669918	0.33333333333333326	0.19292728076790167	0.18126989259043744	0.26968623182294527	0.2118949818756026	0.1563858214841449	0.22584440001865322	0.2043134457775982	0.17491720310721423	0.18163482541075254	0.06902565130672518	0.34833147735478825	0.3090169943749474	0.14086133350250726	0.19393558839550695	0.12382188472844839	0.1975496259559987	0.17100799366294794	0.2674788903885893	0.23874775399470888	0.14005538346603544	0.2989350844248255	0.2222222222222222	1.0	0.10328575028023758
zh	1.0	0.04310721480513089	0.29429805508554946	0.016044847046801116	1.0	0.07976455208078476	1.0	0.035852650535804276	0.585786437626905	0.04174580898012269	1.0	1.0	1.0	0.585786437626905	0.038554865499769275	1.0	1.0	1.0	1.0	0.013563991194198186	0.020275553679856832	0.27718637277259645	0.17411239489546831	1.0	1.0	1.0	0.042691356096606126	0.020358270309457346	1.0	1.0	0.585786437626905	0.012655181195135184	1.0	0.10328575028023758	1.0
