arz	bs	ceb	ckb	da	de	el	en	es	fr	he	hi	hu	id	it	ja	ko	lv	mk	ml	mr	nl	pl	pt	ro	ru	sh	si	simple	sr	sv	te	vi	war	zh
arz	1.0	0.7312830288329182	0.0	0.7863954451402115	0.34901194407938924	0.35157139970165685	0.31240452263261254	0.3415786635360824	0.4359747620192312	0.2825804863670956	0.42971702943648027	0.8216064286890065	0.3464206089525392	0.63566639301795	0.48079267059520636	0.5376855666037912	0.46793748966360427	0.6898763056065778	0.6365854480366636	0.7863954451402115	0.7904418227032118	0.34461234225542553	0.526465787759833	0.30121652212335603	0.450824529554464	0.4315566138788964	0.5098380322730673	1.0	0.34320751118950144	0.48883320892650395	0.5036481322344365	0.0	0.6171958725056237	1.0	0.3493879196536103
bs	0.7312830288329182	1.0	0.0	0.6395657813917609	0.6493296268041538	0.4089397288371591	1.0	0.3510749950061937	0.3776884608054597	0.4070996917647578	0.4167970608988984	0.42437007171005015	0.46923769951541094	0.5281703362844992	0.41542968908051797	0.44692674978344793	0.3231286347962235	0.7455134344225701	0.5167016446991861	0.388878943088341	1.0	0.4433326197068351	0.4466185754138337	0.38178462223413834	0.6120728798628604	0.39492444258767584	0.3901843281828091	0.7584325078215763	1.0	0.3781893527550419	0.4437577683208607	1.0	0.42810972375565715	1.0	0.36861569387792453
ceb	0.0	0.0	1.0	0.0	1.0	1.0	1.0	1.0	1.0	1.0	1.0	1.0	1.0	1.0	0.8216064286890065	1.0	1.0	1.0	1.0	0.0	1.0	1.0	1.0	1.0	1.0	1.0	1.0	0.0	1.0	1.0	1.0	0.0	1.0	0.0	1.0
ckb	0.7863954451402115	0.6395657813917609	0.0	1.0	0.5301183506180237	0.3980261952033104	0.44481025942972596	0.41306726843834524	0.399642325494959	0.3968711232961497	0.4596714177213201	0.4184843876660601	0.41256461695943075	0.37348055305580236	0.2788481243682193	0.4191821655937666	0.4075897794055634	0.560699196998003	0.6288326725280946	0.7584325078215763	1.0	0.4487695356748017	0.42096543399834097	0.373859698018098	0.4921976965623265	0.39287492568575355	0.4493075654568811	1.0	0.6538836485984503	0.43569450770128393	0.4262681885282919	1.0	0.42508095505526905	1.0	0.33523355177682257
da	0.34901194407938924	0.6493296268041538	1.0	0.5301183506180237	1.0	0.2937956265536411	0.45854182824164974	0.23970114327268915	0.27485742291844006	0.26426482942872165	0.2984007054850587	0.3745535469517644	0.326929528939198	0.4273972164381725	0.237731643055215	0.26323117958070996	0.30449011017220234	0.4460739608386516	0.5103524843980062	0.411818468474491	1.0	0.39849322148413663	0.3297138888059425	0.2823129799728615	0.4689381446558707	0.27570950142869	0.4778791371151451	0.7584325078215765	0.45515282284331776	0.3790666424372264	0.3374925475662581	1.0	0.3547141055581922	1.0	0.24689409554082414
de	0.35157139970165685	0.4089397288371591	1.0	0.3980261952033104	0.2937956265536411	1.0	0.24466424224674932	0.05982167303139663	0.08824931693759246	0.06287203058486256	0.09451729498473578	0.2088099361008285	0.1429216639680129	0.21472438319616297	0.07859702769308445	0.08404023859735346	0.08925992170774248	0.5244064416239907	0.39824052873608967	0.46995765223428126	1.0	0.13758707512608068	0.10693771326762778	0.09202752756706833	0.21392003006544183	0.07533897277678755	0.3942824233532216	0.74551343442257	0.4262271214689349	0.2497221751610694	0.1705148730981469	1.0	0.17364213434650097	1.0	0.08676135158590206
el	0.31240452263261254	1.0	1.0	0.44481025942972596	0.45854182824164974	0.24466424224674932	1.0	0.2238794045017429	0.205014331459585	0.26387723670550595	0.2120478033950611	0.3591487541796126	0.2696798686664215	0.3621872129397406	0.19375363252585204	0.2460078966068384	0.25982189820103846	0.5851209309004779	0.5140369857154828	0.6994017365373274	1.0	0.29287840314570396	0.29790699286094424	0.2734637978844035	0.3352258898343362	0.2708477729825514	0.5423137835021168	0.7690990303325336	0.34186440813750074	0.32866052577605626	0.25423689283686945	1.0	0.31558305424047767	1.0	0.22623251368729214
en	0.3415786635360824	0.3510749950061937	1.0	0.41306726843834524	0.23970114327268915	0.05982167303139663	0.2238794045017429	1.0	0.06738814021104099	0.04612519845143648	0.07803727467605305	0.19182762190118585	0.11570423839549353	0.22481830430716768	0.06635731084367993	0.05963525468067876	0.07676445438688814	0.47750935907427716	0.3750113315615467	0.44778151723945886	1.0	0.09540248152768524	0.09127113693108346	0.07041280231160665	0.22709326314586822	0.05125159314403209	0.37571928759363715	0.74551343442257	0.3773673198397131	0.19344580039833073	0.09109631275942565	1.0	0.12895877359605426	1.0	0.06884185566455421
es	0.4359747620192312	0.3776884608054597	1.0	0.399642325494959	0.27485742291844006	0.08824931693759246	0.205014331459585	0.06738814021104099	1.0	0.07523854920072182	0.09892428217738432	0.1764346488955325	0.14349320912219649	0.2180040288038169	0.0782001267826836	0.08253371682956027	0.09250386476440951	0.4504026453955956	0.4019366703388556	0.46995765223428126	1.0	0.11976570042218189	0.1007744132230656	0.08210084168225541	0.21255648493175291	0.08303015419060884	0.28710226920213316	0.74551343442257	0.3481718970836128	0.19546971140524086	0.12426256675916063	1.0	0.15974995571450054	1.0	0.08068252962358173
fr	0.2825804863670956	0.4070996917647578	1.0	0.3968711232961497	0.26426482942872165	0.06287203058486256	0.26387723670550595	0.04612519845143648	0.07523854920072182	1.0	0.08333052134641923	0.20067317464068576	0.1113207468574714	0.20331125587626814	0.07130691906902784	0.06809675673321175	0.07833318835491732	0.46070386936558927	0.3657204148201744	0.4418363905978606	1.0	0.10580680078160257	0.0894570935779405	0.07359285809763218	0.20599360756915924	0.06283347941719009	0.4004606751322924	0.74551343442257	0.35384485026971446	0.19425252037794605	0.11942933553260934	1.0	0.1449517639596253	1.0	0.07328099660594162
he	0.42971702943648027	0.4167970608988984	1.0	0.4596714177213201	0.2984007054850587	0.09451729498473578	0.2120478033950611	0.07803727467605305	0.09892428217738432	0.08333052134641923	1.0	0.1809682285825361	0.14119035497612828	0.23959837409206403	0.08086211215530913	0.09207475078993069	0.09903621283111243	0.4635402964809687	0.44633795141531446	0.4225626260115173	1.0	0.13305182300232882	0.11517733976182383	0.10712948081494561	0.231781086070382	0.09895449190500161	0.4094730944645806	0.74551343442257	0.356496072234024	0.14762277217759334	0.14592789851478488	1.0	0.17793292933879853	1.0	0.0859926622239481
hi	0.8216064286890065	0.42437007171005015	1.0	0.4184843876660601	0.3745535469517644	0.2088099361008285	0.3591487541796126	0.19182762190118585	0.1764346488955325	0.20067317464068576	0.1809682285825361	1.0	0.21748382729420712	0.2559860473917461	0.1791584268001359	0.18916202914326335	0.19393692415873745	0.3778163640089941	0.5250430620116636	0.6559692196466879	1.0	0.20495954567544514	0.1908263670824502	0.18395694087888764	0.31170764434604126	0.2062382872682766	0.4061490587462309	0.6236815385159508	0.548831259588921	0.22890244690527634	0.24394650285670916	1.0	0.255576936855883	1.0	0.18302346203108705
hu	0.3464206089525392	0.46923769951541094	1.0	0.41256461695943075	0.326929528939198	0.1429216639680129	0.2696798686664215	0.11570423839549353	0.14349320912219649	0.1113207468574714	0.14119035497612828	0.21748382729420712	1.0	0.30854194873128216	0.12159816644408207	0.1406193027081431	0.141662582961654	0.4714149244412964	0.46477901936892235	0.430592312550075	1.0	0.16758820145643313	0.16228362407975513	0.13809380618130457	0.2525399953991032	0.128706662260149	0.3600782308137683	0.7510341748895938	0.3190271910037397	0.2585609686968365	0.15556144304631359	1.0	0.20480676296672348	1.0	0.11812117043630625
id	0.63566639301795	0.5281703362844992	1.0	0.37348055305580236	0.4273972164381725	0.21472438319616297	0.3621872129397406	0.22481830430716768	0.2180040288038169	0.20331125587626814	0.23959837409206403	0.2559860473917461	0.30854194873128216	1.0	0.2057480010151003	0.22061829288034296	0.22083189125373548	0.5221512016386843	0.49803472552549355	0.5750952611403896	1.0	0.2557765628776817	0.24902996238277417	0.21582095217986222	0.2897906893785395	0.22863179325401056	0.38712037684506256	0.7510341748895938	0.46433311001911315	0.27573947975688584	0.25946092794863707	1.0	0.2766902368156183	1.0	0.22057901004970681
it	0.48079267059520636	0.41542968908051797	0.8216064286890065	0.2788481243682193	0.237731643055215	0.07859702769308445	0.19375363252585204	0.06635731084367993	0.0782001267826836	0.07130691906902784	0.08086211215530913	0.1791584268001359	0.12159816644408207	0.2057480010151003	1.0	0.07895989866472407	0.08407625572699015	0.47106488125471485	0.4161829631968474	0.27910369465255946	1.0	0.1145324945084665	0.09098991926152346	0.08250223934451349	0.14035806745887566	0.07594740179052718	0.3708751222566559	0.74551343442257	0.2091420642195128	0.15057037286670086	0.11330565258957928	1.0	0.15582497734831133	1.0	0.07265669167115346
ja	0.5376855666037912	0.44692674978344793	1.0	0.4191821655937666	0.26323117958070996	0.08404023859735346	0.2460078966068384	0.05963525468067876	0.08253371682956027	0.06809675673321175	0.09207475078993069	0.18916202914326335	0.1406193027081431	0.22061829288034296	0.07895989866472407	1.0	0.0848598318292581	0.3484328867961832	0.4826985311165538	0.46995765223428126	1.0	0.12178066013973775	0.10628366878870292	0.09608359417171812	0.21197100148198253	0.08728868899952688	0.357511755382084	0.74551343442257	0.30475831235163015	0.1890648460720427	0.13183904873282326	1.0	0.15664627702268266	1.0	0.07819910928323863
ko	0.46793748966360427	0.3231286347962235	1.0	0.4075897794055634	0.30449011017220234	0.08925992170774248	0.25982189820103846	0.07676445438688814	0.09250386476440951	0.07833318835491732	0.09903621283111243	0.19393692415873745	0.141662582961654	0.22083189125373548	0.08407625572699015	0.0848598318292581	1.0	0.4657292029366015	0.4424736105935827	0.4421972036277873	1.0	0.13447701174032678	0.1114410391071611	0.09866492981614935	0.21877884103220377	0.09084183650167421	0.42440135865064094	0.74551343442257	0.3498527753713452	0.2217914228822867	0.13961511331741616	1.0	0.16083444246581988	1.0	0.08454160406460345
lv	0.6898763056065778	0.7455134344225701	1.0	0.560699196998003	0.4460739608386516	0.5244064416239907	0.5851209309004779	0.47750935907427716	0.4504026453955956	0.46070386936558927	0.4635402964809687	0.3778163640089941	0.4714149244412964	0.5221512016386843	0.47106488125471485	0.3484328867961832	0.4657292029366015	1.0	0.6590675637199679	0.5820235868523631	1.0	0.48080477788569365	0.46549055069749923	0.46559646051342407	0.5361701033217864	0.48675329472484885	0.42529063263507405	0.7510341748895938	0.5350457396644367	0.4013435516510632	0.49797426276092405	1.0	0.43367934008620085	1.0	0.42644294485612055
mk	0.6365854480366636	0.5167016446991861	1.0	0.6288326725280946	0.5103524843980062	0.39824052873608967	0.5140369857154828	0.3750113315615467	0.4019366703388556	0.3657204148201744	0.44633795141531446	0.5250430620116636	0.46477901936892235	0.49803472552549355	0.4161829631968474	0.4826985311165538	0.4424736105935827	0.6590675637199679	1.0	1.0	1.0	0.511170885197421	0.469325479578721	0.36437652410748095	0.49353179690494936	0.37600683248098743	0.40642590306372833	1.0	0.587055418139538	0.4309958876004352	0.5016096531839742	1.0	0.4673219679201642	1.0	0.34753201192352084
ml	0.7863954451402115	0.388878943088341	0.0	0.7584325078215763	0.411818468474491	0.46995765223428126	0.6994017365373274	0.44778151723945886	0.46995765223428126	0.4418363905978606	0.4225626260115173	0.6559692196466879	0.430592312550075	0.5750952611403896	0.27910369465255946	0.46995765223428126	0.4421972036277873	0.5820235868523631	1.0	1.0	1.0	0.46995765223428126	0.46995765223428126	0.430592312550075	0.5380919918816396	0.44222778452955247	1.0	0.7584325078215763	0.5113228801421531	0.452838449164868	0.4909741891334685	1.0	0.5079367751456951	1.0	0.37326252987174696
mr	0.7904418227032118	1.0	1.0	1.0	1.0	1.0	1.0	1.0	1.0	1.0	1.0	1.0	1.0	1.0	1.0	1.0	1.0	1.0	1.0	1.0	1.0	1.0	1.0	1.0	1.0	1.0	1.0	1.0	1.0	1.0	1.0	1.0	1.0	1.0	1.0
nl	0.34461234225542553	0.4433326197068351	1.0	0.4487695356748017	0.39849322148413663	0.13758707512608068	0.29287840314570396	0.09540248152768524	0.11976570042218189	0.10580680078160257	0.13305182300232882	0.20495954567544514	0.16758820145643313	0.2557765628776817	0.1145324945084665	0.12178066013973775	0.13447701174032678	0.48080477788569365	0.511170885197421	0.46995765223428126	1.0	1.0	0.14506217490185774	0.13005264733341868	0.3149495163029697	0.10449721642139159	0.3796613410437577	0.74551343442257	0.40651961152768773	0.2540049333252488	0.1882467500757845	1.0	0.1939824638900559	1.0	0.09761015679526557
pl	0.526465787759833	0.4466185754138337	1.0	0.42096543399834097	0.3297138888059425	0.10693771326762778	0.29790699286094424	0.09127113693108346	0.1007744132230656	0.0894570935779405	0.11517733976182383	0.1908263670824502	0.16228362407975513	0.24902996238277417	0.09098991926152346	0.10628366878870292	0.1114410391071611	0.46549055069749923	0.469325479578721	0.46995765223428126	1.0	0.14506217490185774	1.0	0.11723342499090365	0.2296990518873443	0.10138350641353765	0.4342441116426385	0.6572846022672738	0.40028400428549193	0.23453480443107352	0.18423717154121927	1.0	0.1855674400246665	1.0	0.09699030021177525
pt	0.30121652212335603	0.38178462223413834	1.0	0.373859698018098	0.2823129799728615	0.09202752756706833	0.2734637978844035	0.07041280231160665	0.08210084168225541	0.07359285809763218	0.10712948081494561	0.18395694087888764	0.13809380618130457	0.21582095217986222	0.08250223934451349	0.09608359417171812	0.09866492981614935	0.46559646051342407	0.36437652410748095	0.430592312550075	1.0	0.13005264733341868	0.11723342499090365	1.0	0.22979934251797624	0.08429315014954222	0.3806465112668028	0.74551343442257	0.3425538310178784	0.21811111527116242	0.148609131070966	1.0	0.17130597540089462	1.0	0.07990081906282742
ro	0.450824529554464	0.6120728798628604	1.0	0.4921976965623265	0.4689381446558707	0.21392003006544183	0.3352258898343362	0.22709326314586822	0.21255648493175291	0.20599360756915924	0.231781086070382	0.31170764434604126	0.2525399953991032	0.2897906893785395	0.14035806745887566	0.21197100148198253	0.21877884103220377	0.5361701033217864	0.49353179690494936	0.5380919918816396	1.0	0.3149495163029697	0.2296990518873443	0.22979934251797624	1.0	0.2218524802953684	0.37847694406403193	0.7510341748895938	0.4894604606329509	0.3418630990346981	0.251682623078494	1.0	0.2835480103423727	1.0	0.19350619498127
ru	0.4315566138788964	0.39492444258767584	1.0	0.39287492568575355	0.27570950142869	0.07533897277678755	0.2708477729825514	0.05125159314403209	0.08303015419060884	0.06283347941719009	0.09895449190500161	0.2062382872682766	0.128706662260149	0.22863179325401056	0.07594740179052718	0.08728868899952688	0.09084183650167421	0.48675329472484885	0.37600683248098743	0.44222778452955247	1.0	0.10449721642139159	0.10138350641353765	0.08429315014954222	0.2218524802953684	1.0	0.43370522840059944	0.74551343442257	0.3682808828396354	0.20015695767701874	0.1447748804875345	1.0	0.1480468928333579	1.0	0.07825034864892445
sh	0.5098380322730673	0.3901843281828091	1.0	0.4493075654568811	0.4778791371151451	0.3942824233532216	0.5423137835021168	0.37571928759363715	0.28710226920213316	0.4004606751322924	0.4094730944645806	0.4061490587462309	0.3600782308137683	0.38712037684506256	0.3708751222566559	0.357511755382084	0.42440135865064094	0.42529063263507405	0.40642590306372833	1.0	1.0	0.3796613410437577	0.4342441116426385	0.3806465112668028	0.37847694406403193	0.43370522840059944	1.0	0.4470243838006413	0.4052420905634654	0.3775040394508953	0.32989621807550346	1.0	0.3767979873746653	1.0	0.3968797074869969
si	1.0	0.7584325078215763	0.0	1.0	0.7584325078215765	0.74551343442257	0.7690990303325336	0.74551343442257	0.74551343442257	0.74551343442257	0.74551343442257	0.6236815385159508	0.7510341748895938	0.7510341748895938	0.74551343442257	0.74551343442257	0.74551343442257	0.7510341748895938	1.0	0.7584325078215763	1.0	0.74551343442257	0.6572846022672738	0.74551343442257	0.7510341748895938	0.74551343442257	0.4470243838006413	1.0	1.0	0.5930575252732007	0.7510341748895938	1.0	0.7510341748895938	1.0	0.74551343442257
simple	0.34320751118950144	1.0	1.0	0.6538836485984503	0.45515282284331776	0.4262271214689349	0.34186440813750074	0.3773673198397131	0.3481718970836128	0.35384485026971446	0.356496072234024	0.548831259588921	0.3190271910037397	0.46433311001911315	0.2091420642195128	0.30475831235163015	0.3498527753713452	0.5350457396644367	0.587055418139538	0.5113228801421531	1.0	0.40651961152768773	0.40028400428549193	0.3425538310178784	0.4894604606329509	0.3682808828396354	0.4052420905634654	1.0	1.0	0.41304774168622443	0.44509489322662854	1.0	0.38822123265401604	1.0	0.2962570502038297
sr	0.48883320892650395	0.3781893527550419	1.0	0.43569450770128393	0.3790666424372264	0.2497221751610694	0.32866052577605626	0.19344580039833073	0.19546971140524086	0.19425252037794605	0.14762277217759334	0.22890244690527634	0.2585609686968365	0.27573947975688584	0.15057037286670086	0.1890648460720427	0.2217914228822867	0.4013435516510632	0.4309958876004352	0.452838449164868	1.0	0.2540049333252488	0.23453480443107352	0.21811111527116242	0.3418630990346981	0.20015695767701874	0.3775040394508953	0.5930575252732007	0.41304774168622443	1.0	0.2804045060758599	1.0	0.30926179741560456	1.0	0.18294566057300773
sv	0.5036481322344365	0.4437577683208607	1.0	0.4262681885282919	0.3374925475662581	0.1705148730981469	0.25423689283686945	0.09109631275942565	0.12426256675916063	0.11942933553260934	0.14592789851478488	0.24394650285670916	0.15556144304631359	0.25946092794863707	0.11330565258957928	0.13183904873282326	0.13961511331741616	0.49797426276092405	0.5016096531839742	0.4909741891334685	1.0	0.1882467500757845	0.18423717154121927	0.148609131070966	0.251682623078494	0.1447748804875345	0.32989621807550346	0.7510341748895938	0.44509489322662854	0.2804045060758599	1.0	1.0	0.24291616541414623	1.0	0.11210855526341205
te	0.0	1.0	0.0	1.0	1.0	1.0	1.0	1.0	1.0	1.0	1.0	1.0	1.0	1.0	1.0	1.0	1.0	1.0	1.0	1.0	1.0	1.0	1.0	1.0	1.0	1.0	1.0	1.0	1.0	1.0	1.0	1.0	1.0	1.0	1.0
vi	0.6171958725056237	0.42810972375565715	1.0	0.42508095505526905	0.3547141055581922	0.17364213434650097	0.31558305424047767	0.12895877359605426	0.15974995571450054	0.1449517639596253	0.17793292933879853	0.255576936855883	0.20480676296672348	0.2766902368156183	0.15582497734831133	0.15664627702268266	0.16083444246581988	0.43367934008620085	0.4673219679201642	0.5079367751456951	1.0	0.1939824638900559	0.1855674400246665	0.17130597540089462	0.2835480103423727	0.1480468928333579	0.3767979873746653	0.7510341748895938	0.38822123265401604	0.30926179741560456	0.24291616541414623	1.0	1.0	1.0	0.13377778715067634
war	1.0	1.0	0.0	1.0	1.0	1.0	1.0	1.0	1.0	1.0	1.0	1.0	1.0	1.0	1.0	1.0	1.0	1.0	1.0	1.0	1.0	1.0	1.0	1.0	1.0	1.0	1.0	1.0	1.0	1.0	1.0	1.0	1.0	1.0	1.0
zh	0.3493879196536103	0.36861569387792453	1.0	0.33523355177682257	0.24689409554082414	0.08676135158590206	0.22623251368729214	0.06884185566455421	0.08068252962358173	0.07328099660594162	0.0859926622239481	0.18302346203108705	0.11812117043630625	0.22057901004970681	0.07265669167115346	0.07819910928323863	0.08454160406460345	0.42644294485612055	0.34753201192352084	0.37326252987174696	1.0	0.09761015679526557	0.09699030021177525	0.07990081906282742	0.19350619498127	0.07825034864892445	0.3968797074869969	0.74551343442257	0.2962570502038297	0.18294566057300773	0.11210855526341205	1.0	0.13377778715067634	1.0	1.0
