arz	bs	ceb	ckb	da	de	el	en	es	fr	he	hi	hu	id	it	ja	ko	lv	mk	ml	mr	nl	pl	pt	ro	ru	sh	si	simple	sr	sv	te	vi	war	zh
arz	0.01725387337128865	0.03225806451612903	0.5	0.058823529411764705	0.02702702702702703	0.02	0.029411764705882353	0.0196078431372549	0.0196078431372549	0.02	0.02127704843820733	0.027777777777777776	0.027777777777777776	0.025	0.02040816326530612	0.02040816326530612	0.020408996251561846	0.037037037037037035	0.03225806451612903	0.041666666666666664	0.05	0.02040816326530612	0.02040816326530612	0.02040816326530612	0.022727272727272728	0.02040816326530612	0.02564168310322156	0.05555555555555555	0.02564102564102564	0.021739130434782608	0.020833333333333332	0.047619047619047616	0.023809523809523808	0.07142857142857142	0.021739130434782608
bs	0.03225806451612903	0.004824182442744636	0.16666666666666666	0.019230769230769232	0.007575814967860423	0.005181373996617359	0.007633646057922033	0.004926399621441918	0.005181373996617359	0.005154718886172814	0.006060679522497705	0.00819712456328944	0.008130543988366712	0.006493632990386237	0.005347707969916211	0.005681947314049587	0.006211257281740674	0.010526315789473684	0.009615661982248521	0.011904761904761904	0.02173960302457467	0.005347650776401956	0.005319148936170213	0.00523587620953373	0.008264736015299501	0.0053193470179097166	0.006451779396462018	0.02127659574468085	0.007353157439446366	0.006060679522497705	0.00552522816763835	0.019230769230769232	0.00662256041401693	0.027777777777777776	0.00571454693877551
ceb	0.5	0.16666666666666666	0.125078140625	0.2	0.16666666666666666	0.125	0.14285714285714285	0.125	0.125	0.125	0.125	0.125	0.14285714285714285	0.125	0.14285714285714285	0.125	0.125	0.2	0.14287755102040817	0.14285714285714285	0.16666666666666666	0.14285714285714285	0.125	0.125015625	0.125	0.125	0.16666666666666666	0.16666666666666666	0.14285714285714285	0.125	0.14285714285714285	0.25	0.14285714285714285	0.16666666666666666	0.14285714285714285
ckb	0.058823529411764705	0.019230769230769232	0.2	0.009618713942400147	0.012987181649519312	0.01	0.013333333333333334	0.009708832123668583	0.009900990099009901	0.010101010101010102	0.010752803792345937	0.014705882352941176	0.014084705415592145	0.011494252873563218	0.0100001	0.010526426592797785	0.010869801512287334	0.014925595901091559	0.01587326782564878	0.017544167436134194	0.029411764705882353	0.010416666666666666	0.010309384631735573	0.01	0.012987012987012988	0.01020408163265306	0.013513696128560994	0.02702702702702703	0.012345831428135955	0.012195121951219513	0.01086968336483932	0.02631578947368421	0.011494252873563218	0.034482758620689655	0.010869565217391304
da	0.02702702702702703	0.007575814967860423	0.16666666666666666	0.012987181649519312	0.0020004602438939453	0.0022321528220663267	0.004444523456790124	0.0020790798881401788	0.0022075152649250274	0.002188202960033325	0.002638550274643034	0.004854463215194647	0.003921599384851981	0.0033444816053511705	0.0022624741508159127	0.002451016435986159	0.0027548512927926903	0.0059171947760932745	0.0058823529411764705	0.007246534341524889	0.014492963663095989	0.002314841606652949	0.002352952249134948	0.002222251851851852	0.003968253968253968	0.002369735641607331	0.004273595587698152	0.016393711367911852	0.0035088211757463837	0.003257392661991108	0.002415493943849331	0.013333688888888888	0.0034246927190842566	0.023809523809523808	0.0025641946088099934
de	0.02	0.005181373996617359	0.125	0.01	0.0022321528220663267	0.00036268978708445157	0.002512613317845509	0.0004067052674022331	0.0005543310996504441	0.000548870014133875	0.001144180469081369	0.0028653459331204174	0.0023866462369205007	0.0015873217435122193	0.0005797420740187352	0.0008741549105396347	0.0012820808678500983	0.004405305750160104	0.0038168667327078843	0.004807715421597633	0.01098901098901099	0.0007622020932480665	0.0005787097318672838	0.0006561942442357105	0.00232559221200649	0.0007102615749895075	0.0024570205675856784	0.011904761904761904	0.002036688917836748	0.0014285918367346938	0.0009425426024743248	0.008403361344537815	0.0015923845794961254	0.022222222222222223	0.0010953370398851198
el	0.029411764705882353	0.007633646057922033	0.14285714285714285	0.013333333333333334	0.004444523456790124	0.002512613317845509	0.0022434050798803215	0.002288460435986992	0.002457032641307825	0.0024876488205737477	0.0030303856749311292	0.0047621315419501134	0.004629672496570645	0.0035212011505653643	0.002590733986147279	0.0027028268882395906	0.0030770082840236687	0.0059525581065759635	0.0056819795971074375	0.007874077748155496	0.014085102162269388	0.0027027319211102995	0.0025974430764041153	0.002518993211047592	0.004098478231658156	0.0026811520315678256	0.004587303257301574	0.01587351977828168	0.00387599903851932	0.003533631347625766	0.0028091386898750153	0.012345679012345678	0.003571492346938776	0.023255813953488372	0.002898752379752153
en	0.0196078431372549	0.004926399621441918	0.125	0.009708832123668583	0.0020790798881401788	0.0004067052674022331	0.002288460435986992	0.00021375658143902017	0.00043939646297731956	0.00043392871048376523	0.0009941000132406349	0.0025446069576365014	0.0022422580435962915	0.0014124872342717604	0.00045736761999398386	0.000731151818625819	0.001128771377182813	0.004115327947975411	0.0035337687073131144	0.004386118825023084	0.010526869806094182	0.0006592292423941534	0.0004785050729149968	0.00052123049938073	0.0021787536654942776	0.0005629172617574252	0.0022076370968134927	0.011364023760330577	0.0017700211512256241	0.0012438522576792648	0.0008238677815688182	0.008000128	0.001353260542993219	0.022222222222222223	0.0008875390444813151
es	0.0196078431372549	0.005181373996617359	0.125	0.009900990099009901	0.0022075152649250274	0.0005543310996504441	0.002457032641307825	0.00043939646297731956	0.000424520800563033	0.0005714540411428567	0.0011160863772022478	0.002754843703754297	0.002352957785467128	0.0015408439225001861	0.0005865374411984757	0.0008665939299370127	0.0012376559283403584	0.004219409282700422	0.003676524653979239	0.004545454545454545	0.010752688172043012	0.0007734011863511596	0.0006222852803675889	0.0006250277355468746	0.0023201963813717624	0.0007194705279229846	0.002369679477100694	0.011627906976744186	0.0019685194370388736	0.001383137344589644	0.0009354816982728669	0.008333333333333333	0.0014992616135710254	0.022222222222222223	0.0010384776793282925
fr	0.02	0.005154718886172814	0.125	0.010101010101010102	0.002188202960033325	0.000548870014133875	0.0024876488205737477	0.00043392871048376523	0.0005714540411428567	0.0003977548573533762	0.0011325579852992662	0.0028169887006546323	0.0023810544274376418	0.0015773194080944178	0.0006021256215748829	0.000879609588410612	0.0012500546874999992	0.004273613850536927	0.0036766057796280274	0.004629693930041152	0.01086968336483932	0.000771629348613016	0.0006357501371078781	0.0006584149732122542	0.002288387120422686	0.0007430612899604562	0.0024097140368703725	0.011764705882352941	0.0019380258097470102	0.0014430410058115682	0.0009329211014076063	0.008474719908072394	0.0015267711695122657	0.022222222222222223	0.001077752282905859
he	0.02127704843820733	0.006060679522497705	0.125	0.010752803792345937	0.002638550274643034	0.001144180469081369	0.0030303856749311292	0.0009941000132406349	0.0011160863772022478	0.0011325579852992662	0.000984272180130263	0.0033784582838865163	0.002949939523672784	0.0021141872577984965	0.0011601358748607076	0.0013889602739197522	0.0016750895740567714	0.004807761649408284	0.004255482136713445	0.005649749433432283	0.011765121107266433	0.0012886764002550748	0.001204836697633909	0.0011534690610079427	0.0028248906763701366	0.0012854246965061018	0.0029070612493239585	0.0125	0.0023585183784264863	0.0019455744977213885	0.0013889776331018511	0.009259259259259259	0.00200806035386526	0.023809523809523808	0.001531513181009312
hi	0.027777777777777776	0.00819712456328944	0.125	0.014705882352941176	0.004854463215194647	0.0028653459331204174	0.0047621315419501134	0.0025446069576365014	0.002754843703754297	0.0028169887006546323	0.0033784582838865163	0.0025293023309595495	0.005076245200855471	0.0036232409157739972	0.0029499569356340443	0.0030304591460055094	0.0033445710898088385	0.006579033933518006	0.006451821019771072	0.006802813688787125	0.012987518974531959	0.003039559871028538	0.003012093554942662	0.0028012695274188108	0.004629672496570645	0.0030212666916147163	0.005025251912830484	0.01449338374291115	0.004115378753238835	0.00386106349040712	0.0031747442680776015	0.01086968336483932	0.0035842679307819783	0.024390243902439025	0.003174834981103552
hu	0.027777777777777776	0.008130543988366712	0.14285714285714285	0.014084705415592145	0.003921599384851981	0.0023866462369205007	0.004629672496570645	0.0022422580435962915	0.002352957785467128	0.0023810544274376418	0.002949939523672784	0.005076245200855471	0.0021929867838460996	0.003521139158897044	0.00248767976040197	0.0027934287319372046	0.003125078134765625	0.006369507890786645	0.00609767251635931	0.007752298539751215	0.014085102162269388	0.0025510399312786342	0.0024450116929059544	0.002398150544312751	0.004166701388888889	0.002531799391123217	0.00456631431788328	0.016393711367911852	0.003984174854367391	0.003401395251978343	0.0027933975219250336	0.011627906976744186	0.0035461118656003217	0.024390243902439025	0.0028903237745998866
id	0.025	0.006493632990386237	0.125	0.011494252873563218	0.0033444816053511705	0.0015873217435122193	0.0035212011505653643	0.0014124872342717604	0.0015408439225001861	0.0015773194080944178	0.0021141872577984965	0.0036232409157739972	0.003521139158897044	0.0013740849260361237	0.0016103396734268398	0.0018904092002244132	0.0022272161348406007	0.0053475935828877	0.004975198633697185	0.005848055812044732	0.012048483088982435	0.0017301157792650951	0.0016978015167718296	0.0015699104712287033	0.0033557497410026576	0.0016921017747887797	0.0033784012052593135	0.013158067867036011	0.0030211662909246906	0.0024154647716399446	0.0018797451806207245	0.009900990099009901	0.002403875046227811	0.023255813953488372	0.0020704748230735265
it	0.02040816326530612	0.005347707969916211	0.14285714285714285	0.0100001	0.0022624741508159127	0.0005797420740187352	0.002590733986147279	0.00045736761999398386	0.0005865374411984757	0.0006021256215748829	0.0011601358748607076	0.0029499569356340443	0.00248767976040197	0.0016103396734268398	0.0004421843378722398	0.0009125736195671713	0.0013004983504153963	0.0043479395085066165	0.0038024259422573697	0.004695034076131279	0.011494649227110581	0.0007943133524406635	0.0006574889971259259	0.0006515995127846438	0.002409690811438525	0.0007560207606792799	0.0024511005442618217	0.012658388078833521	0.002032611210258443	0.0014556634058592826	0.0009824601379549256	0.008695652173913044	0.0016077945870079913	0.022727272727272728	0.0010848092976799984
ja	0.02040816326530612	0.005681947314049587	0.125	0.010526426592797785	0.002451016435986159	0.0008741549105396347	0.0027028268882395906	0.000731151818625819	0.0008665939299370127	0.000879609588410612	0.0013889602739197522	0.0030304591460055094	0.0027934287319372046	0.0018904092002244132	0.0009125736195671713	0.000719212943396832	0.0014307461671220479	0.004629779685356653	0.004082015860074985	0.004975322393010073	0.01086968336483932	0.001078796364372667	0.0009506173303792154	0.0009243733236920065	0.002702761139517896	0.0010440407795566202	0.0027474414472889743	0.011904903628117915	0.0021506162608394028	0.0017731219537498108	0.001186412719923618	0.008772006771314251	0.0018084163710028146	0.022222222222222223	0.001280668803423497
ko	0.020408996251561846	0.006211257281740674	0.125	0.010869801512287334	0.0027548512927926903	0.0012820808678500983	0.0030770082840236687	0.001128771377182813	0.0012376559283403584	0.0012500546874999992	0.0016750895740567714	0.0033445710898088385	0.003125078134765625	0.0022272161348406007	0.0013004983504153963	0.0014307461671220479	0.0011256093712662873	0.005076193666417584	0.004651292590589507	0.005494505494505495	0.011363894628099173	0.001432681176673426	0.0013736565632170026	0.0012788606906679045	0.002890231890474122	0.00138515282264562	0.00297625248015873	0.01250015625	0.002386725986978884	0.002040882969596001	0.0015314826891552466	0.009709020642850409	0.002057655510677573	0.022727272727272728	0.0016209084265660415
lv	0.037037037037037035	0.010526315789473684	0.2	0.014925595901091559	0.0059171947760932745	0.004405305750160104	0.0059525581065759635	0.004115327947975411	0.004219409282700422	0.004273613850536927	0.004807761649408284	0.006579033933518006	0.006369507890786645	0.0053475935828877	0.0043479395085066165	0.004629779685356653	0.005076193666417584	0.004123932009836294	0.0076924260355029596	0.008849792466128907	0.01587351977828168	0.00446436543367347	0.004366831296123262	0.004291845493562232	0.005848021613487911	0.004504646538430322	0.0065360331496433	0.017543859649122806	0.005882387543252595	0.005347736566673339	0.00469494588816152	0.015625	0.005102144939608497	0.025	0.004831034563233681
mk	0.03225806451612903	0.009615661982248521	0.14287755102040817	0.01587326782564878	0.0058823529411764705	0.0038168667327078843	0.0056819795971074375	0.0035337687073131144	0.003676524653979239	0.0036766057796280274	0.004255482136713445	0.006451821019771072	0.00609767251635931	0.004975198633697185	0.0038024259422573697	0.004082015860074985	0.004651292590589507	0.0076924260355029596	0.0034768082327621746	0.009709114902441323	0.018518518518518517	0.003984095490547769	0.003937054374108748	0.0037038545953360772	0.005347707969916211	0.003937240405480811	0.006060826446280991	0.018518861454046638	0.005376719852006012	0.0047848721412055584	0.004000207999999999	0.01694972708991669	0.004762018140589569	0.02631578947368421	0.004219729744164931
ml	0.041666666666666664	0.011904761904761904	0.14285714285714285	0.017544167436134194	0.007246534341524889	0.004807715421597633	0.007874077748155496	0.004386118825023084	0.004545454545454545	0.004629693930041152	0.005649749433432283	0.006802813688787125	0.007752298539751215	0.005848055812044732	0.004695034076131279	0.004975322393010073	0.005494505494505495	0.008849792466128907	0.009709114902441323	0.0043618393963429595	0.016667777777777778	0.004975124378109453	0.0049504950495049506	0.004695034076153342	0.006711409395973154	0.004926253997913078	0.007299376631679898	0.018182479338842972	0.006451654526534859	0.006289347731497963	0.0052634072299168975	0.014084507042253521	0.005813987290427258	0.024390243902439025	0.00531943189791761
mr	0.05	0.02173960302457467	0.16666666666666666	0.029411764705882353	0.014492963663095989	0.01098901098901099	0.014085102162269388	0.010526869806094182	0.010752688172043012	0.01086968336483932	0.011765121107266433	0.012987518974531959	0.014085102162269388	0.012048483088982435	0.011494649227110581	0.01086968336483932	0.011363894628099173	0.01587351977828168	0.018518518518518517	0.016667777777777778	0.01056155984410353	0.011363765495867768	0.011364152892561982	0.011111234567901236	0.013513513513513514	0.011494913462808825	0.014925373134328358	0.029412629757785465	0.012048337930033388	0.012820677186061802	0.011494781344959702	0.02040816326530612	0.011236460042923871	0.03225806451612903	0.010990339451757033
nl	0.02040816326530612	0.005347650776401956	0.14285714285714285	0.010416666666666666	0.002314841606652949	0.0007622020932480665	0.0027027319211102995	0.0006592292423941534	0.0007734011863511596	0.000771629348613016	0.0012886764002550748	0.003039559871028538	0.0025510399312786342	0.0017301157792650951	0.0007943133524406635	0.001078796364372667	0.001432681176673426	0.00446436543367347	0.003984095490547769	0.004975124378109453	0.011363765495867768	0.0006350508239309671	0.0008474655271473713	0.0008467715995787087	0.0025575447570332483	0.0009225705021718109	0.0025839926820637113	0.012345679012345678	0.0021367932281393816	0.0016077351350792487	0.0010764621866168579	0.008695727788279773	0.0017482731459973592	0.022222222222222223	0.0012532003614927037
pl	0.02040816326530612	0.005319148936170213	0.125	0.010309384631735573	0.002352952249134948	0.0005787097318672838	0.0025974430764041153	0.0004785050729149968	0.0006222852803675889	0.0006357501371078781	0.001204836697633909	0.003012093554942662	0.0024450116929059544	0.0016978015167718296	0.0006574889971259259	0.0009506173303792154	0.0013736565632170026	0.004366831296123262	0.003937054374108748	0.0049504950495049506	0.011364152892561982	0.0008474655271473713	0.0004505056879005115	0.0007230987384776087	0.002475253651602784	0.0007943329091699409	0.00250001875	0.012195121951219513	0.0021186710042013783	0.0014903307339846881	0.001041704645182291	0.008771929824561403	0.0016778607945588035	0.022727272727272728	0.0011481649449476094
pt	0.02040816326530612	0.00523587620953373	0.125015625	0.01	0.002222251851851852	0.0006561942442357105	0.002518993211047592	0.00052123049938073	0.0006250277355468746	0.0006584149732122542	0.0011534690610079427	0.0028012695274188108	0.002398150544312751	0.0015699104712287033	0.0006515995127846438	0.0009243733236920065	0.0012788606906679045	0.004291845493562232	0.0037038545953360772	0.004695034076153342	0.011111234567901236	0.0008467715995787087	0.0007230987384776087	0.0005126489578409671	0.002283178009215821	0.0007881903858898731	0.0023810600907029473	0.011765121107266433	0.001957027584912741	0.0014663251111531545	0.0009873032755822863	0.00847457627118644	0.0015361714672688358	0.022727272727272728	0.0010931542213932963
ro	0.022727272727272728	0.008264736015299501	0.125	0.012987012987012988	0.003968253968253968	0.00232559221200649	0.004098478231658156	0.0021787536654942776	0.0023201963813717624	0.002288387120422686	0.0028248906763701366	0.004629672496570645	0.004166701388888889	0.0033557497410026576	0.002409690811438525	0.002702761139517896	0.002890231890474122	0.005848021613487911	0.005347707969916211	0.006711409395973154	0.013513513513513514	0.0025575447570332483	0.002475253651602784	0.002283178009215821	0.0021199063813331876	0.002433149223601565	0.00432906054983977	0.015384852071005919	0.0037175135777559733	0.0031250390625	0.0026738110898224137	0.012345679012345678	0.0033003300330033004	0.023809523809523808	0.002817012497520333
ru	0.02040816326530612	0.0053193470179097166	0.125	0.01020408163265306	0.002369735641607331	0.0007102615749895075	0.0026811520315678256	0.0005629172617574252	0.0007194705279229846	0.0007430612899604562	0.0012854246965061018	0.0030212666916147163	0.002531799391123217	0.0016921017747887797	0.0007560207606792799	0.0010440407795566202	0.00138515282264562	0.004504646538430322	0.003937240405480811	0.004926253997913078	0.011494913462808825	0.0009225705021718109	0.0007943329091699409	0.0007881903858898731	0.002433149223601565	0.000531634595522028	0.0025001187499999996	0.011904903628117915	0.002164623976312287	0.0015129531425589519	0.0011027255038369966	0.008547008547008548	0.0016893033235938638	0.022222222222222223	0.0012394752944096647
sh	0.02564168310322156	0.006451779396462018	0.16666666666666666	0.013513696128560994	0.004273595587698152	0.0024570205675856784	0.004587303257301574	0.0022076370968134927	0.002369679477100694	0.0024097140368703725	0.0029070612493239585	0.005025251912830484	0.00456631431788328	0.0033784012052593135	0.0024511005442618217	0.0027474414472889743	0.00297625248015873	0.0065360331496433	0.006060826446280991	0.007299376631679898	0.014925373134328358	0.0025839926820637113	0.00250001875	0.0023810600907029473	0.00432906054983977	0.0025001187499999996	0.002142286213956142	0.014925373134328358	0.0038168230289610163	0.0024155464596606682	0.002710218050689992	0.012048337930033388	0.003484393400429773	0.023809523809523808	0.002907154213426176
si	0.05555555555555555	0.02127659574468085	0.16666666666666666	0.02702702702702703	0.016393711367911852	0.011904761904761904	0.01587351977828168	0.011364023760330577	0.011627906976744186	0.011764705882352941	0.0125	0.01449338374291115	0.016393711367911852	0.013158067867036011	0.012658388078833521	0.011904903628117915	0.01250015625	0.017543859649122806	0.018518861454046638	0.018182479338842972	0.029412629757785465	0.012345679012345678	0.012195121951219513	0.011765121107266433	0.015384852071005919	0.011904903628117915	0.014925373134328358	0.01138692765685157	0.013333333333333334	0.013158067867036011	0.012500624999999998	0.027777777777777776	0.01282084155161078	0.03571428571428571	0.011765259515570933
simple	0.02564102564102564	0.007353157439446366	0.14285714285714285	0.012345831428135955	0.0035088211757463837	0.002036688917836748	0.00387599903851932	0.0017700211512256241	0.0019685194370388736	0.0019380258097470102	0.0023585183784264863	0.004115378753238835	0.003984174854367391	0.0030211662909246906	0.002032611210258443	0.0021506162608394028	0.002386725986978884	0.005882387543252595	0.005376719852006012	0.006451654526534859	0.012048337930033388	0.0021367932281393816	0.0021186710042013783	0.001957027584912741	0.0037175135777559733	0.002164623976312287	0.0038168230289610163	0.013333333333333334	0.001757169540270464	0.002967403076543775	0.0022422479991604494	0.010989252505736022	0.002809051887387956	0.023255813953488372	0.002267733115327471
sr	0.021739130434782608	0.006060679522497705	0.125	0.012195121951219513	0.003257392661991108	0.0014285918367346938	0.003533631347625766	0.0012438522576792648	0.001383137344589644	0.0014430410058115682	0.0019455744977213885	0.00386106349040712	0.003401395251978343	0.0024154647716399446	0.0014556634058592826	0.0017731219537498108	0.002040882969596001	0.005347736566673339	0.0047848721412055584	0.006289347731497963	0.012820677186061802	0.0016077351350792487	0.0014903307339846881	0.0014663251111531545	0.0031250390625	0.0015129531425589519	0.0024155464596606682	0.013158067867036011	0.002967403076543775	0.0012147289317303884	0.0017857716868622446	0.010204185755935027	0.0025380968332087916	0.023255813953488372	0.0019121921405116128
sv	0.020833333333333332	0.00552522816763835	0.14285714285714285	0.01086968336483932	0.002415493943849331	0.0009425426024743248	0.0028091386898750153	0.0008238677815688182	0.0009354816982728669	0.0009329211014076063	0.0013889776331018511	0.0031747442680776015	0.0027933975219250336	0.0018797451806207245	0.0009824601379549256	0.001186412719923618	0.0015314826891552466	0.00469494588816152	0.004000207999999999	0.0052634072299168975	0.011494781344959702	0.0010764621866168579	0.001041704645182291	0.0009873032755822863	0.0026738110898224137	0.0011027255038369966	0.002710218050689992	0.012500624999999998	0.0022422479991604494	0.0017857716868622446	0.0008127795645431708	0.00925943072702332	0.0019194484289403587	0.022222222222222223	0.0014067230164582672
te	0.047619047619047616	0.019230769230769232	0.25	0.02631578947368421	0.013333688888888888	0.008403361344537815	0.012345679012345678	0.008000128	0.008333333333333333	0.008474719908072394	0.009259259259259259	0.01086968336483932	0.011627906976744186	0.009900990099009901	0.008695652173913044	0.008772006771314251	0.009709020642850409	0.015625	0.01694972708991669	0.014084507042253521	0.02040816326530612	0.008695727788279773	0.008771929824561403	0.00847457627118644	0.012345679012345678	0.008547008547008548	0.012048337930033388	0.027777777777777776	0.010989252505736022	0.010204185755935027	0.00925943072702332	0.00800762407245729	0.009901088128614842	0.04	0.00884963583679223
vi	0.023809523809523808	0.00662256041401693	0.14285714285714285	0.011494252873563218	0.0034246927190842566	0.0015923845794961254	0.003571492346938776	0.001353260542993219	0.0014992616135710254	0.0015267711695122657	0.00200806035386526	0.0035842679307819783	0.0035461118656003217	0.002403875046227811	0.0016077945870079913	0.0018084163710028146	0.002057655510677573	0.005102144939608497	0.004762018140589569	0.005813987290427258	0.011236460042923871	0.0017482731459973592	0.0016778607945588035	0.0015361714672688358	0.0033003300330033004	0.0016893033235938638	0.003484393400429773	0.01282084155161078	0.002809051887387956	0.0025380968332087916	0.0019194484289403587	0.009901088128614842	0.0013527132157399168	0.022727272727272728	0.0018976952496894451
war	0.07142857142857142	0.027777777777777776	0.16666666666666666	0.034482758620689655	0.023809523809523808	0.022222222222222223	0.023255813953488372	0.022222222222222223	0.022222222222222223	0.022222222222222223	0.023809523809523808	0.024390243902439025	0.024390243902439025	0.023255813953488372	0.022727272727272728	0.022222222222222223	0.022727272727272728	0.025	0.02631578947368421	0.024390243902439025	0.03225806451612903	0.022222222222222223	0.022727272727272728	0.022727272727272728	0.023809523809523808	0.022222222222222223	0.023809523809523808	0.03571428571428571	0.023255813953488372	0.023255813953488372	0.022222222222222223	0.04	0.022727272727272728	0.022223703703703704	0.022222222222222223
zh	0.021739130434782608	0.00571454693877551	0.14285714285714285	0.010869565217391304	0.0025641946088099934	0.0010953370398851198	0.002898752379752153	0.0008875390444813151	0.0010384776793282925	0.001077752282905859	0.001531513181009312	0.003174834981103552	0.0028903237745998866	0.0020704748230735265	0.0010848092976799984	0.001280668803423497	0.0016209084265660415	0.004831034563233681	0.004219729744164931	0.00531943189791761	0.010990339451757033	0.0012532003614927037	0.0011481649449476094	0.0010931542213932963	0.002817012497520333	0.0012394752944096647	0.002907154213426176	0.011765259515570933	0.002267733115327471	0.0019121921405116128	0.0014067230164582672	0.00884963583679223	0.0018976952496894451	0.022222222222222223	0.0008976083683355281
