arz	bs	ceb	ckb	da	de	el	en	es	fr	he	hi	hu	id	it	ja	ko	lv	mk	ml	mr	nl	pl	pt	ro	ru	sh	si	simple	sr	sv	te	vi	war	zh
arz	1.0	0.029850746268656716	0.0	0.08333333333333333	0.02564102564102564	0.0	0.019230769230769232	0.0	0.0	0.0	0.0	0.0	0.03409090909090909	0.10344827586206896	0.008	0.0	0.0	0.05555555555555555	0.08	0.0	0.0	0.0	0.02564102564102564	0.0	0.016129032258064516	0.02040816326530612	0.05454545454545454	0.0	0.0	0.0	0.0	0.0	0.0	0.0	0.0
bs	0.029850746268656716	1.0	0.0	0.027777777777777776	0.07446808510638298	0.017857142857142856	0.25274725274725274	0.03255813953488372	0.04032258064516129	0.04046242774566474	0.1	0.0	0.216	0.13414634146341464	0.07471264367816093	0.021739130434782608	0.16279069767441862	0.05263157894736842	0.17333333333333334	0.14084507042253522	0.03076923076923077	0.0425531914893617	0.08602150537634409	0.13513513513513514	0.18095238095238095	0.04716981132075472	0.23958333333333334	0.0	0.0759493670886076	0.12658227848101267	0.02247191011235955	0.0	0.044444444444444446	0.0	0.11494252873563218
ceb	0.0	0.0	0.0	0.0	0.0	0.0	0.0	0.0	0.0	0.0	0.0	0.0	0.0	0.0	0.0	0.0	0.0	0.0	0.0	0.0	0.0	0.0	0.0	0.0	0.0	0.0	0.0	0.0	0.0	0.0	0.0	0.0	0.0	0.0	0.0
ckb	0.08333333333333333	0.027777777777777776	0.0	1.0	0.022727272727272728	0.017543859649122806	0.017543859649122806	0.006060606060606061	0.013888888888888888	0.0	0.023809523809523808	0.0	0.02127659574468085	0.05714285714285714	0.007692307692307693	0.0	0.044444444444444446	0.043478260869565216	0.03225806451612903	0.08695652173913043	0.1	0.024390243902439025	0.022727272727272728	0.06060606060606061	0.07936507936507936	0.018518518518518517	0.10526315789473684	0.0	0.0	0.06451612903225806	0.06060606060606061	0.0	0.0	0.0	0.014705882352941176
da	0.02564102564102564	0.07446808510638298	0.0	0.022727272727272728	1.0	0.024096385542168676	0.024096385542168676	0.010471204188481676	0.02040816326530612	0.027210884353741496	0.0	0.0	0.0423728813559322	0.03225806451612903	0.039473684210526314	0.01818181818181818	0.025423728813559324	0.04081632653061224	0.05357142857142857	0.0196078431372549	0.0	0.014705882352941176	0.043478260869565216	0.043010752688172046	0.05555555555555555	0.0379746835443038	0.0975609756097561	0.0	0.037037037037037035	0.05263157894736842	0.03333333333333333	0.0	0.0	0.0	0.07142857142857142
de	0.0	0.017857142857142856	0.0	0.017543859649122806	0.024096385542168676	1.0	0.020833333333333332	0.014778325123152709	0.008928571428571428	0.044585987261146494	0.0	0.0	0.007407407407407408	0.02666666666666667	0.023952095808383235	0.008064516129032258	0.03076923076923077	0.0	0.014084507042253521	0.015625	0.0	0.05128205128205128	0.0	0.018518518518518517	0.009345794392523364	0.0	0.00980392156862745	0.0	0.014705882352941176	0.0	0.0	0.0	0.0	0.0	0.04093567251461988
el	0.019230769230769232	0.25274725274725274	0.0	0.017543859649122806	0.024096385542168676	0.020833333333333332	1.0	0.03	0.02727272727272727	0.031446540880503145	0.0375	0.0	0.1623931623931624	0.1	0.05555555555555555	0.03305785123966942	0.10743801652892562	0.015873015873015872	0.07462686567164178	0.06557377049180328	0.0	0.05128205128205128	0.1038961038961039	0.0891089108910891	0.1134020618556701	0.0	0.14444444444444443	0.0	0.078125	0.10606060606060606	0.0273972602739726	0.0	0.04	0.0	0.09876543209876543
en	0.0	0.03255813953488372	0.0	0.006060606060606061	0.010471204188481676	0.014778325123152709	0.03	1.0	0.03271028037383177	0.046153846153846156	0.032432432432432434	0.0	0.025210084033613446	0.016483516483516484	0.056818181818181816	0.05429864253393665	0.05217391304347826	0.0	0.011235955056179775	0.005813953488372093	0.006329113924050633	0.010638297872340425	0.021164021164021163	0.0430622009569378	0.043478260869565216	0.030456852791878174	0.024271844660194174	0.0	0.017241379310344827	0.0111731843575419	0.016666666666666666	0.0	0.010869565217391304	0.0	0.055350553505535055
es	0.0	0.04032258064516129	0.0	0.013888888888888888	0.02040816326530612	0.008928571428571428	0.02727272727272727	0.03271028037383177	1.0	0.017045454545454544	0.020833333333333332	0.0	0.04861111111111111	0.022222222222222223	0.01639344262295082	0.014492753623188406	0.027586206896551724	0.01282051282051282	0.03571428571428571	0.0	0.0	0.021052631578947368	0.02040816326530612	0.041666666666666664	0.025	0.03773584905660377	0.02608695652173913	0.0	0.012048192771084338	0.03529411764705882	0.0	0.0	0.03333333333333333	0.0	0.06043956043956044
fr	0.0	0.04046242774566474	0.0	0.0	0.027210884353741496	0.044585987261146494	0.031446540880503145	0.046153846153846156	0.017045454545454544	1.0	0.006756756756756757	0.0	0.041237113402061855	0.007042253521126761	0.048672566371681415	0.015957446808510637	0.030927835051546393	0.007751937984496124	0.022222222222222223	0.031496062992125984	0.0	0.05714285714285714	0.02027027027027027	0.03529411764705882	0.017543859649122806	0.00625	0.03680981595092025	0.0	0.007462686567164179	0.014598540145985401	0.029197080291970802	0.0	0.014084507042253521	0.0	0.05172413793103448
he	0.0	0.1	0.0	0.023809523809523808	0.0	0.0	0.0375	0.032432432432432434	0.020833333333333332	0.006756756756756757	1.0	0.0	0.06140350877192982	0.05084745762711865	0.04697986577181208	0.028037383177570093	0.07207207207207207	0.020833333333333332	0.03636363636363636	0.0	0.0	0.0	0.029411764705882353	0.05555555555555555	0.0449438202247191	0.02564102564102564	0.07317073170731707	0.0	0.018867924528301886	0.07407407407407407	0.09090909090909091	0.0	0.03278688524590164	0.0	0.04487179487179487
hi	0.0	0.0	0.0	0.0	0.0	0.0	0.0	0.0	0.0	0.0	0.0	1.0	0.0	0.03571428571428571	0.00819672131147541	0.0	0.011764705882352941	0.0	0.0	0.0625	0.0	0.0	0.0	0.0	0.0	0.0	0.0	0.0	0.0	0.0	0.0	0.0	0.0	0.0	0.0
hu	0.03409090909090909	0.216	0.0	0.02127659574468085	0.0423728813559322	0.007407407407407408	0.1623931623931624	0.025210084033613446	0.04861111111111111	0.041237113402061855	0.06140350877192982	0.0	1.0	0.05504587155963303	0.07179487179487179	0.025157232704402517	0.09554140127388536	0.0625	0.0784313725490196	0.061855670103092786	0.011363636363636364	0.034482758620689655	0.07894736842105263	0.11278195488721804	0.13178294573643412	0.031007751937984496	0.13709677419354838	0.0	0.038834951456310676	0.07766990291262135	0.046296296296296294	0.0	0.06422018348623854	0.0	0.06403940886699508
id	0.10344827586206896	0.13414634146341464	0.0	0.05714285714285714	0.03225806451612903	0.02666666666666667	0.1	0.016483516483516484	0.022222222222222223	0.007042253521126761	0.05084745762711865	0.03571428571428571	0.05504587155963303	1.0	0.041666666666666664	0.0196078431372549	0.10784313725490197	0.075	0.0851063829787234	0.07317073170731707	0.0	0.03389830508474576	0.10344827586206896	0.05952380952380952	0.07407407407407407	0.027777777777777776	0.1388888888888889	0.0	0.11627906976744186	0.08333333333333333	0.0	0.0	0.017857142857142856	0.0	0.039735099337748346
it	0.008	0.07471264367816093	0.0	0.007692307692307693	0.039473684210526314	0.023952095808383235	0.05555555555555555	0.056818181818181816	0.01639344262295082	0.048672566371681415	0.04697986577181208	0.00819672131147541	0.07179487179487179	0.041666666666666664	1.0	0.042105263157894736	0.05612244897959184	0.04580152671755725	0.02112676056338028	0.0072992700729927005	0.0	0.026490066225165563	0.01935483870967742	0.057803468208092484	0.05232558139534884	0.024390243902439025	0.05389221556886228	0.0	0.02158273381294964	0.013888888888888888	0.0136986301369863	0.0	0.006666666666666667	0.0	0.0546218487394958
ja	0.0	0.021739130434782608	0.0	0.0	0.01818181818181818	0.008064516129032258	0.03305785123966942	0.05429864253393665	0.014492753623188406	0.015957446808510637	0.028037383177570093	0.0	0.025157232704402517	0.0196078431372549	0.042105263157894736	1.0	0.025477707006369428	0.011111111111111112	0.0	0.0	0.0	0.02830188679245283	0.01818181818181818	0.03007518796992481	0.046511627906976744	0.016666666666666666	0.04	0.0	0.0	0.010101010101010102	0.0	0.0	0.0	0.0	0.06217616580310881
ko	0.0	0.16279069767441862	0.0	0.044444444444444446	0.025423728813559324	0.03076923076923077	0.10743801652892562	0.05217391304347826	0.027586206896551724	0.030927835051546393	0.07207207207207207	0.011764705882352941	0.09554140127388536	0.10784313725490197	0.05612244897959184	0.025477707006369428	1.0	0.030927835051546393	0.09090909090909091	0.041237113402061855	0.011627906976744186	0.04424778761061947	0.06140350877192982	0.11450381679389313	0.06666666666666667	0.0234375	0.1487603305785124	0.0	0.11702127659574468	0.05825242718446602	0.027777777777777776	0.0	0.045871559633027525	0.0	0.08080808080808081
lv	0.05555555555555555	0.05263157894736842	0.0	0.043478260869565216	0.04081632653061224	0.0	0.015873015873015872	0.0	0.01282051282051282	0.007751937984496124	0.020833333333333332	0.0	0.0625	0.075	0.04580152671755725	0.011111111111111112	0.030927835051546393	1.0	0.02702702702702703	0.03333333333333333	0.0	0.0	0.02	0.013333333333333334	0.07246376811594203	0.05172413793103448	0.078125	0.0	0.0	0.0	0.0	0.0	0.0	0.0	0.02127659574468085
mk	0.08	0.17333333333333334	0.0	0.03225806451612903	0.05357142857142857	0.014084507042253521	0.07462686567164178	0.011235955056179775	0.03571428571428571	0.022222222222222223	0.03636363636363636	0.0	0.0784313725490196	0.0851063829787234	0.02112676056338028	0.0	0.09090909090909091	0.02702702702702703	1.0	0.02631578947368421	0.0	0.01818181818181818	0.05357142857142857	0.06329113924050633	0.07894736842105263	0.014705882352941176	0.11594202898550725	0.0	0.16216216216216217	0.09302325581395349	0.0	0.0	0.04	0.0	0.0410958904109589
ml	0.0	0.14084507042253522	0.0	0.08695652173913043	0.0196078431372549	0.015625	0.06557377049180328	0.005813953488372093	0.0	0.031496062992125984	0.0	0.0625	0.061855670103092786	0.07317073170731707	0.0072992700729927005	0.0	0.041237113402061855	0.03333333333333333	0.02631578947368421	1.0	0.058823529411764705	0.08888888888888889	0.0	0.06944444444444445	0.08695652173913043	0.0	0.12903225806451613	0.0	0.0	0.08108108108108109	0.024390243902439025	0.0	0.046511627906976744	0.0	0.02112676056338028
mr	0.0	0.03076923076923077	0.0	0.1	0.0	0.0	0.0	0.006329113924050633	0.0	0.0	0.0	0.0	0.011363636363636364	0.0	0.0	0.0	0.011627906976744186	0.0	0.0	0.058823529411764705	1.0	0.0	0.0	0.016129032258064516	0.016666666666666666	0.0	0.01818181818181818	0.0	0.0	0.0	0.0	0.0	0.0	0.0	0.0
nl	0.0	0.0425531914893617	0.0	0.024390243902439025	0.014705882352941176	0.05128205128205128	0.05128205128205128	0.010638297872340425	0.021052631578947368	0.05714285714285714	0.0	0.0	0.034482758620689655	0.03389830508474576	0.026490066225165563	0.02830188679245283	0.04424778761061947	0.0	0.01818181818181818	0.08888888888888889	0.0	1.0	0.029850746268656716	0.021739130434782608	0.033707865168539325	0.01282051282051282	0.023529411764705882	0.0	0.0	0.03636363636363636	0.017241379310344827	0.0	0.03333333333333333	0.0	0.038461538461538464
pl	0.02564102564102564	0.08602150537634409	0.0	0.022727272727272728	0.043478260869565216	0.0	0.1038961038961039	0.021164021164021163	0.02040816326530612	0.02027027027027027	0.029411764705882353	0.0	0.07894736842105263	0.10344827586206896	0.01935483870967742	0.01818181818181818	0.06140350877192982	0.02	0.05357142857142857	0.0	0.0	0.029850746268656716	1.0	0.10227272727272728	0.09195402298850575	0.0	0.07142857142857142	0.0	0.0	0.07142857142857142	0.03333333333333333	0.0	0.015625	0.0	0.04430379746835443
pt	0.0	0.13513513513513514	0.0	0.06060606060606061	0.043010752688172046	0.018518518518518517	0.0891089108910891	0.0430622009569378	0.041666666666666664	0.03529411764705882	0.05555555555555555	0.0	0.11278195488721804	0.05952380952380952	0.057803468208092484	0.03007518796992481	0.11450381679389313	0.013333333333333334	0.06329113924050633	0.06944444444444445	0.016129032258064516	0.021739130434782608	0.10227272727272728	1.0	0.12149532710280374	0.01904761904761905	0.12745098039215685	0.0	0.06578947368421052	0.13333333333333333	0.04819277108433735	0.0	0.034482758620689655	0.0	0.04395604395604396
ro	0.016129032258064516	0.18095238095238095	0.0	0.07936507936507936	0.05555555555555555	0.009345794392523364	0.1134020618556701	0.043478260869565216	0.025	0.017543859649122806	0.0449438202247191	0.0	0.13178294573643412	0.07407407407407407	0.05232558139534884	0.046511627906976744	0.06666666666666667	0.07246376811594203	0.07894736842105263	0.08695652173913043	0.016666666666666666	0.033707865168539325	0.09195402298850575	0.12149532710280374	1.0	0.029411764705882353	0.17708333333333334	0.0	0.05333333333333334	0.05063291139240506	0.036585365853658534	0.0	0.023255813953488372	0.0	0.09302325581395349
ru	0.02040816326530612	0.04716981132075472	0.0	0.018518518518518517	0.0379746835443038	0.0	0.0	0.030456852791878174	0.03773584905660377	0.00625	0.02564102564102564	0.0	0.031007751937984496	0.027777777777777776	0.024390243902439025	0.016666666666666666	0.0234375	0.05172413793103448	0.014705882352941176	0.0	0.0	0.01282051282051282	0.0	0.01904761904761905	0.029411764705882353	1.0	0.02040816326530612	0.0	0.015384615384615385	0.029411764705882353	0.0	0.0	0.041666666666666664	0.0	0.04790419161676647
sh	0.05454545454545454	0.23958333333333334	0.0	0.10526315789473684	0.0975609756097561	0.00980392156862745	0.14444444444444443	0.024271844660194174	0.02608695652173913	0.03680981595092025	0.07317073170731707	0.0	0.13709677419354838	0.1388888888888889	0.05389221556886228	0.04	0.1487603305785124	0.078125	0.11594202898550725	0.12903225806451613	0.01818181818181818	0.023529411764705882	0.07142857142857142	0.12745098039215685	0.17708333333333334	0.02040816326530612	1.0	0.0	0.08823529411764706	0.012987012987012988	0.03896103896103896	0.0	0.0375	0.0	0.10909090909090909
si	0.0	0.0	0.0	0.0	0.0	0.0	0.0	0.0	0.0	0.0	0.0	0.0	0.0	0.0	0.0	0.0	0.0	0.0	0.0	0.0	0.0	0.0	0.0	0.0	0.0	0.0	0.0	0.0	0.0	0.0	0.0	0.0	0.0	0.0	0.0
simple	0.0	0.0759493670886076	0.0	0.0	0.037037037037037035	0.014705882352941176	0.078125	0.017241379310344827	0.012048192771084338	0.007462686567164179	0.018867924528301886	0.0	0.038834951456310676	0.11627906976744186	0.02158273381294964	0.0	0.11702127659574468	0.0	0.16216216216216217	0.0	0.0	0.0	0.0	0.06578947368421052	0.05333333333333334	0.015384615384615385	0.08823529411764706	0.0	1.0	0.023255813953488372	0.022222222222222223	0.0	0.0425531914893617	0.0	0.013605442176870748
sr	0.0	0.12658227848101267	0.0	0.06451612903225806	0.05263157894736842	0.0	0.10606060606060606	0.0111731843575419	0.03529411764705882	0.014598540145985401	0.07407407407407407	0.0	0.07766990291262135	0.08333333333333333	0.013888888888888888	0.010101010101010102	0.05825242718446602	0.0	0.09302325581395349	0.08108108108108109	0.0	0.03636363636363636	0.07142857142857142	0.13333333333333333	0.05063291139240506	0.029411764705882353	0.012987012987012988	0.0	0.023255813953488372	1.0	0.02040816326530612	0.0	0.08163265306122448	0.0	0.04081632653061224
sv	0.0	0.02247191011235955	0.0	0.06060606060606061	0.03333333333333333	0.0	0.0273972602739726	0.016666666666666666	0.0	0.029197080291970802	0.09090909090909091	0.0	0.046296296296296294	0.0	0.0136986301369863	0.0	0.027777777777777776	0.0	0.0	0.024390243902439025	0.0	0.017241379310344827	0.03333333333333333	0.04819277108433735	0.036585365853658534	0.0	0.03896103896103896	0.0	0.022222222222222223	0.02040816326530612	1.0	0.0	0.0	0.0	0.0472972972972973
te	0.0	0.0	0.0	0.0	0.0	0.0	0.0	0.0	0.0	0.0	0.0	0.0	0.0	0.0	0.0	0.0	0.0	0.0	0.0	0.0	0.0	0.0	0.0	0.0	0.0	0.0	0.0	0.0	0.0	0.0	0.0	0.0	0.0	0.0	0.0
vi	0.0	0.044444444444444446	0.0	0.0	0.0	0.0	0.04	0.010869565217391304	0.03333333333333333	0.014084507042253521	0.03278688524590164	0.0	0.06422018348623854	0.017857142857142856	0.006666666666666667	0.0	0.045871559633027525	0.0	0.04	0.046511627906976744	0.0	0.03333333333333333	0.015625	0.034482758620689655	0.023255813953488372	0.041666666666666664	0.0375	0.0	0.0425531914893617	0.08163265306122448	0.0	0.0	1.0	0.0	0.025974025974025976
war	0.0	0.0	0.0	0.0	0.0	0.0	0.0	0.0	0.0	0.0	0.0	0.0	0.0	0.0	0.0	0.0	0.0	0.0	0.0	0.0	0.0	0.0	0.0	0.0	0.0	0.0	0.0	0.0	0.0	0.0	0.0	0.0	0.0	0.0	0.0
zh	0.0	0.11494252873563218	0.0	0.014705882352941176	0.07142857142857142	0.04093567251461988	0.09876543209876543	0.055350553505535055	0.06043956043956044	0.05172413793103448	0.04487179487179487	0.0	0.06403940886699508	0.039735099337748346	0.0546218487394958	0.06217616580310881	0.08080808080808081	0.02127659574468085	0.0410958904109589	0.02112676056338028	0.0	0.038461538461538464	0.04430379746835443	0.04395604395604396	0.09302325581395349	0.04790419161676647	0.10909090909090909	0.0	0.013605442176870748	0.04081632653061224	0.0472972972972973	0.0	0.025974025974025976	0.0	1.0
