arz	bs	ceb	ckb	da	de	el	en	es	fr	he	hi	hu	id	it	ja	ko	lv	mk	ml	mr	nl	pl	pt	ro	ru	sh	si	simple	sr	sv	te	tr	vi	war	zh
arz	1.0	1.0	0.14229378603797288	1.0	1.0	1.0	1.0	1.0	1.0	1.0	1.0	1.0	1.0	1.0	1.0	1.0	1.0	1.0	0.0	1.0	1.0	1.0	1.0	1.0	1.0	1.0	1.0	0.0	1.0	1.0	1.0	1.0	0.585786437626905	1.0	1.0	1.0
bs	1.0	1.0	0.09916293945813748	0.585786437626905	0.585786437626905	0.44948974278317805	0.585786437626905	0.4142135623730951	0.44948974278317805	0.44948974278317805	0.585786437626905	0.585786437626905	0.585786437626905	0.585786437626905	0.44948974278317805	0.585786437626905	0.585786437626905	0.585786437626905	1.0	1.0	0.585786437626905	0.4142135623730951	0.44948974278317805	0.4142135623730951	0.44948974278317805	0.44948974278317805	0.30552726787943424	0.0	0.585786437626905	0.44948974278317805	0.585786437626905	1.0	0.13193653257558574	0.585786437626905	1.0	0.44948974278317805
ceb	0.14229378603797288	0.09916293945813748	1.0	0.010782344299732426	0.09118280325463306	0.07756404953878179	0.010165479946199178	0.05919966430432397	0.06348535539259544	0.06024906824340421	0.010598767441710549	0.01106881534168874	0.041502988522502254	0.07702028358325269	0.10431895706010401	0.010165479946199178	0.010165479946199178	0.05259303347049958	0.010782344299732426	0.010782344299732426	0.010782344299732426	0.10245142778036741	0.08666464626574222	0.06249986162598974	0.09001375219864668	0.010165479946199178	0.06033465039091011	0.04066067995005732	0.10071669305683745	0.010598767441710549	0.06777569561671802	0.013600657436370964	-1.0	0.0672752842635478	0.01078566440383818	0.07484064842222984
ckb	1.0	0.585786437626905	0.010782344299732426	1.0	1.0	1.0	1.0	1.0	1.0	1.0	1.0	1.0	1.0	1.0	1.0	1.0	1.0	1.0	1.0	1.0	1.0	1.0	0.585786437626905	0.585786437626905	1.0	1.0	0.585786437626905	0.0	1.0	1.0	1.0	1.0	1.0	1.0	1.0	1.0
da	1.0	0.585786437626905	0.09118280325463306	1.0	1.0	0.5	1.0	0.3333333333333333	0.5	0.5	1.0	1.0	0.585786437626905	1.0	0.35388936786452296	1.0	1.0	1.0	1.0	1.0	1.0	0.4142135623730951	0.44948974278317805	0.35388936786452296	1.0	1.0	0.22966848451216434	1.0	1.0	0.585786437626905	1.0	1.0	0.2284989041564256	1.0	1.0	1.0
de	1.0	0.44948974278317805	0.07756404953878179	1.0	0.5	1.0	1.0	0.061733409363350714	0.14014675455354708	0.20658711810431302	0.585786437626905	1.0	0.585786437626905	0.585786437626905	0.143701097509447	0.4142135623730951	0.585786437626905	1.0	1.0	1.0	1.0	0.19038733311557218	0.1680743603534397	0.10809335447936956	1.0	0.3090169943749474	0.07757878504430359	1.0	0.5	0.14600036634471603	0.27429188517743175	1.0	0.1442305756265959	0.585786437626905	1.0	0.44948974278317805
el	1.0	0.585786437626905	0.010165479946199178	1.0	1.0	1.0	1.0	0.5	0.585786437626905	1.0	1.0	1.0	0.585786437626905	1.0	1.0	1.0	1.0	1.0	1.0	1.0	1.0	0.5	1.0	1.0	1.0	1.0	0.39564392373896007	1.0	1.0	1.0	1.0	1.0	0.585786437626905	1.0	1.0	1.0
en	1.0	0.4142135623730951	0.05919966430432397	1.0	0.3333333333333333	0.061733409363350714	0.5	1.0	0.04960244523532271	0.045497240620837126	0.5	0.585786437626905	0.5	0.5	0.07934581024163705	0.1744328890878361	0.36602540378443865	1.0	1.0	1.0	1.0	0.1512290518085545	0.03355277264177283	0.03306633527578141	0.44948974278317805	0.16330595576157622	0.07245245604969171	1.0	0.35388936786452296	0.12105862717760289	0.20521309615767264	1.0	0.13109144152134003	0.32449979983983984	1.0	0.21393876913398135
es	1.0	0.44948974278317805	0.06348535539259544	1.0	0.5	0.14014675455354708	0.585786437626905	0.04960244523532271	1.0	0.18627359303375404	1.0	1.0	0.585786437626905	0.585786437626905	0.20342651452257512	0.585786437626905	0.585786437626905	1.0	1.0	1.0	1.0	0.23302402810392372	0.14923419446018063	0.07142857142857142	0.44948974278317805	0.28172904669025317	0.07444533105873331	1.0	0.5	0.17983341921194707	0.2449655295864104	1.0	0.170303582283054	1.0	1.0	0.39564392373896007
fr	1.0	0.44948974278317805	0.06024906824340421	1.0	0.5	0.20658711810431302	1.0	0.045497240620837126	0.18627359303375404	1.0	1.0	1.0	0.585786437626905	0.585786437626905	0.1896812679802183	0.585786437626905	1.0	1.0	1.0	1.0	1.0	0.2193450929151803	0.18660549686337075	0.07742110133200698	0.585786437626905	0.38742588672279304	0.08975169340420112	1.0	0.585786437626905	0.1951941016011038	0.2674788903885893	1.0	0.14568821556539965	0.585786437626905	1.0	0.44948974278317805
he	1.0	0.585786437626905	0.010598767441710549	1.0	1.0	0.585786437626905	1.0	0.5	1.0	1.0	1.0	1.0	0.585786437626905	0.585786437626905	0.585786437626905	1.0	1.0	1.0	1.0	1.0	1.0	0.4142135623730951	0.585786437626905	0.353889367864523	1.0	1.0	0.23800671553691075	1.0	0.5	0.3483314773547883	0.585786437626905	1.0	0.585786437626905	1.0	1.0	1.0
hi	1.0	0.585786437626905	0.01106881534168874	1.0	1.0	1.0	1.0	0.585786437626905	1.0	1.0	1.0	1.0	0.585786437626905	1.0	1.0	1.0	1.0	1.0	1.0	1.0	1.0	0.5	1.0	0.585786437626905	1.0	1.0	0.39564392373896007	1.0	1.0	1.0	1.0	1.0	0.5	1.0	1.0	1.0
hu	1.0	0.585786437626905	0.041502988522502254	1.0	0.585786437626905	0.585786437626905	0.585786437626905	0.5	0.585786437626905	0.585786437626905	0.585786437626905	0.585786437626905	1.0	0.585786437626905	0.585786437626905	0.585786437626905	0.585786437626905	0.585786437626905	1.0	1.0	1.0	0.5	0.585786437626905	0.3380788308512194	0.585786437626905	0.585786437626905	0.3333333333333333	1.0	0.585786437626905	1.0	0.585786437626905	1.0	0.5	0.585786437626905	1.0	0.585786437626905
id	1.0	0.585786437626905	0.07702028358325269	1.0	1.0	0.585786437626905	1.0	0.5	0.585786437626905	0.585786437626905	0.585786437626905	1.0	0.585786437626905	1.0	0.5	1.0	1.0	1.0	1.0	1.0	1.0	0.5	1.0	0.4142135623730951	1.0	1.0	0.39564392373896007	1.0	1.0	0.5	1.0	1.0	0.21290885543182675	1.0	1.0	1.0
it	1.0	0.44948974278317805	0.10431895706010401	1.0	0.35388936786452296	0.143701097509447	1.0	0.07934581024163705	0.20342651452257512	0.1896812679802183	0.585786437626905	1.0	0.585786437626905	0.5	1.0	0.32449979983983984	0.585786437626905	1.0	1.0	1.0	1.0	0.2061257833323215	0.1531341974426711	0.09478220443341263	0.5	0.38742588672279304	0.08741800739807289	1.0	0.44948974278317805	0.18541948236599776	0.3660254037844386	1.0	0.13081877164219008	0.5	1.0	0.5
ja	1.0	0.585786437626905	0.010165479946199178	1.0	1.0	0.4142135623730951	1.0	0.1744328890878361	0.585786437626905	0.585786437626905	1.0	1.0	0.585786437626905	1.0	0.32449979983983984	1.0	1.0	1.0	1.0	1.0	1.0	0.36602540378443865	0.44948974278317805	0.21712927295533244	1.0	1.0	0.2553967929896867	1.0	0.585786437626905	0.3483314773547883	0.585786437626905	1.0	0.2211722256431405	1.0	1.0	1.0
ko	1.0	0.585786437626905	0.010165479946199178	1.0	1.0	0.585786437626905	1.0	0.36602540378443865	0.585786437626905	1.0	1.0	1.0	0.585786437626905	1.0	0.585786437626905	1.0	1.0	1.0	1.0	1.0	1.0	0.4142135623730951	0.5	0.28436465220442186	1.0	1.0	0.2857142857142857	1.0	0.585786437626905	0.3430703308172536	0.585786437626905	1.0	0.5	1.0	1.0	1.0
lv	1.0	0.585786437626905	0.05259303347049958	1.0	1.0	1.0	1.0	1.0	1.0	1.0	1.0	1.0	0.585786437626905	1.0	1.0	1.0	1.0	1.0	1.0	1.0	1.0	0.585786437626905	1.0	1.0	1.0	1.0	0.39564392373896007	1.0	1.0	1.0	1.0	1.0	0.3483314773547883	1.0	1.0	1.0
mk	0.0	1.0	0.010782344299732426	1.0	1.0	1.0	1.0	1.0	1.0	1.0	1.0	1.0	1.0	1.0	1.0	1.0	1.0	1.0	1.0	0.0	1.0	1.0	1.0	0.585786437626905	1.0	1.0	1.0	0.0	1.0	1.0	1.0	0.0	0.585786437626905	1.0	0.0	1.0
ml	1.0	1.0	0.010782344299732426	1.0	1.0	1.0	1.0	1.0	1.0	1.0	1.0	1.0	1.0	1.0	1.0	1.0	1.0	1.0	0.0	1.0	1.0	1.0	1.0	1.0	1.0	1.0	1.0	1.0	1.0	0.585786437626905	1.0	1.0	0.3660254037844386	1.0	1.0	1.0
mr	1.0	0.585786437626905	0.010782344299732426	1.0	1.0	1.0	1.0	1.0	1.0	1.0	1.0	1.0	1.0	1.0	1.0	1.0	1.0	1.0	1.0	1.0	1.0	1.0	1.0	1.0	1.0	1.0	0.585786437626905	1.0	1.0	1.0	1.0	1.0	1.0	1.0	1.0	1.0
nl	1.0	0.4142135623730951	0.10245142778036741	1.0	0.4142135623730951	0.19038733311557218	0.5	0.1512290518085545	0.23302402810392372	0.2193450929151803	0.4142135623730951	0.5	0.5	0.5	0.2061257833323215	0.36602540378443865	0.4142135623730951	0.585786437626905	1.0	1.0	1.0	1.0	0.23302402810392372	0.15799872400692302	0.44948974278317805	0.24025307335204216	0.11606071855166515	1.0	0.4142135623730951	0.20063770324354618	0.27429188517743175	1.0	0.06897288370112958	0.5	1.0	0.3660254037844386
pl	1.0	0.44948974278317805	0.08666464626574222	0.585786437626905	0.44948974278317805	0.1680743603534397	1.0	0.03355277264177283	0.14923419446018063	0.18660549686337075	0.585786437626905	1.0	0.585786437626905	1.0	0.1531341974426711	0.44948974278317805	0.5	1.0	1.0	1.0	1.0	0.23302402810392372	1.0	0.07471603824781362	1.0	0.28436465220442186	0.08709833432296658	1.0	0.585786437626905	0.18620744070068682	0.3203772410170407	1.0	0.16184313026362004	0.5	1.0	0.5
pt	1.0	0.4142135623730951	0.06249986162598974	0.585786437626905	0.35388936786452296	0.10809335447936956	1.0	0.03306633527578141	0.07142857142857142	0.07742110133200698	0.353889367864523	0.585786437626905	0.3380788308512194	0.4142135623730951	0.09478220443341263	0.21712927295533244	0.28436465220442186	1.0	0.585786437626905	1.0	1.0	0.15799872400692302	0.07471603824781362	1.0	0.5	0.1393161703394676	0.10477782979607683	1.0	0.28436465220442186	0.1770328407629702	0.25728427444747215	1.0	0.16731736399201527	0.5	1.0	0.21712927295533244
ro	1.0	0.44948974278317805	0.09001375219864668	1.0	1.0	1.0	1.0	0.44948974278317805	0.44948974278317805	0.585786437626905	1.0	1.0	0.585786437626905	1.0	0.5	1.0	1.0	1.0	1.0	1.0	1.0	0.44948974278317805	1.0	0.5	1.0	1.0	0.28989794855663564	1.0	1.0	0.44948974278317805	1.0	1.0	0.44948974278317805	1.0	1.0	1.0
ru	1.0	0.44948974278317805	0.010165479946199178	1.0	1.0	0.3090169943749474	1.0	0.16330595576157622	0.28172904669025317	0.38742588672279304	1.0	1.0	0.585786437626905	1.0	0.38742588672279304	1.0	1.0	1.0	1.0	1.0	1.0	0.24025307335204216	0.28436465220442186	0.1393161703394676	1.0	1.0	0.11822822782770065	1.0	0.585786437626905	0.19900804996708035	0.3430703308172536	1.0	0.18740992571549211	1.0	1.0	1.0
sh	1.0	0.30552726787943424	0.06033465039091011	0.585786437626905	0.22966848451216434	0.07757878504430359	0.39564392373896007	0.07245245604969171	0.07444533105873331	0.08975169340420112	0.23800671553691075	0.39564392373896007	0.3333333333333333	0.39564392373896007	0.08741800739807289	0.2553967929896867	0.2857142857142857	0.39564392373896007	1.0	1.0	0.585786437626905	0.11606071855166515	0.08709833432296658	0.10477782979607683	0.28989794855663564	0.11822822782770065	1.0	1.0	0.27429188517743175	0.07264518199829517	0.12389934309929541	1.0	0.36602540378443865	0.1744328890878361	1.0	0.23582845781094
si	0.0	0.0	0.04066067995005732	0.0	1.0	1.0	1.0	1.0	1.0	1.0	1.0	1.0	1.0	1.0	1.0	1.0	1.0	1.0	0.0	1.0	1.0	1.0	1.0	1.0	1.0	1.0	1.0	1.0	1.0	1.0	1.0	0.0	1.0	1.0	0.0	1.0
simple	1.0	0.585786437626905	0.10071669305683745	1.0	1.0	0.5	1.0	0.35388936786452296	0.5	0.585786437626905	0.5	1.0	0.585786437626905	1.0	0.44948974278317805	0.585786437626905	0.585786437626905	1.0	1.0	1.0	1.0	0.4142135623730951	0.585786437626905	0.28436465220442186	1.0	0.585786437626905	0.27429188517743175	1.0	1.0	0.585786437626905	0.5	1.0	0.23973298812954466	1.0	1.0	0.585786437626905
sr	1.0	0.44948974278317805	0.010598767441710549	1.0	0.585786437626905	0.14600036634471603	1.0	0.12105862717760289	0.17983341921194707	0.1951941016011038	0.3483314773547883	1.0	1.0	0.5	0.18541948236599776	0.3483314773547883	0.3430703308172536	1.0	1.0	0.585786437626905	1.0	0.20063770324354618	0.18620744070068682	0.1770328407629702	0.44948974278317805	0.19900804996708035	0.07264518199829517	1.0	0.585786437626905	1.0	0.2622154943646779	1.0	0.44948974278317805	0.36602540378443865	1.0	0.2521127429279827
sv	1.0	0.585786437626905	0.06777569561671802	1.0	1.0	0.27429188517743175	1.0	0.20521309615767264	0.2449655295864104	0.2674788903885893	0.585786437626905	1.0	0.585786437626905	1.0	0.3660254037844386	0.585786437626905	0.585786437626905	1.0	1.0	1.0	1.0	0.27429188517743175	0.3203772410170407	0.25728427444747215	1.0	0.3430703308172536	0.12389934309929541	1.0	0.5	0.2622154943646779	1.0	1.0	0.2989350844248255	0.585786437626905	1.0	0.585786437626905
te	1.0	1.0	0.013600657436370964	1.0	1.0	1.0	1.0	1.0	1.0	1.0	1.0	1.0	1.0	1.0	1.0	1.0	1.0	1.0	0.0	1.0	1.0	1.0	1.0	1.0	1.0	1.0	1.0	0.0	1.0	1.0	1.0	1.0	1.0	1.0	1.0	1.0
tr	0.585786437626905	0.13193653257558574	-1.0	1.0	0.2284989041564256	0.1442305756265959	0.585786437626905	0.13109144152134003	0.170303582283054	0.14568821556539965	0.585786437626905	0.5	0.5	0.21290885543182675	0.13081877164219008	0.2211722256431405	0.5	0.3483314773547883	0.585786437626905	0.3660254037844386	1.0	0.06897288370112958	0.16184313026362004	0.16731736399201527	0.44948974278317805	0.18740992571549211	0.36602540378443865	1.0	0.23973298812954466	0.44948974278317805	0.2989350844248255	1.0	1.0	0.32449979983983984	1.0	0.28989794855663564
vi	1.0	0.585786437626905	0.0672752842635478	1.0	1.0	0.585786437626905	1.0	0.32449979983983984	1.0	0.585786437626905	1.0	1.0	0.585786437626905	1.0	0.5	1.0	1.0	1.0	1.0	1.0	1.0	0.5	0.5	0.5	1.0	1.0	0.1744328890878361	1.0	1.0	0.36602540378443865	0.585786437626905	1.0	0.32449979983983984	1.0	1.0	1.0
war	1.0	1.0	0.01078566440383818	1.0	1.0	1.0	1.0	1.0	1.0	1.0	1.0	1.0	1.0	1.0	1.0	1.0	1.0	1.0	0.0	1.0	1.0	1.0	1.0	1.0	1.0	1.0	1.0	0.0	1.0	1.0	1.0	1.0	1.0	1.0	1.0	1.0
zh	1.0	0.44948974278317805	0.07484064842222984	1.0	1.0	0.44948974278317805	1.0	0.21393876913398135	0.39564392373896007	0.44948974278317805	1.0	1.0	0.585786437626905	1.0	0.5	1.0	1.0	1.0	1.0	1.0	1.0	0.3660254037844386	0.5	0.21712927295533244	1.0	1.0	0.23582845781094	1.0	0.585786437626905	0.2521127429279827	0.585786437626905	1.0	0.28989794855663564	1.0	1.0	1.0
