arz	bs	ceb	ckb	da	de	el	en	es	fr	he	hi	hu	id	it	ja	ko	lv	mk	ml	mr	nl	pl	pt	ro	ru	sh	si	simple	sr	sv	te	vi	war	zh
arz	1.0	1.0	0.0	1.0	0.585786437626905	1.0	1.0	1.0	1.0	1.0	1.0	1.0	1.0	1.0	1.0	1.0	1.0	1.0	0.0	1.0	0.0	1.0	1.0	0.585786437626905	1.0	1.0	1.0	0.0	1.0	1.0	1.0	0.0	1.0	1.0	1.0
bs	1.0	1.0	1.0	1.0	0.585786437626905	0.5	1.0	0.4142135623730951	0.44948974278317805	0.44948974278317805	1.0	1.0	0.585786437626905	0.5	0.32037724101704074	0.585786437626905	0.585786437626905	1.0	1.0	1.0	1.0	0.5	0.44948974278317805	0.25	1.0	0.585786437626905	0.1372067730376887	0.0	1.0	0.40453726661826384	0.585786437626905	1.0	1.0	1.0	0.585786437626905
ceb	0.0	1.0	1.0	1.0	1.0	1.0	1.0	1.0	1.0	1.0	1.0	1.0	1.0	1.0	1.0	1.0	1.0	1.0	0.0	1.0	0.0	1.0	1.0	1.0	1.0	0.0	1.0	0.0	1.0	1.0	1.0	1.0	1.0	0.0	1.0
ckb	1.0	1.0	1.0	1.0	1.0	1.0	1.0	0.3333333333333333	0.585786437626905	1.0	1.0	1.0	0.5	1.0	0.5	1.0	1.0	1.0	1.0	1.0	1.0	1.0	0.585786437626905	0.1757340838011157	1.0	1.0	0.14593533700330263	1.0	1.0	0.39564392373896007	0.585786437626905	1.0	1.0	1.0	1.0
da	0.585786437626905	0.585786437626905	1.0	1.0	1.0	0.199502021824356	0.585786437626905	0.05222025420135191	0.2025519956555797	0.22522719139308142	0.38742588672279304	0.585786437626905	0.4142135623730951	0.27195617308673004	0.10249527291133238	0.38742588672279304	0.4142135623730951	0.44948974278317805	1.0	0.585786437626905	1.0	0.1951941016011038	0.3203772410170407	0.04869765010767217	0.4142135623730951	0.3660254037844386	0.05078047071337848	1.0	0.30552726787943424	0.16952084719853724	0.25175647872610657	1.0	0.44948974278317805	1.0	0.44948974278317805
de	1.0	0.5	1.0	1.0	0.199502021824356	1.0	0.32449979983983984	0.01576268273378674	0.0812713964807149	0.03317914263570012	0.21089672205953397	0.4142135623730951	0.2061257833323215	0.13500692613874005	0.022746736621958558	0.17411239489546831	0.19404996501286384	0.44948974278317805	0.44948974278317805	0.585786437626905	0.585786437626905	0.08735712805529046	0.09569093761112948	0.018736638005503296	0.28436465220442186	0.1482192845571772	0.03359662478403861	1.0	0.1765633506768389	0.056667707458174246	0.09915788347900298	0.585786437626905	0.22966848451216434	1.0	0.1907435698305462
el	1.0	1.0	1.0	1.0	0.585786437626905	0.32449979983983984	1.0	0.11198991133053499	0.32449979983983984	0.4142135623730951	1.0	1.0	0.44948974278317805	0.2857142857142857	0.1827439976315568	1.0	1.0	0.585786437626905	1.0	1.0	1.0	0.3430703308172536	0.3430703308172536	0.06636715838207037	0.4364916731037085	1.0	0.07564181024639713	1.0	0.3333333333333333	0.2708131845707603	0.32449979983983984	1.0	1.0	1.0	1.0
en	1.0	0.4142135623730951	1.0	0.3333333333333333	0.05222025420135191	0.01576268273378674	0.11198991133053499	1.0	0.014256253949445076	0.01653027206174582	0.0255993162400051	0.09185384978441957	0.1836392492726237	0.03427413156669006	0.026226979933232798	0.022892743871350308	0.0378050695801156	0.23413252028445625	0.39564392373896007	0.2184498952542088	1.0	0.01912377263435804	0.017603871514127872	0.04787494311051737	0.0668720844894187	0.018379944571800477	0.04192592208418147	1.0	0.056931523889484074	0.029261768461176882	0.019740834581866894	0.3430703308172536	0.060683227396108465	1.0	0.026809552472685884
es	1.0	0.44948974278317805	1.0	0.585786437626905	0.2025519956555797	0.0812713964807149	0.32449979983983984	0.014256253949445076	1.0	0.030294067054619192	0.16202097927744855	0.38742588672279304	0.252650308587072	0.1272377905723563	0.02263711777444752	0.16015261286229274	0.16736577623297264	0.29429805508554946	0.585786437626905	0.2857142857142857	0.585786437626905	0.09440449277353473	0.08952355601203271	0.016512247471865485	0.20942771453851886	0.1380262631157473	0.0346007391641045	1.0	0.15331120368114	0.05060413052691779	0.09099185217605002	0.585786437626905	0.2449655295864104	1.0	0.16666666666666666
fr	1.0	0.44948974278317805	1.0	1.0	0.22522719139308142	0.03317914263570012	0.4142135623730951	0.01653027206174582	0.030294067054619192	1.0	0.09062125339460061	0.3797958971132712	0.203075234310397	0.12216423082470154	0.021514129562646415	0.09068041711936155	0.12744483855726596	0.3660254037844386	0.585786437626905	0.5	0.585786437626905	0.04554058702599002	0.05595451697841204	0.01872856687802711	0.24660605559646726	0.07084723420236258	0.03367448603239292	1.0	0.1566130288262323	0.04168658975256475	0.06361251285551753	1.0	0.2928060946961875	1.0	0.11556422070450495
he	1.0	1.0	1.0	1.0	0.38742588672279304	0.21089672205953397	1.0	0.0255993162400051	0.16202097927744855	0.09062125339460061	1.0	1.0	0.2211722256431405	0.19707113830081235	0.06156056044677642	1.0	1.0	0.5	1.0	1.0	1.0	0.15585972716790494	0.1896812679802183	0.026923281570285246	0.39564392373896007	0.585786437626905	0.03734423136292461	1.0	0.24257131419419417	0.07292776379611807	0.1886378647726465	1.0	0.585786437626905	1.0	1.0
hi	1.0	1.0	1.0	1.0	0.585786437626905	0.4142135623730951	1.0	0.09185384978441957	0.38742588672279304	0.3797958971132712	1.0	1.0	0.585786437626905	0.5	0.19612533584707845	1.0	1.0	1.0	1.0	1.0	1.0	0.39564392373896007	0.44948974278317805	0.0695906720513133	1.0	1.0	0.08815170219611888	1.0	0.4142135623730951	0.3430703308172536	0.4142135623730951	1.0	0.585786437626905	1.0	1.0
hu	1.0	0.585786437626905	1.0	0.5	0.4142135623730951	0.2061257833323215	0.44948974278317805	0.1836392492726237	0.252650308587072	0.203075234310397	0.2211722256431405	0.585786437626905	1.0	0.28989794855663564	0.23582845781094	0.3090169943749474	0.3090169943749474	0.44948974278317805	0.585786437626905	0.5	1.0	0.25	0.25824569976124334	0.08994445340430283	0.36602540378443865	0.22696955407408306	0.07448564437020201	1.0	0.44948974278317805	0.2112578701636376	0.25237830515907816	1.0	0.36602540378443865	1.0	0.30901699437494745
id	1.0	0.5	1.0	1.0	0.27195617308673004	0.13500692613874005	0.2857142857142857	0.03427413156669006	0.1272377905723563	0.12216423082470154	0.19707113830081235	0.5	0.28989794855663564	1.0	0.05735849073450422	0.16666666666666666	0.21331887166009167	0.38742588672279304	0.5	0.5	0.585786437626905	0.13458231886763597	0.14005409496739898	0.028425607168540593	0.2402530733520421	0.19803190560151412	0.041320834800836315	1.0	0.2240092377397959	0.10110955003535034	0.14388924163538974	0.585786437626905	0.4142135623730951	1.0	0.1731621355286848
it	1.0	0.32037724101704074	1.0	0.5	0.10249527291133238	0.022746736621958558	0.1827439976315568	0.026226979933232798	0.02263711777444752	0.021514129562646415	0.06156056044677642	0.19612533584707845	0.23582845781094	0.05735849073450422	1.0	0.04142584019082262	0.0656106636816062	0.22772999919644132	0.353889367864523	0.3090169943749474	0.585786437626905	0.03221362717426706	0.030272433321528038	0.03145251979435163	0.14593533700330263	0.04027201862127927	0.03553638732772575	0.585786437626905	0.12230396133076557	0.04568568375591591	0.038243757364982506	0.44948974278317805	0.1296424004863427	1.0	0.08052705118198444
ja	1.0	0.585786437626905	1.0	1.0	0.38742588672279304	0.17411239489546831	1.0	0.022892743871350308	0.16015261286229274	0.09068041711936155	1.0	1.0	0.3090169943749474	0.16666666666666666	0.04142584019082262	1.0	1.0	0.585786437626905	1.0	1.0	1.0	0.17100799366294794	0.1896812679802183	0.02393595958488345	0.39564392373896007	0.5	0.03741204335936039	1.0	0.21089672205953397	0.08516962211558834	0.16202097927744855	1.0	0.585786437626905	1.0	1.0
ko	1.0	0.585786437626905	1.0	1.0	0.4142135623730951	0.19404996501286384	1.0	0.0378050695801156	0.16736577623297264	0.12744483855726596	1.0	1.0	0.3090169943749474	0.21331887166009167	0.0656106636816062	1.0	1.0	1.0	1.0	1.0	1.0	0.2041350519664497	0.2	0.027341343367624834	0.39564392373896007	1.0	0.04231382023572137	1.0	0.23800671553691075	0.07745255900317015	0.179128784747792	1.0	0.585786437626905	1.0	1.0
lv	1.0	1.0	1.0	1.0	0.44948974278317805	0.44948974278317805	0.585786437626905	0.23413252028445625	0.29429805508554946	0.3660254037844386	0.5	1.0	0.44948974278317805	0.38742588672279304	0.22772999919644132	0.585786437626905	1.0	1.0	1.0	1.0	1.0	0.38742588672279304	0.44948974278317805	0.1437155838813476	0.5	0.44948974278317805	0.07656170521190188	1.0	0.5	0.2853029657789964	0.38742588672279304	1.0	1.0	1.0	0.585786437626905
mk	0.0	1.0	0.0	1.0	1.0	0.44948974278317805	1.0	0.39564392373896007	0.585786437626905	0.585786437626905	1.0	1.0	0.585786437626905	0.5	0.353889367864523	1.0	1.0	1.0	1.0	1.0	1.0	1.0	0.585786437626905	0.2	1.0	1.0	0.17253779651421453	1.0	1.0	0.4364916731037085	0.585786437626905	1.0	1.0	1.0	1.0
ml	1.0	1.0	1.0	1.0	0.585786437626905	0.585786437626905	1.0	0.2184498952542088	0.2857142857142857	0.5	1.0	1.0	0.5	0.5	0.3090169943749474	1.0	1.0	1.0	1.0	1.0	1.0	0.585786437626905	0.585786437626905	0.13824471116431267	0.5	1.0	0.08735802007282548	1.0	0.31451985913875646	0.36602540378443865	0.5	1.0	1.0	1.0	1.0
mr	0.0	1.0	0.0	1.0	1.0	0.585786437626905	1.0	1.0	0.585786437626905	0.585786437626905	1.0	1.0	1.0	0.585786437626905	0.585786437626905	1.0	1.0	1.0	1.0	1.0	1.0	1.0	1.0	0.5	1.0	1.0	0.26533119314590375	1.0	1.0	0.585786437626905	0.5	1.0	1.0	1.0	1.0
nl	1.0	0.5	1.0	1.0	0.1951941016011038	0.08735712805529046	0.3430703308172536	0.01912377263435804	0.09440449277353473	0.04554058702599002	0.15585972716790494	0.39564392373896007	0.25	0.13458231886763597	0.03221362717426706	0.17100799366294794	0.2041350519664497	0.38742588672279304	1.0	0.585786437626905	1.0	1.0	0.10689882891979899	0.02226141870967162	0.20942771453851886	0.13853768235555425	0.0354824688662012	1.0	0.16265941452915686	0.058656797669463766	0.10704581962742148	0.5	0.2449655295864104	1.0	0.15585972716790494
pl	1.0	0.44948974278317805	1.0	0.585786437626905	0.3203772410170407	0.09569093761112948	0.3430703308172536	0.017603871514127872	0.08952355601203271	0.05595451697841204	0.1896812679802183	0.44948974278317805	0.25824569976124334	0.14005409496739898	0.030272433321528038	0.1896812679802183	0.2	0.44948974278317805	0.585786437626905	0.585786437626905	1.0	0.10689882891979899	1.0	0.020787113090624726	0.24336073281110826	0.15278212615814146	0.03572096640570772	1.0	0.22753715570049485	0.05584871654252754	0.11519216806670013	1.0	0.22966848451216434	1.0	0.16449072740645634
pt	0.585786437626905	0.25	1.0	0.1757340838011157	0.04869765010767217	0.018736638005503296	0.06636715838207037	0.04787494311051737	0.016512247471865485	0.01872856687802711	0.026923281570285246	0.0695906720513133	0.08994445340430283	0.028425607168540593	0.03145251979435163	0.02393595958488345	0.027341343367624834	0.1437155838813476	0.2	0.13824471116431267	0.5	0.02226141870967162	0.020787113090624726	1.0	0.05029215296933059	0.02142136302700038	0.12909845952683813	1.0	0.04587771548459326	0.027283523386897393	0.02111418799252416	0.2674788903885893	0.03804253649517463	1.0	0.0251653300081291
ro	1.0	1.0	1.0	1.0	0.4142135623730951	0.28436465220442186	0.4364916731037085	0.0668720844894187	0.20942771453851886	0.24660605559646726	0.39564392373896007	1.0	0.36602540378443865	0.2402530733520421	0.14593533700330263	0.39564392373896007	0.39564392373896007	0.5	1.0	0.5	1.0	0.20942771453851886	0.24336073281110826	0.05029215296933059	1.0	0.39564392373896007	0.0552662438026916	1.0	0.2612038749637414	0.18090731123429274	0.28172904669025317	1.0	0.5	1.0	0.39564392373896007
ru	1.0	0.585786437626905	0.0	1.0	0.3660254037844386	0.1482192845571772	1.0	0.018379944571800477	0.1380262631157473	0.07084723420236258	0.585786437626905	1.0	0.22696955407408306	0.19803190560151412	0.04027201862127927	0.5	1.0	0.44948974278317805	1.0	1.0	1.0	0.13853768235555425	0.15278212615814146	0.02142136302700038	0.39564392373896007	1.0	0.036184108967867896	1.0	0.2187841884486319	0.0587481701554197	0.13565184163711103	1.0	0.585786437626905	1.0	0.585786437626905
sh	1.0	0.1372067730376887	1.0	0.14593533700330263	0.05078047071337848	0.03359662478403861	0.07564181024639713	0.04192592208418147	0.0346007391641045	0.03367448603239292	0.03734423136292461	0.08815170219611888	0.07448564437020201	0.041320834800836315	0.03553638732772575	0.03741204335936039	0.04231382023572137	0.07656170521190188	0.17253779651421453	0.08735802007282548	0.26533119314590375	0.0354824688662012	0.03572096640570772	0.12909845952683813	0.0552662438026916	0.036184108967867896	1.0	1.0	0.05679493079273843	0.03597820477490827	0.0367010468819506	0.12219988139184167	0.052863622479505934	0.5	0.03968709540654529
si	0.0	0.0	0.0	1.0	1.0	1.0	1.0	1.0	1.0	1.0	1.0	1.0	1.0	1.0	0.585786437626905	1.0	1.0	1.0	1.0	1.0	1.0	1.0	1.0	1.0	1.0	1.0	1.0	1.0	1.0	1.0	1.0	1.0	1.0	1.0	1.0
simple	1.0	1.0	1.0	1.0	0.30552726787943424	0.1765633506768389	0.3333333333333333	0.056931523889484074	0.15331120368114	0.1566130288262323	0.24257131419419417	0.4142135623730951	0.44948974278317805	0.2240092377397959	0.12230396133076557	0.21089672205953397	0.23800671553691075	0.5	1.0	0.31451985913875646	1.0	0.16265941452915686	0.22753715570049485	0.04587771548459326	0.2612038749637414	0.2187841884486319	0.05679493079273843	1.0	1.0	0.16666666666666666	0.19033635633678647	1.0	0.3660254037844386	1.0	0.2474401533514073
sr	1.0	0.40453726661826384	1.0	0.39564392373896007	0.16952084719853724	0.056667707458174246	0.2708131845707603	0.029261768461176882	0.05060413052691779	0.04168658975256475	0.07292776379611807	0.3430703308172536	0.2112578701636376	0.10110955003535034	0.04568568375591591	0.08516962211558834	0.07745255900317015	0.2853029657789964	0.4364916731037085	0.36602540378443865	0.585786437626905	0.058656797669463766	0.05584871654252754	0.027283523386897393	0.18090731123429274	0.0587481701554197	0.03597820477490827	1.0	0.16666666666666666	1.0	0.07513975830625363	0.29429805508554946	0.15730101423796208	1.0	0.0764106360765917
sv	1.0	0.585786437626905	1.0	0.585786437626905	0.25175647872610657	0.09915788347900298	0.32449979983983984	0.019740834581866894	0.09099185217605002	0.06361251285551753	0.1886378647726465	0.4142135623730951	0.25237830515907816	0.14388924163538974	0.038243757364982506	0.16202097927744855	0.179128784747792	0.38742588672279304	0.585786437626905	0.5	0.5	0.10704581962742148	0.11519216806670013	0.02111418799252416	0.28172904669025317	0.13565184163711103	0.0367010468819506	1.0	0.19033635633678647	0.07513975830625363	1.0	0.5	0.19404996501286384	1.0	0.17491720310721423
te	0.0	1.0	1.0	1.0	1.0	0.585786437626905	1.0	0.3430703308172536	0.585786437626905	1.0	1.0	1.0	1.0	0.585786437626905	0.44948974278317805	1.0	1.0	1.0	1.0	1.0	1.0	0.5	1.0	0.2674788903885893	1.0	1.0	0.12219988139184167	1.0	1.0	0.29429805508554946	0.5	1.0	0.585786437626905	1.0	1.0
vi	1.0	1.0	1.0	1.0	0.44948974278317805	0.22966848451216434	1.0	0.060683227396108465	0.2449655295864104	0.2928060946961875	0.585786437626905	0.585786437626905	0.36602540378443865	0.4142135623730951	0.1296424004863427	0.585786437626905	0.585786437626905	1.0	1.0	1.0	1.0	0.2449655295864104	0.22966848451216434	0.03804253649517463	0.5	0.585786437626905	0.052863622479505934	1.0	0.3660254037844386	0.15730101423796208	0.19404996501286384	0.585786437626905	1.0	1.0	0.585786437626905
war	1.0	1.0	0.0	1.0	1.0	1.0	1.0	1.0	1.0	1.0	1.0	1.0	1.0	1.0	1.0	1.0	1.0	1.0	1.0	1.0	1.0	1.0	1.0	1.0	1.0	1.0	0.5	1.0	1.0	1.0	1.0	1.0	1.0	1.0	1.0
zh	1.0	0.585786437626905	1.0	1.0	0.44948974278317805	0.1907435698305462	1.0	0.026809552472685884	0.16666666666666666	0.11556422070450495	1.0	1.0	0.30901699437494745	0.1731621355286848	0.08052705118198444	1.0	1.0	0.585786437626905	1.0	1.0	1.0	0.15585972716790494	0.16449072740645634	0.0251653300081291	0.39564392373896007	0.585786437626905	0.03968709540654529	1.0	0.2474401533514073	0.0764106360765917	0.17491720310721423	1.0	0.585786437626905	1.0	1.0
