arz	bs	ceb	ckb	da	de	el	en	es	fr	he	hi	hu	id	it	ja	ko	lv	mk	ml	mr	nl	pl	pt	ro	ru	sh	si	simple	sr	sv	te	vi	war	zh
arz	1.0	0.06595744680851064	0.015625	0.05862068965517241	0.035440613026819924	0.00897021887334051	0.036016949152542374	0.005130784708249497	0.010723296888141295	0.009720062208398134	0.022749273959341725	0.043257934670323794	0.0375	0.026737967914438502	0.01054516110015682	0.017186980736714264	0.027101769911504425	0.04927007299270073	0.0490506329113924	0.045454545454545456	0.07658461796950476	0.015399120050282841	0.010922871154703521	0.012213359920239282	0.045174537987679675	0.012583461736004109	0.039959016393442626	0.0703125	0.03316476081438976	0.027413587604290822	0.01904761904761905	0.06481481481481481	0.02766798418972332	0.07865168539325842	0.019948552205910144
bs	0.06595744680851064	1.0	0.014285714285714285	0.10067024128686328	0.11465872130291305	0.03460487129051211	0.1252691756445561	0.02045177415155326	0.040506323713885455	0.0376557127448306	0.07753907189982862	0.12650730643941802	0.1132596685082873	0.09821428571428571	0.04001621001073692	0.06076033154530234	0.08579903518923544	0.13383579703620677	0.13303391243309642	0.1193346755314168	0.08998101834135917	0.058452636739380594	0.041737011358320905	0.04749246085250054	0.10853822684852836	0.04803416093072691	0.1493250658832962	0.09493930779296962	0.10600545950864422	0.09493916844300455	0.07121317128637776	0.09312982670026486	0.09459951728783117	0.08294930875576037	0.0746252574021463
ceb	0.015625	0.014285714285714285	1.0	0.02336448598130841	0.005964214711729622	0.0014393666786613889	0.0077951002227171495	0.0008059641345960105	0.001687051876845213	0.0015600624024961	0.003913894324853229	0.010075566750629723	0.007625272331154684	0.005479452054794521	0.0015079707022834985	0.0028208744710860366	0.004469273743016759	0.01016260162601626	0.01206896551724138	0.015151515151515152	0.030927835051546393	0.0022109917877447885	0.0017905102954341987	0.00200300450676014	0.008456659619450317	0.0020639834881320948	0.006369426751592357	0.03333333333333333	0.006108202443280977	0.0048367593712212815	0.002797761790567546	0.015503875968992248	0.004704301075268817	0.06382978723404255	0.0030621172353455816
ckb	0.05862068965517241	0.10067024128686328	0.02336448598130841	1.0	0.07291666666666667	0.017966223499820338	0.07861635220125786	0.010374697824335213	0.02127211457455771	0.019278212965451357	0.045262290882541155	0.07852193995381063	0.07230142566191446	0.05823293172690763	0.021514629948364887	0.03328661527680449	0.050716648291069456	0.11964285714285715	0.09545454545454546	0.10288808664259928	0.10445075757575757	0.03018867924528302	0.021642124051762607	0.02499828629085914	0.077	0.025205761316872428	0.07414829659318638	0.11935483870967742	0.06823741068925868	0.0484234798814345	0.03645007923930269	0.09947643979057591	0.057236842105263155	0.12083333333333333	0.03987923195135513
da	0.035440613026819924	0.11465872130291305	0.005964214711729622	0.07291666666666667	1.0	0.07918325196498525	0.1555354171081792	0.04829033271679749	0.09363373294749897	0.08765424636112112	0.16606761051010702	0.14884393063583815	0.18191155467403058	0.1604077253218884	0.09297167315209344	0.13514930973589778	0.17609139910042987	0.1481880488327265	0.13749789733835382	0.11662733691957529	0.06581430164545699	0.1309483397133625	0.09208884589149799	0.10994757340661483	0.1745152354570637	0.10473127139819545	0.15926841478417927	0.05815155027867547	0.18133581955541392	0.15064998937929128	0.1551373807302357	0.06805807622504537	0.15397939150938497	0.042114294240525214	0.15593656324524854
de	0.00897021887334051	0.03460487129051211	0.0014393666786613889	0.017966223499820338	0.07918325196498525	1.0	0.07046753453453691	0.23305071866140578	0.2699250750374384	0.2592498000633514	0.14949723134556095	0.061726211531659005	0.07436449415337093	0.1095376789010454	0.2562420955646597	0.18782258716438474	0.1350608925271074	0.040630615369397445	0.046728775147112975	0.03712959657265263	0.016371847964085796	0.21540996671047002	0.26330476698962024	0.23490480094990404	0.07620874355753099	0.21329916402948712	0.07173375746020327	0.015091627739849083	0.08594028943428239	0.12063590264390123	0.17939168824354335	0.021364452423698384	0.1086177072512882	0.008096437567470314	0.15232539371292353
el	0.036016949152542374	0.1252691756445561	0.0077951002227171495	0.07861635220125786	0.1555354171081792	0.07046753453453691	1.0	0.04398591991517048	0.08459652354113961	0.07714578939522641	0.1450998624344016	0.166128124879412	0.15675714402685664	0.1590594061872518	0.08118078453858645	0.12394811652564748	0.1600795663342302	0.16061185468451242	0.15713845505116852	0.11574752163722424	0.07521186440677965	0.11181170053974392	0.08386549934729057	0.09719148305602739	0.1804902413944406	0.09274906373824592	0.15694851618292965	0.0672144962344161	0.16967983897117755	0.14305675662993056	0.1330719412237182	0.08231707317073171	0.15442915741604285	0.04777777777777778	0.13893557982551996
en	0.005130784708249497	0.02045177415155326	0.0008059641345960105	0.010374697824335213	0.04829033271679749	0.23305071866140578	0.04398591991517048	1.0	0.22527510327028594	0.22142503068581643	0.10112748669005253	0.039604750209438995	0.044864224104922606	0.07104962422825721	0.21535322558450337	0.13694675170464157	0.0892225380772905	0.024491676314622454	0.028501017675112386	0.022974735043621	0.009579593197425459	0.15099561168099318	0.2048536174074778	0.19111959171785892	0.04614882388507481	0.17424667347121478	0.045531136896246896	0.008874378795640955	0.05687928573313615	0.08070374008534928	0.12178258173058464	0.012593189603062663	0.07444990778599957	0.004533548257102559	0.11372307143463406
es	0.010723296888141295	0.040506323713885455	0.001687051876845213	0.02127211457455771	0.09363373294749897	0.2699250750374384	0.08459652354113961	0.22527510327028594	1.0	0.2750011114299456	0.17971888062882502	0.07561455799478346	0.08850928529079886	0.1324259657208923	0.2861086605375038	0.21960411641856736	0.16481633189575773	0.04991559332717522	0.057070620400410776	0.046261033887128954	0.019627257438215036	0.2433312925028196	0.26834921926819305	0.2896740729479038	0.08939783812444298	0.23881439391694276	0.0873757848996377	0.01815261085232223	0.10442139266430414	0.1463215119257699	0.21021491408594953	0.025252525252525252	0.1365244558804127	0.009489666807254323	0.18937800681681044
fr	0.009720062208398134	0.0376557127448306	0.0015600624024961	0.019278212965451357	0.08765424636112112	0.2592498000633514	0.07714578939522641	0.22142503068581643	0.2750011114299456	1.0	0.16372187549891645	0.06825765756659427	0.08084208550526298	0.11924007861380069	0.25870539084438215	0.20067753952124526	0.15072479784034712	0.04552181755369941	0.052800055070074285	0.04192256989339999	0.01795958973196669	0.22764823917085475	0.24415667074663402	0.25069167706530343	0.0841068703495164	0.2141583732517881	0.07938377232432764	0.01658625184293157	0.09857748660712543	0.1285775968401408	0.19627708519449347	0.02295826775616641	0.12365023618299852	0.008775351014040561	0.16783108614616404
he	0.022749273959341725	0.07753907189982862	0.003913894324853229	0.045262290882541155	0.16606761051010702	0.14949723134556095	0.1450998624344016	0.10112748669005253	0.17971888062882502	0.16372187549891645	1.0	0.1321820567515504	0.14905302661621742	0.1854552101718626	0.17418586765727234	0.2097489934391763	0.22693045559221212	0.09854476701846554	0.10953876404607334	0.08239955683550271	0.041339998825463936	0.21266633963442083	0.17140866365154162	0.20210976209969717	0.15526406780881946	0.17869760548938843	0.15032119401314203	0.038834951456310676	0.18220713587881787	0.19307167798762945	0.2326607909677212	0.0519730510105871	0.19719369127795947	0.02048780487804878	0.2168047574036527
hi	0.043257934670323794	0.12650730643941802	0.010075566750629723	0.07852193995381063	0.14884393063583815	0.061726211531659005	0.166128124879412	0.039604750209438995	0.07561455799478346	0.06825765756659427	0.1321820567515504	1.0	0.1502468610805802	0.1625493588580837	0.07140314192203252	0.11141925641874284	0.1511624457865232	0.15643733178370445	0.14628304109362925	0.15418074324324327	0.09354110487123031	0.0999203585051904	0.0723625294712425	0.08784779842308452	0.16565272456900898	0.08275541476155192	0.1498267932214195	0.0829326923076923	0.16879215351002186	0.13428941524796448	0.11852523788534504	0.10726213231390039	0.16239299894660075	0.05112219451371571	0.12918437699801416
hu	0.0375	0.1132596685082873	0.007625272331154684	0.07230142566191446	0.18191155467403058	0.07436449415337093	0.15675714402685664	0.044864224104922606	0.08850928529079886	0.08084208550526298	0.14905302661621742	0.1502468610805802	1.0	0.1579057021895188	0.08474476665933488	0.11827339118030791	0.15512152974430812	0.14509828333723926	0.14124404266374643	0.11574984547957522	0.07429940044630455	0.11903931195230825	0.08966731467803635	0.10249240227118638	0.17427148847422935	0.0989040912280996	0.1552555472701989	0.06311595573630946	0.16151214272615336	0.14876851608992814	0.13312418784059332	0.08651911468812877	0.15412474574368384	0.044372294372294376	0.1384267288026586
id	0.026737967914438502	0.09821428571428571	0.005479452054794521	0.05823293172690763	0.1604077253218884	0.1095376789010454	0.1590594061872518	0.07104962422825721	0.1324259657208923	0.11924007861380069	0.1854552101718626	0.1625493588580837	0.1579057021895188	1.0	0.12800330777479632	0.16367430348592224	0.19135451563654804	0.11895674300254452	0.12299868097567297	0.10853274796142362	0.05612530796122559	0.16692814559146532	0.12415142337976984	0.15258793445869556	0.16492481356336336	0.14251734986967182	0.16423527180321235	0.05121293800539083	0.1711239087858061	0.18151840480748693	0.18404438925950492	0.06718790199270418	0.1971175737001604	0.029371584699453553	0.17416455857770285
it	0.01054516110015682	0.04001621001073692	0.0015079707022834985	0.021514629948364887	0.09297167315209344	0.2562420955646597	0.08118078453858645	0.21535322558450337	0.2861086605375038	0.25870539084438215	0.17418586765727234	0.07140314192203252	0.08474476665933488	0.12800330777479632	1.0	0.20858875079536007	0.15764905090298906	0.04935207412035358	0.0561781419948382	0.04562189433945106	0.01871107200928908	0.23854120616259367	0.25127146434819725	0.27726269590250363	0.08735022265515811	0.22667661790475227	0.08581010169518315	0.01696006869901245	0.102638472566141	0.13989122814167873	0.20026524194531412	0.02467811158798283	0.12770419945633188	0.009478672985781991	0.1825511966230611
ja	0.017186980736714264	0.06076033154530234	0.0028208744710860366	0.03328661527680449	0.13514930973589778	0.18782258716438474	0.12394811652564748	0.13694675170464157	0.21960411641856736	0.20067753952124526	0.2097489934391763	0.11141925641874284	0.11827339118030791	0.16367430348592224	0.20858875079536007	1.0	0.2173485408965504	0.07493626273682924	0.08411745900285353	0.06955996009059744	0.03244324362930873	0.22407638676827893	0.20275000091956052	0.23313766001064623	0.121803744413724	0.20093463965461883	0.11985358236624155	0.029571876358498905	0.15304999413328108	0.16814020902148474	0.23220017805981077	0.0399060782685473	0.172319995923045	0.015885539437676517	0.22112258588198822
ko	0.027101769911504425	0.08579903518923544	0.004469273743016759	0.050716648291069456	0.17609139910042987	0.1350608925271074	0.1600795663342302	0.0892225380772905	0.16481633189575773	0.15072479784034712	0.22693045559221212	0.1511624457865232	0.15512152974430812	0.19135451563654804	0.15764905090298906	0.2173485408965504	1.0	0.10481666231044254	0.11137853496042088	0.0969100865366867	0.04892526846218224	0.19664518650549026	0.15184326069821538	0.18579020783255826	0.16965726932364053	0.17148114400534276	0.1639359534490145	0.044296788482835	0.2006957193931781	0.19973362186387802	0.21969249323619566	0.05616139585605234	0.2114701360643037	0.024553571428571428	0.21809500329604356
lv	0.04927007299270073	0.13383579703620677	0.01016260162601626	0.11964285714285715	0.1481880488327265	0.040630615369397445	0.16061185468451242	0.024491676314622454	0.04991559332717522	0.04552181755369941	0.09854476701846554	0.15643733178370445	0.14509828333723926	0.11895674300254452	0.04935207412035358	0.07493626273682924	0.10481666231044254	1.0	0.1627503035378955	0.15694444444444444	0.11454545454545455	0.070211639941584	0.05096798404738796	0.05811086475859272	0.15771825488297758	0.05673980656170936	0.1375873557453721	0.10473714189274715	0.13178294573643412	0.10600575532491832	0.08335191976242437	0.10526315789473684	0.12428559531740743	0.08064516129032258	0.08805423179545462
mk	0.0490506329113924	0.13303391243309642	0.01206896551724138	0.09545454545454546	0.13749789733835382	0.046728775147112975	0.15713845505116852	0.028501017675112386	0.057070620400410776	0.052800055070074285	0.10953876404607334	0.14628304109362925	0.14124404266374643	0.12299868097567297	0.0561781419948382	0.08411745900285353	0.11137853496042088	0.1627503035378955	1.0	0.1247437034006183	0.08240815231965674	0.07752659385808854	0.05606764651188151	0.06705858975049846	0.16373863915499878	0.0645317388750253	0.14052014114562794	0.08391204967858652	0.13859629976093962	0.11560357035675935	0.09733120180344701	0.08376659422130646	0.1281277749983252	0.06418918918918919	0.09953641277533372
ml	0.045454545454545456	0.1193346755314168	0.015151515151515152	0.10288808664259928	0.11662733691957529	0.03712959657265263	0.11574752163722424	0.022974735043621	0.046261033887128954	0.04192256989339999	0.08239955683550271	0.15418074324324327	0.11574984547957522	0.10853274796142362	0.04562189433945106	0.06955996009059744	0.0969100865366867	0.15694444444444444	0.1247437034006183	1.0	0.11368148081910043	0.06256973997402304	0.04468406267321933	0.05296480648882353	0.13447653429602888	0.0517145605773358	0.12239545885722226	0.10456273764258556	0.12019581784658981	0.08864095614759097	0.07381508888283042	0.125	0.10781222133047975	0.0876068376068376	0.07953145923313404
mr	0.07658461796950476	0.08998101834135917	0.030927835051546393	0.10445075757575757	0.06581430164545699	0.016371847964085796	0.07521186440677965	0.009579593197425459	0.019627257438215036	0.01795958973196669	0.041339998825463936	0.09354110487123031	0.07429940044630455	0.05612530796122559	0.01871107200928908	0.03244324362930873	0.04892526846218224	0.11454545454545455	0.08240815231965674	0.11368148081910043	1.0	0.027690371302706105	0.01963409192324855	0.022498953192022497	0.07583922429657457	0.022405884400902562	0.06780062307282682	0.11611416175174565	0.07137239585550458	0.046330869929739074	0.034628771456071225	0.14557900126660736	0.059658855485474886	0.14220183486238533	0.03984496897290508
nl	0.015399120050282841	0.058452636739380594	0.0022109917877447885	0.03018867924528302	0.1309483397133625	0.21540996671047002	0.11181170053974392	0.15099561168099318	0.2433312925028196	0.22764823917085475	0.21266633963442083	0.0999203585051904	0.11903931195230825	0.16692814559146532	0.23854120616259367	0.22407638676827893	0.19664518650549026	0.070211639941584	0.07752659385808854	0.06256973997402304	0.027690371302706105	1.0	0.22421789545385054	0.24662912826268749	0.11777871224963547	0.2228692440066499	0.11644347190156365	0.025554377024528303	0.13903463004956998	0.17435038005611517	0.24468206181343438	0.0361180904522613	0.163420086319467	0.014222503160556258	0.20776153050544088
pl	0.010922871154703521	0.041737011358320905	0.0017905102954341987	0.021642124051762607	0.09208884589149799	0.26330476698962024	0.08386549934729057	0.2048536174074778	0.26834921926819305	0.24415667074663402	0.17140866365154162	0.0723625294712425	0.08966731467803635	0.12415142337976984	0.25127146434819725	0.20275000091956052	0.15184326069821538	0.05096798404738796	0.05606764651188151	0.04468406267321933	0.01963409192324855	0.22421789545385054	1.0	0.2432725584126064	0.08784030605193666	0.21655660483203862	0.08690393123136206	0.018372775580820563	0.1012304428906732	0.1405706253694378	0.19061684350283303	0.025424501362768935	0.12529629320804656	0.009843400447427294	0.17438602726229863
pt	0.012213359920239282	0.04749246085250054	0.00200300450676014	0.02499828629085914	0.10994757340661483	0.23490480094990404	0.09719148305602739	0.19111959171785892	0.2896740729479038	0.25069167706530343	0.20210976209969717	0.08784779842308452	0.10249240227118638	0.15258793445869556	0.27726269590250363	0.23313766001064623	0.18579020783255826	0.05811086475859272	0.06705858975049846	0.05296480648882353	0.022498953192022497	0.24662912826268749	0.2432725584126064	1.0	0.1078700906456812	0.23945739865206758	0.1028144131039774	0.021282241423781274	0.1243426277094088	0.15958639691024876	0.22802214636928692	0.02946263980303855	0.15612580225126782	0.011011011011011011	0.2073109394951387
ro	0.045174537987679675	0.10853822684852836	0.008456659619450317	0.077	0.1745152354570637	0.07620874355753099	0.1804902413944406	0.04614882388507481	0.08939783812444298	0.0841068703495164	0.15526406780881946	0.16565272456900898	0.17427148847422935	0.16492481356336336	0.08735022265515811	0.121803744413724	0.16965726932364053	0.15771825488297758	0.16373863915499878	0.13447653429602888	0.07583922429657457	0.11777871224963547	0.08784030605193666	0.1078700906456812	1.0	0.10293020182604516	0.16287742658385151	0.06586665930181175	0.17380321116756275	0.16385983644349533	0.13886013809684974	0.07869395520149097	0.16623509948432172	0.04411764705882353	0.14116418156342112
ru	0.012583461736004109	0.04803416093072691	0.0020639834881320948	0.025205761316872428	0.10473127139819545	0.21329916402948712	0.09274906373824592	0.17424667347121478	0.23881439391694276	0.2141583732517881	0.17869760548938843	0.08275541476155192	0.0989040912280996	0.14251734986967182	0.22667661790475227	0.20093463965461883	0.17148114400534276	0.05673980656170936	0.0645317388750253	0.0517145605773358	0.022405884400902562	0.2228692440066499	0.21655660483203862	0.23945739865206758	0.10293020182604516	1.0	0.0998454971743911	0.021653419120391502	0.11307688410982096	0.15733690148243157	0.19979653421914365	0.030070417535762978	0.14199928799239558	0.011609907120743035	0.17884080888443138
sh	0.039959016393442626	0.1493250658832962	0.006369426751592357	0.07414829659318638	0.15926841478417927	0.07173375746020327	0.15694851618292965	0.045531136896246896	0.0873757848996377	0.07938377232432764	0.15032119401314203	0.1498267932214195	0.1552555472701989	0.16423527180321235	0.08581010169518315	0.11985358236624155	0.1639359534490145	0.1375873557453721	0.14052014114562794	0.12239545885722226	0.06780062307282682	0.11644347190156365	0.08690393123136206	0.1028144131039774	0.16287742658385151	0.0998454971743911	1.0	0.06878628284158238	0.16875185728788453	0.23569923948131533	0.1371015487907225	0.0812133072407045	0.15547126958891663	0.04449152542372881	0.13628520453723336
si	0.0703125	0.09493930779296962	0.03333333333333333	0.11935483870967742	0.05815155027867547	0.015091627739849083	0.0672144962344161	0.008874378795640955	0.01815261085232223	0.01658625184293157	0.038834951456310676	0.0829326923076923	0.06311595573630946	0.05121293800539083	0.01696006869901245	0.029571876358498905	0.044296788482835	0.10473714189274715	0.08391204967858652	0.10456273764258556	0.11611416175174565	0.025554377024528303	0.018372775580820563	0.021282241423781274	0.06586665930181175	0.021653419120391502	0.06878628284158238	1.0	0.0641025641025641	0.045418596581222374	0.03184692340021693	0.1016949152542373	0.0519202496842396	0.13333333333333333	0.03717127331745044
simple	0.03316476081438976	0.10600545950864422	0.006108202443280977	0.06823741068925868	0.18133581955541392	0.08594028943428239	0.16967983897117755	0.05687928573313615	0.10442139266430414	0.09857748660712543	0.18220713587881787	0.16879215351002186	0.16151214272615336	0.1711239087858061	0.102638472566141	0.15304999413328108	0.2006957193931781	0.13178294573643412	0.13859629976093962	0.12019581784658981	0.07137239585550458	0.13903463004956998	0.1012304428906732	0.1243426277094088	0.17380321116756275	0.11307688410982096	0.16875185728788453	0.0641025641025641	1.0	0.15896275026328643	0.16257427077259665	0.07541363407863966	0.1865141695595359	0.037456445993031356	0.1738624023093296
sr	0.027413587604290822	0.09493916844300455	0.0048367593712212815	0.0484234798814345	0.15064998937929128	0.12063590264390123	0.14305675662993056	0.08070374008534928	0.1463215119257699	0.1285775968401408	0.19307167798762945	0.13428941524796448	0.14876851608992814	0.18151840480748693	0.13989122814167873	0.16814020902148474	0.19973362186387802	0.10600575532491832	0.11560357035675935	0.08864095614759097	0.046330869929739074	0.17435038005611517	0.1405706253694378	0.15958639691024876	0.16385983644349533	0.15733690148243157	0.23569923948131533	0.045418596581222374	0.15896275026328643	1.0	0.18508759540691355	0.05737704918032787	0.1679831141405823	0.025934861278648975	0.1812067462065556
sv	0.01904761904761905	0.07121317128637776	0.002797761790567546	0.03645007923930269	0.1551373807302357	0.17939168824354335	0.1330719412237182	0.12178258173058464	0.21021491408594953	0.19627708519449347	0.2326607909677212	0.11852523788534504	0.13312418784059332	0.18404438925950492	0.20026524194531412	0.23220017805981077	0.21969249323619566	0.08335191976242437	0.09733120180344701	0.07381508888283042	0.034628771456071225	0.24468206181343438	0.19061684350283303	0.22802214636928692	0.13886013809684974	0.19979653421914365	0.1371015487907225	0.03184692340021693	0.16257427077259665	0.18508759540691355	1.0	0.04264565006988754	0.1774620452144527	0.018	0.21280875072379976
te	0.06481481481481481	0.09312982670026486	0.015503875968992248	0.09947643979057591	0.06805807622504537	0.021364452423698384	0.08231707317073171	0.012593189603062663	0.025252525252525252	0.02295826775616641	0.0519730510105871	0.10726213231390039	0.08651911468812877	0.06718790199270418	0.02467811158798283	0.0399060782685473	0.05616139585605234	0.10526315789473684	0.08376659422130646	0.125	0.14557900126660736	0.0361180904522613	0.025424501362768935	0.02946263980303855	0.07869395520149097	0.030070417535762978	0.0812133072407045	0.1016949152542373	0.07541363407863966	0.05737704918032787	0.04264565006988754	1.0	0.06584093872229466	0.08620689655172414	0.04901362411796095
vi	0.02766798418972332	0.09459951728783117	0.004704301075268817	0.057236842105263155	0.15397939150938497	0.1086177072512882	0.15442915741604285	0.07444990778599957	0.1365244558804127	0.12365023618299852	0.19719369127795947	0.16239299894660075	0.15412474574368384	0.1971175737001604	0.12770419945633188	0.172319995923045	0.2114701360643037	0.12428559531740743	0.1281277749983252	0.10781222133047975	0.059658855485474886	0.163420086319467	0.12529629320804656	0.15612580225126782	0.16623509948432172	0.14199928799239558	0.15547126958891663	0.0519202496842396	0.1865141695595359	0.1679831141405823	0.1774620452144527	0.06584093872229466	1.0	0.02956989247311828	0.1947308883039675
war	0.07865168539325842	0.08294930875576037	0.06382978723404255	0.12083333333333333	0.042114294240525214	0.008096437567470314	0.04777777777777778	0.004533548257102559	0.009489666807254323	0.008775351014040561	0.02048780487804878	0.05112219451371571	0.044372294372294376	0.029371584699453553	0.009478672985781991	0.015885539437676517	0.024553571428571428	0.08064516129032258	0.06418918918918919	0.0876068376068376	0.14220183486238533	0.014222503160556258	0.009843400447427294	0.011011011011011011	0.04411764705882353	0.011609907120743035	0.04449152542372881	0.13333333333333333	0.037456445993031356	0.025934861278648975	0.018	0.08620689655172414	0.02956989247311828	1.0	0.019702276707530646
zh	0.019948552205910144	0.0746252574021463	0.0030621172353455816	0.03987923195135513	0.15593656324524854	0.15232539371292353	0.13893557982551996	0.11372307143463406	0.18937800681681044	0.16783108614616404	0.2168047574036527	0.12918437699801416	0.1384267288026586	0.17416455857770285	0.1825511966230611	0.22112258588198822	0.21809500329604356	0.08805423179545462	0.09953641277533372	0.07953145923313404	0.03984496897290508	0.20776153050544088	0.17438602726229863	0.2073109394951387	0.14116418156342112	0.17884080888443138	0.13628520453723336	0.03717127331745044	0.1738624023093296	0.1812067462065556	0.21280875072379976	0.04901362411796095	0.1947308883039675	0.019702276707530646	1.0
