arz	bs	ceb	ckb	da	de	el	en	es	fr	he	hi	hu	id	it	ja	ko	lv	mk	ml	mr	nl	pl	pt	ro	ru	sh	si	simple	sr	sv	te	vi	war	zh
arz	1.0	0.7087975407834429	0.7584325078215763	0.5435449812301995	0.49890700332128235	0.6350020974983913	0.46861234883009595	0.45744527479803004	0.4762028373785434	0.3627378103450816	0.5192318533294563	1.0	0.5740474193085595	0.4581574033159492	0.5446330445216244	0.46576878060690435	0.337740786162702	0.5535421819578383	0.4351264914550109	0.6377637700339641	0.3945558641198416	0.6047665049184437	0.31221457040740647	0.31368978932998204	0.3454538915905481	0.4185330439155159	0.614628892991959	1.0	0.5514337733570046	0.43847982025933313	0.5770329540031648	1.0	0.5337476770618221	0.6994017365373274	0.3862081859397442
bs	0.7087975407834429	1.0	0.7032208146831733	0.500885986875363	0.3331162755174572	0.5971291998188719	0.4285467757785009	0.378835905602413	0.41145805151591536	0.32366842107463734	0.5372620522317202	0.4077913610246684	0.443799466285812	0.282932059706662	0.3152930773443585	0.4656263335846339	0.4215225549031526	0.5365533767102428	0.40273690819032343	0.5459255303062057	0.3985769572231725	0.5193922978889931	0.28673810651467746	0.2978509224241331	0.38512271733461856	0.34701508583200474	0.5910277377098602	1.0	0.5286949365231111	0.2833084942171983	0.5082614951040574	1.0	0.46955204048197036	0.7690277795095762	0.5057397073421888
ceb	0.7584325078215763	0.7032208146831733	1.0	0.6172147396682474	0.8252244849082945	0.7584325078215763	0.7144926637143196	0.4618090702588599	0.6569998762970467	0.6735300525054975	0.8252244849082945	1.0	0.6371092116254382	0.6571702826516208	0.7584325078215765	0.72653347084664	0.376471605123342	0.7584325078215763	0.6735300525054976	0.7388033471559147	1.0	0.7584325078215763	0.388878943088341	0.3888789430883409	0.6606673429064904	0.8252244849082945	0.627524331483523	1.0	0.6172147396682474	0.6704675947063355	0.7584325078215763	1.0	0.6242770055294615	1.0	0.39681879883171656
ckb	0.5435449812301995	0.500885986875363	0.6172147396682474	1.0	0.470424185627411	0.4357123915396293	0.4386761965649083	0.32422429083969345	0.3747827591842214	0.5434356849424579	0.49896870113302233	0.6763518472901805	0.4010033881200078	0.3168417971381668	0.3039154661922048	0.3943782154745404	0.367449441241215	0.4114517076025688	0.39958653200429756	0.45914627691792764	0.6172147396682474	0.4242943618758759	0.282447899288879	0.2690714741368009	0.3985436250402548	0.39394641859366925	0.4450794146379316	1.0	0.5135526643054105	0.4209399884781028	0.4374477200782233	1.0	0.4219942029192647	0.5556807612520537	0.536349548084122
da	0.49890700332128235	0.3331162755174572	0.8252244849082945	0.470424185627411	1.0	0.25790154965622347	0.3113592049756464	0.28338396424396256	0.25704696013095046	0.2689800529893718	0.30984631155437886	0.6494386840612777	0.29301538675066996	0.3323690557096356	0.30787968919457925	0.24898680334466827	0.29717632128699756	0.3080171712447167	0.32190891717031733	0.5099071747843907	0.39589036072955747	0.278337841254472	0.21139188613745163	0.3005936292833015	0.33054242977169424	0.2798588942850689	0.35930018635606814	1.0	0.344522130099689	0.2595774486783119	0.268202432436666	1.0	0.2707867813225929	0.6058387727964046	0.31154752689551757
de	0.6350020974983913	0.5971291998188719	0.7584325078215763	0.4357123915396293	0.25790154965622347	1.0	0.4389407559234522	0.2356666002167573	0.2576268317993675	0.2659809431905231	0.3332515279396473	0.7690990303325336	0.32970048485710196	0.35422963446258793	0.2991834671165343	0.3153346732901168	0.35530659551936655	0.4976669355865491	0.3700184612487584	0.5353725203643083	0.4387739432487065	0.36509828017560886	0.2300128792836755	0.34221791989798334	0.3557170485154483	0.22145588839584118	0.5129412216395501	1.0	0.3853757077384657	0.3123032330926083	0.27369451894393787	1.0	0.26094306019949837	0.629896233114065	0.4366361194235471
el	0.46861234883009595	0.4285467757785009	0.7144926637143196	0.4386761965649083	0.3113592049756464	0.4389407559234522	1.0	0.3014056586653936	0.38346887657165935	0.3278986710920548	0.39353629031117127	0.7690990303325336	0.3420907788643848	0.3338284025574087	0.3691000985123215	0.36142400943399977	0.40729895464474036	0.4422109627921313	0.4612067552485221	0.42597051565714805	0.45491122569834214	0.4120362684601943	0.2506833663193487	0.3641054754084232	0.3723658881202156	0.3405184360748441	0.4812114371421511	1.0	0.40044201485786524	0.28852622208205764	0.38681192008003695	1.0	0.37924146995731256	0.4885790534757293	0.4485132226094895
en	0.45744527479803004	0.378835905602413	0.4618090702588599	0.32422429083969345	0.28338396424396256	0.2356666002167573	0.3014056586653936	1.0	0.27517026797906524	0.28119392970874113	0.3139857139573787	0.6855137500095868	0.37207624959505353	0.27183417752528566	0.31477696142063416	0.26660676067419947	0.35816065952740395	0.28677186302011587	0.32497866826651794	0.4509564878664588	0.3474488098639403	0.335672381953481	0.24294998089174843	0.29323057609457714	0.2965064003381906	0.24138094550012457	0.33941431127559385	1.0	0.3257587585545012	0.23863225424124992	0.2896940721835334	1.0	0.2969797895333134	0.3925189625712246	0.3061693158692332
es	0.4762028373785434	0.41145805151591536	0.6569998762970467	0.3747827591842214	0.25704696013095046	0.2576268317993675	0.38346887657165935	0.27517026797906524	1.0	0.2633987551809077	0.364786012461051	0.7690990303325336	0.3019618284896229	0.29775154961473893	0.28297034491376755	0.2808088047161989	0.327907058120506	0.37605911927050417	0.40326687472577216	0.5486743335743589	0.37416005982725653	0.31802865143587605	0.21701377762871427	0.35157272328939304	0.33746919770032835	0.2364674320272885	0.418267855083693	1.0	0.34008408753397884	0.33342885498344527	0.27501102139807854	1.0	0.2604026901941433	0.5004695645866925	0.36955389394193267
fr	0.3627378103450816	0.32366842107463734	0.6735300525054975	0.5434356849424579	0.2689800529893718	0.2659809431905231	0.3278986710920548	0.28119392970874113	0.2633987551809077	1.0	0.3691553604908094	0.7690990303325336	0.3102465102023909	0.3155654213779592	0.3144514006550291	0.3026241019017391	0.3354880803240519	0.4079029515457291	0.2706896711093433	0.6139633312708076	0.33041810005556155	0.3303925992345948	0.2427274150942117	0.28728801108796465	0.3615642263466157	0.22674903427079116	0.3680924413119626	1.0	0.33731290785067997	0.26459292395821343	0.2997348586524768	1.0	0.2641278674179919	0.3506432820248313	0.3511127225523076
he	0.5192318533294563	0.5372620522317202	0.8252244849082945	0.49896870113302233	0.30984631155437886	0.3332515279396473	0.39353629031117127	0.3139857139573787	0.364786012461051	0.3691553604908094	1.0	0.7690990303325336	0.38532921891452915	0.2847974023122747	0.31350142342963067	0.3730038612362213	0.4045866096851334	0.46043660955633703	0.4062313986536567	0.5885675318522664	0.3995260893084103	0.3710830912032541	0.23754597884599876	0.34923125070337796	0.29794061363166213	0.311031498593056	0.5169252251219799	1.0	0.38190070480741306	0.33708145281551666	0.37132500346867797	1.0	0.3175235305319222	0.7041521205770098	0.3623730497551421
hi	1.0	0.4077913610246684	1.0	0.6763518472901805	0.6494386840612777	0.7690990303325336	0.7690990303325336	0.6855137500095868	0.7690990303325336	0.7690990303325336	0.7690990303325336	1.0	0.4187809113678836	0.8943504275997424	0.7583180347876477	0.7690990303325336	0.6757339417669963	0.8943504275997424	0.7442101423359929	0.6923414479581649	1.0	0.6723191802055581	0.4222870848862439	0.7690990303325336	0.7631535108100422	0.44702438380064136	0.3911496500877758	1.0	0.7863954451402115	0.8189414632069835	0.7690990303325336	1.0	0.6743202287441529	1.0	0.610699955420724
hu	0.5740474193085595	0.443799466285812	0.6371092116254382	0.4010033881200078	0.29301538675066996	0.32970048485710196	0.3420907788643848	0.37207624959505353	0.3019618284896229	0.3102465102023909	0.38532921891452915	0.4187809113678836	1.0	0.3120231571291771	0.36160002716659956	0.3554167726814104	0.45262503400670184	0.4070744456816196	0.3345057997539262	0.5505129627647816	0.3772078598762576	0.38355728866824046	0.22148045950526507	0.3093801055109123	0.37532555102272347	0.2985716151509283	0.45381949860070203	1.0	0.3436574560514719	0.27099136361001486	0.3644091719425818	1.0	0.33997810876992246	0.5977216452875104	0.36484368858799976
id	0.4581574033159492	0.282932059706662	0.6571702826516208	0.3168417971381668	0.3323690557096356	0.35422963446258793	0.3338284025574087	0.27183417752528566	0.29775154961473893	0.3155654213779592	0.2847974023122747	0.8943504275997424	0.3120231571291771	1.0	0.38468379579902284	0.2673321508721851	0.30831920319647377	0.30238197712036774	0.39865234299012414	0.314478127856902	0.3796098439436701	0.32104638602515495	0.27803198546992347	0.3268276486578141	0.31903595215548886	0.30297941571107995	0.3099854089994618	1.0	0.41351659116757034	0.2636739742603339	0.36514368955410026	1.0	0.3390193926196493	0.34358537354653684	0.38675294583219866
it	0.5446330445216244	0.3152930773443585	0.7584325078215765	0.3039154661922048	0.30787968919457925	0.2991834671165343	0.3691000985123215	0.31477696142063416	0.28297034491376755	0.3144514006550291	0.31350142342963067	0.7583180347876477	0.36160002716659956	0.38468379579902284	1.0	0.3109671107460569	0.36367577831282405	0.3768687640702522	0.35969239694792315	0.528421039563058	0.40604415984562153	0.33739249107695957	0.24551439312852977	0.3394400649196327	0.3752006286461594	0.243653665017361	0.3933801174071933	1.0	0.3871456998232056	0.307921602977306	0.2951208980228331	1.0	0.27063638529155115	0.32485198769161017	0.42538833018425715
ja	0.46576878060690435	0.4656263335846339	0.72653347084664	0.3943782154745404	0.24898680334466827	0.3153346732901168	0.36142400943399977	0.26660676067419947	0.2808088047161989	0.3026241019017391	0.3730038612362213	0.7690990303325336	0.3554167726814104	0.2673321508721851	0.3109671107460569	1.0	0.3350662897304908	0.4052047382071013	0.29986582922975685	0.3765340366045898	0.41792321329485566	0.3495427263404385	0.2551917112740546	0.31261794874415877	0.2568869764486292	0.2498641916032051	0.4204216951074551	1.0	0.2663467294341862	0.2741234762003552	0.31653419425996027	1.0	0.2655013984346815	0.38865156550960234	0.3426762516998469
ko	0.337740786162702	0.4215225549031526	0.376471605123342	0.367449441241215	0.29717632128699756	0.35530659551936655	0.40729895464474036	0.35816065952740395	0.327907058120506	0.3354880803240519	0.4045866096851334	0.6757339417669963	0.45262503400670184	0.30831920319647377	0.36367577831282405	0.3350662897304908	1.0	0.35084490939927915	0.2857903220015608	0.3615805823820538	0.32292303665776567	0.43250577740348806	0.23531107419337563	0.35831900048582876	0.38043005397958873	0.3170743029954349	0.40888753944351225	1.0	0.3590086959076267	0.29813964101984036	0.36882685981607627	1.0	0.31721110524079577	0.3217843141030847	0.4084239486953379
lv	0.5535421819578383	0.5365533767102428	0.7584325078215763	0.4114517076025688	0.3080171712447167	0.4976669355865491	0.4422109627921313	0.28677186302011587	0.37605911927050417	0.4079029515457291	0.46043660955633703	0.8943504275997424	0.4070744456816196	0.30238197712036774	0.3768687640702522	0.4052047382071013	0.35084490939927915	1.0	0.4839241302219271	0.49411949627316	0.4387739432487065	0.4455839352409851	0.26890447623433716	0.32920612154638157	0.38460111708491584	0.32564390763845297	0.5245885883152834	1.0	0.48252567037936517	0.2840895309765089	0.5377676393824778	1.0	0.4848323085959414	0.5765398979764721	0.45910049341496223
mk	0.4351264914550109	0.40273690819032343	0.6735300525054976	0.39958653200429756	0.32190891717031733	0.3700184612487584	0.4612067552485221	0.32497866826651794	0.40326687472577216	0.2706896711093433	0.4062313986536567	0.7442101423359929	0.3345057997539262	0.39865234299012414	0.35969239694792315	0.29986582922975685	0.2857903220015608	0.4839241302219271	1.0	0.5800822616567397	0.4542102847472724	0.38742331636172134	0.2805166583482491	0.2704361667441193	0.32358571407905234	0.3527936839596188	0.41181093875238006	1.0	0.4670857816063201	0.3312616087573965	0.4848722408327115	1.0	0.4229605308533162	0.5055838173917545	0.3780239148315541
ml	0.6377637700339641	0.5459255303062057	0.7388033471559147	0.45914627691792764	0.5099071747843907	0.5353725203643083	0.42597051565714805	0.4509564878664588	0.5486743335743589	0.6139633312708076	0.5885675318522664	0.6923414479581649	0.5505129627647816	0.314478127856902	0.528421039563058	0.3765340366045898	0.3615805823820538	0.49411949627316	0.5800822616567397	1.0	0.7388033471559147	0.571640007012132	0.30081630183336344	0.3704874277998564	0.5073385054839875	0.4230906489619929	0.5748057341911973	1.0	0.5410432555376833	0.4562079148492884	0.5571242387525686	1.0	0.4800576442324808	0.7164449698356271	0.3691857216471637
mr	0.3945558641198416	0.3985769572231725	1.0	0.6172147396682474	0.39589036072955747	0.4387739432487065	0.45491122569834214	0.3474488098639403	0.37416005982725653	0.33041810005556155	0.3995260893084103	1.0	0.3772078598762576	0.3796098439436701	0.40604415984562153	0.41792321329485566	0.32292303665776567	0.4387739432487065	0.4542102847472724	0.7388033471559147	1.0	0.4230047247421229	0.4626688533689406	0.3195670123381203	0.5164156213195183	0.4526810404697787	0.4318468569859509	1.0	0.4695694982828338	0.4145291047407895	0.4387739432487065	1.0	0.40946686376821556	0.4130061351254454	0.3882226231060267
nl	0.6047665049184437	0.5193922978889931	0.7584325078215763	0.4242943618758759	0.278337841254472	0.36509828017560886	0.4120362684601943	0.335672381953481	0.31802865143587605	0.3303925992345948	0.3710830912032541	0.6723191802055581	0.38355728866824046	0.32104638602515495	0.33739249107695957	0.3495427263404385	0.43250577740348806	0.4455839352409851	0.38742331636172134	0.571640007012132	0.4230047247421229	1.0	0.24986088189123254	0.35929300696944066	0.38297366574962866	0.27855410027794575	0.51538543049761	1.0	0.3875835709546878	0.306486989327102	0.3414444923825156	1.0	0.2912621772361599	0.6431283169108787	0.4245763113832454
pl	0.31221457040740647	0.28673810651467746	0.388878943088341	0.282447899288879	0.21139188613745163	0.2300128792836755	0.2506833663193487	0.24294998089174843	0.21701377762871427	0.2427274150942117	0.23754597884599876	0.4222870848862439	0.22148045950526507	0.27803198546992347	0.24551439312852977	0.2551917112740546	0.23531107419337563	0.26890447623433716	0.2805166583482491	0.30081630183336344	0.4626688533689406	0.24986088189123254	1.0	0.2211788267084619	0.23131331876956818	0.2394587253850156	0.2883645334917798	1.0	0.24682655041670049	0.23135199490464797	0.2321860467602476	1.0	0.226985129014209	0.3332533100596398	0.2313532314546606
pt	0.31368978932998204	0.2978509224241331	0.3888789430883409	0.2690714741368009	0.3005936292833015	0.34221791989798334	0.3641054754084232	0.29323057609457714	0.35157272328939304	0.28728801108796465	0.34923125070337796	0.7690990303325336	0.3093801055109123	0.3268276486578141	0.3394400649196327	0.31261794874415877	0.35831900048582876	0.32920612154638157	0.2704361667441193	0.3704874277998564	0.3195670123381203	0.35929300696944066	0.2211788267084619	1.0	0.35356262189463694	0.28635905478702356	0.3328740023665333	1.0	0.3345191285328578	0.3253487396135393	0.3557559482194625	1.0	0.28604711221225315	0.31762656730171246	0.3810060574053074
ro	0.3454538915905481	0.38512271733461856	0.6606673429064904	0.3985436250402548	0.33054242977169424	0.3557170485154483	0.3723658881202156	0.2965064003381906	0.33746919770032835	0.3615642263466157	0.29794061363166213	0.7631535108100422	0.37532555102272347	0.31903595215548886	0.3752006286461594	0.2568869764486292	0.38043005397958873	0.38460111708491584	0.32358571407905234	0.5073385054839875	0.5164156213195183	0.38297366574962866	0.23131331876956818	0.35356262189463694	1.0	0.3298919129923079	0.37077427816420205	1.0	0.3499389735090071	0.2934685103624496	0.4123501966368739	1.0	0.38021172202295594	0.3687883765817756	0.4566890438239028
ru	0.4185330439155159	0.34701508583200474	0.8252244849082945	0.39394641859366925	0.2798588942850689	0.22145588839584118	0.3405184360748441	0.24138094550012457	0.2364674320272885	0.22674903427079116	0.311031498593056	0.44702438380064136	0.2985716151509283	0.30297941571107995	0.243653665017361	0.2498641916032051	0.3170743029954349	0.32564390763845297	0.3527936839596188	0.4230906489619929	0.4526810404697787	0.27855410027794575	0.2394587253850156	0.28635905478702356	0.3298919129923079	1.0	0.346551611513121	1.0	0.3484838155998821	0.24305647717691542	0.22903033045893104	1.0	0.24977908331606713	0.4241580276166406	0.330143767862022
sh	0.614628892991959	0.5910277377098602	0.627524331483523	0.4450794146379316	0.35930018635606814	0.5129412216395501	0.4812114371421511	0.33941431127559385	0.418267855083693	0.3680924413119626	0.5169252251219799	0.3911496500877758	0.45381949860070203	0.3099854089994618	0.3933801174071933	0.4204216951074551	0.40888753944351225	0.5245885883152834	0.41181093875238006	0.5748057341911973	0.4318468569859509	0.51538543049761	0.2883645334917798	0.3328740023665333	0.37077427816420205	0.346551611513121	1.0	1.0	0.434221984997345	0.27125585070500374	0.5265588869887111	1.0	0.47119926291714387	0.5941806319863531	0.4672826996095656
si	1.0	1.0	1.0	1.0	1.0	1.0	1.0	1.0	1.0	1.0	1.0	1.0	1.0	1.0	1.0	1.0	1.0	1.0	1.0	1.0	1.0	1.0	1.0	1.0	1.0	1.0	1.0	1.0	1.0	1.0	1.0	1.0	1.0	1.0	1.0
simple	0.5514337733570046	0.5286949365231111	0.6172147396682474	0.5135526643054105	0.344522130099689	0.3853757077384657	0.40044201485786524	0.3257587585545012	0.34008408753397884	0.33731290785067997	0.38190070480741306	0.7863954451402115	0.3436574560514719	0.41351659116757034	0.3871456998232056	0.2663467294341862	0.3590086959076267	0.48252567037936517	0.4670857816063201	0.5410432555376833	0.4695694982828338	0.3875835709546878	0.24682655041670049	0.3345191285328578	0.3499389735090071	0.3484838155998821	0.434221984997345	1.0	1.0	0.3167646087253471	0.443089728015114	1.0	0.36359003112303473	0.5773591828019844	0.45142992766381734
sr	0.43847982025933313	0.2833084942171983	0.6704675947063355	0.4209399884781028	0.2595774486783119	0.3123032330926083	0.28852622208205764	0.23863225424124992	0.33342885498344527	0.26459292395821343	0.33708145281551666	0.8189414632069835	0.27099136361001486	0.2636739742603339	0.307921602977306	0.2741234762003552	0.29813964101984036	0.2840895309765089	0.3312616087573965	0.4562079148492884	0.4145291047407895	0.306486989327102	0.23135199490464797	0.3253487396135393	0.2934685103624496	0.24305647717691542	0.27125585070500374	1.0	0.3167646087253471	1.0	0.3234656793222175	1.0	0.32517887750970076	0.5958278144731792	0.28415639368662415
sv	0.5770329540031648	0.5082614951040574	0.7584325078215763	0.4374477200782233	0.268202432436666	0.27369451894393787	0.38681192008003695	0.2896940721835334	0.27501102139807854	0.2997348586524768	0.37132500346867797	0.7690990303325336	0.3644091719425818	0.36514368955410026	0.2951208980228331	0.31653419425996027	0.36882685981607627	0.5377676393824778	0.4848722408327115	0.5571242387525686	0.4387739432487065	0.3414444923825156	0.2321860467602476	0.3557559482194625	0.4123501966368739	0.22903033045893104	0.5265588869887111	1.0	0.443089728015114	0.3234656793222175	1.0	1.0	0.2749414863220177	0.6908587525207898	0.37958068443911586
te	1.0	1.0	1.0	1.0	1.0	1.0	1.0	1.0	1.0	1.0	1.0	1.0	1.0	1.0	1.0	1.0	1.0	1.0	1.0	1.0	1.0	1.0	1.0	1.0	1.0	1.0	1.0	1.0	1.0	1.0	1.0	1.0	1.0	1.0	1.0
vi	0.5337476770618221	0.46955204048197036	0.6242770055294615	0.4219942029192647	0.2707867813225929	0.26094306019949837	0.37924146995731256	0.2969797895333134	0.2604026901941433	0.2641278674179919	0.3175235305319222	0.6743202287441529	0.33997810876992246	0.3390193926196493	0.27063638529155115	0.2655013984346815	0.31721110524079577	0.4848323085959414	0.4229605308533162	0.4800576442324808	0.40946686376821556	0.2912621772361599	0.226985129014209	0.28604711221225315	0.38021172202295594	0.24977908331606713	0.47119926291714387	1.0	0.36359003112303473	0.32517887750970076	0.2749414863220177	1.0	1.0	0.567550245353929	0.3543865641032048
war	0.6994017365373274	0.7690277795095762	1.0	0.5556807612520537	0.6058387727964046	0.629896233114065	0.4885790534757293	0.3925189625712246	0.5004695645866925	0.3506432820248313	0.7041521205770098	1.0	0.5977216452875104	0.34358537354653684	0.32485198769161017	0.38865156550960234	0.3217843141030847	0.5765398979764721	0.5055838173917545	0.7164449698356271	0.4130061351254454	0.6431283169108787	0.3332533100596398	0.31762656730171246	0.3687883765817756	0.4241580276166406	0.5941806319863531	1.0	0.5773591828019844	0.5958278144731792	0.6908587525207898	1.0	0.567550245353929	1.0	0.3555130635042883
zh	0.3862081859397442	0.5057397073421888	0.39681879883171656	0.536349548084122	0.31154752689551757	0.4366361194235471	0.4485132226094895	0.3061693158692332	0.36955389394193267	0.3511127225523076	0.3623730497551421	0.610699955420724	0.36484368858799976	0.38675294583219866	0.42538833018425715	0.3426762516998469	0.4084239486953379	0.45910049341496223	0.3780239148315541	0.3691857216471637	0.3882226231060267	0.4245763113832454	0.2313532314546606	0.3810060574053074	0.4566890438239028	0.330143767862022	0.4672826996095656	1.0	0.45142992766381734	0.28415639368662415	0.37958068443911586	1.0	0.3543865641032048	0.3555130635042883	1.0
