arz	bs	ceb	ckb	da	de	el	en	es	fr	he	hi	hu	id	it	ja	ko	lv	mk	ml	mr	nl	pl	pt	ro	ru	sh	si	simple	sr	sv	te	vi	war	zh
arz	1.0	0.0	0.0	0.0	0.0	0.0	0.0004366812227074236	0.0	0.0	0.0	0.0	0.0	0.0004897159647404506	0.0	0.0	0.0	0.0	0.0	0.0	0.0	0.0056022408963585435	0.0	0.0	2.1557299301543504e-05	0.0	1.752879103928202e-05	0.0	0.0	0.00033967391304347825	0.0	5.077173030056864e-05	0.0	0.0	0.0	0.0
bs	0.0	1.0	0.0	0.0	0.000547945205479452	4.437935472418231e-05	0.0013531799729364006	7.005523855560109e-06	0.0	7.905763301446754e-05	0.00029717682020802375	0.0008536064874093043	0.0014771048744460858	0.0006775067750677507	0.0001351328524855999	0.0002827454584010744	0.0005480202767502398	0.0	0.0009573958831977022	0.0006901311249137336	0.0	0.00049813200498132	0.00013350243641946466	0.00023380874444704232	0.0005022601707684581	0.00015595217466643564	0.0010284538909838875	0.0011235955056179776	0.0005537098560354374	0.0	0.0004912556494399686	0.0	0.0017985611510791368	0.0	0.0003143445915266669
ceb	0.0	0.0	1.0	0.0	0.0	0.0	0.0	0.0	0.0	0.0	0.0	0.0	0.0	0.0	0.0	0.0	0.0	0.0	0.0	0.0	0.0	0.0	0.0	0.0	0.0	0.0	0.0	0.0	0.0	0.0	0.0	0.0	0.0	0.0	0.0
ckb	0.0	0.0	0.0	1.0	0.0	0.0	0.0	0.0	0.0	4.006169501031589e-05	0.0	0.0	0.0	0.0	0.0	3.619778469557663e-05	0.0	0.0018248175182481751	0.0	0.0	0.0	0.0	6.989585517578807e-05	0.0	0.0	1.753063478428554e-05	0.0	0.0	0.0	0.0	0.0	0.0	0.0	0.0	3.576026319553712e-05
da	0.0	0.000547945205479452	0.0	0.0	1.0	0.00017441353449027645	0.0008925914906277894	2.4485113051264832e-05	0.00024221872350732712	0.0001764878909697029	0.0012628034236003929	0.0007280669821623589	0.0012853470437017994	0.0002978850163836759	0.00018455756518237642	0.0002787650707366367	0.00025957170668397143	0.0	0.0008022462896109105	0.0016207455429497568	0.002099370188943317	0.00035566093657379963	0.0001950078003120125	0.00021073927337098542	0.0	0.00025814001514421424	0.0003009328919650918	0.0	0.0007471980074719801	0.00020470829068577277	0.0006745037579495086	0.0	0.0010298661174047373	0.0	0.0005856616253832639
de	0.0	4.437935472418231e-05	0.0	0.0	0.00017441353449027645	1.0	0.0001246416552411816	0.00065273512335062	0.0007796327660832863	0.0010189980317983221	0.00046710502676871116	8.526966531656363e-05	8.395600705230459e-05	0.0002078051618802211	0.0010843283396066506	0.0010940032414910859	0.0004224905819807767	0.0	0.0002155358220536253	0.000132984618112505	0.0	0.0005836108345634934	0.0006376136615657573	0.0011308063971333323	8.657259111765215e-05	0.0009523083955508152	0.0002497294597519354	0.0	0.00024271844660194174	0.0002344849148038143	0.001206913198802742	0.0	0.0003912669222943892	0.0	0.001267886252490491
el	0.0004366812227074236	0.0013531799729364006	0.0	0.0	0.0008925914906277894	0.0001246416552411816	1.0	8.013769746973931e-05	0.0003967129498441485	0.0001918354818907305	0.0004839099927413501	0.001805985552115583	0.0007063809748057452	0.0013374944271065537	0.00018111169652265544	0.0006035812487425391	0.001699524133242692	0.0003621876131836291	0.0030403537866224434	0.0010050251256281408	0.00156128024980484	0.0005226298735235706	0.00024217472906702184	0.00041172595520421606	0.0005668934240362812	0.00040517954518596054	0.0022482014388489208	0.0008240626287597857	0.0013605442176870747	0.0004985873358816686	0.00041105275176981043	0.0008453085376162299	0.000500751126690035	0.0	0.0009286898839137645
en	0.0	7.005523855560109e-06	0.0	0.0	2.4485113051264832e-05	0.00065273512335062	8.013769746973931e-05	1.0	0.0005899882002359953	0.0014842611461727908	0.00022357052446205492	6.983386523460687e-05	7.671947523878937e-05	0.0001184714396719038	0.0017567614889866814	0.0010254734001813807	0.00028150640255415564	1.402087006509189e-05	7.688597809448588e-05	2.8019936184595338e-05	3.507590425681174e-06	0.00029107794724982707	0.00043489605984169783	0.0014092983448305062	5.593525494240417e-05	0.001691035752071299	6.620901139491933e-05	1.4037254874436755e-05	0.00013210728502146743	0.00010397856655148152	0.0007363310333945846	3.5100281504257663e-06	0.00016639108143803492	0.0	0.0009666876862554296
es	0.0	0.0	0.0	0.0	0.00024221872350732712	0.0007796327660832863	0.0003967129498441485	0.0005899882002359953	1.0	0.0009351382011620242	0.0003268431619741327	0.0002348382551517642	0.0005173900546133947	0.00011335298118340512	0.0010972636141966946	0.0012109356806855758	0.0006824385805277526	6.283380458686774e-05	0.00023839322963227844	6.195403010965863e-05	0.0001908761213972132	0.000572359441729406	0.0008431703204047217	0.0013621768883987934	0.0001798453330136083	0.0010645063179141206	0.0004544421722335833	6.417661404184315e-05	0.0004372062520494043	0.00036521103980800335	0.001199451679232351	0.0	0.0005225206395652628	0.0	0.001132084190097729
fr	0.0	7.905763301446754e-05	0.0	4.006169501031589e-05	0.0001764878909697029	0.0010189980317983221	0.0001918354818907305	0.0014842611461727908	0.0009351382011620242	1.0	0.0006622160972204822	0.00017470978763054704	0.00015419606029065956	0.00019185756494378574	0.0018301306047749772	0.001862004758456605	0.0005491585473870682	7.936822889797214e-05	0.00027314408350404836	3.950539248607435e-05	7.967810047408469e-05	0.0005596362364463099	0.0010453396573782258	0.0019051981718426285	0.00013681762210972773	0.0018275196341211973	0.0002687965594040396	1.9972836941759208e-05	0.00028421471474316464	0.0004847671253309468	0.001353491720662347	0.0	0.0002797515805964304	0.0	0.0019829007004532346
he	0.0	0.00029717682020802375	0.0	0.0	0.0012628034236003929	0.00046710502676871116	0.0004839099927413501	0.00022357052446205492	0.0003268431619741327	0.0006622160972204822	1.0	0.0007844162635638645	0.0004988775255674732	0.0006054001695120475	0.0006824350523458705	0.0014301036825169824	0.001190665184949992	0.0	0.0008113590263691683	0.0005920663114268798	0.0	0.0006749156355455568	0.00039438008380576783	0.0008217869087434305	0.00013696753869332968	0.0007462449588771395	0.000851270825732701	0.0	0.0003362851698240108	0.0010222858311183807	0.0017556864734111037	0.0	0.0006147540983606558	0.0	0.0015635601970675872
hi	0.0	0.0008536064874093043	0.0	0.0	0.0007280669821623589	8.526966531656363e-05	0.001805985552115583	6.983386523460687e-05	0.0002348382551517642	0.00017470978763054704	0.0007844162635638645	1.0	0.001101624896722666	0.0007743933918430562	0.00011642411642411642	0.0005820323199123528	0.0012171372930866603	0.0009324009324009324	0.0006640106241699867	0.00042158516020236085	0.001540041067761807	0.00022333891680625348	0.00025154068670607473	0.0002710140093395597	0.0006865774116031583	0.0002217332719302734	0.0026089225150013043	0.0011037527593818985	0.0015452538631346578	0.0001850481125092524	0.0005639892842036001	0.0	0.0016759776536312849	0.0	0.0006431085838072029
hu	0.0004897159647404506	0.0014771048744460858	0.0	0.0	0.0012853470437017994	8.395600705230459e-05	0.0007063809748057452	7.671947523878937e-05	0.0005173900546133947	0.00015419606029065956	0.0004988775255674732	0.001101624896722666	1.0	0.0007073803348266918	0.000347233704818281	0.0005409791723018664	0.001048462255358807	0.0015936254980079682	0.0005918910920390648	0.0007304601899196494	0.0008635578583765112	0.00021454623471358077	0.0003073518564052127	0.0004552414849149526	0.0015257857796765334	0.00023730824646156455	0.0011890606420927466	0.00045871559633027525	0.0014294465999591588	0.0003466204506065858	0.0006931287833279423	0.0	0.0010452961672473868	0.0	0.0006686726847208291
id	0.0	0.0006775067750677507	0.0	0.0	0.0002978850163836759	0.0002078051618802211	0.0013374944271065537	0.0001184714396719038	0.00011335298118340512	0.00019185756494378574	0.0006054001695120475	0.0007743933918430562	0.0007073803348266918	1.0	0.0004117530799130378	0.0004023874991616927	0.0009063101846607002	0.0003629764065335753	0.0002760905577029266	0.001343183344526528	0.0011732499022291747	0.0004183225266680611	0.00024226273393495245	0.0003293943261827315	0.0005678591709256105	0.00038832984399270616	0.0008992805755395684	0.0	0.0013621327106440942	0.001332001332001332	0.0008226691042047532	0.00042354934349851756	0.0006684491978609625	0.0	0.0005637539379870668
it	0.0	0.0001351328524855999	0.0	0.0	0.00018455756518237642	0.0010843283396066506	0.00018111169652265544	0.0017567614889866814	0.0010972636141966946	0.0018301306047749772	0.0006824350523458705	0.00011642411642411642	0.000347233704818281	0.0004117530799130378	1.0	0.002223567487019488	0.0008303093671197491	8.473714537504661e-05	0.0002505721397190251	5.0646588108181114e-05	1.7002754446220287e-05	0.0007754295271400335	0.0010041679849237244	0.0027640690156471174	0.00023425081569480464	0.00254311579422461	0.00037901258980950497	1.7042452749799752e-05	0.0003095369978169496	0.0004177176549973491	0.0018587837144908215	0.0	0.0003857342612385284	0.0	0.002458968856927449
ja	0.0	0.0002827454584010744	0.0	3.619778469557663e-05	0.0002787650707366367	0.0010940032414910859	0.0006035812487425391	0.0010254734001813807	0.0012109356806855758	0.001862004758456605	0.0014301036825169824	0.0005820323199123528	0.0005409791723018664	0.0004023874991616927	0.002223567487019488	1.0	0.0016115799343647446	0.0003203416978109984	0.0006562586349820392	0.0002824659275474896	0.00014334862385321102	0.0010608710611577832	0.0009803452728229163	0.002399642087281897	0.0003118178983473651	0.0022746928572274813	0.0005372011818426001	7.202275919190464e-05	0.0007548160546093006	0.0006061959608205979	0.0024612773180564397	0.0	0.0009902571474205398	0.0	0.0031619839190532117
ko	0.0	0.0005480202767502398	0.0	0.0	0.00025957170668397143	0.0004224905819807767	0.001699524133242692	0.00028150640255415564	0.0006824385805277526	0.0005491585473870682	0.001190665184949992	0.0012171372930866603	0.001048462255358807	0.0009063101846607002	0.0008303093671197491	0.0016115799343647446	1.0	0.0007042253521126761	0.0007532011046949536	0.00013642564802182812	0.0002895613146083683	0.0006472026463397094	0.000671462829736211	0.0009075268004008244	0.0011444557477110885	0.001007302946361118	0.0007959972708664999	0.0	0.001159848165331084	0.0008692292833687463	0.0016409708441459318	0.0	0.0017443550731660045	0.0	0.001944621814593371
lv	0.0	0.0	0.0	0.0018248175182481751	0.0	0.0	0.0003621876131836291	1.402087006509189e-05	6.283380458686774e-05	7.936822889797214e-05	0.0	0.0009324009324009324	0.0015936254980079682	0.0003629764065335753	8.473714537504661e-05	0.0003203416978109984	0.0007042253521126761	1.0	0.0	0.0	0.0012062726176115801	0.0	0.00013529053642697694	8.536793580331228e-05	0.0011160714285714285	6.954465636246675e-05	0.0007352941176470588	0.0	0.0005858230814294083	0.0	0.00014877262583684603	0.0	0.0002349072116513977	0.0	0.00028135330941830204
mk	0.0	0.0009573958831977022	0.0	0.0	0.0008022462896109105	0.0002155358220536253	0.0030403537866224434	7.688597809448588e-05	0.00023839322963227844	0.00027314408350404836	0.0008113590263691683	0.0006640106241699867	0.0005918910920390648	0.0002760905577029266	0.0002505721397190251	0.0006562586349820392	0.0007532011046949536	0.0	1.0	0.0014177693761814746	0.0011799410029498525	0.0003448275862068965	0.00012779552715654952	0.0002514932411191449	0.0	0.0002055639303823489	0.0025139664804469273	0.0012836970474967907	0.001637043966323667	0.0001941747572815534	0.0006183997716677766	0.0	0.0009765625	0.0	0.0008537085097664254
ml	0.0	0.0006901311249137336	0.0	0.0	0.0016207455429497568	0.000132984618112505	0.0010050251256281408	2.8019936184595338e-05	6.195403010965863e-05	3.950539248607435e-05	0.0005920663114268798	0.00042158516020236085	0.0007304601899196494	0.001343183344526528	5.0646588108181114e-05	0.0002824659275474896	0.00013642564802182812	0.0	0.0014177693761814746	1.0	0.004757373929590866	0.0	6.662225183211193e-05	0.00010619995327202056	0.0004952947003467063	0.00012123311395912712	0.0006788866259334691	0.0	0.0008244023083264633	0.0011098779134295228	0.00024523027122467996	0.0011668611435239206	0.00022306491188935982	0.0	0.0003140374751386999
mr	0.0056022408963585435	0.0	0.0	0.0	0.002099370188943317	0.0	0.00156128024980484	3.507590425681174e-06	0.0001908761213972132	7.967810047408469e-05	0.0	0.001540041067761807	0.0008635578583765112	0.0011732499022291747	1.7002754446220287e-05	0.00014334862385321102	0.0002895613146083683	0.0012062726176115801	0.0011799410029498525	0.004757373929590866	1.0	0.0	0.00013710838417769247	0.000128595310557675	0.0	0.00010467733212372861	0.0015860428231562252	0.0	0.0009325458501709667	0.0004894762604013706	0.0001502328609344484	0.0	0.0009857072449482504	0.0	0.00017704755497326583
nl	0.0	0.00049813200498132	0.0	0.0	0.00035566093657379963	0.0005836108345634934	0.0005226298735235706	0.00029107794724982707	0.000572359441729406	0.0005596362364463099	0.0006749156355455568	0.00022333891680625348	0.00021454623471358077	0.0004183225266680611	0.0007754295271400335	0.0010608710611577832	0.0006472026463397094	0.0	0.0003448275862068965	0.0	0.0	1.0	0.0006487187804086928	0.0010258323230439243	0.00046511627906976747	0.000699996888902716	0.00041981528127623844	0.0	0.0005870841487279843	0.0007216308858019123	0.0011132551580822325	0.00013439053890606102	0.0006328541723171503	0.0	0.0009938382031405286
pl	0.0	0.00013350243641946466	0.0	6.989585517578807e-05	0.0001950078003120125	0.0006376136615657573	0.00024217472906702184	0.00043489605984169783	0.0008431703204047217	0.0010453396573782258	0.00039438008380576783	0.00025154068670607473	0.0003073518564052127	0.00024226273393495245	0.0010041679849237244	0.0009803452728229163	0.000671462829736211	0.00013529053642697694	0.00012779552715654952	6.662225183211193e-05	0.00013710838417769247	0.0006487187804086928	1.0	0.0009907693323865981	0.00038592654531420853	0.0008003032728191735	0.0003641881638846737	6.919936336585703e-05	0.0	0.0004435819240365955	0.0006783860311467674	0.0	0.00022206184422361627	0.0	0.0010912110069979837
pt	2.1557299301543504e-05	0.00023380874444704232	0.0	0.0	0.00021073927337098542	0.0011308063971333323	0.00041172595520421606	0.0014092983448305062	0.0013621768883987934	0.0019051981718426285	0.0008217869087434305	0.0002710140093395597	0.0004552414849149526	0.0003293943261827315	0.0027640690156471174	0.002399642087281897	0.0009075268004008244	8.536793580331228e-05	0.0002514932411191449	0.00010619995327202056	0.000128595310557675	0.0010258323230439243	0.0009907693323865981	1.0	0.00023100993342713738	0.003008394390800136	0.00043267744926341815	4.298764105319721e-05	0.0005485240639538428	0.0003792490868081199	0.002293055534464169	2.1521575379317765e-05	0.0005392989114151603	0.0	0.00284884898400054
ro	0.0	0.0005022601707684581	0.0	0.0	0.0	8.657259111765215e-05	0.0005668934240362812	5.593525494240417e-05	0.0001798453330136083	0.00013681762210972773	0.00013696753869332968	0.0006865774116031583	0.0015257857796765334	0.0005678591709256105	0.00023425081569480464	0.0003118178983473651	0.0011444557477110885	0.0011160714285714285	0.0	0.0004952947003467063	0.0	0.00046511627906976747	0.00038592654531420853	0.00023100993342713738	1.0	0.00020591313897420937	0.0014347202295552368	0.0006849315068493151	0.0009569377990430622	0.0005941770647653001	0.00047787441460384213	0.0007147962830593281	0.0007964954201513341	0.0	0.0003767252303161067
ru	1.752879103928202e-05	0.00015595217466643564	0.0	1.753063478428554e-05	0.00025814001514421424	0.0009523083955508152	0.00040517954518596054	0.001691035752071299	0.0010645063179141206	0.0018275196341211973	0.0007462449588771395	0.0002217332719302734	0.00023730824646156455	0.00038832984399270616	0.00254311579422461	0.0022746928572274813	0.001007302946361118	6.954465636246675e-05	0.0002055639303823489	0.00012123311395912712	0.00010467733212372861	0.000699996888902716	0.0008003032728191735	0.003008394390800136	0.00020591313897420937	1.0	0.00042235437221246116	5.246130978403427e-05	0.0005009936373808053	0.0006256070858234142	0.002301044621961902	1.75051640233869e-05	0.0006753195414415602	0.0	0.002360244049234691
sh	0.0	0.0010284538909838875	0.0	0.0	0.0003009328919650918	0.0002497294597519354	0.0022482014388489208	6.620901139491933e-05	0.0004544421722335833	0.0002687965594040396	0.000851270825732701	0.0026089225150013043	0.0011890606420927466	0.0008992805755395684	0.00037901258980950497	0.0005372011818426001	0.0007959972708664999	0.0007352941176470588	0.0025139664804469273	0.0006788866259334691	0.0015860428231562252	0.00041981528127623844	0.0003641881638846737	0.00043267744926341815	0.0014347202295552368	0.00042235437221246116	1.0	0.0004187604690117253	0.0007830853563038371	0.0016750418760469012	0.000686530275985171	0.0	0.0013454423141607804	0.0	0.0009299236134174693
si	0.0	0.0011235955056179776	0.0	0.0	0.0	0.0	0.0008240626287597857	1.4037254874436755e-05	6.417661404184315e-05	1.9972836941759208e-05	0.0	0.0011037527593818985	0.00045871559633027525	0.0	1.7042452749799752e-05	7.202275919190464e-05	0.0	0.0	0.0012836970474967907	0.0	0.0	0.0	6.919936336585703e-05	4.298764105319721e-05	0.0006849315068493151	5.246130978403427e-05	0.0004187604690117253	1.0	0.0003244646333549643	0.0	5.041847332862761e-05	0.0	0.0005098139179199592	0.0	0.00017791061770566468
simple	0.00033967391304347825	0.0005537098560354374	0.0	0.0	0.0007471980074719801	0.00024271844660194174	0.0013605442176870747	0.00013210728502146743	0.0004372062520494043	0.00028421471474316464	0.0003362851698240108	0.0015452538631346578	0.0014294465999591588	0.0013621327106440942	0.0003095369978169496	0.0007548160546093006	0.001159848165331084	0.0005858230814294083	0.001637043966323667	0.0008244023083264633	0.0009325458501709667	0.0005870841487279843	0.0	0.0005485240639538428	0.0009569377990430622	0.0005009936373808053	0.0007830853563038371	0.0003244646333549643	1.0	0.0005997001499250374	0.0007985803016858918	0.00033101621979476995	0.0007526719855486979	0.0	0.001819599688068625
sr	0.0	0.0	0.0	0.0	0.00020470829068577277	0.0002344849148038143	0.0004985873358816686	0.00010397856655148152	0.00036521103980800335	0.0004847671253309468	0.0010222858311183807	0.0001850481125092524	0.0003466204506065858	0.001332001332001332	0.0004177176549973491	0.0006061959608205979	0.0008692292833687463	0.0	0.0001941747572815534	0.0011098779134295228	0.0004894762604013706	0.0007216308858019123	0.0004435819240365955	0.0003792490868081199	0.0005941770647653001	0.0006256070858234142	0.0016750418760469012	0.0	0.0005997001499250374	1.0	0.000854481756814492	0.00025713551041398817	0.0007989347536617843	0.0	0.0011053213327017212
sv	5.077173030056864e-05	0.0004912556494399686	0.0	0.0	0.0006745037579495086	0.001206913198802742	0.00041105275176981043	0.0007363310333945846	0.001199451679232351	0.001353491720662347	0.0017556864734111037	0.0005639892842036001	0.0006931287833279423	0.0008226691042047532	0.0018587837144908215	0.0024612773180564397	0.0016409708441459318	0.00014877262583684603	0.0006183997716677766	0.00024523027122467996	0.0001502328609344484	0.0011132551580822325	0.0006783860311467674	0.002293055534464169	0.00047787441460384213	0.002301044621961902	0.000686530275985171	5.041847332862761e-05	0.0007985803016858918	0.000854481756814492	1.0	5.057401507105649e-05	0.0010695187165775401	0.0	0.003077701420801889
te	0.0	0.0	0.0	0.0	0.0	0.0	0.0008453085376162299	3.5100281504257663e-06	0.0	0.0	0.0	0.0	0.0	0.00042354934349851756	0.0	0.0	0.0	0.0	0.0	0.0011668611435239206	0.0	0.00013439053890606102	0.0	2.1521575379317765e-05	0.0007147962830593281	1.75051640233869e-05	0.0	0.0	0.00033101621979476995	0.00025713551041398817	5.057401507105649e-05	1.0	0.0005178663904712584	0.0	0.00017829761437791964
vi	0.0	0.0017985611510791368	0.0	0.0	0.0010298661174047373	0.0003912669222943892	0.000500751126690035	0.00016639108143803492	0.0005225206395652628	0.0002797515805964304	0.0006147540983606558	0.0016759776536312849	0.0010452961672473868	0.0006684491978609625	0.0003857342612385284	0.0009902571474205398	0.0017443550731660045	0.0002349072116513977	0.0009765625	0.00022306491188935982	0.0009857072449482504	0.0006328541723171503	0.00022206184422361627	0.0005392989114151603	0.0007964954201513341	0.0006753195414415602	0.0013454423141607804	0.0005098139179199592	0.0007526719855486979	0.0007989347536617843	0.0010695187165775401	0.0005178663904712584	1.0	0.0	0.0010113140762277985
war	0.0	0.0	0.0	0.0	0.0	0.0	0.0	0.0	0.0	0.0	0.0	0.0	0.0	0.0	0.0	0.0	0.0	0.0	0.0	0.0	0.0	0.0	0.0	0.0	0.0	0.0	0.0	0.0	0.0	0.0	0.0	0.0	0.0	1.0	0.0
zh	0.0	0.0003143445915266669	0.0	3.576026319553712e-05	0.0005856616253832639	0.001267886252490491	0.0009286898839137645	0.0009666876862554296	0.001132084190097729	0.0019829007004532346	0.0015635601970675872	0.0006431085838072029	0.0006686726847208291	0.0005637539379870668	0.002458968856927449	0.0031619839190532117	0.001944621814593371	0.00028135330941830204	0.0008537085097664254	0.0003140374751386999	0.00017704755497326583	0.0009938382031405286	0.0010912110069979837	0.00284884898400054	0.0003767252303161067	0.002360244049234691	0.0009299236134174693	0.00017791061770566468	0.001819599688068625	0.0011053213327017212	0.003077701420801889	0.00017829761437791964	0.0010113140762277985	0.0	1.0
