arz	bs	ceb	ckb	da	de	el	en	es	fr	he	hi	hu	id	it	ja	ko	lv	mk	ml	mr	nl	pl	pt	ro	ru	sh	si	simple	sr	sv	te	vi	war	zh
arz	1.0	0.0	0.0	0.0	1.0	1.0	0.0	1.0	1.0	1.0	1.0	0.0	1.0	1.0	1.0	1.0	1.0	0.0	1.0	0.0	0.0	1.0	1.0	1.0	1.0	1.0	0.0	0.0	1.0	0.0	1.0	0.0	1.0	0.0	1.0
bs	0.0	1.0	0.0	1.0	1.0	1.0	1.0	0.585786437626905	1.0	1.0	1.0	1.0	1.0	1.0	0.585786437626905	1.0	1.0	1.0	1.0	1.0	0.0	1.0	1.0	1.0	0.0	1.0	1.0	0.0	1.0	1.0	0.585786437626905	0.0	1.0	0.0	1.0
ceb	0.0	0.0	1.0	0.0	1.0	1.0	0.0	1.0	1.0	1.0	1.0	0.0	0.0	1.0	1.0	1.0	1.0	1.0	1.0	1.0	0.0	1.0	1.0	1.0	1.0	1.0	0.0	0.0	0.585786437626905	1.0	1.0	0.0	1.0	0.0	1.0
ckb	0.0	1.0	0.0	1.0	1.0	1.0	1.0	0.5	1.0	1.0	1.0	1.0	1.0	1.0	1.0	1.0	1.0	1.0	1.0	1.0	0.0	1.0	1.0	1.0	0.0	1.0	0.0	0.0	1.0	1.0	1.0	0.0	1.0	0.0	1.0
da	1.0	1.0	1.0	1.0	1.0	0.14779166813443095	1.0	0.0418092151489096	0.44948974278317805	0.2766967754673749	1.0	1.0	1.0	0.1662057509419643	0.07928270460318265	0.5	0.44948974278317805	1.0	0.4364916731037085	1.0	0.0	0.18030816435569247	0.25	0.1845136553088809	1.0	0.38742588672279304	1.0	0.0	0.585786437626905	1.0	0.12770402043605128	0.0	1.0	1.0	0.44948974278317805
de	1.0	1.0	1.0	1.0	0.14779166813443095	1.0	0.2474401533514073	0.006400834665874042	0.06903903633610613	0.008840662443493906	0.3333333333333333	1.0	0.15267700571156523	0.04216212368700074	0.011732004108247797	0.10341399374058384	0.2612038749637414	1.0	0.26968623182294527	1.0	0.0	0.011917359091641495	0.024144916850437077	0.015573295406169368	0.3660254037844386	0.012996937021421011	0.25728427444747215	0.0	0.2928060946961875	0.32449979983983984	0.02270683878339564	0.0	0.5	1.0	0.1482675827043134
el	0.0	1.0	0.0	1.0	1.0	0.2474401533514073	1.0	0.019234954117609213	0.44948974278317805	0.15511784463218828	1.0	1.0	0.38742588672279304	0.2474401533514073	0.03490293608811289	1.0	1.0	1.0	1.0	1.0	0.0	0.30216947925196225	0.20658711810431302	0.0905570241534874	1.0	1.0	1.0	0.0	0.585786437626905	1.0	0.15309887413431528	0.0	1.0	1.0	1.0
en	1.0	0.585786437626905	1.0	0.5	0.0418092151489096	0.006400834665874042	0.019234954117609213	1.0	0.005534447081549756	0.017930421455353816	0.04872465618188293	0.2	0.029256980980706438	0.029639619229124104	0.03290642835133091	0.007513020038961189	0.01717421585880319	0.5	0.020714620636153973	0.3797958971132712	0.585786437626905	0.012205906320071389	0.01641381105596643	0.03825589576980245	0.17221426910986962	0.00408473580422643	0.11787768795895961	1.0	0.10043200755670309	0.1463924816619788	0.024276536174288706	0.0	0.060085719157198125	1.0	0.006215421247575732
es	1.0	1.0	1.0	1.0	0.44948974278317805	0.06903903633610613	0.44948974278317805	0.005534447081549756	1.0	0.009278849885508684	0.44948974278317805	0.585786437626905	0.10560891766767477	0.06711142037199938	0.012168042069788715	0.27195617308673004	0.30216947925196225	1.0	1.0	1.0	0.0	0.04414589373164254	0.037693667105100664	0.012761691581258273	0.38742588672279304	0.15174115516527187	0.3380788308512194	0.0	0.3430703308172536	1.0	0.02974344984739472	0.0	0.5	1.0	0.29893508442482547
fr	1.0	1.0	1.0	1.0	0.2766967754673749	0.008840662443493906	0.15511784463218828	0.017930421455353816	0.009278849885508684	1.0	0.13912956189814343	0.585786437626905	0.09358386908199584	0.039581409896820775	0.01919597240517631	0.015727851225227445	0.07774325245646667	0.2989350844248255	0.13507810593582123	0.585786437626905	0.0	0.014123914418395542	0.017198316872732506	0.01651866476105656	0.2674788903885893	0.006929432601472734	0.25	1.0	0.18660549686337075	0.5	0.028964226911589265	1.0	0.38742588672279304	1.0	0.03149079963623521
he	1.0	1.0	1.0	1.0	1.0	0.3333333333333333	1.0	0.04872465618188293	0.44948974278317805	0.13912956189814343	1.0	1.0	0.585786437626905	0.26427884169111276	0.06404697402022888	1.0	1.0	1.0	1.0	1.0	0.0	0.3430703308172536	0.32449979983983984	0.18660549686337075	1.0	1.0	1.0	0.0	0.585786437626905	1.0	0.26533119314590375	0.0	1.0	1.0	1.0
hi	0.0	1.0	0.0	1.0	1.0	1.0	1.0	0.2	0.585786437626905	0.585786437626905	1.0	1.0	1.0	0.585786437626905	0.3333333333333333	1.0	1.0	1.0	1.0	1.0	1.0	1.0	0.585786437626905	0.4364916731037085	1.0	1.0	1.0	0.0	1.0	1.0	0.39564392373896007	1.0	1.0	1.0	1.0
hu	1.0	1.0	0.0	1.0	1.0	0.15267700571156523	0.38742588672279304	0.029256980980706438	0.10560891766767477	0.09358386908199584	0.585786437626905	1.0	1.0	0.44948974278317805	0.04103176922872035	0.26533119314590375	0.2989350844248255	1.0	0.3430703308172536	1.0	0.0	0.18243370584713978	0.2070518364164892	0.13523799123382527	1.0	0.1134012122337787	0.585786437626905	0.0	1.0	0.585786437626905	0.21290885543182675	0.0	1.0	1.0	0.4142135623730951
id	1.0	1.0	1.0	1.0	0.1662057509419643	0.04216212368700074	0.2474401533514073	0.029639619229124104	0.06711142037199938	0.039581409896820775	0.26427884169111276	0.585786437626905	0.44948974278317805	1.0	0.04375868532015803	0.0705190559160294	0.10463536295070865	0.5	0.39564392373896	0.4364916731037085	0.0	0.08945237775247206	0.08147292383748614	0.05779612628017766	0.4142135623730951	0.03854862226669431	1.0	1.0	0.21498516621900873	0.44948974278317805	0.13193540296250672	0.0	0.36602540378443865	1.0	0.06810164930686716
it	1.0	0.585786437626905	1.0	1.0	0.07928270460318265	0.011732004108247797	0.03490293608811289	0.03290642835133091	0.012168042069788715	0.01919597240517631	0.06404697402022888	0.3333333333333333	0.04103176922872035	0.04375868532015803	1.0	0.017948553251533717	0.03660797759590429	0.3266316347104093	0.07460506077143923	0.5	0.0	0.01413137767903983	0.01857474091107151	0.02604904742025358	0.09342769440796615	0.009711511396904918	0.0766685913065766	1.0	0.06911777702714628	0.07400363063529179	0.032658743554637264	0.0	0.0877785499571333	1.0	0.023049367254272052
ja	1.0	1.0	1.0	1.0	0.5	0.10341399374058384	1.0	0.007513020038961189	0.27195617308673004	0.015727851225227445	1.0	1.0	0.26533119314590375	0.0705190559160294	0.017948553251533717	1.0	1.0	1.0	1.0	1.0	0.0	0.08710695205061249	0.05168254737202243	0.03583298491583323	0.5	0.5	0.44948974278317805	0.0	0.4142135623730951	1.0	0.03469512958049549	1.0	1.0	1.0	1.0
ko	1.0	1.0	1.0	1.0	0.44948974278317805	0.2612038749637414	1.0	0.01717421585880319	0.30216947925196225	0.07774325245646667	1.0	1.0	0.2989350844248255	0.10463536295070865	0.03660797759590429	1.0	1.0	1.0	1.0	1.0	0.0	0.2070518364164892	0.2012628451930092	0.09697392325154841	0.5	1.0	1.0	0.0	0.353889367864523	1.0	0.10270214532815182	0.0	1.0	1.0	1.0
lv	0.0	1.0	1.0	1.0	1.0	1.0	1.0	0.5	1.0	0.2989350844248255	1.0	1.0	1.0	0.5	0.3266316347104093	1.0	1.0	1.0	1.0	1.0	0.0	0.5	0.4364916731037085	0.585786437626905	1.0	1.0	1.0	0.0	1.0	1.0	0.585786437626905	0.0	1.0	1.0	1.0
mk	1.0	1.0	1.0	1.0	0.4364916731037085	0.26968623182294527	1.0	0.020714620636153973	1.0	0.13507810593582123	1.0	1.0	0.3430703308172536	0.39564392373896	0.07460506077143923	1.0	1.0	1.0	1.0	1.0	0.0	0.27429188517743175	0.32449979983983984	0.19612533584707842	0.585786437626905	1.0	0.585786437626905	0.0	0.585786437626905	1.0	0.10490656828803087	0.0	1.0	1.0	1.0
ml	0.0	1.0	1.0	1.0	1.0	1.0	1.0	0.3797958971132712	1.0	0.585786437626905	1.0	1.0	1.0	0.4364916731037085	0.5	1.0	1.0	1.0	1.0	1.0	0.0	0.4364916731037085	1.0	1.0	1.0	1.0	1.0	0.0	1.0	1.0	1.0	0.0	1.0	1.0	1.0
mr	0.0	0.0	0.0	0.0	0.0	0.0	0.0	0.585786437626905	0.0	0.0	0.0	1.0	0.0	0.0	0.0	0.0	0.0	0.0	0.0	0.0	1.0	0.0	0.0	0.0	0.0	0.0	0.0	0.0	0.0	0.0	0.0	0.0	0.0	0.0	0.0
nl	1.0	1.0	1.0	1.0	0.18030816435569247	0.011917359091641495	0.30216947925196225	0.012205906320071389	0.04414589373164254	0.014123914418395542	0.3430703308172536	1.0	0.18243370584713978	0.08945237775247206	0.01413137767903983	0.08710695205061249	0.2070518364164892	0.5	0.27429188517743175	0.4364916731037085	0.0	1.0	0.044290400276850515	0.04157708177318554	0.28172904669025317	0.019913269724343555	0.34833147735478825	0.0	0.30216947925196225	0.5	0.03213013211450474	0.0	0.3660254037844386	1.0	0.061655203274685856
pl	1.0	1.0	1.0	1.0	0.25	0.024144916850437077	0.20658711810431302	0.01641381105596643	0.037693667105100664	0.017198316872732506	0.32449979983983984	0.585786437626905	0.2070518364164892	0.08147292383748614	0.01857474091107151	0.05168254737202243	0.2012628451930092	0.4364916731037085	0.32449979983983984	1.0	0.0	0.044290400276850515	1.0	0.030737515692085608	0.3090169943749474	0.012828978666992235	0.3333333333333333	0.0	0.2766967754673749	0.38742588672279304	0.05566963898840424	1.0	0.5	1.0	0.11827846204868848
pt	1.0	1.0	1.0	1.0	0.1845136553088809	0.015573295406169368	0.0905570241534874	0.03825589576980245	0.012761691581258273	0.01651866476105656	0.18660549686337075	0.4364916731037085	0.13523799123382527	0.05779612628017766	0.02604904742025358	0.03583298491583323	0.09697392325154841	0.585786437626905	0.19612533584707842	1.0	0.0	0.04157708177318554	0.030737515692085608	1.0	0.28172904669025317	0.011692063526878026	0.25728427444747215	0.0	0.28989794855663564	0.4142135623730951	0.029144314380076176	0.0	0.2211722256431405	1.0	0.05001316318214015
ro	1.0	0.0	1.0	0.0	1.0	0.3660254037844386	1.0	0.17221426910986962	0.38742588672279304	0.2674788903885893	1.0	1.0	1.0	0.4142135623730951	0.09342769440796615	0.5	0.5	1.0	0.585786437626905	1.0	0.0	0.28172904669025317	0.3090169943749474	0.28172904669025317	1.0	0.38742588672279304	1.0	0.0	0.585786437626905	0.585786437626905	0.34833147735478825	0.0	0.585786437626905	1.0	0.5
ru	1.0	1.0	1.0	1.0	0.38742588672279304	0.012996937021421011	1.0	0.00408473580422643	0.15174115516527187	0.006929432601472734	1.0	1.0	0.1134012122337787	0.03854862226669431	0.009711511396904918	0.5	1.0	1.0	1.0	1.0	0.0	0.019913269724343555	0.012828978666992235	0.011692063526878026	0.38742588672279304	1.0	0.30216947925196225	1.0	0.4142135623730951	1.0	0.023074191591520583	1.0	1.0	1.0	1.0
sh	0.0	1.0	0.0	0.0	1.0	0.25728427444747215	1.0	0.11787768795895961	0.3380788308512194	0.25	1.0	1.0	0.585786437626905	1.0	0.0766685913065766	0.44948974278317805	1.0	1.0	0.585786437626905	1.0	0.0	0.34833147735478825	0.3333333333333333	0.25728427444747215	1.0	0.30216947925196225	1.0	0.0	0.585786437626905	0.4142135623730951	0.25	0.0	1.0	1.0	0.44948974278317805
si	0.0	0.0	0.0	0.0	0.0	0.0	0.0	1.0	0.0	1.0	0.0	0.0	0.0	1.0	1.0	0.0	0.0	0.0	0.0	0.0	0.0	0.0	0.0	0.0	0.0	1.0	0.0	1.0	0.0	0.0	1.0	0.0	0.0	0.0	0.0
simple	1.0	1.0	0.585786437626905	1.0	0.585786437626905	0.2928060946961875	0.585786437626905	0.10043200755670309	0.3430703308172536	0.18660549686337075	0.585786437626905	1.0	1.0	0.21498516621900873	0.06911777702714628	0.4142135623730951	0.353889367864523	1.0	0.585786437626905	1.0	0.0	0.30216947925196225	0.2766967754673749	0.28989794855663564	0.585786437626905	0.4142135623730951	0.585786437626905	0.0	1.0	1.0	0.24304394258384912	0.0	0.4364916731037085	0.0	0.36602540378443865
sr	0.0	1.0	1.0	1.0	1.0	0.32449979983983984	1.0	0.1463924816619788	1.0	0.5	1.0	1.0	0.585786437626905	0.44948974278317805	0.07400363063529179	1.0	1.0	1.0	1.0	1.0	0.0	0.5	0.38742588672279304	0.4142135623730951	0.585786437626905	1.0	0.4142135623730951	0.0	1.0	1.0	0.2240092377397959	0.0	1.0	1.0	1.0
sv	1.0	0.585786437626905	1.0	1.0	0.12770402043605128	0.02270683878339564	0.15309887413431528	0.024276536174288706	0.02974344984739472	0.028964226911589265	0.26533119314590375	0.39564392373896007	0.21290885543182675	0.13193540296250672	0.032658743554637264	0.03469512958049549	0.10270214532815182	0.585786437626905	0.10490656828803087	1.0	0.0	0.03213013211450474	0.05566963898840424	0.029144314380076176	0.34833147735478825	0.023074191591520583	0.25	1.0	0.24304394258384912	0.2240092377397959	1.0	0.0	0.1842574582922436	1.0	0.04754230112047501
te	0.0	0.0	0.0	0.0	0.0	0.0	0.0	0.0	0.0	1.0	0.0	1.0	0.0	0.0	0.0	1.0	0.0	0.0	0.0	0.0	0.0	0.0	1.0	0.0	0.0	1.0	0.0	0.0	0.0	0.0	0.0	1.0	0.0	0.0	0.0
vi	1.0	1.0	1.0	1.0	1.0	0.5	1.0	0.060085719157198125	0.5	0.38742588672279304	1.0	1.0	1.0	0.36602540378443865	0.0877785499571333	1.0	1.0	1.0	1.0	1.0	0.0	0.3660254037844386	0.5	0.2211722256431405	0.585786437626905	1.0	1.0	0.0	0.4364916731037085	1.0	0.1842574582922436	0.0	1.0	1.0	1.0
war	0.0	0.0	0.0	0.0	1.0	1.0	1.0	1.0	1.0	1.0	1.0	1.0	1.0	1.0	1.0	1.0	1.0	1.0	1.0	1.0	0.0	1.0	1.0	1.0	1.0	1.0	1.0	0.0	0.0	1.0	1.0	0.0	1.0	1.0	1.0
zh	1.0	1.0	1.0	1.0	0.44948974278317805	0.1482675827043134	1.0	0.006215421247575732	0.29893508442482547	0.03149079963623521	1.0	1.0	0.4142135623730951	0.06810164930686716	0.023049367254272052	1.0	1.0	1.0	1.0	1.0	0.0	0.061655203274685856	0.11827846204868848	0.05001316318214015	0.5	1.0	0.44948974278317805	0.0	0.36602540378443865	1.0	0.04754230112047501	0.0	1.0	1.0	1.0
