arz	bs	ceb	ckb	da	de	el	en	es	fr	he	hi	hu	id	it	ja	ko	lv	mk	ml	mr	nl	pl	pt	ro	ru	sh	si	simple	sr	sv	te	tr	vi	war	zh
arz	1.0	0.8887384913063214	0.8764830409289747	1.0	0.8464028740620162	0.8643529883106178	1.0	0.799285123099473	0.8692826875431707	0.771639335098535	1.0	1.0	0.5429176090563703	0.8454121974638796	0.9427142271269596	1.0	1.0	0.6317550491530939	1.0	1.0	1.0	0.9156001022199727	0.8543072365737236	0.5447191671247269	0.8170430329543026	1.0	0.30040293964519094	1.0	0.9156001022199727	1.0	0.8641261961708914	1.0	1.0	0.8223610968331737	1.0	0.4918353455544412
bs	0.8887384913063214	1.0	0.7563434213987996	0.8419116361042912	0.7629614977300471	0.7332948682803295	0.8419116361042912	0.6313243807693085	0.6603352384913782	0.6351831736168437	0.8419116361042912	0.8433069940730855	0.44251673320339424	0.7267532312021787	0.8093333853851963	0.8419116361042912	0.8419116361042912	0.5578613706053519	0.8419116361042912	0.8419116361042912	0.8419116361042912	0.7973215369113655	0.7551360312631135	0.337333622477448	0.7685502035774439	0.8419116361042912	0.3313530744238455	0.8801687295240928	0.7981110983682052	0.8419116361042912	0.6851551444177053	0.8505743850413015	0.30672128430050777	0.6791818263131908	0.4177462072938038	0.24509771301506303
ceb	0.8764830409289747	0.7563434213987996	1.0	0.7958321715559342	0.740847530099769	0.7056692331603698	0.7926081846448509	0.6214845187639543	0.6483072609270576	0.6293281787339287	0.7956023931148987	0.798661875167553	0.4417115173909827	0.7064361164757583	0.774937466313493	0.7926081846448509	0.7926081846448509	0.550980018922336	0.7958321715559342	0.7958321715559344	0.7958321715559344	0.7660159956669148	0.7303049914173457	0.33625706615492934	0.7387175408719342	0.7926081846448509	0.33244067673297345	0.8404932191486447	0.7640817329530737	0.7956023931148987	0.6623260206003481	0.8069814071766429	-1.0	0.6577040054594179	0.4195895614340716	0.2431688972466137
ckb	1.0	0.8419116361042912	0.7958321715559342	1.0	0.8013767124387606	0.7603318975500675	1.0	0.6448764607909672	0.6764191936662676	0.652365820114917	1.0	1.0	0.44606732951884626	0.7547084384239534	0.8770239116657604	1.0	1.0	0.5647416883457897	1.0	1.0	1.0	0.8555998116007719	0.7924819534701345	0.3389895297188009	0.81040058891012	1.0	0.3319042434021091	1.0	0.859754089437396	1.0	0.7050446175018017	1.0	1.0	0.6953293814746904	0.4213753172044634	0.24519001048908678
da	0.8464028740620162	0.7629614977300471	0.740847530099769	0.8013767124387606	1.0	0.7134032406691803	0.8013970002666747	0.6230744122940223	0.6493040290196087	0.6263715418277794	0.8013970002666747	0.8043638168255047	0.44153324341956174	0.7108978487081103	0.7778589437537637	0.8013970002666747	0.8013970002666745	0.5553557930361681	0.8013767124387606	0.801376712438761	0.801376712438761	0.7691459660320032	0.7327358027854292	0.3364866924649739	0.7489302009305323	0.8013970002666745	0.3297818473585772	0.8575497446969711	0.771107873926514	0.8013970002666745	0.6734156854723448	0.815414791562081	0.30261168725061416	0.6644236665883594	0.41492293255997237	0.24536394348448382
de	0.8643529883106178	0.7332948682803295	0.7056692331603698	0.7603318975500675	0.7134032406691803	1.0	0.7517703091182701	0.6020108077128884	0.6302758928447226	0.6098348555690468	0.7576070184414249	0.7608525897501959	0.42729410762454256	0.6808469609010689	0.7415973204605023	0.7552906866226181	0.7501945032240799	0.5456526833087579	0.7603318975500675	0.7603318975500675	0.7603318975500675	0.7339223450162966	0.7086851619435593	0.3326430204180316	0.7143534229042756	0.753950585339822	0.3285653676607106	0.8216133432328807	0.7336246328363956	0.7576070184414249	0.6460799140528217	0.7647068138692161	0.23299846704450317	0.6477904057596328	0.41218678852075735	0.24100484287523125
el	1.0	0.8419116361042912	0.7926081846448509	1.0	0.8013970002666747	0.7517703091182701	1.0	0.6376706860132791	0.6691403317160317	0.6459348166952682	1.0	1.0	0.43727751108616425	0.7497554390440104	0.8762993542874732	1.0	1.0	0.5647416883457897	1.0	1.0	1.0	0.855244014727583	0.7903363525687958	0.33387540707181834	0.8071660142600919	1.0	0.3319042434021091	1.0	0.857435580442982	1.0	0.6962038116832144	1.0	0.7510341748895938	0.6917633903585111	0.4213753172044634	0.24181690484195312
en	0.799285123099473	0.6313243807693085	0.6214845187639543	0.6448764607909672	0.6230744122940223	0.6020108077128884	0.6376706860132791	1.0	0.5735934222488265	0.5434262569739655	0.643718350404741	0.6447294505393093	0.4120037323583572	0.6028703493472538	0.6366800788167986	0.640954516437455	0.6269711912503152	0.5091540761001592	0.6448764607909672	0.6448764607909672	0.6448764607909672	0.6347455461212743	0.6200521626198797	0.3238304351524236	0.6243977222890421	0.6399389128832548	0.322830184371179	0.7167085561631198	0.6309934100326351	0.643718350404741	0.5685445185363038	0.6683329445460471	0.31842980666838894	0.5772645979093771	0.4015832422346231	0.23972879154480126
es	0.8692826875431707	0.6603352384913782	0.6483072609270576	0.6764191936662676	0.6493040290196087	0.6302758928447226	0.6691403317160317	0.5735934222488265	1.0	0.5719613648446261	0.6738402147014274	0.6790487037583345	0.4199338389611094	0.6269119209888541	0.6657053768835943	0.6717635629894496	0.6681931316210773	0.5249977913086443	0.6764191936662676	0.6764191936662676	0.6764191936662677	0.6652519470101586	0.6480672991392274	0.32638874812340346	0.6516585441796632	0.6710375711166857	0.3267927929288811	0.7751410739898837	0.6602037550300904	0.6738402147014274	0.6003984822898266	0.6899405772090813	0.3150878497005384	0.6028419532469571	0.40549831862957364	0.2389936512611384
fr	0.771639335098535	0.6351831736168437	0.6293281787339287	0.652365820114917	0.6263715418277794	0.6098348555690468	0.6459348166952682	0.5434262569739655	0.5719613648446261	1.0	0.6506766722426062	0.6538263257581609	0.41413763049634184	0.6085268457805557	0.6446401684973917	0.6496325594582817	0.6353542112252746	0.5120240723147569	0.6523658201149171	0.6523658201149171	0.6523658201149171	0.642364346393196	0.6261362808366656	0.32745400607184577	0.6300370410875658	0.6487924875060762	0.3235058715078856	0.7412189308232989	0.6404247618781521	0.6506766722426062	0.577311471509739	0.6728980024906805	0.3766056956659345	0.5870816848471843	0.4071116360273879	0.23907727834067713
he	1.0	0.8419116361042912	0.7956023931148987	1.0	0.8013970002666747	0.7576070184414249	1.0	0.643718350404741	0.6738402147014274	0.6506766722426062	1.0	1.0	0.44376161464415625	0.7535912762111336	0.8762993542874732	1.0	1.0	0.5647416883457897	1.0	1.0	1.0	0.8555998116007719	0.7919958144872554	0.33947214054047214	0.808772003243233	1.0	0.3319042434021091	1.0	0.8585512305416331	1.0	0.7017891440888219	1.0	0.7455134344225701	0.6934879396448209	0.4213753172044634	0.24740175518163587
hi	1.0	0.8433069940730855	0.798661875167553	1.0	0.8043638168255047	0.7608525897501959	1.0	0.6447294505393093	0.6790487037583345	0.6538263257581609	1.0	1.0	0.44760608034786054	0.7570500330930217	0.8791402825646906	1.0	1.0	0.5674291256223715	1.0	1.0	1.0	0.858744364196288	0.7940370565481188	0.33868377984644976	0.8112123023261509	1.0	0.3351493087343623	1.0	0.860434720380949	1.0	0.7060366211508382	1.0	0.7455134344225701	0.6988617731141763	0.421924121194448	0.24659572554359727
hu	0.5429176090563703	0.44251673320339424	0.4417115173909827	0.44606732951884626	0.44153324341956174	0.42729410762454256	0.43727751108616425	0.4120037323583572	0.4199338389611094	0.41413763049634184	0.44376161464415625	0.44760608034786054	1.0	0.4292029155328707	0.44156448015878363	0.4421650172138724	0.4332407507195165	0.4083270812236064	0.44606732951884626	0.44606732951884626	0.44606732951884626	0.4427399202529461	0.43520772176034767	0.2980262036536644	0.435964341524719	0.44043588311175047	0.2985589164959384	0.5329667734966845	0.44126316654736997	0.44376161464415625	0.4198111738027395	0.4640109409190591	0.7510341748895938	0.4287547740309286	0.34842476274696543	0.22968319770881337
id	0.8454121974638796	0.7267532312021787	0.7064361164757583	0.7547084384239534	0.7108978487081103	0.6808469609010689	0.7497554390440104	0.6028703493472538	0.6269119209888541	0.6085268457805557	0.7535912762111336	0.7570500330930217	0.4292029155328707	1.0	0.7364725380345534	0.7503915026881521	0.7491091628813414	0.5406893905669439	0.7547084384239534	0.7547084384239534	0.7547084384239534	0.7284488548862664	0.7033580253043603	0.3333699979107466	0.7135729836623461	0.750325052211279	0.33053605087100973	0.8410743963249749	0.7298722707334498	0.7535912762111333	0.6419146830981685	0.7694193701753032	0.4240028426681199	0.6392422316417095	0.41190412578113994	0.23994303697202257
it	0.9427142271269596	0.8093333853851963	0.774937466313493	0.8770239116657604	0.7778589437537637	0.7415973204605023	0.8762993542874732	0.6366800788167986	0.6657053768835943	0.6446401684973917	0.8762993542874732	0.8791402825646906	0.44156448015878363	0.7364725380345534	1.0	0.8762001708841286	0.8762001708841286	0.5593430665042909	0.8770239116657604	0.8770239116657604	0.8770239116657604	0.8225751144782601	0.768892104686987	0.3389111155028187	0.7824505812420771	0.8762993542874732	0.3309696316512604	0.9083491655396001	0.8200184777504763	0.8762993542874732	0.6877494300942885	0.885485417269026	0.32216376941984926	0.6825188268658335	0.4204445997212007	0.2468184440630929
ja	1.0	0.8419116361042912	0.7926081846448509	1.0	0.8013970002666747	0.7552906866226181	1.0	0.640954516437455	0.6717635629894496	0.6496325594582817	1.0	1.0	0.4421650172138724	0.7503915026881521	0.8762001708841286	1.0	1.0	0.5647416883457897	1.0	1.0	1.0	0.8552440147275828	0.7903363525687958	0.33387540707181834	0.8082624078823095	1.0	0.3319042434021091	1.0	0.857435580442982	1.0	0.6973373634138116	1.0	0.49343012013425164	0.691763390358511	0.4213753172044634	0.24131328411079553
ko	1.0	0.8419116361042912	0.7926081846448509	1.0	0.8013970002666745	0.7501945032240799	1.0	0.6269711912503152	0.6681931316210773	0.6353542112252746	1.0	1.0	0.4332407507195165	0.7491091628813414	0.8762001708841286	1.0	1.0	0.5647416883457897	1.0	1.0	1.0	0.8552440147275828	0.7903363525687959	0.332908860545213	0.8071660142600919	1.0	0.3319042434021091	1.0	0.857435580442982	1.0	0.6875684176544163	1.0	0.5602241835688646	0.6917633903585111	0.4213753172044634	0.24086582767104264
lv	0.6317550491530939	0.5578613706053519	0.550980018922336	0.5647416883457897	0.5553557930361681	0.5456526833087579	0.5647416883457897	0.5091540761001592	0.5249977913086443	0.5120240723147569	0.5647416883457897	0.5674291256223715	0.4083270812236064	0.5406893905669439	0.5593430665042909	0.5647416883457897	0.5647416883457897	1.0	0.5647416883457897	0.5647416883457897	0.5647416883457899	0.561427631758924	0.5509336428397653	0.32071927501461384	0.554367464137945	0.5647416883457897	0.32110853586707716	0.6349526733487484	0.5600949488040821	0.5647416883457897	0.5319154260171378	0.5876489183238502	0.47978340244123824	0.5313868320609177	0.38457417251988085	0.23713650125387148
mk	1.0	0.8419116361042912	0.7958321715559342	1.0	0.8013767124387606	0.7603318975500675	1.0	0.6448764607909672	0.6764191936662676	0.6523658201149171	1.0	1.0	0.44606732951884626	0.7547084384239534	0.8770239116657604	1.0	1.0	0.5647416883457897	1.0	1.0	1.0	0.8555998116007719	0.7924819534701345	0.338989529718801	0.81040058891012	1.0	0.3319042434021091	1.0	0.859754089437396	1.0	0.7050446175018018	1.0	0.5982311734420861	0.6953293814746904	0.4213753172044634	0.24519001048908678
ml	1.0	0.8419116361042912	0.7958321715559344	1.0	0.801376712438761	0.7603318975500675	1.0	0.6448764607909672	0.6764191936662676	0.6523658201149171	1.0	1.0	0.44606732951884626	0.7547084384239534	0.8770239116657604	1.0	1.0	0.5647416883457897	1.0	1.0	1.0	0.8555998116007719	0.7924819534701345	0.3389895297188009	0.81040058891012	1.0	0.3319042434021091	1.0	0.8597540894373957	1.0	0.7050446175018018	1.0	0.6128508099341461	0.6953293814746904	0.4213753172044634	0.24519001048908678
mr	1.0	0.8419116361042912	0.7958321715559344	1.0	0.801376712438761	0.7603318975500675	1.0	0.6448764607909672	0.6764191936662677	0.6523658201149171	1.0	1.0	0.44606732951884626	0.7547084384239534	0.8770239116657604	1.0	1.0	0.5647416883457899	1.0	1.0	1.0	0.8555998116007719	0.7924819534701345	0.3389895297188009	0.81040058891012	1.0	0.3319042434021091	1.0	0.8597540894373957	1.0	0.7050446175018018	1.0	1.0	0.6953293814746905	0.4213753172044634	0.24519001048908678
nl	0.9156001022199727	0.7973215369113655	0.7660159956669148	0.8555998116007719	0.7691459660320032	0.7339223450162966	0.855244014727583	0.6347455461212743	0.6652519470101586	0.642364346393196	0.8555998116007719	0.858744364196288	0.4427399202529461	0.7284488548862664	0.8225751144782601	0.8552440147275828	0.8552440147275828	0.561427631758924	0.8555998116007719	0.8555998116007719	0.8555998116007719	1.0	0.761246829926023	0.3368019127792685	0.7748748800295863	0.855244014727583	0.332624402852255	0.9016127033466009	0.8117065083595578	0.8555998116007719	0.6867307970030629	0.869195069883892	0.41971005227448405	0.6794274032097356	0.42107933604595743	0.24548631382554684
pl	0.8543072365737236	0.7551360312631135	0.7303049914173457	0.7924819534701345	0.7327358027854292	0.7086851619435593	0.7903363525687958	0.6200521626198797	0.6480672991392274	0.6261362808366656	0.7919958144872554	0.7940370565481188	0.43520772176034767	0.7033580253043603	0.768892104686987	0.7903363525687958	0.7903363525687959	0.5509336428397653	0.7924819534701345	0.7924819534701345	0.7924819534701345	0.761246829926023	1.0	0.3338013677760558	0.7408542687236254	0.7903363525687958	0.3300607585428359	0.8446512488866206	0.7643188544964976	0.7919958144872554	0.6615378747118115	0.8141887813089025	0.4442260731983875	0.661467674881633	0.4209000159563873	0.24055624002614331
pt	0.5447191671247269	0.337333622477448	0.33625706615492934	0.3389895297188009	0.3364866924649739	0.3326430204180316	0.33387540707181834	0.3238304351524236	0.32638874812340346	0.32745400607184577	0.33947214054047214	0.33868377984644976	0.2980262036536644	0.3333699979107466	0.3389111155028187	0.33387540707181834	0.332908860545213	0.32071927501461384	0.338989529718801	0.3389895297188009	0.3389895297188009	0.3368019127792685	0.3338013677760558	1.0	0.33577981803114954	0.33387540707181834	0.2611491130881738	0.3488716605670228	0.3373293305213466	0.33947214054047214	0.329040928685918	0.36047289895811385	0.4897870224786274	0.3293619958778861	0.3028580378326435	0.21830718917153552
ro	0.8170430329543026	0.7685502035774439	0.7387175408719342	0.81040058891012	0.7489302009305323	0.7143534229042756	0.8071660142600919	0.6243977222890421	0.6516585441796632	0.6300370410875658	0.808772003243233	0.8112123023261509	0.435964341524719	0.7135729836623461	0.7824505812420771	0.8082624078823095	0.8071660142600919	0.554367464137945	0.81040058891012	0.81040058891012	0.81040058891012	0.7748748800295863	0.7408542687236254	0.33577981803114954	1.0	0.8071660142600919	0.32991039656945503	0.8531594400151868	0.7779204203229968	0.808772003243233	0.6732968230915242	0.8260792977899524	0.5593450769090978	0.6681461036925392	0.41656338878885485	0.24650922816369075
ru	1.0	0.8419116361042912	0.7926081846448509	1.0	0.8013970002666745	0.753950585339822	1.0	0.6399389128832548	0.6710375711166857	0.6487924875060762	1.0	1.0	0.44043588311175047	0.750325052211279	0.8762993542874732	1.0	1.0	0.5647416883457897	1.0	1.0	1.0	0.855244014727583	0.7903363525687958	0.33387540707181834	0.8071660142600919	1.0	0.33190424340210917	1.0	0.857435580442982	1.0	0.6970614946269411	1.0	0.5081153644584258	0.6917633903585111	0.4213753172044634	0.24181690484195312
sh	0.30040293964519094	0.3313530744238455	0.33244067673297345	0.3319042434021091	0.3297818473585772	0.3285653676607106	0.3319042434021091	0.322830184371179	0.3267927929288811	0.3235058715078856	0.3319042434021091	0.3351493087343623	0.2985589164959384	0.33053605087100973	0.3309696316512604	0.3319042434021091	0.3319042434021091	0.32110853586707716	0.3319042434021091	0.3319042434021091	0.3319042434021091	0.332624402852255	0.3300607585428359	0.2611491130881738	0.32991039656945503	0.33190424340210917	1.0	0.39340328526820123	0.3306507815066205	0.33190424340210917	0.32671352159819494	0.33761343517648534	0.38358365323823024	0.3262796567274233	0.2878213493853226	0.21355641346160248
si	1.0	0.8801687295240928	0.8404932191486447	1.0	0.8575497446969711	0.8216133432328807	1.0	0.7167085561631198	0.7751410739898837	0.7412189308232989	1.0	1.0	0.5329667734966845	0.8410743963249749	0.9083491655396001	1.0	1.0	0.6349526733487484	1.0	1.0	1.0	0.9016127033466009	0.8446512488866206	0.3488716605670228	0.8531594400151868	1.0	0.39340328526820123	1.0	0.8775761222129012	1.0	0.7567598337491411	1.0	1.0	0.769237262146928	0.7111374370280844	0.19545954348925065
simple	0.9156001022199727	0.7981110983682052	0.7640817329530737	0.859754089437396	0.771107873926514	0.7336246328363956	0.857435580442982	0.6309934100326351	0.6602037550300904	0.6404247618781521	0.8585512305416331	0.860434720380949	0.44126316654736997	0.7298722707334498	0.8200184777504763	0.857435580442982	0.857435580442982	0.5600949488040821	0.859754089437396	0.8597540894373957	0.8597540894373957	0.8117065083595578	0.7643188544964976	0.3373293305213466	0.7779204203229968	0.857435580442982	0.3306507815066205	0.8775761222129012	1.0	0.8585512305416328	0.6868387622999602	0.8631222323263689	0.46864129473958954	0.6787649878372036	0.4194187153717003	0.24602369744980504
sr	1.0	0.8419116361042912	0.7956023931148987	1.0	0.8013970002666745	0.7576070184414249	1.0	0.643718350404741	0.6738402147014274	0.6506766722426062	1.0	1.0	0.44376161464415625	0.7535912762111333	0.8762993542874732	1.0	1.0	0.5647416883457897	1.0	1.0	1.0	0.8555998116007719	0.7919958144872554	0.33947214054047214	0.808772003243233	1.0	0.33190424340210917	1.0	0.8585512305416328	1.0	0.7017891440888219	1.0	0.5885841189083852	0.6934879396448209	0.4213753172044634	0.24740175518163587
sv	0.8641261961708914	0.6851551444177053	0.6623260206003481	0.7050446175018017	0.6734156854723448	0.6460799140528217	0.6962038116832144	0.5685445185363038	0.6003984822898266	0.577311471509739	0.7017891440888219	0.7060366211508382	0.4198111738027395	0.6419146830981685	0.6877494300942885	0.6973373634138116	0.6875684176544163	0.5319154260171378	0.7050446175018018	0.7050446175018018	0.7050446175018018	0.6867307970030629	0.6615378747118115	0.329040928685918	0.6732968230915242	0.6970614946269411	0.32671352159819494	0.7567598337491411	0.6868387622999602	0.7017891440888219	1.0	0.717763086583026	0.533827108595813	0.6184511602883477	0.40867124999868365	0.2407858006104912
te	1.0	0.8505743850413015	0.8069814071766429	1.0	0.815414791562081	0.7647068138692161	1.0	0.6683329445460471	0.6899405772090813	0.6728980024906805	1.0	1.0	0.4640109409190591	0.7694193701753032	0.885485417269026	1.0	1.0	0.5876489183238502	1.0	1.0	1.0	0.869195069883892	0.8141887813089025	0.36047289895811385	0.8260792977899524	1.0	0.33761343517648534	1.0	0.8631222323263689	1.0	0.717763086583026	1.0	0.6242959540110129	0.7065518303664211	0.46467225518601507	0.2499987856607112
tr	1.0	0.30672128430050777	-1.0	1.0	0.30261168725061416	0.23299846704450317	0.7510341748895938	0.31842980666838894	0.3150878497005384	0.3766056956659345	0.7455134344225701	0.7455134344225701	0.7510341748895938	0.4240028426681199	0.32216376941984926	0.49343012013425164	0.5602241835688646	0.47978340244123824	0.5982311734420861	0.6128508099341461	1.0	0.41971005227448405	0.4442260731983875	0.4897870224786274	0.5593450769090978	0.5081153644584258	0.38358365323823024	1.0	0.46864129473958954	0.5885841189083852	0.533827108595813	0.6242959540110129	1.0	0.5634999709851488	1.0	0.48971009938641946
vi	0.8223610968331737	0.6791818263131908	0.6577040054594179	0.6953293814746904	0.6644236665883594	0.6477904057596328	0.6917633903585111	0.5772645979093771	0.6028419532469571	0.5870816848471843	0.6934879396448209	0.6988617731141763	0.4287547740309286	0.6392422316417095	0.6825188268658335	0.691763390358511	0.6917633903585111	0.5313868320609177	0.6953293814746904	0.6953293814746904	0.6953293814746905	0.6794274032097356	0.661467674881633	0.3293619958778861	0.6681461036925392	0.6917633903585111	0.3262796567274233	0.769237262146928	0.6787649878372036	0.6934879396448209	0.6184511602883477	0.7065518303664211	0.5634999709851488	1.0	0.40973846722851176	0.2415168067819269
war	1.0	0.4177462072938038	0.4195895614340716	0.4213753172044634	0.41492293255997237	0.41218678852075735	0.4213753172044634	0.4015832422346231	0.40549831862957364	0.4071116360273879	0.4213753172044634	0.421924121194448	0.34842476274696543	0.41190412578113994	0.4204445997212007	0.4213753172044634	0.4213753172044634	0.38457417251988085	0.4213753172044634	0.4213753172044634	0.4213753172044634	0.42107933604595743	0.4209000159563873	0.3028580378326435	0.41656338878885485	0.4213753172044634	0.2878213493853226	0.7111374370280844	0.4194187153717003	0.4213753172044634	0.40867124999868365	0.46467225518601507	1.0	0.40973846722851176	1.0	0.22772261284332668
zh	0.4918353455544412	0.24509771301506303	0.2431688972466137	0.24519001048908678	0.24536394348448382	0.24100484287523125	0.24181690484195312	0.23972879154480126	0.2389936512611384	0.23907727834067713	0.24740175518163587	0.24659572554359727	0.22968319770881337	0.23994303697202257	0.2468184440630929	0.24131328411079553	0.24086582767104264	0.23713650125387148	0.24519001048908678	0.24519001048908678	0.24519001048908678	0.24548631382554684	0.24055624002614331	0.21830718917153552	0.24650922816369075	0.24181690484195312	0.21355641346160248	0.19545954348925065	0.24602369744980504	0.24740175518163587	0.2407858006104912	0.2499987856607112	0.48971009938641946	0.2415168067819269	0.22772261284332668	1.0
