arz	bs	ceb	ckb	da	de	el	en	es	fr	he	hi	hu	id	it	ja	ko	lv	mk	ml	mr	nl	pl	pt	ro	ru	sh	si	simple	sr	sv	te	vi	war	zh
arz	1.0	0.515108400267788	1.0	1.0	0.6317824477245885	0.5498950747316005	1.0	0.3217114648302519	0.582195652407824	0.4416605302910314	1.0	1.0	0.36071506414607846	0.40928926180197245	0.3854691641387159	1.0	1.0	1.0	1.0	1.0	1.0	0.5000318543795864	0.4402242069781385	0.47046312101536497	0.4040167118038596	1.0	0.5256192194366001	1.0	0.6532002319725722	1.0	0.4488279252406705	1.0	0.43656277075494343	1.0	1.0
bs	0.515108400267788	1.0	0.41920987798272835	0.6212746690601335	0.26137264626545326	0.2890903760050143	0.3091479695108807	0.24619510129777952	0.2551793363588427	0.2535688089301837	0.3020678128954246	0.3717210472652694	0.27909600867152695	0.22395095700595496	0.266902537502548	0.28954030103098843	0.32251736043134743	0.35274790916471827	0.3972609314537114	0.3993734908315581	0.5257049225335981	0.23991513113109367	0.27351857477171815	0.27607426129472973	0.3138903034980289	0.28452005472885084	0.23636613910712923	1.0	0.3018752295870712	0.28365765229002554	0.2718186751922406	1.0	0.33472873153653604	0.4043088134814552	0.28452005472885084
ceb	1.0	0.41920987798272835	1.0	1.0	0.2252969452151853	0.19310462705379375	1.0	0.11564763096515965	0.26696223495790544	0.16410076116520395	1.0	1.0	0.13344769204590115	0.26065814621441796	0.1490381988436211	1.0	1.0	0.6067333159119979	1.0	1.0	1.0	0.20552137140523913	0.22562592677162835	0.2306208812393501	0.245520098310866	1.0	0.23399006509787942	1.0	0.34172399957504795	0.6982344021713169	0.16249169453794493	1.0	0.22061051072758606	0.7079259635809066	0.6948828394802083
ckb	1.0	0.6212746690601335	1.0	1.0	0.7017182195287067	1.0	1.0	0.5402588330804948	1.0	0.5743801667867757	1.0	1.0	0.7199285383279772	0.5689913289739429	0.5369483018910297	1.0	1.0	1.0	1.0	1.0	1.0	0.3773677598104612	1.0	0.7171176902274348	0.5562940780948038	1.0	0.661251134120194	1.0	0.728099120889861	1.0	0.7179915061657697	1.0	0.7221793916855704	1.0	1.0
da	0.6317824477245885	0.26137264626545326	0.2252969452151853	0.7017182195287067	1.0	0.13146823936433108	0.18552150453674002	0.0988143879659609	0.1287842336148858	0.10933596095665184	0.14653802644577443	0.2085574980270768	0.11570051302065881	0.11880774791762112	0.11710021390440857	0.13488278815179466	0.16190418514928154	0.24877691404154256	0.2666726665491464	0.2095701090424018	0.33739105511038237	0.11368706073832247	0.11917009454830156	0.12172895243114311	0.12688504643445872	0.13720539356765352	0.11651655634836243	1.0	0.15650121825059782	0.15922833547173665	0.11538273153007118	0.6380558066189798	0.13189316883090285	0.2770679041402162	0.13780850949565115
de	0.5498950747316005	0.2890903760050143	0.19310462705379375	1.0	0.13146823936433108	1.0	0.2199359554283537	0.05513473693584143	0.06888992580728492	0.05541230587819421	0.21570061418098138	0.41179649983134	0.08679070491674591	0.10057393475560172	0.0604857208965677	0.19469154931442137	0.29376552735058525	0.3522278568652908	0.41472866697666044	0.5019864844090169	0.7075325319701224	0.07773843508188982	0.07880076308857063	0.06976832944229117	0.1151555766943825	0.1132484464790829	0.08721971377938566	1.0	0.19708406353978014	0.2717185551274995	0.07120497154767205	1.0	0.11441151638413909	0.5762621453879205	0.18585135906924988
el	1.0	0.3091479695108807	1.0	1.0	0.18552150453674002	0.2199359554283537	1.0	0.10312416973030414	0.17317414426415859	0.12668067027437055	1.0	1.0	0.13349405641332476	0.13638969321661856	0.11752524848645765	1.0	1.0	0.4620266620640974	1.0	1.0	1.0	0.15757884786568926	0.15798404592265847	0.15260472801802658	0.16660886722983026	1.0	0.14048032861459195	1.0	0.23170588008285956	1.0	0.15175627188152588	1.0	0.20760662284091	1.0	1.0
en	0.3217114648302519	0.24619510129777952	0.11564763096515965	0.5402588330804948	0.0988143879659609	0.05513473693584143	0.10312416973030414	1.0	0.06389741940676079	0.052583500460710864	0.10089823302031595	0.2195454500796921	0.07041685160134022	0.0775697989464118	0.05766410604807899	0.1023302223105469	0.11411476684031635	0.23474985334462173	0.15785217073069807	0.2089298413684138	0.4378466912563141	0.06545859162699051	0.06773077754667903	0.06231063543138626	0.09467739097589747	0.09110437406306472	0.0744225786374762	0.7248485669756152	0.14211764644244163	0.10466201978883788	0.06294900740048619	0.6122131884607098	0.08945089628141199	0.3089041717367692	0.10111282946127584
es	0.582195652407824	0.2551793363588427	0.26696223495790544	1.0	0.1287842336148858	0.06888992580728492	0.17317414426415859	0.06389741940676079	1.0	0.05708609737197704	0.1565761404676641	0.40432045885268186	0.08682526303940752	0.09923467203227306	0.06282627210569552	0.14032873580666436	0.21874745461467734	0.3345536026913202	0.4406924885224447	0.49615071875816275	0.6590085086689783	0.07796819946178095	0.07623448348898408	0.068647841377995	0.11613804056201225	0.10160268757204176	0.08694183151147597	1.0	0.18931559355627492	0.22428974558398582	0.07750417801786898	1.0	0.12197084772379774	0.4252771257224864	0.1367064263888486
fr	0.4416605302910314	0.2535688089301837	0.16410076116520395	0.5743801667867757	0.10933596095665184	0.05541230587819421	0.12668067027437055	0.052583500460710864	0.05708609737197704	1.0	0.10278780992456046	0.20144841983388548	0.07603732158079554	0.08016003367167464	0.051101262712599745	0.09982911142891972	0.14326282453678796	0.2260421093149852	0.238844649785769	0.19505977844335265	0.2967907020840936	0.06175768758633983	0.06512921181256846	0.061091665503180397	0.10008192299344258	0.07435142584937703	0.07499535166495828	0.3893540111452552	0.1586201138636376	0.13800592409423248	0.06225087530746605	0.32216710595428244	0.09550909452969032	0.4245931556025943	0.10353352319934668
he	1.0	0.3020678128954246	1.0	1.0	0.14653802644577443	0.21570061418098138	1.0	0.10089823302031595	0.1565761404676641	0.10278780992456046	1.0	1.0	0.1240693668818052	0.13597011638284784	0.10114068931348157	1.0	1.0	0.38788463580763927	1.0	1.0	1.0	0.13631158794587325	0.1520687335049049	0.1213227135018466	0.1358377795169861	0.6866280438138884	0.11266520100622841	1.0	0.1980624616848436	0.6909424428385662	0.1395223718723117	1.0	0.16407540141273982	0.7026445955663441	1.0
hi	1.0	0.3717210472652694	1.0	1.0	0.2085574980270768	0.41179649983134	1.0	0.2195454500796921	0.40432045885268186	0.20144841983388548	1.0	1.0	0.2646274588443757	0.24646901840809265	0.29609890763417523	1.0	1.0	0.7075325319701224	1.0	1.0	1.0	0.38031057993766754	0.4299591523142924	0.3892553832473611	0.2989783656898952	1.0	0.30518689739999233	1.0	0.33347709999541436	1.0	0.28636059896595434	1.0	0.29375051083254017	1.0	1.0
hu	0.36071506414607846	0.27909600867152695	0.13344769204590115	0.7199285383279772	0.11570051302065881	0.08679070491674591	0.13349405641332476	0.07041685160134022	0.08682526303940752	0.07603732158079554	0.1240693668818052	0.2646274588443757	1.0	0.09922176528802198	0.07325743438618504	0.10560247885263041	0.12835995098332414	0.24817806418139826	0.2762272576248565	0.2697048552051806	0.47885496073851386	0.08720351164912622	0.08805098470834603	0.08071915019750892	0.11384256663072029	0.0978237535274947	0.08898650981080812	0.728099120889861	0.1654037375668158	0.14590768091375955	0.08353035945614842	0.6380558066189798	0.11850045923189548	0.300016083688111	0.10728515218363262
id	0.40928926180197245	0.22395095700595496	0.26065814621441796	0.5689913289739429	0.11880774791762112	0.10057393475560172	0.13638969321661856	0.0775697989464118	0.09923467203227306	0.08016003367167464	0.13597011638284784	0.24646901840809265	0.09922176528802198	1.0	0.08328185849601183	0.12759141805089771	0.1580440855316186	0.23034581511683785	0.24145590416180468	0.28690036180325607	0.5046565125282779	0.10338181986733837	0.10510988373832884	0.09288414008282597	0.12574315335273625	0.11196846284414037	0.10927441625892703	0.728099120889861	0.19436480198292716	0.16198934695706638	0.09270456388759696	0.5863089236503654	0.11508365652562041	0.4199224754101476	0.11986550128162103
it	0.3854691641387159	0.266902537502548	0.1490381988436211	0.5369483018910297	0.11710021390440857	0.0604857208965677	0.11752524848645765	0.05766410604807899	0.06282627210569552	0.051101262712599745	0.10114068931348157	0.29609890763417523	0.07325743438618504	0.08328185849601183	1.0	0.09351276823114237	0.11817265278745291	0.22707132106342204	0.23591279407523763	0.2623092641224904	0.40291080840362176	0.06359773621137722	0.06563717641590572	0.0595864831510972	0.09696794951268863	0.07757684310040562	0.07382928018096502	0.661251134120194	0.16883987787647944	0.11915313389216264	0.0611315233816656	0.5876277661521777	0.097780537899419	0.26086078555308445	0.09864388267584322
ja	1.0	0.28954030103098843	1.0	1.0	0.13488278815179466	0.19469154931442137	1.0	0.1023302223105469	0.14032873580666436	0.09982911142891972	1.0	1.0	0.10560247885263041	0.12759141805089771	0.09351276823114237	1.0	1.0	0.3903095659176474	1.0	1.0	1.0	0.14019818605473283	0.14872405021224086	0.11812631772361165	0.12980177488469258	1.0	0.10895849772867011	1.0	0.20985351755413656	0.6908250136541823	0.10860527001162276	1.0	0.14727143764194883	0.702169013559907	1.0
ko	1.0	0.32251736043134743	1.0	1.0	0.16190418514928154	0.29376552735058525	1.0	0.11411476684031635	0.21874745461467734	0.14326282453678796	1.0	1.0	0.12835995098332414	0.1580440855316186	0.11817265278745291	1.0	1.0	0.4225246605249045	1.0	1.0	1.0	0.17821079184559963	0.20220512597480617	0.14540049730066937	0.15684495399668913	1.0	0.14765237761600614	1.0	0.21873920605103364	1.0	0.1523237864173948	1.0	0.18448442535582363	0.7042230825271824	1.0
lv	1.0	0.35274790916471827	0.6067333159119979	1.0	0.24877691404154256	0.3522278568652908	0.4620266620640974	0.23474985334462173	0.3345536026913202	0.2260421093149852	0.38788463580763927	0.7075325319701224	0.24817806418139826	0.23034581511683785	0.22707132106342204	0.3903095659176474	0.4225246605249045	1.0	0.5166318764782585	0.5890337101170955	1.0	0.27940598146075635	0.28957577325369327	0.28464288075581723	0.231717326483604	0.3704926396972175	0.2494209775190848	1.0	0.2181865971942477	0.4419140454060866	0.2875417974342443	1.0	0.2880595562308602	0.5492127902230655	0.40822059888148526
mk	1.0	0.3972609314537114	1.0	1.0	0.2666726665491464	0.41472866697666044	1.0	0.15785217073069807	0.4406924885224447	0.238844649785769	1.0	1.0	0.2762272576248565	0.24145590416180468	0.23591279407523763	1.0	1.0	0.5166318764782585	1.0	1.0	1.0	0.2860859030722652	0.3484692862033765	0.37838571064491844	0.281849391833719	1.0	0.2626553249740721	1.0	0.3097878755579593	0.6997218429280763	0.2813273845970503	1.0	0.32487180221696293	1.0	1.0
ml	1.0	0.3993734908315581	1.0	1.0	0.2095701090424018	0.5019864844090169	1.0	0.2089298413684138	0.49615071875816275	0.19505977844335265	1.0	1.0	0.2697048552051806	0.28690036180325607	0.2623092641224904	1.0	1.0	0.5890337101170955	1.0	1.0	1.0	0.28129371571300615	0.3114574413850195	0.23507235293548798	0.2500762350100436	1.0	0.25285654068533225	1.0	0.4234713410258539	0.7008670319311905	0.3134650654669612	1.0	0.24529129649382997	0.7116768074483948	1.0
mr	1.0	0.5257049225335981	1.0	1.0	0.33739105511038237	0.7075325319701224	1.0	0.4378466912563141	0.6590085086689783	0.2967907020840936	1.0	1.0	0.47885496073851386	0.5046565125282779	0.40291080840362176	1.0	1.0	1.0	1.0	1.0	1.0	0.33410609342530667	0.5576169390230399	0.7083336130853422	0.3757268569091913	1.0	0.4607544353222624	1.0	0.49676758129533705	1.0	0.6370562647493827	1.0	0.5039200977084849	1.0	1.0
nl	0.5000318543795864	0.23991513113109367	0.20552137140523913	0.3773677598104612	0.11368706073832247	0.07773843508188982	0.15757884786568926	0.06545859162699051	0.07796819946178095	0.06175768758633983	0.13631158794587325	0.38031057993766754	0.08720351164912622	0.10338181986733837	0.06359773621137722	0.14019818605473283	0.17821079184559963	0.27940598146075635	0.2860859030722652	0.28129371571300615	0.33410609342530667	1.0	0.08404253880510779	0.07286679982604269	0.12252340234242795	0.10731031957188114	0.08385609151337843	1.0	0.17521433405041703	0.1852033898465242	0.0765590622887304	0.7234532828151787	0.12320645980949668	0.3049944468671111	0.14004351440243668
pl	0.4402242069781385	0.27351857477171815	0.22562592677162835	1.0	0.11917009454830156	0.07880076308857063	0.15798404592265847	0.06773077754667903	0.07623448348898408	0.06512921181256846	0.1520687335049049	0.4299591523142924	0.08805098470834603	0.10510988373832884	0.06563717641590572	0.14872405021224086	0.20220512597480617	0.28957577325369327	0.3484692862033765	0.3114574413850195	0.5576169390230399	0.08404253880510779	1.0	0.07987157971208754	0.10896368491047875	0.09577507939053266	0.085749340747941	0.7263875964832448	0.187216804429481	0.16121002038384769	0.07554981002756084	0.7221793916855703	0.11767853469917366	0.3794389731737526	0.14237818322846552
pt	0.47046312101536497	0.27607426129472973	0.2306208812393501	0.7171176902274348	0.12172895243114311	0.06976832944229117	0.15260472801802658	0.06231063543138626	0.068647841377995	0.061091665503180397	0.1213227135018466	0.3892553832473611	0.08071915019750892	0.09288414008282597	0.0595864831510972	0.11812631772361165	0.14540049730066937	0.28464288075581723	0.37838571064491844	0.23507235293548798	0.7083336130853422	0.07286679982604269	0.07987157971208754	1.0	0.11127937965506657	0.08215786806874906	0.08341341020303757	0.7248485669756152	0.1572845224273499	0.15794264043532527	0.07327300889286441	1.0	0.11317934197015311	0.4442475427291156	0.12120397307176467
ro	0.4040167118038596	0.3138903034980289	0.245520098310866	0.5562940780948038	0.12688504643445872	0.1151555766943825	0.16660886722983026	0.09467739097589747	0.11613804056201225	0.10008192299344258	0.1358377795169861	0.2989783656898952	0.11384256663072029	0.12574315335273625	0.09696794951268863	0.12980177488469258	0.15684495399668913	0.231717326483604	0.281849391833719	0.2500762350100436	0.3757268569091913	0.12252340234242795	0.10896368491047875	0.11127937965506657	1.0	0.11971783103157055	0.1147809959046501	0.7300208629885035	0.1743140523800187	0.14738810834562455	0.10450101114210916	0.7376607345031153	0.1368616086210253	0.2840952424874286	0.11765323118817154
ru	1.0	0.28452005472885084	1.0	1.0	0.13720539356765352	0.1132484464790829	1.0	0.09110437406306472	0.10160268757204176	0.07435142584937703	0.6866280438138884	1.0	0.0978237535274947	0.11196846284414037	0.07757684310040562	1.0	1.0	0.3704926396972175	1.0	1.0	1.0	0.10731031957188114	0.09577507939053266	0.08215786806874906	0.11971783103157055	1.0	0.09999679124890089	1.0	0.20085010128835623	0.6109092988072496	0.08757319973634378	1.0	0.1341496251903912	0.7014961547481127	1.0
sh	0.5256192194366001	0.23636613910712923	0.23399006509787942	0.661251134120194	0.11651655634836243	0.08721971377938566	0.14048032861459195	0.0744225786374762	0.08694183151147597	0.07499535166495828	0.11266520100622841	0.30518689739999233	0.08898650981080812	0.10927441625892703	0.07382928018096502	0.10895849772867011	0.14765237761600614	0.2494209775190848	0.2626553249740721	0.25285654068533225	0.4607544353222624	0.08385609151337843	0.085749340747941	0.08341341020303757	0.1147809959046501	0.09999679124890089	1.0	1.0	0.1766746441101412	0.14858254126891104	0.08403279955844682	0.6701591524560107	0.12249587582765299	0.33339633428686005	0.12180122312323938
si	1.0	1.0	1.0	1.0	1.0	1.0	1.0	0.7248485669756152	1.0	0.3893540111452552	1.0	1.0	0.728099120889861	0.728099120889861	0.661251134120194	1.0	1.0	1.0	1.0	1.0	1.0	1.0	0.7263875964832448	0.7248485669756152	0.7300208629885035	1.0	1.0	1.0	1.0	1.0	1.0	1.0	0.6332460537063271	1.0	1.0
simple	0.6532002319725722	0.3018752295870712	0.34172399957504795	0.728099120889861	0.15650121825059782	0.19708406353978014	0.23170588008285956	0.14211764644244163	0.18931559355627492	0.1586201138636376	0.1980624616848436	0.33347709999541436	0.1654037375668158	0.19436480198292716	0.16883987787647944	0.20985351755413656	0.21873920605103364	0.2181865971942477	0.3097878755579593	0.4234713410258539	0.49676758129533705	0.17521433405041703	0.187216804429481	0.1572845224273499	0.1743140523800187	0.20085010128835623	0.1766746441101412	1.0	1.0	0.22733711967854747	0.17346800494989517	1.0	0.20059056471632442	0.41621595159032726	0.21027553659127052
sr	1.0	0.28365765229002554	0.6982344021713169	1.0	0.15922833547173665	0.2717185551274995	1.0	0.10466201978883788	0.22428974558398582	0.13800592409423248	0.6909424428385662	1.0	0.14590768091375955	0.16198934695706638	0.11915313389216264	0.6908250136541823	1.0	0.4419140454060866	0.6997218429280763	0.7008670319311905	1.0	0.1852033898465242	0.16121002038384769	0.15794264043532527	0.14738810834562455	0.6109092988072496	0.14858254126891104	1.0	0.22733711967854747	1.0	0.17545137715258013	1.0	0.19037337528062345	0.7026445955663437	0.690596186277488
sv	0.4488279252406705	0.2718186751922406	0.16249169453794493	0.7179915061657697	0.11538273153007118	0.07120497154767205	0.15175627188152588	0.06294900740048619	0.07750417801786898	0.06225087530746605	0.1395223718723117	0.28636059896595434	0.08353035945614842	0.09270456388759696	0.0611315233816656	0.10860527001162276	0.1523237864173948	0.2875417974342443	0.2813273845970503	0.3134650654669612	0.6370562647493827	0.0765590622887304	0.07554981002756084	0.07327300889286441	0.10450101114210916	0.08757319973634378	0.08403279955844682	1.0	0.17346800494989517	0.17545137715258013	1.0	0.7263875964832448	0.11223594319416587	0.38974089621126007	0.11500290469688608
te	1.0	1.0	1.0	1.0	0.6380558066189798	1.0	1.0	0.6122131884607098	1.0	0.32216710595428244	1.0	1.0	0.6380558066189798	0.5863089236503654	0.5876277661521777	1.0	1.0	1.0	1.0	1.0	1.0	0.7234532828151787	0.7221793916855703	1.0	0.7376607345031153	1.0	0.6701591524560107	1.0	1.0	1.0	0.7263875964832448	1.0	0.6537179513626693	1.0	1.0
vi	0.43656277075494343	0.33472873153653604	0.22061051072758606	0.7221793916855704	0.13189316883090285	0.11441151638413909	0.20760662284091	0.08945089628141199	0.12197084772379774	0.09550909452969032	0.16407540141273982	0.29375051083254017	0.11850045923189548	0.11508365652562041	0.097780537899419	0.14727143764194883	0.18448442535582363	0.2880595562308602	0.32487180221696293	0.24529129649382997	0.5039200977084849	0.12320645980949668	0.11767853469917366	0.11317934197015311	0.1368616086210253	0.1341496251903912	0.12249587582765299	0.6332460537063271	0.20059056471632442	0.19037337528062345	0.11223594319416587	0.6537179513626693	1.0	0.345612568937538	0.15114021099060426
war	1.0	0.4043088134814552	0.7079259635809066	1.0	0.2770679041402162	0.5762621453879205	1.0	0.3089041717367692	0.4252771257224864	0.4245931556025943	0.7026445955663441	1.0	0.300016083688111	0.4199224754101476	0.26086078555308445	0.702169013559907	0.7042230825271824	0.5492127902230655	1.0	0.7116768074483948	1.0	0.3049944468671111	0.3794389731737526	0.4442475427291156	0.2840952424874286	0.7014961547481127	0.33339633428686005	1.0	0.41621595159032726	0.7026445955663437	0.38974089621126007	1.0	0.345612568937538	1.0	0.7019395434758625
zh	1.0	0.28452005472885084	0.6948828394802083	1.0	0.13780850949565115	0.18585135906924988	1.0	0.10111282946127584	0.1367064263888486	0.10353352319934668	1.0	1.0	0.10728515218363262	0.11986550128162103	0.09864388267584322	1.0	1.0	0.40822059888148526	1.0	1.0	1.0	0.14004351440243668	0.14237818322846552	0.12120397307176467	0.11765323118817154	1.0	0.12180122312323938	1.0	0.21027553659127052	0.690596186277488	0.11500290469688608	1.0	0.15114021099060426	0.7019395434758625	1.0
