arz	bs	ceb	ckb	da	de	el	en	es	fr	he	hi	hu	id	it	ja	ko	lv	mk	ml	mr	nl	pl	pt	ro	ru	sh	si	simple	sr	sv	te	vi	war	zh
arz	1.0	0.28989794855663564	1.0	1.0	0.39564392373896007	0.4142135623730951	1.0	0.1566130288262323	0.44948974278317805	0.2791745113185196	1.0	1.0	0.18368518446174903	0.2449655295864104	0.1987625491245426	1.0	1.0	1.0	1.0	1.0	1.0	0.34833147735478825	0.2742918851774318	0.33333333333333326	0.22584440001865322	1.0	0.2958163163244893	1.0	0.5	1.0	0.2791745113185196	1.0	0.26968623182294527	1.0	1.0
bs	0.28989794855663564	1.0	0.20942771453851886	0.36602540378443865	0.08946328669880209	0.07005727628331103	0.11467753628408726	0.06714632325329203	0.07241390913660377	0.06961861942259773	0.10850884755755627	0.23166247903554	0.08918657978492264	0.11527864493505971	0.07848312805104037	0.07577221562495634	0.1243359412482223	0.13973706202299604	0.14459058185587106	0.20386840968093525	0.2402530733520421	0.08353907640503572	0.08336483685330924	0.08345196504279538	0.11187986956910806	0.07383747429521015	0.07639850144493542	1.0	0.12188847003038444	0.10320904159048837	0.07351368352865709	1.0	0.12123255521802993	0.1629170484829154	0.07383747429521015
ceb	1.0	0.20942771453851886	1.0	1.0	0.05772455684590453	0.11797140723146628	1.0	0.008022574223943117	0.14285714285714285	0.054029989335132395	1.0	1.0	0.06430903696769553	0.10886898139200682	0.04089122535931715	1.0	1.0	0.4142135623730951	1.0	1.0	1.0	0.10011926853895164	0.125845968142326	0.09674633326236688	0.08943197629416405	1.0	0.085296537673365	1.0	0.33333333333333326	0.585786437626905	0.06138813331463321	1.0	0.10184159092899815	0.585786437626905	0.585786437626905
ckb	1.0	0.36602540378443865	1.0	1.0	0.4142135623730951	1.0	1.0	0.38742588672279304	1.0	0.44948974278317805	1.0	1.0	0.585786437626905	0.39564392373896007	0.38742588672279304	1.0	1.0	1.0	1.0	1.0	1.0	0.44948974278317805	1.0	0.585786437626905	0.34833147735478825	1.0	0.5	1.0	0.585786437626905	1.0	0.585786437626905	1.0	0.585786437626905	1.0	1.0
da	0.39564392373896007	0.08946328669880209	0.05772455684590453	0.4142135623730951	1.0	0.007556414278961511	0.018684893853940426	0.01115154724928399	0.008410296434536786	0.007989034685482458	0.009548646464911324	0.06750510051888926	0.010888191034085002	0.011559897085907538	0.008167683061465677	0.009223988871016803	0.01298493294824474	0.04923931036735069	0.06178362115933177	0.05474070392454582	0.19803190560151412	0.008464480269512496	0.008599630335015615	0.008508039459749652	0.01609798114726664	0.007953097198162284	0.010541084184089985	1.0	0.040109280304287794	0.0135131106886115	0.00814695571772309	0.44948974278317805	0.01346628899158853	0.1437155838813476	0.010207675418484004
de	0.4142135623730951	0.07005727628331103	0.11797140723146628	1.0	0.007556414278961511	1.0	0.12002728245132872	0.001701623649581407	0.01922213630309278	0.0021075516980498077	0.12537377298221222	0.28989794855663564	0.004498586154020832	0.006667759852382916	0.002138125399326702	0.08689229729296599	0.18400240527946554	0.20894541729001367	0.27429188517743175	0.36602540378443865	0.585786437626905	0.0069238622426532545	0.010986261251972376	0.004310088522768161	0.008344169569975675	0.04440544982245328	0.005673138879573764	1.0	0.05101741482612304	0.15699405621062287	0.0038234410094537064	1.0	0.01208611722380095	0.44948974278317805	0.09166246207273658
el	1.0	0.11467753628408726	1.0	1.0	0.018684893853940426	0.12002728245132872	1.0	0.00537172784092159	0.0949766525574307	0.02089451677163681	1.0	1.0	0.011842189552646161	0.05112288556992892	0.010671764483357188	1.0	1.0	0.3203772410170407	1.0	1.0	1.0	0.07391002619321582	0.06803819173102599	0.050941459354015374	0.017565305381248543	1.0	0.034324617069285766	1.0	0.07084723420236258	1.0	0.0402067420996161	1.0	0.08301951253873768	1.0	1.0
en	0.1566130288262323	0.06714632325329203	0.008022574223943117	0.38742588672279304	0.01115154724928399	0.001701623649581407	0.00537172784092159	1.0	0.0021849085842184594	0.005343378730886184	0.004669632918718725	0.07637443457795405	0.010452241639902703	0.006755290714718773	0.007818819350913404	0.004288287922218294	0.006459174774551131	0.07122458109125597	0.032534776566542335	0.06159804478964528	0.25728427444747215	0.0033558255636037828	0.003095439849416358	0.00383673038766903	0.010589921224105635	0.0024298178891500846	0.006981243990440749	0.585786437626905	0.032266437842069375	0.006794521351764409	0.004804508648635282	0.44948974278317805	0.007195244197912522	0.13727019597372123	0.004144415613059208
es	0.44948974278317805	0.07241390913660377	0.14285714285714285	1.0	0.008410296434536786	0.01922213630309278	0.0949766525574307	0.0021849085842184594	1.0	0.0027438564342586033	0.07404665486982977	0.23800671553691075	0.0049102450539150345	0.006893245166140417	0.0026902959102290927	0.0772123856263105	0.11268865367232477	0.19367338768973055	0.3203772410170407	0.38742588672279304	0.44948974278317805	0.011931070631034746	0.01524250130868183	0.004425162689036367	0.008616561496941774	0.03356076208869769	0.005978100436500326	1.0	0.04807439398045828	0.12077134402462537	0.005415087773249625	1.0	0.018280831803203786	0.28708594921778513	0.08002319878516155
fr	0.2791745113185196	0.06961861942259773	0.054029989335132395	0.44948974278317805	0.007989034685482458	0.0021075516980498077	0.02089451677163681	0.005343378730886184	0.0027438564342586033	1.0	0.016958358501618517	0.16952084719853724	0.004847486268939216	0.006411478925358887	0.004196829153233402	0.0093153427344421	0.0311645996510458	0.1252238426491463	0.11419804257149403	0.14779166813443093	0.38742588672279304	0.0035748517654112604	0.004432028372055548	0.004064201383062393	0.008613165616880166	0.003290627004044592	0.0053551324998728405	0.5	0.04677935627792422	0.04497707337716725	0.004380597393638084	1.0	0.012923301698301507	0.2766967754673749	0.009524006465618549
he	1.0	0.10850884755755627	1.0	1.0	0.009548646464911324	0.12537377298221222	1.0	0.004669632918718725	0.07404665486982977	0.016958358501618517	1.0	1.0	0.008825550543980614	0.016625877761042053	0.006553047136382714	1.0	1.0	0.2402530733520421	1.0	1.0	1.0	0.04154710403517626	0.06003833536176993	0.03397889718859753	0.012264461599235416	0.585786437626905	0.013530532263800877	1.0	0.05805521731015425	0.585786437626905	0.024840495121500807	1.0	0.03709167721574737	0.585786437626905	1.0
hi	1.0	0.23166247903554	1.0	1.0	0.06750510051888926	0.28989794855663564	1.0	0.07637443457795405	0.23800671553691075	0.16952084719853724	1.0	1.0	0.09748297973706341	0.11315240401272059	0.15174115516527187	1.0	1.0	0.585786437626905	1.0	1.0	1.0	0.19636040545626823	0.26533119314590375	0.2216368750839041	0.11056419933005461	1.0	0.14388924163538974	1.0	0.25728427444747215	1.0	0.17011071785351697	1.0	0.13879564861321142	1.0	1.0
hu	0.18368518446174903	0.08918657978492264	0.06430903696769553	0.585786437626905	0.010888191034085002	0.004498586154020832	0.011842189552646161	0.010452241639902703	0.0049102450539150345	0.004847486268939216	0.008825550543980614	0.09748297973706341	1.0	0.009164258468937604	0.0064015938758679655	0.0068474150711103415	0.012001324746114308	0.11095245867787783	0.09870702499392822	0.10310703884553472	0.25728427444747215	0.005543532430758984	0.005731118996996065	0.00549353991802305	0.011672557577042683	0.00521135157852417	0.008362539814561058	0.585786437626905	0.05228916896852902	0.011599917265801583	0.005802057991064132	0.44948974278317805	0.019726077777831086	0.16015261286229274	0.006873163158882533
id	0.2449655295864104	0.11527864493505971	0.10886898139200682	0.39564392373896007	0.011559897085907538	0.006667759852382916	0.05112288556992892	0.006755290714718773	0.006893245166140417	0.006411478925358887	0.016625877761042053	0.11315240401272059	0.009164258468937604	1.0	0.006598731200686686	0.011101644376707713	0.03623542143864804	0.11536532534727208	0.0939527256629669	0.11155478137085909	0.3333333333333333	0.009651260212964974	0.008840442282112228	0.008621944525754384	0.0126211938713606	0.006834619536288935	0.014296018803523687	0.585786437626905	0.08445029172350874	0.04072256128425179	0.009272482339791527	0.39564392373896007	0.01890299530968157	0.22281267964860224	0.010265519242875722
it	0.1987625491245426	0.07848312805104037	0.04089122535931715	0.38742588672279304	0.008167683061465677	0.002138125399326702	0.010671764483357188	0.007818819350913404	0.0026902959102290927	0.004196829153233402	0.006553047136382714	0.15174115516527187	0.0064015938758679655	0.006598731200686686	1.0	0.005579135409508116	0.014564325823934693	0.1186211887377156	0.10230216299200162	0.12043886815418246	0.25355482027512377	0.0035707148453155368	0.003669589764957682	0.003929941511135102	0.00876573545713457	0.003027825587400411	0.006427366882440899	0.5	0.045819979341934776	0.01322192398548239	0.004369308040644266	0.44948974278317805	0.011839749925191618	0.14763410387308012	0.006228638159990994
ja	1.0	0.07577221562495634	1.0	1.0	0.009223988871016803	0.08689229729296599	1.0	0.004288287922218294	0.0772123856263105	0.0093153427344421	1.0	1.0	0.0068474150711103415	0.011101644376707713	0.005579135409508116	1.0	1.0	0.25355482027512377	1.0	1.0	1.0	0.03644499732493491	0.05068512186823627	0.027474233259469422	0.01101480493968052	1.0	0.008845088709040265	1.0	0.05615536878853148	0.585786437626905	0.013489763479412888	1.0	0.02902713538531234	0.585786437626905	1.0
ko	1.0	0.1243359412482223	1.0	1.0	0.01298493294824474	0.18400240527946554	1.0	0.006459174774551131	0.11268865367232477	0.0311645996510458	1.0	1.0	0.012001324746114308	0.03623542143864804	0.014564325823934693	1.0	1.0	0.26533119314590375	1.0	1.0	1.0	0.07391002619321581	0.08878469212997223	0.05509841013571405	0.018246864272853814	1.0	0.026915620745306845	1.0	0.07985355489431842	1.0	0.04320170498539346	1.0	0.05731228534447834	0.585786437626905	1.0
lv	1.0	0.13973706202299604	0.4142135623730951	1.0	0.04923931036735069	0.20894541729001367	0.3203772410170407	0.07122458109125597	0.19367338768973055	0.1252238426491463	0.2402530733520421	0.585786437626905	0.11095245867787783	0.11536532534727208	0.1186211887377156	0.25355482027512377	0.26533119314590375	1.0	0.36602540378443865	0.44948974278317805	1.0	0.1512290518085545	0.162232901101684	0.15475109373611493	0.07862138455795523	0.21712927295533244	0.126516536980057	1.0	0.12654414637706626	0.2989350844248255	0.13413866172981218	1.0	0.145663213157068	0.4142135623730951	0.26533119314590375
mk	1.0	0.14459058185587106	1.0	1.0	0.06178362115933177	0.27429188517743175	1.0	0.032534776566542335	0.3203772410170407	0.11419804257149403	1.0	1.0	0.09870702499392822	0.0939527256629669	0.10230216299200162	1.0	1.0	0.36602540378443865	1.0	1.0	1.0	0.17379378377786506	0.20342651452257512	0.2216368750839041	0.10146113461128316	1.0	0.2070518364164892	1.0	0.1951941016011038	0.585786437626905	0.1560469703786189	1.0	0.16039776255003638	1.0	1.0
ml	1.0	0.20386840968093525	1.0	1.0	0.05474070392454582	0.36602540378443865	1.0	0.06159804478964528	0.38742588672279304	0.14779166813443093	1.0	1.0	0.10310703884553472	0.11155478137085909	0.12043886815418246	1.0	1.0	0.44948974278317805	1.0	1.0	1.0	0.16015261286229274	0.16352330136718948	0.1661140561654733	0.09330589487279738	1.0	0.12020313540705976	1.0	0.28172904669025317	0.585786437626905	0.14972506706560876	1.0	0.1482675827043134	0.585786437626905	1.0
mr	1.0	0.2402530733520421	1.0	1.0	0.19803190560151412	0.585786437626905	1.0	0.25728427444747215	0.44948974278317805	0.38742588672279304	1.0	1.0	0.25728427444747215	0.3333333333333333	0.25355482027512377	1.0	1.0	1.0	1.0	1.0	1.0	0.28172904669025317	0.38742588672279304	0.585786437626905	0.13182229937840106	1.0	0.26533119314590375	1.0	0.3090169943749474	1.0	0.5	1.0	0.34833147735478825	1.0	1.0
nl	0.34833147735478825	0.08353907640503572	0.10011926853895164	0.44948974278317805	0.008464480269512496	0.0069238622426532545	0.07391002619321582	0.0033558255636037828	0.011931070631034746	0.0035748517654112604	0.04154710403517626	0.19636040545626823	0.005543532430758984	0.009651260212964974	0.0035707148453155368	0.03644499732493491	0.07391002619321581	0.1512290518085545	0.17379378377786506	0.16015261286229274	0.28172904669025317	1.0	0.014489237548352935	0.007686190712608946	0.00963260309730221	0.02052309065113144	0.006466476224743508	1.0	0.04885059679301748	0.07815013589800628	0.00666957487641928	0.585786437626905	0.022081101808561543	0.22328877713380338	0.03804618647878536
pl	0.2742918851774318	0.08336483685330924	0.125845968142326	1.0	0.008599630335015615	0.010986261251972376	0.06803819173102599	0.003095439849416358	0.01524250130868183	0.004432028372055548	0.06003833536176993	0.26533119314590375	0.005731118996996065	0.008840442282112228	0.003669589764957682	0.05068512186823627	0.08878469212997223	0.162232901101684	0.20342651452257512	0.16352330136718948	0.38742588672279304	0.014489237548352935	1.0	0.009671847815962867	0.00934428900313165	0.020661327139847783	0.006871924897315541	0.585786437626905	0.04751833816521385	0.06775138917008953	0.0068455955779960715	0.585786437626905	0.01599634258189279	0.23874775399470888	0.04709874581385638
pt	0.33333333333333326	0.08345196504279538	0.09674633326236688	0.585786437626905	0.008508039459749652	0.004310088522768161	0.050941459354015374	0.00383673038766903	0.004425162689036367	0.004064201383062393	0.03397889718859753	0.2216368750839041	0.00549353991802305	0.008621944525754384	0.003929941511135102	0.027474233259469422	0.05509841013571405	0.15475109373611493	0.2216368750839041	0.1661140561654733	0.585786437626905	0.007686190712608946	0.009671847815962867	1.0	0.010057046322825334	0.00626813122697269	0.006353123927557671	0.585786437626905	0.05079721742292802	0.06180517886418766	0.005656435710788141	1.0	0.01965034125176466	0.23582845781094	0.027821324239484517
ro	0.22584440001865322	0.11187986956910806	0.08943197629416405	0.34833147735478825	0.01609798114726664	0.008344169569975675	0.017565305381248543	0.010589921224105635	0.008616561496941774	0.008613165616880166	0.012264461599235416	0.11056419933005461	0.011672557577042683	0.0126211938713606	0.00876573545713457	0.01101480493968052	0.018246864272853814	0.07862138455795523	0.10146113461128316	0.09330589487279738	0.13182229937840106	0.00963260309730221	0.00934428900313165	0.010057046322825334	1.0	0.008886773595839849	0.01301492384026628	0.585786437626905	0.05190717411725594	0.013995851076221701	0.009689756318381103	0.585786437626905	0.01806247556557653	0.11228770976294224	0.011482620697013153
ru	1.0	0.07383747429521015	1.0	1.0	0.007953097198162284	0.04440544982245328	1.0	0.0024298178891500846	0.03356076208869769	0.003290627004044592	0.585786437626905	1.0	0.00521135157852417	0.006834619536288935	0.003027825587400411	1.0	1.0	0.21712927295533244	1.0	1.0	1.0	0.02052309065113144	0.020661327139847783	0.00626813122697269	0.008886773595839849	1.0	0.006127085278702174	1.0	0.04869428463079721	0.5	0.005303519640531927	1.0	0.018984190758095553	0.585786437626905	1.0
sh	0.2958163163244893	0.07639850144493542	0.085296537673365	0.5	0.010541084184089985	0.005673138879573764	0.034324617069285766	0.006981243990440749	0.005978100436500326	0.0053551324998728405	0.013530532263800877	0.14388924163538974	0.008362539814561058	0.014296018803523687	0.006427366882440899	0.008845088709040265	0.026915620745306845	0.126516536980057	0.2070518364164892	0.12020313540705976	0.26533119314590375	0.006466476224743508	0.006871924897315541	0.006353123927557671	0.01301492384026628	0.006127085278702174	1.0	1.0	0.05565784825864148	0.03012627967243917	0.00770009402882273	0.5	0.03339317010226475	0.16736577623297264	0.011160290786604727
si	1.0	1.0	1.0	1.0	1.0	1.0	1.0	0.585786437626905	1.0	0.5	1.0	1.0	0.585786437626905	0.585786437626905	0.5	1.0	1.0	1.0	1.0	1.0	1.0	1.0	0.585786437626905	0.585786437626905	0.585786437626905	1.0	1.0	1.0	1.0	1.0	1.0	1.0	0.44948974278317805	1.0	1.0
simple	0.5	0.12188847003038444	0.33333333333333326	0.585786437626905	0.040109280304287794	0.05101741482612304	0.07084723420236258	0.032266437842069375	0.04807439398045828	0.04677935627792422	0.05805521731015425	0.25728427444747215	0.05228916896852902	0.08445029172350874	0.045819979341934776	0.05615536878853148	0.07985355489431842	0.12654414637706626	0.1951941016011038	0.28172904669025317	0.3090169943749474	0.04885059679301748	0.04751833816521385	0.05079721742292802	0.05190717411725594	0.04869428463079721	0.05565784825864148	1.0	1.0	0.06087446675333972	0.05367799862252833	1.0	0.10336128549379321	0.2204812092115424	0.056304503024659384
sr	1.0	0.10320904159048837	0.585786437626905	1.0	0.0135131106886115	0.15699405621062287	1.0	0.006794521351764409	0.12077134402462537	0.04497707337716725	0.585786437626905	1.0	0.011599917265801583	0.04072256128425179	0.01322192398548239	0.585786437626905	1.0	0.2989350844248255	0.585786437626905	0.585786437626905	1.0	0.07815013589800628	0.06775138917008953	0.06180517886418766	0.013995851076221701	0.5	0.03012627967243917	1.0	0.06087446675333972	1.0	0.051342575633287854	1.0	0.06264154908494252	0.585786437626905	0.585786437626905
sv	0.2791745113185196	0.07351368352865709	0.06138813331463321	0.585786437626905	0.00814695571772309	0.0038234410094537064	0.0402067420996161	0.004804508648635282	0.005415087773249625	0.004380597393638084	0.024840495121500807	0.17011071785351697	0.005802057991064132	0.009272482339791527	0.004369308040644266	0.013489763479412888	0.04320170498539346	0.13413866172981218	0.1560469703786189	0.14972506706560876	0.5	0.00666957487641928	0.0068455955779960715	0.005656435710788141	0.009689756318381103	0.005303519640531927	0.00770009402882273	1.0	0.05367799862252833	0.051342575633287854	1.0	0.585786437626905	0.018953594402312524	0.22522719139308142	0.018516670088002136
te	1.0	1.0	1.0	1.0	0.44948974278317805	1.0	1.0	0.44948974278317805	1.0	1.0	1.0	1.0	0.44948974278317805	0.39564392373896007	0.44948974278317805	1.0	1.0	1.0	1.0	1.0	1.0	0.585786437626905	0.585786437626905	1.0	0.585786437626905	1.0	0.5	1.0	1.0	1.0	0.585786437626905	1.0	0.39564392373896007	1.0	1.0
vi	0.26968623182294527	0.12123255521802993	0.10184159092899815	0.585786437626905	0.01346628899158853	0.01208611722380095	0.08301951253873768	0.007195244197912522	0.018280831803203786	0.012923301698301507	0.03709167721574737	0.13879564861321142	0.019726077777831086	0.01890299530968157	0.011839749925191618	0.02902713538531234	0.05731228534447834	0.145663213157068	0.16039776255003638	0.1482675827043134	0.34833147735478825	0.022081101808561543	0.01599634258189279	0.01965034125176466	0.01806247556557653	0.018984190758095553	0.03339317010226475	0.44948974278317805	0.10336128549379321	0.06264154908494252	0.018953594402312524	0.39564392373896007	1.0	0.1757340838011157	0.03065640184811167
war	1.0	0.1629170484829154	0.585786437626905	1.0	0.1437155838813476	0.44948974278317805	1.0	0.13727019597372123	0.28708594921778513	0.2766967754673749	0.585786437626905	1.0	0.16015261286229274	0.22281267964860224	0.14763410387308012	0.585786437626905	0.585786437626905	0.4142135623730951	1.0	0.585786437626905	1.0	0.22328877713380338	0.23874775399470888	0.23582845781094	0.11228770976294224	0.585786437626905	0.16736577623297264	1.0	0.2204812092115424	0.585786437626905	0.22522719139308142	1.0	0.1757340838011157	1.0	0.585786437626905
zh	1.0	0.07383747429521015	0.585786437626905	1.0	0.010207675418484004	0.09166246207273658	1.0	0.004144415613059208	0.08002319878516155	0.009524006465618549	1.0	1.0	0.006873163158882533	0.010265519242875722	0.006228638159990994	1.0	1.0	0.26533119314590375	1.0	1.0	1.0	0.03804618647878536	0.04709874581385638	0.027821324239484517	0.011482620697013153	1.0	0.011160290786604727	1.0	0.056304503024659384	0.585786437626905	0.018516670088002136	1.0	0.03065640184811167	0.585786437626905	1.0
