arz	bs	ceb	ckb	da	de	el	en	es	fr	he	hi	hu	id	it	ja	ko	lv	mk	ml	mr	nl	pl	pt	ro	ru	sh	si	simple	sr	sv	te	tr	vi	war	zh
arz	0.5	0.5	0.0	0.5	0.5	0.5	0.5	0.5	0.5	0.5	0.5	0.5	0.5	0.5	0.5	0.5	0.5	0.5	0.5	0.5	0.5	0.5	0.5	0.5	0.5	0.5	0.5	1.0	0.5	0.5	0.5	0.5	0.5	0.5	0.5	0.5
bs	0.5	0.05904922768439675	1.0	0.5	0.14289797961226533	0.06250390624999999	0.16666666666666666	0.058840830449826985	0.06667111111111111	0.06667555555555556	0.16666666666666666	0.2	0.16666666666666666	0.1111111111111111	0.07693491716568639	0.06666666666666667	0.1111111111111111	0.25006249999999997	0.16666666666666666	0.14285714285714285	0.5	0.06255473051176176	0.06250390624999999	0.06250391016016016	0.2	0.058823529411764705	0.2	1.0	0.09093389256198346	0.14285714285714285	0.125015625	0.3333333333333333	0.09091735537190083	0.07692307692307693	0.5	0.07692307692307693
ceb	0.0	1.0	0.3333333333333333	0.0	1.0	0.5	0.0	0.3333333333333333	0.5	1.0	0.5	0.5	1.0	0.5	0.5	0.5	0.5	1.0	1.0	1.0	0.0	1.0	1.0	0.5	0.5	0.5	1.0	0.5	1.0	1.0	1.0	0.0	-1.0	0.5	1.0	0.5
ckb	0.5	0.5	0.0	0.3333333333333333	0.5	0.3333333333333333	0.3333333333333333	0.3333333333333333	0.3333333333333333	0.3333333333333333	0.5	0.5	1.0	0.3333333333333333	0.3333333333333333	0.3333333333333333	0.5	0.5	1.0	0.5	1.0	0.3333333333333333	0.3333333333333333	0.3333333333333333	1.0	0.3333333333333333	1.0	1.0	0.3333333333333333	0.5	0.3333333333333333	1.0	0.3333333333333333	0.3333333333333333	1.0	0.3333333333333333
da	0.5	0.14289797961226533	1.0	0.5	0.052717626355172804	0.058823529411764705	0.2	0.055561728395061724	0.05555864197530863	0.06250391016016016	0.08333333333333333	0.1111111111111111	0.14285714285714285	0.07143367346938775	0.0714387857245	0.0625	0.07692307692307693	0.14287755102040817	0.125	0.125	0.5	0.05266207204712749	0.05555555555555555	0.058826993083048444	0.125	0.058823529411764705	0.125	1.0	0.0714387806122449	0.09090909090909091	0.06667555555555557	0.16666666666666666	0.09090909090909091	0.09090909090909091	0.5	0.07692307692307693
de	0.5	0.06250390624999999	0.5	0.3333333333333333	0.058823529411764705	0.009736337941191902	0.14285714285714285	0.0133347560892448	0.015384615384615385	0.013890818480131174	0.08333333333333333	0.1	0.0625	0.04	0.018520920439987314	0.030303030303030304	0.0625	0.09090909090909091	0.1111111111111111	0.06666666666666667	1.0	0.010531636787922991	0.012500781249999999	0.016393980112872884	0.08334027777777778	0.015151515151515152	0.08334027777777778	1.0	0.03703840877914952	0.03571428571428571	0.02857142857142857	0.14285714285714285	0.05555555555555555	0.043478260869565216	0.5	0.034482758620689655
el	0.5	0.16666666666666666	0.0	0.3333333333333333	0.2	0.14285714285714285	0.1111111111111111	0.1111111111111111	0.125	0.125	0.25	0.2	0.3333333333333333	0.14285714285714285	0.125	0.14285714285714285	0.16666666666666666	0.3333333333333333	0.25	0.2	1.0	0.14285714285714285	0.125	0.1111111111111111	0.3333333333333333	0.14285714285714285	0.3333333333333333	1.0	0.14285714285714285	0.16666666666666666	0.16666666666666666	0.5	0.16666666666666666	0.16666666666666666	0.5	0.14285714285714285
en	0.5	0.058840830449826985	0.3333333333333333	0.3333333333333333	0.055561728395061724	0.0133347560892448	0.1111111111111111	0.01059220805092588	0.014085896052568932	0.013335822222222222	0.07142857142857142	0.09090909090909091	0.0625	0.03333333333333333	0.018870416518333925	0.025	0.05	0.08333333333333333	0.09090909090909091	0.06666666666666667	0.5	0.011126194600174152	0.0125020315625	0.01408569728228526	0.07693491715976332	0.014925373134328358	0.07143367346938775	0.5	0.03226222684703434	0.03703840877914952	0.029412629757785465	0.1111111111111111	0.05263434903047091	0.03571428571428571	0.5	0.02857142857142857
es	0.5	0.06667111111111111	0.5	0.3333333333333333	0.05555864197530863	0.015384615384615385	0.125	0.014085896052568932	0.012844226246031976	0.014926264201381151	0.06666666666666667	0.09090909090909091	0.0625	0.03571428571428571	0.02083376736111111	0.027777777777777776	0.05263157894736842	0.09091735537190083	0.1	0.07142857142857142	0.5	0.012990386912127004	0.013889274691358023	0.015384852071005919	0.07692307692307693	0.017543859649122806	0.07142857142857142	1.0	0.03703840877914952	0.033334444444444444	0.027777777777777776	0.125	0.05555864197530863	0.038461538461538464	0.5	0.030303030303030304
fr	0.5	0.06667555555555556	1.0	0.3333333333333333	0.06250391016016016	0.013890818480131174	0.125	0.013335822222222222	0.014926264201381151	0.010786901455538633	0.07142857142857142	0.1	0.07692307692307693	0.03448632580261593	0.018183140826446283	0.02857142857142857	0.05555555555555555	0.08334027777777778	0.1111111111111111	0.08333333333333333	0.5	0.011502582247459113	0.013334400177777777	0.015625244140625	0.07692899408284024	0.016129032258064516	0.07692307692307693	1.0	0.038463017751479284	0.038461538461538464	0.029411764705882353	0.1111111111111111	0.052637119113573404	0.041666666666666664	0.5	0.03125
he	0.5	0.16666666666666666	0.5	0.5	0.08333333333333333	0.08333333333333333	0.25	0.07142857142857142	0.06666666666666667	0.07142857142857142	0.06666666666666667	0.1111111111111111	0.14285714285714285	0.08333333333333333	0.09090909090909091	0.07692307692307693	0.09090909090909091	0.14285714285714285	0.14285714285714285	0.14285714285714285	0.5	0.06666666666666667	0.06666666666666667	0.08333333333333333	0.125	0.07692307692307693	0.14285714285714285	1.0	0.08333333333333333	0.1	0.08333333333333333	0.16666666666666666	0.14285714285714285	0.1	0.5	0.09090909090909091
hi	0.5	0.2	0.5	0.5	0.1111111111111111	0.1	0.2	0.09090909090909091	0.09090909090909091	0.1	0.1111111111111111	0.09090909090909091	0.14285714285714285	0.1	0.1	0.09090909090909091	0.1111111111111111	0.16666666666666666	0.14285714285714285	0.16666666666666666	1.0	0.09090909090909091	0.09090909090909091	0.09090909090909091	0.125	0.09090909090909091	0.14285714285714285	1.0	0.09090909090909091	0.1111111111111111	0.1	0.2	0.14285714285714285	0.125	0.5	0.1
hu	0.5	0.16666666666666666	1.0	1.0	0.14285714285714285	0.0625	0.3333333333333333	0.0625	0.0625	0.07692307692307693	0.14285714285714285	0.14285714285714285	0.058823529411764705	0.1	0.09090909090909091	0.08333333333333333	0.125	0.2	0.16666666666666666	0.2	1.0	0.058823529411764705	0.058823529411764705	0.0625	0.125	0.058823529411764705	0.14285714285714285	1.0	0.1111111111111111	0.08333333333333333	0.1111111111111111	0.25	0.16666666666666666	0.14285714285714285	0.5	0.1
id	0.5	0.1111111111111111	0.5	0.3333333333333333	0.07143367346938775	0.04	0.14285714285714285	0.03333333333333333	0.03571428571428571	0.03448632580261593	0.08333333333333333	0.1	0.1	0.03232061728658352	0.047621315192743756	0.05	0.07692307692307693	0.1111111111111111	0.1111111111111111	0.1	0.5	0.03334444555555555	0.034485136741973836	0.03703840877914952	0.1111111111111111	0.038461538461538464	0.1	1.0	0.05263434903047091	0.06666666666666667	0.047619047619047616	0.16666666666666666	0.07142857142857142	0.0625	0.5	0.05
it	0.5	0.07693491716568639	0.5	0.3333333333333333	0.0714387857245	0.018520920439987314	0.125	0.018870416518333925	0.02083376736111111	0.018183140826446283	0.09090909090909091	0.1	0.09090909090909091	0.047621315192743756	0.015922296230818096	0.04	0.07142857142857142	0.08334722222222221	0.14285714285714285	0.09090909090909091	1.0	0.017251790729192626	0.01923224852071006	0.0200016004004004	0.07692307692307693	0.02127659574468085	0.1111111111111111	1.0	0.047621315192743756	0.045456611570247926	0.034482758620689655	0.125	0.058823529411764705	0.05263157894736842	0.5	0.034482758620689655
ja	0.5	0.06666666666666667	0.5	0.3333333333333333	0.0625	0.030303030303030304	0.14285714285714285	0.025	0.027777777777777776	0.02857142857142857	0.07692307692307693	0.09090909090909091	0.08333333333333333	0.05	0.04	0.024390243902439025	0.0625	0.125	0.09090909090909091	0.09090909090909091	0.5	0.025	0.02564102564102564	0.02857142857142857	0.09090909090909091	0.02857142857142857	0.1	1.0	0.05	0.05263157894736842	0.047619047619047616	0.14285714285714285	0.06666666666666667	0.05	0.5	0.04
ko	0.5	0.1111111111111111	0.5	0.5	0.07692307692307693	0.0625	0.16666666666666666	0.05	0.05263157894736842	0.05555555555555555	0.09090909090909091	0.1111111111111111	0.125	0.07692307692307693	0.07142857142857142	0.0625	0.05	0.16666666666666666	0.125	0.1	0.5	0.05263157894736842	0.05	0.058823529411764705	0.125	0.05555555555555555	0.1111111111111111	1.0	0.07692307692307693	0.07142857142857142	0.09090909090909091	0.14285714285714285	0.09090909090909091	0.09090909090909091	0.5	0.07142857142857142
lv	0.5	0.25006249999999997	1.0	0.5	0.14287755102040817	0.09090909090909091	0.3333333333333333	0.08333333333333333	0.09091735537190083	0.08334027777777778	0.14285714285714285	0.16666666666666666	0.2	0.1111111111111111	0.08334722222222221	0.125	0.16666666666666666	0.08341674311114583	0.25	0.25	1.0	0.0833680625	0.08333333333333333	0.08333333333333333	0.16666666666666666	0.08333333333333333	0.16666666666666666	1.0	0.1	0.125	0.09090909090909091	0.25	0.14285714285714285	0.16666666666666666	0.5	0.1111111111111111
mk	0.5	0.16666666666666666	1.0	1.0	0.125	0.1111111111111111	0.25	0.09090909090909091	0.1	0.1111111111111111	0.14285714285714285	0.14285714285714285	0.16666666666666666	0.1111111111111111	0.14285714285714285	0.09090909090909091	0.125	0.25	0.09090909090909091	0.14285714285714285	1.0	0.09090909090909091	0.1	0.1	0.14285714285714285	0.1	0.14285714285714285	1.0	0.125	0.14285714285714285	0.125	0.3333333333333333	0.16666666666666666	0.14285714285714285	0.5	0.1111111111111111
ml	0.5	0.14285714285714285	1.0	0.5	0.125	0.06666666666666667	0.2	0.06666666666666667	0.07142857142857142	0.08333333333333333	0.14285714285714285	0.16666666666666666	0.2	0.1	0.09090909090909091	0.09090909090909091	0.1	0.25	0.14285714285714285	0.06666666666666667	1.0	0.07692307692307693	0.07142857142857142	0.07692307692307693	0.16666666666666666	0.07692307692307693	0.2	1.0	0.1111111111111111	0.1111111111111111	0.1111111111111111	0.25	0.1111111111111111	0.125	0.5	0.08333333333333333
mr	0.5	0.5	0.0	1.0	0.5	1.0	1.0	0.5	0.5	0.5	0.5	1.0	1.0	0.5	1.0	0.5	0.5	1.0	1.0	1.0	0.5	0.5	0.5	0.5	1.0	0.5	0.5	1.0	0.5	1.0	0.5	0.5	0.5	0.5	1.0	0.5
nl	0.5	0.06255473051176176	1.0	0.3333333333333333	0.05266207204712749	0.010531636787922991	0.14285714285714285	0.011126194600174152	0.012990386912127004	0.011502582247459113	0.06666666666666667	0.09090909090909091	0.058823529411764705	0.03334444555555555	0.017251790729192626	0.025	0.05263157894736842	0.0833680625	0.09090909090909091	0.07692307692307693	0.5	0.0073042758509715405	0.011115928272345924	0.013336712000355732	0.07144388265306122	0.0136986301369863	0.07144898980102041	0.5	0.032273684710720084	0.03333777777777778	0.02564497107166338	0.1111111111111111	0.05264265927977839	0.034482758620689655	0.5	0.02857142857142857
pl	0.5	0.06250390624999999	1.0	0.3333333333333333	0.05555555555555555	0.012500781249999999	0.125	0.0125020315625	0.013889274691358023	0.013334400177777777	0.06666666666666667	0.09090909090909091	0.058823529411764705	0.034485136741973836	0.01923224852071006	0.02564102564102564	0.05	0.08333333333333333	0.1	0.07142857142857142	0.5	0.011115928272345924	0.010658593888981762	0.014925595901091559	0.07692307692307693	0.014492753623188406	0.07142857142857142	0.5	0.03333333333333333	0.03225806451612903	0.027777777777777776	0.1111111111111111	0.05555864197530863	0.037037037037037035	0.5	0.030303030303030304
pt	0.5	0.06250391016016016	0.5	0.3333333333333333	0.058826993083048444	0.016393980112872884	0.1111111111111111	0.01408569728228526	0.015384852071005919	0.015625244140625	0.08333333333333333	0.09090909090909091	0.0625	0.03703840877914952	0.0200016004004004	0.02857142857142857	0.058823529411764705	0.08333333333333333	0.1	0.07692307692307693	0.5	0.013336712000355732	0.014925595901091559	0.013004070870511782	0.07692307692307693	0.016666666666666666	0.07142857142857142	0.5	0.038463017751479284	0.038461538461538464	0.02857142857142857	0.14285714285714285	0.05263157894736842	0.045454545454545456	0.5	0.030303030303030304
ro	0.5	0.2	0.5	1.0	0.125	0.08334027777777778	0.3333333333333333	0.07693491715976332	0.07692307692307693	0.07692899408284024	0.125	0.125	0.125	0.1111111111111111	0.07692307692307693	0.09090909090909091	0.125	0.16666666666666666	0.14285714285714285	0.16666666666666666	1.0	0.07144388265306122	0.07692307692307693	0.07692307692307693	0.07148473983677556	0.07692307692307693	0.16666666666666666	1.0	0.10000999999999999	0.09090909090909091	0.125	0.2	0.16669444444444442	0.125	0.5	0.1
ru	0.5	0.058823529411764705	0.5	0.3333333333333333	0.058823529411764705	0.015151515151515152	0.14285714285714285	0.014925373134328358	0.017543859649122806	0.016129032258064516	0.07692307692307693	0.09090909090909091	0.058823529411764705	0.038461538461538464	0.02127659574468085	0.02857142857142857	0.05555555555555555	0.08333333333333333	0.1	0.07692307692307693	0.5	0.0136986301369863	0.014492753623188406	0.016666666666666666	0.07692307692307693	0.013157894736842105	0.07692307692307693	0.5	0.03571428571428571	0.037037037037037035	0.030303030303030304	0.125	0.05263157894736842	0.045454545454545456	0.5	0.03333333333333333
sh	0.5	0.2	1.0	1.0	0.125	0.08334027777777778	0.3333333333333333	0.07143367346938775	0.07142857142857142	0.07692307692307693	0.14285714285714285	0.14285714285714285	0.14285714285714285	0.1	0.1111111111111111	0.1	0.1111111111111111	0.16666666666666666	0.14285714285714285	0.2	0.5	0.07144898980102041	0.07142857142857142	0.07142857142857142	0.16666666666666666	0.07692307692307693	0.07152051032156138	1.0	0.1	0.10000999999999999	0.1	0.2	0.14287755102040817	0.16666666666666666	0.5	0.1
si	1.0	1.0	0.5	1.0	1.0	1.0	1.0	0.5	1.0	1.0	1.0	1.0	1.0	1.0	1.0	1.0	1.0	1.0	1.0	1.0	1.0	0.5	0.5	0.5	1.0	0.5	1.0	0.5	0.5	1.0	1.0	1.0	1.0	1.0	1.0	0.5
simple	0.5	0.09093389256198346	1.0	0.3333333333333333	0.0714387806122449	0.03703840877914952	0.14285714285714285	0.03226222684703434	0.03703840877914952	0.038463017751479284	0.08333333333333333	0.09090909090909091	0.1111111111111111	0.05263434903047091	0.047621315192743756	0.05	0.07692307692307693	0.1	0.125	0.1111111111111111	0.5	0.032273684710720084	0.03333333333333333	0.038463017751479284	0.10000999999999999	0.03571428571428571	0.1	0.5	0.03130282829522221	0.07142857142857142	0.05	0.125	0.07143367346938775	0.058823529411764705	0.5	0.047619047619047616
sr	0.5	0.14285714285714285	1.0	0.5	0.09090909090909091	0.03571428571428571	0.16666666666666666	0.03703840877914952	0.033334444444444444	0.038461538461538464	0.1	0.1111111111111111	0.08333333333333333	0.06666666666666667	0.045456611570247926	0.05263157894736842	0.07142857142857142	0.125	0.14285714285714285	0.1111111111111111	1.0	0.03333777777777778	0.03225806451612903	0.038461538461538464	0.09090909090909091	0.037037037037037035	0.10000999999999999	1.0	0.07142857142857142	0.03126270019628906	0.06666666666666667	0.25	0.1	0.1111111111111111	0.5	0.058823529411764705
sv	0.5	0.125015625	1.0	0.3333333333333333	0.06667555555555557	0.02857142857142857	0.16666666666666666	0.029412629757785465	0.027777777777777776	0.029411764705882353	0.08333333333333333	0.1	0.1111111111111111	0.047619047619047616	0.034482758620689655	0.047619047619047616	0.09090909090909091	0.09090909090909091	0.125	0.1111111111111111	0.5	0.02564497107166338	0.027777777777777776	0.02857142857142857	0.125	0.030303030303030304	0.1	1.0	0.05	0.06666666666666667	0.025013130626875622	0.16666666666666666	0.07692307692307693	0.06666666666666667	0.5	0.05555555555555555
te	0.5	0.3333333333333333	0.0	1.0	0.16666666666666666	0.14285714285714285	0.5	0.1111111111111111	0.125	0.1111111111111111	0.16666666666666666	0.2	0.25	0.16666666666666666	0.125	0.14285714285714285	0.14285714285714285	0.25	0.3333333333333333	0.25	0.5	0.1111111111111111	0.1111111111111111	0.14285714285714285	0.2	0.125	0.2	1.0	0.125	0.25	0.16666666666666666	0.1111111111111111	0.16666666666666666	0.14285714285714285	0.5	0.14285714285714285
tr	0.5	0.09091735537190083	-1.0	0.3333333333333333	0.09090909090909091	0.05555555555555555	0.16666666666666666	0.05263434903047091	0.05555864197530863	0.052637119113573404	0.14285714285714285	0.14285714285714285	0.16666666666666666	0.07142857142857142	0.058823529411764705	0.06666666666666667	0.09090909090909091	0.14285714285714285	0.16666666666666666	0.1111111111111111	0.5	0.05264265927977839	0.05555864197530863	0.05263157894736842	0.16669444444444442	0.05263157894736842	0.14287755102040817	1.0	0.07143367346938775	0.1	0.07692307692307693	0.16666666666666666	0.05004002751501502	0.07692307692307693	0.5	0.06666666666666667
vi	0.5	0.07692307692307693	0.5	0.3333333333333333	0.09090909090909091	0.043478260869565216	0.16666666666666666	0.03571428571428571	0.038461538461538464	0.041666666666666664	0.1	0.125	0.14285714285714285	0.0625	0.05263157894736842	0.05	0.09090909090909091	0.16666666666666666	0.14285714285714285	0.125	0.5	0.034482758620689655	0.037037037037037035	0.045454545454545456	0.125	0.045454545454545456	0.16666666666666666	1.0	0.058823529411764705	0.1111111111111111	0.06666666666666667	0.14285714285714285	0.07692307692307693	0.034482758620689655	0.5	0.05
war	0.5	0.5	1.0	1.0	0.5	0.5	0.5	0.5	0.5	0.5	0.5	0.5	0.5	0.5	0.5	0.5	0.5	0.5	0.5	0.5	1.0	0.5	0.5	0.5	0.5	0.5	0.5	1.0	0.5	0.5	0.5	0.5	0.5	0.5	0.5	0.5
zh	0.5	0.07692307692307693	0.5	0.3333333333333333	0.07692307692307693	0.034482758620689655	0.14285714285714285	0.02857142857142857	0.030303030303030304	0.03125	0.09090909090909091	0.1	0.1	0.05	0.034482758620689655	0.04	0.07142857142857142	0.1111111111111111	0.1111111111111111	0.08333333333333333	0.5	0.02857142857142857	0.030303030303030304	0.030303030303030304	0.1	0.03333333333333333	0.1	0.5	0.047619047619047616	0.058823529411764705	0.05555555555555555	0.14285714285714285	0.06666666666666667	0.05	0.5	0.027777777777777776
