arz	bs	ceb	ckb	da	de	el	en	es	fr	he	hi	hu	id	it	ja	ko	lv	mk	ml	mr	nl	pl	pt	ro	ru	sh	si	simple	sr	sv	te	vi	war	zh
arz	1.0	1.0	0.0	0.0	0.0	1.0	0.0	0.36602540378443865	1.0	1.0	1.0	1.0	1.0	1.0	0.585786437626905	1.0	1.0	0.0	1.0	0.0	0.0	1.0	1.0	1.0	1.0	1.0	1.0	0.0	0.0	1.0	1.0	0.0	1.0	0.0	1.0
bs	1.0	1.0	1.0	1.0	0.4364916731037085	0.44948974278317805	0.585786437626905	0.23582845781094	0.36602540378443865	0.3021694792519622	0.4364916731037085	0.585786437626905	1.0	0.40453726661826384	0.3288130902060995	0.39564392373896007	0.4364916731037085	1.0	0.5	1.0	0.0	0.32037724101704074	0.5	0.32449979983983984	0.3660254037844386	0.30216947925196225	0.3660254037844386	1.0	0.585786437626905	0.36602540378443865	0.3333333333333333	1.0	1.0	1.0	0.36602540378443865
ceb	0.0	1.0	1.0	0.0	1.0	1.0	0.0	1.0	1.0	1.0	1.0	1.0	1.0	1.0	1.0	1.0	1.0	1.0	1.0	1.0	0.0	1.0	1.0	1.0	1.0	1.0	1.0	1.0	1.0	1.0	1.0	0.0	1.0	1.0	1.0
ckb	0.0	1.0	0.0	1.0	1.0	1.0	1.0	1.0	1.0	1.0	1.0	1.0	1.0	0.585786437626905	0.4364916731037085	1.0	1.0	1.0	0.0	1.0	1.0	0.585786437626905	1.0	1.0	1.0	1.0	1.0	1.0	1.0	1.0	1.0	1.0	1.0	1.0	1.0
da	0.0	0.4364916731037085	1.0	1.0	1.0	0.07787793169894071	0.38742588672279304	0.02880799254512671	0.07520866124601543	0.06888954740954226	0.20386840968093525	0.28989794855663564	0.1757340838011157	0.2043134457775982	0.11350416126511091	0.1876127897984334	0.2225758785102318	0.585786437626905	0.5	0.39564392373896007	1.0	0.09380212675588367	0.23441237831492112	0.10490656828803087	0.1815129182494601	0.10721947313948092	0.4142135623730951	0.5	0.34833147735478825	0.22522719139308142	0.12941948075789503	1.0	0.22584440001865322	1.0	0.1380262631157473
de	1.0	0.44948974278317805	1.0	1.0	0.07787793169894071	1.0	0.36602540378443865	0.0037510324175387922	0.0641049766520739	0.014489994025236454	0.12325338099821564	0.3333333333333333	0.1784329590736899	0.052420666054156205	0.04725762769675093	0.12575108179305783	0.21712927295533244	1.0	0.36602540378443865	0.44948974278317805	1.0	0.026828691756283052	0.1365270594958143	0.09545367333767688	0.16666666666666666	0.06025699577223625	0.13864436599317595	1.0	0.38742588672279304	0.17673071881839839	0.10176002320143325	1.0	0.22772999919644132	0.585786437626905	0.09963174968368561
el	0.0	0.585786437626905	0.0	1.0	0.38742588672279304	0.36602540378443865	1.0	0.16597681693032765	0.585786437626905	0.27429188517743175	1.0	1.0	1.0	0.24660605559646726	0.27429188517743175	1.0	1.0	1.0	1.0	1.0	1.0	0.3203772410170407	0.5	1.0	0.3660254037844386	1.0	0.3430703308172536	1.0	0.5	1.0	0.3430703308172536	1.0	1.0	1.0	1.0
en	0.36602540378443865	0.23582845781094	1.0	1.0	0.02880799254512671	0.0037510324175387922	0.16597681693032765	1.0	0.0020373464423740144	0.004500955194805257	0.019268750723386744	0.08201352974689159	0.07985355489431842	0.006860748153026406	0.004319826820018306	0.01535059760282376	0.04263245741520096	0.3090169943749474	0.15225881209433406	0.2025519956555797	1.0	0.007101261667500184	0.02644398034113205	0.004012186808233089	0.04379783694373356	0.002553894841089275	0.07352037583966439	0.36602540378443865	0.12725088466207188	0.10056040392403998	0.028254353276860305	1.0	0.07878675686164381	0.5	0.005121612454090082
es	1.0	0.36602540378443865	1.0	1.0	0.07520866124601543	0.0641049766520739	0.585786437626905	0.0020373464423740144	1.0	0.004491730370509831	0.26968623182294527	0.44948974278317805	0.585786437626905	0.024397683383144183	0.01122947365256175	0.3660254037844386	0.3090169943749474	1.0	0.585786437626905	0.585786437626905	1.0	0.025222573665192437	0.13752076280197198	0.14858757526357158	0.13543579037488937	0.18368518446174903	0.141599379761988	0.585786437626905	0.2612038749637414	0.3660254037844386	0.07931354591584223	1.0	0.39564392373896007	0.5	0.2193450929151803
fr	1.0	0.3021694792519622	1.0	1.0	0.06888954740954226	0.014489994025236454	0.27429188517743175	0.004500955194805257	0.004491730370509831	1.0	0.056221152614653255	0.2216368750839041	0.17491720310721423	0.013854682965348258	0.0070210572363437656	0.04999402023048068	0.09515296639388254	0.585786437626905	0.34833147735478825	0.38742588672279304	1.0	0.014534933973275224	0.07726350923615498	0.023283079447289908	0.09027259704837169	0.0074366375220264146	0.11977688031285154	0.44948974278317805	0.28172904669025317	0.17854832631144232	0.05696349441218547	1.0	0.1368227865524485	0.5	0.01979327224145187
he	1.0	0.4364916731037085	1.0	1.0	0.20386840968093525	0.12325338099821564	1.0	0.019268750723386744	0.26968623182294527	0.056221152614653255	1.0	1.0	1.0	0.06300532913309377	0.1365270594958143	1.0	1.0	1.0	1.0	1.0	1.0	0.11696132920126338	0.38742588672279304	0.585786437626905	0.3090169943749474	1.0	0.3164309725825328	1.0	0.5	0.585786437626905	0.23166247903554	1.0	1.0	0.585786437626905	1.0
hi	1.0	0.585786437626905	1.0	1.0	0.28989794855663564	0.3333333333333333	1.0	0.08201352974689159	0.44948974278317805	0.2216368750839041	1.0	1.0	1.0	0.17253779651421453	0.23166247903554	1.0	1.0	1.0	1.0	1.0	1.0	0.18368518446174903	0.44948974278317805	1.0	0.3203772410170407	1.0	0.38742588672279304	1.0	0.585786437626905	0.585786437626905	0.2204812092115424	1.0	1.0	0.5	1.0
hu	1.0	1.0	1.0	1.0	0.1757340838011157	0.1784329590736899	1.0	0.07985355489431842	0.585786437626905	0.17491720310721423	1.0	1.0	1.0	0.2012628451930092	0.25	1.0	1.0	1.0	1.0	1.0	1.0	0.126516536980057	0.32449979983983984	0.585786437626905	0.24660605559646726	1.0	0.585786437626905	1.0	1.0	1.0	0.34833147735478825	1.0	1.0	1.0	1.0
id	1.0	0.40453726661826384	1.0	0.585786437626905	0.2043134457775982	0.052420666054156205	0.24660605559646726	0.006860748153026406	0.024397683383144183	0.013854682965348258	0.06300532913309377	0.17253779651421453	0.2012628451930092	1.0	0.04760883976332869	0.125845968142326	0.1001591231794274	0.585786437626905	0.2958163163244893	0.44948974278317805	1.0	0.05738338435965707	0.10063586528106656	0.04779445686630557	0.12024075540810868	0.027374892071051104	0.16202097927744855	0.4142135623730951	0.22927643328100217	0.12444584824196174	0.10488507762869707	1.0	0.14388924163538974	0.585786437626905	0.05376198106848831
it	0.585786437626905	0.3288130902060995	1.0	0.4364916731037085	0.11350416126511091	0.04725762769675093	0.27429188517743175	0.004319826820018306	0.01122947365256175	0.0070210572363437656	0.1365270594958143	0.23166247903554	0.25	0.04760883976332869	1.0	0.13879564861321142	0.1303639547600728	0.585786437626905	0.34833147735478825	0.3660254037844386	1.0	0.04333903112750761	0.12264033415367966	0.05205156604696667	0.0924936403717394	0.022349579584940552	0.15795970324279	1.0	0.25355482027512377	0.19292728076790167	0.07151594997672592	1.0	0.25355482027512377	1.0	0.05736682797455384
ja	1.0	0.39564392373896007	1.0	1.0	0.1876127897984334	0.12575108179305783	1.0	0.01535059760282376	0.3660254037844386	0.04999402023048068	1.0	1.0	1.0	0.125845968142326	0.13879564861321142	1.0	1.0	1.0	1.0	1.0	1.0	0.0718843416853562	0.2097188436578299	0.44948974278317805	0.2898979485566356	1.0	0.27429188517743175	1.0	0.44948974278317805	0.5	0.12849622184722817	1.0	1.0	1.0	1.0
ko	1.0	0.4364916731037085	1.0	1.0	0.2225758785102318	0.21712927295533244	1.0	0.04263245741520096	0.3090169943749474	0.09515296639388254	1.0	1.0	1.0	0.1001591231794274	0.1303639547600728	1.0	1.0	1.0	1.0	1.0	1.0	0.08724808294964272	0.3660254037844386	0.5	0.3333333333333333	1.0	0.3660254037844386	1.0	1.0	0.44948974278317805	0.1774053291584318	1.0	1.0	0.585786437626905	1.0
lv	0.0	1.0	1.0	1.0	0.585786437626905	1.0	1.0	0.3090169943749474	1.0	0.585786437626905	1.0	1.0	1.0	0.585786437626905	0.585786437626905	1.0	1.0	1.0	1.0	1.0	1.0	0.585786437626905	0.5	1.0	0.585786437626905	1.0	1.0	1.0	1.0	1.0	0.585786437626905	1.0	1.0	0.585786437626905	1.0
mk	1.0	0.5	1.0	0.0	0.5	0.36602540378443865	1.0	0.15225881209433406	0.585786437626905	0.34833147735478825	1.0	1.0	1.0	0.2958163163244893	0.34833147735478825	1.0	1.0	1.0	1.0	1.0	1.0	0.22772999919644135	0.5	1.0	0.5	1.0	0.585786437626905	1.0	0.585786437626905	1.0	0.23166247903554	1.0	1.0	1.0	1.0
ml	0.0	1.0	1.0	1.0	0.39564392373896007	0.44948974278317805	1.0	0.2025519956555797	0.585786437626905	0.38742588672279304	1.0	1.0	1.0	0.44948974278317805	0.3660254037844386	1.0	1.0	1.0	1.0	1.0	1.0	0.44948974278317805	0.5	1.0	0.5	1.0	0.585786437626905	1.0	0.585786437626905	1.0	0.585786437626905	1.0	1.0	0.585786437626905	1.0
mr	0.0	0.0	0.0	1.0	1.0	1.0	1.0	1.0	1.0	1.0	1.0	1.0	1.0	1.0	1.0	1.0	1.0	1.0	1.0	1.0	1.0	1.0	1.0	1.0	1.0	1.0	1.0	1.0	1.0	1.0	1.0	1.0	1.0	1.0	1.0
nl	1.0	0.32037724101704074	1.0	0.585786437626905	0.09380212675588367	0.026828691756283052	0.3203772410170407	0.007101261667500184	0.025222573665192437	0.014534933973275224	0.11696132920126338	0.18368518446174903	0.126516536980057	0.05738338435965707	0.04333903112750761	0.0718843416853562	0.08724808294964272	0.585786437626905	0.22772999919644135	0.44948974278317805	1.0	1.0	0.08092044290312927	0.029747616482978724	0.11649600231901464	0.022385350010027682	0.17491720310721423	0.4364916731037085	0.27195617308673004	0.14102429177663225	0.081564355572911	1.0	0.1584693830492905	0.5	0.03920313834033438
pl	1.0	0.5	1.0	1.0	0.23441237831492112	0.1365270594958143	0.5	0.02644398034113205	0.13752076280197198	0.07726350923615498	0.38742588672279304	0.44948974278317805	0.32449979983983984	0.10063586528106656	0.12264033415367966	0.2097188436578299	0.3660254037844386	0.5	0.5	0.5	1.0	0.08092044290312927	1.0	0.1975496259559987	0.1983555576735248	0.1233603071065848	0.44948974278317805	0.585786437626905	0.5	0.3660254037844386	0.15225881209433406	1.0	0.5	0.5	0.2216368750839041
pt	1.0	0.32449979983983984	1.0	1.0	0.10490656828803087	0.09545367333767688	1.0	0.004012186808233089	0.14858757526357158	0.023283079447289908	0.585786437626905	1.0	0.585786437626905	0.04779445686630557	0.05205156604696667	0.44948974278317805	0.5	1.0	1.0	1.0	1.0	0.029747616482978724	0.1975496259559987	1.0	0.16139047779640892	0.34833147735478825	0.18001097668719743	1.0	0.38742588672279304	0.44948974278317805	0.09105704300233555	1.0	1.0	0.585786437626905	0.34833147735478825
ro	1.0	0.3660254037844386	1.0	1.0	0.1815129182494601	0.16666666666666666	0.3660254037844386	0.04379783694373356	0.13543579037488937	0.09027259704837169	0.3090169943749474	0.3203772410170407	0.24660605559646726	0.12024075540810868	0.0924936403717394	0.2898979485566356	0.3333333333333333	0.585786437626905	0.5	0.5	1.0	0.11649600231901464	0.1983555576735248	0.16139047779640892	1.0	0.14503446107483847	0.28989794855663564	0.5	0.3333333333333333	0.2612038749637414	0.22772999919644132	1.0	0.3660254037844386	0.585786437626905	0.1876127897984334
ru	1.0	0.30216947925196225	1.0	1.0	0.10721947313948092	0.06025699577223625	1.0	0.002553894841089275	0.18368518446174903	0.0074366375220264146	1.0	1.0	1.0	0.027374892071051104	0.022349579584940552	1.0	1.0	1.0	1.0	1.0	1.0	0.022385350010027682	0.1233603071065848	0.34833147735478825	0.14503446107483847	1.0	0.1876127897984334	1.0	0.3244997998398398	0.38742588672279304	0.0778559890386631	1.0	1.0	0.585786437626905	1.0
sh	1.0	0.3660254037844386	1.0	1.0	0.4142135623730951	0.13864436599317595	0.3430703308172536	0.07352037583966439	0.141599379761988	0.11977688031285154	0.3164309725825328	0.38742588672279304	0.585786437626905	0.16202097927744855	0.15795970324279	0.27429188517743175	0.3660254037844386	1.0	0.585786437626905	0.585786437626905	1.0	0.17491720310721423	0.44948974278317805	0.18001097668719743	0.28989794855663564	0.1876127897984334	1.0	1.0	0.3726822671238253	0.19636040545626823	0.2791745113185196	1.0	0.44948974278317805	1.0	0.25728427444747215
si	0.0	1.0	1.0	1.0	0.5	1.0	1.0	0.36602540378443865	0.585786437626905	0.44948974278317805	1.0	1.0	1.0	0.4142135623730951	1.0	1.0	1.0	1.0	1.0	1.0	1.0	0.4364916731037085	0.585786437626905	1.0	0.5	1.0	1.0	1.0	1.0	1.0	1.0	1.0	1.0	0.585786437626905	1.0
simple	0.0	0.585786437626905	1.0	1.0	0.34833147735478825	0.38742588672279304	0.5	0.12725088466207188	0.2612038749637414	0.28172904669025317	0.5	0.585786437626905	1.0	0.22927643328100217	0.25355482027512377	0.44948974278317805	1.0	1.0	0.585786437626905	0.585786437626905	1.0	0.27195617308673004	0.5	0.38742588672279304	0.3333333333333333	0.3244997998398398	0.3726822671238253	1.0	1.0	0.44948974278317805	0.3244997998398398	1.0	0.36602540378443865	0.585786437626905	0.3090169943749474
sr	1.0	0.36602540378443865	1.0	1.0	0.22522719139308142	0.17673071881839839	1.0	0.10056040392403998	0.3660254037844386	0.17854832631144232	0.585786437626905	0.585786437626905	1.0	0.12444584824196174	0.19292728076790167	0.5	0.44948974278317805	1.0	1.0	1.0	1.0	0.14102429177663225	0.3660254037844386	0.44948974278317805	0.2612038749637414	0.38742588672279304	0.19636040545626823	1.0	0.44948974278317805	1.0	0.23582845781094	1.0	0.4142135623730951	0.585786437626905	0.4142135623730951
sv	1.0	0.3333333333333333	1.0	1.0	0.12941948075789503	0.10176002320143325	0.3430703308172536	0.028254353276860305	0.07931354591584223	0.05696349441218547	0.23166247903554	0.2204812092115424	0.34833147735478825	0.10488507762869707	0.07151594997672592	0.12849622184722817	0.1774053291584318	0.585786437626905	0.23166247903554	0.585786437626905	1.0	0.081564355572911	0.15225881209433406	0.09105704300233555	0.22772999919644132	0.0778559890386631	0.2791745113185196	1.0	0.3244997998398398	0.23582845781094	1.0	1.0	0.2449655295864104	0.585786437626905	0.11772403115357771
te	0.0	1.0	0.0	1.0	1.0	1.0	1.0	1.0	1.0	1.0	1.0	1.0	1.0	1.0	1.0	1.0	1.0	1.0	1.0	1.0	1.0	1.0	1.0	1.0	1.0	1.0	1.0	1.0	1.0	1.0	1.0	1.0	1.0	1.0	1.0
vi	1.0	1.0	1.0	1.0	0.22584440001865322	0.22772999919644132	1.0	0.07878675686164381	0.39564392373896007	0.1368227865524485	1.0	1.0	1.0	0.14388924163538974	0.25355482027512377	1.0	1.0	1.0	1.0	1.0	1.0	0.1584693830492905	0.5	1.0	0.3660254037844386	1.0	0.44948974278317805	1.0	0.36602540378443865	0.4142135623730951	0.2449655295864104	1.0	1.0	0.585786437626905	1.0
war	0.0	1.0	1.0	1.0	1.0	0.585786437626905	1.0	0.5	0.5	0.5	0.585786437626905	0.5	1.0	0.585786437626905	1.0	1.0	0.585786437626905	0.585786437626905	1.0	0.585786437626905	1.0	0.5	0.5	0.585786437626905	0.585786437626905	0.585786437626905	1.0	0.585786437626905	0.585786437626905	0.585786437626905	0.585786437626905	1.0	0.585786437626905	1.0	0.585786437626905
zh	1.0	0.36602540378443865	1.0	1.0	0.1380262631157473	0.09963174968368561	1.0	0.005121612454090082	0.2193450929151803	0.01979327224145187	1.0	1.0	1.0	0.05376198106848831	0.05736682797455384	1.0	1.0	1.0	1.0	1.0	1.0	0.03920313834033438	0.2216368750839041	0.34833147735478825	0.1876127897984334	1.0	0.25728427444747215	1.0	0.3090169943749474	0.4142135623730951	0.11772403115357771	1.0	1.0	0.585786437626905	1.0
