arz	bs	ceb	ckb	da	de	el	en	es	fr	he	hi	hu	id	it	ja	ko	lv	mk	ml	mr	nl	pl	pt	ro	ru	sh	si	simple	sr	sv	te	tr	vi	war	zh
arz	1.0	0.585786437626905	1.0	1.0	1.0	1.0	1.0	1.0	1.0	1.0	0.585786437626905	1.0	1.0	0.585786437626905	1.0	1.0	1.0	1.0	1.0	1.0	1.0	1.0	1.0	1.0	1.0	1.0	1.0	1.0	1.0	1.0	1.0	1.0	1.0	1.0	1.0	1.0
bs	0.585786437626905	1.0	0.585786437626905	0.2958163163244893	0.016235501425930023	0.011768523124273112	0.016655169956782522	0.027165256569689985	0.012486143696074616	0.012292282289375893	0.01565925000466388	0.017729059075106402	0.015325456213056886	0.028422113779821605	0.016829971012374642	0.012597338181725922	0.014470667900450995	0.015920138813338026	0.021587302081433245	0.02923770614773507	0.20942771453851886	0.013000429627804792	0.014633828497035135	0.011487179907526951	0.021045884715215978	0.010898078257026567	0.011397904751475514	0.1167355195593027	0.016907042129955866	0.011341876338987726	0.012185792911920918	0.07948345406122419	0.12089310385076446	0.014317079900989522	0.05309954100986438	0.012509759431486505
ceb	1.0	0.585786437626905	1.0	1.0	1.0	1.0	1.0	1.0	1.0	1.0	1.0	1.0	1.0	1.0	1.0	1.0	1.0	1.0	1.0	1.0	1.0	1.0	1.0	1.0	0.4364916731037085	1.0	1.0	1.0	1.0	0.585786437626905	1.0	1.0	-1.0	1.0	1.0	1.0
ckb	1.0	0.2958163163244893	1.0	1.0	0.3090169943749474	1.0	1.0	0.38742588672279304	1.0	0.4142135623730951	0.585786437626905	1.0	0.36602540378443865	0.3266316347104093	0.44948974278317805	1.0	1.0	1.0	1.0	1.0	1.0	0.44948974278317805	0.585786437626905	0.585786437626905	0.4142135623730951	1.0	0.5	1.0	0.5	0.5	0.3090169943749474	1.0	1.0	0.3483314773547883	1.0	1.0
da	1.0	0.016235501425930023	1.0	0.3090169943749474	1.0	0.011117332259246443	0.028009081733753292	0.0116281374199809	0.011957820336823306	0.011440760994346334	0.017313616584500528	0.059773354706090694	0.012271032414534182	0.012902349797793162	0.01176946203572477	0.012104927630622183	0.01674674601783073	0.021946992160413972	0.06716618409727733	0.11405820446888813	0.44948974278317805	0.01159244794063869	0.012551820643687137	0.01047061608394723	0.01338070771345866	0.010592489421101341	0.010135649117443283	0.38742588672279304	0.031227057791869857	0.00993793595269738	0.010996791335964906	0.24336073281110826	0.25921926045307553	0.014353294100964427	0.24179033438163736	0.012864054773611782
de	1.0	0.011768523124273112	1.0	1.0	0.011117332259246443	1.0	0.04686899771398754	0.005251464540987126	0.004032792353270367	0.004555215963399466	0.06561557122978494	0.060504292635921046	0.004187636035119977	0.005535581608831976	0.004631133217407413	0.002829369030788265	0.024863581018052125	0.030993681127815982	0.12537377298221222	0.2016895928872254	0.4142135623730951	0.004196387487401529	0.004424227208225703	0.005207329986736785	0.006436869575227863	0.005869044794562525	0.004367209466616627	0.5	0.008556226281022735	0.004291515410989571	0.005065685845890483	0.3090169943749474	0.1668925411799026	0.004090349318417711	0.2928060946961875	0.003117223506083307
el	1.0	0.016655169956782522	1.0	1.0	0.028009081733753292	0.04686899771398754	1.0	0.006220468906956797	0.03016322397640598	0.00868636456157914	0.3660254037844386	1.0	0.009206091756735013	0.009040905172659463	0.0067309170360853	1.0	1.0	0.08753248155487238	1.0	1.0	1.0	0.00874016478991704	0.007770886938345054	0.053561712210846	0.010605937562353457	0.5	0.010365336813888869	1.0	0.04205642337157575	0.012064908659464324	0.013161308492021975	1.0	0.5	0.009217854428311648	0.44948974278317805	1.0
en	1.0	0.027165256569689985	1.0	0.38742588672279304	0.0116281374199809	0.005251464540987126	0.006220468906956797	1.0	0.006851020827355678	0.011390454597486152	0.007502187845203487	0.006458365527937159	0.0127275821259564	0.0328449247199416	0.015375601021694473	0.0025679970449112325	0.005568942233400165	0.007601195924409614	0.011508746740347041	0.018825582152095465	0.16778977572266515	0.010193616754886036	0.019909513599448574	0.005274030341179191	0.02955341972291493	0.0036009627470257616	0.013939543503725586	0.3660254037844386	0.011300903157657268	0.011179108993417166	0.012041273255454014	0.04388383406476812	0.07878807949049789	0.016119341990571443	0.08546667206622334	0.0025746190373251996
es	1.0	0.012486143696074616	1.0	1.0	0.011957820336823306	0.004032792353270367	0.03016322397640598	0.006851020827355678	1.0	0.006162364752489462	0.031285265386003104	0.03648063584227344	0.00575738549924488	0.006196445395059665	0.0069596908137602755	0.003352834654614492	0.014979023639784797	0.025026020409140346	0.0985265247779338	0.1482675827043134	0.5	0.0057970201564950885	0.0060441510408081375	0.0058006471268050785	0.006831501412978953	0.005726389178858719	0.005901438969220598	0.39564392373896007	0.009745771662119018	0.00537210528879994	0.00601954877932059	0.20386840968093525	0.1757340838011157	0.0060490295224460535	0.2632403810669918	0.0038430606602370253
fr	1.0	0.012292282289375893	1.0	0.4142135623730951	0.011440760994346334	0.004555215963399466	0.00868636456157914	0.011390454597486152	0.006162364752489462	1.0	0.019448238132041433	0.011678260488094557	0.008302108012833988	0.008514376656965306	0.01153624176308255	0.002591130432798933	0.006192759687365679	0.014973561038827451	0.05204908671980023	0.12636227365336417	0.3430703308172536	0.00819261184135756	0.01174943643806584	0.005029742675421615	0.00860347288920199	0.0038796635381511376	0.011060295727061355	0.44948974278317805	0.00995443719781576	0.0092891548434288	0.008185204020740175	0.1907435698305462	0.1334347133181497	0.00939118539747145	0.22584440001865322	0.00283874285600155
he	0.585786437626905	0.01565925000466388	1.0	0.585786437626905	0.017313616584500528	0.06561557122978494	0.3660254037844386	0.007502187845203487	0.031285265386003104	0.019448238132041433	1.0	0.5	0.012141783119365866	0.009233427025774404	0.007938787096751635	0.34833147735478825	0.3660254037844386	0.08747129740048731	0.44948974278317805	0.5	1.0	0.016447806887447344	0.007873412544855166	0.0531283126585671	0.01192417908750326	0.3660254037844386	0.01274406077889929	0.585786437626905	0.05350612038555979	0.0176939220223924	0.013686955016381607	1.0	1.0	0.010122496259463754	0.44948974278317805	0.34833147735478825
hi	1.0	0.017729059075106402	1.0	1.0	0.059773354706090694	0.060504292635921046	1.0	0.006458365527937159	0.03648063584227344	0.011678260488094557	0.5	1.0	0.011797600508493133	0.01014792647470488	0.007568161901623296	1.0	1.0	0.10649093350664572	1.0	1.0	1.0	0.011797656660637314	0.008172600730223507	0.06389741520881737	0.011184309662817252	0.585786437626905	0.01365028130688688	1.0	0.03300584818667226	0.02411971677768204	0.025970455040507007	1.0	0.44948974278317805	0.010198523842615225	0.44948974278317805	1.0
hu	1.0	0.015325456213056886	1.0	0.36602540378443865	0.012271032414534182	0.004187636035119977	0.009206091756735013	0.0127275821259564	0.00575738549924488	0.008302108012833988	0.012141783119365866	0.011797600508493133	1.0	0.010904865533855666	0.011245548076746839	0.004484927807328436	0.00709336653256668	0.011919726079002572	0.033932195701089095	0.07421164074292416	0.27429188517743175	0.007744704754861727	0.011477417412186516	0.005834208185785854	0.010385895649515475	0.005800916863435339	0.009924443308185444	0.39564392373896007	0.010626921326768199	0.008468730736891953	0.009431671300024033	0.16952084719853724	0.585786437626905	0.008410905535743186	0.15416998933807838	0.004474239190944031
id	0.585786437626905	0.028422113779821605	1.0	0.3266316347104093	0.012902349797793162	0.005535581608831976	0.009040905172659463	0.0328449247199416	0.006196445395059665	0.008514376656965306	0.009233427025774404	0.01014792647470488	0.010904865533855666	1.0	0.02140154216020019	0.005942178120429607	0.0074870398168312095	0.010513826778658995	0.013830326884272028	0.02617346763868381	0.22901628833426058	0.00856220495226038	0.016760329508423398	0.007419419667759904	0.025577619484574085	0.006645494662524641	0.011848658747085879	0.25824569976124334	0.012172103414790086	0.007959642358972603	0.01123107015202038	0.0767864804808271	0.1733957719260367	0.014516127437608575	0.06590627739502558	0.005763960455886568
it	1.0	0.016829971012374642	1.0	0.44948974278317805	0.01176946203572477	0.004631133217407413	0.0067309170360853	0.015375601021694473	0.0069596908137602755	0.01153624176308255	0.007938787096751635	0.007568161901623296	0.011245548076746839	0.02140154216020019	1.0	0.0030240405364218657	0.005846022961738683	0.008964491537090679	0.01518774844035491	0.033068364208930785	0.2474401533514073	0.00857027532826074	0.020529119437304056	0.005111255307794264	0.015533081360646227	0.004145512611263786	0.015076249357072531	0.3090169943749474	0.010901743261891809	0.011511892204820328	0.011112105302811162	0.097409748607283	0.19707113830081235	0.016040195213793882	0.09222956810967159	0.0033814223915911348
ja	1.0	0.012597338181725922	1.0	1.0	0.012104927630622183	0.002829369030788265	1.0	0.0025679970449112325	0.003352834654614492	0.002591130432798933	0.34833147735478825	1.0	0.004484927807328436	0.005942178120429607	0.0030240405364218657	1.0	1.0	0.04575722089734646	1.0	1.0	1.0	0.0032865719010112425	0.003327733403715794	0.007697973926201805	0.006314899479601804	0.5	0.003297283010002525	1.0	0.010523959066449288	0.0033536729242632734	0.005642890081851871	1.0	0.23582845781094	0.00440398326499237	0.44948974278317805	1.0
ko	1.0	0.014470667900450995	1.0	1.0	0.01674674601783073	0.024863581018052125	1.0	0.005568942233400165	0.014979023639784797	0.006192759687365679	0.3660254037844386	1.0	0.00709336653256668	0.0074870398168312095	0.005846022961738683	1.0	1.0	0.06276209244625261	1.0	1.0	1.0	0.007363376063924755	0.005932772004975079	0.03236730614866398	0.008133730417604278	0.5	0.007501133758936868	1.0	0.02516001197096499	0.0081804868573343	0.008572422098755455	1.0	0.3090169943749474	0.007438249875822763	0.44948974278317805	1.0
lv	1.0	0.015920138813338026	1.0	1.0	0.021946992160413972	0.030993681127815982	0.08753248155487238	0.007601195924409614	0.025026020409140346	0.014973561038827451	0.08747129740048731	0.10649093350664572	0.011919726079002572	0.010513826778658995	0.008964491537090679	0.04575722089734646	0.06276209244625261	1.0	0.14732056773523425	0.17411239489546831	0.5	0.01924241232439641	0.00840528732119408	0.040407052812663484	0.011227087702240577	0.055743116909758285	0.015622696444870156	0.585786437626905	0.06130105744715869	0.02553083772381543	0.018090358030934627	0.2817290466902531	0.2674788903885893	0.01210852003585125	0.2632403810669918	0.047815540554754545
mk	1.0	0.021587302081433245	1.0	1.0	0.06716618409727733	0.12537377298221222	1.0	0.011508746740347041	0.0985265247779338	0.05204908671980023	0.44948974278317805	1.0	0.033932195701089095	0.013830326884272028	0.01518774844035491	1.0	1.0	0.14732056773523425	1.0	1.0	1.0	0.056544062334864344	0.022361007316094403	0.10378315541520321	0.016270688496060306	0.5	0.03497572003870055	1.0	0.13895115919603923	0.07196452346825256	0.07095379142660634	1.0	0.5	0.05267009534451147	0.5	1.0
ml	1.0	0.02923770614773507	1.0	1.0	0.11405820446888813	0.2016895928872254	1.0	0.018825582152095465	0.1482675827043134	0.12636227365336417	0.5	1.0	0.07421164074292416	0.02617346763868381	0.033068364208930785	1.0	1.0	0.17411239489546831	1.0	1.0	1.0	0.10351694645735657	0.04693773526808512	0.14388924163538971	0.05333834187674792	1.0	0.10290397182775128	1.0	0.13100580420257674	0.11169456803684231	0.09770370412809483	1.0	0.3266316347104093	0.08664321744521233	0.5	1.0
mr	1.0	0.20942771453851886	1.0	1.0	0.44948974278317805	0.4142135623730951	1.0	0.16778977572266515	0.5	0.3430703308172536	1.0	1.0	0.27429188517743175	0.22901628833426058	0.2474401533514073	1.0	1.0	0.5	1.0	1.0	1.0	0.5	0.25355482027512377	0.5	0.34833147735478825	1.0	0.24210172369314836	1.0	0.3333333333333333	0.32449979983983984	0.3430703308172536	1.0	1.0	0.2284989041564256	1.0	1.0
nl	1.0	0.013000429627804792	1.0	0.44948974278317805	0.01159244794063869	0.004196387487401529	0.00874016478991704	0.010193616754886036	0.0057970201564950885	0.00819261184135756	0.016447806887447344	0.011797656660637314	0.007744704754861727	0.00856220495226038	0.00857027532826074	0.0032865719010112425	0.007363376063924755	0.01924241232439641	0.056544062334864344	0.10351694645735657	0.5	1.0	0.009372807495422185	0.005520209948229927	0.006740554541199159	0.004981012044948354	0.008025495593393526	0.585786437626905	0.011043475730463232	0.0071465886102627715	0.007952237040698798	0.1378360131566794	0.0664815015924428	0.008005387490882851	0.22522719139308142	0.00332642296749239
pl	1.0	0.014633828497035135	1.0	0.585786437626905	0.012551820643687137	0.004424227208225703	0.007770886938345054	0.019909513599448574	0.0060441510408081375	0.01174943643806584	0.007873412544855166	0.008172600730223507	0.011477417412186516	0.016760329508423398	0.020529119437304056	0.003327733403715794	0.005932772004975079	0.00840528732119408	0.022361007316094403	0.04693773526808512	0.25355482027512377	0.009372807495422185	1.0	0.005133886144722456	0.01709947760153739	0.004595972445814241	0.012482579856404441	0.585786437626905	0.010297599007690606	0.010619190515262122	0.009838118641527732	0.0865691346909028	0.17608599028998664	0.013114675168151218	0.12755088449140858	0.0037500801370606365
pt	1.0	0.011487179907526951	1.0	0.585786437626905	0.01047061608394723	0.005207329986736785	0.053561712210846	0.005274030341179191	0.0058006471268050785	0.005029742675421615	0.0531283126585671	0.06389741520881737	0.005834208185785854	0.007419419667759904	0.005111255307794264	0.007697973926201805	0.03236730614866398	0.040407052812663484	0.10378315541520321	0.14388924163538971	0.5	0.005520209948229927	0.005133886144722456	1.0	0.0056407323345993325	0.0035152815514261546	0.005659045374293865	0.5	0.022772683442838112	0.005484489998696049	0.005400483653122434	0.1907435698305462	0.16666666666666666	0.006788687680924897	0.27195617308673004	0.008737678474015234
ro	1.0	0.021045884715215978	0.4364916731037085	0.4142135623730951	0.01338070771345866	0.006436869575227863	0.010605937562353457	0.02955341972291493	0.006831501412978953	0.00860347288920199	0.01192417908750326	0.011184309662817252	0.010385895649515475	0.025577619484574085	0.015533081360646227	0.006314899479601804	0.008133730417604278	0.011227087702240577	0.016270688496060306	0.05333834187674792	0.34833147735478825	0.006740554541199159	0.01709947760153739	0.0056407323345993325	1.0	0.005134109884706393	0.011485740941444939	0.3164309725825327	0.0127175781022404	0.008895620914520496	0.010826961382067648	0.07250790964160511	0.585786437626905	0.012538022183611601	0.18660549686337075	0.006342590292108291
ru	1.0	0.010898078257026567	1.0	1.0	0.010592489421101341	0.005869044794562525	0.5	0.0036009627470257616	0.005726389178858719	0.0038796635381511376	0.3660254037844386	0.585786437626905	0.005800916863435339	0.006645494662524641	0.004145512611263786	0.5	0.5	0.055743116909758285	0.5	1.0	1.0	0.004981012044948354	0.004595972445814241	0.0035152815514261546	0.005134109884706393	1.0	0.002570365306975239	1.0	0.016081213129636344	0.0025358615474725082	0.004054226608515099	1.0	0.179128784747792	0.005666542610311953	0.44948974278317805	0.5
sh	1.0	0.011397904751475514	1.0	0.5	0.010135649117443283	0.004367209466616627	0.010365336813888869	0.013939543503725586	0.005901438969220598	0.011060295727061355	0.01274406077889929	0.01365028130688688	0.009924443308185444	0.011848658747085879	0.015076249357072531	0.003297283010002525	0.007501133758936868	0.015622696444870156	0.03497572003870055	0.10290397182775128	0.24210172369314836	0.008025495593393526	0.012482579856404441	0.005659045374293865	0.011485740941444939	0.002570365306975239	1.0	0.5	0.013157097883534682	0.014110777982570098	0.010979404490928844	0.11034777731716484	0.3797958971132712	0.009137871179412645	0.2674788903885893	0.003372854518011226
si	1.0	0.1167355195593027	1.0	1.0	0.38742588672279304	0.5	1.0	0.3660254037844386	0.39564392373896007	0.44948974278317805	0.585786437626905	1.0	0.39564392373896007	0.25824569976124334	0.3090169943749474	1.0	1.0	0.585786437626905	1.0	1.0	1.0	0.585786437626905	0.585786437626905	0.5	0.3164309725825327	1.0	0.5	1.0	1.0	0.39564392373896007	0.5	1.0	1.0	0.38742588672279304	0.585786437626905	1.0
simple	1.0	0.016907042129955866	1.0	0.5	0.031227057791869857	0.008556226281022735	0.04205642337157575	0.011300903157657268	0.009745771662119018	0.00995443719781576	0.05350612038555979	0.03300584818667226	0.010626921326768199	0.012172103414790086	0.010901743261891809	0.010523959066449288	0.02516001197096499	0.06130105744715869	0.13895115919603923	0.13100580420257674	0.3333333333333333	0.011043475730463232	0.010297599007690606	0.022772683442838112	0.0127175781022404	0.016081213129636344	0.013157097883534682	1.0	1.0	0.015110913531437531	0.01884755185640842	0.16722520332754173	0.11932417967233733	0.010736848893816929	0.24179033438163736	0.010120247863873267
sr	1.0	0.011341876338987726	0.585786437626905	0.5	0.00993793595269738	0.004291515410989571	0.012064908659464324	0.011179108993417166	0.00537210528879994	0.0092891548434288	0.0176939220223924	0.02411971677768204	0.008468730736891953	0.007959642358972603	0.011511892204820328	0.0033536729242632734	0.0081804868573343	0.02553083772381543	0.07196452346825256	0.11169456803684231	0.32449979983983984	0.0071465886102627715	0.010619190515262122	0.005484489998696049	0.008895620914520496	0.0025358615474725082	0.014110777982570098	0.39564392373896007	0.015110913531437531	1.0	0.009072836764586374	0.14201473202245876	0.32037724101704074	0.008327299716306696	0.23582845781094	0.003399977985650246
sv	1.0	0.012185792911920918	1.0	0.3090169943749474	0.010996791335964906	0.005065685845890483	0.013161308492021975	0.012041273255454014	0.00601954877932059	0.008185204020740175	0.013686955016381607	0.025970455040507007	0.009431671300024033	0.01123107015202038	0.011112105302811162	0.005642890081851871	0.008572422098755455	0.018090358030934627	0.07095379142660634	0.09770370412809483	0.3430703308172536	0.007952237040698798	0.009838118641527732	0.005400483653122434	0.010826961382067648	0.004054226608515099	0.010979404490928844	0.5	0.01884755185640842	0.009072836764586374	1.0	0.1763964909601683	0.3126480851423008	0.009041942147242271	0.2303268468157938	0.005936179294084648
te	1.0	0.07948345406122419	1.0	1.0	0.24336073281110826	0.3090169943749474	1.0	0.04388383406476812	0.20386840968093525	0.1907435698305462	1.0	1.0	0.16952084719853724	0.0767864804808271	0.097409748607283	1.0	1.0	0.2817290466902531	1.0	1.0	1.0	0.1378360131566794	0.0865691346909028	0.1907435698305462	0.07250790964160511	1.0	0.11034777731716484	1.0	0.16722520332754173	0.14201473202245876	0.1763964909601683	1.0	1.0	0.10342868174395425	0.585786437626905	1.0
tr	1.0	0.12089310385076446	-1.0	1.0	0.25921926045307553	0.1668925411799026	0.5	0.07878807949049789	0.1757340838011157	0.1334347133181497	1.0	0.44948974278317805	0.585786437626905	0.1733957719260367	0.19707113830081235	0.23582845781094	0.3090169943749474	0.2674788903885893	0.5	0.3266316347104093	1.0	0.0664815015924428	0.17608599028998664	0.16666666666666666	0.585786437626905	0.179128784747792	0.3797958971132712	1.0	0.11932417967233733	0.32037724101704074	0.3126480851423008	1.0	1.0	0.34833147735478825	1.0	0.2612038749637414
vi	1.0	0.014317079900989522	1.0	0.3483314773547883	0.014353294100964427	0.004090349318417711	0.009217854428311648	0.016119341990571443	0.0060490295224460535	0.00939118539747145	0.010122496259463754	0.010198523842615225	0.008410905535743186	0.014516127437608575	0.016040195213793882	0.00440398326499237	0.007438249875822763	0.01210852003585125	0.05267009534451147	0.08664321744521233	0.2284989041564256	0.008005387490882851	0.013114675168151218	0.006788687680924897	0.012538022183611601	0.005666542610311953	0.009137871179412645	0.38742588672279304	0.010736848893816929	0.008327299716306696	0.009041942147242271	0.10342868174395425	0.34833147735478825	1.0	0.20360289812039084	0.0042441959416378945
war	1.0	0.05309954100986438	1.0	1.0	0.24179033438163736	0.2928060946961875	0.44948974278317805	0.08546667206622334	0.2632403810669918	0.22584440001865322	0.44948974278317805	0.44948974278317805	0.15416998933807838	0.06590627739502558	0.09222956810967159	0.44948974278317805	0.44948974278317805	0.2632403810669918	0.5	0.5	1.0	0.22522719139308142	0.12755088449140858	0.27195617308673004	0.18660549686337075	0.44948974278317805	0.2674788903885893	0.585786437626905	0.24179033438163736	0.23582845781094	0.2303268468157938	0.585786437626905	1.0	0.20360289812039084	1.0	0.44948974278317805
zh	1.0	0.012509759431486505	1.0	1.0	0.012864054773611782	0.003117223506083307	1.0	0.0025746190373251996	0.0038430606602370253	0.00283874285600155	0.34833147735478825	1.0	0.004474239190944031	0.005763960455886568	0.0033814223915911348	1.0	1.0	0.047815540554754545	1.0	1.0	1.0	0.00332642296749239	0.0037500801370606365	0.008737678474015234	0.006342590292108291	0.5	0.003372854518011226	1.0	0.010120247863873267	0.003399977985650246	0.005936179294084648	1.0	0.2612038749637414	0.0042441959416378945	0.44948974278317805	1.0
