arz	bs	ceb	ckb	da	de	el	en	es	fr	he	hi	hu	id	it	ja	ko	lv	mk	ml	mr	nl	pl	pt	ro	ru	sh	si	simple	sr	sv	te	tr	union	vi	war	zh
arz	1.0	1.0	1.0	1.0	1.0	0.5	1.0	0.1518442389903171	0.3164309725825328	0.3660254037844386	1.0	1.0	1.0	1.0	0.27429188517743175	1.0	1.0	1.0	1.0	1.0	1.0	0.585786437626905	0.353889367864523	0.33333333333333326	1.0	1.0	0.3660254037844386	1.0	0.5	1.0	0.17912878474779198	1.0	1.0	0.09322920013493871	0.585786437626905	1.0	1.0
bs	1.0	1.0	0.585786437626905	1.0	1.0	0.5	1.0	0.1518442389903171	0.3164309725825328	0.3660254037844386	1.0	1.0	1.0	1.0	0.27429188517743175	1.0	1.0	1.0	1.0	1.0	1.0	0.585786437626905	0.353889367864523	0.33333333333333326	1.0	1.0	0.3660254037844386	1.0	0.5	1.0	0.17912878474779198	1.0	1.0	0.09322920013493871	0.585786437626905	1.0	1.0
ceb	1.0	0.585786437626905	1.0	1.0	0.32449979983983984	0.0665676864530615	1.0	0.012862342573849477	0.04490579276016841	0.03877302386752987	1.0	1.0	0.2674788903885893	0.1680743603534397	0.02833753884569367	1.0	1.0	0.4142135623730951	1.0	1.0	1.0	0.06878380729278138	0.09167659655370052	0.028653819880329497	0.38742588672279304	0.353889367864523	0.04188733345230424	0.585786437626905	0.2193450929151803	0.11696132920126338	0.0964139418004572	1.0	0.3090169943749474	0.010580813150206205	0.585786437626905	1.0	1.0
ckb	1.0	1.0	1.0	1.0	1.0	0.5	1.0	0.1518442389903171	0.3164309725825328	0.3660254037844386	1.0	1.0	1.0	1.0	0.27429188517743175	1.0	1.0	1.0	1.0	1.0	1.0	0.585786437626905	0.353889367864523	0.33333333333333326	1.0	1.0	0.3660254037844386	1.0	0.5	1.0	0.17912878474779198	1.0	1.0	0.09322920013493871	0.585786437626905	1.0	1.0
da	1.0	1.0	0.32449979983983984	1.0	1.0	0.5	1.0	0.1518442389903171	0.3164309725825328	0.3660254037844386	1.0	1.0	1.0	1.0	0.27429188517743175	1.0	1.0	1.0	1.0	1.0	1.0	0.585786437626905	0.353889367864523	0.33333333333333326	1.0	1.0	0.3660254037844386	1.0	0.5	1.0	0.17912878474779198	1.0	1.0	0.09322920013493871	0.585786437626905	1.0	1.0
de	0.5	0.5	0.0665676864530615	0.5	0.5	1.0	0.5	0.1535006559075351	0.32008819945364486	0.3660254037844386	0.5	0.5	0.5	0.5	0.27429188517743175	0.5	0.5	0.5	0.5	0.5	0.5	0.585786437626905	0.35934098915336427	0.3090169943749474	0.5	0.5	0.3333333333333333	0.5	1.0	0.5	0.1757340838011157	0.5	0.5	0.09278567916769824	0.44948974278317805	0.5	0.5
el	1.0	1.0	1.0	1.0	1.0	0.5	1.0	0.1518442389903171	0.3164309725825328	0.3660254037844386	1.0	1.0	1.0	1.0	0.27429188517743175	1.0	1.0	1.0	1.0	1.0	1.0	0.585786437626905	0.353889367864523	0.33333333333333326	1.0	1.0	0.3660254037844386	1.0	0.5	1.0	0.17912878474779198	1.0	1.0	0.09322920013493871	0.585786437626905	1.0	1.0
en	0.1518442389903171	0.1518442389903171	0.012862342573849477	0.1518442389903171	0.1518442389903171	0.1535006559075351	0.1518442389903171	1.0	0.14755876710692034	0.1605948717597908	0.1518442389903171	0.1518442389903171	0.1518442389903171	0.1518442389903171	0.14278804318506438	0.1518442389903171	0.1518442389903171	0.1518442389903171	0.1518442389903171	0.1518442389903171	0.1518442389903171	0.1526653036294598	0.14929724529001573	0.14890295986933447	0.1518442389903171	0.1518442389903171	0.14602640382184875	0.1518442389903171	0.1535006559075351	0.1518442389903171	0.1366897236256188	0.1518442389903171	0.1518442389903171	0.10283235393255918	0.1534495314995826	0.1518442389903171	0.1518442389903171
es	0.3164309725825328	0.3164309725825328	0.04490579276016841	0.3164309725825328	0.3164309725825328	0.32008819945364486	0.3164309725825328	0.14755876710692034	1.0	0.2815429907304882	0.3164309725825328	0.3164309725825328	0.3164309725825328	0.3164309725825328	0.25879836443327975	0.3164309725825328	0.3164309725825328	0.3164309725825328	0.3164309725825328	0.3164309725825328	0.3164309725825328	0.30552726787943424	0.2791745113185196	0.25355482027512377	0.3164309725825328	0.3164309725825328	0.30169764396087756	0.3164309725825328	0.32008819945364486	0.3164309725825328	0.17144026352456576	0.3164309725825328	0.3164309725825328	0.09527399409773832	0.30552726787943424	0.3164309725825328	0.3164309725825328
fr	0.3660254037844386	0.3660254037844386	0.03877302386752987	0.3660254037844386	0.3660254037844386	0.3660254037844386	0.3660254037844386	0.1605948717597908	0.2815429907304882	1.0	0.3660254037844386	0.3660254037844386	0.3660254037844386	0.3660254037844386	0.25	0.3660254037844386	0.3660254037844386	0.3660254037844386	0.3660254037844386	0.3660254037844386	0.3660254037844386	0.34833147735478825	0.2843646522044218	0.2898979485566356	0.3660254037844386	0.3660254037844386	0.2898979485566356	0.3660254037844386	0.3660254037844386	0.3660254037844386	0.16952084719853722	0.3660254037844386	0.3660254037844386	0.09475243639282745	0.34833147735478825	0.3660254037844386	0.3660254037844386
he	1.0	1.0	1.0	1.0	1.0	0.5	1.0	0.1518442389903171	0.3164309725825328	0.3660254037844386	1.0	1.0	1.0	1.0	0.27429188517743175	1.0	1.0	1.0	1.0	1.0	1.0	0.585786437626905	0.353889367864523	0.33333333333333326	1.0	1.0	0.3660254037844386	1.0	0.5	1.0	0.17912878474779198	1.0	1.0	0.09322920013493871	0.585786437626905	1.0	1.0
hi	1.0	1.0	1.0	1.0	1.0	0.5	1.0	0.1518442389903171	0.3164309725825328	0.3660254037844386	1.0	1.0	1.0	1.0	0.27429188517743175	1.0	1.0	1.0	1.0	1.0	1.0	0.585786437626905	0.353889367864523	0.33333333333333326	1.0	1.0	0.3660254037844386	1.0	0.5	1.0	0.17912878474779198	1.0	1.0	0.09322920013493871	0.585786437626905	1.0	1.0
hu	1.0	1.0	0.2674788903885893	1.0	1.0	0.5	1.0	0.1518442389903171	0.3164309725825328	0.3660254037844386	1.0	1.0	1.0	1.0	0.27429188517743175	1.0	1.0	1.0	1.0	1.0	1.0	0.585786437626905	0.353889367864523	0.33333333333333326	1.0	1.0	0.3660254037844386	1.0	0.5	1.0	0.17912878474779198	1.0	1.0	0.09322920013493871	0.585786437626905	1.0	1.0
id	1.0	1.0	0.1680743603534397	1.0	1.0	0.5	1.0	0.1518442389903171	0.3164309725825328	0.3660254037844386	1.0	1.0	1.0	1.0	0.27429188517743175	1.0	1.0	1.0	1.0	1.0	1.0	0.585786437626905	0.353889367864523	0.33333333333333326	1.0	1.0	0.3660254037844386	1.0	0.5	1.0	0.17912878474779198	1.0	1.0	0.09322920013493871	0.585786437626905	1.0	1.0
it	0.27429188517743175	0.27429188517743175	0.02833753884569367	0.27429188517743175	0.27429188517743175	0.27429188517743175	0.27429188517743175	0.14278804318506438	0.25879836443327975	0.25	0.27429188517743175	0.27429188517743175	0.27429188517743175	0.27429188517743175	1.0	0.27429188517743175	0.27429188517743175	0.27429188517743175	0.27429188517743175	0.27429188517743175	0.27429188517743175	0.2674788903885893	0.2609157611023599	0.23166247903554	0.27429188517743175	0.27429188517743175	0.3333333333333333	0.27429188517743175	0.27429188517743175	0.27429188517743175	0.17573408380111566	0.27429188517743175	0.27429188517743175	0.0971223313796463	0.2674788903885893	0.27429188517743175	0.27429188517743175
ja	1.0	1.0	1.0	1.0	1.0	0.5	1.0	0.1518442389903171	0.3164309725825328	0.3660254037844386	1.0	1.0	1.0	1.0	0.27429188517743175	1.0	1.0	1.0	1.0	1.0	1.0	0.585786437626905	0.353889367864523	0.33333333333333326	1.0	1.0	0.3660254037844386	1.0	0.5	1.0	0.17912878474779198	1.0	1.0	0.09322920013493871	0.585786437626905	1.0	1.0
ko	1.0	1.0	1.0	1.0	1.0	0.5	1.0	0.1518442389903171	0.3164309725825328	0.3660254037844386	1.0	1.0	1.0	1.0	0.27429188517743175	1.0	1.0	1.0	1.0	1.0	1.0	0.585786437626905	0.353889367864523	0.33333333333333326	1.0	1.0	0.3660254037844386	1.0	0.5	1.0	0.17912878474779198	1.0	1.0	0.09322920013493871	0.585786437626905	1.0	1.0
lv	1.0	1.0	0.4142135623730951	1.0	1.0	0.5	1.0	0.1518442389903171	0.3164309725825328	0.3660254037844386	1.0	1.0	1.0	1.0	0.27429188517743175	1.0	1.0	1.0	1.0	1.0	1.0	0.585786437626905	0.353889367864523	0.33333333333333326	1.0	1.0	0.3660254037844386	1.0	0.5	1.0	0.17912878474779198	1.0	1.0	0.09322920013493871	0.585786437626905	1.0	1.0
mk	1.0	1.0	1.0	1.0	1.0	0.5	1.0	0.1518442389903171	0.3164309725825328	0.3660254037844386	1.0	1.0	1.0	1.0	0.27429188517743175	1.0	1.0	1.0	1.0	1.0	1.0	0.585786437626905	0.353889367864523	0.33333333333333326	1.0	1.0	0.3660254037844386	1.0	0.5	1.0	0.17912878474779198	1.0	1.0	0.09322920013493871	0.585786437626905	1.0	1.0
ml	1.0	1.0	1.0	1.0	1.0	0.5	1.0	0.1518442389903171	0.3164309725825328	0.3660254037844386	1.0	1.0	1.0	1.0	0.27429188517743175	1.0	1.0	1.0	1.0	1.0	1.0	0.585786437626905	0.353889367864523	0.33333333333333326	1.0	1.0	0.3660254037844386	1.0	0.5	1.0	0.17912878474779198	1.0	1.0	0.09322920013493871	0.585786437626905	1.0	1.0
mr	1.0	1.0	1.0	1.0	1.0	0.5	1.0	0.1518442389903171	0.3164309725825328	0.3660254037844386	1.0	1.0	1.0	1.0	0.27429188517743175	1.0	1.0	1.0	1.0	1.0	1.0	0.585786437626905	0.353889367864523	0.33333333333333326	1.0	1.0	0.3660254037844386	1.0	0.5	1.0	0.17912878474779198	1.0	1.0	0.09322920013493871	0.585786437626905	1.0	1.0
nl	0.585786437626905	0.585786437626905	0.06878380729278138	0.585786437626905	0.585786437626905	0.585786437626905	0.585786437626905	0.1526653036294598	0.30552726787943424	0.34833147735478825	0.585786437626905	0.585786437626905	0.585786437626905	0.585786437626905	0.2674788903885893	0.585786437626905	0.585786437626905	0.585786437626905	0.585786437626905	0.585786437626905	0.585786437626905	1.0	0.37926872769071385	0.3203772410170407	0.585786437626905	0.585786437626905	0.34833147735478825	0.585786437626905	0.585786437626905	0.585786437626905	0.1774053291584318	0.585786437626905	0.585786437626905	0.09300661941878766	0.5	0.585786437626905	0.585786437626905
pl	0.353889367864523	0.353889367864523	0.09167659655370052	0.353889367864523	0.353889367864523	0.35934098915336427	0.353889367864523	0.14929724529001573	0.2791745113185196	0.2843646522044218	0.353889367864523	0.353889367864523	0.353889367864523	0.353889367864523	0.2609157611023599	0.353889367864523	0.353889367864523	0.353889367864523	0.353889367864523	0.353889367864523	0.353889367864523	0.37926872769071385	1.0	0.26968623182294527	0.353889367864523	0.353889367864523	0.30528189970704067	0.353889367864523	0.35934098915336427	0.353889367864523	0.1784072567713403	0.353889367864523	0.353889367864523	0.09458894600035397	0.3380788308512194	0.353889367864523	0.353889367864523
pt	0.33333333333333326	0.33333333333333326	0.028653819880329497	0.33333333333333326	0.33333333333333326	0.3090169943749474	0.33333333333333326	0.14890295986933447	0.25355482027512377	0.2898979485566356	0.33333333333333326	0.33333333333333326	0.33333333333333326	0.33333333333333326	0.23166247903554	0.33333333333333326	0.33333333333333326	0.33333333333333326	0.33333333333333326	0.33333333333333326	0.33333333333333326	0.3203772410170407	0.26968623182294527	1.0	0.33333333333333326	0.33333333333333326	0.27429188517743175	0.33333333333333326	0.3090169943749474	0.33333333333333326	0.17912878474779198	0.33333333333333326	0.33333333333333326	0.09609453889247686	0.3203772410170407	0.33333333333333326	0.33333333333333326
ro	1.0	1.0	0.38742588672279304	1.0	1.0	0.5	1.0	0.1518442389903171	0.3164309725825328	0.3660254037844386	1.0	1.0	1.0	1.0	0.27429188517743175	1.0	1.0	1.0	1.0	1.0	1.0	0.585786437626905	0.353889367864523	0.33333333333333326	1.0	1.0	0.3660254037844386	1.0	0.5	1.0	0.17912878474779198	1.0	1.0	0.09322920013493871	0.585786437626905	1.0	1.0
ru	1.0	1.0	0.353889367864523	1.0	1.0	0.5	1.0	0.1518442389903171	0.3164309725825328	0.3660254037844386	1.0	1.0	1.0	1.0	0.27429188517743175	1.0	1.0	1.0	1.0	1.0	1.0	0.585786437626905	0.353889367864523	0.33333333333333326	1.0	1.0	0.3660254037844386	1.0	0.5	1.0	0.17912878474779198	1.0	1.0	0.09322920013493871	0.585786437626905	1.0	1.0
sh	0.3660254037844386	0.3660254037844386	0.04188733345230424	0.3660254037844386	0.3660254037844386	0.3333333333333333	0.3660254037844386	0.14602640382184875	0.30169764396087756	0.2898979485566356	0.3660254037844386	0.3660254037844386	0.3660254037844386	0.3660254037844386	0.3333333333333333	0.3660254037844386	0.3660254037844386	0.3660254037844386	0.3660254037844386	0.3660254037844386	0.3660254037844386	0.34833147735478825	0.30528189970704067	0.27429188517743175	0.3660254037844386	0.3660254037844386	1.0	0.3660254037844386	0.3333333333333333	0.3660254037844386	0.19074356983054616	0.3660254037844386	0.3660254037844386	0.09535262614202179	0.34833147735478825	0.3660254037844386	0.3660254037844386
si	1.0	1.0	0.585786437626905	1.0	1.0	0.5	1.0	0.1518442389903171	0.3164309725825328	0.3660254037844386	1.0	1.0	1.0	1.0	0.27429188517743175	1.0	1.0	1.0	1.0	1.0	1.0	0.585786437626905	0.353889367864523	0.33333333333333326	1.0	1.0	0.3660254037844386	1.0	0.5	1.0	0.17912878474779198	1.0	1.0	0.09322920013493871	0.585786437626905	1.0	1.0
simple	0.5	0.5	0.2193450929151803	0.5	0.5	1.0	0.5	0.1535006559075351	0.32008819945364486	0.3660254037844386	0.5	0.5	0.5	0.5	0.27429188517743175	0.5	0.5	0.5	0.5	0.5	0.5	0.585786437626905	0.35934098915336427	0.3090169943749474	0.5	0.5	0.3333333333333333	0.5	1.0	0.5	0.1757340838011157	0.5	0.5	0.09278567916769824	0.44948974278317805	0.5	0.5
sr	1.0	1.0	0.11696132920126338	1.0	1.0	0.5	1.0	0.1518442389903171	0.3164309725825328	0.3660254037844386	1.0	1.0	1.0	1.0	0.27429188517743175	1.0	1.0	1.0	1.0	1.0	1.0	0.585786437626905	0.353889367864523	0.33333333333333326	1.0	1.0	0.3660254037844386	1.0	0.5	1.0	0.17912878474779198	1.0	1.0	0.09322920013493871	0.585786437626905	1.0	1.0
sv	0.17912878474779198	0.17912878474779198	0.0964139418004572	0.17912878474779198	0.17912878474779198	0.1757340838011157	0.17912878474779198	0.1366897236256188	0.17144026352456576	0.16952084719853722	0.17912878474779198	0.17912878474779198	0.17912878474779198	0.17912878474779198	0.17573408380111566	0.17912878474779198	0.17912878474779198	0.17912878474779198	0.17912878474779198	0.17912878474779198	0.17912878474779198	0.1774053291584318	0.1784072567713403	0.17912878474779198	0.17912878474779198	0.17912878474779198	0.19074356983054616	0.17912878474779198	0.1757340838011157	0.17912878474779198	1.0	0.17912878474779198	0.17912878474779198	0.11230866021472022	0.17740532915843177	0.17912878474779198	0.17912878474779198
te	1.0	1.0	1.0	1.0	1.0	0.5	1.0	0.1518442389903171	0.3164309725825328	0.3660254037844386	1.0	1.0	1.0	1.0	0.27429188517743175	1.0	1.0	1.0	1.0	1.0	1.0	0.585786437626905	0.353889367864523	0.33333333333333326	1.0	1.0	0.3660254037844386	1.0	0.5	1.0	0.17912878474779198	1.0	1.0	0.09322920013493871	0.585786437626905	1.0	1.0
tr	1.0	1.0	0.3090169943749474	1.0	1.0	0.5	1.0	0.1518442389903171	0.3164309725825328	0.3660254037844386	1.0	1.0	1.0	1.0	0.27429188517743175	1.0	1.0	1.0	1.0	1.0	1.0	0.585786437626905	0.353889367864523	0.33333333333333326	1.0	1.0	0.3660254037844386	1.0	0.5	1.0	0.17912878474779198	1.0	1.0	0.09322920013493871	0.585786437626905	1.0	1.0
union	0.09322920013493871	0.09322920013493871	0.010580813150206205	0.09322920013493871	0.09322920013493871	0.09278567916769824	0.09322920013493871	0.10283235393255918	0.09527399409773832	0.09475243639282745	0.09322920013493871	0.09322920013493871	0.09322920013493871	0.09322920013493871	0.0971223313796463	0.09322920013493871	0.09322920013493871	0.09322920013493871	0.09322920013493871	0.09322920013493871	0.09322920013493871	0.09300661941878766	0.09458894600035397	0.09609453889247686	0.09322920013493871	0.09322920013493871	0.09535262614202179	0.09322920013493871	0.09278567916769824	0.09322920013493871	0.11230866021472022	0.09322920013493871	0.09322920013493871	1.0	0.09357293069125781	0.09322920013493871	0.09322920013493871
vi	0.585786437626905	0.585786437626905	0.585786437626905	0.585786437626905	0.585786437626905	0.44948974278317805	0.585786437626905	0.1534495314995826	0.30552726787943424	0.34833147735478825	0.585786437626905	0.585786437626905	0.585786437626905	0.585786437626905	0.2674788903885893	0.585786437626905	0.585786437626905	0.585786437626905	0.585786437626905	0.585786437626905	0.585786437626905	0.5	0.3380788308512194	0.3203772410170407	0.585786437626905	0.585786437626905	0.34833147735478825	0.585786437626905	0.44948974278317805	0.585786437626905	0.17740532915843177	0.585786437626905	0.585786437626905	0.09357293069125781	1.0	0.585786437626905	0.585786437626905
war	1.0	1.0	1.0	1.0	1.0	0.5	1.0	0.1518442389903171	0.3164309725825328	0.3660254037844386	1.0	1.0	1.0	1.0	0.27429188517743175	1.0	1.0	1.0	1.0	1.0	1.0	0.585786437626905	0.353889367864523	0.33333333333333326	1.0	1.0	0.3660254037844386	1.0	0.5	1.0	0.17912878474779198	1.0	1.0	0.09322920013493871	0.585786437626905	1.0	1.0
zh	1.0	1.0	1.0	1.0	1.0	0.5	1.0	0.1518442389903171	0.3164309725825328	0.3660254037844386	1.0	1.0	1.0	1.0	0.27429188517743175	1.0	1.0	1.0	1.0	1.0	1.0	0.585786437626905	0.353889367864523	0.33333333333333326	1.0	1.0	0.3660254037844386	1.0	0.5	1.0	0.17912878474779198	1.0	1.0	0.09322920013493871	0.585786437626905	1.0	1.0
