arz	bs	ceb	ckb	da	de	el	en	es	fr	he	hi	hu	id	it	ja	ko	lv	mk	ml	mr	nl	pl	pt	ro	ru	sh	si	simple	sr	sv	te	tr	union	vi	war	zh
arz	1.0	0.7692307692307692	0.6666666666666666	0.8	0.7096774193548386	0.5142857142857143	0.7272727272727273	0.5070422535211268	0.5106382978723405	0.509090909090909	0.7272727272727273	0.7272727272727273	0.6896551724137931	0.7058823529411764	0.5121951219512195	0.7058823529411764	0.7058823529411764	0.7692307692307692	0.7368421052631579	0.7096774193548386	0.7368421052631579	0.5217391304347826	0.5128205128205129	0.5128205128205129	0.7142857142857143	0.684931506849315	0.5294117647058824	0.8	0.5384615384615384	0.7	0.5161290322580645	0.7368421052631579	0.7272727272727273	0.5086206896551724	0.5263157894736842	0.7692307692307692	0.7027027027027026
bs	0.7692307692307692	1.0	0.52	0.9090909090909091	0.8	0.5428571428571428	0.782608695652174	0.5211267605633803	0.5319148936170213	0.5272727272727272	0.8571428571428571	0.8571428571428571	0.7368421052631579	0.787878787878788	0.5365853658536585	0.787878787878788	0.787878787878788	1.0	0.8	0.8	0.8	0.5652173913043479	0.5384615384615384	0.5384615384615384	0.8148148148148148	0.7222222222222222	0.5555555555555556	0.9090909090909091	0.6153846153846154	0.7692307692307692	0.5483870967741935	0.8	0.8571428571428571	0.5128205128205129	0.5789473684210527	1.0	0.7368421052631579
ceb	0.6666666666666666	0.52	1.0	0.7027027027027026	0.5068493150684932	0.5026455026455027	0.6842105263157894	0.5017543859649123	0.5025380710659899	0.5024390243902439	0.6745562130177515	0.6857142857142857	0.5111111111111111	0.5050505050505051	0.503030303030303	0.6733668341708543	0.6758620689655173	0.5128205128205129	0.6666666666666666	0.6938775510204082	0.6666666666666666	0.5032679738562091	0.5030674846625767	0.5027932960893855	0.5076923076923077	0.5	0.5060240963855421	0.5	0.5070422535211268	0.5042735042735043	0.5034965034965034	0.6956521739130435	0.5056179775280899	0.5014409221902018	0.5063291139240506	0.6666666666666666	0.6741573033707865
ckb	0.8	0.9090909090909091	0.7027027027027026	1.0	0.7586206896551725	0.5294117647058824	0.7272727272727273	0.5142857142857143	0.5217391304347826	0.5185185185185185	0.8	0.8	0.7142857142857143	0.75	0.525	0.75	0.75	0.9090909090909091	0.7368421052631579	0.7586206896551725	0.7368421052631579	0.5454545454545455	0.5263157894736842	0.5263157894736842	0.7692307692307692	0.7042253521126761	0.5294117647058824	0.8	0.5833333333333333	0.7368421052631579	0.5333333333333333	0.7368421052631579	0.8	0.5086206896551724	0.5555555555555556	0.9090909090909091	0.7428571428571428
da	0.7096774193548386	0.8	0.5068493150684932	0.7586206896551725	1.0	0.5952380952380952	0.8108108108108107	0.5512820512820512	0.5636363636363636	0.5555555555555556	0.9090909090909091	0.8108108108108107	0.7605633802816901	0.7755102040816326	0.5714285714285714	0.8444444444444446	0.8444444444444446	0.8	0.7777777777777779	0.8181818181818181	0.7777777777777779	0.5757575757575757	0.5625	0.574468085106383	0.8292682926829269	0.7804878048780488	0.5333333333333333	0.7586206896551725	0.5833333333333333	0.823529411764706	0.5897435897435898	0.7777777777777779	0.8108108108108107	0.5365853658536585	0.6071428571428572	0.8	0.7692307692307692
de	0.5142857142857143	0.5428571428571428	0.5026455026455027	0.5294117647058824	0.5952380952380952	1.0	0.55	0.5747126436781609	0.6312292358803987	0.6194690265486725	0.5789473684210527	0.55	0.5573770491803278	0.5652173913043479	0.624380574826561	0.5777777777777777	0.5909090909090909	0.5428571428571428	0.5526315789473684	0.5555555555555556	0.5384615384615384	0.6372549019607843	0.6397849462365591	0.5862068965517242	0.5714285714285714	0.582089552238806	0.5609756097560976	0.5294117647058824	0.7342657342657343	0.5957446808510638	0.5882352941176471	0.5384615384615384	0.5789473684210527	0.5724979948311203	0.5853658536585366	0.5428571428571428	0.574468085106383
el	0.7272727272727273	0.782608695652174	0.6842105263157894	0.7272727272727273	0.8108108108108107	0.55	1.0	0.5405405405405405	0.56	0.5517241379310345	0.8571428571428571	0.8571428571428571	0.75	0.8	0.5681818181818182	0.8	0.8421052631578947	0.782608695652174	0.7586206896551725	0.8571428571428571	0.8800000000000001	0.5714285714285714	0.5333333333333333	0.5714285714285714	0.823529411764706	0.7532467532467533	0.5416666666666666	0.8	0.55	0.8181818181818181	0.5882352941176471	0.8148148148148148	0.75	0.525	0.5833333333333333	0.782608695652174	0.7906976744186047
en	0.5070422535211268	0.5211267605633803	0.5017543859649123	0.5142857142857143	0.5512820512820512	0.5747126436781609	0.5405405405405405	1.0	0.6000000000000001	0.6572769953051644	0.5405405405405405	0.5405405405405405	0.5531914893617021	0.5569620253164557	0.5896751223854028	0.5641025641025641	0.5641025641025641	0.5211267605633803	0.5342465753424658	0.5512820512820512	0.5342465753424658	0.5582990397805213	0.5777777777777777	0.6009244992295839	0.5526315789473684	0.6063829787234043	0.5324675324675325	0.5142857142857143	0.5342465753424658	0.5609756097560976	0.611764705882353	0.5342465753424658	0.5405405405405405	0.7492281303602057	0.5538461538461539	0.5211267605633803	0.5625
es	0.5106382978723405	0.5319148936170213	0.5025380710659899	0.5217391304347826	0.5636363636363636	0.6312292358803987	0.56	0.6000000000000001	1.0	0.6351606805293006	0.56	0.56	0.5714285714285714	0.5714285714285714	0.6676535899333826	0.5614035087719298	0.5818181818181818	0.5319148936170213	0.54	0.5636363636363636	0.5510204081632653	0.5714285714285714	0.6214689265536723	0.5970149253731343	0.5660377358490566	0.5844155844155844	0.610032362459547	0.5217391304347826	0.5869565217391304	0.5964912280701754	0.6147540983606558	0.5510204081632653	0.56	0.6077431223346433	0.5660377358490566	0.5319148936170213	0.5892857142857143
fr	0.509090909090909	0.5272727272727272	0.5024390243902439	0.5185185185185185	0.5555555555555556	0.6194690265486725	0.5517241379310345	0.6572769953051644	0.6351606805293006	1.0	0.5517241379310345	0.5517241379310345	0.5641025641025641	0.5625	0.6168224299065421	0.5806451612903225	0.5714285714285714	0.5272727272727272	0.5344827586206896	0.5555555555555556	0.543859649122807	0.5625	0.5866666666666667	0.6076360682372055	0.5573770491803278	0.6049382716049383	0.540983606557377	0.5185185185185185	0.5788381742738589	0.5757575757575757	0.5797101449275363	0.543859649122807	0.5517241379310345	0.6208634848361656	0.5666666666666667	0.5272727272727272	0.5873015873015873
he	0.7272727272727273	0.8571428571428571	0.6745562130177515	0.8	0.9090909090909091	0.5789473684210527	0.8571428571428571	0.5405405405405405	0.56	0.5517241379310345	1.0	0.8571428571428571	0.7741935483870968	0.8	0.5681818181818182	0.8888888888888888	0.8421052631578947	0.8571428571428571	0.8148148148148148	0.8571428571428571	0.8148148148148148	0.5714285714285714	0.5581395348837209	0.5714285714285714	0.875	0.7733333333333333	0.5416666666666666	0.8	0.5789473684210527	0.8571428571428571	0.5882352941176471	0.8148148148148148	0.8	0.525	0.6086956521739131	0.8571428571428571	0.7906976744186047
hi	0.7272727272727273	0.8571428571428571	0.6857142857142857	0.8	0.8108108108108107	0.55	0.8571428571428571	0.5405405405405405	0.56	0.5517241379310345	0.8571428571428571	1.0	0.75	0.8421052631578947	0.5555555555555556	0.8	0.8421052631578947	0.8571428571428571	0.7586206896551725	0.9090909090909091	0.9565217391304348	0.5517241379310345	0.5454545454545455	0.5581395348837209	0.7777777777777779	0.7733333333333333	0.5416666666666666	0.8	0.5789473684210527	0.782608695652174	0.5714285714285714	0.8800000000000001	0.8	0.525	0.5833333333333333	0.8571428571428571	0.8292682926829269
hu	0.6896551724137931	0.7368421052631579	0.5111111111111111	0.7142857142857143	0.7605633802816901	0.5573770491803278	0.75	0.5531914893617021	0.5714285714285714	0.5641025641025641	0.7741935483870968	0.75	1.0	0.7777777777777779	0.578125	0.7567567567567568	0.8	0.7368421052631579	0.7540983606557377	0.7605633802816901	0.7301587301587302	0.5384615384615384	0.5806451612903225	0.5806451612903225	0.787878787878788	0.780952380952381	0.5555555555555556	0.7142857142857143	0.5348837209302326	0.8108108108108107	0.5925925925925926	0.7076923076923076	0.75	0.5681818181818182	0.5416666666666666	0.7368421052631579	0.7532467532467533
id	0.7058823529411764	0.787878787878788	0.5050505050505051	0.75	0.7755102040816326	0.5652173913043479	0.8	0.5569620253164557	0.5714285714285714	0.5625	0.8	0.8421052631578947	0.7777777777777779	1.0	0.5686274509803921	0.7692307692307692	0.8333333333333334	0.787878787878788	0.7692307692307692	0.8837209302325582	0.8108108108108107	0.5555555555555556	0.5714285714285714	0.56	0.8181818181818181	0.7951807228915663	0.5666666666666667	0.75	0.5555555555555556	0.8148148148148148	0.5714285714285714	0.7692307692307692	0.8	0.5403225806451613	0.5625	0.787878787878788	0.8571428571428571
it	0.5121951219512195	0.5365853658536585	0.503030303030303	0.525	0.5714285714285714	0.624380574826561	0.5681818181818182	0.5896751223854028	0.6676535899333826	0.6168224299065421	0.5681818181818182	0.5555555555555556	0.578125	0.5686274509803921	1.0	0.5800000000000001	0.5918367346938775	0.5365853658536585	0.5454545454545455	0.56	0.5454545454545455	0.5800000000000001	0.6594746716697937	0.6166666666666667	0.574468085106383	0.6000000000000001	0.6920152091254753	0.525	0.577086280056577	0.62	0.6655076495132128	0.5333333333333333	0.5681818181818182	0.625	0.5625	0.5365853658536585	0.5660377358490566
ja	0.7058823529411764	0.787878787878788	0.6733668341708543	0.75	0.8444444444444446	0.5777777777777777	0.8	0.5641025641025641	0.5614035087719298	0.5806451612903225	0.8888888888888888	0.8	0.7567567567567568	0.7692307692307692	0.5800000000000001	1.0	0.8	0.787878787878788	0.7692307692307692	0.8085106382978723	0.7692307692307692	0.5882352941176471	0.5714285714285714	0.5714285714285714	0.8181818181818181	0.7764705882352941	0.53125	0.75	0.5769230769230769	0.8148148148148148	0.5714285714285714	0.7692307692307692	0.7619047619047619	0.5403225806451613	0.5806451612903225	0.787878787878788	0.7924528301886793
ko	0.7058823529411764	0.787878787878788	0.6758620689655173	0.75	0.8444444444444446	0.5909090909090909	0.8421052631578947	0.5641025641025641	0.5818181818181818	0.5714285714285714	0.8421052631578947	0.8421052631578947	0.8	0.8333333333333334	0.5918367346938775	0.8	1.0	0.787878787878788	0.8108108108108107	0.8444444444444446	0.8108108108108107	0.5714285714285714	0.5714285714285714	0.5957446808510638	0.8181818181818181	0.8354430379746836	0.5666666666666667	0.75	0.5769230769230769	0.8461538461538461	0.6153846153846154	0.7692307692307692	0.8421052631578947	0.5403225806451613	0.6000000000000001	0.787878787878788	0.823529411764706
lv	0.7692307692307692	1.0	0.5128205128205129	0.9090909090909091	0.8	0.5428571428571428	0.782608695652174	0.5211267605633803	0.5319148936170213	0.5272727272727272	0.8571428571428571	0.8571428571428571	0.7368421052631579	0.787878787878788	0.5365853658536585	0.787878787878788	0.787878787878788	1.0	0.8	0.8	0.8	0.5652173913043479	0.5384615384615384	0.5384615384615384	0.8148148148148148	0.7222222222222222	0.5555555555555556	0.9090909090909091	0.6153846153846154	0.7692307692307692	0.5483870967741935	0.8	0.8571428571428571	0.5128205128205129	0.5789473684210527	1.0	0.7368421052631579
mk	0.7368421052631579	0.8	0.6666666666666666	0.7368421052631579	0.7777777777777779	0.5526315789473684	0.7586206896551725	0.5342465753424658	0.54	0.5344827586206896	0.8148148148148148	0.7586206896551725	0.7540983606557377	0.7692307692307692	0.5454545454545455	0.7692307692307692	0.8108108108108107	0.8	1.0	0.7368421052631579	0.7692307692307692	0.5357142857142857	0.5476190476190476	0.5476190476190476	0.787878787878788	0.7567567567567568	0.5714285714285714	0.823529411764706	0.5555555555555556	0.7906976744186047	0.5588235294117647	0.7692307692307692	0.7586206896551725	0.5210084033613445	0.5416666666666666	0.8	0.7272727272727273
ml	0.7096774193548386	0.8	0.6938775510204082	0.7586206896551725	0.8181818181818181	0.5555555555555556	0.8571428571428571	0.5512820512820512	0.5636363636363636	0.5555555555555556	0.8571428571428571	0.9090909090909091	0.7605633802816901	0.8837209302325582	0.56	0.8085106382978723	0.8444444444444446	0.8	0.7368421052631579	1.0	0.875	0.5588235294117647	0.5510204081632653	0.5625	0.8292682926829269	0.7804878048780488	0.5333333333333333	0.7586206896551725	0.56	0.7924528301886793	0.5750000000000001	0.823529411764706	0.7692307692307692	0.5365853658536585	0.5862068965517242	0.8	0.8333333333333334
mr	0.7368421052631579	0.8	0.6666666666666666	0.7368421052631579	0.7777777777777779	0.5384615384615384	0.8800000000000001	0.5342465753424658	0.5510204081632653	0.543859649122807	0.8148148148148148	0.9565217391304348	0.7301587301587302	0.8108108108108107	0.5454545454545455	0.7692307692307692	0.8108108108108107	0.8	0.7692307692307692	0.875	1.0	0.5357142857142857	0.5348837209302326	0.5476190476190476	0.7428571428571428	0.7567567567567568	0.5454545454545455	0.823529411764706	0.5555555555555556	0.7555555555555555	0.5588235294117647	0.9090909090909091	0.7586206896551725	0.5210084033613445	0.5652173913043479	0.8	0.8
nl	0.5217391304347826	0.5652173913043479	0.5032679738562091	0.5454545454545455	0.5757575757575757	0.6372549019607843	0.5714285714285714	0.5582990397805213	0.5714285714285714	0.5625	0.5714285714285714	0.5517241379310345	0.5384615384615384	0.5555555555555556	0.5800000000000001	0.5882352941176471	0.5714285714285714	0.5652173913043479	0.5357142857142857	0.5588235294117647	0.5357142857142857	1.0	0.6315789473684211	0.6131386861313869	0.5806451612903225	0.55	0.5483870967741935	0.5454545454545455	0.7058823529411765	0.5789473684210527	0.5930807248764415	0.5357142857142857	0.5714285714285714	0.5471184531631312	0.5806451612903225	0.5652173913043479	0.5526315789473684
pl	0.5128205128205129	0.5384615384615384	0.5030674846625767	0.5263157894736842	0.5625	0.6397849462365591	0.5333333333333333	0.5777777777777777	0.6214689265536723	0.5866666666666667	0.5581395348837209	0.5454545454545455	0.5806451612903225	0.5714285714285714	0.6594746716697937	0.5714285714285714	0.5714285714285714	0.5384615384615384	0.5476190476190476	0.5510204081632653	0.5348837209302326	0.6315789473684211	1.0	0.5901639344262295	0.5652173913043479	0.6029411764705882	0.6172839506172839	0.5263157894736842	0.6188340807174888	0.6000000000000001	0.6196950968273589	0.5348837209302326	0.5714285714285714	0.5830712788259957	0.5531914893617021	0.5384615384615384	0.5576923076923077
pt	0.5128205128205129	0.5384615384615384	0.5027932960893855	0.5263157894736842	0.574468085106383	0.5862068965517242	0.5714285714285714	0.6009244992295839	0.5970149253731343	0.6076360682372055	0.5714285714285714	0.5581395348837209	0.5806451612903225	0.56	0.6166666666666667	0.5714285714285714	0.5957446808510638	0.5384615384615384	0.5476190476190476	0.5625	0.5476190476190476	0.6131386861313869	0.5901639344262295	1.0	0.5777777777777777	0.5942028985507246	0.5681818181818182	0.5263157894736842	0.5476190476190476	0.6122448979591837	0.6669288242233582	0.5348837209302326	0.5581395348837209	0.6043256997455471	0.5652173913043479	0.5384615384615384	0.5686274509803921
ro	0.7142857142857143	0.8148148148148148	0.5076923076923077	0.7692307692307692	0.8292682926829269	0.5714285714285714	0.823529411764706	0.5526315789473684	0.5660377358490566	0.5573770491803278	0.875	0.7777777777777779	0.787878787878788	0.8181818181818181	0.574468085106383	0.8181818181818181	0.8181818181818181	0.8148148148148148	0.787878787878788	0.8292682926829269	0.7428571428571428	0.5806451612903225	0.5652173913043479	0.5777777777777777	1.0	0.7654320987654322	0.5555555555555556	0.7692307692307692	0.5652173913043479	0.8695652173913044	0.5945945945945946	0.7428571428571428	0.823529411764706	0.5327868852459017	0.5714285714285714	0.8148148148148148	0.7450980392156863
ru	0.684931506849315	0.7222222222222222	0.5	0.7042253521126761	0.7804878048780488	0.582089552238806	0.7532467532467533	0.6063829787234043	0.5844155844155844	0.6049382716049383	0.7733333333333333	0.7733333333333333	0.780952380952381	0.7951807228915663	0.6000000000000001	0.7764705882352941	0.8354430379746836	0.7222222222222222	0.7567567567567568	0.7804878048780488	0.7567567567567568	0.55	0.6029411764705882	0.5942028985507246	0.7654320987654322	1.0	0.5555555555555556	0.7042253521126761	0.5384615384615384	0.823529411764706	0.5873015873015873	0.7368421052631579	0.7733333333333333	0.5839416058394161	0.5636363636363636	0.7222222222222222	0.7906976744186047
sh	0.5294117647058824	0.5555555555555556	0.5060240963855421	0.5294117647058824	0.5333333333333333	0.5609756097560976	0.5416666666666666	0.5324675324675325	0.610032362459547	0.540983606557377	0.5416666666666666	0.5416666666666666	0.5555555555555556	0.5666666666666667	0.6920152091254753	0.53125	0.5666666666666667	0.5555555555555556	0.5714285714285714	0.5333333333333333	0.5454545454545455	0.5483870967741935	0.6172839506172839	0.5681818181818182	0.5555555555555556	0.5555555555555556	1.0	0.5625	0.5454545454545455	0.6129032258064516	0.6282051282051282	0.5454545454545455	0.5909090909090909	0.5480380163733886	0.5357142857142857	0.5555555555555556	0.5454545454545455
si	0.8	0.9090909090909091	0.5	0.8	0.7586206896551725	0.5294117647058824	0.8	0.5142857142857143	0.5217391304347826	0.5185185185185185	0.8	0.8	0.7142857142857143	0.75	0.525	0.75	0.75	0.9090909090909091	0.823529411764706	0.7586206896551725	0.823529411764706	0.5454545454545455	0.5263157894736842	0.5263157894736842	0.7692307692307692	0.7042253521126761	0.5625	1.0	0.5833333333333333	0.7368421052631579	0.5333333333333333	0.823529411764706	0.8	0.5086206896551724	0.5555555555555556	0.9090909090909091	0.7027027027027026
simple	0.5384615384615384	0.6153846153846154	0.5070422535211268	0.5833333333333333	0.5833333333333333	0.7342657342657343	0.55	0.5342465753424658	0.5869565217391304	0.5788381742738589	0.5789473684210527	0.5789473684210527	0.5348837209302326	0.5555555555555556	0.577086280056577	0.5769230769230769	0.5769230769230769	0.6153846153846154	0.5555555555555556	0.56	0.5555555555555556	0.7058823529411765	0.6188340807174888	0.5476190476190476	0.5652173913043479	0.5384615384615384	0.5454545454545455	0.5833333333333333	1.0	0.5483870967741935	0.5588235294117647	0.5555555555555556	0.6111111111111112	0.5273242741225926	0.5909090909090909	0.6153846153846154	0.5333333333333333
sr	0.7	0.7692307692307692	0.5042735042735043	0.7368421052631579	0.823529411764706	0.5957446808510638	0.8181818181818181	0.5609756097560976	0.5964912280701754	0.5757575757575757	0.8571428571428571	0.782608695652174	0.8108108108108107	0.8148148148148148	0.62	0.8148148148148148	0.8461538461538461	0.7692307692307692	0.7906976744186047	0.7924528301886793	0.7555555555555555	0.5789473684210527	0.6000000000000001	0.6122448979591837	0.8695652173913044	0.823529411764706	0.6129032258064516	0.7368421052631579	0.5483870967741935	1.0	0.6341463414634146	0.7555555555555555	0.8181818181818181	0.5476190476190476	0.5714285714285714	0.7692307692307692	0.8070175438596492
sv	0.5161290322580645	0.5483870967741935	0.5034965034965034	0.5333333333333333	0.5897435897435898	0.5882352941176471	0.5882352941176471	0.611764705882353	0.6147540983606558	0.5797101449275363	0.5882352941176471	0.5714285714285714	0.5925925925925926	0.5714285714285714	0.6655076495132128	0.5714285714285714	0.6153846153846154	0.5483870967741935	0.5588235294117647	0.5750000000000001	0.5588235294117647	0.5930807248764415	0.6196950968273589	0.6669288242233582	0.5945945945945946	0.5873015873015873	0.6282051282051282	0.5333333333333333	0.5588235294117647	0.6341463414634146	1.0	0.5428571428571428	0.5714285714285714	0.6817193008776535	0.5789473684210527	0.5483870967741935	0.5681818181818182
te	0.7368421052631579	0.8	0.6956521739130435	0.7368421052631579	0.7777777777777779	0.5384615384615384	0.8148148148148148	0.5342465753424658	0.5510204081632653	0.543859649122807	0.8148148148148148	0.8800000000000001	0.7076923076923076	0.7692307692307692	0.5333333333333333	0.7692307692307692	0.7692307692307692	0.8	0.7692307692307692	0.823529411764706	0.9090909090909091	0.5357142857142857	0.5348837209302326	0.5348837209302326	0.7428571428571428	0.7368421052631579	0.5454545454545455	0.823529411764706	0.5555555555555556	0.7555555555555555	0.5428571428571428	1.0	0.7586206896551725	0.5210084033613445	0.5652173913043479	0.8	0.8
tr	0.7272727272727273	0.8571428571428571	0.5056179775280899	0.8	0.8108108108108107	0.5789473684210527	0.75	0.5405405405405405	0.56	0.5517241379310345	0.8	0.8	0.75	0.8	0.5681818181818182	0.7619047619047619	0.8421052631578947	0.8571428571428571	0.7586206896551725	0.7692307692307692	0.7586206896551725	0.5714285714285714	0.5714285714285714	0.5581395348837209	0.823529411764706	0.7733333333333333	0.5909090909090909	0.8	0.6111111111111112	0.8181818181818181	0.5714285714285714	0.7586206896551725	1.0	0.525	0.5833333333333333	0.8571428571428571	0.7555555555555555
union	0.5086206896551724	0.5128205128205129	0.5014409221902018	0.5086206896551724	0.5365853658536585	0.5724979948311203	0.525	0.7492281303602057	0.6077431223346433	0.6208634848361656	0.525	0.525	0.5681818181818182	0.5403225806451613	0.625	0.5403225806451613	0.5403225806451613	0.5128205128205129	0.5210084033613445	0.5365853658536585	0.5210084033613445	0.5471184531631312	0.5830712788259957	0.6043256997455471	0.5327868852459017	0.5839416058394161	0.5480380163733886	0.5086206896551724	0.5273242741225926	0.5476190476190476	0.6817193008776535	0.5210084033613445	0.525	1.0	0.5361081806847607	0.5128205128205129	0.5439999999999999
vi	0.5263157894736842	0.5789473684210527	0.5063291139240506	0.5555555555555556	0.6071428571428572	0.5853658536585366	0.5833333333333333	0.5538461538461539	0.5660377358490566	0.5666666666666667	0.6086956521739131	0.5833333333333333	0.5416666666666666	0.5625	0.5625	0.5806451612903225	0.6000000000000001	0.5789473684210527	0.5416666666666666	0.5862068965517242	0.5652173913043479	0.5806451612903225	0.5531914893617021	0.5652173913043479	0.5714285714285714	0.5636363636363636	0.5357142857142857	0.5555555555555556	0.5909090909090909	0.5714285714285714	0.5789473684210527	0.5652173913043479	0.5833333333333333	0.5361081806847607	1.0	0.5789473684210527	0.5757575757575757
war	0.7692307692307692	1.0	0.6666666666666666	0.9090909090909091	0.8	0.5428571428571428	0.782608695652174	0.5211267605633803	0.5319148936170213	0.5272727272727272	0.8571428571428571	0.8571428571428571	0.7368421052631579	0.787878787878788	0.5365853658536585	0.787878787878788	0.787878787878788	1.0	0.8	0.8	0.8	0.5652173913043479	0.5384615384615384	0.5384615384615384	0.8148148148148148	0.7222222222222222	0.5555555555555556	0.9090909090909091	0.6153846153846154	0.7692307692307692	0.5483870967741935	0.8	0.8571428571428571	0.5128205128205129	0.5789473684210527	1.0	0.7368421052631579
zh	0.7027027027027026	0.7368421052631579	0.6741573033707865	0.7428571428571428	0.7692307692307692	0.574468085106383	0.7906976744186047	0.5625	0.5892857142857143	0.5873015873015873	0.7906976744186047	0.8292682926829269	0.7532467532467533	0.8571428571428571	0.5660377358490566	0.7924528301886793	0.823529411764706	0.7368421052631579	0.7272727272727273	0.8333333333333334	0.8	0.5526315789473684	0.5576923076923077	0.5686274509803921	0.7450980392156863	0.7906976744186047	0.5454545454545455	0.7027027027027026	0.5333333333333333	0.8070175438596492	0.5681818181818182	0.8	0.7555555555555555	0.5439999999999999	0.5757575757575757	0.7368421052631579	1.0
