arz	bs	ceb	ckb	da	de	el	en	es	fr	he	hi	hu	id	it	ja	ko	lv	mk	ml	mr	nl	pl	pt	ro	ru	sh	si	simple	sr	sv	te	vi	war	zh
arz	1.0	0.5666666666666667	0.5263157894736842	0.56	0.5383602239051696	0.5245901639344263	0.5555555555555556	0.5109717868338558	0.5217391304347826	0.5191256830601093	0.5306122448979592	0.5256410256410257	0.5526770293609672	0.5289268991138114	0.5191638933552705	0.5220588235294117	0.5308755760368663	0.5581395348837209	0.5681818181818182	0.5587106676899463	0.5370370370370371	0.535031847133758	0.5336483293958826	0.5284552845528455	0.5421686746987951	0.5211349160393747	0.5576923076923077	0.5135135135135135	0.5333333333333333	0.5552156177156178	0.5178571428571429	0.5348837209302326	0.5443037974683544	0.625	0.525698815566836
bs	0.5666666666666667	1.0	0.5476190476190476	0.5666666666666667	0.5517241379310345	0.5317460317460317	0.5671641791044776	0.515527950310559	0.5272727272727272	0.5240641711229946	0.55	0.55	0.5512820512820512	0.5343511450381679	0.5227272727272727	0.5285714285714286	0.536	0.5869565217391304	0.56	0.5576923076923077	0.5517241379310345	0.5383896381359327	0.541410833674444	0.5354330708661417	0.5454545454545455	0.5254237288135593	0.5714285714285714	0.55	0.5425531914893617	0.5555555555555556	0.5294117647058824	0.5416666666666666	0.5542168674698795	0.5625	0.5314685314685315
ceb	0.5263157894736842	0.5476190476190476	1.0	0.5405405405405405	0.5722903288577544	0.5560072549878041	0.5394736842105263	0.5201634350369905	0.5411314566821536	0.5399713488207233	0.565752936988252	0.5529411764705883	0.5891141942369265	0.5451404369148461	0.5337078651685393	0.5421805624074988	0.5398591027067111	0.5926481620405101	0.5636363636363636	0.5423728813559322	0.5417207090358841	0.55	0.5602716468590832	0.5475255580317663	0.5675074183976261	0.5386939631251156	0.5645161290322581	0.5208333333333334	0.5571605447791993	0.5605339161657951	0.5386860338182546	0.5178571428571429	0.5568181818181818	0.5384615384615384	0.5398488826719562
ckb	0.56	0.5666666666666667	0.5405405405405405	1.0	0.5357142857142857	0.5289256198347108	0.5384615384615384	0.5109717868338558	0.5185185185185185	0.5191256830601093	0.5306122448979592	0.5394736842105263	0.5405405405405405	0.5234375	0.5192330131072304	0.5220588235294117	0.5245901639344263	0.5714285714285714	0.5555555555555556	0.5531914893617021	0.552719006819374	0.5263157894736842	0.5267857142857143	0.5260567616339475	0.5357142857142857	0.5172413793103449	0.5471698113207547	0.5277777777777778	0.5274725274725275	0.5441176470588236	0.5178571428571429	0.5476190476190476	0.5375	0.5555555555555556	0.5214285714285714
da	0.5383602239051696	0.5517241379310345	0.5722903288577544	0.5357142857142857	1.0	0.5975108345371709	0.584070796460177	0.5555657589083772	0.5910425844346548	0.5841148643040917	0.6156878106103263	0.5835821805106953	0.6226093167208951	0.5950930280106318	0.5796089385474861	0.5828571428571429	0.5959975646557429	0.5913978494623656	0.5714285714285714	0.5630469371519491	0.5504587155963303	0.6008912294915941	0.6122448979591837	0.605887162714636	0.608	0.5851956682254492	0.5825242718446602	0.5376344086021506	0.6069162629477226	0.5933048433048433	0.583628553336414	0.5319037656903766	0.6066955135504442	0.5411764705882353	0.598267784660414
de	0.5245901639344263	0.5317460317460317	0.5560072549878041	0.5289256198347108	0.5975108345371709	1.0	0.5782312925170068	0.5775594543108217	0.6146788990825688	0.6235422740524782	0.6047244094488189	0.5723270440251572	0.6043760562127546	0.6016897269499204	0.6024191324218904	0.6139214046822743	0.5982178217821783	0.556390977443609	0.56124894017031	0.5629267035939713	0.5567042988466508	0.6176362297496318	0.618508078630778	0.6196202115776333	0.6027450472614269	0.604988695208227	0.5642857142857143	0.5307692307692308	0.6116191354842211	0.5936737861207597	0.5959392891992616	0.5367647058823529	0.5901514510533886	0.5327868852459017	0.6152788799455844
el	0.5555555555555556	0.5671641791044776	0.5394736842105263	0.5384615384615384	0.584070796460177	0.5782312925170068	1.0	0.5411764705882353	0.5645161290322581	0.5576923076923077	0.5809755911808385	0.5849056603773585	0.580952380952381	0.5693342257067279	0.5612244897959184	0.5750000000000001	0.5666666666666667	0.5769230769230769	0.5919117647058824	0.5938433264415346	0.5747126436781609	0.5704225352112676	0.5714285714285714	0.5832963915240713	0.5789473684210527	0.5634517766497462	0.5747126436781609	0.5333333333333333	0.5798319327731092	0.5918367346938775	0.5625	0.5641025641025641	0.5871559633027523	0.5625	0.5696969696969697
en	0.5109717868338558	0.515527950310559	0.5201634350369905	0.5109717868338558	0.5555657589083772	0.5775594543108217	0.5411764705882353	1.0	0.5954648610728724	0.6086068329970769	0.5639358331132823	0.5491329479768786	0.5490624552209781	0.5835018859673099	0.5929985015912497	0.5851922255037667	0.5704637129756436	0.5258358662613982	0.525679758308157	0.5295592093301125	0.5336072145710494	0.5720311135144129	0.5698219066091723	0.5768041204971035	0.5554079062713068	0.6005620657860881	0.5329341317365269	0.5185185185185185	0.561102378835208	0.54509635435769	0.5894092594942956	0.524390243902439	0.5528496748693102	0.5125000000000001	0.586000746666934
es	0.5217391304347826	0.5272727272727272	0.5411314566821536	0.5185185185185185	0.5910425844346548	0.6146788990825688	0.5645161290322581	0.5954648610728724	1.0	0.6272401433691757	0.5935747446610956	0.5634517766497462	0.5921052631578947	0.5930735930735931	0.6017357762777241	0.6101710090428865	0.5973706955374608	0.5465116279069767	0.5465198863636364	0.5454545454545455	0.5439560439560439	0.616305277065361	0.6038961038961039	0.6136363636363635	0.5835636783695697	0.6186291739894552	0.553072625698324	0.5266272189349113	0.5931059096451834	0.5712465125891227	0.585820895522388	0.5284090909090908	0.5824742268041238	0.5246913580246914	0.6117512617845919
fr	0.5191256830601093	0.5240641711229946	0.5399713488207233	0.5191256830601093	0.5841148643040917	0.6235422740524782	0.5576923076923077	0.6086068329970769	0.6272401433691757	1.0	0.5997580290365156	0.5641821054143329	0.5830639948287007	0.5997198505869797	0.5984664598370011	0.6017545896983837	0.6050780714299708	0.5422252360335924	0.5464551527508412	0.546801530064559	0.5515281636776964	0.6056745377997438	0.6009079653322328	0.6041532212140769	0.579880576777659	0.6104558084757926	0.5509807100016211	0.5263157894736842	0.5840686802018318	0.5693838672482078	0.5807179427844147	0.5306122448979592	0.5770585275867852	0.5217391304347826	0.6210354223433242
he	0.5306122448979592	0.55	0.565752936988252	0.5306122448979592	0.6156878106103263	0.6047244094488189	0.5809755911808385	0.5639358331132823	0.5935747446610956	0.5997580290365156	1.0	0.5683453237410072	0.6102337334175616	0.606399187404774	0.584991577174142	0.5860215053763441	0.5872253449156872	0.5756552643269658	0.5639224501264399	0.5554012774229381	0.5456773853452821	0.6053629088867051	0.6012207335739527	0.626063263060451	0.5998254656521858	0.5983345950037849	0.5790996910321091	0.5327102803738317	0.6039856026687735	0.5871421793452475	0.5690107966151152	0.5258620689655172	0.6089851781385215	0.5353535353535354	0.6057367068055743
hi	0.5256410256410257	0.55	0.5529411764705883	0.5394736842105263	0.5835821805106953	0.5723270440251572	0.5849056603773585	0.5491329479768786	0.5634517766497462	0.5641821054143329	0.5683453237410072	1.0	0.5797893538286365	0.5832154130837053	0.556740614334471	0.5759204379928676	0.5652173913043479	0.5795454545454545	0.5652173913043479	0.5932559115712887	0.6350656767561395	0.5612903225806452	0.5715968366145044	0.5644171779141104	0.5714285714285714	0.5625	0.5720008011215701	0.5411764705882353	0.58125	0.5740112994350283	0.5615763546798029	0.603400987383434	0.5737704918032787	0.5384615384615384	0.5623659829267306
hu	0.5526770293609672	0.5512820512820512	0.5891141942369265	0.5405405405405405	0.6226093167208951	0.6043760562127546	0.580952380952381	0.5490624552209781	0.5921052631578947	0.5830639948287007	0.6102337334175616	0.5797893538286365	1.0	0.5899309458808415	0.5729583015746128	0.5860077210974567	0.5923183711244794	0.5882352941176471	0.5819373634377276	0.5729275970619098	0.5626154747420125	0.6074200558832661	0.613358364377695	0.6014959123325796	0.6141229853003733	0.5887454420025623	0.6030130935478782	0.5421686746987951	0.6207477974961008	0.6009850031058657	0.5746743060944801	0.5268817204301075	0.5970062105207283	0.5540540540540541	0.5994358781496804
id	0.5289268991138114	0.5343511450381679	0.5451404369148461	0.5234375	0.5950930280106318	0.6016897269499204	0.5693342257067279	0.5835018859673099	0.5930735930735931	0.5997198505869797	0.606399187404774	0.5832154130837053	0.5899309458808415	1.0	0.5825363131156535	0.5999724498932434	0.5981889860786004	0.5579710144927537	0.5546053278285659	0.5524475524475525	0.5560877350044763	0.5898872994354856	0.5960203609440073	0.60119774751959	0.591710182767624	0.599797156756571	0.5592741807569077	0.5255474452554745	0.586705556508738	0.5707374476987448	0.5739910313901345	0.5390070921985816	0.601510067114094	0.53125	0.611947547353084
it	0.5191638933552705	0.5227272727272727	0.5337078651685393	0.5192330131072304	0.5796089385474861	0.6024191324218904	0.5612244897959184	0.5929985015912497	0.6017357762777241	0.5984664598370011	0.584991577174142	0.556740614334471	0.5729583015746128	0.5825363131156535	1.0	0.6083333333333334	0.5839817746087163	0.5439560439560439	0.5434782608695652	0.543010752688172	0.5411471830554818	0.5921052631578947	0.5942061822301343	0.5968331303288673	0.5869943201576446	0.6041189931350115	0.5520836644521441	0.5299556491017063	0.5763215204909918	0.5656565656565656	0.612435023290353	0.5268817204301075	0.5830552321821239	0.5232558139534884	0.5922397160755544
ja	0.5220588235294117	0.5285714285714286	0.5421805624074988	0.5220588235294117	0.5828571428571429	0.6139214046822743	0.5750000000000001	0.5851922255037667	0.6101710090428865	0.6017545896983837	0.5860215053763441	0.5759204379928676	0.5860077210974567	0.5999724498932434	0.6083333333333334	1.0	0.605	0.5510204081632653	0.5599072404019583	0.5579761423372422	0.5512820512820512	0.596938775510204	0.5999460744662598	0.5908795471223398	0.5919535722688417	0.5964933052051492	0.5584415584415584	0.5314685314685315	0.6015340182756498	0.573170731707317	0.6014595859916464	0.5369127516778524	0.6024096385542168	0.5294117647058824	0.6076678051963004
ko	0.5308755760368663	0.536	0.5398591027067111	0.5245901639344263	0.5959975646557429	0.5982178217821783	0.5666666666666667	0.5704637129756436	0.5973706955374608	0.6050780714299708	0.5872253449156872	0.5652173913043479	0.5923183711244794	0.5981889860786004	0.5839817746087163	0.605	1.0	0.5606060606060607	0.5597014925373135	0.5428571428571428	0.5448275862068965	0.5851063829787234	0.5886548212887002	0.5904200120159484	0.5792682926829268	0.5873818766419637	0.5663475324915591	0.5348837209302326	0.5999645096415475	0.564935064935065	0.5766547580383241	0.5251798561151079	0.5981459523552872	0.5327868852459017	0.625708141605198
lv	0.5581395348837209	0.5869565217391304	0.5926481620405101	0.5714285714285714	0.5913978494623656	0.556390977443609	0.5769230769230769	0.5258358662613982	0.5465116279069767	0.5422252360335924	0.5756552643269658	0.5795454545454545	0.5882352941176471	0.5579710144927537	0.5439560439560439	0.5510204081632653	0.5606060606060607	1.0	0.6034482758620691	0.5714285714285714	0.5652173913043479	0.5645161290322581	0.5702479338842975	0.5639097744360902	0.5913978494623656	0.5464480874316939	0.609375	0.5471698113207547	0.5754168552233091	0.6025641025641025	0.5480225988700566	0.540983606557377	0.5888888888888889	0.5681818181818182	0.5539105408020913
mk	0.5681818181818182	0.56	0.5636363636363636	0.5555555555555556	0.5714285714285714	0.56124894017031	0.5919117647058824	0.525679758308157	0.5465198863636364	0.5464551527508412	0.5639224501264399	0.5652173913043479	0.5819373634377276	0.5546053278285659	0.5434782608695652	0.5599072404019583	0.5597014925373135	0.6034482758620691	1.0	0.5606060606060607	0.547945205479452	0.5680000000000001	0.5645161290322581	0.5547445255474452	0.5833333333333333	0.543010752688172	0.6060606060606061	0.5454545454545455	0.5705553219703096	0.5925925925925926	0.5428427552940552	0.53125	0.5806451612903225	0.5909090909090909	0.5537545964776467
ml	0.5587106676899463	0.5576923076923077	0.5423728813559322	0.5531914893617021	0.5630469371519491	0.5629267035939713	0.5938433264415346	0.5295592093301125	0.5454545454545455	0.546801530064559	0.5554012774229381	0.5932559115712887	0.5729275970619098	0.5524475524475525	0.543010752688172	0.5579761423372422	0.5428571428571428	0.5714285714285714	0.5606060606060607	1.0	0.6173499125704294	0.559480079118395	0.5590551181102362	0.551563711553373	0.5643564356435644	0.551948051948052	0.5540540540540541	0.543859649122807	0.5646325269903585	0.569952822515048	0.540983606557377	0.6095791001451379	0.5555555555555556	0.5625	0.5429429697707401
mr	0.5370370370370371	0.5517241379310345	0.5417207090358841	0.552719006819374	0.5504587155963303	0.5567042988466508	0.5747126436781609	0.5336072145710494	0.5439560439560439	0.5515281636776964	0.5456773853452821	0.6350656767561395	0.5626154747420125	0.5560877350044763	0.5411471830554818	0.5512820512820512	0.5448275862068965	0.5652173913043479	0.547945205479452	0.6173499125704294	1.0	0.5474452554744526	0.5522388059701493	0.5453908544636361	0.5592105263157895	0.5580419580419581	0.5594349142280525	0.5483870967741935	0.5606796116504854	0.554710604140262	0.5445562472853627	0.6093518393747474	0.5491730842065395	0.5482233502538072	0.5421967914229638
nl	0.535031847133758	0.5383896381359327	0.55	0.5263157894736842	0.6008912294915941	0.6176362297496318	0.5704225352112676	0.5720311135144129	0.616305277065361	0.6056745377997438	0.6053629088867051	0.5612903225806452	0.6074200558832661	0.5898872994354856	0.5921052631578947	0.596938775510204	0.5851063829787234	0.5645161290322581	0.5680000000000001	0.559480079118395	0.5474452554744526	1.0	0.6112969156447418	0.6050155918345955	0.6085165569999466	0.5991189427312775	0.5813953488372093	0.5327868852459017	0.5970260778599715	0.5888919016630514	0.5872794390377449	0.5267175572519084	0.5933333333333333	0.5350877192982456	0.5962107351105488
pl	0.5336483293958826	0.541410833674444	0.5602716468590832	0.5267857142857143	0.6122448979591837	0.618508078630778	0.5714285714285714	0.5698219066091723	0.6038961038961039	0.6009079653322328	0.6012207335739527	0.5715968366145044	0.613358364377695	0.5960203609440073	0.5942061822301343	0.5999460744662598	0.5886548212887002	0.5702479338842975	0.5645161290322581	0.5590551181102362	0.5522388059701493	0.6112969156447418	1.0	0.6004656016697438	0.6120466321243523	0.6034648700673725	0.5759218506789759	0.5333333333333333	0.6053946053946054	0.5919900692538873	0.5877648260018719	0.53125	0.5968615804470843	0.5357142857142857	0.5964972313818204
pt	0.5284552845528455	0.5354330708661417	0.5475255580317663	0.5260567616339475	0.605887162714636	0.6196202115776333	0.5832963915240713	0.5768041204971035	0.6136363636363635	0.6041532212140769	0.626063263060451	0.5644171779141104	0.6014959123325796	0.60119774751959	0.5968331303288673	0.5908795471223398	0.5904200120159484	0.5639097744360902	0.5547445255474452	0.551563711553373	0.5453908544636361	0.6050155918345955	0.6004656016697438	1.0	0.6090519989072033	0.6191091997233166	0.5714285714285714	0.5303030303030303	0.6114939179838299	0.5909825558713704	0.5884335503638453	0.5285714285714286	0.5875	0.532258064516129	0.609833081315971
ro	0.5421686746987951	0.5454545454545455	0.5675074183976261	0.5357142857142857	0.608	0.6027450472614269	0.5789473684210527	0.5554079062713068	0.5835636783695697	0.579880576777659	0.5998254656521858	0.5714285714285714	0.6141229853003733	0.591710182767624	0.5869943201576446	0.5919535722688417	0.5792682926829268	0.5913978494623656	0.5833333333333333	0.5643564356435644	0.5592105263157895	0.6085165569999466	0.6120466321243523	0.6090519989072033	1.0	0.5962576865951333	0.5882352941176471	0.5319148936170213	0.5978207802583108	0.6118451025056948	0.58128078817734	0.5294117647058824	0.6016260162601625	0.5476190476190476	0.5827359418104066
ru	0.5211349160393747	0.5254237288135593	0.5386939631251156	0.5172413793103449	0.5851956682254492	0.604988695208227	0.5634517766497462	0.6005620657860881	0.6186291739894552	0.6104558084757926	0.5983345950037849	0.5625	0.5887454420025623	0.599797156756571	0.6041189931350115	0.5964933052051492	0.5873818766419637	0.5464480874316939	0.543010752688172	0.551948051948052	0.5580419580419581	0.5991189427312775	0.6034648700673725	0.6191091997233166	0.5962576865951333	1.0	0.5555933645257337	0.5277777777777778	0.59979633401222	0.5703497926285311	0.5985999005393826	0.532258064516129	0.5825065388605579	0.5229885057471265	0.6079686374909993
sh	0.5576923076923077	0.5714285714285714	0.5645161290322581	0.5471698113207547	0.5825242718446602	0.5642857142857143	0.5747126436781609	0.5329341317365269	0.553072625698324	0.5509807100016211	0.5790996910321091	0.5720008011215701	0.6030130935478782	0.5592741807569077	0.5520836644521441	0.5584415584415584	0.5663475324915591	0.609375	0.6060606060606061	0.5540540540540541	0.5594349142280525	0.5813953488372093	0.5759218506789759	0.5714285714285714	0.5882352941176471	0.5555933645257337	1.0	0.5573770491803278	0.5802400223276585	0.6190476190476191	0.5513081623061256	0.5277777777777778	0.5858585858585859	0.5660377358490566	0.5641025641025641
si	0.5135135135135135	0.55	0.5208333333333334	0.5277777777777778	0.5376344086021506	0.5307692307692308	0.5333333333333333	0.5185185185185185	0.5266272189349113	0.5263157894736842	0.5327102803738317	0.5411764705882353	0.5421686746987951	0.5255474452554745	0.5299556491017063	0.5314685314685315	0.5348837209302326	0.5471698113207547	0.5454545454545455	0.543859649122807	0.5483870967741935	0.5327868852459017	0.5333333333333333	0.5303030303030303	0.5319148936170213	0.5277777777777778	0.5573770491803278	1.0	0.5353535353535354	0.5384615384615384	0.5257142857142857	0.5384615384615384	0.5333333333333333	0.5263157894736842	0.5342465753424658
simple	0.5333333333333333	0.5425531914893617	0.5571605447791993	0.5274725274725275	0.6069162629477226	0.6116191354842211	0.5798319327731092	0.561102378835208	0.5931059096451834	0.5840686802018318	0.6039856026687735	0.58125	0.6207477974961008	0.586705556508738	0.5763215204909918	0.6015340182756498	0.5999645096415475	0.5754168552233091	0.5705553219703096	0.5646325269903585	0.5606796116504854	0.5970260778599715	0.6053946053946054	0.6114939179838299	0.5978207802583108	0.59979633401222	0.5802400223276585	0.5353535353535354	1.0	0.5973519195200072	0.5784425363411606	0.5377358490566038	0.5980112261685862	0.5384615384615384	0.6121351328216394
sr	0.5552156177156178	0.5555555555555556	0.5605339161657951	0.5441176470588236	0.5933048433048433	0.5936737861207597	0.5918367346938775	0.54509635435769	0.5712465125891227	0.5693838672482078	0.5871421793452475	0.5740112994350283	0.6009850031058657	0.5707374476987448	0.5656565656565656	0.573170731707317	0.564935064935065	0.6025641025641025	0.5925925925925926	0.569952822515048	0.554710604140262	0.5888919016630514	0.5919900692538873	0.5909825558713704	0.6118451025056948	0.5703497926285311	0.6190476190476191	0.5384615384615384	0.5973519195200072	1.0	0.5555555555555556	0.5411764705882353	0.5892857142857143	0.5588235294117647	0.5780713444944892
sv	0.5178571428571429	0.5294117647058824	0.5386860338182546	0.5178571428571429	0.583628553336414	0.5959392891992616	0.5625	0.5894092594942956	0.585820895522388	0.5807179427844147	0.5690107966151152	0.5615763546798029	0.5746743060944801	0.5739910313901345	0.612435023290353	0.6014595859916464	0.5766547580383241	0.5480225988700566	0.5428427552940552	0.540983606557377	0.5445562472853627	0.5872794390377449	0.5877648260018719	0.5884335503638453	0.58128078817734	0.5985999005393826	0.5513081623061256	0.5257142857142857	0.5784425363411606	0.5555555555555556	1.0	0.5274725274725275	0.5742574257425742	0.5207100591715976	0.5822075856352354
te	0.5348837209302326	0.5416666666666666	0.5178571428571429	0.5476190476190476	0.5319037656903766	0.5367647058823529	0.5641025641025641	0.524390243902439	0.5284090909090908	0.5306122448979592	0.5258620689655172	0.603400987383434	0.5268817204301075	0.5390070921985816	0.5268817204301075	0.5369127516778524	0.5251798561151079	0.540983606557377	0.53125	0.6095791001451379	0.6093518393747474	0.5267175572519084	0.53125	0.5285714285714286	0.5294117647058824	0.532258064516129	0.5277777777777778	0.5384615384615384	0.5377358490566038	0.5411764705882353	0.5274725274725275	1.0	0.5306122448979592	0.5454545454545455	0.5256410256410257
vi	0.5443037974683544	0.5542168674698795	0.5568181818181818	0.5375	0.6066955135504442	0.5901514510533886	0.5871559633027523	0.5528496748693102	0.5824742268041238	0.5770585275867852	0.6089851781385215	0.5737704918032787	0.5970062105207283	0.601510067114094	0.5830552321821239	0.6024096385542168	0.5981459523552872	0.5888888888888889	0.5806451612903225	0.5555555555555556	0.5491730842065395	0.5933333333333333	0.5968615804470843	0.5875	0.6016260162601625	0.5825065388605579	0.5858585858585859	0.5333333333333333	0.5980112261685862	0.5892857142857143	0.5742574257425742	0.5306122448979592	1.0	0.55	0.596140763188818
war	0.625	0.5625	0.5384615384615384	0.5555555555555556	0.5411764705882353	0.5327868852459017	0.5625	0.5125000000000001	0.5246913580246914	0.5217391304347826	0.5353535353535354	0.5384615384615384	0.5540540540540541	0.53125	0.5232558139534884	0.5294117647058824	0.5327868852459017	0.5681818181818182	0.5909090909090909	0.5625	0.5482233502538072	0.5350877192982456	0.5357142857142857	0.532258064516129	0.5476190476190476	0.5229885057471265	0.5660377358490566	0.5263157894736842	0.5384615384615384	0.5588235294117647	0.5207100591715976	0.5454545454545455	0.55	1.0	0.5285714285714286
zh	0.525698815566836	0.5314685314685315	0.5398488826719562	0.5214285714285714	0.598267784660414	0.6152788799455844	0.5696969696969697	0.586000746666934	0.6117512617845919	0.6210354223433242	0.6057367068055743	0.5623659829267306	0.5994358781496804	0.611947547353084	0.5922397160755544	0.6076678051963004	0.625708141605198	0.5539105408020913	0.5537545964776467	0.5429429697707401	0.5421967914229638	0.5962107351105488	0.5964972313818204	0.609833081315971	0.5827359418104066	0.6079686374909993	0.5641025641025641	0.5342465753424658	0.6121351328216394	0.5780713444944892	0.5822075856352354	0.5256410256410257	0.596140763188818	0.5285714285714286	1.0
