arz	bs	ceb	ckb	da	de	el	en	es	fr	he	hi	hu	id	it	ja	ko	lv	mk	ml	mr	nl	pl	pt	ro	ru	sh	si	simple	sr	sv	te	vi	war	zh
arz	1.0	1.0	0.0	0.0	1.0	0.8216064286890065	1.0	0.7584325078215765	0.7690990303325336	0.0	0.8216064286890065	0.0	1.0	1.0	0.7690990303325336	0.7690990303325336	0.7863954451402115	1.0	1.0	0.0	0.0	0.6723191802055581	0.7690990303325336	0.7863954451402115	1.0	0.7690990303325336	0.8216064286890065	0.0	1.0	1.0	1.0	0.0	0.7863954451402115	0.0	0.6684560499369148
bs	1.0	1.0	0.0	1.0	0.8668818778977665	0.8668818778977665	0.8001357071268724	0.5341683898260005	0.3579769023552513	0.0	0.7485626851496747	1.0	0.8216064286890065	0.4943577073081046	0.5343250006818834	0.720754424824007	0.8668818778977665	0.540271464242908	0.8001357071268724	0.8221725170212739	1.0	0.8668818778977665	0.6505488452472292	0.5951550175025135	0.4793503061881317	0.6079742022528513	0.8668818778977665	1.0	0.8001357071268724	0.8001357071268724	0.8668818778977665	1.0	0.953225785585603	0.8668818778977665	0.6479413855966287
ceb	0.0	0.0	1.0	0.0	1.0	1.0	1.0	1.0	1.0	0.0	1.0	0.0	0.0	0.0	1.0	1.0	1.0	1.0	0.0	0.0	0.0	1.0	1.0	1.0	1.0	1.0	1.0	0.0	0.0	0.0	1.0	0.0	1.0	0.0	1.0
ckb	0.0	1.0	0.0	1.0	1.0	1.0	1.0	1.0	1.0	0.0	1.0	1.0	1.0	0.5660160774121898	1.0	1.0	1.0	1.0	1.0	0.8216064286890065	1.0	1.0	1.0	1.0	1.0	0.7690990303325336	1.0	1.0	1.0	0.8216064286890065	1.0	1.0	1.0	1.0	1.0
da	1.0	0.8668818778977665	1.0	1.0	1.0	0.2866552775774497	0.3027585802956199	0.13510263837481898	0.21138421036611116	0.0	0.33206153641323605	0.7863954451402115	0.30681697830760357	0.3405789379292694	0.18143119751403378	0.21363089013280048	0.3689987502602383	0.3159911839395811	0.6499913553099703	0.42862336628954867	0.8216064286890065	0.19703324714896883	0.2305094939603401	0.2626975621770963	0.29830774694886875	0.19127015054982588	0.3519568547318929	1.0	0.5607371342276143	0.5606896245669246	0.1448113312088774	1.0	0.2907815364347811	1.0	0.32155092231569854
de	0.8216064286890065	0.8668818778977665	1.0	1.0	0.2866552775774497	1.0	0.1718092035425059	0.058103591085245675	0.11833097216736733	0.0	0.2467834618793793	0.7411828468492556	0.4027576652724946	0.2765203242590149	0.07630215065734178	0.152587491786075	0.661070654094705	0.4309012227319677	0.6393867611309196	0.2664662705215929	1.0	0.10727238364041664	0.08623843605584125	0.1329058828081617	0.19754930196914022	0.0794388600603135	0.4245492931572909	1.0	0.5250749817906625	0.31557199023732296	0.15566156574774265	1.0	0.24045387112308592	1.0	0.15307849884273003
el	1.0	0.8001357071268724	1.0	1.0	0.3027585802956199	0.1718092035425059	1.0	0.0973037987447087	0.1494898598742555	0.0	0.24643181915711218	1.0	0.36327814402586023	0.2105122962488741	0.1392505882016332	0.19216079546127612	0.359694608447989	0.35410142848179876	0.5773597054958898	0.3347913560152911	1.0	0.15848471691469737	0.15808127722196658	0.2145223519871602	0.20986491284402684	0.1326146623106491	0.3251858167952315	1.0	0.36737313935602106	0.41518422919917103	0.20952612666652926	1.0	0.2354870978267852	1.0	0.20059924642215685
en	0.7584325078215765	0.5341683898260005	1.0	1.0	0.13510263837481898	0.058103591085245675	0.0973037987447087	1.0	0.04471472556056856	1.0	0.1154247867447861	0.5167623364961251	0.19704034226868952	0.1531604826272207	0.03276534957464966	0.0864809860765196	0.3310593443406696	0.1638857101744773	0.4512820934220257	0.07950784750376984	1.0	0.04676084009625372	0.041529534115101026	0.04892681635321743	0.10352996495611994	0.04333784065445838	0.17232062676140006	0.6908587525207897	0.24182648187355243	0.2476285238196022	0.06998160330535314	1.0	0.15045775155494046	0.7411828468492556	0.09241880718603539
es	0.7690990303325336	0.3579769023552513	1.0	1.0	0.21138421036611116	0.11833097216736733	0.1494898598742555	0.04471472556056856	1.0	1.0	0.20394141498694734	0.6044414021866646	0.31597701347207663	0.19896405305806625	0.0413119816071291	0.11760073745337227	0.5219473237981228	0.3088615211869761	0.6432357517002909	0.14761710429927197	1.0	0.07439780022928094	0.05272649218292768	0.07281513230954961	0.23087284861002025	0.05998692383864343	0.33734132461802274	1.0	0.449088240302542	0.2915475574818175	0.11404721950802563	1.0	0.20078750647396182	1.0	0.11741242623400183
fr	0.0	0.0	0.0	0.0	0.0	0.0	0.0	1.0	1.0	1.0	0.0	0.0	0.0	0.0	1.0	0.0	0.0	0.0	0.0	0.0	0.0	1.0	1.0	1.0	0.0	1.0	0.0	0.0	0.0	0.0	0.0	0.0	0.0	0.0	1.0
he	0.8216064286890065	0.7485626851496747	1.0	1.0	0.33206153641323605	0.2467834618793793	0.24643181915711218	0.1154247867447861	0.20394141498694734	0.0	1.0	0.44650355581684187	0.3381229139145457	0.2794230812445019	0.16042952602747146	0.2227411186096972	0.47929882628805165	0.403495212535051	0.7248485669756152	0.3301974351754482	1.0	0.2042746287495235	0.15751184121912695	0.1729126774444734	0.24620650531972227	0.13979058631696098	0.3241119554062774	1.0	0.5913014301053446	0.4106132230757365	0.23889027573508603	1.0	0.31737317043500085	1.0	0.21182005594659492
hi	0.0	1.0	0.0	1.0	0.7863954451402115	0.7411828468492556	1.0	0.5167623364961251	0.6044414021866646	0.0	0.44650355581684187	1.0	0.7690990303325336	0.4403547352276071	0.6499913553099702	0.7584325078215763	0.7690990303325336	0.7690990303325336	1.0	1.0	1.0	0.7690990303325336	0.7690990303325336	0.6223041007404059	0.7863954451402115	0.6110569957520273	0.7863954451402115	0.8216064286890065	1.0	0.8216064286890065	0.7863954451402115	1.0	0.8216064286890065	1.0	0.7584325078215763
hu	1.0	0.8216064286890065	0.0	1.0	0.30681697830760357	0.4027576652724946	0.36327814402586023	0.19704034226868952	0.31597701347207663	0.0	0.3381229139145457	0.7690990303325336	1.0	0.7411828468492556	0.3399186550240082	0.34329279048597333	0.6455519993951538	0.7234532828151787	0.7510341748895937	0.6214610756457515	1.0	0.30309119498236636	0.2946390577970226	0.35734631335049993	0.221521709663981	0.2692948689681492	0.7210092110599264	1.0	0.6254303192325079	0.7992591943912659	0.3336849979423826	1.0	0.32884415343882517	1.0	0.3606733785076021
id	1.0	0.4943577073081046	0.0	0.5660160774121898	0.3405789379292694	0.2765203242590149	0.2105122962488741	0.1531604826272207	0.19896405305806625	0.0	0.2794230812445019	0.4403547352276071	0.7411828468492556	1.0	0.20573071265497947	0.20704067550818633	0.3945223103919557	0.2183852467335939	0.43560538972315177	0.283512551654726	1.0	0.2363655543326382	0.23394744287100094	0.21315826928399664	0.2415080676765987	0.1952556011075567	0.26158849934575257	0.4493075654568811	0.2786020522440639	0.3568356923838627	0.30037770503086675	1.0	0.26879775888125335	0.46959601155582775	0.22947409355062023
it	0.7690990303325336	0.5343250006818834	1.0	1.0	0.18143119751403378	0.07630215065734178	0.1392505882016332	0.03276534957464966	0.0413119816071291	1.0	0.16042952602747146	0.6499913553099702	0.3399186550240082	0.20573071265497947	1.0	0.09975001658859559	0.34548857144841766	0.19742126358465759	0.527785131193352	0.12128524275707984	1.0	0.05649996060689957	0.04206434713471934	0.05832469714945186	0.15566512060834214	0.04688117867494507	0.24357441143996106	1.0	0.3248371336367276	0.27404116561933745	0.10297130011963045	1.0	0.18778450647017214	1.0	0.11076432365379649
ja	0.7690990303325336	0.720754424824007	1.0	1.0	0.21363089013280048	0.152587491786075	0.19216079546127612	0.0864809860765196	0.11760073745337227	0.0	0.2227411186096972	0.7584325078215763	0.34329279048597333	0.20704067550818633	0.09975001658859559	1.0	0.345764375313137	0.2040698296885939	0.4517953761507325	0.192072721322464	1.0	0.11871494749046725	0.11167250278293213	0.12721031088946544	0.20767220578873058	0.09851897486040234	0.2890758973115112	1.0	0.36260388468163873	0.2699956389802909	0.13253245059752167	1.0	0.1824371360258385	1.0	0.13212148633578588
ko	0.7863954451402115	0.8668818778977665	1.0	1.0	0.3689987502602383	0.661070654094705	0.359694608447989	0.3310593443406696	0.5219473237981228	0.0	0.47929882628805165	0.7690990303325336	0.6455519993951538	0.3945223103919557	0.34548857144841766	0.345764375313137	1.0	0.6411621673688593	0.7347168825662656	0.5438465006570393	1.0	0.39341215272551366	0.28014595188289326	0.4580677974666186	0.24249329163972122	0.30890539975925935	0.5496851244206518	1.0	1.0	0.5068582116773476	0.3833799920675984	1.0	0.5022549667383498	1.0	0.39333375374899476
lv	1.0	0.540271464242908	1.0	1.0	0.3159911839395811	0.4309012227319677	0.35410142848179876	0.1638857101744773	0.3088615211869761	0.0	0.403495212535051	0.7690990303325336	0.7234532828151787	0.2183852467335939	0.19742126358465759	0.2040698296885939	0.6411621673688593	1.0	0.728099120889861	0.5139531139673269	1.0	0.30700867083070016	0.24748809224119342	0.319879740404468	0.24878048124536323	0.22587898600117645	0.5413717217829772	1.0	0.7189258117174849	0.399713464614026	0.30577940175612084	1.0	0.3820730138700568	1.0	0.22428294948564295
mk	1.0	0.8001357071268724	0.0	1.0	0.6499913553099703	0.6393867611309196	0.5773597054958898	0.4512820934220257	0.6432357517002909	0.0	0.7248485669756152	1.0	0.7510341748895937	0.43560538972315177	0.527785131193352	0.4517953761507325	0.7347168825662656	0.728099120889861	1.0	0.6645255677228384	1.0	0.6370879244183066	0.5819038268400579	0.7234532828151787	0.576954362218826	0.6054870530084047	0.6478004929164987	1.0	0.6518155124769264	0.6730344506400625	0.584170854859285	1.0	0.7376607345031153	1.0	0.6421409926345868
ml	0.0	0.8221725170212739	0.0	0.8216064286890065	0.42862336628954867	0.2664662705215929	0.3347913560152911	0.07950784750376984	0.14761710429927197	0.0	0.3301974351754482	1.0	0.6214610756457515	0.283512551654726	0.12128524275707984	0.192072721322464	0.5438465006570393	0.5139531139673269	0.6645255677228384	1.0	1.0	0.16444961185665186	0.17791729051697316	0.19962078471711164	0.24827976001284965	0.1086704189137236	0.5534304367127256	1.0	0.5467653818148005	0.49904408482787316	0.3246362275642145	1.0	0.4231727994218779	0.6950371151635207	0.1811989525218844
mr	0.0	1.0	0.0	1.0	0.8216064286890065	1.0	1.0	1.0	1.0	0.0	1.0	1.0	1.0	1.0	1.0	1.0	1.0	1.0	1.0	1.0	1.0	1.0	1.0	1.0	1.0	1.0	1.0	1.0	1.0	1.0	1.0	1.0	1.0	1.0	1.0
nl	0.6723191802055581	0.8668818778977665	1.0	1.0	0.19703324714896883	0.10727238364041664	0.15848471691469737	0.04676084009625372	0.07439780022928094	1.0	0.2042746287495235	0.7690990303325336	0.30309119498236636	0.2363655543326382	0.05649996060689957	0.11871494749046725	0.39341215272551366	0.30700867083070016	0.6370879244183066	0.16444961185665186	1.0	1.0	0.06877571668718137	0.10045382714342861	0.18994223814679173	0.06544012773792739	0.2840279361136569	1.0	0.3298613956532681	0.2702899078676828	0.11791471837510045	1.0	0.17507764418858135	1.0	0.14325924293575257
pl	0.7690990303325336	0.6505488452472292	1.0	1.0	0.2305094939603401	0.08623843605584125	0.15808127722196658	0.041529534115101026	0.05272649218292768	1.0	0.15751184121912695	0.7690990303325336	0.2946390577970226	0.23394744287100094	0.04206434713471934	0.11167250278293213	0.28014595188289326	0.24748809224119342	0.5819038268400579	0.17791729051697316	1.0	0.06877571668718137	1.0	0.08477651900207332	0.19592022643053777	0.052649859221121975	0.22142693068995348	1.0	0.4870306458524921	0.27386587138126617	0.12469997030840878	1.0	0.17001743403405398	1.0	0.12518264020553405
pt	0.7863954451402115	0.5951550175025135	1.0	1.0	0.2626975621770963	0.1329058828081617	0.2145223519871602	0.04892681635321743	0.07281513230954961	1.0	0.1729126774444734	0.6223041007404059	0.35734631335049993	0.21315826928399664	0.05832469714945186	0.12721031088946544	0.4580677974666186	0.319879740404468	0.7234532828151787	0.19962078471711164	1.0	0.10045382714342861	0.08477651900207332	1.0	0.20321334532974888	0.0748561979546886	0.2760782358026248	1.0	0.4587911093574477	0.3253046487045123	0.1344451801785882	1.0	0.2538849526524111	1.0	0.13593381243326896
ro	1.0	0.4793503061881317	1.0	1.0	0.29830774694886875	0.19754930196914022	0.20986491284402684	0.10352996495611994	0.23087284861002025	0.0	0.24620650531972227	0.7863954451402115	0.221521709663981	0.2415080676765987	0.15566512060834214	0.20767220578873058	0.24249329163972122	0.24878048124536323	0.576954362218826	0.24827976001284965	1.0	0.18994223814679173	0.19592022643053777	0.20321334532974888	1.0	0.1541318513212728	0.22728557225212145	0.5020797777427737	0.3162301281168812	0.28636990356423275	0.25072072231312337	0.5020797777427737	0.2541836987729477	0.5020797777427737	0.16514421403495183
ru	0.7690990303325336	0.6079742022528513	1.0	0.7690990303325336	0.19127015054982588	0.0794388600603135	0.1326146623106491	0.04333784065445838	0.05998692383864343	1.0	0.13979058631696098	0.6110569957520273	0.2692948689681492	0.1952556011075567	0.04688117867494507	0.09851897486040234	0.30890539975925935	0.22587898600117645	0.6054870530084047	0.1086704189137236	1.0	0.06544012773792739	0.052649859221121975	0.0748561979546886	0.1541318513212728	1.0	0.2215827857954915	1.0	0.30216456337699377	0.2683810050274621	0.08977523608700477	1.0	0.1803383650566547	1.0	0.1032641843886485
sh	0.8216064286890065	0.8668818778977665	1.0	1.0	0.3519568547318929	0.4245492931572909	0.3251858167952315	0.17232062676140006	0.33734132461802274	0.0	0.3241119554062774	0.7863954451402115	0.7210092110599264	0.26158849934575257	0.24357441143996106	0.2890758973115112	0.5496851244206518	0.5413717217829772	0.6478004929164987	0.5534304367127256	1.0	0.2840279361136569	0.22142693068995348	0.2760782358026248	0.22728557225212145	0.2215827857954915	1.0	1.0	0.7199285383279772	0.4185265430101871	0.33492690856552937	1.0	0.38103717421978534	1.0	0.2949387087108028
si	0.0	1.0	0.0	1.0	1.0	1.0	1.0	0.6908587525207897	1.0	0.0	1.0	0.8216064286890065	1.0	0.4493075654568811	1.0	1.0	1.0	1.0	1.0	1.0	1.0	1.0	1.0	1.0	0.5020797777427737	1.0	1.0	1.0	1.0	0.8755395908437883	1.0	1.0	1.0	1.0	1.0
simple	1.0	0.8001357071268724	0.0	1.0	0.5607371342276143	0.5250749817906625	0.36737313935602106	0.24182648187355243	0.449088240302542	0.0	0.5913014301053446	1.0	0.6254303192325079	0.2786020522440639	0.3248371336367276	0.36260388468163873	1.0	0.7189258117174849	0.6518155124769264	0.5467653818148005	1.0	0.3298613956532681	0.4870306458524921	0.4587911093574477	0.3162301281168812	0.30216456337699377	0.7199285383279772	1.0	1.0	0.5644527096361261	0.45861383999644284	1.0	0.38259366453002036	0.7510341748895938	0.3848768493271641
sr	1.0	0.8001357071268724	0.0	0.8216064286890065	0.5606896245669246	0.31557199023732296	0.41518422919917103	0.2476285238196022	0.2915475574818175	0.0	0.4106132230757365	0.8216064286890065	0.7992591943912659	0.3568356923838627	0.27404116561933745	0.2699956389802909	0.5068582116773476	0.399713464614026	0.6730344506400625	0.49904408482787316	1.0	0.2702899078676828	0.27386587138126617	0.3253046487045123	0.28636990356423275	0.2683810050274621	0.4185265430101871	0.8755395908437883	0.5644527096361261	1.0	0.3631760417243814	0.8216064286890065	0.527644192803768	0.6704675947063355	0.35453139401620865
sv	1.0	0.8668818778977665	1.0	1.0	0.1448113312088774	0.15566156574774265	0.20952612666652926	0.06998160330535314	0.11404721950802563	0.0	0.23889027573508603	0.7863954451402115	0.3336849979423826	0.30037770503086675	0.10297130011963045	0.13253245059752167	0.3833799920675984	0.30577940175612084	0.584170854859285	0.3246362275642145	1.0	0.11791471837510045	0.12469997030840878	0.1344451801785882	0.25072072231312337	0.08977523608700477	0.33492690856552937	1.0	0.45861383999644284	0.3631760417243814	1.0	1.0	0.23620972438266338	1.0	0.2214735647438276
te	0.0	1.0	0.0	1.0	1.0	1.0	1.0	1.0	1.0	0.0	1.0	1.0	1.0	1.0	1.0	1.0	1.0	1.0	1.0	1.0	1.0	1.0	1.0	1.0	0.5020797777427737	1.0	1.0	1.0	1.0	0.8216064286890065	1.0	1.0	1.0	1.0	1.0
vi	0.7863954451402115	0.953225785585603	1.0	1.0	0.2907815364347811	0.24045387112308592	0.2354870978267852	0.15045775155494046	0.20078750647396182	0.0	0.31737317043500085	0.8216064286890065	0.32884415343882517	0.26879775888125335	0.18778450647017214	0.1824371360258385	0.5022549667383498	0.3820730138700568	0.7376607345031153	0.4231727994218779	1.0	0.17507764418858135	0.17001743403405398	0.2538849526524111	0.2541836987729477	0.1803383650566547	0.38103717421978534	1.0	0.38259366453002036	0.527644192803768	0.23620972438266338	1.0	1.0	1.0	0.16807232239100553
war	0.0	0.8668818778977665	0.0	1.0	1.0	1.0	1.0	0.7411828468492556	1.0	0.0	1.0	1.0	1.0	0.46959601155582775	1.0	1.0	1.0	1.0	1.0	0.6950371151635207	1.0	1.0	1.0	1.0	0.5020797777427737	1.0	1.0	1.0	0.7510341748895938	0.6704675947063355	1.0	1.0	1.0	1.0	1.0
zh	0.6684560499369148	0.6479413855966287	1.0	1.0	0.32155092231569854	0.15307849884273003	0.20059924642215685	0.09241880718603539	0.11741242623400183	1.0	0.21182005594659492	0.7584325078215763	0.3606733785076021	0.22947409355062023	0.11076432365379649	0.13212148633578588	0.39333375374899476	0.22428294948564295	0.6421409926345868	0.1811989525218844	1.0	0.14325924293575257	0.12518264020553405	0.13593381243326896	0.16514421403495183	0.1032641843886485	0.2949387087108028	1.0	0.3848768493271641	0.35453139401620865	0.2214735647438276	1.0	0.16807232239100553	1.0	1.0
