arz	bs	ceb	ckb	da	de	el	en	es	fr	he	hi	hu	id	it	ja	ko	lv	mk	ml	mr	nl	pl	pt	ro	ru	sh	si	simple	sr	sv	te	vi	war	zh
arz	1.0	1.0	0.0	1.0	1.0	1.0	1.0	1.0	1.0	0.8216064286890065	1.0	1.0	1.0	1.0	1.0	1.0	1.0	1.0	0.0	1.0	0.0	1.0	1.0	0.5660160774121898	1.0	1.0	1.0	0.0	1.0	1.0	1.0	0.0	1.0	1.0	1.0
bs	1.0	1.0	1.0	1.0	0.7411828468492556	0.6656609518376757	1.0	0.5039549723470628	0.7322034805959264	0.5207228296261335	1.0	1.0	0.6524007805500078	0.7665477066042635	0.7485798097886549	0.7322034805959264	0.7322034805959264	1.0	1.0	1.0	1.0	0.6786291688147438	0.3532239105456683	0.41549739013648085	1.0	0.7347168825662657	0.4192133658505793	0.0	1.0	0.6100541622387603	0.5043179392022022	1.0	0.7411828468492556	1.0	0.7322034805959264
ceb	0.0	1.0	1.0	1.0	1.0	1.0	1.0	1.0	1.0	1.0	1.0	1.0	1.0	1.0	1.0	1.0	1.0	1.0	0.0	1.0	0.0	1.0	1.0	1.0	1.0	0.0	1.0	0.0	1.0	1.0	1.0	1.0	1.0	0.0	1.0
ckb	1.0	1.0	1.0	1.0	0.7411828468492556	1.0	1.0	0.6255907770007063	0.5973329889831545	0.6740515375688696	1.0	1.0	0.6131109307903289	1.0	0.6436895599575894	1.0	1.0	1.0	1.0	1.0	1.0	0.6740515375688697	0.7322034805959263	0.5915082169344503	1.0	1.0	0.4718527396272151	1.0	1.0	0.6067253066550435	0.601644141974177	1.0	1.0	1.0	1.0
da	1.0	0.7411828468492556	1.0	0.7411828468492556	1.0	0.40611238476951317	0.661251134120194	0.2852534177325958	0.4011017896841649	0.4217917134605392	0.5666293715118238	1.0	0.48968072969533777	0.5165089133480966	0.39293679364854894	0.5666293715118237	0.571924162052103	0.6056469048251054	1.0	0.7300208629885034	1.0	0.3284745358131022	0.3968478929534347	0.2908341941020731	0.5042471127925406	0.5778185732899667	0.457048635598114	1.0	0.47672335350210204	0.2640165551391107	0.3176097832437508	0.7411828468492556	0.651610424238932	1.0	0.6024121817672691
de	1.0	0.6656609518376757	1.0	1.0	0.40611238476951317	1.0	0.6487871090048528	0.1655255990528323	0.2077502241393239	0.16478885078715608	0.384393619684407	0.718925811717485	0.40795711678311275	0.27962224540715946	0.13823435265142456	0.29540513823401743	0.35302163080353716	0.6169688428268482	0.7322034805959263	0.6638546162332061	1.0	0.19154715228504096	0.21757788998181146	0.214192443368403	0.45049004141720794	0.27881437166038747	0.30432386149276447	1.0	0.39116552603909044	0.2042126007864283	0.22922992622015137	1.0	0.4628969862267996	1.0	0.33338620174012745
el	1.0	1.0	1.0	1.0	0.661251134120194	0.6487871090048528	1.0	0.42495402783386405	0.6052104383549939	0.36719577652617263	1.0	1.0	0.49536385892070983	0.6364851348757081	0.37054584843281013	1.0	1.0	0.7322034805959264	1.0	1.0	1.0	0.49960817727948026	0.5622861214779107	0.28879749808660765	0.7221793916855703	1.0	0.4796425428635259	1.0	0.7248485669756152	0.6038958635095868	0.5831335529310039	1.0	1.0	1.0	1.0
en	1.0	0.5039549723470628	1.0	0.6255907770007063	0.2852534177325958	0.1655255990528323	0.42495402783386405	1.0	0.15324319891763133	0.1457988183302435	0.23272366937478578	0.43410935212510837	0.3517949646181008	0.2362835162979441	0.13243022369090307	0.20008700909752186	0.2743325721714424	0.4609400862880577	0.5973329889831545	0.5235634259719163	0.6524007805500077	0.15015344308820913	0.17836318233122053	0.168080807124922	0.31646740771749776	0.22039890727408643	0.27079000306074613	1.0	0.2809487534382716	0.16519137116702035	0.18132991476237947	0.6016441419741769	0.19213405567827127	0.7863954451402115	0.23567545856941796
es	1.0	0.7322034805959264	1.0	0.5973329889831545	0.4011017896841649	0.2077502241393239	0.6052104383549939	0.15324319891763133	1.0	0.1631327948432958	0.33074640305201464	0.44986979869000804	0.411558523394265	0.29675832198030444	0.1396260344121191	0.34874093107253	0.3315785712967469	0.5993923200937556	0.7322034805959263	0.6221982196391784	1.0	0.18348188754383304	0.20697562243673132	0.1917477893360912	0.3779836277530003	0.29685417214178844	0.3458363131548135	1.0	0.344242034494907	0.22185050213587293	0.24713888505222587	0.601644141974177	0.3844234529468026	0.7863954451402115	0.29626299507210846
fr	0.8216064286890065	0.5207228296261335	1.0	0.6740515375688696	0.4217917134605392	0.16478885078715608	0.36719577652617263	0.1457988183302435	0.1631327948432958	1.0	0.2633536648513339	0.5405889431073057	0.4473812237333235	0.27624442602120847	0.13023343808589083	0.2532259718249382	0.2892893722904759	0.5218590131799734	0.40484841688505385	0.5969819612641136	1.0	0.15844520534965806	0.19534944976279872	0.172680108933853	0.32811540563286484	0.20913327720292613	0.29832107340119657	1.0	0.3755150901510444	0.17871099684703926	0.19497341585924172	0.5402079089032552	0.3107375114507812	1.0	0.27148244728609305
he	1.0	1.0	1.0	1.0	0.5666293715118238	0.384393619684407	1.0	0.23272366937478578	0.33074640305201464	0.2633536648513339	1.0	1.0	0.464421072631304	0.4497682106978424	0.25971384333901226	1.0	1.0	0.6221982196391784	1.0	1.0	1.0	0.27394916822396803	0.3391611548269885	0.2857547211926978	0.7147973711694583	0.705751191025248	0.4899190639482723	1.0	0.4564606380339464	0.2460744004433831	0.2858962435216054	1.0	1.0	1.0	1.0
hi	1.0	1.0	1.0	1.0	1.0	0.718925811717485	1.0	0.43410935212510837	0.44986979869000804	0.5405889431073057	1.0	1.0	0.5741680343066856	0.6497788302270642	0.49702376202908466	1.0	1.0	0.6908587525207898	1.0	1.0	1.0	0.651610424238932	0.7221793916855703	0.4194409036026572	0.5863089236503654	1.0	0.5445706298784747	1.0	0.661251134120194	0.30116506296623136	0.535256047632424	1.0	1.0	1.0	1.0
hu	1.0	0.6524007805500078	1.0	0.6131109307903289	0.48968072969533777	0.40795711678311275	0.49536385892070983	0.3517949646181008	0.411558523394265	0.4473812237333235	0.464421072631304	0.5741680343066856	1.0	0.45133312364784905	0.4171587886953563	0.4563160991677717	0.43773907661244743	0.5191321494645963	0.7455134344225701	0.629896233114065	1.0	0.3460377644665305	0.4137230757082627	0.32091784515370747	0.5700745183065253	0.48862287398505233	0.4001642849515488	1.0	0.4917858175002997	0.29432717448476786	0.3939913480566853	0.7510341748895938	0.5562664690839838	1.0	0.4563160991677717
id	1.0	0.7665477066042635	1.0	1.0	0.5165089133480966	0.27962224540715946	0.6364851348757081	0.2362835162979441	0.29675832198030444	0.27624442602120847	0.4497682106978424	0.6497788302270642	0.45133312364784905	1.0	0.27618804537187486	0.41358194798704356	0.44497106447645457	0.6468909830471344	0.7347168825662656	0.7263875964832449	1.0	0.2480282695320419	0.25241068861183413	0.2350937763412433	0.4404110717527703	0.38690860969801744	0.3944354866746921	1.0	0.44713448268628353	0.2756137436183741	0.28779249569958354	1.0	0.5025484962352023	1.0	0.43109748984699864
it	1.0	0.7485798097886549	1.0	0.6436895599575894	0.39293679364854894	0.13823435265142456	0.37054584843281013	0.13243022369090307	0.1396260344121191	0.13023343808589083	0.25971384333901226	0.49702376202908466	0.4171587886953563	0.27618804537187486	1.0	0.24428269672547007	0.27364597622625475	0.49041930545014234	0.40272781479378505	0.4891803259475564	0.7510341748895938	0.14753211040518666	0.14971758457957854	0.15026419807439037	0.3443346650603374	0.15571659914513472	0.18934790851438324	1.0	0.32639468704420693	0.15833506133680794	0.1506193374493102	0.6579574172457174	0.28636640723709295	1.0	0.23309264053849565
ja	1.0	0.7322034805959264	1.0	1.0	0.5666293715118237	0.29540513823401743	1.0	0.20008700909752186	0.34874093107253	0.2532259718249382	1.0	1.0	0.4563160991677717	0.41358194798704356	0.24428269672547007	1.0	1.0	0.661251134120194	1.0	1.0	1.0	0.22111326563744585	0.3193661186418906	0.30214960971114596	0.47208375092017446	0.7045114748188587	0.47310651978515467	1.0	0.46079600040772695	0.259456144449594	0.3069717378519817	1.0	1.0	1.0	1.0
ko	1.0	0.7322034805959264	1.0	1.0	0.571924162052103	0.35302163080353716	1.0	0.2743325721714424	0.3315785712967469	0.2892893722904759	1.0	1.0	0.43773907661244743	0.44497106447645457	0.27364597622625475	1.0	1.0	0.6638546162332061	1.0	1.0	1.0	0.33223465836144683	0.33739519044555333	0.326303732174468	0.6475250169846577	1.0	0.4508588010737714	1.0	0.4564606380339464	0.26502636074529645	0.2614571481119444	1.0	1.0	1.0	1.0
lv	1.0	1.0	1.0	1.0	0.6056469048251054	0.6169688428268482	0.7322034805959264	0.4609400862880577	0.5993923200937556	0.5218590131799734	0.6221982196391784	0.6908587525207898	0.5191321494645963	0.6468909830471344	0.49041930545014234	0.661251134120194	0.6638546162332061	1.0	1.0	1.0	1.0	0.36153135447392176	0.5066775839720634	0.38253232131405324	0.7263875964832448	0.6589257440209709	0.5496748311061397	1.0	0.7322034805959264	0.45666831235147304	0.5865034687969131	0.7510341748895937	0.6740515375688697	1.0	0.661251134120194
mk	0.0	1.0	0.0	1.0	1.0	0.7322034805959263	1.0	0.5973329889831545	0.7322034805959263	0.40484841688505385	1.0	1.0	0.7455134344225701	0.7347168825662656	0.40272781479378505	1.0	1.0	1.0	1.0	1.0	1.0	0.7322034805959263	0.7347168825662656	0.41256416609845425	1.0	1.0	0.5793037091988025	1.0	0.6841174893561723	0.5001665248137982	0.6216387126951446	1.0	1.0	1.0	1.0
ml	1.0	1.0	1.0	1.0	0.7300208629885034	0.6638546162332061	1.0	0.5235634259719163	0.6221982196391784	0.5969819612641136	1.0	1.0	0.629896233114065	0.7263875964832449	0.4891803259475564	1.0	1.0	1.0	1.0	1.0	1.0	0.3877889685216333	0.6638546162332062	0.4733001882582355	0.7248485669756152	1.0	0.5375376659571471	1.0	1.0	0.574421462997928	0.5474549039981728	1.0	1.0	1.0	1.0
mr	0.0	1.0	0.0	1.0	1.0	1.0	1.0	0.6524007805500077	1.0	1.0	1.0	1.0	1.0	1.0	0.7510341748895938	1.0	1.0	1.0	1.0	1.0	1.0	1.0	0.6524007805500079	0.4235156591054447	1.0	1.0	0.6775007192206818	1.0	0.7510341748895939	1.0	1.0	1.0	1.0	1.0	1.0
nl	1.0	0.6786291688147438	1.0	0.6740515375688697	0.3284745358131022	0.19154715228504096	0.49960817727948026	0.15015344308820913	0.18348188754383304	0.15844520534965806	0.27394916822396803	0.651610424238932	0.3460377644665305	0.2480282695320419	0.14753211040518666	0.22111326563744585	0.33223465836144683	0.36153135447392176	0.7322034805959263	0.3877889685216333	1.0	1.0	0.175662832747868	0.17922816196709998	0.27743536218257764	0.2461429231017148	0.29261757862494786	1.0	0.29807877312531195	0.20161183726111356	0.19131890086454012	0.6786291688147438	0.42934618930437884	1.0	0.25897197095973973
pl	1.0	0.3532239105456683	1.0	0.7322034805959263	0.3968478929534347	0.21757788998181146	0.5622861214779107	0.17836318233122053	0.20697562243673132	0.19534944976279872	0.3391611548269885	0.7221793916855703	0.4137230757082627	0.25241068861183413	0.14971758457957854	0.3193661186418906	0.33739519044555333	0.5066775839720634	0.7347168825662656	0.6638546162332062	0.6524007805500079	0.175662832747868	1.0	0.24612306056345057	0.36224651847199857	0.31893603353370864	0.3131342251943413	1.0	0.4011904590693842	0.19909843164002505	0.25624181403818613	0.7347168825662656	0.5073291969738131	1.0	0.35153279759387535
pt	0.5660160774121898	0.41549739013648085	1.0	0.5915082169344503	0.2908341941020731	0.214192443368403	0.28879749808660765	0.168080807124922	0.1917477893360912	0.172680108933853	0.2857547211926978	0.4194409036026572	0.32091784515370747	0.2350937763412433	0.15026419807439037	0.30214960971114596	0.326303732174468	0.38253232131405324	0.41256416609845425	0.4733001882582355	0.4235156591054447	0.17922816196709998	0.24612306056345057	1.0	0.3029460434570826	0.27717963738952367	0.25988552002179266	1.0	0.300095461677564	0.18666413457666362	0.2294373008552755	0.5867823268290592	0.2995979845260578	0.5020797777427737	0.29471810514709035
ro	1.0	1.0	1.0	1.0	0.5042471127925406	0.45049004141720794	0.7221793916855703	0.31646740771749776	0.3779836277530003	0.32811540563286484	0.7147973711694583	0.5863089236503654	0.5700745183065253	0.4404110717527703	0.3443346650603374	0.47208375092017446	0.6475250169846577	0.7263875964832448	1.0	0.7248485669756152	1.0	0.27743536218257764	0.36224651847199857	0.3029460434570826	1.0	0.47383542308812315	0.4805843790987754	1.0	0.5665446450931801	0.4372457897920477	0.41784120352555804	1.0	0.5665446450931801	1.0	0.47383542308812315
ru	1.0	0.7347168825662657	0.0	1.0	0.5778185732899667	0.27881437166038747	1.0	0.22039890727408643	0.29685417214178844	0.20913327720292613	0.705751191025248	1.0	0.48862287398505233	0.38690860969801744	0.15571659914513472	0.7045114748188587	1.0	0.6589257440209709	1.0	1.0	1.0	0.2461429231017148	0.31893603353370864	0.27717963738952367	0.47383542308812315	1.0	0.4729261308832678	1.0	0.46079600040772695	0.2370486440094772	0.2974131380263973	1.0	1.0	1.0	0.7060849820979841
sh	1.0	0.4192133658505793	1.0	0.4718527396272151	0.457048635598114	0.30432386149276447	0.4796425428635259	0.27079000306074613	0.3458363131548135	0.29832107340119657	0.4899190639482723	0.5445706298784747	0.4001642849515488	0.3944354866746921	0.18934790851438324	0.47310651978515467	0.4508588010737714	0.5496748311061397	0.5793037091988025	0.5375376659571471	0.6775007192206818	0.29261757862494786	0.3131342251943413	0.25988552002179266	0.4805843790987754	0.4729261308832678	1.0	1.0	0.4224209936367228	0.26917785588287496	0.28215181620907165	0.5406687932045985	0.4554952857593595	0.749506019670501	0.4808701338465792
si	0.0	0.0	0.0	1.0	1.0	1.0	1.0	1.0	1.0	1.0	1.0	1.0	1.0	1.0	1.0	1.0	1.0	1.0	1.0	1.0	1.0	1.0	1.0	1.0	1.0	1.0	1.0	1.0	1.0	1.0	1.0	1.0	1.0	1.0	1.0
simple	1.0	1.0	1.0	1.0	0.47672335350210204	0.39116552603909044	0.7248485669756152	0.2809487534382716	0.344242034494907	0.3755150901510444	0.4564606380339464	0.661251134120194	0.4917858175002997	0.44713448268628353	0.32639468704420693	0.46079600040772695	0.4564606380339464	0.7322034805959264	0.6841174893561723	1.0	0.7510341748895939	0.29807877312531195	0.4011904590693842	0.300095461677564	0.5665446450931801	0.46079600040772695	0.4224209936367228	1.0	1.0	0.372461725320047	0.2861748450156794	1.0	0.4993748657875013	1.0	0.44558006814964235
sr	1.0	0.6100541622387603	1.0	0.6067253066550435	0.2640165551391107	0.2042126007864283	0.6038958635095868	0.16519137116702035	0.22185050213587293	0.17871099684703926	0.2460744004433831	0.30116506296623136	0.29432717448476786	0.2756137436183741	0.15833506133680794	0.259456144449594	0.26502636074529645	0.45666831235147304	0.5001665248137982	0.574421462997928	1.0	0.20161183726111356	0.19909843164002505	0.18666413457666362	0.4372457897920477	0.2370486440094772	0.26917785588287496	1.0	0.372461725320047	1.0	0.20206053425742285	0.7347168825662656	0.32681999969559405	0.7863954451402115	0.30762390855192007
sv	1.0	0.5043179392022022	1.0	0.601644141974177	0.3176097832437508	0.22922992622015137	0.5831335529310039	0.18132991476237947	0.24713888505222587	0.19497341585924172	0.2858962435216054	0.535256047632424	0.3939913480566853	0.28779249569958354	0.1506193374493102	0.3069717378519817	0.2614571481119444	0.5865034687969131	0.6216387126951446	0.5474549039981728	1.0	0.19131890086454012	0.25624181403818613	0.2294373008552755	0.41784120352555804	0.2974131380263973	0.28215181620907165	1.0	0.2861748450156794	0.20206053425742285	1.0	0.35733555269300044	0.321460448875133	0.7863954451402115	0.3090932172424119
te	0.0	1.0	1.0	1.0	0.7411828468492556	1.0	1.0	0.6016441419741769	0.601644141974177	0.5402079089032552	1.0	1.0	0.7510341748895938	1.0	0.6579574172457174	1.0	1.0	0.7510341748895937	1.0	1.0	1.0	0.6786291688147438	0.7347168825662656	0.5867823268290592	1.0	1.0	0.5406687932045985	1.0	1.0	0.7347168825662656	0.35733555269300044	1.0	1.0	1.0	1.0
vi	1.0	0.7411828468492556	1.0	1.0	0.651610424238932	0.4628969862267996	1.0	0.19213405567827127	0.3844234529468026	0.3107375114507812	1.0	1.0	0.5562664690839838	0.5025484962352023	0.28636640723709295	1.0	1.0	0.6740515375688697	1.0	1.0	1.0	0.42934618930437884	0.5073291969738131	0.2995979845260578	0.5665446450931801	1.0	0.4554952857593595	1.0	0.4993748657875013	0.32681999969559405	0.321460448875133	1.0	1.0	1.0	1.0
war	1.0	1.0	0.0	1.0	1.0	1.0	1.0	0.7863954451402115	0.7863954451402115	1.0	1.0	1.0	1.0	1.0	1.0	1.0	1.0	1.0	1.0	1.0	1.0	1.0	1.0	0.5020797777427737	1.0	1.0	0.749506019670501	1.0	1.0	0.7863954451402115	0.7863954451402115	1.0	1.0	1.0	1.0
zh	1.0	0.7322034805959264	1.0	1.0	0.6024121817672691	0.33338620174012745	1.0	0.23567545856941796	0.29626299507210846	0.27148244728609305	1.0	1.0	0.4563160991677717	0.43109748984699864	0.23309264053849565	1.0	1.0	0.661251134120194	1.0	1.0	1.0	0.25897197095973973	0.35153279759387535	0.29471810514709035	0.47383542308812315	0.7060849820979841	0.4808701338465792	1.0	0.44558006814964235	0.30762390855192007	0.3090932172424119	1.0	1.0	1.0	1.0
