arz	bs	ceb	ckb	da	de	el	en	es	fr	he	hi	hu	id	it	ja	ko	lv	mk	ml	mr	nl	pl	pt	ro	ru	sh	si	simple	sr	sv	te	vi	war	zh
arz	1.0	0.0	0.0	0.0	1.0	1.0	0.0	1.0	1.0	1.0	1.0	0.0	1.0	1.0	1.0	1.0	1.0	0.0	1.0	0.0	0.0	1.0	1.0	1.0	1.0	1.0	0.0	0.0	1.0	0.0	1.0	0.0	1.0	0.0	1.0
bs	0.0	1.0	0.0	1.0	1.0	1.0	1.0	1.0	1.0	1.0	1.0	1.0	0.585786437626905	1.0	0.585786437626905	1.0	1.0	1.0	1.0	1.0	0.0	1.0	1.0	1.0	0.0	1.0	1.0	0.0	1.0	1.0	1.0	0.0	1.0	0.0	1.0
ceb	0.0	0.0	1.0	0.0	1.0	1.0	0.0	1.0	1.0	1.0	1.0	0.0	0.0	1.0	1.0	1.0	1.0	1.0	1.0	1.0	0.0	1.0	1.0	1.0	1.0	1.0	0.0	0.0	1.0	1.0	1.0	0.0	1.0	0.0	1.0
ckb	0.0	1.0	0.0	1.0	1.0	1.0	1.0	0.38742588672279304	1.0	1.0	1.0	1.0	1.0	1.0	0.585786437626905	1.0	1.0	1.0	1.0	1.0	0.0	1.0	1.0	1.0	0.0	1.0	0.0	0.0	1.0	1.0	1.0	0.0	1.0	0.0	1.0
da	1.0	1.0	1.0	1.0	1.0	0.15260705306097969	1.0	0.05912383044545621	0.3430703308172536	0.19329916803145003	0.4364916731037085	1.0	0.585786437626905	0.27429188517743175	0.06337839529922513	0.39564392373896007	0.39564392373896	1.0	0.26427884169111276	1.0	0.0	0.16349903107484998	0.30383243470068705	0.19231250837392203	1.0	0.3164309725825328	0.585786437626905	0.0	1.0	0.585786437626905	0.14217432583350953	0.0	1.0	1.0	0.39564392373896
de	1.0	1.0	1.0	1.0	0.15260705306097969	1.0	0.3164309725825328	0.006100567578488078	0.0838646175108391	0.009831262964399989	1.0	1.0	0.13698343932442017	0.04536098575753999	0.01171561593338729	0.141599379761988	0.3660254037844386	1.0	0.3090169943749474	1.0	0.0	0.01069117335178263	0.01819185474348606	0.016900961218603267	0.44948974278317805	0.019084661387817864	0.17854832631144232	0.0	0.3090169943749474	0.5	0.02277640197758448	0.0	0.44948974278317805	1.0	0.16189424969836874
el	0.0	1.0	0.0	1.0	1.0	0.3164309725825328	1.0	0.018938493790015904	1.0	0.1827439976315568	1.0	1.0	0.26427884169111276	0.27718637277259645	0.033383254971777125	1.0	1.0	1.0	1.0	1.0	0.0	0.3660254037844386	0.16502618927924417	0.08649032875028057	1.0	1.0	1.0	0.0	1.0	1.0	0.1	0.0	1.0	1.0	1.0
en	1.0	1.0	1.0	0.38742588672279304	0.05912383044545621	0.006100567578488078	0.018938493790015904	1.0	0.005597576714112014	0.020363607990830743	0.050895619896096665	0.2958163163244893	0.03398913265601965	0.028413379387926565	0.03339499463285803	0.007481575099216287	0.017725793612580077	0.5	0.021014530701351272	0.585786437626905	1.0	0.014011977427685547	0.02003078040879015	0.03335528560267348	0.15974667297574377	0.003747249054080724	0.10855905883788594	1.0	0.06883271049420192	0.16089167649473737	0.028231493379553285	0.0	0.09682998898940484	1.0	0.006210043741250616
es	1.0	1.0	1.0	1.0	0.3430703308172536	0.0838646175108391	1.0	0.005597576714112014	1.0	0.009206342868450795	1.0	1.0	0.14261484075203912	0.0750300706989773	0.012208968915747787	0.22772999919644132	0.585786437626905	1.0	1.0	1.0	0.0	0.04613975724432578	0.035420472402741376	0.014227473776602412	0.5	0.18151291824946006	0.38742588672279304	0.0	0.2958163163244893	1.0	0.030929894659994503	0.0	0.585786437626905	1.0	0.3660254037844386
fr	1.0	1.0	1.0	1.0	0.19329916803145003	0.009831262964399989	0.1827439976315568	0.020363607990830743	0.009206342868450795	1.0	0.3090169943749474	0.4142135623730951	0.11016744779941144	0.03969457806586457	0.014542773762331204	0.013549539703495641	0.13367660240019172	0.5	0.162232901101684	1.0	0.0	0.01299244709334009	0.016187618120920944	0.015239071209836431	0.26533119314590375	0.0069632034498853254	0.23511689210335887	1.0	0.2240092377397959	0.4142135623730951	0.026087395918208044	1.0	0.21239994067041815	1.0	0.02512963680049177
he	1.0	1.0	1.0	1.0	0.4364916731037085	1.0	1.0	0.050895619896096665	1.0	0.3090169943749474	1.0	1.0	0.39564392373896007	0.27718637277259645	0.09577122620329534	1.0	1.0	1.0	1.0	1.0	0.0	0.4142135623730951	0.28172904669025317	0.18594358782685683	1.0	1.0	0.585786437626905	0.0	1.0	1.0	0.25728427444747215	0.0	1.0	1.0	1.0
hi	0.0	1.0	0.0	1.0	1.0	1.0	1.0	0.2958163163244893	1.0	0.4142135623730951	1.0	1.0	0.585786437626905	1.0	0.39564392373896007	1.0	1.0	1.0	1.0	1.0	1.0	0.585786437626905	0.5	0.4364916731037085	1.0	1.0	1.0	0.0	1.0	1.0	0.4142135623730951	1.0	1.0	1.0	1.0
hu	1.0	0.585786437626905	0.0	1.0	0.585786437626905	0.13698343932442017	0.26427884169111276	0.03398913265601965	0.14261484075203912	0.11016744779941144	0.39564392373896007	0.585786437626905	1.0	0.3380788308512194	0.04239098879686478	0.18822566650963435	0.3660254037844386	0.585786437626905	0.4142135623730951	1.0	0.0	0.2012628451930092	0.1760337259201872	0.14365784533124953	1.0	0.11909141985105977	0.585786437626905	0.0	0.5	0.39564392373896007	0.1955803702461375	0.0	0.5	1.0	0.25355482027512377
id	1.0	1.0	1.0	1.0	0.27429188517743175	0.04536098575753999	0.27718637277259645	0.028413379387926565	0.0750300706989773	0.03969457806586457	0.27718637277259645	1.0	0.3380788308512194	1.0	0.040465307619239735	0.055783926023855554	0.10583833214007674	1.0	0.3333333333333333	1.0	0.0	0.0583357328765697	0.10275869101116838	0.06653191065030048	0.585786437626905	0.03576755237122583	0.5	1.0	0.30216947925196225	0.5	0.12228122296039481	0.0	0.32449979983983984	1.0	0.0722270279186898
it	1.0	0.585786437626905	1.0	0.585786437626905	0.06337839529922513	0.01171561593338729	0.033383254971777125	0.03339499463285803	0.012208968915747787	0.014542773762331204	0.09577122620329534	0.39564392373896007	0.04239098879686478	0.040465307619239735	1.0	0.017315238980902443	0.035983057759661846	0.3266316347104093	0.05265724697732906	0.585786437626905	0.0	0.015176519353842876	0.018499752391386595	0.024968128509452514	0.08559257547367043	0.009747037525018246	0.14173464101985322	1.0	0.06574451882850596	0.07866695760470437	0.028312035713906523	0.0	0.08598344475655936	1.0	0.022745312801019872
ja	1.0	1.0	1.0	1.0	0.39564392373896007	0.141599379761988	1.0	0.007481575099216287	0.22772999919644132	0.013549539703495641	1.0	1.0	0.18822566650963435	0.055783926023855554	0.017315238980902443	1.0	1.0	1.0	1.0	1.0	0.0	0.06051739456775009	0.039005561038795114	0.026297715393927397	1.0	1.0	0.20856217852254144	0.0	0.44948974278317805	1.0	0.0312934065127482	1.0	1.0	1.0	1.0
ko	1.0	1.0	1.0	1.0	0.39564392373896	0.3660254037844386	1.0	0.017725793612580077	0.585786437626905	0.13367660240019172	1.0	1.0	0.3660254037844386	0.10583833214007674	0.035983057759661846	1.0	1.0	1.0	1.0	1.0	0.0	0.1842574582922436	0.13384928569473742	0.04525906105794816	0.585786437626905	1.0	0.585786437626905	0.0	0.44948974278317805	1.0	0.16722520332754173	0.0	1.0	1.0	1.0
lv	0.0	1.0	1.0	1.0	1.0	1.0	1.0	0.5	1.0	0.5	1.0	1.0	0.585786437626905	1.0	0.3266316347104093	1.0	1.0	1.0	1.0	1.0	0.0	1.0	0.585786437626905	0.4364916731037085	1.0	1.0	1.0	0.0	1.0	1.0	0.5	0.0	1.0	1.0	1.0
mk	1.0	1.0	1.0	1.0	0.26427884169111276	0.3090169943749474	1.0	0.021014530701351272	1.0	0.162232901101684	1.0	1.0	0.4142135623730951	0.3333333333333333	0.05265724697732906	1.0	1.0	1.0	1.0	1.0	0.0	0.25	0.4142135623730951	0.3203772410170407	1.0	1.0	1.0	0.0	0.585786437626905	1.0	0.2097188436578299	0.0	1.0	1.0	1.0
ml	0.0	1.0	1.0	1.0	1.0	1.0	1.0	0.585786437626905	1.0	1.0	1.0	1.0	1.0	1.0	0.585786437626905	1.0	1.0	1.0	1.0	1.0	0.0	1.0	1.0	1.0	1.0	1.0	1.0	0.0	1.0	1.0	0.585786437626905	0.0	1.0	1.0	1.0
mr	0.0	0.0	0.0	0.0	0.0	0.0	0.0	1.0	0.0	0.0	0.0	1.0	0.0	0.0	0.0	0.0	0.0	0.0	0.0	0.0	1.0	0.0	0.0	0.0	0.0	0.0	0.0	0.0	0.0	0.0	0.0	0.0	0.0	0.0	0.0
nl	1.0	1.0	1.0	1.0	0.16349903107484998	0.01069117335178263	0.3660254037844386	0.014011977427685547	0.04613975724432578	0.01299244709334009	0.4142135623730951	0.585786437626905	0.2012628451930092	0.0583357328765697	0.015176519353842876	0.06051739456775009	0.1842574582922436	1.0	0.25	1.0	0.0	1.0	0.039873109403302895	0.027422827068760123	0.2958163163244893	0.018305513290840934	0.25355482027512377	0.0	0.30552726787943424	0.5	0.03523711389323325	0.0	0.2612038749637415	1.0	0.04323334215106031
pl	1.0	1.0	1.0	1.0	0.30383243470068705	0.01819185474348606	0.16502618927924417	0.02003078040879015	0.035420472402741376	0.016187618120920944	0.28172904669025317	0.5	0.1760337259201872	0.10275869101116838	0.018499752391386595	0.039005561038795114	0.13384928569473742	0.585786437626905	0.4142135623730951	1.0	0.0	0.039873109403302895	1.0	0.025021324246477735	0.4142135623730951	0.011954131002413916	0.2244489451896886	0.0	0.2553967929896867	0.23582845781094	0.04819805759717369	1.0	0.25824569976124334	1.0	0.09222956810967159
pt	1.0	1.0	1.0	1.0	0.19231250837392203	0.016900961218603267	0.08649032875028057	0.03335528560267348	0.014227473776602412	0.015239071209836431	0.18594358782685683	0.4364916731037085	0.14365784533124953	0.06653191065030048	0.024968128509452514	0.026297715393927397	0.04525906105794816	0.4364916731037085	0.3203772410170407	1.0	0.0	0.027422827068760123	0.025021324246477735	1.0	0.32037724101704074	0.012137922151568704	0.3126480851423008	0.0	0.284172626067758	0.3660254037844386	0.03788388657011095	0.0	0.21393876913398135	1.0	0.04721798422408435
ro	1.0	0.0	1.0	0.0	1.0	0.44948974278317805	1.0	0.15974667297574377	0.5	0.26533119314590375	1.0	1.0	1.0	0.585786437626905	0.08559257547367043	1.0	0.585786437626905	1.0	1.0	1.0	0.0	0.2958163163244893	0.4142135623730951	0.32037724101704074	1.0	0.3430703308172536	0.585786437626905	0.0	1.0	1.0	0.3021694792519622	0.0	1.0	1.0	0.5
ru	1.0	1.0	1.0	1.0	0.3164309725825328	0.019084661387817864	1.0	0.003747249054080724	0.18151291824946006	0.0069632034498853254	1.0	1.0	0.11909141985105977	0.03576755237122583	0.009747037525018246	1.0	1.0	1.0	1.0	1.0	0.0	0.018305513290840934	0.011954131002413916	0.012137922151568704	0.3430703308172536	1.0	0.18740992571549211	1.0	0.34833147735478825	1.0	0.022313435060130615	1.0	1.0	1.0	1.0
sh	0.0	1.0	0.0	0.0	0.585786437626905	0.17854832631144232	1.0	0.10855905883788594	0.38742588672279304	0.23511689210335887	0.585786437626905	1.0	0.585786437626905	0.5	0.14173464101985322	0.20856217852254144	0.585786437626905	1.0	1.0	1.0	0.0	0.25355482027512377	0.2244489451896886	0.3126480851423008	0.585786437626905	0.18740992571549211	1.0	0.0	0.585786437626905	0.44948974278317805	0.38742588672279304	0.0	0.585786437626905	1.0	0.21089672205953397
si	0.0	0.0	0.0	0.0	0.0	0.0	0.0	1.0	0.0	1.0	0.0	0.0	0.0	1.0	1.0	0.0	0.0	0.0	0.0	0.0	0.0	0.0	0.0	0.0	0.0	1.0	0.0	1.0	0.0	0.0	1.0	0.0	0.0	0.0	0.0
simple	1.0	1.0	1.0	1.0	1.0	0.3090169943749474	1.0	0.06883271049420192	0.2958163163244893	0.2240092377397959	1.0	1.0	0.5	0.30216947925196225	0.06574451882850596	0.44948974278317805	0.44948974278317805	1.0	0.585786437626905	1.0	0.0	0.30552726787943424	0.2553967929896867	0.284172626067758	1.0	0.34833147735478825	0.585786437626905	0.0	1.0	1.0	0.25175647872610657	0.0	0.36602540378443865	0.0	0.38742588672279304
sr	0.0	1.0	1.0	1.0	0.585786437626905	0.5	1.0	0.16089167649473737	1.0	0.4142135623730951	1.0	1.0	0.39564392373896007	0.5	0.07866695760470437	1.0	1.0	1.0	1.0	1.0	0.0	0.5	0.23582845781094	0.3660254037844386	1.0	1.0	0.44948974278317805	0.0	1.0	1.0	0.28989794855663564	0.0	1.0	1.0	1.0
sv	1.0	1.0	1.0	1.0	0.14217432583350953	0.02277640197758448	0.1	0.028231493379553285	0.030929894659994503	0.026087395918208044	0.25728427444747215	0.4142135623730951	0.1955803702461375	0.12228122296039481	0.028312035713906523	0.0312934065127482	0.16722520332754173	0.5	0.2097188436578299	0.585786437626905	0.0	0.03523711389323325	0.04819805759717369	0.03788388657011095	0.3021694792519622	0.022313435060130615	0.38742588672279304	1.0	0.25175647872610657	0.28989794855663564	1.0	0.0	0.27429188517743175	1.0	0.07106352590081749
te	0.0	0.0	0.0	0.0	0.0	0.0	0.0	0.0	0.0	1.0	0.0	1.0	0.0	0.0	0.0	1.0	0.0	0.0	0.0	0.0	0.0	0.0	1.0	0.0	0.0	1.0	0.0	0.0	0.0	0.0	0.0	1.0	0.0	0.0	0.0
vi	1.0	1.0	1.0	1.0	1.0	0.44948974278317805	1.0	0.09682998898940484	0.585786437626905	0.21239994067041815	1.0	1.0	0.5	0.32449979983983984	0.08598344475655936	1.0	1.0	1.0	1.0	1.0	0.0	0.2612038749637415	0.25824569976124334	0.21393876913398135	1.0	1.0	0.585786437626905	0.0	0.36602540378443865	1.0	0.27429188517743175	0.0	1.0	1.0	1.0
war	0.0	0.0	0.0	0.0	1.0	1.0	1.0	1.0	1.0	1.0	1.0	1.0	1.0	1.0	1.0	1.0	1.0	1.0	1.0	1.0	0.0	1.0	1.0	1.0	1.0	1.0	1.0	0.0	0.0	1.0	1.0	0.0	1.0	1.0	1.0
zh	1.0	1.0	1.0	1.0	0.39564392373896	0.16189424969836874	1.0	0.006210043741250616	0.3660254037844386	0.02512963680049177	1.0	1.0	0.25355482027512377	0.0722270279186898	0.022745312801019872	1.0	1.0	1.0	1.0	1.0	0.0	0.04323334215106031	0.09222956810967159	0.04721798422408435	0.5	1.0	0.21089672205953397	0.0	0.38742588672279304	1.0	0.07106352590081749	0.0	1.0	1.0	1.0
