arz	bs	ceb	ckb	da	de	el	en	es	fr	he	hi	hu	id	it	ja	ko	lv	mk	ml	mr	nl	pl	pt	ro	ru	sh	si	simple	sr	sv	te	vi	war	zh
arz	1.0	0.5666666666666667	0.5263157894736842	0.56	0.5357142857142857	0.5245901639344263	0.5555555555555556	0.5109717868338558	0.5217391304347826	0.5191256830601093	0.5306122448979592	0.5256410256410257	0.547945205479452	0.5303018545821371	0.5174418604651163	0.5220588235294117	0.5308755760368663	0.5581395348837209	0.5681818181818182	0.5587106676899463	0.5370370370370371	0.535031847133758	0.5315315315315315	0.5284552845528455	0.5421686746987951	0.5202312138728323	0.5576923076923077	0.5135135135135135	0.5343297524521252	0.5522388059701493	0.5178571428571429	0.5348837209302326	0.5443037974683544	0.625	0.525698815566836
bs	0.5666666666666667	1.0	0.5476190476190476	0.5666666666666667	0.554695388757994	0.5317460317460317	0.5671641791044776	0.515527950310559	0.5272727272727272	0.5240641711229946	0.55	0.55	0.5512820512820512	0.5343511450381679	0.5227272727272727	0.5285714285714286	0.536	0.5869565217391304	0.56	0.5576923076923077	0.5517241379310345	0.5338983050847458	0.5391304347826087	0.5354330708661417	0.5454545454545455	0.5254237288135593	0.5714285714285714	0.55	0.5436065324146332	0.5555555555555556	0.5294117647058824	0.5416666666666666	0.5542168674698795	0.5625	0.5314685314685315
ceb	0.5263157894736842	0.5476190476190476	1.0	0.5405405405405405	0.5722903288577544	0.5547928107838243	0.5394736842105263	0.521310363209033	0.5433589462129528	0.5375657952774429	0.5716546762589928	0.5558967360400319	0.5855210819411297	0.5429316756396737	0.5350057596313836	0.5459513164431197	0.5398591027067111	0.5926481620405101	0.5705521472392638	0.5448354143019296	0.5417207090358841	0.5568568190404232	0.5650684931506849	0.5516823495865413	0.5627758705247671	0.541096314648498	0.571608040201005	0.5208333333333334	0.5571605447791993	0.5549459041731066	0.5420552367288379	0.5178571428571429	0.5568181818181818	0.5384615384615384	0.5398488826719562
ckb	0.56	0.5666666666666667	0.5405405405405405	1.0	0.5357142857142857	0.5289256198347108	0.5384615384615384	0.5109717868338558	0.5185185185185185	0.5191256830601093	0.5306122448979592	0.5394736842105263	0.5429461504227859	0.5234375	0.5174418604651163	0.5220588235294117	0.5245901639344263	0.5714285714285714	0.5555555555555556	0.5531914893617021	0.5471698113207547	0.5263157894736842	0.5267857142857143	0.5241935483870968	0.5357142857142857	0.5172413793103449	0.5471698113207547	0.5277777777777778	0.5274725274725275	0.5441176470588236	0.5178571428571429	0.5699115044247788	0.5375	0.5555555555555556	0.5214285714285714
da	0.5357142857142857	0.554695388757994	0.5722903288577544	0.5357142857142857	1.0	0.5975108345371709	0.5872466633712309	0.5559325725682119	0.5910425844346548	0.5849887789876154	0.6144392865868556	0.576	0.6279162831645925	0.5962877980824387	0.5809612692487168	0.584689349112426	0.5915348641689875	0.5913978494623656	0.5714285714285714	0.5588235294117647	0.5548639516272452	0.5986842105263158	0.620614234940308	0.605887162714636	0.6102624363493929	0.5869436421535955	0.5911330049261084	0.5376344086021506	0.6108288960972723	0.591514290786437	0.583628553336414	0.5294117647058824	0.6016260162601625	0.5411764705882353	0.5999907693727788
de	0.5245901639344263	0.5317460317460317	0.5547928107838243	0.5289256198347108	0.5975108345371709	1.0	0.5782312925170068	0.5762395177273222	0.6146788990825688	0.6227196214912879	0.6047244094488189	0.5754047984871765	0.6055879862751213	0.5978829541306728	0.6024191324218904	0.6125130344108446	0.595975537581377	0.556390977443609	0.5597014925373135	0.5615523001799023	0.5545677572931089	0.6160767571041638	0.617268515113628	0.6219701216898065	0.6087354518111677	0.604988695208227	0.5674719462511615	0.5307692307692308	0.6148893799274354	0.5836663518128316	0.5949809850227711	0.5367647058823529	0.5901514510533886	0.5327868852459017	0.6163531833345163
el	0.5555555555555556	0.5671641791044776	0.5394736842105263	0.5384615384615384	0.5872466633712309	0.5782312925170068	1.0	0.5411764705882353	0.5645161290322581	0.5576923076923077	0.5809755911808385	0.593811394891945	0.5836221184270002	0.567741935483871	0.5612244897959184	0.5750000000000001	0.5689211326936578	0.5769230769230769	0.5679012345679012	0.5938433264415346	0.5776246453182002	0.5704225352112676	0.5738942826321467	0.5810810810810811	0.5789473684210527	0.5645155803510682	0.5747126436781609	0.5333333333333333	0.5798319327731092	0.5918367346938775	0.5625	0.5641025641025641	0.5871559633027523	0.5625	0.5696969696969697
en	0.5109717868338558	0.515527950310559	0.521310363209033	0.5109717868338558	0.5559325725682119	0.5762395177273222	0.5411764705882353	1.0	0.5952491276954366	0.6072256627820303	0.5635797291311273	0.5493197278911565	0.5487086380606556	0.5819748105337768	0.5923896866925203	0.5841674944601513	0.5710322176162894	0.52600982527532	0.525852096090438	0.5293873258637031	0.534281999730035	0.5718322649750347	0.5694421750399682	0.5771892276397399	0.5550333377366492	0.5996018041909573	0.5331114808652246	0.5185185185185185	0.5614409342826033	0.54509635435769	0.5888213598415368	0.5245627050716268	0.5522863329512163	0.5125000000000001	0.5861637710653741
es	0.5217391304347826	0.5272727272727272	0.5433589462129528	0.5185185185185185	0.5910425844346548	0.6146788990825688	0.5645161290322581	0.5952491276954366	1.0	0.6261180679785331	0.5949225729600953	0.5634517766497462	0.5882352941176471	0.5930735930735931	0.6000000000000001	0.6025641025641025	0.5955555555555555	0.5510061242344707	0.5465198863636364	0.5482233502538072	0.5439560439560439	0.616305277065361	0.6000000000000001	0.6136363636363635	0.5808080808080808	0.6175438596491228	0.553072625698324	0.5266272189349113	0.5910316825227468	0.573359607273733	0.585820895522388	0.5284090909090908	0.5824742268041238	0.5246913580246914	0.6123927550047664
fr	0.5191256830601093	0.5240641711229946	0.5375657952774429	0.5191256830601093	0.5849887789876154	0.6227196214912879	0.5576923076923077	0.6072256627820303	0.6261180679785331	1.0	0.5961245889094371	0.5622119815668203	0.5797660367656511	0.6012036108324974	0.5952133527314586	0.6017545896983837	0.6033640697038368	0.5412371134020618	0.5464551527508412	0.546801530064559	0.5538363982244768	0.6035973585318691	0.6000412116216773	0.6041532212140769	0.5808347262849979	0.6136742017832698	0.55	0.5263157894736842	0.5846698903624263	0.566035384998754	0.5800132898044087	0.5306122448979592	0.5740740740740741	0.5217391304347826	0.6205619690699195
he	0.5306122448979592	0.55	0.5716546762589928	0.5306122448979592	0.6144392865868556	0.6047244094488189	0.5809755911808385	0.5635797291311273	0.5949225729600953	0.5961245889094371	1.0	0.5697290966807409	0.6113924050632912	0.6045569620253164	0.5791832799103537	0.5896333993026106	0.5892728950876833	0.5740740740740741	0.5639224501264399	0.5517241379310345	0.5476114902396445	0.6053629088867051	0.597932719413644	0.6283240135327012	0.5998254656521858	0.5976107666717073	0.5806211277546859	0.5341050020669698	0.6085802742149492	0.5894728485233408	0.5706760316066725	0.5258620689655172	0.6074752050936696	0.5353535353535354	0.6027194399569198
hi	0.5256410256410257	0.55	0.5558967360400319	0.5394736842105263	0.576	0.5754047984871765	0.593811394891945	0.5493197278911565	0.5634517766497462	0.5622119815668203	0.5697290966807409	1.0	0.5797893538286365	0.5832154130837053	0.5550239234449761	0.5787693705517137	0.5652173913043479	0.5795454545454545	0.5652173913043479	0.5932559115712887	0.6236679753224902	0.5612903225806452	0.5715968366145044	0.5644171779141104	0.5714285714285714	0.5634782608695652	0.5656565656565656	0.5411764705882353	0.5779987569919205	0.5740112994350283	0.5630135141202353	0.5952380952380952	0.5737704918032787	0.5384615384615384	0.5623659829267306
hu	0.547945205479452	0.5512820512820512	0.5855210819411297	0.5429461504227859	0.6279162831645925	0.6055879862751213	0.5836221184270002	0.5487086380606556	0.5882352941176471	0.5797660367656511	0.6113924050632912	0.5797893538286365	1.0	0.5888316736460357	0.5705188722904055	0.5876876699373448	0.5909510618651893	0.5909725453699395	0.5795454545454545	0.5671254219683199	0.5654182328698881	0.6013986013986014	0.6088045187212484	0.597442985487215	0.6141229853003733	0.5870676100628931	0.6030130935478782	0.5421686746987951	0.6217174702355822	0.6009850031058657	0.5779091392136025	0.5289932117444999	0.5970062105207283	0.5540540540540541	0.5994358781496804
id	0.5303018545821371	0.5343511450381679	0.5429316756396737	0.5234375	0.5962877980824387	0.5978829541306728	0.567741935483871	0.5819748105337768	0.5930735930735931	0.6012036108324974	0.6045569620253164	0.5832154130837053	0.5888316736460357	1.0	0.5805700159262165	0.5974213016939853	0.5981889860786004	0.559508895013781	0.5531914893617021	0.5524475524475525	0.5560877350044763	0.5885416666666666	0.5916398713826367	0.602256446991404	0.591710182767624	0.6050023841518922	0.5578231292517006	0.5255474452554745	0.5903592171950723	0.5741154807312903	0.5722801788375559	0.5390070921985816	0.601510067114094	0.53125	0.6114278781996846
it	0.5174418604651163	0.5227272727272727	0.5350057596313836	0.5174418604651163	0.5809612692487168	0.6024191324218904	0.5612244897959184	0.5923896866925203	0.6000000000000001	0.5952133527314586	0.5791832799103537	0.5550239234449761	0.5705188722904055	0.5805700159262165	1.0	0.611526569353563	0.5827834123152783	0.5439560439560439	0.5434782608695652	0.5445193233392931	0.5400012217222211	0.5937794533459001	0.5954975995847931	0.5944197331176708	0.5886318726025804	0.603290676416819	0.5502645502645502	0.5280898876404494	0.5771022633404923	0.5656565656565656	0.6135533612877045	0.5268817204301075	0.5830552321821239	0.5232558139534884	0.5927621227292234
ja	0.5220588235294117	0.5285714285714286	0.5459513164431197	0.5220588235294117	0.584689349112426	0.6125130344108446	0.5750000000000001	0.5841674944601513	0.6025641025641025	0.6017545896983837	0.5896333993026106	0.5787693705517137	0.5876876699373448	0.5974213016939853	0.611526569353563	1.0	0.6083306792847719	0.5510204081632653	0.556965269768038	0.5579761423372422	0.5544660846205507	0.596938775510204	0.5999460744662598	0.5908795471223398	0.5943307086614172	0.5955510182150341	0.5645039131532441	0.5314685314685315	0.6015340182756498	0.5768444020182735	0.5988210026047617	0.5369127516778524	0.6052581804425949	0.5294117647058824	0.6064575433758475
ko	0.5308755760368663	0.536	0.5398591027067111	0.5245901639344263	0.5915348641689875	0.595975537581377	0.5689211326936578	0.5710322176162894	0.5955555555555555	0.6033640697038368	0.5892728950876833	0.5652173913043479	0.5909510618651893	0.5981889860786004	0.5827834123152783	0.6083306792847719	1.0	0.5628124667588554	0.5597014925373135	0.5460793502030615	0.5448275862068965	0.5851063829787234	0.5873352117310737	0.589186439446241	0.5809594050582342	0.5873818766419637	0.5684244731222727	0.5348837209302326	0.5973674136458671	0.5677118644067797	0.5776829173065411	0.5251798561151079	0.6001514168288989	0.5327868852459017	0.6268967913819066
lv	0.5581395348837209	0.5869565217391304	0.5926481620405101	0.5714285714285714	0.5913978494623656	0.556390977443609	0.5769230769230769	0.52600982527532	0.5510061242344707	0.5412371134020618	0.5740740740740741	0.5795454545454545	0.5909725453699395	0.559508895013781	0.5439560439560439	0.5510204081632653	0.5628124667588554	1.0	0.6034482758620691	0.5714285714285714	0.5652173913043479	0.5645161290322581	0.5727034448327509	0.5659958567623556	0.5913978494623656	0.5464480874316939	0.609375	0.5471698113207547	0.5754168552233091	0.6097685067412872	0.5480225988700566	0.540983606557377	0.5888888888888889	0.5681818181818182	0.5544889537516985
mk	0.5681818181818182	0.56	0.5705521472392638	0.5555555555555556	0.5714285714285714	0.5597014925373135	0.5679012345679012	0.525852096090438	0.5465198863636364	0.5464551527508412	0.5639224501264399	0.5652173913043479	0.5795454545454545	0.5531914893617021	0.5434782608695652	0.556965269768038	0.5597014925373135	0.6034482758620691	1.0	0.5606060606060607	0.547945205479452	0.5680000000000001	0.5666923670007711	0.5547445255474452	0.5833333333333333	0.543010752688172	0.5970149253731343	0.5454545454545455	0.5705553219703096	0.5925925925925926	0.5414364640883979	0.53125	0.5859613428280773	0.5909090909090909	0.5543178185692836
ml	0.5587106676899463	0.5576923076923077	0.5448354143019296	0.5531914893617021	0.5588235294117647	0.5615523001799023	0.5938433264415346	0.5293873258637031	0.5482233502538072	0.546801530064559	0.5517241379310345	0.5932559115712887	0.5671254219683199	0.5524475524475525	0.5445193233392931	0.5579761423372422	0.5460793502030615	0.5714285714285714	0.5606060606060607	1.0	0.6173499125704294	0.5538461538461539	0.5590551181102362	0.55	0.5643564356435644	0.5483870967741935	0.5540540540540541	0.543859649122807	0.5646325269903585	0.569952822515048	0.540983606557377	0.6034482758620691	0.5555555555555556	0.5625	0.5424280964812459
mr	0.5370370370370371	0.5517241379310345	0.5417207090358841	0.5471698113207547	0.5548639516272452	0.5545677572931089	0.5776246453182002	0.534281999730035	0.5439560439560439	0.5538363982244768	0.5476114902396445	0.6236679753224902	0.5654182328698881	0.5560877350044763	0.5400012217222211	0.5544660846205507	0.5448275862068965	0.5652173913043479	0.547945205479452	0.6173499125704294	1.0	0.549224369529422	0.5535507897778348	0.5453908544636361	0.5573770491803278	0.5580419580419581	0.5594349142280525	0.5483870967741935	0.5582406959884002	0.556238085151451	0.5435528740200152	0.6156569094622192	0.5471698113207547	0.5454545454545455	0.5408027114154095
nl	0.535031847133758	0.5338983050847458	0.5568568190404232	0.5263157894736842	0.5986842105263158	0.6160767571041638	0.5704225352112676	0.5718322649750347	0.616305277065361	0.6035973585318691	0.6053629088867051	0.5612903225806452	0.6013986013986014	0.5885416666666666	0.5937794533459001	0.596938775510204	0.5851063829787234	0.5645161290322581	0.5680000000000001	0.5538461538461539	0.549224369529422	1.0	0.6073472401698357	0.6032608695652174	0.6026490066225166	0.6001346264117075	0.5813953488372093	0.5327868852459017	0.599130173965207	0.5866912790959434	0.5872794390377449	0.5267175572519084	0.5933333333333333	0.5350877192982456	0.5986470477138884
pl	0.5315315315315315	0.5391304347826087	0.5650684931506849	0.5267857142857143	0.620614234940308	0.617268515113628	0.5738942826321467	0.5694421750399682	0.6000000000000001	0.6000412116216773	0.597932719413644	0.5715968366145044	0.6088045187212484	0.5916398713826367	0.5954975995847931	0.5999460744662598	0.5873352117310737	0.5727034448327509	0.5666923670007711	0.5590551181102362	0.5535507897778348	0.6073472401698357	1.0	0.6004656016697438	0.6081081081081081	0.6017274472168906	0.5736434108527132	0.5333333333333333	0.6044887780548628	0.5904085489020655	0.591084110550184	0.53125	0.592675248077153	0.5357142857142857	0.5932308263465643
pt	0.5284552845528455	0.5354330708661417	0.5516823495865413	0.5241935483870968	0.605887162714636	0.6219701216898065	0.5810810810810811	0.5771892276397399	0.6136363636363635	0.6041532212140769	0.6283240135327012	0.5644171779141104	0.597442985487215	0.602256446991404	0.5944197331176708	0.5908795471223398	0.589186439446241	0.5659958567623556	0.5547445255474452	0.55	0.5453908544636361	0.6032608695652174	0.6004656016697438	1.0	0.6072823027331335	0.6182353294492162	0.5714285714285714	0.5303030303030303	0.6106132898871174	0.5895368877522655	0.5843158134935726	0.5285714285714286	0.5875	0.532258064516129	0.6109452443633904
ro	0.5421686746987951	0.5454545454545455	0.5627758705247671	0.5357142857142857	0.6102624363493929	0.6087354518111677	0.5789473684210527	0.5550333377366492	0.5808080808080808	0.5808347262849979	0.5998254656521858	0.5714285714285714	0.6141229853003733	0.591710182767624	0.5886318726025804	0.5943307086614172	0.5809594050582342	0.5913978494623656	0.5833333333333333	0.5643564356435644	0.5573770491803278	0.6026490066225166	0.6081081081081081	0.6072823027331335	1.0	0.5912920188310437	0.592485549132948	0.5319148936170213	0.5895522388059702	0.6190366443881079	0.58128078817734	0.5294117647058824	0.6016260162601625	0.5476190476190476	0.5821580126829734
ru	0.5202312138728323	0.5254237288135593	0.541096314648498	0.5172413793103449	0.5869436421535955	0.604988695208227	0.5645155803510682	0.5996018041909573	0.6175438596491228	0.6136742017832698	0.5976107666717073	0.5634782608695652	0.5870676100628931	0.6050023841518922	0.603290676416819	0.5955510182150341	0.5873818766419637	0.5464480874316939	0.543010752688172	0.5483870967741935	0.5580419580419581	0.6001346264117075	0.6017274472168906	0.6182353294492162	0.5912920188310437	1.0	0.5546025815217391	0.5277777777777778	0.59665709944285	0.5686736020806242	0.5956287065021278	0.532258064516129	0.581495419802789	0.5229885057471265	0.6066127495247741
sh	0.5576923076923077	0.5714285714285714	0.571608040201005	0.5471698113207547	0.5911330049261084	0.5674719462511615	0.5747126436781609	0.5331114808652246	0.553072625698324	0.55	0.5806211277546859	0.5656565656565656	0.6030130935478782	0.5578231292517006	0.5502645502645502	0.5645039131532441	0.5684244731222727	0.609375	0.5970149253731343	0.5540540540540541	0.5594349142280525	0.5813953488372093	0.5736434108527132	0.5714285714285714	0.592485549132948	0.5546025815217391	1.0	0.5573770491803278	0.5836608646827625	0.6190476190476191	0.5483870967741935	0.5277777777777778	0.5858585858585859	0.5660377358490566	0.5646891987709761
si	0.5135135135135135	0.55	0.5208333333333334	0.5277777777777778	0.5376344086021506	0.5307692307692308	0.5333333333333333	0.5185185185185185	0.5266272189349113	0.5263157894736842	0.5341050020669698	0.5411764705882353	0.5421686746987951	0.5255474452554745	0.5280898876404494	0.5314685314685315	0.5348837209302326	0.5471698113207547	0.5454545454545455	0.543859649122807	0.5483870967741935	0.5327868852459017	0.5333333333333333	0.5303030303030303	0.5319148936170213	0.5277777777777778	0.5573770491803278	1.0	0.5353535353535354	0.5384615384615384	0.5257142857142857	0.5384615384615384	0.5333333333333333	0.5263157894736842	0.5342465753424658
simple	0.5343297524521252	0.5436065324146332	0.5571605447791993	0.5274725274725275	0.6108288960972723	0.6148893799274354	0.5798319327731092	0.5614409342826033	0.5910316825227468	0.5846698903624263	0.6085802742149492	0.5779987569919205	0.6217174702355822	0.5903592171950723	0.5771022633404923	0.6015340182756498	0.5973674136458671	0.5754168552233091	0.5705553219703096	0.5646325269903585	0.5582406959884002	0.599130173965207	0.6044887780548628	0.6106132898871174	0.5895522388059702	0.59665709944285	0.5836608646827625	0.5353535353535354	1.0	0.5954447342386906	0.5777254098360656	0.53873480428902	0.6036339658583046	0.5384615384615384	0.6112021196279255
sr	0.5522388059701493	0.5555555555555556	0.5549459041731066	0.5441176470588236	0.591514290786437	0.5836663518128316	0.5918367346938775	0.54509635435769	0.573359607273733	0.566035384998754	0.5894728485233408	0.5740112994350283	0.6009850031058657	0.5741154807312903	0.5656565656565656	0.5768444020182735	0.5677118644067797	0.6097685067412872	0.5925925925925926	0.569952822515048	0.556238085151451	0.5866912790959434	0.5904085489020655	0.5895368877522655	0.6190366443881079	0.5686736020806242	0.6190476190476191	0.5384615384615384	0.5954447342386906	1.0	0.556648308418568	0.5411764705882353	0.5892857142857143	0.5588235294117647	0.5780713444944892
sv	0.5178571428571429	0.5294117647058824	0.5420552367288379	0.5178571428571429	0.583628553336414	0.5949809850227711	0.5625	0.5888213598415368	0.585820895522388	0.5800132898044087	0.5706760316066725	0.5630135141202353	0.5779091392136025	0.5722801788375559	0.6135533612877045	0.5988210026047617	0.5776829173065411	0.5480225988700566	0.5414364640883979	0.540983606557377	0.5435528740200152	0.5872794390377449	0.591084110550184	0.5843158134935726	0.58128078817734	0.5956287065021278	0.5483870967741935	0.5257142857142857	0.5777254098360656	0.556648308418568	1.0	0.5274725274725275	0.5771268576351497	0.5207100591715976	0.5817318992243724
te	0.5348837209302326	0.5416666666666666	0.5178571428571429	0.5699115044247788	0.5294117647058824	0.5367647058823529	0.5641025641025641	0.5245627050716268	0.5284090909090908	0.5306122448979592	0.5258620689655172	0.5952380952380952	0.5289932117444999	0.5390070921985816	0.5268817204301075	0.5369127516778524	0.5251798561151079	0.540983606557377	0.53125	0.6034482758620691	0.6156569094622192	0.5267175572519084	0.53125	0.5285714285714286	0.5294117647058824	0.532258064516129	0.5277777777777778	0.5384615384615384	0.53873480428902	0.5411764705882353	0.5274725274725275	1.0	0.5306122448979592	0.5454545454545455	0.5256410256410257
vi	0.5443037974683544	0.5542168674698795	0.5568181818181818	0.5375	0.6016260162601625	0.5901514510533886	0.5871559633027523	0.5522863329512163	0.5824742268041238	0.5740740740740741	0.6074752050936696	0.5737704918032787	0.5970062105207283	0.601510067114094	0.5830552321821239	0.6052581804425949	0.6001514168288989	0.5888888888888889	0.5859613428280773	0.5555555555555556	0.5471698113207547	0.5933333333333333	0.592675248077153	0.5875	0.6016260162601625	0.581495419802789	0.5858585858585859	0.5333333333333333	0.6036339658583046	0.5892857142857143	0.5771268576351497	0.5306122448979592	1.0	0.55	0.596140763188818
war	0.625	0.5625	0.5384615384615384	0.5555555555555556	0.5411764705882353	0.5327868852459017	0.5625	0.5125000000000001	0.5246913580246914	0.5217391304347826	0.5353535353535354	0.5384615384615384	0.5540540540540541	0.53125	0.5232558139534884	0.5294117647058824	0.5327868852459017	0.5681818181818182	0.5909090909090909	0.5625	0.5454545454545455	0.5350877192982456	0.5357142857142857	0.532258064516129	0.5476190476190476	0.5229885057471265	0.5660377358490566	0.5263157894736842	0.5384615384615384	0.5588235294117647	0.5207100591715976	0.5454545454545455	0.55	1.0	0.5285714285714286
zh	0.525698815566836	0.5314685314685315	0.5398488826719562	0.5214285714285714	0.5999907693727788	0.6163531833345163	0.5696969696969697	0.5861637710653741	0.6123927550047664	0.6205619690699195	0.6027194399569198	0.5623659829267306	0.5994358781496804	0.6114278781996846	0.5927621227292234	0.6064575433758475	0.6268967913819066	0.5544889537516985	0.5543178185692836	0.5424280964812459	0.5408027114154095	0.5986470477138884	0.5932308263465643	0.6109452443633904	0.5821580126829734	0.6066127495247741	0.5646891987709761	0.5342465753424658	0.6112021196279255	0.5780713444944892	0.5817318992243724	0.5256410256410257	0.596140763188818	0.5285714285714286	1.0
