arz	bs	ceb	ckb	da	de	el	en	es	fr	he	hi	hu	id	it	ja	ko	lv	mk	ml	mr	nl	pl	pt	ro	ru	sh	si	simple	sr	sv	te	vi	war	zh
arz	1.0	0.15384615384615385	0.05555555555555555	0.13636363636363635	0.07692307692307693	0.05172413793103448	0.125	0.022435897435897436	0.045454545454545456	0.03977272727272727	0.06521739130434782	0.05405405405405406	0.10606060606060606	0.06328382838283829	0.03614457831325301	0.046153846153846156	0.06490001226843332	0.13157894736842105	0.15789473684210525	0.12813852813852813	0.08	0.07328411266065081	0.0673076923076923	0.0603448275862069	0.09210526315789473	0.04216867469879518	0.13043478260869565	0.027777777777777776	0.07318295739348371	0.11666666666666667	0.037037037037037035	0.075	0.09722222222222222	0.3333333333333333	0.05397192261599042
bs	0.15384615384615385	1.0	0.10526315789473684	0.15384615384615385	0.12028657616892911	0.06779661016949153	0.15517241379310345	0.03205128205128205	0.057692307692307696	0.05056179775280899	0.1111111111111111	0.1111111111111111	0.11428571428571428	0.07377049180327869	0.047619047619047616	0.06060606060606061	0.07758620689655173	0.21052631578947367	0.13636363636363635	0.13043478260869565	0.11538461538461539	0.07272727272727272	0.08490566037735849	0.07627118644067797	0.1	0.05357142857142857	0.16666666666666666	0.1111111111111111	0.09481537050929399	0.125	0.0625	0.09090909090909091	0.12162162162162163	0.14285714285714285	0.06716417910447761
ceb	0.05555555555555555	0.10526315789473684	1.0	0.08823529411764706	0.16266968325791856	0.12001118333682811	0.08571428571428572	0.04409532483302975	0.09210789210789211	0.07945022854240731	0.15333554596747428	0.12327542156361777	0.19259962049335866	0.09246907591559544	0.07457226164933707	0.09640522875816993	0.0857487922705314	0.2206959706959707	0.15682234432234432	0.0967942732648615	0.08898305084745763	0.12256149279050042	0.140625	0.11104070964676066	0.1412313432835821	0.08669314128020462	0.15938410320432791	0.043478260869565216	0.12384044526901669	0.12034632034632034	0.0890625	0.037037037037037035	0.1282051282051282	0.08333333333333333	0.08511247138449289
ckb	0.13636363636363635	0.15384615384615385	0.08823529411764706	1.0	0.07692307692307693	0.06140350877192982	0.08333333333333333	0.022435897435897436	0.038461538461538464	0.03977272727272727	0.06521739130434782	0.08571428571428572	0.09236752552260574	0.04918032786885246	0.03614457831325301	0.046153846153846156	0.05172413793103448	0.16666666666666666	0.125	0.11904761904761904	0.10416666666666667	0.05555555555555555	0.05660377358490566	0.05084745762711865	0.07692307692307693	0.03571428571428571	0.10416666666666667	0.058823529411764705	0.05813953488372093	0.0967741935483871	0.037037037037037035	0.1437246963562753	0.08108108108108109	0.125	0.04477611940298507
da	0.07692307692307693	0.12028657616892911	0.16266968325791856	0.07692307692307693	1.0	0.23612637362637365	0.20680055677072975	0.1244814389590509	0.21616585138597716	0.19878437624551615	0.2803428428428429	0.1792452830188679	0.32077167019027486	0.22914987912973409	0.18791574279379158	0.20133283968900406	0.2218156137647663	0.2236842105263158	0.16666666666666666	0.13333333333333333	0.11956197112991539	0.2459016393442623	0.3007349454717876	0.25823045267489714	0.2785776887442093	0.20315423683507083	0.21049493142516398	0.08139534883720931	0.2703970557744143	0.21610535405872194	0.19760196761631482	0.0625	0.25510204081632654	0.08974358974358974	0.2405244474979961
de	0.05172413793103448	0.06779661016949153	0.12001118333682811	0.06140350877192982	0.23612637362637365	1.0	0.18548387096774194	0.17919525437943273	0.2976190476190476	0.31308243727598567	0.25659630606860157	0.173834628190899	0.25131036020965764	0.24183258906087365	0.251898983920292	0.287593984962406	0.2339337877312561	0.1271186440677966	0.13559322033898305	0.13771929824561402	0.12067182055749129	0.2991590624440866	0.2964340198321892	0.3079278812974465	0.26438492063492064	0.2629882092851879	0.15256610923469807	0.06557377049180328	0.2730335127626324	0.19595064303093498	0.23144079555966698	0.07936507936507936	0.21761675824175825	0.07017543859649122	0.288596619594644
el	0.125	0.15517241379310345	0.08571428571428572	0.08333333333333333	0.20680055677072975	0.18548387096774194	1.0	0.08974358974358974	0.14814814814814814	0.13043478260869565	0.19108309143686503	0.21770334928229668	0.19715007215007213	0.15671641791044777	0.13953488372093023	0.17647058823529413	0.15736728060671723	0.18181818181818182	0.15714285714285714	0.2213804713804714	0.18010045443673764	0.16393442622950818	0.17045454545454544	0.1935483870967742	0.1875	0.14702668955829562	0.17567567567567569	0.07142857142857142	0.19	0.225	0.14285714285714285	0.14705882352941177	0.2111111111111111	0.14285714285714285	0.1619718309859155
en	0.022435897435897436	0.03205128205128205	0.04409532483302975	0.022435897435897436	0.1244814389590509	0.17919525437943273	0.08974358974358974	1.0	0.23392465876953658	0.2697097605744055	0.14351148328968497	0.10928414831760556	0.10724155114614478	0.19428286160791805	0.2238253616302397	0.20153784357606014	0.16382849737358923	0.054801842797437515	0.05445204254761177	0.062126692197374433	0.072890941797006	0.16682386458466755	0.15998944528271034	0.18012385770355152	0.12301289859146132	0.24518666862154453	0.07082512532231458	0.038461538461538464	0.13684208693714398	0.09824840031303228	0.21339728949851622	0.051595727568124056	0.1163088298023603	0.02564102564102564	0.20121628131021196
es	0.045454545454545456	0.057692307692307696	0.09210789210789211	0.038461538461538464	0.21616585138597716	0.2976190476190476	0.14814814814814814	0.23392465876953658	1.0	0.3347659980897803	0.23003663003663005	0.14534883720930233	0.21428571428571427	0.22872340425531915	0.25	0.25806451612903225	0.23626373626373626	0.11013986013986013	0.1	0.10467289719626169	0.0963855421686747	0.29681515823422694	0.25	0.29411764705882354	0.1927710843373494	0.3028571428571428	0.11875	0.05625	0.22099587464717377	0.16702977487291212	0.2072072072072072	0.060240963855421686	0.19753086419753085	0.05194805194805195	0.28743249877270494
fr	0.03977272727272727	0.05056179775280899	0.07945022854240731	0.03977272727272727	0.19878437624551615	0.31308243727598567	0.13043478260869565	0.2697097605744055	0.3347659980897803	1.0	0.23004258180188256	0.14210526315789473	0.18872249388753057	0.24625	0.23390278544938056	0.2538121459204744	0.2575668238993711	0.0898876404494382	0.10037574784765796	0.10260727503084052	0.11748866213151926	0.25948901755353365	0.24292483032398512	0.2572069492172585	0.18906832298136644	0.28424136838770986	0.1111111111111111	0.05555555555555555	0.19888646538858915	0.147883295194508	0.1895728081932845	0.06521739130434782	0.17391304347826086	0.045454545454545456	0.3032011664064617
he	0.06521739130434782	0.1111111111111111	0.15333554596747428	0.06521739130434782	0.2803428428428429	0.25659630606860157	0.19108309143686503	0.14351148328968497	0.23003663003663005	0.23004258180188256	1.0	0.16047925608011443	0.266025641025641	0.25636132315521626	0.185669262143122	0.21307389793305287	0.21281094527363184	0.17391304347826086	0.1451093951093951	0.11538461538461539	0.10311624649859943	0.25959328028293543	0.23319736720126077	0.32772424707908576	0.24487370994024987	0.23445958558894903	0.1882396794334172	0.07246305418719212	0.2575083426028921	0.20651340996168582	0.16177070583435332	0.05454545454545454	0.26826616973367495	0.07608695652173914	0.2484033613445378
hi	0.05405405405405406	0.1111111111111111	0.12327542156361777	0.08571428571428572	0.1792452830188679	0.173834628190899	0.21770334928229668	0.10928414831760556	0.14534883720930233	0.14210526315789473	0.16047925608011443	1.0	0.1869847276659008	0.19560124934929723	0.12365591397849462	0.1799285288862418	0.15	0.1891891891891892	0.15	0.22254533014026687	0.3110294117647059	0.13970588235294118	0.16472317491425773	0.14788732394366197	0.16666666666666666	0.1444051304732419	0.1511627906976744	0.08974358974358974	0.1834363047955281	0.17063492063492064	0.14273254322507825	0.23529411764705882	0.17307692307692307	0.08333333333333333	0.14192654192654192
hu	0.10606060606060606	0.11428571428571428	0.19259962049335866	0.09236752552260574	0.32077167019027486	0.25131036020965764	0.19715007215007213	0.10724155114614478	0.21428571428571427	0.18872249388753057	0.266025641025641	0.1869847276659008	1.0	0.20535671158769261	0.16279219940591502	0.20782465909902192	0.21822272215973001	0.21825396825396826	0.1891891891891892	0.1529940119760479	0.1462313122923588	0.2543859649122807	0.26719303423848884	0.23765884652981425	0.2916361416361416	0.2049376868653977	0.25054251331623595	0.09210526315789473	0.2917757417102967	0.24203681252066572	0.17919799498746866	0.06063497571131159	0.2371289729445758	0.12121212121212122	0.23743484735666417
id	0.06328382838283829	0.07377049180327869	0.09246907591559544	0.04918032786885246	0.22914987912973409	0.24183258906087365	0.15671641791044777	0.19428286160791805	0.22872340425531915	0.24625	0.25636132315521626	0.19560124934929723	0.20535671158769261	1.0	0.19077811429703642	0.23988095238095236	0.23734756097560977	0.13362278850835904	0.11904761904761904	0.1171875	0.12453438034833383	0.21518987341772153	0.22107371794871794	0.2464285714285714	0.22252621979024167	0.25418623869171886	0.13076923076923078	0.05384615384615385	0.2110663082437276	0.16873334699733553	0.1679721496953873	0.08461538461538462	0.25210084033613445	0.06666666666666667	0.2760500877223159
it	0.03614457831325301	0.047619047619047616	0.07457226164933707	0.03614457831325301	0.18791574279379158	0.251898983920292	0.13953488372093023	0.2238253616302397	0.25	0.23390278544938056	0.185669262143122	0.12365591397849462	0.16279219940591502	0.19077811429703642	1.0	0.2809247490098554	0.19676678445229684	0.0963855421686747	0.09523809523809523	0.0966817496229261	0.08623816685835618	0.2281987961105109	0.23193734015345266	0.23087315130830488	0.21066704193639177	0.2545871559633027	0.11176470588235295	0.05952380952380952	0.17937027511495598	0.1511627906976744	0.2894017789663392	0.056818181818181816	0.19674922600619196	0.04878048780487805	0.22295110644625207
ja	0.046153846153846156	0.06060606060606061	0.09640522875816993	0.046153846153846156	0.20133283968900406	0.287593984962406	0.17647058823529413	0.20153784357606014	0.25806451612903225	0.2538121459204744	0.21307389793305287	0.1799285288862418	0.20782465909902192	0.23988095238095236	0.2809247490098554	1.0	0.27038899485578866	0.11363636363636363	0.125974025974026	0.1270365728608864	0.11954887218045113	0.24050632911392406	0.24138875365141188	0.21982097186700766	0.22515917422342271	0.2317334674643935	0.14215686274509803	0.06716417910447761	0.24641985994177354	0.17704654895666133	0.24410627653123104	0.07971014492753623	0.2615127654497733	0.0625	0.26718112987769366
ko	0.06490001226843332	0.07758620689655173	0.0857487922705314	0.05172413793103448	0.2218156137647663	0.2339337877312561	0.15736728060671723	0.16382849737358923	0.23626373626373626	0.2575668238993711	0.21281094527363184	0.15	0.21822272215973001	0.23734756097560977	0.19676678445229684	0.27038899485578866	1.0	0.141452161243322	0.13559322033898305	0.09924450549450549	0.09848484848484848	0.20512820512820512	0.20970791660446833	0.2134479717813051	0.1909310496267018	0.20941812491108266	0.15407693131897568	0.075	0.23622133236257736	0.15362054357035781	0.18132341184429002	0.05303030303030303	0.24374495560936238	0.07017543859649122	0.3208384332925337
lv	0.13157894736842105	0.21052631578947367	0.2206959706959707	0.16666666666666666	0.2236842105263158	0.1271186440677966	0.18181818181818182	0.054801842797437515	0.11013986013986013	0.0898876404494382	0.17391304347826086	0.1891891891891892	0.21825396825396826	0.13362278850835904	0.0963855421686747	0.11363636363636363	0.141452161243322	1.0	0.2608695652173913	0.16666666666666666	0.15	0.14814814814814814	0.16724941724941725	0.14984119782214156	0.2236842105263158	0.10240963855421686	0.28	0.10416666666666667	0.17617916803144448	0.26806451612903226	0.10625	0.08928571428571429	0.21621621621621623	0.15789473684210525	0.12129334424286883
mk	0.15789473684210525	0.13636363636363635	0.15682234432234432	0.125	0.16666666666666666	0.13559322033898305	0.15714285714285714	0.05445204254761177	0.1	0.10037574784765796	0.1451093951093951	0.15	0.1891891891891892	0.11904761904761904	0.09523809523809523	0.125974025974026	0.13559322033898305	0.2608695652173913	1.0	0.13793103448275862	0.10606060606060606	0.1574074074074074	0.15157280568239473	0.12295081967213115	0.2	0.09411764705882353	0.24074074074074073	0.1	0.16062312312312313	0.22727272727272727	0.09036144578313253	0.06666666666666667	0.20024420024420025	0.2222222222222222	0.12041458649880617
ml	0.12813852813852813	0.13043478260869565	0.0967942732648615	0.11904761904761904	0.13333333333333333	0.13771929824561402	0.2213804713804714	0.062126692197374433	0.10467289719626169	0.10260727503084052	0.11538461538461539	0.22254533014026687	0.1529940119760479	0.1171875	0.0966817496229261	0.1270365728608864	0.09924450549450549	0.16666666666666666	0.13793103448275862	1.0	0.27939348744717873	0.1206896551724138	0.13392857142857142	0.1111111111111111	0.14772727272727273	0.10714285714285714	0.12121212121212122	0.09615384615384616	0.14450905246464915	0.15545112781954887	0.08928571428571429	0.2608695652173913	0.125	0.14285714285714285	0.09203216374269006
mr	0.08	0.11538461538461539	0.08898305084745763	0.10416666666666667	0.11956197112991539	0.12067182055749129	0.18010045443673764	0.072890941797006	0.0963855421686747	0.11748866213151926	0.10311624649859943	0.3110294117647059	0.1462313122923588	0.12453438034833383	0.08623816685835618	0.11954887218045113	0.09848484848484848	0.15	0.10606060606060606	0.27939348744717873	1.0	0.10781490015360984	0.11882183908045978	0.09899905235726131	0.1279585798816568	0.12657563025210083	0.13257142857142856	0.10714285714285714	0.12690631808278868	0.12404761904761905	0.09472393608606233	0.2773913043478261	0.10416666666666667	0.1	0.08825649178590356
nl	0.07328411266065081	0.07272727272727272	0.12256149279050042	0.05555555555555555	0.2459016393442623	0.2991590624440866	0.16393442622950818	0.16682386458466755	0.29681515823422694	0.25948901755353365	0.25959328028293543	0.13970588235294118	0.2543859649122807	0.21518987341772153	0.2281987961105109	0.24050632911392406	0.20512820512820512	0.14814814814814814	0.1574074074074074	0.1206896551724138	0.10781490015360984	1.0	0.2662459093034128	0.2602739726027397	0.25833333333333336	0.2486691778476481	0.19444444444444445	0.07017543859649122	0.24032738095238096	0.20659495871360278	0.20945484063915235	0.056451612903225805	0.22950819672131148	0.07547169811320754	0.23974031502767135
pl	0.0673076923076923	0.08490566037735849	0.140625	0.05660377358490566	0.3007349454717876	0.2964340198321892	0.17045454545454544	0.15998944528271034	0.25	0.24292483032398512	0.23319736720126077	0.16472317491425773	0.26719303423848884	0.22107371794871794	0.23193734015345266	0.24138875365141188	0.20970791660446833	0.16724941724941725	0.15157280568239473	0.13392857142857142	0.11882183908045978	0.2662459093034128	1.0	0.24694694694694697	0.27586206896551724	0.25240384615384615	0.17272727272727273	0.07142857142857142	0.256265664160401	0.21377728566909204	0.2161290322580645	0.06666666666666667	0.22428766588602653	0.07692307692307693	0.22417058021511893
pt	0.0603448275862069	0.07627118644067797	0.11104070964676066	0.05084745762711865	0.25823045267489714	0.3079278812974465	0.1935483870967742	0.18012385770355152	0.29411764705882354	0.2572069492172585	0.32772424707908576	0.14788732394366197	0.23765884652981425	0.2464285714285714	0.23087315130830488	0.21982097186700766	0.2134479717813051	0.14984119782214156	0.12295081967213115	0.1111111111111111	0.09899905235726131	0.2602739726027397	0.24694694694694697	1.0	0.2667356797791581	0.29907927590511857	0.16666666666666666	0.06451612903225806	0.2711538461538462	0.21386151977324877	0.19998174516246806	0.06060606060606061	0.21212121212121213	0.06896551724137931	0.27377807752112254
ro	0.09210526315789473	0.1	0.1412313432835821	0.07692307692307693	0.2785776887442093	0.26438492063492064	0.1875	0.12301289859146132	0.1927710843373494	0.18906832298136644	0.24487370994024987	0.16666666666666666	0.2916361416361416	0.22252621979024167	0.21066704193639177	0.22515917422342271	0.1909310496267018	0.2236842105263158	0.2	0.14772727272727273	0.1279585798816568	0.25833333333333336	0.27586206896551724	0.2667356797791581	1.0	0.21746271158035863	0.2204585537918871	0.06818181818181818	0.21818181818181817	0.28906714200831846	0.19411764705882353	0.0625	0.25510204081632654	0.10526315789473684	0.19504273504273503
ru	0.04216867469879518	0.05357142857142857	0.08669314128020462	0.03571428571428571	0.20315423683507083	0.2629882092851879	0.14702668955829562	0.24518666862154453	0.3028571428571428	0.28424136838770986	0.23445958558894903	0.1444051304732419	0.2049376868653977	0.25418623869171886	0.2545871559633027	0.2317334674643935	0.20941812491108266	0.10240963855421686	0.09411764705882353	0.10714285714285714	0.12657563025210083	0.2486691778476481	0.25240384615384615	0.29907927590511857	0.21746271158035863	1.0	0.12088330477822197	0.058823529411764705	0.22985880398671096	0.15827208097361128	0.23527807557035113	0.06896551724137931	0.19335747110430304	0.04819277108433735	0.26061989760619897
sh	0.13043478260869565	0.16666666666666666	0.15938410320432791	0.10416666666666667	0.21049493142516398	0.15256610923469807	0.17567567567567569	0.07082512532231458	0.11875	0.1111111111111111	0.1882396794334172	0.1511627906976744	0.25054251331623595	0.13076923076923078	0.11176470588235295	0.14215686274509803	0.15407693131897568	0.28	0.24074074074074073	0.12121212121212122	0.13257142857142856	0.19444444444444445	0.17272727272727273	0.16666666666666666	0.2204585537918871	0.12088330477822197	1.0	0.12962962962962962	0.1933442525312686	0.3125	0.10714285714285714	0.058823529411764705	0.2073170731707317	0.15217391304347827	0.147981332754504
si	0.027777777777777776	0.1111111111111111	0.043478260869565216	0.058823529411764705	0.08139534883720931	0.06557377049180328	0.07142857142857142	0.038461538461538464	0.05625	0.05555555555555555	0.07246305418719212	0.08974358974358974	0.09210526315789473	0.05384615384615385	0.05952380952380952	0.06716417910447761	0.075	0.10416666666666667	0.1	0.09615384615384616	0.10714285714285714	0.07017543859649122	0.07142857142857142	0.06451612903225806	0.06818181818181818	0.058823529411764705	0.12962962962962962	1.0	0.07608695652173914	0.08333333333333333	0.05421686746987952	0.08333333333333333	0.07142857142857142	0.05555555555555555	0.07352941176470588
simple	0.07318295739348371	0.09481537050929399	0.12384044526901669	0.05813953488372093	0.2703970557744143	0.2730335127626324	0.19	0.13684208693714398	0.22099587464717377	0.19888646538858915	0.2575083426028921	0.1834363047955281	0.2917757417102967	0.2110663082437276	0.17937027511495598	0.24641985994177354	0.23622133236257736	0.17617916803144448	0.16062312312312313	0.14450905246464915	0.12690631808278868	0.24032738095238096	0.256265664160401	0.2711538461538462	0.21818181818181817	0.22985880398671096	0.1933442525312686	0.07608695652173914	1.0	0.22990985011890935	0.178743961352657	0.08336275686745286	0.2499084249084249	0.08333333333333333	0.2676236908631275
sr	0.11666666666666667	0.125	0.12034632034632034	0.0967741935483871	0.21610535405872194	0.19595064303093498	0.225	0.09824840031303228	0.16702977487291212	0.147883295194508	0.20651340996168582	0.17063492063492064	0.24203681252066572	0.16873334699733553	0.1511627906976744	0.17704654895666133	0.15362054357035781	0.26806451612903226	0.22727272727272727	0.15545112781954887	0.12404761904761905	0.20659495871360278	0.21377728566909204	0.21386151977324877	0.28906714200831846	0.15827208097361128	0.3125	0.08333333333333333	0.22990985011890935	1.0	0.12677304964539007	0.08974358974358974	0.21739130434782608	0.13333333333333333	0.18095030213909885
sv	0.037037037037037035	0.0625	0.0890625	0.037037037037037035	0.19760196761631482	0.23144079555966698	0.14285714285714285	0.21339728949851622	0.2072072072072072	0.1895728081932845	0.16177070583435332	0.14273254322507825	0.17919799498746866	0.1679721496953873	0.2894017789663392	0.24410627653123104	0.18132341184429002	0.10625	0.09036144578313253	0.08928571428571429	0.09472393608606233	0.20945484063915235	0.2161290322580645	0.19998174516246806	0.19411764705882353	0.23527807557035113	0.10714285714285714	0.05421686746987952	0.178743961352657	0.12677304964539007	1.0	0.05813953488372093	0.17878541687823704	0.043209876543209874	0.19221531317552243
te	0.075	0.09090909090909091	0.037037037037037035	0.1437246963562753	0.0625	0.07936507936507936	0.14705882352941177	0.051595727568124056	0.060240963855421686	0.06521739130434782	0.05454545454545454	0.23529411764705882	0.06063497571131159	0.08461538461538462	0.056818181818181816	0.07971014492753623	0.05303030303030303	0.08928571428571429	0.06666666666666667	0.2608695652173913	0.2773913043478261	0.056451612903225805	0.06666666666666667	0.06060606060606061	0.0625	0.06896551724137931	0.058823529411764705	0.08333333333333333	0.08336275686745286	0.08974358974358974	0.05813953488372093	1.0	0.06521739130434782	0.1	0.05405405405405406
vi	0.09722222222222222	0.12162162162162163	0.1282051282051282	0.08108108108108109	0.25510204081632654	0.21761675824175825	0.2111111111111111	0.1163088298023603	0.19753086419753085	0.17391304347826086	0.26826616973367495	0.17307692307692307	0.2371289729445758	0.25210084033613445	0.19674922600619196	0.2615127654497733	0.24374495560936238	0.21621621621621623	0.20024420024420025	0.125	0.10416666666666667	0.22950819672131148	0.22428766588602653	0.21212121212121213	0.25510204081632654	0.19335747110430304	0.2073170731707317	0.07142857142857142	0.2499084249084249	0.21739130434782608	0.17878541687823704	0.06521739130434782	1.0	0.1111111111111111	0.23301982714794103
war	0.3333333333333333	0.14285714285714285	0.08333333333333333	0.125	0.08974358974358974	0.07017543859649122	0.14285714285714285	0.02564102564102564	0.05194805194805195	0.045454545454545456	0.07608695652173914	0.08333333333333333	0.12121212121212122	0.06666666666666667	0.04878048780487805	0.0625	0.07017543859649122	0.15789473684210525	0.2222222222222222	0.14285714285714285	0.1	0.07547169811320754	0.07692307692307693	0.06896551724137931	0.10526315789473684	0.04819277108433735	0.15217391304347827	0.05555555555555555	0.08333333333333333	0.13333333333333333	0.043209876543209874	0.1	0.1111111111111111	1.0	0.06060606060606061
zh	0.05397192261599042	0.06716417910447761	0.08511247138449289	0.04477611940298507	0.2405244474979961	0.288596619594644	0.1619718309859155	0.20121628131021196	0.28743249877270494	0.3032011664064617	0.2484033613445378	0.14192654192654192	0.23743484735666417	0.2760500877223159	0.22295110644625207	0.26718112987769366	0.3208384332925337	0.12129334424286883	0.12041458649880617	0.09203216374269006	0.08825649178590356	0.23974031502767135	0.22417058021511893	0.27377807752112254	0.19504273504273503	0.26061989760619897	0.147981332754504	0.07352941176470588	0.2676236908631275	0.18095030213909885	0.19221531317552243	0.05405405405405406	0.23301982714794103	0.06060606060606061	1.0
