arz	bs	ceb	ckb	da	de	el	en	es	fr	he	hi	hu	id	it	ja	ko	lv	mk	ml	mr	nl	pl	pt	ro	ru	sh	si	simple	sr	sv	te	vi	war	zh
arz	1.0	0.31451985913875646	0.0	0.585786437626905	0.3021694792519622	0.17929842913849367	0.14104125892297562	0.13636062050232708	0.23166247903554	0.10970297594828901	0.18373908354972163	0.585786437626905	0.2401859391359052	0.1780445867941259	0.22552601701157443	0.19507684252665497	0.14965012401369931	0.2429273327626413	0.4134900434704663	0.585786437626905	0.28417262606775806	0.21168210919788794	0.18787956501977895	0.1394591906504879	0.11443338439709974	0.21378165702277224	0.5	1.0	0.2204812092115424	0.3950325357559503	0.21622254335868943	0.0	0.3203772410170407	1.0	0.17427876465943903
bs	0.31451985913875646	1.0	0.0	0.44948974278317805	1.0	0.26968623182294527	0.585786437626905	0.15281351989889902	0.24415874992246042	0.24828371682826425	0.34833147735478825	0.25355482027512377	0.3333333333333333	0.44948974278317805	0.2612038749637414	0.38742588672279304	0.2449655295864104	1.0	0.3164309725825328	1.0	1.0	0.4142135623730951	0.2791745113185196	0.22646721143623746	0.44948974278317805	0.23166247903554	0.40453726661826384	1.0	1.0	0.353889367864523	0.32881309020609956	1.0	0.4142135623730951	1.0	0.21822796141133347
ceb	0.0	0.0	1.0	0.0	1.0	1.0	1.0	1.0	1.0	1.0	1.0	1.0	1.0	1.0	1.0	1.0	1.0	1.0	1.0	0.0	1.0	1.0	1.0	1.0	1.0	1.0	1.0	0.0	1.0	1.0	1.0	0.0	1.0	0.0	1.0
ckb	0.585786437626905	0.44948974278317805	0.0	1.0	0.17821235864008564	0.11994549339466966	0.19612533584707842	0.11606619483971768	0.11772403115357771	0.11913709945850207	0.1289039920351738	0.15812700766616328	0.12127550239018872	0.1987625491245426	0.13079074932337362	0.12023185886764766	0.12555146996521171	0.353889367864523	0.21888420708750203	0.5	1.0	0.1213897102493897	0.12208674459321246	0.11681063765238879	0.14763410387308012	0.11866018433942889	0.585786437626905	0.585786437626905	0.36602540378443865	0.2955966556179922	0.12265291517524872	1.0	0.11842189271917782	1.0	0.11519216806670013
da	0.3021694792519622	1.0	1.0	0.17821235864008564	1.0	0.1467614860213248	0.2843646522044218	0.1218893018021837	0.14584445002217805	0.12923315790921636	0.14217178264612323	0.18898360171452122	0.19045466273667452	0.24399845080999227	0.11588972813119337	0.12998356649024212	0.13565184163711103	0.2857142857142857	0.44948974278317805	0.44948974278317805	1.0	0.1548242231105025	0.1440053834963787	0.14365784533124953	0.22901628833426058	0.13049153224845791	1.0	1.0	0.3021694792519622	0.2474401533514073	0.14423856110165292	1.0	0.16227333444426784	1.0	0.12989186052509957
de	0.17929842913849367	0.26968623182294527	1.0	0.11994549339466966	0.1467614860213248	1.0	0.16330595576157622	0.012777283324204759	0.023368714009907428	0.0036657854476792894	0.008175724367209166	0.04122402907847055	0.059898079777767975	0.0436753318158337	0.004435309255701557	0.008651254567653829	0.00658799933233663	0.38742588672279304	0.15309887413431528	0.21089672205953397	1.0	0.06438731236583137	0.0404228161211218	0.014246144893294154	0.13579648178933995	0.02256256930112891	0.176682847314484	0.585786437626905	0.23166247903554	0.06313027469103992	0.07247197422985827	1.0	0.039383541555912956	1.0	0.004625770771610369
el	0.14104125892297562	0.585786437626905	1.0	0.19612533584707842	0.2843646522044218	0.16330595576157622	1.0	0.13245367917721065	0.1751881400287486	0.15974667297574377	0.1639607805437114	0.2034005952525862	0.21604850763119507	0.14518338349164053	0.13472338607037426	0.13730590295109452	0.18151291824946006	0.38742588672279304	0.2704699731522706	0.5	1.0	0.21089672205953397	0.18464218557642828	0.15072240113145766	0.28172904669025317	0.183369720635175	0.5	0.585786437626905	0.32037724101704074	0.21040331845089688	0.21604850763119507	1.0	0.21549904058881503	1.0	0.1297730688786415
en	0.13636062050232708	0.15281351989889902	1.0	0.11606619483971768	0.1218893018021837	0.012777283324204759	0.13245367917721065	1.0	0.005538337657767312	0.00187193176917222	0.00504880070812845	0.033164001349808146	0.03535870033905516	0.03849691553717415	0.0030644862959768515	0.00337011699275251	0.004060258820287806	0.2791745113185196	0.1082031031802536	0.1951941016011038	1.0	0.044153624621276484	0.029154488116073563	0.003948394710779729	0.09977854297154191	0.003203023533882795	0.1606794054215459	0.585786437626905	0.21712927295533244	0.05655920271196774	0.025243220125476435	1.0	0.019611122823287547	1.0	0.0033062623218735303
es	0.23166247903554	0.24415874992246042	1.0	0.11772403115357771	0.14584445002217805	0.023368714009907428	0.1751881400287486	0.005538337657767312	1.0	0.006926838757122488	0.008839563054437071	0.04717451836366331	0.055362068777611594	0.05212569796021143	0.005209787137409598	0.014966888580922042	0.010515261960521135	0.30216947925196225	0.13752076280197198	0.20799159651347807	1.0	0.04967953590824449	0.03613883932085734	0.014323418150203165	0.13209805015357332	0.015524601045470668	0.1606794054215459	0.585786437626905	0.23166247903554	0.07342446028437946	0.067731541109024	1.0	0.05399194349635661	1.0	0.005544791093039481
fr	0.10970297594828901	0.24828371682826425	1.0	0.11913709945850207	0.12923315790921636	0.0036657854476792894	0.15974667297574377	0.00187193176917222	0.006926838757122488	1.0	0.006969870607042653	0.045178051962600135	0.03936993271351878	0.05392006034834755	0.004377309321975263	0.007274067564497391	0.005773427156120494	0.28708594921778513	0.12789210656028413	0.21089672205953397	1.0	0.037657300896973625	0.01887747189227482	0.00654483195089377	0.11440695386378967	0.004016205275097075	0.2012628451930092	0.585786437626905	0.21712927295533244	0.062396098776732516	0.041968098500713986	1.0	0.03714470422616197	1.0	0.004418642692245311
he	0.18373908354972163	0.34833147735478825	1.0	0.1289039920351738	0.14217178264612323	0.008175724367209166	0.1639607805437114	0.00504880070812845	0.008839563054437071	0.006969870607042653	1.0	0.08050733922237843	0.04111578949048437	0.07720757228882476	0.007049654159208969	0.011942247089781335	0.016494483688260272	0.25728427444747215	0.16893748062498004	0.2222222222222222	1.0	0.036495075240620685	0.01811644112561771	0.0171476076074215	0.141599379761988	0.008963812362942808	0.21991074322003976	0.585786437626905	0.1809073112342927	0.06873391934466233	0.026966224425580904	1.0	0.06992210481010278	1.0	0.007638117883582969
hi	0.585786437626905	0.25355482027512377	1.0	0.15812700766616328	0.18898360171452122	0.04122402907847055	0.2034005952525862	0.033164001349808146	0.04717451836366331	0.045178051962600135	0.08050733922237843	1.0	0.09085378170651152	0.13936239030178196	0.050538153622534894	0.0484956788244077	0.05952034002071211	0.30552726787943424	0.22966848451216434	0.44948974278317805	1.0	0.0833508755145361	0.056971302000681304	0.05402881383061856	0.1932222004485096	0.038790009510377074	0.3483314773547883	0.585786437626905	0.25824569976124334	0.1639607805437114	0.062294873675275	1.0	0.09660727864448786	1.0	0.03759377342080312
hu	0.2401859391359052	0.3333333333333333	1.0	0.12127550239018872	0.19045466273667452	0.059898079777767975	0.21604850763119507	0.03535870033905516	0.055362068777611594	0.03936993271351878	0.04111578949048437	0.09085378170651152	1.0	0.10745035092526581	0.02381251842108077	0.05078026365005386	0.04027511204926204	0.4142135623730951	0.14850607880879843	0.20799159651347807	1.0	0.08273359397782636	0.07671031237364842	0.05568841246151519	0.14118784806383944	0.0496635165230998	0.27429188517743175	1.0	0.27792629762666365	0.11231620082563729	0.10121664768790123	1.0	0.09186096203806905	1.0	0.024173949207267613
id	0.1780445867941259	0.44948974278317805	1.0	0.1987625491245426	0.24399845080999227	0.0436753318158337	0.14518338349164053	0.03849691553717415	0.05212569796021143	0.05392006034834755	0.07720757228882476	0.13936239030178196	0.10745035092526581	1.0	0.06367646435467607	0.05927004226845292	0.048564182786045164	0.3483314773547883	0.2708131845707603	0.44948974278317805	1.0	0.0728063666456287	0.08417488880506473	0.05023520214926262	0.18200213598171075	0.04784087303812437	0.31451985913875646	1.0	0.26968623182294527	0.12828584678433885	0.09923753286708617	1.0	0.11795589847753904	1.0	0.05131028494579122
it	0.22552601701157443	0.2612038749637414	1.0	0.13079074932337362	0.11588972813119337	0.004435309255701557	0.13472338607037426	0.0030644862959768515	0.005209787137409598	0.004377309321975263	0.007049654159208969	0.050538153622534894	0.02381251842108077	0.06367646435467607	1.0	0.005539757186674891	0.00689298335374099	0.2989350844248255	0.1802993933868113	0.20799159651347807	0.585786437626905	0.011428978608057494	0.006733112426397116	0.006775370515165546	0.0801045583790323	0.0044363730038999676	0.1918253663634734	0.585786437626905	0.1814692198028801	0.05656147426184522	0.018606959290015233	1.0	0.03331760543739873	1.0	0.006498033517546566
ja	0.19507684252665497	0.38742588672279304	1.0	0.12023185886764766	0.12998356649024212	0.008651254567653829	0.13730590295109452	0.00337011699275251	0.014966888580922042	0.007274067564497391	0.011942247089781335	0.0484956788244077	0.05078026365005386	0.05927004226845292	0.005539757186674891	1.0	0.008482341132576296	0.28172904669025317	0.1559345385544079	0.21089672205953397	1.0	0.03037657372396226	0.023395106495479698	0.017256285872145415	0.1233603071065848	0.009677207230093599	0.2989350844248255	0.585786437626905	0.20658711810431302	0.09310180908331242	0.050409656056261326	1.0	0.0610566073728866	1.0	0.005876251177664014
ko	0.14965012401369931	0.2449655295864104	1.0	0.12555146996521171	0.13565184163711103	0.00658799933233663	0.18151291824946006	0.004060258820287806	0.010515261960521135	0.005773427156120494	0.016494483688260272	0.05952034002071211	0.04027511204926204	0.048564182786045164	0.00689298335374099	0.008482341132576296	1.0	0.31264808514230086	0.15934399740800514	0.20799159651347807	1.0	0.022234021786486823	0.021912009420856537	0.016922210252869857	0.10382773130361952	0.006341779939196481	0.25	0.585786437626905	0.22966848451216434	0.0742254459483903	0.049850828212846685	1.0	0.06070769379549525	1.0	0.006363179803369145
lv	0.2429273327626413	1.0	1.0	0.353889367864523	0.2857142857142857	0.38742588672279304	0.38742588672279304	0.2791745113185196	0.30216947925196225	0.28708594921778513	0.25728427444747215	0.30552726787943424	0.4142135623730951	0.3483314773547883	0.2989350844248255	0.28172904669025317	0.31264808514230086	1.0	0.5	0.5	1.0	0.44948974278317805	0.2791745113185196	0.31264808514230086	0.3797958971132712	0.2989350844248255	0.585786437626905	1.0	0.3797958971132712	0.44948974278317805	0.38742588672279304	1.0	0.34833147735478825	1.0	0.2402530733520421
mk	0.4134900434704663	0.3164309725825328	1.0	0.21888420708750203	0.44948974278317805	0.15309887413431528	0.2704699731522706	0.1082031031802536	0.13752076280197198	0.12789210656028413	0.16893748062498004	0.22966848451216434	0.14850607880879843	0.2708131845707603	0.1802993933868113	0.1559345385544079	0.15934399740800514	0.5	1.0	1.0	1.0	0.1987625491245426	0.16574409758181766	0.14037600977966974	0.23166247903554	0.11922862372104424	0.32449979983983984	1.0	0.353889367864523	0.21040331845089688	0.17253779651421453	1.0	0.1829934598627214	1.0	0.11781219305813623
ml	0.585786437626905	1.0	0.0	0.5	0.44948974278317805	0.21089672205953397	0.5	0.1951941016011038	0.20799159651347807	0.21089672205953397	0.2222222222222222	0.44948974278317805	0.20799159651347807	0.44948974278317805	0.20799159651347807	0.21089672205953397	0.20799159651347807	0.5	1.0	1.0	1.0	0.21089672205953397	0.20799159651347807	0.20799159651347807	0.44948974278317805	0.19292728076790167	0.585786437626905	1.0	0.32449979983983984	0.38742588672279304	0.28989794855663564	1.0	0.2958163163244893	1.0	0.20799159651347807
mr	0.28417262606775806	1.0	1.0	1.0	1.0	1.0	1.0	1.0	1.0	1.0	1.0	1.0	1.0	1.0	0.585786437626905	1.0	1.0	1.0	1.0	1.0	1.0	1.0	1.0	1.0	1.0	1.0	1.0	1.0	1.0	1.0	1.0	1.0	1.0	1.0	1.0
nl	0.21168210919788794	0.4142135623730951	1.0	0.1213897102493897	0.1548242231105025	0.06438731236583137	0.21089672205953397	0.044153624621276484	0.04967953590824449	0.037657300896973625	0.036495075240620685	0.0833508755145361	0.08273359397782636	0.0728063666456287	0.011428978608057494	0.03037657372396226	0.022234021786486823	0.44948974278317805	0.1987625491245426	0.21089672205953397	1.0	1.0	0.06979985135742271	0.05478304146617747	0.16139047779640892	0.04698370793176235	0.28989794855663564	0.585786437626905	0.22772999919644132	0.09078881458798507	0.09840046899067226	1.0	0.06483117938913426	1.0	0.009314821998630542
pl	0.18787956501977895	0.2791745113185196	1.0	0.12208674459321246	0.1440053834963787	0.0404228161211218	0.18464218557642828	0.029154488116073563	0.03613883932085734	0.01887747189227482	0.01811644112561771	0.056971302000681304	0.07671031237364842	0.08417488880506473	0.006733112426397116	0.023395106495479698	0.021912009420856537	0.2791745113185196	0.16574409758181766	0.20799159651347807	1.0	0.06979985135742271	1.0	0.029019721688314837	0.1367733581867939	0.03920130595175297	0.24257131419419417	0.585786437626905	0.2739335927491396	0.08832662953123914	0.08930134977850068	1.0	0.07159513873411041	1.0	0.0074212379177250485
pt	0.1394591906504879	0.22646721143623746	1.0	0.11681063765238879	0.14365784533124953	0.014246144893294154	0.15072240113145766	0.003948394710779729	0.014323418150203165	0.00654483195089377	0.0171476076074215	0.05402881383061856	0.05568841246151519	0.05023520214926262	0.006775370515165546	0.017256285872145415	0.016922210252869857	0.31264808514230086	0.14037600977966974	0.20799159651347807	1.0	0.05478304146617747	0.029019721688314837	1.0	0.12849622184722817	0.008500973346105545	0.17668284731448403	0.585786437626905	0.19795126013282635	0.06677610398731755	0.047633226390300196	1.0	0.0643552767607782	1.0	0.00654681001884329
ro	0.11443338439709974	0.44948974278317805	1.0	0.14763410387308012	0.22901628833426058	0.13579648178933995	0.28172904669025317	0.09977854297154191	0.13209805015357332	0.11440695386378967	0.141599379761988	0.1932222004485096	0.14118784806383944	0.18200213598171075	0.0801045583790323	0.1233603071065848	0.10382773130361952	0.3797958971132712	0.23166247903554	0.44948974278317805	1.0	0.16139047779640892	0.1367733581867939	0.12849622184722817	1.0	0.11336696073850488	0.3164309725825328	1.0	0.35388936786452296	0.20377978059986174	0.15384615384615385	1.0	0.1441218228847677	1.0	0.1026016932750722
ru	0.21378165702277224	0.23166247903554	1.0	0.11866018433942889	0.13049153224845791	0.02256256930112891	0.183369720635175	0.003203023533882795	0.015524601045470668	0.004016205275097075	0.008963812362942808	0.038790009510377074	0.0496635165230998	0.04784087303812437	0.0044363730038999676	0.009677207230093599	0.006341779939196481	0.2989350844248255	0.11922862372104424	0.19292728076790167	1.0	0.04698370793176235	0.03920130595175297	0.008500973346105545	0.11336696073850488	1.0	0.20386840968093525	0.585786437626905	0.21712927295533244	0.06902921986785224	0.06913602887038832	1.0	0.031453243282347706	1.0	0.004456890940778545
sh	0.5	0.40453726661826384	1.0	0.585786437626905	1.0	0.176682847314484	0.5	0.1606794054215459	0.1606794054215459	0.2012628451930092	0.21991074322003976	0.3483314773547883	0.27429188517743175	0.31451985913875646	0.1918253663634734	0.2989350844248255	0.25	0.585786437626905	0.32449979983983984	0.585786437626905	1.0	0.28989794855663564	0.24257131419419417	0.17668284731448403	0.3164309725825328	0.20386840968093525	1.0	0.585786437626905	0.36602540378443865	0.16766828222228466	0.36602540378443865	1.0	0.31451985913875646	1.0	0.2222222222222222
si	1.0	1.0	0.0	0.585786437626905	1.0	0.585786437626905	0.585786437626905	0.585786437626905	0.585786437626905	0.585786437626905	0.585786437626905	0.585786437626905	1.0	1.0	0.585786437626905	0.585786437626905	0.585786437626905	1.0	1.0	1.0	1.0	0.585786437626905	0.585786437626905	0.585786437626905	1.0	0.585786437626905	0.585786437626905	1.0	1.0	0.585786437626905	1.0	1.0	0.585786437626905	1.0	0.585786437626905
simple	0.2204812092115424	1.0	1.0	0.36602540378443865	0.3021694792519622	0.23166247903554	0.32037724101704074	0.21712927295533244	0.23166247903554	0.21712927295533244	0.1809073112342927	0.25824569976124334	0.27792629762666365	0.26968623182294527	0.1814692198028801	0.20658711810431302	0.22966848451216434	0.3797958971132712	0.353889367864523	0.32449979983983984	1.0	0.22772999919644132	0.2739335927491396	0.19795126013282635	0.35388936786452296	0.21712927295533244	0.36602540378443865	1.0	1.0	0.3126480851423008	0.26427884169111276	1.0	0.20476166148475844	1.0	0.1553762231163136
sr	0.3950325357559503	0.353889367864523	1.0	0.2955966556179922	0.2474401533514073	0.06313027469103992	0.21040331845089688	0.05655920271196774	0.07342446028437946	0.062396098776732516	0.06873391934466233	0.1639607805437114	0.11231620082563729	0.12828584678433885	0.05656147426184522	0.09310180908331242	0.0742254459483903	0.44948974278317805	0.21040331845089688	0.38742588672279304	1.0	0.09078881458798507	0.08832662953123914	0.06677610398731755	0.20377978059986174	0.06902921986785224	0.16766828222228466	0.585786437626905	0.3126480851423008	1.0	0.10183692443120006	1.0	0.13218667517501048	1.0	0.06923652626933315
sv	0.21622254335868943	0.32881309020609956	1.0	0.12265291517524872	0.14423856110165292	0.07247197422985827	0.21604850763119507	0.025243220125476435	0.067731541109024	0.041968098500713986	0.026966224425580904	0.062294873675275	0.10121664768790123	0.09923753286708617	0.018606959290015233	0.050409656056261326	0.049850828212846685	0.38742588672279304	0.17253779651421453	0.28989794855663564	1.0	0.09840046899067226	0.08930134977850068	0.047633226390300196	0.15384615384615385	0.06913602887038832	0.36602540378443865	1.0	0.26427884169111276	0.10183692443120006	1.0	1.0	0.09297706638344706	1.0	0.013239851296788074
te	0.0	1.0	0.0	1.0	1.0	1.0	1.0	1.0	1.0	1.0	1.0	1.0	1.0	1.0	1.0	1.0	1.0	1.0	1.0	1.0	1.0	1.0	1.0	1.0	1.0	1.0	1.0	1.0	1.0	1.0	1.0	1.0	1.0	1.0	1.0
vi	0.3203772410170407	0.4142135623730951	1.0	0.11842189271917782	0.16227333444426784	0.039383541555912956	0.21549904058881503	0.019611122823287547	0.05399194349635661	0.03714470422616197	0.06992210481010278	0.09660727864448786	0.09186096203806905	0.11795589847753904	0.03331760543739873	0.0610566073728866	0.06070769379549525	0.34833147735478825	0.1829934598627214	0.2958163163244893	1.0	0.06483117938913426	0.07159513873411041	0.0643552767607782	0.1441218228847677	0.031453243282347706	0.31451985913875646	0.585786437626905	0.20476166148475844	0.13218667517501048	0.09297706638344706	1.0	1.0	1.0	0.04255421971529422
war	1.0	1.0	0.0	1.0	1.0	1.0	1.0	1.0	1.0	1.0	1.0	1.0	1.0	1.0	1.0	1.0	1.0	1.0	1.0	1.0	1.0	1.0	1.0	1.0	1.0	1.0	1.0	1.0	1.0	1.0	1.0	1.0	1.0	1.0	1.0
zh	0.17427876465943903	0.21822796141133347	1.0	0.11519216806670013	0.12989186052509957	0.004625770771610369	0.1297730688786415	0.0033062623218735303	0.005544791093039481	0.004418642692245311	0.007638117883582969	0.03759377342080312	0.024173949207267613	0.05131028494579122	0.006498033517546566	0.005876251177664014	0.006363179803369145	0.2402530733520421	0.11781219305813623	0.20799159651347807	1.0	0.009314821998630542	0.0074212379177250485	0.00654681001884329	0.1026016932750722	0.004456890940778545	0.2222222222222222	0.585786437626905	0.1553762231163136	0.06923652626933315	0.013239851296788074	1.0	0.04255421971529422	1.0	1.0
