arz	bs	ceb	ckb	da	de	el	en	es	fr	he	hi	hu	id	it	ja	ko	lv	mk	ml	mr	nl	pl	pt	ro	ru	sh	si	simple	sr	sv	te	tr	vi	war	zh
arz	0.5	0.5	0.0	0.5	0.5	0.5	0.5	0.5	0.5	0.5	0.5	0.5	0.5	0.5	0.5	0.5	0.5	0.5	0.5	0.5	0.5	0.5	0.5	0.5	0.5	0.5	0.5	1.0	0.5	0.5	0.5	0.5	0.5	0.5	0.5	0.5
bs	0.5	0.0012877076412402572	1.0	1.0	0.2	0.002668759055617153	0.01270777500510823	0.004211696814805553	0.00645194593132154	0.0017164297185354928	0.07692307692307693	1.0	0.013933005425237694	0.020029243662891733	0.0138908180941358	0.015386272426035503	0.01318530725319825	1.0	0.0011918951132300357	1.0	0.3333333333333333	0.0011859704068116184	0.001228840912147082	0.0012332357002482826	0.00900715398183406	0.0012184512693545672	0.0013898386170845638	0.3333333333333333	0.25	0.0011634144025549616	0.01492782401425707	0.5	0.14285714285714285	0.00770077959823919	0.25	0.002092873343555824
ceb	0.0	1.0	0.3333333333333333	0.0	1.0	0.5	0.0	0.3333333333333333	0.5	1.0	0.5	0.5	1.0	0.5	0.5	0.5	0.5	1.0	1.0	1.0	0.0	1.0	1.0	0.5	0.5	0.5	1.0	0.5	1.0	1.0	1.0	0.0	-1.0	0.5	1.0	0.5
ckb	0.5	1.0	0.0	1.0	0.0	1.0	1.0	1.0	0.0	1.0	0.0	0.0	0.0	0.0	0.0	1.0	0.0	0.0	1.0	0.0	0.3333333333333333	1.0	1.0	1.0	0.0	1.0	1.0	0.3333333333333333	0.0	1.0	1.0	0.5	0.125	0.0	0.25	1.0
da	0.5	0.2	1.0	0.0	0.2	0.25	0.5	0.25	0.25	0.25	0.3333333333333333	1.0	0.3333333333333333	0.5	0.25	0.25	0.25	1.0	0.3333333333333333	1.0	0.3333333333333333	0.25	0.25	0.25	0.3333333333333333	0.25	0.3333333333333333	0.3333333333333333	0.5	0.25	0.3333333333333333	0.5	0.16666666666666666	0.25	0.25	0.25
de	0.5	0.002668759055617153	0.5	1.0	0.25	0.002589454504322557	0.0133399146682672	0.004743810610614252	0.0068027673654495815	0.0038647339212615666	0.05555555555555555	1.0	0.014711291307093427	0.020838543403211802	0.013158240997229917	0.013513878743608472	0.01316049290183518	1.0	0.002702702702702703	1.0	0.3333333333333333	0.002696813449793405	0.002638612930848434	0.002624706360523832	0.009184000682610561	0.002824978454467107	0.0035343057724532205	0.3333333333333333	0.25	0.002674104256641597	0.014492963663095989	0.5	0.07142857142857142	0.00806562174817898	0.25006249999999997	0.004291956013188675
el	0.5	0.01270777500510823	0.0	1.0	0.5	0.0133399146682672	0.013057730717842862	0.013601561994883386	0.015152892791551882	0.013592862603673301	0.2	1.0	0.021867483636575032	0.028674647021066087	0.03571811352040816	0.02564365614727153	0.02232390322319599	1.0	0.012658227848101266	1.0	0.3333333333333333	0.01284950375458071	0.012658868771030281	0.012821170282708743	0.01810283119784041	0.014707612673010378	0.014098406875430675	0.3333333333333333	1.0	0.01266592148774267	0.02857959592	0.5	0.125	0.017882696504275087	0.25	0.013891782986304013
en	0.5	0.004211696814805553	0.3333333333333333	1.0	0.25	0.004743810610614252	0.013601561994883386	0.0041471807740050435	0.006623393754659882	0.004698298782536006	0.05000249999999999	1.0	0.01377713875648769	0.0196633649189658	0.012660952732094215	0.01315893351800554	0.012552878272633738	1.0	0.00425531914893617	1.0	0.3333333333333333	0.004200059083636578	0.003968742189468379	0.004016419106143449	0.008919335685251974	0.004386811615170052	0.004726121607888766	0.3333333333333333	0.25	0.004205692257754984	0.015876291761148905	0.5	0.05555555555555555	0.007647657177585856	0.25	0.004927734718362639
es	0.5	0.00645194593132154	0.5	0.0	0.25	0.0068027673654495815	0.015152892791551882	0.006623393754659882	0.006139300728519818	0.0064945186794569485	0.07692307692307693	1.0	0.01408649097401309	0.0200012	0.016666666666666666	0.015873015873015872	0.012988024962050936	1.0	0.006493506493506494	1.0	0.3333333333333333	0.006410585141354372	0.006172839506172839	0.006289308176100629	0.00917768016210765	0.007246376811594203	0.007092399778683164	0.3333333333333333	0.25	0.006535947712418301	0.019230769230769232	0.5	0.07142857142857142	0.008620986920332935	0.25	0.006756756756756757
fr	0.5	0.0017164297185354928	1.0	1.0	0.25	0.0038647339212615666	0.013592862603673301	0.004698298782536006	0.0064945186794569485	0.0018857914410986608	0.07142857142857142	1.0	0.013955353429250077	0.020051729911165488	0.013701632951773313	0.014287143061224488	0.012548004524202315	1.0	0.0017301038062283738	1.0	0.3333333333333333	0.0016994783363226834	0.0016782860147713363	0.0016838787312264166	0.008983275759635988	0.0017428070422429221	0.0017323789339354397	0.3333333333333333	0.25	0.001701342857432528	0.014927155268433948	0.5	0.06666666666666667	0.008143055948950427	0.25	0.002084662231332669
he	0.5	0.07692307692307693	0.5	0.0	0.3333333333333333	0.05555555555555555	0.2	0.05000249999999999	0.07692307692307693	0.07142857142857142	0.050004999999999994	1.0	0.25	0.5	0.0625	0.08333333333333333	0.1111111111111111	1.0	0.07692307692307693	1.0	0.3333333333333333	0.07692307692307693	0.05	0.05263157894736842	0.14285714285714285	0.05	0.1111111111111111	0.3333333333333333	0.5	0.07692307692307693	0.16666666666666666	0.5	0.1	0.14285714285714285	0.25	0.07142857142857142
hi	0.5	1.0	0.5	0.0	1.0	1.0	1.0	1.0	1.0	1.0	1.0	1.0	1.0	1.0	1.0	1.0	1.0	1.0	1.0	1.0	0.3333333333333333	1.0	1.0	1.0	1.0	1.0	0.0	0.3333333333333333	1.0	1.0	1.0	0.5	0.125	1.0	0.25	1.0
hu	0.5	0.013933005425237694	1.0	0.0	0.3333333333333333	0.014711291307093427	0.021867483636575032	0.01377713875648769	0.01408649097401309	0.013955353429250077	0.25	1.0	0.01385694752690817	0.022816472523946894	0.02941608996539792	0.023257977285018928	0.015229750091686816	1.0	0.014084507042253521	1.0	0.3333333333333333	0.013723631334889666	0.01369919309438919	0.014084903788930767	0.014303545005455666	0.015874023683547494	0.014936742487863225	0.3333333333333333	0.5	0.014090262846063281	0.02778163657484645	0.5	0.125	0.014726673916144973	0.25	0.013516618517165813
id	0.5	0.020029243662891733	0.5	0.0	0.5	0.020838543403211802	0.028674647021066087	0.0196633649189658	0.0200012	0.020051729911165488	0.5	1.0	0.022816472523946894	0.019860606345116286	0.043478260869565216	0.026316481994459833	0.0222816320089688	1.0	0.02	1.0	0.3333333333333333	0.020024028026826023	0.0196078431372549	0.0200008	0.02189811640087343	0.022729338842975205	0.020844187936631942	0.3333333333333333	0.3333333333333333	0.0200028008	0.030305785123966943	0.5	0.1111111111111111	0.021751898399817112	0.25	0.0200008
it	0.5	0.0138908180941358	0.5	0.0	0.25	0.013158240997229917	0.03571811352040816	0.012660952732094215	0.016666666666666666	0.013701632951773313	0.0625	1.0	0.02941608996539792	0.043478260869565216	0.011378507908362931	0.02173960302457467	0.027783179012345678	1.0	0.014084507042253521	1.0	0.3333333333333333	0.013515157048940832	0.011904761904761904	0.012345679012345678	0.024398575848304578	0.0125	0.016668333333333334	0.3333333333333333	0.25	0.014084705415592145	0.028572244897959183	0.5	0.06667111111111111	0.023810657596371878	0.25	0.014285714285714285
ja	0.5	0.015386272426035503	0.5	1.0	0.25	0.013513878743608472	0.02564365614727153	0.01315893351800554	0.015873015873015872	0.014287143061224488	0.08333333333333333	1.0	0.023257977285018928	0.026316481994459833	0.02173960302457467	0.013166556964338992	0.02127840651878678	1.0	0.015625	1.0	0.3333333333333333	0.015625	0.013157894736842105	0.013333333333333334	0.02083767361111111	0.013513696128560994	0.017857461734693877	0.3333333333333333	0.5	0.015625244140625	0.022222222222222223	0.5	0.06666666666666667	0.021277501131733816	0.25	0.014492753623188406
ko	0.5	0.01318530725319825	0.5	0.0	0.25	0.01316049290183518	0.02232390322319599	0.012552878272633738	0.012988024962050936	0.012548004524202315	0.1111111111111111	1.0	0.015229750091686816	0.0222816320089688	0.027783179012345678	0.02127840651878678	0.012574990011678947	1.0	0.013333333333333334	1.0	0.3333333333333333	0.013172972835025644	0.012658388078833521	0.012500624999999998	0.014030959355587899	0.015152433425160696	0.013708209051421472	0.3333333333333333	0.5	0.0133379566224	0.027780864197530862	0.5	0.07692307692307693	0.013903178062513325	0.25	0.01250125015625
lv	0.5	1.0	1.0	0.0	1.0	1.0	1.0	1.0	1.0	1.0	1.0	1.0	1.0	1.0	1.0	1.0	1.0	1.0	1.0	1.0	0.3333333333333333	1.0	1.0	1.0	1.0	1.0	0.0	0.3333333333333333	1.0	1.0	1.0	0.5	0.14285714285714285	1.0	0.25	1.0
mk	0.5	0.0011918951132300357	1.0	1.0	0.3333333333333333	0.002702702702702703	0.012658227848101266	0.00425531914893617	0.006493506493506494	0.0017301038062283738	0.07692307692307693	1.0	0.014084507042253521	0.02	0.014084507042253521	0.015625	0.013333333333333334	1.0	0.0011904761904761906	1.0	0.3333333333333333	0.001199040767386091	0.0012515644555694619	0.0012531328320802004	0.008928571428571428	0.0012406947890818859	0.001430615164520744	0.3333333333333333	0.25	0.0011947431302270011	0.015151515151515152	0.5	0.125	0.0078125	0.25	0.002145922746781116
ml	0.5	1.0	1.0	0.0	1.0	1.0	1.0	1.0	1.0	1.0	1.0	1.0	1.0	1.0	1.0	1.0	1.0	1.0	1.0	1.0	0.3333333333333333	1.0	1.0	1.0	1.0	1.0	0.0	0.3333333333333333	1.0	1.0	1.0	0.5	0.2	1.0	0.25	1.0
mr	0.5	0.3333333333333333	0.0	0.3333333333333333	0.3333333333333333	0.3333333333333333	0.3333333333333333	0.3333333333333333	0.3333333333333333	0.3333333333333333	0.3333333333333333	0.3333333333333333	0.3333333333333333	0.3333333333333333	0.3333333333333333	0.3333333333333333	0.3333333333333333	0.3333333333333333	0.3333333333333333	0.3333333333333333	0.3333333333333333	0.3333333333333333	0.3333333333333333	0.3333333333333333	0.3333333333333333	0.3333333333333333	0.3333333333333333	1.0	0.3333333333333333	0.3333333333333333	0.3333333333333333	0.5	0.3333333333333333	0.3333333333333333	0.3333333333333333	0.3333333333333333
nl	0.5	0.0011859704068116184	1.0	1.0	0.25	0.002696813449793405	0.01284950375458071	0.004200059083636578	0.006410585141354372	0.0016994783363226834	0.07692307692307693	1.0	0.013723631334889666	0.020024028026826023	0.013515157048940832	0.015625	0.013172972835025644	1.0	0.001199040767386091	1.0	0.3333333333333333	0.001244599039232129	0.0012301666356531078	0.0012331855102695514	0.00897553028048072	0.0012153104798465748	0.0014151297961633503	0.3333333333333333	0.25	0.001184603905689138	0.014708045198961935	0.5	0.07142857142857142	0.007755184244276545	0.25	0.002088066265405921
pl	0.5	0.001228840912147082	1.0	1.0	0.25	0.002638612930848434	0.012658868771030281	0.003968742189468379	0.006172839506172839	0.0016782860147713363	0.05	1.0	0.01369919309438919	0.0196078431372549	0.011904761904761904	0.013157894736842105	0.012658388078833521	1.0	0.0012515644555694619	1.0	0.3333333333333333	0.0012301666356531078	0.0012088670231969654	0.0012239932043823943	0.008773622883964296	0.0012484503608940756	0.0014793949857322911	0.3333333333333333	0.25	0.0012345999100746834	0.014492753623188406	0.5	0.09090909090909091	0.007633937416234484	0.25	0.0020661327778157225
pt	0.5	0.0012332357002482826	0.5	1.0	0.25	0.002624706360523832	0.012821170282708743	0.004016419106143449	0.006289308176100629	0.0016838787312264166	0.05263157894736842	1.0	0.014084903788930767	0.0200008	0.012345679012345678	0.013333333333333334	0.012500624999999998	1.0	0.0012531328320802004	1.0	0.3333333333333333	0.0012331855102695514	0.0012239932043823943	0.0012168144320581938	0.008850419061790273	0.0012594521886440495	0.001481540745130315	0.3333333333333333	0.25	0.0012391896217882861	0.014492753623188406	0.5	0.0625	0.007692485207100591	0.25	0.0020746974053477037
ro	0.5	0.00900715398183406	0.5	0.0	0.3333333333333333	0.009184000682610561	0.01810283119784041	0.008919335685251974	0.00917768016210765	0.008983275759635988	0.14285714285714285	1.0	0.014303545005455666	0.02189811640087343	0.024398575848304578	0.02083767361111111	0.014030959355587899	1.0	0.008928571428571428	1.0	0.3333333333333333	0.00897553028048072	0.008773622883964296	0.008850419061790273	0.009459068240900483	0.010991064122690495	0.009285308148238556	0.3333333333333333	0.3333333333333333	0.008939106119512609	0.02439917132778108	0.5	0.1	0.009473018572378547	0.25	0.008776086180440134
ru	0.5	0.0012184512693545672	0.5	1.0	0.25	0.002824978454467107	0.014707612673010378	0.004386811615170052	0.007246376811594203	0.0017428070422429221	0.05	1.0	0.015874023683547494	0.022729338842975205	0.0125	0.013513696128560994	0.015152433425160696	1.0	0.0012406947890818859	1.0	0.3333333333333333	0.0012153104798465748	0.0012484503608940756	0.0012594521886440495	0.010991064122690495	0.0011997096860016764	0.001470746120242214	0.3333333333333333	0.25	0.0012240516353078474	0.014492753623188406	0.5	0.06666666666666667	0.009345881736396193	0.25	0.0021645162197110246
sh	0.5	0.0013898386170845638	1.0	1.0	0.3333333333333333	0.0035343057724532205	0.014098406875430675	0.004726121607888766	0.007092399778683164	0.0017323789339354397	0.1111111111111111	0.0	0.014936742487863225	0.020844187936631942	0.016668333333333334	0.017857461734693877	0.013708209051421472	0.0	0.001430615164520744	0.0	0.3333333333333333	0.0014151297961633503	0.0014793949857322911	0.001481540745130315	0.009285308148238556	0.001470746120242214	0.0014244693270223558	0.3333333333333333	0.5	0.001389595245164064	0.016667222222222222	0.5	0.125	0.008336807084028194	0.25	0.0021370261341359894
si	1.0	0.3333333333333333	0.5	0.3333333333333333	0.3333333333333333	0.3333333333333333	0.3333333333333333	0.3333333333333333	0.3333333333333333	0.3333333333333333	0.3333333333333333	0.3333333333333333	0.3333333333333333	0.3333333333333333	0.3333333333333333	0.3333333333333333	0.3333333333333333	0.3333333333333333	0.3333333333333333	0.3333333333333333	1.0	0.3333333333333333	0.3333333333333333	0.3333333333333333	0.3333333333333333	0.3333333333333333	0.3333333333333333	0.3333333333333333	0.3333333333333333	0.3333333333333333	0.3333333333333333	1.0	0.3333333333333333	0.3333333333333333	0.5	0.3333333333333333
simple	0.5	0.25	1.0	0.0	0.5	0.25	1.0	0.25	0.25	0.25	0.5	1.0	0.5	0.3333333333333333	0.25	0.5	0.5	1.0	0.25	1.0	0.3333333333333333	0.25	0.25	0.25	0.3333333333333333	0.25	0.5	0.3333333333333333	0.25	0.25	0.3333333333333333	0.5	0.1111111111111111	0.3333333333333333	0.25	0.25
sr	0.5	0.0011634144025549616	1.0	1.0	0.25	0.002674104256641597	0.01266592148774267	0.004205692257754984	0.006535947712418301	0.001701342857432528	0.07692307692307693	1.0	0.014090262846063281	0.0200028008	0.014084705415592145	0.015625244140625	0.0133379566224	1.0	0.0011947431302270011	1.0	0.3333333333333333	0.001184603905689138	0.0012345999100746834	0.0012391896217882861	0.008939106119512609	0.0012240516353078474	0.001389595245164064	0.3333333333333333	0.25	0.0011775485051468216	0.015151515151515152	0.5	0.1	0.007752959677903972	0.25	0.002105387262049861
sv	0.5	0.01492782401425707	1.0	1.0	0.3333333333333333	0.014492963663095989	0.02857959592	0.015876291761148905	0.019230769230769232	0.014927155268433948	0.16666666666666666	1.0	0.02778163657484645	0.030305785123966943	0.028572244897959183	0.022222222222222223	0.027780864197530862	1.0	0.015151515151515152	1.0	0.3333333333333333	0.014708045198961935	0.014492753623188406	0.014492753623188406	0.02439917132778108	0.014492753623188406	0.016667222222222222	0.3333333333333333	0.3333333333333333	0.015151515151515152	0.014303698601876783	0.5	0.07692307692307693	0.024392624033908985	0.25	0.015873015873015872
te	0.5	0.5	0.0	0.5	0.5	0.5	0.5	0.5	0.5	0.5	0.5	0.5	0.5	0.5	0.5	0.5	0.5	0.5	0.5	0.5	0.5	0.5	0.5	0.5	0.5	0.5	0.5	1.0	0.5	0.5	0.5	0.5	0.5	0.5	0.5	0.5
tr	0.5	0.14285714285714285	-1.0	0.125	0.16666666666666666	0.07142857142857142	0.125	0.05555555555555555	0.07142857142857142	0.06666666666666667	0.1	0.125	0.125	0.1111111111111111	0.06667111111111111	0.06666666666666667	0.07692307692307693	0.14285714285714285	0.125	0.2	0.3333333333333333	0.07142857142857142	0.09090909090909091	0.0625	0.1	0.06666666666666667	0.125	0.3333333333333333	0.1111111111111111	0.1	0.07692307692307693	0.5	0.05557408024691358	0.1111111111111111	0.25	0.0625
vi	0.5	0.00770077959823919	0.5	0.0	0.25	0.00806562174817898	0.017882696504275087	0.007647657177585856	0.008620986920332935	0.008143055948950427	0.14285714285714285	1.0	0.014726673916144973	0.021751898399817112	0.023810657596371878	0.021277501131733816	0.013903178062513325	1.0	0.0078125	1.0	0.3333333333333333	0.007755184244276545	0.007633937416234484	0.007692485207100591	0.009473018572378547	0.009345881736396193	0.008336807084028194	0.3333333333333333	0.3333333333333333	0.007752959677903972	0.024392624033908985	0.5	0.1111111111111111	0.007696990408627987	0.25	0.008130742283032585
war	0.5	0.25	1.0	0.25	0.25	0.25006249999999997	0.25	0.25	0.25	0.25	0.25	0.25	0.25	0.25	0.25	0.25	0.25	0.25	0.25	0.25	0.3333333333333333	0.25	0.25	0.25	0.25	0.25	0.25	0.5	0.25	0.25	0.25	0.5	0.25	0.25	0.25006249999999997	0.25
zh	0.5	0.002092873343555824	0.5	1.0	0.25	0.004291956013188675	0.013891782986304013	0.004927734718362639	0.006756756756756757	0.002084662231332669	0.07142857142857142	1.0	0.013516618517165813	0.0200008	0.014285714285714285	0.014492753623188406	0.01250125015625	1.0	0.002145922746781116	1.0	0.3333333333333333	0.002088066265405921	0.0020661327778157225	0.0020746974053477037	0.008776086180440134	0.0021645162197110246	0.0021370261341359894	0.3333333333333333	0.25	0.002105387262049861	0.015873015873015872	0.5	0.0625	0.008130742283032585	0.25	0.002055840475990467
