arz	bs	ceb	ckb	da	de	el	en	es	fr	he	hi	hu	id	it	ja	ko	lv	mk	ml	mr	nl	pl	pt	ro	ru	sh	si	simple	sr	sv	te	vi	war	zh
arz	1.0	1.0	0.0	0.0	1.0	1.0	0.6775915738325127	0.7584325078215765	0.7690990303325336	0.0	1.0	0.0	1.0	1.0	0.7690990303325336	0.7690990303325336	1.0	1.0	1.0	0.0	0.0	1.0	0.7690990303325336	0.7863954451402115	1.0	0.7690990303325336	1.0	0.0	1.0	1.0	1.0	0.0	0.5020797777427737	0.0	0.7584325078215765
bs	1.0	1.0	0.0	1.0	0.8755395908437883	0.8755395908437883	0.4486264851331109	0.5174559720544032	0.4859644710252492	0.0	0.7612806185683613	1.0	0.8216064286890065	0.741517517361894	0.599296846283968	0.741517517361894	0.8755395908437883	0.7361412429601097	0.741517517361894	0.8216064286890065	1.0	0.8755395908437883	0.5167291267051164	0.6404027076839929	0.6842677789305516	0.5260746794787831	0.8755395908437883	1.0	0.741517517361894	0.741517517361894	0.8755395908437883	1.0	0.8216064286890065	0.8755395908437883	0.673160831670236
ceb	0.0	0.0	1.0	0.0	1.0	1.0	1.0	1.0	1.0	0.0	1.0	0.0	0.0	0.0	1.0	1.0	1.0	1.0	0.0	0.0	0.0	1.0	1.0	1.0	1.0	1.0	1.0	0.0	0.0	0.0	1.0	0.0	1.0	0.0	1.0
ckb	0.0	1.0	0.0	1.0	1.0	1.0	1.0	1.0	1.0	0.0	1.0	1.0	1.0	1.0	1.0	1.0	1.0	1.0	1.0	1.0	1.0	1.0	1.0	1.0	0.953225785585603	0.4695960115558277	1.0	1.0	1.0	1.0	1.0	1.0	1.0	1.0	1.0
da	1.0	0.8755395908437883	1.0	1.0	1.0	0.23646377610232178	0.3227879382328524	0.13421237959357954	0.21672535289156056	0.0	0.4174266233411345	1.0	0.4486268499193144	0.5791275840357238	0.23192977759331876	0.22714953724592332	0.429073200446687	0.5091737439534562	0.6582862383985253	0.5615389351508964	1.0	0.22030215182998572	0.2843949786733916	0.33992548806760264	0.22813043318954834	0.21507233088648087	0.46737155554657195	1.0	0.6589257440209708	0.5323653243751627	0.14919589265738026	1.0	0.3265582602053499	1.0	0.30358596382019326
de	1.0	0.8755395908437883	1.0	1.0	0.23646377610232178	1.0	0.18214442237760914	0.05547547643825867	0.10932403824160128	0.0	0.20929242747954202	0.7411828468492555	0.34927078955319113	0.3216739517917976	0.07601384611787172	0.12970633997904812	0.467512341544278	0.40177104079258397	0.5950659482376811	0.2949363077969873	1.0	0.10248020868442055	0.09300804203912168	0.1259471609420963	0.23634367298699738	0.07652379848157395	0.35798150626389746	1.0	0.596773964384604	0.20263219542428082	0.13774323108451395	1.0	0.17789864309784373	1.0	0.1619395211337948
el	0.6775915738325127	0.4486264851331109	1.0	1.0	0.3227879382328524	0.18214442237760914	1.0	0.09405692865858305	0.15526672587388005	0.0	0.15775018441306654	1.0	0.29876978226630213	0.3109644281980961	0.13328624629062447	0.18411953719917468	0.2782279671633236	0.2918881849970088	0.27318224531468405	0.49086606017425544	1.0	0.14689019167625758	0.13052633093014282	0.1887623766875451	0.19689330249882786	0.12008103518561856	0.3336797311147249	1.0	0.3726237925312661	0.32340412903697435	0.1850752395225327	1.0	0.25617922977359014	0.44930756545688116	0.15406220219543856
en	0.7584325078215765	0.5174559720544032	1.0	1.0	0.13421237959357954	0.05547547643825867	0.09405692865858305	1.0	0.04526631208124118	0.6532002319725719	0.11166705500740372	0.5606007474779594	0.20782474242610724	0.16663881195388128	0.033119655512109145	0.08899925733099724	0.3102645538236147	0.1610309974257452	0.4530893335075857	0.08039389906705004	1.0	0.046550852238554034	0.041455175615995175	0.050472238614701626	0.10833114356920305	0.042419717503439064	0.16360233498907564	1.0	0.223524086137869	0.21562306037755377	0.0690078382091798	1.0	0.1408145946141864	0.7411828468492556	0.07703966318405964
es	0.7690990303325336	0.4859644710252492	1.0	1.0	0.21672535289156056	0.10932403824160128	0.15526672587388005	0.04526631208124118	1.0	1.0	0.185419794084406	1.0	0.3223760366599777	0.20218275322804163	0.04338948958489546	0.12533216863375715	0.6230165187498616	0.3571742593794102	0.6432357517002908	0.14487746926943226	1.0	0.07420805588316397	0.053716809799630054	0.07345331777924492	0.21922274721296559	0.0616338577437505	0.3389142055053409	1.0	0.4318848804726813	0.2403611949743697	0.11340232452064831	1.0	0.2201704399170967	1.0	0.11243679045190716
fr	0.0	0.0	0.0	0.0	0.0	0.0	0.0	0.6532002319725719	1.0	1.0	0.0	0.0	0.0	0.0	1.0	0.0	0.0	0.0	0.0	0.0	0.0	0.7510341748895938	1.0	1.0	0.0	1.0	0.0	0.0	0.0	0.0	0.0	0.0	0.0	0.0	1.0
he	1.0	0.7612806185683613	1.0	1.0	0.4174266233411345	0.20929242747954202	0.15775018441306654	0.11166705500740372	0.185419794084406	0.0	1.0	1.0	0.5348560599373398	0.2530647341536059	0.14427362702703694	0.2289571116912974	0.48810792745803355	0.49712581999837235	0.661251134120194	0.4915481049198582	1.0	0.15582409994734184	0.16793163778800482	0.17154333201545074	0.23389654921887262	0.13480420044977406	0.39169005901572646	1.0	0.6463474082678704	0.3651952521670086	0.2595674811465087	1.0	0.19825101411314192	1.0	0.18026732880877194
hi	0.0	1.0	0.0	1.0	1.0	0.7411828468492555	1.0	0.5606007474779594	1.0	0.0	1.0	1.0	1.0	1.0	0.7322034805959263	0.7584325078215763	1.0	1.0	1.0	1.0	1.0	0.4759947003899991	1.0	0.7376607345031153	0.7863954451402115	1.0	1.0	1.0	1.0	1.0	1.0	1.0	0.5660160774121898	1.0	1.0
hu	1.0	0.8216064286890065	0.0	1.0	0.4486268499193144	0.34927078955319113	0.29876978226630213	0.20782474242610724	0.3223760366599777	0.0	0.5348560599373398	1.0	1.0	0.6332644791477431	0.2742701107393064	0.3620191351447762	0.7263875964832448	0.6431915320584143	0.7510341748895938	0.4862958196685886	1.0	0.2707775377655343	0.3002687617034589	0.34218317899411693	0.38379940457454476	0.275974713674646	0.7210092110599264	1.0	0.6897980180502762	0.6204120806044474	0.32337723643467847	1.0	0.38436135726908	1.0	0.46726088501465857
id	1.0	0.741517517361894	0.0	1.0	0.5791275840357238	0.3216739517917976	0.3109644281980961	0.16663881195388128	0.20218275322804163	0.0	0.2530647341536059	1.0	0.6332644791477431	1.0	0.19284210997980594	0.21643204418710463	0.39031595626126814	0.3700405458451989	0.7645374946629664	0.3560347033236699	1.0	0.18259630071225685	0.1894981937055649	0.18562377442909678	0.2782570298497554	0.181061355164365	0.3272980896958606	1.0	0.34393789977882233	0.4271408102855054	0.28266746045086505	1.0	0.32538836209415495	0.7690990303325336	0.2466308986394039
it	0.7690990303325336	0.599296846283968	1.0	1.0	0.23192977759331876	0.07601384611787172	0.13328624629062447	0.033119655512109145	0.04338948958489546	1.0	0.14427362702703694	0.7322034805959263	0.2742701107393064	0.19284210997980594	1.0	0.10543055637510737	0.3375161263225216	0.26655862528416774	0.6738869325363619	0.11977429625310064	1.0	0.05795133834983365	0.04362871861376496	0.06323721801560572	0.19332301129064203	0.04412310515949175	0.20732841128683557	1.0	0.4570768163105871	0.20869059200139944	0.10972647096485655	1.0	0.2097313570241769	1.0	0.11003841703264658
ja	0.7690990303325336	0.741517517361894	1.0	1.0	0.22714953724592332	0.12970633997904812	0.18411953719917468	0.08899925733099724	0.12533216863375715	0.0	0.2289571116912974	0.7584325078215763	0.3620191351447762	0.21643204418710463	0.10543055637510737	1.0	0.34919613549384326	0.2835678678154341	0.6243218487458521	0.2082410492255663	1.0	0.12329335356708619	0.1130542056289623	0.12598497337147851	0.20325158141298855	0.09990616074520786	0.3368627533108656	1.0	0.3812763583343051	0.20020566019115335	0.1569674485495644	1.0	0.18339985239389142	1.0	0.12142359442771282
ko	1.0	0.8755395908437883	1.0	1.0	0.429073200446687	0.467512341544278	0.2782279671633236	0.3102645538236147	0.6230165187498616	0.0	0.48810792745803355	1.0	0.7263875964832448	0.39031595626126814	0.3375161263225216	0.34919613549384326	1.0	0.7210092110599264	1.0	0.6061686959955672	1.0	0.4305969830639371	0.40752038615079395	0.2611455352663123	0.3271142555725826	0.33269908448587165	0.7101264857596848	1.0	0.7221793916855703	0.48543008557359996	0.36419489915844705	1.0	0.2750926975021607	1.0	0.2905373069355927
lv	1.0	0.7361412429601097	1.0	1.0	0.5091737439534562	0.40177104079258397	0.2918881849970088	0.1610309974257452	0.3571742593794102	0.0	0.49712581999837235	1.0	0.6431915320584143	0.3700405458451989	0.26655862528416774	0.2835678678154341	0.7210092110599264	1.0	1.0	0.6124514101884014	1.0	0.3084381396979521	0.2726862741861125	0.3477066455950821	0.24601653954757363	0.22517619025051772	0.6314395498907663	1.0	0.718925811717485	0.580897773986195	0.3428381633900715	1.0	0.37064044951651337	1.0	0.3173036179049486
mk	1.0	0.741517517361894	0.0	1.0	0.6582862383985253	0.5950659482376811	0.27318224531468405	0.4530893335075857	0.6432357517002908	0.0	0.661251134120194	1.0	0.7510341748895938	0.7645374946629664	0.6738869325363619	0.6243218487458521	1.0	1.0	1.0	1.0	1.0	0.5925567396724761	0.5944667782209833	0.6589257440209708	0.4489330471747769	0.5254562497893641	1.0	1.0	0.7347168825662656	0.6701591524560105	0.5626767737790641	1.0	0.6550809321051863	1.0	0.49704912091808223
ml	0.0	0.8216064286890065	0.0	1.0	0.5615389351508964	0.2949363077969873	0.49086606017425544	0.08039389906705004	0.14487746926943226	0.0	0.4915481049198582	1.0	0.4862958196685886	0.3560347033236699	0.11977429625310064	0.2082410492255663	0.6061686959955672	0.6124514101884014	1.0	1.0	1.0	0.1806183163451693	0.1525815270659055	0.17152280081944077	0.24114494174345577	0.13548408409686874	0.5819274293967764	1.0	0.5189857754355955	0.5374266227312987	0.23158707686505364	1.0	0.4806432313659919	1.0	0.26415907871600774
mr	0.0	1.0	0.0	1.0	1.0	1.0	1.0	1.0	1.0	0.0	1.0	1.0	1.0	1.0	1.0	1.0	1.0	1.0	1.0	1.0	1.0	1.0	1.0	1.0	0.5660160774121898	1.0	1.0	1.0	1.0	1.0	1.0	1.0	1.0	1.0	1.0
nl	1.0	0.8755395908437883	1.0	1.0	0.22030215182998572	0.10248020868442055	0.14689019167625758	0.046550852238554034	0.07420805588316397	0.7510341748895938	0.15582409994734184	0.4759947003899991	0.2707775377655343	0.18259630071225685	0.05795133834983365	0.12329335356708619	0.4305969830639371	0.3084381396979521	0.5925567396724761	0.1806183163451693	1.0	1.0	0.07083441235846641	0.10153697885229104	0.21149306111746347	0.065179882466854	0.34430881834423793	1.0	0.3516521145727149	0.3288669964545104	0.12668206438172191	1.0	0.2372772920319825	1.0	0.12318131153872892
pl	0.7690990303325336	0.5167291267051164	1.0	1.0	0.2843949786733916	0.09300804203912168	0.13052633093014282	0.041455175615995175	0.053716809799630054	1.0	0.16793163778800482	1.0	0.3002687617034589	0.1894981937055649	0.04362871861376496	0.1130542056289623	0.40752038615079395	0.2726862741861125	0.5944667782209833	0.1525815270659055	1.0	0.07083441235846641	1.0	0.08801424385550068	0.1826245571406126	0.05342435708006646	0.23800986452573905	1.0	0.3961270923886502	0.2869644223488768	0.1300527801494273	1.0	0.19718868573419043	1.0	0.1269668953921291
pt	0.7863954451402115	0.6404027076839929	1.0	1.0	0.33992548806760264	0.1259471609420963	0.1887623766875451	0.050472238614701626	0.07345331777924492	1.0	0.17154333201545074	0.7376607345031153	0.34218317899411693	0.18562377442909678	0.06323721801560572	0.12598497337147851	0.2611455352663123	0.3477066455950821	0.6589257440209708	0.17152280081944077	1.0	0.10153697885229104	0.08801424385550068	1.0	0.21753360756404042	0.0730522050151807	0.2271765798667424	1.0	0.2969677110461534	0.24817767159382814	0.17565566288511386	1.0	0.150576732551825	1.0	0.11869017834187572
ro	1.0	0.6842677789305516	1.0	0.953225785585603	0.22813043318954834	0.23634367298699738	0.19689330249882786	0.10833114356920305	0.21922274721296559	0.0	0.23389654921887262	0.7863954451402115	0.38379940457454476	0.2782570298497554	0.19332301129064203	0.20325158141298855	0.3271142555725826	0.24601653954757363	0.4489330471747769	0.24114494174345577	0.5660160774121898	0.21149306111746347	0.1826245571406126	0.21753360756404042	1.0	0.1555788667909577	0.284813612610213	0.7863954451402115	0.24412359139497794	0.24486043867974516	0.17701290535031675	1.0	0.22537434917976037	1.0	0.20448090902695437
ru	0.7690990303325336	0.5260746794787831	1.0	0.4695960115558277	0.21507233088648087	0.07652379848157395	0.12008103518561856	0.042419717503439064	0.0616338577437505	1.0	0.13480420044977406	1.0	0.275974713674646	0.181061355164365	0.04412310515949175	0.09990616074520786	0.33269908448587165	0.22517619025051772	0.5254562497893641	0.13548408409686874	1.0	0.065179882466854	0.05342435708006646	0.0730522050151807	0.1555788667909577	1.0	0.2416893093702423	1.0	0.4276431832549957	0.21310336784827574	0.10285036786571031	1.0	0.15008816367547834	1.0	0.10642109908628955
sh	1.0	0.8755395908437883	1.0	1.0	0.46737155554657195	0.35798150626389746	0.3336797311147249	0.16360233498907564	0.3389142055053409	0.0	0.39169005901572646	1.0	0.7210092110599264	0.3272980896958606	0.20732841128683557	0.3368627533108656	0.7101264857596848	0.6314395498907663	1.0	0.5819274293967764	1.0	0.34430881834423793	0.23800986452573905	0.2271765798667424	0.284813612610213	0.2416893093702423	1.0	1.0	1.0	0.3808721418408931	0.42008875445434624	1.0	0.3442836385913677	1.0	0.27782440697027405
si	0.0	1.0	0.0	1.0	1.0	1.0	1.0	1.0	1.0	0.0	1.0	1.0	1.0	1.0	1.0	1.0	1.0	1.0	1.0	1.0	1.0	1.0	1.0	1.0	0.7863954451402115	1.0	1.0	1.0	1.0	0.7863954451402115	1.0	1.0	0.5020797777427737	1.0	1.0
simple	1.0	0.741517517361894	0.0	1.0	0.6589257440209708	0.596773964384604	0.3726237925312661	0.223524086137869	0.4318848804726813	0.0	0.6463474082678704	1.0	0.6897980180502762	0.34393789977882233	0.4570768163105871	0.3812763583343051	0.7221793916855703	0.718925811717485	0.7347168825662656	0.5189857754355955	1.0	0.3516521145727149	0.3961270923886502	0.2969677110461534	0.24412359139497794	0.4276431832549957	1.0	1.0	1.0	0.46457114693254914	0.6163171184300298	1.0	0.6221982196391784	1.0	0.4314616867175809
sr	1.0	0.741517517361894	0.0	1.0	0.5323653243751627	0.20263219542428082	0.32340412903697435	0.21562306037755377	0.2403611949743697	0.0	0.3651952521670086	1.0	0.6204120806044474	0.4271408102855054	0.20869059200139944	0.20020566019115335	0.48543008557359996	0.580897773986195	0.6701591524560105	0.5374266227312987	1.0	0.3288669964545104	0.2869644223488768	0.24817767159382814	0.24486043867974516	0.21310336784827574	0.3808721418408931	0.7863954451402115	0.46457114693254914	1.0	0.3589748723493045	0.8216064286890065	0.3805711230703158	0.6704675947063354	0.28405689468163814
sv	1.0	0.8755395908437883	1.0	1.0	0.14919589265738026	0.13774323108451395	0.1850752395225327	0.0690078382091798	0.11340232452064831	0.0	0.2595674811465087	1.0	0.32337723643467847	0.28266746045086505	0.10972647096485655	0.1569674485495644	0.36419489915844705	0.3428381633900715	0.5626767737790641	0.23158707686505364	1.0	0.12668206438172191	0.1300527801494273	0.17565566288511386	0.17701290535031675	0.10285036786571031	0.42008875445434624	1.0	0.6163171184300298	0.3589748723493045	1.0	1.0	0.24867903704250474	1.0	0.17678189962920693
te	0.0	1.0	0.0	1.0	1.0	1.0	1.0	1.0	1.0	0.0	1.0	1.0	1.0	1.0	1.0	1.0	1.0	1.0	1.0	1.0	1.0	1.0	1.0	1.0	1.0	1.0	1.0	1.0	1.0	0.8216064286890065	1.0	1.0	1.0	1.0	1.0
vi	0.5020797777427737	0.8216064286890065	1.0	1.0	0.3265582602053499	0.17789864309784373	0.25617922977359014	0.1408145946141864	0.2201704399170967	0.0	0.19825101411314192	0.5660160774121898	0.38436135726908	0.32538836209415495	0.2097313570241769	0.18339985239389142	0.2750926975021607	0.37064044951651337	0.6550809321051863	0.4806432313659919	1.0	0.2372772920319825	0.19718868573419043	0.150576732551825	0.22537434917976037	0.15008816367547834	0.3442836385913677	0.5020797777427737	0.6221982196391784	0.3805711230703158	0.24867903704250474	1.0	1.0	1.0	0.20165727725094373
war	0.0	0.8755395908437883	0.0	1.0	1.0	1.0	0.44930756545688116	0.7411828468492556	1.0	0.0	1.0	1.0	1.0	0.7690990303325336	1.0	1.0	1.0	1.0	1.0	1.0	1.0	1.0	1.0	1.0	1.0	1.0	1.0	1.0	1.0	0.6704675947063354	1.0	1.0	1.0	1.0	1.0
zh	0.7584325078215765	0.673160831670236	1.0	1.0	0.30358596382019326	0.1619395211337948	0.15406220219543856	0.07703966318405964	0.11243679045190716	1.0	0.18026732880877194	1.0	0.46726088501465857	0.2466308986394039	0.11003841703264658	0.12142359442771282	0.2905373069355927	0.3173036179049486	0.49704912091808223	0.26415907871600774	1.0	0.12318131153872892	0.1269668953921291	0.11869017834187572	0.20448090902695437	0.10642109908628955	0.27782440697027405	1.0	0.4314616867175809	0.28405689468163814	0.17678189962920693	1.0	0.20165727725094373	1.0	1.0
