arz	bs	ceb	ckb	da	de	el	en	es	fr	he	hi	hu	id	it	ja	ko	lv	mk	ml	mr	nl	pl	pt	ro	ru	sh	si	simple	sr	sv	te	vi	war	zh
arz	1.0	0.15384615384615385	0.05555555555555555	0.13636363636363635	0.07692307692307693	0.05172413793103448	0.1607142857142857	0.022435897435897436	0.052917232021709636	0.03977272727272727	0.06760973580195548	0.06687456687456687	0.10999761393462182	0.058333333333333334	0.03614457831325301	0.046153846153846156	0.06844576229305659	0.13157894736842105	0.1757518796992481	0.13756613756613756	0.0843859649122807	0.0660377358490566	0.0710670908039329	0.0603448275862069	0.09924812030075188	0.04216867469879518	0.13043478260869565	0.027777777777777776	0.07142857142857142	0.12156862745098039	0.037037037037037035	0.1013157894736842	0.09722222222222222	0.3333333333333333	0.05397192261599042
bs	0.15384615384615385	1.0	0.10526315789473684	0.15384615384615385	0.11538461538461539	0.06779661016949153	0.15517241379310345	0.03205128205128205	0.057692307692307696	0.05056179775280899	0.1111111111111111	0.1111111111111111	0.11428571428571428	0.07377049180327869	0.047619047619047616	0.06060606060606061	0.07758620689655173	0.21052631578947367	0.13636363636363635	0.13043478260869565	0.11538461538461539	0.08066378066378066	0.08884266825137424	0.07627118644067797	0.1078125	0.05357142857142857	0.16666666666666666	0.1111111111111111	0.09302325581395349	0.125	0.0625	0.09090909090909091	0.12162162162162163	0.14285714285714285	0.06716417910447761
ceb	0.05555555555555555	0.10526315789473684	1.0	0.08823529411764706	0.16872710622710624	0.12613186191284662	0.08571428571428572	0.04227162734422262	0.08441558441558442	0.07804190934413777	0.1435433968409054	0.1332725377800938	0.19259962049335866	0.09437005477784541	0.07457226164933707	0.08978494623655914	0.0857487922705314	0.21428571428571427	0.151268115942029	0.10106716886377903	0.08898305084745763	0.11868686868686867	0.13795336787564766	0.10632454488386692	0.14886363636363636	0.08246837766578781	0.15938410320432791	0.043478260869565216	0.11941671045717288	0.12343205574912891	0.08512596899224806	0.037037037037037035	0.1282051282051282	0.08333333333333333	0.0868246279836213
ckb	0.13636363636363635	0.15384615384615385	0.08823529411764706	1.0	0.07692307692307693	0.0641357492090883	0.08333333333333333	0.022435897435897436	0.038461538461538464	0.03977272727272727	0.06521739130434782	0.08571428571428572	0.08823529411764706	0.04918032786885246	0.03614457831325301	0.046153846153846156	0.05172413793103448	0.16666666666666666	0.125	0.11904761904761904	0.10416666666666667	0.05555555555555555	0.05660377358490566	0.05084745762711865	0.07692307692307693	0.03571428571428571	0.10416666666666667	0.058823529411764705	0.05813953488372093	0.0967741935483871	0.037037037037037035	0.10526315789473684	0.08108108108108109	0.125	0.04477611940298507
da	0.07692307692307693	0.11538461538461539	0.16872710622710624	0.07692307692307693	1.0	0.2379376895505928	0.20212765957446807	0.12358271446471684	0.20987654320987653	0.19747565096402306	0.28207784055241686	0.18687887080512747	0.32077167019027486	0.22227742448330684	0.18791574279379158	0.20133283968900406	0.2261072261072261	0.2236842105263158	0.17079889807162535	0.13333333333333333	0.1170992668912225	0.2521128194684859	0.3007349454717876	0.2603305785123967	0.2785776887442093	0.20054368702538192	0.2061489948758376	0.08139534883720931	0.2717775467775468	0.21348797250859108	0.19936240230357877	0.06696428571428571	0.25510204081632654	0.08974358974358974	0.2396995610023779
de	0.05172413793103448	0.06779661016949153	0.12613186191284662	0.0641357492090883	0.2379376895505928	1.0	0.18548387096774194	0.1809065914136065	0.30178571428571427	0.314176245210728	0.2579365079365079	0.16911764705882354	0.24272164044081362	0.24585392269681175	0.251898983920292	0.287593984962406	0.23234651783547683	0.1271186440677966	0.13559322033898305	0.13333333333333333	0.12243225524475525	0.2991590624440866	0.2964340198321892	0.31596126883981773	0.26016660107569195	0.2651248843663275	0.15004098360655738	0.06557377049180328	0.2615724231618271	0.19595064303093498	0.23144079555966698	0.08195575294020889	0.2153846153846154	0.07017543859649122	0.288596619594644
el	0.1607142857142857	0.15517241379310345	0.08571428571428572	0.08333333333333333	0.20212765957446807	0.18548387096774194	1.0	0.08974358974358974	0.14814814814814814	0.13043478260869565	0.19108309143686503	0.21770334928229668	0.19715007215007213	0.15671641791044777	0.13953488372093023	0.17647058823529413	0.15384615384615385	0.18181818181818182	0.15714285714285714	0.21212121212121213	0.1846042471042471	0.16393442622950818	0.16666666666666666	0.1935483870967742	0.1875	0.14702668955829562	0.17567567567567569	0.07142857142857142	0.19	0.22995049504950496	0.14285714285714285	0.14705882352941177	0.2111111111111111	0.14285714285714285	0.1619718309859155
en	0.022435897435897436	0.03205128205128205	0.04227162734422262	0.022435897435897436	0.12358271446471684	0.1809065914136065	0.08974358974358974	1.0	0.23361903666206474	0.2724196535792066	0.14181372917584129	0.10959432177659084	0.10753705634377408	0.19485006518904824	0.22617128107209789	0.20214024995116647	0.16530076529311966	0.054801842797437515	0.054140127388535034	0.06151130943948623	0.07199650003804306	0.1665186156388434	0.1605794060083793	0.1783746101632728	0.12240314430095452	0.24518666862154453	0.07082512532231458	0.038461538461538464	0.13492757242757245	0.09704936854190586	0.2139683734939759	0.051909797672509535	0.11600037893141342	0.02564102564102564	0.19926823416506717
es	0.052917232021709636	0.057692307692307696	0.08441558441558442	0.038461538461538464	0.20987654320987653	0.30178571428571427	0.14814814814814814	0.23361903666206474	1.0	0.3376560999039385	0.22810618500273672	0.14534883720930233	0.21707901037509975	0.23068418856904463	0.25	0.26153673835125446	0.2388278388278388	0.10256410256410256	0.09375	0.10467289719626169	0.10244614822928076	0.2926829268292683	0.2554347826086957	0.3015068096203999	0.1927710843373494	0.3	0.11875	0.05625	0.22099587464717377	0.16049382716049382	0.2072072072072072	0.06728321737654845	0.19753086419753085	0.05194805194805195	0.2882960413080895
fr	0.03977272727272727	0.05056179775280899	0.07804190934413777	0.03977272727272727	0.19747565096402306	0.314176245210728	0.13043478260869565	0.2724196535792066	0.3376560999039385	1.0	0.22486690328305234	0.14366289555664863	0.19242610837438423	0.24206611570247932	0.23505219867130656	0.2565075055892686	0.2563848039215686	0.0898876404494382	0.10037574784765796	0.10112359550561797	0.11620016963528414	0.25948901755353365	0.2404740665222378	0.2560415228208852	0.18478260869565216	0.2816054829053096	0.11273448773448773	0.05555555555555555	0.20069124423963133	0.1439153138835282	0.1895728081932845	0.06521739130434782	0.1754190675746464	0.045454545454545456	0.3032011664064617
he	0.06760973580195548	0.1111111111111111	0.1435433968409054	0.06521739130434782	0.28207784055241686	0.2579365079365079	0.19108309143686503	0.14181372917584129	0.22810618500273672	0.22486690328305234	1.0	0.16047925608011443	0.2693548387096774	0.25895140664961636	0.1900420757363254	0.20954045954045955	0.21432135728542914	0.176316889632107	0.14738202973497092	0.11941687344913152	0.10311624649859943	0.2615384615384615	0.23005343652109822	0.3337807922377655	0.24487370994024987	0.23135435992578848	0.1882396794334172	0.07	0.24985388661601404	0.20127038301099734	0.16177070583435332	0.05454545454545454	0.26620012372409524	0.07608695652173914	0.255625
hi	0.06687456687456687	0.1111111111111111	0.1332725377800938	0.08571428571428572	0.18687887080512747	0.16911764705882354	0.21770334928229668	0.10959432177659084	0.14534883720930233	0.14366289555664863	0.16047925608011443	1.0	0.19034013605442177	0.19337911376004144	0.12365591397849462	0.17554322153991497	0.1529940119760479	0.1891891891891892	0.15	0.21621621621621623	0.3072992700729927	0.13970588235294118	0.16472317491425773	0.15356914212548015	0.16666666666666666	0.1444051304732419	0.1511627906976744	0.08974358974358974	0.18670417530352384	0.17063492063492064	0.14273254322507825	0.2591036414565826	0.17307692307692307	0.09895833333333333	0.14192654192654192
hu	0.10999761393462182	0.11428571428571428	0.19259962049335866	0.08823529411764706	0.32077167019027486	0.24272164044081362	0.19715007215007213	0.10753705634377408	0.21707901037509975	0.19242610837438423	0.2693548387096774	0.19034013605442177	1.0	0.19882218301463928	0.16279219940591502	0.20782465909902192	0.22628571428571428	0.22228571428571428	0.1891891891891892	0.15602409638554215	0.1531095443544144	0.25994152046783625	0.26510141093474426	0.23765884652981425	0.2944137507673419	0.2036971415072053	0.25054251331623595	0.09210526315789473	0.2890625	0.2372529752156349	0.17919799498746866	0.06063497571131159	0.2371289729445758	0.12121212121212122	0.23743484735666417
id	0.058333333333333334	0.07377049180327869	0.09437005477784541	0.04918032786885246	0.22227742448330684	0.24585392269681175	0.15671641791044777	0.19485006518904824	0.23068418856904463	0.24206611570247932	0.25895140664961636	0.19337911376004144	0.19882218301463928	1.0	0.19077811429703642	0.24715320910973085	0.2327605740181269	0.13362278850835904	0.12136243386243385	0.11924511316872428	0.12453438034833383	0.221072226358898	0.22423802612481858	0.2434171597633136	0.2284313725490196	0.24684927983539093	0.13310567936736162	0.05384615384615385	0.2110663082437276	0.16348884381338744	0.1679721496953873	0.08461538461538462	0.2542194092827004	0.06666666666666667	0.27748645944733846
it	0.03614457831325301	0.047619047619047616	0.07457226164933707	0.03614457831325301	0.18791574279379158	0.251898983920292	0.13953488372093023	0.22617128107209789	0.25	0.23505219867130656	0.1900420757363254	0.12365591397849462	0.16279219940591502	0.19077811429703642	1.0	0.28532936913499957	0.195	0.09963229541542795	0.09821428571428571	0.09411764705882353	0.08623816685835618	0.23061414392059554	0.23193734015345266	0.23606321839080457	0.20826330532212883	0.2545871559633027	0.11176470588235295	0.05952380952380952	0.17937027511495598	0.1511627906976744	0.2879003043037241	0.056818181818181816	0.19411764705882353	0.04878048780487805	0.22219472787877903
ja	0.046153846153846156	0.06060606060606061	0.08978494623655914	0.046153846153846156	0.20133283968900406	0.287593984962406	0.17647058823529413	0.20214024995116647	0.26153673835125446	0.2565075055892686	0.20954045954045955	0.17554322153991497	0.20782465909902192	0.24715320910973085	0.28532936913499957	1.0	0.26582278481012656	0.11363636363636363	0.12121212121212122	0.11940298507462686	0.11428571428571428	0.24050632911392406	0.24383905093866567	0.21764705882352942	0.22515917422342271	0.22772277227722773	0.13720731010850942	0.06716417910447761	0.24220670282080292	0.17990314769975788	0.2422680412371134	0.07971014492753623	0.27370478983382207	0.0625	0.2663533288109313
ko	0.06844576229305659	0.07758620689655173	0.0857487922705314	0.05172413793103448	0.2261072261072261	0.23234651783547683	0.15384615384615385	0.16530076529311966	0.2388278388278388	0.2563848039215686	0.21432135728542914	0.1529940119760479	0.22628571428571428	0.2327605740181269	0.195	0.26582278481012656	1.0	0.13793103448275862	0.13879834854411124	0.09648224043715847	0.10263422607820948	0.20512820512820512	0.21163836163836164	0.2134479717813051	0.1909310496267018	0.2082416672580607	0.14754098360655737	0.075	0.23869622475856014	0.15142764438676182	0.1782178217821782	0.05303030303030303	0.24090422685928303	0.07017543859649122	0.31846978557504874
lv	0.13157894736842105	0.21052631578947367	0.21428571428571427	0.16666666666666666	0.2236842105263158	0.1271186440677966	0.18181818181818182	0.054801842797437515	0.10256410256410256	0.0898876404494382	0.176316889632107	0.1891891891891892	0.22228571428571428	0.13362278850835904	0.09963229541542795	0.11363636363636363	0.13793103448275862	1.0	0.2608695652173913	0.16666666666666666	0.15442477876106195	0.14814814814814814	0.16346153846153846	0.14655172413793102	0.2236842105263158	0.10408749090321015	0.28	0.10416666666666667	0.17617916803144448	0.25806451612903225	0.10882731958762887	0.08928571428571429	0.21621621621621623	0.15789473684210525	0.11940298507462686
mk	0.1757518796992481	0.13636363636363635	0.151268115942029	0.125	0.17079889807162535	0.13559322033898305	0.15714285714285714	0.054140127388535034	0.09375	0.10037574784765796	0.14738202973497092	0.15	0.1891891891891892	0.12136243386243385	0.09821428571428571	0.12121212121212122	0.13879834854411124	0.2608695652173913	1.0	0.1452839756592292	0.10606060606060606	0.1574074074074074	0.14814814814814814	0.12295081967213115	0.21219512195121953	0.09411764705882353	0.26705653021442494	0.1	0.15555555555555556	0.23604465709728867	0.09036144578313253	0.06666666666666667	0.20024420024420025	0.2222222222222222	0.12041458649880617
ml	0.13756613756613756	0.13043478260869565	0.10106716886377903	0.11904761904761904	0.13333333333333333	0.13333333333333333	0.21212121212121213	0.06151130943948623	0.10467289719626169	0.10112359550561797	0.11941687344913152	0.21621621621621623	0.15602409638554215	0.11924511316872428	0.09411764705882353	0.11940298507462686	0.09648224043715847	0.16666666666666666	0.1452839756592292	1.0	0.27250429237184204	0.1206896551724138	0.13974252491694353	0.1216374269005848	0.15690158465387824	0.10861778339654446	0.12121212121212122	0.09615384615384616	0.14767287234042553	0.14825796886582654	0.08928571428571429	0.2781109445277361	0.125	0.14285714285714285	0.09468694885361552
mr	0.0843859649122807	0.11538461538461539	0.08898305084745763	0.10416666666666667	0.1170992668912225	0.12243225524475525	0.1846042471042471	0.07199650003804306	0.10244614822928076	0.11620016963528414	0.10311624649859943	0.3072992700729927	0.1531095443544144	0.12453438034833383	0.08623816685835618	0.11428571428571428	0.10263422607820948	0.15442477876106195	0.10606060606060606	0.27250429237184204	1.0	0.11082673362951517	0.120995670995671	0.09899905235726131	0.125	0.12399223648850403	0.12857142857142856	0.10714285714285714	0.12961514392991239	0.12404761904761905	0.09472393608606233	0.2685470085470086	0.10752237136465324	0.1	0.08746031746031746
nl	0.0660377358490566	0.08066378066378066	0.11868686868686867	0.05555555555555555	0.2521128194684859	0.2991590624440866	0.16393442622950818	0.1665186156388434	0.2926829268292683	0.25948901755353365	0.2615384615384615	0.13970588235294118	0.25994152046783625	0.221072226358898	0.23061414392059554	0.24050632911392406	0.20512820512820512	0.14814814814814814	0.1574074074074074	0.1206896551724138	0.11082673362951517	1.0	0.26354336200883516	0.2626894315399378	0.26646341463414636	0.2486691778476481	0.19444444444444445	0.07017543859649122	0.2358499262536873	0.20659495871360278	0.2074468085106383	0.056451612903225805	0.22950819672131148	0.07547169811320754	0.23714080003388177
pl	0.0710670908039329	0.08884266825137424	0.13795336787564766	0.05660377358490566	0.3007349454717876	0.2964340198321892	0.16666666666666666	0.1605794060083793	0.2554347826086957	0.2404740665222378	0.23005343652109822	0.16472317491425773	0.26510141093474426	0.22423802612481858	0.23193734015345266	0.24383905093866567	0.21163836163836164	0.16346153846153846	0.14814814814814814	0.13974252491694353	0.120995670995671	0.26354336200883516	1.0	0.24694694694694697	0.2894490254872564	0.25483091787439616	0.17272727272727273	0.07142857142857142	0.258816120906801	0.21611314158588907	0.20967741935483872	0.07031630170316301	0.22729949936193186	0.07692307692307693	0.22495542995865417
pt	0.0603448275862069	0.07627118644067797	0.10632454488386692	0.05084745762711865	0.2603305785123967	0.31596126883981773	0.1935483870967742	0.1783746101632728	0.3015068096203999	0.2560415228208852	0.3337807922377655	0.15356914212548015	0.23765884652981425	0.2434171597633136	0.23606321839080457	0.21764705882352942	0.2134479717813051	0.14655172413793102	0.12295081967213115	0.1216374269005848	0.09899905235726131	0.2626894315399378	0.24694694694694697	1.0	0.26430860805860806	0.2944284094423255	0.16666666666666666	0.06451612903225806	0.27610156833457805	0.21811623792023957	0.20150141902407762	0.06060606060606061	0.21212121212121213	0.06896551724137931	0.27532555386436663
ro	0.09924812030075188	0.1078125	0.14886363636363636	0.07692307692307693	0.2785776887442093	0.26016660107569195	0.1875	0.12240314430095452	0.1927710843373494	0.18478260869565216	0.24487370994024987	0.16666666666666666	0.2944137507673419	0.2284313725490196	0.20826330532212883	0.22515917422342271	0.1909310496267018	0.2236842105263158	0.21219512195121953	0.15690158465387824	0.125	0.26646341463414636	0.2894490254872564	0.26430860805860806	1.0	0.21746271158035863	0.2204585537918871	0.06818181818181818	0.2241165362827084	0.2857142857142857	0.19813371131585164	0.0625	0.2647174254317112	0.10526315789473684	0.20465737514518
ru	0.04216867469879518	0.05357142857142857	0.08246837766578781	0.03571428571428571	0.20054368702538192	0.2651248843663275	0.14702668955829562	0.24518666862154453	0.3	0.2816054829053096	0.23135435992578848	0.1444051304732419	0.2036971415072053	0.24684927983539093	0.2545871559633027	0.22772277227722773	0.2082416672580607	0.10408749090321015	0.09411764705882353	0.10861778339654446	0.12399223648850403	0.2486691778476481	0.25483091787439616	0.2944284094423255	0.21746271158035863	1.0	0.11925996204933587	0.058823529411764705	0.23076923076923078	0.15827208097361128	0.23632628444343926	0.07061568225788097	0.19486346811928207	0.04819277108433735	0.26125343207637475
sh	0.13043478260869565	0.16666666666666666	0.15938410320432791	0.10416666666666667	0.2061489948758376	0.15004098360655738	0.17567567567567569	0.07082512532231458	0.11875	0.11273448773448773	0.1882396794334172	0.1511627906976744	0.25054251331623595	0.13310567936736162	0.11176470588235295	0.13720731010850942	0.14754098360655737	0.28	0.26705653021442494	0.12121212121212122	0.12857142857142856	0.19444444444444445	0.17272727272727273	0.16666666666666666	0.2204585537918871	0.11925996204933587	1.0	0.12962962962962962	0.18478260869565216	0.3125	0.11202090592334495	0.058823529411764705	0.2073170731707317	0.15217391304347827	0.1489072523649016
si	0.027777777777777776	0.1111111111111111	0.043478260869565216	0.058823529411764705	0.08139534883720931	0.06557377049180328	0.07142857142857142	0.038461538461538464	0.05625	0.05555555555555555	0.07	0.08974358974358974	0.09210526315789473	0.05384615384615385	0.05952380952380952	0.06716417910447761	0.075	0.10416666666666667	0.1	0.09615384615384616	0.10714285714285714	0.07017543859649122	0.07142857142857142	0.06451612903225806	0.06818181818181818	0.058823529411764705	0.12962962962962962	1.0	0.07608695652173914	0.08333333333333333	0.05421686746987952	0.08333333333333333	0.07142857142857142	0.05555555555555555	0.07352941176470588
simple	0.07142857142857142	0.09302325581395349	0.11941671045717288	0.05813953488372093	0.2717775467775468	0.2615724231618271	0.19	0.13492757242757245	0.22099587464717377	0.20069124423963133	0.24985388661601404	0.18670417530352384	0.2890625	0.2110663082437276	0.17937027511495598	0.24220670282080292	0.23869622475856014	0.17617916803144448	0.15555555555555556	0.14767287234042553	0.12961514392991239	0.2358499262536873	0.258816120906801	0.27610156833457805	0.2241165362827084	0.23076923076923078	0.18478260869565216	0.07608695652173914	1.0	0.2354487000279564	0.17764521571463002	0.08163265306122448	0.24510159651669086	0.08333333333333333	0.27094048159927303
sr	0.12156862745098039	0.125	0.12343205574912891	0.0967741935483871	0.21348797250859108	0.19595064303093498	0.22995049504950496	0.09704936854190586	0.16049382716049382	0.1439153138835282	0.20127038301099734	0.17063492063492064	0.2372529752156349	0.16348884381338744	0.1511627906976744	0.17990314769975788	0.15142764438676182	0.25806451612903225	0.23604465709728867	0.14825796886582654	0.12404761904761905	0.20659495871360278	0.21611314158588907	0.21811623792023957	0.2857142857142857	0.15827208097361128	0.3125	0.08333333333333333	0.2354487000279564	1.0	0.125	0.08974358974358974	0.22104093938432243	0.13333333333333333	0.18510239065974796
sv	0.037037037037037035	0.0625	0.08512596899224806	0.037037037037037035	0.19936240230357877	0.23144079555966698	0.14285714285714285	0.2139683734939759	0.2072072072072072	0.1895728081932845	0.16177070583435332	0.14273254322507825	0.17919799498746866	0.1679721496953873	0.2879003043037241	0.2422680412371134	0.1782178217821782	0.10882731958762887	0.09036144578313253	0.08928571428571429	0.09472393608606233	0.2074468085106383	0.20967741935483872	0.20150141902407762	0.19813371131585164	0.23632628444343926	0.11202090592334495	0.05421686746987952	0.17764521571463002	0.125	1.0	0.05813953488372093	0.1744186046511628	0.043209876543209874	0.19150410404008103
te	0.1013157894736842	0.09090909090909091	0.037037037037037035	0.10526315789473684	0.06696428571428571	0.08195575294020889	0.14705882352941177	0.051909797672509535	0.06728321737654845	0.06521739130434782	0.05454545454545454	0.2591036414565826	0.06063497571131159	0.08461538461538462	0.056818181818181816	0.07971014492753623	0.05303030303030303	0.08928571428571429	0.06666666666666667	0.2781109445277361	0.2685470085470086	0.056451612903225805	0.07031630170316301	0.06060606060606061	0.0625	0.07061568225788097	0.058823529411764705	0.08333333333333333	0.08163265306122448	0.08974358974358974	0.05813953488372093	1.0	0.06521739130434782	0.1	0.05405405405405406
vi	0.09722222222222222	0.12162162162162163	0.1282051282051282	0.08108108108108109	0.25510204081632654	0.2153846153846154	0.2111111111111111	0.11600037893141342	0.19753086419753085	0.1754190675746464	0.26620012372409524	0.17307692307692307	0.2371289729445758	0.2542194092827004	0.19411764705882353	0.27370478983382207	0.24090422685928303	0.21621621621621623	0.20024420024420025	0.125	0.10752237136465324	0.22950819672131148	0.22729949936193186	0.21212121212121213	0.2647174254317112	0.19486346811928207	0.2073170731707317	0.07142857142857142	0.24510159651669086	0.22104093938432243	0.1744186046511628	0.06521739130434782	1.0	0.1111111111111111	0.23123100303951366
war	0.3333333333333333	0.14285714285714285	0.08333333333333333	0.125	0.08974358974358974	0.07017543859649122	0.14285714285714285	0.02564102564102564	0.05194805194805195	0.045454545454545456	0.07608695652173914	0.09895833333333333	0.12121212121212122	0.06666666666666667	0.04878048780487805	0.0625	0.07017543859649122	0.15789473684210525	0.2222222222222222	0.14285714285714285	0.1	0.07547169811320754	0.07692307692307693	0.06896551724137931	0.10526315789473684	0.04819277108433735	0.15217391304347827	0.05555555555555555	0.08333333333333333	0.13333333333333333	0.043209876543209874	0.1	0.1111111111111111	1.0	0.06156025907934305
zh	0.05397192261599042	0.06716417910447761	0.0868246279836213	0.04477611940298507	0.2396995610023779	0.288596619594644	0.1619718309859155	0.19926823416506717	0.2882960413080895	0.3032011664064617	0.255625	0.14192654192654192	0.23743484735666417	0.27748645944733846	0.22219472787877903	0.2663533288109313	0.31846978557504874	0.11940298507462686	0.12041458649880617	0.09468694885361552	0.08746031746031746	0.23714080003388177	0.22495542995865417	0.27532555386436663	0.20465737514518	0.26125343207637475	0.1489072523649016	0.07352941176470588	0.27094048159927303	0.18510239065974796	0.19150410404008103	0.05405405405405406	0.23123100303951366	0.06156025907934305	1.0
