arz	bs	ceb	ckb	da	de	el	en	es	fr	he	hi	hu	id	it	ja	ko	lv	mk	ml	mr	nl	pl	pt	ro	ru	sh	si	simple	sr	sv	te	vi	war	zh
arz	1.0	0.3533135708365462	0.0	1.0	0.3380788308512194	0.25050038389866724	0.1550787396535111	0.1723549517369933	0.3380788308512194	0.10839169124378238	0.20122806692399445	1.0	0.3090169943749474	0.2210395549133555	0.3126480851423008	0.19500320529661477	0.1487612910462728	0.23156573164840064	0.27755172536235034	1.0	0.2955966556179922	0.26744685375431654	0.2857142857142857	0.18819583117927952	0.11631467664204884	0.2708131845707603	0.585786437626905	1.0	0.27792629762666365	0.28133685361327354	0.2240092377397959	0.0	0.27195617308673004	1.0	0.1994714372454171
bs	0.3533135708365462	1.0	0.0	0.44948974278317805	0.585786437626905	0.2474401533514073	1.0	0.15600946442139954	0.28708594921778513	0.34833147735478825	0.34833147735478825	0.28172904669025317	0.30216947925196225	0.40453726661826384	0.33333333333333326	0.38742588672279304	0.20894541729001367	0.585786437626905	0.38742588672279304	0.585786437626905	1.0	0.4142135623730951	0.2612038749637414	0.26427884169111276	0.3090169943749474	0.27195617308673004	0.2612038749637415	0.5	1.0	0.3660254037844386	0.30216947925196225	1.0	0.4142135623730951	1.0	0.20297485209184213
ceb	0.0	0.0	1.0	0.0	1.0	1.0	1.0	1.0	1.0	1.0	1.0	1.0	1.0	1.0	1.0	1.0	1.0	1.0	1.0	0.0	1.0	1.0	1.0	1.0	1.0	1.0	1.0	0.0	1.0	1.0	1.0	0.0	1.0	0.0	1.0
ckb	1.0	0.44948974278317805	0.0	1.0	0.3430703308172536	0.14794976728674605	0.27429188517743175	0.13122197716763584	0.14518338349164053	0.13143927813749226	0.15623493190555798	0.23973298812954466	0.13628215610069397	0.18163482541075254	0.16139047779640892	0.14794976728674605	0.1348281409334484	0.5	0.27429188517743175	0.40453726661826384	1.0	0.16440202257687123	0.16308953050448227	0.14201473202245876	0.24578124038657367	0.13321952658018657	0.585786437626905	1.0	0.4142135623730951	0.2612038749637414	0.15974667297574374	1.0	0.1856154626682773	1.0	0.12808129156954373
da	0.3380788308512194	0.585786437626905	1.0	0.3430703308172536	1.0	0.15022110482233483	0.24660605559646726	0.12127550239018872	0.14257458343761817	0.1303639547600728	0.1527821261581415	0.206349240610407	0.1983555576735248	0.14956087350246788	0.11288882272318305	0.14459058185587106	0.15795970324279	0.34833147735478825	0.39564392373896007	0.39564392373896007	1.0	0.179128784747792	0.14357137511492318	0.15493412373279505	0.3126480851423008	0.1424339656566283	0.585786437626905	0.585786437626905	0.3660254037844386	0.19917226553439166	0.17331935664757372	1.0	0.27429188517743175	1.0	0.10982308580624077
de	0.25050038389866724	0.2474401533514073	1.0	0.14794976728674605	0.15022110482233483	1.0	0.1827439976315568	0.00907810000231504	0.024906047388158208	0.003960734603683577	0.0073244033721488805	0.04506824288767743	0.06761282676101359	0.04940497965876407	0.004435159585972295	0.010621819380367766	0.006075095269801895	0.3660254037844386	0.1876127897984334	0.20942771453851886	1.0	0.06093460891087713	0.03375096491552992	0.010561004590685279	0.129212507460831	0.019222707068341664	0.20100820154529447	0.585786437626905	0.3660254037844386	0.07236279397154863	0.07744986108666096	1.0	0.042957975521534617	1.0	0.0047530356317507195
el	0.1550787396535111	1.0	1.0	0.27429188517743175	0.24660605559646726	0.1827439976315568	1.0	0.13460579770236292	0.15776505912784203	0.14146178098635465	0.1233603071065848	0.240143945805639	0.1757340838011157	0.10364728175001582	0.10603061052321805	0.1607677430268676	0.14251692202121857	0.3660254037844386	0.27429188517743175	0.5	1.0	0.18693931815255607	0.14685419906293512	0.13133048602716904	0.25355482027512377	0.14400538349637873	0.3483314773547883	0.585786437626905	0.34833147735478825	0.21089672205953397	0.1895750144115555	1.0	0.2372732414640341	1.0	0.13484129921095567
en	0.1723549517369933	0.15600946442139954	1.0	0.13122197716763584	0.12127550239018872	0.00907810000231504	0.13460579770236292	1.0	0.004307183906836392	0.0019678569460554744	0.004654778510251042	0.030493308280224733	0.03491356269447583	0.047073381712357344	0.002979090827599617	0.0033895617821307618	0.003888051180501119	0.3090169943749474	0.14354258832573755	0.179128784747792	1.0	0.03956059817421581	0.024343397299824824	0.0038904447638839993	0.11378012788321704	0.0034370853055823874	0.18311860342005779	0.5	0.29893508442482547	0.06046438536499873	0.02998916414538563	1.0	0.015720707208778873	1.0	0.003116330503872199
es	0.3380788308512194	0.28708594921778513	1.0	0.14518338349164053	0.14257458343761817	0.024906047388158208	0.15776505912784203	0.004307183906836392	1.0	0.008098558237900864	0.010618867768332268	0.044281510538468495	0.056508261915880584	0.05064333491080174	0.005369308535426743	0.016103841421421163	0.008538788515505092	0.3333333333333333	0.1765633506768389	0.20658711810431302	1.0	0.052056709968073975	0.03271163107616663	0.01085240472345705	0.1233603071065848	0.016660846629819814	0.20658711810431302	0.585786437626905	0.2553967929896867	0.06470568561937413	0.06402470815562676	1.0	0.04915801016234826	1.0	0.005096923832816863
fr	0.10839169124378238	0.34833147735478825	1.0	0.13143927813749226	0.1303639547600728	0.003960734603683577	0.14146178098635465	0.0019678569460554744	0.008098558237900864	1.0	0.00582423092267506	0.042400435549864474	0.0286764279244654	0.04909198395403314	0.004182760738274379	0.0055904670125718	0.005257969076935675	0.3203772410170407	0.14732056773523425	0.21074679133352736	1.0	0.02793478284929564	0.019810479224313022	0.00647924196823038	0.09976934867265627	0.004532459800374753	0.2012628451930092	0.585786437626905	0.27195617308673004	0.07424726729121331	0.0368064732417067	1.0	0.03001774934028513	1.0	0.004360198208428861
he	0.20122806692399445	0.34833147735478825	1.0	0.15623493190555798	0.1527821261581415	0.0073244033721488805	0.1233603071065848	0.004654778510251042	0.010618867768332268	0.00582423092267506	1.0	0.06812862570661102	0.04224209688449468	0.06139936568023535	0.007239145328552958	0.011436024508977653	0.016158185095624625	0.2843646522044218	0.1951941016011038	0.24963537838999703	1.0	0.031650969006169385	0.021421921511190524	0.020841736890204608	0.1363868545733541	0.008809324998630127	0.20627909286532006	0.585786437626905	0.20386840968093525	0.09130605110850225	0.05403649839625458	1.0	0.07893194715388954	1.0	0.007656493125886629
hi	1.0	0.28172904669025317	1.0	0.23973298812954466	0.206349240610407	0.04506824288767743	0.240143945805639	0.030493308280224733	0.044281510538468495	0.042400435549864474	0.06812862570661102	1.0	0.08401256622420585	0.10062211335627257	0.035552858693363665	0.06438497137426587	0.05345069895288349	0.3660254037844386	0.3078040733867505	0.27916126398474295	1.0	0.08186609354190946	0.0781439728308149	0.0600507914059085	0.25000000000000006	0.03410312281989374	0.35388936786452296	0.585786437626905	0.2612038749637414	0.1302367693308624	0.08331580255862474	1.0	0.10029220800217273	1.0	0.035248137011567884
hu	0.3090169943749474	0.30216947925196225	1.0	0.13628215610069397	0.1983555576735248	0.06761282676101359	0.1757340838011157	0.03491356269447583	0.056508261915880584	0.0286764279244654	0.04224209688449468	0.08401256622420585	1.0	0.10482375127967306	0.023814432444015547	0.055387747978012374	0.04183129606058437	0.34833147735478825	0.20100820154529447	0.2160327315658273	1.0	0.08785278915668472	0.08265785880711536	0.06127888897618292	0.179128784747792	0.0484301453027384	0.2020331186045411	0.585786437626905	0.3333333333333333	0.13458231886763594	0.09872926265286763	1.0	0.08779090966874617	1.0	0.024202456351530375
id	0.2210395549133555	0.40453726661826384	1.0	0.18163482541075254	0.14956087350246788	0.04940497965876407	0.10364728175001582	0.047073381712357344	0.05064333491080174	0.04909198395403314	0.06139936568023535	0.10062211335627257	0.10482375127967306	1.0	0.05251713702595235	0.06311350456343377	0.061174769245640456	0.2112836809049332	0.2707797830437688	0.38742588672279304	1.0	0.07973087240259219	0.06356844869325286	0.048605954044251644	0.1955803702461375	0.04876801259014488	0.28172904669025317	0.44948974278317805	0.1948828261694281	0.1080162820076194	0.08960706948344459	1.0	0.10542649822871226	1.0	0.049916196512904645
it	0.3126480851423008	0.33333333333333326	1.0	0.16139047779640892	0.11288882272318305	0.004435159585972295	0.10603061052321805	0.002979090827599617	0.005369308535426743	0.004182760738274379	0.007239145328552958	0.035552858693363665	0.023814432444015547	0.05251713702595235	1.0	0.005738968926871502	0.00770826035073069	0.2928060946961875	0.1845447776214312	0.20942771453851886	1.0	0.021787835945277206	0.007603113829254189	0.006472084113446205	0.07754716906313396	0.004334961752326635	0.19427705374478668	0.585786437626905	0.1774053291584318	0.06509980825334721	0.012829469498800481	1.0	0.032223265673496045	1.0	0.006232126562546005
ja	0.19500320529661477	0.38742588672279304	1.0	0.14794976728674605	0.14459058185587106	0.010621819380367766	0.1607677430268676	0.0033895617821307618	0.016103841421421163	0.0055904670125718	0.011436024508977653	0.06438497137426587	0.055387747978012374	0.06311350456343377	0.005738968926871502	1.0	0.007808252791918074	0.3333333333333333	0.19442892566301143	0.20942771453851886	1.0	0.03954627028320329	0.034244665964904046	0.024961948021448407	0.11978243827074596	0.008727597681850064	0.19612533584707845	0.585786437626905	0.3090169943749474	0.09374710783206755	0.0428616748569657	1.0	0.059576016727335146	1.0	0.006220733838797817
ko	0.1487612910462728	0.20894541729001367	1.0	0.1348281409334484	0.15795970324279	0.006075095269801895	0.14251692202121857	0.003888051180501119	0.008538788515505092	0.005257969076935675	0.016158185095624625	0.05345069895288349	0.04183129606058437	0.061174769245640456	0.00770826035073069	0.007808252791918074	1.0	0.29893508442482547	0.18660549686337075	0.20386840968093525	1.0	0.035083752779628705	0.0189774288176359	0.014438429802874905	0.09855049388533126	0.005807384429388062	0.1975496259559987	0.5	0.3333333333333333	0.08521738424844287	0.055832482481355965	1.0	0.060698322296061445	1.0	0.007109899002250883
lv	0.23156573164840064	0.585786437626905	1.0	0.5	0.34833147735478825	0.3660254037844386	0.3660254037844386	0.3090169943749474	0.3333333333333333	0.3203772410170407	0.2843646522044218	0.3660254037844386	0.34833147735478825	0.2112836809049332	0.2928060946961875	0.3333333333333333	0.29893508442482547	1.0	0.44948974278317805	0.3483314773547883	1.0	0.3333333333333333	0.3203772410170407	0.3090169943749474	0.3244997998398398	0.3203772410170407	1.0	0.585786437626905	0.44948974278317805	0.34833147735478825	0.3333333333333333	1.0	0.3660254037844386	1.0	0.29893508442482547
mk	0.27755172536235034	0.38742588672279304	1.0	0.27429188517743175	0.39564392373896007	0.1876127897984334	0.27429188517743175	0.14354258832573755	0.1765633506768389	0.14732056773523425	0.1951941016011038	0.3078040733867505	0.20100820154529447	0.2707797830437688	0.1845447776214312	0.19442892566301143	0.18660549686337075	0.44948974278317805	1.0	0.585786437626905	1.0	0.23371479611805132	0.21712927295533244	0.19636040545626823	0.3655636559687688	0.16666666666666666	0.44948974278317805	0.5	0.353889367864523	0.2843646522044218	0.20784829892961953	1.0	0.1886378647726465	1.0	0.16139047779640892
ml	1.0	0.585786437626905	0.0	0.40453726661826384	0.39564392373896007	0.20942771453851886	0.5	0.179128784747792	0.20658711810431302	0.21074679133352736	0.24963537838999703	0.27916126398474295	0.2160327315658273	0.38742588672279304	0.20942771453851886	0.20942771453851886	0.20386840968093525	0.3483314773547883	0.585786437626905	1.0	1.0	0.20658711810431302	0.20942771453851886	0.2222222222222222	0.31934532730535314	0.179128784747792	1.0	0.5	0.39564392373896007	0.30901699437494745	0.23166247903554	1.0	0.2449655295864104	1.0	0.20942771453851886
mr	0.2955966556179922	1.0	1.0	1.0	1.0	1.0	1.0	1.0	1.0	1.0	1.0	1.0	1.0	1.0	1.0	1.0	1.0	1.0	1.0	1.0	1.0	1.0	1.0	1.0	1.0	1.0	1.0	1.0	1.0	1.0	1.0	1.0	1.0	1.0	1.0
nl	0.26744685375431654	0.4142135623730951	1.0	0.16440202257687123	0.179128784747792	0.06093460891087713	0.18693931815255607	0.03956059817421581	0.052056709968073975	0.02793478284929564	0.031650969006169385	0.08186609354190946	0.08785278915668472	0.07973087240259219	0.021787835945277206	0.03954627028320329	0.035083752779628705	0.3333333333333333	0.23371479611805132	0.20658711810431302	1.0	1.0	0.07559990086700363	0.051228828004246	0.1482675827043134	0.052002891795719736	0.2449655295864104	0.585786437626905	0.26427884169111276	0.11636218529287666	0.08603316701189377	1.0	0.07091110940247479	1.0	0.012922217827624823
pl	0.2857142857142857	0.2612038749637414	1.0	0.16308953050448227	0.14357137511492318	0.03375096491552992	0.14685419906293512	0.024343397299824824	0.03271163107616663	0.019810479224313022	0.021421921511190524	0.0781439728308149	0.08265785880711536	0.06356844869325286	0.007603113829254189	0.034244665964904046	0.0189774288176359	0.3203772410170407	0.21712927295533244	0.20942771453851886	1.0	0.07559990086700363	1.0	0.032788535509715375	0.12642005305973533	0.03188798429514419	0.20100820154529447	0.585786437626905	0.4142135623730951	0.12332463270596312	0.08594309862023784	1.0	0.07720348940705596	1.0	0.011080017863199489
pt	0.18819583117927952	0.26427884169111276	1.0	0.14201473202245876	0.15493412373279505	0.010561004590685279	0.13133048602716904	0.0038904447638839993	0.01085240472345705	0.00647924196823038	0.020841736890204608	0.0600507914059085	0.06127888897618292	0.048605954044251644	0.006472084113446205	0.024961948021448407	0.014438429802874905	0.3090169943749474	0.19636040545626823	0.2222222222222222	1.0	0.051228828004246	0.032788535509715375	1.0	0.12469397687422505	0.010317912262869173	0.20799159651347807	0.585786437626905	0.199502021824356	0.0667302450787876	0.05727581032274612	1.0	0.06384522569446346	1.0	0.007037859729541398
ro	0.11631467664204884	0.3090169943749474	1.0	0.24578124038657367	0.3126480851423008	0.129212507460831	0.25355482027512377	0.11378012788321704	0.1233603071065848	0.09976934867265627	0.1363868545733541	0.25000000000000006	0.179128784747792	0.1955803702461375	0.07754716906313396	0.11978243827074596	0.09855049388533126	0.3244997998398398	0.3655636559687688	0.31934532730535314	1.0	0.1482675827043134	0.12642005305973533	0.12469397687422505	1.0	0.12601432923970682	0.3090169943749474	0.5	0.35388936786452296	0.18961112625211746	0.16736577623297264	1.0	0.15384615384615385	1.0	0.0770122674431009
ru	0.2708131845707603	0.27195617308673004	1.0	0.13321952658018657	0.1424339656566283	0.019222707068341664	0.14400538349637873	0.0034370853055823874	0.016660846629819814	0.004532459800374753	0.008809324998630127	0.03410312281989374	0.0484301453027384	0.04876801259014488	0.004334961752326635	0.008727597681850064	0.005807384429388062	0.3203772410170407	0.16666666666666666	0.179128784747792	1.0	0.052002891795719736	0.03188798429514419	0.010317912262869173	0.12601432923970682	1.0	0.19427705374478668	0.585786437626905	0.28172904669025317	0.07494937701133753	0.06731647894194578	1.0	0.026127224294124226	1.0	0.004546085687016365
sh	0.585786437626905	0.2612038749637415	1.0	0.585786437626905	0.585786437626905	0.20100820154529447	0.3483314773547883	0.18311860342005779	0.20658711810431302	0.2012628451930092	0.20627909286532006	0.35388936786452296	0.2020331186045411	0.28172904669025317	0.19427705374478668	0.19612533584707845	0.1975496259559987	1.0	0.44948974278317805	1.0	1.0	0.2449655295864104	0.20100820154529447	0.20799159651347807	0.3090169943749474	0.19427705374478668	1.0	0.585786437626905	0.44948974278317805	0.17295321756621093	0.21712927295533244	1.0	0.44948974278317805	1.0	0.1894710940602016
si	1.0	0.5	0.0	1.0	0.585786437626905	0.585786437626905	0.585786437626905	0.5	0.585786437626905	0.585786437626905	0.585786437626905	0.585786437626905	0.585786437626905	0.44948974278317805	0.585786437626905	0.585786437626905	0.5	0.585786437626905	0.5	0.5	1.0	0.585786437626905	0.585786437626905	0.585786437626905	0.5	0.585786437626905	0.585786437626905	1.0	0.585786437626905	0.585786437626905	0.5	1.0	0.585786437626905	1.0	0.585786437626905
simple	0.27792629762666365	1.0	1.0	0.4142135623730951	0.3660254037844386	0.3660254037844386	0.34833147735478825	0.29893508442482547	0.2553967929896867	0.27195617308673004	0.20386840968093525	0.2612038749637414	0.3333333333333333	0.1948828261694281	0.1774053291584318	0.3090169943749474	0.3333333333333333	0.44948974278317805	0.353889367864523	0.39564392373896007	1.0	0.26427884169111276	0.4142135623730951	0.199502021824356	0.35388936786452296	0.28172904669025317	0.44948974278317805	0.585786437626905	1.0	0.30552726787943424	0.4142135623730951	1.0	0.4142135623730951	1.0	0.2
sr	0.28133685361327354	0.3660254037844386	1.0	0.2612038749637414	0.19917226553439166	0.07236279397154863	0.21089672205953397	0.06046438536499873	0.06470568561937413	0.07424726729121331	0.09130605110850225	0.1302367693308624	0.13458231886763594	0.1080162820076194	0.06509980825334721	0.09374710783206755	0.08521738424844287	0.34833147735478825	0.2843646522044218	0.30901699437494745	1.0	0.11636218529287666	0.12332463270596312	0.0667302450787876	0.18961112625211746	0.07494937701133753	0.17295321756621093	0.585786437626905	0.30552726787943424	1.0	0.11306693620857258	1.0	0.15974667297574374	1.0	0.07190864122281462
sv	0.2240092377397959	0.30216947925196225	1.0	0.15974667297574374	0.17331935664757372	0.07744986108666096	0.1895750144115555	0.02998916414538563	0.06402470815562676	0.0368064732417067	0.05403649839625458	0.08331580255862474	0.09872926265286763	0.08960706948344459	0.012829469498800481	0.0428616748569657	0.055832482481355965	0.3333333333333333	0.20784829892961953	0.23166247903554	1.0	0.08603316701189377	0.08594309862023784	0.05727581032274612	0.16736577623297264	0.06731647894194578	0.21712927295533244	0.5	0.4142135623730951	0.11306693620857258	1.0	1.0	0.09789388131886076	1.0	0.015376117503006641
te	0.0	1.0	0.0	1.0	1.0	1.0	1.0	1.0	1.0	1.0	1.0	1.0	1.0	1.0	1.0	1.0	1.0	1.0	1.0	1.0	1.0	1.0	1.0	1.0	1.0	1.0	1.0	1.0	1.0	1.0	1.0	1.0	1.0	1.0	1.0
vi	0.27195617308673004	0.4142135623730951	1.0	0.1856154626682773	0.27429188517743175	0.042957975521534617	0.2372732414640341	0.015720707208778873	0.04915801016234826	0.03001774934028513	0.07893194715388954	0.10029220800217273	0.08779090966874617	0.10542649822871226	0.032223265673496045	0.059576016727335146	0.060698322296061445	0.3660254037844386	0.1886378647726465	0.2449655295864104	1.0	0.07091110940247479	0.07720348940705596	0.06384522569446346	0.15384615384615385	0.026127224294124226	0.44948974278317805	0.585786437626905	0.4142135623730951	0.15974667297574374	0.09789388131886076	1.0	1.0	1.0	0.038270285890834914
war	1.0	1.0	0.0	1.0	1.0	1.0	1.0	1.0	1.0	1.0	1.0	1.0	1.0	1.0	1.0	1.0	1.0	1.0	1.0	1.0	1.0	1.0	1.0	1.0	1.0	1.0	1.0	1.0	1.0	1.0	1.0	1.0	1.0	1.0	1.0
zh	0.1994714372454171	0.20297485209184213	1.0	0.12808129156954373	0.10982308580624077	0.0047530356317507195	0.13484129921095567	0.003116330503872199	0.005096923832816863	0.004360198208428861	0.007656493125886629	0.035248137011567884	0.024202456351530375	0.049916196512904645	0.006232126562546005	0.006220733838797817	0.007109899002250883	0.29893508442482547	0.16139047779640892	0.20942771453851886	1.0	0.012922217827624823	0.011080017863199489	0.007037859729541398	0.0770122674431009	0.004546085687016365	0.1894710940602016	0.585786437626905	0.2	0.07190864122281462	0.015376117503006641	1.0	0.038270285890834914	1.0	1.0
