arz	bs	ceb	ckb	da	de	el	en	es	fr	he	hi	hu	id	it	ja	ko	lv	mk	ml	mr	nl	pl	pt	ro	ru	sh	si	simple	sr	sv	te	vi	war	zh
arz	1.0	0.39564392373896007	0.585786437626905	0.585786437626905	0.34794420077497773	0.32881309020609956	0.2766967754673749	0.28436465220442186	0.28436465220442186	0.2766967754673749	0.3288130902060995	0.585786437626905	0.2672592680793763	0.27405284787612055	0.3288130902060995	0.3430703308172536	0.26968623182294527	0.39564392373896007	0.3655636559687688	0.3660254037844386	0.585786437626905	0.28436465220442186	0.28688760861855495	0.2715255656854955	0.28960960751659687	0.2766967754673749	0.2989350844248255	1.0	0.26968623182294527	0.268921890531074	0.32419763955231984	0.585786437626905	0.28688760861855495	0.3655636559687688	0.2834508389971603
bs	0.39564392373896007	1.0	0.353889367864523	1.0	0.28172904669025317	1.0	0.585786437626905	0.226969554074083	0.585786437626905	0.585786437626905	0.17963118508123427	0.44948974278317805	0.28172904669025317	0.25	1.0	1.0	0.3726822671238253	0.5	0.585786437626905	0.36602540378443865	0.2612038749637414	0.5	0.2989350844248255	0.3380788308512194	0.44948974278317805	0.4142135623730951	0.40453726661826384	1.0	0.20521309615767264	0.1975496259559987	0.44948974278317805	0.585786437626905	0.32881309020609956	1.0	0.2449655295864104
ceb	0.585786437626905	0.353889367864523	1.0	0.585786437626905	0.09996729019558415	0.09211486189591156	0.21239994067041815	0.09686637968520077	0.09005162191898998	0.09014265692708257	0.10256881607217411	0.12370591556764947	0.10884413723745742	0.12275808906902855	0.09974584434812091	0.10198032753243283	0.11801771806035664	0.12529918208836205	0.1774053291584318	0.2774102864145947	0.25773271351432636	0.09834953824237533	0.09123308517448366	0.09812089399330255	0.10810818426015233	0.09101091187059615	0.14077789463449056	0.585786437626905	0.13081048106335996	0.1418537101353779	0.08983638461915906	1.0	0.11159613414494834	0.5	0.12109891520771243
ckb	0.585786437626905	1.0	0.585786437626905	1.0	0.3597752501562547	0.3797958971132712	0.585786437626905	0.4485068563421602	0.4364916731037085	0.353889367864523	0.40453726661826384	0.353889367864523	0.3655636559687688	0.3797958971132712	0.4364916731037085	0.4364916731037085	0.353889367864523	0.4364916731037085	0.44948974278317805	0.44948974278317805	0.4142135623730951	0.40453726661826384	0.4364916731037085	0.4364916731037085	0.40453726661826384	0.30552726787943424	0.40453726661826384	1.0	0.3090169943749474	0.29834161701544143	0.40453726661826384	1.0	0.40453726661826384	1.0	0.3430703308172536
da	0.34794420077497773	0.28172904669025317	0.09996729019558415	0.3597752501562547	1.0	0.06871788652359408	0.12515975907731425	0.0724629678947295	0.037822549472152425	0.04176979107390509	0.0772291293082519	0.13229852320617802	0.06663508030641462	0.05664822750021673	0.042638976696972926	0.04655766407419138	0.05318267910957469	0.09714997370260109	0.1301866557219094	0.14829623899650188	0.1224750843868008	0.04292143510768288	0.0440594967801989	0.048688998971635644	0.059387787392316864	0.0418440333946164	0.11752064638647211	0.28172904669025317	0.0562197699262748	0.07018250225969382	0.04242586715701735	0.39417810437975953	0.05941250988384537	0.39564392373896	0.08681209148514958
de	0.32881309020609956	1.0	0.09211486189591156	0.3797958971132712	0.06871788652359408	1.0	0.10061981632422509	0.06071966631929916	0.027977738519928554	0.03805450761101789	0.053392508176860067	0.06624313818386009	0.06041671191522704	0.047395960582681716	0.03212635335548092	0.03270757953501952	0.04660097628908434	0.1779738764024757	0.11725792669942516	0.10124891326442521	0.08832289780137952	0.035186601127363	0.04537149835571539	0.04257078452886911	0.057914896151144354	0.035715694689212575	0.11731497276936957	0.44948974278317805	0.06411707193590081	0.05712340242781933	0.034550145369316755	0.2612038749637414	0.06785356725640035	0.4142135623730951	0.057112786185368886
el	0.2766967754673749	0.585786437626905	0.21239994067041815	0.585786437626905	0.12515975907731425	0.10061981632422509	1.0	0.05044572824315499	0.22901628833426058	0.15695397065134056	0.06961205961367592	0.20476166148475844	0.09577651682961219	0.10325285338633906	0.20658711810431302	0.2372732414640341	0.19321675600669835	0.5	0.28172904669025317	0.1266905951836854	0.09953409996446203	0.2474401533514073	0.14820049179403935	0.08736141300832577	0.2187841884486319	0.10667401048590086	0.2989350844248255	1.0	0.07170292212000912	0.07227270936706734	0.1757340838011157	0.38742588672279304	0.16574888863755477	0.5	0.06502333402679443
en	0.28436465220442186	0.226969554074083	0.09686637968520077	0.4485068563421602	0.0724629678947295	0.06071966631929916	0.05044572824315499	1.0	0.017894525508022282	0.05378840128370678	0.05782530292562464	0.040111374651764196	0.0695896038256477	0.04074669910335692	0.01933149147529965	0.022498775968745093	0.04701153521254315	0.11349650167158488	0.10681062601366882	0.07613250697315568	0.08391736410714973	0.02720755482889583	0.0468722849760257	0.041432509376173675	0.03937188253360186	0.041383975569061114	0.06893552273521153	0.2169643641194521	0.06849691330421957	0.0854157967177829	0.03348333727329125	0.11854673630302448	0.03968122373482484	0.3726822671238253	0.061519704053411096
es	0.28436465220442186	0.585786437626905	0.09005162191898998	0.4364916731037085	0.037822549472152425	0.027977738519928554	0.22901628833426058	0.017894525508022282	1.0	0.02021194840547505	0.03421984768219607	0.1478864632408439	0.03646600575420931	0.03902105810528459	0.049353596531408306	0.08044792947270499	0.039466263682289435	0.2791745113185196	0.13100406497766956	0.09593717658289559	0.0801802269010902	0.07940967420578487	0.033279714470876756	0.02852479858570061	0.0672310027358121	0.022918658198805973	0.14459058185587104	0.5	0.03630206646525117	0.04980570705918525	0.047066595413688864	0.36602540378443865	0.10558187088635695	0.585786437626905	0.024793154568136955
fr	0.2766967754673749	0.585786437626905	0.09014265692708257	0.353889367864523	0.04176979107390509	0.03805450761101789	0.15695397065134056	0.05378840128370678	0.02021194840547505	1.0	0.047225358133680756	0.11085701727703756	0.044196495459489504	0.03695515318414025	0.029060470555241556	0.030789188127442642	0.040411027158167225	0.24281804566287285	0.11394627472403214	0.07698608755245276	0.06381797724258047	0.03150335498932762	0.035865924183900756	0.037866551815921926	0.056429499208259966	0.03247339925181811	0.10340735245473416	0.34833147735478825	0.04328812676535015	0.05534710137187497	0.035874344144096855	0.2566313427995905	0.08652109947487499	0.44948974278317805	0.056317046229252724
he	0.3288130902060995	0.17963118508123427	0.10256881607217411	0.40453726661826384	0.0772291293082519	0.053392508176860067	0.06961205961367592	0.05782530292562464	0.03421984768219607	0.047225358133680756	1.0	0.09785058019949028	0.07188856728251124	0.04717799599897916	0.039426175961662764	0.03897016914528844	0.04963857074281653	0.16279342091948704	0.12253790610889251	0.12552061957971014	0.1341753387458923	0.04056921439693692	0.05286538528368785	0.050462039346461963	0.05652206833878269	0.03875395898932354	0.077501003113406	0.2553967929896867	0.09734456154172931	0.08082686888427855	0.04454566115785978	0.33773018484522777	0.051161713584574234	0.39564392373896	0.09929123422314431
hi	0.585786437626905	0.44948974278317805	0.12370591556764947	0.353889367864523	0.13229852320617802	0.06624313818386009	0.20476166148475844	0.040111374651764196	0.1478864632408439	0.11085701727703756	0.09785058019949028	1.0	0.08919932993293779	0.05473213487478311	0.17826035697019474	0.1618055023408166	0.13721240046853442	0.2674788903885893	0.2553967929896867	0.098327122835234	0.06173975230563795	0.16570342300080665	0.1362920480930684	0.13862361018554173	0.1652960191502465	0.09694144739343066	0.2632403810669918	0.585786437626905	0.06236316814784941	0.08927493091278756	0.13594160997026095	0.19675422795565728	0.23166247903554	0.585786437626905	0.06495591880640209
hu	0.2672592680793763	0.28172904669025317	0.10884413723745742	0.3655636559687688	0.06663508030641462	0.06041671191522704	0.09577651682961219	0.0695896038256477	0.03646600575420931	0.044196495459489504	0.07188856728251124	0.08919932993293779	1.0	0.062257306317902314	0.048130019389509844	0.04927313185799602	0.051249628245062906	0.13143698325960174	0.1307826281818792	0.1271793364585483	0.11662981078156694	0.04437214249117249	0.04800855528527756	0.05476839258629154	0.05910930183477129	0.04010110417097306	0.08600976196650809	0.30552726787943424	0.09222544600424092	0.07179599898155713	0.04516789262291815	0.5	0.07722399747386934	0.34833147735478825	0.12577311914310382
id	0.27405284787612055	0.25	0.12275808906902855	0.3797958971132712	0.05664822750021673	0.047395960582681716	0.10325285338633906	0.04074669910335692	0.03902105810528459	0.03695515318414025	0.04717799599897916	0.05473213487478311	0.062257306317902314	1.0	0.04552075506836564	0.040759908125071215	0.0505481917642252	0.11200780383341147	0.11451686688762552	0.09791455113920272	0.0829881015473032	0.05362776830160796	0.04901763439584989	0.04458133918970903	0.06153826722473661	0.03607251328050638	0.13832544293770094	0.40453726661826384	0.05128713229122823	0.07815110043283416	0.04671565552523706	0.2215821442735242	0.05671209374040796	0.4142135623730951	0.04305416943742818
it	0.3288130902060995	1.0	0.09974584434812091	0.4364916731037085	0.042638976696972926	0.03212635335548092	0.20658711810431302	0.01933149147529965	0.049353596531408306	0.029060470555241556	0.039426175961662764	0.17826035697019474	0.048130019389509844	0.04552075506836564	1.0	0.07004685470153112	0.03879839174247878	0.252650308587072	0.11337181133644633	0.09022037320159541	0.08613046311249527	0.06553749993515612	0.03545785752249762	0.04038136233566364	0.07044525420375744	0.027777942020360488	0.13590611445211048	0.4142135623730951	0.04342186573042333	0.05142579232862043	0.028702547094113944	0.30552726787943424	0.10519262081735645	0.44948974278317805	0.03077821178168194
ja	0.3430703308172536	1.0	0.10198032753243283	0.4364916731037085	0.04655766407419138	0.03270757953501952	0.2372732414640341	0.022498775968745093	0.08044792947270499	0.030789188127442642	0.03897016914528844	0.1618055023408166	0.04927313185799602	0.040759908125071215	0.07004685470153112	1.0	0.03429147869468485	0.3660254037844386	0.11915285531682702	0.0957545860137237	0.07433794432319629	0.10940675366384119	0.04712026937690901	0.04537513111389566	0.10672990127073759	0.04366299185938338	0.1530722417229133	0.4142135623730951	0.03874386470996746	0.05406257666520933	0.03441857040656435	0.3164309725825327	0.08963361724675349	0.5	0.029209093083685328
ko	0.26968623182294527	0.3726822671238253	0.11801771806035664	0.353889367864523	0.05318267910957469	0.04660097628908434	0.19321675600669835	0.04701153521254315	0.039466263682289435	0.040411027158167225	0.04963857074281653	0.13721240046853442	0.051249628245062906	0.0505481917642252	0.03879839174247878	0.03429147869468485	1.0	0.1501262189092975	0.11912561552211057	0.13430898294033006	0.09995802787229914	0.04971922899778398	0.05804599352653036	0.05250994307982894	0.07451149365456618	0.03638243285062162	0.1477098505052931	0.44948974278317805	0.0484046901748694	0.068832023423623	0.04425314368704414	0.4142135623730951	0.06978675313013519	0.44948974278317805	0.04176472992340352
lv	0.39564392373896007	0.5	0.12529918208836205	0.4364916731037085	0.09714997370260109	0.1779738764024757	0.5	0.11349650167158488	0.2791745113185196	0.24281804566287285	0.16279342091948704	0.2674788903885893	0.13143698325960174	0.11200780383341147	0.252650308587072	0.3660254037844386	0.1501262189092975	1.0	0.20799159651347807	0.2449655295864104	0.16952084719853724	0.2612038749637414	0.1498238584501424	0.24336073281110826	0.15891598463463874	0.1685470674163598	0.20041808276169437	0.5	0.11947547462480526	0.0840838210266543	0.2301933286869869	0.585786437626905	0.25	1.0	0.0953040957722612
mk	0.3655636559687688	0.585786437626905	0.1774053291584318	0.44948974278317805	0.1301866557219094	0.11725792669942516	0.28172904669025317	0.10681062601366882	0.13100406497766956	0.11394627472403214	0.12253790610889251	0.2553967929896867	0.1307826281818792	0.11451686688762552	0.11337181133644633	0.11915285531682702	0.11912561552211057	0.20799159651347807	1.0	0.2541859047879746	0.22753715570049485	0.11430065752088334	0.11556713761236434	0.12308383729981837	0.1168556927526009	0.11445390567600815	0.20360019433655324	0.44948974278317805	0.10721636738534208	0.09845735085075617	0.15707061676257178	0.5	0.12767460436572942	0.44948974278317805	0.10542382966077586
ml	0.3660254037844386	0.36602540378443865	0.2774102864145947	0.44948974278317805	0.14829623899650188	0.10124891326442521	0.1266905951836854	0.07613250697315568	0.09593717658289559	0.07698608755245276	0.12552061957971014	0.098327122835234	0.1271793364585483	0.09791455113920272	0.09022037320159541	0.0957545860137237	0.13430898294033006	0.2449655295864104	0.2541859047879746	1.0	0.11311193735053943	0.1246083709879666	0.10064461279230377	0.11246129763827638	0.1254266525253134	0.08527344302261389	0.32449979983983984	0.5	0.10664809681012279	0.13617051826138085	0.10575598451878379	0.1310049706526173	0.19160741797296413	0.44948974278317805	0.12036735328929982
mr	0.585786437626905	0.2612038749637414	0.25773271351432636	0.4142135623730951	0.1224750843868008	0.08832289780137952	0.09953409996446203	0.08391736410714973	0.0801802269010902	0.06381797724258047	0.1341753387458923	0.06173975230563795	0.11662981078156694	0.0829881015473032	0.08613046311249527	0.07433794432319629	0.09995802787229914	0.16952084719853724	0.22753715570049485	0.11311193735053943	1.0	0.09691230844885856	0.09110543814417611	0.09854544391289563	0.10804493305305042	0.06651062321462281	0.14930361950244184	0.27429188517743175	0.18997365134552474	0.1507057699286505	0.07480305503767426	0.09686121589822691	0.1357343459193783	0.27718637277259645	0.13652162841988935
nl	0.28436465220442186	0.5	0.09834953824237533	0.40453726661826384	0.04292143510768288	0.035186601127363	0.2474401533514073	0.02720755482889583	0.07940967420578487	0.03150335498932762	0.04056921439693692	0.16570342300080665	0.04437214249117249	0.05362776830160796	0.06553749993515612	0.10940675366384119	0.04971922899778398	0.2612038749637414	0.11430065752088334	0.1246083709879666	0.09691230844885856	1.0	0.04311064238299292	0.04449301572614106	0.06891055528514566	0.03461375740233407	0.13879564861321142	0.5	0.042240451191570605	0.05229805312432433	0.07063540458857515	0.44948974278317805	0.13517295397518642	0.585786437626905	0.0334025830132977
pl	0.28688760861855495	0.2989350844248255	0.09123308517448366	0.4364916731037085	0.0440594967801989	0.04537149835571539	0.14820049179403935	0.0468722849760257	0.033279714470876756	0.035865924183900756	0.05286538528368785	0.1362920480930684	0.04800855528527756	0.04901763439584989	0.03545785752249762	0.04712026937690901	0.05804599352653036	0.1498238584501424	0.11556713761236434	0.10064461279230377	0.09110543814417611	0.04311064238299292	1.0	0.046321942035843014	0.052221142311153296	0.03813832072875048	0.1186246571846432	0.4142135623730951	0.04700813624236973	0.059734934411118504	0.049112828355488476	0.38742588672279304	0.06645645780238296	0.3483314773547883	0.046365037914044706
pt	0.2715255656854955	0.3380788308512194	0.09812089399330255	0.4364916731037085	0.048688998971635644	0.04257078452886911	0.08736141300832577	0.041432509376173675	0.02852479858570061	0.037866551815921926	0.050462039346461963	0.13862361018554173	0.05476839258629154	0.04458133918970903	0.04038136233566364	0.04537513111389566	0.05250994307982894	0.24336073281110826	0.12308383729981837	0.11246129763827638	0.09854544391289563	0.04449301572614106	0.046321942035843014	1.0	0.057695759006326716	0.03606541144896783	0.10780633100834258	0.44948974278317805	0.05185808801482918	0.05491764243915654	0.042038017530344605	0.35388936786452296	0.07672256714404321	0.40453726661826384	0.05356715182731118
ro	0.28960960751659687	0.44948974278317805	0.10810818426015233	0.40453726661826384	0.059387787392316864	0.057914896151144354	0.2187841884486319	0.03937188253360186	0.0672310027358121	0.056429499208259966	0.05652206833878269	0.1652960191502465	0.05910930183477129	0.06153826722473661	0.07044525420375744	0.10672990127073759	0.07451149365456618	0.15891598463463874	0.1168556927526009	0.1254266525253134	0.10804493305305042	0.06891055528514566	0.052221142311153296	0.057695759006326716	1.0	0.05309533356378797	0.15240485252706043	0.5	0.0557415020230212	0.055860328458873454	0.06691488960295404	0.5	0.10503337968680189	0.44948974278317805	0.054111442409138434
ru	0.2766967754673749	0.4142135623730951	0.09101091187059615	0.30552726787943424	0.0418440333946164	0.035715694689212575	0.10667401048590086	0.041383975569061114	0.022918658198805973	0.03247339925181811	0.03875395898932354	0.09694144739343066	0.04010110417097306	0.03607251328050638	0.027777942020360488	0.04366299185938338	0.03638243285062162	0.1685470674163598	0.11445390567600815	0.08527344302261389	0.06651062321462281	0.03461375740233407	0.03813832072875048	0.03606541144896783	0.05309533356378797	1.0	0.13284039388192398	0.4142135623730951	0.03881375737808102	0.05607691076915541	0.029616357410472936	0.1959691289492878	0.06796555799880147	0.5	0.030331705354953574
sh	0.2989350844248255	0.40453726661826384	0.14077789463449056	0.40453726661826384	0.11752064638647211	0.11731497276936957	0.2989350844248255	0.06893552273521153	0.14459058185587104	0.10340735245473416	0.077501003113406	0.2632403810669918	0.08600976196650809	0.13832544293770094	0.13590611445211048	0.1530722417229133	0.1477098505052931	0.20041808276169437	0.20360019433655324	0.32449979983983984	0.14930361950244184	0.13879564861321142	0.1186246571846432	0.10780633100834258	0.15240485252706043	0.13284039388192398	1.0	0.38742588672279304	0.08143533929675839	0.0688907268062022	0.15435585488132555	0.585786437626905	0.17826035697019474	0.44948974278317805	0.06777787051413686
si	1.0	1.0	0.585786437626905	1.0	0.28172904669025317	0.44948974278317805	1.0	0.2169643641194521	0.5	0.34833147735478825	0.2553967929896867	0.585786437626905	0.30552726787943424	0.40453726661826384	0.4142135623730951	0.4142135623730951	0.44948974278317805	0.5	0.44948974278317805	0.5	0.27429188517743175	0.5	0.4142135623730951	0.44948974278317805	0.5	0.4142135623730951	0.38742588672279304	1.0	0.3427032721697021	0.3240749299922019	0.5	0.585786437626905	0.5	1.0	0.24454916038036068
simple	0.26968623182294527	0.20521309615767264	0.13081048106335996	0.3090169943749474	0.0562197699262748	0.06411707193590081	0.07170292212000912	0.06849691330421957	0.03630206646525117	0.04328812676535015	0.09734456154172931	0.06236316814784941	0.09222544600424092	0.05128713229122823	0.04342186573042333	0.03874386470996746	0.0484046901748694	0.11947547462480526	0.10721636738534208	0.10664809681012279	0.18997365134552474	0.042240451191570605	0.04700813624236973	0.05185808801482918	0.0557415020230212	0.03881375737808102	0.08143533929675839	0.3427032721697021	1.0	0.1427575014634441	0.044773411536155355	0.2843646522044218	0.055331529058091584	0.31451985913875646	0.17032449722147416
sr	0.268921890531074	0.1975496259559987	0.1418537101353779	0.29834161701544143	0.07018250225969382	0.05712340242781933	0.07227270936706734	0.0854157967177829	0.04980570705918525	0.05534710137187497	0.08082686888427855	0.08927493091278756	0.07179599898155713	0.07815110043283416	0.05142579232862043	0.05406257666520933	0.068832023423623	0.0840838210266543	0.09845735085075617	0.13617051826138085	0.1507057699286505	0.05229805312432433	0.059734934411118504	0.05491764243915654	0.055860328458873454	0.05607691076915541	0.0688907268062022	0.3240749299922019	0.1427575014634441	1.0	0.06099420254081302	0.3164309725825328	0.07299318042444593	0.32037724101704074	0.09377236215159139
sv	0.32419763955231984	0.44948974278317805	0.08983638461915906	0.40453726661826384	0.04242586715701735	0.034550145369316755	0.1757340838011157	0.03348333727329125	0.047066595413688864	0.035874344144096855	0.04454566115785978	0.13594160997026095	0.04516789262291815	0.04671565552523706	0.028702547094113944	0.03441857040656435	0.04425314368704414	0.2301933286869869	0.15707061676257178	0.10575598451878379	0.07480305503767426	0.07063540458857515	0.049112828355488476	0.042038017530344605	0.06691488960295404	0.029616357410472936	0.15435585488132555	0.5	0.044773411536155355	0.06099420254081302	1.0	0.30552726787943424	0.09235351617983073	0.31451985913875646	0.032512961723525496
te	0.585786437626905	0.585786437626905	1.0	1.0	0.39417810437975953	0.2612038749637414	0.38742588672279304	0.11854673630302448	0.36602540378443865	0.2566313427995905	0.33773018484522777	0.19675422795565728	0.5	0.2215821442735242	0.30552726787943424	0.3164309725825327	0.4142135623730951	0.585786437626905	0.5	0.1310049706526173	0.09686121589822691	0.44948974278317805	0.38742588672279304	0.35388936786452296	0.5	0.1959691289492878	0.585786437626905	0.585786437626905	0.2843646522044218	0.3164309725825328	0.30552726787943424	1.0	0.5	0.585786437626905	0.38742588672279304
vi	0.28688760861855495	0.32881309020609956	0.11159613414494834	0.40453726661826384	0.05941250988384537	0.06785356725640035	0.16574888863755477	0.03968122373482484	0.10558187088635695	0.08652109947487499	0.051161713584574234	0.23166247903554	0.07722399747386934	0.05671209374040796	0.10519262081735645	0.08963361724675349	0.06978675313013519	0.25	0.12767460436572942	0.19160741797296413	0.1357343459193783	0.13517295397518642	0.06645645780238296	0.07672256714404321	0.10503337968680189	0.06796555799880147	0.17826035697019474	0.5	0.055331529058091584	0.07299318042444593	0.09235351617983073	0.5	1.0	0.5	0.04197394659689613
war	0.3655636559687688	1.0	0.5	1.0	0.39564392373896	0.4142135623730951	0.5	0.3726822671238253	0.585786437626905	0.44948974278317805	0.39564392373896	0.585786437626905	0.34833147735478825	0.4142135623730951	0.44948974278317805	0.5	0.44948974278317805	1.0	0.44948974278317805	0.44948974278317805	0.27718637277259645	0.585786437626905	0.3483314773547883	0.40453726661826384	0.44948974278317805	0.5	0.44948974278317805	1.0	0.31451985913875646	0.32037724101704074	0.31451985913875646	0.585786437626905	0.5	1.0	0.3483314773547883
zh	0.2834508389971603	0.2449655295864104	0.12109891520771243	0.3430703308172536	0.08681209148514958	0.057112786185368886	0.06502333402679443	0.061519704053411096	0.024793154568136955	0.056317046229252724	0.09929123422314431	0.06495591880640209	0.12577311914310382	0.04305416943742818	0.03077821178168194	0.029209093083685328	0.04176472992340352	0.0953040957722612	0.10542382966077586	0.12036735328929982	0.13652162841988935	0.0334025830132977	0.046365037914044706	0.05356715182731118	0.054111442409138434	0.030331705354953574	0.06777787051413686	0.24454916038036068	0.17032449722147416	0.09377236215159139	0.032512961723525496	0.38742588672279304	0.04197394659689613	0.3483314773547883	1.0
