arz	bs	ceb	ckb	da	de	el	en	es	fr	he	hi	hu	id	it	ja	ko	lv	mk	ml	mr	nl	pl	pt	ro	ru	sh	si	simple	sr	sv	te	vi	war	zh
arz	1.0	0.44242164469980705	0.0	0.5020797777427737	0.5096314856638646	0.28461256349148045	0.300750781183083	0.23233296687561938	0.3398439314063787	0.37372744034661937	0.3857214162507389	0.5660160774121898	0.4926155067504293	0.42383379654710607	0.2733882330411815	0.4017526915154173	0.2682599922669928	0.42447651240834705	0.39715783707513813	0.5621607075923646	0.4174688004206604	0.3060358292041738	0.4515507205523276	0.3241752266737522	0.3500283300717371	0.3506821934029708	0.44128275071397877	1.0	0.41620524669870745	0.446943093880312	0.3889171345046497	0.0	0.3802166328132499	1.0	0.3500429000334386
bs	0.44242164469980705	1.0	0.0	0.6994017365373273	0.7300208629885034	0.3933613943541924	0.5741418451047106	0.32164979252231896	0.394365787504179	0.3790923168617899	0.33849699043434245	0.4215248746023512	0.5324111388436266	0.4697718556650811	0.2888993011823462	0.4530707050269719	0.4014316149899773	0.74551343442257	0.6044414021866646	0.6666984105496916	1.0	0.45653270831073983	0.44246004367840486	0.32234504539808817	0.5706624061581551	0.40012197575885633	0.5950226111443112	0.7584325078215763	1.0	0.4670899192718148	0.4098542082884746	1.0	0.5741312018063599	1.0	0.35874285576611803
ceb	0.0	0.0	1.0	0.0	1.0	1.0	1.0	1.0	1.0	1.0	1.0	1.0	1.0	1.0	1.0	1.0	1.0	1.0	1.0	0.0	1.0	1.0	1.0	1.0	1.0	1.0	1.0	0.0	1.0	1.0	1.0	0.0	1.0	0.0	1.0
ckb	0.5020797777427737	0.6994017365373273	0.0	1.0	0.5760906193598124	0.39199090125883274	0.44560612167408087	0.35290108064820686	0.39080372378319705	0.2989768415997975	0.2981420116206598	0.3043082981544634	0.3674810785093419	0.4480504751986401	0.25960134680560937	0.3694614466176217	0.3504268906401708	0.596758689454266	0.487119888232788	1.0	1.0	0.4344787355783014	0.43861548672316353	0.35406946623926094	0.4977748242999615	0.35639144336788625	0.5034710416645194	0.7690990303325336	0.7376607345031153	0.4856329878933108	0.37706038339129805	1.0	0.4462190006168467	1.0	0.3530718926718871
da	0.5096314856638646	0.7300208629885034	1.0	0.5760906193598124	1.0	0.3335271073449255	0.4341762601080686	0.2685094125316374	0.3059259105097268	0.25852370319187296	0.2559048390912896	0.2060776711538754	0.3662586027818419	0.40931150724308174	0.19614847602216828	0.2782235004047404	0.23771945455885643	0.5007927867208677	0.6607003262163094	0.6298311783128792	1.0	0.30989722828045335	0.2813235374598296	0.270627665443684	0.45952816043484923	0.29211653014643285	0.7456935189912984	1.0	0.5272679191170591	0.3903279920825899	0.3280233119481951	1.0	0.39316300010531274	1.0	0.2580545259957705
de	0.28461256349148045	0.3933613943541924	1.0	0.39199090125883274	0.3335271073449255	1.0	0.2764659179545275	0.06119452834511955	0.09342296399005322	0.06459619247765842	0.09301901882444728	0.227001755054735	0.16464475844886478	0.20631175094570042	0.0806503928452688	0.0891648785588293	0.09282669872930362	0.44577562364389883	0.3389174282825268	0.4540246658177169	1.0	0.14044198648428433	0.10531383523288483	0.08812836009922662	0.2156399977148952	0.07896379440411404	0.4447407866776241	0.74551343442257	0.3110933913616611	0.22295342939447285	0.15839904800253	1.0	0.14743777108776004	1.0	0.0848571516030208
el	0.300750781183083	0.5741418451047106	1.0	0.44560612167408087	0.4341762601080686	0.2764659179545275	1.0	0.24561368163368344	0.31188840623913844	0.21312119275745464	0.22184202529942612	0.25875978351237955	0.3410051660315339	0.3719247078968094	0.22854318145778726	0.3438593611357152	0.29741005003499044	0.7744097047377118	0.4527230370002305	0.6994017365373274	1.0	0.33611597440674235	0.3639542757460738	0.26188655078696343	0.38821931326244646	0.29722333495305153	0.39238842701550664	0.7690990303325336	0.5149391221184939	0.40053725542785223	0.32936061944071526	1.0	0.3515471245830234	1.0	0.2660892528464234
en	0.23233296687561938	0.32164979252231896	1.0	0.35290108064820686	0.2685094125316374	0.06119452834511955	0.24561368163368344	1.0	0.06802296186078541	0.04718686122163831	0.07427191856044574	0.20032174050894003	0.11026504981728397	0.20817613962838655	0.06801318954047214	0.05735171289927606	0.07301960951023757	0.429176950499746	0.3552454652888801	0.4589221864174254	1.0	0.11075450028229845	0.09232410631501568	0.06879102177256452	0.20425126294745308	0.05179356372996638	0.4380698058373981	0.74551343442257	0.3968281781176352	0.18495237790166907	0.09427124977487027	1.0	0.11847743159864457	1.0	0.07012891283031474
es	0.3398439314063787	0.394365787504179	1.0	0.39080372378319705	0.3059259105097268	0.09342296399005322	0.31188840623913844	0.06802296186078541	1.0	0.07344871781805637	0.08866981368483826	0.167328921676546	0.15799150632747727	0.21804696506111565	0.08410350802776952	0.08824340902950784	0.09402793376641605	0.45288451809502245	0.33956270282760065	0.4334682976792726	1.0	0.12750525210133104	0.11471149128225723	0.08215362168829525	0.22933009417747824	0.07474741223010223	0.41160836937613665	0.660489913725291	0.37067036133354486	0.2097391536156642	0.15463823144424932	1.0	0.15277801128042662	1.0	0.07822551036824624
fr	0.37372744034661937	0.3790923168617899	1.0	0.2989768415997975	0.25852370319187296	0.06459619247765842	0.21312119275745464	0.04718686122163831	0.07344871781805637	1.0	0.07794577174314726	0.18716162451058466	0.12114624672606444	0.20141041669607132	0.07014950096802092	0.06837798654298712	0.07632121018327394	0.3205084199021167	0.33965275854262295	0.27974222664626763	1.0	0.10548101365799907	0.09352677353583029	0.07167716150449148	0.21320983322494771	0.06428386938533075	0.24691088153804414	0.6604899137252909	0.29984052343067724	0.2005794041004625	0.12467428087505962	1.0	0.12023204133105587	1.0	0.07162597747798163
he	0.3857214162507389	0.33849699043434245	1.0	0.2981420116206598	0.2559048390912896	0.09301901882444728	0.22184202529942612	0.07427191856044574	0.08866981368483826	0.07794577174314726	1.0	0.16979332450593435	0.13779845216915074	0.24052865238782015	0.07434649003455866	0.08723633940434908	0.09408262687994848	0.3285674318761103	0.3142509800284062	0.33929624727631846	0.5660160774121898	0.10784783985023992	0.10674719229260213	0.09601188501553697	0.22030542083984622	0.0873980734234197	0.3064699081429105	0.42529063263507405	0.25761080178488144	0.17874905804481564	0.15371903258413497	1.0	0.14399373541192276	1.0	0.07653690066082587
hi	0.5660160774121898	0.4215248746023512	1.0	0.3043082981544634	0.2060776711538754	0.227001755054735	0.25875978351237955	0.20032174050894003	0.167328921676546	0.18716162451058466	0.16979332450593435	1.0	0.22025894451784028	0.2758068657500763	0.1771110470051775	0.2384906598735901	0.2025163799551019	0.25948169962279466	0.5453053234410662	0.33767296045522877	1.0	0.175750169283118	0.16645882409907548	0.19565000832704238	0.2289953444182309	0.2149151745717002	0.38773432210888487	0.4775803174033007	0.2431543434250002	0.28442929159192004	0.2493299369192096	1.0	0.2267023391705457	1.0	0.19727969984925808
hu	0.4926155067504293	0.5324111388436266	1.0	0.3674810785093419	0.3662586027818419	0.16464475844886478	0.3410051660315339	0.11026504981728397	0.15799150632747727	0.12114624672606444	0.13779845216915074	0.22025894451784028	1.0	0.2971173534616513	0.12382738040868684	0.15601563475025543	0.14576107860302814	0.46295617276382905	0.4034384036120626	0.4602227753678016	1.0	0.1930775880328272	0.1744215057114245	0.1280231844823489	0.2513721131592372	0.12874295837870986	0.4832454622293338	0.7510341748895938	0.483055136356175	0.2728755342911322	0.18093709669147928	1.0	0.22639379043230248	1.0	0.11193007332762851
id	0.42383379654710607	0.4697718556650811	1.0	0.4480504751986401	0.40931150724308174	0.20631175094570042	0.3719247078968094	0.20817613962838655	0.21804696506111565	0.20141041669607132	0.24052865238782015	0.2758068657500763	0.2971173534616513	1.0	0.2027145491254125	0.25552990914374535	0.27399951444889425	0.6226715671343765	0.6741309587688856	0.662652879547112	1.0	0.24139379473816108	0.25414854320635544	0.19102861365748194	0.41525608857910534	0.21196633775625487	0.4497436081174831	0.7510341748895938	0.2738257101779472	0.35170472708233896	0.33436877954532745	1.0	0.3053362188176418	1.0	0.21966447250966326
it	0.2733882330411815	0.2888993011823462	1.0	0.25960134680560937	0.19614847602216828	0.0806503928452688	0.22854318145778726	0.06801318954047214	0.08410350802776952	0.07014950096802092	0.07434649003455866	0.1771110470051775	0.12382738040868684	0.2027145491254125	1.0	0.07662655032509688	0.08825675465182413	0.42193655131674995	0.3650803237026286	0.4540246658177169	1.0	0.11619006671646762	0.09710688548720549	0.07915098150694835	0.18751009910090752	0.07977472505603117	0.42777986737779145	0.74551343442257	0.3271931154197397	0.16082949325780607	0.12276925610604454	1.0	0.14442454851343903	1.0	0.0744285487339536
ja	0.4017526915154173	0.4530707050269719	1.0	0.3694614466176217	0.2782235004047404	0.0891648785588293	0.3438593611357152	0.05735171289927606	0.08824340902950784	0.06837798654298712	0.08723633940434908	0.2384906598735901	0.15601563475025543	0.25552990914374535	0.07662655032509688	1.0	0.08790232089625136	0.39528811530726154	0.32813517761594796	0.4338648454460812	1.0	0.13245171263678454	0.1195897234892963	0.09339485595829354	0.22246880629949403	0.08430118242380308	0.39476815425055983	0.74551343442257	0.4052149665845767	0.22155008577421295	0.1313074986125375	1.0	0.17843226318314176	1.0	0.08064402198642608
ko	0.2682599922669928	0.4014316149899773	1.0	0.3504268906401708	0.23771945455885643	0.09282669872930362	0.29741005003499044	0.07301960951023757	0.09402793376641605	0.07632121018327394	0.09408262687994848	0.2025163799551019	0.14576107860302814	0.27399951444889425	0.08825675465182413	0.08790232089625136	1.0	0.41933247227071097	0.3535814041607764	0.4783951902866959	1.0	0.12076456598431572	0.1103314022776282	0.09526780930134682	0.19233228812032574	0.0881839616673792	0.3805141508709748	0.74551343442257	0.2655601589919508	0.17564245398684558	0.13184662940524997	1.0	0.1421137954736331	1.0	0.07883657441279046
lv	0.42447651240834705	0.74551343442257	1.0	0.596758689454266	0.5007927867208677	0.44577562364389883	0.7744097047377118	0.429176950499746	0.45288451809502245	0.3205084199021167	0.3285674318761103	0.25948169962279466	0.46295617276382905	0.6226715671343765	0.42193655131674995	0.39528811530726154	0.41933247227071097	1.0	0.7270358926025849	0.6120746531005143	1.0	0.5130182258430716	0.45187733217069054	0.42063793185747844	0.47715797971015367	0.44926687954586875	0.42489828324440826	0.7510341748895938	0.5298497940827903	0.5395306778488792	0.43133815421989813	1.0	0.5305094426311893	1.0	0.35489868343538905
mk	0.39715783707513813	0.6044414021866646	1.0	0.487119888232788	0.6607003262163094	0.3389174282825268	0.4527230370002305	0.3552454652888801	0.33956270282760065	0.33965275854262295	0.3142509800284062	0.5453053234410662	0.4034384036120626	0.6741309587688856	0.3650803237026286	0.32813517761594796	0.3535814041607764	0.7270358926025849	1.0	1.0	1.0	0.4140842194050631	0.38538390999593164	0.42420329883394325	0.5695779998433348	0.3507469081156147	0.5251576487810826	1.0	0.7455134344225701	0.527239430314114	0.39808818963776854	1.0	0.4338565982026986	1.0	0.3311255149023544
ml	0.5621607075923646	0.6666984105496916	0.0	1.0	0.6298311783128792	0.4540246658177169	0.6994017365373274	0.4589221864174254	0.4334682976792726	0.27974222664626763	0.33929624727631846	0.33767296045522877	0.4602227753678016	0.662652879547112	0.4540246658177169	0.4338648454460812	0.4783951902866959	0.6120746531005143	1.0	1.0	1.0	0.4540246658177169	0.43374082738561726	0.4389020233049205	0.5308732323935125	0.4589221864174254	0.6571702826516209	0.7584325078215765	0.5256849966618361	0.6760511062145359	0.5178446933974394	1.0	0.4791783904905284	1.0	0.454818871315973
mr	0.4174688004206604	1.0	1.0	1.0	1.0	1.0	1.0	1.0	1.0	1.0	0.5660160774121898	1.0	1.0	1.0	1.0	1.0	1.0	1.0	1.0	1.0	1.0	1.0	1.0	1.0	1.0	1.0	1.0	1.0	1.0	1.0	1.0	1.0	1.0	1.0	1.0
nl	0.3060358292041738	0.45653270831073983	1.0	0.4344787355783014	0.30989722828045335	0.14044198648428433	0.33611597440674235	0.11075450028229845	0.12750525210133104	0.10548101365799907	0.10784783985023992	0.175750169283118	0.1930775880328272	0.24139379473816108	0.11619006671646762	0.13245171263678454	0.12076456598431572	0.5130182258430716	0.4140842194050631	0.4540246658177169	1.0	1.0	0.16757737309203885	0.12405145853650781	0.2771283838943966	0.12566731182802562	0.38646197780536606	0.74551343442257	0.3842101684689606	0.252001057248252	0.18317557981937008	1.0	0.1730480749447416	1.0	0.11209740917532272
pl	0.4515507205523276	0.44246004367840486	1.0	0.43861548672316353	0.2813235374598296	0.10531383523288483	0.3639542757460738	0.09232410631501568	0.11471149128225723	0.09352677353583029	0.10674719229260213	0.16645882409907548	0.1744215057114245	0.25414854320635544	0.09710688548720549	0.1195897234892963	0.1103314022776282	0.45187733217069054	0.38538390999593164	0.43374082738561726	1.0	0.16757737309203885	1.0	0.11702712894801912	0.23147603269090705	0.10072169395683367	0.37247234287370345	0.74551343442257	0.4402737016617375	0.23181122129762607	0.210313064057066	1.0	0.18246160490769678	1.0	0.09856732690730831
pt	0.3241752266737522	0.32234504539808817	1.0	0.35406946623926094	0.270627665443684	0.08812836009922662	0.26188655078696343	0.06879102177256452	0.08215362168829525	0.07167716150449148	0.09601188501553697	0.19565000832704238	0.1280231844823489	0.19102861365748194	0.07915098150694835	0.09339485595829354	0.09526780930134682	0.42063793185747844	0.42420329883394325	0.4389020233049205	1.0	0.12405145853650781	0.11702712894801912	1.0	0.2608380771756449	0.09179862309859	0.4718323873971692	0.74551343442257	0.3570136517960278	0.1942573306542122	0.14023682082426872	1.0	0.16346768680875948	1.0	0.0769914276402862
ro	0.3500283300717371	0.5706624061581551	1.0	0.4977748242999615	0.45952816043484923	0.2156399977148952	0.38821931326244646	0.20425126294745308	0.22933009417747824	0.21320983322494771	0.22030542083984622	0.2289953444182309	0.2513721131592372	0.41525608857910534	0.18751009910090752	0.22246880629949403	0.19233228812032574	0.47715797971015367	0.5695779998433348	0.5308732323935125	1.0	0.2771283838943966	0.23147603269090705	0.2608380771756449	1.0	0.17854926013047584	0.5642577679312566	0.7510341748895938	0.48401320925799	0.44580022845381423	0.2650668629737402	1.0	0.33534426630909553	1.0	0.18362792364050784
ru	0.3506821934029708	0.40012197575885633	1.0	0.35639144336788625	0.29211653014643285	0.07896379440411404	0.29722333495305153	0.05179356372996638	0.07474741223010223	0.06428386938533075	0.0873980734234197	0.2149151745717002	0.12874295837870986	0.21196633775625487	0.07977472505603117	0.08430118242380308	0.0881839616673792	0.44926687954586875	0.3507469081156147	0.4589221864174254	1.0	0.12566731182802562	0.10072169395683367	0.09179862309859	0.17854926013047584	1.0	0.42125701139681315	0.74551343442257	0.38668263487606613	0.21629111143363103	0.15477459349668213	1.0	0.13234049462538314	1.0	0.07895076174561866
sh	0.44128275071397877	0.5950226111443112	1.0	0.5034710416645194	0.7456935189912984	0.4447407866776241	0.39238842701550664	0.4380698058373981	0.41160836937613665	0.24691088153804414	0.3064699081429105	0.38773432210888487	0.4832454622293338	0.4497436081174831	0.42777986737779145	0.39476815425055983	0.3805141508709748	0.42489828324440826	0.5251576487810826	0.6571702826516209	1.0	0.38646197780536606	0.37247234287370345	0.4718323873971692	0.5642577679312566	0.42125701139681315	1.0	1.0	0.5273669718735188	0.4614928461971222	0.45617086222875275	1.0	0.598401575819597	1.0	0.38530244360095145
si	1.0	0.7584325078215763	0.0	0.7690990303325336	1.0	0.74551343442257	0.7690990303325336	0.74551343442257	0.660489913725291	0.6604899137252909	0.42529063263507405	0.4775803174033007	0.7510341748895938	0.7510341748895938	0.74551343442257	0.74551343442257	0.74551343442257	0.7510341748895938	1.0	0.7584325078215765	1.0	0.74551343442257	0.74551343442257	0.74551343442257	0.7510341748895938	0.74551343442257	1.0	1.0	0.7690990303325336	0.7510341748895938	0.7510341748895938	1.0	0.7510341748895938	1.0	0.6590675637199679
simple	0.41620524669870745	1.0	1.0	0.7376607345031153	0.5272679191170591	0.3110933913616611	0.5149391221184939	0.3968281781176352	0.37067036133354486	0.29984052343067724	0.25761080178488144	0.2431543434250002	0.483055136356175	0.2738257101779472	0.3271931154197397	0.4052149665845767	0.2655601589919508	0.5298497940827903	0.7455134344225701	0.5256849966618361	1.0	0.3842101684689606	0.4402737016617375	0.3570136517960278	0.48401320925799	0.38668263487606613	0.5273669718735188	0.7690990303325336	1.0	0.46579472920413056	0.49026688184523226	1.0	0.4012105505512454	1.0	0.32131436184331524
sr	0.446943093880312	0.4670899192718148	1.0	0.4856329878933108	0.3903279920825899	0.22295342939447285	0.40053725542785223	0.18495237790166907	0.2097391536156642	0.2005794041004625	0.17874905804481564	0.28442929159192004	0.2728755342911322	0.35170472708233896	0.16082949325780607	0.22155008577421295	0.17564245398684558	0.5395306778488792	0.527239430314114	0.6760511062145359	1.0	0.252001057248252	0.23181122129762607	0.1942573306542122	0.44580022845381423	0.21629111143363103	0.4614928461971222	0.7510341748895938	0.46579472920413056	1.0	0.276226151484463	1.0	0.3322871113556263	1.0	0.1854000838778221
sv	0.3889171345046497	0.4098542082884746	1.0	0.37706038339129805	0.3280233119481951	0.15839904800253	0.32936061944071526	0.09427124977487027	0.15463823144424932	0.12467428087505962	0.15371903258413497	0.2493299369192096	0.18093709669147928	0.33436877954532745	0.12276925610604454	0.1313074986125375	0.13184662940524997	0.43133815421989813	0.39808818963776854	0.5178446933974394	1.0	0.18317557981937008	0.210313064057066	0.14023682082426872	0.2650668629737402	0.15477459349668213	0.45617086222875275	0.7510341748895938	0.49026688184523226	0.276226151484463	1.0	1.0	0.24007843201017456	1.0	0.10595781624206096
te	0.0	1.0	0.0	1.0	1.0	1.0	1.0	1.0	1.0	1.0	1.0	1.0	1.0	1.0	1.0	1.0	1.0	1.0	1.0	1.0	1.0	1.0	1.0	1.0	1.0	1.0	1.0	1.0	1.0	1.0	1.0	1.0	1.0	1.0	1.0
vi	0.3802166328132499	0.5741312018063599	1.0	0.4462190006168467	0.39316300010531274	0.14743777108776004	0.3515471245830234	0.11847743159864457	0.15277801128042662	0.12023204133105587	0.14399373541192276	0.2267023391705457	0.22639379043230248	0.3053362188176418	0.14442454851343903	0.17843226318314176	0.1421137954736331	0.5305094426311893	0.4338565982026986	0.4791783904905284	1.0	0.1730480749447416	0.18246160490769678	0.16346768680875948	0.33534426630909553	0.13234049462538314	0.598401575819597	0.7510341748895938	0.4012105505512454	0.3322871113556263	0.24007843201017456	1.0	1.0	1.0	0.13972607564263206
war	1.0	1.0	0.0	1.0	1.0	1.0	1.0	1.0	1.0	1.0	1.0	1.0	1.0	1.0	1.0	1.0	1.0	1.0	1.0	1.0	1.0	1.0	1.0	1.0	1.0	1.0	1.0	1.0	1.0	1.0	1.0	1.0	1.0	1.0	1.0
zh	0.3500429000334386	0.35874285576611803	1.0	0.3530718926718871	0.2580545259957705	0.0848571516030208	0.2660892528464234	0.07012891283031474	0.07822551036824624	0.07162597747798163	0.07653690066082587	0.19727969984925808	0.11193007332762851	0.21966447250966326	0.0744285487339536	0.08064402198642608	0.07883657441279046	0.35489868343538905	0.3311255149023544	0.454818871315973	1.0	0.11209740917532272	0.09856732690730831	0.0769914276402862	0.18362792364050784	0.07895076174561866	0.38530244360095145	0.6590675637199679	0.32131436184331524	0.1854000838778221	0.10595781624206096	1.0	0.13972607564263206	1.0	1.0
