arz	bs	ceb	ckb	da	de	el	en	es	fr	he	hi	hu	id	it	ja	ko	lv	mk	ml	mr	nl	pl	pt	ro	ru	sh	si	simple	sr	sv	te	tr	vi	war	zh
arz	1.0	1.0	0.0	1.0	1.0	1.0	1.0	1.0	1.0	1.0	1.0	1.0	1.0	1.0	1.0	1.0	1.0	1.0	1.0	1.0	1.0	1.0	1.0	0.5660160774121898	1.0	1.0	1.0	1.0	0.8216064286890065	1.0	1.0	1.0	1.0	1.0	1.0	1.0
bs	1.0	1.0	1.0	1.0	0.6952248029547626	0.11072767303233723	0.31119291179902897	0.22354291392148426	0.15941546665906214	0.16071310296636512	0.3726560124724173	1.0	0.298634929270242	0.27711506906650785	0.19255306865586172	0.24191357637324798	0.289699026369128	1.0	0.17236565668136233	1.0	1.0	0.11557039173341392	0.05460613266120527	0.06057310594136095	0.29285258474666165	0.054397265192511264	0.11152874360001465	0.7863954451402115	0.4044195485791555	0.08764094718365988	0.20251466003800828	1.0	0.6318568908318568	0.20051818781942748	0.7690990303325336	0.07391985964103748
ceb	0.0	1.0	1.0	0.0	1.0	1.0	0.0	1.0	1.0	1.0	1.0	1.0	1.0	1.0	1.0	1.0	1.0	1.0	1.0	1.0	0.0	1.0	1.0	1.0	1.0	1.0	1.0	1.0	1.0	1.0	1.0	0.0	-1.0	1.0	1.0	1.0
ckb	1.0	1.0	0.0	1.0	0.0	1.0	1.0	1.0	0.0	1.0	0.0	0.0	0.0	0.0	0.0	1.0	0.0	0.0	1.0	0.0	1.0	1.0	1.0	1.0	0.0	1.0	1.0	1.0	0.0	1.0	1.0	1.0	0.7411828468492555	0.0	0.7690990303325336	1.0
da	1.0	0.6952248029547626	1.0	0.0	1.0	0.7690990303325336	0.953225785585603	0.4093083667096279	1.0	0.42542612319071343	1.0	1.0	0.749506019670501	0.8216064286890065	1.0	1.0	0.672370045633007	1.0	1.0	1.0	1.0	1.0	1.0	1.0	0.7130138297161199	1.0	0.7863954451402115	1.0	1.0	1.0	1.0	1.0	0.7510341748895938	1.0	0.7690990303325336	1.0
de	1.0	0.11072767303233723	1.0	1.0	0.7690990303325336	1.0	0.20879008254241838	0.12846762225196776	0.11436984153749045	0.12354939793977215	0.4653842432752802	1.0	0.19409076116115404	0.25856075404574164	0.16073634169999404	0.18943624257050856	0.174137885930279	1.0	0.11970927781871668	1.0	1.0	0.10592897363696903	0.08246114711208383	0.0890957516770168	0.1500529618172822	0.07775738181480853	0.10926250365153842	1.0	1.0	0.08863375885211866	0.14725870338608502	1.0	0.5635380039916207	0.13759704422823876	0.7690990303325336	0.09278439092263588
el	1.0	0.31119291179902897	0.0	1.0	0.953225785585603	0.20879008254241838	1.0	0.3638303166206609	0.315197932844991	0.35940237885805865	0.6838559317925837	1.0	0.4239141101621262	0.3953904736527568	0.36826392088672305	0.40447028792451617	0.4014476778035289	1.0	0.5158393779325863	1.0	1.0	0.24010122111985202	0.3136260537353909	0.3769227712936201	0.48778944495482945	0.3397344275066082	0.204107227425895	1.0	1.0	0.19250128891121807	0.3112881210062917	1.0	0.6908587525207897	0.23790854883077833	0.7690990303325336	0.26605588873487446
en	1.0	0.22354291392148426	1.0	1.0	0.4093083667096279	0.12846762225196776	0.3638303166206609	1.0	0.16258395745987933	0.2602381420743976	0.35681617163877616	1.0	0.3665194277202511	0.36335955711523277	0.18711137372543782	0.23288639252792898	0.32659563171385625	1.0	0.33052279927771844	1.0	1.0	0.19328644522636923	0.13212509919994264	0.1545697051214363	0.36809271001613714	0.1495486199115267	0.1693149186090814	1.0	1.0	0.11981148330389588	0.21563082840276124	1.0	0.5043085658827022	0.21568817301557813	0.7690990303325336	0.11657873459931366
es	1.0	0.15941546665906214	1.0	0.0	1.0	0.11436984153749045	0.315197932844991	0.16258395745987933	1.0	0.16272418980656309	1.0	1.0	0.32446224051513595	0.2527896683497154	0.17789032932665289	0.2000119069120048	0.2366464345716411	1.0	0.1698414504999901	1.0	1.0	0.1485877025944945	0.13624786599416006	0.14875768231480502	0.2042236939348883	0.15229861678259773	0.14473229889496508	1.0	1.0	0.11639192980094325	0.20624055342598188	1.0	0.5635380039916207	0.16446718080531594	0.7690990303325336	0.12423810330711599
fr	1.0	0.16071310296636512	1.0	1.0	0.42542612319071343	0.12354939793977215	0.35940237885805865	0.2602381420743976	0.16272418980656309	1.0	0.30011769687298173	1.0	0.3567790007779754	0.3531073633320026	0.19934554053263878	0.257005197305102	0.32258427682460233	1.0	0.23853943606404182	1.0	1.0	0.142309653752898	0.06785157512832471	0.07730838986709263	0.35337388688213606	0.06324348346808908	0.12642021191669214	1.0	0.42616786888785685	0.10052576014513052	0.20492892684385594	1.0	0.5504599981932421	0.22357539259365142	0.7690990303325336	0.07479187647748649
he	1.0	0.3726560124724173	1.0	0.0	1.0	0.4653842432752802	0.6838559317925837	0.35681617163877616	1.0	0.30011769687298173	1.0	1.0	0.47777763288299885	0.8216064286890065	0.5648075281550182	0.8285923823690358	0.42717095018347523	1.0	0.728099120889861	1.0	1.0	0.47935130567979756	0.5595577325373613	0.3650379415533849	0.7836919635260872	0.5950659482376811	0.5981138373156832	1.0	1.0	0.6468909830471344	1.0	1.0	0.6786291688147437	0.372124740868752	0.7690990303325336	0.5412128175573119
hi	1.0	1.0	1.0	0.0	1.0	1.0	1.0	1.0	1.0	1.0	1.0	1.0	1.0	1.0	1.0	1.0	1.0	1.0	1.0	1.0	1.0	1.0	1.0	1.0	1.0	1.0	0.0	1.0	1.0	1.0	1.0	1.0	0.7411828468492555	1.0	0.7690990303325336	1.0
hu	1.0	0.298634929270242	1.0	0.0	0.749506019670501	0.19409076116115404	0.4239141101621262	0.3665194277202511	0.32446224051513595	0.3567790007779754	0.47777763288299885	1.0	1.0	0.3962281732910445	0.2788071667390287	0.35181620116026885	0.3564791141622854	1.0	0.47982976195967064	1.0	1.0	0.22966022167895195	0.3458854710414155	0.3614592962159884	0.4473513544031509	0.29344184457879047	0.19848055101437195	1.0	1.0	0.21344360750438968	0.26030886206541304	1.0	0.7411828468492555	0.21953543772621192	0.7690990303325336	0.2527230879575247
id	1.0	0.27711506906650785	1.0	0.0	0.8216064286890065	0.25856075404574164	0.3953904736527568	0.36335955711523277	0.2527896683497154	0.3531073633320026	0.8216064286890065	1.0	0.3962281732910445	1.0	0.4153658576092306	0.37910129120593183	0.3328684534957763	1.0	0.4288698173475976	1.0	1.0	0.2401806153808402	0.34424263941848954	0.40952535636299114	0.4210894496332646	0.3616775467875898	0.19465155690775607	1.0	0.7863954451402115	0.2040636004479436	0.2618260274914349	1.0	0.5033085674013317	0.2520809913056015	0.4403547352276071	0.3429698904275818
it	1.0	0.19255306865586172	1.0	0.0	1.0	0.16073634169999404	0.36826392088672305	0.18711137372543782	0.17789032932665289	0.19934554053263878	0.5648075281550182	1.0	0.2788071667390287	0.4153658576092306	1.0	0.27326816541514354	0.27719393220776034	1.0	0.2201926989141041	1.0	1.0	0.18019352339809905	0.18042976478258174	0.17060469608286072	0.2960358675176406	0.18409976971899505	0.1772658783291813	1.0	1.0	0.16883532649161456	0.25566081468667684	1.0	0.4709333167751873	0.24447320668007572	0.7690990303325336	0.1912957499402041
ja	1.0	0.24191357637324798	1.0	1.0	1.0	0.18943624257050856	0.40447028792451617	0.23288639252792898	0.2000119069120048	0.257005197305102	0.8285923823690358	1.0	0.35181620116026885	0.37910129120593183	0.27326816541514354	1.0	0.33465015296895884	1.0	0.28976587098020445	1.0	1.0	0.20863138437635087	0.22603631545221017	0.20042640569140674	0.34855760043652984	0.21750557579590915	0.14134947559061822	1.0	1.0	0.18598738853255042	0.22617159400444947	1.0	0.550459998193242	0.2340098071903185	0.7690990303325336	0.21209915369611443
ko	1.0	0.289699026369128	1.0	0.0	0.672370045633007	0.174137885930279	0.4014476778035289	0.32659563171385625	0.2366464345716411	0.32258427682460233	0.42717095018347523	1.0	0.3564791141622854	0.3328684534957763	0.27719393220776034	0.33465015296895884	1.0	1.0	0.4227468554741334	1.0	1.0	0.23557117809485792	0.3240107385168686	0.3212909192772052	0.3967071284531623	0.29371776423483736	0.2069220977432625	1.0	1.0	0.22011270624239465	0.22937255214851718	1.0	0.5690555149823487	0.2204371249239215	0.7690990303325336	0.20867449475623448
lv	1.0	1.0	1.0	0.0	1.0	1.0	1.0	1.0	1.0	1.0	1.0	1.0	1.0	1.0	1.0	1.0	1.0	1.0	1.0	1.0	1.0	1.0	1.0	1.0	1.0	1.0	0.0	1.0	1.0	1.0	1.0	1.0	0.7455134344225701	1.0	0.7690990303325336	1.0
mk	1.0	0.17236565668136233	1.0	1.0	1.0	0.11970927781871668	0.5158393779325863	0.33052279927771844	0.1698414504999901	0.23853943606404182	0.728099120889861	1.0	0.47982976195967064	0.4288698173475976	0.2201926989141041	0.28976587098020445	0.4227468554741334	1.0	1.0	1.0	1.0	0.14465690184192603	0.057641182335014036	0.06418741178065904	0.6000258596547332	0.05624261523615086	0.1317843738252297	1.0	1.0	0.09786845902763038	0.2223330119248407	1.0	0.6908587525207898	0.2423750653033423	0.7690990303325336	0.0770367506751699
ml	1.0	1.0	1.0	0.0	1.0	1.0	1.0	1.0	1.0	1.0	1.0	1.0	1.0	1.0	1.0	1.0	1.0	1.0	1.0	1.0	1.0	1.0	1.0	1.0	1.0	1.0	0.0	1.0	1.0	1.0	1.0	1.0	0.7584325078215765	1.0	0.7690990303325336	1.0
mr	1.0	1.0	0.0	1.0	1.0	1.0	1.0	1.0	1.0	1.0	1.0	1.0	1.0	1.0	1.0	1.0	1.0	1.0	1.0	1.0	1.0	1.0	1.0	0.5020797777427737	1.0	1.0	1.0	1.0	0.7863954451402115	1.0	1.0	1.0	1.0	1.0	0.7863954451402115	1.0
nl	1.0	0.11557039173341392	1.0	1.0	1.0	0.10592897363696903	0.24010122111985202	0.19328644522636923	0.1485877025944945	0.142309653752898	0.47935130567979756	1.0	0.22966022167895195	0.2401806153808402	0.18019352339809905	0.20863138437635087	0.23557117809485792	1.0	0.14465690184192603	1.0	1.0	1.0	0.05384298940658582	0.05918565272161597	0.23470953895835783	0.05349401335148011	0.10493224059827219	1.0	0.7690990303325336	0.08407637299282873	0.20002464417492707	1.0	0.4950100983672738	0.18030455847919516	0.7690990303325336	0.07286939232737104
pl	1.0	0.05460613266120527	1.0	1.0	1.0	0.08246114711208383	0.3136260537353909	0.13212509919994264	0.13624786599416006	0.06785157512832471	0.5595577325373613	1.0	0.3458854710414155	0.34424263941848954	0.18042976478258174	0.22603631545221017	0.3240107385168686	1.0	0.057641182335014036	1.0	1.0	0.05384298940658582	1.0	0.044226945265284145	0.2550342084330076	0.04308612525855795	0.05846695217559454	1.0	1.0	0.05117696896446915	0.20476739872865443	1.0	0.6582862383985253	0.18244124393647926	0.7690990303325336	0.05993507619646257
pt	0.5660160774121898	0.06057310594136095	1.0	1.0	1.0	0.0890957516770168	0.3769227712936201	0.1545697051214363	0.14875768231480502	0.07730838986709263	0.3650379415533849	1.0	0.3614592962159884	0.40952535636299114	0.17060469608286072	0.20042640569140674	0.3212909192772052	1.0	0.06418741178065904	1.0	0.5020797777427737	0.05918565272161597	0.044226945265284145	1.0	0.34099103473911263	0.04555042878440686	0.06602143573806556	1.0	1.0	0.05528376993696224	0.20947034550325375	0.5660160774121898	0.5042852663512422	0.2083133263900394	0.44650355581684187	0.06322589435100272
ro	1.0	0.29285258474666165	1.0	0.0	0.7130138297161199	0.1500529618172822	0.48778944495482945	0.36809271001613714	0.2042236939348883	0.35337388688213606	0.7836919635260872	1.0	0.4473513544031509	0.4210894496332646	0.2960358675176406	0.34855760043652984	0.3967071284531623	1.0	0.6000258596547332	1.0	1.0	0.23470953895835783	0.2550342084330076	0.34099103473911263	1.0	0.2652136221282286	0.1881185787408349	1.0	0.4520806193667602	0.17050284451793815	0.2621304996066987	1.0	0.7347168825662657	0.24406453922359206	0.7690990303325336	0.1966966763111905
ru	1.0	0.054397265192511264	1.0	1.0	1.0	0.07775738181480853	0.3397344275066082	0.1495486199115267	0.15229861678259773	0.06324348346808908	0.5950659482376811	1.0	0.29344184457879047	0.3616775467875898	0.18409976971899505	0.21750557579590915	0.29371776423483736	1.0	0.05624261523615086	1.0	1.0	0.05349401335148011	0.04308612525855795	0.04555042878440686	0.2652136221282286	1.0	0.055698587707093225	1.0	1.0	0.05064437136643778	0.19482825611955698	1.0	0.550459998193242	0.20087363365903987	0.7690990303325336	0.05850525725204575
sh	1.0	0.11152874360001465	1.0	1.0	0.7863954451402115	0.10926250365153842	0.204107227425895	0.1693149186090814	0.14473229889496508	0.12642021191669214	0.5981138373156832	0.0	0.19848055101437195	0.19465155690775607	0.1772658783291813	0.14134947559061822	0.2069220977432625	0.0	0.1317843738252297	0.0	1.0	0.10493224059827219	0.05846695217559454	0.06602143573806556	0.1881185787408349	0.055698587707093225	1.0	0.7863954451402115	1.0	0.08360060860519325	0.1484635835263487	1.0	0.5679195828845451	0.16333565297985816	0.8943504275997423	0.07077737736865378
si	1.0	0.7863954451402115	1.0	1.0	1.0	1.0	1.0	1.0	1.0	1.0	1.0	1.0	1.0	1.0	1.0	1.0	1.0	1.0	1.0	1.0	1.0	1.0	1.0	1.0	1.0	1.0	0.7863954451402115	1.0	1.0	1.0	0.7863954451402115	1.0	0.7863954451402115	1.0	1.0	1.0
simple	0.8216064286890065	0.4044195485791555	1.0	0.0	1.0	1.0	1.0	1.0	1.0	0.42616786888785685	1.0	1.0	1.0	0.7863954451402115	1.0	1.0	1.0	1.0	1.0	1.0	0.7863954451402115	0.7690990303325336	1.0	1.0	0.4520806193667602	1.0	1.0	1.0	1.0	1.0	1.0	0.8216064286890065	0.5796702187150917	1.0	0.674320228744153	1.0
sr	1.0	0.08764094718365988	1.0	1.0	1.0	0.08863375885211866	0.19250128891121807	0.11981148330389588	0.11639192980094325	0.10052576014513052	0.6468909830471344	1.0	0.21344360750438968	0.2040636004479436	0.16883532649161456	0.18598738853255042	0.22011270624239465	1.0	0.09786845902763038	1.0	1.0	0.08407637299282873	0.05117696896446915	0.05528376993696224	0.17050284451793815	0.05064437136643778	0.08360060860519325	1.0	1.0	1.0	0.17882697209257026	1.0	0.6504036062041291	0.14231635592498335	0.7690990303325336	0.06579292454766875
sv	1.0	0.20251466003800828	1.0	1.0	1.0	0.14725870338608502	0.3112881210062917	0.21563082840276124	0.20624055342598188	0.20492892684385594	1.0	1.0	0.26030886206541304	0.2618260274914349	0.25566081468667684	0.22617159400444947	0.22937255214851718	1.0	0.2223330119248407	1.0	1.0	0.20002464417492707	0.20476739872865443	0.20947034550325375	0.2621304996066987	0.19482825611955698	0.1484635835263487	0.7863954451402115	1.0	0.17882697209257026	1.0	1.0	0.5327423686220295	0.19732743171565645	0.7690990303325336	0.1880424906226017
te	1.0	1.0	0.0	1.0	1.0	1.0	1.0	1.0	1.0	1.0	1.0	1.0	1.0	1.0	1.0	1.0	1.0	1.0	1.0	1.0	1.0	1.0	1.0	0.5660160774121898	1.0	1.0	1.0	1.0	0.8216064286890065	1.0	1.0	1.0	1.0	1.0	1.0	1.0
tr	1.0	0.6318568908318568	-1.0	0.7411828468492555	0.7510341748895938	0.5635380039916207	0.6908587525207897	0.5043085658827022	0.5635380039916207	0.5504599981932421	0.6786291688147437	0.7411828468492555	0.7411828468492555	0.5033085674013317	0.4709333167751873	0.550459998193242	0.5690555149823487	0.7455134344225701	0.6908587525207898	0.7584325078215765	1.0	0.4950100983672738	0.6582862383985253	0.5042852663512422	0.7347168825662657	0.550459998193242	0.5679195828845451	0.7863954451402115	0.5796702187150917	0.6504036062041291	0.5327423686220295	1.0	1.0	0.7376607345031153	0.7690990303325336	0.5453715986414258
vi	1.0	0.20051818781942748	1.0	0.0	1.0	0.13759704422823876	0.23790854883077833	0.21568817301557813	0.16446718080531594	0.22357539259365142	0.372124740868752	1.0	0.21953543772621192	0.2520809913056015	0.24447320668007572	0.2340098071903185	0.2204371249239215	1.0	0.2423750653033423	1.0	1.0	0.18030455847919516	0.18244124393647926	0.2083133263900394	0.24406453922359206	0.20087363365903987	0.16333565297985816	1.0	1.0	0.14231635592498335	0.19732743171565645	1.0	0.7376607345031153	1.0	0.7690990303325336	0.1573660918619394
war	1.0	0.7690990303325336	1.0	0.7690990303325336	0.7690990303325336	0.7690990303325336	0.7690990303325336	0.7690990303325336	0.7690990303325336	0.7690990303325336	0.7690990303325336	0.7690990303325336	0.7690990303325336	0.4403547352276071	0.7690990303325336	0.7690990303325336	0.7690990303325336	0.7690990303325336	0.7690990303325336	0.7690990303325336	0.7863954451402115	0.7690990303325336	0.7690990303325336	0.44650355581684187	0.7690990303325336	0.7690990303325336	0.8943504275997423	1.0	0.674320228744153	0.7690990303325336	0.7690990303325336	1.0	0.7690990303325336	0.7690990303325336	1.0	0.7690990303325336
zh	1.0	0.07391985964103748	1.0	1.0	1.0	0.09278439092263588	0.26605588873487446	0.11657873459931366	0.12423810330711599	0.07479187647748649	0.5412128175573119	1.0	0.2527230879575247	0.3429698904275818	0.1912957499402041	0.21209915369611443	0.20867449475623448	1.0	0.0770367506751699	1.0	1.0	0.07286939232737104	0.05993507619646257	0.06322589435100272	0.1966966763111905	0.05850525725204575	0.07077737736865378	1.0	1.0	0.06579292454766875	0.1880424906226017	1.0	0.5453715986414258	0.1573660918619394	0.7690990303325336	1.0
