arz	bs	ceb	ckb	da	de	el	en	es	fr	he	hi	hu	id	it	ja	ko	lv	mk	ml	mr	nl	pl	pt	ro	ru	sh	si	simple	sr	sv	te	tr	vi	war	zh
arz	0.0	0.0	0.0	0.0	0.0	0.0	0.0	0.0	0.0	0.0	0.0	0.0	0.0	0.0	0.0	0.0	0.0	0.0	0.0	0.0	0.0	0.0	0.0	0.0	0.0	0.0	0.0	0.0	0.0	0.0	0.0	0.0	0.0	0.0	0.0	0.0
bs	0.0	1.0	0.0	0.0	0.0	0.0032629266276565662	0.0030909368924616092	0.014730062364398782	0.00011169565168827978	0.05312727953470057	0.0	0.0	0.0020093329673346143	0.0007555135825787456	6.7014396926273e-05	2.2353361945636624e-05	0.0017632602682359684	0.0	0.0	0.0	0.0	0.043627588189458874	0.0022968547376750114	0.0015364718626681552	0.009630785446353839	0.0036042333358817812	0.022760115606936415	0.0	0.0	0.014945827581755167	6.70346122047684e-05	0.0	0.0	0.0012390614109811817	0.0	0.00216941238657387
ceb	0.0	0.0	0.0	0.0	0.0	0.0	0.0	0.0	0.0	0.0	0.0	0.0	0.0	0.0	0.0	0.0	0.0	0.0	0.0	0.0	0.0	0.0	0.0	0.0	0.0	0.0	0.0	0.0	0.0	0.0	0.0	0.0	-1.0	0.0	0.0	0.0
ckb	0.0	0.0	0.0	0.0	0.0	0.0	0.0	0.0	0.0	0.0	0.0	0.0	0.0	0.0	0.0	0.0	0.0	0.0	0.0	0.0	0.0	0.0	0.0	0.0	0.0	0.0	0.0	0.0	0.0	0.0	0.0	0.0	0.0	0.0	0.0	0.0
da	0.0	0.0	0.0	0.0	0.0	0.0	0.0	0.0	0.0	0.0	0.0	0.0	0.0	0.0	0.0	0.0	0.0	0.0	0.0	0.0	0.0	0.0	0.0	0.0	0.0	0.0	0.0	0.0	0.0	0.0	0.0	0.0	0.0	0.0	0.0	0.0
de	0.0	0.0032629266276565662	0.0	0.0	0.0	1.0	0.009837962962962963	0.011723664646002517	0.0	0.0033297937887547357	0.0	0.0	0.008017334777898158	0.0023128071697022263	0.00034106412005457026	0.0	0.0065619873447386925	0.0	0.0	0.0	0.0	0.0030277577012482173	0.0015250544662309367	0.001001001001001001	0.013422205989773558	0.0009473285335354301	0.0023581926138038487	0.0	0.0	0.0030872137895549268	0.0	0.0	0.0	0.005158627805003869	0.0	0.002050113895216401
el	0.0	0.0030909368924616092	0.0	0.0	0.0	0.009837962962962963	1.0	0.026844043235538663	0.0015822784810126582	0.00550734973651888	0.0	0.0	0.06701807228915663	0.0368616841393304	0.003169572107765452	0.0020308692120227455	0.05157980016203079	0.0	0.0	0.0	0.0	0.003189918282957566	0.0026284348864994028	0.0008342602892102336	0.07831871787118234	0.001846911553457829	0.0029571851026443234	0.0	0.0	0.0030365040596739058	0.0028022417934347476	0.0	0.0	0.022222222222222223	0.0	0.0025075225677031092
en	0.0	0.014730062364398782	0.0	0.0	0.0	0.011723664646002517	0.026844043235538663	1.0	0.00180469219971927	0.02426842099177949	0.0	0.0	0.023211660950514454	0.00962664238324444	0.0013361838588989846	0.0002681144848850459	0.02066296273175604	0.0	0.0	0.0	0.0	0.01329689472758946	0.002890869669959046	0.001434630738522954	0.08724643125469572	0.0024283071230342275	0.010824829452556802	0.0	0.0	0.008498066963308775	0.0011375802997858672	0.0	0.0	0.014435612082670907	0.0	0.0039660748062725
es	0.0	0.00011169565168827978	0.0	0.0	0.0	0.0	0.0015822784810126582	0.00180469219971927	1.0	0.0002845104388234816	0.0	0.0	0.005675954592363261	0.0079155672823219	0.0	0.0	0.0012578616352201257	0.0	0.0	0.0	0.0	0.00014392039146346477	0.0005282620179609086	0.0	0.003825920612147298	0.0	9.479571523367143e-05	0.0	0.0	0.0	0.0	0.0	0.0	0.007594936708860759	0.0	0.0
fr	0.0	0.05312727953470057	0.0	0.0	0.0	0.0033297937887547357	0.00550734973651888	0.02426842099177949	0.0002845104388234816	1.0	0.0	0.0	0.004627474967753946	0.0015488006895530027	0.00021675517502980384	0.00012202066216546002	0.0036572343833422317	0.0	0.0	0.0	0.0	0.0397098096582694	0.002616236603407748	0.001886085770084807	0.020777054363928345	0.0030678481612661126	0.028966925985483942	0.0	0.0	0.013486595425571804	0.0001897250342182651	0.0	0.0	0.002533274357634002	0.0	0.004147385546828117
he	0.0	0.0	0.0	0.0	0.0	0.0	0.0	0.0	0.0	0.0	1.0	0.0	0.0	0.0	0.0	0.0	0.0	0.0	0.0	0.0	0.0	0.0	0.0	0.0	0.0	0.0	0.0	0.0	0.0	0.0	0.0	0.0	0.0	0.000925925925925926	0.0	0.0
hi	0.0	0.0	0.0	0.0	0.0	0.0	0.0	0.0	0.0	0.0	0.0	0.0	0.0	0.0	0.0	0.0	0.0	0.0	0.0	0.0	0.0	0.0	0.0	0.0	0.0	0.0	0.0	0.0	0.0	0.0	0.0	0.0	0.0	0.0	0.0	0.0
hu	0.0	0.0020093329673346143	0.0	0.0	0.0	0.008017334777898158	0.06701807228915663	0.023211660950514454	0.005675954592363261	0.004627474967753946	0.0	0.0	1.0	0.06887645286267757	0.005157297576070139	0.0026609898882384245	0.11032863849765258	0.0	0.0	0.0	0.0	0.0025080616266571123	0.002219140083217753	0.0009956853634251576	0.11767955801104972	0.0009313154831199069	0.0027244364371402205	0.0	0.0	0.0021947873799725653	0.006809848088004191	0.0	0.0	0.031150442477876107	0.0	0.004707266843189173
id	0.0	0.0007555135825787456	0.0	0.0	0.0	0.0023128071697022263	0.0368616841393304	0.00962664238324444	0.0079155672823219	0.0015488006895530027	0.0	0.0	0.06887645286267757	1.0	0.001310615989515072	0.0057553956834532375	0.050914483440435	0.0	0.0	0.0	0.0	0.0006511079007874336	0.00041203131437989287	0.000546448087431694	0.03970194434742112	0.0012861736334405145	0.001110596945858399	0.0	0.0	0.0008199165175909362	0.010973936899862825	0.0	0.0	0.0176678445229682	0.0	0.0022471910112359553
it	0.0	6.7014396926273e-05	0.0	0.0	0.0	0.00034106412005457026	0.003169572107765452	0.0013361838588989846	0.0	0.00021675517502980384	0.0	0.0	0.005157297576070139	0.001310615989515072	1.0	0.0	0.0037831021437578815	0.0	0.0	0.0	0.0	0.00010279605263157894	0.0	0.0	0.002507462686567164	0.0007757951900698216	0.0	0.0	0.0	0.0001551470017841905	0.0	0.0	0.0	0.0008382229673093043	0.0	0.0
ja	0.0	2.2353361945636624e-05	0.0	0.0	0.0	0.0	0.0020308692120227455	0.0002681144848850459	0.0	0.00012202066216546002	0.0	0.0	0.0026609898882384245	0.0057553956834532375	0.0	1.0	0.0026263952724885093	0.0	0.0	0.0	0.0	6.175762191983861e-05	0.0	0.0	0.0012017786323759163	0.0	0.0	0.0	0.0	0.0	0.0072992700729927005	0.0	0.0	0.0008865248226950354	0.0	0.0
ko	0.0	0.0017632602682359684	0.0	0.0	0.0	0.0065619873447386925	0.05157980016203079	0.02066296273175604	0.0012578616352201257	0.0036572343833422317	0.0	0.0	0.11032863849765258	0.050914483440435	0.0037831021437578815	0.0026263952724885093	1.0	0.0	0.0	0.0	0.0	0.0018029929683274235	0.0012300123001230013	0.0003762227238525207	0.08542825361512792	0.001524390243902439	0.0029917392275061396	0.0	0.0	0.0016160764474423834	0.004492939666238768	0.0	0.0	0.02158273381294964	0.0	0.003939592908732764
lv	0.0	0.0	0.0	0.0	0.0	0.0	0.0	0.0	0.0	0.0	0.0	0.0	0.0	0.0	0.0	0.0	0.0	0.0	0.0	0.0	0.0	0.0	0.0	0.0	0.0	0.0	0.0	0.0	0.0	0.0	0.0	0.0	0.0	0.0	0.0	0.0
mk	0.0	0.0	0.0	0.0	0.0	0.0	0.0	0.0	0.0	0.0	0.0	0.0	0.0	0.0	0.0	0.0	0.0	0.0	0.0	0.0	0.0	0.0	0.0	0.0	0.0	0.0	0.0	0.0	0.0	0.0	0.0	0.0	0.0	0.0	0.0	0.0
ml	0.0	0.0	0.0	0.0	0.0	0.0	0.0	0.0	0.0	0.0	0.0	0.0	0.0	0.0	0.0	0.0	0.0	0.0	0.0	0.0	0.0	0.0	0.0	0.0	0.0	0.0	0.0	0.0	0.0	0.0	0.0	0.0	0.0	0.0	0.0	0.0
mr	0.0	0.0	0.0	0.0	0.0	0.0	0.0	0.0	0.0	0.0	0.0	0.0	0.0	0.0	0.0	0.0	0.0	0.0	0.0	0.0	0.0	0.0	0.0	0.0	0.0	0.0	0.0	0.0	0.0	0.0	0.0	0.0	0.0	0.0	0.0	0.0
nl	0.0	0.043627588189458874	0.0	0.0	0.0	0.0030277577012482173	0.003189918282957566	0.01329689472758946	0.00014392039146346477	0.0397098096582694	0.0	0.0	0.0025080616266571123	0.0006511079007874336	0.00010279605263157894	6.175762191983861e-05	0.0018029929683274235	0.0	0.0	0.0	0.0	1.0	0.0022112434758356906	0.0016925928911098573	0.009524655708573967	0.003305329844374053	0.020134129697841303	0.0	0.0	0.0129702757629331	4.1138719763040976e-05	0.0	0.0	0.0012513371142551517	0.0	0.0018393010655950739
pl	0.0	0.0022968547376750114	0.0	0.0	0.0	0.0015250544662309367	0.0026284348864994028	0.002890869669959046	0.0005282620179609086	0.002616236603407748	0.0	0.0	0.002219140083217753	0.00041203131437989287	0.0	0.0	0.0012300123001230013	0.0	0.0	0.0	0.0	0.0022112434758356906	1.0	0.0016914749661705007	0.002291521370927568	0.001415762151958471	0.0021571648690292757	0.0	0.0	0.002341114094883977	0.0	0.0	0.0	0.001401541695865452	0.0	0.0017889087656529517
pt	0.0	0.0015364718626681552	0.0	0.0	0.0	0.001001001001001001	0.0008342602892102336	0.001434630738522954	0.0	0.001886085770084807	0.0	0.0	0.0009956853634251576	0.000546448087431694	0.0	0.0	0.0003762227238525207	0.0	0.0	0.0	0.0	0.0016925928911098573	0.0016914749661705007	1.0	0.0013756613756613757	0.0005486968449931413	0.0017624728850325379	0.0	0.0	0.001722158438576349	0.0007880220646178094	0.0	0.0	0.0004424778761061947	0.0	0.0007243752263672582
ro	0.0	0.009630785446353839	0.0	0.0	0.0	0.013422205989773558	0.07831871787118234	0.08724643125469572	0.003825920612147298	0.020777054363928345	0.0	0.0	0.11767955801104972	0.03970194434742112	0.002507462686567164	0.0012017786323759163	0.08542825361512792	0.0	0.0	0.0	0.0	0.009524655708573967	0.002291521370927568	0.0013756613756613757	1.0	0.002238388360380526	0.01042673663858583	0.0	0.0	0.007463043582260919	0.0027558111670261203	0.0	0.0	0.051921780175320294	0.0	0.006326530612244898
ru	0.0	0.0036042333358817812	0.0	0.0	0.0	0.0009473285335354301	0.001846911553457829	0.0024283071230342275	0.0	0.0030678481612661126	0.0	0.0	0.0009313154831199069	0.0012861736334405145	0.0007757951900698216	0.0	0.001524390243902439	0.0	0.0	0.0	0.0	0.003305329844374053	0.001415762151958471	0.0005486968449931413	0.002238388360380526	1.0	0.0023937761819269898	0.0	0.0	0.002762976119992106	0.0	0.0	0.0	0.0014128284826222096	0.0	0.0012373174956693887
sh	0.0	0.022760115606936415	0.0	0.0	0.0	0.0023581926138038487	0.0029571851026443234	0.010824829452556802	9.479571523367143e-05	0.028966925985483942	0.0	0.0	0.0027244364371402205	0.001110596945858399	0.0	0.0	0.0029917392275061396	0.0	0.0	0.0	0.0	0.020134129697841303	0.0021571648690292757	0.0017624728850325379	0.01042673663858583	0.0023937761819269898	1.0	0.0	0.0	0.01159515819750719	9.491718475630013e-05	0.0	0.0	0.001861690051309994	0.0	0.002888760499533354
si	0.0	0.0	0.0	0.0	0.0	0.0	0.0	0.0	0.0	0.0	0.0	0.0	0.0	0.0	0.0	0.0	0.0	0.0	0.0	0.0	0.0	0.0	0.0	0.0	0.0	0.0	0.0	0.0	0.0	0.0	0.0	0.0	0.0	0.0	0.0	0.0
simple	0.0	0.0	0.0	0.0	0.0	0.0	0.0	0.0	0.0	0.0	0.0	0.0	0.0	0.0	0.0	0.0	0.0	0.0	0.0	0.0	0.0	0.0	0.0	0.0	0.0	0.0	0.0	0.0	0.0	0.0	0.0	0.0	0.0	0.0	0.0	0.0
sr	0.0	0.014945827581755167	0.0	0.0	0.0	0.0030872137895549268	0.0030365040596739058	0.008498066963308775	0.0	0.013486595425571804	0.0	0.0	0.0021947873799725653	0.0008199165175909362	0.0001551470017841905	0.0	0.0016160764474423834	0.0	0.0	0.0	0.0	0.0129702757629331	0.002341114094883977	0.001722158438576349	0.007463043582260919	0.002762976119992106	0.01159515819750719	0.0	0.0	1.0	0.0	0.0	0.0	0.00115598583917347	0.0	0.0020237264480111655
sv	0.0	6.70346122047684e-05	0.0	0.0	0.0	0.0	0.0028022417934347476	0.0011375802997858672	0.0	0.0001897250342182651	0.0	0.0	0.006809848088004191	0.010973936899862825	0.0	0.0072992700729927005	0.004492939666238768	0.0	0.0	0.0	0.0	4.1138719763040976e-05	0.0	0.0007880220646178094	0.0027558111670261203	0.0	9.491718475630013e-05	0.0	0.0	0.0	1.0	0.0	0.0	0.0017167381974248926	0.0	0.0
te	0.0	0.0	0.0	0.0	0.0	0.0	0.0	0.0	0.0	0.0	0.0	0.0	0.0	0.0	0.0	0.0	0.0	0.0	0.0	0.0	0.0	0.0	0.0	0.0	0.0	0.0	0.0	0.0	0.0	0.0	0.0	0.0	0.0	0.0	0.0	0.0
tr	0.0	0.0	-1.0	0.0	0.0	0.0	0.0	0.0	0.0	0.0	0.0	0.0	0.0	0.0	0.0	0.0	0.0	0.0	0.0	0.0	0.0	0.0	0.0	0.0	0.0	0.0	0.0	0.0	0.0	0.0	0.0	0.0	1.0	0.0	0.0	0.0
vi	0.0	0.0012390614109811817	0.0	0.0	0.0	0.005158627805003869	0.022222222222222223	0.014435612082670907	0.007594936708860759	0.002533274357634002	0.000925925925925926	0.0	0.031150442477876107	0.0176678445229682	0.0008382229673093043	0.0008865248226950354	0.02158273381294964	0.0	0.0	0.0	0.0	0.0012513371142551517	0.001401541695865452	0.0004424778761061947	0.051921780175320294	0.0014128284826222096	0.001861690051309994	0.0	0.0	0.00115598583917347	0.0017167381974248926	0.0	0.0	1.0	0.0	0.0018832391713747645
war	0.0	0.0	0.0	0.0	0.0	0.0	0.0	0.0	0.0	0.0	0.0	0.0	0.0	0.0	0.0	0.0	0.0	0.0	0.0	0.0	0.0	0.0	0.0	0.0	0.0	0.0	0.0	0.0	0.0	0.0	0.0	0.0	0.0	0.0	1.0	0.0
zh	0.0	0.00216941238657387	0.0	0.0	0.0	0.002050113895216401	0.0025075225677031092	0.0039660748062725	0.0	0.004147385546828117	0.0	0.0	0.004707266843189173	0.0022471910112359553	0.0	0.0	0.003939592908732764	0.0	0.0	0.0	0.0	0.0018393010655950739	0.0017889087656529517	0.0007243752263672582	0.006326530612244898	0.0012373174956693887	0.002888760499533354	0.0	0.0	0.0020237264480111655	0.0	0.0	0.0	0.0018832391713747645	0.0	1.0
