arz	bs	ceb	ckb	da	de	el	en	es	fr	he	hi	hu	id	it	ja	ko	lv	mk	ml	mr	nl	pl	pt	ro	ru	sh	si	simple	sr	sv	te	tr	vi	war	zh
arz	1.0	0.08568082378920507	0.4142135623730951	1.0	0.13507810593582123	0.0	0.0	0.0	0.0	0.0	1.0	1.0	0.06700949142320367	0.2240092377397959	0.0	0.0	0.0	0.2612038749637414	1.0	1.0	1.0	0.0	0.0	0.0	0.24336073281110826	0.0	0.2857142857142857	1.0	0.1409155867112616	0.585786437626905	0.0	1.0	0.585786437626905	0.4364916731037085	0.5	0.0
bs	0.08568082378920507	1.0	0.08450755165313717	0.12556198186509598	0.039405204423992646	0.0	0.0	0.0	0.0	0.0	0.046764335610710514	0.05792582909787702	0.05249181977146712	0.044005854901871144	0.0	0.0	0.0	0.0401632485080884	0.047727130343455354	0.07510850302086684	0.05733680987783858	0.0	0.0	0.0	0.038925661503349814	0.0	0.04227157238056234	0.26427884169111276	0.04220677120201957	0.04532696669453213	0.0	0.2958163163244893	0.10927554679950735	0.0452183018151226	0.08274302324375186	0.0
ceb	0.4142135623730951	0.08450755165313717	1.0	0.4142135623730951	0.13431517213101124	0.0	0.0	0.0	0.0	0.0	0.2240092377397959	0.23669181907653403	0.06938916939291394	0.17011071785351697	0.0	0.0	0.0	0.19017462136453403	0.2553967929896867	0.28989794855663564	0.30216947925196225	0.0	0.0	0.0	0.17808829082195718	0.0	0.17751857138624175	0.39564392373896007	0.1631759905922227	0.2240092377397959	0.0	0.39564392373896007	-1.0	0.20467176209539642	0.22797188031364718	0.0
ckb	1.0	0.12556198186509598	0.4142135623730951	1.0	0.17706699104120874	0.0	0.0	0.0	0.0	0.0	1.0	1.0	0.04245495121587436	0.19404996501286384	0.0	0.0	0.0	0.28436465220442186	1.0	1.0	1.0	0.0	0.0	0.0	0.18464218557642828	0.0	0.20521309615767264	1.0	0.18660549686337075	0.585786437626905	0.0	1.0	1.0	0.44948974278317805	0.4364916731037085	0.0
da	0.13507810593582123	0.039405204423992646	0.13431517213101124	0.17706699104120874	1.0	0.0	0.0	0.0	0.0	0.0	0.028517912261004287	0.04099922779845664	0.026773529229933046	0.01780839786485827	0.0	0.0	0.0	0.020519331005487952	0.019671591882316933	0.06460963018544144	0.06841452615620512	0.0	0.0	0.0	0.02499416999146985	0.0	0.03026488796097162	0.34833147735478825	0.02604234918700019	0.02389169181710394	0.0	0.28172904669025317	0.22772999919644132	0.019140704919162848	0.17337186559434015	0.0
de	0.0	0.0	0.0	0.0	0.0	1.0	1.0	1.0	1.0	1.0	0.0	0.0	0.0	0.0	1.0	1.0	1.0	0.0	0.0	0.0	0.0	0.0	0.0	1.0	0.0	1.0	0.0	0.0	0.0	0.0	1.0	0.0	0.2025519956555797	0.0	0.0	1.0
el	0.0	0.0	0.0	0.0	0.0	1.0	1.0	1.0	1.0	0.0	0.0	0.0	0.0	0.0	0.0	1.0	1.0	0.0	0.0	0.0	0.0	0.0	0.0	0.0	0.0	1.0	0.0	0.0	0.0	0.0	0.0	0.0	0.585786437626905	0.0	0.0	1.0
en	0.0	0.0	0.0	0.0	0.0	1.0	1.0	1.0	1.0	1.0	0.0	0.0	0.0	0.0	1.0	1.0	1.0	0.0	0.0	0.0	0.0	0.0	0.0	1.0	0.0	1.0	0.0	0.0	0.0	0.0	1.0	0.0	0.08439187003879255	0.0	0.0	1.0
es	0.0	0.0	0.0	0.0	0.0	1.0	1.0	1.0	1.0	1.0	0.0	0.0	0.0	0.0	1.0	1.0	1.0	0.0	0.0	0.0	0.0	0.0	0.0	1.0	0.0	1.0	0.0	0.0	0.0	0.0	1.0	0.0	0.2553967929896867	0.0	0.0	1.0
fr	0.0	0.0	0.0	0.0	0.0	1.0	0.0	1.0	1.0	1.0	0.0	0.0	0.0	0.0	1.0	0.0	0.0	0.0	0.0	0.0	0.0	0.0	0.0	1.0	0.0	0.0	0.0	0.0	0.0	0.0	1.0	0.0	0.16138845605041385	0.0	0.0	1.0
he	1.0	0.046764335610710514	0.2240092377397959	1.0	0.028517912261004287	0.0	0.0	0.0	0.0	0.0	1.0	1.0	0.016850957561933385	0.0400090940525225	0.0	0.0	0.0	0.042630530497222444	1.0	1.0	1.0	0.0	0.0	0.0	0.021761569643408578	0.0	0.03925947547022959	1.0	0.04089408995467962	0.5	0.0	1.0	1.0	0.3333333333333333	0.39564392373896007	0.0
hi	1.0	0.05792582909787702	0.23669181907653403	1.0	0.04099922779845664	0.0	0.0	0.0	0.0	0.0	1.0	1.0	0.022810096831736276	0.022040640394327134	0.0	0.0	0.0	0.07748405612639898	1.0	1.0	1.0	0.0	0.0	0.0	0.04569700237286133	0.0	0.07616430775506042	1.0	0.03212342902527796	0.585786437626905	0.0	1.0	0.585786437626905	0.28989794855663564	0.39564392373896007	0.0
hu	0.06700949142320367	0.05249181977146712	0.06938916939291394	0.04245495121587436	0.026773529229933046	0.0	0.0	0.0	0.0	0.0	0.016850957561933385	0.022810096831736276	1.0	0.015221152968507706	0.0	0.0	0.0	0.016580323244765764	0.014218414447566973	0.023713328040423746	0.0268661636556443	0.0	0.0	0.0	0.027648387826436773	0.0	0.021610557952050122	0.14026123400722604	0.023476834832046215	0.018754212941894922	0.0	0.2187841884486319	1.0	0.01569420339246431	0.16413682272157978	0.0
id	0.2240092377397959	0.044005854901871144	0.17011071785351697	0.19404996501286384	0.01780839786485827	0.0	0.0	0.0	0.0	0.0	0.0400090940525225	0.022040640394327134	0.015221152968507706	1.0	0.0	0.0	0.0	0.018954256640287014	0.016164275588510007	0.06296088918883092	0.08821437312575531	0.0	0.0	0.0	0.01855784017396863	0.0	0.028390064193078112	0.3660254037844386	0.01609865279992849	0.03924317751358292	0.0	0.3430703308172536	0.1991696127120112	0.01331889055869875	0.26533119314590375	0.0
it	0.0	0.0	0.0	0.0	0.0	1.0	0.0	1.0	1.0	1.0	0.0	0.0	0.0	0.0	1.0	0.0	0.0	0.0	0.0	0.0	0.0	0.0	0.0	1.0	0.0	0.0	0.0	0.0	0.0	0.0	1.0	0.0	0.17352916165899013	0.0	0.0	1.0
ja	0.0	0.0	0.0	0.0	0.0	1.0	1.0	1.0	1.0	0.0	0.0	0.0	0.0	0.0	0.0	1.0	1.0	0.0	0.0	0.0	0.0	0.0	0.0	0.0	0.0	1.0	0.0	0.0	0.0	0.0	0.0	0.0	0.38742588672279304	0.0	0.0	1.0
ko	0.0	0.0	0.0	0.0	0.0	1.0	1.0	1.0	1.0	0.0	0.0	0.0	0.0	0.0	0.0	1.0	1.0	0.0	0.0	0.0	0.0	0.0	0.0	0.0	0.0	1.0	0.0	0.0	0.0	0.0	0.0	0.0	0.4142135623730951	0.0	0.0	1.0
lv	0.2612038749637414	0.0401632485080884	0.19017462136453403	0.28436465220442186	0.020519331005487952	0.0	0.0	0.0	0.0	0.0	0.042630530497222444	0.07748405612639898	0.016580323244765764	0.018954256640287014	0.0	0.0	0.0	1.0	0.037548797615781386	0.0932419690083512	0.07639088324882304	0.0	0.0	0.0	0.020171948972570623	0.0	0.02879966434831134	0.44948974278317805	0.01921286387551362	0.06909802540336554	0.0	0.39564392373896007	0.28172904669025317	0.02597941239849673	0.353889367864523	0.0
mk	1.0	0.047727130343455354	0.2553967929896867	1.0	0.019671591882316933	0.0	0.0	0.0	0.0	0.0	1.0	1.0	0.014218414447566973	0.016164275588510007	0.0	0.0	0.0	0.037548797615781386	1.0	1.0	1.0	0.0	0.0	0.0	0.017615538310343012	0.0	0.03511152734313323	1.0	0.021891064504237612	0.4142135623730951	0.0	1.0	0.585786437626905	0.23727324146403408	0.4364916731037085	0.0
ml	1.0	0.07510850302086684	0.28989794855663564	1.0	0.06460963018544144	0.0	0.0	0.0	0.0	0.0	1.0	1.0	0.023713328040423746	0.06296088918883092	0.0	0.0	0.0	0.0932419690083512	1.0	1.0	1.0	0.0	0.0	0.0	0.03472453542057457	0.0	0.07445112096611807	1.0	0.05091615303654562	0.5	0.0	1.0	0.44948974278317805	0.28436465220442186	0.39564392373896007	0.0
mr	1.0	0.05733680987783858	0.30216947925196225	1.0	0.06841452615620512	0.0	0.0	0.0	0.0	0.0	1.0	1.0	0.0268661636556443	0.08821437312575531	0.0	0.0	0.0	0.07639088324882304	1.0	1.0	1.0	0.0	0.0	0.0	0.04735207316094293	0.0	0.07269876943187802	1.0	0.04512373635897983	0.5	0.0	1.0	1.0	0.2958163163244893	0.39564392373896007	0.0
nl	0.0	0.0	0.0	0.0	0.0	0.0	0.0	0.0	0.0	0.0	0.0	0.0	0.0	0.0	0.0	0.0	0.0	0.0	0.0	0.0	0.0	1.0	0.0	0.0	0.0	0.0	0.0	0.0	0.0	0.0	0.0	0.0	0.06664118383455092	0.0	0.0	0.0
pl	0.0	0.0	0.0	0.0	0.0	0.0	0.0	0.0	0.0	0.0	0.0	0.0	0.0	0.0	0.0	0.0	0.0	0.0	0.0	0.0	0.0	0.0	0.0	0.0	0.0	0.0	0.0	0.0	0.0	0.0	0.0	0.0	0.2449655295864104	0.0	0.0	0.0
pt	0.0	0.0	0.0	0.0	0.0	1.0	0.0	1.0	1.0	1.0	0.0	0.0	0.0	0.0	1.0	0.0	0.0	0.0	0.0	0.0	0.0	0.0	0.0	1.0	0.0	0.0	0.0	0.0	0.0	0.0	1.0	0.0	0.22753715570049485	0.0	0.0	1.0
ro	0.24336073281110826	0.038925661503349814	0.17808829082195718	0.18464218557642828	0.02499416999146985	0.0	0.0	0.0	0.0	0.0	0.021761569643408578	0.04569700237286133	0.027648387826436773	0.01855784017396863	0.0	0.0	0.0	0.020171948972570623	0.017615538310343012	0.03472453542057457	0.04735207316094293	0.0	0.0	0.0	1.0	0.0	0.02482954627127022	0.28436465220442186	0.022761973180804272	0.021678935252929892	0.0	0.32449979983983984	0.5	0.018839208669718305	0.25355482027512377	0.0
ru	0.0	0.0	0.0	0.0	0.0	1.0	1.0	1.0	1.0	0.0	0.0	0.0	0.0	0.0	0.0	1.0	1.0	0.0	0.0	0.0	0.0	0.0	0.0	0.0	0.0	1.0	0.0	0.0	0.0	0.0	0.0	0.0	0.23371479611805132	0.0	0.0	1.0
sh	0.2857142857142857	0.04227157238056234	0.17751857138624175	0.20521309615767264	0.03026488796097162	0.0	0.0	0.0	0.0	0.0	0.03925947547022959	0.07616430775506042	0.021610557952050122	0.028390064193078112	0.0	0.0	0.0	0.02879966434831134	0.03511152734313323	0.07445112096611807	0.07269876943187802	0.0	0.0	0.0	0.02482954627127022	0.0	1.0	0.585786437626905	0.027961850297102568	0.057500661224502495	0.0	0.44948974278317805	0.44948974278317805	0.031147822579379064	0.28989794855663564	0.0
si	1.0	0.26427884169111276	0.39564392373896007	1.0	0.34833147735478825	0.0	0.0	0.0	0.0	0.0	1.0	1.0	0.14026123400722604	0.3660254037844386	0.0	0.0	0.0	0.44948974278317805	1.0	1.0	1.0	0.0	0.0	0.0	0.28436465220442186	0.0	0.585786437626905	1.0	0.5	1.0	0.0	1.0	1.0	1.0	0.5	0.0
simple	0.1409155867112616	0.04220677120201957	0.1631759905922227	0.18660549686337075	0.02604234918700019	0.0	0.0	0.0	0.0	0.0	0.04089408995467962	0.03212342902527796	0.023476834832046215	0.01609865279992849	0.0	0.0	0.0	0.01921286387551362	0.021891064504237612	0.05091615303654562	0.04512373635897983	0.0	0.0	0.0	0.022761973180804272	0.0	0.027961850297102568	0.5	1.0	0.03537757818801606	0.0	0.4142135623730951	0.21694123116580796	0.01942359961890497	0.26968623182294527	0.0
sr	0.585786437626905	0.04532696669453213	0.2240092377397959	0.585786437626905	0.02389169181710394	0.0	0.0	0.0	0.0	0.0	0.5	0.585786437626905	0.018754212941894922	0.03924317751358292	0.0	0.0	0.0	0.06909802540336554	0.4142135623730951	0.5	0.5	0.0	0.0	0.0	0.021678935252929892	0.0	0.057500661224502495	1.0	0.03537757818801606	1.0	0.0	1.0	0.4142135623730951	0.24179033438163736	0.39564392373896007	0.0
sv	0.0	0.0	0.0	0.0	0.0	1.0	0.0	1.0	1.0	1.0	0.0	0.0	0.0	0.0	1.0	0.0	0.0	0.0	0.0	0.0	0.0	0.0	0.0	1.0	0.0	0.0	0.0	0.0	0.0	0.0	1.0	0.0	0.3288130902060995	0.0	0.0	1.0
te	1.0	0.2958163163244893	0.39564392373896007	1.0	0.28172904669025317	0.0	0.0	0.0	0.0	0.0	1.0	1.0	0.2187841884486319	0.3430703308172536	0.0	0.0	0.0	0.39564392373896007	1.0	1.0	1.0	0.0	0.0	0.0	0.32449979983983984	0.0	0.44948974278317805	1.0	0.4142135623730951	1.0	0.0	1.0	0.585786437626905	0.585786437626905	0.585786437626905	0.0
tr	0.585786437626905	0.10927554679950735	-1.0	1.0	0.22772999919644132	0.2025519956555797	0.585786437626905	0.08439187003879255	0.2553967929896867	0.16138845605041385	1.0	0.585786437626905	1.0	0.1991696127120112	0.17352916165899013	0.38742588672279304	0.4142135623730951	0.28172904669025317	0.585786437626905	0.44948974278317805	1.0	0.06664118383455092	0.2449655295864104	0.22753715570049485	0.5	0.23371479611805132	0.44948974278317805	1.0	0.21694123116580796	0.4142135623730951	0.3288130902060995	0.585786437626905	1.0	0.38742588672279304	1.0	0.3090169943749474
vi	0.4364916731037085	0.0452183018151226	0.20467176209539642	0.44948974278317805	0.019140704919162848	0.0	0.0	0.0	0.0	0.0	0.3333333333333333	0.28989794855663564	0.01569420339246431	0.01331889055869875	0.0	0.0	0.0	0.02597941239849673	0.23727324146403408	0.28436465220442186	0.2958163163244893	0.0	0.0	0.0	0.018839208669718305	0.0	0.031147822579379064	1.0	0.01942359961890497	0.24179033438163736	0.0	0.585786437626905	0.38742588672279304	1.0	0.39564392373896007	0.0
war	0.5	0.08274302324375186	0.22797188031364718	0.4364916731037085	0.17337186559434015	0.0	0.0	0.0	0.0	0.0	0.39564392373896007	0.39564392373896007	0.16413682272157978	0.26533119314590375	0.0	0.0	0.0	0.353889367864523	0.4364916731037085	0.39564392373896007	0.39564392373896007	0.0	0.0	0.0	0.25355482027512377	0.0	0.28989794855663564	0.5	0.26968623182294527	0.39564392373896007	0.0	0.585786437626905	1.0	0.39564392373896007	1.0	0.0
zh	0.0	0.0	0.0	0.0	0.0	1.0	1.0	1.0	1.0	1.0	0.0	0.0	0.0	0.0	1.0	1.0	1.0	0.0	0.0	0.0	0.0	0.0	0.0	1.0	0.0	1.0	0.0	0.0	0.0	0.0	1.0	0.0	0.3090169943749474	0.0	0.0	1.0
