arz	bs	ceb	ckb	da	de	el	en	es	fr	he	hi	hu	id	it	ja	ko	lv	mk	ml	mr	nl	pl	pt	ro	ru	sh	si	simple	sr	sv	te	vi	war	zh
arz	1.0	0.5201304202501007	0.0	1.0	0.3955713660503491	0.5156725572604315	0.4527767067247207	0.3495084350643504	0.5013687713727393	0.5368444329613179	0.2652605517616387	1.0	0.3126635138136908	0.31661379647500093	0.44551748321875273	0.3000836295949352	0.395450547505581	0.8360489565611567	0.4193354456786311	1.0	0.7827462235587062	0.3643395799784483	0.45572836308326153	0.3195533461491945	0.5611938662991056	0.39287141303806655	0.7690990303325336	1.0	0.510021272145573	0.38069269250178533	0.5204757706063432	0.0	0.6219715706417411	1.0	0.4628492743169434
bs	0.5201304202501007	1.0	0.0	0.587055418139538	0.6483618101972173	0.34311935366292157	1.0	0.24580861877482624	0.4669292111543612	0.4639555430974139	0.4441004005199545	0.2996107605985621	0.369466177843199	0.5960419932680375	0.2946288393797541	0.6487871090048526	0.33532527061856476	1.0	0.6282652521382069	0.7584325078215765	1.0	0.6568318202362041	0.43939807808982084	0.41941890144249155	0.6393867611309196	0.3283408044457481	0.6492665986419109	1.0	0.7376607345031152	0.7221793916855703	0.4420904340774599	1.0	0.381895473765501	1.0	0.28727986457522725
ceb	0.0	0.0	1.0	0.0	1.0	1.0	1.0	1.0	1.0	1.0	1.0	1.0	1.0	1.0	1.0	1.0	1.0	1.0	1.0	0.0	1.0	0.5660160774121898	1.0	1.0	1.0	1.0	1.0	0.0	1.0	1.0	1.0	0.0	1.0	0.0	1.0
ckb	1.0	0.587055418139538	0.0	1.0	0.4386135755738321	0.41128614734501784	0.562425922522038	0.32926494527685635	0.39982357436152766	0.34804263216943454	0.3873765386694758	0.3102367084533129	0.38838626120572367	0.45833294668446495	0.4190813354002649	0.40585313270253587	0.39046277868410123	0.6067253066550435	0.4240386577016376	0.8806414284346811	1.0	0.4155794657337053	0.4330467602171045	0.3864747617822029	0.41672699687345416	0.3253029665016074	0.6704675947063355	0.7690990303325336	0.6841174893561722	0.37553984757826964	0.40392635563969426	1.0	0.4329441420945272	1.0	0.3182496702117377
da	0.3955713660503491	0.6483618101972173	1.0	0.4386135755738321	1.0	0.3531870332638196	0.4733156658907248	0.2663133235692349	0.3168094119861441	0.30506608076127734	0.3313872215225688	0.408349001226452	0.342595403202559	0.4637510941822235	0.29333761674192305	0.31349595897298405	0.33712028528127036	0.4942183621512208	0.5118567380611512	0.34272031014857335	1.0	0.35732912023802765	0.3422013304269871	0.2751339607239674	0.40847283464725076	0.3111069864995663	0.6994017365373274	0.7584325078215765	0.3821958253291727	0.4447527865767246	0.3527741556990009	1.0	0.2801969356379092	1.0	0.2757466937427877
de	0.5156725572604315	0.34311935366292157	1.0	0.41128614734501784	0.3531870332638196	1.0	0.230044566826626	0.05687893768928331	0.10206291474229981	0.06843241454201812	0.10287787596943726	0.24657142359542694	0.1497651377910486	0.2719700040918513	0.08252073263668022	0.08875866867651779	0.08660902112766841	0.6750254037056732	0.4509504701462783	0.49109860559781654	1.0	0.14662623747216744	0.1064006996383758	0.0975216766339349	0.2481794626778407	0.07826337470188047	0.5274100076830281	0.74551343442257	0.3757674302172396	0.23987667445613386	0.17502165192786653	1.0	0.14751912468523762	1.0	0.07984678052859294
el	0.4527767067247207	1.0	1.0	0.562425922522038	0.4733156658907248	0.230044566826626	1.0	0.23516368915777527	0.21416799830882707	0.22177837351024537	0.2999962029507804	0.35786865367128057	0.3526671703966541	0.40288152232563657	0.21341201837967005	0.22083469075030898	0.2783428410383285	0.6005600352739165	0.6005174137603508	0.35203865922343347	1.0	0.3623379120944256	0.3775140645245784	0.22441020977441117	0.4500834224624618	0.24003601815722653	0.6608521442956614	0.7690990303325336	0.47851192634699474	0.3956023042824864	0.3827608009122307	1.0	0.2327131270399642	1.0	0.268537085228076
en	0.3495084350643504	0.24580861877482624	1.0	0.32926494527685635	0.2663133235692349	0.05687893768928331	0.23516368915777527	1.0	0.06711433081105418	0.045492268824537635	0.07890257477662192	0.18682732606181923	0.11056420409021253	0.23674906280703467	0.06570349123932409	0.058450779785476	0.07192635605679981	0.3446087450090203	0.2911103837405877	0.3213820358418193	1.0	0.10206428834112286	0.08904903138897614	0.06864902066749749	0.18096137107583035	0.05313440286726457	0.45653597555136	0.41102862093085446	0.3520846590303361	0.18145334997703208	0.08484535104422393	1.0	0.12005664490173046	1.0	0.06576662357112922
es	0.5013687713727393	0.4669292111543612	1.0	0.39982357436152766	0.3168094119861441	0.10206291474229981	0.21416799830882707	0.06711433081105418	1.0	0.07615165296668877	0.10737900878804088	0.22086687345496264	0.153345786540828	0.27250876393263396	0.08134123671530294	0.08640418925399208	0.09848853600837722	0.5143119404247949	0.4402235288009054	0.49109860559781654	1.0	0.14068304555420677	0.11724367525084713	0.09183466267529426	0.21377083418629092	0.08115814121328857	0.4278947426439522	0.74551343442257	0.33845128974465977	0.21869928828908608	0.16997531129810334	1.0	0.15776257989420733	1.0	0.07502611823727359
fr	0.5368444329613179	0.4639555430974139	1.0	0.34804263216943454	0.30506608076127734	0.06843241454201812	0.22177837351024537	0.045492268824537635	0.07615165296668877	1.0	0.0845409179726197	0.23237439920350111	0.12163627924577071	0.2532884889897891	0.0704589294717195	0.06617792605249435	0.07206309152695974	0.5105649002698678	0.38056428346712556	0.4341379178004352	1.0	0.10795607023211043	0.09251157572161964	0.0804507787684929	0.20012877160225925	0.06392100090114544	0.4325991697067868	0.74551343442257	0.343283817116814	0.1847419024973985	0.11974956509161908	1.0	0.13042656332296335	1.0	0.0676915859995293
he	0.2652605517616387	0.4441004005199545	1.0	0.3873765386694758	0.3313872215225688	0.10287787596943726	0.2999962029507804	0.07890257477662192	0.10737900878804088	0.0845409179726197	1.0	0.2277617948358528	0.13965661709182553	0.2769004665680472	0.08257768701317121	0.10002893945839557	0.10418377681962032	0.4240046152402368	0.45060971944211736	0.45132974694286476	1.0	0.13585322851149484	0.0982402917204409	0.10889100750046773	0.27222692066161236	0.09306837157211845	0.4955088938138267	0.74551343442257	0.3294987204038787	0.2058407648831736	0.15565984738455396	1.0	0.16401323099610463	1.0	0.07773460606881542
hi	1.0	0.2996107605985621	1.0	0.3102367084533129	0.408349001226452	0.24657142359542694	0.35786865367128057	0.18682732606181923	0.22086687345496264	0.23237439920350111	0.2277617948358528	1.0	0.2155177182428024	0.26117690478959804	0.20392161617664173	0.21264417680676315	0.1977725215206336	0.4834834674771597	0.5183613682017265	0.4408477085636943	1.0	0.2781387440492857	0.2202534474064196	0.2035307298195699	0.3965363096727459	0.1986538201931719	0.5552677152597765	0.660489913725291	0.25014136168625406	0.2888548205685936	0.2686392002639317	1.0	0.22490635306200416	1.0	0.14748216121938207
hu	0.3126635138136908	0.369466177843199	1.0	0.38838626120572367	0.342595403202559	0.1497651377910486	0.3526671703966541	0.11056420409021253	0.153345786540828	0.12163627924577071	0.13965661709182553	0.2155177182428024	1.0	0.303533117209272	0.1250032066273609	0.13570750814957427	0.1333614394724728	0.5754045804148814	0.43989643674168044	0.5006592005306254	1.0	0.19138429991221145	0.1804447370386134	0.16087415126112617	0.2787121873899318	0.13087871271916987	0.5473050324070938	0.7510341748895937	0.41680700320649794	0.25400425424747397	0.20353733113162498	1.0	0.2067294611552111	1.0	0.10709216965351352
id	0.31661379647500093	0.5960419932680375	1.0	0.45833294668446495	0.4637510941822235	0.2719700040918513	0.40288152232563657	0.23674906280703467	0.27250876393263396	0.2532884889897891	0.2769004665680472	0.26117690478959804	0.303533117209272	1.0	0.25292046767984017	0.27569174443834255	0.2551804330404492	0.4822474252056565	0.466101905657944	0.6097344208045403	1.0	0.29305264626057004	0.2782647183215399	0.2528314651440034	0.40594607791406534	0.2690571144394535	0.5512644239341697	0.6640237664404941	0.3502318578087094	0.2986836096609381	0.32439196990128333	1.0	0.32454290741525776	1.0	0.25264273707981927
it	0.44551748321875273	0.2946288393797541	1.0	0.4190813354002649	0.29333761674192305	0.08252073263668022	0.21341201837967005	0.06570349123932409	0.08134123671530294	0.0704589294717195	0.08257768701317121	0.20392161617664173	0.1250032066273609	0.25292046767984017	1.0	0.07573202043995542	0.08554812965194378	0.48925507348874353	0.422229025591579	0.49109860559781654	1.0	0.10611531130470715	0.09632965785649748	0.08550183583331182	0.19110871862641948	0.07478798115656045	0.39781146600340256	0.6590675637199678	0.2664757252411039	0.18116575264207835	0.12277629684428493	1.0	0.14072449871966505	1.0	0.07149343185624005
ja	0.3000836295949352	0.6487871090048526	1.0	0.40585313270253587	0.31349595897298405	0.08875866867651779	0.22083469075030898	0.058450779785476	0.08640418925399208	0.06617792605249435	0.10002893945839557	0.21264417680676315	0.13570750814957427	0.27569174443834255	0.07573202043995542	1.0	0.08584838934846344	0.48423951987054364	0.46119673739232975	0.5261407873974491	1.0	0.1312490285019934	0.11598427490687024	0.08979261315523457	0.20363895710560753	0.07784474915637896	0.4929847011763972	0.74551343442257	0.3204263379982218	0.2094362596746053	0.1476841645603921	1.0	0.15791538676709468	1.0	0.07587582695227883
ko	0.395450547505581	0.33532527061856476	1.0	0.39046277868410123	0.33712028528127036	0.08660902112766841	0.2783428410383285	0.07192635605679981	0.09848853600837722	0.07206309152695974	0.10418377681962032	0.1977725215206336	0.1333614394724728	0.2551804330404492	0.08554812965194378	0.08584838934846344	1.0	0.4974578106613678	0.46812933910336385	0.4486665678161984	1.0	0.11796782802065169	0.11138712672760072	0.09177613588912667	0.1918727045187614	0.08998800608518477	0.5443023093063569	0.74551343442257	0.32053633999958847	0.1993134221424789	0.15191071202737	1.0	0.15468364260169531	1.0	0.0785672724938909
lv	0.8360489565611567	1.0	1.0	0.6067253066550435	0.4942183621512208	0.6750254037056732	0.6005600352739165	0.3446087450090203	0.5143119404247949	0.5105649002698678	0.4240046152402368	0.4834834674771597	0.5754045804148814	0.4822474252056565	0.48925507348874353	0.48423951987054364	0.4974578106613678	1.0	0.74551343442257	0.7411828468492556	1.0	0.649736767154581	0.4858972112177443	0.5598920551808776	0.6411621673688593	0.464594827495564	0.6380732827477675	0.7510341748895937	0.6031722582632506	0.5493890430659372	0.5784261990869722	1.0	0.5297952908850742	1.0	0.35637412846567534
mk	0.4193354456786311	0.6282652521382069	1.0	0.4240386577016376	0.5118567380611512	0.4509504701462783	0.6005174137603508	0.2911103837405877	0.4402235288009054	0.38056428346712556	0.45060971944211736	0.5183613682017265	0.43989643674168044	0.466101905657944	0.422229025591579	0.46119673739232975	0.46812933910336385	0.74551343442257	1.0	1.0	1.0	0.50152227489741	0.44452486637403543	0.48514729215199964	0.45386900130312585	0.4400395098673621	0.5310223436127012	1.0	0.6978955566455195	0.45878847349517404	0.4153309640940679	1.0	0.52041355504907	1.0	0.3133679599995326
ml	1.0	0.7584325078215765	0.0	0.8806414284346811	0.34272031014857335	0.49109860559781654	0.35203865922343347	0.3213820358418193	0.49109860559781654	0.4341379178004352	0.45132974694286476	0.4408477085636943	0.5006592005306254	0.6097344208045403	0.49109860559781654	0.5261407873974491	0.4486665678161984	0.7411828468492556	1.0	1.0	1.0	0.49109860559781654	0.49477106380133956	0.5347631244162557	0.6245527025105756	0.3942420460532162	0.7584325078215765	0.7584325078215765	0.41360553468474	0.5636674052845303	0.4307201874492326	1.0	0.5576103992186663	1.0	0.5168277134023678
mr	0.7827462235587062	1.0	1.0	1.0	1.0	1.0	1.0	1.0	1.0	1.0	1.0	1.0	1.0	1.0	1.0	1.0	1.0	1.0	1.0	1.0	1.0	1.0	1.0	1.0	1.0	1.0	1.0	1.0	1.0	1.0	1.0	1.0	1.0	1.0	1.0
nl	0.3643395799784483	0.6568318202362041	0.5660160774121898	0.4155794657337053	0.35732912023802765	0.14662623747216744	0.3623379120944256	0.10206428834112286	0.14068304555420677	0.10795607023211043	0.13585322851149484	0.2781387440492857	0.19138429991221145	0.29305264626057004	0.10611531130470715	0.1312490285019934	0.11796782802065169	0.649736767154581	0.50152227489741	0.49109860559781654	1.0	1.0	0.1743584351519795	0.14252782401711264	0.25136033984810685	0.12997175832818253	0.5608033017993889	0.74551343442257	0.38842981651582936	0.2655512306555767	0.20296428151690943	1.0	0.16814046618572628	1.0	0.10469614548379719
pl	0.45572836308326153	0.43939807808982084	1.0	0.4330467602171045	0.3422013304269871	0.1064006996383758	0.3775140645245784	0.08904903138897614	0.11724367525084713	0.09251157572161964	0.0982402917204409	0.2202534474064196	0.1804447370386134	0.2782647183215399	0.09632965785649748	0.11598427490687024	0.11138712672760072	0.4858972112177443	0.44452486637403543	0.49477106380133956	1.0	0.1743584351519795	1.0	0.11080329611028024	0.2216018673830337	0.10088736225244337	0.5146915364633529	0.74551343442257	0.383797945024924	0.2396748739990659	0.1809583037939856	1.0	0.17473177147056645	1.0	0.09156885461741714
pt	0.3195533461491945	0.41941890144249155	1.0	0.3864747617822029	0.2751339607239674	0.0975216766339349	0.22441020977441117	0.06864902066749749	0.09183466267529426	0.0804507787684929	0.10889100750046773	0.2035307298195699	0.16087415126112617	0.2528314651440034	0.08550183583331182	0.08979261315523457	0.09177613588912667	0.5598920551808776	0.48514729215199964	0.5347631244162557	1.0	0.14252782401711264	0.11080329611028024	1.0	0.21362715814298067	0.09174277450904134	0.506358633911064	0.74551343442257	0.37930824504778143	0.22712369456337064	0.16358163530974434	1.0	0.16274800708194503	1.0	0.07272638061010168
ro	0.5611938662991056	0.6393867611309196	1.0	0.41672699687345416	0.40847283464725076	0.2481794626778407	0.4500834224624618	0.18096137107583035	0.21377083418629092	0.20012877160225925	0.27222692066161236	0.3965363096727459	0.2787121873899318	0.40594607791406534	0.19110871862641948	0.20363895710560753	0.1918727045187614	0.6411621673688593	0.45386900130312585	0.6245527025105756	1.0	0.25136033984810685	0.2216018673830337	0.21362715814298067	1.0	0.20546609679051483	0.5080604137538111	0.7510341748895937	0.5102380310054302	0.31998688241757994	0.26293145219140085	1.0	0.26512327638631683	1.0	0.19994294552027483
ru	0.39287141303806655	0.3283408044457481	1.0	0.3253029665016074	0.3111069864995663	0.07826337470188047	0.24003601815722653	0.05313440286726457	0.08115814121328857	0.06392100090114544	0.09306837157211845	0.1986538201931719	0.13087871271916987	0.2690571144394535	0.07478798115656045	0.07784474915637896	0.08998800608518477	0.464594827495564	0.4400395098673621	0.3942420460532162	1.0	0.12997175832818253	0.10088736225244337	0.09174277450904134	0.20546609679051483	1.0	0.4755238800720576	0.660489913725291	0.31882661559360076	0.21943252052411982	0.13285945813724018	1.0	0.13108954266453324	1.0	0.0745975442565501
sh	0.7690990303325336	0.6492665986419109	1.0	0.6704675947063355	0.6994017365373274	0.5274100076830281	0.6608521442956614	0.45653597555136	0.4278947426439522	0.4325991697067868	0.4955088938138267	0.5552677152597765	0.5473050324070938	0.5512644239341697	0.39781146600340256	0.4929847011763972	0.5443023093063569	0.6380732827477675	0.5310223436127012	0.7584325078215765	1.0	0.5608033017993889	0.5146915364633529	0.506358633911064	0.5080604137538111	0.4755238800720576	1.0	0.7690990303325336	0.6877228671159463	0.45621522905496564	0.5166580779750701	1.0	0.5480049422306871	1.0	0.45308135878343453
si	1.0	1.0	0.0	0.7690990303325336	0.7584325078215765	0.74551343442257	0.7690990303325336	0.41102862093085446	0.74551343442257	0.74551343442257	0.74551343442257	0.660489913725291	0.7510341748895937	0.6640237664404941	0.6590675637199678	0.74551343442257	0.74551343442257	0.7510341748895937	1.0	0.7584325078215765	1.0	0.74551343442257	0.74551343442257	0.74551343442257	0.7510341748895937	0.660489913725291	0.7690990303325336	1.0	0.7690990303325336	0.6640237664404941	0.7510341748895937	1.0	0.7510341748895937	1.0	0.6590675637199678
simple	0.510021272145573	0.7376607345031152	1.0	0.6841174893561722	0.3821958253291727	0.3757674302172396	0.47851192634699474	0.3520846590303361	0.33845128974465977	0.343283817116814	0.3294987204038787	0.25014136168625406	0.41680700320649794	0.3502318578087094	0.2664757252411039	0.3204263379982218	0.32053633999958847	0.6031722582632506	0.6978955566455195	0.41360553468474	1.0	0.38842981651582936	0.383797945024924	0.37930824504778143	0.5102380310054302	0.31882661559360076	0.6877228671159463	0.7690990303325336	1.0	0.43986454750440807	0.41398656339235357	1.0	0.47652803448951564	1.0	0.29355235192101337
sr	0.38069269250178533	0.7221793916855703	1.0	0.37553984757826964	0.4447527865767246	0.23987667445613386	0.3956023042824864	0.18145334997703208	0.21869928828908608	0.1847419024973985	0.2058407648831736	0.2888548205685936	0.25400425424747397	0.2986836096609381	0.18116575264207835	0.2094362596746053	0.1993134221424789	0.5493890430659372	0.45878847349517404	0.5636674052845303	1.0	0.2655512306555767	0.2396748739990659	0.22712369456337064	0.31998688241757994	0.21943252052411982	0.45621522905496564	0.6640237664404941	0.43986454750440807	1.0	0.26296473973585077	1.0	0.3127652379323153	1.0	0.1947820243824128
sv	0.5204757706063432	0.4420904340774599	1.0	0.40392635563969426	0.3527741556990009	0.17502165192786653	0.3827608009122307	0.08484535104422393	0.16997531129810334	0.11974956509161908	0.15565984738455396	0.2686392002639317	0.20353733113162498	0.32439196990128333	0.12277629684428493	0.1476841645603921	0.15191071202737	0.5784261990869722	0.4153309640940679	0.4307201874492326	1.0	0.20296428151690943	0.1809583037939856	0.16358163530974434	0.26293145219140085	0.13285945813724018	0.5166580779750701	0.7510341748895937	0.41398656339235357	0.26296473973585077	1.0	1.0	0.19219686434903052	1.0	0.13407686517597792
te	0.0	1.0	0.0	1.0	1.0	1.0	1.0	1.0	1.0	1.0	1.0	1.0	1.0	1.0	1.0	1.0	1.0	1.0	1.0	1.0	1.0	1.0	1.0	1.0	1.0	1.0	1.0	1.0	1.0	1.0	1.0	1.0	1.0	1.0	1.0
vi	0.6219715706417411	0.381895473765501	1.0	0.4329441420945272	0.2801969356379092	0.14751912468523762	0.2327131270399642	0.12005664490173046	0.15776257989420733	0.13042656332296335	0.16401323099610463	0.22490635306200416	0.2067294611552111	0.32454290741525776	0.14072449871966505	0.15791538676709468	0.15468364260169531	0.5297952908850742	0.52041355504907	0.5576103992186663	1.0	0.16814046618572628	0.17473177147056645	0.16274800708194503	0.26512327638631683	0.13108954266453324	0.5480049422306871	0.7510341748895937	0.47652803448951564	0.3127652379323153	0.19219686434903052	1.0	1.0	1.0	0.13323352264322644
war	1.0	1.0	0.0	1.0	1.0	1.0	1.0	1.0	1.0	1.0	1.0	1.0	1.0	1.0	1.0	1.0	1.0	1.0	1.0	1.0	1.0	1.0	1.0	1.0	1.0	1.0	1.0	1.0	1.0	1.0	1.0	1.0	1.0	1.0	1.0
zh	0.4628492743169434	0.28727986457522725	1.0	0.3182496702117377	0.2757466937427877	0.07984678052859294	0.268537085228076	0.06576662357112922	0.07502611823727359	0.0676915859995293	0.07773460606881542	0.14748216121938207	0.10709216965351352	0.25264273707981927	0.07149343185624005	0.07587582695227883	0.0785672724938909	0.35637412846567534	0.3133679599995326	0.5168277134023678	1.0	0.10469614548379719	0.09156885461741714	0.07272638061010168	0.19994294552027483	0.0745975442565501	0.45308135878343453	0.6590675637199678	0.29355235192101337	0.1947820243824128	0.13407686517597792	1.0	0.13323352264322644	1.0	1.0
