arz	bs	ceb	ckb	da	de	el	en	es	fr	he	hi	hu	id	it	ja	ko	lv	mk	ml	mr	nl	pl	pt	ro	ru	sh	si	simple	sr	sv	te	tr	vi	war	zh
arz	0.1111111111111111	0.1111111111111111	0.125	0.1111111111111111	0.1111111111111111	0.1111111111111111	0.1111111111111111	0.1111111111111111	0.1111111111111111	0.1111111111111111	0.1111111111111111	0.1111111111111111	0.1111111111111111	0.1111111111111111	0.1111111111111111	0.1111111111111111	0.1111111111111111	0.1111111111111111	0.1111111111111111	0.1111111111111111	0.1111111111111111	0.1111111111111111	0.1111111111111111	0.1111111111111111	0.1111111111111111	0.1111111111111111	0.1111111111111111	0.16666666666666666	0.1111111111111111	0.1111111111111111	0.1111111111111111	0.125	0.5	0.1111111111111111	0.1111111111111111	0.1111111111111111
bs	0.1111111111111111	0.009554195518057059	0.009684095996033681	0.00847457627118644	0.009475160879768013	0.00942487954618642	0.00847457627118644	0.009242083807216236	0.0092976529673838	0.009259950612952438	0.00847457627118644	0.008695652173913044	0.008794528189592971	0.009419222798040713	0.009523980941250685	0.00847457627118644	0.00847457627118644	0.009067494719996214	0.00847457627118644	0.00847457627118644	0.00847457627118644	0.009514379642105063	0.009466084280642745	0.008623132035949924	0.009475616104649956	0.00847457627118644	0.00861512351706245	0.03225806451612903	0.009516276934910365	0.00847457627118644	0.009344226876286185	0.010869565217391304	0.09090909090909091	0.009335145452460556	0.008475222708991668	0.008542484141275754
ceb	0.125	0.009684095996033681	0.00924188474057611	0.008695652173913044	0.009583944425294288	0.009116819387491015	0.00819672131147541	0.008944406640534294	0.008990391981088204	0.008954174169468669	0.008547008547008548	0.008928571428571428	0.008638186419355588	0.009112178714247911	0.009558666477108997	0.00819672131147541	0.00819672131147541	0.009268901772390448	0.008695652173913044	0.008695652173913044	0.008695652173913044	0.009620368157383038	0.009224134101450013	0.008480086802953776	0.009439934927130262	0.00819672131147541	0.008832287101327716	0.03333333333333333	0.009478754115878622	0.008547008547008548	0.009036542731690848	0.01098901098901099	-1.0	0.009098668390500641	0.008696332778827975	0.008262274498230101
ckb	0.1111111111111111	0.00847457627118644	0.008695652173913044	0.00847457627118644	0.00847457627118644	0.00847457627118644	0.00847457627118644	0.00847457627118644	0.00847457627118644	0.00847457627118644	0.00847457627118644	0.008695652173913044	0.00847457627118644	0.00847457627118644	0.00847457627118644	0.00847457627118644	0.00847457627118644	0.00847457627118644	0.00847457627118644	0.00847457627118644	0.00847457627118644	0.00847457627118644	0.00847457627118644	0.00847457627118644	0.00847457627118644	0.00847457627118644	0.00847457627118644	0.03225806451612903	0.00847457627118644	0.00847457627118644	0.00847457627118644	0.010869565217391304	0.3333333333333333	0.00847457627118644	0.00847457627118644	0.00847457627118644
da	0.1111111111111111	0.009475160879768013	0.009583944425294288	0.00847457627118644	0.009454109275232759	0.00932834103651248	0.008403361344537815	0.009150569057982904	0.009202593161939908	0.009168015897945728	0.008403361344537815	0.008695652173913044	0.008715346211089403	0.009323049045480584	0.009425160206113965	0.008403361344537815	0.008403361344537815	0.00905386912280428	0.00847457627118644	0.00847457627118644	0.00847457627118644	0.009486478324301934	0.009371091276561962	0.008549117123972126	0.009376275858763654	0.008403361344537815	0.008610527756381306	0.03225806451612903	0.009416908449803996	0.008403361344537815	0.009249672281766663	0.010752688172043012	0.09090909090909091	0.009240587803805017	0.008475222708991668	0.008469765000999616
de	0.1111111111111111	0.00942487954618642	0.009116819387491015	0.00847457627118644	0.00932834103651248	0.008585818538305208	0.007692307692307693	0.008295394136555811	0.00845931355684446	0.008308300665427797	0.008333333333333333	0.008695652173913044	0.007988356311039205	0.008634325270829383	0.00930466071156202	0.008	0.007575757575757576	0.009023378966752893	0.00847457627118644	0.00847457627118644	0.00847457627118644	0.009365045357715271	0.008987465644812167	0.0082694412948762	0.009126085841468212	0.007874015748031496	0.008606456786835654	0.03225806451612903	0.009229414369362324	0.008333333333333333	0.00838856725448514	0.010638297872340425	0.05555864197530863	0.008864586308054924	0.008475150890548691	0.008062498435521696
el	0.1111111111111111	0.00847457627118644	0.00819672131147541	0.00847457627118644	0.008403361344537815	0.007692307692307693	0.007692307692307693	0.007692307692307693	0.007692307692307693	0.007692307692307693	0.008333333333333333	0.008695652173913044	0.0078125	0.007751937984496124	0.008333333333333333	0.008	0.007692307692307693	0.00847457627118644	0.00847457627118644	0.00847457627118644	0.00847457627118644	0.008403361344537815	0.008064516129032258	0.008130081300813009	0.00819672131147541	0.007874015748031496	0.00847457627118644	0.03225806451612903	0.008264462809917356	0.008333333333333333	0.007692307692307693	0.010638297872340425	0.16666666666666666	0.008064516129032258	0.00847457627118644	0.008
en	0.1111111111111111	0.009242083807216236	0.008944406640534294	0.00847457627118644	0.009150569057982904	0.008295394136555811	0.007692307692307693	0.0070072423856268416	0.008201697067900656	0.007011049408898953	0.008333333333333333	0.008695652173913044	0.00787680773210691	0.008233575673167827	0.009049645266824516	0.007874015748031496	0.006896551724137931	0.008925639141672949	0.00847457627118644	0.00847457627118644	0.00847457627118644	0.009181603608461366	0.008813451954256446	0.008179210999440857	0.008946820103192102	0.007874015748031496	0.008584213734227965	0.03225806451612903	0.0090424402536389	0.008333333333333333	0.007608334330867333	0.010638297872340425	0.05263434903047091	0.0087126153276782	0.008475222708991668	0.00792719681011773
es	0.1111111111111111	0.0092976529673838	0.008990391981088204	0.00847457627118644	0.009202593161939908	0.00845931355684446	0.007692307692307693	0.008201697067900656	0.008448321777196323	0.008209900376827334	0.008333333333333333	0.008695652173913044	0.008012320800289859	0.008453309641435838	0.009173733271774138	0.008	0.007575757575757576	0.008955173128178036	0.00847457627118644	0.00847457627118644	0.00847457627118644	0.00923550359490483	0.008861033753812135	0.008249522603153678	0.008999192082968815	0.007874015748031496	0.00858870809850715	0.03225806451612903	0.009097770843511939	0.008333333333333333	0.008278208252044316	0.010638297872340425	0.055561728395061724	0.008755721131787568	0.008475222708991668	0.00805698176175461
fr	0.1111111111111111	0.009259950612952438	0.008954174169468669	0.00847457627118644	0.009168015897945728	0.008308300665427797	0.007692307692307693	0.007011049408898953	0.008209900376827334	0.007257355609673662	0.008333333333333333	0.008695652173913044	0.007881521464197065	0.008249815110875877	0.009069752705699385	0.007874015748031496	0.006993006993006993	0.008934738820114098	0.00847457627118644	0.00847457627118644	0.00847457627118644	0.009198465573981436	0.008827959818547261	0.008246306501913398	0.008965177171621538	0.007874015748031496	0.008584205244352456	0.03225806451612903	0.009061043776328305	0.008333333333333333	0.007621566113610229	0.010638297872340425	0.05263434903047091	0.008726136221968958	0.008475079000287272	0.007928960524677458
he	0.1111111111111111	0.00847457627118644	0.008547008547008548	0.00847457627118644	0.008403361344537815	0.008333333333333333	0.008333333333333333	0.008333333333333333	0.008333333333333333	0.008333333333333333	0.008333333333333333	0.008695652173913044	0.008333333333333333	0.008333333333333333	0.008333333333333333	0.008333333333333333	0.008333333333333333	0.00847457627118644	0.00847457627118644	0.00847457627118644	0.00847457627118644	0.00847457627118644	0.008333333333333333	0.008333333333333333	0.008333333333333333	0.008333333333333333	0.00847457627118644	0.03225806451612903	0.008333333333333333	0.008333333333333333	0.008333333333333333	0.010638297872340425	0.14285714285714285	0.008333333333333333	0.00847457627118644	0.008333333333333333
hi	0.1111111111111111	0.008695652173913044	0.008928571428571428	0.008695652173913044	0.008695652173913044	0.008695652173913044	0.008695652173913044	0.008695652173913044	0.008695652173913044	0.008695652173913044	0.008695652173913044	0.008695652173913044	0.008695652173913044	0.008695652173913044	0.008695652173913044	0.008695652173913044	0.008695652173913044	0.008695652173913044	0.008695652173913044	0.008695652173913044	0.008695652173913044	0.008695652173913044	0.008695652173913044	0.008695652173913044	0.008695652173913044	0.008695652173913044	0.008695652173913044	0.03225806451612903	0.008695652173913044	0.008695652173913044	0.008695652173913044	0.011111111111111112	0.14285714285714285	0.008695652173913044	0.008695652173913044	0.008695652173913044
hu	0.1111111111111111	0.008794528189592971	0.008638186419355588	0.00847457627118644	0.008715346211089403	0.007988356311039205	0.0078125	0.00787680773210691	0.008012320800289859	0.007881521464197065	0.008333333333333333	0.008695652173913044	0.007967233739722784	0.008110099870656577	0.008659560718603543	0.008130081300813009	0.007633587786259542	0.00866450975552099	0.00847457627118644	0.00847457627118644	0.00847457627118644	0.008727205977767794	0.008504536241345237	0.008245516869613808	0.008507222370070483	0.008	0.008520574910077247	0.03225806451612903	0.008588394681789254	0.008333333333333333	0.007907120875833017	0.010638297872340425	0.16666666666666666	0.008468402029440538	0.008474719908072392	0.008152213242752757
id	0.1111111111111111	0.009419222798040713	0.009112178714247911	0.00847457627118644	0.009323049045480584	0.008634325270829383	0.007751937984496124	0.008233575673167827	0.008453309641435838	0.008249815110875877	0.008333333333333333	0.008695652173913044	0.008110099870656577	0.008526381847586795	0.009233086440294493	0.007936507936507936	0.007518796992481203	0.00902069617783614	0.00847457627118644	0.00847457627118644	0.00847457627118644	0.00936065750200855	0.008982150065277352	0.008267928443218983	0.009120177265987192	0.007874015748031496	0.008604892518041592	0.03225806451612903	0.009224507175530803	0.008333333333333333	0.008328227371552623	0.010638297872340425	0.07142857142857142	0.008859048161417124	0.008475222708991668	0.008000641892816627
it	0.1111111111111111	0.009523980941250685	0.009558666477108997	0.00847457627118644	0.009425160206113965	0.00930466071156202	0.008333333333333333	0.009049645266824516	0.009173733271774138	0.009069752705699385	0.008333333333333333	0.008695652173913044	0.008659560718603543	0.009233086440294493	0.00937048938234401	0.008264462809917356	0.008264462809917356	0.009080594367346732	0.00847457627118644	0.00847457627118644	0.00847457627118644	0.009536058111201201	0.009349361381611184	0.008484197416318675	0.009357072089021215	0.008333333333333333	0.008618242391833926	0.03225806451612903	0.009398138876267838	0.008333333333333333	0.009153513992198338	0.010638297872340425	0.05882698961937716	0.00921275156184684	0.00847515081873025	0.008333609682631903
ja	0.1111111111111111	0.00847457627118644	0.00819672131147541	0.00847457627118644	0.008403361344537815	0.008	0.008	0.007874015748031496	0.008	0.007874015748031496	0.008333333333333333	0.008695652173913044	0.008130081300813009	0.007936507936507936	0.008264462809917356	0.007874015748031496	0.007936507936507936	0.00847457627118644	0.00847457627118644	0.00847457627118644	0.00847457627118644	0.008403361344537815	0.008064516129032258	0.008130081300813009	0.008264462809917356	0.008	0.00847457627118644	0.03225806451612903	0.008264462809917356	0.008333333333333333	0.007936507936507936	0.010638297872340425	0.06666666666666667	0.008064516129032258	0.00847457627118644	0.007874015748031496
ko	0.1111111111111111	0.00847457627118644	0.00819672131147541	0.00847457627118644	0.008403361344537815	0.007575757575757576	0.007692307692307693	0.006896551724137931	0.007575757575757576	0.006993006993006993	0.008333333333333333	0.008695652173913044	0.007633587786259542	0.007518796992481203	0.008264462809917356	0.007936507936507936	0.006896551724137931	0.00847457627118644	0.00847457627118644	0.00847457627118644	0.00847457627118644	0.008403361344537815	0.008064516129032258	0.008064516129032258	0.00819672131147541	0.007874015748031496	0.00847457627118644	0.03225806451612903	0.008264462809917356	0.008333333333333333	0.0070921985815602835	0.010638297872340425	0.09090909090909091	0.008064516129032258	0.00847457627118644	0.007936507936507936
lv	0.1111111111111111	0.009067494719996214	0.009268901772390448	0.00847457627118644	0.00905386912280428	0.009023378966752893	0.00847457627118644	0.008925639141672949	0.008955173128178036	0.008934738820114098	0.00847457627118644	0.008695652173913044	0.00866450975552099	0.00902069617783614	0.009080594367346732	0.00847457627118644	0.00847457627118644	0.009097027422710801	0.00847457627118644	0.00847457627118644	0.00847457627118644	0.009076696709994647	0.009047154886402902	0.008564353867695407	0.009053454252543251	0.00847457627118644	0.008558628251341864	0.03225806451612903	0.00907721082497256	0.00847457627118644	0.008981756491553427	0.010869565217391304	0.14289795918367348	0.008972559017356559	0.008474863544958345	0.008516802495316653
mk	0.1111111111111111	0.00847457627118644	0.008695652173913044	0.00847457627118644	0.00847457627118644	0.00847457627118644	0.00847457627118644	0.00847457627118644	0.00847457627118644	0.00847457627118644	0.00847457627118644	0.008695652173913044	0.00847457627118644	0.00847457627118644	0.00847457627118644	0.00847457627118644	0.00847457627118644	0.00847457627118644	0.00847457627118644	0.00847457627118644	0.00847457627118644	0.00847457627118644	0.00847457627118644	0.00847457627118644	0.00847457627118644	0.00847457627118644	0.00847457627118644	0.03225806451612903	0.00847457627118644	0.00847457627118644	0.00847457627118644	0.010869565217391304	0.16666666666666666	0.00847457627118644	0.00847457627118644	0.00847457627118644
ml	0.1111111111111111	0.00847457627118644	0.008695652173913044	0.00847457627118644	0.00847457627118644	0.00847457627118644	0.00847457627118644	0.00847457627118644	0.00847457627118644	0.00847457627118644	0.00847457627118644	0.008695652173913044	0.00847457627118644	0.00847457627118644	0.00847457627118644	0.00847457627118644	0.00847457627118644	0.00847457627118644	0.00847457627118644	0.00847457627118644	0.00847457627118644	0.00847457627118644	0.00847457627118644	0.00847457627118644	0.00847457627118644	0.00847457627118644	0.00847457627118644	0.03225806451612903	0.00847457627118644	0.00847457627118644	0.00847457627118644	0.010869565217391304	0.1111111111111111	0.00847457627118644	0.00847457627118644	0.00847457627118644
mr	0.1111111111111111	0.00847457627118644	0.008695652173913044	0.00847457627118644	0.00847457627118644	0.00847457627118644	0.00847457627118644	0.00847457627118644	0.00847457627118644	0.00847457627118644	0.00847457627118644	0.008695652173913044	0.00847457627118644	0.00847457627118644	0.00847457627118644	0.00847457627118644	0.00847457627118644	0.00847457627118644	0.00847457627118644	0.00847457627118644	0.00847457627118644	0.00847457627118644	0.00847457627118644	0.00847457627118644	0.00847457627118644	0.00847457627118644	0.00847457627118644	0.03225806451612903	0.00847457627118644	0.00847457627118644	0.00847457627118644	0.010869565217391304	0.5	0.00847457627118644	0.00847457627118644	0.00847457627118644
nl	0.1111111111111111	0.009514379642105063	0.009620368157383038	0.00847457627118644	0.009486478324301934	0.009365045357715271	0.008403361344537815	0.009181603608461366	0.00923550359490483	0.009198465573981436	0.00847457627118644	0.008695652173913044	0.008727205977767794	0.00936065750200855	0.009536058111201201	0.008403361344537815	0.008403361344537815	0.009076696709994647	0.00847457627118644	0.00847457627118644	0.00847457627118644	0.009496308377938748	0.00940777021711911	0.008552321242832133	0.009417608180956265	0.008403361344537815	0.008617573614210818	0.03225806451612903	0.009527618310189447	0.00847457627118644	0.009282139099323754	0.010869565217391304	0.052637119113573404	0.00927573264616068	0.008475222708991668	0.008471634431368386
pl	0.1111111111111111	0.009466084280642745	0.009224134101450013	0.00847457627118644	0.009371091276561962	0.008987465644812167	0.008064516129032258	0.008813451954256446	0.008861033753812135	0.008827959818547261	0.008333333333333333	0.008695652173913044	0.008504536241345237	0.008982150065277352	0.009349361381611184	0.008064516129032258	0.008064516129032258	0.009047154886402902	0.00847457627118644	0.00847457627118644	0.00847457627118644	0.00940777021711911	0.009112439502242982	0.008341449187127863	0.009232157891665312	0.008064516129032258	0.008611118243800708	0.03225806451612903	0.009340465021452493	0.008333333333333333	0.00890622771031026	0.010638297872340425	0.05555555555555555	0.008966168758210463	0.008475222708991668	0.008131010554718845
pt	0.1111111111111111	0.008623132035949924	0.008480086802953776	0.00847457627118644	0.008549117123972126	0.0082694412948762	0.008130081300813009	0.008179210999440857	0.008249522603153678	0.008246306501913398	0.008333333333333333	0.008695652173913044	0.008245516869613808	0.008267928443218983	0.008484197416318675	0.008130081300813009	0.008064516129032258	0.008564353867695407	0.00847457627118644	0.00847457627118644	0.00847457627118644	0.008552321242832133	0.008341449187127863	0.008219878467615108	0.008409912978000166	0.008130081300813009	0.008495814761203408	0.03225806451612903	0.008415650614169531	0.008333333333333333	0.00825830880767447	0.010638297872340425	0.05263157894736842	0.008256188688996451	0.00847479172651537	0.00814166324650072
ro	0.1111111111111111	0.009475616104649956	0.009439934927130262	0.00847457627118644	0.009376275858763654	0.009126085841468212	0.00819672131147541	0.008946820103192102	0.008999192082968815	0.008965177171621538	0.008333333333333333	0.008695652173913044	0.008507222370070483	0.009120177265987192	0.009357072089021215	0.008264462809917356	0.00819672131147541	0.009053454252543251	0.00847457627118644	0.00847457627118644	0.00847457627118644	0.009417608180956265	0.009232157891665312	0.008409912978000166	0.00925172593712727	0.00819672131147541	0.008613190422880168	0.03225806451612903	0.00934806808958278	0.008333333333333333	0.00904584062140518	0.010638297872340425	0.16666666666666666	0.009105136859265162	0.00847515081873025	0.008331041877710308
ru	0.1111111111111111	0.00847457627118644	0.00819672131147541	0.00847457627118644	0.008403361344537815	0.007874015748031496	0.007874015748031496	0.007874015748031496	0.007874015748031496	0.007874015748031496	0.008333333333333333	0.008695652173913044	0.008	0.007874015748031496	0.008333333333333333	0.008	0.007874015748031496	0.00847457627118644	0.00847457627118644	0.00847457627118644	0.00847457627118644	0.008403361344537815	0.008064516129032258	0.008130081300813009	0.00819672131147541	0.007874015748031496	0.00847457627118644	0.03225806451612903	0.008264462809917356	0.008333333333333333	0.007874015748031496	0.010638297872340425	0.05263157894736842	0.008064516129032258	0.00847457627118644	0.008
sh	0.1111111111111111	0.00861512351706245	0.008832287101327716	0.00847457627118644	0.008610527756381306	0.008606456786835654	0.00847457627118644	0.008584213734227965	0.00858870809850715	0.008584205244352456	0.00847457627118644	0.008695652173913044	0.008520574910077247	0.008604892518041592	0.008618242391833926	0.00847457627118644	0.00847457627118644	0.008558628251341864	0.00847457627118644	0.00847457627118644	0.00847457627118644	0.008617573614210818	0.008611118243800708	0.008495814761203408	0.008613190422880168	0.00847457627118644	0.008621363756874268	0.03225806451612903	0.00861690722991506	0.00847457627118644	0.008593577676870584	0.010869565217391304	0.14285714285714285	0.0085929955444259	0.008474791726515368	0.008484498791668068
si	0.16666666666666666	0.03225806451612903	0.03333333333333333	0.03225806451612903	0.03225806451612903	0.03225806451612903	0.03225806451612903	0.03225806451612903	0.03225806451612903	0.03225806451612903	0.03225806451612903	0.03225806451612903	0.03225806451612903	0.03225806451612903	0.03225806451612903	0.03225806451612903	0.03225806451612903	0.03225806451612903	0.03225806451612903	0.03225806451612903	0.03225806451612903	0.03225806451612903	0.03225806451612903	0.03225806451612903	0.03225806451612903	0.03225806451612903	0.03225806451612903	0.03225806451612903	0.03225806451612903	0.03225806451612903	0.03225806451612903	0.03333333333333333	1.0	0.03225806451612903	0.03225806451612903	0.03225806451612903
simple	0.1111111111111111	0.009516276934910365	0.009478754115878622	0.00847457627118644	0.009416908449803996	0.009229414369362324	0.008264462809917356	0.0090424402536389	0.009097770843511939	0.009061043776328305	0.008333333333333333	0.008695652173913044	0.008588394681789254	0.009224507175530803	0.009398138876267838	0.008264462809917356	0.008264462809917356	0.00907721082497256	0.00847457627118644	0.00847457627118644	0.00847457627118644	0.009527618310189447	0.009340465021452493	0.008415650614169531	0.00934806808958278	0.008264462809917356	0.00861690722991506	0.03225806451612903	0.009361105600695729	0.008333333333333333	0.009144540085453264	0.010638297872340425	0.07142857142857142	0.009136503734179869	0.008475222708991668	0.008332222222485586
sr	0.1111111111111111	0.00847457627118644	0.008547008547008548	0.00847457627118644	0.008403361344537815	0.008333333333333333	0.008333333333333333	0.008333333333333333	0.008333333333333333	0.008333333333333333	0.008333333333333333	0.008695652173913044	0.008333333333333333	0.008333333333333333	0.008333333333333333	0.008333333333333333	0.008333333333333333	0.00847457627118644	0.00847457627118644	0.00847457627118644	0.00847457627118644	0.00847457627118644	0.008333333333333333	0.008333333333333333	0.008333333333333333	0.008333333333333333	0.00847457627118644	0.03225806451612903	0.008333333333333333	0.008333333333333333	0.008333333333333333	0.010638297872340425	0.1	0.008333333333333333	0.00847457627118644	0.008333333333333333
sv	0.1111111111111111	0.009344226876286185	0.009036542731690848	0.00847457627118644	0.009249672281766663	0.00838856725448514	0.007692307692307693	0.007608334330867333	0.008278208252044316	0.007621566113610229	0.008333333333333333	0.008695652173913044	0.007907120875833017	0.008328227371552623	0.009153513992198338	0.007936507936507936	0.0070921985815602835	0.008981756491553427	0.00847457627118644	0.00847457627118644	0.00847457627118644	0.009282139099323754	0.00890622771031026	0.00825830880767447	0.00904584062140518	0.007874015748031496	0.008593577676870584	0.03225806451612903	0.009144540085453264	0.008333333333333333	0.007878317667703198	0.010638297872340425	0.07692307692307693	0.008796078990566973	0.008475222708991668	0.007994625877887468
te	0.125	0.010869565217391304	0.01098901098901099	0.010869565217391304	0.010752688172043012	0.010638297872340425	0.010638297872340425	0.010638297872340425	0.010638297872340425	0.010638297872340425	0.010638297872340425	0.011111111111111112	0.010638297872340425	0.010638297872340425	0.010638297872340425	0.010638297872340425	0.010638297872340425	0.010869565217391304	0.010869565217391304	0.010869565217391304	0.010869565217391304	0.010869565217391304	0.010638297872340425	0.010638297872340425	0.010638297872340425	0.010638297872340425	0.010869565217391304	0.03333333333333333	0.010638297872340425	0.010638297872340425	0.010638297872340425	0.010638297872340425	0.16666666666666666	0.010638297872340425	0.010869565217391304	0.010638297872340425
tr	0.5	0.09090909090909091	-1.0	0.3333333333333333	0.09090909090909091	0.05555864197530863	0.16666666666666666	0.05263434903047091	0.055561728395061724	0.05263434903047091	0.14285714285714285	0.14285714285714285	0.16666666666666666	0.07142857142857142	0.05882698961937716	0.06666666666666667	0.09090909090909091	0.14289795918367348	0.16666666666666666	0.1111111111111111	0.5	0.052637119113573404	0.05555555555555555	0.05263157894736842	0.16666666666666666	0.05263157894736842	0.14285714285714285	1.0	0.07142857142857142	0.1	0.07692307692307693	0.16666666666666666	0.05004002253254005	0.07692307692307693	0.5	0.06666666666666667
vi	0.1111111111111111	0.009335145452460556	0.009098668390500641	0.00847457627118644	0.009240587803805017	0.008864586308054924	0.008064516129032258	0.0087126153276782	0.008755721131787568	0.008726136221968958	0.008333333333333333	0.008695652173913044	0.008468402029440538	0.008859048161417124	0.00921275156184684	0.008064516129032258	0.008064516129032258	0.008972559017356559	0.00847457627118644	0.00847457627118644	0.00847457627118644	0.00927573264616068	0.008966168758210463	0.008256188688996451	0.009105136859265162	0.008064516129032258	0.0085929955444259	0.03225806451612903	0.009136503734179869	0.008333333333333333	0.008796078990566973	0.010638297872340425	0.07692307692307693	0.008972618071374991	0.008475222708991668	0.008123212530463138
war	0.1111111111111111	0.008475222708991668	0.008696332778827975	0.00847457627118644	0.008475222708991668	0.008475150890548691	0.00847457627118644	0.008475222708991668	0.008475222708991668	0.008475079000287272	0.00847457627118644	0.008695652173913044	0.008474719908072392	0.008475222708991668	0.00847515081873025	0.00847457627118644	0.00847457627118644	0.008474863544958345	0.00847457627118644	0.00847457627118644	0.00847457627118644	0.008475222708991668	0.008475222708991668	0.00847479172651537	0.00847515081873025	0.00847457627118644	0.008474791726515368	0.03225806451612903	0.008475222708991668	0.00847457627118644	0.008475222708991668	0.010869565217391304	0.5	0.008475222708991668	0.008475222708991668	0.008474648089629418
zh	0.1111111111111111	0.008542484141275754	0.008262274498230101	0.00847457627118644	0.008469765000999616	0.008062498435521696	0.008	0.00792719681011773	0.00805698176175461	0.007928960524677458	0.008333333333333333	0.008695652173913044	0.008152213242752757	0.008000641892816627	0.008333609682631903	0.007874015748031496	0.007936507936507936	0.008516802495316653	0.00847457627118644	0.00847457627118644	0.00847457627118644	0.008471634431368386	0.008131010554718845	0.00814166324650072	0.008331041877710308	0.008	0.008484498791668068	0.03225806451612903	0.008332222222485586	0.008333333333333333	0.007994625877887468	0.010638297872340425	0.06666666666666667	0.008123212530463138	0.008474648089629418	0.0079455256011397
