arz	bs	ceb	ckb	da	de	el	en	es	fr	he	hi	hu	id	it	ja	ko	lv	mk	ml	mr	nl	pl	pt	ro	ru	sh	si	simple	sr	sv	te	tr	vi	war	zh
arz	1.0	1.0	0.0	1.0	1.0	1.0	1.0	1.0	1.0	1.0	1.0	1.0	1.0	1.0	1.0	1.0	1.0	1.0	1.0	1.0	1.0	1.0	1.0	1.0	1.0	1.0	1.0	1.0	1.0	1.0	1.0	1.0	1.0	1.0	1.0	1.0
bs	1.0	1.0	1.0	0.39564392373896007	0.5	0.39564392373896007	0.585786437626905	0.39564392373896007	0.39564392373896007	0.3726822671238253	0.585786437626905	0.5	0.585786437626905	0.44948974278317805	0.5	0.39564392373896007	0.39564392373896007	0.585786437626905	0.585786437626905	0.585786437626905	1.0	0.39564392373896007	0.5	0.39564392373896007	0.39564392373896007	0.5	0.25352803925531825	0.585786437626905	0.4364916731037085	0.3797958971132712	0.3333333333333333	1.0	0.39564392373896007	0.39564392373896007	0.585786437626905	0.39564392373896007
ceb	0.0	1.0	1.0	0.0	1.0	1.0	0.0	1.0	1.0	1.0	1.0	1.0	1.0	1.0	1.0	1.0	1.0	1.0	1.0	1.0	0.0	1.0	1.0	1.0	1.0	1.0	1.0	1.0	1.0	1.0	1.0	0.0	-1.0	1.0	1.0	1.0
ckb	1.0	0.39564392373896007	0.0	1.0	1.0	1.0	1.0	0.5	0.585786437626905	0.585786437626905	1.0	1.0	1.0	0.585786437626905	1.0	1.0	1.0	1.0	1.0	1.0	1.0	0.585786437626905	1.0	1.0	1.0	1.0	0.26427884169111276	1.0	1.0	0.4364916731037085	1.0	1.0	1.0	1.0	0.585786437626905	1.0
da	1.0	0.5	1.0	1.0	1.0	0.39564392373896007	1.0	0.3164309725825328	0.35388936786452296	0.3726822671238253	0.39564392373896007	1.0	0.5	1.0	0.3333333333333333	0.4364916731037085	0.4364916731037085	1.0	1.0	1.0	1.0	0.3726822671238253	0.40453726661826384	0.39564392373896007	1.0	0.39564392373896007	0.28989794855663564	1.0	0.585786437626905	0.40453726661826384	0.5	1.0	1.0	1.0	0.585786437626905	0.4364916731037085
de	1.0	0.39564392373896007	1.0	1.0	0.39564392373896007	1.0	0.585786437626905	0.11046479493927581	0.22646721143623746	0.2128355332826235	0.2958163163244893	0.585786437626905	0.44948974278317805	0.2958163163244893	0.098850253808482	0.21393876913398135	0.32449979983983984	1.0	1.0	1.0	1.0	0.12729683913915313	0.21393876913398135	0.18660549686337075	0.44948974278317805	0.1876127897984334	0.26427884169111276	1.0	0.5	0.3333333333333333	0.23441237831492112	1.0	0.4142135623730951	0.585786437626905	0.585786437626905	0.28436465220442186
el	1.0	0.585786437626905	0.0	1.0	1.0	0.585786437626905	1.0	1.0	0.585786437626905	0.5	1.0	1.0	1.0	0.5	1.0	1.0	1.0	1.0	1.0	1.0	1.0	1.0	0.585786437626905	1.0	1.0	1.0	0.4364916731037085	1.0	1.0	0.585786437626905	0.585786437626905	1.0	0.585786437626905	1.0	0.585786437626905	1.0
en	1.0	0.39564392373896007	1.0	0.5	0.3164309725825328	0.11046479493927581	1.0	1.0	0.18243370584713978	0.13231996486433337	0.2449655295864104	0.585786437626905	0.4142135623730951	0.3333333333333333	0.09026539575717558	0.1685521226706963	0.2222222222222222	1.0	0.585786437626905	1.0	1.0	0.10587634126401246	0.24257131419419417	0.18594358782685685	0.5	0.18001097668719743	0.26427884169111276	1.0	0.5	0.2913396447229296	0.21040331845089688	1.0	0.2766967754673749	0.44948974278317805	0.585786437626905	0.23166247903554
es	1.0	0.39564392373896007	1.0	0.585786437626905	0.35388936786452296	0.22646721143623746	0.585786437626905	0.18243370584713978	1.0	0.23166247903554	0.30216947925196225	0.585786437626905	0.4142135623730951	0.5	0.1303109133027822	0.2843646522044218	0.26968623182294527	1.0	0.585786437626905	1.0	1.0	0.15871770979746053	0.2674788903885893	0.19707113830081235	0.5	0.26533119314590375	0.26427884169111276	1.0	0.5	0.3333333333333333	0.26460746274239644	1.0	0.3333333333333333	0.39564392373896007	0.585786437626905	0.32449979983983984
fr	1.0	0.3726822671238253	1.0	0.585786437626905	0.3726822671238253	0.2128355332826235	0.5	0.13231996486433337	0.23166247903554	1.0	0.44948974278317805	0.585786437626905	0.44948974278317805	0.3483314773547883	0.09784182540548238	0.3660254037844386	0.3660254037844386	0.585786437626905	0.585786437626905	0.585786437626905	1.0	0.21239994067041815	0.3660254037844386	0.1842574582922436	0.44948974278317805	0.4142135623730951	0.2739335927491396	1.0	0.44948974278317805	0.49851311685382416	0.2766967754673749	1.0	0.4142135623730951	0.5	0.5	0.34833147735478825
he	1.0	0.585786437626905	1.0	1.0	0.39564392373896007	0.2958163163244893	1.0	0.2449655295864104	0.30216947925196225	0.44948974278317805	1.0	1.0	0.585786437626905	0.44948974278317805	0.3090169943749474	1.0	1.0	1.0	1.0	1.0	1.0	0.3660254037844386	0.44948974278317805	0.4142135623730951	1.0	1.0	0.4364916731037085	1.0	0.585786437626905	0.585786437626905	0.3430703308172536	1.0	0.585786437626905	1.0	0.585786437626905	1.0
hi	1.0	0.5	1.0	1.0	1.0	0.585786437626905	1.0	0.585786437626905	0.585786437626905	0.585786437626905	1.0	1.0	1.0	0.585786437626905	0.5	1.0	1.0	1.0	1.0	1.0	1.0	0.585786437626905	1.0	0.585786437626905	0.585786437626905	1.0	0.28989794855663564	1.0	1.0	0.4364916731037085	1.0	1.0	1.0	1.0	0.585786437626905	1.0
hu	1.0	0.585786437626905	1.0	1.0	0.5	0.44948974278317805	1.0	0.4142135623730951	0.4142135623730951	0.44948974278317805	0.585786437626905	1.0	1.0	0.5	0.24693857065004593	0.5	0.585786437626905	1.0	1.0	1.0	1.0	0.44948974278317805	0.44948974278317805	0.5	0.585786437626905	0.585786437626905	0.4364916731037085	1.0	0.585786437626905	0.5	0.3726822671238253	1.0	1.0	1.0	0.585786437626905	0.585786437626905
id	1.0	0.44948974278317805	1.0	0.585786437626905	1.0	0.2958163163244893	0.5	0.3333333333333333	0.5	0.3483314773547883	0.44948974278317805	0.585786437626905	0.5	1.0	0.28708594921778513	0.3333333333333333	0.5	0.585786437626905	0.585786437626905	1.0	1.0	0.32037724101704074	0.28708594921778513	0.2958163163244893	0.5	0.4142135623730951	0.28172904669025317	1.0	0.44948974278317805	0.40453726661826384	0.26533119314590375	1.0	0.44948974278317805	0.5	0.585786437626905	0.4142135623730951
it	1.0	0.5	1.0	1.0	0.3333333333333333	0.098850253808482	1.0	0.09026539575717558	0.1303109133027822	0.09784182540548238	0.3090169943749474	0.5	0.24693857065004593	0.28708594921778513	1.0	0.17379378377786506	0.21331887166009167	1.0	1.0	1.0	1.0	0.12114884386001849	0.17606428625449935	0.13737740502480233	0.5	0.13367660240019172	0.28989794855663564	1.0	0.5	0.4364916731037085	0.20063961005378	1.0	0.4142135623730951	0.39564392373896007	0.585786437626905	0.21551468935838852
ja	1.0	0.39564392373896007	1.0	1.0	0.4364916731037085	0.21393876913398135	1.0	0.1685521226706963	0.2843646522044218	0.3660254037844386	1.0	1.0	0.5	0.3333333333333333	0.17379378377786506	1.0	1.0	1.0	1.0	1.0	1.0	0.19337382456846594	0.33333333333333326	0.2474401533514073	0.5	1.0	0.26427884169111276	1.0	0.5	0.4364916731037085	0.2791745113185196	1.0	0.5	1.0	0.585786437626905	1.0
ko	1.0	0.39564392373896007	1.0	1.0	0.4364916731037085	0.32449979983983984	1.0	0.2222222222222222	0.26968623182294527	0.3660254037844386	1.0	1.0	0.585786437626905	0.5	0.21331887166009167	1.0	1.0	1.0	1.0	1.0	1.0	0.2	0.3660254037844386	0.29429805508554946	0.5	1.0	0.26427884169111276	1.0	0.5	0.4364916731037085	0.36602540378443865	1.0	0.5	1.0	0.585786437626905	1.0
lv	1.0	0.585786437626905	1.0	1.0	1.0	1.0	1.0	1.0	1.0	0.585786437626905	1.0	1.0	1.0	0.585786437626905	1.0	1.0	1.0	1.0	1.0	1.0	1.0	1.0	1.0	1.0	1.0	1.0	0.4364916731037085	1.0	1.0	0.585786437626905	1.0	1.0	1.0	1.0	0.585786437626905	1.0
mk	1.0	0.585786437626905	1.0	1.0	1.0	1.0	1.0	0.585786437626905	0.585786437626905	0.585786437626905	1.0	1.0	1.0	0.585786437626905	1.0	1.0	1.0	1.0	1.0	1.0	1.0	0.585786437626905	1.0	0.585786437626905	0.585786437626905	1.0	0.4364916731037085	1.0	1.0	0.585786437626905	1.0	1.0	0.585786437626905	1.0	0.585786437626905	1.0
ml	1.0	0.585786437626905	1.0	1.0	1.0	1.0	1.0	1.0	1.0	0.585786437626905	1.0	1.0	1.0	1.0	1.0	1.0	1.0	1.0	1.0	1.0	1.0	1.0	1.0	1.0	1.0	1.0	0.4364916731037085	1.0	1.0	0.585786437626905	1.0	1.0	1.0	1.0	0.585786437626905	1.0
mr	1.0	1.0	0.0	1.0	1.0	1.0	1.0	1.0	1.0	1.0	1.0	1.0	1.0	1.0	1.0	1.0	1.0	1.0	1.0	1.0	1.0	1.0	1.0	1.0	1.0	1.0	1.0	1.0	1.0	1.0	1.0	1.0	1.0	1.0	1.0	1.0
nl	1.0	0.39564392373896007	1.0	0.585786437626905	0.3726822671238253	0.12729683913915313	1.0	0.10587634126401246	0.15871770979746053	0.21239994067041815	0.3660254037844386	0.585786437626905	0.44948974278317805	0.32037724101704074	0.12114884386001849	0.19337382456846594	0.2	1.0	0.585786437626905	1.0	1.0	1.0	0.21331887166009167	0.1873071283459118	0.585786437626905	0.21089672205953397	0.26427884169111276	1.0	0.4142135623730951	0.30216947925196225	0.2928060946961875	1.0	0.44948974278317805	0.5	0.585786437626905	0.23800671553691075
pl	1.0	0.5	1.0	1.0	0.40453726661826384	0.21393876913398135	0.585786437626905	0.24257131419419417	0.2674788903885893	0.3660254037844386	0.44948974278317805	1.0	0.44948974278317805	0.28708594921778513	0.17606428625449935	0.33333333333333326	0.3660254037844386	1.0	1.0	1.0	1.0	0.21331887166009167	1.0	0.3090169943749474	0.5	0.34833147735478825	0.28989794855663564	1.0	0.5	0.40453726661826384	0.34833147735478825	1.0	0.44948974278317805	1.0	0.585786437626905	0.38742588672279304
pt	1.0	0.39564392373896007	1.0	1.0	0.39564392373896007	0.18660549686337075	1.0	0.18594358782685685	0.19707113830081235	0.1842574582922436	0.4142135623730951	0.585786437626905	0.5	0.2958163163244893	0.13737740502480233	0.2474401533514073	0.29429805508554946	1.0	0.585786437626905	1.0	1.0	0.1873071283459118	0.3090169943749474	1.0	0.44948974278317805	0.2958163163244893	0.26427884169111276	1.0	0.5	0.40453726661826384	0.2632403810669918	1.0	0.3660254037844386	0.3797958971132712	0.585786437626905	0.23497542908541053
ro	1.0	0.39564392373896007	1.0	1.0	1.0	0.44948974278317805	1.0	0.5	0.5	0.44948974278317805	1.0	0.585786437626905	0.585786437626905	0.5	0.5	0.5	0.5	1.0	0.585786437626905	1.0	1.0	0.585786437626905	0.5	0.44948974278317805	1.0	0.5	0.26427884169111276	1.0	1.0	0.40453726661826384	0.44948974278317805	1.0	0.5	0.585786437626905	0.585786437626905	0.5
ru	1.0	0.5	1.0	1.0	0.39564392373896007	0.1876127897984334	1.0	0.18001097668719743	0.26533119314590375	0.4142135623730951	1.0	1.0	0.585786437626905	0.4142135623730951	0.13367660240019172	1.0	1.0	1.0	1.0	1.0	1.0	0.21089672205953397	0.34833147735478825	0.2958163163244893	0.5	1.0	0.28989794855663564	1.0	0.5	0.4364916731037085	0.28989794855663564	1.0	0.44948974278317805	1.0	0.585786437626905	1.0
sh	1.0	0.25352803925531825	1.0	0.26427884169111276	0.28989794855663564	0.26427884169111276	0.4364916731037085	0.26427884169111276	0.26427884169111276	0.2739335927491396	0.4364916731037085	0.28989794855663564	0.4364916731037085	0.28172904669025317	0.28989794855663564	0.26427884169111276	0.26427884169111276	0.4364916731037085	0.4364916731037085	0.4364916731037085	1.0	0.26427884169111276	0.28989794855663564	0.26427884169111276	0.26427884169111276	0.28989794855663564	1.0	1.0	0.3483314773547883	0.33273127013699444	0.26427884169111276	1.0	0.26427884169111276	0.26427884169111276	0.40453726661826384	0.26427884169111276
si	1.0	0.585786437626905	1.0	1.0	1.0	1.0	1.0	1.0	1.0	1.0	1.0	1.0	1.0	1.0	1.0	1.0	1.0	1.0	1.0	1.0	1.0	1.0	1.0	1.0	1.0	1.0	1.0	1.0	1.0	1.0	1.0	1.0	1.0	1.0	0.585786437626905	1.0
simple	1.0	0.4364916731037085	1.0	1.0	0.585786437626905	0.5	1.0	0.5	0.5	0.44948974278317805	0.585786437626905	1.0	0.585786437626905	0.44948974278317805	0.5	0.5	0.5	1.0	1.0	1.0	1.0	0.4142135623730951	0.5	0.5	1.0	0.5	0.3483314773547883	1.0	1.0	0.585786437626905	0.3797958971132712	1.0	0.585786437626905	0.585786437626905	0.585786437626905	0.5
sr	1.0	0.3797958971132712	1.0	0.4364916731037085	0.40453726661826384	0.3333333333333333	0.585786437626905	0.2913396447229296	0.3333333333333333	0.49851311685382416	0.585786437626905	0.4364916731037085	0.5	0.40453726661826384	0.4364916731037085	0.4364916731037085	0.4364916731037085	0.585786437626905	0.585786437626905	0.585786437626905	1.0	0.30216947925196225	0.40453726661826384	0.40453726661826384	0.40453726661826384	0.4364916731037085	0.33273127013699444	1.0	0.585786437626905	1.0	0.4364916731037085	1.0	0.3797958971132712	0.4364916731037085	0.5	0.4364916731037085
sv	1.0	0.3333333333333333	1.0	1.0	0.5	0.23441237831492112	0.585786437626905	0.21040331845089688	0.26460746274239644	0.2766967754673749	0.3430703308172536	1.0	0.3726822671238253	0.26533119314590375	0.20063961005378	0.2791745113185196	0.36602540378443865	1.0	1.0	1.0	1.0	0.2928060946961875	0.34833147735478825	0.2632403810669918	0.44948974278317805	0.28989794855663564	0.26427884169111276	1.0	0.3797958971132712	0.4364916731037085	1.0	1.0	0.44948974278317805	0.39564392373896007	0.585786437626905	0.2791745113185196
te	1.0	1.0	0.0	1.0	1.0	1.0	1.0	1.0	1.0	1.0	1.0	1.0	1.0	1.0	1.0	1.0	1.0	1.0	1.0	1.0	1.0	1.0	1.0	1.0	1.0	1.0	1.0	1.0	1.0	1.0	1.0	1.0	1.0	1.0	1.0	1.0
tr	1.0	0.39564392373896007	-1.0	1.0	1.0	0.4142135623730951	0.585786437626905	0.2766967754673749	0.3333333333333333	0.4142135623730951	0.585786437626905	1.0	1.0	0.44948974278317805	0.4142135623730951	0.5	0.5	1.0	0.585786437626905	1.0	1.0	0.44948974278317805	0.44948974278317805	0.3660254037844386	0.5	0.44948974278317805	0.26427884169111276	1.0	0.585786437626905	0.3797958971132712	0.44948974278317805	1.0	1.0	0.585786437626905	0.585786437626905	0.44948974278317805
vi	1.0	0.39564392373896007	1.0	1.0	1.0	0.585786437626905	1.0	0.44948974278317805	0.39564392373896007	0.5	1.0	1.0	1.0	0.5	0.39564392373896007	1.0	1.0	1.0	1.0	1.0	1.0	0.5	1.0	0.3797958971132712	0.585786437626905	1.0	0.26427884169111276	1.0	0.585786437626905	0.4364916731037085	0.39564392373896007	1.0	0.585786437626905	1.0	0.585786437626905	1.0
war	1.0	0.585786437626905	1.0	0.585786437626905	0.585786437626905	0.585786437626905	0.585786437626905	0.585786437626905	0.585786437626905	0.5	0.585786437626905	0.585786437626905	0.585786437626905	0.585786437626905	0.585786437626905	0.585786437626905	0.585786437626905	0.585786437626905	0.585786437626905	0.585786437626905	1.0	0.585786437626905	0.585786437626905	0.585786437626905	0.585786437626905	0.585786437626905	0.40453726661826384	0.585786437626905	0.585786437626905	0.5	0.585786437626905	1.0	0.585786437626905	0.585786437626905	1.0	0.585786437626905
zh	1.0	0.39564392373896007	1.0	1.0	0.4364916731037085	0.28436465220442186	1.0	0.23166247903554	0.32449979983983984	0.34833147735478825	1.0	1.0	0.585786437626905	0.4142135623730951	0.21551468935838852	1.0	1.0	1.0	1.0	1.0	1.0	0.23800671553691075	0.38742588672279304	0.23497542908541053	0.5	1.0	0.26427884169111276	1.0	0.5	0.4364916731037085	0.2791745113185196	1.0	0.44948974278317805	1.0	0.585786437626905	1.0
