arz	bs	ceb	ckb	da	de	el	en	es	fr	he	hi	hu	id	it	ja	ko	lv	mk	ml	mr	nl	pl	pt	ro	ru	sh	si	simple	sr	sv	te	vi	war	zh
arz	0.055629728518716344	0.25	0.0	0.3333333333333333	0.14285714285714285	0.09090909090909091	0.08333333333333333	0.06250391016016016	0.1	0.08336807640974307	0.125	0.5	0.125	0.125	0.1	0.11112345679012345	0.08334027777777778	0.2	0.2	0.3333333333333333	0.25006256256256254	0.1111111111111111	0.1111111111111111	0.06667111111111111	0.09095042149587604	0.1	0.25	0.3333333333333333	0.1	0.25	0.11113581482717286	0.0	0.125	0.2	0.08333333333333333
bs	0.25	0.014343052701477814	0.0	0.2	0.01729355515235027	0.014311268647057538	0.01618176022861269	0.014304924527195798	0.015154270202020202	0.016504087855234658	0.01763294963444489	0.3333333333333333	0.016181230764754667	0.016764192354543524	0.014312298273495592	0.01643304566226275	0.015438053412601837	0.023042485492220075	0.06255866413680088	0.250125	0.1431844098200491	0.014973198314587911	0.015417584279090246	0.017259234562446813	0.016302558604803282	0.014957968074727119	0.11118523460495061	0.14285714285714285	0.03333666777777777	0.018339543955905074	0.01542043426003543	0.0	0.0285959420612441	0.09090909090909091	0.015179803122754668
ceb	0.0	0.0	0.5	0.0	1.0	0.5	0.5	0.5	0.5	0.5	0.5	1.0	0.5	0.5	0.5	0.5	0.5	1.0	1.0	0.0	0.5	0.5	0.5	0.5	0.5	0.5	0.5	0.0	0.5	1.0	0.5	0.0	0.5	0.0	0.5
ckb	0.3333333333333333	0.2	0.0	0.16669444444444442	0.2	0.16666666666666666	0.16666666666666666	0.16666666666666666	0.16666666666666666	0.16666666666666666	0.2	0.5	0.2	0.2	0.16669444444444442	0.2	0.16669444444444442	0.2	0.25	0.25	0.2	0.16666666666666666	0.16666666666666666	0.16666666666666666	0.16669444444444442	0.16666666666666666	0.5	0.3333333333333333	0.2	0.2	0.16669444444444442	0.0	0.2	0.16666666666666666	0.16666666666666666
da	0.14285714285714285	0.01729355515235027	1.0	0.2	0.0068742605585917094	0.008553807879176714	0.010538742514378212	0.006853493434746483	0.00826541909712458	0.008648277873840088	0.012682149592727036	0.3333333333333333	0.009816528276935436	0.013361117609078769	0.007640703052215843	0.01042611372125185	0.009722142548723873	0.020481285654372922	0.06253126171875	0.25	0.1251095628286571	0.00758800164020924	0.009532071119010168	0.010210750002709601	0.011949993077381822	0.009625844135189281	0.14289795918367348	0.07692307692307693	0.018519890260631	0.016987150703055166	0.008556223329546874	0.0	0.016136060095734393	0.0625	0.009015587943677138
de	0.09090909090909091	0.014311268647057538	0.5	0.16666666666666666	0.008553807879176714	0.0022908267585824813	0.006030963539242759	0.0023117592522038815	0.0027029218553688826	0.0029558769034154406	0.008784876300834263	0.3333333333333333	0.004552966526598475	0.010652465400568772	0.0028047579797251237	0.004171498600267803	0.005083392811202415	0.020040480955509435	0.050005002502502505	0.2	0.11113580246913579	0.0028643444127110017	0.0037090469368855324	0.003625999673113002	0.004469294147048314	0.0036278807565317374	0.07693491124260354	0.07692307692307693	0.012196014277215943	0.013178702438960816	0.006140129363884189	0.0	0.010104276094684419	0.06666666666666667	0.0037492362820394204
el	0.08333333333333333	0.01618176022861269	0.5	0.16666666666666666	0.010538742514378212	0.006030963539242759	0.005300624337923777	0.005323481726095522	0.005780747769721674	0.006088130838604375	0.00992152249465603	0.3333333333333333	0.007887743742676688	0.012221207458696676	0.00565572492659342	0.006906601540810118	0.007258896490672836	0.019687380917037704	0.050025005002502496	0.20007999999999998	0.1111728765555679	0.006109221191335736	0.006545059438742823	0.006807861541674164	0.007241023305969045	0.006337979510324592	0.11113581481481481	0.08333333333333333	0.015626220703125	0.01591266917747441	0.008860377884349228	0.0	0.015391719054912429	0.07692307692307693	0.0066741856526758335
en	0.06250391016016016	0.014304924527195798	0.5	0.16666666666666666	0.006853493434746483	0.0023117592522038815	0.005323481726095522	0.001261981465579133	0.0019232359504437865	0.0023184100460420113	0.008340701602991045	0.3333333333333333	0.0041369153466363365	0.00944251326682628	0.0020514965972718265	0.0037481118420805318	0.004488652359773656	0.019252978938624273	0.04762585260770975	0.2	0.1111358271852099	0.0021640712628829624	0.003070262760982207	0.0028426775573512078	0.004064263600009642	0.003147583760810532	0.07692307692307693	0.058823529411764705	0.011236334048857592	0.01177551156415904	0.004549218122481654	0.0	0.006291444681895494	0.0625	0.0030885168045557835
es	0.1	0.015154270202020202	0.5	0.16666666666666666	0.00826541909712458	0.0027029218553688826	0.005780747769721674	0.0019232359504437865	0.0018251073530996655	0.0026534701505323333	0.008334097291666667	0.3333333333333333	0.004386580524776854	0.010527202326980721	0.0023421507549539564	0.004000336032016	0.004831454643048846	0.019233728550666053	0.047619047619047616	0.2	0.125	0.0027476377098176546	0.0034017539567078757	0.0030030841652463275	0.0042389585969370685	0.0032897225805055396	0.08333333333333333	0.07142857142857142	0.012345679012345678	0.013159452908587258	0.006135270427942338	0.0	0.010101112131415162	0.0625	0.0035089935364727605
fr	0.08336807640974307	0.016504087855234658	0.5	0.16666666666666666	0.008648277873840088	0.0029558769034154406	0.006088130838604375	0.0023184100460420113	0.0026534701505323333	0.0024745941878109926	0.00859431771666651	0.3333333333333333	0.004514245063473086	0.011042640747493107	0.002710173365664911	0.004222275189693996	0.005052394868888088	0.0201580205891479	0.052667601108033237	0.20008004	0.12510950014076577	0.0031417710040732984	0.003778231927115746	0.0034119091759924527	0.004450016796794128	0.003708400354741334	0.11112345679012345	0.0625	0.013160492729571677	0.014785900240370175	0.006558194671532627	0.0	0.010537184942507608	0.0625	0.004129893154120453
he	0.125	0.01763294963444489	0.5	0.2	0.012682149592727036	0.008784876300834263	0.00992152249465603	0.008340701602991045	0.008334097291666667	0.00859431771666651	0.008394285467699271	0.33344444444444443	0.01089205999581595	0.014127285640457846	0.008558273231452591	0.009447868849822622	0.009282896843742885	0.019743723403419733	0.055592620391990755	0.25	0.12517210968798512	0.008948626141034557	0.009022991433869093	0.009356198541802174	0.010074548620178375	0.008561495984577725	0.125	0.07692307692307693	0.01785841836734694	0.016464431897764555	0.0112526421211095	0.0	0.021288372569489813	0.06666666666666667	0.009019652312404198
hi	0.5	0.3333333333333333	1.0	0.5	0.3333333333333333	0.3333333333333333	0.3333333333333333	0.3333333333333333	0.3333333333333333	0.3333333333333333	0.33344444444444443	0.33344444444444443	0.3333333333333333	0.3333333333333333	0.3333333333333333	0.5	0.3333333333333333	0.33344444444444443	0.3333333333333333	0.5	0.5	0.3333333333333333	0.3333333333333333	0.3333333333333333	0.33344444444444443	0.3333333333333333	1.0	0.1111111111111111	0.3333333333333333	0.33344444444444443	0.33344444444444443	0.0	0.3333333333333333	0.1	0.3333333333333333
hu	0.125	0.016181230764754667	0.5	0.2	0.009816528276935436	0.004552966526598475	0.007887743742676688	0.0041369153466363365	0.004386580524776854	0.004514245063473086	0.01089205999581595	0.3333333333333333	0.004227741162356407	0.0117918939753917	0.004299336886370737	0.006071423798075549	0.007532786582825027	0.019688514136429247	0.050017502500000005	0.2	0.11122233345690136	0.004621159447326833	0.005474322194949978	0.004980452199335746	0.005700351746420652	0.005596033796462013	0.14287755102040817	0.09090909090909091	0.016393980112872884	0.015666369926842064	0.008140803045566296	0.0	0.012051967920307882	0.08333333333333333	0.006376819314835021
id	0.125	0.016764192354543524	0.5	0.2	0.013361117609078769	0.010652465400568772	0.012221207458696676	0.00944251326682628	0.010527202326980721	0.011042640747493107	0.014127285640457846	0.3333333333333333	0.0117918939753917	0.009579530908434537	0.01043013934671348	0.010656321573755907	0.010230598055136486	0.01977378051968392	0.06254299612112113	0.25	0.12512509379689063	0.01077830202854499	0.011382651005888544	0.011504832484617394	0.012286662437030133	0.01054318553104689	0.125	0.07142857142857142	0.02222469185185185	0.017028799694759296	0.013007282213412115	0.0	0.01786991072386193	0.0625	0.010217426407885939
it	0.1	0.014312298273495592	0.5	0.16669444444444442	0.007640703052215843	0.0028047579797251237	0.00565572492659342	0.0020514965972718265	0.0023421507549539564	0.002710173365664911	0.008558273231452591	0.3333333333333333	0.004299336886370737	0.01043013934671348	0.0020594445924243046	0.004005351273981313	0.004908482184541989	0.019268558910683728	0.047628117913832195	0.20007999999999998	0.125078140625	0.0028476312986202373	0.003360395440587239	0.0032497605123884632	0.004410649012853649	0.0034527643832798233	0.07692899408284024	0.08333333333333333	0.012048483088982435	0.013353990104640369	0.005922346946926024	0.0	0.009094299588017605	0.07142857142857142	0.003652914782716464
ja	0.11112345679012345	0.01643304566226275	0.5	0.2	0.01042611372125185	0.004171498600267803	0.006906601540810118	0.0037481118420805318	0.004000336032016	0.004222275189693996	0.009447868849822622	0.5	0.006071423798075549	0.010656321573755907	0.004005351273981313	0.0037768661778838663	0.005628286333679601	0.02046998844086793	0.06251563673048048	0.25	0.14293881636738778	0.00449397745822642	0.005162036710141705	0.004811786638107411	0.005814530431579941	0.004658009297832412	0.1111111111111111	0.07692307692307693	0.014085498908946637	0.015903057303556185	0.007526324166727533	0.0	0.011115310247778025	0.06666666666666667	0.0048362445389685
ko	0.08334027777777778	0.015438053412601837	0.5	0.16669444444444442	0.009722142548723873	0.005083392811202415	0.007258896490672836	0.004488652359773656	0.004831454643048846	0.005052394868888088	0.009282896843742885	0.3333333333333333	0.007532786582825027	0.010230598055136486	0.004908482184541989	0.005628286333679601	0.00351824285061181	0.019686609655106907	0.05265929363157894	0.2	0.11118527169144453	0.005567649438701497	0.005997684199648087	0.005561148123679575	0.007039876790873318	0.005626828358195986	0.11112345679012345	0.07142857142857142	0.013158760387811634	0.015194339431713064	0.008076175038474104	0.0	0.013339201956089066	0.0625	0.005531187518035147
lv	0.2	0.023042485492220075	1.0	0.2	0.020481285654372922	0.020040480955509435	0.019687380917037704	0.019252978938624273	0.019233728550666053	0.0201580205891479	0.019743723403419733	0.33344444444444443	0.019688514136429247	0.01977378051968392	0.019268558910683728	0.02046998844086793	0.019686609655106907	0.019571736314710875	0.07156655642898523	0.25018756249999996	0.12539183183972344	0.019676144308494077	0.019666836315118195	0.020030445668902563	0.020267971082908814	0.019274875222021086	0.12507815625000002	0.09090909090909091	0.0344934661165327	0.021087721894594798	0.020471649835359353	0.0	0.03576279465944643	0.07142857142857142	0.019649456565614593
mk	0.2	0.06255866413680088	1.0	0.25	0.06253126171875	0.050005002502502505	0.050025005002502496	0.04762585260770975	0.047619047619047616	0.052667601108033237	0.055592620391990755	0.3333333333333333	0.050017502500000005	0.06254299612112113	0.047628117913832195	0.06251563673048048	0.05265929363157894	0.07156655642898523	0.04562252306070562	0.25006249999999997	0.16677780555555552	0.0476439977324263	0.047625850340136056	0.04546074586776859	0.04768262823144237	0.05265097783933517	0.20003999999999997	0.16666666666666666	0.07692307692307693	0.05888935648449138	0.055561728395061724	0.0	0.09094214876033059	0.09090909090909091	0.045464880167355365
ml	0.3333333333333333	0.250125	0.0	0.25	0.25	0.2	0.20007999999999998	0.2	0.2	0.20008004	0.25	0.5	0.2	0.25	0.20007999999999998	0.25	0.2	0.25018756249999996	0.25006249999999997	0.20016008	0.20003999999999997	0.2	0.2	0.20003999999999997	0.20016008	0.2	0.5	0.16666666666666666	0.2	0.25018756249999996	0.25	0.0	0.25	0.125	0.20003999999999997
mr	0.25006256256256254	0.1431844098200491	0.5	0.2	0.1251095628286571	0.11113580246913579	0.1111728765555679	0.1111358271852099	0.125	0.12510950014076577	0.12517210968798512	0.5	0.11122233345690136	0.12512509379689063	0.125078140625	0.14293881636738778	0.11118527169144453	0.12539183183972344	0.16677780555555552	0.20003999999999997	0.10059352096473219	0.11113580246913579	0.11112345679012345	0.11117287654320988	0.11137101396717144	0.12504689064064062	0.33344444444444443	0.2	0.1111111111111111	0.1252191413136739	0.14293881636738778	0.0	0.14289797959183675	0.14285714285714285	0.11113580246913579
nl	0.1111111111111111	0.014973198314587911	0.5	0.16666666666666666	0.00758800164020924	0.0028643444127110017	0.006109221191335736	0.0021640712628829624	0.0027476377098176546	0.0031417710040732984	0.008948626141034557	0.3333333333333333	0.004621159447326833	0.01077830202854499	0.0028476312986202373	0.00449397745822642	0.005567649438701497	0.019676144308494077	0.0476439977324263	0.2	0.11113580246913579	0.0019801440016476773	0.0036984290234261807	0.0029812301818188357	0.004762153198141083	0.003725865591062666	0.10000999999999999	0.07142857142857142	0.013334755555555555	0.01392874107893783	0.005035324077541977	0.0	0.007758554299265915	0.0625	0.0037802041937016295
pl	0.1111111111111111	0.015417584279090246	0.5	0.16666666666666666	0.009532071119010168	0.0037090469368855324	0.006545059438742823	0.003070262760982207	0.0034017539567078757	0.003778231927115746	0.009022991433869093	0.3333333333333333	0.005474322194949978	0.011382651005888544	0.003360395440587239	0.005162036710141705	0.005997684199648087	0.019666836315118195	0.047625850340136056	0.2	0.11112345679012345	0.0036984290234261807	0.0030572174436480377	0.004332642831396078	0.005410174227346549	0.004207549707186414	0.08334027777777778	0.07692307692307693	0.01351424397370343	0.013185821960218742	0.007150415876797412	0.0	0.012199287627007883	0.0625	0.004766966445402568
pt	0.06667111111111111	0.017259234562446813	0.5	0.16666666666666666	0.010210750002709601	0.003625999673113002	0.006807861541674164	0.0028426775573512078	0.0030030841652463275	0.0034119091759924527	0.009356198541802174	0.3333333333333333	0.004980452199335746	0.011504832484617394	0.0032497605123884632	0.004811786638107411	0.005561148123679575	0.020030445668902563	0.04546074586776859	0.20003999999999997	0.11117287654320988	0.0029812301818188357	0.004332642831396078	0.0023400523561440427	0.004735028816906499	0.0044878664777703555	0.1111111111111111	0.07142857142857142	0.013513513513513514	0.015639416025155527	0.007304175024562629	0.0	0.012197204491522902	0.0625	0.004697724790959114
ro	0.09095042149587604	0.016302558604803282	0.5	0.16669444444444442	0.011949993077381822	0.004469294147048314	0.007241023305969045	0.004064263600009642	0.0042389585969370685	0.004450016796794128	0.010074548620178375	0.33344444444444443	0.005700351746420652	0.012286662437030133	0.004410649012853649	0.005814530431579941	0.007039876790873318	0.020267971082908814	0.04768262823144237	0.20016008	0.11137101396717144	0.004762153198141083	0.005410174227346549	0.004735028816906499	0.0038115821792618254	0.0050057561472785575	0.12506254692192192	0.08333333333333333	0.015876543966238853	0.016537149077800597	0.00873736465745362	0.0	0.013536375879749603	0.06666666666666667	0.005372560064853497
ru	0.1	0.014957968074727119	0.5	0.16666666666666666	0.009625844135189281	0.0036278807565317374	0.006337979510324592	0.003147583760810532	0.0032897225805055396	0.003708400354741334	0.008561495984577725	0.3333333333333333	0.005596033796462013	0.01054318553104689	0.0034527643832798233	0.004658009297832412	0.005626828358195986	0.019274875222021086	0.05265097783933517	0.2	0.12504689064064062	0.003725865591062666	0.004207549707186414	0.0044878664777703555	0.0050057561472785575	0.003144860829141387	0.1	0.058823529411764705	0.013159106994632961	0.014952822544827429	0.0070985413248860745	0.0	0.010873938919424387	0.0625	0.004333694012747272
sh	0.25	0.11118523460495061	0.5	0.5	0.14289795918367348	0.07693491124260354	0.11113581481481481	0.07692307692307693	0.08333333333333333	0.11112345679012345	0.125	1.0	0.14287755102040817	0.125	0.07692899408284024	0.1111111111111111	0.11112345679012345	0.12507815625000002	0.20003999999999997	0.5	0.33344444444444443	0.10000999999999999	0.08334027777777778	0.1111111111111111	0.12506254692192192	0.1	0.07151541340834208	0.07142857142857142	0.2	0.08336808336113892	0.125	0.0	0.25	0.06666666666666667	0.1
si	0.3333333333333333	0.14285714285714285	0.0	0.3333333333333333	0.07692307692307693	0.07692307692307693	0.08333333333333333	0.058823529411764705	0.07142857142857142	0.0625	0.07692307692307693	0.1111111111111111	0.09090909090909091	0.07142857142857142	0.08333333333333333	0.07692307692307693	0.07142857142857142	0.09090909090909091	0.16666666666666666	0.16666666666666666	0.2	0.07142857142857142	0.07692307692307693	0.07142857142857142	0.08333333333333333	0.058823529411764705	0.07142857142857142	0.058823529411764705	0.08333333333333333	0.07692307692307693	0.07142857142857142	0.5	0.07142857142857142	0.16666666666666666	0.07142857142857142
simple	0.1	0.03333666777777777	0.5	0.2	0.018519890260631	0.012196014277215943	0.015626220703125	0.011236334048857592	0.012345679012345678	0.013160492729571677	0.01785841836734694	0.3333333333333333	0.016393980112872884	0.02222469185185185	0.012048483088982435	0.014085498908946637	0.013158760387811634	0.0344934661165327	0.07692307692307693	0.2	0.1111111111111111	0.013334755555555555	0.01351424397370343	0.013513513513513514	0.015876543966238853	0.013159106994632961	0.2	0.08333333333333333	0.011121864334581991	0.02941609169636765	0.016129812695109262	0.0	0.027028488677867057	0.07692307692307693	0.013158241170533413
sr	0.25	0.018339543955905074	1.0	0.2	0.016987150703055166	0.013178702438960816	0.01591266917747441	0.01177551156415904	0.013159452908587258	0.014785900240370175	0.016464431897764555	0.33344444444444443	0.015666369926842064	0.017028799694759296	0.013353990104640369	0.015903057303556185	0.015194339431713064	0.021087721894594798	0.05888935648449138	0.25018756249999996	0.1252191413136739	0.01392874107893783	0.013185821960218742	0.015639416025155527	0.016537149077800597	0.014952822544827429	0.08336808336113892	0.07692307692307693	0.02941609169636765	0.011987133464458096	0.016423330130024363	0.0	0.0303232387539045	0.07142857142857142	0.014508520068900027
sv	0.11113581482717286	0.01542043426003543	0.5	0.16669444444444442	0.008556223329546874	0.006140129363884189	0.008860377884349228	0.004549218122481654	0.006135270427942338	0.006558194671532627	0.0112526421211095	0.33344444444444443	0.008140803045566296	0.013007282213412115	0.005922346946926024	0.007526324166727533	0.008076175038474104	0.020471649835359353	0.055561728395061724	0.25	0.14293881636738778	0.005035324077541977	0.007150415876797412	0.007304175024562629	0.00873736465745362	0.0070985413248860745	0.125	0.07142857142857142	0.016129812695109262	0.016423330130024363	0.00451724874626661	0.0	0.010208768951166807	0.0625	0.007096780045324183
te	0.0	0.0	0.0	0.0	0.0	0.0	0.0	0.0	0.0	0.0	0.0	0.0	0.0	0.0	0.0	0.0	0.0	0.0	0.0	0.0	0.0	0.0	0.0	0.0	0.0	0.0	0.0	0.5	0.0	0.0	0.0	0.0	0.0	0.5	0.0
vi	0.125	0.0285959420612441	0.5	0.2	0.016136060095734393	0.010104276094684419	0.015391719054912429	0.006291444681895494	0.010101112131415162	0.010537184942507608	0.021288372569489813	0.3333333333333333	0.012051967920307882	0.01786991072386193	0.009094299588017605	0.011115310247778025	0.013339201956089066	0.03576279465944643	0.09094214876033059	0.25	0.14289797959183675	0.007758554299265915	0.012199287627007883	0.012197204491522902	0.013536375879749603	0.010873938919424387	0.25	0.07142857142857142	0.027028488677867057	0.0303232387539045	0.010208768951166807	0.0	0.006344011445160854	0.0625	0.010207102249583924
war	0.2	0.09090909090909091	0.0	0.16666666666666666	0.0625	0.06666666666666667	0.07692307692307693	0.0625	0.0625	0.0625	0.06666666666666667	0.1	0.08333333333333333	0.0625	0.07142857142857142	0.06666666666666667	0.0625	0.07142857142857142	0.09090909090909091	0.125	0.14285714285714285	0.0625	0.0625	0.0625	0.06666666666666667	0.0625	0.06666666666666667	0.16666666666666666	0.07692307692307693	0.07142857142857142	0.0625	0.5	0.0625	0.0625	0.0625
zh	0.08333333333333333	0.015179803122754668	0.5	0.16666666666666666	0.009015587943677138	0.0037492362820394204	0.0066741856526758335	0.0030885168045557835	0.0035089935364727605	0.004129893154120453	0.009019652312404198	0.3333333333333333	0.006376819314835021	0.010217426407885939	0.003652914782716464	0.0048362445389685	0.005531187518035147	0.019649456565614593	0.045464880167355365	0.20003999999999997	0.11113580246913579	0.0037802041937016295	0.004766966445402568	0.004697724790959114	0.005372560064853497	0.004333694012747272	0.1	0.07142857142857142	0.013158241170533413	0.014508520068900027	0.007096780045324183	0.0	0.010207102249583924	0.0625	0.0031101069822034397
