arz	bs	ceb	ckb	da	de	el	en	es	fr	he	hi	hu	id	it	ja	ko	lv	mk	ml	mr	nl	pl	pt	ro	ru	sh	si	simple	sr	sv	te	tr	vi	war	zh
arz	1.0	0.5555555555555556	0.6666666666666666	0.75	0.5416666666666666	0.5078125	0.75	0.5036231884057971	0.5096153846153846	0.5069444444444444	0.6938775510204082	0.7272727272727273	0.5238095238095238	0.5384615384615384	0.5104166666666666	0.6823529411764706	0.6875	0.782608695652174	0.7692307692307692	0.823529411764706	0.9090909090909091	0.5113636363636364	0.5131578947368421	0.5111111111111111	0.5357142857142857	0.6815642458100559	0.5555555555555556	0.7692307692307692	0.5357142857142857	0.5294117647058824	0.515625	1.0	0.5263157894736842	0.72	0.6000000000000001	0.6842105263157894
bs	0.5555555555555556	1.0	0.5068493150684932	0.5002885170225043	0.5014392630972941	0.5890570237621378	0.5226872277896061	0.5642511838674583	0.5407610929451349	0.6469211418833581	0.503698118508337	0.5002885170225043	0.5205728750151318	0.5142100582178938	0.51963498279387	0.5178819471241074	0.521398071103416	0.5002885170225043	0.6630392537893509	0.5002885170225043	0.5789473684210527	0.6828662500355616	0.6589667529419913	0.6586552571600086	0.533165001407097	0.66037752412393	0.656590485809868	0.5789473684210527	0.5011520737327189	0.6724902656393777	0.5185835907912615	0.5555555555555556	0.5777777777777777	0.5352571746915417	0.6000000000000001	0.6079618006202276
ceb	0.6666666666666666	0.5068493150684932	1.0	0.6666666666666666	0.5024154589371981	0.5005688282138794	0.6666666666666666	0.5001778726431875	0.500381679389313	0.5001591849729385	0.670076726342711	0.6726457399103138	0.6696629213483146	0.5023148148148148	0.5007874015748032	0.6697247706422018	0.671304347826087	0.6739130434782609	0.6725663716814159	0.6751592356687898	0.6666666666666666	0.5005025125628141	0.5010989010989011	0.5010330578512396	0.5032258064516129	0.6679764243614931	0.5027027027027027	0.6902654867256638	0.5033557046979865	0.50187265917603	0.5009174311926605	0.6666666666666666	-1.0	0.6728538283062645	0.5185185185185185	0.5013123359580053
ckb	0.75	0.5002885170225043	0.6666666666666666	1.0	0.6666666666666666	0.5006418485237484	0.5031446540880503	0.5009746588693957	0.5	0.5004135649296939	0.5	0.6666666666666666	0.5	0.5	0.5	0.5032679738562091	0.5	0.6666666666666666	0.6671955573185244	0.6666666666666666	0.787878787878788	0.5002932551319648	0.5003013863773357	0.5003035822707954	0.5	0.5002988643156008	0.5003455425017277	0.787878787878788	0.6666666666666666	0.5002898550724637	0.5035460992907801	0.75	0.5833333333333333	0.5	0.5833333333333333	0.5005117707267145
da	0.5416666666666666	0.5014392630972941	0.5024154589371981	0.6666666666666666	1.0	0.5025510204081632	0.5060240963855421	0.5038610038610039	0.5060240963855421	0.5016474464579901	0.5319148936170213	0.75	0.5096774193548387	0.509090909090909	0.510989010989011	0.5126582278481012	0.511904761904762	0.75	0.6682483194938711	0.75	0.56	0.5011695906432748	0.501201923076923	0.5012106537530266	0.5063829787234042	0.50119189511323	0.5010323468685478	0.56	0.782608695652174	0.5011560693641618	0.5102040816326531	0.5416666666666666	0.5576923076923077	0.5074626865671642	0.5769230769230769	0.5020366598778004
de	0.5078125	0.5890570237621378	0.5005688282138794	0.5006418485237484	0.5025510204081632	1.0	0.5463906144937427	0.6015155370539732	0.576915963880215	0.5760501381370403	0.51125	0.5006418485237484	0.541196495035857	0.5299779320618792	0.5432801822323463	0.5433272099938766	0.5459174842876151	0.5006418485237484	0.5886015325670498	0.5006418485237484	0.5116279069767442	0.5891816581470013	0.592582424647738	0.5939499435453519	0.5649539530100703	0.5847700239350295	0.5736876086666419	0.5116279069767442	0.5025575447570332	0.5889192804079001	0.5408372785527654	0.5078125	0.5472972972972973	0.5693443453849292	0.5153846153846153	0.5772753377008422
el	0.75	0.5226872277896061	0.6666666666666666	0.5031446540880503	0.5060240963855421	0.5463906144937427	1.0	0.5715567116209903	0.5798754970748058	0.5301433242398305	0.5129533678756477	0.5031446540880503	0.6123664691360814	0.5904626461046175	0.5458692915927061	0.5727524500956372	0.5963417785732745	0.5031446540880503	0.5224559408754974	0.5031446540880503	0.787878787878788	0.5227874055071078	0.5230009801203049	0.522747408644347	0.6118066292874621	0.5195725878274742	0.5241062460681708	0.787878787878788	0.503030303030303	0.5225001655367051	0.5673097529946605	0.75	0.5833333333333333	0.5833731964267835	0.5833333333333333	0.5353280737251968
en	0.5036231884057971	0.5642511838674583	0.5001778726431875	0.5009746588693957	0.5038610038610039	0.6015155370539732	0.5715567116209903	1.0	0.6105191954215523	0.5791350563347595	0.5188150872514161	0.5009746588693957	0.5702007090858489	0.5480849620978907	0.5652438743627693	0.564882324638514	0.5739118750839783	0.5009746588693957	0.5600408788962697	0.5009746588693957	0.5054151624548736	0.5647080185102915	0.5664053713555647	0.5656554980093718	0.6212659234664152	0.5589121009568498	0.5641239935692564	0.5054151624548736	0.5038759689922481	0.5620847273258461	0.5539108045795301	0.5036231884057971	0.5308219178082192	0.6069269866743796	0.5071942446043165	0.5803770557135189
es	0.5096153846153846	0.5407610929451349	0.500381679389313	0.5	0.5060240963855421	0.576915963880215	0.5798754970748058	0.6105191954215523	1.0	0.5558514983025463	0.5184135977337111	0.5015290519877675	0.589869195494185	0.5678206268059569	0.5678733031674208	0.5759036144578312	0.5952277338171387	0.5015290519877675	0.5415766738660907	0.5015290519877675	0.5142857142857143	0.5416644154305438	0.5444566410537871	0.5440781118710049	0.6241841388459546	0.5370967741935484	0.5432669749788457	0.5142857142857143	0.5060606060606061	0.5403268318397471	0.5628019323671498	0.5096153846153846	0.5564516129032258	0.6251642891489021	0.5188679245283019	0.5641247833622184
fr	0.5069444444444444	0.6469211418833581	0.5001591849729385	0.5004135649296939	0.5016474464579901	0.5760501381370403	0.5301433242398305	0.5791350563347595	0.5558514983025463	1.0	0.5056726094003241	0.5004135649296939	0.5293322372932555	0.5202776980249205	0.5279017278711439	0.527161919326767	0.5321275757615516	0.5004135649296939	0.6251082251082252	0.5004135649296939	0.5103448275862069	0.6433943763408196	0.6322449927308852	0.6320073336850777	0.5484778548481433	0.6256888292740985	0.6517821304770801	0.5103448275862069	0.5016501650165016	0.6316426807751865	0.5262302249260397	0.5069444444444444	0.5460122699386503	0.5464862626774237	0.5136986301369862	0.6425677284449762
he	0.6938775510204082	0.503698118508337	0.670076726342711	0.5	0.5319148936170213	0.51125	0.5129533678756477	0.5188150872514161	0.5184135977337111	0.5056726094003241	1.0	0.5121951219512195	0.5108695652173914	0.5071428571428571	0.54	0.5333333333333333	0.5233160621761658	0.5121951219512195	0.5038078500292912	0.5121951219512195	0.7070707070707071	0.5037550548815714	0.5059594755661502	0.5056988602279544	0.5134099616858238	0.5059101654846336	0.5030467163168585	0.7070707070707071	0.5217391304347826	0.5037121644774415	0.5172413793103449	0.6938775510204082	0.5555555555555556	0.511864406779661	0.5294117647058824	0.5069860279441117
hi	0.7272727272727273	0.5002885170225043	0.6726457399103138	0.6666666666666666	0.75	0.5006418485237484	0.5031446540880503	0.5009746588693957	0.5015290519877675	0.5004135649296939	0.5121951219512195	1.0	0.5033557046979865	0.5048543689320388	0.5028248587570622	0.5032679738562091	0.5030674846625767	1.0	0.6671955573185244	1.0	0.7555555555555555	0.5002932551319648	0.5003013863773357	0.5003035822707954	0.5021834061135371	0.5002988643156008	0.5	0.7555555555555555	0.7692307692307692	0.5002898550724637	0.5035460992907801	0.7272727272727273	0.5714285714285714	0.5019011406844106	0.5625	0.5005117707267145
hu	0.5238095238095238	0.5205728750151318	0.6696629213483146	0.5	0.5096774193548387	0.541196495035857	0.6123664691360814	0.5702007090858489	0.589869195494185	0.5293322372932555	0.5108695652173914	0.5033557046979865	1.0	0.6321308844435212	0.5595830128420985	0.5851077045392432	0.6804140249836261	0.5033557046979865	0.5202048947068867	0.5033557046979865	0.5348837209302326	0.5211473194970737	0.5212872805826204	0.5207833873042408	0.6587442214127726	0.5181779998497954	0.5226676942944815	0.5348837209302326	0.5064935064935064	0.5201923210044046	0.5727909402473551	0.5238095238095238	0.5588235294117647	0.6114947684027501	0.5454545454545455	0.5366680126033361
id	0.5384615384615384	0.5142100582178938	0.5023148148148148	0.5	0.509090909090909	0.5299779320618792	0.5904626461046175	0.5480849620978907	0.5678206268059569	0.5202776980249205	0.5071428571428571	0.5048543689320388	0.6321308844435212	1.0	0.5458769828623125	0.5894504093543953	0.6206887399641696	0.5048543689320388	0.5144341801385681	0.5048543689320388	0.5555555555555556	0.5144197879098303	0.5151395040904677	0.5148679413312811	0.5935359386423739	0.5129701429587827	0.5162955442368415	0.5555555555555556	0.5140186915887851	0.5142734753235927	0.5798583792289536	0.5384615384615384	0.5882352941176471	0.5794277502441181	0.5714285714285714	0.5246891619300138
it	0.5104166666666666	0.51963498279387	0.5007874015748032	0.5	0.510989010989011	0.5432801822323463	0.5458692915927061	0.5652438743627693	0.5678733031674208	0.5279017278711439	0.54	0.5028248587570622	0.5595830128420985	0.5458769828623125	1.0	0.5836173057844111	0.5599963367371151	0.5028248587570622	0.5198879551820729	0.5028248587570622	0.5154639175257733	0.5205262510232361	0.524	0.5232624928202182	0.5570276130663004	0.5226244343891403	0.5192316993590779	0.5154639175257733	0.5111111111111111	0.519409513395298	0.5638393249538542	0.5104166666666666	0.5652173913043479	0.553543077059862	0.5270985631459542	0.532347504621072
ja	0.6823529411764706	0.5178819471241074	0.6697247706422018	0.5032679738562091	0.5126582278481012	0.5433272099938766	0.5727524500956372	0.564882324638514	0.5759036144578312	0.527161919326767	0.5333333333333333	0.5032679738562091	0.5851077045392432	0.5894504093543953	0.5836173057844111	1.0	0.5886950628379473	0.5032679738562091	0.5180995475113122	0.5032679738562091	0.6900584795321637	0.5178792249860681	0.521914648212226	0.5217643644805572	0.5729188534166868	0.5211428571428571	0.5181710002392156	0.6900584795321637	0.5063291139240506	0.5176600441501104	0.5910931174089069	0.6823529411764706	0.556390977443609	0.5643146212838295	0.5172413793103449	0.5325779036827195
ko	0.6875	0.521398071103416	0.671304347826087	0.5	0.511904761904762	0.5459174842876151	0.5963417785732745	0.5739118750839783	0.5952277338171387	0.5321275757615516	0.5233160621761658	0.5030674846625767	0.6804140249836261	0.6206887399641696	0.5599963367371151	0.5886950628379473	1.0	0.5030674846625767	0.5212224108658744	0.5030674846625767	0.6976744186046512	0.5216912506509745	0.523107984857735	0.5234571127429204	0.6418872763079464	0.5190065975378438	0.5243654157023729	0.6976744186046512	0.5059523809523809	0.5212208491674248	0.5689073243071471	0.6875	0.5607476635514019	0.6122266361158941	0.5227272727272727	0.5388496193217625
lv	0.782608695652174	0.5002885170225043	0.6739130434782609	0.6666666666666666	0.75	0.5006418485237484	0.5031446540880503	0.5009746588693957	0.5015290519877675	0.5004135649296939	0.5121951219512195	1.0	0.5033557046979865	0.5048543689320388	0.5028248587570622	0.5032679738562091	0.5030674846625767	1.0	0.6671955573185244	1.0	0.8333333333333334	0.5002932551319648	0.5003013863773357	0.5003035822707954	0.5021834061135371	0.5002988643156008	0.5	0.8333333333333334	0.7692307692307692	0.5002898550724637	0.5035460992907801	0.782608695652174	0.5813953488372093	0.5019011406844106	0.6111111111111112	0.5005117707267145
mk	0.7692307692307692	0.6630392537893509	0.6725663716814159	0.6671955573185244	0.6682483194938711	0.5886015325670498	0.5224559408754974	0.5600408788962697	0.5415766738660907	0.6251082251082252	0.5038078500292912	0.6671955573185244	0.5202048947068867	0.5144341801385681	0.5198879551820729	0.5180995475113122	0.5212224108658744	0.6671955573185244	1.0	0.6671955573185244	0.8148148148148148	0.6635294117647059	0.6573454115793619	0.6578322784810128	0.5311804008908686	0.6582875098193245	0.6440049443757726	0.8148148148148148	0.6687797147385103	0.6630307752239969	0.5188141391106044	0.7692307692307692	0.5909090909090909	0.5352811466372658	0.6000000000000001	0.606392694063927
ml	0.823529411764706	0.5002885170225043	0.6751592356687898	0.6666666666666666	0.75	0.5006418485237484	0.5031446540880503	0.5009746588693957	0.5015290519877675	0.5004135649296939	0.5121951219512195	1.0	0.5033557046979865	0.5048543689320388	0.5028248587570622	0.5032679738562091	0.5030674846625767	1.0	0.6671955573185244	1.0	0.8888888888888888	0.5002932551319648	0.5003013863773357	0.5003035822707954	0.5021834061135371	0.5002988643156008	0.5	0.8888888888888888	0.7692307692307692	0.5002898550724637	0.5035460992907801	0.823529411764706	0.5609756097560976	0.5019011406844106	0.6428571428571428	0.5005117707267145
mr	0.9090909090909091	0.5789473684210527	0.6666666666666666	0.787878787878788	0.56	0.5116279069767442	0.787878787878788	0.5054151624548736	0.5142857142857143	0.5103448275862069	0.7070707070707071	0.7555555555555555	0.5348837209302326	0.5555555555555556	0.5154639175257733	0.6900584795321637	0.6976744186046512	0.8333333333333334	0.8148148148148148	0.8888888888888888	1.0	0.5168539325842697	0.5194805194805194	0.5164835164835164	0.5517241379310345	0.6888888888888889	0.5789473684210527	0.75	0.5517241379310345	0.5428571428571428	0.5230769230769231	0.9090909090909091	0.5384615384615384	0.7450980392156863	0.6363636363636364	0.6928104575163399
nl	0.5113636363636364	0.6828662500355616	0.5005025125628141	0.5002932551319648	0.5011695906432748	0.5891816581470013	0.5227874055071078	0.5647080185102915	0.5416644154305438	0.6433943763408196	0.5037550548815714	0.5002932551319648	0.5211473194970737	0.5144197879098303	0.5205262510232361	0.5178792249860681	0.5216912506509745	0.5002932551319648	0.6635294117647059	0.5002932551319648	0.5168539325842697	1.0	0.6604786163234914	0.6603482620250192	0.5333103408868282	0.6625057531814965	0.6535922985250134	0.5168539325842697	0.5011709601873536	0.6694019575663194	0.5191607749769344	0.5113636363636364	0.5648148148148149	0.5354928200825646	0.5222222222222223	0.6095695721706288
pl	0.5131578947368421	0.6589667529419913	0.5010989010989011	0.5003013863773357	0.501201923076923	0.592582424647738	0.5230009801203049	0.5664053713555647	0.5444566410537871	0.6322449927308852	0.5059594755661502	0.5003013863773357	0.5212872805826204	0.5151395040904677	0.524	0.521914648212226	0.523107984857735	0.5003013863773357	0.6573454115793619	0.5003013863773357	0.5194805194805194	0.6604786163234914	1.0	0.6647014676213007	0.5327588769886891	0.6589763431907568	0.6400179474515315	0.5194805194805194	0.5012033694344163	0.6580594311448962	0.5199537304800462	0.5131578947368421	0.5555555555555556	0.5367134050417038	0.5256410256410257	0.6132289223344805
pt	0.5111111111111111	0.6586552571600086	0.5010330578512396	0.5003035822707954	0.5012106537530266	0.5939499435453519	0.522747408644347	0.5656554980093718	0.5440781118710049	0.6320073336850777	0.5056988602279544	0.5003035822707954	0.5207833873042408	0.5148679413312811	0.5232624928202182	0.5217643644805572	0.5234571127429204	0.5003035822707954	0.6578322784810128	0.5003035822707954	0.5164835164835164	0.6603482620250192	0.6647014676213007	1.0	0.5324732608294347	0.6574084989964002	0.6402085884525479	0.5164835164835164	0.5012121212121212	0.6582697115924798	0.5200931857891672	0.5111111111111111	0.5740740740740741	0.5368127123178577	0.5217391304347826	0.6132967281352936
ro	0.5357142857142857	0.533165001407097	0.5032258064516129	0.5	0.5063829787234042	0.5649539530100703	0.6118066292874621	0.6212659234664152	0.6241841388459546	0.5484778548481433	0.5134099616858238	0.5021834061135371	0.6587442214127726	0.5935359386423739	0.5570276130663004	0.5729188534166868	0.6418872763079464	0.5021834061135371	0.5311804008908686	0.5021834061135371	0.5517241379310345	0.5333103408868282	0.5327588769886891	0.5324732608294347	1.0	0.525511558762814	0.5373680488345177	0.5517241379310345	0.5064377682403434	0.5322580711989987	0.563259193907026	0.5357142857142857	0.5961538461538461	0.6579332426709817	0.5666666666666667	0.5541556135926209
ru	0.6815642458100559	0.66037752412393	0.6679764243614931	0.5002988643156008	0.50119189511323	0.5847700239350295	0.5195725878274742	0.5589121009568498	0.5370967741935484	0.6256888292740985	0.5059101654846336	0.5002988643156008	0.5181779998497954	0.5129701429587827	0.5226244343891403	0.5211428571428571	0.5190065975378438	0.5002988643156008	0.6582875098193245	0.5002988643156008	0.6888888888888889	0.6625057531814965	0.6589763431907568	0.6574084989964002	0.525511558762814	1.0	0.6406990303662552	0.6888888888888889	0.5011933174224343	0.6597054885802062	0.5197934595524957	0.6815642458100559	0.5539568345323741	0.529520223078322	0.5163934426229508	0.6060353468503019
sh	0.5555555555555556	0.656590485809868	0.5027027027027027	0.5003455425017277	0.5010323468685478	0.5736876086666419	0.5241062460681708	0.5641239935692564	0.5432669749788457	0.6517821304770801	0.5030467163168585	0.5	0.5226676942944815	0.5162955442368415	0.5192316993590779	0.5181710002392156	0.5243654157023729	0.5	0.6440049443757726	0.5	0.5789473684210527	0.6535922985250134	0.6400179474515315	0.6402085884525479	0.5373680488345177	0.6406990303662552	1.0	0.5789473684210527	0.5006887052341598	0.6516838464119206	0.519684870654176	0.5555555555555556	0.5909090909090909	0.5382556712838913	0.6000000000000001	0.6207602178112722
si	0.7692307692307692	0.5789473684210527	0.6902654867256638	0.787878787878788	0.56	0.5116279069767442	0.787878787878788	0.5054151624548736	0.5142857142857143	0.5103448275862069	0.7070707070707071	0.7555555555555555	0.5348837209302326	0.5555555555555556	0.5154639175257733	0.6900584795321637	0.6976744186046512	0.8333333333333334	0.8148148148148148	0.8888888888888888	0.75	0.5168539325842697	0.5194805194805194	0.5164835164835164	0.5517241379310345	0.6888888888888889	0.5789473684210527	1.0	0.5517241379310345	0.5428571428571428	0.5230769230769231	0.7692307692307692	0.5384615384615384	0.7450980392156863	0.5833333333333333	0.6928104575163399
simple	0.5357142857142857	0.5011520737327189	0.5033557046979865	0.6666666666666666	0.782608695652174	0.5025575447570332	0.503030303030303	0.5038759689922481	0.5060606060606061	0.5016501650165016	0.5217391304347826	0.7692307692307692	0.5064935064935064	0.5140186915887851	0.5111111111111111	0.5063291139240506	0.5059523809523809	0.7692307692307692	0.6687797147385103	0.7692307692307692	0.5517241379310345	0.5011709601873536	0.5012033694344163	0.5012121212121212	0.5064377682403434	0.5011933174224343	0.5006887052341598	0.5517241379310345	1.0	0.5011574074074074	0.5103448275862069	0.5357142857142857	0.5849056603773585	0.5056179775280899	0.5666666666666667	0.5020408163265306
sr	0.5294117647058824	0.6724902656393777	0.50187265917603	0.5002898550724637	0.5011560693641618	0.5889192804079001	0.5225001655367051	0.5620847273258461	0.5403268318397471	0.6316426807751865	0.5037121644774415	0.5002898550724637	0.5201923210044046	0.5142734753235927	0.519409513395298	0.5176600441501104	0.5212208491674248	0.5002898550724637	0.6630307752239969	0.5002898550724637	0.5428571428571428	0.6694019575663194	0.6580594311448962	0.6582697115924798	0.5322580711989987	0.6597054885802062	0.6516838464119206	0.5428571428571428	0.5011574074074074	1.0	0.5183746109741011	0.5294117647058824	0.5862068965517242	0.5350638057709194	0.5555555555555556	0.607408892896227
sv	0.515625	0.5185835907912615	0.5009174311926605	0.5035460992907801	0.5102040816326531	0.5408372785527654	0.5673097529946605	0.5539108045795301	0.5628019323671498	0.5262302249260397	0.5172413793103449	0.5035460992907801	0.5727909402473551	0.5798583792289536	0.5638393249538542	0.5910931174089069	0.5689073243071471	0.5035460992907801	0.5188141391106044	0.5035460992907801	0.5230769230769231	0.5191607749769344	0.5199537304800462	0.5200931857891672	0.563259193907026	0.5197934595524957	0.519684870654176	0.5230769230769231	0.5103448275862069	0.5183746109741011	1.0	0.515625	0.5764705882352942	0.5570524785910717	0.5303030303030303	0.5300828334468857
te	1.0	0.5555555555555556	0.6666666666666666	0.75	0.5416666666666666	0.5078125	0.75	0.5036231884057971	0.5096153846153846	0.5069444444444444	0.6938775510204082	0.7272727272727273	0.5238095238095238	0.5384615384615384	0.5104166666666666	0.6823529411764706	0.6875	0.782608695652174	0.7692307692307692	0.823529411764706	0.9090909090909091	0.5113636363636364	0.5131578947368421	0.5111111111111111	0.5357142857142857	0.6815642458100559	0.5555555555555556	0.7692307692307692	0.5357142857142857	0.5294117647058824	0.515625	1.0	0.5263157894736842	0.72	0.6000000000000001	0.6842105263157894
tr	0.5263157894736842	0.5777777777777777	-1.0	0.5833333333333333	0.5576923076923077	0.5472972972972973	0.5833333333333333	0.5308219178082192	0.5564516129032258	0.5460122699386503	0.5555555555555556	0.5714285714285714	0.5588235294117647	0.5882352941176471	0.5652173913043479	0.556390977443609	0.5607476635514019	0.5813953488372093	0.5909090909090909	0.5609756097560976	0.5384615384615384	0.5648148148148149	0.5555555555555556	0.5740740740740741	0.5961538461538461	0.5539568345323741	0.5909090909090909	0.5384615384615384	0.5849056603773585	0.5862068965517242	0.5764705882352942	0.5263157894736842	1.0	0.576271186440678	0.55	0.5666666666666667
vi	0.72	0.5352571746915417	0.6728538283062645	0.5	0.5074626865671642	0.5693443453849292	0.5833731964267835	0.6069269866743796	0.6251642891489021	0.5464862626774237	0.511864406779661	0.5019011406844106	0.6114947684027501	0.5794277502441181	0.553543077059862	0.5643146212838295	0.6122266361158941	0.5019011406844106	0.5352811466372658	0.5019011406844106	0.7450980392156863	0.5354928200825646	0.5367134050417038	0.5368127123178577	0.6579332426709817	0.529520223078322	0.5382556712838913	0.7450980392156863	0.5056179775280899	0.5350638057709194	0.5570524785910717	0.72	0.576271186440678	1.0	0.5555555555555556	0.5557368777222936
war	0.6000000000000001	0.6000000000000001	0.5185185185185185	0.5833333333333333	0.5769230769230769	0.5153846153846153	0.5833333333333333	0.5071942446043165	0.5188679245283019	0.5136986301369862	0.5294117647058824	0.5625	0.5454545454545455	0.5714285714285714	0.5270985631459542	0.5172413793103449	0.5227272727272727	0.6111111111111112	0.6000000000000001	0.6428571428571428	0.6363636363636364	0.5222222222222223	0.5256410256410257	0.5217391304347826	0.5666666666666667	0.5163934426229508	0.6000000000000001	0.5833333333333333	0.5666666666666667	0.5555555555555556	0.5303030303030303	0.6000000000000001	0.55	0.5555555555555556	1.0	0.5192307692307692
zh	0.6842105263157894	0.6079618006202276	0.5013123359580053	0.5005117707267145	0.5020366598778004	0.5772753377008422	0.5353280737251968	0.5803770557135189	0.5641247833622184	0.6425677284449762	0.5069860279441117	0.5005117707267145	0.5366680126033361	0.5246891619300138	0.532347504621072	0.5325779036827195	0.5388496193217625	0.5005117707267145	0.606392694063927	0.5005117707267145	0.6928104575163399	0.6095695721706288	0.6132289223344805	0.6132967281352936	0.5541556135926209	0.6060353468503019	0.6207602178112722	0.6928104575163399	0.5020408163265306	0.607408892896227	0.5300828334468857	0.6842105263157894	0.5666666666666667	0.5557368777222936	0.5192307692307692	1.0
