arz	bs	ceb	ckb	da	de	el	en	es	fr	he	hi	hu	id	it	ja	ko	lv	mk	ml	mr	nl	pl	pt	ro	ru	sh	si	simple	sr	sv	te	vi	war	zh
arz	0.055629737811944746	0.25	0.0	0.3333333333333333	0.14285714285714285	0.09092562809917355	0.08334722222222221	0.06250390624999999	0.1	0.08334027777777778	0.125015625	0.5	0.125015625	0.125	0.1	0.1111111111111111	0.08334027777777778	0.20003999999999997	0.2	0.3333333333333333	0.25	0.11112345679012345	0.11113581482717286	0.06666666666666667	0.09095043803306611	0.1	0.25	0.3333333333333333	0.1	0.25	0.1111111111111111	0.0	0.125	0.2	0.08333333333333333
bs	0.25	0.020844191845054254	0.0	0.14285714285714285	0.08333333333333333	0.03225806451612903	0.125	0.02127659574468085	0.037037037037037035	0.034482758620689655	0.047619047619047616	0.05	0.047619047619047616	0.08333333333333333	0.038461538461538464	0.045454545454545456	0.03225806451612903	0.14285714285714285	0.1	0.2	1.0	0.058823529411764705	0.037037037037037035	0.037037037037037035	0.05	0.03125	0.1	0.2	0.1111111111111111	0.058823529411764705	0.03571428571428571	1.0	0.06666666666666667	1.0	0.030303030303030304
ceb	0.0	0.0	0.5	0.0	1.0	0.5	0.5	0.5	0.5	0.5	0.5	1.0	0.5	0.5	0.5	0.5	0.5	1.0	1.0	0.0	0.5	0.5	0.5	0.5	0.5	0.5	0.5	0.0	0.5	1.0	0.5	0.0	0.5	0.0	0.5
ckb	0.3333333333333333	0.14285714285714285	0.0	0.037074105643356656	0.07142857142857142	0.04	0.06666666666666667	0.03703840877914952	0.038461538461538464	0.038461538461538464	0.043478260869565216	0.06666666666666667	0.04	0.06666666666666667	0.045454545454545456	0.04	0.04	0.1	0.08333333333333333	0.2	1.0	0.041666666666666664	0.041666666666666664	0.038461538461538464	0.05555555555555555	0.038461538461538464	0.2	0.25	0.1111111111111111	0.0625	0.041666666666666664	1.0	0.045454545454545456	1.0	0.037037037037037035
da	0.14285714285714285	0.08333333333333333	1.0	0.07142857142857142	0.015883100532124213	0.018518518518518517	0.04	0.016129032258064516	0.018867924528301886	0.017857142857142856	0.020833333333333332	0.041666666666666664	0.025	0.045454545454545456	0.018867924528301886	0.02	0.02127659574468085	0.058823529411764705	0.1111111111111111	0.1111111111111111	1.0	0.022222222222222223	0.02	0.019230769230769232	0.034482758620689655	0.017543859649122806	0.14285714285714285	0.2	0.038461538461538464	0.03571428571428571	0.02173960302457467	1.0	0.030303030303030304	1.0	0.018518518518518517
de	0.09092562809917355	0.03225806451612903	0.5	0.04	0.018518518518518517	0.0011708930806517829	0.01694915254237288	0.0015174506828528073	0.00303951367781155	0.002066115702479339	0.003745332379469483	0.019230769230769232	0.005649717514124294	0.020833333333333332	0.003105609351491069	0.0030959752321981426	0.003401360544217687	0.045454545454545456	0.045454545454545456	0.06666666666666667	0.5	0.004237306090203965	0.0033783897918188456	0.0035587188612099642	0.011235955056179775	0.0023148148148148147	0.047619047619047616	0.14285714285714285	0.022222222222222223	0.011764705882352941	0.005025125628140704	1.0	0.007194244604316547	1.0	0.003215465100650324
el	0.08334722222222221	0.125	0.5	0.06666666666666667	0.04	0.01694915254237288	0.013705388441171138	0.0136986301369863	0.016666666666666666	0.016129032258064516	0.017543859649122806	0.043480151228733464	0.020833333333333332	0.041666666666666664	0.01639344262295082	0.01818181818181818	0.019230769230769232	0.0625	0.08333333333333333	0.14285714285714285	1.0	0.020833333333333332	0.017857142857142856	0.016666666666666666	0.03125	0.016129032258064516	0.08333333333333333	0.25	0.037037037037037035	0.029411764705882353	0.02040816326530612	1.0	0.029411764705882353	1.0	0.01694915254237288
en	0.06250390624999999	0.02127659574468085	0.5	0.03703840877914952	0.016129032258064516	0.0015174506828528073	0.0136986301369863	0.000555560809688308	0.00211864406779661	0.0013140656270451251	0.0030395229164549478	0.017857142857142856	0.004098360655737705	0.019231139053254437	0.0022173047330150786	0.001968507812015624	0.002617807900002741	0.038461538461538464	0.04	0.0625	0.5	0.0033333333333333335	0.0028653377230072	0.0024449877750611247	0.009174311926605505	0.00149925262256428	0.04	0.14285714285714285	0.0196078431372549	0.01020408163265306	0.002739733533495965	1.0	0.005586623388783122	1.0	0.002364071782662397
es	0.1	0.037037037037037035	0.5	0.038461538461538464	0.018867924528301886	0.00303951367781155	0.016666666666666666	0.00211864406779661	0.002060606689349184	0.002688172043010753	0.0044444444444444444	0.02040816326530612	0.006172839506172839	0.020833333333333332	0.003436426116838488	0.0035971352414471297	0.004081665972511454	0.041666666666666664	0.045454545454545456	0.06666666666666667	0.5	0.004739336492890996	0.004132231404958678	0.0036364033057851245	0.012048192771084338	0.0029154688947632366	0.041666666666666664	0.14285714285714285	0.020833333333333332	0.011111111111111112	0.0055248618784530384	1.0	0.008	1.0	0.0034722342785493826
fr	0.08334027777777778	0.034482758620689655	0.5	0.038461538461538464	0.017857142857142856	0.002066115702479339	0.016129032258064516	0.0013140656270451251	0.002688172043010753	0.0011770425910065253	0.003484344838470783	0.020000399999999998	0.004901960784313725	0.020833333333333332	0.002801151833282333	0.002702710007304602	0.0031645769908668483	0.04	0.043478260869565216	0.06666666666666667	0.5	0.003952569169960474	0.0033898419994254523	0.0031446639768996478	0.010869565217391304	0.0021231467582638014	0.043480151228733464	0.14285714285714285	0.021739130434782608	0.011111234567901236	0.0044843250417261555	1.0	0.006849361981610058	1.0	0.002932551319648094
he	0.125015625	0.047619047619047616	0.5	0.043478260869565216	0.020833333333333332	0.003745332379469483	0.017543859649122806	0.0030395229164549478	0.0044444444444444444	0.003484344838470783	0.002973137725845113	0.023809523809523808	0.007042253521126761	0.023255813953488372	0.00409837745229777	0.0045045045045045045	0.00497514912997203	0.04	0.05263157894736842	0.07142857142857142	0.5	0.005988059808526659	0.00487807257584771	0.005025150880028282	0.014084507042253521	0.003861003861003861	0.05	0.14285714285714285	0.02325635478637101	0.012820677186061802	0.006666666666666667	1.0	0.010101010101010102	1.0	0.004273559062020601
hi	0.5	0.05	1.0	0.06666666666666667	0.041666666666666664	0.019230769230769232	0.043480151228733464	0.017857142857142856	0.02040816326530612	0.020000399999999998	0.023809523809523808	0.017575930561024775	0.02564102564102564	0.038461538461538464	0.020408579758433985	0.021739130434782608	0.02127659574468085	0.0625	0.09090909090909091	0.14285714285714285	1.0	0.025	0.020833333333333332	0.020833333333333332	0.038461538461538464	0.0196078431372549	0.1111111111111111	0.14285714285714285	0.05263157894736842	0.03125	0.024390243902439025	1.0	0.030303948576675847	1.0	0.018518518518518517
hu	0.125015625	0.047619047619047616	0.5	0.04	0.025	0.005649717514124294	0.020833333333333332	0.004098360655737705	0.006172839506172839	0.004901960784313725	0.007042253521126761	0.02564102564102564	0.004003875475090674	0.02857142857142857	0.006211257281740674	0.006535947712418301	0.006535947712418301	0.045454545454545456	0.05	0.07142857142857142	1.0	0.007633587786259542	0.007246376811594203	0.0070921985815602835	0.014084507042253521	0.005	0.05555555555555555	0.16666666666666666	0.02702702702702703	0.01639344262295082	0.008196788497715669	1.0	0.011363636363636364	1.0	0.006172839506172839
id	0.125	0.08333333333333333	0.5	0.06666666666666667	0.045454545454545456	0.020833333333333332	0.041666666666666664	0.019231139053254437	0.020833333333333332	0.020833333333333332	0.023255813953488372	0.038461538461538464	0.02857142857142857	0.019254464149055853	0.022222222222222223	0.022222222222222223	0.022727272727272728	0.06666666666666667	0.1	0.125	1.0	0.023809523809523808	0.022727789256198346	0.020408579758433985	0.04	0.020833333333333332	0.1	0.16666666666666666	0.045454545454545456	0.029412629757785465	0.027777777777777776	1.0	0.03333333333333333	1.0	0.02083376736111111
it	0.1	0.038461538461538464	0.5	0.045454545454545456	0.018867924528301886	0.003105609351491069	0.01639344262295082	0.0022173047330150786	0.003436426116838488	0.002801151833282333	0.00409837745229777	0.020408579758433985	0.006211257281740674	0.022222222222222223	0.002103592794137553	0.0035460992907801418	0.004201715980509851	0.041666666666666664	0.05	0.06666666666666667	0.5	0.005347622179644828	0.004065057174961993	0.003968285462333082	0.011904761904761904	0.0030395691096719354	0.045456611570247926	0.14285714285714285	0.02040816326530612	0.011363636363636364	0.00584798741493109	1.0	0.008620689655172414	1.0	0.0035336188490304537
ja	0.1111111111111111	0.045454545454545456	0.5	0.04	0.02	0.0030959752321981426	0.01818181818181818	0.001968507812015624	0.0035971352414471297	0.002702710007304602	0.0045045045045045045	0.021739130434782608	0.006535947712418301	0.022222222222222223	0.0035460992907801418	0.001956955012823226	0.0038314469840431	0.04	0.05	0.06666666666666667	0.5	0.005025125628140704	0.004524886877828055	0.004273577324859376	0.012987012987012988	0.003125	0.05	0.14285714285714285	0.023255813953488372	0.012345831428135955	0.005494505494505495	1.0	0.008928651147959184	1.0	0.0036900369003690036
ko	0.08334027777777778	0.03225806451612903	0.5	0.04	0.02127659574468085	0.003401360544217687	0.019230769230769232	0.002617807900002741	0.004081665972511454	0.0031645769908668483	0.00497514912997203	0.02127659574468085	0.006535947712418301	0.022727272727272728	0.004201715980509851	0.0038314469840431	0.002518143522469694	0.041666666666666664	0.05263157894736842	0.06666666666666667	0.5	0.005347650776401956	0.0048543689320388345	0.004739358954201388	0.012048192771084338	0.003401360544217687	0.05263157894736842	0.14285714285714285	0.023255813953488372	0.013157894736842105	0.006329113924050633	1.0	0.009009009009009009	1.0	0.003952616038369604
lv	0.20003999999999997	0.14285714285714285	1.0	0.1	0.058823529411764705	0.045454545454545456	0.0625	0.038461538461538464	0.041666666666666664	0.04	0.04	0.0625	0.045454545454545456	0.06666666666666667	0.041666666666666664	0.04	0.041666666666666664	0.03847337573964497	0.14285714285714285	0.125	1.0	0.047619047619047616	0.041666666666666664	0.041666666666666664	0.05555555555555555	0.04	0.14285714285714285	0.16666666666666666	0.07142857142857142	0.058823529411764705	0.047619047619047616	1.0	0.05	1.0	0.04
mk	0.2	0.1	1.0	0.08333333333333333	0.1111111111111111	0.045454545454545456	0.08333333333333333	0.04	0.045454545454545456	0.043478260869565216	0.05263157894736842	0.09090909090909091	0.05	0.1	0.05	0.05	0.05263157894736842	0.14285714285714285	0.04004484163683204	0.3333333333333333	1.0	0.058823529411764705	0.05555555555555555	0.05	0.08333333333333333	0.041666666666666664	0.125	0.25	0.14285714285714285	0.07142857142857142	0.05	1.0	0.058823529411764705	1.0	0.041666666666666664
ml	0.3333333333333333	0.2	0.0	0.2	0.1111111111111111	0.06666666666666667	0.14285714285714285	0.0625	0.06666666666666667	0.06666666666666667	0.07142857142857142	0.14285714285714285	0.07142857142857142	0.125	0.06666666666666667	0.06666666666666667	0.06666666666666667	0.125	0.3333333333333333	0.0625586484922305	1.0	0.06666666666666667	0.06667111111111111	0.07142857142857142	0.1	0.0625	0.2	0.2	0.1111111111111111	0.1111111111111111	0.07142857142857142	1.0	0.08333333333333333	1.0	0.06666666666666667
mr	0.25	1.0	0.5	1.0	1.0	0.5	1.0	0.5	0.5	0.5	0.5	1.0	1.0	1.0	0.5	0.5	0.5	1.0	1.0	1.0	0.5	0.5	0.5	0.5	1.0	0.5	1.0	1.0	1.0	1.0	0.5	1.0	0.5	1.0	0.5
nl	0.11112345679012345	0.058823529411764705	0.5	0.041666666666666664	0.022222222222222223	0.004237306090203965	0.020833333333333332	0.0033333333333333335	0.004739336492890996	0.003952569169960474	0.005988059808526659	0.025	0.007633587786259542	0.023809523809523808	0.005347622179644828	0.005025125628140704	0.005347650776401956	0.047619047619047616	0.058823529411764705	0.06666666666666667	0.5	0.003248936689071081	0.006060606060606061	0.005917159763313609	0.014705882352941176	0.004098360655737705	0.058823529411764705	0.14285714285714285	0.02564102564102564	0.014706098615916955	0.006993006993006993	1.0	0.008771929824561403	1.0	0.0048543689320388345
pl	0.11113581482717286	0.037037037037037035	0.5	0.041666666666666664	0.02	0.0033783897918188456	0.017857142857142856	0.0028653377230072	0.004132231404958678	0.0033898419994254523	0.00487807257584771	0.020833333333333332	0.007246376811594203	0.022727789256198346	0.004065057174961993	0.004524886877828055	0.0048543689320388345	0.041666666666666664	0.05555555555555555	0.06667111111111111	0.5	0.006060606060606061	0.002234517142601197	0.004901960784313725	0.012195121951219513	0.003533581390702843	0.05263157894736842	0.14285714285714285	0.02631578947368421	0.012987012987012988	0.006711409395973154	1.0	0.009433962264150943	1.0	0.004347826086956522
pt	0.06666666666666667	0.037037037037037035	0.5	0.038461538461538464	0.019230769230769232	0.0035587188612099642	0.016666666666666666	0.0024449877750611247	0.0036364033057851245	0.0031446639768996478	0.005025150880028282	0.020833333333333332	0.0070921985815602835	0.020408579758433985	0.003968285462333082	0.004273577324859376	0.004739358954201388	0.041666666666666664	0.05	0.07142857142857142	0.5	0.005917159763313609	0.004901960784313725	0.0024086637651775686	0.013333333333333334	0.0035335689045936395	0.047619047619047616	0.14285714285714285	0.021739130434782608	0.012048192771084338	0.0064516129032258064	1.0	0.009345881736396193	1.0	0.003952569169960474
ro	0.09095043803306611	0.05	0.5	0.05555555555555555	0.034482758620689655	0.011235955056179775	0.03125	0.009174311926605505	0.012048192771084338	0.010869565217391304	0.014084507042253521	0.038461538461538464	0.014084507042253521	0.04	0.011904761904761904	0.012987012987012988	0.012048192771084338	0.05555555555555555	0.08333333333333333	0.1	1.0	0.014705882352941176	0.012195121951219513	0.013333333333333334	0.00885386670921787	0.010309278350515464	0.0625	0.16666666666666666	0.04	0.02702702702702703	0.0136986301369863	1.0	0.017241379310344827	1.0	0.011111111111111112
ru	0.1	0.03125	0.5	0.038461538461538464	0.017543859649122806	0.0023148148148148147	0.016129032258064516	0.00149925262256428	0.0029154688947632366	0.0021231467582638014	0.003861003861003861	0.0196078431372549	0.005	0.020833333333333332	0.0030395691096719354	0.003125	0.003401360544217687	0.04	0.041666666666666664	0.0625	0.5	0.004098360655737705	0.003533581390702843	0.0035335689045936395	0.010309278350515464	0.00131448525788573	0.043478260869565216	0.14285714285714285	0.020833333333333332	0.011235955056179775	0.004901960784313725	1.0	0.006578990650969529	1.0	0.0030959848172607807
sh	0.25	0.1	0.5	0.2	0.14285714285714285	0.047619047619047616	0.08333333333333333	0.04	0.041666666666666664	0.043480151228733464	0.05	0.1111111111111111	0.05555555555555555	0.1	0.045456611570247926	0.05	0.05263157894736842	0.14285714285714285	0.125	0.2	1.0	0.058823529411764705	0.05263157894736842	0.047619047619047616	0.0625	0.043478260869565216	0.0400256048048048	0.25	0.1111111111111111	0.043478260869565216	0.058823529411764705	1.0	0.08333333333333333	1.0	0.047619047619047616
si	0.3333333333333333	0.2	0.0	0.25	0.2	0.14285714285714285	0.25	0.14285714285714285	0.14285714285714285	0.14285714285714285	0.14285714285714285	0.14285714285714285	0.16666666666666666	0.16666666666666666	0.14285714285714285	0.14285714285714285	0.14285714285714285	0.16666666666666666	0.25	0.2	1.0	0.14285714285714285	0.14285714285714285	0.14285714285714285	0.16666666666666666	0.14285714285714285	0.25	0.14287755102040817	0.25	0.16666666666666666	0.16666666666666666	1.0	0.16666666666666666	1.0	0.14285714285714285
simple	0.1	0.1111111111111111	0.5	0.1111111111111111	0.038461538461538464	0.022222222222222223	0.037037037037037035	0.0196078431372549	0.020833333333333332	0.021739130434782608	0.02325635478637101	0.05263157894736842	0.02702702702702703	0.045454545454545456	0.02040816326530612	0.023255813953488372	0.023255813953488372	0.07142857142857142	0.14285714285714285	0.1111111111111111	1.0	0.02564102564102564	0.02631578947368421	0.021739130434782608	0.04	0.020833333333333332	0.1111111111111111	0.25	0.019234467825443784	0.037037037037037035	0.02631578947368421	1.0	0.03125	1.0	0.02127659574468085
sr	0.25	0.058823529411764705	1.0	0.0625	0.03571428571428571	0.011764705882352941	0.029411764705882353	0.01020408163265306	0.011111111111111112	0.011111234567901236	0.012820677186061802	0.03125	0.01639344262295082	0.029412629757785465	0.011363636363636364	0.012345831428135955	0.013157894736842105	0.058823529411764705	0.07142857142857142	0.1111111111111111	1.0	0.014706098615916955	0.012987012987012988	0.012048192771084338	0.02702702702702703	0.011235955056179775	0.043478260869565216	0.16666666666666666	0.037037037037037035	0.010212521975537178	0.014705882352941176	1.0	0.022727272727272728	1.0	0.011764705882352941
sv	0.1111111111111111	0.03571428571428571	0.5	0.041666666666666664	0.02173960302457467	0.005025125628140704	0.02040816326530612	0.002739733533495965	0.0055248618784530384	0.0044843250417261555	0.006666666666666667	0.024390243902439025	0.008196788497715669	0.027777777777777776	0.00584798741493109	0.005494505494505495	0.006329113924050633	0.047619047619047616	0.05	0.07142857142857142	0.5	0.006993006993006993	0.006711409395973154	0.0064516129032258064	0.0136986301369863	0.004901960784313725	0.058823529411764705	0.16666666666666666	0.02631578947368421	0.014705882352941176	0.002697409878874108	1.0	0.011494252873563218	1.0	0.0054945356840961235
te	0.0	1.0	0.0	1.0	1.0	1.0	1.0	1.0	1.0	1.0	1.0	1.0	1.0	1.0	1.0	1.0	1.0	1.0	1.0	1.0	1.0	1.0	1.0	1.0	1.0	1.0	1.0	1.0	1.0	1.0	1.0	1.0	1.0	1.0	1.0
vi	0.125	0.06666666666666667	0.5	0.045454545454545456	0.030303030303030304	0.007194244604316547	0.029411764705882353	0.005586623388783122	0.008	0.006849361981610058	0.010101010101010102	0.030303948576675847	0.011363636363636364	0.03333333333333333	0.008620689655172414	0.008928651147959184	0.009009009009009009	0.05	0.058823529411764705	0.08333333333333333	0.5	0.008771929824561403	0.009433962264150943	0.009345881736396193	0.017241379310344827	0.006578990650969529	0.08333333333333333	0.16666666666666666	0.03125	0.022727272727272728	0.011494252873563218	1.0	0.005593810440666161	1.0	0.0078125
war	0.2	1.0	0.0	1.0	1.0	1.0	1.0	1.0	1.0	1.0	1.0	1.0	1.0	1.0	1.0	1.0	1.0	1.0	1.0	1.0	1.0	1.0	1.0	1.0	1.0	1.0	1.0	1.0	1.0	1.0	1.0	1.0	1.0	1.0	1.0
zh	0.08333333333333333	0.030303030303030304	0.5	0.037037037037037035	0.018518518518518517	0.003215465100650324	0.01694915254237288	0.002364071782662397	0.0034722342785493826	0.002932551319648094	0.004273559062020601	0.018518518518518517	0.006172839506172839	0.02083376736111111	0.0035336188490304537	0.0036900369003690036	0.003952616038369604	0.04	0.041666666666666664	0.06666666666666667	0.5	0.0048543689320388345	0.004347826086956522	0.003952569169960474	0.011111111111111112	0.0030959848172607807	0.047619047619047616	0.14285714285714285	0.02127659574468085	0.011764705882352941	0.0054945356840961235	1.0	0.0078125	1.0	0.0023325575972488765
