arz	bs	ceb	ckb	da	de	el	en	es	fr	he	hi	hu	id	it	ja	ko	lv	mk	ml	mr	nl	pl	pt	ro	ru	sh	si	simple	sr	sv	te	vi	war	zh
arz	0.05562974399719179	0.25	0.0	0.3333333333333333	0.14285714285714285	0.09090909090909091	0.08334027777777778	0.06250390624999999	0.1	0.08337501388888888	0.125	0.5	0.125015625	0.125	0.10000999999999999	0.1111111111111111	0.08334027777777778	0.2	0.2	0.3333333333333333	0.25	0.1111111111111111	0.1111111111111111	0.06666666666666667	0.09092561983471073	0.10000999999999999	0.25	0.3333333333333333	0.1	0.25	0.11112345679012345	0.0	0.125	0.2	0.08334027777777778
bs	0.25	0.020844190976130206	0.0	0.14285714285714285	0.08333333333333333	0.03225806451612903	0.125	0.02127659574468085	0.037037037037037035	0.034482758620689655	0.047619047619047616	0.05	0.047619047619047616	0.08333333333333333	0.038463017751479284	0.045454545454545456	0.03225806451612903	0.14285714285714285	0.1	0.2	1.0	0.058823529411764705	0.037037037037037035	0.037037037037037035	0.05	0.03125	0.1	0.2	0.1111111111111111	0.058823529411764705	0.03571428571428571	1.0	0.06666666666666667	1.0	0.030303030303030304
ceb	0.0	0.0	0.5	0.0	1.0	0.5	0.5	0.5	0.5	0.5	0.5	1.0	0.5	0.5	0.5	0.5	0.5	1.0	1.0	0.0	0.5	0.5	0.5	0.5	0.5	0.5	0.5	0.0	0.5	1.0	0.5	0.0	0.5	0.0	0.5
ckb	0.3333333333333333	0.14285714285714285	0.0	0.03707410289163237	0.07142857142857142	0.04	0.06666666666666667	0.037037037037037035	0.038461538461538464	0.038461538461538464	0.043478260869565216	0.06667111111111111	0.04	0.06666666666666667	0.045454545454545456	0.04	0.04	0.10000999999999999	0.08333333333333333	0.2	1.0	0.041666666666666664	0.041666666666666664	0.038461538461538464	0.05555555555555555	0.038461538461538464	0.2	0.25	0.1111111111111111	0.0625	0.041666666666666664	1.0	0.045454545454545456	1.0	0.03703840877914952
da	0.14285714285714285	0.08333333333333333	1.0	0.07142857142857142	0.015883100533387002	0.018518518518518517	0.04	0.016129032258064516	0.018867924528301886	0.017857142857142856	0.02083376736111111	0.041666666666666664	0.025	0.045454545454545456	0.018867924528301886	0.02	0.02127659574468085	0.058823529411764705	0.1111111111111111	0.1111111111111111	1.0	0.022222222222222223	0.02	0.019230769230769232	0.03448394768133174	0.017543859649122806	0.14285714285714285	0.2	0.038461538461538464	0.035715561224489795	0.021739130434782608	1.0	0.030303948576675847	1.0	0.018518518518518517
de	0.09090909090909091	0.03225806451612903	0.5	0.04	0.018518518518518517	0.0011708929998542163	0.01694915254237288	0.001517452985509382	0.00303951367781155	0.0020661242401475307	0.003745332379469483	0.019231139053254437	0.005649717514124294	0.020833333333333332	0.003105590062111801	0.0030959848172607807	0.0034013721134712386	0.045454545454545456	0.045454545454545456	0.06666666666666667	0.5	0.00423728813559322	0.0033783783783783786	0.0035587188612099642	0.011235955056179775	0.0023148148148148147	0.047619047619047616	0.14285714285714285	0.022222222222222223	0.011764705882352941	0.005025125628140704	1.0	0.007194244604316547	1.0	0.003215454761633978
el	0.08334027777777778	0.125	0.5	0.06666666666666667	0.04	0.01694915254237288	0.013705389004879715	0.0136986301369863	0.016666666666666666	0.016129032258064516	0.017543859649122806	0.043478260869565216	0.020833333333333332	0.041666666666666664	0.01639344262295082	0.01818214876033058	0.019230769230769232	0.0625	0.08333333333333333	0.14285714285714285	1.0	0.020833333333333332	0.017857142857142856	0.016666666666666666	0.03125	0.016129032258064516	0.08333333333333333	0.25	0.037037037037037035	0.029411764705882353	0.02040816326530612	1.0	0.029411764705882353	1.0	0.01694915254237288
en	0.06250390624999999	0.02127659574468085	0.5	0.037037037037037035	0.016129032258064516	0.001517452985509382	0.0136986301369863	0.0005555608414330297	0.00211864406779661	0.001314060446780552	0.0030395321550983454	0.017857142857142856	0.0040983942488578345	0.019230769230769232	0.0022172949002217295	0.001968511687023374	0.0026178147528850633	0.038461538461538464	0.04	0.0625	0.5	0.0033333333333333335	0.0028653295128939827	0.0024449877750611247	0.009174311926605505	0.00149925262256428	0.04	0.14285714285714285	0.0196078431372549	0.01020408163265306	0.0027397260273972603	1.0	0.005586654598795294	1.0	0.002364077371471366
es	0.1	0.037037037037037035	0.5	0.038461538461538464	0.018867924528301886	0.00303951367781155	0.016666666666666666	0.00211864406779661	0.0020606065659410527	0.002688186495548618	0.0044444641975308645	0.02040816326530612	0.006172839506172839	0.02083376736111111	0.003436437925862944	0.0035971223021582736	0.004081649312786339	0.041666666666666664	0.045454545454545456	0.06666666666666667	0.5	0.004739336492890996	0.004132231404958678	0.003636376859504132	0.012048192771084338	0.0029154518950437317	0.041666666666666664	0.14285714285714285	0.020833333333333332	0.011111111111111112	0.0055248618784530384	1.0	0.008000064	1.0	0.0034722342785493826
fr	0.08337501388888888	0.034482758620689655	0.5	0.038461538461538464	0.017857142857142856	0.0020661242401475307	0.016129032258064516	0.001314060446780552	0.002688186495548618	0.0011770424246725093	0.003484356978960531	0.02	0.004901960784313725	0.020833333333333332	0.0028011675258338632	0.002702702702702703	0.0031645769908668483	0.04	0.043478260869565216	0.06666666666666667	0.5	0.003952569169960474	0.0033898535018787816	0.0031446738657489814	0.010869565217391304	0.0021231557737298335	0.043478260869565216	0.14285714285714285	0.021739130434782608	0.011111234567901236	0.004484304932735426	1.0	0.006849361981610058	1.0	0.0029325771192198215
he	0.125	0.047619047619047616	0.5	0.043478260869565216	0.02083376736111111	0.003745332379469483	0.017543859649122806	0.0030395321550983454	0.0044444641975308645	0.003484356978960531	0.00297313743513296	0.023809523809523808	0.007042303114461417	0.023255813953488372	0.00409837745229777	0.004504545085626167	0.00497514912997203	0.04	0.05263157894736842	0.07142857142857142	0.5	0.005988023952095809	0.004878048780487805	0.005025150880028282	0.014084507042253521	0.0038610336757054905	0.05	0.14285714285714285	0.023255813953488372	0.01282051282051282	0.006666666666666667	1.0	0.010101010101010102	1.0	0.004273540799181825
hi	0.5	0.05	1.0	0.06667111111111111	0.041666666666666664	0.019231139053254437	0.043478260869565216	0.017857142857142856	0.02040816326530612	0.02	0.023809523809523808	0.01757593303164965	0.02564102564102564	0.038461538461538464	0.020408996251561846	0.021739130434782608	0.02127659574468085	0.0625	0.09090909090909091	0.14285714285714285	1.0	0.025	0.020833333333333332	0.020833333333333332	0.038461538461538464	0.0196078431372549	0.11112345679012345	0.14285714285714285	0.05263157894736842	0.0312509765625	0.024390243902439025	1.0	0.030303030303030304	1.0	0.018518861454046638
hu	0.125015625	0.047619047619047616	0.5	0.04	0.025	0.005649717514124294	0.020833333333333332	0.0040983942488578345	0.006172839506172839	0.004901960784313725	0.007042303114461417	0.02564102564102564	0.004003875443218914	0.028572244897959183	0.006211295860499209	0.006535947712418301	0.006535990431030801	0.045454545454545456	0.05000249999999999	0.07142857142857142	1.0	0.007633587786259542	0.007246376811594203	0.007092248880841004	0.014084507042253521	0.005	0.05555555555555555	0.16666666666666666	0.02702702702702703	0.01639344262295082	0.00819672131147541	1.0	0.011363636363636364	1.0	0.006172915714067978
id	0.125	0.08333333333333333	0.5	0.06666666666666667	0.045454545454545456	0.020833333333333332	0.041666666666666664	0.019230769230769232	0.02083376736111111	0.020833333333333332	0.023255813953488372	0.038461538461538464	0.028572244897959183	0.01925446527185544	0.022222222222222223	0.022222222222222223	0.022727272727272728	0.06666666666666667	0.1	0.125	1.0	0.023809523809523808	0.022727272727272728	0.02040816326530612	0.04	0.020833333333333332	0.1	0.16666666666666666	0.045456611570247926	0.029411764705882353	0.027777777777777776	1.0	0.03333333333333333	1.0	0.020833333333333332
it	0.10000999999999999	0.038463017751479284	0.5	0.045454545454545456	0.018867924528301886	0.003105590062111801	0.01639344262295082	0.0022172949002217295	0.003436437925862944	0.0028011675258338632	0.00409837745229777	0.020408996251561846	0.006211295860499209	0.022222222222222223	0.0021035940279562943	0.003546124440420502	0.004201715980509851	0.041666666666666664	0.05	0.06666666666666667	0.5	0.0053475935828877	0.004065057174961993	0.003968285462333082	0.011904761904761904	0.00303951367781155	0.045454545454545456	0.14285714285714285	0.02040816326530612	0.011363765495867768	0.005847953216374269	1.0	0.008620689655172414	1.0	0.003533643821248861
ja	0.1111111111111111	0.045454545454545456	0.5	0.04	0.02	0.0030959848172607807	0.01818214876033058	0.001968511687023374	0.0035971223021582736	0.002702702702702703	0.004504545085626167	0.021739130434782608	0.006535947712418301	0.022222222222222223	0.003546124440420502	0.0019569548069911505	0.0038314469840431	0.04	0.05	0.06666666666666667	0.5	0.005025125628140704	0.004524907352429311	0.004273540799181825	0.012987012987012988	0.003125009765625	0.05	0.14285714285714285	0.023255813953488372	0.012345679012345678	0.0054945356840961235	1.0	0.008928571428571428	1.0	0.0036900369003690036
ko	0.08334027777777778	0.03225806451612903	0.5	0.04	0.02127659574468085	0.0034013721134712386	0.019230769230769232	0.0026178147528850633	0.004081649312786339	0.0031645769908668483	0.00497514912997203	0.02127659574468085	0.006535990431030801	0.022727272727272728	0.004201715980509851	0.0038314469840431	0.0025181438019075196	0.041666666666666664	0.05263157894736842	0.06666666666666667	0.5	0.0053475935828877	0.0048543689320388345	0.004739358954201388	0.012048337930033388	0.0034013836827247908	0.05263157894736842	0.14285714285714285	0.023255813953488372	0.013157894736842105	0.006329113924050633	1.0	0.009009009009009009	1.0	0.003952631661172648
lv	0.2	0.14285714285714285	1.0	0.10000999999999999	0.058823529411764705	0.045454545454545456	0.0625	0.038461538461538464	0.041666666666666664	0.04	0.04	0.0625	0.045454545454545456	0.06666666666666667	0.041666666666666664	0.04	0.041666666666666664	0.03847337721893491	0.14285714285714285	0.125	1.0	0.047619047619047616	0.041666666666666664	0.041666666666666664	0.05555555555555555	0.04	0.14285714285714285	0.16666666666666666	0.07142857142857142	0.058823529411764705	0.047619047619047616	1.0	0.05	1.0	0.04
mk	0.2	0.1	1.0	0.08333333333333333	0.1111111111111111	0.045454545454545456	0.08333333333333333	0.04	0.045454545454545456	0.043478260869565216	0.05263157894736842	0.09090909090909091	0.05000249999999999	0.1	0.05	0.05	0.05263157894736842	0.14285714285714285	0.04004485447209132	0.3333333333333333	1.0	0.058823529411764705	0.05555555555555555	0.05	0.08333333333333333	0.041666666666666664	0.125	0.25	0.14285714285714285	0.07142857142857142	0.05	1.0	0.058823529411764705	1.0	0.041666666666666664
ml	0.3333333333333333	0.2	0.0	0.2	0.1111111111111111	0.06666666666666667	0.14285714285714285	0.0625	0.06666666666666667	0.06666666666666667	0.07142857142857142	0.14285714285714285	0.07142857142857142	0.125	0.06666666666666667	0.06666666666666667	0.06666666666666667	0.125	0.3333333333333333	0.06255866023054696	1.0	0.06666666666666667	0.06666666666666667	0.07142857142857142	0.1	0.06250390624999999	0.2	0.2	0.1111111111111111	0.1111111111111111	0.07142857142857142	1.0	0.08333333333333333	1.0	0.06666666666666667
mr	0.25	1.0	0.5	1.0	1.0	0.5	1.0	0.5	0.5	0.5	0.5	1.0	1.0	1.0	0.5	0.5	0.5	1.0	1.0	1.0	0.5	0.5	0.5	0.5	1.0	0.5	1.0	1.0	1.0	1.0	0.5	1.0	0.5	1.0	0.5
nl	0.1111111111111111	0.058823529411764705	0.5	0.041666666666666664	0.022222222222222223	0.00423728813559322	0.020833333333333332	0.0033333333333333335	0.004739336492890996	0.003952569169960474	0.005988023952095809	0.025	0.007633587786259542	0.023809523809523808	0.0053475935828877	0.005025125628140704	0.0053475935828877	0.047619047619047616	0.058823529411764705	0.06666666666666667	0.5	0.0032489366890605074	0.006060642791551883	0.005917159763313609	0.014705882352941176	0.0040983942488578345	0.058823529411764705	0.14285714285714285	0.02564102564102564	0.014705882352941176	0.006993006993006993	1.0	0.008771929824561403	1.0	0.0048544160618342914
pl	0.1111111111111111	0.037037037037037035	0.5	0.041666666666666664	0.02	0.0033783783783783786	0.017857142857142856	0.0028653295128939827	0.004132231404958678	0.0033898535018787816	0.004878048780487805	0.020833333333333332	0.007246376811594203	0.022727272727272728	0.004065057174961993	0.004524907352429311	0.0048543689320388345	0.041666666666666664	0.05555555555555555	0.06666666666666667	0.5	0.006060642791551883	0.002234516813025303	0.004901960784313725	0.012195121951219513	0.003533593876812047	0.05263157894736842	0.14285714285714285	0.02631578947368421	0.012987350312025636	0.006711409395973154	1.0	0.009433962264150943	1.0	0.004347826086956522
pt	0.06666666666666667	0.037037037037037035	0.5	0.038461538461538464	0.019230769230769232	0.0035587188612099642	0.016666666666666666	0.0024449877750611247	0.003636376859504132	0.0031446738657489814	0.005025150880028282	0.020833333333333332	0.007092248880841004	0.02040816326530612	0.003968285462333082	0.004273540799181825	0.004739358954201388	0.041666666666666664	0.05	0.07142857142857142	0.5	0.005917159763313609	0.004901960784313725	0.0024086632831455644	0.013333333333333334	0.0035335689045936395	0.047619047619047616	0.14285714285714285	0.021739130434782608	0.012048192771084338	0.0064516129032258064	1.0	0.009345881736396193	1.0	0.003952600415566561
ro	0.09092561983471073	0.05	0.5	0.05555555555555555	0.03448394768133174	0.011235955056179775	0.03125	0.009174311926605505	0.012048192771084338	0.010869565217391304	0.014084507042253521	0.038461538461538464	0.014084507042253521	0.04	0.011904761904761904	0.012987012987012988	0.012048337930033388	0.05555555555555555	0.08333333333333333	0.1	1.0	0.014705882352941176	0.012195121951219513	0.013333333333333334	0.00885386694447537	0.010309278350515464	0.0625	0.16666666666666666	0.04	0.02702702702702703	0.0136986301369863	1.0	0.017241379310344827	1.0	0.011111111111111112
ru	0.10000999999999999	0.03125	0.5	0.038461538461538464	0.017543859649122806	0.0023148148148148147	0.016129032258064516	0.00149925262256428	0.0029154518950437317	0.0021231557737298335	0.0038610336757054905	0.0196078431372549	0.005	0.020833333333333332	0.00303951367781155	0.003125009765625	0.0034013836827247908	0.04	0.041666666666666664	0.06250390624999999	0.5	0.0040983942488578345	0.003533593876812047	0.0035335689045936395	0.010309278350515464	0.001314485437672219	0.043478260869565216	0.14285714285714285	0.020833333333333332	0.011235955056179775	0.004901960784313725	1.0	0.006578990650969529	1.0	0.0030959848172607807
sh	0.25	0.1	0.5	0.2	0.14285714285714285	0.047619047619047616	0.08333333333333333	0.04	0.041666666666666664	0.043478260869565216	0.05	0.11112345679012345	0.05555555555555555	0.1	0.045454545454545456	0.05	0.05263157894736842	0.14285714285714285	0.125	0.2	1.0	0.058823529411764705	0.05263157894736842	0.047619047619047616	0.0625	0.043478260869565216	0.0400256080048016	0.25	0.1111111111111111	0.043478260869565216	0.058823529411764705	1.0	0.08333333333333333	1.0	0.047619047619047616
si	0.3333333333333333	0.2	0.0	0.25	0.2	0.14285714285714285	0.25	0.14285714285714285	0.14285714285714285	0.14285714285714285	0.14285714285714285	0.14285714285714285	0.16666666666666666	0.16666666666666666	0.14285714285714285	0.14285714285714285	0.14285714285714285	0.16666666666666666	0.25	0.2	1.0	0.14285714285714285	0.14285714285714285	0.14285714285714285	0.16666666666666666	0.14285714285714285	0.25	0.14287755102040817	0.25	0.16666666666666666	0.16666666666666666	1.0	0.16666666666666666	1.0	0.14285714285714285
simple	0.1	0.1111111111111111	0.5	0.1111111111111111	0.038461538461538464	0.022222222222222223	0.037037037037037035	0.0196078431372549	0.020833333333333332	0.021739130434782608	0.023255813953488372	0.05263157894736842	0.02702702702702703	0.045456611570247926	0.02040816326530612	0.023255813953488372	0.023255813953488372	0.07142857142857142	0.14285714285714285	0.1111111111111111	1.0	0.02564102564102564	0.02631578947368421	0.021739130434782608	0.04	0.020833333333333332	0.1111111111111111	0.25	0.019234468195266273	0.037037037037037035	0.02631578947368421	1.0	0.03125	1.0	0.02127659574468085
sr	0.25	0.058823529411764705	1.0	0.0625	0.035715561224489795	0.011764705882352941	0.029411764705882353	0.01020408163265306	0.011111111111111112	0.011111234567901236	0.01282051282051282	0.0312509765625	0.01639344262295082	0.029411764705882353	0.011363765495867768	0.012345679012345678	0.013157894736842105	0.058823529411764705	0.07142857142857142	0.1111111111111111	1.0	0.014705882352941176	0.012987350312025636	0.012048192771084338	0.02702702702702703	0.011235955056179775	0.043478260869565216	0.16666666666666666	0.037037037037037035	0.010212521871203773	0.014705882352941176	1.0	0.022727272727272728	1.0	0.01176484429065744
sv	0.11112345679012345	0.03571428571428571	0.5	0.041666666666666664	0.021739130434782608	0.005025125628140704	0.02040816326530612	0.0027397260273972603	0.0055248618784530384	0.004484304932735426	0.006666666666666667	0.024390243902439025	0.00819672131147541	0.027777777777777776	0.005847953216374269	0.0054945356840961235	0.006329113924050633	0.047619047619047616	0.05	0.07142857142857142	0.5	0.006993006993006993	0.006711409395973154	0.0064516129032258064	0.0136986301369863	0.004901960784313725	0.058823529411764705	0.16666666666666666	0.02631578947368421	0.014705882352941176	0.002697410002478201	1.0	0.011494252873563218	1.0	0.005494565873686753
te	0.0	1.0	0.0	1.0	1.0	1.0	1.0	1.0	1.0	1.0	1.0	1.0	1.0	1.0	1.0	1.0	1.0	1.0	1.0	1.0	1.0	1.0	1.0	1.0	1.0	1.0	1.0	1.0	1.0	1.0	1.0	1.0	1.0	1.0	1.0
vi	0.125	0.06666666666666667	0.5	0.045454545454545456	0.030303948576675847	0.007194244604316547	0.029411764705882353	0.005586654598795294	0.008000064	0.006849361981610058	0.010101010101010102	0.030303030303030304	0.011363636363636364	0.03333333333333333	0.008620689655172414	0.008928571428571428	0.009009009009009009	0.05	0.058823529411764705	0.08333333333333333	0.5	0.008771929824561403	0.009433962264150943	0.009345881736396193	0.017241379310344827	0.006578990650969529	0.08333333333333333	0.16666666666666666	0.03125	0.022727272727272728	0.011494252873563218	1.0	0.00559381081656255	1.0	0.00781256103515625
war	0.2	1.0	0.0	1.0	1.0	1.0	1.0	1.0	1.0	1.0	1.0	1.0	1.0	1.0	1.0	1.0	1.0	1.0	1.0	1.0	1.0	1.0	1.0	1.0	1.0	1.0	1.0	1.0	1.0	1.0	1.0	1.0	1.0	1.0	1.0
zh	0.08334027777777778	0.030303030303030304	0.5	0.03703840877914952	0.018518518518518517	0.003215454761633978	0.01694915254237288	0.002364077371471366	0.0034722342785493826	0.0029325771192198215	0.004273540799181825	0.018518861454046638	0.006172915714067978	0.020833333333333332	0.003533643821248861	0.0036900369003690036	0.003952631661172648	0.04	0.041666666666666664	0.06666666666666667	0.5	0.0048544160618342914	0.004347826086956522	0.003952600415566561	0.011111111111111112	0.0030959848172607807	0.047619047619047616	0.14285714285714285	0.02127659574468085	0.01176484429065744	0.005494565873686753	1.0	0.00781256103515625	1.0	0.002332556911942432
