arz	bs	ceb	ckb	da	de	el	en	es	fr	he	hi	hu	id	it	ja	ko	lv	mk	ml	mr	nl	pl	pt	ro	ru	sh	si	simple	sr	sv	te	tr	vi	war	zh
arz	1.0	0.37848838596719275	0.49898390857352726	1.0	0.34936696762799835	0.0	0.0	0.0	0.0	0.0	1.0	1.0	0.3070077863006484	0.331083780847842	0.0	0.0	0.0	0.5678371292944138	1.0	1.0	1.0	0.0	0.0	0.0	0.3207116747339446	0.0	0.4719357469795232	1.0	0.3565521369679235	1.0	0.0	1.0	1.0	1.0	0.7248485669756151	0.0
bs	0.37848838596719275	1.0	0.4028626720328393	0.47530442827952535	0.24448121979854706	0.0	0.0	0.0	0.0	0.0	0.28979974525391333	0.2817617124608556	0.2054900330581008	0.22456561622289276	0.0	0.0	0.0	0.24280749771667343	0.30067574663570673	0.3430314333267416	0.28817726619672246	0.0	0.0	0.0	0.25379207059771225	0.0	0.2812160918948786	0.530274053714995	0.24935522013469869	0.28525783796615084	0.0	0.5025384624441899	0.4100552840051159	0.2640054848987531	0.48467948977283226	0.0
ceb	0.49898390857352726	0.4028626720328393	1.0	0.6167131210802118	0.3801032251887066	0.0	0.0	0.0	0.0	0.0	0.4339408318129499	0.4392895006245534	0.2439738714939672	0.26527101376877643	0.0	0.0	0.0	0.26677959885734254	0.43660269780665345	0.49702807362893975	0.48675329472484885	0.0	0.0	0.0	0.3167820881468557	0.0	0.39861331783624093	0.6701591524560107	0.3001612999060549	0.43474642646428924	0.0	0.7322034805959263	-1.0	0.37311869706813205	0.49490476406297984	0.0
ckb	1.0	0.47530442827952535	0.6167131210802118	1.0	0.22306939874219148	0.0	0.0	0.0	0.0	0.0	1.0	1.0	0.2567072729807545	0.33735545503198877	0.0	0.0	0.0	0.5468526616661364	1.0	1.0	1.0	0.0	0.0	0.0	0.4413678919829054	0.0	0.4556821983406906	1.0	0.30925771410372915	1.0	0.0	1.0	1.0	0.6398385892358057	0.661251134120194	0.0
da	0.34936696762799835	0.24448121979854706	0.3801032251887066	0.22306939874219148	1.0	0.0	0.0	0.0	0.0	0.0	0.21266338023350798	0.24539952149224686	0.15956670445608317	0.1494423906360843	0.0	0.0	0.0	0.14579190790442798	0.20180124260043686	0.24072814295727388	0.253808874786548	0.0	0.0	0.0	0.15116754532187945	0.0	0.18086775345023803	0.48633329531493735	0.14557139691919685	0.21166339678834414	0.0	0.6346123336792286	0.3798286462038969	0.19497633432301065	0.32579904568894513	0.0
de	0.0	0.0	0.0	0.0	0.0	1.0	1.0	1.0	1.0	1.0	0.0	0.0	0.0	0.0	1.0	1.0	1.0	0.0	0.0	0.0	0.0	0.0	0.0	1.0	0.0	1.0	0.0	0.0	0.0	0.0	1.0	0.0	0.24626765514868112	0.0	0.0	1.0
el	0.0	0.0	0.0	0.0	0.0	1.0	1.0	1.0	1.0	0.0	0.0	0.0	0.0	0.0	0.0	1.0	1.0	0.0	0.0	0.0	0.0	0.0	0.0	0.0	0.0	1.0	0.0	0.0	0.0	0.0	0.0	0.0	0.8137822343553781	0.0	0.0	1.0
en	0.0	0.0	0.0	0.0	0.0	1.0	1.0	1.0	1.0	1.0	0.0	0.0	0.0	0.0	1.0	1.0	1.0	0.0	0.0	0.0	0.0	0.0	0.0	1.0	0.0	1.0	0.0	0.0	0.0	0.0	1.0	0.0	0.2925113038673183	0.0	0.0	1.0
es	0.0	0.0	0.0	0.0	0.0	1.0	1.0	1.0	1.0	1.0	0.0	0.0	0.0	0.0	1.0	1.0	1.0	0.0	0.0	0.0	0.0	0.0	0.0	1.0	0.0	1.0	0.0	0.0	0.0	0.0	1.0	0.0	0.36639405282839255	0.0	0.0	1.0
fr	0.0	0.0	0.0	0.0	0.0	1.0	0.0	1.0	1.0	1.0	0.0	0.0	0.0	0.0	1.0	0.0	0.0	0.0	0.0	0.0	0.0	0.0	0.0	1.0	0.0	0.0	0.0	0.0	0.0	0.0	1.0	0.0	0.3807603915338281	0.0	0.0	1.0
he	1.0	0.28979974525391333	0.4339408318129499	1.0	0.21266338023350798	0.0	0.0	0.0	0.0	0.0	1.0	1.0	0.2679847906668659	0.19546128985414962	0.0	0.0	0.0	0.2102967387269788	1.0	1.0	1.0	0.0	0.0	0.0	0.18157783753253323	0.0	0.25373002618364443	1.0	0.19999543757121208	0.5782032259014133	0.0	1.0	0.682082772751162	0.5156697565471422	0.6143589292419388	0.0
hi	1.0	0.2817617124608556	0.4392895006245534	1.0	0.24539952149224686	0.0	0.0	0.0	0.0	0.0	1.0	1.0	0.2615207677182836	0.20433349404700737	0.0	0.0	0.0	0.2521387257328213	1.0	1.0	1.0	0.0	0.0	0.0	0.20124727815869192	0.0	0.23738028774304148	1.0	0.19085849784119974	0.6284056874597396	0.0	1.0	0.6994017365373274	0.4689488013232211	0.6143589292419388	0.0
hu	0.3070077863006484	0.2054900330581008	0.2439738714939672	0.2567072729807545	0.15956670445608317	0.0	0.0	0.0	0.0	0.0	0.2679847906668659	0.2615207677182836	1.0	0.15530956750514877	0.0	0.0	0.0	0.1760404236422325	0.2549963589371443	0.23565846874891214	0.2829259559786987	0.0	0.0	0.0	0.16969190604260112	0.0	0.20554780679916568	0.29215070717705655	0.1718456980517559	0.2566731139406924	0.0	0.3027247712249896	0.7510341748895938	0.2500035459156723	0.34367829601723177	0.0
id	0.331083780847842	0.22456561622289276	0.26527101376877643	0.33735545503198877	0.1494423906360843	0.0	0.0	0.0	0.0	0.0	0.19546128985414962	0.20433349404700737	0.15530956750514877	1.0	0.0	0.0	0.0	0.13061832485601751	0.14119973176015183	0.1945615869345786	0.245596198631139	0.0	0.0	0.0	0.1340847181302005	0.0	0.17357405525877112	0.3799386204055166	0.1259010218826705	0.1752789412741648	0.0	0.38289690305635327	0.42172495067571664	0.14412077719099156	0.3552120808582265	0.0
it	0.0	0.0	0.0	0.0	0.0	1.0	0.0	1.0	1.0	1.0	0.0	0.0	0.0	0.0	1.0	0.0	0.0	0.0	0.0	0.0	0.0	0.0	0.0	1.0	0.0	0.0	0.0	0.0	0.0	0.0	1.0	0.0	0.38847873267693084	0.0	0.0	1.0
ja	0.0	0.0	0.0	0.0	0.0	1.0	1.0	1.0	1.0	0.0	0.0	0.0	0.0	0.0	0.0	1.0	1.0	0.0	0.0	0.0	0.0	0.0	0.0	0.0	0.0	1.0	0.0	0.0	0.0	0.0	0.0	0.0	0.5220575617159607	0.0	0.0	1.0
ko	0.0	0.0	0.0	0.0	0.0	1.0	1.0	1.0	1.0	0.0	0.0	0.0	0.0	0.0	0.0	1.0	1.0	0.0	0.0	0.0	0.0	0.0	0.0	0.0	0.0	1.0	0.0	0.0	0.0	0.0	0.0	0.0	0.543240437640808	0.0	0.0	1.0
lv	0.5678371292944138	0.24280749771667343	0.26677959885734254	0.5468526616661364	0.14579190790442798	0.0	0.0	0.0	0.0	0.0	0.2102967387269788	0.2521387257328213	0.1760404236422325	0.13061832485601751	0.0	0.0	0.0	1.0	0.1787746811880512	0.26492225688097937	0.23481329391667324	0.0	0.0	0.0	0.15485783302691755	0.0	0.17710648524683198	0.5421448374928309	0.14044259650007754	0.15668266827579908	0.0	0.6221982196391784	0.6182153226774069	0.16987488730719544	0.5273829630498629	0.0
mk	1.0	0.30067574663570673	0.43660269780665345	1.0	0.20180124260043686	0.0	0.0	0.0	0.0	0.0	1.0	1.0	0.2549963589371443	0.14119973176015183	0.0	0.0	0.0	0.1787746811880512	1.0	1.0	1.0	0.0	0.0	0.0	0.17607698991119036	0.0	0.23128072602725494	1.0	0.18151870339225593	0.5747479002639629	0.0	1.0	0.7510341748895938	0.36186815556348595	0.6167131210802118	0.0
ml	1.0	0.3430314333267416	0.49702807362893975	1.0	0.24072814295727388	0.0	0.0	0.0	0.0	0.0	1.0	1.0	0.23565846874891214	0.1945615869345786	0.0	0.0	0.0	0.26492225688097937	1.0	1.0	1.0	0.0	0.0	0.0	0.2539145252410495	0.0	0.25198639100964615	1.0	0.22305225149548724	0.6271466284307813	0.0	1.0	0.65857855151911	0.4966025532090985	0.6167131210802118	0.0
mr	1.0	0.28817726619672246	0.48675329472484885	1.0	0.253808874786548	0.0	0.0	0.0	0.0	0.0	1.0	1.0	0.2829259559786987	0.245596198631139	0.0	0.0	0.0	0.23481329391667324	1.0	1.0	1.0	0.0	0.0	0.0	0.26220184186668316	0.0	0.2771990047137681	1.0	0.20030192383573237	1.0	0.0	1.0	1.0	0.5477500402397636	0.6167131210802118	0.0
nl	0.0	0.0	0.0	0.0	0.0	0.0	0.0	0.0	0.0	0.0	0.0	0.0	0.0	0.0	0.0	0.0	0.0	0.0	0.0	0.0	0.0	1.0	0.0	0.0	0.0	0.0	0.0	0.0	0.0	0.0	0.0	0.0	0.3655768960932774	0.0	0.0	0.0
pl	0.0	0.0	0.0	0.0	0.0	0.0	0.0	0.0	0.0	0.0	0.0	0.0	0.0	0.0	0.0	0.0	0.0	0.0	0.0	0.0	0.0	0.0	0.0	0.0	0.0	0.0	0.0	0.0	0.0	0.0	0.0	0.0	0.41924279149453925	0.0	0.0	0.0
pt	0.0	0.0	0.0	0.0	0.0	1.0	0.0	1.0	1.0	1.0	0.0	0.0	0.0	0.0	1.0	0.0	0.0	0.0	0.0	0.0	0.0	0.0	0.0	1.0	0.0	0.0	0.0	0.0	0.0	0.0	1.0	0.0	0.37754096962295064	0.0	0.0	1.0
ro	0.3207116747339446	0.25379207059771225	0.3167820881468557	0.4413678919829054	0.15116754532187945	0.0	0.0	0.0	0.0	0.0	0.18157783753253323	0.20124727815869192	0.16969190604260112	0.1340847181302005	0.0	0.0	0.0	0.15485783302691755	0.17607698991119036	0.2539145252410495	0.26220184186668316	0.0	0.0	0.0	1.0	0.0	0.1945054192739536	0.4155384589441547	0.14100727140131836	0.21522696421597015	0.0	0.5649879395951224	0.51805079748358	0.17267409501236425	0.42931517595446783	0.0
ru	0.0	0.0	0.0	0.0	0.0	1.0	1.0	1.0	1.0	0.0	0.0	0.0	0.0	0.0	0.0	1.0	1.0	0.0	0.0	0.0	0.0	0.0	0.0	0.0	0.0	1.0	0.0	0.0	0.0	0.0	0.0	0.0	0.43925871977020836	0.0	0.0	1.0
sh	0.4719357469795232	0.2812160918948786	0.39861331783624093	0.4556821983406906	0.18086775345023803	0.0	0.0	0.0	0.0	0.0	0.25373002618364443	0.23738028774304148	0.20554780679916568	0.17357405525877112	0.0	0.0	0.0	0.17710648524683198	0.23128072602725494	0.25198639100964615	0.2771990047137681	0.0	0.0	0.0	0.1945054192739536	0.0	1.0	0.6070429174104848	0.15127422477467806	0.23778024598542666	0.0	0.5053322885247198	0.5391132900928305	0.2144690345289799	0.4531245537512852	0.0
si	1.0	0.530274053714995	0.6701591524560107	1.0	0.48633329531493735	0.0	0.0	0.0	0.0	0.0	1.0	1.0	0.29215070717705655	0.3799386204055166	0.0	0.0	0.0	0.5421448374928309	1.0	1.0	1.0	0.0	0.0	0.0	0.4155384589441547	0.0	0.6070429174104848	1.0	0.558038376769253	1.0	0.0	1.0	1.0	1.0	0.7300208629885034	0.0
simple	0.3565521369679235	0.24935522013469869	0.3001612999060549	0.30925771410372915	0.14557139691919685	0.0	0.0	0.0	0.0	0.0	0.19999543757121208	0.19085849784119974	0.1718456980517559	0.1259010218826705	0.0	0.0	0.0	0.14044259650007754	0.18151870339225593	0.22305225149548724	0.20030192383573237	0.0	0.0	0.0	0.14100727140131836	0.0	0.15127422477467806	0.558038376769253	1.0	0.17226833846143533	0.0	0.5560660610469981	0.39147026200573704	0.165163765363776	0.41485739720635856	0.0
sr	1.0	0.28525783796615084	0.43474642646428924	1.0	0.21166339678834414	0.0	0.0	0.0	0.0	0.0	0.5782032259014133	0.6284056874597396	0.2566731139406924	0.1752789412741648	0.0	0.0	0.0	0.15668266827579908	0.5747479002639629	0.6271466284307813	1.0	0.0	0.0	0.0	0.21522696421597015	0.0	0.23778024598542666	1.0	0.17226833846143533	1.0	0.0	1.0	0.6786291688147439	0.45254333011040343	0.6102470946685321	0.0
sv	0.0	0.0	0.0	0.0	0.0	1.0	0.0	1.0	1.0	1.0	0.0	0.0	0.0	0.0	1.0	0.0	0.0	0.0	0.0	0.0	0.0	0.0	0.0	1.0	0.0	0.0	0.0	0.0	0.0	0.0	1.0	0.0	0.46931663953027675	0.0	0.0	1.0
te	1.0	0.5025384624441899	0.7322034805959263	1.0	0.6346123336792286	0.0	0.0	0.0	0.0	0.0	1.0	1.0	0.3027247712249896	0.38289690305635327	0.0	0.0	0.0	0.6221982196391784	1.0	1.0	1.0	0.0	0.0	0.0	0.5649879395951224	0.0	0.5053322885247198	1.0	0.5560660610469981	1.0	0.0	1.0	0.7510341748895938	1.0	0.7322034805959263	0.0
tr	1.0	0.4100552840051159	-1.0	1.0	0.3798286462038969	0.24626765514868112	0.8137822343553781	0.2925113038673183	0.36639405282839255	0.3807603915338281	0.682082772751162	0.6994017365373274	0.7510341748895938	0.42172495067571664	0.38847873267693084	0.5220575617159607	0.543240437640808	0.6182153226774069	0.7510341748895938	0.65857855151911	1.0	0.3655768960932774	0.41924279149453925	0.37754096962295064	0.51805079748358	0.43925871977020836	0.5391132900928305	1.0	0.39147026200573704	0.6786291688147439	0.46931663953027675	0.7510341748895938	1.0	0.5567473467599201	1.0	0.5127831837674288
vi	1.0	0.2640054848987531	0.37311869706813205	0.6398385892358057	0.19497633432301065	0.0	0.0	0.0	0.0	0.0	0.5156697565471422	0.4689488013232211	0.2500035459156723	0.14412077719099156	0.0	0.0	0.0	0.16987488730719544	0.36186815556348595	0.4966025532090985	0.5477500402397636	0.0	0.0	0.0	0.17267409501236425	0.0	0.2144690345289799	1.0	0.165163765363776	0.45254333011040343	0.0	1.0	0.5567473467599201	1.0	0.5808852645006567	0.0
war	0.7248485669756151	0.48467948977283226	0.49490476406297984	0.661251134120194	0.32579904568894513	0.0	0.0	0.0	0.0	0.0	0.6143589292419388	0.6143589292419388	0.34367829601723177	0.3552120808582265	0.0	0.0	0.0	0.5273829630498629	0.6167131210802118	0.6167131210802118	0.6167131210802118	0.0	0.0	0.0	0.42931517595446783	0.0	0.4531245537512852	0.7300208629885034	0.41485739720635856	0.6102470946685321	0.0	0.7322034805959263	1.0	0.5808852645006567	1.0	0.0
zh	0.0	0.0	0.0	0.0	0.0	1.0	1.0	1.0	1.0	1.0	0.0	0.0	0.0	0.0	1.0	1.0	1.0	0.0	0.0	0.0	0.0	0.0	0.0	1.0	0.0	1.0	0.0	0.0	0.0	0.0	1.0	0.0	0.5127831837674288	0.0	0.0	1.0
