arz	bs	ceb	ckb	da	de	el	en	es	fr	he	hi	hu	id	it	ja	ko	lv	mk	ml	mr	nl	pl	pt	ro	ru	sh	si	simple	sr	sv	te	tr	vi	war	zh
arz	1.0	0.5183673469387755	0.515748031496063	0.699724517906336	0.5182186234817814	0.5164835164835164	0.6967418546365916	0.5135135135135135	0.5164835164835164	0.5140186915887851	0.6991869918699187	0.7005649717514124	0.5166051660516605	0.5163636363636364	0.5179282868525896	0.6974358974358974	0.6936936936936937	0.5183673469387755	0.699724517906336	0.699724517906336	0.699724517906336	0.5182186234817814	0.5175097276264592	0.5175097276264592	0.5177865612648221	0.6974358974358974	0.5183673469387755	0.7407407407407407	0.5179282868525896	0.6991869918699187	0.5151515151515151	0.7030716723549488	0.5263157894736842	0.5175097276264592	0.5183673469387755	0.5171102661596958
bs	0.5183673469387755	1.0	0.918582366695704	0.6666666666666666	0.9676114735695045	0.8952914425982418	0.656084656084656	0.7824943411975211	0.8749106499080416	0.7972758054207878	0.664804469273743	0.6638176638176638	0.7690646360376475	0.8919952859478283	0.9657523643302983	0.6586021505376344	0.6446078431372549	0.8784571194091095	0.6666666666666666	0.6666666666666666	0.6666666666666666	0.9757409319795657	0.9389842501172719	0.7229097200257605	0.9518236649368299	0.6586021505376344	0.7273459906610727	0.5580524344569289	0.9641404308785332	0.664804469273743	0.8414647106260987	0.6385542168674699	0.5915909988156337	0.9152474615617947	0.6669332466948241	0.6876975969802974
ceb	0.515748031496063	0.918582366695704	1.0	0.6575342465753424	0.9187721870555623	0.9083676901854197	0.6596858638743456	0.7914495524300875	0.8864411485023855	0.8071137925228816	0.6594005449591281	0.6546961325966851	0.766143534553495	0.903298726007776	0.9272970120099367	0.6622340425531914	0.6480582524271845	0.836650395489231	0.6575342465753424	0.6575342465753424	0.6575342465753424	0.9256012666538891	0.9434220578263117	0.7215679561420629	0.9243498307294479	0.6622340425531914	0.7095117412162983	0.5543478260869565	0.9363047375350537	0.6594005449591281	0.8525244428199995	0.6334310850439883	-1.0	0.9196576811249136	0.6577848715673371	0.6926286509040334
ckb	0.699724517906336	0.6666666666666666	0.6575342465753424	1.0	0.6657303370786517	0.6544502617801047	0.9763779527559056	0.6334841628959276	0.6544502617801047	0.6372093023255814	0.99581589958159	0.9936034115138592	0.6552631578947369	0.6536458333333334	0.663888888888889	0.9819639278557114	0.9511754068716095	0.6666666666666666	1.0	1.0	1.0	0.6657303370786517	0.6612021857923497	0.6612021857923497	0.6629834254143646	0.9819639278557114	0.6666666666666666	0.7740259740259741	0.663888888888889	0.99581589958159	0.645320197044335	0.9380530973451326	0.5348837209302326	0.6612021857923497	0.6666666666666666	0.6586021505376344
da	0.5182186234817814	0.9676114735695045	0.9187721870555623	0.6657303370786517	1.0	0.896041393048859	0.6569920844327176	0.7834825983954077	0.8754263113716967	0.7975409350558191	0.6657381615598886	0.6628895184135978	0.7695633262770836	0.8916108241137142	0.9660194657768605	0.6595174262734586	0.6454767726161369	0.8708117381302931	0.6657303370786517	0.6657303370786517	0.6657303370786517	0.9639057142616447	0.9392819850777439	0.7239104492518783	0.9519463624129345	0.6595174262734586	0.725143268561651	0.5576208178438662	0.9640543691574845	0.6657381615598886	0.8417527964013193	0.6396396396396395	0.582089552238806	0.9162133555205662	0.6659648267590602	0.6889907443232597
de	0.5164835164835164	0.8952914425982418	0.9083676901854197	0.6544502617801047	0.896041393048859	1.0	0.6649746192893401	0.8177125170383635	0.9057949563854645	0.8348219855179901	0.65625	0.6517150395778364	0.7824962885210177	0.9164478808237791	0.9038732220932318	0.6590330788804072	0.6563981042654029	0.8175506082634716	0.6544502617801047	0.6544502617801047	0.6544502617801047	0.9018858459811506	0.9180548272257159	0.7123389954740551	0.9098228318626709	0.6624040920716113	0.7013498805729682	0.5525423728813559	0.9114525244008517	0.65625	0.8848857945754046	0.6312849162011173	0.5394736842105263	0.8941720409027422	0.6546984409598356	0.6859587644555307
el	0.6967418546365916	0.656084656084656	0.6596858638743456	0.9763779527559056	0.6569920844327176	0.6649746192893401	1.0	0.6431718061674009	0.6649746192893401	0.6470588235294118	0.9803921568627451	0.9702970297029704	0.6624365482233503	0.6624685138539043	0.6570680628272252	0.9865642994241843	0.9734513274336283	0.656084656084656	0.9763779527559056	0.9763779527559056	0.9763779527559056	0.6569920844327176	0.6614583333333334	0.6597402597402597	0.6596858638743456	0.9941972920696325	0.656084656084656	0.7648456057007126	0.6587926509186351	0.9803921568627451	0.6555023923444976	0.9256198347107438	0.5576923076923077	0.6614583333333334	0.656084656084656	0.6606683804627249
en	0.5135135135135135	0.7824943411975211	0.7914495524300875	0.6334841628959276	0.7834825983954077	0.8177125170383635	0.6431718061674009	1.0	0.8027406776009144	0.8674720146240668	0.6351351351351351	0.6309794988610479	0.7193401629695044	0.8201975085436372	0.7940229458159391	0.6407982261640798	0.6545842217484008	0.7346429072756295	0.6334841628959276	0.6334841628959276	0.6334841628959276	0.7868827770337812	0.79750226277439	0.6727152418397184	0.7926343113454335	0.6407982261640798	0.6617886131948024	0.543661971830986	0.7929034492649443	0.6351351351351351	0.8441469936713182	0.6124401913875598	0.5450236966824644	0.7828626881623553	0.6336089510930321	0.6578178021753268
es	0.5164835164835164	0.8749106499080416	0.8864411485023855	0.6544502617801047	0.8754263113716967	0.9057949563854645	0.6649746192893401	0.8027406776009144	1.0	0.8192463676136833	0.65625	0.6517150395778364	0.7757999578796979	0.9010008288593656	0.8822502124584937	0.6590330788804072	0.6563981042654029	0.8070928090919691	0.6544502617801047	0.6544502617801047	0.6544502617801047	0.8806652332083037	0.895604486571341	0.7101030662938583	0.8880120161101576	0.6624040920716113	0.7004933637187967	0.5525423728813559	0.8899550558670878	0.65625	0.8655659336618372	0.6312849162011173	0.5524628285533084	0.8764005336711228	0.6547015267474513	0.6857972708846033
fr	0.5140186915887851	0.7972758054207878	0.8071137925228816	0.6372093023255814	0.7975409350558191	0.8348219855179901	0.6470588235294118	0.8674720146240668	0.8192463676136833	1.0	0.638888888888889	0.6346604215456675	0.7299677405642331	0.837768986792844	0.809344104048083	0.6446469248291572	0.6557734204793028	0.7461713127339276	0.6372093023255814	0.6372093023255814	0.6372093023255814	0.8017033363216588	0.8132183949173671	0.6760570793228903	0.8076607545521233	0.6446469248291572	0.6687858224781833	0.5451895043731778	0.8087590147088962	0.638888888888889	0.863319599315159	0.6157635467980295	0.5468536038839786	0.7988136482394311	0.6373430634043893	0.6632964872495787
he	0.6991869918699187	0.664804469273743	0.6594005449591281	0.99581589958159	0.6657381615598886	0.65625	0.9803921568627451	0.6351351351351351	0.65625	0.638888888888889	1.0	0.9894736842105263	0.6570680628272252	0.655440414507772	0.6657458563535912	0.9860279441117764	0.9549549549549549	0.664804469273743	0.99581589958159	0.99581589958159	0.99581589958159	0.663888888888889	0.6630434782608696	0.6630434782608696	0.6648351648351649	0.9860279441117764	0.664804469273743	0.7723785166240409	0.6657458563535912	1.0	0.6470588235294118	0.9427312775330396	0.5555555555555556	0.6630434782608696	0.664804469273743	0.6604278074866311
hi	0.7005649717514124	0.6638176638176638	0.6546961325966851	0.9936034115138592	0.6628895184135978	0.6517150395778364	0.9702970297029704	0.6309794988610479	0.6517150395778364	0.6346604215456675	0.9894736842105263	1.0	0.6525198938992043	0.6509186351706038	0.6610644257703081	0.9758064516129034	0.9454545454545454	0.6638176638176638	0.9936034115138592	0.9936034115138592	0.9936034115138592	0.6628895184135978	0.6584022038567493	0.6584022038567493	0.6601671309192201	0.9758064516129034	0.6638176638176638	0.776595744680851	0.6610644257703081	0.9894736842105263	0.6426799007444168	0.9351230425055929	0.5636363636363636	0.6584022038567493	0.6638176638176638	0.6558265582655826
hu	0.5166051660516605	0.7690646360376475	0.766143534553495	0.6552631578947369	0.7695633262770836	0.7824962885210177	0.6624365482233503	0.7193401629695044	0.7757999578796979	0.7299677405642331	0.6570680628272252	0.6525198938992043	1.0	0.7716984669681263	0.7705120376265152	0.6564885496183206	0.655581947743468	0.7477676198575529	0.6552631578947369	0.6552631578947369	0.6552631578947369	0.7710622763629978	0.7700679173466584	0.7017460618713228	0.7757330881855502	0.659846547314578	0.6953881867231049	0.552901023890785	0.7745247360487135	0.6570680628272252	0.7555451204523557	0.6320224719101124	0.5441176470588236	0.7643664607328956	0.6554976566014469	0.6795724406097978
id	0.5163636363636364	0.8919952859478283	0.903298726007776	0.6536458333333334	0.8916108241137142	0.9164478808237791	0.6624685138539043	0.8201975085436372	0.9010008288593656	0.837768986792844	0.655440414507772	0.6509186351706038	0.7716984669681263	1.0	0.9085337172036116	0.6598984771573604	0.657210401891253	0.814833205613557	0.6536458333333334	0.6536458333333334	0.6536458333333334	0.8981198202179335	0.91344865687013	0.7106148164466879	0.9058762818738177	0.6615776081424937	0.6998672223163406	0.5521885521885521	0.9068594148184458	0.655440414507772	0.8894257729828406	0.6305555555555556	0.5795454545454545	0.8899783306781636	0.6538632541608302	0.6863316110850164
it	0.5179282868525896	0.9657523643302983	0.9272970120099367	0.663888888888889	0.9660194657768605	0.9038732220932318	0.6570680628272252	0.7940229458159391	0.8822502124584937	0.809344104048083	0.6657458563535912	0.6610644257703081	0.7705120376265152	0.9085337172036116	1.0	0.6613333333333333	0.6472019464720196	0.8662997664610581	0.663888888888889	0.663888888888889	0.663888888888889	0.9623312231388755	0.9484835743157095	0.72338370039398	0.9612015682511222	0.6595744680851063	0.7217110797151228	0.5567765567765568	0.974351551824495	0.6657458563535912	0.8563035910265153	0.6398809523809524	0.5570469798657718	0.922670757544603	0.6641357084634817	0.6907100099506008
ja	0.6974358974358974	0.6586021505376344	0.6622340425531914	0.9819639278557114	0.6595174262734586	0.6590330788804072	0.9865642994241843	0.6407982261640798	0.6590330788804072	0.6446469248291572	0.9860279441117764	0.9758064516129034	0.6564885496183206	0.6598984771573604	0.6613333333333333	1.0	0.9645390070921985	0.6586021505376344	0.9819639278557114	0.9819639278557114	0.9819639278557114	0.6595174262734586	0.6640211640211641	0.662269129287599	0.6604774535809019	0.9921875	0.6586021505376344	0.7669902912621359	0.6613333333333333	0.9860279441117764	0.6514423076923077	0.9305263157894738	0.5700934579439253	0.6640211640211641	0.6586021505376344	0.6666666666666666
ko	0.6936936936936937	0.6446078431372549	0.6480582524271845	0.9511754068716095	0.6454767726161369	0.6563981042654029	0.9734513274336283	0.6545842217484008	0.6563981042654029	0.6557734204793028	0.9549549549549549	0.9454545454545454	0.655581947743468	0.657210401891253	0.6472019464720196	0.9645390070921985	1.0	0.6446078431372549	0.9511754068716095	0.9511754068716095	0.9511754068716095	0.6454767726161369	0.6497584541062803	0.6497584541062803	0.6480582524271845	0.9679715302491102	0.6446078431372549	0.7553648068669528	0.6472019464720196	0.9549549549549549	0.6613272311212816	0.9035916824196597	0.5797101449275363	0.6497584541062803	0.6446078431372549	0.6507177033492824
lv	0.5183673469387755	0.8784571194091095	0.836650395489231	0.6666666666666666	0.8708117381302931	0.8175506082634716	0.656084656084656	0.7346429072756295	0.8070928090919691	0.7461713127339276	0.664804469273743	0.6638176638176638	0.7477676198575529	0.814833205613557	0.8662997664610581	0.6586021505376344	0.6446078431372549	1.0	0.6666666666666666	0.6666666666666666	0.6666666666666666	0.8738434825495177	0.8497227347447511	0.7164495853602117	0.8587537667636851	0.6586021505376344	0.7227179873131921	0.5580524344569289	0.8659847590254806	0.664804469273743	0.7782270154559341	0.6385542168674699	0.5614035087719298	0.83716012125132	0.666886679592426	0.6861056142612036
mk	0.699724517906336	0.6666666666666666	0.6575342465753424	1.0	0.6657303370786517	0.6544502617801047	0.9763779527559056	0.6334841628959276	0.6544502617801047	0.6372093023255814	0.99581589958159	0.9936034115138592	0.6552631578947369	0.6536458333333334	0.663888888888889	0.9819639278557114	0.9511754068716095	0.6666666666666666	1.0	1.0	1.0	0.6657303370786517	0.6612021857923497	0.6612021857923497	0.6629834254143646	0.9819639278557114	0.6666666666666666	0.7740259740259741	0.663888888888889	0.99581589958159	0.645320197044335	0.9380530973451326	0.5535714285714286	0.6612021857923497	0.6666666666666666	0.6586021505376344
ml	0.699724517906336	0.6666666666666666	0.6575342465753424	1.0	0.6657303370786517	0.6544502617801047	0.9763779527559056	0.6334841628959276	0.6544502617801047	0.6372093023255814	0.99581589958159	0.9936034115138592	0.6552631578947369	0.6536458333333334	0.663888888888889	0.9819639278557114	0.9511754068716095	0.6666666666666666	1.0	1.0	1.0	0.6657303370786517	0.6612021857923497	0.6612021857923497	0.6629834254143646	0.9819639278557114	0.6666666666666666	0.7740259740259741	0.663888888888889	0.99581589958159	0.645320197044335	0.9380530973451326	0.5737704918032787	0.6612021857923497	0.6666666666666666	0.6586021505376344
mr	0.699724517906336	0.6666666666666666	0.6575342465753424	1.0	0.6657303370786517	0.6544502617801047	0.9763779527559056	0.6334841628959276	0.6544502617801047	0.6372093023255814	0.99581589958159	0.9936034115138592	0.6552631578947369	0.6536458333333334	0.663888888888889	0.9819639278557114	0.9511754068716095	0.6666666666666666	1.0	1.0	1.0	0.6657303370786517	0.6612021857923497	0.6612021857923497	0.6629834254143646	0.9819639278557114	0.6666666666666666	0.7740259740259741	0.663888888888889	0.99581589958159	0.645320197044335	0.9380530973451326	0.5238095238095238	0.6612021857923497	0.6666666666666666	0.6586021505376344
nl	0.5182186234817814	0.9757409319795657	0.9256012666538891	0.6657303370786517	0.9639057142616447	0.9018858459811506	0.6569920844327176	0.7868827770337812	0.8806652332083037	0.8017033363216588	0.663888888888889	0.6628895184135978	0.7710622763629978	0.8981198202179335	0.9623312231388755	0.6595174262734586	0.6454767726161369	0.8738434825495177	0.6657303370786517	0.6657303370786517	0.6657303370786517	1.0	0.946582453026948	0.725134949345741	0.9596829561831968	0.6595174262734586	0.7258187651261603	0.5576208178438662	0.960845044445102	0.663888888888889	0.8468274563919489	0.6377245508982036	0.5315593000585614	0.921946783402472	0.6659891443329661	0.6890072175625405
pl	0.5175097276264592	0.9389842501172719	0.9434220578263117	0.6612021857923497	0.9392819850777439	0.9180548272257159	0.6614583333333334	0.79750226277439	0.895604486571341	0.8132183949173671	0.6630434782608696	0.6584022038567493	0.7700679173466584	0.91344865687013	0.9484835743157095	0.6640211640211641	0.6497584541062803	0.8497227347447511	0.6612021857923497	0.6612021857923497	0.6612021857923497	0.946582453026948	1.0	0.7238358275700107	0.945145824116417	0.6640211640211641	0.7153981763160945	0.5555555555555556	0.9470550731099886	0.6630434782608696	0.8604151551297974	0.6374269005847952	0.5428571428571428	0.9283850221383819	0.6614473889372664	0.6949071932989583
pt	0.5175097276264592	0.7229097200257605	0.7215679561420629	0.6612021857923497	0.7239104492518783	0.7123389954740551	0.6597402597402597	0.6727152418397184	0.7101030662938583	0.6760570793228903	0.6630434782608696	0.6584022038567493	0.7017460618713228	0.7106148164466879	0.72338370039398	0.662269129287599	0.6497584541062803	0.7164495853602117	0.6612021857923497	0.6612021857923497	0.6612021857923497	0.725134949345741	0.7238358275700107	1.0	0.724770705386099	0.662269129287599	0.6922200435271729	0.5555555555555556	0.7271122907992826	0.6630434782608696	0.6932644264190965	0.6374269005847952	0.5542857142857143	0.726074148683431	0.6612021857923497	0.6827574371155655
ro	0.5177865612648221	0.9518236649368299	0.9243498307294479	0.6629834254143646	0.9519463624129345	0.9098228318626709	0.6596858638743456	0.7926343113454335	0.8880120161101576	0.8076607545521233	0.6648351648351649	0.6601671309192201	0.7757330881855502	0.9058762818738177	0.9612015682511222	0.6604774535809019	0.6480582524271845	0.8587537667636851	0.6629834254143646	0.6629834254143646	0.6629834254143646	0.9596829561831968	0.945145824116417	0.724770705386099	1.0	0.6622340425531914	0.7190350541444099	0.5563636363636364	0.9592595091222641	0.6648351648351649	0.8538552110686719	0.6390532544378698	0.5483870967741935	0.9199330038167248	0.6632677167386438	0.6898648056774843
ru	0.6974358974358974	0.6586021505376344	0.6622340425531914	0.9819639278557114	0.6595174262734586	0.6624040920716113	0.9941972920696325	0.6407982261640798	0.6624040920716113	0.6446469248291572	0.9860279441117764	0.9758064516129034	0.659846547314578	0.6615776081424937	0.6595744680851063	0.9921875	0.9679715302491102	0.6586021505376344	0.9819639278557114	0.9819639278557114	0.9819639278557114	0.6595174262734586	0.6640211640211641	0.662269129287599	0.6622340425531914	1.0	0.6586021505376344	0.7669902912621359	0.6613333333333333	0.9860279441117764	0.6530120481927711	0.9305263157894738	0.5549132947976879	0.6640211640211641	0.6586021505376344	0.6631853785900783
sh	0.5183673469387755	0.7273459906610727	0.7095117412162983	0.6666666666666666	0.725143268561651	0.7013498805729682	0.656084656084656	0.6617886131948024	0.7004933637187967	0.6687858224781833	0.664804469273743	0.6638176638176638	0.6953881867231049	0.6998672223163406	0.7217110797151228	0.6586021505376344	0.6446078431372549	0.7227179873131921	0.6666666666666666	0.6666666666666666	0.6666666666666666	0.7258187651261603	0.7153981763160945	0.6922200435271729	0.7190350541444099	0.6586021505376344	1.0	0.5580524344569289	0.7209688031806328	0.664804469273743	0.683612617201027	0.6385542168674699	0.5573770491803278	0.7148333979195789	0.6668869795109055	0.6791795035966858
si	0.7407407407407407	0.5580524344569289	0.5543478260869565	0.7740259740259741	0.5576208178438662	0.5525423728813559	0.7648456057007126	0.543661971830986	0.5525423728813559	0.5451895043731778	0.7723785166240409	0.776595744680851	0.552901023890785	0.5521885521885521	0.5567765567765568	0.7669902912621359	0.7553648068669528	0.5580524344569289	0.7740259740259741	0.7740259740259741	0.7740259740259741	0.5576208178438662	0.5555555555555556	0.5555555555555556	0.5563636363636364	0.7669902912621359	0.5580524344569289	1.0	0.5567765567765568	0.7723785166240409	0.54858934169279	0.7936507936507936	0.5116279069767442	0.5555555555555556	0.5580524344569289	0.5543859649122806
simple	0.5179282868525896	0.9641404308785332	0.9363047375350537	0.663888888888889	0.9640543691574845	0.9114525244008517	0.6587926509186351	0.7929034492649443	0.8899550558670878	0.8087590147088962	0.6657458563535912	0.6610644257703081	0.7745247360487135	0.9068594148184458	0.974351551824495	0.6613333333333333	0.6472019464720196	0.8659847590254806	0.663888888888889	0.663888888888889	0.663888888888889	0.960845044445102	0.9470550731099886	0.7271122907992826	0.9592595091222641	0.6613333333333333	0.7209688031806328	0.5567765567765568	1.0	0.6657458563535912	0.8546215610262526	0.6398809523809524	0.5777777777777777	0.9313104949114934	0.6641686694726523	0.691017900896591
sr	0.6991869918699187	0.664804469273743	0.6594005449591281	0.99581589958159	0.6657381615598886	0.65625	0.9803921568627451	0.6351351351351351	0.65625	0.638888888888889	1.0	0.9894736842105263	0.6570680628272252	0.655440414507772	0.6657458563535912	0.9860279441117764	0.9549549549549549	0.664804469273743	0.99581589958159	0.99581589958159	0.99581589958159	0.663888888888889	0.6630434782608696	0.6630434782608696	0.6648351648351649	0.9860279441117764	0.664804469273743	0.7723785166240409	0.6657458563535912	1.0	0.6470588235294118	0.9427312775330396	0.5531914893617021	0.6630434782608696	0.664804469273743	0.6604278074866311
sv	0.5151515151515151	0.8414647106260987	0.8525244428199995	0.645320197044335	0.8417527964013193	0.8848857945754046	0.6555023923444976	0.8441469936713182	0.8655659336618372	0.863319599315159	0.6470588235294118	0.6426799007444168	0.7555451204523557	0.8894257729828406	0.8563035910265153	0.6514423076923077	0.6613272311212816	0.7782270154559341	0.645320197044335	0.645320197044335	0.645320197044335	0.8468274563919489	0.8604151551297974	0.6932644264190965	0.8538552110686719	0.6530120481927711	0.683612617201027	0.54858934169279	0.8546215610262526	0.6470588235294118	1.0	0.6230366492146596	0.5607476635514019	0.8415519880107425	0.6455397320275676	0.6744578661642837
te	0.7030716723549488	0.6385542168674699	0.6334310850439883	0.9380530973451326	0.6396396396396395	0.6312849162011173	0.9256198347107438	0.6124401913875598	0.6312849162011173	0.6157635467980295	0.9427312775330396	0.9351230425055929	0.6320224719101124	0.6305555555555556	0.6398809523809524	0.9305263157894738	0.9035916824196597	0.6385542168674699	0.9380530973451326	0.9380530973451326	0.9380530973451326	0.6377245508982036	0.6374269005847952	0.6374269005847952	0.6390532544378698	0.9305263157894738	0.6385542168674699	0.7936507936507936	0.6398809523809524	0.9427312775330396	0.6230366492146596	1.0	0.5576923076923077	0.6374269005847952	0.6385542168674699	0.6350574712643678
tr	0.5263157894736842	0.5915909988156337	-1.0	0.5348837209302326	0.582089552238806	0.5394736842105263	0.5576923076923077	0.5450236966824644	0.5524628285533084	0.5468536038839786	0.5555555555555556	0.5636363636363636	0.5441176470588236	0.5795454545454545	0.5570469798657718	0.5700934579439253	0.5797101449275363	0.5614035087719298	0.5535714285714286	0.5737704918032787	0.5238095238095238	0.5315593000585614	0.5428571428571428	0.5542857142857143	0.5483870967741935	0.5549132947976879	0.5573770491803278	0.5116279069767442	0.5777777777777777	0.5531914893617021	0.5607476635514019	0.5576923076923077	1.0	0.5764705882352942	0.5238095238095238	0.5773195876288659
vi	0.5175097276264592	0.9152474615617947	0.9196576811249136	0.6612021857923497	0.9162133555205662	0.8941720409027422	0.6614583333333334	0.7828626881623553	0.8764005336711228	0.7988136482394311	0.6630434782608696	0.6584022038567493	0.7643664607328956	0.8899783306781636	0.922670757544603	0.6640211640211641	0.6497584541062803	0.83716012125132	0.6612021857923497	0.6612021857923497	0.6612021857923497	0.921946783402472	0.9283850221383819	0.726074148683431	0.9199330038167248	0.6640211640211641	0.7148333979195789	0.5555555555555556	0.9313104949114934	0.6630434782608696	0.8415519880107425	0.6374269005847952	0.5764705882352942	1.0	0.6614807892121677	0.6939724554796264
war	0.5183673469387755	0.6669332466948241	0.6577848715673371	0.6666666666666666	0.6659648267590602	0.6546984409598356	0.656084656084656	0.6336089510930321	0.6547015267474513	0.6373430634043893	0.664804469273743	0.6638176638176638	0.6554976566014469	0.6538632541608302	0.6641357084634817	0.6586021505376344	0.6446078431372549	0.666886679592426	0.6666666666666666	0.6666666666666666	0.6666666666666666	0.6659891443329661	0.6614473889372664	0.6612021857923497	0.6632677167386438	0.6586021505376344	0.6668869795109055	0.5580524344569289	0.6641686694726523	0.664804469273743	0.6455397320275676	0.6385542168674699	0.5238095238095238	0.6614807892121677	1.0	0.6589788909149916
zh	0.5171102661596958	0.6876975969802974	0.6926286509040334	0.6586021505376344	0.6889907443232597	0.6859587644555307	0.6606683804627249	0.6578178021753268	0.6857972708846033	0.6632964872495787	0.6604278074866311	0.6558265582655826	0.6795724406097978	0.6863316110850164	0.6907100099506008	0.6666666666666666	0.6507177033492824	0.6861056142612036	0.6586021505376344	0.6586021505376344	0.6586021505376344	0.6890072175625405	0.6949071932989583	0.6827574371155655	0.6898648056774843	0.6631853785900783	0.6791795035966858	0.5543859649122806	0.691017900896591	0.6604278074866311	0.6744578661642837	0.6350574712643678	0.5773195876288659	0.6939724554796264	0.6589788909149916	1.0
