arz	bs	ceb	ckb	da	de	el	en	es	fr	he	hi	hu	id	it	ja	ko	lv	mk	ml	mr	nl	pl	pt	ro	ru	sh	si	simple	sr	sv	te	tr	vi	war	zh
arz	0.0	0.0	0.0	0.0	0.0	0.0	0.0	0.0	0.0	0.0	0.0	0.0	0.0	0.0	0.0	0.0	0.0	0.0	0.0	0.0	0.0	0.0	0.0	0.0	0.0	0.0	0.0	0.0	0.0	0.0	0.0	0.0	0.0	0.0	0.0	0.0
bs	0.0	1.0	0.7611814345991561	0.0	0.8819528094664494	0.6979234072592505	0.0	0.4298111057544813	0.6260853835021708	0.4600074060359193	0.0	0.0	0.2916952642415923	0.6914701601164484	0.8896948131928288	0.0	0.0	0.5665154397775501	0.0	0.0	0.0	0.9129511677282378	0.8096799580272823	0.14823494946535815	0.8440609137055838	0.0	0.1430380689860687	0.0	0.8835330366312907	0.0	0.5654703671283662	0.0	0.0125	0.7235317618857371	0.0005999250093738283	0.06864988558352403
ceb	0.0	0.7611814345991561	1.0	0.0	0.7551961548454144	0.7206054916686224	0.0	0.44283097854526426	0.6435975792438133	0.47529270766110443	0.0	0.0	0.28279670037253857	0.7079861111111111	0.7860823102856053	0.0	0.0	0.48277966101694914	0.0	0.0	0.0	0.7802888039888622	0.8121165148872957	0.14458941994043398	0.7685090630584631	0.0	0.12538269846920613	0.0	0.8062766369624177	0.0	0.5831965531391055	0.0	-1.0	0.7264268396566411	0.0005797941730685607	0.07096774193548387
ckb	0.0	0.0	0.0	0.0	0.0	0.0	0.0	0.0	0.0	0.0	0.0	0.0	0.0	0.0	0.0	0.0	0.0	0.0	0.0	0.0	0.0	0.0	0.0	0.0	0.0	0.0	0.0	0.0	0.0	0.0	0.0	0.0	0.0	0.0	0.0	0.0
da	0.0	0.8819528094664494	0.7551961548454144	0.0	1.0	0.694560669456067	0.0	0.42889787308841626	0.6223121526938874	0.4564915207117042	0.0	0.0	0.2895933838731909	0.6841033399278482	0.8832066817279387	0.0	0.0	0.5474028332727933	0.0	0.0	0.0	0.8753134577876845	0.8038984051978736	0.1479761114797611	0.8373730534867976	0.0	0.1403443113772455	0.0	0.8757530120481928	0.0	0.5613564912642375	0.0	0.0	0.720694259012016	0.0005291805261566374	0.06936072039889857
de	0.0	0.6979234072592505	0.7206054916686224	0.0	0.694560669456067	1.0	0.0	0.4883094678350075	0.6766515264761686	0.5239407353871172	0.0	0.0	0.29490418386838374	0.7302176200232571	0.7221837088388214	0.0	0.0	0.43850560702096536	0.0	0.0	0.0	0.715585559142941	0.7432701310861424	0.13084466940841505	0.7258338706840963	0.0	0.11380668106185698	0.0	0.7378890709103674	0.0	0.6437900257173113	0.0	0.0	0.659123138737887	0.0005795608216884538	0.06333312073474073
el	0.0	0.0	0.0	0.0	0.0	0.0	0.0	0.0	0.0	0.0	0.0	0.0	0.0	0.0	0.0	0.0	0.0	0.0	0.0	0.0	0.0	0.0	0.0	0.0	0.0	0.0	0.0	0.0	0.0	0.0	0.0	0.0	0.0	0.0	0.0	0.0
en	0.0	0.4298111057544813	0.44283097854526426	0.0	0.42889787308841626	0.4883094678350075	0.0	1.0	0.4394456103532704	0.5543856740175759	0.0	0.0	0.19436945622830698	0.4923903312444047	0.4556649178337597	0.0	0.0	0.2777362719462084	0.0	0.0	0.0	0.44024800244509454	0.45458486884890525	0.08686259733735242	0.4467732798814763	0.0	0.07240320225567695	0.0	0.45190680723675647	0.0	0.5262141627838643	0.0	0.0	0.40660894150910054	0.00031099362463069506	0.04207466340269278
es	0.0	0.6260853835021708	0.6435975792438133	0.0	0.6223121526938874	0.6766515264761686	0.0	0.4394456103532704	1.0	0.4728248300106388	0.0	0.0	0.2828960611957324	0.6654372127333598	0.6453495225745609	0.0	0.0	0.4064403265517688	0.0	0.0	0.0	0.6403961584633854	0.664061567832001	0.12522008592154377	0.6490062260536399	0.0	0.11164807049960912	0.0	0.6613693392281037	0.0	0.5783466995681678	0.0	0.006289308176100629	0.5989618320610687	0.0005867683731846853	0.06294511186245594
fr	0.0	0.4600074060359193	0.47529270766110443	0.0	0.4564915207117042	0.5239407353871172	0.0	0.5543856740175759	0.4728248300106388	1.0	0.0	0.0	0.2101123595505618	0.5293932016950681	0.4872287833012909	0.0	0.0	0.29729996544745546	0.0	0.0	0.0	0.47043370051159145	0.4869023630701594	0.08878999788090697	0.4771211772821338	0.0	0.0800256423954271	0.0	0.4852543227996147	0.0	0.566613375965894	0.0	0.0032258064516129032	0.4394421564956945	0.0003294711987260447	0.0456043659155995
he	0.0	0.0	0.0	0.0	0.0	0.0	0.0	0.0	0.0	0.0	0.0	0.0	0.0	0.0	0.0	0.0	0.0	0.0	0.0	0.0	0.0	0.0	0.0	0.0	0.0	0.0	0.0	0.0	0.0	0.0	0.0	0.0	0.0	0.0	0.0	0.0
hi	0.0	0.0	0.0	0.0	0.0	0.0	0.0	0.0	0.0	0.0	0.0	0.0	0.0	0.0	0.0	0.0	0.0	0.0	0.0	0.0	0.0	0.0	0.0	0.0	0.0	0.0	0.0	0.0	0.0	0.0	0.0	0.0	0.0	0.0	0.0	0.0
hu	0.0	0.2916952642415923	0.28279670037253857	0.0	0.2895933838731909	0.29490418386838374	0.0	0.19436945622830698	0.2828960611957324	0.2101123595505618	0.0	0.0	1.0	0.28091584607019876	0.2919417031566564	0.0	0.0	0.23272727272727273	0.0	0.0	0.0	0.29380817482800486	0.2869712572508636	0.10687022900763359	0.2964844272156129	0.0	0.09656181419166057	0.0	0.2965576365075178	0.0	0.25013856556922737	0.0	0.0	0.27112551976883503	0.0005462490895848507	0.05456570155902005
id	0.0	0.6914701601164484	0.7079861111111111	0.0	0.6841033399278482	0.7302176200232571	0.0	0.4923903312444047	0.6654372127333598	0.5293932016950681	0.0	0.0	0.28091584607019876	1.0	0.7329443706313904	0.0	0.0	0.4339702248206859	0.0	0.0	0.0	0.7074770695460351	0.7323740175681923	0.12888305519094945	0.7172249913063637	0.0	0.11239410103545654	0.0	0.7268630849220103	0.0	0.6543546271066707	0.0	0.0	0.649857001108971	0.0005089706069474488	0.06198034769463341
it	0.0	0.8896948131928288	0.7860823102856053	0.0	0.8832066817279387	0.7221837088388214	0.0	0.4556649178337597	0.6453495225745609	0.4872287833012909	0.0	0.0	0.2919417031566564	0.7329443706313904	1.0	0.0	0.0	0.5430701270016566	0.0	0.0	0.0	0.8839135411756784	0.837862202189311	0.14654161781946073	0.8719872518425071	0.0	0.13724258289703317	0.0	0.915006729475101	0.0	0.6015018389865141	0.0	0.0	0.7433565070495745	0.0005601064202198418	0.06873137947758609
ja	0.0	0.0	0.0	0.0	0.0	0.0	0.0	0.0	0.0	0.0	0.0	0.0	0.0	0.0	0.0	0.0	0.0	0.0	0.0	0.0	0.0	0.0	0.0	0.0	0.0	0.0	0.0	0.0	0.0	0.0	0.0	0.0	0.0	0.0	0.0	0.0
ko	0.0	0.0	0.0	0.0	0.0	0.0	0.0	0.0	0.0	0.0	0.0	0.0	0.0	0.0	0.0	0.0	0.0	0.0	0.0	0.0	0.0	0.0	0.0	0.0	0.0	0.0	0.0	0.0	0.0	0.0	0.0	0.0	0.0	0.0	0.0	0.0
lv	0.0	0.5665154397775501	0.48277966101694914	0.0	0.5474028332727933	0.43850560702096536	0.0	0.2777362719462084	0.4064403265517688	0.29729996544745546	0.0	0.0	0.23272727272727273	0.4339702248206859	0.5430701270016566	0.0	0.0	1.0	0.0	0.0	0.0	0.5570018595336862	0.5049865229110512	0.1320221666847767	0.524053791764869	0.0	0.13164983164983166	0.0	0.5420709731078459	0.0	0.35988966412461465	0.0	0.0	0.4660221779926073	0.0004951107810372571	0.0648105360443623
mk	0.0	0.0	0.0	0.0	0.0	0.0	0.0	0.0	0.0	0.0	0.0	0.0	0.0	0.0	0.0	0.0	0.0	0.0	0.0	0.0	0.0	0.0	0.0	0.0	0.0	0.0	0.0	0.0	0.0	0.0	0.0	0.0	0.0	0.0	0.0	0.0
ml	0.0	0.0	0.0	0.0	0.0	0.0	0.0	0.0	0.0	0.0	0.0	0.0	0.0	0.0	0.0	0.0	0.0	0.0	0.0	0.0	0.0	0.0	0.0	0.0	0.0	0.0	0.0	0.0	0.0	0.0	0.0	0.0	0.0	0.0	0.0	0.0
mr	0.0	0.0	0.0	0.0	0.0	0.0	0.0	0.0	0.0	0.0	0.0	0.0	0.0	0.0	0.0	0.0	0.0	0.0	0.0	0.0	0.0	0.0	0.0	0.0	0.0	0.0	0.0	0.0	0.0	0.0	0.0	0.0	0.0	0.0	0.0	0.0
nl	0.0	0.9129511677282378	0.7802888039888622	0.0	0.8753134577876845	0.715585559142941	0.0	0.44024800244509454	0.6403961584633854	0.47043370051159145	0.0	0.0	0.29380817482800486	0.7074770695460351	0.8839135411756784	0.0	0.0	0.5570018595336862	0.0	0.0	0.0	1.0	0.8310191249672517	0.15105848582705417	0.8664142779881017	0.0	0.14201570680628273	0.0	0.8782262955724779	0.0	0.5789068514241724	0.0	0.0007304601899196494	0.741028192371476	0.0005840695042710083	0.06940040357451716
pl	0.0	0.8096799580272823	0.8121165148872957	0.0	0.8038984051978736	0.7432701310861424	0.0	0.45458486884890525	0.664061567832001	0.4869023630701594	0.0	0.0	0.2869712572508636	0.7323740175681923	0.837862202189311	0.0	0.0	0.5049865229110512	0.0	0.0	0.0	0.8310191249672517	1.0	0.14486657932841482	0.8184869610121353	0.0	0.12939951405761888	0.0	0.8325062834310756	0.0	0.6002145265093473	0.0	0.0	0.744874715261959	0.0005609704789285464	0.07173671026996939
pt	0.0	0.14823494946535815	0.14458941994043398	0.0	0.1479761114797611	0.13084466940841505	0.0	0.08686259733735242	0.12522008592154377	0.08878999788090697	0.0	0.0	0.10687022900763359	0.12888305519094945	0.14654161781946073	0.0	0.0	0.1320221666847767	0.0	0.0	0.0	0.15105848582705417	0.14486657932841482	1.0	0.14729338697155764	0.0	0.07269590931493347	0.0	0.1505084273575707	0.0	0.10937767872449854	0.0	0.0	0.1451637705674304	0.0	0.04746170021027336
ro	0.0	0.8440609137055838	0.7685090630584631	0.0	0.8373730534867976	0.7258338706840963	0.0	0.4467732798814763	0.6490062260536399	0.4771211772821338	0.0	0.0	0.2964844272156129	0.7172249913063637	0.8719872518425071	0.0	0.0	0.524053791764869	0.0	0.0	0.0	0.8664142779881017	0.8184869610121353	0.14729338697155764	1.0	0.0	0.13324791800128122	0.0	0.864635198831574	0.0	0.5877921279212792	0.0	0.0	0.7273973496964554	0.0006469235192639448	0.06894348196535076
ru	0.0	0.0	0.0	0.0	0.0	0.0	0.0	0.0	0.0	0.0	0.0	0.0	0.0	0.0	0.0	0.0	0.0	0.0	0.0	0.0	0.0	0.0	0.0	0.0	0.0	0.0	0.0	0.0	0.0	0.0	0.0	0.0	0.0	0.0	0.0	0.0
sh	0.0	0.1430380689860687	0.12538269846920613	0.0	0.1403443113772455	0.11380668106185698	0.0	0.07240320225567695	0.11164807049960912	0.0800256423954271	0.0	0.0	0.09656181419166057	0.11239410103545654	0.13724258289703317	0.0	0.0	0.13164983164983166	0.0	0.0	0.0	0.14201570680628273	0.12939951405761888	0.07269590931493347	0.13324791800128122	0.0	1.0	0.0	0.13540058930826435	0.0	0.09505223280909195	0.0	0.0	0.12799256217556365	0.0004957858205255329	0.04822081809112072
si	0.0	0.0	0.0	0.0	0.0	0.0	0.0	0.0	0.0	0.0	0.0	0.0	0.0	0.0	0.0	0.0	0.0	0.0	0.0	0.0	0.0	0.0	0.0	0.0	0.0	0.0	0.0	0.0	0.0	0.0	0.0	0.0	0.0	0.0	0.0	0.0
simple	0.0	0.8835330366312907	0.8062766369624177	0.0	0.8757530120481928	0.7378890709103674	0.0	0.45190680723675647	0.6613693392281037	0.4852543227996147	0.0	0.0	0.2965576365075178	0.7268630849220103	0.915006729475101	0.0	0.0	0.5420709731078459	0.0	0.0	0.0	0.8782262955724779	0.8325062834310756	0.1505084273575707	0.864635198831574	0.0	0.13540058930826435	0.0	1.0	0.0	0.5956284153005464	0.0	0.0	0.7617007251153592	0.0006349206349206349	0.06946868672764085
sr	0.0	0.0	0.0	0.0	0.0	0.0	0.0	0.0	0.0	0.0	0.0	0.0	0.0	0.0	0.0	0.0	0.0	0.0	0.0	0.0	0.0	0.0	0.0	0.0	0.0	0.0	0.0	0.0	0.0	0.0	0.0	0.0	0.0	0.0	0.0	0.0
sv	0.0	0.5654703671283662	0.5831965531391055	0.0	0.5613564912642375	0.6437900257173113	0.0	0.5262141627838643	0.5783466995681678	0.566613375965894	0.0	0.0	0.25013856556922737	0.6543546271066707	0.6015018389865141	0.0	0.0	0.35988966412461465	0.0	0.0	0.0	0.5789068514241724	0.6002145265093473	0.10937767872449854	0.5877921279212792	0.0	0.09505223280909195	0.0	0.5956284153005464	0.0	1.0	0.0	0.0	0.5361755095690057	0.0005272716620774503	0.05527871132228532
te	0.0	0.0	0.0	0.0	0.0	0.0	0.0	0.0	0.0	0.0	0.0	0.0	0.0	0.0	0.0	0.0	0.0	0.0	0.0	0.0	0.0	0.0	0.0	0.0	0.0	0.0	0.0	0.0	0.0	0.0	0.0	0.0	0.0	0.0	0.0	0.0
tr	0.0	0.0125	-1.0	0.0	0.0	0.0	0.0	0.0	0.006289308176100629	0.0032258064516129032	0.0	0.0	0.0	0.0	0.0	0.0	0.0	0.0	0.0	0.0	0.0	0.0007304601899196494	0.0	0.0	0.0	0.0	0.0	0.0	0.0	0.0	0.0	0.0	1.0	0.0	0.0	0.0
vi	0.0	0.7235317618857371	0.7264268396566411	0.0	0.720694259012016	0.659123138737887	0.0	0.40660894150910054	0.5989618320610687	0.4394421564956945	0.0	0.0	0.27112551976883503	0.649857001108971	0.7433565070495745	0.0	0.0	0.4660221779926073	0.0	0.0	0.0	0.741028192371476	0.744874715261959	0.1451637705674304	0.7273973496964554	0.0	0.12799256217556365	0.0	0.7617007251153592	0.0	0.5361755095690057	0.0	0.0	1.0	0.0006373994104055454	0.0695149574318519
war	0.0	0.0005999250093738283	0.0005797941730685607	0.0	0.0005291805261566374	0.0005795608216884538	0.0	0.00031099362463069506	0.0005867683731846853	0.0003294711987260447	0.0	0.0	0.0005462490895848507	0.0005089706069474488	0.0005601064202198418	0.0	0.0	0.0004951107810372571	0.0	0.0	0.0	0.0005840695042710083	0.0005609704789285464	0.0	0.0006469235192639448	0.0	0.0004957858205255329	0.0	0.0006349206349206349	0.0	0.0005272716620774503	0.0	0.0	0.0006373994104055454	1.0	0.0008688097306689834
zh	0.0	0.06864988558352403	0.07096774193548387	0.0	0.06936072039889857	0.06333312073474073	0.0	0.04207466340269278	0.06294511186245594	0.0456043659155995	0.0	0.0	0.05456570155902005	0.06198034769463341	0.06873137947758609	0.0	0.0	0.0648105360443623	0.0	0.0	0.0	0.06940040357451716	0.07173671026996939	0.04746170021027336	0.06894348196535076	0.0	0.04822081809112072	0.0	0.06946868672764085	0.0	0.05527871132228532	0.0	0.0	0.0695149574318519	0.0008688097306689834	1.0
