arz	bs	ceb	ckb	da	de	el	en	es	fr	he	hi	hu	id	it	ja	ko	lv	mk	ml	mr	nl	pl	pt	ro	ru	sh	si	simple	sr	sv	te	tr	vi	war	zh
arz	1.0	0.3446925113816241	0.5408391551291154	1.0	0.19117744417883625	0.0	0.0	0.0	0.0	0.0	1.0	1.0	0.26583709518520127	0.39448567760356795	0.0	0.0	0.0	0.5408151422606211	1.0	1.0	1.0	0.0	0.0	0.0	0.3592939708030074	0.0	0.2806894291051857	1.0	0.2388453413577437	1.0	0.0	1.0	1.0	1.0	0.7248485669756152	0.0
bs	0.3446925113816241	1.0	0.27673201066617925	0.3608809331999837	0.20949981141099566	0.0	0.0	0.0	0.0	0.0	0.2521616836257682	0.2537715247846979	0.21559853173191207	0.283238376187373	0.0	0.0	0.0	0.273856821245288	0.2968875553336376	0.4290539696992423	0.3547108975113574	0.0	0.0	0.0	0.2562199133865492	0.0	0.21480730928939987	0.5735896239600338	0.23978739342588742	0.30087109574727944	0.0	0.5473342603020875	0.5141271153924241	0.24785348832452953	0.41825096524249084	0.0
ceb	0.5408391551291154	0.27673201066617925	1.0	0.3302256744492046	0.23160193148724256	0.0	0.0	0.0	0.0	0.0	0.3123822119912611	0.30210557490483325	0.2599533257603468	0.26187268226143956	0.0	0.0	0.0	0.2832538942931603	0.3122563633116503	0.31581821972246266	0.30344900814365133	0.0	0.0	0.0	0.23832346183028758	0.0	0.25217262759523407	0.35232661050085184	0.2687464518555415	0.31403731873816565	0.0	0.7322034805959264	-1.0	0.39897770937540966	0.32779535728793135	0.0
ckb	1.0	0.3608809331999837	0.3302256744492046	1.0	0.2851823015397177	0.0	0.0	0.0	0.0	0.0	1.0	1.0	0.25448747384837994	0.3892845254615236	0.0	0.0	0.0	0.5099493617683836	1.0	1.0	1.0	0.0	0.0	0.0	0.31500009636532195	0.0	0.21091065921202504	1.0	0.29771118050148954	1.0	0.0	1.0	1.0	0.5967739643846038	0.7248485669756152	0.0
da	0.19117744417883625	0.20949981141099566	0.23160193148724256	0.2851823015397177	1.0	0.0	0.0	0.0	0.0	0.0	0.2221841116980354	0.188326932507769	0.17139893059898423	0.14323837120111294	0.0	0.0	0.0	0.13967255734222955	0.18650675805469163	0.22434111965509895	0.20799738066113266	0.0	0.0	0.0	0.13371498515514924	0.0	0.14593638277308799	0.38412831664039404	0.14088093549412567	0.20854076364568597	0.0	0.3330055442602847	0.26244068224205935	0.18604013032483557	0.3841085505024872	0.0
de	0.0	0.0	0.0	0.0	0.0	1.0	1.0	1.0	1.0	1.0	0.0	0.0	0.0	0.0	1.0	1.0	1.0	0.0	0.0	0.0	0.0	0.0	0.0	1.0	0.0	1.0	0.0	0.0	0.0	0.0	1.0	0.0	0.3900845820236843	0.0	0.0	1.0
el	0.0	0.0	0.0	0.0	0.0	1.0	1.0	1.0	1.0	0.0	0.0	0.0	0.0	0.0	0.0	1.0	1.0	0.0	0.0	0.0	0.0	0.0	0.0	0.0	0.0	1.0	0.0	0.0	0.0	0.0	0.0	0.0	0.7510341748895938	0.0	0.0	1.0
en	0.0	0.0	0.0	0.0	0.0	1.0	1.0	1.0	1.0	1.0	0.0	0.0	0.0	0.0	1.0	1.0	1.0	0.0	0.0	0.0	0.0	0.0	0.0	1.0	0.0	1.0	0.0	0.0	0.0	0.0	1.0	0.0	0.23306041558095056	0.0	0.0	1.0
es	0.0	0.0	0.0	0.0	0.0	1.0	1.0	1.0	1.0	1.0	0.0	0.0	0.0	0.0	1.0	1.0	1.0	0.0	0.0	0.0	0.0	0.0	0.0	1.0	0.0	1.0	0.0	0.0	0.0	0.0	1.0	0.0	0.4142511217109781	0.0	0.0	1.0
fr	0.0	0.0	0.0	0.0	0.0	1.0	0.0	1.0	1.0	1.0	0.0	0.0	0.0	0.0	1.0	0.0	0.0	0.0	0.0	0.0	0.0	0.0	0.0	1.0	0.0	0.0	0.0	0.0	0.0	0.0	1.0	0.0	0.3575488663654474	0.0	0.0	1.0
he	1.0	0.2521616836257682	0.3123822119912611	1.0	0.2221841116980354	0.0	0.0	0.0	0.0	0.0	1.0	1.0	0.2774617332284319	0.19254030270732786	0.0	0.0	0.0	0.16184334681339546	1.0	1.0	1.0	0.0	0.0	0.0	0.17309462792045863	0.0	0.2205808635128972	1.0	0.22292394139073435	1.0	0.0	1.0	0.6877287430139085	0.39027841511836664	0.5665446450931801	0.0
hi	1.0	0.2537715247846979	0.30210557490483325	1.0	0.188326932507769	0.0	0.0	0.0	0.0	0.0	1.0	1.0	0.23120915913367163	0.20003904684127874	0.0	0.0	0.0	0.2161514714109948	1.0	1.0	1.0	0.0	0.0	0.0	0.21988385532446864	0.0	0.230821095267835	1.0	0.20303195138559832	0.7028911840705583	0.0	1.0	0.6978955566455195	0.447772942694404	0.5665446450931801	0.0
hu	0.26583709518520127	0.21559853173191207	0.2599533257603468	0.25448747384837994	0.17139893059898423	0.0	0.0	0.0	0.0	0.0	0.2774617332284319	0.23120915913367163	1.0	0.15993458897673865	0.0	0.0	0.0	0.14824210749600916	0.262952539655347	0.275725581316052	0.2489455066546973	0.0	0.0	0.0	0.15054814104601288	0.0	0.1517426457889178	0.2525666030582228	0.18600855894708718	0.25612321056711784	0.0	0.4579290403037949	0.7106258151102424	0.24861475870165248	0.3032816537844256	0.0
id	0.39448567760356795	0.283238376187373	0.26187268226143956	0.3892845254615236	0.14323837120111294	0.0	0.0	0.0	0.0	0.0	0.19254030270732786	0.20003904684127874	0.15993458897673865	1.0	0.0	0.0	0.0	0.11949280804300898	0.15836575881025	0.19714543828559522	0.21579712689102115	0.0	0.0	0.0	0.13292172530221427	0.0	0.13430684809224117	0.5505638267984209	0.13496342529804406	0.20759060019171272	0.0	0.5034223023317059	0.3086107247200616	0.1510802647929912	0.4499355453561377	0.0
it	0.0	0.0	0.0	0.0	0.0	1.0	0.0	1.0	1.0	1.0	0.0	0.0	0.0	0.0	1.0	0.0	0.0	0.0	0.0	0.0	0.0	0.0	0.0	1.0	0.0	0.0	0.0	0.0	0.0	0.0	1.0	0.0	0.37439268700518125	0.0	0.0	1.0
ja	0.0	0.0	0.0	0.0	0.0	1.0	1.0	1.0	1.0	0.0	0.0	0.0	0.0	0.0	0.0	1.0	1.0	0.0	0.0	0.0	0.0	0.0	0.0	0.0	0.0	1.0	0.0	0.0	0.0	0.0	0.0	0.0	0.48372029635556174	0.0	0.0	1.0
ko	0.0	0.0	0.0	0.0	0.0	1.0	1.0	1.0	1.0	0.0	0.0	0.0	0.0	0.0	0.0	1.0	1.0	0.0	0.0	0.0	0.0	0.0	0.0	0.0	0.0	1.0	0.0	0.0	0.0	0.0	0.0	0.0	0.5945423691108886	0.0	0.0	1.0
lv	0.5408151422606211	0.273856821245288	0.2832538942931603	0.5099493617683836	0.13967255734222955	0.0	0.0	0.0	0.0	0.0	0.16184334681339546	0.2161514714109948	0.14824210749600916	0.11949280804300898	0.0	0.0	0.0	1.0	0.15137244262173533	0.27335843949013316	0.2580933489934709	0.0	0.0	0.0	0.1439233472473887	0.0	0.17025087448556478	0.5421448374928309	0.14402182081366144	0.18158747555449636	0.0	0.594461461275062	0.5384835997424375	0.14046317224837912	0.47338151433199077	0.0
mk	1.0	0.2968875553336376	0.3122563633116503	1.0	0.18650675805469163	0.0	0.0	0.0	0.0	0.0	1.0	1.0	0.262952539655347	0.15836575881025	0.0	0.0	0.0	0.15137244262173533	1.0	1.0	1.0	0.0	0.0	0.0	0.19624025032800926	0.0	0.1889396368590692	1.0	0.18834290701445439	0.5409639376672983	0.0	1.0	0.7510341748895937	0.3833036529668813	0.5689913289739431	0.0
ml	1.0	0.4290539696992423	0.31581821972246266	1.0	0.22434111965509895	0.0	0.0	0.0	0.0	0.0	1.0	1.0	0.275725581316052	0.19714543828559522	0.0	0.0	0.0	0.27335843949013316	1.0	1.0	1.0	0.0	0.0	0.0	0.20747192240105145	0.0	0.2453675848945588	1.0	0.21607513332357323	0.7019395434758631	0.0	1.0	0.6841174893561723	0.4227391117431431	0.568991328973943	0.0
mr	1.0	0.3547108975113574	0.30344900814365133	1.0	0.20799738066113266	0.0	0.0	0.0	0.0	0.0	1.0	1.0	0.2489455066546973	0.21579712689102115	0.0	0.0	0.0	0.2580933489934709	1.0	1.0	1.0	0.0	0.0	0.0	0.23732184686146673	0.0	0.21561099911327672	1.0	0.22382044015939004	0.7042230825271827	0.0	1.0	1.0	0.5958936768021452	0.568991328973943	0.0
nl	0.0	0.0	0.0	0.0	0.0	0.0	0.0	0.0	0.0	0.0	0.0	0.0	0.0	0.0	0.0	0.0	0.0	0.0	0.0	0.0	0.0	1.0	0.0	0.0	0.0	0.0	0.0	0.0	0.0	0.0	0.0	0.0	0.396326539012616	0.0	0.0	0.0
pl	0.0	0.0	0.0	0.0	0.0	0.0	0.0	0.0	0.0	0.0	0.0	0.0	0.0	0.0	0.0	0.0	0.0	0.0	0.0	0.0	0.0	0.0	0.0	0.0	0.0	0.0	0.0	0.0	0.0	0.0	0.0	0.0	0.380027804214771	0.0	0.0	0.0
pt	0.0	0.0	0.0	0.0	0.0	1.0	0.0	1.0	1.0	1.0	0.0	0.0	0.0	0.0	1.0	0.0	0.0	0.0	0.0	0.0	0.0	0.0	0.0	1.0	0.0	0.0	0.0	0.0	0.0	0.0	1.0	0.0	0.2369441013730542	0.0	0.0	1.0
ro	0.3592939708030074	0.2562199133865492	0.23832346183028758	0.31500009636532195	0.13371498515514924	0.0	0.0	0.0	0.0	0.0	0.17309462792045863	0.21988385532446864	0.15054814104601288	0.13292172530221427	0.0	0.0	0.0	0.1439233472473887	0.19624025032800926	0.20747192240105145	0.23732184686146673	0.0	0.0	0.0	1.0	0.0	0.13739604767677874	0.31558932910623033	0.15506194957074335	0.15839393454816503	0.0	0.37935377693917516	0.6688291555916939	0.18675281068960925	0.3162141715597155	0.0
ru	0.0	0.0	0.0	0.0	0.0	1.0	1.0	1.0	1.0	0.0	0.0	0.0	0.0	0.0	0.0	1.0	1.0	0.0	0.0	0.0	0.0	0.0	0.0	0.0	0.0	1.0	0.0	0.0	0.0	0.0	0.0	0.0	0.42805375071157126	0.0	0.0	1.0
sh	0.2806894291051857	0.21480730928939987	0.25217262759523407	0.21091065921202504	0.14593638277308799	0.0	0.0	0.0	0.0	0.0	0.2205808635128972	0.230821095267835	0.1517426457889178	0.13430684809224117	0.0	0.0	0.0	0.17025087448556478	0.1889396368590692	0.2453675848945588	0.21561099911327672	0.0	0.0	0.0	0.13739604767677874	0.0	1.0	0.30443172618766334	0.15720040468759783	0.1793264999045287	0.0	0.3464960284850742	0.48956116560203233	0.16033616027805248	0.27432324080791354	0.0
si	1.0	0.5735896239600338	0.35232661050085184	1.0	0.38412831664039404	0.0	0.0	0.0	0.0	0.0	1.0	1.0	0.2525666030582228	0.5505638267984209	0.0	0.0	0.0	0.5421448374928309	1.0	1.0	1.0	0.0	0.0	0.0	0.31558932910623033	0.0	0.30443172618766334	1.0	0.37015296246823115	1.0	0.0	1.0	1.0	1.0	0.7300208629885035	0.0
simple	0.2388453413577437	0.23978739342588742	0.2687464518555415	0.29771118050148954	0.14088093549412567	0.0	0.0	0.0	0.0	0.0	0.22292394139073435	0.20303195138559832	0.18600855894708718	0.13496342529804406	0.0	0.0	0.0	0.14402182081366144	0.18834290701445439	0.21607513332357323	0.22382044015939004	0.0	0.0	0.0	0.15506194957074335	0.0	0.15720040468759783	0.37015296246823115	1.0	0.21703772540102875	0.0	0.30603561363699544	0.371257570228432	0.1631043245130211	0.3795273204854862	0.0
sr	1.0	0.30087109574727944	0.31403731873816565	1.0	0.20854076364568597	0.0	0.0	0.0	0.0	0.0	1.0	0.7028911840705583	0.25612321056711784	0.20759060019171272	0.0	0.0	0.0	0.18158747555449636	0.5409639376672983	0.7019395434758631	0.7042230825271827	0.0	0.0	0.0	0.15839393454816503	0.0	0.1793264999045287	1.0	0.21703772540102875	1.0	0.0	1.0	0.692602070311034	0.4431528101032257	0.5453111577010743	0.0
sv	0.0	0.0	0.0	0.0	0.0	1.0	0.0	1.0	1.0	1.0	0.0	0.0	0.0	0.0	1.0	0.0	0.0	0.0	0.0	0.0	0.0	0.0	0.0	1.0	0.0	0.0	0.0	0.0	0.0	0.0	1.0	0.0	0.5496387304025748	0.0	0.0	1.0
te	1.0	0.5473342603020875	0.7322034805959264	1.0	0.3330055442602847	0.0	0.0	0.0	0.0	0.0	1.0	1.0	0.4579290403037949	0.5034223023317059	0.0	0.0	0.0	0.594461461275062	1.0	1.0	1.0	0.0	0.0	0.0	0.37935377693917516	0.0	0.3464960284850742	1.0	0.30603561363699544	1.0	0.0	1.0	0.7509111017040236	0.7199285383279772	1.0	0.0
tr	1.0	0.5141271153924241	-1.0	1.0	0.26244068224205935	0.3900845820236843	0.7510341748895938	0.23306041558095056	0.4142511217109781	0.3575488663654474	0.6877287430139085	0.6978955566455195	0.7106258151102424	0.3086107247200616	0.37439268700518125	0.48372029635556174	0.5945423691108886	0.5384835997424375	0.7510341748895937	0.6841174893561723	1.0	0.396326539012616	0.380027804214771	0.2369441013730542	0.6688291555916939	0.42805375071157126	0.48956116560203233	1.0	0.371257570228432	0.692602070311034	0.5496387304025748	0.7509111017040236	1.0	0.4823815501242082	0.8216064286890065	0.4522329789488044
vi	1.0	0.24785348832452953	0.39897770937540966	0.5967739643846038	0.18604013032483557	0.0	0.0	0.0	0.0	0.0	0.39027841511836664	0.447772942694404	0.24861475870165248	0.1510802647929912	0.0	0.0	0.0	0.14046317224837912	0.3833036529668813	0.4227391117431431	0.5958936768021452	0.0	0.0	0.0	0.18675281068960925	0.0	0.16033616027805248	1.0	0.1631043245130211	0.4431528101032257	0.0	0.7199285383279772	0.4823815501242082	1.0	0.5430185105327116	0.0
war	0.7248485669756152	0.41825096524249084	0.32779535728793135	0.7248485669756152	0.3841085505024872	0.0	0.0	0.0	0.0	0.0	0.5665446450931801	0.5665446450931801	0.3032816537844256	0.4499355453561377	0.0	0.0	0.0	0.47338151433199077	0.5689913289739431	0.568991328973943	0.568991328973943	0.0	0.0	0.0	0.3162141715597155	0.0	0.27432324080791354	0.7300208629885035	0.3795273204854862	0.5453111577010743	0.0	1.0	0.8216064286890065	0.5430185105327116	1.0	0.0
zh	0.0	0.0	0.0	0.0	0.0	1.0	1.0	1.0	1.0	1.0	0.0	0.0	0.0	0.0	1.0	1.0	1.0	0.0	0.0	0.0	0.0	0.0	0.0	1.0	0.0	1.0	0.0	0.0	0.0	0.0	1.0	0.0	0.4522329789488044	0.0	0.0	1.0
