arz	bs	ceb	ckb	da	de	el	en	es	fr	he	hi	hu	id	it	ja	ko	lv	mk	ml	mr	nl	pl	pt	ro	ru	sh	si	simple	sr	sv	te	tr	vi	war	zh
arz	1.0	0.11787845042814334	0.36602540378443865	1.0	0.1907435698305462	0.0	0.0	0.0	0.0	0.0	1.0	1.0	0.044513513721948186	0.21551468935838852	0.0	0.0	0.0	0.26533119314590375	1.0	1.0	1.0	0.0	0.0	0.0	0.19404996501286384	0.0	0.28436465220442186	1.0	0.20386840968093525	0.5	0.0	1.0	1.0	1.0	0.585786437626905	0.0
bs	0.11787845042814334	1.0	0.1336215686913386	0.11670337237512289	0.04331806685079152	0.0	0.0	0.0	0.0	0.0	0.04924474667466799	0.05915068936740821	0.058359833505230344	0.04248770295731682	0.0	0.0	0.0	0.04387914452625634	0.04893375375070155	0.08904186014934282	0.0601956539484902	0.0	0.0	0.0	0.04089088502776833	0.0	0.0426535635507944	0.2553967929896867	0.04096016014278426	0.04650503380938938	0.0	0.32449979983983984	0.12234485081209207	0.04814466101714808	0.122039202604393	0.0
ceb	0.36602540378443865	0.1336215686913386	1.0	0.38742588672279304	0.16455667613861097	0.0	0.0	0.0	0.0	0.0	0.3021694792519622	0.2612038749637414	0.04743141151632336	0.1809073112342927	0.0	0.0	0.0	0.23441237831492112	0.28989794855663564	0.30216947925196225	0.2708131845707603	0.0	0.0	0.0	0.17711495448636855	0.0	0.20168959288722538	0.585786437626905	0.22646721143623746	0.2928060946961875	0.0	0.585786437626905	-1.0	0.25	0.38742588672279304	0.0
ckb	1.0	0.11670337237512289	0.38742588672279304	1.0	0.11299231726274293	0.0	0.0	0.0	0.0	0.0	1.0	1.0	0.043593289859554005	0.15942427352931443	0.0	0.0	0.0	0.2958163163244893	1.0	1.0	1.0	0.0	0.0	0.0	0.15022110482233483	0.0	0.21551468935838852	1.0	0.16189424969836874	0.5	0.0	1.0	1.0	1.0	0.585786437626905	0.0
da	0.1907435698305462	0.04331806685079152	0.16455667613861097	0.11299231726274293	1.0	0.0	0.0	0.0	0.0	0.0	0.029928797344462903	0.05170619571375863	0.025425304163639934	0.02055893700659874	0.0	0.0	0.0	0.019309829320240036	0.02139152037815653	0.05878302285504029	0.07695832299420945	0.0	0.0	0.0	0.02392005980349323	0.0	0.0372786468314603	0.2565236958429578	0.02552012658089875	0.03246352418214058	0.0	0.3164309725825328	0.20159809907993673	0.02031851124096977	0.2025519956555797	0.0
de	0.0	0.0	0.0	0.0	0.0	1.0	1.0	1.0	1.0	1.0	0.0	0.0	0.0	0.0	1.0	1.0	1.0	0.0	0.0	0.0	0.0	0.0	0.0	1.0	0.0	1.0	0.0	0.0	0.0	0.0	1.0	0.0	0.12903539473736753	0.0	0.0	1.0
el	0.0	0.0	0.0	0.0	0.0	1.0	1.0	1.0	1.0	0.0	0.0	0.0	0.0	0.0	0.0	1.0	1.0	0.0	0.0	0.0	0.0	0.0	0.0	0.0	0.0	1.0	0.0	0.0	0.0	0.0	0.0	0.0	1.0	0.0	0.0	1.0
en	0.0	0.0	0.0	0.0	0.0	1.0	1.0	1.0	1.0	1.0	0.0	0.0	0.0	0.0	1.0	1.0	1.0	0.0	0.0	0.0	0.0	0.0	0.0	1.0	0.0	1.0	0.0	0.0	0.0	0.0	1.0	0.0	0.09708746603845468	0.0	0.0	1.0
es	0.0	0.0	0.0	0.0	0.0	1.0	1.0	1.0	1.0	1.0	0.0	0.0	0.0	0.0	1.0	1.0	1.0	0.0	0.0	0.0	0.0	0.0	0.0	1.0	0.0	1.0	0.0	0.0	0.0	0.0	1.0	0.0	0.1279196859383558	0.0	0.0	1.0
fr	0.0	0.0	0.0	0.0	0.0	1.0	0.0	1.0	1.0	1.0	0.0	0.0	0.0	0.0	1.0	0.0	0.0	0.0	0.0	0.0	0.0	0.0	0.0	1.0	0.0	0.0	0.0	0.0	0.0	0.0	1.0	0.0	0.12133520114140345	0.0	0.0	1.0
he	1.0	0.04924474667466799	0.3021694792519622	1.0	0.029928797344462903	0.0	0.0	0.0	0.0	0.0	1.0	1.0	0.016752466502265854	0.027052426318536858	0.0	0.0	0.0	0.059539513074170276	1.0	1.0	1.0	0.0	0.0	0.0	0.02125505388339966	0.0	0.07421164074292416	1.0	0.04148601983722934	0.44948974278317805	0.0	1.0	0.5	0.2791745113185196	0.585786437626905	0.0
hi	1.0	0.05915068936740821	0.2612038749637414	1.0	0.05170619571375863	0.0	0.0	0.0	0.0	0.0	1.0	1.0	0.02267852401908468	0.02683071235073286	0.0	0.0	0.0	0.08576695052309809	1.0	1.0	1.0	0.0	0.0	0.0	0.04474222141414401	0.0	0.06347783377332532	1.0	0.036948797174294064	0.585786437626905	0.0	1.0	0.3266316347104093	0.4142135623730951	0.585786437626905	0.0
hu	0.044513513721948186	0.058359833505230344	0.04743141151632336	0.043593289859554005	0.025425304163639934	0.0	0.0	0.0	0.0	0.0	0.016752466502265854	0.02267852401908468	1.0	0.016278815241290844	0.0	0.0	0.0	0.015406490356222493	0.014168381762290901	0.02433624830328953	0.02733067613122906	0.0	0.0	0.0	0.03287859626750173	0.0	0.02144827933526207	0.15402579489467522	0.02080324351491419	0.018936186304792987	0.0	0.13045504141168693	0.39564392373896	0.015472203490900857	0.08923884764194706	0.0
id	0.21551468935838852	0.04248770295731682	0.1809073112342927	0.15942427352931443	0.02055893700659874	0.0	0.0	0.0	0.0	0.0	0.027052426318536858	0.02683071235073286	0.016278815241290844	1.0	0.0	0.0	0.0	0.014781079596524381	0.013508145697308743	0.04414887246309132	0.09319942718381796	0.0	0.0	0.0	0.01692766023599479	0.0	0.025587585897150225	0.26968623182294527	0.0184959818148519	0.037252156118391645	0.0	0.26427884169111276	0.19892477109673476	0.013854354922418738	0.2204812092115424	0.0
it	0.0	0.0	0.0	0.0	0.0	1.0	0.0	1.0	1.0	1.0	0.0	0.0	0.0	0.0	1.0	0.0	0.0	0.0	0.0	0.0	0.0	0.0	0.0	1.0	0.0	0.0	0.0	0.0	0.0	0.0	1.0	0.0	0.13447271933603291	0.0	0.0	1.0
ja	0.0	0.0	0.0	0.0	0.0	1.0	1.0	1.0	1.0	0.0	0.0	0.0	0.0	0.0	0.0	1.0	1.0	0.0	0.0	0.0	0.0	0.0	0.0	0.0	0.0	1.0	0.0	0.0	0.0	0.0	0.0	0.0	0.19900804996708035	0.0	0.0	1.0
ko	0.0	0.0	0.0	0.0	0.0	1.0	1.0	1.0	1.0	0.0	0.0	0.0	0.0	0.0	0.0	1.0	1.0	0.0	0.0	0.0	0.0	0.0	0.0	0.0	0.0	1.0	0.0	0.0	0.0	0.0	0.0	0.0	0.2145646002858569	0.0	0.0	1.0
lv	0.26533119314590375	0.04387914452625634	0.23441237831492112	0.2958163163244893	0.019309829320240036	0.0	0.0	0.0	0.0	0.0	0.059539513074170276	0.08576695052309809	0.015406490356222493	0.014781079596524381	0.0	0.0	0.0	1.0	0.035689117409560676	0.10310703884553472	0.10960059084055324	0.0	0.0	0.0	0.020107141521247953	0.0	0.046697412781235376	0.3164309725825327	0.020696067752466345	0.10339344144840323	0.0	0.44948974278317805	0.353889367864523	0.05216351056569659	0.24913693443350773	0.0
mk	1.0	0.04893375375070155	0.28989794855663564	1.0	0.02139152037815653	0.0	0.0	0.0	0.0	0.0	1.0	1.0	0.014168381762290901	0.013508145697308743	0.0	0.0	0.0	0.035689117409560676	1.0	1.0	1.0	0.0	0.0	0.0	0.01864105315028316	0.0	0.03593148484562734	1.0	0.0332303696162161	0.4142135623730951	0.0	1.0	0.5	0.2216368750839041	0.585786437626905	0.0
ml	1.0	0.08904186014934282	0.30216947925196225	1.0	0.05878302285504029	0.0	0.0	0.0	0.0	0.0	1.0	1.0	0.02433624830328953	0.04414887246309132	0.0	0.0	0.0	0.10310703884553472	1.0	1.0	1.0	0.0	0.0	0.0	0.038763065382480845	0.0	0.07312381353583108	1.0	0.07778703460403856	0.5	0.0	1.0	0.5	0.32449979983983984	0.585786437626905	0.0
mr	1.0	0.0601956539484902	0.2708131845707603	1.0	0.07695832299420945	0.0	0.0	0.0	0.0	0.0	1.0	1.0	0.02733067613122906	0.09319942718381796	0.0	0.0	0.0	0.10960059084055324	1.0	1.0	1.0	0.0	0.0	0.0	0.06663142193324084	0.0	0.09852652477793378	1.0	0.083730815276797	0.5	0.0	1.0	1.0	0.4142135623730951	0.585786437626905	0.0
nl	0.0	0.0	0.0	0.0	0.0	0.0	0.0	0.0	0.0	0.0	0.0	0.0	0.0	0.0	0.0	0.0	0.0	0.0	0.0	0.0	0.0	1.0	0.0	0.0	0.0	0.0	0.0	0.0	0.0	0.0	0.0	0.0	0.07306646913523736	0.0	0.0	0.0
pl	0.0	0.0	0.0	0.0	0.0	0.0	0.0	0.0	0.0	0.0	0.0	0.0	0.0	0.0	0.0	0.0	0.0	0.0	0.0	0.0	0.0	0.0	0.0	0.0	0.0	0.0	0.0	0.0	0.0	0.0	0.0	0.0	0.12629634161955186	0.0	0.0	0.0
pt	0.0	0.0	0.0	0.0	0.0	1.0	0.0	1.0	1.0	1.0	0.0	0.0	0.0	0.0	1.0	0.0	0.0	0.0	0.0	0.0	0.0	0.0	0.0	1.0	0.0	0.0	0.0	0.0	0.0	0.0	1.0	0.0	0.1262225565291741	0.0	0.0	1.0
ro	0.19404996501286384	0.04089088502776833	0.17711495448636855	0.15022110482233483	0.02392005980349323	0.0	0.0	0.0	0.0	0.0	0.02125505388339966	0.04474222141414401	0.03287859626750173	0.01692766023599479	0.0	0.0	0.0	0.020107141521247953	0.01864105315028316	0.038763065382480845	0.06663142193324084	0.0	0.0	0.0	1.0	0.0	0.02629518731066391	0.3090169943749474	0.023832902431399093	0.02177662503731535	0.0	0.5	0.2733248258863401	0.018802381296413553	0.21604850763119512	0.0
ru	0.0	0.0	0.0	0.0	0.0	1.0	1.0	1.0	1.0	0.0	0.0	0.0	0.0	0.0	0.0	1.0	1.0	0.0	0.0	0.0	0.0	0.0	0.0	0.0	0.0	1.0	0.0	0.0	0.0	0.0	0.0	0.0	0.12884548966388795	0.0	0.0	1.0
sh	0.28436465220442186	0.0426535635507944	0.20168959288722538	0.21551468935838852	0.0372786468314603	0.0	0.0	0.0	0.0	0.0	0.07421164074292416	0.06347783377332532	0.02144827933526207	0.025587585897150225	0.0	0.0	0.0	0.046697412781235376	0.03593148484562734	0.07312381353583108	0.09852652477793378	0.0	0.0	0.0	0.02629518731066391	0.0	1.0	0.4142135623730951	0.029143665668439504	0.04759426571343897	0.0	0.3430703308172536	0.38742588672279304	0.036866765891748	0.25824569976124334	0.0
si	1.0	0.2553967929896867	0.585786437626905	1.0	0.2565236958429578	0.0	0.0	0.0	0.0	0.0	1.0	1.0	0.15402579489467522	0.26968623182294527	0.0	0.0	0.0	0.3164309725825327	1.0	1.0	1.0	0.0	0.0	0.0	0.3090169943749474	0.0	0.4142135623730951	1.0	0.4142135623730951	0.585786437626905	0.0	1.0	1.0	1.0	1.0	0.0
simple	0.20386840968093525	0.04096016014278426	0.22646721143623746	0.16189424969836874	0.02552012658089875	0.0	0.0	0.0	0.0	0.0	0.04148601983722934	0.036948797174294064	0.02080324351491419	0.0184959818148519	0.0	0.0	0.0	0.020696067752466345	0.0332303696162161	0.07778703460403856	0.083730815276797	0.0	0.0	0.0	0.023832902431399093	0.0	0.029143665668439504	0.4142135623730951	1.0	0.04758264694741478	0.0	0.23371479611805132	0.18184361248129527	0.01905121462412377	0.24179033438163733	0.0
sr	0.5	0.04650503380938938	0.2928060946961875	0.5	0.03246352418214058	0.0	0.0	0.0	0.0	0.0	0.44948974278317805	0.585786437626905	0.018936186304792987	0.037252156118391645	0.0	0.0	0.0	0.10339344144840323	0.4142135623730951	0.5	0.5	0.0	0.0	0.0	0.02177662503731535	0.0	0.04759426571343897	0.585786437626905	0.04758264694741478	1.0	0.0	1.0	0.2145646002858569	0.2928060946961875	0.28989794855663564	0.0
sv	0.0	0.0	0.0	0.0	0.0	1.0	0.0	1.0	1.0	1.0	0.0	0.0	0.0	0.0	1.0	0.0	0.0	0.0	0.0	0.0	0.0	0.0	0.0	1.0	0.0	0.0	0.0	0.0	0.0	0.0	1.0	0.0	0.3090169943749474	0.0	0.0	1.0
te	1.0	0.32449979983983984	0.585786437626905	1.0	0.3164309725825328	0.0	0.0	0.0	0.0	0.0	1.0	1.0	0.13045504141168693	0.26427884169111276	0.0	0.0	0.0	0.44948974278317805	1.0	1.0	1.0	0.0	0.0	0.0	0.5	0.0	0.3430703308172536	1.0	0.23371479611805132	1.0	0.0	1.0	0.5	1.0	1.0	0.0
tr	1.0	0.12234485081209207	-1.0	1.0	0.20159809907993673	0.12903539473736753	1.0	0.09708746603845468	0.1279196859383558	0.12133520114140345	0.5	0.3266316347104093	0.39564392373896	0.19892477109673476	0.13447271933603291	0.19900804996708035	0.2145646002858569	0.353889367864523	0.5	0.5	1.0	0.07306646913523736	0.12629634161955186	0.1262225565291741	0.2733248258863401	0.12884548966388795	0.38742588672279304	1.0	0.18184361248129527	0.2145646002858569	0.3090169943749474	0.5	1.0	0.2211722256431405	1.0	0.2402530733520421
vi	1.0	0.04814466101714808	0.25	1.0	0.02031851124096977	0.0	0.0	0.0	0.0	0.0	0.2791745113185196	0.4142135623730951	0.015472203490900857	0.013854354922418738	0.0	0.0	0.0	0.05216351056569659	0.2216368750839041	0.32449979983983984	0.4142135623730951	0.0	0.0	0.0	0.018802381296413553	0.0	0.036866765891748	1.0	0.01905121462412377	0.2928060946961875	0.0	1.0	0.2211722256431405	1.0	0.2989350844248255	0.0
war	0.585786437626905	0.122039202604393	0.38742588672279304	0.585786437626905	0.2025519956555797	0.0	0.0	0.0	0.0	0.0	0.585786437626905	0.585786437626905	0.08923884764194706	0.2204812092115424	0.0	0.0	0.0	0.24913693443350773	0.585786437626905	0.585786437626905	0.585786437626905	0.0	0.0	0.0	0.21604850763119512	0.0	0.25824569976124334	1.0	0.24179033438163733	0.28989794855663564	0.0	1.0	1.0	0.2989350844248255	1.0	0.0
zh	0.0	0.0	0.0	0.0	0.0	1.0	1.0	1.0	1.0	1.0	0.0	0.0	0.0	0.0	1.0	1.0	1.0	0.0	0.0	0.0	0.0	0.0	0.0	1.0	0.0	1.0	0.0	0.0	0.0	0.0	1.0	0.0	0.2402530733520421	0.0	0.0	1.0
