arz	bs	ceb	ckb	da	de	el	en	es	fr	he	hi	hu	id	it	ja	ko	lv	mk	ml	mr	nl	pl	pt	ro	ru	sh	si	simple	sr	sv	te	tr	vi	war	zh
arz	1.0	1.0	0.9043885050766008	1.0	1.0	1.0	1.0	1.0	1.0	1.0	1.0	1.0	1.0	1.0	1.0	1.0	1.0	1.0	0.0	1.0	1.0	1.0	1.0	1.0	1.0	1.0	1.0	0.0	1.0	1.0	1.0	1.0	0.8216064286890065	1.0	1.0	1.0
bs	1.0	1.0	0.7582644918718968	1.0	1.0	0.6688083895376623	1.0	0.6252137822024655	0.6688083895376623	0.6994017365373274	0.7584325078215763	1.0	1.0	0.7584325078215763	0.5988100709019054	1.0	0.7690990303325336	1.0	0.8216064286890065	1.0	1.0	0.7510341748895938	0.6994017365373274	0.6226323039572873	1.0	0.6688083895376623	0.35963829682023357	0.0	1.0	0.6994017365373274	0.7106922308883378	1.0	0.3316082312510012	0.7584325078215763	1.0	0.7510341748895938
ceb	0.9043885050766008	0.7582644918718968	1.0	0.8010805084211897	0.7426009327677313	0.7089854578223332	0.7973695723038798	0.6216083040430049	0.6445265381258612	0.6283555141080989	0.7988322071837735	0.8038892211613667	0.4441114354282144	0.7106889366043745	0.7730763354112757	0.7973695723038798	0.7973695723038798	0.5482694530001642	0.8010805084211897	0.8010805084211897	0.8010805084211897	0.7730823520468935	0.7424792912445959	0.33588645390198607	0.7416316513898992	0.7973695723038798	0.31795653481138075	0.8629154086896048	0.7715280724446154	0.7988322071837735	0.6689707298319849	0.8138837911426676	-1.0	0.671829232426694	0.45059702303042043	0.23682023435005256
ckb	1.0	1.0	0.8010805084211897	1.0	1.0	1.0	1.0	1.0	1.0	1.0	1.0	1.0	1.0	1.0	1.0	1.0	1.0	1.0	1.0	1.0	1.0	1.0	1.0	1.0	1.0	1.0	0.8216064286890065	0.0	1.0	1.0	1.0	1.0	1.0	1.0	1.0	1.0
da	1.0	1.0	0.7426009327677313	1.0	1.0	0.6056469048251054	1.0	0.3316261936435768	0.6468909830471344	0.661251134120194	1.0	1.0	1.0	1.0	0.6468909830471344	1.0	1.0	1.0	1.0	1.0	1.0	0.7300208629885034	0.7248485669756151	0.6468909830471345	0.7455134344225701	1.0	0.44001042702894355	1.0	1.0	0.5145620844572828	0.7376607345031153	1.0	0.27186269820897613	1.0	1.0	1.0
de	1.0	0.6688083895376623	0.7089854578223332	1.0	0.6056469048251054	1.0	0.7455134344225701	0.14732428916149468	0.2697551044753151	0.3005237187719996	0.6516104242389319	0.7411828468492555	0.7014062909952605	0.6445400219811089	0.3135189015098822	0.5377506175419513	0.7210092110599265	0.7584325078215765	1.0	1.0	1.0	0.33469434230080475	0.27672452774352796	0.23979322183408658	0.6431915320584143	0.37284926187173034	0.3750879338654266	1.0	0.6455519993951538	0.41515480020696505	0.4021771445170801	1.0	0.3443900037586274	0.6122131884607099	1.0	0.7128329397683223
el	1.0	1.0	0.7973695723038798	1.0	1.0	0.7455134344225701	1.0	0.33558644041971414	1.0	1.0	1.0	1.0	1.0	1.0	0.74551343442257	1.0	1.0	1.0	1.0	1.0	1.0	1.0	1.0	0.7455134344225701	1.0	1.0	0.4805954866802148	1.0	1.0	1.0	1.0	1.0	0.7510341748895939	1.0	1.0	1.0
en	1.0	0.6252137822024655	0.6216083040430049	1.0	0.3316261936435768	0.14732428916149468	0.33558644041971414	1.0	0.15532755268308238	0.17587239222513085	0.25978498685751256	0.33955660187645254	0.31946657569178516	0.4702144811045375	0.17394550086186855	0.19794359112105211	0.2992481525204335	0.3888789430883409	1.0	1.0	1.0	0.1827979935708722	0.13587240038009335	0.1379620110284422	0.2487502495801474	0.18841608314174776	0.3412796691098785	1.0	0.2620336703704139	0.3489601403587722	0.21881362709352248	1.0	0.30384060130735185	0.2363504141187383	1.0	0.20661305959508922
es	1.0	0.6688083895376623	0.6445265381258612	1.0	0.6468909830471344	0.2697551044753151	1.0	0.15532755268308238	1.0	0.31088543671431024	0.5743801667867756	1.0	0.7322034805959263	1.0	0.2966800528717286	0.49858609450614416	0.7210092110599264	1.0	1.0	1.0	1.0	0.30821375840402315	0.2796548238131076	0.2099283075197306	0.6431915320584143	0.4161127284488053	0.3851464035142117	1.0	0.7263875964832449	0.42007562199516824	0.45769385247413735	1.0	0.4428288454543349	0.5615807088367776	1.0	0.6398385892358055
fr	1.0	0.6994017365373274	0.6283555141080989	1.0	0.661251134120194	0.3005237187719996	1.0	0.17587239222513085	0.31088543671431024	1.0	1.0	1.0	0.728099120889861	0.7763354016084121	0.34721718177301064	1.0	0.7248485669756152	1.0	1.0	1.0	1.0	0.3018639959515236	0.32845018789771924	0.28275020981643423	0.6421409926345868	0.5395315952648025	0.4097359588547554	1.0	0.7300208629885034	0.37888724323052847	0.40884366702823177	1.0	0.2343824680687489	1.0	1.0	0.7122412578101113
he	1.0	0.7584325078215763	0.7988322071837735	1.0	1.0	0.6516104242389319	1.0	0.25978498685751256	0.5743801667867756	1.0	1.0	1.0	0.7411828468492556	1.0	0.6532002319725719	1.0	1.0	1.0	1.0	1.0	1.0	0.37104210624069217	0.7210092110599264	1.0	1.0	1.0	0.3565991429232487	1.0	1.0	0.6701591524560107	0.7263875964832449	1.0	0.6380732827477678	1.0	1.0	1.0
hi	1.0	1.0	0.8038892211613667	1.0	1.0	0.7411828468492555	1.0	0.33955660187645254	1.0	1.0	1.0	1.0	1.0	1.0	0.74551343442257	1.0	1.0	1.0	1.0	1.0	1.0	1.0	0.7411828468492556	1.0	1.0	1.0	0.4805954866802148	1.0	1.0	1.0	0.7455134344225701	1.0	0.6994017365373274	1.0	1.0	1.0
hu	1.0	1.0	0.4441114354282144	1.0	1.0	0.7014062909952605	1.0	0.31946657569178516	0.7322034805959263	0.728099120889861	0.7411828468492556	1.0	1.0	1.0	0.6056469048251053	1.0	1.0	1.0	1.0	1.0	1.0	0.7322034805959263	1.0	0.6468909830471344	1.0	0.7347168825662657	0.4594433434688598	1.0	0.7376607345031153	1.0	1.0	1.0	0.657312113971931	1.0	1.0	0.7347168825662657
id	1.0	0.7584325078215763	0.7106889366043745	1.0	1.0	0.6445400219811089	1.0	0.4702144811045375	1.0	0.7763354016084121	1.0	1.0	1.0	1.0	0.7322034805959263	1.0	1.0	1.0	1.0	1.0	1.0	0.4076738337198827	1.0	0.619045832416782	0.7411828468492555	1.0	0.3612596062855271	1.0	1.0	1.0	0.7376607345031153	1.0	0.40044265800381523	1.0	1.0	1.0
it	1.0	0.5988100709019054	0.7730763354112757	1.0	0.6468909830471344	0.3135189015098822	0.74551343442257	0.17394550086186855	0.2966800528717286	0.34721718177301064	0.6532002319725719	0.74551343442257	0.6056469048251053	0.7322034805959263	1.0	0.5999553063370198	0.658925744020971	0.7584325078215763	1.0	1.0	1.0	0.2986985647151235	0.3219800965688549	0.2609737370290478	0.5332468008018971	0.46834847778531785	0.39809904855584355	1.0	0.6455519993951538	0.39650182691258323	0.42563076090089863	1.0	0.37755095882185863	0.6549329476340925	1.0	0.6442100898340134
ja	1.0	1.0	0.7973695723038798	1.0	1.0	0.5377506175419513	1.0	0.19794359112105211	0.49858609450614416	1.0	1.0	1.0	1.0	1.0	0.5999553063370198	1.0	1.0	1.0	1.0	1.0	1.0	0.4743958427196838	0.7091953875376782	0.43147156800398995	0.7376607345031153	1.0	0.37436213037532995	1.0	0.7322034805959263	0.5176453948824036	0.7210092110599263	1.0	0.483435919604701	1.0	1.0	1.0
ko	1.0	0.7690990303325336	0.7973695723038798	1.0	1.0	0.7210092110599265	1.0	0.2992481525204335	0.7210092110599264	0.7248485669756152	1.0	1.0	1.0	1.0	0.658925744020971	1.0	1.0	1.0	1.0	1.0	1.0	1.0	0.7763354016084121	0.7199285383279774	1.0	1.0	0.3605183070784046	1.0	0.7376607345031153	0.6701591524560105	0.661251134120194	1.0	0.6304686054312779	1.0	1.0	1.0
lv	1.0	1.0	0.5482694530001642	1.0	1.0	0.7584325078215765	1.0	0.3888789430883409	1.0	1.0	1.0	1.0	1.0	1.0	0.7584325078215763	1.0	1.0	1.0	1.0	1.0	1.0	1.0	1.0	1.0	1.0	1.0	0.4805954866802148	1.0	1.0	1.0	1.0	1.0	0.6736975125500969	1.0	1.0	1.0
mk	0.0	0.8216064286890065	0.8010805084211897	1.0	1.0	1.0	1.0	1.0	1.0	1.0	1.0	1.0	1.0	1.0	1.0	1.0	1.0	1.0	1.0	0.0	1.0	1.0	1.0	1.0	1.0	1.0	1.0	0.0	1.0	1.0	1.0	0.0	0.7510341748895939	1.0	0.0	1.0
ml	1.0	1.0	0.8010805084211897	1.0	1.0	1.0	1.0	1.0	1.0	1.0	1.0	1.0	1.0	1.0	1.0	1.0	1.0	1.0	0.0	1.0	1.0	1.0	1.0	1.0	1.0	1.0	1.0	1.0	1.0	1.0	1.0	1.0	0.65857855151911	1.0	1.0	1.0
mr	1.0	1.0	0.8010805084211897	1.0	1.0	1.0	1.0	1.0	1.0	1.0	1.0	1.0	1.0	1.0	1.0	1.0	1.0	1.0	1.0	1.0	1.0	1.0	1.0	1.0	1.0	1.0	0.7863954451402115	1.0	1.0	1.0	1.0	1.0	1.0	1.0	1.0	1.0
nl	1.0	0.7510341748895938	0.7730823520468935	1.0	0.7300208629885034	0.33469434230080475	1.0	0.1827979935708722	0.30821375840402315	0.3018639959515236	0.37104210624069217	1.0	0.7322034805959263	0.4076738337198827	0.2986985647151235	0.4743958427196838	1.0	1.0	1.0	1.0	1.0	1.0	0.3262883726204178	0.29204176417855215	0.38192301599816275	0.34913511342805087	0.3930356623428378	1.0	0.573504696834327	0.3768406122188262	0.46167798979438673	1.0	0.371273153848098	0.39246903804608574	1.0	0.6057840265575605
pl	1.0	0.6994017365373274	0.7424792912445959	1.0	0.7248485669756151	0.27672452774352796	1.0	0.13587240038009335	0.2796548238131076	0.32845018789771924	0.7210092110599264	0.7411828468492556	1.0	1.0	0.3219800965688549	0.7091953875376782	0.7763354016084121	1.0	1.0	1.0	1.0	0.3262883726204178	1.0	0.22775314018802684	0.7248485669756152	0.4343866305222158	0.3967667504788921	1.0	0.728099120889861	0.428618148055998	0.402415847180171	1.0	0.422473356590702	1.0	1.0	0.5898432388751129
pt	1.0	0.6226323039572873	0.33588645390198607	1.0	0.6468909830471345	0.23979322183408658	0.7455134344225701	0.1379620110284422	0.2099283075197306	0.28275020981643423	1.0	1.0	0.6468909830471344	0.619045832416782	0.2609737370290478	0.43147156800398995	0.7199285383279774	1.0	1.0	1.0	1.0	0.29204176417855215	0.22775314018802684	1.0	0.4898221799151457	0.42130100825043654	0.279805877254848	1.0	0.5534423657654645	0.4250289995830867	0.43572623114965753	1.0	0.4002054408737114	0.7199285383279771	1.0	0.4346312477138142
ro	1.0	1.0	0.7416316513898992	1.0	0.7455134344225701	0.6431915320584143	1.0	0.2487502495801474	0.6431915320584143	0.6421409926345868	1.0	1.0	1.0	0.7411828468492555	0.5332468008018971	0.7376607345031153	1.0	1.0	1.0	1.0	1.0	0.38192301599816275	0.7248485669756152	0.4898221799151457	1.0	0.7263875964832448	0.45024870246510823	1.0	1.0	0.48376191431033366	0.7322034805959263	1.0	0.7320606857984924	0.7322034805959263	1.0	0.7347168825662656
ru	1.0	0.6688083895376623	0.7973695723038798	1.0	1.0	0.37284926187173034	1.0	0.18841608314174776	0.4161127284488053	0.5395315952648025	1.0	1.0	0.7347168825662657	1.0	0.46834847778531785	1.0	1.0	1.0	1.0	1.0	1.0	0.34913511342805087	0.4343866305222158	0.42130100825043654	0.7263875964832448	1.0	0.31501883859503904	1.0	1.0	0.46424827125339796	0.5734694810503501	1.0	0.4750322488126893	1.0	1.0	1.0
sh	1.0	0.35963829682023357	0.31795653481138075	0.8216064286890065	0.44001042702894355	0.3750879338654266	0.4805954866802148	0.3412796691098785	0.3851464035142117	0.4097359588547554	0.3565991429232487	0.4805954866802148	0.4594433434688598	0.3612596062855271	0.39809904855584355	0.37436213037532995	0.3605183070784046	0.4805954866802148	1.0	1.0	0.7863954451402115	0.3930356623428378	0.3967667504788921	0.279805877254848	0.45024870246510823	0.31501883859503904	1.0	1.0	0.35296130942509657	0.3196493589723551	0.4252088570727711	1.0	0.34061601333891456	0.34862762759917165	1.0	0.3079683068014065
si	0.0	0.0	0.8629154086896048	0.0	1.0	1.0	1.0	1.0	1.0	1.0	1.0	1.0	1.0	1.0	1.0	1.0	1.0	1.0	0.0	1.0	1.0	1.0	1.0	1.0	1.0	1.0	1.0	1.0	1.0	1.0	1.0	0.0	1.0	1.0	0.0	1.0
simple	1.0	1.0	0.7715280724446154	1.0	1.0	0.6455519993951538	1.0	0.2620336703704139	0.7263875964832449	0.7300208629885034	1.0	1.0	0.7376607345031153	1.0	0.6455519993951538	0.7322034805959263	0.7376607345031153	1.0	1.0	1.0	1.0	0.573504696834327	0.728099120889861	0.5534423657654645	1.0	1.0	0.35296130942509657	1.0	1.0	0.7411828468492555	1.0	1.0	0.450736179723889	1.0	1.0	0.7322034805959263
sr	1.0	0.6994017365373274	0.7988322071837735	1.0	0.5145620844572828	0.41515480020696505	1.0	0.3489601403587722	0.42007562199516824	0.37888724323052847	0.6701591524560107	1.0	1.0	1.0	0.39650182691258323	0.5176453948824036	0.6701591524560105	1.0	1.0	1.0	1.0	0.3768406122188262	0.428618148055998	0.4250289995830867	0.48376191431033366	0.46424827125339796	0.3196493589723551	1.0	0.7411828468492555	1.0	0.4590476610508268	1.0	0.6175329997090541	0.5739363408263183	1.0	0.31850788311595896
sv	1.0	0.7106922308883378	0.6689707298319849	1.0	0.7376607345031153	0.4021771445170801	1.0	0.21881362709352248	0.45769385247413735	0.40884366702823177	0.7263875964832449	0.7455134344225701	1.0	0.7376607345031153	0.42563076090089863	0.7210092110599263	0.661251134120194	1.0	1.0	1.0	1.0	0.46167798979438673	0.402415847180171	0.43572623114965753	0.7322034805959263	0.5734694810503501	0.4252088570727711	1.0	1.0	0.4590476610508268	1.0	1.0	0.5324629443691684	0.661251134120194	1.0	0.6501445840862391
te	1.0	1.0	0.8138837911426676	1.0	1.0	1.0	1.0	1.0	1.0	1.0	1.0	1.0	1.0	1.0	1.0	1.0	1.0	1.0	0.0	1.0	1.0	1.0	1.0	1.0	1.0	1.0	1.0	0.0	1.0	1.0	1.0	1.0	0.7002078323832267	1.0	1.0	1.0
tr	0.8216064286890065	0.3316082312510012	-1.0	1.0	0.27186269820897613	0.3443900037586274	0.7510341748895939	0.30384060130735185	0.4428288454543349	0.2343824680687489	0.6380732827477678	0.6994017365373274	0.657312113971931	0.40044265800381523	0.37755095882185863	0.483435919604701	0.6304686054312779	0.6736975125500969	0.7510341748895939	0.65857855151911	1.0	0.371273153848098	0.422473356590702	0.4002054408737114	0.7320606857984924	0.4750322488126893	0.34061601333891456	1.0	0.450736179723889	0.6175329997090541	0.5324629443691684	0.7002078323832267	1.0	0.5021214727621774	1.0	0.5299450392048685
vi	1.0	0.7584325078215763	0.671829232426694	1.0	1.0	0.6122131884607099	1.0	0.2363504141187383	0.5615807088367776	1.0	1.0	1.0	1.0	1.0	0.6549329476340925	1.0	1.0	1.0	1.0	1.0	1.0	0.39246903804608574	1.0	0.7199285383279771	0.7322034805959263	1.0	0.34862762759917165	1.0	1.0	0.5739363408263183	0.661251134120194	1.0	0.5021214727621774	1.0	1.0	1.0
war	1.0	1.0	0.45059702303042043	1.0	1.0	1.0	1.0	1.0	1.0	1.0	1.0	1.0	1.0	1.0	1.0	1.0	1.0	1.0	0.0	1.0	1.0	1.0	1.0	1.0	1.0	1.0	1.0	0.0	1.0	1.0	1.0	1.0	1.0	1.0	1.0	1.0
zh	1.0	0.7510341748895938	0.23682023435005256	1.0	1.0	0.7128329397683223	1.0	0.20661305959508922	0.6398385892358055	0.7122412578101113	1.0	1.0	0.7347168825662657	1.0	0.6442100898340134	1.0	1.0	1.0	1.0	1.0	1.0	0.6057840265575605	0.5898432388751129	0.4346312477138142	0.7347168825662656	1.0	0.3079683068014065	1.0	0.7322034805959263	0.31850788311595896	0.6501445840862391	1.0	0.5299450392048685	1.0	1.0	1.0
