arz	bs	ceb	ckb	da	de	el	en	es	fr	he	hi	hu	id	it	ja	ko	lv	mk	ml	mr	nl	pl	pt	ro	ru	sh	si	simple	sr	sv	te	tr	vi	war	zh
arz	0.0	0.0	0.0	0.0	0.0	0.0	0.0	0.0	0.0	0.0	0.0	0.0	0.0	0.0	0.0	0.0	0.0	0.0	0.0	0.0	0.0	0.0	0.0	0.0	0.0	0.0	0.0	0.0	0.0	0.0	0.0	0.0	0.0	0.0	0.0	0.0
bs	0.0	1.0	0.7612957673331602	0.0	0.8838215476274913	0.69742413549753	0.0	0.43169350945714663	0.6277539687330235	0.4623765589503454	0.0	0.0	0.294004400440044	0.6950230468522084	0.8894362342638205	0.0	0.0	0.5692713678346284	0.0	0.0	0.0	0.9118687225915971	0.8122947589649284	0.14857142857142858	0.8430629777447067	0.0	0.14278266050945926	0.0	0.8850818885767149	0.0	0.5663575476558474	0.0	0.0	0.7260602827420646	0.0005248950209958009	0.0692813354014329
ceb	0.0	0.7612957673331602	1.0	0.0	0.7577078183946924	0.7195965755834408	0.0	0.44383836620701694	0.6475463991831342	0.4784275683665928	0.0	0.0	0.2837361027894281	0.7125449692468376	0.7874466866127697	0.0	0.0	0.48137361148740176	0.0	0.0	0.0	0.7809807605104618	0.8138738039824153	0.14296841807109475	0.7736030211867119	0.0	0.12498220640569395	0.0	0.8072102338803463	0.0	0.5857994245787094	0.0	-1.0	0.7238288406176394	0.0005797941730685607	0.06866952789699571
ckb	0.0	0.0	0.0	0.0	0.0	0.0	0.0	0.0	0.0	0.0	0.0	0.0	0.0	0.0	0.0	0.0	0.0	0.0	0.0	0.0	0.0	0.0	0.0	0.0	0.0	0.0	0.0	0.0	0.0	0.0	0.0	0.0	0.0	0.0	0.0	0.0
da	0.0	0.8838215476274913	0.7577078183946924	0.0	1.0	0.6922669491525424	0.0	0.42914908579465544	0.6260443152924082	0.4588573815380331	0.0	0.0	0.2920867283524375	0.687048262998368	0.8826911231264116	0.0	0.0	0.5495416848537756	0.0	0.0	0.0	0.8763590744354613	0.8067442319069217	0.14772224679345422	0.8372486629205876	0.0	0.14025896265249607	0.0	0.877295149355988	0.0	0.5641780256092523	0.0	0.021739130434782608	0.722649201363363	0.0006804778466656586	0.06880392740255876
de	0.0	0.69742413549753	0.7195965755834408	0.0	0.6922669491525424	1.0	0.0	0.48964661589800634	0.6779056386651323	0.5270447653102793	0.0	0.0	0.2966619362004072	0.7304092595669269	0.7231791907514451	0.0	0.0	0.43964623360780725	0.0	0.0	0.0	0.7139757198991261	0.742352459495818	0.12841719805543278	0.726643598615917	0.0	0.11288787359604036	0.0	0.7394155882180711	0.0	0.6476118271417741	0.0	0.0	0.6609878734102337	0.0004507114802652759	0.06353661648379688
el	0.0	0.0	0.0	0.0	0.0	0.0	0.0	0.0	0.0	0.0	0.0	0.0	0.0	0.0	0.0	0.0	0.0	0.0	0.0	0.0	0.0	0.0	0.0	0.0	0.0	0.0	0.0	0.0	0.0	0.0	0.0	0.0	0.0	0.0	0.0	0.0
en	0.0	0.43169350945714663	0.44383836620701694	0.0	0.42914908579465544	0.48964661589800634	0.0	1.0	0.4379367575122292	0.5545145510322527	0.0	0.0	0.1950607756125796	0.49245395634379263	0.45560180367672565	0.0	0.0	0.27678238148562895	0.0	0.0	0.0	0.4419478929882847	0.4565425023877746	0.08626230166700141	0.4463321136086426	0.0	0.07370066038211423	0.0	0.45462053377379813	0.0	0.5252537964594345	0.0	0.0016501650165016502	0.4078528475415635	0.00031099362463069506	0.04234045809314901
es	0.0	0.6277539687330235	0.6475463991831342	0.0	0.6260443152924082	0.6779056386651323	0.0	0.4379367575122292	1.0	0.47119160929630827	0.0	0.0	0.2815202091292982	0.6698907601274465	0.6466112192532295	0.0	0.0	0.41064465817520146	0.0	0.0	0.0	0.6434542065067052	0.6648561537543273	0.12784131017930256	0.6550501712431653	0.0	0.11283437677859989	0.0	0.6622631358718393	0.0	0.574946137273007	0.0	0.0	0.5965243902439025	0.0005133846718005134	0.060427730730587055
fr	0.0	0.4623765589503454	0.4784275683665928	0.0	0.4588573815380331	0.5270447653102793	0.0	0.5545145510322527	0.47119160929630827	1.0	0.0	0.0	0.20715304666802528	0.5289107215286853	0.4915985676246442	0.0	0.0	0.2996736227870636	0.0	0.0	0.0	0.47172248362395053	0.4894261204642415	0.09116007432970534	0.4799797263051191	0.0	0.08031420327027894	0.0	0.487369097923939	0.0	0.567727313127722	0.0	0.0	0.43816337027166036	0.0003844041735310269	0.04713203463203463
he	0.0	0.0	0.0	0.0	0.0	0.0	0.0	0.0	0.0	0.0	0.0	0.0	0.0	0.0	0.0	0.0	0.0	0.0	0.0	0.0	0.0	0.0	0.0	0.0	0.0	0.0	0.0	0.0	0.0	0.0	0.0	0.0	0.0	0.0	0.0	0.0
hi	0.0	0.0	0.0	0.0	0.0	0.0	0.0	0.0	0.0	0.0	0.0	0.0	0.0	0.0	0.0	0.0	0.0	0.0	0.0	0.0	0.0	0.0	0.0	0.0	0.0	0.0	0.0	0.0	0.0	0.0	0.0	0.0	0.0	0.0	0.0	0.0
hu	0.0	0.294004400440044	0.2837361027894281	0.0	0.2920867283524375	0.2966619362004072	0.0	0.1950607756125796	0.2815202091292982	0.20715304666802528	0.0	0.0	1.0	0.28316388283708543	0.293717277486911	0.0	0.0	0.23914831399067898	0.0	0.0	0.0	0.2954683595596677	0.2852121843269982	0.09740714786264891	0.2996114163205145	0.0	0.08923121639296613	0.0	0.29835567588985007	0.0	0.25173428048171376	0.0	0.0	0.27103594080338267	0.0007284647605172099	0.05590952532653711
id	0.0	0.6950230468522084	0.7125449692468376	0.0	0.687048262998368	0.7304092595669269	0.0	0.49245395634379263	0.6698907601274465	0.5289107215286853	0.0	0.0	0.28316388283708543	1.0	0.7368573413617415	0.0	0.0	0.43207126948775054	0.0	0.0	0.0	0.7089651966765441	0.7350813219887712	0.12606770995697986	0.7189186053257527	0.0	0.11113897072650912	0.0	0.7313640312771503	0.0	0.655356962536605	0.0	0.0	0.6557521087160263	0.0005726283641916397	0.06338694418164617
it	0.0	0.8894362342638205	0.7874466866127697	0.0	0.8826911231264116	0.7231791907514451	0.0	0.45560180367672565	0.6466112192532295	0.4915985676246442	0.0	0.0	0.293717277486911	0.7368573413617415	1.0	0.0	0.0	0.5439226519337017	0.0	0.0	0.0	0.8859453993933266	0.839994842702424	0.14733282727209993	0.8724845586770273	0.0	0.13684577808792742	0.0	0.915006729475101	0.0	0.6042881997748439	0.0	0.004761904761904762	0.747557639703009	0.0005601064202198418	0.06984325149119157
ja	0.0	0.0	0.0	0.0	0.0	0.0	0.0	0.0	0.0	0.0	0.0	0.0	0.0	0.0	0.0	0.0	0.0	0.0	0.0	0.0	0.0	0.0	0.0	0.0	0.0	0.0	0.0	0.0	0.0	0.0	0.0	0.0	0.0	0.0	0.0	0.0
ko	0.0	0.0	0.0	0.0	0.0	0.0	0.0	0.0	0.0	0.0	0.0	0.0	0.0	0.0	0.0	0.0	0.0	0.0	0.0	0.0	0.0	0.0	0.0	0.0	0.0	0.0	0.0	0.0	0.0	0.0	0.0	0.0	0.0	0.0	0.0	0.0
lv	0.0	0.5692713678346284	0.48137361148740176	0.0	0.5495416848537756	0.43964623360780725	0.0	0.27678238148562895	0.41064465817520146	0.2996736227870636	0.0	0.0	0.23914831399067898	0.43207126948775054	0.5439226519337017	0.0	0.0	1.0	0.0	0.0	0.0	0.5588972431077694	0.5063060632629662	0.13535309503051438	0.5219437906686972	0.0	0.1303811659192825	0.0	0.5410029089901648	0.0	0.3576133909287257	0.0	0.0	0.4668563300142248	0.0004951107810372571	0.0667824074074074
mk	0.0	0.0	0.0	0.0	0.0	0.0	0.0	0.0	0.0	0.0	0.0	0.0	0.0	0.0	0.0	0.0	0.0	0.0	0.0	0.0	0.0	0.0	0.0	0.0	0.0	0.0	0.0	0.0	0.0	0.0	0.0	0.0	0.0	0.0	0.0	0.0
ml	0.0	0.0	0.0	0.0	0.0	0.0	0.0	0.0	0.0	0.0	0.0	0.0	0.0	0.0	0.0	0.0	0.0	0.0	0.0	0.0	0.0	0.0	0.0	0.0	0.0	0.0	0.0	0.0	0.0	0.0	0.0	0.0	0.0	0.0	0.0	0.0
mr	0.0	0.0	0.0	0.0	0.0	0.0	0.0	0.0	0.0	0.0	0.0	0.0	0.0	0.0	0.0	0.0	0.0	0.0	0.0	0.0	0.0	0.0	0.0	0.0	0.0	0.0	0.0	0.0	0.0	0.0	0.0	0.0	0.0	0.0	0.0	0.0
nl	0.0	0.9118687225915971	0.7809807605104618	0.0	0.8763590744354613	0.7139757198991261	0.0	0.4419478929882847	0.6434542065067052	0.47172248362395053	0.0	0.0	0.2954683595596677	0.7089651966765441	0.8859453993933266	0.0	0.0	0.5588972431077694	0.0	0.0	0.0	1.0	0.834985231375123	0.1496559633027523	0.8666666666666667	0.0	0.1416006396743476	0.0	0.879366149696561	0.0	0.5802044275514922	0.0	0.0007304601899196494	0.7429937574711117	0.0005840695042710083	0.06924628909064706
pl	0.0	0.8122947589649284	0.8138738039824153	0.0	0.8067442319069217	0.742352459495818	0.0	0.4565425023877746	0.6648561537543273	0.4894261204642415	0.0	0.0	0.2852121843269982	0.7350813219887712	0.839994842702424	0.0	0.0	0.5063060632629662	0.0	0.0	0.0	0.834985231375123	1.0	0.14368370298939248	0.8202494023389546	0.0	0.12908598792421402	0.0	0.8352265393055376	0.0	0.6038189822872939	0.0	0.0	0.7452154667361021	0.000490814752489132	0.06876214265889537
pt	0.0	0.14857142857142858	0.14296841807109475	0.0	0.14772224679345422	0.12841719805543278	0.0	0.08626230166700141	0.12784131017930256	0.09116007432970534	0.0	0.0	0.09740714786264891	0.12606770995697986	0.14733282727209993	0.0	0.0	0.13535309503051438	0.0	0.0	0.0	0.1496559633027523	0.14368370298939248	1.0	0.14664597587641956	0.0	0.06953316953316953	0.0	0.1508290372021736	0.0	0.11039295315449293	0.0	0.0	0.1471041281577326	0.00042517006802721087	0.04903730445246691
ro	0.0	0.8430629777447067	0.7736030211867119	0.0	0.8372486629205876	0.726643598615917	0.0	0.4463321136086426	0.6550501712431653	0.4799797263051191	0.0	0.0	0.2996114163205145	0.7189186053257527	0.8724845586770273	0.0	0.0	0.5219437906686972	0.0	0.0	0.0	0.8666666666666667	0.8202494023389546	0.14664597587641956	1.0	0.0	0.1337321085238197	0.0	0.8659978740366728	0.0	0.5889321981741718	0.0	0.0	0.7332809327307264	0.0006469235192639448	0.06788196907362747
ru	0.0	0.0	0.0	0.0	0.0	0.0	0.0	0.0	0.0	0.0	0.0	0.0	0.0	0.0	0.0	0.0	0.0	0.0	0.0	0.0	0.0	0.0	0.0	0.0	0.0	0.0	0.0	0.0	0.0	0.0	0.0	0.0	0.0	0.0	0.0	0.0
sh	0.0	0.14278266050945926	0.12498220640569395	0.0	0.14025896265249607	0.11288787359604036	0.0	0.07370066038211423	0.11283437677859989	0.08031420327027894	0.0	0.0	0.08923121639296613	0.11113897072650912	0.13684577808792742	0.0	0.0	0.1303811659192825	0.0	0.0	0.0	0.1416006396743476	0.12908598792421402	0.06953316953316953	0.1337321085238197	0.0	1.0	0.0	0.13667649950835792	0.0	0.0940474825094621	0.0	0.0	0.12807996280799627	0.0004957858205255329	0.04891846921797005
si	0.0	0.0	0.0	0.0	0.0	0.0	0.0	0.0	0.0	0.0	0.0	0.0	0.0	0.0	0.0	0.0	0.0	0.0	0.0	0.0	0.0	0.0	0.0	0.0	0.0	0.0	0.0	0.0	0.0	0.0	0.0	0.0	0.0	0.0	0.0	0.0
simple	0.0	0.8850818885767149	0.8072102338803463	0.0	0.877295149355988	0.7394155882180711	0.0	0.45462053377379813	0.6622631358718393	0.487369097923939	0.0	0.0	0.29835567588985007	0.7313640312771503	0.915006729475101	0.0	0.0	0.5410029089901648	0.0	0.0	0.0	0.879366149696561	0.8352265393055376	0.1508290372021736	0.8659978740366728	0.0	0.13667649950835792	0.0	1.0	0.0	0.5984038471376681	0.0	0.0	0.7651915455746368	0.0006349206349206349	0.06894626657362177
sr	0.0	0.0	0.0	0.0	0.0	0.0	0.0	0.0	0.0	0.0	0.0	0.0	0.0	0.0	0.0	0.0	0.0	0.0	0.0	0.0	0.0	0.0	0.0	0.0	0.0	0.0	0.0	0.0	0.0	0.0	0.0	0.0	0.0	0.0	0.0	0.0
sv	0.0	0.5663575476558474	0.5857994245787094	0.0	0.5641780256092523	0.6476118271417741	0.0	0.5252537964594345	0.574946137273007	0.567727313127722	0.0	0.0	0.25173428048171376	0.655356962536605	0.6042881997748439	0.0	0.0	0.3576133909287257	0.0	0.0	0.0	0.5802044275514922	0.6038189822872939	0.11039295315449293	0.5889321981741718	0.0	0.0940474825094621	0.0	0.5984038471376681	0.0	1.0	0.0	0.0	0.5378504672897196	0.0003514526710402999	0.053630315302285216
te	0.0	0.0	0.0	0.0	0.0	0.0	0.0	0.0	0.0	0.0	0.0	0.0	0.0	0.0	0.0	0.0	0.0	0.0	0.0	0.0	0.0	0.0	0.0	0.0	0.0	0.0	0.0	0.0	0.0	0.0	0.0	0.0	0.0	0.0	0.0	0.0
tr	0.0	0.0	-1.0	0.0	0.021739130434782608	0.0	0.0	0.0016501650165016502	0.0	0.0	0.0	0.0	0.0	0.0	0.004761904761904762	0.0	0.0	0.0	0.0	0.0	0.0	0.0007304601899196494	0.0	0.0	0.0	0.0	0.0	0.0	0.0	0.0	0.0	0.0	1.0	0.0	0.0	0.0
vi	0.0	0.7260602827420646	0.7238288406176394	0.0	0.722649201363363	0.6609878734102337	0.0	0.4078528475415635	0.5965243902439025	0.43816337027166036	0.0	0.0	0.27103594080338267	0.6557521087160263	0.747557639703009	0.0	0.0	0.4668563300142248	0.0	0.0	0.0	0.7429937574711117	0.7452154667361021	0.1471041281577326	0.7332809327307264	0.0	0.12807996280799627	0.0	0.7651915455746368	0.0	0.5378504672897196	0.0	0.0	1.0	0.00047797339281446664	0.06809672386895475
war	0.0	0.0005248950209958009	0.0005797941730685607	0.0	0.0006804778466656586	0.0004507114802652759	0.0	0.00031099362463069506	0.0005133846718005134	0.0003844041735310269	0.0	0.0	0.0007284647605172099	0.0005726283641916397	0.0005601064202198418	0.0	0.0	0.0004951107810372571	0.0	0.0	0.0	0.0005840695042710083	0.000490814752489132	0.00042517006802721087	0.0006469235192639448	0.0	0.0004957858205255329	0.0	0.0006349206349206349	0.0	0.0003514526710402999	0.0	0.0	0.00047797339281446664	1.0	0.0
zh	0.0	0.0692813354014329	0.06866952789699571	0.0	0.06880392740255876	0.06353661648379688	0.0	0.04234045809314901	0.060427730730587055	0.04713203463203463	0.0	0.0	0.05590952532653711	0.06338694418164617	0.06984325149119157	0.0	0.0	0.0667824074074074	0.0	0.0	0.0	0.06924628909064706	0.06876214265889537	0.04903730445246691	0.06788196907362747	0.0	0.04891846921797005	0.0	0.06894626657362177	0.0	0.053630315302285216	0.0	0.0	0.06809672386895475	0.0	1.0
