arz	bs	da	de	el	en	es	fr	he	hi	hu	id	it	ja	ko	lv	mk	nl	pl	pt	ro	ru	sh	simple	sr	sv	tr	vi	zh
arz	0.0	0.005	0.0	0.016	0.0	0.04	0.006	0.024	0.0	0.0	0.0	0.008	0.092	0.0	0.0	0.0	0.0	0.035	0.911	0.0	0.0	0.0	0.004	0.0	0.0	0.006	0.0	0.0	0.0	
bs	0.005	0.0	0.005	0.021	0.005	0.045	0.01	0.028	0.005	0.005	0.005	0.012	0.096	0.005	0.005	0.005	0.005	0.039	0.916	0.005	0.005	0.005	0.005	0.005	0.005	0.01	0.005	0.005	0.005	
da	0.0	0.005	0.0	0.016	0.0	0.04	0.006	0.024	0.0	0.0	0.0	0.008	0.092	0.0	0.0	0.0	0.0	0.035	0.911	0.0	0.0	0.0	0.004	0.0	0.0	0.006	0.0	0.0	0.0	
de	0.016	0.021	0.016	0.0	0.016	0.056	0.022	0.04	0.016	0.016	0.016	0.024	0.107	0.016	0.016	0.016	0.016	0.05	0.927	0.016	0.017	0.016	0.021	0.016	0.016	0.022	0.016	0.016	0.016	
el	0.0	0.005	0.0	0.016	0.0	0.04	0.006	0.024	0.0	0.0	0.0	0.008	0.092	0.0	0.0	0.0	0.0	0.035	0.911	0.0	0.0	0.0	0.004	0.0	0.0	0.006	0.0	0.0	0.0	
en	0.04	0.045	0.04	0.056	0.04	0.0	0.046	0.062	0.04	0.04	0.04	0.048	0.13	0.04	0.04	0.04	0.04	0.073	0.948	0.04	0.041	0.04	0.044	0.04	0.04	0.045	0.04	0.04	0.04	
es	0.006	0.01	0.006	0.022	0.006	0.046	0.0	0.029	0.006	0.006	0.006	0.014	0.098	0.006	0.006	0.006	0.006	0.041	0.917	0.006	0.006	0.006	0.01	0.006	0.006	0.012	0.006	0.006	0.006	
fr	0.024	0.028	0.024	0.04	0.024	0.062	0.029	0.0	0.024	0.024	0.024	0.031	0.112	0.024	0.024	0.024	0.024	0.057	0.933	0.024	0.024	0.024	0.028	0.024	0.024	0.028	0.024	0.024	0.024	
he	0.0	0.005	0.0	0.016	0.0	0.04	0.006	0.024	0.0	0.0	0.0	0.008	0.092	0.0	0.0	0.0	0.0	0.035	0.911	0.0	0.0	0.0	0.004	0.0	0.0	0.006	0.0	0.0	0.0	
hi	0.0	0.005	0.0	0.016	0.0	0.04	0.006	0.024	0.0	0.0	0.0	0.008	0.092	0.0	0.0	0.0	0.0	0.035	0.911	0.0	0.0	0.0	0.004	0.0	0.0	0.006	0.0	0.0	0.0	
hu	0.0	0.005	0.0	0.016	0.0	0.04	0.006	0.024	0.0	0.0	0.0	0.008	0.092	0.0	0.0	0.0	0.0	0.035	0.911	0.0	0.0	0.0	0.004	0.0	0.0	0.006	0.0	0.0	0.0	
id	0.008	0.012	0.008	0.024	0.008	0.048	0.014	0.031	0.008	0.008	0.008	0.0	0.099	0.008	0.008	0.008	0.008	0.043	0.919	0.008	0.008	0.008	0.011	0.008	0.008	0.014	0.008	0.008	0.008	
it	0.092	0.096	0.092	0.107	0.092	0.13	0.098	0.112	0.092	0.092	0.092	0.099	0.0	0.092	0.092	0.092	0.092	0.124	1.0	0.092	0.092	0.092	0.095	0.092	0.092	0.095	0.092	0.092	0.092	
ja	0.0	0.005	0.0	0.016	0.0	0.04	0.006	0.024	0.0	0.0	0.0	0.008	0.092	0.0	0.0	0.0	0.0	0.035	0.911	0.0	0.0	0.0	0.004	0.0	0.0	0.006	0.0	0.0	0.0	
ko	0.0	0.005	0.0	0.016	0.0	0.04	0.006	0.024	0.0	0.0	0.0	0.008	0.092	0.0	0.0	0.0	0.0	0.035	0.911	0.0	0.0	0.0	0.004	0.0	0.0	0.006	0.0	0.0	0.0	
lv	0.0	0.005	0.0	0.016	0.0	0.04	0.006	0.024	0.0	0.0	0.0	0.008	0.092	0.0	0.0	0.0	0.0	0.035	0.911	0.0	0.0	0.0	0.004	0.0	0.0	0.006	0.0	0.0	0.0	
mk	0.0	0.005	0.0	0.016	0.0	0.04	0.006	0.024	0.0	0.0	0.0	0.008	0.092	0.0	0.0	0.0	0.0	0.035	0.911	0.0	0.0	0.0	0.004	0.0	0.0	0.006	0.0	0.0	0.0	
nl	0.035	0.039	0.035	0.05	0.035	0.073	0.041	0.057	0.035	0.035	0.035	0.043	0.124	0.035	0.035	0.035	0.035	0.0	0.943	0.035	0.035	0.035	0.039	0.035	0.035	0.04	0.035	0.035	0.035	
pl	0.911	0.916	0.911	0.927	0.911	0.948	0.917	0.933	0.911	0.911	0.911	0.919	1.0	0.911	0.911	0.911	0.911	0.943	0.0	0.911	0.911	0.911	0.915	0.911	0.911	0.917	0.911	0.911	0.911	
pt	0.0	0.005	0.0	0.016	0.0	0.04	0.006	0.024	0.0	0.0	0.0	0.008	0.092	0.0	0.0	0.0	0.0	0.035	0.911	0.0	0.0	0.0	0.004	0.0	0.0	0.006	0.0	0.0	0.0	
ro	0.0	0.005	0.0	0.017	0.0	0.041	0.006	0.024	0.0	0.0	0.0	0.008	0.092	0.0	0.0	0.0	0.0	0.035	0.911	0.0	0.0	0.0	0.005	0.0	0.0	0.006	0.0	0.0	0.0	
ru	0.0	0.005	0.0	0.016	0.0	0.04	0.006	0.024	0.0	0.0	0.0	0.008	0.092	0.0	0.0	0.0	0.0	0.035	0.911	0.0	0.0	0.0	0.004	0.0	0.0	0.006	0.0	0.0	0.0	
sh	0.004	0.005	0.004	0.021	0.004	0.044	0.01	0.028	0.004	0.004	0.004	0.011	0.095	0.004	0.004	0.004	0.004	0.039	0.915	0.004	0.005	0.004	0.0	0.004	0.004	0.01	0.004	0.004	0.004	
simple	0.0	0.005	0.0	0.016	0.0	0.04	0.006	0.024	0.0	0.0	0.0	0.008	0.092	0.0	0.0	0.0	0.0	0.035	0.911	0.0	0.0	0.0	0.004	0.0	0.0	0.006	0.0	0.0	0.0	
sr	0.0	0.005	0.0	0.016	0.0	0.04	0.006	0.024	0.0	0.0	0.0	0.008	0.092	0.0	0.0	0.0	0.0	0.035	0.911	0.0	0.0	0.0	0.004	0.0	0.0	0.006	0.0	0.0	0.0	
sv	0.006	0.01	0.006	0.022	0.006	0.045	0.012	0.028	0.006	0.006	0.006	0.014	0.095	0.006	0.006	0.006	0.006	0.04	0.917	0.006	0.006	0.006	0.01	0.006	0.006	0.0	0.006	0.006	0.006	
tr	0.0	0.005	0.0	0.016	0.0	0.04	0.006	0.024	0.0	0.0	0.0	0.008	0.092	0.0	0.0	0.0	0.0	0.035	0.911	0.0	0.0	0.0	0.004	0.0	0.0	0.006	0.0	0.0	0.0	
vi	0.0	0.005	0.0	0.016	0.0	0.04	0.006	0.024	0.0	0.0	0.0	0.008	0.092	0.0	0.0	0.0	0.0	0.035	0.911	0.0	0.0	0.0	0.004	0.0	0.0	0.006	0.0	0.0	0.0	
zh	0.0	0.005	0.0	0.016	0.0	0.04	0.006	0.024	0.0	0.0	0.0	0.008	0.092	0.0	0.0	0.0	0.0	0.035	0.911	0.0	0.0	0.0	0.004	0.0	0.0	0.006	0.0	0.0	0.0	
