ceb	de	es	fr	it	ja	nl	pl	ru	sv	vi	war
ceb	0.0	0.051	0.067	0.552	0.455	0.057	0.183	0.336	0.345	0.041	0.003	0.0	
de	0.051	0.0	0.119	0.603	0.506	0.108	0.233	0.387	0.396	0.092	0.055	0.051	
es	0.067	0.119	0.0	0.618	0.521	0.125	0.25	0.403	0.411	0.108	0.071	0.067	
fr	0.552	0.603	0.618	0.0	1.0	0.609	0.733	0.887	0.894	0.592	0.555	0.552	
it	0.455	0.506	0.521	1.0	0.0	0.512	0.636	0.791	0.798	0.496	0.458	0.455	
ja	0.057	0.108	0.125	0.609	0.512	0.0	0.239	0.393	0.402	0.098	0.061	0.057	
nl	0.183	0.233	0.25	0.733	0.636	0.239	0.0	0.518	0.526	0.223	0.186	0.183	
pl	0.336	0.387	0.403	0.887	0.791	0.393	0.518	0.0	0.679	0.377	0.34	0.336	
ru	0.345	0.396	0.411	0.894	0.798	0.402	0.526	0.679	0.0	0.386	0.348	0.345	
sv	0.041	0.092	0.108	0.592	0.496	0.098	0.223	0.377	0.386	0.0	0.044	0.041	
vi	0.003	0.055	0.071	0.555	0.458	0.061	0.186	0.34	0.348	0.044	0.0	0.003	
war	0.0	0.051	0.067	0.552	0.455	0.057	0.183	0.336	0.345	0.041	0.003	0.0	
