arz	bs	ceb	ckb	da	de	el	en	es	fr	he	hi	hu	id	it	ja	ko	lv	mk	ml	mr	nl	pl	pt	ro	ru	sh	si	simple	sr	sv	te	vi	war	zh
arz	1.0	0.5666666666666667	0.5263157894736842	0.56	0.5357142857142857	0.5245901639344263	0.5555555555555556	0.5109717868338558	0.5217391304347826	0.5191256830601093	0.5333072865794101	0.5256410256410257	0.547945205479452	0.5289268991138114	0.5174418604651163	0.5220588235294117	0.5308755760368663	0.5581395348837209	0.5795363709032774	0.5531914893617021	0.5370370370370371	0.5309734513274337	0.5315315315315315	0.53027493775494	0.5463406292749657	0.5211349160393747	0.5694545454545455	0.5135135135135135	0.5343297524521252	0.5522388059701493	0.5178571428571429	0.5348837209302326	0.5443037974683544	0.625	0.5251798561151079
bs	0.5666666666666667	1.0	0.5476190476190476	0.5666666666666667	0.5517241379310345	0.5317460317460317	0.5671641791044776	0.515527950310559	0.5272727272727272	0.5240641711229946	0.55	0.55	0.5512820512820512	0.5343511450381679	0.5227272727272727	0.5285714285714286	0.536	0.5869565217391304	0.56	0.5576923076923077	0.5517241379310345	0.5338983050847458	0.5391304347826087	0.5354330708661417	0.5454545454545455	0.5263644239099047	0.5714285714285714	0.55	0.5436065324146332	0.5555555555555556	0.5294117647058824	0.5416666666666666	0.5542168674698795	0.5625	0.5314685314685315
ceb	0.5263157894736842	0.5476190476190476	1.0	0.5405405405405405	0.5741897696212417	0.5560072549878041	0.5394736842105263	0.5209821536673367	0.5433589462129528	0.5351815799874117	0.5645871820378002	0.5529411764705883	0.5837409120951752	0.5440338144100553	0.5363099820374647	0.5403146509341199	0.5426761088333955	0.5882352941176471	0.5670731707317073	0.5448354143019296	0.5384615384615384	0.5522667665792431	0.561861520998865	0.5516823495865413	0.5651317409505048	0.5402931535654648	0.5645161290322581	0.5208333333333334	0.5580488957127672	0.5512820512820512	0.5420552367288379	0.5178571428571429	0.5650255690363983	0.5384615384615384	0.5408286334554727
ckb	0.56	0.5666666666666667	0.5405405405405405	1.0	0.5357142857142857	0.5289256198347108	0.5384615384615384	0.5109717868338558	0.5228915662650603	0.5200502427776007	0.5306122448979592	0.5394736842105263	0.5405405405405405	0.5234375	0.5174418604651163	0.5220588235294117	0.5245901639344263	0.5714285714285714	0.5555555555555556	0.5531914893617021	0.5471698113207547	0.5263157894736842	0.5267857142857143	0.5241935483870968	0.5401662049861495	0.5172413793103449	0.5471698113207547	0.5277777777777778	0.5274725274725275	0.5441176470588236	0.5178571428571429	0.5476190476190476	0.5375	0.5555555555555556	0.5214285714285714
da	0.5357142857142857	0.5517241379310345	0.5741897696212417	0.5357142857142857	1.0	0.5987750556792873	0.5872466633712309	0.555016445133056	0.5910425844346548	0.5823748448489864	0.6131958159607929	0.5785054068748867	0.6279162831645925	0.5927177941595732	0.578262888992104	0.584689349112426	0.594502534854246	0.5913978494623656	0.5714285714285714	0.5630469371519491	0.5563480741797432	0.6031145807920631	0.6189221121512315	0.604404567699837	0.612541773147238	0.5843255796807609	0.5853658536585367	0.5376344086021506	0.6118149495279742	0.5933048433048433	0.583628553336414	0.5294117647058824	0.60926243567753	0.5411764705882353	0.6017237069883266
de	0.5245901639344263	0.5317460317460317	0.5560072549878041	0.5289256198347108	0.5987750556792873	1.0	0.5782312925170068	0.5771817129451935	0.6178174058832495	0.6243671030424669	0.6037735849056604	0.5723270440251572	0.5995764581311215	0.5997803002563165	0.6024191324218904	0.6125130344108446	0.595975537581377	0.556390977443609	0.5597014925373135	0.5588235294117647	0.5556339742029691	0.6239538776269296	0.6197526306073472	0.6207929428416253	0.6042315680166147	0.6096575040423342	0.5658743451765795	0.5307692307692308	0.6083834921320413	0.5824390951276102	0.6017545734059855	0.5367647058823529	0.5932635876499107	0.5327868852459017	0.6147431314110959
el	0.5555555555555556	0.5671641791044776	0.5394736842105263	0.5384615384615384	0.5872466633712309	0.5782312925170068	1.0	0.5413607295120796	0.5645161290322581	0.5576923076923077	0.5793650793650793	0.5849056603773585	0.580952380952381	0.567741935483871	0.5612244897959184	0.5750000000000001	0.5666666666666667	0.5769230769230769	0.5679012345679012	0.5875	0.580566306783459	0.5704225352112676	0.5714285714285714	0.5810810810810811	0.5837755875663382	0.5634517766497462	0.5747126436781609	0.5333333333333333	0.5810140046091118	0.5918367346938775	0.5625	0.5641025641025641	0.5871559633027523	0.5625	0.5703088401640749
en	0.5109717868338558	0.515527950310559	0.5209821536673367	0.5109717868338558	0.555016445133056	0.5771817129451935	0.5413607295120796	1.0	0.5946028644518757	0.6095972362093918	0.5637577248879272	0.5491329479768786	0.5485319004258844	0.5829282944678063	0.5919845041218403	0.5845769559177744	0.570842590210706	0.5258358662613982	0.5260245469075118	0.5290438934516627	0.5337757510158454	0.5714349823486002	0.5690629492429505	0.5768041204971035	0.5544724312648245	0.6011397005066677	0.5329341317365269	0.5186882027068092	0.561610365259591	0.5449193379425937	0.5888213598415368	0.5245627050716268	0.5522863329512163	0.5126658720071993	0.5840515034749363
es	0.5217391304347826	0.5272727272727272	0.5433589462129528	0.5228915662650603	0.5910425844346548	0.6178174058832495	0.5645161290322581	0.5946028644518757	1.0	0.6261180679785331	0.5922330097087379	0.5634517766497462	0.5980066445182725	0.5930735930735931	0.6034816247582205	0.605078575867886	0.5955555555555555	0.5465116279069767	0.5428571428571428	0.5454545454545455	0.5439560439560439	0.616305277065361	0.6000000000000001	0.6173140954495006	0.5835636783695697	0.6164623467600701	0.5569719413189005	0.5266272189349113	0.5931059096451834	0.573359607273733	0.5886016628873771	0.5284090909090908	0.5824742268041238	0.5246913580246914	0.6123927550047664
fr	0.5191256830601093	0.5240641711229946	0.5351815799874117	0.5200502427776007	0.5823748448489864	0.6243671030424669	0.5576923076923077	0.6095972362093918	0.6261180679785331	1.0	0.5968477507388085	0.5622119815668203	0.5830639948287007	0.5997198505869797	0.5952133527314586	0.6017545896983837	0.6059387292649671	0.5412371134020618	0.5454966657289891	0.546801530064559	0.5522954344251929	0.6035973585318691	0.6009079653322328	0.6049915413712482	0.579880576777659	0.6143219570007963	0.55	0.5263157894736842	0.58286996157793	0.5619047619047619	0.5807179427844147	0.5306122448979592	0.575065455963456	0.5217391304347826	0.6196172248803828
he	0.5333072865794101	0.55	0.5645871820378002	0.5306122448979592	0.6131958159607929	0.6037735849056604	0.5793650793650793	0.5637577248879272	0.5922330097087379	0.5968477507388085	1.0	0.5697290966807409	0.603372891942536	0.6073245167853509	0.5801433064905571	0.5872205432395398	0.5892728950876833	0.5740740740740741	0.5625	0.5541701302299806	0.5456773853452821	0.6012269938650306	0.5936042389641405	0.6238187229154701	0.5984708315193731	0.5947328818660647	0.5806211277546859	0.5327102803738317	0.6070409693832534	0.5848298676748582	0.5706760316066725	0.5258620689655172	0.6074752050936696	0.5353535353535354	0.6022194821208384
hi	0.5256410256410257	0.55	0.5529411764705883	0.5394736842105263	0.5785054068748867	0.5723270440251572	0.5849056603773585	0.5491329479768786	0.5634517766497462	0.5622119815668203	0.5697290966807409	1.0	0.5775862068965517	0.5817273763639325	0.5550239234449761	0.5730994152046783	0.5652173913043479	0.5795454545454545	0.5652173913043479	0.5888888888888889	0.6208821887213847	0.5612903225806452	0.5695364238410596	0.5662125717446926	0.5714285714285714	0.5634782608695652	0.5656565656565656	0.5411764705882353	0.5779987569919205	0.5714285714285714	0.5630135141202353	0.5952380952380952	0.5737704918032787	0.5384615384615384	0.5617977528089888
hu	0.547945205479452	0.5512820512820512	0.5837409120951752	0.5405405405405405	0.6279162831645925	0.5995764581311215	0.580952380952381	0.5485319004258844	0.5980066445182725	0.5830639948287007	0.603372891942536	0.5775862068965517	1.0	0.5855583007890333	0.5705188722904055	0.5860077210974567	0.5923183711244794	0.5882352941176471	0.5795454545454545	0.5690463783220427	0.5640133718829057	0.6033924441017733	0.610314935349231	0.597442985487215	0.620368601986249	0.5853993140617344	0.5978260869565217	0.5421686746987951	0.61881749800395	0.6060673855653497	0.575748552522746	0.5268817204301075	0.6014116892144805	0.5540540540540541	0.5994358781496804
id	0.5289268991138114	0.5343511450381679	0.5440338144100553	0.5234375	0.5927177941595732	0.5997803002563165	0.567741935483871	0.5829282944678063	0.5930735930735931	0.5997198505869797	0.6073245167853509	0.5817273763639325	0.5855583007890333	1.0	0.5805700159262165	0.5961538461538461	0.5949729655214667	0.559508895013781	0.5546053278285659	0.5562256528639445	0.5550690317680175	0.5912390995741229	0.5916398713826367	0.6001427636666468	0.5903614457831325	0.6005352701737476	0.5592741807569077	0.5255474452554745	0.5903592171950723	0.5741154807312903	0.5731343283582089	0.5390070921985816	0.6030277544154752	0.53125	0.6114278781996846
it	0.5174418604651163	0.5227272727272727	0.5363099820374647	0.5174418604651163	0.578262888992104	0.6024191324218904	0.5612244897959184	0.5919845041218403	0.6034816247582205	0.5952133527314586	0.5801433064905571	0.5550239234449761	0.5705188722904055	0.5805700159262165	1.0	0.6099257718650267	0.5827834123152783	0.5439560439560439	0.5434782608695652	0.543010752688172	0.538860103626943	0.5937794533459001	0.5954975995847931	0.5944197331176708	0.5869943201576446	0.6024646280237335	0.5502645502645502	0.5280898876404494	0.580246503438424	0.5696345598392566	0.6135533612877045	0.5268817204301075	0.58128078817734	0.5232558139534884	0.5938097057699656
ja	0.5220588235294117	0.5285714285714286	0.5403146509341199	0.5220588235294117	0.584689349112426	0.6125130344108446	0.5750000000000001	0.5845769559177744	0.605078575867886	0.6017545896983837	0.5872205432395398	0.5730994152046783	0.5860077210974567	0.5961538461538461	0.6099257718650267	1.0	0.6066607681662469	0.5510204081632653	0.5540540540540541	0.5533333333333333	0.5528694836938325	0.5993727130162049	0.5965536571693192	0.592394845815904	0.5895953757225434	0.5936753473524087	0.5584415584415584	0.5314685314685315	0.6025324860096747	0.575001699177598	0.5988210026047617	0.5369127516778524	0.6024096385542168	0.5294117647058824	0.6070620710807806
ko	0.5308755760368663	0.536	0.5426761088333955	0.5245901639344263	0.594502534854246	0.595975537581377	0.5666666666666667	0.570842590210706	0.5955555555555555	0.6059387292649671	0.5892728950876833	0.5652173913043479	0.5923183711244794	0.5949729655214667	0.5827834123152783	0.6066607681662469	1.0	0.5606060606060607	0.5617039545866527	0.5477048409838634	0.5448275862068965	0.5851063829787234	0.5886548212887002	0.589186439446241	0.5792682926829268	0.588189100047118	0.5642857142857143	0.5348837209302326	0.5982306104393984	0.5691105258686603	0.5766547580383241	0.5251798561151079	0.6001514168288989	0.5327868852459017	0.6245239908606246
lv	0.5581395348837209	0.5869565217391304	0.5882352941176471	0.5714285714285714	0.5913978494623656	0.556390977443609	0.5769230769230769	0.5258358662613982	0.5465116279069767	0.5412371134020618	0.5740740740740741	0.5795454545454545	0.5882352941176471	0.559508895013781	0.5439560439560439	0.5510204081632653	0.5606060606060607	1.0	0.6167400881057269	0.5774278215223096	0.5652173913043479	0.5645161290322581	0.5727034448327509	0.5639097744360902	0.5964368706429124	0.5464480874316939	0.624	0.5471698113207547	0.5742574257425742	0.6025641025641025	0.5480225988700566	0.540983606557377	0.5959073532718686	0.5681818181818182	0.5544889537516985
mk	0.5795363709032774	0.56	0.5670731707317073	0.5555555555555556	0.5714285714285714	0.5597014925373135	0.5679012345679012	0.5260245469075118	0.5428571428571428	0.5454966657289891	0.5625	0.5652173913043479	0.5795454545454545	0.5546053278285659	0.5434782608695652	0.5540540540540541	0.5617039545866527	0.6167400881057269	1.0	0.5651981403586451	0.547945205479452	0.5680000000000001	0.5666923670007711	0.5565934306889444	0.5915492957746479	0.543010752688172	0.6153846153846154	0.5454545454545455	0.5694686551746401	0.5925925925925926	0.5414364640883979	0.53125	0.5859613428280773	0.6072186836518046	0.5526315789473684
ml	0.5531914893617021	0.5576923076923077	0.5448354143019296	0.5531914893617021	0.5630469371519491	0.5588235294117647	0.5875	0.5290438934516627	0.5454545454545455	0.546801530064559	0.5541701302299806	0.5888888888888889	0.5690463783220427	0.5562256528639445	0.543010752688172	0.5533333333333333	0.5477048409838634	0.5774278215223096	0.5651981403586451	1.0	0.619818589681069	0.559480079118395	0.560857129886049	0.551563711553373	0.570154095701541	0.5492730210016156	0.5540540540540541	0.543859649122807	0.5656121681799781	0.572233564720294	0.5434752267969295	0.6095791001451379	0.558968058968059	0.5625	0.5424280964812459
mr	0.5370370370370371	0.5517241379310345	0.5384615384615384	0.5471698113207547	0.5563480741797432	0.5556339742029691	0.580566306783459	0.5337757510158454	0.5439560439560439	0.5522954344251929	0.5456773853452821	0.6208821887213847	0.5640133718829057	0.5550690317680175	0.538860103626943	0.5528694836938325	0.5448275862068965	0.5652173913043479	0.547945205479452	0.619818589681069	1.0	0.549224369529422	0.5548690223337839	0.5453908544636361	0.5573770491803278	0.5541666666666667	0.5569620253164557	0.5511600237953599	0.5542226487523992	0.5577740016992353	0.5435528740200152	0.6093518393747474	0.5491730842065395	0.5454545454545455	0.5412666075310218
nl	0.5309734513274337	0.5338983050847458	0.5522667665792431	0.5263157894736842	0.6031145807920631	0.6239538776269296	0.5704225352112676	0.5714349823486002	0.616305277065361	0.6035973585318691	0.6012269938650306	0.5612903225806452	0.6033924441017733	0.5912390995741229	0.5937794533459001	0.5993727130162049	0.5851063829787234	0.5645161290322581	0.5680000000000001	0.559480079118395	0.549224369529422	1.0	0.6053914803569785	0.6085558396373125	0.6085165569999466	0.6011537597083135	0.5813953488372093	0.5327868852459017	0.6012491534351719	0.5845070422535211	0.5859030837004405	0.5267175572519084	0.5933333333333333	0.5350877192982456	0.5968179522949599
pl	0.5315315315315315	0.5391304347826087	0.561861520998865	0.5267857142857143	0.6189221121512315	0.6197526306073472	0.5714285714285714	0.5690629492429505	0.6000000000000001	0.6009079653322328	0.5936042389641405	0.5695364238410596	0.610314935349231	0.5916398713826367	0.5954975995847931	0.5965536571693192	0.5886548212887002	0.5727034448327509	0.5666923670007711	0.560857129886049	0.5548690223337839	0.6053914803569785	1.0	0.6044688674289871	0.6120466321243523	0.6052123552123553	0.5736434108527132	0.5333333333333333	0.6063031515757878	0.5857142857142857	0.5877648260018719	0.53125	0.592675248077153	0.5357142857142857	0.5948595448975476
pt	0.53027493775494	0.5354330708661417	0.5516823495865413	0.5241935483870968	0.604404567699837	0.6207929428416253	0.5810810810810811	0.5768041204971035	0.6173140954495006	0.6049915413712482	0.6238187229154701	0.5662125717446926	0.597442985487215	0.6001427636666468	0.5944197331176708	0.592394845815904	0.589186439446241	0.5639097744360902	0.5565934306889444	0.551563711553373	0.5453908544636361	0.6085558396373125	0.6044688674289871	1.0	0.6037735849056604	0.6182353294492162	0.5714285714285714	0.5303030303030303	0.6097351945731593	0.5895368877522655	0.5843158134935726	0.5285714285714286	0.5875	0.532258064516129	0.6103886562339285
ro	0.5463406292749657	0.5454545454545455	0.5651317409505048	0.5401662049861495	0.612541773147238	0.6042315680166147	0.5837755875663382	0.5544724312648245	0.5835636783695697	0.579880576777659	0.5984708315193731	0.5714285714285714	0.620368601986249	0.5903614457831325	0.5869943201576446	0.5895953757225434	0.5792682926829268	0.5964368706429124	0.5915492957746479	0.570154095701541	0.5573770491803278	0.6085165569999466	0.6120466321243523	0.6037735849056604	1.0	0.590308793821375	0.5882352941176471	0.5319148936170213	0.5936577195998061	0.6118451025056948	0.58128078817734	0.5294117647058824	0.6120474406991261	0.5476190476190476	0.5815812287437243
ru	0.5211349160393747	0.5263644239099047	0.5402931535654648	0.5172413793103449	0.5843255796807609	0.6096575040423342	0.5634517766497462	0.6011397005066677	0.6164623467600701	0.6143219570007963	0.5947328818660647	0.5634782608695652	0.5853993140617344	0.6005352701737476	0.6024646280237335	0.5936753473524087	0.588189100047118	0.5464480874316939	0.543010752688172	0.5492730210016156	0.5541666666666667	0.6011537597083135	0.6052123552123553	0.6182353294492162	0.590308793821375	1.0	0.5526315789473684	0.5277777777777778	0.5935505542492442	0.5728826881509137	0.5963687363751391	0.532258064516129	0.5804878048780487	0.5229885057471265	0.6070640397040173
sh	0.5694545454545455	0.5714285714285714	0.5645161290322581	0.5471698113207547	0.5853658536585367	0.5658743451765795	0.5747126436781609	0.5329341317365269	0.5569719413189005	0.55	0.5806211277546859	0.5656565656565656	0.5978260869565217	0.5592741807569077	0.5502645502645502	0.5584415584415584	0.5642857142857143	0.624	0.6153846153846154	0.5540540540540541	0.5569620253164557	0.5813953488372093	0.5736434108527132	0.5714285714285714	0.5882352941176471	0.5526315789473684	1.0	0.5573770491803278	0.5802400223276585	0.6190476190476191	0.5483870967741935	0.5277777777777778	0.5858585858585859	0.5660377358490566	0.5646891987709761
si	0.5135135135135135	0.55	0.5208333333333334	0.5277777777777778	0.5376344086021506	0.5307692307692308	0.5333333333333333	0.5186882027068092	0.5266272189349113	0.5263157894736842	0.5327102803738317	0.5411764705882353	0.5421686746987951	0.5255474452554745	0.5280898876404494	0.5314685314685315	0.5348837209302326	0.5471698113207547	0.5454545454545455	0.543859649122807	0.5511600237953599	0.5327868852459017	0.5333333333333333	0.5303030303030303	0.5319148936170213	0.5277777777777778	0.5573770491803278	1.0	0.5353535353535354	0.5384615384615384	0.5257142857142857	0.5384615384615384	0.5333333333333333	0.5263157894736842	0.5342465753424658
simple	0.5343297524521252	0.5436065324146332	0.5580488957127672	0.5274725274725275	0.6118149495279742	0.6083834921320413	0.5810140046091118	0.561610365259591	0.5931059096451834	0.58286996157793	0.6070409693832534	0.5779987569919205	0.61881749800395	0.5903592171950723	0.580246503438424	0.6025324860096747	0.5982306104393984	0.5742574257425742	0.5694686551746401	0.5656121681799781	0.5542226487523992	0.6012491534351719	0.6063031515757878	0.6097351945731593	0.5936577195998061	0.5935505542492442	0.5802400223276585	0.5353535353535354	1.0	0.5973519195200072	0.5784425363411606	0.53873480428902	0.6002477050852396	0.5384615384615384	0.6140097309673725
sr	0.5522388059701493	0.5555555555555556	0.5512820512820512	0.5441176470588236	0.5933048433048433	0.5824390951276102	0.5918367346938775	0.5449193379425937	0.573359607273733	0.5619047619047619	0.5848298676748582	0.5714285714285714	0.6060673855653497	0.5741154807312903	0.5696345598392566	0.575001699177598	0.5691105258686603	0.6025641025641025	0.5925925925925926	0.572233564720294	0.5577740016992353	0.5845070422535211	0.5857142857142857	0.5895368877522655	0.6118451025056948	0.5728826881509137	0.6190476190476191	0.5384615384615384	0.5973519195200072	1.0	0.5577453685455263	0.5411764705882353	0.5943617854346124	0.5588235294117647	0.5786116980360463
sv	0.5178571428571429	0.5294117647058824	0.5420552367288379	0.5178571428571429	0.583628553336414	0.6017545734059855	0.5625	0.5888213598415368	0.5886016628873771	0.5807179427844147	0.5706760316066725	0.5630135141202353	0.575748552522746	0.5731343283582089	0.6135533612877045	0.5988210026047617	0.5766547580383241	0.5480225988700566	0.5414364640883979	0.5434752267969295	0.5435528740200152	0.5859030837004405	0.5877648260018719	0.5843158134935726	0.58128078817734	0.5963687363751391	0.5483870967741935	0.5257142857142857	0.5784425363411606	0.5577453685455263	1.0	0.5288673424416043	0.5785723539318565	0.5207100591715976	0.5826840506272352
te	0.5348837209302326	0.5416666666666666	0.5178571428571429	0.5476190476190476	0.5294117647058824	0.5367647058823529	0.5641025641025641	0.5245627050716268	0.5284090909090908	0.5306122448979592	0.5258620689655172	0.5952380952380952	0.5268817204301075	0.5390070921985816	0.5268817204301075	0.5369127516778524	0.5251798561151079	0.540983606557377	0.53125	0.6095791001451379	0.6093518393747474	0.5267175572519084	0.53125	0.5285714285714286	0.5294117647058824	0.532258064516129	0.5277777777777778	0.5384615384615384	0.53873480428902	0.5411764705882353	0.5288673424416043	1.0	0.5306122448979592	0.5454545454545455	0.5261570139105035
vi	0.5443037974683544	0.5542168674698795	0.5650255690363983	0.5375	0.60926243567753	0.5932635876499107	0.5871559633027523	0.5522863329512163	0.5824742268041238	0.575065455963456	0.6074752050936696	0.5737704918032787	0.6014116892144805	0.6030277544154752	0.58128078817734	0.6024096385542168	0.6001514168288989	0.5959073532718686	0.5859613428280773	0.558968058968059	0.5491730842065395	0.5933333333333333	0.592675248077153	0.5875	0.6120474406991261	0.5804878048780487	0.5858585858585859	0.5333333333333333	0.6002477050852396	0.5943617854346124	0.5785723539318565	0.5306122448979592	1.0	0.55	0.596140763188818
war	0.625	0.5625	0.5384615384615384	0.5555555555555556	0.5411764705882353	0.5327868852459017	0.5625	0.5126658720071993	0.5246913580246914	0.5217391304347826	0.5353535353535354	0.5384615384615384	0.5540540540540541	0.53125	0.5232558139534884	0.5294117647058824	0.5327868852459017	0.5681818181818182	0.6072186836518046	0.5625	0.5454545454545455	0.5350877192982456	0.5357142857142857	0.532258064516129	0.5476190476190476	0.5229885057471265	0.5660377358490566	0.5263157894736842	0.5384615384615384	0.5588235294117647	0.5207100591715976	0.5454545454545455	0.55	1.0	0.5285714285714286
zh	0.5251798561151079	0.5314685314685315	0.5408286334554727	0.5214285714285714	0.6017237069883266	0.6147431314110959	0.5703088401640749	0.5840515034749363	0.6123927550047664	0.6196172248803828	0.6022194821208384	0.5617977528089888	0.5994358781496804	0.6114278781996846	0.5938097057699656	0.6070620710807806	0.6245239908606246	0.5544889537516985	0.5526315789473684	0.5424280964812459	0.5412666075310218	0.5968179522949599	0.5948595448975476	0.6103886562339285	0.5815812287437243	0.6070640397040173	0.5646891987709761	0.5342465753424658	0.6140097309673725	0.5786116980360463	0.5826840506272352	0.5261570139105035	0.596140763188818	0.5285714285714286	1.0
