arz	bs	ceb	ckb	da	de	el	en	es	fr	he	hi	hu	id	it	ja	ko	lv	mk	ml	mr	nl	pl	pt	ro	ru	sh	si	simple	sr	sv	te	vi	war	zh
arz	1.0	0.27899410766263905	0.0	1.0	0.3151150884352446	0.1898494118461298	0.15654342536887822	0.17040813118304995	0.25824569976124334	0.10894979300341232	0.19904218120953218	0.585786437626905	0.17038318401101868	0.16884520440746503	0.21991074322003976	0.2393461226828726	0.12027862947689866	0.23431178659717375	0.3660254037844386	0.585786437626905	0.27755172536235034	0.17149294231276516	0.24987545631004474	0.1268777908815386	0.12094069716523671	0.20521309615767264	0.585786437626905	1.0	0.19442892566301143	0.27792629762666365	0.21209161011447372	0.0	0.38742588672279304	1.0	0.16290323541903917
bs	0.27899410766263905	1.0	0.0	0.585786437626905	0.44948974278317805	0.17808829082195718	1.0	0.13484129921095567	0.26427884169111276	0.2	0.2989350844248255	0.1731621355286848	0.38742588672279304	0.3868594169883084	0.21622407373007865	0.3333333333333333	0.19045466273667452	0.585786437626905	0.28708594921778513	0.585786437626905	1.0	0.3483314773547883	0.21089672205953397	0.18905299528192201	0.4142135623730951	0.17379378377786506	0.40453726661826384	0.585786437626905	0.585786437626905	0.35388936786452296	0.20658711810431302	1.0	0.36602540378443865	1.0	0.18311860342005779
ceb	0.0	0.0	1.0	0.0	1.0	1.0	1.0	1.0	1.0	1.0	1.0	1.0	1.0	1.0	1.0	1.0	1.0	1.0	1.0	0.0	1.0	1.0	1.0	1.0	1.0	1.0	0.585786437626905	0.0	1.0	1.0	1.0	0.0	1.0	0.0	1.0
ckb	1.0	0.585786437626905	0.0	1.0	0.32881309020609956	0.12055727969014268	0.2193450929151803	0.11494620566874379	0.1124589959620805	0.12267545221838509	0.14956087350246788	0.28172904669025317	0.14518338349164053	0.2928060946961875	0.17826035697019474	0.11978163652486984	0.12343686152181003	0.3430703308172536	0.24472009032316608	1.0	1.0	0.1547510937361149	0.12208127266088137	0.11494620566874379	0.18311860342005779	0.12068580424805517	0.585786437626905	1.0	0.5	0.3021694792519622	0.12671020163537874	1.0	0.15768741524465016	1.0	0.11354345691449846
da	0.3151150884352446	0.44948974278317805	1.0	0.32881309020609956	1.0	0.14201473202245876	0.23166247903554	0.12017494462146865	0.15225881209433406	0.13989593640151518	0.15022110482233483	0.14342762372277806	0.1856154626682773	0.2165866815753201	0.14473371466181195	0.13931532559207457	0.1603568211029023	0.3126480851423008	0.36602540378443865	0.36602540378443865	1.0	0.18432139995249783	0.1463924816619788	0.1237368559621991	0.2474401533514073	0.1328550191651784	0.39564392373896	0.585786437626905	0.34833147735478825	0.2372732414640341	0.1584693830492905	1.0	0.19675422795565728	1.0	0.13519700260873058
de	0.1898494118461298	0.17808829082195718	1.0	0.12055727969014268	0.14201473202245876	1.0	0.1757340838011157	0.01105770277165236	0.022340110010344024	0.0038727437878700375	0.007544248348317646	0.03443966271002914	0.04014185464230384	0.05086092903245939	0.004803201611716099	0.009225592176493625	0.005875375551608496	0.30552726787943424	0.12462970693589985	0.15285735328145023	1.0	0.06607908785174027	0.03289626230191946	0.008962461898277556	0.141516769699476	0.015249198248558844	0.21393876913398135	0.585786437626905	0.3203772410170407	0.08396827411129933	0.07614637968866267	1.0	0.040189483542542405	1.0	0.004690473833421299
el	0.15654342536887822	1.0	1.0	0.2193450929151803	0.23166247903554	0.1757340838011157	1.0	0.12060474667237929	0.15934399740800514	0.11504849007695503	0.12985754503645516	0.16352330136718948	0.1896812679802183	0.2402530733520421	0.12874039567579135	0.14972506706560876	0.18933139574356014	0.3483314773547883	0.3333333333333333	0.2857142857142857	1.0	0.21089672205953397	0.17331935664757372	0.1327111253798328	0.3164309725825328	0.15243261635222594	0.3726822671238253	0.585786437626905	0.4142135623730951	0.20521309615767264	0.1886378647726465	1.0	0.23441237831492112	1.0	0.12819304429541925
en	0.17040813118304995	0.13484129921095567	1.0	0.11494620566874379	0.12017494462146865	0.01105770277165236	0.12060474667237929	1.0	0.005154158270052695	0.0019623264644737398	0.004898833547658003	0.029254946751409515	0.016308711472680752	0.041789032040356444	0.0030352561875216125	0.0031673448475241428	0.004016971704454758	0.28989794855663564	0.10845770283962061	0.13543579037488937	1.0	0.03676745763254584	0.018779570301579385	0.004028290823468276	0.11411407539266266	0.0032985397718013933	0.17843295907368986	0.585786437626905	0.2898979485566356	0.06511665577263244	0.033872706157893194	1.0	0.016704472625846168	1.0	0.0031318300866780666
es	0.25824569976124334	0.26427884169111276	1.0	0.1124589959620805	0.15225881209433406	0.022340110010344024	0.15934399740800514	0.005154158270052695	1.0	0.007752453051947883	0.01842977261554372	0.03443014496002871	0.05718743721137705	0.05882620447085606	0.005184385354586389	0.014611605974874282	0.008491415545399183	0.3164309725825328	0.12594107995517323	0.15285735328145023	1.0	0.05242563868997615	0.039527018603343296	0.008618812714159166	0.1370210657559585	0.013393574381487992	0.18126989259043744	0.585786437626905	0.21712927295533244	0.06969570192511644	0.06929804719295451	1.0	0.04772734044913511	1.0	0.005475855808092092
fr	0.10894979300341232	0.2	1.0	0.12267545221838509	0.13989593640151518	0.0038727437878700375	0.11504849007695503	0.0019623264644737398	0.007752453051947883	1.0	0.006281200047061095	0.03878051128105316	0.03269049292752536	0.05068819223244519	0.0043155169952362364	0.00539515112184165	0.005440334707399076	0.2372732414640341	0.11897746062862574	0.15351383315178813	1.0	0.028867157955132575	0.017150253311780418	0.006161206538194802	0.1185812787771291	0.004190651501809826	0.1693256750807541	0.5	0.21604850763119507	0.06852655122352151	0.03964647770484486	1.0	0.03275118648149436	1.0	0.004299268822355879
he	0.19904218120953218	0.2989350844248255	1.0	0.14956087350246788	0.15022110482233483	0.007544248348317646	0.12985754503645516	0.004898833547658003	0.01842977261554372	0.006281200047061095	1.0	0.04313705149397722	0.048083044277060005	0.07496949735691787	0.006928564011835416	0.0156205804611436	0.013451145282179335	0.26968623182294527	0.16015261286229274	0.16627134644715083	1.0	0.04183310229535817	0.026978505709028697	0.023809957679118896	0.09675468873132526	0.007447816761035041	0.25824569976124334	0.585786437626905	0.28172904669025317	0.08368086584296273	0.040456991882901194	1.0	0.059998625899319716	1.0	0.007359933049661619
hi	0.585786437626905	0.1731621355286848	1.0	0.28172904669025317	0.14342762372277806	0.03443966271002914	0.16352330136718948	0.029254946751409515	0.03443014496002871	0.03878051128105316	0.04313705149397722	1.0	0.06548394802151819	0.12032867923386423	0.034487326201214065	0.0377431943878855	0.034935171097262824	0.2222222222222222	0.23371479611805132	0.5	1.0	0.06151755386909183	0.034201522059330886	0.034626426897399705	0.11811127418327012	0.03367951262225518	0.40453726661826384	0.5	0.17628553230201896	0.09089058766179364	0.06677806298827864	1.0	0.07458305988617044	1.0	0.030161843413302733
hu	0.17038318401101868	0.38742588672279304	1.0	0.14518338349164053	0.1856154626682773	0.04014185464230384	0.1896812679802183	0.016308711472680752	0.05718743721137705	0.03269049292752536	0.048083044277060005	0.06548394802151819	1.0	0.10841939364651804	0.01844963265836851	0.04833992020786173	0.045374346164422485	0.30552726787943424	0.12247532627594139	0.1951941016011038	1.0	0.08257746602204706	0.0836849029156229	0.054585902465990016	0.16462407202206505	0.03160231240761661	0.25633472327031936	0.585786437626905	0.3203772410170407	0.11737125840158937	0.08746037699414921	1.0	0.0956788443679836	1.0	0.0249968785674426
id	0.16884520440746503	0.3868594169883084	1.0	0.2928060946961875	0.2165866815753201	0.05086092903245939	0.2402530733520421	0.041789032040356444	0.05882620447085606	0.05068819223244519	0.07496949735691787	0.12032867923386423	0.10841939364651804	1.0	0.059056746637856455	0.06647034269271547	0.06984532853578229	0.2791745113185196	0.32037724101704074	0.353889367864523	1.0	0.09347916010039027	0.05965957735550166	0.052779004394637646	0.22522719139308142	0.0588008702154542	0.3797958971132712	0.5	0.25355482027512377	0.1631759905922227	0.14118784806383944	1.0	0.15147222438015814	1.0	0.058564746678096136
it	0.21991074322003976	0.21622407373007865	1.0	0.17826035697019474	0.14473371466181195	0.004803201611716099	0.12874039567579135	0.0030352561875216125	0.005184385354586389	0.0043155169952362364	0.006928564011835416	0.034487326201214065	0.01844963265836851	0.059056746637856455	1.0	0.00578409692910057	0.007107064315597106	0.2766967754673749	0.14578395831246946	0.1518147637543846	1.0	0.01444968932438067	0.008336814426232884	0.006735765324992274	0.08755699234284779	0.004591984429966658	0.19189819438013955	0.585786437626905	0.18163482541075254	0.056096375916767194	0.030183224887555836	1.0	0.04545567561825288	1.0	0.006897793434449892
ja	0.2393461226828726	0.3333333333333333	1.0	0.11978163652486984	0.13931532559207457	0.009225592176493625	0.14972506706560876	0.0031673448475241428	0.014611605974874282	0.00539515112184165	0.0156205804611436	0.0377431943878855	0.04833992020786173	0.06647034269271547	0.00578409692910057	1.0	0.007853021287243045	0.27429188517743175	0.14201473202245876	0.15334412496379674	1.0	0.03234145374901361	0.03281343189712064	0.01801259356513702	0.1368970350053999	0.011527384597059969	0.20991366558572697	0.585786437626905	0.2216368750839041	0.08232655906534667	0.04114465772840943	1.0	0.06025548528702347	1.0	0.0057346039430147
ko	0.12027862947689866	0.19045466273667452	1.0	0.12343686152181003	0.1603568211029023	0.005875375551608496	0.18933139574356014	0.004016971704454758	0.008491415545399183	0.005440334707399076	0.013451145282179335	0.034935171097262824	0.045374346164422485	0.06984532853578229	0.007107064315597106	0.007853021287243045	1.0	0.26533119314590375	0.14459058185587104	0.15285735328145023	1.0	0.02134597287233819	0.018879992952212973	0.020390025210200592	0.11339435934521651	0.006565258870281508	0.23166247903554	0.585786437626905	0.29893508442482547	0.07941162589594136	0.043539338616723836	1.0	0.05347155120470058	1.0	0.006760515990664402
lv	0.23431178659717375	0.585786437626905	1.0	0.3430703308172536	0.3126480851423008	0.30552726787943424	0.3483314773547883	0.28989794855663564	0.3164309725825328	0.2372732414640341	0.26968623182294527	0.2222222222222222	0.30552726787943424	0.2791745113185196	0.2766967754673749	0.27429188517743175	0.26533119314590375	1.0	0.5	0.31451985913875646	1.0	0.3164309725825328	0.30216947925196225	0.30552726787943424	0.35388936786452296	0.30216947925196225	0.3797958971132712	0.585786437626905	0.5	0.3164309725825328	0.30552726787943424	1.0	0.3090169943749474	1.0	0.28436465220442186
mk	0.3660254037844386	0.28708594921778513	1.0	0.24472009032316608	0.36602540378443865	0.12462970693589985	0.3333333333333333	0.10845770283962061	0.12594107995517323	0.11897746062862574	0.16015261286229274	0.23371479611805132	0.12247532627594139	0.32037724101704074	0.14578395831246946	0.14201473202245876	0.14459058185587104	0.5	1.0	0.585786437626905	1.0	0.15548737703860027	0.1765633506768389	0.15799872400692302	0.2402530733520421	0.10970636508126679	0.4142135623730951	0.585786437626905	0.39564392373896007	0.21393876913398135	0.1463924816619788	1.0	0.20476166148475844	1.0	0.10764322090048542
ml	0.585786437626905	0.585786437626905	0.0	1.0	0.36602540378443865	0.15285735328145023	0.2857142857142857	0.13543579037488937	0.15285735328145023	0.15351383315178813	0.16627134644715083	0.5	0.1951941016011038	0.353889367864523	0.1518147637543846	0.15334412496379674	0.15285735328145023	0.31451985913875646	0.585786437626905	1.0	1.0	0.15285735328145023	0.15285735328145023	0.1907435698305462	0.2177863024549239	0.13663458210560692	0.5	0.585786437626905	0.25	0.39564392373896	0.16056186254883698	1.0	0.16822401956208854	1.0	0.15285735328145023
mr	0.27755172536235034	1.0	1.0	1.0	1.0	1.0	1.0	1.0	1.0	1.0	1.0	1.0	1.0	1.0	1.0	1.0	1.0	1.0	1.0	1.0	1.0	1.0	1.0	1.0	1.0	1.0	1.0	1.0	1.0	1.0	1.0	1.0	1.0	1.0	1.0
nl	0.17149294231276516	0.3483314773547883	1.0	0.1547510937361149	0.18432139995249783	0.06607908785174027	0.21089672205953397	0.03676745763254584	0.05242563868997615	0.028867157955132575	0.04183310229535817	0.06151755386909183	0.08257746602204706	0.09347916010039027	0.01444968932438067	0.03234145374901361	0.02134597287233819	0.3164309725825328	0.15548737703860027	0.15285735328145023	1.0	1.0	0.07350475164500732	0.04259460996249418	0.18464218557642828	0.04979732503824761	0.252650308587072	0.585786437626905	0.28172904669025317	0.09616696320512737	0.1009394826884033	1.0	0.055095191816327875	1.0	0.009235208733618095
pl	0.24987545631004474	0.21089672205953397	1.0	0.12208127266088137	0.1463924816619788	0.03289626230191946	0.17331935664757372	0.018779570301579385	0.039527018603343296	0.017150253311780418	0.026978505709028697	0.034201522059330886	0.0836849029156229	0.05965957735550166	0.008336814426232884	0.03281343189712064	0.018879992952212973	0.30216947925196225	0.1765633506768389	0.15285735328145023	1.0	0.07350475164500732	1.0	0.028114290195591057	0.1355556846194033	0.03185337740090241	0.32037724101704074	0.585786437626905	0.3203772410170407	0.0949608790760356	0.0854552970982212	1.0	0.07011275851680018	1.0	0.008358109988315996
pt	0.1268777908815386	0.18905299528192201	1.0	0.11494620566874379	0.1237368559621991	0.008962461898277556	0.1327111253798328	0.004028290823468276	0.008618812714159166	0.006161206538194802	0.023809957679118896	0.034626426897399705	0.054585902465990016	0.052779004394637646	0.006735765324992274	0.01801259356513702	0.020390025210200592	0.30552726787943424	0.15799872400692302	0.1907435698305462	1.0	0.04259460996249418	0.028114290195591057	1.0	0.1657488886375548	0.007542744404848897	0.22584440001865322	0.585786437626905	0.20386840968093525	0.0735256618772046	0.05804656388634351	1.0	0.060338445539340146	1.0	0.006715417716336052
ro	0.12094069716523671	0.4142135623730951	1.0	0.18311860342005779	0.2474401533514073	0.141516769699476	0.3164309725825328	0.11411407539266266	0.1370210657559585	0.1185812787771291	0.09675468873132526	0.11811127418327012	0.16462407202206505	0.22522719139308142	0.08755699234284779	0.1368970350053999	0.11339435934521651	0.35388936786452296	0.2402530733520421	0.2177863024549239	1.0	0.18464218557642828	0.1355556846194033	0.1657488886375548	1.0	0.11114971230198414	0.26427884169111276	0.585786437626905	0.5	0.21712927295533244	0.15363146195351715	1.0	0.1370210657559585	1.0	0.09480359029502776
ru	0.20521309615767264	0.17379378377786506	1.0	0.12068580424805517	0.1328550191651784	0.015249198248558844	0.15243261635222594	0.0032985397718013933	0.013393574381487992	0.004190651501809826	0.007447816761035041	0.03367951262225518	0.03160231240761661	0.0588008702154542	0.004591984429966658	0.011527384597059969	0.006565258870281508	0.30216947925196225	0.10970636508126679	0.13663458210560692	1.0	0.04979732503824761	0.03185337740090241	0.007542744404848897	0.11114971230198414	1.0	0.19292728076790167	0.585786437626905	0.25	0.07209396571431476	0.07096233731949832	1.0	0.030747653214276506	1.0	0.004552545205525492
sh	0.585786437626905	0.40453726661826384	0.585786437626905	0.585786437626905	0.39564392373896	0.21393876913398135	0.3726822671238253	0.17843295907368986	0.18126989259043744	0.1693256750807541	0.25824569976124334	0.40453726661826384	0.25633472327031936	0.3797958971132712	0.19189819438013955	0.20991366558572697	0.23166247903554	0.3797958971132712	0.4142135623730951	0.5	1.0	0.252650308587072	0.32037724101704074	0.22584440001865322	0.26427884169111276	0.19292728076790167	1.0	0.585786437626905	0.4364916731037085	0.21089672205953397	0.22966848451216434	1.0	0.28989794855663564	1.0	0.1987625491245426
si	1.0	0.585786437626905	0.0	1.0	0.585786437626905	0.585786437626905	0.585786437626905	0.585786437626905	0.585786437626905	0.5	0.585786437626905	0.5	0.585786437626905	0.5	0.585786437626905	0.585786437626905	0.585786437626905	0.585786437626905	0.585786437626905	0.585786437626905	1.0	0.585786437626905	0.585786437626905	0.585786437626905	0.585786437626905	0.585786437626905	0.585786437626905	1.0	1.0	0.585786437626905	0.585786437626905	1.0	0.585786437626905	1.0	0.585786437626905
simple	0.19442892566301143	0.585786437626905	1.0	0.5	0.34833147735478825	0.3203772410170407	0.4142135623730951	0.2898979485566356	0.21712927295533244	0.21604850763119507	0.28172904669025317	0.17628553230201896	0.3203772410170407	0.25355482027512377	0.18163482541075254	0.2216368750839041	0.29893508442482547	0.5	0.39564392373896007	0.25	1.0	0.28172904669025317	0.3203772410170407	0.20386840968093525	0.5	0.25	0.4364916731037085	1.0	1.0	0.3164309725825328	0.3660254037844386	1.0	0.3660254037844386	1.0	0.2025519956555797
sr	0.27792629762666365	0.35388936786452296	1.0	0.3021694792519622	0.2372732414640341	0.08396827411129933	0.20521309615767264	0.06511665577263244	0.06969570192511644	0.06852655122352151	0.08368086584296273	0.09089058766179364	0.11737125840158937	0.1631759905922227	0.056096375916767194	0.08232655906534667	0.07941162589594136	0.3164309725825328	0.21393876913398135	0.39564392373896	1.0	0.09616696320512737	0.0949608790760356	0.0735256618772046	0.21712927295533244	0.07209396571431476	0.21089672205953397	0.585786437626905	0.3164309725825328	1.0	0.09506242221013608	1.0	0.17253779651421453	1.0	0.06766286897913261
sv	0.21209161011447372	0.20658711810431302	1.0	0.12671020163537874	0.1584693830492905	0.07614637968866267	0.1886378647726465	0.033872706157893194	0.06929804719295451	0.03964647770484486	0.040456991882901194	0.06677806298827864	0.08746037699414921	0.14118784806383944	0.030183224887555836	0.04114465772840943	0.043539338616723836	0.30552726787943424	0.1463924816619788	0.16056186254883698	1.0	0.1009394826884033	0.0854552970982212	0.05804656388634351	0.15363146195351715	0.07096233731949832	0.22966848451216434	0.585786437626905	0.3660254037844386	0.09506242221013608	1.0	1.0	0.0870316362921867	1.0	0.015205885991553283
te	0.0	1.0	0.0	1.0	1.0	1.0	1.0	1.0	1.0	1.0	1.0	1.0	1.0	1.0	1.0	1.0	1.0	1.0	1.0	1.0	1.0	1.0	1.0	1.0	1.0	1.0	1.0	1.0	1.0	1.0	1.0	1.0	1.0	1.0	1.0
vi	0.38742588672279304	0.36602540378443865	1.0	0.15768741524465016	0.19675422795565728	0.040189483542542405	0.23441237831492112	0.016704472625846168	0.04772734044913511	0.03275118648149436	0.059998625899319716	0.07458305988617044	0.0956788443679836	0.15147222438015814	0.04545567561825288	0.06025548528702347	0.05347155120470058	0.3090169943749474	0.20476166148475844	0.16822401956208854	1.0	0.055095191816327875	0.07011275851680018	0.060338445539340146	0.1370210657559585	0.030747653214276506	0.28989794855663564	0.585786437626905	0.3660254037844386	0.17253779651421453	0.0870316362921867	1.0	1.0	1.0	0.040493687456625065
war	1.0	1.0	0.0	1.0	1.0	1.0	1.0	1.0	1.0	1.0	1.0	1.0	1.0	1.0	1.0	1.0	1.0	1.0	1.0	1.0	1.0	1.0	1.0	1.0	1.0	1.0	1.0	1.0	1.0	1.0	1.0	1.0	1.0	1.0	1.0
zh	0.16290323541903917	0.18311860342005779	1.0	0.11354345691449846	0.13519700260873058	0.004690473833421299	0.12819304429541925	0.0031318300866780666	0.005475855808092092	0.004299268822355879	0.007359933049661619	0.030161843413302733	0.0249968785674426	0.058564746678096136	0.006897793434449892	0.0057346039430147	0.006760515990664402	0.28436465220442186	0.10764322090048542	0.15285735328145023	1.0	0.009235208733618095	0.008358109988315996	0.006715417716336052	0.09480359029502776	0.004552545205525492	0.1987625491245426	0.585786437626905	0.2025519956555797	0.06766286897913261	0.015205885991553283	1.0	0.040493687456625065	1.0	1.0
