arz	bs	ceb	ckb	da	de	el	en	es	fr	he	hi	hu	id	it	ja	ko	lv	mk	ml	mr	nl	pl	pt	ro	ru	sh	si	simple	sr	sv	te	tr	vi	war	zh
arz	0.5	0.125	0.0	0.1	0.09090909090909091	0.015873015873015872	0.1	0.0072992700729927005	0.0196078431372549	0.014084507042253521	0.03125	0.07142857142857142	0.05	0.08333333333333333	0.02127659574468085	0.017857142857142856	0.023809523809523808	0.14285714285714285	0.125	0.2	0.3333333333333333	0.023255813953488372	0.02702702702702703	0.022727272727272728	0.07692307692307693	0.01694915254237288	0.125	0.125	0.07692307692307693	0.0625	0.03225806451612903	0.5	0.05555555555555555	0.0625	0.25	0.02
bs	0.125	1.0	0.013888888888888888	0.0005773672055427252	0.002886836027713626	0.21462872773738143	0.0471739119193236	0.14285219017265466	0.08874537348520158	0.36375600919605305	0.0074455899198167235	0.0005773672055427252	0.042495824441126845	0.029279542452174064	0.04085541869877558	0.03707491800245321	0.04456484903754239	0.0005773672055427252	0.48385236447520186	0.0005773672055427252	0.1875	0.5099315670227755	0.4630683869105353	0.46260780312911964	0.06939934523730147	0.4674103334021696	0.42753109381007304	0.1875	0.0023094688221709007	0.5039824703613871	0.03862268404719272	0.125	0.18421052631578946	0.07566824494585726	0.25	0.27380541936558095
ceb	0.0	0.013888888888888888	0.5	0.0	0.0048543689320388345	0.0011389521640091116	0.0	0.00035587188612099647	0.0007639419404125286	0.0003184713375796178	0.0038461538461538464	0.006756756756756757	0.0033783783783783786	0.004651162790697674	0.0015772870662460567	0.0034482758620689655	0.005235602094240838	0.00819672131147541	0.006666666666666667	0.009615384615384616	0.0	0.001006036217303823	0.0022026431718061676	0.002070393374741201	0.006493506493506494	0.0014749262536873156	0.005434782608695652	0.02702702702702703	0.006756756756756757	0.0037593984962406013	0.001838235294117647	0.0	-1.0	0.006993006993006993	0.038461538461538464	0.002631578947368421
ckb	0.1	0.0005773672055427252	0.0	0.5	0.0	0.0012853470437017994	0.006329113924050633	0.001953125	0.0	0.0008278145695364238	0.0	0.0	0.0	0.0	0.0	0.006578947368421052	0.0	0.0	0.0005952380952380953	0.0	0.15	0.0005868544600938967	0.0006031363088057901	0.0006075334143377885	0.0	0.0005980861244019139	0.0006915629322268327	0.15	0.0	0.000580046403712297	0.007142857142857143	0.1	0.2	0.0	0.2	0.0010245901639344263
da	0.09090909090909091	0.002886836027713626	0.0048543689320388345	0.0	0.5	0.005128205128205128	0.012195121951219513	0.007782101167315175	0.012195121951219513	0.003305785123966942	0.06818181818181818	0.1	0.019736842105263157	0.018518518518518517	0.02247191011235955	0.025974025974025976	0.024390243902439025	0.1	0.0017814726840855108	0.1	0.13636363636363635	0.0023446658851113715	0.0024096385542168677	0.0024271844660194173	0.01293103448275862	0.0023894862604540022	0.0020689655172413794	0.13636363636363635	0.14285714285714285	0.002317497103128621	0.020833333333333332	0.09090909090909091	0.13043478260869565	0.015151515151515152	0.18181818181818182	0.00408997955010225
de	0.015873015873015872	0.21462872773738143	0.0011389521640091116	0.0012853470437017994	0.005128205128205128	1.0	0.09956083346075584	0.24938370550592465	0.18165201354150878	0.1780033599682003	0.023017902813299233	0.0012853470437017994	0.08877748383866847	0.06252582004461704	0.09527503766181815	0.09497807436333555	0.09925634696043556	0.0012853470437017994	0.21536670547147846	0.0012853470437017994	0.023809523809523808	0.21483025411858866	0.2265175763639748	0.22936690851413216	0.143697789952835	0.20340405382813112	0.17233141100847696	0.023809523809523808	0.005141388174807198	0.2152225324256543	0.08897824531651607	0.015873015873015872	0.1044776119402985	0.15888584218050578	0.031746031746031744	0.1812418404082763
el	0.1	0.0471739119193236	0.0	0.006329113924050633	0.012195121951219513	0.09956083346075584	1.0	0.15689771608058442	0.18829113924050633	0.06338952160453175	0.026595744680851064	0.006329113924050633	0.25196691428220613	0.20581651474722873	0.10131254427063331	0.16932246493575642	0.2204500175788117	0.006329113924050633	0.04702380952380952	0.006329113924050633	0.15	0.047227068155348405	0.04836375884911804	0.04760810653970002	0.24457346226597296	0.04034659453809975	0.05060162582156673	0.15	0.006097560975609756	0.04727571526295003	0.15511069423659268	0.1	0.2	0.19203417714801252	0.2	0.07385537500854622
en	0.0072992700729927005	0.14285219017265466	0.00035587188612099647	0.001953125	0.007782101167315175	0.24938370550592465	0.15689771608058442	1.0	0.28231762031525737	0.17871799317958498	0.0390961157052575	0.001953125	0.15447657003210755	0.10383234797297297	0.14999243265059026	0.14870568638954074	0.16626038686910175	0.001953125	0.13646922183507548	0.001953125	0.010948905109489052	0.1447140387664154	0.15240411802135082	0.15084227601697028	0.2673537187117719	0.13298478660142052	0.1442408612976503	0.010948905109489052	0.0078125	0.1396050772583004	0.12020670389924615	0.0072992700729927005	0.06569343065693431	0.26336764682489183	0.014598540145985401	0.18972111117817173
es	0.0196078431372549	0.08874537348520158	0.0007639419404125286	0.0	0.012195121951219513	0.18165201354150878	0.18829113924050633	0.28231762031525737	1.0	0.1257946599505575	0.03823529411764706	0.003067484662576687	0.21462623360863803	0.15441011506041472	0.15706806282722513	0.17897727272727273	0.23211422146255695	0.003067484662576687	0.09069493521790342	0.003067484662576687	0.029411764705882353	0.09091634921228402	0.09785449245476359	0.09613059250302297	0.3264377683625471	0.08013937282229965	0.09474938397883656	0.029411764705882353	0.012269938650306749	0.08788452887427656	0.143646408839779	0.0196078431372549	0.12727272727272726	0.32626180811286815	0.0392156862745098	0.14741228147340146
fr	0.014084507042253521	0.36375600919605305	0.0003184713375796178	0.0008278145695364238	0.003305785123966942	0.1780033599682003	0.06338952160453175	0.17871799317958498	0.1257946599505575	1.0	0.011475409836065573	0.0008278145695364238	0.061786481335883776	0.0421641669341115	0.059088002402931036	0.05743127985048338	0.068038111899145	0.0008278145695364238	0.33371824480369516	0.0008278145695364238	0.02112676056338028	0.3636450125186016	0.35718184041833634	0.35737177117587254	0.10361181348674348	0.3329427000621573	0.4030666162055011	0.02112676056338028	0.0033112582781456954	0.34298099451307346	0.05527754177198369	0.014084507042253521	0.10135135135135136	0.10198537529879263	0.028169014084507043	0.3942506427514994
he	0.03125	0.0074455899198167235	0.0038461538461538464	0.0	0.06818181818181818	0.023017902813299233	0.026595744680851064	0.0390961157052575	0.03823529411764706	0.011475409836065573	1.0	0.025	0.022222222222222223	0.014492753623188406	0.08695652173913043	0.07142857142857142	0.04891304347826087	0.025	0.007674144037780401	0.025	0.046875	0.007566938300349243	0.012062726176115802	0.011529126213592233	0.027559055118110236	0.011961722488038277	0.006130790190735695	0.046875	0.045454545454545456	0.007479861910241657	0.03571428571428571	0.03125	0.125	0.024305555555555556	0.0625	0.01417004048582996
hi	0.07142857142857142	0.0005773672055427252	0.006756756756756757	0.0	0.1	0.0012853470437017994	0.006329113924050633	0.001953125	0.003067484662576687	0.0008278145695364238	0.025	0.5	0.006756756756756757	0.00980392156862745	0.005681818181818182	0.006578947368421052	0.006172839506172839	0.5	0.0005952380952380953	0.5	0.10714285714285714	0.0005868544600938967	0.0006031363088057901	0.0006075334143377885	0.0043859649122807015	0.0005980861244019139	0.0	0.10714285714285714	0.125	0.000580046403712297	0.007142857142857143	0.07142857142857142	0.16666666666666666	0.003816793893129771	0.14285714285714285	0.0010245901639344263
hu	0.05	0.042495824441126845	0.0033783783783783786	0.0	0.019736842105263157	0.08877748383866847	0.25196691428220613	0.15447657003210755	0.21462623360863803	0.061786481335883776	0.022222222222222223	0.006756756756756757	1.0	0.30974971503796817	0.13384077763496144	0.20173202760512154	0.4289456537386258	0.006756756756756757	0.042111506524317915	0.006756756756756757	0.075	0.04407411776607739	0.044807619722026445	0.04314404571171583	0.36355835375660384	0.03742280314730439	0.04725262917747422	0.075	0.013157894736842105	0.04206912790573222	0.16849434290687554	0.05	0.13333333333333333	0.26356796379810005	0.1	0.07787789030227368
id	0.08333333333333333	0.029279542452174064	0.004651162790697674	0.0	0.018518518518518517	0.06252582004461704	0.20581651474722873	0.10383234797297297	0.15441011506041472	0.0421641669341115	0.014492753623188406	0.00980392156862745	0.30974971503796817	1.0	0.10045026699248802	0.21563831848120882	0.2822660098522168	0.00980392156862745	0.029726516052318668	0.00980392156862745	0.125	0.029827375835509144	0.03117215290325853	0.03033980582524272	0.21264453204801753	0.02609727164887307	0.03354366995988411	0.125	0.028846153846153848	0.029415974318366057	0.18954359673024523	0.08333333333333333	0.21428571428571427	0.17975594493116395	0.16666666666666666	0.052699193319148116
it	0.02127659574468085	0.04085541869877558	0.0015772870662460567	0.0	0.02247191011235955	0.09527503766181815	0.10131254427063331	0.14999243265059026	0.15706806282722513	0.059088002402931036	0.08695652173913043	0.005681818181818182	0.13384077763496144	0.10045026699248802	1.0	0.19491525423728814	0.13818104959176208	0.005681818181818182	0.041423570595099185	0.005681818181818182	0.031914893617021274	0.04280741512475344	0.05042016806722689	0.04879518072289157	0.12828384648453134	0.04739336492890995	0.040065249178704285	0.031914893617021274	0.022727272727272728	0.040503172463948474	0.14227642276422764	0.02127659574468085	0.15	0.12074667502957906	0.0425531914893617	0.06946494572504577
ja	0.017857142857142856	0.03707491800245321	0.0034482758620689655	0.006578947368421052	0.025974025974025976	0.09497807436333555	0.16932246493575642	0.14870568638954074	0.17897727272727273	0.05743127985048338	0.07142857142857142	0.006578947368421052	0.20173202760512154	0.21563831848120882	0.19491525423728814	1.0	0.2152789391948393	0.006578947368421052	0.03755868544600939	0.006578947368421052	0.026785714285714284	0.037047329550262915	0.045838359469240045	0.04591588258026863	0.16991596040891815	0.0441527446300716	0.03770883160264398	0.026785714285714284	0.01282051282051282	0.036613272311212815	0.22277227722772278	0.017857142857142856	0.1271186440677966	0.14731826241134752	0.03571428571428571	0.0696969696969697
ko	0.023809523809523808	0.04456484903754239	0.005235602094240838	0.0	0.024390243902439025	0.09925634696043556	0.2204500175788117	0.16626038686910175	0.23211422146255695	0.068038111899145	0.04891304347826087	0.006172839506172839	0.4289456537386258	0.2822660098522168	0.13818104959176208	0.2152789391948393	1.0	0.006172839506172839	0.044326241134751775	0.006172839506172839	0.03571428571428571	0.04525225482661513	0.04768670249047564	0.04910844835653293	0.33329234511181677	0.039158715654626114	0.051114161125534685	0.03571428571428571	0.012048192771084338	0.04394043534368608	0.15876820896355417	0.023809523809523808	0.13829787234042554	0.27122169865532697	0.047619047619047616	0.08311106641188105
lv	0.14285714285714285	0.0005773672055427252	0.00819672131147541	0.0	0.1	0.0012853470437017994	0.006329113924050633	0.001953125	0.003067484662576687	0.0008278145695364238	0.025	0.5	0.006756756756756757	0.00980392156862745	0.005681818181818182	0.006578947368421052	0.006172839506172839	0.5	0.0005952380952380953	0.5	0.21428571428571427	0.0005868544600938967	0.0006031363088057901	0.0006075334143377885	0.0043859649122807015	0.0005980861244019139	0.0	0.21428571428571427	0.125	0.000580046403712297	0.007142857142857143	0.14285714285714285	0.19444444444444445	0.003816793893129771	0.2857142857142857	0.0010245901639344263
mk	0.125	0.48385236447520186	0.006666666666666667	0.0005952380952380953	0.0017814726840855108	0.21536670547147846	0.04702380952380952	0.13646922183507548	0.09069493521790342	0.33371824480369516	0.007674144037780401	0.0005952380952380953	0.042111506524317915	0.029726516052318668	0.041423570595099185	0.03755868544600939	0.044326241134751775	0.0005952380952380953	0.5	0.0005952380952380953	0.1875	0.486013986013986	0.4591954022988506	0.461271676300578	0.0665083135391924	0.4632183908045977	0.4045138888888889	0.1875	0.002380952380952381	0.4838150289017341	0.03909952606635071	0.125	0.2222222222222222	0.07591933570581258	0.25	0.2703016241299304
ml	0.2	0.0005773672055427252	0.009615384615384616	0.0	0.1	0.0012853470437017994	0.006329113924050633	0.001953125	0.003067484662576687	0.0008278145695364238	0.025	0.5	0.006756756756756757	0.00980392156862745	0.005681818181818182	0.006578947368421052	0.006172839506172839	0.5	0.0005952380952380953	0.5	0.3	0.0005868544600938967	0.0006031363088057901	0.0006075334143377885	0.0043859649122807015	0.0005980861244019139	0.0	0.3	0.125	0.000580046403712297	0.007142857142857143	0.2	0.1388888888888889	0.003816793893129771	0.4	0.0010245901639344263
mr	0.3333333333333333	0.1875	0.0	0.15	0.13636363636363635	0.023809523809523808	0.15	0.010948905109489052	0.029411764705882353	0.02112676056338028	0.046875	0.10714285714285714	0.075	0.125	0.031914893617021274	0.026785714285714284	0.03571428571428571	0.21428571428571427	0.1875	0.3	0.5	0.03488372093023256	0.04054054054054054	0.03409090909090909	0.11538461538461539	0.025423728813559324	0.1875	0.1	0.11538461538461539	0.09375	0.04838709677419355	0.3333333333333333	0.08333333333333333	0.09375	0.375	0.03
nl	0.023255813953488372	0.5099315670227755	0.001006036217303823	0.0005868544600938967	0.0023446658851113715	0.21483025411858866	0.047227068155348405	0.1447140387664154	0.09091634921228402	0.3636450125186016	0.007566938300349243	0.0005868544600938967	0.04407411776607739	0.029827375835509144	0.04280741512475344	0.037047329550262915	0.04525225482661513	0.0005868544600938967	0.486013986013986	0.0005868544600938967	0.03488372093023256	1.0	0.4695334265515176	0.4701951849836779	0.07074903592423139	0.47714830539783226	0.41804990055188956	0.03488372093023256	0.002347417840375587	0.4926008569814085	0.03985378678225035	0.023255813953488372	0.14893617021276595	0.07632442855109695	0.046511627906976744	0.27932504051798906
pl	0.02702702702702703	0.4630683869105353	0.0022026431718061676	0.0006031363088057901	0.0024096385542168677	0.2265175763639748	0.04836375884911804	0.15240411802135082	0.09785449245476359	0.35718184041833634	0.012062726176115802	0.0006031363088057901	0.044807619722026445	0.03117215290325853	0.05042016806722689	0.045838359469240045	0.04768670249047564	0.0006031363088057901	0.4591954022988506	0.0006031363088057901	0.04054054054054054	0.4695334265515176	1.0	0.48939047580514644	0.06995323470007371	0.4647225830577862	0.38692333129296214	0.04054054054054054	0.0024125452352231603	0.46066847087850993	0.04156626506024096	0.02702702702702703	0.125	0.07936099650958091	0.05405405405405406	0.29111215403920804
pt	0.022727272727272728	0.46260780312911964	0.002070393374741201	0.0006075334143377885	0.0024271844660194173	0.22936690851413216	0.04760810653970002	0.15084227601697028	0.09613059250302297	0.35737177117587254	0.011529126213592233	0.0006075334143377885	0.04314404571171583	0.03033980582524272	0.04879518072289157	0.04591588258026863	0.04910844835653293	0.0006075334143377885	0.461271676300578	0.0006075334143377885	0.03409090909090909	0.4701951849836779	0.48939047580514644	1.0	0.06957389085585752	0.46005874065002295	0.3882311081537908	0.03409090909090909	0.002430133657351154	0.4601050253558766	0.041868932038834954	0.022727272727272728	0.17391304347826086	0.07910473408368417	0.045454545454545456	0.29089272908479635
ro	0.07692307692307693	0.06939934523730147	0.006493506493506494	0.0	0.01293103448275862	0.143697789952835	0.24457346226597296	0.2673537187117719	0.3264377683625471	0.10361181348674348	0.027559055118110236	0.0043859649122807015	0.36355835375660384	0.21264453204801753	0.12828384648453134	0.16991596040891815	0.33329234511181677	0.0043859649122807015	0.0665083135391924	0.0043859649122807015	0.11538461538461539	0.07074903592423139	0.06995323470007371	0.06957389085585752	1.0	0.05380749427694135	0.07970641685223578	0.11538461538461539	0.013043478260869565	0.06844996093812279	0.1441944650203178	0.07692307692307693	0.23809523809523808	0.4077883828610416	0.15384615384615385	0.11981256156111462
ru	0.01694915254237288	0.4674103334021696	0.0014749262536873156	0.0005980861244019139	0.0023894862604540022	0.20340405382813112	0.04034659453809975	0.13298478660142052	0.08013937282229965	0.3329427000621573	0.011961722488038277	0.0005980861244019139	0.03742280314730439	0.02609727164887307	0.04739336492890995	0.0441527446300716	0.039158715654626114	0.0005980861244019139	0.4632183908045977	0.0005980861244019139	0.025423728813559324	0.47714830539783226	0.4647225830577862	0.46005874065002295	0.05380749427694135	1.0	0.38815008756311	0.025423728813559324	0.0023923444976076554	0.4652240986411682	0.041414562757721825	0.01694915254237288	0.12096774193548387	0.062209302325581396	0.03389830508474576	0.2689720279157746
sh	0.125	0.42753109381007304	0.005434782608695652	0.0006915629322268327	0.0020689655172413794	0.17233141100847696	0.05060162582156673	0.1442408612976503	0.09474938397883656	0.4030666162055011	0.006130790190735695	0.0	0.04725262917747422	0.03354366995988411	0.040065249178704285	0.03770883160264398	0.051114161125534685	0.0	0.4045138888888889	0.0	0.1875	0.41804990055188956	0.38692333129296214	0.3882311081537908	0.07970641685223578	0.38815008756311	1.0	0.1875	0.001379310344827586	0.4215131957218478	0.04097515299892658	0.125	0.2676767676767677	0.08265196946407734	0.25	0.316161059707433
si	0.125	0.1875	0.02702702702702703	0.15	0.13636363636363635	0.023809523809523808	0.15	0.010948905109489052	0.029411764705882353	0.02112676056338028	0.046875	0.10714285714285714	0.075	0.125	0.031914893617021274	0.026785714285714284	0.03571428571428571	0.21428571428571427	0.1875	0.3	0.1	0.03488372093023256	0.04054054054054054	0.03409090909090909	0.11538461538461539	0.025423728813559324	0.1875	0.5	0.11538461538461539	0.09375	0.04838709677419355	0.125	0.08333333333333333	0.09375	0.2	0.03
simple	0.07692307692307693	0.0023094688221709007	0.006756756756756757	0.0	0.14285714285714285	0.005141388174807198	0.006097560975609756	0.0078125	0.012269938650306749	0.0033112582781456954	0.045454545454545456	0.125	0.013157894736842105	0.028846153846153848	0.022727272727272728	0.01282051282051282	0.012048192771084338	0.125	0.002380952380952381	0.125	0.11538461538461539	0.002347417840375587	0.0024125452352231603	0.002430133657351154	0.013043478260869565	0.0023923444976076554	0.001379310344827586	0.11538461538461539	0.5	0.002320185614849188	0.02112676056338028	0.07692307692307693	0.20454545454545456	0.011363636363636364	0.15384615384615385	0.004098360655737705
sr	0.0625	0.5039824703613871	0.0037593984962406013	0.000580046403712297	0.002317497103128621	0.2152225324256543	0.04727571526295003	0.1396050772583004	0.08788452887427656	0.34298099451307346	0.007479861910241657	0.000580046403712297	0.04206912790573222	0.029415974318366057	0.040503172463948474	0.036613272311212815	0.04394043534368608	0.000580046403712297	0.4838150289017341	0.000580046403712297	0.09375	0.4926008569814085	0.46066847087850993	0.4601050253558766	0.06844996093812279	0.4652240986411682	0.4215131957218478	0.09375	0.002320185614849188	1.0	0.038145100703791096	0.0625	0.20833333333333334	0.07562891660641118	0.125	0.272440434652577
sv	0.03225806451612903	0.03862268404719272	0.001838235294117647	0.007142857142857143	0.020833333333333332	0.08897824531651607	0.15511069423659268	0.12020670389924615	0.143646408839779	0.05527754177198369	0.03571428571428571	0.007142857142857143	0.16849434290687554	0.18954359673024523	0.14227642276422764	0.22277227722772278	0.15876820896355417	0.007142857142857143	0.03909952606635071	0.007142857142857143	0.04838709677419355	0.03985378678225035	0.04156626506024096	0.041868932038834954	0.1441944650203178	0.041414562757721825	0.04097515299892658	0.04838709677419355	0.02112676056338028	0.038145100703791096	1.0	0.03225806451612903	0.18055555555555555	0.1285538164665523	0.06451612903225806	0.06363636363636363
te	0.5	0.125	0.0	0.1	0.09090909090909091	0.015873015873015872	0.1	0.0072992700729927005	0.0196078431372549	0.014084507042253521	0.03125	0.07142857142857142	0.05	0.08333333333333333	0.02127659574468085	0.017857142857142856	0.023809523809523808	0.14285714285714285	0.125	0.2	0.3333333333333333	0.023255813953488372	0.02702702702702703	0.022727272727272728	0.07692307692307693	0.01694915254237288	0.125	0.125	0.07692307692307693	0.0625	0.03225806451612903	0.5	0.05555555555555555	0.0625	0.25	0.02
tr	0.05555555555555555	0.18421052631578946	-1.0	0.2	0.13043478260869565	0.1044776119402985	0.2	0.06569343065693431	0.12727272727272726	0.10135135135135136	0.125	0.16666666666666666	0.13333333333333333	0.21428571428571427	0.15	0.1271186440677966	0.13829787234042554	0.19444444444444445	0.2222222222222222	0.1388888888888889	0.08333333333333333	0.14893617021276595	0.125	0.17391304347826086	0.23809523809523808	0.12096774193548387	0.2676767676767677	0.08333333333333333	0.20454545454545456	0.20833333333333334	0.18055555555555555	0.05555555555555555	1.0	0.18	0.1111111111111111	0.15384615384615385
vi	0.0625	0.07566824494585726	0.006993006993006993	0.0	0.015151515151515152	0.15888584218050578	0.19203417714801252	0.26336764682489183	0.32626180811286815	0.10198537529879263	0.024305555555555556	0.003816793893129771	0.26356796379810005	0.17975594493116395	0.12074667502957906	0.14731826241134752	0.27122169865532697	0.003816793893129771	0.07591933570581258	0.003816793893129771	0.09375	0.07632442855109695	0.07936099650958091	0.07910473408368417	0.4077883828610416	0.062209302325581396	0.08265196946407734	0.09375	0.011363636363636364	0.07562891660641118	0.1285538164665523	0.0625	0.18	1.0	0.125	0.12587872793670116
war	0.25	0.25	0.038461538461538464	0.2	0.18181818181818182	0.031746031746031744	0.2	0.014598540145985401	0.0392156862745098	0.028169014084507043	0.0625	0.14285714285714285	0.1	0.16666666666666666	0.0425531914893617	0.03571428571428571	0.047619047619047616	0.2857142857142857	0.25	0.4	0.375	0.046511627906976744	0.05405405405405406	0.045454545454545456	0.15384615384615385	0.03389830508474576	0.25	0.2	0.15384615384615385	0.125	0.06451612903225806	0.25	0.1111111111111111	0.125	1.0	0.04
zh	0.02	0.27380541936558095	0.002631578947368421	0.0010245901639344263	0.00408997955010225	0.1812418404082763	0.07385537500854622	0.18972111117817173	0.14741228147340146	0.3942506427514994	0.01417004048582996	0.0010245901639344263	0.07787789030227368	0.052699193319148116	0.06946494572504577	0.0696969696969697	0.08311106641188105	0.0010245901639344263	0.2703016241299304	0.0010245901639344263	0.03	0.27932504051798906	0.29111215403920804	0.29089272908479635	0.11981256156111462	0.2689720279157746	0.316161059707433	0.03	0.004098360655737705	0.272440434652577	0.06363636363636363	0.02	0.15384615384615385	0.12587872793670116	0.04	1.0
