arz	bs	ceb	ckb	da	de	el	en	es	fr	he	hi	hu	id	it	ja	ko	lv	mk	ml	mr	nl	pl	pt	ro	ru	sh	si	simple	sr	sv	te	tr	vi	war	zh
arz	1.0	1.0	0.0	1.0	1.0	1.0	1.0	1.0	1.0	1.0	1.0	1.0	1.0	1.0	1.0	1.0	1.0	1.0	1.0	1.0	1.0	1.0	1.0	1.0	1.0	1.0	1.0	1.0	1.0	1.0	1.0	1.0	1.0	1.0	1.0	1.0
bs	1.0	1.0	1.0	1.0	0.72653347084664	0.11121413171688872	0.30258465494995346	0.22270574192835402	0.15755639757714532	0.16208755851986523	0.27468398420460105	1.0	0.29793192004459923	0.30982401280814886	0.18170570794766383	0.21417202579495792	0.2927224077126727	1.0	0.1724409323628927	1.0	1.0	0.11545102856285602	0.05392035560030163	0.057937910997347436	0.29677212514514417	0.055535450550057104	0.11192384897299688	1.0	1.0	0.08702524345469921	0.18800483414615032	1.0	0.39607760917821877	0.2035336582425025	0.7690990303325336	0.07135470559799684
ceb	0.0	1.0	1.0	0.0	1.0	1.0	0.0	1.0	1.0	1.0	1.0	1.0	1.0	1.0	1.0	1.0	1.0	1.0	1.0	1.0	0.0	1.0	1.0	1.0	1.0	1.0	1.0	1.0	1.0	1.0	1.0	0.0	-1.0	1.0	1.0	1.0
ckb	1.0	1.0	0.0	1.0	0.0	1.0	1.0	1.0	0.0	1.0	0.0	0.0	0.0	0.0	0.0	1.0	0.0	0.0	1.0	0.0	1.0	1.0	1.0	1.0	0.0	1.0	1.0	1.0	0.0	1.0	1.0	1.0	0.7411828468492555	0.0	0.7690990303325336	1.0
da	1.0	0.72653347084664	1.0	0.0	1.0	1.0	0.5660160774121898	0.4044195485791555	0.7690990303325336	0.37127589047043563	1.0	1.0	0.4582960478122589	1.0	1.0	1.0	0.7415175173618942	1.0	1.0	1.0	1.0	0.7690990303325336	1.0	1.0	0.5526672884923864	1.0	0.7863954451402115	1.0	1.0	0.7690990303325336	1.0	1.0	1.0	0.4098220349086399	0.7690990303325336	0.7690990303325336
de	1.0	0.11121413171688872	1.0	1.0	1.0	1.0	0.16706617549308686	0.12354868480184826	0.11963706202438797	0.12142204208412774	0.5817030545402975	1.0	0.22836062651333786	0.2288928464622863	0.16327995592281327	0.15649558509048528	0.18822446069674426	1.0	0.12250002275143555	1.0	1.0	0.10733905012754758	0.08600458647873878	0.08957097456561168	0.17310770557516628	0.08191103337773528	0.10920028610877691	1.0	1.0	0.0897311773051258	0.149085435646226	1.0	0.5216959691096517	0.12839502042278833	0.7690990303325336	0.08761720782468771
el	1.0	0.30258465494995346	0.0	1.0	0.5660160774121898	0.16706617549308686	1.0	0.38625764757242853	0.37829041860332674	0.3541704794094586	0.7383248465235381	1.0	0.4337813884159185	0.43050153945552294	0.3906789320277081	0.3821964768211909	0.40838686305751587	1.0	0.5191641110560506	1.0	1.0	0.24434253134897235	0.30551440248282924	0.41110436061124106	0.49171818545176443	0.4482374832559191	0.22351171605806888	1.0	1.0	0.1839537641343053	0.37419229393644626	1.0	0.7411828468492555	0.22379786166975232	0.7690990303325336	0.23132378598699951
en	1.0	0.22270574192835402	1.0	1.0	0.4044195485791555	0.12354868480184826	0.38625764757242853	1.0	0.1793618475665657	0.2575645575755034	0.4006503045984712	1.0	0.35450894653987625	0.3521564760886895	0.20143162346400134	0.22754432155161466	0.3402031653184297	1.0	0.32750029245085394	1.0	1.0	0.19232357979493425	0.1405481839507571	0.17262133236345467	0.37279896320988726	0.15234793945568184	0.16978856245155255	0.7863954451402115	0.422526262919159	0.12116997499305444	0.18669421016521037	1.0	0.46229204729744033	0.21528038228260993	0.8943504275997423	0.12194940492209208
es	1.0	0.15755639757714532	1.0	0.0	0.7690990303325336	0.11963706202438797	0.37829041860332674	0.1793618475665657	1.0	0.16579083055309882	1.0	1.0	0.3324914509001283	0.3880137537295313	0.22340199113892256	0.23791632593146453	0.28689166283678635	1.0	0.17578631944870776	1.0	1.0	0.15246621107955197	0.14699325297754465	0.1562534905177943	0.2274557569984662	0.15478444816292192	0.14591142142351443	1.0	1.0	0.11335854583326078	0.17091216734499357	1.0	0.5122860518623407	0.18174977941198783	0.7690990303325336	0.1310780359224588
fr	1.0	0.16208755851986523	1.0	1.0	0.37127589047043563	0.12142204208412774	0.3541704794094586	0.2575645575755034	0.16579083055309882	1.0	0.5134659152293409	1.0	0.35477294839287876	0.3655765143994993	0.2188061447324724	0.23011645760732358	0.33436149629039186	1.0	0.23937672833335086	1.0	1.0	0.1422387821312874	0.06613074607566835	0.07708663550897736	0.3618791810924422	0.06570146307122975	0.12805445894514897	1.0	0.7015838265496533	0.10070528575801453	0.18332973182749515	1.0	0.5305358962210758	0.2210229497021155	0.7690990303325336	0.07321766814737632
he	1.0	0.27468398420460105	1.0	0.0	1.0	0.5817030545402975	0.7383248465235381	0.4006503045984712	1.0	0.5134659152293409	1.0	1.0	0.6824777897399724	1.0	0.5942927351166197	0.7300208629885034	0.5337643415280114	1.0	0.728099120889861	1.0	1.0	0.4865469884105275	0.7681586082882944	0.6125442407997052	0.8411148089176174	0.578174916549904	0.31354381708587825	1.0	1.0	0.649635672571403	0.7106922308883379	1.0	0.7347168825662657	0.3334571319820855	0.7690990303325336	0.5904506347892131
hi	1.0	1.0	1.0	0.0	1.0	1.0	1.0	1.0	1.0	1.0	1.0	1.0	1.0	1.0	1.0	1.0	1.0	1.0	1.0	1.0	1.0	1.0	1.0	1.0	1.0	1.0	0.0	1.0	1.0	1.0	1.0	1.0	0.7411828468492555	1.0	0.7690990303325336	1.0
hu	1.0	0.29793192004459923	1.0	0.0	0.4582960478122589	0.22836062651333786	0.4337813884159185	0.35450894653987625	0.3324914509001283	0.35477294839287876	0.6824777897399724	1.0	1.0	0.3856670682595393	0.32093016291295207	0.33427641490063603	0.3718382899894065	1.0	0.4827035897123414	1.0	1.0	0.24600108123987469	0.31799239689154823	0.3955825731649666	0.4525590439407512	0.33507353324350136	0.21355837107534598	1.0	0.8216064286890065	0.18863379428275354	0.18653087623122996	1.0	0.7411828468492555	0.22622834591952337	0.7690990303325336	0.24176641683453068
id	1.0	0.30982401280814886	1.0	0.0	1.0	0.2288928464622863	0.43050153945552294	0.3521564760886895	0.3880137537295313	0.3655765143994993	1.0	1.0	0.3856670682595393	1.0	0.3698242421198746	0.35700893170841724	0.373138970702881	1.0	0.4522902086406405	1.0	1.0	0.25951359410317154	0.41146642088740515	0.43517511144655463	0.4389334212075904	0.4288653345998712	0.2547915690071085	1.0	0.45627762828753365	0.26246618992976073	0.25886436101174193	1.0	0.676767587065747	0.2536466573598422	0.7690990303325336	0.2779748242926396
it	1.0	0.18170570794766383	1.0	0.0	1.0	0.16327995592281327	0.3906789320277081	0.20143162346400134	0.22340199113892256	0.2188061447324724	0.5942927351166197	1.0	0.32093016291295207	0.3698242421198746	1.0	0.22752720920374012	0.3624406716424979	1.0	0.20063082555683454	1.0	1.0	0.17246418753753037	0.19639916965552073	0.19036122355094356	0.31694145145493907	0.17707221946220472	0.17620361753685068	0.7863954451402115	1.0	0.15347047958051382	0.2034789756135509	1.0	0.4035861546289123	0.23618582994491844	0.674320228744153	0.18140859957193178
ja	1.0	0.21417202579495792	1.0	1.0	1.0	0.15649558509048528	0.3821964768211909	0.22754432155161466	0.23791632593146453	0.23011645760732358	0.7300208629885034	1.0	0.33427641490063603	0.35700893170841724	0.22752720920374012	1.0	0.30485752094789736	1.0	0.25966228739324965	1.0	1.0	0.19491058183130294	0.22511255714592093	0.22327457445996152	0.31936583779818306	0.2085174443138134	0.20815843015418994	1.0	1.0	0.18040114084171768	0.24516479184576612	1.0	0.554000932329893	0.22138214497340372	0.7690990303325336	0.19451047341264457
ko	1.0	0.2927224077126727	1.0	0.0	0.7415175173618942	0.18822446069674426	0.40838686305751587	0.3402031653184297	0.28689166283678635	0.33436149629039186	0.5337643415280114	1.0	0.3718382899894065	0.373138970702881	0.3624406716424979	0.30485752094789736	1.0	1.0	0.42392112750869454	1.0	1.0	0.24800055835116466	0.3191870922347368	0.33357381225099686	0.41357553493096577	0.34244525778983054	0.20346040279517943	1.0	1.0	0.1968149468093011	0.2583553650826773	1.0	0.5863089236503652	0.2369902116887419	0.7690990303325336	0.21678539747122808
lv	1.0	1.0	1.0	0.0	1.0	1.0	1.0	1.0	1.0	1.0	1.0	1.0	1.0	1.0	1.0	1.0	1.0	1.0	1.0	1.0	1.0	1.0	1.0	1.0	1.0	1.0	0.0	1.0	1.0	1.0	1.0	1.0	0.7455134344225701	1.0	0.7690990303325336	1.0
mk	1.0	0.1724409323628927	1.0	1.0	1.0	0.12250002275143555	0.5191641110560506	0.32750029245085394	0.17578631944870776	0.23937672833335086	0.728099120889861	1.0	0.4827035897123414	0.4522902086406405	0.20063082555683454	0.25966228739324965	0.42392112750869454	1.0	1.0	1.0	1.0	0.14365928821123744	0.05581802658787278	0.060822487249348405	0.6147497660823055	0.05700855507265276	0.13316281917436	1.0	1.0	0.09713831332840672	0.21354835443082693	1.0	0.7411828468492555	0.23866815526766294	0.7690990303325336	0.07564928674141531
ml	1.0	1.0	1.0	0.0	1.0	1.0	1.0	1.0	1.0	1.0	1.0	1.0	1.0	1.0	1.0	1.0	1.0	1.0	1.0	1.0	1.0	1.0	1.0	1.0	1.0	1.0	0.0	1.0	1.0	1.0	1.0	1.0	1.0	1.0	0.7690990303325336	1.0
mr	1.0	1.0	0.0	1.0	1.0	1.0	1.0	1.0	1.0	1.0	1.0	1.0	1.0	1.0	1.0	1.0	1.0	1.0	1.0	1.0	1.0	0.7863954451402115	1.0	1.0	1.0	1.0	0.7495060196705011	1.0	1.0	1.0	1.0	1.0	1.0	1.0	0.7863954451402115	1.0
nl	1.0	0.11545102856285602	1.0	1.0	0.7690990303325336	0.10733905012754758	0.24434253134897235	0.19232357979493425	0.15246621107955197	0.1422387821312874	0.4865469884105275	1.0	0.24600108123987469	0.25951359410317154	0.17246418753753037	0.19491058183130294	0.24800055835116466	1.0	0.14365928821123744	1.0	0.7863954451402115	1.0	0.05299913658999741	0.05722490448413615	0.2465799966297883	0.05450317711879632	0.10502718213053204	1.0	0.7690990303325336	0.08332082814695677	0.15819646920920752	1.0	0.4920257951901806	0.18438231388530354	0.6743202287441529	0.07051200837041653
pl	1.0	0.05392035560030163	1.0	1.0	1.0	0.08600458647873878	0.30551440248282924	0.1405481839507571	0.14699325297754465	0.06613074607566835	0.7681586082882944	1.0	0.31799239689154823	0.41146642088740515	0.19639916965552073	0.22511255714592093	0.3191870922347368	1.0	0.05581802658787278	1.0	1.0	0.05299913658999741	1.0	0.043553171994465435	0.26850723389895476	0.042758881586272744	0.057826385989906026	1.0	1.0	0.050060491775983124	0.20276936758585035	1.0	0.6499913553099702	0.18860676831931716	0.7690990303325336	0.058432067321781
pt	1.0	0.057937910997347436	1.0	1.0	1.0	0.08957097456561168	0.41110436061124106	0.17262133236345467	0.1562534905177943	0.07708663550897736	0.6125442407997052	1.0	0.3955825731649666	0.43517511144655463	0.19036122355094356	0.22327457445996152	0.33357381225099686	1.0	0.060822487249348405	1.0	1.0	0.05722490448413615	0.043553171994465435	1.0	0.3441186109987055	0.04562852784800945	0.06335267971119657	0.7863954451402115	1.0	0.0532715526217678	0.18556769016208158	1.0	0.4645539327241075	0.2088910714639595	0.7690990303325336	0.061461124329292204
ro	1.0	0.29677212514514417	1.0	0.0	0.5526672884923864	0.17310770557516628	0.49171818545176443	0.37279896320988726	0.2274557569984662	0.3618791810924422	0.8411148089176174	1.0	0.4525590439407512	0.4389334212075904	0.31694145145493907	0.31936583779818306	0.41357553493096577	1.0	0.6147497660823055	1.0	1.0	0.2465799966297883	0.26850723389895476	0.3441186109987055	1.0	0.2790724221014776	0.1933928471015188	1.0	0.7578889810690551	0.14768073003927676	0.1771292208975939	1.0	0.5781771825885356	0.23725828508190697	0.7690990303325336	0.15826288285623463
ru	1.0	0.055535450550057104	1.0	1.0	1.0	0.08191103337773528	0.4482374832559191	0.15234793945568184	0.15478444816292192	0.06570146307122975	0.578174916549904	1.0	0.33507353324350136	0.4288653345998712	0.17707221946220472	0.2085174443138134	0.34244525778983054	1.0	0.05700855507265276	1.0	1.0	0.05450317711879632	0.042758881586272744	0.04562852784800945	0.2790724221014776	1.0	0.056544810817496405	1.0	1.0	0.05119268787355391	0.18630636113966856	1.0	0.5459136469738959	0.18935826242880857	0.7690990303325336	0.05854263950452646
sh	1.0	0.11192384897299688	1.0	1.0	0.7863954451402115	0.10920028610877691	0.22351171605806888	0.16978856245155255	0.14591142142351443	0.12805445894514897	0.31354381708587825	0.0	0.21355837107534598	0.2547915690071085	0.17620361753685068	0.20815843015418994	0.20346040279517943	0.0	0.13316281917436	0.0	0.7495060196705011	0.10502718213053204	0.057826385989906026	0.06335267971119657	0.1933928471015188	0.056544810817496405	1.0	0.7863954451402115	1.0	0.08389627941778674	0.1661289723969029	1.0	0.5515914060410949	0.164555622156964	0.6110156395532155	0.06969218942867482
si	1.0	1.0	1.0	1.0	1.0	1.0	1.0	0.7863954451402115	1.0	1.0	1.0	1.0	1.0	1.0	0.7863954451402115	1.0	1.0	1.0	1.0	1.0	1.0	1.0	1.0	0.7863954451402115	1.0	1.0	0.7863954451402115	1.0	1.0	1.0	1.0	1.0	1.0	1.0	1.0	1.0
simple	1.0	1.0	1.0	0.0	1.0	1.0	1.0	0.422526262919159	1.0	0.7015838265496533	1.0	1.0	0.8216064286890065	0.45627762828753365	1.0	1.0	1.0	1.0	1.0	1.0	1.0	0.7690990303325336	1.0	1.0	0.7578889810690551	1.0	1.0	1.0	1.0	0.7690990303325336	0.7863954451402115	1.0	0.5936127755728068	0.49308086712953303	0.7690990303325336	0.7690990303325336
sr	1.0	0.08702524345469921	1.0	1.0	0.7690990303325336	0.0897311773051258	0.1839537641343053	0.12116997499305444	0.11335854583326078	0.10070528575801453	0.649635672571403	1.0	0.18863379428275354	0.26246618992976073	0.15347047958051382	0.18040114084171768	0.1968149468093011	1.0	0.09713831332840672	1.0	1.0	0.08332082814695677	0.050060491775983124	0.0532715526217678	0.14768073003927676	0.05119268787355391	0.08389627941778674	1.0	0.7690990303325336	1.0	0.1719462237159796	1.0	0.7347168825662657	0.13636805562214166	0.7690990303325336	0.0652900538177351
sv	1.0	0.18800483414615032	1.0	1.0	1.0	0.149085435646226	0.37419229393644626	0.18669421016521037	0.17091216734499357	0.18332973182749515	0.7106922308883379	1.0	0.18653087623122996	0.25886436101174193	0.2034789756135509	0.24516479184576612	0.2583553650826773	1.0	0.21354835443082693	1.0	1.0	0.15819646920920752	0.20276936758585035	0.18556769016208158	0.1771292208975939	0.18630636113966856	0.1661289723969029	1.0	0.7863954451402115	0.1719462237159796	1.0	1.0	0.5654544069989484	0.18059303804977103	0.7690990303325336	0.18003186271931018
te	1.0	1.0	0.0	1.0	1.0	1.0	1.0	1.0	1.0	1.0	1.0	1.0	1.0	1.0	1.0	1.0	1.0	1.0	1.0	1.0	1.0	1.0	1.0	1.0	1.0	1.0	1.0	1.0	1.0	1.0	1.0	1.0	1.0	1.0	1.0	1.0
tr	1.0	0.39607760917821877	-1.0	0.7411828468492555	1.0	0.5216959691096517	0.7411828468492555	0.46229204729744033	0.5122860518623407	0.5305358962210758	0.7347168825662657	0.7411828468492555	0.7411828468492555	0.676767587065747	0.4035861546289123	0.554000932329893	0.5863089236503652	0.7455134344225701	0.7411828468492555	1.0	1.0	0.4920257951901806	0.6499913553099702	0.4645539327241075	0.5781771825885356	0.5459136469738959	0.5515914060410949	1.0	0.5936127755728068	0.7347168825662657	0.5654544069989484	1.0	1.0	0.7376607345031153	0.7690990303325336	0.5500584584769852
vi	1.0	0.2035336582425025	1.0	0.0	0.4098220349086399	0.12839502042278833	0.22379786166975232	0.21528038228260993	0.18174977941198783	0.2210229497021155	0.3334571319820855	1.0	0.22622834591952337	0.2536466573598422	0.23618582994491844	0.22138214497340372	0.2369902116887419	1.0	0.23866815526766294	1.0	1.0	0.18438231388530354	0.18860676831931716	0.2088910714639595	0.23725828508190697	0.18935826242880857	0.164555622156964	1.0	0.49308086712953303	0.13636805562214166	0.18059303804977103	1.0	0.7376607345031153	1.0	0.7690990303325336	0.14395095958668536
war	1.0	0.7690990303325336	1.0	0.7690990303325336	0.7690990303325336	0.7690990303325336	0.7690990303325336	0.8943504275997423	0.7690990303325336	0.7690990303325336	0.7690990303325336	0.7690990303325336	0.7690990303325336	0.7690990303325336	0.674320228744153	0.7690990303325336	0.7690990303325336	0.7690990303325336	0.7690990303325336	0.7690990303325336	0.7863954451402115	0.6743202287441529	0.7690990303325336	0.7690990303325336	0.7690990303325336	0.7690990303325336	0.6110156395532155	1.0	0.7690990303325336	0.7690990303325336	0.7690990303325336	1.0	0.7690990303325336	0.7690990303325336	1.0	0.7690990303325336
zh	1.0	0.07135470559799684	1.0	1.0	0.7690990303325336	0.08761720782468771	0.23132378598699951	0.12194940492209208	0.1310780359224588	0.07321766814737632	0.5904506347892131	1.0	0.24176641683453068	0.2779748242926396	0.18140859957193178	0.19451047341264457	0.21678539747122808	1.0	0.07564928674141531	1.0	1.0	0.07051200837041653	0.058432067321781	0.061461124329292204	0.15826288285623463	0.05854263950452646	0.06969218942867482	1.0	0.7690990303325336	0.0652900538177351	0.18003186271931018	1.0	0.5500584584769852	0.14395095958668536	0.7690990303325336	1.0
