arz	bs	ceb	ckb	da	de	el	en	es	fr	he	hi	hu	id	it	ja	ko	lv	mk	ml	mr	nl	pl	pt	ro	ru	sh	si	simple	sr	sv	te	vi	war	zh
arz	1.0	0.585786437626905	0.0	1.0	1.0	1.0	1.0	1.0	1.0	1.0	1.0	1.0	1.0	1.0	1.0	1.0	1.0	1.0	1.0	1.0	1.0	1.0	1.0	1.0	0.585786437626905	1.0	1.0	1.0	0.585786437626905	1.0	1.0	1.0	1.0	1.0	1.0
bs	0.585786437626905	1.0	1.0	0.39564392373896007	0.21089672205953397	0.16950748945193925	0.3430703308172536	0.16778977572266515	0.15776505912784203	0.15028656429109197	0.19900804996708035	0.2958163163244893	0.25728427444747215	0.1677874863563379	0.16556726505498612	0.18502951679940477	0.17070721772550654	0.20134795983065193	0.30216947925196225	0.3430703308172536	0.5	0.16736577623297264	0.16422507068272246	0.15894454156034005	0.2193450929151803	0.17011071785351697	0.1951941016011038	1.0	0.26952570232358897	0.20120180774036375	0.2674788903885893	0.585786437626905	0.25	0.5	0.19900804996708035
ceb	0.0	1.0	1.0	1.0	1.0	1.0	1.0	1.0	1.0	1.0	1.0	1.0	1.0	1.0	1.0	1.0	1.0	1.0	1.0	1.0	1.0	1.0	1.0	1.0	1.0	1.0	1.0	1.0	1.0	1.0	1.0	1.0	1.0	1.0	1.0
ckb	1.0	0.39564392373896007	1.0	1.0	0.585786437626905	0.585786437626905	1.0	0.585786437626905	1.0	0.39564392373896007	1.0	1.0	0.5	0.585786437626905	0.585786437626905	1.0	1.0	1.0	1.0	1.0	1.0	1.0	0.4364916731037085	1.0	0.5	1.0	0.4364916731037085	1.0	0.585786437626905	0.4364916731037085	0.585786437626905	1.0	0.5	0.585786437626905	1.0
da	1.0	0.21089672205953397	1.0	0.585786437626905	1.0	0.10960059084055324	0.2553967929896867	0.11848007001313839	0.16703590354875952	0.09720924117892499	0.18018909981882894	0.32449979983983984	0.32037724101704074	0.1445798523164899	0.12435154435541217	0.18200213598171075	0.20742607609621763	0.27429188517743175	0.36602540378443865	0.4142135623730951	0.5	0.12386059489290077	0.12387683211318687	0.12826403121015922	0.17305757537147254	0.11858127877712907	0.14630068939056168	0.585786437626905	0.2113939262657986	0.13765325940518866	0.11974178298658882	1.0	0.15184061573374355	0.4142135623730951	0.16097446842180752
de	1.0	0.16950748945193925	1.0	0.585786437626905	0.10960059084055324	1.0	0.2857142857142857	0.048366170776923324	0.08336934036191766	0.06194747105269064	0.26533119314590375	0.3164309725825328	0.20013895936221432	0.045614313898893054	0.02599852166442116	0.11336696073850488	0.3333333333333333	0.3333333333333333	0.3430703308172536	0.4142135623730951	0.585786437626905	0.08411446098461318	0.058207284349878215	0.09150742744123815	0.09644345219817564	0.13479409488439018	0.03669096583873552	1.0	0.16797932715021768	0.08140518523263278	0.10331135933893755	1.0	0.11783086417827981	0.5	0.2
el	1.0	0.3430703308172536	1.0	1.0	0.2553967929896867	0.2857142857142857	1.0	0.44948974278317805	1.0	0.30216947925196225	1.0	1.0	0.4142135623730951	0.21712927295533244	0.2097188436578299	1.0	1.0	0.585786437626905	1.0	1.0	1.0	0.26968623182294527	0.1629170484829154	0.44948974278317805	0.23006275550355904	1.0	0.3164309725825328	1.0	0.3090169943749474	0.2211722256431405	0.44948974278317805	1.0	0.32449979983983984	0.5	1.0
en	1.0	0.16778977572266515	1.0	0.585786437626905	0.11848007001313839	0.048366170776923324	0.44948974278317805	1.0	0.0531871394359321	0.040341933544598974	0.3090169943749474	0.44948974278317805	0.17737381665115642	0.031685842635006636	0.01621149619417797	0.08556436431761122	0.3090169943749474	0.32037724101704074	0.585786437626905	0.585786437626905	1.0	0.06885255659954588	0.0289991317062349	0.07427905817000172	0.07474288248893549	0.12556198186509598	0.020232319593711908	1.0	0.13853768235555425	0.03755828168852927	0.07891029596989835	1.0	0.09196071325456735	0.5	0.13340176474671567
es	1.0	0.15776505912784203	1.0	1.0	0.16703590354875952	0.08336934036191766	1.0	0.0531871394359321	1.0	0.07096846279647148	0.38742588672279304	0.5	0.1886378647726465	0.054113191197389096	0.024311327364907	0.1346527941742891	0.3430703308172536	0.3164309725825328	0.585786437626905	0.5	1.0	0.09708231133180277	0.06231795842125079	0.09646270238154502	0.10123357211469988	0.1380262631157473	0.06795692870106199	1.0	0.15511784463218828	0.08368118661986411	0.13459271180193821	1.0	0.11364188252699266	0.5	0.16597681693032765
fr	1.0	0.15028656429109197	1.0	0.39564392373896007	0.09720924117892499	0.06194747105269064	0.30216947925196225	0.040341933544598974	0.07096846279647148	1.0	0.1951941016011038	0.3430703308172536	0.16952084719853724	0.03317551741199606	0.02224985809378933	0.08694366509536787	0.17774575502392898	0.2402530733520421	0.3430703308172536	0.36602540378443865	0.585786437626905	0.07311377168738305	0.032618501023412495	0.08767841980626366	0.08389501959437164	0.14021540674050156	0.02917717116836016	0.585786437626905	0.16177970692030189	0.062005992933774075	0.08902659479349115	0.5	0.11034076405138918	0.4142135623730951	0.13853768235555425
he	1.0	0.19900804996708035	1.0	1.0	0.18018909981882894	0.26533119314590375	1.0	0.3090169943749474	0.38742588672279304	0.1951941016011038	1.0	0.585786437626905	0.21604850763119507	0.13777278039754226	0.136343251876293	0.585786437626905	0.585786437626905	0.36602540378443865	1.0	1.0	1.0	0.21270481139089367	0.1591838311709183	0.34833147735478825	0.2674788903885893	0.5	0.13212968044166304	1.0	0.21551468935838852	0.15391792452207523	0.20799159651347807	1.0	0.29893508442482547	0.5	0.585786437626905
hi	1.0	0.2958163163244893	1.0	1.0	0.32449979983983984	0.3164309725825328	1.0	0.44948974278317805	0.5	0.3430703308172536	0.585786437626905	1.0	0.44948974278317805	0.30216947925196225	0.26427884169111276	1.0	1.0	0.4364916731037085	1.0	1.0	1.0	0.32449979983983984	0.2474401533514073	1.0	0.32449979983983984	1.0	0.16666666666666666	1.0	0.28436465220442186	0.3090169943749474	0.3090169943749474	1.0	0.28436465220442186	0.585786437626905	1.0
hu	1.0	0.25728427444747215	1.0	0.5	0.32037724101704074	0.20013895936221432	0.4142135623730951	0.17737381665115642	0.1886378647726465	0.16952084719853724	0.21604850763119507	0.44948974278317805	1.0	0.19158409471850316	0.15813329690460853	0.2025519956555797	0.23845042223198504	0.2989350844248255	0.5	0.4142135623730951	0.5	0.1809073112342927	0.1566130288262323	0.1886378647726465	0.25355482027512377	0.1951941016011038	0.22772999919644132	0.585786437626905	0.22901628833426058	0.2118949818756026	0.1820908145502101	0.585786437626905	0.26427884169111276	0.44948974278317805	0.1951941016011038
id	1.0	0.1677874863563379	1.0	0.585786437626905	0.1445798523164899	0.045614313898893054	0.21712927295533244	0.031685842635006636	0.054113191197389096	0.03317551741199606	0.13777278039754226	0.30216947925196225	0.19158409471850316	1.0	0.0498717602627842	0.0707755857359643	0.14037600977966974	0.27429188517743175	0.36602540378443865	0.2687959533979826	0.585786437626905	0.06681513850234065	0.03829380806060729	0.036037690722981644	0.09062757038626117	0.07395366286263685	0.08189725502686462	1.0	0.1152907349289794	0.11806768354452746	0.1053272102144035	0.5	0.1159750902006059	0.585786437626905	0.05396661550669828
it	1.0	0.16556726505498612	1.0	0.585786437626905	0.12435154435541217	0.02599852166442116	0.2097188436578299	0.01621149619417797	0.024311327364907	0.02224985809378933	0.136343251876293	0.26427884169111276	0.15813329690460853	0.0498717602627842	1.0	0.030858238841313043	0.13282360188829542	0.25824569976124334	0.39564392373896007	0.44948974278317805	1.0	0.035239928048536207	0.037867051944481686	0.028004206109507476	0.08520593557140296	0.05959570095991734	0.0485285525062311	0.585786437626905	0.18463907175225092	0.04106609718065218	0.06652423193178701	0.585786437626905	0.08023618889962397	0.44948974278317805	0.06790015512261055
ja	1.0	0.18502951679940477	1.0	1.0	0.18200213598171075	0.11336696073850488	1.0	0.08556436431761122	0.1346527941742891	0.08694366509536787	0.585786437626905	1.0	0.2025519956555797	0.0707755857359643	0.030858238841313043	1.0	1.0	0.3430703308172536	1.0	1.0	1.0	0.11642166756897722	0.0538465747873455	0.14146178098635465	0.09298761769415213	1.0	0.035078928728269135	1.0	0.1876127897984334	0.074798137347717	0.09151637423835003	1.0	0.13344744727755592	0.5	1.0
ko	1.0	0.17070721772550654	1.0	1.0	0.20742607609621763	0.3333333333333333	1.0	0.3090169943749474	0.3430703308172536	0.17774575502392898	0.585786437626905	1.0	0.23845042223198504	0.14037600977966974	0.13282360188829542	1.0	1.0	0.3430703308172536	1.0	1.0	1.0	0.2097188436578299	0.14285714285714288	0.3333333333333333	0.15225881209433406	1.0	0.07913802504636223	1.0	0.18761278979843343	0.12849622184722817	0.20799159651347807	1.0	0.24660605559646726	0.5	1.0
lv	1.0	0.20134795983065193	1.0	1.0	0.27429188517743175	0.3333333333333333	0.585786437626905	0.32037724101704074	0.3164309725825328	0.2402530733520421	0.36602540378443865	0.4364916731037085	0.2989350844248255	0.27429188517743175	0.25824569976124334	0.3430703308172536	0.3430703308172536	1.0	1.0	1.0	1.0	0.38742588672279304	0.2216368750839041	0.32037724101704074	0.38742588672279304	0.3430703308172536	0.25824569976124334	1.0	0.2674788903885893	0.2958163163244893	0.3333333333333333	1.0	0.3126480851423008	0.585786437626905	0.3430703308172536
mk	1.0	0.30216947925196225	1.0	1.0	0.36602540378443865	0.3430703308172536	1.0	0.585786437626905	0.585786437626905	0.3430703308172536	1.0	1.0	0.5	0.36602540378443865	0.39564392373896007	1.0	1.0	1.0	1.0	1.0	1.0	0.5	0.3483314773547883	0.585786437626905	0.39564392373896007	1.0	0.27429188517743175	1.0	0.2857142857142857	0.36602540378443865	0.4142135623730951	1.0	0.38742588672279304	0.585786437626905	1.0
ml	1.0	0.3430703308172536	1.0	1.0	0.4142135623730951	0.4142135623730951	1.0	0.585786437626905	0.5	0.36602540378443865	1.0	1.0	0.4142135623730951	0.2687959533979826	0.44948974278317805	1.0	1.0	1.0	1.0	1.0	1.0	0.3483314773547883	0.2145646002858569	1.0	0.44948974278317805	1.0	0.30216947925196225	1.0	0.3430703308172536	0.28172904669025317	0.44948974278317805	1.0	0.44948974278317805	0.5	1.0
mr	1.0	0.5	1.0	1.0	0.5	0.585786437626905	1.0	1.0	1.0	0.585786437626905	1.0	1.0	0.5	0.585786437626905	1.0	1.0	1.0	1.0	1.0	1.0	1.0	1.0	0.39564392373896007	1.0	0.44948974278317805	1.0	0.3333333333333333	1.0	0.39564392373896007	1.0	0.585786437626905	1.0	0.5	0.585786437626905	1.0
nl	1.0	0.16736577623297264	1.0	1.0	0.12386059489290077	0.08411446098461318	0.26968623182294527	0.06885255659954588	0.09708231133180277	0.07311377168738305	0.21270481139089367	0.32449979983983984	0.1809073112342927	0.06681513850234065	0.035239928048536207	0.11642166756897722	0.2097188436578299	0.38742588672279304	0.5	0.3483314773547883	1.0	1.0	0.08418648106469234	0.11858127877712907	0.11220440742343571	0.1334017647467157	0.06983691912948406	1.0	0.14605586862231618	0.1125277395629435	0.12102259948148744	1.0	0.1240443402659248	0.44948974278317805	0.15894454156034005
pl	1.0	0.16422507068272246	1.0	0.4364916731037085	0.12387683211318687	0.058207284349878215	0.1629170484829154	0.0289991317062349	0.06231795842125079	0.032618501023412495	0.1591838311709183	0.2474401533514073	0.1566130288262323	0.03829380806060729	0.037867051944481686	0.0538465747873455	0.14285714285714288	0.2216368750839041	0.3483314773547883	0.2145646002858569	0.39564392373896007	0.08418648106469234	1.0	0.06693211728510988	0.09292312066312877	0.07309187692907464	0.07339615251886361	0.4364916731037085	0.1320088995263234	0.0697053493901122	0.1047389472484875	1.0	0.11507718080154414	0.35388936786452296	0.06290768794697578
pt	1.0	0.15894454156034005	1.0	1.0	0.12826403121015922	0.09150742744123815	0.44948974278317805	0.07427905817000172	0.09646270238154502	0.08767841980626366	0.34833147735478825	1.0	0.1886378647726465	0.036037690722981644	0.028004206109507476	0.14146178098635465	0.3333333333333333	0.32037724101704074	0.585786437626905	1.0	1.0	0.11858127877712907	0.06693211728510988	1.0	0.11081837577656227	0.156234931905558	0.075164919336795	1.0	0.1907435698305462	0.09689287849960553	0.13122197716763584	1.0	0.10755342236551044	0.5	0.17684258135111194
ro	0.585786437626905	0.2193450929151803	1.0	0.5	0.17305757537147254	0.09644345219817564	0.23006275550355904	0.07474288248893549	0.10123357211469988	0.08389501959437164	0.2674788903885893	0.32449979983983984	0.25355482027512377	0.09062757038626117	0.08520593557140296	0.09298761769415213	0.15225881209433406	0.38742588672279304	0.39564392373896007	0.44948974278317805	0.44948974278317805	0.11220440742343571	0.09292312066312877	0.11081837577656227	1.0	0.09705417457365867	0.12314664746606467	1.0	0.1951941016011038	0.10130506992362616	0.12098866127018787	0.5	0.14272845120335853	0.4142135623730951	0.12213064903189357
ru	1.0	0.17011071785351697	1.0	1.0	0.11858127877712907	0.13479409488439018	1.0	0.12556198186509598	0.1380262631157473	0.14021540674050156	0.5	1.0	0.1951941016011038	0.07395366286263685	0.05959570095991734	1.0	1.0	0.3430703308172536	1.0	1.0	1.0	0.1334017647467157	0.07309187692907464	0.156234931905558	0.09705417457365867	1.0	0.08534504056969161	1.0	0.15260705306097969	0.13712054634769197	0.1365270594958143	1.0	0.15102574277849928	0.5	1.0
sh	1.0	0.1951941016011038	1.0	0.4364916731037085	0.14630068939056168	0.03669096583873552	0.3164309725825328	0.020232319593711908	0.06795692870106199	0.02917717116836016	0.13212968044166304	0.16666666666666666	0.22772999919644132	0.08189725502686462	0.0485285525062311	0.035078928728269135	0.07913802504636223	0.25824569976124334	0.27429188517743175	0.30216947925196225	0.3333333333333333	0.06983691912948406	0.07339615251886361	0.075164919336795	0.12314664746606467	0.08534504056969161	1.0	0.585786437626905	0.13762763304377473	0.02094291496833819	0.10713220018930689	0.4364916731037085	0.07915352009324222	0.44948974278317805	0.06517950801878762
si	1.0	1.0	1.0	1.0	0.585786437626905	1.0	1.0	1.0	1.0	0.585786437626905	1.0	1.0	0.585786437626905	1.0	0.585786437626905	1.0	1.0	1.0	1.0	1.0	1.0	1.0	0.4364916731037085	1.0	1.0	1.0	0.585786437626905	1.0	1.0	1.0	1.0	1.0	0.585786437626905	0.585786437626905	1.0
simple	0.585786437626905	0.26952570232358897	1.0	0.585786437626905	0.2113939262657986	0.16797932715021768	0.3090169943749474	0.13853768235555425	0.15511784463218828	0.16177970692030189	0.21551468935838852	0.28436465220442186	0.22901628833426058	0.1152907349289794	0.18463907175225092	0.1876127897984334	0.18761278979843343	0.2674788903885893	0.2857142857142857	0.3430703308172536	0.39564392373896007	0.14605586862231618	0.1320088995263234	0.1907435698305462	0.1951941016011038	0.15260705306097969	0.13762763304377473	1.0	1.0	0.19715062508814155	0.18925829882896245	0.5	0.19063538048526726	0.5	0.15260705306097969
sr	1.0	0.20120180774036375	1.0	0.4364916731037085	0.13765325940518866	0.08140518523263278	0.2211722256431405	0.03755828168852927	0.08368118661986411	0.062005992933774075	0.15391792452207523	0.3090169943749474	0.2118949818756026	0.11806768354452746	0.04106609718065218	0.074798137347717	0.12849622184722817	0.2958163163244893	0.36602540378443865	0.28172904669025317	1.0	0.1125277395629435	0.0697053493901122	0.09689287849960553	0.10130506992362616	0.13712054634769197	0.02094291496833819	1.0	0.19715062508814155	1.0	0.1229569781574402	1.0	0.1141697462948501	0.44948974278317805	0.11748264768180318
sv	1.0	0.2674788903885893	1.0	0.585786437626905	0.11974178298658882	0.10331135933893755	0.44948974278317805	0.07891029596989835	0.13459271180193821	0.08902659479349115	0.20799159651347807	0.3090169943749474	0.1820908145502101	0.1053272102144035	0.06652423193178701	0.09151637423835003	0.20799159651347807	0.3333333333333333	0.4142135623730951	0.44948974278317805	0.585786437626905	0.12102259948148744	0.1047389472484875	0.13122197716763584	0.12098866127018787	0.1365270594958143	0.10713220018930689	1.0	0.18925829882896245	0.1229569781574402	1.0	0.585786437626905	0.16429269493352536	0.44948974278317805	0.15055471221417036
te	1.0	0.585786437626905	1.0	1.0	1.0	1.0	1.0	1.0	1.0	0.5	1.0	1.0	0.585786437626905	0.5	0.585786437626905	1.0	1.0	1.0	1.0	1.0	1.0	1.0	1.0	1.0	0.5	1.0	0.4364916731037085	1.0	0.5	1.0	0.585786437626905	1.0	0.585786437626905	1.0	1.0
vi	1.0	0.25	1.0	0.5	0.15184061573374355	0.11783086417827981	0.32449979983983984	0.09196071325456735	0.11364188252699266	0.11034076405138918	0.29893508442482547	0.28436465220442186	0.26427884169111276	0.1159750902006059	0.08023618889962397	0.13344744727755592	0.24660605559646726	0.3126480851423008	0.38742588672279304	0.44948974278317805	0.5	0.1240443402659248	0.11507718080154414	0.10755342236551044	0.14272845120335853	0.15102574277849928	0.07915352009324222	0.585786437626905	0.19063538048526726	0.1141697462948501	0.16429269493352536	0.585786437626905	1.0	0.44948974278317805	0.14319856668565048
war	1.0	0.5	1.0	0.585786437626905	0.4142135623730951	0.5	0.5	0.5	0.5	0.4142135623730951	0.5	0.585786437626905	0.44948974278317805	0.585786437626905	0.44948974278317805	0.5	0.5	0.585786437626905	0.585786437626905	0.5	0.585786437626905	0.44948974278317805	0.35388936786452296	0.5	0.4142135623730951	0.5	0.44948974278317805	0.585786437626905	0.5	0.44948974278317805	0.44948974278317805	1.0	0.44948974278317805	1.0	0.5
zh	1.0	0.19900804996708035	1.0	1.0	0.16097446842180752	0.2	1.0	0.13340176474671567	0.16597681693032765	0.13853768235555425	0.585786437626905	1.0	0.1951941016011038	0.05396661550669828	0.06790015512261055	1.0	1.0	0.3430703308172536	1.0	1.0	1.0	0.15894454156034005	0.06290768794697578	0.17684258135111194	0.12213064903189357	1.0	0.06517950801878762	1.0	0.15260705306097969	0.11748264768180318	0.15055471221417036	1.0	0.14319856668565048	0.5	1.0
