arz	bs	ceb	ckb	da	de	el	en	es	fr	he	hi	hu	id	it	ja	ko	lv	mk	ml	mr	nl	pl	pt	ro	ru	sh	si	simple	sr	sv	te	vi	war	zh
arz	0.12506253125	0.12503124999999998	0.2	0.16666666666666666	0.125015625	0.125015625	0.125015625	0.125	0.125	0.125	0.125015625	0.3333333333333333	0.12503124999999998	0.125015625	0.125015625	0.125015625	0.125015625	0.125	0.125015625	0.16672225	0.16666666666666666	0.125015625	0.125	0.125015625	0.125	0.125	0.12503124999999998	1.0	0.125	0.125015625	0.125	1.0	0.125	0.14285714285714285	0.125015625
bs	0.12503124999999998	0.09144938121569254	0.2	0.11119758025925924	0.09098354552900008	0.09094216529752067	0.09104150436395081	0.09095041322314049	0.09096696695041322	0.09093390083471073	0.09096695867768595	0.25006249999999997	0.09104981853771979	0.09101666959528129	0.09100831409092562	0.09092561983471074	0.09104981030647229	0.09094215702479339	0.10012008002999999	0.14297973485728588	0.1667222222222222	0.09095871902480165	0.0909421652892562	0.09101664475216537	0.09103320679361192	0.0909504380330744	0.09112436444803683	1.0	0.10003000000000001	0.0910001158680086	0.09094214876033059	1.0	0.09098352896696695	0.125	0.09105809124015779
ceb	0.2	0.2	0.2	0.2	0.2	0.2	0.2	0.2	0.2	0.2	0.2	0.5	0.2	0.2	0.2	0.2	0.2	0.2	0.2	0.2	0.2	0.2	0.2	0.2	0.2	0.2	0.2	1.0	0.2	0.2	0.2	1.0	0.2	0.2	0.2
ckb	0.16666666666666666	0.11119758025925924	0.2	0.11122237054338291	0.1111111111111111	0.11112345679012345	0.11114814814814815	0.11112345679012345	0.1111111111111111	0.1111111111111111	0.11112345679012345	0.25	0.11113580246913579	0.1111111111111111	0.11113580246913579	0.1111111111111111	0.11113581481481481	0.11112345679012345	0.12503124999999998	0.14285714285714285	0.2	0.1111111111111111	0.11112345679012345	0.11112345679012345	0.11113580246913579	0.11112345679012345	0.11117288892593827	1.0	0.125015625	0.11113581481481481	0.11112345679012345	1.0	0.11112345679012345	0.14285714285714285	0.11116049382716049
da	0.125015625	0.09098354552900008	0.2	0.1111111111111111	0.0477008575428706	0.04762358276643991	0.07145409694387754	0.04762812018140589	0.052637119113573404	0.04762585260997959	0.06667111111111111	0.25	0.06251953906249999	0.07694082840236686	0.05556481790123456	0.05264265927977839	0.0625156328125	0.07144388265306122	0.09091735537190082	0.14285714285714285	0.16666666666666666	0.05555864197530863	0.05555864197530863	0.06668444888888889	0.07144898469387755	0.04762585260770975	0.08337501389583332	1.0	0.08334027777777778	0.07692899408284024	0.05000249999999999	1.0	0.06251171875	0.125	0.06252735938671876
de	0.125015625	0.09094216529752067	0.2	0.11112345679012345	0.04762358276643991	0.02861148415437889	0.06667111111111111	0.0312548828125	0.041671875	0.0312529296875	0.05263434903047091	0.25	0.05884775432525951	0.07142857142857142	0.03846745710059171	0.03704252537722908	0.058840830449826985	0.07143367346938775	0.09090909090909091	0.14287755102040817	0.16666666666666666	0.04167013888888889	0.05000249999999999	0.05882698961937716	0.06667555555555557	0.03448394768133174	0.08335416666666667	1.0	0.07692899408284024	0.07693491124260354	0.038463017751479284	1.0	0.058823529411764705	0.125	0.050004999999999994
el	0.125015625	0.09104150436395081	0.2	0.11114814814814815	0.07145409694387754	0.06667111111111111	0.0668851578651795	0.06669778222222224	0.06668444444444445	0.06668444888888889	0.07147962758165308	0.25006249999999997	0.07698821896452665	0.07694675147928993	0.06670224000888889	0.06668444888888889	0.06672000888888889	0.07693491124260354	0.10004999999999999	0.14289797959183673	0.16666666666666666	0.06667555555555557	0.06667555555555556	0.07148473983165818	0.07698822489943195	0.06668	0.08338890277777777	1.0	0.08336806944444444	0.08334722222222221	0.06667111111111111	1.0	0.07144897959183673	0.125	0.06674231118672448
en	0.125	0.09095041322314049	0.2	0.11112345679012345	0.04762812018140589	0.0312548828125	0.06669778222222224	0.027899446732187708	0.041675348960071176	0.029423012110726645	0.052637119113573404	0.25	0.058854685128027676	0.07145408163265306	0.0384822633269364	0.037045268861454046	0.05886507960208305	0.07144897959183673	0.09091735537190082	0.14289800004085718	0.16669444444444442	0.0400096	0.04762812018140589	0.058833910034602074	0.06671114224446224	0.034489892984542206	0.083375	1.0	0.07692307692307693	0.07695266863905326	0.0400080016	1.0	0.05556481481481482	0.125	0.05005758262768275
es	0.125	0.09096696695041322	0.2	0.1111111111111111	0.052637119113573404	0.041671875	0.06668444444444445	0.041675348960071176	0.03455903129093866	0.04167187673784896	0.05882698961937716	0.25	0.05885814879585122	0.0714438775510204	0.04763492971202268	0.045460743801652895	0.05884429411764705	0.07692307692307693	0.09092561983471074	0.14291842863271434	0.16666666666666666	0.047625850340136056	0.0526398891966759	0.058830449826989616	0.0666889022266711	0.0400064016	0.08337501388888888	1.0	0.07694082840236686	0.07693491124260354	0.04545867768595041	1.0	0.058823529411764705	0.125	0.05558643519445062
fr	0.125	0.09093390083471073	0.2	0.1111111111111111	0.04762585260997959	0.0312529296875	0.06668444888888889	0.029423012110726645	0.04167187673784896	0.02786679642261326	0.05264820498614959	0.25	0.05885467128027682	0.07143367346938775	0.038470415680473366	0.03704664334705075	0.05884429411764705	0.07143367346938775	0.09092561983471074	0.1429184081836939	0.16669444444444442	0.040007999999999995	0.04763038775737188	0.05883737370242214	0.06668444444444445	0.03571811224489796	0.08336111805555554	1.0	0.07693491124260354	0.07693491124260354	0.040003199999999996	1.0	0.05557099074074074	0.125	0.050030020012505005
he	0.125015625	0.09096695867768595	0.2	0.11112345679012345	0.06667111111111111	0.05263434903047091	0.07147962758165308	0.052637119113573404	0.05882698961937716	0.05264820498614959	0.052725922701233295	0.25	0.06670224446224002	0.07143367346938775	0.05558025617592592	0.052645432132963986	0.06252345313282032	0.08334722222222221	0.09092561983471073	0.14289797959183673	0.16666666666666666	0.05263434903047091	0.058830449826989616	0.058840833910034605	0.07144898979591836	0.05556481481481482	0.08336808334722916	1.0	0.07694083431952663	0.07693491124260354	0.05263434903047091	1.0	0.06251562499999999	0.125	0.058871982705882335
hi	0.3333333333333333	0.25006249999999997	0.5	0.25	0.25	0.25	0.25006249999999997	0.25	0.25	0.25	0.25	0.25006249999999997	0.25	0.25	0.25006249999999997	0.25	0.25	0.25	0.3333333333333333	0.25	0.5	0.25	0.25	0.25006249999999997	0.25	0.25	0.25	1.0	0.3333333333333333	0.25	0.25	1.0	0.25	0.3333333333333333	0.25
hu	0.12503124999999998	0.09104981853771979	0.2	0.11113580246913579	0.06251953906249999	0.05884775432525951	0.07698821896452665	0.058854685128027676	0.05885814879585122	0.05885467128027682	0.06670224446224002	0.25	0.05912602433494884	0.07698228994674555	0.06255864066408985	0.0625430117695821	0.06676011125798251	0.08335416666666667	0.09095870247933885	0.14291836734693877	0.16666666666666666	0.0625234492265625	0.06255081642971096	0.06672449783116897	0.07150006638780618	0.058833910034602074	0.08346545859757686	1.0	0.0833750347569792	0.07698226627218935	0.0625078125	1.0	0.06253125782032032	0.125	0.07153585734210752
id	0.125015625	0.09101666959528129	0.2	0.1111111111111111	0.07694082840236686	0.07142857142857142	0.07694675147928993	0.07145408163265306	0.0714438775510204	0.07143367346938775	0.07143367346938775	0.25	0.07698228994674555	0.07157171997058408	0.07145408163265306	0.07145408673469388	0.07145919387755102	0.08334027777777778	0.09093389256198348	0.14289795918367348	0.16669444444444442	0.07143877551020407	0.07143367346938775	0.07145409694387754	0.0714745204336939	0.07143367346938775	0.08340283338198613	1.0	0.07694674556213017	0.0769526804852071	0.07143367346938775	1.0	0.07145409183673469	0.125	0.07147451021429592
it	0.125015625	0.09100831409092562	0.2	0.11113580246913579	0.05556481790123456	0.03846745710059171	0.06670224000888889	0.0384822633269364	0.04763492971202268	0.038470415680473366	0.05558025617592592	0.25006249999999997	0.06255864066408985	0.07145408163265306	0.038642875390511915	0.04168403646180729	0.05886856406232876	0.07692899408284024	0.09094214876033059	0.14295930626546954	0.16666666666666666	0.043480151228733464	0.055570993827160485	0.06253517579689065	0.0714694081734745	0.04348582230623819	0.08337500694444444	1.0	0.07692899408284024	0.07694082840236686	0.04763038548752834	1.0	0.06252344140624999	0.125	0.05006507008260263
ja	0.125015625	0.09092561983471074	0.2	0.1111111111111111	0.05264265927977839	0.03704252537722908	0.06668444888888889	0.037045268861454046	0.045460743801652895	0.03704664334705075	0.052645432132963986	0.25	0.0625430117695821	0.07145408673469388	0.04168403646180729	0.03581147897495995	0.05885469204152249	0.07692307692307693	0.09091735537190083	0.14285714285714285	0.16666666666666666	0.041671875	0.05263434903047091	0.058833910034602074	0.0714438775510204	0.041671875	0.08335417361111111	1.0	0.07693491715976332	0.07692899408284024	0.0434820415879017	1.0	0.0625	0.125	0.0500250100075025
ko	0.125015625	0.09104981030647229	0.2	0.11113581481481481	0.0625156328125	0.058840830449826985	0.06672000888888889	0.05886507960208305	0.05884429411764705	0.05884429411764705	0.06252345313282032	0.25	0.06676011125798251	0.07145919387755102	0.05886856406232876	0.05885469204152249	0.0558192476089606	0.07692899408284024	0.0909256281074463	0.14291836734693877	0.16666666666666666	0.05884776817301038	0.05884430104498616	0.06255473440626953	0.07149500528090864	0.058830449826989616	0.083416750090396	1.0	0.07694674556213017	0.07695266863905326	0.058833910034602074	1.0	0.06252736720313673	0.125	0.06255082034376562
lv	0.125	0.09094215702479339	0.2	0.11112345679012345	0.07144388265306122	0.07143367346938775	0.07693491124260354	0.07144897959183673	0.07692307692307693	0.07143367346938775	0.08334722222222221	0.25	0.08335416666666667	0.08334027777777778	0.07692899408284024	0.07692307692307693	0.07692899408284024	0.07150520421956656	0.1	0.14285714285714285	0.16669444444444442	0.07692899408284024	0.07692899408284024	0.08334027777777778	0.08336111805555554	0.07142857142857142	0.08337504170837505	1.0	0.09091735537190083	0.08334722222222221	0.07693491124260354	1.0	0.08334027777777778	0.125	0.07694084024260356
mk	0.125015625	0.10012008002999999	0.2	0.12503124999999998	0.09091735537190082	0.09090909090909091	0.10004999999999999	0.09091735537190082	0.09092561983471074	0.09092561983471074	0.09092561983471073	0.3333333333333333	0.09095870247933885	0.09093389256198348	0.09094214876033059	0.09091735537190083	0.0909256281074463	0.1	0.09109959597731056	0.16675008341675004	0.16666666666666666	0.09091735537190083	0.09091735537190083	0.09093389256198348	0.09095042976033059	0.09093388429752067	0.10009010011012012	1.0	0.0909421570247934	0.09094214876033058	0.09090909090909091	1.0	0.0909338925702562	0.125	0.0909669834958843
ml	0.16672225	0.14297973485728588	0.2	0.14285714285714285	0.14285714285714285	0.14287755102040817	0.14289797959183673	0.14289800004085718	0.14291842863271434	0.1429184081836939	0.14289797959183673	0.25	0.14291836734693877	0.14289795918367348	0.14295930626546954	0.14285714285714285	0.14291836734693877	0.14285714285714285	0.16675008341675004	0.14318447133119494	0.2	0.14287755102040817	0.14287755102040817	0.14289797959183673	0.1429183673469388	0.14287755102040817	0.14293881636738778	1.0	0.16669444444444442	0.14287755102040817	0.14285714285714285	1.0	0.142877571449	0.16666666666666666	0.14297967351024493
mr	0.16666666666666666	0.1667222222222222	0.2	0.2	0.16666666666666666	0.16666666666666666	0.16666666666666666	0.16669444444444442	0.16666666666666666	0.16669444444444442	0.16666666666666666	0.5	0.16666666666666666	0.16669444444444442	0.16666666666666666	0.16666666666666666	0.16666666666666666	0.16669444444444442	0.16666666666666666	0.2	0.1667222222222222	0.16666666666666666	0.16666666666666666	0.16669444444444442	0.16669444444444442	0.16666666666666666	0.1667222222222222	1.0	0.16666666666666666	0.16669444444444442	0.16669444444444442	1.0	0.16666666666666666	0.16666666666666666	0.16666666666666666
nl	0.125015625	0.09095871902480165	0.2	0.1111111111111111	0.05555864197530863	0.04167013888888889	0.06667555555555557	0.0400096	0.047625850340136056	0.040007999999999995	0.05263434903047091	0.25	0.0625234492265625	0.07143877551020407	0.043480151228733464	0.041671875	0.05884776817301038	0.07692899408284024	0.09091735537190083	0.14287755102040817	0.16666666666666666	0.04005287208811536	0.05264265927977839	0.05884084083391003	0.07144388776020408	0.04348015122873346	0.08337502779166667	1.0	0.07693491124260354	0.07694082840236686	0.045456611570247926	1.0	0.06250781640625	0.125	0.050015000000000004
pl	0.125	0.0909421652892562	0.2	0.11112345679012345	0.05555864197530863	0.05000249999999999	0.06667555555555556	0.04762812018140589	0.0526398891966759	0.04763038775737188	0.058830449826989616	0.25	0.06255081642971096	0.07143367346938775	0.055570993827160485	0.05263434903047091	0.05884430104498616	0.07692899408284024	0.09091735537190083	0.14287755102040817	0.16666666666666666	0.05264265927977839	0.04770084839743882	0.058840833910034605	0.06671115113780003	0.050004999999999994	0.08336111805555554	1.0	0.07692899408284024	0.07694082840236686	0.05000249999999999	1.0	0.05555864197530863	0.125	0.06251953515625
pt	0.125015625	0.09101664475216537	0.2	0.11112345679012345	0.06668444888888889	0.05882698961937716	0.07148473983165818	0.058833910034602074	0.058830449826989616	0.05883737370242214	0.058840833910034605	0.25006249999999997	0.06672449783116897	0.07145409694387754	0.06253517579689065	0.058833910034602074	0.06255473440626953	0.08334027777777778	0.09093389256198348	0.14289797959183673	0.16669444444444442	0.05884084083391003	0.058840833910034605	0.055744496221338084	0.07147451531632652	0.058830449826989616	0.08340284034034035	1.0	0.0769585798816568	0.07695266863905326	0.058823529411764705	1.0	0.06252735547265625	0.125	0.06255474223440628
ro	0.125	0.09103320679361192	0.2	0.11113580246913579	0.07144898469387755	0.06667555555555557	0.07698822489943195	0.06671114224446224	0.0666889022266711	0.06668444444444445	0.07144898979591836	0.25	0.07150006638780618	0.0714745204336939	0.0714694081734745	0.0714438775510204	0.07149500528090864	0.08336111805555554	0.09095042976033059	0.1429183673469388	0.16669444444444442	0.07144388776020408	0.06671115113780003	0.07147451531632652	0.06692992403798606	0.06667111111111111	0.08346543772256289	1.0	0.07694082840236686	0.07697042603550296	0.06668444444444445	1.0	0.0666889022355689	0.125	0.07149495925517864
ru	0.125	0.0909504380330744	0.2	0.11112345679012345	0.04762585260770975	0.03448394768133174	0.06668	0.034489892984542206	0.0400064016	0.03571811224489796	0.05556481481481482	0.25	0.058833910034602074	0.07143367346938775	0.04348582230623819	0.041671875	0.058830449826989616	0.07142857142857142	0.09093388429752067	0.14287755102040817	0.16666666666666666	0.04348015122873346	0.050004999999999994	0.058830449826989616	0.06667111111111111	0.03230600531858712	0.08334722222222221	1.0	0.07693491124260354	0.07693491124260354	0.04166840277777777	1.0	0.058830449826989616	0.125	0.05265097229916897
sh	0.12503124999999998	0.09112436444803683	0.2	0.11117288892593827	0.08337501389583332	0.08335416666666667	0.08338890277777777	0.083375	0.08337501388888888	0.08336111805555554	0.08336808334722916	0.25	0.08346545859757686	0.08340283338198613	0.08337500694444444	0.08335417361111111	0.083416750090396	0.08337504170837505	0.10009010011012012	0.14293881636738778	0.1667222222222222	0.08337502779166667	0.08336111805555554	0.08340284034034035	0.08346543772256289	0.08334722222222221	0.08371004259886229	1.0	0.09093389256198348	0.08338891668056249	0.08336111111111111	1.0	0.08337501389584029	0.125	0.08344456259729174
si	1.0	1.0	1.0	1.0	1.0	1.0	1.0	1.0	1.0	1.0	1.0	1.0	1.0	1.0	1.0	1.0	1.0	1.0	1.0	1.0	1.0	1.0	1.0	1.0	1.0	1.0	1.0	1.0	1.0	1.0	1.0	1.0	1.0	1.0	1.0
simple	0.125	0.10003000000000001	0.2	0.125015625	0.08334027777777778	0.07692899408284024	0.08336806944444444	0.07692307692307693	0.07694082840236686	0.07693491124260354	0.07694083431952663	0.3333333333333333	0.0833750347569792	0.07694674556213017	0.07692899408284024	0.07693491715976332	0.07694674556213017	0.09091735537190083	0.0909421570247934	0.16669444444444442	0.16666666666666666	0.07693491124260354	0.07692899408284024	0.0769585798816568	0.07694082840236686	0.07693491124260354	0.09093389256198348	1.0	0.07704155040841434	0.08334722222222221	0.07692899408284024	1.0	0.07692899408284024	0.125	0.07697043196450296
sr	0.125015625	0.0910001158680086	0.2	0.11113581481481481	0.07692899408284024	0.07693491124260354	0.08334722222222221	0.07695266863905326	0.07693491124260354	0.07693491124260354	0.07693491124260354	0.25	0.07698226627218935	0.0769526804852071	0.07694082840236686	0.07692899408284024	0.07695266863905326	0.08334722222222221	0.09094214876033058	0.14287755102040817	0.16669444444444442	0.07694082840236686	0.07694082840236686	0.07695266863905326	0.07697042603550296	0.07693491124260354	0.08338891668056249	1.0	0.08334722222222221	0.07706536149214989	0.07692899408284024	1.0	0.07693491124260354	0.125	0.0769585798816568
sv	0.125	0.09094214876033059	0.2	0.11112345679012345	0.05000249999999999	0.038463017751479284	0.06667111111111111	0.0400080016	0.04545867768595041	0.040003199999999996	0.05263434903047091	0.25	0.0625078125	0.07143367346938775	0.04763038548752834	0.0434820415879017	0.058833910034602074	0.07693491124260354	0.09090909090909091	0.14285714285714285	0.16669444444444442	0.045456611570247926	0.05000249999999999	0.058823529411764705	0.06668444444444445	0.04166840277777777	0.08336111111111111	1.0	0.07692899408284024	0.07692899408284024	0.03707272154321125	1.0	0.05882698961937716	0.125	0.052637119113573404
te	1.0	1.0	1.0	1.0	1.0	1.0	1.0	1.0	1.0	1.0	1.0	1.0	1.0	1.0	1.0	1.0	1.0	1.0	1.0	1.0	1.0	1.0	1.0	1.0	1.0	1.0	1.0	1.0	1.0	1.0	1.0	1.0	1.0	1.0	1.0
vi	0.125	0.09098352896696695	0.2	0.11112345679012345	0.06251171875	0.058823529411764705	0.07144897959183673	0.05556481481481482	0.058823529411764705	0.05557099074074074	0.06251562499999999	0.25	0.06253125782032032	0.07145409183673469	0.06252344140624999	0.0625	0.06252736720313673	0.08334027777777778	0.0909338925702562	0.142877571449	0.16666666666666666	0.06250781640625	0.05555864197530863	0.06252735547265625	0.0666889022355689	0.058830449826989616	0.08337501389584029	1.0	0.07692899408284024	0.07693491124260354	0.05882698961937716	1.0	0.05564520392008384	0.125	0.06669778666666666
war	0.14285714285714285	0.125	0.2	0.14285714285714285	0.125	0.125	0.125	0.125	0.125	0.125	0.125	0.3333333333333333	0.125	0.125	0.125	0.125	0.125	0.125	0.125	0.16666666666666666	0.16666666666666666	0.125	0.125	0.125	0.125	0.125	0.125	1.0	0.125	0.125	0.125	1.0	0.125	0.125	0.125
zh	0.125015625	0.09105809124015779	0.2	0.11116049382716049	0.06252735938671876	0.050004999999999994	0.06674231118672448	0.05005758262768275	0.05558643519445062	0.050030020012505005	0.058871982705882335	0.25	0.07153585734210752	0.07147451021429592	0.05006507008260263	0.0500250100075025	0.06255082034376562	0.07694084024260356	0.0909669834958843	0.14297967351024493	0.16666666666666666	0.050015000000000004	0.06251953515625	0.06255474223440628	0.07149495925517864	0.05265097229916897	0.08344456259729174	1.0	0.07697043196450296	0.0769585798816568	0.052637119113573404	1.0	0.06669778666666666	0.125	0.04791345203696588
