arz	bs	ceb	ckb	da	de	el	en	es	fr	he	hi	hu	id	it	ja	ko	lv	mk	ml	mr	nl	pl	pt	ro	ru	sh	si	simple	sr	sv	te	vi	war	zh
arz	1.0	0.0	0.0	0.0	1.0	1.0	1.0	1.0	1.0	1.0	0.0	1.0	1.0	1.0	1.0	1.0	1.0	1.0	0.0	1.0	0.0	1.0	1.0	1.0	1.0	1.0	1.0	0.0	1.0	1.0	1.0	0.0	1.0	0.0	1.0
bs	0.0	1.0	1.0	1.0	1.0	1.0	1.0	1.0	1.0	1.0	1.0	1.0	1.0	1.0	1.0	1.0	1.0	1.0	1.0	1.0	1.0	1.0	1.0	1.0	1.0	1.0	1.0	0.0	1.0	1.0	1.0	1.0	1.0	0.0	1.0
ceb	0.0	1.0	1.0	1.0	1.0	1.0	1.0	1.0	1.0	1.0	1.0	1.0	1.0	1.0	1.0	1.0	1.0	1.0	0.0	1.0	0.0	1.0	1.0	1.0	1.0	0.0	1.0	0.0	1.0	1.0	1.0	1.0	1.0	0.0	1.0
ckb	0.0	1.0	1.0	1.0	0.585786437626905	1.0	1.0	0.5	1.0	1.0	1.0	1.0	1.0	1.0	0.5	1.0	1.0	1.0	1.0	0.0	1.0	1.0	0.585786437626905	1.0	1.0	1.0	1.0	1.0	1.0	1.0	1.0	1.0	1.0	0.0	1.0
da	1.0	1.0	1.0	0.585786437626905	1.0	0.08865507453992243	0.4364916731037085	0.14573090997350693	0.09523599492410954	0.0967447187473409	0.38742588672279304	0.5	0.17854832631144232	0.1360607649596039	0.13054326357305776	0.1374203627757835	0.13100580420257674	0.3483314773547883	1.0	0.585786437626905	0.585786437626905	0.1112106060712763	0.1391059608330811	0.06616302512892284	0.22621740890630038	0.13367660240019172	0.1615550086343111	1.0	0.24117152185510726	0.2240092377397959	0.07821138334316498	1.0	0.2168172675840932	1.0	0.15225881209433406
de	1.0	1.0	1.0	1.0	0.08865507453992243	1.0	0.5	0.045506887298464846	0.04814592356745523	0.04766860567081207	0.20742607609621763	0.585786437626905	0.2402530733520421	0.1156030557839434	0.0419639587121821	0.14189566657443153	0.1770516294859975	0.44948974278317805	1.0	1.0	1.0	0.06670153453826982	0.09643376320304448	0.04915988728862091	0.27195617308673004	0.06422779899990844	0.07523873440123313	1.0	0.30216947925196225	0.20521309615767264	0.1518442389903171	0.44948974278317805	0.27792629762666365	1.0	0.1282938532150517
el	1.0	1.0	1.0	1.0	0.4364916731037085	0.5	1.0	0.07649531238445344	0.2145646002858569	0.3333333333333333	1.0	1.0	0.44948974278317805	0.3483314773547883	0.08589664433760696	1.0	1.0	1.0	1.0	1.0	1.0	0.2857142857142857	0.5	0.2	0.4364916731037085	1.0	0.252650308587072	1.0	1.0	1.0	0.5	1.0	1.0	1.0	1.0
en	1.0	1.0	1.0	0.5	0.14573090997350693	0.045506887298464846	0.07649531238445344	1.0	0.02949402778229724	0.03402854207534449	0.0638684048820597	0.15894454156034005	0.07384398545784551	0.062459136823698434	0.13142979333197385	0.0374301898475233	0.04911443496555218	0.3164309725825328	1.0	1.0	1.0	0.033921900462794856	0.04195168396517815	0.05741645302084652	0.09573357201195139	0.030709908249955207	0.13415852968493738	1.0	0.11290555240008054	0.06269625342798225	0.04784659193037179	0.2857142857142857	0.10764140889244248	1.0	0.04395141794043192
es	1.0	1.0	1.0	1.0	0.09523599492410954	0.04814592356745523	0.2145646002858569	0.02949402778229724	1.0	0.03242530159127389	0.21089672205953397	0.5	0.16389424845156647	0.16253817202874696	0.03406327945148828	0.09961344771724082	0.18620744070068682	1.0	1.0	1.0	1.0	0.09157954282965704	0.14021540674050156	0.03405576397047776	0.2240092377397959	0.0934984915573404	0.06646497528982222	1.0	0.3380788308512194	0.23166247903554	0.1417920188365437	0.585786437626905	0.30216947925196225	1.0	0.1575324921321875
fr	1.0	1.0	1.0	1.0	0.0967447187473409	0.04766860567081207	0.3333333333333333	0.03402854207534449	0.03242530159127389	1.0	0.19404996501286384	0.585786437626905	0.19403884569157756	0.11069904019400206	0.041109016988409706	0.09488213349077174	0.1698149617743287	0.585786437626905	1.0	1.0	1.0	0.06493971076335005	0.12825349971651706	0.03831887415864512	0.21551468935838852	0.06637285186557132	0.06985031698632034	1.0	0.3021694792519622	0.25728427444747215	0.12093251375499356	0.5	0.40453726661826384	1.0	0.179128784747792
he	0.0	1.0	1.0	1.0	0.38742588672279304	0.20742607609621763	1.0	0.0638684048820597	0.21089672205953397	0.19404996501286384	1.0	1.0	0.39564392373896	0.2636541189343806	0.0817666813210818	1.0	1.0	1.0	1.0	1.0	1.0	0.2553967929896867	0.28172904669025317	0.25	0.4364916731037085	1.0	0.1	1.0	0.585786437626905	1.0	0.5	1.0	0.585786437626905	1.0	1.0
hi	1.0	1.0	1.0	1.0	0.5	0.585786437626905	1.0	0.15894454156034005	0.5	0.585786437626905	1.0	1.0	1.0	0.585786437626905	0.22772999919644132	1.0	1.0	1.0	1.0	1.0	1.0	0.3797958971132712	0.585786437626905	0.585786437626905	1.0	1.0	0.2674788903885893	1.0	0.585786437626905	1.0	1.0	1.0	1.0	0.0	1.0
hu	1.0	1.0	1.0	1.0	0.17854832631144232	0.2402530733520421	0.44948974278317805	0.07384398545784551	0.16389424845156647	0.19403884569157756	0.39564392373896	1.0	1.0	0.3164309725825327	0.07497001883198125	0.36602540378443865	0.39564392373896007	0.585786437626905	1.0	1.0	1.0	0.23371479611805132	0.2791745113185196	0.18073210490734848	0.3333333333333333	0.2958163163244893	0.1363105826911484	1.0	0.5	0.3430703308172536	0.4142135623730951	0.585786437626905	0.585786437626905	1.0	0.585786437626905
id	1.0	1.0	1.0	1.0	0.1360607649596039	0.1156030557839434	0.3483314773547883	0.062459136823698434	0.16253817202874696	0.11069904019400206	0.2636541189343806	0.585786437626905	0.3164309725825327	1.0	0.0617629210818188	0.19248405980003655	0.2063099139372659	1.0	1.0	1.0	1.0	0.17298540249480718	0.17473207468479124	0.09141324392479226	0.28417262606775806	0.1834956963966701	0.09368942334374541	1.0	0.5	0.3430703308172536	0.18408524227060707	0.585786437626905	0.5	1.0	0.1951941016011038
it	1.0	1.0	1.0	0.5	0.13054326357305776	0.0419639587121821	0.08589664433760696	0.13142979333197385	0.03406327945148828	0.041109016988409706	0.0817666813210818	0.22772999919644132	0.07497001883198125	0.0617629210818188	1.0	0.050957747997463075	0.05848413500861589	0.4142135623730951	1.0	1.0	1.0	0.04060586343944223	0.04635537305581382	0.055994789714166805	0.12898312320213884	0.03923924660549805	0.09475285874913766	1.0	0.24336073281110826	0.06280610311458464	0.05533632535130192	0.585786437626905	0.18540166218414908	1.0	0.04704857446677848
ja	1.0	1.0	1.0	1.0	0.1374203627757835	0.14189566657443153	1.0	0.0374301898475233	0.09961344771724082	0.09488213349077174	1.0	1.0	0.36602540378443865	0.19248405980003655	0.050957747997463075	1.0	0.5	1.0	1.0	1.0	1.0	0.1812698925904374	0.2565236958429578	0.0832807751786872	0.2857142857142857	0.5	0.06775933340006912	1.0	0.39564392373896007	1.0	0.26533119314590375	1.0	0.585786437626905	1.0	0.585786437626905
ko	1.0	1.0	1.0	1.0	0.13100580420257674	0.1770516294859975	1.0	0.04911443496555218	0.18620744070068682	0.1698149617743287	1.0	1.0	0.39564392373896007	0.2063099139372659	0.05848413500861589	0.5	1.0	1.0	1.0	1.0	1.0	0.1827439976315568	0.24210172369314836	0.13000160101627029	0.2857142857142857	0.5	0.08847548767447169	1.0	0.39564392373896007	0.585786437626905	0.23582845781094	1.0	0.585786437626905	1.0	0.585786437626905
lv	1.0	1.0	1.0	1.0	0.3483314773547883	0.44948974278317805	1.0	0.3164309725825328	1.0	0.585786437626905	1.0	1.0	0.585786437626905	1.0	0.4142135623730951	1.0	1.0	1.0	1.0	1.0	1.0	0.3483314773547883	1.0	1.0	0.585786437626905	1.0	0.585786437626905	1.0	0.585786437626905	1.0	0.585786437626905	1.0	1.0	1.0	1.0
mk	0.0	1.0	0.0	1.0	1.0	1.0	1.0	1.0	1.0	1.0	1.0	1.0	1.0	1.0	1.0	1.0	1.0	1.0	1.0	1.0	1.0	1.0	1.0	1.0	1.0	1.0	1.0	1.0	1.0	1.0	1.0	1.0	1.0	0.0	1.0
ml	1.0	1.0	1.0	0.0	0.585786437626905	1.0	1.0	1.0	1.0	1.0	1.0	1.0	1.0	1.0	1.0	1.0	1.0	1.0	1.0	1.0	0.0	0.585786437626905	1.0	1.0	1.0	1.0	1.0	1.0	1.0	1.0	1.0	1.0	1.0	0.0	1.0
mr	0.0	1.0	0.0	1.0	0.585786437626905	1.0	1.0	1.0	1.0	1.0	1.0	1.0	1.0	1.0	1.0	1.0	1.0	1.0	1.0	0.0	1.0	1.0	1.0	1.0	1.0	1.0	1.0	1.0	1.0	1.0	1.0	1.0	1.0	1.0	1.0
nl	1.0	1.0	1.0	1.0	0.1112106060712763	0.06670153453826982	0.2857142857142857	0.033921900462794856	0.09157954282965704	0.06493971076335005	0.2553967929896867	0.3797958971132712	0.23371479611805132	0.17298540249480718	0.04060586343944223	0.1812698925904374	0.1827439976315568	0.3483314773547883	1.0	0.585786437626905	1.0	1.0	0.10196800718715224	0.05659422129375144	0.1847634129415957	0.1060878539025194	0.07204947430456307	1.0	0.23904631784856414	0.1566130288262323	0.14084292485512023	0.585786437626905	0.28172904669025317	1.0	0.179128784747792
pl	1.0	1.0	1.0	0.585786437626905	0.1391059608330811	0.09643376320304448	0.5	0.04195168396517815	0.14021540674050156	0.12825349971651706	0.28172904669025317	0.585786437626905	0.2791745113185196	0.17473207468479124	0.04635537305581382	0.2565236958429578	0.24210172369314836	1.0	1.0	1.0	1.0	0.10196800718715224	1.0	0.08798250912803648	0.24660605559646726	0.1505069098623927	0.07325097134635256	1.0	0.3726822671238253	0.2958163163244893	0.1622024160571319	0.4364916731037085	0.585786437626905	1.0	0.23669181907653403
pt	1.0	1.0	1.0	1.0	0.06616302512892284	0.04915988728862091	0.2	0.05741645302084652	0.03405576397047776	0.03831887415864512	0.25	0.585786437626905	0.18073210490734848	0.09141324392479226	0.055994789714166805	0.0832807751786872	0.13000160101627029	1.0	1.0	1.0	1.0	0.05659422129375144	0.08798250912803648	1.0	0.2	0.0628207943849556	0.06715691849481772	1.0	0.3164309725825328	0.14118784806383944	0.13924131656199698	0.1907435698305462	0.35388936786452296	1.0	0.13828122551400807
ro	1.0	1.0	1.0	1.0	0.22621740890630038	0.27195617308673004	0.4364916731037085	0.09573357201195139	0.2240092377397959	0.21551468935838852	0.4364916731037085	1.0	0.3333333333333333	0.28417262606775806	0.12898312320213884	0.2857142857142857	0.2857142857142857	0.585786437626905	1.0	1.0	1.0	0.1847634129415957	0.24660605559646726	0.2	1.0	0.27429188517743175	0.15921767408282939	1.0	0.585786437626905	0.2857142857142857	0.3390416943970745	0.585786437626905	1.0	1.0	0.2857142857142857
ru	1.0	1.0	0.0	1.0	0.13367660240019172	0.06422779899990844	1.0	0.030709908249955207	0.0934984915573404	0.06637285186557132	1.0	1.0	0.2958163163244893	0.1834956963966701	0.03923924660549805	0.5	0.5	1.0	1.0	1.0	1.0	0.1060878539025194	0.1505069098623927	0.0628207943849556	0.27429188517743175	1.0	0.07208243070993103	1.0	0.3726822671238253	1.0	0.21239994067041815	1.0	0.585786437626905	1.0	0.5
sh	1.0	1.0	1.0	1.0	0.1615550086343111	0.07523873440123313	0.252650308587072	0.13415852968493738	0.06646497528982222	0.06985031698632034	0.1	0.2674788903885893	0.1363105826911484	0.09368942334374541	0.09475285874913766	0.06775933340006912	0.08847548767447169	0.585786437626905	1.0	1.0	1.0	0.07204947430456307	0.07325097134635256	0.06715691849481772	0.15921767408282939	0.07208243070993103	1.0	1.0	0.2791745113185196	0.09201428978464618	0.12662593622685192	0.16039776255003638	0.3660254037844386	1.0	0.08333333333333333
si	0.0	0.0	0.0	1.0	1.0	1.0	1.0	1.0	1.0	1.0	1.0	1.0	1.0	1.0	1.0	1.0	1.0	1.0	1.0	1.0	1.0	1.0	1.0	1.0	1.0	1.0	1.0	1.0	1.0	1.0	1.0	1.0	1.0	1.0	1.0
simple	1.0	1.0	1.0	1.0	0.24117152185510726	0.30216947925196225	1.0	0.11290555240008054	0.3380788308512194	0.3021694792519622	0.585786437626905	0.585786437626905	0.5	0.5	0.24336073281110826	0.39564392373896007	0.39564392373896007	0.585786437626905	1.0	1.0	1.0	0.23904631784856414	0.3726822671238253	0.3164309725825328	0.585786437626905	0.3726822671238253	0.2791745113185196	1.0	1.0	0.585786437626905	0.44948974278317805	0.585786437626905	0.585786437626905	1.0	0.5
sr	1.0	1.0	1.0	1.0	0.2240092377397959	0.20521309615767264	1.0	0.06269625342798225	0.23166247903554	0.25728427444747215	1.0	1.0	0.3430703308172536	0.3430703308172536	0.06280610311458464	1.0	0.585786437626905	1.0	1.0	1.0	1.0	0.1566130288262323	0.2958163163244893	0.14118784806383944	0.2857142857142857	1.0	0.09201428978464618	1.0	0.585786437626905	1.0	0.28436465220442186	0.39564392373896007	0.585786437626905	1.0	1.0
sv	1.0	1.0	1.0	1.0	0.07821138334316498	0.1518442389903171	0.5	0.04784659193037179	0.1417920188365437	0.12093251375499356	0.5	1.0	0.4142135623730951	0.18408524227060707	0.05533632535130192	0.26533119314590375	0.23582845781094	0.585786437626905	1.0	1.0	1.0	0.14084292485512023	0.1622024160571319	0.13924131656199698	0.3390416943970745	0.21239994067041815	0.12662593622685192	1.0	0.44948974278317805	0.28436465220442186	1.0	0.36602540378443865	1.0	1.0	0.1951941016011038
te	0.0	1.0	1.0	1.0	1.0	0.44948974278317805	1.0	0.2857142857142857	0.585786437626905	0.5	1.0	1.0	0.585786437626905	0.585786437626905	0.585786437626905	1.0	1.0	1.0	1.0	1.0	1.0	0.585786437626905	0.4364916731037085	0.1907435698305462	0.585786437626905	1.0	0.16039776255003638	1.0	0.585786437626905	0.39564392373896007	0.36602540378443865	1.0	1.0	1.0	1.0
vi	1.0	1.0	1.0	1.0	0.2168172675840932	0.27792629762666365	1.0	0.10764140889244248	0.30216947925196225	0.40453726661826384	0.585786437626905	1.0	0.585786437626905	0.5	0.18540166218414908	0.585786437626905	0.585786437626905	1.0	1.0	1.0	1.0	0.28172904669025317	0.585786437626905	0.35388936786452296	1.0	0.585786437626905	0.3660254037844386	1.0	0.585786437626905	0.585786437626905	1.0	1.0	1.0	1.0	0.585786437626905
war	0.0	0.0	0.0	0.0	1.0	1.0	1.0	1.0	1.0	1.0	1.0	0.0	1.0	1.0	1.0	1.0	1.0	1.0	0.0	0.0	1.0	1.0	1.0	1.0	1.0	1.0	1.0	1.0	1.0	1.0	1.0	1.0	1.0	1.0	0.0
zh	1.0	1.0	1.0	1.0	0.15225881209433406	0.1282938532150517	1.0	0.04395141794043192	0.1575324921321875	0.179128784747792	1.0	1.0	0.585786437626905	0.1951941016011038	0.04704857446677848	0.585786437626905	0.585786437626905	1.0	1.0	1.0	1.0	0.179128784747792	0.23669181907653403	0.13828122551400807	0.2857142857142857	0.5	0.08333333333333333	1.0	0.5	1.0	0.1951941016011038	1.0	0.585786437626905	0.0	1.0
