arz	bs	ceb	ckb	da	de	el	en	es	fr	he	hi	hu	id	it	ja	ko	lv	mk	ml	mr	nl	pl	pt	ro	ru	sh	si	simple	sr	sv	te	vi	war	zh
arz	1.0	0.1390429161391222	1.0	0.30901699437494745	0.14201473202245876	0.1144988151622282	0.14068863164514597	0.09723759294838262	0.11274629762360332	0.10801757781400635	0.11137588360646768	0.14234980545486764	0.15022110482233483	0.1508784005661213	0.09185951707081814	0.08321812775887495	0.10102812101087953	0.2043134457775982	0.127652950225557	0.24336073281110826	0.18400240527946554	0.11640466291680726	0.11334740297780702	0.09873561913162551	0.13484129921095567	0.0943807067780916	0.12318439138091686	0.26968623182294527	0.12484088007578989	0.12384423186153719	0.09002511194672097	0.24336073281110826	0.12901539526720252	0.4364916731037085	0.06324606093387834
bs	0.1390429161391222	1.0	0.44948974278317805	0.06442304190779631	0.011665964427790042	0.007195535744525591	0.011596702488659115	0.011106693057877436	0.006958421057139765	0.007673608268292679	0.008325735583528206	0.011903162265856596	0.01253642744941543	0.009160479499375611	0.011907626819281904	0.013102589731386817	0.008939240782537897	0.019182877881559895	0.01690630815260736	0.021263759830915767	0.044444594171638395	0.0072235059738608035	0.0074397215544859925	0.011152914379930098	0.012059792851691934	0.014513650033237553	0.011225118824839123	0.064472503968427	0.01068365383697141	0.008594456802696101	0.012381798293598595	0.0940531439842371	0.009122107907937127	0.12690480173057764	0.017783809414609147
ceb	1.0	0.44948974278317805	1.0	0.5	0.36602540378443865	0.3430703308172536	0.32881309020609956	0.3430703308172536	0.3430703308172536	0.32881309020609956	0.3430703308172536	0.3430703308172536	0.3288130902060995	0.3430703308172536	0.36602540378443865	0.3430703308172536	0.32881309020609956	0.5	0.3288130902060995	0.36602540378443865	0.3483314773547883	0.36602540378443865	0.32881309020609956	0.3533135708365462	0.3430703308172536	0.3164309725825328	0.36602540378443865	0.44948974278317805	0.3430703308172536	0.3430703308172536	0.3483314773547883	0.39564392373896007	0.3430703308172536	0.36602540378443865	0.32881309020609956
ckb	0.30901699437494745	0.06442304190779631	0.5	1.0	0.13789933771125648	0.12127550239018872	0.06906639399837515	0.02832845034310436	0.1155538350588137	0.10300385507050662	0.10065475817065717	0.10071150313465349	0.11362217605227731	0.13957875683699938	0.031831316146502156	0.03303089151233812	0.08585128551134585	0.12785214925079336	0.06886033693441382	0.07329056122521475	0.09980873748960088	0.12426283912236971	0.12490710264806727	0.06503877051397405	0.1381535584370365	0.03655092424302898	0.10488507762869706	0.12267796023685273	0.0850713128191958	0.13057680273413985	0.04587357669857082	0.2193450929151803	0.10850884755755627	0.5	0.01632468643643391
da	0.14201473202245876	0.011665964427790042	0.36602540378443865	0.13789933771125648	1.0	0.0034606641577530468	0.006492801827729542	0.0047541610980329566	0.0032964502861614463	0.004561059045271444	0.004735122209069748	0.006925995701296905	0.005890475247399657	0.00728769208840429	0.004527150348769867	0.004876917464662208	0.004715157490241026	0.012107115007341518	0.0084249597221574	0.011517944837748964	0.02129036789521279	0.0037824038456324253	0.004015881306010461	0.004693022001547788	0.008905582685828715	0.004764267817413621	0.006192589842791688	0.0367750587149875	0.005366644511712063	0.005582419977769182	0.0046550516409885265	0.10911115445599888	0.005847561173302731	0.3021694792519622	0.004926867984459473
de	0.1144988151622282	0.007195535744525591	0.3430703308172536	0.12127550239018872	0.0034606641577530468	1.0	0.0033437346646467505	0.0037143175629070274	0.0036656469033543885	0.003919328772789479	0.003202444007172347	0.0037807713559855037	0.003328147566230779	0.002871635737001099	0.0037886482700981343	0.003409586392359049	0.003211639888721733	0.006303604635022503	0.005124785819945196	0.006443349059921795	0.014015753774780104	0.003030143775249114	0.0037461337174688196	0.0035792220059020392	0.003497122912359123	0.003754839154839277	0.003452339781907411	0.018970654481810897	0.0030115413515918333	0.002776840112971841	0.003586230531395862	0.04308602429604118	0.002833112405131061	0.35388936786452296	0.003391375533754993
el	0.14068863164514597	0.011596702488659115	0.32881309020609956	0.06906639399837515	0.006492801827729542	0.0033437346646467505	1.0	0.014088709383856063	0.0033394180833693486	0.008440415679525507	0.0063432577631836505	0.009275727778380892	0.009258349654075473	0.004988140384537798	0.011610281076612985	0.014260980886120744	0.008923101034833463	0.010154848628000101	0.011277344771464836	0.013805605464690049	0.019638210400870326	0.0036814489150994805	0.003531795943720555	0.013224603012006581	0.006263087312351248	0.015588504581034744	0.008584351221713556	0.03476162446393279	0.008614240864727748	0.006098173861765733	0.011430826337552652	0.056818611744778105	0.006245745466201517	0.17936267473944467	0.013583313691867632
en	0.09723759294838262	0.011106693057877436	0.3430703308172536	0.02832845034310436	0.0047541610980329566	0.0037143175629070274	0.014088709383856063	1.0	0.003613982386456057	0.004440830389550927	0.008453877498634464	0.01169165719876723	0.011923645272539153	0.005656699166436007	0.004843171749254814	0.006658450650707422	0.009559713221796915	0.00955645993629698	0.013753629843010913	0.011991723878303459	0.013698936208526413	0.0037994861345378725	0.00419796686683717	0.005467160227738642	0.006664743577555247	0.005540879733097176	0.013578664977578224	0.017192577135542966	0.014225446936219766	0.008630215508209384	0.006755990522052506	0.025021882362719985	0.009728791770977147	0.18078696884595807	0.008589625808998438
es	0.11274629762360332	0.006958421057139765	0.3430703308172536	0.1155538350588137	0.0032964502861614463	0.0036656469033543885	0.0033394180833693486	0.003613982386456057	1.0	0.004077860959946754	0.0031672850777006646	0.0036288058311011646	0.003398702863788859	0.002712773368330495	0.003657632381768369	0.00346552406792258	0.0032336057297409414	0.006159492364402501	0.0049040488406096195	0.006125416449124065	0.01369131204307283	0.003019990562898159	0.003461424841484049	0.0036493881784041677	0.0034371533045270703	0.003765900140004098	0.0034887121430389073	0.017505838401536324	0.002865229766931072	0.003003819022995738	0.0034515915756213817	0.04174863467554641	0.002926305401899257	0.28989794855663564	0.0033925397431454427
fr	0.10801757781400635	0.007673608268292679	0.32881309020609956	0.10300385507050662	0.004561059045271444	0.003919328772789479	0.008440415679525507	0.004440830389550927	0.004077860959946754	1.0	0.008819525958665713	0.007158292847019648	0.008138614489058395	0.005163079788230907	0.004770627835657324	0.0064981281143847245	0.010641444489563187	0.007548794519822081	0.008585807273712883	0.007979891411437791	0.01414438740447422	0.004411309684764825	0.0039731796035319695	0.005992002613411744	0.0059760653219312135	0.006968833378921917	0.00830601742684721	0.018250605475002065	0.00862638244863669	0.007316523862413276	0.009430336643885255	0.04169853433026512	0.008733467449777719	0.18727507600544932	0.009486165918592705
he	0.11137588360646768	0.008325735583528206	0.3430703308172536	0.10065475817065717	0.004735122209069748	0.003202444007172347	0.0063432577631836505	0.008453877498634464	0.0031672850777006646	0.008819525958665713	1.0	0.006229826175216792	0.005994419443897358	0.004154868694806234	0.009603755981655032	0.007855538145232583	0.007447575781430296	0.00795273675371738	0.006370101522124743	0.008307100385269306	0.015384772061739783	0.003307007753929574	0.0029819069611340715	0.008191206844842988	0.005193111748625886	0.008461550453652022	0.005969633414834383	0.020779058060249978	0.0062819205532228155	0.005063706265447586	0.009029014427452445	0.04931839084716962	0.005696746000282423	0.22522719139308142	0.008912546591255344
hi	0.14234980545486764	0.011903162265856596	0.3430703308172536	0.10071150313465349	0.006925995701296905	0.0037807713559855037	0.009275727778380892	0.01169165719876723	0.0036288058311011646	0.007158292847019648	0.006229826175216792	1.0	0.00890838860421693	0.0050751994114389635	0.010315922480559183	0.012149167740138508	0.007750009885313243	0.01197355548262952	0.010719585499814789	0.011553299700658248	0.017439473607329066	0.0040682439775551965	0.004133081614886786	0.010872148772933575	0.006714083109671127	0.011440127034455868	0.00900951105061074	0.029576377261074538	0.009019208413910459	0.005552150335123646	0.010773181704991641	0.03605501612927112	0.006545060788494363	0.162063292922189	0.012447861048035571
hu	0.15022110482233483	0.01253642744941543	0.3288130902060995	0.11362217605227731	0.005890475247399657	0.003328147566230779	0.009258349654075473	0.011923645272539153	0.003398702863788859	0.008138614489058395	0.005994419443897358	0.00890838860421693	1.0	0.005108964726592298	0.010795997413325742	0.010749233325978819	0.007991548461805446	0.013427404286382826	0.008533852784906261	0.014283056033441197	0.019822843136377492	0.0035427433229548826	0.0034148501986420413	0.011859942016305964	0.006922684275360745	0.013116114071065839	0.00922177905022507	0.05100393339936666	0.007437251068310304	0.005874379797856376	0.012027822352124164	0.05040853733900694	0.007034005763080225	0.18528919924132578	0.012681501122463034
id	0.1508784005661213	0.009160479499375611	0.3430703308172536	0.13957875683699938	0.00728769208840429	0.002871635737001099	0.004988140384537798	0.005656699166436007	0.002712773368330495	0.005163079788230907	0.004154868694806234	0.0050751994114389635	0.005108964726592298	1.0	0.00488456652496738	0.004893019772774547	0.00430616057832833	0.010614749820060996	0.006790435133352949	0.008693333834530276	0.016483379356491367	0.0029345755571977277	0.0030709166871597947	0.005268593428530374	0.005843519426693831	0.0049086067987948265	0.005054523142251049	0.02100728076103123	0.004808951973286409	0.004411072160675108	0.004651569845897015	0.057181437886780144	0.004210244781743003	0.2843646522044218	0.00472265360496457
it	0.09185951707081814	0.011907626819281904	0.36602540378443865	0.031831316146502156	0.004527150348769867	0.0037886482700981343	0.011610281076612985	0.004843171749254814	0.003657632381768369	0.004770627835657324	0.009603755981655032	0.010315922480559183	0.010795997413325742	0.00488456652496738	1.0	0.007647878768193831	0.011557129388112175	0.009124364243937807	0.01156187743857466	0.010611059881646595	0.016334253973707344	0.004181383948970278	0.003645886817537154	0.0060383819547860755	0.00682047795768195	0.007286141363228127	0.013184445801252151	0.02080670916578653	0.010457935116240087	0.00738694250968172	0.009125283606282685	0.01888737855213668	0.009863044074932544	0.17464760748059102	0.009714888436088705
ja	0.08321812775887495	0.013102589731386817	0.3430703308172536	0.03303089151233812	0.004876917464662208	0.003409586392359049	0.014260980886120744	0.006658450650707422	0.00346552406792258	0.0064981281143847245	0.007855538145232583	0.012149167740138508	0.010749233325978819	0.004893019772774547	0.007647878768193831	1.0	0.010223897039283945	0.009306054984306797	0.01635370276673424	0.013085526153827697	0.015536677451741279	0.0033836585389839607	0.0038645517214765854	0.009483584700387222	0.0057680172078695005	0.008532297829121462	0.011183426510414747	0.019579039958976648	0.015224743660248572	0.0074843748313637975	0.010915067312798779	0.015552476168208136	0.008918620804393007	0.14361656527850825	0.011645586070466915
ko	0.10102812101087953	0.008939240782537897	0.32881309020609956	0.08585128551134585	0.004715157490241026	0.003211639888721733	0.008923101034833463	0.009559713221796915	0.0032336057297409414	0.010641444489563187	0.007447575781430296	0.007750009885313243	0.007991548461805446	0.00430616057832833	0.011557129388112175	0.010223897039283945	1.0	0.008916073580847004	0.008577521678684977	0.008947407305867128	0.015051975927963951	0.0032256061442404	0.0031277837540459787	0.011825572109350584	0.005917167752983853	0.012030906627869983	0.007992314544384956	0.024255074675343734	0.009919049265802567	0.005911475539389047	0.011860802106260743	0.031078613839925186	0.007101316770783877	0.25355482027512377	0.009657156952994512
lv	0.2043134457775982	0.019182877881559895	0.5	0.12785214925079336	0.012107115007341518	0.006303604635022503	0.010154848628000101	0.00955645993629698	0.006159492364402501	0.007548794519822081	0.00795273675371738	0.01197355548262952	0.013427404286382826	0.010614749820060996	0.009124364243937807	0.009306054984306797	0.008916073580847004	1.0	0.012991753369356936	0.019836784199925257	0.02208040525037469	0.006631299363908205	0.006525129157722928	0.009187481736609791	0.014911954027023278	0.010072771840539884	0.01360775602541187	0.053638729798405956	0.01175467784260217	0.009401617319563436	0.00856886104449416	0.09527790305229245	0.008818483555609845	0.2070518364164892	0.008981890781307738
mk	0.127652950225557	0.01690630815260736	0.3288130902060995	0.06886033693441382	0.0084249597221574	0.005124785819945196	0.011277344771464836	0.013753629843010913	0.0049040488406096195	0.008585807273712883	0.006370101522124743	0.010719585499814789	0.008533852784906261	0.006790435133352949	0.01156187743857466	0.01635370276673424	0.008577521678684977	0.012991753369356936	1.0	0.017015765361875584	0.03182191650691819	0.0052399866592119995	0.005165122408100799	0.011709550742940186	0.0071828584532898105	0.01677791667518707	0.00926109757001993	0.044370881403090916	0.008664784853154152	0.006548977244547258	0.014994280173624515	0.07218476153975681	0.007337916115518931	0.1342050824224461	0.023560463308099806
ml	0.24336073281110826	0.021263759830915767	0.36602540378443865	0.07329056122521475	0.011517944837748964	0.006443349059921795	0.013805605464690049	0.011991723878303459	0.006125416449124065	0.007979891411437791	0.008307100385269306	0.011553299700658248	0.014283056033441197	0.008693333834530276	0.010611059881646595	0.013085526153827697	0.008947407305867128	0.019836784199925257	0.017015765361875584	1.0	0.024935887408975038	0.00686824779083017	0.006640881995533192	0.009850300086083447	0.009770602373560982	0.013163367591237884	0.011876170028945084	0.04473574758641727	0.010805781153137548	0.0090265140952889	0.011264988413549039	0.04956234338600913	0.008553139124634332	0.1715130857640215	0.01474178212756519
mr	0.18400240527946554	0.044444594171638395	0.3483314773547883	0.09980873748960088	0.02129036789521279	0.014015753774780104	0.019638210400870326	0.013698936208526413	0.01369131204307283	0.01414438740447422	0.015384772061739783	0.017439473607329066	0.019822843136377492	0.016483379356491367	0.016334253973707344	0.015536677451741279	0.015051975927963951	0.02208040525037469	0.03182191650691819	0.024935887408975038	1.0	0.015435020056220237	0.015036128855837275	0.014582935116462553	0.0193778858876551	0.01580338249960921	0.021313981005026822	0.073351421093568	0.016542472256632607	0.01799048414123101	0.016375575166274667	0.038658096032087426	0.014843640091681725	0.09505112298736126	0.020984445292449114
nl	0.11640466291680726	0.0072235059738608035	0.36602540378443865	0.12426283912236971	0.0037824038456324253	0.003030143775249114	0.0036814489150994805	0.0037994861345378725	0.003019990562898159	0.004411309684764825	0.003307007753929574	0.0040682439775551965	0.0035427433229548826	0.0029345755571977277	0.004181383948970278	0.0033836585389839607	0.0032256061442404	0.006631299363908205	0.0052399866592119995	0.00686824779083017	0.015435020056220237	1.0	0.0027516831690783026	0.003931796883797794	0.003749258214144586	0.003694518603689409	0.003664309581144553	0.020945713305276583	0.003092922249102069	0.0030771612596757077	0.0037429714542326327	0.04092536374256888	0.0029208046884355485	0.2843646522044218	0.0035197881865488985
pl	0.11334740297780702	0.0074397215544859925	0.32881309020609956	0.12490710264806727	0.004015881306010461	0.0037461337174688196	0.003531795943720555	0.00419796686683717	0.003461424841484049	0.0039731796035319695	0.0029819069611340715	0.004133081614886786	0.0034148501986420413	0.0030709166871597947	0.003645886817537154	0.0038645517214765854	0.0031277837540459787	0.006525129157722928	0.005165122408100799	0.006640881995533192	0.015036128855837275	0.0027516831690783026	1.0	0.003753102521658061	0.003691554454532736	0.0038162498177969208	0.0034605809038641662	0.01988950501610797	0.0030131834746573278	0.002924488698704719	0.0035068968249240906	0.052869218880889364	0.0030765187725978953	0.24336073281110826	0.0034020564121359093
pt	0.09873561913162551	0.011152914379930098	0.3533135708365462	0.06503877051397405	0.004693022001547788	0.0035792220059020392	0.013224603012006581	0.005467160227738642	0.0036493881784041677	0.005992002613411744	0.008191206844842988	0.010872148772933575	0.011859942016305964	0.005268593428530374	0.0060383819547860755	0.009483584700387222	0.011825572109350584	0.009187481736609791	0.011709550742940186	0.009850300086083447	0.014582935116462553	0.003931796883797794	0.003753102521658061	1.0	0.00608961761765766	0.007486599527048763	0.012337215130787935	0.019393131352340557	0.013508012186678676	0.008282888487340075	0.009532061517415669	0.02613219414341168	0.009386442734545258	0.17797387640247572	0.00991434067853363
ro	0.13484129921095567	0.012059792851691934	0.3430703308172536	0.1381535584370365	0.008905582685828715	0.003497122912359123	0.006263087312351248	0.006664743577555247	0.0034371533045270703	0.0059760653219312135	0.005193111748625886	0.006714083109671127	0.006922684275360745	0.005843519426693831	0.00682047795768195	0.0057680172078695005	0.005917167752983853	0.014911954027023278	0.0071828584532898105	0.009770602373560982	0.0193778858876551	0.003749258214144586	0.003691554454532736	0.00608961761765766	1.0	0.006508046908836673	0.006882759327191193	0.036365294412981156	0.006109298585483251	0.005350092603759311	0.006230982642636691	0.09680782188795849	0.005891692367088549	0.2372732414640341	0.006850277940962908
ru	0.0943807067780916	0.014513650033237553	0.3164309725825328	0.03655092424302898	0.004764267817413621	0.003754839154839277	0.015588504581034744	0.005540879733097176	0.003765900140004098	0.006968833378921917	0.008461550453652022	0.011440127034455868	0.013116114071065839	0.0049086067987948265	0.007286141363228127	0.008532297829121462	0.012030906627869983	0.010072771840539884	0.01677791667518707	0.013163367591237884	0.01580338249960921	0.003694518603689409	0.0038162498177969208	0.007486599527048763	0.006508046908836673	1.0	0.013734625741238527	0.01909870656426906	0.012273319632353563	0.006935706424692007	0.010766172323871783	0.01297867620320815	0.008692842817498426	0.10914588810749176	0.011551431355965676
sh	0.12318439138091686	0.011225118824839123	0.36602540378443865	0.10488507762869706	0.006192589842791688	0.003452339781907411	0.008584351221713556	0.013578664977578224	0.0034887121430389073	0.00830601742684721	0.005969633414834383	0.00900951105061074	0.00922177905022507	0.005054523142251049	0.013184445801252151	0.011183426510414747	0.007992314544384956	0.01360775602541187	0.00926109757001993	0.011876170028945084	0.021313981005026822	0.003664309581144553	0.0034605809038641662	0.012337215130787935	0.006882759327191193	0.013734625741238527	1.0	0.0260931332346518	0.008092173968418463	0.006913214140885397	0.011833789734091134	0.051027759797793566	0.00662476773869659	0.2222222222222222	0.012369777873053529
si	0.26968623182294527	0.064472503968427	0.44948974278317805	0.12267796023685273	0.0367750587149875	0.018970654481810897	0.03476162446393279	0.017192577135542966	0.017505838401536324	0.018250605475002065	0.020779058060249978	0.029576377261074538	0.05100393339936666	0.02100728076103123	0.02080670916578653	0.019579039958976648	0.024255074675343734	0.053638729798405956	0.044370881403090916	0.04473574758641727	0.073351421093568	0.020945713305276583	0.01988950501610797	0.019393131352340557	0.036365294412981156	0.01909870656426906	0.0260931332346518	1.0	0.024626004511527372	0.020791744732618432	0.01996807666166129	0.11123994497832239	0.02178571035549324	0.20342651452257512	0.01808635404062788
simple	0.12484088007578989	0.01068365383697141	0.3430703308172536	0.0850713128191958	0.005366644511712063	0.0030115413515918333	0.008614240864727748	0.014225446936219766	0.002865229766931072	0.00862638244863669	0.0062819205532228155	0.009019208413910459	0.007437251068310304	0.004808951973286409	0.010457935116240087	0.015224743660248572	0.009919049265802567	0.01175467784260217	0.008664784853154152	0.010805781153137548	0.016542472256632607	0.003092922249102069	0.0030131834746573278	0.013508012186678676	0.006109298585483251	0.012273319632353563	0.008092173968418463	0.024626004511527372	1.0	0.005645767418179142	0.01124328202149885	0.04771363713204765	0.006316478487644525	0.18607536326947427	0.014193798001988651
sr	0.12384423186153719	0.008594456802696101	0.3430703308172536	0.13057680273413985	0.005582419977769182	0.002776840112971841	0.006098173861765733	0.008630215508209384	0.003003819022995738	0.007316523862413276	0.005063706265447586	0.005552150335123646	0.005874379797856376	0.004411072160675108	0.00738694250968172	0.0074843748313637975	0.005911475539389047	0.009401617319563436	0.006548977244547258	0.0090265140952889	0.01799048414123101	0.0030771612596757077	0.002924488698704719	0.008282888487340075	0.005350092603759311	0.006935706424692007	0.006913214140885397	0.020791744732618432	0.005645767418179142	1.0	0.006761033815296191	0.05273983375980519	0.0056473088822602165	0.22340832503179264	0.006977660661763887
sv	0.09002511194672097	0.012381798293598595	0.3483314773547883	0.04587357669857082	0.0046550516409885265	0.003586230531395862	0.011430826337552652	0.006755990522052506	0.0034515915756213817	0.009430336643885255	0.009029014427452445	0.010773181704991641	0.012027822352124164	0.004651569845897015	0.009125283606282685	0.010915067312798779	0.011860802106260743	0.00856886104449416	0.014994280173624515	0.011264988413549039	0.016375575166274667	0.0037429714542326327	0.0035068968249240906	0.009532061517415669	0.006230982642636691	0.010766172323871783	0.011833789734091134	0.01996807666166129	0.01124328202149885	0.006761033815296191	1.0	0.02197317058050147	0.008532779906709864	0.13099032681851724	0.012011698194885938
te	0.24336073281110826	0.0940531439842371	0.39564392373896007	0.2193450929151803	0.10911115445599888	0.04308602429604118	0.056818611744778105	0.025021882362719985	0.04174863467554641	0.04169853433026512	0.04931839084716962	0.03605501612927112	0.05040853733900694	0.057181437886780144	0.01888737855213668	0.015552476168208136	0.031078613839925186	0.09527790305229245	0.07218476153975681	0.04956234338600913	0.038658096032087426	0.04092536374256888	0.052869218880889364	0.02613219414341168	0.09680782188795849	0.01297867620320815	0.051027759797793566	0.11123994497832239	0.04771363713204765	0.05273983375980519	0.02197317058050147	1.0	0.05377438064059252	0.24257131419419417	0.013159989553739215
vi	0.12901539526720252	0.009122107907937127	0.3430703308172536	0.10850884755755627	0.005847561173302731	0.002833112405131061	0.006245745466201517	0.009728791770977147	0.002926305401899257	0.008733467449777719	0.005696746000282423	0.006545060788494363	0.007034005763080225	0.004210244781743003	0.009863044074932544	0.008918620804393007	0.007101316770783877	0.008818483555609845	0.007337916115518931	0.008553139124634332	0.014843640091681725	0.0029208046884355485	0.0030765187725978953	0.009386442734545258	0.005891692367088549	0.008692842817498426	0.00662476773869659	0.02178571035549324	0.006316478487644525	0.0056473088822602165	0.008532779906709864	0.05377438064059252	1.0	0.23166247903554	0.008193725396062761
war	0.4364916731037085	0.12690480173057764	0.36602540378443865	0.5	0.3021694792519622	0.35388936786452296	0.17936267473944467	0.18078696884595807	0.28989794855663564	0.18727507600544932	0.22522719139308142	0.162063292922189	0.18528919924132578	0.2843646522044218	0.17464760748059102	0.14361656527850825	0.25355482027512377	0.2070518364164892	0.1342050824224461	0.1715130857640215	0.09505112298736126	0.2843646522044218	0.24336073281110826	0.17797387640247572	0.2372732414640341	0.10914588810749176	0.2222222222222222	0.20342651452257512	0.18607536326947427	0.22340832503179264	0.13099032681851724	0.24257131419419417	0.23166247903554	1.0	0.11378012788321701
zh	0.06324606093387834	0.017783809414609147	0.32881309020609956	0.01632468643643391	0.004926867984459473	0.003391375533754993	0.013583313691867632	0.008589625808998438	0.0033925397431454427	0.009486165918592705	0.008912546591255344	0.012447861048035571	0.012681501122463034	0.00472265360496457	0.009714888436088705	0.011645586070466915	0.009657156952994512	0.008981890781307738	0.023560463308099806	0.01474178212756519	0.020984445292449114	0.0035197881865488985	0.0034020564121359093	0.00991434067853363	0.006850277940962908	0.011551431355965676	0.012369777873053529	0.01808635404062788	0.014193798001988651	0.006977660661763887	0.012011698194885938	0.013159989553739215	0.008193725396062761	0.11378012788321701	1.0
