arz	bs	ceb	ckb	da	de	el	en	es	fr	he	hi	hu	id	it	ja	ko	lv	mk	ml	mr	nl	pl	pt	ro	ru	sh	si	simple	sr	sv	te	vi	war	zh
arz	1.0	0.0013297872340425532	0.0	0.0	0.0	0.0	0.0004366812227074236	0.0	0.0	0.0	0.0001649620587264929	0.0	0.0	0.00043782837127845885	3.416584099217602e-05	0.0	0.0	0.0	0.0	0.0025673940949935813	0.0	0.0	0.0	0.0	0.0	0.0	0.0	0.0	0.0	0.00026232948583420777	5.077173030056864e-05	0.0	0.0005284015852047556	0.0	0.0001430257088711696
bs	0.0013297872340425532	1.0	0.0	0.0	0.0010964912280701754	4.437935472418231e-05	0.001692047377326565	2.451976292892071e-05	6.206168931918326e-05	7.905763301446754e-05	0.0	0.0	0.0007380073800738007	0.0010166045408336157	8.445375312478886e-05	0.00014135274577708673	0.0008222557215293956	0.0008176614881439084	0.0004784688995215311	0.0013812154696132596	0.001949317738791423	0.0006227425582264292	0.00020026702269692923	6.37551801083838e-05	0.0005022601707684581	0.00012129193235375658	0.00034258307639602604	0.0	0.0002767783005812344	0.0002231644722160232	0.0004421083656727416	0.0	0.0002244668911335578	0.0	0.00024447316033946847
ceb	0.0	0.0	1.0	0.0	0.0	0.0	0.0	0.0	0.0	0.0	0.0	0.0	0.0	0.0	0.0	0.0	0.0	0.0	0.0	0.0	0.0	0.0	0.0	0.0	0.0	0.0	0.0	0.0	0.0	0.0	0.0	0.0	0.0	0.0	0.0
ckb	0.0	0.0	0.0	1.0	0.0	0.0	0.0	0.0	0.0	2.0030446278343083e-05	0.0	0.0	0.0	0.0	0.0	0.0	0.0	0.0	0.0	0.0012919896640826874	0.0	0.0	0.0	0.0	0.0	0.0	0.0	0.0	0.0	0.0	0.0	0.0	0.0	0.0	0.0
da	0.0	0.0010964912280701754	0.0	0.0	1.0	0.00017441353449027645	0.0	2.7983084225585632e-05	0.0	0.00019610150213750636	0.0002803476310625175	0.0014571948998178506	0.0016072002571520412	0.0008941877794336811	0.00016777678975890475	0.0001742099578411902	0.0007791195948578107	0.0	0.0008022462896109105	0.0	0.0	0.0005929088106249259	0.000260027302866801	0.0001475081656305974	0.0004175365344467641	0.00020650135086300358	0.0009033423667570009	0.0	0.0007471980074719801	0.0006143764079459349	0.00028896166441918705	0.0	0.0	0.0	0.00030997072498708454
de	0.0	4.437935472418231e-05	0.0	0.0	0.00017441353449027645	1.0	0.00016619577862722287	0.0005547705371157806	0.0007258259630635232	0.0009770804835152564	0.0005030542579949694	4.263301500682128e-05	0.00020991645325160586	0.000166237220513673	0.0011841547627951038	0.0009723291334116598	0.000810087348548887	0.00013433036313974836	0.0001293103448275862	8.865248226950355e-05	9.034239768723462e-05	0.00041188988810324706	0.0007763329359248066	0.0012925589730031432	0.00030306966272676105	0.0010158601160620182	0.0001248491406217487	9.090495886550612e-05	0.0001617992071838848	0.000547302580140735	0.0007237984944991314	0.0	0.0003912669222943892	0.0	0.001207437816952427
el	0.0004366812227074236	0.001692047377326565	0.0	0.0	0.0	0.00016619577862722287	1.0	0.00010452998094070014	0.00022665457842248413	0.00028778082612282484	0.0009682885499878964	0.0012893243940175349	0.0007063809748057452	0.0011143302874972142	0.0002799275481640046	0.000536480686695279	0.0010190217391304348	0.0	0.001932633903920486	0.0010050251256281408	0.0003898635477582846	0.0009411272613196695	0.00012107270415884738	0.0005147104239155052	0.0014184397163120568	0.0003714020427112349	0.0006734006734006734	0.0	0.001165954139137194	0.0008312551953449709	0.0008224435712327515	0.0	0.000667779632721202	0.0	0.0006631739505272233
en	0.0	2.451976292892071e-05	0.0	0.0	2.7983084225585632e-05	0.0005547705371157806	0.00010452998094070014	1.0	0.00048660665184627227	0.001298487591066166	0.00022701085180662804	5.237448454778124e-05	8.020700381506357e-05	0.00010453216628977013	0.0016573779580403257	0.0009516973538327448	0.00022313229685520772	2.1031452537269487e-05	6.640083035985755e-05	2.4517358289669085e-05	0.0	0.00028765251576096074	0.00042150900222797614	0.0014789588613528996	1.7479095002377157e-05	0.0015413377405043632	0.0001045445516606902	1.0527904210108893e-05	0.00012167649349204583	0.0001802432590754214	0.0006409413620825664	3.5100281504257663e-06	0.0001317217066973555	0.0	0.001136530987277256
es	0.0	6.206168931918326e-05	0.0	0.0	0.0	0.0007258259630635232	0.00022665457842248413	0.00048660665184627227	1.0	0.0007510384255782229	0.0007473841554559044	0.00011740534194305841	0.00022988505747126436	0.0002834306445212856	0.0013549951897670763	0.0012342516476095107	0.0005913929578746247	0.0	0.00011918240867647935	0.00012391573729863693	0.0	0.0006604728985953943	0.0007081675322047616	0.0014433758777833638	0.00011988970147464332	0.0010783459831612127	0.0003407929115074406	6.417661404184315e-05	0.00027320911425605157	0.00020865936358894105	0.001056508951771794	0.0	0.0002089427496865859	0.0	0.0012940197800166374
fr	0.0	7.905763301446754e-05	0.0	2.0030446278343083e-05	0.00019610150213750636	0.0009770804835152564	0.00028778082612282484	0.001298487591066166	0.0007510384255782229	1.0	0.0005010557961418703	0.00017470978763054704	0.00019275250578257516	0.00013429256594724222	0.0022655397532873444	0.0015770831717469428	0.0007264351523742027	0.00011905706802127153	0.00021460064770377306	5.925925925925926e-05	9.959960956953049e-05	0.0007696613490064372	0.0008579540136648676	0.002312162809590268	0.0002150159307257765	0.0020435137187262723	0.0003264146233751272	0.0	0.00026526204100193264	0.0004474606607502424	0.001670795644408596	1.999720039194513e-05	0.0004476776720761052	0.0	0.0018281064936402493
he	0.0001649620587264929	0.0	0.0	0.0	0.0002803476310625175	0.0005030542579949694	0.0009682885499878964	0.00022701085180662804	0.0007473841554559044	0.0005010557961418703	1.0	0.0013080444735120995	0.0008733624454148472	0.0002420721374969741	0.0009463526637500388	0.0011318282003931614	0.001747279803033913	0.00045934772622875517	0.0016240357287860333	0.0005920663114268798	0.0006315124723713293	0.0009000900090009	0.0005916868004536266	0.0009748265382189346	0.0006852131012744963	0.0009210589001286307	0.0009729992702505473	0.00016129032258064516	0.0006727965911639381	0.0008176614881439084	0.0018338600803776972	0.0	0.0015383037637165418	0.0	0.0013863079963425066
hi	0.0	0.0	0.0	0.0	0.0014571948998178506	4.263301500682128e-05	0.0012893243940175349	5.237448454778124e-05	0.00011740534194305841	0.00017470978763054704	0.0013080444735120995	1.0	0.0008259911894273128	0.0010327911179963851	0.000249513448774889	0.00023957834211787255	0.0012171372930866603	0.0013992537313432835	0.0006640106241699867	0.0012658227848101266	0.001026167265264238	0.00033504578959124413	0.00012575452716297788	0.00035443249103494286	0.0010302197802197802	0.0002217332719302734	0.001041938004688721	0.0022099447513812156	0.0011032656663724624	0.0007406035919274209	0.0006580493537015277	0.0	0.0001859427296392711	0.0	0.0005415101363928656
hu	0.0	0.0007380073800738007	0.0	0.0	0.0016072002571520412	0.00020991645325160586	0.0007063809748057452	8.020700381506357e-05	0.00022988505747126436	0.00019275250578257516	0.0008733624454148472	0.0008259911894273128	1.0	0.0011795234725171032	0.0001322510786728604	0.0005748098055790363	0.0009318578916715201	0.0003979307600477517	0.0011844832691738228	0.0010960906101571063	0.001728608470181504	0.00042918454935622315	0.0003073518564052127	0.00022756894304569998	0.0018315018315018315	0.0004408049777054406	0.0011890606420927466	0.00045871559633027525	0.000612119975515201	0.0008670019074041963	0.0006006561012798596	0.0	0.000870928409684724	0.0	0.0007690507239107901
id	0.00043782837127845885	0.0010166045408336157	0.0	0.0	0.0008941877794336811	0.000166237220513673	0.0011143302874972142	0.00010453216628977013	0.0002834306445212856	0.00013429256594724222	0.0002420721374969741	0.0010327911179963851	0.0011795234725171032	1.0	0.00029642804209278195	0.0005701445484119797	0.0009063101846607002	0.0003629764065335753	0.0013819789939192924	0.0006711409395973154	0.0007818608287724785	0.0005229578495973225	0.0001816860465116279	0.00037058387548381783	0.0008520306731042318	0.0003545500590916765	0.00044943820224719103	0.0	0.0007779074290159471	0.0009986684420772304	0.0005482957141551677	0.000847457627118644	0.0006684491978609625	0.0	0.0005305743467303355
it	3.416584099217602e-05	8.445375312478886e-05	0.0	0.0	0.00016777678975890475	0.0011841547627951038	0.0002799275481640046	0.0016573779580403257	0.0013549951897670763	0.0022655397532873444	0.0009463526637500388	0.000249513448774889	0.0001322510786728604	0.00029642804209278195	1.0	0.0020019320972566547	0.0006302940859967102	5.084056399132321e-05	0.000150328216606257	0.00015195515634497197	6.801448708574926e-05	0.0008362983912660037	0.0011694297310311619	0.002907949990912656	0.0001003797701303264	0.002438706877847689	0.00032955987278988913	3.408548639989093e-05	0.0004236252545824847	0.0004498642373997847	0.0017303699146350843	0.0	0.0003857342612385284	0.0	0.0022729644791316347
ja	0.0	0.00014135274577708673	0.0	0.0	0.0001742099578411902	0.0009723291334116598	0.000536480686695279	0.0009516973538327448	0.0012342516476095107	0.0015770831717469428	0.0011318282003931614	0.00023957834211787255	0.0005748098055790363	0.0005701445484119797	0.0020019320972566547	1.0	0.0021107560610946615	0.00014234875444839857	0.0005871382192443186	0.0003177853889340066	0.00014334862385321102	0.0012905446098253463	0.0011479134281956237	0.0022909352166899377	0.0004158004158004158	0.0023459437684387628	0.0006379906651892146	7.202275919190464e-05	0.000689134643783021	0.0006700488178424428	0.0023549379442028215	7.218131947451999e-05	0.000862371841962375	0.0	0.0032526201662450307
ko	0.0	0.0008222557215293956	0.0	0.0	0.0007791195948578107	0.000810087348548887	0.0010190217391304348	0.00022313229685520772	0.0005913929578746247	0.0007264351523742027	0.001747279803033913	0.0012171372930866603	0.0009318578916715201	0.0009063101846607002	0.0006302940859967102	0.0021107560610946615	1.0	0.0002815711671124877	0.0008788449466415569	0.0005459260270233384	0.0005792903692976104	0.0007911392405063291	0.0008634750071956251	0.0014945138100643208	0.000508323802262041	0.0008812791136850056	0.0011375270162666364	0.0001476886722788362	0.0014766374854973104	0.0007725736359246741	0.0020233641291898907	0.0	0.0013561949045820013	0.0	0.00229371116659892
lv	0.0	0.0008176614881439084	0.0	0.0	0.0	0.00013433036313974836	0.0	2.1031452537269487e-05	0.0	0.00011905706802127153	0.00045934772622875517	0.0013992537313432835	0.0003979307600477517	0.0003629764065335753	5.084056399132321e-05	0.00014234875444839857	0.0002815711671124877	1.0	0.0010576414595452142	0.0016	0.0	0.0	0.0	6.402458544080927e-05	0.0005577244841048522	0.00013909898631613723	0.0003675119441381845	0.002894356005788712	0.00029282576866764275	0.0	0.0002975895248487253	0.0	0.00046992481203007516	0.0	0.00021100014066676045
mk	0.0	0.0004784688995215311	0.0	0.0	0.0008022462896109105	0.0001293103448275862	0.001932633903920486	6.640083035985755e-05	0.00011918240867647935	0.00021460064770377306	0.0016240357287860333	0.0006640106241699867	0.0011844832691738228	0.0013819789939192924	0.000150328216606257	0.0005871382192443186	0.0008788449466415569	0.0010576414595452142	1.0	0.0014177693761814746	0.0005896226415094339	0.00045982296815725947	0.0002556237218813906	0.00023053063961773828	0.00037593984962406017	0.00023983280227498545	0.0008365867261572784	0.0006414368184733803	0.0014028524666822538	0.0013608087091757388	0.0004756242568370987	0.0	0.001172103926548154	0.0	0.0007170172084130019
ml	0.0025673940949935813	0.0013812154696132596	0.0	0.0012919896640826874	0.0	8.865248226950355e-05	0.0010050251256281408	2.4517358289669085e-05	0.00012391573729863693	5.925925925925926e-05	0.0005920663114268798	0.0012658227848101266	0.0010960906101571063	0.0006711409395973154	0.00015195515634497197	0.0003177853889340066	0.0005459260270233384	0.0016	0.0014177693761814746	1.0	0.0	0.00024813895781637717	0.0001332533813045506	0.00016993075321806365	0.001487357461576599	0.00020784619381657575	0.0010186757215619694	0.0010893246187363835	0.0010995052226498076	0.00044365572315882877	0.0002942907592701589	0.0011668611435239206	0.0004462293618920125	0.0	0.00034894270360806757
mr	0.0	0.001949317738791423	0.0	0.0	0.0	9.034239768723462e-05	0.0003898635477582846	0.0	0.0	9.959960956953049e-05	0.0006315124723713293	0.001026167265264238	0.001728608470181504	0.0007818608287724785	6.801448708574926e-05	0.00014334862385321102	0.0005792903692976104	0.0	0.0005896226415094339	0.0	1.0	0.0	0.0	8.572653236176597e-05	0.0018808777429467085	5.233592686926486e-05	0.0	0.00404040404040404	0.0006215040397762585	0.00024467824810374357	5.0072605277652595e-05	0.0022988505747126436	0.0002462447672986949	0.0	0.00010622101051588004
nl	0.0	0.0006227425582264292	0.0	0.0	0.0005929088106249259	0.00041188988810324706	0.0009411272613196695	0.00028765251576096074	0.0006604728985953943	0.0007696613490064372	0.0009000900090009	0.00033504578959124413	0.00042918454935622315	0.0005229578495973225	0.0008362983912660037	0.0012905446098253463	0.0007911392405063291	0.0	0.00045982296815725947	0.00024813895781637717	0.0	1.0	0.000463284688441047	0.0008764895660444212	0.0003487966515521451	0.0007934038581207219	0.000524824183898394	0.00013329778725673153	0.00029345593270077276	0.0004508972855983407	0.0010761067201009314	0.0	0.00036153289949385393	0.0	0.001249715973642354
pl	0.0	0.00020026702269692923	0.0	0.0	0.000260027302866801	0.0007763329359248066	0.00012107270415884738	0.00042150900222797614	0.0007081675322047616	0.0008579540136648676	0.0005916868004536266	0.00012575452716297788	0.0003073518564052127	0.0001816860465116279	0.0011694297310311619	0.0011479134281956237	0.0008634750071956251	0.0	0.0002556237218813906	0.0001332533813045506	0.0	0.000463284688441047	1.0	0.0010072987879388355	0.00019292604501607716	0.0009127290598890683	0.00012136658777838462	0.0001384083044982699	0.0005242922055225446	0.00022174178169521593	0.0008850340738118418	0.0	0.0005553395901593825	0.0	0.0014475557664926436
pt	0.0	6.37551801083838e-05	0.0	0.0	0.0001475081656305974	0.0012925589730031432	0.0005147104239155052	0.0014789588613528996	0.0014433758777833638	0.002312162809590268	0.0009748265382189346	0.00035443249103494286	0.00022756894304569998	0.00037058387548381783	0.002907949990912656	0.0022909352166899377	0.0014945138100643208	6.402458544080927e-05	0.00023053063961773828	0.00016993075321806365	8.572653236176597e-05	0.0008764895660444212	0.0010072987879388355	1.0	0.000399084206767628	0.0030667999495336716	0.000309017119548423	2.1493358552207367e-05	0.000609508329947176	0.0005989458552946814	0.002171305364490806	0.0	0.0006392329204954055	0.0	0.0032145654933952834
ro	0.0	0.0005022601707684581	0.0	0.0	0.0004175365344467641	0.00030306966272676105	0.0014184397163120568	1.7479095002377157e-05	0.00011988970147464332	0.0002150159307257765	0.0006852131012744963	0.0010302197802197802	0.0018315018315018315	0.0008520306731042318	0.0001003797701303264	0.0004158004158004158	0.000508323802262041	0.0005577244841048522	0.00037593984962406017	0.001487357461576599	0.0018808777429467085	0.0003487966515521451	0.00019292604501607716	0.000399084206767628	1.0	0.00015442690459849004	0.0005733944954128441	0.00205761316872428	0.0011964584828906438	0.0005941770647653001	0.0005256869772998805	0.0	0.0001990049751243781	0.0	0.0007194491075405118
ru	0.0	0.00012129193235375658	0.0	0.0	0.00020650135086300358	0.0010158601160620182	0.0003714020427112349	0.0015413377405043632	0.0010783459831612127	0.0020435137187262723	0.0009210589001286307	0.0002217332719302734	0.0004408049777054406	0.0003545500590916765	0.002438706877847689	0.0023459437684387628	0.0008812791136850056	0.00013909898631613723	0.00023983280227498545	0.00020784619381657575	5.233592686926486e-05	0.0007934038581207219	0.0009127290598890683	0.0030667999495336716	0.00015442690459849004	1.0	0.0002702657049711998	1.7486491685173203e-05	0.00023373457769170408	0.0005432456458038389	0.0018295153091227475	1.75051640233869e-05	0.0006258749897060035	0.0	0.0023839027556499678
sh	0.0	0.00034258307639602604	0.0	0.0	0.0009033423667570009	0.0001248491406217487	0.0006734006734006734	0.0001045445516606902	0.0003407929115074406	0.0003264146233751272	0.0009729992702505473	0.001041938004688721	0.0011890606420927466	0.00044943820224719103	0.00032955987278988913	0.0006379906651892146	0.0011375270162666364	0.0003675119441381845	0.0008365867261572784	0.0010186757215619694	0.0	0.000524824183898394	0.00012136658777838462	0.000309017119548423	0.0005733944954128441	0.0002702657049711998	1.0	0.0012573344509639564	0.0007830853563038371	0.0013395847287340924	0.000686530275985171	0.0	0.0008404773911581779	0.0	0.0009631671593211332
si	0.0	0.0	0.0	0.0	0.0	9.090495886550612e-05	0.0	1.0527904210108893e-05	6.417661404184315e-05	0.0	0.00016129032258064516	0.0022099447513812156	0.00045871559633027525	0.0	3.408548639989093e-05	7.202275919190464e-05	0.0001476886722788362	0.002894356005788712	0.0006414368184733803	0.0010893246187363835	0.00404040404040404	0.00013329778725673153	0.0001384083044982699	2.1493358552207367e-05	0.00205761316872428	1.7486491685173203e-05	0.0012573344509639564	1.0	0.0006491398896462187	0.00025316455696202533	5.041847332862761e-05	0.0	0.0005098139179199592	0.0	0.00017791061770566468
simple	0.0	0.0002767783005812344	0.0	0.0	0.0007471980074719801	0.0001617992071838848	0.001165954139137194	0.00012167649349204583	0.00027320911425605157	0.00026526204100193264	0.0006727965911639381	0.0011032656663724624	0.000612119975515201	0.0007779074290159471	0.0004236252545824847	0.000689134643783021	0.0014766374854973104	0.00029282576866764275	0.0014028524666822538	0.0010995052226498076	0.0006215040397762585	0.00029345593270077276	0.0005242922055225446	0.000609508329947176	0.0011964584828906438	0.00023373457769170408	0.0007830853563038371	0.0006491398896462187	1.0	0.000749737591842855	0.0007541812696863494	0.0006622516556291391	0.0015064778547755348	0.0	0.0013966026827763162
sr	0.00026232948583420777	0.0002231644722160232	0.0	0.0	0.0006143764079459349	0.000547302580140735	0.0008312551953449709	0.0001802432590754214	0.00020865936358894105	0.0004474606607502424	0.0008176614881439084	0.0007406035919274209	0.0008670019074041963	0.0009986684420772304	0.0004498642373997847	0.0006700488178424428	0.0007725736359246741	0.0	0.0013608087091757388	0.00044365572315882877	0.00024467824810374357	0.0004508972855983407	0.00022174178169521593	0.0005989458552946814	0.0005941770647653001	0.0005432456458038389	0.0013395847287340924	0.00025316455696202533	0.000749737591842855	1.0	0.0012394751463862888	0.0	0.0009322146757224664	0.0	0.0009788752407717326
sv	5.077173030056864e-05	0.0004421083656727416	0.0	0.0	0.00028896166441918705	0.0007237984944991314	0.0008224435712327515	0.0006409413620825664	0.001056508951771794	0.001670795644408596	0.0018338600803776972	0.0006580493537015277	0.0006006561012798596	0.0005482957141551677	0.0017303699146350843	0.0023549379442028215	0.0020233641291898907	0.0002975895248487253	0.0004756242568370987	0.0002942907592701589	5.0072605277652595e-05	0.0010761067201009314	0.0008850340738118418	0.002171305364490806	0.0005256869772998805	0.0018295153091227475	0.000686530275985171	5.041847332862761e-05	0.0007541812696863494	0.0012394751463862888	1.0	0.0	0.0011551790527531767	0.0	0.002845160066597821
te	0.0	0.0	0.0	0.0	0.0	0.0	0.0	3.5100281504257663e-06	0.0	1.999720039194513e-05	0.0	0.0	0.0	0.000847457627118644	0.0	7.218131947451999e-05	0.0	0.0	0.0	0.0011668611435239206	0.0022988505747126436	0.0	0.0	0.0	0.0	1.75051640233869e-05	0.0	0.0	0.0006622516556291391	0.0	0.0	1.0	0.0	0.0	7.131141695785496e-05
vi	0.0005284015852047556	0.0002244668911335578	0.0	0.0	0.0	0.0003912669222943892	0.000667779632721202	0.0001317217066973555	0.0002089427496865859	0.0004476776720761052	0.0015383037637165418	0.0001859427296392711	0.000870928409684724	0.0006684491978609625	0.0003857342612385284	0.000862371841962375	0.0013561949045820013	0.00046992481203007516	0.001172103926548154	0.0004462293618920125	0.0002462447672986949	0.00036153289949385393	0.0005553395901593825	0.0006392329204954055	0.0001990049751243781	0.0006258749897060035	0.0008404773911581779	0.0005098139179199592	0.0015064778547755348	0.0009322146757224664	0.0011551790527531767	0.0	1.0	0.0	0.0011695167051237476
war	0.0	0.0	0.0	0.0	0.0	0.0	0.0	0.0	0.0	0.0	0.0	0.0	0.0	0.0	0.0	0.0	0.0	0.0	0.0	0.0	0.0	0.0	0.0	0.0	0.0	0.0	0.0	0.0	0.0	0.0	0.0	0.0	0.0	1.0	0.0
zh	0.0001430257088711696	0.00024447316033946847	0.0	0.0	0.00030997072498708454	0.001207437816952427	0.0006631739505272233	0.001136530987277256	0.0012940197800166374	0.0018281064936402493	0.0013863079963425066	0.0005415101363928656	0.0007690507239107901	0.0005305743467303355	0.0022729644791316347	0.0032526201662450307	0.00229371116659892	0.00021100014066676045	0.0007170172084130019	0.00034894270360806757	0.00010622101051588004	0.001249715973642354	0.0014475557664926436	0.0032145654933952834	0.0007194491075405118	0.0023839027556499678	0.0009631671593211332	0.00017791061770566468	0.0013966026827763162	0.0009788752407717326	0.002845160066597821	7.131141695785496e-05	0.0011695167051237476	0.0	1.0
