arz	bs	ceb	ckb	da	de	el	en	es	fr	he	hi	hu	id	it	ja	ko	lv	mk	ml	mr	nl	pl	pt	ro	ru	sh	si	simple	sr	sv	te	vi	war	zh
arz	1.0	1.0	0.0	1.0	1.0	1.0	1.0	1.0	1.0	1.0	1.0	1.0	1.0	1.0	1.0	1.0	1.0	1.0	1.0	1.0	1.0	1.0	1.0	1.0	1.0	1.0	1.0	1.0	1.0	1.0	1.0	1.0	0.585786437626905	1.0	1.0
bs	1.0	1.0	1.0	0.5	0.2590787070926852	0.20521309615767264	0.3660254037844386	0.2025519956555797	0.18660549686337075	0.18660549686337075	0.2612038749637414	0.3660254037844386	0.2402530733520421	0.16340491692975362	0.16996263364682326	0.252650308587072	0.20521309615767264	0.34833147735478825	0.34833147735478825	0.3660254037844386	1.0	0.2204812092115424	0.2309914769493914	0.18660549686337075	0.22772999919644132	0.2222222222222222	0.23800671553691075	1.0	0.252650308587072	0.2474401533514073	0.3660254037844386	1.0	0.2372732414640341	0.40453726661826384	0.2612038749637414
ceb	0.0	1.0	1.0	1.0	1.0	1.0	1.0	1.0	1.0	1.0	1.0	1.0	1.0	1.0	1.0	1.0	1.0	1.0	1.0	1.0	1.0	1.0	1.0	1.0	1.0	1.0	1.0	1.0	1.0	1.0	1.0	1.0	1.0	1.0	1.0
ckb	1.0	0.5	1.0	1.0	0.4364916731037085	1.0	1.0	1.0	1.0	1.0	1.0	1.0	0.585786437626905	0.39564392373896	0.44948974278317805	1.0	1.0	0.585786437626905	1.0	1.0	1.0	1.0	0.585786437626905	1.0	1.0	1.0	1.0	1.0	1.0	0.585786437626905	0.5	1.0	0.585786437626905	0.585786437626905	1.0
da	1.0	0.2590787070926852	1.0	0.4364916731037085	1.0	0.12171293628377122	0.2742918851774318	0.10357871343909011	0.11917646830899378	0.10120128003853257	0.171310475400854	0.32449979983983984	0.28133685361327354	0.11681818152771051	0.09918229329756172	0.14459058185587106	0.14518338349164053	0.25355482027512377	0.38742588672279304	0.3660254037844386	0.5	0.145663213157068	0.10681369417934991	0.12994151655209632	0.12957539764922837	0.11953915363996465	0.14034892870142554	0.585786437626905	0.2197793816881903	0.13466360285589854	0.15366066852679086	0.585786437626905	0.1740003841680519	0.40453726661826384	0.17253779651421453
de	1.0	0.20521309615767264	1.0	1.0	0.12171293628377122	1.0	0.5	0.05442948097268441	0.0902957297493029	0.07100049486564894	0.2958163163244893	0.585786437626905	0.26968623182294527	0.03958566749706604	0.030292977150504795	0.14135200611128068	0.2958163163244893	0.4142135623730951	1.0	1.0	1.0	0.08878437674372086	0.06666586335084622	0.08803387665450187	0.11681063765238879	0.16139047779640892	0.04529546429033767	1.0	0.13525657495353507	0.07950130625195748	0.11714296545818474	1.0	0.09708231133180277	0.4364916731037085	0.26533119314590375
el	1.0	0.3660254037844386	1.0	1.0	0.2742918851774318	0.5	1.0	0.32449979983983984	0.5	0.36602540378443865	1.0	1.0	0.3430703308172536	0.1951941016011038	0.1876127897984334	1.0	1.0	0.44948974278317805	1.0	1.0	1.0	0.28989794855663564	0.2097188436578299	0.5	0.24336073281110826	1.0	0.2708131845707603	1.0	0.36602540378443865	0.38742588672279304	0.32449979983983984	1.0	0.39564392373896007	0.4364916731037085	1.0
en	1.0	0.2025519956555797	1.0	1.0	0.10357871343909011	0.05442948097268441	0.32449979983983984	1.0	0.04693850316947714	0.04293004598878165	0.3288130902060995	0.585786437626905	0.23727324146403408	0.03227281094982679	0.016092074599405308	0.10619934293988158	0.2402530733520421	0.34833147735478825	0.44948974278317805	0.585786437626905	0.585786437626905	0.06202825873334489	0.03392749055256643	0.06872303689493162	0.05786295070439922	0.14285714285714285	0.02184494065936185	1.0	0.12417165107349624	0.04347393554940674	0.10568949462496419	1.0	0.07077425689979965	0.4364916731037085	0.16760090740494846
es	1.0	0.18660549686337075	1.0	1.0	0.11917646830899378	0.0902957297493029	0.5	0.04693850316947714	1.0	0.08082186295293073	0.3288130902060995	0.5	0.25	0.03896988924600468	0.036241404442161576	0.10676232268609791	0.32449979983983984	0.3660254037844386	1.0	1.0	1.0	0.08142981522913646	0.0570204251821019	0.09132524868434898	0.10069257708652254	0.11741708448984602	0.0681449164291434	1.0	0.18311860342005779	0.08487335640038406	0.1454372087415689	1.0	0.10256827719182371	0.4364916731037085	0.16778977572266515
fr	1.0	0.18660549686337075	1.0	1.0	0.10120128003853257	0.07100049486564894	0.36602540378443865	0.04293004598878165	0.08082186295293073	1.0	0.2372732414640341	0.5	0.2372732414640341	0.03421438803339751	0.02388465516400969	0.07543975174184198	0.19707113830081235	0.34833147735478825	0.39564392373896007	0.5	1.0	0.06357108650570632	0.03327794650705204	0.07317430597965649	0.08379095976067165	0.10947758917557474	0.03075351599208507	0.585786437626905	0.1975496259559987	0.0758086176046321	0.1097859053299371	1.0	0.1132302776184611	0.4364916731037085	0.13594160997026095
he	1.0	0.2612038749637414	1.0	1.0	0.171310475400854	0.2958163163244893	1.0	0.3288130902060995	0.3288130902060995	0.2372732414640341	1.0	0.3797958971132712	0.3090169943749474	0.07982282965016302	0.16039776255003638	0.3597752501562547	0.3797958971132712	0.4142135623730951	1.0	1.0	1.0	0.18212510583143446	0.12585954171906524	0.28989794855663564	0.20521309615767264	0.3797958971132712	0.17820294217791136	1.0	0.2474401533514073	0.22105656221702155	0.2303268468157938	1.0	0.19160741797296413	0.4364916731037085	0.3797958971132712
hi	1.0	0.3660254037844386	1.0	1.0	0.32449979983983984	0.585786437626905	1.0	0.585786437626905	0.5	0.5	0.3797958971132712	1.0	0.36602540378443865	0.09932807531109805	0.23166247903554	1.0	1.0	0.44948974278317805	1.0	1.0	1.0	0.3333333333333333	0.2211722256431405	0.585786437626905	0.4142135623730951	1.0	0.3090169943749474	1.0	0.3333333333333333	0.38742588672279304	0.3430703308172536	1.0	0.28436465220442186	0.585786437626905	1.0
hu	1.0	0.2402530733520421	1.0	0.585786437626905	0.28133685361327354	0.26968623182294527	0.3430703308172536	0.23727324146403408	0.25	0.2372732414640341	0.3090169943749474	0.36602540378443865	1.0	0.2063099139372659	0.21498516621900873	0.2958163163244893	0.30216947925196225	0.44948974278317805	0.44948974278317805	0.3430703308172536	1.0	0.23156573164840064	0.1975496259559987	0.2553967929896867	0.25355482027512377	0.2958163163244893	0.2632403810669918	1.0	0.2928060946961875	0.28172904669025317	0.2216368750839041	0.585786437626905	0.24399845080999227	0.3797958971132712	0.2791745113185196
id	1.0	0.16340491692975362	1.0	0.39564392373896	0.11681818152771051	0.03958566749706604	0.1951941016011038	0.03227281094982679	0.03896988924600468	0.03421438803339751	0.07982282965016302	0.09932807531109805	0.2063099139372659	1.0	0.05472406177844539	0.04327714778612522	0.06432325373587154	0.20686554033110677	0.31451985913875646	0.2791745113185196	0.3090169943749474	0.052468711366536226	0.05076235438310916	0.036026626014057005	0.09427925494516874	0.06554550026889124	0.07745720724064852	0.31451985913875646	0.09974789196340739	0.05735982444687918	0.10118162094420129	0.4364916731037085	0.07043517709011697	0.25577058647848566	0.0538465747873455
it	1.0	0.16996263364682326	1.0	0.44948974278317805	0.09918229329756172	0.030292977150504795	0.1876127897984334	0.016092074599405308	0.036241404442161576	0.02388465516400969	0.16039776255003638	0.23166247903554	0.21498516621900873	0.05472406177844539	1.0	0.02934273192847224	0.13009189200612356	0.28172904669025317	0.3430703308172536	0.38742588672279304	1.0	0.0382207782922611	0.05123184490099113	0.042504551154915554	0.08724407278990609	0.047406823472074026	0.05468022681294386	1.0	0.19063538048526726	0.0682624889847109	0.09013540597877667	0.585786437626905	0.11378012788321701	0.40453726661826384	0.06364541461799043
ja	1.0	0.252650308587072	1.0	1.0	0.14459058185587106	0.14135200611128068	1.0	0.10619934293988158	0.10676232268609791	0.07543975174184198	0.3597752501562547	1.0	0.2958163163244893	0.04327714778612522	0.02934273192847224	1.0	1.0	0.38742588672279304	1.0	1.0	1.0	0.07009428092240914	0.05249891449795846	0.11218262957078425	0.08899024194273393	0.585786437626905	0.05784005913175594	1.0	0.17161467957214657	0.10210398216832245	0.14732056773523425	1.0	0.09212173391119388	0.4364916731037085	1.0
ko	1.0	0.20521309615767264	1.0	1.0	0.14518338349164053	0.2958163163244893	1.0	0.2402530733520421	0.32449979983983984	0.19707113830081235	0.3797958971132712	1.0	0.30216947925196225	0.06432325373587154	0.13009189200612356	1.0	1.0	0.38742588672279304	1.0	1.0	1.0	0.16308953050448227	0.14201473202245876	0.4142135623730951	0.13780890217571676	1.0	0.13484129921095567	1.0	0.1951941016011038	0.19292728076790167	0.21393876913398135	1.0	0.1924840598000365	0.4364916731037085	1.0
lv	1.0	0.34833147735478825	1.0	0.585786437626905	0.25355482027512377	0.4142135623730951	0.44948974278317805	0.34833147735478825	0.3660254037844386	0.34833147735478825	0.4142135623730951	0.44948974278317805	0.44948974278317805	0.20686554033110677	0.28172904669025317	0.38742588672279304	0.38742588672279304	1.0	0.44948974278317805	0.5	1.0	0.34833147735478825	0.2791745113185196	0.4142135623730951	0.3660254037844386	0.38742588672279304	0.32037724101704074	1.0	0.3660254037844386	0.3090169943749474	0.3660254037844386	0.585786437626905	0.26427884169111276	0.5	0.38742588672279304
mk	1.0	0.34833147735478825	1.0	1.0	0.38742588672279304	1.0	1.0	0.44948974278317805	1.0	0.39564392373896007	1.0	1.0	0.44948974278317805	0.31451985913875646	0.3430703308172536	1.0	1.0	0.44948974278317805	1.0	1.0	1.0	0.44948974278317805	0.2989350844248255	1.0	0.38742588672279304	1.0	0.3430703308172536	1.0	0.5	0.3164309725825328	0.36602540378443865	1.0	0.36602540378443865	1.0	1.0
ml	1.0	0.3660254037844386	1.0	1.0	0.3660254037844386	1.0	1.0	0.585786437626905	1.0	0.5	1.0	1.0	0.3430703308172536	0.2791745113185196	0.38742588672279304	1.0	1.0	0.5	1.0	1.0	1.0	0.38742588672279304	0.44948974278317805	1.0	0.3430703308172536	1.0	0.4142135623730951	1.0	0.36602540378443865	0.39564392373896007	0.44948974278317805	1.0	0.39564392373896007	0.4364916731037085	1.0
mr	1.0	1.0	1.0	1.0	0.5	1.0	1.0	0.585786437626905	1.0	1.0	1.0	1.0	1.0	0.3090169943749474	1.0	1.0	1.0	1.0	1.0	1.0	1.0	1.0	0.44948974278317805	1.0	1.0	1.0	0.585786437626905	1.0	0.39564392373896007	1.0	0.585786437626905	1.0	0.4364916731037085	0.585786437626905	1.0
nl	1.0	0.2204812092115424	1.0	1.0	0.145663213157068	0.08878437674372086	0.28989794855663564	0.06202825873334489	0.08142981522913646	0.06357108650570632	0.18212510583143446	0.3333333333333333	0.23156573164840064	0.052468711366536226	0.0382207782922611	0.07009428092240914	0.16308953050448227	0.34833147735478825	0.44948974278317805	0.38742588672279304	1.0	1.0	0.06725085560383454	0.09418498397151374	0.12167134824986789	0.09279826048897659	0.0862016388198168	1.0	0.18594358782685685	0.09024947456117642	0.12910941082283192	1.0	0.11653238776371297	0.40453726661826384	0.10676232268609791
pl	1.0	0.2309914769493914	1.0	0.585786437626905	0.10681369417934991	0.06666586335084622	0.2097188436578299	0.03392749055256643	0.0570204251821019	0.03327794650705204	0.12585954171906524	0.2211722256431405	0.1975496259559987	0.05076235438310916	0.05123184490099113	0.05249891449795846	0.14201473202245876	0.2791745113185196	0.2989350844248255	0.44948974278317805	0.44948974278317805	0.06725085560383454	1.0	0.06265095590493806	0.08960266682102008	0.05829036315924428	0.05882878862816641	1.0	0.1765633506768389	0.07897126744026947	0.113556038496407	1.0	0.10991706244962389	0.40453726661826384	0.04658529837687855
pt	1.0	0.18660549686337075	1.0	1.0	0.12994151655209632	0.08803387665450187	0.5	0.06872303689493162	0.09132524868434898	0.07317430597965649	0.28989794855663564	0.585786437626905	0.2553967929896867	0.036026626014057005	0.042504551154915554	0.11218262957078425	0.4142135623730951	0.4142135623730951	1.0	1.0	1.0	0.09418498397151374	0.06265095590493806	1.0	0.10557235504369389	0.15309887413431528	0.06860149765242292	1.0	0.16952084719853722	0.1236224527626326	0.141599379761988	1.0	0.13321952658018657	0.4364916731037085	0.17826035697019474
ro	1.0	0.22772999919644132	1.0	1.0	0.12957539764922837	0.11681063765238879	0.24336073281110826	0.05786295070439922	0.10069257708652254	0.08379095976067165	0.20521309615767264	0.4142135623730951	0.25355482027512377	0.09427925494516874	0.08724407278990609	0.08899024194273393	0.13780890217571676	0.3660254037844386	0.38742588672279304	0.3430703308172536	1.0	0.12167134824986789	0.08960266682102008	0.10557235504369389	1.0	0.0955714145539151	0.10457647454731903	0.585786437626905	0.2016769885343629	0.12051734989100289	0.18305599716292306	1.0	0.13574772202052754	0.4364916731037085	0.11707474835792712
ru	1.0	0.2222222222222222	1.0	1.0	0.11953915363996465	0.16139047779640892	1.0	0.14285714285714285	0.11741708448984602	0.10947758917557474	0.3797958971132712	1.0	0.2958163163244893	0.06554550026889124	0.047406823472074026	0.585786437626905	1.0	0.38742588672279304	1.0	1.0	1.0	0.09279826048897659	0.05829036315924428	0.15309887413431528	0.0955714145539151	1.0	0.08053888551311189	1.0	0.16440202257687123	0.11681063765238879	0.14548268842493628	1.0	0.12462970693589985	0.4364916731037085	1.0
sh	1.0	0.23800671553691075	1.0	1.0	0.14034892870142554	0.04529546429033767	0.2708131845707603	0.02184494065936185	0.0681449164291434	0.03075351599208507	0.17820294217791136	0.3090169943749474	0.2632403810669918	0.07745720724064852	0.05468022681294386	0.05784005913175594	0.13484129921095567	0.32037724101704074	0.3430703308172536	0.4142135623730951	0.585786437626905	0.0862016388198168	0.05882878862816641	0.06860149765242292	0.10457647454731903	0.08053888551311189	1.0	1.0	0.1810883096060671	0.02001803064664546	0.13398755676355634	1.0	0.08142197500660048	0.49851311685382416	0.0721661884339631
si	1.0	1.0	1.0	1.0	0.585786437626905	1.0	1.0	1.0	1.0	0.585786437626905	1.0	1.0	1.0	0.31451985913875646	1.0	1.0	1.0	1.0	1.0	1.0	1.0	1.0	1.0	1.0	0.585786437626905	1.0	1.0	1.0	0.585786437626905	0.585786437626905	1.0	1.0	0.5	1.0	1.0
simple	1.0	0.252650308587072	1.0	1.0	0.2197793816881903	0.13525657495353507	0.36602540378443865	0.12417165107349624	0.18311860342005779	0.1975496259559987	0.2474401533514073	0.3333333333333333	0.2928060946961875	0.09974789196340739	0.19063538048526726	0.17161467957214657	0.1951941016011038	0.3660254037844386	0.5	0.36602540378443865	0.39564392373896007	0.18594358782685685	0.1765633506768389	0.16952084719853722	0.2016769885343629	0.16440202257687123	0.1810883096060671	0.585786437626905	1.0	0.1918253663634734	0.23166247903554	0.585786437626905	0.17639649096016832	0.4364916731037085	0.1951941016011038
sr	1.0	0.2474401533514073	1.0	0.585786437626905	0.13466360285589854	0.07950130625195748	0.38742588672279304	0.04347393554940674	0.08487335640038406	0.0758086176046321	0.22105656221702155	0.38742588672279304	0.28172904669025317	0.05735982444687918	0.0682624889847109	0.10210398216832245	0.19292728076790167	0.3090169943749474	0.3164309725825328	0.39564392373896007	1.0	0.09024947456117642	0.07897126744026947	0.1236224527626326	0.12051734989100289	0.11681063765238879	0.02001803064664546	0.585786437626905	0.1918253663634734	1.0	0.1252987373268079	1.0	0.09000651940758962	0.40453726661826384	0.13712054634769194
sv	1.0	0.3660254037844386	1.0	0.5	0.15366066852679086	0.11714296545818474	0.32449979983983984	0.10568949462496419	0.1454372087415689	0.1097859053299371	0.2303268468157938	0.3430703308172536	0.2216368750839041	0.10118162094420129	0.09013540597877667	0.14732056773523425	0.21393876913398135	0.3660254037844386	0.36602540378443865	0.44948974278317805	0.585786437626905	0.12910941082283192	0.113556038496407	0.141599379761988	0.18305599716292306	0.14548268842493628	0.13398755676355634	1.0	0.23166247903554	0.1252987373268079	1.0	1.0	0.19636040545626823	0.40453726661826384	0.15894454156034005
te	1.0	1.0	1.0	1.0	0.585786437626905	1.0	1.0	1.0	1.0	1.0	1.0	1.0	0.585786437626905	0.4364916731037085	0.585786437626905	1.0	1.0	0.585786437626905	1.0	1.0	1.0	1.0	1.0	1.0	1.0	1.0	1.0	1.0	0.585786437626905	1.0	1.0	1.0	0.4364916731037085	1.0	1.0
vi	0.585786437626905	0.2372732414640341	1.0	0.585786437626905	0.1740003841680519	0.09708231133180277	0.39564392373896007	0.07077425689979965	0.10256827719182371	0.1132302776184611	0.19160741797296413	0.28436465220442186	0.24399845080999227	0.07043517709011697	0.11378012788321701	0.09212173391119388	0.1924840598000365	0.26427884169111276	0.36602540378443865	0.39564392373896007	0.4364916731037085	0.11653238776371297	0.10991706244962389	0.13321952658018657	0.13574772202052754	0.12462970693589985	0.08142197500660048	0.5	0.17639649096016832	0.09000651940758962	0.19636040545626823	0.4364916731037085	1.0	0.4364916731037085	0.1114433448618797
war	1.0	0.40453726661826384	1.0	0.585786437626905	0.40453726661826384	0.4364916731037085	0.4364916731037085	0.4364916731037085	0.4364916731037085	0.4364916731037085	0.4364916731037085	0.585786437626905	0.3797958971132712	0.25577058647848566	0.40453726661826384	0.4364916731037085	0.4364916731037085	0.5	1.0	0.4364916731037085	0.585786437626905	0.40453726661826384	0.40453726661826384	0.4364916731037085	0.4364916731037085	0.4364916731037085	0.49851311685382416	1.0	0.4364916731037085	0.40453726661826384	0.40453726661826384	1.0	0.4364916731037085	1.0	0.4364916731037085
zh	1.0	0.2612038749637414	1.0	1.0	0.17253779651421453	0.26533119314590375	1.0	0.16760090740494846	0.16778977572266515	0.13594160997026095	0.3797958971132712	1.0	0.2791745113185196	0.0538465747873455	0.06364541461799043	1.0	1.0	0.38742588672279304	1.0	1.0	1.0	0.10676232268609791	0.04658529837687855	0.17826035697019474	0.11707474835792712	1.0	0.0721661884339631	1.0	0.1951941016011038	0.13712054634769194	0.15894454156034005	1.0	0.1114433448618797	0.4364916731037085	1.0
