arz	bs	ceb	ckb	da	de	el	en	es	fr	he	hi	hu	id	it	ja	ko	lv	mk	ml	mr	nl	pl	pt	ro	ru	sh	si	simple	sr	sv	te	tr	vi	war	zh
arz	1.0	0.07522911435049197	0.4142135623730951	1.0	0.21089672205953397	0.0	0.0	0.0	0.0	0.0	1.0	1.0	0.04654831376396245	0.24336073281110826	0.0	0.0	0.0	0.26968623182294527	1.0	1.0	1.0	0.0	0.0	0.0	0.2187841884486319	0.0	0.2989350844248255	1.0	0.14732056773523425	1.0	0.0	1.0	1.0	1.0	0.5	0.0
bs	0.07522911435049197	1.0	0.0936239836893297	0.12389934309929541	0.04157148382862379	0.0	0.0	0.0	0.0	0.0	0.047473952010328516	0.053535366360240165	0.07184297309549657	0.04222025881825976	0.0	0.0	0.0	0.04052988811260942	0.04523480521756003	0.07459793924096683	0.05772527059592829	0.0	0.0	0.0	0.039629678542914	0.0	0.04129268055742188	0.20521309615767266	0.04110170961241695	0.043624000559590835	0.0	0.2145646002858569	0.12950842716799937	0.04571506784392894	0.10473988791806368	0.0
ceb	0.4142135623730951	0.0936239836893297	1.0	0.38742588672279304	0.15751840308803614	0.0	0.0	0.0	0.0	0.0	0.3333333333333333	0.28436465220442186	0.05019970553304676	0.16760090740494846	0.0	0.0	0.0	0.20894541729001367	0.33333333333333326	0.34833147735478825	0.3090169943749474	0.0	0.0	0.0	0.14781071729030174	0.0	0.22281267964860224	0.4142135623730951	0.18660549686337075	0.33333333333333326	0.0	0.44948974278317805	-1.0	0.27429188517743175	0.3203772410170407	0.0
ckb	1.0	0.12389934309929541	0.38742588672279304	1.0	0.15511784463218828	0.0	0.0	0.0	0.0	0.0	1.0	1.0	0.04326889816096397	0.16308953050448227	0.0	0.0	0.0	0.23582845781094	1.0	1.0	1.0	0.0	0.0	0.0	0.1975496259559987	0.0	0.18740992571549211	1.0	0.15225881209433406	1.0	0.0	1.0	1.0	1.0	0.5	0.0
da	0.21089672205953397	0.04157148382862379	0.15751840308803614	0.15511784463218828	1.0	0.0	0.0	0.0	0.0	0.0	0.024479973339850386	0.030236296250210633	0.02886586643861899	0.019174572066739788	0.0	0.0	0.0	0.019186556361634494	0.02110645325638183	0.042427009143518546	0.03163265051025926	0.0	0.0	0.0	0.02369599940216372	0.0	0.027396324833953344	0.27429188517743175	0.024718794526492126	0.02336865477442933	0.0	0.25824569976124334	0.21009877287757947	0.019641131268960416	0.19382373427098679	0.0
de	0.0	0.0	0.0	0.0	0.0	1.0	1.0	0.585786437626905	1.0	1.0	0.0	0.0	0.0	0.0	1.0	1.0	1.0	0.0	0.0	0.0	0.0	0.0	0.0	1.0	0.0	1.0	0.0	0.0	0.0	0.0	1.0	0.0	0.20159054830190296	0.0	0.0	1.0
el	0.0	0.0	0.0	0.0	0.0	1.0	1.0	1.0	1.0	0.0	0.0	0.0	0.0	0.0	0.0	1.0	1.0	0.0	0.0	0.0	0.0	0.0	0.0	0.0	0.0	1.0	0.0	0.0	0.0	0.0	0.0	0.0	0.585786437626905	0.0	0.0	1.0
en	0.0	0.0	0.0	0.0	0.0	0.585786437626905	1.0	1.0	0.585786437626905	1.0	0.0	0.0	0.0	0.0	1.0	1.0	1.0	0.0	0.0	0.0	0.0	0.0	0.0	1.0	0.0	1.0	0.0	0.0	0.0	0.0	1.0	0.0	0.1444847686512171	0.0	0.0	0.585786437626905
es	0.0	0.0	0.0	0.0	0.0	1.0	1.0	0.585786437626905	1.0	1.0	0.0	0.0	0.0	0.0	1.0	1.0	1.0	0.0	0.0	0.0	0.0	0.0	0.0	1.0	0.0	1.0	0.0	0.0	0.0	0.0	1.0	0.0	0.22646721143623746	0.0	0.0	1.0
fr	0.0	0.0	0.0	0.0	0.0	1.0	0.0	1.0	1.0	1.0	0.0	0.0	0.0	0.0	1.0	0.0	0.0	0.0	0.0	0.0	0.0	0.0	0.0	1.0	0.0	0.0	0.0	0.0	0.0	0.0	1.0	0.0	0.12207359303002845	0.0	0.0	1.0
he	1.0	0.047473952010328516	0.3333333333333333	1.0	0.024479973339850386	0.0	0.0	0.0	0.0	0.0	1.0	1.0	0.017195496784201538	0.027464169016440065	0.0	0.0	0.0	0.04417471179636669	1.0	1.0	1.0	0.0	0.0	0.0	0.022778163068579205	0.0	0.07028021008806294	1.0	0.05578392602385554	0.5	0.0	1.0	1.0	0.34833147735478825	0.4142135623730951	0.0
hi	1.0	0.053535366360240165	0.28436465220442186	1.0	0.030236296250210633	0.0	0.0	0.0	0.0	0.0	1.0	1.0	0.022532480765525595	0.02101871263590569	0.0	0.0	0.0	0.09726379779047509	1.0	1.0	1.0	0.0	0.0	0.0	0.03857814096778949	0.0	0.056328161492868	1.0	0.05059062560971415	0.5	0.0	1.0	0.585786437626905	0.38742588672279304	0.4142135623730951	0.0
hu	0.04654831376396245	0.07184297309549657	0.05019970553304676	0.04326889816096397	0.02886586643861899	0.0	0.0	0.0	0.0	0.0	0.017195496784201538	0.022532480765525595	1.0	0.019868525148634568	0.0	0.0	0.0	0.01601409028628138	0.014256719131486932	0.022338169489703946	0.026847679177267242	0.0	0.0	0.0	0.02751311323919403	0.0	0.022364248985217487	0.15699405621062287	0.020887288994178153	0.018649158593371483	0.0	0.24257131419419417	0.585786437626905	0.015547365164739235	0.08381904961860041	0.0
id	0.24336073281110826	0.04222025881825976	0.16760090740494846	0.16308953050448227	0.019174572066739788	0.0	0.0	0.0	0.0	0.0	0.027464169016440065	0.02101871263590569	0.019868525148634568	1.0	0.0	0.0	0.0	0.016053403808009434	0.014387658144188731	0.043618576236124446	0.053880985644537624	0.0	0.0	0.0	0.016230945239898403	0.0	0.022315630415509134	0.3266316347104093	0.01594553646269385	0.034437196484672375	0.0	0.5	0.14923419446018063	0.01530363797477825	0.2517564787261065	0.0
it	0.0	0.0	0.0	0.0	0.0	1.0	0.0	1.0	1.0	1.0	0.0	0.0	0.0	0.0	1.0	0.0	0.0	0.0	0.0	0.0	0.0	0.0	0.0	1.0	0.0	0.0	0.0	0.0	0.0	0.0	1.0	0.0	0.20789602899809415	0.0	0.0	1.0
ja	0.0	0.0	0.0	0.0	0.0	1.0	1.0	1.0	1.0	0.0	0.0	0.0	0.0	0.0	0.0	1.0	1.0	0.0	0.0	0.0	0.0	0.0	0.0	0.0	0.0	1.0	0.0	0.0	0.0	0.0	0.0	0.0	0.2958163163244893	0.0	0.0	1.0
ko	0.0	0.0	0.0	0.0	0.0	1.0	1.0	1.0	1.0	0.0	0.0	0.0	0.0	0.0	0.0	1.0	1.0	0.0	0.0	0.0	0.0	0.0	0.0	0.0	0.0	1.0	0.0	0.0	0.0	0.0	0.0	0.0	0.44948974278317805	0.0	0.0	1.0
lv	0.26968623182294527	0.04052988811260942	0.20894541729001367	0.23582845781094	0.019186556361634494	0.0	0.0	0.0	0.0	0.0	0.04417471179636669	0.09726379779047509	0.01601409028628138	0.016053403808009434	0.0	0.0	0.0	1.0	0.03396713665846308	0.08986538326169398	0.09336354457715083	0.0	0.0	0.0	0.01816311390175206	0.0	0.04866984105689557	0.585786437626905	0.020903320604514986	0.05343018090602873	0.0	0.5	0.2857142857142857	0.029864715649420465	0.34833147735478825	0.0
mk	1.0	0.04523480521756003	0.33333333333333326	1.0	0.02110645325638183	0.0	0.0	0.0	0.0	0.0	1.0	1.0	0.014256719131486932	0.014387658144188731	0.0	0.0	0.0	0.03396713665846308	1.0	1.0	1.0	0.0	0.0	0.0	0.01731828077602273	0.0	0.031979450699780025	1.0	0.01954194579299923	0.4142135623730951	0.0	1.0	1.0	0.2898979485566356	0.4142135623730951	0.0
ml	1.0	0.07459793924096683	0.34833147735478825	1.0	0.042427009143518546	0.0	0.0	0.0	0.0	0.0	1.0	1.0	0.022338169489703946	0.043618576236124446	0.0	0.0	0.0	0.08986538326169398	1.0	1.0	1.0	0.0	0.0	0.0	0.05221350033689908	0.0	0.0954949079178794	1.0	0.07039718901943336	0.5	0.0	1.0	0.585786437626905	0.3333333333333333	0.44948974278317805	0.0
mr	1.0	0.05772527059592829	0.3090169943749474	1.0	0.03163265051025926	0.0	0.0	0.0	0.0	0.0	1.0	1.0	0.026847679177267242	0.053880985644537624	0.0	0.0	0.0	0.09336354457715083	1.0	1.0	1.0	0.0	0.0	0.0	0.05503655828818177	0.0	0.08563786063744523	1.0	0.06025376247877078	0.585786437626905	0.0	1.0	1.0	0.5	0.44948974278317805	0.0
nl	0.0	0.0	0.0	0.0	0.0	0.0	0.0	0.0	0.0	0.0	0.0	0.0	0.0	0.0	0.0	0.0	0.0	0.0	0.0	0.0	0.0	1.0	0.0	0.0	0.0	0.0	0.0	0.0	0.0	0.0	0.0	0.0	0.0685766214687732	0.0	0.0	0.0
pl	0.0	0.0	0.0	0.0	0.0	0.0	0.0	0.0	0.0	0.0	0.0	0.0	0.0	0.0	0.0	0.0	0.0	0.0	0.0	0.0	0.0	0.0	0.0	0.0	0.0	0.0	0.0	0.0	0.0	0.0	0.0	0.0	0.22772999919644132	0.0	0.0	0.0
pt	0.0	0.0	0.0	0.0	0.0	1.0	0.0	1.0	1.0	1.0	0.0	0.0	0.0	0.0	1.0	0.0	0.0	0.0	0.0	0.0	0.0	0.0	0.0	1.0	0.0	0.0	0.0	0.0	0.0	0.0	1.0	0.0	0.197987232295474	0.0	0.0	1.0
ro	0.2187841884486319	0.039629678542914	0.14781071729030174	0.1975496259559987	0.02369599940216372	0.0	0.0	0.0	0.0	0.0	0.022778163068579205	0.03857814096778949	0.02751311323919403	0.016230945239898403	0.0	0.0	0.0	0.01816311390175206	0.01731828077602273	0.05221350033689908	0.05503655828818177	0.0	0.0	0.0	1.0	0.0	0.024593087660926466	0.18200213598171075	0.022627848406197325	0.02080890489299073	0.0	0.27429188517743175	0.40453726661826384	0.018243139742922215	0.20658711810431302	0.0
ru	0.0	0.0	0.0	0.0	0.0	1.0	1.0	1.0	1.0	0.0	0.0	0.0	0.0	0.0	0.0	1.0	1.0	0.0	0.0	0.0	0.0	0.0	0.0	0.0	0.0	1.0	0.0	0.0	0.0	0.0	0.0	0.0	0.21393876913398135	0.0	0.0	1.0
sh	0.2989350844248255	0.04129268055742188	0.22281267964860224	0.18740992571549211	0.027396324833953344	0.0	0.0	0.0	0.0	0.0	0.07028021008806294	0.056328161492868	0.022364248985217487	0.022315630415509134	0.0	0.0	0.0	0.04866984105689557	0.031979450699780025	0.0954949079178794	0.08563786063744523	0.0	0.0	0.0	0.024593087660926466	0.0	1.0	0.5	0.029564080629946535	0.05254658859028389	0.0	0.34833147735478825	0.3333333333333333	0.027533665781628552	0.24399845080999227	0.0
si	1.0	0.20521309615767266	0.4142135623730951	1.0	0.27429188517743175	0.0	0.0	0.0	0.0	0.0	1.0	1.0	0.15699405621062287	0.3266316347104093	0.0	0.0	0.0	0.585786437626905	1.0	1.0	1.0	0.0	0.0	0.0	0.18200213598171075	0.0	0.5	1.0	0.3164309725825328	1.0	0.0	1.0	1.0	0.5	0.585786437626905	0.0
simple	0.14732056773523425	0.04110170961241695	0.18660549686337075	0.15225881209433406	0.024718794526492126	0.0	0.0	0.0	0.0	0.0	0.05578392602385554	0.05059062560971415	0.020887288994178153	0.01594553646269385	0.0	0.0	0.0	0.020903320604514986	0.01954194579299923	0.07039718901943336	0.06025376247877078	0.0	0.0	0.0	0.022627848406197325	0.0	0.029564080629946535	0.3164309725825328	1.0	0.05318539729187834	0.0	0.2791745113185196	0.23166247903554	0.02196209299227864	0.2632403810669918	0.0
sr	1.0	0.043624000559590835	0.33333333333333326	1.0	0.02336865477442933	0.0	0.0	0.0	0.0	0.0	0.5	0.5	0.018649158593371483	0.034437196484672375	0.0	0.0	0.0	0.05343018090602873	0.4142135623730951	0.5	0.585786437626905	0.0	0.0	0.0	0.02080890489299073	0.0	0.05254658859028389	1.0	0.05318539729187834	1.0	0.0	1.0	0.3483314773547883	0.3203772410170407	0.38742588672279304	0.0
sv	0.0	0.0	0.0	0.0	0.0	1.0	0.0	1.0	1.0	1.0	0.0	0.0	0.0	0.0	1.0	0.0	0.0	0.0	0.0	0.0	0.0	0.0	0.0	1.0	0.0	0.0	0.0	0.0	0.0	0.0	1.0	0.0	0.31451985913875646	0.0	0.0	1.0
te	1.0	0.2145646002858569	0.44948974278317805	1.0	0.25824569976124334	0.0	0.0	0.0	0.0	0.0	1.0	1.0	0.24257131419419417	0.5	0.0	0.0	0.0	0.5	1.0	1.0	1.0	0.0	0.0	0.0	0.27429188517743175	0.0	0.34833147735478825	1.0	0.2791745113185196	1.0	0.0	1.0	0.585786437626905	1.0	1.0	0.0
tr	1.0	0.12950842716799937	-1.0	1.0	0.21009877287757947	0.20159054830190296	0.585786437626905	0.1444847686512171	0.22646721143623746	0.12207359303002845	1.0	0.585786437626905	0.585786437626905	0.14923419446018063	0.20789602899809415	0.2958163163244893	0.44948974278317805	0.2857142857142857	1.0	0.585786437626905	1.0	0.0685766214687732	0.22772999919644132	0.197987232295474	0.40453726661826384	0.21393876913398135	0.3333333333333333	1.0	0.23166247903554	0.3483314773547883	0.31451985913875646	0.585786437626905	1.0	0.4142135623730951	1.0	0.30216947925196225
vi	1.0	0.04571506784392894	0.27429188517743175	1.0	0.019641131268960416	0.0	0.0	0.0	0.0	0.0	0.34833147735478825	0.38742588672279304	0.015547365164739235	0.01530363797477825	0.0	0.0	0.0	0.029864715649420465	0.2898979485566356	0.3333333333333333	0.5	0.0	0.0	0.0	0.018243139742922215	0.0	0.027533665781628552	0.5	0.02196209299227864	0.3203772410170407	0.0	1.0	0.4142135623730951	1.0	0.38742588672279304	0.0
war	0.5	0.10473988791806368	0.3203772410170407	0.5	0.19382373427098679	0.0	0.0	0.0	0.0	0.0	0.4142135623730951	0.4142135623730951	0.08381904961860041	0.2517564787261065	0.0	0.0	0.0	0.34833147735478825	0.4142135623730951	0.44948974278317805	0.44948974278317805	0.0	0.0	0.0	0.20658711810431302	0.0	0.24399845080999227	0.585786437626905	0.2632403810669918	0.38742588672279304	0.0	1.0	1.0	0.38742588672279304	1.0	0.0
zh	0.0	0.0	0.0	0.0	0.0	1.0	1.0	0.585786437626905	1.0	1.0	0.0	0.0	0.0	0.0	1.0	1.0	1.0	0.0	0.0	0.0	0.0	0.0	0.0	1.0	0.0	1.0	0.0	0.0	0.0	0.0	1.0	0.0	0.30216947925196225	0.0	0.0	1.0
