arz	bs	ceb	ckb	da	de	el	en	es	fr	he	hi	hu	id	it	ja	ko	lv	mk	ml	mr	nl	pl	pt	ro	ru	sh	si	simple	sr	sv	te	vi	war	zh
arz	1.0	1.0	0.0	1.0	1.0	1.0	1.0	1.0	1.0	1.0	1.0	1.0	1.0	1.0	1.0	1.0	1.0	1.0	0.0	1.0	0.0	1.0	1.0	1.0	1.0	1.0	1.0	0.0	1.0	1.0	1.0	0.0	1.0	1.0	1.0
bs	1.0	1.0	1.0	1.0	1.0	0.5	1.0	0.38742588672279304	0.44948974278317805	0.5	0.585786437626905	1.0	0.44948974278317805	0.5	0.44948974278317805	0.585786437626905	0.585786437626905	1.0	1.0	1.0	1.0	0.585786437626905	0.3726822671238253	0.28708594921778513	1.0	0.585786437626905	0.10513459191232843	0.0	0.585786437626905	0.585786437626905	0.38742588672279304	1.0	1.0	1.0	0.585786437626905
ceb	0.0	1.0	1.0	1.0	1.0	1.0	1.0	1.0	1.0	1.0	1.0	1.0	1.0	1.0	1.0	1.0	1.0	1.0	0.0	1.0	0.0	1.0	1.0	1.0	1.0	0.0	1.0	0.0	1.0	1.0	1.0	1.0	1.0	0.0	1.0
ckb	1.0	1.0	1.0	1.0	1.0	0.585786437626905	1.0	0.5	1.0	0.585786437626905	1.0	1.0	0.44948974278317805	1.0	1.0	1.0	1.0	0.585786437626905	1.0	1.0	1.0	0.5	0.5	0.3090169943749474	0.585786437626905	1.0	0.1812698925904374	1.0	0.585786437626905	1.0	0.585786437626905	1.0	1.0	1.0	1.0
da	1.0	1.0	1.0	1.0	1.0	0.21393876913398135	0.5	0.07334454700389773	0.2632403810669918	0.17070721772550654	0.38742588672279304	0.5	0.2402530733520421	0.24179033438163736	0.2008390199171533	0.38742588672279304	0.44948974278317805	0.4364916731037085	1.0	1.0	1.0	0.23727324146403408	0.2466060555964672	0.04648004984946112	0.3244997998398398	0.38742588672279304	0.055430145919391216	1.0	0.3021694792519622	0.18163482541075254	0.2592192604530755	1.0	0.44948974278317805	1.0	0.38742588672279304
de	1.0	0.5	1.0	0.585786437626905	0.21393876913398135	1.0	0.38742588672279304	0.01613160699056193	0.07658635880025971	0.044623542018708585	0.1566130288262323	0.32449979983983984	0.18693931815255607	0.13299282904102766	0.023442925657411334	0.13864068688307518	0.1827439976315568	0.2958163163244893	0.44948974278317805	0.36602540378443865	0.585786437626905	0.07780121570702293	0.09988908055928988	0.01893285294285958	0.21498516621900873	0.12226923710236749	0.03369675550051625	1.0	0.17176743283130236	0.047578686407338935	0.09711063987225421	0.585786437626905	0.22901628833426058	1.0	0.1566130288262323
el	1.0	1.0	1.0	1.0	0.5	0.38742588672279304	1.0	0.19146256355088964	0.3164309725825328	0.36602540378443865	1.0	1.0	0.44948974278317805	0.4364916731037085	0.5	1.0	1.0	0.39564392373896007	1.0	1.0	1.0	0.3090169943749474	0.5	0.07263669959755374	0.36602540378443865	1.0	0.07697243537210795	1.0	0.39564392373896007	0.44948974278317805	0.3660254037844386	1.0	1.0	1.0	1.0
en	1.0	0.38742588672279304	1.0	0.5	0.07334454700389773	0.01613160699056193	0.19146256355088964	1.0	0.014058701571249405	0.01587634815316551	0.026876797818055555	0.25728427444747215	0.17817337910774925	0.04957517106508667	0.027223474024813895	0.02308563224052909	0.032654773983054004	0.26968623182294527	0.36602540378443865	0.23497542908541053	0.3483314773547883	0.018959455858863238	0.01639743772232686	0.05455696992767238	0.10847900399187611	0.01931039413031276	0.04105532317789061	1.0	0.07829355241509381	0.025387430273709752	0.019952018158943815	0.4364916731037085	0.04625596116921776	1.0	0.02902520349371754
es	1.0	0.44948974278317805	1.0	1.0	0.2632403810669918	0.07658635880025971	0.3164309725825328	0.014058701571249405	1.0	0.03722986693600925	0.15942427352931443	0.32449979983983984	0.23371479611805132	0.1508906849579797	0.02267813176160142	0.16139047779640892	0.16556726505498612	0.3726822671238253	0.3483314773547883	1.0	1.0	0.08857692347861663	0.10365628201513143	0.016555839677275565	0.24660605559646726	0.12289905144002816	0.034568592027459634	1.0	0.18660549686337075	0.058073536809183604	0.09704614015314712	1.0	0.28436465220442186	1.0	0.1898921977639714
fr	1.0	0.5	1.0	0.585786437626905	0.17070721772550654	0.044623542018708585	0.36602540378443865	0.01587634815316551	0.03722986693600925	1.0	0.1194584024218499	0.34833147735478825	0.21089672205953397	0.11398276768280768	0.025018006074575615	0.13321952658018657	0.1683604963286918	0.3866297038941518	0.585786437626905	0.5	0.585786437626905	0.06145970034748602	0.07198748155338437	0.018038733456329465	0.21712927295533244	0.09125547875239155	0.03391970594181358	1.0	0.14132460448777898	0.04983951677462193	0.07044423196558	1.0	0.2553967929896867	1.0	0.13565184163711103
he	1.0	0.585786437626905	1.0	1.0	0.38742588672279304	0.1566130288262323	1.0	0.026876797818055555	0.15942427352931443	0.1194584024218499	1.0	1.0	0.2204812092115424	0.2372732414640341	0.07744906175964814	1.0	1.0	0.4364916731037085	1.0	1.0	1.0	0.1951941016011038	0.23166247903554	0.026342568916586987	0.3430703308172536	1.0	0.03735099575984884	1.0	0.28436465220442186	0.11978243827074593	0.20342651452257512	1.0	1.0	1.0	1.0
hi	1.0	1.0	1.0	1.0	0.5	0.32449979983983984	1.0	0.25728427444747215	0.32449979983983984	0.34833147735478825	1.0	1.0	0.5	0.585786437626905	0.3164309725825328	1.0	1.0	0.585786437626905	1.0	1.0	1.0	0.39564392373896007	0.39564392373896007	0.06856301648540496	0.585786437626905	1.0	0.08777854995713331	1.0	0.32449979983983984	0.5	0.44948974278317805	1.0	1.0	1.0	1.0
hu	1.0	0.44948974278317805	1.0	0.44948974278317805	0.2402530733520421	0.18693931815255607	0.44948974278317805	0.17817337910774925	0.23371479611805132	0.21089672205953397	0.2204812092115424	0.5	1.0	0.26533119314590375	0.2144598788702807	0.28989794855663564	0.32449979983983984	0.38742588672279304	0.44948974278317805	0.4142135623730951	0.585786437626905	0.217113236863499	0.2474401533514073	0.11736173599126426	0.28172904669025317	0.2204812092115424	0.07522039767648436	1.0	0.31264808514230086	0.2061257833323215	0.22340832503179264	0.585786437626905	0.3430703308172536	0.585786437626905	0.2553967929896867
id	1.0	0.5	1.0	1.0	0.24179033438163736	0.13299282904102766	0.4364916731037085	0.04957517106508667	0.1508906849579797	0.11398276768280768	0.2372732414640341	0.585786437626905	0.26533119314590375	1.0	0.10136734402811369	0.17491720310721423	0.24257131419419417	0.40453726661826384	1.0	1.0	1.0	0.1566130288262323	0.1607677430268676	0.030192819198662006	0.2372732414640341	0.20521309615767264	0.04121548317077329	1.0	0.2402530733520421	0.09253723771177338	0.16139047779640892	0.4364916731037085	0.3333333333333333	1.0	0.23166247903554
it	1.0	0.44948974278317805	1.0	1.0	0.2008390199171533	0.023442925657411334	0.5	0.027223474024813895	0.02267813176160142	0.025018006074575615	0.07744906175964814	0.3164309725825328	0.2144598788702807	0.10136734402811369	1.0	0.08505529562648419	0.10886898139200682	0.32449979983983984	0.585786437626905	0.5	1.0	0.044405082449425405	0.035871070853224475	0.026091984719382347	0.1723312828317568	0.04602069797058581	0.035745836440051866	1.0	0.16484708315636035	0.05018145951662974	0.03277380016956052	0.585786437626905	0.15799872400692302	1.0	0.0797369927156037
ja	1.0	0.585786437626905	1.0	1.0	0.38742588672279304	0.13864068688307518	1.0	0.02308563224052909	0.16139047779640892	0.13321952658018657	1.0	1.0	0.28989794855663564	0.17491720310721423	0.08505529562648419	1.0	1.0	0.4364916731037085	1.0	1.0	1.0	0.17176743283130236	0.19292728076790167	0.023592318140847498	0.3430703308172536	0.39564392373896007	0.037296984589673975	1.0	0.2612038749637415	0.0779058863288471	0.18030816435569247	1.0	1.0	1.0	1.0
ko	1.0	0.585786437626905	1.0	1.0	0.44948974278317805	0.1827439976315568	1.0	0.032654773983054004	0.16556726505498612	0.1683604963286918	1.0	1.0	0.32449979983983984	0.24257131419419417	0.10886898139200682	1.0	1.0	0.4364916731037085	1.0	1.0	1.0	0.27429188517743175	0.2139387691339814	0.028162034620020173	0.3430703308172536	0.5	0.04206878275066937	1.0	0.2474401533514073	0.14285714285714285	0.1951941016011038	1.0	1.0	1.0	1.0
lv	1.0	1.0	1.0	0.585786437626905	0.4364916731037085	0.2958163163244893	0.39564392373896007	0.26968623182294527	0.3726822671238253	0.3866297038941518	0.4364916731037085	0.585786437626905	0.38742588672279304	0.40453726661826384	0.32449979983983984	0.4364916731037085	0.4364916731037085	1.0	1.0	0.4364916731037085	1.0	0.3244997998398398	0.3726822671238253	0.23441237831492112	0.3333333333333333	0.39564392373896007	0.0821284541340098	1.0	0.40453726661826384	0.35388936786452296	0.3380788308512194	1.0	0.585786437626905	1.0	0.4364916731037085
mk	0.0	1.0	0.0	1.0	1.0	0.44948974278317805	1.0	0.36602540378443865	0.3483314773547883	0.585786437626905	1.0	1.0	0.44948974278317805	1.0	0.585786437626905	1.0	1.0	1.0	1.0	1.0	1.0	0.44948974278317805	0.585786437626905	0.18400240527946554	1.0	1.0	0.16556726505498612	1.0	1.0	0.585786437626905	1.0	1.0	1.0	1.0	1.0
ml	1.0	1.0	1.0	1.0	1.0	0.36602540378443865	1.0	0.23497542908541053	1.0	0.5	1.0	1.0	0.4142135623730951	1.0	0.5	1.0	1.0	0.4364916731037085	1.0	1.0	1.0	0.44948974278317805	0.585786437626905	0.18822566650963435	0.39564392373896	1.0	0.09358879321382114	1.0	0.3430703308172536	0.36602540378443865	0.585786437626905	1.0	1.0	1.0	1.0
mr	0.0	1.0	0.0	1.0	1.0	0.585786437626905	1.0	0.3483314773547883	1.0	0.585786437626905	1.0	1.0	0.585786437626905	1.0	1.0	1.0	1.0	1.0	1.0	1.0	1.0	0.585786437626905	0.585786437626905	0.39564392373896007	1.0	1.0	0.2791745113185196	1.0	0.585786437626905	0.5	1.0	1.0	1.0	1.0	1.0
nl	1.0	0.585786437626905	1.0	0.5	0.23727324146403408	0.07780121570702293	0.3090169943749474	0.018959455858863238	0.08857692347861663	0.06145970034748602	0.1951941016011038	0.39564392373896007	0.217113236863499	0.1566130288262323	0.044405082449425405	0.17176743283130236	0.27429188517743175	0.3244997998398398	0.44948974278317805	0.44948974278317805	0.585786437626905	1.0	0.09837531795074314	0.02137556713077652	0.22901628833426058	0.13864068688307518	0.03543769108486842	1.0	0.2070518364164892	0.06045387005694376	0.11017160687334131	0.585786437626905	0.2742918851774318	1.0	0.17826035697019474
pl	1.0	0.3726822671238253	1.0	0.5	0.2466060555964672	0.09988908055928988	0.5	0.01639743772232686	0.10365628201513143	0.07198748155338437	0.23166247903554	0.39564392373896007	0.2474401533514073	0.1607677430268676	0.035871070853224475	0.19292728076790167	0.2139387691339814	0.3726822671238253	0.585786437626905	0.585786437626905	0.585786437626905	0.09837531795074314	1.0	0.019857039873013127	0.27348277634404455	0.17491720310721423	0.03554903668644661	1.0	0.2176763447950745	0.06188185918609484	0.12759338066860484	1.0	0.28989794855663564	1.0	0.19292728076790167
pt	1.0	0.28708594921778513	1.0	0.3090169943749474	0.04648004984946112	0.01893285294285958	0.07263669959755374	0.05455696992767238	0.016555839677275565	0.018038733456329465	0.026342568916586987	0.06856301648540496	0.11736173599126426	0.030192819198662006	0.026091984719382347	0.023592318140847498	0.028162034620020173	0.23441237831492112	0.18400240527946554	0.18822566650963435	0.39564392373896007	0.02137556713077652	0.019857039873013127	1.0	0.05382220726528615	0.0214227065301466	0.12537166677461298	1.0	0.04331592173031863	0.02690563042208808	0.022348168081037987	0.2843646522044218	0.03748993764697153	1.0	0.02514433708009056
ro	1.0	1.0	1.0	0.585786437626905	0.3244997998398398	0.21498516621900873	0.36602540378443865	0.10847900399187611	0.24660605559646726	0.21712927295533244	0.3430703308172536	0.585786437626905	0.28172904669025317	0.2372732414640341	0.1723312828317568	0.3430703308172536	0.3430703308172536	0.3333333333333333	1.0	0.39564392373896	1.0	0.22901628833426058	0.27348277634404455	0.05382220726528615	1.0	0.44948974278317805	0.060472480923246696	1.0	0.26968623182294527	0.21734403307023992	0.28989794855663564	0.585786437626905	0.44948974278317805	1.0	0.3430703308172536
ru	1.0	0.585786437626905	0.0	1.0	0.38742588672279304	0.12226923710236749	1.0	0.01931039413031276	0.12289905144002816	0.09125547875239155	1.0	1.0	0.2204812092115424	0.20521309615767264	0.04602069797058581	0.39564392373896007	0.5	0.39564392373896007	1.0	1.0	1.0	0.13864068688307518	0.17491720310721423	0.0214227065301466	0.44948974278317805	1.0	0.03619640382964505	1.0	0.2612038749637415	0.06955548305646375	0.14907170226431357	1.0	0.5	1.0	0.585786437626905
sh	1.0	0.10513459191232843	1.0	0.1812698925904374	0.055430145919391216	0.03369675550051625	0.07697243537210795	0.04105532317789061	0.034568592027459634	0.03391970594181358	0.03735099575984884	0.08777854995713331	0.07522039767648436	0.04121548317077329	0.035745836440051866	0.037296984589673975	0.04206878275066937	0.0821284541340098	0.16556726505498612	0.09358879321382114	0.2791745113185196	0.03543769108486842	0.03554903668644661	0.12537166677461298	0.060472480923246696	0.03619640382964505	1.0	1.0	0.05852103570583304	0.03502603889080006	0.036472267631801225	0.14371558388134759	0.05741696521185104	0.585786437626905	0.039752351344828026
si	0.0	0.0	0.0	1.0	1.0	1.0	1.0	1.0	1.0	1.0	1.0	1.0	1.0	1.0	1.0	1.0	1.0	1.0	1.0	1.0	1.0	1.0	1.0	1.0	1.0	1.0	1.0	1.0	1.0	1.0	1.0	1.0	1.0	1.0	1.0
simple	1.0	0.585786437626905	1.0	0.585786437626905	0.3021694792519622	0.17176743283130236	0.39564392373896007	0.07829355241509381	0.18660549686337075	0.14132460448777898	0.28436465220442186	0.32449979983983984	0.31264808514230086	0.2402530733520421	0.16484708315636035	0.2612038749637415	0.2474401533514073	0.40453726661826384	1.0	0.3430703308172536	0.585786437626905	0.2070518364164892	0.2176763447950745	0.04331592173031863	0.26968623182294527	0.2612038749637415	0.05852103570583304	1.0	1.0	0.17025921636942778	0.21239994067041815	0.5	0.2553967929896867	1.0	0.2474401533514073
sr	1.0	0.585786437626905	1.0	1.0	0.18163482541075254	0.047578686407338935	0.44948974278317805	0.025387430273709752	0.058073536809183604	0.04983951677462193	0.11978243827074593	0.5	0.2061257833323215	0.09253723771177338	0.05018145951662974	0.0779058863288471	0.14285714285714285	0.35388936786452296	0.585786437626905	0.36602540378443865	0.5	0.06045387005694376	0.06188185918609484	0.02690563042208808	0.21734403307023992	0.06955548305646375	0.03502603889080006	1.0	0.17025921636942778	1.0	0.06233255119303348	0.44948974278317805	0.20799159651347807	1.0	0.10171118008217982
sv	1.0	0.38742588672279304	1.0	0.585786437626905	0.2592192604530755	0.09711063987225421	0.3660254037844386	0.019952018158943815	0.09704614015314712	0.07044423196558	0.20342651452257512	0.44948974278317805	0.22340832503179264	0.16139047779640892	0.03277380016956052	0.18030816435569247	0.1951941016011038	0.3380788308512194	1.0	0.585786437626905	1.0	0.11017160687334131	0.12759338066860484	0.022348168081037987	0.28989794855663564	0.14907170226431357	0.036472267631801225	1.0	0.21239994067041815	0.06233255119303348	1.0	0.585786437626905	0.23874775399470893	1.0	0.18001097668719743
te	0.0	1.0	1.0	1.0	1.0	0.585786437626905	1.0	0.4364916731037085	1.0	1.0	1.0	1.0	0.585786437626905	0.4364916731037085	0.585786437626905	1.0	1.0	1.0	1.0	1.0	1.0	0.585786437626905	1.0	0.2843646522044218	0.585786437626905	1.0	0.14371558388134759	1.0	0.5	0.44948974278317805	0.585786437626905	1.0	1.0	1.0	1.0
vi	1.0	1.0	1.0	1.0	0.44948974278317805	0.22901628833426058	1.0	0.04625596116921776	0.28436465220442186	0.2553967929896867	1.0	1.0	0.3430703308172536	0.3333333333333333	0.15799872400692302	1.0	1.0	0.585786437626905	1.0	1.0	1.0	0.2742918851774318	0.28989794855663564	0.03748993764697153	0.44948974278317805	0.5	0.05741696521185104	1.0	0.2553967929896867	0.20799159651347807	0.23874775399470893	1.0	1.0	1.0	1.0
war	1.0	1.0	0.0	1.0	1.0	1.0	1.0	1.0	1.0	1.0	1.0	1.0	0.585786437626905	1.0	1.0	1.0	1.0	1.0	1.0	1.0	1.0	1.0	1.0	1.0	1.0	1.0	0.585786437626905	1.0	1.0	1.0	1.0	1.0	1.0	1.0	1.0
zh	1.0	0.585786437626905	1.0	1.0	0.38742588672279304	0.1566130288262323	1.0	0.02902520349371754	0.1898921977639714	0.13565184163711103	1.0	1.0	0.2553967929896867	0.23166247903554	0.0797369927156037	1.0	1.0	0.4364916731037085	1.0	1.0	1.0	0.17826035697019474	0.19292728076790167	0.02514433708009056	0.3430703308172536	0.585786437626905	0.039752351344828026	1.0	0.2474401533514073	0.10171118008217982	0.18001097668719743	1.0	1.0	1.0	1.0
