arz	bs	ceb	ckb	da	de	el	en	es	fr	he	hi	hu	id	it	ja	ko	lv	mk	ml	mr	nl	pl	pt	ro	ru	sh	si	simple	sr	sv	te	tr	union	vi	war	zh
arz	0.5	0.20408163265306123	0.17346938775510204	0.19444444444444445	0.11637931034482758	0.0	0.0	0.0	0.0	0.0	0.11538461538461539	0.108	0.11904761904761904	0.08333333333333333	0.0	0.0	0.0	0.12096774193548387	0.06553398058252427	0.10096153846153846	0.1375	0.0	0.0	0.0	0.11304347826086956	0.0	0.09090909090909091	0.14285714285714285	0.11678832116788321	0.10683760683760683	0.0	0.12222222222222222	0.06910569105691057	0.03897550111358575	0.07209302325581396	0.16666666666666666	0.0
bs	0.20408163265306123	1.0	0.19462719298245615	0.13793103448275862	0.2525914468685553	0.0	0.0	0.0	0.0	0.0	0.12173913043478261	0.0992063492063492	0.16103160595686167	0.08685374892555695	0.0	0.0	0.0	0.15815733088460363	0.06862745098039216	0.09615384615384616	0.15584415584415584	0.0	0.0	0.0	0.15219127483278425	0.0	0.2600877192982456	0.13095238095238096	0.16916930706708913	0.12946428571428573	0.0	0.125	0.0809906965049032	0.05620736361947361	0.06976744186046512	0.19993540051679587	0.0
ceb	0.17346938775510204	0.19462719298245615	1.0	0.16981132075471697	0.11942110977770158	0.0	0.0	0.0	0.0	0.0	0.11403508771929824	0.1016260162601626	0.11603661882346146	0.0740266002330534	0.0	0.0	0.0	0.12007324729682595	0.061274509803921566	0.12371134020618557	0.17123287671232876	0.0	0.0	0.0	0.1207142394192754	0.0	0.10408557420888427	0.15789473684210525	0.10591234032579398	0.11061946902654868	0.0	0.13414634146341464	0.06037112010796221	0.03659800132751447	0.07345971563981042	0.26809210526315785	0.0
ckb	0.19444444444444445	0.13793103448275862	0.16981132075471697	0.5	0.11666666666666667	0.0	0.0	0.0	0.0	0.0	0.12083333333333333	0.11328125	0.12403100775193798	0.08980582524271845	0.0	0.0	0.0	0.11153846153846154	0.0748792270531401	0.15	0.1858974358974359	0.0	0.0	0.0	0.11864406779661017	0.0	0.10526315789473684	0.1276595744680851	0.12142857142857143	0.1282051282051282	0.0	0.14893617021276595	0.07692307692307693	0.044543429844097995	0.07834101382488479	0.16326530612244897	0.0
da	0.11637931034482758	0.2525914468685553	0.11942110977770158	0.11666666666666667	1.0	0.0	0.0	0.0	0.0	0.0	0.2138157894736842	0.16568047337278108	0.27706821983155355	0.2126779212181397	0.0	0.0	0.0	0.30115938085736743	0.15384615384615385	0.16891891891891891	0.1889763779527559	0.0	0.0	0.0	0.27315949732923905	0.0	0.2658370758483034	0.07727272727272727	0.28372690665533495	0.2413793103448276	0.0	0.07589285714285714	0.1835674573148666	0.17236141080405593	0.19794776119402985	0.10404959414860405	0.0
de	0.0	0.0	0.0	0.0	0.0	0.5	0.16666666666666666	0.0625	0.2	0.25	0.0	0.0	0.0	0.0	0.25	0.16666666666666666	0.16666666666666666	0.0	0.0	0.0	0.0	0.0	0.0	0.25	0.0	0.16666666666666666	0.0	0.0	0.0	0.0	0.25	0.0	0.0	0.0022271714922048997	0.0	0.0	0.5
el	0.0	0.0	0.0	0.0	0.0	0.16666666666666666	0.5	0.0625	0.08333333333333333	0.0	0.0	0.0	0.0	0.0	0.0	0.5	0.16666666666666666	0.0	0.0	0.0	0.0	0.0	0.25	0.0	0.0	0.16666666666666666	0.0	0.0	0.0	0.0	0.0	0.0	0.0	0.0022271714922048997	0.0	0.0	0.16666666666666666
en	0.0	0.0	0.0	0.0	0.0	0.0625	0.0625	1.0	0.11764705882352941	0.03125	0.0	0.0	0.0	0.0	0.03125	0.0625	0.0625	0.0	0.0	0.0	0.0	0.0	0.03125	0.03125	0.0	0.0625	0.0	0.0	0.0	0.0	0.03125	0.0	0.0	0.01937500433639309	0.0	0.0	0.0625
es	0.0	0.0	0.0	0.0	0.0	0.2	0.08333333333333333	0.11764705882352941	0.5	0.1	0.0	0.0	0.0	0.0	0.1	0.08333333333333333	0.2	0.0	0.0	0.0	0.0	0.0	0.0	0.1	0.0	0.2	0.0	0.0	0.0	0.0	0.1	0.0	0.0	0.005567928730512249	0.0	0.0	0.2
fr	0.0	0.0	0.0	0.0	0.0	0.25	0.0	0.03125	0.1	0.5	0.0	0.0	0.0	0.0	0.5	0.0	0.0	0.0	0.0	0.0	0.0	0.0	0.0	0.5	0.0	0.0	0.0	0.0	0.0	0.0	0.5	0.0	0.0	0.0011135857461024498	0.0	0.0	0.25
he	0.11538461538461539	0.12173913043478261	0.11403508771929824	0.12083333333333333	0.2138157894736842	0.0	0.0	0.0	0.0	0.0	0.5	0.19325153374233128	0.26158940397350994	0.19955156950672645	0.0	0.0	0.0	0.2916666666666667	0.19144144144144143	0.20567375886524822	0.21544715447154472	0.0	0.0	0.0	0.26785714285714285	0.0	0.17647058823529413	0.08181818181818182	0.19428571428571428	0.25	0.0	0.0752212389380531	0.18076923076923077	0.12138084632516703	0.19868995633187772	0.08260869565217391	0.0
hi	0.108	0.0992063492063492	0.1016260162601626	0.11328125	0.16568047337278108	0.0	0.0	0.0	0.0	0.0	0.19325153374233128	0.5	0.1574585635359116	0.19868995633187772	0.0	0.0	0.0	0.19005847953216373	0.1402439024390244	0.20408163265306123	0.21875	0.0	0.0	0.0	0.1716867469879518	0.0	0.16111111111111112	0.06198347107438017	0.2011173184357542	0.17065868263473055	0.0	0.07983193277310924	0.13508771929824562	0.13028953229398663	0.20085470085470086	0.07723577235772358	0.0
hu	0.11904761904761904	0.16103160595686167	0.11603661882346146	0.12403100775193798	0.27706821983155355	0.0	0.0	0.0	0.0	0.0	0.26158940397350994	0.1574585635359116	1.0	0.2362587089846851	0.0	0.0	0.0	0.3162732355072072	0.2026431718061674	0.17197452229299362	0.17625899280575538	0.0	0.0	0.0	0.3325594175024042	0.0	0.22186751795690343	0.06910569105691057	0.2601008526329355	0.24599490020223336	0.0	0.06349206349206349	0.23447275033231302	0.32719801165776646	0.2022951036807017	0.08579694519317162	0.0
id	0.08333333333333333	0.08685374892555695	0.0740266002330534	0.08980582524271845	0.2126779212181397	0.0	0.0	0.0	0.0	0.0	0.19955156950672645	0.19868995633187772	0.2362587089846851	1.0	0.0	0.0	0.0	0.28018970946769606	0.22382671480144403	0.1813953488372093	0.14903846153846154	0.0	0.0	0.0	0.22499931829956643	0.0	0.2087078651685393	0.046798029556650245	0.26858711758040615	0.20454545454545456	0.0	0.05172413793103448	0.26369187302254443	0.3297269961091954	0.29801284381437054	0.05589389851865014	0.0
it	0.0	0.0	0.0	0.0	0.0	0.25	0.0	0.03125	0.1	0.5	0.0	0.0	0.0	0.0	0.5	0.0	0.0	0.0	0.0	0.0	0.0	0.0	0.0	0.5	0.0	0.0	0.0	0.0	0.0	0.0	0.5	0.0	0.0	0.0011135857461024498	0.0	0.0	0.25
ja	0.0	0.0	0.0	0.0	0.0	0.16666666666666666	0.5	0.0625	0.08333333333333333	0.0	0.0	0.0	0.0	0.0	0.0	0.5	0.16666666666666666	0.0	0.0	0.0	0.0	0.0	0.25	0.0	0.0	0.16666666666666666	0.0	0.0	0.0	0.0	0.0	0.0	0.0	0.0022271714922048997	0.0	0.0	0.16666666666666666
ko	0.0	0.0	0.0	0.0	0.0	0.16666666666666666	0.16666666666666666	0.0625	0.2	0.0	0.0	0.0	0.0	0.0	0.0	0.16666666666666666	0.5	0.0	0.0	0.0	0.0	0.0	0.0	0.0	0.0	0.5	0.0	0.0	0.0	0.0	0.0	0.0	0.0	0.0022271714922048997	0.0	0.0	0.16666666666666666
lv	0.12096774193548387	0.15815733088460363	0.12007324729682595	0.11153846153846154	0.30115938085736743	0.0	0.0	0.0	0.0	0.0	0.2916666666666667	0.19005847953216373	0.3162732355072072	0.28018970946769606	0.0	0.0	0.0	1.0	0.2237442922374429	0.22569444444444445	0.2153846153846154	0.0	0.0	0.0	0.3212015738498789	0.0	0.23613595706618962	0.075	0.27209664936720385	0.2793103448275862	0.0	0.06910569105691057	0.24662678630774343	0.163323211228213	0.24685475834578974	0.08536585365853659	0.0
mk	0.06553398058252427	0.06862745098039216	0.061274509803921566	0.0748792270531401	0.15384615384615385	0.0	0.0	0.0	0.0	0.0	0.19144144144144143	0.1402439024390244	0.2026431718061674	0.22382671480144403	0.0	0.0	0.0	0.2237442922374429	0.5	0.16359447004608296	0.13095238095238096	0.0	0.0	0.0	0.19090909090909092	0.0	0.145748987854251	0.03980099502487562	0.15612648221343872	0.18693693693693694	0.0	0.03676470588235294	0.22861842105263158	0.22048997772828507	0.20761245674740483	0.04390243902439024	0.0
ml	0.10096153846153846	0.09615384615384616	0.12371134020618557	0.15	0.16891891891891891	0.0	0.0	0.0	0.0	0.0	0.20567375886524822	0.20408163265306123	0.17197452229299362	0.1813953488372093	0.0	0.0	0.0	0.22569444444444445	0.16359447004608296	0.5	0.22018348623853212	0.0	0.0	0.0	0.19014084507042253	0.0	0.16772151898734178	0.08602150537634409	0.18711656441717792	0.213768115942029	0.0	0.10989010989010989	0.1517509727626459	0.10022271714922049	0.18099547511312217	0.09278350515463918	0.0
mr	0.1375	0.15584415584415584	0.17123287671232876	0.1858974358974359	0.1889763779527559	0.0	0.0	0.0	0.0	0.0	0.21544715447154472	0.21875	0.17625899280575538	0.14903846153846154	0.0	0.0	0.0	0.2153846153846154	0.13095238095238096	0.22018348623853212	0.5	0.0	0.0	0.0	0.1975806451612903	0.0	0.16666666666666666	0.1056338028169014	0.19791666666666666	0.21311475409836064	0.0	0.12857142857142856	0.116600790513834	0.07461024498886415	0.14953271028037382	0.12162162162162163	0.0
nl	0.0	0.0	0.0	0.0	0.0	0.0	0.0	0.0	0.0	0.0	0.0	0.0	0.0	0.0	0.0	0.0	0.0	0.0	0.0	0.0	0.0	0.5	0.0	0.0	0.0	0.0	0.0	0.0	0.0	0.0	0.0	0.0	0.0	0.0022271714922048997	0.0	0.0	0.0
pl	0.0	0.0	0.0	0.0	0.0	0.0	0.25	0.03125	0.0	0.0	0.0	0.0	0.0	0.0	0.0	0.25	0.0	0.0	0.0	0.0	0.0	0.0	0.5	0.0	0.0	0.0	0.0	0.0	0.0	0.0	0.0	0.0	0.0	0.0011135857461024498	0.0	0.0	0.0
pt	0.0	0.0	0.0	0.0	0.0	0.25	0.0	0.03125	0.1	0.5	0.0	0.0	0.0	0.0	0.5	0.0	0.0	0.0	0.0	0.0	0.0	0.0	0.0	0.5	0.0	0.0	0.0	0.0	0.0	0.0	0.5	0.0	0.0	0.0011135857461024498	0.0	0.0	0.25
ro	0.11304347826086956	0.15219127483278425	0.1207142394192754	0.11864406779661017	0.27315949732923905	0.0	0.0	0.0	0.0	0.0	0.26785714285714285	0.1716867469879518	0.3325594175024042	0.22499931829956643	0.0	0.0	0.0	0.3212015738498789	0.19090909090909092	0.19014084507042253	0.1975806451612903	0.0	0.0	0.0	1.0	0.0	0.22688129469698845	0.0787037037037037	0.23152883859509507	0.28888888888888886	0.0	0.07207207207207207	0.20111897163979703	0.1644229205164201	0.21017543859649124	0.10091743119266056	0.0
ru	0.0	0.0	0.0	0.0	0.0	0.16666666666666666	0.16666666666666666	0.0625	0.2	0.0	0.0	0.0	0.0	0.0	0.0	0.16666666666666666	0.5	0.0	0.0	0.0	0.0	0.0	0.0	0.0	0.0	0.5	0.0	0.0	0.0	0.0	0.0	0.0	0.0	0.0022271714922048997	0.0	0.0	0.16666666666666666
sh	0.09090909090909091	0.2600877192982456	0.10408557420888427	0.10526315789473684	0.2658370758483034	0.0	0.0	0.0	0.0	0.0	0.17647058823529413	0.16111111111111112	0.22186751795690343	0.2087078651685393	0.0	0.0	0.0	0.23613595706618962	0.145748987854251	0.16772151898734178	0.16666666666666666	0.0	0.0	0.0	0.22688129469698845	0.0	1.0	0.05555555555555555	0.2702742211916524	0.22151898734177214	0.0	0.07723577235772358	0.1633097762073027	0.17904986350961832	0.1826530612244898	0.08913070436507936	0.0
si	0.14285714285714285	0.13095238095238096	0.15789473684210525	0.1276595744680851	0.07727272727272727	0.0	0.0	0.0	0.0	0.0	0.08181818181818182	0.06198347107438017	0.06910569105691057	0.046798029556650245	0.0	0.0	0.0	0.075	0.03980099502487562	0.08602150537634409	0.1056338028169014	0.0	0.0	0.0	0.0787037037037037	0.0	0.05555555555555555	0.5	0.06666666666666667	0.06756756756756757	0.0	0.21428571428571427	0.036585365853658534	0.021158129175946547	0.045023696682464455	0.1875	0.0
simple	0.11678832116788321	0.16916930706708913	0.10591234032579398	0.12142857142857143	0.28372690665533495	0.0	0.0	0.0	0.0	0.0	0.19428571428571428	0.2011173184357542	0.2601008526329355	0.26858711758040615	0.0	0.0	0.0	0.27209664936720385	0.15612648221343872	0.18711656441717792	0.19791666666666666	0.0	0.0	0.0	0.23152883859509507	0.0	0.2702742211916524	0.06666666666666667	1.0	0.21726190476190477	0.0	0.07407407407407407	0.21452092887110938	0.2123911372605251	0.22158184717993332	0.09002330440372872	0.0
sr	0.10683760683760683	0.12946428571428573	0.11061946902654868	0.1282051282051282	0.2413793103448276	0.0	0.0	0.0	0.0	0.0	0.25	0.17065868263473055	0.24599490020223336	0.20454545454545456	0.0	0.0	0.0	0.2793103448275862	0.18693693693693694	0.213768115942029	0.21311475409836064	0.0	0.0	0.0	0.28888888888888886	0.0	0.22151898734177214	0.06756756756756757	0.21726190476190477	1.0	0.0	0.0871559633027523	0.1717557251908397	0.1200190261656032	0.1943231441048035	0.0945945945945946	0.0
sv	0.0	0.0	0.0	0.0	0.0	0.25	0.0	0.03125	0.1	0.5	0.0	0.0	0.0	0.0	0.5	0.0	0.0	0.0	0.0	0.0	0.0	0.0	0.0	0.5	0.0	0.0	0.0	0.0	0.0	0.0	0.5	0.0	0.0	0.0011135857461024498	0.0	0.0	0.25
te	0.12222222222222222	0.125	0.13414634146341464	0.14893617021276595	0.07589285714285714	0.0	0.0	0.0	0.0	0.0	0.0752212389380531	0.07983193277310924	0.06349206349206349	0.05172413793103448	0.0	0.0	0.0	0.06910569105691057	0.03676470588235294	0.10989010989010989	0.12857142857142856	0.0	0.0	0.0	0.07207207207207207	0.0	0.07723577235772358	0.21428571428571427	0.07407407407407407	0.0871559633027523	0.0	0.5	0.038461538461538464	0.02338530066815145	0.04976303317535545	0.17647058823529413	0.0
tr	0.06910569105691057	0.0809906965049032	0.06037112010796221	0.07692307692307693	0.1835674573148666	0.0	0.0	0.0	0.0	0.0	0.18076923076923077	0.13508771929824562	0.23447275033231302	0.26369187302254443	0.0	0.0	0.0	0.24662678630774343	0.22861842105263158	0.1517509727626459	0.116600790513834	0.0	0.0	0.0	0.20111897163979703	0.0	0.1633097762073027	0.036585365853658534	0.21452092887110938	0.1717557251908397	0.0	0.038461538461538464	1.0	0.42703411527173574	0.22515997613217836	0.04711736367131839	0.0
union	0.03897550111358575	0.05620736361947361	0.03659800132751447	0.044543429844097995	0.17236141080405593	0.0022271714922048997	0.0022271714922048997	0.01937500433639309	0.005567928730512249	0.0011135857461024498	0.12138084632516703	0.13028953229398663	0.32719801165776646	0.3297269961091954	0.0011135857461024498	0.0022271714922048997	0.0022271714922048997	0.163323211228213	0.22048997772828507	0.10022271714922049	0.07461024498886415	0.0022271714922048997	0.0011135857461024498	0.0011135857461024498	0.1644229205164201	0.0022271714922048997	0.17904986350961832	0.021158129175946547	0.2123911372605251	0.1200190261656032	0.0011135857461024498	0.02338530066815145	0.42703411527173574	1.0	0.24206247335527353	0.028704994985202303	0.0022271714922048997
vi	0.07209302325581396	0.06976744186046512	0.07345971563981042	0.07834101382488479	0.19794776119402985	0.0	0.0	0.0	0.0	0.0	0.19868995633187772	0.20085470085470086	0.2022951036807017	0.29801284381437054	0.0	0.0	0.0	0.24685475834578974	0.20761245674740483	0.18099547511312217	0.14953271028037382	0.0	0.0	0.0	0.21017543859649124	0.0	0.1826530612244898	0.045023696682464455	0.22158184717993332	0.1943231441048035	0.0	0.04976303317535545	0.22515997613217836	0.24206247335527353	1.0	0.0514018691588785	0.0
war	0.16666666666666666	0.19993540051679587	0.26809210526315785	0.16326530612244897	0.10404959414860405	0.0	0.0	0.0	0.0	0.0	0.08260869565217391	0.07723577235772358	0.08579694519317162	0.05589389851865014	0.0	0.0	0.0	0.08536585365853659	0.04390243902439024	0.09278350515463918	0.12162162162162163	0.0	0.0	0.0	0.10091743119266056	0.0	0.08913070436507936	0.1875	0.09002330440372872	0.0945945945945946	0.0	0.17647058823529413	0.04711736367131839	0.028704994985202303	0.0514018691588785	1.0	0.0
zh	0.0	0.0	0.0	0.0	0.0	0.5	0.16666666666666666	0.0625	0.2	0.25	0.0	0.0	0.0	0.0	0.25	0.16666666666666666	0.16666666666666666	0.0	0.0	0.0	0.0	0.0	0.0	0.25	0.0	0.16666666666666666	0.0	0.0	0.0	0.0	0.25	0.0	0.0	0.0022271714922048997	0.0	0.0	0.5
