\RequirePackage{luatex85}
\documentclass{article}
\usepackage{tikz}
\usepackage{collcell}
\usepackage[no-math]{fontspec}
\usepackage[lm]{sfmath}
 \usetikzlibrary{positioning}
\usepackage[active,tightpage]{preview}
\PreviewEnvironment{tikzpicture}
\begin{document}%\footnotesize
 
 \definecolor{SeminarRot}{rgb}{0.75,0,0}
 \definecolor{SeminarGruen}{RGB}{0,128,0}
 \definecolor{SeminarOrange}{RGB}{237,167,45} % rgb: {0.93,0.65,0.18}
  \definecolor{SeminarBlau}{RGB}{0,154,224} % rgb: {0.93,0.65,0.18} 
 \definecolor{Braun}{RGB}{140,86,75} % rgb: {0.93,0.65,0.18}   
 %%% from http://texblog.org/2013/06/13/latex-heatmap-using-tabular/
 % provide min and max numbers for coloring mixing
 \newcommand*{\MinNumber}{1.0}
 \newcommand*{\MaxNumber}{0}
 % third value comes from table entry
 
 % color mixing macro:
 \makeatletter
 \newcommand{\ApplyGradient}[1]{%
  \ifdim\dimexpr#1pt=\@ne pt%
  \pgfmathsetmacro{\PercentColor}{100.0*(#1-\MinNumber)/(\MaxNumber-\MinNumber)}
  \hspace{-0.33em}\colorbox{SeminarGruen}{}
  \else
  \pgfmathsetmacro{\PercentColor}{100.0*(#1-\MinNumber)/(\MaxNumber-\MinNumber)}
  \hspace{-0.33em}\colorbox{white!\PercentColor!SeminarGruen}{}
  \fi
 }
 \makeatother
 
 % two color mixing macro, distinguishing positive from negative number:
 % positive: green
 % negative: red
 \makeatletter
 \newcommand{\ApplyTwoGradients}[1]{%
   \ifdim\dimexpr#1pt=\thr@@ pt
   \pgfmathsetmacro{\PercentColor}{100.0*(#1-\MinNumber)/(\MaxNumber-\MinNumber)}
   \hspace{-0.33em}\colorbox{Braun}{}
   \else
	\ifdim\dimexpr#1pt=\tw@ pt
   \pgfmathsetmacro{\PercentColor}{100.0*(#1-\MinNumber)/(\MaxNumber-\MinNumber)}
   \hspace{-0.33em}\colorbox{SeminarBlau}{}
   \else
   \ifdim\dimexpr#1pt=\z@%
   \pgfmathsetmacro{\PercentColor}{100.0*(#1-\MinNumber)/(\MaxNumber-\MinNumber)}
   \hspace{-0.33em}\colorbox{white}{}
   \else
   \ifdim\dimexpr#1pt>\z@
   \pgfmathsetmacro{\PercentColor}{100.0*(#1-\MinNumber)/(\MaxNumber-\MinNumber)}
   \hspace{-0.33em}\colorbox{white!\PercentColor!SeminarGruen}{}
   \else
   \pgfmathsetmacro{\PercentColor}{100.0*(-#1-\MinNumber)/(\MaxNumber-\MinNumber)}
   \hspace{-0.33em}\colorbox{white!\PercentColor!SeminarRot}{}
   \fi\fi\fi\fi
 } \makeatother 
 % attach macro to column type:
 \newcolumntype{R}{>{\collectcell\ApplyGradient}c<{\endcollectcell}}
 \newcolumntype{T}{>{\collectcell\ApplyTwoGradients}c<{\endcollectcell}}
 
 % remove spacing in tabular:
 \renewcommand{\arraystretch}{0}
 \setlength{\tabcolsep}{0pt}
 
 % set size of color boxes
 \setlength{\fboxsep}{2.5mm}
 
 \newcommand{\mcvert}[1]{\multicolumn{1}{c}{\rotatebox{90}{\space #1}}}
 \newcommand{\mchori}[1]{\multicolumn{1}{l}{\raisebox{-4pt}{#1}\rule{1em}{0pt}}}
\newcounter{colno}
\setcounter{colno}{100}
\stepcounter{colno}

\colorlet{colorone}{SeminarGruen}
\colorlet{colortwo}{SeminarRot}

\begin{tikzpicture}
\node [inner sep=0pt] (tab) {
\begin{tabular}{rTTTTTTTTTTTTTTTTTTTTTTTTTTTTTTTTTTTTT}
 &  \mcvert{arz} & \mcvert{bs} & \mcvert{ceb} & \mcvert{ckb} & \mcvert{da} & \mcvert{de} & \mcvert{el} & \mcvert{en} & \mcvert{es} & \mcvert{fr} & \mcvert{he} & \mcvert{hi} & \mcvert{hu} & \mcvert{id} & \mcvert{it} & \mcvert{ja} & \mcvert{ko} & \mcvert{lv} & \mcvert{mk} & \mcvert{ml} & \mcvert{mr} & \mcvert{nl} & \mcvert{pl} & \mcvert{pt} & \mcvert{ro} & \mcvert{ru} & \mcvert{sh} & \mcvert{si} & \mcvert{simple} & \mcvert{sr} & \mcvert{sv} & \mcvert{te} & \mcvert{tr} & \mcvert{union} & \mcvert{vi} & \mcvert{war} & \mcvert{zh} \\
\mchori{arz}  &  0.5  &  0.12  &  0.25  &  0.1  &  0.09  &  0.02  &  0.1  &  0.01  &  0.02  &  0.01  &  0.03  &  0.07  &  0.05  &  0.08  &  0.02  &  0.02  &  0.02  &  0.14  &  0.12  &  0.2  &  0.33  &  0.02  &  0.03  &  0.02  &  0.08  &  0.02  &  0.12  &  0.12  &  0.08  &  0.06  &  0.03  &  0.5  &  0.06  &  0.01  &  0.06  &  0.25  &  0.02 \\
\mchori{bs}  &  0.12  &  1.0  &  0.17  &  0.0  &  0.0  &  0.48  &  0.06  &  0.22  &  0.09  &  0.77  &  0.01  &  0.0  &  0.05  &  0.03  &  0.04  &  0.04  &  0.05  &  0.0  &  0.48  &  0.0  &  0.08  &  0.74  &  0.47  &  0.47  &  0.13  &  0.48  &  0.53  &  0.19  &  0.0  &  0.56  &  0.04  &  0.17  &  0.55  &  0.96  &  0.09  &  0.3  &  0.28 \\
\mchori{ceb}  &  0.25  &  0.17  &  0.5  &  0.25  &  0.05  &  0.02  &  0.1  &  0.03  &  0.03  &  0.03  &  0.05  &  0.07  &  0.04  &  0.04  &  0.03  &  0.03  &  0.05  &  0.1  &  0.07  &  0.17  &  0.25  &  0.03  &  0.02  &  0.04  &  0.05  &  0.03  &  0.06  &  0.25  &  0.06  &  0.05  &  0.03  &  0.25  &  0.08  &  0.01  &  0.08  &  0.25  &  0.04 \\
\mchori{ckb}  &  0.1  &  0.0  &  0.25  &  0.5  &  0.0  &  0.0  &  0.01  &  0.0  &  0.0  &  0.0  &  0.0  &  0.0  &  0.0  &  0.0  &  0.0  &  0.01  &  0.0  &  0.0  &  0.0  &  0.0  &  0.15  &  0.0  &  0.0  &  0.0  &  0.0  &  0.0  &  0.0  &  0.15  &  0.0  &  0.0  &  0.01  &  0.1  &  0.0  &  0.0  &  0.0  &  0.2  &  0.0 \\
\mchori{da}  &  0.09  &  0.0  &  0.05  &  0.0  &  0.5  &  0.0  &  0.01  &  0.01  &  0.01  &  0.0  &  0.07  &  0.1  &  0.02  &  0.02  &  0.02  &  0.03  &  0.02  &  0.1  &  0.0  &  0.08  &  0.07  &  0.0  &  0.0  &  0.0  &  0.01  &  0.0  &  0.0  &  0.14  &  0.14  &  0.0  &  0.02  &  0.14  &  0.0  &  0.0  &  0.01  &  0.25  &  0.0 \\
\mchori{de}  &  0.02  &  0.48  &  0.02  &  0.0  &  0.0  &  1.0  &  0.08  &  0.21  &  0.11  &  0.42  &  0.01  &  0.0  &  0.1  &  0.04  &  0.06  &  0.05  &  0.11  &  0.0  &  0.41  &  0.0  &  0.05  &  0.51  &  0.49  &  0.47  &  0.12  &  0.48  &  0.6  &  0.02  &  0.0  &  0.8  &  0.05  &  0.08  &  0.8  &  0.48  &  0.1  &  0.08  &  0.34 \\
\mchori{el}  &  0.1  &  0.06  &  0.1  &  0.01  &  0.01  &  0.08  &  1.0  &  0.21  &  0.2  &  0.07  &  0.03  &  0.01  &  0.34  &  0.27  &  0.11  &  0.17  &  0.3  &  0.01  &  0.05  &  0.01  &  0.08  &  0.06  &  0.06  &  0.06  &  0.28  &  0.06  &  0.06  &  0.15  &  0.01  &  0.07  &  0.16  &  0.17  &  0.07  &  0.06  &  0.24  &  0.3  &  0.09 \\
\mchori{en}  &  0.01  &  0.22  &  0.03  &  0.0  &  0.01  &  0.21  &  0.21  &  1.0  &  0.27  &  0.26  &  0.04  &  0.0  &  0.19  &  0.12  &  0.15  &  0.15  &  0.2  &  0.0  &  0.14  &  0.0  &  0.04  &  0.21  &  0.17  &  0.17  &  0.53  &  0.15  &  0.18  &  0.01  &  0.01  &  0.19  &  0.12  &  0.06  &  0.19  &  0.23  &  0.3  &  0.06  &  0.23 \\
\mchori{es}  &  0.02  &  0.09  &  0.03  &  0.0  &  0.01  &  0.11  &  0.2  &  0.27  &  1.0  &  0.12  &  0.04  &  0.0  &  0.24  &  0.17  &  0.22  &  0.2  &  0.26  &  0.0  &  0.09  &  0.01  &  0.07  &  0.09  &  0.13  &  0.14  &  0.33  &  0.1  &  0.1  &  0.03  &  0.01  &  0.09  &  0.28  &  0.11  &  0.1  &  0.09  &  0.33  &  0.11  &  0.18 \\
\mchori{fr}  &  0.01  &  0.77  &  0.03  &  0.0  &  0.0  &  0.42  &  0.07  &  0.26  &  0.12  &  1.0  &  0.01  &  0.0  &  0.07  &  0.04  &  0.06  &  0.06  &  0.07  &  0.0  &  0.35  &  0.0  &  0.06  &  0.6  &  0.39  &  0.39  &  0.17  &  0.37  &  0.51  &  0.02  &  0.0  &  0.43  &  0.05  &  0.09  &  0.45  &  0.76  &  0.11  &  0.09  &  0.38 \\
\mchori{he}  &  0.03  &  0.01  &  0.05  &  0.0  &  0.07  &  0.01  &  0.03  &  0.04  &  0.04  &  0.01  &  1.0  &  0.03  &  0.02  &  0.01  &  0.09  &  0.08  &  0.05  &  0.03  &  0.01  &  0.05  &  0.17  &  0.01  &  0.01  &  0.01  &  0.02  &  0.01  &  0.01  &  0.05  &  0.05  &  0.01  &  0.04  &  0.25  &  0.01  &  0.01  &  0.02  &  0.25  &  0.02 \\
\mchori{hi}  &  0.07  &  0.0  &  0.07  &  0.0  &  0.1  &  0.0  &  0.01  &  0.0  &  0.0  &  0.0  &  0.03  &  0.5  &  0.01  &  0.01  &  0.01  &  0.01  &  0.01  &  0.5  &  0.0  &  0.25  &  0.2  &  0.0  &  0.0  &  0.0  &  0.0  &  0.0  &  0.0  &  0.11  &  0.12  &  0.0  &  0.01  &  0.3  &  0.0  &  0.0  &  0.0  &  0.3  &  0.0 \\
\mchori{hu}  &  0.05  &  0.05  &  0.04  &  0.0  &  0.02  &  0.1  &  0.34  &  0.19  &  0.24  &  0.07  &  0.02  &  0.01  &  1.0  &  0.35  &  0.15  &  0.22  &  0.76  &  0.01  &  0.04  &  0.01  &  0.11  &  0.06  &  0.08  &  0.07  &  0.33  &  0.07  &  0.08  &  0.07  &  0.01  &  0.1  &  0.19  &  0.17  &  0.1  &  0.05  &  0.29  &  0.17  &  0.11 \\
\mchori{id}  &  0.08  &  0.03  &  0.04  &  0.0  &  0.02  &  0.04  &  0.27  &  0.12  &  0.17  &  0.04  &  0.01  &  0.01  &  0.35  &  1.0  &  0.11  &  0.22  &  0.34  &  0.01  &  0.03  &  0.01  &  0.11  &  0.04  &  0.04  &  0.04  &  0.2  &  0.03  &  0.04  &  0.12  &  0.03  &  0.04  &  0.19  &  0.17  &  0.04  &  0.03  &  0.2  &  0.17  &  0.06 \\
\mchori{it}  &  0.02  &  0.04  &  0.03  &  0.0  &  0.02  &  0.06  &  0.11  &  0.15  &  0.22  &  0.06  &  0.09  &  0.01  &  0.15  &  0.11  &  1.0  &  0.35  &  0.15  &  0.01  &  0.04  &  0.01  &  0.08  &  0.04  &  0.07  &  0.07  &  0.12  &  0.07  &  0.04  &  0.03  &  0.02  &  0.04  &  0.25  &  0.12  &  0.05  &  0.05  &  0.14  &  0.12  &  0.1 \\
\mchori{ja}  &  0.02  &  0.04  &  0.03  &  0.01  &  0.03  &  0.05  &  0.17  &  0.15  &  0.2  &  0.06  &  0.08  &  0.01  &  0.22  &  0.22  &  0.35  &  1.0  &  0.22  &  0.01  &  0.04  &  0.01  &  0.08  &  0.04  &  0.05  &  0.05  &  0.16  &  0.05  &  0.04  &  0.02  &  0.01  &  0.04  &  0.23  &  0.12  &  0.04  &  0.04  &  0.15  &  0.12  &  0.09 \\
\mchori{ko}  &  0.02  &  0.05  &  0.05  &  0.0  &  0.02  &  0.11  &  0.3  &  0.2  &  0.26  &  0.07  &  0.05  &  0.01  &  0.76  &  0.34  &  0.15  &  0.22  &  1.0  &  0.01  &  0.04  &  0.01  &  0.1  &  0.06  &  0.09  &  0.08  &  0.31  &  0.07  &  0.08  &  0.03  &  0.01  &  0.1  &  0.18  &  0.15  &  0.1  &  0.05  &  0.29  &  0.15  &  0.12 \\
\mchori{lv}  &  0.14  &  0.0  &  0.1  &  0.0  &  0.1  &  0.0  &  0.01  &  0.0  &  0.0  &  0.0  &  0.03  &  0.5  &  0.01  &  0.01  &  0.01  &  0.01  &  0.01  &  0.5  &  0.0  &  0.25  &  0.07  &  0.0  &  0.0  &  0.0  &  0.0  &  0.0  &  0.0  &  0.21  &  0.12  &  0.0  &  0.01  &  0.14  &  0.0  &  0.0  &  0.0  &  0.25  &  0.0 \\
\mchori{mk}  &  0.12  &  0.48  &  0.07  &  0.0  &  0.0  &  0.41  &  0.05  &  0.14  &  0.09  &  0.35  &  0.01  &  0.0  &  0.04  &  0.03  &  0.04  &  0.04  &  0.04  &  0.0  &  0.5  &  0.0  &  0.1  &  0.49  &  0.46  &  0.46  &  0.08  &  0.46  &  0.4  &  0.19  &  0.0  &  0.48  &  0.04  &  0.2  &  0.48  &  0.48  &  0.08  &  0.38  &  0.27 \\
\mchori{ml}  &  0.2  &  0.0  &  0.17  &  0.0  &  0.08  &  0.0  &  0.01  &  0.0  &  0.01  &  0.0  &  0.05  &  0.25  &  0.01  &  0.01  &  0.01  &  0.01  &  0.01  &  0.25  &  0.0  &  0.5  &  0.2  &  0.0  &  0.0  &  0.0  &  0.0  &  0.0  &  0.0  &  0.3  &  0.1  &  0.0  &  0.01  &  0.3  &  0.0  &  0.0  &  0.01  &  0.3  &  0.0 \\
\mchori{mr}  &  0.33  &  0.08  &  0.25  &  0.15  &  0.07  &  0.05  &  0.08  &  0.04  &  0.07  &  0.06  &  0.17  &  0.2  &  0.11  &  0.11  &  0.08  &  0.08  &  0.1  &  0.07  &  0.1  &  0.2  &  0.5  &  0.06  &  0.09  &  0.08  &  0.17  &  0.08  &  0.03  &  0.1  &  0.12  &  0.06  &  0.08  &  0.33  &  0.14  &  0.03  &  0.14  &  0.12  &  0.08 \\
\mchori{nl}  &  0.02  &  0.74  &  0.03  &  0.0  &  0.0  &  0.51  &  0.06  &  0.21  &  0.09  &  0.6  &  0.01  &  0.0  &  0.06  &  0.04  &  0.04  &  0.04  &  0.06  &  0.0  &  0.49  &  0.0  &  0.06  &  1.0  &  0.49  &  0.48  &  0.12  &  0.5  &  0.55  &  0.03  &  0.0  &  0.6  &  0.04  &  0.08  &  0.61  &  0.74  &  0.09  &  0.08  &  0.29 \\
\mchori{pl}  &  0.03  &  0.47  &  0.02  &  0.0  &  0.0  &  0.49  &  0.06  &  0.17  &  0.13  &  0.39  &  0.01  &  0.0  &  0.08  &  0.04  &  0.07  &  0.05  &  0.09  &  0.0  &  0.46  &  0.0  &  0.09  &  0.49  &  1.0  &  0.81  &  0.09  &  0.77  &  0.43  &  0.04  &  0.0  &  0.53  &  0.07  &  0.14  &  0.54  &  0.48  &  0.1  &  0.14  &  0.48 \\
\mchori{pt}  &  0.02  &  0.47  &  0.04  &  0.0  &  0.0  &  0.47  &  0.06  &  0.17  &  0.14  &  0.39  &  0.01  &  0.0  &  0.07  &  0.04  &  0.07  &  0.05  &  0.08  &  0.0  &  0.46  &  0.0  &  0.08  &  0.48  &  0.81  &  1.0  &  0.09  &  0.67  &  0.41  &  0.03  &  0.0  &  0.5  &  0.08  &  0.12  &  0.52  &  0.47  &  0.09  &  0.12  &  0.53 \\
\mchori{ro}  &  0.08  &  0.13  &  0.05  &  0.0  &  0.01  &  0.12  &  0.28  &  0.53  &  0.33  &  0.17  &  0.02  &  0.0  &  0.33  &  0.2  &  0.12  &  0.16  &  0.31  &  0.0  &  0.08  &  0.0  &  0.17  &  0.12  &  0.09  &  0.09  &  1.0  &  0.07  &  0.11  &  0.12  &  0.01  &  0.11  &  0.13  &  0.25  &  0.11  &  0.13  &  0.4  &  0.25  &  0.16 \\
\mchori{ru}  &  0.02  &  0.48  &  0.03  &  0.0  &  0.0  &  0.48  &  0.06  &  0.15  &  0.1  &  0.37  &  0.01  &  0.0  &  0.07  &  0.03  &  0.07  &  0.05  &  0.07  &  0.0  &  0.46  &  0.0  &  0.08  &  0.5  &  0.77  &  0.67  &  0.07  &  1.0  &  0.44  &  0.02  &  0.0  &  0.54  &  0.06  &  0.12  &  0.56  &  0.49  &  0.08  &  0.12  &  0.41 \\
\mchori{sh}  &  0.12  &  0.53  &  0.06  &  0.0  &  0.0  &  0.6  &  0.06  &  0.18  &  0.1  &  0.51  &  0.01  &  0.0  &  0.08  &  0.04  &  0.04  &  0.04  &  0.08  &  0.0  &  0.4  &  0.0  &  0.03  &  0.55  &  0.43  &  0.41  &  0.11  &  0.44  &  1.0  &  0.19  &  0.0  &  0.69  &  0.04  &  0.06  &  0.69  &  0.52  &  0.1  &  0.1  &  0.34 \\
\mchori{si}  &  0.12  &  0.19  &  0.25  &  0.15  &  0.14  &  0.02  &  0.15  &  0.01  &  0.03  &  0.02  &  0.05  &  0.11  &  0.07  &  0.12  &  0.03  &  0.02  &  0.03  &  0.21  &  0.19  &  0.3  &  0.1  &  0.03  &  0.04  &  0.03  &  0.12  &  0.02  &  0.19  &  0.5  &  0.12  &  0.09  &  0.05  &  0.12  &  0.08  &  0.01  &  0.08  &  0.2  &  0.03 \\
\mchori{simple}  &  0.08  &  0.0  &  0.06  &  0.0  &  0.14  &  0.0  &  0.01  &  0.01  &  0.01  &  0.0  &  0.05  &  0.12  &  0.01  &  0.03  &  0.02  &  0.01  &  0.01  &  0.12  &  0.0  &  0.1  &  0.12  &  0.0  &  0.0  &  0.0  &  0.01  &  0.0  &  0.0  &  0.12  &  0.5  &  0.0  &  0.02  &  0.25  &  0.0  &  0.0  &  0.01  &  0.5  &  0.0 \\
\mchori{sr}  &  0.06  &  0.56  &  0.05  &  0.0  &  0.0  &  0.8  &  0.07  &  0.19  &  0.09  &  0.43  &  0.01  &  0.0  &  0.1  &  0.04  &  0.04  &  0.04  &  0.1  &  0.0  &  0.48  &  0.0  &  0.06  &  0.6  &  0.53  &  0.5  &  0.11  &  0.54  &  0.69  &  0.09  &  0.0  &  1.0  &  0.04  &  0.09  &  0.93  &  0.56  &  0.09  &  0.09  &  0.31 \\
\mchori{sv}  &  0.03  &  0.04  &  0.03  &  0.01  &  0.02  &  0.05  &  0.16  &  0.12  &  0.28  &  0.05  &  0.04  &  0.01  &  0.19  &  0.19  &  0.25  &  0.23  &  0.18  &  0.01  &  0.04  &  0.01  &  0.08  &  0.04  &  0.07  &  0.08  &  0.13  &  0.06  &  0.04  &  0.05  &  0.02  &  0.04  &  1.0  &  0.12  &  0.04  &  0.04  &  0.14  &  0.12  &  0.09 \\
\mchori{te}  &  0.5  &  0.17  &  0.25  &  0.1  &  0.14  &  0.08  &  0.17  &  0.06  &  0.11  &  0.09  &  0.25  &  0.3  &  0.17  &  0.17  &  0.12  &  0.12  &  0.15  &  0.14  &  0.2  &  0.3  &  0.33  &  0.08  &  0.14  &  0.12  &  0.25  &  0.12  &  0.06  &  0.12  &  0.25  &  0.09  &  0.12  &  0.5  &  0.21  &  0.04  &  0.21  &  0.25  &  0.12 \\
\mchori{tr}  &  0.06  &  0.55  &  0.08  &  0.0  &  0.0  &  0.8  &  0.07  &  0.19  &  0.1  &  0.45  &  0.01  &  0.0  &  0.1  &  0.04  &  0.05  &  0.04  &  0.1  &  0.0  &  0.48  &  0.0  &  0.14  &  0.61  &  0.54  &  0.52  &  0.11  &  0.56  &  0.69  &  0.08  &  0.0  &  0.93  &  0.04  &  0.21  &  1.0  &  0.55  &  0.09  &  0.21  &  0.32 \\
\mchori{union}  &  0.01  &  0.96  &  0.01  &  0.0  &  0.0  &  0.48  &  0.06  &  0.23  &  0.09  &  0.76  &  0.01  &  0.0  &  0.05  &  0.03  &  0.05  &  0.04  &  0.05  &  0.0  &  0.48  &  0.0  &  0.03  &  0.74  &  0.48  &  0.47  &  0.13  &  0.49  &  0.52  &  0.01  &  0.0  &  0.56  &  0.04  &  0.04  &  0.55  &  1.0  &  0.09  &  0.04  &  0.29 \\
\mchori{vi}  &  0.06  &  0.09  &  0.08  &  0.0  &  0.01  &  0.1  &  0.24  &  0.3  &  0.33  &  0.11  &  0.02  &  0.0  &  0.29  &  0.2  &  0.14  &  0.15  &  0.29  &  0.0  &  0.08  &  0.01  &  0.14  &  0.09  &  0.1  &  0.09  &  0.4  &  0.08  &  0.1  &  0.08  &  0.01  &  0.09  &  0.14  &  0.21  &  0.09  &  0.09  &  1.0  &  0.21  &  0.14 \\
\mchori{war}  &  0.25  &  0.3  &  0.25  &  0.2  &  0.25  &  0.08  &  0.3  &  0.06  &  0.11  &  0.09  &  0.25  &  0.3  &  0.17  &  0.17  &  0.12  &  0.12  &  0.15  &  0.25  &  0.38  &  0.3  &  0.12  &  0.08  &  0.14  &  0.12  &  0.25  &  0.12  &  0.1  &  0.2  &  0.5  &  0.09  &  0.12  &  0.25  &  0.21  &  0.04  &  0.21  &  0.5  &  0.12 \\
\mchori{zh}  &  0.02  &  0.28  &  0.04  &  0.0  &  0.0  &  0.34  &  0.09  &  0.23  &  0.18  &  0.38  &  0.02  &  0.0  &  0.11  &  0.06  &  0.1  &  0.09  &  0.12  &  0.0  &  0.27  &  0.0  &  0.08  &  0.29  &  0.48  &  0.53  &  0.16  &  0.41  &  0.34  &  0.03  &  0.0  &  0.31  &  0.09  &  0.12  &  0.32  &  0.29  &  0.14  &  0.12  &  1.0 \\
\end{tabular}
};
\end{tikzpicture}

\end{document}
