arz	bs	ceb	ckb	da	de	el	en	es	fr	he	hi	hu	id	it	ja	ko	lv	mk	ml	mr	nl	pl	pt	ro	ru	sh	si	simple	sr	sv	te	tr	vi	war	zh
arz	1.0	1.0	1.0	1.0	1.0	1.0	1.0	1.0	1.0	1.0	1.0	1.0	1.0	1.0	1.0	1.0	1.0	1.0	1.0	1.0	1.0	1.0	1.0	1.0	1.0	1.0	1.0	1.0	1.0	1.0	1.0	1.0	1.0	1.0	1.0	1.0
bs	1.0	1.0	1.0	1.0	1.0	0.0030551212207652885	0.06255513369432637	0.0063239140384261355	0.011214838657081899	0.010422251860539761	0.27429188517743175	1.0	0.06076775724738881	0.03849115889822406	0.03787938046654963	0.03594942992162021	0.03772405607395658	1.0	0.0024385227481589613	1.0	1.0	0.0036462776165665754	0.002605911480766307	0.0025301910621621654	0.023888089796143652	0.0029840021332891687	0.0033829460282010348	1.0	1.0	0.0028198326172462758	0.054868271461762486	1.0	0.0033815388022039213	0.011385430486930066	1.0	0.0035855215410267502
ceb	1.0	1.0	1.0	1.0	1.0	1.0	1.0	1.0	1.0	1.0	1.0	1.0	1.0	1.0	1.0	1.0	1.0	1.0	1.0	1.0	1.0	1.0	1.0	1.0	1.0	1.0	1.0	1.0	1.0	1.0	1.0	1.0	1.0	1.0	1.0	1.0
ckb	1.0	1.0	1.0	1.0	0.0	1.0	1.0	1.0	0.0	1.0	0.0	0.0	0.0	0.0	0.0	1.0	0.0	0.0	1.0	0.0	1.0	1.0	1.0	1.0	0.0	1.0	1.0	1.0	0.0	1.0	1.0	1.0	1.0	0.0	1.0	1.0
da	1.0	1.0	1.0	0.0	1.0	0.5	0.585786437626905	0.585786437626905	1.0	1.0	1.0	1.0	0.585786437626905	1.0	0.5	0.585786437626905	1.0	1.0	1.0	1.0	1.0	1.0	1.0	1.0	0.585786437626905	0.585786437626905	1.0	1.0	1.0	1.0	1.0	0.585786437626905	0.585786437626905	1.0	0.585786437626905	0.585786437626905
de	1.0	0.0030551212207652885	1.0	1.0	0.5	1.0	0.03395085296820814	0.0054550024853515415	0.020590607730143123	0.004351542144665495	0.21089672205953394	1.0	0.07241797251355896	0.0352990525643079	0.07699601861301758	0.03430840927451012	0.07528278503733696	1.0	0.003007507200688703	1.0	1.0	0.0037406091448915556	0.0031688785513173945	0.0030703126113036283	0.013515528939080892	0.0032290605552799927	0.00475480383775191	0.585786437626905	1.0	0.0038057853694921425	0.06733216006021445	0.5	0.003972928094682074	0.01910859384772356	0.39564392373896007	0.004745296531518161
el	1.0	0.06255513369432637	1.0	1.0	0.585786437626905	0.03395085296820814	1.0	0.03193338902949191	0.024045539861300123	0.06429517403830824	0.4142135623730951	1.0	0.16375326515150218	0.05428512856259287	0.082536179880161	0.04748204326025545	0.10495066405805362	1.0	0.021741231140568883	1.0	1.0	0.03738805520606978	0.024064905082860175	0.02281450670653393	0.06425137991137228	0.03220172990073902	0.03449329037688131	1.0	1.0	0.0326440224168289	0.08025132961038714	1.0	0.03443523526540875	0.02597890125939882	1.0	0.023325078946995915
en	1.0	0.0063239140384261355	1.0	1.0	0.585786437626905	0.0054550024853515415	0.03193338902949191	1.0	0.009422732040513917	0.0071878193859816735	0.1174444438224806	1.0	0.061822425468746264	0.03849115889822406	0.02657189880298638	0.02425050903796328	0.03336037294885272	1.0	0.0050618195719127415	1.0	1.0	0.005505457945000016	0.005032458595401616	0.005008690685900233	0.023809728629635377	0.005662511101929886	0.005983129072081159	0.585786437626905	0.585786437626905	0.005375306737702293	0.0310012449466873	0.585786437626905	0.005372682365095734	0.008700005172559097	0.3430703308172536	0.00611685801126908
es	1.0	0.011214838657081899	1.0	0.0	1.0	0.020590607730143123	0.024045539861300123	0.009422732040513917	1.0	0.012000969132943183	0.5	1.0	0.023758125906615205	0.040376511442644314	0.08774076502216317	0.05135300014399407	0.022780595302457404	1.0	0.04761499890532097	1.0	1.0	0.019325554580873792	0.051549371226636866	0.047978122415521886	0.012822053927144896	0.03311728858057951	0.019469351316307004	1.0	1.0	0.01947367458907054	0.06571859885379845	1.0	0.01923137702367251	0.03323457300326568	1.0	0.030394835602415324
fr	1.0	0.010422251860539761	1.0	1.0	1.0	0.004351542144665495	0.06429517403830824	0.0071878193859816735	0.012000969132943183	1.0	0.28172904669025317	1.0	0.06607059239408553	0.03849115889822406	0.04271234769884604	0.031382100258269825	0.04253987674842952	1.0	0.003863498059934659	1.0	1.0	0.006571785722788737	0.004153947836243673	0.0039622501083642035	0.023919432291241046	0.004395578375517333	0.006496853987478879	1.0	1.0	0.006007038042929215	0.0549558707731801	1.0	0.0052041470037091035	0.012105641933353117	1.0	0.004263071394870279
he	1.0	0.27429188517743175	1.0	0.0	1.0	0.21089672205953394	0.4142135623730951	0.1174444438224806	0.5	0.28172904669025317	1.0	1.0	0.4142135623730951	1.0	0.20894541729001367	0.4142135623730951	0.5	1.0	0.5	1.0	1.0	0.3333333333333333	0.3090169943749474	0.34833147735478825	0.4142135623730951	0.3660254037844386	0.3660254037844386	1.0	1.0	0.5	1.0	1.0	0.3660254037844386	1.0	1.0	0.4142135623730951
hi	1.0	1.0	1.0	0.0	1.0	1.0	1.0	1.0	1.0	1.0	1.0	1.0	1.0	1.0	1.0	1.0	1.0	1.0	1.0	1.0	1.0	1.0	1.0	1.0	1.0	1.0	0.0	1.0	1.0	1.0	1.0	1.0	1.0	1.0	1.0	1.0
hu	1.0	0.06076775724738881	1.0	0.0	0.585786437626905	0.07241797251355896	0.16375326515150218	0.061822425468746264	0.023758125906615205	0.06607059239408553	0.4142135623730951	1.0	1.0	0.03433045020931695	0.066316384849122	0.03571165879544978	0.08825379498411837	1.0	0.020942701554599773	1.0	1.0	0.05125753240343495	0.02597536364221025	0.024043311135132965	0.04089848925719071	0.04472957188910919	0.07481703901984102	1.0	1.0	0.06522650168538875	0.07615237500962287	0.585786437626905	0.07752996716817863	0.02314455075677021	0.39564392373896007	0.025546212761357347
id	1.0	0.03849115889822406	1.0	0.0	1.0	0.0352990525643079	0.05428512856259287	0.03849115889822406	0.040376511442644314	0.03849115889822406	1.0	1.0	0.03433045020931695	1.0	0.09019138053221452	0.09864040534846706	0.03478155919039927	1.0	0.05263157894736842	1.0	1.0	0.03938151824124736	0.03581534507093676	0.03786193461722653	0.03988384828767751	0.03645337395543034	0.03458960071885983	1.0	1.0	0.034587971388069974	0.0493990877567377	0.585786437626905	0.03462549047737194	0.04392570825270357	0.4364916731037085	0.03349981288454834
it	1.0	0.03787938046654963	1.0	0.0	0.5	0.07699601861301758	0.082536179880161	0.02657189880298638	0.08774076502216317	0.04271234769884604	0.20894541729001367	1.0	0.066316384849122	0.09019138053221452	1.0	0.08235337511634128	0.10780894735661796	1.0	0.07415346112049372	1.0	1.0	0.05400145521191401	0.09441236111871987	0.11085483595279964	0.05539756885398562	0.0944218468923881	0.08225550051602487	1.0	1.0	0.07199177908718365	0.15487303718623435	0.5	0.0702311450740594	0.07345574146839479	0.5	0.08728448668207828
ja	1.0	0.03594942992162021	1.0	1.0	0.585786437626905	0.03430840927451012	0.04748204326025545	0.02425050903796328	0.05135300014399407	0.031382100258269825	0.4142135623730951	1.0	0.03571165879544978	0.09864040534846706	0.08235337511634128	1.0	0.03574498425449215	1.0	0.1463924816619788	1.0	1.0	0.03721097806886835	0.040571845123935045	0.0472282089128012	0.034426277416992175	0.03761425666347774	0.035456841531890444	1.0	1.0	0.03497774830951811	0.04863645232654471	1.0	0.035259490804369985	0.05802554576665688	1.0	0.04045466278108836
ko	1.0	0.03772405607395658	1.0	0.0	1.0	0.07528278503733696	0.10495066405805362	0.03336037294885272	0.022780595302457404	0.04253987674842952	0.5	1.0	0.08825379498411837	0.03478155919039927	0.10780894735661796	0.03574498425449215	1.0	1.0	0.02027215965740375	1.0	1.0	0.04409617176433833	0.02516173344162431	0.023177349335634503	0.034568678082607905	0.046516513063766446	0.10028131936927084	1.0	1.0	0.13502853077674526	0.07821938818445855	1.0	0.1242165922850846	0.022048672177866904	1.0	0.024606207777934774
lv	1.0	1.0	1.0	0.0	1.0	1.0	1.0	1.0	1.0	1.0	1.0	1.0	1.0	1.0	1.0	1.0	1.0	1.0	1.0	1.0	1.0	1.0	1.0	1.0	1.0	1.0	0.0	1.0	1.0	1.0	1.0	1.0	1.0	1.0	1.0	1.0
mk	1.0	0.0024385227481589613	1.0	1.0	1.0	0.003007507200688703	0.021741231140568883	0.0050618195719127415	0.04761499890532097	0.003863498059934659	0.5	1.0	0.020942701554599773	0.05263157894736842	0.07415346112049372	0.1463924816619788	0.02027215965740375	1.0	1.0	1.0	1.0	0.004456797418906175	0.00954997781181058	0.014081869323823824	0.011579431991420669	0.007253473219875411	0.004034746410406795	1.0	1.0	0.004575635021997548	0.04864654343233791	1.0	0.0035472597873567728	0.03539583539050732	1.0	0.010613355436827981
ml	1.0	1.0	1.0	0.0	1.0	1.0	1.0	1.0	1.0	1.0	1.0	1.0	1.0	1.0	1.0	1.0	1.0	1.0	1.0	1.0	1.0	1.0	1.0	1.0	1.0	1.0	0.0	1.0	1.0	1.0	1.0	1.0	1.0	1.0	1.0	1.0
mr	1.0	1.0	1.0	1.0	1.0	1.0	1.0	1.0	1.0	1.0	1.0	1.0	1.0	1.0	1.0	1.0	1.0	1.0	1.0	1.0	1.0	1.0	1.0	1.0	1.0	1.0	1.0	1.0	1.0	1.0	1.0	1.0	1.0	1.0	1.0	1.0
nl	1.0	0.0036462776165665754	1.0	1.0	1.0	0.0037406091448915556	0.03738805520606978	0.005505457945000016	0.019325554580873792	0.006571785722788737	0.3333333333333333	1.0	0.05125753240343495	0.03938151824124736	0.05400145521191401	0.03721097806886835	0.04409617176433833	1.0	0.004456797418906175	1.0	1.0	1.0	0.005262792126449751	0.004922767297552786	0.014376210065895343	0.005521815925050031	0.008674741383709097	0.585786437626905	1.0	0.008036903076315832	0.07353868316947487	0.585786437626905	0.0051157615643891005	0.018895089420364955	0.585786437626905	0.005395315574728477
pl	1.0	0.002605911480766307	1.0	1.0	1.0	0.0031688785513173945	0.024064905082860175	0.005032458595401616	0.051549371226636866	0.004153947836243673	0.3090169943749474	1.0	0.02597536364221025	0.03581534507093676	0.09441236111871987	0.040571845123935045	0.02516173344162431	1.0	0.00954997781181058	1.0	1.0	0.005262792126449751	1.0	0.013404473847256031	0.011934402433039363	0.01769564339348237	0.004833281916436266	1.0	1.0	0.005349922375275656	0.23626976647193693	1.0	0.003973755469326082	0.029200500157780036	0.585786437626905	0.010970105531301967
pt	1.0	0.0025301910621621654	1.0	1.0	1.0	0.0030703126113036283	0.02281450670653393	0.005008690685900233	0.047978122415521886	0.0039622501083642035	0.34833147735478825	1.0	0.024043311135132965	0.03786193461722653	0.11085483595279964	0.0472282089128012	0.023177349335634503	1.0	0.014081869323823824	1.0	1.0	0.004922767297552786	0.013404473847256031	1.0	0.011761529489260548	0.010800216959564554	0.004479008340697075	0.585786437626905	1.0	0.004878075340004761	0.09068581928623479	0.5	0.0037440698785753284	0.029129958707587993	0.5	0.0139091150071701
ro	1.0	0.023888089796143652	1.0	0.0	0.585786437626905	0.013515528939080892	0.06425137991137228	0.023809728629635377	0.012822053927144896	0.023919432291241046	0.4142135623730951	1.0	0.04089848925719071	0.03988384828767751	0.05539756885398562	0.034426277416992175	0.034568678082607905	1.0	0.011579431991420669	1.0	1.0	0.014376210065895343	0.011934402433039363	0.011761529489260548	1.0	0.015705232387720366	0.013266918041197732	1.0	1.0	0.013243752339443434	0.0647349462404201	1.0	0.013275676456441905	0.013120096511099848	1.0	0.012031945511547478
ru	1.0	0.0029840021332891687	1.0	1.0	0.585786437626905	0.0032290605552799927	0.03220172990073902	0.005662511101929886	0.03311728858057951	0.004395578375517333	0.3660254037844386	1.0	0.04472957188910919	0.03645337395543034	0.0944218468923881	0.03761425666347774	0.046516513063766446	1.0	0.007253473219875411	1.0	1.0	0.005521815925050031	0.01769564339348237	0.010800216959564554	0.015705232387720366	1.0	0.004967892520412185	1.0	1.0	0.00566665463734558	0.1084173362933895	1.0	0.004086057755643049	0.02778140472030841	1.0	0.010147769265512965
sh	1.0	0.0033829460282010348	1.0	1.0	1.0	0.00475480383775191	0.03449329037688131	0.005983129072081159	0.019469351316307004	0.006496853987478879	0.3660254037844386	0.0	0.07481703901984102	0.03458960071885983	0.08225550051602487	0.035456841531890444	0.10028131936927084	0.0	0.004034746410406795	0.0	1.0	0.008674741383709097	0.004833281916436266	0.004479008340697075	0.013266918041197732	0.004967892520412185	1.0	1.0	1.0	0.0074956386082436	0.07364791161950583	1.0	0.005433441184644874	0.01817793618179028	1.0	0.005191131802955148
si	1.0	1.0	1.0	1.0	1.0	0.585786437626905	1.0	0.585786437626905	1.0	1.0	1.0	1.0	1.0	1.0	1.0	1.0	1.0	1.0	1.0	1.0	1.0	0.585786437626905	1.0	0.585786437626905	1.0	1.0	1.0	1.0	0.585786437626905	1.0	1.0	1.0	0.4364916731037085	1.0	1.0	1.0
simple	1.0	1.0	1.0	0.0	1.0	1.0	1.0	0.585786437626905	1.0	1.0	1.0	1.0	1.0	1.0	1.0	1.0	1.0	1.0	1.0	1.0	1.0	1.0	1.0	1.0	1.0	1.0	1.0	0.585786437626905	1.0	1.0	1.0	1.0	1.0	1.0	1.0	1.0
sr	1.0	0.0028198326172462758	1.0	1.0	1.0	0.0038057853694921425	0.0326440224168289	0.005375306737702293	0.01947367458907054	0.006007038042929215	0.5	1.0	0.06522650168538875	0.034587971388069974	0.07199177908718365	0.03497774830951811	0.13502853077674526	1.0	0.004575635021997548	1.0	1.0	0.008036903076315832	0.005349922375275656	0.004878075340004761	0.013243752339443434	0.00566665463734558	0.0074956386082436	1.0	1.0	1.0	0.07407716979265289	1.0	0.005540795397699497	0.01815842358180333	1.0	0.0052597397762100834
sv	1.0	0.054868271461762486	1.0	1.0	1.0	0.06733216006021445	0.08025132961038714	0.0310012449466873	0.06571859885379845	0.0549558707731801	1.0	1.0	0.07615237500962287	0.0493990877567377	0.15487303718623435	0.04863645232654471	0.07821938818445855	1.0	0.04864654343233791	1.0	1.0	0.07353868316947487	0.23626976647193693	0.09068581928623479	0.0647349462404201	0.1084173362933895	0.07364791161950583	1.0	1.0	0.07407716979265289	1.0	1.0	0.07195692685443437	0.055997300244053375	1.0	0.07459624546673983
te	1.0	1.0	1.0	1.0	0.585786437626905	0.5	1.0	0.585786437626905	1.0	1.0	1.0	1.0	0.585786437626905	0.585786437626905	0.5	1.0	1.0	1.0	1.0	1.0	1.0	0.585786437626905	1.0	0.5	1.0	1.0	1.0	1.0	1.0	1.0	1.0	1.0	1.0	0.585786437626905	1.0	1.0
tr	1.0	0.0033815388022039213	1.0	1.0	0.585786437626905	0.003972928094682074	0.03443523526540875	0.005372682365095734	0.01923137702367251	0.0052041470037091035	0.3660254037844386	1.0	0.07752996716817863	0.03462549047737194	0.0702311450740594	0.035259490804369985	0.1242165922850846	1.0	0.0035472597873567728	1.0	1.0	0.0051157615643891005	0.003973755469326082	0.0037440698785753284	0.013275676456441905	0.004086057755643049	0.005433441184644874	0.4364916731037085	1.0	0.005540795397699497	0.07195692685443437	1.0	1.0	0.01810179167259456	1.0	0.004617543005517086
vi	1.0	0.011385430486930066	1.0	0.0	1.0	0.01910859384772356	0.02597890125939882	0.008700005172559097	0.03323457300326568	0.012105641933353117	1.0	1.0	0.02314455075677021	0.04392570825270357	0.07345574146839479	0.05802554576665688	0.022048672177866904	1.0	0.03539583539050732	1.0	1.0	0.018895089420364955	0.029200500157780036	0.029129958707587993	0.013120096511099848	0.02778140472030841	0.01817793618179028	1.0	1.0	0.01815842358180333	0.055997300244053375	0.585786437626905	0.01810179167259456	1.0	0.5	0.023593827628865294
war	1.0	1.0	1.0	1.0	0.585786437626905	0.39564392373896007	1.0	0.3430703308172536	1.0	1.0	1.0	1.0	0.39564392373896007	0.4364916731037085	0.5	1.0	1.0	1.0	1.0	1.0	1.0	0.585786437626905	0.585786437626905	0.5	1.0	1.0	1.0	1.0	1.0	1.0	1.0	1.0	1.0	0.5	1.0	1.0
zh	1.0	0.0035855215410267502	1.0	1.0	0.585786437626905	0.004745296531518161	0.023325078946995915	0.00611685801126908	0.030394835602415324	0.004263071394870279	0.4142135623730951	1.0	0.025546212761357347	0.03349981288454834	0.08728448668207828	0.04045466278108836	0.024606207777934774	1.0	0.010613355436827981	1.0	1.0	0.005395315574728477	0.010970105531301967	0.0139091150071701	0.012031945511547478	0.010147769265512965	0.005191131802955148	1.0	1.0	0.0052597397762100834	0.07459624546673983	1.0	0.004617543005517086	0.023593827628865294	1.0	1.0
