arz	bs	ceb	ckb	da	de	el	en	es	fr	he	hi	hu	id	it	ja	ko	lv	mk	ml	mr	nl	pl	pt	ro	ru	sh	si	simple	sr	sv	te	tr	vi	war	zh
arz	0.2	0.25	1.0	0.3333333333333333	0.25	0.2	0.25	0.2	0.2	0.2	0.25	0.25	0.2	0.2	0.2	0.2	0.2	0.25	0.25	0.3333333333333333	1.0	0.25	0.25	0.2	0.25	0.2	0.2	1.0	0.25	0.2	0.2	0.5	0.5	0.25	0.3333333333333333	0.25
bs	0.25	0.008115365900854536	0.3333333333333333	0.07142857142857142	0.012195568114217726	0.008928651147959184	0.012987012987012988	0.008772853262619344	0.009434318262726948	0.009091570247933884	0.011904761904761904	0.013333333333333334	0.010101418222630342	0.010991064243448858	0.009615939349112427	0.009523809523809525	0.011494252873563218	0.012500468749999999	0.015625	0.02	0.07142857142857142	0.009708832123668583	0.009804594482891194	0.008695879017013233	0.010527645872687091	0.008695652173913044	0.008064971383975024	0.058823529411764705	0.01315841412742382	0.008064971383975024	0.009434585350747685	0.03571428571428571	0.09090909090909091	0.010870983223062382	0.03225806451612903	0.009433962264150943
ceb	1.0	0.3333333333333333	0.3333333333333333	0.5	0.3333333333333333	0.3333333333333333	0.5	0.3333333333333333	0.3333333333333333	0.3333333333333333	0.5	0.5	0.3333333333333333	0.3333333333333333	0.3333333333333333	0.5	0.5	0.3333333333333333	0.5	0.5	0.5	0.3333333333333333	0.3333333333333333	0.3333333333333333	0.3333333333333333	0.3333333333333333	0.3333333333333333	1.0	0.3333333333333333	0.3333333333333333	0.3333333333333333	0.5	-1.0	0.3333333333333333	0.3333333333333333	0.3333333333333333
ckb	0.3333333333333333	0.07142857142857142	0.5	0.05263157894736842	0.058823529411764705	0.05263157894736842	0.058823529411764705	0.05263157894736842	0.05263157894736842	0.05263157894736842	0.05263157894736842	0.08333333333333333	0.05555555555555555	0.05263157894736842	0.05263157894736842	0.05555555555555555	0.058823529411764705	0.07692307692307693	0.058823529411764705	0.07142857142857142	0.2	0.05263157894736842	0.05263157894736842	0.05555555555555555	0.0625	0.05555555555555555	0.058823529411764705	0.14285714285714285	0.05555555555555555	0.058823529411764705	0.05555555555555555	0.125	0.3333333333333333	0.058823529411764705	0.125	0.05555555555555555
da	0.25	0.012195568114217726	0.3333333333333333	0.058823529411764705	0.0058601182054268276	0.006535990431030801	0.008928571428571428	0.006536332222649407	0.006896741973840666	0.006579207063711912	0.00847457627118644	0.010526315789473684	0.007143061224489796	0.007874387748775497	0.006896694411414981	0.006896551724137931	0.008064516129032258	0.009615384615384616	0.012987012987012988	0.016666666666666666	0.05	0.006756848064280497	0.006757030724981737	0.006250078125	0.00775211826212367	0.006172839506172839	0.005988059808526659	0.05555555555555555	0.01	0.00598813152138836	0.006410297501643656	0.024390243902439025	0.09091735537190083	0.007936822877299068	0.027777777777777776	0.007142857142857143
de	0.2	0.008928651147959184	0.3333333333333333	0.05263157894736842	0.006535990431030801	0.0012993171747044056	0.004651162790697674	0.0013606330714054321	0.002040832986255726	0.001636685321747236	0.005494505494505495	0.005050505050505051	0.002890206822813993	0.004149463680033058	0.001893975264003673	0.0018587360594795538	0.004219409282700422	0.005952380952380952	0.009009009009009009	0.012658227848101266	0.037037037037037035	0.0020161900079669606	0.0022173440641884744	0.002816925213251339	0.004761972811791384	0.002785515320334262	0.0020243570620728083	0.05263157894736842	0.005405434623813003	0.00201210887457542	0.0036364165289256203	0.019230769230769232	0.05555555555555555	0.0028902318821210195	0.02631578947368421	0.00199203187250996
el	0.25	0.012987012987012988	0.5	0.058823529411764705	0.008928571428571428	0.004651162790697674	0.004608294930875576	0.004651162790697674	0.005405405405405406	0.0049261083743842365	0.007751937984496124	0.00909090909090909	0.005714285714285714	0.006622516556291391	0.005076142131979695	0.005076142131979695	0.0070921985815602835	0.008849557522123894	0.01282051282051282	0.016666666666666666	0.047619047619047616	0.005050505050505051	0.005555555555555556	0.00641025641025641	0.007751937984496124	0.006493506493506494	0.005813953488372093	0.05555555555555555	0.008849557522123894	0.005813953488372093	0.00684931506849315	0.02631578947368421	0.16666666666666666	0.006329113924050633	0.02857142857142857	0.005050505050505051
en	0.2	0.008772853262619344	0.3333333333333333	0.05263157894736842	0.006536332222649407	0.0013606330714054321	0.004651162790697674	0.0012736022176466594	0.001953254711151122	0.0015849945323625364	0.0054945356840961235	0.005025125628140704	0.002785771378248152	0.004099099821956463	0.0018219449504381265	0.0017513134851138354	0.004081632653061225	0.005917369839991597	0.008771929824561403	0.012658227848101266	0.03571428571428571	0.0019571386675142936	0.002169597432752547	0.0028012616968355972	0.004608507315933657	0.0026041734483506942	0.001811873217959075	0.05263157894736842	0.005376517516475893	0.0018020485642464114	0.003533843648978025	0.018867924528301886	0.05263434903047091	0.0027935613822914394	0.02631578947368421	0.0019011406844106464
es	0.2	0.009434318262726948	0.3333333333333333	0.05263157894736842	0.006896741973840666	0.002040832986255726	0.005405405405405406	0.001953254711151122	0.001954889029170679	0.00215987386235883	0.0056179775280898875	0.006024096385542169	0.003311302135871234	0.004444701234567902	0.002288476140106509	0.0023094688221709007	0.004424778761061947	0.006097560975609756	0.009345794392523364	0.012658227848101266	0.037037037037037035	0.002590733986153997	0.002584052781283176	0.0034129692832764505	0.0050506070809101114	0.003257328990228013	0.0027624919950550958	0.05263157894736842	0.005780447058037355	0.0027548740599078686	0.003968301209372638	0.019230769230769232	0.05555864197530863	0.0032895061461218835	0.02631578947368421	0.002570694087403599
fr	0.2	0.009091570247933884	0.3333333333333333	0.05263157894736842	0.006579207063711912	0.001636685321747236	0.0049261083743842365	0.0015849945323625364	0.00215987386235883	0.0015263046947515805	0.005649717514124294	0.005263157894736842	0.0030488734384295055	0.0042738513222295264	0.002074848069936813	0.001941747572815534	0.0041841004184100415	0.006024096385542169	0.008849557522123894	0.012658227848101266	0.03571428571428571	0.00219303054786088	0.002347577641120589	0.0030211571635892333	0.004784849247956777	0.0028735632183908046	0.002272840914256198	0.05263157894736842	0.005814122532449973	0.0022625202289060413	0.0036900777494859823	0.019230769230769232	0.05263434903047091	0.003195041298778185	0.02631578947368421	0.002145922746781116
he	0.25	0.011904761904761904	0.5	0.05263157894736842	0.00847457627118644	0.005494505494505495	0.007751937984496124	0.0054945356840961235	0.0056179775280898875	0.005649717514124294	0.005494716821639899	0.00980392156862745	0.006172839506172839	0.006993006993006993	0.005681818181818182	0.005813953488372093	0.007246376811594203	0.008849557522123894	0.011235955056179775	0.015151515151515152	0.047619047619047616	0.005952380952380952	0.0058823529411764705	0.0064516129032258064	0.008064516129032258	0.0064516129032258064	0.006289308176100629	0.05263157894736842	0.00909090909090909	0.006289308176100629	0.006666666666666667	0.027777777777777776	0.14285714285714285	0.00641025641025641	0.027777777777777776	0.005952380952380952
hi	0.25	0.013333333333333334	0.5	0.08333333333333333	0.010526315789473684	0.005050505050505051	0.00909090909090909	0.005025125628140704	0.006024096385542169	0.005263157894736842	0.00980392156862745	0.005	0.00641025641025641	0.007352941176470588	0.005405405405405406	0.0053475935828877	0.008333333333333333	0.01	0.015151515151515152	0.01694915254237288	0.05555555555555555	0.005494505494505495	0.005988023952095809	0.006896551724137931	0.007874015748031496	0.00684931506849315	0.00641025641025641	0.07142857142857142	0.008695652173913044	0.00641025641025641	0.007936507936507936	0.024390243902439025	0.14285714285714285	0.006578947368421052	0.030303030303030304	0.005235602094240838
hu	0.2	0.010101418222630342	0.3333333333333333	0.05555555555555555	0.007143061224489796	0.002890206822813993	0.005714285714285714	0.002785771378248152	0.003311302135871234	0.0030488734384295055	0.006172839506172839	0.00641025641025641	0.0027878443460251333	0.004807923446745562	0.003164737221599103	0.0032258064516129032	0.004830917874396135	0.0063694673211895005	0.009615384615384616	0.013333333333333334	0.037037037037037035	0.003257382041188766	0.0034015456522745154	0.004149429245364233	0.005291145264690238	0.004	0.0035337187379040815	0.05263157894736842	0.006329153981733697	0.003533631335139657	0.004545578512396693	0.020833333333333332	0.16666666666666666	0.004032323100936525	0.02631578947368421	0.0033222591362126247
id	0.2	0.010991064243448858	0.3333333333333333	0.05263157894736842	0.007874387748775497	0.004149463680033058	0.006622516556291391	0.004099099821956463	0.004444701234567902	0.0042738513222295264	0.006993006993006993	0.007352941176470588	0.004807923446745562	0.004127181299849048	0.004348204177693762	0.0044444444444444444	0.005681818181818182	0.00775211826212367	0.010416666666666666	0.013888888888888888	0.043478260869565216	0.004525153068118998	0.004608910913419312	0.0053192338162064276	0.006097895597858418	0.005128205128205128	0.004950789162851705	0.05263157894736842	0.006896741973840666	0.004950666601313596	0.00558693548890484	0.022222222222222223	0.07144387755102041	0.005051015330093867	0.026316481994459833	0.004329004329004329
it	0.2	0.009615939349112427	0.3333333333333333	0.05263157894736842	0.006896694411414981	0.001893975264003673	0.005076142131979695	0.0018219449504381265	0.002288476140106509	0.002074848069936813	0.005681818181818182	0.005405405405405406	0.003164737221599103	0.004348204177693762	0.0018382760787254658	0.0022123893805309734	0.004366812227074236	0.006211257281740674	0.009009009009009009	0.01282051282051282	0.041666666666666664	0.0024391731171921473	0.002531985316468514	0.0032574032615730673	0.004831127914303717	0.0031847133757961785	0.0026526465394113795	0.05263157894736842	0.005814054894537588	0.0026456286218190976	0.003968458679768203	0.0196078431372549	0.05882698961937716	0.0031646771350745074	0.02631578947368421	0.0024330900243309003
ja	0.2	0.009523809523809525	0.5	0.05555555555555555	0.006896551724137931	0.0018587360594795538	0.005076142131979695	0.0017513134851138354	0.0023094688221709007	0.001941747572815534	0.005813953488372093	0.0053475935828877	0.0032258064516129032	0.0044444444444444444	0.0022123893805309734	0.0017006831644222314	0.0041841004184100415	0.006172839506172839	0.008849557522123894	0.012658227848101266	0.03571428571428571	0.0023584905660377358	0.0025	0.0033444816053511705	0.0048543689320388345	0.003134796238244514	0.0024691358024691358	0.058823529411764705	0.005917159763313609	0.0024630541871921183	0.003952569169960474	0.0196078431372549	0.06666666666666667	0.003367003367003367	0.02702702702702703	0.0022172949002217295
ko	0.2	0.011494252873563218	0.5	0.058823529411764705	0.008064516129032258	0.004219409282700422	0.0070921985815602835	0.004081632653061225	0.004424778761061947	0.0041841004184100415	0.007246376811594203	0.008333333333333333	0.004830917874396135	0.005681818181818182	0.004366812227074236	0.0041841004184100415	0.004081632653061225	0.007194244604316547	0.01	0.013333333333333334	0.037037037037037035	0.004545454545454545	0.004608294930875576	0.0053475935828877	0.006211180124223602	0.005154639175257732	0.0048543689320388345	0.0625	0.008	0.004830917874396135	0.005434782608695652	0.025	0.09090909090909091	0.005405405405405406	0.02702702702702703	0.004405286343612335
lv	0.25	0.012500468749999999	0.3333333333333333	0.07692307692307693	0.009615384615384616	0.005952380952380952	0.008849557522123894	0.005917369839991597	0.006097560975609756	0.006024096385542169	0.008849557522123894	0.01	0.0063694673211895005	0.00775211826212367	0.006211257281740674	0.006172839506172839	0.007194244604316547	0.005923363895390858	0.0136986301369863	0.015873015873015872	0.043478260869565216	0.006172953818015547	0.006060642791551883	0.007092248880841004	0.008064516129032258	0.007194244604316547	0.006802721088435374	0.07142857142857142	0.009804017685505576	0.006802721088435374	0.0072993233523363	0.02631578947368421	0.14285714285714285	0.006802859965755009	0.02702702702702703	0.006289308176100629
mk	0.25	0.015625	0.5	0.058823529411764705	0.012987012987012988	0.009009009009009009	0.01282051282051282	0.008771929824561403	0.009345794392523364	0.008849557522123894	0.011235955056179775	0.015151515151515152	0.009615384615384616	0.010416666666666666	0.009009009009009009	0.008849557522123894	0.01	0.0136986301369863	0.008771929824561403	0.018867924528301886	0.0625	0.009259259259259259	0.009345794392523364	0.010638297872340425	0.010416666666666666	0.01	0.00980392156862745	0.07692307692307693	0.015151515151515152	0.00980392156862745	0.010638297872340425	0.05	0.16666666666666666	0.010638297872340425	0.03333333333333333	0.009433962264150943
ml	0.3333333333333333	0.02	0.5	0.07142857142857142	0.016666666666666666	0.012658227848101266	0.016666666666666666	0.012658227848101266	0.012658227848101266	0.012658227848101266	0.015151515151515152	0.01694915254237288	0.013333333333333334	0.013888888888888888	0.01282051282051282	0.012658227848101266	0.013333333333333334	0.015873015873015872	0.018867924528301886	0.012658227848101266	0.0625	0.012987012987012988	0.01282051282051282	0.014285714285714285	0.015873015873015872	0.014285714285714285	0.014492753623188406	0.07142857142857142	0.01694915254237288	0.014492753623188406	0.014492753623188406	0.043478260869565216	0.1111111111111111	0.013888888888888888	0.038461538461538464	0.012658227848101266
mr	1.0	0.07142857142857142	0.5	0.2	0.05	0.037037037037037035	0.047619047619047616	0.03571428571428571	0.037037037037037035	0.03571428571428571	0.047619047619047616	0.05555555555555555	0.037037037037037035	0.043478260869565216	0.041666666666666664	0.03571428571428571	0.037037037037037035	0.043478260869565216	0.0625	0.0625	0.03571428571428571	0.03571428571428571	0.037037037037037035	0.041666666666666664	0.05	0.04	0.038461538461538464	0.2	0.045454545454545456	0.038461538461538464	0.04	0.125	0.5	0.037037037037037035	0.09090909090909091	0.03571428571428571
nl	0.25	0.009708832123668583	0.3333333333333333	0.05263157894736842	0.006756848064280497	0.0020161900079669606	0.005050505050505051	0.0019571386675142936	0.002590733986153997	0.00219303054786088	0.005952380952380952	0.005494505494505495	0.003257382041188766	0.004525153068118998	0.0024391731171921473	0.0023584905660377358	0.004545454545454545	0.006172953818015547	0.009259259259259259	0.012987012987012988	0.03571428571428571	0.001949834430261509	0.0028654690848186797	0.0033333555555555556	0.004902104983660131	0.003436426116838488	0.0027248847344623537	0.05263157894736842	0.006024132675279431	0.002717479914933837	0.004048681342097067	0.02	0.0526398891966759	0.0035336563073580644	0.02631578947368421	0.0024813895781637717
pl	0.25	0.009804594482891194	0.3333333333333333	0.05263157894736842	0.006757030724981737	0.0022173440641884744	0.005555555555555556	0.002169597432752547	0.002584052781283176	0.002347577641120589	0.0058823529411764705	0.005988023952095809	0.0034015456522745154	0.004608910913419312	0.002531985316468514	0.0025	0.004608294930875576	0.006060642791551883	0.009345794392523364	0.01282051282051282	0.037037037037037035	0.0028654690848186797	0.002129748005903749	0.0035714540816326533	0.005025453927931112	0.003424657534246575	0.0030489663983491967	0.05263157894736842	0.006211565950387717	0.003030514242424243	0.0040488616597551185	0.02	0.05555555555555555	0.0034486088109393575	0.02631578947368421	0.002777777777777778
pt	0.2	0.008695879017013233	0.3333333333333333	0.05555555555555555	0.006250078125	0.002816925213251339	0.00641025641025641	0.0028012616968355972	0.0034129692832764505	0.0030211571635892333	0.0064516129032258064	0.006896551724137931	0.004149429245364233	0.0053192338162064276	0.0032574032615730673	0.0033444816053511705	0.0053475935828877	0.007092248880841004	0.010638297872340425	0.014285714285714285	0.041666666666666664	0.0033333555555555556	0.0035714540816326533	0.002009359444965539	0.004048746906194168	0.0025188916876574307	0.0020704576769586215	0.05263157894736842	0.007692366863905326	0.002070449099614641	0.00316459701970838	0.01639344262295082	0.05263157894736842	0.004651206057328286	0.027777777777777776	0.0034482758620689655
ro	0.25	0.010527645872687091	0.3333333333333333	0.0625	0.00775211826212367	0.004761972811791384	0.007751937984496124	0.004608507315933657	0.0050506070809101114	0.004784849247956777	0.008064516129032258	0.007874015748031496	0.005291145264690238	0.006097895597858418	0.004831127914303717	0.0048543689320388345	0.006211180124223602	0.008064516129032258	0.010416666666666666	0.015873015873015872	0.05	0.004902104983660131	0.005025453927931112	0.004048746906194168	0.003708375612599896	0.0038910505836575876	0.0037315799871909102	0.05555555555555555	0.008695954631379961	0.0037454726535650655	0.00458724013130208	0.0196078431372549	0.16666666666666666	0.0059526998299319735	0.02857142857142857	0.004878048780487805
ru	0.2	0.008695652173913044	0.3333333333333333	0.05555555555555555	0.006172839506172839	0.002785515320334262	0.006493506493506494	0.0026041734483506942	0.003257328990228013	0.0028735632183908046	0.0064516129032258064	0.00684931506849315	0.004	0.005128205128205128	0.0031847133757961785	0.003134796238244514	0.005154639175257732	0.007194244604316547	0.01	0.014285714285714285	0.04	0.003436426116838488	0.003424657534246575	0.0025188916876574307	0.0038910505836575876	0.0018622251351566913	0.0019230769230769232	0.05	0.006993006993006993	0.0019157088122605363	0.0030864197530864196	0.015384615384615385	0.05263157894736842	0.004347826086956522	0.02857142857142857	0.0031746031746031746
sh	0.2	0.008064971383975024	0.3333333333333333	0.058823529411764705	0.005988059808526659	0.0020243570620728083	0.005813953488372093	0.001811873217959075	0.0027624919950550958	0.002272840914256198	0.006289308176100629	0.00641025641025641	0.0035337187379040815	0.004950789162851705	0.0026526465394113795	0.0024691358024691358	0.0048543689320388345	0.006802721088435374	0.00980392156862745	0.014492753623188406	0.038461538461538464	0.0027248847344623537	0.0030489663983491967	0.0020704576769586215	0.0037315799871909102	0.0019230769230769232	0.0013073137980831122	0.05	0.006944492669753086	0.0012987856367026474	0.0027701751828178114	0.015151515151515152	0.14285714285714285	0.0038911414253054557	0.027777777777777776	0.002638522427440633
si	1.0	0.058823529411764705	1.0	0.14285714285714285	0.05555555555555555	0.05263157894736842	0.05555555555555555	0.05263157894736842	0.05263157894736842	0.05263157894736842	0.05263157894736842	0.07142857142857142	0.05263157894736842	0.05263157894736842	0.05263157894736842	0.058823529411764705	0.0625	0.07142857142857142	0.07692307692307693	0.07142857142857142	0.2	0.05263157894736842	0.05263157894736842	0.05263157894736842	0.05555555555555555	0.05	0.05	0.05	0.058823529411764705	0.05	0.05263157894736842	0.1	1.0	0.05555555555555555	0.09090909090909091	0.05555555555555555
simple	0.25	0.01315841412742382	0.3333333333333333	0.05555555555555555	0.01	0.005405434623813003	0.008849557522123894	0.005376517516475893	0.005780447058037355	0.005814122532449973	0.00909090909090909	0.008695652173913044	0.006329153981733697	0.006896741973840666	0.005814054894537588	0.005917159763313609	0.008	0.009804017685505576	0.015151515151515152	0.01694915254237288	0.045454545454545456	0.006024132675279431	0.006211565950387717	0.007692366863905326	0.008695954631379961	0.006993006993006993	0.006944492669753086	0.058823529411764705	0.005386393783110118	0.006944492669753086	0.0076924260355029596	0.022727272727272728	0.07143367346938775	0.006097858454788815	0.02631578947368421	0.005813953488372093
sr	0.2	0.008064971383975024	0.3333333333333333	0.058823529411764705	0.00598813152138836	0.00201210887457542	0.005813953488372093	0.0018020485642464114	0.0027548740599078686	0.0022625202289060413	0.006289308176100629	0.00641025641025641	0.003533631335139657	0.004950666601313596	0.0026456286218190976	0.0024630541871921183	0.004830917874396135	0.006802721088435374	0.00980392156862745	0.014492753623188406	0.038461538461538464	0.002717479914933837	0.003030514242424243	0.002070449099614641	0.0037454726535650655	0.0019157088122605363	0.0012987856367026474	0.05	0.006944492669753086	0.001295989611879608	0.002754987903072801	0.015151515151515152	0.1	0.003891201986404033	0.027777777777777776	0.0026246719160104987
sv	0.2	0.009434585350747685	0.3333333333333333	0.05555555555555555	0.006410297501643656	0.0036364165289256203	0.00684931506849315	0.003533843648978025	0.003968301209372638	0.0036900777494859823	0.006666666666666667	0.007936507936507936	0.004545578512396693	0.00558693548890484	0.003968458679768203	0.003952569169960474	0.005434782608695652	0.0072993233523363	0.010638297872340425	0.014492753623188406	0.04	0.004048681342097067	0.0040488616597551185	0.00316459701970838	0.00458724013130208	0.0030864197530864196	0.0027701751828178114	0.05263157894736842	0.0076924260355029596	0.002754987903072801	0.002742378194606087	0.018867924528301886	0.07692307692307693	0.0050253276684932196	0.027777777777777776	0.004081632653061225
te	0.5	0.03571428571428571	0.5	0.125	0.024390243902439025	0.019230769230769232	0.02631578947368421	0.018867924528301886	0.019230769230769232	0.019230769230769232	0.027777777777777776	0.024390243902439025	0.020833333333333332	0.022222222222222223	0.0196078431372549	0.0196078431372549	0.025	0.02631578947368421	0.05	0.043478260869565216	0.125	0.02	0.02	0.01639344262295082	0.0196078431372549	0.015384615384615385	0.015151515151515152	0.1	0.022727272727272728	0.015151515151515152	0.018867924528301886	0.015151515151515152	0.16666666666666666	0.020833333333333332	0.0625	0.0196078431372549
tr	0.5	0.09090909090909091	-1.0	0.3333333333333333	0.09091735537190083	0.05555555555555555	0.16666666666666666	0.05263434903047091	0.05555864197530863	0.05263434903047091	0.14285714285714285	0.14285714285714285	0.16666666666666666	0.07144387755102041	0.05882698961937716	0.06666666666666667	0.09090909090909091	0.14285714285714285	0.16666666666666666	0.1111111111111111	0.5	0.0526398891966759	0.05555555555555555	0.05263157894736842	0.16666666666666666	0.05263157894736842	0.14285714285714285	1.0	0.07143367346938775	0.1	0.07692307692307693	0.16666666666666666	0.0500400325200075	0.07692307692307693	0.5	0.06666666666666667
vi	0.25	0.010870983223062382	0.3333333333333333	0.058823529411764705	0.007936822877299068	0.0028902318821210195	0.006329113924050633	0.0027935613822914394	0.0032895061461218835	0.003195041298778185	0.00641025641025641	0.006578947368421052	0.004032323100936525	0.005051015330093867	0.0031646771350745074	0.003367003367003367	0.005405405405405406	0.006802859965755009	0.010638297872340425	0.013888888888888888	0.037037037037037035	0.0035336563073580644	0.0034486088109393575	0.004651206057328286	0.0059526998299319735	0.004347826086956522	0.0038911414253054557	0.05555555555555555	0.006097858454788815	0.003891201986404033	0.0050253276684932196	0.020833333333333332	0.07692307692307693	0.002798541422654195	0.02631578947368421	0.003389830508474576
war	0.3333333333333333	0.03225806451612903	0.3333333333333333	0.125	0.027777777777777776	0.02631578947368421	0.02857142857142857	0.02631578947368421	0.02631578947368421	0.02631578947368421	0.027777777777777776	0.030303030303030304	0.02631578947368421	0.026316481994459833	0.02631578947368421	0.02702702702702703	0.02702702702702703	0.02702702702702703	0.03333333333333333	0.038461538461538464	0.09090909090909091	0.02631578947368421	0.02631578947368421	0.027777777777777776	0.02857142857142857	0.02857142857142857	0.027777777777777776	0.09090909090909091	0.02631578947368421	0.027777777777777776	0.027777777777777776	0.0625	0.5	0.02631578947368421	0.026317867728531855	0.02631578947368421
zh	0.25	0.009433962264150943	0.3333333333333333	0.05555555555555555	0.007142857142857143	0.00199203187250996	0.005050505050505051	0.0019011406844106464	0.002570694087403599	0.002145922746781116	0.005952380952380952	0.005235602094240838	0.0033222591362126247	0.004329004329004329	0.0024330900243309003	0.0022172949002217295	0.004405286343612335	0.006289308176100629	0.009433962264150943	0.012658227848101266	0.03571428571428571	0.0024813895781637717	0.002777777777777778	0.0034482758620689655	0.004878048780487805	0.0031746031746031746	0.002638522427440633	0.05555555555555555	0.005813953488372093	0.0026246719160104987	0.004081632653061225	0.0196078431372549	0.06666666666666667	0.003389830508474576	0.02631578947368421	0.0018832391713747645
