arz	bs	ceb	ckb	da	de	el	en	es	fr	he	hi	hu	id	it	ja	ko	lv	mk	ml	mr	nl	pl	pt	ro	ru	sh	si	simple	sr	sv	te	vi	war	zh
arz	1.0	0.6512667660208644	0.6190476190476191	0.6368876080691642	0.5885337392186707	0.5512820512820512	0.6052631578947368	0.55	0.5606060606060607	0.55	0.5869565217391304	0.5714285714285714	0.599157229391625	0.6230088495575222	0.5718099305926322	0.5625	0.5909090909090909	0.6111111111111112	0.6485461441213655	0.625	0.7118644067796611	0.5689655172413793	0.5973223480947477	0.5963302752293578	0.623225806451613	0.5634209765963594	0.6318082788671023	0.5294117647058824	0.6176470588235294	0.6176470588235294	0.5645161290322581	0.5294117647058824	0.5909090909090909	0.64	0.5825404017520012
bs	0.6512667660208644	1.0	0.5925925925925926	0.6870937790157845	0.6262352257314474	0.5765171503957783	0.7003780718336484	0.576559650770846	0.5985384526157058	0.5698504647716557	0.6441119063109955	0.5769230769230769	0.6629283489096574	0.6735225955967554	0.6163370746481383	0.6151006711409396	0.6634131462559097	0.6734006734006734	0.6875	0.6721991701244814	0.6126949973103819	0.6047308878985258	0.6223762757558252	0.6589720468890894	0.6906598114824336	0.5783401563081504	0.7876258992805755	0.5217391304347826	0.661049902786779	0.705183228788379	0.5922246960095907	0.5217391304347826	0.6252293577981651	0.6333333333333333	0.6354145342886387
ceb	0.6190476190476191	0.5925925925925926	1.0	0.6086956521739131	0.5531914893617021	0.5333333333333333	0.5714285714285714	0.5324675324675325	0.5396825396825397	0.5324675324675325	0.5581395348837209	0.5625	0.5641025641025641	0.5757575757575757	0.543859649122807	0.540983606557377	0.5609756097560976	0.5757575757575757	0.5925925925925926	0.631578947368421	0.6470588235294118	0.5454545454545455	0.5531914893617021	0.5609756097560976	0.5714285714285714	0.5373134328358209	0.5862068965517242	0.75	0.5806451612903225	0.5806451612903225	0.5423728813559322	0.75	0.5609756097560976	0.896551724137931	0.5531914893617021
ckb	0.6368876080691642	0.6870937790157845	0.6086956521739131	1.0	0.5882352941176471	0.5569620253164557	0.6356164383561643	0.5574210879785091	0.5716051926643314	0.5555555555555556	0.604114400401405	0.5909090909090909	0.6123650637880275	0.6432350718065003	0.5762946204122674	0.5730685131195336	0.6038543897216274	0.655581947743468	0.6374501992031872	0.6568144499178982	0.6346153846153847	0.576271186440678	0.5882352941176471	0.6051873198847263	0.6210045662100456	0.5692108667529108	0.6631578947368422	0.5263157894736842	0.6111111111111112	0.6534653465346535	0.5907172995780591	0.5263157894736842	0.6000000000000001	0.6296296296296295	0.5932932072226998
da	0.5885337392186707	0.6262352257314474	0.5531914893617021	0.5882352941176471	1.0	0.6153846153846154	0.6298888431453273	0.6207888945319112	0.628930817610063	0.6204584775086506	0.6208425720620843	0.5434782608695652	0.6605426794799321	0.6199833933019652	0.6332935357325602	0.6415711947626841	0.6563282336578582	0.625	0.610016155088853	0.5777777777777777	0.5625	0.638888888888889	0.6596858638743456	0.6230237154150198	0.6504374286801065	0.6265060240963854	0.637065637065637	0.5116279069767442	0.6205997392438071	0.6246172688303735	0.6380789022298455	0.5116279069767442	0.6351791530944626	0.5800000000000001	0.6294277929155313
de	0.5512820512820512	0.5765171503957783	0.5333333333333333	0.5569620253164557	0.6153846153846154	1.0	0.5882352941176471	0.6620496107188122	0.6153846153846154	0.6531665451281764	0.6157439208682511	0.5326413548210872	0.6056868790681741	0.5877862595419847	0.6425799297726853	0.6363636363636364	0.6062830800751238	0.5886990801576872	0.5679012345679012	0.5454545454545455	0.5394736842105263	0.625	0.613086038124678	0.5955056179775281	0.5947136563876652	0.6407766990291263	0.5796216475095786	0.5070422535211268	0.5881726158763986	0.5783132530120483	0.6380351262349067	0.5070422535211268	0.6000870953694296	0.5512820512820512	0.6150049358341559
el	0.6052631578947368	0.7003780718336484	0.5714285714285714	0.6356164383561643	0.6298888431453273	0.5882352941176471	1.0	0.5929563156112428	0.605971968312005	0.5968743309783773	0.6493327197422918	0.5588235294117647	0.6642246642246643	0.6725903614457831	0.6323051948051949	0.6364712847838958	0.7012369172216936	0.6714905933429812	0.6354378818737271	0.6171773845489857	0.5833333333333333	0.6344294003868473	0.6459784673844206	0.673469387755102	0.6699751861042185	0.60501176796345	0.699622641509434	0.5161290322580645	0.6544715447154471	0.6714848883048621	0.6238859180035651	0.5161290322580645	0.6504927975739196	0.6052631578947368	0.6772352568167407
en	0.55	0.576559650770846	0.5324675324675325	0.5574210879785091	0.6207888945319112	0.6620496107188122	0.5929563156112428	1.0	0.623589164785553	0.6756831355230472	0.6200932648603978	0.5280748663101604	0.6088798907669853	0.5850727387729285	0.6549295774647887	0.642398655925559	0.6083232473698911	0.5853525728287503	0.5680521050157792	0.5460217263652378	0.5384615384615384	0.639448275862069	0.6227921195652174	0.598292335840618	0.5959104186952288	0.6482840800762631	0.5808671713695802	0.5068493150684932	0.5840797360091589	0.5801661542487081	0.6345772787318362	0.5068493150684932	0.607843137254902	0.55	0.6263014330170195
es	0.5606060606060607	0.5985384526157058	0.5396825396825397	0.5716051926643314	0.628930817610063	0.6153846153846154	0.605971968312005	0.623589164785553	1.0	0.6195750572447947	0.611385495191058	0.532258064516129	0.6366052607460361	0.5972222222222223	0.6263009673074569	0.6279014871351011	0.6231535860473394	0.5934661076170511	0.5835988596344122	0.5655930871956009	0.546875	0.6206896551724138	0.6329113924050632	0.6225495390484264	0.6241494637296737	0.6389157792836399	0.5975790513833993	0.5084745762711864	0.5957446808510638	0.5996106424399741	0.6309464196294441	0.5084745762711864	0.614422265954456	0.5606060606060607	0.6255672241669908
fr	0.55	0.5698504647716557	0.5324675324675325	0.5555555555555556	0.6204584775086506	0.6531665451281764	0.5968743309783773	0.6756831355230472	0.6195750572447947	1.0	0.6118411228908467	0.528714676390155	0.606228765571914	0.5861616658468601	0.6500044236043528	0.6400335096078329	0.6059925934238581	0.5840071877807727	0.5685982291575349	0.5443037974683544	0.5384615384615384	0.6342560067444147	0.6154011154011154	0.5994701652579791	0.5983009708737864	0.6345667392199541	0.5753191489361702	0.5068493150684932	0.5764705882352942	0.5788713241543431	0.6265340668641558	0.5068493150684932	0.6050420168067228	0.55	0.6218367164446035
he	0.5869565217391304	0.6441119063109955	0.5581395348837209	0.604114400401405	0.6208425720620843	0.6157439208682511	0.6493327197422918	0.6200932648603978	0.611385495191058	0.6118411228908467	1.0	0.5563234277816171	0.655530474040632	0.65472	0.632603406326034	0.6375632013811814	0.6665152891310929	0.618828932261768	0.6122448979591837	0.5985267034990792	0.5681818181818182	0.6500551267916207	0.6588235294117647	0.6673628251376494	0.6516900247320693	0.6144393241167435	0.6379794200187091	0.5128205128205129	0.6423791821561338	0.6413268832066344	0.6301369863013699	0.5128205128205129	0.6579170194750211	0.5869565217391304	0.6475320289999007
hi	0.5714285714285714	0.5769230769230769	0.5625	0.5909090909090909	0.5434782608695652	0.5326413548210872	0.5588235294117647	0.5280748663101604	0.532258064516129	0.528714676390155	0.5563234277816171	1.0	0.5526315789473684	0.5625	0.5357142857142857	0.5333333333333333	0.55	0.5829959514170041	0.5555555555555556	0.6111111111111112	0.5555555555555556	0.5370370370370371	0.5434782608695652	0.55	0.5588235294117647	0.5303030303030303	0.5714285714285714	0.5555555555555556	0.5483870967741935	0.5666666666666667	0.5344827586206896	0.5555555555555556	0.5602716468590832	0.5714285714285714	0.5457598656591099
hu	0.599157229391625	0.6629283489096574	0.5641025641025641	0.6123650637880275	0.6605426794799321	0.6056868790681741	0.6642246642246643	0.6088798907669853	0.6366052607460361	0.606228765571914	0.655530474040632	0.5526315789473684	1.0	0.6505474452554745	0.6445990532204848	0.6366082277382399	0.6737548964745383	0.6315158777711204	0.6478754732856542	0.6024859858640019	0.5750000000000001	0.6240713224368499	0.6677142857142857	0.6679561573178595	0.6755349913244649	0.6189045079980611	0.6725328947368421	0.5142857142857143	0.6438026474127557	0.6690777576853526	0.6144340088976766	0.5142857142857143	0.678475935828877	0.5952380952380952	0.6401497426298549
id	0.6230088495575222	0.6735225955967554	0.5757575757575757	0.6432350718065003	0.6199833933019652	0.5877862595419847	0.6725903614457831	0.5850727387729285	0.5972222222222223	0.5861616658468601	0.65472	0.5625	0.6505474452554745	1.0	0.6185567010309279	0.6215139442231076	0.6664209362329524	0.6459227467811158	0.6661442006269592	0.608294930875576	0.5882352941176471	0.6217982226868792	0.625	0.6688586190699859	0.7131147540983608	0.5968811614984764	0.6768253968253968	0.5172413793103449	0.677115987460815	0.6669833729216151	0.6097493803359956	0.5172413793103449	0.6472675656493968	0.6111111111111112	0.6455592105263157
it	0.5718099305926322	0.6163370746481383	0.543859649122807	0.5762946204122674	0.6332935357325602	0.6425799297726853	0.6323051948051949	0.6549295774647887	0.6263009673074569	0.6500044236043528	0.632603406326034	0.5357142857142857	0.6445990532204848	0.6185567010309279	1.0	0.66	0.6428117721787	0.6076061647632776	0.5945257092198581	0.5662066393136889	0.5517241379310345	0.6592994161801502	0.6282571912013536	0.6322236180904522	0.621576346427674	0.6287177467008075	0.6102189781021898	0.5094339622641509	0.6103151862464183	0.6049723756906077	0.6342173350582146	0.5094339622641509	0.6186219739292365	0.5666666666666667	0.667213392907641
ja	0.5625	0.6151006711409396	0.540983606557377	0.5730685131195336	0.6415711947626841	0.6363636363636364	0.6364712847838958	0.642398655925559	0.6279014871351011	0.6400335096078329	0.6375632013811814	0.5333333333333333	0.6366082277382399	0.6215139442231076	0.66	1.0	0.6351084812623273	0.5954198473282443	0.6033755274261604	0.5555555555555556	0.5483870967741935	0.654098731884058	0.620253164556962	0.6331759268562243	0.610731194108364	0.6276595744680851	0.6132075471698113	0.5087719298245614	0.6131796229942359	0.604987457577099	0.6401186672752168	0.5087719298245614	0.608772372069574	0.5625	0.6563643491897544
ko	0.5909090909090909	0.6634131462559097	0.5609756097560976	0.6038543897216274	0.6563282336578582	0.6062830800751238	0.7012369172216936	0.6083232473698911	0.6231535860473394	0.6059925934238581	0.6665152891310929	0.55	0.6737548964745383	0.6664209362329524	0.6428117721787	0.6351084812623273	1.0	0.6436041834271923	0.6427252206033245	0.5950978081546076	0.575206611570248	0.6366373902132999	0.6638998311761396	0.6693835965359144	0.6795366795366795	0.6163226116178588	0.6513589503280225	0.5135135135135135	0.6646926689810088	0.6515618974161204	0.6164383561643836	0.5135135135135135	0.6501901140684411	0.5909090909090909	0.6600759253400822
lv	0.6111111111111112	0.6734006734006734	0.5757575757575757	0.655581947743468	0.625	0.5886990801576872	0.6714905933429812	0.5853525728287503	0.5934661076170511	0.5840071877807727	0.618828932261768	0.5829959514170041	0.6315158777711204	0.6459227467811158	0.6076061647632776	0.5954198473282443	0.6436041834271923	1.0	0.625	0.611842105263158	0.5882352941176471	0.6075949367088607	0.6140350877192983	0.6413502109704642	0.6413628212791394	0.5979089522979744	0.6624815361890695	0.5172413793103449	0.6393775372124493	0.676300578034682	0.6029411764705883	0.5172413793103449	0.624113475177305	0.6111111111111112	0.6301575393848462
mk	0.6485461441213655	0.6875	0.5925925925925926	0.6374501992031872	0.610016155088853	0.5679012345679012	0.6354378818737271	0.5680521050157792	0.5835988596344122	0.5685982291575349	0.6122448979591837	0.5555555555555556	0.6478754732856542	0.6661442006269592	0.5945257092198581	0.6033755274261604	0.6427252206033245	0.625	1.0	0.609375	0.6071428571428572	0.5964497041420118	0.6163891609533138	0.6309246309246309	0.6543891958256599	0.5801801801801801	0.67828418230563	0.5217391304347826	0.6793943383805136	0.7180140038192234	0.5846153846153846	0.5217391304347826	0.6397963512940178	0.6333333333333333	0.6261585993820803
ml	0.625	0.6721991701244814	0.631578947368421	0.6568144499178982	0.5777777777777777	0.5454545454545455	0.6171773845489857	0.5460217263652378	0.5655930871956009	0.5443037974683544	0.5985267034990792	0.6111111111111112	0.6024859858640019	0.608294930875576	0.5662066393136889	0.5555555555555556	0.5950978081546076	0.611842105263158	0.609375	1.0	0.6410958904109589	0.5614035087719298	0.5842696629213483	0.6089844985763999	0.6090808416389811	0.5507246376811594	0.6409638554216868	0.5333333333333333	0.5980066445182725	0.6349206349206349	0.564873417721519	0.5333333333333333	0.596816976127321	0.625	0.5829145728643216
mr	0.7118644067796611	0.6126949973103819	0.6470588235294118	0.6346153846153847	0.5625	0.5394736842105263	0.5833333333333333	0.5384615384615384	0.546875	0.5384615384615384	0.5681818181818182	0.5555555555555556	0.5750000000000001	0.5882352941176471	0.5517241379310345	0.5483870967741935	0.575206611570248	0.5882352941176471	0.6071428571428572	0.6410958904109589	1.0	0.5535714285714286	0.5625	0.5766590389016019	0.5833333333333333	0.5503563681437869	0.6000000000000001	0.5384615384615384	0.59375	0.59375	0.55	0.5384615384615384	0.5714285714285714	0.6363636363636364	0.5625
nl	0.5689655172413793	0.6047308878985258	0.5454545454545455	0.576271186440678	0.638888888888889	0.625	0.6344294003868473	0.639448275862069	0.6206896551724138	0.6342560067444147	0.6500551267916207	0.5370370370370371	0.6240713224368499	0.6217982226868792	0.6592994161801502	0.654098731884058	0.6366373902132999	0.6075949367088607	0.5964497041420118	0.5614035087719298	0.5535714285714286	1.0	0.6301369863013699	0.6315625	0.6141522029372497	0.6292134831460674	0.6136103698055662	0.5098039215686274	0.6031746031746031	0.6096256684491979	0.6341463414634146	0.5098039215686274	0.6267042783262812	0.5689655172413793	0.6491289198606272
pl	0.5973223480947477	0.6223762757558252	0.5531914893617021	0.5882352941176471	0.6596858638743456	0.613086038124678	0.6459784673844206	0.6227921195652174	0.6329113924050632	0.6154011154011154	0.6588235294117647	0.5434782608695652	0.6677142857142857	0.625	0.6282571912013536	0.620253164556962	0.6638998311761396	0.6140350877192983	0.6163891609533138	0.5842696629213483	0.5625	0.6301369863013699	1.0	0.6702693125442948	0.6488332384746728	0.6285377358490566	0.637065637065637	0.5116279069767442	0.6250820748522652	0.6246172688303735	0.631578947368421	0.5116279069767442	0.6842105263157894	0.5800000000000001	0.6318380743982495
pt	0.5963302752293578	0.6589720468890894	0.5609756097560976	0.6051873198847263	0.6230237154150198	0.5955056179775281	0.673469387755102	0.598292335840618	0.6225495390484264	0.5994701652579791	0.6673628251376494	0.55	0.6679561573178595	0.6688586190699859	0.6322236180904522	0.6331759268562243	0.6693835965359144	0.6413502109704642	0.6309246309246309	0.6089844985763999	0.5766590389016019	0.6315625	0.6702693125442948	1.0	0.6590114827758362	0.6083778138779299	0.6534090909090909	0.5135135135135135	0.6692430703624733	0.672708705642073	0.6252994729276474	0.5135135135135135	0.6428571428571428	0.5909090909090909	0.6665467302329765
ro	0.623225806451613	0.6906598114824336	0.5714285714285714	0.6210045662100456	0.6504374286801065	0.5947136563876652	0.6699751861042185	0.5959104186952288	0.6241494637296737	0.5983009708737864	0.6516900247320693	0.5588235294117647	0.6755349913244649	0.7131147540983608	0.621576346427674	0.610731194108364	0.6795366795366795	0.6413628212791394	0.6543891958256599	0.6090808416389811	0.5833333333333333	0.6141522029372497	0.6488332384746728	0.6590114827758362	1.0	0.6077765194412986	0.7116864940517844	0.5161290322580645	0.6733637747336377	0.6890008894159502	0.6175402179553711	0.5161290322580645	0.6666666666666666	0.6052631578947368	0.6622309197651663
ru	0.5634209765963594	0.5783401563081504	0.5373134328358209	0.5692108667529108	0.6265060240963854	0.6407766990291263	0.60501176796345	0.6482840800762631	0.6389157792836399	0.6345667392199541	0.6144393241167435	0.5303030303030303	0.6189045079980611	0.5968811614984764	0.6287177467008075	0.6276595744680851	0.6163226116178588	0.5979089522979744	0.5801801801801801	0.5507246376811594	0.5503563681437869	0.6292134831460674	0.6285377358490566	0.6083778138779299	0.6077765194412986	1.0	0.5844773684925921	0.5079365079365079	0.5866666666666667	0.5966679581557536	0.6304347826086957	0.5079365079365079	0.6148569516479839	0.5571428571428572	0.6204404445353514
sh	0.6318082788671023	0.7876258992805755	0.5862068965517242	0.6631578947368422	0.637065637065637	0.5796216475095786	0.699622641509434	0.5808671713695802	0.5975790513833993	0.5753191489361702	0.6379794200187091	0.5714285714285714	0.6725328947368421	0.6768253968253968	0.6102189781021898	0.6132075471698113	0.6513589503280225	0.6624815361890695	0.67828418230563	0.6409638554216868	0.6000000000000001	0.6136103698055662	0.637065637065637	0.6534090909090909	0.7116864940517844	0.5844773684925921	1.0	0.52	0.6761695906432749	0.6929637526652451	0.6088992974238876	0.52	0.6394453004622496	0.625	0.6501937984496124
si	0.5294117647058824	0.5217391304347826	0.75	0.5263157894736842	0.5116279069767442	0.5070422535211268	0.5161290322580645	0.5068493150684932	0.5084745762711864	0.5068493150684932	0.5128205128205129	0.5555555555555556	0.5142857142857143	0.5172413793103449	0.5094339622641509	0.5087719298245614	0.5135135135135135	0.5172413793103449	0.5217391304347826	0.5333333333333333	0.5384615384615384	0.5098039215686274	0.5116279069767442	0.5135135135135135	0.5161290322580645	0.5079365079365079	0.52	1.0	0.5185185185185185	0.5185185185185185	0.509090909090909	1.0	0.5135135135135135	0.72	0.5116279069767442
simple	0.6176470588235294	0.661049902786779	0.5806451612903225	0.6111111111111112	0.6205997392438071	0.5881726158763986	0.6544715447154471	0.5840797360091589	0.5957446808510638	0.5764705882352942	0.6423791821561338	0.5483870967741935	0.6438026474127557	0.677115987460815	0.6103151862464183	0.6131796229942359	0.6646926689810088	0.6393775372124493	0.6793943383805136	0.5980066445182725	0.59375	0.6031746031746031	0.6250820748522652	0.6692430703624733	0.6733637747336377	0.5866666666666667	0.6761695906432749	0.5185185185185185	1.0	0.6697892271662764	0.6129247168554297	0.5185185185185185	0.6326530612244898	0.6176470588235294	0.6394042660608354
sr	0.6176470588235294	0.705183228788379	0.5806451612903225	0.6534653465346535	0.6246172688303735	0.5783132530120483	0.6714848883048621	0.5801661542487081	0.5996106424399741	0.5788713241543431	0.6413268832066344	0.5666666666666667	0.6690777576853526	0.6669833729216151	0.6049723756906077	0.604987457577099	0.6515618974161204	0.676300578034682	0.7180140038192234	0.6349206349206349	0.59375	0.6096256684491979	0.6246172688303735	0.672708705642073	0.6890008894159502	0.5966679581557536	0.6929637526652451	0.5185185185185185	0.6697892271662764	1.0	0.6042296072507553	0.5185185185185185	0.6402961808261886	0.6176470588235294	0.6415094339622641
sv	0.5645161290322581	0.5922246960095907	0.5423728813559322	0.5907172995780591	0.6380789022298455	0.6380351262349067	0.6238859180035651	0.6345772787318362	0.6309464196294441	0.6265340668641558	0.6301369863013699	0.5344827586206896	0.6144340088976766	0.6097493803359956	0.6342173350582146	0.6401186672752168	0.6164383561643836	0.6029411764705883	0.5846153846153846	0.564873417721519	0.55	0.6341463414634146	0.631578947368421	0.6252994729276474	0.6175402179553711	0.6304347826086957	0.6088992974238876	0.509090909090909	0.6129247168554297	0.6042296072507553	1.0	0.509090909090909	0.6164383561643836	0.5645161290322581	0.6309897379357137
te	0.5294117647058824	0.5217391304347826	0.75	0.5263157894736842	0.5116279069767442	0.5070422535211268	0.5161290322580645	0.5068493150684932	0.5084745762711864	0.5068493150684932	0.5128205128205129	0.5555555555555556	0.5142857142857143	0.5172413793103449	0.5094339622641509	0.5087719298245614	0.5135135135135135	0.5172413793103449	0.5217391304347826	0.5333333333333333	0.5384615384615384	0.5098039215686274	0.5116279069767442	0.5135135135135135	0.5161290322580645	0.5079365079365079	0.52	1.0	0.5185185185185185	0.5185185185185185	0.509090909090909	1.0	0.5135135135135135	0.72	0.5116279069767442
vi	0.5909090909090909	0.6252293577981651	0.5609756097560976	0.6000000000000001	0.6351791530944626	0.6000870953694296	0.6504927975739196	0.607843137254902	0.614422265954456	0.6050420168067228	0.6579170194750211	0.5602716468590832	0.678475935828877	0.6472675656493968	0.6186219739292365	0.608772372069574	0.6501901140684411	0.624113475177305	0.6397963512940178	0.596816976127321	0.5714285714285714	0.6267042783262812	0.6842105263157894	0.6428571428571428	0.6666666666666666	0.6148569516479839	0.6394453004622496	0.5135135135135135	0.6326530612244898	0.6402961808261886	0.6164383561643836	0.5135135135135135	1.0	0.5909090909090909	0.6416744767260232
war	0.64	0.6333333333333333	0.896551724137931	0.6296296296296295	0.5800000000000001	0.5512820512820512	0.6052631578947368	0.55	0.5606060606060607	0.55	0.5869565217391304	0.5714285714285714	0.5952380952380952	0.6111111111111112	0.5666666666666667	0.5625	0.5909090909090909	0.6111111111111112	0.6333333333333333	0.625	0.6363636363636364	0.5689655172413793	0.5800000000000001	0.5909090909090909	0.6052631578947368	0.5571428571428572	0.625	0.72	0.6176470588235294	0.6176470588235294	0.5645161290322581	0.72	0.5909090909090909	1.0	0.5800000000000001
zh	0.5825404017520012	0.6354145342886387	0.5531914893617021	0.5932932072226998	0.6294277929155313	0.6150049358341559	0.6772352568167407	0.6263014330170195	0.6255672241669908	0.6218367164446035	0.6475320289999007	0.5457598656591099	0.6401497426298549	0.6455592105263157	0.667213392907641	0.6563643491897544	0.6600759253400822	0.6301575393848462	0.6261585993820803	0.5829145728643216	0.5625	0.6491289198606272	0.6318380743982495	0.6665467302329765	0.6622309197651663	0.6204404445353514	0.6501937984496124	0.5116279069767442	0.6394042660608354	0.6415094339622641	0.6309897379357137	0.5116279069767442	0.6416744767260232	0.5800000000000001	1.0
