arz	bs	ceb	ckb	da	de	el	en	es	fr	he	hi	hu	id	it	ja	ko	lv	mk	ml	mr	nl	pl	pt	ro	ru	sh	si	simple	sr	sv	te	tr	vi	war	zh
arz	1.0	0.5183673469387755	0.515748031496063	0.699724517906336	0.5182186234817814	0.5164835164835164	0.6967418546365916	0.5135135135135135	0.5164835164835164	0.5140186915887851	0.6991869918699187	0.7005649717514124	0.5166051660516605	0.5163636363636364	0.5179282868525896	0.6974358974358974	0.6936936936936937	0.5183673469387755	0.699724517906336	0.699724517906336	0.699724517906336	0.5182186234817814	0.5175097276264592	0.5175097276264592	0.5177865612648221	0.6974358974358974	0.5183673469387755	0.7407407407407407	0.5179282868525896	0.6991869918699187	0.5151515151515151	0.7030716723549488	0.5263157894736842	0.5175097276264592	0.5183673469387755	0.5171102661596958
bs	0.5183673469387755	1.0	0.9194851739327823	0.6666666666666666	0.9679641140750703	0.8959028160085104	0.656084656084656	0.7827008471079195	0.8768736357684062	0.7980221442283454	0.664804469273743	0.6638176638176638	0.7693475851441831	0.8913111052791577	0.9661578115453112	0.6586021505376344	0.6446078431372549	0.8786734526350353	0.6666666666666666	0.6666666666666666	0.6666666666666666	0.9755648501156997	0.9400398609961083	0.7227097759301702	0.9513583725717158	0.6586021505376344	0.7277945117757276	0.5580524344569289	0.9642080183542155	0.664804469273743	0.8411620593596023	0.6385542168674699	0.5959435275402665	0.9163491201542949	0.666966584189348	0.6877629382692302
ceb	0.515748031496063	0.9194851739327823	1.0	0.6575342465753424	0.9189909045548346	0.9092407609357723	0.6596858638743456	0.7918473174527493	0.8877321256378422	0.8069103029322472	0.6594005449591281	0.6546961325966851	0.7670883404938322	0.9037689552847477	0.9281245868244121	0.6622340425531914	0.6480582524271845	0.8363304667179179	0.6575342465753424	0.6575342465753424	0.6575342465753424	0.9254766353155983	0.9434537816424053	0.7218583860362532	0.9242265049344511	0.6622340425531914	0.7095754451400749	0.5543478260869565	0.9369947445994432	0.6594005449591281	0.8525715391769231	0.6334310850439883	-1.0	0.9186956526053085	0.6578162131255919	0.6921473245309243
ckb	0.699724517906336	0.6666666666666666	0.6575342465753424	1.0	0.6657303370786517	0.6544502617801047	0.9763779527559056	0.6334841628959276	0.6544502617801047	0.6372093023255814	0.99581589958159	0.9936034115138592	0.6552631578947369	0.6536458333333334	0.663888888888889	0.9819639278557114	0.9511754068716095	0.6666666666666666	1.0	1.0	1.0	0.6657303370786517	0.6612021857923497	0.6612021857923497	0.6629834254143646	0.9819639278557114	0.6666666666666666	0.7740259740259741	0.663888888888889	0.99581589958159	0.645320197044335	0.9380530973451326	0.5348837209302326	0.6612021857923497	0.6666666666666666	0.6586021505376344
da	0.5182186234817814	0.9679641140750703	0.9189909045548346	0.6657303370786517	1.0	0.8962368880044285	0.6569920844327176	0.7834070926967255	0.8773708737621482	0.7980876584950933	0.6657381615598886	0.6628895184135978	0.7706091831970957	0.8910069650805325	0.9663248823036573	0.6595174262734586	0.6454767726161369	0.8705270188264984	0.6657303370786517	0.6657303370786517	0.6657303370786517	0.9643545705670779	0.9398922467837412	0.7243145639967126	0.9516125559013947	0.6595174262734586	0.7249017455325738	0.5576208178438662	0.9642918571486596	0.6657381615598886	0.8417527964013193	0.6396396396396395	0.582089552238806	0.916017995203736	0.6659983387702654	0.6887595631173049
de	0.5164835164835164	0.8959028160085104	0.9092407609357723	0.6544502617801047	0.8962368880044285	1.0	0.6649746192893401	0.8190011928849334	0.9071756587267059	0.8347600171140196	0.65625	0.6517150395778364	0.7836050387141887	0.9164478808237791	0.9047235933760773	0.6590330788804072	0.6563981042654029	0.8178055494497423	0.6544502617801047	0.6544502617801047	0.6544502617801047	0.902247810699388	0.9183944706419044	0.7115449422170496	0.9106952788612409	0.6624040920716113	0.7016585354612415	0.5525423728813559	0.9121522478968316	0.65625	0.8864016835335289	0.6312849162011173	0.5394736842105263	0.8952839386483078	0.6546984409598356	0.6853665860996885
el	0.6967418546365916	0.656084656084656	0.6596858638743456	0.9763779527559056	0.6569920844327176	0.6649746192893401	1.0	0.6431718061674009	0.6649746192893401	0.6470588235294118	0.9803921568627451	0.9702970297029704	0.6624365482233503	0.6624685138539043	0.6570680628272252	0.9865642994241843	0.9734513274336283	0.656084656084656	0.9763779527559056	0.9763779527559056	0.9763779527559056	0.6569920844327176	0.6614583333333334	0.6597402597402597	0.6596858638743456	0.9941972920696325	0.656084656084656	0.7648456057007126	0.6587926509186351	0.9803921568627451	0.6555023923444976	0.9256198347107438	0.5576923076923077	0.6614583333333334	0.656084656084656	0.6606683804627249
en	0.5135135135135135	0.7827008471079195	0.7918473174527493	0.6334841628959276	0.7834070926967255	0.8190011928849334	0.6431718061674009	1.0	0.8029560352593935	0.869080426696426	0.6351351351351351	0.6309794988610479	0.7190896285568814	0.820505093304754	0.7947748455706639	0.6407982261640798	0.6545842217484008	0.7350178355446134	0.6334841628959276	0.6334841628959276	0.6334841628959276	0.7869390944551116	0.7979954515265563	0.6729454215134617	0.7925586280537826	0.6407982261640798	0.6628596021010658	0.543661971830986	0.7937309253591993	0.6351351351351351	0.8448531321332404	0.6124401913875598	0.5450236966824644	0.7842124100366897	0.6336713636296475	0.6577119306398994
es	0.5164835164835164	0.8768736357684062	0.8877321256378422	0.6544502617801047	0.8773708737621482	0.9071756587267059	0.6649746192893401	0.8029560352593935	1.0	0.818193790290892	0.65625	0.6517150395778364	0.7743859411359761	0.9009455135166442	0.8837864705303774	0.6590330788804072	0.6563981042654029	0.809983963757854	0.6544502617801047	0.6544502617801047	0.6544502617801047	0.8822288526346886	0.8968138940563634	0.7103240604137515	0.8901643394803825	0.6624040920716113	0.7010584808804026	0.5525423728813559	0.8912385822876533	0.65625	0.8646883357333883	0.6312849162011173	0.550561797752809	0.8768114159955588	0.6547015267474513	0.6852883711610395
fr	0.5140186915887851	0.7980221442283454	0.8069103029322472	0.6372093023255814	0.7980876584950933	0.8347600171140196	0.6470588235294118	0.869080426696426	0.818193790290892	1.0	0.638888888888889	0.6346604215456675	0.7306880967577639	0.837934527381791	0.8097475293411822	0.6446469248291572	0.6557734204793028	0.7472957844580713	0.6372093023255814	0.6372093023255814	0.6372093023255814	0.802267812935974	0.8141564262460451	0.6769924039291385	0.8077216852905239	0.6446469248291572	0.6689185909215726	0.5451895043731778	0.8086782283941987	0.638888888888889	0.8629605783306066	0.6157635467980295	0.5458937198067633	0.7978397783749572	0.6373207659915678	0.6635921855986956
he	0.6991869918699187	0.664804469273743	0.6594005449591281	0.99581589958159	0.6657381615598886	0.65625	0.9803921568627451	0.6351351351351351	0.65625	0.638888888888889	1.0	0.9894736842105263	0.6570680628272252	0.655440414507772	0.6657458563535912	0.9860279441117764	0.9549549549549549	0.664804469273743	0.99581589958159	0.99581589958159	0.99581589958159	0.663888888888889	0.6630434782608696	0.6630434782608696	0.6648351648351649	0.9860279441117764	0.664804469273743	0.7723785166240409	0.6657458563535912	1.0	0.6470588235294118	0.9427312775330396	0.5555555555555556	0.6630434782608696	0.664804469273743	0.6604278074866311
hi	0.7005649717514124	0.6638176638176638	0.6546961325966851	0.9936034115138592	0.6628895184135978	0.6517150395778364	0.9702970297029704	0.6309794988610479	0.6517150395778364	0.6346604215456675	0.9894736842105263	1.0	0.6525198938992043	0.6509186351706038	0.6610644257703081	0.9758064516129034	0.9454545454545454	0.6638176638176638	0.9936034115138592	0.9936034115138592	0.9936034115138592	0.6628895184135978	0.6584022038567493	0.6584022038567493	0.6601671309192201	0.9758064516129034	0.6638176638176638	0.776595744680851	0.6610644257703081	0.9894736842105263	0.6426799007444168	0.9351230425055929	0.5636363636363636	0.6584022038567493	0.6638176638176638	0.6558265582655826
hu	0.5166051660516605	0.7693475851441831	0.7670883404938322	0.6552631578947369	0.7706091831970957	0.7836050387141887	0.6624365482233503	0.7190896285568814	0.7743859411359761	0.7306880967577639	0.6570680628272252	0.6525198938992043	1.0	0.7704086463822563	0.7718357519359667	0.6564885496183206	0.655581947743468	0.7506237524118092	0.6552631578947369	0.6552631578947369	0.6552631578947369	0.7708763540369615	0.7709398207520477	0.6993018014468313	0.7756400338028188	0.659846547314578	0.6948724230681017	0.552901023890785	0.7763904269607355	0.6570680628272252	0.7561783801345794	0.6320224719101124	0.5441176470588236	0.7667711495265261	0.6555758601392169	0.6814586548311636
id	0.5163636363636364	0.8913111052791577	0.9037689552847477	0.6536458333333334	0.8910069650805325	0.9164478808237791	0.6624685138539043	0.820505093304754	0.9009455135166442	0.837934527381791	0.655440414507772	0.6509186351706038	0.7704086463822563	1.0	0.9081761581985952	0.6598984771573604	0.657210401891253	0.813885445950009	0.6536458333333334	0.6536458333333334	0.6536458333333334	0.897873072914856	0.9138106460082688	0.7089690365781387	0.9052950340663103	0.6615776081424937	0.7002819558043641	0.5521885521885521	0.9071070920384369	0.655440414507772	0.8883653830916649	0.6305555555555556	0.5795454545454545	0.8908197467511272	0.6538904419347223	0.6863036732495624
it	0.5179282868525896	0.9661578115453112	0.9281245868244121	0.663888888888889	0.9663248823036573	0.9047235933760773	0.6570680628272252	0.7947748455706639	0.8837864705303774	0.8097475293411822	0.6657458563535912	0.6610644257703081	0.7718357519359667	0.9081761581985952	1.0	0.6613333333333333	0.6472019464720196	0.866501229105291	0.663888888888889	0.663888888888889	0.663888888888889	0.9626954647195751	0.9492722095710635	0.7242660426892313	0.9609722351966915	0.6595744680851063	0.7213914945242749	0.5567765567765568	0.9746852785397796	0.6657458563535912	0.8559295369746881	0.6398809523809524	0.5570469798657718	0.9233057509977325	0.6641665738149644	0.6912362040518288
ja	0.6974358974358974	0.6586021505376344	0.6622340425531914	0.9819639278557114	0.6595174262734586	0.6590330788804072	0.9865642994241843	0.6407982261640798	0.6590330788804072	0.6446469248291572	0.9860279441117764	0.9758064516129034	0.6564885496183206	0.6598984771573604	0.6613333333333333	1.0	0.9645390070921985	0.6586021505376344	0.9819639278557114	0.9819639278557114	0.9819639278557114	0.6595174262734586	0.6640211640211641	0.662269129287599	0.6604774535809019	0.9921875	0.6586021505376344	0.7669902912621359	0.6613333333333333	0.9860279441117764	0.6514423076923077	0.9305263157894738	0.5700934579439253	0.6640211640211641	0.6586021505376344	0.6666666666666666
ko	0.6936936936936937	0.6446078431372549	0.6480582524271845	0.9511754068716095	0.6454767726161369	0.6563981042654029	0.9734513274336283	0.6545842217484008	0.6563981042654029	0.6557734204793028	0.9549549549549549	0.9454545454545454	0.655581947743468	0.657210401891253	0.6472019464720196	0.9645390070921985	1.0	0.6446078431372549	0.9511754068716095	0.9511754068716095	0.9511754068716095	0.6454767726161369	0.6497584541062803	0.6497584541062803	0.6480582524271845	0.9679715302491102	0.6446078431372549	0.7553648068669528	0.6472019464720196	0.9549549549549549	0.6613272311212816	0.9035916824196597	0.5797101449275363	0.6497584541062803	0.6446078431372549	0.6507177033492824
lv	0.5183673469387755	0.8786734526350353	0.8363304667179179	0.6666666666666666	0.8705270188264984	0.8178055494497423	0.656084656084656	0.7350178355446134	0.809983963757854	0.7472957844580713	0.664804469273743	0.6638176638176638	0.7506237524118092	0.813885445950009	0.866501229105291	0.6586021505376344	0.6446078431372549	1.0	0.6666666666666666	0.6666666666666666	0.6666666666666666	0.8747915594616108	0.8488184950008417	0.7178318207883304	0.8588208563338983	0.6586021505376344	0.7218384221641551	0.5580524344569289	0.8660858894826201	0.664804469273743	0.7787331863692205	0.6385542168674699	0.5614035087719298	0.8380105248983257	0.6669417055159041	0.6864121898870116
mk	0.699724517906336	0.6666666666666666	0.6575342465753424	1.0	0.6657303370786517	0.6544502617801047	0.9763779527559056	0.6334841628959276	0.6544502617801047	0.6372093023255814	0.99581589958159	0.9936034115138592	0.6552631578947369	0.6536458333333334	0.663888888888889	0.9819639278557114	0.9511754068716095	0.6666666666666666	1.0	1.0	1.0	0.6657303370786517	0.6612021857923497	0.6612021857923497	0.6629834254143646	0.9819639278557114	0.6666666666666666	0.7740259740259741	0.663888888888889	0.99581589958159	0.645320197044335	0.9380530973451326	0.5535714285714286	0.6612021857923497	0.6666666666666666	0.6586021505376344
ml	0.699724517906336	0.6666666666666666	0.6575342465753424	1.0	0.6657303370786517	0.6544502617801047	0.9763779527559056	0.6334841628959276	0.6544502617801047	0.6372093023255814	0.99581589958159	0.9936034115138592	0.6552631578947369	0.6536458333333334	0.663888888888889	0.9819639278557114	0.9511754068716095	0.6666666666666666	1.0	1.0	1.0	0.6657303370786517	0.6612021857923497	0.6612021857923497	0.6629834254143646	0.9819639278557114	0.6666666666666666	0.7740259740259741	0.663888888888889	0.99581589958159	0.645320197044335	0.9380530973451326	0.5737704918032787	0.6612021857923497	0.6666666666666666	0.6586021505376344
mr	0.699724517906336	0.6666666666666666	0.6575342465753424	1.0	0.6657303370786517	0.6544502617801047	0.9763779527559056	0.6334841628959276	0.6544502617801047	0.6372093023255814	0.99581589958159	0.9936034115138592	0.6552631578947369	0.6536458333333334	0.663888888888889	0.9819639278557114	0.9511754068716095	0.6666666666666666	1.0	1.0	1.0	0.6657303370786517	0.6612021857923497	0.6612021857923497	0.6629834254143646	0.9819639278557114	0.6666666666666666	0.7740259740259741	0.663888888888889	0.99581589958159	0.645320197044335	0.9380530973451326	0.5238095238095238	0.6612021857923497	0.6666666666666666	0.6586021505376344
nl	0.5182186234817814	0.9755648501156997	0.9254766353155983	0.6657303370786517	0.9643545705670779	0.902247810699388	0.6569920844327176	0.7869390944551116	0.8822288526346886	0.802267812935974	0.663888888888889	0.6628895184135978	0.7708763540369615	0.897873072914856	0.9626954647195751	0.6595174262734586	0.6454767726161369	0.8747915594616108	0.6657303370786517	0.6657303370786517	0.6657303370786517	1.0	0.9471276341969376	0.7245453560240014	0.9591161781972266	0.6595174262734586	0.7257516827714736	0.5576208178438662	0.9612427073744076	0.663888888888889	0.8469207046553767	0.6377245508982036	0.5314905607032244	0.9218820172544507	0.6660215093891607	0.6890072175625405
pl	0.5175097276264592	0.9400398609961083	0.9434537816424053	0.6612021857923497	0.9398922467837412	0.9183944706419044	0.6614583333333334	0.7979954515265563	0.8968138940563634	0.8141564262460451	0.6630434782608696	0.6584022038567493	0.7709398207520477	0.9138106460082688	0.9492722095710635	0.6640211640211641	0.6497584541062803	0.8488184950008417	0.6612021857923497	0.6612021857923497	0.6612021857923497	0.9471276341969376	1.0	0.7237411751141382	0.9459074488291203	0.6640211640211641	0.7150837319140264	0.5555555555555556	0.9477495187500424	0.6630434782608696	0.8599900195675473	0.6374269005847952	0.5428571428571428	0.9290928262790035	0.6614780521183171	0.6941555884764677
pt	0.5175097276264592	0.7227097759301702	0.7218583860362532	0.6612021857923497	0.7243145639967126	0.7115449422170496	0.6597402597402597	0.6729454215134617	0.7103240604137515	0.6769924039291385	0.6630434782608696	0.6584022038567493	0.6993018014468313	0.7089690365781387	0.7242660426892313	0.662269129287599	0.6497584541062803	0.7178318207883304	0.6612021857923497	0.6612021857923497	0.6612021857923497	0.7245453560240014	0.7237411751141382	1.0	0.7239315202653164	0.662269129287599	0.6949829722158815	0.5555555555555556	0.7267604050523986	0.6630434782608696	0.693115913791553	0.6374269005847952	0.5542857142857143	0.7260387547012415	0.6613880384131129	0.6834265144534849
ro	0.5177865612648221	0.9513583725717158	0.9242265049344511	0.6629834254143646	0.9516125559013947	0.9106952788612409	0.6596858638743456	0.7925586280537826	0.8901643394803825	0.8077216852905239	0.6648351648351649	0.6601671309192201	0.7756400338028188	0.9052950340663103	0.9609722351966915	0.6604774535809019	0.6480582524271845	0.8588208563338983	0.6629834254143646	0.6629834254143646	0.6629834254143646	0.9591161781972266	0.9459074488291203	0.7239315202653164	1.0	0.6622340425531914	0.7194899714956158	0.5563636363636364	0.959226748507748	0.6648351648351649	0.8535964290619534	0.6390532544378698	0.5716064757160647	0.920252923337561	0.6632677167386438	0.689643595055576
ru	0.6974358974358974	0.6586021505376344	0.6622340425531914	0.9819639278557114	0.6595174262734586	0.6624040920716113	0.9941972920696325	0.6407982261640798	0.6624040920716113	0.6446469248291572	0.9860279441117764	0.9758064516129034	0.659846547314578	0.6615776081424937	0.6595744680851063	0.9921875	0.9679715302491102	0.6586021505376344	0.9819639278557114	0.9819639278557114	0.9819639278557114	0.6595174262734586	0.6640211640211641	0.662269129287599	0.6622340425531914	1.0	0.6586021505376344	0.7669902912621359	0.6613333333333333	0.9860279441117764	0.6530120481927711	0.9305263157894738	0.5549132947976879	0.6640211640211641	0.6586021505376344	0.6631853785900783
sh	0.5183673469387755	0.7277945117757276	0.7095754451400749	0.6666666666666666	0.7249017455325738	0.7016585354612415	0.656084656084656	0.6628596021010658	0.7010584808804026	0.6689185909215726	0.664804469273743	0.6638176638176638	0.6948724230681017	0.7002819558043641	0.7213914945242749	0.6586021505376344	0.6446078431372549	0.7218384221641551	0.6666666666666666	0.6666666666666666	0.6666666666666666	0.7257516827714736	0.7150837319140264	0.6949829722158815	0.7194899714956158	0.6586021505376344	1.0	0.5580524344569289	0.7211936985775728	0.664804469273743	0.6837106134693741	0.6385542168674699	0.5573770491803278	0.7146930348587704	0.6668869795109055	0.6797653953781516
si	0.7407407407407407	0.5580524344569289	0.5543478260869565	0.7740259740259741	0.5576208178438662	0.5525423728813559	0.7648456057007126	0.543661971830986	0.5525423728813559	0.5451895043731778	0.7723785166240409	0.776595744680851	0.552901023890785	0.5521885521885521	0.5567765567765568	0.7669902912621359	0.7553648068669528	0.5580524344569289	0.7740259740259741	0.7740259740259741	0.7740259740259741	0.5576208178438662	0.5555555555555556	0.5555555555555556	0.5563636363636364	0.7669902912621359	0.5580524344569289	1.0	0.5567765567765568	0.7723785166240409	0.54858934169279	0.7936507936507936	0.5116279069767442	0.5555555555555556	0.5580524344569289	0.5543859649122806
simple	0.5179282868525896	0.9642080183542155	0.9369947445994432	0.663888888888889	0.9642918571486596	0.9121522478968316	0.6587926509186351	0.7937309253591993	0.8912385822876533	0.8086782283941987	0.6657458563535912	0.6610644257703081	0.7763904269607355	0.9071070920384369	0.9746852785397796	0.6613333333333333	0.6472019464720196	0.8660858894826201	0.663888888888889	0.663888888888889	0.663888888888889	0.9612427073744076	0.9477495187500424	0.7267604050523986	0.959226748507748	0.6613333333333333	0.7211936985775728	0.5567765567765568	1.0	0.6657458563535912	0.8550893486295958	0.6398809523809524	0.5825864276568502	0.9317325910921092	0.6641686694726523	0.690924394996648
sr	0.6991869918699187	0.664804469273743	0.6594005449591281	0.99581589958159	0.6657381615598886	0.65625	0.9803921568627451	0.6351351351351351	0.65625	0.638888888888889	1.0	0.9894736842105263	0.6570680628272252	0.655440414507772	0.6657458563535912	0.9860279441117764	0.9549549549549549	0.664804469273743	0.99581589958159	0.99581589958159	0.99581589958159	0.663888888888889	0.6630434782608696	0.6630434782608696	0.6648351648351649	0.9860279441117764	0.664804469273743	0.7723785166240409	0.6657458563535912	1.0	0.6470588235294118	0.9427312775330396	0.5531914893617021	0.6630434782608696	0.664804469273743	0.6604278074866311
sv	0.5151515151515151	0.8411620593596023	0.8525715391769231	0.645320197044335	0.8417527964013193	0.8864016835335289	0.6555023923444976	0.8448531321332404	0.8646883357333883	0.8629605783306066	0.6470588235294118	0.6426799007444168	0.7561783801345794	0.8883653830916649	0.8559295369746881	0.6514423076923077	0.6613272311212816	0.7787331863692205	0.645320197044335	0.645320197044335	0.645320197044335	0.8469207046553767	0.8599900195675473	0.693115913791553	0.8535964290619534	0.6530120481927711	0.6837106134693741	0.54858934169279	0.8550893486295958	0.6470588235294118	1.0	0.6230366492146596	0.5607476635514019	0.8420544115849932	0.6454909335682303	0.6743829414641391
te	0.7030716723549488	0.6385542168674699	0.6334310850439883	0.9380530973451326	0.6396396396396395	0.6312849162011173	0.9256198347107438	0.6124401913875598	0.6312849162011173	0.6157635467980295	0.9427312775330396	0.9351230425055929	0.6320224719101124	0.6305555555555556	0.6398809523809524	0.9305263157894738	0.9035916824196597	0.6385542168674699	0.9380530973451326	0.9380530973451326	0.9380530973451326	0.6377245508982036	0.6374269005847952	0.6374269005847952	0.6390532544378698	0.9305263157894738	0.6385542168674699	0.7936507936507936	0.6398809523809524	0.9427312775330396	0.6230366492146596	1.0	0.5576923076923077	0.6374269005847952	0.6385542168674699	0.6350574712643678
tr	0.5263157894736842	0.5959435275402665	-1.0	0.5348837209302326	0.582089552238806	0.5394736842105263	0.5576923076923077	0.5450236966824644	0.550561797752809	0.5458937198067633	0.5555555555555556	0.5636363636363636	0.5441176470588236	0.5795454545454545	0.5570469798657718	0.5700934579439253	0.5797101449275363	0.5614035087719298	0.5535714285714286	0.5737704918032787	0.5238095238095238	0.5314905607032244	0.5428571428571428	0.5542857142857143	0.5716064757160647	0.5549132947976879	0.5573770491803278	0.5116279069767442	0.5825864276568502	0.5531914893617021	0.5607476635514019	0.5576923076923077	1.0	0.5764705882352942	0.5238095238095238	0.5773195876288659
vi	0.5175097276264592	0.9163491201542949	0.9186956526053085	0.6612021857923497	0.916017995203736	0.8952839386483078	0.6614583333333334	0.7842124100366897	0.8768114159955588	0.7978397783749572	0.6630434782608696	0.6584022038567493	0.7667711495265261	0.8908197467511272	0.9233057509977325	0.6640211640211641	0.6497584541062803	0.8380105248983257	0.6612021857923497	0.6612021857923497	0.6612021857923497	0.9218820172544507	0.9290928262790035	0.7260387547012415	0.920252923337561	0.6640211640211641	0.7146930348587704	0.5555555555555556	0.9317325910921092	0.6630434782608696	0.8420544115849932	0.6374269005847952	0.5764705882352942	1.0	0.6614807892121677	0.6944652003919944
war	0.5183673469387755	0.666966584189348	0.6578162131255919	0.6666666666666666	0.6659983387702654	0.6546984409598356	0.656084656084656	0.6336713636296475	0.6547015267474513	0.6373207659915678	0.664804469273743	0.6638176638176638	0.6555758601392169	0.6538904419347223	0.6641665738149644	0.6586021505376344	0.6446078431372549	0.6669417055159041	0.6666666666666666	0.6666666666666666	0.6666666666666666	0.6660215093891607	0.6614780521183171	0.6613880384131129	0.6632677167386438	0.6586021505376344	0.6668869795109055	0.5580524344569289	0.6641686694726523	0.664804469273743	0.6454909335682303	0.6385542168674699	0.5238095238095238	0.6614807892121677	1.0	0.6589788909149916
zh	0.5171102661596958	0.6877629382692302	0.6921473245309243	0.6586021505376344	0.6887595631173049	0.6853665860996885	0.6606683804627249	0.6577119306398994	0.6852883711610395	0.6635921855986956	0.6604278074866311	0.6558265582655826	0.6814586548311636	0.6863036732495624	0.6912362040518288	0.6666666666666666	0.6507177033492824	0.6864121898870116	0.6586021505376344	0.6586021505376344	0.6586021505376344	0.6890072175625405	0.6941555884764677	0.6834265144534849	0.689643595055576	0.6631853785900783	0.6797653953781516	0.5543859649122806	0.690924394996648	0.6604278074866311	0.6743829414641391	0.6350574712643678	0.5773195876288659	0.6944652003919944	0.6589788909149916	1.0
