arz	bs	ceb	ckb	da	de	el	en	es	fr	he	hi	hu	id	it	ja	ko	lv	mk	ml	mr	nl	pl	pt	ro	ru	sh	si	simple	sr	sv	te	vi	war	zh
arz	1.0	0.16092645214677928	0.4364916731037085	0.3333333333333333	0.3010461113285242	0.3427032721697021	0.16044327375612533	0.23872583052761026	0.2452313751352445	0.3427032721697021	0.25352803925531825	0.585786437626905	0.16302119576642937	0.20770058893545384	0.20342651452257512	0.2612038749637415	0.16075685199763226	0.3380788308512194	0.24336073281110826	0.2146662755515685	0.3430703308172536	0.2394964932707826	0.2834508389971603	0.22694971855977414	0.18623111433294157	0.3090169943749474	0.16319358901601388	1.0	0.23872583052761026	0.3021694792519622	0.26968623182294527	1.0	0.3244997998398398	0.353889367864523	0.19072253678847934
bs	0.16092645214677928	1.0	0.25	0.14027835726391835	0.12302274050096418	0.10933205258044382	0.2607144517182891	0.13654722121962667	0.11521183853397993	0.12541956484624148	0.11565310573109928	0.3086582059904619	0.24788160391851252	0.16271157676524714	0.20647788290150035	0.11981669598706297	0.24139143380203787	0.11121738764414556	0.1402336078343964	0.49059932047078547	0.2276385609509116	0.11305079722064015	0.12661999547191707	0.25030252764536876	0.25651971731103773	0.1088377024467172	0.4195304008465983	1.0	0.13873227491348591	0.15682507890550765	0.11007513525095097	1.0	0.11025046222092097	0.15174115516527187	0.18294661584066582
ceb	0.4364916731037085	0.25	1.0	0.5	0.585786437626905	0.585786437626905	0.27792629762666365	0.39564392373896007	0.5	0.5	0.44948974278317805	0.585786437626905	0.29429805508554946	0.44948974278317805	0.3483314773547883	0.5	0.2708131845707603	1.0	0.36602540378443865	0.23371479611805132	0.585786437626905	0.585786437626905	1.0	0.4364916731037085	0.3090169943749474	1.0	0.2187841884486319	1.0	0.3266316347104093	0.4142135623730951	0.44948974278317805	1.0	1.0	1.0	0.3333333333333333
ckb	0.3333333333333333	0.14027835726391835	0.5	1.0	0.2	0.23166247903554	0.14534680689264837	0.167875960905884	0.23166247903554	0.1994867703288636	0.2363377637500385	0.49851311685382416	0.16050842995114734	0.18787392044501666	0.15854869898569623	0.18901455609372222	0.15670974537083868	0.2239226236169951	0.2274829369141059	0.17654433516769452	0.44948974278317805	0.22892313759653474	0.26916982334343903	0.16293280650226424	0.1485790783647343	0.2402530733520421	0.13647205666224574	1.0	0.23367393984703938	0.1624128431621044	0.23166247903554	1.0	0.22772999919644132	0.3430703308172536	0.1615917514270118
da	0.3010461113285242	0.12302274050096418	0.585786437626905	0.2	1.0	0.09264544058508184	0.09646957468604737	0.07311302887539636	0.10429225940145613	0.0840420765893654	0.10962692507049854	0.585786437626905	0.08515133293862069	0.11004963712955985	0.07645460898715431	0.0904762343144689	0.08867717934510078	0.13034761918705026	0.13524514707963578	0.1680402251638331	0.4142135623730951	0.10871598371027257	0.09444603165354913	0.08618648752929414	0.10132144159880659	0.0918116172974134	0.11277644534013584	1.0	0.14673764681569074	0.11948301717473413	0.10892479522150803	1.0	0.11923297783505088	0.38742588672279304	0.08305012759380959
de	0.3427032721697021	0.10933205258044382	0.585786437626905	0.23166247903554	0.09264544058508184	1.0	0.08202213530170792	0.04403094426638584	0.07262704203377959	0.04427551489079065	0.10038799789626468	0.5	0.07185994091859295	0.09913439180802365	0.052014322411430884	0.05642449866005113	0.07324780156531378	0.16360254916984815	0.14883234928410355	0.1656334687550535	0.44948974278317805	0.07712653779340879	0.09702028173340388	0.07386618918035982	0.09387612348030895	0.07228296172065549	0.10047324829385551	1.0	0.13366010842673373	0.11318349402702044	0.08740831156975629	1.0	0.1128093270743711	0.36602540378443865	0.0652386682071671
el	0.16044327375612533	0.2607144517182891	0.27792629762666365	0.14534680689264837	0.09646957468604737	0.08202213530170792	1.0	0.1444394602871844	0.09193803615960272	0.09914210448406172	0.10533808561342062	0.44948974278317805	0.18861675650816462	0.13503677447748055	0.1819343357365187	0.09880527485330325	0.20494419512109888	0.10012349352504182	0.1354490120463111	0.2650269447978528	0.23371479611805132	0.09077928446617403	0.09658346158315684	0.1584450550670801	0.1664607018941551	0.08254524060812858	0.2004124966667286	1.0	0.13226886759511086	0.13191120685233584	0.0825849590773261	1.0	0.0971581174391921	0.15548737703860027	0.2986089924955818
en	0.23872583052761026	0.13654722121962667	0.39564392373896007	0.167875960905884	0.07311302887539636	0.04403094426638584	0.1444394602871844	1.0	0.0708675224092215	0.07705678912750838	0.07895210237310439	0.5	0.13272473592515346	0.1307083839775448	0.11493665682044672	0.06956910390499833	0.1383284741046864	0.10270880152581968	0.1440816945955264	0.19303788027981172	0.3266316347104093	0.05980273165356091	0.07221797787688522	0.12953009984623381	0.14466890606042757	0.052209045947739646	0.1243634802362709	1.0	0.12206050708865308	0.14100116537870477	0.05729561120684932	1.0	0.08904051191564337	0.2402530733520421	0.1339018738425231
es	0.2452313751352445	0.11521183853397993	0.5	0.23166247903554	0.10429225940145613	0.07262704203377959	0.09193803615960272	0.0708675224092215	1.0	0.0696931187307093	0.10840609794016433	0.585786437626905	0.07768601537402195	0.10886635678704351	0.06648965378843025	0.07983896058500672	0.08004088582993295	0.15420229955553832	0.1506766351585002	0.16663343802410016	0.38742588672279304	0.08275700950007334	0.0874265143561565	0.08584124052001874	0.0990668403428532	0.07226804430914698	0.10713409616880161	1.0	0.1274524229609326	0.11663534962284462	0.0695069429277187	1.0	0.100536267953054	0.38742588672279304	0.0757891376535696
fr	0.3427032721697021	0.12541956484624148	0.5	0.1994867703288636	0.0840420765893654	0.04427551489079065	0.09914210448406172	0.07705678912750838	0.0696931187307093	1.0	0.07864956461332867	0.585786437626905	0.09488450235528476	0.10707747479587601	0.10700713980388897	0.07133782692536839	0.09763406472469471	0.12682036620118425	0.14360372375216304	0.16863904509072908	0.4142135623730951	0.06170858143176927	0.07298880209640994	0.11026082070551493	0.10326472111990077	0.05240179502128282	0.123925342533247	1.0	0.12260621952754536	0.14447391911540192	0.05349063060858198	1.0	0.09433092359126574	0.30383243470068705	0.08517261266971449
he	0.25352803925531825	0.11565310573109928	0.44948974278317805	0.2363377637500385	0.10962692507049854	0.10038799789626468	0.10533808561342062	0.07895210237310439	0.10840609794016433	0.07864956461332867	1.0	0.49851311685382416	0.09498648383609405	0.10093033594304736	0.0827267643600632	0.08286421688805334	0.08909022032100582	0.15805076227885417	0.1431492972601029	0.17994178891810036	0.3660254037844386	0.08945845455140851	0.10412803107600238	0.08403281586158257	0.10868857677232378	0.10312556181109271	0.11352117425759345	1.0	0.12882385494061876	0.11504576342191705	0.10006163299834181	1.0	0.10550656402459709	0.3430703308172536	0.0871359749205341
hi	0.585786437626905	0.3086582059904619	0.585786437626905	0.49851311685382416	0.585786437626905	0.5	0.44948974278317805	0.5	0.585786437626905	0.585786437626905	0.49851311685382416	1.0	0.38742588672279304	0.585786437626905	0.585786437626905	0.4142135623730951	0.44948974278317805	0.40453726661826384	0.585786437626905	0.3534797987848214	0.585786437626905	0.5	0.5	0.44948974278317805	0.3029725661325625	0.585786437626905	0.37926872769071385	1.0	0.5	0.3597752501562547	0.5	1.0	0.5	0.585786437626905	0.28989794855663564
hu	0.16302119576642937	0.24788160391851252	0.29429805508554946	0.16050842995114734	0.08515133293862069	0.07185994091859295	0.18861675650816462	0.13272473592515346	0.07768601537402195	0.09488450235528476	0.09498648383609405	0.38742588672279304	1.0	0.14374843625241715	0.17529210930416486	0.08659450982543714	0.31330701950663603	0.1018031412780736	0.1371766679706415	0.27521520969969354	0.2612038749637414	0.07969394113125718	0.09186898485674629	0.20647586391477624	0.20473368063052436	0.07277152986284965	0.3767066247780999	1.0	0.11310975000235697	0.1310408829948471	0.07811343459260998	1.0	0.08321297715209015	0.16722520332754173	0.3462729243423251
id	0.20770058893545384	0.16271157676524714	0.44948974278317805	0.18787392044501666	0.11004963712955985	0.09913439180802365	0.13503677447748055	0.1307083839775448	0.10886635678704351	0.10707747479587601	0.10093033594304736	0.585786437626905	0.14374843625241715	1.0	0.16376652618008714	0.09693386667118542	0.14586741647234056	0.12231776982223114	0.14800727811966646	0.17191424328035945	0.24718637924871675	0.10659023601039698	0.11985599032909078	0.1504061011910907	0.13070522551577868	0.09805206153147099	0.14591556291954078	1.0	0.1247325891141962	0.11633735574690697	0.09727877278432352	1.0	0.10037844198574736	0.2240092377397959	0.144470349354894
it	0.20342651452257512	0.20647788290150035	0.3483314773547883	0.15854869898569623	0.07645460898715431	0.052014322411430884	0.1819343357365187	0.11493665682044672	0.06648965378843025	0.10700713980388897	0.0827267643600632	0.585786437626905	0.17529210930416486	0.16376652618008714	1.0	0.09398192159901646	0.19980074572349812	0.10262004275772425	0.1494438706346365	0.179530017798696	0.2636541189343806	0.07341492858210552	0.08704096291886615	0.14367394217841714	0.16576308907655746	0.05554511421392799	0.19935807228349117	1.0	0.12096130420628845	0.13922407743624057	0.06313302098655016	1.0	0.09218061575482049	0.1751881400287486	0.18689563950232208
ja	0.2612038749637415	0.11981669598706297	0.5	0.18901455609372222	0.0904762343144689	0.05642449866005113	0.09880527485330325	0.06956910390499833	0.07983896058500672	0.07133782692536839	0.08286421688805334	0.4142135623730951	0.08659450982543714	0.09693386667118542	0.09398192159901646	1.0	0.08700322268152014	0.14269530573496236	0.14885776783625973	0.1750786042081477	0.38742588672279304	0.06593910431177781	0.08211899044147089	0.0850669304303721	0.10374750636887942	0.06392647811553974	0.11209544150753638	1.0	0.14166531735713314	0.11768914920251279	0.06944985094322245	1.0	0.1271923221910092	0.28436465220442186	0.09934610589274587
ko	0.16075685199763226	0.24139143380203787	0.2708131845707603	0.15670974537083868	0.08867717934510078	0.07324780156531378	0.20494419512109888	0.1383284741046864	0.08004088582993295	0.09763406472469471	0.08909022032100582	0.44948974278317805	0.31330701950663603	0.14586741647234056	0.19980074572349812	0.08700322268152014	1.0	0.10500990632795056	0.14421619388011842	0.30498699077361835	0.23561205756470063	0.08791172434642228	0.08969805539875254	0.19966891593248942	0.1882515711872651	0.07415967732873102	0.23715532084796245	1.0	0.1188911131768266	0.1446214642500037	0.07357993102753192	1.0	0.09238133192161332	0.16952084719853724	0.328826172401577
lv	0.3380788308512194	0.11121738764414556	1.0	0.2239226236169951	0.13034761918705026	0.16360254916984815	0.10012349352504182	0.10270880152581968	0.15420229955553832	0.12682036620118425	0.15805076227885417	0.40453726661826384	0.1018031412780736	0.12231776982223114	0.10262004275772425	0.14269530573496236	0.10500990632795056	1.0	0.18001097668719743	0.16709699436313422	0.5	0.15856587725833338	0.13803883129076183	0.10917432736606765	0.11232256740193589	0.1595705308217436	0.10690012775502139	1.0	0.14839234651331315	0.12758446338535448	0.19000789898561868	1.0	0.18824497688946093	0.5	0.09453583539517789
mk	0.24336073281110826	0.1402336078343964	0.36602540378443865	0.2274829369141059	0.13524514707963578	0.14883234928410355	0.1354490120463111	0.1440816945955264	0.1506766351585002	0.14360372375216304	0.1431492972601029	0.585786437626905	0.1371766679706415	0.14800727811966646	0.1494438706346365	0.14885776783625973	0.14421619388011842	0.18001097668719743	1.0	0.2319877585818536	0.3164309725825327	0.15470740818717635	0.14497268274059555	0.14310051254860653	0.13997370149480418	0.14941246758716345	0.13639763887390458	1.0	0.1538529620263486	0.14341465981206766	0.14470541863707942	1.0	0.1525858310703932	0.22772999919644132	0.14640232752393975
ml	0.2146662755515685	0.49059932047078547	0.23371479611805132	0.17654433516769452	0.1680402251638331	0.1656334687550535	0.2650269447978528	0.19303788027981172	0.16663343802410016	0.16863904509072908	0.17994178891810036	0.3534797987848214	0.27521520969969354	0.17191424328035945	0.179530017798696	0.1750786042081477	0.30498699077361835	0.16709699436313422	0.2319877585818536	1.0	0.24002294646713998	0.1642895728215435	0.16392924622569122	0.17466914115055698	0.45417740253152694	0.162232901101684	0.35004597175656865	1.0	0.22707477432833031	0.2247417998810594	0.16788559038098524	1.0	0.16526365662661036	0.21393876913398135	0.20789838919756565
mr	0.3430703308172536	0.2276385609509116	0.585786437626905	0.44948974278317805	0.4142135623730951	0.44948974278317805	0.23371479611805132	0.3266316347104093	0.38742588672279304	0.4142135623730951	0.3660254037844386	0.585786437626905	0.2612038749637414	0.24718637924871675	0.2636541189343806	0.38742588672279304	0.23561205756470063	0.5	0.3164309725825327	0.24002294646713998	1.0	0.44948974278317805	0.4142135623730951	0.30383243470068705	0.24660605559646726	0.44948974278317805	0.1905599390813535	1.0	0.30383243470068705	0.4142135623730951	0.38742588672279304	1.0	0.5	0.5	0.28436465220442186
nl	0.2394964932707826	0.11305079722064015	0.585786437626905	0.22892313759653474	0.10871598371027257	0.07712653779340879	0.09077928446617403	0.05980273165356091	0.08275700950007334	0.06170858143176927	0.08945845455140851	0.5	0.07969394113125718	0.10659023601039698	0.07341492858210552	0.06593910431177781	0.08791172434642228	0.15856587725833338	0.15470740818717635	0.1642895728215435	0.44948974278317805	1.0	0.09486887510619828	0.07944754186892981	0.09567159400124473	0.07420364253107677	0.10633999092636762	1.0	0.12275491888517351	0.11447644770009568	0.08682958428329632	1.0	0.1123788531576073	0.5	0.08327236588539917
pl	0.2834508389971603	0.12661999547191707	1.0	0.26916982334343903	0.09444603165354913	0.09702028173340388	0.09658346158315684	0.07221797787688522	0.0874265143561565	0.07298880209640994	0.10412803107600238	0.5	0.09186898485674629	0.11985599032909078	0.08704096291886615	0.08211899044147089	0.08969805539875254	0.13803883129076183	0.14497268274059555	0.16392924622569122	0.4142135623730951	0.09486887510619828	1.0	0.08541572249435499	0.10638569716251631	0.09305304906962038	0.11464797470227424	1.0	0.12088158389407809	0.11416575522404199	0.09147366748912271	1.0	0.08621218552459772	0.39564392373896007	0.09721946868145846
pt	0.22694971855977414	0.25030252764536876	0.4364916731037085	0.16293280650226424	0.08618648752929414	0.07386618918035982	0.1584450550670801	0.12953009984623381	0.08584124052001874	0.11026082070551493	0.08403281586158257	0.44948974278317805	0.20647586391477624	0.1504061011910907	0.14367394217841714	0.0850669304303721	0.19966891593248942	0.10917432736606765	0.14310051254860653	0.17466914115055698	0.30383243470068705	0.07944754186892981	0.08541572249435499	1.0	0.18219537826717078	0.07613666999152054	0.2289016911760783	1.0	0.11721254563678726	0.14575253896634563	0.07425655090153314	1.0	0.088656062523802	0.21089672205953397	0.2970508074893796
ro	0.18623111433294157	0.25651971731103773	0.3090169943749474	0.1485790783647343	0.10132144159880659	0.09387612348030895	0.1664607018941551	0.14466890606042757	0.0990668403428532	0.10326472111990077	0.10868857677232378	0.3029725661325625	0.20473368063052436	0.13070522551577868	0.16576308907655746	0.10374750636887942	0.1882515711872651	0.11232256740193589	0.13997370149480418	0.45417740253152694	0.24660605559646726	0.09567159400124473	0.10638569716251631	0.18219537826717078	1.0	0.09562862463434992	0.2491643320059267	1.0	0.11687792000965726	0.1355241758082216	0.09524763901992239	1.0	0.09539668665113546	0.19636040545626823	0.1868275657209799
ru	0.3090169943749474	0.1088377024467172	1.0	0.2402530733520421	0.0918116172974134	0.07228296172065549	0.08254524060812858	0.052209045947739646	0.07226804430914698	0.05240179502128282	0.10312556181109271	0.585786437626905	0.07277152986284965	0.09805206153147099	0.05554511421392799	0.06392647811553974	0.07415967732873102	0.1595705308217436	0.14941246758716345	0.162232901101684	0.44948974278317805	0.07420364253107677	0.09305304906962038	0.07613666999152054	0.09562862463434992	1.0	0.10042003522090263	1.0	0.13231341550747716	0.11308653522469769	0.08501897089016605	1.0	0.11219808087714116	0.39564392373896007	0.06457859833116769
sh	0.16319358901601388	0.4195304008465983	0.2187841884486319	0.13647205666224574	0.11277644534013584	0.10047324829385551	0.2004124966667286	0.1243634802362709	0.10713409616880161	0.123925342533247	0.11352117425759345	0.37926872769071385	0.3767066247780999	0.14591556291954078	0.19935807228349117	0.11209544150753638	0.23715532084796245	0.10690012775502139	0.13639763887390458	0.35004597175656865	0.1905599390813535	0.10633999092636762	0.11464797470227424	0.2289016911760783	0.2491643320059267	0.10042003522090263	1.0	1.0	0.12854256051553664	0.1442320735305031	0.10092356252001879	1.0	0.1021352254592727	0.14118784806383944	0.1702795373748176
si	1.0	1.0	1.0	1.0	1.0	1.0	1.0	1.0	1.0	1.0	1.0	1.0	1.0	1.0	1.0	1.0	1.0	1.0	1.0	1.0	1.0	1.0	1.0	1.0	1.0	1.0	1.0	1.0	1.0	1.0	1.0	1.0	1.0	1.0	1.0
simple	0.23872583052761026	0.13873227491348591	0.3266316347104093	0.23367393984703938	0.14673764681569074	0.13366010842673373	0.13226886759511086	0.12206050708865308	0.1274524229609326	0.12260621952754536	0.12882385494061876	0.5	0.11310975000235697	0.1247325891141962	0.12096130420628845	0.14166531735713314	0.1188911131768266	0.14839234651331315	0.1538529620263486	0.22707477432833031	0.30383243470068705	0.12275491888517351	0.12088158389407809	0.11721254563678726	0.11687792000965726	0.13231341550747716	0.12854256051553664	1.0	1.0	0.13472834638010786	0.13296763747465562	1.0	0.13233182897653567	0.29429805508554946	0.12115104028798009
sr	0.3021694792519622	0.15682507890550765	0.4142135623730951	0.1624128431621044	0.11948301717473413	0.11318349402702044	0.13191120685233584	0.14100116537870477	0.11663534962284462	0.14447391911540192	0.11504576342191705	0.3597752501562547	0.1310408829948471	0.11633735574690697	0.13922407743624057	0.11768914920251279	0.1446214642500037	0.12758446338535448	0.14341465981206766	0.2247417998810594	0.4142135623730951	0.11447644770009568	0.11416575522404199	0.14575253896634563	0.1355241758082216	0.11308653522469769	0.1442320735305031	1.0	0.13472834638010786	1.0	0.1132302776184611	1.0	0.11504585741201034	0.23371479611805132	0.14658008093861555
sv	0.26968623182294527	0.11007513525095097	0.44948974278317805	0.23166247903554	0.10892479522150803	0.08740831156975629	0.0825849590773261	0.05729561120684932	0.0695069429277187	0.05349063060858198	0.10006163299834181	0.5	0.07811343459260998	0.09727877278432352	0.06313302098655016	0.06944985094322245	0.07357993102753192	0.19000789898561868	0.14470541863707942	0.16788559038098524	0.38742588672279304	0.08682958428329632	0.09147366748912271	0.07425655090153314	0.09524763901992239	0.08501897089016605	0.10092356252001879	1.0	0.13296763747465562	0.1132302776184611	1.0	1.0	0.11037190276728129	0.44948974278317805	0.06401970821294917
te	1.0	1.0	1.0	1.0	1.0	1.0	1.0	1.0	1.0	1.0	1.0	1.0	1.0	1.0	1.0	1.0	1.0	1.0	1.0	1.0	1.0	1.0	1.0	1.0	1.0	1.0	1.0	1.0	1.0	1.0	1.0	1.0	1.0	1.0	1.0
vi	0.3244997998398398	0.11025046222092097	1.0	0.22772999919644132	0.11923297783505088	0.1128093270743711	0.0971581174391921	0.08904051191564337	0.100536267953054	0.09433092359126574	0.10550656402459709	0.5	0.08321297715209015	0.10037844198574736	0.09218061575482049	0.1271923221910092	0.09238133192161332	0.18824497688946093	0.1525858310703932	0.16526365662661036	0.5	0.1123788531576073	0.08621218552459772	0.088656062523802	0.09539668665113546	0.11219808087714116	0.1021352254592727	1.0	0.13233182897653567	0.11504585741201034	0.11037190276728129	1.0	1.0	1.0	0.08612465419840107
war	0.353889367864523	0.15174115516527187	1.0	0.3430703308172536	0.38742588672279304	0.36602540378443865	0.15548737703860027	0.2402530733520421	0.38742588672279304	0.30383243470068705	0.3430703308172536	0.585786437626905	0.16722520332754173	0.2240092377397959	0.1751881400287486	0.28436465220442186	0.16952084719853724	0.5	0.22772999919644132	0.21393876913398135	0.5	0.5	0.39564392373896007	0.21089672205953397	0.19636040545626823	0.39564392373896007	0.14118784806383944	1.0	0.29429805508554946	0.23371479611805132	0.44948974278317805	1.0	1.0	1.0	0.22584440001865322
zh	0.19072253678847934	0.18294661584066582	0.3333333333333333	0.1615917514270118	0.08305012759380959	0.0652386682071671	0.2986089924955818	0.1339018738425231	0.0757891376535696	0.08517261266971449	0.0871359749205341	0.28989794855663564	0.3462729243423251	0.144470349354894	0.18689563950232208	0.09934610589274587	0.328826172401577	0.09453583539517789	0.14640232752393975	0.20789838919756565	0.28436465220442186	0.08327236588539917	0.09721946868145846	0.2970508074893796	0.1868275657209799	0.06457859833116769	0.1702795373748176	1.0	0.12115104028798009	0.14658008093861555	0.06401970821294917	1.0	0.08612465419840107	0.22584440001865322	1.0
