arz	bs	ceb	ckb	da	de	el	en	es	fr	he	hi	hu	id	it	ja	ko	lv	mk	ml	mr	nl	pl	pt	ro	ru	sh	si	simple	sr	sv	te	tr	vi	war	zh
arz	1.0	1.0	0.0	1.0	1.0	1.0	1.0	1.0	1.0	1.0	1.0	1.0	1.0	0.5660160774121898	1.0	1.0	1.0	1.0	1.0	1.0	1.0	1.0	1.0	1.0	1.0	1.0	1.0	1.0	1.0	1.0	1.0	1.0	1.0	1.0	0.8216064286890065	1.0
bs	1.0	1.0	1.0	1.0	0.33296822200198534	0.4621706529239085	0.6187877717775669	0.34284071995495835	0.47889049341731305	0.45317480853661024	0.38849476474647676	0.5086151356409656	0.3817135298877879	0.36632246790361417	0.3536202345072633	0.6214884074160715	0.37699252597778116	0.46140165571402475	0.4247346676004566	0.4379760267572464	1.0	0.3186682723386804	0.4877454444628563	0.4305901300966319	0.4280188189037085	0.5603534734440354	0.449281157300534	1.0	0.402538993710063	0.46411259844894764	0.43553173709757514	0.6972954930026792	0.4204729014821839	0.6956723849327394	0.8216064286890065	0.5629742688307777
ceb	0.0	1.0	1.0	0.0	1.0	1.0	0.0	1.0	1.0	1.0	1.0	1.0	1.0	1.0	1.0	1.0	1.0	1.0	1.0	1.0	0.0	1.0	1.0	1.0	1.0	1.0	1.0	1.0	1.0	1.0	1.0	0.0	-1.0	1.0	1.0	1.0
ckb	1.0	1.0	0.0	1.0	0.8216064286890065	1.0	1.0	0.5020797777427737	1.0	1.0	1.0	1.0	1.0	0.749506019670501	0.7863954451402115	1.0	1.0	1.0	1.0	1.0	1.0	0.7863954451402115	1.0	1.0	1.0	1.0	1.0	1.0	0.7863954451402115	1.0	1.0	1.0	1.0	1.0	1.0	1.0
da	1.0	0.33296822200198534	1.0	0.8216064286890065	1.0	0.3588685571859052	0.6896497738240265	0.23363799807843474	0.26829728592193913	0.2866005912406201	0.30759279416911484	0.5027534351383567	0.6994017365373274	0.28284435751649284	0.371647317849079	0.2964661480426779	0.3172442411719409	0.5340168547086788	0.3954655377135493	0.5355386932740563	0.5660160774121898	0.2485450065574275	0.31385947696896754	0.23730965619703492	0.6052332962588798	0.2885889447857261	0.3007992084659126	1.0	0.2526551759988052	0.5347149349066398	0.29973402926495646	0.37601168758039577	0.32459978526606864	0.26519039060217064	1.0	0.3161686473204891
de	1.0	0.4621706529239085	1.0	1.0	0.3588685571859052	1.0	1.0	0.15632128711087473	0.17068481461472998	0.14218214478182697	0.6701591524560107	1.0	0.46661918891327475	0.2807766769013469	0.1450980309098766	0.264676869384653	0.6441837135044263	0.5457054517126566	1.0	0.661251134120194	1.0	0.1769403215762696	0.1443280344365417	0.16268924239678595	0.5140027841944363	0.21197207101143278	0.4651777697298274	1.0	0.2716775810813035	0.2692818372387453	0.23196531297555065	1.0	0.4285242721000118	0.45885529118413626	1.0	0.3220666413510894
el	1.0	0.6187877717775669	0.0	1.0	0.6896497738240265	1.0	1.0	0.36008368609202773	0.629896233114065	0.7411828468492555	1.0	1.0	1.0	0.5668146798611652	0.3428409382877187	1.0	1.0	1.0	1.0	1.0	1.0	0.6360753259768408	0.629896233114065	0.41360553468474	1.0	1.0	0.7863954451402115	1.0	0.5872084847516323	1.0	0.7510341748895938	1.0	0.7510341748895939	1.0	1.0	1.0
en	1.0	0.34284071995495835	1.0	0.5020797777427737	0.23363799807843474	0.15632128711087473	0.36008368609202773	1.0	0.17184856225273895	0.16507809837251758	0.35835437152235244	0.2925829981497386	0.26991470938396156	0.21292507217566128	0.16817389134087596	0.21828840874894426	0.34241450760714376	0.3434728945439927	0.49585922352615536	0.45962049756793943	0.5660160774121898	0.22253069236310916	0.16917836002683698	0.1649045321914942	0.24785684735803593	0.24265744144314513	0.34833162830090597	0.5042139125013491	0.20480954624251696	0.2333746722404022	0.29286181024864155	0.5853292529501829	0.24578266873635013	0.3142033139238537	0.5660160774121898	0.2791621249175431
es	1.0	0.47889049341731305	1.0	1.0	0.26829728592193913	0.17068481461472998	0.629896233114065	0.17184856225273895	1.0	0.1679322180455377	0.4949267650887659	0.6740515375688697	0.6221982196391784	0.25928915115317247	0.14968973002973843	0.29362334585048583	0.4601623521823012	0.4419664703851734	0.7347168825662656	0.5744214629979281	1.0	0.20082663038838983	0.16683619564629695	0.1648451264703206	0.47625382539787686	0.2184894781057636	0.3738589496329566	1.0	0.2543827819086271	0.3352373668325077	0.2843826785050315	0.6908587525207898	0.26206395120744086	0.4408602742712663	1.0	0.40294448406938593
fr	1.0	0.45317480853661024	1.0	1.0	0.2866005912406201	0.14218214478182697	0.7411828468492555	0.16507809837251758	0.1679322180455377	1.0	0.574421462997928	0.6786291688147437	0.58913094212619	0.18113232571695875	0.14775245759958974	0.2175679881814062	0.4759042134137824	0.4508883798395817	0.7376607345031153	0.3985371830837068	1.0	0.17298367183319252	0.1400996310083679	0.16135189559727772	0.45347151142334935	0.21476008328900792	0.36537282126970766	1.0	0.20836215875876551	0.2534139953045084	0.2365621806851104	0.7376607345031152	0.28557499409438963	0.41780096155547675	1.0	0.20678872410217133
he	1.0	0.38849476474647676	1.0	1.0	0.30759279416911484	0.6701591524560107	1.0	0.35835437152235244	0.4949267650887659	0.574421462997928	1.0	1.0	1.0	0.4038671244649037	0.5849032940614362	1.0	1.0	0.6477030087732166	1.0	1.0	1.0	0.3373509535933613	0.689798018050276	0.3267124080903406	0.6239725949460845	1.0	0.5452229761239379	1.0	0.5407226995860945	1.0	0.5680889486249704	1.0	0.7455134344225699	1.0	1.0	1.0
hi	1.0	0.5086151356409656	1.0	1.0	0.5027534351383567	1.0	1.0	0.2925829981497386	0.6740515375688697	0.6786291688147437	1.0	1.0	1.0	0.5370359875717584	0.6384731618278905	1.0	1.0	0.6595514557997493	1.0	1.0	1.0	0.4258801961630374	0.7051349230068009	0.32959549479758893	0.6239725949460845	1.0	0.5713326876817236	1.0	0.46372013287825004	1.0	0.6044414021866646	1.0	0.6994017365373273	1.0	1.0	1.0
hu	1.0	0.3817135298877879	1.0	1.0	0.6994017365373274	0.46661918891327475	1.0	0.26991470938396156	0.6221982196391784	0.58913094212619	1.0	1.0	1.0	0.6786291688147437	0.6579499085160492	1.0	1.0	0.7463334166787828	1.0	1.0	1.0	0.4235144337363433	0.5300509017025926	0.3410550180276561	0.6239725949460845	1.0	0.5452229761239379	1.0	0.6128508099341461	1.0	0.6223041007404059	1.0	0.7510341748895938	1.0	1.0	1.0
id	0.5660160774121898	0.36632246790361417	1.0	0.749506019670501	0.28284435751649284	0.2807766769013469	0.5668146798611652	0.21292507217566128	0.25928915115317247	0.18113232571695875	0.4038671244649037	0.5370359875717584	0.6786291688147437	1.0	0.28990948226648067	0.32424823729855545	0.4590133213513933	0.5281755405387704	0.5118567380611512	0.46457174137741963	0.8216064286890065	0.2829569553978982	0.2671744199526357	0.19081574579681682	0.5090075844710674	0.3185520128008145	0.4387197204934991	1.0	0.2797189552484758	0.30424298197954736	0.25491219809763044	0.6467936504043929	0.20889515443741716	0.43957798219662814	0.8216064286890065	0.3300667753136916
it	1.0	0.3536202345072633	1.0	0.7863954451402115	0.371647317849079	0.1450980309098766	0.3428409382877187	0.16817389134087596	0.14968973002973843	0.14775245759958974	0.5849032940614362	0.6384731618278905	0.6579499085160492	0.28990948226648067	1.0	0.23668186266922173	0.3898491373369198	0.40614189549737695	0.6994017365373274	0.6357637595949256	1.0	0.1628393262807541	0.19221977307443577	0.20306083756235654	0.4112884254529775	0.23651282235047966	0.4810219553232396	1.0	0.23688057094646958	0.39347004151211223	0.23025029082095078	0.7411828468492556	0.4091034050749264	0.504671182767189	1.0	0.35174018260040796
ja	1.0	0.6214884074160715	1.0	1.0	0.2964661480426779	0.264676869384653	1.0	0.21828840874894426	0.29362334585048583	0.2175679881814062	1.0	1.0	1.0	0.32424823729855545	0.23668186266922173	1.0	1.0	0.6160354503256655	1.0	1.0	1.0	0.47041883452500083	0.2951787794791015	0.19122282964267118	0.5262090121030432	1.0	0.5211012180638571	1.0	0.44353631002900673	0.5882745708346903	0.5510997300713828	1.0	0.2992352314421625	1.0	1.0	1.0
ko	1.0	0.37699252597778116	1.0	1.0	0.3172442411719409	0.6441837135044263	1.0	0.34241450760714376	0.4601623521823012	0.4759042134137824	1.0	1.0	1.0	0.4590133213513933	0.3898491373369198	1.0	1.0	0.7231660960055518	1.0	1.0	1.0	0.4760327194888232	0.4714612396880401	0.3081062752197875	0.6239725949460845	1.0	0.5337654510683449	1.0	0.5596448495558493	1.0	0.6589895177841664	1.0	0.6740515375688697	1.0	1.0	1.0
lv	1.0	0.46140165571402475	1.0	1.0	0.5340168547086788	0.5457054517126566	1.0	0.3434728945439927	0.4419664703851734	0.4508883798395817	0.6477030087732166	0.6595514557997493	0.7463334166787828	0.5281755405387704	0.40614189549737695	0.6160354503256655	0.7231660960055518	1.0	0.8428085291297184	0.8428085291297184	1.0	0.3344132629453587	0.5327957194864771	0.5374709694570944	0.6595514557997493	0.5374709694570944	0.645561025677424	1.0	0.5117152806542922	0.6160354503256655	0.4989053495755613	1.0	0.6395735054580733	0.7106922308883379	1.0	0.5768247483227604
mk	1.0	0.4247346676004566	1.0	1.0	0.3954655377135493	1.0	1.0	0.49585922352615536	0.7347168825662656	0.7376607345031153	1.0	1.0	1.0	0.5118567380611512	0.6994017365373274	1.0	1.0	0.8428085291297184	1.0	1.0	1.0	0.28628711661595985	0.7347168825662657	0.3355864404197141	0.6530990148647726	1.0	0.6061318760936545	1.0	0.7411828468492556	1.0	0.721445902903449	1.0	1.0	1.0	1.0	1.0
ml	1.0	0.4379760267572464	1.0	1.0	0.5355386932740563	0.661251134120194	1.0	0.45962049756793943	0.5744214629979281	0.3985371830837068	1.0	1.0	1.0	0.46457174137741963	0.6357637595949256	1.0	1.0	0.8428085291297184	1.0	1.0	1.0	0.36139835735969905	0.6542352973188034	0.46817784795609924	0.7126076878862918	1.0	0.6043140717184354	1.0	0.6053477298846341	1.0	0.6742609581833431	1.0	0.6841174893561723	1.0	1.0	1.0
mr	1.0	1.0	0.0	1.0	0.5660160774121898	1.0	1.0	0.5660160774121898	1.0	1.0	1.0	1.0	1.0	0.8216064286890065	1.0	1.0	1.0	1.0	1.0	1.0	1.0	1.0	1.0	1.0	1.0	1.0	1.0	1.0	1.0	1.0	1.0	1.0	1.0	1.0	1.0	1.0
nl	1.0	0.3186682723386804	1.0	0.7863954451402115	0.2485450065574275	0.1769403215762696	0.6360753259768408	0.22253069236310916	0.20082663038838983	0.17298367183319252	0.3373509535933613	0.4258801961630374	0.4235144337363433	0.2829569553978982	0.1628393262807541	0.47041883452500083	0.4760327194888232	0.3344132629453587	0.28628711661595985	0.36139835735969905	1.0	1.0	0.1609750502349972	0.18657807805285906	0.41404585555238405	0.41378857169936445	0.36557121335816817	1.0	0.26801148318010093	0.36296259178540363	0.3326989920571471	0.5661930514267645	0.2526226906288563	0.35860506780088613	0.8216064286890065	0.4133678537576432
pl	1.0	0.4877454444628563	1.0	1.0	0.31385947696896754	0.1443280344365417	0.629896233114065	0.16917836002683698	0.16683619564629695	0.1400996310083679	0.689798018050276	0.7051349230068009	0.5300509017025926	0.2671744199526357	0.19221977307443577	0.2951787794791015	0.4714612396880401	0.5327957194864771	0.7347168825662657	0.6542352973188034	1.0	0.1609750502349972	1.0	0.1726232718792865	0.4888273924682883	0.2043434967659262	0.38683178087186315	1.0	0.2835293857959658	0.3260137064395219	0.36422568106062897	0.6841174893561722	0.2728110817064771	0.4514614217447098	1.0	0.3714177687140068
pt	1.0	0.4305901300966319	1.0	1.0	0.23730965619703492	0.16268924239678595	0.41360553468474	0.1649045321914942	0.1648451264703206	0.16135189559727772	0.3267124080903406	0.32959549479758893	0.3410550180276561	0.19081574579681682	0.20306083756235654	0.19122282964267118	0.3081062752197875	0.5374709694570944	0.3355864404197141	0.46817784795609924	1.0	0.18657807805285906	0.1726232718792865	1.0	0.31072679212771753	0.2094998412417062	0.40881854989705696	1.0	0.28649647769133363	0.28047130773731926	0.24544462100851266	0.7455134344225701	0.26998481445720246	0.4277667947929167	1.0	0.27302982635582745
ro	1.0	0.4280188189037085	1.0	1.0	0.6052332962588798	0.5140027841944363	1.0	0.24785684735803593	0.47625382539787686	0.45347151142334935	0.6239725949460845	0.6239725949460845	0.6239725949460845	0.5090075844710674	0.4112884254529775	0.5262090121030432	0.6239725949460845	0.6595514557997493	0.6530990148647726	0.7126076878862918	1.0	0.41404585555238405	0.4888273924682883	0.31072679212771753	1.0	0.5125240816412219	0.6628158076379933	1.0	0.42363560915640774	0.5299048075186081	0.6538856919650466	1.0	0.5921567071625391	0.6393565083471909	1.0	0.5772513596303674
ru	1.0	0.5603534734440354	1.0	1.0	0.2885889447857261	0.21197207101143278	1.0	0.24265744144314513	0.2184894781057636	0.21476008328900792	1.0	1.0	1.0	0.3185520128008145	0.23651282235047966	1.0	1.0	0.5374709694570944	1.0	1.0	1.0	0.41378857169936445	0.2043434967659262	0.2094998412417062	0.5125240816412219	1.0	0.4563751272465783	1.0	0.31241796426692126	0.5432677665452695	0.4364540242259872	1.0	0.26359093499875946	1.0	1.0	1.0
sh	1.0	0.449281157300534	1.0	1.0	0.3007992084659126	0.4651777697298274	0.7863954451402115	0.34833162830090597	0.3738589496329566	0.36537282126970766	0.5452229761239379	0.5713326876817236	0.5452229761239379	0.4387197204934991	0.4810219553232396	0.5211012180638571	0.5337654510683449	0.645561025677424	0.6061318760936545	0.6043140717184354	1.0	0.36557121335816817	0.38683178087186315	0.40881854989705696	0.6628158076379933	0.4563751272465783	1.0	1.0	0.525468664912582	0.4773766397082252	0.5901958472273683	0.6704675947063354	0.5119199832829272	0.6315880426470915	0.8216064286890065	0.48800027513523553
si	1.0	1.0	1.0	1.0	1.0	1.0	1.0	0.5042139125013491	1.0	1.0	1.0	1.0	1.0	1.0	1.0	1.0	1.0	1.0	1.0	1.0	1.0	1.0	1.0	1.0	1.0	1.0	1.0	1.0	1.0	1.0	1.0	1.0	1.0	1.0	1.0	1.0
simple	1.0	0.402538993710063	1.0	0.7863954451402115	0.2526551759988052	0.2716775810813035	0.5872084847516323	0.20480954624251696	0.2543827819086271	0.20836215875876551	0.5407226995860945	0.46372013287825004	0.6128508099341461	0.2797189552484758	0.23688057094646958	0.44353631002900673	0.5596448495558493	0.5117152806542922	0.7411828468492556	0.6053477298846341	1.0	0.26801148318010093	0.2835293857959658	0.28649647769133363	0.42363560915640774	0.31241796426692126	0.525468664912582	1.0	1.0	0.5343613004368636	0.2383284911339973	0.7992591943912659	0.5076667576978211	0.4228034959987644	1.0	0.40740997874446133
sr	1.0	0.46411259844894764	1.0	1.0	0.5347149349066398	0.2692818372387453	1.0	0.2333746722404022	0.3352373668325077	0.2534139953045084	1.0	1.0	1.0	0.30424298197954736	0.39347004151211223	0.5882745708346903	1.0	0.6160354503256655	1.0	1.0	1.0	0.36296259178540363	0.3260137064395219	0.28047130773731926	0.5299048075186081	0.5432677665452695	0.4773766397082252	1.0	0.5343613004368636	1.0	0.5865169119839341	1.0	0.6504036062041291	1.0	1.0	0.7221793916855704
sv	1.0	0.43553173709757514	1.0	1.0	0.29973402926495646	0.23196531297555065	0.7510341748895938	0.29286181024864155	0.2843826785050315	0.2365621806851104	0.5680889486249704	0.6044414021866646	0.6223041007404059	0.25491219809763044	0.23025029082095078	0.5510997300713828	0.6589895177841664	0.4989053495755613	0.721445902903449	0.6742609581833431	1.0	0.3326989920571471	0.36422568106062897	0.24544462100851266	0.6538856919650466	0.4364540242259872	0.5901958472273683	1.0	0.2383284911339973	0.5865169119839341	1.0	0.7510341748895937	0.2658715507870978	0.6897980180502761	0.8216064286890065	0.6028625059156408
te	1.0	0.6972954930026792	0.0	1.0	0.37601168758039577	1.0	1.0	0.5853292529501829	0.6908587525207898	0.7376607345031152	1.0	1.0	1.0	0.6467936504043929	0.7411828468492556	1.0	1.0	1.0	1.0	1.0	1.0	0.5661930514267645	0.6841174893561722	0.7455134344225701	1.0	1.0	0.6704675947063354	1.0	0.7992591943912659	1.0	0.7510341748895937	1.0	1.0	1.0	1.0	1.0
tr	1.0	0.4204729014821839	-1.0	1.0	0.32459978526606864	0.4285242721000118	0.7510341748895939	0.24578266873635013	0.26206395120744086	0.28557499409438963	0.7455134344225699	0.6994017365373273	0.7510341748895938	0.20889515443741716	0.4091034050749264	0.2992352314421625	0.6740515375688697	0.6395735054580733	1.0	0.6841174893561723	1.0	0.2526226906288563	0.2728110817064771	0.26998481445720246	0.5921567071625391	0.26359093499875946	0.5119199832829272	1.0	0.5076667576978211	0.6504036062041291	0.2658715507870978	1.0	1.0	0.5451487694985683	1.0	0.5216999010259452
vi	1.0	0.6956723849327394	1.0	1.0	0.26519039060217064	0.45885529118413626	1.0	0.3142033139238537	0.4408602742712663	0.41780096155547675	1.0	1.0	1.0	0.43957798219662814	0.504671182767189	1.0	1.0	0.7106922308883379	1.0	1.0	1.0	0.35860506780088613	0.4514614217447098	0.4277667947929167	0.6393565083471909	1.0	0.6315880426470915	1.0	0.4228034959987644	1.0	0.6897980180502761	1.0	0.5451487694985683	1.0	1.0	1.0
war	0.8216064286890065	0.8216064286890065	1.0	1.0	1.0	1.0	1.0	0.5660160774121898	1.0	1.0	1.0	1.0	1.0	0.8216064286890065	1.0	1.0	1.0	1.0	1.0	1.0	1.0	0.8216064286890065	1.0	1.0	1.0	1.0	0.8216064286890065	1.0	1.0	1.0	0.8216064286890065	1.0	1.0	1.0	1.0	1.0
zh	1.0	0.5629742688307777	1.0	1.0	0.3161686473204891	0.3220666413510894	1.0	0.2791621249175431	0.40294448406938593	0.20678872410217133	1.0	1.0	1.0	0.3300667753136916	0.35174018260040796	1.0	1.0	0.5768247483227604	1.0	1.0	1.0	0.4133678537576432	0.3714177687140068	0.27302982635582745	0.5772513596303674	1.0	0.48800027513523553	1.0	0.40740997874446133	0.7221793916855704	0.6028625059156408	1.0	0.5216999010259452	1.0	1.0	1.0
