arz	bs	ceb	ckb	da	de	el	en	es	fr	he	hi	hu	id	it	ja	ko	lv	mk	ml	mr	nl	pl	pt	ro	ru	sh	si	simple	sr	sv	te	vi	war	zh
arz	1.0	0.0	0.0	0.0	1.0	1.0	0.0	1.0	1.0	1.0	1.0	0.0	1.0	1.0	1.0	1.0	1.0	0.0	1.0	0.0	0.0	1.0	1.0	1.0	1.0	1.0	0.0	0.0	1.0	0.0	1.0	0.0	1.0	0.0	1.0
bs	0.0	1.0	0.0	1.0	1.0	1.0	1.0	1.0	1.0	1.0	1.0	1.0	1.0	1.0	0.585786437626905	1.0	1.0	1.0	1.0	1.0	0.0	1.0	1.0	1.0	0.0	1.0	1.0	0.0	1.0	1.0	1.0	0.0	1.0	0.0	1.0
ceb	0.0	0.0	1.0	0.0	1.0	1.0	0.0	1.0	1.0	1.0	1.0	0.0	0.0	1.0	1.0	1.0	1.0	1.0	1.0	1.0	0.0	1.0	1.0	1.0	1.0	1.0	0.0	0.0	1.0	1.0	1.0	0.0	1.0	0.0	1.0
ckb	0.0	1.0	0.0	1.0	1.0	1.0	1.0	0.44948974278317805	1.0	1.0	1.0	1.0	1.0	1.0	1.0	1.0	1.0	1.0	1.0	1.0	0.0	1.0	1.0	1.0	0.0	1.0	0.0	0.0	1.0	1.0	1.0	0.0	1.0	0.0	1.0
da	1.0	1.0	1.0	1.0	1.0	0.19675422795565728	1.0	0.05771329349343529	0.3726822671238253	0.21767634479507444	0.4364916731037085	1.0	0.585786437626905	0.21991074322003976	0.06191795700303117	0.4364916731037085	0.39564392373896007	1.0	0.32449979983983984	1.0	0.0	0.16522774011676408	0.24336073281110826	0.2553967929896867	0.585786437626905	0.3333333333333333	1.0	0.0	0.32449979983983984	1.0	0.18151291824946006	0.0	0.4364916731037085	1.0	0.4364916731037085
de	1.0	1.0	1.0	1.0	0.19675422795565728	1.0	0.3660254037844386	0.006050414142713255	0.06281731893786417	0.009382680282307258	0.3333333333333333	1.0	0.15224617017967254	0.041606918700550985	0.011656853966674693	0.11350416126511091	0.2958163163244893	0.5	0.3203772410170407	1.0	0.0	0.011191315681405165	0.01926648470554139	0.017415586678728032	0.44948974278317805	0.022569186940299055	0.44948974278317805	0.0	0.27195617308673004	0.5	0.021902694526938993	0.0	1.0	1.0	0.15174115516527187
el	0.0	1.0	0.0	1.0	1.0	0.3660254037844386	1.0	0.02051870611318289	0.38742588672279304	0.24660605559646726	1.0	1.0	0.23669181907653403	0.24336073281110826	0.03444742494164835	1.0	1.0	1.0	1.0	1.0	0.0	0.3090169943749474	0.13727019597372123	0.1367733581867939	1.0	1.0	1.0	0.0	1.0	1.0	0.1156890768325547	0.0	1.0	1.0	1.0
en	1.0	1.0	1.0	0.44948974278317805	0.05771329349343529	0.006050414142713255	0.02051870611318289	1.0	0.005517190265429513	0.023981898384898063	0.05542891058504711	0.27429188517743175	0.02838651694090163	0.027449166267678488	0.04813536395112604	0.007680637660779683	0.016966721840614	0.39564392373896007	0.023495376963179777	0.3164309725825328	1.0	0.011847333305723818	0.01955756998061384	0.025268833566262406	0.15466478218069799	0.004076072446336441	0.10832168395116654	1.0	0.08072979524369851	0.10477782979607683	0.05006192291624783	0.0	0.08602694686424929	1.0	0.006163579563710922
es	1.0	1.0	1.0	1.0	0.3726822671238253	0.06281731893786417	0.38742588672279304	0.005517190265429513	1.0	0.00909155986913908	0.585786437626905	1.0	0.13550768672782448	0.07439443960986107	0.012155025966794368	0.2070518364164892	0.44948974278317805	1.0	0.44948974278317805	1.0	0.0	0.027823451784764645	0.027191026404203816	0.012683866962443975	0.38742588672279304	0.1852891992413258	0.5	0.0	0.2928060946961875	0.585786437626905	0.03906257471291394	0.0	0.585786437626905	1.0	0.3090169943749474
fr	1.0	1.0	1.0	1.0	0.21767634479507444	0.009382680282307258	0.24660605559646726	0.023981898384898063	0.00909155986913908	1.0	0.24336073281110826	0.5	0.09002923044605006	0.03976049857996504	0.017782189634381107	0.012984350717250685	0.12178632452799958	0.27429188517743175	0.21498516621900873	1.0	0.0	0.013152796936036205	0.016368811968465125	0.015551237443321084	0.2612038749637414	0.007015239314414523	0.25355482027512377	1.0	0.23120128510482046	0.5	0.03733957491465994	1.0	0.2402530733520421	1.0	0.048643793487832106
he	1.0	1.0	1.0	1.0	0.4364916731037085	0.3333333333333333	1.0	0.05542891058504711	0.585786437626905	0.24336073281110826	1.0	1.0	0.5	0.44948974278317805	0.05915068936740821	1.0	1.0	1.0	1.0	1.0	0.0	0.4142135623730951	0.3164309725825328	0.14956087350246788	1.0	1.0	1.0	0.0	0.3797958971132712	1.0	0.24257131419419417	0.0	1.0	1.0	1.0
hi	0.0	1.0	0.0	1.0	1.0	1.0	1.0	0.27429188517743175	1.0	0.5	1.0	1.0	1.0	1.0	0.3430703308172536	1.0	1.0	1.0	1.0	1.0	1.0	0.5	0.5	0.5	1.0	1.0	1.0	0.0	0.585786437626905	1.0	0.44948974278317805	1.0	1.0	1.0	1.0
hu	1.0	1.0	0.0	1.0	0.585786437626905	0.15224617017967254	0.23669181907653403	0.02838651694090163	0.13550768672782448	0.09002923044605006	0.5	1.0	1.0	0.585786437626905	0.041387618884559246	0.2958163163244893	0.5	0.585786437626905	0.44948974278317805	1.0	0.0	0.2193450929151803	0.18775812789881807	0.21331782230249047	1.0	0.1060878539025194	0.585786437626905	0.0	1.0	1.0	0.16527089785300667	0.0	0.585786437626905	1.0	0.23166247903554
id	1.0	1.0	1.0	1.0	0.21991074322003976	0.041606918700550985	0.24336073281110826	0.027449166267678488	0.07439443960986107	0.03976049857996504	0.44948974278317805	1.0	0.585786437626905	1.0	0.03970541721596188	0.0786053857014229	0.10039125759001187	1.0	0.26427884169111276	1.0	0.0	0.04621281495887685	0.07468087339133593	0.093569911901405	0.585786437626905	0.037305220938239285	0.585786437626905	1.0	0.28436465220442186	1.0	0.16196194061910854	0.0	0.3333333333333333	1.0	0.0767592508244488
it	1.0	0.585786437626905	1.0	1.0	0.06191795700303117	0.011656853966674693	0.03444742494164835	0.04813536395112604	0.012155025966794368	0.017782189634381107	0.05915068936740821	0.3430703308172536	0.041387618884559246	0.03970541721596188	1.0	0.01798312370543583	0.03800091420033809	0.32449979983983984	0.05762901598660233	0.3483314773547883	0.0	0.015784569650355997	0.018598599117421927	0.0274273482336921	0.09533106060252097	0.009758747782609493	0.16597681693032765	1.0	0.06425415057108251	0.08949751194817467	0.032439146713543615	0.0	0.13853768235555425	1.0	0.021596529098990597
ja	1.0	1.0	1.0	1.0	0.4364916731037085	0.11350416126511091	1.0	0.007680637660779683	0.2070518364164892	0.012984350717250685	1.0	1.0	0.2958163163244893	0.0786053857014229	0.01798312370543583	1.0	1.0	1.0	1.0	1.0	0.0	0.06399741430169364	0.04109646486950532	0.0452988380728277	0.36602540378443865	1.0	0.2791745113185196	0.0	0.3021694792519622	1.0	0.044241444057689684	1.0	1.0	1.0	1.0
ko	1.0	1.0	1.0	1.0	0.39564392373896007	0.2958163163244893	1.0	0.016966721840614	0.44948974278317805	0.12178632452799958	1.0	1.0	0.5	0.10039125759001187	0.03800091420033809	1.0	1.0	1.0	1.0	1.0	0.0	0.17192062304130262	0.21498516621900873	0.12532016168031268	0.585786437626905	1.0	0.5	0.0	0.353889367864523	1.0	0.1809073112342927	0.0	1.0	1.0	1.0
lv	0.0	1.0	1.0	1.0	1.0	0.5	1.0	0.39564392373896007	1.0	0.27429188517743175	1.0	1.0	0.585786437626905	1.0	0.32449979983983984	1.0	1.0	1.0	1.0	1.0	0.0	0.4364916731037085	0.5	1.0	0.585786437626905	1.0	1.0	0.0	0.4364916731037085	1.0	0.5	0.0	1.0	1.0	1.0
mk	1.0	1.0	1.0	1.0	0.32449979983983984	0.3203772410170407	1.0	0.023495376963179777	0.44948974278317805	0.21498516621900873	1.0	1.0	0.44948974278317805	0.26427884169111276	0.05762901598660233	1.0	1.0	1.0	1.0	1.0	0.0	0.24336073281110826	0.1809073112342927	0.3090169943749474	1.0	1.0	0.5	0.0	1.0	1.0	0.21239994067041815	0.0	1.0	1.0	1.0
ml	0.0	1.0	1.0	1.0	1.0	1.0	1.0	0.3164309725825328	1.0	1.0	1.0	1.0	1.0	1.0	0.3483314773547883	1.0	1.0	1.0	1.0	1.0	0.0	1.0	0.585786437626905	1.0	1.0	1.0	1.0	0.0	1.0	1.0	0.585786437626905	0.0	1.0	1.0	1.0
mr	0.0	0.0	0.0	0.0	0.0	0.0	0.0	1.0	0.0	0.0	0.0	1.0	0.0	0.0	0.0	0.0	0.0	0.0	0.0	0.0	1.0	0.0	0.0	0.0	0.0	0.0	0.0	0.0	0.0	0.0	0.0	0.0	0.0	0.0	0.0
nl	1.0	1.0	1.0	1.0	0.16522774011676408	0.011191315681405165	0.3090169943749474	0.011847333305723818	0.027823451784764645	0.013152796936036205	0.4142135623730951	0.5	0.2193450929151803	0.04621281495887685	0.015784569650355997	0.06399741430169364	0.17192062304130262	0.4364916731037085	0.24336073281110826	1.0	0.0	1.0	0.031744886894814195	0.04390067049029725	0.38742588672279304	0.01617528759955105	0.3164309725825327	0.0	0.26533119314590375	0.4142135623730951	0.04215882854231237	0.0	0.3090169943749474	1.0	0.06398468938182061
pl	1.0	1.0	1.0	1.0	0.24336073281110826	0.01926648470554139	0.13727019597372123	0.01955756998061384	0.027191026404203816	0.016368811968465125	0.3164309725825328	0.5	0.18775812789881807	0.07468087339133593	0.018598599117421927	0.04109646486950532	0.21498516621900873	0.5	0.1809073112342927	0.585786437626905	0.0	0.031744886894814195	1.0	0.036920937112388384	0.3430703308172536	0.013385136529613043	0.2674788903885893	0.0	0.24336073281110826	0.3660254037844386	0.0528876658345385	1.0	0.3660254037844386	1.0	0.1093550175803124
pt	1.0	1.0	1.0	1.0	0.2553967929896867	0.017415586678728032	0.1367733581867939	0.025268833566262406	0.012683866962443975	0.015551237443321084	0.14956087350246788	0.5	0.21331782230249047	0.093569911901405	0.0274273482336921	0.0452988380728277	0.12532016168031268	1.0	0.3090169943749474	1.0	0.0	0.04390067049029725	0.036920937112388384	1.0	0.2989350844248255	0.013137838552028066	0.26533119314590375	0.0	0.2742918851774318	0.44948974278317805	0.039025895826294246	0.0	0.36602540378443865	1.0	0.07854615338810662
ro	1.0	0.0	1.0	0.0	0.585786437626905	0.44948974278317805	1.0	0.15466478218069799	0.38742588672279304	0.2612038749637414	1.0	1.0	1.0	0.585786437626905	0.09533106060252097	0.36602540378443865	0.585786437626905	0.585786437626905	1.0	1.0	0.0	0.38742588672279304	0.3430703308172536	0.2989350844248255	1.0	0.4142135623730951	0.5	0.0	1.0	1.0	0.252650308587072	0.0	1.0	1.0	0.585786437626905
ru	1.0	1.0	1.0	1.0	0.3333333333333333	0.022569186940299055	1.0	0.004076072446336441	0.1852891992413258	0.007015239314414523	1.0	1.0	0.1060878539025194	0.037305220938239285	0.009758747782609493	1.0	1.0	1.0	1.0	1.0	0.0	0.01617528759955105	0.013385136529613043	0.013137838552028066	0.4142135623730951	1.0	0.26533119314590375	1.0	0.28989794855663564	1.0	0.02060068014521158	1.0	1.0	1.0	1.0
sh	0.0	1.0	0.0	0.0	1.0	0.44948974278317805	1.0	0.10832168395116654	0.5	0.25355482027512377	1.0	1.0	0.585786437626905	0.585786437626905	0.16597681693032765	0.2791745113185196	0.5	1.0	0.5	1.0	0.0	0.3164309725825327	0.2674788903885893	0.26533119314590375	0.5	0.26533119314590375	1.0	0.0	0.585786437626905	0.44948974278317805	0.4142135623730951	0.0	1.0	1.0	0.32449979983983984
si	0.0	0.0	0.0	0.0	0.0	0.0	0.0	1.0	0.0	1.0	0.0	0.0	0.0	1.0	1.0	0.0	0.0	0.0	0.0	0.0	0.0	0.0	0.0	0.0	0.0	1.0	0.0	1.0	0.0	0.0	1.0	0.0	0.0	0.0	0.0
simple	1.0	1.0	1.0	1.0	0.32449979983983984	0.27195617308673004	1.0	0.08072979524369851	0.2928060946961875	0.23120128510482046	0.3797958971132712	0.585786437626905	1.0	0.28436465220442186	0.06425415057108251	0.3021694792519622	0.353889367864523	0.4364916731037085	1.0	1.0	0.0	0.26533119314590375	0.24336073281110826	0.2742918851774318	1.0	0.28989794855663564	0.585786437626905	0.0	1.0	1.0	0.24336073281110826	0.0	1.0	0.0	0.353889367864523
sr	0.0	1.0	1.0	1.0	1.0	0.5	1.0	0.10477782979607683	0.585786437626905	0.5	1.0	1.0	1.0	1.0	0.08949751194817467	1.0	1.0	1.0	1.0	1.0	0.0	0.4142135623730951	0.3660254037844386	0.44948974278317805	1.0	1.0	0.44948974278317805	0.0	1.0	1.0	0.2222222222222222	0.0	1.0	1.0	1.0
sv	1.0	1.0	1.0	1.0	0.18151291824946006	0.021902694526938993	0.1156890768325547	0.05006192291624783	0.03906257471291394	0.03733957491465994	0.24257131419419417	0.44948974278317805	0.16527089785300667	0.16196194061910854	0.032439146713543615	0.044241444057689684	0.1809073112342927	0.5	0.21239994067041815	0.585786437626905	0.0	0.04215882854231237	0.0528876658345385	0.039025895826294246	0.252650308587072	0.02060068014521158	0.4142135623730951	1.0	0.24336073281110826	0.2222222222222222	1.0	0.0	0.24257131419419417	1.0	0.07113607585369082
te	0.0	0.0	0.0	0.0	0.0	0.0	0.0	0.0	0.0	1.0	0.0	1.0	0.0	0.0	0.0	1.0	0.0	0.0	0.0	0.0	0.0	0.0	1.0	0.0	0.0	1.0	0.0	0.0	0.0	0.0	0.0	1.0	0.0	0.0	0.0
vi	1.0	1.0	1.0	1.0	0.4364916731037085	1.0	1.0	0.08602694686424929	0.585786437626905	0.2402530733520421	1.0	1.0	0.585786437626905	0.3333333333333333	0.13853768235555425	1.0	1.0	1.0	1.0	1.0	0.0	0.3090169943749474	0.3660254037844386	0.36602540378443865	1.0	1.0	1.0	0.0	1.0	1.0	0.24257131419419417	0.0	1.0	1.0	1.0
war	0.0	0.0	0.0	0.0	1.0	1.0	1.0	1.0	1.0	1.0	1.0	1.0	1.0	1.0	1.0	1.0	1.0	1.0	1.0	1.0	0.0	1.0	1.0	1.0	1.0	1.0	1.0	0.0	0.0	1.0	1.0	0.0	1.0	1.0	1.0
zh	1.0	1.0	1.0	1.0	0.4364916731037085	0.15174115516527187	1.0	0.006163579563710922	0.3090169943749474	0.048643793487832106	1.0	1.0	0.23166247903554	0.0767592508244488	0.021596529098990597	1.0	1.0	1.0	1.0	1.0	0.0	0.06398468938182061	0.1093550175803124	0.07854615338810662	0.585786437626905	1.0	0.32449979983983984	0.0	0.353889367864523	1.0	0.07113607585369082	0.0	1.0	1.0	1.0
