arz	bs	ceb	ckb	da	de	el	en	es	fr	he	hi	hu	id	it	ja	ko	lv	mk	ml	mr	nl	pl	pt	ro	ru	sh	si	simple	sr	sv	te	vi	war	zh
arz	1.0	1.0	0.0	1.0	0.5110112795086775	0.718925811717485	1.0	0.42132801901901223	1.0	0.718925811717485	1.0	1.0	1.0	1.0	0.37648229574047937	1.0	1.0	0.7263875964832449	1.0	1.0	1.0	0.5642670943910084	0.7210092110599264	0.5808852645006567	1.0	1.0	0.7221793916855703	1.0	0.728099120889861	1.0	0.5828763145002701	1.0	1.0	1.0	1.0
bs	1.0	1.0	0.0	0.7411828468492556	0.2561528754429976	0.2642500757901823	0.2838028667011961	0.22069617347730486	0.2721919350177772	0.2439832754126205	0.27738959661762946	0.4562357839210855	0.3145698265808233	0.2605275073299196	0.22434202085575383	0.2990769785727182	0.26386468307600597	0.3621191033642342	0.3699375187433482	0.7248485669756152	0.4199651963363208	0.2157381187328652	0.26775459673860375	0.22824313876846883	0.27004645122876997	0.27677596209885136	0.25946483726443187	0.42489828324440826	0.2861384584760091	0.27677596209885136	0.2797840331477241	1.0	0.3227700776515261	1.0	0.2739922168042397
ceb	0.0	0.0	1.0	0.0	1.0	1.0	1.0	1.0	1.0	1.0	1.0	1.0	1.0	1.0	1.0	1.0	1.0	1.0	1.0	0.0	1.0	1.0	1.0	1.0	1.0	1.0	1.0	0.0	1.0	1.0	1.0	0.0	1.0	0.0	1.0
ckb	1.0	0.7411828468492556	0.0	1.0	0.7376607345031153	1.0	1.0	0.7347168825662656	1.0	1.0	1.0	1.0	1.0	1.0	0.3355864404197141	1.0	1.0	1.0	1.0	1.0	1.0	1.0	1.0	0.7347168825662656	1.0	1.0	1.0	1.0	1.0	1.0	0.7347168825662656	1.0	1.0	1.0	1.0
da	0.5110112795086775	0.2561528754429976	1.0	0.7376607345031153	1.0	0.1392582046218936	0.17194635777612158	0.10582465946715759	0.1373829160572073	0.12351947708787359	0.16760162970371012	0.28701678594720786	0.20973341034340043	0.12516452017827545	0.1093003416834568	0.1568857131792822	0.1585749651810535	0.20805256148791193	0.2577910380311787	0.26259298487198435	0.34019082594517336	0.11731865800510968	0.13532093430404096	0.12028327823786766	0.1541817769990471	0.14892302454786427	0.14638117017469784	0.5494246254269926	0.18627881605293709	0.1617592750573229	0.14336371161486183	0.7455134344225701	0.17681047276968845	0.7234532828151787	0.159336805161509
de	0.718925811717485	0.2642500757901823	1.0	1.0	0.1392582046218936	1.0	0.274336803435518	0.07815066659542541	0.08749912525466921	0.0765768842983198	0.1910441808450772	0.49030113061148595	0.25138463313804293	0.0970397765516664	0.08842829302998641	0.14305866916307508	0.1630546550492187	0.3810822583907191	0.42486486906347093	0.37671039338321255	0.451412879902195	0.09410105244468861	0.0883783042877667	0.0862638242759385	0.21363858988970588	0.10132465975763869	0.12108081048277002	0.728099120889861	0.22805907165673464	0.1529982985610439	0.1073626596939281	1.0	0.22518908435528265	1.0	0.1740319884452307
el	1.0	0.2838028667011961	1.0	1.0	0.17194635777612158	0.274336803435518	1.0	0.1302761079651098	0.22625110494257097	0.16442268740551338	1.0	1.0	0.6980834559209265	0.2184823576220682	0.1431480375134185	1.0	1.0	0.6280783374972718	1.0	1.0	1.0	0.16283557388312342	0.24974582692527078	0.19200880073682433	0.5118092523432478	1.0	0.19074787335616297	1.0	0.3086766981446235	0.5798448957207932	0.19505750980243342	1.0	1.0	1.0	1.0
en	0.42132801901901223	0.22069617347730486	1.0	0.7347168825662656	0.10582465946715759	0.07815066659542541	0.1302761079651098	1.0	0.0677209188419656	0.06332375192982731	0.12157857184448105	0.19168906480825618	0.12598165852406487	0.0710012816529231	0.08452108505812932	0.1127466112076186	0.11888126413812626	0.20423506380869696	0.17783067909012118	0.26263067776339594	0.24792318991009196	0.08437818776944475	0.082763877179212	0.06962955957552565	0.1270919965981866	0.10706383905231392	0.09307334555456852	0.5642670943910084	0.14279463374742934	0.11557578281655823	0.09183064090335508	0.3469730543640319	0.129544500194061	0.48697496368986376	0.12450189508578789
es	1.0	0.2721919350177772	1.0	1.0	0.1373829160572073	0.08749912525466921	0.22625110494257097	0.0677209188419656	1.0	0.0627927039021494	0.1519965947433563	0.4842778096922035	0.2665506167654228	0.07994466675300602	0.0783135885794228	0.15586943119807523	0.1448551485269825	0.3720240542032547	0.3183149572491987	0.6294438355475277	0.45322302809122633	0.09150736705807615	0.09661718976084274	0.07253952669924421	0.2081958822760038	0.08746908848204007	0.10701614553417933	0.7263875964832448	0.21652353180210995	0.12556226134214488	0.10814368257990149	1.0	0.23875646238750609	1.0	0.14245165586904554
fr	0.718925811717485	0.2439832754126205	1.0	1.0	0.12351947708787359	0.0765768842983198	0.16442268740551338	0.06332375192982731	0.0627927039021494	1.0	0.13156292005302472	0.3889460098082642	0.1343179750663865	0.07151210187537595	0.07009156411194015	0.10759447545033232	0.12385634451478247	0.19802436030184342	0.2375149298179834	0.3613222084967012	0.441406393608667	0.08427349610021512	0.08197598290388096	0.06949972931946244	0.1359149266398485	0.07649686670934454	0.0979278238338899	0.6589257440209709	0.20369540391228988	0.10409417531653015	0.09212135091158925	0.7248485669756152	0.13319178730315573	0.7234532828151787	0.10848462372813493
he	1.0	0.27738959661762946	1.0	1.0	0.16760162970371012	0.1910441808450772	1.0	0.12157857184448105	0.1519965947433563	0.13156292005302472	1.0	1.0	0.6182660505431203	0.14531911059947122	0.12960470404630112	1.0	1.0	0.6249738127342561	1.0	1.0	1.0	0.13069996060518793	0.18720562278278274	0.14187061082407387	0.48554698206499547	1.0	0.17969911579259237	1.0	0.2895689206286033	0.5644971333729549	0.16663816907290402	1.0	1.0	1.0	1.0
hi	1.0	0.4562357839210855	1.0	1.0	0.28701678594720786	0.49030113061148595	1.0	0.19168906480825618	0.4842778096922035	0.3889460098082642	1.0	1.0	1.0	0.39440591294782573	0.18399423042067886	1.0	1.0	1.0	1.0	1.0	1.0	0.25092025220536573	0.4506495525844575	0.305867594223722	0.7064293785686272	1.0	0.4792925340757622	1.0	0.339987943068422	1.0	0.40161688263678236	1.0	1.0	1.0	1.0
hu	1.0	0.3145698265808233	1.0	1.0	0.20973341034340043	0.25138463313804293	0.6980834559209265	0.12598165852406487	0.2665506167654228	0.1343179750663865	0.6182660505431203	1.0	1.0	0.1891349004702196	0.1472252840528419	0.6940166471196016	0.6166318940963458	0.6280783374972718	1.0	1.0	1.0	0.13760176827070605	0.22443014330116914	0.20750681451616293	0.4918731114555498	0.5649531737861198	0.2028594223106181	1.0	0.3272911377064154	0.5029435152242121	0.23757227972737116	1.0	0.620411401770775	1.0	0.6165259110563215
id	1.0	0.2605275073299196	1.0	1.0	0.12516452017827545	0.0970397765516664	0.2184823576220682	0.0710012816529231	0.07994466675300602	0.07151210187537595	0.14531911059947122	0.39440591294782573	0.1891349004702196	1.0	0.08071594096611023	0.12558343892999282	0.1240566486610298	0.3166971075112072	0.27306990468299297	0.46407340310780315	0.515385690900287	0.09351227318059602	0.09388586340891648	0.07531746387129129	0.19140249718680064	0.09079358728976135	0.12013406373308173	0.7263875964832448	0.21388884221168394	0.10962054336308287	0.10449226564066769	0.6740515375688696	0.17853089774866207	0.658925744020971	0.11833989465635257
it	0.37648229574047937	0.22434202085575383	1.0	0.3355864404197141	0.1093003416834568	0.08842829302998641	0.1431480375134185	0.08452108505812932	0.0783135885794228	0.07009156411194015	0.12960470404630112	0.18399423042067886	0.1472252840528419	0.08071594096611023	1.0	0.1259906835601774	0.12799887348660405	0.211517873205268	0.17465517981783282	0.19845582110094204	0.26566161526001325	0.08794576310208821	0.09095747072957154	0.0785490430688673	0.1179659938403308	0.1187171916937133	0.09354455825984223	0.4000997612874393	0.1399207294206896	0.12766984762620243	0.09784931975358739	0.39493893585380213	0.14411383387936888	0.3149568320583449	0.12337674103653873
ja	1.0	0.2990769785727182	1.0	1.0	0.1568857131792822	0.14305866916307508	1.0	0.1127466112076186	0.15586943119807523	0.10759447545033232	1.0	1.0	0.6940166471196016	0.12558343892999282	0.1259906835601774	1.0	1.0	0.5787884469698928	1.0	1.0	1.0	0.1191702382462808	0.16928792806279033	0.11673877116373409	0.4375664522794029	1.0	0.15285158168094626	1.0	0.2583047777444082	0.4787846926931215	0.15665617252881497	1.0	1.0	1.0	1.0
ko	1.0	0.26386468307600597	1.0	1.0	0.1585749651810535	0.1630546550492187	1.0	0.11888126413812626	0.1448551485269825	0.12385634451478247	1.0	1.0	0.6166318940963458	0.1240566486610298	0.12799887348660405	1.0	1.0	0.6254795531898588	1.0	1.0	1.0	0.1187290153244768	0.1655652466517437	0.12208006538242056	0.45019831789236003	1.0	0.15461548508053538	1.0	0.25938367138565066	0.4603476005415635	0.18337013424116097	1.0	1.0	1.0	1.0
lv	0.7263875964832449	0.3621191033642342	1.0	1.0	0.20805256148791193	0.3810822583907191	0.6280783374972718	0.20423506380869696	0.3720240542032547	0.19802436030184342	0.6249738127342561	1.0	0.6280783374972718	0.3166971075112072	0.211517873205268	0.5787884469698928	0.6254795531898588	1.0	0.7075325319701223	1.0	1.0	0.25100106852466125	0.26759430081769253	0.31920052181000186	0.5124411241217179	0.5148517597465936	0.3606808020266453	1.0	0.32117656136890615	0.6254795531898588	0.35750618689832175	1.0	0.6271466284307811	1.0	0.6242557295398948
mk	1.0	0.3699375187433482	1.0	1.0	0.2577910380311787	0.42486486906347093	1.0	0.17783067909012118	0.3183149572491987	0.2375149298179834	1.0	1.0	1.0	0.27306990468299297	0.17465517981783282	1.0	1.0	0.7075325319701223	1.0	1.0	1.0	0.21677513300792725	0.3517045427440105	0.319781088462992	0.5797204875684812	1.0	0.24002214092581733	1.0	0.3640854630433678	0.6197907398271965	0.4231270525333758	1.0	1.0	1.0	1.0
ml	1.0	0.7248485669756152	0.0	1.0	0.26259298487198435	0.37671039338321255	1.0	0.26263067776339594	0.6294438355475277	0.3613222084967012	1.0	1.0	1.0	0.46407340310780315	0.19845582110094204	1.0	1.0	1.0	1.0	1.0	1.0	0.23865135392966957	0.48018335979680166	0.3129024932739959	1.0	1.0	0.484408280025821	1.0	0.3640268042027357	1.0	0.4138139783657802	1.0	1.0	1.0	1.0
mr	1.0	0.4199651963363208	1.0	1.0	0.34019082594517336	0.451412879902195	1.0	0.24792318991009196	0.45322302809122633	0.441406393608667	1.0	1.0	1.0	0.515385690900287	0.26566161526001325	1.0	1.0	1.0	1.0	1.0	1.0	0.23680472717540693	0.6370562647493827	0.4486402119324773	0.7106212328351245	1.0	0.5633784306649208	1.0	1.0	1.0	0.5581527903207654	1.0	1.0	1.0	1.0
nl	0.5642670943910084	0.2157381187328652	1.0	1.0	0.11731865800510968	0.09410105244468861	0.16283557388312342	0.08437818776944475	0.09150736705807615	0.08427349610021512	0.13069996060518793	0.25092025220536573	0.13760176827070605	0.09351227318059602	0.08794576310208821	0.1191702382462808	0.1187290153244768	0.25100106852466125	0.21677513300792725	0.23865135392966957	0.23680472717540693	1.0	0.10425690397468794	0.09436638356556849	0.14505297012263138	0.10970949435412708	0.10736692553447025	0.556278921594419	0.19125976683500204	0.12260135575900512	0.09954492451362726	0.39493893585380213	0.14691768969794897	0.5607371342276144	0.11862483765488706
pl	0.7210092110599264	0.26775459673860375	1.0	1.0	0.13532093430404096	0.0883783042877667	0.24974582692527078	0.082763877179212	0.09661718976084274	0.08197598290388096	0.18720562278278274	0.4506495525844575	0.22443014330116914	0.09388586340891648	0.09095747072957154	0.16928792806279033	0.1655652466517437	0.26759430081769253	0.3517045427440105	0.48018335979680166	0.6370562647493827	0.10425690397468794	1.0	0.09386271983592462	0.22723339362449568	0.11223157526242443	0.10932445883645056	1.0	0.2251945802913515	0.14416287088949384	0.12226841222218104	1.0	0.23881015676894657	0.7234532828151787	0.1642578551604519
pt	0.5808852645006567	0.22824313876846883	1.0	0.7347168825662656	0.12028327823786766	0.0862638242759385	0.19200880073682433	0.06962955957552565	0.07253952669924421	0.06949972931946244	0.14187061082407387	0.305867594223722	0.20750681451616293	0.07531746387129129	0.0785490430688673	0.11673877116373409	0.12208006538242056	0.31920052181000186	0.319781088462992	0.3129024932739959	0.4486402119324773	0.09436638356556849	0.09386271983592462	1.0	0.17978823641116753	0.08470811914180551	0.10219226069589832	0.3915708835493017	0.21525858204234233	0.11711833391170616	0.1001504660076064	1.0	0.16651344113901592	0.3865966302102591	0.12638363264732227
ro	1.0	0.27004645122876997	1.0	1.0	0.1541817769990471	0.21363858988970588	0.5118092523432478	0.1270919965981866	0.2081958822760038	0.1359149266398485	0.48554698206499547	0.7064293785686272	0.4918731114555498	0.19140249718680064	0.1179659938403308	0.4375664522794029	0.45019831789236003	0.5124411241217179	0.5797204875684812	1.0	0.7106212328351245	0.14505297012263138	0.22723339362449568	0.17978823641116753	1.0	0.3923714524883486	0.19491228345073677	1.0	0.29430717046019356	0.43376881500765535	0.24136784971521677	1.0	0.5369356027096557	1.0	0.4509377005245246
ru	1.0	0.27677596209885136	1.0	1.0	0.14892302454786427	0.10132465975763869	1.0	0.10706383905231392	0.08746908848204007	0.07649686670934454	1.0	1.0	0.5649531737861198	0.09079358728976135	0.1187171916937133	1.0	1.0	0.5148517597465936	1.0	1.0	1.0	0.10970949435412708	0.11223157526242443	0.08470811914180551	0.3923714524883486	1.0	0.12271818329995124	1.0	0.24979548700431967	0.33579629886872403	0.12061850005605455	1.0	1.0	1.0	1.0
sh	0.7221793916855703	0.25946483726443187	1.0	1.0	0.14638117017469784	0.12108081048277002	0.19074787335616297	0.09307334555456852	0.10701614553417933	0.0979278238338899	0.17969911579259237	0.4792925340757622	0.2028594223106181	0.12013406373308173	0.09354455825984223	0.15285158168094626	0.15461548508053538	0.3606808020266453	0.24002214092581733	0.484408280025821	0.5633784306649208	0.10736692553447025	0.10932445883645056	0.10219226069589832	0.19491228345073677	0.12271818329995124	1.0	0.5998186767392314	0.2668861784932728	0.12761277318427883	0.1512046328281091	1.0	0.2470840291636038	1.0	0.15034828534458258
si	1.0	0.42489828324440826	0.0	1.0	0.5494246254269926	0.728099120889861	1.0	0.5642670943910084	0.7263875964832448	0.6589257440209709	1.0	1.0	1.0	0.7263875964832448	0.4000997612874393	1.0	1.0	1.0	1.0	1.0	1.0	0.556278921594419	1.0	0.3915708835493017	1.0	1.0	0.5998186767392314	1.0	1.0	1.0	1.0	1.0	1.0	1.0	1.0
simple	0.728099120889861	0.2861384584760091	1.0	1.0	0.18627881605293709	0.22805907165673464	0.3086766981446235	0.14279463374742934	0.21652353180210995	0.20369540391228988	0.2895689206286033	0.339987943068422	0.3272911377064154	0.21388884221168394	0.1399207294206896	0.2583047777444082	0.25938367138565066	0.32117656136890615	0.3640854630433678	0.3640268042027357	1.0	0.19125976683500204	0.2251945802913515	0.21525858204234233	0.29430717046019356	0.24979548700431967	0.2668861784932728	1.0	1.0	0.2840302495131215	0.22678704216825007	1.0	0.28402887724253545	1.0	0.2711429684891173
sr	1.0	0.27677596209885136	1.0	1.0	0.1617592750573229	0.1529982985610439	0.5798448957207932	0.11557578281655823	0.12556226134214488	0.10409417531653015	0.5644971333729549	1.0	0.5029435152242121	0.10962054336308287	0.12766984762620243	0.4787846926931215	0.4603476005415635	0.6254795531898588	0.6197907398271965	1.0	1.0	0.12260135575900512	0.14416287088949384	0.11711833391170616	0.43376881500765535	0.33579629886872403	0.12761277318427883	1.0	0.2840302495131215	1.0	0.16331894709790043	1.0	0.5327895679984788	1.0	0.500737924048467
sv	0.5828763145002701	0.2797840331477241	1.0	0.7347168825662656	0.14336371161486183	0.1073626596939281	0.19505750980243342	0.09183064090335508	0.10814368257990149	0.09212135091158925	0.16663816907290402	0.40161688263678236	0.23757227972737116	0.10449226564066769	0.09784931975358739	0.15665617252881497	0.18337013424116097	0.35750618689832175	0.4231270525333758	0.4138139783657802	0.5581527903207654	0.09954492451362726	0.12226841222218104	0.1001504660076064	0.24136784971521677	0.12061850005605455	0.1512046328281091	1.0	0.22678704216825007	0.16331894709790043	1.0	0.7300208629885034	0.21911925820405448	0.7234532828151787	0.16702158408068649
te	1.0	1.0	0.0	1.0	0.7455134344225701	1.0	1.0	0.3469730543640319	1.0	0.7248485669756152	1.0	1.0	1.0	0.6740515375688696	0.39493893585380213	1.0	1.0	1.0	1.0	1.0	1.0	0.39493893585380213	1.0	1.0	1.0	1.0	1.0	1.0	1.0	1.0	0.7300208629885034	1.0	1.0	1.0	1.0
vi	1.0	0.3227700776515261	1.0	1.0	0.17681047276968845	0.22518908435528265	1.0	0.129544500194061	0.23875646238750609	0.13319178730315573	1.0	1.0	0.620411401770775	0.17853089774866207	0.14411383387936888	1.0	1.0	0.6271466284307811	1.0	1.0	1.0	0.14691768969794897	0.23881015676894657	0.16651344113901592	0.5369356027096557	1.0	0.2470840291636038	1.0	0.28402887724253545	0.5327895679984788	0.21911925820405448	1.0	1.0	1.0	1.0
war	1.0	1.0	0.0	1.0	0.7234532828151787	1.0	1.0	0.48697496368986376	1.0	0.7234532828151787	1.0	1.0	1.0	0.658925744020971	0.3149568320583449	1.0	1.0	1.0	1.0	1.0	1.0	0.5607371342276144	0.7234532828151787	0.3865966302102591	1.0	1.0	1.0	1.0	1.0	1.0	0.7234532828151787	1.0	1.0	1.0	1.0
zh	1.0	0.2739922168042397	1.0	1.0	0.159336805161509	0.1740319884452307	1.0	0.12450189508578789	0.14245165586904554	0.10848462372813493	1.0	1.0	0.6165259110563215	0.11833989465635257	0.12337674103653873	1.0	1.0	0.6242557295398948	1.0	1.0	1.0	0.11862483765488706	0.1642578551604519	0.12638363264732227	0.4509377005245246	1.0	0.15034828534458258	1.0	0.2711429684891173	0.500737924048467	0.16702158408068649	1.0	1.0	1.0	1.0
