arz	bs	ceb	ckb	da	de	el	en	es	fr	he	hi	hu	id	it	ja	ko	lv	mk	ml	mr	nl	pl	pt	ro	ru	sh	si	simple	sr	sv	te	tr	vi	war	zh
arz	1.0	1.0	0.9196166946481292	1.0	1.0	1.0	1.0	1.0	1.0	1.0	1.0	1.0	1.0	1.0	1.0	1.0	1.0	1.0	1.0	1.0	1.0	1.0	1.0	1.0	1.0	1.0	1.0	1.0	1.0	1.0	1.0	0.0	1.0	1.0	1.0	1.0
bs	1.0	1.0	0.7592290897467888	1.0	0.7863954451402115	1.0	1.0	0.7690990303325336	1.0	1.0	1.0	1.0	1.0	1.0	1.0	1.0	1.0	1.0	1.0	1.0	1.0	1.0	1.0	1.0	1.0	1.0	0.7690990303325336	0.884669884237813	1.0	1.0	1.0	0.0	0.4540227458509732	1.0	0.43629489207528827	1.0
ceb	0.9196166946481292	0.7592290897467888	1.0	0.7988735705437809	0.7413883948285175	0.7100651173477401	0.7947674389007681	0.6168056193462739	0.6427994682495867	0.6281899787691196	0.7976404796841309	0.7998366259651523	0.43413836316782556	0.7051692666803342	0.7719989330252311	0.7947674389007681	0.7947674389007678	0.5618117338875276	0.7988735705437809	0.7988735705437809	0.7988735705437809	0.7653224630592491	0.7353194341716471	0.33989480327603466	0.744505345545058	0.7947674389007678	0.32942388680925894	0.8311549562828737	0.7677819542167287	0.7976404796841309	0.6694617737588453	0.8144657486890157	-1.0	0.6658581457002095	0.4350882830253174	0.24867296955383691
ckb	1.0	1.0	0.7988735705437809	1.0	1.0	0.7690990303325336	1.0	1.0	1.0	0.7690990303325336	1.0	0.0	1.0	1.0	1.0	1.0	1.0	1.0	1.0	0.0	1.0	1.0	1.0	1.0	1.0	1.0	1.0	1.0	1.0	1.0	1.0	0.0	1.0	1.0	0.4369270032996492	1.0
da	1.0	0.7863954451402115	0.7413883948285175	1.0	1.0	0.4417540851806646	0.6131109307903289	0.319538703523159	0.48151364300085575	0.4445997917594237	0.6239725949460846	1.0	0.6381225230967211	0.5559064708692849	0.44547325729987236	0.49749637618033943	0.6239725949460845	0.7510341748895938	0.6608521442956614	1.0	1.0	0.41986960832654546	0.5426879283965487	0.5333720344658235	0.5614196033932408	0.5264344215158948	0.6338916926139018	0.8504785629975432	0.5802422953216093	0.7106922308883378	0.524266710374225	0.0	0.2953929381600874	1.0	0.436121543771662	0.49749637618033943
de	1.0	1.0	0.7100651173477401	0.7690990303325336	0.4417540851806646	1.0	0.3794268079646941	0.1992063635865751	0.29959366778347923	0.1926006274067178	0.407859902782541	0.7455134344225699	0.34297503904418075	0.34503833022177466	0.23190806230730476	0.29696123972562444	0.3678816596078188	0.42441306054069095	0.32538763444059304	1.0	1.0	0.19560704716251268	0.29764959785194023	0.3256181034160356	0.33053254324268866	0.24216650781699514	0.3396272105450139	0.8238985389473801	0.3763927070725399	0.4104466021350759	0.30835562891023083	0.0	0.31950006598259817	0.4104466021350759	0.4251298699455394	0.30153147018584325
el	1.0	1.0	0.7947674389007681	1.0	0.6131109307903289	0.3794268079646941	1.0	0.3557603220185632	0.7263875964832448	0.45857209416497036	1.0	1.0	0.6908587525207897	0.6110569957520273	0.5037688776741978	1.0	1.0	1.0	1.0	1.0	1.0	0.5973329889831545	1.0	1.0	0.6740515375688696	1.0	0.684784572690728	1.0	0.6841174893561722	1.0	0.5764216390924675	0.0	0.6524007805500078	1.0	0.4369270032996492	1.0
en	1.0	0.7690990303325336	0.6168056193462739	1.0	0.319538703523159	0.1992063635865751	0.3557603220185632	1.0	0.2902930667384015	0.21716551840147794	0.35389391088793287	0.3071657297506241	0.39936648986864465	0.2451141711524349	0.22356666795072497	0.2747829766668537	0.2878453982849847	0.42534549395239046	0.2859923737130982	0.5020797777427737	1.0	0.24145009703824968	0.3600922403935807	0.23987330026640968	0.3306046573353839	0.2716395307480148	0.34049194310632885	0.7605824718717304	0.3493075189830774	0.4905875400280834	0.27247642524217897	1.0	0.26322376751466203	0.27969147153584634	0.4097176830067313	0.2885734678558597
es	1.0	1.0	0.6427994682495867	1.0	0.48151364300085575	0.29959366778347923	0.7263875964832448	0.2902930667384015	1.0	0.21578559790759996	1.0	1.0	0.5306701474795352	0.4667671254357592	0.2876826152568541	0.6383829424521855	1.0	1.0	0.6067636116293127	1.0	1.0	0.2949885325333897	0.5618413405294127	0.7141080454298696	0.6638546162332061	0.5917196795904757	0.4793621337269986	0.7694965032753275	0.48951846921395614	1.0	0.5113226295308394	0.0	0.37660607877194746	1.0	0.41961851118322435	0.6398385892358056
fr	1.0	1.0	0.6281899787691196	0.7690990303325336	0.4445997917594237	0.1926006274067178	0.45857209416497036	0.21716551840147794	0.21578559790759996	1.0	0.6786291688147437	0.6333404237489202	0.4217488661135208	0.3484181105994744	0.22883349400172076	0.28814052429125103	0.5957374634936713	1.0	0.4483962215257603	1.0	1.0	0.25839234670501804	0.3039668695803422	0.4135249536011672	0.5803565490467616	0.2309348364345991	0.45246026715004933	0.7378145718548169	0.44014713909526537	0.6786291688147438	0.24284926153934802	0.0	0.35246919672134147	0.7347168825662656	0.4184300638001235	0.2847203132380794
he	1.0	1.0	0.7976404796841309	1.0	0.6239725949460846	0.407859902782541	1.0	0.35389391088793287	1.0	0.6786291688147437	1.0	1.0	0.7584325078215765	0.7376607345031153	0.41360553468474	1.0	1.0	1.0	1.0	1.0	1.0	0.7411828468492556	1.0	1.0	0.7347168825662656	1.0	0.7510341748895938	1.0	0.6908587525207898	1.0	0.7106824291060084	0.0	0.6380732827477678	1.0	0.4369270032996492	1.0
hi	1.0	1.0	0.7998366259651523	0.0	1.0	0.7455134344225699	1.0	0.3071657297506241	1.0	0.6333404237489202	1.0	1.0	1.0	0.7376607345031152	0.44930756545688116	1.0	1.0	1.0	1.0	1.0	1.0	1.0	1.0	1.0	1.0	1.0	1.0	1.0	1.0	1.0	1.0	1.0	0.7455134344225701	1.0	0.4506738958410727	1.0
hu	1.0	1.0	0.43413836316782556	1.0	0.6381225230967211	0.34297503904418075	0.6908587525207897	0.39936648986864465	0.5306701474795352	0.4217488661135208	0.7584325078215765	1.0	1.0	0.6518155124769264	0.39059122514611117	0.5689913289739431	0.7300208629885035	0.7510341748895938	0.661251134120194	1.0	1.0	0.3804894126012587	0.6049963408257749	0.5819274293967763	0.6908587525207898	0.4706831086002927	0.7462245171898572	0.5545689207573097	0.7192348717649676	0.7411828468492555	0.6248356857479993	0.0	0.6524007805500077	1.0	0.35855711550574704	0.5716981509095983
id	1.0	1.0	0.7051692666803342	1.0	0.5559064708692849	0.34503833022177466	0.6110569957520273	0.2451141711524349	0.4667671254357592	0.3484181105994744	0.7376607345031153	0.7376607345031152	0.6518155124769264	1.0	0.33958619897642717	0.45153857265275227	0.6667969795412325	1.0	0.6568318202362041	1.0	1.0	0.27703793180489455	0.45237299210397636	0.5780965534243105	0.6224711376375979	0.41711084528839654	0.5948570107240829	0.8030579589260551	0.4818022424666816	1.0	0.4479958359168043	1.0	0.40172210308904727	1.0	0.4264476247229632	0.4613550371726952
it	1.0	1.0	0.7719989330252311	1.0	0.44547325729987236	0.23190806230730476	0.5037688776741978	0.22356666795072497	0.2876826152568541	0.22883349400172076	0.41360553468474	0.44930756545688116	0.39059122514611117	0.33958619897642717	1.0	0.2973853097976226	0.37578385399612374	0.7411828468492556	0.3199070953444616	0.5020797777427737	1.0	0.23074805468033388	0.3274090116853902	0.3155480621375833	0.38105557329791245	0.2817633944847448	0.41937182384304406	0.9181194559238256	0.35822852762125884	0.7376607345031153	0.3323122445140427	0.0	0.261619767903391	0.6786291688147437	0.4339193427584445	0.290469340196981
ja	1.0	1.0	0.7947674389007681	1.0	0.49749637618033943	0.29696123972562444	1.0	0.2747829766668537	0.6383829424521855	0.28814052429125103	1.0	1.0	0.5689913289739431	0.45153857265275227	0.2973853097976226	1.0	1.0	1.0	1.0	1.0	1.0	0.2779940154505268	0.6452450558286368	1.0	0.6638546162332061	1.0	0.48612892976248867	1.0	0.48951846921395614	1.0	0.4937263956830703	1.0	0.49805119981051565	1.0	0.4369270032996492	1.0
ko	1.0	1.0	0.7947674389007678	1.0	0.6239725949460845	0.3678816596078188	1.0	0.2878453982849847	1.0	0.5957374634936713	1.0	1.0	0.7300208629885035	0.6667969795412325	0.37578385399612374	1.0	1.0	1.0	1.0	1.0	1.0	0.24431912085072546	1.0	1.0	0.7322034805959263	1.0	0.6841174893561723	1.0	0.6740515375688696	1.0	0.6964150026889472	0.0	0.5446978788357543	1.0	0.4369270032996492	1.0
lv	1.0	1.0	0.5618117338875276	1.0	0.7510341748895938	0.42441306054069095	1.0	0.42534549395239046	1.0	1.0	1.0	1.0	0.7510341748895938	1.0	0.7411828468492556	1.0	1.0	1.0	1.0	1.0	1.0	0.6489945642238909	1.0	1.0	1.0	1.0	0.7106922308883379	0.6581402603321339	0.7106922308883379	1.0	0.8055567530094857	0.0	0.5502349693993878	1.0	0.3993127786935217	1.0
mk	1.0	1.0	0.7988735705437809	1.0	0.6608521442956614	0.32538763444059304	1.0	0.2859923737130982	0.6067636116293127	0.4483962215257603	1.0	1.0	0.661251134120194	0.6568318202362041	0.3199070953444616	1.0	1.0	1.0	1.0	1.0	1.0	0.34164216412210846	0.7162976956558119	1.0	0.728099120889861	1.0	0.5705812285369237	1.0	0.6786291688147437	1.0	0.5530046700114934	0.0	1.0	1.0	0.4369270032996492	1.0
ml	1.0	1.0	0.7988735705437809	0.0	1.0	1.0	1.0	0.5020797777427737	1.0	1.0	1.0	1.0	1.0	1.0	0.5020797777427737	1.0	1.0	1.0	1.0	1.0	0.0	1.0	1.0	1.0	1.0	1.0	1.0	1.0	1.0	1.0	1.0	0.0	0.5414065430155784	1.0	0.4369270032996492	1.0
mr	1.0	1.0	0.7988735705437809	1.0	1.0	1.0	1.0	1.0	1.0	1.0	1.0	1.0	1.0	1.0	1.0	1.0	1.0	1.0	1.0	0.0	1.0	1.0	1.0	1.0	1.0	1.0	1.0	1.0	1.0	1.0	1.0	1.0	1.0	0.0	0.4369270032996492	1.0
nl	1.0	1.0	0.7653224630592491	1.0	0.41986960832654546	0.19560704716251268	0.5973329889831545	0.24145009703824968	0.2949885325333897	0.25839234670501804	0.7411828468492556	1.0	0.3804894126012587	0.27703793180489455	0.23074805468033388	0.2779940154505268	0.24431912085072546	0.6489945642238909	0.34164216412210846	1.0	1.0	1.0	0.27525949003150885	0.3405509070345325	0.5653304388719198	0.28104622367294646	0.3252886102745632	0.9104822350241116	0.29395836052947877	0.6243753905480691	0.26033437368332474	0.0	0.3060962978120382	0.4188573149155171	0.43423468730876136	0.3209059037021814
pl	1.0	1.0	0.7353194341716471	1.0	0.5426879283965487	0.29764959785194023	1.0	0.3600922403935807	0.5618413405294127	0.3039668695803422	1.0	1.0	0.6049963408257749	0.45237299210397636	0.3274090116853902	0.6452450558286368	1.0	1.0	0.7162976956558119	1.0	1.0	0.27525949003150885	1.0	0.718925811717485	0.6740515375688696	0.5988341345139978	0.5563504606146158	0.8648640384983758	0.47631546285627846	1.0	0.5028028336588258	0.0	0.3967471978333774	1.0	0.43201006012129983	0.6475250169846577
pt	1.0	1.0	0.33989480327603466	1.0	0.5333720344658235	0.3256181034160356	1.0	0.23987330026640968	0.7141080454298696	0.4135249536011672	1.0	1.0	0.5819274293967763	0.5780965534243105	0.3155480621375833	1.0	1.0	1.0	1.0	1.0	1.0	0.3405509070345325	0.718925811717485	1.0	0.6638546162332061	1.0	0.5085019689926958	0.3565900363855239	0.6740515375688696	1.0	0.5250225966681595	0.0	0.36456263032614317	1.0	0.30755275553902245	1.0
ro	1.0	1.0	0.744505345545058	1.0	0.5614196033932408	0.33053254324268866	0.6740515375688696	0.3306046573353839	0.6638546162332061	0.5803565490467616	0.7347168825662656	1.0	0.6908587525207898	0.6224711376375979	0.38105557329791245	0.6638546162332061	0.7322034805959263	1.0	0.728099120889861	1.0	1.0	0.5653304388719198	0.6740515375688696	0.6638546162332061	1.0	0.661251134120194	0.7778087616891123	0.8610449424620756	0.5768655770251221	1.0	0.5294964321478637	0.0	0.8695669956030054	1.0	0.4338142311738525	0.6667969795412325
ru	1.0	1.0	0.7947674389007678	1.0	0.5264344215158948	0.24216650781699514	1.0	0.2716395307480148	0.5917196795904757	0.2309348364345991	1.0	1.0	0.4706831086002927	0.41711084528839654	0.2817633944847448	1.0	1.0	1.0	1.0	1.0	1.0	0.28104622367294646	0.5988341345139978	1.0	0.661251134120194	1.0	0.5179495213947073	1.0	0.48951846921395614	1.0	0.4899804051374457	1.0	0.4128852003407195	1.0	0.4369270032996492	1.0
sh	1.0	0.7690990303325336	0.32942388680925894	1.0	0.6338916926139018	0.3396272105450139	0.684784572690728	0.34049194310632885	0.4793621337269986	0.45246026715004933	0.7510341748895938	1.0	0.7462245171898572	0.5948570107240829	0.41937182384304406	0.48612892976248867	0.6841174893561723	0.7106922308883379	0.5705812285369237	1.0	1.0	0.3252886102745632	0.5563504606146158	0.5085019689926958	0.7778087616891123	0.5179495213947073	1.0	0.3563425502568402	0.6906475145183134	0.6504036062041291	0.5205261778655808	0.0	0.5454319664041437	0.6204120806044474	0.29503258908355423	0.48612892976248867
si	1.0	0.884669884237813	0.8311549562828737	1.0	0.8504785629975432	0.8238985389473801	1.0	0.7605824718717304	0.7694965032753275	0.7378145718548169	1.0	1.0	0.5545689207573097	0.8030579589260551	0.9181194559238256	1.0	1.0	0.6581402603321339	1.0	1.0	1.0	0.9104822350241116	0.8648640384983758	0.3565900363855239	0.8610449424620756	1.0	0.3563425502568402	1.0	0.9031660872345159	1.0	0.7636842989864224	1.0	1.0	0.7312315332037556	0.7111374370280847	0.3296950859696105
simple	1.0	1.0	0.7677819542167287	1.0	0.5802422953216093	0.3763927070725399	0.6841174893561722	0.3493075189830774	0.48951846921395614	0.44014713909526537	0.6908587525207898	1.0	0.7192348717649676	0.4818022424666816	0.35822852762125884	0.48951846921395614	0.6740515375688696	0.7106922308883379	0.6786291688147437	1.0	1.0	0.29395836052947877	0.47631546285627846	0.6740515375688696	0.5768655770251221	0.48951846921395614	0.6906475145183134	0.9031660872345159	1.0	0.6994017365373274	0.48977079089983394	0.0	0.4164639715048185	0.7411828468492556	0.4353004672438389	0.49293737670340815
sr	1.0	1.0	0.7976404796841309	1.0	0.7106922308883378	0.4104466021350759	1.0	0.4905875400280834	1.0	0.6786291688147438	1.0	1.0	0.7411828468492555	1.0	0.7376607345031153	1.0	1.0	1.0	1.0	1.0	1.0	0.6243753905480691	1.0	1.0	1.0	1.0	0.6504036062041291	1.0	0.6994017365373274	1.0	0.7942219112853846	0.0	0.5460869939672055	1.0	0.4369270032996492	1.0
sv	1.0	1.0	0.6694617737588453	1.0	0.524266710374225	0.30835562891023083	0.5764216390924675	0.27247642524217897	0.5113226295308394	0.24284926153934802	0.7106824291060084	1.0	0.6248356857479993	0.4479958359168043	0.3323122445140427	0.4937263956830703	0.6964150026889472	0.8055567530094857	0.5530046700114934	1.0	1.0	0.26033437368332474	0.5028028336588258	0.5250225966681595	0.5294964321478637	0.4899804051374457	0.5205261778655808	0.7636842989864224	0.48977079089983394	0.7942219112853846	1.0	1.0	0.5059470338773903	0.7376607345031153	0.426433647813594	0.5075822766697984
te	0.0	0.0	0.8144657486890157	0.0	0.0	0.0	0.0	1.0	0.0	0.0	0.0	1.0	0.0	1.0	0.0	1.0	0.0	0.0	0.0	0.0	1.0	0.0	0.0	0.0	0.0	1.0	0.0	1.0	0.0	0.0	1.0	1.0	0.657312113971931	0.0	0.4646722551860147	0.0
tr	1.0	0.4540227458509732	-1.0	1.0	0.2953929381600874	0.31950006598259817	0.6524007805500078	0.26322376751466203	0.37660607877194746	0.35246919672134147	0.6380732827477678	0.7455134344225701	0.6524007805500077	0.40172210308904727	0.261619767903391	0.49805119981051565	0.5446978788357543	0.5502349693993878	1.0	0.5414065430155784	1.0	0.3060962978120382	0.3967471978333774	0.36456263032614317	0.8695669956030054	0.4128852003407195	0.5454319664041437	1.0	0.4164639715048185	0.5460869939672055	0.5059470338773903	0.657312113971931	1.0	0.5220063865423478	1.0	0.47645329701309286
vi	1.0	1.0	0.6658581457002095	1.0	1.0	0.4104466021350759	1.0	0.27969147153584634	1.0	0.7347168825662656	1.0	1.0	1.0	1.0	0.6786291688147437	1.0	1.0	1.0	1.0	1.0	0.0	0.4188573149155171	1.0	1.0	1.0	1.0	0.6204120806044474	0.7312315332037556	0.7411828468492556	1.0	0.7376607345031153	0.0	0.5220063865423478	1.0	0.4280684055534081	1.0
war	1.0	0.43629489207528827	0.4350882830253174	0.4369270032996492	0.436121543771662	0.4251298699455394	0.4369270032996492	0.4097176830067313	0.41961851118322435	0.4184300638001235	0.4369270032996492	0.4506738958410727	0.35855711550574704	0.4264476247229632	0.4339193427584445	0.4369270032996492	0.4369270032996492	0.3993127786935217	0.4369270032996492	0.4369270032996492	0.4369270032996492	0.43423468730876136	0.43201006012129983	0.30755275553902245	0.4338142311738525	0.4369270032996492	0.29503258908355423	0.7111374370280847	0.4353004672438389	0.4369270032996492	0.426433647813594	0.4646722551860147	1.0	0.4280684055534081	1.0	0.2370645714226826
zh	1.0	1.0	0.24867296955383691	1.0	0.49749637618033943	0.30153147018584325	1.0	0.2885734678558597	0.6398385892358056	0.2847203132380794	1.0	1.0	0.5716981509095983	0.4613550371726952	0.290469340196981	1.0	1.0	1.0	1.0	1.0	1.0	0.3209059037021814	0.6475250169846577	1.0	0.6667969795412325	1.0	0.48612892976248867	0.3296950859696105	0.49293737670340815	1.0	0.5075822766697984	0.0	0.47645329701309286	1.0	0.2370645714226826	1.0
