arz	bs	ceb	ckb	da	de	el	en	es	fr	he	hi	hu	id	it	ja	ko	lv	mk	ml	mr	nl	pl	pt	ro	ru	sh	si	simple	sr	sv	te	vi	war	zh
arz	1.0	0.0	0.0	0.0	1.0	1.0	0.0	1.0	1.0	1.0	1.0	0.0	1.0	1.0	0.585786437626905	1.0	1.0	0.0	1.0	0.0	0.0	1.0	1.0	1.0	1.0	1.0	0.0	0.0	1.0	0.0	1.0	0.0	1.0	0.0	1.0
bs	0.0	1.0	0.0	1.0	1.0	0.585786437626905	1.0	0.585786437626905	1.0	0.585786437626905	1.0	1.0	1.0	0.585786437626905	1.0	1.0	1.0	1.0	1.0	1.0	0.0	1.0	1.0	1.0	0.0	1.0	1.0	0.0	1.0	1.0	1.0	0.0	1.0	0.0	1.0
ceb	0.0	0.0	1.0	0.0	1.0	1.0	0.0	0.585786437626905	1.0	1.0	1.0	0.0	0.0	1.0	1.0	1.0	1.0	1.0	1.0	1.0	0.0	1.0	1.0	1.0	1.0	1.0	0.0	0.0	1.0	1.0	1.0	0.0	1.0	0.0	1.0
ckb	0.0	1.0	0.0	1.0	1.0	1.0	1.0	0.39564392373896007	1.0	1.0	1.0	1.0	1.0	1.0	1.0	1.0	1.0	1.0	1.0	1.0	0.0	1.0	1.0	1.0	0.0	1.0	0.0	0.0	1.0	1.0	1.0	0.0	1.0	0.0	1.0
da	1.0	1.0	1.0	1.0	1.0	0.18349376589152236	1.0	0.06419586641543608	0.32037724101704074	0.1924840598000365	1.0	1.0	0.585786437626905	0.23582845781094	0.07603902306819348	0.5	1.0	1.0	0.585786437626905	1.0	0.0	0.15295783961613652	0.20942771453851886	0.18374848752964673	1.0	0.38742588672279304	1.0	0.0	0.585786437626905	0.585786437626905	0.17545239482765948	0.0	1.0	1.0	0.44948974278317805
de	1.0	0.585786437626905	1.0	1.0	0.18349376589152236	1.0	0.24210172369314836	0.006189537755342769	0.07295741178002793	0.00937276091425031	1.0	1.0	0.12093866551354678	0.06724281346159085	0.011581949960066992	0.15548737703860027	0.3660254037844386	1.0	0.25355482027512377	1.0	0.0	0.013075100261149502	0.019451446306613582	0.016390518065874764	0.34833147735478825	0.01681336580453278	0.2958163163244893	0.0	0.3483314773547883	0.5	0.022522389038139547	0.0	0.585786437626905	1.0	0.1827439976315568
el	0.0	1.0	0.0	1.0	1.0	0.24210172369314836	1.0	0.020054920804716134	0.4142135623730951	0.15102574277849928	1.0	1.0	0.30216947925196225	0.44948974278317805	0.03754536022437367	1.0	1.0	1.0	1.0	1.0	0.0	0.3090169943749474	0.26968623182294527	0.09672962904806266	1.0	1.0	1.0	0.0	1.0	1.0	0.17011071785351697	0.0	1.0	1.0	1.0
en	1.0	0.585786437626905	0.585786437626905	0.39564392373896007	0.06419586641543608	0.006189537755342769	0.020054920804716134	1.0	0.005609271507760629	0.02110810877023646	0.05486973911990301	0.25	0.03345926546655301	0.025081271631529737	0.0340918496697118	0.007432538624773561	0.016666452666360413	0.44948974278317805	0.023190420450372253	0.44948974278317805	1.0	0.012909238741759695	0.01782797742125669	0.02556412173373767	0.16769343975812925	0.003744097264816669	0.10708823588942759	1.0	0.07328719983980402	0.1142180632670528	0.029235858981165798	0.0	0.06416848346058303	1.0	0.00619073509416083
es	1.0	1.0	1.0	1.0	0.32037724101704074	0.07295741178002793	0.4142135623730951	0.005609271507760629	1.0	0.009370295622182043	1.0	1.0	0.15548737703860027	0.08634218444190038	0.012139022008543995	0.28172904669025317	0.5	1.0	1.0	1.0	0.0	0.02021966180330503	0.03722017408424112	0.012541053552253796	0.44948974278317805	0.179128784747792	0.39564392373896007	0.0	0.38742588672279304	0.585786437626905	0.03309060429578571	0.0	0.38742588672279304	1.0	0.27429188517743175
fr	1.0	0.585786437626905	1.0	1.0	0.1924840598000365	0.00937276091425031	0.15102574277849928	0.02110810877023646	0.009370295622182043	1.0	0.26533119314590375	0.585786437626905	0.12472962921421558	0.03839338579352399	0.01704816691202085	0.014738470688203385	0.14713345700845937	0.5	0.1490948810446894	1.0	0.0	0.013254327138948738	0.017621044459237525	0.01644287360485516	0.3380788308512194	0.007201240159956365	0.23166247903554	1.0	0.2674788903885893	0.4142135623730951	0.030457187844847775	1.0	0.24257131419419417	1.0	0.05715522982507559
he	1.0	1.0	1.0	1.0	1.0	1.0	1.0	0.05486973911990301	1.0	0.26533119314590375	1.0	1.0	0.5	0.353889367864523	0.05553740921438255	1.0	1.0	1.0	1.0	1.0	0.0	0.30216947925196225	0.19803190560151412	0.15309887413431528	1.0	1.0	0.585786437626905	0.0	1.0	1.0	0.28989794855663564	0.0	1.0	1.0	1.0
hi	0.0	1.0	0.0	1.0	1.0	1.0	1.0	0.25	1.0	0.585786437626905	1.0	1.0	1.0	1.0	0.3333333333333333	1.0	1.0	1.0	1.0	1.0	1.0	0.5	1.0	0.5	1.0	1.0	0.585786437626905	0.0	1.0	1.0	0.5	1.0	1.0	1.0	1.0
hu	1.0	1.0	0.0	1.0	0.585786437626905	0.12093866551354678	0.30216947925196225	0.03345926546655301	0.15548737703860027	0.12472962921421558	0.5	1.0	1.0	0.5	0.04266462113988516	0.19292728076790167	0.3164309725825328	1.0	0.3164309725825328	1.0	0.0	0.16685218173898614	0.2118949818756026	0.1282938532150517	0.585786437626905	0.10378315541520321	0.5	0.0	1.0	0.3430703308172536	0.20894541729001367	0.0	1.0	1.0	0.21089672205953397
id	1.0	0.585786437626905	1.0	1.0	0.23582845781094	0.06724281346159085	0.44948974278317805	0.025081271631529737	0.08634218444190038	0.03839338579352399	0.353889367864523	1.0	0.5	1.0	0.04288099734558835	0.07202484076803106	0.09096078933656983	0.3797958971132712	0.36602540378443865	1.0	0.0	0.04818077275992079	0.11249954725770847	0.07779941392557774	0.40453726661826384	0.03369191229864288	1.0	1.0	0.3660254037844386	0.3797958971132712	0.11457565036510313	0.0	0.24257131419419417	1.0	0.062292725417318125
it	0.585786437626905	1.0	1.0	1.0	0.07603902306819348	0.011581949960066992	0.03754536022437367	0.0340918496697118	0.012139022008543995	0.01704816691202085	0.05553740921438255	0.3333333333333333	0.04266462113988516	0.04288099734558835	1.0	0.017936423994630815	0.036753950578524895	0.39564392373896007	0.058501848602446054	0.5	0.0	0.015270266033987566	0.01821819951034505	0.022984433559523718	0.1512290518085545	0.009716972975523182	0.07892846055006197	1.0	0.07815295555444413	0.07756121570369275	0.026143478869951973	0.0	0.08226444568715006	1.0	0.02188232011880523
ja	1.0	1.0	1.0	1.0	0.5	0.15548737703860027	1.0	0.007432538624773561	0.28172904669025317	0.014738470688203385	1.0	1.0	0.19292728076790167	0.07202484076803106	0.017936423994630815	1.0	1.0	1.0	1.0	1.0	0.0	0.05123973184658048	0.06801707955044028	0.025672443011183967	0.5	1.0	0.32449979983983984	0.0	0.5	1.0	0.053222954832517086	1.0	1.0	1.0	1.0
ko	1.0	1.0	1.0	1.0	1.0	0.3660254037844386	1.0	0.016666452666360413	0.5	0.14713345700845937	1.0	1.0	0.3164309725825328	0.09096078933656983	0.036753950578524895	1.0	1.0	1.0	1.0	1.0	0.0	0.1552653218004957	0.14003257011832435	0.10137821036823995	0.5	1.0	1.0	0.0	0.585786437626905	1.0	0.16952084719853724	0.0	1.0	1.0	1.0
lv	0.0	1.0	1.0	1.0	1.0	1.0	1.0	0.44948974278317805	1.0	0.5	1.0	1.0	1.0	0.3797958971132712	0.39564392373896007	1.0	1.0	1.0	1.0	1.0	0.0	0.5	0.585786437626905	0.5	1.0	1.0	1.0	0.0	1.0	1.0	0.585786437626905	0.0	1.0	1.0	1.0
mk	1.0	1.0	1.0	1.0	0.585786437626905	0.25355482027512377	1.0	0.023190420450372253	1.0	0.1490948810446894	1.0	1.0	0.3164309725825328	0.36602540378443865	0.058501848602446054	1.0	1.0	1.0	1.0	1.0	0.0	0.3090169943749474	0.29429805508554946	0.23582845781094	1.0	1.0	0.5	0.0	1.0	1.0	0.14118784806383944	0.0	1.0	1.0	1.0
ml	0.0	1.0	1.0	1.0	1.0	1.0	1.0	0.44948974278317805	1.0	1.0	1.0	1.0	1.0	1.0	0.5	1.0	1.0	1.0	1.0	1.0	0.0	0.585786437626905	1.0	0.585786437626905	1.0	1.0	1.0	0.0	1.0	1.0	1.0	0.0	1.0	1.0	1.0
mr	0.0	0.0	0.0	0.0	0.0	0.0	0.0	1.0	0.0	0.0	0.0	1.0	0.0	0.0	0.0	0.0	0.0	0.0	0.0	0.0	1.0	0.0	0.0	0.0	0.0	0.0	0.0	0.0	0.0	0.0	0.0	0.0	0.0	0.0	0.0
nl	1.0	1.0	1.0	1.0	0.15295783961613652	0.013075100261149502	0.3090169943749474	0.012909238741759695	0.02021966180330503	0.013254327138948738	0.30216947925196225	0.5	0.16685218173898614	0.04818077275992079	0.015270266033987566	0.05123973184658048	0.1552653218004957	0.5	0.3090169943749474	0.585786437626905	0.0	1.0	0.04311947600884791	0.02894071015623869	0.3380788308512194	0.01855389982588354	0.2791745113185196	0.0	0.3164309725825327	0.585786437626905	0.03812238070035499	0.0	0.26427884169111276	1.0	0.03880758911598075
pl	1.0	1.0	1.0	1.0	0.20942771453851886	0.019451446306613582	0.26968623182294527	0.01782797742125669	0.03722017408424112	0.017621044459237525	0.19803190560151412	1.0	0.2118949818756026	0.11249954725770847	0.01821819951034505	0.06801707955044028	0.14003257011832435	0.585786437626905	0.29429805508554946	1.0	0.0	0.04311947600884791	1.0	0.028593104202026882	0.44948974278317805	0.012526435896649339	0.24336073281110826	0.0	0.3090169943749474	0.39564392373896	0.04506611276681939	1.0	0.44948974278317805	1.0	0.07574133001056088
pt	1.0	1.0	1.0	1.0	0.18374848752964673	0.016390518065874764	0.09672962904806266	0.02556412173373767	0.012541053552253796	0.01644287360485516	0.15309887413431528	0.5	0.1282938532150517	0.07779941392557774	0.022984433559523718	0.025672443011183967	0.10137821036823995	0.5	0.23582845781094	0.585786437626905	0.0	0.02894071015623869	0.028593104202026882	1.0	0.44948974278317805	0.013005472161368055	0.2612038749637414	0.0	0.21149382763267055	0.39564392373896007	0.034110314620097774	0.0	0.26533119314590375	1.0	0.03334154658342141
ro	1.0	0.0	1.0	0.0	1.0	0.34833147735478825	1.0	0.16769343975812925	0.44948974278317805	0.3380788308512194	1.0	1.0	0.585786437626905	0.40453726661826384	0.1512290518085545	0.5	0.5	1.0	1.0	1.0	0.0	0.3380788308512194	0.44948974278317805	0.44948974278317805	1.0	0.28172904669025317	0.585786437626905	0.0	1.0	0.585786437626905	0.4142135623730951	0.0	1.0	1.0	1.0
ru	1.0	1.0	1.0	1.0	0.38742588672279304	0.01681336580453278	1.0	0.003744097264816669	0.179128784747792	0.007201240159956365	1.0	1.0	0.10378315541520321	0.03369191229864288	0.009716972975523182	1.0	1.0	1.0	1.0	1.0	0.0	0.01855389982588354	0.012526435896649339	0.013005472161368055	0.28172904669025317	1.0	0.2742918851774318	1.0	0.44948974278317805	1.0	0.02430885992594967	1.0	1.0	1.0	1.0
sh	0.0	1.0	0.0	0.0	1.0	0.2958163163244893	1.0	0.10708823588942759	0.39564392373896007	0.23166247903554	0.585786437626905	0.585786437626905	0.5	1.0	0.07892846055006197	0.32449979983983984	1.0	1.0	0.5	1.0	0.0	0.2791745113185196	0.24336073281110826	0.2612038749637414	0.585786437626905	0.2742918851774318	1.0	0.0	1.0	0.44948974278317805	0.32881309020609956	0.0	1.0	1.0	0.3430703308172536
si	0.0	0.0	0.0	0.0	0.0	0.0	0.0	1.0	0.0	1.0	0.0	0.0	0.0	1.0	1.0	0.0	0.0	0.0	0.0	0.0	0.0	0.0	0.0	0.0	0.0	1.0	0.0	1.0	0.0	0.0	1.0	0.0	0.0	0.0	0.0
simple	1.0	1.0	1.0	1.0	0.585786437626905	0.3483314773547883	1.0	0.07328719983980402	0.38742588672279304	0.2674788903885893	1.0	1.0	1.0	0.3660254037844386	0.07815295555444413	0.5	0.585786437626905	1.0	1.0	1.0	0.0	0.3164309725825327	0.3090169943749474	0.21149382763267055	1.0	0.44948974278317805	1.0	0.0	1.0	1.0	0.2989350844248255	0.0	1.0	0.0	0.44948974278317805
sr	0.0	1.0	1.0	1.0	0.585786437626905	0.5	1.0	0.1142180632670528	0.585786437626905	0.4142135623730951	1.0	1.0	0.3430703308172536	0.3797958971132712	0.07756121570369275	1.0	1.0	1.0	1.0	1.0	0.0	0.585786437626905	0.39564392373896	0.39564392373896007	0.585786437626905	1.0	0.44948974278317805	0.0	1.0	1.0	0.24257131419419417	0.0	1.0	1.0	1.0
sv	1.0	1.0	1.0	1.0	0.17545239482765948	0.022522389038139547	0.17011071785351697	0.029235858981165798	0.03309060429578571	0.030457187844847775	0.28989794855663564	0.5	0.20894541729001367	0.11457565036510313	0.026143478869951973	0.053222954832517086	0.16952084719853724	0.585786437626905	0.14118784806383944	1.0	0.0	0.03812238070035499	0.04506611276681939	0.034110314620097774	0.4142135623730951	0.02430885992594967	0.32881309020609956	1.0	0.2989350844248255	0.24257131419419417	1.0	0.0	0.44948974278317805	1.0	0.09917731364776043
te	0.0	0.0	0.0	0.0	0.0	0.0	0.0	0.0	0.0	1.0	0.0	1.0	0.0	0.0	0.0	1.0	0.0	0.0	0.0	0.0	0.0	0.0	1.0	0.0	0.0	1.0	0.0	0.0	0.0	0.0	0.0	1.0	0.0	0.0	0.0
vi	1.0	1.0	1.0	1.0	1.0	0.585786437626905	1.0	0.06416848346058303	0.38742588672279304	0.24257131419419417	1.0	1.0	1.0	0.24257131419419417	0.08226444568715006	1.0	1.0	1.0	1.0	1.0	0.0	0.26427884169111276	0.44948974278317805	0.26533119314590375	1.0	1.0	1.0	0.0	1.0	1.0	0.44948974278317805	0.0	1.0	1.0	1.0
war	0.0	0.0	0.0	0.0	1.0	1.0	1.0	1.0	1.0	1.0	1.0	1.0	1.0	1.0	1.0	1.0	1.0	1.0	1.0	1.0	0.0	1.0	1.0	1.0	1.0	1.0	1.0	0.0	0.0	1.0	1.0	0.0	1.0	1.0	1.0
zh	1.0	1.0	1.0	1.0	0.44948974278317805	0.1827439976315568	1.0	0.00619073509416083	0.27429188517743175	0.05715522982507559	1.0	1.0	0.21089672205953397	0.062292725417318125	0.02188232011880523	1.0	1.0	1.0	1.0	1.0	0.0	0.03880758911598075	0.07574133001056088	0.03334154658342141	1.0	1.0	0.3430703308172536	0.0	0.44948974278317805	1.0	0.09917731364776043	0.0	1.0	1.0	1.0
