arz	bs	ceb	ckb	da	de	el	en	es	fr	he	hi	hu	id	it	ja	ko	lv	mk	ml	mr	nl	pl	pt	ro	ru	sh	si	simple	sr	sv	te	vi	war	zh
arz	1.0	0.0	0.0	0.0	1.0	1.0	1.0	1.0	1.0	1.0	0.0	1.0	1.0	1.0	1.0	1.0	1.0	1.0	0.0	1.0	0.0	1.0	1.0	1.0	1.0	1.0	1.0	0.0	1.0	1.0	1.0	0.0	1.0	0.0	1.0
bs	0.0	1.0	1.0	1.0	1.0	1.0	1.0	1.0	1.0	1.0	1.0	1.0	1.0	1.0	0.585786437626905	1.0	1.0	1.0	1.0	1.0	1.0	1.0	1.0	1.0	1.0	1.0	1.0	0.0	1.0	1.0	1.0	1.0	1.0	0.0	1.0
ceb	0.0	1.0	1.0	1.0	1.0	1.0	1.0	1.0	1.0	1.0	1.0	1.0	1.0	1.0	1.0	1.0	1.0	1.0	0.0	1.0	0.0	1.0	1.0	1.0	1.0	0.0	1.0	0.0	1.0	1.0	1.0	1.0	1.0	0.0	1.0
ckb	0.0	1.0	1.0	1.0	0.585786437626905	1.0	1.0	0.5	1.0	1.0	1.0	1.0	1.0	0.4364916731037085	0.3483314773547883	1.0	1.0	1.0	1.0	0.0	1.0	1.0	0.585786437626905	0.585786437626905	1.0	1.0	0.585786437626905	1.0	1.0	1.0	0.585786437626905	1.0	1.0	0.0	1.0
da	1.0	1.0	1.0	0.585786437626905	1.0	0.07853414511847762	0.3797958971132712	0.10328359072583441	0.08902464978624747	0.08338199816563223	0.2041350519664497	0.30383243470068705	0.2857142857142857	0.14567078812556725	0.09638935262878698	0.11644718914029799	0.1156890768325547	0.2479451436122708	1.0	1.0	1.0	0.11599290602070512	0.1408225434731574	0.07796582942364338	0.23493681716768094	0.10960059084055324	0.20814666831024892	1.0	0.19883565974209552	0.1779738764024757	0.10565869447962523	1.0	0.19071967963444592	1.0	0.15942427352931443
de	1.0	1.0	1.0	1.0	0.07853414511847762	1.0	0.2565236958429578	0.0494344146784254	0.042790120052887855	0.043483575690576086	0.2187841884486319	0.585786437626905	0.18721684016531323	0.12322932757743368	0.052590151426116595	0.16240307747230665	0.22646721143623746	0.39564392373896007	1.0	1.0	1.0	0.07137331056854906	0.06167425634945508	0.04733408563219002	0.27429188517743175	0.05556601029650053	0.07138261816782687	1.0	0.3333333333333333	0.13935358708628684	0.14750843551604803	0.585786437626905	0.3333333333333333	1.0	0.15990865468516838
el	1.0	1.0	1.0	1.0	0.3797958971132712	0.2565236958429578	1.0	0.0797002925727394	0.4142135623730951	0.2742918851774318	1.0	1.0	0.5	0.44948974278317805	0.08999381933904535	1.0	1.0	1.0	1.0	1.0	1.0	1.0	0.5	0.3333333333333333	0.585786437626905	1.0	0.1975496259559987	1.0	0.5	1.0	0.585786437626905	1.0	1.0	1.0	1.0
en	1.0	1.0	1.0	0.5	0.10328359072583441	0.0494344146784254	0.0797002925727394	1.0	0.025557079837468008	0.04709032694342014	0.06123807571263201	0.17854832631144232	0.0682540463591246	0.057708084251997575	0.13083657060531842	0.0376960235086993	0.048959441219959134	0.2211722256431405	1.0	1.0	0.585786437626905	0.03336577018755956	0.041734856551900006	0.06187233386596878	0.09030596956698532	0.030698031233872814	0.11661679455661192	1.0	0.12460325352246815	0.056710882466140984	0.04813286083148078	0.44948974278317805	0.14711264902644666	1.0	0.04388496731419617
es	1.0	1.0	1.0	1.0	0.08902464978624747	0.042790120052887855	0.4142135623730951	0.025557079837468008	1.0	0.033417142717977515	0.2097188436578299	1.0	0.1637807284664982	0.1572997723377015	0.031347843162696606	0.132722390913233	0.18822566650963438	0.585786437626905	1.0	1.0	1.0	0.08741149144444021	0.13367549030542486	0.03635312648170211	0.2041350519664497	0.09926768515423115	0.06557412630710935	1.0	0.38742588672279304	0.21979723016032493	0.13853768235555425	1.0	0.38742588672279304	1.0	0.17507960357339145
fr	1.0	1.0	1.0	1.0	0.08338199816563223	0.043483575690576086	0.2742918851774318	0.04709032694342014	0.033417142717977515	1.0	0.25	0.2958163163244893	0.16971157396101416	0.10645427604984765	0.042257805097122986	0.08637743315132437	0.10264470667268366	0.44948974278317805	1.0	0.585786437626905	1.0	0.053690880478785286	0.08796892135874203	0.04355218742599524	0.23166247903554	0.05245641192310137	0.06806096260766538	1.0	0.27429188517743175	0.11362217605227731	0.10006339253510214	0.585786437626905	0.25	1.0	0.06978773216276303
he	0.0	1.0	1.0	1.0	0.2041350519664497	0.2187841884486319	1.0	0.06123807571263201	0.2097188436578299	0.25	1.0	1.0	0.39564392373896007	0.27792629762666365	0.09126543576842285	1.0	1.0	1.0	1.0	1.0	1.0	0.3266316347104093	0.36602540378443865	0.2097188436578299	0.585786437626905	0.585786437626905	0.11034777731716484	1.0	0.44948974278317805	1.0	0.5	1.0	0.585786437626905	1.0	1.0
hi	1.0	1.0	1.0	1.0	0.30383243470068705	0.585786437626905	1.0	0.17854832631144232	1.0	0.2958163163244893	1.0	1.0	1.0	1.0	0.17379378377786506	1.0	1.0	1.0	1.0	1.0	1.0	1.0	0.585786437626905	0.3430703308172536	1.0	1.0	0.1639607805437114	1.0	0.585786437626905	1.0	0.5	1.0	0.585786437626905	0.0	1.0
hu	1.0	1.0	1.0	1.0	0.2857142857142857	0.18721684016531323	0.5	0.0682540463591246	0.1637807284664982	0.16971157396101416	0.39564392373896007	1.0	1.0	0.26624372350872155	0.06973815247827322	0.2958163163244893	0.32449979983983984	1.0	1.0	1.0	1.0	0.21991074322003976	0.24179033438163733	0.16997653756637157	0.35388936786452296	0.23371479611805132	0.14198373690897814	1.0	0.5	0.3797958971132712	0.5	0.5	1.0	1.0	0.3090169943749474
id	1.0	1.0	1.0	0.4364916731037085	0.14567078812556725	0.12322932757743368	0.44948974278317805	0.057708084251997575	0.1572997723377015	0.10645427604984765	0.27792629762666365	1.0	0.26624372350872155	1.0	0.05852602633653016	0.17379378377786506	0.15737805306275915	0.39564392373896	1.0	1.0	0.585786437626905	0.15656464985183666	0.15954492995986427	0.11503673074470327	0.24257131419419417	0.19382373427098679	0.094237527443794	1.0	0.26427884169111276	0.21239994067041815	0.19140001259396008	0.585786437626905	0.40453726661826384	1.0	0.2204812092115424
it	1.0	0.585786437626905	1.0	0.3483314773547883	0.09638935262878698	0.052590151426116595	0.08999381933904535	0.13083657060531842	0.031347843162696606	0.042257805097122986	0.09126543576842285	0.17379378377786506	0.06973815247827322	0.05852602633653016	1.0	0.04903306134426704	0.05419474090946052	0.24257131419419417	0.585786437626905	1.0	1.0	0.040183170654078365	0.04678959129956559	0.057379389862079286	0.10356618969802912	0.0399938846415444	0.13249064455287435	1.0	0.16039776255003638	0.06365497705562694	0.05252084211465901	0.5	0.1876127897984334	1.0	0.04812101115354997
ja	1.0	1.0	1.0	1.0	0.11644718914029799	0.16240307747230665	1.0	0.0376960235086993	0.132722390913233	0.08637743315132437	1.0	1.0	0.2958163163244893	0.17379378377786506	0.04903306134426704	1.0	0.585786437626905	1.0	1.0	1.0	1.0	0.15511784463218828	0.2958163163244893	0.08726425730622053	0.3430703308172536	0.585786437626905	0.06806872268621995	1.0	0.44948974278317805	1.0	0.2216368750839041	1.0	0.585786437626905	1.0	1.0
ko	1.0	1.0	1.0	1.0	0.1156890768325547	0.22646721143623746	1.0	0.048959441219959134	0.18822566650963438	0.10264470667268366	1.0	1.0	0.32449979983983984	0.15737805306275915	0.05419474090946052	0.585786437626905	1.0	1.0	1.0	1.0	1.0	0.15974667297574374	0.30216947925196225	0.11709097923679435	0.3430703308172536	0.585786437626905	0.09906149679997905	1.0	0.44948974278317805	1.0	0.1757340838011157	1.0	0.585786437626905	1.0	0.585786437626905
lv	1.0	1.0	1.0	1.0	0.2479451436122708	0.39564392373896007	1.0	0.2211722256431405	0.585786437626905	0.44948974278317805	1.0	1.0	1.0	0.39564392373896	0.24257131419419417	1.0	1.0	1.0	1.0	1.0	1.0	1.0	1.0	0.5	0.585786437626905	1.0	0.32449979983983984	0.585786437626905	0.585786437626905	1.0	0.585786437626905	0.585786437626905	1.0	1.0	1.0
mk	0.0	1.0	0.0	1.0	1.0	1.0	1.0	1.0	1.0	1.0	1.0	1.0	1.0	1.0	0.585786437626905	1.0	1.0	1.0	1.0	1.0	1.0	1.0	1.0	1.0	1.0	1.0	1.0	1.0	1.0	1.0	1.0	1.0	1.0	0.0	1.0
ml	1.0	1.0	1.0	0.0	1.0	1.0	1.0	1.0	1.0	0.585786437626905	1.0	1.0	1.0	1.0	1.0	1.0	1.0	1.0	1.0	1.0	0.0	1.0	1.0	1.0	1.0	1.0	1.0	1.0	1.0	1.0	0.585786437626905	1.0	1.0	0.0	1.0
mr	0.0	1.0	0.0	1.0	1.0	1.0	1.0	0.585786437626905	1.0	1.0	1.0	1.0	1.0	0.585786437626905	1.0	1.0	1.0	1.0	1.0	0.0	1.0	1.0	1.0	1.0	1.0	1.0	1.0	1.0	1.0	1.0	1.0	1.0	1.0	1.0	1.0
nl	1.0	1.0	1.0	1.0	0.11599290602070512	0.07137331056854906	1.0	0.03336577018755956	0.08741149144444021	0.053690880478785286	0.3266316347104093	1.0	0.21991074322003976	0.15656464985183666	0.040183170654078365	0.15511784463218828	0.15974667297574374	1.0	1.0	1.0	1.0	1.0	0.13132762492478353	0.07110941302623826	0.3660254037844386	0.12077134402462537	0.07700162236229846	1.0	0.32037724101704074	0.3430703308172536	0.23192832020997445	1.0	0.5	1.0	0.27429188517743175
pl	1.0	1.0	1.0	0.585786437626905	0.1408225434731574	0.06167425634945508	0.5	0.041734856551900006	0.13367549030542486	0.08796892135874203	0.36602540378443865	0.585786437626905	0.24179033438163733	0.15954492995986427	0.04678959129956559	0.2958163163244893	0.30216947925196225	1.0	1.0	1.0	1.0	0.13132762492478353	1.0	0.09722662105341179	0.3660254037844386	0.1547510937361149	0.08134449481397572	1.0	0.38742588672279304	0.2958163163244893	0.19255770101324873	0.585786437626905	0.5	1.0	0.26968623182294527
pt	1.0	1.0	1.0	0.585786437626905	0.07796582942364338	0.04733408563219002	0.3333333333333333	0.06187233386596878	0.03635312648170211	0.04355218742599524	0.2097188436578299	0.3430703308172536	0.16997653756637157	0.11503673074470327	0.057379389862079286	0.08726425730622053	0.11709097923679435	0.5	1.0	1.0	1.0	0.07110941302623826	0.09722662105341179	1.0	0.19010388809493634	0.06720617912305368	0.06375933218907134	0.585786437626905	0.3319405164385877	0.15331120368114	0.09497601901797792	0.28989794855663564	0.3333333333333333	1.0	0.10187894689416398
ro	1.0	1.0	1.0	1.0	0.23493681716768094	0.27429188517743175	0.585786437626905	0.09030596956698532	0.2041350519664497	0.23166247903554	0.585786437626905	1.0	0.35388936786452296	0.24257131419419417	0.10356618969802912	0.3430703308172536	0.3430703308172536	0.585786437626905	1.0	1.0	1.0	0.3660254037844386	0.3660254037844386	0.19010388809493634	1.0	0.2565236958429578	0.20796572827378998	1.0	0.44948974278317805	0.4142135623730951	0.3380788308512194	1.0	0.585786437626905	1.0	0.2661832955178855
ru	1.0	1.0	0.0	1.0	0.10960059084055324	0.05556601029650053	1.0	0.030698031233872814	0.09926768515423115	0.05245641192310137	0.585786437626905	1.0	0.23371479611805132	0.19382373427098679	0.0399938846415444	0.585786437626905	0.585786437626905	1.0	1.0	1.0	1.0	0.12077134402462537	0.1547510937361149	0.06720617912305368	0.2565236958429578	1.0	0.08096853112897742	1.0	0.44948974278317805	1.0	0.19675422795565722	1.0	0.585786437626905	1.0	0.585786437626905
sh	1.0	1.0	1.0	0.585786437626905	0.20814666831024892	0.07138261816782687	0.1975496259559987	0.11661679455661192	0.06557412630710935	0.06806096260766538	0.11034777731716484	0.1639607805437114	0.14198373690897814	0.094237527443794	0.13249064455287435	0.06806872268621995	0.09906149679997905	0.32449979983983984	1.0	1.0	1.0	0.07700162236229846	0.08134449481397572	0.06375933218907134	0.20796572827378998	0.08096853112897742	1.0	1.0	0.22204428984844665	0.09405460007360696	0.17841710300260835	0.13367660240019172	0.25824569976124334	1.0	0.08539362888304805
si	0.0	0.0	0.0	1.0	1.0	1.0	1.0	1.0	1.0	1.0	1.0	1.0	1.0	1.0	1.0	1.0	1.0	0.585786437626905	1.0	1.0	1.0	1.0	1.0	0.585786437626905	1.0	1.0	1.0	1.0	1.0	1.0	1.0	1.0	1.0	1.0	1.0
simple	1.0	1.0	1.0	1.0	0.19883565974209552	0.3333333333333333	0.5	0.12460325352246815	0.38742588672279304	0.27429188517743175	0.44948974278317805	0.585786437626905	0.5	0.26427884169111276	0.16039776255003638	0.44948974278317805	0.44948974278317805	0.585786437626905	1.0	1.0	1.0	0.32037724101704074	0.38742588672279304	0.3319405164385877	0.44948974278317805	0.44948974278317805	0.22204428984844665	1.0	1.0	0.5	0.32037724101704074	1.0	0.5	1.0	0.44948974278317805
sr	1.0	1.0	1.0	1.0	0.1779738764024757	0.13935358708628684	1.0	0.056710882466140984	0.21979723016032493	0.11362217605227731	1.0	1.0	0.3797958971132712	0.21239994067041815	0.06365497705562694	1.0	1.0	1.0	1.0	1.0	1.0	0.3430703308172536	0.2958163163244893	0.15331120368114	0.4142135623730951	1.0	0.09405460007360696	1.0	0.5	1.0	0.3164309725825328	0.5	1.0	1.0	1.0
sv	1.0	1.0	1.0	0.585786437626905	0.10565869447962523	0.14750843551604803	0.585786437626905	0.04813286083148078	0.13853768235555425	0.10006339253510214	0.5	0.5	0.5	0.19140001259396008	0.05252084211465901	0.2216368750839041	0.1757340838011157	0.585786437626905	1.0	0.585786437626905	1.0	0.23192832020997445	0.19255770101324873	0.09497601901797792	0.3380788308512194	0.19675422795565722	0.17841710300260835	1.0	0.32037724101704074	0.3164309725825328	1.0	1.0	0.5	1.0	0.2216368750839041
te	0.0	1.0	1.0	1.0	1.0	0.585786437626905	1.0	0.44948974278317805	1.0	0.585786437626905	1.0	1.0	0.5	0.585786437626905	0.5	1.0	1.0	0.585786437626905	1.0	1.0	1.0	1.0	0.585786437626905	0.28989794855663564	1.0	1.0	0.13367660240019172	1.0	1.0	0.5	1.0	1.0	1.0	1.0	1.0
vi	1.0	1.0	1.0	1.0	0.19071967963444592	0.3333333333333333	1.0	0.14711264902644666	0.38742588672279304	0.25	0.585786437626905	0.585786437626905	1.0	0.40453726661826384	0.1876127897984334	0.585786437626905	0.585786437626905	1.0	1.0	1.0	1.0	0.5	0.5	0.3333333333333333	0.585786437626905	0.585786437626905	0.25824569976124334	1.0	0.5	1.0	0.5	1.0	1.0	1.0	0.585786437626905
war	0.0	0.0	0.0	0.0	1.0	1.0	1.0	1.0	1.0	1.0	1.0	0.0	1.0	1.0	1.0	1.0	1.0	1.0	0.0	0.0	1.0	1.0	1.0	1.0	1.0	1.0	1.0	1.0	1.0	1.0	1.0	1.0	1.0	1.0	0.0
zh	1.0	1.0	1.0	1.0	0.15942427352931443	0.15990865468516838	1.0	0.04388496731419617	0.17507960357339145	0.06978773216276303	1.0	1.0	0.3090169943749474	0.2204812092115424	0.04812101115354997	1.0	0.585786437626905	1.0	1.0	1.0	1.0	0.27429188517743175	0.26968623182294527	0.10187894689416398	0.2661832955178855	0.585786437626905	0.08539362888304805	1.0	0.44948974278317805	1.0	0.2216368750839041	1.0	0.585786437626905	0.0	1.0
