arz	bs	ceb	ckb	da	de	el	en	es	fr	he	hi	hu	id	it	ja	ko	lv	mk	ml	mr	nl	pl	pt	ro	ru	sh	si	simple	sr	sv	te	vi	war	zh
arz	1.0	0.5666666666666667	0.5263157894736842	0.56	0.5357142857142857	0.5245901639344263	0.5555555555555556	0.5109717868338558	0.5217391304347826	0.5191256830601093	0.5319563522992985	0.5256410256410257	0.5503009458297506	0.5289268991138114	0.5174418604651163	0.5220588235294117	0.5289256198347108	0.5581395348837209	0.5681818181818182	0.5531914893617021	0.5370370370370371	0.5309734513274337	0.5336483293958826	0.5284552845528455	0.5421686746987951	0.5202312138728323	0.5576923076923077	0.5135135135135135	0.5333333333333333	0.5522388059701493	0.5178571428571429	0.5348837209302326	0.5443037974683544	0.625	0.5262188016584917
bs	0.5666666666666667	1.0	0.5476190476190476	0.5666666666666667	0.5517241379310345	0.5317460317460317	0.5671641791044776	0.515527950310559	0.5272727272727272	0.5240641711229946	0.55	0.55	0.5512820512820512	0.5357971238595949	0.5227272727272727	0.5285714285714286	0.536	0.5869565217391304	0.56	0.5576923076923077	0.5517241379310345	0.5338983050847458	0.5391304347826087	0.5354330708661417	0.5454545454545455	0.5254237288135593	0.5714285714285714	0.55	0.5436065324146332	0.5555555555555556	0.5294117647058824	0.5416666666666666	0.5611276768772024	0.5625	0.5314685314685315
ceb	0.5263157894736842	0.5476190476190476	1.0	0.5405405405405405	0.5741897696212417	0.5535836602528177	0.5394736842105263	0.5208182038247398	0.5389221556886228	0.5351815799874117	0.565752936988252	0.5619036670881711	0.5837409120951752	0.5418339934084804	0.5389375966993296	0.5403146509341199	0.5384615384615384	0.5926481620405101	0.5670731707317073	0.549828178694158	0.5433651344319168	0.5522667665792431	0.5586907449209932	0.5489041776012483	0.5675074183976261	0.541096314648498	0.568039950062422	0.5208333333333334	0.5553923009109609	0.5567961541443747	0.5398044380943876	0.5178571428571429	0.5595273557740046	0.5384615384615384	0.5398488826719562
ckb	0.56	0.5666666666666667	0.5405405405405405	1.0	0.5357142857142857	0.5304504504504505	0.5384615384615384	0.5109717868338558	0.5185185185185185	0.5191256830601093	0.5306122448979592	0.5394736842105263	0.5405405405405405	0.5234375	0.5174418604651163	0.5220588235294117	0.5245901639344263	0.5714285714285714	0.5555555555555556	0.5531914893617021	0.5471698113207547	0.5263157894736842	0.5267857142857143	0.5241935483870968	0.5357142857142857	0.5172413793103449	0.5471698113207547	0.5277777777777778	0.5274725274725275	0.5441176470588236	0.5178571428571429	0.5476190476190476	0.5375	0.5555555555555556	0.5214285714285714
da	0.5357142857142857	0.5517241379310345	0.5741897696212417	0.5357142857142857	1.0	0.5987750556792873	0.584070796460177	0.5557491052108708	0.5867346938775511	0.5815087168470627	0.6094954195143231	0.5785054068748867	0.6279162831645925	0.5939030362389813	0.5769230769230769	0.5883885374023073	0.5915348641689875	0.5913978494623656	0.5714285714285714	0.5651826711918547	0.5533877261440227	0.6031145807920631	0.6223156355661154	0.6014610389610389	0.612541773147238	0.5851956682254492	0.5853658536585367	0.5376344086021506	0.6098460159687144	0.5897345132743362	0.582452304907001	0.5294117647058824	0.6041501304002722	0.5411764705882353	0.598267784660414
de	0.5245901639344263	0.5317460317460317	0.5535836602528177	0.5304504504504505	0.5987750556792873	1.0	0.5782312925170068	0.5777485104663082	0.6162441564364713	0.6210808112890785	0.6075949367088607	0.5769561224187479	0.6031689672007456	0.6065169094050852	0.6024191324218904	0.6139214046822743	0.595975537581377	0.556390977443609	0.5597014925373135	0.5601845917190104	0.553505624515128	0.6176362297496318	0.6148042339669634	0.6207929428416253	0.6042315680166147	0.607314126734268	0.5658743451765795	0.5307692307692308	0.6148893799274354	0.5848987913208096	0.5969006853347778	0.5367647058823529	0.5886075949367089	0.5327868852459017	0.6147431314110959
el	0.5555555555555556	0.5671641791044776	0.5394736842105263	0.5384615384615384	0.584070796460177	0.5782312925170068	1.0	0.5411764705882353	0.5645161290322581	0.5576923076923077	0.5793650793650793	0.5849056603773585	0.580952380952381	0.567741935483871	0.5612244897959184	0.5750000000000001	0.5666666666666667	0.5769230769230769	0.5679012345679012	0.5938433264415346	0.5747126436781609	0.5704225352112676	0.5714285714285714	0.5810810810810811	0.5789473684210527	0.5634517766497462	0.5747126436781609	0.5333333333333333	0.5810140046091118	0.5918367346938775	0.5625	0.5641025641025641	0.5871559633027523	0.5625	0.5696969696969697
en	0.5109717868338558	0.515527950310559	0.5208182038247398	0.5109717868338558	0.5557491052108708	0.5777485104663082	0.5411764705882353	1.0	0.5961130004733787	0.6078168245131276	0.5639358331132823	0.5496936691626957	0.5490624552209781	0.582737347818966	0.591782120617957	0.5849869917869713	0.5710322176162894	0.5258358662613982	0.5260245469075118	0.5292155539404008	0.534281999730035	0.5720311135144129	0.5690629492429505	0.5773819741149814	0.5550333377366492	0.6013324924183463	0.5329341317365269	0.5185185185185185	0.5602577738656299	0.5443889778447564	0.5888213598415368	0.524390243902439	0.5526617665802779	0.5126658720071993	0.585837812924267
es	0.5217391304347826	0.5272727272727272	0.5389221556886228	0.5185185185185185	0.5867346938775511	0.6162441564364713	0.5645161290322581	0.5961130004733787	1.0	0.6261180679785331	0.5922330097087379	0.5634517766497462	0.5901639344262295	0.5930735930735931	0.6000000000000001	0.6025641025641025	0.5991969337470342	0.5465116279069767	0.5428571428571428	0.5482233502538072	0.5439560439560439	0.6132075471698113	0.6000000000000001	0.615469735531703	0.5808080808080808	0.6175438596491228	0.553072625698324	0.5266272189349113	0.5920669793955228	0.573359607273733	0.585820895522388	0.5284090909090908	0.5857869042226584	0.5246913580246914	0.6136797860145204
fr	0.5191256830601093	0.5240641711229946	0.5351815799874117	0.5191256830601093	0.5815087168470627	0.6210808112890785	0.5576923076923077	0.6078168245131276	0.6261180679785331	1.0	0.5932493812386107	0.5622119815668203	0.5789473684210527	0.6019482475814281	0.5960233094262295	0.6036920535061799	0.6050780714299708	0.5412371134020618	0.5445415352087084	0.5459183673469388	0.5522954344251929	0.6035973585318691	0.6000412116216773	0.605832191259327	0.5789295569323685	0.611739106382194	0.55	0.527266161068978	0.5852723395078	0.5627260565822721	0.5800132898044087	0.5306122448979592	0.5740740740740741	0.5217391304347826	0.617736339982654
he	0.5319563522992985	0.55	0.565752936988252	0.5306122448979592	0.6094954195143231	0.6075949367088607	0.5793650793650793	0.5639358331132823	0.5922330097087379	0.5932493812386107	1.0	0.5697290966807409	0.6125554850982879	0.6073245167853509	0.5820729391737052	0.592066165755058	0.5892728950876833	0.5756552643269658	0.568233295583239	0.5554012774229381	0.5447154471544715	0.603977962461481	0.5957606171822335	0.6294605226187131	0.6053058865619066	0.5976107666717073	0.5790996910321091	0.5341050020669698	0.6062742333450829	0.5859837424039145	0.5690107966151152	0.5258620689655172	0.605972701456533	0.5353535353535354	0.6052317328706938
hi	0.5256410256410257	0.55	0.5619036670881711	0.5394736842105263	0.5785054068748867	0.5769561224187479	0.5849056603773585	0.5496936691626957	0.5634517766497462	0.5622119815668203	0.5697290966807409	1.0	0.5842464574608456	0.5817273763639325	0.556740614334471	0.5730994152046783	0.5652173913043479	0.5882874889086069	0.5713101160862355	0.5888888888888889	0.6208821887213847	0.5612903225806452	0.5715968366145044	0.5662125717446926	0.5714285714285714	0.5625	0.5656565656565656	0.5411764705882353	0.5790784557907845	0.5766174801362088	0.5615763546798029	0.5952380952380952	0.5781938325991189	0.5384615384615384	0.5640775911046181
hu	0.5503009458297506	0.5512820512820512	0.5837409120951752	0.5405405405405405	0.6279162831645925	0.6031689672007456	0.580952380952381	0.5490624552209781	0.5901639344262295	0.5789473684210527	0.6125554850982879	0.5842464574608456	1.0	0.5833961964505499	0.5717359848625385	0.5843373493975903	0.595072059507206	0.5909725453699395	0.586780905752754	0.5729275970619098	0.5711083664974155	0.6033924441017733	0.6118328651685394	0.5987878787878788	0.620368601986249	0.5879053289376569	0.6004083876541271	0.5421686746987951	0.617856843165226	0.6043637337140817	0.5768268226792846	0.5268817204301075	0.5992008524240809	0.5566027151351958	0.5999943535257527
id	0.5289268991138114	0.5357971238595949	0.5418339934084804	0.5234375	0.5939030362389813	0.6065169094050852	0.567741935483871	0.582737347818966	0.5930735930735931	0.6019482475814281	0.6073245167853509	0.5817273763639325	0.5833961964505499	1.0	0.5805700159262165	0.5974213016939853	0.6014399628396687	0.559508895013781	0.5531914893617021	0.5549605573789371	0.5560877350044763	0.5939613723412925	0.5927289461573861	0.6001427636666468	0.5944262295081967	0.6020169604113288	0.5578231292517006	0.5255474452554745	0.5888923057998646	0.5741154807312903	0.5757121439280359	0.5404074935047176	0.6091758708581138	0.53125	0.611947547353084
it	0.5174418604651163	0.5227272727272727	0.5389375966993296	0.5174418604651163	0.5769230769230769	0.6024191324218904	0.5612244897959184	0.591782120617957	0.6000000000000001	0.5960233094262295	0.5820729391737052	0.556740614334471	0.5717359848625385	0.5805700159262165	1.0	0.6131357917883278	0.5876066149655409	0.5458717228131337	0.5434782608695652	0.5460362994428201	0.538860103626943	0.5921052631578947	0.5929203539823009	0.5944197331176708	0.5869943201576446	0.601640838650866	0.5502645502645502	0.5280898876404494	0.5786701123148793	0.5696345598392566	0.612435023290353	0.5286224799406648	0.58128078817734	0.5232558139534884	0.5932854518122599
ja	0.5220588235294117	0.5285714285714286	0.5403146509341199	0.5220588235294117	0.5883885374023073	0.6139214046822743	0.5750000000000001	0.5849869917869713	0.6025641025641025	0.6036920535061799	0.592066165755058	0.5730994152046783	0.5843373493975903	0.5974213016939853	0.6131357917883278	1.0	0.6100098090654015	0.5510204081632653	0.5540540540540541	0.5556450395127599	0.5544660846205507	0.5993727130162049	0.5948717948717949	0.5939179363975469	0.5919535722688417	0.5936753473524087	0.5614563716258631	0.5314685314685315	0.6005388542257515	0.573170731707317	0.5975103734439834	0.5369127516778524	0.6052581804425949	0.5294117647058824	0.6076678051963004
ko	0.5289256198347108	0.536	0.5384615384615384	0.5245901639344263	0.5915348641689875	0.595975537581377	0.5666666666666667	0.5710322176162894	0.5991969337470342	0.6050780714299708	0.5892728950876833	0.5652173913043479	0.595072059507206	0.6014399628396687	0.5876066149655409	0.6100098090654015	1.0	0.5628124667588554	0.5597014925373135	0.5460793502030615	0.5460518830356127	0.5885850178359097	0.5873352117310737	0.5879580107692587	0.5809594050582342	0.5889985451971848	0.5642857142857143	0.5348837209302326	0.5973674136458671	0.5691105258686603	0.5776829173065411	0.5251798561151079	0.5981459523552872	0.5327868852459017	0.6245239908606246
lv	0.5581395348837209	0.5869565217391304	0.5926481620405101	0.5714285714285714	0.5913978494623656	0.556390977443609	0.5769230769230769	0.5258358662613982	0.5465116279069767	0.5412371134020618	0.5756552643269658	0.5882874889086069	0.5909725453699395	0.559508895013781	0.5458717228131337	0.5510204081632653	0.5628124667588554	1.0	0.6167400881057269	0.5714285714285714	0.5652173913043479	0.5645161290322581	0.5702479338842975	0.5659958567623556	0.5964368706429124	0.5464480874316939	0.609375	0.5471698113207547	0.5742574257425742	0.6097685067412872	0.5480225988700566	0.540983606557377	0.5888888888888889	0.5681818181818182	0.5539105408020913
mk	0.5681818181818182	0.56	0.5670731707317073	0.5555555555555556	0.5714285714285714	0.5597014925373135	0.5679012345679012	0.5260245469075118	0.5428571428571428	0.5445415352087084	0.568233295583239	0.5713101160862355	0.586780905752754	0.5531914893617021	0.5434782608695652	0.5540540540540541	0.5597014925373135	0.6167400881057269	1.0	0.5651981403586451	0.547945205479452	0.5839857298582896	0.5688854489164087	0.5547445255474452	0.5833333333333333	0.5439544367396804	0.5970149253731343	0.5454545454545455	0.5694686551746401	0.5956354300385109	0.5414364640883979	0.53125	0.5859613428280773	0.5909090909090909	0.5537545964776467
ml	0.5531914893617021	0.5576923076923077	0.549828178694158	0.5531914893617021	0.5651826711918547	0.5601845917190104	0.5938433264415346	0.5292155539404008	0.5482233502538072	0.5459183673469388	0.5554012774229381	0.5888888888888889	0.5729275970619098	0.5549605573789371	0.5460362994428201	0.5556450395127599	0.5460793502030615	0.5714285714285714	0.5651981403586451	1.0	0.622307089698394	0.5538461538461539	0.5590551181102362	0.5531363400725765	0.5672404518558365	0.5483870967741935	0.5540540540540541	0.543859649122807	0.5646325269903585	0.5654454486765655	0.5422265543410151	0.6095791001451379	0.5624227441285538	0.5625	0.5424280964812459
mr	0.5370370370370371	0.5517241379310345	0.5433651344319168	0.5471698113207547	0.5533877261440227	0.553505624515128	0.5747126436781609	0.534281999730035	0.5439560439560439	0.5522954344251929	0.5447154471544715	0.6208821887213847	0.5711083664974155	0.5560877350044763	0.538860103626943	0.5544660846205507	0.5460518830356127	0.5652173913043479	0.547945205479452	0.622307089698394	1.0	0.5474452554744526	0.5575244131151782	0.54421768707483	0.5573770491803278	0.5596072931276297	0.5594349142280525	0.5483870967741935	0.5598642753271934	0.5531914893617021	0.5455633317619756	0.6093518393747474	0.5491730842065395	0.5454545454545455	0.5417313001824372
nl	0.5309734513274337	0.5338983050847458	0.5522667665792431	0.5263157894736842	0.6031145807920631	0.6176362297496318	0.5704225352112676	0.5720311135144129	0.6132075471698113	0.6035973585318691	0.603977962461481	0.5612903225806452	0.6033924441017733	0.5939613723412925	0.5921052631578947	0.5993727130162049	0.5885850178359097	0.5645161290322581	0.5839857298582896	0.5538461538461539	0.5474452554744526	1.0	0.6073472401698357	0.6050155918345955	0.6055685689948893	0.6011537597083135	0.5813953488372093	0.5327868852459017	0.5980762753097046	0.5845070422535211	0.5872794390377449	0.5267175572519084	0.6001155920883637	0.5350877192982456	0.5998726859816943
pl	0.5336483293958826	0.5391304347826087	0.5586907449209932	0.5267857142857143	0.6223156355661154	0.6148042339669634	0.5714285714285714	0.5690629492429505	0.6000000000000001	0.6000412116216773	0.5957606171822335	0.5715968366145044	0.6118328651685394	0.5927289461573861	0.5929203539823009	0.5948717948717949	0.5873352117310737	0.5702479338842975	0.5688854489164087	0.5590551181102362	0.5575244131151782	0.6073472401698357	1.0	0.5978260869565217	0.6120466321243523	0.6025949062950504	0.5736434108527132	0.5333333333333333	0.6026852312282446	0.5904085489020655	0.5888671042536868	0.53125	0.5947610477904419	0.5357142857142857	0.5948595448975476
pt	0.5284552845528455	0.5354330708661417	0.5489041776012483	0.5241935483870968	0.6014610389610389	0.6207929428416253	0.5810810810810811	0.5773819741149814	0.615469735531703	0.605832191259327	0.6294605226187131	0.5662125717446926	0.5987878787878788	0.6001427636666468	0.5944197331176708	0.5939179363975469	0.5879580107692587	0.5659958567623556	0.5547445255474452	0.5531363400725765	0.54421768707483	0.6050155918345955	0.5978260869565217	1.0	0.6072823027331335	0.6182353294492162	0.5714285714285714	0.5303030303030303	0.6097351945731593	0.5880982751927236	0.5853398354160317	0.5285714285714286	0.5875	0.532258064516129	0.6092785168453629
ro	0.5421686746987951	0.5454545454545455	0.5675074183976261	0.5357142857142857	0.612541773147238	0.6042315680166147	0.5789473684210527	0.5550333377366492	0.5808080808080808	0.5789295569323685	0.6053058865619066	0.5714285714285714	0.620368601986249	0.5944262295081967	0.5869943201576446	0.5919535722688417	0.5809594050582342	0.5964368706429124	0.5833333333333333	0.5672404518558365	0.5573770491803278	0.6055685689948893	0.6120466321243523	0.6072823027331335	1.0	0.5922785246466735	0.5882352941176471	0.5319148936170213	0.5915978566408995	0.6142236450949005	0.5839856458386735	0.5294117647058824	0.6016260162601625	0.5476190476190476	0.5833150195400212
ru	0.5202312138728323	0.5254237288135593	0.541096314648498	0.5172413793103449	0.5851956682254492	0.607314126734268	0.5634517766497462	0.6013324924183463	0.6175438596491228	0.611739106382194	0.5976107666717073	0.5625	0.5879053289376569	0.6020169604113288	0.601640838650866	0.5936753473524087	0.5889985451971848	0.5464480874316939	0.5439544367396804	0.5483870967741935	0.5596072931276297	0.6011537597083135	0.6025949062950504	0.6182353294492162	0.5922785246466735	1.0	0.5526315789473684	0.5277777777777778	0.5954105873235165	0.5728826881509137	0.5985999005393826	0.532258064516129	0.581495419802789	0.5229885057471265	0.6070640397040173
sh	0.5576923076923077	0.5714285714285714	0.568039950062422	0.5471698113207547	0.5853658536585367	0.5658743451765795	0.5747126436781609	0.5329341317365269	0.553072625698324	0.55	0.5790996910321091	0.5656565656565656	0.6004083876541271	0.5578231292517006	0.5502645502645502	0.5614563716258631	0.5642857142857143	0.609375	0.5970149253731343	0.5540540540540541	0.5594349142280525	0.5813953488372093	0.5736434108527132	0.5714285714285714	0.5882352941176471	0.5526315789473684	1.0	0.5573770491803278	0.5779816513761468	0.6190476190476191	0.5483870967741935	0.5277777777777778	0.5858585858585859	0.5660377358490566	0.5641025641025641
si	0.5135135135135135	0.55	0.5208333333333334	0.5277777777777778	0.5376344086021506	0.5307692307692308	0.5333333333333333	0.5185185185185185	0.5266272189349113	0.527266161068978	0.5341050020669698	0.5411764705882353	0.5421686746987951	0.5255474452554745	0.5280898876404494	0.5314685314685315	0.5348837209302326	0.5471698113207547	0.5454545454545455	0.543859649122807	0.5483870967741935	0.5327868852459017	0.5333333333333333	0.5303030303030303	0.5319148936170213	0.5277777777777778	0.5573770491803278	1.0	0.5353535353535354	0.5384615384615384	0.5257142857142857	0.5384615384615384	0.5333333333333333	0.5263157894736842	0.5342465753424658
simple	0.5333333333333333	0.5436065324146332	0.5553923009109609	0.5274725274725275	0.6098460159687144	0.6148893799274354	0.5810140046091118	0.5602577738656299	0.5920669793955228	0.5852723395078	0.6062742333450829	0.5790784557907845	0.617856843165226	0.5888923057998646	0.5786701123148793	0.6005388542257515	0.5973674136458671	0.5742574257425742	0.5694686551746401	0.5646325269903585	0.5598642753271934	0.5980762753097046	0.6026852312282446	0.6097351945731593	0.5915978566408995	0.5954105873235165	0.5779816513761468	0.5353535353535354	1.0	0.5963968021619187	0.5741662848123823	0.5377358490566038	0.6013722293861463	0.5384615384615384	0.6130709988997957
sr	0.5522388059701493	0.5555555555555556	0.5567961541443747	0.5441176470588236	0.5897345132743362	0.5848987913208096	0.5918367346938775	0.5443889778447564	0.573359607273733	0.5627260565822721	0.5859837424039145	0.5766174801362088	0.6043637337140817	0.5741154807312903	0.5696345598392566	0.573170731707317	0.5691105258686603	0.6097685067412872	0.5956354300385109	0.5654454486765655	0.5531914893617021	0.5845070422535211	0.5904085489020655	0.5880982751927236	0.6142236450949005	0.5728826881509137	0.6190476190476191	0.5384615384615384	0.5963968021619187	1.0	0.5555555555555556	0.5411764705882353	0.591812865497076	0.562095531587057	0.5791530627162419
sv	0.5178571428571429	0.5294117647058824	0.5398044380943876	0.5178571428571429	0.582452304907001	0.5969006853347778	0.5625	0.5888213598415368	0.585820895522388	0.5800132898044087	0.5690107966151152	0.5615763546798029	0.5768268226792846	0.5757121439280359	0.612435023290353	0.5975103734439834	0.5776829173065411	0.5480225988700566	0.5414364640883979	0.5422265543410151	0.5455633317619756	0.5872794390377449	0.5888671042536868	0.5853398354160317	0.5839856458386735	0.5985999005393826	0.5483870967741935	0.5257142857142857	0.5741662848123823	0.5555555555555556	1.0	0.5274725274725275	0.5771268576351497	0.5207100591715976	0.5812569894878103
te	0.5348837209302326	0.5416666666666666	0.5178571428571429	0.5476190476190476	0.5294117647058824	0.5367647058823529	0.5641025641025641	0.524390243902439	0.5284090909090908	0.5306122448979592	0.5258620689655172	0.5952380952380952	0.5268817204301075	0.5404074935047176	0.5286224799406648	0.5369127516778524	0.5251798561151079	0.540983606557377	0.53125	0.6095791001451379	0.6093518393747474	0.5267175572519084	0.53125	0.5285714285714286	0.5294117647058824	0.532258064516129	0.5277777777777778	0.5384615384615384	0.5377358490566038	0.5411764705882353	0.5274725274725275	1.0	0.5306122448979592	0.5454545454545455	0.5256410256410257
vi	0.5443037974683544	0.5611276768772024	0.5595273557740046	0.5375	0.6041501304002722	0.5886075949367089	0.5871559633027523	0.5526617665802779	0.5857869042226584	0.5740740740740741	0.605972701456533	0.5781938325991189	0.5992008524240809	0.6091758708581138	0.58128078817734	0.6052581804425949	0.5981459523552872	0.5888888888888889	0.5859613428280773	0.5624227441285538	0.5491730842065395	0.6001155920883637	0.5947610477904419	0.5875	0.6016260162601625	0.581495419802789	0.5858585858585859	0.5333333333333333	0.6013722293861463	0.591812865497076	0.5771268576351497	0.5306122448979592	1.0	0.55	0.5936441460860996
war	0.625	0.5625	0.5384615384615384	0.5555555555555556	0.5411764705882353	0.5327868852459017	0.5625	0.5126658720071993	0.5246913580246914	0.5217391304347826	0.5353535353535354	0.5384615384615384	0.5566027151351958	0.53125	0.5232558139534884	0.5294117647058824	0.5327868852459017	0.5681818181818182	0.5909090909090909	0.5625	0.5454545454545455	0.5350877192982456	0.5357142857142857	0.532258064516129	0.5476190476190476	0.5229885057471265	0.5660377358490566	0.5263157894736842	0.5384615384615384	0.562095531587057	0.5207100591715976	0.5454545454545455	0.55	1.0	0.5285714285714286
zh	0.5262188016584917	0.5314685314685315	0.5398488826719562	0.5214285714285714	0.598267784660414	0.6147431314110959	0.5696969696969697	0.585837812924267	0.6136797860145204	0.617736339982654	0.6052317328706938	0.5640775911046181	0.5999943535257527	0.611947547353084	0.5932854518122599	0.6076678051963004	0.6245239908606246	0.5539105408020913	0.5537545964776467	0.5424280964812459	0.5417313001824372	0.5998726859816943	0.5948595448975476	0.6092785168453629	0.5833150195400212	0.6070640397040173	0.5641025641025641	0.5342465753424658	0.6130709988997957	0.5791530627162419	0.5812569894878103	0.5256410256410257	0.5936441460860996	0.5285714285714286	1.0
