arz	bs	ceb	ckb	da	de	el	en	es	fr	he	hi	hu	id	it	ja	ko	lv	mk	ml	mr	nl	pl	pt	ro	ru	sh	si	simple	sr	sv	te	tr	vi	war	zh
arz	1.0	1.0	0.0	1.0	1.0	1.0	1.0	1.0	1.0	1.0	1.0	1.0	1.0	1.0	1.0	1.0	1.0	1.0	1.0	1.0	1.0	1.0	1.0	1.0	1.0	1.0	0.585786437626905	1.0	1.0	1.0	1.0	1.0	1.0	1.0	1.0	1.0
bs	1.0	1.0	1.0	0.5	0.22947172107653074	0.07926601510326406	0.23329952500316292	0.08762259936636117	0.08413077216000463	0.08443550164653318	0.30216947925196225	0.29429805508554946	0.27718637277259645	0.13327989577899604	0.0992543305868362	0.0830195125387377	0.15191308535297487	0.5	0.2184498952542088	0.21089672205953397	1.0	0.2873999544529718	0.07792634538037078	0.07712109874346887	0.39564392373896007	0.07931354591584223	0.36602540378443865	1.0	0.11522593006556603	0.21414123084334324	0.1487368311180282	0.585786437626905	0.12224740619545119	0.09603604224429307	1.0	0.09327391494771968
ceb	0.0	1.0	1.0	0.0	1.0	1.0	0.0	1.0	1.0	1.0	1.0	1.0	1.0	1.0	1.0	1.0	1.0	1.0	1.0	1.0	0.0	1.0	1.0	1.0	1.0	1.0	1.0	1.0	1.0	1.0	1.0	0.0	-1.0	1.0	1.0	1.0
ckb	1.0	0.5	0.0	1.0	0.585786437626905	1.0	1.0	1.0	1.0	1.0	1.0	1.0	1.0	0.585786437626905	1.0	1.0	1.0	1.0	1.0	1.0	1.0	1.0	0.585786437626905	0.585786437626905	1.0	1.0	1.0	1.0	0.585786437626905	1.0	1.0	1.0	1.0	1.0	1.0	1.0
da	1.0	0.22947172107653074	1.0	0.585786437626905	1.0	0.11415503189194406	0.3797958971132712	0.10703560771822508	0.10453776648712824	0.12583628888742024	0.21393876913398135	0.44948974278317805	0.5	0.14507286810495137	0.1534107805043725	0.11289081189713343	0.20521309615767264	0.5	0.44948974278317805	0.4142135623730951	0.585786437626905	0.08116205845449377	0.10904794062656976	0.11543978546439493	0.4142135623730951	0.11913709945850207	0.23947434113070604	1.0	0.14745326417111695	0.2843646522044218	0.12966025070652354	0.353889367864523	0.1941685904093058	0.2449655295864104	1.0	0.16760090740494843
de	1.0	0.07926601510326406	1.0	1.0	0.11415503189194406	1.0	0.4364916731037085	0.033103656178543744	0.025224950241914148	0.027860315915056097	0.585786437626905	1.0	0.2857142857142857	0.06957131706367722	0.025214247048066053	0.10163805205616654	0.3090169943749474	0.20649363818003796	1.0	0.3430703308172536	1.0	0.030749951645140265	0.023290923759872365	0.02892394158697572	0.25511479956321215	0.02229213801850945	0.13254305909220607	1.0	0.06579529721629399	0.07892749568590102	0.11264835769571156	1.0	0.16850415060343174	0.17001194913688772	1.0	0.16189424969836874
el	1.0	0.23329952500316292	0.0	1.0	0.3797958971132712	0.4364916731037085	1.0	0.44948974278317805	0.585786437626905	1.0	1.0	1.0	1.0	0.585786437626905	1.0	1.0	1.0	1.0	1.0	1.0	1.0	0.21551468935838852	0.5	0.585786437626905	1.0	1.0	1.0	1.0	0.2687959533979826	0.585786437626905	1.0	1.0	0.4364916731037085	1.0	1.0	1.0
en	1.0	0.08762259936636117	1.0	1.0	0.10703560771822508	0.033103656178543744	0.44948974278317805	1.0	0.02172254033630888	0.04094671647224534	0.16484708315636032	0.3164309725825328	0.1907435698305462	0.05709716640715414	0.0434798242248255	0.0357734857944688	0.10856006764042937	0.16830640836076083	0.20168959288722538	0.26533119314590375	1.0	0.07523316520594346	0.01775427326542057	0.02216497266673585	0.17045080385786818	0.018350809292742593	0.13179489853497145	1.0	0.056335714238468934	0.05728468137577773	0.04139842381621874	0.585786437626905	0.12471753940482477	0.048746965424541204	1.0	0.03996670885230664
es	1.0	0.08413077216000463	1.0	1.0	0.10453776648712824	0.025224950241914148	0.585786437626905	0.02172254033630888	1.0	0.023143308229618707	0.36602540378443865	0.39564392373896007	0.38742588672279304	0.055962028019511084	0.03269631726841028	0.08329828317790477	0.3660254037844386	0.22204428984844665	0.585786437626905	0.5	1.0	0.024424893401262967	0.027626348434199286	0.029856826123968304	0.23166247903554	0.05760871731936543	0.12736841930591372	1.0	0.06502196499246489	0.11186132825092888	0.07943189219742862	0.585786437626905	0.16056186254883698	0.1512290518085545	1.0	0.14942992956379245
fr	1.0	0.08443550164653318	1.0	1.0	0.12583628888742024	0.027860315915056097	1.0	0.04094671647224534	0.023143308229618707	1.0	0.2857142857142857	0.4364916731037085	0.30216947925196225	0.05917104104711915	0.032610577018904824	0.0773095701019709	0.2989350844248255	0.19957255671740987	0.4364916731037085	0.585786437626905	1.0	0.05168747539905697	0.023103770757106203	0.023549610212390253	0.1975496259559987	0.021831614071487516	0.14429704267958238	1.0	0.09007550803056841	0.12030588169236853	0.09295708542170479	0.585786437626905	0.13807713675155905	0.25355482027512377	1.0	0.08444302745828748
he	1.0	0.30216947925196225	1.0	1.0	0.21393876913398135	0.585786437626905	1.0	0.16484708315636032	0.36602540378443865	0.2857142857142857	1.0	1.0	1.0	0.2474401533514073	0.32449979983983984	1.0	1.0	0.44948974278317805	1.0	1.0	1.0	0.08116177036823954	0.585786437626905	0.5	0.585786437626905	1.0	0.29429805508554946	1.0	0.1662057509419643	0.5	0.5	1.0	0.5	1.0	1.0	1.0
hi	1.0	0.29429805508554946	1.0	1.0	0.44948974278317805	1.0	1.0	0.3164309725825328	0.39564392373896007	0.4364916731037085	1.0	1.0	1.0	0.585786437626905	0.3164309725825328	1.0	1.0	0.44948974278317805	1.0	1.0	1.0	0.11255450869226016	0.5	0.5	0.585786437626905	1.0	0.2674788903885893	1.0	0.17518814002874858	1.0	0.585786437626905	1.0	0.5	1.0	1.0	1.0
hu	1.0	0.27718637277259645	1.0	1.0	0.5	0.2857142857142857	1.0	0.1907435698305462	0.38742588672279304	0.30216947925196225	1.0	1.0	1.0	0.353889367864523	0.38742588672279304	1.0	1.0	0.5	1.0	1.0	1.0	0.07260228676817973	0.2708131845707603	0.5	0.3483314773547883	1.0	0.2402530733520421	1.0	0.2402530733520421	1.0	0.585786437626905	1.0	0.585786437626905	1.0	1.0	1.0
id	1.0	0.13327989577899604	1.0	0.585786437626905	0.14507286810495137	0.06957131706367722	0.585786437626905	0.05709716640715414	0.055962028019511084	0.05917104104711915	0.2474401533514073	0.585786437626905	0.353889367864523	1.0	0.10876626918553264	0.11211723658828887	0.3090169943749474	0.2853029657789964	0.39564392373896007	0.30901699437494745	1.0	0.049215089719032525	0.05394822766133994	0.05818597483851113	0.34046900086915005	0.06181192037781162	0.1789289190501662	1.0	0.07668440791399113	0.2791745113185196	0.11565503560459278	0.5	0.15222377295376815	0.1842574582922436	1.0	0.13777278039754226
it	1.0	0.0992543305868362	1.0	1.0	0.1534107805043725	0.025214247048066053	1.0	0.0434798242248255	0.03269631726841028	0.032610577018904824	0.32449979983983984	0.3164309725825328	0.38742588672279304	0.10876626918553264	1.0	0.09137768480894683	0.3164309725825328	0.19328818749636983	0.585786437626905	0.3164309725825328	1.0	0.052728304919700875	0.026876285428688487	0.027612389916889957	0.1983555576735248	0.030122454391781458	0.23800671553691075	1.0	0.094535205624655	0.15990865468516838	0.05009189276780551	0.29429805508554946	0.14038343066639838	0.16952084719853724	1.0	0.06506804792597937
ja	1.0	0.0830195125387377	1.0	1.0	0.11289081189713343	0.10163805205616654	1.0	0.0357734857944688	0.08329828317790477	0.0773095701019709	1.0	1.0	1.0	0.11211723658828887	0.09137768480894683	1.0	1.0	0.44948974278317805	1.0	1.0	1.0	0.03384801960354429	0.12710034496777267	0.27429188517743175	0.3090169943749474	1.0	0.2240092377397959	1.0	0.0897743957220949	0.3090169943749474	0.3430703308172536	1.0	0.3164309725825328	1.0	1.0	1.0
ko	1.0	0.15191308535297487	1.0	1.0	0.20521309615767264	0.3090169943749474	1.0	0.10856006764042937	0.3660254037844386	0.2989350844248255	1.0	1.0	1.0	0.3090169943749474	0.3164309725825328	1.0	1.0	0.5	1.0	1.0	1.0	0.07016847089794935	0.3090169943749474	0.44948974278317805	0.3483314773547883	1.0	0.23006275550355904	1.0	0.1763964909601683	0.5	0.39564392373896	1.0	0.2402530733520421	1.0	1.0	1.0
lv	1.0	0.5	1.0	1.0	0.5	0.20649363818003796	1.0	0.16830640836076083	0.22204428984844665	0.19957255671740987	0.44948974278317805	0.44948974278317805	0.5	0.2853029657789964	0.19328818749636983	0.44948974278317805	0.5	1.0	0.585786437626905	1.0	1.0	0.11291484334084766	0.2025519956555797	0.2	0.44948974278317805	0.20799159651347807	0.3597752501562547	1.0	0.2056677898504543	0.4142135623730951	0.2204812092115424	0.5	0.44948974278317805	0.44948974278317805	1.0	0.38742588672279304
mk	1.0	0.2184498952542088	1.0	1.0	0.44948974278317805	1.0	1.0	0.20168959288722538	0.585786437626905	0.4364916731037085	1.0	1.0	1.0	0.39564392373896007	0.585786437626905	1.0	1.0	0.585786437626905	1.0	1.0	1.0	0.11606619483971768	0.585786437626905	1.0	1.0	1.0	0.44948974278317805	1.0	0.252650308587072	1.0	0.4364916731037085	1.0	0.585786437626905	1.0	1.0	1.0
ml	1.0	0.21089672205953397	1.0	1.0	0.4142135623730951	0.3430703308172536	1.0	0.26533119314590375	0.5	0.585786437626905	1.0	1.0	1.0	0.30901699437494745	0.3164309725825328	1.0	1.0	1.0	1.0	1.0	1.0	0.09826990141302368	0.29429805508554946	1.0	0.585786437626905	1.0	0.585786437626905	1.0	0.2565236958429578	0.585786437626905	0.5	1.0	0.3266316347104093	1.0	1.0	1.0
mr	1.0	1.0	0.0	1.0	0.585786437626905	1.0	1.0	1.0	1.0	1.0	1.0	1.0	1.0	1.0	1.0	1.0	1.0	1.0	1.0	1.0	1.0	0.585786437626905	1.0	1.0	1.0	1.0	1.0	1.0	0.585786437626905	1.0	1.0	1.0	1.0	1.0	1.0	1.0
nl	1.0	0.2873999544529718	1.0	1.0	0.08116205845449377	0.030749951645140265	0.21551468935838852	0.07523316520594346	0.024424893401262967	0.05168747539905697	0.08116177036823954	0.11255450869226016	0.07260228676817973	0.049215089719032525	0.052728304919700875	0.03384801960354429	0.07016847089794935	0.11291484334084766	0.11606619483971768	0.09826990141302368	0.585786437626905	1.0	0.020756253667035884	0.020429718976320264	0.0865526124192506	0.01835019729046979	0.1075753590993909	0.585786437626905	0.06376925823340583	0.04227359442710242	0.03506738700994773	0.18660549686337075	0.07004214294009121	0.04199127833127944	0.585786437626905	0.03584730948371395
pl	1.0	0.07792634538037078	1.0	0.585786437626905	0.10904794062656976	0.023290923759872365	0.5	0.01775427326542057	0.027626348434199286	0.023103770757106203	0.585786437626905	0.5	0.2708131845707603	0.05394822766133994	0.026876285428688487	0.12710034496777267	0.3090169943749474	0.2025519956555797	0.585786437626905	0.29429805508554946	1.0	0.020756253667035884	1.0	0.03314363555515786	0.21393876913398135	0.04301335113620848	0.12492289056239343	1.0	0.056955321943975123	0.12799217200711704	0.10994764273731872	0.585786437626905	0.1588082040622477	0.1846421855764283	1.0	0.15815511491062575
pt	1.0	0.07712109874346887	1.0	0.585786437626905	0.11543978546439493	0.02892394158697572	0.585786437626905	0.02216497266673585	0.029856826123968304	0.023549610212390253	0.5	0.5	0.5	0.05818597483851113	0.027612389916889957	0.27429188517743175	0.44948974278317805	0.2	1.0	1.0	1.0	0.020429718976320264	0.03314363555515786	1.0	0.21239994067041815	0.06869799176047205	0.12809248424016279	1.0	0.07010630206242172	0.20894541729001367	0.15491573278808482	1.0	0.16056186254883698	0.38742588672279304	1.0	0.23441237831492112
ro	1.0	0.39564392373896007	1.0	1.0	0.4142135623730951	0.25511479956321215	1.0	0.17045080385786818	0.23166247903554	0.1975496259559987	0.585786437626905	0.585786437626905	0.3483314773547883	0.34046900086915005	0.1983555576735248	0.3090169943749474	0.3483314773547883	0.44948974278317805	1.0	0.585786437626905	1.0	0.0865526124192506	0.21393876913398135	0.21239994067041815	1.0	0.25824569976124334	0.3084793492966736	1.0	0.1951941016011038	0.2989350844248255	0.4485068563421602	0.585786437626905	0.5	0.3797958971132712	1.0	0.3483314773547883
ru	1.0	0.07931354591584223	1.0	1.0	0.11913709945850207	0.02229213801850945	1.0	0.018350809292742593	0.05760871731936543	0.021831614071487516	1.0	1.0	1.0	0.06181192037781162	0.030122454391781458	1.0	1.0	0.20799159651347807	1.0	1.0	1.0	0.01835019729046979	0.04301335113620848	0.06869799176047205	0.25824569976124334	1.0	0.14732056773523422	1.0	0.057874320439771615	0.2466060555964672	0.23371479611805132	1.0	0.16308953050448227	1.0	1.0	1.0
sh	0.585786437626905	0.36602540378443865	1.0	1.0	0.23947434113070604	0.13254305909220607	1.0	0.13179489853497145	0.12736841930591372	0.14429704267958238	0.29429805508554946	0.2674788903885893	0.2402530733520421	0.1789289190501662	0.23800671553691075	0.2240092377397959	0.23006275550355904	0.3597752501562547	0.44948974278317805	0.585786437626905	1.0	0.1075753590993909	0.12492289056239343	0.12809248424016279	0.3084793492966736	0.14732056773523422	1.0	1.0	0.17419824047473123	0.17316213552868479	0.2410176379007698	1.0	0.3797958971132712	0.585786437626905	1.0	0.20856217852254144
si	1.0	1.0	1.0	1.0	1.0	1.0	1.0	1.0	1.0	1.0	1.0	1.0	1.0	1.0	1.0	1.0	1.0	1.0	1.0	1.0	1.0	0.585786437626905	1.0	1.0	1.0	1.0	1.0	1.0	1.0	1.0	1.0	1.0	1.0	1.0	1.0	1.0
simple	1.0	0.11522593006556603	1.0	0.585786437626905	0.14745326417111695	0.06579529721629399	0.2687959533979826	0.056335714238468934	0.06502196499246489	0.09007550803056841	0.1662057509419643	0.17518814002874858	0.2402530733520421	0.07668440791399113	0.094535205624655	0.0897743957220949	0.1763964909601683	0.2056677898504543	0.252650308587072	0.2565236958429578	0.585786437626905	0.06376925823340583	0.056955321943975123	0.07010630206242172	0.1951941016011038	0.057874320439771615	0.17419824047473123	1.0	1.0	0.14273582899859802	0.08748549945706337	0.3266316347104093	0.15295783961613652	0.09896743785954679	0.585786437626905	0.0858887668269294
sr	1.0	0.21414123084334324	1.0	1.0	0.2843646522044218	0.07892749568590102	0.585786437626905	0.05728468137577773	0.11186132825092888	0.12030588169236853	0.5	1.0	1.0	0.2791745113185196	0.15990865468516838	0.3090169943749474	0.5	0.4142135623730951	1.0	0.585786437626905	1.0	0.04227359442710242	0.12799217200711704	0.20894541729001367	0.2989350844248255	0.2466060555964672	0.17316213552868479	1.0	0.14273582899859802	1.0	0.30552726787943424	1.0	0.353889367864523	0.585786437626905	1.0	0.5
sv	1.0	0.1487368311180282	1.0	1.0	0.12966025070652354	0.11264835769571156	1.0	0.04139842381621874	0.07943189219742862	0.09295708542170479	0.5	0.585786437626905	0.585786437626905	0.11565503560459278	0.05009189276780551	0.3430703308172536	0.39564392373896	0.2204812092115424	0.4364916731037085	0.5	1.0	0.03506738700994773	0.10994764273731872	0.15491573278808482	0.4485068563421602	0.23371479611805132	0.2410176379007698	1.0	0.08748549945706337	0.30552726787943424	1.0	1.0	0.2958163163244893	0.36602540378443865	1.0	0.44948974278317805
te	1.0	0.585786437626905	0.0	1.0	0.353889367864523	1.0	1.0	0.585786437626905	0.585786437626905	0.585786437626905	1.0	1.0	1.0	0.5	0.29429805508554946	1.0	1.0	0.5	1.0	1.0	1.0	0.18660549686337075	0.585786437626905	1.0	0.585786437626905	1.0	1.0	1.0	0.3266316347104093	1.0	1.0	1.0	0.28989794855663564	1.0	1.0	1.0
tr	1.0	0.12224740619545119	-1.0	1.0	0.1941685904093058	0.16850415060343174	0.4364916731037085	0.12471753940482477	0.16056186254883698	0.13807713675155905	0.5	0.5	0.585786437626905	0.15222377295376815	0.14038343066639838	0.3164309725825328	0.2402530733520421	0.44948974278317805	0.585786437626905	0.3266316347104093	1.0	0.07004214294009121	0.1588082040622477	0.16056186254883698	0.5	0.16308953050448227	0.3797958971132712	1.0	0.15295783961613652	0.353889367864523	0.2958163163244893	0.28989794855663564	1.0	0.2145646002858569	1.0	0.2211722256431405
vi	1.0	0.09603604224429307	1.0	1.0	0.2449655295864104	0.17001194913688772	1.0	0.048746965424541204	0.1512290518085545	0.25355482027512377	1.0	1.0	1.0	0.1842574582922436	0.16952084719853724	1.0	1.0	0.44948974278317805	1.0	1.0	1.0	0.04199127833127944	0.1846421855764283	0.38742588672279304	0.3797958971132712	1.0	0.585786437626905	1.0	0.09896743785954679	0.585786437626905	0.36602540378443865	1.0	0.2145646002858569	1.0	1.0	1.0
war	1.0	1.0	1.0	1.0	1.0	1.0	1.0	1.0	1.0	1.0	1.0	1.0	1.0	1.0	1.0	1.0	1.0	1.0	1.0	1.0	1.0	0.585786437626905	1.0	1.0	1.0	1.0	1.0	1.0	0.585786437626905	1.0	1.0	1.0	1.0	1.0	1.0	1.0
zh	1.0	0.09327391494771968	1.0	1.0	0.16760090740494843	0.16189424969836874	1.0	0.03996670885230664	0.14942992956379245	0.08444302745828748	1.0	1.0	1.0	0.13777278039754226	0.06506804792597937	1.0	1.0	0.38742588672279304	1.0	1.0	1.0	0.03584730948371395	0.15815511491062575	0.23441237831492112	0.3483314773547883	1.0	0.20856217852254144	1.0	0.0858887668269294	0.5	0.44948974278317805	1.0	0.2211722256431405	1.0	1.0	1.0
