arz	bs	ceb	ckb	da	de	el	en	es	fr	he	hi	hu	id	it	ja	ko	lv	mk	ml	mr	nl	pl	pt	ro	ru	sh	si	simple	sr	sv	te	tr	vi	war	zh
arz	0.5	0.5	0.0	0.5	0.5	0.5	0.5	0.5	0.5	0.5	0.5	0.5	0.5	0.5	0.5	0.5	0.5	0.5	0.5	0.5	0.5	0.5	0.5	0.5	0.5	0.5	0.5	1.0	0.5	0.5	0.5	0.5	0.5	0.5	0.5	0.5
bs	0.5	0.05904931825877393	1.0	0.5	0.14289795918367348	0.0625078125	0.16666666666666666	0.05884429757785468	0.06666666666666667	0.06667111111111111	0.16666666666666666	0.2	0.16666666666666666	0.11112345679012345	0.07692899408284024	0.06666666666666667	0.1111111111111111	0.25	0.16666666666666666	0.14285714285714285	0.5	0.0625390859453164	0.0625	0.0625	0.2	0.058823529411764705	0.2	1.0	0.09092562809917355	0.14285714285714285	0.125	0.3333333333333333	0.09091735537190083	0.07692307692307693	0.5	0.07692307692307693
ceb	0.0	1.0	0.3333333333333333	0.0	1.0	0.5	0.0	0.3333333333333333	0.5	1.0	0.5	0.5	1.0	0.5	0.5	0.5	0.5	1.0	1.0	1.0	0.0	1.0	1.0	0.5	0.5	0.5	1.0	0.5	1.0	1.0	1.0	0.0	-1.0	0.5	1.0	0.5
ckb	0.5	0.5	0.0	0.3333333333333333	0.5	0.3333333333333333	0.3333333333333333	0.3333333333333333	0.3333333333333333	0.3333333333333333	0.5	0.5	1.0	0.3333333333333333	0.3333333333333333	0.3333333333333333	0.5	0.5	1.0	0.5	1.0	0.3333333333333333	0.3333333333333333	0.3333333333333333	1.0	0.3333333333333333	1.0	1.0	0.3333333333333333	0.5	0.3333333333333333	1.0	0.3333333333333333	0.3333333333333333	1.0	0.3333333333333333
da	0.5	0.14289795918367348	1.0	0.5	0.052717601335510164	0.05882698961937716	0.2	0.05557099074074074	0.05555555555555555	0.06250781640625	0.08333333333333333	0.1111111111111111	0.14285714285714285	0.07143367346938775	0.07143367346938775	0.0625	0.07692307692307693	0.14287755102040817	0.125	0.125	0.5	0.052653750692520776	0.05556173148148148	0.058823529411764705	0.125	0.058823529411764705	0.125015625	1.0	0.07142857142857142	0.09090909090909091	0.06666666666666667	0.16666666666666666	0.09090909090909091	0.09090909090909091	0.5	0.07692307692307693
de	0.5	0.0625078125	0.5	0.3333333333333333	0.05882698961937716	0.009736340976438178	0.14285714285714285	0.013336711822222222	0.015385562130177513	0.013889467592592592	0.08333333333333333	0.1	0.0625	0.04	0.01852023319615912	0.030303030303030304	0.0625	0.09090909090909091	0.1111111111111111	0.06666666666666667	1.0	0.010532967758117785	0.01250015625	0.016393980112872884	0.08334027777777778	0.015151515151515152	0.08333333333333333	1.0	0.037037037037037035	0.035715561224489795	0.02857142857142857	0.14285714285714285	0.05555555555555555	0.043478260869565216	0.5	0.034482758620689655
el	0.5	0.16666666666666666	0.0	0.3333333333333333	0.2	0.14285714285714285	0.1111111111111111	0.1111111111111111	0.125	0.125	0.25	0.2	0.3333333333333333	0.14285714285714285	0.125	0.14285714285714285	0.16666666666666666	0.3333333333333333	0.25	0.2	1.0	0.14285714285714285	0.125	0.1111111111111111	0.3333333333333333	0.14285714285714285	0.3333333333333333	1.0	0.14285714285714285	0.16666666666666666	0.16666666666666666	0.5	0.16666666666666666	0.16666666666666666	0.5	0.14285714285714285
en	0.5	0.05884429757785468	0.3333333333333333	0.3333333333333333	0.05557099074074074	0.013336711822222222	0.1111111111111111	0.010592209511578222	0.01408629240230113	0.01333582311111111	0.07142857142857142	0.09090909090909091	0.0625	0.03333777777777778	0.018871840868636525	0.025	0.05	0.08334027777777778	0.09090909090909091	0.06666666666666667	0.5	0.011124703716806317	0.01250156296875	0.014085498908946637	0.07692899408284024	0.014925373134328358	0.07143877551020407	0.5	0.03226222684703434	0.03703840877914952	0.029411764705882353	0.1111111111111111	0.05263157894736842	0.03571428571428571	0.5	0.02857142857142857
es	0.5	0.06666666666666667	0.5	0.3333333333333333	0.05555555555555555	0.015385562130177513	0.125	0.01408629240230113	0.012844223777584393	0.014926041434617955	0.06666666666666667	0.09090909090909091	0.0625	0.03571428571428571	0.020834635416666667	0.027777777777777776	0.05263157894736842	0.09091735537190083	0.1	0.07142857142857142	0.5	0.012991399899308483	0.013889274691358023	0.015384615384615385	0.07692307692307693	0.017543859649122806	0.07142857142857142	1.0	0.037037037037037035	0.03333333333333333	0.027778549382716046	0.125	0.05555555555555555	0.038461538461538464	0.5	0.030303030303030304
fr	0.5	0.06667111111111111	1.0	0.3333333333333333	0.06250781640625	0.013889467592592592	0.125	0.01333582311111111	0.014926041434617955	0.010786907049117632	0.07142857142857142	0.1	0.07692307692307693	0.034485136741973836	0.018182479338842972	0.02857142857142857	0.05555555555555555	0.08334027777777778	0.1111111111111111	0.08333333333333333	0.5	0.011502980454228571	0.013333866844444445	0.015625732421874997	0.07692307692307693	0.016129032258064516	0.07692307692307693	1.0	0.038463017751479284	0.038461538461538464	0.029411764705882353	0.1111111111111111	0.05263157894736842	0.041666666666666664	0.5	0.03125
he	0.5	0.16666666666666666	0.5	0.5	0.08333333333333333	0.08333333333333333	0.25	0.07142857142857142	0.06666666666666667	0.07142857142857142	0.06666666666666667	0.1111111111111111	0.14285714285714285	0.08333333333333333	0.09090909090909091	0.07692307692307693	0.09090909090909091	0.14285714285714285	0.14285714285714285	0.14285714285714285	0.5	0.06666666666666667	0.06666666666666667	0.08333333333333333	0.125	0.07692307692307693	0.14285714285714285	1.0	0.08333333333333333	0.1	0.08333333333333333	0.16666666666666666	0.14285714285714285	0.1	0.5	0.09090909090909091
hi	0.5	0.2	0.5	0.5	0.1111111111111111	0.1	0.2	0.09090909090909091	0.09090909090909091	0.1	0.1111111111111111	0.09090909090909091	0.14285714285714285	0.1	0.1	0.09090909090909091	0.1111111111111111	0.16666666666666666	0.14285714285714285	0.16666666666666666	1.0	0.09090909090909091	0.09090909090909091	0.09090909090909091	0.125	0.09090909090909091	0.14285714285714285	1.0	0.09090909090909091	0.1111111111111111	0.1	0.2	0.14285714285714285	0.125	0.5	0.1
hu	0.5	0.16666666666666666	1.0	1.0	0.14285714285714285	0.0625	0.3333333333333333	0.0625	0.0625	0.07692307692307693	0.14285714285714285	0.14285714285714285	0.058823529411764705	0.1	0.09090909090909091	0.08333333333333333	0.125	0.2	0.16666666666666666	0.2	1.0	0.058823529411764705	0.058823529411764705	0.0625	0.125	0.058823529411764705	0.14285714285714285	1.0	0.1111111111111111	0.08333333333333333	0.1111111111111111	0.25	0.16666666666666666	0.14285714285714285	0.5	0.1
id	0.5	0.11112345679012345	0.5	0.3333333333333333	0.07143367346938775	0.04	0.14285714285714285	0.03333777777777778	0.03571428571428571	0.034485136741973836	0.08333333333333333	0.1	0.1	0.032320626730191246	0.047621315192743756	0.05	0.07692307692307693	0.11112345679012345	0.1111111111111111	0.1	0.5	0.033345556666666665	0.034482758620689655	0.03703840877914952	0.11112345679012345	0.038461538461538464	0.1	1.0	0.05263434903047091	0.06666666666666667	0.047619047619047616	0.16666666666666666	0.07142857142857142	0.0625	0.5	0.05
it	0.5	0.07692899408284024	0.5	0.3333333333333333	0.07143367346938775	0.01852023319615912	0.125	0.018871840868636525	0.020834635416666667	0.018182479338842972	0.09090909090909091	0.1	0.09090909090909091	0.047621315192743756	0.01592229851738418	0.04	0.07142857142857142	0.08334027777777778	0.14285714285714285	0.09090909090909091	1.0	0.017251791027351665	0.019232618343195264	0.020000399999999998	0.07692307692307693	0.02127659574468085	0.1111111111111111	1.0	0.047621315192743756	0.045454545454545456	0.03448394768133174	0.125	0.05882698961937716	0.05263157894736842	0.5	0.034482758620689655
ja	0.5	0.06666666666666667	0.5	0.3333333333333333	0.0625	0.030303030303030304	0.14285714285714285	0.025	0.027777777777777776	0.02857142857142857	0.07692307692307693	0.09090909090909091	0.08333333333333333	0.05	0.04	0.024390243902439025	0.0625	0.125	0.09090909090909091	0.09090909090909091	0.5	0.025	0.02564102564102564	0.02857142857142857	0.09090909090909091	0.02857142857142857	0.1	1.0	0.05	0.05263157894736842	0.047619047619047616	0.14285714285714285	0.06666666666666667	0.05	0.5	0.04
ko	0.5	0.1111111111111111	0.5	0.5	0.07692307692307693	0.0625	0.16666666666666666	0.05	0.05263157894736842	0.05555555555555555	0.09090909090909091	0.1111111111111111	0.125	0.07692307692307693	0.07142857142857142	0.0625	0.05	0.16666666666666666	0.125	0.1	0.5	0.05263157894736842	0.05	0.058823529411764705	0.125	0.05555555555555555	0.1111111111111111	1.0	0.07692307692307693	0.07142857142857142	0.09090909090909091	0.14285714285714285	0.09090909090909091	0.09090909090909091	0.5	0.07142857142857142
lv	0.5	0.25	1.0	0.5	0.14287755102040817	0.09090909090909091	0.3333333333333333	0.08334027777777778	0.09091735537190083	0.08334027777777778	0.14285714285714285	0.16666666666666666	0.2	0.11112345679012345	0.08334027777777778	0.125	0.16666666666666666	0.08341672920139581	0.25	0.25	1.0	0.08334722222222221	0.08333333333333333	0.08333333333333333	0.16666666666666666	0.08333333333333333	0.16666666666666666	1.0	0.1	0.125	0.09090909090909091	0.25	0.14285714285714285	0.16666666666666666	0.5	0.1111111111111111
mk	0.5	0.16666666666666666	1.0	1.0	0.125	0.1111111111111111	0.25	0.09090909090909091	0.1	0.1111111111111111	0.14285714285714285	0.14285714285714285	0.16666666666666666	0.1111111111111111	0.14285714285714285	0.09090909090909091	0.125	0.25	0.09090909090909091	0.14285714285714285	1.0	0.09090909090909091	0.1	0.1	0.14285714285714285	0.1	0.14285714285714285	1.0	0.125	0.14285714285714285	0.125	0.3333333333333333	0.16666666666666666	0.14285714285714285	0.5	0.1111111111111111
ml	0.5	0.14285714285714285	1.0	0.5	0.125	0.06666666666666667	0.2	0.06666666666666667	0.07142857142857142	0.08333333333333333	0.14285714285714285	0.16666666666666666	0.2	0.1	0.09090909090909091	0.09090909090909091	0.1	0.25	0.14285714285714285	0.06666666666666667	1.0	0.07692307692307693	0.07142857142857142	0.07692307692307693	0.16666666666666666	0.07692307692307693	0.2	1.0	0.1111111111111111	0.1111111111111111	0.1111111111111111	0.25	0.1111111111111111	0.125	0.5	0.08333333333333333
mr	0.5	0.5	0.0	1.0	0.5	1.0	1.0	0.5	0.5	0.5	0.5	1.0	1.0	0.5	1.0	0.5	0.5	1.0	1.0	1.0	0.5	0.5	0.5	0.5	1.0	0.5	0.5	1.0	0.5	1.0	0.5	0.5	0.5	0.5	1.0	0.5
nl	0.5	0.0625390859453164	1.0	0.3333333333333333	0.052653750692520776	0.010532967758117785	0.14285714285714285	0.011124703716806317	0.012991399899308483	0.011502980454228571	0.06666666666666667	0.09090909090909091	0.058823529411764705	0.033345556666666665	0.017251791027351665	0.025	0.05263157894736842	0.08334722222222221	0.09090909090909091	0.07692307692307693	0.5	0.0073042804385520495	0.011114074691604938	0.013337244977955557	0.07143877551020407	0.0136986301369863	0.07144897959183673	0.5	0.0322674308012487	0.03333889	0.025643655489809333	0.1111111111111111	0.052637119113573404	0.034482758620689655	0.5	0.02857142857142857
pl	0.5	0.0625	1.0	0.3333333333333333	0.05556173148148148	0.01250015625	0.125	0.01250156296875	0.013889274691358023	0.013333866844444445	0.06666666666666667	0.09090909090909091	0.058823529411764705	0.034482758620689655	0.019232618343195264	0.02564102564102564	0.05	0.08333333333333333	0.1	0.07142857142857142	0.5	0.011114074691604938	0.010658594462571693	0.014925595901091559	0.07692307692307693	0.014492753623188406	0.07142857142857142	0.5	0.03333333333333333	0.03225806451612903	0.027777777777777776	0.1111111111111111	0.05555555555555555	0.037037037037037035	0.5	0.030303030303030304
pt	0.5	0.0625	0.5	0.3333333333333333	0.058823529411764705	0.016393980112872884	0.1111111111111111	0.014085498908946637	0.015384615384615385	0.015625732421874997	0.08333333333333333	0.09090909090909091	0.0625	0.03703840877914952	0.020000399999999998	0.02857142857142857	0.058823529411764705	0.08333333333333333	0.1	0.07692307692307693	0.5	0.013337244977955557	0.014925595901091559	0.013004069516817719	0.07692307692307693	0.016666666666666666	0.07142857142857142	0.5	0.038461538461538464	0.038461538461538464	0.02857142857142857	0.14285714285714285	0.05263157894736842	0.045454545454545456	0.5	0.030303030303030304
ro	0.5	0.2	0.5	1.0	0.125	0.08334027777777778	0.3333333333333333	0.07692899408284024	0.07692307692307693	0.07692307692307693	0.125	0.125	0.125	0.11112345679012345	0.07692307692307693	0.09090909090909091	0.125	0.16666666666666666	0.14285714285714285	0.16666666666666666	1.0	0.07143877551020407	0.07692307692307693	0.07692307692307693	0.07148472959693877	0.07692307692307693	0.16669444444444445	1.0	0.1	0.09090909090909091	0.125015625	0.2	0.16666666666666666	0.125	0.5	0.1
ru	0.5	0.058823529411764705	0.5	0.3333333333333333	0.058823529411764705	0.015151515151515152	0.14285714285714285	0.014925373134328358	0.017543859649122806	0.016129032258064516	0.07692307692307693	0.09090909090909091	0.058823529411764705	0.038461538461538464	0.02127659574468085	0.02857142857142857	0.05555555555555555	0.08333333333333333	0.1	0.07692307692307693	0.5	0.0136986301369863	0.014492753623188406	0.016666666666666666	0.07692307692307693	0.013157894736842105	0.07692307692307693	0.5	0.03571428571428571	0.037037037037037035	0.030303030303030304	0.125	0.05263157894736842	0.045454545454545456	0.5	0.03333333333333333
sh	0.5	0.2	1.0	1.0	0.125015625	0.08333333333333333	0.3333333333333333	0.07143877551020407	0.07142857142857142	0.07692307692307693	0.14285714285714285	0.14285714285714285	0.14285714285714285	0.1	0.1111111111111111	0.1	0.1111111111111111	0.16666666666666666	0.14285714285714285	0.2	0.5	0.07144897959183673	0.07142857142857142	0.07142857142857142	0.16669444444444445	0.07692307692307693	0.07152055125546995	1.0	0.1	0.1	0.1	0.2	0.14285714285714285	0.16666666666666666	0.5	0.1
si	1.0	1.0	0.5	1.0	1.0	1.0	1.0	0.5	1.0	1.0	1.0	1.0	1.0	1.0	1.0	1.0	1.0	1.0	1.0	1.0	1.0	0.5	0.5	0.5	1.0	0.5	1.0	0.5	0.5	1.0	1.0	1.0	1.0	1.0	1.0	0.5
simple	0.5	0.09092562809917355	1.0	0.3333333333333333	0.07142857142857142	0.037037037037037035	0.14285714285714285	0.03226222684703434	0.037037037037037035	0.038463017751479284	0.08333333333333333	0.09090909090909091	0.1111111111111111	0.05263434903047091	0.047621315192743756	0.05	0.07692307692307693	0.1	0.125	0.1111111111111111	0.5	0.0322674308012487	0.03333333333333333	0.038461538461538464	0.1	0.03571428571428571	0.1	0.5	0.03130283222106514	0.07142857142857142	0.05000249999999999	0.125	0.07142857142857142	0.058823529411764705	0.5	0.047619047619047616
sr	0.5	0.14285714285714285	1.0	0.5	0.09090909090909091	0.035715561224489795	0.16666666666666666	0.03703840877914952	0.03333333333333333	0.038461538461538464	0.1	0.1111111111111111	0.08333333333333333	0.06666666666666667	0.045454545454545456	0.05263157894736842	0.07142857142857142	0.125	0.14285714285714285	0.1111111111111111	1.0	0.03333889	0.03225806451612903	0.038461538461538464	0.09090909090909091	0.037037037037037035	0.1	1.0	0.07142857142857142	0.03126270019628906	0.06666666666666667	0.25	0.1	0.1111111111111111	0.5	0.058823529411764705
sv	0.5	0.125	1.0	0.3333333333333333	0.06666666666666667	0.02857142857142857	0.16666666666666666	0.029411764705882353	0.027778549382716046	0.029411764705882353	0.08333333333333333	0.1	0.1111111111111111	0.047619047619047616	0.03448394768133174	0.047619047619047616	0.09090909090909091	0.09090909090909091	0.125	0.1111111111111111	0.5	0.025643655489809333	0.027777777777777776	0.02857142857142857	0.125015625	0.030303030303030304	0.1	1.0	0.05000249999999999	0.06666666666666667	0.02501313000125	0.16666666666666666	0.07692307692307693	0.06666666666666667	0.5	0.05555555555555555
te	0.5	0.3333333333333333	0.0	1.0	0.16666666666666666	0.14285714285714285	0.5	0.1111111111111111	0.125	0.1111111111111111	0.16666666666666666	0.2	0.25	0.16666666666666666	0.125	0.14285714285714285	0.14285714285714285	0.25	0.3333333333333333	0.25	0.5	0.1111111111111111	0.1111111111111111	0.14285714285714285	0.2	0.125	0.2	1.0	0.125	0.25	0.16666666666666666	0.1111111111111111	0.16666666666666666	0.14285714285714285	0.5	0.14285714285714285
tr	0.5	0.09091735537190083	-1.0	0.3333333333333333	0.09090909090909091	0.05555555555555555	0.16666666666666666	0.05263157894736842	0.05555555555555555	0.05263157894736842	0.14285714285714285	0.14285714285714285	0.16666666666666666	0.07142857142857142	0.05882698961937716	0.06666666666666667	0.09090909090909091	0.14285714285714285	0.16666666666666666	0.1111111111111111	0.5	0.052637119113573404	0.05555555555555555	0.05263157894736842	0.16666666666666666	0.05263157894736842	0.14285714285714285	1.0	0.07142857142857142	0.1	0.07692307692307693	0.16666666666666666	0.05004003002752251	0.07692307692307693	0.5	0.06666666666666667
vi	0.5	0.07692307692307693	0.5	0.3333333333333333	0.09090909090909091	0.043478260869565216	0.16666666666666666	0.03571428571428571	0.038461538461538464	0.041666666666666664	0.1	0.125	0.14285714285714285	0.0625	0.05263157894736842	0.05	0.09090909090909091	0.16666666666666666	0.14285714285714285	0.125	0.5	0.034482758620689655	0.037037037037037035	0.045454545454545456	0.125	0.045454545454545456	0.16666666666666666	1.0	0.058823529411764705	0.1111111111111111	0.06666666666666667	0.14285714285714285	0.07692307692307693	0.034482758620689655	0.5	0.05
war	0.5	0.5	1.0	1.0	0.5	0.5	0.5	0.5	0.5	0.5	0.5	0.5	0.5	0.5	0.5	0.5	0.5	0.5	0.5	0.5	1.0	0.5	0.5	0.5	0.5	0.5	0.5	1.0	0.5	0.5	0.5	0.5	0.5	0.5	0.5	0.5
zh	0.5	0.07692307692307693	0.5	0.3333333333333333	0.07692307692307693	0.034482758620689655	0.14285714285714285	0.02857142857142857	0.030303030303030304	0.03125	0.09090909090909091	0.1	0.1	0.05	0.034482758620689655	0.04	0.07142857142857142	0.1111111111111111	0.1111111111111111	0.08333333333333333	0.5	0.02857142857142857	0.030303030303030304	0.030303030303030304	0.1	0.03333333333333333	0.1	0.5	0.047619047619047616	0.058823529411764705	0.05555555555555555	0.14285714285714285	0.06666666666666667	0.05	0.5	0.027777777777777776
