arz	bs	ceb	ckb	da	de	el	en	es	fr	he	hi	hu	id	it	ja	ko	lv	mk	ml	mr	nl	pl	pt	ro	ru	sh	si	simple	sr	sv	te	vi	war	zh
arz	1.0	0.0	0.0	0.0	0.0	0.0	0.0	0.0	0.0	0.0	0.0	0.0	0.0	0.0	1.7082628674900495e-05	0.00010857763300760044	0.0	0.0	0.0007037297677691766	0.0	0.0	0.0	6.986655488017886e-05	2.1557299301543504e-05	0.0	0.0	0.0	0.004524886877828055	0.0	0.0	0.0	0.0	0.0	0.0	0.0
bs	0.0	1.0	0.0	0.0	0.000547945205479452	0.0001775410563692854	0.002031144211238998	2.451976292892071e-05	6.206168931918326e-05	9.882399446585631e-05	0.00044583147570218456	0.0017086715079026058	0.0011074197120708748	0.0013559322033898306	0.00018581708841514916	0.0002827454584010744	0.0009594298245614035	0.0	0.0009573958831977022	0.0006901311249137336	0.0	0.000249003984063745	0.00013350243641946466	8.50087133931228e-05	0.0010050251256281408	0.00019061481943578014	0.0013717421124828531	0.0022497187851518562	0.0002767783005812344	0.0	0.0004421083656727416	0.0012062726176115801	0.000449034575662326	0.0	0.000489065884161252
ceb	0.0	0.0	1.0	0.0	0.0	0.0	0.0004438526409232135	0.0	0.0	0.0	0.0	0.0	0.0	0.0	0.0	0.0	0.0	0.0	0.0	0.0	0.003115264797507788	0.0	0.0	0.0	0.0007782101167315176	0.0	0.0	0.0	0.0	0.0	0.0	0.0	0.0	0.0	0.0
ckb	0.0	0.0	0.0	1.0	0.0	0.0	0.0	0.0	0.0	2.0030446278343083e-05	0.0	0.0	0.0	0.0	0.0	0.0	0.0	0.003656307129798903	0.0	0.0012919896640826874	0.0	0.0	0.0	0.0	0.0007598784194528875	0.0	0.000445632798573975	0.0	0.0	0.0	5.0787201625190454e-05	0.0	0.0	0.0	0.0
da	0.0	0.000547945205479452	0.0	0.0	1.0	0.00017441353449027645	0.0008925914906277894	4.197521363634774e-05	6.054368226675546e-05	0.00011765167261461234	0.0007011639321273314	0.000363901018922853	0.00032102728731942215	0.0002978850163836759	0.00018455756518237642	0.00034848062447727905	0.0005192782032974166	0.0006146281499692685	0.0008022462896109105	0.0005396654074473826	0.0006988120195667365	0.00035566093657379963	6.499415052645263e-05	0.00027397837678349386	0.0004175365344467641	0.00018928964757709252	0.0003009328919650918	0.0007727975270479134	0.0007471980074719801	0.0004095004095004095	0.0005780903747952597	0.0	0.00020580366330520683	0.0	0.0006201336732584579
de	0.0	0.0001775410563692854	0.0	0.0	0.00017441353449027645	1.0	8.309098462816784e-05	0.0006755962871577958	0.0005644402634054562	0.0008513488995268733	0.00043115837884449555	0.00017055387370485653	0.0002939077129781249	0.00012467273407305821	0.0011966344655655967	0.0010940032414910859	0.0005986337065990563	0.00013433036313974836	0.0002155358220536253	8.865248226950355e-05	9.034239768723462e-05	0.0004805711931896197	0.0006098744213123389	0.00104259974448964	0.0001298645080299554	0.0011302735515988926	0.00029136316337148805	0.0	0.0003236507808075087	0.00027357642552858875	0.0008203841328057138	4.55767740759309e-05	0.00031298904538341156	0.0	0.0010059957345780854
el	0.0	0.002031144211238998	0.0004438526409232135	0.0	0.0008925914906277894	8.309098462816784e-05	1.0	7.665318267498702e-05	0.00016998130205677376	0.00034535686876438986	0.0006049606775559589	0.0012893243940175349	0.0009420631182289214	0.0006683002895967921	0.0003293427964496847	0.00036876864796003887	0.0010190217391304348	0.0010873504893077202	0.001103448275862069	0.0010050251256281408	0.0	0.0005226298735235706	0.00030273674013078225	0.00037053810366832724	0.00028336639274582036	0.00027008321939197514	0.0011228385358185494	0.0	0.0015552099533437014	0.0008312551953449709	0.0005938513544378968	0.0	0.000667779632721202	0.0	0.000961889283226641
en	0.0	2.451976292892071e-05	0.0	0.0	4.197521363634774e-05	0.0006755962871577958	7.665318267498702e-05	1.0	0.0005032796501706485	0.00139735848379124	0.00020980945174382609	7.332581452758971e-05	8.718213393965602e-05	6.271667740980123e-05	0.0017012212025270285	0.0009645271894126318	0.0002712045946864497	1.402087006509189e-05	3.844151124064736e-05	3.5025165581470285e-05	1.753819819567017e-05	0.00026367515221247423	0.000515225929915891	0.001460785618369001	5.943141614576778e-05	0.0015736217622805502	9.060401515177915e-05	3.5092767731498214e-06	8.690875970770846e-05	0.0001421094589442307	0.0006837000003287019	0.0	0.00013518853601214616	0.0	0.0009859123370283705
es	0.0	6.206168931918326e-05	0.0	0.0	6.054368226675546e-05	0.0005644402634054562	0.00016998130205677376	0.0005032796501706485	1.0	0.000981173729073404	0.0007006399177915829	0.00041103934233705224	0.0002873728375193977	0.0004535661639641683	0.0010837024694870024	0.0010477543132552563	0.00036385136671669623	0.00012567550584391103	0.00011918240867647935	0.00012391573729863693	0.0	0.0004402183483007572	0.0009782095392295756	0.001151121127125926	0.00023980815347721823	0.0011890770826132042	0.00017036742574819694	0.0	0.0003278688524590164	0.00015648635960565437	0.0011422696898737792	0.0	0.00015669887699138157	0.0	0.0012940197800166374
fr	0.0	9.882399446585631e-05	0.0	2.0030446278343083e-05	0.00011765167261461234	0.0008513488995268733	0.00034535686876438986	0.00139735848379124	0.000981173729073404	1.0	0.0007338595643380049	0.00017470978763054704	0.0004627308834303783	0.0003262016693850139	0.0022006675974812527	0.001952695625185894	0.0007973633850733575	1.9840876173091802e-05	0.00019508769191751692	0.00013828253096540962	3.9837463150346584e-05	0.0006646377724140344	0.0009204080995912764	0.0018843370985372964	0.00019546520719311962	0.0018932471062374056	0.00023038820412394885	0.0	0.00034107704551483687	0.00046611354525962525	0.0017285088730122147	1.999720039194513e-05	0.0002797515805964304	0.0	0.0015315512426157351
he	0.0	0.00044583147570218456	0.0	0.0	0.0007011639321273314	0.00043115837884449555	0.0006049606775559589	0.00020980945174382609	0.0007006399177915829	0.0007338595643380049	1.0	0.00065359477124183	0.0009982530571499876	0.0009689922480620155	0.0005893208852220034	0.001370434368110588	0.0015086549150389074	0.0003061849357011635	0.0018952213347773114	0.0002959455460195324	0.0	0.0010502625656414104	0.00039438008380576783	0.0010322284665672669	0.0004110152075626798	0.0007462449588771395	0.0010947573287921177	0.000484027105517909	0.0012341523617188377	0.0007153806847215125	0.0011697730640255791	0.00032583903551645487	0.0005122425980944575	0.0	0.0014749262536873156
hi	0.0	0.0017086715079026058	0.0	0.0	0.000363901018922853	0.00017055387370485653	0.0012893243940175349	7.332581452758971e-05	0.00041103934233705224	0.00017470978763054704	0.00065359477124183	1.0	0.0013774104683195593	0.0018087855297157622	0.0001829643552169791	0.0005820323199123528	0.0013390139987827145	0.0	0.0009963467286615742	0.0008435259384226065	0.0	0.00033504578959124413	0.00018864365214110544	0.0004378648874061718	0.0006865774116031583	0.0003582333975878951	0.0013027618551328818	0.0005515719801434088	0.0015452538631346578	0.00037016472330186933	0.0007991726212861978	0.0	0.0018625442354255914	0.0	0.0009480277636702217
hu	0.0	0.0011074197120708748	0.0	0.0	0.00032102728731942215	0.0002939077129781249	0.0009420631182289214	8.718213393965602e-05	0.0002873728375193977	0.0004627308834303783	0.0009982530571499876	0.0013774104683195593	1.0	0.0007073803348266918	0.00023146234603620733	0.0007101552196408644	0.0009318578916715201	0.0007961783439490446	0.0005918910920390648	0.0007304601899196494	0.0	0.00010726161106939826	0.0004918536735321242	0.00039313869519336215	0.0006097560975609756	0.0002542631454046174	0.0016654770402093743	0.0	0.0024529844644317253	0.00017328019407381737	0.0007393715341959334	0.00047192071731949034	0.0012197246907126678	0.0	0.0007355891400294235
id	0.0	0.0013559322033898306	0.0	0.0	0.0002978850163836759	0.00012467273407305821	0.0006683002895967921	6.271667740980123e-05	0.0004535661639641683	0.0003262016693850139	0.0009689922480620155	0.0018087855297157622	0.0007073803348266918	1.0	0.00021406929258332234	0.0006372631225893007	0.0011331444759206798	0.0014534883720930232	0.0	0.0003354579000335458	0.00039077764751856197	0.00020911752404851526	0.0003028467595396729	0.0004529731510459562	0.0002838489923360772	0.000557262994359823	0.00044943820224719103	0.0	0.0009725734292939117	0.0004990850108135085	0.0005482957141551677	0.001271725307333616	0.0011703728473499416	0.0	0.0006633059166887769
it	1.7082628674900495e-05	0.00018581708841514916	0.0	0.0	0.00018455756518237642	0.0011966344655655967	0.0003293427964496847	0.0017012212025270285	0.0010837024694870024	0.0022006675974812527	0.0005893208852220034	0.0001829643552169791	0.00023146234603620733	0.00021406929258332234	1.0	0.0020602476953161374	0.0007995325809526738	6.778856745809819e-05	0.0002672814139186796	0.0001688419133165617	6.801448708574926e-05	0.0006232897537245363	0.0010592491711719147	0.0027832507603726304	0.00023425081569480464	0.002482207950008679	0.00021418921145417998	1.7042452749799752e-05	0.0003584287785724759	0.0004177176549973491	0.0020514661572192377	0.0	0.00045005223820622037	0.0	0.0023427080313134243
ja	0.00010857763300760044	0.0002827454584010744	0.0	0.0	0.00034848062447727905	0.0010940032414910859	0.00036876864796003887	0.0009645271894126318	0.0010477543132552563	0.001952695625185894	0.001370434368110588	0.0005820323199123528	0.0007101552196408644	0.0006372631225893007	0.0020602476953161374	1.0	0.0013181791551936258	0.00014234875444839857	0.0005180273518441774	0.0002824659275474896	7.166917508779473e-05	0.0012618296529968455	0.0010760916351810225	0.0030795946330941107	0.0002771618625277162	0.0022984420354244415	0.0004700194722352783	3.6010082823190495e-05	0.0009190573097879604	0.0007019783024888322	0.0025676392572944297	0.0	0.000830405621207282	0.0	0.0031619839190532117
ko	0.0	0.0009594298245614035	0.0	0.0	0.0005192782032974166	0.0005986337065990563	0.0010190217391304348	0.0002712045946864497	0.00036385136671669623	0.0007973633850733575	0.0015086549150389074	0.0013390139987827145	0.0009318578916715201	0.0011331444759206798	0.0007995325809526738	0.0013181791551936258	1.0	0.0002815711671124877	0.0012559658377292139	0.0006825006825006825	0.00014475969889982628	0.0009351172493166451	0.0005275020380760562	0.0012861493068033515	0.00101716465352829	0.0012279210352318882	0.0011375270162666364	0.0001476886722788362	0.0013710187724108838	0.0009659036028204385	0.0018321309973663117	0.0	0.0010652721286073987	0.0	0.002060957910014514
lv	0.0	0.0	0.0	0.003656307129798903	0.0006146281499692685	0.00013433036313974836	0.0010873504893077202	1.402087006509189e-05	0.00012567550584391103	1.9840876173091802e-05	0.0003061849357011635	0.0	0.0007961783439490446	0.0014534883720930232	6.778856745809819e-05	0.00014234875444839857	0.0002815711671124877	1.0	0.0	0.0	0.0	0.00012763241863433312	0.00013529053642697694	6.402458544080927e-05	0.003355704697986577	3.477111910846851e-05	0.0011033468186833395	0.001445086705202312	0.0005858230814294083	0.000700770847932726	0.0002975895248487253	0.0	0.0002349072116513977	0.0	0.00014065686757155918
mk	0.0007037297677691766	0.0009573958831977022	0.0	0.0	0.0008022462896109105	0.0002155358220536253	0.001103448275862069	3.844151124064736e-05	0.00011918240867647935	0.00019508769191751692	0.0018952213347773114	0.0009963467286615742	0.0005918910920390648	0.0	0.0002672814139186796	0.0005180273518441774	0.0012559658377292139	0.0	1.0	0.0014177693761814746	0.0011799410029498525	0.0003448275862068965	0.0002556237218813906	0.00010477347973680902	0.001128668171557562	0.00032551525638609537	0.0016745743790120011	0.0012836970474967907	0.0014028524666822538	0.0	0.0008088305262156248	0.0006675567423230974	0.0009765625	0.0	0.0008537085097664254
ml	0.0	0.0006901311249137336	0.0	0.0012919896640826874	0.0005396654074473826	8.865248226950355e-05	0.0010050251256281408	3.5025165581470285e-05	0.00012391573729863693	0.00013828253096540962	0.0002959455460195324	0.0008435259384226065	0.0007304601899196494	0.0003354579000335458	0.0001688419133165617	0.0002824659275474896	0.0006825006825006825	0.0	0.0014177693761814746	1.0	0.0009478672985781991	0.00012405408758218582	6.662225183211193e-05	0.00031866754477279005	0.0009910802775024777	0.00017319916171605729	0.0006788866259334691	0.0010893246187363835	0.0008244023083264633	0.00022177866489243733	0.00019617459538989702	0.0	0.0004462293618920125	0.0	0.00038385036814739856
mr	0.0	0.0	0.003115264797507788	0.0	0.0006988120195667365	9.034239768723462e-05	0.0	1.753819819567017e-05	0.0	3.9837463150346584e-05	0.0	0.0	0.0	0.00039077764751856197	6.801448708574926e-05	7.166917508779473e-05	0.00014475969889982628	0.0	0.0011799410029498525	0.0009478672985781991	1.0	0.0	0.0	0.000128595310557675	0.0006261740763932373	0.0001570242166236304	0.00039603960396039607	0.0	0.0012437810945273632	0.00024467824810374357	0.00010015022533800701	0.0	0.0002462447672986949	0.0	0.00031873074335092257
nl	0.0	0.000249003984063745	0.0	0.0	0.00035566093657379963	0.0004805711931896197	0.0005226298735235706	0.00026367515221247423	0.0004402183483007572	0.0006646377724140344	0.0010502625656414104	0.00033504578959124413	0.00010726161106939826	0.00020911752404851526	0.0006232897537245363	0.0012618296529968455	0.0009351172493166451	0.00012763241863433312	0.0003448275862068965	0.00012405408758218582	0.0	1.0	0.0004169369035485963	0.0007458512026850643	0.00023250406882120437	0.000699996888902716	0.000314828418511911	0.0	9.779951100244499e-05	0.000631370073058537	0.0014848912317172768	0.0	0.00045195697369610415	0.0	0.0009085746734809767
pl	6.986655488017886e-05	0.00013350243641946466	0.0	0.0	6.499415052645263e-05	0.0006098744213123389	0.00030273674013078225	0.000515225929915891	0.0009782095392295756	0.0009204080995912764	0.00039438008380576783	0.00018864365214110544	0.0004918536735321242	0.0003028467595396729	0.0010592491711719147	0.0010760916351810225	0.0005275020380760562	0.00013529053642697694	0.0002556237218813906	6.662225183211193e-05	0.0	0.0004169369035485963	1.0	0.0010238287894050234	0.00012860909266285126	0.0007862518252274514	0.00024276263882988408	6.919936336585703e-05	0.00034946706272933774	0.0003326495536951821	0.001328138834779529	0.0	0.0004997778764993336	0.0	0.001162459669766559
pt	2.1557299301543504e-05	8.50087133931228e-05	0.0	0.0	0.00027397837678349386	0.00104259974448964	0.00037053810366832724	0.001460785618369001	0.001151121127125926	0.0018843370985372964	0.0010322284665672669	0.0004378648874061718	0.00039313869519336215	0.0004529731510459562	0.0027832507603726304	0.0030795946330941107	0.0012861493068033515	6.402458544080927e-05	0.00010477347973680902	0.00031866754477279005	0.000128595310557675	0.0007458512026850643	0.0010238287894050234	1.0	0.000189000189000189	0.0027067406573790215	0.0004120652711389484	0.0	0.0005078720162519045	0.00077876954412029	0.002095226527389773	2.1521575379317765e-05	0.0005992569214174424	0.0	0.002672858338508059
ro	0.0	0.0010050251256281408	0.0007782101167315176	0.0007598784194528875	0.0004175365344467641	0.0001298645080299554	0.00028336639274582036	5.943141614576778e-05	0.00023980815347721823	0.00019546520719311962	0.0004110152075626798	0.0006865774116031583	0.0006097560975609756	0.0002838489923360772	0.00023425081569480464	0.0002771618625277162	0.00101716465352829	0.003355704697986577	0.001128668171557562	0.0009910802775024777	0.0006261740763932373	0.00023250406882120437	0.00012860909266285126	0.000189000189000189	1.0	0.00020591313897420937	0.00028661507595299513	0.0006849315068493151	0.0014360938247965534	0.00039603960396039607	0.0007648183556405354	0.0	0.0005972526378658173	0.0	0.0005823313808104683
ru	0.0	0.00019061481943578014	0.0	0.0	0.00018928964757709252	0.0011302735515988926	0.00027008321939197514	0.0015736217622805502	0.0011890770826132042	0.0018932471062374056	0.0007462449588771395	0.0003582333975878951	0.0002542631454046174	0.000557262994359823	0.002482207950008679	0.0022984420354244415	0.0012279210352318882	3.477111910846851e-05	0.00032551525638609537	0.00017319916171605729	0.0001570242166236304	0.000699996888902716	0.0007862518252274514	0.0027067406573790215	0.00020591313897420937	1.0	0.00035475369957429554	5.246130978403427e-05	0.0004007547547881844	0.0006750304586914288	0.001973546633207863	0.0	0.0005105233687954942	0.0	0.0023720732628398794
sh	0.0	0.0013717421124828531	0.0	0.000445632798573975	0.0003009328919650918	0.00029136316337148805	0.0011228385358185494	9.060401515177915e-05	0.00017036742574819694	0.00023038820412394885	0.0010947573287921177	0.0013027618551328818	0.0016654770402093743	0.00044943820224719103	0.00021418921145417998	0.0004700194722352783	0.0011375270162666364	0.0011033468186833395	0.0016745743790120011	0.0006788866259334691	0.00039603960396039607	0.000314828418511911	0.00024276263882988408	0.0004120652711389484	0.00028661507595299513	0.00035475369957429554	1.0	0.0	0.001763668430335097	0.001004352192835621	0.000594938446753009	0.0	0.0003360215053763441	0.0	0.0008634431455897981
si	0.004524886877828055	0.0022497187851518562	0.0	0.0	0.0007727975270479134	0.0	0.0	3.5092767731498214e-06	0.0	0.0	0.000484027105517909	0.0005515719801434088	0.0	0.0	1.7042452749799752e-05	3.6010082823190495e-05	0.0001476886722788362	0.001445086705202312	0.0012836970474967907	0.0010893246187363835	0.0	0.0	6.919936336585703e-05	0.0	0.0006849315068493151	5.246130978403427e-05	0.0	1.0	0.0	0.00025316455696202533	0.000201704402198578	0.0	0.0	0.0	0.00014232342999466287
simple	0.0	0.0002767783005812344	0.0	0.0	0.0007471980074719801	0.0003236507808075087	0.0015552099533437014	8.690875970770846e-05	0.0003278688524590164	0.00034107704551483687	0.0012341523617188377	0.0015452538631346578	0.0024529844644317253	0.0009725734292939117	0.0003584287785724759	0.0009190573097879604	0.0013710187724108838	0.0005858230814294083	0.0014028524666822538	0.0008244023083264633	0.0012437810945273632	9.779951100244499e-05	0.00034946706272933774	0.0005078720162519045	0.0014360938247965534	0.0004007547547881844	0.001763668430335097	0.0	1.0	0.000449707690001499	0.0013316761363636363	0.0	0.0010540581237765397	0.0	0.0011039677901162413
sr	0.0	0.0	0.0	0.0	0.0004095004095004095	0.00027357642552858875	0.0008312551953449709	0.0001421094589442307	0.00015648635960565437	0.00046611354525962525	0.0007153806847215125	0.00037016472330186933	0.00017328019407381737	0.0004990850108135085	0.0004177176549973491	0.0007019783024888322	0.0009659036028204385	0.000700770847932726	0.0	0.00022177866489243733	0.00024467824810374357	0.000631370073058537	0.0003326495536951821	0.00077876954412029	0.00039603960396039607	0.0006750304586914288	0.001004352192835621	0.00025316455696202533	0.000449707690001499	1.0	0.0012822704735852282	0.0	0.0006656903208627346	0.00026504108136761196	0.0012001768681700461
sv	0.0	0.0004421083656727416	0.0	5.0787201625190454e-05	0.0005780903747952597	0.0008203841328057138	0.0005938513544378968	0.0006837000003287019	0.0011422696898737792	0.0017285088730122147	0.0011697730640255791	0.0007991726212861978	0.0007393715341959334	0.0005482957141551677	0.0020514661572192377	0.0025676392572944297	0.0018321309973663117	0.0002975895248487253	0.0008088305262156248	0.00019617459538989702	0.00010015022533800701	0.0014848912317172768	0.001328138834779529	0.002095226527389773	0.0007648183556405354	0.001973546633207863	0.000594938446753009	0.000201704402198578	0.0013316761363636363	0.0012822704735852282	1.0	5.057401507105649e-05	0.0008126256362003336	0.0	0.002950847314728944
te	0.0	0.0012062726176115801	0.0	0.0	0.0	4.55767740759309e-05	0.0	0.0	0.0	1.999720039194513e-05	0.00032583903551645487	0.0	0.00047192071731949034	0.001271725307333616	0.0	0.0	0.0	0.0	0.0006675567423230974	0.0	0.0	0.0	0.0	2.1521575379317765e-05	0.0	0.0	0.0	0.0	0.0	0.0	5.057401507105649e-05	1.0	0.0	0.0	3.565443719470888e-05
vi	0.0	0.000449034575662326	0.0	0.0	0.00020580366330520683	0.00031298904538341156	0.000667779632721202	0.00013518853601214616	0.00015669887699138157	0.0002797515805964304	0.0005122425980944575	0.0018625442354255914	0.0012197246907126678	0.0011703728473499416	0.00045005223820622037	0.000830405621207282	0.0010652721286073987	0.0002349072116513977	0.0009765625	0.0004462293618920125	0.0002462447672986949	0.00045195697369610415	0.0004997778764993336	0.0005992569214174424	0.0005972526378658173	0.0005105233687954942	0.0003360215053763441	0.0	0.0010540581237765397	0.0006656903208627346	0.0008126256362003336	0.0	1.0	0.0	0.0012011632317612845
war	0.0	0.0	0.0	0.0	0.0	0.0	0.0	0.0	0.0	0.0	0.0	0.0	0.0	0.0	0.0	0.0	0.0	0.0	0.0	0.0	0.0	0.0	0.0	0.0	0.0	0.0	0.0	0.0	0.0	0.00026504108136761196	0.0	0.0	0.0	1.0	0.0
zh	0.0	0.000489065884161252	0.0	0.0	0.0006201336732584579	0.0010059957345780854	0.000961889283226641	0.0009859123370283705	0.0012940197800166374	0.0015315512426157351	0.0014749262536873156	0.0009480277636702217	0.0007355891400294235	0.0006633059166887769	0.0023427080313134243	0.0031619839190532117	0.002060957910014514	0.00014065686757155918	0.0008537085097664254	0.00038385036814739856	0.00031873074335092257	0.0009085746734809767	0.001162459669766559	0.002672858338508059	0.0005823313808104683	0.0023720732628398794	0.0008634431455897981	0.00014232342999466287	0.0011039677901162413	0.0012001768681700461	0.002950847314728944	3.565443719470888e-05	0.0012011632317612845	0.0	1.0
