arz	bs	ceb	ckb	da	de	el	en	es	fr	he	hi	hu	id	it	ja	ko	lv	mk	ml	mr	nl	pl	pt	ro	ru	sh	si	simple	sr	sv	te	vi	war	zh
arz	1.0	1.0	0.0	0.0	1.0	1.0	1.0	0.585786437626905	1.0	0.0	1.0	0.0	1.0	1.0	1.0	0.585786437626905	1.0	1.0	1.0	0.0	0.0	1.0	1.0	1.0	1.0	1.0	1.0	0.0	1.0	1.0	1.0	0.0	1.0	0.0	0.585786437626905
bs	1.0	1.0	0.41319688409934685	0.585786437626905	0.2600070273452875	0.2661832955178855	1.0	0.25428627101618895	0.2661832955178855	0.27013511384464434	0.4142135623730951	0.5	0.36602540378443865	0.2661832955178855	0.2661832955178855	0.2661832955178855	0.2661832955178855	0.39564392373896007	0.4364916731037085	1.0	1.0	0.2661832955178855	0.2600070273452875	0.2661832955178855	0.2661832955178855	0.2661832955178855	0.3266316347104093	1.0	0.40453726661826384	0.2600070273452875	0.2661832955178855	1.0	0.27667107033333566	1.0	0.2661832955178855
ceb	0.0	0.41319688409934685	1.0	0.39564392373896007	0.39564392373896007	0.39564392373896007	0.5	0.39564392373896007	0.39564392373896007	0.39564392373896007	0.5	0.5	0.39564392373896007	0.39564392373896007	0.39564392373896007	0.39564392373896007	0.39564392373896007	0.39564392373896007	0.39564392373896007	0.5	0.5	0.39564392373896007	0.39564392373896007	0.39564392373896007	0.39564392373896007	0.39564392373896007	0.39564392373896007	0.0	0.39564392373896007	0.39564392373896007	0.39564392373896007	1.0	0.39564392373896007	0.5	0.39564392373896007
ckb	0.0	0.585786437626905	0.39564392373896007	1.0	1.0	1.0	1.0	1.0	1.0	1.0	1.0	1.0	1.0	0.585786437626905	1.0	1.0	1.0	1.0	1.0	1.0	1.0	1.0	1.0	1.0	1.0	1.0	1.0	0.0	1.0	1.0	1.0	1.0	1.0	1.0	1.0
da	1.0	0.2600070273452875	0.39564392373896007	1.0	1.0	0.24660605559646726	1.0	0.17490924784798678	0.26427884169111276	0.2708131845707603	0.4364916731037085	1.0	0.3797958971132712	0.30216947925196225	0.25824569976124334	0.2857142857142857	0.39564392373896007	1.0	1.0	1.0	1.0	0.3483314773547883	0.1991722655343916	0.2542843958957991	0.44948974278317805	0.26427884169111276	0.31451985913875646	1.0	0.585786437626905	0.4142135623730951	0.2674788903885893	1.0	0.40453726661826384	1.0	0.26427884169111276
de	1.0	0.2661832955178855	0.39564392373896007	1.0	0.24660605559646726	1.0	1.0	0.05122688211809307	0.20742607609621763	0.16122366255884063	0.5	1.0	0.3333333333333333	0.22522719139308142	0.15567835261815874	0.23166247903554	0.5	1.0	1.0	1.0	1.0	0.1951941016011038	0.14734551076259303	0.24660605559646726	0.44948974278317805	0.21331887166009167	0.3333333333333333	1.0	0.44948974278317805	0.3333333333333333	0.19031634369804268	1.0	0.23166247903554	1.0	0.21712927295533244
el	1.0	1.0	0.5	1.0	1.0	1.0	1.0	1.0	1.0	0.585786437626905	1.0	1.0	1.0	0.585786437626905	0.585786437626905	1.0	1.0	1.0	1.0	1.0	1.0	1.0	0.5	1.0	0.585786437626905	1.0	0.585786437626905	0.0	0.585786437626905	1.0	1.0	1.0	1.0	1.0	1.0
en	0.585786437626905	0.25428627101618895	0.39564392373896007	1.0	0.17490924784798678	0.05122688211809307	1.0	1.0	0.05843992277613652	0.0811929460688776	0.3021694792519622	0.39564392373896007	0.1983555576735248	0.14751515165897067	0.06822911204176638	0.11211723658828887	0.1774053291584318	0.39564392373896007	1.0	0.5	1.0	0.1290212480860341	0.09785167193066521	0.0779292055122247	0.2958163163244893	0.10104861043466373	0.0951766717830538	1.0	0.21519646388309702	0.09746339770007151	0.12690480173057764	0.585786437626905	0.05898425545403331	1.0	0.10516553157525294
es	1.0	0.2661832955178855	0.39564392373896007	1.0	0.26427884169111276	0.20742607609621763	1.0	0.05843992277613652	1.0	0.20799159651347807	0.585786437626905	1.0	0.5	0.23371479611805132	0.2402530733520421	0.44948974278317805	0.585786437626905	1.0	1.0	1.0	1.0	0.44948974278317805	0.1900332398552315	0.25728427444747215	1.0	0.44948974278317805	0.32449979983983984	1.0	0.44948974278317805	0.38742588672279304	0.26968623182294527	1.0	0.20799159651347807	1.0	0.5
fr	0.0	0.27013511384464434	0.39564392373896007	1.0	0.2708131845707603	0.16122366255884063	0.585786437626905	0.0811929460688776	0.20799159651347807	1.0	0.585786437626905	1.0	0.4142135623730951	0.22966848451216434	0.1774053291584318	0.32449979983983984	0.39564392373896007	1.0	0.585786437626905	0.585786437626905	1.0	0.25728427444747215	0.17001194913688772	0.2372732414640341	0.5	0.26968623182294527	0.2572842744474721	1.0	0.4142135623730951	0.2372732414640341	0.2402530733520421	1.0	0.23371479611805132	1.0	0.36602540378443865
he	1.0	0.4142135623730951	0.5	1.0	0.4364916731037085	0.5	1.0	0.3021694792519622	0.585786437626905	0.585786437626905	1.0	1.0	0.585786437626905	0.36602540378443865	0.44948974278317805	1.0	1.0	1.0	1.0	1.0	1.0	1.0	0.3430703308172536	0.5	0.585786437626905	1.0	0.5	1.0	0.5	0.5	0.44948974278317805	1.0	0.39564392373896007	1.0	1.0
hi	0.0	0.5	0.5	1.0	1.0	1.0	1.0	0.39564392373896007	1.0	1.0	1.0	1.0	1.0	0.585786437626905	1.0	1.0	1.0	1.0	1.0	1.0	1.0	1.0	1.0	1.0	0.585786437626905	1.0	0.585786437626905	1.0	1.0	0.585786437626905	1.0	1.0	1.0	1.0	1.0
hu	1.0	0.36602540378443865	0.39564392373896007	1.0	0.3797958971132712	0.3333333333333333	1.0	0.1983555576735248	0.5	0.4142135623730951	0.585786437626905	1.0	1.0	0.3333333333333333	0.5	0.585786437626905	0.585786437626905	1.0	0.585786437626905	1.0	1.0	0.5	0.27792629762666365	0.3797958971132712	0.585786437626905	0.5	0.5	1.0	0.44948974278317805	0.585786437626905	0.38742588672279304	1.0	0.30552726787943424	1.0	0.5
id	1.0	0.2661832955178855	0.39564392373896007	0.585786437626905	0.30216947925196225	0.22522719139308142	0.585786437626905	0.14751515165897067	0.23371479611805132	0.22966848451216434	0.36602540378443865	0.585786437626905	0.3333333333333333	1.0	0.21089672205953397	0.23800671553691075	0.2958163163244893	0.44948974278317805	1.0	1.0	1.0	0.2402530733520421	0.2139387691339814	0.22461549888867144	0.3726822671238253	0.23800671553691075	0.26427884169111276	1.0	0.3021694792519622	0.2989350844248255	0.3087618505583288	1.0	0.3333333333333333	1.0	0.23166247903554
it	1.0	0.2661832955178855	0.39564392373896007	1.0	0.25824569976124334	0.15567835261815874	0.585786437626905	0.06822911204176638	0.2402530733520421	0.1774053291584318	0.44948974278317805	1.0	0.5	0.21089672205953397	1.0	0.26533119314590375	0.4142135623730951	0.585786437626905	1.0	0.585786437626905	1.0	0.30216947925196225	0.1762546546708173	0.2165866815753201	0.44948974278317805	0.21979723016032493	0.28989794855663564	1.0	0.4142135623730951	0.26968623182294527	0.2898979485566356	1.0	0.20799159651347807	1.0	0.2553967929896867
ja	0.585786437626905	0.2661832955178855	0.39564392373896007	1.0	0.2857142857142857	0.23166247903554	1.0	0.11211723658828887	0.44948974278317805	0.32449979983983984	1.0	1.0	0.585786437626905	0.23800671553691075	0.26533119314590375	1.0	1.0	1.0	1.0	1.0	1.0	0.5	0.2553967929896867	0.44948974278317805	0.585786437626905	1.0	0.36602540378443865	1.0	0.5	0.4142135623730951	0.38742588672279304	1.0	0.22966848451216434	1.0	1.0
ko	1.0	0.2661832955178855	0.39564392373896007	1.0	0.39564392373896007	0.5	1.0	0.1774053291584318	0.585786437626905	0.39564392373896007	1.0	1.0	0.585786437626905	0.2958163163244893	0.4142135623730951	1.0	1.0	1.0	1.0	1.0	1.0	1.0	0.4142135623730951	1.0	0.585786437626905	1.0	0.44948974278317805	1.0	0.5	0.5	0.5	1.0	0.2674788903885893	1.0	1.0
lv	1.0	0.39564392373896007	0.39564392373896007	1.0	1.0	1.0	1.0	0.39564392373896007	1.0	1.0	1.0	1.0	1.0	0.44948974278317805	0.585786437626905	1.0	1.0	1.0	1.0	1.0	1.0	1.0	1.0	1.0	1.0	1.0	1.0	1.0	0.585786437626905	1.0	1.0	1.0	0.4364916731037085	1.0	1.0
mk	1.0	0.4364916731037085	0.39564392373896007	1.0	1.0	1.0	1.0	1.0	1.0	0.585786437626905	1.0	1.0	0.585786437626905	1.0	1.0	1.0	1.0	1.0	1.0	1.0	1.0	1.0	0.5	1.0	1.0	1.0	1.0	0.0	1.0	1.0	1.0	1.0	1.0	1.0	1.0
ml	0.0	1.0	0.5	1.0	1.0	1.0	1.0	0.5	1.0	0.585786437626905	1.0	1.0	1.0	1.0	0.585786437626905	1.0	1.0	1.0	1.0	1.0	1.0	1.0	0.5	1.0	0.585786437626905	1.0	0.585786437626905	1.0	0.585786437626905	1.0	1.0	1.0	1.0	1.0	1.0
mr	0.0	1.0	0.5	1.0	1.0	1.0	1.0	1.0	1.0	1.0	1.0	1.0	1.0	1.0	1.0	1.0	1.0	1.0	1.0	1.0	1.0	1.0	1.0	1.0	1.0	1.0	1.0	0.0	1.0	1.0	1.0	1.0	1.0	1.0	1.0
nl	1.0	0.2661832955178855	0.39564392373896007	1.0	0.3483314773547883	0.1951941016011038	1.0	0.1290212480860341	0.44948974278317805	0.25728427444747215	1.0	1.0	0.5	0.2402530733520421	0.30216947925196225	0.5	1.0	1.0	1.0	1.0	1.0	1.0	0.2177863024549239	0.3483314773547883	1.0	0.44948974278317805	0.44948974278317805	1.0	0.44948974278317805	0.3430703308172536	0.38742588672279304	1.0	0.26427884169111276	1.0	0.585786437626905
pl	1.0	0.2600070273452875	0.39564392373896007	1.0	0.1991722655343916	0.14734551076259303	0.5	0.09785167193066521	0.1900332398552315	0.17001194913688772	0.3430703308172536	1.0	0.27792629762666365	0.2139387691339814	0.1762546546708173	0.2553967929896867	0.4142135623730951	1.0	0.5	0.5	1.0	0.2177863024549239	1.0	0.1779738764024757	0.27792629762666365	0.17813739805570625	0.38742588672279304	1.0	0.3430703308172536	0.3660254037844386	0.17116619399126387	1.0	0.252650308587072	1.0	0.2612038749637414
pt	1.0	0.2661832955178855	0.39564392373896007	1.0	0.2542843958957991	0.24660605559646726	1.0	0.0779292055122247	0.25728427444747215	0.2372732414640341	0.5	1.0	0.3797958971132712	0.22461549888867144	0.2165866815753201	0.44948974278317805	1.0	1.0	1.0	1.0	1.0	0.3483314773547883	0.1779738764024757	1.0	1.0	0.3021694792519622	0.28989794855663564	1.0	0.44948974278317805	0.28989794855663564	0.3090169943749474	1.0	0.22966848451216434	1.0	0.3430703308172536
ro	1.0	0.2661832955178855	0.39564392373896007	1.0	0.44948974278317805	0.44948974278317805	0.585786437626905	0.2958163163244893	1.0	0.5	0.585786437626905	0.585786437626905	0.585786437626905	0.3726822671238253	0.44948974278317805	0.585786437626905	0.585786437626905	1.0	1.0	0.585786437626905	1.0	1.0	0.27792629762666365	1.0	1.0	0.5	0.5	1.0	0.5	0.5	0.44948974278317805	1.0	0.31451985913875646	1.0	0.585786437626905
ru	1.0	0.2661832955178855	0.39564392373896007	1.0	0.26427884169111276	0.21331887166009167	1.0	0.10104861043466373	0.44948974278317805	0.26968623182294527	1.0	1.0	0.5	0.23800671553691075	0.21979723016032493	1.0	1.0	1.0	1.0	1.0	1.0	0.44948974278317805	0.17813739805570625	0.3021694792519622	0.5	1.0	0.44948974278317805	1.0	0.5	0.44948974278317805	0.38742588672279304	1.0	0.2674788903885893	1.0	1.0
sh	1.0	0.3266316347104093	0.39564392373896007	1.0	0.31451985913875646	0.3333333333333333	0.585786437626905	0.0951766717830538	0.32449979983983984	0.2572842744474721	0.5	0.585786437626905	0.5	0.26427884169111276	0.28989794855663564	0.36602540378443865	0.44948974278317805	1.0	1.0	0.585786437626905	1.0	0.44948974278317805	0.38742588672279304	0.28989794855663564	0.5	0.44948974278317805	1.0	1.0	0.4142135623730951	0.1951941016011038	0.44948974278317805	1.0	0.2791745113185196	1.0	0.44948974278317805
si	0.0	1.0	0.0	0.0	1.0	1.0	0.0	1.0	1.0	1.0	1.0	1.0	1.0	1.0	1.0	1.0	1.0	1.0	0.0	1.0	0.0	1.0	1.0	1.0	1.0	1.0	1.0	1.0	0.0	1.0	1.0	0.0	1.0	1.0	1.0
simple	1.0	0.40453726661826384	0.39564392373896007	1.0	0.585786437626905	0.44948974278317805	0.585786437626905	0.21519646388309702	0.44948974278317805	0.4142135623730951	0.5	1.0	0.44948974278317805	0.3021694792519622	0.4142135623730951	0.5	0.5	0.585786437626905	1.0	0.585786437626905	1.0	0.44948974278317805	0.3430703308172536	0.44948974278317805	0.5	0.5	0.4142135623730951	0.0	1.0	0.585786437626905	0.44948974278317805	1.0	0.3244997998398398	1.0	0.5
sr	1.0	0.2600070273452875	0.39564392373896007	1.0	0.4142135623730951	0.3333333333333333	1.0	0.09746339770007151	0.38742588672279304	0.2372732414640341	0.5	0.585786437626905	0.585786437626905	0.2989350844248255	0.26968623182294527	0.4142135623730951	0.5	1.0	1.0	1.0	1.0	0.3430703308172536	0.3660254037844386	0.28989794855663564	0.5	0.44948974278317805	0.1951941016011038	1.0	0.585786437626905	1.0	0.38742588672279304	1.0	0.23371479611805132	1.0	0.5
sv	1.0	0.2661832955178855	0.39564392373896007	1.0	0.2674788903885893	0.19031634369804268	1.0	0.12690480173057764	0.26968623182294527	0.2402530733520421	0.44948974278317805	1.0	0.38742588672279304	0.3087618505583288	0.2898979485566356	0.38742588672279304	0.5	1.0	1.0	1.0	1.0	0.38742588672279304	0.17116619399126387	0.3090169943749474	0.44948974278317805	0.38742588672279304	0.44948974278317805	1.0	0.44948974278317805	0.38742588672279304	1.0	1.0	0.21089672205953397	1.0	0.3660254037844386
te	0.0	1.0	1.0	1.0	1.0	1.0	1.0	0.585786437626905	1.0	1.0	1.0	1.0	1.0	1.0	1.0	1.0	1.0	1.0	1.0	1.0	1.0	1.0	1.0	1.0	1.0	1.0	1.0	0.0	1.0	1.0	1.0	1.0	1.0	1.0	1.0
vi	1.0	0.27667107033333566	0.39564392373896007	1.0	0.40453726661826384	0.23166247903554	1.0	0.05898425545403331	0.20799159651347807	0.23371479611805132	0.39564392373896007	1.0	0.30552726787943424	0.3333333333333333	0.20799159651347807	0.22966848451216434	0.2674788903885893	0.4364916731037085	1.0	1.0	1.0	0.26427884169111276	0.252650308587072	0.22966848451216434	0.31451985913875646	0.2674788903885893	0.2791745113185196	1.0	0.3244997998398398	0.23371479611805132	0.21089672205953397	1.0	1.0	1.0	0.25824569976124334
war	0.0	1.0	0.5	1.0	1.0	1.0	1.0	1.0	1.0	1.0	1.0	1.0	1.0	1.0	1.0	1.0	1.0	1.0	1.0	1.0	1.0	1.0	1.0	1.0	1.0	1.0	1.0	1.0	1.0	1.0	1.0	1.0	1.0	1.0	1.0
zh	0.585786437626905	0.2661832955178855	0.39564392373896007	1.0	0.26427884169111276	0.21712927295533244	1.0	0.10516553157525294	0.5	0.36602540378443865	1.0	1.0	0.5	0.23166247903554	0.2553967929896867	1.0	1.0	1.0	1.0	1.0	1.0	0.585786437626905	0.2612038749637414	0.3430703308172536	0.585786437626905	1.0	0.44948974278317805	1.0	0.5	0.5	0.3660254037844386	1.0	0.25824569976124334	1.0	1.0
