arz	bs	ceb	ckb	da	de	el	en	es	fr	he	hi	hu	id	it	ja	ko	lv	mk	ml	mr	nl	pl	pt	ro	ru	sh	si	simple	sr	sv	te	tr	vi	war	zh
arz	1.0	1.0	0.8922857089877789	1.0	1.0	1.0	1.0	1.0	1.0	1.0	1.0	1.0	1.0	1.0	1.0	1.0	1.0	1.0	0.0	1.0	1.0	1.0	1.0	1.0	1.0	1.0	1.0	0.0	1.0	1.0	1.0	1.0	1.0	1.0	1.0	1.0
bs	1.0	1.0	0.759094972480558	1.0	0.7690990303325336	0.3481790509143822	1.0	0.3494434025141744	0.3481790509143822	0.3628082784840416	0.7584325078215763	1.0	0.7690990303325336	1.0	0.3481790509143822	0.7690990303325336	1.0	1.0	1.0	1.0	1.0	0.7510341748895939	0.3628082784840416	0.3628082784840416	0.7584325078215763	0.3481790509143822	0.2819424282259437	0.0	1.0	0.3499745826371203	0.38220721659817514	1.0	0.44210621538214456	0.40965616758559437	1.0	1.0
ceb	0.8922857089877789	0.759094972480558	1.0	0.7927996395756627	0.7371430250827904	0.7052769527457325	0.7914997674499941	0.6263449935282457	0.6465193849096786	0.634336319458665	0.7931466221825153	0.796858516007186	0.43921708530990955	0.7095027504876031	0.7699932996814145	0.7914997674499941	0.7914997674499942	0.5577452824121796	0.7927996395756627	0.7927996395756627	0.7927996395756627	0.7634608884960198	0.7317937990823273	0.32758893993691307	0.7351579659767186	0.7914997674499942	0.33369535806896994	0.8374029936051237	0.7655019347685862	0.7931466221825153	0.6664138348917921	0.8080852754493956	-1.0	0.6658104980828783	0.42283378930431725	0.24288339740783782
ckb	1.0	1.0	0.7927996395756627	1.0	1.0	1.0	1.0	0.7584325078215763	0.7863954451402115	1.0	1.0	1.0	1.0	1.0	1.0	1.0	1.0	1.0	1.0	1.0	1.0	1.0	1.0	1.0	1.0	1.0	1.0	0.0	1.0	1.0	1.0	1.0	1.0	1.0	1.0	1.0
da	1.0	0.7690990303325336	0.7371430250827904	1.0	1.0	0.728099120889861	1.0	0.6000128061209576	0.6468909830471344	0.661251134120194	1.0	1.0	1.0	1.0	0.8240243516608119	1.0	1.0	1.0	1.0	1.0	1.0	0.7300208629885034	0.661251134120194	0.6714582047376441	1.0	1.0	0.3584377591482887	1.0	1.0	0.7376607345031152	0.7376607345031153	1.0	0.3188884650096836	1.0	1.0	1.0
de	1.0	0.3481790509143822	0.7052769527457325	1.0	0.728099120889861	1.0	1.0	0.16959569993968301	0.2267786065634042	0.23043046801015724	1.0	1.0	0.728099120889861	0.7263875964832448	0.30028018880767854	0.5624020363072971	1.0	1.0	1.0	1.0	1.0	0.39239377436158535	0.21470071058283063	0.22106345505904826	0.7234532828151788	0.47578642569049134	0.25805921440383317	1.0	1.0	0.3330371765668968	0.5261418875177766	1.0	0.47050585105544596	1.0	1.0	0.6175789494362649
el	1.0	1.0	0.7914997674499941	1.0	1.0	1.0	1.0	1.0	1.0	1.0	1.0	1.0	1.0	1.0	1.0	1.0	1.0	1.0	1.0	1.0	1.0	1.0	1.0	1.0	1.0	1.0	0.4904684674606331	1.0	1.0	1.0	0.7584325078215763	1.0	0.7510341748895938	1.0	1.0	1.0
en	1.0	0.3494434025141744	0.6263449935282457	0.7584325078215763	0.6000128061209576	0.16959569993968301	1.0	1.0	0.14552004855152123	0.16275908330917188	0.6475250169846578	1.0	0.7263875964832448	0.5610040696463681	0.19581689019094303	0.4547725057157581	0.7179915061657696	1.0	1.0	1.0	1.0	0.3320293621624925	0.1494208456431019	0.14336828583209826	0.5961684946801785	0.2438623947998916	0.24470791044173423	1.0	0.5991487567556417	0.273922891031795	0.32317997107536484	1.0	0.342835359386111	0.5412546854189604	1.0	0.4761841869446281
es	1.0	0.3481790509143822	0.6465193849096786	0.7863954451402115	0.6468909830471344	0.2267786065634042	1.0	0.14552004855152123	1.0	0.3613478740335623	0.6487871090048528	1.0	0.6110569957520272	1.0	0.2881019226761392	0.5468526616661363	0.6549329476340925	1.0	1.0	1.0	1.0	0.40126569150730695	0.25787749597619514	0.24842827485786476	0.6005600352739165	0.4739566842138813	0.2655464426528618	1.0	0.6455519993951538	0.3704283632725071	0.3927838102174266	1.0	0.31313866338090557	0.5912384651224016	1.0	0.587537298425513
fr	1.0	0.3628082784840416	0.634336319458665	1.0	0.661251134120194	0.23043046801015724	1.0	0.16275908330917188	0.3613478740335623	1.0	1.0	1.0	0.6468909830471347	1.0	0.34209864570532444	0.6406217872018793	0.612612409469375	1.0	1.0	1.0	1.0	0.34974790856310045	0.3766236019282546	0.2395410400611873	1.0	0.530821074072352	0.24183561240438933	1.0	1.0	0.4012537039309808	0.48717295232550617	1.0	0.2753017757939736	1.0	1.0	0.6414463581614515
he	1.0	0.7584325078215763	0.7931466221825153	1.0	1.0	1.0	1.0	0.6475250169846578	0.6487871090048528	1.0	1.0	1.0	1.0	1.0	0.7199285383279773	1.0	1.0	1.0	1.0	1.0	1.0	0.658925744020971	0.7210092110599265	0.6122131884607099	1.0	1.0	0.28986006458496044	1.0	1.0	0.6380558066189798	0.7263875964832448	1.0	0.8055567530094857	1.0	1.0	1.0
hi	1.0	1.0	0.796858516007186	1.0	1.0	1.0	1.0	1.0	1.0	1.0	1.0	1.0	1.0	1.0	1.0	1.0	1.0	1.0	1.0	1.0	1.0	1.0	1.0	1.0	1.0	1.0	0.4904684674606331	1.0	1.0	1.0	0.7455134344225701	1.0	0.7455134344225701	1.0	1.0	1.0
hu	1.0	0.7690990303325336	0.43921708530990955	1.0	1.0	0.728099120889861	1.0	0.7263875964832448	0.6110569957520272	0.6468909830471347	1.0	1.0	1.0	1.0	0.728099120889861	1.0	1.0	1.0	1.0	1.0	1.0	1.0	0.6189014223491325	0.6049963408257749	1.0	1.0	0.44829136374474965	1.0	1.0	0.7510341748895937	0.7411828468492556	1.0	0.6524007805500077	1.0	1.0	1.0
id	1.0	1.0	0.7095027504876031	1.0	1.0	0.7263875964832448	1.0	0.5610040696463681	1.0	1.0	1.0	1.0	1.0	1.0	1.0	1.0	1.0	1.0	1.0	1.0	1.0	1.0	1.0	0.6638546162332061	0.7411828468492556	1.0	0.3584579399249023	1.0	1.0	1.0	0.7376607345031153	1.0	0.5140957625543255	1.0	1.0	1.0
it	1.0	0.3481790509143822	0.7699932996814145	1.0	0.8240243516608119	0.30028018880767854	1.0	0.19581689019094303	0.2881019226761392	0.34209864570532444	0.7199285383279773	1.0	0.728099120889861	1.0	1.0	0.4720837509201744	1.0	1.0	0.7584325078215763	1.0	1.0	0.4331845767964874	0.2724818788340237	0.25653441675359556	0.7763354016084121	0.5560095975128322	0.24424122560141814	1.0	0.6464097068539042	0.4949177110717149	0.5233093809038408	1.0	0.4532125879215554	0.7210092110599264	1.0	0.6005372740388512
ja	1.0	0.7690990303325336	0.7914997674499941	1.0	1.0	0.5624020363072971	1.0	0.4547725057157581	0.5468526616661363	0.6406217872018793	1.0	1.0	1.0	1.0	0.4720837509201744	1.0	1.0	1.0	1.0	1.0	1.0	0.5665446450931801	0.6370562647493829	0.3514255486407634	1.0	1.0	0.2864355885786482	1.0	1.0	0.7300208629885034	0.7210092110599264	1.0	0.4801675959759302	1.0	1.0	1.0
ko	1.0	1.0	0.7914997674499942	1.0	1.0	1.0	1.0	0.7179915061657696	0.6549329476340925	0.612612409469375	1.0	1.0	1.0	1.0	1.0	1.0	1.0	1.0	1.0	1.0	1.0	1.0	1.0	0.5882745708346903	0.7411828468492556	1.0	0.49218122605686365	1.0	1.0	0.7300208629885034	0.661251134120194	1.0	0.6040033934142504	1.0	1.0	1.0
lv	1.0	1.0	0.5577452824121796	1.0	1.0	1.0	1.0	1.0	1.0	1.0	1.0	1.0	1.0	1.0	1.0	1.0	1.0	1.0	1.0	1.0	1.0	1.0	1.0	1.0	1.0	1.0	0.4904684674606331	1.0	1.0	1.0	0.7584325078215763	1.0	0.6160025752277455	1.0	1.0	1.0
mk	0.0	1.0	0.7927996395756627	1.0	1.0	1.0	1.0	1.0	1.0	1.0	1.0	1.0	1.0	1.0	0.7584325078215763	1.0	1.0	1.0	1.0	0.0	1.0	1.0	0.7584325078215763	1.0	1.0	1.0	1.0	0.0	1.0	1.0	1.0	0.0	1.0	1.0	0.0	1.0
ml	1.0	1.0	0.7927996395756627	1.0	1.0	1.0	1.0	1.0	1.0	1.0	1.0	1.0	1.0	1.0	1.0	1.0	1.0	1.0	0.0	1.0	1.0	1.0	1.0	1.0	1.0	1.0	0.517346181619858	1.0	1.0	1.0	1.0	1.0	0.6131109307903289	1.0	1.0	1.0
mr	1.0	1.0	0.7927996395756627	1.0	1.0	1.0	1.0	1.0	1.0	1.0	1.0	1.0	1.0	1.0	1.0	1.0	1.0	1.0	1.0	1.0	1.0	1.0	1.0	1.0	1.0	1.0	0.8125806012482828	1.0	1.0	1.0	1.0	1.0	1.0	1.0	1.0	1.0
nl	1.0	0.7510341748895939	0.7634608884960198	1.0	0.7300208629885034	0.39239377436158535	1.0	0.3320293621624925	0.40126569150730695	0.34974790856310045	0.658925744020971	1.0	1.0	1.0	0.4331845767964874	0.5665446450931801	1.0	1.0	1.0	1.0	1.0	1.0	0.4192956488122825	0.3641471879502007	0.7263875964832449	0.48232633710419986	0.23339903462373948	1.0	0.6701591524560107	0.3636179523476857	0.5025381545706958	1.0	0.39615528765447466	0.5819274293967764	1.0	0.651610424238932
pl	1.0	0.3628082784840416	0.7317937990823273	1.0	0.661251134120194	0.21470071058283063	1.0	0.1494208456431019	0.25787749597619514	0.3766236019282546	0.7210092110599265	1.0	0.6189014223491325	1.0	0.2724818788340237	0.6370562647493829	1.0	1.0	0.7584325078215763	1.0	1.0	0.4192956488122825	1.0	0.21649028643999424	0.6518815366079532	0.4426643732980378	0.2430324050783203	1.0	1.0	0.405044681310206	0.5945722050313818	1.0	0.376662401032574	0.7199285383279772	1.0	0.6414463581614512
pt	1.0	0.3628082784840416	0.32758893993691307	1.0	0.6714582047376441	0.22106345505904826	1.0	0.14336828583209826	0.24842827485786476	0.2395410400611873	0.6122131884607099	1.0	0.6049963408257749	0.6638546162332061	0.25653441675359556	0.3514255486407634	0.5882745708346903	1.0	1.0	1.0	1.0	0.3641471879502007	0.21649028643999424	1.0	0.6031722582632506	0.3783654647022951	0.26066148975782555	1.0	0.6000128061209576	0.38223392973083953	0.36962473942708807	1.0	0.45209187312020305	0.4568582218924003	1.0	0.38737221502808356
ro	1.0	0.7584325078215763	0.7351579659767186	1.0	1.0	0.7234532828151788	1.0	0.5961684946801785	0.6005600352739165	1.0	1.0	1.0	1.0	0.7411828468492556	0.7763354016084121	1.0	0.7411828468492556	1.0	1.0	1.0	1.0	0.7263875964832449	0.6518815366079532	0.6031722582632506	1.0	1.0	0.2966560561774686	1.0	1.0	0.7347168825662656	0.6487147200910629	1.0	0.7106922308883379	0.7322034805959263	1.0	0.7347168825662656
ru	1.0	0.3481790509143822	0.7914997674499942	1.0	1.0	0.47578642569049134	1.0	0.2438623947998916	0.4739566842138813	0.530821074072352	1.0	1.0	1.0	1.0	0.5560095975128322	1.0	1.0	1.0	1.0	1.0	1.0	0.48232633710419986	0.4426643732980378	0.3783654647022951	1.0	1.0	0.24241432011482972	1.0	1.0	0.5335541319064105	0.6024121817672693	1.0	0.4445854203914269	1.0	1.0	1.0
sh	1.0	0.2819424282259437	0.33369535806896994	1.0	0.3584377591482887	0.25805921440383317	0.4904684674606331	0.24470791044173423	0.2655464426528618	0.24183561240438933	0.28986006458496044	0.4904684674606331	0.44829136374474965	0.3584579399249023	0.24424122560141814	0.2864355885786482	0.49218122605686365	0.4904684674606331	1.0	0.517346181619858	0.8125806012482828	0.23339903462373948	0.2430324050783203	0.26066148975782555	0.2966560561774686	0.24241432011482972	1.0	1.0	0.29997920401317624	0.24762883143930053	0.27867459379461434	1.0	0.33229254586001583	0.29011272005988026	1.0	0.3313978883584008
si	0.0	0.0	0.8374029936051237	0.0	1.0	1.0	1.0	1.0	1.0	1.0	1.0	1.0	1.0	1.0	1.0	1.0	1.0	1.0	0.0	1.0	1.0	1.0	1.0	1.0	1.0	1.0	1.0	1.0	1.0	1.0	1.0	0.0	1.0	1.0	0.0	1.0
simple	1.0	1.0	0.7655019347685862	1.0	1.0	1.0	1.0	0.5991487567556417	0.6455519993951538	1.0	1.0	1.0	1.0	1.0	0.6464097068539042	1.0	1.0	1.0	1.0	1.0	1.0	0.6701591524560107	1.0	0.6000128061209576	1.0	1.0	0.29997920401317624	1.0	1.0	0.6908587525207898	0.7865377663035593	1.0	0.419745982516381	1.0	1.0	1.0
sr	1.0	0.3499745826371203	0.7931466221825153	1.0	0.7376607345031152	0.3330371765668968	1.0	0.273922891031795	0.3704283632725071	0.4012537039309808	0.6380558066189798	1.0	0.7510341748895937	1.0	0.4949177110717149	0.7300208629885034	0.7300208629885034	1.0	1.0	1.0	1.0	0.3636179523476857	0.405044681310206	0.38223392973083953	0.7347168825662656	0.5335541319064105	0.24762883143930053	1.0	0.6908587525207898	1.0	0.476386079424479	1.0	0.596758689454266	0.7300208629885035	1.0	0.6221982196391784
sv	1.0	0.38220721659817514	0.6664138348917921	1.0	0.7376607345031153	0.5261418875177766	0.7584325078215763	0.32317997107536484	0.3927838102174266	0.48717295232550617	0.7263875964832448	0.7455134344225701	0.7411828468492556	0.7376607345031153	0.5233093809038408	0.7210092110599264	0.661251134120194	0.7584325078215763	1.0	1.0	1.0	0.5025381545706958	0.5945722050313818	0.36962473942708807	0.6487147200910629	0.6024121817672693	0.27867459379461434	1.0	0.7865377663035593	0.476386079424479	1.0	1.0	0.6000514284775199	0.7248485669756152	1.0	0.6501445840862391
te	1.0	1.0	0.8080852754493956	1.0	1.0	1.0	1.0	1.0	1.0	1.0	1.0	1.0	1.0	1.0	1.0	1.0	1.0	1.0	0.0	1.0	1.0	1.0	1.0	1.0	1.0	1.0	1.0	0.0	1.0	1.0	1.0	1.0	0.8137822343553781	1.0	1.0	1.0
tr	1.0	0.44210621538214456	-1.0	1.0	0.3188884650096836	0.47050585105544596	0.7510341748895938	0.342835359386111	0.31313866338090557	0.2753017757939736	0.8055567530094857	0.7455134344225701	0.6524007805500077	0.5140957625543255	0.4532125879215554	0.4801675959759302	0.6040033934142504	0.6160025752277455	1.0	0.6131109307903289	1.0	0.39615528765447466	0.376662401032574	0.45209187312020305	0.7106922308883379	0.4445854203914269	0.33229254586001583	1.0	0.419745982516381	0.596758689454266	0.6000514284775199	0.8137822343553781	1.0	0.54610791515304	1.0	0.456920470607439
vi	1.0	0.40965616758559437	0.6658104980828783	1.0	1.0	1.0	1.0	0.5412546854189604	0.5912384651224016	1.0	1.0	1.0	1.0	1.0	0.7210092110599264	1.0	1.0	1.0	1.0	1.0	1.0	0.5819274293967764	0.7199285383279772	0.4568582218924003	0.7322034805959263	1.0	0.29011272005988026	1.0	1.0	0.7300208629885035	0.7248485669756152	1.0	0.54610791515304	1.0	1.0	1.0
war	1.0	1.0	0.42283378930431725	1.0	1.0	1.0	1.0	1.0	1.0	1.0	1.0	1.0	1.0	1.0	1.0	1.0	1.0	1.0	0.0	1.0	1.0	1.0	1.0	1.0	1.0	1.0	1.0	0.0	1.0	1.0	1.0	1.0	1.0	1.0	1.0	1.0
zh	1.0	1.0	0.24288339740783782	1.0	1.0	0.6175789494362649	1.0	0.4761841869446281	0.587537298425513	0.6414463581614515	1.0	1.0	1.0	1.0	0.6005372740388512	1.0	1.0	1.0	1.0	1.0	1.0	0.651610424238932	0.6414463581614512	0.38737221502808356	0.7347168825662656	1.0	0.3313978883584008	1.0	1.0	0.6221982196391784	0.6501445840862391	1.0	0.456920470607439	1.0	1.0	1.0
