arz	bs	ceb	ckb	da	de	el	en	es	fr	he	hi	hu	id	it	ja	ko	lv	mk	ml	mr	nl	pl	pt	ro	ru	sh	si	simple	sr	sv	te	tr	vi	war	zh
arz	0.0	0.0	0.0	0.0	0.0	0.0	0.0	0.0	0.0	0.0	0.0	0.0	0.0	0.0	0.0	0.0	0.0	0.0	0.0	0.0	0.0	0.0	0.0	0.0	0.0	0.0	0.0	0.0	0.0	0.0	0.0	0.0	0.0	0.0	0.0	0.0
bs	0.0	1.0	0.0	0.0	0.0	0.0035576347712560517	0.0030252064130007424	0.014838672011832017	0.00015638089919017034	0.05373267365103151	0.0	0.0	0.0024385957203743574	0.0009334474213514985	0.00014520921296606572	8.941944425815394e-05	0.0020061949536480782	0.0	0.0	0.0	0.0	0.04328032004598014	0.002274825267044705	0.0014368451302002741	0.009422168958499065	0.003001724627240378	0.02278853903232082	0.0	0.0	0.014955906888059109	0.00011172934683023843	0.0	0.0	0.0012390614109811817	0.0	0.0018163804491413474
ceb	0.0	0.0	0.0	0.0	0.0	0.0	0.0	0.0	0.0	0.0	0.0	0.0	0.0	0.0	0.0	0.0	0.0	0.0	0.0	0.0	0.0	0.0	0.0	0.0	0.0	0.0	0.0	0.0	0.0	0.0	0.0	0.0	-1.0	0.0	0.0	0.0
ckb	0.0	0.0	0.0	0.0	0.0	0.0	0.0	0.0	0.0	0.0	0.0	0.0	0.0	0.0	0.0	0.0	0.0	0.0	0.0	0.0	0.0	0.0	0.0	0.0	0.0	0.0	0.0	0.0	0.0	0.0	0.0	0.0	0.0	0.0	0.0	0.0
da	0.0	0.0	0.0	0.0	0.0	0.0	0.0	0.0	0.0	0.0	0.0	0.0	0.0	0.0	0.0	0.0	0.0	0.0	0.0	0.0	0.0	0.0	0.0	0.0	0.0	0.0	0.0	0.0	0.0	0.0	0.0	0.0	0.0	0.0	0.0	0.0
de	0.0	0.0035576347712560517	0.0	0.0	0.0	1.0	0.007699711260827719	0.011607959743824336	0.0017076502732240437	0.0038693599160545644	0.0	0.0	0.006490696668109044	0.0034732272069464545	0.000682360968952576	0.0003487966515521451	0.005619292905642706	0.0	0.0	0.0	0.0	0.003400164145855317	0.0008708904855214457	0.001001001001001001	0.012774888219728078	0.0007577192650123129	0.002315984503958228	0.0	0.0	0.0027002700270027003	0.0	0.0	0.0	0.004122648801855192	0.0	0.0006824385805277526
el	0.0	0.0030252064130007424	0.0	0.0	0.0	0.007699711260827719	1.0	0.02879923836724979	0.0023752969121140144	0.0056268822317324454	0.0	0.0	0.06782215523737754	0.04250255015300918	0.0011862396204033216	0.002438033319788704	0.05101214574898785	0.0	0.0	0.0	0.0	0.0030516616790045676	0.0016710432084029601	0.0013912075681691708	0.07875365533931633	0.0024640657084188913	0.0028712234840368544	0.0	0.0	0.002242596134819603	0.004008016032064128	0.0	0.0	0.022521205030710735	0.0	0.0035140562248995983
en	0.0	0.014838672011832017	0.0	0.0	0.0	0.011607959743824336	0.02879923836724979	1.0	0.001269289865722493	0.02502690131556111	0.0	0.0	0.02421530161844041	0.010283780265555844	0.001269289865722493	0.0010061711832573116	0.02225834688008003	0.0	0.0	0.0	0.0	0.01311878814994727	0.0019856790420602925	0.0015595757953836558	0.09314952079694065	0.003066242406711021	0.0127089923181202	0.0	0.0	0.008645217771941344	0.0012045773940975708	0.0	0.0	0.015081132675787465	0.0	0.0035986581274778896
es	0.0	0.00015638089919017034	0.0	0.0	0.0	0.0017076502732240437	0.0023752969121140144	0.001269289865722493	1.0	0.0001896556395459102	0.0	0.0	0.003088008234688626	0.001310615989515072	0.004366812227074236	0.0	0.00315059861373661	0.0	0.0	0.0	0.0	0.00010279605263157894	0.0005282620179609086	0.0007716049382716049	0.002627179364700263	0.00038774718883288094	0.00023702299123014932	0.0	0.0	0.0001551470017841905	0.0	0.0	0.0	0.0008382229673093043	0.0	0.0
fr	0.0	0.05373267365103151	0.0	0.0	0.0	0.0038693599160545644	0.0056268822317324454	0.02502690131556111	0.0001896556395459102	1.0	0.0	0.0	0.0049481903191050695	0.0018996295048837992	0.00029806259314456036	0.00012202066216546002	0.004032473428403568	0.0	0.0	0.0	0.0	0.04054169078342583	0.002469791528349489	0.0015109779905329874	0.020446767469354737	0.0028037752241045688	0.02934718810460642	0.0	0.0	0.013439096405305339	0.00025750142303417994	0.0	0.0	0.0025735885475309636	0.0	0.0043081027009003
he	0.0	0.0	0.0	0.0	0.0	0.0	0.0	0.0	0.0	0.0	1.0	0.0	0.0	0.0	0.0	0.0196078431372549	0.0	0.0	0.0	0.0	0.0	0.0	0.0	0.0	0.0	0.0	0.0	0.0	0.0	0.0	0.0	0.0	0.0	0.0	0.0	0.0
hi	0.0	0.0	0.0	0.0	0.0	0.0	0.0	0.0	0.0	0.0	0.0	0.0	0.0	0.0	0.0	0.0	0.0	0.0	0.0	0.0	0.0	0.0	0.0	0.0	0.0	0.0	0.0	0.0	0.0	0.0	0.0	0.0	0.0	0.0	0.0	0.0
hu	0.0	0.0024385957203743574	0.0	0.0	0.0	0.006490696668109044	0.06782215523737754	0.02421530161844041	0.003088008234688626	0.0049481903191050695	0.0	0.0	1.0	0.06338329764453962	0.003604531410916581	0.0048	0.10921273031825796	0.0	0.0	0.0	0.0	0.002587888680973046	0.0011083402604599613	0.0013280212483399733	0.11891592920353983	0.0018643672803542299	0.0025041736227045075	0.0	0.0	0.0013706140350877192	0.004704652378463147	0.0	0.0	0.031150442477876107	0.0	0.003821281599059377
id	0.0	0.0009334474213514985	0.0	0.0	0.0	0.0034732272069464545	0.04250255015300918	0.010283780265555844	0.001310615989515072	0.0018996295048837992	0.0	0.0	0.06338329764453962	1.0	0.001310615989515072	0.0	0.06087824351297405	0.0	0.0	0.0	0.0	0.0007121927397037278	0.0008244023083264633	0.000546448087431694	0.03861363107699465	0.0006426735218508997	0.0009253261774775608	0.0	0.0	0.0010437635130097667	0.005457025920873124	0.0	0.0	0.020070838252656435	0.0	0.0022471910112359553
it	0.0	0.00014520921296606572	0.0	0.0	0.0	0.000682360968952576	0.0011862396204033216	0.001269289865722493	0.004366812227074236	0.00029806259314456036	0.0	0.0	0.003604531410916581	0.001310615989515072	1.0	0.012269938650306749	0.0018879798615481435	0.0	0.0	0.0	0.0	0.00010279605263157894	0.0	0.0	0.0013118664281454979	0.0	0.0	0.0	0.0	7.756748371082842e-05	0.0049504950495049506	0.0	0.0	0.0025188916876574307	0.0	0.0
ja	0.0	8.941944425815394e-05	0.0	0.0	0.0	0.0003487966515521451	0.002438033319788704	0.0010061711832573116	0.0	0.00012202066216546002	0.0196078431372549	0.0	0.0048	0.0	0.012269938650306749	1.0	0.0026263952724885093	0.0	0.0	0.0	0.0	0.0001029336078229542	0.0	0.0	0.0019242333132892364	0.0	0.0	0.0	0.0	7.796055196070789e-05	0.0	0.0	0.0	0.001774622892635315	0.0	0.0006134969325153375
ko	0.0	0.0020061949536480782	0.0	0.0	0.0	0.005619292905642706	0.05101214574898785	0.02225834688008003	0.00315059861373661	0.004032473428403568	0.0	0.0	0.10921273031825796	0.06087824351297405	0.0018879798615481435	0.0026263952724885093	1.0	0.0	0.0	0.0	0.0	0.0016825911904332672	0.0015379883112888342	0.0007527286413248024	0.08277851753217931	0.001015744032503809	0.0021415186936735967	0.0	0.0	0.0018272541991707076	0.003848620910840282	0.0	0.0	0.029814665592264304	0.0	0.0029517874713020664
lv	0.0	0.0	0.0	0.0	0.0	0.0	0.0	0.0	0.0	0.0	0.0	0.0	0.0	0.0	0.0	0.0	0.0	0.0	0.0	0.0	0.0	0.0	0.0	0.0	0.0	0.0	0.0	0.0	0.0	0.0	0.0	0.0	0.0	0.0	0.0	0.0
mk	0.0	0.0	0.0	0.0	0.0	0.0	0.0	0.0	0.0	0.0	0.0	0.0	0.0	0.0	0.0	0.0	0.0	0.0	0.0	0.0	0.0	0.0	0.0	0.0	0.0	0.0	0.0	0.0	0.0	0.0	0.0	0.0	0.0	0.0	0.0	0.0
ml	0.0	0.0	0.0	0.0	0.0	0.0	0.0	0.0	0.0	0.0	0.0	0.0	0.0	0.0	0.0	0.0	0.0	0.0	0.0	0.0	0.0	0.0	0.0	0.0	0.0	0.0	0.0	0.0	0.0	0.0	0.0	0.0	0.0	0.0	0.0	0.0
mr	0.0	0.0	0.0	0.0	0.0	0.0	0.0	0.0	0.0	0.0	0.0	0.0	0.0	0.0	0.0	0.0	0.0	0.0	0.0	0.0	0.0	0.0	0.0	0.0	0.0	0.0	0.0	0.0	0.0	0.0	0.0	0.0	0.0	0.0	0.0	0.0
nl	0.0	0.04328032004598014	0.0	0.0	0.0	0.003400164145855317	0.0030516616790045676	0.01311878814994727	0.00010279605263157894	0.04054169078342583	0.0	0.0	0.002587888680973046	0.0007121927397037278	0.00010279605263157894	0.0001029336078229542	0.0016825911904332672	0.0	0.0	0.0	0.0	1.0	0.0024508827162953812	0.0015311467483278265	0.009434968017057569	0.0028515240904621437	0.019909621761201913	0.0	0.0	0.01357316448162415	0.00012342631449024932	0.0	0.0	0.0014938932068234581	0.0	0.0022801368082084926
pl	0.0	0.002274825267044705	0.0	0.0	0.0	0.0008708904855214457	0.0016710432084029601	0.0019856790420602925	0.0005282620179609086	0.002469791528349489	0.0	0.0	0.0011083402604599613	0.0008244023083264633	0.0	0.0	0.0015379883112888342	0.0	0.0	0.0	0.0	0.0024508827162953812	1.0	0.0010141987829614604	0.0016927212984168077	0.0018885741265344666	0.0017602534765006161	0.0	0.0	0.002134104364587636	0.0	0.0	0.0	0.0010507880910683013	0.0	0.0011918951132300357
pt	0.0	0.0014368451302002741	0.0	0.0	0.0	0.001001001001001001	0.0013912075681691708	0.0015595757953836558	0.0007716049382716049	0.0015109779905329874	0.0	0.0	0.0013280212483399733	0.000546448087431694	0.0	0.0	0.0007527286413248024	0.0	0.0	0.0	0.0	0.0015311467483278265	0.0010141987829614604	1.0	0.0016936593627606647	0.000823271130625686	0.0012647364379601608	0.0	0.0	0.001578418711436361	0.0007880220646178094	0.0	0.045454545454545456	0.001328609388839681	0.0	0.002176278563656148
ro	0.0	0.009422168958499065	0.0	0.0	0.0	0.012774888219728078	0.07875365533931633	0.09314952079694065	0.002627179364700263	0.020446767469354737	0.0	0.0	0.11891592920353983	0.03861363107699465	0.0013118664281454979	0.0019242333132892364	0.08277851753217931	0.0	0.0	0.0	0.0	0.009434968017057569	0.0016927212984168077	0.0016936593627606647	1.0	0.001771231471986576	0.009625004312277918	0.0	0.0	0.0065481311538093875	0.0022754491017964074	0.0	0.0	0.048034934497816595	0.0	0.006531945294958155
ru	0.0	0.003001724627240378	0.0	0.0	0.0	0.0007577192650123129	0.0024640657084188913	0.003066242406711021	0.00038774718883288094	0.0028037752241045688	0.0	0.0	0.0018643672803542299	0.0006426735218508997	0.0	0.0	0.001015744032503809	0.0	0.0	0.0	0.0	0.0028515240904621437	0.0018885741265344666	0.000823271130625686	0.001771231471986576	1.0	0.002650932101932615	0.0	0.0	0.00203786484354457	0.00039184952978056425	0.0	0.0	0.0014128284826222096	0.0	0.0017331022530329288
sh	0.0	0.02278853903232082	0.0	0.0	0.0	0.002315984503958228	0.0028712234840368544	0.0127089923181202	0.00023702299123014932	0.02934718810460642	0.0	0.0	0.0025041736227045075	0.0009253261774775608	0.0	0.0	0.0021415186936735967	0.0	0.0	0.0	0.0	0.019909621761201913	0.0017602534765006161	0.0012647364379601608	0.009625004312277918	0.002650932101932615	1.0	0.0	0.0	0.010777475077088884	9.491718475630013e-05	0.0	0.0	0.0019981834695731154	0.0	0.002398720682302772
si	0.0	0.0	0.0	0.0	0.0	0.0	0.0	0.0	0.0	0.0	0.0	0.0	0.0	0.0	0.0	0.0	0.0	0.0	0.0	0.0	0.0	0.0	0.0	0.0	0.0	0.0	0.0	0.0	0.0	0.0	0.0	0.0	0.0	0.0	0.0	0.0
simple	0.0	0.0	0.0	0.0	0.0	0.0	0.0	0.0	0.0	0.0	0.0	0.0	0.0	0.0	0.0	0.0	0.0	0.0	0.0	0.0	0.0	0.0	0.0	0.0	0.0	0.0	0.0	0.0	0.0	0.0	0.0	0.0	0.0	0.0	0.0	0.0
sr	0.0	0.014955906888059109	0.0	0.0	0.0	0.0027002700270027003	0.002242596134819603	0.008645217771941344	0.0001551470017841905	0.013439096405305339	0.0	0.0	0.0013706140350877192	0.0010437635130097667	7.756748371082842e-05	7.796055196070789e-05	0.0018272541991707076	0.0	0.0	0.0	0.0	0.01357316448162415	0.002134104364587636	0.001578418711436361	0.0065481311538093875	0.00203786484354457	0.010777475077088884	0.0	0.0	1.0	7.773027594247959e-05	0.0	0.0	0.0016625704785311552	0.0	0.0018838961763885012
sv	0.0	0.00011172934683023843	0.0	0.0	0.0	0.0	0.004008016032064128	0.0012045773940975708	0.0	0.00025750142303417994	0.0	0.0	0.004704652378463147	0.005457025920873124	0.0049504950495049506	0.0	0.003848620910840282	0.0	0.0	0.0	0.0	0.00012342631449024932	0.0	0.0007880220646178094	0.0022754491017964074	0.00039184952978056425	9.491718475630013e-05	0.0	0.0	7.773027594247959e-05	1.0	0.0	0.0	0.0017167381974248926	0.0	0.0
te	0.0	0.0	0.0	0.0	0.0	0.0	0.0	0.0	0.0	0.0	0.0	0.0	0.0	0.0	0.0	0.0	0.0	0.0	0.0	0.0	0.0	0.0	0.0	0.0	0.0	0.0	0.0	0.0	0.0	0.0	0.0	0.0	0.0	0.0	0.0	0.0
tr	0.0	0.0	-1.0	0.0	0.0	0.0	0.0	0.0	0.0	0.0	0.0	0.0	0.0	0.0	0.0	0.0	0.0	0.0	0.0	0.0	0.0	0.0	0.0	0.045454545454545456	0.0	0.0	0.0	0.0	0.0	0.0	0.0	0.0	1.0	0.0	0.0	0.0
vi	0.0	0.0012390614109811817	0.0	0.0	0.0	0.004122648801855192	0.022521205030710735	0.015081132675787465	0.0008382229673093043	0.0025735885475309636	0.0	0.0	0.031150442477876107	0.020070838252656435	0.0025188916876574307	0.001774622892635315	0.029814665592264304	0.0	0.0	0.0	0.0	0.0014938932068234581	0.0010507880910683013	0.001328609388839681	0.048034934497816595	0.0014128284826222096	0.0019981834695731154	0.0	0.0	0.0016625704785311552	0.0017167381974248926	0.0	0.0	1.0	0.0	0.0015060240963855422
war	0.0	0.0	0.0	0.0	0.0	0.0	0.0	0.0	0.0	0.0	0.0	0.0	0.0	0.0	0.0	0.0	0.0	0.0	0.0	0.0	0.0	0.0	0.0	0.0	0.0	0.0	0.0	0.0	0.0	0.0	0.0	0.0	0.0	0.0	1.0	0.0
zh	0.0	0.0018163804491413474	0.0	0.0	0.0	0.0006824385805277526	0.0035140562248995983	0.0035986581274778896	0.0	0.0043081027009003	0.0	0.0	0.003821281599059377	0.0022471910112359553	0.0	0.0006134969325153375	0.0029517874713020664	0.0	0.0	0.0	0.0	0.0022801368082084926	0.0011918951132300357	0.002176278563656148	0.006531945294958155	0.0017331022530329288	0.002398720682302772	0.0	0.0	0.0018838961763885012	0.0	0.0	0.0	0.0015060240963855422	0.0	1.0
