arz	bs	ceb	ckb	da	de	el	en	es	fr	he	hi	hu	id	it	ja	ko	lv	mk	ml	mr	nl	pl	pt	ro	ru	sh	si	simple	sr	sv	te	tr	vi	war	zh
arz	0.5	0.5	0.0	0.5	0.5	0.5	0.5	0.5	0.5	0.5	0.5	0.5	0.5	0.5	0.5	0.5	0.5	0.5	0.5	0.5	0.5	0.5	0.5	0.5	0.5	0.5	0.5	1.0	0.5	0.5	0.5	0.5	0.5	0.5	0.5	0.5
bs	0.5	0.0012877054730538674	1.0	1.0	0.2	0.002668837470202412	0.012703411877664527	0.004211854872149417	0.006452112382934443	0.0017165263765682706	0.07692307692307693	1.0	0.013932424217528135	0.020030446867294945	0.013891397184027971	0.015385562130177513	0.013184788220350073	1.0	0.0011918951132300357	1.0	0.3333333333333333	0.0011860258212782477	0.0012287669032215735	0.0012332859039167134	0.009004301323553659	0.0012184349127605206	0.0013898272561487222	0.3333333333333333	0.25	0.0011634035652025123	0.014928492314546671	0.5	0.14285714285714285	0.007698940478348466	0.25	0.0020928339052975566
ceb	0.0	1.0	0.3333333333333333	0.0	1.0	0.5	0.0	0.3333333333333333	0.5	1.0	0.5	0.5	1.0	0.5	0.5	0.5	0.5	1.0	1.0	1.0	0.0	1.0	1.0	0.5	0.5	0.5	1.0	0.5	1.0	1.0	1.0	0.0	-1.0	0.5	1.0	0.5
ckb	0.5	1.0	0.0	1.0	0.0	1.0	1.0	1.0	0.0	1.0	0.0	0.0	0.0	0.0	0.0	1.0	0.0	0.0	1.0	0.0	0.3333333333333333	1.0	1.0	1.0	0.0	1.0	1.0	0.3333333333333333	0.0	1.0	1.0	0.5	0.125	0.0	0.25	1.0
da	0.5	0.2	1.0	0.0	0.2	0.25	0.5	0.25	0.25	0.25	0.3333333333333333	1.0	0.3333333333333333	0.5	0.25	0.25	0.25	1.0	0.3333333333333333	1.0	0.3333333333333333	0.25	0.25	0.25	0.3333333333333333	0.25	0.3333333333333333	0.3333333333333333	0.5	0.25	0.3333333333333333	0.5	0.16666666666666666	0.25	0.25	0.25
de	0.5	0.002668837470202412	0.5	1.0	0.25	0.002589452564694437	0.013340268977955554	0.004743832936527664	0.006802859919477994	0.003865032949617452	0.05555555555555555	1.0	0.014711290874134947	0.020835938368489584	0.013158067867036011	0.013513513513513514	0.01316205159366378	1.0	0.002702702702702703	1.0	0.3333333333333333	0.002696580771993977	0.002638557236443634	0.0026246925827184985	0.009187291919739972	0.0028249704746401098	0.0035345430084281234	0.3333333333333333	0.25	0.002674097093146794	0.01449317370300357	0.5	0.07142857142857142	0.00806575182101977	0.25	0.004292011273001897
el	0.5	0.012703411877664527	0.0	1.0	0.5	0.013340268977955554	0.013057711092205963	0.01359988192835433	0.015152892561983471	0.01359693080321705	0.2	1.0	0.02187606554922334	0.028651640554920556	0.035719389030612246	0.025646287311637074	0.022316919500545165	1.0	0.012658227848101266	1.0	0.3333333333333333	0.012846046811107983	0.012659670084922286	0.012821170282708743	0.0181185605798409	0.014706963667820068	0.014103579887181986	0.3333333333333333	1.0	0.012664158789296746	0.02857959428653061	0.5	0.125	0.017879493981881465	0.25	0.013892168981481481
en	0.5	0.004211854872149417	0.3333333333333333	1.0	0.25	0.004743832936527664	0.01359988192835433	0.004147175983711622	0.0066232621376255425	0.004699176591806497	0.05000249999999999	1.0	0.013771069174062942	0.019664521425858464	0.012661754046307162	0.013160492382617725	0.012551305724753539	1.0	0.00425531914893617	1.0	0.3333333333333333	0.004200126764763059	0.00396877369931028	0.004016403025806084	0.008922937000537796	0.004386715297014465	0.004726255889402198	0.3333333333333333	0.25	0.004205603420823725	0.015876795918367347	0.5	0.05555555555555555	0.007648532533324366	0.25	0.0049274919558349875
es	0.5	0.006452112382934443	0.5	0.0	0.25	0.006802859919477994	0.015152892561983471	0.0066232621376255425	0.006139300313938311	0.006494602968502276	0.07692307692307693	1.0	0.014086490775639752	0.0200012	0.016667222222222222	0.01587326782564878	0.012988193961882274	1.0	0.006493506493506494	1.0	0.3333333333333333	0.006410461867192636	0.006172839506172839	0.006289308176100629	0.009176753135257974	0.007246376811594203	0.0070923494794024435	0.3333333333333333	0.25	0.006535947712418301	0.019230769230769232	0.5	0.07142857142857142	0.008621284185493459	0.25	0.006756756756756757
fr	0.5	0.0017165263765682706	1.0	1.0	0.25	0.003865032949617452	0.01359693080321705	0.004699176591806497	0.006494602968502276	0.0018857889904275054	0.07143367346938775	1.0	0.01395769890480294	0.020048515464614225	0.01370163332726609	0.014287143469591835	0.01254311204632713	1.0	0.0017301038062283738	1.0	0.3333333333333333	0.001699971472825363	0.0016783986645140029	0.0016838191851256702	0.008986665239978275	0.001742907225549148	0.0017324869361347844	0.3333333333333333	0.25	0.0017012652004755671	0.014929385164625306	0.5	0.06666666666666667	0.008142196407344307	0.25	0.002084684097804202
he	0.5	0.07692307692307693	0.5	0.0	0.3333333333333333	0.05555555555555555	0.2	0.05000249999999999	0.07692307692307693	0.07143367346938775	0.050004999999999994	1.0	0.25	0.5	0.0625	0.08333333333333333	0.1111111111111111	1.0	0.07692307692307693	1.0	0.3333333333333333	0.07692307692307693	0.05	0.05263157894736842	0.14285714285714285	0.05	0.1111111111111111	0.3333333333333333	0.5	0.07692899408284024	0.16666666666666666	0.5	0.1	0.14285714285714285	0.25	0.07142857142857142
hi	0.5	1.0	0.5	0.0	1.0	1.0	1.0	1.0	1.0	1.0	1.0	1.0	1.0	1.0	1.0	1.0	1.0	1.0	1.0	1.0	0.3333333333333333	1.0	1.0	1.0	1.0	1.0	0.0	0.3333333333333333	1.0	1.0	1.0	0.5	0.125	1.0	0.25	1.0
hu	0.5	0.013932424217528135	1.0	0.0	0.3333333333333333	0.014711290874134947	0.02187606554922334	0.013771069174062942	0.014086490775639752	0.01395769890480294	0.25	1.0	0.013856940051604236	0.022809691120448197	0.029414359861591695	0.02325743645213629	0.015223248390292007	1.0	0.014084507042253521	1.0	0.3333333333333333	0.013720811480147366	0.013699381122537437	0.014084903788930767	0.014300826693785473	0.01587553539934492	0.014938750063493208	0.3333333333333333	0.5	0.01408986490855009	0.027783179012345678	0.5	0.125	0.014728192096105678	0.25	0.013515340029218404
id	0.5	0.020030446867294945	0.5	0.0	0.5	0.020835938368489584	0.028651640554920556	0.019664521425858464	0.0200012	0.020048515464614225	0.5	1.0	0.022809691120448197	0.01986060635573933	0.043482043478260866	0.026317867728531855	0.022284616287271897	1.0	0.02	1.0	0.3333333333333333	0.020014008403201597	0.0196078431372549	0.020000399999999998	0.021900515741265402	0.022728305785123963	0.020841582032552083	0.3333333333333333	0.3333333333333333	0.020005202400399998	0.030306703397612485	0.5	0.1111111111111111	0.02175710493481575	0.25	0.0200016004
it	0.5	0.013891397184027971	0.5	0.0	0.25	0.013158067867036011	0.035719389030612246	0.012661754046307162	0.016667222222222222	0.01370163332726609	0.0625	1.0	0.029414359861591695	0.043482043478260866	0.011378505317695808	0.021739130434782608	0.027783179784722993	1.0	0.014084507042253521	1.0	0.3333333333333333	0.013514609203798393	0.011904903628117915	0.012345679012345678	0.024400359906605003	0.0125	0.01666805583333333	0.3333333333333333	0.25	0.014084507042253521	0.02857142857142857	0.5	0.06666666666666667	0.023811224489795918	0.25	0.01428591836734694
ja	0.5	0.015385562130177513	0.5	1.0	0.25	0.013513513513513514	0.025646287311637074	0.013160492382617725	0.01587326782564878	0.014287143469591835	0.08333333333333333	1.0	0.02325743645213629	0.026317867728531855	0.021739130434782608	0.013166557828948579	0.0212779538252603	1.0	0.015625	1.0	0.3333333333333333	0.015625976562499998	0.013157894736842105	0.013333333333333334	0.020838976128472225	0.013513696128560994	0.017857461734693877	0.3333333333333333	0.5	0.015625244140625	0.022222222222222223	0.5	0.06666666666666667	0.0212779538252603	0.25	0.014492963663095989
ko	0.5	0.013184788220350073	0.5	0.0	0.25	0.01316205159366378	0.022316919500545165	0.012551305724753539	0.012988193961882274	0.01254311204632713	0.1111111111111111	1.0	0.015223248390292007	0.022284616287271897	0.027783179784722993	0.0212779538252603	0.012574974239589188	1.0	0.013333333333333334	1.0	0.3333333333333333	0.013171240841605805	0.012658548309565774	0.0125003125	0.01403844576424275	0.015152203856749308	0.013707267031338713	0.3333333333333333	0.5	0.01333831324533351	0.02778395216126543	0.5	0.07692307692307693	0.013905690416310613	0.25	0.0125009375
lv	0.5	1.0	1.0	0.0	1.0	1.0	1.0	1.0	1.0	1.0	1.0	1.0	1.0	1.0	1.0	1.0	1.0	1.0	1.0	1.0	0.3333333333333333	1.0	1.0	1.0	1.0	1.0	0.0	0.3333333333333333	1.0	1.0	1.0	0.5	0.14285714285714285	1.0	0.25	1.0
mk	0.5	0.0011918951132300357	1.0	1.0	0.3333333333333333	0.002702702702702703	0.012658227848101266	0.00425531914893617	0.006493506493506494	0.0017301038062283738	0.07692307692307693	1.0	0.014084507042253521	0.02	0.014084507042253521	0.015625	0.013333333333333334	1.0	0.0011904761904761906	1.0	0.3333333333333333	0.001199040767386091	0.0012515644555694619	0.0012531328320802004	0.008928571428571428	0.0012406947890818859	0.001430615164520744	0.3333333333333333	0.25	0.0011947431302270011	0.015151515151515152	0.5	0.125	0.0078125	0.25	0.002145922746781116
ml	0.5	1.0	1.0	0.0	1.0	1.0	1.0	1.0	1.0	1.0	1.0	1.0	1.0	1.0	1.0	1.0	1.0	1.0	1.0	1.0	0.3333333333333333	1.0	1.0	1.0	1.0	1.0	0.0	0.3333333333333333	1.0	1.0	1.0	0.5	0.2	1.0	0.25	1.0
mr	0.5	0.3333333333333333	0.0	0.3333333333333333	0.3333333333333333	0.3333333333333333	0.3333333333333333	0.3333333333333333	0.3333333333333333	0.3333333333333333	0.3333333333333333	0.3333333333333333	0.3333333333333333	0.3333333333333333	0.3333333333333333	0.3333333333333333	0.3333333333333333	0.3333333333333333	0.3333333333333333	0.3333333333333333	0.3333333333333333	0.3333333333333333	0.3333333333333333	0.3333333333333333	0.3333333333333333	0.3333333333333333	0.3333333333333333	1.0	0.3333333333333333	0.3333333333333333	0.3333333333333333	0.5	0.3333333333333333	0.3333333333333333	0.3333333333333333	0.3333333333333333
nl	0.5	0.0011860258212782477	1.0	1.0	0.25	0.002696580771993977	0.012846046811107983	0.004200126764763059	0.006410461867192636	0.001699971472825363	0.07692307692307693	1.0	0.013720811480147366	0.020014008403201597	0.013514609203798393	0.015625976562499998	0.013171240841605805	1.0	0.001199040767386091	1.0	0.3333333333333333	0.0012446036785976754	0.001230242306375943	0.001233173356179899	0.008971020782291755	0.0012153414972768046	0.0014151477724444654	0.3333333333333333	0.25	0.001184633424500477	0.014707396410034603	0.5	0.07142857142857142	0.007756267473470285	0.25	0.0020880924551715083
pl	0.5	0.0012287669032215735	1.0	1.0	0.25	0.002638557236443634	0.012659670084922286	0.00396877369931028	0.006172839506172839	0.0016783986645140029	0.05	1.0	0.013699381122537437	0.0196078431372549	0.011904903628117915	0.013157894736842105	0.012658548309565774	1.0	0.0012515644555694619	1.0	0.3333333333333333	0.001230242306375943	0.0012088668306314792	0.0012239962006864531	0.008773546014389197	0.0012484472436919516	0.0014793927908686663	0.3333333333333333	0.25	0.0012346136274958082	0.014492753623188406	0.5	0.09090909090909091	0.007633704329584524	0.25	0.002066124240147531
pt	0.5	0.0012332859039167134	0.5	1.0	0.25	0.0026246925827184985	0.012821170282708743	0.004016403025806084	0.006289308176100629	0.0016838191851256702	0.05263157894736842	1.0	0.014084903788930767	0.020000399999999998	0.012345679012345678	0.013333333333333334	0.0125003125	1.0	0.0012531328320802004	1.0	0.3333333333333333	0.001233173356179899	0.0012239962006864531	0.0012168144913325804	0.008850575769441616	0.0012594506024402158	0.0014815385525399172	0.3333333333333333	0.25	0.0012391926912747654	0.014492753623188406	0.5	0.0625	0.0076924260355029596	0.25	0.002074693101014101
ro	0.5	0.009004301323553659	0.5	0.0	0.3333333333333333	0.009187291919739972	0.0181185605798409	0.008922937000537796	0.009176753135257974	0.008986665239978275	0.14285714285714285	1.0	0.014300826693785473	0.021900515741265402	0.024400359906605003	0.020838976128472225	0.01403844576424275	1.0	0.008928571428571428	1.0	0.3333333333333333	0.008971020782291755	0.008773546014389197	0.008850575769441616	0.009459006736873174	0.010991547277019684	0.009283841984218858	0.3333333333333333	0.3333333333333333	0.008940305183454823	0.024401549672813796	0.5	0.1	0.009475087694081352	0.25	0.00877624069036665
ru	0.5	0.0012184349127605206	0.5	1.0	0.25	0.0028249704746401098	0.014706963667820068	0.004386715297014465	0.007246376811594203	0.001742907225549148	0.05	1.0	0.01587553539934492	0.022728305785123963	0.0125	0.013513696128560994	0.015152203856749308	1.0	0.0012406947890818859	1.0	0.3333333333333333	0.0012153414972768046	0.0012484472436919516	0.0012594506024402158	0.010991547277019684	0.001199709602409708	0.001470752614621539	0.3333333333333333	0.25	0.0012240501356576656	0.014492963663095989	0.5	0.06666666666666667	0.009345881736396193	0.25	0.0021645209047806446
sh	0.5	0.0013898272561487222	1.0	1.0	0.3333333333333333	0.0035345430084281234	0.014103579887181986	0.004726255889402198	0.0070923494794024435	0.0017324869361347844	0.1111111111111111	0.0	0.014938750063493208	0.020841582032552083	0.01666805583333333	0.017857461734693877	0.013707267031338713	0.0	0.001430615164520744	0.0	0.3333333333333333	0.0014151477724444654	0.0014793927908686663	0.0014815385525399172	0.009283841984218858	0.001470752614621539	0.001424471147857233	0.3333333333333333	0.5	0.0013895373303684912	0.016667500000000002	0.5	0.125	0.008335417987153612	0.25	0.0021370078301921245
si	1.0	0.3333333333333333	0.5	0.3333333333333333	0.3333333333333333	0.3333333333333333	0.3333333333333333	0.3333333333333333	0.3333333333333333	0.3333333333333333	0.3333333333333333	0.3333333333333333	0.3333333333333333	0.3333333333333333	0.3333333333333333	0.3333333333333333	0.3333333333333333	0.3333333333333333	0.3333333333333333	0.3333333333333333	1.0	0.3333333333333333	0.3333333333333333	0.3333333333333333	0.3333333333333333	0.3333333333333333	0.3333333333333333	0.3333333333333333	0.3333333333333333	0.3333333333333333	0.3333333333333333	1.0	0.3333333333333333	0.3333333333333333	0.5	0.3333333333333333
simple	0.5	0.25	1.0	0.0	0.5	0.25	1.0	0.25	0.25	0.25	0.5	1.0	0.5	0.3333333333333333	0.25	0.5	0.5	1.0	0.25	1.0	0.3333333333333333	0.25	0.25	0.25	0.3333333333333333	0.25	0.5	0.3333333333333333	0.25	0.25	0.3333333333333333	0.5	0.1111111111111111	0.3333333333333333	0.25	0.25
sr	0.5	0.0011634035652025123	1.0	1.0	0.25	0.002674097093146794	0.012664158789296746	0.004205603420823725	0.006535947712418301	0.0017012652004755671	0.07692899408284024	1.0	0.01408986490855009	0.020005202400399998	0.014084507042253521	0.015625244140625	0.01333831324533351	1.0	0.0011947431302270011	1.0	0.3333333333333333	0.001184633424500477	0.0012346136274958082	0.0012391926912747654	0.008940305183454823	0.0012240501356576656	0.0013895373303684912	0.3333333333333333	0.25	0.001177548937063321	0.015151744719926538	0.5	0.1	0.00775356066342167	0.25	0.002105378402216066
sv	0.5	0.014928492314546671	1.0	1.0	0.3333333333333333	0.01449317370300357	0.02857959428653061	0.015876795918367347	0.019230769230769232	0.014929385164625306	0.16666666666666666	1.0	0.027783179012345678	0.030306703397612485	0.02857142857142857	0.022222222222222223	0.02778395216126543	1.0	0.015151515151515152	1.0	0.3333333333333333	0.014707396410034603	0.014492753623188406	0.014492753623188406	0.024401549672813796	0.014492963663095989	0.016667500000000002	0.3333333333333333	0.3333333333333333	0.015151744719926538	0.014303697790253339	0.5	0.07692307692307693	0.02439321891731112	0.25	0.015873015873015872
te	0.5	0.5	0.0	0.5	0.5	0.5	0.5	0.5	0.5	0.5	0.5	0.5	0.5	0.5	0.5	0.5	0.5	0.5	0.5	0.5	0.5	0.5	0.5	0.5	0.5	0.5	0.5	1.0	0.5	0.5	0.5	0.5	0.5	0.5	0.5	0.5
tr	0.5	0.14285714285714285	-1.0	0.125	0.16666666666666666	0.07142857142857142	0.125	0.05555555555555555	0.07142857142857142	0.06666666666666667	0.1	0.125	0.125	0.1111111111111111	0.06666666666666667	0.06666666666666667	0.07692307692307693	0.14285714285714285	0.125	0.2	0.3333333333333333	0.07142857142857142	0.09090909090909091	0.0625	0.1	0.06666666666666667	0.125	0.3333333333333333	0.1111111111111111	0.1	0.07692307692307693	0.5	0.055574074074074074	0.1111111111111111	0.25	0.0625
vi	0.5	0.007698940478348466	0.5	0.0	0.25	0.00806575182101977	0.017879493981881465	0.007648532533324366	0.008621284185493459	0.008142196407344307	0.14285714285714285	1.0	0.014728192096105678	0.02175710493481575	0.023811224489795918	0.0212779538252603	0.013905690416310613	1.0	0.0078125	1.0	0.3333333333333333	0.007756267473470285	0.007633704329584524	0.0076924260355029596	0.009475087694081352	0.009345881736396193	0.008335417987153612	0.3333333333333333	0.3333333333333333	0.00775356066342167	0.02439321891731112	0.5	0.1111111111111111	0.007696981828428425	0.25	0.008130610152686893
war	0.5	0.25	1.0	0.25	0.25	0.25	0.25	0.25	0.25	0.25	0.25	0.25	0.25	0.25	0.25	0.25	0.25	0.25	0.25	0.25	0.3333333333333333	0.25	0.25	0.25	0.25	0.25	0.25	0.5	0.25	0.25	0.25	0.5	0.25	0.25	0.25006256256256254	0.25
zh	0.5	0.0020928339052975566	0.5	1.0	0.25	0.004292011273001897	0.013892168981481481	0.0049274919558349875	0.006756756756756757	0.002084684097804202	0.07142857142857142	1.0	0.013515340029218404	0.0200016004	0.01428591836734694	0.014492963663095989	0.0125009375	1.0	0.002145922746781116	1.0	0.3333333333333333	0.0020880924551715083	0.002066124240147531	0.002074693101014101	0.00877624069036665	0.0021645209047806446	0.0021370078301921245	0.3333333333333333	0.25	0.002105378402216066	0.015873015873015872	0.5	0.0625	0.008130610152686893	0.25	0.002055841032790819
