arz	bs	ceb	ckb	da	de	el	en	es	fr	he	hi	hu	id	it	ja	ko	lv	mk	ml	mr	nl	pl	pt	ro	ru	sh	si	simple	sr	sv	te	vi	war	zh
arz	1.0	1.0	0.0	0.0	1.0	1.0	0.585786437626905	0.585786437626905	0.585786437626905	0.0	1.0	0.0	1.0	1.0	0.585786437626905	0.585786437626905	0.585786437626905	1.0	1.0	0.0	0.0	0.585786437626905	0.5	1.0	1.0	0.585786437626905	1.0	0.0	1.0	1.0	1.0	0.0	0.5	0.0	0.5
bs	1.0	1.0	0.5	1.0	0.3660254037844386	0.38742588672279304	0.585786437626905	0.3660254037844386	0.38742588672279304	0.34833147735478825	0.4142135623730951	0.5	0.38742588672279304	0.38742588672279304	0.38742588672279304	0.38742588672279304	0.38742588672279304	0.44948974278317805	0.585786437626905	0.5	1.0	0.38742588672279304	0.38742588672279304	0.38742588672279304	0.3660254037844386	0.38742588672279304	0.4142135623730951	1.0	0.5	0.38742588672279304	0.38742588672279304	1.0	0.38742588672279304	0.585786437626905	0.38742588672279304
ceb	0.0	0.5	1.0	0.5	0.5	0.5	0.585786437626905	0.5	0.5	0.5	0.585786437626905	0.585786437626905	0.5	0.5	0.5	0.5	0.5	0.5	0.5	0.585786437626905	0.585786437626905	0.5	0.5	0.5	0.5	0.5	0.5	0.0	0.5	0.5	0.5	1.0	0.5	0.585786437626905	0.5
ckb	0.0	1.0	0.5	1.0	1.0	1.0	1.0	1.0	1.0	1.0	1.0	1.0	1.0	1.0	1.0	1.0	1.0	1.0	1.0	1.0	1.0	1.0	1.0	1.0	1.0	1.0	1.0	0.0	1.0	1.0	1.0	1.0	1.0	1.0	1.0
da	1.0	0.3660254037844386	0.5	1.0	1.0	0.32449979983983984	1.0	0.23441237831492112	0.2928060946961875	0.28436465220442186	0.4364916731037085	0.5	0.4364916731037085	0.2612038749637414	0.3021694792519622	0.44948974278317805	0.44948974278317805	0.585786437626905	1.0	1.0	1.0	0.3483314773547883	0.36602540378443865	0.32449979983983984	0.38742588672279304	0.32449979983983984	0.4142135623730951	1.0	0.44948974278317805	0.5	0.32449979983983984	1.0	0.5	1.0	0.36602540378443865
de	1.0	0.38742588672279304	0.5	1.0	0.32449979983983984	1.0	1.0	0.05740286066321875	0.3203772410170407	0.21290885543182675	1.0	1.0	0.5	0.26533119314590375	0.1646685970862189	0.36602540378443865	1.0	1.0	1.0	1.0	1.0	0.3203772410170407	0.25355482027512377	0.2449655295864104	0.5	0.5	0.44948974278317805	1.0	0.4142135623730951	0.38742588672279304	0.31264808514230086	1.0	0.4142135623730951	1.0	1.0
el	0.585786437626905	0.585786437626905	0.585786437626905	1.0	1.0	1.0	1.0	1.0	1.0	0.585786437626905	1.0	1.0	1.0	0.585786437626905	1.0	1.0	1.0	1.0	1.0	1.0	1.0	1.0	1.0	1.0	1.0	1.0	1.0	0.0	1.0	1.0	1.0	1.0	0.585786437626905	1.0	1.0
en	0.585786437626905	0.3660254037844386	0.5	1.0	0.23441237831492112	0.05740286066321875	1.0	1.0	0.04160124457283155	0.0538693916195509	0.22966848451216434	0.585786437626905	0.23166247903554	0.18740785910953592	0.08750938804269284	0.11803350620948265	0.252650308587072	0.585786437626905	0.585786437626905	0.585786437626905	1.0	0.08689657435581485	0.09543765259371806	0.09063282419073414	0.3164309725825327	0.09804705227488252	0.1119287675711687	1.0	0.3333333333333333	0.09811954870673528	0.11691080255188942	1.0	0.06525417082835927	1.0	0.09079660976785556
es	0.585786437626905	0.38742588672279304	0.5	1.0	0.2928060946961875	0.3203772410170407	1.0	0.04160124457283155	1.0	0.2061257833323215	0.585786437626905	1.0	0.44948974278317805	0.2204812092115424	0.20575912324631343	0.44948974278317805	0.585786437626905	1.0	1.0	1.0	1.0	0.34833147735478825	0.2466060555964672	0.24179033438163736	0.5	0.38742588672279304	0.585786437626905	1.0	0.4142135623730951	0.585786437626905	0.28989794855663564	1.0	0.24257131419419417	1.0	0.4142135623730951
fr	0.0	0.34833147735478825	0.5	1.0	0.28436465220442186	0.21290885543182675	0.585786437626905	0.0538693916195509	0.2061257833323215	1.0	0.3660254037844386	0.5	0.3090169943749474	0.21604850763119507	0.16778977572266515	0.27429188517743175	0.3090169943749474	0.5	0.5	0.585786437626905	1.0	0.23582845781094	0.2204812092115424	0.18660549686337075	0.4142135623730951	0.27429188517743175	0.3660254037844386	1.0	0.3203772410170407	0.3203772410170407	0.23582845781094	1.0	0.23166247903554	1.0	0.2898979485566356
he	1.0	0.4142135623730951	0.585786437626905	1.0	0.4364916731037085	1.0	1.0	0.22966848451216434	0.585786437626905	0.3660254037844386	1.0	1.0	1.0	0.5	0.5	1.0	1.0	1.0	1.0	1.0	1.0	0.585786437626905	0.585786437626905	0.585786437626905	0.5	1.0	1.0	1.0	1.0	1.0	0.5	1.0	0.5	1.0	1.0
hi	0.0	0.5	0.585786437626905	1.0	0.5	1.0	1.0	0.585786437626905	1.0	0.5	1.0	1.0	1.0	0.5	1.0	1.0	1.0	1.0	1.0	1.0	1.0	1.0	1.0	1.0	0.585786437626905	1.0	1.0	1.0	1.0	1.0	0.585786437626905	1.0	1.0	1.0	1.0
hu	1.0	0.38742588672279304	0.5	1.0	0.4364916731037085	0.5	1.0	0.23166247903554	0.44948974278317805	0.3090169943749474	1.0	1.0	1.0	0.32449979983983984	0.4142135623730951	0.5	0.585786437626905	1.0	1.0	1.0	1.0	0.4142135623730951	0.44948974278317805	0.3726822671238253	0.585786437626905	0.5	1.0	1.0	0.44948974278317805	1.0	0.44948974278317805	1.0	0.4142135623730951	1.0	0.5
id	1.0	0.38742588672279304	0.5	1.0	0.2612038749637414	0.26533119314590375	0.585786437626905	0.18740785910953592	0.2204812092115424	0.21604850763119507	0.5	0.5	0.32449979983983984	1.0	0.20658711810431302	0.25	0.25728427444747215	1.0	0.585786437626905	0.585786437626905	0.585786437626905	0.28436465220442186	0.2517564787261065	0.23166247903554	0.5	0.25728427444747215	0.44948974278317805	1.0	0.4142135623730951	0.44948974278317805	0.25921926045307553	1.0	0.38742588672279304	1.0	0.25355482027512377
it	0.585786437626905	0.38742588672279304	0.5	1.0	0.3021694792519622	0.1646685970862189	1.0	0.08750938804269284	0.20575912324631343	0.16778977572266515	0.5	1.0	0.4142135623730951	0.20658711810431302	1.0	0.2041350519664497	0.3333333333333333	1.0	1.0	1.0	1.0	0.2898979485566356	0.21089672205953397	0.18163285656033137	0.5	0.21712927295533244	0.38742588672279304	1.0	0.4142135623730951	0.3164309725825328	0.18349569639667007	1.0	0.30552726787943424	1.0	0.2958163163244893
ja	0.585786437626905	0.38742588672279304	0.5	1.0	0.44948974278317805	0.36602540378443865	1.0	0.11803350620948265	0.44948974278317805	0.27429188517743175	1.0	1.0	0.5	0.25	0.2041350519664497	1.0	1.0	1.0	1.0	1.0	1.0	0.4142135623730951	0.32449979983983984	0.3090169943749474	0.5	1.0	0.585786437626905	1.0	0.44948974278317805	0.5	0.3430703308172536	1.0	0.32449979983983984	1.0	1.0
ko	0.585786437626905	0.38742588672279304	0.5	1.0	0.44948974278317805	1.0	1.0	0.252650308587072	0.585786437626905	0.3090169943749474	1.0	1.0	0.585786437626905	0.25728427444747215	0.3333333333333333	1.0	1.0	1.0	1.0	1.0	1.0	0.585786437626905	0.585786437626905	0.36602540378443865	0.5	1.0	1.0	1.0	0.585786437626905	1.0	0.44948974278317805	1.0	0.44948974278317805	1.0	1.0
lv	1.0	0.44948974278317805	0.5	1.0	0.585786437626905	1.0	1.0	0.585786437626905	1.0	0.5	1.0	1.0	1.0	1.0	1.0	1.0	1.0	1.0	1.0	1.0	1.0	1.0	1.0	1.0	1.0	1.0	1.0	1.0	1.0	1.0	1.0	1.0	1.0	1.0	1.0
mk	1.0	0.585786437626905	0.5	1.0	1.0	1.0	1.0	0.585786437626905	1.0	0.5	1.0	1.0	1.0	0.585786437626905	1.0	1.0	1.0	1.0	1.0	1.0	1.0	1.0	1.0	1.0	1.0	1.0	1.0	0.0	1.0	1.0	1.0	1.0	1.0	1.0	1.0
ml	0.0	0.5	0.585786437626905	1.0	1.0	1.0	1.0	0.585786437626905	1.0	0.585786437626905	1.0	1.0	1.0	0.585786437626905	1.0	1.0	1.0	1.0	1.0	1.0	1.0	1.0	1.0	1.0	1.0	1.0	1.0	1.0	1.0	1.0	0.585786437626905	1.0	1.0	1.0	1.0
mr	0.0	1.0	0.585786437626905	1.0	1.0	1.0	1.0	1.0	1.0	1.0	1.0	1.0	1.0	0.585786437626905	1.0	1.0	1.0	1.0	1.0	1.0	1.0	1.0	1.0	1.0	1.0	1.0	1.0	0.0	1.0	1.0	1.0	1.0	1.0	1.0	1.0
nl	0.585786437626905	0.38742588672279304	0.5	1.0	0.3483314773547883	0.3203772410170407	1.0	0.08689657435581485	0.34833147735478825	0.23582845781094	0.585786437626905	1.0	0.4142135623730951	0.28436465220442186	0.2898979485566356	0.4142135623730951	0.585786437626905	1.0	1.0	1.0	1.0	1.0	0.28172904669025317	0.2791745113185196	0.4142135623730951	0.4142135623730951	1.0	1.0	0.4142135623730951	0.23247624281250867	0.3660254037844386	1.0	0.3660254037844386	1.0	0.4142135623730951
pl	0.5	0.38742588672279304	0.5	1.0	0.36602540378443865	0.25355482027512377	1.0	0.09543765259371806	0.2466060555964672	0.2204812092115424	0.585786437626905	1.0	0.44948974278317805	0.2517564787261065	0.21089672205953397	0.32449979983983984	0.585786437626905	1.0	1.0	1.0	1.0	0.28172904669025317	1.0	0.26533119314590375	0.5	0.28989794855663564	0.44948974278317805	1.0	0.44948974278317805	0.5	0.2766967754673749	1.0	0.34833147735478825	1.0	0.2958163163244893
pt	1.0	0.38742588672279304	0.5	1.0	0.32449979983983984	0.2449655295864104	1.0	0.09063282419073414	0.24179033438163736	0.18660549686337075	0.585786437626905	1.0	0.3726822671238253	0.23166247903554	0.18163285656033137	0.3090169943749474	0.36602540378443865	1.0	1.0	1.0	1.0	0.2791745113185196	0.26533119314590375	1.0	0.5	0.26968623182294527	0.5	1.0	0.3597752501562547	0.32037724101704074	0.26533119314590375	1.0	0.3380788308512194	1.0	0.2958163163244893
ro	1.0	0.3660254037844386	0.5	1.0	0.38742588672279304	0.5	1.0	0.3164309725825327	0.5	0.4142135623730951	0.5	0.585786437626905	0.585786437626905	0.5	0.5	0.5	0.5	1.0	1.0	1.0	1.0	0.4142135623730951	0.5	0.5	1.0	0.5	0.585786437626905	1.0	1.0	0.5	0.4142135623730951	1.0	0.5	1.0	0.5
ru	0.585786437626905	0.38742588672279304	0.5	1.0	0.32449979983983984	0.5	1.0	0.09804705227488252	0.38742588672279304	0.27429188517743175	1.0	1.0	0.5	0.25728427444747215	0.21712927295533244	1.0	1.0	1.0	1.0	1.0	1.0	0.4142135623730951	0.28989794855663564	0.26968623182294527	0.5	1.0	0.585786437626905	1.0	0.44948974278317805	1.0	0.44948974278317805	1.0	0.4142135623730951	1.0	1.0
sh	1.0	0.4142135623730951	0.5	1.0	0.4142135623730951	0.44948974278317805	1.0	0.1119287675711687	0.585786437626905	0.3660254037844386	1.0	1.0	1.0	0.44948974278317805	0.38742588672279304	0.585786437626905	1.0	1.0	1.0	1.0	1.0	1.0	0.44948974278317805	0.5	0.585786437626905	0.585786437626905	1.0	1.0	0.585786437626905	0.17253779651421453	0.44948974278317805	1.0	0.34833147735478825	1.0	0.5
si	0.0	1.0	0.0	0.0	1.0	1.0	0.0	1.0	1.0	1.0	1.0	1.0	1.0	1.0	1.0	1.0	1.0	1.0	0.0	1.0	0.0	1.0	1.0	1.0	1.0	1.0	1.0	1.0	0.0	1.0	1.0	0.0	1.0	1.0	1.0
simple	1.0	0.5	0.5	1.0	0.44948974278317805	0.4142135623730951	1.0	0.3333333333333333	0.4142135623730951	0.3203772410170407	1.0	1.0	0.44948974278317805	0.4142135623730951	0.4142135623730951	0.44948974278317805	0.585786437626905	1.0	1.0	1.0	1.0	0.4142135623730951	0.44948974278317805	0.3597752501562547	1.0	0.44948974278317805	0.585786437626905	0.0	1.0	1.0	0.44948974278317805	1.0	1.0	1.0	0.44948974278317805
sr	1.0	0.38742588672279304	0.5	1.0	0.5	0.38742588672279304	1.0	0.09811954870673528	0.585786437626905	0.3203772410170407	1.0	1.0	1.0	0.44948974278317805	0.3164309725825328	0.5	1.0	1.0	1.0	1.0	1.0	0.23247624281250867	0.5	0.32037724101704074	0.5	1.0	0.17253779651421453	1.0	1.0	1.0	0.5	1.0	0.25824569976124334	1.0	0.585786437626905
sv	1.0	0.38742588672279304	0.5	1.0	0.32449979983983984	0.31264808514230086	1.0	0.11691080255188942	0.28989794855663564	0.23582845781094	0.5	0.585786437626905	0.44948974278317805	0.25921926045307553	0.18349569639667007	0.3430703308172536	0.44948974278317805	1.0	1.0	0.585786437626905	1.0	0.3660254037844386	0.2766967754673749	0.26533119314590375	0.4142135623730951	0.44948974278317805	0.44948974278317805	1.0	0.44948974278317805	0.5	1.0	1.0	0.3660254037844386	1.0	0.4142135623730951
te	0.0	1.0	1.0	1.0	1.0	1.0	1.0	1.0	1.0	1.0	1.0	1.0	1.0	1.0	1.0	1.0	1.0	1.0	1.0	1.0	1.0	1.0	1.0	1.0	1.0	1.0	1.0	0.0	1.0	1.0	1.0	1.0	1.0	1.0	1.0
vi	0.5	0.38742588672279304	0.5	1.0	0.5	0.4142135623730951	0.585786437626905	0.06525417082835927	0.24257131419419417	0.23166247903554	0.5	1.0	0.4142135623730951	0.38742588672279304	0.30552726787943424	0.32449979983983984	0.44948974278317805	1.0	1.0	1.0	1.0	0.3660254037844386	0.34833147735478825	0.3380788308512194	0.5	0.4142135623730951	0.34833147735478825	1.0	1.0	0.25824569976124334	0.3660254037844386	1.0	1.0	1.0	0.38742588672279304
war	0.0	0.585786437626905	0.585786437626905	1.0	1.0	1.0	1.0	1.0	1.0	1.0	1.0	1.0	1.0	1.0	1.0	1.0	1.0	1.0	1.0	1.0	1.0	1.0	1.0	1.0	1.0	1.0	1.0	1.0	1.0	1.0	1.0	1.0	1.0	1.0	1.0
zh	0.5	0.38742588672279304	0.5	1.0	0.36602540378443865	1.0	1.0	0.09079660976785556	0.4142135623730951	0.2898979485566356	1.0	1.0	0.5	0.25355482027512377	0.2958163163244893	1.0	1.0	1.0	1.0	1.0	1.0	0.4142135623730951	0.2958163163244893	0.2958163163244893	0.5	1.0	0.5	1.0	0.44948974278317805	0.585786437626905	0.4142135623730951	1.0	0.38742588672279304	1.0	1.0
