arz	bs	ceb	ckb	da	de	el	en	es	fr	he	hi	hu	id	it	ja	ko	lv	mk	ml	mr	nl	pl	pt	ro	ru	sh	si	simple	sr	sv	te	vi	war	zh
arz	1.0	1.0	0.0	0.0	1.0	1.0	0.7863954451402115	0.7584325078215763	0.7690990303325336	0.0	1.0	0.0	1.0	1.0	0.7690990303325336	0.7690990303325336	0.7863954451402115	1.0	1.0	0.0	0.0	0.7690990303325336	0.6698766910334878	1.0	1.0	0.7690990303325336	1.0	0.0	1.0	1.0	1.0	0.0	0.6827447964042134	0.0	0.8806414284346811
bs	1.0	1.0	0.4520806193667602	1.0	0.309959557536425	0.3492310215018806	0.7690990303325336	0.3402715363977973	0.3492310215018806	0.3432027818731989	0.35620438141290045	0.37601168758039577	0.35887565672664595	0.3492310215018806	0.3492310215018806	0.3492310215018806	0.3492310215018806	0.37793533314112204	0.388878943088341	0.6571702826516209	1.0	0.3492310215018806	0.3492310215018806	0.3492310215018806	0.3821419272791168	0.3492310215018806	0.6592525238053315	1.0	0.37601168758039577	0.3492310215018806	0.3492310215018806	1.0	0.3492310215018806	0.7690990303325336	0.3492310215018806
ceb	0.0	0.4520806193667602	1.0	0.4520806193667602	0.4520806193667602	0.4520806193667602	0.5455381281950756	0.4520806193667602	0.4520806193667602	0.4520806193667602	0.5455381281950756	0.5455381281950756	0.4520806193667602	0.4520806193667602	0.4520806193667602	0.4520806193667602	0.4520806193667602	0.4520806193667602	0.4520806193667602	0.5455381281950756	0.5455381281950756	0.4520806193667602	0.4520806193667602	0.4520806193667602	0.4520806193667602	0.4520806193667602	0.4520806193667602	0.0	0.4520806193667602	0.4520806193667602	0.4520806193667602	1.0	0.4520806193667602	0.5455381281950756	0.4520806193667602
ckb	0.0	1.0	0.4520806193667602	1.0	1.0	1.0	1.0	1.0	1.0	1.0	1.0	1.0	1.0	1.0	1.0	1.0	1.0	1.0	1.0	1.0	1.0	1.0	1.0	1.0	1.0	1.0	1.0	0.0	1.0	1.0	1.0	1.0	1.0	1.0	1.0
da	1.0	0.309959557536425	0.4520806193667602	1.0	1.0	0.3694389129317199	0.41691170415342604	0.33190265231709337	0.28955710908951315	0.36153023125272715	0.3825936645300203	0.7900608149332319	0.3825936645300203	0.32500423989215893	0.36116604332346003	0.37893736390590577	0.3812595633140708	0.7376607345031153	0.42489828324440826	0.41691170415342604	1.0	0.3628764174790109	0.37316590063216626	0.3712523017908436	0.3709204727084107	0.367764927090654	0.38954330147856747	1.0	0.37833941875271715	0.3893540111452552	0.3712523017908436	1.0	0.38192301599816275	1.0	0.3743261258360495
de	1.0	0.3492310215018806	0.4520806193667602	1.0	0.3694389129317199	1.0	1.0	0.1932754515603147	0.32477487852366804	0.36897321756984086	1.0	1.0	0.6452450558286369	0.41301676894869116	0.31842728412311666	0.5193153458844216	1.0	1.0	1.0	1.0	1.0	0.48998933908574843	0.3999596233142227	0.3615084841491035	0.6501445840862392	0.632718269088229	0.5889899959755058	1.0	0.5419465106251544	0.5350185857189863	0.5498933275667931	1.0	0.571924162052103	1.0	1.0
el	0.7863954451402115	0.7690990303325336	0.5455381281950756	1.0	0.41691170415342604	1.0	1.0	1.0	1.0	0.7376607345031153	1.0	1.0	1.0	0.7376607345031153	1.0	1.0	1.0	1.0	1.0	1.0	1.0	1.0	1.0	1.0	1.0	1.0	1.0	0.0	1.0	1.0	1.0	1.0	0.7455134344225701	1.0	1.0
en	0.7584325078215763	0.3402715363977973	0.4520806193667602	1.0	0.33190265231709337	0.1932754515603147	1.0	1.0	0.18105258495467458	0.19481950618000526	0.46906924938863254	0.7300208629885034	0.4159802071003106	0.3504622174332994	0.2155004356085204	0.2724610326971324	0.4451103319604534	0.7347168825662656	0.7455134344225699	0.7322034805959263	1.0	0.21873794510640893	0.25779229865928605	0.24721372773704756	0.5051295031672598	0.21008427753583792	0.25315040957331275	1.0	0.48778110147213655	0.1902860042559866	0.24652237628475354	1.0	0.21264630534677154	1.0	0.21616643262898502
es	0.7690990303325336	0.3492310215018806	0.4520806193667602	1.0	0.28955710908951315	0.32477487852366804	1.0	0.18105258495467458	1.0	0.30566237930475704	0.7162976956558118	1.0	0.5913014301053446	0.42878414076915755	0.29118811032259617	0.5896644872662039	0.3696547198768739	0.40537003198728544	1.0	1.0	1.0	0.3344778879623915	0.3044693426238913	0.2897857487937714	0.36693651284763634	0.3491907480265261	0.367000388192252	1.0	0.5438463976420008	0.7141080454298699	0.3354683636929738	1.0	0.39653520941572273	1.0	0.5581527903207655
fr	0.0	0.3432027818731989	0.4520806193667602	1.0	0.36153023125272715	0.36897321756984086	0.7376607345031153	0.19481950618000526	0.30566237930475704	1.0	0.6152274111230351	0.7865377663035592	0.5197159271420483	0.40211373422531205	0.3355673369958935	0.45394287231565555	0.5228134819748766	0.7900608149332319	0.6994017365373274	0.7347168825662657	1.0	0.4352551825647624	0.3579755561846662	0.3290387541668074	0.6140268203477359	0.46989448505298675	0.5417154025402062	1.0	0.5554974119423757	0.5188079269857248	0.433593665410176	1.0	0.40415005060277404	1.0	0.5005354936761385
he	1.0	0.35620438141290045	0.5455381281950756	1.0	0.3825936645300203	1.0	1.0	0.46906924938863254	0.7162976956558118	0.6152274111230351	1.0	1.0	1.0	0.6589257440209709	0.6501445840862392	1.0	1.0	1.0	1.0	1.0	1.0	0.718925811717485	0.7179915061657696	0.718925811717485	0.661251134120194	1.0	1.0	1.0	1.0	1.0	0.651610424238932	1.0	0.6549329476340924	1.0	1.0
hi	0.0	0.37601168758039577	0.5455381281950756	1.0	0.7900608149332319	1.0	1.0	0.7300208629885034	1.0	0.7865377663035592	1.0	1.0	1.0	0.6740515375688697	1.0	1.0	1.0	1.0	1.0	1.0	1.0	1.0	1.0	1.0	0.7300208629885034	1.0	1.0	1.0	1.0	1.0	0.7322034805959264	1.0	1.0	1.0	1.0
hu	1.0	0.35887565672664595	0.4520806193667602	1.0	0.3825936645300203	0.6452450558286369	1.0	0.4159802071003106	0.5913014301053446	0.5197159271420483	1.0	1.0	1.0	0.4498086372649859	0.6153231253641989	0.6475250169846578	0.718925811717485	1.0	1.0	1.0	1.0	0.5549865041446861	0.5913014301053445	0.5250351593238627	0.7248485669756152	0.6487871090048528	1.0	1.0	0.5707612888713797	1.0	0.5921593538295752	1.0	0.62211325305483	1.0	0.6463474082678702
id	1.0	0.3492310215018806	0.4520806193667602	1.0	0.32500423989215893	0.41301676894869116	0.7376607345031153	0.3504622174332994	0.42878414076915755	0.40211373422531205	0.6589257440209709	0.6740515375688697	0.4498086372649859	1.0	0.38369139707355426	0.4073296137761241	0.42175960580166927	1.0	0.7510341748895939	0.7376607345031153	0.7584325078215765	0.4659605538141963	0.40918784820888776	0.39765743055347397	0.6483781863499554	0.40930266757152267	0.6221982196391784	1.0	0.5500411296208334	0.6221982196391784	0.43970397176054865	1.0	0.5375493492823626	1.0	0.4043807523279005
it	0.7690990303325336	0.3492310215018806	0.4520806193667602	1.0	0.36116604332346003	0.31842728412311666	1.0	0.2155004356085204	0.29118811032259617	0.3355673369958935	0.6501445840862392	1.0	0.6153231253641989	0.38369139707355426	1.0	0.3651781851344938	0.4916099420979742	1.0	1.0	1.0	1.0	0.4562366442568784	0.34148767628366744	0.3325957770485819	0.6516104242389319	0.38090614470680667	0.5692716289257028	1.0	0.54293327508041	0.4352899323073407	0.322995388735902	1.0	0.47514245241800207	1.0	0.4647771293403207
ja	0.7690990303325336	0.3492310215018806	0.4520806193667602	1.0	0.37893736390590577	0.5193153458844216	1.0	0.2724610326971324	0.5896644872662039	0.45394287231565555	1.0	1.0	0.6475250169846578	0.4073296137761241	0.3651781851344938	1.0	1.0	1.0	1.0	1.0	1.0	0.6100280320502106	0.46398693667739993	0.4245651871492172	0.6532002319725719	1.0	0.7155258672934657	1.0	0.5828763145002701	0.6452450558286368	0.5338494151804298	1.0	0.486065656080588	1.0	1.0
ko	0.7863954451402115	0.3492310215018806	0.4520806193667602	1.0	0.3812595633140708	1.0	1.0	0.4451103319604534	0.3696547198768739	0.5228134819748766	1.0	1.0	0.718925811717485	0.42175960580166927	0.4916099420979742	1.0	1.0	1.0	1.0	1.0	1.0	0.7147973711694584	0.7147973711694583	0.5324485386717346	0.6532002319725719	1.0	1.0	1.0	0.7263875964832448	1.0	0.6037638397743439	1.0	0.5730676573302765	1.0	1.0
lv	1.0	0.37793533314112204	0.4520806193667602	1.0	0.7376607345031153	1.0	1.0	0.7347168825662656	0.40537003198728544	0.7900608149332319	1.0	1.0	1.0	1.0	1.0	1.0	1.0	1.0	1.0	1.0	1.0	1.0	1.0	1.0	1.0	1.0	1.0	1.0	1.0	1.0	1.0	1.0	1.0	1.0	1.0
mk	1.0	0.388878943088341	0.4520806193667602	1.0	0.42489828324440826	1.0	1.0	0.7455134344225699	1.0	0.6994017365373274	1.0	1.0	1.0	0.7510341748895939	1.0	1.0	1.0	1.0	1.0	1.0	1.0	1.0	1.0	1.0	1.0	1.0	1.0	0.0	1.0	1.0	1.0	1.0	1.0	1.0	1.0
ml	0.0	0.6571702826516209	0.5455381281950756	1.0	0.41691170415342604	1.0	1.0	0.7322034805959263	1.0	0.7347168825662657	1.0	1.0	1.0	0.7376607345031153	1.0	1.0	1.0	1.0	1.0	1.0	1.0	1.0	1.0	1.0	1.0	1.0	1.0	1.0	1.0	1.0	0.7347168825662656	1.0	1.0	1.0	1.0
mr	0.0	1.0	0.5455381281950756	1.0	1.0	1.0	1.0	1.0	1.0	1.0	1.0	1.0	1.0	0.7584325078215765	1.0	1.0	1.0	1.0	1.0	1.0	1.0	1.0	1.0	1.0	1.0	1.0	1.0	0.0	1.0	1.0	1.0	1.0	1.0	1.0	1.0
nl	0.7690990303325336	0.3492310215018806	0.4520806193667602	1.0	0.3628764174790109	0.48998933908574843	1.0	0.21873794510640893	0.3344778879623915	0.4352551825647624	0.718925811717485	1.0	0.5549865041446861	0.4659605538141963	0.4562366442568784	0.6100280320502106	0.7147973711694584	1.0	1.0	1.0	1.0	1.0	0.44855996306471857	0.4106889300948254	0.561837131784356	0.5605854226359268	1.0	1.0	0.5447421847600232	0.3639133490165669	0.5337297376019313	1.0	0.5102381200282633	1.0	0.610948763982604
pl	0.6698766910334878	0.3492310215018806	0.4520806193667602	1.0	0.37316590063216626	0.3999596233142227	1.0	0.25779229865928605	0.3044693426238913	0.3579755561846662	0.7179915061657696	1.0	0.5913014301053445	0.40918784820888776	0.34148767628366744	0.46398693667739993	0.7147973711694583	1.0	1.0	1.0	1.0	0.44855996306471857	1.0	0.3877355289428663	0.651610424238932	0.4419950603934817	0.5950659482376811	1.0	0.5828763145002701	0.651610424238932	0.41683670868657685	1.0	0.47608011769824016	1.0	0.4438196798922953
pt	1.0	0.3492310215018806	0.4520806193667602	1.0	0.3712523017908436	0.3615084841491035	1.0	0.24721372773704756	0.2897857487937714	0.3290387541668074	0.718925811717485	1.0	0.5250351593238627	0.39765743055347397	0.3325957770485819	0.4245651871492172	0.5324485386717346	1.0	1.0	1.0	1.0	0.4106889300948254	0.3877355289428663	1.0	0.6516104242389319	0.4013803736046006	0.6423162003593037	1.0	0.522414830900591	0.3441158408934329	0.3888213465380775	1.0	0.46399009152212844	1.0	0.47114584613533994
ro	1.0	0.3821419272791168	0.4520806193667602	1.0	0.3709204727084107	0.6501445840862392	1.0	0.5051295031672598	0.36693651284763634	0.6140268203477359	0.661251134120194	0.7300208629885034	0.7248485669756152	0.6483781863499554	0.6516104242389319	0.6532002319725719	0.6532002319725719	1.0	1.0	1.0	1.0	0.561837131784356	0.651610424238932	0.6516104242389319	1.0	0.6516104242389319	0.7263875964832449	1.0	1.0	0.661251134120194	0.5595577325373612	1.0	0.6568318202362042	1.0	0.6532002319725719
ru	0.7690990303325336	0.3492310215018806	0.4520806193667602	1.0	0.367764927090654	0.632718269088229	1.0	0.21008427753583792	0.3491907480265261	0.46989448505298675	1.0	1.0	0.6487871090048528	0.40930266757152267	0.38090614470680667	1.0	1.0	1.0	1.0	1.0	1.0	0.5605854226359268	0.4419950603934817	0.4013803736046006	0.6516104242389319	1.0	0.7155258672934655	1.0	0.5828763145002701	1.0	0.5932464233149596	1.0	0.571924162052103	1.0	1.0
sh	1.0	0.6592525238053315	0.4520806193667602	1.0	0.38954330147856747	0.5889899959755058	1.0	0.25315040957331275	0.367000388192252	0.5417154025402062	1.0	1.0	1.0	0.6221982196391784	0.5692716289257028	0.7155258672934657	1.0	1.0	1.0	1.0	1.0	1.0	0.5950659482376811	0.6423162003593037	0.7263875964832449	0.7155258672934655	1.0	1.0	0.7300208629885034	0.2285639927336008	0.6122131884607099	1.0	0.5211614154509427	1.0	0.764516372081215
si	0.0	1.0	0.0	0.0	1.0	1.0	0.0	1.0	1.0	1.0	1.0	1.0	1.0	1.0	1.0	1.0	1.0	1.0	0.0	1.0	0.0	1.0	1.0	1.0	1.0	1.0	1.0	1.0	0.0	1.0	1.0	0.0	1.0	1.0	1.0
simple	1.0	0.37601168758039577	0.4520806193667602	1.0	0.37833941875271715	0.5419465106251544	1.0	0.48778110147213655	0.5438463976420008	0.5554974119423757	1.0	1.0	0.5707612888713797	0.5500411296208334	0.54293327508041	0.5828763145002701	0.7263875964832448	1.0	1.0	1.0	1.0	0.5447421847600232	0.5828763145002701	0.522414830900591	1.0	0.5828763145002701	0.7300208629885034	0.0	1.0	1.0	0.5876277661521777	1.0	1.0	1.0	0.5828763145002701
sr	1.0	0.3492310215018806	0.4520806193667602	1.0	0.3893540111452552	0.5350185857189863	1.0	0.1902860042559866	0.7141080454298699	0.5188079269857248	1.0	1.0	1.0	0.6221982196391784	0.4352899323073407	0.6452450558286368	1.0	1.0	1.0	1.0	1.0	0.3639133490165669	0.651610424238932	0.3441158408934329	0.661251134120194	1.0	0.2285639927336008	1.0	1.0	1.0	0.651610424238932	1.0	0.22057404901807373	1.0	0.7155258672934657
sv	1.0	0.3492310215018806	0.4520806193667602	1.0	0.3712523017908436	0.5498933275667931	1.0	0.24652237628475354	0.3354683636929738	0.433593665410176	0.651610424238932	0.7322034805959264	0.5921593538295752	0.43970397176054865	0.322995388735902	0.5338494151804298	0.6037638397743439	1.0	1.0	0.7347168825662656	1.0	0.5337297376019313	0.41683670868657685	0.3888213465380775	0.5595577325373612	0.5932464233149596	0.6122131884607099	1.0	0.5876277661521777	0.651610424238932	1.0	1.0	0.5072016735346794	1.0	0.5654873513547886
te	0.0	1.0	1.0	1.0	1.0	1.0	1.0	1.0	1.0	1.0	1.0	1.0	1.0	1.0	1.0	1.0	1.0	1.0	1.0	1.0	1.0	1.0	1.0	1.0	1.0	1.0	1.0	0.0	1.0	1.0	1.0	1.0	1.0	1.0	1.0
vi	0.6827447964042134	0.3492310215018806	0.4520806193667602	1.0	0.38192301599816275	0.571924162052103	0.7455134344225701	0.21264630534677154	0.39653520941572273	0.40415005060277404	0.6549329476340924	1.0	0.62211325305483	0.5375493492823626	0.47514245241800207	0.486065656080588	0.5730676573302765	1.0	1.0	1.0	1.0	0.5102381200282633	0.47608011769824016	0.46399009152212844	0.6568318202362042	0.571924162052103	0.5211614154509427	1.0	1.0	0.22057404901807373	0.5072016735346794	1.0	1.0	1.0	0.5664762504209274
war	0.0	0.7690990303325336	0.5455381281950756	1.0	1.0	1.0	1.0	1.0	1.0	1.0	1.0	1.0	1.0	1.0	1.0	1.0	1.0	1.0	1.0	1.0	1.0	1.0	1.0	1.0	1.0	1.0	1.0	1.0	1.0	1.0	1.0	1.0	1.0	1.0	1.0
zh	0.8806414284346811	0.3492310215018806	0.4520806193667602	1.0	0.3743261258360495	1.0	1.0	0.21616643262898502	0.5581527903207655	0.5005354936761385	1.0	1.0	0.6463474082678702	0.4043807523279005	0.4647771293403207	1.0	1.0	1.0	1.0	1.0	1.0	0.610948763982604	0.4438196798922953	0.47114584613533994	0.6532002319725719	1.0	0.764516372081215	1.0	0.5828763145002701	0.7155258672934657	0.5654873513547886	1.0	0.5664762504209274	1.0	1.0
