arz	bs	ceb	ckb	da	de	el	en	es	fr	he	hi	hu	id	it	ja	ko	lv	mk	ml	mr	nl	pl	pt	ro	ru	sh	si	simple	sr	sv	te	vi	war	zh
arz	1.0	0.0	0.0	0.0	1.0	1.0	1.0	1.0	1.0	1.0	1.0	0.0	1.0	1.0	1.0	1.0	1.0	1.0	1.0	0.0	1.0	1.0	1.0	1.0	1.0	1.0	0.0	1.0	1.0	1.0	1.0	0.0	1.0	1.0	1.0
bs	0.0	1.0	0.0	0.0	1.0	1.0	1.0	1.0	1.0	1.0	1.0	1.0	1.0	0.0	1.0	1.0	1.0	0.0	0.0	0.0	0.0	1.0	1.0	1.0	1.0	1.0	1.0	0.0	0.0	1.0	1.0	0.0	1.0	0.6640237664404941	1.0
ceb	0.0	0.0	1.0	0.0	0.0	1.0	0.0	1.0	1.0	1.0	0.0	0.0	0.0	0.0	0.0	1.0	0.0	0.0	0.0	0.0	0.0	1.0	1.0	1.0	0.0	0.0	0.0	0.0	0.0	0.0	1.0	0.0	0.0	1.0	0.0
ckb	0.0	0.0	0.0	1.0	0.0	1.0	0.0	1.0	1.0	1.0	1.0	0.0	0.0	0.0	1.0	1.0	0.0	0.0	0.0	0.0	0.0	1.0	0.0	0.0	0.0	1.0	1.0	0.0	1.0	0.0	0.0	0.0	1.0	0.7510341748895938	0.0
da	1.0	1.0	0.0	0.0	1.0	0.8111075538197804	1.0	0.37956164263339137	1.0	1.0	1.0	1.0	1.0	1.0	1.0	1.0	1.0	1.0	1.0	1.0	1.0	1.0	1.0	1.0	0.7495060196705011	1.0	1.0	1.0	1.0	1.0	1.0	0.0	1.0	0.6994017365373274	1.0
de	1.0	1.0	1.0	1.0	0.8111075538197804	1.0	1.0	0.12745615068436808	0.3727778228439208	0.3702964691267607	0.6037638397743438	0.0	0.728099120889861	1.0	0.4181206922661796	0.5247820887905583	0.7322034805959263	1.0	1.0	1.0	1.0	0.4195261280459132	0.5102603680019527	0.5446398388363576	0.402935544284347	0.4752025745020784	1.0	1.0	1.0	1.0	0.4735440044217243	0.0	0.7300208629885034	0.7510341748895938	1.0
el	1.0	1.0	0.0	0.0	1.0	1.0	1.0	0.7347168825662656	1.0	1.0	1.0	0.0	1.0	1.0	1.0	1.0	1.0	1.0	1.0	1.0	1.0	0.7863954451402115	1.0	1.0	0.8755395908437883	1.0	0.0	1.0	1.0	1.0	1.0	0.0	1.0	0.6994017365373274	1.0
en	1.0	1.0	1.0	1.0	0.37956164263339137	0.12745615068436808	0.7347168825662656	1.0	0.13300275073672146	0.151040933194929	0.3177655181525841	1.0	0.3960177441387636	0.36353109525337673	0.19915616326146066	0.22608532595712094	1.0	0.7690990303325336	1.0	1.0	1.0	0.29426747814601856	0.26256935178867374	0.2820334530995868	0.4942839143828178	0.19706226999378224	1.0	1.0	0.6093096912777513	1.0	0.28126345578658596	1.0	1.0	0.6994017365373274	0.4529656326039872
es	1.0	1.0	1.0	1.0	1.0	0.3727778228439208	1.0	0.13300275073672146	1.0	0.462730656746154	0.7162976956558117	1.0	1.0	1.0	0.4528801571375329	1.0	1.0	1.0	1.0	1.0	1.0	0.47311625945754776	0.7134542832283587	0.7116768074483946	0.43874629360105116	1.0	1.0	1.0	1.0	1.0	1.0	0.0	1.0	0.6994017365373274	1.0
fr	1.0	1.0	1.0	1.0	1.0	0.3702964691267607	1.0	0.151040933194929	0.462730656746154	1.0	1.0	1.0	1.0	1.0	0.40996768410681605	0.5940642723969021	0.728099120889861	1.0	1.0	1.0	1.0	0.6671757426252038	0.5381919729240142	0.6334134137277925	0.5870155491860767	0.6305763671857715	1.0	1.0	0.7411828468492556	1.0	0.5890337101170956	1.0	1.0	0.6994017365373274	0.6475250169846578
he	1.0	1.0	0.0	1.0	1.0	0.6037638397743438	1.0	0.3177655181525841	0.7162976956558117	1.0	1.0	0.0	1.0	1.0	0.7300208629885034	1.0	1.0	1.0	1.0	1.0	1.0	0.7248485669756152	1.0	0.7376607345031153	0.4122000861259216	1.0	1.0	1.0	1.0	1.0	1.0	0.0	1.0	0.6212845645194139	1.0
hi	0.0	1.0	0.0	0.0	1.0	0.0	0.0	1.0	1.0	1.0	0.0	1.0	0.0	1.0	0.0	1.0	0.0	0.0	0.0	1.0	1.0	1.0	0.0	0.0	0.0	1.0	1.0	0.0	1.0	1.0	1.0	1.0	0.0	0.7510341748895938	0.0
hu	1.0	1.0	0.0	0.0	1.0	0.728099120889861	1.0	0.3960177441387636	1.0	1.0	1.0	0.0	1.0	1.0	1.0	1.0	1.0	1.0	1.0	1.0	1.0	1.0	0.7347168825662658	0.7455134344225701	0.44120226073334085	1.0	1.0	1.0	1.0	1.0	1.0	0.0	1.0	0.7510341748895938	1.0
id	1.0	0.0	0.0	0.0	1.0	1.0	1.0	0.36353109525337673	1.0	1.0	1.0	1.0	1.0	1.0	0.7411828468492556	1.0	1.0	1.0	1.0	1.0	1.0	0.7411828468492555	1.0	0.7411828468492555	1.0	1.0	1.0	1.0	1.0	1.0	1.0	0.0	1.0	0.6919149157983205	1.0
it	1.0	1.0	0.0	1.0	1.0	0.4181206922661796	1.0	0.19915616326146066	0.4528801571375329	0.40996768410681605	0.7300208629885034	0.0	1.0	0.7411828468492556	1.0	0.6549329476340925	1.0	1.0	1.0	1.0	1.0	0.8090734878446154	0.6431915320584143	0.8030603337407819	0.5155165660316923	0.6102470946685321	1.0	1.0	0.7690990303325336	1.0	0.5095375283040261	0.0	0.7376607345031152	0.31972650574922595	0.7300208629885034
ja	1.0	1.0	1.0	1.0	1.0	0.5247820887905583	1.0	0.22608532595712094	1.0	0.5940642723969021	1.0	1.0	1.0	1.0	0.6549329476340925	1.0	1.0	1.0	1.0	1.0	1.0	0.7210092110599265	0.7210092110599264	0.7248485669756152	0.6969299174128458	1.0	1.0	1.0	1.0	1.0	1.0	0.0	1.0	0.6994017365373274	1.0
ko	1.0	1.0	0.0	0.0	1.0	0.7322034805959263	1.0	1.0	1.0	0.728099120889861	1.0	0.0	1.0	1.0	1.0	1.0	1.0	1.0	1.0	1.0	1.0	0.7455134344225701	0.7411828468492556	1.0	0.7932050724191266	1.0	1.0	1.0	1.0	1.0	1.0	0.0	1.0	0.6994017365373274	1.0
lv	1.0	0.0	0.0	0.0	1.0	1.0	1.0	0.7690990303325336	1.0	1.0	1.0	0.0	1.0	1.0	1.0	1.0	1.0	1.0	1.0	0.0	1.0	1.0	1.0	1.0	1.0	1.0	0.0	1.0	1.0	1.0	1.0	0.0	1.0	0.7584325078215763	1.0
mk	1.0	0.0	0.0	0.0	1.0	1.0	1.0	1.0	1.0	1.0	1.0	0.0	1.0	1.0	1.0	1.0	1.0	1.0	1.0	0.0	1.0	1.0	1.0	1.0	1.0	1.0	0.0	1.0	1.0	1.0	1.0	0.0	1.0	1.0	1.0
ml	0.0	0.0	0.0	0.0	1.0	1.0	1.0	1.0	1.0	1.0	1.0	1.0	1.0	1.0	1.0	1.0	1.0	0.0	0.0	1.0	1.0	1.0	1.0	1.0	0.0	1.0	1.0	0.0	1.0	0.0	1.0	1.0	1.0	0.7510341748895938	1.0
mr	1.0	0.0	0.0	0.0	1.0	1.0	1.0	1.0	1.0	1.0	1.0	1.0	1.0	1.0	1.0	1.0	1.0	1.0	1.0	1.0	1.0	1.0	1.0	1.0	1.0	1.0	0.0	1.0	1.0	1.0	1.0	0.0	1.0	1.0	1.0
nl	1.0	1.0	1.0	1.0	1.0	0.4195261280459132	0.7863954451402115	0.29426747814601856	0.47311625945754776	0.6671757426252038	0.7248485669756152	1.0	1.0	0.7411828468492555	0.8090734878446154	0.7210092110599265	0.7455134344225701	1.0	1.0	1.0	1.0	1.0	0.6443242360956813	0.7300208629885034	0.4249164805199896	0.7171176902274348	1.0	1.0	0.7510341748895938	1.0	0.7162976956558117	1.0	0.7411828468492555	0.6994017365373274	0.7300208629885034
pl	1.0	1.0	1.0	0.0	1.0	0.5102603680019527	1.0	0.26256935178867374	0.7134542832283587	0.5381919729240142	1.0	0.0	0.7347168825662658	1.0	0.6431915320584143	0.7210092110599264	0.7411828468492556	1.0	1.0	1.0	1.0	0.6443242360956813	1.0	0.7263875964832448	0.5870155491860767	0.5760085832133244	1.0	1.0	1.0	1.0	0.5836411018279243	0.0	1.0	0.6994017365373274	1.0
pt	1.0	1.0	1.0	0.0	1.0	0.5446398388363576	1.0	0.2820334530995868	0.7116768074483946	0.6334134137277925	0.7376607345031153	0.0	0.7455134344225701	0.7411828468492555	0.8030603337407819	0.7248485669756152	1.0	1.0	1.0	1.0	1.0	0.7300208629885034	0.7263875964832448	1.0	0.8216064286890065	1.0	1.0	1.0	1.0	1.0	1.0	0.0	1.0	0.6994017365373274	1.0
ro	1.0	1.0	0.0	0.0	0.7495060196705011	0.402935544284347	0.8755395908437883	0.4942839143828178	0.43874629360105116	0.5870155491860767	0.4122000861259216	0.0	0.44120226073334085	1.0	0.5155165660316923	0.6969299174128458	0.7932050724191266	1.0	1.0	0.0	1.0	0.4249164805199896	0.5870155491860767	0.8216064286890065	1.0	0.7202320974907668	0.0	1.0	1.0	1.0	0.4420182406734038	0.0	0.7361412429601097	0.7292679407387131	0.6792093913278239
ru	1.0	1.0	0.0	1.0	1.0	0.4752025745020784	1.0	0.19706226999378224	1.0	0.6305763671857715	1.0	1.0	1.0	1.0	0.6102470946685321	1.0	1.0	1.0	1.0	1.0	1.0	0.7171176902274348	0.5760085832133244	1.0	0.7202320974907668	1.0	1.0	1.0	1.0	1.0	1.0	1.0	1.0	0.6994017365373274	1.0
sh	0.0	1.0	0.0	1.0	1.0	1.0	0.0	1.0	1.0	1.0	1.0	1.0	1.0	1.0	1.0	1.0	1.0	0.0	0.0	1.0	0.0	1.0	1.0	1.0	0.0	1.0	1.0	0.0	1.0	1.0	1.0	0.0	1.0	0.45556358818630127	1.0
si	1.0	0.0	0.0	0.0	1.0	1.0	1.0	1.0	1.0	1.0	1.0	0.0	1.0	1.0	1.0	1.0	1.0	1.0	1.0	0.0	1.0	1.0	1.0	1.0	1.0	1.0	0.0	1.0	1.0	1.0	1.0	0.0	1.0	1.0	1.0
simple	1.0	0.0	0.0	1.0	1.0	1.0	1.0	0.6093096912777513	1.0	0.7411828468492556	1.0	1.0	1.0	1.0	0.7690990303325336	1.0	1.0	1.0	1.0	1.0	1.0	0.7510341748895938	1.0	1.0	1.0	1.0	1.0	1.0	1.0	1.0	1.0	0.0	1.0	0.6994017365373274	1.0
sr	1.0	1.0	0.0	0.0	1.0	1.0	1.0	1.0	1.0	1.0	1.0	1.0	1.0	1.0	1.0	1.0	1.0	1.0	1.0	0.0	1.0	1.0	1.0	1.0	1.0	1.0	1.0	1.0	1.0	1.0	1.0	0.0	1.0	0.6236815385159509	1.0
sv	1.0	1.0	1.0	0.0	1.0	0.4735440044217243	1.0	0.28126345578658596	1.0	0.5890337101170956	1.0	1.0	1.0	1.0	0.5095375283040261	1.0	1.0	1.0	1.0	1.0	1.0	0.7162976956558117	0.5836411018279243	1.0	0.4420182406734038	1.0	1.0	1.0	1.0	1.0	1.0	0.0	1.0	0.6994017365373274	1.0
te	0.0	0.0	0.0	0.0	0.0	0.0	0.0	1.0	0.0	1.0	0.0	1.0	0.0	0.0	0.0	0.0	0.0	0.0	0.0	1.0	0.0	1.0	0.0	0.0	0.0	1.0	0.0	0.0	0.0	0.0	0.0	1.0	0.0	1.0	0.0
vi	1.0	1.0	0.0	1.0	1.0	0.7300208629885034	1.0	1.0	1.0	1.0	1.0	0.0	1.0	1.0	0.7376607345031152	1.0	1.0	1.0	1.0	1.0	1.0	0.7411828468492555	1.0	1.0	0.7361412429601097	1.0	1.0	1.0	1.0	1.0	1.0	0.0	1.0	0.6226323039572873	1.0
war	1.0	0.6640237664404941	1.0	0.7510341748895938	0.6994017365373274	0.7510341748895938	0.6994017365373274	0.6994017365373274	0.6994017365373274	0.6994017365373274	0.6212845645194139	0.7510341748895938	0.7510341748895938	0.6919149157983205	0.31972650574922595	0.6994017365373274	0.6994017365373274	0.7584325078215763	1.0	0.7510341748895938	1.0	0.6994017365373274	0.6994017365373274	0.6994017365373274	0.7292679407387131	0.6994017365373274	0.45556358818630127	1.0	0.6994017365373274	0.6236815385159509	0.6994017365373274	1.0	0.6226323039572873	1.0	0.6994017365373274
zh	1.0	1.0	0.0	0.0	1.0	1.0	1.0	0.4529656326039872	1.0	0.6475250169846578	1.0	0.0	1.0	1.0	0.7300208629885034	1.0	1.0	1.0	1.0	1.0	1.0	0.7300208629885034	1.0	1.0	0.6792093913278239	1.0	1.0	1.0	1.0	1.0	1.0	0.0	1.0	0.6994017365373274	1.0
