arz	bs	ceb	ckb	da	de	el	en	es	fr	he	hi	hu	id	it	ja	ko	lv	mk	ml	mr	nl	pl	pt	ro	ru	sh	si	simple	sr	sv	te	vi	war	zh
arz	1.0	0.15384615384615385	0.05555555555555555	0.13636363636363635	0.07692307692307693	0.05172413793103448	0.125	0.022435897435897436	0.045454545454545456	0.03977272727272727	0.06521739130434782	0.06687456687456687	0.113997113997114	0.06328382838283829	0.03614457831325301	0.046153846153846156	0.06140350877192982	0.13157894736842105	0.15789473684210525	0.11904761904761904	0.0843859649122807	0.07328411266065081	0.0673076923076923	0.0603448275862069	0.09210526315789473	0.04216867469879518	0.13043478260869565	0.027777777777777776	0.07142857142857142	0.12156862745098039	0.0396011396011396	0.075	0.09722222222222222	0.3333333333333333	0.05397192261599042
bs	0.15384615384615385	1.0	0.10526315789473684	0.15384615384615385	0.11538461538461539	0.06779661016949153	0.15517241379310345	0.03205128205128205	0.057692307692307696	0.05056179775280899	0.1111111111111111	0.1111111111111111	0.11428571428571428	0.07377049180327869	0.047619047619047616	0.06060606060606061	0.07758620689655173	0.21052631578947367	0.1590909090909091	0.14063886424134872	0.12001424501424501	0.07272727272727272	0.08490566037735849	0.07627118644067797	0.1	0.05357142857142857	0.16666666666666666	0.1111111111111111	0.09302325581395349	0.125	0.0625	0.09090909090909091	0.12162162162162163	0.14285714285714285	0.06716417910447761
ceb	0.05555555555555555	0.10526315789473684	1.0	0.08823529411764706	0.15969410706252812	0.11800334168755221	0.08571428571428572	0.04348595108146351	0.09210789210789211	0.07664141414141415	0.1435433968409054	0.11842105263157894	0.19820971867007675	0.09437005477784541	0.07457226164933707	0.09307359307359307	0.0857487922705314	0.2206959706959707	0.1625	0.09259259259259259	0.08898305084745763	0.11868686868686867	0.140625	0.10867165944028381	0.15673076923076923	0.08386880856760374	0.1537037037037037	0.043478260869565216	0.12235729386892177	0.12034632034632034	0.08125	0.037037037037037035	0.1370546857272521	0.08333333333333333	0.08426073131955486
ckb	0.13636363636363635	0.15384615384615385	0.08823529411764706	1.0	0.07692307692307693	0.06140350877192982	0.08333333333333333	0.022435897435897436	0.038461538461538464	0.03977272727272727	0.06521739130434782	0.08571428571428572	0.08823529411764706	0.04918032786885246	0.03614457831325301	0.046153846153846156	0.05172413793103448	0.16666666666666666	0.125	0.11904761904761904	0.10879629629629631	0.05555555555555555	0.05660377358490566	0.05084745762711865	0.07692307692307693	0.03571428571428571	0.10416666666666667	0.058823529411764705	0.05813953488372093	0.0967741935483871	0.037037037037037035	0.10526315789473684	0.08108108108108109	0.125	0.04477611940298507
da	0.07692307692307693	0.11538461538461539	0.15969410706252812	0.07692307692307693	1.0	0.2379376895505928	0.20212765957446807	0.1244814389590509	0.21300154320987652	0.19487838639509591	0.27861952861952866	0.1792452830188679	0.32804459691252147	0.2308975136446331	0.18383431085043989	0.20133283968900406	0.2218156137647663	0.2236842105263158	0.16666666666666666	0.1367117117117117	0.11224489795918367	0.24898805909734872	0.2961701127819549	0.25	0.28482697426796805	0.2018455978196469	0.19767441860465115	0.08139534883720931	0.2636047463175123	0.21348797250859108	0.20292046396023197	0.0625	0.25859854431283	0.08974358974358974	0.23561497811344717
de	0.05172413793103448	0.06779661016949153	0.11800334168755221	0.06140350877192982	0.2379376895505928	1.0	0.18814344543582703	0.18062055689888307	0.30178571428571427	0.31199332379589895	0.2579365079365079	0.16911764705882354	0.24784005316792201	0.24585392269681175	0.25344679728214264	0.2913961038961039	0.23553113553113555	0.1271186440677966	0.1405683447170925	0.13551673944687045	0.12243225524475525	0.2991590624440866	0.29810589754627637	0.30322649572649574	0.25396825396825395	0.26945325620451577	0.15004098360655738	0.06557377049180328	0.2660955970532808	0.19595064303093498	0.23007841780545465	0.07936507936507936	0.21986892031735084	0.07017543859649122	0.2893348476799355
el	0.125	0.15517241379310345	0.08571428571428572	0.08333333333333333	0.20212765957446807	0.18814344543582703	1.0	0.09037331266550411	0.14814814814814814	0.13043478260869565	0.18867924528301888	0.20454545454545456	0.19318181818181818	0.15671641791044777	0.14607083143334854	0.17647058823529413	0.15384615384615385	0.18181818181818182	0.15714285714285714	0.21212121212121213	0.17567567567567569	0.16393442622950818	0.16666666666666666	0.19683786078098472	0.1875	0.14534883720930233	0.17567567567567569	0.07142857142857142	0.19	0.225	0.14285714285714285	0.14705882352941177	0.2111111111111111	0.14285714285714285	0.1629152272123306
en	0.022435897435897436	0.03205128205128205	0.04348595108146351	0.022435897435897436	0.1244814389590509	0.18062055689888307	0.09037331266550411	1.0	0.23453702316324923	0.2729651439205618	0.14464971753446657	0.10928414831760556	0.10872256804034713	0.1962736979734147	0.22295125164690383	0.20183886575208232	0.16294925965921855	0.054801842797437515	0.054764347113878356	0.06151130943948623	0.07229429319690603	0.16682386458466755	0.16176349925035247	0.18012385770355152	0.12362414008755472	0.24735455932747913	0.07051282051282051	0.038461538461538464	0.13574629977069003	0.09854905573468448	0.21540177805238048	0.05128205128205128	0.1156923076923077	0.025956881610703468	0.20048400673400674
es	0.045454545454545456	0.057692307692307696	0.09210789210789211	0.038461538461538464	0.21300154320987652	0.30178571428571427	0.14814814814814814	0.23453702316324923	1.0	0.3347659980897803	0.23198198198198197	0.14534883720930233	0.21707901037509975	0.23068418856904463	0.2524154589371981	0.26153673835125446	0.24403575698912486	0.10256410256410256	0.09375	0.10467289719626169	0.0963855421686747	0.2926829268292683	0.2527027027027027	0.29411764705882354	0.1927710843373494	0.3	0.11875	0.05625	0.22099587464717377	0.16374058040724707	0.2112722478576137	0.060240963855421686	0.19753086419753085	0.05194805194805195	0.28916256157635467
fr	0.03977272727272727	0.05056179775280899	0.07664141414141415	0.03977272727272727	0.19487838639509591	0.31199332379589895	0.13043478260869565	0.2729651439205618	0.3347659980897803	1.0	0.2279595571823944	0.14366289555664863	0.19242610837438423	0.24836820083682007	0.23390278544938056	0.2524752475247525	0.26114657561361837	0.0898876404494382	0.09550561797752809	0.10711161945771379	0.11620016963528414	0.2623625103983732	0.2404740665222378	0.2560415228208852	0.18478260869565216	0.2798634008478568	0.1111111111111111	0.05555555555555555	0.19798888443247578	0.1439153138835282	0.19062543050006886	0.06521739130434782	0.17391304347826086	0.045454545454545456	0.30512096565300734
he	0.06521739130434782	0.1111111111111111	0.1435433968409054	0.06521739130434782	0.27861952861952866	0.2579365079365079	0.18867924528301888	0.14464971753446657	0.23198198198198197	0.2279595571823944	1.0	0.15833333333333333	0.25949367088607594	0.26288659793814434	0.185669262143122	0.21307389793305287	0.2113095238095238	0.17391304347826086	0.14738202973497092	0.11739264751312944	0.10477166276346604	0.25959328028293543	0.22540964900269297	0.3292250233426704	0.24873426382047073	0.23445958558894903	0.18594619666048237	0.07	0.2564007695722954	0.19954648526077098	0.15918008388580707	0.05689287238583013	0.27244969858294843	0.07608695652173914	0.2541643059490085
hi	0.06687456687456687	0.1111111111111111	0.11842105263157894	0.08571428571428572	0.1792452830188679	0.16911764705882354	0.20454545454545456	0.10928414831760556	0.14534883720930233	0.14366289555664863	0.15833333333333333	1.0	0.1836734693877551	0.19337911376004144	0.12365591397849462	0.17123287671232876	0.1529940119760479	0.1891891891891892	0.15	0.22254533014026687	0.3072992700729927	0.13970588235294118	0.16153846153846155	0.14788732394366197	0.16666666666666666	0.14285714285714285	0.1511627906976744	0.08974358974358974	0.18835412953060013	0.17876344086021503	0.14273254322507825	0.23529411764705882	0.17983367983367982	0.08333333333333333	0.14192654192654192
hu	0.113997113997114	0.11428571428571428	0.19820971867007675	0.08823529411764706	0.32804459691252147	0.24784005316792201	0.19318181818181818	0.10872256804034713	0.21707901037509975	0.19242610837438423	0.25949367088607594	0.1836734693877551	1.0	0.19882218301463928	0.16091954022988506	0.2153985507246377	0.21822272215973001	0.21428571428571427	0.19638343379350576	0.15	0.1531095443544144	0.2656219199684605	0.2735729228930066	0.23765884652981425	0.3087752525252525	0.20743715603153354	0.24686643164904035	0.09210526315789473	0.28504521963824286	0.24203681252066572	0.17424771211416162	0.056818181818181816	0.24341755319148936	0.12121212121212122	0.24231817327570004
id	0.06328382838283829	0.07377049180327869	0.09437005477784541	0.04918032786885246	0.2308975136446331	0.24585392269681175	0.15671641791044777	0.1962736979734147	0.23068418856904463	0.24836820083682007	0.26288659793814434	0.19337911376004144	0.19882218301463928	1.0	0.1922443649577017	0.24531545470173627	0.2327605740181269	0.13114754098360656	0.12136243386243385	0.1171875	0.12790108442282355	0.221072226358898	0.22583515327994824	0.2434171597633136	0.22644761029411764	0.25418623869171886	0.13076923076923078	0.05384615384615385	0.20997257987601337	0.1652249134948097	0.1706036745406824	0.08461538461538462	0.2542194092827004	0.06666666666666667	0.2760500877223159
it	0.03614457831325301	0.047619047619047616	0.07457226164933707	0.03614457831325301	0.18383431085043989	0.25344679728214264	0.14607083143334854	0.22295125164690383	0.2524154589371981	0.23390278544938056	0.185669262143122	0.12365591397849462	0.16091954022988506	0.1922443649577017	1.0	0.27875091709464417	0.195	0.0963855421686747	0.10122611919019105	0.0966817496229261	0.08426966292134831	0.2281987961105109	0.2300923713967192	0.23087315130830488	0.20826330532212883	0.2557471264367816	0.11176470588235295	0.05952380952380952	0.17937027511495598	0.15322890640015374	0.2939606370809257	0.056818181818181816	0.19411764705882353	0.04878048780487805	0.2237097598364844
ja	0.046153846153846156	0.06060606060606061	0.09307359307359307	0.046153846153846156	0.20133283968900406	0.2913961038961039	0.17647058823529413	0.20183886575208232	0.26153673835125446	0.2524752475247525	0.21307389793305287	0.17123287671232876	0.2153985507246377	0.24531545470173627	0.27875091709464417	1.0	0.2680955120828538	0.11363636363636363	0.125974025974026	0.11940298507462686	0.12765469824293355	0.247402880838062	0.2365581675708258	0.22201387105060366	0.22171121969914726	0.2330847025721339	0.1323529411764706	0.06716417910447761	0.24783998106284766	0.17704654895666133	0.2459580781374824	0.07971014492753623	0.25757575757575757	0.0625	0.2688449552006233
ko	0.06140350877192982	0.07758620689655173	0.0857487922705314	0.05172413793103448	0.2218156137647663	0.23553113553113555	0.15384615384615385	0.16294925965921855	0.24403575698912486	0.26114657561361837	0.2113095238095238	0.1529940119760479	0.21822272215973001	0.2327605740181269	0.195	0.2680955120828538	1.0	0.13793103448275862	0.13559322033898305	0.09924450549450549	0.10473484848484849	0.20512820512820512	0.2077922077922078	0.20987654320987653	0.18840579710144928	0.21417971181004355	0.14754098360655737	0.075	0.23869622475856014	0.15806430403050825	0.17976580939827727	0.05303030303030303	0.23809523809523808	0.07017543859649122	0.3176851025869759
lv	0.13157894736842105	0.21052631578947367	0.2206959706959707	0.16666666666666666	0.2236842105263158	0.1271186440677966	0.18181818181818182	0.054801842797437515	0.10256410256410256	0.0898876404494382	0.17391304347826086	0.1891891891891892	0.21428571428571427	0.13114754098360656	0.0963855421686747	0.11363636363636363	0.13793103448275862	1.0	0.2608695652173913	0.16666666666666666	0.15442477876106195	0.14814814814814814	0.16346153846153846	0.15317424069422242	0.2236842105263158	0.10240963855421686	0.28	0.10416666666666667	0.17795217355575643	0.2630150111785372	0.10625	0.11706349206349206	0.21621621621621623	0.15789473684210525	0.11940298507462686
mk	0.15789473684210525	0.1590909090909091	0.1625	0.125	0.16666666666666666	0.1405683447170925	0.15714285714285714	0.054764347113878356	0.09375	0.09550561797752809	0.14738202973497092	0.15	0.19638343379350576	0.12136243386243385	0.10122611919019105	0.125974025974026	0.13559322033898305	0.2608695652173913	1.0	0.1452839756592292	0.12218963831867058	0.16350496838301717	0.14814814814814814	0.12295081967213115	0.2	0.09411764705882353	0.28128128128128127	0.1	0.15555555555555556	0.23604465709728867	0.09036144578313253	0.06666666666666667	0.19230769230769232	0.2222222222222222	0.12041458649880617
ml	0.11904761904761904	0.14063886424134872	0.09259259259259259	0.11904761904761904	0.1367117117117117	0.13551673944687045	0.21212121212121213	0.06151130943948623	0.10467289719626169	0.10711161945771379	0.11739264751312944	0.22254533014026687	0.15	0.1171875	0.0966817496229261	0.11940298507462686	0.09924450549450549	0.16666666666666666	0.1452839756592292	1.0	0.27939348744717873	0.12527681113571654	0.13392857142857142	0.11370178468624063	0.15227272727272728	0.11010143702451394	0.12121212121212122	0.09615384615384616	0.14294183518872275	0.14825796886582654	0.09355921855921856	0.2693441414885777	0.13623595505617977	0.14285714285714285	0.09203216374269006
mr	0.0843859649122807	0.12001424501424501	0.08898305084745763	0.10879629629629631	0.11224489795918367	0.12243225524475525	0.17567567567567569	0.07229429319690603	0.0963855421686747	0.11620016963528414	0.10477166276346604	0.3072992700729927	0.1531095443544144	0.12790108442282355	0.08426966292134831	0.12765469824293355	0.10473484848484849	0.15442477876106195	0.12218963831867058	0.27939348744717873	1.0	0.11082673362951517	0.11882183908045978	0.10301492537313434	0.13704819277108435	0.12016595051118684	0.1366359447004608	0.10714285714285714	0.12289640265555041	0.12404761904761905	0.09643622509722993	0.2642372881355932	0.10416666666666667	0.1	0.09227564102564102
nl	0.07328411266065081	0.07272727272727272	0.11868686868686867	0.05555555555555555	0.24898805909734872	0.2991590624440866	0.16393442622950818	0.16682386458466755	0.2926829268292683	0.2623625103983732	0.25959328028293543	0.13970588235294118	0.2656219199684605	0.221072226358898	0.2281987961105109	0.247402880838062	0.20512820512820512	0.14814814814814814	0.16350496838301717	0.12527681113571654	0.11082673362951517	1.0	0.2608695652173913	0.26512834153477854	0.2623655913978495	0.2500936563436564	0.19444444444444445	0.07017543859649122	0.2373335798816568	0.20659495871360278	0.2074468085106383	0.056451612903225805	0.22950819672131148	0.07547169811320754	0.23974031502767135
pl	0.0673076923076923	0.08490566037735849	0.140625	0.05660377358490566	0.2961701127819549	0.29810589754627637	0.16666666666666666	0.16176349925035247	0.2527027027027027	0.2404740665222378	0.22540964900269297	0.16153846153846155	0.2735729228930066	0.22583515327994824	0.2300923713967192	0.2365581675708258	0.2077922077922078	0.16346153846153846	0.14814814814814814	0.13392857142857142	0.11882183908045978	0.2608695652173913	1.0	0.25070592981040746	0.29509283819628646	0.25851581508515814	0.17619949494949494	0.07142857142857142	0.255	0.2091692789968652	0.2128825475599669	0.06666666666666667	0.22131147540983606	0.07692307692307693	0.22183058770309497
pt	0.0603448275862069	0.07627118644067797	0.10867165944028381	0.05084745762711865	0.25	0.30322649572649574	0.19683786078098472	0.18012385770355152	0.29411764705882354	0.2560415228208852	0.3292250233426704	0.14788732394366197	0.23765884652981425	0.2434171597633136	0.23087315130830488	0.22201387105060366	0.20987654320987653	0.15317424069422242	0.12295081967213115	0.11370178468624063	0.10301492537313434	0.26512834153477854	0.25070592981040746	1.0	0.26918631530282017	0.2967431263915497	0.16666666666666666	0.06451612903225806	0.2711538461538462	0.22027063969382177	0.19998174516246806	0.06060606060606061	0.21746880570409982	0.06896551724137931	0.2730078563411897
ro	0.09210526315789473	0.1	0.15673076923076923	0.07692307692307693	0.28482697426796805	0.25396825396825395	0.1875	0.12362414008755472	0.1927710843373494	0.18478260869565216	0.24873426382047073	0.16666666666666666	0.3087752525252525	0.22644761029411764	0.20826330532212883	0.22171121969914726	0.18840579710144928	0.2236842105263158	0.2	0.15227272727272728	0.13704819277108435	0.2623655913978495	0.29509283819628646	0.26918631530282017	1.0	0.21602606951871658	0.2204585537918871	0.06818181818181818	0.2241165362827084	0.2759119861030689	0.19411764705882353	0.0625	0.2598639455782313	0.10526315789473684	0.19590182648401827
ru	0.04216867469879518	0.05357142857142857	0.08386880856760374	0.03571428571428571	0.2018455978196469	0.26945325620451577	0.14534883720930233	0.24735455932747913	0.3	0.2798634008478568	0.23445958558894903	0.14285714285714285	0.20743715603153354	0.25418623869171886	0.2557471264367816	0.2330847025721339	0.21417971181004355	0.10240963855421686	0.09411764705882353	0.11010143702451394	0.12016595051118684	0.2500936563436564	0.25851581508515814	0.2967431263915497	0.21602606951871658	1.0	0.11925996204933587	0.058823529411764705	0.23259989144503362	0.1595741467834491	0.23737888832228454	0.06896551724137931	0.19335747110430304	0.04819277108433735	0.25622895622895625
sh	0.13043478260869565	0.16666666666666666	0.1537037037037037	0.10416666666666667	0.19767441860465115	0.15004098360655738	0.17567567567567569	0.07051282051282051	0.11875	0.1111111111111111	0.18594619666048237	0.1511627906976744	0.24686643164904035	0.13076923076923078	0.11176470588235295	0.1323529411764706	0.14754098360655737	0.28	0.28128128128128127	0.12121212121212122	0.1366359447004608	0.19444444444444445	0.17619949494949494	0.16666666666666666	0.2204585537918871	0.11925996204933587	1.0	0.12962962962962962	0.18647179788484136	0.31692477876106195	0.10714285714285714	0.058823529411764705	0.2073170731707317	0.15217391304347827	0.14983660130718954
si	0.027777777777777776	0.1111111111111111	0.043478260869565216	0.058823529411764705	0.08139534883720931	0.06557377049180328	0.07142857142857142	0.038461538461538464	0.05625	0.05555555555555555	0.07	0.08974358974358974	0.09210526315789473	0.05384615384615385	0.05952380952380952	0.06716417910447761	0.075	0.10416666666666667	0.1	0.09615384615384616	0.10714285714285714	0.07017543859649122	0.07142857142857142	0.06451612903225806	0.06818181818181818	0.058823529411764705	0.12962962962962962	1.0	0.07608695652173914	0.08333333333333333	0.05421686746987952	0.08333333333333333	0.07142857142857142	0.05555555555555555	0.07352941176470588
simple	0.07142857142857142	0.09302325581395349	0.12235729386892177	0.05813953488372093	0.2636047463175123	0.2660955970532808	0.19	0.13574629977069003	0.22099587464717377	0.19798888443247578	0.2564007695722954	0.18835412953060013	0.28504521963824286	0.20997257987601337	0.17937027511495598	0.24783998106284766	0.23869622475856014	0.17795217355575643	0.15555555555555556	0.14294183518872275	0.12289640265555041	0.2373335798816568	0.255	0.2711538461538462	0.2241165362827084	0.23259989144503362	0.18647179788484136	0.07608695652173914	1.0	0.23128327417923691	0.17764521571463002	0.08163265306122448	0.2435194116228599	0.08333333333333333	0.2722792121421934
sr	0.12156862745098039	0.125	0.12034632034632034	0.0967741935483871	0.21348797250859108	0.19595064303093498	0.225	0.09854905573468448	0.16374058040724707	0.1439153138835282	0.19954648526077098	0.17876344086021503	0.24203681252066572	0.1652249134948097	0.15322890640015374	0.17704654895666133	0.15806430403050825	0.2630150111785372	0.23604465709728867	0.14825796886582654	0.12404761904761905	0.20659495871360278	0.2091692789968652	0.22027063969382177	0.2759119861030689	0.1595741467834491	0.31692477876106195	0.08333333333333333	0.23128327417923691	1.0	0.12677304964539007	0.08974358974358974	0.22104093938432243	0.13333333333333333	0.18095030213909885
sv	0.0396011396011396	0.0625	0.08125	0.037037037037037035	0.20292046396023197	0.23007841780545465	0.14285714285714285	0.21540177805238048	0.2112722478576137	0.19062543050006886	0.15918008388580707	0.14273254322507825	0.17424771211416162	0.1706036745406824	0.2939606370809257	0.2459580781374824	0.17976580939827727	0.10625	0.09036144578313253	0.09355921855921856	0.09643622509722993	0.2074468085106383	0.2128825475599669	0.19998174516246806	0.19411764705882353	0.23737888832228454	0.10714285714285714	0.05421686746987952	0.17764521571463002	0.12677304964539007	1.0	0.05813953488372093	0.17659251769464104	0.043209876543209874	0.19008769598724423
te	0.075	0.09090909090909091	0.037037037037037035	0.10526315789473684	0.0625	0.07936507936507936	0.14705882352941177	0.05128205128205128	0.060240963855421686	0.06521739130434782	0.05689287238583013	0.23529411764705882	0.056818181818181816	0.08461538461538462	0.056818181818181816	0.07971014492753623	0.05303030303030303	0.11706349206349206	0.06666666666666667	0.2693441414885777	0.2642372881355932	0.056451612903225805	0.06666666666666667	0.06060606060606061	0.0625	0.06896551724137931	0.058823529411764705	0.08333333333333333	0.08163265306122448	0.08974358974358974	0.05813953488372093	1.0	0.06521739130434782	0.1	0.05405405405405406
vi	0.09722222222222222	0.12162162162162163	0.1370546857272521	0.08108108108108109	0.25859854431283	0.21986892031735084	0.2111111111111111	0.1156923076923077	0.19753086419753085	0.17391304347826086	0.27244969858294843	0.17983367983367982	0.24341755319148936	0.2542194092827004	0.19411764705882353	0.25757575757575757	0.23809523809523808	0.21621621621621623	0.19230769230769232	0.13623595505617977	0.10416666666666667	0.22950819672131148	0.22131147540983606	0.21746880570409982	0.2598639455782313	0.19335747110430304	0.2073170731707317	0.07142857142857142	0.2435194116228599	0.22104093938432243	0.17659251769464104	0.06521739130434782	1.0	0.1111111111111111	0.23301982714794103
war	0.3333333333333333	0.14285714285714285	0.08333333333333333	0.125	0.08974358974358974	0.07017543859649122	0.14285714285714285	0.025956881610703468	0.05194805194805195	0.045454545454545456	0.07608695652173914	0.08333333333333333	0.12121212121212122	0.06666666666666667	0.04878048780487805	0.0625	0.07017543859649122	0.15789473684210525	0.2222222222222222	0.14285714285714285	0.1	0.07547169811320754	0.07692307692307693	0.06896551724137931	0.10526315789473684	0.04819277108433735	0.15217391304347827	0.05555555555555555	0.08333333333333333	0.13333333333333333	0.043209876543209874	0.1	0.1111111111111111	1.0	0.06060606060606061
zh	0.05397192261599042	0.06716417910447761	0.08426073131955486	0.04477611940298507	0.23561497811344717	0.2893348476799355	0.1629152272123306	0.20048400673400674	0.28916256157635467	0.30512096565300734	0.2541643059490085	0.14192654192654192	0.24231817327570004	0.2760500877223159	0.2237097598364844	0.2688449552006233	0.3176851025869759	0.11940298507462686	0.12041458649880617	0.09203216374269006	0.09227564102564102	0.23974031502767135	0.22183058770309497	0.2730078563411897	0.19590182648401827	0.25622895622895625	0.14983660130718954	0.07352941176470588	0.2722792121421934	0.18095030213909885	0.19008769598724423	0.05405405405405406	0.23301982714794103	0.06060606060606061	1.0
