arz	bs	ceb	ckb	da	de	el	en	es	fr	he	hi	hu	id	it	ja	ko	lv	mk	ml	mr	nl	pl	pt	ro	ru	sh	si	simple	sr	sv	te	vi	war	zh
arz	0.14302055114297968	0.25	0.5	0.3333333333333333	0.16666666666666666	0.16666666666666666	0.14285714285714285	0.14285714285714285	0.14285714285714285	0.14285714285714285	0.16666666666666666	0.25006249999999997	0.14289795918367346	0.14289795918367346	0.16666666666666666	0.16666666666666666	0.14285714285714285	0.2	0.16666666666666666	0.2	0.25006249999999997	0.14287755102040817	0.14285714285714285	0.14285714285714285	0.14285714285714285	0.14285714285714285	0.16666666666666666	1.0	0.16666666666666666	0.14287755102040817	0.16669444444444442	0.3333333333333333	0.14285714285714285	0.16666666666666666	0.14287755102040817
bs	0.25	0.10001999999999998	0.25	0.25	0.1111111111111111	0.125	0.1111111111111111	0.1	0.1111111111111111	0.1111111111111111	0.1	0.125	0.125	0.1111111111111111	0.125	0.125	0.1111111111111111	0.125	0.16669444444444442	0.16669444444444442	0.16669444444444442	0.125	0.1111111111111111	0.1111111111111111	0.125	0.1111111111111111	0.125	0.25	0.125	0.125	0.1	0.25	0.1111111111111111	0.25	0.1111111111111111
ceb	0.5	0.25	0.07735136096154516	0.3333333333333333	0.08334722222222221	0.07693491124260354	0.16666666666666666	0.07695860356213609	0.07693491124260354	0.07693491124260354	0.08338197918750694	0.1111111111111111	0.0833889166736111	0.09093388429752067	0.08334027777777778	0.09093389256198348	0.10000999999999999	0.11112345679012345	0.14291838775510204	0.2	0.20007999999999998	0.08334722222222221	0.07695859172189348	0.08335417361111111	0.09095042148760331	0.07694674556213017	0.125015625	0.5	0.10006001999999999	0.12503124999999998	0.07692307692307693	0.5	0.10001999999999998	0.3333333333333333	0.09094214876033059
ckb	0.3333333333333333	0.25	0.3333333333333333	0.14289797961226533	0.16666666666666666	0.14285714285714285	0.2	0.14285714285714285	0.16666666666666666	0.14285714285714285	0.16666666666666666	0.16666666666666666	0.16666666666666666	0.16666666666666666	0.16666666666666666	0.16666666666666666	0.16666666666666666	0.16666666666666666	0.2	0.2	0.20003999999999997	0.16666666666666666	0.16666666666666666	0.16666666666666666	0.16666666666666666	0.16666666666666666	0.2	0.5	0.2	0.16666666666666666	0.16666666666666666	0.25	0.16666666666666666	0.3333333333333333	0.16666666666666666
da	0.16666666666666666	0.1111111111111111	0.08334722222222221	0.16666666666666666	0.02638592780053197	0.033337778888888885	0.05263157894736842	0.026322023546399582	0.029412629757785465	0.02857306122448979	0.034489894173602854	0.05263157894736842	0.03704939507545955	0.03334000111111111	0.0312509765625	0.03448394768133174	0.03448394768133174	0.058823529411764705	0.07142857142857142	0.08334027777777778	0.09090909090909091	0.033334444444444444	0.030305785123966943	0.03125	0.03704115226337448	0.02941608996539792	0.058823529411764705	0.14285714285714285	0.03704115226337448	0.050004999999999994	0.03030762167125803	0.16666666666666666	0.0400016	0.14285714285714285	0.030306703397612485
de	0.16666666666666666	0.125	0.07693491124260354	0.14285714285714285	0.033337778888888885	0.017600060323067157	0.04348015122873346	0.01785969419642857	0.0200008	0.01818380297553719	0.029416955017301037	0.043478260869565216	0.03448989298454221	0.026318559556786702	0.02174102079395085	0.022728822314049588	0.027780092592592592	0.06666666666666667	0.0625078125	0.06250390624999999	0.06668000444889334	0.024390838786436643	0.025003125624999997	0.02325743645213629	0.03125	0.020836806858507813	0.05555864197530863	0.125	0.03031313406887053	0.041671875	0.02325635478637101	0.1	0.03571683801020408	0.125	0.022735023243801653
el	0.14285714285714285	0.1111111111111111	0.16666666666666666	0.2	0.05263157894736842	0.04348015122873346	0.03572321811479847	0.03571683673469388	0.041666666666666664	0.041666666666666664	0.05	0.05555555555555555	0.058823529411764705	0.047619047619047616	0.04167013888888889	0.041666666666666664	0.05	0.08333333333333333	0.09090909090909091	0.07142857142857142	0.07692307692307693	0.05	0.05	0.04166840277777777	0.05555555555555555	0.04	0.07692307692307693	0.2	0.05263157894736842	0.05555555555555555	0.041666666666666664	0.1	0.05263157894736842	0.125	0.04348015122873346
en	0.14285714285714285	0.1	0.07695860356213609	0.14285714285714285	0.026322023546399582	0.01785969419642857	0.03571683673469388	0.006475972702075903	0.01351460938641344	0.011767612733564014	0.022735540289256197	0.029412629757785465	0.03031221487603306	0.01667055611111111	0.013699756051792081	0.015874023683547494	0.019232618343195264	0.05882698961937716	0.05883045328719723	0.052637119113573404	0.04546694214876033	0.01923224852071006	0.020004800799999996	0.017860331632653062	0.026319945983379504	0.012823636423734385	0.045454545454545456	0.08333333333333333	0.024399765616299817	0.03334222333333333	0.014288979999999998	0.0625	0.027778549382716046	0.125015625	0.016136319459937824
es	0.14285714285714285	0.1111111111111111	0.07693491124260354	0.16666666666666666	0.029412629757785465	0.0200008	0.041666666666666664	0.01351460938641344	0.012997141345426554	0.015151744719926538	0.02631786703601108	0.04	0.030303948576675847	0.02325635478637101	0.018868280526877893	0.02083376736111111	0.02325743645213629	0.0625	0.06666666666666667	0.06250390624999999	0.0625	0.020833333333333332	0.02325635478637101	0.02	0.03125	0.016666666666666666	0.05263157894736842	0.1111111111111111	0.027778549382716046	0.038463017751479284	0.02174007561436673	0.1	0.03125	0.125	0.01923224852071006
fr	0.14285714285714285	0.1111111111111111	0.07693491124260354	0.14285714285714285	0.02857306122448979	0.01818380297553719	0.041666666666666664	0.011767612733564014	0.015151744719926538	0.011401202853446596	0.024393218322427124	0.03703840877914952	0.030306705235998162	0.020836805989583332	0.018518861454046638	0.0196078431372549	0.020410245730945437	0.0625	0.058823529411764705	0.055567907407407406	0.0500100025	0.020834635416666667	0.022223704197530864	0.02040941274468971	0.029411764705882353	0.01639424912684789	0.05	0.1	0.027781636574074068	0.03846449704142012	0.021740076086956522	0.08333333333333333	0.03125	0.125	0.01754940197076085
he	0.16666666666666666	0.1	0.08338197918750694	0.16666666666666666	0.034489894173602854	0.029416955017301037	0.05	0.022735540289256197	0.02631786703601108	0.024393218322427124	0.022322421176165553	0.05263157894736842	0.03847041420118343	0.028579592653061228	0.02941349480968858	0.0312529296875	0.033335555555555556	0.0625	0.07143878061735205	0.08334027777777778	0.0909421652892562	0.030305785123966943	0.033334444444444444	0.025004999999999996	0.037042524005486965	0.025004376250624998	0.05555864197530863	0.14285714285714285	0.03573215051530995	0.047625850340136056	0.033334444444444444	0.16669444444444442	0.035719387755102035	0.14285714285714285	0.027793223000001543
hi	0.25006249999999997	0.125	0.1111111111111111	0.16666666666666666	0.05263157894736842	0.043478260869565216	0.05555555555555555	0.029412629757785465	0.04	0.03703840877914952	0.05263157894736842	0.029439473213700718	0.05555555555555555	0.038463017751479284	0.043478260869565216	0.04	0.047621315192743756	0.07142857142857142	0.08333333333333333	0.06250390624999999	0.04762358276643991	0.05263157894736842	0.047619047619047616	0.047619047619047616	0.05555555555555555	0.038461538461538464	0.07692307692307693	0.14285714285714285	0.0500100050025025	0.06251171875	0.0400016	0.0625	0.055558645064817905	0.16666666666666666	0.045456611570247926
hu	0.14289795918367346	0.125	0.0833889166736111	0.16666666666666666	0.03704939507545955	0.03448989298454221	0.058823529411764705	0.03031221487603306	0.030303948576675847	0.030306705235998162	0.03847041420118343	0.05555555555555555	0.030413612020421792	0.038465977810650885	0.03571428571428571	0.03572066581632653	0.037039780521262	0.06666666666666667	0.07143877551020407	0.08333333333333333	0.08337503474306249	0.034487514863258024	0.0344910820451843	0.034485136741973836	0.03847189792899408	0.030309458218549124	0.05555864197530863	0.14285714285714285	0.03847781656804733	0.05000999999999999	0.03448394768133174	0.2	0.04546074586776859	0.125	0.03227681271698858
id	0.14289795918367346	0.1111111111111111	0.09093388429752067	0.16666666666666666	0.03334000111111111	0.026318559556786702	0.047619047619047616	0.01667055611111111	0.02325635478637101	0.020836805989583332	0.028579592653061228	0.038463017751479284	0.038465977810650885	0.016721296188573095	0.025642340565417487	0.025002500625	0.027027757487216943	0.0625	0.06667111556000445	0.06666666666666667	0.06251562890625	0.029414359861591695	0.02941608996539792	0.026318559556786702	0.03333666777777777	0.021280670891806245	0.058823529411764705	0.14285714285714285	0.034492274675388825	0.04545867768595041	0.02857387918530776	0.09090909090909091	0.031251953124999995	0.125	0.0227329555785124
it	0.16666666666666666	0.125	0.08334027777777778	0.16666666666666666	0.0312509765625	0.02174102079395085	0.04167013888888889	0.013699756051792081	0.018868280526877893	0.018518861454046638	0.02941349480968858	0.043478260869565216	0.03571428571428571	0.025642340565417487	0.012217172441241916	0.019231139053254437	0.02564102564102564	0.0625	0.0625078125	0.06250390624999999	0.06666666666666667	0.023810090702947845	0.023810090702947845	0.022727789256198346	0.028572244897959183	0.018183471074380165	0.05263157894736842	0.1	0.0312529296875	0.038463017751479284	0.016950589198506175	0.1	0.030303030303030304	0.125	0.022225679012345678
ja	0.16666666666666666	0.125	0.09093389256198348	0.16666666666666666	0.03448394768133174	0.022728822314049588	0.041666666666666664	0.015874023683547494	0.02083376736111111	0.0196078431372549	0.0312529296875	0.04	0.03572066581632653	0.025002500625	0.019231139053254437	0.015645781290828206	0.023810090702947845	0.06666666666666667	0.06250390624999999	0.0625	0.06251954688673048	0.026317174515235454	0.027027757487216943	0.02702848794740686	0.03225910509885536	0.02174102079395085	0.05555555555555555	0.1111111111111111	0.029416955017301037	0.04167013888888889	0.021277501131733816	0.09090909090909091	0.029411764705882353	0.125	0.02222469185185185
ko	0.14285714285714285	0.1111111111111111	0.10000999999999999	0.16666666666666666	0.03448394768133174	0.027780092592592592	0.05	0.019232618343195264	0.02325743645213629	0.020410245730945437	0.033335555555555556	0.047621315192743756	0.037039780521262	0.027027757487216943	0.02564102564102564	0.023810090702947845	0.017585819572766604	0.0625	0.0625	0.08334722917361806	0.07694082840236686	0.03125	0.03125	0.029411764705882353	0.038461538461538464	0.024393813206424746	0.05555555555555555	0.1111111111111111	0.03226430905306972	0.0500100075025	0.027778549382716046	0.14285714285714285	0.03333333333333333	0.125	0.021281577638298778
lv	0.2	0.125	0.11112345679012345	0.16666666666666666	0.058823529411764705	0.06666666666666667	0.08333333333333333	0.05882698961937716	0.0625	0.0625	0.0625	0.07142857142857142	0.06666666666666667	0.0625	0.0625	0.06666666666666667	0.0625	0.05884775778546713	0.08333333333333333	0.1111111111111111	0.11112345679012345	0.0625	0.058823529411764705	0.058830449826989616	0.058823529411764705	0.058823529411764705	0.07142857142857142	0.2	0.06667555555555556	0.06250390624999999	0.058823529411764705	0.20003999999999997	0.0625	0.16666666666666666	0.0625
mk	0.16666666666666666	0.16669444444444442	0.14291838775510204	0.2	0.07142857142857142	0.0625078125	0.09090909090909091	0.05883045328719723	0.06666666666666667	0.058823529411764705	0.07143878061735205	0.08333333333333333	0.07143877551020407	0.06667111556000445	0.0625078125	0.06250390624999999	0.0625	0.08333333333333333	0.05562044450622536	0.125015625	0.1429387755102041	0.05882698961937716	0.0625	0.06666666666666667	0.0625	0.0625	0.07694082840236686	0.2	0.07142857142857142	0.06667555555555556	0.06666666666666667	0.25	0.06666666666666667	0.125	0.06251172265624999
ml	0.2	0.16669444444444442	0.2	0.2	0.08334027777777778	0.06250390624999999	0.07142857142857142	0.052637119113573404	0.06250390624999999	0.055567907407407406	0.08334027777777778	0.06250390624999999	0.08333333333333333	0.06666666666666667	0.06250390624999999	0.0625	0.08334722917361806	0.1111111111111111	0.125015625	0.0527648706169383	0.07145919898980613	0.07143367346938777	0.06666666666666667	0.07143367346938775	0.07692900000592308	0.055561728395061724	0.125	0.2	0.07694082840236686	0.09091735537190083	0.06667555555555557	0.08334027777777778	0.09092561983471074	0.16666666666666666	0.07693491715976332
mr	0.25006249999999997	0.16669444444444442	0.20007999999999998	0.20003999999999997	0.09090909090909091	0.06668000444889334	0.07692307692307693	0.04546694214876033	0.0625	0.0500100025	0.0909421652892562	0.04762358276643991	0.08337503474306249	0.06251562890625	0.06666666666666667	0.06251954688673048	0.07694082840236686	0.11112345679012345	0.1429387755102041	0.07145919898980613	0.04567672852839973	0.07693491124260354	0.07143367346938775	0.07694083431952663	0.08336113195834723	0.050004999999999994	0.11113580246913579	0.16666666666666666	0.08336111805555554	0.10002000999999999	0.0625078125	0.07692899408284024	0.1	0.2	0.07696452072190534
nl	0.14287755102040817	0.125	0.08334722222222221	0.16666666666666666	0.033334444444444444	0.024390838786436643	0.05	0.01923224852071006	0.020833333333333332	0.020834635416666667	0.030305785123966943	0.05263157894736842	0.034487514863258024	0.029414359861591695	0.023810090702947845	0.026317174515235454	0.03125	0.0625	0.05882698961937716	0.07143367346938777	0.07693491124260354	0.018890022100780383	0.027777777777777776	0.026317174515235454	0.03225910509885536	0.022223209876543207	0.047619047619047616	0.125	0.033335555555555556	0.04166840277777777	0.02564102564102564	0.14285714285714285	0.03571428571428571	0.125	0.02631994459833795
pl	0.14285714285714285	0.1111111111111111	0.07695859172189348	0.16666666666666666	0.030305785123966943	0.025003125624999997	0.05	0.020004800799999996	0.02325635478637101	0.022223704197530864	0.033334444444444444	0.047619047619047616	0.0344910820451843	0.02941608996539792	0.023810090702947845	0.027027757487216943	0.03125	0.058823529411764705	0.0625	0.06666666666666667	0.07143367346938775	0.027777777777777776	0.01927746618052045	0.027780864197530862	0.031256837891601566	0.02222567950617284	0.05263434903047091	0.125	0.032262226847034337	0.04166840277777777	0.025642340565417487	0.125	0.037037037037037035	0.125	0.027780092592592592
pt	0.14285714285714285	0.1111111111111111	0.08335417361111111	0.16666666666666666	0.03125	0.02325743645213629	0.04166840277777777	0.017860331632653062	0.02	0.02040941274468971	0.025004999999999996	0.047619047619047616	0.034485136741973836	0.026318559556786702	0.022727789256198346	0.02702848794740686	0.029411764705882353	0.058830449826989616	0.06666666666666667	0.07143367346938775	0.07694083431952663	0.026317174515235454	0.027780864197530862	0.01728487745208334	0.030305785123966943	0.01923224852071006	0.05	0.125	0.029418685986159168	0.038468934911242605	0.025642340565417487	0.125	0.03571683673469388	0.125	0.02326122336398053
ro	0.14285714285714285	0.125	0.09095042148760331	0.16666666666666666	0.03704115226337448	0.03125	0.05555555555555555	0.026319945983379504	0.03125	0.029411764705882353	0.037042524005486965	0.05555555555555555	0.03847189792899408	0.03333666777777777	0.028572244897959183	0.03225910509885536	0.038461538461538464	0.058823529411764705	0.0625	0.07692900000592308	0.08336113195834723	0.03225910509885536	0.031256837891601566	0.030305785123966943	0.026359492492552903	0.027780092592592592	0.05555864197530863	0.16666666666666666	0.04167361284722222	0.04166840277777777	0.030303030303030304	0.16666666666666666	0.0400016	0.125	0.03448632580261593
ru	0.14285714285714285	0.1111111111111111	0.07694674556213017	0.16666666666666666	0.02941608996539792	0.020836806858507813	0.04	0.012823636423734385	0.016666666666666666	0.01639424912684789	0.025004376250624998	0.038461538461538464	0.030309458218549124	0.021280670891806245	0.018183471074380165	0.02174102079395085	0.024393813206424746	0.058823529411764705	0.0625	0.055561728395061724	0.050004999999999994	0.022223209876543207	0.02222567950617284	0.01923224852071006	0.027780092592592592	0.01209072981364888	0.05000249999999999	0.1	0.02632479640097022	0.037039780521262	0.019231878698224854	0.08333333333333333	0.030303948576675847	0.125	0.0200024004
sh	0.16666666666666666	0.125	0.125015625	0.2	0.058823529411764705	0.05555864197530863	0.07692307692307693	0.045454545454545456	0.05263157894736842	0.05	0.05555864197530863	0.07692307692307693	0.05555864197530863	0.058823529411764705	0.05263157894736842	0.05555555555555555	0.05555555555555555	0.07142857142857142	0.07694082840236686	0.125	0.11113580246913579	0.047619047619047616	0.05263434903047091	0.05	0.05555864197530863	0.05000249999999999	0.04549383267150207	0.14285714285714285	0.05882698961937716	0.05000249999999999	0.05555555555555555	0.25	0.058823529411764705	0.14285714285714285	0.0500075
si	1.0	0.25	0.5	0.5	0.14285714285714285	0.125	0.2	0.08333333333333333	0.1111111111111111	0.1	0.14285714285714285	0.14285714285714285	0.14285714285714285	0.14285714285714285	0.1	0.1111111111111111	0.1111111111111111	0.2	0.2	0.2	0.16666666666666666	0.125	0.125	0.125	0.16666666666666666	0.1	0.14285714285714285	0.08334722222222221	0.14285714285714285	0.16666666666666666	0.1111111111111111	0.25	0.16666666666666666	0.5	0.1
simple	0.16666666666666666	0.125	0.10006001999999999	0.2	0.03704115226337448	0.03031313406887053	0.05263157894736842	0.024399765616299817	0.027778549382716046	0.027781636574074068	0.03573215051530995	0.0500100050025025	0.03847781656804733	0.034492274675388825	0.0312529296875	0.029416955017301037	0.03226430905306972	0.06667555555555556	0.07142857142857142	0.07694082840236686	0.08336111805555554	0.033335555555555556	0.032262226847034337	0.029418685986159168	0.04167361284722222	0.02632479640097022	0.05882698961937716	0.14285714285714285	0.02455671745442117	0.04546487603305785	0.03226326742976067	0.125	0.0400032016016016	0.14285714285714285	0.02780016667361806
sr	0.14287755102040817	0.125	0.12503124999999998	0.16666666666666666	0.050004999999999994	0.041671875	0.05555555555555555	0.03334222333333333	0.038463017751479284	0.03846449704142012	0.047625850340136056	0.06251171875	0.05000999999999999	0.04545867768595041	0.038463017751479284	0.04167013888888889	0.0500100075025	0.06250390624999999	0.06667555555555556	0.09091735537190083	0.10002000999999999	0.04166840277777777	0.04166840277777777	0.038468934911242605	0.04166840277777777	0.037039780521262	0.05000249999999999	0.16666666666666666	0.04546487603305785	0.033439221057823	0.045456611570247926	0.14285714285714285	0.05000249999999999	0.125	0.04000960159999999
sv	0.16669444444444442	0.1	0.07692307692307693	0.16666666666666666	0.03030762167125803	0.02325635478637101	0.041666666666666664	0.014288979999999998	0.02174007561436673	0.021740076086956522	0.033334444444444444	0.0400016	0.03448394768133174	0.02857387918530776	0.016950589198506175	0.021277501131733816	0.027778549382716046	0.058823529411764705	0.06666666666666667	0.06667555555555557	0.0625078125	0.02564102564102564	0.025642340565417487	0.025642340565417487	0.030303030303030304	0.019231878698224854	0.05555555555555555	0.1111111111111111	0.03226326742976067	0.045456611570247926	0.012529441714560309	0.1	0.033334444444444444	0.14285714285714285	0.025001249999999996
te	0.3333333333333333	0.25	0.5	0.25	0.16666666666666666	0.1	0.1	0.0625	0.1	0.08333333333333333	0.16669444444444442	0.0625	0.2	0.09090909090909091	0.1	0.09090909090909091	0.14285714285714285	0.20003999999999997	0.25	0.08334027777777778	0.07692899408284024	0.14285714285714285	0.125	0.125	0.16666666666666666	0.08333333333333333	0.25	0.25	0.125	0.14285714285714285	0.1	0.06254692582425785	0.16666666666666666	0.25	0.125
vi	0.14285714285714285	0.1111111111111111	0.10001999999999998	0.16666666666666666	0.0400016	0.03571683801020408	0.05263157894736842	0.027778549382716046	0.03125	0.03125	0.035719387755102035	0.055558645064817905	0.04546074586776859	0.031251953124999995	0.030303030303030304	0.029411764705882353	0.03333333333333333	0.0625	0.06666666666666667	0.09092561983471074	0.1	0.03571428571428571	0.037037037037037035	0.03571683673469388	0.0400016	0.030303948576675847	0.058823529411764705	0.16666666666666666	0.0400032016016016	0.05000249999999999	0.033334444444444444	0.16666666666666666	0.02781100547541452	0.125	0.03125488378906251
war	0.16666666666666666	0.25	0.3333333333333333	0.3333333333333333	0.14285714285714285	0.125	0.125	0.125015625	0.125	0.125	0.14285714285714285	0.16666666666666666	0.125	0.125	0.125	0.125	0.125	0.16666666666666666	0.125	0.16666666666666666	0.2	0.125	0.125	0.125	0.125	0.125	0.14285714285714285	0.5	0.14285714285714285	0.125	0.14285714285714285	0.25	0.125	0.125015625	0.125
zh	0.14287755102040817	0.1111111111111111	0.09094214876033059	0.16666666666666666	0.030306703397612485	0.022735023243801653	0.04348015122873346	0.016136319459937824	0.01923224852071006	0.01754940197076085	0.027793223000001543	0.045456611570247926	0.03227681271698858	0.0227329555785124	0.022225679012345678	0.02222469185185185	0.021281577638298778	0.0625	0.06251172265624999	0.07693491715976332	0.07696452072190534	0.02631994459833795	0.027780092592592592	0.02326122336398053	0.03448632580261593	0.0200024004	0.0500075	0.1	0.02780016667361806	0.04000960159999999	0.025001249999999996	0.125	0.03125488378906251	0.125	0.015272752970001205
