arz	bs	ceb	ckb	da	de	el	en	es	fr	he	hi	hu	id	it	ja	ko	lv	mk	ml	mr	nl	pl	pt	ro	ru	sh	si	simple	sr	sv	te	vi	war	zh
arz	1.0	0.0	0.0	0.0	1.0	1.0	1.0	1.0	1.0	1.0	1.0	0.0	1.0	1.0	1.0	1.0	1.0	1.0	1.0	0.0	1.0	1.0	1.0	1.0	1.0	1.0	0.0	1.0	1.0	1.0	1.0	0.0	1.0	1.0	1.0
bs	0.0	1.0	0.0	0.0	1.0	1.0	1.0	1.0	1.0	1.0	1.0	1.0	1.0	0.0	1.0	1.0	1.0	0.0	0.0	0.0	0.0	1.0	1.0	1.0	1.0	1.0	1.0	0.0	0.0	1.0	1.0	0.0	1.0	0.7320606857984925	1.0
ceb	0.0	0.0	1.0	0.0	0.0	1.0	0.0	1.0	1.0	1.0	0.0	0.0	0.0	0.0	0.0	1.0	0.0	0.0	0.0	0.0	0.0	1.0	1.0	1.0	0.0	0.0	0.0	0.0	0.0	0.0	1.0	0.0	0.0	1.0	0.0
ckb	0.0	0.0	0.0	1.0	0.0	1.0	0.0	1.0	1.0	1.0	1.0	0.0	0.0	0.0	1.0	1.0	0.0	0.0	0.0	0.0	0.0	1.0	0.0	0.0	0.0	1.0	1.0	0.0	1.0	0.0	0.0	0.0	1.0	0.7510341748895939	0.0
da	1.0	1.0	0.0	0.0	1.0	1.0	1.0	0.23963681898174657	0.7210092110599263	0.8240243516608119	1.0	1.0	1.0	1.0	1.0	0.7322034805959264	1.0	1.0	1.0	1.0	1.0	0.6538836485984505	1.0	1.0	0.4702762018265765	0.7322034805959264	1.0	1.0	1.0	1.0	0.7263875964832449	0.0	1.0	0.6236857269851578	1.0
de	1.0	1.0	1.0	1.0	1.0	1.0	1.0	0.13172179804449952	0.40560367539320624	0.2618720529844145	0.7147973711694584	0.0	0.728099120889861	0.6667969795412325	0.4601048700828049	0.6383829424521855	0.7322034805959262	1.0	1.0	1.0	1.0	0.33219151822338433	0.5852532531850114	0.6067636116293127	0.37183876187069786	0.5002821868799634	1.0	1.0	1.0	1.0	0.4787427841152149	0.0	1.0	0.7106922308883379	1.0
el	1.0	1.0	0.0	0.0	1.0	1.0	1.0	0.6044414021866648	1.0	1.0	1.0	0.0	1.0	1.0	1.0	1.0	1.0	1.0	1.0	1.0	1.0	1.0	1.0	1.0	0.5303097953616406	1.0	0.0	1.0	1.0	1.0	1.0	0.0	1.0	0.6994017365373274	1.0
en	1.0	1.0	1.0	1.0	0.23963681898174657	0.13172179804449952	0.6044414021866648	1.0	0.10931232457931614	0.13455138000384598	0.406094306763211	1.0	1.0	0.2969858225852742	0.2883904750782592	0.35271739502744864	0.38919876360042976	1.0	1.0	0.7376607345031153	1.0	0.20473722364594377	0.23938561615483575	0.594922441630797	0.38111868692148065	0.20962344862126797	0.6131109307903289	1.0	0.7322034805959263	1.0	0.23009307748616648	1.0	0.661251134120194	0.6994017365373274	0.4369248917937265
es	1.0	1.0	1.0	1.0	0.7210092110599263	0.40560367539320624	1.0	0.10931232457931614	1.0	0.5717438114184995	0.7162976956558117	1.0	1.0	1.0	0.48250677561999294	1.0	1.0	1.0	1.0	1.0	1.0	0.27998128043177906	0.7134542832283587	0.7116768074483948	0.41151621655286863	1.0	1.0	1.0	1.0	1.0	1.0	0.0	1.0	0.6994017365373274	0.7171176902274347
fr	1.0	1.0	1.0	1.0	0.8240243516608119	0.2618720529844145	1.0	0.13455138000384598	0.5717438114184995	1.0	1.0	1.0	1.0	1.0	0.4470717470614259	0.6377047307628825	1.0	1.0	1.0	1.0	1.0	0.35407306108774284	0.58610317478199	0.7122412578101113	0.3947026411234458	0.6305763671857718	1.0	1.0	0.7411828468492556	1.0	0.6336822667335665	1.0	1.0	0.6994017365373274	1.0
he	1.0	1.0	0.0	1.0	1.0	0.7147973711694584	1.0	0.406094306763211	0.7162976956558117	1.0	1.0	0.0	1.0	1.0	0.5913800870748354	1.0	1.0	1.0	1.0	1.0	1.0	0.3890743896449625	1.0	1.0	0.4058342518949708	1.0	1.0	1.0	1.0	1.0	1.0	0.0	1.0	0.6994017365373274	1.0
hi	0.0	1.0	0.0	0.0	1.0	0.0	0.0	1.0	1.0	1.0	0.0	1.0	0.0	1.0	0.0	1.0	0.0	0.0	0.0	1.0	1.0	1.0	0.0	0.0	0.0	1.0	1.0	0.0	1.0	1.0	1.0	1.0	0.0	0.7510341748895939	0.0
hu	1.0	1.0	0.0	0.0	1.0	0.728099120889861	1.0	1.0	1.0	1.0	1.0	0.0	1.0	1.0	1.0	1.0	1.0	1.0	1.0	1.0	1.0	1.0	1.0	1.0	0.36743519464639934	1.0	1.0	1.0	1.0	1.0	1.0	0.0	1.0	0.7106922308883379	1.0
id	1.0	0.0	0.0	0.0	1.0	0.6667969795412325	1.0	0.2969858225852742	1.0	1.0	1.0	1.0	1.0	1.0	1.0	1.0	1.0	1.0	1.0	1.0	1.0	1.0	1.0	1.0	1.0	0.7376607345031153	1.0	1.0	0.7584325078215763	1.0	1.0	0.0	1.0	0.6226323039572873	1.0
it	1.0	1.0	0.0	1.0	1.0	0.4601048700828049	1.0	0.2883904750782592	0.48250677561999294	0.4470717470614259	0.5913800870748354	0.0	1.0	1.0	1.0	0.7210092110599264	1.0	1.0	1.0	1.0	1.0	0.3680982001656139	0.5747129628734963	1.0	0.32746255393917106	0.5850722921121674	1.0	1.0	1.0	1.0	0.5570988795109544	0.0	1.0	0.6236857269851577	1.0
ja	1.0	1.0	1.0	1.0	0.7322034805959264	0.6383829424521855	1.0	0.35271739502744864	1.0	0.6377047307628825	1.0	1.0	1.0	1.0	0.7210092110599264	1.0	1.0	1.0	1.0	1.0	1.0	0.38255811498770237	1.0	1.0	0.4318525141527191	1.0	1.0	1.0	1.0	1.0	1.0	0.0	1.0	0.6994017365373274	1.0
ko	1.0	1.0	0.0	0.0	1.0	0.7322034805959262	1.0	0.38919876360042976	1.0	1.0	1.0	0.0	1.0	1.0	1.0	1.0	1.0	1.0	1.0	1.0	1.0	1.0	1.0	1.0	0.4527773158797659	1.0	1.0	1.0	1.0	1.0	1.0	0.0	1.0	0.6994017365373274	1.0
lv	1.0	0.0	0.0	0.0	1.0	1.0	1.0	1.0	1.0	1.0	1.0	0.0	1.0	1.0	1.0	1.0	1.0	1.0	1.0	0.0	1.0	1.0	1.0	1.0	1.0	1.0	0.0	1.0	1.0	1.0	1.0	0.0	1.0	0.7584325078215763	1.0
mk	1.0	0.0	0.0	0.0	1.0	1.0	1.0	1.0	1.0	1.0	1.0	0.0	1.0	1.0	1.0	1.0	1.0	1.0	1.0	0.0	1.0	1.0	1.0	1.0	1.0	1.0	0.0	1.0	1.0	1.0	1.0	0.0	1.0	1.0	1.0
ml	0.0	0.0	0.0	0.0	1.0	1.0	1.0	0.7376607345031153	1.0	1.0	1.0	1.0	1.0	1.0	1.0	1.0	1.0	0.0	0.0	1.0	1.0	1.0	1.0	1.0	0.0	1.0	1.0	0.0	0.8216064286890065	0.0	1.0	1.0	1.0	0.7106922308883379	1.0
mr	1.0	0.0	0.0	0.0	1.0	1.0	1.0	1.0	1.0	1.0	1.0	1.0	1.0	1.0	1.0	1.0	1.0	1.0	1.0	1.0	1.0	1.0	1.0	1.0	1.0	1.0	0.0	1.0	1.0	1.0	1.0	0.0	1.0	0.7690990303325336	1.0
nl	1.0	1.0	1.0	1.0	0.6538836485984505	0.33219151822338433	1.0	0.20473722364594377	0.27998128043177906	0.35407306108774284	0.3890743896449625	1.0	1.0	1.0	0.3680982001656139	0.38255811498770237	1.0	1.0	1.0	1.0	1.0	1.0	1.0	0.7300208629885034	0.35497799802522334	0.37834675029825426	0.44930756545688116	1.0	0.43526109167898114	1.0	0.6475250169846578	1.0	0.3477564795905147	0.6236857269851577	0.7300208629885034
pl	1.0	1.0	1.0	0.0	1.0	0.5852532531850114	1.0	0.23938561615483575	0.7134542832283587	0.58610317478199	1.0	0.0	1.0	1.0	0.5747129628734963	1.0	1.0	1.0	1.0	1.0	1.0	1.0	1.0	1.0	0.3947026411234458	1.0	1.0	1.0	1.0	1.0	1.0	0.0	1.0	0.4015175658859531	1.0
pt	1.0	1.0	1.0	0.0	1.0	0.6067636116293127	1.0	0.594922441630797	0.7116768074483948	0.7122412578101113	1.0	0.0	1.0	1.0	1.0	1.0	1.0	1.0	1.0	1.0	1.0	0.7300208629885034	1.0	1.0	0.5042139125013491	1.0	1.0	1.0	1.0	1.0	1.0	0.0	1.0	0.6994017365373274	1.0
ro	1.0	1.0	0.0	0.0	0.4702762018265765	0.37183876187069786	0.5303097953616406	0.38111868692148065	0.41151621655286863	0.3947026411234458	0.4058342518949708	0.0	0.36743519464639934	1.0	0.32746255393917106	0.4318525141527191	0.4527773158797659	1.0	1.0	0.0	1.0	0.35497799802522334	0.3947026411234458	0.5042139125013491	1.0	0.4083058778905825	0.0	1.0	1.0	1.0	0.372230431121461	0.0	0.4557735640768249	0.6994017365373274	0.4101163901545032
ru	1.0	1.0	0.0	1.0	0.7322034805959264	0.5002821868799634	1.0	0.20962344862126797	1.0	0.6305763671857718	1.0	1.0	1.0	0.7376607345031153	0.5850722921121674	1.0	1.0	1.0	1.0	1.0	1.0	0.37834675029825426	1.0	1.0	0.4083058778905825	1.0	1.0	1.0	0.7584325078215763	1.0	1.0	1.0	1.0	0.6994017365373274	1.0
sh	0.0	1.0	0.0	1.0	1.0	1.0	0.0	0.6131109307903289	1.0	1.0	1.0	1.0	1.0	1.0	1.0	1.0	1.0	0.0	0.0	1.0	0.0	0.44930756545688116	1.0	1.0	0.0	1.0	1.0	0.0	1.0	1.0	1.0	0.0	1.0	0.6212845645194139	1.0
si	1.0	0.0	0.0	0.0	1.0	1.0	1.0	1.0	1.0	1.0	1.0	0.0	1.0	1.0	1.0	1.0	1.0	1.0	1.0	0.0	1.0	1.0	1.0	1.0	1.0	1.0	0.0	1.0	1.0	1.0	1.0	0.0	1.0	1.0	1.0
simple	1.0	0.0	0.0	1.0	1.0	1.0	1.0	0.7322034805959263	1.0	0.7411828468492556	1.0	1.0	1.0	0.7584325078215763	1.0	1.0	1.0	1.0	1.0	0.8216064286890065	1.0	0.43526109167898114	1.0	1.0	1.0	0.7584325078215763	1.0	1.0	1.0	1.0	1.0	0.0	1.0	0.7509438213743352	1.0
sr	1.0	1.0	0.0	0.0	1.0	1.0	1.0	1.0	1.0	1.0	1.0	1.0	1.0	1.0	1.0	1.0	1.0	1.0	1.0	0.0	1.0	1.0	1.0	1.0	1.0	1.0	1.0	1.0	1.0	1.0	1.0	0.0	1.0	0.536867676353403	1.0
sv	1.0	1.0	1.0	0.0	0.7263875964832449	0.4787427841152149	1.0	0.23009307748616648	1.0	0.6336822667335665	1.0	1.0	1.0	1.0	0.5570988795109544	1.0	1.0	1.0	1.0	1.0	1.0	0.6475250169846578	1.0	1.0	0.372230431121461	1.0	1.0	1.0	1.0	1.0	1.0	0.0	1.0	0.4555635881863014	1.0
te	0.0	0.0	0.0	0.0	0.0	0.0	0.0	1.0	0.0	1.0	0.0	1.0	0.0	0.0	0.0	0.0	0.0	0.0	0.0	1.0	0.0	1.0	0.0	0.0	0.0	1.0	0.0	0.0	0.0	0.0	0.0	1.0	0.0	0.7690990303325336	0.0
vi	1.0	1.0	0.0	1.0	1.0	1.0	1.0	0.661251134120194	1.0	1.0	1.0	0.0	1.0	1.0	1.0	1.0	1.0	1.0	1.0	1.0	1.0	0.3477564795905147	1.0	1.0	0.4557735640768249	1.0	1.0	1.0	1.0	1.0	1.0	0.0	1.0	0.5857940902610984	1.0
war	1.0	0.7320606857984925	1.0	0.7510341748895939	0.6236857269851578	0.7106922308883379	0.6994017365373274	0.6994017365373274	0.6994017365373274	0.6994017365373274	0.6994017365373274	0.7510341748895939	0.7106922308883379	0.6226323039572873	0.6236857269851577	0.6994017365373274	0.6994017365373274	0.7584325078215763	1.0	0.7106922308883379	0.7690990303325336	0.6236857269851577	0.4015175658859531	0.6994017365373274	0.6994017365373274	0.6994017365373274	0.6212845645194139	1.0	0.7509438213743352	0.536867676353403	0.4555635881863014	0.7690990303325336	0.5857940902610984	1.0	0.6994017365373274
zh	1.0	1.0	0.0	0.0	1.0	1.0	1.0	0.4369248917937265	0.7171176902274347	1.0	1.0	0.0	1.0	1.0	1.0	1.0	1.0	1.0	1.0	1.0	1.0	0.7300208629885034	1.0	1.0	0.4101163901545032	1.0	1.0	1.0	1.0	1.0	1.0	0.0	1.0	0.6994017365373274	1.0
