arz	bs	ceb	ckb	da	de	el	en	es	fr	he	hi	hu	id	it	ja	ko	lv	mk	ml	mr	nl	pl	pt	ro	ru	sh	si	simple	sr	sv	te	tr	vi	war	zh
arz	1.0	1.0	0.14342762372277806	1.0	1.0	1.0	1.0	1.0	1.0	1.0	1.0	1.0	1.0	1.0	1.0	1.0	1.0	1.0	0.0	1.0	1.0	1.0	1.0	1.0	1.0	1.0	1.0	0.0	1.0	1.0	1.0	1.0	1.0	1.0	1.0	1.0
bs	1.0	1.0	0.10045783849417153	1.0	1.0	0.44948974278317805	1.0	0.4142135623730951	0.44948974278317805	0.5	1.0	1.0	1.0	1.0	0.44948974278317805	1.0	1.0	1.0	1.0	1.0	1.0	0.44948974278317805	0.44948974278317805	0.5	0.5	0.44948974278317805	0.4142135623730951	0.0	1.0	0.4142135623730951	1.0	1.0	0.11217669153129799	1.0	1.0	1.0
ceb	0.14342762372277806	0.10045783849417153	1.0	0.010775381433514657	0.09166378663737426	0.0775495878934675	0.010164418854706326	0.05903639904937164	0.0629608116870488	0.060315729165777376	0.010593356507027704	0.0110596845916866	0.041502988522502254	0.07763648273496529	0.10494083185190793	0.010164418854706326	0.010164418854706326	0.05265902202411456	0.010775381433514657	0.010775381433514657	0.010775381433514657	0.10258875580802305	0.08592060653078303	0.06250675344579844	0.09118280325463306	0.010164418854706326	0.06123858855752765	0.040406188586280346	0.10107603170293875	0.010593356507027704	0.06760446429064304	0.013591315247237567	-1.0	0.06740636439854676	0.010779109506554176	0.05323306624675722
ckb	1.0	1.0	0.010775381433514657	1.0	1.0	1.0	1.0	0.585786437626905	1.0	1.0	1.0	1.0	1.0	1.0	1.0	1.0	1.0	1.0	1.0	1.0	1.0	1.0	1.0	1.0	1.0	1.0	1.0	0.0	1.0	1.0	1.0	1.0	1.0	1.0	1.0	1.0
da	1.0	1.0	0.09166378663737426	1.0	1.0	0.5	1.0	0.5	0.585786437626905	0.44948974278317805	1.0	1.0	0.585786437626905	1.0	0.585786437626905	0.585786437626905	1.0	1.0	1.0	1.0	1.0	0.36602540378443865	0.585786437626905	0.5	1.0	1.0	0.38742588672279304	1.0	1.0	1.0	1.0	1.0	0.27792629762666365	1.0	1.0	1.0
de	1.0	0.44948974278317805	0.0775495878934675	1.0	0.5	1.0	1.0	0.04881148693041595	0.14763410387308012	0.16593115105653083	0.5	1.0	0.585786437626905	0.585786437626905	0.14298418660971282	0.3090169943749474	0.5	1.0	1.0	1.0	1.0	0.20342651452257512	0.14779166813443093	0.12027370322216947	0.5	0.26968623182294527	0.08663007653803027	1.0	0.5	0.1829934598627214	0.2212380739013886	1.0	0.16097589083032637	0.585786437626905	1.0	0.3797958971132712
el	1.0	1.0	0.010164418854706326	1.0	1.0	1.0	1.0	1.0	1.0	1.0	1.0	1.0	0.585786437626905	1.0	1.0	1.0	1.0	1.0	1.0	1.0	1.0	0.585786437626905	1.0	1.0	1.0	1.0	0.585786437626905	1.0	1.0	1.0	1.0	1.0	0.5	1.0	1.0	1.0
en	1.0	0.4142135623730951	0.05903639904937164	0.585786437626905	0.5	0.04881148693041595	1.0	1.0	0.03698509656000496	0.04522041533144595	0.39564392373896007	1.0	0.4142135623730951	0.585786437626905	0.09244612373481048	0.17813739805570625	0.5	1.0	1.0	1.0	1.0	0.17176743283130236	0.02502483162149561	0.05873856946579586	0.38742588672279304	0.1111111111111111	0.07143860022389366	1.0	0.3797958971132712	0.14884515401256526	0.2061257833323215	1.0	0.1236498907563623	0.36602540378443865	1.0	0.23166247903554
es	1.0	0.44948974278317805	0.0629608116870488	1.0	0.585786437626905	0.14763410387308012	1.0	0.03698509656000496	1.0	0.1983555576735248	1.0	1.0	0.5	1.0	0.17253779651421453	1.0	1.0	1.0	1.0	1.0	1.0	0.26968623182294527	0.1390551394732742	0.1380262631157473	0.5	0.38742588672279304	0.07692307692307693	1.0	0.585786437626905	0.23800671553691075	0.3090169943749474	1.0	0.1541800708873422	0.4364916731037085	1.0	0.44948974278317805
fr	1.0	0.5	0.060315729165777376	1.0	0.44948974278317805	0.16593115105653083	1.0	0.04522041533144595	0.1983555576735248	1.0	1.0	1.0	0.585786437626905	0.5	0.1886378647726465	0.3430703308172536	1.0	1.0	1.0	1.0	1.0	0.20521309615767264	0.17279705880372734	0.11202287817352145	0.5	0.36602540378443865	0.11462079802564168	1.0	1.0	0.3055272678794342	0.23441237831492112	1.0	0.15660244580948698	0.39564392373896007	1.0	0.36602540378443865
he	1.0	1.0	0.010593356507027704	1.0	1.0	0.5	1.0	0.39564392373896007	1.0	1.0	1.0	1.0	0.585786437626905	1.0	0.585786437626905	1.0	1.0	1.0	1.0	1.0	1.0	0.3090169943749474	0.585786437626905	0.5	1.0	1.0	0.3430703308172536	1.0	0.585786437626905	0.585786437626905	1.0	1.0	1.0	1.0	1.0	1.0
hi	1.0	1.0	0.0110596845916866	1.0	1.0	1.0	1.0	1.0	1.0	1.0	1.0	1.0	0.585786437626905	1.0	1.0	1.0	1.0	1.0	1.0	1.0	1.0	0.585786437626905	1.0	1.0	1.0	1.0	0.585786437626905	1.0	1.0	1.0	0.585786437626905	1.0	0.4364916731037085	1.0	1.0	1.0
hu	1.0	1.0	0.041502988522502254	1.0	0.585786437626905	0.585786437626905	0.585786437626905	0.4142135623730951	0.5	0.585786437626905	0.585786437626905	0.585786437626905	1.0	0.585786437626905	0.585786437626905	0.585786437626905	0.585786437626905	0.585786437626905	1.0	1.0	1.0	0.3483314773547883	0.585786437626905	0.585786437626905	0.585786437626905	0.585786437626905	0.44948974278317805	1.0	0.585786437626905	0.585786437626905	0.585786437626905	1.0	1.0	0.585786437626905	1.0	0.585786437626905
id	1.0	1.0	0.07763648273496529	1.0	1.0	0.585786437626905	1.0	0.585786437626905	1.0	0.5	1.0	1.0	0.585786437626905	1.0	0.585786437626905	1.0	1.0	1.0	1.0	1.0	1.0	0.585786437626905	1.0	0.39564392373896007	1.0	1.0	0.44948974278317805	1.0	0.585786437626905	0.5	0.585786437626905	1.0	0.1843343573077752	1.0	1.0	1.0
it	1.0	0.44948974278317805	0.10494083185190793	1.0	0.585786437626905	0.14298418660971282	1.0	0.09244612373481048	0.17253779651421453	0.1886378647726465	0.585786437626905	1.0	0.585786437626905	0.585786437626905	1.0	0.4142135623730951	1.0	1.0	1.0	1.0	1.0	0.24336073281110826	0.1482192845571772	0.1368970350053999	0.585786437626905	0.3660254037844386	0.11034777731716484	1.0	0.585786437626905	0.3203772410170407	0.3333333333333333	1.0	0.135798996478357	0.5	1.0	0.5
ja	1.0	1.0	0.010164418854706326	1.0	0.585786437626905	0.3090169943749474	1.0	0.17813739805570625	1.0	0.3430703308172536	1.0	1.0	0.585786437626905	1.0	0.4142135623730951	1.0	1.0	1.0	1.0	1.0	1.0	0.2958163163244893	0.5	0.24336073281110826	1.0	1.0	0.4142135623730951	1.0	0.585786437626905	1.0	0.4142135623730951	1.0	0.2674788903885893	1.0	1.0	1.0
ko	1.0	1.0	0.010164418854706326	1.0	1.0	0.5	1.0	0.5	1.0	1.0	1.0	1.0	0.585786437626905	1.0	1.0	1.0	1.0	1.0	1.0	1.0	1.0	0.5	0.585786437626905	0.5	1.0	1.0	0.2989350844248255	1.0	0.585786437626905	0.585786437626905	0.5	1.0	0.5	1.0	1.0	1.0
lv	1.0	1.0	0.05265902202411456	1.0	1.0	1.0	1.0	1.0	1.0	1.0	1.0	1.0	0.585786437626905	1.0	1.0	1.0	1.0	1.0	1.0	1.0	1.0	0.585786437626905	1.0	1.0	1.0	1.0	0.585786437626905	1.0	1.0	1.0	1.0	1.0	0.353889367864523	1.0	1.0	1.0
mk	0.0	1.0	0.010775381433514657	1.0	1.0	1.0	1.0	1.0	1.0	1.0	1.0	1.0	1.0	1.0	1.0	1.0	1.0	1.0	1.0	0.0	1.0	1.0	1.0	1.0	1.0	1.0	1.0	0.0	1.0	1.0	1.0	0.0	0.585786437626905	1.0	0.0	1.0
ml	1.0	1.0	0.010775381433514657	1.0	1.0	1.0	1.0	1.0	1.0	1.0	1.0	1.0	1.0	1.0	1.0	1.0	1.0	1.0	0.0	1.0	1.0	1.0	1.0	1.0	1.0	1.0	0.585786437626905	1.0	1.0	1.0	1.0	1.0	0.28989794855663564	1.0	1.0	1.0
mr	1.0	1.0	0.010775381433514657	1.0	1.0	1.0	1.0	1.0	1.0	1.0	1.0	1.0	1.0	1.0	1.0	1.0	1.0	1.0	1.0	1.0	1.0	1.0	1.0	1.0	1.0	1.0	1.0	1.0	1.0	1.0	1.0	1.0	1.0	1.0	1.0	1.0
nl	1.0	0.44948974278317805	0.10258875580802305	1.0	0.36602540378443865	0.20342651452257512	0.585786437626905	0.17176743283130236	0.26968623182294527	0.20521309615767264	0.3090169943749474	0.585786437626905	0.3483314773547883	0.585786437626905	0.24336073281110826	0.2958163163244893	0.5	0.585786437626905	1.0	1.0	1.0	1.0	0.2056677898504543	0.20168959288722538	0.36602540378443865	0.2612038749637415	0.1584693830492905	1.0	0.5	0.32037724101704074	0.28989794855663564	1.0	0.07102404413590963	0.36602540378443865	1.0	0.5
pl	1.0	0.44948974278317805	0.08592060653078303	1.0	0.585786437626905	0.14779166813443093	1.0	0.02502483162149561	0.1390551394732742	0.17279705880372734	0.585786437626905	1.0	0.585786437626905	1.0	0.1482192845571772	0.5	0.585786437626905	1.0	1.0	1.0	1.0	0.2056677898504543	1.0	0.11812117169959425	1.0	0.38742588672279304	0.10997220198634611	1.0	0.585786437626905	0.2553967929896867	0.2791745113185196	1.0	0.15448902131087505	0.585786437626905	1.0	0.36602540378443865
pt	1.0	0.5	0.06250675344579844	1.0	0.5	0.12027370322216947	1.0	0.05873856946579586	0.1380262631157473	0.11202287817352145	0.5	1.0	0.585786437626905	0.39564392373896007	0.1368970350053999	0.24336073281110826	0.5	1.0	1.0	1.0	1.0	0.20168959288722538	0.11812117169959425	1.0	0.585786437626905	0.2372732414640341	0.11159665994461448	1.0	0.5	0.3203772410170407	0.2674788903885893	1.0	0.16268989649262228	0.39564392373896007	1.0	0.252650308587072
ro	1.0	0.5	0.09118280325463306	1.0	1.0	0.5	1.0	0.38742588672279304	0.5	0.5	1.0	1.0	0.585786437626905	1.0	0.585786437626905	1.0	1.0	1.0	1.0	1.0	1.0	0.36602540378443865	1.0	0.585786437626905	1.0	1.0	0.2612038749637414	1.0	1.0	0.5	1.0	1.0	0.585786437626905	1.0	1.0	1.0
ru	1.0	0.44948974278317805	0.010164418854706326	1.0	1.0	0.26968623182294527	1.0	0.1111111111111111	0.38742588672279304	0.36602540378443865	1.0	1.0	0.585786437626905	1.0	0.3660254037844386	1.0	1.0	1.0	1.0	1.0	1.0	0.2612038749637415	0.38742588672279304	0.2372732414640341	1.0	1.0	0.1725377965142145	1.0	0.585786437626905	0.44948974278317805	0.4142135623730951	1.0	0.16666666666666666	1.0	1.0	1.0
sh	1.0	0.4142135623730951	0.06123858855752765	1.0	0.38742588672279304	0.08663007653803027	0.585786437626905	0.07143860022389366	0.07692307692307693	0.11462079802564168	0.3430703308172536	0.585786437626905	0.44948974278317805	0.44948974278317805	0.11034777731716484	0.4142135623730951	0.2989350844248255	0.585786437626905	1.0	0.585786437626905	1.0	0.1584693830492905	0.10997220198634611	0.11159665994461448	0.2612038749637414	0.1725377965142145	1.0	1.0	0.36602540378443865	0.07056867750344176	0.17222832290855955	1.0	0.30216947925196225	0.22584440001865322	1.0	0.21209649407822986
si	0.0	0.0	0.040406188586280346	0.0	1.0	1.0	1.0	1.0	1.0	1.0	1.0	1.0	1.0	1.0	1.0	1.0	1.0	1.0	0.0	1.0	1.0	1.0	1.0	1.0	1.0	1.0	1.0	1.0	1.0	1.0	1.0	0.0	1.0	1.0	0.0	1.0
simple	1.0	1.0	0.10107603170293875	1.0	1.0	0.5	1.0	0.3797958971132712	0.585786437626905	1.0	0.585786437626905	1.0	0.585786437626905	0.585786437626905	0.585786437626905	0.585786437626905	0.585786437626905	1.0	1.0	1.0	1.0	0.5	0.585786437626905	0.5	1.0	0.585786437626905	0.36602540378443865	1.0	1.0	1.0	1.0	1.0	0.1987625491245426	1.0	1.0	1.0
sr	1.0	0.4142135623730951	0.010593356507027704	1.0	1.0	0.1829934598627214	1.0	0.14884515401256526	0.23800671553691075	0.3055272678794342	0.585786437626905	1.0	0.585786437626905	0.5	0.3203772410170407	1.0	0.585786437626905	1.0	1.0	1.0	1.0	0.32037724101704074	0.2553967929896867	0.3203772410170407	0.5	0.44948974278317805	0.07056867750344176	1.0	1.0	1.0	0.34833147735478825	1.0	0.3333333333333333	0.4364916731037085	1.0	0.44948974278317805
sv	1.0	1.0	0.06760446429064304	1.0	1.0	0.2212380739013886	1.0	0.2061257833323215	0.3090169943749474	0.23441237831492112	1.0	0.585786437626905	0.585786437626905	0.585786437626905	0.3333333333333333	0.4142135623730951	0.5	1.0	1.0	1.0	1.0	0.28989794855663564	0.2791745113185196	0.2674788903885893	1.0	0.4142135623730951	0.17222832290855955	1.0	1.0	0.34833147735478825	1.0	1.0	0.3597752501562547	0.44948974278317805	1.0	0.44948974278317805
te	1.0	1.0	0.013591315247237567	1.0	1.0	1.0	1.0	1.0	1.0	1.0	1.0	1.0	1.0	1.0	1.0	1.0	1.0	1.0	0.0	1.0	1.0	1.0	1.0	1.0	1.0	1.0	1.0	0.0	1.0	1.0	1.0	1.0	1.0	1.0	1.0	1.0
tr	1.0	0.11217669153129799	-1.0	1.0	0.27792629762666365	0.16097589083032637	0.5	0.1236498907563623	0.1541800708873422	0.15660244580948698	1.0	0.4364916731037085	1.0	0.1843343573077752	0.135798996478357	0.2674788903885893	0.5	0.353889367864523	0.585786437626905	0.28989794855663564	1.0	0.07102404413590963	0.15448902131087505	0.16268989649262228	0.585786437626905	0.16666666666666666	0.30216947925196225	1.0	0.1987625491245426	0.3333333333333333	0.3597752501562547	1.0	1.0	0.18953106689414487	1.0	0.1822131055582837
vi	1.0	1.0	0.06740636439854676	1.0	1.0	0.585786437626905	1.0	0.36602540378443865	0.4364916731037085	0.39564392373896007	1.0	1.0	0.585786437626905	1.0	0.5	1.0	1.0	1.0	1.0	1.0	1.0	0.36602540378443865	0.585786437626905	0.39564392373896007	1.0	1.0	0.22584440001865322	1.0	1.0	0.4364916731037085	0.44948974278317805	1.0	0.18953106689414487	1.0	1.0	1.0
war	1.0	1.0	0.010779109506554176	1.0	1.0	1.0	1.0	1.0	1.0	1.0	1.0	1.0	1.0	1.0	1.0	1.0	1.0	1.0	0.0	1.0	1.0	1.0	1.0	1.0	1.0	1.0	1.0	0.0	1.0	1.0	1.0	1.0	1.0	1.0	1.0	1.0
zh	1.0	1.0	0.05323306624675722	1.0	1.0	0.3797958971132712	1.0	0.23166247903554	0.44948974278317805	0.36602540378443865	1.0	1.0	0.585786437626905	1.0	0.5	1.0	1.0	1.0	1.0	1.0	1.0	0.5	0.36602540378443865	0.252650308587072	1.0	1.0	0.21209649407822986	1.0	1.0	0.44948974278317805	0.44948974278317805	1.0	0.1822131055582837	1.0	1.0	1.0
