arz	bs	ceb	ckb	da	de	el	en	es	fr	he	hi	hu	id	it	ja	ko	lv	mk	ml	mr	nl	pl	pt	ro	ru	sh	si	simple	sr	sv	te	tr	union	vi	war	zh
arz	1.0	0.5005659309564233	0.5161290322580645	0.7222222222222222	0.5005506607929515	0.5001039025809401	0.5040983606557377	0.5000409480287619	0.5002068680182044	0.5001319748719844	0.5028901734104047	0.6754098360655738	0.5005218117303277	0.5003837298541827	0.5001399071016844	0.5017642907551164	0.504424778761062	0.5017331022530329	0.6816901408450704	0.6814814814814815	0.6804123711340206	0.5001996805111821	0.5001571585730001	0.5002603353118817	0.5004854368932039	0.5019546520719311	0.5001717150903221	0.684931506849315	0.5006906077348067	0.500185418675369	0.5003065603923973	0.6790697674418605	0.5005417118093174	0.5000269882223398	0.500288933834152	0.5121951219512195	0.6698168930891908
bs	0.5005659309564233	1.0	0.5013526983605298	0.5023923444976076	0.5672316026630889	0.5295008777480084	0.5133518558865372	0.5151802242991382	0.5475237731660978	0.5368680018838464	0.5187878260034817	0.5110533159947984	0.5597071978337734	0.5728484539889002	0.539107521100229	0.5162533492764273	0.5134268013968435	0.5333007975937597	0.5094850948509485	0.5075404442007129	0.5021014289717007	0.549161139463612	0.542625525910527	0.5515201362077781	0.553678936231937	0.5140226932134446	0.5407207501323769	0.5023936919177696	0.563871156838287	0.528652872843196	0.5664496980139342	0.5042664464629782	0.5740044516430458	0.5133376208728281	0.5584050191557046	0.5063095726514375	0.5138060525734481
ceb	0.5161290322580645	0.5013526983605298	1.0	0.5161290322580645	0.5015052215153333	0.5001653466099079	0.50199203187251	0.5000778059125482	0.5004006352686873	0.5002293870937431	0.5028409090909092	0.5023696682464456	0.500858638155413	0.5006899843161022	0.500243318382779	0.5006983240223464	0.5025906735751295	0.5041124775239925	0.503968253968254	0.5051546391752577	0.5131578947368421	0.5005114068507337	0.5003347287409899	0.5004451550363259	0.5011183899703775	0.5015479876160991	0.5002914489438952	0.5081967213114754	0.5017112924813631	0.5002964719833976	0.50050198556955	0.5064102564102565	0.5013957945612622	0.5000668567322676	0.5005947008421612	0.5492191435768262	0.5013123359580053
ckb	0.7222222222222222	0.5023923444976076	0.5161290322580645	1.0	0.5026034530008222	0.5004361008431283	0.5177865612648221	0.5001719366618088	0.500867696884555	0.5005538266786222	0.5148514851485149	0.69375	0.5020798668885191	0.5015309246785058	0.500587084148728	0.5069735006973501	0.516295025728988	0.5063829787234042	0.7306666666666667	0.7346938775510203	0.725925925925926	0.5010467550593161	0.5008241111372733	0.5010915895623246	0.5022963500120861	0.5077160493827161	0.5006860592755213	0.7522935779816513	0.5034340659340659	0.5007407407407408	0.5012850324317709	0.7206477732793523	0.5026968716289104	0.5001133309587799	0.5013690733535091	0.5266666666666667	0.6822703335283792
da	0.5005506607929515	0.5672316026630889	0.5015052215153333	0.5026034530008222	1.0	0.5293746753027081	0.5176821861656961	0.5130911056589078	0.5475804891701546	0.533071549622939	0.5250862966836864	0.5132517838939857	0.5570226678853207	0.566632492538242	0.535735593604973	0.519998025674622	0.5190414956699619	0.5378769621531967	0.5109933774834438	0.5088377075522228	0.5030054644808744	0.5533444595083712	0.543592884205265	0.551731415193182	0.5533575365206046	0.5198387438998515	0.5296014863106722	0.5024671052631579	0.5693443945861852	0.5240911067535052	0.568974260269573	0.5057811239580532	0.575669702847951	0.5123745677194849	0.5545688270228035	0.5083822819922796	0.5169786678276013
de	0.5001039025809401	0.5295008777480084	0.5001653466099079	0.5004361008431283	0.5293746753027081	1.0	0.5048237219106495	0.5612061608902337	0.5814570096422411	0.5788891004986781	0.5059674993764495	0.5041015705511357	0.5384485254622718	0.5509110339394258	0.5814597416579095	0.5121738140139748	0.5054244031979558	0.5110423444815209	0.5023371251292658	0.5017601987989232	0.5005605148432635	0.5909398452738627	0.5762510014364086	0.5591183339681363	0.5297171904538025	0.5096997489887652	0.5484875130367425	0.5004153513872737	0.5270225147264982	0.5421797258203033	0.5545330465800241	0.5012847078325736	0.5299663136371638	0.5916181059288415	0.5464364778302635	0.5011221599678931	0.5107712280417055
el	0.5040983606557377	0.5133518558865372	0.50199203187251	0.5177865612648221	0.5176821861656961	0.5048237219106495	1.0	0.5019067910252443	0.5082127057780466	0.5057291666666667	0.5707117852975495	0.5710594315245479	0.5188166557609982	0.512432867475508	0.5059033023476265	0.5671915602024118	0.5949290391741046	0.5393778954334878	0.5622047244094488	0.5540540540540541	0.5203094777562862	0.510565602386004	0.5077264865066023	0.5098784791311429	0.5179203607506717	0.5497808390732624	0.5072276709938397	0.5178571428571429	0.5195514746685749	0.5076732853298421	0.5108869532908354	0.5346020761245674	0.5168650793650794	0.5013096800327672	0.5117963856006014	0.5320284697508897	0.5723449750534569
en	0.5000409480287619	0.5151802242991382	0.5000778059125482	0.5001719366618088	0.5130911056589078	0.5612061608902337	0.5019067910252443	1.0	0.5469286647222568	0.5633454781635694	0.5025010572858342	0.5016326530612245	0.521473241779742	0.5336603978982501	0.5651299310868751	0.5051813573720165	0.5022718093858977	0.5047256355642492	0.500948270224315	0.5007115400343503	0.5002292226078984	0.5400521064938225	0.5536921793330521	0.5369136127668028	0.5187497440527092	0.5051011894999626	0.5855462219469149	0.5001637518831467	0.5123326954569156	0.5806877931119352	0.5292021874749803	0.5005481289984783	0.51648805411893	0.8041654325732785	0.5340720949048237	0.5004613696185306	0.5045200032459628
es	0.5002068680182044	0.5475237731660978	0.5004006352686873	0.500867696884555	0.5475804891701546	0.5814570096422411	0.5082127057780466	0.5469286647222568	1.0	0.5767848563114341	0.5115666973368095	0.5067803491676817	0.5594293764896264	0.5747360730679797	0.5868748377749682	0.5193291480510841	0.5102648251685356	0.5195102078439572	0.5044661148897812	0.5035752445138489	0.501114873234784	0.5944847873678538	0.589126331036303	0.5887793674005501	0.5457507010883318	0.5140899291653834	0.5574305468291071	0.500785059086026	0.5439345469340433	0.5488153504504129	0.5717314673606085	0.5023026315789474	0.5488935134960019	0.5464293313532795	0.566883708568714	0.5022602055122283	0.5160634722113656
fr	0.5001319748719844	0.5368680018838464	0.5002293870937431	0.5005538266786222	0.533071549622939	0.5788891004986781	0.5057291666666667	0.5633454781635694	0.5767848563114341	1.0	0.5074916277593127	0.5049872055982035	0.5430150606179425	0.5657547371052113	0.5866539432950427	0.5146166295771799	0.5067311190810333	0.5123648058505407	0.5030175806874836	0.5022600651739725	0.5007381630285774	0.5816461288512461	0.5752476945230834	0.5610124923165315	0.5391870725837089	0.511991702121197	0.558211368394452	0.5005274818018778	0.5309528906644142	0.5499337381216511	0.5589073001280387	0.5016833245660179	0.537521027000273	0.5733677251894275	0.5577804844964714	0.5014418398328437	0.5124916977468963
he	0.5028901734104047	0.5187878260034817	0.5028409090909092	0.5148514851485149	0.5250862966836864	0.5059674993764495	0.5707117852975495	0.5025010572858342	0.5115666973368095	0.5074916277593127	1.0	0.5517241379310345	0.5228315675392355	0.5160081822632004	0.5079393600981786	0.5466388744137571	0.5627822944896116	0.5436240328315387	0.5543478260869565	0.5422446406052963	0.5145631067961165	0.512515531492905	0.5098343352074923	0.5136187472714152	0.5201495287497672	0.5456570155902004	0.5085557846207492	0.5134370579915134	0.5271790567126594	0.5085086522582034	0.5147759313417085	0.5242346938775511	0.5251303167449591	0.5019490417989382	0.5157935557999715	0.526246719160105	0.5518292682926829
hi	0.6754098360655738	0.5110533159947984	0.5023696682464456	0.69375	0.5132517838939857	0.5041015705511357	0.5710594315245479	0.5016326530612245	0.5067803491676817	0.5049872055982035	0.5517241379310345	1.0	0.5155007949125596	0.5102613317584527	0.5051717462249018	0.5581538461538462	0.5726190476190476	0.5344827586206896	0.7741147741147741	0.7804878048780488	0.7035330261136713	0.5089451559292208	0.5064844835572024	0.5080268238162975	0.5161142857142856	0.5477124183006535	0.5060909583107742	0.6960629921259842	0.5182619647355164	0.5064954021310757	0.5081402257872846	0.7461858529819695	0.5135678391959799	0.5010826358142391	0.510748185371301	0.5351239669421487	0.8010498687664042
hu	0.5005218117303277	0.5597071978337734	0.500858638155413	0.5020798668885191	0.5570226678853207	0.5384485254622718	0.5188166557609982	0.521473241779742	0.5594293764896264	0.5430150606179425	0.5228315675392355	0.5155007949125596	1.0	0.5645368713299788	0.5531023045549902	0.5297115093798294	0.5221134630011487	0.5415164858769198	0.5107899022801303	0.5080926039745953	0.502803738317757	0.5633272381330108	0.5675085470647746	0.5708893241364446	0.5566073202281578	0.5250389880436667	0.5483588557811923	0.5019762845849802	0.5505468398449443	0.5427220277967238	0.5680967580427283	0.5053388090349076	0.5658345023246502	0.5185168026140308	0.5601764943910427	0.5056685249985468	0.5274901820778293
id	0.5003837298541827	0.5728484539889002	0.5006899843161022	0.5015309246785058	0.566632492538242	0.5509110339394258	0.512432867475508	0.5336603978982501	0.5747360730679797	0.5657547371052113	0.5160081822632004	0.5102613317584527	0.5645368713299788	1.0	0.568076302853753	0.5182428320654887	0.5144711508878879	0.5263304368617189	0.5076042764643879	0.5059803179409539	0.5017576035457741	0.5820939487002995	0.5655015378380686	0.572258551479972	0.566917145588087	0.5163173255505439	0.5503449802867876	0.501531393568147	0.5665745513913045	0.5406329378463168	0.5773221101685697	0.5039429784652715	0.5723938769241423	0.5268231984349637	0.5884628207022564	0.5047139682604017	0.5166486193827828
it	0.5001399071016844	0.539107521100229	0.500243318382779	0.500587084148728	0.535735593604973	0.5814597416579095	0.5059033023476265	0.5651299310868751	0.5868748377749682	0.5866539432950427	0.5079393600981786	0.5051717462249018	0.5531023045549902	0.568076302853753	1.0	0.5140821081143087	0.5070548969635966	0.5145174796533909	0.5031418561975198	0.5024232633279483	0.5006705409029951	0.5880398470914451	0.5910770059758936	0.5743979717401378	0.5490329159837148	0.5110826256475992	0.5656421501957415	0.5005591590248266	0.5327128408672167	0.557515255789823	0.5651959506057648	0.5017281748243951	0.5468547678843403	0.5770289511751279	0.566376859365741	0.5015156435305207	0.5116680140123956
ja	0.5017642907551164	0.5162533492764273	0.5006983240223464	0.5069735006973501	0.519998025674622	0.5121738140139748	0.5671915602024118	0.5051813573720165	0.5193291480510841	0.5146166295771799	0.5466388744137571	0.5581538461538462	0.5297115093798294	0.5182428320654887	0.5140821081143087	1.0	0.6034051259567783	0.5360134003350083	0.5379581151832461	0.5290193462308206	0.5097222222222222	0.5217166963060091	0.5164923487654794	0.5188334984988834	0.5256204666429919	0.5710034013605442	0.5171486899700528	0.5059233449477352	0.5247347763203672	0.5182735816219979	0.5175311359207861	0.5177257525083612	0.5208881938424619	0.5038440652171381	0.5213211024399692	0.512751677852349	0.6155339805825242
ko	0.504424778761062	0.5134268013968435	0.5025906735751295	0.516295025728988	0.5190414956699619	0.5054244031979558	0.5949290391741046	0.5022718093858977	0.5102648251685356	0.5067311190810333	0.5627822944896116	0.5726190476190476	0.5221134630011487	0.5144711508878879	0.5070548969635966	0.6034051259567783	1.0	0.547085201793722	0.5739130434782609	0.5611620795107034	0.5229202037351443	0.5116323380555023	0.5091635490899573	0.5114984557175747	0.5215449109070375	0.5601710445937691	0.5082815082416815	0.5136986301369862	0.5208195290618567	0.508770658161786	0.5130114285844207	0.5329249617151608	0.5193632472847876	0.5015230849604846	0.5140110173479716	0.5297805642633229	0.5826989619377162
lv	0.5017331022530329	0.5333007975937597	0.5041124775239925	0.5063829787234042	0.5378769621531967	0.5110423444815209	0.5393778954334878	0.5047256355642492	0.5195102078439572	0.5123648058505407	0.5436240328315387	0.5344827586206896	0.5415164858769198	0.5263304368617189	0.5145174796533909	0.5360134003350083	0.547085201793722	1.0	0.5283307810107198	0.5254372019077902	0.5097375105842507	0.5221821477270375	0.5191462918720319	0.52334541486913	0.5352529322873687	0.5356037151702787	0.5141740197804575	0.5059625212947189	0.5380293798863537	0.5137154747911719	0.5261212067441827	0.5160771704180064	0.5390748593896056	0.5036970073195911	0.5263650245069126	0.520801678816639	0.5383886255924171
mk	0.6816901408450704	0.5094850948509485	0.503968253968254	0.7306666666666667	0.5109933774834438	0.5023371251292658	0.5622047244094488	0.500948270224315	0.5044661148897812	0.5030175806874836	0.5543478260869565	0.7741147741147741	0.5107899022801303	0.5076042764643879	0.5031418561975198	0.5379581151832461	0.5739130434782609	0.5283307810107198	1.0	0.810379241516966	0.72	0.5054283458349783	0.5042435568013705	0.5052945409684384	0.5118963486454653	0.5359430604982206	0.5038849509269356	0.712041884816754	0.5107984293193717	0.5041553283812605	0.5060371890847621	0.7244094488188976	0.5117554858934169	0.5006253773829035	0.5068065796937039	0.5488958990536278	0.7466960352422908
ml	0.6814814814814815	0.5075404442007129	0.5051546391752577	0.7346938775510203	0.5088377075522228	0.5017601987989232	0.5540540540540541	0.5007115400343503	0.5035752445138489	0.5022600651739725	0.5422446406052963	0.7804878048780488	0.5080926039745953	0.5059803179409539	0.5024232633279483	0.5290193462308206	0.5611620795107034	0.5254372019077902	0.810379241516966	1.0	0.7348242811501597	0.5041085041085042	0.5032786885245901	0.5042832077613789	0.5086595492289443	0.5273124544792426	0.502833731649027	0.7303754266211604	0.5104965011662779	0.5030955188679245	0.5049132597355332	0.7506053268765133	0.5084299262381454	0.5004691797443779	0.5054898046485099	0.5492424242424242	0.7320924985899605
mr	0.6804123711340206	0.5021014289717007	0.5131578947368421	0.725925925925926	0.5030054644808744	0.5005605148432635	0.5203094777562862	0.5002292226078984	0.501114873234784	0.5007381630285774	0.5145631067961165	0.7035330261136713	0.502803738317757	0.5017576035457741	0.5006705409029951	0.5097222222222222	0.5229202037351443	0.5097375105842507	0.72	0.7348242811501597	1.0	0.50139470013947	0.5010589065809083	0.5013502285002077	0.5026518804243009	0.5095785440613027	0.5009600877794541	0.7164179104477613	0.5039343140608963	0.501036576336443	0.50165056852916	0.7058823529411764	0.5033629270917407	0.5001510965290968	0.5019438444924406	0.5341614906832298	0.6884480746791132
nl	0.5001996805111821	0.549161139463612	0.5005114068507337	0.5010467550593161	0.5533444595083712	0.5909398452738627	0.510565602386004	0.5400521064938225	0.5944847873678538	0.5816461288512461	0.512515531492905	0.5089451559292208	0.5633272381330108	0.5820939487002995	0.5880398470914451	0.5217166963060091	0.5116323380555023	0.5221821477270375	0.5054283458349783	0.5041085041085042	0.50139470013947	1.0	0.5810075106572145	0.5791898886570424	0.5556298633348806	0.5162884333821377	0.555675893677248	0.5009970089730807	0.5477732589311568	0.5471105446231834	0.5831357016604866	0.5026753864447087	0.5545603036217126	0.5429599939097823	0.5696108025648519	0.5027475597246291	0.5198431226071528
pl	0.5001571585730001	0.542625525910527	0.5003347287409899	0.5008241111372733	0.543592884205265	0.5762510014364086	0.5077264865066023	0.5536921793330521	0.589126331036303	0.5752476945230834	0.5098343352074923	0.5064844835572024	0.5675085470647746	0.5655015378380686	0.5910770059758936	0.5164923487654794	0.5091635490899573	0.5191462918720319	0.5042435568013705	0.5032786885245901	0.5010589065809083	0.5810075106572145	1.0	0.5772467688919733	0.5499966751510902	0.516271840394202	0.57050523466016	0.5007849293563579	0.5360737922763265	0.5620293341837825	0.5716136774242431	0.5022267364637862	0.5469634766282125	0.554981996048741	0.5663475703255667	0.502155972396411	0.5139208552973495
pt	0.5002603353118817	0.5515201362077781	0.5004451550363259	0.5010915895623246	0.551731415193182	0.5591183339681363	0.5098784791311429	0.5369136127668028	0.5887793674005501	0.5610124923165315	0.5136187472714152	0.5080268238162975	0.5708893241364446	0.572258551479972	0.5743979717401378	0.5188334984988834	0.5114984557175747	0.52334541486913	0.5052945409684384	0.5042832077613789	0.5013502285002077	0.5791898886570424	0.5772467688919733	1.0	0.5531081779002661	0.5206397854611627	0.5659308684792038	0.500987628651627	0.5403744863510068	0.5576327673313702	0.584067560226076	0.5032571605831868	0.5622069629912747	0.535362169061587	0.5629368612359976	0.5028369046917092	0.5161756210283074
ro	0.5004854368932039	0.553678936231937	0.5011183899703775	0.5022963500120861	0.5533575365206046	0.5297171904538025	0.5179203607506717	0.5187497440527092	0.5457507010883318	0.5391870725837089	0.5201495287497672	0.5161142857142856	0.5566073202281578	0.566917145588087	0.5490329159837148	0.5256204666429919	0.5215449109070375	0.5352529322873687	0.5118963486454653	0.5086595492289443	0.5026518804243009	0.5556298633348806	0.5499966751510902	0.5531081779002661	1.0	0.5276145710928319	0.539126130045687	0.5021760154738878	0.5500720800876566	0.536420784049032	0.5600567678541334	0.5063140338336908	0.562405977239055	0.5161891571478363	0.5588923278599712	0.5064145653778592	0.5238
ru	0.5019546520719311	0.5140226932134446	0.5015479876160991	0.5077160493827161	0.5198387438998515	0.5096997489887652	0.5497808390732624	0.5051011894999626	0.5140899291653834	0.511991702121197	0.5456570155902004	0.5477124183006535	0.5250389880436667	0.5163173255505439	0.5110826256475992	0.5710034013605442	0.5601710445937691	0.5356037151702787	0.5359430604982206	0.5273124544792426	0.5095785440613027	0.5162884333821377	0.516271840394202	0.5206397854611627	0.5276145710928319	1.0	0.5191694220897227	0.5077279752704791	0.5215430861723447	0.5205536918802147	0.5193431059186597	0.5249441548771407	0.5217757205975173	0.5034838613569204	0.5180921052631579	0.5136733185513673	0.5792270531400966
sh	0.5001717150903221	0.5407207501323769	0.5002914489438952	0.5006860592755213	0.5296014863106722	0.5484875130367425	0.5072276709938397	0.5855462219469149	0.5574305468291071	0.558211368394452	0.5085557846207492	0.5060909583107742	0.5483588557811923	0.5503449802867876	0.5656421501957415	0.5171486899700528	0.5082815082416815	0.5141740197804575	0.5038849509269356	0.502833731649027	0.5009600877794541	0.555675893677248	0.57050523466016	0.5659308684792038	0.539126130045687	0.5191694220897227	1.0	0.5006861534239055	0.5278462311422727	0.8308279285688386	0.5535865813233927	0.5023252633018739	0.5379983236748468	0.5902691348542514	0.5546847597945681	0.5018868907085432	0.5154523934771174
si	0.684931506849315	0.5023936919177696	0.5081967213114754	0.7522935779816513	0.5024671052631579	0.5004153513872737	0.5178571428571429	0.5001637518831467	0.500785059086026	0.5005274818018778	0.5134370579915134	0.6960629921259842	0.5019762845849802	0.501531393568147	0.5005591590248266	0.5059233449477352	0.5136986301369862	0.5059625212947189	0.712041884816754	0.7303754266211604	0.7164179104477613	0.5009970089730807	0.5007849293563579	0.500987628651627	0.5021760154738878	0.5077279752704791	0.5006861534239055	1.0	0.5029179539993134	0.5007408504963698	0.5011626483906498	0.7272727272727273	0.5024271844660194	0.5001079354114497	0.5013694680697708	0.5379310344827586	0.6807017543859648
simple	0.5006906077348067	0.563871156838287	0.5017112924813631	0.5034340659340659	0.5693443945861852	0.5270225147264982	0.5195514746685749	0.5123326954569156	0.5439345469340433	0.5309528906644142	0.5271790567126594	0.5182619647355164	0.5505468398449443	0.5665745513913045	0.5327128408672167	0.5247347763203672	0.5208195290618567	0.5380293798863537	0.5107984293193717	0.5104965011662779	0.5039343140608963	0.5477732589311568	0.5360737922763265	0.5403744863510068	0.5500720800876566	0.5215430861723447	0.5278462311422727	0.5029179539993134	1.0	0.5234342245837195	0.5538344509207849	0.5085714285714286	0.5650100377213733	0.5098990576768795	0.5572005001957352	0.5108428632312471	0.5229286086503387
sr	0.500185418675369	0.528652872843196	0.5002964719833976	0.5007407407407408	0.5240911067535052	0.5421797258203033	0.5076732853298421	0.5806877931119352	0.5488153504504129	0.5499337381216511	0.5085086522582034	0.5064954021310757	0.5427220277967238	0.5406329378463168	0.557515255789823	0.5182735816219979	0.508770658161786	0.5137154747911719	0.5041553283812605	0.5030955188679245	0.501036576336443	0.5471105446231834	0.5620293341837825	0.5576327673313702	0.536420784049032	0.5205536918802147	0.8308279285688386	0.5007408504963698	0.5234342245837195	1.0	0.5444578130279581	0.5025099660416359	0.5297684871137953	0.5794975773787553	0.5493585398285595	0.501812138575519	0.5167386226909194
sv	0.5003065603923973	0.5664496980139342	0.50050198556955	0.5012850324317709	0.568974260269573	0.5545330465800241	0.5108869532908354	0.5292021874749803	0.5717314673606085	0.5589073001280387	0.5147759313417085	0.5081402257872846	0.5680967580427283	0.5773221101685697	0.5651959506057648	0.5175311359207861	0.5130114285844207	0.5261212067441827	0.5060371890847621	0.5049132597355332	0.50165056852916	0.5831357016604866	0.5716136774242431	0.584067560226076	0.5600567678541334	0.5193431059186597	0.5535865813233927	0.5011626483906498	0.5538344509207849	0.5444578130279581	1.0	0.5033410278216499	0.5716435205495969	0.5294784375660753	0.564760712743371	0.5033751519829347	0.5152794754972775
te	0.6790697674418605	0.5042664464629782	0.5064102564102565	0.7206477732793523	0.5057811239580532	0.5012847078325736	0.5346020761245674	0.5005481289984783	0.5023026315789474	0.5016833245660179	0.5242346938775511	0.7461858529819695	0.5053388090349076	0.5039429784652715	0.5017281748243951	0.5177257525083612	0.5329249617151608	0.5160771704180064	0.7244094488188976	0.7506053268765133	0.7058823529411764	0.5026753864447087	0.5022267364637862	0.5032571605831868	0.5063140338336908	0.5249441548771407	0.5023252633018739	0.7272727272727273	0.5085714285714286	0.5025099660416359	0.5033410278216499	1.0	0.5055555555555555	0.5003667903685165	0.5040743388134381	0.5361702127659574	0.7062780269058295
tr	0.5005417118093174	0.5740044516430458	0.5013957945612622	0.5026968716289104	0.575669702847951	0.5299663136371638	0.5168650793650794	0.51648805411893	0.5488935134960019	0.537521027000273	0.5251303167449591	0.5135678391959799	0.5658345023246502	0.5723938769241423	0.5468547678843403	0.5208881938424619	0.5193632472847876	0.5390748593896056	0.5117554858934169	0.5084299262381454	0.5033629270917407	0.5545603036217126	0.5469634766282125	0.5622069629912747	0.562405977239055	0.5217757205975173	0.5379983236748468	0.5024271844660194	0.5650100377213733	0.5297684871137953	0.5716435205495969	0.5055555555555555	1.0	0.5139087749360378	0.5616191737088757	0.5072453075108538	0.5185424752048297
union	0.5000269882223398	0.5133376208728281	0.5000668567322676	0.5001133309587799	0.5123745677194849	0.5916181059288415	0.5013096800327672	0.8041654325732785	0.5464293313532795	0.5733677251894275	0.5019490417989382	0.5010826358142391	0.5185168026140308	0.5268231984349637	0.5770289511751279	0.5038440652171381	0.5015230849604846	0.5036970073195911	0.5006253773829035	0.5004691797443779	0.5001510965290968	0.5429599939097823	0.554981996048741	0.535362169061587	0.5161891571478363	0.5034838613569204	0.5902691348542514	0.5001079354114497	0.5098990576768795	0.5794975773787553	0.5294784375660753	0.5003667903685165	0.5139087749360378	1.0	0.526696388616226	0.500350928916861	0.5030153449940981
vi	0.500288933834152	0.5584050191557046	0.5005947008421612	0.5013690733535091	0.5545688270228035	0.5464364778302635	0.5117963856006014	0.5340720949048237	0.566883708568714	0.5577804844964714	0.5157935557999715	0.510748185371301	0.5601764943910427	0.5884628207022564	0.566376859365741	0.5213211024399692	0.5140110173479716	0.5263650245069126	0.5068065796937039	0.5054898046485099	0.5019438444924406	0.5696108025648519	0.5663475703255667	0.5629368612359976	0.5588923278599712	0.5180921052631579	0.5546847597945681	0.5013694680697708	0.5572005001957352	0.5493585398285595	0.564760712743371	0.5040743388134381	0.5616191737088757	0.526696388616226	1.0	0.5039898938620132	0.5197827773467805
war	0.5121951219512195	0.5063095726514375	0.5492191435768262	0.5266666666666667	0.5083822819922796	0.5011221599678931	0.5320284697508897	0.5004613696185306	0.5022602055122283	0.5014418398328437	0.526246719160105	0.5351239669421487	0.5056685249985468	0.5047139682604017	0.5015156435305207	0.512751677852349	0.5297805642633229	0.520801678816639	0.5488958990536278	0.5492424242424242	0.5341614906832298	0.5027475597246291	0.502155972396411	0.5028369046917092	0.5064145653778592	0.5136733185513673	0.5018868907085432	0.5379310344827586	0.5108428632312471	0.501812138575519	0.5033751519829347	0.5361702127659574	0.5072453075108538	0.500350928916861	0.5039898938620132	1.0	0.5162364696086594
zh	0.6698168930891908	0.5138060525734481	0.5013123359580053	0.6822703335283792	0.5169786678276013	0.5107712280417055	0.5723449750534569	0.5045200032459628	0.5160634722113656	0.5124916977468963	0.5518292682926829	0.8010498687664042	0.5274901820778293	0.5166486193827828	0.5116680140123956	0.6155339805825242	0.5826989619377162	0.5383886255924171	0.7466960352422908	0.7320924985899605	0.6884480746791132	0.5198431226071528	0.5139208552973495	0.5161756210283074	0.5238	0.5792270531400966	0.5154523934771174	0.6807017543859648	0.5229286086503387	0.5167386226909194	0.5152794754972775	0.7062780269058295	0.5185424752048297	0.5030153449940981	0.5197827773467805	0.5162364696086594	1.0
