arz	bs	ceb	ckb	da	de	el	en	es	fr	he	hi	hu	id	it	ja	ko	lv	mk	ml	mr	nl	pl	pt	ro	ru	sh	si	simple	sr	sv	te	tr	union	vi	war	zh
arz	9.0	9.0	8.0	9.0	9.0	9.0	9.0	9.0	9.0	9.0	9.0	9.0	9.0	9.0	9.0	9.0	9.0	9.0	9.0	9.0	9.0	9.0	9.0	9.0	9.0	9.0	9.0	6.0	9.0	9.0	9.0	8.0	9.0	9.0	9.0	9.0	9.0
bs	9.0	1713.2367531003388	136.38306179775276	118.0	901.8382716962857	1284.5592033700975	118.0	1313.3048789277261	1030.6185876635957	1101.6130995251337	118.0	116.0	501.1122661122661	878.9614782495088	1014.5083333521019	118.0	118.0	474.8961981738459	118.0	118.0	118.0	841.1182325190044	875.9026845637585	594.2579061787574	912.177301573259	118.0	724.0572930985304	31.0	613.0886294762659	118.0	760.817967516671	94.0	575.8846372399938	1713.2367531003388	903.4244008598661	138.12500799999998	190.0
ceb	8.0	136.38306179775276	278.8150811982634	115.0	139.1830377728456	144.57117186755733	122.0	263.87258096599777	142.40403889308712	155.92317905510725	117.0	113.0	130.98396536143008	254.9932444543747	141.04134655900506	122.0	122.0	130.1636999569444	115.0	115.0	115.0	138.64383784703836	143.69971804624612	129.21499252436743	140.45926418773178	122.0	124.09956274251837	30.0	175.19479433168016	117.0	146.14682350240528	93.0	134.5571656717021	278.8150811982634	142.40328383597173	119.11300599999998	125.81393340010126
ckb	9.0	118.0	115.0	118.0	118.0	118.0	118.0	118.0	118.0	118.0	118.0	116.0	118.0	118.0	118.0	118.0	118.0	118.0	118.0	118.0	118.0	118.0	118.0	118.0	118.0	118.0	118.0	31.0	118.0	118.0	118.0	94.0	118.0	118.0	118.0	118.0	118.0
da	9.0	901.8382716962857	139.1830377728456	118.0	2505.9597836998155	1417.510818897638	119.0	1748.1935112086733	1314.3405287610624	1431.2713271334785	119.0	116.0	594.4712335766422	1119.5617115138875	1334.3427091706512	119.0	119.0	506.5642398286938	118.0	118.0	118.0	1105.3475815523059	996.8803486611434	686.851475076297	1181.3938098434003	119.0	692.865897285325	31.0	721.6279291338582	119.0	993.4611723077128	95.0	702.069496768764	2505.9597836998155	1070.52452583932	139.126013	199.126
de	9.0	1284.5592033700975	144.57117186755733	118.0	1417.510818897638	8710.100113820361	130.0	4432.2254776478285	2151.5434297085135	2899.7679248057802	120.0	116.0	772.3014819766901	1666.8389621241083	2303.9118370767105	125.0	132.0	593.5879828326179	118.0	118.0	118.0	1629.0892045009446	1712.2616317535008	916.0112130479102	1597.3067559894014	127.0	862.067826181605	31.0	1069.6119090632453	120.0	1407.8436234604176	96.0	864.4867542860989	8710.100113820361	1453.4665893699803	136.129013	222.96177062374244
el	9.0	118.0	122.0	118.0	119.0	130.0	130.0	130.0	130.0	130.0	120.0	116.0	128.0	129.0	120.0	125.0	130.0	118.0	118.0	118.0	118.0	119.0	125.0	123.0	122.0	127.0	118.0	31.0	122.0	120.0	130.0	96.0	118.0	130.0	124.0	118.0	125.0
en	9.0	1313.3048789277261	263.87258096599777	118.0	1748.1935112086733	4432.2254776478285	130.0	14150.713849995176	2810.029546843341	3762.873282760966	120.0	116.0	895.9333251715492	2570.3347014531128	2717.8556694824492	127.0	145.0	599.6192678318326	118.0	118.0	118.0	1931.996464840014	1880.5337464132708	1079.5067752311675	1903.9150482548707	127.0	1052.2774578403883	31.0	1290.349590036387	120.0	1640.2009444908904	96.0	1080.4524955183645	14150.713849995176	1842.056995063668	138.131013	248.5737469060239
es	9.0	1030.6185876635957	142.40403889308712	118.0	1314.3405287610624	2151.5434297085135	130.0	2810.029546843341	4117.412363924353	2181.0836405048703	120.0	116.0	671.941600117307	1418.9049423747465	1912.2551494765073	125.0	134.0	532.2110286320255	118.0	118.0	118.0	1501.7410777054458	1370.2246834813645	916.4585075777516	1407.461267264048	127.0	766.1556923435869	31.0	854.6669749732482	120.0	1212.3995043841098	96.0	795.0656326641488	4117.412363924353	1307.5616527014017	139.100008	232.90831334866215
fr	9.0	1101.6130995251337	155.92317905510725	118.0	1431.2713271334785	2899.7679248057802	130.0	3762.873282760966	2181.0836405048703	7300.444980978447	120.0	116.0	755.8971477443545	1564.2138567160164	2237.4277048458143	127.0	143.0	586.8609341825904	118.0	118.0	118.0	1685.8381293524637	1561.2985303996948	933.1190712830958	1513.6785141329283	127.0	834.2840716216696	31.0	1002.1289519262677	120.0	1378.6312826013595	96.0	882.6626197571258	7300.444980978447	1393.1667095661783	135.10401	241.56722255790532
he	9.0	118.0	117.0	118.0	119.0	120.0	120.0	120.0	120.0	120.0	120.0	116.0	120.0	120.0	120.0	120.0	120.0	118.0	118.0	118.0	118.0	118.0	120.0	120.0	120.0	120.0	118.0	31.0	120.0	120.0	120.0	96.0	118.0	120.0	120.0	118.0	120.0
hi	9.0	116.0	113.0	116.0	116.0	116.0	116.0	116.0	116.0	116.0	116.0	116.0	116.0	116.0	116.0	116.0	116.0	116.0	116.0	116.0	116.0	116.0	116.0	116.0	116.0	116.0	116.0	31.0	116.0	116.0	116.0	93.0	116.0	116.0	116.0	116.0	116.0
hu	9.0	501.1122661122661	130.98396536143008	118.0	594.4712335766422	772.3014819766901	128.0	895.9333251715492	671.941600117307	755.8971477443545	120.0	116.0	1090.6034253704295	585.10393656216	671.1882845188283	123.0	132.0	349.9129533678756	118.0	118.0	118.0	616.7148997912317	607.4336475020596	418.11970623742457	582.6422436916197	125.0	435.3163699838137	31.0	454.09419542648544	120.0	572.1710125642932	96.0	446.56674589181176	1090.6034253704295	577.3775309388919	135.041003	187.26626026026025
id	9.0	878.9614782495088	254.9932444543747	118.0	1119.5617115138875	1666.8389621241083	129.0	2570.3347014531128	1418.9049423747465	1564.2138567160164	120.0	116.0	585.10393656216	3019.6930230090798	1374.9087619964178	126.0	133.0	486.3166902539595	118.0	118.0	118.0	1036.7771911797	1073.4010551116173	749.8782147080982	1157.1111533254027	127.0	698.0749069849533	31.0	857.160247798946	120.0	983.1734937580359	96.0	724.6139431563286	3019.6930230090798	1150.4721861275605	138.21801499999998	226.2712839268955
it	9.0	1014.5083333521019	141.04134655900506	118.0	1334.3427091706512	2303.9118370767105	120.0	2717.8556694824492	1912.2551494765073	2237.4277048458143	120.0	116.0	671.1882845188283	1374.9087619964178	4336.7442513672	121.0	121.0	557.1341201716739	118.0	118.0	118.0	1472.591628959276	1416.7620154629387	890.9021406727829	1446.3411840598546	120.0	792.7384220187323	31.0	895.8766442532782	120.0	1210.4825832115462	96.0	836.9936957136835	4336.7442513672	1309.2044311404188	137.131013	221.27727227227228
ja	9.0	118.0	122.0	118.0	119.0	125.0	125.0	127.0	125.0	127.0	120.0	116.0	123.0	126.0	121.0	127.0	126.0	118.0	118.0	118.0	118.0	119.0	125.0	123.0	121.0	125.0	118.0	31.0	121.0	120.0	126.0	96.0	118.0	127.0	124.0	118.0	127.0
ko	9.0	118.0	122.0	118.0	119.0	132.0	130.0	145.0	134.0	143.0	120.0	116.0	132.0	133.0	121.0	126.0	145.0	118.0	118.0	118.0	118.0	119.0	125.0	124.0	122.0	127.0	118.0	31.0	122.0	120.0	141.0	96.0	118.0	145.0	124.0	118.0	126.0
lv	9.0	474.8961981738459	130.1636999569444	118.0	506.5642398286938	593.5879828326179	118.0	599.6192678318326	532.2110286320255	586.8609341825904	118.0	116.0	349.9129533678756	486.3166902539595	557.1341201716739	118.0	118.0	719.7222947664106	118.0	118.0	118.0	500.10075026795283	475.49642422243795	386.1926977687627	523.4871520342612	118.0	397.904261411578	31.0	430.91201716738203	118.0	470.0642398286938	94.0	409.6041171182569	719.7222947664106	512.8638267560776	133.127	167.0
mk	9.0	118.0	115.0	118.0	118.0	118.0	118.0	118.0	118.0	118.0	118.0	116.0	118.0	118.0	118.0	118.0	118.0	118.0	118.0	118.0	118.0	118.0	118.0	118.0	118.0	118.0	118.0	31.0	118.0	118.0	118.0	94.0	118.0	118.0	118.0	118.0	118.0
ml	9.0	118.0	115.0	118.0	118.0	118.0	118.0	118.0	118.0	118.0	118.0	116.0	118.0	118.0	118.0	118.0	118.0	118.0	118.0	118.0	118.0	118.0	118.0	118.0	118.0	118.0	118.0	31.0	118.0	118.0	118.0	94.0	118.0	118.0	118.0	118.0	118.0
mr	9.0	118.0	115.0	118.0	118.0	118.0	118.0	118.0	118.0	118.0	118.0	116.0	118.0	118.0	118.0	118.0	118.0	118.0	118.0	118.0	118.0	118.0	118.0	118.0	118.0	118.0	118.0	31.0	118.0	118.0	118.0	94.0	118.0	118.0	118.0	118.0	118.0
nl	9.0	841.1182325190044	138.64383784703836	118.0	1105.3475815523059	1629.0892045009446	119.0	1931.996464840014	1501.7410777054458	1685.8381293524637	118.0	116.0	616.7148997912317	1036.7771911797	1472.591628959276	119.0	119.0	500.10075026795283	118.0	118.0	118.0	2800.417952484512	1085.3333251454944	709.9388379204893	1075.3499877962215	119.0	678.8206443007867	31.0	740.8846153846154	118.0	1044.3526898242678	94.0	709.3551979779245	2800.417952484512	1026.3041718344905	135.125011	208.005
pl	9.0	875.9026845637585	143.69971804624612	118.0	996.8803486611434	1712.2616317535008	125.0	1880.5337464132708	1370.2246834813645	1561.2985303996948	120.0	116.0	607.4336475020596	1073.4010551116173	1416.7620154629387	125.0	125.0	475.49642422243795	118.0	118.0	118.0	1085.3333251454944	2775.966063348417	674.9112897878998	1070.6286609549597	125.0	662.3238399930817	31.0	720.7433436376456	120.0	1011.5398895837657	96.0	683.2343936050493	2775.966063348417	1030.119679985286	134.11100399999998	220.14501510574019
pt	9.0	594.2579061787574	129.21499252436743	118.0	686.851475076297	916.0112130479102	123.0	1079.5067752311675	916.4585075777516	933.1190712830958	120.0	116.0	418.11970623742457	749.8782147080982	890.9021406727829	123.0	124.0	386.1926977687627	118.0	118.0	118.0	709.9388379204893	674.9112897878998	1391.153575368732	753.5013604895325	123.0	514.5006607152601	31.0	547.2631806964126	120.0	647.5025259409969	96.0	512.7687080969858	1391.153575368732	675.9571158964153	138.029003	205.0
ro	9.0	912.177301573259	140.45926418773178	118.0	1181.3938098434003	1597.3067559894014	122.0	1903.9150482548707	1407.461267264048	1513.6785141329283	120.0	116.0	582.6422436916197	1157.1111533254027	1446.3411840598546	121.0	122.0	523.4871520342612	118.0	118.0	118.0	1075.3499877962215	1070.6286609549597	753.5013604895325	2661.880316225519	122.0	735.5559433460107	31.0	774.2158816031421	120.0	969.519079792242	96.0	771.10923733859	2661.880316225519	1088.590811158794	141.16901199999998	196.40742270312583
ru	9.0	118.0	122.0	118.0	119.0	127.0	127.0	127.0	127.0	127.0	120.0	116.0	125.0	127.0	120.0	125.0	127.0	118.0	118.0	118.0	118.0	119.0	125.0	123.0	122.0	127.0	118.0	31.0	121.0	120.0	127.0	96.0	118.0	127.0	124.0	118.0	125.0
sh	9.0	724.0572930985304	124.09956274251837	118.0	692.865897285325	862.067826181605	118.0	1052.2774578403883	766.1556923435869	834.2840716216696	118.0	116.0	435.3163699838137	698.0749069849533	792.7384220187323	118.0	118.0	397.904261411578	118.0	118.0	118.0	678.8206443007867	662.3238399930817	514.5006607152601	735.5559433460107	118.0	1338.4572841581394	31.0	537.5154377539827	118.0	612.2894724651806	94.0	498.04968488021	1338.4572841581394	671.0295738039174	137.024005	189.0
si	6.0	31.0	30.0	31.0	31.0	31.0	31.0	31.0	31.0	31.0	31.0	31.0	31.0	31.0	31.0	31.0	31.0	31.0	31.0	31.0	31.0	31.0	31.0	31.0	31.0	31.0	31.0	31.0	31.0	31.0	31.0	31.0	31.0	31.0	31.0	31.0	31.0
simple	9.0	613.0886294762659	175.19479433168016	118.0	721.6279291338582	1069.6119090632453	122.0	1290.349590036387	854.6669749732482	1002.1289519262677	120.0	116.0	454.09419542648544	857.160247798946	895.8766442532782	121.0	122.0	430.91201716738203	118.0	118.0	118.0	740.8846153846154	720.7433436376456	547.2631806964126	774.2158816031421	121.0	537.5154377539827	31.0	1558.3988233922441	120.0	701.2757350193967	96.0	549.3163573804447	1558.3988233922441	750.0757180671065	136.18101099999998	191.426
sr	9.0	118.0	117.0	118.0	119.0	120.0	120.0	120.0	120.0	120.0	120.0	116.0	120.0	120.0	120.0	120.0	120.0	118.0	118.0	118.0	118.0	118.0	120.0	120.0	120.0	120.0	118.0	31.0	120.0	120.0	120.0	96.0	118.0	120.0	120.0	118.0	120.0
sv	9.0	760.817967516671	146.14682350240528	118.0	993.4611723077128	1407.8436234604176	130.0	1640.2009444908904	1212.3995043841098	1378.6312826013595	120.0	116.0	572.1710125642932	983.1734937580359	1210.4825832115462	126.0	141.0	470.0642398286938	118.0	118.0	118.0	1044.3526898242678	1011.5398895837657	647.5025259409969	969.519079792242	127.0	612.2894724651806	31.0	701.2757350193967	120.0	2242.380921761475	96.0	651.1002690866612	2242.380921761475	923.6584615595561	137.15400799999998	213.2870090634441
te	8.0	94.0	93.0	94.0	95.0	96.0	96.0	96.0	96.0	96.0	96.0	93.0	96.0	96.0	96.0	96.0	96.0	94.0	94.0	94.0	94.0	94.0	96.0	96.0	96.0	96.0	94.0	31.0	96.0	96.0	96.0	96.0	94.0	96.0	96.0	94.0	96.0
tr	9.0	575.8846372399938	134.5571656717021	118.0	702.069496768764	864.4867542860989	118.0	1080.4524955183645	795.0656326641488	882.6626197571258	118.0	116.0	446.56674589181176	724.6139431563286	836.9936957136835	118.0	118.0	409.6041171182569	118.0	118.0	118.0	709.3551979779245	683.2343936050493	512.7687080969858	771.10923733859	118.0	498.04968488021	31.0	549.3163573804447	118.0	651.1002690866612	94.0	1334.484083404361	1334.484083404361	726.4086813495306	136.141005	200.0
union	9.0	1713.2367531003388	278.8150811982634	118.0	2505.9597836998155	8710.100113820361	130.0	14150.713849995176	4117.412363924353	7300.444980978447	120.0	116.0	1090.6034253704295	3019.6930230090798	4336.7442513672	127.0	145.0	719.7222947664106	118.0	118.0	118.0	2800.417952484512	2775.966063348417	1391.153575368732	2661.880316225519	127.0	1338.4572841581394	31.0	1558.3988233922441	120.0	2242.380921761475	96.0	1334.484083404361	26445.530193746654	2284.3211268030773	154.27102299999999	299.84056508577197
vi	9.0	903.4244008598661	142.40328383597173	118.0	1070.52452583932	1453.4665893699803	124.0	1842.056995063668	1307.5616527014017	1393.1667095661783	120.0	116.0	577.3775309388919	1150.4721861275605	1309.2044311404188	124.0	124.0	512.8638267560776	118.0	118.0	118.0	1026.3041718344905	1030.119679985286	675.9571158964153	1088.590811158794	124.0	671.0295738039174	31.0	750.0757180671065	120.0	923.6584615595561	96.0	726.4086813495306	2284.3211268030773	2284.3211268030773	139.09100199999997	219.99279895878874
war	9.0	138.12500799999998	119.11300599999998	118.0	139.126013	136.129013	118.0	138.131013	139.100008	135.10401	118.0	116.0	135.041003	138.21801499999998	137.131013	118.0	118.0	133.127	118.0	118.0	118.0	135.125011	134.11100399999998	138.029003	141.16901199999998	118.0	137.024005	31.0	136.18101099999998	118.0	137.15400799999998	94.0	136.141005	154.27102299999999	139.09100199999997	154.27102299999999	127.0
zh	9.0	190.0	125.81393340010126	118.0	199.126	222.96177062374244	125.0	248.5737469060239	232.90831334866215	241.56722255790532	120.0	116.0	187.26626026026025	226.2712839268955	221.27727227227228	127.0	126.0	167.0	118.0	118.0	118.0	208.005	220.14501510574019	205.0	196.40742270312583	125.0	189.0	31.0	191.426	120.0	213.2870090634441	96.0	200.0	299.84056508577197	219.99279895878874	127.0	299.84056508577197
