arz	bs	ceb	ckb	da	de	el	en	es	fr	he	hi	hu	id	it	ja	ko	lv	mk	ml	mr	nl	pl	pt	ro	ru	sh	si	simple	sr	sv	te	tr	union	vi	war	zh
arz	1.0	1.0	0.125	1.0	1.0	1.0	1.0	1.0	1.0	1.0	1.0	1.0	1.0	1.0	1.0	1.0	1.0	1.0	0.0	1.0	1.0	1.0	1.0	1.0	1.0	1.0	1.0	0.0	1.0	1.0	1.0	1.0	1.0	0.1111111111111111	1.0	1.0	1.0
bs	1.0	0.00568856773224671	0.00916306515706482	0.5	0.033347777777777775	0.012349643348576436	0.3333333333333333	0.00704736247852693	0.011769689689689689	0.014089864114263044	0.16666666666666666	0.3333333333333333	0.05	0.02222716049382716	0.010873110941754608	0.25	0.25	0.14285714285714285	0.5	1.0	0.5	0.016136316337148803	0.015153812444216484	0.012053128610828858	0.0500075	0.125	0.015632568359375	0.0	0.027034331628926222	0.02222864197530864	0.017246730083234244	1.0	0.0400048	0.0006034170427142402	0.07692307692307693	1.0	0.16666666666666666
ceb	0.125	0.00916306515706482	0.00406175457721379	0.008695652173913044	0.008907714417462118	0.008687649291963064	0.00819672131147541	0.004290332026632378	0.008557420761558025	0.007519443434370527	0.008547008547008548	0.008849557522123894	0.00825043873528786	0.0044640892921057876	0.00888393465350246	0.00819672131147541	0.00819672131147541	0.008745209618176862	0.008695652173913044	0.008695652173913044	0.008695652173913044	0.009016898923454628	0.008635281416155646	0.008011345559201901	0.008847270356999986	0.00819672131147541	0.008337783038330986	0.03333333333333333	0.006843546653581255	0.008547008547008548	0.008516218373195345	0.010752688172043012	0.008751116393841189	0.00406175457721379	0.008557375388256218	0.008411341430689922	0.00805209173760648
ckb	1.0	0.5	0.008695652173913044	0.2	0.5	0.3333333333333333	0.5	0.2	0.3333333333333333	0.3333333333333333	0.5	0.5	0.3333333333333333	0.5	0.3333333333333333	0.3333333333333333	0.3333333333333333	0.5	1.0	1.0	0.5	0.3333333333333333	0.25	0.3333333333333333	0.3333333333333333	0.3333333333333333	0.5	0.0	0.3333333333333333	0.5	0.3333333333333333	1.0	0.5	0.00847457627118644	0.3333333333333333	1.0	0.3333333333333333
da	1.0	0.033347777777777775	0.008907714417462118	0.5	0.004296671959771299	0.013520636779950147	0.16666666666666666	0.0065835793376478975	0.01450094707183554	0.012664798751643808	0.125	0.16666666666666666	0.04348393194706995	0.033341111111111106	0.012993760837916684	0.1	0.125	0.11114814814814815	0.3333333333333333	0.3333333333333333	0.3333333333333333	0.016400700081968558	0.01667166833500167	0.012053418493250109	0.045462809917355365	0.1111111111111111	0.025010003128128126	1.0	0.027039444850255657	0.03030853994490358	0.020841148005644534	0.5	0.038473372781065086	0.00040744663496680115	0.08333333333333333	0.50025	0.1
de	1.0	0.012349643348576436	0.008687649291963064	0.3333333333333333	0.013520636779950147	0.00048003810865374547	0.14285714285714285	0.0009013936816331068	0.0021107465509760145	0.0020501714425852553	0.045454545454545456	0.125	0.01754816866728224	0.010103560861136618	0.0016593707143141708	0.027777777777777776	0.05	0.11113580246913579	0.2	0.5	0.3333333333333333	0.0036652849900444527	0.0024824611569188534	0.002315806187864391	0.019611687812379854	0.018518518518518517	0.006412023586703074	1.0	0.008550222806633062	0.007463744709289374	0.004293595516716222	0.5	0.017862882653061223	0.00011614148181787151	0.03225910509885536	1.0	0.03225806451612903
el	1.0	0.3333333333333333	0.00819672131147541	0.5	0.16666666666666666	0.14285714285714285	0.1	0.1	0.125	0.14285714285714285	0.16666666666666666	0.16666666666666666	0.2	0.14285714285714285	0.14285714285714285	0.14285714285714285	0.16666666666666666	0.2	0.5	0.5	0.3333333333333333	0.16666666666666666	0.125	0.14285714285714285	0.2	0.16666666666666666	0.25	1.0	0.2	0.2	0.2	0.5	0.16666666666666666	0.007692307692307693	0.16666666666666666	1.0	0.14285714285714285
en	1.0	0.00704736247852693	0.004290332026632378	0.2	0.0065835793376478975	0.0009013936816331068	0.1	0.00011246664711229683	0.0010831191695609985	0.0009631530100215255	0.03571428571428571	0.1111111111111111	0.010872164461247636	0.0064565663686579405	0.0007315681834250807	0.02127659574468085	0.043478260869565216	0.06669777777777779	0.2	0.25	0.3333333333333333	0.0025018002751501507	0.0014457050040639307	0.0010438941083367303	0.010874172967863895	0.015151515151515152	0.004117293843287584	1.0	0.005184702945045504	0.004426286318427441	0.002592788189065599	0.3333333333333333	0.009265089163237311	7.152158375104297e-05	0.02439738251041047	0.5	0.020833333333333332
es	1.0	0.011769689689689689	0.008557420761558025	0.3333333333333333	0.01450094707183554	0.0021107465509760145	0.125	0.0010831191695609985	0.0008052030405749023	0.002359525387309925	0.041666666666666664	0.14285714285714285	0.018872196511213954	0.010208975426905456	0.001793216627706058	0.03333333333333333	0.05	0.07695266272189348	0.2	0.25	0.3333333333333333	0.004276043484184747	0.00291663358824149	0.002258834526545358	0.016952025280091928	0.020833333333333332	0.006538682216754753	1.0	0.009262688614540465	0.007938838498362308	0.004953093103887144	0.3333333333333333	0.01492938293606594	0.0002467403875673967	0.034482758620689655	1.0	0.027777777777777776
fr	1.0	0.014089864114263044	0.007519443434370527	0.3333333333333333	0.012664798751643808	0.0020501714425852553	0.14285714285714285	0.0009631530100215255	0.002359525387309925	0.0005497617679945265	0.047619047619047616	0.1111111111111111	0.014927600801960346	0.009093801652892562	0.001859734746711029	0.03333333333333333	0.058823529411764705	0.06668	0.25	0.25	0.3333333333333333	0.003938868063922314	0.0028417728403846124	0.0018878367235860044	0.016951450732548116	0.020833333333333332	0.006669068448007124	1.0	0.008548542625465703	0.00730033565986467	0.004506635216500487	0.3333333333333333	0.014290816326530613	0.00013885244198273016	0.03225806451612903	0.5	0.030303030303030304
he	1.0	0.16666666666666666	0.008547008547008548	0.5	0.125	0.045454545454545456	0.16666666666666666	0.03571428571428571	0.041666666666666664	0.047619047619047616	0.03571428571428571	0.125	0.125	0.08333333333333333	0.047619047619047616	0.06666666666666667	0.08333333333333333	0.2	0.3333333333333333	0.5	0.3333333333333333	0.05555555555555555	0.05	0.043478260869565216	0.125	0.05263157894736842	0.1	1.0	0.09090909090909091	0.07142857142857142	0.058823529411764705	0.5	0.07692307692307693	0.008333333333333333	0.06666666666666667	1.0	0.05555555555555555
hi	1.0	0.3333333333333333	0.008849557522123894	0.5	0.16666666666666666	0.125	0.16666666666666666	0.1111111111111111	0.14285714285714285	0.1111111111111111	0.125	0.1111111111111111	0.2	0.16666666666666666	0.14285714285714285	0.14285714285714285	0.125	0.2	0.5	0.5	0.3333333333333333	0.14285714285714285	0.125	0.125	0.2	0.14285714285714285	0.25	1.0	0.2	0.16666666666666666	0.14285714285714285	0.5	0.14285714285714285	0.008620689655172414	0.1111111111111111	1.0	0.14285714285714285
hu	1.0	0.05	0.00825043873528786	0.3333333333333333	0.04348393194706995	0.01754816866728224	0.2	0.010872164461247636	0.018872196511213954	0.014927600801960346	0.125	0.2	0.00935409206044196	0.037048010973936896	0.014289183673469387	0.125	0.14285714285714285	0.125046875	0.5	0.5	0.3333333333333333	0.022731921487603307	0.017860969387755103	0.013160664819944597	0.050012499999999994	0.1	0.02702702702702703	1.0	0.027783179012345678	0.03125	0.02631994459833795	0.5	0.04167534722222222	0.0009332875437143885	0.125	1.0	0.1
id	1.0	0.02222716049382716	0.0044640892921057876	0.5	0.033341111111111106	0.010103560861136618	0.14285714285714285	0.0064565663686579405	0.010208975426905456	0.009093801652892562	0.08333333333333333	0.16666666666666666	0.037048010973936896	0.005326138638638638	0.009177594478579243	0.1111111111111111	0.1111111111111111	0.10000999999999999	0.3333333333333333	0.5	0.3333333333333333	0.013162396121883656	0.011365702479338841	0.009620192307692307	0.038473372781065086	0.07142857142857142	0.018188101489919672	1.0	0.017549399815327795	0.02128202806699864	0.01471258650519031	0.5	0.028584489795918367	0.000339129178564619	0.05555555555555555	0.5	0.08333333333333333
it	1.0	0.010873110941754608	0.00888393465350246	0.3333333333333333	0.012993760837916684	0.0016593707143141708	0.14285714285714285	0.0007315681834250807	0.001793216627706058	0.001859734746711029	0.047619047619047616	0.14285714285714285	0.014289183673469387	0.009177594478579243	0.0005327901817241846	0.03571428571428571	0.058823529411764705	0.08335416666666667	0.2	0.25	0.3333333333333333	0.0033804901618313893	0.002446201499441228	0.0019466042143257579	0.01587729906777526	0.022727272727272728	0.006062920404334546	1.0	0.008003455999999999	0.007143877551020409	0.00418677910066366	0.3333333333333333	0.013705760930756239	0.00023432735984145418	0.03226326742976066	0.5	0.037037037037037035
ja	1.0	0.25	0.00819672131147541	0.3333333333333333	0.1	0.027777777777777776	0.14285714285714285	0.02127659574468085	0.03333333333333333	0.03333333333333333	0.06666666666666667	0.14285714285714285	0.125	0.1111111111111111	0.03571428571428571	0.02127659574468085	0.0625	0.2	0.3333333333333333	0.5	0.3333333333333333	0.05	0.02857142857142857	0.03225806451612903	0.1111111111111111	0.03571428571428571	0.125	1.0	0.09090909090909091	0.08333333333333333	0.05263157894736842	0.5	0.08333333333333333	0.007874015748031496	0.06666666666666667	1.0	0.047619047619047616
ko	1.0	0.25	0.00819672131147541	0.3333333333333333	0.125	0.05	0.16666666666666666	0.043478260869565216	0.05	0.058823529411764705	0.08333333333333333	0.125	0.14285714285714285	0.1111111111111111	0.058823529411764705	0.0625	0.043478260869565216	0.2	0.5	0.5	0.3333333333333333	0.06666666666666667	0.05555555555555555	0.047619047619047616	0.1111111111111111	0.06666666666666667	0.125	1.0	0.1111111111111111	0.07142857142857142	0.05555555555555555	0.5	0.1111111111111111	0.006896551724137931	0.07692307692307693	1.0	0.05555555555555555
lv	1.0	0.14285714285714285	0.008745209618176862	0.5	0.11114814814814815	0.11113580246913579	0.2	0.06669777777777779	0.07695266272189348	0.06668	0.2	0.2	0.125046875	0.10000999999999999	0.08335416666666667	0.2	0.2	0.052670360110803324	1.0	0.5	0.3333333333333333	0.10000999999999999	0.09093388429752067	0.07145918367346939	0.09094214876033059	0.2	0.125	1.0	0.12503124999999998	0.1111111111111111	0.125	0.5	0.10003000000000001	0.0014358148495930507	0.14285714285714285	0.5	0.2
mk	0.0	0.5	0.008695652173913044	1.0	0.3333333333333333	0.2	0.5	0.2	0.2	0.25	0.3333333333333333	0.5	0.5	0.3333333333333333	0.2	0.3333333333333333	0.5	1.0	0.2	0.0	1.0	0.3333333333333333	0.2	0.25	1.0	0.2	0.3333333333333333	0.0	0.5	0.2	0.3333333333333333	0.0	0.3333333333333333	0.00847457627118644	0.5	0.0	0.3333333333333333
ml	1.0	1.0	0.008695652173913044	1.0	0.3333333333333333	0.5	0.5	0.25	0.25	0.25	0.5	0.5	0.5	0.5	0.25	0.5	0.5	0.5	0.0	0.25	0.5	0.5	0.25	0.3333333333333333	0.5	0.5	0.3333333333333333	1.0	0.3333333333333333	0.3333333333333333	0.3333333333333333	0.3333333333333333	0.5	0.00847457627118644	0.3333333333333333	1.0	0.5
mr	1.0	0.5	0.008695652173913044	0.5	0.3333333333333333	0.3333333333333333	0.3333333333333333	0.3333333333333333	0.3333333333333333	0.3333333333333333	0.3333333333333333	0.3333333333333333	0.3333333333333333	0.3333333333333333	0.3333333333333333	0.3333333333333333	0.3333333333333333	0.3333333333333333	1.0	0.5	0.3333333333333333	0.3333333333333333	0.3333333333333333	0.3333333333333333	0.3333333333333333	0.3333333333333333	0.3333333333333333	1.0	0.3333333333333333	0.3333333333333333	0.3333333333333333	0.5	0.3333333333333333	0.00847457627118644	0.3333333333333333	1.0	0.3333333333333333
nl	1.0	0.016136316337148803	0.009016898923454628	0.3333333333333333	0.016400700081968558	0.0036652849900444527	0.16666666666666666	0.0025018002751501507	0.004276043484184747	0.003938868063922314	0.05555555555555555	0.14285714285714285	0.022731921487603307	0.013162396121883656	0.0033804901618313893	0.05	0.06666666666666667	0.10000999999999999	0.3333333333333333	0.5	0.3333333333333333	0.0018859289707264344	0.005349710086362493	0.004100661902160155	0.025643655489809333	0.03225806451612903	0.010106010407918377	1.0	0.011769688581314879	0.012824457593688363	0.007096374076405262	0.5	0.020840277777777774	0.00036523882891186616	0.043478260869565216	0.5	0.047619047619047616
pl	1.0	0.015153812444216484	0.008635281416155646	0.25	0.01667166833500167	0.0024824611569188534	0.125	0.0014457050040639307	0.00291663358824149	0.0028417728403846124	0.05	0.125	0.017860969387755103	0.011365702479338841	0.002446201499441228	0.02857142857142857	0.05555555555555555	0.09093388429752067	0.2	0.25	0.3333333333333333	0.005349710086362493	0.0009145822012351948	0.0030590299077425673	0.019233727810650886	0.01818181818181818	0.008476659365484415	1.0	0.008931680484693876	0.010205226988754685	0.006025983669836188	0.3333333333333333	0.01449653434152489	0.00036921492765751757	0.03333333333333333	1.0	0.030303030303030304
pt	1.0	0.012053128610828858	0.008011345559201901	0.3333333333333333	0.012053418493250109	0.002315806187864391	0.14285714285714285	0.0010438941083367303	0.002258834526545358	0.0018878367235860044	0.043478260869565216	0.125	0.013160664819944597	0.009620192307692307	0.0019466042143257579	0.03225806451612903	0.047619047619047616	0.07145918367346939	0.25	0.3333333333333333	0.3333333333333333	0.004100661902160155	0.0030590299077425673	0.00074344976181202	0.015628906249999998	0.024390243902439025	0.006898930464352582	1.0	0.008624033888228298	0.007143724489795918	0.005210394965277778	0.3333333333333333	0.01266383592373017	0.000725229613506618	0.034482758620689655	0.5	0.029411764705882353
ro	1.0	0.0500075	0.008847270356999986	0.3333333333333333	0.045462809917355365	0.019611687812379854	0.2	0.010874172967863895	0.016952025280091928	0.016951450732548116	0.125	0.2	0.050012499999999994	0.038473372781065086	0.01587729906777526	0.1111111111111111	0.1111111111111111	0.09094214876033059	1.0	0.5	0.3333333333333333	0.025643655489809333	0.019233727810650886	0.015628906249999998	0.009444375578497685	0.07142857142857142	0.03571811224489796	1.0	0.031255859375	0.034485136741973836	0.025001875	0.5	0.03704389574759945	0.000384252547011056	0.07142857142857142	0.5	0.1
ru	1.0	0.125	0.00819672131147541	0.3333333333333333	0.1111111111111111	0.018518518518518517	0.16666666666666666	0.015151515151515152	0.020833333333333332	0.020833333333333332	0.05263157894736842	0.14285714285714285	0.1	0.07142857142857142	0.022727272727272728	0.03571428571428571	0.06666666666666667	0.2	0.2	0.5	0.3333333333333333	0.03225806451612903	0.01818181818181818	0.024390243902439025	0.07142857142857142	0.013333333333333334	0.07692307692307693	1.0	0.08333333333333333	0.05263157894736842	0.037037037037037035	0.5	0.05555555555555555	0.007874015748031496	0.047619047619047616	1.0	0.047619047619047616
sh	1.0	0.015632568359375	0.008337783038330986	0.5	0.025010003128128126	0.006412023586703074	0.25	0.004117293843287584	0.006538682216754753	0.006669068448007124	0.1	0.25	0.02702702702702703	0.018188101489919672	0.006062920404334546	0.125	0.125	0.125	0.3333333333333333	0.3333333333333333	0.3333333333333333	0.010106010407918377	0.008476659365484415	0.006898930464352582	0.03571811224489796	0.07692307692307693	0.0029580001103840315	1.0	0.0153898224852071	0.004837387388555444	0.010642939113853556	0.5	0.026319252077562322	0.0007577999175413437	0.06666666666666667	0.5	0.1
si	0.0	0.0	0.03333333333333333	0.0	1.0	1.0	1.0	1.0	1.0	1.0	1.0	1.0	1.0	1.0	1.0	1.0	1.0	1.0	0.0	1.0	1.0	1.0	1.0	1.0	1.0	1.0	1.0	1.0	1.0	1.0	1.0	1.0	1.0	0.03225806451612903	1.0	0.0	1.0
simple	1.0	0.027034331628926222	0.006843546653581255	0.3333333333333333	0.027039444850255657	0.008550222806633062	0.2	0.005184702945045504	0.009262688614540465	0.008548542625465703	0.09090909090909091	0.2	0.027783179012345678	0.017549399815327795	0.008003455999999999	0.09090909090909091	0.1111111111111111	0.12503124999999998	0.5	0.3333333333333333	0.3333333333333333	0.011769688581314879	0.008931680484693876	0.008624033888228298	0.031255859375	0.08333333333333333	0.0153898224852071	1.0	0.0040866817492711364	0.0208359375	0.012506718750000001	0.3333333333333333	0.027783950617283948	0.0006622590356917443	0.08334722222222221	0.5	0.08333333333333333
sr	1.0	0.02222864197530864	0.008547008547008548	0.5	0.03030853994490358	0.007463744709289374	0.2	0.004426286318427441	0.007938838498362308	0.00730033565986467	0.07142857142857142	0.16666666666666666	0.03125	0.02128202806699864	0.007143877551020409	0.08333333333333333	0.07142857142857142	0.1111111111111111	0.2	0.3333333333333333	0.3333333333333333	0.012824457593688363	0.010205226988754685	0.007143724489795918	0.034485136741973836	0.05263157894736842	0.004837387388555444	1.0	0.0208359375	0.0032513001068195874	0.012349032159731746	0.5	0.030303030303030304	0.008333333333333333	0.045454545454545456	0.5	0.05555555555555555
sv	1.0	0.017246730083234244	0.008516218373195345	0.3333333333333333	0.020841148005644534	0.004293595516716222	0.2	0.002592788189065599	0.004953093103887144	0.004506635216500487	0.058823529411764705	0.14285714285714285	0.02631994459833795	0.01471258650519031	0.00418677910066366	0.05263157894736842	0.05555555555555555	0.125	0.3333333333333333	0.3333333333333333	0.3333333333333333	0.007096374076405262	0.006025983669836188	0.005210394965277778	0.025001875	0.037037037037037035	0.010642939113853556	1.0	0.012506718750000001	0.012349032159731746	0.0020269890809736704	0.3333333333333333	0.022736570247933886	0.0004603675707790316	0.03704389574759945	0.5	0.045454545454545456
te	1.0	1.0	0.010752688172043012	1.0	0.5	0.5	0.5	0.3333333333333333	0.3333333333333333	0.3333333333333333	0.5	0.5	0.5	0.5	0.3333333333333333	0.5	0.5	0.5	0.0	0.3333333333333333	0.5	0.5	0.3333333333333333	0.3333333333333333	0.5	0.5	0.5	1.0	0.3333333333333333	0.5	0.3333333333333333	0.3333333333333333	0.5	0.010416666666666666	0.5	1.0	0.5
tr	1.0	0.0400048	0.008751116393841189	0.5	0.038473372781065086	0.017862882653061223	0.16666666666666666	0.009265089163237311	0.01492938293606594	0.014290816326530613	0.07692307692307693	0.14285714285714285	0.04167534722222222	0.028584489795918367	0.013705760930756239	0.08333333333333333	0.1111111111111111	0.10003000000000001	0.3333333333333333	0.5	0.3333333333333333	0.020840277777777774	0.01449653434152489	0.01266383592373017	0.03704389574759945	0.05555555555555555	0.026319252077562322	1.0	0.027783950617283948	0.030303030303030304	0.022736570247933886	0.5	0.006030519669037597	0.0007682146371844278	0.058823529411764705	0.5	0.09090909090909091
union	0.1111111111111111	0.0006034170427142402	0.00406175457721379	0.00847457627118644	0.00040744663496680115	0.00011614148181787151	0.007692307692307693	7.152158375104297e-05	0.0002467403875673967	0.00013885244198273016	0.008333333333333333	0.008620689655172414	0.0009332875437143885	0.000339129178564619	0.00023432735984145418	0.007874015748031496	0.006896551724137931	0.0014358148495930507	0.00847457627118644	0.00847457627118644	0.00847457627118644	0.00036523882891186616	0.00036921492765751757	0.000725229613506618	0.000384252547011056	0.007874015748031496	0.0007577999175413437	0.03225806451612903	0.0006622590356917443	0.008333333333333333	0.0004603675707790316	0.010416666666666666	0.0007682146371844278	3.827977367266769e-05	0.0004484293588073216	0.006504934348119411	0.0033764308486754196
vi	1.0	0.07692307692307693	0.008557375388256218	0.3333333333333333	0.08333333333333333	0.03225910509885536	0.16666666666666666	0.02439738251041047	0.034482758620689655	0.03225806451612903	0.06666666666666667	0.1111111111111111	0.125	0.05555555555555555	0.03226326742976066	0.06666666666666667	0.07692307692307693	0.14285714285714285	0.5	0.3333333333333333	0.3333333333333333	0.043478260869565216	0.03333333333333333	0.034482758620689655	0.07142857142857142	0.047619047619047616	0.06666666666666667	1.0	0.08334722222222221	0.045454545454545456	0.03704389574759945	0.5	0.058823529411764705	0.0004484293588073216	0.02439797739440809	1.0	0.07142857142857142
war	1.0	1.0	0.008411341430689922	1.0	0.50025	1.0	1.0	0.5	1.0	0.5	1.0	1.0	1.0	0.5	0.5	1.0	1.0	0.5	0.0	1.0	1.0	0.5	1.0	0.5	0.5	1.0	0.5	0.0	0.5	0.5	0.5	1.0	0.5	0.006504934348119411	1.0	0.50025	1.0
zh	1.0	0.16666666666666666	0.00805209173760648	0.3333333333333333	0.1	0.03225806451612903	0.14285714285714285	0.020833333333333332	0.027777777777777776	0.030303030303030304	0.05555555555555555	0.14285714285714285	0.1	0.08333333333333333	0.037037037037037035	0.047619047619047616	0.05555555555555555	0.2	0.3333333333333333	0.5	0.3333333333333333	0.047619047619047616	0.030303030303030304	0.029411764705882353	0.1	0.047619047619047616	0.1	1.0	0.08333333333333333	0.05555555555555555	0.045454545454545456	0.5	0.09090909090909091	0.0033764308486754196	0.07142857142857142	1.0	0.020833333333333332
