arz	bs	ceb	ckb	da	de	el	en	es	fr	he	hi	hu	id	it	ja	ko	lv	mk	ml	mr	nl	pl	pt	ro	ru	sh	si	simple	sr	sv	te	tr	vi	war	zh
arz	1.0	1.0	1.0	1.0	1.0	1.0	1.0	1.0	1.0	1.0	1.0	1.0	1.0	1.0	1.0	1.0	1.0	1.0	0.0	1.0	1.0	1.0	1.0	1.0	1.0	1.0	1.0	0.0	1.0	1.0	1.0	1.0	1.0	1.0	1.0	1.0
bs	1.0	1.0	0.4284670753748975	1.0	0.7503352050686736	0.5530687168161221	1.0	0.6215457569809723	0.6040435790495832	0.6218091976727359	0.7510341748895938	1.0	0.6746488132409679	0.646471106278744	0.5658325973644618	1.0	1.0	0.8055567530094857	1.0	1.0	1.0	0.6215813137281565	0.5661157566023476	0.6479583143669503	0.6511776319545161	0.5864924057903892	0.6655817670483734	0.0	0.7387480600024099	0.6038881872334043	0.6496092169944901	1.0	0.65175039588096	0.620457290594473	1.0	0.6242959540110129
ceb	1.0	0.4284670753748975	1.0	0.4345799614742905	0.43267642104680687	0.4204024691649928	0.26974215793929557	0.37146724446663687	0.40722747448090946	0.26608095750268296	0.3643155409910632	0.4345889889376842	0.3026427850635165	0.3762375711569915	0.36892785849808213	0.26974215793929557	0.26974215793929557	0.390302670160713	0.4345799614742905	0.4345799614742905	0.4345799614742905	0.43164852684686716	0.2906602499824095	0.29582464880651066	0.3697748932028683	0.26974215793929557	0.17789047794252758	0.4359309174519616	0.39120944262054974	0.3643155409910632	0.41113400244306497	0.3607293473677059	0.2992315466620029	0.4002109650143562	0.12131930152304332	0.2837070278386022
ckb	1.0	1.0	0.4345799614742905	1.0	1.0	0.5020797777427737	1.0	0.4493075654568811	1.0	1.0	1.0	1.0	1.0	1.0	1.0	1.0	1.0	1.0	1.0	1.0	1.0	1.0	1.0	1.0	1.0	1.0	1.0	0.0	1.0	1.0	1.0	1.0	1.0	1.0	1.0	1.0
da	1.0	0.7503352050686736	0.43267642104680687	1.0	1.0	0.5138709451912868	1.0	0.4102513971259539	0.5145783843870763	0.4564619278328251	1.0	1.0	0.5604780916539976	0.5969588691253038	0.4425692176685656	0.3630464182601689	1.0	0.6928125407331647	1.0	1.0	1.0	0.49812757122547463	0.455516854224302	0.5052575529933195	0.5959252388232325	0.37155996140726755	0.5591803991302255	1.0	0.6380951384485837	0.590538384917582	0.49036779292522387	1.0	0.623010649736294	0.3548532913442631	1.0	1.0
de	1.0	0.5530687168161221	0.4204024691649928	0.5020797777427737	0.5138709451912868	1.0	0.4334470767773468	0.22948540284658056	0.28977582356526643	0.2817678302137922	0.3749729974954245	0.41691170415342604	0.47229417698792603	0.44757681559192736	0.27804876744354073	0.21446062819242195	0.3781306713599283	0.7328733816510605	1.0	0.5660160774121898	0.5020797777427737	0.3724262302720475	0.26731627530565466	0.26965803845894504	0.4109391600007811	0.19239394912279523	0.45892413368453666	1.0	0.5030816835757965	0.4016801829547335	0.38142959712409225	0.5660160774121898	0.45187600498349895	0.2999407044834215	1.0	0.34636600211735863
el	1.0	1.0	0.26974215793929557	1.0	1.0	0.4334470767773468	1.0	0.41748027911267394	0.7411828468492556	1.0	1.0	1.0	1.0	0.42489828324440815	0.7455134344225701	1.0	1.0	1.0	1.0	1.0	1.0	1.0	0.6908587525207898	1.0	1.0	1.0	0.7720915961890814	1.0	0.8252244849082946	0.7584325078215765	0.4493075654568811	1.0	1.0	1.0	1.0	1.0
en	1.0	0.6215457569809723	0.37146724446663687	0.4493075654568811	0.4102513971259539	0.22948540284658056	0.41748027911267394	1.0	0.22081316044664442	0.22180043426097598	0.22240324339393797	0.3105345480340684	0.505102218717719	0.4532349598374473	0.22011631342441296	0.20175052745588187	0.25195913473378995	0.5589800373436027	1.0	0.4904684674606331	0.5020797777427737	0.32935894432652724	0.1949848094436468	0.2441322860023818	0.4207911688985542	0.17308610807267288	0.45658515321482845	1.0	0.48897888306247006	0.3827237560680602	0.3624437753793871	0.4557735640768249	0.40590449894505637	0.33671116682341884	0.5084267432279024	0.16572594945118618
es	1.0	0.6040435790495832	0.40722747448090946	1.0	0.5145783843870763	0.28977582356526643	0.7411828468492556	0.22081316044664442	1.0	0.294680916702221	0.5641518919730679	0.74551343442257	0.6745538577693915	0.47029229434104614	0.28440477849429013	0.2867993905810037	0.36987460933011285	0.7634125145352859	1.0	1.0	1.0	0.3707800862191408	0.23487483014509208	0.28995675595859544	0.5065562846728043	0.2105874921693102	0.46680454767204704	1.0	0.49688045541553943	0.4153858618106593	0.4131434862238365	1.0	0.5446433507065958	0.2633464378860715	1.0	0.2620619917396105
fr	1.0	0.6218091976727359	0.26608095750268296	1.0	0.4564619278328251	0.2817678302137922	1.0	0.22180043426097598	0.294680916702221	1.0	0.4216418615914055	0.7376607345031153	0.5812854114687641	0.46999000199172264	0.2942839859088737	0.335857450014157	0.41474602360694773	0.6391465537486136	1.0	1.0	1.0	0.32932863139625995	0.24249440919522355	0.29259250648819046	0.44495855987941785	0.271503653321279	0.4977466669009563	1.0	0.5313963392108455	0.42083065934676345	0.38486542576072064	1.0	0.49341679566977953	0.355497436253701	0.8216064286890065	0.45329688394978895
he	1.0	0.7510341748895938	0.3643155409910632	1.0	1.0	0.3749729974954245	1.0	0.22240324339393797	0.5641518919730679	0.4216418615914055	1.0	1.0	1.0	0.39740733051235566	0.5218919725682575	1.0	1.0	1.0	1.0	1.0	1.0	0.6885882852371049	0.7302581415567816	0.3684058662260349	1.0	1.0	0.5477297986837678	1.0	0.7865377663035591	0.8352362896919285	0.3827649975095967	1.0	1.0	1.0	1.0	1.0
hi	1.0	1.0	0.4345889889376842	1.0	1.0	0.41691170415342604	1.0	0.3105345480340684	0.74551343442257	0.7376607345031153	1.0	1.0	1.0	0.43526109167898114	0.7455134344225701	1.0	1.0	1.0	1.0	1.0	1.0	1.0	0.6908587525207898	0.7188528768319351	1.0	1.0	0.7720915961890814	1.0	0.8252244849082946	0.7510341748895938	0.42995415895150896	1.0	1.0	1.0	1.0	1.0
hu	1.0	0.6746488132409679	0.3026427850635165	1.0	0.5604780916539976	0.47229417698792603	1.0	0.505102218717719	0.6745538577693915	0.5812854114687641	1.0	1.0	1.0	0.6395275675114255	0.45458078097481935	1.0	1.0	1.0	1.0	1.0	1.0	0.5448254061112555	0.4995413903080431	0.5649303833919394	0.6251772090030276	1.0	0.5808211878739118	1.0	0.6565026799319287	0.6683019397699123	0.5773148781607605	1.0	0.68560006268962	0.7411828468492555	1.0	1.0
id	1.0	0.646471106278744	0.3762375711569915	1.0	0.5969588691253038	0.44757681559192736	0.42489828324440815	0.4532349598374473	0.47029229434104614	0.46999000199172264	0.39740733051235566	0.43526109167898114	0.6395275675114255	1.0	0.4440027277817216	0.41055547717987523	0.41055547717987523	0.6604391146872602	1.0	1.0	1.0	0.4579786284128226	0.39782505642084903	0.4999077398564047	0.5622137787871213	0.39157088354930186	0.5743851513425856	1.0	0.5856192190931055	0.5642803603092673	0.5388255736434002	1.0	0.5841877688802477	0.5738074234917057	0.8216064286890065	0.39740733051235566
it	1.0	0.5658325973644618	0.36892785849808213	1.0	0.4425692176685656	0.27804876744354073	0.7455134344225701	0.22011631342441296	0.28440477849429013	0.2942839859088737	0.5218919725682575	0.7455134344225701	0.45458078097481935	0.4440027277817216	1.0	0.29645054821593153	0.5828763145002701	0.5055598327134735	1.0	1.0	1.0	0.3418985368597922	0.2653716648401604	0.2709268905775545	0.41997357912217004	0.23154881561051985	0.4661194904229234	1.0	0.4873657723875133	0.3697508165789657	0.4060829767239701	1.0	0.4169394502663177	0.3014963847731978	0.8216064286890065	0.3030158825332932
ja	1.0	1.0	0.26974215793929557	1.0	0.3630464182601689	0.21446062819242195	1.0	0.20175052745588187	0.2867993905810037	0.335857450014157	1.0	1.0	1.0	0.41055547717987523	0.29645054821593153	1.0	1.0	1.0	1.0	1.0	1.0	0.32235502111063385	0.4604538335963183	0.4825052423754113	1.0	1.0	0.5799360396052002	1.0	0.7865377663035592	0.7565560446115941	0.2548402455817007	1.0	0.7300208629885034	1.0	1.0	1.0
ko	1.0	1.0	0.26974215793929557	1.0	1.0	0.3781306713599283	1.0	0.25195913473378995	0.36987460933011285	0.41474602360694773	1.0	1.0	1.0	0.41055547717987523	0.5828763145002701	1.0	1.0	1.0	1.0	1.0	1.0	0.7248485669756151	0.5535977507678379	0.5086542549077565	1.0	1.0	0.5799360396052002	1.0	0.7942219112853846	0.7059280074293462	0.688588285237105	1.0	0.7376607345031153	1.0	1.0	1.0
lv	1.0	0.8055567530094857	0.390302670160713	1.0	0.6928125407331647	0.7328733816510605	1.0	0.5589800373436027	0.7634125145352859	0.6391465537486136	1.0	1.0	1.0	0.6604391146872602	0.5055598327134735	1.0	1.0	1.0	1.0	1.0	1.0	0.6042640651702146	0.7502218077873076	0.6706526131690603	0.8464234346585628	1.0	0.7616490128868088	1.0	0.7702699208346351	0.7058520154698268	0.4140420318183703	1.0	0.7503111919652484	0.8055567530094857	0.8216064286890065	1.0
mk	0.0	1.0	0.4345799614742905	1.0	1.0	1.0	1.0	1.0	1.0	1.0	1.0	1.0	1.0	1.0	1.0	1.0	1.0	1.0	1.0	0.0	1.0	1.0	1.0	1.0	1.0	1.0	1.0	0.0	1.0	1.0	1.0	0.0	1.0	1.0	0.0	1.0
ml	1.0	1.0	0.4345799614742905	1.0	1.0	0.5660160774121898	1.0	0.4904684674606331	1.0	1.0	1.0	1.0	1.0	1.0	1.0	1.0	1.0	1.0	0.0	1.0	1.0	1.0	1.0	1.0	1.0	1.0	1.0	1.0	0.7863954451402115	1.0	0.5020797777427737	1.0	1.0	1.0	1.0	1.0
mr	1.0	1.0	0.4345799614742905	1.0	1.0	0.5020797777427737	1.0	0.5020797777427737	1.0	1.0	1.0	1.0	1.0	1.0	1.0	1.0	1.0	1.0	1.0	1.0	1.0	1.0	1.0	1.0	1.0	1.0	1.0	1.0	0.7863954451402115	1.0	0.5020797777427737	1.0	1.0	1.0	1.0	1.0
nl	1.0	0.6215813137281565	0.43164852684686716	1.0	0.49812757122547463	0.3724262302720475	1.0	0.32935894432652724	0.3707800862191408	0.32932863139625995	0.6885882852371049	1.0	0.5448254061112555	0.4579786284128226	0.3418985368597922	0.32235502111063385	0.7248485669756151	0.6042640651702146	1.0	1.0	1.0	1.0	0.35030771778004216	0.3743696932062459	0.44873835162217135	0.3046734550260055	0.4933878288211384	1.0	0.5069156838715807	0.43074791463847556	0.4363607169699367	1.0	0.49569865225954535	0.3208607678857319	0.8216064286890065	0.5573460761071217
pl	1.0	0.5661157566023476	0.2906602499824095	1.0	0.455516854224302	0.26731627530565466	0.6908587525207898	0.1949848094436468	0.23487483014509208	0.24249440919522355	0.7302581415567816	0.6908587525207898	0.4995413903080431	0.39782505642084903	0.2653716648401604	0.4604538335963183	0.5535977507678379	0.7502218077873076	1.0	1.0	1.0	0.35030771778004216	1.0	0.24524270310266752	0.2830548754703352	0.23254071552911632	0.44021635163358797	1.0	0.5124779216706928	0.3951284493266508	0.38476273986804277	1.0	0.4167189793202956	0.4655790427937893	1.0	0.25542924885672447
pt	1.0	0.6479583143669503	0.29582464880651066	1.0	0.5052575529933195	0.26965803845894504	1.0	0.2441322860023818	0.28995675595859544	0.29259250648819046	0.3684058662260349	0.7188528768319351	0.5649303833919394	0.4999077398564047	0.2709268905775545	0.4825052423754113	0.5086542549077565	0.6706526131690603	1.0	1.0	1.0	0.3743696932062459	0.24524270310266752	1.0	0.520803478342314	0.42126997386507453	0.514274414189063	1.0	0.486107090717805	0.44162411202774937	0.40687501215484695	1.0	0.48028478933156726	0.4976185173335547	0.8216064286890065	0.3413042264304506
ro	1.0	0.6511776319545161	0.3697748932028683	1.0	0.5959252388232325	0.4109391600007811	1.0	0.4207911688985542	0.5065562846728043	0.44495855987941785	1.0	1.0	0.6251772090030276	0.5622137787871213	0.41997357912217004	1.0	1.0	0.8464234346585628	1.0	1.0	1.0	0.44873835162217135	0.2830548754703352	0.520803478342314	1.0	1.0	0.5435358818765061	1.0	0.6530174370292113	0.6007366864203604	0.49458541338598117	1.0	0.6901288339869759	0.6961407589839597	0.8216064286890065	1.0
ru	1.0	0.5864924057903892	0.26974215793929557	1.0	0.37155996140726755	0.19239394912279523	1.0	0.17308610807267288	0.2105874921693102	0.271503653321279	1.0	1.0	1.0	0.39157088354930186	0.23154881561051985	1.0	1.0	1.0	1.0	1.0	1.0	0.3046734550260055	0.23254071552911632	0.42126997386507453	1.0	1.0	0.4640689841281593	1.0	0.7834965055871609	0.7904231260411457	0.23724432532300335	1.0	0.7210092110599263	1.0	1.0	1.0
sh	1.0	0.6655817670483734	0.17789047794252758	1.0	0.5591803991302255	0.45892413368453666	0.7720915961890814	0.45658515321482845	0.46680454767204704	0.4977466669009563	0.5477297986837678	0.7720915961890814	0.5808211878739118	0.5743851513425856	0.4661194904229234	0.5799360396052002	0.5799360396052002	0.7616490128868088	1.0	1.0	1.0	0.4933878288211384	0.44021635163358797	0.514274414189063	0.5435358818765061	0.4640689841281593	1.0	1.0	0.5610361178017096	0.5286909039991212	0.537118122215179	1.0	0.5864765471983169	0.5434179389262306	0.8216064286890065	0.6022314535784499
si	0.0	0.0	0.4359309174519616	0.0	1.0	1.0	1.0	1.0	1.0	1.0	1.0	1.0	1.0	1.0	1.0	1.0	1.0	1.0	0.0	1.0	1.0	1.0	1.0	1.0	1.0	1.0	1.0	1.0	1.0	1.0	1.0	1.0	1.0	1.0	0.0	1.0
simple	1.0	0.7387480600024099	0.39120944262054974	1.0	0.6380951384485837	0.5030816835757965	0.8252244849082946	0.48897888306247006	0.49688045541553943	0.5313963392108455	0.7865377663035591	0.8252244849082946	0.6565026799319287	0.5856192190931055	0.4873657723875133	0.7865377663035592	0.7942219112853846	0.7702699208346351	1.0	0.7863954451402115	0.7863954451402115	0.5069156838715807	0.5124779216706928	0.486107090717805	0.6530174370292113	0.7834965055871609	0.5610361178017096	1.0	1.0	0.5666591504335171	0.49094817203772334	0.7863954451402115	0.5845933973903487	0.5418494800067737	0.8216064286890065	0.7834965055871609
sr	1.0	0.6038881872334043	0.3643155409910632	1.0	0.590538384917582	0.4016801829547335	0.7584325078215765	0.3827237560680602	0.4153858618106593	0.42083065934676345	0.8352362896919285	0.7510341748895938	0.6683019397699123	0.5642803603092673	0.3697508165789657	0.7565560446115941	0.7059280074293462	0.7058520154698268	1.0	1.0	1.0	0.43074791463847556	0.3951284493266508	0.44162411202774937	0.6007366864203604	0.7904231260411457	0.5286909039991212	1.0	0.5666591504335171	1.0	0.47528136090462714	1.0	0.5758230007091256	0.6693008233232219	0.8216064286890065	0.7021541495659946
sv	1.0	0.6496092169944901	0.41113400244306497	1.0	0.49036779292522387	0.38142959712409225	0.4493075654568811	0.3624437753793871	0.4131434862238365	0.38486542576072064	0.3827649975095967	0.42995415895150896	0.5773148781607605	0.5388255736434002	0.4060829767239701	0.2548402455817007	0.688588285237105	0.4140420318183703	1.0	0.5020797777427737	0.5020797777427737	0.4363607169699367	0.38476273986804277	0.40687501215484695	0.49458541338598117	0.23724432532300335	0.537118122215179	1.0	0.49094817203772334	0.47528136090462714	1.0	0.5020797777427737	0.5469745316013289	0.4874559838035578	0.8216064286890065	0.31398157560007955
te	1.0	1.0	0.3607293473677059	1.0	1.0	0.5660160774121898	1.0	0.4557735640768249	1.0	1.0	1.0	1.0	1.0	1.0	1.0	1.0	1.0	1.0	0.0	1.0	1.0	1.0	1.0	1.0	1.0	1.0	1.0	1.0	0.7863954451402115	1.0	0.5020797777427737	1.0	1.0	1.0	1.0	1.0
tr	1.0	0.65175039588096	0.2992315466620029	1.0	0.623010649736294	0.45187600498349895	1.0	0.40590449894505637	0.5446433507065958	0.49341679566977953	1.0	1.0	0.68560006268962	0.5841877688802477	0.4169394502663177	0.7300208629885034	0.7376607345031153	0.7503111919652484	1.0	1.0	1.0	0.49569865225954535	0.4167189793202956	0.48028478933156726	0.6901288339869759	0.7210092110599263	0.5864765471983169	1.0	0.5845933973903487	0.5758230007091256	0.5469745316013289	1.0	1.0	0.6027171041774586	0.8216064286890065	1.0
vi	1.0	0.620457290594473	0.4002109650143562	1.0	0.3548532913442631	0.2999407044834215	1.0	0.33671116682341884	0.2633464378860715	0.355497436253701	1.0	1.0	0.7411828468492555	0.5738074234917057	0.3014963847731978	1.0	1.0	0.8055567530094857	1.0	1.0	1.0	0.3208607678857319	0.4655790427937893	0.4976185173335547	0.6961407589839597	1.0	0.5434179389262306	1.0	0.5418494800067737	0.6693008233232219	0.4874559838035578	1.0	0.6027171041774586	1.0	1.0	1.0
war	1.0	1.0	0.12131930152304332	1.0	1.0	1.0	1.0	0.5084267432279024	1.0	0.8216064286890065	1.0	1.0	1.0	0.8216064286890065	0.8216064286890065	1.0	1.0	0.8216064286890065	0.0	1.0	1.0	0.8216064286890065	1.0	0.8216064286890065	0.8216064286890065	1.0	0.8216064286890065	0.0	0.8216064286890065	0.8216064286890065	0.8216064286890065	1.0	0.8216064286890065	1.0	1.0	1.0
zh	1.0	0.6242959540110129	0.2837070278386022	1.0	1.0	0.34636600211735863	1.0	0.16572594945118618	0.2620619917396105	0.45329688394978895	1.0	1.0	1.0	0.39740733051235566	0.3030158825332932	1.0	1.0	1.0	1.0	1.0	1.0	0.5573460761071217	0.25542924885672447	0.3413042264304506	1.0	1.0	0.6022314535784499	1.0	0.7834965055871609	0.7021541495659946	0.31398157560007955	1.0	1.0	1.0	1.0	1.0
