arz	bs	ceb	ckb	da	de	el	en	es	fr	he	hi	hu	id	it	ja	ko	lv	mk	ml	mr	nl	pl	pt	ro	ru	sh	si	simple	sr	sv	te	tr	union	vi	war	zh
arz	0.3333333333333333	0.3333333333333333	0.0	0.0	0.0	0.3333333333333333	0.3333333333333333	0.3333333333333333	0.3333333333333333	0.3333333333333333	0.3333333333333333	0.0	0.3333333333333333	0.3333333333333333	0.3333333333333333	0.3333333333333333	0.3333333333333333	1.0	0.3333333333333333	0.0	0.0	0.3333333333333333	0.3333333333333333	0.3333333333333333	0.0	0.3333333333333333	0.3333333333333333	0.0	1.0	0.3333333333333333	0.3333333333333333	0.0	0.5	0.3333333333333333	1.0	0.0	0.3333333333333333
bs	0.3333333333333333	0.0015126771232227634	0.0	1.0	0.3333333333333333	0.0028566716761249823	0.038461538461538464	0.0024102771697569535	0.00442587516641867	0.003359628900134825	0.05555555555555555	0.0	0.0625	0.02223308691358025	0.0029311612147660355	0.08333333333333333	0.034482758620689655	0.05263157894736842	0.02564102564102564	1.0	0.0	0.0037779318371415206	0.0038798959008390244	0.02631578947368421	0.011909863945578232	0.02564102564102564	0.0028759974682412265	0.0	0.14289795918367348	0.03333333333333333	0.0045722211871177705	0.0	0.07142857142857142	0.0015126771232227634	0.06666666666666667	0.0	0.03225806451612903
ceb	0.0	0.0	0.0588719723183391	0.0	0.11117283950617282	0.08335416666666667	0.0	0.062546875	0.1	0.07142857142857142	1.0	0.0	0.1111111111111111	0.06669333333333334	0.07694082840236686	0.5	0.3333333333333333	0.3333333333333333	1.0	1.0	0.0	0.06668444444444445	0.1	0.125	0.25	1.0	0.125	0.0	0.083375	0.5	0.08335416666666667	0.0	0.125046875	0.0588719723183391	0.25	1.0	0.3333333333333333
ckb	0.0	1.0	0.0	0.07692307692307693	1.0	0.5	0.5	0.1111111111111111	0.5	0.3333333333333333	1.0	1.0	1.0	1.0	0.5	0.16666666666666666	0.3333333333333333	1.0	1.0	1.0	0.0	1.0	1.0	0.5	0.0	0.25	0.0	0.0	1.0	1.0	0.3333333333333333	0.0	0.5	0.07692307692307693	0.5	0.0	0.5
da	0.0	0.3333333333333333	0.11117283950617282	1.0	0.09090909090909091	0.25	0.3333333333333333	0.125	0.16666666666666666	0.25	0.3333333333333333	0.0	0.3333333333333333	0.0	0.25	0.3333333333333333	0.3333333333333333	1.0	0.3333333333333333	0.3333333333333333	0.0	0.3333333333333333	0.125	0.3333333333333333	1.0	0.1111111111111111	0.3333333333333333	0.0	1.0	0.2	0.16666666666666666	0.0	0.3333333333333333	0.09090909090909091	0.0	0.250125	0.2
de	0.3333333333333333	0.0028566716761249823	0.08335416666666667	0.5	0.25	0.00012748631781383984	0.022727272727272728	0.0007909304775336765	0.001335781975433198	0.001332609608321907	0.011764705882352941	0.3333333333333333	0.05	0.01010703244566881	0.00023441630811928046	0.07142857142857142	0.030303030303030304	0.047619047619047616	0.022222222222222223	0.14285714285714285	0.0	0.0016939808302618474	0.0014785936129181956	0.012197650208209398	0.007816471443864291	0.010309278350515464	0.0029334999126173246	0.0	0.025010624999999998	0.014925373134328358	0.0033592551613141905	0.0	0.040007999999999995	0.00012748631781383984	0.06666666666666667	0.250125	0.022727272727272728
el	0.3333333333333333	0.038461538461538464	0.0	0.5	0.3333333333333333	0.022727272727272728	0.018867924528301886	0.0196078431372549	0.02127659574468085	0.03225806451612903	0.03125	0.0	0.05555555555555555	0.25	0.037037037037037035	0.09090909090909091	0.05555555555555555	0.08333333333333333	0.03333333333333333	0.3333333333333333	0.0	0.05263157894736842	0.02127659574468085	0.047619047619047616	0.3333333333333333	0.021739130434782608	0.038461538461538464	0.0	0.5	0.02702702702702703	0.07692307692307693	0.0	0.09090909090909091	0.018867924528301886	0.16666666666666666	1.0	0.043478260869565216
en	0.3333333333333333	0.0024102771697569535	0.062546875	0.1111111111111111	0.125	0.0007909304775336765	0.0196078431372549	7.987602977629808e-05	0.0006366730136255975	0.001033744554385314	0.011235955056179775	0.3333333333333333	0.038461538461538464	0.006139637396966389	0.001027716382971057	0.06666666666666667	0.02857142857142857	0.043478260869565216	0.022222222222222223	0.1	0.5	0.001276804139845454	0.0007577821301911844	0.00901160620079539	0.004953632462969783	0.004545454545454545	0.002682763251081777	1.0	0.023268793942671714	0.010752688172043012	0.002429307082149309	1.0	0.027034331628926222	7.987602977629808e-05	0.0625	0.25006249999999997	0.018867924528301886
es	0.3333333333333333	0.00442587516641867	0.1	0.5	0.16666666666666666	0.001335781975433198	0.02127659574468085	0.0006366730136255975	0.00017691564362306309	0.001326784118652773	0.011494252873563218	0.3333333333333333	0.043478260869565216	0.00971128287303233	0.0014231266528938159	0.07142857142857142	0.029411764705882353	0.045454545454545456	0.022727272727272728	0.16666666666666666	0.0	0.00150658205109595	0.0009645303398377756	0.007093657260701172	0.006581371191135733	0.007751937984496124	0.005683206353305785	0.0	0.025004999999999996	0.013157894736842105	0.004202492761810606	0.0	0.037037037037037035	0.00017691564362306309	0.06666666666666667	1.0	0.02
fr	0.3333333333333333	0.003359628900134825	0.07142857142857142	0.3333333333333333	0.25	0.001332609608321907	0.03225806451612903	0.001033744554385314	0.001326784118652773	8.596862795056446e-05	0.017543859649122806	0.3333333333333333	0.05	0.01785841836734694	0.0003604983603875215	0.07142857142857142	0.034482758620689655	0.05555555555555555	0.025	0.16666666666666666	0.0	0.0019736882189021194	0.001751967127183741	0.012049644360574829	0.007199528916536037	0.011904761904761904	0.0034533408430235234	1.0	0.0344910820451843	0.020833333333333332	0.0036920944310004913	1.0	0.037048010973936896	8.596862795056446e-05	0.07142857142857142	0.250125	0.02702702702702703
he	0.3333333333333333	0.05555555555555555	1.0	1.0	0.3333333333333333	0.011764705882352941	0.03125	0.011235955056179775	0.011494252873563218	0.017543859649122806	0.01020408163265306	0.3333333333333333	0.07142857142857142	0.2	0.027777777777777776	0.1111111111111111	0.07692307692307693	0.5	0.05	0.5	0.0	0.04	0.015151515151515152	0.034482758620689655	0.2	0.015873015873015872	0.05555555555555555	0.0	0.16666666666666666	0.027777777777777776	0.08333333333333333	0.0	0.1	0.01020408163265306	1.0	0.5	0.05263157894736842
hi	0.0	0.0	0.0	1.0	0.0	0.3333333333333333	0.0	0.3333333333333333	0.3333333333333333	0.3333333333333333	0.3333333333333333	0.3333333333333333	0.0	0.0	0.0	0.0	0.0	0.0	0.0	0.3333333333333333	0.5	0.0	1.0	1.0	0.0	0.3333333333333333	0.0	0.0	0.0	0.5	0.0	1.0	0.0	0.3333333333333333	0.0	1.0	1.0
hu	0.3333333333333333	0.0625	0.1111111111111111	1.0	0.3333333333333333	0.05	0.05555555555555555	0.038461538461538464	0.043478260869565216	0.05	0.07142857142857142	0.0	0.029411764705882353	0.3333333333333333	0.05555555555555555	0.1	0.08333333333333333	0.5	0.0625	0.5	0.0	0.06666666666666667	0.045454545454545456	0.058823529411764705	0.25	0.041666666666666664	0.06666666666666667	0.0	1.0	0.08333333333333333	0.06666666666666667	0.0	0.125	0.029411764705882353	1.0	0.25006249999999997	0.06666666666666667
id	0.3333333333333333	0.02223308691358025	0.06669333333333334	1.0	0.0	0.01010703244566881	0.25	0.006139637396966389	0.00971128287303233	0.01785841836734694	0.2	0.0	0.3333333333333333	0.002175638359472451	0.018521262002743483	0.3333333333333333	0.3333333333333333	1.0	0.25	0.2	0.0	0.016138397502601456	0.011909297193877552	0.058847750865051895	0.05555555555555555	0.2	0.02779243904320988	1.0	0.10000999999999999	0.25	0.025012499999999997	0.0	0.25	0.002175638359472451	0.5	0.2501875	0.2
it	0.3333333333333333	0.0029311612147660355	0.07694082840236686	0.5	0.25	0.00023441630811928046	0.037037037037037035	0.001027716382971057	0.0014231266528938159	0.0003604983603875215	0.027777777777777776	0.0	0.05555555555555555	0.018521262002743483	0.0001071341754661984	0.08333333333333333	0.03225806451612903	0.05	0.02564102564102564	0.2	0.0	0.002166904898492964	0.0017429958707399285	0.014493593782818734	0.006995501002494009	0.015151515151515152	0.0028979892678385488	1.0	0.03705075445816186	0.02857142857142857	0.00348683487841421	0.0	0.045460743801652895	0.0001071341754661984	0.06666666666666667	0.3333333333333333	0.02631578947368421
ja	0.3333333333333333	0.08333333333333333	0.5	0.16666666666666666	0.3333333333333333	0.07142857142857142	0.09090909090909091	0.06666666666666667	0.07142857142857142	0.07142857142857142	0.1111111111111111	0.0	0.1	0.3333333333333333	0.08333333333333333	0.0625	0.08333333333333333	0.5	0.08333333333333333	0.125	0.0	0.08333333333333333	0.06666666666666667	0.08333333333333333	1.0	0.06666666666666667	0.08333333333333333	0.0	1.0	0.07692307692307693	0.1	1.0	0.14285714285714285	0.0625	1.0	0.5	0.07692307692307693
ko	0.3333333333333333	0.034482758620689655	0.3333333333333333	0.3333333333333333	0.3333333333333333	0.030303030303030304	0.05555555555555555	0.02857142857142857	0.029411764705882353	0.034482758620689655	0.07692307692307693	0.0	0.08333333333333333	0.3333333333333333	0.03225806451612903	0.08333333333333333	0.027777777777777776	0.05263157894736842	0.034482758620689655	0.16666666666666666	0.0	0.07142857142857142	0.030303030303030304	0.058823529411764705	0.25	0.030303030303030304	0.034482758620689655	0.0	1.0	0.034482758620689655	0.08333333333333333	0.0	0.1	0.027777777777777776	0.06666666666666667	0.3333333333333333	0.030303030303030304
lv	1.0	0.05263157894736842	0.3333333333333333	1.0	1.0	0.047619047619047616	0.08333333333333333	0.043478260869565216	0.045454545454545456	0.05555555555555555	0.5	0.0	0.5	1.0	0.05	0.5	0.05263157894736842	0.008333333333333333	0.05263157894736842	0.3333333333333333	0.0	0.3333333333333333	0.04	0.16666666666666666	0.5	0.034482758620689655	0.05263157894736842	0.0	0.0	0.047619047619047616	0.3333333333333333	0.0	0.25	0.008333333333333333	0.07142857142857142	0.3333333333333333	0.05
mk	0.3333333333333333	0.02564102564102564	1.0	1.0	0.3333333333333333	0.022222222222222223	0.03333333333333333	0.022222222222222223	0.022727272727272728	0.025	0.05	0.0	0.0625	0.25	0.02564102564102564	0.08333333333333333	0.034482758620689655	0.05263157894736842	0.02127659574468085	0.3333333333333333	0.0	0.06666666666666667	0.022727272727272728	0.038461538461538464	0.25	0.022727272727272728	0.02631578947368421	0.0	1.0	0.030303030303030304	0.07142857142857142	0.0	0.07692307692307693	0.02127659574468085	0.06666666666666667	0.5	0.030303030303030304
ml	0.0	1.0	1.0	1.0	0.3333333333333333	0.14285714285714285	0.3333333333333333	0.1	0.16666666666666666	0.16666666666666666	0.5	0.3333333333333333	0.5	0.2	0.2	0.125	0.16666666666666666	0.3333333333333333	0.3333333333333333	0.1	0.0	0.2	0.16666666666666666	0.16666666666666666	0.5	0.14285714285714285	1.0	0.0	0.5	0.5	0.2	0.0	0.2	0.1	0.25	1.0	0.14285714285714285
mr	0.0	0.0	0.0	0.0	0.0	0.0	0.0	0.5	0.0	0.0	0.0	0.5	0.0	0.0	0.0	0.0	0.0	0.0	0.0	0.0	0.5	0.0	0.0	0.0	0.0	0.0	0.0	0.0	0.0	0.0	0.0	0.0	0.0	0.5	0.0	0.0	0.0
nl	0.3333333333333333	0.0037779318371415206	0.06668444444444445	1.0	0.3333333333333333	0.0016939808302618474	0.05263157894736842	0.001276804139845454	0.00150658205109595	0.0019736882189021194	0.04	0.0	0.06666666666666667	0.016138397502601456	0.002166904898492964	0.08333333333333333	0.07142857142857142	0.3333333333333333	0.06666666666666667	0.2	0.0	0.00027871541334759987	0.0019656640712569016	0.019231878698224854	0.010873818525519848	0.025	0.004121227054418132	0.0	0.04349338374291116	0.045454545454545456	0.0036657691651586647	0.0	0.09090909090909091	0.00027871541334759987	1.0	0.25006249999999997	0.06666666666666667
pl	0.3333333333333333	0.0038798959008390244	0.1	1.0	0.125	0.0014785936129181956	0.02127659574468085	0.0007577821301911844	0.0009645303398377756	0.001751967127183741	0.015151515151515152	1.0	0.045454545454545456	0.011909297193877552	0.0017429958707399285	0.06666666666666667	0.030303030303030304	0.04	0.022727272727272728	0.16666666666666666	0.0	0.0019656640712569016	0.00011275988255889933	0.013157894736842105	0.00793896447467876	0.0022675736961451248	0.004315815636286803	0.0	0.034487514863258024	0.008403361344537815	0.003403444619592983	1.0	0.037037037037037035	0.00011275988255889933	0.06666666666666667	0.3333333333333333	0.021739130434782608
pt	0.3333333333333333	0.02631578947368421	0.125	0.5	0.3333333333333333	0.012197650208209398	0.047619047619047616	0.00901160620079539	0.007093657260701172	0.012049644360574829	0.034482758620689655	1.0	0.058823529411764705	0.058847750865051895	0.014493593782818734	0.08333333333333333	0.058823529411764705	0.16666666666666666	0.038461538461538464	0.16666666666666666	0.0	0.019231878698224854	0.013157894736842105	0.0019384689922480618	0.08333333333333333	0.020833333333333332	0.034482758620689655	0.0	0.14291836734693877	0.038461538461538464	0.034482758620689655	0.0	0.09090909090909091	0.0019384689922480618	0.25	0.3333333333333333	0.043478260869565216
ro	0.0	0.011909863945578232	0.25	0.0	1.0	0.007816471443864291	0.3333333333333333	0.004953632462969783	0.006581371191135733	0.007199528916536037	0.2	0.0	0.25	0.05555555555555555	0.006995501002494009	1.0	0.25	0.5	0.25	0.5	0.0	0.010873818525519848	0.00793896447467876	0.08333333333333333	0.0019365089925041086	0.0625	0.011771487889273357	0.0	0.06666666666666667	0.2	0.0158795666414714	0.0	0.3333333333333333	0.0019365089925041086	1.0	0.5	0.2
ru	0.3333333333333333	0.02564102564102564	1.0	0.25	0.1111111111111111	0.010309278350515464	0.021739130434782608	0.004545454545454545	0.007751937984496124	0.011904761904761904	0.015873015873015872	0.3333333333333333	0.041666666666666664	0.2	0.015151515151515152	0.06666666666666667	0.030303030303030304	0.034482758620689655	0.022727272727272728	0.14285714285714285	0.0	0.025	0.0022675736961451248	0.020833333333333332	0.0625	0.0005045408678102926	0.02564102564102564	1.0	0.16666666666666666	0.006944444444444444	0.01694915254237288	1.0	0.047619047619047616	0.0005045408678102926	0.06666666666666667	0.5	0.02
sh	0.3333333333333333	0.0028759974682412265	0.125	0.0	0.3333333333333333	0.0029334999126173246	0.038461538461538464	0.002682763251081777	0.005683206353305785	0.0034533408430235234	0.05555555555555555	0.0	0.06666666666666667	0.02779243904320988	0.0028979892678385488	0.08333333333333333	0.034482758620689655	0.05263157894736842	0.02631578947368421	1.0	0.0	0.004121227054418132	0.004315815636286803	0.034482758620689655	0.011771487889273357	0.02564102564102564	0.0022405331042793415	0.0	0.09093388429752067	0.034482758620689655	0.0047010799742191875	0.0	0.06666666666666667	0.0022405331042793415	0.06666666666666667	0.50025	0.03225806451612903
si	0.0	0.0	0.0	0.0	0.0	0.0	0.0	1.0	0.0	1.0	0.0	0.0	0.0	1.0	1.0	0.0	0.0	0.0	0.0	0.0	0.0	0.0	0.0	0.0	0.0	1.0	0.0	1.0	0.0	0.0	1.0	0.0	0.0	1.0	0.0	0.0	0.0
simple	1.0	0.14289795918367348	0.083375	1.0	1.0	0.025010624999999998	0.5	0.023268793942671714	0.025004999999999996	0.0344910820451843	0.16666666666666666	0.0	1.0	0.10000999999999999	0.03705075445816186	1.0	1.0	0.0	1.0	0.5	0.0	0.04349338374291116	0.034487514863258024	0.14291836734693877	0.06666666666666667	0.16666666666666666	0.09093388429752067	0.0	0.016967538063774778	1.0	0.11112345679012345	0.0	0.25	0.016967538063774778	1.0	1.0	0.5
sr	0.3333333333333333	0.03333333333333333	0.5	1.0	0.2	0.014925373134328358	0.02702702702702703	0.010752688172043012	0.013157894736842105	0.020833333333333332	0.027777777777777776	0.5	0.08333333333333333	0.25	0.02857142857142857	0.07692307692307693	0.034482758620689655	0.047619047619047616	0.030303030303030304	0.5	0.0	0.045454545454545456	0.008403361344537815	0.038461538461538464	0.2	0.006944444444444444	0.034482758620689655	0.0	1.0	0.0049504950495049506	0.06666666666666667	0.0	0.08333333333333333	0.0049504950495049506	0.06666666666666667	0.5	0.025
sv	0.3333333333333333	0.0045722211871177705	0.08335416666666667	0.3333333333333333	0.16666666666666666	0.0033592551613141905	0.07692307692307693	0.002429307082149309	0.004202492761810606	0.0036920944310004913	0.08333333333333333	0.0	0.06666666666666667	0.025012499999999997	0.00348683487841421	0.1	0.08333333333333333	0.3333333333333333	0.07142857142857142	0.2	0.0	0.0036657691651586647	0.003403444619592983	0.034482758620689655	0.0158795666414714	0.01694915254237288	0.0047010799742191875	1.0	0.11112345679012345	0.06666666666666667	0.0005133807378176621	0.0	0.1111111111111111	0.0005133807378176621	1.0	0.250125	0.09090909090909091
te	0.0	0.0	0.0	0.0	0.0	0.0	0.0	1.0	0.0	1.0	0.0	1.0	0.0	0.0	0.0	1.0	0.0	0.0	0.0	0.0	0.0	0.0	1.0	0.0	0.0	1.0	0.0	0.0	0.0	0.0	0.0	1.0	0.0	1.0	1.0	0.0	0.0
tr	0.5	0.07142857142857142	0.125046875	0.5	0.3333333333333333	0.040007999999999995	0.09090909090909091	0.027034331628926222	0.037037037037037035	0.037048010973936896	0.1	0.0	0.125	0.25	0.045460743801652895	0.14285714285714285	0.1	0.25	0.07692307692307693	0.2	0.0	0.09090909090909091	0.037037037037037035	0.09090909090909091	0.3333333333333333	0.047619047619047616	0.06666666666666667	0.0	0.25	0.08333333333333333	0.1111111111111111	0.0	0.02632617728531856	0.02632617728531856	0.3333333333333333	0.250125	0.08333333333333333
union	0.3333333333333333	0.0015126771232227634	0.0588719723183391	0.07692307692307693	0.09090909090909091	0.00012748631781383984	0.018867924528301886	7.987602977629808e-05	0.00017691564362306309	8.596862795056446e-05	0.01020408163265306	0.3333333333333333	0.029411764705882353	0.002175638359472451	0.0001071341754661984	0.0625	0.027777777777777776	0.008333333333333333	0.02127659574468085	0.1	0.5	0.00027871541334759987	0.00011275988255889933	0.0019384689922480618	0.0019365089925041086	0.0005045408678102926	0.0022405331042793415	1.0	0.016967538063774778	0.0049504950495049506	0.0005133807378176621	1.0	0.02632617728531856	2.0587931096572074e-05	0.0625	0.2501875	0.017241379310344827
vi	1.0	0.06666666666666667	0.25	0.5	0.0	0.06666666666666667	0.16666666666666666	0.0625	0.06666666666666667	0.07142857142857142	1.0	0.0	1.0	0.5	0.06666666666666667	1.0	0.06666666666666667	0.07142857142857142	0.06666666666666667	0.25	0.0	1.0	0.06666666666666667	0.25	1.0	0.06666666666666667	0.06666666666666667	0.0	1.0	0.06666666666666667	1.0	1.0	0.3333333333333333	0.0625	0.0625	0.5	0.06666666666666667
war	0.0	0.0	1.0	0.0	0.250125	0.250125	1.0	0.25006249999999997	1.0	0.250125	0.5	1.0	0.25006249999999997	0.2501875	0.3333333333333333	0.5	0.3333333333333333	0.3333333333333333	0.5	1.0	0.0	0.25006249999999997	0.3333333333333333	0.3333333333333333	0.5	0.5	0.50025	0.0	1.0	0.5	0.250125	0.0	0.250125	0.2501875	0.5	0.2501875	0.5
zh	0.3333333333333333	0.03225806451612903	0.3333333333333333	0.5	0.2	0.022727272727272728	0.043478260869565216	0.018867924528301886	0.02	0.02702702702702703	0.05263157894736842	1.0	0.06666666666666667	0.2	0.02631578947368421	0.07692307692307693	0.030303030303030304	0.05	0.030303030303030304	0.14285714285714285	0.0	0.06666666666666667	0.021739130434782608	0.043478260869565216	0.2	0.02	0.03225806451612903	0.0	0.5	0.025	0.09090909090909091	0.0	0.08333333333333333	0.017241379310344827	0.06666666666666667	0.5	0.017241379310344827
