arz	bs	ceb	ckb	da	de	el	en	es	fr	he	hi	hu	id	it	ja	ko	lv	mk	ml	mr	nl	pl	pt	ro	ru	sh	si	simple	sr	sv	te	tr	vi	war	zh
arz	1.0	1.0	1.0	1.0	1.0	1.0	1.0	0.6666666666666666	1.0	0.6666666666666666	1.0	1.0	1.0	0.6666666666666666	0.6666666666666666	1.0	1.0	1.0	1.0	1.0	1.0	1.0	1.0	1.0	1.0	1.0	1.0	1.0	1.0	1.0	1.0	1.0	1.0	1.0	1.0	1.0
bs	1.0	1.0	1.0	1.0	0.7586206896551725	0.8688524590163935	1.0	0.8441926345609064	0.8831168831168832	0.7428571428571428	1.0	1.0	0.9565217391304348	0.8148148148148148	0.8520179372197308	1.0	1.0	0.9333333333333333	1.0	1.0	1.0	0.8764044943820225	0.9005847953216374	0.6666666666666666	1.0	1.0	0.9827586206896551	1.0	0.8	0.6666666666666666	0.8	1.0	0.8888888888888888	1.0	1.0	1.0
ceb	1.0	1.0	1.0	1.0	1.0	0.787878787878788	1.0	0.9090909090909091	0.6666666666666666	0.6666666666666666	1.0	1.0	1.0	0.8444444444444446	0.8888888888888888	1.0	0.6666666666666666	0.6666666666666666	1.0	1.0	1.0	0.8800000000000001	0.6666666666666666	0.6666666666666666	0.6666666666666666	1.0	1.0	1.0	0.8717948717948718	0.6666666666666666	0.8571428571428571	1.0	0.8571428571428571	0.6666666666666666	1.0	1.0
ckb	1.0	1.0	1.0	1.0	1.0	1.0	1.0	0.6666666666666666	1.0	0.6666666666666666	1.0	1.0	1.0	1.0	0.6666666666666666	1.0	1.0	1.0	1.0	1.0	1.0	1.0	1.0	1.0	1.0	1.0	1.0	1.0	1.0	1.0	0.6666666666666666	1.0	0.6666666666666666	1.0	1.0	1.0
da	1.0	0.7586206896551725	1.0	1.0	1.0	0.7847180109157064	1.0	0.7433742727860374	0.7238912732474964	0.7780821917808219	1.0	1.0	0.7844155844155845	0.8096676737160121	0.7921967769296013	0.6666666666666666	0.6666666666666666	0.7647058823529411	0.6666666666666666	1.0	1.0	0.7923954372623574	0.7202141900937082	0.6945169712793734	0.7450980392156863	0.6666666666666666	0.787878787878788	1.0	0.8081632653061224	0.7142857142857143	0.7889581478183436	1.0	0.731457800511509	0.6666666666666666	0.9090909090909091	0.6666666666666666
de	1.0	0.8688524590163935	0.787878787878788	1.0	0.7847180109157064	1.0	0.6666666666666666	0.7322884225932165	0.7176622260421143	0.7345500447062535	0.6666666666666666	0.6666666666666666	0.7263547627061595	0.7679748822605965	0.7679832226494232	0.7248322147651006	0.7777777777777779	0.7715355805243446	0.6666666666666666	1.0	1.0	0.7755466309683178	0.7171556583321289	0.7213592233009709	0.7375886524822695	0.6792727272727273	0.8356054530874097	1.0	0.7892049598832969	0.6976744186046512	0.7759613170619388	1.0	0.7837992013690815	0.6784140969162996	0.9090909090909091	0.7304347826086957
el	1.0	1.0	1.0	1.0	1.0	0.6666666666666666	1.0	0.6666666666666666	0.6666666666666666	0.6666666666666666	1.0	1.0	0.6666666666666666	0.6666666666666666	0.6666666666666666	1.0	1.0	1.0	1.0	1.0	1.0	0.6666666666666666	0.6666666666666666	0.6666666666666666	0.6666666666666666	1.0	1.0	1.0	0.6666666666666666	1.0	0.6666666666666666	1.0	0.6666666666666666	1.0	1.0	1.0
en	0.6666666666666666	0.8441926345609064	0.9090909090909091	0.6666666666666666	0.7433742727860374	0.7322884225932165	0.6666666666666666	1.0	0.7077108377921386	0.7572132140367718	0.6666666666666666	0.6666666666666666	0.7363917280722605	0.8091628488129946	0.7782424156995411	0.6734237591295276	0.6797687861271676	0.7301587301587302	0.6666666666666666	0.6666666666666666	0.6666666666666666	0.7443765468602843	0.7276937746900967	0.7261078074045655	0.7723669309173273	0.6697067578694027	0.8146754468485419	0.6666666666666666	0.8000903546419698	0.6789838337182448	0.7465235107690318	1.0	0.7588276482944883	0.673458991339786	0.75	0.6677347450543326
es	1.0	0.8831168831168832	0.6666666666666666	1.0	0.7238912732474964	0.7176622260421143	0.6666666666666666	0.7077108377921386	1.0	0.7233301677746122	0.6666666666666666	1.0	0.7444624527282551	0.7202970297029703	0.7342540113355153	0.7737226277372262	0.9433962264150942	0.7671232876712328	1.0	1.0	1.0	0.7204874333587205	0.7169587169587169	0.7527749747729566	0.696969696969697	0.7376425855513308	0.8089171974522292	1.0	0.6880394574599261	0.823529411764706	0.7140680548501778	1.0	0.7336170212765958	0.7692307692307692	1.0	0.8372093023255814
fr	0.6666666666666666	0.7428571428571428	0.6666666666666666	0.6666666666666666	0.7780821917808219	0.7345500447062535	0.6666666666666666	0.7572132140367718	0.7233301677746122	1.0	0.6666666666666666	0.6666666666666666	0.7329053865475859	0.7494772061898788	0.7379088674607676	0.6967071057192374	0.7204968944099379	0.7153284671532846	0.6666666666666666	0.6666666666666666	1.0	0.745010259279985	0.737689293656677	0.7061323618700669	0.7765451664025356	0.683338965866847	0.7854426941879414	1.0	0.730195177956372	0.7027027027027026	0.7389799215324255	1.0	0.7561422808947561	0.686896551724138	0.9090909090909091	0.68416447944007
he	1.0	1.0	1.0	1.0	1.0	0.6666666666666666	1.0	0.6666666666666666	0.6666666666666666	0.6666666666666666	1.0	1.0	0.6666666666666666	0.6666666666666666	0.6666666666666666	1.0	1.0	1.0	1.0	1.0	1.0	0.6666666666666666	0.6666666666666666	0.6666666666666666	1.0	1.0	1.0	1.0	0.6666666666666666	1.0	0.6666666666666666	1.0	0.6666666666666666	1.0	1.0	1.0
hi	1.0	1.0	1.0	1.0	1.0	0.6666666666666666	1.0	0.6666666666666666	1.0	0.6666666666666666	1.0	1.0	1.0	0.6666666666666666	1.0	1.0	1.0	1.0	1.0	1.0	1.0	0.6666666666666666	1.0	1.0	1.0	1.0	1.0	1.0	1.0	1.0	0.6666666666666666	1.0	1.0	1.0	1.0	1.0
hu	1.0	0.9565217391304348	1.0	1.0	0.7844155844155845	0.7263547627061595	0.6666666666666666	0.7363917280722605	0.7444624527282551	0.7329053865475859	0.6666666666666666	1.0	1.0	0.7710843373493976	0.7264833574529667	0.6666666666666666	0.6666666666666666	0.6967741935483871	0.6666666666666666	1.0	1.0	0.7200604457876841	0.7091445427728613	0.671078755790867	0.7118644067796611	0.6666666666666666	0.8070175438596492	1.0	0.7976878612716762	0.7142857142857143	0.7225609756097561	1.0	0.6877697841726619	0.6666666666666666	0.7692307692307692	0.6666666666666666
id	0.6666666666666666	0.8148148148148148	0.8444444444444446	1.0	0.8096676737160121	0.7679748822605965	0.6666666666666666	0.8091628488129946	0.7202970297029703	0.7494772061898788	0.6666666666666666	0.6666666666666666	0.7710843373493976	1.0	0.7845107892403191	0.6918238993710693	0.7062706270627064	0.8256880733944955	0.6666666666666666	0.6666666666666666	1.0	0.7828267000940144	0.7509293680297398	0.7316421895861148	0.7210884353741497	0.72	0.7616438356164383	0.6666666666666666	0.8093994778067886	0.6666666666666666	0.7917555081734186	1.0	0.7677261613691931	0.6666666666666666	1.0	0.6935779816513761
it	0.6666666666666666	0.8520179372197308	0.8888888888888888	0.6666666666666666	0.7921967769296013	0.7679832226494232	0.6666666666666666	0.7782424156995411	0.7342540113355153	0.7379088674607676	0.6666666666666666	1.0	0.7264833574529667	0.7845107892403191	1.0	0.6805349182763745	0.7586206896551725	0.7701492537313432	0.6666666666666666	1.0	1.0	0.7843604065561762	0.7466102749098147	0.7256544502617801	0.7554076539101497	0.6716627634660421	0.7971530249110321	1.0	0.7928331466965285	0.71875	0.767889575009081	1.0	0.7525987525987526	0.6740947075208913	0.6666666666666666	0.7137254901960784
ja	1.0	1.0	1.0	1.0	0.6666666666666666	0.7248322147651006	1.0	0.6734237591295276	0.7737226277372262	0.6967071057192374	1.0	1.0	0.6666666666666666	0.6918238993710693	0.6805349182763745	1.0	0.9803921568627451	1.0	1.0	0.6666666666666666	1.0	0.7038327526132404	0.6878727634194831	0.7222222222222222	0.6666666666666666	1.0	0.6666666666666666	1.0	0.6666666666666666	1.0	0.6666666666666666	1.0	0.7428571428571428	1.0	1.0	0.9818181818181817
ko	1.0	1.0	0.6666666666666666	1.0	0.6666666666666666	0.7777777777777779	1.0	0.6797687861271676	0.9433962264150942	0.7204968944099379	1.0	1.0	0.6666666666666666	0.7062706270627064	0.7586206896551725	0.9803921568627451	1.0	0.6666666666666666	1.0	1.0	1.0	0.7428571428571428	0.7916666666666667	0.7368421052631579	1.0	0.9830508474576272	0.6666666666666666	1.0	0.6666666666666666	0.6666666666666666	0.6666666666666666	1.0	0.7619047619047619	1.0	0.6666666666666666	1.0
lv	1.0	0.9333333333333333	0.6666666666666666	1.0	0.7647058823529411	0.7715355805243446	1.0	0.7301587301587302	0.7671232876712328	0.7153284671532846	1.0	1.0	0.6967741935483871	0.8256880733944955	0.7701492537313432	1.0	0.6666666666666666	1.0	1.0	1.0	1.0	0.7603305785123966	0.8148148148148148	0.9059829059829059	0.6666666666666666	1.0	0.6666666666666666	1.0	0.7801418439716312	0.6666666666666666	0.7948717948717948	1.0	0.8539325842696629	0.6666666666666666	0.6666666666666666	1.0
mk	1.0	1.0	1.0	1.0	0.6666666666666666	0.6666666666666666	1.0	0.6666666666666666	1.0	0.6666666666666666	1.0	1.0	0.6666666666666666	0.6666666666666666	0.6666666666666666	1.0	1.0	1.0	1.0	1.0	1.0	0.6666666666666666	0.6666666666666666	0.6666666666666666	0.6666666666666666	1.0	0.6666666666666666	1.0	0.6666666666666666	1.0	0.6666666666666666	1.0	0.6666666666666666	1.0	1.0	1.0
ml	1.0	1.0	1.0	1.0	1.0	1.0	1.0	0.6666666666666666	1.0	0.6666666666666666	1.0	1.0	1.0	0.6666666666666666	1.0	0.6666666666666666	1.0	1.0	1.0	1.0	1.0	0.6666666666666666	1.0	1.0	1.0	0.6666666666666666	1.0	1.0	1.0	1.0	0.6666666666666666	1.0	1.0	1.0	1.0	1.0
mr	1.0	1.0	1.0	1.0	1.0	1.0	1.0	0.6666666666666666	1.0	1.0	1.0	1.0	1.0	1.0	1.0	1.0	1.0	1.0	1.0	1.0	1.0	1.0	1.0	1.0	1.0	1.0	1.0	1.0	1.0	1.0	1.0	1.0	1.0	1.0	1.0	1.0
nl	1.0	0.8764044943820225	0.8800000000000001	1.0	0.7923954372623574	0.7755466309683178	0.6666666666666666	0.7443765468602843	0.7204874333587205	0.745010259279985	0.6666666666666666	0.6666666666666666	0.7200604457876841	0.7828267000940144	0.7843604065561762	0.7038327526132404	0.7428571428571428	0.7603305785123966	0.6666666666666666	0.6666666666666666	1.0	1.0	0.7375749371494875	0.7113543091655268	0.7414330218068536	0.6798917944093779	0.8140276301806589	1.0	0.8096192384769539	0.6909090909090909	0.7788856304985338	1.0	0.7622841965471447	0.6666666666666666	0.8	0.6981627296587927
pl	1.0	0.9005847953216374	0.6666666666666666	1.0	0.7202141900937082	0.7171556583321289	0.6666666666666666	0.7276937746900967	0.7169587169587169	0.737689293656677	0.6666666666666666	1.0	0.7091445427728613	0.7509293680297398	0.7466102749098147	0.6878727634194831	0.7916666666666667	0.8148148148148148	0.6666666666666666	1.0	1.0	0.7375749371494875	1.0	0.7325013564839934	0.7702265372168284	0.678294573643411	0.8031809145129225	1.0	0.7389969293756397	0.6896551724137931	0.733502538071066	1.0	0.7194244604316546	0.6798029556650247	0.6666666666666666	0.7333333333333333
pt	1.0	0.6666666666666666	0.6666666666666666	1.0	0.6945169712793734	0.7213592233009709	0.6666666666666666	0.7261078074045655	0.7527749747729566	0.7061323618700669	0.6666666666666666	1.0	0.671078755790867	0.7316421895861148	0.7256544502617801	0.7222222222222222	0.7368421052631579	0.9059829059829059	0.6666666666666666	1.0	1.0	0.7113543091655268	0.7325013564839934	1.0	0.7272727272727273	0.6951871657754011	0.6700507614213198	1.0	0.6913996627318718	0.8571428571428571	0.6822558459422283	1.0	0.6995515695067265	0.6666666666666666	0.6666666666666666	0.7222222222222222
ro	1.0	1.0	0.6666666666666666	1.0	0.7450980392156863	0.7375886524822695	0.6666666666666666	0.7723669309173273	0.696969696969697	0.7765451664025356	1.0	1.0	0.7118644067796611	0.7210884353741497	0.7554076539101497	0.6666666666666666	1.0	0.6666666666666666	0.6666666666666666	1.0	1.0	0.7414330218068536	0.7702265372168284	0.7272727272727273	1.0	0.6666666666666666	0.7532467532467533	1.0	0.7619047619047619	0.8571428571428571	0.7521367521367521	1.0	0.7675675675675675	0.6666666666666666	0.6666666666666666	1.0
ru	1.0	1.0	1.0	1.0	0.6666666666666666	0.6792727272727273	1.0	0.6697067578694027	0.7376425855513308	0.683338965866847	1.0	1.0	0.6666666666666666	0.72	0.6716627634660421	1.0	0.9830508474576272	1.0	1.0	0.6666666666666666	1.0	0.6798917944093779	0.678294573643411	0.6951871657754011	0.6666666666666666	1.0	0.6666666666666666	1.0	0.6666666666666666	1.0	0.6666666666666666	1.0	0.7083333333333334	1.0	1.0	0.9885057471264368
sh	1.0	0.9827586206896551	1.0	1.0	0.787878787878788	0.8356054530874097	1.0	0.8146754468485419	0.8089171974522292	0.7854426941879414	1.0	1.0	0.8070175438596492	0.7616438356164383	0.7971530249110321	0.6666666666666666	0.6666666666666666	0.6666666666666666	0.6666666666666666	1.0	1.0	0.8140276301806589	0.8031809145129225	0.6700507614213198	0.7532467532467533	0.6666666666666666	1.0	1.0	0.7417840375586854	0.823529411764706	0.7339805825242719	1.0	0.7745664739884393	0.6666666666666666	1.0	0.6666666666666666
si	1.0	1.0	1.0	1.0	1.0	1.0	1.0	0.6666666666666666	1.0	1.0	1.0	1.0	1.0	0.6666666666666666	1.0	1.0	1.0	1.0	1.0	1.0	1.0	1.0	1.0	1.0	1.0	1.0	1.0	1.0	1.0	1.0	1.0	1.0	1.0	1.0	1.0	1.0
simple	1.0	0.8	0.8717948717948718	1.0	0.8081632653061224	0.7892049598832969	0.6666666666666666	0.8000903546419698	0.6880394574599261	0.730195177956372	0.6666666666666666	1.0	0.7976878612716762	0.8093994778067886	0.7928331466965285	0.6666666666666666	0.6666666666666666	0.7801418439716312	0.6666666666666666	1.0	1.0	0.8096192384769539	0.7389969293756397	0.6913996627318718	0.7619047619047619	0.6666666666666666	0.7417840375586854	1.0	1.0	0.6666666666666666	0.8109452736318408	1.0	0.7971360381861575	0.6666666666666666	1.0	0.6666666666666666
sr	1.0	0.6666666666666666	0.6666666666666666	1.0	0.7142857142857143	0.6976744186046512	1.0	0.6789838337182448	0.823529411764706	0.7027027027027026	1.0	1.0	0.7142857142857143	0.6666666666666666	0.71875	1.0	0.6666666666666666	0.6666666666666666	1.0	1.0	1.0	0.6909090909090909	0.6896551724137931	0.8571428571428571	0.8571428571428571	1.0	0.823529411764706	1.0	0.6666666666666666	1.0	0.6666666666666666	1.0	0.6666666666666666	0.6666666666666666	0.6666666666666666	1.0
sv	1.0	0.8	0.8571428571428571	0.6666666666666666	0.7889581478183436	0.7759613170619388	0.6666666666666666	0.7465235107690318	0.7140680548501778	0.7389799215324255	0.6666666666666666	0.6666666666666666	0.7225609756097561	0.7917555081734186	0.767889575009081	0.6666666666666666	0.6666666666666666	0.7948717948717948	0.6666666666666666	0.6666666666666666	1.0	0.7788856304985338	0.733502538071066	0.6822558459422283	0.7521367521367521	0.6666666666666666	0.7339805825242719	1.0	0.8109452736318408	0.6666666666666666	1.0	1.0	0.7987486965589156	0.6666666666666666	0.8571428571428571	0.6666666666666666
te	1.0	1.0	1.0	1.0	1.0	1.0	1.0	1.0	1.0	1.0	1.0	1.0	1.0	1.0	1.0	1.0	1.0	1.0	1.0	1.0	1.0	1.0	1.0	1.0	1.0	1.0	1.0	1.0	1.0	1.0	1.0	1.0	1.0	1.0	1.0	1.0
tr	1.0	0.8888888888888888	0.8571428571428571	0.6666666666666666	0.731457800511509	0.7837992013690815	0.6666666666666666	0.7588276482944883	0.7336170212765958	0.7561422808947561	0.6666666666666666	1.0	0.6877697841726619	0.7677261613691931	0.7525987525987526	0.7428571428571428	0.7619047619047619	0.8539325842696629	0.6666666666666666	1.0	1.0	0.7622841965471447	0.7194244604316546	0.6995515695067265	0.7675675675675675	0.7083333333333334	0.7745664739884393	1.0	0.7971360381861575	0.6666666666666666	0.7987486965589156	1.0	1.0	0.6666666666666666	0.9090909090909091	0.8
vi	1.0	1.0	0.6666666666666666	1.0	0.6666666666666666	0.6784140969162996	1.0	0.673458991339786	0.7692307692307692	0.686896551724138	1.0	1.0	0.6666666666666666	0.6666666666666666	0.6740947075208913	1.0	1.0	0.6666666666666666	1.0	1.0	1.0	0.6666666666666666	0.6798029556650247	0.6666666666666666	0.6666666666666666	1.0	0.6666666666666666	1.0	0.6666666666666666	0.6666666666666666	0.6666666666666666	1.0	0.6666666666666666	1.0	1.0	1.0
war	1.0	1.0	1.0	1.0	0.9090909090909091	0.9090909090909091	1.0	0.75	1.0	0.9090909090909091	1.0	1.0	0.7692307692307692	1.0	0.6666666666666666	1.0	0.6666666666666666	0.6666666666666666	1.0	1.0	1.0	0.8	0.6666666666666666	0.6666666666666666	0.6666666666666666	1.0	1.0	1.0	1.0	0.6666666666666666	0.8571428571428571	1.0	0.9090909090909091	1.0	1.0	1.0
zh	1.0	1.0	1.0	1.0	0.6666666666666666	0.7304347826086957	1.0	0.6677347450543326	0.8372093023255814	0.68416447944007	1.0	1.0	0.6666666666666666	0.6935779816513761	0.7137254901960784	0.9818181818181817	1.0	1.0	1.0	1.0	1.0	0.6981627296587927	0.7333333333333333	0.7222222222222222	1.0	0.9885057471264368	0.6666666666666666	1.0	0.6666666666666666	1.0	0.6666666666666666	1.0	0.8	1.0	1.0	1.0
