arz	bs	ceb	ckb	da	de	el	en	es	fr	he	hi	hu	id	it	ja	ko	lv	mk	ml	mr	nl	pl	pt	ro	ru	sh	si	simple	sr	sv	te	tr	vi	war	zh
arz	1.0	0.3230769230769231	0.0	0.6	0.39361702127659576	0.3459715639810427	0.3958333333333333	0.49444444444444446	0.4787234042553192	0.2786885245901639	0.3532934131736527	0.4375	0.29838709677419356	0.2796610169491525	0.40865384615384615	0.37575757575757573	0.37799043062200954	0.4342105263157895	0.4528301886792453	0.48148148148148145	0.45161290322580644	0.24555160142348753	0.3387096774193548	0.3877551020408163	0.21301775147928995	0.44549763033175355	0.43902439024390244	0.0	0.42696629213483145	0.36046511627906974	0.3793103448275862	0.0	0.0	0.27586206896551724	0.0	0.3640552995391705
bs	0.3230769230769231	1.0	0.0	0.5604395604395604	0.83089992036103	0.7523942537909019	0.7915317559153175	0.6859666339548577	0.2914444207382121	0.759083402146986	0.7434640522875817	0.6511627906976745	0.811753463927377	0.7133167533348406	0.742106258271885	0.8049052396878483	0.8003965631196299	0.9241405082212257	0.5134680134680135	0.7142857142857143	0.869198312236287	0.7145211122554068	0.800944814258106	0.6850361197110423	0.7195173581710415	0.7770780856423174	0.40404040404040403	0.0	0.324901185770751	0.7937036089070898	0.7633198896200382	0.0	0.0	0.6873522458628841	0.2765957446808511	0.8329882677708764
ceb	0.0	0.0	1.0	0.0	0.5714285714285714	0.2727272727272727	0.0	0.36363636363636365	0.0	0.47058823529411764	0.0	0.0	0.0	0.5384615384615384	0.4166666666666667	0.0	0.0	0.0	0.0	0.0	0.0	0.38461538461538464	0.2222222222222222	0.18181818181818182	0.4444444444444444	0.0	0.5	0.0	0.42857142857142855	0.6666666666666666	0.4	0.0	0.0	0.0	0.0	0.0
ckb	0.6	0.5604395604395604	0.0	1.0	0.5773195876288659	0.4608695652173913	0.5533980582524272	0.5213675213675214	0.5462962962962963	0.4253731343283582	0.5307692307692308	0.7916666666666666	0.4796747967479675	0.4957983193277311	0.35947712418300654	0.5340909090909091	0.4846153846153846	0.6263736263736264	0.5245901639344263	0.7741935483870968	0.6	0.4728682170542636	0.5643564356435643	0.47692307692307695	0.3972602739726027	0.5625	0.6216216216216216	0.0	0.71875	0.52	0.5089285714285714	0.0	0.0	0.509090909090909	0.0	0.5346534653465347
da	0.39361702127659576	0.83089992036103	0.5714285714285714	0.5773195876288659	1.0	0.6083086053412463	0.6764808973010866	0.5663716814159292	0.3300268096514745	0.4577777777777778	0.6278535063228773	0.6136363636363636	0.6427970852017937	0.6561426468182562	0.5749249082211592	0.6727851941747572	0.6660695626212868	0.8845913911416095	0.47295423023578365	0.5857142857142857	0.8327402135231317	0.49278052805280526	0.656366911459055	0.5592453805401215	0.5369516532736135	0.6410256410256411	0.2542857142857143	0.0	0.38711367207962283	0.7745405647691618	0.603026936961955	0.0	0.0361952861952862	0.4552980132450331	0.22077922077922077	0.7143772014089017
de	0.3459715639810427	0.7523942537909019	0.2727272727272727	0.4608695652173913	0.6083086053412463	1.0	0.6573517628205128	0.5713959245857931	0.35397525419576137	0.3298192552093179	0.5903047658007773	0.5967741935483871	0.7275064267352185	0.4570131375579598	0.667807523856484	0.6072457801564429	0.6254576925637441	0.7910246012435793	0.49352179034157834	0.6097560975609756	0.6771428571428572	0.3754153477123926	0.7086293981679651	0.5347028613352898	0.264953588408422	0.6556411418214771	0.38181818181818183	0.0	0.3509066487575554	0.6920989624900239	0.6319849019446951	0.0	0.023769100169779286	0.4751901484969214	0.14814814814814814	0.6208150999103706
el	0.3958333333333333	0.7915317559153175	0.0	0.5533980582524272	0.6764808973010866	0.6573517628205128	1.0	0.6568051575931232	0.27339591599729024	0.3340233345878811	0.6343822367524861	0.5094339622641509	0.6835789748271814	0.4817761806981519	0.6648611469349153	0.6355876559422193	0.6575422932330827	0.8429073856975381	0.48011363636363635	0.6285714285714286	0.8591549295774648	0.3683385579937304	0.69701203783319	0.4916144333389802	0.3083961248654467	0.7139110365086025	0.26243093922651933	0.0	0.3194029850746269	0.7869422840769545	0.6411329705595089	0.0	0.0	0.5179952909519004	0.0	0.7015415718979024
en	0.49444444444444446	0.6859666339548577	0.36363636363636365	0.5213675213675214	0.5663716814159292	0.5713959245857931	0.6568051575931232	1.0	0.3939788472048092	0.373112839688856	0.6476591760299626	0.5405405405405406	0.7055869128479862	0.46041114058355437	0.6394154294803818	0.5804341963322546	0.5863949350709368	0.7728620296465223	0.5276134122287969	0.5876288659793815	0.6858513189448441	0.38441565934858496	0.6670958143793093	0.5762749555248072	0.2688952648706938	0.6516763378465507	0.511400651465798	0.0	0.3258064516129032	0.6604311623132201	0.544042469524184	0.0	0.036554921540656204	0.6129865162092378	0.08227848101265822	0.5009574208822198
es	0.4787234042553192	0.2914444207382121	0.0	0.5462962962962963	0.3300268096514745	0.35397525419576137	0.27339591599729024	0.3939788472048092	1.0	0.18186791924098267	0.327809728043669	0.5454545454545454	0.311482254697286	0.22033158813263526	0.3611807019719707	0.3867956469165659	0.34288266445479487	0.3046235138705416	0.4794050343249428	0.5222222222222223	0.6160714285714286	0.20845499788808697	0.3726441500279903	0.3302670457713107	0.08693880177609987	0.38150120358888323	0.36964285714285716	0.0	0.4577777777777778	0.31740993493096337	0.3651087832393231	0.0	0.05346912794398472	0.3781734837799718	0.12790697674418605	0.3509565815099095
fr	0.2786885245901639	0.759083402146986	0.47058823529411764	0.4253731343283582	0.4577777777777778	0.3298192552093179	0.3340233345878811	0.373112839688856	0.18186791924098267	1.0	0.4021683346163716	0.547945205479452	0.30830523292119394	0.32542003945309844	0.3452274407564497	0.3321724751334152	0.35458524684270953	0.7293972939729397	0.4537725823591923	0.4948453608247423	0.628099173553719	0.72738108137393	0.3799982129294554	0.26345444814462415	0.8685144642591451	0.36620905587668595	0.33584905660377357	0.0	0.24861239592969472	0.5992821249102657	0.3584923618712226	0.0	0.03463587921847247	0.313543599257885	0.07058823529411765	0.2764241164241164
he	0.3532934131736527	0.7434640522875817	0.0	0.5307692307692308	0.6278535063228773	0.5903047658007773	0.6343822367524861	0.6476591760299626	0.327809728043669	0.4021683346163716	1.0	0.515625	0.6002043683739942	0.49599097970433476	0.6098491900949544	0.6194661100736021	0.6345670550605438	0.7971935398464389	0.46242171189979125	0.6835443037974683	0.8685897435897436	0.4156184890809476	0.6032961190855928	0.527501909854851	0.3926046764545949	0.611799750168156	0.28	0.0	0.28614850195397307	0.7146799116997793	0.5749097472924187	0.0	0.0	0.4716417910447761	0.0	0.7293552812071331
hi	0.4375	0.6511627906976745	0.0	0.7916666666666666	0.6136363636363636	0.5967741935483871	0.5094339622641509	0.5405405405405406	0.5454545454545454	0.547945205479452	0.515625	1.0	0.5416666666666666	0.6349206349206349	0.4827586206896552	0.58	0.639344262295082	0.7428571428571429	0.6153846153846154	0.6666666666666666	0.7058823529411765	0.5490196078431373	0.6078431372549019	0.6301369863013698	0.5483870967741935	0.5303030303030303	0.5238095238095238	0.0	0.5641025641025641	0.6976744186046512	0.7115384615384616	0.0	0.0	0.6290322580645161	0.0	0.5846153846153846
hu	0.29838709677419356	0.811753463927377	0.0	0.4796747967479675	0.6427970852017937	0.7275064267352185	0.6835789748271814	0.7055869128479862	0.311482254697286	0.30830523292119394	0.6002043683739942	0.5416666666666666	1.0	0.45892583120204605	0.72184516912211	0.6533253342475146	0.6788192646297255	0.7891801450083659	0.4731934731934732	0.6349206349206349	0.8263665594855305	0.31937392976236967	0.7325655338090864	0.5413097834760866	0.29085299812924614	0.7134168681761559	0.2802056555269923	0.0	0.3513859275053305	0.7011732229123534	0.6345220510656256	0.0	0.0	0.5150709219858156	0.0	0.6743634009495036
id	0.2796610169491525	0.7133167533348406	0.5384615384615384	0.4957983193277311	0.6561426468182562	0.4570131375579598	0.4817761806981519	0.46041114058355437	0.22033158813263526	0.32542003945309844	0.49599097970433476	0.6349206349206349	0.45892583120204605	1.0	0.38940110638980197	0.4369266055045872	0.5811036789297659	0.7542978048135414	0.5048780487804878	0.6046511627906976	0.8424242424242424	0.3623165026617196	0.4184250695878603	0.45004945598417406	0.34481348167539266	0.42559134153792444	0.33248081841432225	0.0	0.3597706641184902	0.6187874515333098	0.509398259114419	0.0	0.05382674516400336	0.4459426329982839	0.2872340425531915	0.4401276789785682
it	0.40865384615384615	0.742106258271885	0.4166666666666667	0.35947712418300654	0.5749249082211592	0.667807523856484	0.6648611469349153	0.6394154294803818	0.3611807019719707	0.3452274407564497	0.6098491900949544	0.4827586206896552	0.72184516912211	0.38940110638980197	1.0	0.623345255237122	0.6276807829396484	0.7973438268568618	0.4392857142857143	0.5862068965517241	0.6929824561403509	0.38265935204874824	0.6938753734528382	0.539818263071652	0.25392134096138824	0.675046719086069	0.34134615384615385	0.0	0.31739855475264034	0.6859210899801306	0.5717174743464909	0.0	0.02478017585931255	0.4552982671369422	0.12403100775193798	0.5677585451358458
ja	0.37575757575757573	0.8049052396878483	0.0	0.5340909090909091	0.6727851941747572	0.6072457801564429	0.6355876559422193	0.5804341963322546	0.3867956469165659	0.3321724751334152	0.6194661100736021	0.58	0.6533253342475146	0.4369266055045872	0.623345255237122	1.0	0.6807761270491803	0.8422619047619048	0.5491698595146871	0.72	0.74	0.3348623853211009	0.6492268198765356	0.517294496569108	0.27631359744110884	0.6382909150362418	0.3788706739526412	0.0	0.3885074087459342	0.7459628407709672	0.6271038885664538	0.0	0.0	0.44394963144963145	0.0	0.641203104786546
ko	0.37799043062200954	0.8003965631196299	0.0	0.4846153846153846	0.6660695626212868	0.6254576925637441	0.6575422932330827	0.5863949350709368	0.34288266445479487	0.35458524684270953	0.6345670550605438	0.639344262295082	0.6788192646297255	0.5811036789297659	0.6276807829396484	0.6807761270491803	1.0	0.8689280868385346	0.5535499398315282	0.618421052631579	0.8492753623188406	0.35404002307316856	0.647414960567195	0.4962267315109844	0.3189470322551211	0.6632165605095541	0.3263598326359833	0.0	0.35872675250357655	0.7697947214076246	0.6133790381219487	0.0	0.0	0.4874662553027381	0.0	0.7044501773621412
lv	0.4342105263157895	0.9241405082212257	0.0	0.6263736263736264	0.8845913911416095	0.7910246012435793	0.8429073856975381	0.7728620296465223	0.3046235138705416	0.7293972939729397	0.7971935398464389	0.7428571428571429	0.7891801450083659	0.7542978048135414	0.7973438268568618	0.8422619047619048	0.8689280868385346	1.0	0.6391752577319587	0.7352941176470589	0.9652777777777778	0.7783238489394724	0.8445702521873392	0.71617497456765	0.6792189679218968	0.8115685779237181	0.4312977099236641	0.0	0.3064985451018429	0.8573918094684868	0.8275668073136427	0.0	0.0	0.6170520231213873	0.0	0.8827397260273973
mk	0.4528301886792453	0.5134680134680135	0.0	0.5245901639344263	0.47295423023578365	0.49352179034157834	0.48011363636363635	0.5276134122287969	0.4794050343249428	0.4537725823591923	0.46242171189979125	0.6153846153846154	0.4731934731934732	0.5048780487804878	0.4392857142857143	0.5491698595146871	0.5535499398315282	0.6391752577319587	1.0	0.5526315789473685	0.6950354609929078	0.4394250513347023	0.5098265895953757	0.3930921052631579	0.4636929460580913	0.48180815876515987	0.2553191489361702	0.0	0.43	0.5642317380352645	0.49709639953542395	0.0	0.0	0.5269709543568465	0.0	0.592156862745098
ml	0.48148148148148145	0.7142857142857143	0.0	0.7741935483870968	0.5857142857142857	0.6097560975609756	0.6285714285714286	0.5876288659793815	0.5222222222222223	0.4948453608247423	0.6835443037974683	0.6666666666666666	0.6349206349206349	0.6046511627906976	0.5862068965517241	0.72	0.618421052631579	0.7352941176470589	0.5526315789473685	1.0	0.6935483870967742	0.5641025641025641	0.6666666666666666	0.5833333333333334	0.5	0.647887323943662	0.75	0.0	0.5849056603773585	0.6666666666666666	0.726027397260274	0.0	0.0	0.6153846153846154	0.0	0.6477272727272727
mr	0.45161290322580644	0.869198312236287	0.0	0.6	0.8327402135231317	0.6771428571428572	0.8591549295774648	0.6858513189448441	0.6160714285714286	0.628099173553719	0.8685897435897436	0.7058823529411765	0.8263665594855305	0.8424242424242424	0.6929824561403509	0.74	0.8492753623188406	0.9652777777777778	0.6950354609929078	0.6935483870967742	1.0	0.7579617834394905	0.8096774193548387	0.7066326530612245	0.6567164179104478	0.7351190476190477	0.6875	0.0	0.5405405405405406	0.9177215189873418	0.8053691275167785	0.0	0.0	0.7954545454545454	0.0	0.8710601719197708
nl	0.24555160142348753	0.7145211122554068	0.38461538461538464	0.4728682170542636	0.49278052805280526	0.3754153477123926	0.3683385579937304	0.38441565934858496	0.20845499788808697	0.72738108137393	0.4156184890809476	0.5490196078431373	0.31937392976236967	0.3623165026617196	0.38265935204874824	0.3348623853211009	0.35404002307316856	0.7783238489394724	0.4394250513347023	0.5641025641025641	0.7579617834394905	1.0	0.3996931435182856	0.3123149733158796	0.8034704877086893	0.37676895764646207	0.29366602687140114	0.0	0.2739140754806551	0.6018052678307192	0.326844070961718	0.0	0.03430962343096234	0.2907573812580231	0.21739130434782608	0.29473362118791013
pl	0.3387096774193548	0.800944814258106	0.2222222222222222	0.5643564356435643	0.656366911459055	0.7086293981679651	0.69701203783319	0.6670958143793093	0.3726441500279903	0.3799982129294554	0.6032961190855928	0.6078431372549019	0.7325655338090864	0.4184250695878603	0.6938753734528382	0.6492268198765356	0.647414960567195	0.8445702521873392	0.5098265895953757	0.6666666666666666	0.8096774193548387	0.3996931435182856	1.0	0.5107127794179671	0.2968730726532626	0.7047285786638428	0.40683760683760684	0.0	0.3745132743362832	0.7373071738804853	0.6352055049283988	0.0	0.057001239157372985	0.4962911451089476	0.17721518987341772	0.6313165646952187
pt	0.3877551020408163	0.6850361197110423	0.18181818181818182	0.47692307692307695	0.5592453805401215	0.5347028613352898	0.4916144333389802	0.5762749555248072	0.3302670457713107	0.26345444814462415	0.527501909854851	0.6301369863013698	0.5413097834760866	0.45004945598417406	0.539818263071652	0.517294496569108	0.4962267315109844	0.71617497456765	0.3930921052631579	0.5833333333333334	0.7066326530612245	0.3123149733158796	0.5107127794179671	1.0	0.21807287521004687	0.5413077608520389	0.5267857142857143	0.0	0.3090760425183974	0.6206838752933289	0.5217800800565104	0.0	0.039137833238797506	0.3697452229299363	0.15833333333333333	0.5845689365984569
ro	0.21301775147928995	0.7195173581710415	0.4444444444444444	0.3972602739726027	0.5369516532736135	0.264953588408422	0.3083961248654467	0.2688952648706938	0.08693880177609987	0.8685144642591451	0.3926046764545949	0.5483870967741935	0.29085299812924614	0.34481348167539266	0.25392134096138824	0.27631359744110884	0.3189470322551211	0.6792189679218968	0.4636929460580913	0.5	0.6567164179104478	0.8034704877086893	0.2968730726532626	0.21807287521004687	1.0	0.26682121609920956	0.3150406504065041	0.0	0.20493107104984093	0.6110517478247596	0.3513338513338513	0.0	0.26436781609195403	0.26797190255567177	0.0	0.2629165931934403
ru	0.44549763033175355	0.7770780856423174	0.0	0.5625	0.6410256410256411	0.6556411418214771	0.7139110365086025	0.6516763378465507	0.38150120358888323	0.36620905587668595	0.611799750168156	0.5303030303030303	0.7134168681761559	0.42559134153792444	0.675046719086069	0.6382909150362418	0.6632165605095541	0.8115685779237181	0.48180815876515987	0.647887323943662	0.7351190476190477	0.37676895764646207	0.7047285786638428	0.5413077608520389	0.26682121609920956	1.0	0.3802559414990859	0.0	0.3640792465086067	0.7533902561526871	0.6237913598864544	0.0	0.0	0.49406838799720865	0.0	0.6342340029523137
sh	0.43902439024390244	0.40404040404040403	0.5	0.6216216216216216	0.2542857142857143	0.38181818181818183	0.26243093922651933	0.511400651465798	0.36964285714285716	0.33584905660377357	0.28	0.5238095238095238	0.2802056555269923	0.33248081841432225	0.34134615384615385	0.3788706739526412	0.3263598326359833	0.4312977099236641	0.2553191489361702	0.75	0.6875	0.29366602687140114	0.40683760683760684	0.5267857142857143	0.3150406504065041	0.3802559414990859	1.0	0.0	0.40939597315436244	0.490234375	0.530952380952381	0.0	0.03294367693942614	0.23692307692307693	0.1839080459770115	0.459546925566343
si	0.0	0.0	0.0	0.0	0.0	0.0	0.0	0.0	0.0	0.0	0.0	0.0	0.0	0.0	0.0	0.0	0.0	0.0	0.0	0.0	0.0	0.0	0.0	0.0	0.0	0.0	0.0	0.0	0.0	0.0	0.0	0.0	0.0	0.0	0.0	0.0
simple	0.42696629213483145	0.324901185770751	0.42857142857142855	0.71875	0.38711367207962283	0.3509066487575554	0.3194029850746269	0.3258064516129032	0.4577777777777778	0.24861239592969472	0.28614850195397307	0.5641025641025641	0.3513859275053305	0.3597706641184902	0.31739855475264034	0.3885074087459342	0.35872675250357655	0.3064985451018429	0.43	0.5849056603773585	0.5405405405405406	0.2739140754806551	0.3745132743362832	0.3090760425183974	0.20493107104984093	0.3640792465086067	0.40939597315436244	0.0	1.0	0.2812706816677697	0.34167385677308026	0.0	0.0	0.3281138790035587	0.2835820895522388	0.38072018004501124
sr	0.36046511627906974	0.7937036089070898	0.6666666666666666	0.52	0.7745405647691618	0.6920989624900239	0.7869422840769545	0.6604311623132201	0.31740993493096337	0.5992821249102657	0.7146799116997793	0.6976744186046512	0.7011732229123534	0.6187874515333098	0.6859210899801306	0.7459628407709672	0.7697947214076246	0.8573918094684868	0.5642317380352645	0.6666666666666666	0.9177215189873418	0.6018052678307192	0.7373071738804853	0.6206838752933289	0.6110517478247596	0.7533902561526871	0.490234375	0.0	0.2812706816677697	1.0	0.755464480874317	0.0	0.0	0.5322346097915657	0.0	0.8096009722503544
sv	0.3793103448275862	0.7633198896200382	0.4	0.5089285714285714	0.603026936961955	0.6319849019446951	0.6411329705595089	0.544042469524184	0.3651087832393231	0.3584923618712226	0.5749097472924187	0.7115384615384616	0.6345220510656256	0.509398259114419	0.5717174743464909	0.6271038885664538	0.6133790381219487	0.8275668073136427	0.49709639953542395	0.726027397260274	0.8053691275167785	0.326844070961718	0.6352055049283988	0.5217800800565104	0.3513338513338513	0.6237913598864544	0.530952380952381	0.0	0.34167385677308026	0.755464480874317	1.0	0.0	0.030541871921182268	0.3659889094269871	0.18292682926829268	0.6873440689498752
te	0.0	0.0	0.0	0.0	0.0	0.0	0.0	0.0	0.0	0.0	0.0	0.0	0.0	0.0	0.0	0.0	0.0	0.0	0.0	0.0	0.0	0.0	0.0	0.0	0.0	0.0	0.0	0.0	0.0	0.0	0.0	0.0	0.0	0.0	0.0	0.0
tr	0.0	0.0	0.0	0.0	0.0361952861952862	0.023769100169779286	0.0	0.036554921540656204	0.05346912794398472	0.03463587921847247	0.0	0.0	0.0	0.05382674516400336	0.02478017585931255	0.0	0.0	0.0	0.0	0.0	0.0	0.03430962343096234	0.057001239157372985	0.039137833238797506	0.26436781609195403	0.0	0.03294367693942614	0.0	0.0	0.0	0.030541871921182268	0.0	1.0	0.0	0.0	0.0
vi	0.27586206896551724	0.6873522458628841	0.0	0.509090909090909	0.4552980132450331	0.4751901484969214	0.5179952909519004	0.6129865162092378	0.3781734837799718	0.313543599257885	0.4716417910447761	0.6290322580645161	0.5150709219858156	0.4459426329982839	0.4552982671369422	0.44394963144963145	0.4874662553027381	0.6170520231213873	0.5269709543568465	0.6153846153846154	0.7954545454545454	0.2907573812580231	0.4962911451089476	0.3697452229299363	0.26797190255567177	0.49406838799720865	0.23692307692307693	0.0	0.3281138790035587	0.5322346097915657	0.3659889094269871	0.0	0.0	1.0	0.0	0.5418657801786827
war	0.0	0.2765957446808511	0.0	0.0	0.22077922077922077	0.14814814814814814	0.0	0.08227848101265822	0.12790697674418605	0.07058823529411765	0.0	0.0	0.0	0.2872340425531915	0.12403100775193798	0.0	0.0	0.0	0.0	0.0	0.0	0.21739130434782608	0.17721518987341772	0.15833333333333333	0.0	0.0	0.1839080459770115	0.0	0.2835820895522388	0.0	0.18292682926829268	0.0	0.0	0.0	1.0	0.0
zh	0.3640552995391705	0.8329882677708764	0.0	0.5346534653465347	0.7143772014089017	0.6208150999103706	0.7015415718979024	0.5009574208822198	0.3509565815099095	0.2764241164241164	0.7293552812071331	0.5846153846153846	0.6743634009495036	0.4401276789785682	0.5677585451358458	0.641203104786546	0.7044501773621412	0.8827397260273973	0.592156862745098	0.6477272727272727	0.8710601719197708	0.29473362118791013	0.6313165646952187	0.5845689365984569	0.2629165931934403	0.6342340029523137	0.459546925566343	0.0	0.38072018004501124	0.8096009722503544	0.6873440689498752	0.0	0.0	0.5418657801786827	0.0	1.0
