arz	bs	ceb	ckb	da	de	el	en	es	fr	he	hi	hu	id	it	ja	ko	lv	mk	ml	mr	nl	pl	pt	ro	ru	sh	si	simple	sr	sv	te	tr	union	vi	war	zh
arz	1.0	0.021442495126705652	0.0	0.09523809523809523	0.01532033426183844	0.004574383452665076	0.017263264788017263	0.0020449194920351245	0.003998291991770506	0.004871023762124614	0.015869080089263576	0.06091370558375635	0.00807398708162067	0.01515610791148833	0.005138586110246029	0.007573605983148727	0.012957926731722925	0.021739130434782608	0.056686046511627904	0.09289617486338798	0.06666666666666667	0.004876308277830637	0.00601514400962423	0.005971337579617835	0.0152766308835673	0.0065181243764549385	0.0589171974522293	0.08108108108108109	0.03984962406015038	0.01465576005453306	0.00936183491964425	0.0070921985815602835	0.03152364273204904	0.0013681881695388914	0.016467915956842702	0.08064516129032258	0.011121532895618383
bs	0.021442495126705652	1.0	0.0033311125916055963	0.04395604395604396	0.19488636363636364	0.05300803448951597	0.13913978494623655	0.020966802562609202	0.040702130921355203	0.04429507786081075	0.17389409457398125	0.0253077975376197	0.12062096441818931	0.18432473832014296	0.05717064182618487	0.08550896024743018	0.12385726924211148	0.20952380952380953	0.12242626599888703	0.029005524861878452	0.0978120978120978	0.05486602482310637	0.07056061861364264	0.05479908853443006	0.14033798677443057	0.06629009219581873	0.09340044742729306	0.004657351962741184	0.16267942583732056	0.19289907743919485	0.13039044289044288	0.0006988120195667365	0.06134020618556701	0.013885654401490451	0.13098002786809104	0.019230769230769232	0.11354757403906743
ceb	0.0	0.0033311125916055963	1.0	0.0	0.0021586616297895305	0.0005701579337476481	0.010810810810810811	0.00011394341895367387	0.0006572101429432061	0.0006108735491753207	0.00847457627118644	0.011363636363636364	0.01090909090909091	0.002055986082555749	0.00043414768915025457	0.005847953216374269	0.006514657980456026	0.001610305958132045	0.008333333333333333	0.013888888888888888	0.03125	0.001288532064624839	0.001042535446205171	0.0010793837699931313	0.009673518742442563	0.003129890453834116	0.00249568055288923	0.0	0.003701418877236274	0.007716049382716049	0.0014781966001478197	0.0	0.0034662045060658577	0.00012926705579365	0.009523809523809525	0.0	0.005988023952095809
ckb	0.09523809523809523	0.04395604395604396	0.0	1.0	0.025420694593626926	0.0036856260583723478	0.01880473982483256	0.0012029558343357965	0.003031009559337841	0.0032634032634032634	0.0201765447667087	0.15441176470588236	0.011728028503562945	0.024231127679403542	0.004107309971924717	0.007515220700152207	0.013230074217489512	0.04837545126353791	0.08	0.21311475409836064	0.16666666666666666	0.004531902206320811	0.005466032512245333	0.004556587116249929	0.016927899686520375	0.005332977801479902	0.06980802792321117	0.16666666666666666	0.05217391304347826	0.028119507908611598	0.011985491247437313	0.011235955056179775	0.019434628975265017	0.0008636081353827046	0.021720243266724587	0.12244897959183673	0.008885298869143781
da	0.01532033426183844	0.19488636363636364	0.0021586616297895305	0.025420694593626926	1.0	0.08334519235330393	0.1954995499549955	0.03624987247934165	0.0733305713532447	0.07469624072412949	0.21828054298642535	0.01282508015675098	0.1950943396226415	0.22201797385620914	0.09573143397918016	0.13887459255446905	0.19866310160427808	0.19768451519536903	0.09800718719372754	0.01649928263988522	0.0642009769713887	0.09927960378208014	0.1161157845929655	0.08859606834859929	0.20216491563196434	0.10732315363041446	0.0711038961038961	0.0023372887450557353	0.18460631082276616	0.17631027253668763	0.2130863539445629	0.00036036036036036037	0.04988856506086062	0.02692710759198882	0.1387209089243174	0.00719165767709457	0.16636113657195234
de	0.004574383452665076	0.05300803448951597	0.0005701579337476481	0.0036856260583723478	0.08334519235330393	1.0	0.08447767958305008	0.20724029380902415	0.24642021015952523	0.280129051180525	0.11147616844053679	0.002390081163172833	0.1689575424357464	0.08626242823134014	0.3209266357339789	0.1862532018939688	0.16044908062234794	0.043541788427819986	0.01789411416740609	0.0024910322837783977	0.010734519431468045	0.22798826040554962	0.2644640343729165	0.19510025102475295	0.12367682981995838	0.2602912097788963	0.013888204875646392	0.0007411630558722919	0.046003534956794975	0.07119801655985405	0.1488333623541703	4.984299456711359e-05	0.021615215305604153	0.19468056202453035	0.07266088544043815	0.002166229620339756	0.18050541516245489
el	0.017263264788017263	0.13913978494623655	0.010810810810810811	0.01880473982483256	0.1954995499549955	0.08447767958305008	1.0	0.048630831643002026	0.07651167867277887	0.08816650148662042	0.1900197778792028	0.01027221366204417	0.15142950320687032	0.17801831806827645	0.11046986966767662	0.13437549344702351	0.17200792448432584	0.12888601036269431	0.06967803940413263	0.011076764554353425	0.04570707070707071	0.09359423056527734	0.11296526054590571	0.09866092042481145	0.1825147078943768	0.11565994202212625	0.04948601482189816	0.0670391061452514	0.1394155699308499	0.14917695473251028	0.1510840108401084	0.0002586652871184687	0.19547657512116318	0.037513584847073435	0.11628973105134474	0.06341463414634146	0.15410608232643866
en	0.0020449194920351245	0.020966802562609202	0.00011394341895367387	0.0012029558343357965	0.03624987247934165	0.20724029380902415	0.048630831643002026	1.0	0.25646248315111575	0.25270448346664215	0.04954894077102409	0.0009108720310727666	0.08429125175432733	0.04713730039579637	0.24032436417250277	0.11301458670988655	0.07964572080383803	0.01931308427216382	0.007527692993586885	0.0009798360063947192	0.0041750425235812585	0.1564747646241704	0.17111363267952667	0.15934284664380205	0.06349045446866025	0.18442311116867138	0.005481798715203426	0.0002767467604349808	0.019125870527290815	0.035385764230677845	0.07948117154811715	1.7190696395110967e-05	0.008704990318749085	0.5644600993634529	0.05032561628422381	0.0007162857328905385	0.09704726056043496
es	0.003998291991770506	0.040702130921355203	0.0006572101429432061	0.003031009559337841	0.0733305713532447	0.24642021015952523	0.07651167867277887	0.25646248315111575	1.0	0.2725771067234482	0.09783975734260561	0.001942426479157764	0.14470667089991887	0.0799581917951398	0.28548548548548547	0.1907501150483203	0.14777917640712102	0.039889430644603985	0.017480759562207526	0.0020209871745044696	0.008730066348504248	0.22810060711188204	0.24602379461490295	0.2598922696171204	0.11840416559715448	0.2449547455968689	0.014455223592161713	0.0007666611905153059	0.04075803774750087	0.06277910092289372	0.13987481328686252	3.8875714341251024e-05	0.024491128768912594	0.24960215804999225	0.06914503592902185	0.0022452220579376814	0.1692785542849075
fr	0.004871023762124614	0.04429507786081075	0.0006108735491753207	0.0032634032634032634	0.07469624072412949	0.280129051180525	0.08816650148662042	0.25270448346664215	0.2725771067234482	1.0	0.10847689582997908	0.0021185542985466717	0.15776003667061386	0.08355915065722952	0.3269785176229889	0.16498051814888234	0.13511246664125048	0.04076098293629271	0.017770665768307575	0.0020344155293718744	0.009050922009812215	0.2255438084821971	0.26747669213422637	0.22388192935995477	0.11473605597264258	0.2900906324203204	0.01400689829225204	0.000751809040503712	0.04149186105051183	0.06275393217748099	0.13363653591055524	4.240342619683671e-05	0.022273173927284638	0.22883674895202608	0.07183372337471738	0.0019734060047925574	0.15329934124827868
he	0.015869080089263576	0.17389409457398125	0.00847457627118644	0.0201765447667087	0.21828054298642535	0.11147616844053679	0.1900197778792028	0.04954894077102409	0.09783975734260561	0.10847689582997908	1.0	0.011055276381909548	0.19820527201346047	0.22106698483040738	0.12311643005959591	0.17468313292167695	0.23038680732387534	0.16313142357314672	0.08660287081339713	0.012355017650025214	0.05065805810777253	0.11192828000858922	0.1446073763727544	0.11703288140875799	0.2137595552466991	0.15904086126743333	0.06035502958579882	0.056768558951965066	0.1384143670608848	0.1808066759388039	0.21145011190952998	0.0002527805864509606	0.2301710730948678	0.03838689644465145	0.15043559427504666	0.05905511811023622	0.19942989864864866
hi	0.06091370558375635	0.0253077975376197	0.011363636363636364	0.15441176470588236	0.01282508015675098	0.002390081163172833	0.01027221366204417	0.0009108720310727666	0.001942426479157764	0.0021185542985466717	0.011055276381909548	1.0	0.005922416345869114	0.013927576601671309	0.0023380267054605914	0.004370961611554542	0.0075660012878300065	0.019957234497505347	0.04807692307692308	0.11403508771929824	0.08888888888888889	0.002203955206099595	0.002978512162257996	0.0029035012809564475	0.00895460224906289	0.0031974420463629096	0.03859649122807018	0.10714285714285714	0.025841816758026624	0.012552301255230125	0.0067684558476310405	0.014705882352941176	0.0899830220713073	0.0006598354292811675	0.013876843018213356	0.09090909090909091	0.006735821096591674
hu	0.00807398708162067	0.12062096441818931	0.01090909090909091	0.011728028503562945	0.1950943396226415	0.1689575424357464	0.15142950320687032	0.08429125175432733	0.14470667089991887	0.15776003667061386	0.19820527201346047	0.005922416345869114	1.0	0.17659599668364326	0.1929937477013608	0.196887592052244	0.21070390852001125	0.10702066511564254	0.05451398903951543	0.005930318754633061	0.03122698482839888	0.1651781284112335	0.21928487690504103	0.15651055314688647	0.24075072807679862	0.21546899485113052	0.03660280240205891	0.04059040590405904	0.10605219322598557	0.15748698704757294	0.20971179686776018	0.0001486767766874814	0.14937759336099585	0.06526548672566372	0.13499330058061634	0.04391891891891892	0.21306549918447937
id	0.01515610791148833	0.18432473832014296	0.002055986082555749	0.024231127679403542	0.22201797385620914	0.08626242823134014	0.17801831806827645	0.04713730039579637	0.0799581917951398	0.08355915065722952	0.22106698483040738	0.013927576601671309	0.17659599668364326	1.0	0.09073227657298454	0.16720585731312787	0.23055773762765122	0.17235188509874327	0.09716599190283401	0.015542430836182779	0.06416131989000917	0.09355315769293969	0.11373888387678825	0.0982010582010582	0.21518794704002436	0.11478623055249296	0.060227272727272727	0.002213088839709137	0.17228661749209695	0.17816764132553606	0.18444913675319835	0.0003117206982543641	0.05513861234492265	0.03112870672255861	0.1818990042674253	0.0066403162055335965	0.19853190287972897
it	0.005138586110246029	0.05717064182618487	0.00043414768915025457	0.004107309971924717	0.09573143397918016	0.3209266357339789	0.11046986966767662	0.24032436417250277	0.28548548548548547	0.3269785176229889	0.12311643005959591	0.0023380267054605914	0.1929937477013608	0.09073227657298454	1.0	0.19319230923614178	0.1624662672094406	0.05218235715015844	0.023032431315843833	0.0024954510007798286	0.01078223005546628	0.25020847810979846	0.30666300423795323	0.23607516219032573	0.1477142310635042	0.32215309710576145	0.01825306795916263	0.00047355958958168905	0.050777840529855726	0.0823806486433443	0.15903111675587409	5.201831044527674e-05	0.018361248722182904	0.18653935724266418	0.07960175304878049	0.0016576548131191538	0.1771804959992927
ja	0.007573605983148727	0.08550896024743018	0.005847953216374269	0.007515220700152207	0.13887459255446905	0.1862532018939688	0.13437549344702351	0.11301458670988655	0.1907501150483203	0.16498051814888234	0.17468313292167695	0.004370961611554542	0.196887592052244	0.16720585731312787	0.19319230923614178	1.0	0.2833858691473822	0.09405255878284924	0.039662447257383965	0.0047569213205213585	0.02200094831673779	0.1685099451303155	0.22304055735257527	0.1837940493775058	0.19967022613065327	0.21742037151998472	0.031334767561500325	0.03880597014925373	0.08369474946941036	0.122821786345652	0.19957234497505347	9.521995810321844e-05	0.23214285714285715	0.10190575997515913	0.13065693430656936	0.041666666666666664	0.26712425700537784
ko	0.012957926731722925	0.12385726924211148	0.006514657980456026	0.013230074217489512	0.19866310160427808	0.16044908062234794	0.17200792448432584	0.07964572080383803	0.14777917640712102	0.13511246664125048	0.23038680732387534	0.0075660012878300065	0.21070390852001125	0.23055773762765122	0.1624662672094406	0.2833858691473822	1.0	0.1259502161275898	0.06106153123532175	0.007576978881186523	0.03621794871794872	0.14889356163011916	0.17832432118146405	0.17171767028627838	0.22301516503122212	0.1874544537249846	0.04318782041323598	0.046822742474916385	0.12792109256449166	0.14526769855366659	0.2233948988566403	0.00016152479405588758	0.24028776978417266	0.06007413445117218	0.16670705112672643	0.04938271604938271	0.2840952021156026
lv	0.021739130434782608	0.20952380952380953	0.001610305958132045	0.04837545126353791	0.19768451519536903	0.043541788427819986	0.12888601036269431	0.01931308427216382	0.039889430644603985	0.04076098293629271	0.16313142357314672	0.019957234497505347	0.10702066511564254	0.17235188509874327	0.05218235715015844	0.09405255878284924	0.1259502161275898	1.0	0.12463935372186959	0.032679738562091505	0.13356401384083044	0.04915754733368074	0.07126500589827216	0.05066948163786877	0.15914668680385124	0.06741939694556846	0.08137535816618911	0.01788617886178862	0.15214506855373727	0.199371608111968	0.12903699354081033	0.0007336757153338225	0.07208029197080291	0.013225818972209284	0.09709846927119031	0.023510971786833857	0.11651598115369922
mk	0.056686046511627904	0.12242626599888703	0.008333333333333333	0.08	0.09800718719372754	0.01789411416740609	0.06967803940413263	0.007527692993586885	0.017480759562207526	0.017770665768307575	0.08660287081339713	0.04807692307692308	0.05451398903951543	0.09716599190283401	0.023032431315843833	0.039662447257383965	0.06106153123532175	0.12463935372186959	1.0	0.03531300160513644	0.10668380462724936	0.023548158640226628	0.02927548441449031	0.025040981289921427	0.07539602967716062	0.027369254105388117	0.16842105263157894	0.059322033898305086	0.11531421598535692	0.11284552845528455	0.05961685823754789	0.0017064846416382253	0.15213675213675212	0.005686228846452414	0.0785101822079314	0.07801418439716312	0.045531859217584715
ml	0.09289617486338798	0.029005524861878452	0.013888888888888888	0.21311475409836064	0.01649928263988522	0.0024910322837783977	0.011076764554353425	0.0009798360063947192	0.0020209871745044696	0.0020344155293718744	0.012355017650025214	0.11403508771929824	0.005930318754633061	0.015542430836182779	0.0024954510007798286	0.0047569213205213585	0.007576978881186523	0.032679738562091505	0.03531300160513644	1.0	0.12837837837837837	0.002384358607534573	0.0034076387902882295	0.0028478669476562054	0.010025062656641603	0.003333111125924938	0.02640845070422535	0.08450704225352113	0.030087094220110848	0.01685985247629083	0.007890168849613381	0.01694915254237288	0.07560137457044673	0.0005725042695233659	0.011274934952298352	0.08333333333333333	0.007151531507218999
mr	0.06666666666666667	0.0978120978120978	0.03125	0.16666666666666666	0.0642009769713887	0.010734519431468045	0.04570707070707071	0.0041750425235812585	0.008730066348504248	0.009050922009812215	0.05065805810777253	0.08888888888888889	0.03122698482839888	0.06416131989000917	0.01078223005546628	0.02200094831673779	0.03621794871794872	0.13356401384083044	0.10668380462724936	0.12837837837837837	1.0	0.011581635683316506	0.014421037749187049	0.013073381458534645	0.04466501240694789	0.015295604176364967	0.06108897742363878	0.07692307692307693	0.12537091988130564	0.06943966998968717	0.02978789769182782	0.0036363636363636364	0.059931506849315065	0.002668452103710604	0.04472573839662447	0.07777777777777778	0.030181086519114688
nl	0.004876308277830637	0.05486602482310637	0.001288532064624839	0.004531902206320811	0.09927960378208014	0.22798826040554962	0.09359423056527734	0.1564747646241704	0.22810060711188204	0.2255438084821971	0.11192828000858922	0.002203955206099595	0.1651781284112335	0.09355315769293969	0.25020847810979846	0.1685099451303155	0.14889356163011916	0.04915754733368074	0.023548158640226628	0.002384358607534573	0.011581635683316506	1.0	0.22729082079452273	0.24225964149918522	0.13581939975737117	0.2220083907470844	0.017008003766478343	0.0013872374157748713	0.05603144801689744	0.07048024913948533	0.15546323639821813	5.967655308229397e-05	0.03226118969192017	0.16260091600683124	0.06885419423127812	0.004162124665543554	0.15812682739778555
pl	0.00601514400962423	0.07056061861364264	0.001042535446205171	0.005466032512245333	0.1161157845929655	0.2644640343729165	0.11296526054590571	0.17111363267952667	0.24602379461490295	0.26747669213422637	0.1446073763727544	0.002978512162257996	0.21928487690504103	0.11373888387678825	0.30666300423795323	0.22304055735257527	0.17832432118146405	0.07126500589827216	0.02927548441449031	0.0034076387902882295	0.014421037749187049	0.22729082079452273	1.0	0.20970888642362573	0.17663213082012233	0.3051501953212698	0.02470695585035446	0.0013551548003752736	0.0655304347826087	0.11307839136444416	0.1899568412457716	7.104795737122558e-05	0.03474628082331364	0.13657623039900638	0.08789365799117958	0.0038557732388495207	0.20816693852297655
pt	0.005971337579617835	0.05479908853443006	0.0010793837699931313	0.004556587116249929	0.08859606834859929	0.19510025102475295	0.09866092042481145	0.15934284664380205	0.2598922696171204	0.22388192935995477	0.11703288140875799	0.0029035012809564475	0.15651055314688647	0.0982010582010582	0.23607516219032573	0.1837940493775058	0.17171767028627838	0.05066948163786877	0.025040981289921427	0.0028478669476562054	0.013073381458534645	0.24225964149918522	0.20970888642362573	1.0	0.130551476173596	0.210475411055725	0.0186573473874077	0.0013736263736263737	0.05396006282252636	0.06918436926304747	0.1586354151501917	5.6986551173922956e-05	0.041444756463639	0.17027635460332247	0.07454815421637397	0.004318382569437629	0.17337534091977805
ro	0.0152766308835673	0.14033798677443057	0.009673518742442563	0.016927899686520375	0.20216491563196434	0.12367682981995838	0.1825147078943768	0.06349045446866025	0.11840416559715448	0.11473605597264258	0.2137595552466991	0.00895460224906289	0.24075072807679862	0.21518794704002436	0.1477142310635042	0.19967022613065327	0.22301516503122212	0.15914668680385124	0.07539602967716062	0.010025062656641603	0.04466501240694789	0.13581939975737117	0.17663213082012233	0.130551476173596	1.0	0.16008450208321107	0.05492537313432836	0.014510278113663845	0.13054094665664914	0.17720736044533786	0.2001513022803415	0.00020933640360058616	0.14050944946589974	0.04635343890700202	0.13590488040923546	0.03218116805721097	0.22076360356749172
ru	0.0065181243764549385	0.06629009219581873	0.003129890453834116	0.005332977801479902	0.10732315363041446	0.2602912097788963	0.11565994202212625	0.18442311116867138	0.2449547455968689	0.2900906324203204	0.15904086126743333	0.0031974420463629096	0.21546899485113052	0.11478623055249296	0.32215309710576145	0.21742037151998472	0.1874544537249846	0.06741939694556846	0.027369254105388117	0.003333111125924938	0.015295604176364967	0.2220083907470844	0.3051501953212698	0.210475411055725	0.16008450208321107	1.0	0.022134387351778657	0.027070063694267517	0.06480388298570117	0.09327282762004048	0.18149071765031866	6.670224119530417e-05	0.278372591006424	0.1454743052321068	0.09930812358344268	0.024390243902439025	0.214587852494577
sh	0.0589171974522293	0.09340044742729306	0.00249568055288923	0.06980802792321117	0.0711038961038961	0.013888204875646392	0.04948601482189816	0.005481798715203426	0.014455223592161713	0.01400689829225204	0.06035502958579882	0.03859649122807018	0.03660280240205891	0.060227272727272727	0.01825306795916263	0.031334767561500325	0.04318782041323598	0.08137535816618911	0.16842105263157894	0.02640845070422535	0.06108897742363878	0.017008003766478343	0.02470695585035446	0.0186573473874077	0.05492537313432836	0.022134387351778657	1.0	0.002686108979278588	0.08877928483353884	0.09732201175702156	0.04070473876063183	0.0019083969465648854	0.057111477210323995	0.005084614190343115	0.06132833422603107	0.0076731248801074235	0.022041763341067284
si	0.08108108108108109	0.004657351962741184	0.0	0.16666666666666666	0.0023372887450557353	0.0007411630558722919	0.0670391061452514	0.0002767467604349808	0.0007666611905153059	0.000751809040503712	0.056768558951965066	0.10714285714285714	0.04059040590405904	0.002213088839709137	0.00047355958958168905	0.03880597014925373	0.046822742474916385	0.01788617886178862	0.059322033898305086	0.08450704225352113	0.07692307692307693	0.0013872374157748713	0.0013551548003752736	0.0013736263736263737	0.014510278113663845	0.027070063694267517	0.002686108979278588	1.0	0.0074119827053736875	0.020186335403726708	0.0020694752402069475	0.0625	0.019230769230769232	0.00016904153449938847	0.06930693069306931	0.10909090909090909	0.04294478527607362
simple	0.03984962406015038	0.16267942583732056	0.003701418877236274	0.05217391304347826	0.18460631082276616	0.046003534956794975	0.1394155699308499	0.019125870527290815	0.04075803774750087	0.04149186105051183	0.1384143670608848	0.025841816758026624	0.10605219322598557	0.17228661749209695	0.050777840529855726	0.08369474946941036	0.12792109256449166	0.15214506855373727	0.11531421598535692	0.030087094220110848	0.12537091988130564	0.05603144801689744	0.0655304347826087	0.05396006282252636	0.13054094665664914	0.06480388298570117	0.08877928483353884	0.0074119827053736875	1.0	0.1249655172413793	0.112417340191036	0.0008051529790660225	0.07283464566929133	0.012051700046576618	0.10819128787878787	0.02282541640962369	0.10773763771457853
sr	0.01465576005453306	0.19289907743919485	0.007716049382716049	0.028119507908611598	0.17631027253668763	0.07119801655985405	0.14917695473251028	0.035385764230677845	0.06277910092289372	0.06275393217748099	0.1808066759388039	0.012552301255230125	0.15748698704757294	0.17816764132553606	0.0823806486433443	0.122821786345652	0.14526769855366659	0.199371608111968	0.11284552845528455	0.01685985247629083	0.06943966998968717	0.07048024913948533	0.11307839136444416	0.06918436926304747	0.17720736044533786	0.09327282762004048	0.09732201175702156	0.020186335403726708	0.1249655172413793	1.0	0.14051026757934038	0.0003526093088857546	0.2157258064516129	0.02751901878590281	0.1030058006679557	0.03636363636363636	0.12489015817223198
sv	0.00936183491964425	0.13039044289044288	0.0014781966001478197	0.011985491247437313	0.2130863539445629	0.1488333623541703	0.1510840108401084	0.07948117154811715	0.13987481328686252	0.13363653591055524	0.21145011190952998	0.0067684558476310405	0.20971179686776018	0.18444913675319835	0.15903111675587409	0.19957234497505347	0.2233948988566403	0.12903699354081033	0.05961685823754789	0.007890168849613381	0.02978789769182782	0.15546323639821813	0.1899568412457716	0.1586354151501917	0.2001513022803415	0.18149071765031866	0.04070473876063183	0.0020694752402069475	0.112417340191036	0.14051026757934038	1.0	0.00015802781289506955	0.047006715245035004	0.06140350877192982	0.12574919317657907	0.0056146572104018916	0.22813450187801823
te	0.0070921985815602835	0.0006988120195667365	0.0	0.011235955056179775	0.00036036036036036037	4.984299456711359e-05	0.0002586652871184687	1.7190696395110967e-05	3.8875714341251024e-05	4.240342619683671e-05	0.0002527805864509606	0.014705882352941176	0.0001486767766874814	0.0003117206982543641	5.201831044527674e-05	9.521995810321844e-05	0.00016152479405588758	0.0007336757153338225	0.0017064846416382253	0.01694915254237288	0.0036363636363636364	5.967655308229397e-05	7.104795737122558e-05	5.6986551173922956e-05	0.00020933640360058616	6.670224119530417e-05	0.0019083969465648854	0.0625	0.0008051529790660225	0.0003526093088857546	0.00015802781289506955	1.0	0.0156794425087108	9.703462195311287e-06	0.0002907822041291073	0.03389830508474576	0.0001350438892640108
tr	0.03152364273204904	0.06134020618556701	0.0034662045060658577	0.019434628975265017	0.04988856506086062	0.021615215305604153	0.19547657512116318	0.008704990318749085	0.024491128768912594	0.022273173927284638	0.2301710730948678	0.0899830220713073	0.14937759336099585	0.05513861234492265	0.018361248722182904	0.23214285714285715	0.24028776978417266	0.07208029197080291	0.15213675213675212	0.07560137457044673	0.059931506849315065	0.03226118969192017	0.03474628082331364	0.041444756463639	0.14050944946589974	0.278372591006424	0.057111477210323995	0.019230769230769232	0.07283464566929133	0.2157258064516129	0.047006715245035004	0.0156794425087108	1.0	0.005628088736861992	0.2028301886792453	0.042735042735042736	0.24509803921568626
union	0.0013681881695388914	0.013885654401490451	0.00012926705579365	0.0008636081353827046	0.02692710759198882	0.19468056202453035	0.037513584847073435	0.5644600993634529	0.24960215804999225	0.22883674895202608	0.03838689644465145	0.0006598354292811675	0.06526548672566372	0.03112870672255861	0.18653935724266418	0.10190575997515913	0.06007413445117218	0.013225818972209284	0.005686228846452414	0.0005725042695233659	0.002668452103710604	0.16260091600683124	0.13657623039900638	0.17027635460332247	0.04635343890700202	0.1454743052321068	0.005084614190343115	0.00016904153449938847	0.012051700046576618	0.02751901878590281	0.06140350877192982	9.703462195311287e-06	0.005628088736861992	1.0	0.033370206489675515	0.0004375192657631231	0.07185413755628008
vi	0.016467915956842702	0.13098002786809104	0.009523809523809525	0.021720243266724587	0.1387209089243174	0.07266088544043815	0.11628973105134474	0.05032561628422381	0.06914503592902185	0.07183372337471738	0.15043559427504666	0.013876843018213356	0.13499330058061634	0.1818990042674253	0.07960175304878049	0.13065693430656936	0.16670705112672643	0.09709846927119031	0.0785101822079314	0.011274934952298352	0.04472573839662447	0.06885419423127812	0.08789365799117958	0.07454815421637397	0.13590488040923546	0.09930812358344268	0.06132833422603107	0.06930693069306931	0.10819128787878787	0.1030058006679557	0.12574919317657907	0.0002907822041291073	0.2028301886792453	0.033370206489675515	1.0	0.07048458149779736	0.15275858403316678
war	0.08064516129032258	0.019230769230769232	0.0	0.12244897959183673	0.00719165767709457	0.002166229620339756	0.06341463414634146	0.0007162857328905385	0.0022452220579376814	0.0019734060047925574	0.05905511811023622	0.09090909090909091	0.04391891891891892	0.0066403162055335965	0.0016576548131191538	0.041666666666666664	0.04938271604938271	0.023510971786833857	0.07801418439716312	0.08333333333333333	0.07777777777777778	0.004162124665543554	0.0038557732388495207	0.004318382569437629	0.03218116805721097	0.024390243902439025	0.0076731248801074235	0.10909090909090909	0.02282541640962369	0.03636363636363636	0.0056146572104018916	0.03389830508474576	0.042735042735042736	0.0004375192657631231	0.07048458149779736	1.0	0.045584045584045586
zh	0.011121532895618383	0.11354757403906743	0.005988023952095809	0.008885298869143781	0.16636113657195234	0.18050541516245489	0.15410608232643866	0.09704726056043496	0.1692785542849075	0.15329934124827868	0.19942989864864866	0.006735821096591674	0.21306549918447937	0.19853190287972897	0.1771804959992927	0.26712425700537784	0.2840952021156026	0.11651598115369922	0.045531859217584715	0.007151531507218999	0.030181086519114688	0.15812682739778555	0.20816693852297655	0.17337534091977805	0.22076360356749172	0.214587852494577	0.022041763341067284	0.04294478527607362	0.10773763771457853	0.12489015817223198	0.22813450187801823	0.0001350438892640108	0.24509803921568626	0.07185413755628008	0.15275858403316678	0.045584045584045586	1.0
