arz	bs	ceb	ckb	da	de	el	en	es	fr	he	hi	hu	id	it	ja	ko	lv	mk	ml	mr	nl	pl	pt	ro	ru	sh	si	simple	sr	sv	te	tr	vi	war	zh
arz	1.0	0.2694684915698873	1.0	1.0	0.30225299898724517	0.16369887054975638	0.4880006004746737	0.16371344300574905	0.5337877022739059	0.39156255897905085	1.0	1.0	0.2792055436261518	0.5699603363518921	0.157317377520542	1.0	1.0	0.6609946268048936	1.0	1.0	0.6671857844806968	0.18936927715833854	0.4656194910753441	0.25086124766305523	0.2894128468725659	1.0	0.21659374706681309	1.0	0.3285733428996859	0.7539251250270407	0.16045293372987923	1.0	0.26672763612329353	0.5080168529359093	0.7199285383279773	1.0
bs	0.2694684915698873	1.0	0.3660910258237363	0.6216387126951446	0.3248515333093204	0.30931148918207224	0.3725656448087613	0.29846574347561644	0.17573214654819327	0.36115300194518496	0.17566315866616175	0.2605555280755117	0.3259769479662787	0.3077646027216593	0.307604222211057	0.1634297825031583	0.18086642247929455	0.5165230715017306	0.23850118732763814	0.2473001709550809	0.8340000299366709	0.3119053361356863	0.416606406061843	0.32048998758803776	0.3395810487645688	0.2303083843326756	0.3300675451146995	0.4377367103295498	0.32139331137510885	0.3297670273327881	0.3062854119242383	0.7455134344225701	0.32596337634111616	0.45209668171168815	0.39842342482723725	0.1634297825031583
ceb	1.0	0.3660910258237363	1.0	0.7300208629885034	0.25321453595169663	0.1291031564127802	0.698083455920926	0.15103674432323616	0.19596389446701395	0.15514749525903554	0.6960895677582511	0.7101264857596847	0.23282082043007205	0.20417668092844626	0.15479105106819857	0.6949853100792218	0.6987033643220854	0.3552169365369014	1.0	1.0	1.0	0.17906343248493142	0.17630458714674382	0.1992098111643631	0.2399196365475358	0.14242028607265067	0.20797250619945454	1.0	0.29114256329105875	0.2159656837324908	0.17917164636480779	1.0	0.21402448080964262	0.26158533875624207	0.233704024430634	0.6942947212438486
ckb	1.0	0.6216387126951446	0.7300208629885034	1.0	0.38752813228373534	0.3439989557731789	0.5733837589703268	0.2248168614446535	0.6302017627701828	0.5535261107264399	1.0	1.0	0.30716713009446084	0.640772307917945	0.24689068541655843	1.0	1.0	0.6381159177078184	1.0	1.0	0.6377533796582384	0.27939323359384055	0.5792670698041349	0.3727848698086015	0.2771645244414197	1.0	0.3003702461457788	1.0	0.3294686777975704	1.0	0.2767375339829953	1.0	0.29755127068992193	0.613692296791508	1.0	1.0
da	0.30225299898724517	0.3248515333093204	0.25321453595169663	0.38752813228373534	1.0	0.2261463443051674	0.2612024354496223	0.1826355851210878	0.1719230803406133	0.19376402826778813	0.12962940743835688	0.15152099870281469	0.2336444936210426	0.27129581098197425	0.2070502279672147	0.11807462938621471	0.13423905367550967	0.4836451211029564	0.185824632963911	0.15388878600683878	0.8097444772692703	0.20406622725285067	0.2644479231639965	0.19135177704199388	0.2606400034446416	0.1322659287793991	0.20802220168515828	0.3134407752846615	0.25156824853382814	0.19473339456717398	0.18537211803485756	0.2281946236182929	0.18689138691901436	0.3294321932947807	0.21378421264827602	0.12259508226290708
de	0.16369887054975638	0.30931148918207224	0.1291031564127802	0.3439989557731789	0.2261463443051674	1.0	0.20056703892683683	0.08269184728216258	0.08462072906181259	0.09864451854920529	0.2194665774723513	0.14283699072642553	0.15588754648735909	0.21447008353995045	0.14576036376548376	0.1687333575426297	0.09796385348563787	0.4148306790827168	0.13064853889375544	0.7537709763920472	0.732530039052308	0.10791989088509427	0.17996625980540662	0.12352393160673324	0.11094617007725999	0.07984654010370752	0.5298623109624413	0.3451270162534927	0.2043685079349122	0.1523863172098372	0.1158507391574584	0.3346172394322724	0.1445411942692665	0.25193111192233175	0.15776259003861504	0.07732749570537743
el	0.4880006004746737	0.3725656448087613	0.698083455920926	0.5733837589703268	0.2612024354496223	0.20056703892683683	1.0	0.20827366342772416	0.12505184914117448	0.14776561761346396	0.24759047389158556	0.7945350766382968	0.23702378350136907	0.21772354369042765	0.210634581088508	0.2108818766628293	0.22372584793742958	0.4387756991943958	0.47618040691150004	0.6528148605511587	0.7903741745127467	0.16496616326902203	0.23535667571748412	0.17541904310368428	0.15846185001654783	0.2596548291150945	0.5502429662136097	1.0	0.22236892603310818	0.3811197962967603	0.23564291530211712	1.0	0.13730751888840248	0.2959547321613773	0.7026445955663433	0.21989546151439704
en	0.16371344300574905	0.29846574347561644	0.15103674432323616	0.2248168614446535	0.1826355851210878	0.08269184728216258	0.20827366342772416	1.0	0.08863837387660872	0.09760053288844622	0.08982538908219267	0.11302990441137442	0.16338035461676811	0.22782656095132353	0.1029902118362874	0.08145940780529484	0.09573181065253321	0.4050133252900319	0.13570846508358017	0.13082002834621445	0.7383561351220815	0.11820183737410501	0.17560927836371487	0.12726109369126984	0.17973220430507877	0.0742662387279955	0.14878969580308946	0.24659147017148744	0.22473286899081807	0.14416626957876746	0.1246248025626064	0.22096576356476852	0.16117966735047884	0.23350254227234093	0.14985816174241318	0.07682263862306431
es	0.5337877022739059	0.17573214654819327	0.19596389446701395	0.6302017627701828	0.1719230803406133	0.08462072906181259	0.12505184914117448	0.08863837387660872	1.0	0.06869434819236364	0.17869824458294742	0.7783509028564961	0.08970247045162485	0.21715124494731913	0.08050380586444056	0.11976962928920377	0.13161514579798378	0.2154573941111721	0.4887747919003237	0.7324992691611697	0.7079249305675019	0.07639172512813079	0.09799225414964224	0.10584447496866249	0.06848242758531328	0.11137136362999128	0.609831948020054	0.3380419654739595	0.29593385033015457	0.20672333047558236	0.14962476295007426	1.0	0.1471515654243464	0.2112760361081777	0.2761486735642987	0.11122350195849906
fr	0.39156255897905085	0.36115300194518496	0.15514749525903554	0.5535261107264399	0.19376402826778813	0.09864451854920529	0.14776561761346396	0.09760053288844622	0.06869434819236364	1.0	0.17852880139464675	0.774510961504415	0.11359327090966008	0.16853291986909213	0.09640015121675012	0.11970393658060136	0.13726796429879715	0.359896921304548	0.45310483899340204	0.7055745394421474	0.7201381728611109	0.16191808355747744	0.11562901841014488	0.09446187459803551	0.2434473439896337	0.11883849038025453	0.6169389546447682	0.3380419654739595	0.1800374379932293	0.28182538461357104	0.14793128190156457	1.0	0.16266775883441298	0.1798121106055198	0.16519624858683324	0.11058651298345407
he	1.0	0.17566315866616175	0.6960895677582511	1.0	0.12962940743835688	0.2194665774723513	0.24759047389158556	0.08982538908219267	0.17869824458294742	0.17852880139464675	1.0	1.0	0.15235714563409475	0.25229646994771243	0.0825765690239533	1.0	1.0	0.419986721780187	1.0	1.0	0.8401425823620029	0.0871617889293235	0.26760187487753306	0.1130494801216583	0.1428150073049923	0.7395481416038076	0.12417809196420025	1.0	0.1842110687258145	0.7272626280929518	0.08562415326089937	1.0	0.1539701050701078	0.3552634515460373	0.7014961547481128	1.0
hi	1.0	0.2605555280755117	0.7101264857596847	1.0	0.15152099870281469	0.14283699072642553	0.7945350766382968	0.11302990441137442	0.7783509028564961	0.774510961504415	1.0	1.0	0.2720173283827477	0.8062349567445535	0.14547976846433688	1.0	1.0	0.845044618511409	1.0	1.0	0.8754511825571748	0.16299068311788453	0.8394303260439421	0.1605677681470906	0.2026373887033362	1.0	0.19880971831819977	1.0	0.3602912402672977	1.0	0.13748709539669218	1.0	0.22954095403987515	0.8171690671595405	1.0	1.0
hu	0.2792055436261518	0.3259769479662787	0.23282082043007205	0.30716713009446084	0.2336444936210426	0.15588754648735909	0.23702378350136907	0.16338035461676811	0.08970247045162485	0.11359327090966008	0.15235714563409475	0.2720173283827477	1.0	0.23421740826630275	0.17244840640186387	0.1377769196954267	0.16533443399630549	0.3939179282227354	0.24980352201551048	0.2007521674940643	0.7788390865806275	0.17379606399866607	0.22132370367187712	0.18776845542966664	0.22714924678558407	0.1373642785461326	0.18737896063262788	0.6667969795412325	0.2503394336194198	0.21377884359829893	0.16719052966421472	0.5608920877281	0.1911118349285427	0.25823822652387357	0.16133673860804323	0.14513891072100166
id	0.5699603363518921	0.3077646027216593	0.20417668092844626	0.640772307917945	0.27129581098197425	0.21447008353995045	0.21772354369042765	0.22782656095132353	0.21715124494731913	0.16853291986909213	0.25229646994771243	0.8062349567445535	0.23421740826630275	1.0	0.19978020474573674	0.21301842971462398	0.23076720147883548	0.3476217921925311	0.5124848107169364	0.7647005531145418	0.816756169766703	0.1754548627306746	0.2112311948627817	0.21992566054996712	0.18022854938615543	0.20466931442139427	0.6061100290387206	0.2879182900982117	0.2780083324272988	0.2915568407108052	0.2521274791398573	1.0	0.18743102521025257	0.32587246722099245	0.21350314026435716	0.18960657609434198
it	0.157317377520542	0.307604222211057	0.15479105106819857	0.24689068541655843	0.2070502279672147	0.14576036376548376	0.210634581088508	0.1029902118362874	0.08050380586444056	0.09640015121675012	0.0825765690239533	0.14547976846433688	0.17244840640186387	0.19978020474573674	1.0	0.0802023495499122	0.09677528408092888	0.43572997661172735	0.13975209623953516	0.1267238105594241	0.7704901366059641	0.13333888721500106	0.18490398377267536	0.13196516658639348	0.19251768325114219	0.07999860329152725	0.15633536147744337	0.2894866813340803	0.2125282320107203	0.14430717819447583	0.1267168198736788	0.43869619474443033	0.15207847041351452	0.21015353939949022	0.15371302698815267	0.07825834909369755
ja	1.0	0.1634297825031583	0.6949853100792218	1.0	0.11807462938621471	0.1687333575426297	0.2108818766628293	0.08145940780529484	0.11976962928920377	0.11970393658060136	1.0	1.0	0.1377769196954267	0.21301842971462398	0.0802023495499122	1.0	1.0	0.4699152348379456	1.0	1.0	0.8011796198228546	0.0845625405196562	0.19420448073039262	0.10432707816086334	0.137024598051213	0.6855325295175884	0.11277925517409951	1.0	0.19545146299403313	0.7269009620310654	0.08358469229039438	1.0	0.1420600383232749	0.26409619853614763	0.7004695573767585	1.0
ko	1.0	0.18086642247929455	0.6987033643220854	1.0	0.13423905367550967	0.09796385348563787	0.22372584793742958	0.09573181065253321	0.13161514579798378	0.13726796429879715	1.0	1.0	0.16533443399630549	0.23076720147883548	0.09677528408092888	1.0	1.0	0.4859752695140406	1.0	1.0	0.8152044727785063	0.10475728484171742	0.21244391757678505	0.11953301323595034	0.15171220652238906	1.0	0.13422189840282778	1.0	0.2204772726604669	1.0	0.09770281121739353	1.0	0.16953430736017291	0.2937828962869559	0.7028911840705586	1.0
lv	0.6609946268048936	0.5165230715017306	0.3552169365369014	0.6381159177078184	0.4836451211029564	0.4148306790827168	0.4387756991943958	0.4050133252900319	0.2154573941111721	0.359896921304548	0.419986721780187	0.845044618511409	0.3939179282227354	0.3476217921925311	0.43572997661172735	0.4699152348379456	0.4859752695140406	1.0	0.5832800769893335	0.7911899081554966	0.9145653257004015	0.39274979118195663	0.449587107157083	0.38410011273745065	0.3474435930070383	0.4594676454393439	0.602107552536294	1.0	0.30315492915598324	0.45192128409142535	0.43433959400135963	1.0	0.2851061477975141	0.431996815846587	0.2679554175121893	0.42562224264527937
mk	1.0	0.23850118732763814	1.0	1.0	0.185824632963911	0.13064853889375544	0.47618040691150004	0.13570846508358017	0.4887747919003237	0.45310483899340204	1.0	1.0	0.24980352201551048	0.5124848107169364	0.13975209623953516	1.0	1.0	0.5832800769893335	1.0	1.0	0.7142194789283879	0.16208863981933405	0.4795203842396064	0.17115022768868057	0.18103813195781907	1.0	0.2046611322113252	1.0	0.2547594609935835	0.6995439823419699	0.13546596413332856	1.0	0.20354356097492166	0.5853865670230948	1.0	1.0
ml	1.0	0.2473001709550809	1.0	1.0	0.15388878600683878	0.7537709763920472	0.6528148605511587	0.13082002834621445	0.7324992691611697	0.7055745394421474	1.0	1.0	0.2007521674940643	0.7647005531145418	0.1267238105594241	1.0	1.0	0.7911899081554966	1.0	1.0	0.7143055996976859	0.12955482760615986	0.5787754846052167	0.14408956499803127	0.182514515431489	1.0	0.17991800168241223	1.0	0.37478876926299615	1.0	0.13979430508120963	1.0	0.21882021779419877	0.726169491692372	1.0	1.0
mr	0.6671857844806968	0.8340000299366709	1.0	0.6377533796582384	0.8097444772692703	0.732530039052308	0.7903741745127467	0.7383561351220815	0.7079249305675019	0.7201381728611109	0.8401425823620029	0.8754511825571748	0.7788390865806275	0.816756169766703	0.7704901366059641	0.8011796198228546	0.8152044727785063	0.9145653257004015	0.7142194789283879	0.7143055996976859	1.0	0.7409959784464646	0.7214083931347056	0.7558743025648742	0.6949081615088684	0.8084054003533429	0.8373917350092971	1.0	0.5964443094806061	0.8354001105195826	0.8098339910017172	1.0	0.2517483577359738	0.7740525104101558	0.7199285383279773	0.8531660568795627
nl	0.18936927715833854	0.3119053361356863	0.17906343248493142	0.27939323359384055	0.20406622725285067	0.10791989088509427	0.16496616326902203	0.11820183737410501	0.07639172512813079	0.16191808355747744	0.0871617889293235	0.16299068311788453	0.17379606399866607	0.1754548627306746	0.13333888721500106	0.0845625405196562	0.10475728484171742	0.39274979118195663	0.16208863981933405	0.12955482760615986	0.7409959784464646	1.0	0.12433152845011029	0.14074408544454212	0.1851637791748901	0.0853618973481325	0.1551381098645007	0.29202018832742366	0.22885779463748793	0.14070992272754737	0.14366262245341319	0.3867016824360898	0.1545015538929812	0.1658700125305669	0.1447526121966409	0.08171514643786729
pl	0.4656194910753441	0.416606406061843	0.17630458714674382	0.5792670698041349	0.2644479231639965	0.17996625980540662	0.23535667571748412	0.17560927836371487	0.09799225414964224	0.11562901841014488	0.26760187487753306	0.8394303260439421	0.22132370367187712	0.2112311948627817	0.18490398377267536	0.19420448073039262	0.21244391757678505	0.449587107157083	0.4795203842396064	0.5787754846052167	0.7214083931347056	0.12433152845011029	1.0	0.14378771343085206	0.1232845259908742	0.20214965248831346	0.6102785844859927	0.6638546162332061	0.2390823583106717	0.3564017311937653	0.22228798542007827	1.0	0.1615142403228928	0.2664896620340838	0.2974175250145336	0.15364113073605085
pt	0.25086124766305523	0.32048998758803776	0.1992098111643631	0.3727848698086015	0.19135177704199388	0.12352393160673324	0.17541904310368428	0.12726109369126984	0.10584447496866249	0.09446187459803551	0.1130494801216583	0.1605677681470906	0.18776845542966664	0.21992566054996712	0.13196516658639348	0.10432707816086334	0.11953301323595034	0.38410011273745065	0.17115022768868057	0.14408956499803127	0.7558743025648742	0.14074408544454212	0.14378771343085206	1.0	0.1954051530914271	0.10403203533256115	0.16515150909835294	0.2787109281704016	0.24554957845241615	0.1758824565176452	0.14612397279682385	0.22892150070350173	0.17802319893185373	0.24658758128409305	0.17836341617434956	0.10449396292226418
ro	0.2894128468725659	0.3395810487645688	0.2399196365475358	0.2771645244414197	0.2606400034446416	0.11094617007725999	0.15846185001654783	0.17973220430507877	0.06848242758531328	0.2434473439896337	0.1428150073049923	0.2026373887033362	0.22714924678558407	0.18022854938615543	0.19251768325114219	0.137024598051213	0.15171220652238906	0.3474435930070383	0.18103813195781907	0.182514515431489	0.6949081615088684	0.1851637791748901	0.1232845259908742	0.1954051530914271	1.0	0.14582574210825416	0.20594465312564356	0.34489975001608897	0.2587967455743112	0.18293294213575137	0.18307427652610606	0.6638546162332061	0.20523694159059827	0.18452813597689638	0.19565768868050928	0.14125671394979267
ru	1.0	0.2303083843326756	0.14242028607265067	1.0	0.1322659287793991	0.07984654010370752	0.2596548291150945	0.0742662387279955	0.11137136362999128	0.11883849038025453	0.7395481416038076	1.0	0.1373642785461326	0.20466931442139427	0.07999860329152725	0.6855325295175884	1.0	0.4594676454393439	1.0	1.0	0.8084054003533429	0.0853618973481325	0.20214965248831346	0.10403203533256115	0.14582574210825416	1.0	0.10822310175631128	1.0	0.15943862777631757	0.47377708382111855	0.08718761664337302	1.0	0.1214992986891768	0.26373867883653923	0.17095261710197082	0.6860257022510374
sh	0.21659374706681309	0.3300675451146995	0.20797250619945454	0.3003702461457788	0.20802220168515828	0.5298623109624413	0.5502429662136097	0.14878969580308946	0.609831948020054	0.6169389546447682	0.12417809196420025	0.19880971831819977	0.18737896063262788	0.6061100290387206	0.15633536147744337	0.11277925517409951	0.13422189840282778	0.602107552536294	0.2046611322113252	0.17991800168241223	0.8373917350092971	0.1551381098645007	0.6102785844859927	0.16515150909835294	0.20594465312564356	0.10822310175631128	1.0	0.5873476023105646	0.24463564632303805	0.15082137629891568	0.1678275947158584	0.3115568666855025	0.18101121418199675	0.7159146922478754	0.17309067265395983	0.1155143799549275
si	1.0	0.4377367103295498	1.0	1.0	0.3134407752846615	0.3451270162534927	1.0	0.24659147017148744	0.3380419654739595	0.3380419654739595	1.0	1.0	0.6667969795412325	0.2879182900982117	0.2894866813340803	1.0	1.0	1.0	1.0	1.0	1.0	0.29202018832742366	0.6638546162332061	0.2787109281704016	0.34489975001608897	1.0	0.5873476023105646	1.0	0.7322034805959264	1.0	0.8092952958375723	1.0	0.3960177441387637	0.6964150026889473	1.0	1.0
simple	0.3285733428996859	0.32139331137510885	0.29114256329105875	0.3294686777975704	0.25156824853382814	0.2043685079349122	0.22236892603310818	0.22473286899081807	0.29593385033015457	0.1800374379932293	0.1842110687258145	0.3602912402672977	0.2503394336194198	0.2780083324272988	0.2125282320107203	0.19545146299403313	0.2204772726604669	0.30315492915598324	0.2547594609935835	0.37478876926299615	0.5964443094806061	0.22885779463748793	0.2390823583106717	0.24554957845241615	0.2587967455743112	0.15943862777631757	0.24463564632303805	0.7322034805959264	1.0	0.2062243186180923	0.24643554737383463	0.8020741577154187	0.2632091515071796	0.3091583566050671	0.2700135042394859	0.1949768882184966
sr	0.7539251250270407	0.3297670273327881	0.2159656837324908	1.0	0.19473339456717398	0.1523863172098372	0.3811197962967603	0.14416626957876746	0.20672333047558236	0.28182538461357104	0.7272626280929518	1.0	0.21377884359829893	0.2915568407108052	0.14430717819447583	0.7269009620310654	1.0	0.45192128409142535	0.6995439823419699	1.0	0.8354001105195826	0.14070992272754737	0.3564017311937653	0.1758824565176452	0.18293294213575137	0.47377708382111855	0.15082137629891568	1.0	0.2062243186180923	1.0	0.1415157351083821	1.0	0.16829988366305396	0.44853441882866885	0.18504743287893313	0.6314966070213374
sv	0.16045293372987923	0.3062854119242383	0.17917164636480779	0.2767375339829953	0.18537211803485756	0.1158507391574584	0.23564291530211712	0.1246248025626064	0.14962476295007426	0.14793128190156457	0.08562415326089937	0.13748709539669218	0.16719052966421472	0.2521274791398573	0.1267168198736788	0.08358469229039438	0.09770281121739353	0.43433959400135963	0.13546596413332856	0.13979430508120963	0.8098339910017172	0.14366262245341319	0.22228798542007827	0.14612397279682385	0.18307427652610606	0.08718761664337302	0.1678275947158584	0.8092952958375723	0.24643554737383463	0.1415157351083821	1.0	0.25664466159484384	0.17443887823596496	0.22226702668255965	0.16166881730841884	0.08740584787155738
te	1.0	0.7455134344225701	1.0	1.0	0.2281946236182929	0.3346172394322724	1.0	0.22096576356476852	1.0	1.0	1.0	1.0	0.5608920877281	1.0	0.43869619474443033	1.0	1.0	1.0	1.0	1.0	1.0	0.3867016824360898	1.0	0.22892150070350173	0.6638546162332061	1.0	0.3115568666855025	1.0	0.8020741577154187	1.0	0.25664466159484384	1.0	0.38349626209077164	1.0	1.0	1.0
tr	0.26672763612329353	0.32596337634111616	0.21402448080964262	0.29755127068992193	0.18689138691901436	0.1445411942692665	0.13730751888840248	0.16117966735047884	0.1471515654243464	0.16266775883441298	0.1539701050701078	0.22954095403987515	0.1911118349285427	0.18743102521025257	0.15207847041351452	0.1420600383232749	0.16953430736017291	0.2851061477975141	0.20354356097492166	0.21882021779419877	0.2517483577359738	0.1545015538929812	0.1615142403228928	0.17802319893185373	0.20523694159059827	0.1214992986891768	0.18101121418199675	0.3960177441387637	0.2632091515071796	0.16829988366305396	0.17443887823596496	0.38349626209077164	1.0	0.2234736479017722	0.21882647145262382	0.14940554671422987
vi	0.5080168529359093	0.45209668171168815	0.26158533875624207	0.613692296791508	0.3294321932947807	0.25193111192233175	0.2959547321613773	0.23350254227234093	0.2112760361081777	0.1798121106055198	0.3552634515460373	0.8171690671595405	0.25823822652387357	0.32587246722099245	0.21015353939949022	0.26409619853614763	0.2937828962869559	0.431996815846587	0.5853865670230948	0.726169491692372	0.7740525104101558	0.1658700125305669	0.2664896620340838	0.24658758128409305	0.18452813597689638	0.26373867883653923	0.7159146922478754	0.6964150026889473	0.3091583566050671	0.44853441882866885	0.22226702668255965	1.0	0.2234736479017722	1.0	0.19585380989266615	0.24580898240507346
war	0.7199285383279773	0.39842342482723725	0.233704024430634	1.0	0.21378421264827602	0.15776259003861504	0.7026445955663433	0.14985816174241318	0.2761486735642987	0.16519624858683324	0.7014961547481128	1.0	0.16133673860804323	0.21350314026435716	0.15371302698815267	0.7004695573767585	0.7028911840705586	0.2679554175121893	1.0	1.0	0.7199285383279773	0.1447526121966409	0.2974175250145336	0.17836341617434956	0.19565768868050928	0.17095261710197082	0.17309067265395983	1.0	0.2700135042394859	0.18504743287893313	0.16166881730841884	1.0	0.21882647145262382	0.19585380989266615	1.0	0.7006662075775383
zh	1.0	0.1634297825031583	0.6942947212438486	1.0	0.12259508226290708	0.07732749570537743	0.21989546151439704	0.07682263862306431	0.11122350195849906	0.11058651298345407	1.0	1.0	0.14513891072100166	0.18960657609434198	0.07825834909369755	1.0	1.0	0.42562224264527937	1.0	1.0	0.8531660568795627	0.08171514643786729	0.15364113073605085	0.10449396292226418	0.14125671394979267	0.6860257022510374	0.1155143799549275	1.0	0.1949768882184966	0.6314966070213374	0.08740584787155738	1.0	0.14940554671422987	0.24580898240507346	0.7006662075775383	1.0
