arz	bs	ceb	ckb	da	de	el	en	es	fr	he	hi	hu	id	it	ja	ko	lv	mk	ml	mr	nl	pl	pt	ro	ru	sh	si	simple	sr	sv	te	tr	union	vi	war	zh
arz	0.3333333333333333	0.3333333333333333	0.0	0.3333333333333333	0.3333333333333333	0.3333333333333333	0.3333333333333333	0.3333333333333333	0.3333333333333333	0.3333333333333333	0.3333333333333333	0.3333333333333333	0.3333333333333333	0.3333333333333333	0.3333333333333333	0.3333333333333333	0.3333333333333333	0.3333333333333333	0.5	0.3333333333333333	0.3333333333333333	0.3333333333333333	0.3333333333333333	0.3333333333333333	0.3333333333333333	0.3333333333333333	0.3333333333333333	1.0	0.3333333333333333	0.3333333333333333	0.3333333333333333	0.3333333333333333	0.3333333333333333	0.3333333333333333	0.3333333333333333	0.5	0.3333333333333333
bs	0.3333333333333333	0.0014619494605397204	0.20012	0.14285714285714285	0.004929215876557477	0.002986973536120214	0.07692307692307693	0.0017592002852438017	0.0034737177740047144	0.0028666275077386064	0.03333333333333333	0.07142857142857142	0.006582844010691786	0.004152428579441417	0.002892170612449798	0.021739130434782608	0.05	0.012050079837421976	0.08333333333333333	0.07692307692307693	0.125	0.0035864273851066155	0.0030788549397871238	0.003585373686337422	0.006292908191922787	0.05	0.003147653340559694	0.25	0.007817445619447572	0.004368604717682729	0.004653477880259925	0.14285714285714285	0.004466757813297992	0.004865216673650527	0.005850658877345676	0.10004999999999999	0.05
ceb	0.0	0.20012	0.1429795918367347	1.0	0.20003999999999997	0.16674999999999998	1.0	0.20015999999999998	0.2	0.16666666666666666	1.0	1.0	0.3333333333333333	0.16674999999999998	0.16674999999999998	0.5	1.0	0.25	1.0	1.0	1.0	0.16677777777777777	0.2	0.2	0.16675	1.0	0.16677777777777777	1.0	0.2501875	0.2	0.25	1.0	0.16666666666666666	0.0588719723183391	0.2	0.50025	1.0
ckb	0.3333333333333333	0.14285714285714285	1.0	0.1111111111111111	0.1111111111111111	0.125	0.1111111111111111	0.1111111111111111	0.1111111111111111	0.1111111111111111	0.1111111111111111	0.1111111111111111	0.14285714285714285	0.1111111111111111	0.1111111111111111	0.1111111111111111	0.125	0.14285714285714285	0.16666666666666666	0.14285714285714285	0.2	0.1111111111111111	0.1111111111111111	0.1111111111111111	0.1111111111111111	0.1111111111111111	0.1111111111111111	0.3333333333333333	0.125	0.1111111111111111	0.1111111111111111	0.16666666666666666	0.1111111111111111	0.006427791412816887	0.1111111111111111	0.16666666666666666	0.1111111111111111
da	0.3333333333333333	0.004929215876557477	0.20003999999999997	0.1111111111111111	0.0013928149100434148	0.0025526953042828864	0.05555555555555555	0.0017529595254976253	0.003022626801644883	0.002763881720003328	0.023255813953488372	0.058823529411764705	0.00653834080909052	0.0035741607028198473	0.002697418882197993	0.02040816326530612	0.04	0.00980872741253364	0.07692307692307693	0.06666666666666667	0.1	0.003249000001562091	0.003280484989424179	0.003186082599699785	0.005052955363153175	0.03225806451612903	0.003403306101580364	0.2	0.006139789681058227	0.004808824889053254	0.0035612915882542546	0.125	0.003893520872080744	0.0015696673551394075	0.004610399626239673	0.09094214876033058	0.034482758620689655
de	0.3333333333333333	0.002986973536120214	0.16674999999999998	0.125	0.0025526953042828864	0.00021624833588400932	0.04	0.00039310369908272515	0.0009575434503463368	0.0008062703960094339	0.017242865636147443	0.043478260869565216	0.0030692070648973336	0.0018094903954145507	0.0007674247078704038	0.00641025641025641	0.022222222222222223	0.007249737450115521	0.058823529411764705	0.05	0.1	0.0011489263667606808	0.0009283046870582053	0.0013341105426209698	0.002084527057382903	0.013333333333333334	0.0011143632815202348	0.16666666666666666	0.0036788662163047296	0.0015656851844143857	0.001541977556050583	0.125	0.0019022305857426703	0.00015236817374134065	0.002161074741852787	0.11117283950617282	0.013513878743608472
el	0.3333333333333333	0.07692307692307693	1.0	0.1111111111111111	0.05555555555555555	0.04	0.03571428571428571	0.03571428571428571	0.04	0.037037037037037035	0.05555555555555555	0.07142857142857142	0.09090909090909091	0.05555555555555555	0.041666666666666664	0.041666666666666664	0.05	0.1	0.1	0.09090909090909091	0.16666666666666666	0.043478260869565216	0.037037037037037035	0.043478260869565216	0.045454545454545456	0.043478260869565216	0.05	0.25	0.0625	0.045454545454545456	0.05	0.125	0.05263157894736842	0.001821437010856067	0.058823529411764705	0.14285714285714285	0.04
en	0.3333333333333333	0.0017592002852438017	0.20015999999999998	0.1111111111111111	0.0017529595254976253	0.00039310369908272515	0.03571428571428571	6.0235401691434586e-05	0.0006248341381020576	0.0004903740443145381	0.014708477508650519	0.041666666666666664	0.0021897986068750495	0.001186372251293916	0.0004186313551649197	0.003953850239810027	0.018518518518518517	0.006539066171130761	0.058823529411764705	0.05	0.1	0.0008525858887362117	0.0006335304452762565	0.0008157624404743394	0.0013138172086926943	0.011494252873563218	0.00036423646177172924	0.16666666666666666	0.0030329693876812165	0.00044499149227167145	0.0011599088736221387	0.1	0.0011505505811009488	6.00809880817752e-05	0.0014302202521243455	0.0769763372781065	0.009523990929705215
es	0.3333333333333333	0.0034737177740047144	0.2	0.1111111111111111	0.003022626801644883	0.0009575434503463368	0.04	0.0006248341381020576	0.0004654788166943186	0.001148713993432893	0.019230769230769232	0.043478260869565216	0.0036248689221672838	0.002180089028403406	0.001046790579303653	0.0075188535247894175	0.02564102564102564	0.008622027348394769	0.058823529411764705	0.05555555555555555	0.1	0.0015731684802303013	0.0013395559431647656	0.0015025596234353401	0.0026253405881346116	0.014084507042253521	0.001491397980548893	0.16666666666666666	0.0046320523625477325	0.0019542390863382304	0.0020976896942101766	0.1	0.0023820650273177896	0.00029082427150360765	0.0026681331298828988	0.08335416666666667	0.014705882352941176
fr	0.3333333333333333	0.0028666275077386064	0.16666666666666666	0.1111111111111111	0.002763881720003328	0.0008062703960094339	0.037037037037037035	0.0004903740443145381	0.001148713993432893	0.00029416480938588375	0.016951163458776213	0.043478260869565216	0.0031461083521221473	0.0020759646569419687	0.0009162084286082837	0.006579207063711912	0.020833333333333332	0.00840526798954876	0.058823529411764705	0.05263157894736842	0.1	0.0013558592847148774	0.001221734013489181	0.0013574655075869074	0.002585396406136003	0.0136986301369863	0.001318577148701495	0.16666666666666666	0.004331066640974289	0.001676063741943111	0.0020213131539486336	0.1	0.0021025950645874336	0.0001228086149611186	0.0025523374175824465	0.08333333333333333	0.012987012987012988
he	0.3333333333333333	0.03333333333333333	1.0	0.1111111111111111	0.023255813953488372	0.017242865636147443	0.05555555555555555	0.014708477508650519	0.019230769230769232	0.016951163458776213	0.012352690138698368	0.045454545454545456	0.03333333333333333	0.021739130434782608	0.018183471074380165	0.02500375	0.03333333333333333	0.03225806451612903	0.06666666666666667	0.05555555555555555	0.1	0.01887006051975792	0.01852023319615912	0.018867924528301886	0.024390243902439025	0.029411764705882353	0.021739130434782608	0.2	0.027777777777777776	0.022222222222222223	0.02174007561436673	0.1	0.01887006051975792	0.000367844765823499	0.022727272727272728	0.1	0.029411764705882353
hi	0.3333333333333333	0.07142857142857142	1.0	0.1111111111111111	0.058823529411764705	0.043478260869565216	0.07142857142857142	0.041666666666666664	0.043478260869565216	0.043478260869565216	0.045454545454545456	0.041666666666666664	0.07142857142857142	0.047619047619047616	0.05	0.043478260869565216	0.047619047619047616	0.07142857142857142	0.08333333333333333	0.0625	0.1111111111111111	0.043478260869565216	0.045454545454545456	0.045454545454545456	0.05555555555555555	0.043478260869565216	0.05	0.2	0.05555555555555555	0.045454545454545456	0.05	0.1111111111111111	0.05	0.0023637845390975703	0.047619047619047616	0.16666666666666666	0.043478260869565216
hu	0.3333333333333333	0.006582844010691786	0.3333333333333333	0.14285714285714285	0.00653834080909052	0.0030692070648973336	0.09090909090909091	0.0021897986068750495	0.0036248689221672838	0.0031461083521221473	0.03333333333333333	0.07142857142857142	0.0017910005433254788	0.005053158402637921	0.002875199441613829	0.024390243902439025	0.05263157894736842	0.01613137356919875	0.07692307692307693	0.07692307692307693	0.16666666666666666	0.004100359681537221	0.003324213684562224	0.0038626138996139003	0.005184461327820881	0.045454545454545456	0.003761844140426254	0.25	0.008550735481043173	0.004903762975778546	0.004764582814583768	0.125	0.0052938052407268555	0.0006972944880837707	0.006291444404889047	0.125015625	0.041666666666666664
id	0.3333333333333333	0.004152428579441417	0.16674999999999998	0.1111111111111111	0.0035741607028198473	0.0018094903954145507	0.05555555555555555	0.001186372251293916	0.002180089028403406	0.0020759646569419687	0.021739130434782608	0.047619047619047616	0.005053158402637921	0.0009149113967333196	0.0017286824310204585	0.011627906976744186	0.030303030303030304	0.009619452662721892	0.07142857142857142	0.058823529411764705	0.1	0.0024347082933402716	0.002338109535998069	0.0025657936638748954	0.0035607462175138373	0.02564102564102564	0.0021029588951672925	0.16666666666666666	0.004811602698622231	0.002810773555030888	0.002802942543254009	0.1111111111111111	0.002859865467061991	0.00230356535169828	0.0036524924120772827	0.0769763372781065	0.023809523809523808
it	0.3333333333333333	0.002892170612449798	0.16674999999999998	0.1111111111111111	0.002697418882197993	0.0007674247078704038	0.041666666666666664	0.0004186313551649197	0.001046790579303653	0.0009162084286082837	0.018183471074380165	0.05	0.002875199441613829	0.0017286824310204585	0.00027301039014878775	0.0069449266975308635	0.02631578947368421	0.007816894958496093	0.06666666666666667	0.0625	0.125	0.0012830303008880288	0.0010235344458052484	0.0013097935178692556	0.0016150920412701128	0.016129032258064516	0.000981635123316801	0.25	0.00420452773913123	0.0013071074700643456	0.001640703314199846	0.125	0.0016143497456675051	0.00024016248494650907	0.0021384396798695424	0.08337500694444444	0.014925373134328358
ja	0.3333333333333333	0.021739130434782608	0.5	0.1111111111111111	0.02040816326530612	0.00641025641025641	0.041666666666666664	0.003953850239810027	0.0075188535247894175	0.006579207063711912	0.02500375	0.043478260869565216	0.024390243902439025	0.011627906976744186	0.0069449266975308635	0.003498422905765563	0.021739130434782608	0.03333333333333333	0.0625	0.05263157894736842	0.1	0.00925977366255144	0.009009009009009009	0.009259259259259259	0.016666666666666666	0.015151515151515152	0.009433962264150943	0.16666666666666666	0.023809523809523808	0.008928571428571428	0.012048192771084338	0.1	0.012658227848101266	0.00019734545009636174	0.013513513513513514	0.125	0.014285714285714285
ko	0.3333333333333333	0.05	1.0	0.125	0.04	0.022222222222222223	0.05	0.018518518518518517	0.02564102564102564	0.020833333333333332	0.03333333333333333	0.047619047619047616	0.05263157894736842	0.030303030303030304	0.02631578947368421	0.021739130434782608	0.01818181818181818	0.047619047619047616	0.0625	0.05555555555555555	0.1	0.02631578947368421	0.024390243902439025	0.024390243902439025	0.03571428571428571	0.024390243902439025	0.02857142857142857	0.16666666666666666	0.037037037037037035	0.02631578947368421	0.03125	0.1111111111111111	0.03225806451612903	0.00031412583608939895	0.03571428571428571	0.14285714285714285	0.022222222222222223
lv	0.3333333333333333	0.012050079837421976	0.25	0.14285714285714285	0.00980872741253364	0.007249737450115521	0.1	0.006539066171130761	0.008622027348394769	0.00840526798954876	0.03225806451612903	0.07142857142857142	0.01613137356919875	0.009619452662721892	0.007816894958496093	0.03333333333333333	0.047619047619047616	0.005410899138056976	0.07692307692307693	0.08333333333333333	0.1111111111111111	0.00901087574060547	0.008622027348394769	0.009617048816568047	0.014086094028962506	0.05	0.00820075248589089	0.2	0.013339022222222222	0.009900990099009901	0.010757544224765868	0.14285714285714285	0.009013229445661878	0.0055020854993692225	0.009094793388429752	0.125015625	0.047619047619047616
mk	0.5	0.08333333333333333	1.0	0.16666666666666666	0.07692307692307693	0.058823529411764705	0.1	0.058823529411764705	0.058823529411764705	0.058823529411764705	0.06666666666666667	0.08333333333333333	0.07692307692307693	0.07142857142857142	0.06666666666666667	0.0625	0.0625	0.07692307692307693	0.058823529411764705	0.1	0.14285714285714285	0.0625	0.0625	0.06666666666666667	0.08333333333333333	0.058823529411764705	0.0625	0.16666666666666666	0.07142857142857142	0.0625	0.07142857142857142	0.16666666666666666	0.06666666666666667	0.004862513440818307	0.06666666666666667	0.25	0.058823529411764705
ml	0.3333333333333333	0.07692307692307693	1.0	0.14285714285714285	0.06666666666666667	0.05	0.09090909090909091	0.05	0.05555555555555555	0.05263157894736842	0.05555555555555555	0.0625	0.07692307692307693	0.058823529411764705	0.0625	0.05263157894736842	0.05555555555555555	0.08333333333333333	0.1	0.05	0.1111111111111111	0.05555555555555555	0.05263157894736842	0.05263157894736842	0.06666666666666667	0.05263157894736842	0.0625	0.2	0.0625	0.058823529411764705	0.0625	0.14285714285714285	0.05555555555555555	0.010653138312599607	0.058823529411764705	0.16666666666666666	0.05263157894736842
mr	0.3333333333333333	0.125	1.0	0.2	0.1	0.1	0.16666666666666666	0.1	0.1	0.1	0.1	0.1111111111111111	0.16666666666666666	0.1	0.125	0.1	0.1	0.1111111111111111	0.14285714285714285	0.1111111111111111	0.1	0.1111111111111111	0.1	0.1111111111111111	0.125	0.1	0.1	0.2	0.1	0.1	0.125	0.2	0.1	0.16677777777777777	0.1	0.25	0.1
nl	0.3333333333333333	0.0035864273851066155	0.16677777777777777	0.1111111111111111	0.003249000001562091	0.0011489263667606808	0.043478260869565216	0.0008525858887362117	0.0015731684802303013	0.0013558592847148774	0.01887006051975792	0.043478260869565216	0.004100359681537221	0.0024347082933402716	0.0012830303008880288	0.00925977366255144	0.02631578947368421	0.00901087574060547	0.0625	0.05555555555555555	0.1111111111111111	0.000569689650793223	0.001624471355277178	0.0019351759082666677	0.0033132990129519577	0.016129032258064516	0.0019934748003703345	0.2	0.005028208203809829	0.0026893282460400047	0.002269143723654026	0.1111111111111111	0.0026969017038741003	0.0004927089072257658	0.0030689830494123813	0.09095041322314049	0.016666666666666666
pl	0.3333333333333333	0.0030788549397871238	0.2	0.1111111111111111	0.003280484989424179	0.0009283046870582053	0.037037037037037035	0.0006335304452762565	0.0013395559431647656	0.001221734013489181	0.01852023319615912	0.045454545454545456	0.003324213684562224	0.002338109535998069	0.0010235344458052484	0.009009009009009009	0.024390243902439025	0.008622027348394769	0.0625	0.05263157894736842	0.1	0.001624471355277178	0.00045745213776220806	0.0016959440967454094	0.002365273650688536	0.015873015873015872	0.001308123569616577	0.16666666666666666	0.005238125518929226	0.0016677284174815845	0.0020462453582266167	0.1	0.002552408126441573	0.00037153123009830063	0.0028264560487427644	0.09092561983471073	0.014925373134328358
pt	0.3333333333333333	0.003585373686337422	0.2	0.1111111111111111	0.003186082599699785	0.0013341105426209698	0.043478260869565216	0.0008157624404743394	0.0015025596234353401	0.0013574655075869074	0.018867924528301886	0.045454545454545456	0.0038626138996139003	0.0025657936638748954	0.0013097935178692556	0.009259259259259259	0.024390243902439025	0.009617048816568047	0.06666666666666667	0.05263157894736842	0.1111111111111111	0.0019351759082666677	0.0016959440967454094	0.0006580301464603612	0.0030684263439177645	0.015873015873015872	0.0016513099336842544	0.2	0.005130546219934595	0.001977269588639057	0.0024889982428531352	0.1	0.002786811524119459	0.0002708882570017118	0.0029867780014550542	0.09092561983471073	0.016129032258064516
ro	0.3333333333333333	0.006292908191922787	0.16675	0.1111111111111111	0.005052955363153175	0.002084527057382903	0.045454545454545456	0.0013138172086926943	0.0026253405881346116	0.002585396406136003	0.024390243902439025	0.05555555555555555	0.005184461327820881	0.0035607462175138373	0.0016150920412701128	0.016666666666666666	0.03571428571428571	0.014086094028962506	0.08333333333333333	0.06666666666666667	0.125	0.0033132990129519577	0.002365273650688536	0.0030684263439177645	0.001094742154992123	0.02631578947368421	0.0021894247717789187	0.25	0.007636968300973895	0.003345488305499938	0.004002353057329971	0.1111111111111111	0.0036653120265672163	0.0014453986832419355	0.0048561376444081475	0.08336805555555554	0.02631578947368421
ru	0.3333333333333333	0.05	1.0	0.1111111111111111	0.03225806451612903	0.013333333333333334	0.043478260869565216	0.011494252873563218	0.014084507042253521	0.0136986301369863	0.029411764705882353	0.043478260869565216	0.045454545454545456	0.02564102564102564	0.016129032258064516	0.015151515151515152	0.024390243902439025	0.05	0.058823529411764705	0.05263157894736842	0.1	0.016129032258064516	0.015873015873015872	0.015873015873015872	0.02631578947368421	0.010869565217391304	0.025	0.16666666666666666	0.034482758620689655	0.022222222222222223	0.022727272727272728	0.1	0.02631578947368421	0.0001660041527089566	0.02702702702702703	0.14285714285714285	0.015625
sh	0.3333333333333333	0.003147653340559694	0.16677777777777777	0.1111111111111111	0.003403306101580364	0.0011143632815202348	0.05	0.00036423646177172924	0.001491397980548893	0.001318577148701495	0.021739130434782608	0.05	0.003761844140426254	0.0021029588951672925	0.000981635123316801	0.009433962264150943	0.02857142857142857	0.00820075248589089	0.0625	0.0625	0.1	0.0019934748003703345	0.001308123569616577	0.0016513099336842544	0.0021894247717789187	0.025	0.0002908938067514568	0.16666666666666666	0.005380104321137938	0.0004025520560903701	0.0021995670358614626	0.1111111111111111	0.002204904018482438	0.0035632982161400823	0.002613650507012915	0.08338195138888888	0.022222222222222223
si	1.0	0.25	1.0	0.3333333333333333	0.2	0.16666666666666666	0.25	0.16666666666666666	0.16666666666666666	0.16666666666666666	0.2	0.2	0.25	0.16666666666666666	0.25	0.16666666666666666	0.16666666666666666	0.2	0.16666666666666666	0.2	0.2	0.2	0.16666666666666666	0.2	0.25	0.16666666666666666	0.16666666666666666	0.16666666666666666	0.16666666666666666	0.16666666666666666	0.2	0.3333333333333333	0.16666666666666666	0.04765306349206349	0.16666666666666666	0.3333333333333333	0.16666666666666666
simple	0.3333333333333333	0.007817445619447572	0.2501875	0.125	0.006139789681058227	0.0036788662163047296	0.0625	0.0030329693876812165	0.0046320523625477325	0.004331066640974289	0.027777777777777776	0.05555555555555555	0.008550735481043173	0.004811602698622231	0.00420452773913123	0.023809523809523808	0.037037037037037035	0.013339022222222222	0.07142857142857142	0.0625	0.1	0.005028208203809829	0.005238125518929226	0.005130546219934595	0.007636968300973895	0.034482758620689655	0.005380104321137938	0.16666666666666666	0.002466298648265068	0.008198132625638269	0.0057182082970483284	0.14285714285714285	0.005350770254254254	0.0029539086597842523	0.005991435803082007	0.09096695041322313	0.034482758620689655
sr	0.3333333333333333	0.004368604717682729	0.2	0.1111111111111111	0.004808824889053254	0.0015656851844143857	0.045454545454545456	0.00044499149227167145	0.0019542390863382304	0.001676063741943111	0.022222222222222223	0.045454545454545456	0.004903762975778546	0.002810773555030888	0.0013071074700643456	0.008928571428571428	0.02631578947368421	0.009900990099009901	0.0625	0.058823529411764705	0.1	0.0026893282460400047	0.0016677284174815845	0.001977269588639057	0.003345488305499938	0.022222222222222223	0.0004025520560903701	0.16666666666666666	0.008198132625638269	0.00037968236143265827	0.0027871913780929693	0.1111111111111111	0.002917886388770204	0.0011500988488018216	0.0032483243489736992	0.1	0.019230769230769232
sv	0.3333333333333333	0.004653477880259925	0.25	0.1111111111111111	0.0035612915882542546	0.001541977556050583	0.05	0.0011599088736221387	0.0020976896942101766	0.0020213131539486336	0.02174007561436673	0.05	0.004764582814583768	0.002802942543254009	0.001640703314199846	0.012048192771084338	0.03125	0.010757544224765868	0.07142857142857142	0.0625	0.125	0.002269143723654026	0.0020462453582266167	0.0024889982428531352	0.004002353057329971	0.022727272727272728	0.0021995670358614626	0.2	0.0057182082970483284	0.0027871913780929693	0.0009103896810321034	0.1111111111111111	0.0030602759615874177	0.0005768094913083274	0.003638520622347968	0.10003999999999999	0.02174007561436673
te	0.3333333333333333	0.14285714285714285	1.0	0.16666666666666666	0.125	0.125	0.125	0.1	0.1	0.1	0.1	0.1111111111111111	0.125	0.1111111111111111	0.125	0.1	0.1111111111111111	0.14285714285714285	0.16666666666666666	0.14285714285714285	0.2	0.1111111111111111	0.1	0.1	0.1111111111111111	0.1	0.1111111111111111	0.3333333333333333	0.14285714285714285	0.1111111111111111	0.1111111111111111	0.1	0.1	0.08340972222222222	0.125	0.2	0.1
tr	0.3333333333333333	0.004466757813297992	0.16666666666666666	0.1111111111111111	0.003893520872080744	0.0019022305857426703	0.05263157894736842	0.0011505505811009488	0.0023820650273177896	0.0021025950645874336	0.01887006051975792	0.05	0.0052938052407268555	0.002859865467061991	0.0016143497456675051	0.012658227848101266	0.03225806451612903	0.009013229445661878	0.06666666666666667	0.05555555555555555	0.1	0.0026969017038741003	0.002552408126441573	0.002786811524119459	0.0036653120265672163	0.02631578947368421	0.002204904018482438	0.16666666666666666	0.005350770254254254	0.002917886388770204	0.0030602759615874177	0.1	0.0009649176478523725	0.02632617728531856	0.0030698126534034046	0.08336111111111111	0.027777777777777776
union	0.3333333333333333	0.004865216673650527	0.0588719723183391	0.006427791412816887	0.0015696673551394075	0.00015236817374134065	0.001821437010856067	6.00809880817752e-05	0.00029082427150360765	0.0001228086149611186	0.000367844765823499	0.0023637845390975703	0.0006972944880837707	0.00230356535169828	0.00024016248494650907	0.00019734545009636174	0.00031412583608939895	0.0055020854993692225	0.004862513440818307	0.010653138312599607	0.16677777777777777	0.0004927089072257658	0.00037153123009830063	0.0002708882570017118	0.0014453986832419355	0.0001660041527089566	0.0035632982161400823	0.04765306349206349	0.0029539086597842523	0.0011500988488018216	0.0005768094913083274	0.08340972222222222	0.02632617728531856	3.4954989313374675e-05	0.0009096323293160836	0.33355555555555555	0.00021628033873256962
vi	0.3333333333333333	0.005850658877345676	0.2	0.1111111111111111	0.004610399626239673	0.002161074741852787	0.058823529411764705	0.0014302202521243455	0.0026681331298828988	0.0025523374175824465	0.022727272727272728	0.047619047619047616	0.006291444404889047	0.0036524924120772827	0.0021384396798695424	0.013513513513513514	0.03571428571428571	0.009094793388429752	0.06666666666666667	0.058823529411764705	0.1	0.0030689830494123813	0.0028264560487427644	0.0029867780014550542	0.0048561376444081475	0.02702702702702703	0.002613650507012915	0.16666666666666666	0.005991435803082007	0.0032483243489736992	0.003638520622347968	0.125	0.0030698126534034046	0.0009096323293160836	0.001212440005555179	0.08338195833333334	0.025
war	0.5	0.10004999999999999	0.50025	0.16666666666666666	0.09094214876033058	0.11117283950617282	0.14285714285714285	0.0769763372781065	0.08335416666666667	0.08333333333333333	0.1	0.16666666666666666	0.125015625	0.0769763372781065	0.08337500694444444	0.125	0.14285714285714285	0.125015625	0.25	0.16666666666666666	0.25	0.09095041322314049	0.09092561983471073	0.09092561983471073	0.08336805555555554	0.14285714285714285	0.08338195138888888	0.3333333333333333	0.09096695041322313	0.1	0.10003999999999999	0.2	0.08336111111111111	0.33355555555555555	0.08338195833333334	0.07150001020408162	0.14285714285714285
zh	0.3333333333333333	0.05	1.0	0.1111111111111111	0.034482758620689655	0.013513878743608472	0.04	0.009523990929705215	0.014705882352941176	0.012987012987012988	0.029411764705882353	0.043478260869565216	0.041666666666666664	0.023809523809523808	0.014925373134328358	0.014285714285714285	0.022222222222222223	0.047619047619047616	0.058823529411764705	0.05263157894736842	0.1	0.016666666666666666	0.014925373134328358	0.016129032258064516	0.02631578947368421	0.015625	0.022222222222222223	0.16666666666666666	0.034482758620689655	0.019230769230769232	0.02174007561436673	0.1	0.027777777777777776	0.00021628033873256962	0.025	0.14285714285714285	0.00925951646090535
