arz	bs	ceb	ckb	da	de	el	en	es	fr	he	hi	hu	id	it	ja	ko	lv	mk	ml	mr	nl	pl	pt	ro	ru	sh	si	simple	sr	sv	te	tr	union	vi	war	zh
arz	0.5	0.019230769230769232	0.015209125475285171	0.08333333333333333	0.002617801047120419	0.0005875440658049354	0.05555555555555555	0.0001524390243902439	0.0021231422505307855	0.0005757052389176742	0.09090909090909091	0.045454545454545456	0.0033444816053511705	0.002207505518763797	0.0007178750897343862	0.019230769230769232	0.038461538461538464	0.041666666666666664	0.030303030303030304	0.125	0.16666666666666666	0.0009569377990430622	0.010101010101010102	0.014285714285714285	0.02	0.016129032258064516	0.004464285714285714	0.08823529411764706	0.0045871559633027525	0.08333333333333333	0.0009765625	0.0	0.004484304932735426	0.00010610079575596818	0.009615384615384616	0.02922077922077922	0.022222222222222223
bs	0.019230769230769232	1.0	0.2691097479345117	0.008928571428571428	0.034794535886238945	0.01819008709131613	0.022388059701492536	0.004936988390587988	0.04098668923184376	0.008938019652305368	0.025	0.016666666666666666	0.04	0.019076484753117327	0.013572776524202215	0.02	0.02702702702702703	0.10953706046040981	0.024691358024691357	0.018867924528301886	0.009433962264150943	0.013700147210994159	0.03169014084507042	0.0789613142554319	0.03125	0.01818181818181818	0.126636626971355	0.009198813056379823	0.02225391063866563	0.03333333333333333	0.022299031281067208	0.0	0.022813688212927757	0.003977465523245541	0.015	0.04304532022987617	0.021505376344086023
ceb	0.015209125475285171	0.2691097479345117	1.0	0.2169811320754717	0.2740205604747886	0.16116614656947084	0.22592592592592592	0.10275182858237288	0.20624139146521214	0.12435049280941853	0.22075471698113208	0.21320754716981133	0.1760085923168731	0.2608491877278297	0.22179964987532041	0.22846441947565543	0.21403508771929824	0.28189769055608327	0.2169811320754717	0.2169811320754717	0.2169811320754717	0.24073725430826232	0.22907377370848495	0.09982416064002513	0.24952983280349358	0.22846441947565543	0.0881252534304702	0.057034220532319393	0.3428213241286735	0.22075471698113208	0.235366576361574	0.17547169811320754	0.2810666695509215	0.05918345951182541	0.24784757631610813	0.20408587087419205	0.1692072697558148
ckb	0.08333333333333333	0.008928571428571428	0.2169811320754717	0.5	0.010471204188481676	0.0011743981209630064	0.075	0.00038109756097560977	0.00423728813559322	0.0011507479861910242	0.11538461538461539	0.0	0.0049833887043189366	0.005518763796909493	0.0014347202295552368	0.04807692307692308	0.07407407407407407	0.037037037037037035	0.058823529411764705	0.0	0.08333333333333333	0.0014326647564469914	0.02	0.028169014084507043	0.028846153846153848	0.04032258064516129	0.00663716814159292	0.13135593220338984	0.004524886877828055	0.10714285714285714	0.0014619883040935672	0.0	0.008928571428571428	0.0002652519893899204	0.02830188679245283	0.38311688311688313	0.05555555555555555
da	0.002617801047120419	0.034794535886238945	0.2740205604747886	0.010471204188481676	1.0	0.03499336758610055	0.022613065326633167	0.014277004016438534	0.06339507839863825	0.04094488742449204	0.02072538860103627	0.005050505050505051	0.05191873589164785	0.0631201433392155	0.05805030533825033	0.03070175438596491	0.019230769230769232	0.02195121951219512	0.030952380952380953	0.0026041666666666665	0.002617801047120419	0.060528953472044005	0.03518518518518519	0.041666666666666664	0.037353629976580795	0.029411764705882353	0.06870891073927127	0.00625	0.11023093969907857	0.020618556701030927	0.05974304322084074	0.0	0.03221649484536082	0.016721036220666535	0.026200873362445413	0.030569590978286373	0.02927927927927928
de	0.0005875440658049354	0.01819008709131613	0.16116614656947084	0.0011743981209630064	0.03499336758610055	1.0	0.004694835680751174	0.09911553521986799	0.08512649825756421	0.14617974878656964	0.002935995302407516	0.0020527859237536657	0.03805696816673387	0.06965212240062099	0.15681720376179606	0.010180337405468295	0.00585480093676815	0.006383320100425163	0.0070134424313267095	0.0008813160987074031	0.0002935995302407516	0.1460610661268556	0.02419288603377032	0.013980348949850434	0.01040648458029119	0.012195121951219513	0.061055293801723504	0.001789838337182448	0.054180664427025016	0.0035252643948296123	0.126870518938069	0.0	0.02463263083481825	0.15705462480785032	0.006831493100189841	0.009299720067576773	0.0099241097489784
el	0.05555555555555555	0.022388059701492536	0.22592592592592592	0.075	0.022613065326633167	0.004694835680751174	0.5	0.001371951219512195	0.014736842105263158	0.004600345025876941	0.225	0.06	0.012944983818770227	0.011956521739130435	0.006097560975609756	0.14814814814814814	0.1111111111111111	0.08333333333333333	0.17105263157894737	0.05263157894736842	0.02631578947368421	0.005228136882129277	0.05188679245283019	0.1111111111111111	0.10714285714285714	0.1349206349206349	0.019313304721030045	0.11923076923076924	0.019823788546255508	0.15217391304347827	0.006316812439261419	0.0	0.02391304347826087	0.0009549071618037135	0.075	0.35542168674698793	0.15625
en	0.0001524390243902439	0.004936988390587988	0.10275182858237288	0.00038109756097560977	0.014277004016438534	0.09911553521986799	0.001371951219512195	1.0	0.03704504360406792	0.09737576530784871	0.0008384146341463414	0.0007621951219512195	0.017971558383293104	0.044106376681320364	0.11865695989201394	0.003656307129798903	0.0019051973784484073	0.0015145178677503444	0.0025152439024390245	0.00022865853658536587	0.0001524390243902439	0.07240986696587029	0.007963155091178975	0.004805630977736264	0.00419413537581122	0.0042643923240938165	0.019768163394346464	0.0011019479596189393	0.022683833938796923	0.0009146341463414635	0.05921972194780406	7.621951219512195e-05	0.01992495105098336	0.6867251018959032	0.004724588951180081	0.005781255478061653	0.003353147386069197
es	0.0021231422505307855	0.04098668923184376	0.20624139146521214	0.00423728813559322	0.06339507839863825	0.08512649825756421	0.014736842105263158	0.03704504360406792	1.0	0.08090800983060702	0.009513742071881607	0.007383966244725738	0.07312704308696105	0.09703114853503403	0.1138497065372219	0.0336734693877551	0.020964360587002098	0.020824306759098788	0.025	0.0031847133757961785	0.001059322033898305	0.07813557840828089	0.04182509505703422	0.03766964483979257	0.03570314460290657	0.037298387096774195	0.08867427482696943	0.0037943696450428396	0.10684377846198875	0.011652542372881356	0.08669585432527914	0.0	0.04264597280418693	0.039115387716435183	0.04939086009431844	0.018669609724244474	0.03305785123966942
fr	0.0005757052389176742	0.008938019652305368	0.12435049280941853	0.0011507479861910242	0.04094488742449204	0.14617974878656964	0.004600345025876941	0.09737576530784871	0.08090800983060702	1.0	0.0028768699654775605	0.0023001725129384704	0.03510518514799998	0.07102881984756867	0.16941626230057577	0.011727688787185355	0.0066091954022988505	0.00601327325422892	0.008620689655172414	0.0008635578583765112	0.00028768699654775604	0.12388914585037566	0.01864406779661017	0.014409833443936594	0.007094211123723042	0.013120365088419851	0.04564650353993293	0.0021376361881119844	0.05850420197370715	0.0034542314335060447	0.10151444307952304	0.0	0.017544979589094026	0.1650802360546086	0.009018821161232636	0.010472950132389037	0.010309278350515464
he	0.09090909090909091	0.025	0.22075471698113208	0.11538461538461539	0.02072538860103627	0.002935995302407516	0.225	0.0008384146341463414	0.009513742071881607	0.0028768699654775605	0.5	0.11764705882352941	0.00819672131147541	0.00989010989010989	0.0032258064516129032	0.10576923076923077	0.16071428571428573	0.125	0.16666666666666666	0.13636363636363635	0.041666666666666664	0.003816793893129771	0.04455445544554455	0.07857142857142857	0.11	0.08870967741935484	0.013100436681222707	0.12916666666666668	0.01809954751131222	0.17647058823529413	0.004878048780487805	0.0	0.02466367713004484	0.000583554376657825	0.06363636363636363	0.3782051282051282	0.10869565217391304
hi	0.045454545454545456	0.016666666666666666	0.21320754716981133	0.0	0.005050505050505051	0.0020527859237536657	0.06	0.0007621951219512195	0.007383966244725738	0.0023001725129384704	0.11764705882352941	0.5	0.008223684210526315	0.009911894273127754	0.00178826895565093	0.09615384615384616	0.1206896551724138	0.06666666666666667	0.08108108108108109	0.15	0.045454545454545456	0.002380952380952381	0.02912621359223301	0.03333333333333333	0.03571428571428571	0.08064516129032258	0.006493506493506494	0.1336206896551724	0.011210762331838564	0.07894736842105263	0.0024295432458697765	0.05	0.013215859030837005	0.0005305039787798408	0.044642857142857144	0.37662337662337664	0.0851063829787234
hu	0.0033444816053511705	0.04	0.1760085923168731	0.0049833887043189366	0.05191873589164785	0.03805696816673387	0.012944983818770227	0.017971558383293104	0.07312704308696105	0.03510518514799998	0.00819672131147541	0.008223684210526315	1.0	0.04852249481118693	0.05855266221024976	0.02702702702702703	0.019169329073482427	0.017628205128205128	0.02365930599369085	0.0033333333333333335	0.0016666666666666668	0.05948828523573917	0.02925531914893617	0.024147727272727272	0.024024024024024024	0.027777777777777776	0.06971677559912855	0.014338575393154487	0.05571342313629799	0.013201320132013201	0.04313462836638874	0.0	0.030168234536559372	0.0242447364944959	0.020833333333333332	0.06354332801701222	0.02599388379204893
id	0.002207505518763797	0.019076484753117327	0.2608491877278297	0.005518763796909493	0.0631201433392155	0.06965212240062099	0.011956521739130435	0.044106376681320364	0.09703114853503403	0.07102881984756867	0.00989010989010989	0.009911894273127754	0.04852249481118693	1.0	0.08751090597491626	0.02494802494802495	0.016163793103448277	0.008528784648187633	0.019230769230769232	0.0033112582781456954	0.002207505518763797	0.09174472743714843	0.041975919511792845	0.018849206349206348	0.05447712938622856	0.026584867075664622	0.07235305061520353	0.0051943699731903485	0.15357154938602025	0.009868421052631578	0.08893454767751494	0.0011037527593818985	0.044022379269729094	0.03997631061283753	0.01958762886597938	0.026471005954845077	0.023109243697478993
it	0.0007178750897343862	0.013572776524202215	0.22179964987532041	0.0014347202295552368	0.05805030533825033	0.15681720376179606	0.006097560975609756	0.11865695989201394	0.1138497065372219	0.16941626230057577	0.0032258064516129032	0.00178826895565093	0.05855266221024976	0.08751090597491626	1.0	0.012411347517730497	0.0067857142857142855	0.007563110050358811	0.009285714285714286	0.0010768126346015793	0.0003586800573888092	0.15618981338076982	0.02738586406898721	0.016996970407215466	0.011561542369963018	0.014134275618374558	0.06819340937678182	0.003602975360297536	0.0776504917324111	0.003945480631276901	0.1038622122107107	0.0	0.029298913771310428	0.13971682525791174	0.007735583684950774	0.017990164845280227	0.011743772241992882
ja	0.019230769230769232	0.02	0.22846441947565543	0.04807692307692308	0.03070175438596491	0.010180337405468295	0.14814814814814814	0.003656307129798903	0.0336734693877551	0.011727688787185355	0.10576923076923077	0.09615384615384616	0.02702702702702703	0.02494802494802495	0.012411347517730497	0.5	0.2222222222222222	0.058823529411764705	0.25892857142857145	0.028846153846153848	0.019230769230769232	0.012616822429906542	0.0992063492063492	0.15591397849462366	0.1	0.32608695652173914	0.03488372093023256	0.1220472440944882	0.031496062992125984	0.11538461538461539	0.011893434823977164	0.009615384615384616	0.04563492063492063	0.002758620689655172	0.09883720930232558	0.3619631901840491	0.3220338983050847
ko	0.038461538461538464	0.02702702702702703	0.21403508771929824	0.07407407407407407	0.019230769230769232	0.00585480093676815	0.1111111111111111	0.0019051973784484073	0.020964360587002098	0.0066091954022988505	0.16071428571428573	0.1206896551724138	0.019169329073482427	0.016163793103448277	0.0067857142857142855	0.2222222222222222	0.5	0.10975609756097561	0.2375	0.057692307692307696	0.018518518518518517	0.007582938388625593	0.09523809523809523	0.1	0.08461538461538462	0.1984126984126984	0.020833333333333332	0.10689655172413794	0.02586206896551724	0.15517241379310345	0.006756756756756757	0.0	0.036637931034482756	0.001379310344827586	0.12096774193548387	0.3259668508287293	0.22448979591836735
lv	0.041666666666666664	0.10953706046040981	0.28189769055608327	0.037037037037037035	0.02195121951219512	0.006383320100425163	0.08333333333333333	0.0015145178677503444	0.020824306759098788	0.00601327325422892	0.125	0.06666666666666667	0.017628205128205128	0.008528784648187633	0.007563110050358811	0.058823529411764705	0.10975609756097561	1.0	0.09375	0.0625	0.02	0.008656106888524893	0.039473684210526314	0.1014726184997699	0.06060606060606061	0.05844155844155844	0.03169332129004835	0.021892655367231638	0.019313304721030045	0.1	0.007751937984496124	0.0	0.02109704641350211	0.0016463253144564248	0.043478260869565216	0.09695759273324914	0.06557377049180328
mk	0.030303030303030304	0.024691358024691357	0.2169811320754717	0.058823529411764705	0.030952380952380953	0.0070134424313267095	0.17105263157894737	0.0025152439024390245	0.025	0.008620689655172414	0.16666666666666666	0.08108108108108109	0.02365930599369085	0.019230769230769232	0.009285714285714286	0.25892857142857145	0.2375	0.09375	0.5	0.045454545454545456	0.014705882352941176	0.009933774834437087	0.1111111111111111	0.16025641025641027	0.11029411764705882	0.23076923076923078	0.02663934426229508	0.13135593220338984	0.02510460251046025	0.14285714285714285	0.008173076923076924	0.0	0.04700854700854701	0.0017506631299734749	0.06756756756756757	0.38311688311688313	0.2358490566037736
ml	0.125	0.018867924528301886	0.2169811320754717	0.0	0.0026041666666666665	0.0008813160987074031	0.05263157894736842	0.00022865853658536587	0.0031847133757961785	0.0008635578583765112	0.13636363636363635	0.15	0.0033333333333333335	0.0033112582781456954	0.0010768126346015793	0.028846153846153848	0.057692307692307696	0.0625	0.045454545454545456	0.5	0.0	0.0014354066985645933	0.015151515151515152	0.02142857142857143	0.03	0.024193548387096774	0.0044444444444444444	0.13135593220338984	0.006880733944954129	0.07692307692307693	0.00146484375	0.0	0.006726457399103139	0.00015915119363395225	0.019230769230769232	0.38311688311688313	0.03333333333333333
mr	0.16666666666666666	0.009433962264150943	0.2169811320754717	0.08333333333333333	0.002617801047120419	0.0002935995302407516	0.02631578947368421	0.0001524390243902439	0.001059322033898305	0.00028768699654775604	0.041666666666666664	0.045454545454545456	0.0016666666666666668	0.002207505518763797	0.0003586800573888092	0.019230769230769232	0.018518518518518517	0.02	0.014705882352941176	0.0	0.5	0.0004780114722753346	0.005	0.007042253521126761	0.00980392156862745	0.016129032258064516	0.0022222222222222222	0.13135593220338984	0.00228310502283105	0.038461538461538464	0.0009765625	0.25	0.002232142857142857	0.00010610079575596818	0.0	0.38311688311688313	0.010869565217391304
nl	0.0009569377990430622	0.013700147210994159	0.24073725430826232	0.0014326647564469914	0.060528953472044005	0.1460610661268556	0.005228136882129277	0.07240986696587029	0.07813557840828089	0.12388914585037566	0.003816793893129771	0.002380952380952381	0.05948828523573917	0.09174472743714843	0.15618981338076982	0.012616822429906542	0.007582938388625593	0.008656106888524893	0.009933774834437087	0.0014354066985645933	0.0004780114722753346	1.0	0.022788546561020858	0.015511014201051103	0.02201738989861666	0.013927576601671309	0.06261049748694168	0.005597688696280245	0.07694851473326393	0.005258126195028681	0.10329565622181491	0.0	0.018099566760330022	0.09556004775353957	0.006469500924214418	0.026449602920954305	0.01077788191190253
pl	0.010101010101010102	0.03169014084507042	0.22907377370848495	0.02	0.03518518518518519	0.02419288603377032	0.05188679245283019	0.007963155091178975	0.04182509505703422	0.01864406779661017	0.04455445544554455	0.02912621359223301	0.02925531914893617	0.041975919511792845	0.02738586406898721	0.0992063492063492	0.09523809523809523	0.039473684210526314	0.1111111111111111	0.015151515151515152	0.005	0.022788546561020858	1.0	0.07482993197278912	0.05185185185185185	0.10984848484848485	0.04229111697449428	0.005652808169219548	0.03547297297297297	0.06060606060606061	0.025820193807998687	0.0	0.047440045679482304	0.007092693832485471	0.051470588235294115	0.026096384890147414	0.1
pt	0.014285714285714285	0.0789613142554319	0.09982416064002513	0.028169014084507043	0.041666666666666664	0.013980348949850434	0.1111111111111111	0.004805630977736264	0.03766964483979257	0.014409833443936594	0.07857142857142857	0.03333333333333333	0.024147727272727272	0.018849206349206348	0.016996970407215466	0.15591397849462366	0.1	0.1014726184997699	0.16025641025641027	0.02142857142857143	0.007042253521126761	0.015511014201051103	0.07482993197278912	1.0	0.0825242718446602	0.15346534653465346	0.0364963503649635	0.011191335740072202	0.025547445255474453	0.06164383561643835	0.013401921344857093	0.0	0.04059040590405904	0.004733377610177358	0.06018518518518518	0.051560188087560445	0.14606741573033707
ro	0.02	0.03125	0.24952983280349358	0.028846153846153848	0.037353629976580795	0.01040648458029119	0.10714285714285714	0.00419413537581122	0.03570314460290657	0.007094211123723042	0.11	0.03571428571428571	0.024024024024024024	0.05447712938622856	0.011561542369963018	0.1	0.08461538461538462	0.06060606060606061	0.11029411764705882	0.03	0.00980392156862745	0.02201738989861666	0.05185185185185185	0.0825242718446602	1.0	0.08947368421052632	0.033073929961089495	0.005889057750759878	0.04546396881996849	0.06363636363636363	0.015800806567766095	0.0	0.05040322580645161	0.0036226208838997017	0.054945054945054944	0.02983494136613229	0.10126582278481013
ru	0.016129032258064516	0.01818181818181818	0.22846441947565543	0.04032258064516129	0.029411764705882353	0.012195121951219513	0.1349206349206349	0.0042643923240938165	0.037298387096774195	0.013120365088419851	0.08870967741935484	0.08064516129032258	0.027777777777777776	0.026584867075664622	0.014134275618374558	0.32608695652173914	0.1984126984126984	0.05844155844155844	0.23076923076923078	0.024193548387096774	0.016129032258064516	0.013927576601671309	0.10984848484848485	0.15346534653465346	0.08947368421052632	0.5	0.031598513011152414	0.1220472440944882	0.03231939163498099	0.0967741935483871	0.0117813383600377	0.008064516129032258	0.054474708171206226	0.003289124668435013	0.09473684210526316	0.3619631901840491	0.29850746268656714
sh	0.004464285714285714	0.126636626971355	0.0881252534304702	0.00663716814159292	0.06870891073927127	0.061055293801723504	0.019313304721030045	0.019768163394346464	0.08867427482696943	0.04564650353993293	0.013100436681222707	0.006493506493506494	0.06971677559912855	0.07235305061520353	0.06819340937678182	0.03488372093023256	0.020833333333333332	0.03169332129004835	0.02663934426229508	0.0044444444444444444	0.0022222222222222222	0.06261049748694168	0.04229111697449428	0.0364963503649635	0.033073929961089495	0.031598513011152414	1.0	0.011662904439428141	0.10259089702760085	0.026785714285714284	0.07543400401694092	0.0	0.034376278964963834	0.019544599507236467	0.02480916030534351	0.052150315732836384	0.035856573705179286
si	0.08823529411764706	0.009198813056379823	0.057034220532319393	0.13135593220338984	0.00625	0.001789838337182448	0.11923076923076924	0.0011019479596189393	0.0037943696450428396	0.0021376361881119844	0.12916666666666668	0.1336206896551724	0.014338575393154487	0.0051943699731903485	0.003602975360297536	0.1220472440944882	0.10689655172413794	0.021892655367231638	0.13135593220338984	0.13135593220338984	0.13135593220338984	0.005597688696280245	0.005652808169219548	0.011191335740072202	0.005889057750759878	0.1220472440944882	0.011662904439428141	0.5	0.010104302477183833	0.12916666666666668	0.007023108291798822	0.16145833333333334	0.011760242792109257	0.0005897123725460356	0.006867523260965884	0.10064935064935066	0.05201342281879195
simple	0.0045871559633027525	0.02225391063866563	0.3428213241286735	0.004524886877828055	0.11023093969907857	0.054180664427025016	0.019823788546255508	0.022683833938796923	0.10684377846198875	0.05850420197370715	0.01809954751131222	0.011210762331838564	0.05571342313629799	0.15357154938602025	0.0776504917324111	0.031496062992125984	0.02586206896551724	0.019313304721030045	0.02510460251046025	0.006880733944954129	0.00228310502283105	0.07694851473326393	0.03547297297297297	0.025547445255474453	0.04546396881996849	0.03231939163498099	0.10259089702760085	0.010104302477183833	1.0	0.018018018018018018	0.0812093114562504	0.0	0.04267852326218796	0.02037051880048197	0.02952755905511811	0.04800056555826466	0.03024193548387097
sr	0.08333333333333333	0.03333333333333333	0.22075471698113208	0.10714285714285714	0.020618556701030927	0.0035252643948296123	0.15217391304347827	0.0009146341463414635	0.011652542372881356	0.0034542314335060447	0.17647058823529413	0.07894736842105263	0.013201320132013201	0.009868421052631578	0.003945480631276901	0.11538461538461539	0.15517241379310345	0.1	0.14285714285714285	0.07692307692307693	0.038461538461538464	0.005258126195028681	0.06060606060606061	0.06164383561643835	0.06363636363636363	0.0967741935483871	0.026785714285714284	0.12916666666666668	0.018018018018018018	0.5	0.005365853658536586	0.0	0.024553571428571428	0.000636604774535809	0.0625	0.3782051282051282	0.13333333333333333
sv	0.0009765625	0.022299031281067208	0.235366576361574	0.0014619883040935672	0.05974304322084074	0.126870518938069	0.006316812439261419	0.05921972194780406	0.08669585432527914	0.10151444307952304	0.004878048780487805	0.0024295432458697765	0.04313462836638874	0.08893454767751494	0.1038622122107107	0.011893434823977164	0.006756756756756757	0.007751937984496124	0.008173076923076924	0.00146484375	0.0009765625	0.10329565622181491	0.025820193807998687	0.013401921344857093	0.015800806567766095	0.0117813383600377	0.07543400401694092	0.007023108291798822	0.0812093114562504	0.005365853658536586	1.0	0.00048828125	0.022985517637575763	0.08653593517194402	0.009478672985781991	0.03326530625170137	0.010994263862332695
te	0.0	0.0	0.17547169811320754	0.0	0.0	0.0	0.0	7.621951219512195e-05	0.0	0.0	0.0	0.05	0.0	0.0011037527593818985	0.0	0.009615384615384616	0.0	0.0	0.0	0.0	0.25	0.0	0.0	0.0	0.0	0.008064516129032258	0.0	0.16145833333333334	0.0	0.0	0.00048828125	0.5	0.0	5.305039787798409e-05	0.0	0.30128205128205127	0.0
tr	0.004484304932735426	0.022813688212927757	0.2810666695509215	0.008928571428571428	0.03221649484536082	0.02463263083481825	0.02391304347826087	0.01992495105098336	0.04264597280418693	0.017544979589094026	0.02466367713004484	0.013215859030837005	0.030168234536559372	0.044022379269729094	0.029298913771310428	0.04563492063492063	0.036637931034482756	0.02109704641350211	0.04700854700854701	0.006726457399103139	0.002232142857142857	0.018099566760330022	0.047440045679482304	0.04059040590405904	0.05040322580645161	0.054474708171206226	0.034376278964963834	0.011760242792109257	0.04267852326218796	0.024553571428571428	0.022985517637575763	0.0	1.0	0.017103608210895717	0.03515625	0.055527225260575366	0.051440329218107
union	0.00010610079575596818	0.003977465523245541	0.05918345951182541	0.0002652519893899204	0.016721036220666535	0.15705462480785032	0.0009549071618037135	0.6867251018959032	0.039115387716435183	0.1650802360546086	0.000583554376657825	0.0005305039787798408	0.0242447364944959	0.03997631061283753	0.13971682525791174	0.002758620689655172	0.001379310344827586	0.0016463253144564248	0.0017506631299734749	0.00015915119363395225	0.00010610079575596818	0.09556004775353957	0.007092693832485471	0.004733377610177358	0.0036226208838997017	0.003289124668435013	0.019544599507236467	0.0005897123725460356	0.02037051880048197	0.000636604774535809	0.08653593517194402	5.305039787798409e-05	0.017103608210895717	1.0	0.0035264249756237634	0.003914520637183152	0.0023872679045092837
vi	0.009615384615384616	0.015	0.24784757631610813	0.02830188679245283	0.026200873362445413	0.006831493100189841	0.075	0.004724588951180081	0.04939086009431844	0.009018821161232636	0.06363636363636363	0.044642857142857144	0.020833333333333332	0.01958762886597938	0.007735583684950774	0.09883720930232558	0.12096774193548387	0.043478260869565216	0.06756756756756757	0.019230769230769232	0.0	0.006469500924214418	0.051470588235294115	0.06018518518518518	0.054945054945054944	0.09473684210526316	0.02480916030534351	0.006867523260965884	0.02952755905511811	0.0625	0.009478672985781991	0.0	0.03515625	0.0035264249756237634	1.0	0.03243003140175736	0.10759493670886076
war	0.02922077922077922	0.04304532022987617	0.20408587087419205	0.38311688311688313	0.030569590978286373	0.009299720067576773	0.35542168674698793	0.005781255478061653	0.018669609724244474	0.010472950132389037	0.3782051282051282	0.37662337662337664	0.06354332801701222	0.026471005954845077	0.017990164845280227	0.3619631901840491	0.3259668508287293	0.09695759273324914	0.38311688311688313	0.38311688311688313	0.38311688311688313	0.026449602920954305	0.026096384890147414	0.051560188087560445	0.02983494136613229	0.3619631901840491	0.052150315732836384	0.10064935064935066	0.04800056555826466	0.3782051282051282	0.03326530625170137	0.30128205128205127	0.055527225260575366	0.003914520637183152	0.03243003140175736	1.0	0.19538461538461538
zh	0.022222222222222223	0.021505376344086023	0.1692072697558148	0.05555555555555555	0.02927927927927928	0.0099241097489784	0.15625	0.003353147386069197	0.03305785123966942	0.010309278350515464	0.10869565217391304	0.0851063829787234	0.02599388379204893	0.023109243697478993	0.011743772241992882	0.3220338983050847	0.22448979591836735	0.06557377049180328	0.2358490566037736	0.03333333333333333	0.010869565217391304	0.01077788191190253	0.1	0.14606741573033707	0.10126582278481013	0.29850746268656714	0.035856573705179286	0.05201342281879195	0.03024193548387097	0.13333333333333333	0.010994263862332695	0.0	0.051440329218107	0.0023872679045092837	0.10759493670886076	0.19538461538461538	0.5
