arz	bs	ceb	ckb	da	de	el	en	es	fr	he	hi	hu	id	it	ja	ko	lv	mk	ml	mr	nl	pl	pt	ro	ru	sh	si	simple	sr	sv	te	union	vi	war	zh
arz	0.007310105336092029	0.03227575962539022	0.09094214876033058	0.03334555888888889	0.01614204501067144	0.014500318213193239	0.019621691278745104	0.010213468598837535	0.012993930679709898	0.011370224304366352	0.013708578723215615	0.02565418080802696	0.014296334906334906	0.013167256428540075	0.011770937442632945	0.012353913584366258	0.013168979401839514	0.020009200799999998	0.02327529746999568	0.023826553333424216	0.03032418188074956	0.012998488115371232	0.014714969078074614	0.013165688715030821	0.014295311025311026	0.010759166959768184	0.021291990040742417	0.11113580246913579	0.02042191879509664	0.01563452710498584	0.012507505942192194	0.02941782006920415	0.007310105336092029	0.01667945083972862	0.07146938775510203	0.012832036523076722
bs	0.03227575962539022	0.0036808107563797575	0.09095867768595041	0.03705487654320987	0.011500333201215483	0.01087571065689981	0.016675	0.006761004611029948	0.009015180017855694	0.008201560669174952	0.009180206632438348	0.016401506046761626	0.011634533666846945	0.00763906718722685	0.008855121387735922	0.00813490918104303	0.010423723958333332	0.018530180727023317	0.01724970511296076	0.017865754145408162	0.01887468921324315	0.008935031010841837	0.012203156603212372	0.008552197311710133	0.012055454347510524	0.008854964680084579	0.007252994223902542	0.0588512214532872	0.012349642584971803	0.0074136644170096026	0.007758310618352262	0.02440035693039857	0.0036808107563797575	0.012201817816775729	0.11114814814814815	0.010108360269360269
ceb	0.09094214876033058	0.09095867768595041	0.01676296370967742	0.125046875	0.035850397938631644	0.020490017600193467	0.06253125	0.018285435883764332	0.02504006952154623	0.0193109014124833	0.021362738809511762	0.05884429065743945	0.03043429257326538	0.021793789200229733	0.025044461444839194	0.033384501214641496	0.03451487396432818	0.04171008680555556	0.03036190654955457	0.06253515625	0.07145918367346937	0.023841854883786845	0.0250773949183725	0.02392880378065963	0.02179894825563924	0.0182837803252466	0.04350852555014375	0.20007999999999998	0.034592776636034994	0.04351232899255406	0.03239647041052667	0.14291836734693877	0.01676296370967742	0.04169445486980036	0.14295918367346938	0.022305080960357344
ckb	0.03334555888888889	0.03705487654320987	0.125046875	0.009719677354798478	0.022738639462809917	0.021749527410207935	0.027039444850255657	0.013707641024398391	0.01755278547245306	0.016673335	0.017249407550535077	0.02326609248242293	0.022740189049586777	0.017552482614963377	0.017249704815695602	0.017551557094490612	0.021286103666817564	0.028591023673469385	0.04168055729166667	0.02858368082368082	0.030311295684113865	0.01961822683583237	0.030315886134067948	0.01786607142857143	0.02440511957168352	0.01755309541397353	0.02439976204640095	0.1111111111111111	0.02565023011176857	0.022738122933884296	0.020012007207207205	0.029423875432525948	0.009719677354798478	0.02175047495274102	0.16675	0.016675837504170836
da	0.01614204501067144	0.011500333201215483	0.035850397938631644	0.022738639462809917	0.0008606529673693036	0.0026070046976019185	0.0050535663197632886	0.0016800721916569775	0.002138488381809814	0.001899532428934859	0.0023554812071168276	0.006759269084003653	0.003052318492958802	0.0024774792908453126	0.0020509423634562122	0.0020849100402190643	0.002446944090162677	0.007359972319529737	0.007943884617620916	0.008200419312958082	0.009904915405064215	0.0022398462552361375	0.002988157952457501	0.002214230302938987	0.0031981727687190897	0.002063754111772087	0.004741697403251031	0.030317727272727267	0.0036530155994883083	0.004239788161323043	0.0019008982139189013	0.012661112001281847	0.0008606529673693036	0.0038941884263143877	0.06252734374999999	0.002264795620143401
de	0.014500318213193239	0.01087571065689981	0.020490017600193467	0.021749527410207935	0.0026070046976019185	0.0003821254594531604	0.0046980765283346345	0.0008120407986040481	0.0014698577262316638	0.0010978206444347766	0.0015740291825718897	0.005684885912287546	0.0025286736637359928	0.001944104976258797	0.0013924014365663557	0.001502833074388559	0.002423313986284113	0.006716140309536147	0.006672540368246358	0.00606446428025822	0.00787842098369682	0.001551953824145118	0.0018643367656119658	0.001699414255074107	0.002803833484793868	0.0013260888306695893	0.003790420643800224	0.03227367637877212	0.003177563882456961	0.003369629236419485	0.001744158922684569	0.010531967091412742	0.0003821254594531604	0.003108147294945345	0.06253515625	0.0014897788189487658
el	0.019621691278745104	0.016675	0.06253125	0.027039444850255657	0.0050535663197632886	0.0046980765283346345	0.0019034945462276167	0.0026760279178274617	0.003804941606789168	0.00339206020109164	0.0043316280991735545	0.008854022241365807	0.005239083907130177	0.004239874623294653	0.003638704621725858	0.0038784332674871853	0.004527160050285949	0.010424045138888888	0.010760784832583768	0.009179783099065735	0.01191085615079365	0.004675780090335771	0.004697657784478918	0.0035235325831683697	0.005028434711750208	0.003392175386739799	0.006671067333333333	0.03847633136094674	0.006026927675243832	0.005991144466026499	0.0038487581511837277	0.012055595877485845	0.0019034945462276167	0.006176993789590536	0.07145408163265306	0.0038932615787978324
en	0.010213468598837535	0.006761004611029948	0.018285435883764332	0.013707641024398391	0.0016800721916569775	0.0008120407986040481	0.0026760279178274617	7.094229643428599e-05	0.0007135062884569616	0.0004448693117539009	0.0007523173272111578	0.0018713184315099886	0.0011751080327068136	0.0008402368790612865	0.0006514300397647432	0.0006741322909660647	0.001036453569891488	0.005105894757835719	0.004634844877298343	0.002306892848418815	0.00249137137552132	0.0009767297430492523	0.001161626850037215	0.0007422871822862733	0.0017475582586616552	0.0006174215448320636	0.002546395303539618	0.02042191045397751	0.0018588929401431307	0.0021072145970544454	0.0009537236763103219	0.0046992298634159135	7.094229643428599e-05	0.0017053664467660797	0.05886159169550173	0.0006359293612682447
es	0.012993930679709898	0.009015180017855694	0.02504006952154623	0.01755278547245306	0.002138488381809814	0.0014698577262316638	0.003804941606789168	0.0007135062884569616	0.0003684656402791454	0.0009058571322083705	0.0013238092278622419	0.0040346157160509885	0.001958771997580539	0.0013084105815990442	0.0010450072691326538	0.0011611193683736427	0.0017374199375608701	0.005992435082613898	0.006139715689005769	0.005028081791243024	0.006027182174481056	0.001313686925946896	0.001874579573905564	0.0011171535407223925	0.0022243873016531907	0.0011705975025227276	0.0032808289826510195	0.02633102770083102	0.0024055638315035955	0.002458971736389728	0.0013328409543783976	0.006805636540330417	0.0003684656402791454	0.0024955958692394124	0.06669777777777779	0.0013399531177332143
fr	0.011370224304366352	0.008201560669174952	0.0193109014124833	0.016673335	0.001899532428934859	0.0010978206444347766	0.00339206020109164	0.0004448693117539009	0.0009058571322083705	0.00022262059368150346	0.0009581685773956028	0.003625672645292777	0.001308689432664983	0.0011236710053399795	0.000839821339765994	0.0009496273232656882	0.0013237877810132414	0.005294730131379946	0.005409676473384927	0.00437082422227002	0.003805294053250332	0.0011401427865477042	0.0014529042662468656	0.001072952127099359	0.001989846689984312	0.0008971406794656998	0.0028188319332181876	0.025014378125	0.002166523581644405	0.0022440668605064615	0.0011376765772397792	0.005653871085846883	0.00022262059368150346	0.0022694064958346345	0.05558333333333333	0.0009607249469684958
he	0.013708578723215615	0.009180206632438348	0.021362738809511762	0.017249407550535077	0.0023554812071168276	0.0015740291825718897	0.0043316280991735545	0.0007523173272111578	0.0013238092278622419	0.0009581685773956028	0.0003146490154087852	0.005378715112181206	0.002383285380139841	0.0016463955961002518	0.0011913844548112242	0.0014054540037582931	0.0020379175472197823	0.006101912775803763	0.006215815296154018	0.005817200109080146	0.00806809410848153	0.0016248933252258394	0.002026079640800973	0.0015591506529288321	0.0023550667331686723	0.001243862139327866	0.00330249924484845	0.0312636767578125	0.0026132117043229167	0.003013774171083144	0.0015939343269706777	0.008550222806633062	0.0003146490154087852	0.0029784164039878707	0.06671111111111112	0.001485156371852174
hi	0.02565418080802696	0.016401506046761626	0.05884429065743945	0.02326609248242293	0.006759269084003653	0.005684885912287546	0.008854022241365807	0.0018713184315099886	0.0040346157160509885	0.003625672645292777	0.005378715112181206	0.0012274063823243264	0.006539196251230083	0.004151685939948058	0.004653218821720585	0.004084049797302508	0.005408357985099783	0.014498635370720436	0.01333671128888889	0.005029776246640041	0.004315088704640136	0.005919786633031968	0.0060999779149315874	0.003909073715209961	0.008067768731270292	0.003970948477152511	0.00840682190523268	0.03334444444444444	0.006898787681331748	0.008004226560768768	0.005002976777027954	0.007758315494028973	0.0012274063823243264	0.006496880713906688	0.08335416666666667	0.004569151499156629
hu	0.014296334906334906	0.011634533666846945	0.03043429257326538	0.022740189049586777	0.003052318492958802	0.0025286736637359928	0.005239083907130177	0.0011751080327068136	0.001958771997580539	0.001308689432664983	0.002383285380139841	0.006539196251230083	0.0007237089319178429	0.0022145965072326427	0.002026350155841372	0.0018883743548855191	0.0020805504523848063	0.007699706213017752	0.007699356580379219	0.008479318588913532	0.004698652762507465	0.0024236838546547205	0.0028523896959815726	0.002134249041836601	0.003089629544708205	0.001906736349866048	0.004388831987747597	0.034497028537455406	0.003805747722680594	0.004332252316607547	0.002176355871361809	0.009905891579256934	0.0007237089319178429	0.004222669766991743	0.0555895061728395	0.0015642681971082808
id	0.013167256428540075	0.00763906718722685	0.021793789200229733	0.017552482614963377	0.0024774792908453126	0.001944104976258797	0.004239874623294653	0.0008402368790612865	0.0013084105815990442	0.0011236710053399795	0.0016463955961002518	0.004151685939948058	0.0022145965072326427	0.0005277901323974267	0.0012467351685824736	0.0012652992240733242	0.001856793277067687	0.006671068133822712	0.0060289276458622325	0.004428190533696516	0.006373896034805805	0.0015740078761176527	0.0022048760043213936	0.0013730004150360573	0.0024772187827462617	0.0013675322407365165	0.0032594209717797793	0.025011252499999997	0.00269067162864949	0.002593013359305	0.001478761147971686	0.006454360999626057	0.0005277901323974267	0.002697505666762952	0.05886505536332179	0.0014745298128148597
it	0.011770937442632945	0.008855121387735922	0.025044461444839194	0.017249704815695602	0.0020509423634562122	0.0013924014365663557	0.003638704621725858	0.0006514300397647432	0.0010450072691326538	0.000839821339765994	0.0011913844548112242	0.004653218821720585	0.002026350155841372	0.0012467351685824736	0.0003064271615406741	0.0011777348490510224	0.001774600931580806	0.005686112991316472	0.0057854979199910336	0.005438092511048384	0.006539453332139435	0.0013120136707998008	0.0016852698753263239	0.0011196506955300518	0.002030367116452028	0.00107863348660957	0.003051022226393463	0.025016253125	0.002417374527726148	0.002338498753649028	0.001285237310736248	0.0077547623940868934	0.0003064271615406741	0.002620009939088639	0.058858131487889265	0.0013206364800526069
ja	0.012353913584366258	0.00813490918104303	0.033384501214641496	0.017551557094490612	0.0020849100402190643	0.001502833074388559	0.0038784332674871853	0.0006741322909660647	0.0011611193683736427	0.0009496273232656882	0.0014054540037582931	0.004084049797302508	0.0018883743548855191	0.0012652992240733242	0.0011777348490510224	0.00034385789024750656	0.0013275311010550134	0.00641531221318294	0.005529687680875744	0.004369540989913446	0.005559013457593396	0.001442384756165508	0.001921170566170974	0.0012686011384784373	0.0023006443091756847	0.0012043656143686523	0.002803138959242359	0.026329643351800554	0.002354503624588602	0.002465174121900275	0.0012575394468452854	0.005955889633858631	0.00034385789024750656	0.002285223427918713	0.055592592592592596	0.0011208756795805332
ko	0.013168979401839514	0.010423723958333332	0.03451487396432818	0.021286103666817564	0.002446944090162677	0.002423313986284113	0.004527160050285949	0.001036453569891488	0.0017374199375608701	0.0013237877810132414	0.0020379175472197823	0.005408357985099783	0.0020805504523848063	0.001856793277067687	0.001774600931580806	0.0013275311010550134	0.0005350887628270101	0.00667235715662329	0.007047711517607669	0.006214035454303886	0.005105507162592621	0.0021807296976266836	0.0025731418217826976	0.0018196147466170921	0.002978698946121222	0.0017375077717188805	0.003599556157459152	0.025015004374999997	0.0030415015679291332	0.003535843213701534	0.0016934806219897087	0.008852298535515701	0.0005350887628270101	0.003137570291306727	0.055592592592592596	0.0012419801419408325
lv	0.020009200799999998	0.018530180727023317	0.04171008680555556	0.028591023673469385	0.007359972319529737	0.006716140309536147	0.010424045138888888	0.005105894757835719	0.005992435082613898	0.005294730131379946	0.006101912775803763	0.014498635370720436	0.007699706213017752	0.006671068133822712	0.005686112991316472	0.00641531221318294	0.00667235715662329	0.003272386198321864	0.013526849892624546	0.01667583361111111	0.017865752869897958	0.006374986247759382	0.0071485735723989296	0.006498399267077838	0.007525413817571315	0.005409322045756494	0.009180626042758523	0.0500200075	0.00862671061236623	0.007696806154675384	0.006216583118668996	0.022738636363636364	0.003272386198321864	0.008935509089446588	0.07147959183673469	0.006333722641284129
mk	0.02327529746999568	0.01724970511296076	0.03036190654955457	0.04168055729166667	0.007943884617620916	0.006672540368246358	0.010760784832583768	0.004634844877298343	0.006139715689005769	0.005409676473384927	0.006215815296154018	0.01333671128888889	0.007699356580379219	0.0060289276458622325	0.0057854979199910336	0.005529687680875744	0.007047711517607669	0.013526849892624546	0.0031298515049985975	0.015631104248535643	0.018189754380165287	0.006584405390678123	0.0069991272068299125	0.005922664981242606	0.007361060891402928	0.0053528055267500875	0.008701856488854074	0.04169097569444444	0.008553810299463048	0.009266125179795625	0.006498658644079032	0.025006874999999998	0.0031298515049985975	0.007880032427864656	0.07146428571428572	0.005753046848584206
ml	0.023826553333424216	0.017865754145408162	0.06253515625	0.02858368082368082	0.008200419312958082	0.00606446428025822	0.009179783099065735	0.002306892848418815	0.005028081791243024	0.00437082422227002	0.005817200109080146	0.005029776246640041	0.008479318588913532	0.004428190533696516	0.005438092511048384	0.004369540989913446	0.006214035454303886	0.01667583361111111	0.015631104248535643	0.0019447357601463868	0.006416758772396259	0.006333482938153664	0.007095971027614306	0.004857998091408403	0.008337014514514515	0.004488311556349783	0.008777316558941213	0.05557098765432098	0.00781653082299829	0.00826849498026132	0.005351513429758628	0.009015999533519762	0.0019447357601463868	0.007465862999221097	0.09094214876033058	0.00555880139720496
mr	0.03032418188074956	0.01887468921324315	0.07145918367346937	0.030311295684113865	0.009904915405064215	0.00787842098369682	0.01191085615079365	0.00249137137552132	0.006027182174481056	0.003805294053250332	0.00806809410848153	0.004315088704640136	0.004698652762507465	0.006373896034805805	0.006539453332139435	0.005559013457593396	0.005105507162592621	0.017865752869897958	0.018189754380165287	0.006416758772396259	0.001367040916773434	0.007579374656681475	0.00847823915541511	0.006065455096418734	0.010314275162717186	0.005498251904633773	0.01064361736079674	0.047628117913832195	0.00917801700362091	0.010314489534704223	0.006900501594865687	0.009531527264134884	0.001367040916773434	0.00847874296222393	0.08336111111111111	0.004655066910013932
nl	0.012998488115371232	0.008935031010841837	0.023841854883786845	0.01961822683583237	0.0022398462552361375	0.001551953824145118	0.004675780090335771	0.0009767297430492523	0.001313686925946896	0.0011401427865477042	0.0016248933252258394	0.005919786633031968	0.0024236838546547205	0.0015740078761176527	0.0013120136707998008	0.001442384756165508	0.0021807296976266836	0.006374986247759382	0.006584405390678123	0.006333482938153664	0.007579374656681475	0.0005727071048387022	0.00203075802596875	0.0014741917782350148	0.0027805964688466496	0.0014872634320402813	0.003561925027369576	0.032274719042663894	0.002934874709953768	0.002720021918976679	0.0014944486223162554	0.00917894116656847	0.0005727071048387022	0.0028759930083508663	0.055592592592592596	0.0015567041143148203
pl	0.014714969078074614	0.012203156603212372	0.0250773949183725	0.030315886134067948	0.002988157952457501	0.0018643367656119658	0.004697657784478918	0.001161626850037215	0.001874579573905564	0.0014529042662468656	0.002026079640800973	0.0060999779149315874	0.0028523896959815726	0.0022048760043213936	0.0016852698753263239	0.001921170566170974	0.0025731418217826976	0.0071485735723989296	0.0069991272068299125	0.007095971027614306	0.00847823915541511	0.00203075802596875	0.0006187999806865052	0.002081025645606813	0.0029529573881651706	0.0015740308617340918	0.00440839362547591	0.030321400367309456	0.0034633277693861785	0.004019019263085628	0.002026750209048613	0.0116308815575987	0.0006187999806865052	0.0037066144747641473	0.06670222222222223	0.0019981846193815886
pt	0.013165688715030821	0.008552197311710133	0.02392880378065963	0.01786607142857143	0.002214230302938987	0.001699414255074107	0.0035235325831683697	0.0007422871822862733	0.0011171535407223925	0.001072952127099359	0.0015591506529288321	0.003909073715209961	0.002134249041836601	0.0013730004150360573	0.0011196506955300518	0.0012686011384784373	0.0018196147466170921	0.006498399267077838	0.005922664981242606	0.004857998091408403	0.006065455096418734	0.0014741917782350148	0.002081025645606813	0.0004794972420097379	0.002209851090073272	0.0012090878246351121	0.003228087255154697	0.02382029875283447	0.0024591574022658387	0.0024471652094891832	0.0014720955590866093	0.008199476014512227	0.0004794972420097379	0.002527282518395431	0.05559568209876543	0.0014382181244158142
ro	0.014295311025311026	0.012055454347510524	0.02179894825563924	0.02440511957168352	0.0031981727687190897	0.002803833484793868	0.005028434711750208	0.0017475582586616552	0.0022243873016531907	0.001989846689984312	0.0023550667331686723	0.008067768731270292	0.003089629544708205	0.0024772187827462617	0.002030367116452028	0.0023006443091756847	0.002978698946121222	0.007525413817571315	0.007361060891402928	0.008337014514514515	0.010314275162717186	0.0027805964688466496	0.0029529573881651706	0.002209851090073272	0.0010077497812261166	0.00186754594042768	0.005131523004326175	0.034499409036860884	0.004240509187055237	0.004135411539900698	0.0025733318074323192	0.011768581314878892	0.0010077497812261166	0.004314008122235456	0.06253906249999999	0.0023838512997085212
ru	0.010759166959768184	0.008854964680084579	0.0182837803252466	0.01755309541397353	0.002063754111772087	0.0013260888306695893	0.003392175386739799	0.0006174215448320636	0.0011705975025227276	0.0008971406794656998	0.001243862139327866	0.003970948477152511	0.001906736349866048	0.0013675322407365165	0.00107863348660957	0.0012043656143686523	0.0017375077717188805	0.005409322045756494	0.0053528055267500875	0.004488311556349783	0.005498251904633773	0.0014872634320402813	0.0015740308617340918	0.0012090878246351121	0.00186754594042768	0.0003107364932476874	0.003270133808412155	0.027042368882395904	0.0025086112224052036	0.002585886993902265	0.0013787378040324785	0.006176692510000949	0.0003107364932476874	0.002579241366879873	0.05886159169550173	0.0013034917947875337
sh	0.021291990040742417	0.007252994223902542	0.04350852555014375	0.02439976204640095	0.004741697403251031	0.003790420643800224	0.006671067333333333	0.002546395303539618	0.0032808289826510195	0.0028188319332181876	0.00330249924484845	0.00840682190523268	0.004388831987747597	0.0032594209717797793	0.003051022226393463	0.002803138959242359	0.003599556157459152	0.009180626042758523	0.008701856488854074	0.008777316558941213	0.01064361736079674	0.003561925027369576	0.00440839362547591	0.003228087255154697	0.005131523004326175	0.003270133808412155	0.0014283029582263182	0.03706311248285322	0.004466777344388793	0.002828017076744603	0.003292279641510399	0.013705010320885717	0.0014283029582263182	0.004857551867849563	0.06670666666666666	0.0033245348085709035
si	0.11113580246913579	0.0588512214532872	0.20007999999999998	0.1111111111111111	0.030317727272727267	0.03227367637877212	0.03847633136094674	0.02042191045397751	0.02633102770083102	0.025014378125	0.0312636767578125	0.03334444444444444	0.034497028537455406	0.025011252499999997	0.025016253125	0.026329643351800554	0.025015004374999997	0.0500200075	0.04169097569444444	0.05557098765432098	0.047628117913832195	0.032274719042663894	0.030321400367309456	0.02382029875283447	0.034499409036860884	0.027042368882395904	0.03706311248285322	0.017257732461355528	0.040012799999999994	0.03334889666666667	0.027792441358024687	0.07692899408284024	0.017257732461355528	0.03573214923469387	0.3333333333333333	0.022232596543209873
simple	0.02042191879509664	0.012349642584971803	0.034592776636034994	0.02565023011176857	0.0036530155994883083	0.003177563882456961	0.006026927675243832	0.0018588929401431307	0.0024055638315035955	0.002166523581644405	0.0026132117043229167	0.006898787681331748	0.003805747722680594	0.00269067162864949	0.002417374527726148	0.002354503624588602	0.0030415015679291332	0.00862671061236623	0.008553810299463048	0.00781653082299829	0.00917801700362091	0.002934874709953768	0.0034633277693861785	0.0024591574022658387	0.004240509187055237	0.0025086112224052036	0.004466777344388793	0.040012799999999994	0.0010503482133550608	0.004221779561702476	0.002697953896958111	0.012348879743941471	0.0010503482133550608	0.0037482398485042864	0.06671555555555556	0.002442226661697728
sr	0.01563452710498584	0.0074136644170096026	0.04351232899255406	0.022738122933884296	0.004239788161323043	0.003369629236419485	0.005991144466026499	0.0021072145970544454	0.002458971736389728	0.0022440668605064615	0.003013774171083144	0.008004226560768768	0.004332252316607547	0.002593013359305	0.002338498753649028	0.002465174121900275	0.003535843213701534	0.007696806154675384	0.009266125179795625	0.00826849498026132	0.010314489534704223	0.002720021918976679	0.004019019263085628	0.0024471652094891832	0.004135411539900698	0.002585886993902265	0.002828017076744603	0.03334889666666667	0.004221779561702476	0.001163796232352028	0.0024776278668345387	0.012826429980276135	0.001163796232352028	0.004407870016498012	0.07147448979591838	0.0032920125466613394
sv	0.012507505942192194	0.007758310618352262	0.03239647041052667	0.020012007207207205	0.0019008982139189013	0.001744158922684569	0.0038487581511837277	0.0009537236763103219	0.0013328409543783976	0.0011376765772397792	0.0015939343269706777	0.005002976777027954	0.002176355871361809	0.001478761147971686	0.001285237310736248	0.0012575394468452854	0.0016934806219897087	0.006216583118668996	0.006498658644079032	0.005351513429758628	0.006900501594865687	0.0014944486223162554	0.002026750209048613	0.0014720955590866093	0.0025733318074323192	0.0013787378040324785	0.003292279641510399	0.027792441358024687	0.002697953896958111	0.0024776278668345387	0.0004868226919867861	0.007197921849182136	0.0004868226919867861	0.0029962648211272172	0.058851211072664354	0.0015354697600431053
te	0.02941782006920415	0.02440035693039857	0.14291836734693877	0.029423875432525948	0.012661112001281847	0.010531967091412742	0.012055595877485845	0.0046992298634159135	0.006805636540330417	0.005653871085846883	0.008550222806633062	0.007758315494028973	0.009905891579256934	0.006454360999626057	0.0077547623940868934	0.005955889633858631	0.008852298535515701	0.022738636363636364	0.025006874999999998	0.009015999533519762	0.009531527264134884	0.00917894116656847	0.0116308815575987	0.008199476014512227	0.011768581314878892	0.006176692510000949	0.013705010320885717	0.07692899408284024	0.012348879743941471	0.012826429980276135	0.007197921849182136	0.002478727261624709	0.002478727261624709	0.012199881023200475	0.11114814814814815	0.00926414609053498
union	0.007310105336092029	0.0036808107563797575	0.01676296370967742	0.009719677354798478	0.0008606529673693036	0.0003821254594531604	0.0019034945462276167	7.094229643428599e-05	0.0003684656402791454	0.00022262059368150346	0.0003146490154087852	0.0012274063823243264	0.0007237089319178429	0.0005277901323974267	0.0003064271615406741	0.00034385789024750656	0.0005350887628270101	0.003272386198321864	0.0031298515049985975	0.0019447357601463868	0.001367040916773434	0.0005727071048387022	0.0006187999806865052	0.0004794972420097379	0.0010077497812261166	0.0003107364932476874	0.0014283029582263182	0.017257732461355528	0.0010503482133550608	0.001163796232352028	0.0004868226919867861	0.002478727261624709	3.459556093075155e-05	0.0012457325291018238	0.05561420061728395	0.0003015589540826952
vi	0.01667945083972862	0.012201817816775729	0.04169445486980036	0.02175047495274102	0.0038941884263143877	0.003108147294945345	0.006176993789590536	0.0017053664467660797	0.0024955958692394124	0.0022694064958346345	0.0029784164039878707	0.006496880713906688	0.004222669766991743	0.002697505666762952	0.002620009939088639	0.002285223427918713	0.003137570291306727	0.008935509089446588	0.007880032427864656	0.007465862999221097	0.00847874296222393	0.0028759930083508663	0.0037066144747641473	0.002527282518395431	0.004314008122235456	0.002579241366879873	0.004857551867849563	0.03573214923469387	0.0037482398485042864	0.004407870016498012	0.0029962648211272172	0.012199881023200475	0.0012457325291018238	0.0012457325291018238	0.055592592592592596	0.002465473688271283
war	0.07146938775510203	0.11114814814814815	0.14295918367346938	0.16675	0.06252734374999999	0.06253515625	0.07145408163265306	0.05886159169550173	0.06669777777777779	0.05558333333333333	0.06671111111111112	0.08335416666666667	0.0555895061728395	0.05886505536332179	0.058858131487889265	0.055592592592592596	0.055592592592592596	0.07147959183673469	0.07146428571428572	0.09094214876033058	0.08336111111111111	0.055592592592592596	0.06670222222222223	0.05559568209876543	0.06253906249999999	0.05886159169550173	0.06670666666666666	0.3333333333333333	0.06671555555555556	0.07147448979591838	0.058851211072664354	0.11114814814814815	0.05561420061728395	0.055592592592592596	0.05561420061728395	0.06253515625
zh	0.012832036523076722	0.010108360269360269	0.022305080960357344	0.016675837504170836	0.002264795620143401	0.0014897788189487658	0.0038932615787978324	0.0006359293612682447	0.0013399531177332143	0.0009607249469684958	0.001485156371852174	0.004569151499156629	0.0015642681971082808	0.0014745298128148597	0.0013206364800526069	0.0011208756795805332	0.0012419801419408325	0.006333722641284129	0.005753046848584206	0.00555880139720496	0.004655066910013932	0.0015567041143148203	0.0019981846193815886	0.0014382181244158142	0.0023838512997085212	0.0013034917947875337	0.0033245348085709035	0.022232596543209873	0.002442226661697728	0.0032920125466613394	0.0015354697600431053	0.00926414609053498	0.0003015589540826952	0.002465473688271283	0.06253515625	0.0003015589540826952
