arz	bs	ceb	ckb	da	de	el	en	es	fr	he	hi	hu	id	it	ja	ko	lv	mk	ml	mr	nl	pl	pt	ro	ru	sh	si	simple	sr	sv	te	tr	union	vi	war	zh
arz	0.007645656431909562	0.013527032689737033	0.0312763671875	0.02129788547351743	0.009535153380226757	0.010319166012541183	0.012673776479570579	0.01725684750564804	0.008706319320831758	0.009183491037370591	0.009720809502969175	0.07149489795918366	0.010112648405060707	0.012512347187500002	0.010216061018013327	0.009018834673727782	0.010881622166469753	0.01112432469345679	0.011001330515638206	0.03451130439952437	0.029439448961937714	0.0100099041013	0.010763329634871085	0.00918509224989479	0.010538067037562326	0.009444823780704877	0.011915961310941043	0.5	0.01614438579890739	0.0100107053013	0.010320974068976512	1.0	1.0	0.3333333333333333	0.010213562683673467	0.03706721536351166	0.013713651343966972
bs	0.013527032689737033	0.002557942033190467	0.029435121107266437	0.013348285003234006	0.00479056511754805	0.00508185314852879	0.005894313029221289	0.005696442953207158	0.003958182635731945	0.004157930343868184	0.004908224235824062	0.055595679012345675	0.0038996275241903852	0.006380164023450978	0.0036977569818714205	0.003943185310427402	0.005303161200581806	0.006500979903252264	0.006768797081172096	0.018550488492764333	0.029442923882352943	0.005186971043586213	0.005854671766962057	0.004173463218795051	0.005446228386938899	0.0047003387086321695	0.0038109764237192188	1.0	0.008629997802373904	0.00452997489780755	0.0056559838989666735	0.50025	0.5	0.004865216673650527	0.004677777754643232	0.031272460937499996	0.005509068732305985
ceb	0.0312763671875	0.029435121107266437	0.017875	0.05558641975308641	0.02566074950690335	0.026334487534626038	0.02780015432098765	0.0370562414266118	0.0200168	0.021752362948960303	0.020424822990420657	0.16672222222222222	0.020848090277777773	0.028591836734693878	0.020849826388888888	0.02084939236111111	0.02382936507936508	0.027800925925925927	0.0256620644312952	0.058858131487889265	0.050034999999999996	0.0227422520661157	0.025661406969099278	0.0200164	0.023273120605732826	0.022742768595041322	0.02779861111111111	0.5	0.03706172839506173	0.02223802469135802	0.025019375	1.0	0.3333333333333333	0.0588719723183391	0.02382766439909297	0.0555895061728395	0.031272460937499996
ckb	0.02129788547351743	0.013348285003234006	0.05558641975308641	0.004861801760880692	0.007583916616398309	0.007582709200993922	0.009911985119526654	0.00633621311766518	0.006587226946394769	0.007150520523283241	0.007642105600565201	0.07698224852071005	0.008482847258207802	0.012060541010451443	0.007203002705728874	0.006951107552579496	0.009268614985531925	0.010320765768422373	0.012207324213414633	0.030328757575757575	0.040041612799999994	0.008341465426680437	0.00807232896541619	0.00704994977178051	0.010214923486591247	0.008072523354455586	0.013001198034103777	0.3333333333333333	0.010426659084871987	0.009268182615655008	0.008780015699215143	0.50025	0.0	0.006427791412816887	0.008629244062730983	0.04169791666666667	0.007882336677250638
da	0.009535153380226757	0.00479056511754805	0.02566074950690335	0.007583916616398309	0.0008849329310130501	0.0016997440071630748	0.00300846919718667	0.0016233872614146007	0.0013987403772316963	0.0015331477102744845	0.002225668469330681	0.05004751999999999	0.0019368274495645181	0.004036947319150392	0.0015996413436850175	0.0014812949502326395	0.00272220168901164	0.004053257226261846	0.004594237353079987	0.01668223945806918	0.022754653409090907	0.0020767788172443226	0.0023903695974006756	0.00185790228552818	0.002911820240542515	0.0018443031808442914	0.0033709210423512373	0.5	0.0040702362883569005	0.0030705093958429334	0.0022505670000908975	0.5	0.0500075	0.0015696673551394075	0.0026420503257223085	0.026335180055401655	0.002535932823471383
de	0.010319166012541183	0.00508185314852879	0.026334487534626038	0.007582709200993922	0.0016997440071630748	0.00029917527222650685	0.002812420294749056	0.0007055256453700787	0.0008774144802475967	0.0007296695982664513	0.001878284527111224	0.04765532879818594	0.00150080625698389	0.004052983380391697	0.0008691183901098658	0.0009125870588691283	0.0021211459780190846	0.004153790767597152	0.005005686325834812	0.014296541232659391	0.024412857230814988	0.0012883756098508211	0.001392418004813311	0.0013528105660922034	0.002684293701629803	0.001088269978085412	0.0034758333834594203	1.0	0.003721112195474508	0.0028516699719665856	0.0015891414339123087	1.0	0.01695461074403907	0.00015236817374134065	0.0025279492580016823	0.031269531249999996	0.001778404791548584
el	0.012673776479570579	0.005894313029221289	0.02780015432098765	0.009911985119526654	0.00300846919718667	0.002812420294749056	0.0017558237034294892	0.002543571408028327	0.0023136840661380632	0.0024549376706444973	0.0032320116623682895	0.0714898163265306	0.002862800178298826	0.004862069193559918	0.0023412121625309957	0.002390595968906284	0.00355449011073731	0.005270229097466752	0.005661843105395186	0.016419566895415932	0.023834476193877546	0.0033595397668732254	0.003465940372227068	0.0025626687227138776	0.003671674043797889	0.0028700837162158282	0.004262949748979772	0.5	0.005007661946261035	0.004189292453285665	0.0035398212133194804	0.50025	0.25	0.001821437010856067	0.0037228597270023995	0.03705761316872428	0.0032130350948119334
en	0.01725684750564804	0.005696442953207158	0.0370562414266118	0.00633621311766518	0.0016233872614146007	0.0007055256453700787	0.002543571408028327	0.00015827316899163975	0.0006266852674498463	0.0005330809812701572	0.001854904231972656	0.0312763701171875	0.001427399827340209	0.003306897633887071	0.0006886251589026487	0.0006873500099852268	0.00168387344994256	0.0048598659022662544	0.0049879406004091275	0.009450292487349651	0.031282238288085934	0.0013154677494003218	0.0013717797483068688	0.0010018190884400092	0.0024113954954968443	0.0009536887990331261	0.0032424728043739144	0.5	0.003129531602842205	0.0029446361178825605	0.0015243208006299597	0.33355555555555555	0.010107642077339047	6.00809880817752e-05	0.0024014499078930445	0.03336	0.001253573000472794
es	0.008706319320831758	0.003958182635731945	0.0200168	0.006587226946394769	0.0013987403772316963	0.0008774144802475967	0.0023136840661380632	0.0006266852674498463	0.00036086300794443044	0.0007161465084040775	0.0014859559270807077	0.04550001859504132	0.0012181945091433795	0.0033712858207065265	0.0007703364091499893	0.0007750032173379397	0.001872201480035055	0.0032937869543891037	0.004087759967612777	0.01450769274757514	0.021301502493435945	0.001214838026589389	0.001335184299617964	0.0011290471439194837	0.00216832386043196	0.0009964045463380007	0.002820498077262044	1.0	0.0028207654423059946	0.002099000846521234	0.0015359055967096016	0.50025	0.026318559556786702	0.00029082427150360765	0.0018858191906521117	0.027052593133674214	0.0015976213889676593
fr	0.009183491037370591	0.004157930343868184	0.021752362948960303	0.007150520523283241	0.0015331477102744845	0.0007296695982664513	0.0024549376706444973	0.0005330809812701572	0.0007161465084040775	0.00021172504500387404	0.0015717163767511753	0.030329665748393016	0.001116554795657938	0.002929448840864784	0.0006809442716177605	0.0006839254739136864	0.00172831843559529	0.0034519193785737044	0.0037663338077498277	0.010016536699871343	0.022245933336296295	0.0011148347040978823	0.0013069214583715056	0.0010676525228089707	0.0021926272701732	0.0009059847615756381	0.002670994251343922	0.5	0.003271547695273353	0.002366604440891597	0.0015426011520182233	0.50025	0.013704822668418087	0.0001228086149611186	0.002085545370294341	0.030324150596877868	0.0014502820725567351
he	0.009720809502969175	0.004908224235824062	0.020424822990420657	0.007642105600565201	0.002225668469330681	0.001878284527111224	0.0032320116623682895	0.001854904231972656	0.0014859559270807077	0.0015717163767511753	0.0008979489274263048	0.0526786703601108	0.0019110464974932079	0.003957136724364618	0.0015528760319735567	0.001550156244414301	0.002707430159050845	0.004137034260476122	0.004723887493849938	0.017875652750639348	0.021766550098298674	0.0020265323432307014	0.0023903485845684714	0.0018864443008672486	0.0029638426242766906	0.0018648848758014353	0.0036147039119026818	0.3333333333333333	0.003695191294691362	0.0029101507053788675	0.0024134351121231717	0.5	0.16666666666666666	0.000367844765823499	0.0025350481286224216	0.027046749452154857	0.0024980922438025944
hi	0.07149489795918366	0.055595679012345675	0.16672222222222222	0.07698224852071005	0.05004751999999999	0.04765532879818594	0.0714898163265306	0.0312763701171875	0.04550001859504132	0.030329665748393016	0.0526786703601108	0.02441583045806068	0.0500425175	0.04765986394557823	0.04170313888888889	0.043519863894139886	0.05559878703703704	0.055601851851851854	0.0588719723183391	0.0454896694214876	0.14295918367346938	0.034512485136741974	0.058868512110726634	0.02859755102040816	0.05561113580246914	0.058882352941176455	0.03707270233196159	0.5	0.09100002479338844	0.037071342935528113	0.029438581314878892	1.0	0.0	0.0023637845390975703	0.050045019999999996	0.10007999999999999	0.028595921632653058
hu	0.010112648405060707	0.0038996275241903852	0.020848090277777773	0.008482847258207802	0.0019368274495645181	0.00150080625698389	0.002862800178298826	0.001427399827340209	0.0012181945091433795	0.001116554795657938	0.0019110464974932079	0.0500425175	0.0006158966995482637	0.003539193783512191	0.0011827237017179987	0.0012453954050184628	0.002325674633968601	0.0037498840329526664	0.004089502730670884	0.013721198261602955	0.02224544049679012	0.0015964563116833324	0.002051730710427686	0.001538556816402771	0.0024683788459150804	0.0015011275263922292	0.002751897547682622	1.0	0.003957014746153878	0.0026001892419357806	0.0021671167930717985	1.0	0.055567901234567896	0.0006972944880837707	0.0024241768091627625	0.0322799167533819	0.002150950384937985
id	0.012512347187500002	0.006380164023450978	0.028591836734693878	0.012060541010451443	0.004036947319150392	0.004052983380391697	0.004862069193559918	0.003306897633887071	0.0033712858207065265	0.002929448840864784	0.003957136724364618	0.04765986394557823	0.003539193783512191	0.0019010247610056579	0.0030637053541716732	0.0031488091830724025	0.004300845815596652	0.006141561298586402	0.005597139253752643	0.012367203694082266	0.025025005	0.003835547283475827	0.004907325652811358	0.0032202112875389737	0.0043950358995232044	0.003941401856853236	0.00437252327524663	0.5	0.006586268748274848	0.004102767362494255	0.004352519231710255	0.33344444444444443	0.028584489795918367	0.00230356535169828	0.004409873519158548	0.029435121107266437	0.004040677848850053
it	0.010216061018013327	0.0036977569818714205	0.020849826388888888	0.007203002705728874	0.0015996413436850175	0.0008691183901098658	0.0023412121625309957	0.0006886251589026487	0.0007703364091499893	0.0006809442716177605	0.0015528760319735567	0.04170313888888889	0.0011827237017179987	0.0030637053541716732	0.0003415638058607135	0.000818843118877753	0.0017934818571564393	0.003749756197994334	0.0036974382527627	0.01151597530288984	0.021762768907372398	0.0012238915801734034	0.0013717024175886206	0.0010523067485651565	0.0021790505652115265	0.001031266647498932	0.002562273820995578	0.5	0.0032300712036231133	0.002355643335625054	0.0016858182106503183	0.50025	0.022232592592592592	0.00024016248494650907	0.0019945989851769363	0.029435121107266437	0.0015495104212269787
ja	0.009018834673727782	0.003943185310427402	0.02084939236111111	0.006951107552579496	0.0014812949502326395	0.0009125870588691283	0.002390595968906284	0.0006873500099852268	0.0007750032173379397	0.0006839254739136864	0.001550156244414301	0.043519863894139886	0.0012453954050184628	0.0031488091830724025	0.000818843118877753	0.0003451710289368403	0.0017181784735100637	0.003500115161880563	0.0035514832359661444	0.011375660147767886	0.02176465926606805	0.0012528719070744483	0.0015333231538309754	0.0011643282568756283	0.0020955838690367994	0.0010823887866130862	0.0027433779703328826	0.5	0.0031385365121476072	0.0023012451302347756	0.0017473793547626698	0.50025	0.125	0.00019734545009636174	0.0019825801522217923	0.02779552469135802	0.001545721547143195
ko	0.010881622166469753	0.005303161200581806	0.02382936507936508	0.009268614985531925	0.00272220168901164	0.0021211459780190846	0.00355449011073731	0.00168387344994256	0.001872201480035055	0.00172831843559529	0.002707430159050845	0.05559878703703704	0.002325674633968601	0.004300845815596652	0.0017934818571564393	0.0017181784735100637	0.0010685553931502152	0.004932910468603188	0.004556477842683047	0.013916731224602368	0.02328340725148729	0.0024238983777223016	0.002643034777473631	0.002053884252874845	0.002908189739786229	0.0022509595088884664	0.003976252897888885	0.5	0.004280385684490588	0.0037777946497789872	0.00298107674220392	0.50025	0.2	0.00031412583608939895	0.0030626512042123796	0.026335180055401662	0.0020774503259896452
lv	0.01112432469345679	0.006500979903252264	0.027800925925925927	0.010320765768422373	0.004053257226261846	0.004153790767597152	0.005270229097466752	0.0048598659022662544	0.0032937869543891037	0.0034519193785737044	0.004137034260476122	0.055601851851851854	0.0037498840329526664	0.006141561298586402	0.003749756197994334	0.003500115161880563	0.004932910468603188	0.0018790167478252905	0.006764568759775115	0.022241983709135806	0.02275207438274793	0.004223864719303241	0.004509460298076242	0.0039727168483248525	0.004956874509571162	0.0035632840996715283	0.005382421245015313	0.5	0.006585835882542864	0.004449427482316508	0.00444978428621398	1.0	0.09093388429752067	0.0055020854993692225	0.0048831481617499705	0.0303287419651056	0.004884459768904071
mk	0.011001330515638206	0.006768797081172096	0.0256620644312952	0.012207324213414633	0.004594237353079987	0.005005686325834812	0.005661843105395186	0.0049879406004091275	0.004087759967612777	0.0037663338077498277	0.004723887493849938	0.0588719723183391	0.004089502730670884	0.005597139253752643	0.0036974382527627	0.0035514832359661444	0.004556477842683047	0.006764568759775115	0.002708535747399976	0.015654848053102695	0.025025	0.0049305307905440484	0.005563808010423859	0.003466919064942686	0.004210961458300087	0.004861310362476543	0.0049581063681186375	0.5	0.007642977862131693	0.005056048325424309	0.005355378772464019	1.0	0.5	0.004862513440818307	0.00526973111898741	0.02780092592592592	0.004662797388543346
ml	0.03451130439952437	0.018550488492764333	0.058858131487889265	0.030328757575757575	0.01668223945806918	0.014296541232659391	0.016419566895415932	0.009450292487349651	0.01450769274757514	0.010016536699871343	0.017875652750639348	0.0454896694214876	0.013721198261602955	0.012367203694082266	0.01151597530288984	0.011375660147767886	0.013916731224602368	0.022241983709135806	0.015654848053102695	0.00776622029865801	0.050042520005	0.015165065661158862	0.018533625194125197	0.01032365251173683	0.013723833500236673	0.01668390974892867	0.013003563021108645	1.0	0.02705189117093061	0.013899890242669754	0.01563892260986328	0.50025	0.5	0.010653138312599607	0.016406353944643917	0.05266481994459834	0.01100814058510893
mr	0.029439448961937714	0.029442923882352943	0.050034999999999996	0.040041612799999994	0.022754653409090907	0.024412857230814988	0.023834476193877546	0.031282238288085934	0.021301502493435945	0.022245933336296295	0.021766550098298674	0.14295918367346938	0.02224544049679012	0.025025005	0.021762768907372398	0.02176465926606805	0.02328340725148729	0.02275207438274793	0.025025	0.050042520005	0.020862424918402775	0.023834476193877546	0.02441523795716835	0.021761822309546316	0.022752069731404957	0.021300140334993212	0.025024385005625	1.0	0.02944205017820069	0.02130014441195111	0.022752592462293386	1.0	1.0	0.16677777777777777	0.024418810235574063	0.06670222222222223	0.0256666765338593
nl	0.0100099041013	0.005186971043586213	0.0227422520661157	0.008341465426680437	0.0020767788172443226	0.0012883756098508211	0.0033595397668732254	0.0013154677494003218	0.001214838026589389	0.0011148347040978823	0.0020265323432307014	0.034512485136741974	0.0015964563116833324	0.003835547283475827	0.0012238915801734034	0.0012528719070744483	0.0024238983777223016	0.004223864719303241	0.0049305307905440484	0.015165065661158862	0.023834476193877546	0.0006050759106976269	0.0018711218188319195	0.0016329101586701432	0.002918440559230739	0.0014528918673986915	0.0033364375551916143	1.0	0.003626790244187874	0.0028928329674357267	0.001966711673156829	1.0	0.025656147271531884	0.0004927089072257658	0.0026621825936590554	0.029431660899653975	0.002239654787444181
pl	0.010763329634871085	0.005854671766962057	0.025661406969099278	0.00807232896541619	0.0023903695974006756	0.001392418004813311	0.003465940372227068	0.0013717797483068688	0.001335184299617964	0.0013069214583715056	0.0023903485845684714	0.058868512110726634	0.002051730710427686	0.004907325652811358	0.0013717024175886206	0.0015333231538309754	0.002643034777473631	0.004509460298076242	0.005563808010423859	0.018533625194125197	0.02441523795716835	0.0018711218188319195	0.0006749227314712315	0.001769386769301781	0.0030726695262462064	0.0016607490273213119	0.004278664095347811	1.0	0.004119957874678119	0.0035622449138548807	0.0023843403901136232	1.0	0.033341111111111106	0.00037153123009830063	0.002828543169616829	0.030325068870523417	0.0023961658096719133
pt	0.00918509224989479	0.004173463218795051	0.0200164	0.00704994977178051	0.00185790228552818	0.0013528105660922034	0.0025626687227138776	0.0010018190884400092	0.0011290471439194837	0.0010676525228089707	0.0018864443008672486	0.02859755102040816	0.001538556816402771	0.0032202112875389737	0.0010523067485651565	0.0011643282568756283	0.002053884252874845	0.0039727168483248525	0.003466919064942686	0.01032365251173683	0.021761822309546316	0.0016329101586701432	0.001769386769301781	0.0005856366525983157	0.0022170514317398837	0.0014043875829167936	0.0027665248337550323	0.5	0.0034057414851719355	0.0024122455270782807	0.0020436776253949353	0.50025	0.032264308012486996	0.0002708882570017118	0.0022601969360793155	0.02633864265927978	0.0016429084007970095
ro	0.010538067037562326	0.005446228386938899	0.023273120605732826	0.010214923486591247	0.002911820240542515	0.002684293701629803	0.003671674043797889	0.0024113954954968443	0.00216832386043196	0.0021926272701732	0.0029638426242766906	0.05561113580246914	0.0024683788459150804	0.0043950358995232044	0.0021790505652115265	0.0020955838690367994	0.002908189739786229	0.004956874509571162	0.004210961458300087	0.013723833500236673	0.022752069731404957	0.002918440559230739	0.0030726695262462064	0.0022170514317398837	0.001468474641274492	0.0026014508908035194	0.003929222588512488	0.5	0.004838841253689121	0.0037362281849963454	0.003129771844373172	0.5	0.09093388429752067	0.0014453986832419355	0.0034413978245234423	0.027800925925925927	0.0026340735356780065
ru	0.009444823780704877	0.0047003387086321695	0.022742768595041322	0.008072523354455586	0.0018443031808442914	0.001088269978085412	0.0028700837162158282	0.0009536887990331261	0.0009964045463380007	0.0009059847615756381	0.0018648848758014353	0.058882352941176455	0.0015011275263922292	0.003941401856853236	0.001031266647498932	0.0010823887866130862	0.0022509595088884664	0.0035632840996715283	0.004861310362476543	0.01668390974892867	0.021300140334993212	0.0014528918673986915	0.0016607490273213119	0.0014043875829167936	0.0026014508908035194	0.00043683712339359767	0.003336838409740768	0.5	0.003500617263788804	0.00284368971080504	0.0018241319738944875	1.0	0.08333333333333333	0.0001660041527089566	0.0023393306286464133	0.029430795847750865	0.0019040157347732726
sh	0.011915961310941043	0.0038109764237192188	0.02779861111111111	0.013001198034103777	0.0033709210423512373	0.0034758333834594203	0.004262949748979772	0.0032424728043739144	0.002820498077262044	0.002670994251343922	0.0036147039119026818	0.03707270233196159	0.002751897547682622	0.00437252327524663	0.002562273820995578	0.0027433779703328826	0.003976252897888885	0.005382421245015313	0.0049581063681186375	0.013003563021108645	0.025024385005625	0.0033364375551916143	0.004278664095347811	0.0027665248337550323	0.003929222588512488	0.003336838409740768	0.001407248446229484	1.0	0.006416838482681125	0.0023281908537933272	0.003821300004642048	0.50025	0.07692899408284024	0.0035632982161400823	0.0035367822624183583	0.03336111111111111	0.003930255467397035
si	0.5	1.0	0.5	0.3333333333333333	0.5	1.0	0.5	0.5	1.0	0.5	0.3333333333333333	0.5	1.0	0.5	0.5	0.5	0.5	0.5	0.5	1.0	1.0	1.0	1.0	0.5	0.5	0.5	1.0	0.33355555555555555	0.5	0.5	0.5	1.0	1.0	0.04765306349206349	0.3333333333333333	0.5	0.5
simple	0.01614438579890739	0.008629997802373904	0.03706172839506173	0.010426659084871987	0.0040702362883569005	0.003721112195474508	0.005007661946261035	0.003129531602842205	0.0028207654423059946	0.003271547695273353	0.003695191294691362	0.09100002479338844	0.003957014746153878	0.006586268748274848	0.0032300712036231133	0.0031385365121476072	0.004280385684490588	0.006585835882542864	0.007642977862131693	0.02705189117093061	0.02944205017820069	0.003626790244187874	0.004119957874678119	0.0034057414851719355	0.004838841253689121	0.003500617263788804	0.006416838482681125	0.5	0.0017359461431463426	0.0051073820058071375	0.004372539549027087	0.5	0.050027499999999996	0.0029539086597842523	0.004508875431099183	0.0400304	0.0037655189125465837
sr	0.0100107053013	0.00452997489780755	0.02223802469135802	0.009268182615655008	0.0030705093958429334	0.0028516699719665856	0.004189292453285665	0.0029446361178825605	0.002099000846521234	0.002366604440891597	0.0029101507053788675	0.037071342935528113	0.0026001892419357806	0.004102767362494255	0.002355643335625054	0.0023012451302347756	0.0037777946497789872	0.004449427482316508	0.005056048325424309	0.013899890242669754	0.02130014441195111	0.0028928329674357267	0.0035622449138548807	0.0024122455270782807	0.0037362281849963454	0.00284368971080504	0.0023281908537933272	0.5	0.0051073820058071375	0.0012839048637789672	0.0034399140588256207	0.50025	1.0	0.0011500988488018216	0.00306095385936699	0.02704894083272462	0.003359542984080488
sv	0.010320974068976512	0.0056559838989666735	0.025019375	0.008780015699215143	0.0022505670000908975	0.0015891414339123087	0.0035398212133194804	0.0015243208006299597	0.0015359055967096016	0.0015426011520182233	0.0024134351121231717	0.029438581314878892	0.0021671167930717985	0.004352519231710255	0.0016858182106503183	0.0017473793547626698	0.00298107674220392	0.00444978428621398	0.005355378772464019	0.01563892260986328	0.022752592462293386	0.001966711673156829	0.0023843403901136232	0.0020436776253949353	0.003129771844373172	0.0018241319738944875	0.003821300004642048	0.5	0.004372539549027087	0.0034399140588256207	0.0008284650594167246	1.0	0.0400048	0.0005768094913083274	0.0030341845541842997	0.030326905417814506	0.0024978521030260908
te	1.0	0.50025	1.0	0.50025	0.5	1.0	0.50025	0.33355555555555555	0.50025	0.50025	0.5	1.0	1.0	0.33344444444444443	0.50025	0.50025	0.50025	1.0	1.0	0.50025	1.0	1.0	1.0	0.50025	0.5	1.0	0.50025	1.0	0.5	0.50025	1.0	0.33355555555555555	0.0	0.08340972222222222	0.50025	0.50025	1.0
tr	1.0	0.5	0.3333333333333333	0.0	0.0500075	0.01695461074403907	0.25	0.010107642077339047	0.026318559556786702	0.013704822668418087	0.16666666666666666	0.0	0.055567901234567896	0.028584489795918367	0.022232592592592592	0.125	0.2	0.09093388429752067	0.5	0.5	1.0	0.025656147271531884	0.033341111111111106	0.032264308012486996	0.09093388429752067	0.08333333333333333	0.07692899408284024	1.0	0.050027499999999996	1.0	0.0400048	0.0	0.008411482239954806	0.02632617728531856	0.10003999999999999	0.08336111111111111	0.125
union	0.3333333333333333	0.004865216673650527	0.0588719723183391	0.006427791412816887	0.0015696673551394075	0.00015236817374134065	0.001821437010856067	6.00809880817752e-05	0.00029082427150360765	0.0001228086149611186	0.000367844765823499	0.0023637845390975703	0.0006972944880837707	0.00230356535169828	0.00024016248494650907	0.00019734545009636174	0.00031412583608939895	0.0055020854993692225	0.004862513440818307	0.010653138312599607	0.16677777777777777	0.0004927089072257658	0.00037153123009830063	0.0002708882570017118	0.0014453986832419355	0.0001660041527089566	0.0035632982161400823	0.04765306349206349	0.0029539086597842523	0.0011500988488018216	0.0005768094913083274	0.08340972222222222	0.02632617728531856	3.4954989313374675e-05	0.0009096323293160836	0.33355555555555555	0.00021628033873256962
vi	0.010213562683673467	0.004677777754643232	0.02382766439909297	0.008629244062730983	0.0026420503257223085	0.0025279492580016823	0.0037228597270023995	0.0024014499078930445	0.0018858191906521117	0.002085545370294341	0.0025350481286224216	0.050045019999999996	0.0024241768091627625	0.004409873519158548	0.0019945989851769363	0.0019825801522217923	0.0030626512042123796	0.0048831481617499705	0.00526973111898741	0.016406353944643917	0.024418810235574063	0.0026621825936590554	0.002828543169616829	0.0022601969360793155	0.0034413978245234423	0.0023393306286464133	0.0035367822624183583	0.3333333333333333	0.004508875431099183	0.00306095385936699	0.0030341845541842997	0.50025	0.10003999999999999	0.0009096323293160836	0.0011204066978620375	0.02705186267348429	0.0029453160590158867
war	0.03706721536351166	0.031272460937499996	0.0555895061728395	0.04169791666666667	0.026335180055401655	0.031269531249999996	0.03705761316872428	0.03336	0.027052593133674214	0.030324150596877868	0.027046749452154857	0.10007999999999999	0.0322799167533819	0.029435121107266437	0.029435121107266437	0.02779552469135802	0.026335180055401662	0.0303287419651056	0.02780092592592592	0.05266481994459834	0.06670222222222223	0.029431660899653975	0.030325068870523417	0.02633864265927978	0.027800925925925927	0.029430795847750865	0.03336111111111111	0.5	0.0400304	0.02704894083272462	0.030326905417814506	0.50025	0.08336111111111111	0.33355555555555555	0.02705186267348429	0.02383673469387755	0.02859020408163265
zh	0.013713651343966972	0.005509068732305985	0.031272460937499996	0.007882336677250638	0.002535932823471383	0.001778404791548584	0.0032130350948119334	0.001253573000472794	0.0015976213889676593	0.0014502820725567351	0.0024980922438025944	0.028595921632653058	0.002150950384937985	0.004040677848850053	0.0015495104212269787	0.001545721547143195	0.0020774503259896452	0.004884459768904071	0.004662797388543346	0.01100814058510893	0.0256666765338593	0.002239654787444181	0.0023961658096719133	0.0016429084007970095	0.0026340735356780065	0.0019040157347732726	0.003930255467397035	0.5	0.0037655189125465837	0.003359542984080488	0.0024978521030260908	1.0	0.125	0.00021628033873256962	0.0029453160590158867	0.02859020408163265	0.0008480288777818562
