arz	bs	ceb	ckb	da	de	el	en	es	fr	he	hi	hu	id	it	ja	ko	lv	mk	ml	mr	nl	pl	pt	ro	ru	sh	si	simple	sr	sv	te	tr	union	vi	war	zh
arz	0.006824641417145879	0.0016666666666666668	0.0	0.002956194571351787	0.0035686728395061726	0.0027131411790992373	0.003787878787878788	0.00310952783480256	0.003137434955616774	0.0031369473581021466	0.0032254413761883204	0.0020200319838397443	0.003404903060406986	0.0026298487836949377	0.0033399079552925708	0.003066299054343065	0.002578125	0.004901480247034604	0.0028661242603550295	0.0038642676005313367	0.0034602076124567475	0.0028698979591836736	0.0023148148148148147	0.0029142145767315527	0.0033226533760531626	0.002525187456517818	0.003111111111111111	0.006235827664399093	0.0027573529411764708	0.002972651605231867	0.0026395803401383275	0.0029218407596785976	0.0	0.0	0.0031611773249604854	0.010330578512396695	0.003532123735871505
bs	0.0016666666666666668	0.002150915154578158	0.017777777777777778	0.001863028585844864	0.0009954695006273366	0.0008753696880162391	0.0012801314828341855	0.001417333005182342	0.0009907800853824796	0.0010909404848798787	0.000961076817558299	0.0012470915433526605	0.0010034733521320064	0.0008683837429111531	0.0011891018018578194	0.0008825072572684278	0.0010029716296984	0.0010586011342155009	0.0014058933529470835	0.0012192585059171597	0.00249400948701648	0.00086492771611824	0.0007593115159385184	0.0011943278220221606	0.0008925311371658079	0.0010242162231228196	0.0017633498721502925	0.0035545714119223823	0.0011943756792657891	0.0014725414788196952	0.0011468071935366105	0.0014055208860403665	0.020833333333333332	0.012492563950029744	0.0008983231301570402	0.001890359168241966	0.0012168082223027279
ceb	0.0	0.017777777777777778	0.04142011834319527	0.005917159763313609	0.0234375	0.024930747922437674	0.01953125	0.027700831024930747	0.0325	0.025	0.0221606648199446	0.01730103806228374	0.027700831024930747	0.027777777777777776	0.03806228373702422	0.02040816326530612	0.024691358024691357	0.015306122448979591	0.01953125	0.03111111111111111	0.024793388429752067	0.02734375	0.021604938271604937	0.030864197530864196	0.02422145328719723	0.022675736961451247	0.024691358024691357	0.024793388429752067	0.0390625	0.030470914127423823	0.0390625	0.008264462809917356	0.0	0.04844290657439446	0.02666666666666667	0.012345679012345678	0.031141868512110725
ckb	0.002956194571351787	0.001863028585844864	0.005917159763313609	0.006696013392026784	0.0016821075513689767	0.002003205128205128	0.0020409818339100346	0.002272043837081092	0.002088391155663456	0.002549865577738565	0.0023191595994536216	0.0014486192847442281	0.002847988608045568	0.001736111111111111	0.002800059875494193	0.0025189619274241523	0.001623219564633163	0.002265722615576843	0.0018080210387902695	0.0015789473684210526	0.002156651308695226	0.0019480315455430923	0.00166015625	0.0024168312456600747	0.0020210300186556617	0.0017872695601683843	0.002123507805325987	0.0007407407407407407	0.001723800674849626	0.0025055648147112447	0.0016870205519421957	0.0016444444444444445	0.0	0.0	0.001655189975490456	0.00375	0.0020200319838397443
da	0.0035686728395061726	0.0009954695006273366	0.0234375	0.0016821075513689767	0.0010200120811316834	0.0005537381424040434	0.0014550163254224073	0.0008750562746761965	0.0008509159819353777	0.0006515992367080409	0.0007567106513157114	0.0012658227848101266	0.0009083380777392474	0.0007931138647138441	0.000869612907997198	0.0006807169324145331	0.001175127830533236	0.0011367707336591146	0.0017846201799593877	0.0011030743750323482	0.0029303134824944293	0.000678856484117149	0.0007519085091373287	0.0008168365680828412	0.0009630194583431667	0.0007851875454800138	0.00091875997338129	0.004510675264793344	0.0008689552079584684	0.0008862637334700667	0.0008409331659812352	0.0015636413440467494	0.006320022981901752	0.0038006325885113763	0.0007933518005540166	0.00628099173553719	0.0009192939495969799
de	0.0027131411790992373	0.0008753696880162391	0.024930747922437674	0.002003205128205128	0.0005537381424040434	0.00023866052378942809	0.0008100449176669744	0.00021283660950015572	0.0002780145748604377	0.00023968055365452756	0.000434163498369573	0.0008747018306362166	0.0005360403765919786	0.0004498751565348465	0.00032596722766945494	0.0003052865416687481	0.0004896267437255813	0.0010679653124866504	0.0011409735396294067	0.0010356715322984076	0.0034141191797129444	0.0003398809536762476	0.0003060574998208055	0.0003601720878120514	0.0005610409767786201	0.0003072546626002454	0.0005862057146977098	0.003696145124716553	0.0006840394123133733	0.00047901476389941436	0.00045013633560719927	0.0014908468934911243	0.004869734599464329	0.00032844273679946863	0.0005012666541565022	0.0032699167657550534	0.00039986924139377705
el	0.003787878787878788	0.0012801314828341855	0.01953125	0.0020409818339100346	0.0014550163254224073	0.0008100449176669744	0.001792015474060981	0.001524170242424029	0.0011591733265329939	0.0012753230998224928	0.0011035502223183985	0.0019837333862328904	0.001274802165764265	0.001281389575946072	0.0014317622626473538	0.0011003556830555723	0.0013965287921601842	0.0013907961674105053	0.0026289281997918836	0.001179138321995465	0.0027434842249657062	0.0009374996342463973	0.0009237214544910834	0.001405998829127986	0.0015611993091618997	0.0011052635409187059	0.0012779093375320785	0.005637057525996989	0.0011617100371747212	0.0014893468889302858	0.0015573878338669357	0.0016555574792243768	0.0	0.0	0.0011254035050092563	0.004145408163265306	0.0015355292636634905
en	0.00310952783480256	0.001417333005182342	0.027700831024930747	0.002272043837081092	0.0008750562746761965	0.00021283660950015572	0.001524170242424029	0.00026868252804348157	0.000396626425450023	0.0003326366943109733	0.0005721297273061047	0.0015100771197346882	0.0007019327174383091	0.0006787175054741531	0.0007551712161138868	0.000445736995340514	0.0011627265673094527	0.0011510701841712294	0.002969797212994171	0.001979389858177737	0.0038222482395275565	0.00044483840389086766	0.00033909572489754887	0.0008239678379573986	0.0009667883347628126	0.0007112411963779384	0.0008658541075179774	0.007888083089827249	0.0009468773245282679	0.0007246992069915056	0.0008696221776408289	0.002039506172839506	0.004292820888361405	0.00014367101089850972	0.0010105701024528137	0.005833333333333334	0.0010243040728227578
es	0.003137434955616774	0.0009907800853824796	0.0325	0.002088391155663456	0.0008509159819353777	0.0002780145748604377	0.0011591733265329939	0.000396626425450023	0.0004610102722141123	0.0003304050266167817	0.0005519146711354048	0.0011738786210779683	0.0006386767798695524	0.0005962510726729459	0.0004504918783131873	0.00037648022258161785	0.0008338257480479968	0.0010629325758858513	0.0018879066435824696	0.001342560553633218	0.0030133683979837824	0.00048526132197474126	0.000365495867768595	0.00045777616953942673	0.0007248483577517865	0.00039433835716000485	0.0006801020787034774	0.005369100524844658	0.0007481419711933186	0.0006792159349515043	0.00058339422579458	0.0016632231404958677	0.003537981269510926	0.0006405163492727334	0.0006664875067500391	0.006987368986831497	0.0005968085595728164
fr	0.0031369473581021466	0.0010909404848798787	0.025	0.002549865577738565	0.0006515992367080409	0.00023968055365452756	0.0012753230998224928	0.0003326366943109733	0.0003304050266167817	0.0002833457673004857	0.0005063621354366118	0.0012781683793041284	0.0006454824262772735	0.0005649419259424271	0.00045992797342374466	0.0004599487047757159	0.0008036943685967	0.0010874315273839649	0.0016120148596348912	0.0014152436894051882	0.004894440791876689	0.0003956307907679272	0.0003025518166645163	0.0006310352207572644	0.0007065774195751656	0.00037542757816498476	0.0006419937832832208	0.006173460154034869	0.0009411762619653073	0.0006271094567353599	0.0007430048144586226	0.0018285123966942148	0.004472159234063996	0.00030618051142025437	0.000772313933288691	0.005643644181671593	0.000641422573371688
he	0.0032254413761883204	0.000961076817558299	0.0221606648199446	0.0023191595994536216	0.0007567106513157114	0.000434163498369573	0.0011035502223183985	0.0005721297273061047	0.0005519146711354048	0.0005063621354366118	0.0008106652376552676	0.0011480075577164216	0.0007193589609990731	0.0006514077676004422	0.0006056853579738178	0.0005032520745993133	0.0007023365590818024	0.0010612287059928725	0.0014203412928886767	0.0012385062863576656	0.003030047975759616	0.000515711916787212	0.00045205447021665144	0.0006314230908469401	0.0008403153804851084	0.0005252982943885992	0.0007423823950266786	0.003242493997673325	0.0008567080481154231	0.0006818776988581763	0.0007340113827485337	0.0015495867768595042	0.0	0.0	0.0006718485328716719	0.0044444444444444444	0.0006492178786925562
hi	0.0020200319838397443	0.0012470915433526605	0.01730103806228374	0.0014486192847442281	0.0012658227848101266	0.0008747018306362166	0.0019837333862328904	0.0015100771197346882	0.0011738786210779683	0.0012781683793041284	0.0011480075577164216	0.002015248158510753	0.0013748596677566585	0.0013034063966710213	0.001299472785327096	0.001248499399759904	0.001546340850330365	0.0009827725748641461	0.0018833611098599161	0.0013591446890078656	0.0029114526469023825	0.000910697752714418	0.0008459301866613928	0.0015470254764018852	0.00144440496029801	0.0011448543992076973	0.0013775398390783007	0.00504184027169917	0.0010673218583563547	0.001499092985756517	0.0014946174548250673	0.0016231097961867192	0.0	0.0	0.001157174067780571	0.0028	0.0012887507944354213
hu	0.003404903060406986	0.0010034733521320064	0.027700831024930747	0.002847988608045568	0.0009083380777392474	0.0005360403765919786	0.001274802165764265	0.0007019327174383091	0.0006386767798695524	0.0006454824262772735	0.0007193589609990731	0.0013748596677566585	0.000944276433729444	0.0008035338819980486	0.0007198864843778995	0.0005752433162120671	0.0008434804337005528	0.0010056833151417064	0.0015744986830622874	0.0012434595260080025	0.0030718336483931945	0.0006362021932956189	0.0005610372456597757	0.0007973414915749001	0.0008774876033057851	0.0006526281536838757	0.0008493333333333333	0.004921946740128558	0.0010747899165412973	0.0008039933837429112	0.0008755984624733021	0.0013868343195266271	0.0	0.002164052294991315	0.0007121552056828514	0.0043090181594336715	0.0007704325947569191
id	0.0026298487836949377	0.0008683837429111531	0.027777777777777776	0.001736111111111111	0.0007931138647138441	0.0004498751565348465	0.001281389575946072	0.0006787175054741531	0.0005962510726729459	0.0005649419259424271	0.0006514077676004422	0.0013034063966710213	0.0008035338819980486	0.0008828557728120241	0.0006583298127865265	0.0005708192818885142	0.0007937619647943223	0.001057489555384109	0.0017049971217894247	0.0010622704101313299	0.0030339097761908095	0.00055648	0.0005095567365948361	0.0006892000096394789	0.0008863492979677307	0.0005537121009129554	0.0008602853643460543	0.0036162709732485794	0.0008354577946522009	0.0009282368582258638	0.0007236308848980044	0.001372826657274903	0.003875432525951557	0.0022065729653538216	0.0007165281952671057	0.00510204081632653	0.0007750891067052796
it	0.0033399079552925708	0.0011891018018578194	0.03806228373702422	0.002800059875494193	0.000869612907997198	0.00032596722766945494	0.0014317622626473538	0.0007551712161138868	0.0004504918783131873	0.00045992797342374466	0.0006056853579738178	0.001299472785327096	0.0007198864843778995	0.0006583298127865265	0.0007497499812145961	0.0005411681341526495	0.0008227027923992759	0.001238020539924279	0.002141679648994951	0.0016694008553778882	0.0036526577332285674	0.0004988372497284127	0.00039899895668341973	0.0007003711404497283	0.0008895309962747159	0.0005565290675852731	0.0007812441266689465	0.006558641975308642	0.0008667624151283995	0.0006983387790640163	0.0007562853125785965	0.0016746316095260336	0.005555555555555556	0.0007160396826090368	0.0008048181063353991	0.006377551020408163	0.0011479209849121882
ja	0.003066299054343065	0.0008825072572684278	0.02040816326530612	0.0025189619274241523	0.0006807169324145331	0.0003052865416687481	0.0011003556830555723	0.000445736995340514	0.00037648022258161785	0.0004599487047757159	0.0005032520745993133	0.001248499399759904	0.0005752433162120671	0.0005708192818885142	0.0005411681341526495	0.0003608125983713794	0.0008486992715920915	0.00098140589569161	0.0013827100212191357	0.001316307241232977	0.005807582730659654	0.00039222564985676595	0.00034277239671118076	0.0006228737997256516	0.0007090684073867359	0.0004213406502329519	0.0005569688431295306	0.0059504132231404955	0.0007639987895084114	0.0005599318914617766	0.0006804401612014347	0.001649005661199013	0.00554016620498615	0.0007491665522106657	0.000715493111151516	0.0075	0.0006680392375459144
ko	0.002578125	0.0010029716296984	0.024691358024691357	0.001623219564633163	0.001175127830533236	0.0004896267437255813	0.0013965287921601842	0.0011627265673094527	0.0008338257480479968	0.0008036943685967	0.0007023365590818024	0.001546340850330365	0.0008434804337005528	0.0007937619647943223	0.0008227027923992759	0.0008486992715920915	0.001207833047161993	0.0010074091991715331	0.0021105437606378213	0.0012444877309742174	0.006139435560193161	0.0006430235208130351	0.0006213117648167859	0.0009565582206315075	0.0009065648290639062	0.0008653599400017108	0.0008417129045396577	0.008830589849108368	0.0009067209651725797	0.000906868020126497	0.0009200952556347409	0.00168307320957956	0.0	0.001833545918367347	0.0009078053584505442	0.005420918367346939	0.0010653484923381117
lv	0.004901480247034604	0.0010586011342155009	0.015306122448979591	0.002265722615576843	0.0011367707336591146	0.0010679653124866504	0.0013907961674105053	0.0011510701841712294	0.0010629325758858513	0.0010874315273839649	0.0010612287059928725	0.0009827725748641461	0.0010056833151417064	0.001057489555384109	0.001238020539924279	0.00098140589569161	0.0010074091991715331	0.0025557101210989894	0.0013564949789439586	0.001082035518757974	0.0019467401285583105	0.0009763977836189367	0.0010060321279916754	0.0011704078958861036	0.0009401709401709402	0.0010594137014704932	0.0010494971029180718	0.0028268200753818686	0.0010382222222222223	0.001082073197457813	0.0009697025987366224	0.0015120967741935483	0.030470914127423823	0.011234504132231406	0.0011078190752434867	0.009985207100591717	0.0011364496555790614
mk	0.0028661242603550295	0.0014058933529470835	0.01953125	0.0018080210387902695	0.0017846201799593877	0.0011409735396294067	0.0026289281997918836	0.002969797212994171	0.0018879066435824696	0.0016120148596348912	0.0014203412928886767	0.0018833611098599161	0.0015744986830622874	0.0017049971217894247	0.002141679648994951	0.0013827100212191357	0.0021105437606378213	0.0013564949789439586	0.003197752745055052	0.0014344629729245114	0.003107968109544615	0.0014069765017409978	0.0012553841334481948	0.002003638807389074	0.0015224010439321444	0.001849562519187755	0.001584455361153257	0.006991600020119712	0.001243625132908142	0.0020238519045923816	0.002098395329247801	0.0015405892753978397	0.0	0.0	0.0015205548259676594	0.002306805074971165	0.0024387187720260003
ml	0.0038642676005313367	0.0012192585059171597	0.03111111111111111	0.0015789473684210526	0.0011030743750323482	0.0010356715322984076	0.001179138321995465	0.001979389858177737	0.001342560553633218	0.0014152436894051882	0.0012385062863576656	0.0013591446890078656	0.0012434595260080025	0.0010622704101313299	0.0016694008553778882	0.001316307241232977	0.0012444877309742174	0.001082035518757974	0.0014344629729245114	0.0028614590852468103	0.0023612750885478157	0.0008637691745799854	0.0008974432414886101	0.0017516170138410418	0.0011984148801121816	0.0011634132865499741	0.00111979760695104	0.0030991735537190084	0.0012544762721573473	0.0012145057946150344	0.00102880658436214	0.0015104166666666666	0.0	0.0	0.001293284548860334	0.004229142637447136	0.0015637030981794876
mr	0.0034602076124567475	0.00249400948701648	0.024793388429752067	0.002156651308695226	0.0029303134824944293	0.0034141191797129444	0.0027434842249657062	0.0038222482395275565	0.0030133683979837824	0.004894440791876689	0.003030047975759616	0.0029114526469023825	0.0030718336483931945	0.0030339097761908095	0.0036526577332285674	0.005807582730659654	0.006139435560193161	0.0019467401285583105	0.003107968109544615	0.0023612750885478157	0.007809691860275136	0.0026098303610265334	0.0022054327888898595	0.004116651277316097	0.002716161158895428	0.0030232935638341042	0.002956194571351787	0.00630119722747322	0.0027570924270143523	0.0032426303854875284	0.0034264862940548237	0.0035903250188964475	0.0	0.0	0.002556610664718773	0.0013850415512465374	0.004017818150056774
nl	0.0028698979591836736	0.00086492771611824	0.02734375	0.0019480315455430923	0.000678856484117149	0.0003398809536762476	0.0009374996342463973	0.00044483840389086766	0.00048526132197474126	0.0003956307907679272	0.000515711916787212	0.000910697752714418	0.0006362021932956189	0.00055648	0.0004988372497284127	0.00039222564985676595	0.0006430235208130351	0.0009763977836189367	0.0014069765017409978	0.0008637691745799854	0.0026098303610265334	0.0005029889831884976	0.00041661041645875153	0.0004804980504330718	0.0005608557520808561	0.0004196690009427741	0.0007163824433883142	0.0029354659763313608	0.0006897412689990949	0.0006735061477014645	0.0005739820897648169	0.0013605353183194773	0.006096631611034903	0.0006410876868036654	0.0005859797037477488	0.0023781212841854932	0.0005728952175398622
pl	0.0023148148148148147	0.0007593115159385184	0.021604938271604937	0.00166015625	0.0007519085091373287	0.0003060574998208055	0.0009237214544910834	0.00033909572489754887	0.000365495867768595	0.0003025518166645163	0.00045205447021665144	0.0008459301866613928	0.0005610372456597757	0.0005095567365948361	0.00039899895668341973	0.00034277239671118076	0.0006213117648167859	0.0010060321279916754	0.0012553841334481948	0.0008974432414886101	0.0022054327888898595	0.00041661041645875153	0.0004881454174097211	0.00040403159273312474	0.0006346525296206703	0.0003591111682326097	0.0006491598257987436	0.003508266051518647	0.0006796563911536745	0.0005397399413666875	0.0005053155935804797	0.0014135261714673978	0.006574621959237344	0.0027061386761303655	0.0005300292158075913	0.0046168051708217915	0.0005177815905979501
pt	0.0029142145767315527	0.0011943278220221606	0.030864197530864196	0.0024168312456600747	0.0008168365680828412	0.0003601720878120514	0.001405998829127986	0.0008239678379573986	0.00045777616953942673	0.0006310352207572644	0.0006314230908469401	0.0015470254764018852	0.0007973414915749001	0.0006892000096394789	0.0007003711404497283	0.0006228737997256516	0.0009565582206315075	0.0011704078958861036	0.002003638807389074	0.0017516170138410418	0.004116651277316097	0.0004804980504330718	0.00040403159273312474	0.0009188285977218133	0.0008862216904700319	0.0007251804527689809	0.0007955876916787527	0.006096999392142055	0.0010678883631508897	0.0007228979318200807	0.0008432121853532566	0.0017913832199546486	0.004594387640196387	0.001611426216263429	0.0009617711936620202	0.005648038049940547	0.0010043501578609647
ro	0.0033226533760531626	0.0008925311371658079	0.02422145328719723	0.0020210300186556617	0.0009630194583431667	0.0005610409767786201	0.0015611993091618997	0.0009667883347628126	0.0007248483577517865	0.0007065774195751656	0.0008403153804851084	0.00144440496029801	0.0008774876033057851	0.0008863492979677307	0.0008895309962747159	0.0007090684073867359	0.0009065648290639062	0.0009401709401709402	0.0015224010439321444	0.0011984148801121816	0.002716161158895428	0.0005608557520808561	0.0006346525296206703	0.0008862216904700319	0.0011111424	0.000629055639178723	0.0008892150548289074	0.00564545344765125	0.0009375483764060501	0.0009476736891982825	0.000862382778032437	0.0014662603030969512	0.008520710059171597	0.00620738995034088	0.0008584908477410493	0.007334183673469388	0.000996596256399483
ru	0.002525187456517818	0.0010242162231228196	0.022675736961451247	0.0017872695601683843	0.0007851875454800138	0.0003072546626002454	0.0011052635409187059	0.0007112411963779384	0.00039433835716000485	0.00037542757816498476	0.0005252982943885992	0.0011448543992076973	0.0006526281536838757	0.0005537121009129554	0.0005565290675852731	0.0004213406502329519	0.0008653599400017108	0.0010594137014704932	0.001849562519187755	0.0011634132865499741	0.0030232935638341042	0.0004196690009427741	0.0003591111682326097	0.0007251804527689809	0.000629055639178723	0.0007045759021762499	0.0006387192126874212	0.004276859504132232	0.0009025986796526154	0.000585610012396789	0.0007276143584545234	0.001476473769605192	0.0	0.00025247698802032084	0.0006501560218508563	0.004162330905306972	0.000722543352601156
sh	0.003111111111111111	0.0017633498721502925	0.024691358024691357	0.002123507805325987	0.00091875997338129	0.0005862057146977098	0.0012779093375320785	0.0008658541075179774	0.0006801020787034774	0.0006419937832832208	0.0007423823950266786	0.0013775398390783007	0.0008493333333333333	0.0008602853643460543	0.0007812441266689465	0.0005569688431295306	0.0008417129045396577	0.0010494971029180718	0.001584455361153257	0.00111979760695104	0.002956194571351787	0.0007163824433883142	0.0006491598257987436	0.0007955876916787527	0.0008892150548289074	0.0006387192126874212	0.0012482965123224333	0.0038758394867853922	0.0009814404873111084	0.001424842171646396	0.0009094328266233734	0.0019551524313429075	0.00978242536684095	0.002604121076311689	0.0007454056425739167	0.0052323791935980305	0.0009059269901308521
si	0.006235827664399093	0.0035545714119223823	0.024793388429752067	0.0007407407407407407	0.004510675264793344	0.003696145124716553	0.005637057525996989	0.007888083089827249	0.005369100524844658	0.006173460154034869	0.003242493997673325	0.00504184027169917	0.004921946740128558	0.0036162709732485794	0.006558641975308642	0.0059504132231404955	0.008830589849108368	0.0028268200753818686	0.006991600020119712	0.0030991735537190084	0.00630119722747322	0.0029354659763313608	0.003508266051518647	0.006096999392142055	0.00564545344765125	0.004276859504132232	0.0038758394867853922	0.009256300219138057	0.003366908103214124	0.004173845519182703	0.004493464052287581	0.005810657596371882	0.0	0.0	0.003878643664485425	0.0048828125	0.006675920417740763
simple	0.0027573529411764708	0.0011943756792657891	0.0390625	0.001723800674849626	0.0008689552079584684	0.0006840394123133733	0.0011617100371747212	0.0009468773245282679	0.0007481419711933186	0.0009411762619653073	0.0008567080481154231	0.0010673218583563547	0.0010747899165412973	0.0008354577946522009	0.0008667624151283995	0.0007639987895084114	0.0009067209651725797	0.0010382222222222223	0.001243625132908142	0.0012544762721573473	0.0027570924270143523	0.0006897412689990949	0.0006796563911536745	0.0010678883631508897	0.0009375483764060501	0.0009025986796526154	0.0009814404873111084	0.003366908103214124	0.0015124623237498017	0.0008403301803238034	0.0010403467729977927	0.0015333923567692883	0.015510204081632653	0.003756215706447188	0.0008386232890299544	0.004458161865569273	0.0009141524256761529
sr	0.002972651605231867	0.0014725414788196952	0.030470914127423823	0.0025055648147112447	0.0008862637334700667	0.00047901476389941436	0.0014893468889302858	0.0007246992069915056	0.0006792159349515043	0.0006271094567353599	0.0006818776988581763	0.001499092985756517	0.0008039933837429112	0.0009282368582258638	0.0006983387790640163	0.0005599318914617766	0.000906868020126497	0.001082073197457813	0.0020238519045923816	0.0012145057946150344	0.0032426303854875284	0.0006735061477014645	0.0005397399413666875	0.0007228979318200807	0.0009476736891982825	0.000585610012396789	0.001424842171646396	0.004173845519182703	0.0008403301803238034	0.0010026438129299908	0.0008610461242536027	0.0018038280400917764	0.0	0.005681818181818182	0.000789383393784923	0.006463527239150508	0.0008636008760091948
sv	0.0026395803401383275	0.0011468071935366105	0.0390625	0.0016870205519421957	0.0008409331659812352	0.00045013633560719927	0.0015573878338669357	0.0008696221776408289	0.00058339422579458	0.0007430048144586226	0.0007340113827485337	0.0014946174548250673	0.0008755984624733021	0.0007236308848980044	0.0007562853125785965	0.0006804401612014347	0.0009200952556347409	0.0009697025987366224	0.002098395329247801	0.00102880658436214	0.0034264862940548237	0.0005739820897648169	0.0005053155935804797	0.0008432121853532566	0.000862382778032437	0.0007276143584545234	0.0009094328266233734	0.004493464052287581	0.0010403467729977927	0.0008610461242536027	0.001098838061301618	0.0015912929255019704	0.006559766763848397	0.0015936610452266492	0.000868331631963203	0.003305785123966942	0.0009896384931354742
te	0.0029218407596785976	0.0014055208860403665	0.008264462809917356	0.0016444444444444445	0.0015636413440467494	0.0014908468934911243	0.0016555574792243768	0.002039506172839506	0.0016632231404958677	0.0018285123966942148	0.0015495867768595042	0.0016231097961867192	0.0013868343195266271	0.001372826657274903	0.0016746316095260336	0.001649005661199013	0.00168307320957956	0.0015120967741935483	0.0015405892753978397	0.0015104166666666666	0.0035903250188964475	0.0013605353183194773	0.0014135261714673978	0.0017913832199546486	0.0014662603030969512	0.001476473769605192	0.0019551524313429075	0.005810657596371882	0.0015333923567692883	0.0018038280400917764	0.0015912929255019704	0.00292866098453667	0.0	0.0	0.0014195716730227668	0.002770083102493075	0.0018
tr	0.0	0.020833333333333332	0.0	0.0	0.006320022981901752	0.004869734599464329	0.0	0.004292820888361405	0.003537981269510926	0.004472159234063996	0.0	0.0	0.0	0.003875432525951557	0.005555555555555556	0.00554016620498615	0.0	0.030470914127423823	0.0	0.0	0.0	0.006096631611034903	0.006574621959237344	0.004594387640196387	0.008520710059171597	0.0	0.00978242536684095	0.0	0.015510204081632653	0.0	0.006559766763848397	0.0	0.0040299038803844785	0.0031386961285609933	0.0116	0.0	0.0
union	0.0	0.012492563950029744	0.04844290657439446	0.0	0.0038006325885113763	0.00032844273679946863	0.0	0.00014367101089850972	0.0006405163492727334	0.00030618051142025437	0.0	0.0	0.002164052294991315	0.0022065729653538216	0.0007160396826090368	0.0007491665522106657	0.001833545918367347	0.011234504132231406	0.0	0.0	0.0	0.0006410876868036654	0.0027061386761303655	0.001611426216263429	0.00620738995034088	0.00025247698802032084	0.002604121076311689	0.0	0.003756215706447188	0.005681818181818182	0.0015936610452266492	0.0	0.0031386961285609933	9.377232919150519e-05	0.0015535626015111927	0.1875	0.00018261504747991235
vi	0.0031611773249604854	0.0008983231301570402	0.02666666666666667	0.001655189975490456	0.0007933518005540166	0.0005012666541565022	0.0011254035050092563	0.0010105701024528137	0.0006664875067500391	0.000772313933288691	0.0006718485328716719	0.001157174067780571	0.0007121552056828514	0.0007165281952671057	0.0008048181063353991	0.000715493111151516	0.0009078053584505442	0.0011078190752434867	0.0015205548259676594	0.001293284548860334	0.002556610664718773	0.0005859797037477488	0.0005300292158075913	0.0009617711936620202	0.0008584908477410493	0.0006501560218508563	0.0007454056425739167	0.003878643664485425	0.0008386232890299544	0.000789383393784923	0.000868331631963203	0.0014195716730227668	0.0116	0.0015535626015111927	0.0011070536404047568	0.00859504132231405	0.0009412676572309129
war	0.010330578512396695	0.001890359168241966	0.012345679012345678	0.00375	0.00628099173553719	0.0032699167657550534	0.004145408163265306	0.005833333333333334	0.006987368986831497	0.005643644181671593	0.0044444444444444444	0.0028	0.0043090181594336715	0.00510204081632653	0.006377551020408163	0.0075	0.005420918367346939	0.009985207100591717	0.002306805074971165	0.004229142637447136	0.0013850415512465374	0.0023781212841854932	0.0046168051708217915	0.005648038049940547	0.007334183673469388	0.004162330905306972	0.0052323791935980305	0.0048828125	0.004458161865569273	0.006463527239150508	0.003305785123966942	0.002770083102493075	0.0	0.1875	0.00859504132231405	0.013265306122448979	0.0038644470868014267
zh	0.003532123735871505	0.0012168082223027279	0.031141868512110725	0.0020200319838397443	0.0009192939495969799	0.00039986924139377705	0.0015355292636634905	0.0010243040728227578	0.0005968085595728164	0.000641422573371688	0.0006492178786925562	0.0012887507944354213	0.0007704325947569191	0.0007750891067052796	0.0011479209849121882	0.0006680392375459144	0.0010653484923381117	0.0011364496555790614	0.0024387187720260003	0.0015637030981794876	0.004017818150056774	0.0005728952175398622	0.0005177815905979501	0.0010043501578609647	0.000996596256399483	0.000722543352601156	0.0009059269901308521	0.006675920417740763	0.0009141524256761529	0.0008636008760091948	0.0009896384931354742	0.0018	0.0	0.00018261504747991235	0.0009412676572309129	0.0038644470868014267	0.0009175254571419158
