arz	bs	ceb	ckb	da	de	el	en	es	fr	he	hi	hu	id	it	ja	ko	lv	mk	ml	mr	nl	pl	pt	ro	ru	sh	si	simple	sr	sv	te	tr	vi	war	zh
arz	1.0	1.0	1.0	1.0	0.6666666666666666	1.0	1.0	0.6666666666666666	1.0	1.0	1.0	1.0	1.0	0.6666666666666666	1.0	1.0	1.0	1.0	1.0	1.0	1.0	1.0	1.0	0.6666666666666666	1.0	1.0	1.0	1.0	0.6666666666666666	1.0	0.6666666666666666	1.0	1.0	1.0	0.6666666666666666	1.0
bs	1.0	1.0	0.9090909090909091	0.6666666666666666	0.7901234567901234	0.8449197860962566	0.6666666666666666	0.842809364548495	0.7377777777777778	0.676923076923077	0.6666666666666666	0.6666666666666666	0.7605633802816901	0.8374384236453202	0.8121827411167513	0.6666666666666666	0.6666666666666666	0.8	0.6666666666666666	0.6666666666666666	1.0	0.8369565217391305	0.8356164383561644	0.6666666666666666	0.6909090909090909	0.6666666666666666	0.9364161849710982	0.6666666666666666	0.7536231884057971	0.6666666666666666	0.7518796992481203	1.0	0.7628865979381444	0.6666666666666666	0.782608695652174	0.6666666666666666
ceb	1.0	0.9090909090909091	1.0	1.0	0.9473684210526315	0.8085106382978723	1.0	0.8800000000000001	0.8936170212765957	0.6666666666666666	1.0	1.0	1.0	0.7586206896551725	0.8800000000000001	1.0	1.0	1.0	1.0	1.0	1.0	0.823529411764706	0.9090909090909091	0.6666666666666666	0.9019607843137255	1.0	0.823529411764706	1.0	0.8888888888888888	0.8571428571428571	0.8888888888888888	1.0	0.8571428571428571	0.6666666666666666	0.9090909090909091	1.0
ckb	1.0	0.6666666666666666	1.0	1.0	0.6666666666666666	0.6666666666666666	1.0	0.6666666666666666	0.6666666666666666	1.0	1.0	1.0	1.0	0.6666666666666666	0.6666666666666666	1.0	1.0	1.0	1.0	1.0	1.0	0.6666666666666666	0.6666666666666666	0.6666666666666666	0.6666666666666666	1.0	0.6666666666666666	1.0	0.6666666666666666	1.0	0.6666666666666666	1.0	0.6666666666666666	1.0	0.6666666666666666	1.0
da	0.6666666666666666	0.7901234567901234	0.9473684210526315	0.6666666666666666	1.0	0.7592190889370932	0.6666666666666666	0.8063660477453581	0.7735191637630663	0.8226415094339623	0.6666666666666666	0.6666666666666666	0.6885245901639344	0.8102564102564103	0.8267898383371823	0.6666666666666666	0.6666666666666666	0.787878787878788	0.6666666666666666	0.6666666666666666	0.6666666666666666	0.811529933481153	0.783132530120482	0.8021390374331552	0.7889908256880733	0.6666666666666666	0.7692307692307692	1.0	0.851063829787234	0.6666666666666666	0.8456375838926175	0.6666666666666666	0.8744588744588745	0.6666666666666666	0.8181818181818181	0.6666666666666666
de	1.0	0.8449197860962566	0.8085106382978723	0.6666666666666666	0.7592190889370932	1.0	0.6666666666666666	0.7702203692674211	0.756991920447483	0.7822822822822824	0.6666666666666666	0.6666666666666666	0.8156424581005587	0.8148148148148148	0.7715039577836411	0.6666666666666666	0.6666666666666666	0.7755102040816326	0.6666666666666666	0.6666666666666666	1.0	0.7993453355155483	0.7670588235294118	0.7149460708782742	0.72	0.6666666666666666	0.8122270742358079	0.6666666666666666	0.7672131147540984	0.8172043010752689	0.7781155015197568	1.0	0.7803468208092486	0.6666666666666666	0.823529411764706	0.6666666666666666
el	1.0	0.6666666666666666	1.0	1.0	0.6666666666666666	0.6666666666666666	1.0	0.6666666666666666	0.6666666666666666	1.0	1.0	1.0	1.0	0.6666666666666666	0.6666666666666666	1.0	1.0	1.0	1.0	1.0	1.0	0.6666666666666666	0.6666666666666666	0.6666666666666666	1.0	1.0	0.6666666666666666	1.0	0.6666666666666666	1.0	0.6666666666666666	1.0	0.6666666666666666	1.0	0.6666666666666666	1.0
en	0.6666666666666666	0.842809364548495	0.8800000000000001	0.6666666666666666	0.8063660477453581	0.7702203692674211	0.6666666666666666	1.0	0.7574229691876752	0.7894369149084812	0.7466666666666666	0.6666666666666666	0.7372881355932204	0.8492569002123143	0.7779102105681367	0.6666666666666666	0.6666666666666666	0.7368421052631579	0.6666666666666666	0.6666666666666666	0.6666666666666666	0.8029969149405025	0.7727425310506882	0.7744966442953021	0.7741935483870968	0.6666666666666666	0.8059701492537313	0.6666666666666666	0.7882960413080895	0.7192982456140351	0.8142292490118577	0.6666666666666666	0.8117647058823529	0.6666666666666666	0.8888888888888888	0.6666666666666666
es	1.0	0.7377777777777778	0.8936170212765957	0.6666666666666666	0.7735191637630663	0.756991920447483	0.6666666666666666	0.7574229691876752	1.0	0.8141176470588235	0.6666666666666666	1.0	0.7333333333333333	0.751219512195122	0.7850467289719627	0.6666666666666666	0.6666666666666666	0.75	1.0	1.0	1.0	0.7721221613155833	0.7150259067357513	0.8287292817679559	0.8148148148148148	0.6666666666666666	0.75177304964539	1.0	0.7654320987654322	0.7956989247311828	0.7486338797814207	1.0	0.718562874251497	0.6666666666666666	0.8181818181818181	0.6666666666666666
fr	1.0	0.676923076923077	0.6666666666666666	1.0	0.8226415094339623	0.7822822822822824	1.0	0.7894369149084812	0.8141176470588235	1.0	0.6666666666666666	0.6666666666666666	0.7666666666666666	0.7368421052631579	0.7770549970431697	0.6666666666666666	0.6666666666666666	0.787878787878788	1.0	1.0	1.0	0.8005850804485617	0.6851485148514851	0.8387096774193549	0.8531468531468531	0.6666666666666666	0.6829268292682926	1.0	0.7717842323651453	0.8653846153846154	0.7394957983193278	1.0	0.7472035794183446	1.0	0.8888888888888888	0.6666666666666666
he	1.0	0.6666666666666666	1.0	1.0	0.6666666666666666	0.6666666666666666	1.0	0.7466666666666666	0.6666666666666666	0.6666666666666666	1.0	1.0	0.6666666666666666	0.6666666666666666	0.6666666666666666	1.0	1.0	0.6666666666666666	1.0	1.0	1.0	0.6666666666666666	0.8771929824561403	0.6666666666666666	1.0	1.0	0.6666666666666666	1.0	0.6666666666666666	0.6666666666666666	0.6666666666666666	1.0	0.6666666666666666	1.0	0.6666666666666666	1.0
hi	1.0	0.6666666666666666	1.0	1.0	0.6666666666666666	0.6666666666666666	1.0	0.6666666666666666	1.0	0.6666666666666666	1.0	1.0	1.0	0.6666666666666666	0.6666666666666666	1.0	1.0	1.0	1.0	1.0	1.0	0.6666666666666666	0.6666666666666666	0.6666666666666666	1.0	1.0	0.6666666666666666	1.0	0.6666666666666666	1.0	0.6666666666666666	1.0	0.6666666666666666	1.0	0.6666666666666666	1.0
hu	1.0	0.7605633802816901	1.0	1.0	0.6885245901639344	0.8156424581005587	1.0	0.7372881355932204	0.7333333333333333	0.7666666666666666	0.6666666666666666	1.0	1.0	0.723404255319149	0.7603833865814696	0.6666666666666666	0.6666666666666666	0.6666666666666666	1.0	1.0	1.0	0.7116564417177914	0.7636363636363637	0.6666666666666666	0.6666666666666666	0.6666666666666666	0.6956521739130435	1.0	0.7397260273972602	0.6666666666666666	0.7924528301886793	1.0	0.7012987012987012	1.0	0.6666666666666666	0.6666666666666666
id	0.6666666666666666	0.8374384236453202	0.7586206896551725	0.6666666666666666	0.8102564102564103	0.8148148148148148	0.6666666666666666	0.8492569002123143	0.751219512195122	0.7368421052631579	0.6666666666666666	0.6666666666666666	0.723404255319149	1.0	0.7961165048543689	0.6666666666666666	0.6666666666666666	0.75	0.6666666666666666	0.6666666666666666	0.6666666666666666	0.7974413646055438	0.7559808612440192	0.6755852842809364	0.6771653543307087	0.6666666666666666	0.8421052631578947	1.0	0.7932960893854749	0.6666666666666666	0.7750677506775068	0.6666666666666666	0.7749077490774907	0.6666666666666666	0.8070175438596492	0.6666666666666666
it	1.0	0.8121827411167513	0.8800000000000001	0.6666666666666666	0.8267898383371823	0.7715039577836411	0.6666666666666666	0.7779102105681367	0.7850467289719627	0.7770549970431697	0.6666666666666666	0.6666666666666666	0.7603833865814696	0.7961165048543689	1.0	0.6666666666666666	0.6666666666666666	0.7692307692307692	0.6666666666666666	0.6666666666666666	0.6666666666666666	0.804972804972805	0.7724867724867724	0.7469102632993014	0.738255033557047	0.6666666666666666	0.8030303030303031	1.0	0.7888040712468193	0.7900355871886121	0.7853939782190904	1.0	0.784	0.6666666666666666	0.7586206896551725	0.6666666666666666
ja	1.0	0.6666666666666666	1.0	1.0	0.6666666666666666	0.6666666666666666	1.0	0.6666666666666666	0.6666666666666666	0.6666666666666666	1.0	1.0	0.6666666666666666	0.6666666666666666	0.6666666666666666	1.0	1.0	1.0	1.0	1.0	1.0	0.6666666666666666	0.6666666666666666	0.6666666666666666	0.6666666666666666	1.0	0.6666666666666666	1.0	0.6666666666666666	0.6666666666666666	0.6666666666666666	1.0	0.6666666666666666	1.0	0.6666666666666666	1.0
ko	1.0	0.6666666666666666	1.0	1.0	0.6666666666666666	0.6666666666666666	1.0	0.6666666666666666	0.6666666666666666	0.6666666666666666	1.0	1.0	0.6666666666666666	0.6666666666666666	0.6666666666666666	1.0	1.0	1.0	1.0	1.0	1.0	0.6666666666666666	0.6666666666666666	0.6666666666666666	0.6666666666666666	1.0	0.6666666666666666	1.0	0.6666666666666666	0.6666666666666666	0.6666666666666666	1.0	0.6666666666666666	1.0	0.6666666666666666	1.0
lv	1.0	0.8	1.0	1.0	0.787878787878788	0.7755102040816326	1.0	0.7368421052631579	0.75	0.787878787878788	0.6666666666666666	1.0	0.6666666666666666	0.75	0.7692307692307692	1.0	1.0	1.0	1.0	1.0	1.0	0.7796610169491526	0.7428571428571428	0.7272727272727273	0.6666666666666666	1.0	0.7272727272727273	1.0	0.7027027027027026	0.8	0.8	1.0	0.7619047619047619	1.0	0.6666666666666666	1.0
mk	1.0	0.6666666666666666	1.0	1.0	0.6666666666666666	0.6666666666666666	1.0	0.6666666666666666	1.0	1.0	1.0	1.0	1.0	0.6666666666666666	0.6666666666666666	1.0	1.0	1.0	1.0	1.0	1.0	0.6666666666666666	0.6666666666666666	0.6666666666666666	1.0	1.0	0.6666666666666666	1.0	0.6666666666666666	1.0	0.6666666666666666	1.0	0.6666666666666666	1.0	0.6666666666666666	1.0
ml	1.0	0.6666666666666666	1.0	1.0	0.6666666666666666	0.6666666666666666	1.0	0.6666666666666666	1.0	1.0	1.0	1.0	1.0	0.6666666666666666	0.6666666666666666	1.0	1.0	1.0	1.0	1.0	1.0	0.6666666666666666	0.6666666666666666	0.6666666666666666	1.0	1.0	0.6666666666666666	1.0	0.6666666666666666	1.0	0.6666666666666666	1.0	0.6666666666666666	1.0	0.6666666666666666	1.0
mr	1.0	1.0	1.0	1.0	0.6666666666666666	1.0	1.0	0.6666666666666666	1.0	1.0	1.0	1.0	1.0	0.6666666666666666	0.6666666666666666	1.0	1.0	1.0	1.0	1.0	1.0	0.6666666666666666	0.6666666666666666	0.6666666666666666	1.0	1.0	0.6666666666666666	1.0	0.6666666666666666	1.0	0.6666666666666666	1.0	1.0	1.0	0.6666666666666666	1.0
nl	1.0	0.8369565217391305	0.823529411764706	0.6666666666666666	0.811529933481153	0.7993453355155483	0.6666666666666666	0.8029969149405025	0.7721221613155833	0.8005850804485617	0.6666666666666666	0.6666666666666666	0.7116564417177914	0.7974413646055438	0.804972804972805	0.6666666666666666	0.6666666666666666	0.7796610169491526	0.6666666666666666	0.6666666666666666	0.6666666666666666	1.0	0.765511684125705	0.7649950835791544	0.7272727272727273	0.6666666666666666	0.8260869565217391	0.6666666666666666	0.8064516129032259	0.7956989247311828	0.782608695652174	1.0	0.81508078994614	0.6666666666666666	0.8717948717948718	0.6666666666666666
pl	1.0	0.8356164383561644	0.9090909090909091	0.6666666666666666	0.783132530120482	0.7670588235294118	0.6666666666666666	0.7727425310506882	0.7150259067357513	0.6851485148514851	0.8771929824561403	0.6666666666666666	0.7636363636363637	0.7559808612440192	0.7724867724867724	0.6666666666666666	0.6666666666666666	0.7428571428571428	0.6666666666666666	0.6666666666666666	0.6666666666666666	0.765511684125705	1.0	0.6839186691312384	0.6751592356687898	0.6666666666666666	0.8223350253807106	1.0	0.752851711026616	0.6666666666666666	0.7793696275071632	1.0	0.7282608695652174	0.6666666666666666	0.7906976744186047	0.6666666666666666
pt	0.6666666666666666	0.6666666666666666	0.6666666666666666	0.6666666666666666	0.8021390374331552	0.7149460708782742	0.6666666666666666	0.7744966442953021	0.8287292817679559	0.8387096774193549	0.6666666666666666	0.6666666666666666	0.6666666666666666	0.6755852842809364	0.7469102632993014	0.6666666666666666	0.6666666666666666	0.7272727272727273	0.6666666666666666	0.6666666666666666	0.6666666666666666	0.7649950835791544	0.6839186691312384	1.0	0.8108108108108107	0.6666666666666666	0.6666666666666666	0.6666666666666666	0.7887323943661972	0.775	0.7247386759581882	0.6666666666666666	0.7702265372168284	0.6666666666666666	0.8421052631578947	0.6666666666666666
ro	1.0	0.6909090909090909	0.9019607843137255	0.6666666666666666	0.7889908256880733	0.72	1.0	0.7741935483870968	0.8148148148148148	0.8531468531468531	1.0	1.0	0.6666666666666666	0.6771653543307087	0.738255033557047	0.6666666666666666	0.6666666666666666	0.6666666666666666	1.0	1.0	1.0	0.7272727272727273	0.6751592356687898	0.8108108108108107	1.0	1.0	0.7096774193548386	1.0	0.7659574468085106	0.6666666666666666	0.7368421052631579	1.0	0.7631578947368421	0.6666666666666666	0.8148148148148148	0.6666666666666666
ru	1.0	0.6666666666666666	1.0	1.0	0.6666666666666666	0.6666666666666666	1.0	0.6666666666666666	0.6666666666666666	0.6666666666666666	1.0	1.0	0.6666666666666666	0.6666666666666666	0.6666666666666666	1.0	1.0	1.0	1.0	1.0	1.0	0.6666666666666666	0.6666666666666666	0.6666666666666666	1.0	1.0	0.6666666666666666	1.0	0.6666666666666666	0.6666666666666666	0.6666666666666666	1.0	0.6666666666666666	1.0	0.6666666666666666	1.0
sh	1.0	0.9364161849710982	0.823529411764706	0.6666666666666666	0.7692307692307692	0.8122270742358079	0.6666666666666666	0.8059701492537313	0.75177304964539	0.6829268292682926	0.6666666666666666	0.6666666666666666	0.6956521739130435	0.8421052631578947	0.8030303030303031	0.6666666666666666	0.6666666666666666	0.7272727272727273	0.6666666666666666	0.6666666666666666	0.6666666666666666	0.8260869565217391	0.8223350253807106	0.6666666666666666	0.7096774193548386	0.6666666666666666	1.0	0.6666666666666666	0.7669172932330827	0.6666666666666666	0.8023952095808383	1.0	0.7338129496402878	0.6666666666666666	0.7142857142857143	0.6666666666666666
si	1.0	0.6666666666666666	1.0	1.0	1.0	0.6666666666666666	1.0	0.6666666666666666	1.0	1.0	1.0	1.0	1.0	1.0	1.0	1.0	1.0	1.0	1.0	1.0	1.0	0.6666666666666666	1.0	0.6666666666666666	1.0	1.0	0.6666666666666666	1.0	0.6666666666666666	1.0	1.0	1.0	0.6666666666666666	1.0	1.0	1.0
simple	0.6666666666666666	0.7536231884057971	0.8888888888888888	0.6666666666666666	0.851063829787234	0.7672131147540984	0.6666666666666666	0.7882960413080895	0.7654320987654322	0.7717842323651453	0.6666666666666666	0.6666666666666666	0.7397260273972602	0.7932960893854749	0.7888040712468193	0.6666666666666666	0.6666666666666666	0.7027027027027026	0.6666666666666666	0.6666666666666666	0.6666666666666666	0.8064516129032259	0.752851711026616	0.7887323943661972	0.7659574468085106	0.6666666666666666	0.7669172932330827	0.6666666666666666	1.0	0.6666666666666666	0.8081632653061224	0.6666666666666666	0.825	0.6666666666666666	0.7777777777777779	0.6666666666666666
sr	1.0	0.6666666666666666	0.8571428571428571	1.0	0.6666666666666666	0.8172043010752689	1.0	0.7192982456140351	0.7956989247311828	0.8653846153846154	0.6666666666666666	1.0	0.6666666666666666	0.6666666666666666	0.7900355871886121	0.6666666666666666	0.6666666666666666	0.8	1.0	1.0	1.0	0.7956989247311828	0.6666666666666666	0.775	0.6666666666666666	0.6666666666666666	0.6666666666666666	1.0	0.6666666666666666	1.0	0.75	1.0	0.6666666666666666	1.0	0.6666666666666666	0.6666666666666666
sv	0.6666666666666666	0.7518796992481203	0.8888888888888888	0.6666666666666666	0.8456375838926175	0.7781155015197568	0.6666666666666666	0.8142292490118577	0.7486338797814207	0.7394957983193278	0.6666666666666666	0.6666666666666666	0.7924528301886793	0.7750677506775068	0.7853939782190904	0.6666666666666666	0.6666666666666666	0.8	0.6666666666666666	0.6666666666666666	0.6666666666666666	0.782608695652174	0.7793696275071632	0.7247386759581882	0.7368421052631579	0.6666666666666666	0.8023952095808383	1.0	0.8081632653061224	0.75	1.0	0.6666666666666666	0.8056338028169014	0.6666666666666666	0.8421052631578947	0.6666666666666666
te	1.0	1.0	1.0	1.0	0.6666666666666666	1.0	1.0	0.6666666666666666	1.0	1.0	1.0	1.0	1.0	0.6666666666666666	1.0	1.0	1.0	1.0	1.0	1.0	1.0	1.0	1.0	0.6666666666666666	1.0	1.0	1.0	1.0	0.6666666666666666	1.0	0.6666666666666666	1.0	1.0	1.0	0.6666666666666666	1.0
tr	1.0	0.7628865979381444	0.8571428571428571	0.6666666666666666	0.8744588744588745	0.7803468208092486	0.6666666666666666	0.8117647058823529	0.718562874251497	0.7472035794183446	0.6666666666666666	0.6666666666666666	0.7012987012987012	0.7749077490774907	0.784	0.6666666666666666	0.6666666666666666	0.7619047619047619	0.6666666666666666	0.6666666666666666	1.0	0.81508078994614	0.7282608695652174	0.7702265372168284	0.7631578947368421	0.6666666666666666	0.7338129496402878	0.6666666666666666	0.825	0.6666666666666666	0.8056338028169014	1.0	1.0	0.6666666666666666	0.7142857142857143	0.6666666666666666
vi	1.0	0.6666666666666666	0.6666666666666666	1.0	0.6666666666666666	0.6666666666666666	1.0	0.6666666666666666	0.6666666666666666	1.0	1.0	1.0	1.0	0.6666666666666666	0.6666666666666666	1.0	1.0	1.0	1.0	1.0	1.0	0.6666666666666666	0.6666666666666666	0.6666666666666666	0.6666666666666666	1.0	0.6666666666666666	1.0	0.6666666666666666	1.0	0.6666666666666666	1.0	0.6666666666666666	1.0	0.6666666666666666	1.0
war	0.6666666666666666	0.782608695652174	0.9090909090909091	0.6666666666666666	0.8181818181818181	0.823529411764706	0.6666666666666666	0.8888888888888888	0.8181818181818181	0.8888888888888888	0.6666666666666666	0.6666666666666666	0.6666666666666666	0.8070175438596492	0.7586206896551725	0.6666666666666666	0.6666666666666666	0.6666666666666666	0.6666666666666666	0.6666666666666666	0.6666666666666666	0.8717948717948718	0.7906976744186047	0.8421052631578947	0.8148148148148148	0.6666666666666666	0.7142857142857143	1.0	0.7777777777777779	0.6666666666666666	0.8421052631578947	0.6666666666666666	0.7142857142857143	0.6666666666666666	1.0	0.6666666666666666
zh	1.0	0.6666666666666666	1.0	1.0	0.6666666666666666	0.6666666666666666	1.0	0.6666666666666666	0.6666666666666666	0.6666666666666666	1.0	1.0	0.6666666666666666	0.6666666666666666	0.6666666666666666	1.0	1.0	1.0	1.0	1.0	1.0	0.6666666666666666	0.6666666666666666	0.6666666666666666	0.6666666666666666	1.0	0.6666666666666666	1.0	0.6666666666666666	0.6666666666666666	0.6666666666666666	1.0	0.6666666666666666	1.0	0.6666666666666666	1.0
