arz	bs	ceb	ckb	da	de	el	en	es	fr	he	hi	hu	id	it	ja	ko	lv	mk	ml	mr	nl	pl	pt	ro	ru	sh	si	simple	sr	sv	te	tr	union	vi	war	zh
arz	0.023283940511631157	0.10003000000000001	0.0	0.125	0.047625850340136056	0.04167881944444444	0.04547727272727273	0.02633240997229917	0.03227679500520291	0.029424740484429068	0.04167708333333334	0.2	0.05557098765432098	0.06251953125	0.028584489795918367	0.034501783590963134	0.04763265306122449	0.055567901234567896	0.07144897959183673	0.06251564064064064	0.25	0.03126269531249999	0.03335222222222222	0.035724489795918364	0.03847485207100592	0.03227367325702393	0.047625850340136056	0.3333333333333333	0.06668888888888888	0.05265373961218836	0.05264265927977839	0.5	1.0	0.023283940511631157	0.05265650969529085	0.16666666666666666	0.03335111111111111
bs	0.10003000000000001	0.00600977279992331	1.0	0.08336805555555554	0.013891589506172839	0.009617233727810651	0.012824457593688363	0.007415899657318975	0.007523264459552549	0.007098347606583733	0.01163142239048134	0.08336111111111111	0.016131893860561915	0.01667138888888889	0.007817766442316807	0.008774238227146814	0.01786065051020408	0.014288163265306122	0.020418159100374846	0.017545706371191135	0.16674999999999998	0.009436098255606977	0.008931122448979591	0.008199746104610389	0.01032253064468604	0.007939532187768519	0.011907738095238094	0.25006249999999997	0.02128519692168402	0.01220032718619869	0.010872518903591684	0.20007999999999998	0.5	0.00600977279992331	0.015156795224977043	0.07145918367346939	0.011908304988662133
ceb	0.0	1.0	0.33355555555555555	0.0	0.33344444444444443	0.33344444444444443	0.33344444444444443	0.33355555555555555	0.33344444444444443	0.33355555555555555	0.33344444444444443	0.0	1.0	1.0	0.33355555555555555	0.33344444444444443	0.33344444444444443	0.33355555555555555	0.5	1.0	0.0	0.33344444444444443	0.33355555555555555	0.33355555555555555	0.33344444444444443	0.33355555555555555	0.33344444444444443	0.0	1.0	1.0	0.33344444444444443	0.0	0.3333333333333333	0.33355555555555555	0.33344444444444443	0.0	0.33344444444444443
ckb	0.125	0.08336805555555554	0.0	0.027805555555555556	0.05557098765432098	0.045466942148760334	0.04763265306122449	0.035730867346938776	0.040015999999999996	0.0384792899408284	0.043495274102079394	0.16674999999999998	0.05557098765432098	0.05265373961218836	0.04349338374291115	0.04763492063492063	0.06251562499999999	0.055580246913580246	0.06668888888888888	0.06251953125	0.20012	0.04348960302457467	0.052645429362880886	0.043495274102079394	0.04763038548752834	0.0400192	0.058833910034602074	0.25006249999999997	0.0666888888888889	0.05001749999999999	0.04547314049586777	0.25006249999999997	0.0	0.027805555555555556	0.04764625850340136	0.12507812499999998	0.04168402777777777
da	0.047625850340136056	0.013891589506172839	0.33344444444444443	0.05557098765432098	0.00038730436471463614	0.0011461539770710382	0.002470190629544343	0.0007773464989788472	0.000932596292711372	0.0008656978644067375	0.0015855998930081048	0.03448989298454221	0.002916820797771651	0.004466458246970664	0.001033604338842975	0.001268181276700445	0.004389043109418282	0.003535366904318945	0.006670044444444444	0.005182663213026443	0.1250625	0.0010610196744314493	0.0011714785511575446	0.0011966430212993263	0.0021196049045445545	0.0009370202814312581	0.002445992216689284	0.09092561983471074	0.006213726900968327	0.003877156451475813	0.001293680893484581	0.11116049382716049	0.0500075	0.00038730436471463614	0.003986413231694894	0.04548760330578512	0.00231648706510437
de	0.04167881944444444	0.009617233727810651	0.33344444444444443	0.045466942148760334	0.0011461539770710382	6.435315274394203e-05	0.0010632798752185353	0.00013983839044139765	0.00021894279978013664	0.00016489565898859202	0.0007406023913198794	0.025647600262984876	0.0016787420470924738	0.0026123299437603546	0.0002191805377562331	0.00038213107589685956	0.0028673575422205073	0.001866789099096451	0.004856654727118484	0.002115439116175477	0.10003000000000001	0.00028365464275695025	0.0002599280620875965	0.00034419899978622694	0.000953265636806557	0.00020232848518287363	0.0014013076701268744	0.0625078125	0.003803901431511696	0.002102096682559875	0.0005663302386168181	0.1250625	0.01695461074403907	6.435315274394203e-05	0.002001208268288332	0.043495274102079394	0.000846875293205909
el	0.04547727272727273	0.012824457593688363	0.33344444444444443	0.04763265306122449	0.002470190629544343	0.0010632798752185353	0.0005567351778640063	0.0007779159326229646	0.0008278696010226732	0.0008009721655814593	0.0015812076697002161	0.03572321428571428	0.0029684597029118855	0.0044321639713368315	0.0008555390837051594	0.0011336530673645233	0.004084398167430237	0.00313674203280235	0.00540902883891927	0.0039855399915081505	0.1429387755102041	0.0010855180423321898	0.0009786039711990068	0.001038153072521222	0.0019694922035270747	0.0008483030559061107	0.002243313856100062	0.10001999999999998	0.006539322482805759	0.0034259711953462187	0.001731352303780013	0.11118518518518519	0.25	0.0005567351778640063	0.0033700230229558935	0.043495274102079394	0.00201849137080282
en	0.02633240997229917	0.007415899657318975	0.33355555555555555	0.035730867346938776	0.0007773464989788472	0.00013983839044139765	0.0007779159326229646	2.127292383328584e-05	0.00011158840685633796	7.648571097028041e-05	0.0005679599400254114	0.014935177770775897	0.0013545015914358139	0.0012908977452594959	0.00010124420694016475	0.00024200714179541366	0.002112161690612259	0.0013603409151515917	0.0034996704242141307	0.0009109757649275088	0.09094214876033058	0.00018152533207808612	0.00016200742734911438	0.00020493299188472145	0.0006219435985591201	0.00011271589365268331	0.0011747713514708615	0.041694444444444444	0.002600191173903721	0.0015214702301338033	0.00039834946019248903	0.11114814814814815	0.010107642077339047	2.127292383328584e-05	0.001453178252123108	0.0384792899408284	0.0004854209702573691
es	0.03227679500520291	0.007523264459552549	0.33344444444444443	0.040015999999999996	0.000932596292711372	0.00021894279978013664	0.0008278696010226732	0.00011158840685633796	6.283040532828295e-05	0.00011791761092780618	0.0005526812919173647	0.02382143140589569	0.0012603119380872922	0.00207214289180411	0.00014661627229485528	0.0003001633923855141	0.002285497758595525	0.0016821836142335402	0.0036657410538179767	0.0015447969083917249	0.10003000000000001	0.0002444371017006318	0.00019581499247310323	0.00023338884961760447	0.0006971442050484796	0.00017086661835805612	0.0010129582479818653	0.04763945578231293	0.003249115260764053	0.0015419672252641587	0.0005335728656007625	0.11118518518518519	0.026318559556786702	6.283040532828295e-05	0.001621938361925485	0.034501783590963134	0.0006787823270341929
fr	0.029424740484429068	0.007098347606583733	0.33355555555555555	0.0384792899408284	0.0008656978644067375	0.00016489565898859202	0.0008009721655814593	7.648571097028041e-05	0.00011791761092780618	3.379438521119257e-05	0.0005257533560213154	0.020420245735114542	0.0011926278951894286	0.001587878411521555	0.00011055485677384424	0.00025582104451805676	0.002254139380934989	0.0016273915826105656	0.0033806842245025334	0.0013782358880744408	0.10003999999999999	0.00019690447703295074	0.0001733191274770751	0.0002199076579723974	0.0006511177803095898	0.00012351978484028664	0.0009725144512377609	0.047641723356009066	0.003005449319866186	0.0015072730715402925	0.00044658145090712754	0.11118518518518519	0.013704822668418087	3.379438521119257e-05	0.0014985449625255038	0.03335222222222222	0.0006124014867277798
he	0.04167708333333334	0.01163142239048134	0.33344444444444443	0.043495274102079394	0.0015855998930081048	0.0007406023913198794	0.0015812076697002161	0.0005679599400254114	0.0005526812919173647	0.0005257533560213154	0.0003218573704148628	0.031255859375	0.002088663455964714	0.003681604018668519	0.0005950372703540808	0.0007576084979876788	0.0032388748546831304	0.0026334765235457064	0.0050025	0.0034492747443519624	0.10004999999999999	0.0007047603298522611	0.0006615219121328576	0.0006711734901605503	0.0014396835133399539	0.0005623032618977431	0.0016404731174818597	0.07143877551020407	0.00478690986927955	0.0024583370017325786	0.0012650795057039734	0.11114814814814815	0.16666666666666666	0.0003218573704148628	0.002572844130726262	0.04002239999999999	0.0014023683719967897
hi	0.2	0.08336111111111111	0.0	0.16674999999999998	0.03448989298454221	0.025647600262984876	0.03572321428571428	0.014935177770775897	0.02382143140589569	0.020420245735114542	0.031255859375	0.009912366241940402	0.04167534722222222	0.038473372781065086	0.023823133791387757	0.02632479224376731	0.0400112	0.0344910820451843	0.055574074074074074	0.03704663923182441	0.250125	0.03448632580261593	0.03333666666666667	0.02703506208911614	0.033342222222222224	0.02326501190211304	0.0400096	0.16669444444444442	0.058840830449826985	0.04348771266540642	0.03704663923182441	0.20007999999999998	0.0	0.009912366241940402	0.03847041420118343	0.20007999999999998	0.029420415224913492
hu	0.05557098765432098	0.016131893860561915	1.0	0.05557098765432098	0.002916820797771651	0.0016787420470924738	0.0029684597029118855	0.0013545015914358139	0.0012603119380872922	0.0011926278951894286	0.002088663455964714	0.04167534722222222	0.0008492103575637664	0.006370968761410199	0.0012665150440714708	0.001650870546984459	0.005850996887931329	0.004631622942386832	0.007636326554396597	0.00588401384083045	0.16674999999999998	0.0014913314295835404	0.001344785320337055	0.0015227071069317893	0.0021988312522642195	0.0012384165926041001	0.003003931940949959	0.11113580246913579	0.008068418314255983	0.004256387759167044	0.002488932169263695	0.11114814814814815	0.055567901234567896	0.0008492103575637664	0.00480998086168639	0.055574074074074074	0.0030412325283413902
id	0.06251953125	0.01667138888888889	1.0	0.05265373961218836	0.004466458246970664	0.0026123299437603546	0.0044321639713368315	0.0012908977452594959	0.00207214289180411	0.001587878411521555	0.003681604018668519	0.038473372781065086	0.006370968761410199	0.001086869558995744	0.0018442894583084281	0.0022627981629297733	0.007096071626175746	0.005589245404325708	0.011115308641975307	0.006175889156951496	0.1429387755102041	0.0025545634356243254	0.0024222458972100987	0.0023284536585112077	0.004294222291808653	0.0018556517626904779	0.005293329134122785	0.07147448979591836	0.007200099646795045	0.006332400176253806	0.003848565946893491	0.14291836734693877	0.028584489795918367	0.001086869558995744	0.005107596446892708	0.052662049861495835	0.002963983981653355
it	0.028584489795918367	0.007817766442316807	0.33355555555555555	0.04349338374291115	0.001033604338842975	0.0002191805377562331	0.0008555390837051594	0.00010124420694016475	0.00014661627229485528	0.00011055485677384424	0.0005950372703540808	0.023823133791387757	0.0012665150440714708	0.0018442894583084281	4.457358977708216e-05	0.00031554932929957826	0.0025794519077479007	0.0017433289375372533	0.0038482988461538466	0.0014069750526024987	0.10003999999999999	0.00024967089018560005	0.00020564023288447393	0.0002562584724797203	0.0007569741185172542	0.00017113840432596476	0.0010467462962570854	0.0625078125	0.003346730697084485	0.0016059817277451777	0.0005729648315481926	0.11116049382716049	0.022232592592592592	4.457358977708216e-05	0.0017107909508668035	0.035730867346938776	0.000771938712723211
ja	0.034501783590963134	0.008774238227146814	0.33344444444444443	0.04763492063492063	0.001268181276700445	0.00038213107589685956	0.0011336530673645233	0.00024200714179541366	0.0003001633923855141	0.00025582104451805676	0.0007576084979876788	0.02632479224376731	0.001650870546984459	0.0022627981629297733	0.00031554932929957826	0.00013920549158548482	0.0025274654499540866	0.0021068190183268698	0.004506979952925899	0.0022597634242113216	0.11116049382716049	0.0004038662778132594	0.00037339267116597095	0.00041290477526019097	0.0010275911515502647	0.0002949854951670555	0.0013114440892747642	0.07693491124260354	0.003762057383464424	0.001989261766243327	0.0007527837698334241	0.11117283950617282	0.125	0.00013920549158548482	0.0018300772318886327	0.03449702734839477	0.0008753922378649455
ko	0.04763265306122449	0.01786065051020408	0.33344444444444443	0.06251562499999999	0.004389043109418282	0.0028673575422205073	0.004084398167430237	0.002112161690612259	0.002285497758595525	0.002254139380934989	0.0032388748546831304	0.0400112	0.005850996887931329	0.007096071626175746	0.0025794519077479007	0.0025274654499540866	0.0015270256335538762	0.00606376492194674	0.010758931668400971	0.00854920030681569	0.16674999999999998	0.002900281596303298	0.002803137058745067	0.0026973067617933615	0.004068230467975411	0.002327658350459708	0.0044673349808673464	0.10001999999999998	0.007817261962890624	0.005851134058342738	0.003804999696395784	0.11116049382716049	0.2	0.0015270256335538762	0.00575066091954023	0.0555895061728395	0.0033256700698667784
lv	0.055567901234567896	0.014288163265306122	0.33355555555555555	0.055580246913580246	0.003535366904318945	0.001866789099096451	0.00313674203280235	0.0013603409151515917	0.0016821836142335402	0.0016273915826105656	0.0026334765235457064	0.0344910820451843	0.004631622942386832	0.005589245404325708	0.0017433289375372533	0.0021068190183268698	0.00606376492194674	0.001159978673287984	0.008406680319186498	0.005815339372633856	0.1250625	0.0018880564259097109	0.0018566301266346324	0.0020297061457937656	0.0031169826573888065	0.0015516788398773917	0.0034620635169598066	0.10001999999999998	0.007578627180899909	0.0049037391868512106	0.002572161319433641	0.1429387755102041	0.09093388429752067	0.001159978673287984	0.0050022750000000005	0.0555895061728395	0.003023439380974982
mk	0.07144897959183673	0.020418159100374846	0.5	0.06668888888888888	0.006670044444444444	0.004856654727118484	0.00540902883891927	0.0034996704242141307	0.0036657410538179767	0.0033806842245025334	0.0050025	0.055574074074074074	0.007636326554396597	0.011115308641975307	0.0038482988461538466	0.004506979952925899	0.010758931668400971	0.008406680319186498	0.0028367218180872164	0.011113086419753086	0.1429795918367347	0.004239353203102556	0.004168854166666666	0.0041683681944444445	0.005816826663061114	0.0035864006373506506	0.0066696444444444445	0.14287755102040817	0.011911989795918367	0.007697159763313609	0.0057837548865648705	0.20007999999999998	0.5	0.0028367218180872164	0.00934955017905494	0.06670222222222223	0.005921011169076712
ml	0.06251564064064064	0.017545706371191135	1.0	0.06251953125	0.005182663213026443	0.002115439116175477	0.0039855399915081505	0.0009109757649275088	0.0015447969083917249	0.0013782358880744408	0.0034492747443519624	0.03704663923182441	0.00588401384083045	0.006175889156951496	0.0014069750526024987	0.0022597634242113216	0.00854920030681569	0.005815339372633856	0.011113086419753086	0.0008652321484982538	0.1250625	0.0020301063079324042	0.0020681724517234348	0.0020016178643910516	0.0034881834143176953	0.0015662287492502612	0.005129335963182116	0.062546875	0.00943805856408206	0.006947052284159949	0.0035101266487788134	0.1429387755102041	0.5	0.0008652321484982538	0.005781883925289852	0.05557716049382715	0.003051391212342799
mr	0.25	0.16674999999999998	0.0	0.20012	0.1250625	0.10003000000000001	0.1429387755102041	0.09094214876033058	0.10003000000000001	0.10003999999999999	0.10004999999999999	0.250125	0.16674999999999998	0.1429387755102041	0.10003999999999999	0.11116049382716049	0.16674999999999998	0.1250625	0.1429795918367347	0.1250625	0.08340277777777777	0.10003000000000001	0.10003000000000001	0.10003999999999999	0.11117283950617282	0.11116049382716049	0.1429183673469388	0.50025	0.11116049382716049	0.12507812499999998	0.14295918367346938	0.33344444444444443	1.0	0.08340277777777777	0.1250625	0.20015999999999998	0.10003999999999999
nl	0.03126269531249999	0.009436098255606977	0.33344444444444443	0.04348960302457467	0.0010610196744314493	0.00028365464275695025	0.0010855180423321898	0.00018152533207808612	0.0002444371017006318	0.00019690447703295074	0.0007047603298522611	0.03448632580261593	0.0014913314295835404	0.0025545634356243254	0.00024967089018560005	0.0004038662778132594	0.002900281596303298	0.0018880564259097109	0.004239353203102556	0.0020301063079324042	0.10003000000000001	9.888781322438959e-05	0.0002985325164797459	0.0003672369352943375	0.0009230241341590605	0.00024310891994187478	0.001260058231167024	0.058830449826989616	0.0038638989217613337	0.0019655640945881914	0.000625265732839771	0.11114814814814815	0.025656147271531884	9.888781322438959e-05	0.0018499683775371496	0.03449940546967895	0.0009003608393919351
pl	0.03335222222222222	0.008931122448979591	0.33355555555555555	0.052645429362880886	0.0011714785511575446	0.0002599280620875965	0.0009786039711990068	0.00016200742734911438	0.00019581499247310323	0.0001733191274770751	0.0006615219121328576	0.03333666666666667	0.001344785320337055	0.0024222458972100987	0.00020564023288447393	0.00037339267116597095	0.002803137058745067	0.0018566301266346324	0.004168854166666666	0.0020681724517234348	0.10003000000000001	0.0002985325164797459	8.028607962037298e-05	0.00032994730686348035	0.0008250929046762507	0.00020608313753414325	0.0011729528441786728	0.07693491124260354	0.003986302886244226	0.001866613620426894	0.0006197190674534092	0.12507812499999998	0.033341111111111106	8.028607962037298e-05	0.0018465352447125747	0.04001759999999999	0.0009087466329626484
pt	0.035724489795918364	0.008199746104610389	0.33355555555555555	0.043495274102079394	0.0011966430212993263	0.00034419899978622694	0.001038153072521222	0.00020493299188472145	0.00023338884961760447	0.0002199076579723974	0.0006711734901605503	0.02703506208911614	0.0015227071069317893	0.0023284536585112077	0.0002562584724797203	0.00041290477526019097	0.0026973067617933615	0.0020297061457937656	0.0041683681944444445	0.0020016178643910516	0.10003999999999999	0.0003672369352943375	0.00032994730686348035	0.00011668625728706165	0.0009230840833253057	0.0002709059786904778	0.0011567951498840884	0.0625078125	0.0036385070830978316	0.0018527881413374966	0.0007649989549333119	0.11118518518518519	0.032264308012486996	0.00011668625728706165	0.0019545793127578965	0.040020799999999995	0.0008585606790183549
ro	0.03847485207100592	0.01032253064468604	0.33344444444444443	0.04763038548752834	0.0021196049045445545	0.000953265636806557	0.0019694922035270747	0.0006219435985591201	0.0006971442050484796	0.0006511177803095898	0.0014396835133399539	0.033342222222222224	0.0021988312522642195	0.004294222291808653	0.0007569741185172542	0.0010275911515502647	0.004068230467975411	0.0031169826573888065	0.005816826663061114	0.0034881834143176953	0.11117283950617282	0.0009230241341590605	0.0008250929046762507	0.0009230840833253057	0.00042093519249817516	0.0007137169117026085	0.0020627018854288445	0.10001999999999998	0.0060280559667746	0.0029006533817815413	0.001603636115735909	0.11116049382716049	0.09093388429752067	0.00042093519249817516	0.00327005697653739	0.04547314049586777	0.0017820753386835462
ru	0.03227367325702393	0.007939532187768519	0.33355555555555555	0.0400192	0.0009370202814312581	0.00020232848518287363	0.0008483030559061107	0.00011271589365268331	0.00017086661835805612	0.00012351978484028664	0.0005623032618977431	0.02326501190211304	0.0012384165926041001	0.0018556517626904779	0.00017113840432596476	0.0002949854951670555	0.002327658350459708	0.0015516788398773917	0.0035864006373506506	0.0015662287492502612	0.11116049382716049	0.00024310891994187478	0.00020608313753414325	0.0002709059786904778	0.0007137169117026085	4.986122633181177e-05	0.0010337218139994406	0.0500225	0.0033803883674602326	0.0016271371365429185	0.0005168280829152624	0.11117283950617282	0.08333333333333333	4.986122633181177e-05	0.0016354547153021595	0.03572959183673469	0.0006980253399253317
sh	0.047625850340136056	0.011907738095238094	0.33344444444444443	0.058833910034602074	0.002445992216689284	0.0014013076701268744	0.002243313856100062	0.0011747713514708615	0.0010129582479818653	0.0009725144512377609	0.0016404731174818597	0.0400096	0.003003931940949959	0.005293329134122785	0.0010467462962570854	0.0013114440892747642	0.0044673349808673464	0.0034620635169598066	0.0066696444444444445	0.005129335963182116	0.1429183673469388	0.001260058231167024	0.0011729528441786728	0.0011567951498840884	0.0020627018854288445	0.0010337218139994406	0.0008177637373229584	0.09092561983471074	0.006063397612488521	0.003136624394414363	0.0020502973285071216	0.11117283950617282	0.07692899408284024	0.0008177637373229584	0.004018193367848906	0.0400192	0.00239978406914756
si	0.3333333333333333	0.25006249999999997	0.0	0.25006249999999997	0.09092561983471074	0.0625078125	0.10001999999999998	0.041694444444444444	0.04763945578231293	0.047641723356009066	0.07143877551020407	0.16669444444444442	0.11113580246913579	0.07147448979591836	0.0625078125	0.07693491124260354	0.10001999999999998	0.10001999999999998	0.14287755102040817	0.062546875	0.50025	0.058830449826989616	0.07693491124260354	0.0625078125	0.10001999999999998	0.0500225	0.09092561983471074	0.03336666666666666	0.14289795918367346	0.09092561983471074	0.08334722222222221	0.250125	1.0	0.03336666666666666	0.07143877551020407	0.250125	0.05266204986149584
simple	0.06668888888888888	0.02128519692168402	1.0	0.0666888888888889	0.006213726900968327	0.003803901431511696	0.006539322482805759	0.002600191173903721	0.003249115260764053	0.003005449319866186	0.00478690986927955	0.058840830449826985	0.008068418314255983	0.007200099646795045	0.003346730697084485	0.003762057383464424	0.007817261962890624	0.007578627180899909	0.011911989795918367	0.00943805856408206	0.11116049382716049	0.0038638989217613337	0.003986302886244226	0.0036385070830978316	0.0060280559667746	0.0033803883674602326	0.006063397612488521	0.14289795918367346	0.0021869408765976487	0.007877923307398166	0.004764944150499707	0.14295918367346938	0.050027499999999996	0.0021869408765976487	0.007817567934145082	0.050034999999999996	0.004448320207870859
sr	0.05265373961218836	0.01220032718619869	1.0	0.05001749999999999	0.003877156451475813	0.002102096682559875	0.0034259711953462187	0.0015214702301338033	0.0015419672252641587	0.0015072730715402925	0.0024583370017325786	0.04348771266540642	0.004256387759167044	0.006332400176253806	0.0016059817277451777	0.001989261766243327	0.005851134058342738	0.0049037391868512106	0.007697159763313609	0.006947052284159949	0.12507812499999998	0.0019655640945881914	0.001866613620426894	0.0018527881413374966	0.0029006533817815413	0.0016271371365429185	0.003136624394414363	0.09092561983471074	0.007877923307398166	0.0010432843145748506	0.003013673559015207	0.12507812499999998	1.0	0.0010432843145748506	0.004653975879611358	0.045479338842975205	0.0033587889087373208
sv	0.05264265927977839	0.010872518903591684	0.33344444444444443	0.04547314049586777	0.001293680893484581	0.0005663302386168181	0.001731352303780013	0.00039834946019248903	0.0005335728656007625	0.00044658145090712754	0.0012650795057039734	0.03704663923182441	0.002488932169263695	0.003848565946893491	0.0005729648315481926	0.0007527837698334241	0.003804999696395784	0.002572161319433641	0.0057837548865648705	0.0035101266487788134	0.14295918367346938	0.000625265732839771	0.0006197190674534092	0.0007649989549333119	0.001603636115735909	0.0005168280829152624	0.0020502973285071216	0.08334722222222221	0.004764944150499707	0.003013673559015207	0.00024428035391063494	0.125046875	0.0400048	0.00024428035391063494	0.002440934289387543	0.04350283553875236	0.0015304842348825305
te	0.5	0.20007999999999998	0.0	0.25006249999999997	0.11116049382716049	0.1250625	0.11118518518518519	0.11114814814814815	0.11118518518518519	0.11118518518518519	0.11114814814814815	0.20007999999999998	0.11114814814814815	0.14291836734693877	0.11116049382716049	0.11117283950617282	0.11116049382716049	0.1429387755102041	0.20007999999999998	0.1429387755102041	0.33344444444444443	0.11114814814814815	0.12507812499999998	0.11118518518518519	0.11116049382716049	0.11117283950617282	0.11117283950617282	0.250125	0.14295918367346938	0.12507812499999998	0.125046875	0.09097520661157024	0.0	0.09097520661157024	0.11116049382716049	0.16672222222222222	0.11116049382716049
tr	1.0	0.5	0.3333333333333333	0.0	0.0500075	0.01695461074403907	0.25	0.010107642077339047	0.026318559556786702	0.013704822668418087	0.16666666666666666	0.0	0.055567901234567896	0.028584489795918367	0.022232592592592592	0.125	0.2	0.09093388429752067	0.5	0.5	1.0	0.025656147271531884	0.033341111111111106	0.032264308012486996	0.09093388429752067	0.08333333333333333	0.07692899408284024	1.0	0.050027499999999996	1.0	0.0400048	0.0	0.008411482239954806	0.02632617728531856	0.10003999999999999	0.08336111111111111	0.125
union	0.023283940511631157	0.00600977279992331	0.33355555555555555	0.027805555555555556	0.00038730436471463614	6.435315274394203e-05	0.0005567351778640063	2.127292383328584e-05	6.283040532828295e-05	3.379438521119257e-05	0.0003218573704148628	0.009912366241940402	0.0008492103575637664	0.001086869558995744	4.457358977708216e-05	0.00013920549158548482	0.0015270256335538762	0.001159978673287984	0.0028367218180872164	0.0008652321484982538	0.08340277777777777	9.888781322438959e-05	8.028607962037298e-05	0.00011668625728706165	0.00042093519249817516	4.986122633181177e-05	0.0008177637373229584	0.03336666666666666	0.0021869408765976487	0.0010432843145748506	0.00024428035391063494	0.09097520661157024	0.02632617728531856	3.4954989313374675e-05	0.0010737148231023032	0.03336444444444444	0.0002606146212079071
vi	0.05265650969529085	0.015156795224977043	0.33344444444444443	0.04764625850340136	0.003986413231694894	0.002001208268288332	0.0033700230229558935	0.001453178252123108	0.001621938361925485	0.0014985449625255038	0.002572844130726262	0.03847041420118343	0.00480998086168639	0.005107596446892708	0.0017107909508668035	0.0018300772318886327	0.00575066091954023	0.0050022750000000005	0.00934955017905494	0.005781883925289852	0.1250625	0.0018499683775371496	0.0018465352447125747	0.0019545793127578965	0.00327005697653739	0.0016354547153021595	0.004018193367848906	0.07143877551020407	0.007817567934145082	0.004653975879611358	0.002440934289387543	0.11116049382716049	0.10003999999999999	0.0010737148231023032	0.0010737148231023032	0.055583333333333325	0.002720526392325648
war	0.16666666666666666	0.07145918367346939	0.0	0.12507812499999998	0.04548760330578512	0.043495274102079394	0.043495274102079394	0.0384792899408284	0.034501783590963134	0.03335222222222222	0.04002239999999999	0.20007999999999998	0.055574074074074074	0.052662049861495835	0.035730867346938776	0.03449702734839477	0.0555895061728395	0.0555895061728395	0.06670222222222223	0.05557716049382715	0.20015999999999998	0.03449940546967895	0.04001759999999999	0.040020799999999995	0.04547314049586777	0.03572959183673469	0.0400192	0.250125	0.050034999999999996	0.045479338842975205	0.04350283553875236	0.16672222222222222	0.08336111111111111	0.03336444444444444	0.055583333333333325	0.03336444444444444	0.04764399092970521
zh	0.03335111111111111	0.011908304988662133	0.33344444444444443	0.04168402777777777	0.00231648706510437	0.000846875293205909	0.00201849137080282	0.0004854209702573691	0.0006787823270341929	0.0006124014867277798	0.0014023683719967897	0.029420415224913492	0.0030412325283413902	0.002963983981653355	0.000771938712723211	0.0008753922378649455	0.0033256700698667784	0.003023439380974982	0.005921011169076712	0.003051391212342799	0.10003999999999999	0.0009003608393919351	0.0009087466329626484	0.0008585606790183549	0.0017820753386835462	0.0006980253399253317	0.00239978406914756	0.05266204986149584	0.004448320207870859	0.0033587889087373208	0.0015304842348825305	0.11116049382716049	0.125	0.0002606146212079071	0.002720526392325648	0.04764399092970521	0.0002606146212079071
