arz	bs	ceb	ckb	da	de	el	en	es	fr	he	hi	hu	id	it	ja	ko	lv	mk	ml	mr	nl	pl	pt	ro	ru	sh	si	simple	sr	sv	te	tr	union	vi	war	zh
arz	1.0	0.05	0.0	0.11267605633802817	0.00804289544235925	0.0015389547932029496	0.012074643249176729	0.0008009780363391088	0.0019377422177772221	0.0011383801520072321	0.007655502392344498	0.03597122302158273	0.014937759336099586	0.016824395373291272	0.0015451174289245982	0.004017733444167359	0.030973451327433628	0.020247469066366704	0.03664921465968586	0.01343408900083963	0.0784313725490196	0.003146818762906874	0.0023942537909018356	0.0032478830762092564	0.010792860107928601	0.0015365551425030979	0.016840417000801924	0.04285714285714286	0.030864197530864196	0.019308943089430895	0.004602713178294574	0.038461538461538464	0.008333333333333333	0.000391165126264464	0.019853709508881923	0.08955223880597014	0.007772020725388601
bs	0.05	1.0	0.005917159763313609	0.06282722513089005	0.026825633383010434	0.006650041562759767	0.04126984126984127	0.002843961322126019	0.008302122347066168	0.004718243876321778	0.026900218955270568	0.046875	0.04824902723735409	0.058195926285160036	0.005642992549486399	0.015708970649028525	0.07301173402868318	0.07284079084287201	0.1040339702760085	0.044740973312401885	0.03468208092485549	0.010372834915353752	0.008908685968819599	0.014102415905675644	0.039398862713241264	0.006236388833894278	0.06422018348623854	0.02072538860103627	0.08131487889273356	0.0784688995215311	0.022014836085187842	0.028901734104046242	0.014084507042253521	0.0015191761880503603	0.06382978723404255	0.07650273224043716	0.021374045801526718
ceb	0.0	0.005917159763313609	1.0	0.0	0.0011587485515643105	0.0001926040061633282	0.001665741254858412	6.324177329932331e-05	0.00018766420618040785	0.00010047558443298278	0.0009627727856225931	0.0	0.0008460236886632825	0.0010799136069114472	0.00013248542660307367	0.000416435313714603	0.004573170731707317	0.003472222222222222	0.005649717514124294	0.0008576329331046312	0.0	0.00029533372711163615	0.0002396740433011105	0.00034859400418312805	0.001254180602006689	0.00014878738282993602	0.0024489795918367346	0.0	0.002173913043478261	0.0010395010395010396	0.0007309941520467836	0.0	0.023622047244094488	2.729059020449749e-05	0.003215434083601286	0.0	0.0007798284377436964
ckb	0.11267605633802817	0.06282722513089005	0.0	1.0	0.006904487917146145	0.0014111610006414367	0.011563876651982379	0.0005901570239224365	0.0015627930236919423	0.0008704968528190706	0.007350591243208693	0.04580152671755725	0.015025041736227046	0.020191285866099893	0.0010151388091980402	0.002908990164842776	0.023668639053254437	0.02040816326530612	0.040106951871657755	0.013513513513513514	0.11627906976744186	0.0022613312358666796	0.0015158768150630286	0.0026685230305139806	0.008724553385957623	0.001239218796470705	0.013665594855305467	0.06451612903225806	0.031315240083507306	0.020491803278688523	0.005342399222923749	0.09302325581395349	0.0	0.00032748708245396987	0.022151898734177215	0.13793103448275862	0.006219227779217414
da	0.00804289544235925	0.026825633383010434	0.0011587485515643105	0.006904487917146145	1.0	0.050485773768216516	0.10163111668757842	0.026427017932619312	0.06130727916809507	0.03694353008852386	0.12435947970043358	0.010898158586997369	0.10011675423234093	0.06810580723624202	0.03989284978363899	0.08762772101288316	0.0755717600265164	0.08927444794952681	0.053724928366762174	0.054213483146067415	0.0030852294639413806	0.07988817350050831	0.05992141453831041	0.08070277053769669	0.10467952982923043	0.04925290536801328	0.12011747430249634	0.004217791411042945	0.05578655578655579	0.07839562443026436	0.13076533198175366	0.0034735623311462757	0.05555555555555555	0.02355177934648133	0.07673494344237236	0.008471313053523296	0.07195203197868089
de	0.0015389547932029496	0.006650041562759767	0.0001926040061633282	0.0014111610006414367	0.050485773768216516	1.0	0.057252372840107084	0.1281734522147026	0.16935274721203364	0.15423113075731015	0.07790784845164639	0.002493925054354777	0.03688118811881188	0.02376372774089471	0.13567480834373327	0.12990427062149695	0.02197317887049046	0.03370221327967807	0.013101825351396043	0.029077273006700682	0.0006419309282321222	0.15887597946500945	0.15880872829270304	0.13663924794359578	0.06206407376758482	0.16065861262665626	0.0443836638279356	0.0010262989095574087	0.01667617779468645	0.02963885429638854	0.09864344330932842	0.0005135117786764234	0.0223062381852552	0.14169274434175097	0.031232431757136612	0.0014759674003722006	0.06479907899786196
el	0.012074643249176729	0.04126984126984127	0.001665741254858412	0.011563876651982379	0.10163111668757842	0.057252372840107084	1.0	0.026861313868613138	0.07292797683677163	0.0411062514387188	0.14775910364145659	0.014941302027748132	0.12745839636913767	0.09043617446978791	0.050268528464017186	0.1087170647623738	0.11075949367088607	0.13597612958226768	0.09395632300660234	0.0924834193072955	0.003875968992248062	0.08353719307782911	0.07694622038360285	0.10208620141904055	0.1378561736770692	0.05677444187836798	0.17286821705426356	0.0054914881933003845	0.07264957264957266	0.11826650465775618	0.10850384831987986	0.004991680532445923	0.03125	0.016383450986099994	0.12187115305703734	0.012721238938053098	0.09627329192546584
en	0.0008009780363391088	0.002843961322126019	6.324177329932331e-05	0.0005901570239224365	0.026427017932619312	0.1281734522147026	0.026861313868613138	1.0	0.16490035815961063	0.20494793290515684	0.03613445378151261	0.001411388005308504	0.015435064121308325	0.016350377235567325	0.16485215165467149	0.082	0.009954009954009954	0.015473562493430043	0.006020545638262041	0.023243573278312314	0.00023188161389603272	0.10606467967429713	0.11500836897898456	0.095574148649177	0.033582244347645715	0.15165763739820778	0.017820539636059403	0.0005058702021373016	0.008103557145864028	0.013783279917886844	0.05129931056990168	0.00018971732119142478	0.003224965795817317	0.4315279091769158	0.01445020028942346	0.000548049155793512	0.041955342449054224
es	0.0019377422177772221	0.008302122347066168	0.00018766420618040785	0.0015627930236919423	0.06130727916809507	0.16935274721203364	0.07292797683677163	0.16490035815961063	1.0	0.22748206061904253	0.1047365681568446	0.002617637893424743	0.048497434644515024	0.029402812442929322	0.21489448690128	0.16796776630571644	0.0270303628733646	0.036604121808674256	0.016992406323913856	0.03926796751908859	0.0006254691018263697	0.18572270851285771	0.21859769132107737	0.21130923061767315	0.08475976862235864	0.19343017497523934	0.06090118966898847	0.001312910284463895	0.01908775409023302	0.03982328035834816	0.10299769408147579	0.0005629221916437328	0.024327784891165175	0.14542245833636563	0.037848116795485214	0.0018139738537561768	0.08034644296764354
fr	0.0011383801520072321	0.004718243876321778	0.00010047558443298278	0.0008704968528190706	0.03694353008852386	0.15423113075731015	0.0411062514387188	0.20494793290515684	0.22748206061904253	1.0	0.061280978435790154	0.0016382480775660314	0.02778237689989735	0.02096185737976783	0.20916628281897742	0.11811023622047244	0.01476554705686731	0.020427143189291525	0.009894701654688283	0.02403116128606325	0.0003348961821835231	0.145703896698829	0.15791343316209422	0.13426321842469996	0.05024912886312567	0.1937331455981672	0.03423837093232182	0.0007031171527103492	0.011106293566354267	0.02202029581481727	0.07071471357861218	0.0003014065639651708	0.01841109709962169	0.271614147441962	0.0221757461076254	0.0010047558443298278	0.05101499890860332
he	0.007655502392344498	0.026900218955270568	0.0009627727856225931	0.007350591243208693	0.12435947970043358	0.07790784845164639	0.14775910364145659	0.03613445378151261	0.1047365681568446	0.061280978435790154	1.0	0.010047095761381476	0.1254912234739324	0.07218683651804671	0.06985630035717252	0.14679408823202578	0.08922899220329195	0.10555555555555556	0.06118078923218109	0.07268170426065163	0.003207184092366902	0.11979078791968956	0.1071529745042493	0.1457335548822207	0.14440058175773945	0.08279454858365505	0.16349504154382202	0.004469987228607918	0.06210995542347697	0.11092940855819024	0.12303624202830922	0.0028864656831302116	0.036585365853658534	0.02834582635907139	0.10628415300546448	0.008010253123998718	0.114258281325012
hi	0.03597122302158273	0.046875	0.0	0.04580152671755725	0.010898158586997369	0.002493925054354777	0.014941302027748132	0.001411388005308504	0.002617637893424743	0.0016382480775660314	0.010047095761381476	1.0	0.01909307875894988	0.026026026026026026	0.0018499757741267675	0.0052291179303701665	0.03415300546448088	0.030982905982905984	0.04128440366972477	0.021809369951534735	0.03669724770642202	0.0028347996089931574	0.0023832221163012394	0.004267589388696655	0.012180267965895249	0.0021265021512289206	0.01921598770176787	0.048	0.03136531365313653	0.022157996146435453	0.00646242221158449	0.04672897196261682	0.0	0.0009187832035514155	0.025793650793650792	0.03968253968253968	0.008686765457332652
hu	0.014937759336099586	0.04824902723735409	0.0008460236886632825	0.015025041736227046	0.10011675423234093	0.03688118811881188	0.12745839636913767	0.015435064121308325	0.048497434644515024	0.02778237689989735	0.1254912234739324	0.01909307875894988	1.0	0.08063687724704674	0.0342971259876704	0.07791205965543842	0.10270270270270271	0.11816192560175055	0.09343794579172611	0.078196872125115	0.00505902192242833	0.06290428424111746	0.05743843125144754	0.07196845218534341	0.14597369265319218	0.03934745556367178	0.16071428571428573	0.00749375520399667	0.08190224570673713	0.12335958005249344	0.0823433019254404	0.007614213197969543	0.03837953091684435	0.010734298813769012	0.10918635170603674	0.015100671140939598	0.07002979991485739
id	0.016824395373291272	0.058195926285160036	0.0010799136069114472	0.020191285866099893	0.06810580723624202	0.02376372774089471	0.09043617446978791	0.016350377235567325	0.029402812442929322	0.02096185737976783	0.07218683651804671	0.026026026026026026	0.08063687724704674	1.0	0.0236275191104934	0.05764476252439818	0.09798471160528145	0.11124922311995028	0.07582139848357203	0.08411214953271028	0.007534983853606028	0.03666978484565014	0.03178014892147079	0.04725274725274725	0.07557573791761271	0.026281208935611037	0.09642857142857143	0.014893617021276596	0.11182622687047465	0.09154113557358054	0.05453020134228188	0.007543103448275862	0.10204081632653061	0.008405501782985226	0.11800120409391933	0.020320855614973262	0.07624633431085044
it	0.0015451174289245982	0.005642992549486399	0.00013248542660307367	0.0010151388091980402	0.03989284978363899	0.13567480834373327	0.050268528464017186	0.16485215165467149	0.21489448690128	0.20916628281897742	0.06985630035717252	0.0018499757741267675	0.0342971259876704	0.0236275191104934	1.0	0.11895032802249297	0.016934357541899443	0.02502834219935467	0.011435105774728416	0.03087248322147651	0.0004415790868144485	0.1392747985551542	0.1608121492241664	0.1428884906557437	0.05579218150381647	0.15841744919221715	0.04172303932265526	0.0007061523523700238	0.013112309783800378	0.027109351203167834	0.06987720491180353	0.00039742117813300364	0.01888375996642887	0.20598937486354704	0.025443632567849688	0.0012364214430804557	0.05148051123283322
ja	0.004017733444167359	0.015708970649028525	0.000416435313714603	0.002908990164842776	0.08762772101288316	0.12990427062149695	0.1087170647623738	0.082	0.16796776630571644	0.11811023622047244	0.14679408823202578	0.0052291179303701665	0.07791205965543842	0.05764476252439818	0.11895032802249297	1.0	0.05305466237942122	0.06255761885947583	0.030265848670756646	0.05589905362776025	0.0012487859025946996	0.1665658805348384	0.1573356807511737	0.18108471537427162	0.11296682904198561	0.14162356082095778	0.09953039394729976	0.0018003046669436366	0.03596538669551109	0.06565722490536484	0.1332932451393065	0.0012489592006661116	0.03347280334728033	0.06553380394439998	0.07206851119894599	0.004024982650936849	0.11547390733824568
ko	0.030973451327433628	0.07301173402868318	0.004573170731707317	0.023668639053254437	0.0755717600265164	0.02197317887049046	0.11075949367088607	0.009954009954009954	0.0270303628733646	0.01476554705686731	0.08922899220329195	0.03415300546448088	0.10270270270270271	0.09798471160528145	0.016934357541899443	0.05305466237942122	1.0	0.12177121771217712	0.10152838427947598	0.06870229007633588	0.00906344410876133	0.03295443690896934	0.02785580524344569	0.04172758969744686	0.08779443254817987	0.021089803325322478	0.1351840675920338	0.014792899408284023	0.12981744421906694	0.11833910034602076	0.05848343340004447	0.013677811550151976	0.03759398496240601	0.005967542391383451	0.12296819787985866	0.02694610778443114	0.07163255592574964
lv	0.020247469066366704	0.07284079084287201	0.003472222222222222	0.02040816326530612	0.08927444794952681	0.03370221327967807	0.13597612958226768	0.015473562493430043	0.036604121808674256	0.020427143189291525	0.10555555555555556	0.030982905982905984	0.11816192560175055	0.11124922311995028	0.02502834219935467	0.06255761885947583	0.12177121771217712	1.0	0.10837887067395265	0.09267241379310345	0.009216589861751152	0.050514677849790315	0.041971655505373	0.05491812409490921	0.10936967632027257	0.03164556962025317	0.16055555555555556	0.011312217194570135	0.11092436974789915	0.1259259259259259	0.08495304651670671	0.008064516129032258	0.06547619047619048	0.007859689978895277	0.12523481527864747	0.02054794520547945	0.07557077625570777
mk	0.03664921465968586	0.1040339702760085	0.005649717514124294	0.040106951871657755	0.053724928366762174	0.013101825351396043	0.09395632300660234	0.006020545638262041	0.016992406323913856	0.009894701654688283	0.06118078923218109	0.04128440366972477	0.09343794579172611	0.07582139848357203	0.011435105774728416	0.030265848670756646	0.10152838427947598	0.10837887067395265	1.0	0.06306937631394534	0.019553072625698324	0.0229683698296837	0.019002375296912115	0.027526092441793784	0.06684803731053245	0.013786628452833918	0.10504201680672269	0.018617021276595744	0.1155433287482806	0.10989010989010989	0.0403828197945845	0.013927576601671309	0.01680672268907563	0.0032111927807292047	0.090754877014419	0.04076086956521739	0.04192508062515505
ml	0.01343408900083963	0.044740973312401885	0.0008576329331046312	0.013513513513513514	0.054213483146067415	0.029077273006700682	0.0924834193072955	0.023243573278312314	0.03926796751908859	0.02403116128606325	0.07268170426065163	0.021809369951534735	0.078196872125115	0.08411214953271028	0.03087248322147651	0.05589905362776025	0.06870229007633588	0.09267241379310345	0.06306937631394534	1.0	0.00684931506849315	0.04552590266875981	0.03667500189436993	0.05393743257820928	0.08779443254817987	0.030937303620631313	0.08887876025524157	0.013582342954159592	0.06992084432717678	0.07272727272727272	0.057194461167971104	0.0059931506849315065	0.015748031496062992	0.010588748999345025	0.08991683991683992	0.015306122448979591	0.07004057228272476
mr	0.0784313725490196	0.03468208092485549	0.0	0.11627906976744186	0.0030852294639413806	0.0006419309282321222	0.003875968992248062	0.00023188161389603272	0.0006254691018263697	0.0003348961821835231	0.003207184092366902	0.03669724770642202	0.00505902192242833	0.007534983853606028	0.0004415790868144485	0.0012487859025946996	0.00906344410876133	0.009216589861751152	0.019553072625698324	0.00684931506849315	1.0	0.000984251968503937	0.0007987858455148174	0.0011617100371747212	0.0037578288100208767	0.0004462957453138947	0.005691056910569106	0.05	0.019522776572668113	0.008298755186721992	0.0017035775127768314	0.15	0.008264462809917356	0.00010916236081798996	0.008537886872998933	0.13513513513513514	0.002598077422707197
nl	0.003146818762906874	0.010372834915353752	0.00029533372711163615	0.0022613312358666796	0.07988817350050831	0.15887597946500945	0.08353719307782911	0.10606467967429713	0.18572270851285771	0.145703896698829	0.11979078791968956	0.0028347996089931574	0.06290428424111746	0.03666978484565014	0.1392747985551542	0.1665658805348384	0.03295443690896934	0.050514677849790315	0.0229683698296837	0.04552590266875981	0.000984251968503937	1.0	0.1735327605837905	0.16989837271650352	0.09463584823375491	0.15724590664478455	0.07498347341580885	0.0016714187395536328	0.025007241479192817	0.047978131774908096	0.12654028436018958	0.0008858267716535433	0.024074074074074074	0.0924059384324285	0.05127962085308057	0.0028546116743773994	0.08624835181881642
pl	0.0023942537909018356	0.008908685968819599	0.0002396740433011105	0.0015158768150630286	0.05992141453831041	0.15880872829270304	0.07694622038360285	0.11500836897898456	0.21859769132107737	0.15791343316209422	0.1071529745042493	0.0023832221163012394	0.05743843125144754	0.03178014892147079	0.1608121492241664	0.1573356807511737	0.02785580524344569	0.041971655505373	0.019002375296912115	0.03667500189436993	0.0007987858455148174	0.1735327605837905	1.0	0.16766169154228855	0.0885660046728972	0.17465224111282843	0.06618046396151757	0.0010371788734641774	0.019726501100282928	0.041418746619272084	0.10762361721977876	0.0006389776357827476	0.05102040816326531	0.11386543919656503	0.04198946389835761	0.0019964861843156045	0.0722054776569257
pt	0.0032478830762092564	0.014102415905675644	0.00034859400418312805	0.0026685230305139806	0.08070277053769669	0.13663924794359578	0.10208620141904055	0.095574148649177	0.21130923061767315	0.13426321842469996	0.1457335548822207	0.004267589388696655	0.07196845218534341	0.04725274725274725	0.1428884906557437	0.18108471537427162	0.04172758969744686	0.05491812409490921	0.027526092441793784	0.05393743257820928	0.0011617100371747212	0.16989837271650352	0.16766169154228855	1.0	0.1093403268105709	0.14736380314269762	0.09647557439214811	0.0018561484918793504	0.03128911138923655	0.05982716596499003	0.1147167163655499	0.001045539033457249	0.044096728307254626	0.07828760643330179	0.05671873269081644	0.0029032632679131345	0.10330468680783202
ro	0.010792860107928601	0.039398862713241264	0.001254180602006689	0.008724553385957623	0.10467952982923043	0.06206407376758482	0.1378561736770692	0.033582244347645715	0.08475976862235864	0.05024912886312567	0.14440058175773945	0.012180267965895249	0.14597369265319218	0.07557573791761271	0.05579218150381647	0.11296682904198561	0.08779443254817987	0.10936967632027257	0.06684803731053245	0.08779443254817987	0.0037578288100208767	0.09463584823375491	0.0885660046728972	0.1093403268105709	1.0	0.06632942511346444	0.15485312899106002	0.0041459369817578775	0.06184798807749627	0.11473229132025274	0.10626702997275204	0.0037593984962406013	0.03089887640449438	0.021759697256385997	0.10135806558463067	0.009166666666666667	0.0989959485643826
ru	0.0015365551425030979	0.006236388833894278	0.00014878738282993602	0.001239218796470705	0.04925290536801328	0.16065861262665626	0.05677444187836798	0.15165763739820778	0.19343017497523934	0.1937331455981672	0.08279454858365505	0.0021265021512289206	0.03934745556367178	0.026281208935611037	0.15841744919221715	0.14162356082095778	0.021089803325322478	0.03164556962025317	0.013786628452833918	0.030937303620631313	0.0004462957453138947	0.15724590664478455	0.17465224111282843	0.14736380314269762	0.06632942511346444	1.0	0.047404505386875614	0.0009914241808357705	0.014563345633456334	0.029988297249853715	0.08679295982802633	0.0004463178775105381	0.0594059405940594	0.18342005676442763	0.029876977152899824	0.001388544507810563	0.06356589147286822
sh	0.016840417000801924	0.06422018348623854	0.0024489795918367346	0.013665594855305467	0.12011747430249634	0.0443836638279356	0.17286821705426356	0.017820539636059403	0.06090118966898847	0.03423837093232182	0.16349504154382202	0.01921598770176787	0.16071428571428573	0.09642857142857143	0.04172303932265526	0.09953039394729976	0.1351840675920338	0.16055555555555556	0.10504201680672269	0.08887876025524157	0.005691056910569106	0.07498347341580885	0.06618046396151757	0.09647557439214811	0.15485312899106002	0.047404505386875614	1.0	0.008842443729903537	0.10869565217391304	0.17095391211146838	0.10080561867382772	0.007334963325183374	0.007202216066481994	0.011143657666836474	0.13043478260869565	0.02032520325203252	0.08958109559613318
si	0.04285714285714286	0.02072538860103627	0.0	0.06451612903225806	0.004217791411042945	0.0010262989095574087	0.0054914881933003845	0.0005058702021373016	0.001312910284463895	0.0007031171527103492	0.004469987228607918	0.048	0.00749375520399667	0.014893617021276596	0.0007061523523700238	0.0018003046669436366	0.014792899408284023	0.011312217194570135	0.018617021276595744	0.013582342954159592	0.05	0.0016714187395536328	0.0010371788734641774	0.0018561484918793504	0.0041459369817578775	0.0009914241808357705	0.008842443729903537	1.0	0.014553014553014554	0.011235955056179775	0.002911208151382824	0.10810810810810811	0.00819672131147541	0.0002729059020449749	0.014752370916754479	0.07142857142857142	0.004924831518921721
simple	0.030864197530864196	0.08131487889273356	0.002173913043478261	0.031315240083507306	0.05578655578655579	0.01667617779468645	0.07264957264957266	0.008103557145864028	0.01908775409023302	0.011106293566354267	0.06210995542347697	0.03136531365313653	0.08190224570673713	0.11182622687047465	0.013112309783800378	0.03596538669551109	0.12981744421906694	0.11092436974789915	0.1155433287482806	0.06992084432717678	0.019522776572668113	0.025007241479192817	0.019726501100282928	0.03128911138923655	0.06184798807749627	0.014563345633456334	0.10869565217391304	0.014553014553014554	1.0	0.0983733539891557	0.04825367647058824	0.015151515151515152	0.08163265306122448	0.004166363437886617	0.10134600158353127	0.042735042735042736	0.05514705882352941
sr	0.019308943089430895	0.0784688995215311	0.0010395010395010396	0.020491803278688523	0.07839562443026436	0.02963885429638854	0.11826650465775618	0.013783279917886844	0.03982328035834816	0.02202029581481727	0.11092940855819024	0.022157996146435453	0.12335958005249344	0.09154113557358054	0.027109351203167834	0.06565722490536484	0.11833910034602076	0.1259259259259259	0.10989010989010989	0.07272727272727272	0.008298755186721992	0.047978131774908096	0.041418746619272084	0.05982716596499003	0.11473229132025274	0.029988297249853715	0.17095391211146838	0.011235955056179775	0.0983733539891557	1.0	0.07016060862214708	0.008307372793354102	0.007936507936507936	0.008732988865439197	0.12812872467222886	0.022727272727272728	0.06609004213794632
sv	0.004602713178294574	0.022014836085187842	0.0007309941520467836	0.005342399222923749	0.13076533198175366	0.09864344330932842	0.10850384831987986	0.05129931056990168	0.10299769408147579	0.07071471357861218	0.12303624202830922	0.00646242221158449	0.0823433019254404	0.05453020134228188	0.06987720491180353	0.1332932451393065	0.05848343340004447	0.08495304651670671	0.0403828197945845	0.057194461167971104	0.0017035775127768314	0.12654028436018958	0.10762361721977876	0.1147167163655499	0.10626702997275204	0.08679295982802633	0.10080561867382772	0.002911208151382824	0.04825367647058824	0.07016060862214708	1.0	0.0019478938397857316	0.04310344827586207	0.03733352739975256	0.08861033066781931	0.005594745803940647	0.08962587364670413
te	0.038461538461538464	0.028901734104046242	0.0	0.09302325581395349	0.0034735623311462757	0.0005135117786764234	0.004991680532445923	0.00018971732119142478	0.0005629221916437328	0.0003014065639651708	0.0028864656831302116	0.04672897196261682	0.007614213197969543	0.007543103448275862	0.00039742117813300364	0.0012489592006661116	0.013677811550151976	0.008064516129032258	0.013927576601671309	0.0059931506849315065	0.15	0.0008858267716535433	0.0006389776357827476	0.001045539033457249	0.0037593984962406013	0.0004463178775105381	0.007334963325183374	0.10810810810810811	0.015151515151515152	0.008307372793354102	0.0019478938397857316	1.0	0.0	0.0001000654974164908	0.009625668449197862	0.17142857142857143	0.002338269680436477
tr	0.008333333333333333	0.014084507042253521	0.023622047244094488	0.0	0.05555555555555555	0.0223062381852552	0.03125	0.003224965795817317	0.024327784891165175	0.01841109709962169	0.036585365853658534	0.0	0.03837953091684435	0.10204081632653061	0.01888375996642887	0.03347280334728033	0.03759398496240601	0.06547619047619048	0.01680672268907563	0.015748031496062992	0.008264462809917356	0.024074074074074074	0.05102040816326531	0.044096728307254626	0.03089887640449438	0.0594059405940594	0.007202216066481994	0.00819672131147541	0.08163265306122448	0.007936507936507936	0.04310344827586207	0.0	1.0	0.0029867228873327813	0.0364963503649635	0.011538461538461539	0.04395604395604396
union	0.000391165126264464	0.0015191761880503603	2.729059020449749e-05	0.00032748708245396987	0.02355177934648133	0.14169274434175097	0.016383450986099994	0.4315279091769158	0.14542245833636563	0.271614147441962	0.02834582635907139	0.0009187832035514155	0.010734298813769012	0.008405501782985226	0.20598937486354704	0.06553380394439998	0.005967542391383451	0.007859689978895277	0.0032111927807292047	0.010588748999345025	0.00010916236081798996	0.0924059384324285	0.11386543919656503	0.07828760643330179	0.021759697256385997	0.18342005676442763	0.011143657666836474	0.0002729059020449749	0.004166363437886617	0.008732988865439197	0.03733352739975256	0.0001000654974164908	0.0029867228873327813	1.0	0.008487373553598718	0.0002729059020449749	0.03499563350556728
vi	0.019853709508881923	0.06382978723404255	0.003215434083601286	0.022151898734177215	0.07673494344237236	0.031232431757136612	0.12187115305703734	0.01445020028942346	0.037848116795485214	0.0221757461076254	0.10628415300546448	0.025793650793650792	0.10918635170603674	0.11800120409391933	0.025443632567849688	0.07206851119894599	0.12296819787985866	0.12523481527864747	0.090754877014419	0.08991683991683992	0.008537886872998933	0.05127962085308057	0.04198946389835761	0.05671873269081644	0.10135806558463067	0.029876977152899824	0.13043478260869565	0.014752370916754479	0.10134600158353127	0.12812872467222886	0.08861033066781931	0.009625668449197862	0.0364963503649635	0.008487373553598718	1.0	0.01904761904761905	0.08340888485947416
war	0.08955223880597014	0.07650273224043716	0.0	0.13793103448275862	0.008471313053523296	0.0014759674003722006	0.012721238938053098	0.000548049155793512	0.0018139738537561768	0.0010047558443298278	0.008010253123998718	0.03968253968253968	0.015100671140939598	0.020320855614973262	0.0012364214430804557	0.004024982650936849	0.02694610778443114	0.02054794520547945	0.04076086956521739	0.015306122448979591	0.13513513513513514	0.0028546116743773994	0.0019964861843156045	0.0029032632679131345	0.009166666666666667	0.001388544507810563	0.02032520325203252	0.07142857142857142	0.042735042735042736	0.022727272727272728	0.005594745803940647	0.17142857142857143	0.011538461538461539	0.0002729059020449749	0.01904761904761905	1.0	0.005446058091286307
zh	0.007772020725388601	0.021374045801526718	0.0007798284377436964	0.006219227779217414	0.07195203197868089	0.06479907899786196	0.09627329192546584	0.041955342449054224	0.08034644296764354	0.05101499890860332	0.114258281325012	0.008686765457332652	0.07002979991485739	0.07624633431085044	0.05148051123283322	0.11547390733824568	0.07163255592574964	0.07557077625570777	0.04192508062515505	0.07004057228272476	0.002598077422707197	0.08624835181881642	0.0722054776569257	0.10330468680783202	0.0989959485643826	0.06356589147286822	0.08958109559613318	0.004924831518921721	0.05514705882352941	0.06609004213794632	0.08962587364670413	0.002338269680436477	0.04395604395604396	0.03499563350556728	0.08340888485947416	0.005446058091286307	1.0
