arz	bs	ceb	ckb	da	de	el	en	es	fr	he	hi	hu	id	it	ja	ko	lv	mk	ml	mr	nl	pl	pt	ro	ru	sh	si	simple	sr	sv	te	tr	union	vi	war	zh
arz	0.023283940511631157	0.10003000000000001	0.0	0.125	0.047625850340136056	0.125	0.0	0.02633240997229917	0.2	0.125	0.04167708333333334	0.2	0.05557098765432098	0.2	0.028584489795918367	0.3333333333333333	0.04763265306122449	0.0	0.07144897959183673	0.0	0.0	0.5	0.14285714285714285	0.16666666666666666	0.5	0.03227367325702393	1.0	0.0	0.0	0.05265373961218836	0.05264265927977839	0.5	0.2	0.023283940511631157	0.3333333333333333	0.16666666666666666	0.03335111111111111
bs	0.10003000000000001	0.00600977279992331	1.0	0.08336805555555554	0.013891589506172839	0.0007989868338454001	0.07692307692307693	0.007415899657318975	0.0006637184200138588	0.0006314590029078667	0.01163142239048134	0.08336111111111111	0.016131893860561915	0.0009816779520802495	0.007817766442316807	0.03571428571428571	0.01786065051020408	0.25	0.020418159100374846	0.14285714285714285	0.0	0.0007176417233933499	0.000987539089565169	0.002409685005080563	0.001005377736925835	0.007939532187768519	0.0007030238907764682	0.3333333333333333	0.001754847651585103	0.01220032718619869	0.010872518903591684	0.20007999999999998	0.0016083477217977483	0.00600977279992331	0.038461538461538464	0.07145918367346939	0.011908304988662133
ceb	0.0	1.0	0.33355555555555555	0.0	0.33344444444444443	0.05557098765432098	1.0	0.33355555555555555	0.055580246913580246	0.06666666666666667	0.33344444444444443	0.0	1.0	0.07143877551020407	0.33355555555555555	0.5	0.33344444444444443	1.0	0.5	1.0	0.0	0.08334722222222221	0.11113580246913579	0.125	0.05558333333333333	0.33355555555555555	0.10001999999999998	0.5	0.11114814814814815	1.0	0.33344444444444443	0.0	0.14289795918367348	0.33355555555555555	0.3333333333333333	0.0	0.33344444444444443
ckb	0.125	0.08336805555555554	0.0	0.027805555555555556	0.05557098765432098	0.1	0.16666666666666666	0.035730867346938776	0.07142857142857142	0.07692307692307693	0.043495274102079394	0.16674999999999998	0.05557098765432098	0.1	0.04349338374291115	0.1111111111111111	0.06251562499999999	0.5	0.06668888888888888	0.125	0.5	0.1111111111111111	0.16666666666666666	0.07692307692307693	0.125	0.0400192	0.25	0.25	0.16666666666666666	0.05001749999999999	0.04547314049586777	0.25006249999999997	0.09090909090909091	0.027805555555555556	0.125	0.12507812499999998	0.04168402777777777
da	0.047625850340136056	0.013891589506172839	0.33344444444444443	0.05557098765432098	0.00038730436471463614	0.00024115154776362073	0.045454545454545456	0.0007773464989788472	0.00023523798772853922	0.00022041869937238664	0.0015855998930081048	0.03448989298454221	0.002916820797771651	0.00045343678083920144	0.001033604338842975	0.018867924528301886	0.004389043109418282	0.125	0.006670044444444444	0.06666666666666667	0.3333333333333333	0.0002576737276334409	0.0003980661050326453	0.001139001458066324	0.00047609410833106345	0.0009370202814312581	0.0004968879785122487	0.07692307692307693	0.0008682831292799961	0.003877156451475813	0.001293680893484581	0.11116049382716049	0.0009961807781111182	0.00038730436471463614	0.0200008	0.04548760330578512	0.00231648706510437
de	0.125	0.0007989868338454001	0.05557098765432098	0.1	0.00024115154776362073	0.0	0.01639532383767804	3.171505596868919e-05	7.163183826473854e-05	5.7525270485403765e-05	0.00819672131147541	0.015384615384615385	0.006712805729471646	0.00020425210603499275	7.231910984792657e-05	0.004673661455148921	0.011764705882352941	0.05263157894736842	0.02702702702702703	0.03225806451612903	0.1111111111111111	8.915933603062328e-05	0.00016093647762731767	0.0005082395564809306	0.00025141400294795567	0.004098360655737705	0.00028606161718313294	0.047619047619047616	0.00047569531340622815	0.00048182550786862255	0.0001629959467496715	0.14285714285714285	0.0004784775611678868	6.435315274394203e-05	0.00934754126997991	0.04763945804988662	0.004717893378426486
el	0.0	0.07692307692307693	1.0	0.16666666666666666	0.045454545454545456	0.01639532383767804	0.009435208259166963	0.01031034116271655	0.013514974433893353	0.01282051282051282	0.03125	0.037037037037037035	0.031257812499999996	0.019233727810650886	0.015875031494079112	0.022730888429752065	0.02857142857142857	0.1111111111111111	0.07692307692307693	0.0625	0.16666666666666666	0.02127659574468085	0.024390243902439025	0.01724435196195006	0.027777777777777776	0.019230769230769232	0.043478260869565216	0.1111111111111111	0.04	0.030303030303030304	0.02631578947368421	0.2	0.023811791383219955	0.0005567351778640063	0.03125	0.14285714285714285	0.01887006051975792
en	0.02633240997229917	0.007415899657318975	0.33355555555555555	0.035730867346938776	0.0007773464989788472	3.171505596868919e-05	0.01031034116271655	2.127292383328584e-05	3.296359986514759e-05	2.7603494357629566e-05	0.0005679599400254114	0.014935177770775897	0.0013545015914358139	0.00011198458304200768	0.00010124420694016475	0.002155636890606421	0.002112161690612259	0.03333333333333333	0.0034996704242141307	0.02	0.06666666666666667	5.7230242696935546e-05	0.00010340373125201724	0.0002845753664647887	0.00017740475515674593	0.00011271589365268331	0.00020641885555369832	0.027777777777777776	0.0003088000336659302	0.0015214702301338033	0.00039834946019248903	0.11114814814814815	0.00031023685244463883	2.127292383328584e-05	0.005406106647187729	0.0384792899408284	0.0004854209702573691
es	0.2	0.0006637184200138588	0.055580246913580246	0.07142857142857142	0.00023523798772853922	7.163183826473854e-05	0.013514974433893353	3.296359986514759e-05	1.7805022059257293e-05	5.772412564517168e-05	0.007142857142857143	0.011363636363636364	0.00621206743566992	0.0001920259787371937	6.628109077678604e-05	0.0037457952839849065	0.007751937984496124	0.047619047619047616	0.018518518518518517	0.027777777777777776	0.1	9.719959587885018e-05	0.0001686020078904053	0.00043338331896590563	0.0002264341822810297	0.003205128205128205	0.00024295714606126795	0.037037037037037035	0.0004390000672813143	0.00040105909354865466	0.00017090560795539594	0.2	0.0004711751148014623	6.283040532828295e-05	0.007143979591836734	0.0625234453125	0.0031351205275105395
fr	0.125	0.0006314590029078667	0.06666666666666667	0.07692307692307693	0.00022041869937238664	5.7525270485403765e-05	0.01282051282051282	2.7603494357629566e-05	5.772412564517168e-05	-1.0	0.005813953488372093	0.012048192771084338	0.006666933333333333	0.00018477061965130966	5.6487015608255285e-05	0.003861003861003861	0.007692307692307693	0.045454545454545456	0.0196078431372549	0.029411764705882353	0.1	8.132014761462842e-05	0.0001637962216097346	0.00043292966773486255	0.0002164729284900029	0.0028653295128939827	0.00023786128920037005	0.04	0.00045077898971986166	0.00041500352955355454	0.0001608230158287846	0.14285714285714285	0.0004558857930898778	3.379438521119257e-05	0.007752358632293733	0.05	0.0036101083032490976
he	0.04167708333333334	0.01163142239048134	0.33344444444444443	0.043495274102079394	0.0015855998930081048	0.00819672131147541	0.03125	0.0005679599400254114	0.007142857142857143	0.005813953488372093	0.0003218573704148628	0.031255859375	0.002088663455964714	0.012987012987012988	0.0005950372703540808	0.014285714285714285	0.0032388748546831304	0.06666666666666667	0.0050025	0.058823529411764705	0.16666666666666666	0.012048192771084338	0.017543859649122806	0.009708737864077669	0.017857142857142856	0.0005623032618977431	0.030303030303030304	0.058823529411764705	0.03571428571428571	0.0024583370017325786	0.0012650795057039734	0.11114814814814815	0.011235955056179775	0.0003218573704148628	0.022727272727272728	0.04002239999999999	0.0014023683719967897
hi	0.2	0.08336111111111111	0.0	0.16674999999999998	0.03448989298454221	0.015384615384615385	0.037037037037037035	0.014935177770775897	0.011363636363636364	0.012048192771084338	0.031255859375	0.009912366241940402	0.04167534722222222	0.020833333333333332	0.023823133791387757	0.0196078431372549	0.0400112	0.1	0.055574074074074074	0.03333333333333333	0.09090909090909091	0.0196078431372549	0.02702702702702703	0.015384615384615385	0.023809523809523808	0.02326501190211304	0.04	0.05555555555555555	0.041666666666666664	0.04348771266540642	0.03704663923182441	0.20007999999999998	0.023255813953488372	0.009912366241940402	0.025	0.20007999999999998	0.029420415224913492
hu	0.05557098765432098	0.016131893860561915	1.0	0.05557098765432098	0.002916820797771651	0.006712805729471646	0.031257812499999996	0.0013545015914358139	0.00621206743566992	0.006666933333333333	0.002088663455964714	0.04167534722222222	0.0008492103575637664	0.00917666863058665	0.0012665150440714708	0.01351661796932067	0.005850996887931329	0.09090909090909091	0.007636326554396597	0.0625	0.16666666666666666	0.008929926658163265	0.01087039224952741	0.007876495752991505	0.013699756051792081	0.0012384165926041001	0.02040816326530612	0.07142857142857142	0.03125	0.004256387759167044	0.002488932169263695	0.11114814814814815	0.015385325443786983	0.0008492103575637664	0.024392623438429503	0.055574074074074074	0.0030412325283413902
id	0.2	0.0009816779520802495	0.07143877551020407	0.1	0.00045343678083920144	0.00020425210603499275	0.019233727810650886	0.00011198458304200768	0.0001920259787371937	0.00018477061965130966	0.012987012987012988	0.020833333333333332	0.00917666863058665	9.783768310843033e-05	0.00019593929267571316	0.008265623932791476	0.012987012987012988	0.07692307692307693	0.037037037037037035	0.043478260869565216	0.1111111111111111	0.0002236315842870435	0.0003525209653283251	0.0008145623560992689	0.0004096939945849936	0.007518796992481203	0.0004249449143488659	0.05555555555555555	0.000653979428911551	0.0006355092844491733	0.00034795244198796864	0.16666666666666666	0.0006763561531858832	0.001086869558995744	0.010990701606086221	0.05559259876543209	0.006757076333089847
it	0.028584489795918367	0.007817766442316807	0.33355555555555555	0.04349338374291115	0.001033604338842975	7.231910984792657e-05	0.015875031494079112	0.00010124420694016475	6.628109077678604e-05	5.6487015608255285e-05	0.0005950372703540808	0.023823133791387757	0.0012665150440714708	0.00019593929267571316	4.457358977708216e-05	0.004425992638421176	0.0025794519077479007	0.058823529411764705	0.0038482988461538466	0.037037037037037035	0.1	9.596909709952871e-05	0.00017021902579229684	0.0004598878583696658	0.00022948620429894933	0.00017113840432596476	0.00025602674075907676	0.05263157894736842	0.0004883844881057738	0.0016059817277451777	0.0005729648315481926	0.11116049382716049	0.00045553332877030844	4.457358977708216e-05	0.009347279238361428	0.035730867346938776	0.000771938712723211
ja	0.3333333333333333	0.03571428571428571	0.5	0.1111111111111111	0.018867924528301886	0.004673661455148921	0.022730888429752065	0.002155636890606421	0.0037457952839849065	0.003861003861003861	0.014285714285714285	0.0196078431372549	0.01351661796932067	0.008265623932791476	0.004425992638421176	0.0019614994232987314	0.010526315789473684	0.0625	0.038461538461538464	0.034482758620689655	0.1111111111111111	0.007042253521126761	0.008264462809917356	0.006250859375	0.015384615384615385	0.006756756756756757	0.022727272727272728	0.05263157894736842	0.02631578947368421	0.01282051282051282	0.009708737864077669	0.2	0.014286530612244896	0.00013920549158548482	0.012658227848101266	0.125	0.006251015625
ko	0.04763265306122449	0.01786065051020408	0.33344444444444443	0.06251562499999999	0.004389043109418282	0.011764705882352941	0.02857142857142857	0.002112161690612259	0.007751937984496124	0.007692307692307693	0.0032388748546831304	0.0400112	0.005850996887931329	0.012987012987012988	0.0025794519077479007	0.010526315789473684	0.0015270256335538762	0.07692307692307693	0.010758931668400971	0.04	0.1	0.01282051282051282	0.01818181818181818	0.009615384615384616	0.019230769230769232	0.002327658350459708	0.03125	0.05	0.037037037037037035	0.005851134058342738	0.003804999696395784	0.11116049382716049	0.017857142857142856	0.0015270256335538762	0.014285714285714285	0.0555895061728395	0.0033256700698667784
lv	0.0	0.25	1.0	0.5	0.125	0.05263157894736842	0.1111111111111111	0.03333333333333333	0.047619047619047616	0.045454545454545456	0.06666666666666667	0.1	0.09090909090909091	0.07692307692307693	0.058823529411764705	0.0625	0.07692307692307693	0.01694915254237288	0.1111111111111111	0.125	0.3333333333333333	0.058823529411764705	0.0625	0.05	0.058823529411764705	0.04	0.16666666666666666	0.14285714285714285	0.1111111111111111	0.07142857142857142	0.07692307692307693	0.3333333333333333	0.06666666666666667	0.001159978673287984	0.07692307692307693	0.16666666666666666	0.05
mk	0.07144897959183673	0.020418159100374846	0.5	0.06668888888888888	0.006670044444444444	0.02702702702702703	0.07692307692307693	0.0034996704242141307	0.018518518518518517	0.0196078431372549	0.0050025	0.055574074074074074	0.007636326554396597	0.037037037037037035	0.0038482988461538466	0.038461538461538464	0.010758931668400971	0.1111111111111111	0.0028367218180872164	0.14285714285714285	0.3333333333333333	0.03225806451612903	0.047619047619047616	0.023255813953488372	0.041666666666666664	0.0035864006373506506	0.0625	0.125	0.08333333333333333	0.007697159763313609	0.0057837548865648705	0.20007999999999998	0.037037037037037035	0.0028367218180872164	0.045454545454545456	0.06670222222222223	0.005921011169076712
ml	0.0	0.14285714285714285	1.0	0.125	0.06666666666666667	0.03225806451612903	0.0625	0.02	0.027777777777777776	0.029411764705882353	0.058823529411764705	0.03333333333333333	0.0625	0.043478260869565216	0.037037037037037035	0.034482758620689655	0.04	0.125	0.14285714285714285	0.02	0.14285714285714285	0.034482758620689655	0.05263157894736842	0.03125	0.05	0.029411764705882353	0.07142857142857142	0.07692307692307693	0.05555555555555555	0.037037037037037035	0.034482758620689655	0.2	0.041666666666666664	0.0008652321484982538	0.041666666666666664	0.14285714285714285	0.027777777777777776
mr	0.0	0.0	0.0	0.5	0.3333333333333333	0.1111111111111111	0.16666666666666666	0.06666666666666667	0.1	0.1	0.16666666666666666	0.09090909090909091	0.16666666666666666	0.1111111111111111	0.1	0.1111111111111111	0.1	0.3333333333333333	0.3333333333333333	0.14285714285714285	0.06666666666666667	0.125	0.1111111111111111	0.125	0.2	0.1111111111111111	0.3333333333333333	0.16666666666666666	0.16666666666666666	0.1111111111111111	0.16666666666666666	0.5	0.125	0.08340277777777777	0.1111111111111111	0.3333333333333333	0.09090909090909091
nl	0.5	0.0007176417233933499	0.08334722222222221	0.1111111111111111	0.0002576737276334409	8.915933603062328e-05	0.02127659574468085	5.7230242696935546e-05	9.719959587885018e-05	8.132014761462842e-05	0.012048192771084338	0.0196078431372549	0.008929926658163265	0.0002236315842870435	9.596909709952871e-05	0.007042253521126761	0.01282051282051282	0.058823529411764705	0.03225806451612903	0.034482758620689655	0.125	3.1271913775859096e-05	0.00019991411476394475	0.0005751129005750762	0.00027101532847961937	0.006369426751592357	0.0002870377959628142	0.05555555555555555	0.0005318566787781683	0.0004848395364251948	0.0002060452526205048	0.14285714285714285	0.0005381320876516344	9.888781322438959e-05	0.012195568114217728	0.05557098765432098	0.005555555555555556
pl	0.14285714285714285	0.000987539089565169	0.11113580246913579	0.16666666666666666	0.0003980661050326453	0.00016093647762731767	0.024390243902439025	0.00010340373125201724	0.0001686020078904053	0.0001637962216097346	0.017543859649122806	0.02702702702702703	0.01087039224952741	0.0003525209653283251	0.00017021902579229684	0.008264462809917356	0.01818181818181818	0.0625	0.047619047619047616	0.05263157894736842	0.1111111111111111	0.00019991411476394475	7.228632948392465e-05	0.0008432961561102123	0.0003961539580949442	0.00819672131147541	0.0004453708205564677	0.0625	0.0007845536510572858	0.0007103801128292872	0.0003148782324252921	0.25	0.0007114835137800474	8.028607962037298e-05	0.014288979591836733	0.06251562499999999	0.00625
pt	0.16666666666666666	0.002409685005080563	0.125	0.07692307692307693	0.001139001458066324	0.0005082395564809306	0.01724435196195006	0.0002845753664647887	0.00043338331896590563	0.00043292966773486255	0.009708737864077669	0.015384615384615385	0.007876495752991505	0.0008145623560992689	0.0004598878583696658	0.006250859375	0.009615384615384616	0.05	0.023255813953488372	0.03125	0.125	0.0005751129005750762	0.0008432961561102123	0.00022814807675320946	0.001100153579714407	0.004608294930875576	0.0011655636515776374	0.047619047619047616	0.001692336568576616	0.001652892561983471	0.0008788095230741194	0.16666666666666666	0.0017036297519509881	0.00011668625728706165	0.008405126756584986	0.07142857142857142	0.0041850807934034765
ro	0.5	0.001005377736925835	0.05558333333333333	0.125	0.00047609410833106345	0.00025141400294795567	0.027777777777777776	0.00017740475515674593	0.0002264341822810297	0.0002164729284900029	0.017857142857142856	0.023809523809523808	0.013699756051792081	0.0004096939945849936	0.00022948620429894933	0.015384615384615385	0.019230769230769232	0.058823529411764705	0.041666666666666664	0.05	0.2	0.00027101532847961937	0.0003961539580949442	0.001100153579714407	0.00013704627434601017	0.010526315789473684	0.0004596608555188075	0.06666666666666667	0.0008356885244299833	0.0007180255899536654	0.00039949520450716943	0.3333333333333333	0.0007427030592330614	0.00042093519249817516	0.015628173828125	0.06251171875	0.009174311926605505
ru	0.03227367325702393	0.007939532187768519	0.33355555555555555	0.0400192	0.0009370202814312581	0.004098360655737705	0.019230769230769232	0.00011271589365268331	0.003205128205128205	0.0028653295128939827	0.0005623032618977431	0.02326501190211304	0.0012384165926041001	0.007518796992481203	0.00017113840432596476	0.006756756756756757	0.002327658350459708	0.04	0.0035864006373506506	0.029411764705882353	0.1111111111111111	0.006369426751592357	0.00819672131147541	0.004608294930875576	0.010526315789473684	4.986122633181177e-05	0.01818181818181818	0.041666666666666664	0.025	0.0016271371365429185	0.0005168280829152624	0.11117283950617282	0.008333333333333333	4.986122633181177e-05	0.010638297872340425	0.03572959183673469	0.0006980253399253317
sh	1.0	0.0007030238907764682	0.10001999999999998	0.25	0.0004968879785122487	0.00028606161718313294	0.043478260869565216	0.00020641885555369832	0.00024295714606126795	0.00023786128920037005	0.030303030303030304	0.04	0.02040816326530612	0.0004249449143488659	0.00025602674075907676	0.022727272727272728	0.03125	0.16666666666666666	0.0625	0.07142857142857142	0.3333333333333333	0.0002870377959628142	0.0004453708205564677	0.0011655636515776374	0.0004596608555188075	0.01818181818181818	0.00015618154582073047	0.1	0.000886761386499673	0.0004880037507717038	0.00040662059209301834	0.25	0.0008378169883581888	0.0008177637373229584	0.024390243902439025	0.10003000000000001	0.0136986301369863
si	0.0	0.3333333333333333	0.5	0.25	0.07692307692307693	0.047619047619047616	0.1111111111111111	0.027777777777777776	0.037037037037037035	0.04	0.058823529411764705	0.05555555555555555	0.07142857142857142	0.05555555555555555	0.05263157894736842	0.05263157894736842	0.05	0.14285714285714285	0.125	0.07692307692307693	0.16666666666666666	0.05555555555555555	0.0625	0.047619047619047616	0.06666666666666667	0.041666666666666664	0.1	0.027777777777777776	0.09090909090909091	0.058823529411764705	0.0625	0.3333333333333333	0.058823529411764705	0.03336666666666666	0.0625	0.14285714285714285	0.047619047619047616
simple	0.0	0.001754847651585103	0.11114814814814815	0.16666666666666666	0.0008682831292799961	0.00047569531340622815	0.04	0.0003088000336659302	0.0004390000672813143	0.00045077898971986166	0.03571428571428571	0.041666666666666664	0.03125	0.000653979428911551	0.0004883844881057738	0.02631578947368421	0.037037037037037035	0.1111111111111111	0.08333333333333333	0.05555555555555555	0.16666666666666666	0.0005318566787781683	0.0007845536510572858	0.001692336568576616	0.0008356885244299833	0.025	0.000886761386499673	0.09090909090909091	0.00027909314804408616	0.001202181663738905	0.0007206667395803421	0.2	0.0014413603426654152	0.0021869408765976487	0.021281122679945676	0.0588581384083045	0.016129032258064516
sr	0.05265373961218836	0.01220032718619869	1.0	0.05001749999999999	0.003877156451475813	0.00048182550786862255	0.030303030303030304	0.0015214702301338033	0.00040105909354865466	0.00041500352955355454	0.0024583370017325786	0.04348771266540642	0.004256387759167044	0.0006355092844491733	0.0016059817277451777	0.01282051282051282	0.005851134058342738	0.07142857142857142	0.007697159763313609	0.037037037037037035	0.1111111111111111	0.0004848395364251948	0.0007103801128292872	0.001652892561983471	0.0007180255899536654	0.0016271371365429185	0.0004880037507717038	0.058823529411764705	0.001202181663738905	0.0010432843145748506	0.003013673559015207	0.12507812499999998	0.001192184918478068	0.0010432843145748506	0.016666666666666666	0.045479338842975205	0.0033587889087373208
sv	0.05264265927977839	0.010872518903591684	0.33344444444444443	0.04547314049586777	0.001293680893484581	0.0001629959467496715	0.02631578947368421	0.00039834946019248903	0.00017090560795539594	0.0001608230158287846	0.0012650795057039734	0.03704663923182441	0.002488932169263695	0.00034795244198796864	0.0005729648315481926	0.009708737864077669	0.003804999696395784	0.07692307692307693	0.0057837548865648705	0.034482758620689655	0.16666666666666666	0.0002060452526205048	0.0003148782324252921	0.0008788095230741194	0.00039949520450716943	0.0005168280829152624	0.00040662059209301834	0.0625	0.0007206667395803421	0.003013673559015207	0.00024428035391063494	0.125046875	0.0006971478495183881	0.00024428035391063494	0.012661112001281847	0.04350283553875236	0.0015304842348825305
te	0.5	0.20007999999999998	0.0	0.25006249999999997	0.11116049382716049	0.14285714285714285	0.2	0.11114814814814815	0.2	0.14285714285714285	0.11114814814814815	0.20007999999999998	0.11114814814814815	0.16666666666666666	0.11116049382716049	0.2	0.11116049382716049	0.3333333333333333	0.20007999999999998	0.2	0.5	0.14285714285714285	0.25	0.16666666666666666	0.3333333333333333	0.11117283950617282	0.25	0.3333333333333333	0.2	0.12507812499999998	0.125046875	0.09097520661157024	0.2	0.09097520661157024	0.2	0.16672222222222222	0.11116049382716049
tr	0.2	0.0016083477217977483	0.14289795918367348	0.09090909090909091	0.0009961807781111182	0.0004784775611678868	0.023811791383219955	0.00031023685244463883	0.0004711751148014623	0.0004558857930898778	0.011235955056179775	0.023255813953488372	0.015385325443786983	0.0006763561531858832	0.00045553332877030844	0.014286530612244896	0.017857142857142856	0.06666666666666667	0.037037037037037035	0.041666666666666664	0.125	0.0005381320876516344	0.0007114835137800474	0.0017036297519509881	0.0007427030592330614	0.008333333333333333	0.0008378169883581888	0.058823529411764705	0.0014413603426654152	0.001192184918478068	0.0006971478495183881	0.2	0.00027313107163659295	0.02632617728531856	0.015875031494079112	0.07146429591836735	0.00892920918367347
union	0.023283940511631157	0.00600977279992331	0.33355555555555555	0.027805555555555556	0.00038730436471463614	6.435315274394203e-05	0.0005567351778640063	2.127292383328584e-05	6.283040532828295e-05	3.379438521119257e-05	0.0003218573704148628	0.009912366241940402	0.0008492103575637664	0.001086869558995744	4.457358977708216e-05	0.00013920549158548482	0.0015270256335538762	0.001159978673287984	0.0028367218180872164	0.0008652321484982538	0.08340277777777777	9.888781322438959e-05	8.028607962037298e-05	0.00011668625728706165	0.00042093519249817516	4.986122633181177e-05	0.0008177637373229584	0.03336666666666666	0.0021869408765976487	0.0010432843145748506	0.00024428035391063494	0.09097520661157024	0.02632617728531856	3.4954989313374675e-05	0.0010737148231023032	0.03336444444444444	0.0002606146212079071
vi	0.3333333333333333	0.038461538461538464	0.3333333333333333	0.125	0.0200008	0.00934754126997991	0.03125	0.005406106647187729	0.007143979591836734	0.007752358632293733	0.022727272727272728	0.025	0.024392623438429503	0.010990701606086221	0.009347279238361428	0.012658227848101266	0.014285714285714285	0.07692307692307693	0.045454545454545456	0.041666666666666664	0.1111111111111111	0.012195568114217728	0.014288979591836733	0.008405126756584986	0.015628173828125	0.010638297872340425	0.024390243902439025	0.0625	0.021281122679945676	0.016666666666666666	0.012661112001281847	0.2	0.015875031494079112	0.0010737148231023032	0.0050012500000000005	0.1	0.009708737864077669
war	0.16666666666666666	0.07145918367346939	0.0	0.12507812499999998	0.04548760330578512	0.04763945804988662	0.14285714285714285	0.0384792899408284	0.0625234453125	0.05	0.04002239999999999	0.20007999999999998	0.055574074074074074	0.05559259876543209	0.035730867346938776	0.125	0.0555895061728395	0.16666666666666666	0.06670222222222223	0.14285714285714285	0.3333333333333333	0.05557098765432098	0.06251562499999999	0.07142857142857142	0.06251171875	0.03572959183673469	0.10003000000000001	0.14285714285714285	0.0588581384083045	0.045479338842975205	0.04350283553875236	0.16672222222222222	0.07146429591836735	0.03336444444444444	0.1	0.03336444444444444	0.04764399092970521
zh	0.03335111111111111	0.011908304988662133	0.33344444444444443	0.04168402777777777	0.00231648706510437	0.004717893378426486	0.01887006051975792	0.0004854209702573691	0.0031351205275105395	0.0036101083032490976	0.0014023683719967897	0.029420415224913492	0.0030412325283413902	0.006757076333089847	0.000771938712723211	0.006251015625	0.0033256700698667784	0.05	0.005921011169076712	0.027777777777777776	0.09090909090909091	0.005555555555555556	0.00625	0.0041850807934034765	0.009174311926605505	0.0006980253399253317	0.0136986301369863	0.047619047619047616	0.016129032258064516	0.0033587889087373208	0.0015304842348825305	0.11116049382716049	0.00892920918367347	0.0002606146212079071	0.009708737864077669	0.04764399092970521	0.0002606146212079071
