arz	bs	ceb	ckb	da	de	el	en	es	fr	he	hi	hu	id	it	ja	ko	lv	mk	ml	mr	nl	pl	pt	ro	ru	sh	si	simple	sr	sv	te	tr	union	vi	war	zh
arz	0.5	0.010638297872340425	0.0	0.1	0.008403361344537815	0.000649772579597141	0.1	0.00019592476489028212	0.0019193857965451055	0.0006377551020408163	0.02040816326530612	0.07142857142857142	0.009615384615384616	0.00641025641025641	0.000864304235090752	0.01639344262295082	0.022727272727272728	0.04	0.125	0.2	0.3333333333333333	0.001379310344827586	0.001949317738791423	0.0019157088122605363	0.013513513513513514	0.01639344262295082	0.01818181818181818	0.125	0.010416666666666666	0.011363636363636364	0.0019011406844106464	0.5	0.005235602094240838	0.00013422818791946307	0.05555555555555555	0.05263157894736842	0.018518518518518517
bs	0.010638297872340425	1.0	0.0016474138924474674	0.0017667844522968198	0.101559296972141	0.09303881482743445	0.00528169014084507	0.17046849516566878	0.11363386028710651	0.10338347486036148	0.008771929824561403	0.007042253521126761	0.04167609365927664	0.12630537408802633	0.11056184982214802	0.018835616438356163	0.013089005235602094	0.04009467942780694	0.007936507936507936	0.01056338028169014	0.0017699115044247787	0.08963954446888127	0.08940846172433235	0.16915153811705536	0.03938087594588397	0.026272577996715927	0.12053758469509765	0.0017699115044247787	0.13866857477046307	0.056562283393065356	0.08066127566840511	0.00528169014084507	0.12049398017588345	0.08511516154358417	0.034921208738705606	0.0050536334567182805	0.022108843537414966
ceb	0.0	0.0016474138924474674	1.0	0.0	0.0008372830177185673	0.00014319693077724638	0.003676470588235294	4.095855411431168e-05	0.00019259503925170803	9.560595051436001e-05	0.0034129692832764505	0.005376344086021506	0.0017921146953405018	0.00073810446999106	0.0002046335534456532	0.0018552875695732839	0.004424778761061947	0.0056179775280898875	0.004672897196261682	0.00625	0.0	0.00020226796346537877	0.0003765436454731494	0.000906823849467241	0.0016305170393003468	0.001388888888888889	0.0008749114890025675	0.015384615384615385	0.0015467775882756067	0.0018546615812630302	0.0005829446882941761	0.0	0.0011577145060153531	3.8320992196726756e-05	0.006578947368421052	0.05056497175141243	0.0017761989342806395
ckb	0.1	0.0017667844522968198	0.0	0.5	0.003115264797507788	0.0010402219140083217	0.16666666666666666	0.0005397625044980209	0.0015511892450879006	0.0009517766497461929	0.0625	0.08333333333333333	0.008928571428571428	0.003740648379052369	0.0020026702269692926	0.036585365853658534	0.041666666666666664	0.008928571428571428	0.038461538461538464	0.0625	0.125	0.0010482180293501049	0.0020718232044198894	0.00267379679144385	0.004761904761904762	0.019736842105263157	0.002617801047120419	0.125	0.004010695187165776	0.008928571428571428	0.004437869822485207	0.045454545454545456	0.009433962264150943	0.00023824650571791615	0.022058823529411766	0.0625	0.030612244897959183
da	0.008403361344537815	0.101559296972141	0.0008372830177185673	0.003115264797507788	1.0	0.0865617792073132	0.007716049382716049	0.048836244709323566	0.08828320802005013	0.06557140561544979	0.018575851393188854	0.013975155279503106	0.02676056338028169	0.09555555555555555	0.06972899697642848	0.02318840579710145	0.019696969696969695	0.054951735775081265	0.01238390092879257	0.012232415902140673	0.003125	0.06079486620292401	0.07290934689845509	0.13636323283974291	0.05184648961687231	0.022427440633245383	0.13098797535614337	0.001557632398753894	0.0997591590178081	0.046954314720812185	0.10563439315011078	0.009287925696594427	0.0935212916107267	0.033838006751137385	0.042957988980716254	0.012411437246963562	0.0211864406779661
de	0.000649772579597141	0.09303881482743445	0.00014319693077724638	0.0010402219140083217	0.0865617792073132	1.0	0.0024238227146814403	0.11182387179384076	0.1334044095755825	0.11871910355874175	0.004152249134948097	0.003465003465003465	0.013771468677540121	0.07367988033622547	0.11466167478054098	0.011379310344827587	0.006219765031098825	0.02643884752710795	0.0031163434903047093	0.005201109570041609	0.0003465003465003465	0.13703560437605267	0.12210471577571094	0.09797252747252747	0.022577606988497513	0.022727272727272728	0.045076504691889306	0.0003465003465003465	0.07611237926305026	0.02567731865985801	0.07948758537998302	0.0024238227146814403	0.039471272815226895	0.16014569978710197	0.016670407234341943	0.0021067532295077204	0.014137931034482758
el	0.1	0.00528169014084507	0.003676470588235294	0.16666666666666666	0.007716049382716049	0.0024238227146814403	0.5	0.0016192875134940627	0.004653567735263702	0.0025364616360177552	0.1	0.16666666666666666	0.025	0.008684863523573201	0.005333333333333333	0.08139534883720931	0.11538461538461539	0.01282051282051282	0.125	0.13157894736842105	0.05	0.0024424284717376133	0.005517241379310344	0.008021390374331552	0.013761467889908258	0.04487179487179487	0.007692307692307693	0.05	0.009308510638297872	0.02631578947368421	0.008797653958944282	0.0625	0.018518518518518517	0.0007147395171537484	0.04225352112676056	0.07692307692307693	0.08
en	0.00019592476489028212	0.17046849516566878	4.095855411431168e-05	0.0005397625044980209	0.048836244709323566	0.11182387179384076	0.0016192875134940627	1.0	0.10938559309711016	0.1328892758621055	0.002517985611510791	0.00197912918315941	0.010441425651856915	0.06577213727265716	0.09503353421830624	0.007194244604316547	0.0041381792011514935	0.015171275506666214	0.00197912918315941	0.0026988125224901042	0.0003598416696653472	0.121329226960318	0.07796401959053587	0.10041321175783557	0.016050857827341516	0.012015781922525108	0.03370290129165602	0.0003598416696653472	0.07541681754238673	0.020311568563352114	0.04718818608762518	0.0016192875134940627	0.03129855581501841	0.3470201038858344	0.01361133174631274	0.0012824196390514996	0.008633093525179856
es	0.0019193857965451055	0.11363386028710651	0.00019259503925170803	0.0015511892450879006	0.08828320802005013	0.1334044095755825	0.004653567735263702	0.10938559309711016	1.0	0.10842709976840958	0.0077559462254395035	0.005687693898655636	0.01753427707308606	0.0931585762069751	0.1263855798802918	0.018518518518518517	0.011363636363636364	0.02875431156477299	0.005165289256198347	0.007231404958677686	0.001034126163391934	0.1057256259288275	0.12221823336355357	0.14541787248969568	0.029942266584618567	0.029979674796747968	0.058956992328424745	0.0005165289256198347	0.11642149390243903	0.03765358168579362	0.08508071591507281	0.004132231404958678	0.056690441098196556	0.10371050570297655	0.025956640982107874	0.0032167600371036126	0.02263374485596708
fr	0.0006377551020408163	0.10338347486036148	9.560595051436001e-05	0.0009517766497461929	0.06557140561544979	0.11871910355874175	0.0025364616360177552	0.1328892758621055	0.10842709976840958	1.0	0.004438807863031071	0.0031705770450221942	0.013871374527112233	0.06112207824345909	0.12065336812194762	0.011061946902654867	0.006653992395437262	0.02484468367637295	0.0028517110266159697	0.0037998733375554147	0.0006345177664974619	0.11501532857574952	0.08843557568679458	0.12135635554968179	0.02404219910073372	0.01949685534591195	0.042167805253536035	0.0003170577045022194	0.06675076551515936	0.02124000039118274	0.06194203071062969	0.0028553299492385786	0.04986475112390216	0.18392908187536844	0.015544070375739459	0.002339599811120293	0.01359039190897598
he	0.02040816326530612	0.008771929824561403	0.0034129692832764505	0.0625	0.018575851393188854	0.004152249134948097	0.1	0.002517985611510791	0.0077559462254395035	0.004438807863031071	0.5	0.2647058823529412	0.056451612903225805	0.01485148514851485	0.0073041168658698535	0.1511627906976744	0.2037037037037037	0.029411764705882353	0.18421052631578946	0.15217391304347827	0.06666666666666667	0.005241090146750524	0.010359116022099447	0.010638297872340425	0.03636363636363636	0.08333333333333333	0.017766497461928935	0.03125	0.015915119363395226	0.04782608695652174	0.017595307917888565	0.16666666666666666	0.020958083832335328	0.0011912325285895807	0.0763888888888889	0.05263157894736842	0.10377358490566038
hi	0.07142857142857142	0.007042253521126761	0.005376344086021506	0.08333333333333333	0.013975155279503106	0.003465003465003465	0.16666666666666666	0.00197912918315941	0.005687693898655636	0.0031705770450221942	0.2647058823529412	0.5	0.0603448275862069	0.012437810945273632	0.006666666666666667	0.13414634146341464	0.18	0.02586206896551724	0.23333333333333334	0.15	0.041666666666666664	0.003843466107617051	0.007596685082872928	0.00980392156862745	0.03773584905660377	0.07236842105263158	0.018134715025906734	0.041666666666666664	0.014705882352941176	0.044642857142857144	0.014749262536873156	0.16666666666666666	0.02147239263803681	0.0008735705209656925	0.06428571428571428	0.06666666666666667	0.1
hu	0.009615384615384616	0.04167609365927664	0.0017921146953405018	0.008928571428571428	0.02676056338028169	0.013771468677540121	0.025	0.010441425651856915	0.01753427707308606	0.013871374527112233	0.056451612903225805	0.0603448275862069	1.0	0.037825059101654845	0.025523560209424083	0.07228915662650602	0.0661764705882353	0.03225806451612903	0.05084745762711865	0.0390625	0.00909090909090909	0.015528699626158885	0.028678802967982326	0.05024245871598186	0.06474820143884892	0.0752212389380531	0.07582938388625593	0.00909090909090909	0.03366583541147132	0.061224489795918366	0.0340599455040872	0.03389830508474576	0.09497206703910614	0.004920742797091607	0.07547169811320754	0.045454545454545456	0.06593406593406594
id	0.00641025641025641	0.12630537408802633	0.00073810446999106	0.003740648379052369	0.09555555555555555	0.07367988033622547	0.008684863523573201	0.06577213727265716	0.0931585762069751	0.06112207824345909	0.01485148514851485	0.012437810945273632	0.037825059101654845	1.0	0.09519119378274309	0.023696682464454975	0.01707317073170732	0.057912048835417534	0.011166253101736972	0.012315270935960592	0.0024937655860349127	0.06228693300636753	0.08821045302927842	0.10617570362377483	0.05862366017892169	0.028824833702882482	0.11556364882175947	0.0012437810945273632	0.14188897534098938	0.060369671072244856	0.10617342025569873	0.007425742574257425	0.11096624256509238	0.04220175817419977	0.05682412825269968	0.009126033600210002	0.026932084309133488
it	0.000864304235090752	0.11056184982214802	0.0002046335534456532	0.0020026702269692926	0.06972899697642848	0.11466167478054098	0.005333333333333333	0.09503353421830624	0.1263855798802918	0.12065336812194762	0.0073041168658698535	0.006666666666666667	0.025523560209424083	0.09519119378274309	1.0	0.017693315858453473	0.011258278145695364	0.0332748682604194	0.005319148936170213	0.0073041168658698535	0.0006666666666666666	0.10776987234584408	0.10963645815151814	0.14007401772005626	0.0577617001463788	0.03225806451612903	0.0764880052672926	0.0006666666666666666	0.09785663166791371	0.03890801537382759	0.08670518731413289	0.005333333333333333	0.06663538970233371	0.09841173447668783	0.02836305106502467	0.004443936945166655	0.025691699604743084
ja	0.01639344262295082	0.018835616438356163	0.0018552875695732839	0.036585365853658534	0.02318840579710145	0.011379310344827587	0.08139534883720931	0.007194244604316547	0.018518518518518517	0.011061946902654867	0.1511627906976744	0.13414634146341464	0.07228915662650602	0.023696682464454975	0.017693315858453473	0.5	0.18085106382978725	0.027777777777777776	0.13414634146341464	0.12222222222222222	0.024390243902439025	0.013966480446927373	0.026859504132231406	0.030864197530864196	0.041353383458646614	0.21341463414634146	0.022727272727272728	0.011904761904761904	0.02531645569620253	0.07575757575757576	0.03081232492997199	0.08139534883720931	0.04054054054054054	0.003256035578144854	0.12643678160919541	0.022222222222222223	0.21428571428571427
ko	0.022727272727272728	0.013089005235602094	0.004424778761061947	0.041666666666666664	0.019696969696969695	0.006219765031098825	0.11538461538461539	0.0041381792011514935	0.011363636363636364	0.006653992395437262	0.2037037037037037	0.18	0.0661764705882353	0.01707317073170732	0.011258278145695364	0.18085106382978725	0.5	0.0234375	0.15384615384615385	0.17857142857142858	0.043478260869565216	0.007681564245810056	0.015883977900552487	0.01773049645390071	0.03389830508474576	0.12658227848101267	0.022167487684729065	0.020833333333333332	0.018276762402088774	0.06779661016949153	0.020172910662824207	0.14	0.03216374269005848	0.001826556543837357	0.0759493670886076	0.037037037037037035	0.1206896551724138
lv	0.04	0.04009467942780694	0.0056179775280898875	0.008928571428571428	0.054951735775081265	0.02643884752710795	0.01282051282051282	0.015171275506666214	0.02875431156477299	0.02484468367637295	0.029411764705882353	0.02586206896551724	0.03225806451612903	0.057912048835417534	0.0332748682604194	0.027777777777777776	0.0234375	1.0	0.01694915254237288	0.01639344262295082	0.004464285714285714	0.022757413043915813	0.03733320251177394	0.05656565656565657	0.04591836734693878	0.03428571428571429	0.07079101261926746	0.004464285714285714	0.06011623401782255	0.041463414634146344	0.057039521273097915	0.017241379310344827	0.05944737445540014	0.01105382465578328	0.04242424242424243	0.038390663390663396	0.03691275167785235
mk	0.125	0.007936507936507936	0.004672897196261682	0.038461538461538464	0.01238390092879257	0.0031163434903047093	0.125	0.00197912918315941	0.005165289256198347	0.0028517110266159697	0.18421052631578946	0.23333333333333334	0.05084745762711865	0.011166253101736972	0.005319148936170213	0.13414634146341464	0.15384615384615385	0.01694915254237288	0.5	0.18421052631578946	0.041666666666666664	0.003843466107617051	0.006896551724137931	0.008896797153024912	0.03271028037383177	0.06493506493506493	0.018134715025906734	0.041666666666666664	0.010610079575596816	0.030434782608695653	0.011730205278592375	0.08823529411764706	0.018292682926829267	0.0008735705209656925	0.056338028169014086	0.06666666666666667	0.08823529411764706
ml	0.2	0.01056338028169014	0.00625	0.0625	0.012232415902140673	0.005201109570041609	0.13157894736842105	0.0026988125224901042	0.007231404958677686	0.0037998733375554147	0.15217391304347827	0.15	0.0390625	0.012315270935960592	0.0073041168658698535	0.12222222222222222	0.17857142857142858	0.01639344262295082	0.18421052631578946	0.5	0.03125	0.0045359385903698535	0.009655172413793104	0.011545293072824156	0.026785714285714284	0.08333333333333333	0.01256281407035176	0.03125	0.011842105263157895	0.04782608695652174	0.01308139534883721	0.1	0.02727272727272727	0.0011912325285895807	0.060810810810810814	0.05263157894736842	0.11538461538461539
mr	0.3333333333333333	0.0017699115044247787	0.0	0.125	0.003125	0.0003465003465003465	0.05	0.0003598416696653472	0.001034126163391934	0.0006345177664974619	0.06666666666666667	0.041666666666666664	0.00909090909090909	0.0024937655860349127	0.0006666666666666666	0.024390243902439025	0.043478260869565216	0.004464285714285714	0.041666666666666664	0.03125	0.5	0.0006988120195667365	0.0013812154696132596	0.0017825311942959	0.004807692307692308	0.013157894736842105	0.005291005291005291	0.16666666666666666	0.00267379679144385	0.004464285714285714	0.0029585798816568047	0.1111111111111111	0.006289308176100629	0.0001588310038119441	0.014705882352941176	0.07142857142857142	0.02040816326530612
nl	0.001379310344827586	0.08963954446888127	0.00020226796346537877	0.0010482180293501049	0.06079486620292401	0.13703560437605267	0.0024424284717376133	0.121329226960318	0.1057256259288275	0.11501532857574952	0.005241090146750524	0.003843466107617051	0.015528699626158885	0.06228693300636753	0.10776987234584408	0.013966480446927373	0.007681564245810056	0.022757413043915813	0.003843466107617051	0.0045359385903698535	0.0006988120195667365	1.0	0.10501159826531475	0.09269047200081683	0.021939327823802174	0.025453277545327755	0.041340172762440654	0.0006988120195667365	0.0658918248613538	0.02378329297820823	0.05968226224788028	0.0031446540880503146	0.035718755697682125	0.37567448075974486	0.02021985654060321	0.0021616463619281196	0.016399162595952546
pl	0.001949317738791423	0.08940846172433235	0.0003765436454731494	0.0020718232044198894	0.07290934689845509	0.12210471577571094	0.005517241379310344	0.07796401959053587	0.12221823336355357	0.08843557568679458	0.010359116022099447	0.007596685082872928	0.028678802967982326	0.08821045302927842	0.10963645815151814	0.026859504132231406	0.015883977900552487	0.03733320251177394	0.006896551724137931	0.009655172413793104	0.0013812154696132596	0.10501159826531475	1.0	0.10966585329415865	0.033731480539327396	0.04719562243502052	0.061512440319608896	0.0013812154696132596	0.08861772435964588	0.057969036071050015	0.09577957577082878	0.006215469613259668	0.0578099087893864	0.07858507274761807	0.034693230460286426	0.0034482758620689655	0.030906593406593408
pt	0.0019157088122605363	0.16915153811705536	0.000906823849467241	0.00267379679144385	0.13636323283974291	0.09797252747252747	0.008021390374331552	0.10041321175783557	0.14541787248969568	0.12135635554968179	0.010638297872340425	0.00980392156862745	0.05024245871598186	0.10617570362377483	0.14007401772005626	0.030864197530864196	0.01773049645390071	0.05656565656565657	0.008896797153024912	0.011545293072824156	0.0017825311942959	0.09269047200081683	0.10966585329415865	1.0	0.05406545209176788	0.05199306759098787	0.10995580484752028	0.0017825311942959	0.11206368874387429	0.05594009141945093	0.10225174717633827	0.006216696269982238	0.11121946894809168	0.06432446651934944	0.041382005392072506	0.007076202053069204	0.03982300884955752
ro	0.013513513513513514	0.03938087594588397	0.0016305170393003468	0.004761904761904762	0.05184648961687231	0.022577606988497513	0.013761467889908258	0.016050857827341516	0.029942266584618567	0.02404219910073372	0.03636363636363636	0.03773584905660377	0.06474820143884892	0.05862366017892169	0.0577617001463788	0.041353383458646614	0.03389830508474576	0.04591836734693878	0.03271028037383177	0.026785714285714284	0.004807692307692308	0.021939327823802174	0.033731480539327396	0.05406545209176788	1.0	0.0391566265060241	0.06445651934795521	0.004807692307692308	0.055249362766315584	0.057291666666666664	0.04227603885590934	0.02336448598130841	0.0647186639379469	0.01007671377882247	0.1010363877094462	0.02912621359223301	0.03900709219858156
ru	0.01639344262295082	0.026272577996715927	0.001388888888888889	0.019736842105263157	0.022427440633245383	0.022727272727272728	0.04487179487179487	0.012015781922525108	0.029979674796747968	0.01949685534591195	0.08333333333333333	0.07236842105263158	0.0752212389380531	0.028824833702882482	0.03225806451612903	0.21341463414634146	0.12658227848101267	0.03428571428571429	0.06493506493506493	0.08333333333333333	0.013157894736842105	0.025453277545327755	0.04719562243502052	0.05199306759098787	0.0391566265060241	0.5	0.025793650793650792	0.013157894736842105	0.03317535545023697	0.09177215189873418	0.04473684210526316	0.05194805194805195	0.04398148148148148	0.006035578144853875	0.1	0.0125	0.23529411764705882
sh	0.01818181818181818	0.12053758469509765	0.0008749114890025675	0.002617801047120419	0.13098797535614337	0.045076504691889306	0.007692307692307693	0.03370290129165602	0.058956992328424745	0.042167805253536035	0.017766497461928935	0.018134715025906734	0.07582938388625593	0.11556364882175947	0.0764880052672926	0.022727272727272728	0.022167487684729065	0.07079101261926746	0.018134715025906734	0.01256281407035176	0.005291005291005291	0.041340172762440654	0.061512440319608896	0.10995580484752028	0.06445651934795521	0.025793650793650792	1.0	0.002631578947368421	0.11211115709023659	0.06390977443609022	0.08929477422628107	0.012953367875647668	0.15027113237639553	0.019128061543870797	0.04751324176317443	0.017922196200884723	0.024229074889867842
si	0.125	0.0017699115044247787	0.015384615384615385	0.125	0.001557632398753894	0.0003465003465003465	0.05	0.0003598416696653472	0.0005165289256198347	0.0003170577045022194	0.03125	0.041666666666666664	0.00909090909090909	0.0012437810945273632	0.0006666666666666666	0.011904761904761904	0.020833333333333332	0.004464285714285714	0.041666666666666664	0.03125	0.16666666666666666	0.0006988120195667365	0.0013812154696132596	0.0017825311942959	0.004807692307692308	0.013157894736842105	0.002631578947368421	0.5	0.00267379679144385	0.004464285714285714	0.0014749262536873156	0.05	0.003125	0.0001588310038119441	0.007246376811594203	0.07142857142857142	0.02040816326530612
simple	0.010416666666666666	0.13866857477046307	0.0015467775882756067	0.004010695187165776	0.0997591590178081	0.07611237926305026	0.009308510638297872	0.07541681754238673	0.11642149390243903	0.06675076551515936	0.015915119363395226	0.014705882352941176	0.03366583541147132	0.14188897534098938	0.09785663166791371	0.02531645569620253	0.018276762402088774	0.06011623401782255	0.010610079575596816	0.011842105263157895	0.00267379679144385	0.0658918248613538	0.08861772435964588	0.11206368874387429	0.055249362766315584	0.03317535545023697	0.11211115709023659	0.00267379679144385	1.0	0.054292251450775875	0.11247633934165661	0.010666666666666666	0.10601139262397855	0.040228433053595046	0.053371320037986704	0.00963951335167783	0.02875
sr	0.011363636363636364	0.056562283393065356	0.0018546615812630302	0.008928571428571428	0.046954314720812185	0.02567731865985801	0.02631578947368421	0.020311568563352114	0.03765358168579362	0.02124000039118274	0.04782608695652174	0.044642857142857144	0.061224489795918366	0.060369671072244856	0.03890801537382759	0.07575757575757576	0.06779661016949153	0.041463414634146344	0.030434782608695653	0.04782608695652174	0.004464285714285714	0.02378329297820823	0.057969036071050015	0.05594009141945093	0.057291666666666664	0.09177215189873418	0.06390977443609022	0.004464285714285714	0.054292251450775875	1.0	0.053469710773081554	0.021739130434782608	0.0655199513258632	0.010524055020128075	0.059375	0.017699115044247787	0.0673758865248227
sv	0.0019011406844106464	0.08066127566840511	0.0005829446882941761	0.004437869822485207	0.10563439315011078	0.07948758537998302	0.008797653958944282	0.04718818608762518	0.08508071591507281	0.06194203071062969	0.017595307917888565	0.014749262536873156	0.0340599455040872	0.10617342025569873	0.08670518731413289	0.03081232492997199	0.020172910662824207	0.057039521273097915	0.011730205278592375	0.01308139534883721	0.0029585798816568047	0.05968226224788028	0.09577957577082878	0.10225174717633827	0.04227603885590934	0.04473684210526316	0.08929477422628107	0.0014749262536873156	0.11247633934165661	0.053469710773081554	1.0	0.008797653958944282	0.08440586173940745	0.034293393229562735	0.04487279887230662	0.010014691808979527	0.034530386740331494
te	0.5	0.00528169014084507	0.0	0.045454545454545456	0.009287925696594427	0.0024238227146814403	0.0625	0.0016192875134940627	0.004132231404958678	0.0028553299492385786	0.16666666666666666	0.16666666666666666	0.03389830508474576	0.007425742574257425	0.005333333333333333	0.08139534883720931	0.14	0.017241379310344827	0.08823529411764706	0.1	0.1111111111111111	0.0031446540880503146	0.006215469613259668	0.006216696269982238	0.02336448598130841	0.05194805194805195	0.012953367875647668	0.05	0.010666666666666666	0.021739130434782608	0.008797653958944282	0.5	0.018518518518518517	0.0007147395171537484	0.05	0.07692307692307693	0.06862745098039216
tr	0.005235602094240838	0.12049398017588345	0.0011577145060153531	0.009433962264150943	0.0935212916107267	0.039471272815226895	0.018518518518518517	0.03129855581501841	0.056690441098196556	0.04986475112390216	0.020958083832335328	0.02147239263803681	0.09497206703910614	0.11096624256509238	0.06663538970233371	0.04054054054054054	0.03216374269005848	0.05944737445540014	0.018292682926829267	0.02727272727272727	0.006289308176100629	0.035718755697682125	0.0578099087893864	0.11121946894809168	0.0647186639379469	0.04398148148148148	0.15027113237639553	0.003125	0.10601139262397855	0.0655199513258632	0.08440586173940745	0.018518518518518517	1.0	0.016574703055835117	0.08920183347223275	0.025333441769681195	0.041666666666666664
union	0.00013422818791946307	0.08511516154358417	3.8320992196726756e-05	0.00023824650571791615	0.033838006751137385	0.16014569978710197	0.0007147395171537484	0.3470201038858344	0.10371050570297655	0.18392908187536844	0.0011912325285895807	0.0008735705209656925	0.004920742797091607	0.04220175817419977	0.09841173447668783	0.003256035578144854	0.001826556543837357	0.01105382465578328	0.0008735705209656925	0.0011912325285895807	0.0001588310038119441	0.37567448075974486	0.07858507274761807	0.06432446651934944	0.01007671377882247	0.006035578144853875	0.019128061543870797	0.0001588310038119441	0.040228433053595046	0.010524055020128075	0.034293393229562735	0.0007147395171537484	0.016574703055835117	1.0	0.006152185225374778	0.0005448503837784394	0.0038913595933926302
vi	0.05555555555555555	0.034921208738705606	0.006578947368421052	0.022058823529411766	0.042957988980716254	0.016670407234341943	0.04225352112676056	0.01361133174631274	0.025956640982107874	0.015544070375739459	0.0763888888888889	0.06428571428571428	0.07547169811320754	0.05682412825269968	0.02836305106502467	0.12643678160919541	0.0759493670886076	0.04242424242424243	0.056338028169014086	0.060810810810810814	0.014705882352941176	0.02021985654060321	0.034693230460286426	0.041382005392072506	0.1010363877094462	0.1	0.04751324176317443	0.007246376811594203	0.053371320037986704	0.059375	0.04487279887230662	0.05	0.08920183347223275	0.006152185225374778	1.0	0.04411764705882353	0.12903225806451613
war	0.05263157894736842	0.0050536334567182805	0.05056497175141243	0.0625	0.012411437246963562	0.0021067532295077204	0.07692307692307693	0.0012824196390514996	0.0032167600371036126	0.002339599811120293	0.05263157894736842	0.06666666666666667	0.045454545454545456	0.009126033600210002	0.004443936945166655	0.022222222222222223	0.037037037037037035	0.038390663390663396	0.06666666666666667	0.05263157894736842	0.07142857142857142	0.0021616463619281196	0.0034482758620689655	0.007076202053069204	0.02912621359223301	0.0125	0.017922196200884723	0.07142857142857142	0.00963951335167783	0.017699115044247787	0.010014691808979527	0.07692307692307693	0.025333441769681195	0.0005448503837784394	0.04411764705882353	1.0	0.018867924528301886
zh	0.018518518518518517	0.022108843537414966	0.0017761989342806395	0.030612244897959183	0.0211864406779661	0.014137931034482758	0.08	0.008633093525179856	0.02263374485596708	0.01359039190897598	0.10377358490566038	0.1	0.06593406593406594	0.026932084309133488	0.025691699604743084	0.21428571428571427	0.1206896551724138	0.03691275167785235	0.08823529411764706	0.11538461538461539	0.02040816326530612	0.016399162595952546	0.030906593406593408	0.03982300884955752	0.03900709219858156	0.23529411764705882	0.024229074889867842	0.02040816326530612	0.02875	0.0673758865248227	0.034530386740331494	0.06862745098039216	0.041666666666666664	0.0038913595933926302	0.12903225806451613	0.018867924528301886	0.5
