arz	bs	ceb	ckb	da	de	el	en	es	fr	he	hi	hu	id	it	ja	ko	lv	mk	ml	mr	nl	pl	pt	ro	ru	sh	si	simple	sr	sv	te	tr	union	vi	war	zh
arz	1.0	0.5	0.5	0.6666666666666666	0.5002686727565825	0.5000889205050685	0.6896551724137931	0.5000235150261017	0.5001163602513382	0.5001011940902651	0.6666666666666666	0.7142857142857143	0.502262443438914	0.5006305170239597	0.5001416029453413	0.5024390243902439	0.5051546391752577	0.5064935064935064	0.6666666666666666	0.8571428571428571	0.6666666666666666	0.5001988071570577	0.5002704164413196	0.5001288327750579	0.5005662514156285	0.5024154589371981	0.5008726003490401	0.5161290322580645	0.5021459227467812	0.5040650406504065	0.5003069367710251	0.7407407407407407	0.5009416195856874	0.5000138247573755	0.5011820330969268	0.5	0.6796116504854368
bs	0.5	1.0	0.5026595744680852	0.5094339622641509	0.5061741086521099	0.5019492594683533	0.5060240963855421	0.500549761660983	0.5033523712442599	0.5030353417228645	0.511904761904762	0.5161290322580645	0.5057034220532319	0.5081812963178771	0.5031668854734892	0.508130081300813	0.5107913669064748	0.526853015075377	0.52	0.5102040816326531	0.5102040816326531	0.5043759166060274	0.5048269646546724	0.50354177765298	0.513085145595282	0.504	0.5076221378719236	0.503562945368171	0.529497268307353	0.5060240963855421	0.5073534691571964	0.5076142131979695	0.5131991363098141	0.5004950132688052	0.5156720382503984	0.5	0.5089285714285715
ceb	0.5	0.5026595744680852	1.0	0.5161290322580645	0.5024460726021968	0.5002401536983669	0.5087719298245614	0.5000882331257718	0.5005764359610386	0.5002092050209205	0.5042016806722689	0.5094339622641509	0.5063291139240506	0.5016225734600698	0.5003302176395226	0.5035971223021583	0.5048543689320388	0.5106752802804253	0.5	0.5128205128205129	0.5	0.5009769476524389	0.500769804796649	0.5004198152812762	0.502127659574468	0.5	0.5010972933430871	0.5	0.5021102396435234	0.5021818912158338	0.5007518796992482	0.5135135135135135	0.5012406947890818	0.5000884013466641	0.5059523809523809	0.5238095238095238	0.504
ckb	0.6666666666666666	0.5094339622641509	0.5161290322580645	1.0	0.5010729613733905	0.5003554923569143	0.6865671641791045	0.500094046835324	0.5004651162790698	0.5004045307443366	0.7272727272727273	0.787878787878788	0.5066666666666667	0.5025125628140703	0.5005659309564233	0.5096153846153846	0.52	0.5121951219512195	0.7368421052631579	0.6666666666666666	0.75	0.5007942811755361	0.5010799136069115	0.5005149330587023	0.5022573363431151	0.5095238095238095	0.5034722222222222	0.5270270270270271	0.5042016806722689	0.5158730158730159	0.5012254901960784	0.782608695652174	0.5037453183520599	0.5000552944429085	0.5023364485981309	0.5	0.7169811320754716
da	0.5002686727565825	0.5061741086521099	0.5024460726021968	0.5010729613733905	1.0	0.5199644760060783	0.5013206550449023	0.5103072606404209	0.5265494246861925	0.5200377048091513	0.5021141649048626	0.5016025641025641	0.5041202132816287	0.5200116529221943	0.5202157469562211	0.506219325992804	0.5060916786403651	0.5066933603765517	0.5005364806866953	0.5005370569280344	0.5005370569280344	0.533634116313609	0.5209492704154258	0.5245661602467976	0.5229725407346482	0.5041483650561249	0.5181623173752187	0.5049382716049383	0.5162928860530024	0.5052949943885054	0.5455105012181569	0.5070242656449553	0.5164626257718621	0.5220322720871433	0.5161732150187379	0.5005370569280344	0.5036572622779519
de	0.5000889205050685	0.5019492594683533	0.5002401536983669	0.5003554923569143	0.5199644760060783	1.0	0.5010623229461756	0.52614332313887	0.5403561454628804	0.5413443212503372	0.5015057573073517	0.5007102272727273	0.505134545400683	0.5158796279938185	0.5309562163659501	0.5033478295289467	0.5028646463551336	0.5030657415911919	0.5001777461784571	0.5001778093883357	0.5001778093883357	0.5318393343922435	0.5313954743739979	0.5364142636391798	0.5166431056013505	0.5051175840439239	0.5125837194719731	0.5015479876160991	0.5075839370629015	0.5039923149665335	0.5223834991697872	0.5016770483948251	0.5132106277901173	0.5652638695656732	0.5107850695348619	0.5001778093883357	0.502206531332745
el	0.6896551724137931	0.5060240963855421	0.5087719298245614	0.6865671641791045	0.5013206550449023	0.5010623229461756	1.0	0.5003993797866843	0.5019689599258744	0.5017133642410804	0.7572815533980582	0.7368421052631579	0.5222672064777327	0.5048661800486618	0.5023936919177696	0.5260869565217392	0.5403225806451613	0.5181818181818182	0.6875	0.7118644067796611	0.6885245901639344	0.5019669551534225	0.5026652452025586	0.5016645326504482	0.5038335158817087	0.5281385281385281	0.5066445182724253	0.52	0.5113636363636364	0.5333333333333333	0.5030193236714976	0.7843137254901962	0.5080500894454383	0.500262539726406	0.5066079295154186	0.5121951219512195	0.7737226277372262
en	0.5000235150261017	0.500549761660983	0.5000882331257718	0.500094046835324	0.5103072606404209	0.52614332313887	0.5003993797866843	1.0	0.5347823837903016	0.53466169441416	0.5004698806503148	0.5002115556391331	0.5018389299639098	0.5112803279473496	0.5246355069874888	0.5015073181709185	0.5008823720584544	0.5010053258516887	0.500047023417662	0.5000470278404816	0.5000470278404816	0.516935760758269	0.5157956596322737	0.5324061865311059	0.5085661900420343	0.5014716187806587	0.5074508511593313	0.5009383360837925	0.5027637580272797	0.5017677325006619	0.5134031552378091	0.5003853861569293	0.506784050312694	0.7922835150008914	0.5049139847095195	0.5000470278404816	0.5007042253521127
es	0.5001163602513382	0.5033523712442599	0.5005764359610386	0.5004651162790698	0.5265494246861925	0.5403561454628804	0.5019689599258744	0.5347823837903016	1.0	0.5632097560569587	0.5020842982862437	0.5010452961672474	0.5085015523177735	0.523397298596844	0.5519308373025841	0.5056050476880244	0.5046173001130636	0.5042819812777928	0.5002325581395349	0.5002326663564448	0.5002326663564448	0.5405511559585013	0.5352585586638214	0.5635353436231011	0.5293246942731015	0.5056154537286613	0.5193696705342177	0.5018151354370288	0.5107292711453232	0.5046835732236692	0.533077174188565	0.5021097046413502	0.5236121841295167	0.551666453120118	0.521330009343874	0.5001163061177017	0.5031127507493659
fr	0.5001011940902651	0.5030353417228645	0.5002092050209205	0.5004045307443366	0.5200377048091513	0.5413443212503372	0.5017133642410804	0.53466169441416	0.5632097560569587	1.0	0.501813784764208	0.5009092746009295	0.5066922092797385	0.5194484748275373	0.5403632602021902	0.5042705474666923	0.5033812135427189	0.5031819115720266	0.5002022653721683	0.500202347227843	0.500202347227843	0.5393153308556995	0.5297553153191655	0.5427573431227506	0.5216735064930176	0.5048067490680793	0.5176410293956144	0.5017757966669317	0.5085678946710334	0.5042366005982175	0.523353753960558	0.5014613778705637	0.516696187267612	0.5601743119180072	0.5140489798582103	0.5002729560616118	0.5026093938177438
he	0.6666666666666666	0.511904761904762	0.5042016806722689	0.7272727272727273	0.5021141649048626	0.5015057573073517	0.7572815533980582	0.5004698806503148	0.5020842982862437	0.501813784764208	1.0	0.7733333333333333	0.5179282868525896	0.5073170731707317	0.5022509848058525	0.5327510917030568	0.5573770491803278	0.5178571428571429	0.7076923076923076	0.6875	0.7096774193548386	0.502360346184107	0.5040042712226375	0.5019206145966709	0.5043763676148797	0.537117903930131	0.5108514190317196	0.515527950310559	0.5151515151515151	0.5364238410596026	0.503015681544029	0.7675675675675675	0.5089285714285715	0.5002763499696015	0.509933774834437	0.5116279069767442	0.7941176470588235
hi	0.7142857142857143	0.5161290322580645	0.5094339622641509	0.787878787878788	0.5016025641025641	0.5007102272727273	0.7368421052631579	0.5002115556391331	0.5010452961672474	0.5009092746009295	0.7733333333333333	1.0	0.5107296137339056	0.5043586550435866	0.5012715456343599	0.5211267605633803	0.5428571428571428	0.5280898876404494	0.75	0.7586206896551725	0.7096774193548386	0.5013861386138614	0.5021528525296017	0.5010282776349614	0.5027932960893855	0.5209302325581395	0.506872852233677	0.5154639175257733	0.51440329218107	0.5223880597014925	0.5021354484441732	0.8085106382978723	0.5064695009242144	0.500124395300622	0.5069124423963134	0.5	0.7747747747747747
hu	0.502262443438914	0.5057034220532319	0.5063291139240506	0.5066666666666667	0.5041202132816287	0.505134545400683	0.5222672064777327	0.5018389299639098	0.5085015523177735	0.5066922092797385	0.5179282868525896	0.5107296137339056	1.0	0.5117831495903712	0.5105438830674666	0.5170731707317073	0.5180327868852459	0.5121107266435986	0.5044642857142857	0.5045045045045045	0.5045045045045045	0.5100829810218209	0.5110440143059974	0.5067853138127959	0.5087499860223865	0.5207823960880196	0.5264981361257502	0.5088967971530249	0.5193110167466314	0.5213414634146342	0.5043668122270742	0.5137254901960784	0.5136986301369862	0.5024201285496993	0.5071090047393365	0.5045045045045045	0.51985559566787
id	0.5006305170239597	0.5081812963178771	0.5016225734600698	0.5025125628140703	0.5200116529221943	0.5158796279938185	0.5048661800486618	0.5112803279473496	0.523397298596844	0.5194484748275373	0.5073170731707317	0.5043586550435866	0.5117831495903712	1.0	0.5233067883732078	0.5148079687820908	0.515557109324277	0.5083682955850808	0.5012562814070352	0.5012594458438286	0.5012594458438286	0.5256077015759287	0.5248193237735583	0.5326137932946624	0.5277424142950932	0.5117948717948718	0.5426716414932461	0.5047454702329595	0.5332849560068688	0.5193793428335886	0.531057311835467	0.5057369814651368	0.5442762737583858	0.5094397323702591	0.5179677933706653	0.501726041237885	0.5106888361045131
it	0.5001416029453413	0.5031668854734892	0.5003302176395226	0.5005659309564233	0.5202157469562211	0.5309562163659501	0.5023936919177696	0.5246355069874888	0.5519308373025841	0.5403632602021902	0.5022509848058525	0.5012715456343599	0.5105438830674666	0.5233067883732078	1.0	0.5052917288204452	0.5042426727780498	0.5044859025733709	0.5002829654782116	0.5002831257078143	0.5002831257078143	0.52779850526951	0.5333564610245638	0.5491358719155619	0.5224420675313388	0.5067888989579692	0.5200583404741095	0.501971892867074	0.5112752029078815	0.5056878851705647	0.5246656098027926	0.5014321176245943	0.5208410193116493	0.5505292013551372	0.5167877575502241	0.5003537772888648	0.5037804536544385
ja	0.5024390243902439	0.508130081300813	0.5035971223021583	0.5096153846153846	0.506219325992804	0.5033478295289467	0.5260869565217392	0.5015073181709185	0.5056050476880244	0.5042705474666923	0.5327510917030568	0.5211267605633803	0.5170731707317073	0.5148079687820908	0.5052917288204452	1.0	0.5801924979760726	0.5128205128205129	0.5048076923076923	0.5048543689320388	0.5048543689320388	0.507011183440515	0.5078371358082304	0.5056001173361518	0.5065298507462687	0.5352480417754569	0.5185053199613093	0.5138121546961326	0.5219945692421625	0.5275080906148868	0.5055187637969095	0.7534883720930232	0.5148009855265855	0.5018954215524174	0.511437908496732	0.5024154589371981	0.5573770491803278
ko	0.5051546391752577	0.5107913669064748	0.5048543689320388	0.52	0.5060916786403651	0.5028646463551336	0.5403225806451613	0.5008823720584544	0.5046173001130636	0.5033812135427189	0.5573770491803278	0.5428571428571428	0.5180327868852459	0.515557109324277	0.5042426727780498	0.5801924979760726	1.0	0.5212121212121212	0.51	0.5102040816326531	0.5102040816326531	0.5057699456620607	0.5080372625568665	0.5047372454792137	0.509375	0.5412186379928315	0.5155051748359906	0.5172413793103449	0.5294015006107137	0.5369458128078818	0.5076560659599529	0.782608695652174	0.5139573070607553	0.50081063723266	0.5098425196850394	0.5050505050505051	0.5857142857142857
lv	0.5064935064935064	0.526853015075377	0.5106752802804253	0.5121951219512195	0.5066933603765517	0.5030657415911919	0.5181818181818182	0.5010053258516887	0.5042819812777928	0.5031819115720266	0.5178571428571429	0.5280898876404494	0.5121107266435986	0.5083682955850808	0.5044859025733709	0.5128205128205129	0.5212121212121212	1.0	0.5125000000000001	0.5128205128205129	0.5128205128205129	0.5070708261794008	0.5090421253380483	0.5041992030246055	0.5205127632988218	0.5127272727272727	0.5153407689211472	0.5132075471698113	0.5362328362131266	0.518324607329843	0.5101365154055311	0.5188284518828452	0.525689974307263	0.5007539011083748	0.5343496558066944	0.5128205128205129	0.5217391304347826
mk	0.6666666666666666	0.52	0.5	0.7368421052631579	0.5005364806866953	0.5001777461784571	0.6875	0.500047023417662	0.5002325581395349	0.5002022653721683	0.7076923076923076	0.75	0.5044642857142857	0.5012562814070352	0.5002829654782116	0.5048076923076923	0.51	0.5125000000000001	1.0	0.7692307692307692	0.7692307692307692	0.5003971405877681	0.5005399568034558	0.5002574665293512	0.5011286681715575	0.507177033492823	0.5017361111111112	0.5205479452054794	0.5042372881355932	0.5079365079365079	0.5006127450980392	0.787878787878788	0.50187265917603	0.5000414719787664	0.5023474178403756	0.5	0.6915887850467289
ml	0.8571428571428571	0.5102040816326531	0.5128205128205129	0.6666666666666666	0.5005370569280344	0.5001778093883357	0.7118644067796611	0.5000470278404816	0.5002326663564448	0.500202347227843	0.6875	0.7586206896551725	0.5045045045045045	0.5012594458438286	0.5002831257078143	0.5048543689320388	0.5102040816326531	0.5128205128205129	0.7692307692307692	1.0	0.6666666666666666	0.5003974562798092	0.5005405405405405	0.5002575991756827	0.501131221719457	0.5048076923076923	0.5017421602787456	0.5180722891566265	0.5042735042735043	0.5080645161290323	0.5006134969325153	0.7848101265822784	0.5018796992481203	0.5000276487502765	0.5023584905660378	0.5	0.6923076923076923
mr	0.6666666666666666	0.5102040816326531	0.5	0.75	0.5005370569280344	0.5001778093883357	0.6885245901639344	0.5000470278404816	0.5002326663564448	0.500202347227843	0.7096774193548386	0.7096774193548386	0.5045045045045045	0.5012594458438286	0.5002831257078143	0.5048543689320388	0.5102040816326531	0.5128205128205129	0.7692307692307692	0.6666666666666666	1.0	0.5003974562798092	0.5005405405405405	0.5002575991756827	0.501131221719457	0.5048076923076923	0.5017421602787456	0.515625	0.5042735042735043	0.5080645161290323	0.5006134969325153	0.7924528301886793	0.5018796992481203	0.5000276487502765	0.5023584905660378	0.5714285714285714	0.6792452830188679
nl	0.5001988071570577	0.5043759166060274	0.5009769476524389	0.5007942811755361	0.533634116313609	0.5318393343922435	0.5019669551534225	0.516935760758269	0.5405511559585013	0.5393153308556995	0.502360346184107	0.5013861386138614	0.5100829810218209	0.5256077015759287	0.52779850526951	0.507011183440515	0.5057699456620607	0.5070708261794008	0.5003971405877681	0.5003974562798092	0.5003974562798092	1.0	0.535849047836581	0.5363661744231685	0.5345178520111383	0.5077452915279613	0.5266759619710241	0.5023783388218075	0.5141094558340646	0.5060767436596127	0.5341507155592972	0.5025849335302807	0.5198317934236881	0.527991966926505	0.51899889052256	0.5001986491855384	0.5040999609527528
pl	0.5002704164413196	0.5048269646546724	0.500769804796649	0.5010799136069115	0.5209492704154258	0.5313954743739979	0.5026652452025586	0.5157956596322737	0.5352585586638214	0.5297553153191655	0.5040042712226375	0.5021528525296017	0.5110440143059974	0.5248193237735583	0.5333564610245638	0.5078371358082304	0.5080372625568665	0.5090421253380483	0.5005399568034558	0.5005405405405405	0.5005405405405405	0.535849047836581	1.0	0.5334062631776664	0.5445890065661482	0.5107657377625213	0.5239238802168613	0.5018419975440033	0.5149521141442439	0.5096324994546517	0.5290852627555268	0.5028997514498758	0.524872977132664	0.520758547907889	0.5174391667058966	0.5002701242571583	0.5055408970976254
pt	0.5001288327750579	0.50354177765298	0.5004198152812762	0.5005149330587023	0.5245661602467976	0.5364142636391798	0.5016645326504482	0.5324061865311059	0.5635353436231011	0.5427573431227506	0.5019206145966709	0.5010282776349614	0.5067853138127959	0.5326137932946624	0.5491358719155619	0.5056001173361518	0.5047372454792137	0.5041992030246055	0.5002574665293512	0.5002575991756827	0.5002575991756827	0.5363661744231685	0.5334062631776664	1.0	0.5307674425269969	0.5058182718494677	0.5208207938245785	0.5020792902689215	0.5124494677736826	0.5066843049101568	0.5338747684745947	0.502093217973765	0.5272946615375654	0.5455478561637686	0.5266343157296763	0.5002575991756827	0.5031863369869998
ro	0.5005662514156285	0.513085145595282	0.502127659574468	0.5022573363431151	0.5229725407346482	0.5166431056013505	0.5038335158817087	0.5085661900420343	0.5293246942731015	0.5216735064930176	0.5043763676148797	0.5027932960893855	0.5087499860223865	0.5277424142950932	0.5224420675313388	0.5065298507462687	0.509375	0.5205127632988218	0.5011286681715575	0.501131221719457	0.501131221719457	0.5345178520111383	0.5445890065661482	0.5307674425269969	1.0	0.5079365079365079	0.5287432427169186	0.505859375	0.5240714426110128	0.5106815869786369	0.5319707536722915	0.5092783505154639	0.5378606766685532	0.5094466509331858	0.5834292729504842	0.501131221719457	0.5063965884861408
ru	0.5024154589371981	0.504	0.5	0.5095238095238095	0.5041483650561249	0.5051175840439239	0.5281385281385281	0.5014716187806587	0.5056154537286613	0.5048067490680793	0.537117903930131	0.5209302325581395	0.5207823960880196	0.5117948717948718	0.5067888989579692	0.5352480417754569	0.5412186379928315	0.5127272727272727	0.507177033492823	0.5048076923076923	0.5048076923076923	0.5077452915279613	0.5107657377625213	0.5058182718494677	0.5079365079365079	1.0	0.5138705416116248	0.5095057034220533	0.5152941176470588	0.5377049180327869	0.5066298342541437	0.5304347826086956	0.5125348189415041	0.5022200424836705	0.5080906148867314	0.5023923444976076	0.554655870445344
sh	0.5008726003490401	0.5076221378719236	0.5010972933430871	0.5034722222222222	0.5181623173752187	0.5125837194719731	0.5066445182724253	0.5074508511593313	0.5193696705342177	0.5176410293956144	0.5108514190317196	0.506872852233677	0.5264981361257502	0.5426716414932461	0.5200583404741095	0.5185053199613093	0.5155051748359906	0.5153407689211472	0.5017361111111112	0.5017421602787456	0.5017421602787456	0.5266759619710241	0.5239238802168613	0.5208207938245785	0.5287432427169186	0.5138705416116248	1.0	0.5039145907473309	0.5289177285411694	0.5185109918353197	0.5247158009031647	0.504713560551124	0.5611398423260205	0.5073399094116883	0.5201692376839722	0.5008695652173913	0.5128205128205129
si	0.5161290322580645	0.503562945368171	0.5	0.5270270270270271	0.5049382716049383	0.5015479876160991	0.52	0.5009383360837925	0.5018151354370288	0.5017757966669317	0.515527950310559	0.5154639175257733	0.5088967971530249	0.5047454702329595	0.501971892867074	0.5138121546961326	0.5172413793103449	0.5132075471698113	0.5205479452054794	0.5180722891566265	0.515625	0.5023783388218075	0.5018419975440033	0.5020792902689215	0.505859375	0.5095057034220533	0.5039145907473309	1.0	0.5069602495600811	0.506514657980456	0.5035515891240073	0.525	0.5041322314049587	0.500607358035401	0.5142857142857143	0.5151515151515151	0.5149700598802396
simple	0.5021459227467812	0.529497268307353	0.5021102396435234	0.5042016806722689	0.5162928860530024	0.5075839370629015	0.5113636363636364	0.5027637580272797	0.5107292711453232	0.5085678946710334	0.5151515151515151	0.51440329218107	0.5193110167466314	0.5332849560068688	0.5112752029078815	0.5219945692421625	0.5294015006107137	0.5362328362131266	0.5042372881355932	0.5042735042735043	0.5042735042735043	0.5141094558340646	0.5149521141442439	0.5124494677736826	0.5240714426110128	0.5152941176470588	0.5289177285411694	0.5069602495600811	1.0	0.5368256702918057	0.5228561117657096	0.5067415730337078	0.5370835305496676	0.5025472497423532	0.528242786010845	0.5042735042735043	0.5190311418685121
sr	0.5040650406504065	0.5060240963855421	0.5021818912158338	0.5158730158730159	0.5052949943885054	0.5039923149665335	0.5333333333333333	0.5017677325006619	0.5046835732236692	0.5042366005982175	0.5364238410596026	0.5223880597014925	0.5213414634146342	0.5193793428335886	0.5056878851705647	0.5275080906148868	0.5369458128078818	0.518324607329843	0.5079365079365079	0.5080645161290323	0.5080645161290323	0.5060767436596127	0.5096324994546517	0.5066843049101568	0.5106815869786369	0.5377049180327869	0.5185109918353197	0.506514657980456	0.5368256702918057	1.0	0.5074963046385584	0.511986301369863	0.5141955835962145	0.5011452525153018	0.5103189493433397	0.504	0.5491329479768786
sv	0.5003069367710251	0.5073534691571964	0.5007518796992482	0.5012254901960784	0.5455105012181569	0.5223834991697872	0.5030193236714976	0.5134031552378091	0.533077174188565	0.523353753960558	0.503015681544029	0.5021354484441732	0.5043668122270742	0.531057311835467	0.5246656098027926	0.5055187637969095	0.5076560659599529	0.5101365154055311	0.5006127450980392	0.5006134969325153	0.5006134969325153	0.5341507155592972	0.5290852627555268	0.5338747684745947	0.5319707536722915	0.5066298342541437	0.5247158009031647	0.5035515891240073	0.5228561117657096	0.5074963046385584	1.0	0.5034895314057827	0.5377365032834537	0.5185204270015015	0.5159157178561511	0.5008667703319024	0.5050625372245384
te	0.7407407407407407	0.5076142131979695	0.5135135135135135	0.782608695652174	0.5070242656449553	0.5016770483948251	0.7843137254901962	0.5003853861569293	0.5021097046413502	0.5014613778705637	0.7675675675675675	0.8085106382978723	0.5137254901960784	0.5057369814651368	0.5014321176245943	0.7534883720930232	0.782608695652174	0.5188284518828452	0.787878787878788	0.7848101265822784	0.7924528301886793	0.5025849335302807	0.5028997514498758	0.502093217973765	0.5092783505154639	0.5304347826086956	0.504713560551124	0.525	0.5067415730337078	0.511986301369863	0.5034895314057827	1.0	0.5060975609756098	0.5002617161601005	0.5333333333333333	0.5238095238095238	0.7708333333333333
tr	0.5009416195856874	0.5131991363098141	0.5012406947890818	0.5037453183520599	0.5164626257718621	0.5132106277901173	0.5080500894454383	0.506784050312694	0.5236121841295167	0.516696187267612	0.5089285714285715	0.5064695009242144	0.5136986301369862	0.5442762737583858	0.5208410193116493	0.5148009855265855	0.5139573070607553	0.525689974307263	0.50187265917603	0.5018796992481203	0.5018796992481203	0.5198317934236881	0.524872977132664	0.5272946615375654	0.5378606766685532	0.5125348189415041	0.5611398423260205	0.5041322314049587	0.5370835305496676	0.5141955835962145	0.5377365032834537	0.5060975609756098	1.0	0.5057467592276583	0.5449839046892112	0.5018796992481203	0.5128644939965694
union	0.5000138247573755	0.5004950132688052	0.5000884013466641	0.5000552944429085	0.5220322720871433	0.5652638695656732	0.500262539726406	0.7922835150008914	0.551666453120118	0.5601743119180072	0.5002763499696015	0.500124395300622	0.5024201285496993	0.5094397323702591	0.5505292013551372	0.5018954215524174	0.50081063723266	0.5007539011083748	0.5000414719787664	0.5000276487502765	0.5000276487502765	0.527991966926505	0.520758547907889	0.5455478561637686	0.5094466509331858	0.5022200424836705	0.5073399094116883	0.500607358035401	0.5025472497423532	0.5011452525153018	0.5185204270015015	0.5002617161601005	0.5057467592276583	1.0	0.5043886076283626	0.500035027570968	0.5004696132596685
vi	0.5011820330969268	0.5156720382503984	0.5059523809523809	0.5023364485981309	0.5161732150187379	0.5107850695348619	0.5066079295154186	0.5049139847095195	0.521330009343874	0.5140489798582103	0.509933774834437	0.5069124423963134	0.5071090047393365	0.5179677933706653	0.5167877575502241	0.511437908496732	0.5098425196850394	0.5343496558066944	0.5023474178403756	0.5023584905660378	0.5023584905660378	0.51899889052256	0.5174391667058966	0.5266343157296763	0.5834292729504842	0.5080906148867314	0.5201692376839722	0.5142857142857143	0.528242786010845	0.5103189493433397	0.5159157178561511	0.5333333333333333	0.5449839046892112	0.5043886076283626	1.0	0.5011764705882353	0.5093555093555093
war	0.5	0.5	0.5238095238095238	0.5	0.5005370569280344	0.5001778093883357	0.5121951219512195	0.5000470278404816	0.5001163061177017	0.5002729560616118	0.5116279069767442	0.5	0.5045045045045045	0.501726041237885	0.5003537772888648	0.5024154589371981	0.5050505050505051	0.5128205128205129	0.5	0.5	0.5714285714285714	0.5001986491855384	0.5002701242571583	0.5002575991756827	0.501131221719457	0.5023923444976076	0.5008695652173913	0.5151515151515151	0.5042735042735043	0.504	0.5008667703319024	0.5238095238095238	0.5018796992481203	0.500035027570968	0.5011764705882353	1.0	0.5
zh	0.6796116504854368	0.5089285714285715	0.504	0.7169811320754716	0.5036572622779519	0.502206531332745	0.7737226277372262	0.5007042253521127	0.5031127507493659	0.5026093938177438	0.7941176470588235	0.7747747747747747	0.51985559566787	0.5106888361045131	0.5037804536544385	0.5573770491803278	0.5857142857142857	0.5217391304347826	0.6915887850467289	0.6923076923076923	0.6792452830188679	0.5040999609527528	0.5055408970976254	0.5031863369869998	0.5063965884861408	0.554655870445344	0.5128205128205129	0.5149700598802396	0.5190311418685121	0.5491329479768786	0.5050625372245384	0.7708333333333333	0.5128644939965694	0.5004696132596685	0.5093555093555093	0.5	1.0
