arz	bs	ceb	ckb	da	de	el	en	es	fr	he	hi	hu	id	it	ja	ko	lv	mk	ml	mr	nl	pl	pt	ro	ru	sh	si	simple	sr	sv	te	tr	vi	war	zh
arz	1.0	1.0	0.0	1.0	1.0	0.6571702826516209	1.0	0.3673996824389238	0.6986207143761328	1.0	1.0	1.0	1.0	0.7584325078215763	0.4052021268088596	1.0	1.0	1.0	1.0	1.0	1.0	0.7502477598910112	0.7584325078215763	0.7797632429953583	1.0	1.0	0.43908942179076316	1.0	1.0	1.0	0.8252244849082945	1.0	0.4493075654568811	0.7584325078215763	1.0	1.0
bs	1.0	1.0	0.8216064286890065	1.0	0.5324925067292174	0.5608510784822761	1.0	0.5311173615295505	0.6110362530964897	0.5192173026095717	1.0	1.0	0.631858363042623	0.531534723275342	0.5297161079104499	0.7300208629885034	0.7300208629885034	0.588143799837549	1.0	1.0	1.0	0.5193206769878954	0.5738264468415922	0.5340315425799798	0.5534099273695594	0.7322034805959264	0.6339897440331204	0.7863954451402115	0.5318521011450595	0.6238354291759295	0.5730271051058038	1.0	0.5348399920096505	0.6822653464051219	1.0	0.7300208629885034
ceb	0.0	0.8216064286890065	1.0	1.0	0.8071020582193144	0.8216064286890065	1.0	0.755106410017699	1.0	0.8216064286890065	1.0	1.0	0.8755395908437883	0.8071020582193144	0.8071020582193144	1.0	1.0	0.7776289012712984	0.0	1.0	0.0	0.8649868022703433	0.8071020582193144	0.8755395908437883	0.8216064286890065	0.0	0.8755395908437883	0.0	0.8071020582193144	1.0	0.8755395908437883	1.0	0.8216064286890065	0.8216064286890065	1.0	1.0
ckb	1.0	1.0	1.0	1.0	1.0	0.5207762845566957	1.0	0.29471333605553524	0.5354777535177038	0.5443747402743273	1.0	1.0	0.7376607345031153	0.6407969002629061	0.4234903823800342	1.0	1.0	0.37155996140726755	1.0	1.0	1.0	0.42068618487113396	0.6187498656830154	0.6617062004684856	0.6740515375688697	1.0	0.363433713229817	1.0	0.7347168825662658	0.760480666461561	0.35617214868174357	1.0	0.4053700319872855	0.7347168825662656	1.0	1.0
da	1.0	0.5324925067292174	0.8071020582193144	1.0	1.0	0.3594642108674256	0.7763354016084122	0.33326479648215657	0.38783685472561735	0.3725308817164614	0.287293409483347	1.0	0.4792796135254304	0.3826354190812336	0.3704691303249812	0.28513787639592786	0.2921425695521525	0.49997513786986636	1.0	0.3500151006573172	1.0	0.31883916310646687	0.37665731870636343	0.3729945687235151	0.4627168920683611	0.2923552650793738	0.3827091583927789	0.6908587525207898	0.4173318499586449	0.41798226046792697	0.3622897740928247	1.0	0.40326748939676677	0.43324147079764314	0.6988936660416596	0.2924344042564196
de	0.6571702826516209	0.5608510784822761	0.8216064286890065	0.5207762845566957	0.3594642108674256	1.0	0.3631654571310358	0.2687437830346227	0.2876118565872071	0.28547948152234986	0.20887192917666844	0.36466638686446023	0.47761055398315694	0.3089228589095483	0.285002735329766	0.19498346667385566	0.2099192808241473	0.47389265760205557	0.30274553978466556	0.5484582554956801	0.6242959540110129	0.29983127503936796	0.3290049784095605	0.27366776261722936	0.3684390373716449	0.2390464344608983	0.3488547043837805	0.6071057251400621	0.3700920579944023	0.32865155181523914	0.3104636162258216	0.5898718249973065	0.35211683969409424	0.34511546837257207	0.7531978310443476	0.19474575444282805
el	1.0	1.0	1.0	1.0	0.7763354016084122	0.3631654571310358	1.0	0.23435192680180986	0.33826307333324046	0.35365113717449403	1.0	1.0	1.0	0.569415084848404	0.29633632609778576	1.0	1.0	0.34689468995350387	1.0	1.0	1.0	0.3066279680096073	0.31773931373333686	0.37262344594520347	0.6568318202362041	1.0	0.3344498384295681	1.0	1.0	0.8897875695571345	0.3226186744544365	1.0	0.384493358546604	0.7248485669756152	1.0	1.0
en	0.3673996824389238	0.5311173615295505	0.755106410017699	0.29471333605553524	0.33326479648215657	0.2687437830346227	0.23435192680180986	1.0	0.25189838642980245	0.2587996635596124	0.17448494823805372	0.20741500452933884	0.47557729056542386	0.30586006750143274	0.26121752898539236	0.1440846088291463	0.18470386053841387	0.4214014507498495	0.3221320678610152	0.27582964928676695	0.45683865317816963	0.26341937056619724	0.26660735020109955	0.27005500786445696	0.34205409606146625	0.17366166547242576	0.35519417221454164	0.6876466112072039	0.32599474601824513	0.31189465605167094	0.294312644953476	0.3217750165695594	0.3622524419139421	0.32092529474047393	0.5029717592029936	0.16489793483342363
es	0.6986207143761328	0.6110362530964897	1.0	0.5354777535177038	0.38783685472561735	0.2876118565872071	0.33826307333324046	0.25189838642980245	1.0	0.2740374409785729	0.2591196715387347	0.322831610088586	0.44295951275766926	0.3196357854703855	0.26971649016090476	0.2291967932516004	0.2402572370703002	0.4420245594862184	0.37688416266977676	0.5985257566694404	0.6017042778610188	0.2863077497947602	0.30427991187241876	0.28296019644958265	0.38381212734805353	0.23470592493767725	0.35956849108802785	0.6124591139007003	0.35905586447959065	0.33333579431464233	0.31600735739522917	0.3817762699297954	0.38920917126205984	0.39997146859991356	0.6554267335276814	0.2242361067353159
fr	1.0	0.5192173026095717	0.8216064286890065	0.5443747402743273	0.3725308817164614	0.28547948152234986	0.35365113717449403	0.2587996635596124	0.2740374409785729	1.0	0.2823670039657997	0.44714949078942856	0.5349340434317229	0.33856838635070613	0.28854899780578097	0.24418373092731036	0.30686145029599105	0.5103166967189287	0.5116415727044022	0.6594271632761146	0.7303759657612486	0.27191204485239684	0.2976684879993652	0.2960828780692074	0.47947163680321536	0.27791984371902495	0.38117229031628497	0.7338171500113091	0.34599022776878063	0.3648171119880247	0.32294422291451425	0.5866945490545998	0.39658694917246695	0.43220521137424434	0.7741947457519779	0.31538609089997677
he	1.0	1.0	1.0	1.0	0.287293409483347	0.20887192917666844	1.0	0.17448494823805372	0.2591196715387347	0.2823670039657997	1.0	1.0	0.7001224942931741	0.2552063751174822	0.16712875778492126	1.0	1.0	0.6549329476340925	1.0	1.0	1.0	0.2403840917060421	0.27939466091288456	0.2934369955025464	0.6024121817672691	1.0	0.2726218580798304	1.0	0.3578618818271958	0.7467141350586571	0.24772880669780092	1.0	0.27330056957285664	0.7122412578101114	1.0	1.0
hi	1.0	1.0	1.0	1.0	1.0	0.36466638686446023	1.0	0.20741500452933884	0.322831610088586	0.44714949078942856	1.0	1.0	0.8255467497598439	0.4849713116545305	0.2950659446845466	1.0	1.0	1.0	1.0	1.0	1.0	0.46269072872945016	0.525360462861878	0.29327929328073765	1.0	1.0	0.3413348324361084	1.0	1.0	0.8813771617358613	0.3192355589755535	1.0	0.30755590926040105	1.0	1.0	1.0
hu	1.0	0.631858363042623	0.8755395908437883	0.7376607345031153	0.4792796135254304	0.47761055398315694	1.0	0.47557729056542386	0.44295951275766926	0.5349340434317229	0.7001224942931741	0.8255467497598439	1.0	0.4395478281170266	0.42828740502824203	0.6983834110665399	0.7043049526520084	0.5408213583654699	0.7455134344225701	0.7411828468492556	1.0	0.41162610190422466	0.4796569513482361	0.5756598574031249	0.6072499479697652	0.7105373687130567	0.5182863788798261	1.0	0.43913419741330906	0.5954646864104756	0.4966067236757139	1.0	0.4942665608551351	0.6626292531205206	0.6372769678336848	0.7193005183252227
id	0.7584325078215763	0.531534723275342	0.8071020582193144	0.6407969002629061	0.3826354190812336	0.3089228589095483	0.569415084848404	0.30586006750143274	0.3196357854703855	0.33856838635070613	0.2552063751174822	0.4849713116545305	0.4395478281170266	1.0	0.298438225116713	0.22627573050039732	0.2610653827133357	0.507124434018486	0.661032178311999	0.3353766546219004	0.6877106282529575	0.2820554716543368	0.3079217899461102	0.29646539017441875	0.4131009064727993	0.25660557695812997	0.3387171128328415	0.6628256070757617	0.37946722007412437	0.35473040013797724	0.3249089585587287	0.585303280006689	0.3877218924654303	0.3742928517905392	0.6575020951092649	0.22741348397717379
it	0.4052021268088596	0.5297161079104499	0.8071020582193144	0.4234903823800342	0.3704691303249812	0.285002735329766	0.29633632609778576	0.26121752898539236	0.26971649016090476	0.28854899780578097	0.16712875778492126	0.2950659446845466	0.42828740502824203	0.298438225116713	1.0	0.18391126776095895	0.18002739616376298	0.43771636173429457	0.4573274051105062	0.24289441833376224	0.7130929932834501	0.28313436264944064	0.2840451862272051	0.25625494214373606	0.3692309668780476	0.15289693890910627	0.3369529739149901	0.6234259749018124	0.3666756590509831	0.300411515059937	0.30980646042667204	0.3475283485843676	0.36988803315264507	0.3250754895821183	0.3859811044641793	0.1975987635921129
ja	1.0	0.7300208629885034	1.0	1.0	0.28513787639592786	0.19498346667385566	1.0	0.1440846088291463	0.2291967932516004	0.24418373092731036	1.0	1.0	0.6983834110665399	0.22627573050039732	0.18391126776095895	1.0	1.0	0.6568318202362041	1.0	1.0	1.0	0.21836949431381994	0.2494981250505595	0.2109216742111013	0.569117085385389	0.4917146031201968	0.283694706911008	1.0	0.5040740425640714	0.7292744030061028	0.2344012556757516	1.0	0.2930205373320424	0.7116768074483948	1.0	1.0
ko	1.0	0.7300208629885034	1.0	1.0	0.2921425695521525	0.2099192808241473	1.0	0.18470386053841387	0.2402572370703002	0.30686145029599105	1.0	1.0	0.7043049526520084	0.2610653827133357	0.18002739616376298	1.0	1.0	0.6589257440209709	1.0	1.0	1.0	0.2417826028991148	0.26234597650059616	0.30579453598747885	0.6463474082678704	1.0	0.2927873622465524	1.0	0.3615364510383478	0.7530282647195027	0.2433413967223371	1.0	0.2965461697496139	0.7116768074483948	1.0	1.0
lv	1.0	0.588143799837549	0.7776289012712984	0.37155996140726755	0.49997513786986636	0.47389265760205557	0.34689468995350387	0.4214014507498495	0.4420245594862184	0.5103166967189287	0.6549329476340925	1.0	0.5408213583654699	0.507124434018486	0.43771636173429457	0.6568318202362041	0.6589257440209709	1.0	1.0	0.6740515375688696	0.7690990303325336	0.40255369815115016	0.47236987074212267	0.486236437975829	0.5450675774863946	0.4504304287332634	0.48657571492289087	0.559948473645317	0.4402536076505697	0.532804675803935	0.47235855851503544	0.7376607345031153	0.5328933412280056	0.4624433618623489	0.8836244450751305	0.6568318202362041
mk	1.0	1.0	0.0	1.0	1.0	0.30274553978466556	1.0	0.3221320678610152	0.37688416266977676	0.5116415727044022	1.0	1.0	0.7455134344225701	0.661032178311999	0.4573274051105062	1.0	1.0	1.0	1.0	1.0	1.0	0.37631324106021435	0.5895656374651357	0.5111667632535591	0.7411828468492556	1.0	0.4014611007229165	1.0	1.0	1.0	0.4027278147937851	1.0	1.0	1.0	1.0	1.0
ml	1.0	1.0	1.0	1.0	0.3500151006573172	0.5484582554956801	1.0	0.27582964928676695	0.5985257566694404	0.6594271632761146	1.0	1.0	0.7411828468492556	0.3353766546219004	0.24289441833376224	1.0	1.0	0.6740515375688696	1.0	1.0	1.0	0.39889462650381674	0.35697352140696903	0.6074589559853609	0.7248485669756152	1.0	0.3462535078983944	1.0	0.5932479311706252	0.7971447009989381	0.4247195243677269	1.0	0.38919876360042976	0.7300208629885034	1.0	1.0
mr	1.0	1.0	0.0	1.0	1.0	0.6242959540110129	1.0	0.45683865317816963	0.6017042778610188	0.7303759657612486	1.0	1.0	1.0	0.6877106282529575	0.7130929932834501	1.0	1.0	0.7690990303325336	1.0	1.0	1.0	0.7176749122208205	0.42765435478013236	0.5958730915694114	1.0	1.0	0.6924818056985216	1.0	1.0	0.8944468233865094	0.7510341748895938	1.0	1.0	1.0	1.0	1.0
nl	0.7502477598910112	0.5193206769878954	0.8649868022703433	0.42068618487113396	0.31883916310646687	0.29983127503936796	0.3066279680096073	0.26341937056619724	0.2863077497947602	0.27191204485239684	0.2403840917060421	0.46269072872945016	0.41162610190422466	0.2820554716543368	0.28313436264944064	0.21836949431381994	0.2417826028991148	0.40255369815115016	0.37631324106021435	0.39889462650381674	0.7176749122208205	1.0	0.32332082923183575	0.26988686875263523	0.3252536807859962	0.22858501797812106	0.31246191516693794	0.6257240785750802	0.3125003928327462	0.29507995060555214	0.2870822049162343	0.2983203664315216	0.33527835499239	0.3167515181971825	0.5597115609499974	0.21502727346620243
pl	0.7584325078215763	0.5738264468415922	0.8071020582193144	0.6187498656830154	0.37665731870636343	0.3290049784095605	0.31773931373333686	0.26660735020109955	0.30427991187241876	0.2976684879993652	0.27939466091288456	0.525360462861878	0.4796569513482361	0.3079217899461102	0.2840451862272051	0.2494981250505595	0.26234597650059616	0.47236987074212267	0.5895656374651357	0.35697352140696903	0.42765435478013236	0.32332082923183575	1.0	0.2953203029983983	0.3520072067740411	0.2422346709819474	0.3428830394129925	0.6538836485984504	0.3830386891421065	0.33075566133641354	0.3279457766262026	0.3466239803047478	0.38998746145019847	0.3610120970566097	0.6743202287441529	0.23772960806270252
pt	0.7797632429953583	0.5340315425799798	0.8755395908437883	0.6617062004684856	0.3729945687235151	0.27366776261722936	0.37262344594520347	0.27005500786445696	0.28296019644958265	0.2960828780692074	0.2934369955025464	0.29327929328073765	0.5756598574031249	0.29646539017441875	0.25625494214373606	0.2109216742111013	0.30579453598747885	0.486236437975829	0.5111667632535591	0.6074589559853609	0.5958730915694114	0.26988686875263523	0.2953203029983983	1.0	0.40854885035334093	0.25059621879421723	0.3662344383397113	0.7226559403946391	0.3374616777881494	0.37504815032296296	0.3001106988123829	0.491368795158651	0.3767790808436591	0.42436732098548224	0.564371184402669	0.2617843786477799
ro	1.0	0.5534099273695594	0.8216064286890065	0.6740515375688697	0.4627168920683611	0.3684390373716449	0.6568318202362041	0.34205409606146625	0.38381212734805353	0.47947163680321536	0.6024121817672691	1.0	0.6072499479697652	0.4131009064727993	0.3692309668780476	0.569117085385389	0.6463474082678704	0.5450675774863946	0.7411828468492556	0.7248485669756152	1.0	0.3252536807859962	0.3520072067740411	0.40854885035334093	1.0	0.5719241620521028	0.38335421269396425	0.7106922308883378	0.4080116942921238	0.452089874246014	0.45729942374045945	1.0	0.4919833676927023	0.4976320257484168	0.6372769678336848	0.5704766118219915
ru	1.0	0.7322034805959264	0.0	1.0	0.2923552650793738	0.2390464344608983	1.0	0.17366166547242576	0.23470592493767725	0.27791984371902495	1.0	1.0	0.7105373687130567	0.25660557695812997	0.15289693890910627	0.4917146031201968	1.0	0.4504304287332634	1.0	1.0	1.0	0.22858501797812106	0.2422346709819474	0.25059621879421723	0.5719241620521028	1.0	0.28313823574193747	1.0	0.3578256613970491	0.6653498995238042	0.3421888288154073	1.0	0.4429274908954679	0.7116768074483946	1.0	1.0
sh	0.43908942179076316	0.6339897440331204	0.8755395908437883	0.363433713229817	0.3827091583927789	0.3488547043837805	0.3344498384295681	0.35519417221454164	0.35956849108802785	0.38117229031628497	0.2726218580798304	0.3413348324361084	0.5182863788798261	0.3387171128328415	0.3369529739149901	0.283694706911008	0.2927873622465524	0.48657571492289087	0.4014611007229165	0.3462535078983944	0.6924818056985216	0.31246191516693794	0.3428830394129925	0.3662344383397113	0.38335421269396425	0.28313823574193747	1.0	0.7339059589781544	0.3843846958106453	0.4659707836486192	0.3683868741480037	0.3552087929270788	0.39728810301852613	0.43067237993008495	0.7359925264284642	0.2821218847969449
si	1.0	0.7863954451402115	0.0	1.0	0.6908587525207898	0.6071057251400621	1.0	0.6876466112072039	0.6124591139007003	0.7338171500113091	1.0	1.0	1.0	0.6628256070757617	0.6234259749018124	1.0	1.0	0.559948473645317	1.0	1.0	1.0	0.6257240785750802	0.6538836485984504	0.7226559403946391	0.7106922308883378	1.0	0.7339059589781544	1.0	0.6291758487828951	0.7736127515873525	0.78890986816222	1.0	0.7455134344225701	0.8695669956030054	1.0	1.0
simple	1.0	0.5318521011450595	0.8071020582193144	0.7347168825662658	0.4173318499586449	0.3700920579944023	1.0	0.32599474601824513	0.35905586447959065	0.34599022776878063	0.3578618818271958	1.0	0.43913419741330906	0.37946722007412437	0.3666756590509831	0.5040740425640714	0.3615364510383478	0.4402536076505697	1.0	0.5932479311706252	1.0	0.3125003928327462	0.3830386891421065	0.3374616777881494	0.4080116942921238	0.3578256613970491	0.3843846958106453	0.6291758487828951	1.0	0.36385882524692087	0.3619620429288045	1.0	0.3939208473057588	0.31693424020662	0.8426358608064489	0.3615364510383477
sr	1.0	0.6238354291759295	1.0	0.760480666461561	0.41798226046792697	0.32865155181523914	0.8897875695571345	0.31189465605167094	0.33333579431464233	0.3648171119880247	0.7467141350586571	0.8813771617358613	0.5954646864104756	0.35473040013797724	0.300411515059937	0.7292744030061028	0.7530282647195027	0.532804675803935	1.0	0.7971447009989381	0.8944468233865094	0.29507995060555214	0.33075566133641354	0.37504815032296296	0.452089874246014	0.6653498995238042	0.4659707836486192	0.7736127515873525	0.36385882524692087	1.0	0.3778256406415792	0.9247564343615092	0.4508640445015345	0.6230103594068794	0.7690990303325336	0.7525891286164406
sv	0.8252244849082945	0.5730271051058038	0.8755395908437883	0.35617214868174357	0.3622897740928247	0.3104636162258216	0.3226186744544365	0.294312644953476	0.31600735739522917	0.32294422291451425	0.24772880669780092	0.3192355589755535	0.4966067236757139	0.3249089585587287	0.30980646042667204	0.2344012556757516	0.2433413967223371	0.47235855851503544	0.4027278147937851	0.4247195243677269	0.7510341748895938	0.2870822049162343	0.3279457766262026	0.3001106988123829	0.45729942374045945	0.3421888288154073	0.3683868741480037	0.78890986816222	0.3619620429288045	0.3778256406415792	1.0	0.7263875964832448	0.38075344251984944	0.4103875020751214	0.5769230999294742	0.3970671281562528
te	1.0	1.0	1.0	1.0	1.0	0.5898718249973065	1.0	0.3217750165695594	0.3817762699297954	0.5866945490545998	1.0	1.0	1.0	0.585303280006689	0.3475283485843676	1.0	1.0	0.7376607345031153	1.0	1.0	1.0	0.2983203664315216	0.3466239803047478	0.491368795158651	1.0	1.0	0.3552087929270788	1.0	1.0	0.9247564343615092	0.7263875964832448	1.0	1.0	1.0	1.0	1.0
tr	0.4493075654568811	0.5348399920096505	0.8216064286890065	0.4053700319872855	0.40326748939676677	0.35211683969409424	0.384493358546604	0.3622524419139421	0.38920917126205984	0.39658694917246695	0.27330056957285664	0.30755590926040105	0.4942665608551351	0.3877218924654303	0.36988803315264507	0.2930205373320424	0.2965461697496139	0.5328933412280056	1.0	0.38919876360042976	1.0	0.33527835499239	0.38998746145019847	0.3767790808436591	0.4919833676927023	0.4429274908954679	0.39728810301852613	0.7455134344225701	0.3939208473057588	0.4508640445015345	0.38075344251984944	1.0	1.0	0.43102518142209423	0.40674552712578244	0.3682440696225784
vi	0.7584325078215763	0.6822653464051219	0.8216064286890065	0.7347168825662656	0.43324147079764314	0.34511546837257207	0.7248485669756152	0.32092529474047393	0.39997146859991356	0.43220521137424434	0.7122412578101114	1.0	0.6626292531205206	0.3742928517905392	0.3250754895821183	0.7116768074483948	0.7116768074483948	0.4624433618623489	1.0	0.7300208629885034	1.0	0.3167515181971825	0.3610120970566097	0.42436732098548224	0.4976320257484168	0.7116768074483946	0.43067237993008495	0.8695669956030054	0.31693424020662	0.6230103594068794	0.4103875020751214	1.0	0.43102518142209423	1.0	0.6610259528827322	0.7101264857596846
war	1.0	1.0	1.0	1.0	0.6988936660416596	0.7531978310443476	1.0	0.5029717592029936	0.6554267335276814	0.7741947457519779	1.0	1.0	0.6372769678336848	0.6575020951092649	0.3859811044641793	1.0	1.0	0.8836244450751305	1.0	1.0	1.0	0.5597115609499974	0.6743202287441529	0.564371184402669	0.6372769678336848	1.0	0.7359925264284642	1.0	0.8426358608064489	0.7690990303325336	0.5769230999294742	1.0	0.40674552712578244	0.6610259528827322	1.0	1.0
zh	1.0	0.7300208629885034	1.0	1.0	0.2924344042564196	0.19474575444282805	1.0	0.16489793483342363	0.2242361067353159	0.31538609089997677	1.0	1.0	0.7193005183252227	0.22741348397717379	0.1975987635921129	1.0	1.0	0.6568318202362041	1.0	1.0	1.0	0.21502727346620243	0.23772960806270252	0.2617843786477799	0.5704766118219915	1.0	0.2821218847969449	1.0	0.3615364510383477	0.7525891286164406	0.3970671281562528	1.0	0.3682440696225784	0.7101264857596846	1.0	1.0
