arz	bs	ceb	ckb	da	de	el	en	es	fr	he	hi	hu	id	it	ja	ko	lv	mk	ml	mr	nl	pl	pt	ro	ru	sh	si	simple	sr	sv	te	tr	vi	war	zh
arz	1.0	0.0	0.0	0.0	1.0	1.0	1.0	1.0	1.0	1.0	1.0	1.0	1.0	1.0	1.0	1.0	1.0	1.0	0.0	1.0	0.0	1.0	1.0	1.0	1.0	1.0	1.0	0.0	1.0	1.0	1.0	0.0	1.0	1.0	0.0	1.0
bs	0.0	1.0	1.0	1.0	0.1197824382707459	0.08020541128253315	0.38742588672279304	0.053600515787271576	0.07528974414873428	0.07273899208145984	0.26533119314590375	1.0	0.11397597334237017	0.09132140720501017	0.11072738900951976	0.16952084719853724	0.44948974278317805	0.3797958971132712	1.0	0.585786437626905	1.0	0.08062107689705161	0.0972429975279461	0.08171710873459391	0.09975449301534242	0.17050763999009447	0.10494937338880649	1.0	0.19074356983054616	0.1975496259559987	0.08411403514070806	0.0	0.12081759886534417	0.20342651452257512	1.0	0.18030816435569247
ceb	0.0	1.0	1.0	0.0	1.0	0.585786437626905	1.0	0.585786437626905	1.0	1.0	1.0	1.0	1.0	0.585786437626905	0.585786437626905	0.585786437626905	0.585786437626905	0.0	0.0	0.0	0.0	0.585786437626905	1.0	0.585786437626905	0.585786437626905	0.585786437626905	1.0	0.0	1.0	0.585786437626905	1.0	0.0	0.585786437626905	0.585786437626905	1.0	1.0
ckb	0.0	1.0	0.0	1.0	1.0	1.0	1.0	1.0	1.0	1.0	1.0	1.0	1.0	1.0	1.0	1.0	1.0	1.0	1.0	1.0	1.0	1.0	1.0	1.0	1.0	1.0	1.0	1.0	1.0	1.0	1.0	0.0	1.0	1.0	1.0	1.0
da	1.0	0.1197824382707459	1.0	1.0	1.0	0.0591086874083102	0.19964205972199697	0.03960949933619788	0.05735439521560058	0.06493896952004904	0.22655065010893882	0.5	0.12973865365679185	0.08158490647242861	0.05954538101701611	0.162232901101684	0.3660254037844386	0.44948974278317805	1.0	0.585786437626905	1.0	0.05952616627039785	0.08387671345757168	0.06782719986036871	0.12671020163537872	0.18309932547311206	0.13231996486433334	1.0	0.157765059127842	0.21712927295533244	0.07864209786524755	0.0	0.13792418089391398	0.23166247903554	0.5	0.3203772410170407
de	1.0	0.08020541128253315	0.585786437626905	1.0	0.0591086874083102	1.0	0.20704702797228716	0.0170001259133718	0.03019900963643839	0.030382064396585095	0.14884120037948162	0.4364916731037085	0.06719837724129074	0.03939548560888587	0.03266045002619723	0.11177744895170086	0.2612038749637414	0.3090169943749474	0.585786437626905	0.585786437626905	1.0	0.03229283860904192	0.04364346350605014	0.03316853919401154	0.06707036810813322	0.10548587126058998	0.07595362621161553	1.0	0.09627057087415102	0.1367720849714186	0.03792883391691294	1.0	0.07194135311359386	0.15688039332616827	0.44948974278317805	0.15851993113344157
el	1.0	0.38742588672279304	1.0	1.0	0.19964205972199697	0.20704702797228716	1.0	0.15739536181187758	0.1988488594287878	0.2204812092115424	1.0	1.0	0.3203772410170407	0.2393768796710974	0.23166247903554	0.38742588672279304	0.585786437626905	1.0	1.0	1.0	1.0	0.23612978615277552	0.27260811753326614	0.2402530733520421	0.2898979485566356	0.585786437626905	0.38742588672279304	1.0	0.3660254037844386	1.0	0.28172904669025317	0.0	0.27162625691340875	0.44948974278317805	1.0	0.38742588672279304
en	1.0	0.053600515787271576	0.585786437626905	1.0	0.03960949933619788	0.0170001259133718	0.15739536181187758	1.0	0.01603346236611248	0.014069816405057164	0.12069297005939066	0.32449979983983984	0.05257483686273406	0.02181143779500936	0.016306796719745158	0.054551064817701445	0.08753467034290853	0.28435085065624627	0.585786437626905	0.36602540378443865	1.0	0.018993424739053823	0.02712374305221905	0.016503204081984982	0.04234688495684226	0.0534834783863521	0.04232383765418659	1.0	0.0642183610560602	0.07528140677922161	0.022296918633017443	1.0	0.041857269257560094	0.07641032735678725	0.44948974278317805	0.07575672326714296
es	1.0	0.07528974414873428	1.0	1.0	0.05735439521560058	0.03019900963643839	0.1988488594287878	0.01603346236611248	1.0	0.028937875721936734	0.12127032397847241	0.585786437626905	0.0713297034322269	0.03827736980541596	0.028186017218938424	0.09072670640652364	0.16926152282700038	0.34833147735478825	1.0	1.0	1.0	0.037495473963892224	0.04479340438330234	0.030419836236590343	0.06335053395636286	0.09268745639576706	0.06019091278908696	1.0	0.07850660694888219	0.09680550967268593	0.037668220572381846	1.0	0.0671728175052829	0.12030666716215689	1.0	0.13924104711076027
fr	1.0	0.07273899208145984	1.0	1.0	0.06493896952004904	0.030382064396585095	0.2204812092115424	0.014069816405057164	0.028937875721936734	1.0	0.1827439976315568	0.585786437626905	0.08545586650166016	0.05061309143416054	0.030230592098310794	0.09311446926092776	0.1707918745072694	0.3090169943749474	1.0	0.585786437626905	1.0	0.034221123318742865	0.044437990550254096	0.03473073170571474	0.07002110631659783	0.11071366734858056	0.06813447213733126	1.0	0.09657969325936246	0.1205544676906923	0.04063734262342906	1.0	0.0734207661989338	0.15661302882623226	0.38742588672279304	0.16481500079560382
he	1.0	0.26533119314590375	1.0	1.0	0.22655065010893882	0.14884120037948162	1.0	0.12069297005939066	0.12127032397847241	0.1827439976315568	1.0	1.0	0.2898979485566356	0.21767351316475278	0.17100799366294794	0.29893508442482547	1.0	1.0	1.0	1.0	1.0	0.1632737047626589	0.20867003191851413	0.19754962595599868	0.28172904669025317	0.44948974278317805	0.2898979485566356	1.0	0.2898979485566356	0.5	0.22400923773979584	0.0	0.2158947587760132	0.38742588672279304	1.0	0.44948974278317805
hi	1.0	1.0	1.0	1.0	0.5	0.4364916731037085	1.0	0.32449979983983984	0.585786437626905	0.585786437626905	1.0	1.0	1.0	0.5	1.0	1.0	1.0	1.0	1.0	1.0	1.0	0.39564392373896007	0.585786437626905	0.585786437626905	1.0	1.0	1.0	1.0	1.0	1.0	0.585786437626905	1.0	0.585786437626905	1.0	1.0	1.0
hu	1.0	0.11397597334237017	1.0	1.0	0.12973865365679185	0.06719837724129074	0.3203772410170407	0.05257483686273406	0.0713297034322269	0.08545586650166016	0.2898979485566356	1.0	1.0	0.08696416925259867	0.08349162510502153	0.20342651452257512	0.3660254037844386	0.585786437626905	1.0	1.0	1.0	0.08438997144114119	0.08495938795016529	0.10642011292069647	0.11668381186011212	0.2017216476918174	0.1060115507917432	1.0	0.21712927295533244	0.22772999919644132	0.08518369500633827	0.0	0.11919044206528626	0.2898979485566356	0.44948974278317805	0.29893508442482547
id	1.0	0.09132140720501017	0.585786437626905	1.0	0.08158490647242861	0.03939548560888587	0.2393768796710974	0.02181143779500936	0.03827736980541596	0.05061309143416054	0.21767351316475278	0.5	0.08696416925259867	1.0	0.04728657306875224	0.11047386244575627	0.17151308576402147	0.44948974278317805	1.0	0.5	1.0	0.04925198823333727	0.06958504945525652	0.0427385691507295	0.08806866137951487	0.13385132428650665	0.07923044492490297	1.0	0.120405158755717	0.12188312655795243	0.056102255856406755	1.0	0.07365599153183586	0.137154890368794	0.4142135623730951	0.17797387640247572
it	1.0	0.11072738900951976	0.585786437626905	1.0	0.05954538101701611	0.03266045002619723	0.23166247903554	0.016306796719745158	0.028186017218938424	0.030230592098310794	0.17100799366294794	1.0	0.08349162510502153	0.04728657306875224	1.0	0.09808112192806023	0.1753415619451072	0.34833147735478825	1.0	1.0	1.0	0.037638920077607115	0.04487248680112285	0.030922548791242878	0.065108601434403	0.1010525900455052	0.07065362157972382	1.0	0.08949751194817465	0.13579648178933992	0.046853210880165135	1.0	0.0767592508244488	0.14201473202245873	0.4142135623730951	0.1725377965142145
ja	1.0	0.16952084719853724	0.585786437626905	1.0	0.162232901101684	0.11177744895170086	0.38742588672279304	0.054551064817701445	0.09072670640652364	0.09311446926092776	0.29893508442482547	1.0	0.20342651452257512	0.11047386244575627	0.09808112192806023	1.0	0.5	0.5	1.0	1.0	1.0	0.11583901397902903	0.17384265794361026	0.0922667946353601	0.2204812092115424	0.28172904669025317	0.2553967929896867	1.0	0.18090731123429268	0.3203772410170407	0.12629620012558687	1.0	0.19420315800526142	0.2402530733520421	0.44948974278317805	0.19754962595599868
ko	1.0	0.44948974278317805	0.585786437626905	1.0	0.3660254037844386	0.2612038749637414	0.585786437626905	0.08753467034290853	0.16926152282700038	0.1707918745072694	1.0	1.0	0.3660254037844386	0.17151308576402147	0.1753415619451072	0.5	1.0	1.0	1.0	1.0	1.0	0.27429188517743175	0.3278671468871132	0.15537014998760862	0.3333333333333333	0.585786437626905	0.38742588672279304	1.0	0.25	0.38742588672279304	0.24313314897665275	1.0	0.28172904669025317	0.44948974278317805	0.44948974278317805	1.0
lv	1.0	0.3797958971132712	0.0	1.0	0.44948974278317805	0.3090169943749474	1.0	0.28435085065624627	0.34833147735478825	0.3090169943749474	1.0	1.0	0.585786437626905	0.44948974278317805	0.34833147735478825	0.5	1.0	1.0	1.0	1.0	1.0	0.30382378171606417	0.3660254037844386	0.38742588672279304	0.44948974278317805	1.0	0.5	1.0	1.0	0.585786437626905	0.29893508442482547	0.0	1.0	0.585786437626905	1.0	0.585786437626905
mk	0.0	1.0	0.0	1.0	1.0	0.585786437626905	1.0	0.585786437626905	1.0	1.0	1.0	1.0	1.0	1.0	1.0	1.0	1.0	1.0	1.0	1.0	1.0	1.0	1.0	1.0	1.0	1.0	1.0	1.0	1.0	1.0	1.0	0.0	1.0	1.0	1.0	1.0
ml	1.0	0.585786437626905	0.0	1.0	0.585786437626905	0.585786437626905	1.0	0.36602540378443865	1.0	0.585786437626905	1.0	1.0	1.0	0.5	1.0	1.0	1.0	1.0	1.0	1.0	1.0	0.585786437626905	1.0	1.0	1.0	1.0	1.0	1.0	1.0	1.0	0.585786437626905	0.0	1.0	1.0	1.0	1.0
mr	0.0	1.0	0.0	1.0	1.0	1.0	1.0	1.0	1.0	1.0	1.0	1.0	1.0	1.0	1.0	1.0	1.0	1.0	1.0	1.0	1.0	1.0	1.0	1.0	1.0	1.0	1.0	1.0	1.0	1.0	1.0	0.0	1.0	1.0	1.0	1.0
nl	1.0	0.08062107689705161	0.585786437626905	1.0	0.05952616627039785	0.03229283860904192	0.23612978615277552	0.018993424739053823	0.037495473963892224	0.034221123318742865	0.1632737047626589	0.39564392373896007	0.08438997144114119	0.04925198823333727	0.037638920077607115	0.11583901397902903	0.27429188517743175	0.30382378171606417	1.0	0.585786437626905	1.0	1.0	0.04854003480094131	0.04030457878147095	0.07670931971349833	0.12897549941187006	0.07102836011042735	1.0	0.0983090357160872	0.14816129423842053	0.0453508917958007	1.0	0.0687430230021505	0.1437067406623157	0.44948974278317805	0.16703118364578126
pl	1.0	0.0972429975279461	1.0	1.0	0.08387671345757168	0.04364346350605014	0.27260811753326614	0.02712374305221905	0.04479340438330234	0.044437990550254096	0.20867003191851413	0.585786437626905	0.08495938795016529	0.06958504945525652	0.04487248680112285	0.17384265794361026	0.3278671468871132	0.3660254037844386	1.0	1.0	1.0	0.04854003480094131	1.0	0.047978375142707835	0.08796451339590478	0.14560446676694308	0.09075302692269126	1.0	0.14732056773523422	0.1741123948954683	0.0593528401888975	1.0	0.09538038839411662	0.23166247903554	1.0	0.23166247903554
pt	1.0	0.08171710873459391	0.585786437626905	1.0	0.06782719986036871	0.03316853919401154	0.2402530733520421	0.016503204081984982	0.030419836236590343	0.03473073170571474	0.19754962595599868	0.585786437626905	0.10642011292069647	0.0427385691507295	0.030922548791242878	0.0922667946353601	0.15537014998760862	0.38742588672279304	1.0	1.0	1.0	0.04030457878147095	0.047978375142707835	1.0	0.08160054897441918	0.09217300819893136	0.06656858899058728	1.0	0.09972341667868191	0.12329109131496016	0.049845927776456356	1.0	0.0704676644986874	0.1463924816619788	0.5	0.14060625702615964
ro	1.0	0.09975449301534242	0.585786437626905	1.0	0.12671020163537872	0.06707036810813322	0.2898979485566356	0.04234688495684226	0.06335053395636286	0.07002110631659783	0.28172904669025317	1.0	0.11668381186011212	0.08806866137951487	0.065108601434403	0.2204812092115424	0.3333333333333333	0.44948974278317805	1.0	1.0	1.0	0.07670931971349833	0.08796451339590478	0.08160054897441918	1.0	0.21393876913398133	0.10063875825515495	1.0	0.1951941016011038	0.20521309615767258	0.0837847419720069	1.0	0.1380262631157473	0.23166247903554	0.5	0.3333333333333333
ru	1.0	0.17050763999009447	0.585786437626905	1.0	0.18309932547311206	0.10548587126058998	0.585786437626905	0.0534834783863521	0.09268745639576706	0.11071366734858056	0.44948974278317805	1.0	0.2017216476918174	0.13385132428650665	0.1010525900455052	0.28172904669025317	0.585786437626905	1.0	1.0	1.0	1.0	0.12897549941187006	0.14560446676694308	0.09217300819893136	0.21393876913398133	1.0	0.17256427607126912	1.0	0.2204812092115424	0.25	0.12539880700234143	1.0	0.21276229364896787	0.29893508442482547	0.44948974278317805	0.3660254037844386
sh	1.0	0.10494937338880649	1.0	1.0	0.13231996486433334	0.07595362621161553	0.38742588672279304	0.04232383765418659	0.06019091278908696	0.06813447213733126	0.2898979485566356	1.0	0.1060115507917432	0.07923044492490297	0.07065362157972382	0.2553967929896867	0.38742588672279304	0.5	1.0	1.0	1.0	0.07102836011042735	0.09075302692269126	0.06656858899058728	0.10063875825515495	0.17256427607126912	1.0	1.0	0.1725377965142145	0.20714257462814425	0.07173519320367217	0.0	0.14285714285714285	0.3333333333333333	0.44948974278317805	0.2958163163244893
si	0.0	1.0	0.0	1.0	1.0	1.0	1.0	1.0	1.0	1.0	1.0	1.0	1.0	1.0	1.0	1.0	1.0	1.0	1.0	1.0	1.0	1.0	1.0	1.0	1.0	1.0	1.0	1.0	1.0	1.0	1.0	0.0	1.0	1.0	1.0	1.0
simple	1.0	0.19074356983054616	1.0	1.0	0.157765059127842	0.09627057087415102	0.3660254037844386	0.0642183610560602	0.07850660694888219	0.09657969325936246	0.2898979485566356	1.0	0.21712927295533244	0.120405158755717	0.08949751194817465	0.18090731123429268	0.25	1.0	1.0	1.0	1.0	0.0983090357160872	0.14732056773523422	0.09972341667868191	0.1951941016011038	0.2204812092115424	0.1725377965142145	1.0	1.0	0.2612038749637414	0.10889249183501122	0.0	0.1601526128622927	0.22772999919644132	0.44948974278317805	0.29893508442482547
sr	1.0	0.1975496259559987	0.585786437626905	1.0	0.21712927295533244	0.1367720849714186	1.0	0.07528140677922161	0.09680550967268593	0.1205544676906923	0.5	1.0	0.22772999919644132	0.12188312655795243	0.13579648178933992	0.3203772410170407	0.38742588672279304	0.585786437626905	1.0	1.0	1.0	0.14816129423842053	0.1741123948954683	0.12329109131496016	0.20521309615767258	0.25	0.20714257462814425	1.0	0.2612038749637414	1.0	0.15036280944673616	1.0	0.21393876913398133	0.3203772410170407	0.44948974278317805	0.585786437626905
sv	1.0	0.08411403514070806	1.0	1.0	0.07864209786524755	0.03792883391691294	0.28172904669025317	0.022296918633017443	0.037668220572381846	0.04063734262342906	0.22400923773979584	0.585786437626905	0.08518369500633827	0.056102255856406755	0.046853210880165135	0.12629620012558687	0.24313314897665275	0.29893508442482547	1.0	0.585786437626905	1.0	0.0453508917958007	0.0593528401888975	0.049845927776456356	0.0837847419720069	0.12539880700234143	0.07173519320367217	1.0	0.10889249183501122	0.15036280944673616	1.0	1.0	0.08137176955108234	0.17687990565320527	0.5	0.1839567457478093
te	0.0	0.0	0.0	0.0	0.0	1.0	0.0	1.0	1.0	1.0	0.0	1.0	0.0	1.0	1.0	1.0	1.0	0.0	0.0	0.0	0.0	1.0	1.0	1.0	1.0	1.0	0.0	0.0	0.0	1.0	1.0	1.0	1.0	0.0	0.0	1.0
tr	1.0	0.12081759886534417	0.585786437626905	1.0	0.13792418089391398	0.07194135311359386	0.27162625691340875	0.041857269257560094	0.0671728175052829	0.0734207661989338	0.2158947587760132	0.585786437626905	0.11919044206528626	0.07365599153183586	0.0767592508244488	0.19420315800526142	0.28172904669025317	1.0	1.0	1.0	1.0	0.0687430230021505	0.09538038839411662	0.0704676644986874	0.1380262631157473	0.21276229364896787	0.14285714285714285	1.0	0.1601526128622927	0.21393876913398133	0.08137176955108234	1.0	1.0	0.21712927295533244	0.585786437626905	0.22400923773979584
vi	1.0	0.20342651452257512	0.585786437626905	1.0	0.23166247903554	0.15688039332616827	0.44948974278317805	0.07641032735678725	0.12030666716215689	0.15661302882623226	0.38742588672279304	1.0	0.2898979485566356	0.137154890368794	0.14201473202245873	0.2402530733520421	0.44948974278317805	0.585786437626905	1.0	1.0	1.0	0.1437067406623157	0.23166247903554	0.1463924816619788	0.23166247903554	0.29893508442482547	0.3333333333333333	1.0	0.22772999919644132	0.3203772410170407	0.17687990565320527	0.0	0.21712927295533244	1.0	0.44948974278317805	0.19292728076790164
war	0.0	1.0	1.0	1.0	0.5	0.44948974278317805	1.0	0.44948974278317805	1.0	0.38742588672279304	1.0	1.0	0.44948974278317805	0.4142135623730951	0.4142135623730951	0.44948974278317805	0.44948974278317805	1.0	1.0	1.0	1.0	0.44948974278317805	1.0	0.5	0.5	0.44948974278317805	0.44948974278317805	1.0	0.44948974278317805	0.44948974278317805	0.5	0.0	0.585786437626905	0.44948974278317805	1.0	0.5
zh	1.0	0.18030816435569247	1.0	1.0	0.3203772410170407	0.15851993113344157	0.38742588672279304	0.07575672326714296	0.13924104711076027	0.16481500079560382	0.44948974278317805	1.0	0.29893508442482547	0.17797387640247572	0.1725377965142145	0.19754962595599868	1.0	0.585786437626905	1.0	1.0	1.0	0.16703118364578126	0.23166247903554	0.14060625702615964	0.3333333333333333	0.3660254037844386	0.2958163163244893	1.0	0.29893508442482547	0.585786437626905	0.1839567457478093	1.0	0.22400923773979584	0.19292728076790164	0.5	1.0
