arz	bs	ceb	ckb	da	de	el	en	es	fr	he	hi	hu	id	it	ja	ko	lv	mk	ml	mr	nl	pl	pt	ro	ru	sh	si	simple	sr	sv	te	tr	union	vi	war	zh
arz	3.0	3.0	0.0	0.0	0.0	3.0	3.0	3.0	3.0	3.0	3.0	0.0	3.0	3.0	3.0	3.0	3.0	1.0	3.0	0.0	0.0	3.0	3.0	3.0	0.0	3.0	3.0	0.0	1.0	3.0	3.0	0.0	2.0	3.0	1.0	0.0	3.0
bs	3.0	664.925970377907	0.0	1.0	3.0	351.9448071702739	26.0	417.1129258894594	226.056	298.348484847573	18.0	0.0	16.0	45.022000999999996	342.8403403238945	12.0	29.0	19.0	39.0	1.0	0.0	265.30526326326327	258.2613907434489	38.0	84.036	39.0	350.2993676292497	0.0	7.002000000000001	30.0	219.28830035535535	0.0	14.0	664.925970377907	15.0	0.0	31.0
ceb	0.0	0.0	17.014	0.0	9.004999999999999	12.003	0.0	16.012	10.0	14.0	1.0	0.0	9.0	15.006	13.003	2.0	3.0	3.0	1.0	1.0	0.0	15.004000000000001	10.0	8.0	4.0	1.0	8.0	0.0	12.006	2.0	12.003	0.0	8.003	17.014	4.0	1.0	3.0
ckb	0.0	1.0	0.0	13.0	1.0	2.0	2.0	9.0	2.0	3.0	1.0	1.0	1.0	1.0	2.0	6.0	3.0	1.0	1.0	1.0	0.0	1.0	1.0	2.0	0.0	4.0	0.0	0.0	1.0	1.0	3.0	0.0	2.0	13.0	2.0	0.0	2.0
da	0.0	3.0	9.004999999999999	1.0	11.0	4.0	3.0	8.0	6.0	4.0	3.0	0.0	3.0	0.0	4.0	3.0	3.0	1.0	3.0	3.0	0.0	3.0	8.0	3.0	1.0	9.0	3.0	0.0	1.0	5.0	6.0	0.0	3.0	11.0	0.0	4.002	5.0
de	3.0	351.9448071702739	12.003	2.0	4.0	7870.042612640678	44.0	1271.6770041101056	749.3750240000002	753.5960639444718	85.0	3.0	20.0	99.059025	4276.091253995677	14.0	33.0	21.0	45.0	7.0	0.0	591.6753183746882	677.6823320151834	82.017	128.06506813627254	97.0	343.11388377937277	0.0	40.016999999999996	67.0	298.31529534534536	0.0	25.005	7870.042612640678	15.0	4.002	44.0
el	3.0	26.0	0.0	2.0	3.0	44.0	53.0	51.0	47.0	31.0	32.0	0.0	18.0	4.0	27.0	11.0	18.0	12.0	30.0	3.0	0.0	19.0	47.0	21.0	3.0	46.0	26.0	0.0	2.0	37.0	13.0	0.0	11.0	53.0	6.0	1.0	23.0
en	3.0	417.1129258894594	16.012	9.0	8.0	1271.6770041101056	51.0	12586.689763767807	1573.336164503358	970.6458205301883	89.0	3.0	26.0	163.124026	976.9728865618615	15.0	35.0	23.0	45.0	10.0	2.0	784.7953253808473	1328.3738874540206	111.03200000000001	202.128019019019	220.0	375.25419250831465	1.0	43.024	93.0	412.3603013523523	1.0	37.01	12586.689763767807	16.0	4.0009999999999994	53.0
es	3.0	226.056	10.0	2.0	6.0	749.3750240000002	47.0	1573.336164503358	5675.612363844549	754.2980000000001	87.0	3.0	23.0	103.02699999999999	703.322	14.0	34.0	22.0	44.0	6.0	0.0	664.2460000000001	1037.2260270210086	141.029	152.05599999999998	129.0	176.043	0.0	40.007999999999996	76.0	238.046	0.0	27.0	5675.612363844549	15.0	1.0	50.0
fr	3.0	298.348484847573	14.0	3.0	4.0	753.5960639444718	31.0	970.6458205301883	754.2980000000001	11667.877107020478	57.0	3.0	20.0	56.004	2780.065660252901	14.0	29.0	18.0	40.0	6.0	0.0	507.3345829805708	571.2131141141141	83.00999999999999	139.10209819639277	84.0	290.4259648982784	1.0	29.006999999999998	48.0	271.1511071071071	1.0	27.008	11667.877107020478	14.0	4.002	37.0
he	3.0	18.0	1.0	1.0	3.0	85.0	32.0	89.0	87.0	57.0	98.0	3.0	14.0	5.0	36.0	9.0	13.0	2.0	20.0	2.0	0.0	25.0	66.0	29.0	5.0	63.0	18.0	0.0	6.0	36.0	12.0	0.0	10.0	98.0	1.0	2.0	19.0
hi	0.0	0.0	0.0	1.0	0.0	3.0	0.0	3.0	3.0	3.0	3.0	3.0	0.0	0.0	0.0	0.0	0.0	0.0	0.0	3.0	2.0	0.0	1.0	1.0	0.0	3.0	0.0	0.0	0.0	2.0	0.0	1.0	0.0	3.0	0.0	1.0	1.0
hu	3.0	16.0	9.0	1.0	3.0	20.0	18.0	26.0	23.0	20.0	14.0	0.0	34.0	3.0	18.0	10.0	12.0	2.0	16.0	2.0	0.0	15.0	22.0	17.0	4.0	24.0	15.0	0.0	1.0	12.0	15.0	0.0	8.0	34.0	1.0	4.0009999999999994	15.0
id	3.0	45.022000999999996	15.006	1.0	0.0	99.059025	4.0	163.124026	103.02699999999999	56.004	5.0	0.0	3.0	462.3688397934448	54.007999999999996	3.0	3.0	1.0	4.0	5.0	0.0	62.035999999999994	84.03200100000001	17.006999999999998	18.0	5.0	36.019000999999996	1.0	10.001	4.0	40.019999999999996	0.0	4.0	462.3688397934448	2.0	4.003	5.0
it	3.0	342.8403403238945	13.003	2.0	4.0	4276.091253995677	27.0	976.9728865618615	703.322	2780.065660252901	36.0	0.0	18.0	54.007999999999996	9373.952805165403	12.0	31.0	20.0	39.0	5.0	0.0	462.5128491539321	574.2753075079087	69.00399999999999	143.051	66.0	346.93568318855966	1.0	27.009999999999998	35.0	287.2071021001001	0.0	22.003	9373.952805165403	15.0	3.0	38.0
ja	3.0	12.0	2.0	6.0	3.0	14.0	11.0	15.0	14.0	14.0	9.0	0.0	10.0	3.0	12.0	16.0	12.0	2.0	12.0	8.0	0.0	12.0	15.0	12.0	1.0	15.0	12.0	0.0	1.0	13.0	10.0	1.0	7.0	16.0	1.0	2.0	13.0
ko	3.0	29.0	3.0	3.0	3.0	33.0	18.0	35.0	34.0	29.0	13.0	0.0	12.0	3.0	31.0	12.0	36.0	19.0	29.0	6.0	0.0	14.0	33.0	17.0	4.0	33.0	29.0	0.0	1.0	29.0	12.0	0.0	10.0	36.0	15.0	3.0	33.0
lv	1.0	19.0	3.0	1.0	1.0	21.0	12.0	23.0	22.0	18.0	2.0	0.0	2.0	1.0	20.0	2.0	19.0	120.0	19.0	3.0	0.0	3.0	25.0	6.0	2.0	29.0	19.0	0.0	0.0	21.0	3.0	0.0	4.0	120.0	14.0	3.0	20.0
mk	3.0	39.0	1.0	1.0	3.0	45.0	30.0	45.0	44.0	40.0	20.0	0.0	16.0	4.0	39.0	12.0	29.0	19.0	47.0	3.0	0.0	15.0	44.0	26.0	4.0	44.0	38.0	0.0	1.0	33.0	14.0	0.0	13.0	47.0	15.0	2.0	33.0
ml	0.0	1.0	1.0	1.0	3.0	7.0	3.0	10.0	6.0	6.0	2.0	3.0	2.0	5.0	5.0	8.0	6.0	3.0	3.0	10.0	0.0	5.0	6.0	6.0	2.0	7.0	1.0	0.0	2.0	2.0	5.0	0.0	5.0	10.0	4.0	1.0	7.0
mr	0.0	0.0	0.0	0.0	0.0	0.0	0.0	2.0	0.0	0.0	0.0	2.0	0.0	0.0	0.0	0.0	0.0	0.0	0.0	0.0	2.0	0.0	0.0	0.0	0.0	0.0	0.0	0.0	0.0	0.0	0.0	0.0	0.0	2.0	0.0	0.0	0.0
nl	3.0	265.30526326326327	15.004000000000001	1.0	3.0	591.6753183746882	19.0	784.7953253808473	664.2460000000001	507.3345829805708	25.0	0.0	15.0	62.035999999999994	462.5128491539321	12.0	14.0	3.0	15.0	5.0	0.0	3606.1340124953035	509.2662132453094	52.003	92.036	40.0	243.35433633633636	0.0	23.008	22.0	273.2061101101101	0.0	11.0	3606.1340124953035	1.0	4.0009999999999994	15.0
pl	3.0	258.2613907434489	10.0	1.0	8.0	677.6823320151834	47.0	1328.3738874540206	1037.2260270210086	571.2131141141141	66.0	1.0	22.0	84.03200100000001	574.2753075079087	15.0	33.0	25.0	44.0	6.0	0.0	509.2662132453094	10178.721951469199	76.0	126.039	441.0	232.2944608075009	0.0	29.003999999999998	119.0	294.18013913913916	1.0	27.0	10178.721951469199	15.0	3.0	46.0
pt	3.0	38.0	8.0	2.0	3.0	82.017	21.0	111.03200000000001	141.029	83.00999999999999	29.0	1.0	17.0	17.006999999999998	69.00399999999999	12.0	17.0	6.0	26.0	6.0	0.0	52.003	76.0	516.129	12.0	48.0	29.0	0.0	7.003	26.0	29.0	0.0	11.0	516.129	4.0	3.0	23.0
ro	0.0	84.036	4.0	0.0	1.0	128.06506813627254	3.0	202.128019019019	152.05599999999998	139.10209819639277	5.0	0.0	4.0	18.0	143.051	1.0	4.0	2.0	4.0	2.0	0.0	92.036	126.039	12.0	517.6075520974306	16.0	85.049	0.0	15.0	5.0	63.025999999999996	0.0	3.0	517.6075520974306	1.0	2.0	5.0
ru	3.0	39.0	1.0	4.0	9.0	97.0	46.0	220.0	129.0	84.0	63.0	3.0	24.0	5.0	66.0	15.0	33.0	29.0	44.0	7.0	0.0	40.0	441.0	48.0	16.0	1982.0	39.0	1.0	6.0	144.0	59.0	1.0	21.0	1982.0	15.0	2.0	50.0
sh	3.0	350.2993676292497	8.0	0.0	3.0	343.11388377937277	26.0	375.25419250831465	176.043	290.4259648982784	18.0	0.0	15.0	36.019000999999996	346.93568318855966	12.0	29.0	19.0	38.0	1.0	0.0	243.35433633633636	232.2944608075009	29.0	85.049	39.0	449.68395616128095	0.0	11.003	29.0	213.28329735035032	0.0	15.0	449.68395616128095	15.0	2.001	31.0
si	0.0	0.0	0.0	0.0	0.0	0.0	0.0	1.0	0.0	1.0	0.0	0.0	0.0	1.0	1.0	0.0	0.0	0.0	0.0	0.0	0.0	0.0	0.0	0.0	0.0	1.0	0.0	1.0	0.0	0.0	1.0	0.0	0.0	1.0	0.0	0.0	0.0
simple	1.0	7.002000000000001	12.006	1.0	1.0	40.016999999999996	2.0	43.024	40.007999999999996	29.006999999999998	6.0	0.0	1.0	10.001	27.009999999999998	1.0	1.0	0.0	1.0	2.0	0.0	23.008	29.003999999999998	7.003	15.0	6.0	11.003	0.0	59.06399999999999	1.0	9.001	0.0	4.0	59.06399999999999	1.0	1.0	2.0
sr	3.0	30.0	2.0	1.0	5.0	67.0	37.0	93.0	76.0	48.0	36.0	2.0	12.0	4.0	35.0	13.0	29.0	21.0	33.0	2.0	0.0	22.0	119.0	26.0	5.0	144.0	29.0	0.0	1.0	202.0	15.0	0.0	12.0	202.0	15.0	2.0	40.0
sv	3.0	219.28830035535535	12.003	3.0	6.0	298.31529534534536	13.0	412.3603013523523	238.046	271.1511071071071	12.0	0.0	15.0	40.019999999999996	287.2071021001001	10.0	12.0	3.0	14.0	5.0	0.0	273.2061101101101	294.18013913913916	29.0	63.025999999999996	59.0	213.28329735035032	1.0	9.001	15.0	1954.1329538098876	0.0	9.0	1954.1329538098876	1.0	4.002	11.0
te	0.0	0.0	0.0	0.0	0.0	0.0	0.0	1.0	0.0	1.0	0.0	1.0	0.0	0.0	0.0	1.0	0.0	0.0	0.0	0.0	0.0	0.0	1.0	0.0	0.0	1.0	0.0	0.0	0.0	0.0	0.0	1.0	0.0	1.0	1.0	0.0	0.0
tr	2.0	14.0	8.003	2.0	3.0	25.005	11.0	37.01	27.0	27.008	10.0	0.0	8.0	4.0	22.003	7.0	10.0	4.0	13.0	5.0	0.0	11.0	27.0	11.0	3.0	21.0	15.0	0.0	4.0	12.0	9.0	0.0	38.015	38.015	3.0	4.002	12.0
union	3.0	664.925970377907	17.014	13.0	11.0	7870.042612640678	53.0	12586.689763767807	5675.612363844549	11667.877107020478	98.0	3.0	34.0	462.3688397934448	9373.952805165403	16.0	36.0	120.0	47.0	10.0	2.0	3606.1340124953035	10178.721951469199	516.129	517.6075520974306	1982.0	449.68395616128095	1.0	59.06399999999999	202.0	1954.1329538098876	1.0	38.015	50101.70950609876	16.0	4.003	58.0
vi	1.0	15.0	4.0	2.0	0.0	15.0	6.0	16.0	15.0	14.0	1.0	0.0	1.0	2.0	15.0	1.0	15.0	14.0	15.0	4.0	0.0	1.0	15.0	4.0	1.0	15.0	15.0	0.0	1.0	15.0	1.0	1.0	3.0	16.0	16.0	2.0	15.0
war	0.0	0.0	1.0	0.0	4.002	4.002	1.0	4.0009999999999994	1.0	4.002	2.0	1.0	4.0009999999999994	4.003	3.0	2.0	3.0	3.0	2.0	1.0	0.0	4.0009999999999994	3.0	3.0	2.0	2.0	2.001	0.0	1.0	2.0	4.002	0.0	4.002	4.003	2.0	4.003	2.0
zh	3.0	31.0	3.0	2.0	5.0	44.0	23.0	53.0	50.0	37.0	19.0	1.0	15.0	5.0	38.0	13.0	33.0	20.0	33.0	7.0	0.0	15.0	46.0	23.0	5.0	50.0	31.0	0.0	2.0	40.0	11.0	0.0	12.0	58.0	15.0	2.0	58.0
