arz	bs	ceb	ckb	da	de	el	en	es	fr	he	hi	hu	id	it	ja	ko	lv	mk	ml	mr	nl	pl	pt	ro	ru	sh	si	simple	sr	sv	te	vi	war	zh
arz	1.0	0.0013297872340425532	0.0	0.0	0.0	0.0	0.0004366812227074236	0.0	0.0	2.002803925495694e-05	0.0	0.0	0.0	0.0	0.0	3.618992472495657e-05	0.0	0.0	0.0	0.001282051282051282	0.0	0.0	0.0	2.1557299301543504e-05	0.0	1.752879103928202e-05	0.0	0.004524886877828055	0.00033967391304347825	0.0	0.0	0.0	0.0	0.0	0.0
bs	0.0013297872340425532	1.0	0.0	0.0	0.0	0.0001775410563692854	0.0003379520108144643	2.451976292892071e-05	0.00024829298572315333	9.882399446585631e-05	0.0001485663348685188	0.0004266211604095563	0.001847063169560399	0.0013559322033898306	8.445375312478886e-05	0.00021204410517387616	0.0001369487811558477	0.0	0.0014367816091954023	0.0013812154696132596	0.0009737098344693282	0.000249003984063745	0.00013350243641946466	6.37551801083838e-05	0.0005022601707684581	0.00010396271204061476	0.0017152658662092624	0.0011235955056179776	0.00110803324099723	0.0	0.00039296591020728953	0.0	0.0011233430689732643	0.0	0.00038422578504313806
ceb	0.0	0.0	1.0	0.0	0.0	0.0	0.0	0.0	0.0	2.0042891788427235e-05	0.0	0.0	0.0	0.0	0.0	0.0	0.0	0.0	0.0	0.0	0.003115264797507788	0.0	0.0	0.0	0.0	0.0	0.0	0.0	0.0	0.0	0.0	0.0	0.0	0.0	0.0
ckb	0.0	0.0	0.0	1.0	0.0008695652173913044	0.0	0.0	0.0	0.0	0.0	0.0	0.0	0.0004911591355599214	0.0	1.7084379751593118e-05	0.0	0.0001508978421608571	0.0	0.0	0.0	0.0	0.0	0.0	2.1560087965158897e-05	0.0	1.753063478428554e-05	0.0	0.004651162790697674	0.0	0.0	0.0	0.0	0.0	0.0	3.576026319553712e-05
da	0.0	0.0	0.0	0.0008695652173913044	1.0	0.00017441353449027645	0.0002973535533749628	3.148107987099753e-05	0.00018165304268846503	0.0001568750490234528	0.0001401541695865452	0.0	0.0016072002571520412	0.0011926058437686344	0.00018455756518237642	0.0003833420456525527	0.0005192782032974166	0.0006146281499692685	0.001203852327447833	0.0	0.0	0.0	6.499415052645263e-05	0.00018966134912439678	0.0012536564981195152	0.0001720785366441244	0.0012048192771084338	0.0	0.0007471980074719801	0.00020470829068577277	0.0005298906498386242	0.0008110300081103001	0.0006176652254478073	0.0	0.0005167246546556891
de	0.0	0.0001775410563692854	0.0	0.0	0.00017441353449027645	1.0	0.0002493143854400399	0.0005645661325588226	0.0006182297126575814	0.0011168192986374804	0.00028739761459979884	0.00012790995139421848	0.0002519103199261063	0.0002909514111143439	0.0011342390626947526	0.000911503170005469	0.0003520506953001232	4.477277815088426e-05	0.0002155358220536253	4.432427640618767e-05	0.0	0.0005149153822388521	0.0006098744213123389	0.000998502246630055	4.328442193654504e-05	0.0012319963421139532	0.0002497294597519354	0.0	0.0001617992071838848	0.0003908692933083177	0.000868683943825105	4.55767740759309e-05	0.00027385470052032396	0.0	0.0009657170449058426
el	0.0004366812227074236	0.0003379520108144643	0.0	0.0	0.0002973535533749628	0.0002493143854400399	1.0	8.013769746973931e-05	0.00016998130205677376	0.00024940047961630695	0.0008471499455403607	0.0007731958762886598	0.0007063809748057452	0.00089126559714795	0.0002305171817627978	0.0006706908115358819	0.0006791171477079797	0.0010873504893077202	0.0013796909492273732	0.002012072434607646	0.0003898635477582846	0.0005226298735235706	0.0004844667837461394	0.0003087626850003088	0.0011344299489506524	0.0004389593287298881	0.0006734006734006734	0.0008240626287597857	0.0013605442176870747	0.0014972550324405256	0.000685275709260359	0.0004224757076468103	0.0008348639171814994	0.0	0.0007959143065596604
en	0.0	2.451976292892071e-05	0.0	0.0	3.148107987099753e-05	0.0005645661325588226	8.013769746973931e-05	1.0	0.0005466320466370464	0.0013853730932418928	0.00024765331287900414	5.9358163667915514e-05	6.974449105701264e-05	5.9232211173285575e-05	0.0019029495718363464	0.000990187847286757	0.00028150640255415564	3.154751055088964e-05	5.242097537961523e-05	2.1014804930073237e-05	2.104591165627817e-05	0.0002739510244056119	0.000515225929915891	0.001451699244209081	3.4958801052959086e-05	0.001649937724375412	7.317889102617714e-05	7.018578176433018e-06	0.00011124591953443583	0.00013864289403177002	0.0007034359889685459	0.0	0.00018372667017942817	0.0	0.0009795040380534117
es	0.0	0.00024829298572315333	0.0	0.0	0.00018165304268846503	0.0006182297126575814	0.00016998130205677376	0.0005466320466370464	1.0	0.0012728304375162938	0.0009344047841524949	0.0	0.0005749108888122341	0.0003401360544217687	0.0012193304521006354	0.001094372133094279	0.0008645795413178012	6.283380458686774e-05	0.00011918240867647935	6.195403010965863e-05	6.361727845282778e-05	0.0004402183483007572	0.0006744225257123588	0.0013946549039958484	0.00011988970147464332	0.0010506670353217667	0.00022716946842344388	0.0	0.0004918839153959665	0.0004696060527002348	0.001170859868064083	0.0001288659793814433	0.0005748027381512254	0.0	0.0010395730819876636
fr	2.002803925495694e-05	9.882399446585631e-05	2.0042891788427235e-05	0.0	0.0001568750490234528	0.0011168192986374804	0.00024940047961630695	0.0013853730932418928	0.0012728304375162938	1.0	0.0007338595643380049	0.00025237817899437004	0.0002505927482313935	0.00026862120572546913	0.0018301306047749772	0.0019915681659467706	0.000584608843537415	7.936822889797214e-05	0.00011704348165343426	0.00015804030027657053	0.0	0.0008396893149534672	0.0007330692204510715	0.002343481476080866	0.00011726995543741693	0.001883856939341681	0.0003456221198156682	1.9972836941759208e-05	0.00039794584146595667	0.00041015697826168017	0.0017573679813315663	0.0	0.00041035589047228233	0.0	0.0019054976181279773
he	0.0	0.0001485663348685188	0.0	0.0	0.0001401541695865452	0.00028739761459979884	0.0008471499455403607	0.00024765331287900414	0.0009344047841524949	0.0007338595643380049	1.0	0.0003920543648719289	0.0004988775255674732	0.00048426150121065375	0.0007289986350663855	0.001370434368110588	0.0008728773210601492	0.00045934772622875517	0.0009467135515282662	0.0004439840165754033	0.00015780337699226762	0.0005248556646922097	0.0004930237144406646	0.0009939597828580167	0.0004110152075626798	0.0006668042611967549	0.000851270825732701	0.0	0.0007850173825277559	0.0010222858311183807	0.0011697730640255791	0.0	0.001230264506868977	0.0	0.0017408751585966777
hi	0.0	0.0004266211604095563	0.0	0.0	0.0	0.00012790995139421848	0.0007731958762886598	5.9358163667915514e-05	0.0	0.00025237817899437004	0.0003920543648719289	1.0	0.0016533480297602646	0.0005161290322580645	0.000249513448774889	0.0007876172864872268	0.00072992700729927	0.0009324009324009324	0.0009963467286615742	0.0012658227848101266	0.001026167265264238	0.0004467776164414163	0.00012575452716297788	0.00025016156267589486	0.0010302197802197802	0.00020467337540508272	0.0020860495436766623	0.0005515719801434088	0.0008824178248400617	0.000925925925925926	0.0005169658802519034	0.0005707762557077625	0.0005580357142857143	0.0	0.0007786052809749492
hu	0.0	0.001847063169560399	0.0	0.0004911591355599214	0.0016072002571520412	0.0002519103199261063	0.0007063809748057452	6.974449105701264e-05	0.0005749108888122341	0.0002505927482313935	0.0004988775255674732	0.0016533480297602646	1.0	0.00023568230025925054	0.00016531931425548446	0.0006424779359550942	0.001165093790050099	0.0007961783439490446	0.001481042654028436	0.0007304601899196494	0.0008635578583765112	0.00042918454935622315	0.00012291807510294387	0.0004966476285075739	0.0	0.00038992303258400296	0.0009510223490252021	0.0	0.0010206164523372118	0.0006934812760055479	0.0006006561012798596	0.00047192071731949034	0.0013942140118508191	0.0	0.0007021297937075797
id	0.0	0.0013559322033898306	0.0	0.0	0.0011926058437686344	0.0002909514111143439	0.00089126559714795	5.9232211173285575e-05	0.0003401360544217687	0.00026862120572546913	0.00048426150121065375	0.0005161290322580645	0.00023568230025925054	1.0	0.00032937533966831905	0.0002682223563334004	0.0012466001813236627	0.0	0.0002760905577029266	0.0003354579000335458	0.0007818608287724785	0.00010454783063251438	0.0001816860465116279	0.0004941728781452044	0.0002838489923360772	0.0004727892879455617	0.00022466861379465288	0.0	0.0011673151750972762	0.0004990850108135085	0.0007311945891600402	0.0	0.0005012531328320802	0.0	0.0006964943119631189
it	0.0	8.445375312478886e-05	0.0	1.7084379751593118e-05	0.00018455756518237642	0.0011342390626947526	0.0002305171817627978	0.0019029495718363464	0.0012193304521006354	0.0018301306047749772	0.0007289986350663855	0.000249513448774889	0.00016531931425548446	0.00032937533966831905	1.0	0.002071911629477017	0.000907259614645323	0.00011863602467629313	0.00023386342376052386	0.00013506896959259823	0.00010202520022445544	0.0007602134679417981	0.0010592491711719147	0.0028599850783387216	0.00023425081569480464	0.0027345886397374796	0.0002306691051686356	5.1129100979974434e-05	0.0003910259543477198	0.0004659383033419023	0.0016661753585481204	5.118231139318252e-05	0.0005947979294601807	0.0	0.002063792043965727
ja	3.618992472495657e-05	0.00021204410517387616	0.0	0.0	0.0003833420456525527	0.000911503170005469	0.0006706908115358819	0.000990187847286757	0.001094372133094279	0.0019915681659467706	0.001370434368110588	0.0007876172864872268	0.0006424779359550942	0.0002682223563334004	0.002071911629477017	1.0	0.0010249502167037601	0.00024913691853222766	0.00031075201988812925	0.0002824659275474896	0.00017919220155538832	0.0009747706422018349	0.001195800349173702	0.002386052438925192	0.0001732081615685731	0.0020135261580736478	0.0004364320005371471	0.000108038029386344	0.0007548160546093006	0.0007339098248189157	0.0027591476356227185	7.218131947451999e-05	0.0006386511687316387	0.0	0.0029626418093792904
ko	0.0	0.0001369487811558477	0.0	0.0001508978421608571	0.0005192782032974166	0.0003520506953001232	0.0006791171477079797	0.00028150640255415564	0.0008645795413178012	0.000584608843537415	0.0008728773210601492	0.00072992700729927	0.001165093790050099	0.0012466001813236627	0.000907259614645323	0.0010249502167037601	1.0	0.00042241622078287804	0.0011302273012683663	0.0005459260270233384	0.0002895613146083683	0.0005033074489502444	0.0004315511867657636	0.0009264511249763661	0.0007626795474768018	0.0008340283569641367	0.0010236578707916288	0.0002954209748892171	0.001159848165331084	0.0017399710004833253	0.0012970663411284477	0.0002981070204203309	0.0012592018597442853	0.00015165301789505612	0.0024101283465938787
lv	0.0	0.0	0.0	0.0	0.0006146281499692685	4.477277815088426e-05	0.0010873504893077202	3.154751055088964e-05	6.283380458686774e-05	7.936822889797214e-05	0.00045934772622875517	0.0009324009324009324	0.0007961783439490446	0.0	0.00011863602467629313	0.00024913691853222766	0.00042241622078287804	1.0	0.0015873015873015873	0.0	0.006060606060606061	0.0	0.00013529053642697694	0.00012805736970162632	0.0011160714285714285	0.00013909898631613723	0.0007352941176470588	0.0	0.00029282576866764275	0.00023348120476301658	0.0005457161283921218	0.0	0.00046992481203007516	0.0	0.0004572795384994196
mk	0.0	0.0014367816091954023	0.0	0.0	0.001203852327447833	0.0002155358220536253	0.0013796909492273732	5.242097537961523e-05	0.00011918240867647935	0.00011704348165343426	0.0009467135515282662	0.0009963467286615742	0.001481042654028436	0.0002760905577029266	0.00023386342376052386	0.00031075201988812925	0.0011302273012683663	0.0015873015873015873	1.0	0.0014177693761814746	0.00533175355450237	0.0003448275862068965	0.0002556237218813906	0.0001676481066241958	0.0015054572826496049	0.0001541650250946402	0.0008365867261572784	0.0	0.0021057557323350493	0.0005827505827505828	0.0008088305262156248	0.0006675567423230974	0.0005857087075361187	0.0	0.0005462055781244666
ml	0.001282051282051282	0.0013812154696132596	0.0	0.0	0.0	4.432427640618767e-05	0.002012072434607646	2.1014804930073237e-05	6.195403010965863e-05	0.00015804030027657053	0.0004439840165754033	0.0012658227848101266	0.0007304601899196494	0.0003354579000335458	0.00013506896959259823	0.0002824659275474896	0.0005459260270233384	0.0	0.0014177693761814746	1.0	0.002849002849002849	0.00024813895781637717	0.00019989339019189765	0.00014868625076998237	0.0004952947003467063	0.0001558765457757456	0.001358695652173913	0.0010893246187363835	0.0005494505494505495	0.00044365572315882877	0.00024523027122467996	0.0035087719298245615	0.0006694934166480696	0.0	0.0003140374751386999
mr	0.0	0.0009737098344693282	0.003115264797507788	0.0	0.0	0.0	0.0003898635477582846	2.104591165627817e-05	6.361727845282778e-05	0.0	0.00015780337699226762	0.001026167265264238	0.0008635578583765112	0.0007818608287724785	0.00010202520022445544	0.00017919220155538832	0.0002895613146083683	0.006060606060606061	0.00533175355450237	0.002849002849002849	1.0	0.0	0.0	4.286142900004286e-05	0.0	5.233592686926486e-05	0.0011890606420927466	0.00404040404040404	0.00031065548306927616	0.0004894762604013706	0.00020032051282051281	0.004608294930875576	0.0009857072449482504	0.0	0.00021246458923512748
nl	0.0	0.000249003984063745	0.0	0.0	0.0	0.0005149153822388521	0.0005226298735235706	0.0002739510244056119	0.0004402183483007572	0.0008396893149534672	0.0005248556646922097	0.0004467776164414163	0.00042918454935622315	0.00010454783063251438	0.0007602134679417981	0.0009747706422018349	0.0005033074489502444	0.0	0.0003448275862068965	0.00024813895781637717	0.0	1.0	0.0006023538133629877	0.0009511553740278632	0.0003487966515521451	0.0008401138821040186	0.00041981528127623844	0.0002666311158512198	0.00019561815336463224	0.000631370073058537	0.001038961038961039	0.0	0.00045195697369610415	0.0	0.0010506886270055375
pl	0.0	0.00013350243641946466	0.0	0.0	6.499415052645263e-05	0.0006098744213123389	0.0004844667837461394	0.000515225929915891	0.0006744225257123588	0.0007330692204510715	0.0004930237144406646	0.00012575452716297788	0.00012291807510294387	0.0001816860465116279	0.0010592491711719147	0.001195800349173702	0.0004315511867657636	0.00013529053642697694	0.0002556237218813906	0.00019989339019189765	0.0	0.0006023538133629877	1.0	0.0010072987879388355	0.00012860909266285126	0.0009127290598890683	0.00024276263882988408	0.0	0.000116461887847202	0.0004990573361428413	0.001121307798990823	0.0	0.00033312975403919826	0.0	0.0009962285632960934
pt	2.1557299301543504e-05	6.37551801083838e-05	0.0	2.1560087965158897e-05	0.00018966134912439678	0.000998502246630055	0.0003087626850003088	0.001451699244209081	0.0013946549039958484	0.002343481476080866	0.0009939597828580167	0.00025016156267589486	0.0004966476285075739	0.0004941728781452044	0.0028599850783387216	0.002386052438925192	0.0009264511249763661	0.00012805736970162632	0.0001676481066241958	0.00014868625076998237	4.286142900004286e-05	0.0009511553740278632	0.0010072987879388355	1.0	0.00016799664006719866	0.0025511193885073527	0.00047390435373869327	2.1493358552207367e-05	0.00046722327178174577	0.0004591276574508434	0.00226261521874478	0.0	0.0006192445216835461	0.0	0.0030249014206233456
ro	0.0	0.0005022601707684581	0.0	0.0	0.0012536564981195152	4.328442193654504e-05	0.0011344299489506524	3.4958801052959086e-05	0.00011988970147464332	0.00011726995543741693	0.0004110152075626798	0.0010302197802197802	0.0	0.0002838489923360772	0.00023425081569480464	0.0001732081615685731	0.0007626795474768018	0.0011160714285714285	0.0015054572826496049	0.0004952947003467063	0.0	0.0003487966515521451	0.00012860909266285126	0.00016799664006719866	1.0	0.00036040365209034117	0.0	0.0006849315068493151	0.00047824007651841227	0.0005941770647653001	0.00033446414066606146	0.0	0.0001990049751243781	0.0	0.0007194491075405118
ru	1.752879103928202e-05	0.00010396271204061476	0.0	1.753063478428554e-05	0.0001720785366441244	0.0012319963421139532	0.0004389593287298881	0.001649937724375412	0.0010506670353217667	0.001883856939341681	0.0006668042611967549	0.00020467337540508272	0.00038992303258400296	0.0004727892879455617	0.0027345886397374796	0.0020135261580736478	0.0008340283569641367	0.00013909898631613723	0.0001541650250946402	0.0001558765457757456	5.233592686926486e-05	0.0008401138821040186	0.0009127290598890683	0.0025511193885073527	0.00036040365209034117	1.0	0.00043925596796810324	1.7486491685173203e-05	0.0005344110623089898	0.0007244587140857825	0.00167243744691971	3.50109409190372e-05	0.0005929146696971194	0.0	0.002620551260107419
sh	0.0	0.0017152658662092624	0.0	0.0	0.0012048192771084338	0.0002497294597519354	0.0006734006734006734	7.317889102617714e-05	0.00022716946842344388	0.0003456221198156682	0.000851270825732701	0.0020860495436766623	0.0009510223490252021	0.00022466861379465288	0.0002306691051686356	0.0004364320005371471	0.0010236578707916288	0.0007352941176470588	0.0008365867261572784	0.001358695652173913	0.0011890606420927466	0.00041981528127623844	0.00024276263882988408	0.00047390435373869327	0.0	0.00043925596796810324	1.0	0.0	0.001763668430335097	0.0018428547495392862	0.0009155832265152902	0.0004297378599054577	0.000504116955133591	0.0	0.0007969715082685794
si	0.004524886877828055	0.0011235955056179776	0.0	0.004651162790697674	0.0	0.0	0.0008240626287597857	7.018578176433018e-06	0.0	1.9972836941759208e-05	0.0	0.0005515719801434088	0.0	0.0	5.1129100979974434e-05	0.000108038029386344	0.0002954209748892171	0.0	0.0	0.0010893246187363835	0.00404040404040404	0.0002666311158512198	0.0	2.1493358552207367e-05	0.0006849315068493151	1.7486491685173203e-05	0.0	1.0	0.0003244646333549643	0.00025316455696202533	0.000201704402198578	0.0	0.0007649158592554819	0.0	0.0002135003380422019
simple	0.00033967391304347825	0.00110803324099723	0.0	0.0	0.0007471980074719801	0.0001617992071838848	0.0013605442176870747	0.00011124591953443583	0.0004918839153959665	0.00039794584146595667	0.0007850173825277559	0.0008824178248400617	0.0010206164523372118	0.0011673151750972762	0.0003910259543477198	0.0007548160546093006	0.001159848165331084	0.00029282576866764275	0.0021057557323350493	0.0005494505494505495	0.00031065548306927616	0.00019561815336463224	0.000116461887847202	0.00046722327178174577	0.00047824007651841227	0.0005344110623089898	0.001763668430335097	0.0003244646333549643	1.0	0.0005997001499250374	0.0007541812696863494	0.00033101621979476995	0.0010540581237765397	0.0	0.0012665216120546878
sr	0.0	0.0	0.0	0.0	0.00020470829068577277	0.0003908692933083177	0.0014972550324405256	0.00013864289403177002	0.0004696060527002348	0.00041015697826168017	0.0010222858311183807	0.000925925925925926	0.0006934812760055479	0.0004990850108135085	0.0004659383033419023	0.0007339098248189157	0.0017399710004833253	0.00023348120476301658	0.0005827505827505828	0.00044365572315882877	0.0004894762604013706	0.000631370073058537	0.0004990573361428413	0.0004591276574508434	0.0005941770647653001	0.0007244587140857825	0.0018428547495392862	0.00025316455696202533	0.0005997001499250374	1.0	0.000854481756814492	0.0	0.0009322146757224664	0.0	0.0011053213327017212
sv	0.0	0.00039296591020728953	0.0	0.0	0.0005298906498386242	0.000868683943825105	0.000685275709260359	0.0007034359889685459	0.001170859868064083	0.0017573679813315663	0.0011697730640255791	0.0005169658802519034	0.0006006561012798596	0.0007311945891600402	0.0016661753585481204	0.0027591476356227185	0.0012970663411284477	0.0005457161283921218	0.0008088305262156248	0.00024523027122467996	0.00020032051282051281	0.001038961038961039	0.001121307798990823	0.00226261521874478	0.00033446414066606146	0.00167243744691971	0.0009155832265152902	0.000201704402198578	0.0007541812696863494	0.000854481756814492	1.0	0.0	0.0009838730376010608	5.087246273592104e-05	0.002845160066597821
te	0.0	0.0	0.0	0.0	0.0008110300081103001	4.55767740759309e-05	0.0004224757076468103	0.0	0.0001288659793814433	0.0	0.0	0.0005707762557077625	0.00047192071731949034	0.0	5.118231139318252e-05	7.218131947451999e-05	0.0002981070204203309	0.0	0.0006675567423230974	0.0035087719298245615	0.004608294930875576	0.0	0.0	0.0	0.0	3.50109409190372e-05	0.0004297378599054577	0.0	0.00033101621979476995	0.0	0.0	1.0	0.0002588661661920787	0.0	3.565443719470888e-05
vi	0.0	0.0011233430689732643	0.0	0.0	0.0006176652254478073	0.00027385470052032396	0.0008348639171814994	0.00018372667017942817	0.0005748027381512254	0.00041035589047228233	0.001230264506868977	0.0005580357142857143	0.0013942140118508191	0.0005012531328320802	0.0005947979294601807	0.0006386511687316387	0.0012592018597442853	0.00046992481203007516	0.0005857087075361187	0.0006694934166480696	0.0009857072449482504	0.00045195697369610415	0.00033312975403919826	0.0006192445216835461	0.0001990049751243781	0.0005929146696971194	0.000504116955133591	0.0007649158592554819	0.0010540581237765397	0.0009322146757224664	0.0009838730376010608	0.0002588661661920787	1.0	0.0	0.0010745891276864729
war	0.0	0.0	0.0	0.0	0.0	0.0	0.0	0.0	0.0	0.0	0.0	0.0	0.0	0.0	0.0	0.0	0.00015165301789505612	0.0	0.0	0.0	0.0	0.0	0.0	0.0	0.0	0.0	0.0	0.0	0.0	0.0	5.087246273592104e-05	0.0	0.0	1.0	0.0
zh	0.0	0.00038422578504313806	0.0	3.576026319553712e-05	0.0005167246546556891	0.0009657170449058426	0.0007959143065596604	0.0009795040380534117	0.0010395730819876636	0.0019054976181279773	0.0017408751585966777	0.0007786052809749492	0.0007021297937075797	0.0006964943119631189	0.002063792043965727	0.0029626418093792904	0.0024101283465938787	0.0004572795384994196	0.0005462055781244666	0.0003140374751386999	0.00021246458923512748	0.0010506886270055375	0.0009962285632960934	0.0030249014206233456	0.0007194491075405118	0.002620551260107419	0.0007969715082685794	0.0002135003380422019	0.0012665216120546878	0.0011053213327017212	0.002845160066597821	3.565443719470888e-05	0.0010745891276864729	0.0	1.0
