arz	bs	ceb	ckb	da	de	el	en	es	fr	he	hi	hu	id	it	ja	ko	lv	mk	ml	mr	nl	pl	pt	ro	ru	sh	si	simple	sr	sv	te	tr	vi	war	zh
arz	1.0	0.7690990303325336	1.0	1.0	1.0	1.0	1.0	1.0	1.0	1.0	1.0	1.0	1.0	1.0	1.0	1.0	1.0	1.0	1.0	1.0	1.0	1.0	1.0	1.0	1.0	1.0	1.0	1.0	1.0	1.0	0.7584325078215763	1.0	1.0	1.0	1.0	1.0
bs	0.7690990303325336	1.0	0.5020797777427737	0.34583886719269163	0.15929862854203944	0.15563433027629808	0.23591055527187463	0.14855707610421495	0.15302173220220378	0.13590314617403587	0.21852328030283283	0.2294807238112632	0.15003790413615045	0.15500792851932216	0.13476107637098428	0.20242371400735698	0.2213472023213051	0.17745919595328477	0.22062817040024232	0.2248513701824438	0.49910017208111684	0.15038561979698706	0.14481659642124317	0.16662318378213178	0.141700717989569	0.20552781769404702	0.1439998126215272	0.3232840133906668	0.18269607573900137	0.13558511742979168	0.1313207190845277	0.38643664338154743	0.48393221103635925	0.1730474626764556	0.3411599062308432	0.2052866480629669
ceb	1.0	0.5020797777427737	1.0	1.0	1.0	1.0	1.0	0.7863954451402115	1.0	1.0	1.0	1.0	1.0	1.0	0.5020797777427737	1.0	1.0	1.0	1.0	1.0	1.0	0.7863954451402115	0.7863954451402115	1.0	1.0	1.0	1.0	1.0	1.0	1.0	1.0	1.0	-1.0	0.7863954451402115	1.0	1.0
ckb	1.0	0.34583886719269163	1.0	1.0	0.5716981509095984	0.5790144658109286	1.0	0.2969079594977364	0.7199285383279772	0.7695446697526285	1.0	1.0	0.521400084063061	0.4178942306373928	0.4845691695529694	1.0	1.0	1.0	1.0	1.0	1.0	0.5882745708346903	0.6143589292419388	0.7210092110599264	0.6163326624308246	0.7210092110599264	0.6568318202362042	1.0	0.6549329476340925	0.7221793916855704	0.6167131210802118	1.0	1.0	0.6845485002822446	1.0	1.0
da	1.0	0.15929862854203944	1.0	0.5716981509095984	1.0	0.12191476306809164	0.17626929995738336	0.11226061917016561	0.12308308014975369	0.10861533411417144	0.17078188055056903	0.18053860831609508	0.10806072758486972	0.12570275666337039	0.11192844273956745	0.14553335836751688	0.1619137615467724	0.1603843459988314	0.2510480025490547	0.27999444367777837	0.6516104242389319	0.1081118082364576	0.10698133536188884	0.10945125600203058	0.12452753033836768	0.1377022843667419	0.09701596071454027	0.7210092110599265	0.15082393148380488	0.10673633926401167	0.10443444608110314	0.3656029077235581	0.33775835937068444	0.12901995904007194	0.26378039039646556	0.15082182784872258
de	1.0	0.15563433027629808	1.0	0.5790144658109286	0.12191476306809164	1.0	0.14190302304630142	0.054881215652741504	0.05649274443308995	0.0531698351716309	0.14392122265821272	0.15109226854539662	0.06863505996697786	0.09624811574450014	0.06164387288395209	0.06903450004954441	0.11574450550722173	0.11106385265019865	0.20983212389646286	0.2866799949180578	0.7134542832283586	0.057015340403638086	0.06875150427284649	0.06504970735311565	0.09167143215277616	0.09204178225928179	0.06034809413851237	0.7199285383279772	0.10303793327749375	0.058457495618515466	0.07862751932821724	0.3264270055665365	0.2868306725945932	0.06990461931189249	0.46793761346694307	0.07197766990669716
el	1.0	0.23591055527187463	1.0	1.0	0.17626929995738336	0.14190302304630142	1.0	0.1455751654844205	0.14042109822204646	0.11385385840713703	0.5675864483633859	1.0	0.13057342517672235	0.1641501449809103	0.13103480751080718	1.0	1.0	0.19826199532288022	1.0	1.0	1.0	0.11602568992595806	0.1278005792454233	0.18716873030977263	0.15073322073270243	0.6910619635498715	0.1266101430916392	1.0	0.17764484891228238	0.1404086805286326	0.14071147733645514	1.0	0.7126076878862918	0.14495374600527192	0.5449347650477095	1.0
en	1.0	0.14855707610421495	0.7863954451402115	0.2969079594977364	0.11226061917016561	0.054881215652741504	0.1455751654844205	1.0	0.0647550105359167	0.06926000130854601	0.14234417710595787	0.1484528253222158	0.08052806650418097	0.11322766750968256	0.08431273206345519	0.12174718484143855	0.14505501092747736	0.1169162848398694	0.1511177245437711	0.1749257080022456	0.4393404466402725	0.07073400015602074	0.08819555818792409	0.07593236888689907	0.1008404015606813	0.13360897989756645	0.07435551935770594	0.594756926545308	0.098475978581332	0.07185686907688307	0.08590574446070061	0.1995494323134724	0.31302875658541046	0.08850040030085354	0.212926178756984	0.12487464060976783
es	1.0	0.15302173220220378	1.0	0.7199285383279772	0.12308308014975369	0.05649274443308995	0.14042109822204646	0.0647550105359167	1.0	0.06007925654039016	0.13444959532542403	0.1419844725016237	0.07235698493857728	0.10385605200498917	0.06700945599552152	0.07587834352338309	0.11845145183040376	0.1144657577576859	0.2069027699071288	0.3182688987848872	0.6011455215697223	0.06340766138738639	0.06893570680893082	0.07244489054982974	0.09235904327978575	0.09448392422986177	0.0671939985254724	0.7199285383279772	0.10224841406750607	0.06497632967111018	0.07625140887017724	0.36496495067293	0.2726703358380472	0.07484020672858611	0.43442501538643313	0.07903072069469864
fr	1.0	0.13590314617403587	1.0	0.7695446697526285	0.10861533411417144	0.0531698351716309	0.11385385840713703	0.06926000130854601	0.06007925654039016	1.0	0.12130973335418291	0.11920941869340453	0.07167555947752567	0.09332949615807816	0.06893534748917055	0.08268128791806872	0.10562216700554025	0.10665305510176581	0.1521977533524005	0.21389565045326747	1.0	0.06314264352420895	0.07251451279661918	0.07023597755949564	0.09192462770254861	0.08872026362549329	0.0658150888848102	0.5505638267984209	0.09806469141863391	0.06331491419119428	0.0759895712968355	0.28889613170691336	0.33244640121984903	0.0745575678070855	0.33996026672603025	0.08505461771003425
he	1.0	0.21852328030283283	1.0	1.0	0.17078188055056903	0.14392122265821272	0.5675864483633859	0.14234417710595787	0.13444959532542403	0.12130973335418291	1.0	0.6185254943607428	0.14421186307154357	0.16387975691472817	0.13053397515708978	0.48628462378336396	0.5051273596611925	0.20305271646532644	0.620411401770775	0.7002769331337118	1.0	0.12419738059766075	0.1280184298196304	0.18369815915658164	0.14439762709939127	0.4856520109411652	0.13576150532983822	1.0	0.19075871391902677	0.13926399178484639	0.12798618642400042	1.0	0.6395657813917609	0.1420109329108276	0.5441500381407309	0.4866521249940254
hi	1.0	0.2294807238112632	1.0	1.0	0.18053860831609508	0.15109226854539662	1.0	0.1484528253222158	0.1419844725016237	0.11920941869340453	0.6185254943607428	1.0	0.12194331728520663	0.1525289952549937	0.12946003204348447	0.6893239646520148	1.0	0.23839743298798638	1.0	1.0	1.0	0.12026631375903152	0.14041056554884498	0.18688653240434924	0.13756425182903909	0.6915622893805501	0.12111560701132668	1.0	0.16028889187357942	0.14280611405406907	0.13723866737758192	1.0	0.5846701681620466	0.13227209084501482	0.5728802829949159	1.0
hu	1.0	0.15003790413615045	1.0	0.521400084063061	0.10806072758486972	0.06863505996697786	0.13057342517672235	0.08052806650418097	0.07235698493857728	0.07167555947752567	0.14421186307154357	0.12194331728520663	1.0	0.09806492029820728	0.07617959035325059	0.09687515502668083	0.12700335955644693	0.11511824878666162	0.18144296826072714	0.23620647920582194	0.4569239646619396	0.06842421882055343	0.08108350551892173	0.08034835952503488	0.09403661514043116	0.10743738092897483	0.07553249177098134	0.653200231972572	0.11218101449865628	0.07922599688844595	0.0860210183854741	0.24487827703803947	0.657312113971931	0.08096607522225316	0.41151610578841485	0.09861969157513115
id	1.0	0.15500792851932216	1.0	0.4178942306373928	0.12570275666337039	0.09624811574450014	0.1641501449809103	0.11322766750968256	0.10385605200498917	0.09332949615807816	0.16387975691472817	0.1525289952549937	0.09806492029820728	1.0	0.10384790604979459	0.15625425914152366	0.15852189464124275	0.12787315537617006	0.17027489914991795	0.18231468921605645	0.40623282609922895	0.0982601218938527	0.10316930712168446	0.116224806235466	0.1114760931718679	0.16056836569153018	0.10566070557716901	0.3804115745243354	0.11734750069839248	0.09737539894280949	0.10663963475697305	0.24805879210815168	0.32368474289969945	0.10679338641147591	0.28035428771626913	0.1559985150324059
it	1.0	0.13476107637098428	0.5020797777427737	0.4845691695529694	0.11192844273956745	0.06164387288395209	0.13103480751080718	0.08431273206345519	0.06700945599552152	0.06893534748917055	0.13053397515708978	0.12946003204348447	0.07617959035325059	0.10384790604979459	1.0	0.10868525648913957	0.1247894663001972	0.11088085884484912	0.16647007101100714	0.219914300972391	0.4968726651437924	0.07279040025444347	0.08440962873228049	0.07709483211683384	0.09620781835530108	0.11749118663494192	0.07712871164904711	0.6143589292419387	0.10143592359050328	0.07526460128402475	0.08275939150154771	0.22561800604234067	0.29537365193024573	0.0824790148448225	0.27575463506932	0.11122682800641792
ja	1.0	0.20242371400735698	1.0	1.0	0.14553335836751688	0.06903450004954441	1.0	0.12174718484143855	0.07587834352338309	0.08268128791806872	0.48628462378336396	0.6893239646520148	0.09687515502668083	0.15625425914152366	0.10868525648913957	1.0	0.6873060046205764	0.15796113248214194	1.0	1.0	1.0	0.08383030532291734	0.11055725624502548	0.09511585802520606	0.12722430858796496	0.5576019237849819	0.0936800984349416	1.0	0.12873551023718624	0.08660001138234158	0.09956006761960458	1.0	0.38658390711913376	0.10421915769103646	0.5434010974771173	0.6829196033032385
ko	1.0	0.2213472023213051	1.0	1.0	0.1619137615467724	0.11574450550722173	1.0	0.14505501092747736	0.11845145183040376	0.10562216700554025	0.5051273596611925	1.0	0.12700335955644693	0.15852189464124275	0.1247894663001972	0.6873060046205764	1.0	0.1756097658506063	1.0	1.0	1.0	0.11780931258853819	0.12481786576504411	0.14205545481752452	0.1357504682267238	0.6890092940382581	0.11682778222711512	1.0	0.16515512609214533	0.11298360893120592	0.11848388255860796	1.0	0.5320047131314173	0.12478519340823528	0.5434010974771173	1.0
lv	1.0	0.17745919595328477	1.0	1.0	0.1603843459988314	0.11106385265019865	0.19826199532288022	0.1169162848398694	0.1144657577576859	0.10665305510176581	0.20305271646532644	0.23839743298798638	0.11511824878666162	0.12787315537617006	0.11088085884484912	0.15796113248214194	0.1756097658506063	1.0	0.3066003542840295	0.41456259201569173	0.6735331144346389	0.11388167197996271	0.10490115715332977	0.13251782620033214	0.1307374931578219	0.17434224926362488	0.12143017230238298	1.0	0.1702006408436588	0.1229840980979795	0.1117335730544815	0.6590085086689783	0.4880864534512365	0.1145949785242244	0.40940653238448127	0.1568270858794216
mk	1.0	0.22062817040024232	1.0	1.0	0.2510480025490547	0.20983212389646286	1.0	0.1511177245437711	0.2069027699071288	0.1521977533524005	0.620411401770775	1.0	0.18144296826072714	0.17027489914991795	0.16647007101100714	1.0	1.0	0.3066003542840295	1.0	1.0	1.0	0.17907415520508596	0.12925067557195732	0.27006729859026407	0.15049225196400023	0.6954089837405419	0.18161583563380393	1.0	0.2776266987186914	0.1823248750891877	0.16370728851256938	1.0	0.5982311734420862	0.22354359303338478	0.5751631327282979	1.0
ml	1.0	0.2248513701824438	1.0	1.0	0.27999444367777837	0.2866799949180578	1.0	0.1749257080022456	0.3182688987848872	0.21389565045326747	0.7002769331337118	1.0	0.23620647920582194	0.18231468921605645	0.219914300972391	1.0	1.0	0.41456259201569173	1.0	1.0	1.0	0.26644807800917203	0.18067669463811176	0.31018886340472773	0.24566541243250511	0.69954398234197	0.2776636227255752	1.0	0.2573603500041316	0.27524461055385746	0.269076048269263	1.0	0.6035670054046118	0.21916822664446728	0.5788602239955581	1.0
mr	1.0	0.49910017208111684	1.0	1.0	0.6516104242389319	0.7134542832283586	1.0	0.4393404466402725	0.6011455215697223	1.0	1.0	1.0	0.4569239646619396	0.40623282609922895	0.4968726651437924	1.0	1.0	0.6735331144346389	1.0	1.0	1.0	0.3659853063624264	0.4909771961773321	0.6234960830746444	0.5374975276447959	1.0	0.6696129381500938	1.0	0.6084370696808219	0.5672465370516475	0.4534074764835366	1.0	1.0	0.49676758129533705	1.0	1.0
nl	1.0	0.15038561979698706	0.7863954451402115	0.5882745708346903	0.1081118082364576	0.057015340403638086	0.11602568992595806	0.07073400015602074	0.06340766138738639	0.06314264352420895	0.12419738059766075	0.12026631375903152	0.06842421882055343	0.0982601218938527	0.07279040025444347	0.08383030532291734	0.11780931258853819	0.11388167197996271	0.17907415520508596	0.26644807800917203	0.3659853063624264	1.0	0.07552796244145663	0.07591319902330294	0.096367577101463	0.10345457094633766	0.07126578326103856	0.7199285383279772	0.10135627115631483	0.06908562617128974	0.08200211175986888	0.43819758216240595	0.33557664849950686	0.07725749021959408	0.26174688827614717	0.08747308980825882
pl	1.0	0.14481659642124317	0.7863954451402115	0.6143589292419388	0.10698133536188884	0.06875150427284649	0.1278005792454233	0.08819555818792409	0.06893570680893082	0.07251451279661918	0.1280184298196304	0.14041056554884498	0.08108350551892173	0.10316930712168446	0.08440962873228049	0.11055725624502548	0.12481786576504411	0.10490115715332977	0.12925067557195732	0.18067669463811176	0.4909771961773321	0.07552796244145663	1.0	0.0801675276662669	0.09890703203559319	0.11804100455003924	0.07781947289405164	0.48376824531605406	0.10144065873180834	0.07697451698045071	0.08384946560490891	0.3163856260292527	0.3223716135233103	0.08402521109100981	0.36001214136252496	0.11067673304427933
pt	1.0	0.16662318378213178	1.0	0.7210092110599264	0.10945125600203058	0.06504970735311565	0.18716873030977263	0.07593236888689907	0.07244489054982974	0.07023597755949564	0.18369815915658164	0.18688653240434924	0.08034835952503488	0.116224806235466	0.07709483211683384	0.09511585802520606	0.14205545481752452	0.13251782620033214	0.27006729859026407	0.31018886340472773	0.6234960830746444	0.07591319902330294	0.0801675276662669	1.0	0.0925237851999374	0.07671675546886915	0.0604737048208015	0.7199285383279772	0.13311196881463067	0.057653838186876916	0.06986571132023016	0.40958515100582943	0.33367385834722635	0.09110321844956012	0.45758212553972105	0.09532488190826988
ro	1.0	0.141700717989569	1.0	0.6163326624308246	0.12452753033836768	0.09167143215277616	0.15073322073270243	0.1008404015606813	0.09235904327978575	0.09192462770254861	0.14439762709939127	0.13756425182903909	0.09403661514043116	0.1114760931718679	0.09620781835530108	0.12722430858796496	0.1357504682267238	0.1307374931578219	0.15049225196400023	0.24566541243250511	0.5374975276447959	0.096367577101463	0.09890703203559319	0.0925237851999374	1.0	0.1217049692820796	0.08245958294594108	0.513913697534747	0.11822119764867837	0.07967893558330728	0.08363980537297606	0.2713095813878076	0.6020422654992481	0.10024601896767907	0.403190317617043	0.1278044219816137
ru	1.0	0.20552781769404702	1.0	0.7210092110599264	0.1377022843667419	0.09204178225928179	0.6910619635498715	0.13360897989756645	0.09448392422986177	0.08872026362549329	0.4856520109411652	0.6915622893805501	0.10743738092897483	0.16056836569153018	0.11749118663494192	0.5576019237849819	0.6890092940382581	0.17434224926362488	0.6954089837405419	0.69954398234197	1.0	0.10345457094633766	0.11804100455003924	0.07671675546886915	0.1217049692820796	1.0	0.08810261990994239	1.0	0.14548937497088643	0.08286132943218304	0.09576697879439836	1.0	0.34554306442194704	0.10887028609957493	0.5715363983518332	0.557713212036142
sh	1.0	0.1439998126215272	1.0	0.6568318202362042	0.09701596071454027	0.06034809413851237	0.1266101430916392	0.07435551935770594	0.0671939985254724	0.0658150888848102	0.13576150532983822	0.12111560701132668	0.07553249177098134	0.10566070557716901	0.07712871164904711	0.0936800984349416	0.11682778222711512	0.12143017230238298	0.18161583563380393	0.2776636227255752	0.6696129381500938	0.07126578326103856	0.07781947289405164	0.0604737048208015	0.08245958294594108	0.08810261990994239	1.0	0.5478152061254715	0.1045889030305621	0.06013669284902266	0.06967558946277408	0.26906752099518616	0.49832607359407627	0.07902372229044091	0.41056784450274014	0.09237881471595584
si	1.0	0.3232840133906668	1.0	1.0	0.7210092110599265	0.7199285383279772	1.0	0.594756926545308	0.7199285383279772	0.5505638267984209	1.0	1.0	0.653200231972572	0.3804115745243354	0.6143589292419387	1.0	1.0	1.0	1.0	1.0	1.0	0.7199285383279772	0.48376824531605406	0.7199285383279772	0.513913697534747	1.0	0.5478152061254715	1.0	0.5642670943910084	0.4906852743032549	0.6143589292419388	1.0	1.0	0.48609683415136207	1.0	1.0
simple	1.0	0.18269607573900137	1.0	0.6549329476340925	0.15082393148380488	0.10303793327749375	0.17764484891228238	0.098475978581332	0.10224841406750607	0.09806469141863391	0.19075871391902677	0.16028889187357942	0.11218101449865628	0.11734750069839248	0.10143592359050328	0.12873551023718624	0.16515512609214533	0.1702006408436588	0.2776266987186914	0.2573603500041316	0.6084370696808219	0.10135627115631483	0.10144065873180834	0.13311196881463067	0.11822119764867837	0.14548937497088643	0.1045889030305621	0.5642670943910084	1.0	0.11239739807725364	0.10602577606368492	0.2529276992989477	0.3992256028055105	0.10311133087924126	0.3905884751199247	0.12562348285849775
sr	1.0	0.13558511742979168	1.0	0.7221793916855704	0.10673633926401167	0.058457495618515466	0.1404086805286326	0.07185686907688307	0.06497632967111018	0.06331491419119428	0.13926399178484639	0.14280611405406907	0.07922599688844595	0.09737539894280949	0.07526460128402475	0.08660001138234158	0.11298360893120592	0.1229840980979795	0.1823248750891877	0.27524461055385746	0.5672465370516475	0.06908562617128974	0.07697451698045071	0.057653838186876916	0.07967893558330728	0.08286132943218304	0.06013669284902266	0.4906852743032549	0.11239739807725364	1.0	0.06739965998282149	0.3048068810800778	0.5123723345616854	0.0817748794723064	0.38341992520704254	0.0901902491061999
sv	0.7584325078215763	0.1313207190845277	1.0	0.6167131210802118	0.10443444608110314	0.07862751932821724	0.14071147733645514	0.08590574446070061	0.07625140887017724	0.0759895712968355	0.12798618642400042	0.13723866737758192	0.0860210183854741	0.10663963475697305	0.08275939150154771	0.09956006761960458	0.11848388255860796	0.1117335730544815	0.16370728851256938	0.269076048269263	0.4534074764835366	0.08200211175986888	0.08384946560490891	0.06986571132023016	0.08363980537297606	0.09576697879439836	0.06967558946277408	0.6143589292419388	0.10602577606368492	0.06739965998282149	1.0	0.3101936027130538	0.430461832005428	0.08543083684937018	0.4094838550182792	0.10573943574365376
te	1.0	0.38643664338154743	1.0	1.0	0.3656029077235581	0.3264270055665365	1.0	0.1995494323134724	0.36496495067293	0.28889613170691336	1.0	1.0	0.24487827703803947	0.24805879210815168	0.22561800604234067	1.0	1.0	0.6590085086689783	1.0	1.0	1.0	0.43819758216240595	0.3163856260292527	0.40958515100582943	0.2713095813878076	1.0	0.26906752099518616	1.0	0.2529276992989477	0.3048068810800778	0.3101936027130538	1.0	1.0	0.283328558179363	1.0	1.0
tr	1.0	0.48393221103635925	-1.0	1.0	0.33775835937068444	0.2868306725945932	0.7126076878862918	0.31302875658541046	0.2726703358380472	0.33244640121984903	0.6395657813917609	0.5846701681620466	0.657312113971931	0.32368474289969945	0.29537365193024573	0.38658390711913376	0.5320047131314173	0.4880864534512365	0.5982311734420862	0.6035670054046118	1.0	0.33557664849950686	0.3223716135233103	0.33367385834722635	0.6020422654992481	0.34554306442194704	0.49832607359407627	1.0	0.3992256028055105	0.5123723345616854	0.430461832005428	1.0	1.0	0.6332460537063271	1.0	0.4802904692981353
vi	1.0	0.1730474626764556	0.7863954451402115	0.6845485002822446	0.12901995904007194	0.06990461931189249	0.14495374600527192	0.08850040030085354	0.07484020672858611	0.0745575678070855	0.1420109329108276	0.13227209084501482	0.08096607522225316	0.10679338641147591	0.0824790148448225	0.10421915769103646	0.12478519340823528	0.1145949785242244	0.22354359303338478	0.21916822664446728	0.49676758129533705	0.07725749021959408	0.08402521109100981	0.09110321844956012	0.10024601896767907	0.10887028609957493	0.07902372229044091	0.48609683415136207	0.10311133087924126	0.0817748794723064	0.08543083684937018	0.283328558179363	0.6332460537063271	1.0	0.2963692605654838	0.10436309125543607
war	1.0	0.3411599062308432	1.0	1.0	0.26378039039646556	0.46793761346694307	0.5449347650477095	0.212926178756984	0.43442501538643313	0.33996026672603025	0.5441500381407309	0.5728802829949159	0.41151610578841485	0.28035428771626913	0.27575463506932	0.5434010974771173	0.5434010974771173	0.40940653238448127	0.5751631327282979	0.5788602239955581	1.0	0.26174688827614717	0.36001214136252496	0.45758212553972105	0.403190317617043	0.5715363983518332	0.41056784450274014	1.0	0.3905884751199247	0.38341992520704254	0.4094838550182792	1.0	1.0	0.2963692605654838	1.0	0.5426853171891297
zh	1.0	0.2052866480629669	1.0	1.0	0.15082182784872258	0.07197766990669716	1.0	0.12487464060976783	0.07903072069469864	0.08505461771003425	0.4866521249940254	1.0	0.09861969157513115	0.1559985150324059	0.11122682800641792	0.6829196033032385	1.0	0.1568270858794216	1.0	1.0	1.0	0.08747308980825882	0.11067673304427933	0.09532488190826988	0.1278044219816137	0.557713212036142	0.09237881471595584	1.0	0.12562348285849775	0.0901902491061999	0.10573943574365376	1.0	0.4802904692981353	0.10436309125543607	0.5426853171891297	1.0
