arz	bs	ceb	ckb	da	de	el	en	es	fr	he	hi	hu	id	it	ja	ko	lv	mk	ml	mr	nl	pl	pt	ro	ru	sh	si	simple	sr	sv	te	tr	vi	war	zh
arz	0.0	0.0	0.0	0.0	0.0	0.0	0.0	0.0	0.0	0.0	0.0	0.0	0.0	0.0	0.0	0.0	0.0	0.0	0.0	0.0	0.0	0.0	0.0	0.0	0.0	0.0	0.0	0.0	0.0	0.0	0.0	0.0	0.0	0.0	0.0	0.0
bs	0.0	1.0	0.0	0.0	0.002657218777679362	0.0012746972594008922	0.0	0.0011457516734004703	0.0026869682042095834	0.00130605137135394	0.0	0.0	0.0014464802314368371	0.006082725060827251	0.0020772027003635105	0.0	0.0	0.001049317943336831	0.0	0.0	0.0	0.0013750429700928155	0.0016544552115339162	0.0014265335235378032	0.004746084480303749	0.0	0.0007304601899196494	0.0	0.0035714285714285713	0.0016244314489928524	0.002352941176470588	0.0	0.0	0.001226993865030675	0.0	0.0
ceb	0.0	0.0	0.0	0.0	0.0	0.0	0.0	0.0	0.0	0.0	0.0	0.0	0.0	0.0	0.0	0.0	0.0	0.0	0.0	0.0	0.0	0.0	0.0	0.0	0.0	0.0	0.0	0.0	0.0	0.0	0.0	0.0	-1.0	0.0	0.0	0.0
ckb	0.0	0.0	0.0	0.0	0.0	0.0	0.0	0.0	0.0	0.0	0.0	0.0	0.0	0.0	0.0	0.0	0.0	0.0	0.0	0.0	0.0	0.0	0.0	0.0	0.0	0.0	0.0	0.0	0.0	0.0	0.0	0.0	0.0	0.0	0.0	0.0
da	0.0	0.002657218777679362	0.0	0.0	1.0	0.0007358351729212656	0.0	0.0004946821667078902	0.0005506607929515419	0.0009583133684714902	0.0	0.0	0.0	0.0024342745861733205	0.0003727865796831314	0.0	0.0	0.0	0.0	0.0	0.0	0.00040160642570281126	0.0018377526909950119	0.0	0.004146919431279621	0.0	0.0006226650062266501	0.0	0.0	0.0008712319219376198	0.002347417840375587	0.0	0.0	0.0029702970297029703	0.0	0.0
de	0.0	0.0012746972594008922	0.0	0.0	0.0007358351729212656	1.0	0.0	0.0030881217602294034	0.00104629871828407	0.0017807997409745831	0.0	0.0	0.001366120218579235	0.0017232890201870998	0.0024459845087647777	0.0	0.0	0.0003935458480913026	0.0	0.0	0.0	0.00222667557336896	0.002926493372353245	0.000812787862367922	0.0008103727714748784	0.0	0.0014241633040588653	0.0	0.00036886757654002215	0.001420637995608937	0.0010770059235325794	0.0	0.0	0.001488833746898263	0.0	0.0
el	0.0	0.0	0.0	0.0	0.0	0.0	0.0	0.0	0.0	0.0	0.0	0.0	0.0	0.0	0.0	0.0	0.0	0.0	0.0	0.0	0.0	0.0	0.0	0.0	0.0	0.0	0.0	0.0	0.0	0.0	0.0	0.0	0.0	0.0	0.0	0.0
en	0.0	0.0011457516734004703	0.0	0.0	0.0004946821667078902	0.0030881217602294034	0.0	1.0	0.0017964765878535002	0.004755816926617234	0.0	0.0	0.0016377142188688074	0.002745838338767805	0.006521109071587286	0.0	0.0	0.00018751171948246765	0.0	0.0	0.0	0.0029595711413893232	0.004165364990107258	0.0011088415523781733	0.0018092681218629626	0.0	0.0025179691434326786	0.0	0.0006806509498174618	0.0034530060072844237	0.0016910607032480029	0.0	0.0016501650165016502	0.0024637598120666932	0.0	0.0
es	0.0	0.0026869682042095834	0.0	0.0	0.0005506607929515419	0.00104629871828407	0.0	0.0017964765878535002	1.0	0.001326259946949602	0.0	0.0	0.0018135654697134566	0.0022158911047799935	0.0017019959771004177	0.0	0.0	0.0	0.0	0.0	0.0	0.0011129660545353367	0.002239413680781759	0.0014352350197344816	0.0014295925661186562	0.0	0.0009298618490967056	0.0	0.0011068068622025456	0.0007303534910896875	0.0010668563300142249	0.0	0.0	0.003523382447149263	0.0	0.0
fr	0.0	0.00130605137135394	0.0	0.0	0.0009583133684714902	0.0017807997409745831	0.0	0.004755816926617234	0.001326259946949602	1.0	0.0	0.0	0.0017598748533437622	0.002539452203881734	0.004205501250284156	0.0	0.0	0.0	0.0	0.0	0.0	0.0026922429749284874	0.0017879246321001237	0.0005826374053214216	0.0017462165308498253	0.0	0.001518064973180852	0.0	0.0009601536245799327	0.0013043478260869566	0.0009669309611293754	0.0	0.0032258064516129032	0.0021889821233126595	0.0	0.0
he	0.0	0.0	0.0	0.0	0.0	0.0	0.0	0.0	0.0	0.0	1.0	0.0	0.0	0.0	0.0	0.0	0.0	0.0	0.0	0.0	0.0	0.0	0.0	0.0	0.0	0.0	0.0	0.0	0.0	0.0	0.0	0.0	0.0	0.0	0.0	0.0
hi	0.0	0.0	0.0	0.0	0.0	0.0	0.0	0.0	0.0	0.0	0.0	0.0	0.0	0.0	0.0	0.0	0.0	0.0	0.0	0.0	0.0	0.0	0.0	0.0	0.0	0.0	0.0	0.0	0.0	0.0	0.0	0.0	0.0	0.0	0.0	0.0
hu	0.0	0.0014464802314368371	0.0	0.0	0.0	0.001366120218579235	0.0	0.0016377142188688074	0.0018135654697134566	0.0017598748533437622	0.0	0.0	1.0	0.0036752422318743734	0.003178639542275906	0.0	0.0	0.0006775067750677507	0.0	0.0	0.0	0.002041411490230388	0.002949231093322098	0.0007613247049866769	0.002277904328018223	0.0	0.000814442785394326	0.0	0.0012158054711246201	0.0005983545250560958	0.0015100037750094375	0.0	0.0	0.0010107816711590297	0.0	0.0
id	0.0	0.006082725060827251	0.0	0.0	0.0024342745861733205	0.0017232890201870998	0.0	0.002745838338767805	0.0022158911047799935	0.002539452203881734	0.0	0.0	0.0036752422318743734	1.0	0.004486987735566856	0.0	0.0	0.001597444089456869	0.0	0.0	0.0	0.0023492560689115116	0.003497182824946571	0.0013205678441729944	0.00395778364116095	0.0	0.0009009009009009009	0.0	0.0009760858955588092	0.0011291460832745237	0.0022950819672131148	0.0	0.0	0.004763322417386127	0.0	0.0
it	0.0	0.0020772027003635105	0.0	0.0	0.0003727865796831314	0.0024459845087647777	0.0	0.006521109071587286	0.0017019959771004177	0.004205501250284156	0.0	0.0	0.003178639542275906	0.004486987735566856	1.0	0.0	0.0	0.0007714561234329798	0.0	0.0	0.0	0.0030872859949480774	0.003909952606635071	0.0012632243802305385	0.0023670506548840145	0.0	0.00325821341297855	0.0	0.00037334328915437746	0.0016371340523882896	0.002362204724409449	0.0	0.0	0.0034534534534534536	0.0	0.0
ja	0.0	0.0	0.0	0.0	0.0	0.0	0.0	0.0	0.0	0.0	0.0	0.0	0.0	0.0	0.0	1.0	0.0	0.0	0.0	0.0	0.0	0.0	0.0	0.0	0.0	0.0	0.0	0.0	0.0	0.0	0.0	0.0	0.0	0.0	0.0	0.0
ko	0.0	0.0	0.0	0.0	0.0	0.0	0.0	0.0	0.0	0.0	0.0	0.0	0.0	0.0	0.0	0.0	0.0	0.0	0.0	0.0	0.0	0.0	0.0	0.0	0.0	0.0	0.0	0.0	0.0	0.0	0.0	0.0	0.0	0.0	0.0	0.0
lv	0.0	0.001049317943336831	0.0	0.0	0.0	0.0003935458480913026	0.0	0.00018751171948246765	0.0	0.0	0.0	0.0	0.0006775067750677507	0.001597444089456869	0.0007714561234329798	0.0	0.0	1.0	0.0	0.0	0.0	0.0	0.001100715465052284	0.0013297872340425532	0.0006596306068601583	0.0	0.00016002560409665546	0.0	0.0	0.00017969451931716083	0.0006540222367560497	0.0	0.0	0.0	0.0	0.0
mk	0.0	0.0	0.0	0.0	0.0	0.0	0.0	0.0	0.0	0.0	0.0	0.0	0.0	0.0	0.0	0.0	0.0	0.0	0.0	0.0	0.0	0.0	0.0	0.0	0.0	0.0	0.0	0.0	0.0	0.0	0.0	0.0	0.0	0.0	0.0	0.0
ml	0.0	0.0	0.0	0.0	0.0	0.0	0.0	0.0	0.0	0.0	0.0	0.0	0.0	0.0	0.0	0.0	0.0	0.0	0.0	0.0	0.0	0.0	0.0	0.0	0.0	0.0	0.0	0.0	0.0	0.0	0.0	0.0	0.0	0.0	0.0	0.0
mr	0.0	0.0	0.0	0.0	0.0	0.0	0.0	0.0	0.0	0.0	0.0	0.0	0.0	0.0	0.0	0.0	0.0	0.0	0.0	0.0	0.0	0.0	0.0	0.0	0.0	0.0	0.0	0.0	0.0	0.0	0.0	0.0	0.0	0.0	0.0	0.0
nl	0.0	0.0013750429700928155	0.0	0.0	0.00040160642570281126	0.00222667557336896	0.0	0.0029595711413893232	0.0011129660545353367	0.0026922429749284874	0.0	0.0	0.002041411490230388	0.0023492560689115116	0.0030872859949480774	0.0	0.0	0.0	0.0	0.0	0.0	1.0	0.002866869736606343	0.0008665511265164644	0.002017872585759585	0.0	0.0012196609342602757	0.0	0.0008061265618702137	0.001197445449707291	0.0014351320321469576	0.0	0.000974184120798831	0.002369668246445498	0.0	0.0
pl	0.0	0.0016544552115339162	0.0	0.0	0.0018377526909950119	0.002926493372353245	0.0	0.004165364990107258	0.002239413680781759	0.0017879246321001237	0.0	0.0	0.002949231093322098	0.003497182824946571	0.003909952606635071	0.0	0.0	0.001100715465052284	0.0	0.0	0.0	0.002866869736606343	1.0	0.0014635166213673428	0.001669100771959107	0.0	0.0018915510718789407	0.0	0.001841620626151013	0.0013577732518669382	0.0027077692147469278	0.0	0.0	0.00293140512018761	0.0	0.0
pt	0.0	0.0014265335235378032	0.0	0.0	0.0	0.000812787862367922	0.0	0.0011088415523781733	0.0014352350197344816	0.0005826374053214216	0.0	0.0	0.0007613247049866769	0.0013205678441729944	0.0012632243802305385	0.0	0.0	0.0013297872340425532	0.0	0.0	0.0	0.0008665511265164644	0.0014635166213673428	1.0	0.002629601803155522	0.0	0.0020305942872614054	0.0	0.0	0.0014907573047107932	0.0003729951510630362	0.0	0.008620689655172414	0.001669449081803005	0.0	0.0
ro	0.0	0.004746084480303749	0.0	0.0	0.004146919431279621	0.0008103727714748784	0.0	0.0018092681218629626	0.0014295925661186562	0.0017462165308498253	0.0	0.0	0.002277904328018223	0.00395778364116095	0.0023670506548840145	0.0	0.0	0.0006596306068601583	0.0	0.0	0.0	0.002017872585759585	0.001669100771959107	0.002629601803155522	1.0	0.0	0.0025696510684338654	0.0	0.0005931198102016608	0.0010413567390657541	0.0026061057334326137	0.0	0.0	0.002664002664002664	0.0007451564828614009	0.0
ru	0.0	0.0	0.0	0.0	0.0	0.0	0.0	0.0	0.0	0.0	0.0	0.0	0.0	0.0	0.0	0.0	0.0	0.0	0.0	0.0	0.0	0.0	0.0	0.0	0.0	1.0	0.0	0.0	0.0	0.0	0.0	0.0	0.0	0.0	0.0	0.0
sh	0.0	0.0007304601899196494	0.0	0.0	0.0006226650062266501	0.0014241633040588653	0.0	0.0025179691434326786	0.0009298618490967056	0.001518064973180852	0.0	0.0	0.000814442785394326	0.0009009009009009009	0.00325821341297855	0.0	0.0	0.00016002560409665546	0.0	0.0	0.0	0.0012196609342602757	0.0018915510718789407	0.0020305942872614054	0.0025696510684338654	0.0	1.0	0.0	0.0003116235587410408	0.0047335203366058905	0.0017536759746391475	0.0	0.0	0.0005167958656330749	0.0	0.0
si	0.0	0.0	0.0	0.0	0.0	0.0	0.0	0.0	0.0	0.0	0.0	0.0	0.0	0.0	0.0	0.0	0.0	0.0	0.0	0.0	0.0	0.0	0.0	0.0	0.0	0.0	0.0	0.0	0.0	0.0	0.0	0.0	0.0	0.0	0.0	0.0
simple	0.0	0.0035714285714285713	0.0	0.0	0.0	0.00036886757654002215	0.0	0.0006806509498174618	0.0011068068622025456	0.0009601536245799327	0.0	0.0	0.0012158054711246201	0.0009760858955588092	0.00037334328915437746	0.0	0.0	0.0	0.0	0.0	0.0	0.0008061265618702137	0.001841620626151013	0.0	0.0005931198102016608	0.0	0.0003116235587410408	0.0	1.0	0.0005232862375719519	0.0	0.0	0.0	0.0024838549428713363	0.0	0.0
sr	0.0	0.0016244314489928524	0.0	0.0	0.0008712319219376198	0.001420637995608937	0.0	0.0034530060072844237	0.0007303534910896875	0.0013043478260869566	0.0	0.0	0.0005983545250560958	0.0011291460832745237	0.0016371340523882896	0.0	0.0	0.00017969451931716083	0.0	0.0	0.0	0.001197445449707291	0.0013577732518669382	0.0014907573047107932	0.0010413567390657541	0.0	0.0047335203366058905	0.0	0.0005232862375719519	1.0	0.0023788284269997025	0.0	0.0	0.001560505036175344	0.0	0.0
sv	0.0	0.002352941176470588	0.0	0.0	0.002347417840375587	0.0010770059235325794	0.0	0.0016910607032480029	0.0010668563300142249	0.0009669309611293754	0.0	0.0	0.0015100037750094375	0.0022950819672131148	0.002362204724409449	0.0	0.0	0.0006540222367560497	0.0	0.0	0.0	0.0014351320321469576	0.0027077692147469278	0.0003729951510630362	0.0026061057334326137	0.0	0.0017536759746391475	0.0	0.0	0.0023788284269997025	1.0	0.0	0.0	0.0009930486593843098	0.0	0.0
te	0.0	0.0	0.0	0.0	0.0	0.0	0.0	0.0	0.0	0.0	0.0	0.0	0.0	0.0	0.0	0.0	0.0	0.0	0.0	0.0	0.0	0.0	0.0	0.0	0.0	0.0	0.0	0.0	0.0	0.0	0.0	0.0	0.0	0.0	0.0	0.0
tr	0.0	0.0	-1.0	0.0	0.0	0.0	0.0	0.0016501650165016502	0.0	0.0032258064516129032	0.0	0.0	0.0	0.0	0.0	0.0	0.0	0.0	0.0	0.0	0.0	0.000974184120798831	0.0	0.008620689655172414	0.0	0.0	0.0	0.0	0.0	0.0	0.0	0.0	1.0	0.0	0.0	0.0
vi	0.0	0.001226993865030675	0.0	0.0	0.0029702970297029703	0.001488833746898263	0.0	0.0024637598120666932	0.003523382447149263	0.0021889821233126595	0.0	0.0	0.0010107816711590297	0.004763322417386127	0.0034534534534534536	0.0	0.0	0.0	0.0	0.0	0.0	0.002369668246445498	0.00293140512018761	0.001669449081803005	0.002664002664002664	0.0	0.0005167958656330749	0.0	0.0024838549428713363	0.001560505036175344	0.0009930486593843098	0.0	0.0	1.0	0.0	0.0
war	0.0	0.0	0.0	0.0	0.0	0.0	0.0	0.0	0.0	0.0	0.0	0.0	0.0	0.0	0.0	0.0	0.0	0.0	0.0	0.0	0.0	0.0	0.0	0.0	0.0007451564828614009	0.0	0.0	0.0	0.0	0.0	0.0	0.0	0.0	0.0	1.0	0.0
zh	0.0	0.0	0.0	0.0	0.0	0.0	0.0	0.0	0.0	0.0	0.0	0.0	0.0	0.0	0.0	0.0	0.0	0.0	0.0	0.0	0.0	0.0	0.0	0.0	0.0	0.0	0.0	0.0	0.0	0.0	0.0	0.0	0.0	0.0	0.0	0.0
