arz	bs	ceb	ckb	da	de	el	en	es	fr	he	hi	hu	id	it	ja	ko	lv	mk	ml	mr	nl	pl	pt	ro	ru	sh	si	simple	sr	sv	te	tr	vi	war	zh
arz	0.2	0.25	1.0	0.3333333333333333	0.25	0.2	0.25	0.2	0.2	0.2	0.25	0.25	0.2	0.2	0.2	0.2	0.2	0.25	0.25	0.3333333333333333	1.0	0.25	0.25	0.2	0.25	0.2	0.2	1.0	0.25	0.2	0.2	0.5	0.5	0.25	0.3333333333333333	0.25
bs	0.25	0.008115357542850915	0.3333333333333333	0.07142857142857142	0.012195568114217726	0.008928890306122449	0.012987012987012988	0.008773392043782703	0.009434496262014952	0.009091404958677685	0.011904761904761904	0.013333333333333334	0.010101316192225282	0.010990822605965463	0.009616494082840236	0.009523809523809525	0.011494252873563218	0.01250015625	0.015625	0.02	0.07142857142857142	0.009709114902441323	0.009804594482891194	0.008695879017013231	0.010527423933518005	0.008695652173913044	0.008064841311134234	0.058823529411764705	0.013158587257617727	0.008065166558272632	0.009434407262370948	0.03571428571428571	0.09090909090909091	0.01086991965973535	0.03225806451612903	0.009433962264150943
ceb	1.0	0.3333333333333333	0.3333333333333333	0.5	0.3333333333333333	0.3333333333333333	0.5	0.3333333333333333	0.3333333333333333	0.3333333333333333	0.5	0.5	0.3333333333333333	0.3333333333333333	0.3333333333333333	0.5	0.5	0.3333333333333333	0.5	0.5	0.5	0.3333333333333333	0.3333333333333333	0.3333333333333333	0.3333333333333333	0.3333333333333333	0.3333333333333333	1.0	0.3333333333333333	0.3333333333333333	0.3333333333333333	0.5	-1.0	0.3333333333333333	0.3333333333333333	0.3333333333333333
ckb	0.3333333333333333	0.07142857142857142	0.5	0.05263157894736842	0.058823529411764705	0.05263157894736842	0.058823529411764705	0.05263157894736842	0.05263157894736842	0.05263157894736842	0.05263157894736842	0.08333333333333333	0.05555555555555555	0.05263157894736842	0.05263157894736842	0.05555555555555555	0.058823529411764705	0.07692307692307693	0.058823529411764705	0.07142857142857142	0.2	0.05263157894736842	0.05263157894736842	0.05555555555555555	0.0625	0.05555555555555555	0.058823529411764705	0.14285714285714285	0.05555555555555555	0.058823529411764705	0.05555555555555555	0.125	0.3333333333333333	0.058823529411764705	0.125	0.05555555555555555
da	0.25	0.012195568114217726	0.3333333333333333	0.058823529411764705	0.005860118823504648	0.0065360331496433	0.008928571428571428	0.006536289461318296	0.006896599286563615	0.006579120498614958	0.00847457627118644	0.010526315789473684	0.007142857142857143	0.007874325748651496	0.006896646848989299	0.006896551724137931	0.008064516129032258	0.009615384615384616	0.012987012987012988	0.016666666666666666	0.05	0.006756802410518627	0.006757076333089847	0.00625	0.007752358632293731	0.006172839506172839	0.0059881673778192125	0.05555555555555555	0.01	0.005988203234250062	0.00641042077580539	0.024390243902439025	0.09090909090909091	0.007936885928508504	0.027777777777777776	0.007142857142857143
de	0.2	0.008928890306122449	0.3333333333333333	0.05263157894736842	0.0065360331496433	0.0012993172590268554	0.004651162790697674	0.001360647881901059	0.002040832986255727	0.001636690676388416	0.005494505494505495	0.005050505050505051	0.0028902151759163347	0.004149498114701882	0.0018940039600550958	0.0018587360594795538	0.004219409282700422	0.005952416383219955	0.009009009009009009	0.012658227848101266	0.037037037037037035	0.0020161696800208113	0.0022173784789651964	0.0028169252132513385	0.004761972789115647	0.002785515320334262	0.0020243406710485335	0.05263157894736842	0.005405434623813003	0.002012116967397949	0.0036364165289256203	0.019230769230769232	0.05555555555555555	0.0028902235290186773	0.02631578947368421	0.00199203187250996
el	0.25	0.012987012987012988	0.5	0.058823529411764705	0.008928571428571428	0.004651162790697674	0.004608294930875576	0.004651162790697674	0.005405405405405406	0.0049261083743842365	0.007751937984496124	0.00909090909090909	0.005714285714285714	0.006622516556291391	0.005076142131979695	0.005076142131979695	0.0070921985815602835	0.008849557522123894	0.01282051282051282	0.016666666666666666	0.047619047619047616	0.005050505050505051	0.005555555555555556	0.00641025641025641	0.007751937984496124	0.006493506493506494	0.005813953488372093	0.05555555555555555	0.008849557522123894	0.005813953488372093	0.00684931506849315	0.02631578947368421	0.16666666666666666	0.006329113924050633	0.02857142857142857	0.005050505050505051
en	0.2	0.008773392043782703	0.3333333333333333	0.05263157894736842	0.006536289461318296	0.001360647881901059	0.004651162790697674	0.001273602010323157	0.001953243259429931	0.0015850196528590188	0.005494505494505495	0.005025125628140704	0.002785732575011057	0.004099166991416958	0.0018219416491849724	0.0017513134851138354	0.004081632653061225	0.005917264801652604	0.008771929824561403	0.012658227848101266	0.03571428571428571	0.0019571501602743554	0.00216957390095097	0.0028012695274188103	0.004608953471129138	0.0026041666666666665	0.0018117747223534966	0.05263157894736842	0.005376662041854549	0.0018020388312701885	0.003533931076702181	0.018867924528301886	0.05263434903047091	0.0027936316438313407	0.02631578947368421	0.0019011406844106464
es	0.2	0.009434496262014952	0.3333333333333333	0.05263157894736842	0.006896599286563615	0.002040832986255727	0.005405405405405406	0.001953243259429931	0.0019548890799602607	0.002159859867798049	0.0056179775280898875	0.006024096385542169	0.0033113131003026184	0.004444582716049383	0.002288387120422686	0.0023094688221709007	0.004424778761061947	0.006097560975609756	0.009345794392523364	0.012658227848101266	0.037037037037037035	0.002590700421487825	0.0025840527746062267	0.003413015876713765	0.005050607080910111	0.003257328990228013	0.0027624843563993774	0.05263157894736842	0.005780413645627987	0.002754858881831083	0.003968301209372638	0.019230769230769232	0.05555555555555555	0.0032895927328601103	0.02631578947368421	0.002570694087403599
fr	0.2	0.009091404958677685	0.3333333333333333	0.05263157894736842	0.006579120498614958	0.001636690676388416	0.0049261083743842365	0.0015850196528590188	0.002159859867798049	0.001526305179299002	0.005649717514124294	0.005263157894736842	0.003048864143367043	0.004273759953247132	0.0020748480613281446	0.001941747572815534	0.0041841004184100415	0.006024096385542169	0.008849557522123894	0.012658227848101266	0.03571428571428571	0.0021930594028931978	0.0023474894807026824	0.0030211754182601475	0.004784895057347588	0.0028735632183908046	0.002272804757231404	0.05263157894736842	0.0058140886965927525	0.0022625048678415727	0.0036901049958470065	0.019230769230769232	0.05263434903047091	0.003195010666639447	0.02631578947368421	0.002145922746781116
he	0.25	0.011904761904761904	0.5	0.05263157894736842	0.00847457627118644	0.005494505494505495	0.007751937984496124	0.005494505494505495	0.0056179775280898875	0.005649717514124294	0.005494716821639899	0.00980392156862745	0.006172839506172839	0.006993006993006993	0.005681818181818182	0.005813953488372093	0.007246376811594203	0.008849557522123894	0.011235955056179775	0.015151515151515152	0.047619047619047616	0.005952380952380952	0.0058823529411764705	0.0064516129032258064	0.008064516129032258	0.0064516129032258064	0.006289308176100629	0.05263157894736842	0.00909090909090909	0.006289308176100629	0.006666666666666667	0.027777777777777776	0.14285714285714285	0.00641025641025641	0.027777777777777776	0.005952380952380952
hi	0.25	0.013333333333333334	0.5	0.08333333333333333	0.010526315789473684	0.005050505050505051	0.00909090909090909	0.005025125628140704	0.006024096385542169	0.005263157894736842	0.00980392156862745	0.005	0.00641025641025641	0.007352941176470588	0.005405405405405406	0.0053475935828877	0.008333333333333333	0.01	0.015151515151515152	0.01694915254237288	0.05555555555555555	0.005494505494505495	0.005988023952095809	0.006896551724137931	0.007874015748031496	0.00684931506849315	0.00641025641025641	0.07142857142857142	0.008695652173913044	0.00641025641025641	0.007936507936507936	0.024390243902439025	0.14285714285714285	0.006578947368421052	0.030303030303030304	0.005235602094240838
hu	0.2	0.010101316192225282	0.3333333333333333	0.05555555555555555	0.007142857142857143	0.0028902151759163347	0.005714285714285714	0.002785732575011057	0.0033113131003026184	0.003048864143367043	0.006172839506172839	0.00641025641025641	0.002787845123482727	0.004807946630015718	0.003164757250440635	0.0032258064516129032	0.004830917874396135	0.0063694673211895005	0.009615384615384616	0.013333333333333334	0.037037037037037035	0.0032574032615730673	0.0034015225137674124	0.0041494120280298205	0.005291173259427227	0.004	0.00353364382124886	0.05263157894736842	0.0063291940394167604	0.0035336188490304537	0.004545537190082645	0.020833333333333332	0.16666666666666666	0.004032306841831426	0.02631578947368421	0.0033222591362126247
id	0.2	0.010990822605965463	0.3333333333333333	0.05263157894736842	0.007874325748651496	0.004149498114701882	0.006622516556291391	0.004099166991416958	0.004444582716049383	0.004273759953247132	0.006993006993006993	0.007352941176470588	0.004807946630015718	0.004127184320256543	0.0043483932703213615	0.0044444444444444444	0.005681818181818182	0.00775211826212367	0.010416666666666666	0.013888888888888888	0.043478260869565216	0.0045250711492393686	0.004608677228227398	0.005319262109551833	0.006098007138607971	0.005128205128205128	0.004950666601313596	0.05263157894736842	0.006896646848989299	0.0049506911087148315	0.0055868106800974066	0.022222222222222223	0.07142857142857142	0.005050913197632894	0.02631578947368421	0.004329004329004329
it	0.2	0.009616494082840236	0.3333333333333333	0.05263157894736842	0.006896646848989299	0.0018940039600550958	0.005076142131979695	0.0018219416491849724	0.002288387120422686	0.0020748480613281446	0.005681818181818182	0.005405405405405406	0.003164757250440635	0.0043483932703213615	0.0018382758262391274	0.0022123893805309734	0.004366812227074236	0.0062113344392577445	0.009009009009009009	0.01282051282051282	0.041666666666666664	0.002439155276627013	0.0025318571062329753	0.0032574138717652175	0.0048312679642465405	0.0031847133757961785	0.0026527731919594177	0.05263157894736842	0.005814021092482424	0.0026456216301335347	0.003968490173847317	0.0196078431372549	0.058823529411764705	0.0031647873037173526	0.02631578947368421	0.0024330900243309003
ja	0.2	0.009523809523809525	0.5	0.05555555555555555	0.006896551724137931	0.0018587360594795538	0.005076142131979695	0.0017513134851138354	0.0023094688221709007	0.001941747572815534	0.005813953488372093	0.0053475935828877	0.0032258064516129032	0.0044444444444444444	0.0022123893805309734	0.0017006831644222314	0.0041841004184100415	0.006172839506172839	0.008849557522123894	0.012658227848101266	0.03571428571428571	0.0023584905660377358	0.0025	0.0033444816053511705	0.0048543689320388345	0.003134796238244514	0.0024691358024691358	0.058823529411764705	0.005917159763313609	0.0024630541871921183	0.003952569169960474	0.0196078431372549	0.06666666666666667	0.003367003367003367	0.02702702702702703	0.0022172949002217295
ko	0.2	0.011494252873563218	0.5	0.058823529411764705	0.008064516129032258	0.004219409282700422	0.0070921985815602835	0.004081632653061225	0.004424778761061947	0.0041841004184100415	0.007246376811594203	0.008333333333333333	0.004830917874396135	0.005681818181818182	0.004366812227074236	0.0041841004184100415	0.004081632653061225	0.007194244604316547	0.01	0.013333333333333334	0.037037037037037035	0.004545454545454545	0.004608294930875576	0.0053475935828877	0.006211180124223602	0.005154639175257732	0.0048543689320388345	0.0625	0.008	0.004830917874396135	0.005434782608695652	0.025	0.09090909090909091	0.005405405405405406	0.02702702702702703	0.004405286343612335
lv	0.25	0.01250015625	0.3333333333333333	0.07692307692307693	0.009615384615384616	0.005952416383219955	0.008849557522123894	0.005917264801652604	0.006097560975609756	0.006024096385542169	0.008849557522123894	0.01	0.0063694673211895005	0.00775211826212367	0.0062113344392577445	0.006172839506172839	0.007194244604316547	0.005923363473693749	0.0136986301369863	0.015873015873015872	0.043478260869565216	0.006172839506172839	0.006060752984389348	0.007092299230471355	0.008064581165452655	0.007194244604316547	0.0068027673654495815	0.07142857142857142	0.00980392156862745	0.0068027673654495815	0.0072993233523363	0.02631578947368421	0.14285714285714285	0.006802721088435374	0.02702702702702703	0.006289308176100629
mk	0.25	0.015625	0.5	0.058823529411764705	0.012987012987012988	0.009009009009009009	0.01282051282051282	0.008771929824561403	0.009345794392523364	0.008849557522123894	0.011235955056179775	0.015151515151515152	0.009615384615384616	0.010416666666666666	0.009009009009009009	0.008849557522123894	0.01	0.0136986301369863	0.008771929824561403	0.018867924528301886	0.0625	0.009259259259259259	0.009345794392523364	0.010638297872340425	0.010416666666666666	0.01	0.00980392156862745	0.07692307692307693	0.015151515151515152	0.00980392156862745	0.010638297872340425	0.05	0.16666666666666666	0.010638297872340425	0.03333333333333333	0.009433962264150943
ml	0.3333333333333333	0.02	0.5	0.07142857142857142	0.016666666666666666	0.012658227848101266	0.016666666666666666	0.012658227848101266	0.012658227848101266	0.012658227848101266	0.015151515151515152	0.01694915254237288	0.013333333333333334	0.013888888888888888	0.01282051282051282	0.012658227848101266	0.013333333333333334	0.015873015873015872	0.018867924528301886	0.012658227848101266	0.0625	0.012987012987012988	0.01282051282051282	0.014285714285714285	0.015873015873015872	0.014285714285714285	0.014492753623188406	0.07142857142857142	0.01694915254237288	0.014492753623188406	0.014492753623188406	0.043478260869565216	0.1111111111111111	0.013888888888888888	0.038461538461538464	0.012658227848101266
mr	1.0	0.07142857142857142	0.5	0.2	0.05	0.037037037037037035	0.047619047619047616	0.03571428571428571	0.037037037037037035	0.03571428571428571	0.047619047619047616	0.05555555555555555	0.037037037037037035	0.043478260869565216	0.041666666666666664	0.03571428571428571	0.037037037037037035	0.043478260869565216	0.0625	0.0625	0.03571428571428571	0.03571428571428571	0.037037037037037035	0.041666666666666664	0.05	0.04	0.038461538461538464	0.2	0.045454545454545456	0.038461538461538464	0.04	0.125	0.5	0.037037037037037035	0.09090909090909091	0.03571428571428571
nl	0.25	0.009709114902441323	0.3333333333333333	0.05263157894736842	0.006756802410518627	0.0020161696800208113	0.005050505050505051	0.0019571501602743554	0.002590700421487825	0.0021930594028931978	0.005952380952380952	0.005494505494505495	0.0032574032615730673	0.0045250711492393686	0.002439155276627013	0.0023584905660377358	0.004545454545454545	0.006172839506172839	0.009259259259259259	0.012987012987012988	0.03571428571428571	0.0019498342816924872	0.0028654608747054615	0.0033333666777777783	0.004902128988850442	0.003436426116838488	0.0027248698928643016	0.05263157894736842	0.006024168965016694	0.0027174577622873348	0.004048664951072792	0.02	0.052642662049861504	0.0035336812920625806	0.02631578947368421	0.0024813895781637717
pl	0.25	0.009804594482891194	0.3333333333333333	0.05263157894736842	0.006757076333089847	0.0022173784789651964	0.005555555555555556	0.00216957390095097	0.0025840527746062267	0.0023474894807026824	0.0058823529411764705	0.005988023952095809	0.0034015225137674124	0.004608677228227398	0.0025318571062329753	0.0025	0.004608294930875576	0.006060752984389348	0.009345794392523364	0.01282051282051282	0.037037037037037035	0.0028654608747054615	0.0021297474967104744	0.0035715178571428573	0.005025327643241332	0.003424657534246575	0.003048947808224271	0.05263157894736842	0.006211450175533351	0.0030304132231404957	0.004048796079266993	0.02	0.05555555555555555	0.0034484542330558855	0.02631578947368421	0.002777777777777778
pt	0.2	0.008695879017013231	0.3333333333333333	0.05555555555555555	0.00625	0.0028169252132513385	0.00641025641025641	0.0028012695274188103	0.003413015876713765	0.0030211754182601475	0.0064516129032258064	0.006896551724137931	0.0041494120280298205	0.005319262109551833	0.0032574138717652175	0.0033444816053511705	0.0053475935828877	0.007092299230471355	0.010638297872340425	0.014285714285714285	0.041666666666666664	0.0033333666777777783	0.0035715178571428573	0.002009359655668974	0.004048697733121343	0.0025188916876574307	0.0020704576726720933	0.05263157894736842	0.007692307692307693	0.0020704362400284625	0.003164566976446082	0.01639344262295082	0.05263434903047091	0.0046512709572742025	0.027777777777777776	0.0034482758620689655
ro	0.25	0.010527423933518005	0.3333333333333333	0.0625	0.007752358632293731	0.004761972789115647	0.007751937984496124	0.004608953471129138	0.005050607080910111	0.004784895057347588	0.008064516129032258	0.007874015748031496	0.005291173259427227	0.006098007138607971	0.0048312679642465405	0.0048543689320388345	0.006211180124223602	0.008064581165452655	0.010416666666666666	0.015873015873015872	0.05	0.004902128988850442	0.005025327643241332	0.004048697733121343	0.0037083714461661962	0.0038910505836575876	0.003731607846973157	0.05555555555555555	0.008695727788279773	0.003745416543926833	0.004587303257301574	0.0196078431372549	0.16666666666666666	0.005952664399092971	0.028572244897959183	0.004878048780487805
ru	0.2	0.008695652173913044	0.3333333333333333	0.05555555555555555	0.006172839506172839	0.002785515320334262	0.006493506493506494	0.0026041666666666665	0.003257328990228013	0.0028735632183908046	0.0064516129032258064	0.00684931506849315	0.004	0.005128205128205128	0.0031847133757961785	0.003134796238244514	0.005154639175257732	0.007194244604316547	0.01	0.014285714285714285	0.04	0.003436426116838488	0.003424657534246575	0.0025188916876574307	0.0038910505836575876	0.0018622251351566917	0.0019230769230769232	0.05	0.006993006993006993	0.0019157088122605363	0.0030864197530864196	0.015384615384615385	0.05263157894736842	0.004347826086956522	0.02857142857142857	0.0031746031746031746
sh	0.2	0.008064841311134234	0.3333333333333333	0.058823529411764705	0.0059881673778192125	0.0020243406710485335	0.005813953488372093	0.0018117747223534966	0.0027624843563993774	0.002272804757231404	0.006289308176100629	0.00641025641025641	0.00353364382124886	0.004950666601313596	0.0026527731919594177	0.0024691358024691358	0.0048543689320388345	0.0068027673654495815	0.00980392156862745	0.014492753623188406	0.038461538461538464	0.0027248698928643016	0.003048947808224271	0.0020704576726720933	0.003731607846973157	0.0019230769230769232	0.0013073139305525368	0.05	0.006944540895061729	0.0012987923848895252	0.0027701828792136337	0.015151515151515152	0.14285714285714285	0.0038911111447561663	0.027777777777777776	0.002638522427440633
si	1.0	0.058823529411764705	1.0	0.14285714285714285	0.05555555555555555	0.05263157894736842	0.05555555555555555	0.05263157894736842	0.05263157894736842	0.05263157894736842	0.05263157894736842	0.07142857142857142	0.05263157894736842	0.05263157894736842	0.05263157894736842	0.058823529411764705	0.0625	0.07142857142857142	0.07692307692307693	0.07142857142857142	0.2	0.05263157894736842	0.05263157894736842	0.05263157894736842	0.05555555555555555	0.05	0.05	0.05	0.058823529411764705	0.05	0.05263157894736842	0.1	1.0	0.05555555555555555	0.09090909090909091	0.05555555555555555
simple	0.25	0.013158587257617727	0.3333333333333333	0.05555555555555555	0.01	0.005405434623813003	0.008849557522123894	0.005376662041854549	0.005780413645627987	0.0058140886965927525	0.00909090909090909	0.008695652173913044	0.0063291940394167604	0.006896646848989299	0.005814021092482424	0.005917159763313609	0.008	0.00980392156862745	0.015151515151515152	0.01694915254237288	0.045454545454545456	0.006024168965016694	0.006211450175533351	0.007692307692307693	0.008695727788279773	0.006993006993006993	0.006944540895061729	0.058823529411764705	0.005386393580398733	0.00694458912037037	0.007692307692307693	0.022727272727272728	0.07142857142857142	0.006097746876859013	0.02631578947368421	0.005813953488372093
sr	0.2	0.008065166558272632	0.3333333333333333	0.058823529411764705	0.005988203234250062	0.002012116967397949	0.005813953488372093	0.0018020388312701885	0.002754858881831083	0.0022625048678415727	0.006289308176100629	0.00641025641025641	0.0035336188490304537	0.0049506911087148315	0.0026456216301335347	0.0024630541871921183	0.004830917874396135	0.0068027673654495815	0.00980392156862745	0.014492753623188406	0.038461538461538464	0.0027174577622873348	0.0030304132231404957	0.0020704362400284625	0.003745416543926833	0.0019157088122605363	0.0012987923848895252	0.05	0.00694458912037037	0.0012959900124148557	0.002754942361253406	0.015151515151515152	0.1	0.0038912171266786773	0.027777777777777776	0.0026246719160104987
sv	0.2	0.009434407262370948	0.3333333333333333	0.05555555555555555	0.00641042077580539	0.0036364165289256203	0.00684931506849315	0.003533931076702181	0.003968301209372638	0.0036901049958470065	0.006666666666666667	0.007936507936507936	0.004545537190082645	0.0055868106800974066	0.003968490173847317	0.003952569169960474	0.005434782608695652	0.0072993233523363	0.010638297872340425	0.014492753623188406	0.04	0.004048664951072792	0.004048796079266993	0.003164566976446082	0.004587303257301574	0.0030864197530864196	0.0027701828792136337	0.05263157894736842	0.007692307692307693	0.002754942361253406	0.002742378436023372	0.018867924528301886	0.07692307692307693	0.0050252013838034395	0.027777777777777776	0.004081632653061225
te	0.5	0.03571428571428571	0.5	0.125	0.024390243902439025	0.019230769230769232	0.02631578947368421	0.018867924528301886	0.019230769230769232	0.019230769230769232	0.027777777777777776	0.024390243902439025	0.020833333333333332	0.022222222222222223	0.0196078431372549	0.0196078431372549	0.025	0.02631578947368421	0.05	0.043478260869565216	0.125	0.02	0.02	0.01639344262295082	0.0196078431372549	0.015384615384615385	0.015151515151515152	0.1	0.022727272727272728	0.015151515151515152	0.018867924528301886	0.015151515151515152	0.16666666666666666	0.020833333333333332	0.0625	0.0196078431372549
tr	0.5	0.09090909090909091	-1.0	0.3333333333333333	0.09090909090909091	0.05555555555555555	0.16666666666666666	0.05263434903047091	0.05555555555555555	0.05263434903047091	0.14285714285714285	0.14285714285714285	0.16666666666666666	0.07142857142857142	0.058823529411764705	0.06666666666666667	0.09090909090909091	0.14285714285714285	0.16666666666666666	0.1111111111111111	0.5	0.052642662049861504	0.05555555555555555	0.05263434903047091	0.16666666666666666	0.05263157894736842	0.14285714285714285	1.0	0.07142857142857142	0.1	0.07692307692307693	0.16666666666666666	0.05004003252753003	0.07692307692307693	0.5	0.06666666666666667
vi	0.25	0.01086991965973535	0.3333333333333333	0.058823529411764705	0.007936885928508504	0.0028902235290186773	0.006329113924050633	0.0027936316438313407	0.0032895927328601103	0.003195010666639447	0.00641025641025641	0.006578947368421052	0.004032306841831426	0.005050913197632894	0.0031647873037173526	0.003367003367003367	0.005405405405405406	0.006802721088435374	0.010638297872340425	0.013888888888888888	0.037037037037037035	0.0035336812920625806	0.0034484542330558855	0.0046512709572742025	0.005952664399092971	0.004347826086956522	0.0038911111447561663	0.05555555555555555	0.006097746876859013	0.0038912171266786773	0.0050252013838034395	0.020833333333333332	0.07692307692307693	0.002798540837924059	0.02631578947368421	0.003389830508474576
war	0.3333333333333333	0.03225806451612903	0.3333333333333333	0.125	0.027777777777777776	0.02631578947368421	0.02857142857142857	0.02631578947368421	0.02631578947368421	0.02631578947368421	0.027777777777777776	0.030303030303030304	0.02631578947368421	0.02631578947368421	0.02631578947368421	0.02702702702702703	0.02702702702702703	0.02702702702702703	0.03333333333333333	0.038461538461538464	0.09090909090909091	0.02631578947368421	0.02631578947368421	0.027777777777777776	0.028572244897959183	0.02857142857142857	0.027777777777777776	0.09090909090909091	0.02631578947368421	0.027777777777777776	0.027777777777777776	0.0625	0.5	0.02631578947368421	0.026317867728531855	0.02631578947368421
zh	0.25	0.009433962264150943	0.3333333333333333	0.05555555555555555	0.007142857142857143	0.00199203187250996	0.005050505050505051	0.0019011406844106464	0.002570694087403599	0.002145922746781116	0.005952380952380952	0.005235602094240838	0.0033222591362126247	0.004329004329004329	0.0024330900243309003	0.0022172949002217295	0.004405286343612335	0.006289308176100629	0.009433962264150943	0.012658227848101266	0.03571428571428571	0.0024813895781637717	0.002777777777777778	0.0034482758620689655	0.004878048780487805	0.0031746031746031746	0.002638522427440633	0.05555555555555555	0.005813953488372093	0.0026246719160104987	0.004081632653061225	0.0196078431372549	0.06666666666666667	0.003389830508474576	0.02631578947368421	0.0018832391713747645
