arz	bs	ceb	ckb	da	de	el	en	es	fr	he	hi	hu	id	it	ja	ko	lv	mk	ml	mr	nl	pl	pt	ro	ru	sh	si	simple	sr	sv	te	tr	vi	war	zh
arz	0.5	0.5	0.0	0.5	0.5	0.5	0.5	0.5	0.5	0.5	0.5	0.5	0.5	0.5	0.5	0.5	0.5	0.5	0.5	0.5	0.5	0.5	0.5	0.5	0.5	0.5	0.5	1.0	0.5	0.5	0.5	0.5	0.5	0.5	0.5	0.5
bs	0.5	0.0012877051803695907	1.0	1.0	0.2	0.0026687374730602603	0.012706308417837936	0.0042117337553205835	0.0064523205411030175	0.0017161958578545025	0.07692899408284024	1.0	0.013932422061072699	0.020031647268498147	0.013889853395061727	0.01538532544378698	0.01318808497416549	1.0	0.0011918951132300357	1.0	0.3333333333333333	0.0011858291557312747	0.001228794085703807	0.001233244828738934	0.009003978803102431	0.001218443841030482	0.001389697753406061	0.3333333333333333	0.25	0.0011634400581685982	0.014927600801960346	0.5	0.14285714285714285	0.00769894018136361	0.25	0.002092921548301054
ceb	0.0	1.0	0.3333333333333333	0.0	1.0	0.5	0.0	0.3333333333333333	0.5	1.0	0.5	0.5	1.0	0.5	0.5	0.5	0.5	1.0	1.0	1.0	0.0	1.0	1.0	0.5	0.5	0.5	1.0	0.5	1.0	1.0	1.0	0.0	-1.0	0.5	1.0	0.5
ckb	0.5	1.0	0.0	1.0	0.0	1.0	1.0	1.0	0.0	1.0	0.0	0.0	0.0	0.0	0.0	1.0	0.0	0.0	1.0	0.0	0.3333333333333333	1.0	1.0	1.0	0.0	1.0	1.0	0.3333333333333333	0.0	1.0	1.0	0.5	0.125	0.0	0.25	1.0
da	0.5	0.2	1.0	0.0	0.2	0.25	0.5	0.25	0.25	0.25	0.3333333333333333	1.0	0.3333333333333333	0.5	0.25	0.25	0.25	1.0	0.3333333333333333	1.0	0.3333333333333333	0.25	0.25	0.25	0.3333333333333333	0.25	0.3333333333333333	0.3333333333333333	0.5	0.25	0.3333333333333333	0.5	0.16666666666666666	0.25	0.25	0.25
de	0.5	0.0026687374730602603	0.5	1.0	0.25	0.0025894540723896565	0.013340270935824535	0.004743743114377849	0.006802813642463788	0.0038649579796245603	0.05555555555555555	1.0	0.014712590401819424	0.020836371527777776	0.013158240997229917	0.013513696128560994	0.013161531856475242	1.0	0.002702702702702703	1.0	0.3333333333333333	0.0026966971762920136	0.0026385711600448334	0.0026246994716211656	0.009185941943380812	0.002824922595678125	0.003534168362708986	0.3333333333333333	0.25	0.002674097107452315	0.014492963663095989	0.5	0.07142857142857142	0.008065621878382024	0.25	0.004292011273001897
el	0.5	0.012706308417837936	0.0	1.0	0.5	0.013340270935824535	0.013057708406396725	0.013604890598351226	0.01515450022979798	0.013590469443639553	0.2	1.0	0.021874149794104302	0.02865902439225732	0.03572577041327041	0.0256456291913215	0.022307981986558503	1.0	0.012658227848101266	1.0	0.3333333333333333	0.012844721334683841	0.012658548309565774	0.012821005917159761	0.01810771714781874	0.014706531141868508	0.014099203351737576	0.3333333333333333	1.0	0.012664801798111682	0.028581229391023675	0.5	0.125	0.01787949206542227	0.25	0.013891782793209876
en	0.5	0.0042117337553205835	0.3333333333333333	1.0	0.25	0.004743743114377849	0.013604890598351226	0.004147184483757393	0.006623393842419192	0.0046964028976639064	0.050004999999999994	1.0	0.013776010993594557	0.019668000918918883	0.012661754206537573	0.013160146122056784	0.01254800026269487	1.0	0.00425531914893617	1.0	0.3333333333333333	0.0041988408221213525	0.003968899644132652	0.004016435234915565	0.008919515094816319	0.00438679224378655	0.00472618898302831	0.3333333333333333	0.25	0.004205585731324733	0.01587830864273167	0.5	0.05555555555555555	0.007648770711354971	0.25	0.004927637822053508
es	0.5	0.0064523205411030175	0.5	0.0	0.25	0.006802813642463788	0.01515450022979798	0.006623393842419192	0.006139300804662429	0.006493928191937932	0.07692307692307693	1.0	0.014085498908946637	0.0200020004	0.016666666666666666	0.015873015873015872	0.01298768780570079	1.0	0.006493506493506494	1.0	0.3333333333333333	0.0064105029585798815	0.006172839506172839	0.006289308176100629	0.009176921892433295	0.007246376811594203	0.007092450077963885	0.3333333333333333	0.25	0.006535947712418301	0.019231139053254437	0.5	0.07142857142857142	0.008621061385255648	0.25	0.006756756756756757
fr	0.5	0.0017161958578545025	1.0	1.0	0.25	0.0038649579796245603	0.013590469443639553	0.0046964028976639064	0.006493928191937932	0.0018857915927504047	0.07142857142857142	1.0	0.013955185417250972	0.02004812835056587	0.01370106980671796	0.014287551224489792	0.01254296397737504	1.0	0.0017301038062283738	1.0	0.3333333333333333	0.0016998802389588826	0.0016783451562373485	0.001683807822912061	0.008982307877349724	0.001742831314068436	0.001732006970271644	0.3333333333333333	0.25	0.0017012563443111126	0.014928715750056137	0.5	0.06666666666666667	0.008145047380101262	0.25	0.002084697149149835
he	0.5	0.07692899408284024	0.5	0.0	0.3333333333333333	0.05555555555555555	0.2	0.050004999999999994	0.07692307692307693	0.07142857142857142	0.050004999999999994	1.0	0.25	0.5	0.0625	0.08333333333333333	0.1111111111111111	1.0	0.07692307692307693	1.0	0.3333333333333333	0.07692307692307693	0.05	0.05263157894736842	0.14285714285714285	0.05	0.1111111111111111	0.3333333333333333	0.5	0.07692307692307693	0.16666666666666666	0.5	0.1	0.14285714285714285	0.25	0.07142857142857142
hi	0.5	1.0	0.5	0.0	1.0	1.0	1.0	1.0	1.0	1.0	1.0	1.0	1.0	1.0	1.0	1.0	1.0	1.0	1.0	1.0	0.3333333333333333	1.0	1.0	1.0	1.0	1.0	0.0	0.3333333333333333	1.0	1.0	1.0	0.5	0.125	1.0	0.25	1.0
hu	0.5	0.013932422061072699	1.0	0.0	0.3333333333333333	0.014712590401819424	0.021874149794104302	0.013776010993594557	0.014085498908946637	0.013955185417250972	0.25	1.0	0.013856931353556316	0.02280709389613464	0.029418685986159168	0.023259600865332613	0.015225561177336795	1.0	0.014084507042253521	1.0	0.3333333333333333	0.013723447454101092	0.01369919328204166	0.014084903788930767	0.014309426731883764	0.01587351977828168	0.014939423945671227	0.3333333333333333	0.5	0.014089666336837926	0.027780865741513117	0.5	0.125	0.014729492274528688	0.25	0.013514974433893353
id	0.5	0.020031647268498147	0.5	0.0	0.5	0.020836371527777776	0.02865902439225732	0.019668000918918883	0.0200020004	0.02004812835056587	0.5	1.0	0.02280709389613464	0.019860572067408693	0.04348393383742911	0.026319252077562322	0.022277180603364238	1.0	0.02	1.0	0.3333333333333333	0.020022428437638837	0.019608227604767395	0.020000399999999998	0.021899548436865365	0.022727789256198346	0.02084419010677213	0.3333333333333333	0.3333333333333333	0.0200048020012004	0.030309460056934807	0.5	0.1111111111111111	0.021757098776467393	0.25	0.020002000399999997
it	0.5	0.013889853395061727	0.5	0.0	0.25	0.013158240997229917	0.03572577041327041	0.012661754206537573	0.016666666666666666	0.01370106980671796	0.0625	1.0	0.029418685986159168	0.04348393383742911	0.011378507000295246	0.02173960302457467	0.027781636574074075	1.0	0.014084507042253521	1.0	0.3333333333333333	0.013514609203798393	0.011904761904761904	0.012345679012345678	0.024400957170732304	0.0125	0.016666944444444443	0.3333333333333333	0.25	0.014084705415592145	0.02857142857142857	0.5	0.06666666666666667	0.023810657596371878	0.25	0.01428591836734694
ja	0.5	0.01538532544378698	0.5	1.0	0.25	0.013513696128560994	0.0256456291913215	0.013160146122056784	0.015873015873015872	0.014287551224489792	0.08333333333333333	1.0	0.023259600865332613	0.026319252077562322	0.02173960302457467	0.013166557831202045	0.02127840651878678	1.0	0.015625	1.0	0.3333333333333333	0.01562548828125	0.013158067867036011	0.013333333333333334	0.02083854296875	0.013513513513513514	0.017857142857142856	0.3333333333333333	0.5	0.015625	0.022222222222222223	0.5	0.06666666666666667	0.021277501131733816	0.25	0.014492753623188406
ko	0.5	0.01318808497416549	0.5	0.0	0.25	0.013161531856475242	0.022307981986558503	0.01254800026269487	0.01298768780570079	0.01254296397737504	0.1111111111111111	1.0	0.015225561177336795	0.022277180603364238	0.027781636574074075	0.02127840651878678	0.012575005310500017	1.0	0.013333333333333334	1.0	0.3333333333333333	0.013173494826025476	0.012659509854190032	0.01250015625	0.014032357916672651	0.015152433425160696	0.013705951210546068	0.3333333333333333	0.5	0.013336178489066666	0.027780864197530862	0.5	0.07692307692307693	0.013903372508505808	0.25	0.01250171875
lv	0.5	1.0	1.0	0.0	1.0	1.0	1.0	1.0	1.0	1.0	1.0	1.0	1.0	1.0	1.0	1.0	1.0	1.0	1.0	1.0	0.3333333333333333	1.0	1.0	1.0	1.0	1.0	0.0	0.3333333333333333	1.0	1.0	1.0	0.5	0.14285714285714285	1.0	0.25	1.0
mk	0.5	0.0011918951132300357	1.0	1.0	0.3333333333333333	0.002702702702702703	0.012658227848101266	0.00425531914893617	0.006493506493506494	0.0017301038062283738	0.07692307692307693	1.0	0.014084507042253521	0.02	0.014084507042253521	0.015625	0.013333333333333334	1.0	0.0011904761904761906	1.0	0.3333333333333333	0.001199040767386091	0.0012515644555694619	0.0012531328320802004	0.008928571428571428	0.0012406947890818859	0.001430615164520744	0.3333333333333333	0.25	0.0011947431302270011	0.015151515151515152	0.5	0.125	0.0078125	0.25	0.002145922746781116
ml	0.5	1.0	1.0	0.0	1.0	1.0	1.0	1.0	1.0	1.0	1.0	1.0	1.0	1.0	1.0	1.0	1.0	1.0	1.0	1.0	0.3333333333333333	1.0	1.0	1.0	1.0	1.0	0.0	0.3333333333333333	1.0	1.0	1.0	0.5	0.2	1.0	0.25	1.0
mr	0.5	0.3333333333333333	0.0	0.3333333333333333	0.3333333333333333	0.3333333333333333	0.3333333333333333	0.3333333333333333	0.3333333333333333	0.3333333333333333	0.3333333333333333	0.3333333333333333	0.3333333333333333	0.3333333333333333	0.3333333333333333	0.3333333333333333	0.3333333333333333	0.3333333333333333	0.3333333333333333	0.3333333333333333	0.3333333333333333	0.3333333333333333	0.3333333333333333	0.3333333333333333	0.3333333333333333	0.3333333333333333	0.3333333333333333	1.0	0.3333333333333333	0.3333333333333333	0.3333333333333333	0.5	0.3333333333333333	0.3333333333333333	0.3333333333333333	0.3333333333333333
nl	0.5	0.0011858291557312747	1.0	1.0	0.25	0.0026966971762920136	0.012844721334683841	0.0041988408221213525	0.0064105029585798815	0.0016998802389588826	0.07692307692307693	1.0	0.013723447454101092	0.020022428437638837	0.013514609203798393	0.01562548828125	0.013173494826025476	1.0	0.001199040767386091	1.0	0.3333333333333333	0.0012446020174595553	0.001230193875962412	0.0012331474971910574	0.008974569487311393	0.0012152838930578785	0.00141512160578324	0.3333333333333333	0.25	0.0011845898963322736	0.014707179930795847	0.5	0.07142857142857142	0.007755725919116219	0.25	0.002088122990254588
pl	0.5	0.001228794085703807	1.0	1.0	0.25	0.0026385711600448334	0.012658548309565774	0.003968899644132652	0.006172839506172839	0.0016783451562373485	0.05	1.0	0.01369919328204166	0.019608227604767395	0.011904761904761904	0.013158067867036011	0.012659509854190032	1.0	0.0012515644555694619	1.0	0.3333333333333333	0.001230193875962412	0.0012088668431838154	0.0012239947025344238	0.008773545860264697	0.0012484472436919516	0.0014793993710851328	0.3333333333333333	0.25	0.0012346258222831878	0.014492753623188406	0.5	0.09090909090909091	0.007633820872909504	0.25	0.002066132777815723
pt	0.5	0.001233244828738934	0.5	1.0	0.25	0.0026246994716211656	0.012821005917159761	0.004016435234915565	0.006289308176100629	0.001683807822912061	0.05263157894736842	1.0	0.014084903788930767	0.020000399999999998	0.012345679012345678	0.013333333333333334	0.01250015625	1.0	0.0012531328320802004	1.0	0.3333333333333333	0.0012331474971910574	0.0012239947025344238	0.0012168144336381942	0.008850262510768267	0.0012594521886440493	0.0014815736625514398	0.3333333333333333	0.25	0.0012391911572992818	0.014492753623188406	0.5	0.0625	0.007692366863905326	0.25	0.002074693101014101
ro	0.5	0.009003978803102431	0.5	0.0	0.3333333333333333	0.009185941943380812	0.01810771714781874	0.008919515094816319	0.009176921892433295	0.008982307877349724	0.14285714285714285	1.0	0.014309426731883764	0.021899548436865365	0.024400957170732304	0.02083854296875	0.014032357916672651	1.0	0.008928571428571428	1.0	0.3333333333333333	0.008974569487311393	0.008773545860264697	0.008850262510768267	0.009459037665307897	0.01099082296848219	0.009284187926352402	0.3333333333333333	0.3333333333333333	0.008938308205766833	0.02440095597977513	0.5	0.1	0.009472663741709809	0.25	0.008775239612265312
ru	0.5	0.001218443841030482	0.5	1.0	0.25	0.002824922595678125	0.014706531141868508	0.00438679224378655	0.007246376811594203	0.001742831314068436	0.05	1.0	0.01587351977828168	0.022727789256198346	0.0125	0.013513513513513514	0.015152433425160696	1.0	0.0012406947890818859	1.0	0.3333333333333333	0.0012152838930578785	0.0012484472436919516	0.0012594521886440493	0.01099082296848219	0.001199709644206867	0.0014707136851211066	0.3333333333333333	0.25	0.001224054633110058	0.014492963663095989	0.5	0.06666666666666667	0.009346231111887501	0.25	0.002164534959989505
sh	0.5	0.001389697753406061	1.0	1.0	0.3333333333333333	0.003534168362708986	0.014099203351737576	0.00472618898302831	0.007092450077963885	0.001732006970271644	0.1111111111111111	0.0	0.014939423945671227	0.02084419010677213	0.016666944444444443	0.017857142857142856	0.013705951210546068	0.0	0.001430615164520744	0.0	0.3333333333333333	0.00141512160578324	0.0014793993710851328	0.0014815736625514398	0.009284187926352402	0.0014707136851211066	0.001424473089005771	0.3333333333333333	0.5	0.0013895875349055884	0.016666944444444443	0.5	0.125	0.008335764444722291	0.25	0.002136989581055044
si	1.0	0.3333333333333333	0.5	0.3333333333333333	0.3333333333333333	0.3333333333333333	0.3333333333333333	0.3333333333333333	0.3333333333333333	0.3333333333333333	0.3333333333333333	0.3333333333333333	0.3333333333333333	0.3333333333333333	0.3333333333333333	0.3333333333333333	0.3333333333333333	0.3333333333333333	0.3333333333333333	0.3333333333333333	1.0	0.3333333333333333	0.3333333333333333	0.3333333333333333	0.3333333333333333	0.3333333333333333	0.3333333333333333	0.3333333333333333	0.3333333333333333	0.3333333333333333	0.3333333333333333	1.0	0.3333333333333333	0.3333333333333333	0.5	0.3333333333333333
simple	0.5	0.25	1.0	0.0	0.5	0.25	1.0	0.25	0.25	0.25	0.5	1.0	0.5	0.3333333333333333	0.25	0.5	0.5	1.0	0.25	1.0	0.3333333333333333	0.25	0.25	0.25	0.3333333333333333	0.25	0.5	0.3333333333333333	0.25	0.25	0.3333333333333333	0.5	0.1111111111111111	0.3333333333333333	0.25	0.25
sr	0.5	0.0011634400581685982	1.0	1.0	0.25	0.002674097107452315	0.012664801798111682	0.004205585731324733	0.006535947712418301	0.0017012563443111126	0.07692307692307693	1.0	0.014089666336837926	0.0200048020012004	0.014084705415592145	0.015625	0.013336178489066666	1.0	0.0011947431302270011	1.0	0.3333333333333333	0.0011845898963322736	0.0012346258222831878	0.0012391911572992818	0.008938308205766833	0.001224054633110058	0.0013895875349055884	0.3333333333333333	0.25	0.0011775476844798078	0.015151744719926538	0.5	0.1	0.007752839492818942	0.25	0.002105347368421052
sv	0.5	0.014927600801960346	1.0	1.0	0.3333333333333333	0.014492963663095989	0.028581229391023675	0.01587830864273167	0.019231139053254437	0.014928715750056137	0.16666666666666666	1.0	0.027780865741513117	0.030309460056934807	0.02857142857142857	0.022222222222222223	0.027780864197530862	1.0	0.015151515151515152	1.0	0.3333333333333333	0.014707179930795847	0.014492753623188406	0.014492753623188406	0.02440095597977513	0.014492963663095989	0.016666944444444443	0.3333333333333333	0.3333333333333333	0.015151744719926538	0.0143036994241319	0.5	0.07692307692307693	0.024392028554431885	0.25	0.015873015873015872
te	0.5	0.5	0.0	0.5	0.5	0.5	0.5	0.5	0.5	0.5	0.5	0.5	0.5	0.5	0.5	0.5	0.5	0.5	0.5	0.5	0.5	0.5	0.5	0.5	0.5	0.5	0.5	1.0	0.5	0.5	0.5	0.5	0.5	0.5	0.5	0.5
tr	0.5	0.14285714285714285	-1.0	0.125	0.16666666666666666	0.07142857142857142	0.125	0.05555555555555555	0.07142857142857142	0.06666666666666667	0.1	0.125	0.125	0.1111111111111111	0.06666666666666667	0.06666666666666667	0.07692307692307693	0.14285714285714285	0.125	0.2	0.3333333333333333	0.07142857142857142	0.09090909090909091	0.0625	0.1	0.06666666666666667	0.125	0.3333333333333333	0.1111111111111111	0.1	0.07692307692307693	0.5	0.055574086429021625	0.1111111111111111	0.25	0.0625
vi	0.5	0.00769894018136361	0.5	0.0	0.25	0.008065621878382024	0.01787949206542227	0.007648770711354971	0.008621061385255648	0.008145047380101262	0.14285714285714285	1.0	0.014729492274528688	0.021757098776467393	0.023810657596371878	0.021277501131733816	0.013903372508505808	1.0	0.0078125	1.0	0.3333333333333333	0.007755725919116219	0.007633820872909504	0.007692366863905326	0.009472663741709809	0.009346231111887501	0.008335764444722291	0.3333333333333333	0.3333333333333333	0.007752839492818942	0.024392028554431885	0.5	0.1111111111111111	0.007696996917960521	0.25	0.008130676383171458
war	0.5	0.25	1.0	0.25	0.25	0.25	0.25	0.25	0.25	0.25	0.25	0.25	0.25	0.25	0.25	0.25	0.25	0.25	0.25	0.25	0.3333333333333333	0.25	0.25	0.25	0.25	0.25	0.25	0.5	0.25	0.25	0.25	0.5	0.25	0.25	0.25006249999999997	0.25
zh	0.5	0.002092921548301054	0.5	1.0	0.25	0.004292011273001897	0.013891782793209876	0.004927637822053508	0.006756756756756757	0.002084697149149835	0.07142857142857142	1.0	0.013514974433893353	0.020002000399999997	0.01428591836734694	0.014492753623188406	0.01250171875	1.0	0.002145922746781116	1.0	0.3333333333333333	0.002088122990254588	0.002066132777815723	0.002074693101014101	0.008775239612265312	0.002164534959989505	0.002136989581055044	0.3333333333333333	0.25	0.002105347368421052	0.015873015873015872	0.5	0.0625	0.008130676383171458	0.25	0.002055841144007716
