arz	bs	ceb	ckb	da	de	el	en	es	fr	he	hi	hu	id	it	ja	ko	lv	mk	ml	mr	nl	pl	pt	ro	ru	sh	si	simple	sr	sv	te	tr	vi	war	zh
arz	0.5	0.125	0.0	0.1	0.09090909090909091	0.015873015873015872	0.1	0.0072992700729927005	0.0196078431372549	0.014084507042253521	0.03125	0.07142857142857142	0.05	0.08333333333333333	0.02127659574468085	0.017857142857142856	0.023809523809523808	0.14285714285714285	0.125	0.2	0.3333333333333333	0.023255813953488372	0.02702702702702703	0.022727272727272728	0.07692307692307693	0.01694915254237288	0.125	0.125	0.07692307692307693	0.0625	0.03225806451612903	0.5	0.05555555555555555	0.0625	0.25	0.02
bs	0.125	1.0	0.013888888888888888	0.0005773672055427252	0.002886836027713626	0.21465054633841543	0.04724513938578554	0.14296581842117514	0.08876771760640559	0.3630336022890536	0.007451181197423657	0.0005773672055427252	0.04271046996124007	0.029273981587238457	0.04084424888413157	0.03707491800245321	0.04458693449546606	0.0005773672055427252	0.48385236447520186	0.0005773672055427252	0.1875	0.5100735131359876	0.46304085703115344	0.4625690593998644	0.06936282263648265	0.4674814954525184	0.4275784271536954	0.1875	0.0023094688221709007	0.5038867473725515	0.03860592221081443	0.125	0.18421052631578946	0.07559069564205345	0.25	0.27392679280038723
ceb	0.0	0.013888888888888888	0.5	0.0	0.0048543689320388345	0.0011389521640091116	0.0	0.00035587188612099647	0.0007639419404125286	0.0003184713375796178	0.0038461538461538464	0.006756756756756757	0.0033783783783783786	0.004651162790697674	0.0015772870662460567	0.0034482758620689655	0.005235602094240838	0.00819672131147541	0.006666666666666667	0.009615384615384616	0.0	0.001006036217303823	0.0022026431718061676	0.002070393374741201	0.006493506493506494	0.0014749262536873156	0.005434782608695652	0.02702702702702703	0.006756756756756757	0.0037593984962406013	0.001838235294117647	0.0	-1.0	0.006993006993006993	0.038461538461538464	0.002631578947368421
ckb	0.1	0.0005773672055427252	0.0	0.5	0.0	0.0012853470437017994	0.006329113924050633	0.001953125	0.0	0.0008278145695364238	0.0	0.0	0.0	0.0	0.0	0.006578947368421052	0.0	0.0	0.0005952380952380953	0.0	0.15	0.0005868544600938967	0.0006031363088057901	0.0006075334143377885	0.0	0.0005980861244019139	0.0006915629322268327	0.15	0.0	0.000580046403712297	0.007142857142857143	0.1	0.2	0.0	0.2	0.0010245901639344263
da	0.09090909090909091	0.002886836027713626	0.0048543689320388345	0.0	0.5	0.005128205128205128	0.012195121951219513	0.007782101167315175	0.012195121951219513	0.003305785123966942	0.06818181818181818	0.1	0.019736842105263157	0.018518518518518517	0.02247191011235955	0.025974025974025976	0.024390243902439025	0.1	0.0017814726840855108	0.1	0.13636363636363635	0.0023446658851113715	0.0024096385542168677	0.0024271844660194173	0.01293103448275862	0.0023894862604540022	0.0020689655172413794	0.13636363636363635	0.14285714285714285	0.002317497103128621	0.020833333333333332	0.09090909090909091	0.13043478260869565	0.015151515151515152	0.18181818181818182	0.00408997955010225
de	0.015873015873015872	0.21465054633841543	0.0011389521640091116	0.0012853470437017994	0.005128205128205128	1.0	0.099172734164272	0.24868915806096015	0.18182266196595778	0.17816776695727105	0.023017902813299233	0.0012853470437017994	0.0894302016934249	0.062236050489559984	0.09510427275380297	0.09480355433600626	0.09890341552867177	0.0012853470437017994	0.21536670547147846	0.0012853470437017994	0.023809523809523808	0.21493808126031566	0.22662665119020722	0.2297423777568182	0.14461991916888534	0.20397298959087173	0.17169788901022426	0.023809523809523808	0.005141388174807198	0.2145770449336838	0.08863365550112538	0.015873015873015872	0.1044776119402985	0.1587563782151411	0.031746031746031744	0.18192567806562063
el	0.1	0.04724513938578554	0.0	0.006329113924050633	0.012195121951219513	0.099172734164272	1.0	0.15656028453745893	0.19008038904327115	0.06352229164613173	0.026595744680851064	0.006329113924050633	0.250748582346414	0.2022909588943633	0.10250301542357078	0.16952621250350436	0.21889861304230981	0.006329113924050633	0.04702380952380952	0.006329113924050633	0.15	0.047167835153372535	0.04788620425641087	0.047747227231983755	0.2434302523592244	0.04044911655450328	0.05014968830866637	0.15	0.006097560975609756	0.047176444037655786	0.1559155107986573	0.1	0.2	0.19203417714801252	0.2	0.07461027548901011
en	0.0072992700729927005	0.14296581842117514	0.00035587188612099647	0.001953125	0.007782101167315175	0.24868915806096015	0.15656028453745893	1.0	0.28238450983989727	0.17863513602021905	0.03912973593088146	0.001953125	0.15460234857385846	0.1046855171319797	0.14979160310540368	0.14887344902749833	0.16517829858938504	0.001953125	0.13646922183507548	0.001953125	0.010948905109489052	0.1442195182926699	0.15249462616905168	0.15071731536926147	0.26699516292082004	0.1331875782981594	0.14402670976187834	0.010948905109489052	0.0078125	0.13925570874623006	0.12047467436285064	0.0072992700729927005	0.06569343065693431	0.2641438511661993	0.014598540145985401	0.18953731314838368
es	0.0196078431372549	0.08876771760640559	0.0007639419404125286	0.0	0.012195121951219513	0.18182266196595778	0.19008038904327115	0.28238450983989727	1.0	0.12567947600071297	0.03823529411764706	0.003067484662576687	0.21514142991719964	0.15573283203187763	0.15706806282722513	0.17897727272727273	0.23179836799951736	0.003067484662576687	0.09069493521790342	0.003067484662576687	0.029411764705882353	0.09086493850383935	0.09759036144578313	0.09613059250302297	0.32625772066148634	0.08013937282229965	0.09474938397883656	0.029411764705882353	0.012269938650306749	0.08772935779816514	0.14612165636453148	0.0196078431372549	0.12727272727272726	0.3279453038621824	0.0392156862745098	0.147117296222664
fr	0.014084507042253521	0.3630336022890536	0.0003184713375796178	0.0008278145695364238	0.003305785123966942	0.17816776695727105	0.06352229164613173	0.17863513602021905	0.12567947600071297	1.0	0.011475409836065573	0.0008278145695364238	0.061679604650222895	0.04213043839298575	0.059054127524641606	0.0574380595114106	0.06794431967100996	0.0008278145695364238	0.33371824480369516	0.0008278145695364238	0.02112676056338028	0.3636627136202312	0.3571951474213663	0.357264629053611	0.10378331074001552	0.33286346983758197	0.4025297754389886	0.02112676056338028	0.0033112582781456954	0.3428323424315983	0.055291096131258106	0.014084507042253521	0.10135135135135136	0.102005550778713	0.028169014084507043	0.3942506427514994
he	0.03125	0.007451181197423657	0.0038461538461538464	0.0	0.06818181818181818	0.023017902813299233	0.026595744680851064	0.03912973593088146	0.03823529411764706	0.011475409836065573	1.0	0.025	0.022222222222222223	0.014492753623188406	0.08695652173913043	0.07142857142857142	0.04891304347826087	0.025	0.007674144037780401	0.025	0.046875	0.007566938300349243	0.012062726176115802	0.011529126213592233	0.027559055118110236	0.011961722488038277	0.006130790190735695	0.046875	0.045454545454545456	0.007479861910241657	0.03571428571428571	0.03125	0.125	0.024305555555555556	0.0625	0.01417004048582996
hi	0.07142857142857142	0.0005773672055427252	0.006756756756756757	0.0	0.1	0.0012853470437017994	0.006329113924050633	0.001953125	0.003067484662576687	0.0008278145695364238	0.025	0.5	0.006756756756756757	0.00980392156862745	0.005681818181818182	0.006578947368421052	0.006172839506172839	0.5	0.0005952380952380953	0.5	0.10714285714285714	0.0005868544600938967	0.0006031363088057901	0.0006075334143377885	0.0043859649122807015	0.0005980861244019139	0.0	0.10714285714285714	0.125	0.000580046403712297	0.007142857142857143	0.07142857142857142	0.16666666666666666	0.003816793893129771	0.14285714285714285	0.0010245901639344263
hu	0.05	0.04271046996124007	0.0033783783783783786	0.0	0.019736842105263157	0.0894302016934249	0.250748582346414	0.15460234857385846	0.21514142991719964	0.061679604650222895	0.022222222222222223	0.006756756756756757	1.0	0.30466633801398363	0.13487329340546111	0.2027992571163967	0.4244654466198189	0.006756756756756757	0.042111506524317915	0.006756756756756757	0.075	0.04410405589109906	0.04439141607983179	0.043309993235763365	0.36542569307320943	0.03742280314730439	0.047274661266515285	0.075	0.013157894736842105	0.041931728024893616	0.16770941953423704	0.05	0.13333333333333333	0.2676117017399544	0.1	0.07699372555057812
id	0.08333333333333333	0.029273981587238457	0.004651162790697674	0.0	0.018518518518518517	0.062236050489559984	0.2022909588943633	0.1046855171319797	0.15573283203187763	0.04213043839298575	0.014492753623188406	0.00980392156862745	0.30466633801398363	1.0	0.10110902170465359	0.21708545154292005	0.2861641139727903	0.00980392156862745	0.029726516052318668	0.00980392156862745	0.125	0.02987832132461523	0.030965967406285242	0.030613029868958565	0.21288629498116016	0.026257888417263692	0.033636313917257465	0.125	0.028846153846153848	0.029415974318366057	0.1922945205479452	0.08333333333333333	0.21428571428571427	0.1803602506091194	0.16666666666666666	0.052248339881896096
it	0.02127659574468085	0.04084424888413157	0.0015772870662460567	0.0	0.02247191011235955	0.09510427275380297	0.10250301542357078	0.14979160310540368	0.15706806282722513	0.059054127524641606	0.08695652173913043	0.005681818181818182	0.13487329340546111	0.10110902170465359	1.0	0.19796403472509302	0.13691364517152996	0.005681818181818182	0.041423570595099185	0.005681818181818182	0.031914893617021274	0.04278685210981009	0.05042016806722689	0.04879518072289157	0.1284034346091286	0.04739336492890995	0.039970435488672414	0.031914893617021274	0.022727272727272728	0.04042558692729341	0.14227642276422764	0.02127659574468085	0.15	0.11948299397110682	0.0425531914893617	0.06946494572504577
ja	0.017857142857142856	0.03707491800245321	0.0034482758620689655	0.006578947368421052	0.025974025974025976	0.09480355433600626	0.16952621250350436	0.14887344902749833	0.17897727272727273	0.0574380595114106	0.07142857142857142	0.006578947368421052	0.2027992571163967	0.21708545154292005	0.19796403472509302	1.0	0.2149495612726079	0.006578947368421052	0.03755868544600939	0.006578947368421052	0.026785714285714284	0.03705762248724083	0.046111882445170026	0.04550970873786408	0.16973532504076025	0.0441527446300716	0.03768506056527591	0.026785714285714284	0.01282051282051282	0.036613272311212815	0.22277227722772278	0.017857142857142856	0.1271186440677966	0.14776231144631766	0.03571428571428571	0.0696969696969697
ko	0.023809523809523808	0.04458693449546606	0.005235602094240838	0.0	0.024390243902439025	0.09890341552867177	0.21889861304230981	0.16517829858938504	0.23179836799951736	0.06794431967100996	0.04891304347826087	0.006172839506172839	0.4244654466198189	0.2861641139727903	0.13691364517152996	0.2149495612726079	1.0	0.006172839506172839	0.044326241134751775	0.006172839506172839	0.03571428571428571	0.045242219938072696	0.048764619753042505	0.048731800682314606	0.33347210882882494	0.03928578035937764	0.05080124332470086	0.03571428571428571	0.012048192771084338	0.043764602184627605	0.15780296911121636	0.023809523809523808	0.13829787234042554	0.27225773017792365	0.047619047619047616	0.08360464515366954
lv	0.14285714285714285	0.0005773672055427252	0.00819672131147541	0.0	0.1	0.0012853470437017994	0.006329113924050633	0.001953125	0.003067484662576687	0.0008278145695364238	0.025	0.5	0.006756756756756757	0.00980392156862745	0.005681818181818182	0.006578947368421052	0.006172839506172839	0.5	0.0005952380952380953	0.5	0.21428571428571427	0.0005868544600938967	0.0006031363088057901	0.0006075334143377885	0.0043859649122807015	0.0005980861244019139	0.0	0.21428571428571427	0.125	0.000580046403712297	0.007142857142857143	0.14285714285714285	0.19444444444444445	0.003816793893129771	0.2857142857142857	0.0010245901639344263
mk	0.125	0.48385236447520186	0.006666666666666667	0.0005952380952380953	0.0017814726840855108	0.21536670547147846	0.04702380952380952	0.13646922183507548	0.09069493521790342	0.33371824480369516	0.007674144037780401	0.0005952380952380953	0.042111506524317915	0.029726516052318668	0.041423570595099185	0.03755868544600939	0.044326241134751775	0.0005952380952380953	0.5	0.0005952380952380953	0.1875	0.486013986013986	0.4591954022988506	0.461271676300578	0.0665083135391924	0.4632183908045977	0.4045138888888889	0.1875	0.002380952380952381	0.4838150289017341	0.03909952606635071	0.125	0.2222222222222222	0.07591933570581258	0.25	0.2703016241299304
ml	0.2	0.0005773672055427252	0.009615384615384616	0.0	0.1	0.0012853470437017994	0.006329113924050633	0.001953125	0.003067484662576687	0.0008278145695364238	0.025	0.5	0.006756756756756757	0.00980392156862745	0.005681818181818182	0.006578947368421052	0.006172839506172839	0.5	0.0005952380952380953	0.5	0.3	0.0005868544600938967	0.0006031363088057901	0.0006075334143377885	0.0043859649122807015	0.0005980861244019139	0.0	0.3	0.125	0.000580046403712297	0.007142857142857143	0.2	0.1388888888888889	0.003816793893129771	0.4	0.0010245901639344263
mr	0.3333333333333333	0.1875	0.0	0.15	0.13636363636363635	0.023809523809523808	0.15	0.010948905109489052	0.029411764705882353	0.02112676056338028	0.046875	0.10714285714285714	0.075	0.125	0.031914893617021274	0.026785714285714284	0.03571428571428571	0.21428571428571427	0.1875	0.3	0.5	0.03488372093023256	0.04054054054054054	0.03409090909090909	0.11538461538461539	0.025423728813559324	0.1875	0.1	0.11538461538461539	0.09375	0.04838709677419355	0.3333333333333333	0.08333333333333333	0.09375	0.375	0.03
nl	0.023255813953488372	0.5100735131359876	0.001006036217303823	0.0005868544600938967	0.0023446658851113715	0.21493808126031566	0.047167835153372535	0.1442195182926699	0.09086493850383935	0.3636627136202312	0.007566938300349243	0.0005868544600938967	0.04410405589109906	0.02987832132461523	0.04278685210981009	0.03705762248724083	0.045242219938072696	0.0005868544600938967	0.486013986013986	0.0005868544600938967	0.03488372093023256	1.0	0.46951345343174233	0.47000349471991887	0.07067717216685707	0.47716802793409896	0.41818450061703855	0.03488372093023256	0.002347417840375587	0.4930195020599572	0.039874359527268546	0.023255813953488372	0.14893617021276595	0.07616270490148913	0.046511627906976744	0.27917472254677983
pl	0.02702702702702703	0.46304085703115344	0.0022026431718061676	0.0006031363088057901	0.0024096385542168677	0.22662665119020722	0.04788620425641087	0.15249462616905168	0.09759036144578313	0.3571951474213663	0.012062726176115802	0.0006031363088057901	0.04439141607983179	0.030965967406285242	0.05042016806722689	0.046111882445170026	0.048764619753042505	0.0006031363088057901	0.4591954022988506	0.0006031363088057901	0.04054054054054054	0.46951345343174233	1.0	0.4897286562777083	0.0698034601123171	0.46413142840292526	0.3869453916338283	0.04054054054054054	0.0024125452352231603	0.46101351088819464	0.04156626506024096	0.02702702702702703	0.125	0.07971162730149123	0.05405405405405406	0.29111215403920804
pt	0.022727272727272728	0.4625690593998644	0.002070393374741201	0.0006075334143377885	0.0024271844660194173	0.2297423777568182	0.047747227231983755	0.15071731536926147	0.09613059250302297	0.357264629053611	0.011529126213592233	0.0006075334143377885	0.043309993235763365	0.030613029868958565	0.04879518072289157	0.04550970873786408	0.048731800682314606	0.0006075334143377885	0.461271676300578	0.0006075334143377885	0.03409090909090909	0.47000349471991887	0.4897286562777083	1.0	0.06904395016441389	0.45950853565076105	0.38843480122205143	0.03409090909090909	0.002430133657351154	0.46035640753339474	0.041868932038834954	0.022727272727272728	0.17391304347826086	0.07910473408368417	0.045454545454545456	0.29089272908479635
ro	0.07692307692307693	0.06936282263648265	0.006493506493506494	0.0	0.01293103448275862	0.14461991916888534	0.2434302523592244	0.26699516292082004	0.32625772066148634	0.10378331074001552	0.027559055118110236	0.0043859649122807015	0.36542569307320943	0.21288629498116016	0.1284034346091286	0.16973532504076025	0.33347210882882494	0.0043859649122807015	0.0665083135391924	0.0043859649122807015	0.11538461538461539	0.07067717216685707	0.0698034601123171	0.06904395016441389	1.0	0.05366747780331135	0.07907821543243962	0.11538461538461539	0.013043478260869565	0.0677283172268127	0.14443435860032675	0.07692307692307693	0.23809523809523808	0.40554723242801527	0.15384615384615385	0.11899291103397729
ru	0.01694915254237288	0.4674814954525184	0.0014749262536873156	0.0005980861244019139	0.0023894862604540022	0.20397298959087173	0.04044911655450328	0.1331875782981594	0.08013937282229965	0.33286346983758197	0.011961722488038277	0.0005980861244019139	0.03742280314730439	0.026257888417263692	0.04739336492890995	0.0441527446300716	0.03928578035937764	0.0005980861244019139	0.4632183908045977	0.0005980861244019139	0.025423728813559324	0.47716802793409896	0.46413142840292526	0.45950853565076105	0.05366747780331135	1.0	0.3880429255200771	0.025423728813559324	0.0023923444976076554	0.4650921127307486	0.041414562757721825	0.01694915254237288	0.12096774193548387	0.0629157165668925	0.03389830508474576	0.2688479896415977
sh	0.125	0.4275784271536954	0.005434782608695652	0.0006915629322268327	0.0020689655172413794	0.17169788901022426	0.05014968830866637	0.14402670976187834	0.09474938397883656	0.4025297754389886	0.006130790190735695	0.0	0.047274661266515285	0.033636313917257465	0.039970435488672414	0.03768506056527591	0.05080124332470086	0.0	0.4045138888888889	0.0	0.1875	0.41818450061703855	0.3869453916338283	0.38843480122205143	0.07907821543243962	0.3880429255200771	1.0	0.1875	0.001379310344827586	0.42160397052942067	0.04095142257663196	0.125	0.2222222222222222	0.08253827658190968	0.25	0.3160942717144087
si	0.125	0.1875	0.02702702702702703	0.15	0.13636363636363635	0.023809523809523808	0.15	0.010948905109489052	0.029411764705882353	0.02112676056338028	0.046875	0.10714285714285714	0.075	0.125	0.031914893617021274	0.026785714285714284	0.03571428571428571	0.21428571428571427	0.1875	0.3	0.1	0.03488372093023256	0.04054054054054054	0.03409090909090909	0.11538461538461539	0.025423728813559324	0.1875	0.5	0.11538461538461539	0.09375	0.04838709677419355	0.125	0.08333333333333333	0.09375	0.2	0.03
simple	0.07692307692307693	0.0023094688221709007	0.006756756756756757	0.0	0.14285714285714285	0.005141388174807198	0.006097560975609756	0.0078125	0.012269938650306749	0.0033112582781456954	0.045454545454545456	0.125	0.013157894736842105	0.028846153846153848	0.022727272727272728	0.01282051282051282	0.012048192771084338	0.125	0.002380952380952381	0.125	0.11538461538461539	0.002347417840375587	0.0024125452352231603	0.002430133657351154	0.013043478260869565	0.0023923444976076554	0.001379310344827586	0.11538461538461539	0.5	0.002320185614849188	0.02112676056338028	0.07692307692307693	0.20454545454545456	0.011363636363636364	0.15384615384615385	0.004098360655737705
sr	0.0625	0.5038867473725515	0.0037593984962406013	0.000580046403712297	0.002317497103128621	0.2145770449336838	0.047176444037655786	0.13925570874623006	0.08772935779816514	0.3428323424315983	0.007479861910241657	0.000580046403712297	0.041931728024893616	0.029415974318366057	0.04042558692729341	0.036613272311212815	0.043764602184627605	0.000580046403712297	0.4838150289017341	0.000580046403712297	0.09375	0.4930195020599572	0.46101351088819464	0.46035640753339474	0.0677283172268127	0.4650921127307486	0.42160397052942067	0.09375	0.002320185614849188	1.0	0.038145100703791096	0.0625	0.20833333333333334	0.07519460699320907	0.125	0.27209105399481964
sv	0.03225806451612903	0.03860592221081443	0.001838235294117647	0.007142857142857143	0.020833333333333332	0.08863365550112538	0.1559155107986573	0.12047467436285064	0.14612165636453148	0.055291096131258106	0.03571428571428571	0.007142857142857143	0.16770941953423704	0.1922945205479452	0.14227642276422764	0.22277227722772278	0.15780296911121636	0.007142857142857143	0.03909952606635071	0.007142857142857143	0.04838709677419355	0.039874359527268546	0.04156626506024096	0.041868932038834954	0.14443435860032675	0.041414562757721825	0.04095142257663196	0.04838709677419355	0.02112676056338028	0.038145100703791096	1.0	0.03225806451612903	0.18055555555555555	0.12941365979381442	0.06451612903225806	0.06363636363636363
te	0.5	0.125	0.0	0.1	0.09090909090909091	0.015873015873015872	0.1	0.0072992700729927005	0.0196078431372549	0.014084507042253521	0.03125	0.07142857142857142	0.05	0.08333333333333333	0.02127659574468085	0.017857142857142856	0.023809523809523808	0.14285714285714285	0.125	0.2	0.3333333333333333	0.023255813953488372	0.02702702702702703	0.022727272727272728	0.07692307692307693	0.01694915254237288	0.125	0.125	0.07692307692307693	0.0625	0.03225806451612903	0.5	0.05555555555555555	0.0625	0.25	0.02
tr	0.05555555555555555	0.18421052631578946	-1.0	0.2	0.13043478260869565	0.1044776119402985	0.2	0.06569343065693431	0.12727272727272726	0.10135135135135136	0.125	0.16666666666666666	0.13333333333333333	0.21428571428571427	0.15	0.1271186440677966	0.13829787234042554	0.19444444444444445	0.2222222222222222	0.1388888888888889	0.08333333333333333	0.14893617021276595	0.125	0.17391304347826086	0.23809523809523808	0.12096774193548387	0.2222222222222222	0.08333333333333333	0.20454545454545456	0.20833333333333334	0.18055555555555555	0.05555555555555555	1.0	0.18	0.1111111111111111	0.15384615384615385
vi	0.0625	0.07559069564205345	0.006993006993006993	0.0	0.015151515151515152	0.1587563782151411	0.19203417714801252	0.2641438511661993	0.3279453038621824	0.102005550778713	0.024305555555555556	0.003816793893129771	0.2676117017399544	0.1803602506091194	0.11948299397110682	0.14776231144631766	0.27225773017792365	0.003816793893129771	0.07591933570581258	0.003816793893129771	0.09375	0.07616270490148913	0.07971162730149123	0.07910473408368417	0.40554723242801527	0.0629157165668925	0.08253827658190968	0.09375	0.011363636363636364	0.07519460699320907	0.12941365979381442	0.0625	0.18	1.0	0.125	0.12568940813570045
war	0.25	0.25	0.038461538461538464	0.2	0.18181818181818182	0.031746031746031744	0.2	0.014598540145985401	0.0392156862745098	0.028169014084507043	0.0625	0.14285714285714285	0.1	0.16666666666666666	0.0425531914893617	0.03571428571428571	0.047619047619047616	0.2857142857142857	0.25	0.4	0.375	0.046511627906976744	0.05405405405405406	0.045454545454545456	0.15384615384615385	0.03389830508474576	0.25	0.2	0.15384615384615385	0.125	0.06451612903225806	0.25	0.1111111111111111	0.125	1.0	0.04
zh	0.02	0.27392679280038723	0.002631578947368421	0.0010245901639344263	0.00408997955010225	0.18192567806562063	0.07461027548901011	0.18953731314838368	0.147117296222664	0.3942506427514994	0.01417004048582996	0.0010245901639344263	0.07699372555057812	0.052248339881896096	0.06946494572504577	0.0696969696969697	0.08360464515366954	0.0010245901639344263	0.2703016241299304	0.0010245901639344263	0.03	0.27917472254677983	0.29111215403920804	0.29089272908479635	0.11899291103397729	0.2688479896415977	0.3160942717144087	0.03	0.004098360655737705	0.27209105399481964	0.06363636363636363	0.02	0.15384615384615385	0.12568940813570045	0.04	1.0
