arz	bs	ceb	ckb	da	de	el	en	es	fr	he	hi	hu	id	it	ja	ko	lv	mk	ml	mr	nl	pl	pt	ro	ru	sh	si	simple	sr	sv	te	tr	vi	war	zh
arz	1.0	1.0	0.0	1.0	1.0	1.0	1.0	1.0	1.0	1.0	1.0	1.0	1.0	1.0	0.585786437626905	1.0	1.0	1.0	1.0	1.0	1.0	1.0	1.0	1.0	1.0	1.0	1.0	1.0	1.0	1.0	1.0	1.0	1.0	1.0	1.0	1.0
bs	1.0	1.0	1.0	1.0	0.4364916731037085	0.021996350741900417	0.0724348620810909	0.02751983796214669	0.009046033995930517	0.01129218906030564	0.10960059084055324	1.0	0.07845479213967135	0.1451693249134658	0.019561908236185564	0.020991596717938835	0.10719258159925987	1.0	0.0016357431164684706	1.0	1.0	0.015847386102716833	0.0029449015517803204	0.0019283883582701976	0.054085203606060964	0.004757552047782415	0.009955192484291532	0.585786437626905	0.5	0.01009640607346015	0.01984332206107236	1.0	0.3726822671238253	0.05492837854419529	0.5	0.008517719033225174
ceb	0.0	1.0	1.0	0.0	1.0	1.0	0.0	1.0	1.0	1.0	1.0	1.0	1.0	1.0	1.0	1.0	1.0	1.0	1.0	1.0	0.0	1.0	1.0	1.0	1.0	1.0	1.0	1.0	1.0	1.0	1.0	0.0	-1.0	1.0	1.0	1.0
ckb	1.0	1.0	0.0	1.0	0.0	1.0	1.0	1.0	0.0	1.0	0.0	0.0	0.0	0.0	0.0	1.0	0.0	0.0	1.0	0.0	1.0	1.0	1.0	1.0	0.0	1.0	1.0	1.0	0.0	1.0	1.0	1.0	0.585786437626905	0.0	0.585786437626905	1.0
da	1.0	0.4364916731037085	1.0	0.0	1.0	1.0	1.0	0.44948974278317805	1.0	0.4142135623730951	1.0	1.0	0.4364916731037085	1.0	1.0	1.0	0.5	1.0	1.0	1.0	1.0	1.0	1.0	1.0	0.4364916731037085	1.0	1.0	1.0	1.0	1.0	1.0	1.0	0.40453726661826384	0.39564392373896007	1.0	1.0
de	1.0	0.021996350741900417	1.0	1.0	1.0	1.0	0.022521716892829745	0.025783548572110983	0.00928205110317333	0.024175402754083457	0.3333333333333333	1.0	0.024180521850908455	0.028379829727064734	0.04106403307519337	0.030963049795936875	0.024186091757811137	1.0	0.003716754091215121	1.0	1.0	0.018027909413502578	0.0036342177187698613	0.0036002164276354815	0.020932138887739326	0.004344411300711099	0.02235323759728025	1.0	1.0	0.01953083194472218	0.032380663788677266	1.0	0.32449979983983984	0.021618677137810776	0.585786437626905	0.006183298584024465
el	1.0	0.0724348620810909	0.0	1.0	1.0	0.022521716892829745	1.0	0.08089042143936001	0.02204547850098626	0.08140449330118488	0.30901699437494745	1.0	0.1696611988979213	0.18819968233573606	0.04543791080972749	0.03289331116278714	0.15015235621982367	1.0	0.018383070147616597	1.0	1.0	0.056936222312919275	0.01839957593717437	0.018630357954163696	0.09472495414714913	0.021380545439138143	0.04875583093823628	1.0	1.0	0.019239417782086564	0.03683782457111014	1.0	0.585786437626905	0.07415585478097068	0.585786437626905	0.020280368889210816
en	1.0	0.02751983796214669	1.0	1.0	0.44948974278317805	0.025783548572110983	0.08089042143936001	1.0	0.008876548922744176	0.04814620769275927	0.06257309391257505	1.0	0.08025303080713968	0.14112123058536366	0.017574913725315985	0.017730071163397705	0.11133928245595277	1.0	0.006623930203183533	1.0	1.0	0.024790901266132148	0.006189215879442325	0.006263341890347436	0.06189061525701379	0.006852971273637388	0.04518376994885213	1.0	0.585786437626905	0.019623589014748283	0.022342148397977643	1.0	0.2474401533514073	0.06999891343655867	0.585786437626905	0.007484185056131915
es	1.0	0.009046033995930517	1.0	0.0	1.0	0.00928205110317333	0.02204547850098626	0.008876548922744176	1.0	0.008760545806028114	0.5	1.0	0.020896818550311783	0.0265019270793688	0.07957453233536682	0.10193155097361238	0.01730279515614688	1.0	0.07072794373471762	1.0	1.0	0.00890939553333029	0.0584688017746115	0.06230024531423653	0.012371780546446241	0.058699374902016495	0.009445785861568799	1.0	0.585786437626905	0.008612251034436478	0.0939527256629669	1.0	0.33773018484522777	0.01148239161199876	0.585786437626905	0.035826770738621214
fr	1.0	0.01129218906030564	1.0	1.0	0.4142135623730951	0.024175402754083457	0.08140449330118488	0.04814620769275927	0.008760545806028114	1.0	0.09690067231724059	1.0	0.08221202760353478	0.13194852071318472	0.018792879358555333	0.019574390615749487	0.10588334443901458	1.0	0.0027282168129365595	1.0	1.0	0.011827826725317063	0.003159326658103944	0.002688674737479887	0.062232254396136465	0.004314676582393476	0.01079239706346379	1.0	0.4364916731037085	0.011580111967915288	0.021358234283043606	1.0	0.3333333333333333	0.0731642934470757	0.585786437626905	0.007638811347336818
he	1.0	0.10960059084055324	1.0	0.0	1.0	0.3333333333333333	0.30901699437494745	0.06257309391257505	0.5	0.09690067231724059	1.0	1.0	0.3240749299922019	1.0	0.38742588672279304	0.585786437626905	0.26533119314590375	1.0	1.0	1.0	1.0	0.23371479611805132	0.4142135623730951	0.585786437626905	0.15954492995986427	0.5	0.44948974278317805	1.0	1.0	0.5	1.0	1.0	0.39564392373896007	0.29429805508554946	0.585786437626905	0.585786437626905
hi	1.0	1.0	1.0	0.0	1.0	1.0	1.0	1.0	1.0	1.0	1.0	1.0	1.0	1.0	1.0	1.0	1.0	1.0	1.0	1.0	1.0	1.0	1.0	1.0	1.0	1.0	0.0	1.0	1.0	1.0	1.0	1.0	0.585786437626905	1.0	0.585786437626905	1.0
hu	1.0	0.07845479213967135	1.0	0.0	0.4364916731037085	0.024180521850908455	0.1696611988979213	0.08025303080713968	0.020896818550311783	0.08221202760353478	0.3240749299922019	1.0	1.0	0.16487216592046877	0.0385614822555608	0.03025985533652872	0.08797845923819203	1.0	0.020827179657851812	1.0	1.0	0.07335167674702243	0.02028574294056523	0.02086943521120814	0.07411270578777905	0.02341759474561547	0.04860099319533446	1.0	0.585786437626905	0.02309276507320556	0.03613958083344823	1.0	0.4364916731037085	0.056689281631550605	0.585786437626905	0.02017171505989809
id	1.0	0.1451693249134658	1.0	0.0	1.0	0.028379829727064734	0.18819968233573606	0.14112123058536366	0.0265019270793688	0.13194852071318472	1.0	1.0	0.16487216592046877	1.0	0.057195828451576565	0.03506129172017613	0.15041248671203059	1.0	0.026400425187028367	1.0	1.0	0.07125525380411543	0.02591552910025658	0.026451551520878858	0.13271928060354174	0.030146080316804	0.05318946793559113	1.0	0.585786437626905	0.027113655383391104	0.040737119193613114	1.0	0.3333333333333333	0.06846859316101189	0.585786437626905	0.02654799327065575
it	0.585786437626905	0.019561908236185564	1.0	0.0	1.0	0.04106403307519337	0.04543791080972749	0.017574913725315985	0.07957453233536682	0.018792879358555333	0.38742588672279304	1.0	0.0385614822555608	0.057195828451576565	1.0	0.1389416990431918	0.035633148883360895	1.0	0.048300842767073464	1.0	0.585786437626905	0.018567314275652457	0.041387920105396964	0.04261497364558149	0.03279848743187553	0.042357650140825265	0.02502377127116946	1.0	1.0	0.04035237564377735	0.12218129736331654	0.585786437626905	0.27429188517743175	0.030375337898584685	0.5	0.07429455944490836
ja	1.0	0.020991596717938835	1.0	1.0	1.0	0.030963049795936875	0.03289331116278714	0.017730071163397705	0.10193155097361238	0.019574390615749487	0.585786437626905	1.0	0.03025985533652872	0.03506129172017613	0.1389416990431918	1.0	0.02875334735369596	1.0	0.12127550239018872	1.0	1.0	0.02069754665448134	0.09657969325936246	0.09362196568697784	0.027957646503748546	0.09472524861130223	0.026896066785606087	1.0	1.0	0.05261317418918314	0.11085483595279962	1.0	0.353889367864523	0.029691318801671772	0.585786437626905	0.08823634057061712
ko	1.0	0.10719258159925987	1.0	0.0	0.5	0.024186091757811137	0.15015235621982367	0.11133928245595277	0.01730279515614688	0.10588334443901458	0.26533119314590375	1.0	0.08797845923819203	0.15041248671203059	0.035633148883360895	0.02875334735369596	1.0	1.0	0.017732369356489114	1.0	1.0	0.08680893863048297	0.016845969953010527	0.01663076550898987	0.09233184816108836	0.02017652677130237	0.04358069117750054	1.0	1.0	0.019111845466350842	0.037309384067526284	1.0	0.353889367864523	0.06283410664201676	0.585786437626905	0.016756634083543817
lv	1.0	1.0	1.0	0.0	1.0	1.0	1.0	1.0	1.0	1.0	1.0	1.0	1.0	1.0	1.0	1.0	1.0	1.0	1.0	1.0	1.0	1.0	1.0	1.0	1.0	1.0	0.0	1.0	1.0	1.0	1.0	1.0	0.585786437626905	1.0	0.585786437626905	1.0
mk	1.0	0.0016357431164684706	1.0	1.0	1.0	0.003716754091215121	0.018383070147616597	0.006623930203183533	0.07072794373471762	0.0027282168129365595	1.0	1.0	0.020827179657851812	0.026400425187028367	0.048300842767073464	0.12127550239018872	0.017732369356489114	1.0	1.0	1.0	1.0	0.0016752725990690125	0.0019430229140738752	0.0032779310479074267	0.011998931317444403	0.0017288573587531302	0.0021727440962850245	1.0	1.0	0.0017978295373285973	0.056697996644192665	1.0	0.585786437626905	0.010265460949516938	0.585786437626905	0.0028480409142518713
ml	1.0	1.0	1.0	0.0	1.0	1.0	1.0	1.0	1.0	1.0	1.0	1.0	1.0	1.0	1.0	1.0	1.0	1.0	1.0	1.0	1.0	1.0	1.0	1.0	1.0	1.0	0.0	1.0	1.0	1.0	1.0	1.0	0.585786437626905	1.0	0.585786437626905	1.0
mr	1.0	1.0	0.0	1.0	1.0	1.0	1.0	1.0	1.0	1.0	1.0	1.0	1.0	1.0	0.585786437626905	1.0	1.0	1.0	1.0	1.0	1.0	1.0	1.0	1.0	1.0	1.0	1.0	1.0	1.0	1.0	1.0	1.0	1.0	1.0	1.0	1.0
nl	1.0	0.015847386102716833	1.0	1.0	1.0	0.018027909413502578	0.056936222312919275	0.024790901266132148	0.00890939553333029	0.011827826725317063	0.23371479611805132	1.0	0.07335167674702243	0.07125525380411543	0.018567314275652457	0.02069754665448134	0.08680893863048297	1.0	0.0016752725990690125	1.0	1.0	1.0	0.0029873421659817826	0.0019605240901914155	0.053743160340581624	0.004788256360187495	0.01047302777103875	1.0	0.4364916731037085	0.010797021209219418	0.02026364616879264	1.0	0.28892247165053353	0.056508579214532347	0.585786437626905	0.008236098363542907
pl	1.0	0.0029449015517803204	1.0	1.0	1.0	0.0036342177187698613	0.01839957593717437	0.006189215879442325	0.0584688017746115	0.003159326658103944	0.4142135623730951	1.0	0.02028574294056523	0.02591552910025658	0.041387920105396964	0.09657969325936246	0.016845969953010527	1.0	0.0019430229140738752	1.0	1.0	0.0029873421659817826	1.0	0.002014628818025032	0.011795252491147074	0.0025821844641133406	0.002921170105460784	1.0	1.0	0.003114757769211615	0.04735630876861712	1.0	0.40453726661826384	0.010021651194333903	0.585786437626905	0.002911551011776328
pt	1.0	0.0019283883582701976	1.0	1.0	1.0	0.0036002164276354815	0.018630357954163696	0.006263341890347436	0.06230024531423653	0.002688674737479887	0.585786437626905	1.0	0.02086943521120814	0.026451551520878858	0.04261497364558149	0.09362196568697784	0.01663076550898987	1.0	0.0032779310479074267	1.0	1.0	0.0019605240901914155	0.002014628818025032	1.0	0.011902566733446435	0.0019254551133250427	0.0023343335293698206	1.0	0.585786437626905	0.0021126796409729736	0.05265836293266069	1.0	0.2553967929896867	0.010107284261256483	0.585786437626905	0.0027810890153464707
ro	1.0	0.054085203606060964	1.0	0.0	0.4364916731037085	0.020932138887739326	0.09472495414714913	0.06189061525701379	0.012371780546446241	0.062232254396136465	0.15954492995986427	1.0	0.07411270578777905	0.13271928060354174	0.03279848743187553	0.027957646503748546	0.09233184816108836	1.0	0.011998931317444403	1.0	1.0	0.053743160340581624	0.011795252491147074	0.011902566733446435	1.0	0.014776646244690095	0.0545490495513374	1.0	0.39564392373896007	0.016928606766932183	0.033547812443244264	1.0	0.5	0.060920874679110726	0.585786437626905	0.011859311902967861
ru	1.0	0.004757552047782415	1.0	1.0	1.0	0.004344411300711099	0.021380545439138143	0.006852971273637388	0.058699374902016495	0.004314676582393476	0.5	1.0	0.02341759474561547	0.030146080316804	0.042357650140825265	0.09472524861130223	0.02017652677130237	1.0	0.0017288573587531302	1.0	1.0	0.004788256360187495	0.0025821844641133406	0.0019254551133250427	0.014776646244690095	1.0	0.004395998009323659	1.0	1.0	0.004665919840455705	0.046733094139107936	1.0	0.2989350844248255	0.012515645881674316	0.585786437626905	0.0036167538862668307
sh	1.0	0.009955192484291532	1.0	1.0	1.0	0.02235323759728025	0.04875583093823628	0.04518376994885213	0.009445785861568799	0.01079239706346379	0.44948974278317805	0.0	0.04860099319533446	0.05318946793559113	0.02502377127116946	0.026896066785606087	0.04358069117750054	0.0	0.0021727440962850245	0.0	1.0	0.01047302777103875	0.002921170105460784	0.0023343335293698206	0.0545490495513374	0.004395998009323659	1.0	0.585786437626905	1.0	0.009763247747155715	0.023016157950144753	1.0	0.32881309020609956	0.0643939896073132	0.5	0.00822180988423959
si	1.0	0.585786437626905	1.0	1.0	1.0	1.0	1.0	1.0	1.0	1.0	1.0	1.0	1.0	1.0	1.0	1.0	1.0	1.0	1.0	1.0	1.0	1.0	1.0	1.0	1.0	1.0	0.585786437626905	1.0	1.0	1.0	1.0	1.0	1.0	1.0	1.0	1.0
simple	1.0	0.5	1.0	0.0	1.0	1.0	1.0	0.585786437626905	0.585786437626905	0.4364916731037085	1.0	1.0	0.585786437626905	0.585786437626905	1.0	1.0	1.0	1.0	1.0	1.0	1.0	0.4364916731037085	1.0	0.585786437626905	0.39564392373896007	1.0	1.0	1.0	1.0	1.0	1.0	1.0	0.44948974278317805	1.0	0.585786437626905	1.0
sr	1.0	0.01009640607346015	1.0	1.0	1.0	0.01953083194472218	0.019239417782086564	0.019623589014748283	0.008612251034436478	0.011580111967915288	0.5	1.0	0.02309276507320556	0.027113655383391104	0.04035237564377735	0.05261317418918314	0.019111845466350842	1.0	0.0017978295373285973	1.0	1.0	0.010797021209219418	0.003114757769211615	0.0021126796409729736	0.016928606766932183	0.004665919840455705	0.009763247747155715	1.0	1.0	1.0	0.04304939211441003	1.0	0.585786437626905	0.01733950490417743	0.585786437626905	0.008074201436587878
sv	1.0	0.01984332206107236	1.0	1.0	1.0	0.032380663788677266	0.03683782457111014	0.022342148397977643	0.0939527256629669	0.021358234283043606	1.0	1.0	0.03613958083344823	0.040737119193613114	0.12218129736331654	0.11085483595279962	0.037309384067526284	1.0	0.056697996644192665	1.0	1.0	0.02026364616879264	0.04735630876861712	0.05265836293266069	0.033547812443244264	0.046733094139107936	0.023016157950144753	1.0	1.0	0.04304939211441003	1.0	1.0	0.36537630432787827	0.03074224259833981	0.585786437626905	0.054033058684299314
te	1.0	1.0	0.0	1.0	1.0	1.0	1.0	1.0	1.0	1.0	1.0	1.0	1.0	1.0	0.585786437626905	1.0	1.0	1.0	1.0	1.0	1.0	1.0	1.0	1.0	1.0	1.0	1.0	1.0	1.0	1.0	1.0	1.0	1.0	1.0	1.0	1.0
tr	1.0	0.3726822671238253	-1.0	0.585786437626905	0.40453726661826384	0.32449979983983984	0.585786437626905	0.2474401533514073	0.33773018484522777	0.3333333333333333	0.39564392373896007	0.585786437626905	0.4364916731037085	0.3333333333333333	0.27429188517743175	0.353889367864523	0.353889367864523	0.585786437626905	0.585786437626905	0.585786437626905	1.0	0.28892247165053353	0.40453726661826384	0.2553967929896867	0.5	0.2989350844248255	0.32881309020609956	1.0	0.44948974278317805	0.585786437626905	0.36537630432787827	1.0	1.0	0.585786437626905	0.5	0.3333333333333333
vi	1.0	0.05492837854419529	1.0	0.0	0.39564392373896007	0.021618677137810776	0.07415585478097068	0.06999891343655867	0.01148239161199876	0.0731642934470757	0.29429805508554946	1.0	0.056689281631550605	0.06846859316101189	0.030375337898584685	0.029691318801671772	0.06283410664201676	1.0	0.010265460949516938	1.0	1.0	0.056508579214532347	0.010021651194333903	0.010107284261256483	0.060920874679110726	0.012515645881674316	0.0643939896073132	1.0	1.0	0.01733950490417743	0.03074224259833981	1.0	0.585786437626905	1.0	0.585786437626905	0.010867696373865187
war	1.0	0.5	1.0	0.585786437626905	1.0	0.585786437626905	0.585786437626905	0.585786437626905	0.585786437626905	0.585786437626905	0.585786437626905	0.585786437626905	0.585786437626905	0.585786437626905	0.5	0.585786437626905	0.585786437626905	0.585786437626905	0.585786437626905	0.585786437626905	1.0	0.585786437626905	0.585786437626905	0.585786437626905	0.585786437626905	0.585786437626905	0.5	1.0	0.585786437626905	0.585786437626905	0.585786437626905	1.0	0.5	0.585786437626905	1.0	0.585786437626905
zh	1.0	0.008517719033225174	1.0	1.0	1.0	0.006183298584024465	0.020280368889210816	0.007484185056131915	0.035826770738621214	0.007638811347336818	0.585786437626905	1.0	0.02017171505989809	0.02654799327065575	0.07429455944490836	0.08823634057061712	0.016756634083543817	1.0	0.0028480409142518713	1.0	1.0	0.008236098363542907	0.002911551011776328	0.0027810890153464707	0.011859311902967861	0.0036167538862668307	0.00822180988423959	1.0	1.0	0.008074201436587878	0.054033058684299314	1.0	0.3333333333333333	0.010867696373865187	0.585786437626905	1.0
