arz	bs	ceb	ckb	da	de	el	en	es	fr	he	hi	hu	id	it	ja	ko	lv	mk	ml	mr	nl	pl	pt	ro	ru	sh	si	simple	sr	sv	te	tr	vi	war	zh
arz	0.5	0.5	0.0	0.5	0.5	0.5	0.5	0.5	0.5	0.5	0.5	0.5	0.5	0.5	0.5	0.5	0.5	0.5	0.5	0.5	0.5	0.5	0.5	0.5	0.5	0.5	0.5	1.0	0.5	0.5	0.5	0.5	0.5	0.5	0.5	0.5
bs	0.5	0.05904926249183181	1.0	0.5	0.14285714285714285	0.0625078125	0.16666666666666666	0.058837377169557094	0.06666666666666667	0.06667111111111111	0.16666666666666666	0.2	0.16666666666666666	0.11112345679012345	0.07692899408284024	0.06666666666666667	0.1111111111111111	0.25	0.16666666666666666	0.14285714285714285	0.5	0.06254689844922265	0.06250390624999999	0.06250390624999999	0.2	0.058823529411764705	0.20003999999999997	1.0	0.09090909090909091	0.14285714285714285	0.125	0.3333333333333333	0.09092561983471073	0.07692307692307693	0.5	0.07692307692307693
ceb	0.0	1.0	0.3333333333333333	0.0	1.0	0.5	0.0	0.3333333333333333	0.5	1.0	0.5	0.5	1.0	0.5	0.5	0.5	0.5	1.0	1.0	1.0	0.0	1.0	1.0	0.5	0.5	0.5	1.0	0.5	1.0	1.0	1.0	0.0	-1.0	0.5	1.0	0.5
ckb	0.5	0.5	0.0	0.3333333333333333	0.5	0.3333333333333333	0.3333333333333333	0.3333333333333333	0.3333333333333333	0.3333333333333333	0.5	0.5	1.0	0.3333333333333333	0.3333333333333333	0.3333333333333333	0.5	0.5	1.0	0.5	1.0	0.3333333333333333	0.3333333333333333	0.3333333333333333	1.0	0.3333333333333333	1.0	1.0	0.3333333333333333	0.5	0.3333333333333333	1.0	0.3333333333333333	0.3333333333333333	1.0	0.3333333333333333
da	0.5	0.14285714285714285	1.0	0.5	0.05271759579258502	0.058823529411764705	0.2	0.055561728395061724	0.05555555555555555	0.0625	0.08333333333333333	0.1111111111111111	0.14285714285714285	0.07142857142857142	0.07143367346938775	0.0625	0.07692307692307693	0.14285714285714285	0.125	0.125	0.5	0.05265097229916897	0.05555555555555555	0.058823529411764705	0.125	0.058823529411764705	0.12501564064064064	1.0	0.07143367346938775	0.09091735537190083	0.06667111111111111	0.16666666666666666	0.09090909090909091	0.09090909090909091	0.5	0.07692307692307693
de	0.5	0.0625078125	0.5	0.3333333333333333	0.058823529411764705	0.009736339458150367	0.14285714285714285	0.013335111466666664	0.015385325443786983	0.013889853395061727	0.08333333333333333	0.1	0.0625	0.04	0.01852023319615912	0.030303030303030304	0.0625	0.09090909090909091	0.1111111111111111	0.06666666666666667	1.0	0.010531526983603436	0.01250015625	0.016394248857833915	0.08333333333333333	0.015151515151515152	0.08333333333333333	1.0	0.037037037037037035	0.035715561224489795	0.02857142857142857	0.14285714285714285	0.05555864197530863	0.043478260869565216	0.5	0.034482758620689655
el	0.5	0.16666666666666666	0.0	0.3333333333333333	0.2	0.14285714285714285	0.1111111111111111	0.1111111111111111	0.125	0.125	0.25	0.2	0.3333333333333333	0.14285714285714285	0.125	0.14285714285714285	0.16666666666666666	0.3333333333333333	0.25	0.2	1.0	0.14285714285714285	0.125	0.1111111111111111	0.3333333333333333	0.14285714285714285	0.3333333333333333	1.0	0.14285714285714285	0.16666666666666666	0.16666666666666666	0.5	0.16666666666666666	0.16666666666666666	0.5	0.14285714285714285
en	0.5	0.058837377169557094	0.3333333333333333	0.3333333333333333	0.055561728395061724	0.013335111466666664	0.1111111111111111	0.010592212671413722	0.014085895655623884	0.013335466844444444	0.07142857142857142	0.09090909090909091	0.0625	0.03333889	0.0188704168743325	0.025	0.05	0.08334027777777778	0.09090909090909091	0.06666666666666667	0.5	0.011123966069160027	0.012501718906249999	0.014086094624479666	0.07692899408284024	0.014925373134328358	0.07143877551020407	0.5	0.03226118626430801	0.037037037037037035	0.029411764705882353	0.1111111111111111	0.05263157894736842	0.03571428571428571	0.5	0.02857142857142857
es	0.5	0.06666666666666667	0.5	0.3333333333333333	0.05555555555555555	0.015385325443786983	0.125	0.014085895655623884	0.012844222292856061	0.014925818667854755	0.06666666666666667	0.09090909090909091	0.0625	0.03571428571428571	0.020834201822916662	0.027777777777777776	0.05263157894736842	0.09090909090909091	0.1	0.07142857142857142	0.5	0.012991230898971156	0.01388946759259259	0.015384852071005919	0.07692307692307693	0.017543859649122806	0.07143367346938775	1.0	0.037039780521262	0.03333333333333333	0.027777777777777776	0.125	0.05555864197530863	0.038461538461538464	0.5	0.030303030303030304
fr	0.5	0.06667111111111111	1.0	0.3333333333333333	0.0625	0.013889853395061727	0.125	0.013335466844444444	0.014925818667854755	0.010786901940464172	0.07142857142857142	0.1	0.07692307692307693	0.03448394768133174	0.018182809917355373	0.02857142857142857	0.05555555555555555	0.08334722222222221	0.1111111111111111	0.08333333333333333	0.5	0.011499010834588716	0.013334044444444443	0.01562548828125	0.07692307692307693	0.016129032258064516	0.07692307692307693	1.0	0.038463017751479284	0.038463017751479284	0.029414359861591695	0.1111111111111111	0.05263157894736842	0.041666666666666664	0.5	0.03125
he	0.5	0.16666666666666666	0.5	0.5	0.08333333333333333	0.08333333333333333	0.25	0.07142857142857142	0.06666666666666667	0.07142857142857142	0.06666666666666667	0.1111111111111111	0.14285714285714285	0.08333333333333333	0.09090909090909091	0.07692307692307693	0.09090909090909091	0.14285714285714285	0.14285714285714285	0.14285714285714285	0.5	0.06666666666666667	0.06666666666666667	0.08333333333333333	0.125	0.07692307692307693	0.14285714285714285	1.0	0.08333333333333333	0.1	0.08333333333333333	0.16666666666666666	0.14285714285714285	0.1	0.5	0.09090909090909091
hi	0.5	0.2	0.5	0.5	0.1111111111111111	0.1	0.2	0.09090909090909091	0.09090909090909091	0.1	0.1111111111111111	0.09090909090909091	0.14285714285714285	0.1	0.1	0.09090909090909091	0.1111111111111111	0.16666666666666666	0.14285714285714285	0.16666666666666666	1.0	0.09090909090909091	0.09090909090909091	0.09090909090909091	0.125	0.09090909090909091	0.14285714285714285	1.0	0.09090909090909091	0.1111111111111111	0.1	0.2	0.14285714285714285	0.125	0.5	0.1
hu	0.5	0.16666666666666666	1.0	1.0	0.14285714285714285	0.0625	0.3333333333333333	0.0625	0.0625	0.07692307692307693	0.14285714285714285	0.14285714285714285	0.058823529411764705	0.1	0.09090909090909091	0.08333333333333333	0.125	0.2	0.16666666666666666	0.2	1.0	0.058823529411764705	0.058823529411764705	0.0625	0.125	0.058823529411764705	0.14285714285714285	1.0	0.1111111111111111	0.08333333333333333	0.1111111111111111	0.25	0.16666666666666666	0.14285714285714285	0.5	0.1
id	0.5	0.11112345679012345	0.5	0.3333333333333333	0.07142857142857142	0.04	0.14285714285714285	0.03333889	0.03571428571428571	0.03448394768133174	0.08333333333333333	0.1	0.1	0.03232059641442082	0.047621315192743756	0.05	0.07692307692307693	0.11113580246913579	0.1111111111111111	0.1	0.5	0.03335112000556112	0.034482758620689655	0.037037037037037035	0.1111111111111111	0.038461538461538464	0.1	1.0	0.05263434903047091	0.06666666666666667	0.047621315192743756	0.16666666666666666	0.07142857142857142	0.0625	0.5	0.05
it	0.5	0.07692899408284024	0.5	0.3333333333333333	0.07143367346938775	0.01852023319615912	0.125	0.0188704168743325	0.020834201822916662	0.018182809917355373	0.09090909090909091	0.1	0.09090909090909091	0.047621315192743756	0.015922302075360613	0.04	0.07142857142857142	0.08334027777777778	0.14285714285714285	0.09090909090909091	1.0	0.017251492273782698	0.019231508875739642	0.0200008004	0.07692899408284024	0.02127659574468085	0.1111111111111111	1.0	0.047621315192743756	0.045454545454545456	0.034482758620689655	0.125	0.058823529411764705	0.05263157894736842	0.5	0.034482758620689655
ja	0.5	0.06666666666666667	0.5	0.3333333333333333	0.0625	0.030303030303030304	0.14285714285714285	0.025	0.027777777777777776	0.02857142857142857	0.07692307692307693	0.09090909090909091	0.08333333333333333	0.05	0.04	0.024390243902439025	0.0625	0.125	0.09090909090909091	0.09090909090909091	0.5	0.025	0.02564102564102564	0.02857142857142857	0.09090909090909091	0.02857142857142857	0.1	1.0	0.05	0.05263157894736842	0.047619047619047616	0.14285714285714285	0.06666666666666667	0.05	0.5	0.04
ko	0.5	0.1111111111111111	0.5	0.5	0.07692307692307693	0.0625	0.16666666666666666	0.05	0.05263157894736842	0.05555555555555555	0.09090909090909091	0.1111111111111111	0.125	0.07692307692307693	0.07142857142857142	0.0625	0.05	0.16666666666666666	0.125	0.1	0.5	0.05263157894736842	0.05	0.058823529411764705	0.125	0.05555555555555555	0.1111111111111111	1.0	0.07692307692307693	0.07142857142857142	0.09090909090909091	0.14285714285714285	0.09090909090909091	0.09090909090909091	0.5	0.07142857142857142
lv	0.5	0.25	1.0	0.5	0.14285714285714285	0.09090909090909091	0.3333333333333333	0.08334027777777778	0.09090909090909091	0.08334722222222221	0.14285714285714285	0.16666666666666666	0.2	0.11113580246913579	0.08334027777777778	0.125	0.16666666666666666	0.08341675704175705	0.25	0.25	1.0	0.08335416666666667	0.08333333333333333	0.08333333333333333	0.16666666666666666	0.08333333333333333	0.16666666666666666	1.0	0.10000999999999999	0.125	0.09091735537190082	0.25	0.14285714285714285	0.16666666666666666	0.5	0.1111111111111111
mk	0.5	0.16666666666666666	1.0	1.0	0.125	0.1111111111111111	0.25	0.09090909090909091	0.1	0.1111111111111111	0.14285714285714285	0.14285714285714285	0.16666666666666666	0.1111111111111111	0.14285714285714285	0.09090909090909091	0.125	0.25	0.09090909090909091	0.14285714285714285	1.0	0.09090909090909091	0.1	0.1	0.14285714285714285	0.1	0.14285714285714285	1.0	0.125	0.14285714285714285	0.125	0.3333333333333333	0.16666666666666666	0.14285714285714285	0.5	0.1111111111111111
ml	0.5	0.14285714285714285	1.0	0.5	0.125	0.06666666666666667	0.2	0.06666666666666667	0.07142857142857142	0.08333333333333333	0.14285714285714285	0.16666666666666666	0.2	0.1	0.09090909090909091	0.09090909090909091	0.1	0.25	0.14285714285714285	0.06666666666666667	1.0	0.07692307692307693	0.07142857142857142	0.07692307692307693	0.16666666666666666	0.07692307692307693	0.2	1.0	0.1111111111111111	0.1111111111111111	0.1111111111111111	0.25	0.1111111111111111	0.125	0.5	0.08333333333333333
mr	0.5	0.5	0.0	1.0	0.5	1.0	1.0	0.5	0.5	0.5	0.5	1.0	1.0	0.5	1.0	0.5	0.5	1.0	1.0	1.0	0.5	0.5	0.5	0.5	1.0	0.5	0.5	1.0	0.5	1.0	0.5	0.5	0.5	0.5	1.0	0.5
nl	0.5	0.06254689844922265	1.0	0.3333333333333333	0.05265097229916897	0.010531526983603436	0.14285714285714285	0.011123966069160027	0.012991230898971156	0.011499010834588716	0.06666666666666667	0.09090909090909091	0.058823529411764705	0.03335112000556112	0.017251492273782698	0.025	0.05263157894736842	0.08335416666666667	0.09090909090909091	0.07692307692307693	0.5	0.007304286393121504	0.011114198271851974	0.013337423466844444	0.07143877551020407	0.0136986301369863	0.07143367346938775	0.5	0.032270557755463065	0.033335555555555556	0.025644314266929653	0.1111111111111111	0.052637119113573404	0.034482758620689655	0.5	0.02857142857142857
pl	0.5	0.06250390624999999	1.0	0.3333333333333333	0.05555555555555555	0.01250015625	0.125	0.012501718906249999	0.01388946759259259	0.013334044444444443	0.06666666666666667	0.09090909090909091	0.058823529411764705	0.034482758620689655	0.019231508875739642	0.02564102564102564	0.05	0.08333333333333333	0.1	0.07142857142857142	0.5	0.011114198271851974	0.01065859673285287	0.014926041434617955	0.07692307692307693	0.014492753623188406	0.07142857142857142	0.5	0.033335555555555556	0.03225910509885536	0.027779320987654316	0.1111111111111111	0.05555555555555555	0.037037037037037035	0.5	0.030303030303030304
pt	0.5	0.06250390624999999	0.5	0.3333333333333333	0.058823529411764705	0.016394248857833915	0.1111111111111111	0.014086094624479666	0.015384852071005919	0.01562548828125	0.08333333333333333	0.09090909090909091	0.0625	0.037037037037037035	0.0200008004	0.02857142857142857	0.058823529411764705	0.08333333333333333	0.1	0.07692307692307693	0.5	0.013337423466844444	0.014926041434617955	0.013004068334660866	0.07692307692307693	0.016666666666666666	0.07142857142857142	0.5	0.038461538461538464	0.038461538461538464	0.02857142857142857	0.14285714285714285	0.05263157894736842	0.045454545454545456	0.5	0.030303030303030304
ro	0.5	0.2	0.5	1.0	0.125	0.08333333333333333	0.3333333333333333	0.07692899408284024	0.07692307692307693	0.07692307692307693	0.125	0.125	0.125	0.1111111111111111	0.07692899408284024	0.09090909090909091	0.125	0.16666666666666666	0.14285714285714285	0.16666666666666666	1.0	0.07143877551020407	0.07692307692307693	0.07692307692307693	0.07148472961224998	0.07692307692307693	0.16666666666666666	1.0	0.1	0.09090909090909091	0.125	0.2	0.16666666666666666	0.125	0.5	0.1
ru	0.5	0.058823529411764705	0.5	0.3333333333333333	0.058823529411764705	0.015151515151515152	0.14285714285714285	0.014925373134328358	0.017543859649122806	0.016129032258064516	0.07692307692307693	0.09090909090909091	0.058823529411764705	0.038461538461538464	0.02127659574468085	0.02857142857142857	0.05555555555555555	0.08333333333333333	0.1	0.07692307692307693	0.5	0.0136986301369863	0.014492753623188406	0.016666666666666666	0.07692307692307693	0.013157894736842105	0.07692307692307693	0.5	0.03571428571428571	0.037037037037037035	0.030303030303030304	0.125	0.05263157894736842	0.045454545454545456	0.5	0.03333333333333333
sh	0.5	0.20003999999999997	1.0	1.0	0.12501564064064064	0.08333333333333333	0.3333333333333333	0.07143877551020407	0.07143367346938775	0.07692307692307693	0.14285714285714285	0.14285714285714285	0.14285714285714285	0.1	0.1111111111111111	0.1	0.1111111111111111	0.16666666666666666	0.14285714285714285	0.2	0.5	0.07143367346938775	0.07142857142857142	0.07142857142857142	0.16666666666666666	0.07692307692307693	0.07152054616367415	1.0	0.1	0.1	0.1	0.2	0.14285714285714285	0.16666666666666666	0.5	0.1
si	1.0	1.0	0.5	1.0	1.0	1.0	1.0	0.5	1.0	1.0	1.0	1.0	1.0	1.0	1.0	1.0	1.0	1.0	1.0	1.0	1.0	0.5	0.5	0.5	1.0	0.5	1.0	0.5	0.5	1.0	1.0	1.0	1.0	1.0	1.0	0.5
simple	0.5	0.09090909090909091	1.0	0.3333333333333333	0.07143367346938775	0.037037037037037035	0.14285714285714285	0.03226118626430801	0.037039780521262	0.038463017751479284	0.08333333333333333	0.09090909090909091	0.1111111111111111	0.05263434903047091	0.047621315192743756	0.05	0.07692307692307693	0.10000999999999999	0.125	0.1111111111111111	0.5	0.032270557755463065	0.033335555555555556	0.038461538461538464	0.1	0.03571428571428571	0.1	0.5	0.03130283418102799	0.07142857142857142	0.05	0.125	0.07143367346938775	0.058823529411764705	0.5	0.047619047619047616
sr	0.5	0.14285714285714285	1.0	0.5	0.09091735537190083	0.035715561224489795	0.16666666666666666	0.037037037037037035	0.03333333333333333	0.038463017751479284	0.1	0.1111111111111111	0.08333333333333333	0.06666666666666667	0.045454545454545456	0.05263157894736842	0.07142857142857142	0.125	0.14285714285714285	0.1111111111111111	1.0	0.033335555555555556	0.03225910509885536	0.038461538461538464	0.09090909090909091	0.037037037037037035	0.1	1.0	0.07142857142857142	0.03126270019531249	0.06666666666666667	0.25	0.1	0.1111111111111111	0.5	0.058823529411764705
sv	0.5	0.125	1.0	0.3333333333333333	0.06667111111111111	0.02857142857142857	0.16666666666666666	0.029411764705882353	0.027777777777777776	0.029414359861591695	0.08333333333333333	0.1	0.1111111111111111	0.047621315192743756	0.034482758620689655	0.047619047619047616	0.09090909090909091	0.09091735537190082	0.125	0.1111111111111111	0.5	0.025644314266929653	0.027779320987654316	0.02857142857142857	0.125	0.030303030303030304	0.1	1.0	0.05	0.06666666666666667	0.025013135006252497	0.16666666666666666	0.07692307692307693	0.06666666666666667	0.5	0.05555555555555555
te	0.5	0.3333333333333333	0.0	1.0	0.16666666666666666	0.14285714285714285	0.5	0.1111111111111111	0.125	0.1111111111111111	0.16666666666666666	0.2	0.25	0.16666666666666666	0.125	0.14285714285714285	0.14285714285714285	0.25	0.3333333333333333	0.25	0.5	0.1111111111111111	0.1111111111111111	0.14285714285714285	0.2	0.125	0.2	1.0	0.125	0.25	0.16666666666666666	0.1111111111111111	0.16666666666666666	0.14285714285714285	0.5	0.14285714285714285
tr	0.5	0.09092561983471073	-1.0	0.3333333333333333	0.09090909090909091	0.05555864197530863	0.16666666666666666	0.05263157894736842	0.05555864197530863	0.05263157894736842	0.14285714285714285	0.14285714285714285	0.16666666666666666	0.07142857142857142	0.058823529411764705	0.06666666666666667	0.09090909090909091	0.14285714285714285	0.16666666666666666	0.1111111111111111	0.5	0.052637119113573404	0.05555555555555555	0.05263157894736842	0.16666666666666666	0.05263157894736842	0.14285714285714285	1.0	0.07143367346938775	0.1	0.07692307692307693	0.16666666666666666	0.05004003754755506	0.07692307692307693	0.5	0.06666666666666667
vi	0.5	0.07692307692307693	0.5	0.3333333333333333	0.09090909090909091	0.043478260869565216	0.16666666666666666	0.03571428571428571	0.038461538461538464	0.041666666666666664	0.1	0.125	0.14285714285714285	0.0625	0.05263157894736842	0.05	0.09090909090909091	0.16666666666666666	0.14285714285714285	0.125	0.5	0.034482758620689655	0.037037037037037035	0.045454545454545456	0.125	0.045454545454545456	0.16666666666666666	1.0	0.058823529411764705	0.1111111111111111	0.06666666666666667	0.14285714285714285	0.07692307692307693	0.034482758620689655	0.5	0.05
war	0.5	0.5	1.0	1.0	0.5	0.5	0.5	0.5	0.5	0.5	0.5	0.5	0.5	0.5	0.5	0.5	0.5	0.5	0.5	0.5	1.0	0.5	0.5	0.5	0.5	0.5	0.5	1.0	0.5	0.5	0.5	0.5	0.5	0.5	0.5	0.5
zh	0.5	0.07692307692307693	0.5	0.3333333333333333	0.07692307692307693	0.034482758620689655	0.14285714285714285	0.02857142857142857	0.030303030303030304	0.03125	0.09090909090909091	0.1	0.1	0.05	0.034482758620689655	0.04	0.07142857142857142	0.1111111111111111	0.1111111111111111	0.08333333333333333	0.5	0.02857142857142857	0.030303030303030304	0.030303030303030304	0.1	0.03333333333333333	0.1	0.5	0.047619047619047616	0.058823529411764705	0.05555555555555555	0.14285714285714285	0.06666666666666667	0.05	0.5	0.027777777777777776
