arz	bs	ceb	ckb	da	de	el	en	es	fr	he	hi	hu	id	it	ja	ko	lv	mk	ml	mr	nl	pl	pt	ro	ru	sh	si	simple	sr	sv	te	tr	vi	war	zh
arz	0.2	0.25	1.0	0.3333333333333333	0.25	0.2	0.25	0.2	0.2	0.2	0.25	0.25	0.2	0.2	0.2	0.2	0.2	0.25	0.25	0.3333333333333333	1.0	0.25	0.25	0.2	0.25	0.2	0.2	1.0	0.25	0.2	0.2	0.5	0.5	0.25	0.3333333333333333	0.25
bs	0.25	0.008115366688750193	0.3333333333333333	0.07142857142857142	0.012195419393218321	0.008928810586734694	0.012987012987012988	0.008772776238842721	0.009434140263438947	0.00909090909090909	0.011904903628117915	0.013333333333333334	0.010101520253035404	0.010990822485207101	0.009616494082840236	0.009523809523809525	0.011494252873563218	0.012500468749999999	0.015625	0.02	0.07142857142857142	0.009708926383259497	0.009804594386774317	0.008696030321361058	0.010527313351911358	0.008695652173913044	0.008064711238293444	0.058823529411764705	0.013158587257617727	0.008064841376235756	0.009434407351459683	0.03571428571428571	0.09090909090909091	0.010870983223180527	0.03225806451612903	0.009433962264150943
ceb	1.0	0.3333333333333333	0.3333333333333333	0.5	0.3333333333333333	0.3333333333333333	0.5	0.3333333333333333	0.3333333333333333	0.3333333333333333	0.5	0.5	0.3333333333333333	0.3333333333333333	0.3333333333333333	0.5	0.5	0.3333333333333333	0.5	0.5	0.5	0.3333333333333333	0.3333333333333333	0.3333333333333333	0.3333333333333333	0.3333333333333333	0.3333333333333333	1.0	0.3333333333333333	0.3333333333333333	0.3333333333333333	0.5	-1.0	0.3333333333333333	0.3333333333333333	0.3333333333333333
ckb	0.3333333333333333	0.07142857142857142	0.5	0.05263157894736842	0.058823529411764705	0.05263157894736842	0.058823529411764705	0.05263157894736842	0.05263157894736842	0.05263157894736842	0.05263157894736842	0.08333333333333333	0.05555555555555555	0.05263157894736842	0.05263157894736842	0.05555555555555555	0.058823529411764705	0.07692307692307693	0.058823529411764705	0.07142857142857142	0.2	0.05263157894736842	0.05263157894736842	0.05555555555555555	0.0625	0.05555555555555555	0.058823529411764705	0.14285714285714285	0.05555555555555555	0.058823529411764705	0.05555555555555555	0.125	0.3333333333333333	0.058823529411764705	0.125	0.05555555555555555
da	0.25	0.012195419393218321	0.3333333333333333	0.058823529411764705	0.0058601214342609235	0.006535947712418301	0.008928571428571428	0.006536289504036908	0.006896694411414981	0.006578947368421052	0.00847457627118644	0.010526315789473684	0.007143010204081632	0.00787438781077562	0.006896789536266349	0.006896551724137931	0.008064516129032258	0.009615384615384616	0.012987012987012988	0.016666666666666666	0.05	0.006756802410518627	0.006756848064280497	0.00625015625	0.0077521783546661855	0.006172839506172839	0.00598813152138836	0.05555555555555555	0.0100001	0.005988095664957511	0.006410338593030901	0.024390243902439025	0.09090909090909091	0.007936759889140842	0.027777777777777776	0.007142857142857143
de	0.2	0.008928810586734694	0.3333333333333333	0.05263157894736842	0.006535947712418301	0.001299317315019278	0.004651162790697674	0.001360631220324864	0.002040837151187005	0.0016367147870063558	0.005494505494505495	0.005050505050505051	0.002890198469711651	0.004149498114701882	0.0018940111340679518	0.0018587360594795538	0.004219409282700422	0.005952416383219955	0.009009009009009009	0.012658227848101266	0.037037037037037035	0.0020161534209157126	0.002217344064188475	0.002816925213251339	0.004761950113378685	0.002785515320334262	0.0020243201822681897	0.05263157894736842	0.005405463842220599	0.002012121015833431	0.003636376859504132	0.019230769230769232	0.05555864197530863	0.002890198469711651	0.02631578947368421	0.00199203187250996
el	0.25	0.012987012987012988	0.5	0.058823529411764705	0.008928571428571428	0.004651162790697674	0.004608294930875576	0.004651162790697674	0.005405405405405406	0.0049261083743842365	0.007751937984496124	0.00909090909090909	0.005714285714285714	0.006622516556291391	0.005076142131979695	0.005076142131979695	0.0070921985815602835	0.008849557522123894	0.01282051282051282	0.016666666666666666	0.047619047619047616	0.005050505050505051	0.005555555555555556	0.00641025641025641	0.007751937984496124	0.006493506493506494	0.005813953488372093	0.05555555555555555	0.008849557522123894	0.005813953488372093	0.00684931506849315	0.02631578947368421	0.16666666666666666	0.006329113924050633	0.02857142857142857	0.005050505050505051
en	0.2	0.008772776238842721	0.3333333333333333	0.05263157894736842	0.006536289504036908	0.001360631220324864	0.004651162790697674	0.0012736005640725434	0.0019532699699478222	0.0015850020795632914	0.005494505494505495	0.005025125628140704	0.0027857325750110565	0.0040991333815002685	0.0018218719513339373	0.0017513134851138354	0.004081632653061225	0.005917299814432268	0.008771929824561403	0.012658227848101266	0.03571428571428571	0.0019571616530344167	0.0021695079874459464	0.0028012302960399842	0.0046087833889018655	0.0026041666666666665	0.001811823970154641	0.05263157894736842	0.005376806596138282	0.0018020518302150797	0.0035338061406685064	0.018867924528301886	0.05263157894736842	0.0027935770029025313	0.02631578947368421	0.0019011406844106464
es	0.2	0.009434140263438947	0.3333333333333333	0.05263157894736842	0.006896694411414981	0.002040837151187005	0.005405405405405406	0.0019532699699478222	0.001954888896475948	0.002159850538090862	0.0056179775280898875	0.006024096385542169	0.003311302135871234	0.004444582716049383	0.002288429017275055	0.0023094688221709007	0.004424778761061947	0.006097560975609756	0.009345794392523364	0.012658227848101266	0.037037037037037035	0.0025907138446669706	0.0025840728054537325	0.0034129692832764505	0.005050683603713906	0.003257328990228013	0.0027624843640304026	0.05263157894736842	0.0057804470580373555	0.002754858881831083	0.0039683327191987906	0.019230769230769232	0.05555555555555555	0.0032895061569425212	0.02631578947368421	0.002570694087403599
fr	0.2	0.00909090909090909	0.3333333333333333	0.05263157894736842	0.006578947368421052	0.0016367147870063558	0.0049261083743842365	0.0015850020795632914	0.002159850538090862	0.0015263048781681918	0.005649717514124294	0.005263157894736842	0.00304891991374182	0.004273869585068302	0.0020748437699075425	0.001941747572815534	0.0041841004184100415	0.006024168965016694	0.008849557522123894	0.012658227848101266	0.03571428571428571	0.002193054598530317	0.002347561115519407	0.0030211845455956044	0.004784826354707996	0.0028735632183908046	0.0022728099173553716	0.05263157894736842	0.0058140886965927525	0.002262504867836449	0.0036901458449776145	0.019230769230769232	0.05263157894736842	0.00319505150608866	0.02631578947368421	0.002145922746781116
he	0.25	0.011904903628117915	0.5	0.05263157894736842	0.00847457627118644	0.005494505494505495	0.007751937984496124	0.005494505494505495	0.0056179775280898875	0.005649717514124294	0.005494716851829489	0.00980392156862745	0.006172839506172839	0.006993006993006993	0.005681818181818182	0.005813953488372093	0.007246376811594203	0.008849557522123894	0.011235955056179775	0.015151515151515152	0.047619047619047616	0.005952380952380952	0.0058823529411764705	0.0064516129032258064	0.008064516129032258	0.0064516129032258064	0.006289308176100629	0.05263157894736842	0.00909090909090909	0.006289347731497963	0.006666666666666667	0.027777777777777776	0.14285714285714285	0.00641025641025641	0.027777777777777776	0.005952380952380952
hi	0.25	0.013333333333333334	0.5	0.08333333333333333	0.010526315789473684	0.005050505050505051	0.00909090909090909	0.005025125628140704	0.006024096385542169	0.005263157894736842	0.00980392156862745	0.005	0.00641025641025641	0.007352941176470588	0.005405405405405406	0.0053475935828877	0.008333333333333333	0.01	0.015151515151515152	0.01694915254237288	0.05555555555555555	0.005494505494505495	0.005988023952095809	0.006896551724137931	0.007874015748031496	0.00684931506849315	0.00641025641025641	0.07142857142857142	0.008695652173913044	0.00641025641025641	0.007936507936507936	0.024390243902439025	0.14285714285714285	0.006578947368421052	0.030303030303030304	0.005235602094240838
hu	0.2	0.010101520253035404	0.3333333333333333	0.05555555555555555	0.007143010204081632	0.002890198469711651	0.005714285714285714	0.0027857325750110565	0.003311302135871234	0.00304891991374182	0.006172839506172839	0.00641025641025641	0.0027878448839593656	0.004807900332840237	0.0031647672748758215	0.0032258064516129032	0.004830917874396135	0.006369507890786645	0.009615384615384616	0.013333333333333334	0.037037037037037035	0.0032574032615730665	0.003401522513767412	0.004149463680033058	0.005291229248901207	0.004	0.0035336937781717836	0.05263157894736842	0.006329234137157506	0.003533643821248861	0.004545537190082645	0.020833333333333332	0.16666666666666666	0.004032436914672216	0.02631578947368421	0.0033222591362126247
id	0.2	0.010990822485207101	0.3333333333333333	0.05263157894736842	0.00787438781077562	0.004149498114701882	0.006622516556291391	0.0040991333815002685	0.004444582716049383	0.004273869585068302	0.006993006993006993	0.007352941176470588	0.004807900332840237	0.004127183363193483	0.004348412230623819	0.0044444444444444444	0.005681818181818182	0.007752058169581156	0.010416666666666666	0.013888888888888888	0.043478260869565216	0.00452498925083434	0.0046088259253966105	0.005319290402897239	0.006098081536287923	0.005128205128205128	0.004950936231741986	0.05263157894736842	0.006896789536266349	0.004950813645721007	0.005586748228831809	0.022222222222222223	0.07142857142857142	0.005050938705234159	0.02631578947368421	0.004329004329004329
it	0.2	0.009616494082840236	0.3333333333333333	0.05263157894736842	0.006896789536266349	0.0018940111340679518	0.005076142131979695	0.0018218719513339373	0.002288429017275055	0.0020748437699075425	0.005681818181818182	0.005405405405405406	0.0031647672748758215	0.004348412230623819	0.0018382759619303107	0.0022123893805309734	0.004366812227074236	0.006211257281740674	0.009009009009009009	0.01282051282051282	0.041666666666666664	0.0024391790660321234	0.0025319339849383103	0.003257435092149519	0.004831291348689584	0.0031847133757961785	0.002652681725756179	0.05263157894736842	0.005814122498647918	0.0026456356275020294	0.003968364213277903	0.0196078431372549	0.058823529411764705	0.0031648273814292574	0.026316481994459833	0.0024330900243309003
ja	0.2	0.009523809523809525	0.5	0.05555555555555555	0.006896551724137931	0.0018587360594795538	0.005076142131979695	0.0017513134851138354	0.0023094688221709007	0.001941747572815534	0.005813953488372093	0.0053475935828877	0.0032258064516129032	0.0044444444444444444	0.0022123893805309734	0.0017006831644222314	0.0041841004184100415	0.006172839506172839	0.008849557522123894	0.012658227848101266	0.03571428571428571	0.0023584905660377358	0.0025	0.0033444816053511705	0.0048543689320388345	0.003134796238244514	0.0024691358024691358	0.058823529411764705	0.005917159763313609	0.0024630541871921183	0.003952569169960474	0.0196078431372549	0.06666666666666667	0.003367003367003367	0.02702702702702703	0.0022172949002217295
ko	0.2	0.011494252873563218	0.5	0.058823529411764705	0.008064516129032258	0.004219409282700422	0.0070921985815602835	0.004081632653061225	0.004424778761061947	0.0041841004184100415	0.007246376811594203	0.008333333333333333	0.004830917874396135	0.005681818181818182	0.004366812227074236	0.0041841004184100415	0.004081632653061225	0.007194244604316547	0.01	0.013333333333333334	0.037037037037037035	0.004545454545454545	0.004608294930875576	0.0053475935828877	0.006211180124223602	0.005154639175257732	0.0048543689320388345	0.0625	0.008	0.004830917874396135	0.005434782608695652	0.025	0.09090909090909091	0.005405405405405406	0.02702702702702703	0.004405286343612335
lv	0.25	0.012500468749999999	0.3333333333333333	0.07692307692307693	0.009615384615384616	0.005952416383219955	0.008849557522123894	0.005917299814432268	0.006097560975609756	0.006024168965016694	0.008849557522123894	0.01	0.006369507890786645	0.007752058169581156	0.006211257281740674	0.006172839506172839	0.007194244604316547	0.0059233635450515465	0.0136986301369863	0.015873015873015872	0.043478260869565216	0.006172877610120408	0.006060642791551883	0.007092248880841004	0.008064516129032258	0.007194244604316547	0.0068027673654495815	0.07142857142857142	0.009804017685505576	0.006802721088435374	0.0072993233523363	0.02631578947368421	0.14287755102040817	0.006802721088435374	0.02702702702702703	0.006289308176100629
mk	0.25	0.015625	0.5	0.058823529411764705	0.012987012987012988	0.009009009009009009	0.01282051282051282	0.008771929824561403	0.009345794392523364	0.008849557522123894	0.011235955056179775	0.015151515151515152	0.009615384615384616	0.010416666666666666	0.009009009009009009	0.008849557522123894	0.01	0.0136986301369863	0.008771929824561403	0.018867924528301886	0.0625	0.009259259259259259	0.009345794392523364	0.010638297872340425	0.010416666666666666	0.01	0.00980392156862745	0.07692307692307693	0.015151515151515152	0.00980392156862745	0.010638297872340425	0.05	0.16666666666666666	0.010638297872340425	0.03333333333333333	0.009433962264150943
ml	0.3333333333333333	0.02	0.5	0.07142857142857142	0.016666666666666666	0.012658227848101266	0.016666666666666666	0.012658227848101266	0.012658227848101266	0.012658227848101266	0.015151515151515152	0.01694915254237288	0.013333333333333334	0.013888888888888888	0.01282051282051282	0.012658227848101266	0.013333333333333334	0.015873015873015872	0.018867924528301886	0.012658227848101266	0.0625	0.012987012987012988	0.01282051282051282	0.014285714285714285	0.015873015873015872	0.014285714285714285	0.014492753623188406	0.07142857142857142	0.01694915254237288	0.014492753623188406	0.014492753623188406	0.043478260869565216	0.1111111111111111	0.013888888888888888	0.038461538461538464	0.012658227848101266
mr	1.0	0.07142857142857142	0.5	0.2	0.05	0.037037037037037035	0.047619047619047616	0.03571428571428571	0.037037037037037035	0.03571428571428571	0.047619047619047616	0.05555555555555555	0.037037037037037035	0.043478260869565216	0.041666666666666664	0.03571428571428571	0.037037037037037035	0.043478260869565216	0.0625	0.0625	0.03571428571428571	0.03571428571428571	0.037037037037037035	0.041666666666666664	0.05	0.04	0.038461538461538464	0.2	0.045454545454545456	0.038461538461538464	0.04	0.125	0.5	0.037037037037037035	0.09090909090909091	0.03571428571428571
nl	0.25	0.009708926383259497	0.3333333333333333	0.05263157894736842	0.006756802410518627	0.0020161534209157126	0.005050505050505051	0.0019571616530344167	0.0025907138446669706	0.002193054598530317	0.005952380952380952	0.005494505494505495	0.0032574032615730665	0.00452498925083434	0.0024391790660321234	0.0023584905660377358	0.004545454545454545	0.006172877610120408	0.009259259259259259	0.012987012987012988	0.03571428571428571	0.0019498349091254933	0.0028654608911256882	0.003333355555555555	0.0049021049836841845	0.003436426116838488	0.002724869885439791	0.05263157894736842	0.006024205254753955	0.002717487299149338	0.004048648560048518	0.02	0.05264265927977839	0.0035336563073580644	0.02631578947368421	0.0024813895781637717
pl	0.25	0.009804594386774317	0.3333333333333333	0.05263157894736842	0.006756848064280497	0.002217344064188475	0.005555555555555556	0.0021695079874459464	0.0025840728054537325	0.002347561115519407	0.0058823529411764705	0.005988023952095809	0.003401522513767412	0.0046088259253966105	0.0025319339849383103	0.0025	0.004608294930875576	0.006060642791551883	0.009345794392523364	0.01282051282051282	0.037037037037037035	0.0028654608911256882	0.0021297486784312937	0.003571543367346939	0.005025504456958158	0.003424657534246575	0.003048957103286734	0.05263157894736842	0.006211295860499209	0.003030505068870523	0.004048746906194168	0.02	0.05555864197530863	0.003448489904887051	0.02631578947368421	0.002777777777777778
pt	0.2	0.008696030321361058	0.3333333333333333	0.05555555555555555	0.00625015625	0.002816925213251339	0.00641025641025641	0.0028012302960399842	0.0034129692832764505	0.0030211845455956044	0.0064516129032258064	0.006896551724137931	0.004149463680033058	0.005319290402897239	0.003257435092149519	0.0033444816053511705	0.0053475935828877	0.007092248880841004	0.010638297872340425	0.014285714285714285	0.041666666666666664	0.003333355555555555	0.003571543367346939	0.002009359324282903	0.004048746906194168	0.0025188916876574307	0.002070453394720715	0.05263157894736842	0.007692366863905326	0.002070444813085915	0.0031645970197083802	0.01639344262295082	0.05263157894736842	0.004651227690643592	0.027777777777777776	0.0034482758620689655
ro	0.25	0.010527313351911358	0.3333333333333333	0.0625	0.0077521783546661855	0.004761950113378685	0.007751937984496124	0.0046087833889018655	0.005050683603713906	0.004784826354707996	0.008064516129032258	0.007874015748031496	0.005291229248901207	0.006098081536287923	0.004831291348689584	0.0048543689320388345	0.006211180124223602	0.008064516129032258	0.010416666666666666	0.015873015873015872	0.05	0.0049021049836841845	0.005025504456958158	0.004048746906194168	0.0037083738566921487	0.0038910505836575876	0.0037316496018044106	0.05555555555555555	0.008695954631379961	0.0037455989142785	0.004587303257301574	0.0196078431372549	0.16666666666666666	0.005952664469990079	0.02857142857142857	0.004878048780487805
ru	0.2	0.008695652173913044	0.3333333333333333	0.05555555555555555	0.006172839506172839	0.002785515320334262	0.006493506493506494	0.0026041666666666665	0.003257328990228013	0.0028735632183908046	0.0064516129032258064	0.00684931506849315	0.004	0.005128205128205128	0.0031847133757961785	0.003134796238244514	0.005154639175257732	0.007194244604316547	0.01	0.014285714285714285	0.04	0.003436426116838488	0.003424657534246575	0.0025188916876574307	0.0038910505836575876	0.0018622251351566909	0.0019230769230769232	0.05	0.006993006993006993	0.0019157088122605363	0.0030864197530864196	0.015384615384615385	0.05263157894736842	0.004347826086956522	0.02857142857142857	0.0031746031746031746
sh	0.2	0.008064711238293444	0.3333333333333333	0.058823529411764705	0.00598813152138836	0.0020243201822681897	0.005813953488372093	0.001811823970154641	0.0027624843640304026	0.0022728099173553716	0.006289308176100629	0.00641025641025641	0.0035336937781717836	0.004950936231741986	0.002652681725756179	0.0024691358024691358	0.0048543689320388345	0.0068027673654495815	0.00980392156862745	0.014492753623188406	0.038461538461538464	0.002724869885439791	0.003048957103286734	0.002070453394720715	0.0037316496018044106	0.0019230769230769232	0.0013073141748366837	0.05	0.006944540895061729	0.0012987991347613418	0.0027701598437703825	0.015151515151515152	0.14285714285714285	0.003891202001544308	0.027777777777777776	0.002638522427440633
si	1.0	0.058823529411764705	1.0	0.14285714285714285	0.05555555555555555	0.05263157894736842	0.05555555555555555	0.05263157894736842	0.05263157894736842	0.05263157894736842	0.05263157894736842	0.07142857142857142	0.05263157894736842	0.05263157894736842	0.05263157894736842	0.058823529411764705	0.0625	0.07142857142857142	0.07692307692307693	0.07142857142857142	0.2	0.05263157894736842	0.05263157894736842	0.05263157894736842	0.05555555555555555	0.05	0.05	0.05	0.058823529411764705	0.05	0.05263157894736842	0.1	1.0	0.05555555555555555	0.09090909090909091	0.05555555555555555
simple	0.25	0.013158587257617727	0.3333333333333333	0.05555555555555555	0.0100001	0.005405463842220599	0.008849557522123894	0.005376806596138282	0.0057804470580373555	0.0058140886965927525	0.00909090909090909	0.008695652173913044	0.006329234137157506	0.006896789536266349	0.005814122498647918	0.005917159763313609	0.008	0.009804017685505576	0.015151515151515152	0.01694915254237288	0.045454545454545456	0.006024205254753955	0.006211295860499209	0.007692366863905326	0.008695954631379961	0.006993006993006993	0.006944540895061729	0.058823529411764705	0.0053863925927583175	0.006944492669753086	0.007692366863905326	0.022727272727272728	0.07142857142857142	0.00609767251635931	0.026316481994459833	0.005813953488372093
sr	0.2	0.008064841376235756	0.3333333333333333	0.058823529411764705	0.005988095664957511	0.002012121015833431	0.005813953488372093	0.0018020518302150797	0.002754858881831083	0.002262504867836449	0.006289347731497963	0.00641025641025641	0.003533643821248861	0.004950813645721007	0.0026456356275020294	0.0024630541871921183	0.004830917874396135	0.006802721088435374	0.00980392156862745	0.014492753623188406	0.038461538461538464	0.002717487299149338	0.003030505068870523	0.002070444813085915	0.0037455989142785	0.0019157088122605363	0.0012987991347613418	0.05	0.006944492669753086	0.0012959901349751102	0.002754942368842444	0.015151515151515152	0.1	0.0038912322820935973	0.027777777777777776	0.0026246719160104987
sv	0.2	0.009434407351459683	0.3333333333333333	0.05555555555555555	0.006410338593030901	0.003636376859504132	0.00684931506849315	0.0035338061406685064	0.0039683327191987906	0.0036901458449776145	0.006666666666666667	0.007936507936507936	0.004545537190082645	0.005586748228831809	0.003968364213277903	0.003952569169960474	0.005434782608695652	0.0072993233523363	0.010638297872340425	0.014492753623188406	0.04	0.004048648560048518	0.004048746906194168	0.0031645970197083802	0.004587303257301574	0.0030864197530864196	0.0027701598437703825	0.05263157894736842	0.007692366863905326	0.002754942368842444	0.002742379089088215	0.018867924528301886	0.07692307692307693	0.005025201383803439	0.027777777777777776	0.004081632653061225
te	0.5	0.03571428571428571	0.5	0.125	0.024390243902439025	0.019230769230769232	0.02631578947368421	0.018867924528301886	0.019230769230769232	0.019230769230769232	0.027777777777777776	0.024390243902439025	0.020833333333333332	0.022222222222222223	0.0196078431372549	0.0196078431372549	0.025	0.02631578947368421	0.05	0.043478260869565216	0.125	0.02	0.02	0.01639344262295082	0.0196078431372549	0.015384615384615385	0.015151515151515152	0.1	0.022727272727272728	0.015151515151515152	0.018867924528301886	0.015151515151515152	0.16666666666666666	0.020833333333333332	0.0625	0.0196078431372549
tr	0.5	0.09090909090909091	-1.0	0.3333333333333333	0.09090909090909091	0.05555864197530863	0.16666666666666666	0.05263157894736842	0.05555555555555555	0.05263157894736842	0.14285714285714285	0.14285714285714285	0.16666666666666666	0.07142857142857142	0.058823529411764705	0.06666666666666667	0.09090909090909091	0.14287755102040817	0.16666666666666666	0.1111111111111111	0.5	0.05264265927977839	0.05555864197530863	0.05263157894736842	0.16666666666666666	0.05263157894736842	0.14285714285714285	1.0	0.07142857142857142	0.1	0.07692307692307693	0.16666666666666666	0.05004003252752251	0.07692307692307693	0.5	0.06666666666666667
vi	0.25	0.010870983223180527	0.3333333333333333	0.058823529411764705	0.007936759889140842	0.002890198469711651	0.006329113924050633	0.0027935770029025313	0.0032895061569425212	0.00319505150608866	0.00641025641025641	0.006578947368421052	0.004032436914672216	0.005050938705234159	0.0031648273814292574	0.003367003367003367	0.005405405405405406	0.006802721088435374	0.010638297872340425	0.013888888888888888	0.037037037037037035	0.0035336563073580644	0.003448489904887051	0.004651227690643592	0.005952664469990079	0.004347826086956522	0.003891202001544308	0.05555555555555555	0.00609767251635931	0.0038912322820935973	0.005025201383803439	0.020833333333333332	0.07692307692307693	0.0027985422802121944	0.02631578947368421	0.003389830508474576
war	0.3333333333333333	0.03225806451612903	0.3333333333333333	0.125	0.027777777777777776	0.02631578947368421	0.02857142857142857	0.02631578947368421	0.02631578947368421	0.02631578947368421	0.027777777777777776	0.030303030303030304	0.02631578947368421	0.02631578947368421	0.026316481994459833	0.02702702702702703	0.02702702702702703	0.02702702702702703	0.03333333333333333	0.038461538461538464	0.09090909090909091	0.02631578947368421	0.02631578947368421	0.027777777777777776	0.02857142857142857	0.02857142857142857	0.027777777777777776	0.09090909090909091	0.026316481994459833	0.027777777777777776	0.027777777777777776	0.0625	0.5	0.02631578947368421	0.026317867728531855	0.02631578947368421
zh	0.25	0.009433962264150943	0.3333333333333333	0.05555555555555555	0.007142857142857143	0.00199203187250996	0.005050505050505051	0.0019011406844106464	0.002570694087403599	0.002145922746781116	0.005952380952380952	0.005235602094240838	0.0033222591362126247	0.004329004329004329	0.0024330900243309003	0.0022172949002217295	0.004405286343612335	0.006289308176100629	0.009433962264150943	0.012658227848101266	0.03571428571428571	0.0024813895781637717	0.002777777777777778	0.0034482758620689655	0.004878048780487805	0.0031746031746031746	0.002638522427440633	0.05555555555555555	0.005813953488372093	0.0026246719160104987	0.004081632653061225	0.0196078431372549	0.06666666666666667	0.003389830508474576	0.02631578947368421	0.0018832391713747645
