arz	bs	ceb	ckb	da	de	el	en	es	fr	he	hi	hu	id	it	ja	ko	lv	mk	ml	mr	nl	pl	pt	ro	ru	sh	si	simple	sr	sv	te	vi	war	zh
arz	0.20003999999999997	1.0	0.0	0.0	1.0	0.5	0.3333333333333333	0.2	0.25	0.0	0.5	0.0	1.0	1.0	0.25	0.25	0.3333333333333333	1.0	1.0	0.0	0.0	0.25	0.25	0.3333333333333333	0.3333333333333333	0.25	0.5	0.0	1.0	0.5	1.0	0.0	0.3333333333333333	0.0	0.2
bs	1.0	0.07172571426594979	0.0	1.0	0.3333333333333333	0.3333333333333333	0.25	0.07142857142857142	0.07692307692307693	0.0	0.25	1.0	0.5	0.25	0.09091735537190083	0.25	0.3333333333333333	0.3333333333333333	0.25	0.5	1.0	0.3333333333333333	0.14285714285714285	0.16666666666666666	0.25	0.14285714285714285	0.3333333333333333	1.0	0.25	0.25	0.3333333333333333	1.0	0.5	0.3333333333333333	0.2
ceb	0.0	0.0	1.0	0.0	1.0	1.0	1.0	1.0	1.0	0.0	1.0	0.0	0.0	0.0	1.0	1.0	1.0	1.0	0.0	0.0	0.0	1.0	1.0	1.0	1.0	1.0	1.0	0.0	0.0	0.0	1.0	0.0	1.0	0.0	1.0
ckb	0.0	1.0	0.0	0.25	1.0	0.25	0.3333333333333333	0.25	0.25	0.0	0.3333333333333333	1.0	0.5	0.5	0.3333333333333333	0.5	1.0	0.5	1.0	0.5	1.0	0.3333333333333333	0.5	0.3333333333333333	0.5	0.25	1.0	1.0	0.5	0.5	0.5	1.0	0.3333333333333333	1.0	0.3333333333333333
da	1.0	0.3333333333333333	1.0	1.0	0.005414654257377095	0.018518518518518517	0.03571428571428571	0.007751937984496124	0.012048192771084338	0.0	0.02702702702702703	0.3333333333333333	0.045454545454545456	0.07142857142857142	0.014084507042253521	0.020833333333333332	0.037037037037037035	0.037037037037037035	0.09090909090909091	0.07142857142857142	0.5	0.013157894736842105	0.01818181818181818	0.022222222222222223	0.035715561224489795	0.011764982698961937	0.03333333333333333	0.3333333333333333	0.0625	0.07692307692307693	0.010638297872340425	0.3333333333333333	0.038463017751479284	0.2	0.025
de	0.5	0.3333333333333333	1.0	0.25	0.018518518518518517	0.0010382705688021952	0.011494384991412341	0.0018315152490976667	0.0028089887640449437	0.0	0.010101010101010102	0.125	0.022222222222222223	0.03333333333333333	0.002583986005114543	0.007633762601247013	0.025	0.015384615384615385	0.05	0.02127659574468085	0.5	0.004405305750160104	0.0033112582781456954	0.0053475935828877	0.013333511111111113	0.0030120481927710845	0.014492753623188406	0.3333333333333333	0.03225806451612903	0.03333333333333333	0.008064516129032258	0.3333333333333333	0.022222222222222223	0.14285714285714285	0.008771929824561403
el	0.3333333333333333	0.25	1.0	0.3333333333333333	0.03571428571428571	0.011494384991412341	0.0034108386680639325	0.005154692315867787	0.0072992700729927005	0.0	0.018867924528301886	0.25	0.045454545454545456	0.034482758620689655	0.0072992700729927005	0.016666944444444443	0.037037037037037035	0.02702702702702703	0.07142857142857142	0.043478260869565216	1.0	0.011363765495867768	0.008000064	0.011764705882352941	0.026316481994459833	0.00819672131147541	0.027777777777777776	0.5	0.05555555555555555	0.06666666666666667	0.019231139053254437	0.3333333333333333	0.03125	0.2	0.01639344262295082
en	0.2	0.07142857142857142	1.0	0.25	0.007751937984496124	0.0018315152490976667	0.005154692315867787	0.00018111787269612227	0.0006093852643321409	0.05263157894736842	0.005025150880028282	0.05263157894736842	0.011494252873563218	0.009009252495738982	0.0004955568368332181	0.0038610783977579342	0.014492753623188406	0.007352941176470588	0.02631578947368421	0.003077036695857988	0.5	0.001305512001581577	0.0010298767247075593	0.0016611433648635225	0.004348166370510396	0.000898498430296528	0.008130081300813009	0.125	0.01282051282051282	0.02127659574468085	0.003194918800845166	0.3333333333333333	0.013513513513513514	0.125	0.004484385368698346
es	0.25	0.07692307692307693	1.0	0.25	0.012048192771084338	0.0028089887640449437	0.0072992700729927005	0.0006093852643321409	0.00037229527757318435	0.16666666666666666	0.006802721088435374	0.1	0.01639344262295082	0.015873015873015872	0.0008340311393773376	0.004975124378109453	0.016666666666666666	0.010101010101010102	0.037037037037037035	0.008130081300813009	0.5	0.0022471910112359553	0.0012787723785166241	0.002304147465437788	0.007575814967860423	0.0015360983102918587	0.00980392156862745	0.16666666666666666	0.01818181818181818	0.02564102564102564	0.004784688995215311	0.3333333333333333	0.016129032258064516	0.125	0.005494505494505495
fr	0.0	0.0	0.0	0.0	0.0	0.0	0.0	0.05263157894736842	0.16666666666666666	0.0020326979806993186	0.0	0.0	0.0	0.0	0.07142857142857142	0.0	0.0	0.0	0.0	0.0	0.0	0.16666666666666666	0.5	0.5	0.0	0.2	0.0	0.0	0.0	0.0	0.0	0.0	0.0	0.0	0.5
he	0.5	0.25	1.0	0.3333333333333333	0.02702702702702703	0.010101010101010102	0.018867924528301886	0.005025150880028282	0.006802721088435374	0.0	0.004019858118565703	0.25	0.038461538461538464	0.04	0.0064516129032258064	0.014705882352941176	0.02702702702702703	0.021739130434782608	0.06666666666666667	0.05263157894736842	0.5	0.009345794392523364	0.007751937984496124	0.00909090909090909	0.02127659574468085	0.006666666666666667	0.01694915254237288	0.3333333333333333	0.041666666666666664	0.038461538461538464	0.014285714285714285	0.3333333333333333	0.029411764705882353	0.2	0.011494252873563218
hi	0.0	1.0	0.0	1.0	0.3333333333333333	0.125	0.25	0.05263157894736842	0.1	0.0	0.25	0.0500100025	0.25	0.25	0.09090909090909091	0.2	0.25	0.25	0.5	0.5	1.0	0.25	0.25	0.1111111111111111	0.3333333333333333	0.09090909090909091	0.3333333333333333	0.5	0.5	0.5	0.3333333333333333	1.0	0.5	1.0	0.2
hu	1.0	0.5	0.0	0.5	0.045454545454545456	0.022222222222222223	0.045454545454545456	0.011494252873563218	0.01639344262295082	0.0	0.038461538461538464	0.25	0.009180292234831668	0.125	0.01694915254237288	0.03333333333333333	0.07142857142857142	0.0625	0.16666666666666666	0.058823529411764705	0.5	0.019230769230769232	0.016666666666666666	0.02564102564102564	0.041666666666666664	0.01694915254237288	0.05555555555555555	0.3333333333333333	0.06666666666666667	0.125	0.02702702702702703	0.3333333333333333	0.0625	0.3333333333333333	0.03571428571428571
id	1.0	0.25	0.0	0.5	0.07142857142857142	0.03333333333333333	0.034482758620689655	0.009009252495738982	0.015873015873015872	0.0	0.04	0.25	0.125	0.008817331378110744	0.014084705415592145	0.02564168310322156	0.07692307692307693	0.05263157894736842	0.14285714285714285	0.047619047619047616	1.0	0.023255813953488372	0.018868280526877893	0.02	0.058830453290660896	0.013889081790123457	0.058823529411764705	0.2	0.05555555555555555	0.08333333333333333	0.04	0.5	0.05	0.25	0.02702848794740686
it	0.25	0.09091735537190083	1.0	0.3333333333333333	0.014084507042253521	0.002583986005114543	0.0072992700729927005	0.0004955568368332181	0.0008340311393773376	0.07142857142857142	0.0064516129032258064	0.09090909090909091	0.01694915254237288	0.014084705415592145	0.0001939727298799366	0.004807715421597633	0.017857142857142856	0.011235955056179775	0.037037037037037035	0.005494596063277382	0.5	0.002049188726148885	0.00131753347185552	0.002341931343889343	0.007462686567164179	0.001373635807873445	0.009708737864077669	0.25	0.021739130434782608	0.024390243902439025	0.005181373996617359	0.3333333333333333	0.01639344262295082	0.14285714285714285	0.005988023952095809
ja	0.25	0.25	1.0	0.5	0.020833333333333332	0.007633762601247013	0.016666944444444443	0.0038610783977579342	0.004975124378109453	0.0	0.014705882352941176	0.2	0.03333333333333333	0.02564168310322156	0.004807715421597633	0.0031215460479667523	0.022727272727272728	0.019230769230769232	0.05555555555555555	0.02325635478637101	0.5	0.007194244604316547	0.006172877610120408	0.0070921985815602835	0.017857461734693877	0.005181508255255174	0.02040816326530612	0.3333333333333333	0.029411764705882353	0.041666666666666664	0.010869565217391304	0.3333333333333333	0.02040816326530612	0.16666666666666666	0.009523990929705217
ko	0.3333333333333333	0.3333333333333333	1.0	1.0	0.037037037037037035	0.025	0.037037037037037035	0.014492753623188406	0.016666666666666666	0.0	0.02702702702702703	0.25	0.07142857142857142	0.07692307692307693	0.017857142857142856	0.022727272727272728	0.01234674592287761	0.05555555555555555	0.1	0.08333333333333333	1.0	0.024390243902439025	0.022222222222222223	0.022727272727272728	0.037037037037037035	0.015873015873015872	0.030303030303030304	0.3333333333333333	0.058823529411764705	0.06666666666666667	0.027777777777777776	0.3333333333333333	0.04	0.2	0.025
lv	1.0	0.3333333333333333	1.0	0.5	0.037037037037037035	0.015384615384615385	0.02702702702702703	0.007352941176470588	0.010101010101010102	0.0	0.021739130434782608	0.25	0.0625	0.05263157894736842	0.011235955056179775	0.019230769230769232	0.05555555555555555	0.007093506564056133	0.07692307692307693	0.07692307692307693	0.5	0.014285714285714285	0.011627906976744186	0.017543859649122806	0.03125	0.010638297872340425	0.030303030303030304	0.3333333333333333	0.05	0.07692307692307693	0.017543859649122806	0.5	0.05263157894736842	0.25	0.02040816326530612
mk	1.0	0.25	0.0	1.0	0.09090909090909091	0.05	0.07142857142857142	0.02631578947368421	0.037037037037037035	0.0	0.06666666666666667	0.5	0.16666666666666666	0.14285714285714285	0.037037037037037035	0.05555555555555555	0.1	0.07692307692307693	0.02631786703601108	0.2	1.0	0.043478260869565216	0.047619047619047616	0.0625	0.09090909090909091	0.038461538461538464	0.07692307692307693	1.0	0.1	0.08333333333333333	0.058823529411764705	1.0	0.1111111111111111	0.3333333333333333	0.058823529411764705
ml	0.0	0.5	0.0	0.5	0.07142857142857142	0.02127659574468085	0.043478260869565216	0.003077036695857988	0.008130081300813009	0.0	0.05263157894736842	0.5	0.058823529411764705	0.047619047619047616	0.005494596063277382	0.02325635478637101	0.08333333333333333	0.07692307692307693	0.2	0.0030512835617232613	1.0	0.013513513513513514	0.013333333333333334	0.01428591836734694	0.033334444444444444	0.008264531111262892	0.07142857142857142	0.25	0.058823529411764705	0.1111111111111111	0.04	0.5	0.0625	0.25	0.023256895619253648
mr	0.0	1.0	0.0	1.0	0.5	0.5	1.0	0.5	0.5	0.0	0.5	1.0	0.5	1.0	0.5	0.5	1.0	0.5	1.0	1.0	0.5	0.5	0.5	0.5	0.5	0.5	1.0	1.0	0.5	1.0	0.5	1.0	0.5	1.0	0.5
nl	0.25	0.3333333333333333	1.0	0.3333333333333333	0.013157894736842105	0.004405305750160104	0.011363765495867768	0.001305512001581577	0.0022471910112359553	0.16666666666666666	0.009345794392523364	0.25	0.019230769230769232	0.023255813953488372	0.002049188726148885	0.007194244604316547	0.024390243902439025	0.014285714285714285	0.043478260869565216	0.013513513513513514	0.5	0.000673946205163287	0.0028011204481792717	0.004878143961927425	0.01075315065325471	0.0026455236415553877	0.015151515151515152	0.3333333333333333	0.02702702702702703	0.034482758620689655	0.0059171947760932745	0.3333333333333333	0.0196078431372549	0.14285714285714285	0.007874139748279498
pl	0.25	0.14285714285714285	1.0	0.5	0.01818181818181818	0.0033112582781456954	0.008000064	0.0010298767247075593	0.0012787723785166241	0.5	0.007751937984496124	0.25	0.016666666666666666	0.018868280526877893	0.00131753347185552	0.006172877610120408	0.022222222222222223	0.011627906976744186	0.047619047619047616	0.013333333333333334	0.5	0.0028011204481792717	0.00046863107278898296	0.0036630439157911685	0.009346318543104202	0.0018587533339782475	0.011627906976744186	0.25	0.02564102564102564	0.029411764705882353	0.00625	0.3333333333333333	0.019231139053254437	0.16666666666666666	0.00793663391282439
pt	0.3333333333333333	0.16666666666666666	1.0	0.3333333333333333	0.022222222222222223	0.0053475935828877	0.011764705882352941	0.0016611433648635225	0.002304147465437788	0.5	0.00909090909090909	0.1111111111111111	0.02564102564102564	0.02	0.002341931343889343	0.0070921985815602835	0.022727272727272728	0.017543859649122806	0.0625	0.01428591836734694	0.5	0.004878143961927425	0.0036630439157911685	0.0008903029463476205	0.011905045351473922	0.0030864388050602038	0.013333333333333334	0.3333333333333333	0.027777777777777776	0.03225806451612903	0.01	0.3333333333333333	0.019231139053254437	0.2	0.007633646057922033
ro	0.3333333333333333	0.25	1.0	0.5	0.035715561224489795	0.013333511111111113	0.026316481994459833	0.004348166370510396	0.007575814967860423	0.0	0.02127659574468085	0.3333333333333333	0.041666666666666664	0.058830453290660896	0.007462686567164179	0.017857461734693877	0.037037037037037035	0.03125	0.09090909090909091	0.033334444444444444	0.5	0.01075315065325471	0.009346318543104202	0.011905045351473922	0.0036368413379479977	0.007752238447208701	0.030303030303030304	0.3333333333333333	0.05555555555555555	0.052637119113573404	0.020833333333333332	0.3333333333333333	0.037039781893004116	0.3333333333333333	0.01754509079716836
ru	0.25	0.14285714285714285	1.0	0.25	0.011764982698961937	0.0030120481927710845	0.00819672131147541	0.000898498430296528	0.0015360983102918587	0.2	0.006666666666666667	0.09090909090909091	0.01694915254237288	0.013889081790123457	0.001373635807873445	0.005181508255255174	0.015873015873015872	0.010638297872340425	0.038461538461538464	0.008264531111262892	0.5	0.0026455236415553877	0.0018587533339782475	0.0030864388050602038	0.007752238447208701	0.0004247384944369181	0.010416666666666666	0.14285714285714285	0.022222222222222223	0.025	0.005102066847147022	0.3333333333333333	0.016393711367911852	0.14285714285714285	0.0063694673211895005
sh	0.5	0.3333333333333333	1.0	1.0	0.03333333333333333	0.014492753623188406	0.027777777777777776	0.008130081300813009	0.00980392156862745	0.0	0.01694915254237288	0.3333333333333333	0.05555555555555555	0.058823529411764705	0.009708737864077669	0.02040816326530612	0.030303030303030304	0.030303030303030304	0.07692307692307693	0.07142857142857142	1.0	0.015151515151515152	0.011627906976744186	0.013333333333333334	0.030303030303030304	0.010416666666666666	0.007814881103759887	0.3333333333333333	0.05263157894736842	0.045454545454545456	0.020833333333333332	0.3333333333333333	0.04	0.2	0.018867924528301886
si	0.0	1.0	0.0	1.0	0.3333333333333333	0.3333333333333333	0.5	0.125	0.16666666666666666	0.0	0.3333333333333333	0.5	0.3333333333333333	0.2	0.25	0.3333333333333333	0.3333333333333333	0.3333333333333333	1.0	0.25	1.0	0.3333333333333333	0.25	0.3333333333333333	0.3333333333333333	0.14285714285714285	0.3333333333333333	0.125	0.5	0.3333333333333333	0.3333333333333333	0.5	0.3333333333333333	0.5	0.2
simple	1.0	0.25	0.0	0.5	0.0625	0.03225806451612903	0.05555555555555555	0.01282051282051282	0.01818181818181818	0.0	0.041666666666666664	0.5	0.06666666666666667	0.05555555555555555	0.021739130434782608	0.029411764705882353	0.058823529411764705	0.05	0.1	0.058823529411764705	0.5	0.02702702702702703	0.02564102564102564	0.027777777777777776	0.05555555555555555	0.022222222222222223	0.05263157894736842	0.5	0.010419379774305555	0.09090909090909091	0.034482758620689655	0.5	0.0625	0.16666666666666666	0.029411764705882353
sr	0.5	0.25	0.0	0.5	0.07692307692307693	0.03333333333333333	0.06666666666666667	0.02127659574468085	0.02564102564102564	0.0	0.038461538461538464	0.5	0.125	0.08333333333333333	0.024390243902439025	0.041666666666666664	0.06666666666666667	0.07692307692307693	0.08333333333333333	0.1111111111111111	1.0	0.034482758620689655	0.029411764705882353	0.03225806451612903	0.052637119113573404	0.025	0.045454545454545456	0.3333333333333333	0.09090909090909091	0.018203993753766672	0.05555555555555555	0.5	0.07142857142857142	0.2	0.034482758620689655
sv	1.0	0.3333333333333333	1.0	0.5	0.010638297872340425	0.008064516129032258	0.019231139053254437	0.003194918800845166	0.004784688995215311	0.0	0.014285714285714285	0.3333333333333333	0.02702702702702703	0.04	0.005181373996617359	0.010869565217391304	0.027777777777777776	0.017543859649122806	0.058823529411764705	0.04	0.5	0.0059171947760932745	0.00625	0.01	0.020833333333333332	0.005102066847147022	0.020833333333333332	0.3333333333333333	0.034482758620689655	0.05555555555555555	0.0020690531887111716	0.3333333333333333	0.03125	0.16666666666666666	0.013513513513513514
te	0.0	1.0	0.0	1.0	0.3333333333333333	0.3333333333333333	0.3333333333333333	0.3333333333333333	0.3333333333333333	0.0	0.3333333333333333	1.0	0.3333333333333333	0.5	0.3333333333333333	0.3333333333333333	0.3333333333333333	0.5	1.0	0.5	1.0	0.3333333333333333	0.3333333333333333	0.3333333333333333	0.3333333333333333	0.3333333333333333	0.3333333333333333	0.5	0.5	0.5	0.3333333333333333	0.3333333333333333	0.3333333333333333	0.5	0.3333333333333333
vi	0.3333333333333333	0.5	1.0	0.3333333333333333	0.038463017751479284	0.022222222222222223	0.03125	0.013513513513513514	0.016129032258064516	0.0	0.029411764705882353	0.5	0.0625	0.05	0.01639344262295082	0.02040816326530612	0.04	0.05263157894736842	0.1111111111111111	0.0625	0.5	0.0196078431372549	0.019231139053254437	0.019231139053254437	0.037039781893004116	0.016393711367911852	0.04	0.3333333333333333	0.0625	0.07142857142857142	0.03125	0.3333333333333333	0.011917529917531762	0.2	0.020000399999999998
war	0.0	0.3333333333333333	0.0	1.0	0.2	0.14285714285714285	0.2	0.125	0.125	0.0	0.2	1.0	0.3333333333333333	0.25	0.14285714285714285	0.16666666666666666	0.2	0.25	0.3333333333333333	0.25	1.0	0.14285714285714285	0.16666666666666666	0.2	0.3333333333333333	0.14285714285714285	0.2	0.5	0.16666666666666666	0.2	0.16666666666666666	0.5	0.2	0.125	0.2
zh	0.2	0.2	1.0	0.3333333333333333	0.025	0.008771929824561403	0.01639344262295082	0.004484385368698346	0.005494505494505495	0.5	0.011494252873563218	0.2	0.03571428571428571	0.02702848794740686	0.005988023952095809	0.009523990929705217	0.025	0.02040816326530612	0.058823529411764705	0.023256895619253648	0.5	0.007874139748279498	0.00793663391282439	0.007633646057922033	0.01754509079716836	0.0063694673211895005	0.018867924528301886	0.2	0.029411764705882353	0.034482758620689655	0.013513513513513514	0.3333333333333333	0.020000399999999998	0.2	0.0035697964743635563
