arz	bs	ceb	ckb	da	de	el	en	es	fr	he	hi	hu	id	it	ja	ko	lv	mk	ml	mr	nl	pl	pt	ro	ru	sh	si	simple	sr	sv	te	vi	war	zh
arz	1.0	0.5666666666666667	0.5263157894736842	0.56	0.5383602239051696	0.5245901639344263	0.5555555555555556	0.5111359452545106	0.5217391304347826	0.5191256830601093	0.5306122448979592	0.5256410256410257	0.5526770293609672	0.5275590551181103	0.5174418604651163	0.5220588235294117	0.5308755760368663	0.5581395348837209	0.5681818181818182	0.5531914893617021	0.5395567060346222	0.5309734513274337	0.5336483293958826	0.5284552845528455	0.5463406292749657	0.5202312138728323	0.5576923076923077	0.5135135135135135	0.5343297524521252	0.5522388059701493	0.5178571428571429	0.5348837209302326	0.5443037974683544	0.625	0.5251798561151079
bs	0.5666666666666667	1.0	0.5476190476190476	0.5666666666666667	0.554695388757994	0.5317460317460317	0.5671641791044776	0.515527950310559	0.5272727272727272	0.5240641711229946	0.55	0.55	0.5512820512820512	0.5343511450381679	0.5227272727272727	0.5285714285714286	0.536	0.5869565217391304	0.5739750445632799	0.5576923076923077	0.5517241379310345	0.5338983050847458	0.5391304347826087	0.5354330708661417	0.5454545454545455	0.5254237288135593	0.5714285714285714	0.55	0.5425531914893617	0.5587557603686636	0.5294117647058824	0.5416666666666666	0.5611276768772024	0.5625	0.5314685314685315
ceb	0.5263157894736842	0.5476190476190476	1.0	0.5405405405405405	0.5741897696212417	0.5547928107838243	0.5394736842105263	0.5208182038247398	0.5411314566821536	0.5367686999926594	0.5611185650730881	0.5529411764705883	0.5855210819411297	0.5451404369148461	0.5350057596313836	0.5403146509341199	0.5440956651718983	0.5926481620405101	0.5705521472392638	0.5473204104903079	0.5433651344319168	0.5522667665792431	0.561861520998865	0.5530820082186886	0.5627758705247671	0.5371042114970797	0.568039950062422	0.5208333333333334	0.5598341232227488	0.5605339161657951	0.5398044380943876	0.5178571428571429	0.5622630213530234	0.5384615384615384	0.5403383139388097
ckb	0.56	0.5666666666666667	0.5405405405405405	1.0	0.5357142857142857	0.5289256198347108	0.5384615384615384	0.5109717868338558	0.5185185185185185	0.5191256830601093	0.5319959879638917	0.5394736842105263	0.5405405405405405	0.5234375	0.5174418604651163	0.5252104412890061	0.5245901639344263	0.5714285714285714	0.5555555555555556	0.5531914893617021	0.5471698113207547	0.5263157894736842	0.5267857142857143	0.5241935483870968	0.5357142857142857	0.5172413793103449	0.5471698113207547	0.5277777777777778	0.5274725274725275	0.5441176470588236	0.5178571428571429	0.5476190476190476	0.5375	0.5555555555555556	0.5214285714285714
da	0.5383602239051696	0.554695388757994	0.5741897696212417	0.5357142857142857	1.0	0.5975108345371709	0.584070796460177	0.5555657589083772	0.5932203389830508	0.5823748448489864	0.6107239126739358	0.576	0.6297054338229393	0.5939030362389813	0.5769230769230769	0.584689349112426	0.594502534854246	0.5913978494623656	0.5741176470588235	0.5609272835347731	0.5548639516272452	0.5986842105263158	0.6139006580726584	0.604404567699837	0.6148382004735596	0.5834580746484749	0.5853658536585367	0.5376344086021506	0.6137966379663797	0.595106268976603	0.583628553336414	0.5294117647058824	0.6016260162601625	0.5411764705882353	0.6011449499200014
de	0.5245901639344263	0.5317460317460317	0.5547928107838243	0.5289256198347108	0.5975108345371709	1.0	0.5782312925170068	0.5775594543108217	0.6193987087901593	0.62189913675602	0.6047244094488189	0.5723270440251572	0.6068047865690301	0.6036113499570077	0.5991379310344828	0.6139214046822743	0.5982178217821783	0.556390977443609	0.5597014925373135	0.5615523001799023	0.5556339742029691	0.6176362297496318	0.6160339101234931	0.6207929428416253	0.6042315680166147	0.6065369991225504	0.5642857142857143	0.5307692307692308	0.610807002330497	0.5848987913208096	0.5959392891992616	0.5367647058823529	0.5901514510533886	0.5327868852459017	0.6142083150613232
el	0.5555555555555556	0.5671641791044776	0.5394736842105263	0.5384615384615384	0.584070796460177	0.5782312925170068	1.0	0.5411764705882353	0.5645161290322581	0.5576923076923077	0.5793650793650793	0.5849056603773585	0.5836221184270002	0.5693342257067279	0.5612244897959184	0.5750000000000001	0.5666666666666667	0.5769230769230769	0.5679012345679012	0.5938433264415346	0.5776246453182002	0.5704225352112676	0.5714285714285714	0.5810810810810811	0.5789473684210527	0.5634517766497462	0.5747126436781609	0.5333333333333333	0.5798319327731092	0.5952908029784665	0.5641272902603665	0.5641025641025641	0.5871559633027523	0.5625	0.5696969696969697
en	0.5111359452545106	0.515527950310559	0.5208182038247398	0.5109717868338558	0.5555657589083772	0.5775594543108217	0.5411764705882353	1.0	0.5958967972915126	0.6074225888814015	0.5637577248879272	0.5493197278911565	0.5492395349670576	0.5838849078277993	0.5932017180730282	0.5849869917869713	0.5714118506311098	0.5258358662613982	0.525679758308157	0.5297312044483131	0.534281999730035	0.5724292257665995	0.5690629492429505	0.577574849364678	0.5552205588301775	0.602104898261907	0.5329341317365269	0.5185185185185185	0.561610365259591	0.54509635435769	0.5890171960393583	0.524390243902439	0.5520988073511311	0.5125000000000001	0.585837812924267
es	0.5217391304347826	0.5272727272727272	0.5411314566821536	0.5185185185185185	0.5932203389830508	0.6193987087901593	0.5645161290322581	0.5958967972915126	1.0	0.625	0.5935747446610956	0.5634517766497462	0.594059405940594	0.5944507534026	0.6000000000000001	0.6025641025641025	0.5973706955374608	0.5465116279069767	0.5428571428571428	0.5454545454545455	0.5439560439560439	0.616305277065361	0.6019417475728156	0.6136363636363635	0.5808080808080808	0.6175438596491228	0.553072625698324	0.5266272189349113	0.5910316825227468	0.5691489361702128	0.5872079870903525	0.5284090909090908	0.5824742268041238	0.5246913580246914	0.6130355949995229
fr	0.5191256830601093	0.5240641711229946	0.5367686999926594	0.5191256830601093	0.5823748448489864	0.62189913675602	0.5576923076923077	0.6074225888814015	0.625	1.0	0.5982993508274664	0.5622119815668203	0.5822359927704621	0.6019482475814281	0.5960233094262295	0.6036920535061799	0.6042198550341873	0.5412371134020618	0.5435897435897437	0.546801530064559	0.5538363982244768	0.6067184978729646	0.5974558883873615	0.6092182834392466	0.5808347262849979	0.6123827807723546	0.55	0.5263157894736842	0.5858760314718864	0.5643758696084278	0.5800132898044087	0.5306122448979592	0.575065455963456	0.5217391304347826	0.61914593067478
he	0.5306122448979592	0.55	0.5611185650730881	0.5319959879638917	0.6107239126739358	0.6047244094488189	0.5793650793650793	0.5637577248879272	0.5935747446610956	0.5982993508274664	1.0	0.5697290966807409	0.60564263322884	0.606399187404774	0.5820729391737052	0.5896333993026106	0.5872253449156872	0.5740740740740741	0.5653521126760563	0.5541701302299806	0.5456773853452821	0.6053629088867051	0.596844692066708	0.6363668643255335	0.6039264140582098	0.5983345950037849	0.5790996910321091	0.5327102803738317	0.6047465572809844	0.5848298676748582	0.5681818181818182	0.5258620689655172	0.6105026764289669	0.5367691079624826	0.6037218501370972
hi	0.5256410256410257	0.55	0.5529411764705883	0.5394736842105263	0.576	0.5723270440251572	0.5849056603773585	0.5493197278911565	0.5634517766497462	0.5622119815668203	0.5697290966807409	1.0	0.5797893538286365	0.5802469135802469	0.5550239234449761	0.5730994152046783	0.5652173913043479	0.5795454545454545	0.5652173913043479	0.5932559115712887	0.6236679753224902	0.5612903225806452	0.5695364238410596	0.5644171779141104	0.5714285714285714	0.5625	0.5720008011215701	0.5411764705882353	0.5801621958827199	0.5766174801362088	0.5615763546798029	0.5952380952380952	0.5737704918032787	0.5384615384615384	0.5617977528089888
hu	0.5526770293609672	0.5512820512820512	0.5855210819411297	0.5405405405405405	0.6297054338229393	0.6068047865690301	0.5836221184270002	0.5492395349670576	0.594059405940594	0.5822359927704621	0.60564263322884	0.5797893538286365	1.0	0.5877364905403784	0.5705188722904055	0.5876876699373448	0.595072059507206	0.5882352941176471	0.5819373634377276	0.5690463783220427	0.5711083664974155	0.6013986013986014	0.6073015596410212	0.6028591352859136	0.6224788003641067	0.5870676100628931	0.6004083876541271	0.5421686746987951	0.6168991663524779	0.6009850031058657	0.5779091392136025	0.5268817204301075	0.5948275862068966	0.5540540540540541	0.6005538704998022
id	0.5275590551181103	0.5343511450381679	0.5451404369148461	0.5234375	0.5939030362389813	0.6036113499570077	0.5693342257067279	0.5838849078277993	0.5944507534026	0.6019482475814281	0.606399187404774	0.5802469135802469	0.5877364905403784	1.0	0.5815515024524976	0.5999724498932434	0.5981889860786004	0.5579710144927537	0.5546053278285659	0.5537012035733778	0.5571101843131979	0.5885416666666666	0.5894736842105264	0.6043850715868927	0.5903614457831325	0.6020169604113288	0.5592741807569077	0.5255474452554745	0.5859802445562369	0.5741154807312903	0.5739910313901345	0.5390070921985816	0.601510067114094	0.5326864959440115	0.6098741529525654
it	0.5174418604651163	0.5227272727272727	0.5350057596313836	0.5174418604651163	0.5769230769230769	0.5991379310344828	0.5612244897959184	0.5932017180730282	0.6000000000000001	0.5960233094262295	0.5820729391737052	0.5550239234449761	0.5705188722904055	0.5815515024524976	1.0	0.6099257718650267	0.5827834123152783	0.5439560439560439	0.5452316427926184	0.5445193233392931	0.538860103626943	0.5954631379962193	0.5954975995847931	0.5956239870340356	0.5853658536585366	0.6049495875343721	0.5520836644521441	0.5280898876404494	0.5763215204909918	0.5683023595740239	0.6135533612877045	0.5268817204301075	0.58128078817734	0.5232558139534884	0.5922397160755544
ja	0.5220588235294117	0.5285714285714286	0.5403146509341199	0.5252104412890061	0.584689349112426	0.6139214046822743	0.5750000000000001	0.5849869917869713	0.6025641025641025	0.6036920535061799	0.5896333993026106	0.5730994152046783	0.5876876699373448	0.5999724498932434	0.6099257718650267	1.0	0.6066607681662469	0.5510204081632653	0.5599072404019583	0.5556450395127599	0.5512820512820512	0.5993727130162049	0.5999460744662598	0.5908795471223398	0.5943307086614172	0.5946117036115105	0.5584415584415584	0.5314685314685315	0.6005388542257515	0.573170731707317	0.5988210026047617	0.5369127516778524	0.6024096385542168	0.5294117647058824	0.6094922822279534
ko	0.5308755760368663	0.536	0.5440956651718983	0.5245901639344263	0.594502534854246	0.5982178217821783	0.5666666666666667	0.5714118506311098	0.5973706955374608	0.6042198550341873	0.5872253449156872	0.5652173913043479	0.595072059507206	0.5981889860786004	0.5827834123152783	0.6066607681662469	1.0	0.5606060606060607	0.5597014925373135	0.5428571428571428	0.5485170581176068	0.5851063829787234	0.5886548212887002	0.589186439446241	0.5826604203908032	0.5857740585774058	0.5642857142857143	0.5348837209302326	0.6008352338358559	0.5691105258686603	0.5776829173065411	0.5251798561151079	0.6021703743895822	0.5327868852459017	0.6274928114275113
lv	0.5581395348837209	0.5869565217391304	0.5926481620405101	0.5714285714285714	0.5913978494623656	0.556390977443609	0.5769230769230769	0.5258358662613982	0.5465116279069767	0.5412371134020618	0.5740740740740741	0.5795454545454545	0.5882352941176471	0.5579710144927537	0.5439560439560439	0.5510204081632653	0.5606060606060607	1.0	0.6034482758620691	0.5714285714285714	0.5652173913043479	0.5645161290322581	0.5702479338842975	0.5639097744360902	0.5964368706429124	0.5464480874316939	0.639344262295082	0.5471698113207547	0.5742574257425742	0.6025641025641025	0.5480225988700566	0.540983606557377	0.5888888888888889	0.5681818181818182	0.5533333333333333
mk	0.5681818181818182	0.5739750445632799	0.5705521472392638	0.5555555555555556	0.5741176470588235	0.5597014925373135	0.5679012345679012	0.525679758308157	0.5428571428571428	0.5435897435897437	0.5653521126760563	0.5652173913043479	0.5819373634377276	0.5546053278285659	0.5452316427926184	0.5599072404019583	0.5597014925373135	0.6034482758620691	1.0	0.5606060606060607	0.5526770293609672	0.5719138198757764	0.5666923670007711	0.5547445255474452	0.5833333333333333	0.5439544367396804	0.5970149253731343	0.5454545454545455	0.5683861197925058	0.601815823605707	0.5414364640883979	0.53125	0.5968911917098445	0.5909090909090909	0.5537545964776467
ml	0.5531914893617021	0.5576923076923077	0.5473204104903079	0.5531914893617021	0.5609272835347731	0.5615523001799023	0.5938433264415346	0.5297312044483131	0.5454545454545455	0.546801530064559	0.5541701302299806	0.5932559115712887	0.5690463783220427	0.5537012035733778	0.5445193233392931	0.5556450395127599	0.5428571428571428	0.5714285714285714	0.5606060606060607	1.0	0.6124710871241326	0.559480079118395	0.56267079613773	0.55	0.5672404518558365	0.5501618122977346	0.5586739882041896	0.543859649122807	0.5626833899085208	0.5654454486765655	0.540983606557377	0.6095791001451379	0.5555555555555556	0.5625	0.5429429697707401
mr	0.5395567060346222	0.5517241379310345	0.5433651344319168	0.5471698113207547	0.5548639516272452	0.5556339742029691	0.5776246453182002	0.534281999730035	0.5439560439560439	0.5538363982244768	0.5456773853452821	0.6236679753224902	0.5711083664974155	0.5571101843131979	0.538860103626943	0.5512820512820512	0.5485170581176068	0.5652173913043479	0.5526770293609672	0.6124710871241326	1.0	0.5474452554744526	0.5561935483870968	0.5465690907617942	0.5592105263157895	0.5564853556485355	0.5569620253164557	0.5483870967741935	0.5590513068731849	0.5577740016992353	0.5445562472853627	0.6093518393747474	0.5511910795742524	0.5454545454545455	0.5417313001824372
nl	0.5309734513274337	0.5338983050847458	0.5522667665792431	0.5263157894736842	0.5986842105263158	0.6176362297496318	0.5704225352112676	0.5724292257665995	0.616305277065361	0.6067184978729646	0.6053629088867051	0.5612903225806452	0.6013986013986014	0.5885416666666666	0.5954631379962193	0.5993727130162049	0.5851063829787234	0.5645161290322581	0.5719138198757764	0.559480079118395	0.5474452554744526	1.0	0.6034482758620691	0.6050155918345955	0.6055685689948893	0.6011537597083135	0.5898630935042237	0.5327868852459017	0.5980762753097046	0.5845070422535211	0.5859030837004405	0.5267175572519084	0.6001155920883637	0.5350877192982456	0.6011033531592104
pl	0.5336483293958826	0.5391304347826087	0.561861520998865	0.5267857142857143	0.6139006580726584	0.6160339101234931	0.5714285714285714	0.5690629492429505	0.6019417475728156	0.5974558883873615	0.596844692066708	0.5695364238410596	0.6073015596410212	0.5894736842105264	0.5954975995847931	0.5999460744662598	0.5886548212887002	0.5702479338842975	0.5666923670007711	0.56267079613773	0.5561935483870968	0.6034482758620691	1.0	0.6017941188302024	0.6100710135571336	0.6043373493975904	0.5782184620358894	0.5333333333333333	0.6072144288577155	0.5919900692538873	0.5921988855550793	0.53125	0.592675248077153	0.5357142857142857	0.5937727406444021
pt	0.5284552845528455	0.5354330708661417	0.5530820082186886	0.5241935483870968	0.604404567699837	0.6207929428416253	0.5810810810810811	0.577574849364678	0.6136363636363635	0.6092182834392466	0.6363668643255335	0.5644171779141104	0.6028591352859136	0.6043850715868927	0.5956239870340356	0.5908795471223398	0.589186439446241	0.5639097744360902	0.5547445255474452	0.55	0.5465690907617942	0.6050155918345955	0.6017941188302024	1.0	0.6072823027331335	0.6173639226270805	0.5714285714285714	0.5303030303030303	0.6079865587114903	0.59243533158277	0.5822784810126582	0.5285714285714286	0.5911752961533342	0.532258064516129	0.6092785168453629
ro	0.5463406292749657	0.5454545454545455	0.5627758705247671	0.5357142857142857	0.6148382004735596	0.6042315680166147	0.5789473684210527	0.5552205588301775	0.5808080808080808	0.5808347262849979	0.6039264140582098	0.5714285714285714	0.6224788003641067	0.5903614457831325	0.5853658536585366	0.5943307086614172	0.5826604203908032	0.5964368706429124	0.5833333333333333	0.5672404518558365	0.5592105263157895	0.6055685689948893	0.6100710135571336	0.6072823027331335	1.0	0.5912920188310437	0.5882352941176471	0.5319148936170213	0.5967745508517756	0.6142236450949005	0.5839856458386735	0.5294117647058824	0.608533747090768	0.5476190476190476	0.5838952492993984
ru	0.5202312138728323	0.5254237288135593	0.5371042114970797	0.5172413793103449	0.5834580746484749	0.6065369991225504	0.5634517766497462	0.602104898261907	0.6175438596491228	0.6123827807723546	0.5983345950037849	0.5625	0.5870676100628931	0.6020169604113288	0.6049495875343721	0.5946117036115105	0.5857740585774058	0.5464480874316939	0.5439544367396804	0.5501618122977346	0.5564853556485355	0.6011537597083135	0.6043373493975904	0.6173639226270805	0.5912920188310437	1.0	0.5536153259303213	0.5277777777777778	0.5954105873235165	0.5703497926285311	0.6008478220802359	0.5331916024448579	0.581495419802789	0.5229885057471265	0.6061621298235118
sh	0.5576923076923077	0.5714285714285714	0.568039950062422	0.5471698113207547	0.5853658536585367	0.5642857142857143	0.5747126436781609	0.5329341317365269	0.553072625698324	0.55	0.5790996910321091	0.5720008011215701	0.6004083876541271	0.5592741807569077	0.5520836644521441	0.5584415584415584	0.5642857142857143	0.639344262295082	0.5970149253731343	0.5586739882041896	0.5569620253164557	0.5898630935042237	0.5782184620358894	0.5714285714285714	0.5882352941176471	0.5536153259303213	1.0	0.5573770491803278	0.5813758389261745	0.622427551448971	0.5513081623061256	0.5277777777777778	0.5858585858585859	0.5660377358490566	0.5646891987709761
si	0.5135135135135135	0.55	0.5208333333333334	0.5277777777777778	0.5376344086021506	0.5307692307692308	0.5333333333333333	0.5185185185185185	0.5266272189349113	0.5263157894736842	0.5327102803738317	0.5411764705882353	0.5421686746987951	0.5255474452554745	0.5280898876404494	0.5314685314685315	0.5348837209302326	0.5471698113207547	0.5454545454545455	0.543859649122807	0.5483870967741935	0.5327868852459017	0.5333333333333333	0.5303030303030303	0.5319148936170213	0.5277777777777778	0.5573770491803278	1.0	0.5353535353535354	0.5384615384615384	0.5257142857142857	0.5384615384615384	0.5333333333333333	0.5263157894736842	0.5342465753424658
simple	0.5343297524521252	0.5425531914893617	0.5598341232227488	0.5274725274725275	0.6137966379663797	0.610807002330497	0.5798319327731092	0.561610365259591	0.5910316825227468	0.5858760314718864	0.6047465572809844	0.5801621958827199	0.6168991663524779	0.5859802445562369	0.5763215204909918	0.6005388542257515	0.6008352338358559	0.5742574257425742	0.5683861197925058	0.5626833899085208	0.5590513068731849	0.5980762753097046	0.6072144288577155	0.6079865587114903	0.5967745508517756	0.5954105873235165	0.5813758389261745	0.5353535353535354	1.0	0.5992713613323679	0.5784425363411606	0.53873480428902	0.6002477050852396	0.5384615384615384	0.6163691865685043
sr	0.5522388059701493	0.5587557603686636	0.5605339161657951	0.5441176470588236	0.595106268976603	0.5848987913208096	0.5952908029784665	0.54509635435769	0.5691489361702128	0.5643758696084278	0.5848298676748582	0.5766174801362088	0.6009850031058657	0.5741154807312903	0.5683023595740239	0.573170731707317	0.5691105258686603	0.6025641025641025	0.601815823605707	0.5654454486765655	0.5577740016992353	0.5845070422535211	0.5919900692538873	0.59243533158277	0.6142236450949005	0.5703497926285311	0.622427551448971	0.5384615384615384	0.5992713613323679	1.0	0.556648308418568	0.5411764705882353	0.5995260663507109	0.5588235294117647	0.5764563224523451
sv	0.5178571428571429	0.5294117647058824	0.5398044380943876	0.5178571428571429	0.583628553336414	0.5959392891992616	0.5641272902603665	0.5890171960393583	0.5872079870903525	0.5800132898044087	0.5681818181818182	0.5615763546798029	0.5779091392136025	0.5739910313901345	0.6135533612877045	0.5988210026047617	0.5776829173065411	0.5480225988700566	0.5414364640883979	0.540983606557377	0.5445562472853627	0.5859030837004405	0.5921988855550793	0.5822784810126582	0.5839856458386735	0.6008478220802359	0.5513081623061256	0.5257142857142857	0.5784425363411606	0.556648308418568	1.0	0.5288673424416043	0.5771268576351497	0.5207100591715976	0.5826840506272352
te	0.5348837209302326	0.5416666666666666	0.5178571428571429	0.5476190476190476	0.5294117647058824	0.5367647058823529	0.5641025641025641	0.524390243902439	0.5284090909090908	0.5306122448979592	0.5258620689655172	0.5952380952380952	0.5268817204301075	0.5390070921985816	0.5268817204301075	0.5369127516778524	0.5251798561151079	0.540983606557377	0.53125	0.6095791001451379	0.6093518393747474	0.5267175572519084	0.53125	0.5285714285714286	0.5294117647058824	0.5331916024448579	0.5277777777777778	0.5384615384615384	0.53873480428902	0.5411764705882353	0.5288673424416043	1.0	0.5306122448979592	0.5454545454545455	0.5256410256410257
vi	0.5443037974683544	0.5611276768772024	0.5622630213530234	0.5375	0.6016260162601625	0.5901514510533886	0.5871559633027523	0.5520988073511311	0.5824742268041238	0.575065455963456	0.6105026764289669	0.5737704918032787	0.5948275862068966	0.601510067114094	0.58128078817734	0.6024096385542168	0.6021703743895822	0.5888888888888889	0.5968911917098445	0.5555555555555556	0.5511910795742524	0.6001155920883637	0.592675248077153	0.5911752961533342	0.608533747090768	0.581495419802789	0.5858585858585859	0.5333333333333333	0.6002477050852396	0.5995260663507109	0.5771268576351497	0.5306122448979592	1.0	0.55	0.596140763188818
war	0.625	0.5625	0.5384615384615384	0.5555555555555556	0.5411764705882353	0.5327868852459017	0.5625	0.5125000000000001	0.5246913580246914	0.5217391304347826	0.5367691079624826	0.5384615384615384	0.5540540540540541	0.5326864959440115	0.5232558139534884	0.5294117647058824	0.5327868852459017	0.5681818181818182	0.5909090909090909	0.5625	0.5454545454545455	0.5350877192982456	0.5357142857142857	0.532258064516129	0.5476190476190476	0.5229885057471265	0.5660377358490566	0.5263157894736842	0.5384615384615384	0.5588235294117647	0.5207100591715976	0.5454545454545455	0.55	1.0	0.5285714285714286
zh	0.5251798561151079	0.5314685314685315	0.5403383139388097	0.5214285714285714	0.6011449499200014	0.6142083150613232	0.5696969696969697	0.585837812924267	0.6130355949995229	0.61914593067478	0.6037218501370972	0.5617977528089888	0.6005538704998022	0.6098741529525654	0.5922397160755544	0.6094922822279534	0.6274928114275113	0.5533333333333333	0.5537545964776467	0.5429429697707401	0.5417313001824372	0.6011033531592104	0.5937727406444021	0.6092785168453629	0.5838952492993984	0.6061621298235118	0.5646891987709761	0.5342465753424658	0.6163691865685043	0.5764563224523451	0.5826840506272352	0.5256410256410257	0.596140763188818	0.5285714285714286	1.0
