arz	bs	ceb	ckb	da	de	el	en	es	fr	he	hi	hu	id	it	ja	ko	lv	mk	ml	mr	nl	pl	pt	ro	ru	sh	si	simple	sr	sv	te	vi	war	zh
arz	1.0	1.0	0.0	0.0	1.0	1.0	1.0	0.7584325078215763	1.0	0.0	1.0	0.0	1.0	1.0	1.0	1.0	1.0	1.0	1.0	0.0	0.0	0.7690990303325336	1.0	1.0	1.0	1.0	1.0	0.0	1.0	1.0	1.0	0.0	1.0	0.0	0.7584325078215763
bs	1.0	1.0	0.5333058520532318	0.672370045633007	0.5807419181415888	0.5807419181415888	0.7320517592632889	0.5807419181415888	0.5807419181415888	0.6378522558071464	0.5899321008932429	0.6467936504043927	0.5429061771703093	0.38445388773407513	0.5738755327875251	0.5807419181415888	0.5807419181415888	0.6427811771228706	0.7265334708466399	0.6971511102882979	0.6972954930026792	0.5807419181415888	0.5323676477809485	0.5548271598762171	0.5807419181415888	0.5807419181415888	0.5899321008932428	1.0	0.6077336059964523	0.5807419181415888	0.5807419181415888	1.0	0.5329492396173346	0.672370045633007	0.5807419181415888
ceb	0.0	0.5333058520532318	1.0	0.5333058520532318	0.5333058520532318	0.5333058520532318	0.5660160774121898	0.5333058520532318	0.5333058520532318	0.5333058520532318	0.5660160774121898	0.5660160774121898	0.5333058520532318	0.538820456112302	0.5333058520532318	0.5333058520532318	0.5333058520532318	0.5333058520532318	0.5333058520532318	0.5660160774121898	0.5660160774121898	0.5333058520532318	0.5333058520532318	0.5333058520532318	0.5333058520532318	0.5333058520532318	0.5333058520532318	0.0	0.5333058520532318	0.5333058520532318	0.5333058520532318	1.0	0.5333058520532318	0.5660160774121898	0.5333058520532318
ckb	0.0	0.672370045633007	0.5333058520532318	1.0	1.0	1.0	1.0	1.0	1.0	1.0	1.0	1.0	0.7690990303325336	0.7584325078215763	1.0	1.0	1.0	1.0	1.0	1.0	1.0	1.0	1.0	1.0	1.0	1.0	1.0	0.0	1.0	1.0	1.0	1.0	1.0	1.0	1.0
da	1.0	0.5807419181415888	0.5333058520532318	1.0	1.0	0.5281070628332053	1.0	0.3503831254322556	0.49550162811927356	0.4615585949365019	0.7234532828151787	0.7347168825662656	0.5653075612703677	0.355080329281638	0.5166216993787973	0.5322870716671166	0.526518980481495	1.0	1.0	1.0	1.0	0.49842178678069327	0.4193408104931047	0.45375389748280315	0.5348151773558768	0.49281869683904067	0.5407605364094956	1.0	0.7322034805959263	0.661251134120194	0.4801338695160497	1.0	0.5763759565256314	1.0	0.529576333298568
de	1.0	0.5807419181415888	0.5333058520532318	1.0	0.5281070628332053	1.0	1.0	0.23221275427991472	0.39974564776223565	0.3193617637743495	0.7171176902274347	1.0	0.5547795184040645	0.45109611469437955	0.3618110238200059	0.519315345884422	0.5517260065831702	0.7347168825662656	1.0	0.7322034805959264	1.0	0.3828159316123903	0.2607099840616332	0.4397419018955865	0.5944667782209834	0.4858814793577776	0.527785131193352	1.0	0.5961684946801784	0.5889899959755058	0.3851586942755801	1.0	0.43839801775767445	1.0	0.5056511927087906
el	1.0	0.7320517592632889	0.5660160774121898	1.0	1.0	1.0	1.0	0.7900608149332319	1.0	1.0	1.0	1.0	0.7455134344225701	1.0	1.0	1.0	1.0	1.0	1.0	1.0	1.0	1.0	1.0	1.0	1.0	1.0	1.0	0.0	0.7411828468492555	1.0	1.0	1.0	0.74551343442257	1.0	1.0
en	0.7584325078215763	0.5807419181415888	0.5333058520532318	1.0	0.3503831254322556	0.23221275427991472	0.7900608149332319	1.0	0.2300215444545168	0.20750843010652262	0.43608127431467625	0.7300208629885034	0.43073611272493956	0.31683886805454986	0.23277387735825714	0.2680219199467575	0.4017319975533563	0.6161562425375516	1.0	1.0	1.0	0.2834992345061356	0.2159790978494374	0.25975975217748815	0.4587987577584969	0.2800116037704774	0.2782265676558977	1.0	0.2913598842335681	0.286717331957469	0.31272948388628197	1.0	0.20505035690047244	1.0	0.34398875141071095
es	1.0	0.5807419181415888	0.5333058520532318	1.0	0.49550162811927356	0.39974564776223565	1.0	0.2300215444545168	1.0	0.3672490991258985	1.0	1.0	0.5913014301053447	0.4089108849667423	0.38548747459900706	0.6341911409180055	0.7122412578101113	1.0	1.0	1.0	1.0	0.5614057702897282	0.25488270394136836	0.44038850957284875	0.7199285383279772	0.5872806911783577	0.7141080454298697	1.0	0.6549329476340925	0.6442100898340134	0.46150273681703424	1.0	0.4230499042727267	1.0	0.7071524664833436
fr	0.0	0.6378522558071464	0.5333058520532318	1.0	0.4615585949365019	0.3193617637743495	1.0	0.20750843010652262	0.3672490991258985	1.0	0.6501445840862393	1.0	0.5567002162503524	0.38344632551013436	0.30536618228309453	0.42056949773490765	0.5988341345139977	1.0	1.0	1.0	1.0	0.444653314433409	0.2998005198577854	0.3744488236139483	0.8059685743889907	0.40559895781400473	0.4754368356332322	1.0	0.561837131784356	0.48310476049811224	0.39011680118337144	1.0	0.4212892035595044	1.0	0.4791536715297714
he	1.0	0.5899321008932429	0.5660160774121898	1.0	0.7234532828151787	0.7171176902274347	1.0	0.43608127431467625	1.0	0.6501445840862393	1.0	1.0	0.7248485669756152	0.38665161957425587	0.7179915061657696	1.0	1.0	1.0	1.0	1.0	1.0	1.0	0.6102470946685322	1.0	1.0	1.0	1.0	1.0	0.7300208629885034	1.0	0.718925811717485	1.0	0.5731353761479109	1.0	1.0
hi	0.0	0.6467936504043927	0.5660160774121898	1.0	0.7347168825662656	1.0	1.0	0.7300208629885034	1.0	1.0	1.0	1.0	0.7376607345031153	0.4048484168850539	1.0	1.0	1.0	1.0	1.0	1.0	1.0	1.0	0.7322034805959263	1.0	1.0	1.0	1.0	1.0	1.0	1.0	1.0	1.0	0.7347168825662656	1.0	1.0
hu	1.0	0.5429061771703093	0.5333058520532318	0.7690990303325336	0.5653075612703677	0.5547795184040645	0.7455134344225701	0.43073611272493956	0.5913014301053447	0.5567002162503524	0.7248485669756152	0.7376607345031153	1.0	0.49662380705182696	0.5677505426289072	0.6475250169846578	0.7189258117174852	0.7411828468492556	1.0	0.7376607345031153	0.7584325078215763	0.6452450558286368	0.35528545516726573	0.53158793997162	0.6443242360956812	0.6487871090048528	0.7300208629885034	1.0	0.6983807707686048	0.7263875964832449	0.5564013788279932	1.0	0.566631136505845	0.7690990303325336	0.6463474082678704
id	1.0	0.38445388773407513	0.538820456112302	0.7584325078215763	0.355080329281638	0.45109611469437955	1.0	0.31683886805454986	0.4089108849667423	0.38344632551013436	0.38665161957425587	0.4048484168850539	0.49662380705182696	1.0	0.43404212044002993	0.44892856546487553	0.48183645119183366	0.41558389447222416	0.4417255608795031	1.0	1.0	0.4317060570306205	0.40412309217412035	0.4098719727974764	0.3877889685216333	0.4454666649231427	0.5518451635185578	1.0	0.5203041192715042	0.3841229725954143	0.43897914538148186	1.0	0.37668375942208593	1.0	0.4452751433789158
it	1.0	0.5738755327875251	0.5333058520532318	1.0	0.5166216993787973	0.3618110238200059	1.0	0.23277387735825714	0.38548747459900706	0.30536618228309453	0.7179915061657696	1.0	0.5677505426289072	0.43404212044002993	1.0	0.5128096595287603	0.61631711843003	0.7900608149332319	1.0	0.7322034805959263	1.0	0.5353157264065455	0.2830991102248433	0.36684161023859585	0.5950659482376811	0.45461214450377724	0.48870919539861374	1.0	0.6549329476340925	0.5176736657423361	0.44259009470599386	1.0	0.42824003991822707	1.0	0.4840895855284968
ja	1.0	0.5807419181415888	0.5333058520532318	1.0	0.5322870716671166	0.519315345884422	1.0	0.2680219199467575	0.6341911409180055	0.42056949773490765	1.0	1.0	0.6475250169846578	0.44892856546487553	0.5128096595287603	1.0	1.0	1.0	1.0	1.0	1.0	0.6370562647493825	0.35816373254952427	0.5077466381426574	0.7199285383279772	1.0	0.6463474082678704	1.0	0.6568318202362041	0.5371580188473669	0.47962446914633416	1.0	0.5194977408438898	1.0	1.0
ko	1.0	0.5807419181415888	0.5333058520532318	1.0	0.526518980481495	0.5517260065831702	1.0	0.4017319975533563	0.7122412578101113	0.5988341345139977	1.0	1.0	0.7189258117174852	0.48183645119183366	0.61631711843003	1.0	1.0	1.0	1.0	1.0	1.0	1.0	0.6037638397743439	0.5999553063370198	0.6532002319725722	1.0	1.0	1.0	0.6638546162332061	0.7221793916855704	0.5556156122029273	1.0	0.5533082605706013	1.0	1.0
lv	1.0	0.6427811771228706	0.5333058520532318	1.0	1.0	0.7347168825662656	1.0	0.6161562425375516	1.0	1.0	1.0	1.0	0.7411828468492556	0.41558389447222416	0.7900608149332319	1.0	1.0	1.0	1.0	1.0	1.0	1.0	1.0	1.0	1.0	1.0	1.0	1.0	1.0	1.0	1.0	1.0	0.7411828468492556	1.0	1.0
mk	1.0	0.7265334708466399	0.5333058520532318	1.0	1.0	1.0	1.0	1.0	1.0	1.0	1.0	1.0	1.0	0.4417255608795031	1.0	1.0	1.0	1.0	1.0	1.0	1.0	1.0	1.0	0.74551343442257	1.0	1.0	1.0	0.0	0.7510341748895938	1.0	1.0	1.0	1.0	1.0	1.0
ml	0.0	0.6971511102882979	0.5660160774121898	1.0	1.0	0.7322034805959264	1.0	1.0	1.0	1.0	1.0	1.0	0.7376607345031153	1.0	0.7322034805959263	1.0	1.0	1.0	1.0	1.0	1.0	1.0	1.0	1.0	1.0	1.0	1.0	1.0	0.7411828468492555	1.0	1.0	1.0	0.7376607345031153	1.0	1.0
mr	0.0	0.6972954930026792	0.5660160774121898	1.0	1.0	1.0	1.0	1.0	1.0	1.0	1.0	1.0	0.7584325078215763	1.0	1.0	1.0	1.0	1.0	1.0	1.0	1.0	1.0	1.0	1.0	1.0	1.0	1.0	0.0	1.0	1.0	1.0	1.0	1.0	1.0	1.0
nl	0.7690990303325336	0.5807419181415888	0.5333058520532318	1.0	0.49842178678069327	0.3828159316123903	1.0	0.2834992345061356	0.5614057702897282	0.444653314433409	1.0	1.0	0.6452450558286368	0.4317060570306205	0.5353157264065455	0.6370562647493825	1.0	1.0	1.0	1.0	1.0	1.0	0.341558670215941	0.4953142746473231	0.6549329476340925	0.5917196795904757	0.6475250169846577	1.0	0.6568318202362041	1.0	0.5505204719288218	1.0	0.4650113815486492	1.0	0.6377047307628824
pl	1.0	0.5323676477809485	0.5333058520532318	1.0	0.4193408104931047	0.2607099840616332	1.0	0.2159790978494374	0.25488270394136836	0.2998005198577854	0.6102470946685322	0.7322034805959263	0.35528545516726573	0.40412309217412035	0.2830991102248433	0.35816373254952427	0.6037638397743439	1.0	1.0	1.0	1.0	0.341558670215941	1.0	0.30841730629491204	0.4971396537745275	0.3406226820658733	0.5950659482376811	1.0	0.3680057337070662	0.5478431983094014	0.41038633103737177	1.0	0.3472366597441493	1.0	0.28118773101294614
pt	1.0	0.5548271598762171	0.5333058520532318	1.0	0.45375389748280315	0.4397419018955865	1.0	0.25975975217748815	0.44038850957284875	0.3744488236139483	1.0	1.0	0.53158793997162	0.4098719727974764	0.36684161023859585	0.5077466381426574	0.5999553063370198	1.0	0.74551343442257	1.0	1.0	0.4953142746473231	0.30841730629491204	1.0	0.5950659482376811	0.536961830653833	0.45153041379796494	1.0	0.5648956442922967	0.47030245796292275	0.4021333884407298	1.0	0.43863304616791704	1.0	0.520593795221925
ro	1.0	0.5807419181415888	0.5333058520532318	1.0	0.5348151773558768	0.5944667782209834	1.0	0.4587987577584969	0.7199285383279772	0.8059685743889907	1.0	1.0	0.6443242360956812	0.3877889685216333	0.5950659482376811	0.7199285383279772	0.6532002319725722	1.0	1.0	1.0	1.0	0.6549329476340925	0.4971396537745275	0.5950659482376811	1.0	0.7189258117174852	0.7263875964832448	1.0	0.7300208629885035	0.7248485669756152	0.5946211635197265	1.0	0.5986292959917902	1.0	0.7199285383279772
ru	1.0	0.5807419181415888	0.5333058520532318	1.0	0.49281869683904067	0.4858814793577776	1.0	0.2800116037704774	0.5872806911783577	0.40559895781400473	1.0	1.0	0.6487871090048528	0.4454666649231427	0.45461214450377724	1.0	1.0	1.0	1.0	1.0	1.0	0.5917196795904757	0.3406226820658733	0.536961830653833	0.7189258117174852	1.0	0.7155258672934655	1.0	0.6568318202362041	0.5810839447022058	0.5077466381426573	1.0	0.5167449708909372	1.0	1.0
sh	1.0	0.5899321008932428	0.5333058520532318	1.0	0.5407605364094956	0.527785131193352	1.0	0.2782265676558977	0.7141080454298697	0.4754368356332322	1.0	1.0	0.7300208629885034	0.5518451635185578	0.48870919539861374	0.6463474082678704	1.0	1.0	1.0	1.0	1.0	0.6475250169846577	0.5950659482376811	0.45153041379796494	0.7263875964832448	0.7155258672934655	1.0	1.0	0.6701591524560107	0.3336946919810502	0.5866241954474569	1.0	0.43382854433336	1.0	0.7162976956558118
si	0.0	1.0	0.0	0.0	1.0	1.0	0.0	1.0	1.0	1.0	1.0	1.0	1.0	1.0	1.0	1.0	1.0	1.0	0.0	1.0	0.0	1.0	1.0	1.0	1.0	1.0	1.0	1.0	0.0	1.0	1.0	0.0	1.0	1.0	1.0
simple	1.0	0.6077336059964523	0.5333058520532318	1.0	0.7322034805959263	0.5961684946801784	0.7411828468492555	0.2913598842335681	0.6549329476340925	0.561837131784356	0.7300208629885034	1.0	0.6983807707686048	0.5203041192715042	0.6549329476340925	0.6568318202362041	0.6638546162332061	1.0	0.7510341748895938	0.7411828468492555	1.0	0.6568318202362041	0.3680057337070662	0.5648956442922967	0.7300208629885035	0.6568318202362041	0.6701591524560107	0.0	1.0	0.6667969795412325	0.661251134120194	1.0	0.6049963408257748	1.0	0.6568318202362041
sr	1.0	0.5807419181415888	0.5333058520532318	1.0	0.661251134120194	0.5889899959755058	1.0	0.286717331957469	0.6442100898340134	0.48310476049811224	1.0	1.0	0.7263875964832449	0.3841229725954143	0.5176736657423361	0.5371580188473669	0.7221793916855704	1.0	1.0	1.0	1.0	1.0	0.5478431983094014	0.47030245796292275	0.7248485669756152	0.5810839447022058	0.3336946919810502	1.0	0.6667969795412325	1.0	0.5076219508772679	1.0	0.4278008157201691	1.0	0.5570988795109543
sv	1.0	0.5807419181415888	0.5333058520532318	1.0	0.4801338695160497	0.3851586942755801	1.0	0.31272948388628197	0.46150273681703424	0.39011680118337144	0.718925811717485	1.0	0.5564013788279932	0.43897914538148186	0.44259009470599386	0.47962446914633416	0.5556156122029273	1.0	1.0	1.0	1.0	0.5505204719288218	0.41038633103737177	0.4021333884407298	0.5946211635197265	0.5077466381426573	0.5866241954474569	1.0	0.661251134120194	0.5076219508772679	1.0	1.0	0.39119871929978056	1.0	0.5274132934819022
te	0.0	1.0	1.0	1.0	1.0	1.0	1.0	1.0	1.0	1.0	1.0	1.0	1.0	1.0	1.0	1.0	1.0	1.0	1.0	1.0	1.0	1.0	1.0	1.0	1.0	1.0	1.0	0.0	1.0	1.0	1.0	1.0	1.0	1.0	1.0
vi	1.0	0.5329492396173346	0.5333058520532318	1.0	0.5763759565256314	0.43839801775767445	0.74551343442257	0.20505035690047244	0.4230499042727267	0.4212892035595044	0.5731353761479109	0.7347168825662656	0.566631136505845	0.37668375942208593	0.42824003991822707	0.5194977408438898	0.5533082605706013	0.7411828468492556	1.0	0.7376607345031153	1.0	0.4650113815486492	0.3472366597441493	0.43863304616791704	0.5986292959917902	0.5167449708909372	0.43382854433336	1.0	0.6049963408257748	0.4278008157201691	0.39119871929978056	1.0	1.0	1.0	0.5061979943511131
war	0.0	0.672370045633007	0.5660160774121898	1.0	1.0	1.0	1.0	1.0	1.0	1.0	1.0	1.0	0.7690990303325336	1.0	1.0	1.0	1.0	1.0	1.0	1.0	1.0	1.0	1.0	1.0	1.0	1.0	1.0	1.0	1.0	1.0	1.0	1.0	1.0	1.0	1.0
zh	0.7584325078215763	0.5807419181415888	0.5333058520532318	1.0	0.529576333298568	0.5056511927087906	1.0	0.34398875141071095	0.7071524664833436	0.4791536715297714	1.0	1.0	0.6463474082678704	0.4452751433789158	0.4840895855284968	1.0	1.0	1.0	1.0	1.0	1.0	0.6377047307628824	0.28118773101294614	0.520593795221925	0.7199285383279772	1.0	0.7162976956558118	1.0	0.6568318202362041	0.5570988795109543	0.5274132934819022	1.0	0.5061979943511131	1.0	1.0
