arz	bs	ceb	ckb	da	de	el	en	es	fr	he	hi	hu	id	it	ja	ko	lv	mk	ml	mr	nl	pl	pt	ro	ru	sh	si	simple	sr	sv	te	vi	war	zh
arz	1.0	1.0	0.0	0.0	1.0	1.0	1.0	0.585786437626905	1.0	0.0	1.0	0.0	1.0	1.0	1.0	1.0	1.0	1.0	1.0	0.0	0.0	0.585786437626905	1.0	1.0	1.0	1.0	1.0	0.0	1.0	1.0	1.0	0.0	1.0	0.0	0.585786437626905
bs	1.0	1.0	0.39564392373896	0.5	0.32449979983983984	0.32449979983983984	0.44948974278317805	0.32449979983983984	0.32449979983983984	0.3430703308172536	0.3430703308172536	0.5	0.3126480851423008	0.28989794855663564	0.31264808514230086	0.32449979983983984	0.32449979983983984	0.44948974278317805	0.5	0.36602540378443865	0.5	0.32449979983983984	0.31264808514230086	0.3126480851423008	0.32449979983983984	0.32449979983983984	0.3430703308172536	1.0	0.38742588672279304	0.32449979983983984	0.32449979983983984	1.0	0.31264808514230086	0.5	0.32449979983983984
ceb	0.0	0.39564392373896	1.0	0.39564392373896	0.39564392373896	0.39564392373896	1.0	0.39564392373896	0.39564392373896	0.39564392373896	1.0	1.0	0.39564392373896	0.4356120478348471	0.39564392373896	0.39564392373896	0.39564392373896	0.39564392373896	0.39564392373896	1.0	1.0	0.39564392373896	0.39564392373896	0.39564392373896	0.39564392373896	0.39564392373896	0.39564392373896	0.0	0.39564392373896	0.39564392373896	0.39564392373896	1.0	0.39564392373896	1.0	0.39564392373896
ckb	0.0	0.5	0.39564392373896	1.0	1.0	1.0	1.0	1.0	1.0	1.0	1.0	1.0	0.585786437626905	0.585786437626905	1.0	1.0	1.0	1.0	1.0	1.0	1.0	1.0	1.0	1.0	1.0	1.0	1.0	0.0	1.0	1.0	1.0	1.0	1.0	1.0	1.0
da	1.0	0.32449979983983984	0.39564392373896	1.0	1.0	0.32037724101704074	1.0	0.1959691289492878	0.3164309725825328	0.25728427444747215	0.585786437626905	0.585786437626905	0.4142135623730951	0.26533119314590375	0.30552726787943424	0.3430703308172536	0.353889367864523	1.0	1.0	1.0	1.0	0.3164309725825328	0.2742918851774318	0.2958163163244893	0.3726822671238253	0.3164309725825328	0.3726822671238253	1.0	0.585786437626905	0.5	0.32037724101704074	1.0	0.4142135623730951	1.0	0.3430703308172536
de	1.0	0.32449979983983984	0.39564392373896	1.0	0.32037724101704074	1.0	1.0	0.07594517523931091	0.2632403810669918	0.18660549686337075	0.585786437626905	1.0	0.4142135623730951	0.2791745113185196	0.2070518364164892	0.36602540378443865	0.39564392373896007	0.585786437626905	1.0	0.585786437626905	1.0	0.2372732414640341	0.22901628833426058	0.2925939714825168	0.44948974278317805	0.32449979983983984	0.38742588672279304	1.0	0.44948974278317805	0.44948974278317805	0.25355482027512377	1.0	0.3090169943749474	1.0	0.3430703308172536
el	1.0	0.44948974278317805	1.0	1.0	1.0	1.0	1.0	0.5	1.0	1.0	1.0	1.0	0.585786437626905	1.0	1.0	1.0	1.0	1.0	1.0	1.0	1.0	1.0	1.0	1.0	1.0	1.0	1.0	0.0	0.585786437626905	1.0	1.0	1.0	0.585786437626905	1.0	1.0
en	0.585786437626905	0.32449979983983984	0.39564392373896	1.0	0.1959691289492878	0.07594517523931091	0.5	1.0	0.06628565998910813	0.0524490756960517	0.1975496259559987	0.585786437626905	0.2193450929151803	0.16139047779640892	0.08006261326192698	0.10467092305179067	0.1548242231105025	0.4364916731037085	1.0	1.0	1.0	0.11651106980622213	0.1367733581867939	0.09716501020274848	0.32037724101704074	0.08887794137299877	0.12502326766016156	1.0	0.23800671553691075	0.15055471221417036	0.1370210657559585	1.0	0.05930388825787187	1.0	0.11897746062862574
es	1.0	0.32449979983983984	0.39564392373896	1.0	0.3164309725825328	0.2632403810669918	1.0	0.06628565998910813	1.0	0.22901628833426058	1.0	1.0	0.44948974278317805	0.2553967929896867	0.23441237831492112	0.5	0.585786437626905	1.0	1.0	1.0	1.0	0.38742588672279304	0.3090169943749474	0.28172904669025317	0.585786437626905	0.44948974278317805	0.585786437626905	1.0	0.5	0.5	0.3164309725825328	1.0	0.23302402810392372	1.0	0.585786437626905
fr	0.0	0.3430703308172536	0.39564392373896	1.0	0.25728427444747215	0.18660549686337075	1.0	0.0524490756960517	0.22901628833426058	1.0	0.5	1.0	0.4142135623730951	0.22646721143623746	0.15366717774838984	0.2204812092115424	0.44948974278317805	1.0	1.0	1.0	1.0	0.27429188517743175	0.2898979485566356	0.21239994067041815	0.5	0.2240092377397959	0.29893508442482547	1.0	0.4142135623730951	0.3203772410170407	0.23166247903554	1.0	0.2466060555964672	1.0	0.28989794855663564
he	1.0	0.3430703308172536	1.0	1.0	0.585786437626905	0.585786437626905	1.0	0.1975496259559987	1.0	0.5	1.0	1.0	0.585786437626905	0.585786437626905	0.585786437626905	1.0	1.0	1.0	1.0	1.0	1.0	1.0	0.44948974278317805	1.0	1.0	1.0	1.0	1.0	0.585786437626905	1.0	0.585786437626905	1.0	0.38742588672279304	1.0	1.0
hi	0.0	0.5	1.0	1.0	0.585786437626905	1.0	1.0	0.585786437626905	1.0	1.0	1.0	1.0	0.585786437626905	0.5	1.0	1.0	1.0	1.0	1.0	1.0	1.0	1.0	0.585786437626905	1.0	1.0	1.0	1.0	1.0	1.0	1.0	1.0	1.0	0.585786437626905	1.0	1.0
hu	1.0	0.3126480851423008	0.39564392373896	0.585786437626905	0.4142135623730951	0.4142135623730951	0.585786437626905	0.2193450929151803	0.44948974278317805	0.4142135623730951	0.585786437626905	0.585786437626905	1.0	0.3164309725825328	0.38742588672279304	0.5	0.585786437626905	0.585786437626905	1.0	0.585786437626905	0.585786437626905	0.5	0.38742588672279304	0.38742588672279304	0.5	0.5	0.585786437626905	1.0	0.44948974278317805	0.585786437626905	0.4142135623730951	1.0	0.4142135623730951	0.585786437626905	0.5
id	1.0	0.28989794855663564	0.4356120478348471	0.585786437626905	0.26533119314590375	0.2791745113185196	1.0	0.16139047779640892	0.2553967929896867	0.22646721143623746	0.585786437626905	0.5	0.3164309725825328	1.0	0.2466060555964672	0.28436465220442186	0.2958163163244893	0.4364916731037085	0.585786437626905	1.0	1.0	0.27195617308673004	0.2592192604530755	0.24828371682826425	0.36602540378443865	0.26968623182294527	0.32881309020609956	1.0	0.38742588672279304	0.36602540378443865	0.25728427444747215	1.0	0.2791745113185196	1.0	0.2791745113185196
it	1.0	0.31264808514230086	0.39564392373896	1.0	0.30552726787943424	0.2070518364164892	1.0	0.08006261326192698	0.23441237831492112	0.15366717774838984	0.585786437626905	1.0	0.38742588672279304	0.2466060555964672	1.0	0.28989794855663564	0.4142135623730951	0.5	1.0	0.585786437626905	1.0	0.3660254037844386	0.23166247903554	0.21712927295533244	0.44948974278317805	0.25728427444747215	0.3090169943749474	1.0	0.5	0.3333333333333333	0.24660605559646726	1.0	0.23166247903554	1.0	0.2958163163244893
ja	1.0	0.32449979983983984	0.39564392373896	1.0	0.3430703308172536	0.36602540378443865	1.0	0.10467092305179067	0.5	0.2204812092115424	1.0	1.0	0.5	0.28436465220442186	0.28989794855663564	1.0	1.0	1.0	1.0	1.0	1.0	0.5	0.38742588672279304	0.3430703308172536	0.585786437626905	1.0	0.5	1.0	0.5	0.36602540378443865	0.32449979983983984	1.0	0.3203772410170407	1.0	1.0
ko	1.0	0.32449979983983984	0.39564392373896	1.0	0.353889367864523	0.39564392373896007	1.0	0.1548242231105025	0.585786437626905	0.44948974278317805	1.0	1.0	0.585786437626905	0.2958163163244893	0.4142135623730951	1.0	1.0	1.0	1.0	1.0	1.0	1.0	0.44948974278317805	0.44948974278317805	0.5	1.0	1.0	1.0	0.5	0.585786437626905	0.39564392373896007	1.0	0.34833147735478825	1.0	1.0
lv	1.0	0.44948974278317805	0.39564392373896	1.0	1.0	0.585786437626905	1.0	0.4364916731037085	1.0	1.0	1.0	1.0	0.585786437626905	0.4364916731037085	0.5	1.0	1.0	1.0	1.0	1.0	1.0	1.0	1.0	1.0	1.0	1.0	1.0	1.0	1.0	1.0	1.0	1.0	0.585786437626905	1.0	1.0
mk	1.0	0.5	0.39564392373896	1.0	1.0	1.0	1.0	1.0	1.0	1.0	1.0	1.0	1.0	0.585786437626905	1.0	1.0	1.0	1.0	1.0	1.0	1.0	1.0	1.0	0.585786437626905	1.0	1.0	1.0	0.0	0.585786437626905	1.0	1.0	1.0	1.0	1.0	1.0
ml	0.0	0.36602540378443865	1.0	1.0	1.0	0.585786437626905	1.0	1.0	1.0	1.0	1.0	1.0	0.585786437626905	1.0	0.585786437626905	1.0	1.0	1.0	1.0	1.0	1.0	1.0	1.0	1.0	1.0	1.0	1.0	1.0	0.585786437626905	1.0	1.0	1.0	0.585786437626905	1.0	1.0
mr	0.0	0.5	1.0	1.0	1.0	1.0	1.0	1.0	1.0	1.0	1.0	1.0	0.585786437626905	1.0	1.0	1.0	1.0	1.0	1.0	1.0	1.0	1.0	1.0	1.0	1.0	1.0	1.0	0.0	1.0	1.0	1.0	1.0	1.0	1.0	1.0
nl	0.585786437626905	0.32449979983983984	0.39564392373896	1.0	0.3164309725825328	0.2372732414640341	1.0	0.11651106980622213	0.38742588672279304	0.27429188517743175	1.0	1.0	0.5	0.27195617308673004	0.3660254037844386	0.5	1.0	1.0	1.0	1.0	1.0	1.0	0.34833147735478825	0.34833147735478825	0.5	0.44948974278317805	0.5	1.0	0.5	1.0	0.4142135623730951	1.0	0.27429188517743175	1.0	0.5
pl	1.0	0.31264808514230086	0.39564392373896	1.0	0.2742918851774318	0.22901628833426058	1.0	0.1367733581867939	0.3090169943749474	0.2898979485566356	0.44948974278317805	0.585786437626905	0.38742588672279304	0.2592192604530755	0.23166247903554	0.38742588672279304	0.44948974278317805	1.0	1.0	1.0	1.0	0.34833147735478825	1.0	0.24828371682826425	0.3333333333333333	0.3090169943749474	0.44948974278317805	1.0	0.44948974278317805	0.40453726661826384	0.2632403810669918	1.0	0.34833147735478825	1.0	0.3660254037844386
pt	1.0	0.3126480851423008	0.39564392373896	1.0	0.2958163163244893	0.2925939714825168	1.0	0.09716501020274848	0.28172904669025317	0.21239994067041815	1.0	1.0	0.38742588672279304	0.24828371682826425	0.21712927295533244	0.3430703308172536	0.44948974278317805	1.0	0.585786437626905	1.0	1.0	0.34833147735478825	0.24828371682826425	1.0	0.44948974278317805	0.38742588672279304	0.28989794855663564	1.0	0.4142135623730951	0.2989350844248255	0.2674788903885893	1.0	0.2674788903885893	1.0	0.3660254037844386
ro	1.0	0.32449979983983984	0.39564392373896	1.0	0.3726822671238253	0.44948974278317805	1.0	0.32037724101704074	0.585786437626905	0.5	1.0	1.0	0.5	0.36602540378443865	0.44948974278317805	0.585786437626905	0.5	1.0	1.0	1.0	1.0	0.5	0.3333333333333333	0.44948974278317805	1.0	0.585786437626905	0.585786437626905	1.0	0.585786437626905	0.585786437626905	0.44948974278317805	1.0	0.44948974278317805	1.0	0.585786437626905
ru	1.0	0.32449979983983984	0.39564392373896	1.0	0.3164309725825328	0.32449979983983984	1.0	0.08887794137299877	0.44948974278317805	0.2240092377397959	1.0	1.0	0.5	0.26968623182294527	0.25728427444747215	1.0	1.0	1.0	1.0	1.0	1.0	0.44948974278317805	0.3090169943749474	0.38742588672279304	0.585786437626905	1.0	0.585786437626905	1.0	0.5	0.4364916731037085	0.3430703308172536	1.0	0.3203772410170407	1.0	1.0
sh	1.0	0.3430703308172536	0.39564392373896	1.0	0.3726822671238253	0.38742588672279304	1.0	0.12502326766016156	0.585786437626905	0.29893508442482547	1.0	1.0	0.585786437626905	0.32881309020609956	0.3090169943749474	0.5	1.0	1.0	1.0	1.0	1.0	0.5	0.44948974278317805	0.28989794855663564	0.585786437626905	0.585786437626905	1.0	1.0	0.5	0.2061257833323215	0.4364916731037085	1.0	0.24828371682826425	1.0	0.585786437626905
si	0.0	1.0	0.0	0.0	1.0	1.0	0.0	1.0	1.0	1.0	1.0	1.0	1.0	1.0	1.0	1.0	1.0	1.0	0.0	1.0	0.0	1.0	1.0	1.0	1.0	1.0	1.0	1.0	0.0	1.0	1.0	0.0	1.0	1.0	1.0
simple	1.0	0.38742588672279304	0.39564392373896	1.0	0.585786437626905	0.44948974278317805	0.585786437626905	0.23800671553691075	0.5	0.4142135623730951	0.585786437626905	1.0	0.44948974278317805	0.38742588672279304	0.5	0.5	0.5	1.0	0.585786437626905	0.585786437626905	1.0	0.5	0.44948974278317805	0.4142135623730951	0.585786437626905	0.5	0.5	0.0	1.0	0.5	0.5	1.0	0.44948974278317805	1.0	0.5
sr	1.0	0.32449979983983984	0.39564392373896	1.0	0.5	0.44948974278317805	1.0	0.15055471221417036	0.5	0.3203772410170407	1.0	1.0	0.585786437626905	0.36602540378443865	0.3333333333333333	0.36602540378443865	0.585786437626905	1.0	1.0	1.0	1.0	1.0	0.40453726661826384	0.2989350844248255	0.585786437626905	0.4364916731037085	0.2061257833323215	1.0	0.5	1.0	0.32449979983983984	1.0	0.23302402810392372	1.0	0.39564392373896007
sv	1.0	0.32449979983983984	0.39564392373896	1.0	0.32037724101704074	0.25355482027512377	1.0	0.1370210657559585	0.3164309725825328	0.23166247903554	0.585786437626905	1.0	0.4142135623730951	0.25728427444747215	0.24660605559646726	0.32449979983983984	0.39564392373896007	1.0	1.0	1.0	1.0	0.4142135623730951	0.2632403810669918	0.2674788903885893	0.44948974278317805	0.3430703308172536	0.4364916731037085	1.0	0.5	0.32449979983983984	1.0	1.0	0.22461549888867144	1.0	0.36602540378443865
te	0.0	1.0	1.0	1.0	1.0	1.0	1.0	1.0	1.0	1.0	1.0	1.0	1.0	1.0	1.0	1.0	1.0	1.0	1.0	1.0	1.0	1.0	1.0	1.0	1.0	1.0	1.0	0.0	1.0	1.0	1.0	1.0	1.0	1.0	1.0
vi	1.0	0.31264808514230086	0.39564392373896	1.0	0.4142135623730951	0.3090169943749474	0.585786437626905	0.05930388825787187	0.23302402810392372	0.2466060555964672	0.38742588672279304	0.585786437626905	0.4142135623730951	0.2791745113185196	0.23166247903554	0.3203772410170407	0.34833147735478825	0.585786437626905	1.0	0.585786437626905	1.0	0.27429188517743175	0.34833147735478825	0.2674788903885893	0.44948974278317805	0.3203772410170407	0.24828371682826425	1.0	0.44948974278317805	0.23302402810392372	0.22461549888867144	1.0	1.0	1.0	0.3333333333333333
war	0.0	0.5	1.0	1.0	1.0	1.0	1.0	1.0	1.0	1.0	1.0	1.0	0.585786437626905	1.0	1.0	1.0	1.0	1.0	1.0	1.0	1.0	1.0	1.0	1.0	1.0	1.0	1.0	1.0	1.0	1.0	1.0	1.0	1.0	1.0	1.0
zh	0.585786437626905	0.32449979983983984	0.39564392373896	1.0	0.3430703308172536	0.3430703308172536	1.0	0.11897746062862574	0.585786437626905	0.28989794855663564	1.0	1.0	0.5	0.2791745113185196	0.2958163163244893	1.0	1.0	1.0	1.0	1.0	1.0	0.5	0.3660254037844386	0.3660254037844386	0.585786437626905	1.0	0.585786437626905	1.0	0.5	0.39564392373896007	0.36602540378443865	1.0	0.3333333333333333	1.0	1.0
