arz	bs	ceb	ckb	da	de	el	en	es	fr	he	hi	hu	id	it	ja	ko	lv	mk	ml	mr	nl	pl	pt	ro	ru	sh	si	simple	sr	sv	te	tr	vi	war	zh
arz	1.0	0.5183673469387755	0.515748031496063	0.699724517906336	0.5182186234817814	0.5164835164835164	0.6967418546365916	0.5135135135135135	0.5164835164835164	0.5140186915887851	0.6991869918699187	0.7005649717514124	0.5166051660516605	0.5163636363636364	0.5179282868525896	0.6974358974358974	0.6936936936936937	0.5183673469387755	0.699724517906336	0.699724517906336	0.699724517906336	0.5182186234817814	0.5175097276264592	0.5175097276264592	0.5177865612648221	0.6974358974358974	0.5183673469387755	0.7407407407407407	0.5179282868525896	0.6991869918699187	0.5151515151515151	0.7030716723549488	0.5263157894736842	0.5175097276264592	0.5183673469387755	0.5171102661596958
bs	0.5183673469387755	1.0	0.9192670925042652	0.6666666666666666	0.9679288384583306	0.8959306255491116	0.656084656084656	0.781126649181207	0.875962171375322	0.7983453182782989	0.664804469273743	0.6638176638176638	0.767934917803312	0.8907645159670722	0.9659888338407774	0.6586021505376344	0.6446078431372549	0.8780968006562756	0.6666666666666666	0.6666666666666666	0.6666666666666666	0.9757057105219509	0.9393358568914658	0.7236437958610082	0.9512919393667482	0.6586021505376344	0.7272770364752448	0.5580524344569289	0.9643094173369889	0.664804469273743	0.8413715639656243	0.6385542168674699	0.5959435275402665	0.9146976250006206	0.666966584189348	0.6889739957292477
ceb	0.515748031496063	0.9192670925042652	1.0	0.6575342465753424	0.9197102815234002	0.908480250249049	0.6596858638743456	0.7908252998572481	0.8872152838158807	0.8078268150429154	0.6594005449591281	0.6546961325966851	0.7645639143498925	0.9040180984517723	0.9277872484675227	0.6622340425531914	0.6480582524271845	0.8368104516813002	0.6575342465753424	0.6575342465753424	0.6575342465753424	0.926380973672617	0.9437711371859001	0.7204407246853288	0.9245348811450291	0.6622340425531914	0.7101173907102035	0.5543478260869565	0.936398769560382	0.6594005449591281	0.8519361770788261	0.6334310850439883	-1.0	0.9197861038455868	0.6577848715673371	0.6925002317604524
ckb	0.699724517906336	0.6666666666666666	0.6575342465753424	1.0	0.6657303370786517	0.6544502617801047	0.9763779527559056	0.6334841628959276	0.6544502617801047	0.6372093023255814	0.99581589958159	0.9936034115138592	0.6552631578947369	0.6536458333333334	0.663888888888889	0.9819639278557114	0.9511754068716095	0.6666666666666666	1.0	1.0	1.0	0.6657303370786517	0.6612021857923497	0.6612021857923497	0.6629834254143646	0.9819639278557114	0.6666666666666666	0.7740259740259741	0.663888888888889	0.99581589958159	0.645320197044335	0.9380530973451326	0.5348837209302326	0.6612021857923497	0.6666666666666666	0.6586021505376344
da	0.5182186234817814	0.9679288384583306	0.9197102815234002	0.6657303370786517	1.0	0.8964883640424635	0.6569920844327176	0.7819752444861179	0.8766263454108121	0.7987568948206168	0.6657381615598886	0.6628895184135978	0.7694683891266451	0.8909246840351497	0.9659855425240709	0.6595174262734586	0.6454767726161369	0.8710253998605489	0.6657303370786517	0.6657303370786517	0.6657303370786517	0.9645964356168542	0.9397315747286686	0.7241461280342858	0.9516792984741428	0.6595174262734586	0.7252468277060861	0.5576208178438662	0.9645973708346968	0.6657381615598886	0.8420569538313579	0.6396396396396395	0.5893890675241158	0.914782645271194	0.6660318541543556	0.6900826922247209
de	0.5164835164835164	0.8959306255491116	0.908480250249049	0.6544502617801047	0.8964883640424635	1.0	0.6649746192893401	0.8165044710476632	0.9067807430196155	0.8359389921711508	0.65625	0.6517150395778364	0.7829335780420573	0.9163941249859862	0.9039280365138755	0.6590330788804072	0.6563981042654029	0.818486170590231	0.6544502617801047	0.6544502617801047	0.6544502617801047	0.902247810699388	0.918422785604072	0.7119417474368552	0.9100196898783316	0.6624040920716113	0.7012937906748798	0.5525423728813559	0.9116483387443072	0.65625	0.8859439639739707	0.6312849162011173	0.5394736842105263	0.8949985731268741	0.6546432737657669	0.6851694204575224
el	0.6967418546365916	0.656084656084656	0.6596858638743456	0.9763779527559056	0.6569920844327176	0.6649746192893401	1.0	0.6431718061674009	0.6649746192893401	0.6470588235294118	0.9803921568627451	0.9702970297029704	0.6624365482233503	0.6624685138539043	0.6570680628272252	0.9865642994241843	0.9734513274336283	0.656084656084656	0.9763779527559056	0.9763779527559056	0.9763779527559056	0.6569920844327176	0.6614583333333334	0.6597402597402597	0.6596858638743456	0.9941972920696325	0.656084656084656	0.7648456057007126	0.6587926509186351	0.9803921568627451	0.6555023923444976	0.9256198347107438	0.5576923076923077	0.6614583333333334	0.656084656084656	0.6606683804627249
en	0.5135135135135135	0.781126649181207	0.7908252998572481	0.6334841628959276	0.7819752444861179	0.8165044710476632	0.6431718061674009	1.0	0.8016265810393541	0.86805437564234	0.6351351351351351	0.6309794988610479	0.7197162920874878	0.8195638427247282	0.7931225419120355	0.6407982261640798	0.6545842217484008	0.7339532502724334	0.6334841628959276	0.6334841628959276	0.6334841628959276	0.7854961611468348	0.796990750046597	0.6729872892878042	0.79157605885221	0.6407982261640798	0.6624472733194278	0.543661971830986	0.7922464606709897	0.6351351351351351	0.8444999152908258	0.6124401913875598	0.5450236966824644	0.7825548323936508	0.6336297539058076	0.6583688840566267
es	0.5164835164835164	0.875962171375322	0.8872152838158807	0.6544502617801047	0.8766263454108121	0.9067807430196155	0.6649746192893401	0.8016265810393541	1.0	0.8191620617761032	0.65625	0.6517150395778364	0.7740724149078649	0.9019422300072999	0.8830037075554664	0.6590330788804072	0.6563981042654029	0.8095610476235372	0.6544502617801047	0.6544502617801047	0.6544502617801047	0.8819156847145632	0.8957770593214853	0.7107032276685002	0.8891299236864346	0.6624040920716113	0.7002738419023238	0.5525423728813559	0.8901544726649214	0.65625	0.8653219778199865	0.6312849162011173	0.5524628285533084	0.8765178893211206	0.6547015267474513	0.6862431785582808
fr	0.5140186915887851	0.7983453182782989	0.8078268150429154	0.6372093023255814	0.7987568948206168	0.8359389921711508	0.6470588235294118	0.86805437564234	0.8191620617761032	1.0	0.638888888888889	0.6346604215456675	0.7301026991404983	0.8388669135212838	0.8103736339729625	0.6446469248291572	0.6557734204793028	0.7462772503862342	0.6372093023255814	0.6372093023255814	0.6372093023255814	0.8027118882256449	0.8143402072863376	0.6767917594214734	0.8084942711404263	0.6446469248291572	0.6696719422797525	0.5451895043731778	0.8095070540108097	0.638888888888889	0.8636366307081247	0.6157635467980295	0.5478168695733504	0.7997067204692473	0.6373876629109663	0.6637059859464319
he	0.6991869918699187	0.664804469273743	0.6594005449591281	0.99581589958159	0.6657381615598886	0.65625	0.9803921568627451	0.6351351351351351	0.65625	0.638888888888889	1.0	0.9894736842105263	0.6570680628272252	0.655440414507772	0.6657458563535912	0.9860279441117764	0.9549549549549549	0.664804469273743	0.99581589958159	0.99581589958159	0.99581589958159	0.663888888888889	0.6630434782608696	0.6630434782608696	0.6648351648351649	0.9860279441117764	0.664804469273743	0.7723785166240409	0.6657458563535912	1.0	0.6470588235294118	0.9427312775330396	0.5555555555555556	0.6630434782608696	0.664804469273743	0.6604278074866311
hi	0.7005649717514124	0.6638176638176638	0.6546961325966851	0.9936034115138592	0.6628895184135978	0.6517150395778364	0.9702970297029704	0.6309794988610479	0.6517150395778364	0.6346604215456675	0.9894736842105263	1.0	0.6525198938992043	0.6509186351706038	0.6610644257703081	0.9758064516129034	0.9454545454545454	0.6638176638176638	0.9936034115138592	0.9936034115138592	0.9936034115138592	0.6628895184135978	0.6584022038567493	0.6584022038567493	0.6601671309192201	0.9758064516129034	0.6638176638176638	0.776595744680851	0.6610644257703081	0.9894736842105263	0.6426799007444168	0.9351230425055929	0.5636363636363636	0.6584022038567493	0.6638176638176638	0.6558265582655826
hu	0.5166051660516605	0.767934917803312	0.7645639143498925	0.6552631578947369	0.7694683891266451	0.7829335780420573	0.6624365482233503	0.7197162920874878	0.7740724149078649	0.7301026991404983	0.6570680628272252	0.6525198938992043	1.0	0.7720356524962926	0.7704820059763544	0.6564885496183206	0.655581947743468	0.7473143018778473	0.6552631578947369	0.6552631578947369	0.6552631578947369	0.7707524556232704	0.7704885898683007	0.7011804864172949	0.7761365819869103	0.659846547314578	0.6945504591184881	0.552901023890785	0.7748299722929395	0.6570680628272252	0.7556716875231098	0.6320224719101124	0.5441176470588236	0.7643016784564602	0.6554194717192262	0.6791546990351637
id	0.5163636363636364	0.8907645159670722	0.9040180984517723	0.6536458333333334	0.8909246840351497	0.9163941249859862	0.6624685138539043	0.8195638427247282	0.9019422300072999	0.8388669135212838	0.655440414507772	0.6509186351706038	0.7720356524962926	1.0	0.9084511785997058	0.6598984771573604	0.657210401891253	0.8141639698479857	0.6536458333333334	0.6536458333333334	0.6536458333333334	0.8969968461420516	0.9128923101679316	0.7098886168122559	0.9052950340663103	0.6615776081424937	0.6986810376071994	0.5521885521885521	0.9068869278302443	0.655440414507772	0.888509832803981	0.6305555555555556	0.5795454545454545	0.8905671549208408	0.6538360686476969	0.6861919446488111
it	0.5179282868525896	0.9659888338407774	0.9277872484675227	0.663888888888889	0.9659855425240709	0.9039280365138755	0.6570680628272252	0.7931225419120355	0.8830037075554664	0.8103736339729625	0.6657458563535912	0.6610644257703081	0.7704820059763544	0.9084511785997058	1.0	0.6613333333333333	0.6472019464720196	0.8673416663704149	0.663888888888889	0.663888888888889	0.663888888888889	0.9630931337703936	0.9491143776212386	0.7241083237339477	0.9611360333527351	0.6595744680851063	0.7209764566698325	0.5567765567765568	0.9744516458407266	0.6657458563535912	0.8562802030703794	0.6398809523809524	0.5570469798657718	0.9231151612085604	0.6641665738149644	0.6917632004907117
ja	0.6974358974358974	0.6586021505376344	0.6622340425531914	0.9819639278557114	0.6595174262734586	0.6590330788804072	0.9865642994241843	0.6407982261640798	0.6590330788804072	0.6446469248291572	0.9860279441117764	0.9758064516129034	0.6564885496183206	0.6598984771573604	0.6613333333333333	1.0	0.9645390070921985	0.6586021505376344	0.9819639278557114	0.9819639278557114	0.9819639278557114	0.6595174262734586	0.6640211640211641	0.662269129287599	0.6604774535809019	0.9921875	0.6586021505376344	0.7669902912621359	0.6613333333333333	0.9860279441117764	0.6514423076923077	0.9305263157894738	0.5700934579439253	0.6640211640211641	0.6586021505376344	0.6666666666666666
ko	0.6936936936936937	0.6446078431372549	0.6480582524271845	0.9511754068716095	0.6454767726161369	0.6563981042654029	0.9734513274336283	0.6545842217484008	0.6563981042654029	0.6557734204793028	0.9549549549549549	0.9454545454545454	0.655581947743468	0.657210401891253	0.6472019464720196	0.9645390070921985	1.0	0.6446078431372549	0.9511754068716095	0.9511754068716095	0.9511754068716095	0.6454767726161369	0.6497584541062803	0.6497584541062803	0.6480582524271845	0.9679715302491102	0.6446078431372549	0.7553648068669528	0.6472019464720196	0.9549549549549549	0.6613272311212816	0.9035916824196597	0.5797101449275363	0.6497584541062803	0.6446078431372549	0.6507177033492824
lv	0.5183673469387755	0.8780968006562756	0.8368104516813002	0.6666666666666666	0.8710253998605489	0.818486170590231	0.656084656084656	0.7339532502724334	0.8095610476235372	0.7462772503862342	0.664804469273743	0.6638176638176638	0.7473143018778473	0.8141639698479857	0.8673416663704149	0.6586021505376344	0.6446078431372549	1.0	0.6666666666666666	0.6666666666666666	0.6666666666666666	0.8749321902921425	0.8494964942419436	0.7172881641404285	0.8592236139942018	0.6586021505376344	0.7216834269763448	0.5580524344569289	0.8655131289972422	0.664804469273743	0.7779862128911947	0.6385542168674699	0.5728900255754475	0.8374320625729039	0.6669417055159041	0.6872823105607303
mk	0.699724517906336	0.6666666666666666	0.6575342465753424	1.0	0.6657303370786517	0.6544502617801047	0.9763779527559056	0.6334841628959276	0.6544502617801047	0.6372093023255814	0.99581589958159	0.9936034115138592	0.6552631578947369	0.6536458333333334	0.663888888888889	0.9819639278557114	0.9511754068716095	0.6666666666666666	1.0	1.0	1.0	0.6657303370786517	0.6612021857923497	0.6612021857923497	0.6629834254143646	0.9819639278557114	0.6666666666666666	0.7740259740259741	0.663888888888889	0.99581589958159	0.645320197044335	0.9380530973451326	0.5535714285714286	0.6612021857923497	0.6666666666666666	0.6586021505376344
ml	0.699724517906336	0.6666666666666666	0.6575342465753424	1.0	0.6657303370786517	0.6544502617801047	0.9763779527559056	0.6334841628959276	0.6544502617801047	0.6372093023255814	0.99581589958159	0.9936034115138592	0.6552631578947369	0.6536458333333334	0.663888888888889	0.9819639278557114	0.9511754068716095	0.6666666666666666	1.0	1.0	1.0	0.6657303370786517	0.6612021857923497	0.6612021857923497	0.6629834254143646	0.9819639278557114	0.6666666666666666	0.7740259740259741	0.663888888888889	0.99581589958159	0.645320197044335	0.9380530973451326	0.5737704918032787	0.6612021857923497	0.6666666666666666	0.6586021505376344
mr	0.699724517906336	0.6666666666666666	0.6575342465753424	1.0	0.6657303370786517	0.6544502617801047	0.9763779527559056	0.6334841628959276	0.6544502617801047	0.6372093023255814	0.99581589958159	0.9936034115138592	0.6552631578947369	0.6536458333333334	0.663888888888889	0.9819639278557114	0.9511754068716095	0.6666666666666666	1.0	1.0	1.0	0.6657303370786517	0.6612021857923497	0.6612021857923497	0.6629834254143646	0.9819639278557114	0.6666666666666666	0.7740259740259741	0.663888888888889	0.99581589958159	0.645320197044335	0.9380530973451326	0.5238095238095238	0.6612021857923497	0.6666666666666666	0.6586021505376344
nl	0.5182186234817814	0.9757057105219509	0.926380973672617	0.6657303370786517	0.9645964356168542	0.902247810699388	0.6569920844327176	0.7854961611468348	0.8819156847145632	0.8027118882256449	0.663888888888889	0.6628895184135978	0.7707524556232704	0.8969968461420516	0.9630931337703936	0.6595174262734586	0.6454767726161369	0.8749321902921425	0.6657303370786517	0.6657303370786517	0.6657303370786517	1.0	0.9468710001462127	0.7249710771932043	0.9589496061743786	0.6595174262734586	0.7254164569107202	0.5576208178438662	0.9610769744920289	0.663888888888889	0.8468041475344056	0.6377245508982036	0.5315593000585614	0.9213965610399517	0.6660215093891607	0.6897758848255292
pl	0.5175097276264592	0.9393358568914658	0.9437711371859001	0.6612021857923497	0.9397315747286686	0.918422785604072	0.6614583333333334	0.796990750046597	0.8957770593214853	0.8143402072863376	0.6630434782608696	0.6584022038567493	0.7704885898683007	0.9128923101679316	0.9491143776212386	0.6640211640211641	0.6497584541062803	0.8494964942419436	0.6612021857923497	0.6612021857923497	0.6612021857923497	0.9468710001462127	1.0	0.7241830984924694	0.9454947498071578	0.6640211640211641	0.7151151639147739	0.5555555555555556	0.9475600235034249	0.6630434782608696	0.860698812432189	0.6374269005847952	0.5428571428571428	0.9283850221383819	0.6614780521183171	0.6941555884764677
pt	0.5175097276264592	0.7236437958610082	0.7204407246853288	0.6612021857923497	0.7241461280342858	0.7119417474368552	0.6597402597402597	0.6729872892878042	0.7107032276685002	0.6767917594214734	0.6630434782608696	0.6584022038567493	0.7011804864172949	0.7098886168122559	0.7241083237339477	0.662269129287599	0.6497584541062803	0.7172881641404285	0.6612021857923497	0.6612021857923497	0.6612021857923497	0.7249710771932043	0.7241830984924694	1.0	0.7246091725670997	0.662269129287599	0.693101787518949	0.5555555555555556	0.7270162881698125	0.6630434782608696	0.6926213309175094	0.6374269005847952	0.5542857142857143	0.7245200710061492	0.6613880384131129	0.6843654288089089
ro	0.5177865612648221	0.9512919393667482	0.9245348811450291	0.6629834254143646	0.9516792984741428	0.9100196898783316	0.6596858638743456	0.79157605885221	0.8891299236864346	0.8084942711404263	0.6648351648351649	0.6601671309192201	0.7761365819869103	0.9052950340663103	0.9611360333527351	0.6604774535809019	0.6480582524271845	0.8592236139942018	0.6629834254143646	0.6629834254143646	0.6629834254143646	0.9589496061743786	0.9454947498071578	0.7246091725670997	1.0	0.6622340425531914	0.7197827224568728	0.5563636363636364	0.9594888960960363	0.6648351648351649	0.8548211460964363	0.6390532544378698	0.5483870967741935	0.920573065448749	0.6632677167386438	0.690497618703785
ru	0.6974358974358974	0.6586021505376344	0.6622340425531914	0.9819639278557114	0.6595174262734586	0.6624040920716113	0.9941972920696325	0.6407982261640798	0.6624040920716113	0.6446469248291572	0.9860279441117764	0.9758064516129034	0.659846547314578	0.6615776081424937	0.6595744680851063	0.9921875	0.9679715302491102	0.6586021505376344	0.9819639278557114	0.9819639278557114	0.9819639278557114	0.6595174262734586	0.6640211640211641	0.662269129287599	0.6622340425531914	1.0	0.6586021505376344	0.7669902912621359	0.6613333333333333	0.9860279441117764	0.6530120481927711	0.9305263157894738	0.5549132947976879	0.6640211640211641	0.6586021505376344	0.6631853785900783
sh	0.5183673469387755	0.7272770364752448	0.7101173907102035	0.6666666666666666	0.7252468277060861	0.7012937906748798	0.656084656084656	0.6624472733194278	0.7002738419023238	0.6696719422797525	0.664804469273743	0.6638176638176638	0.6945504591184881	0.6986810376071994	0.7209764566698325	0.6586021505376344	0.6446078431372549	0.7216834269763448	0.6666666666666666	0.6666666666666666	0.6666666666666666	0.7254164569107202	0.7151151639147739	0.693101787518949	0.7197827224568728	0.6586021505376344	1.0	0.5580524344569289	0.7212258379454409	0.664804469273743	0.6840047709208107	0.6385542168674699	0.5573770491803278	0.7146579527060742	0.6668869795109055	0.6774278724059374
si	0.7407407407407407	0.5580524344569289	0.5543478260869565	0.7740259740259741	0.5576208178438662	0.5525423728813559	0.7648456057007126	0.543661971830986	0.5525423728813559	0.5451895043731778	0.7723785166240409	0.776595744680851	0.552901023890785	0.5521885521885521	0.5567765567765568	0.7669902912621359	0.7553648068669528	0.5580524344569289	0.7740259740259741	0.7740259740259741	0.7740259740259741	0.5576208178438662	0.5555555555555556	0.5555555555555556	0.5563636363636364	0.7669902912621359	0.5580524344569289	1.0	0.5567765567765568	0.7723785166240409	0.54858934169279	0.7936507936507936	0.5116279069767442	0.5555555555555556	0.5580524344569289	0.5543859649122806
simple	0.5179282868525896	0.9643094173369889	0.936398769560382	0.663888888888889	0.9645973708346968	0.9116483387443072	0.6587926509186351	0.7922464606709897	0.8901544726649214	0.8095070540108097	0.6657458563535912	0.6610644257703081	0.7748299722929395	0.9068869278302443	0.9744516458407266	0.6613333333333333	0.6472019464720196	0.8655131289972422	0.663888888888889	0.663888888888889	0.663888888888889	0.9610769744920289	0.9475600235034249	0.7270162881698125	0.9594888960960363	0.6613333333333333	0.7212258379454409	0.5567765567765568	1.0	0.6657458563535912	0.8549723537260874	0.6398809523809524	0.5825864276568502	0.931342950270294	0.6641375710965284	0.6916419209362534
sr	0.6991869918699187	0.664804469273743	0.6594005449591281	0.99581589958159	0.6657381615598886	0.65625	0.9803921568627451	0.6351351351351351	0.65625	0.638888888888889	1.0	0.9894736842105263	0.6570680628272252	0.655440414507772	0.6657458563535912	0.9860279441117764	0.9549549549549549	0.664804469273743	0.99581589958159	0.99581589958159	0.99581589958159	0.663888888888889	0.6630434782608696	0.6630434782608696	0.6648351648351649	0.9860279441117764	0.664804469273743	0.7723785166240409	0.6657458563535912	1.0	0.6470588235294118	0.9427312775330396	0.5639491398653702	0.6630434782608696	0.664804469273743	0.6604278074866311
sv	0.5151515151515151	0.8413715639656243	0.8519361770788261	0.645320197044335	0.8420569538313579	0.8859439639739707	0.6555023923444976	0.8444999152908258	0.8653219778199865	0.8636366307081247	0.6470588235294118	0.6426799007444168	0.7556716875231098	0.888509832803981	0.8562802030703794	0.6514423076923077	0.6613272311212816	0.7779862128911947	0.645320197044335	0.645320197044335	0.645320197044335	0.8468041475344056	0.860698812432189	0.6926213309175094	0.8548211460964363	0.6530120481927711	0.6840047709208107	0.54858934169279	0.8549723537260874	0.6470588235294118	1.0	0.6230366492146596	0.5607476635514019	0.8413607462244245	0.6454421424860054	0.6741832236229651
te	0.7030716723549488	0.6385542168674699	0.6334310850439883	0.9380530973451326	0.6396396396396395	0.6312849162011173	0.9256198347107438	0.6124401913875598	0.6312849162011173	0.6157635467980295	0.9427312775330396	0.9351230425055929	0.6320224719101124	0.6305555555555556	0.6398809523809524	0.9305263157894738	0.9035916824196597	0.6385542168674699	0.9380530973451326	0.9380530973451326	0.9380530973451326	0.6377245508982036	0.6374269005847952	0.6374269005847952	0.6390532544378698	0.9305263157894738	0.6385542168674699	0.7936507936507936	0.6398809523809524	0.9427312775330396	0.6230366492146596	1.0	0.5576923076923077	0.6374269005847952	0.6385542168674699	0.6350574712643678
tr	0.5263157894736842	0.5959435275402665	-1.0	0.5348837209302326	0.5893890675241158	0.5394736842105263	0.5576923076923077	0.5450236966824644	0.5524628285533084	0.5478168695733504	0.5555555555555556	0.5636363636363636	0.5441176470588236	0.5795454545454545	0.5570469798657718	0.5700934579439253	0.5797101449275363	0.5728900255754475	0.5535714285714286	0.5737704918032787	0.5238095238095238	0.5315593000585614	0.5428571428571428	0.5542857142857143	0.5483870967741935	0.5549132947976879	0.5573770491803278	0.5116279069767442	0.5825864276568502	0.5639491398653702	0.5607476635514019	0.5576923076923077	1.0	0.5764705882352942	0.5238095238095238	0.5773195876288659
vi	0.5175097276264592	0.9146976250006206	0.9197861038455868	0.6612021857923497	0.914782645271194	0.8949985731268741	0.6614583333333334	0.7825548323936508	0.8765178893211206	0.7997067204692473	0.6630434782608696	0.6584022038567493	0.7643016784564602	0.8905671549208408	0.9231151612085604	0.6640211640211641	0.6497584541062803	0.8374320625729039	0.6612021857923497	0.6612021857923497	0.6612021857923497	0.9213965610399517	0.9283850221383819	0.7245200710061492	0.920573065448749	0.6640211640211641	0.7146579527060742	0.5555555555555556	0.931342950270294	0.6630434782608696	0.8413607462244245	0.6374269005847952	0.5764705882352942	1.0	0.6614459509456136	0.6942539383455111
war	0.5183673469387755	0.666966584189348	0.6577848715673371	0.6666666666666666	0.6660318541543556	0.6546432737657669	0.656084656084656	0.6336297539058076	0.6547015267474513	0.6373876629109663	0.664804469273743	0.6638176638176638	0.6554194717192262	0.6538360686476969	0.6641665738149644	0.6586021505376344	0.6446078431372549	0.6669417055159041	0.6666666666666666	0.6666666666666666	0.6666666666666666	0.6660215093891607	0.6614780521183171	0.6613880384131129	0.6632677167386438	0.6586021505376344	0.6668869795109055	0.5580524344569289	0.6641375710965284	0.664804469273743	0.6454421424860054	0.6385542168674699	0.5238095238095238	0.6614459509456136	1.0	0.6589788909149916
zh	0.5171102661596958	0.6889739957292477	0.6925002317604524	0.6586021505376344	0.6900826922247209	0.6851694204575224	0.6606683804627249	0.6583688840566267	0.6862431785582808	0.6637059859464319	0.6604278074866311	0.6558265582655826	0.6791546990351637	0.6861919446488111	0.6917632004907117	0.6666666666666666	0.6507177033492824	0.6872823105607303	0.6586021505376344	0.6586021505376344	0.6586021505376344	0.6897758848255292	0.6941555884764677	0.6843654288089089	0.690497618703785	0.6631853785900783	0.6774278724059374	0.5543859649122806	0.6916419209362534	0.6604278074866311	0.6741832236229651	0.6350574712643678	0.5773195876288659	0.6942539383455111	0.6589788909149916	1.0
