arz	bs	ceb	ckb	da	de	el	en	es	fr	he	hi	hu	id	it	ja	ko	lv	mk	ml	mr	nl	pl	pt	ro	ru	sh	si	simple	sr	sv	te	tr	vi	war	zh
arz	1.0	0.5555555555555556	0.6666666666666666	0.75	0.5416666666666666	0.5078125	0.75	0.5036231884057971	0.5096153846153846	0.5069444444444444	0.6938775510204082	0.7272727272727273	0.5238095238095238	0.5384615384615384	0.5104166666666666	0.6823529411764706	0.6875	0.782608695652174	0.7692307692307692	0.823529411764706	0.9090909090909091	0.5113636363636364	0.5131578947368421	0.5111111111111111	0.5357142857142857	0.6815642458100559	0.5555555555555556	0.7692307692307692	0.5357142857142857	0.5294117647058824	0.515625	1.0	0.5263157894736842	0.72	0.6000000000000001	0.6842105263157894
bs	0.5555555555555556	1.0	0.5068493150684932	0.5002885170225043	0.5014392630972941	0.5889893206623282	0.5226634310539569	0.5641931899958003	0.540757827096805	0.6471084636153135	0.503695281409892	0.5002885170225043	0.5204897406100475	0.5142511589212915	0.5196530774733708	0.5178819471241074	0.521398071103416	0.5002885170225043	0.6630392537893509	0.5002885170225043	0.5789473684210527	0.6833465700842003	0.658961991760407	0.6585595099283977	0.5330690078206474	0.6602873638244804	0.6564343360251248	0.5789473684210527	0.5011520737327189	0.6724681414011512	0.5185655650789905	0.5555555555555556	0.5777777777777777	0.5353109960441212	0.6000000000000001	0.6079211882516496
ceb	0.6666666666666666	0.5068493150684932	1.0	0.6666666666666666	0.5024154589371981	0.5005688282138794	0.6666666666666666	0.5001778726431875	0.500381679389313	0.5001591849729385	0.670076726342711	0.6726457399103138	0.6696629213483146	0.5023148148148148	0.5007874015748032	0.6697247706422018	0.671304347826087	0.6739130434782609	0.6725663716814159	0.6751592356687898	0.6666666666666666	0.5005025125628141	0.5010989010989011	0.5010330578512396	0.5032258064516129	0.6679764243614931	0.5027027027027027	0.6902654867256638	0.5033557046979865	0.50187265917603	0.5009174311926605	0.6666666666666666	-1.0	0.6728538283062645	0.5185185185185185	0.5013123359580053
ckb	0.75	0.5002885170225043	0.6666666666666666	1.0	0.6666666666666666	0.5006418485237484	0.5031446540880503	0.5009746588693957	0.5	0.5004135649296939	0.5	0.6666666666666666	0.5	0.5	0.5	0.5032679738562091	0.5	0.6666666666666666	0.6671955573185244	0.6666666666666666	0.787878787878788	0.5002932551319648	0.5003013863773357	0.5003035822707954	0.5	0.5002988643156008	0.5003455425017277	0.787878787878788	0.6666666666666666	0.5002898550724637	0.5035460992907801	0.75	0.5833333333333333	0.5	0.5833333333333333	0.5005117707267145
da	0.5416666666666666	0.5014392630972941	0.5024154589371981	0.6666666666666666	1.0	0.5025510204081632	0.5060240963855421	0.5038610038610039	0.5060240963855421	0.5016474464579901	0.5319148936170213	0.75	0.5096774193548387	0.509090909090909	0.510989010989011	0.5126582278481012	0.511904761904762	0.75	0.6682483194938711	0.75	0.56	0.5011695906432748	0.501201923076923	0.5012106537530266	0.5063829787234042	0.50119189511323	0.5010323468685478	0.56	0.782608695652174	0.5011560693641618	0.5102040816326531	0.5416666666666666	0.5576923076923077	0.5074626865671642	0.5769230769230769	0.5020366598778004
de	0.5078125	0.5889893206623282	0.5005688282138794	0.5006418485237484	0.5025510204081632	1.0	0.5463335922306715	0.6016996637436707	0.5770294645654306	0.5760327958088716	0.51125	0.5006418485237484	0.5408189937325162	0.5299779320618792	0.5434815206159536	0.5433272099938766	0.5455707594721181	0.5006418485237484	0.5886015325670498	0.5006418485237484	0.5116279069767442	0.5891208204778278	0.5925060468644294	0.5936854789528211	0.5643793996758163	0.5852234685672554	0.573839742945883	0.5116279069767442	0.5025575447570332	0.5888303413104682	0.5408372785527654	0.5078125	0.5472972972972973	0.5693443453849292	0.5153846153846153	0.5771995925110972
el	0.75	0.5226634310539569	0.6666666666666666	0.5031446540880503	0.5060240963855421	0.5463335922306715	1.0	0.5706700716816745	0.579477363515313	0.5303279656816724	0.5129533678756477	0.5031446540880503	0.6107827449035937	0.5921732929220895	0.5459869999406036	0.5728854543711197	0.597073282925567	0.5031446540880503	0.5224559408754974	0.5031446540880503	0.787878787878788	0.5227820410329116	0.5231313891905044	0.5232033739812896	0.6111076580472272	0.5194620191156553	0.5240123607075131	0.787878787878788	0.503030303030303	0.5227518227130545	0.5673097529946605	0.75	0.5833333333333333	0.5840554206669191	0.5833333333333333	0.5351131204415617
en	0.5036231884057971	0.5641931899958003	0.5001778726431875	0.5009746588693957	0.5038610038610039	0.6016996637436707	0.5706700716816745	1.0	0.6104197363966432	0.5791312704083468	0.5187969924812029	0.5009746588693957	0.5699672770545814	0.5477948209076563	0.5653718058879957	0.5650106491827567	0.5736702338659249	0.5009746588693957	0.5600408788962697	0.5009746588693957	0.5054151624548736	0.5649747160621114	0.5665017170243746	0.5655757917356536	0.6212159182473012	0.5588760688196023	0.5641328686009575	0.5054151624548736	0.5038759689922481	0.5620618763333685	0.5538287855304845	0.5036231884057971	0.5308219178082192	0.6081996988470516	0.5071942446043165	0.5800496969822175
es	0.5096153846153846	0.540757827096805	0.500381679389313	0.5	0.5060240963855421	0.5770294645654306	0.579477363515313	0.6104197363966432	1.0	0.555884978581908	0.5184135977337111	0.5015290519877675	0.5887999857233724	0.5673989241714384	0.5678733031674208	0.5759036144578312	0.5947829708524985	0.5015290519877675	0.5415766738660907	0.5015290519877675	0.5142857142857143	0.5416825104129892	0.5444566410537871	0.543849972421401	0.6239985790480964	0.5370967741935484	0.5432529877083585	0.5142857142857143	0.5060606060606061	0.5403494770984957	0.5628019323671498	0.5096153846153846	0.5564516129032258	0.6238577110502127	0.5188679245283019	0.5645003123910338
fr	0.5069444444444444	0.6471084636153135	0.5001591849729385	0.5004135649296939	0.5016474464579901	0.5760327958088716	0.5303279656816724	0.5791312704083468	0.555884978581908	1.0	0.5056726094003241	0.5004135649296939	0.5293952919437969	0.5203286623847293	0.5279168263761183	0.527161919326767	0.5320447427570364	0.5004135649296939	0.6251082251082252	0.5004135649296939	0.5103448275862069	0.6435501805902974	0.632170874682499	0.632172698659683	0.5488192584737389	0.625652859516985	0.6518718600350053	0.5103448275862069	0.5016501650165016	0.6310942502113503	0.5262189690899933	0.5069444444444444	0.5460122699386503	0.546422384966957	0.5136986301369862	0.6424964514215599
he	0.6938775510204082	0.503695281409892	0.670076726342711	0.5	0.5319148936170213	0.51125	0.5129533678756477	0.5187969924812029	0.5184135977337111	0.5056726094003241	1.0	0.5121951219512195	0.5108695652173914	0.5071428571428571	0.54	0.5333333333333333	0.5233160621761658	0.5121951219512195	0.5038078500292912	0.5121951219512195	0.7070707070707071	0.5037550548815714	0.5059594755661502	0.5056988602279544	0.5134736155477784	0.5059101654846336	0.5030467163168585	0.7070707070707071	0.5217391304347826	0.5037121644774415	0.5172413793103449	0.6938775510204082	0.5555555555555556	0.511864406779661	0.5294117647058824	0.5069860279441117
hi	0.7272727272727273	0.5002885170225043	0.6726457399103138	0.6666666666666666	0.75	0.5006418485237484	0.5031446540880503	0.5009746588693957	0.5015290519877675	0.5004135649296939	0.5121951219512195	1.0	0.5033557046979865	0.5048543689320388	0.5028248587570622	0.5032679738562091	0.5030674846625767	1.0	0.6671955573185244	1.0	0.7555555555555555	0.5002932551319648	0.5003013863773357	0.5003035822707954	0.5021834061135371	0.5002988643156008	0.5	0.7555555555555555	0.7692307692307692	0.5002898550724637	0.5035460992907801	0.7272727272727273	0.5714285714285714	0.5019011406844106	0.5625	0.5005117707267145
hu	0.5238095238095238	0.5204897406100475	0.6696629213483146	0.5	0.5096774193548387	0.5408189937325162	0.6107827449035937	0.5699672770545814	0.5887999857233724	0.5293952919437969	0.5108695652173914	0.5033557046979865	1.0	0.6327752610612072	0.5594223954642098	0.5849260459744421	0.6797156135724588	0.5033557046979865	0.5202048947068867	0.5033557046979865	0.5348837209302326	0.5212605893870207	0.5218142958294222	0.5209633004556151	0.6591305571528744	0.5182404657274349	0.522548005017589	0.5348837209302326	0.5064935064935064	0.5203405154420944	0.5722792913503052	0.5238095238095238	0.5588235294117647	0.6099582646426142	0.5454545454545455	0.5363308745365304
id	0.5384615384615384	0.5142511589212915	0.5023148148148148	0.5	0.509090909090909	0.5299779320618792	0.5921732929220895	0.5477948209076563	0.5673989241714384	0.5203286623847293	0.5071428571428571	0.5048543689320388	0.6327752610612072	1.0	0.5450980392156863	0.5894504093543953	0.6210513736373172	0.5048543689320388	0.5144341801385681	0.5048543689320388	0.5555555555555556	0.5144305499527511	0.5153581872543979	0.5148679413312811	0.5931417046911514	0.5127167630057804	0.5162339446053855	0.5555555555555556	0.5140186915887851	0.5143128731739972	0.5803149606299213	0.5384615384615384	0.5882352941176471	0.5774913237481408	0.5714285714285714	0.5248126433228368
it	0.5104166666666666	0.5196530774733708	0.5007874015748032	0.5	0.510989010989011	0.5434815206159536	0.5459869999406036	0.5653718058879957	0.5678733031674208	0.5279168263761183	0.54	0.5028248587570622	0.5594223954642098	0.5450980392156863	1.0	0.5836173057844111	0.560982983771927	0.5028248587570622	0.5198879551820729	0.5028248587570622	0.5154639175257733	0.5205039723938689	0.5242901034997189	0.5232624928202182	0.557212452705713	0.5226244343891403	0.5192444769985175	0.5154639175257733	0.5111111111111111	0.5194304392551984	0.5622775800711745	0.5104166666666666	0.5652173913043479	0.5532865712381375	0.5204081632653061	0.532347504621072
ja	0.6823529411764706	0.5178819471241074	0.6697247706422018	0.5032679738562091	0.5126582278481012	0.5433272099938766	0.5728854543711197	0.5650106491827567	0.5759036144578312	0.527161919326767	0.5333333333333333	0.5032679738562091	0.5849260459744421	0.5894504093543953	0.5836173057844111	1.0	0.5893767193503898	0.5032679738562091	0.5180995475113122	0.5032679738562091	0.6900584795321637	0.5178626632128276	0.521914648212226	0.5217643644805572	0.5729188534166868	0.5211428571428571	0.5181837650502374	0.6900584795321637	0.5063291139240506	0.5176600441501104	0.5910931174089069	0.6823529411764706	0.556390977443609	0.5643146212838295	0.5172413793103449	0.5327518655906038
ko	0.6875	0.521398071103416	0.671304347826087	0.5	0.511904761904762	0.5455707594721181	0.597073282925567	0.5736702338659249	0.5947829708524985	0.5320447427570364	0.5233160621761658	0.5030674846625767	0.6797156135724588	0.6210513736373172	0.560982983771927	0.5893767193503898	1.0	0.5030674846625767	0.5212224108658744	0.5030674846625767	0.6976744186046512	0.521685808234478	0.523107984857735	0.5235601820551602	0.6430293457477761	0.5188699679403678	0.5242552691442192	0.6976744186046512	0.5059523809523809	0.5210684300978436	0.5695284276180859	0.6875	0.5607476635514019	0.6119334890255085	0.5227272727272727	0.5393247909343947
lv	0.782608695652174	0.5002885170225043	0.6739130434782609	0.6666666666666666	0.75	0.5006418485237484	0.5031446540880503	0.5009746588693957	0.5015290519877675	0.5004135649296939	0.5121951219512195	1.0	0.5033557046979865	0.5048543689320388	0.5028248587570622	0.5032679738562091	0.5030674846625767	1.0	0.6671955573185244	1.0	0.8333333333333334	0.5002932551319648	0.5003013863773357	0.5003035822707954	0.5021834061135371	0.5002988643156008	0.5	0.8333333333333334	0.7692307692307692	0.5002898550724637	0.5035460992907801	0.782608695652174	0.5813953488372093	0.5019011406844106	0.6111111111111112	0.5005117707267145
mk	0.7692307692307692	0.6630392537893509	0.6725663716814159	0.6671955573185244	0.6682483194938711	0.5886015325670498	0.5224559408754974	0.5600408788962697	0.5415766738660907	0.6251082251082252	0.5038078500292912	0.6671955573185244	0.5202048947068867	0.5144341801385681	0.5198879551820729	0.5180995475113122	0.5212224108658744	0.6671955573185244	1.0	0.6671955573185244	0.8148148148148148	0.6635294117647059	0.6573454115793619	0.6578322784810128	0.5311804008908686	0.6582875098193245	0.6440049443757726	0.8148148148148148	0.6687797147385103	0.6630307752239969	0.5188141391106044	0.7692307692307692	0.5909090909090909	0.5352811466372658	0.6000000000000001	0.606392694063927
ml	0.823529411764706	0.5002885170225043	0.6751592356687898	0.6666666666666666	0.75	0.5006418485237484	0.5031446540880503	0.5009746588693957	0.5015290519877675	0.5004135649296939	0.5121951219512195	1.0	0.5033557046979865	0.5048543689320388	0.5028248587570622	0.5032679738562091	0.5030674846625767	1.0	0.6671955573185244	1.0	0.8888888888888888	0.5002932551319648	0.5003013863773357	0.5003035822707954	0.5021834061135371	0.5002988643156008	0.5	0.8888888888888888	0.7692307692307692	0.5002898550724637	0.5035460992907801	0.823529411764706	0.5609756097560976	0.5019011406844106	0.6428571428571428	0.5005117707267145
mr	0.9090909090909091	0.5789473684210527	0.6666666666666666	0.787878787878788	0.56	0.5116279069767442	0.787878787878788	0.5054151624548736	0.5142857142857143	0.5103448275862069	0.7070707070707071	0.7555555555555555	0.5348837209302326	0.5555555555555556	0.5154639175257733	0.6900584795321637	0.6976744186046512	0.8333333333333334	0.8148148148148148	0.8888888888888888	1.0	0.5168539325842697	0.5194805194805194	0.5164835164835164	0.5517241379310345	0.6888888888888889	0.5789473684210527	0.75	0.5517241379310345	0.5428571428571428	0.5230769230769231	0.9090909090909091	0.5384615384615384	0.7450980392156863	0.6363636363636364	0.6928104575163399
nl	0.5113636363636364	0.6833465700842003	0.5005025125628141	0.5002932551319648	0.5011695906432748	0.5891208204778278	0.5227820410329116	0.5649747160621114	0.5416825104129892	0.6435501805902974	0.5037550548815714	0.5002932551319648	0.5212605893870207	0.5144305499527511	0.5205039723938689	0.5178626632128276	0.521685808234478	0.5002932551319648	0.6635294117647059	0.5002932551319648	0.5168539325842697	1.0	0.6606260571299086	0.6603482620250192	0.5334205049531061	0.662522967625174	0.6528924969298983	0.5168539325842697	0.5011709601873536	0.6694823660100787	0.5191718627907742	0.5113636363636364	0.5648148148148149	0.5354697000696832	0.5222222222222223	0.6095695721706288
pl	0.5131578947368421	0.658961991760407	0.5010989010989011	0.5003013863773357	0.501201923076923	0.5925060468644294	0.5231313891905044	0.5665017170243746	0.5444566410537871	0.632170874682499	0.5059594755661502	0.5003013863773357	0.5218142958294222	0.5153581872543979	0.5242901034997189	0.521914648212226	0.523107984857735	0.5003013863773357	0.6573454115793619	0.5003013863773357	0.5194805194805194	0.6606260571299086	1.0	0.6645522852912283	0.5328153108031275	0.6590786799622923	0.6398740251671473	0.5194805194805194	0.5012033694344163	0.6584166013757055	0.5199537304800462	0.5131578947368421	0.5555555555555556	0.5368142151835184	0.5256410256410257	0.6133408623213927
pt	0.5111111111111111	0.6585595099283977	0.5010330578512396	0.5003035822707954	0.5012106537530266	0.5936854789528211	0.5232033739812896	0.5655757917356536	0.543849972421401	0.632172698659683	0.5056988602279544	0.5003035822707954	0.5209633004556151	0.5148679413312811	0.5232624928202182	0.5217643644805572	0.5235601820551602	0.5003035822707954	0.6578322784810128	0.5003035822707954	0.5164835164835164	0.6603482620250192	0.6645522852912283	1.0	0.5326530918737468	0.6580015560505549	0.6402825568545751	0.5164835164835164	0.5012121212121212	0.6582076373587246	0.5200931857891672	0.5111111111111111	0.5740740740740741	0.5368127123178577	0.5217391304347826	0.6128886037320577
ro	0.5357142857142857	0.5330690078206474	0.5032258064516129	0.5	0.5063829787234042	0.5643793996758163	0.6111076580472272	0.6212159182473012	0.6239985790480964	0.5488192584737389	0.5134736155477784	0.5021834061135371	0.6591305571528744	0.5931417046911514	0.557212452705713	0.5729188534166868	0.6430293457477761	0.5021834061135371	0.5311804008908686	0.5021834061135371	0.5517241379310345	0.5334205049531061	0.5328153108031275	0.5326530918737468	1.0	0.5254858609316316	0.5370919178632024	0.5517241379310345	0.5064377682403434	0.5321235790247211	0.5636005822314015	0.5357142857142857	0.5961538461538461	0.6590450571620713	0.5666666666666667	0.5541556135926209
ru	0.6815642458100559	0.6602873638244804	0.6679764243614931	0.5002988643156008	0.50119189511323	0.5852234685672554	0.5194620191156553	0.5588760688196023	0.5370967741935484	0.625652859516985	0.5059101654846336	0.5002988643156008	0.5182404657274349	0.5127167630057804	0.5226244343891403	0.5211428571428571	0.5188699679403678	0.5002988643156008	0.6582875098193245	0.5002988643156008	0.6888888888888889	0.662522967625174	0.6590786799622923	0.6580015560505549	0.5254858609316316	1.0	0.6405940168143325	0.6888888888888889	0.5011933174224343	0.6595056882353953	0.5197934595524957	0.6815642458100559	0.5539568345323741	0.5294411176102904	0.5163934426229508	0.6060353468503019
sh	0.5555555555555556	0.6564343360251248	0.5027027027027027	0.5003455425017277	0.5010323468685478	0.573839742945883	0.5240123607075131	0.5641328686009575	0.5432529877083585	0.6518718600350053	0.5030467163168585	0.5	0.522548005017589	0.5162339446053855	0.5192444769985175	0.5181837650502374	0.5242552691442192	0.5	0.6440049443757726	0.5	0.5789473684210527	0.6528924969298983	0.6398740251671473	0.6402825568545751	0.5370919178632024	0.6405940168143325	1.0	0.5789473684210527	0.5006887052341598	0.6511308569175168	0.519672054932416	0.5555555555555556	0.5909090909090909	0.5382294108566936	0.6000000000000001	0.6209139423555817
si	0.7692307692307692	0.5789473684210527	0.6902654867256638	0.787878787878788	0.56	0.5116279069767442	0.787878787878788	0.5054151624548736	0.5142857142857143	0.5103448275862069	0.7070707070707071	0.7555555555555555	0.5348837209302326	0.5555555555555556	0.5154639175257733	0.6900584795321637	0.6976744186046512	0.8333333333333334	0.8148148148148148	0.8888888888888888	0.75	0.5168539325842697	0.5194805194805194	0.5164835164835164	0.5517241379310345	0.6888888888888889	0.5789473684210527	1.0	0.5517241379310345	0.5428571428571428	0.5230769230769231	0.7692307692307692	0.5384615384615384	0.7450980392156863	0.5833333333333333	0.6928104575163399
simple	0.5357142857142857	0.5011520737327189	0.5033557046979865	0.6666666666666666	0.782608695652174	0.5025575447570332	0.503030303030303	0.5038759689922481	0.5060606060606061	0.5016501650165016	0.5217391304347826	0.7692307692307692	0.5064935064935064	0.5140186915887851	0.5111111111111111	0.5063291139240506	0.5059523809523809	0.7692307692307692	0.6687797147385103	0.7692307692307692	0.5517241379310345	0.5011709601873536	0.5012033694344163	0.5012121212121212	0.5064377682403434	0.5011933174224343	0.5006887052341598	0.5517241379310345	1.0	0.5011574074074074	0.5103448275862069	0.5357142857142857	0.5849056603773585	0.5056179775280899	0.5666666666666667	0.5020408163265306
sr	0.5294117647058824	0.6724681414011512	0.50187265917603	0.5002898550724637	0.5011560693641618	0.5888303413104682	0.5227518227130545	0.5620618763333685	0.5403494770984957	0.6310942502113503	0.5037121644774415	0.5002898550724637	0.5203405154420944	0.5143128731739972	0.5194304392551984	0.5176600441501104	0.5210684300978436	0.5002898550724637	0.6630307752239969	0.5002898550724637	0.5428571428571428	0.6694823660100787	0.6584166013757055	0.6582076373587246	0.5321235790247211	0.6595056882353953	0.6511308569175168	0.5428571428571428	0.5011574074074074	1.0	0.5183746109741011	0.5294117647058824	0.5862068965517242	0.5351051300672868	0.5555555555555556	0.6071777315073299
sv	0.515625	0.5185655650789905	0.5009174311926605	0.5035460992907801	0.5102040816326531	0.5408372785527654	0.5673097529946605	0.5538287855304845	0.5628019323671498	0.5262189690899933	0.5172413793103449	0.5035460992907801	0.5722792913503052	0.5803149606299213	0.5622775800711745	0.5910931174089069	0.5695284276180859	0.5035460992907801	0.5188141391106044	0.5035460992907801	0.5230769230769231	0.5191718627907742	0.5199537304800462	0.5200931857891672	0.5636005822314015	0.5197934595524957	0.519672054932416	0.5230769230769231	0.5103448275862069	0.5183746109741011	1.0	0.515625	0.5764705882352942	0.5570524785910717	0.5303030303030303	0.5299145299145299
te	1.0	0.5555555555555556	0.6666666666666666	0.75	0.5416666666666666	0.5078125	0.75	0.5036231884057971	0.5096153846153846	0.5069444444444444	0.6938775510204082	0.7272727272727273	0.5238095238095238	0.5384615384615384	0.5104166666666666	0.6823529411764706	0.6875	0.782608695652174	0.7692307692307692	0.823529411764706	0.9090909090909091	0.5113636363636364	0.5131578947368421	0.5111111111111111	0.5357142857142857	0.6815642458100559	0.5555555555555556	0.7692307692307692	0.5357142857142857	0.5294117647058824	0.515625	1.0	0.5263157894736842	0.72	0.6000000000000001	0.6842105263157894
tr	0.5263157894736842	0.5777777777777777	-1.0	0.5833333333333333	0.5576923076923077	0.5472972972972973	0.5833333333333333	0.5308219178082192	0.5564516129032258	0.5460122699386503	0.5555555555555556	0.5714285714285714	0.5588235294117647	0.5882352941176471	0.5652173913043479	0.556390977443609	0.5607476635514019	0.5813953488372093	0.5909090909090909	0.5609756097560976	0.5384615384615384	0.5648148148148149	0.5555555555555556	0.5740740740740741	0.5961538461538461	0.5539568345323741	0.5909090909090909	0.5384615384615384	0.5849056603773585	0.5862068965517242	0.5764705882352942	0.5263157894736842	1.0	0.576271186440678	0.55	0.5666666666666667
vi	0.72	0.5353109960441212	0.6728538283062645	0.5	0.5074626865671642	0.5693443453849292	0.5840554206669191	0.6081996988470516	0.6238577110502127	0.546422384966957	0.511864406779661	0.5019011406844106	0.6099582646426142	0.5774913237481408	0.5532865712381375	0.5643146212838295	0.6119334890255085	0.5019011406844106	0.5352811466372658	0.5019011406844106	0.7450980392156863	0.5354697000696832	0.5368142151835184	0.5368127123178577	0.6590450571620713	0.5294411176102904	0.5382294108566936	0.7450980392156863	0.5056179775280899	0.5351051300672868	0.5570524785910717	0.72	0.576271186440678	1.0	0.5555555555555556	0.5558530085551684
war	0.6000000000000001	0.6000000000000001	0.5185185185185185	0.5833333333333333	0.5769230769230769	0.5153846153846153	0.5833333333333333	0.5071942446043165	0.5188679245283019	0.5136986301369862	0.5294117647058824	0.5625	0.5454545454545455	0.5714285714285714	0.5204081632653061	0.5172413793103449	0.5227272727272727	0.6111111111111112	0.6000000000000001	0.6428571428571428	0.6363636363636364	0.5222222222222223	0.5256410256410257	0.5217391304347826	0.5666666666666667	0.5163934426229508	0.6000000000000001	0.5833333333333333	0.5666666666666667	0.5555555555555556	0.5303030303030303	0.6000000000000001	0.55	0.5555555555555556	1.0	0.5192307692307692
zh	0.6842105263157894	0.6079211882516496	0.5013123359580053	0.5005117707267145	0.5020366598778004	0.5771995925110972	0.5351131204415617	0.5800496969822175	0.5645003123910338	0.6424964514215599	0.5069860279441117	0.5005117707267145	0.5363308745365304	0.5248126433228368	0.532347504621072	0.5327518655906038	0.5393247909343947	0.5005117707267145	0.606392694063927	0.5005117707267145	0.6928104575163399	0.6095695721706288	0.6133408623213927	0.6128886037320577	0.5541556135926209	0.6060353468503019	0.6209139423555817	0.6928104575163399	0.5020408163265306	0.6071777315073299	0.5299145299145299	0.6842105263157894	0.5666666666666667	0.5558530085551684	0.5192307692307692	1.0
