arz	bs	ceb	ckb	da	de	el	en	es	fr	he	hi	hu	id	it	ja	ko	lv	mk	ml	mr	nl	pl	pt	ro	ru	sh	si	simple	sr	sv	te	vi	war	zh
arz	0.05562973471008055	0.25006249999999997	0.0	0.33344444444444443	0.14287755102040817	0.09094216530580167	0.0833541736180625	0.0625	0.1	0.08334722916666666	0.125	0.5	0.125	0.1250626095471567	0.1	0.11112345679012345	0.08334027777777778	0.20003999999999997	0.20003999999999997	0.3333333333333333	0.25018781300081383	0.11112345679012345	0.1111234691481605	0.06666666666666667	0.09093390911572728	0.10000999999999999	0.25	0.3333333333333333	0.1	0.25018775025025025	0.11114814814814815	0.0	0.125	0.2	0.08334027777777778
bs	0.25006249999999997	0.014343109431400011	0.0	0.2	0.017294452320700225	0.014313115408362217	0.01618307219502911	0.01430369635493188	0.015153581267217628	0.016499473390490026	0.017636689308292805	0.3333333333333333	0.016182795049224256	0.016774851297920855	0.014314541319565851	0.016425754490700814	0.015436622827007267	0.023030834002200753	0.06259390646126617	0.25006249999999997	0.14318428681824816	0.014973865032230768	0.01542258155236547	0.017262512819907917	0.016315075914202816	0.014959986399062822	0.11113581481481481	0.14285714285714285	0.03334111555666666	0.018343569830422308	0.015420914281877963	0.0	0.02860084573307593	0.09090909090909091	0.015176345096968458
ceb	0.0	0.0	0.5	0.0	1.0	0.5	0.5	0.5	0.5	0.5	0.5	1.0	0.5	0.5	0.5	0.5	0.5	1.0	1.0	0.0	0.5	0.5	0.5	0.5	0.5	0.5	0.5	0.0	0.5	1.0	0.5	0.0	0.5	0.0	0.5
ckb	0.33344444444444443	0.2	0.0	0.16669444444444442	0.2	0.16666666666666666	0.16666666666666666	0.16666666666666666	0.16666666666666666	0.16669444444444442	0.2	0.5	0.2	0.20003999999999997	0.16666666666666666	0.2	0.16666666666666666	0.2	0.25006249999999997	0.25	0.20003999999999997	0.16666666666666666	0.16666666666666666	0.16666666666666666	0.16666666666666666	0.16666666666666666	0.5	0.3333333333333333	0.2	0.2	0.16666666666666666	0.0	0.2	0.16666666666666666	0.16666666666666666
da	0.14287755102040817	0.017294452320700225	1.0	0.2	0.006874265161962218	0.008553661850029882	0.010539405889993601	0.0068535401592710165	0.008264736015299501	0.008648351299542174	0.012681182575193144	0.3333333333333333	0.0098171083519275	0.013361123847509404	0.007641113465895828	0.010426875659945859	0.00972261564242962	0.020484258954475497	0.0625234531328164	0.25006256256256254	0.1250625	0.00758863686543886	0.009533251164634021	0.010208143690441585	0.011955423174583611	0.009623156717460897	0.14287755102040817	0.07692307692307693	0.01851954732510288	0.01698774284780746	0.008557319465861508	0.0	0.016134496357960458	0.0625	0.0090152626436187
de	0.09094216530580167	0.014313115408362217	0.5	0.16666666666666666	0.008553661850029882	0.0022908294947268895	0.0060321998630636815	0.002312047931498385	0.0027028780496859022	0.002955746033050208	0.008784875757652862	0.3333333333333333	0.004553256923801457	0.010650649977850318	0.0028046162750254367	0.00417214245646878	0.005083211148357489	0.020047711078300147	0.050004999999999994	0.2	0.11118522225929632	0.0028641800072050933	0.003708882314156302	0.0036259605536534483	0.004468594941645504	0.0036276306502628446	0.07692899408284024	0.07692307692307693	0.012195121951219513	0.013179222868324913	0.006139791038130155	0.0	0.010103357004387307	0.06666666666666667	0.0037492643093797137
el	0.0833541736180625	0.01618307219502911	0.5	0.16666666666666666	0.010539405889993601	0.0060321998630636815	0.005300615338608871	0.005323764716221314	0.005780547295265461	0.006087240901847188	0.009922011065365527	0.3333333333333333	0.007888924788439854	0.012221351985205109	0.005657196924564046	0.006906078165023064	0.007259528715585752	0.019688922216508684	0.050030022520017516	0.2	0.11118524698772847	0.006109818650463892	0.0065458326596759585	0.006808185573512889	0.007242179384903614	0.006337377037634504	0.1111111111111111	0.08333333333333333	0.015625244140625	0.015913941590381935	0.008859594031733748	0.0	0.015390771361656801	0.07692307692307693	0.006673919252986453
en	0.0625	0.01430369635493188	0.5	0.16666666666666666	0.0068535401592710165	0.002312047931498385	0.005323764716221314	0.00126198288929481	0.00192320637204142	0.0023189640753866828	0.008340422852573406	0.3333333333333333	0.004137702419945015	0.009442959780089095	0.0020516229796344156	0.0037486457402285214	0.0044886723674543655	0.019254094699730426	0.047623585036283445	0.2	0.11116049382716049	0.0021640991204763243	0.0030705741783789414	0.0028426937312197266	0.004064561422006578	0.0031475144101120217	0.07692899408284024	0.058823529411764705	0.011236460042923871	0.011778980369584826	0.004548825126552006	0.0	0.006291207547367668	0.0625	0.003088488045496504
es	0.1	0.015153581267217628	0.5	0.16666666666666666	0.008264736015299501	0.0027028780496859022	0.005780547295265461	0.00192320637204142	0.0018251075799447483	0.0026534559168713075	0.008333819513958401	0.3333333333333333	0.00438631121114189	0.010526869806094182	0.002342112346362893	0.004000336016	0.0048313380009101965	0.01923224852071006	0.047621315192743756	0.2	0.125	0.0027477207689590778	0.0034015919408579764	0.0030032194627149763	0.004238815013914931	0.0032897875043390755	0.08333333333333333	0.07142857142857142	0.012345831428135955	0.013159799168975068	0.0061356468817042415	0.0	0.010101316192225283	0.0625	0.0035090674423145824
fr	0.08334722916666666	0.016499473390490026	0.5	0.16669444444444442	0.008648351299542174	0.002955746033050208	0.006087240901847188	0.0023189640753866828	0.0026534559168713075	0.0024745870352199787	0.008596233002203304	0.3333333333333333	0.004514241861049418	0.011043129498702564	0.0027101954615077035	0.0042226544118746856	0.005051883110107285	0.020165729936001745	0.05268982002780069	0.20008008008008007	0.12520329707832828	0.003141493254601472	0.0037789740256103928	0.0034121313883719315	0.00444765043780605	0.0037090468079078124	0.11114814814814815	0.0625	0.013160319425380883	0.01479092208407967	0.006559311924654152	0.0	0.010541851668193422	0.0625	0.0041294505098332275
he	0.125	0.017636689308292805	0.5	0.2	0.012681182575193144	0.008784875757652862	0.009922011065365527	0.008340422852573406	0.008333819513958401	0.008596233002203304	0.008394273339706305	0.33344444444444443	0.01089609610178934	0.014132282655604475	0.008559004917265736	0.009449920657783054	0.009280658646483524	0.01974410946801824	0.05558645065746304	0.25006256256256254	0.12506251564064064	0.008950626719363912	0.00902502675596391	0.009355061147791163	0.010076892684292385	0.008561353767437496	0.125015625	0.07692307692307693	0.017859375318877553	0.01646469923721795	0.011253153941371417	0.0	0.021282936171118153	0.06666666666666667	0.009019248617262348
hi	0.5	0.3333333333333333	1.0	0.5	0.3333333333333333	0.3333333333333333	0.3333333333333333	0.3333333333333333	0.3333333333333333	0.3333333333333333	0.33344444444444443	0.33344444444444443	0.3333333333333333	0.33344444444444443	0.3333333333333333	0.5	0.3333333333333333	0.33344444444444443	0.3333333333333333	0.5	0.5	0.3333333333333333	0.3333333333333333	0.3333333333333333	0.3333333333333333	0.3333333333333333	1.0	0.1111111111111111	0.3333333333333333	0.3333333333333333	0.3333333333333333	0.0	0.3333333333333333	0.1	0.3333333333333333
hu	0.125	0.016182795049224256	0.5	0.2	0.0098171083519275	0.004553256923801457	0.007888924788439854	0.004137702419945015	0.00438631121114189	0.004514241861049418	0.01089609610178934	0.3333333333333333	0.004227731975377708	0.011791622576533906	0.00429950294229217	0.006071019391174482	0.007532843342228349	0.019685040030477198	0.05002251250750751	0.2	0.1112099383210371	0.004622395206705975	0.0054750133910801664	0.004981196367109473	0.005703437826106261	0.0055960649752967	0.14285714285714285	0.09090909090909091	0.016394517871539907	0.01566783155947494	0.008141662851434492	0.0	0.012056180724344025	0.08333333333333333	0.006376534432522506
id	0.1250626095471567	0.016774851297920855	0.5	0.20003999999999997	0.013361123847509404	0.010650649977850318	0.012221351985205109	0.009442959780089095	0.010526869806094182	0.011043129498702564	0.014132282655604475	0.33344444444444443	0.011791622576533906	0.009579531588557831	0.010431226153026302	0.01065904896857555	0.010227669228977974	0.01977769334805232	0.06254691019144143	0.25006256256256254	0.1251878445015972	0.010777375220508605	0.01138316961180726	0.011504303088000142	0.012292850360172919	0.010542186746443792	0.125015625	0.07142857142857142	0.022227654320987653	0.01702445818711484	0.013008807788606875	0.0	0.01786703220790848	0.0625	0.010218469100515253
it	0.1	0.014314541319565851	0.5	0.16666666666666666	0.007641113465895828	0.0028046162750254367	0.005657196924564046	0.0020516229796344156	0.002342112346362893	0.0027101954615077035	0.008559004917265736	0.3333333333333333	0.00429950294229217	0.010431226153026302	0.0020594503049554055	0.004005864186878275	0.004908625998385121	0.019270422882394608	0.04762358276643991	0.2	0.125046890625	0.002847981477609003	0.003360689270070051	0.0032495067905227077	0.004410899661082747	0.0034532530778140624	0.07693491124260354	0.08333333333333333	0.012048918565829583	0.013354698715635866	0.005922837265786882	0.0	0.009093719834876031	0.07142857142857142	0.003652941609412705
ja	0.11112345679012345	0.016425754490700814	0.5	0.2	0.010426875659945859	0.00417214245646878	0.006906078165023064	0.0037486457402285214	0.004000336016	0.0042226544118746856	0.009449920657783054	0.5	0.006071019391174482	0.01065904896857555	0.004005864186878275	0.003776865154052796	0.005626575231406838	0.020464130392337167	0.06252344922266015	0.25006256256256254	0.14287755102040817	0.004493494118908719	0.005161769568142198	0.004811462927840747	0.005815751602055227	0.004657401786128981	0.1111111111111111	0.07692307692307693	0.01408569728228526	0.015904315554260185	0.0075259836691238145	0.0	0.011115927778148148	0.06666666666666667	0.004835566692647233
ko	0.08334027777777778	0.015436622827007267	0.5	0.16666666666666666	0.00972261564242962	0.005083211148357489	0.007259528715585752	0.0044886723674543655	0.0048313380009101965	0.005051883110107285	0.009280658646483524	0.3333333333333333	0.007532843342228349	0.010227669228977974	0.004908625998385121	0.005626575231406838	0.0035182411218877946	0.01967999477878721	0.05264265927977839	0.2	0.11119758027160492	0.0055677118789180325	0.005997146139054783	0.005560931085097165	0.007039231313200814	0.005626069991696893	0.1111111111111111	0.07142857142857142	0.013159279778393351	0.015186256833263271	0.008075521153765303	0.0	0.013339380268623111	0.0625	0.00553167678982276
lv	0.20003999999999997	0.023030834002200753	1.0	0.2	0.020484258954475497	0.020047711078300147	0.019688922216508684	0.019254094699730426	0.01923224852071006	0.020165729936001745	0.01974410946801824	0.33344444444444443	0.019685040030477198	0.01977769334805232	0.019270422882394608	0.020464130392337167	0.01967999477878721	0.01957178653107993	0.07154613310813478	0.25012506256256256	0.1253761912934926	0.019686972397730033	0.01966337149004317	0.02003204928292901	0.020288456320235956	0.01928901164961948	0.125046890625	0.09090909090909091	0.03449465517598335	0.021076191478531712	0.020471230411683396	0.0	0.03573981506378445	0.07142857142857142	0.019645194632586512
mk	0.20003999999999997	0.06259390646126617	1.0	0.25006249999999997	0.0625234531328164	0.050004999999999994	0.050030022520017516	0.047623585036283445	0.047621315192743756	0.05268982002780069	0.05558645065746304	0.3333333333333333	0.05002251250750751	0.06254691019144143	0.04762358276643991	0.06252344922266015	0.05264265927977839	0.07154613310813478	0.04562253543868442	0.25006256256256254	0.16677786119452787	0.047650823147405895	0.047634929712022676	0.04545867768595041	0.047693988812007114	0.05264544323549314	0.2	0.16666666666666666	0.07692307692307693	0.058889346117782175	0.05556790432098766	0.0	0.09091735537190083	0.09090909090909091	0.045462809917355365
ml	0.3333333333333333	0.25006249999999997	0.0	0.25	0.25006256256256254	0.2	0.2	0.2	0.2	0.20008008008008007	0.25006256256256254	0.5	0.2	0.25006256256256254	0.2	0.25006256256256254	0.2	0.25012506256256256	0.25006256256256254	0.20016016016016014	0.20008004	0.2	0.2	0.2	0.20008004	0.2	0.5	0.16666666666666666	0.2	0.25006256256256254	0.25006249999999997	0.0	0.25	0.125	0.2
mr	0.25018781300081383	0.14318428681824816	0.5	0.20003999999999997	0.1250625	0.11118522225929632	0.11118524698772847	0.11116049382716049	0.125	0.12520329707832828	0.12506251564064064	0.5	0.1112099383210371	0.1251878445015972	0.125046890625	0.14287755102040817	0.11119758027160492	0.1253761912934926	0.16677786119452787	0.20008004	0.10059350055066836	0.11117288888888888	0.11116053090127165	0.11113580246913579	0.11142063213058828	0.1250469062812813	0.3333333333333333	0.2	0.1111111111111111	0.1252191726105174	0.14295920408163265	0.0	0.14287755102040817	0.14285714285714285	0.11113580246913579
nl	0.11112345679012345	0.014973865032230768	0.5	0.16666666666666666	0.00758863686543886	0.0028641800072050933	0.006109818650463892	0.0021640991204763243	0.0027477207689590778	0.003141493254601472	0.008950626719363912	0.3333333333333333	0.004622395206705975	0.010777375220508605	0.002847981477609003	0.004493494118908719	0.0055677118789180325	0.019686972397730033	0.047650823147405895	0.2	0.11117288888888888	0.00198014661539167	0.003698621824660941	0.0029811949551614243	0.004762516186169341	0.003725935437892244	0.10000999999999999	0.07142857142857142	0.013334933333333332	0.013929716242712633	0.0050358801741015495	0.0	0.007758133050483088	0.0625	0.003780175099756399
pl	0.1111234691481605	0.01542258155236547	0.5	0.16666666666666666	0.009533251164634021	0.003708882314156302	0.0065458326596759585	0.0030705741783789414	0.0034015919408579764	0.0037789740256103928	0.00902502675596391	0.3333333333333333	0.0054750133910801664	0.01138316961180726	0.003360689270070051	0.005161769568142198	0.005997146139054783	0.01966337149004317	0.047634929712022676	0.2	0.11116053090127165	0.003698621824660941	0.0030572139342261366	0.00433290572060387	0.005409852484776108	0.004208134753063616	0.08335416666666667	0.07692307692307693	0.013513696128560994	0.013187745854674755	0.007150211536739953	0.0	0.01219988295746609	0.0625	0.00476660306524218
pt	0.06666666666666667	0.017262512819907917	0.5	0.16666666666666666	0.010208143690441585	0.0036259605536534483	0.006808185573512889	0.0028426937312197266	0.0030032194627149763	0.0034121313883719315	0.009355061147791163	0.3333333333333333	0.004981196367109473	0.011504303088000142	0.0032495067905227077	0.004811462927840747	0.005560931085097165	0.02003204928292901	0.04545867768595041	0.2	0.11113580246913579	0.0029811949551614243	0.00433290572060387	0.002340056253869788	0.004735338229107563	0.004487343342135274	0.11112345679012345	0.07142857142857142	0.013513696128560994	0.015639169929206304	0.007303802389527148	0.0	0.012198245835960736	0.0625	0.004698033967710618
ro	0.09093390911572728	0.016315075914202816	0.5	0.16666666666666666	0.011955423174583611	0.004468594941645504	0.007242179384903614	0.004064561422006578	0.004238815013914931	0.00444765043780605	0.010076892684292385	0.3333333333333333	0.005703437826106261	0.012292850360172919	0.004410899661082747	0.005815751602055227	0.007039231313200814	0.020288456320235956	0.047693988812007114	0.20008004	0.11142063213058828	0.004762516186169341	0.005409852484776108	0.004735338229107563	0.0038115818911731232	0.0050063341594540674	0.125015625	0.08333333333333333	0.015877553037541698	0.01653603927146787	0.008732558632186778	0.0	0.013535828949149	0.06666666666666667	0.0053724462759929485
ru	0.10000999999999999	0.014959986399062822	0.5	0.16666666666666666	0.009623156717460897	0.0036276306502628446	0.006337377037634504	0.0031475144101120217	0.0032897875043390755	0.0037090468079078124	0.008561353767437496	0.3333333333333333	0.0055960649752967	0.010542186746443792	0.0034532530778140624	0.004657401786128981	0.005626069991696893	0.01928901164961948	0.05264544323549314	0.2	0.1250469062812813	0.003725935437892244	0.004208134753063616	0.004487343342135274	0.0050063341594540674	0.003144869986360398	0.1	0.058823529411764705	0.013158414127423823	0.014951490406943501	0.007099852682319664	0.0	0.0108719291121224	0.0625	0.004333488208679436
sh	0.25	0.11113581481481481	0.5	0.5	0.14287755102040817	0.07692899408284024	0.1111111111111111	0.07692899408284024	0.08333333333333333	0.11114814814814815	0.125015625	1.0	0.14285714285714285	0.125015625	0.07693491124260354	0.1111111111111111	0.1111111111111111	0.125046890625	0.2	0.5	0.3333333333333333	0.10000999999999999	0.08335416666666667	0.11112345679012345	0.125015625	0.1	0.07151540314803578	0.07142857142857142	0.2	0.08335416666666667	0.125015625	0.0	0.25	0.06666666666666667	0.10000999999999999
si	0.3333333333333333	0.14285714285714285	0.0	0.3333333333333333	0.07692307692307693	0.07692307692307693	0.08333333333333333	0.058823529411764705	0.07142857142857142	0.0625	0.07692307692307693	0.1111111111111111	0.09090909090909091	0.07142857142857142	0.08333333333333333	0.07692307692307693	0.07142857142857142	0.09090909090909091	0.16666666666666666	0.16666666666666666	0.2	0.07142857142857142	0.07692307692307693	0.07142857142857142	0.08333333333333333	0.058823529411764705	0.07142857142857142	0.058823529411764705	0.08333333333333333	0.07692307692307693	0.07142857142857142	0.5	0.07142857142857142	0.16666666666666666	0.07142857142857142
simple	0.1	0.03334111555666666	0.5	0.2	0.01851954732510288	0.012195121951219513	0.015625244140625	0.011236460042923871	0.012345831428135955	0.013160319425380883	0.017859375318877553	0.3333333333333333	0.016394517871539907	0.022227654320987653	0.012048918565829583	0.01408569728228526	0.013159279778393351	0.03449465517598335	0.07692307692307693	0.2	0.1111111111111111	0.013334933333333332	0.013513696128560994	0.013513696128560994	0.015877553037541698	0.013158414127423823	0.2	0.08333333333333333	0.01112186248075273	0.02941782006920415	0.016129812695109262	0.0	0.02702702702702703	0.07692307692307693	0.013158240997229917
sr	0.25018775025025025	0.018343569830422308	1.0	0.2	0.01698774284780746	0.013179222868324913	0.015913941590381935	0.011778980369584826	0.013159799168975068	0.01479092208407967	0.01646469923721795	0.3333333333333333	0.01566783155947494	0.01702445818711484	0.013354698715635866	0.015904315554260185	0.015186256833263271	0.021076191478531712	0.058889346117782175	0.25006256256256254	0.1252191726105174	0.013929716242712633	0.013187745854674755	0.015639169929206304	0.01653603927146787	0.014951490406943501	0.08335416666666667	0.07692307692307693	0.02941782006920415	0.011987076836480835	0.016422516343327552	0.0	0.030321405882465565	0.07142857142857142	0.014515262179859779
sv	0.11114814814814815	0.015420914281877963	0.5	0.16666666666666666	0.008557319465861508	0.006139791038130155	0.008859594031733748	0.004548825126552006	0.0061356468817042415	0.006559311924654152	0.011253153941371417	0.3333333333333333	0.008141662851434492	0.013008807788606875	0.005922837265786882	0.0075259836691238145	0.008075521153765303	0.020471230411683396	0.05556790432098766	0.25006249999999997	0.14295920408163265	0.0050358801741015495	0.007150211536739953	0.007303802389527148	0.008732558632186778	0.007099852682319664	0.125015625	0.07142857142857142	0.016129812695109262	0.016422516343327552	0.00451724881953266	0.0	0.010209394837464598	0.0625	0.007097735680199187
te	0.0	0.0	0.0	0.0	0.0	0.0	0.0	0.0	0.0	0.0	0.0	0.0	0.0	0.0	0.0	0.0	0.0	0.0	0.0	0.0	0.0	0.0	0.0	0.0	0.0	0.0	0.0	0.5	0.0	0.0	0.0	0.0	0.0	0.5	0.0
vi	0.125	0.02860084573307593	0.5	0.2	0.016134496357960458	0.010103357004387307	0.015390771361656801	0.006291207547367668	0.010101316192225283	0.010541851668193422	0.021282936171118153	0.3333333333333333	0.012056180724344025	0.01786703220790848	0.009093719834876031	0.011115927778148148	0.013339380268623111	0.03573981506378445	0.09091735537190083	0.25	0.14287755102040817	0.007758133050483088	0.01219988295746609	0.012198245835960736	0.013535828949149	0.0108719291121224	0.25	0.07142857142857142	0.02702702702702703	0.030321405882465565	0.010209394837464598	0.0	0.006344010196953471	0.0625	0.010206789671074551
war	0.2	0.09090909090909091	0.0	0.16666666666666666	0.0625	0.06666666666666667	0.07692307692307693	0.0625	0.0625	0.0625	0.06666666666666667	0.1	0.08333333333333333	0.0625	0.07142857142857142	0.06666666666666667	0.0625	0.07142857142857142	0.09090909090909091	0.125	0.14285714285714285	0.0625	0.0625	0.0625	0.06666666666666667	0.0625	0.06666666666666667	0.16666666666666666	0.07692307692307693	0.07142857142857142	0.0625	0.5	0.0625	0.0625	0.0625
zh	0.08334027777777778	0.015176345096968458	0.5	0.16666666666666666	0.0090152626436187	0.0037492643093797137	0.006673919252986453	0.003088488045496504	0.0035090674423145824	0.0041294505098332275	0.009019248617262348	0.3333333333333333	0.006376534432522506	0.010218469100515253	0.003652941609412705	0.004835566692647233	0.00553167678982276	0.019645194632586512	0.045462809917355365	0.2	0.11113580246913579	0.003780175099756399	0.00476660306524218	0.004698033967710618	0.0053724462759929485	0.004333488208679436	0.10000999999999999	0.07142857142857142	0.013158240997229917	0.014515262179859779	0.007097735680199187	0.0	0.010206789671074551	0.0625	0.003110105023966948
