arz	bs	ceb	ckb	da	de	el	en	es	fr	he	hi	hu	id	it	ja	ko	lv	mk	ml	mr	nl	pl	pt	ro	ru	sh	si	simple	sr	sv	te	tr	vi	war	zh
arz	1.0	0.12729683913915313	0.14459058185587106	1.0	0.12890399203517383	0.12931586373476808	1.0	0.13460579770236292	0.1327673435381234	0.1327673435381234	1.0	1.0	0.12948177659702817	0.12973190755680383	0.126516536980057	1.0	1.0	0.12941948075789503	1.0	1.0	1.0	0.12690480173057767	0.12809248424016279	0.2	0.12809248424016279	1.0	0.2612038749637414	1.0	0.14285714285714285	1.0	0.13231996486433337	1.0	1.0	0.13100580420257674	1.0	0.23166247903554
bs	0.12729683913915313	1.0	0.09972500533454605	0.010426197931244061	0.10010526977837889	0.08582156883500532	0.010426197931244061	0.06265839725431796	0.06744396022262511	0.06387175782729641	0.010426197931244061	0.01069740346157629	0.04185512565421552	0.08607980502663656	0.12263268731111371	0.010426197931244061	0.010426197931244061	0.051770091529771155	0.010426197931244061	0.010426197931244061	0.010426197931244061	0.11622568405632049	0.09741666894401427	0.06409391707507343	0.10013716250804186	0.010426197931244061	0.061199296771815855	0.039046795945495524	0.11699559575532786	0.010426197931244061	0.07345545502728608	0.013349378395549193	0.10927917782578497	0.07225109631464377	0.010429573885498896	0.05470245974323526
ceb	0.14459058185587106	0.09972500533454605	1.0	0.010779177681637315	0.09178526693183954	0.07740542730189694	0.010166187525804903	0.05894905619618764	0.06326001861200396	0.06032240769513075	0.010595559957769087	0.011065160318547356	0.041535017697416556	0.0775785195046308	0.10490393060274873	0.010166187525804903	0.010166187525804903	0.05266783962649845	0.010779177681637315	0.010779177681637315	0.010779177681637315	0.10245142778036741	0.08656293390172863	0.06240352839711901	0.08964935204897492	0.010166187525804903	0.06169006595573257	0.04060241291494565	0.10140619017586301	0.010595559957769087	0.06761394229384574	0.013591739472714496	-1.0	0.06713570655975937	0.010782909712051982	0.053443774163160256
ckb	1.0	0.010426197931244061	0.010779177681637315	1.0	0.010487243239144373	0.010608809702477377	1.0	0.01106173703293071	0.010920338289793231	0.011016621153276908	1.0	1.0	0.01265412137547637	0.01060820635880744	0.01037974381036684	1.0	1.0	0.011590968452405525	1.0	1.0	1.0	0.010400523542767942	0.010506724833022547	0.011603329807882482	0.010485106896687822	1.0	0.011676729844757127	1.0	0.010397303946506396	1.0	0.010795038839424436	1.0	1.0	0.010816936463692084	0.3203772410170407	0.011835871297493182
da	0.12890399203517383	0.10010526977837889	0.09178526693183954	0.010487243239144373	1.0	0.08026276891027372	0.010400144610949104	0.06101575675584924	0.06579585600276144	0.06202300415287048	0.010400144610949104	0.010758767597702066	0.04177657083270921	0.08047259975425772	0.10687820875531645	0.010400144610949104	0.010400144610949104	0.05136901226857515	0.010487243239144373	0.010487243239144373	0.010487243239144373	0.10392263366446065	0.08983097957017018	0.06318196173123657	0.091374255947705	0.010400144610949104	0.060739522346331246	0.03943461093178416	0.1046101694059021	0.010400144610949104	0.07022608097799267	0.013281981226066131	0.2240092377397959	0.06918513101301041	0.010490481771484674	0.054440232702278914
de	0.12931586373476808	0.08582156883500532	0.07740542730189694	0.010608809702477377	0.08026276891027372	1.0	0.00963398961535488	0.05369894134801508	0.05760907292216826	0.054517771784580865	0.010433650571434696	0.01088278902172168	0.038708083004937985	0.06849391656790155	0.08875797504975876	0.010016539396645166	0.009487390135710205	0.0509374059038652	0.010608809702477377	0.010608809702477377	0.010608809702477377	0.0876814109348761	0.07720498377272246	0.061027914431705035	0.0789159344403957	0.009859266863340608	0.060274864308168925	0.03979056834343639	0.08596032073996367	0.010433650571434696	0.060289037687067656	0.013294664131589572	0.15848231677084568	0.06316749077732252	0.010611958356530988	0.05341380376603021
el	1.0	0.010426197931244061	0.010166187525804903	1.0	0.010400144610949104	0.00963398961535488	1.0	0.010051918040450098	0.00991736905500347	0.010011467573380674	1.0	1.0	0.011675924485655772	0.009711357249180689	0.010206945337585097	1.0	1.0	0.011590968452405525	1.0	1.0	1.0	0.010313894359846454	0.01000117866023317	0.011119617229514062	0.01014520021986159	1.0	0.011676729844757127	1.0	0.01014151009884431	1.0	0.009806777777198584	1.0	0.585786437626905	0.010299880943770929	0.3203772410170407	0.011094917003792695
en	0.13460579770236292	0.06265839725431796	0.05894905619618764	0.01106173703293071	0.06101575675584924	0.05369894134801508	0.010051918040450098	1.0	0.04992187489085707	0.04157355218723982	0.01087714672553443	0.011352027397164673	0.04014669317689537	0.053015285092517586	0.06219099744903755	0.010287941150603126	0.009020590843436644	0.049632375009853194	0.01106173703293071	0.01106173703293071	0.01106173703293071	0.06253121313282983	0.058597487999993626	0.05795070402439959	0.05982771787266936	0.010289775330098047	0.05772020961655271	0.04133114899345699	0.06158410726132795	0.01087714672553443	0.046884868110030495	0.01386675399558074	0.11572727146986293	0.054192417255614356	0.011064613258574196	0.05131227629231541
es	0.1327673435381234	0.06744396022262511	0.06326001861200396	0.010920338289793231	0.06579585600276144	0.05760907292216826	0.00991736905500347	0.04992187489085707	1.0	0.05031218241851167	0.010739516705600517	0.011203815030160763	0.040295966856740514	0.0572755652812182	0.06794826661398935	0.010311124007827466	0.009768742711187474	0.049772771505133664	0.010920338289793231	0.010920338289793231	0.010920338289793231	0.06770894743205134	0.06253867264727939	0.058663980571264714	0.06424925242491382	0.010149598495539121	0.05869442119126134	0.04102770380992227	0.06683174034029357	0.010739516705600517	0.05361957575301346	0.013674801804117958	0.15414663755928806	0.05634731935132266	0.010923550868560622	0.052402686013190265
fr	0.1327673435381234	0.06387175782729641	0.06032240769513075	0.011016621153276908	0.06202300415287048	0.054517771784580865	0.010011467573380674	0.04157355218723982	0.05031218241851167	1.0	0.010837681258406279	0.01130253704280697	0.04004300551246192	0.05407252819058453	0.06337626521168317	0.01024856155411174	0.009105984405218518	0.04973200580203098	0.011016621153276908	0.011016621153276908	0.011016621153276908	0.0642492524249138	0.05954322089390155	0.058017222782090754	0.060816147069732616	0.010245300366335168	0.05833090752990175	0.04117250855839548	0.06296842951499121	0.010837681258406279	0.047795478812043775	0.013802759151956306	0.14729813805308495	0.054929229866401245	0.011019919804999412	0.05151046534889694
he	1.0	0.010426197931244061	0.010595559957769087	1.0	0.010400144610949104	0.010433650571434696	1.0	0.01087714672553443	0.010739516705600517	0.010837681258406279	1.0	1.0	0.012448892438190562	0.010434415851910305	0.010206945337585097	1.0	1.0	0.011590968452405525	1.0	1.0	1.0	0.010400523542767942	0.010332606584932893	0.011408053711978118	0.010312601250090198	1.0	0.011676729844757127	1.0	0.010224898472939743	1.0	0.010618275595250462	1.0	0.585786437626905	0.010640326651423622	0.3203772410170407	0.011616153821818161
hi	1.0	0.01069740346157629	0.011065160318547356	1.0	0.010758767597702066	0.01088278902172168	1.0	0.011352027397164673	0.011203815030160763	0.01130253704280697	1.0	1.0	0.012986643128965332	0.010883223409615462	0.01064967406161335	1.0	1.0	0.011888290357872486	1.0	1.0	1.0	0.010670489432896512	0.010781710752039061	0.011924018203693055	0.010756250718367803	1.0	0.012004399188846283	1.0	0.010667420665232496	1.0	0.011072931591440826	1.0	0.585786437626905	0.011096114130736615	0.3203772410170407	0.012158202532247451
hu	0.12948177659702817	0.04185512565421552	0.041535017697416556	0.01265412137547637	0.04177657083270921	0.038708083004937985	0.011675924485655772	0.04014669317689537	0.040295966856740514	0.04004300551246192	0.012448892438190562	0.012986643128965332	1.0	0.03950343582934837	0.04097999585957035	0.012150084190532947	0.011411183794333533	0.04670962348445126	0.01265412137547637	0.01265412137547637	0.01265412137547637	0.04154785044700915	0.040778363433749326	0.05176899873444166	0.04074605885027879	0.011957763412996772	0.053427457940786634	0.041460648628666885	0.04079252121379609	0.012448892438190562	0.03920947752276652	0.015872338624571318	0.585786437626905	0.04204461945495521	0.012658087218304264	0.050174218154467404
id	0.12973190755680383	0.08607980502663656	0.0775785195046308	0.01060820635880744	0.08047259975425772	0.06849391656790155	0.009711357249180689	0.053015285092517586	0.0572755652812182	0.05407252819058453	0.010434415851910305	0.010883223409615462	0.03950343582934837	1.0	0.08761809558448168	0.009940767936193102	0.00942296258963585	0.05102124036762298	0.01060820635880744	0.01060820635880744	0.01060820635880744	0.0877660521856984	0.07665493365206805	0.060822084079748824	0.07905362451101958	0.009863463846235926	0.05996342672605913	0.03958443649478807	0.08619980470379296	0.010434415851910305	0.05969788587499009	0.013299032316662294	0.1645052894628505	0.06309070054187664	0.010611558697618689	0.0535202971201322
it	0.126516536980057	0.12263268731111371	0.10490393060274873	0.01037974381036684	0.10687820875531645	0.08875797504975876	0.010206945337585097	0.06219099744903755	0.06794826661398935	0.06337626521168317	0.010206945337585097	0.01064967406161335	0.04097999585957035	0.08761809558448168	1.0	0.010122945245754324	0.010122945245754324	0.05189187173088171	0.01037974381036684	0.01037974381036684	0.01037974381036684	0.13022540837042695	0.10262317748494576	0.06386263195221586	0.10703492233866804	0.010206945337585097	0.06146623681298274	0.038801354223604395	0.13022540837042695	0.010206945337585097	0.07350443391335792	0.01300628945134565	0.1548569718446656	0.07268521028208662	0.010382883399327822	0.05454262080508261
ja	1.0	0.010426197931244061	0.010166187525804903	1.0	0.010400144610949104	0.010016539396645166	1.0	0.010287941150603126	0.010311124007827466	0.01024856155411174	1.0	1.0	0.012150084190532947	0.009940767936193102	0.010122945245754324	1.0	1.0	0.011590968452405525	1.0	1.0	1.0	0.010313894359846454	0.01000117866023317	0.011119617229514062	0.010227959970016727	1.0	0.011676729844757127	1.0	0.01014151009884431	1.0	0.01011770958824366	1.0	0.22772999919644132	0.010299880943770929	0.3203772410170407	0.010913454254639474
ko	1.0	0.010426197931244061	0.010166187525804903	1.0	0.010400144610949104	0.009487390135710205	1.0	0.009020590843436644	0.009768742711187474	0.009105984405218518	1.0	1.0	0.011411183794333533	0.00942296258963585	0.010122945245754324	1.0	1.0	0.011590968452405525	1.0	1.0	1.0	0.010313894359846454	0.01000117866023317	0.011028130690931656	0.01014520021986159	1.0	0.011676729844757127	1.0	0.01014151009884431	1.0	0.009046503338164086	1.0	0.5	0.010299880943770929	0.3203772410170407	0.010997204911920957
lv	0.12941948075789503	0.051770091529771155	0.05266783962649845	0.011590968452405525	0.05136901226857515	0.0509374059038652	0.011590968452405525	0.049632375009853194	0.049772771505133664	0.04973200580203098	0.011590968452405525	0.011888290357872486	0.04670962348445126	0.05102124036762298	0.05189187173088171	0.011590968452405525	0.011590968452405525	1.0	0.011590968452405525	0.011590968452405525	0.011590968452405525	0.05189187173088171	0.05150027633924265	0.05714746148681108	0.05166164821962139	0.011590968452405525	0.05634511792280075	0.04316663512860992	0.05178683691052185	0.011590968452405525	0.05032752852284916	0.01482018094578566	0.38742588672279304	0.05028536107698826	0.011594812810158771	0.053582822308963406
mk	1.0	0.010426197931244061	0.010779177681637315	1.0	0.010487243239144373	0.010608809702477377	1.0	0.01106173703293071	0.010920338289793231	0.011016621153276908	1.0	1.0	0.01265412137547637	0.01060820635880744	0.01037974381036684	1.0	1.0	0.011590968452405525	1.0	1.0	1.0	0.010400523542767942	0.010506724833022547	0.011603329807882482	0.010485106896687822	1.0	0.011676729844757127	1.0	0.010397303946506396	1.0	0.010795038839424436	1.0	0.4364916731037085	0.010816936463692084	0.3203772410170407	0.011835871297493182
ml	1.0	0.010426197931244061	0.010779177681637315	1.0	0.010487243239144373	0.010608809702477377	1.0	0.01106173703293071	0.010920338289793231	0.011016621153276908	1.0	1.0	0.01265412137547637	0.01060820635880744	0.01037974381036684	1.0	1.0	0.011590968452405525	1.0	1.0	1.0	0.010400523542767942	0.010506724833022547	0.011603329807882482	0.010485106896687824	1.0	0.011676729844757127	1.0	0.010397303946506396	1.0	0.010795038839424436	1.0	0.36602540378443865	0.010816936463692084	0.3203772410170407	0.011835871297493182
mr	1.0	0.010426197931244061	0.010779177681637315	1.0	0.010487243239144373	0.010608809702477377	1.0	0.01106173703293071	0.010920338289793231	0.011016621153276908	1.0	1.0	0.01265412137547637	0.01060820635880744	0.01037974381036684	1.0	1.0	0.011590968452405525	1.0	1.0	1.0	0.010400523542767942	0.010506724833022547	0.011603329807882482	0.010485106896687824	1.0	0.011676729844757127	1.0	0.010397303946506396	1.0	0.010795038839424436	1.0	1.0	0.010816936463692084	0.3203772410170407	0.011835871297493182
nl	0.12690480173057767	0.11622568405632049	0.10245142778036741	0.010400523542767942	0.10392263366446065	0.0876814109348761	0.010313894359846454	0.06253121313282983	0.06770894743205134	0.0642492524249138	0.010400523542767942	0.010670489432896512	0.04154785044700915	0.0877660521856984	0.13022540837042695	0.010313894359846454	0.010313894359846454	0.05189187173088171	0.010400523542767942	0.010400523542767942	0.010400523542767942	1.0	0.09938034775909821	0.06381662863340792	0.10346024484235196	0.010313894359846454	0.06134306086081723	0.03894395618175351	0.12485847397479302	0.010400523542767942	0.07357809117445098	0.013312959915286056	0.06548741020819361	0.07252000837174169	0.01040368209753392	0.05430027955942539
pl	0.12809248424016279	0.09741666894401427	0.08656293390172863	0.010506724833022547	0.08983097957017018	0.07720498377272246	0.01000117866023317	0.058597487999993626	0.06253867264727939	0.05954322089390155	0.010332606584932893	0.010781710752039061	0.040778363433749326	0.07665493365206805	0.10262317748494576	0.01000117866023317	0.01000117866023317	0.05150027633924265	0.010506724833022547	0.010506724833022547	0.010506724833022547	0.09938034775909821	1.0	0.06213229449000249	0.088889933176002	0.01000117866023317	0.060800791705940674	0.03940272922073382	0.09966206371762822	0.010332606584932893	0.06680431618728104	0.013162899142033491	0.16484708315636032	0.06663142888864722	0.010509981516846349	0.053945814177512895
pt	0.2	0.06409391707507343	0.06240352839711901	0.011603329807882482	0.06318196173123657	0.061027914431705035	0.011119617229514062	0.05795070402439959	0.058663980571264714	0.058017222782090754	0.011408053711978118	0.011924018203693055	0.05176899873444166	0.060822084079748824	0.06386263195221586	0.011119617229514062	0.011028130690931656	0.05714746148681108	0.011603329807882482	0.011603329807882482	0.011603329807882482	0.06381662863340792	0.06213229449000249	1.0	0.06276063281577693	0.011119617229514062	0.07122070802652758	0.04007800854293293	0.06342191389641309	0.011408053711978118	0.0597231247611001	0.014636576550166775	0.15623493190555798	0.05944167453806233	0.011607545016710675	0.06393011746820017
ro	0.12809248424016279	0.10013716250804186	0.08964935204897492	0.010485106896687822	0.091374255947705	0.0789159344403957	0.01014520021986159	0.05982771787266936	0.06424925242491382	0.060816147069732616	0.010312601250090198	0.010756250718367803	0.04074605885027879	0.07905362451101958	0.10703492233866804	0.010227959970016727	0.01014520021986159	0.05166164821962139	0.010485106896687822	0.010485106896687824	0.010485106896687824	0.10346024484235196	0.088889933176002	0.06276063281577693	1.0	0.01014520021986159	0.06074591447345071	0.03917130054269752	0.10360183511352186	0.010312601250090198	0.06858287279098635	0.01314368274911686	0.40453726661826384	0.06827795218472481	0.010488540621722628	0.054021638246902565
ru	1.0	0.010426197931244061	0.010166187525804903	1.0	0.010400144610949104	0.009859266863340608	1.0	0.010289775330098047	0.010149598495539121	0.010245300366335168	1.0	1.0	0.011957763412996772	0.009863463846235926	0.010206945337585097	1.0	1.0	0.011590968452405525	1.0	1.0	1.0	0.010313894359846454	0.01000117866023317	0.011119617229514062	0.01014520021986159	1.0	0.011676729844757127	1.0	0.01014151009884431	1.0	0.010037925828067836	1.0	0.15974667297574374	0.010299880943770929	0.3203772410170407	0.011094917003792695
sh	0.2612038749637414	0.061199296771815855	0.06169006595573257	0.011676729844757127	0.060739522346331246	0.060274864308168925	0.011676729844757127	0.05772020961655271	0.05869442119126134	0.05833090752990175	0.011676729844757127	0.012004399188846283	0.053427457940786634	0.05996342672605913	0.06146623681298274	0.011676729844757127	0.011676729844757127	0.05634511792280075	0.011676729844757127	0.011676729844757127	0.011676729844757127	0.06134306086081723	0.060800791705940674	0.07122070802652758	0.06074591447345071	0.011676729844757127	1.0	0.04345250649319291	0.06134106201587296	0.011676729844757127	0.059222933484642803	0.015146661242107937	0.31264808514230086	0.05906018181572015	0.011680718426186731	0.06446258209279482
si	1.0	0.039046795945495524	0.04060241291494565	1.0	0.03943461093178416	0.03979056834343639	1.0	0.04133114899345699	0.04102770380992227	0.04117250855839548	1.0	1.0	0.041460648628666885	0.03958443649478807	0.038801354223604395	1.0	1.0	0.04316663512860992	1.0	1.0	1.0	0.03894395618175351	0.03940272922073382	0.04007800854293293	0.03917130054269752	1.0	0.04345250649319291	1.0	0.038954203115662826	1.0	0.04025806591289947	1.0	1.0	0.04041765142920348	0.585786437626905	0.04213153453796235
simple	0.14285714285714285	0.11699559575532786	0.10140619017586301	0.010397303946506396	0.1046101694059021	0.08596032073996367	0.01014151009884431	0.06158410726132795	0.06683174034029357	0.06296842951499121	0.010224898472939743	0.010667420665232496	0.04079252121379609	0.08619980470379296	0.13022540837042695	0.01014151009884431	0.01014151009884431	0.05178683691052185	0.010397303946506396	0.010397303946506396	0.010397303946506396	0.12485847397479302	0.09966206371762822	0.06342191389641309	0.10360183511352186	0.01014151009884431	0.06134106201587296	0.038954203115662826	1.0	0.010224898472939743	0.07291127733123115	0.013030133104617777	0.13840552649774157	0.07180204508472295	0.010400651804411045	0.054517859746648134
sr	1.0	0.010426197931244061	0.010595559957769087	1.0	0.010400144610949104	0.010433650571434696	1.0	0.01087714672553443	0.010739516705600517	0.010837681258406279	1.0	1.0	0.012448892438190562	0.010434415851910305	0.010206945337585097	1.0	1.0	0.011590968452405525	1.0	1.0	1.0	0.010400523542767942	0.010332606584932893	0.011408053711978118	0.010312601250090198	1.0	0.011676729844757127	1.0	0.010224898472939743	1.0	0.010618275595250462	1.0	0.44948974278317805	0.010640326651423622	0.3203772410170407	0.011616153821818161
sv	0.13231996486433337	0.07345545502728608	0.06761394229384574	0.010795038839424436	0.07022608097799267	0.060289037687067656	0.009806777777198584	0.046884868110030495	0.05361957575301346	0.047795478812043775	0.010618275595250462	0.011072931591440826	0.03920947752276652	0.05969788587499009	0.07350443391335792	0.01011770958824366	0.009046503338164086	0.05032752852284916	0.010795038839424436	0.010795038839424436	0.010795038839424436	0.07357809117445098	0.06680431618728104	0.0597231247611001	0.06858287279098635	0.010037925828067836	0.059222933484642803	0.04025806591289947	0.07291127733123115	0.010618275595250462	1.0	0.01353608437740266	0.252650308587072	0.0588869101831572	0.010798787434625146	0.05270049019799871
te	1.0	0.013349378395549193	0.013591739472714496	1.0	0.013281981226066131	0.013294664131589572	1.0	0.01386675399558074	0.013674801804117958	0.013802759151956306	1.0	1.0	0.015872338624571318	0.013299032316662294	0.01300628945134565	1.0	1.0	0.01482018094578566	1.0	1.0	1.0	0.013312959915286056	0.013162899142033491	0.014636576550166775	0.01314368274911686	1.0	0.015146661242107937	1.0	0.013030133104617777	1.0	0.01353608437740266	1.0	0.585786437626905	0.013557927014468792	0.44948974278317805	0.01398243152417156
tr	1.0	0.10927917782578497	-1.0	1.0	0.2240092377397959	0.15848231677084568	0.585786437626905	0.11572727146986293	0.15414663755928806	0.14729813805308495	0.585786437626905	0.585786437626905	0.585786437626905	0.1645052894628505	0.1548569718446656	0.22772999919644132	0.5	0.38742588672279304	0.4364916731037085	0.36602540378443865	1.0	0.06548741020819361	0.16484708315636032	0.15623493190555798	0.40453726661826384	0.15974667297574374	0.31264808514230086	1.0	0.13840552649774157	0.44948974278317805	0.252650308587072	0.585786437626905	1.0	0.3090169943749474	1.0	0.28989794855663564
vi	0.13100580420257674	0.07225109631464377	0.06713570655975937	0.010816936463692084	0.06918513101301041	0.06316749077732252	0.010299880943770929	0.054192417255614356	0.05634731935132266	0.054929229866401245	0.010640326651423622	0.011096114130736615	0.04204461945495521	0.06309070054187664	0.07268521028208662	0.010299880943770929	0.010299880943770929	0.05028536107698826	0.010816936463692084	0.010816936463692084	0.010816936463692084	0.07252000837174169	0.06663142888864722	0.05944167453806233	0.06827795218472481	0.010299880943770929	0.05906018181572015	0.04041765142920348	0.07180204508472295	0.010640326651423622	0.0588869101831572	0.013557927014468792	0.3090169943749474	1.0	0.01082049142408931	0.05304441532509432
war	1.0	0.010429573885498896	0.010782909712051982	0.3203772410170407	0.010490481771484674	0.010611958356530988	0.3203772410170407	0.011064613258574196	0.010923550868560622	0.011019919804999412	0.3203772410170407	0.3203772410170407	0.012658087218304264	0.010611558697618689	0.010382883399327822	0.3203772410170407	0.3203772410170407	0.011594812810158771	0.3203772410170407	0.3203772410170407	0.3203772410170407	0.01040368209753392	0.010509981516846349	0.011607545016710675	0.010488540621722628	0.3203772410170407	0.011680718426186731	0.585786437626905	0.010400651804411045	0.3203772410170407	0.010798787434625146	0.44948974278317805	1.0	0.01082049142408931	1.0	0.011839305778656618
zh	0.23166247903554	0.05470245974323526	0.053443774163160256	0.011835871297493182	0.054440232702278914	0.05341380376603021	0.011094917003792695	0.05131227629231541	0.052402686013190265	0.05151046534889694	0.011616153821818161	0.012158202532247451	0.050174218154467404	0.0535202971201322	0.05454262080508261	0.010913454254639474	0.010997204911920957	0.053582822308963406	0.011835871297493182	0.011835871297493182	0.011835871297493182	0.05430027955942539	0.053945814177512895	0.06393011746820017	0.054021638246902565	0.011094917003792695	0.06446258209279482	0.04213153453796235	0.054517859746648134	0.011616153821818161	0.05270049019799871	0.01398243152417156	0.28989794855663564	0.05304441532509432	0.011839305778656618	1.0
