arz	bs	ceb	ckb	da	de	el	en	es	fr	he	hi	hu	id	it	ja	ko	lv	mk	ml	mr	nl	pl	pt	ro	ru	sh	si	simple	sr	sv	te	vi	war	zh
arz	1.0	0.3944055944055944	0.3125	0.3143939393939394	0.21679197994987467	0.11428571428571428	0.28627450980392155	0.11423611111111111	0.13793103448275862	0.11534839924670433	0.21052631578947367	0.16666666666666666	0.2465300727032386	0.319047619047619	0.15784615384615386	0.14285714285714285	0.2222222222222222	0.2857142857142857	0.38286713286713286	0.35964912280701755	0.375	0.16	0.19047619047619047	0.23809523809523808	0.2747311827956989	0.12903225806451613	0.35119047619047616	0.0625	0.3076923076923077	0.3076923076923077	0.14814814814814814	0.0625	0.2378472222222222	0.3888888888888889	0.19047619047619047
bs	0.3944055944055944	1.0	0.22727272727272727	0.46132971506105835	0.3108178053830228	0.16607142857142856	0.46041666666666664	0.17390453834115807	0.201559934318555	0.17300899165061015	0.3105263157894737	0.18181818181818182	0.39069359086918354	0.4399159663865546	0.239787049109083	0.22254797441364604	0.3570261437908497	0.4261904761904762	0.5112612612612613	0.3806818181818182	0.2881118881118881	0.23041666666666666	0.2879464285714286	0.358187134502924	0.4303030303030303	0.19130824372759858	0.5654761904761905	0.045454545454545456	0.38839285714285715	0.4724596391263058	0.20925925925925926	0.045454545454545456	0.3520671834625323	0.36363636363636365	0.329156223893066
ceb	0.3125	0.22727272727272727	0.5	0.2777777777777778	0.11904761904761904	0.07142857142857142	0.16666666666666666	0.06944444444444445	0.08620689655172414	0.06944444444444445	0.13157894736842105	0.14285714285714285	0.14705882352941177	0.17857142857142858	0.09615384615384616	0.08928571428571429	0.1388888888888889	0.17857142857142858	0.22727272727272727	0.35714285714285715	0.4166666666666667	0.1	0.11904761904761904	0.1388888888888889	0.16666666666666666	0.08064516129032258	0.20833333333333334	0.1	0.19230769230769232	0.19230769230769232	0.09259259259259259	0.1	0.1388888888888889	0.3125	0.11904761904761904
ckb	0.3143939393939394	0.46132971506105835	0.2777777777777778	1.0	0.23754152823920266	0.12857142857142856	0.32727272727272727	0.13109756097560976	0.15517241379310345	0.125	0.23684210526315788	0.2222222222222222	0.2808349146110057	0.35000000000000003	0.17307692307692307	0.16666666666666669	0.25	0.34316770186335405	0.3494623655913978	0.4097222222222222	0.25	0.18	0.22564935064935063	0.27238805970149255	0.3	0.14516129032258066	0.4181034482758621	0.05555555555555555	0.2857142857142857	0.36177884615384615	0.16666666666666666	0.05555555555555555	0.2635135135135135	0.35	0.22539682539682537
da	0.21679197994987467	0.3108178053830228	0.11904761904761904	0.23754152823920266	1.0	0.3120481927710843	0.35615650172612195	0.31048387096774194	0.31150211795373084	0.29837807606263983	0.3	0.09523809523809523	0.38482280431432975	0.30339105339105343	0.3233318405732199	0.32575757575757575	0.3649201040505388	0.35374149659863946	0.2619047619047619	0.1764705882352941	0.15637065637065636	0.32142857142857145	0.38204225352112675	0.32845744680851063	0.35188968335035753	0.3387096774193548	0.32788296041308085	0.023809523809523808	0.2818181818181818	0.3358395989974937	0.40100250626566414	0.023809523809523808	0.3636991028295376	0.19047619047619047	0.32984420642648493
de	0.11428571428571428	0.16607142857142856	0.07142857142857142	0.12857142857142856	0.3120481927710843	1.0	0.22470238095238093	0.42015740035542015	0.3136363636363636	0.4259796806966618	0.2714285714285714	0.05714285714285714	0.258008658008658	0.2	0.4091644204851752	0.3958333333333333	0.2475614927905004	0.20793650793650795	0.17142857142857143	0.1078125	0.08571428571428572	0.3458333333333333	0.2837301587301587	0.25012980269989615	0.23351648351648352	0.4026445800639349	0.18132956152758134	0.014285714285714285	0.1930672268907563	0.19265873015873017	0.36786786786786785	0.014285714285714285	0.2426046176046176	0.11428571428571428	0.3013071895424837
el	0.28627450980392155	0.46041666666666664	0.16666666666666666	0.32727272727272727	0.35615650172612195	0.22470238095238093	1.0	0.21077235772357725	0.26762969866418146	0.2240566037735849	0.36234567901234566	0.1435374149659864	0.38610526315789473	0.44850352112676056	0.31300141576215196	0.2930672268907563	0.46584699453551914	0.4395833333333333	0.3342391304347826	0.26612021857923496	0.2	0.3061728395061728	0.37543554006968644	0.4354313619099294	0.43905397210430563	0.2582398316970547	0.4786516853932584	0.03333333333333333	0.38235294117647056	0.4117647058823529	0.28453453453453453	0.03333333333333333	0.4100877192982456	0.26666666666666666	0.40315512708150747
en	0.11423611111111111	0.17390453834115807	0.06944444444444445	0.13109756097560976	0.31048387096774194	0.42015740035542015	0.21077235772357725	1.0	0.2972491368749304	0.4684412179874975	0.2665204678362573	0.05555555555555555	0.25087904360056257	0.2026862026862027	0.389520202020202	0.38963963963963966	0.24462334675100633	0.20634920634920634	0.16414141414141414	0.11210317460317461	0.08333333333333333	0.3579749103942652	0.299561403508772	0.24631740745484823	0.2275641025641026	0.3942052099946837	0.17632850241545892	0.013888888888888888	0.18055555555555555	0.18898252184769038	0.337280701754386	0.013888888888888888	0.2581967213114754	0.1111111111111111	0.28651575763489123
es	0.13793103448275862	0.201559934318555	0.08620689655172414	0.15517241379310345	0.31150211795373084	0.3136363636363636	0.26762969866418146	0.2972491368749304	1.0	0.2954919155933132	0.28461021505376344	0.06896551724137931	0.3174090038314176	0.2524904214559387	0.33424725822532403	0.3486368593238822	0.3043123543123543	0.2230769230769231	0.1896551724137931	0.1206896551724138	0.10344827586206896	0.32870813397129184	0.321915530428999	0.31299435028248584	0.26271905031091014	0.3711615487316422	0.22444041137326073	0.017241379310344827	0.22413793103448276	0.23576583801122694	0.3291473892927958	0.017241379310344827	0.29432234432234433	0.13793103448275862	0.30570652173913043
fr	0.11534839924670433	0.17300899165061015	0.06944444444444445	0.125	0.29837807606263983	0.4259796806966618	0.2240566037735849	0.4684412179874975	0.2954919155933132	1.0	0.28125	0.05990338164251208	0.25942717328727694	0.19444444444444445	0.3877777777777778	0.3895901395901396	0.2505630630630631	0.19832041343669252	0.15642741281427414	0.10497416020671835	0.08764367816091953	0.3611111111111111	0.30527210884353745	0.2325868725868726	0.22312623274161736	0.3652636671504596	0.18507157464212678	0.013888888888888888	0.18428689883913765	0.18785482562854824	0.32894736842105265	0.013888888888888888	0.26798561151079137	0.1111111111111111	0.2961323392357875
he	0.21052631578947367	0.3105263157894737	0.13157894736842105	0.23684210526315788	0.3	0.2714285714285714	0.36234567901234566	0.2665204678362573	0.28461021505376344	0.28125	1.0	0.10526315789473684	0.3786945812807882	0.3850877192982456	0.3464912280701754	0.3581536388140162	0.40288220551378445	0.2961309523809524	0.3076555023923445	0.18421052631578946	0.15789473684210525	0.4203225806451613	0.3768115942028985	0.435752688172043	0.38448275862068965	0.28125	0.35899935022742036	0.02631578947368421	0.3715170278637771	0.3599624060150376	0.35185185185185186	0.02631578947368421	0.3890168970814132	0.21052631578947367	0.3886734976460814
hi	0.16666666666666666	0.18181818181818182	0.14285714285714285	0.2222222222222222	0.09523809523809523	0.05714285714285714	0.1435374149659864	0.05555555555555555	0.06896551724137931	0.05990338164251208	0.10526315789473684	1.0	0.11764705882352941	0.14285714285714285	0.07692307692307693	0.07142857142857142	0.1111111111111111	0.14285714285714285	0.125	0.2857142857142857	0.125	0.08	0.09523809523809523	0.1111111111111111	0.13333333333333333	0.07538569424964936	0.16666666666666666	0.125	0.10714285714285714	0.15384615384615385	0.07407407407407407	0.125	0.1111111111111111	0.16666666666666666	0.09523809523809523
hu	0.2465300727032386	0.39069359086918354	0.14705882352941177	0.2808349146110057	0.38482280431432975	0.258008658008658	0.38610526315789473	0.25087904360056257	0.3174090038314176	0.25942717328727694	0.3786945812807882	0.11764705882352941	1.0	0.4087301587301587	0.32407407407407407	0.29829796640141465	0.4407894736842105	0.33094098883572565	0.36808386721025044	0.22608437314319665	0.18796484110885736	0.3434065934065934	0.39841897233201584	0.431390977443609	0.4377610693400167	0.2818271361733563	0.4355858045697618	0.029411764705882353	0.35784313725490197	0.4211878926327812	0.2993506493506493	0.029411764705882353	0.46822244289970205	0.23529411764705882	0.3343802345058627
id	0.319047619047619	0.4399159663865546	0.17857142857142858	0.35000000000000003	0.30339105339105343	0.2	0.44850352112676056	0.2026862026862027	0.2524904214559387	0.19444444444444445	0.3850877192982456	0.14285714285714285	0.4087301587301587	1.0	0.286472148541114	0.25	0.426984126984127	0.3869047619047619	0.413265306122449	0.2865853658536585	0.21428571428571427	0.2883333333333334	0.3494623655913978	0.4382716049382716	0.5104166666666666	0.2469332121762835	0.4902152641878669	0.03571428571428571	0.5097402597402597	0.5059523809523809	0.2686932215234102	0.03571428571428571	0.43696581196581197	0.2857142857142857	0.35666666666666663
it	0.15784615384615386	0.239787049109083	0.09615384615384616	0.17307692307692307	0.3233318405732199	0.4091644204851752	0.31300141576215196	0.389520202020202	0.33424725822532403	0.3877777777777778	0.3464912280701754	0.07692307692307693	0.32407407407407407	0.286472148541114	1.0	0.4294117647058824	0.3510842448666283	0.251934770591487	0.21501068376068375	0.1419683257918552	0.11944965603502189	0.4239593188268685	0.32668469686725266	0.30560064935064934	0.2823806465424962	0.35357271743053054	0.2577153385536619	0.019230769230769232	0.2644927536231884	0.2569444444444444	0.3349743150684932	0.019230769230769232	0.3100198412698413	0.15384615384615385	0.4256801048836447
ja	0.14285714285714285	0.22254797441364604	0.08928571428571429	0.16666666666666669	0.32575757575757575	0.3958333333333333	0.2930672268907563	0.38963963963963966	0.3486368593238822	0.3895901395901396	0.3581536388140162	0.07142857142857142	0.29829796640141465	0.25	0.4294117647058824	1.0	0.31583072100313475	0.22969348659003833	0.20673784977908688	0.1304945054945055	0.10714285714285714	0.4328407224958949	0.32575757575757575	0.3042974781266083	0.26061007957559684	0.3469893742621015	0.22609673790776152	0.017857142857142856	0.23740601503759398	0.24234693877551022	0.359375	0.017857142857142856	0.2864686468646865	0.14285714285714285	0.375915669108451
ko	0.2222222222222222	0.3570261437908497	0.1388888888888889	0.25	0.3649201040505388	0.2475614927905004	0.46584699453551914	0.24462334675100633	0.3043123543123543	0.2505630630630631	0.40288220551378445	0.1111111111111111	0.4407894736842105	0.426984126984127	0.3510842448666283	0.31583072100313475	1.0	0.36293859649122806	0.32982740021574974	0.23167848699763594	0.16666666666666666	0.3399665551839465	0.42176186645213193	0.4328467153284672	0.42226720647773275	0.27734375	0.37209302325581395	0.027777777777777776	0.3861111111111111	0.38514957264957267	0.31274574049803405	0.027777777777777776	0.4181818181818182	0.2222222222222222	0.3937444543034605
lv	0.2857142857142857	0.4261904761904762	0.17857142857142858	0.34316770186335405	0.35374149659863946	0.20793650793650795	0.4395833333333333	0.20634920634920634	0.2230769230769231	0.19832041343669252	0.2961309523809524	0.14285714285714285	0.33094098883572565	0.3869047619047619	0.251934770591487	0.22969348659003833	0.36293859649122806	1.0	0.3611111111111111	0.26666666666666666	0.21428571428571427	0.25	0.3054545454545455	0.31351351351351353	0.37406793703396857	0.23413978494623655	0.47619047619047616	0.03571428571428571	0.3740530303030303	0.4131578947368421	0.24464285714285716	0.03571428571428571	0.32380952380952377	0.2857142857142857	0.31719367588932806
mk	0.38286713286713286	0.5112612612612613	0.22727272727272727	0.3494623655913978	0.2619047619047619	0.17142857142857143	0.3342391304347826	0.16414141414141414	0.1896551724137931	0.15642741281427414	0.3076555023923445	0.125	0.36808386721025044	0.413265306122449	0.21501068376068375	0.20673784977908688	0.32982740021574974	0.3611111111111111	1.0	0.2916666666666667	0.2727272727272727	0.22	0.27052545155993435	0.3177506775067751	0.41333333333333333	0.18477229601518028	0.4346153846153846	0.045454545454545456	0.434981684981685	0.44529914529914527	0.21412037037037035	0.045454545454545456	0.3255555555555556	0.36363636363636365	0.2896825396825397
ml	0.35964912280701755	0.3806818181818182	0.35714285714285715	0.4097222222222222	0.1764705882352941	0.1078125	0.26612021857923496	0.11210317460317461	0.1206896551724138	0.10497416020671835	0.18421052631578946	0.2857142857142857	0.22608437314319665	0.2865853658536585	0.1419683257918552	0.1304945054945055	0.23167848699763594	0.26666666666666666	0.2916666666666667	1.0	0.3125	0.15041666666666667	0.1764705882352941	0.2010233918128655	0.25416666666666665	0.11290322580645161	0.3472222222222222	0.07142857142857142	0.22857142857142856	0.32478632478632474	0.12962962962962962	0.07142857142857142	0.21770025839793283	0.3333333333333333	0.18085106382978722
mr	0.375	0.2881118881118881	0.4166666666666667	0.25	0.15637065637065636	0.08571428571428572	0.2	0.08333333333333333	0.10344827586206896	0.08764367816091953	0.15789473684210525	0.125	0.18796484110885736	0.21428571428571427	0.11944965603502189	0.10714285714285714	0.16666666666666666	0.21428571428571427	0.2727272727272727	0.3125	1.0	0.12	0.15637065637065636	0.16666666666666666	0.20833333333333334	0.0967741935483871	0.2590909090909091	0.08333333333333333	0.25457875457875456	0.2507692307692308	0.1111111111111111	0.08333333333333333	0.16666666666666666	0.375	0.14670329670329668
nl	0.16	0.23041666666666666	0.1	0.18	0.32142857142857145	0.3458333333333333	0.3061728395061728	0.3579749103942652	0.32870813397129184	0.3611111111111111	0.4203225806451613	0.08	0.3434065934065934	0.2883333333333334	0.4239593188268685	0.4328407224958949	0.3399665551839465	0.25	0.22	0.15041666666666667	0.12	1.0	0.3592047930283224	0.3491452991452991	0.28034188034188035	0.3614718614718615	0.2640963855421687	0.02	0.26961538461538465	0.26	0.39345238095238094	0.02	0.31296296296296294	0.16	0.40719602977667496
pl	0.19047619047619047	0.2879464285714286	0.11904761904761904	0.22564935064935063	0.38204225352112675	0.2837301587301587	0.37543554006968644	0.299561403508772	0.321915530428999	0.30527210884353745	0.3768115942028985	0.09523809523809523	0.39841897233201584	0.3494623655913978	0.32668469686725266	0.32575757575757575	0.42176186645213193	0.3054545454545455	0.27052545155993435	0.1764705882352941	0.15637065637065636	0.3592047930283224	1.0	0.402321083172147	0.41596638655462187	0.325	0.3214285714285714	0.023809523809523808	0.328042328042328	0.30952380952380953	0.3738095238095238	0.023809523809523808	0.46135831381733017	0.19047619047619047	0.32984420642648493
pt	0.23809523809523808	0.358187134502924	0.1388888888888889	0.27238805970149255	0.32845744680851063	0.25012980269989615	0.4354313619099294	0.24631740745484823	0.31299435028248584	0.2325868725868726	0.435752688172043	0.1111111111111111	0.431390977443609	0.4382716049382716	0.30560064935064934	0.3042974781266083	0.4328467153284672	0.31351351351351353	0.3177506775067751	0.2010233918128655	0.16666666666666666	0.3491452991452991	0.402321083172147	1.0	0.4041353383458646	0.27034198113207547	0.38095238095238093	0.027777777777777776	0.3737693389592124	0.3990857946554149	0.30938538205980065	0.027777777777777776	0.4232558139534884	0.2222222222222222	0.3906832298136646
ro	0.2747311827956989	0.4303030303030303	0.16666666666666666	0.3	0.35188968335035753	0.23351648351648352	0.43905397210430563	0.2275641025641026	0.26271905031091014	0.22312623274161736	0.38448275862068965	0.13333333333333333	0.4377610693400167	0.5104166666666666	0.2823806465424962	0.26061007957559684	0.42226720647773275	0.37406793703396857	0.41333333333333333	0.25416666666666665	0.20833333333333334	0.28034188034188035	0.41596638655462187	0.4041353383458646	1.0	0.26693548387096777	0.47070707070707074	0.03333333333333333	0.46	0.49414414414414415	0.2960704607046071	0.03333333333333333	0.4282945736434109	0.26666666666666666	0.3777056277056277
ru	0.12903225806451613	0.19130824372759858	0.08064516129032258	0.14516129032258066	0.3387096774193548	0.4026445800639349	0.2582398316970547	0.3942052099946837	0.3711615487316422	0.3652636671504596	0.28125	0.07538569424964936	0.2818271361733563	0.2469332121762835	0.35357271743053054	0.3469893742621015	0.27734375	0.23413978494623655	0.18477229601518028	0.11290322580645161	0.0967741935483871	0.3614718614718615	0.325	0.27034198113207547	0.26693548387096777	1.0	0.20375246872942726	0.016129032258064516	0.2173697270471464	0.20967741935483872	0.35294117647058826	0.016129032258064516	0.27238175675675674	0.12903225806451613	0.29957469431153644
sh	0.35119047619047616	0.5654761904761905	0.20833333333333334	0.4181034482758621	0.32788296041308085	0.18132956152758134	0.4786516853932584	0.17632850241545892	0.22444041137326073	0.18507157464212678	0.35899935022742036	0.16666666666666666	0.4355858045697618	0.4902152641878669	0.2577153385536619	0.22609673790776152	0.37209302325581395	0.47619047619047616	0.4346153846153846	0.3472222222222222	0.2590909090909091	0.2640963855421687	0.3214285714285714	0.38095238095238093	0.47070707070707074	0.20375246872942726	1.0	0.041666666666666664	0.42142857142857143	0.5108342361863489	0.23504273504273504	0.041666666666666664	0.3941441441441441	0.3333333333333333	0.33361847733105215
si	0.0625	0.045454545454545456	0.1	0.05555555555555555	0.023809523809523808	0.014285714285714285	0.03333333333333333	0.013888888888888888	0.017241379310344827	0.013888888888888888	0.02631578947368421	0.125	0.029411764705882353	0.03571428571428571	0.019230769230769232	0.017857142857142856	0.027777777777777776	0.03571428571428571	0.045454545454545456	0.07142857142857142	0.08333333333333333	0.02	0.023809523809523808	0.027777777777777776	0.03333333333333333	0.016129032258064516	0.041666666666666664	0.5	0.038461538461538464	0.038461538461538464	0.018518518518518517	0.5	0.027777777777777776	0.0625	0.023809523809523808
simple	0.3076923076923077	0.38839285714285715	0.19230769230769232	0.2857142857142857	0.2818181818181818	0.1930672268907563	0.38235294117647056	0.18055555555555555	0.22413793103448276	0.18428689883913765	0.3715170278637771	0.10714285714285714	0.35784313725490197	0.5097402597402597	0.2644927536231884	0.23740601503759398	0.3861111111111111	0.3740530303030303	0.434981684981685	0.22857142857142856	0.25457875457875456	0.26961538461538465	0.328042328042328	0.3737693389592124	0.46	0.2173697270471464	0.42142857142857143	0.038461538461538464	1.0	0.46515679442508706	0.26346801346801346	0.038461538461538464	0.38238770685579193	0.3076923076923077	0.32688492063492064
sr	0.3076923076923077	0.4724596391263058	0.19230769230769232	0.36177884615384615	0.3358395989974937	0.19265873015873017	0.4117647058823529	0.18898252184769038	0.23576583801122694	0.18785482562854824	0.3599624060150376	0.15384615384615385	0.4211878926327812	0.5059523809523809	0.2569444444444444	0.24234693877551022	0.38514957264957267	0.4131578947368421	0.44529914529914527	0.32478632478632474	0.2507692307692308	0.26	0.30952380952380953	0.3990857946554149	0.49414414414414415	0.20967741935483872	0.5108342361863489	0.038461538461538464	0.46515679442508706	1.0	0.24074074074074073	0.038461538461538464	0.40192743764172334	0.3076923076923077	0.34077380952380953
sv	0.14814814814814814	0.20925925925925926	0.09259259259259259	0.16666666666666666	0.40100250626566414	0.36786786786786785	0.28453453453453453	0.337280701754386	0.3291473892927958	0.32894736842105265	0.35185185185185186	0.07407407407407407	0.2993506493506493	0.2686932215234102	0.3349743150684932	0.359375	0.31274574049803405	0.24464285714285716	0.21412037037037035	0.12962962962962962	0.1111111111111111	0.39345238095238094	0.3738095238095238	0.30938538205980065	0.2960704607046071	0.35294117647058826	0.23504273504273504	0.018518518518518517	0.26346801346801346	0.24074074074074073	1.0	0.018518518518518517	0.3128306878306878	0.14814814814814814	0.3408312400091345
te	0.0625	0.045454545454545456	0.1	0.05555555555555555	0.023809523809523808	0.014285714285714285	0.03333333333333333	0.013888888888888888	0.017241379310344827	0.013888888888888888	0.02631578947368421	0.125	0.029411764705882353	0.03571428571428571	0.019230769230769232	0.017857142857142856	0.027777777777777776	0.03571428571428571	0.045454545454545456	0.07142857142857142	0.08333333333333333	0.02	0.023809523809523808	0.027777777777777776	0.03333333333333333	0.016129032258064516	0.041666666666666664	0.5	0.038461538461538464	0.038461538461538464	0.018518518518518517	0.5	0.027777777777777776	0.0625	0.023809523809523808
vi	0.2378472222222222	0.3520671834625323	0.1388888888888889	0.2635135135135135	0.3636991028295376	0.2426046176046176	0.4100877192982456	0.2581967213114754	0.29432234432234433	0.26798561151079137	0.3890168970814132	0.1111111111111111	0.46822244289970205	0.43696581196581197	0.3100198412698413	0.2864686468646865	0.4181818181818182	0.32380952380952377	0.3255555555555556	0.21770025839793283	0.16666666666666666	0.31296296296296294	0.46135831381733017	0.4232558139534884	0.4282945736434109	0.27238175675675674	0.3941441441441441	0.027777777777777776	0.38238770685579193	0.40192743764172334	0.3128306878306878	0.027777777777777776	1.0	0.2222222222222222	0.32883986928104575
war	0.3888888888888889	0.36363636363636365	0.3125	0.35	0.19047619047619047	0.11428571428571428	0.26666666666666666	0.1111111111111111	0.13793103448275862	0.1111111111111111	0.21052631578947367	0.16666666666666666	0.23529411764705882	0.2857142857142857	0.15384615384615385	0.14285714285714285	0.2222222222222222	0.2857142857142857	0.36363636363636365	0.3333333333333333	0.375	0.16	0.19047619047619047	0.2222222222222222	0.26666666666666666	0.12903225806451613	0.3333333333333333	0.0625	0.3076923076923077	0.3076923076923077	0.14814814814814814	0.0625	0.2222222222222222	0.5	0.19047619047619047
zh	0.19047619047619047	0.329156223893066	0.11904761904761904	0.22539682539682537	0.32984420642648493	0.3013071895424837	0.40315512708150747	0.28651575763489123	0.30570652173913043	0.2961323392357875	0.3886734976460814	0.09523809523809523	0.3343802345058627	0.35666666666666663	0.4256801048836447	0.375915669108451	0.3937444543034605	0.31719367588932806	0.2896825396825397	0.18085106382978722	0.14670329670329668	0.40719602977667496	0.32984420642648493	0.3906832298136646	0.3777056277056277	0.29957469431153644	0.33361847733105215	0.023809523809523808	0.32688492063492064	0.34077380952380953	0.3408312400091345	0.023809523809523808	0.32883986928104575	0.19047619047619047	1.0
