arz	bs	ceb	ckb	da	de	el	en	es	fr	he	hi	hu	id	it	ja	ko	lv	mk	ml	mr	nl	pl	pt	ro	ru	sh	si	simple	sr	sv	te	vi	war	zh
arz	0.12506254692192192	0.12506254692192192	0.2	0.16669444444444442	0.125031265625	0.125	0.12503124999999998	0.125015625	0.125	0.125015625	0.125	0.3333333333333333	0.12503124999999998	0.12503124999999998	0.125015625	0.125	0.125	0.125	0.125015625	0.16669444444444445	0.16666666666666666	0.125	0.125	0.125031265625	0.125015625	0.125	0.12503124999999998	1.0	0.125	0.125	0.125	1.0	0.125015625	0.14285714285714285	0.125
bs	0.12506254692192192	0.09144938144099128	0.2	0.11119756791358024	0.09098352895870249	0.09092561983471073	0.09105808301710835	0.09098352894214877	0.09093388429752067	0.09096696694214877	0.09094215702479339	0.25	0.09105807476094317	0.09097523140495868	0.09099180171076861	0.0909670000496447	0.0910249754963396	0.09095041322314049	0.10014020028028028	0.1430410819800414	0.16672225	0.09092561983471073	0.0909504132231405	0.09100838030595063	0.09102495062838054	0.09093388429752067	0.09108295100934909	1.0	0.10005001	0.09097525621487605	0.09091735537190082	1.0	0.09097525620661158	0.125	0.09109951295959653
ceb	0.2	0.2	0.2	0.2	0.2	0.2	0.2	0.2	0.2	0.2	0.2	0.5	0.2	0.2	0.2	0.2	0.2	0.2	0.2	0.2	0.2	0.2	0.2	0.2	0.2	0.2	0.2	1.0	0.2	0.2	0.2	1.0	0.2	0.2	0.2
ckb	0.16669444444444442	0.11119756791358024	0.2	0.11122229634569136	0.11113580246913579	0.1111111111111111	0.11114816049382716	0.11113580246913579	0.1111111111111111	0.1111111111111111	0.1111111111111111	0.25	0.11114814814814815	0.11113581481481481	0.1111111111111111	0.11112345679012345	0.1111111111111111	0.11112345679012345	0.125015625	0.14287755102040817	0.2	0.1111111111111111	0.11112345679012345	0.11114816049382717	0.1111111111111111	0.1111111111111111	0.11117287656790122	1.0	0.125	0.11112345679012345	0.1111111111111111	1.0	0.11112345679012345	0.14285714285714285	0.11114817285185186
da	0.125031265625	0.09098352895870249	0.2	0.11113580246913579	0.0477008552661629	0.047623585036283445	0.07145919387755101	0.04763493197505668	0.05263434903047091	0.04762358276643991	0.06666666666666667	0.25	0.06251953515625	0.07692899408284024	0.05556790432407716	0.05263712188365651	0.06251562499999999	0.07143877551020407	0.09090909090909091	0.14287755102040817	0.16669444444444442	0.05555555555555555	0.05555864197530863	0.06668000444444444	0.07145919898469388	0.047619047619047616	0.08338196529168057	1.0	0.08334027777777778	0.07694082840236686	0.050012499999999994	1.0	0.0625078125	0.125	0.0625273515625
de	0.125	0.09092561983471073	0.2	0.1111111111111111	0.047623585036283445	0.02861148416092504	0.06667555555555556	0.0312539072265625	0.041671876737848966	0.0312548837890625	0.05263157894736842	0.25	0.058837370242214526	0.07142857142857142	0.038479300300298815	0.03704389574759945	0.058833913498273355	0.07143367346938775	0.09092561983471073	0.142877571449	0.16666666666666666	0.04167013888888889	0.05000249999999999	0.058833913498273355	0.06668445333333334	0.034485136741973836	0.0833472361250139	1.0	0.07692899408284024	0.07692899408284024	0.038463017751479284	1.0	0.05882698961937716	0.125	0.0500200075050025
el	0.12503124999999998	0.09105808301710835	0.2	0.11114816049382716	0.07145919387755101	0.06667555555555556	0.06688516679429585	0.06667111111111111	0.06667555555555557	0.0666888888888889	0.07143877551020407	0.25006249999999997	0.07698821302958579	0.07695859171597633	0.06670224000444445	0.06669334667556	0.06672003557333334	0.07694675147928993	0.10003000999999999	0.14293879591836736	0.16666666666666666	0.06667111111111111	0.06668	0.07149495924495922	0.07698820713018935	0.06668	0.0834306807224517	1.0	0.08334027777777778	0.0833680694513889	0.06667111111111111	1.0	0.07145919387755101	0.125	0.06673340896005782
en	0.125015625	0.09098352894214877	0.2	0.11113580246913579	0.04763493197505668	0.0312539072265625	0.06667111111111111	0.027899480188427268	0.04167013888888889	0.029421286335641	0.05263434903047091	0.25	0.05884776124567473	0.07144388776531634	0.03848373817308432	0.03705212894375857	0.05884776818340831	0.07144898469387755	0.0909421652892562	0.1429593062450205	0.16666666666666666	0.0400064032	0.04762585487982313	0.058847764709342554	0.06670224890222666	0.03448870511296076	0.08336113196529864	1.0	0.07692307692307693	0.07694084024260356	0.0400048	1.0	0.05556481790432407	0.125	0.050022502499999996
es	0.125	0.09093388429752067	0.2	0.1111111111111111	0.05263434903047091	0.041671876737848966	0.06667555555555557	0.04167013888888889	0.03455901935738663	0.04166840277777777	0.05883045328719723	0.25	0.058847761249134954	0.07143877551020407	0.047639462589573696	0.04547315083058057	0.058844297581318344	0.07692899408284024	0.09090909090909091	0.14285714285714285	0.16666666666666666	0.04762358276643991	0.0526398891966759	0.05884776471627337	0.06667111111111111	0.0400048	0.08336112501390279	1.0	0.07692307692307693	0.07693491124260354	0.045456611570247926	1.0	0.05883045328719723	0.125	0.05558335804322841
fr	0.125015625	0.09096696694214877	0.2	0.1111111111111111	0.04762358276643991	0.0312548837890625	0.0666888888888889	0.029421286335641	0.04166840277777777	0.027866815827399794	0.052645429362880886	0.25006249999999997	0.0588546885882353	0.07142857142857142	0.03847929142011834	0.037049384087791494	0.058851224916955006	0.07143367346938775	0.09091735537190083	0.14289797959183673	0.16669444444444442	0.0400064016	0.04762812018140589	0.05882698961937716	0.06668889777777778	0.03571683673469388	0.08337502083333333	1.0	0.07692899408284024	0.07693491715976332	0.04	1.0	0.055570993827160485	0.125	0.0500300225075
he	0.125	0.09094215702479339	0.2	0.1111111111111111	0.06666666666666667	0.05263157894736842	0.07143877551020407	0.05263434903047091	0.05883045328719723	0.052645429362880886	0.05272592829977673	0.25	0.06668889778222223	0.07143877551020407	0.055567901234567896	0.052642662049861504	0.06251953906249999	0.08334027777777778	0.09092561983471074	0.14285714285714285	0.16666666666666666	0.052645429362880886	0.05882698961937716	0.058830449826989616	0.0714591887755102	0.05555555555555555	0.08338197222916666	1.0	0.07694082840236686	0.07693491124260354	0.05263157894736842	1.0	0.06250390624999999	0.125	0.05884429411764705
hi	0.3333333333333333	0.25	0.5	0.25	0.25	0.25	0.25006249999999997	0.25	0.25	0.25006249999999997	0.25	0.25006249999999997	0.25	0.25	0.25	0.25	0.25	0.25	0.3333333333333333	0.25	0.5	0.25	0.25	0.25	0.25	0.25006249999999997	0.25	1.0	0.3333333333333333	0.25	0.25	1.0	0.25	0.3333333333333333	0.25
hu	0.12503124999999998	0.09105807476094317	0.2	0.11114814814814815	0.06251953515625	0.058837370242214526	0.07698821302958579	0.05884776124567473	0.058847761249134954	0.0588546885882353	0.06668889778222223	0.25	0.05912608726348463	0.07698227219526628	0.06254299610547265	0.06252735938281641	0.06675567567124459	0.08335416666666667	0.09098354552072734	0.14293879591836736	0.16672225	0.0625312617265664	0.06253126171875	0.06673339116894228	0.07149494902555618	0.058830449826989616	0.0834723820695417	1.0	0.0833680625	0.07697044380474558	0.06251171875	1.0	0.0625390781328125	0.125	0.07151540317869914
id	0.12503124999999998	0.09097523140495868	0.2	0.11113581481481481	0.07692899408284024	0.07142857142857142	0.07695859171597633	0.07144388776531634	0.07143877551020407	0.07142857142857142	0.07143877551020407	0.25	0.07698227219526628	0.07157166879672093	0.07145408673469388	0.07142857142857142	0.07146941328573472	0.08334027777777778	0.09092561983471073	0.14291838775510204	0.16666666666666666	0.07143367346938775	0.07143877551020407	0.07146941328573472	0.07146429081632652	0.07144388265306123	0.08339588197918053	1.0	0.07694675147928993	0.07694675147928993	0.07143367346938775	1.0	0.07145408673469388	0.125	0.07146429081632652
it	0.125015625	0.09099180171076861	0.2	0.1111111111111111	0.05556790432407716	0.038479300300298815	0.06670224000444445	0.03848373817308432	0.047639462589573696	0.03847929142011834	0.055567901234567896	0.25	0.06254299610547265	0.07145408673469388	0.038642842554142784	0.041685772574654514	0.05887199655017646	0.07694082840236686	0.09091735537190083	0.14289797961226533	0.16669444444444442	0.04348582419659735	0.05557099383025001	0.06252735939064064	0.07146941838776531	0.04348771266540642	0.08339589590979869	1.0	0.07694674556213017	0.07693491715976332	0.04762358276643991	1.0	0.0625273554765664	0.125	0.05006256254754003
ja	0.125	0.0909670000496447	0.2	0.11112345679012345	0.05263712188365651	0.03704389574759945	0.06669334667556	0.03705212894375857	0.04547315083058057	0.037049384087791494	0.052642662049861504	0.25	0.06252735938281641	0.07142857142857142	0.041685772574654514	0.03581148543712618	0.05884775778546713	0.07692899408284024	0.09092561983471074	0.14287755102040817	0.16666666666666666	0.041673611111111106	0.052637119113573404	0.05883391349480968	0.07145409694387754	0.04166840277777777	0.08335418055555555	1.0	0.07692899408284024	0.07693491715976332	0.043478260869565216	1.0	0.06251562499999999	0.125	0.05003001000249999
ko	0.125	0.0910249754963396	0.2	0.1111111111111111	0.06251562499999999	0.058833913498273355	0.06672003557333334	0.05884776818340831	0.058844297581318344	0.058851224916955006	0.06251953906249999	0.25	0.06675567567124459	0.07146941328573472	0.05887199655017646	0.05884775778546713	0.05581914477472084	0.07694675147928993	0.09095042976861158	0.14300020440869474	0.16666666666666666	0.058833910034602074	0.058851224923878884	0.06253517970313674	0.07150006130104594	0.058833910034602074	0.08340281946529864	1.0	0.0769526745621361	0.07695266863905326	0.058830449826989616	1.0	0.06251562890625	0.125	0.06257041029316437
lv	0.125	0.09095041322314049	0.2	0.11112345679012345	0.07143877551020407	0.07143367346938775	0.07694675147928993	0.07144898469387755	0.07692899408284024	0.07143367346938775	0.08334027777777778	0.25	0.08335416666666667	0.08334027777777778	0.07694082840236686	0.07692899408284024	0.07694675147928993	0.07150517864290308	0.10001999999999998	0.14287755102040817	0.16666666666666666	0.07692307692307693	0.07692899408284024	0.08334722222222221	0.08335416666666667	0.07143367346938775	0.08337501388888888	1.0	0.09092561983471074	0.08334027777777778	0.07692899408284024	1.0	0.08334722222222221	0.125	0.07695859171597633
mk	0.125015625	0.10014020028028028	0.2	0.125015625	0.09090909090909091	0.09092561983471073	0.10003000999999999	0.0909421652892562	0.09090909090909091	0.09091735537190083	0.09092561983471074	0.3333333333333333	0.09098354552072734	0.09092561983471073	0.09091735537190083	0.09092561983471074	0.09095042976861158	0.10001999999999998	0.09109957944002918	0.16675002777777775	0.16666666666666666	0.09090909090909091	0.09091735537190083	0.09092561983471074	0.09096694214876035	0.09091735537190083	0.10007004001001	1.0	0.09091735537190083	0.09092561983471073	0.09091735537190083	1.0	0.09092561983471073	0.125	0.09097524795041323
ml	0.16669444444444445	0.1430410819800414	0.2	0.14287755102040817	0.14287755102040817	0.142877571449	0.14293879591836736	0.1429593062450205	0.14285714285714285	0.14289797959183673	0.14285714285714285	0.25	0.14293879591836736	0.14291838775510204	0.14289797961226533	0.14287755102040817	0.14300020440869474	0.14287755102040817	0.16675002777777775	0.1431845534555893	0.2	0.14287755102040817	0.14287755102040817	0.14287755102040817	0.14291836734693877	0.14285714285714285	0.14300016346963296	1.0	0.16669444444444442	0.14293879591836733	0.14285714285714285	1.0	0.14289795918367348	0.16666666666666666	0.14293881632653063
mr	0.16666666666666666	0.16672225	0.2	0.2	0.16669444444444442	0.16666666666666666	0.16666666666666666	0.16666666666666666	0.16666666666666666	0.16669444444444442	0.16666666666666666	0.5	0.16672225	0.16666666666666666	0.16669444444444442	0.16666666666666666	0.16666666666666666	0.16666666666666666	0.16666666666666666	0.2	0.16672225	0.16666666666666666	0.16669444444444442	0.16666666666666666	0.16669444444444442	0.16666666666666666	0.16669444444444442	1.0	0.16669444444444442	0.16669444444444442	0.16666666666666666	1.0	0.16666666666666666	0.16666666666666666	0.16669444444444442
nl	0.125	0.09092561983471073	0.2	0.1111111111111111	0.05555555555555555	0.04167013888888889	0.06667111111111111	0.0400064032	0.04762358276643991	0.0400064016	0.052645429362880886	0.25	0.0625312617265664	0.07143367346938775	0.04348582419659735	0.041673611111111106	0.058833910034602074	0.07692307692307693	0.09090909090909091	0.14287755102040817	0.16666666666666666	0.040052881724969826	0.05263434903047091	0.058837370242214526	0.0714387806122449	0.043482041587901706	0.08336111805555554	1.0	0.07692899408284024	0.07692307692307693	0.045460743801652895	1.0	0.0625078125	0.125	0.050017505
pl	0.125	0.0909504132231405	0.2	0.11112345679012345	0.05555864197530863	0.05000249999999999	0.06668	0.04762585487982313	0.0526398891966759	0.04762812018140589	0.05882698961937716	0.25	0.06253126171875	0.07143877551020407	0.05557099383025001	0.052637119113573404	0.058851224923878884	0.07692899408284024	0.09091735537190083	0.14287755102040817	0.16669444444444442	0.05263434903047091	0.04770084383955426	0.058833913494809695	0.06671116004002224	0.050004999999999994	0.08337502083333333	1.0	0.07693491124260354	0.07692307692307693	0.050005005005005	1.0	0.05556790741049691	0.125	0.06252735546874999
pt	0.125031265625	0.09100838030595063	0.2	0.11114816049382717	0.06668000444444444	0.058833913498273355	0.07149495924495922	0.058847764709342554	0.05884776471627337	0.05882698961937716	0.058830449826989616	0.25	0.06673339116894228	0.07146941328573472	0.06252735939064064	0.05883391349480968	0.06253517970313674	0.08334722222222221	0.09092561983471074	0.14287755102040817	0.16666666666666666	0.058837370242214526	0.058833913494809695	0.05574447756644678	0.07146940816836735	0.05882698961937716	0.08340282643056944	1.0	0.07693491124260354	0.07695860356213016	0.05882698961937716	1.0	0.06251562890625	0.125	0.06255865240631647
ro	0.125015625	0.09102495062838054	0.2	0.1111111111111111	0.07145919898469388	0.06668445333333334	0.07698820713018935	0.06670224890222666	0.06667111111111111	0.06668889777777778	0.0714591887755102	0.25	0.07149494902555618	0.07146429081632652	0.07146941838776531	0.07145409694387754	0.07150006130104594	0.08335416666666667	0.09096694214876035	0.14291836734693877	0.16669444444444442	0.0714387806122449	0.06671116004002224	0.07146940816836735	0.06692989279293415	0.0666888888888889	0.08343066670138888	1.0	0.07694674556213017	0.07697639057992313	0.06668000444444445	1.0	0.06667555555555557	0.125	0.07153076039820949
ru	0.125	0.09093388429752067	0.2	0.1111111111111111	0.047619047619047616	0.034485136741973836	0.06668	0.03448870511296076	0.0400048	0.03571683673469388	0.05555555555555555	0.25006249999999997	0.058830449826989616	0.07144388265306123	0.04348771266540642	0.04166840277777777	0.058833910034602074	0.07143367346938775	0.09091735537190083	0.14285714285714285	0.16666666666666666	0.043482041587901706	0.050004999999999994	0.05882698961937716	0.0666888888888889	0.03230598966292933	0.08334722222222221	1.0	0.07692899408284024	0.07692307692307693	0.041666666666666664	1.0	0.05882698961937716	0.125	0.05264265927977839
sh	0.12503124999999998	0.09108295100934909	0.2	0.11117287656790122	0.08338196529168057	0.0833472361250139	0.0834306807224517	0.08336113196529864	0.08336112501390279	0.08337502083333333	0.08338197222916666	0.25	0.0834723820695417	0.08339588197918053	0.08339589590979869	0.08335418055555555	0.08340281946529864	0.08337501388888888	0.10007004001001	0.14300016346963296	0.16669444444444442	0.08336111805555554	0.08337502083333333	0.08340282643056944	0.08343066670138888	0.08334722222222221	0.0837099583421888	1.0	0.09094215702479339	0.08338195834027778	0.08334722222222221	1.0	0.08339586805555554	0.125	0.08344457653489605
si	1.0	1.0	1.0	1.0	1.0	1.0	1.0	1.0	1.0	1.0	1.0	1.0	1.0	1.0	1.0	1.0	1.0	1.0	1.0	1.0	1.0	1.0	1.0	1.0	1.0	1.0	1.0	1.0	1.0	1.0	1.0	1.0	1.0	1.0	1.0
simple	0.125	0.10005001	0.2	0.125	0.08334027777777778	0.07692899408284024	0.08334027777777778	0.07692307692307693	0.07692307692307693	0.07692899408284024	0.07694082840236686	0.3333333333333333	0.0833680625	0.07694675147928993	0.07694674556213017	0.07692899408284024	0.0769526745621361	0.09092561983471074	0.09091735537190083	0.16669444444444442	0.16669444444444442	0.07692899408284024	0.07693491124260354	0.07693491124260354	0.07694674556213017	0.07692899408284024	0.09094215702479339	1.0	0.07704159791168706	0.08335418055555555	0.07693491124260354	1.0	0.07693491124260354	0.125	0.07695266863905326
sr	0.125	0.09097525621487605	0.2	0.11112345679012345	0.07694082840236686	0.07692899408284024	0.0833680694513889	0.07694084024260356	0.07693491124260354	0.07693491715976332	0.07693491124260354	0.25	0.07697044380474558	0.07694675147928993	0.07693491715976332	0.07693491715976332	0.07695266863905326	0.08334027777777778	0.09092561983471073	0.14293879591836733	0.16669444444444442	0.07692307692307693	0.07692307692307693	0.07695860356213016	0.07697639057992313	0.07692307692307693	0.08338195834027778	1.0	0.08335418055555555	0.07706538525581363	0.07692307692307693	1.0	0.07694675147928993	0.125	0.0769763728106805
sv	0.125	0.09091735537190082	0.2	0.1111111111111111	0.050012499999999994	0.038463017751479284	0.06667111111111111	0.0400048	0.045456611570247926	0.04	0.05263157894736842	0.25	0.06251171875	0.07143367346938775	0.04762358276643991	0.043478260869565216	0.058830449826989616	0.07692899408284024	0.09091735537190083	0.14285714285714285	0.16666666666666666	0.045460743801652895	0.050005005005005	0.05882698961937716	0.06668000444444445	0.041666666666666664	0.08334722222222221	1.0	0.07693491124260354	0.07692307692307693	0.03707272567491772	1.0	0.05882698961937716	0.125	0.05264265927977839
te	1.0	1.0	1.0	1.0	1.0	1.0	1.0	1.0	1.0	1.0	1.0	1.0	1.0	1.0	1.0	1.0	1.0	1.0	1.0	1.0	1.0	1.0	1.0	1.0	1.0	1.0	1.0	1.0	1.0	1.0	1.0	1.0	1.0	1.0	1.0
vi	0.125015625	0.09097525620661158	0.2	0.11112345679012345	0.0625078125	0.05882698961937716	0.07145919387755101	0.05556481790432407	0.05883045328719723	0.055570993827160485	0.06250390624999999	0.25	0.0625390781328125	0.07145408673469388	0.0625273554765664	0.06251562499999999	0.06251562890625	0.08334722222222221	0.09092561983471073	0.14289795918367348	0.16666666666666666	0.0625078125	0.05556790741049691	0.06251562890625	0.06667555555555557	0.05882698961937716	0.08339586805555554	1.0	0.07693491124260354	0.07694675147928993	0.05882698961937716	1.0	0.05564519464227822	0.125	0.06668888888888888
war	0.14285714285714285	0.125	0.2	0.14285714285714285	0.125	0.125	0.125	0.125	0.125	0.125	0.125	0.3333333333333333	0.125	0.125	0.125	0.125	0.125	0.125	0.125	0.16666666666666666	0.16666666666666666	0.125	0.125	0.125	0.125	0.125	0.125	1.0	0.125	0.125	0.125	1.0	0.125	0.125	0.125
zh	0.125	0.09109951295959653	0.2	0.11114817285185186	0.0625273515625	0.0500200075050025	0.06673340896005782	0.050022502499999996	0.05558335804322841	0.0500300225075	0.05884429411764705	0.25	0.07151540317869914	0.07146429081632652	0.05006256254754003	0.05003001000249999	0.06257041029316437	0.07695859171597633	0.09097524795041323	0.14293881632653063	0.16669444444444442	0.050017505	0.06252735546874999	0.06255865240631647	0.07153076039820949	0.05264265927977839	0.08344457653489605	1.0	0.07695266863905326	0.0769763728106805	0.05264265927977839	1.0	0.06668888888888888	0.125	0.04791332801548344
