arz	bs	ceb	ckb	da	de	el	en	es	fr	he	hi	hu	id	it	ja	ko	lv	mk	ml	mr	nl	pl	pt	ro	ru	sh	si	simple	sr	sv	te	tr	vi	war	zh
arz	0.0	0.0	0.0	0.0	0.0	0.0	0.0	0.0	0.0	0.0	0.0	0.0	0.0	0.0	0.0	0.0	0.0	0.0	0.0	0.0	0.0	0.0	0.0	0.0	0.0	0.0	0.0	0.0	0.0	0.0	0.0	0.0	0.0	0.0	0.0	0.0
bs	0.0	1.0	0.0	0.0	0.0035460992907801418	0.0003183699458771092	0.0	0.0007233273056057866	0.00044682752457551384	0.002178649237472767	0.0	0.0	0.003381642512077295	0.0024242424242424242	0.0022506925207756235	0.0	0.0	0.001049317943336831	0.0	0.0	0.0	0.0024088093599449415	0.000944733112895607	0.0019029495718363464	0.006178707224334601	0.0	0.0026346604215456673	0.0	0.0026761819803746653	0.0006491398896462187	0.0018814675446848542	0.0	0.0	0.004101722723543888	0.002570694087403599	0.0
ceb	0.0	0.0	0.0	0.0	0.0	0.0	0.0	0.0	0.0	0.0	0.0	0.0	0.0	0.0	0.0	0.0	0.0	0.0	0.0	0.0	0.0	0.0	0.0	0.0	0.0	0.0	0.0	0.0	0.0	0.0	0.0	0.0	-1.0	0.0	0.0	0.0
ckb	0.0	0.0	0.0	0.0	0.0	0.0	0.0	0.0	0.0	0.0	0.0	0.0	0.0	0.0	0.0	0.0	0.0	0.0	0.0	0.0	0.0	0.0	0.0	0.0	0.0	0.0	0.0	0.0	0.0	0.0	0.0	0.0	0.0	0.0	0.0	0.0
da	0.0	0.0035460992907801418	0.0	0.0	1.0	0.0007358351729212656	0.0	0.00018544847623168696	0.0005506607929515419	0.0004789272030651341	0.0	0.0	0.0012099213551119178	0.0029225523623964927	0.0003727865796831314	0.0	0.0	0.0	0.0	0.0	0.0	0.00040160642570281126	0.0002621231979030144	0.0029779630732578916	0.002365464222353637	0.0	0.0003112356053532524	0.0	0.002857142857142857	0.0005225570458108344	0.0011723329425556857	0.0	0.0	0.0009881422924901185	0.0	0.0
de	0.0	0.0003183699458771092	0.0	0.0	0.0007358351729212656	1.0	0.0	0.0028116213683223993	0.00104629871828407	0.0014565463667260074	0.0	0.0	0.001366120218579235	0.0027106949236076886	0.002173617714984377	0.0	0.0	0.0007874015748031496	0.0	0.0	0.0	0.001557632398753894	0.002581311306143521	0.001084010840108401	0.0010807889759524452	0.0	0.0014241633040588653	0.0	0.0	0.0011620400258231117	0.0010770059235325794	0.0	0.0	0.0019860973187686196	0.0	0.0
el	0.0	0.0	0.0	0.0	0.0	0.0	0.0	0.0	0.0	0.0	0.0	0.0	0.0	0.0	0.0	0.0	0.0	0.0	0.0	0.0	0.0	0.0	0.0	0.0	0.0	0.0	0.0	0.0	0.0	0.0	0.0	0.0	0.0	0.0	0.0	0.0
en	0.0	0.0007233273056057866	0.0	0.0	0.00018544847623168696	0.0028116213683223993	0.0	1.0	0.002203026262392023	0.0046530653985785144	0.0	0.0	0.002047981275599766	0.003032730601968414	0.006715624698038458	0.0	0.0	0.00018751171948246765	0.0	0.0	0.0	0.0029035680384164385	0.004269943761716309	0.0013425952950790964	0.0015754463764733342	0.0	0.0033907624633431085	0.0	0.0004330343334364367	0.0036903860711582134	0.0012823501981813943	0.0	0.0016501650165016502	0.002061855670103093	0.0	0.0
es	0.0	0.00044682752457551384	0.0	0.0	0.0005506607929515419	0.00104629871828407	0.0	0.002203026262392023	1.0	0.0018957345971563982	0.0	0.0	0.002540834845735027	0.001265022137887413	0.0027881040892193307	0.0	0.0	0.0	0.0	0.0	0.0	0.001949317738791423	0.003669724770642202	0.0007171029042667623	0.0007142857142857143	0.0006807351940095302	0.000796918581484925	0.0	0.0	0.0007303534910896875	0.0032074126870990736	0.0	0.0	0.001278363694471077	0.0	0.0
fr	0.0	0.002178649237472767	0.0	0.0	0.0004789272030651341	0.0014565463667260074	0.0	0.0046530653985785144	0.0018957345971563982	1.0	0.0	0.0	0.0007814026176987692	0.001994198694706309	0.0028376844494892167	0.0	0.0	0.00025006251562890725	0.0	0.0	0.0	0.004043807919123841	0.003305785123966942	0.0003883495145631068	0.0013576415826221878	0.0	0.001822231220894918	0.0	0.0007199424046076314	0.0016309666195498532	0.0007733952049497294	0.0	0.0	0.0021889821233126595	0.0	0.0
he	0.0	0.0	0.0	0.0	0.0	0.0	0.0	0.0	0.0	0.0	1.0	0.0	0.0	0.0	0.0	0.0	0.0	0.0	0.0	0.0	0.0	0.0	0.0	0.0	0.0	0.0	0.0	0.0	0.0	0.0	0.0	0.0	0.0	0.0	0.0	0.0
hi	0.0	0.0	0.0	0.0	0.0	0.0	0.0	0.0	0.0	0.0	0.0	0.0	0.0	0.0	0.0	0.0	0.0	0.0	0.0	0.0	0.0	0.0	0.0	0.0	0.0	0.0	0.0	0.0	0.0	0.0	0.0	0.0	0.0	0.0	0.0	0.0
hu	0.0	0.003381642512077295	0.0	0.0	0.0012099213551119178	0.001366120218579235	0.0	0.002047981275599766	0.002540834845735027	0.0007814026176987692	0.0	0.0	1.0	0.0036752422318743734	0.003019227713332274	0.0	0.0	0.0006775067750677507	0.0	0.0	0.0	0.001457301078402798	0.002737994945240101	0.0015238095238095239	0.0034207525655644243	0.0	0.0013581420616596495	0.0	0.0018248175182481751	0.0010475905417539658	0.0015100037750094375	0.0	0.0	0.003038487508440243	0.0	0.0
id	0.0	0.0024242424242424242	0.0	0.0	0.0029225523623964927	0.0027106949236076886	0.0	0.003032730601968414	0.001265022137887413	0.001994198694706309	0.0	0.0	0.0036752422318743734	1.0	0.003136669156086632	0.0	0.0	0.0	0.0	0.0	0.0	0.0023492560689115116	0.003692188107267781	0.0019821605550049554	0.003626772172766238	0.0	0.0011585993820803296	0.0	0.00293398533007335	0.0018361581920903955	0.0042706964520367935	0.0	0.0	0.0020783847980997625	0.0	0.0
it	0.0	0.0022506925207756235	0.0	0.0	0.0003727865796831314	0.002173617714984377	0.0	0.006715624698038458	0.0027881040892193307	0.0028376844494892167	0.0	0.0	0.003019227713332274	0.003136669156086632	1.0	0.0	0.0	0.0005784805244890089	0.0	0.0	0.0	0.0035097571248069634	0.004505038529934795	0.0009471191791633781	0.0026835043409629044	0.0	0.0020791900198879045	0.0	0.0007469654528478057	0.0017336030049118752	0.0012584552461853075	0.0	0.004761904761904762	0.003152206544581207	0.0	0.0
ja	0.0	0.0	0.0	0.0	0.0	0.0	0.0	0.0	0.0	0.0	0.0	0.0	0.0	0.0	0.0	1.0	0.0	0.0	0.0	0.0	0.0	0.0	0.0	0.0	0.0	0.0	0.0	0.0	0.0	0.0	0.0	0.0	0.0	0.0	0.0	0.0
ko	0.0	0.0	0.0	0.0	0.0	0.0	0.0	0.0	0.0	0.0	0.0	0.0	0.0	0.0	0.0	0.0	0.0	0.0	0.0	0.0	0.0	0.0	0.0	0.0	0.0	0.0	0.0	0.0	0.0	0.0	0.0	0.0	0.0	0.0	0.0	0.0
lv	0.0	0.001049317943336831	0.0	0.0	0.0	0.0007874015748031496	0.0	0.00018751171948246765	0.0	0.00025006251562890725	0.0	0.0	0.0006775067750677507	0.0	0.0005784805244890089	0.0	0.0	1.0	0.0	0.0	0.0	0.00043252595155709344	0.0008253094910591472	0.000664451827242525	0.0013201320132013201	0.0	0.00016002560409665546	0.0	0.0	0.00017969451931716083	0.004596191726854892	0.0	0.0	0.0010834236186348862	0.0	0.0
mk	0.0	0.0	0.0	0.0	0.0	0.0	0.0	0.0	0.0	0.0	0.0	0.0	0.0	0.0	0.0	0.0	0.0	0.0	0.0	0.0	0.0	0.0	0.0	0.0	0.0	0.0	0.0	0.0	0.0	0.0	0.0	0.0	0.0	0.0	0.0	0.0
ml	0.0	0.0	0.0	0.0	0.0	0.0	0.0	0.0	0.0	0.0	0.0	0.0	0.0	0.0	0.0	0.0	0.0	0.0	0.0	0.0	0.0	0.0	0.0	0.0	0.0	0.0	0.0	0.0	0.0	0.0	0.0	0.0	0.0	0.0	0.0	0.0
mr	0.0	0.0	0.0	0.0	0.0	0.0	0.0	0.0	0.0	0.0	0.0	0.0	0.0	0.0	0.0	0.0	0.0	0.0	0.0	0.0	0.0	0.0	0.0	0.0	0.0	0.0	0.0	0.0	0.0	0.0	0.0	0.0	0.0	0.0	0.0	0.0
nl	0.0	0.0024088093599449415	0.0	0.0	0.00040160642570281126	0.001557632398753894	0.0	0.0029035680384164385	0.001949317738791423	0.004043807919123841	0.0	0.0	0.001457301078402798	0.0023492560689115116	0.0035097571248069634	0.0	0.0	0.00043252595155709344	0.0	0.0	0.0	1.0	0.0026872088857040487	0.0011557353366079169	0.001729106628242075	0.0	0.0009754907938056335	0.0	0.0008061265618702137	0.001863932898415657	0.0008605851979345956	0.0	0.000974184120798831	0.0013150973172014729	0.0	0.0
pl	0.0	0.000944733112895607	0.0	0.0	0.0002621231979030144	0.002581311306143521	0.0	0.004269943761716309	0.003669724770642202	0.003305785123966942	0.0	0.0	0.002737994945240101	0.003692188107267781	0.004505038529934795	0.0	0.0	0.0008253094910591472	0.0	0.0	0.0	0.0026872088857040487	1.0	0.001254180602006689	0.0027151211361737676	0.0	0.0017862771881895555	0.0	0.0007884362680683311	0.0022650056625141564	0.002290235269623152	0.0	0.0	0.0037160179933502834	0.0	0.0
pt	0.0	0.0019029495718363464	0.0	0.0	0.0029779630732578916	0.001084010840108401	0.0	0.0013425952950790964	0.0007171029042667623	0.0003883495145631068	0.0	0.0	0.0015238095238095239	0.0019821605550049554	0.0009471191791633781	0.0	0.0	0.000664451827242525	0.0	0.0	0.0	0.0011557353366079169	0.001254180602006689	1.0	0.00150093808630394	0.0	0.002437703141928494	0.0	0.0011947431302270011	0.0014907573047107932	0.0018677624206200972	0.0	0.008620689655172414	0.00066711140760507	0.0	0.0
ro	0.0	0.006178707224334601	0.0	0.0	0.002365464222353637	0.0010807889759524452	0.0	0.0015754463764733342	0.0007142857142857143	0.0013576415826221878	0.0	0.0	0.0034207525655644243	0.003626772172766238	0.0026835043409629044	0.0	0.0	0.0013201320132013201	0.0	0.0	0.0	0.001729106628242075	0.0027151211361737676	0.00150093808630394	1.0	0.0	0.0025696510684338654	0.0	0.0023767082590612004	0.0011902990626394881	0.0014875418371141688	0.0	0.0	0.003332222592469177	0.0	0.0
ru	0.0	0.0	0.0	0.0	0.0	0.0	0.0	0.0	0.0006807351940095302	0.0	0.0	0.0	0.0	0.0	0.0	0.0	0.0	0.0	0.0	0.0	0.0	0.0	0.0	0.0	0.0	1.0	0.0	0.0	0.0	0.0	0.0	0.0	0.0	0.0	0.0	0.0
sh	0.0	0.0026346604215456673	0.0	0.0	0.0003112356053532524	0.0014241633040588653	0.0	0.0033907624633431085	0.000796918581484925	0.001822231220894918	0.0	0.0	0.0013581420616596495	0.0011585993820803296	0.0020791900198879045	0.0	0.0	0.00016002560409665546	0.0	0.0	0.0	0.0009754907938056335	0.0017862771881895555	0.002437703141928494	0.0025696510684338654	0.0	1.0	0.0	0.0003116235587410408	0.004381352961794602	0.0016185594820609657	0.0	0.0	0.0007753941586973378	0.0	0.0
si	0.0	0.0	0.0	0.0	0.0	0.0	0.0	0.0	0.0	0.0	0.0	0.0	0.0	0.0	0.0	0.0	0.0	0.0	0.0	0.0	0.0	0.0	0.0	0.0	0.0	0.0	0.0	0.0	0.0	0.0	0.0	0.0	0.0	0.0	0.0	0.0
simple	0.0	0.0026761819803746653	0.0	0.0	0.002857142857142857	0.0	0.0	0.0004330343334364367	0.0	0.0007199424046076314	0.0	0.0	0.0018248175182481751	0.00293398533007335	0.0007469654528478057	0.0	0.0	0.0	0.0	0.0	0.0	0.0008061265618702137	0.0007884362680683311	0.0011947431302270011	0.0023767082590612004	0.0	0.0003116235587410408	0.0	1.0	0.0005232862375719519	0.0017678255745433118	0.0	0.0	0.0019860973187686196	0.0	0.0
sr	0.0	0.0006491398896462187	0.0	0.0	0.0005225570458108344	0.0011620400258231117	0.0	0.0036903860711582134	0.0007303534910896875	0.0016309666195498532	0.0	0.0	0.0010475905417539658	0.0018361581920903955	0.0017336030049118752	0.0	0.0	0.00017969451931716083	0.0	0.0	0.0	0.001863932898415657	0.0022650056625141564	0.0014907573047107932	0.0011902990626394881	0.0	0.004381352961794602	0.0	0.0005232862375719519	1.0	0.0025278810408921933	0.0	0.0	0.0009924854671770878	0.0	0.0
sv	0.0	0.0018814675446848542	0.0	0.0	0.0011723329425556857	0.0010770059235325794	0.0	0.0012823501981813943	0.0032074126870990736	0.0007733952049497294	0.0	0.0	0.0015100037750094375	0.0042706964520367935	0.0012584552461853075	0.0	0.0	0.004596191726854892	0.0	0.0	0.0	0.0008605851979345956	0.002290235269623152	0.0018677624206200972	0.0014875418371141688	0.0	0.0016185594820609657	0.0	0.0017678255745433118	0.0025278810408921933	1.0	0.0	0.027777777777777776	0.0013245033112582781	0.0	0.0
te	0.0	0.0	0.0	0.0	0.0	0.0	0.0	0.0	0.0	0.0	0.0	0.0	0.0	0.0	0.0	0.0	0.0	0.0	0.0	0.0	0.0	0.0	0.0	0.0	0.0	0.0	0.0	0.0	0.0	0.0	0.0	0.0	0.0	0.0	0.0	0.0
tr	0.0	0.0	-1.0	0.0	0.0	0.0	0.0	0.0016501650165016502	0.0	0.0	0.0	0.0	0.0	0.0	0.004761904761904762	0.0	0.0	0.0	0.0	0.0	0.0	0.000974184120798831	0.0	0.008620689655172414	0.0	0.0	0.0	0.0	0.0	0.0	0.027777777777777776	0.0	1.0	0.0	0.0	0.0
vi	0.0	0.004101722723543888	0.0	0.0	0.0009881422924901185	0.0019860973187686196	0.0	0.002061855670103093	0.001278363694471077	0.0021889821233126595	0.0	0.0	0.003038487508440243	0.0020783847980997625	0.003152206544581207	0.0	0.0	0.0010834236186348862	0.0	0.0	0.0	0.0013150973172014729	0.0037160179933502834	0.00066711140760507	0.003332222592469177	0.0	0.0007753941586973378	0.0	0.0019860973187686196	0.0009924854671770878	0.0013245033112582781	0.0	0.0	1.0	0.0	0.0
war	0.0	0.002570694087403599	0.0	0.0	0.0	0.0	0.0	0.0	0.0	0.0	0.0	0.0	0.0	0.0	0.0	0.0	0.0	0.0	0.0	0.0	0.0	0.0	0.0	0.0	0.0	0.0	0.0	0.0	0.0	0.0	0.0	0.0	0.0	0.0	1.0	0.0
zh	0.0	0.0	0.0	0.0	0.0	0.0	0.0	0.0	0.0	0.0	0.0	0.0	0.0	0.0	0.0	0.0	0.0	0.0	0.0	0.0	0.0	0.0	0.0	0.0	0.0	0.0	0.0	0.0	0.0	0.0	0.0	0.0	0.0	0.0	0.0	0.0
