arz	bs	ceb	ckb	da	de	el	en	es	fr	he	hi	hu	id	it	ja	ko	lv	mk	ml	mr	nl	pl	pt	ro	ru	sh	si	simple	sr	sv	te	tr	vi	war	zh
arz	0.5	0.125	0.0	0.1	0.09090909090909091	0.015873015873015872	0.1	0.0072992700729927005	0.0196078431372549	0.014084507042253521	0.03125	0.07142857142857142	0.05	0.08333333333333333	0.02127659574468085	0.017857142857142856	0.023809523809523808	0.14285714285714285	0.125	0.2	0.3333333333333333	0.023255813953488372	0.02702702702702703	0.022727272727272728	0.07692307692307693	0.01694915254237288	0.125	0.125	0.07692307692307693	0.0625	0.03225806451612903	0.5	0.05555555555555555	0.0625	0.25	0.02
bs	0.125	1.0	0.013888888888888888	0.0005773672055427252	0.002886836027713626	0.21487975631034253	0.04708627510807437	0.14282255638637015	0.08875654529621553	0.3632003978533946	0.0074455899198167235	0.0005773672055427252	0.042677435603508763	0.029229499116346692	0.04084424888413157	0.037069329474587416	0.044620066334007405	0.0005773672055427252	0.48385236447520186	0.0005773672055427252	0.1875	0.509935508927107	0.46308490629027405	0.46252478819250886	0.06938369204704678	0.4674212800954711	0.427881568260674	0.1875	0.0023094688221709007	0.5040278254381719	0.03859474827747797	0.125	0.18421052631578946	0.07562946729096187	0.25	0.27377784269360395
ceb	0.0	0.013888888888888888	0.5	0.0	0.0048543689320388345	0.0011389521640091116	0.0	0.00035587188612099647	0.0007639419404125286	0.0003184713375796178	0.0038461538461538464	0.006756756756756757	0.0033783783783783786	0.004651162790697674	0.0015772870662460567	0.0034482758620689655	0.005235602094240838	0.00819672131147541	0.006666666666666667	0.009615384615384616	0.0	0.001006036217303823	0.0022026431718061676	0.002070393374741201	0.006493506493506494	0.0014749262536873156	0.005434782608695652	0.02702702702702703	0.006756756756756757	0.0037593984962406013	0.001838235294117647	0.0	-1.0	0.006993006993006993	0.038461538461538464	0.002631578947368421
ckb	0.1	0.0005773672055427252	0.0	0.5	0.0	0.0012853470437017994	0.006329113924050633	0.001953125	0.0	0.0008278145695364238	0.0	0.0	0.0	0.0	0.0	0.006578947368421052	0.0	0.0	0.0005952380952380953	0.0	0.15	0.0005868544600938967	0.0006031363088057901	0.0006075334143377885	0.0	0.0005980861244019139	0.0006915629322268327	0.15	0.0	0.000580046403712297	0.007142857142857143	0.1	0.2	0.0	0.2	0.0010245901639344263
da	0.09090909090909091	0.002886836027713626	0.0048543689320388345	0.0	0.5	0.005128205128205128	0.012195121951219513	0.007782101167315175	0.012195121951219513	0.003305785123966942	0.06818181818181818	0.1	0.019736842105263157	0.018518518518518517	0.02247191011235955	0.025974025974025976	0.024390243902439025	0.1	0.0017814726840855108	0.1	0.13636363636363635	0.0023446658851113715	0.0024096385542168677	0.0024271844660194173	0.01293103448275862	0.0023894862604540022	0.0020689655172413794	0.13636363636363635	0.14285714285714285	0.002317497103128621	0.020833333333333332	0.09090909090909091	0.13043478260869565	0.015151515151515152	0.18181818181818182	0.00408997955010225
de	0.015873015873015872	0.21487975631034253	0.0011389521640091116	0.0012853470437017994	0.005128205128205128	1.0	0.09897890850562019	0.24840032538432075	0.18165201354150878	0.1783256990977362	0.023017902813299233	0.0012853470437017994	0.09008461675603768	0.06238089338076948	0.09493362432935397	0.09462915601023018	0.09972769417998356	0.0012853470437017994	0.21536670547147846	0.0012853470437017994	0.023809523809523808	0.21469308658755373	0.2265175763639748	0.23011841119070287	0.14549906428635714	0.20359355538451535	0.1718033648657228	0.023809523809523808	0.005141388174807198	0.21454481413104712	0.08880589107861836	0.015873015873015872	0.1044776119402985	0.15901537291428988	0.031746031746031744	0.18135568368911595
el	0.1	0.04708627510807437	0.0	0.006329113924050633	0.012195121951219513	0.09897890850562019	1.0	0.15646833446022088	0.188687648456057	0.06352229164613173	0.026595744680851064	0.006329113924050633	0.24980480600539018	0.20706182235944567	0.1011146813774277	0.16932246493575642	0.21624040920716114	0.006329113924050633	0.04702380952380952	0.006329113924050633	0.15	0.047276439681012986	0.04836375884911804	0.047469063179652125	0.2438651898804068	0.040859625223261586	0.05019269491732774	0.15	0.006097560975609756	0.04687886605155149	0.15551277994585663	0.1	0.2	0.19442815249266862	0.2	0.07435838941485114
en	0.0072992700729927005	0.14282255638637015	0.00035587188612099647	0.001953125	0.007782101167315175	0.24840032538432075	0.15646833446022088	1.0	0.2825518118822449	0.1791326815911764	0.0390625	0.001953125	0.15472818887393097	0.10409455440717628	0.14965780617839453	0.14890701505801865	0.16699499763791545	0.001953125	0.13646922183507548	0.001953125	0.010948905109489052	0.14427621755794157	0.15213278958939647	0.15112366564704413	0.2680979461130742	0.1331875782981594	0.14428371336632917	0.010948905109489052	0.0078125	0.13899858886194696	0.12040765484588571	0.0072992700729927005	0.06569343065693431	0.26394957757357623	0.014598540145985401	0.1894454645843335
es	0.0196078431372549	0.08875654529621553	0.0007639419404125286	0.0	0.012195121951219513	0.18165201354150878	0.188687648456057	0.2825518118822449	1.0	0.12573367360338852	0.03823529411764706	0.003067484662576687	0.2153994258040913	0.1524390243902439	0.15706806282722513	0.17897727272727273	0.23274712404843312	0.003067484662576687	0.09069493521790342	0.003067484662576687	0.029411764705882353	0.09092663262251181	0.09759036144578313	0.09613059250302297	0.32625772066148634	0.08013937282229965	0.09477309301986697	0.029411764705882353	0.012269938650306749	0.08772935779816514	0.14612165636453148	0.0196078431372549	0.12727272727272726	0.3279453038621824	0.0392156862745098	0.14770761499480095
fr	0.014084507042253521	0.3632003978533946	0.0003184713375796178	0.0008278145695364238	0.003305785123966942	0.1783256990977362	0.06352229164613173	0.1791326815911764	0.12573367360338852	1.0	0.011475409836065573	0.0008278145695364238	0.06190008766227266	0.04206973846545103	0.0590676769252732	0.05739738430315201	0.06791083094113397	0.0008278145695364238	0.33371824480369516	0.0008278145695364238	0.02112676056338028	0.363910655621564	0.35721510925099326	0.35737177117587254	0.10358006738272814	0.33293609658718587	0.403111403528347	0.02112676056338028	0.0033112582781456954	0.3428026224713646	0.055304651225305604	0.014084507042253521	0.10135135135135136	0.10175683325724838	0.028169014084507043	0.3942841250452087
he	0.03125	0.0074455899198167235	0.0038461538461538464	0.0	0.06818181818181818	0.023017902813299233	0.026595744680851064	0.0390625	0.03823529411764706	0.011475409836065573	1.0	0.025	0.022222222222222223	0.014492753623188406	0.08695652173913043	0.07142857142857142	0.04891304347826087	0.025	0.007674144037780401	0.025	0.046875	0.007566938300349243	0.012062726176115802	0.011529126213592233	0.027559055118110236	0.011961722488038277	0.006130790190735695	0.046875	0.045454545454545456	0.007479861910241657	0.03571428571428571	0.03125	0.125	0.024305555555555556	0.0625	0.01417004048582996
hi	0.07142857142857142	0.0005773672055427252	0.006756756756756757	0.0	0.1	0.0012853470437017994	0.006329113924050633	0.001953125	0.003067484662576687	0.0008278145695364238	0.025	0.5	0.006756756756756757	0.00980392156862745	0.005681818181818182	0.006578947368421052	0.006172839506172839	0.5	0.0005952380952380953	0.5	0.10714285714285714	0.0005868544600938967	0.0006031363088057901	0.0006075334143377885	0.0043859649122807015	0.0005980861244019139	0.0	0.10714285714285714	0.125	0.000580046403712297	0.007142857142857143	0.07142857142857142	0.16666666666666666	0.003816793893129771	0.14285714285714285	0.0010245901639344263
hu	0.05	0.042677435603508763	0.0033783783783783786	0.0	0.019736842105263157	0.09008461675603768	0.24980480600539018	0.15472818887393097	0.2153994258040913	0.06190008766227266	0.022222222222222223	0.006756756756756757	1.0	0.3058131998895051	0.13435650411734432	0.2025320235287092	0.4237257286107796	0.006756756756756757	0.042111506524317915	0.006756756756756757	0.075	0.04399430024477289	0.04439141607983179	0.04314404571171583	0.36331031233057137	0.03788889466419484	0.047186544526566676	0.075	0.013157894736842105	0.04230975916874052	0.16901899285589822	0.05	0.13333333333333333	0.26484776141044997	0.1	0.07714087001723093
id	0.08333333333333333	0.029229499116346692	0.004651162790697674	0.0	0.018518518518518517	0.06238089338076948	0.20706182235944567	0.10409455440717628	0.1524390243902439	0.04206973846545103	0.014492753623188406	0.00980392156862745	0.3058131998895051	1.0	0.10110902170465359	0.21708545154292005	0.2807228507553689	0.00980392156862745	0.029726516052318668	0.00980392156862745	0.125	0.029582981767017145	0.030965967406285242	0.030613029868958565	0.2137342406364574	0.026579431726018683	0.03361314971259862	0.125	0.028846153846153848	0.02934137533788916	0.1909153005464481	0.08333333333333333	0.21428571428571427	0.18096598829105104	0.16666666666666666	0.05157357741038943
it	0.02127659574468085	0.04084424888413157	0.0015772870662460567	0.0	0.02247191011235955	0.09493362432935397	0.1011146813774277	0.14965780617839453	0.15706806282722513	0.0590676769252732	0.08695652173913043	0.005681818181818182	0.13435650411734432	0.10110902170465359	1.0	0.19491525423728814	0.13659779170849037	0.005681818181818182	0.041423570595099185	0.005681818181818182	0.031914893617021274	0.04273545197013206	0.050948709293442536	0.04879518072289157	0.12804484140154568	0.04739336492890995	0.03999413554070605	0.031914893617021274	0.022727272727272728	0.04046437668633009	0.14475167028898012	0.02127659574468085	0.15	0.11864406779661017	0.0425531914893617	0.0691699604743083
ja	0.017857142857142856	0.037069329474587416	0.0034482758620689655	0.006578947368421052	0.025974025974025976	0.09462915601023018	0.16932246493575642	0.14890701505801865	0.17897727272727273	0.05739738430315201	0.07142857142857142	0.006578947368421052	0.2025320235287092	0.21708545154292005	0.19491525423728814	1.0	0.2139640176337424	0.006578947368421052	0.03755868544600939	0.006578947368421052	0.026785714285714284	0.037047329550262915	0.045838359469240045	0.04550970873786408	0.16997620116368686	0.0441527446300716	0.037780158278175914	0.026785714285714284	0.01282051282051282	0.036652252587193165	0.22642191226421912	0.017857142857142856	0.1271186440677966	0.14776231144631766	0.03571428571428571	0.0696969696969697
ko	0.023809523809523808	0.044620066334007405	0.005235602094240838	0.0	0.024390243902439025	0.09972769417998356	0.21624040920716114	0.16699499763791545	0.23274712404843312	0.06791083094113397	0.04891304347826087	0.006172839506172839	0.4237257286107796	0.2807228507553689	0.13659779170849037	0.2139640176337424	1.0	0.006172839506172839	0.044326241134751775	0.006172839506172839	0.03571428571428571	0.0452221513671284	0.048302086815090864	0.04929698498893825	0.3338920227804607	0.03992207310285114	0.051158895588923656	0.03571428571428571	0.012048192771084338	0.04394043534368608	0.15844604958585493	0.023809523809523808	0.13829787234042554	0.2739240945063832	0.047619047619047616	0.08327548473769603
lv	0.14285714285714285	0.0005773672055427252	0.00819672131147541	0.0	0.1	0.0012853470437017994	0.006329113924050633	0.001953125	0.003067484662576687	0.0008278145695364238	0.025	0.5	0.006756756756756757	0.00980392156862745	0.005681818181818182	0.006578947368421052	0.006172839506172839	0.5	0.0005952380952380953	0.5	0.21428571428571427	0.0005868544600938967	0.0006031363088057901	0.0006075334143377885	0.0043859649122807015	0.0005980861244019139	0.0	0.21428571428571427	0.125	0.000580046403712297	0.007142857142857143	0.14285714285714285	0.19444444444444445	0.003816793893129771	0.2857142857142857	0.0010245901639344263
mk	0.125	0.48385236447520186	0.006666666666666667	0.0005952380952380953	0.0017814726840855108	0.21536670547147846	0.04702380952380952	0.13646922183507548	0.09069493521790342	0.33371824480369516	0.007674144037780401	0.0005952380952380953	0.042111506524317915	0.029726516052318668	0.041423570595099185	0.03755868544600939	0.044326241134751775	0.0005952380952380953	0.5	0.0005952380952380953	0.1875	0.486013986013986	0.4591954022988506	0.461271676300578	0.0665083135391924	0.4632183908045977	0.4045138888888889	0.1875	0.002380952380952381	0.4838150289017341	0.03909952606635071	0.125	0.2222222222222222	0.07591933570581258	0.25	0.2703016241299304
ml	0.2	0.0005773672055427252	0.009615384615384616	0.0	0.1	0.0012853470437017994	0.006329113924050633	0.001953125	0.003067484662576687	0.0008278145695364238	0.025	0.5	0.006756756756756757	0.00980392156862745	0.005681818181818182	0.006578947368421052	0.006172839506172839	0.5	0.0005952380952380953	0.5	0.3	0.0005868544600938967	0.0006031363088057901	0.0006075334143377885	0.0043859649122807015	0.0005980861244019139	0.0	0.3	0.125	0.000580046403712297	0.007142857142857143	0.2	0.1388888888888889	0.003816793893129771	0.4	0.0010245901639344263
mr	0.3333333333333333	0.1875	0.0	0.15	0.13636363636363635	0.023809523809523808	0.15	0.010948905109489052	0.029411764705882353	0.02112676056338028	0.046875	0.10714285714285714	0.075	0.125	0.031914893617021274	0.026785714285714284	0.03571428571428571	0.21428571428571427	0.1875	0.3	0.5	0.03488372093023256	0.04054054054054054	0.03409090909090909	0.11538461538461539	0.025423728813559324	0.1875	0.1	0.11538461538461539	0.09375	0.04838709677419355	0.3333333333333333	0.08333333333333333	0.09375	0.375	0.03
nl	0.023255813953488372	0.509935508927107	0.001006036217303823	0.0005868544600938967	0.0023446658851113715	0.21469308658755373	0.047276439681012986	0.14427621755794157	0.09092663262251181	0.363910655621564	0.007566938300349243	0.0005868544600938967	0.04399430024477289	0.029582981767017145	0.04273545197013206	0.037047329550262915	0.0452221513671284	0.0005868544600938967	0.486013986013986	0.0005868544600938967	0.03488372093023256	1.0	0.4695733775671366	0.4700640126341818	0.06994174577545534	0.47714830539783226	0.41840150585732777	0.03488372093023256	0.002347417840375587	0.4929022116822377	0.03989493396516845	0.023255813953488372	0.14893617021276595	0.07615260064143671	0.046511627906976744	0.27917472254677983
pl	0.02702702702702703	0.46308490629027405	0.0022026431718061676	0.0006031363088057901	0.0024096385542168677	0.2265175763639748	0.04836375884911804	0.15213278958939647	0.09759036144578313	0.35721510925099326	0.012062726176115802	0.0006031363088057901	0.04439141607983179	0.030965967406285242	0.050948709293442536	0.045838359469240045	0.048302086815090864	0.0006031363088057901	0.4591954022988506	0.0006031363088057901	0.04054054054054054	0.4695733775671366	1.0	0.4897286562777083	0.06985337502772937	0.46424954774264593	0.38692333129296214	0.04054054054054054	0.0024125452352231603	0.4606339929989462	0.04156626506024096	0.02702702702702703	0.125	0.07918586520399602	0.05405405405405406	0.29111215403920804
pt	0.022727272727272728	0.46252478819250886	0.002070393374741201	0.0006075334143377885	0.0024271844660194173	0.23011841119070287	0.047469063179652125	0.15112366564704413	0.09613059250302297	0.35737177117587254	0.011529126213592233	0.0006075334143377885	0.04314404571171583	0.030613029868958565	0.04879518072289157	0.04550970873786408	0.04929698498893825	0.0006075334143377885	0.461271676300578	0.0006075334143377885	0.03409090909090909	0.4700640126341818	0.4897286562777083	1.0	0.06909689377903352	0.4597834870366872	0.38845744401506094	0.03409090909090909	0.002430133657351154	0.4605001678920443	0.041868932038834954	0.022727272727272728	0.17391304347826086	0.07910473408368417	0.045454545454545456	0.29125517910526044
ro	0.07692307692307693	0.06938369204704678	0.006493506493506494	0.0	0.01293103448275862	0.14549906428635714	0.2438651898804068	0.2680979461130742	0.32625772066148634	0.10358006738272814	0.027559055118110236	0.0043859649122807015	0.36331031233057137	0.2137342406364574	0.12804484140154568	0.16997620116368686	0.3338920227804607	0.0043859649122807015	0.0665083135391924	0.0043859649122807015	0.11538461538461539	0.06994174577545534	0.06985337502772937	0.06909689377903352	1.0	0.05422801394627342	0.07935722324534479	0.11538461538461539	0.013043478260869565	0.06763225428761936	0.1446144296527622	0.07692307692307693	0.23809523809523808	0.4062529000915925	0.15384615384615385	0.11996654399464704
ru	0.01694915254237288	0.4674212800954711	0.0014749262536873156	0.0005980861244019139	0.0023894862604540022	0.20359355538451535	0.040859625223261586	0.1331875782981594	0.08013937282229965	0.33293609658718587	0.011961722488038277	0.0005980861244019139	0.03788889466419484	0.026579431726018683	0.04739336492890995	0.0441527446300716	0.03992207310285114	0.0005980861244019139	0.4632183908045977	0.0005980861244019139	0.025423728813559324	0.47714830539783226	0.46424954774264593	0.4597834870366872	0.05422801394627342	1.0	0.3881072172478229	0.025423728813559324	0.0023923444976076554	0.4650921127307486	0.041414562757721825	0.01694915254237288	0.12096774193548387	0.0629157165668925	0.03389830508474576	0.2692202888619593
sh	0.125	0.427881568260674	0.005434782608695652	0.0006915629322268327	0.0020689655172413794	0.1718033648657228	0.05019269491732774	0.14428371336632917	0.09477309301986697	0.403111403528347	0.006130790190735695	0.0	0.047186544526566676	0.03361314971259862	0.03999413554070605	0.037780158278175914	0.051158895588923656	0.0	0.4045138888888889	0.0	0.1875	0.41840150585732777	0.38692333129296214	0.38845744401506094	0.07935722324534479	0.3881072172478229	1.0	0.1875	0.001379310344827586	0.42175533436980617	0.04099888567375299	0.125	0.2222222222222222	0.08253827658190968	0.25	0.3160275015180694
si	0.125	0.1875	0.02702702702702703	0.15	0.13636363636363635	0.023809523809523808	0.15	0.010948905109489052	0.029411764705882353	0.02112676056338028	0.046875	0.10714285714285714	0.075	0.125	0.031914893617021274	0.026785714285714284	0.03571428571428571	0.21428571428571427	0.1875	0.3	0.1	0.03488372093023256	0.04054054054054054	0.03409090909090909	0.11538461538461539	0.025423728813559324	0.1875	0.5	0.11538461538461539	0.09375	0.04838709677419355	0.125	0.08333333333333333	0.09375	0.2	0.03
simple	0.07692307692307693	0.0023094688221709007	0.006756756756756757	0.0	0.14285714285714285	0.005141388174807198	0.006097560975609756	0.0078125	0.012269938650306749	0.0033112582781456954	0.045454545454545456	0.125	0.013157894736842105	0.028846153846153848	0.022727272727272728	0.01282051282051282	0.012048192771084338	0.125	0.002380952380952381	0.125	0.11538461538461539	0.002347417840375587	0.0024125452352231603	0.002430133657351154	0.013043478260869565	0.0023923444976076554	0.001379310344827586	0.11538461538461539	0.5	0.002320185614849188	0.02112676056338028	0.07692307692307693	0.20454545454545456	0.011363636363636364	0.15384615384615385	0.004098360655737705
sr	0.0625	0.5040278254381719	0.0037593984962406013	0.000580046403712297	0.002317497103128621	0.21454481413104712	0.04687886605155149	0.13899858886194696	0.08772935779816514	0.3428026224713646	0.007479861910241657	0.000580046403712297	0.04230975916874052	0.02934137533788916	0.04046437668633009	0.036652252587193165	0.04394043534368608	0.000580046403712297	0.4838150289017341	0.000580046403712297	0.09375	0.4929022116822377	0.4606339929989462	0.4605001678920443	0.06763225428761936	0.4650921127307486	0.42175533436980617	0.09375	0.002320185614849188	1.0	0.038222849108539285	0.0625	0.20833333333333334	0.07541166763033631	0.125	0.2725103693068517
sv	0.03225806451612903	0.03859474827747797	0.001838235294117647	0.007142857142857143	0.020833333333333332	0.08880589107861836	0.15551277994585663	0.12040765484588571	0.14612165636453148	0.055304651225305604	0.03571428571428571	0.007142857142857143	0.16901899285589822	0.1909153005464481	0.14475167028898012	0.22642191226421912	0.15844604958585493	0.007142857142857143	0.03909952606635071	0.007142857142857143	0.04838709677419355	0.03989493396516845	0.04156626506024096	0.041868932038834954	0.1446144296527622	0.041414562757721825	0.04099888567375299	0.04838709677419355	0.02112676056338028	0.038222849108539285	1.0	0.03225806451612903	0.18055555555555555	0.12941365979381442	0.06451612903225806	0.06363636363636363
te	0.5	0.125	0.0	0.1	0.09090909090909091	0.015873015873015872	0.1	0.0072992700729927005	0.0196078431372549	0.014084507042253521	0.03125	0.07142857142857142	0.05	0.08333333333333333	0.02127659574468085	0.017857142857142856	0.023809523809523808	0.14285714285714285	0.125	0.2	0.3333333333333333	0.023255813953488372	0.02702702702702703	0.022727272727272728	0.07692307692307693	0.01694915254237288	0.125	0.125	0.07692307692307693	0.0625	0.03225806451612903	0.5	0.05555555555555555	0.0625	0.25	0.02
tr	0.05555555555555555	0.18421052631578946	-1.0	0.2	0.13043478260869565	0.1044776119402985	0.2	0.06569343065693431	0.12727272727272726	0.10135135135135136	0.125	0.16666666666666666	0.13333333333333333	0.21428571428571427	0.15	0.1271186440677966	0.13829787234042554	0.19444444444444445	0.2222222222222222	0.1388888888888889	0.08333333333333333	0.14893617021276595	0.125	0.17391304347826086	0.23809523809523808	0.12096774193548387	0.2222222222222222	0.08333333333333333	0.20454545454545456	0.20833333333333334	0.18055555555555555	0.05555555555555555	1.0	0.18	0.1111111111111111	0.15384615384615385
vi	0.0625	0.07562946729096187	0.006993006993006993	0.0	0.015151515151515152	0.15901537291428988	0.19442815249266862	0.26394957757357623	0.3279453038621824	0.10175683325724838	0.024305555555555556	0.003816793893129771	0.26484776141044997	0.18096598829105104	0.11864406779661017	0.14776231144631766	0.2739240945063832	0.003816793893129771	0.07591933570581258	0.003816793893129771	0.09375	0.07615260064143671	0.07918586520399602	0.07910473408368417	0.4062529000915925	0.0629157165668925	0.08253827658190968	0.09375	0.011363636363636364	0.07541166763033631	0.12941365979381442	0.0625	0.18	1.0	0.125	0.12550023110981365
war	0.25	0.25	0.038461538461538464	0.2	0.18181818181818182	0.031746031746031744	0.2	0.014598540145985401	0.0392156862745098	0.028169014084507043	0.0625	0.14285714285714285	0.1	0.16666666666666666	0.0425531914893617	0.03571428571428571	0.047619047619047616	0.2857142857142857	0.25	0.4	0.375	0.046511627906976744	0.05405405405405406	0.045454545454545456	0.15384615384615385	0.03389830508474576	0.25	0.2	0.15384615384615385	0.125	0.06451612903225806	0.25	0.1111111111111111	0.125	1.0	0.04
zh	0.02	0.27377784269360395	0.002631578947368421	0.0010245901639344263	0.00408997955010225	0.18135568368911595	0.07435838941485114	0.1894454645843335	0.14770761499480095	0.3942841250452087	0.01417004048582996	0.0010245901639344263	0.07714087001723093	0.05157357741038943	0.0691699604743083	0.0696969696969697	0.08327548473769603	0.0010245901639344263	0.2703016241299304	0.0010245901639344263	0.03	0.27917472254677983	0.29111215403920804	0.29125517910526044	0.11996654399464704	0.2692202888619593	0.3160275015180694	0.03	0.004098360655737705	0.2725103693068517	0.06363636363636363	0.02	0.15384615384615385	0.12550023110981365	0.04	1.0
