arz	bs	ceb	ckb	da	de	el	en	es	fr	he	hi	hu	id	it	ja	ko	lv	mk	ml	mr	nl	pl	pt	ro	ru	sh	si	simple	sr	sv	te	tr	vi	war	zh
arz	0.5	0.5	0.0	0.5	0.5	0.5	0.5	0.5	0.5	0.5	0.5	0.5	0.5	0.5	0.5	0.5	0.5	0.5	0.5	0.5	0.5	0.5	0.5	0.5	0.5	0.5	0.5	1.0	0.5	0.5	0.5	0.5	0.5	0.5	0.5	0.5
bs	0.5	0.0012876998047383203	1.0	1.0	0.2	0.002669036987131045	0.012701643074379843	0.004211221600614083	0.006452237252861602	0.001716340511487128	0.07692307692307693	1.0	0.01393126875988681	0.020028445676926607	0.013889853587962962	0.01538508875739645	0.013189131402758736	1.0	0.0011918951132300357	1.0	0.3333333333333333	0.001185779299742304	0.0012288061745256622	0.0012332326609656669	0.009004303179631568	0.001218427475506689	0.0013898213450507897	0.3333333333333333	0.25	0.0011634779868100174	0.014927155491200715	0.5	0.14285714285714285	0.007699355034975566	0.25	0.0020928032379379075
ceb	0.0	1.0	0.3333333333333333	0.0	1.0	0.5	0.0	0.3333333333333333	0.5	1.0	0.5	0.5	1.0	0.5	0.5	0.5	0.5	1.0	1.0	1.0	0.0	1.0	1.0	0.5	0.5	0.5	1.0	0.5	1.0	1.0	1.0	0.0	-1.0	0.5	1.0	0.5
ckb	0.5	1.0	0.0	1.0	0.0	1.0	1.0	1.0	0.0	1.0	0.0	0.0	0.0	0.0	0.0	1.0	0.0	0.0	1.0	0.0	0.3333333333333333	1.0	1.0	1.0	0.0	1.0	1.0	0.3333333333333333	0.0	1.0	1.0	0.5	0.125	0.0	0.25	1.0
da	0.5	0.2	1.0	0.0	0.2	0.25	0.5	0.25	0.25	0.25	0.3333333333333333	1.0	0.3333333333333333	0.5	0.25	0.25	0.25	1.0	0.3333333333333333	1.0	0.3333333333333333	0.25	0.25	0.25	0.3333333333333333	0.25	0.3333333333333333	0.3333333333333333	0.5	0.25	0.3333333333333333	0.5	0.16666666666666666	0.25	0.25	0.25
de	0.5	0.002669036987131045	0.5	1.0	0.25	0.00258945261493238	0.013339914312534043	0.004743517781229781	0.0068027673654495815	0.003865316711817034	0.05555555555555555	1.0	0.014713888193123487	0.020836805989583332	0.013158067867036011	0.013513513513513514	0.013162744807479743	1.0	0.002702702702702703	1.0	0.3333333333333333	0.0026965152754485143	0.002638564198244234	0.002624720138329165	0.009187542396958024	0.0028248906763701366	0.003534230793279976	0.3333333333333333	0.25	0.0026740899296519775	0.01449317370300357	0.5	0.07142857142857142	0.008065752016129033	0.25	0.004291919173313194
el	0.5	0.012701643074379843	0.0	1.0	0.5	0.013339914312534043	0.01305771538651231	0.013604336315000852	0.015152892561983471	0.01359047094888905	0.2	1.0	0.02187083275569406	0.028681235890221046	0.03571683673469388	0.02564497107166338	0.022298522337242062	1.0	0.012658227848101266	1.0	0.3333333333333333	0.012846534621514562	0.012659189232494792	0.012820677186061802	0.01811035537899691	0.014707396193771627	0.014099600295593151	0.3333333333333333	1.0	0.012663356353308926	0.028579593469387755	0.5	0.125	0.01788461168476746	0.25	0.013891396991126929
en	0.5	0.004211221600614083	0.3333333333333333	1.0	0.25	0.004743517781229781	0.013604336315000852	0.004147209458784647	0.006623613174860751	0.004698255370548033	0.05	1.0	0.013776768985085884	0.01966104770976813	0.012661112161512578	0.013160319079120497	0.012556972244612353	1.0	0.00425531914893617	1.0	0.3333333333333333	0.00419896172725446	0.003968710663895187	0.0040166449734681696	0.008922917298035129	0.0043867923977570595	0.004726591492468313	0.3333333333333333	0.25	0.004205338149585342	0.015877803728898965	0.5	0.05555555555555555	0.007648417866853869	0.25	0.004927564804072023
es	0.5	0.006452237252861602	0.5	0.0	0.25	0.0068027673654495815	0.015152892561983471	0.006623613174860751	0.006139300238323423	0.006494265516950582	0.07692307692307693	1.0	0.01408569728228526	0.02	0.016666666666666666	0.015873015873015872	0.012988193793219768	1.0	0.006493506493506494	1.0	0.3333333333333333	0.00641074954799474	0.006172839506172839	0.006289308176100629	0.0091769220609378	0.007246376811594203	0.007092500427543886	0.3333333333333333	0.25	0.006535947712418301	0.019231139053254437	0.5	0.07142857142857142	0.008621061310939357	0.25	0.006756848064280497
fr	0.5	0.001716340511487128	1.0	1.0	0.25	0.003865316711817034	0.01359047094888905	0.004698255370548033	0.006494265516950582	0.001885785844482279	0.07142857142857142	1.0	0.013961626603547696	0.02004450224218459	0.013701445111653218	0.014286326530612242	0.012542181004755935	1.0	0.0017301038062283738	1.0	0.3333333333333333	0.0017000405431629813	0.00167835361588726	0.0016838531924406887	0.008979724180238784	0.0017428646943237378	0.0017323181226311715	0.3333333333333333	0.25	0.0017012414694948892	0.014929161283582308	0.5	0.06666666666666667	0.008142593792039476	0.25	0.0020847188896099085
he	0.5	0.07692307692307693	0.5	0.0	0.3333333333333333	0.05555555555555555	0.2	0.05	0.07692307692307693	0.07142857142857142	0.050004999999999994	1.0	0.25	0.5	0.0625	0.08333333333333333	0.1111111111111111	1.0	0.07692307692307693	1.0	0.3333333333333333	0.07692307692307693	0.05	0.05263157894736842	0.14285714285714285	0.05	0.1111111111111111	0.3333333333333333	0.5	0.07692307692307693	0.16666666666666666	0.5	0.1	0.14285714285714285	0.25	0.07142857142857142
hi	0.5	1.0	0.5	0.0	1.0	1.0	1.0	1.0	1.0	1.0	1.0	1.0	1.0	1.0	1.0	1.0	1.0	1.0	1.0	1.0	0.3333333333333333	1.0	1.0	1.0	1.0	1.0	0.0	0.3333333333333333	1.0	1.0	1.0	0.5	0.125	1.0	0.25	1.0
hu	0.5	0.01393126875988681	1.0	0.0	0.3333333333333333	0.014713888193123487	0.02187083275569406	0.013776768985085884	0.01408569728228526	0.013961626603547696	0.25	1.0	0.013856984781682341	0.02280969789092877	0.029416957613321797	0.023259058950784207	0.015224635946266295	1.0	0.014084507042253521	1.0	0.3333333333333333	0.013721371038724053	0.01369919309438919	0.014084705415592145	0.014302480373654312	0.01587452784101814	0.014938529531540233	0.3333333333333333	0.5	0.0140918496345975	0.027784724537037037	0.5	0.125	0.01472624096634205	0.25	0.01351515723155588
id	0.5	0.020028445676926607	0.5	0.0	0.5	0.020836805989583332	0.028681235890221046	0.01966104770976813	0.02	0.02004450224218459	0.5	1.0	0.02280969789092877	0.019860577744891965	0.04348393194706995	0.0263192527700831	0.022266769133435036	1.0	0.02	1.0	0.3333333333333333	0.0200108044012	0.019608227604767395	0.020000399999999998	0.021906294439902923	0.022728822314049588	0.020843756079862413	0.3333333333333333	0.3333333333333333	0.020004000800399997	0.03030762167125803	0.5	0.1111111111111111	0.021758047741027887	0.25	0.0200008
it	0.5	0.013889853587962962	0.5	0.0	0.25	0.013158067867036011	0.03571683673469388	0.012661112161512578	0.016666666666666666	0.013701445111653218	0.0625	1.0	0.029416957613321797	0.04348393194706995	0.01137850764530712	0.021739130434782608	0.027780864197530862	1.0	0.014084507042253521	1.0	0.3333333333333333	0.013513696128560994	0.011905045351473922	0.012345679012345678	0.024397385485425343	0.0125	0.016667222222222222	0.3333333333333333	0.25	0.014084903788930767	0.028572244897959183	0.5	0.06666666666666667	0.023809523809523808	0.25	0.014285714285714285
ja	0.5	0.01538508875739645	0.5	1.0	0.25	0.013513513513513514	0.02564497107166338	0.013160319079120497	0.015873015873015872	0.014286326530612242	0.08333333333333333	1.0	0.023259058950784207	0.0263192527700831	0.021739130434782608	0.013166556789647853	0.02127704843820733	1.0	0.015625	1.0	0.3333333333333333	0.015625244140625	0.013157894736842105	0.013333333333333334	0.0208402803828125	0.013513513513513514	0.01785841836734694	0.3333333333333333	0.5	0.015625244140625	0.022222716049382713	0.5	0.06666666666666667	0.021277501131733816	0.25	0.014492753623188406
ko	0.5	0.013189131402758736	0.5	0.0	0.25	0.013162744807479743	0.022298522337242062	0.012556972244612353	0.012988193793219768	0.012542181004755935	0.1111111111111111	1.0	0.015224635946266295	0.022266769133435036	0.027780864197530862	0.02127704843820733	0.012574963804227861	1.0	0.013333333333333334	1.0	0.3333333333333333	0.013173147354770987	0.012659029001762537	0.012500624999999998	0.01403371585452963	0.01515358149701584	0.013708959851388636	0.3333333333333333	0.5	0.013337067555555556	0.027782408179784723	0.5	0.07692307692307693	0.013904919003303847	0.25	0.012501406875
lv	0.5	1.0	1.0	0.0	1.0	1.0	1.0	1.0	1.0	1.0	1.0	1.0	1.0	1.0	1.0	1.0	1.0	1.0	1.0	1.0	0.3333333333333333	1.0	1.0	1.0	1.0	1.0	0.0	0.3333333333333333	1.0	1.0	1.0	0.5	0.14285714285714285	1.0	0.25	1.0
mk	0.5	0.0011918951132300357	1.0	1.0	0.3333333333333333	0.002702702702702703	0.012658227848101266	0.00425531914893617	0.006493506493506494	0.0017301038062283738	0.07692307692307693	1.0	0.014084507042253521	0.02	0.014084507042253521	0.015625	0.013333333333333334	1.0	0.0011904761904761906	1.0	0.3333333333333333	0.001199040767386091	0.0012515644555694619	0.0012531328320802004	0.008928571428571428	0.0012406947890818859	0.001430615164520744	0.3333333333333333	0.25	0.0011947431302270011	0.015151515151515152	0.5	0.125	0.0078125	0.25	0.002145922746781116
ml	0.5	1.0	1.0	0.0	1.0	1.0	1.0	1.0	1.0	1.0	1.0	1.0	1.0	1.0	1.0	1.0	1.0	1.0	1.0	1.0	0.3333333333333333	1.0	1.0	1.0	1.0	1.0	0.0	0.3333333333333333	1.0	1.0	1.0	0.5	0.2	1.0	0.25	1.0
mr	0.5	0.3333333333333333	0.0	0.3333333333333333	0.3333333333333333	0.3333333333333333	0.3333333333333333	0.3333333333333333	0.3333333333333333	0.3333333333333333	0.3333333333333333	0.3333333333333333	0.3333333333333333	0.3333333333333333	0.3333333333333333	0.3333333333333333	0.3333333333333333	0.3333333333333333	0.3333333333333333	0.3333333333333333	0.3333333333333333	0.3333333333333333	0.3333333333333333	0.3333333333333333	0.3333333333333333	0.3333333333333333	0.3333333333333333	1.0	0.3333333333333333	0.3333333333333333	0.3333333333333333	0.5	0.3333333333333333	0.3333333333333333	0.3333333333333333	0.3333333333333333
nl	0.5	0.001185779299742304	1.0	1.0	0.25	0.0026965152754485143	0.012846534621514562	0.00419896172725446	0.00641074954799474	0.0017000405431629813	0.07692307692307693	1.0	0.013721371038724053	0.0200108044012	0.013513696128560994	0.015625244140625	0.013173147354770987	1.0	0.001199040767386091	1.0	0.3333333333333333	0.0012446017342944212	0.0012302029686823504	0.0012331566317693972	0.00896796374807294	0.0012152809786957393	0.0014151796436528649	0.3333333333333333	0.25	0.001184570219094075	0.014707612456747404	0.5	0.07142857142857142	0.007755665766481341	0.25	0.00208812296843633
pl	0.5	0.0012288061745256622	1.0	1.0	0.25	0.002638564198244234	0.012659189232494792	0.003968710663895187	0.006172839506172839	0.00167835361588726	0.05	1.0	0.01369919309438919	0.019608227604767395	0.011905045351473922	0.013157894736842105	0.012659029001762537	1.0	0.0012515644555694619	1.0	0.3333333333333333	0.0012302029686823504	0.0012088667733938087	0.0012239947025344236	0.008773622807017543	0.0012484488022930136	0.0014793971740310208	0.3333333333333333	0.25	0.0012346090550220997	0.014492753623188406	0.5	0.09090909090909091	0.007633646057922033	0.25	0.002066132777815723
pt	0.5	0.0012332326609656669	0.5	1.0	0.25	0.002624720138329165	0.012820677186061802	0.0040166449734681696	0.006289308176100629	0.0016838531924406887	0.05263157894736842	1.0	0.014084705415592145	0.020000399999999998	0.012345679012345678	0.013333333333333334	0.012500624999999998	1.0	0.0012531328320802004	1.0	0.3333333333333333	0.0012331566317693972	0.0012239947025344236	0.0012168144423824125	0.008850340747121935	0.0012594553610517163	0.0014815758617283943	0.3333333333333333	0.25	0.0012391973008803094	0.014492753623188406	0.5	0.0625	0.007692366863905326	0.25	0.002074701709681307
ro	0.5	0.009004303179631568	0.5	0.0	0.3333333333333333	0.009187542396958024	0.01811035537899691	0.008922917298035129	0.0091769220609378	0.008979724180238784	0.14285714285714285	1.0	0.014302480373654312	0.021906294439902923	0.024397385485425343	0.0208402803828125	0.01403371585452963	1.0	0.008928571428571428	1.0	0.3333333333333333	0.00896796374807294	0.008773622807017543	0.008850340747121935	0.00945901496451621	0.010992273398503564	0.009285565607080425	0.3333333333333333	0.3333333333333333	0.008937988610582124	0.02440274479952707	0.5	0.1	0.009473733071792093	0.25	0.00877670314058218
ru	0.5	0.001218427475506689	0.5	1.0	0.25	0.0028248906763701366	0.014707396193771627	0.0043867923977570595	0.007246376811594203	0.0017428646943237378	0.05	1.0	0.01587452784101814	0.022728822314049588	0.0125	0.013513513513513514	0.01515358149701584	1.0	0.0012406947890818859	1.0	0.3333333333333333	0.0012152809786957393	0.0012484488022930136	0.0012594553610517163	0.010992273398503564	0.0011997096480043448	0.001470720166522491	0.3333333333333333	0.25	0.0012240546331100581	0.014492963663095989	0.5	0.06666666666666667	0.009346231199318806	0.25	0.002164549015198366
sh	0.5	0.0013898213450507897	1.0	1.0	0.3333333333333333	0.003534230793279976	0.014099600295593151	0.004726591492468313	0.007092500427543886	0.0017323181226311715	0.1111111111111111	0.0	0.014938529531540233	0.020843756079862413	0.016667222222222222	0.01785841836734694	0.013708959851388636	0.0	0.001430615164520744	0.0	0.3333333333333333	0.0014151796436528649	0.0014793971740310208	0.0014815758617283943	0.009285565607080425	0.001470720166522491	0.0014244707543892877	0.3333333333333333	0.5	0.0013896068713523534	0.016667500000000002	0.5	0.125	0.008335764305763889	0.25	0.0021369758702288327
si	1.0	0.3333333333333333	0.5	0.3333333333333333	0.3333333333333333	0.3333333333333333	0.3333333333333333	0.3333333333333333	0.3333333333333333	0.3333333333333333	0.3333333333333333	0.3333333333333333	0.3333333333333333	0.3333333333333333	0.3333333333333333	0.3333333333333333	0.3333333333333333	0.3333333333333333	0.3333333333333333	0.3333333333333333	1.0	0.3333333333333333	0.3333333333333333	0.3333333333333333	0.3333333333333333	0.3333333333333333	0.3333333333333333	0.3333333333333333	0.3333333333333333	0.3333333333333333	0.3333333333333333	1.0	0.3333333333333333	0.3333333333333333	0.5	0.3333333333333333
simple	0.5	0.25	1.0	0.0	0.5	0.25	1.0	0.25	0.25	0.25	0.5	1.0	0.5	0.3333333333333333	0.25	0.5	0.5	1.0	0.25	1.0	0.3333333333333333	0.25	0.25	0.25	0.3333333333333333	0.25	0.5	0.3333333333333333	0.25	0.25	0.3333333333333333	0.5	0.1111111111111111	0.3333333333333333	0.25	0.25
sr	0.5	0.0011634779868100174	1.0	1.0	0.25	0.0026740899296519775	0.012663356353308926	0.004205338149585342	0.006535947712418301	0.0017012414694948892	0.07692307692307693	1.0	0.0140918496345975	0.020004000800399997	0.014084903788930767	0.015625244140625	0.013337067555555556	1.0	0.0011947431302270011	1.0	0.3333333333333333	0.001184570219094075	0.0012346090550220997	0.0012391973008803094	0.008937988610582124	0.0012240546331100581	0.0013896068713523534	0.3333333333333333	0.25	0.0011775474742809087	0.015152204086317723	0.5	0.1	0.007753199987981491	0.25	0.002105400562880886
sv	0.5	0.014927155491200715	1.0	1.0	0.3333333333333333	0.01449317370300357	0.028579593469387755	0.015877803728898965	0.019231139053254437	0.014929161283582308	0.16666666666666666	1.0	0.027784724537037037	0.03030762167125803	0.028572244897959183	0.022222716049382713	0.027782408179784723	1.0	0.015151515151515152	1.0	0.3333333333333333	0.014707612456747404	0.014492753623188406	0.014492753623188406	0.02440274479952707	0.014492963663095989	0.016667500000000002	0.3333333333333333	0.3333333333333333	0.015152204086317723	0.014303697788413948	0.5	0.07692307692307693	0.024392028554431885	0.25	0.015873015873015872
te	0.5	0.5	0.0	0.5	0.5	0.5	0.5	0.5	0.5	0.5	0.5	0.5	0.5	0.5	0.5	0.5	0.5	0.5	0.5	0.5	0.5	0.5	0.5	0.5	0.5	0.5	0.5	1.0	0.5	0.5	0.5	0.5	0.5	0.5	0.5	0.5
tr	0.5	0.14285714285714285	-1.0	0.125	0.16666666666666666	0.07142857142857142	0.125	0.05555555555555555	0.07142857142857142	0.06666666666666667	0.1	0.125	0.125	0.1111111111111111	0.06666666666666667	0.06666666666666667	0.07692307692307693	0.14285714285714285	0.125	0.2	0.3333333333333333	0.07142857142857142	0.09090909090909091	0.0625	0.1	0.06666666666666667	0.125	0.3333333333333333	0.1111111111111111	0.1	0.07692307692307693	0.5	0.055574089518530885	0.1111111111111111	0.25	0.0625
vi	0.5	0.007699355034975566	0.5	0.0	0.25	0.008065752016129033	0.01788461168476746	0.007648417866853869	0.008621061310939357	0.008142593792039476	0.14285714285714285	1.0	0.01472624096634205	0.021758047741027887	0.023809523809523808	0.021277501131733816	0.013904919003303847	1.0	0.0078125	1.0	0.3333333333333333	0.007755665766481341	0.007633646057922033	0.007692366863905326	0.009473733071792093	0.009346231199318806	0.008335764305763889	0.3333333333333333	0.3333333333333333	0.007753199987981491	0.024392028554431885	0.5	0.1111111111111111	0.00769698633321506	0.25	0.00813061008658867
war	0.5	0.25	1.0	0.25	0.25	0.25	0.25	0.25	0.25	0.25	0.25	0.25	0.25	0.25	0.25	0.25	0.25	0.25	0.25	0.25	0.3333333333333333	0.25	0.25	0.25	0.25	0.25	0.25	0.5	0.25	0.25	0.25	0.5	0.25	0.25	0.25006249999999997	0.25
zh	0.5	0.0020928032379379075	0.5	1.0	0.25	0.004291919173313194	0.013891396991126929	0.004927564804072023	0.006756848064280497	0.0020847188896099085	0.07142857142857142	1.0	0.01351515723155588	0.0200008	0.014285714285714285	0.014492753623188406	0.012501406875	1.0	0.002145922746781116	1.0	0.3333333333333333	0.00208812296843633	0.002066132777815723	0.002074701709681307	0.00877670314058218	0.002164549015198366	0.0021369758702288327	0.3333333333333333	0.25	0.002105400562880886	0.015873015873015872	0.5	0.0625	0.00813061008658867	0.25	0.002055840856593031
