arz	bs	ceb	ckb	da	de	el	en	es	fr	he	hi	hu	id	it	ja	ko	lv	mk	ml	mr	nl	pl	pt	ro	ru	sh	si	simple	sr	sv	te	vi	war	zh
arz	1.0	0.4364916731037085	1.0	0.4142135623730951	0.0	1.0	1.0	1.0	1.0	1.0	1.0	0.0	1.0	0.5	1.0	1.0	1.0	1.0	1.0	0.2928060946961875	0.25	1.0	1.0	1.0	0.0	1.0	1.0	0.30552726787943424	1.0	1.0	1.0	0.44948974278317805	1.0	0.5	1.0
bs	0.4364916731037085	1.0	0.44948974278317805	0.09626963188245961	1.0	0.034857468697149806	0.04679789924993943	0.033193007449122944	0.032168106404239935	0.04572788982132665	0.08203261358637488	0.0	0.08209951522176571	0.5	0.09619018573321178	0.17379378377786506	0.0440735111977422	0.06789082782797856	0.03328236624548174	0.026847307793504634	0.03776284348322689	0.10593562201623039	0.03432780018586332	0.05162828131621113	1.0	0.0327641342197025	0.10852083365094096	0.07378432516090794	1.0	0.0417206895632468	0.09272703205411782	0.11750890509399702	0.10282814220708918	0.16015261286229274	0.04196094885718044
ceb	1.0	0.44948974278317805	1.0	0.5	0.585786437626905	0.3090169943749474	0.4142135623730951	0.3090169943749474	0.3090169943749474	0.2989350844248255	0.2791745113185196	0.3090169943749474	0.44948974278317805	0.3090169943749474	0.3726822671238253	0.3090169943749474	0.2989350844248255	0.585786437626905	0.4142135623730951	0.3866297038941518	0.44948974278317805	0.39564392373896007	0.28989794855663564	0.3090169943749474	0.3090169943749474	0.3090169943749474	0.5	0.4142135623730951	0.4142135623730951	0.3090169943749474	0.353889367864523	0.585786437626905	0.44948974278317805	0.585786437626905	0.4142135623730951
ckb	0.4142135623730951	0.09626963188245961	0.5	1.0	0.13777278039754226	0.09958601436548065	0.07203094208016522	0.048668870450045955	0.13413866172981218	0.0773583040132854	0.09901528768779781	0.09990754055500689	0.06862148874475411	0.12630457720829252	0.04242089808497406	0.03198461998744122	0.08150339420305275	0.12753389848460323	0.06964005472244644	0.08690809081114019	0.10161371239632694	0.11978243827074593	0.11655585163250451	0.021598406571834854	0.11070195451325975	0.019643880025441884	0.10210398216832245	0.11974112744017944	0.08340357062245567	0.12910941082283192	0.06637107249084545	0.20521309615767264	0.08206938863323407	0.38742588672279304	0.016285880045654382
da	0.0	1.0	0.585786437626905	0.13777278039754226	1.0	1.0	1.0	0.44948974278317805	1.0	0.585786437626905	1.0	0.0	1.0	0.0	0.4364916731037085	1.0	1.0	1.0	1.0	0.011898314648748272	0.022140353966147237	1.0	1.0	1.0	1.0	1.0	0.585786437626905	0.03447857085456361	1.0	1.0	1.0	0.09837531795074314	0.0	0.26968623182294527	1.0
de	1.0	0.034857468697149806	0.3090169943749474	0.09958601436548065	1.0	1.0	0.09600339841692423	0.021507586701906452	0.012053291861864308	0.0240395420215181	0.020415687468047016	1.0	0.18054705546755545	0.24009957419879238	0.023951916475121002	0.2708131845707603	0.12408067293206396	0.2063099139372659	0.07476988444216652	0.006691425673895069	0.014809307963817622	0.09819342492261775	0.016630912266263287	0.07949275411787567	0.5	0.015700795255718374	0.03409431016445827	0.017587227720297013	0.585786437626905	0.025502837043503587	0.14546595723517092	0.05329387182398119	0.30216947925196225	0.28989794855663564	0.07241049800073514
el	1.0	0.04679789924993943	0.4142135623730951	0.07203094208016522	1.0	0.09600339841692423	1.0	0.04091192783344045	1.0	0.055996583369735925	1.0	0.0	1.0	0.353889367864523	0.05233731689058813	1.0	1.0	1.0	1.0	0.01393949474225645	0.019660752280802326	0.2857142857142857	0.122828568570857	1.0	1.0	1.0	0.050236661322916494	0.027453766460109493	1.0	1.0	1.0	0.049740483741709224	1.0	0.1907435698305462	1.0
en	1.0	0.033193007449122944	0.3090169943749474	0.048668870450045955	0.44948974278317805	0.021507586701906452	0.04091192783344045	1.0	0.0068624940357334425	0.032446352880052785	0.015277394710541736	1.0	0.1290212480860341	0.14588940731599698	0.03179963521518253	0.1959691289492878	0.12230396133076557	0.2474401533514073	0.05349937824664786	0.011611388929685142	0.014239818739372986	0.041665800519231064	0.023198487901972348	0.031201809810677605	0.34833147735478825	0.006192731238284755	0.03329392760392328	0.017408224703596285	0.5	0.01558687267777675	0.10741727338429076	0.016432241788416454	0.2857142857142857	0.19715062508814155	0.06962591584290655
es	1.0	0.032168106404239935	0.3090169943749474	0.13413866172981218	1.0	0.012053291861864308	1.0	0.0068624940357334425	1.0	0.013106740531609257	0.5	1.0	1.0	0.2016895928872254	0.018606496935261556	1.0	1.0	0.585786437626905	0.585786437626905	0.006200696857166239	0.014222630186605429	0.02384600714869116	0.012402852762611659	0.4142135623730951	0.3430703308172536	0.38742588672279304	0.03262264344027966	0.01715369731190736	1.0	0.5	0.5	0.06126281874248835	1.0	0.26968623182294527	1.0
fr	1.0	0.04572788982132665	0.2989350844248255	0.0773583040132854	0.585786437626905	0.0240395420215181	0.055996583369735925	0.032446352880052785	0.013106740531609257	1.0	0.022426420286546775	1.0	0.14142254470817353	0.28989794855663564	0.06638092414132508	0.22772999919644132	0.05845357744580364	0.11504849007695503	0.03951251864740242	0.008492949587418063	0.014581332346786272	0.04843425525374722	0.019672381030595213	0.04198087820061864	0.44948974278317805	0.01586431503053579	0.04629926680823137	0.017862883933093515	0.585786437626905	0.02774843032216938	0.14037600977966974	0.04149969513874656	0.16089167649473737	0.21991074322003976	0.042974794753556665
he	1.0	0.08203261358637488	0.2791745113185196	0.09901528768779781	1.0	0.020415687468047016	1.0	0.015277394710541736	0.5	0.022426420286546775	1.0	1.0	1.0	0.2791745113185196	0.03895713231711252	1.0	1.0	1.0	1.0	0.008419788986219328	0.016093197600892832	0.2449655295864104	0.04221150899840443	1.0	0.585786437626905	1.0	0.07714319833429098	0.021270105275948123	1.0	1.0	1.0	0.055918868391247496	1.0	0.2572842744474721	1.0
hi	0.0	0.0	0.3090169943749474	0.09990754055500689	0.0	1.0	0.0	1.0	1.0	1.0	1.0	1.0	0.0	0.0	0.0	0.0	0.0	0.0	0.0	0.01079242305026355	0.018385871992495764	0.0	1.0	1.0	0.0	1.0	0.0	0.02468659686846027	0.0	1.0	0.0	0.05003647650788796	0.0	0.17826035697019474	1.0
hu	1.0	0.08209951522176571	0.44948974278317805	0.06862148874475411	1.0	0.18054705546755545	1.0	0.1290212480860341	1.0	0.14142254470817353	1.0	0.0	1.0	0.5	0.09104715629643201	1.0	1.0	1.0	1.0	0.012516573891674387	0.019542660634351203	0.39564392373896007	0.26533119314590375	1.0	1.0	1.0	0.10950829917305638	0.03475631400862392	1.0	1.0	0.585786437626905	0.060618106010789916	1.0	0.19277917334584202	1.0
id	0.5	0.5	0.3090169943749474	0.12630457720829252	0.0	0.24009957419879238	0.353889367864523	0.14588940731599698	0.2016895928872254	0.28989794855663564	0.2791745113185196	0.0	0.5	1.0	0.30169764396087756	0.5	0.5	0.0	0.353889367864523	0.008334121992659614	0.0165234630750494	0.2708131845707603	0.2016895928872254	0.1876127897984334	0.0	0.28989794855663564	0.5	0.020070697705296278	1.0	0.353889367864523	0.353889367864523	0.07008899086489874	0.5	0.30216947925196225	0.39564392373896007
it	1.0	0.09619018573321178	0.3726822671238253	0.04242089808497406	0.4364916731037085	0.023951916475121002	0.05233731689058813	0.03179963521518253	0.018606496935261556	0.06638092414132508	0.03895713231711252	0.0	0.09104715629643201	0.30169764396087756	1.0	0.12039751022627644	0.04838237328247528	0.08500729995457508	0.03495655867601846	0.010654215837313108	0.015127615086893156	0.04749776465199216	0.022508692039264724	0.043408616705780785	0.40453726661826384	0.020858775435248285	0.10037126495762341	0.020416630652020616	0.3333333333333333	0.038666053776078076	0.08286396551925373	0.02183172914387397	0.14794976728674605	0.18687239958484345	0.038720576774356294
ja	1.0	0.17379378377786506	0.3090169943749474	0.03198461998744122	1.0	0.2708131845707603	1.0	0.1959691289492878	1.0	0.22772999919644132	1.0	0.0	1.0	0.5	0.12039751022627644	1.0	1.0	1.0	1.0	0.012281690557947238	0.014692845308428685	0.36602540378443865	0.39564392373896007	1.0	1.0	1.0	0.1744328890878361	0.018489575007954603	1.0	1.0	1.0	0.01747943808562533	1.0	0.18933139574356017	1.0
ko	1.0	0.0440735111977422	0.2989350844248255	0.08150339420305275	1.0	0.12408067293206396	1.0	0.12230396133076557	1.0	0.05845357744580364	1.0	0.0	1.0	0.5	0.04838237328247528	1.0	1.0	1.0	1.0	0.008456214980700967	0.016009446720128485	0.36602540378443865	0.20521309615767264	1.0	1.0	1.0	0.04472660253773712	0.019584017246433546	1.0	1.0	1.0	0.05301007724678924	1.0	0.25355482027512377	1.0
lv	1.0	0.06789082782797856	0.585786437626905	0.12753389848460323	1.0	0.2063099139372659	1.0	0.2474401533514073	0.585786437626905	0.11504849007695503	1.0	0.0	1.0	0.0	0.08500729995457508	1.0	1.0	1.0	1.0	0.022559987403853097	0.02332036506554334	0.585786437626905	0.25	1.0	1.0	1.0	0.06984108066260639	0.04115553295422454	0.0	1.0	1.0	0.10528639590127113	1.0	0.3660254037844386	1.0
mk	1.0	0.03328236624548174	0.4142135623730951	0.06964005472244644	1.0	0.07476988444216652	1.0	0.05349937824664786	0.585786437626905	0.03951251864740242	1.0	0.0	1.0	0.353889367864523	0.03495655867601846	1.0	1.0	1.0	1.0	0.017659544029693403	0.029503804250299952	0.39564392373896	0.12359041908395198	1.0	1.0	1.0	0.03375641456786722	0.047533688569218024	1.0	1.0	1.0	0.07838229162465545	1.0	0.1584693830492905	1.0
ml	0.2928060946961875	0.026847307793504634	0.3866297038941518	0.08690809081114019	0.011898314648748272	0.006691425673895069	0.01393949474225645	0.011611388929685142	0.006200696857166239	0.008492949587418063	0.008419788986219328	0.01079242305026355	0.012516573891674387	0.008334121992659614	0.010654215837313108	0.012281690557947238	0.008456214980700967	0.022559987403853097	0.017659544029693403	1.0	0.029268199164871507	0.006714183680604043	0.006880916675495189	0.010490058740965641	0.010590963472716394	0.013047770269990301	0.011403666863311873	0.042894121470118333	0.010416231223139411	0.009451970730005392	0.011060871505120848	0.07146363938732586	0.008585192273234952	0.15309887413431528	0.0143653076204346
mr	0.25	0.03776284348322689	0.44948974278317805	0.10161371239632694	0.022140353966147237	0.014809307963817622	0.019660752280802326	0.014239818739372986	0.014222630186605429	0.014581332346786272	0.016093197600892832	0.018385871992495764	0.019542660634351203	0.0165234630750494	0.015127615086893156	0.014692845308428685	0.016009446720128485	0.02332036506554334	0.029503804250299952	0.029268199164871507	1.0	0.015582013551750129	0.014992624801706812	0.015228264900256798	0.019033346982237086	0.01573948184307761	0.02332352367488617	0.07119679037141077	0.016770592161590034	0.017239558224542935	0.015577177492033042	0.03684211293047343	0.014924002640795594	0.13895115919603923	0.021821109546252618
nl	1.0	0.10593562201623039	0.39564392373896007	0.11978243827074593	1.0	0.09819342492261775	0.2857142857142857	0.041665800519231064	0.02384600714869116	0.04843425525374722	0.2449655295864104	0.0	0.39564392373896007	0.2708131845707603	0.04749776465199216	0.36602540378443865	0.36602540378443865	0.585786437626905	0.39564392373896	0.006714183680604043	0.015582013551750129	1.0	0.08118251033576715	0.18001097668719743	0.585786437626905	0.13957875683699938	0.09529441762112366	0.019153669427548068	0.585786437626905	0.24257131419419417	0.3288130902060995	0.05966791253870654	1.0	0.26533119314590375	0.3430703308172536
pl	1.0	0.03432780018586332	0.28989794855663564	0.11655585163250451	1.0	0.016630912266263287	0.122828568570857	0.023198487901972348	0.012402852762611659	0.019672381030595213	0.04221150899840443	1.0	0.26533119314590375	0.2016895928872254	0.022508692039264724	0.39564392373896007	0.20521309615767264	0.25	0.12359041908395198	0.006880916675495189	0.014992624801706812	0.08118251033576715	1.0	0.060219404858847074	0.2742918851774318	0.003176016337219583	0.03672745953502296	0.01887546701188305	0.5	0.013359281248620219	0.27195617308673004	0.06453407777321805	0.4142135623730951	0.26968623182294527	0.12010924668250578
pt	1.0	0.05162828131621113	0.3090169943749474	0.021598406571834854	1.0	0.07949275411787567	1.0	0.031201809810677605	0.4142135623730951	0.04198087820061864	1.0	1.0	1.0	0.1876127897984334	0.043408616705780785	1.0	1.0	1.0	1.0	0.010490058740965641	0.015228264900256798	0.18001097668719743	0.060219404858847074	1.0	0.585786437626905	1.0	0.057742510764862184	0.01838276288890898	1.0	1.0	1.0	0.022201869701984654	1.0	0.14839531704933062	1.0
ro	0.0	1.0	0.3090169943749474	0.11070195451325975	1.0	0.5	1.0	0.34833147735478825	0.3430703308172536	0.44948974278317805	0.585786437626905	0.0	1.0	0.0	0.40453726661826384	1.0	1.0	1.0	1.0	0.010590963472716394	0.019033346982237086	0.585786437626905	0.2742918851774318	0.585786437626905	1.0	0.2459454694465688	0.585786437626905	0.0305427339780537	0.0	0.585786437626905	1.0	0.08884876840265703	1.0	0.3090169943749474	1.0
ru	1.0	0.0327641342197025	0.3090169943749474	0.019643880025441884	1.0	0.015700795255718374	1.0	0.006192731238284755	0.38742588672279304	0.01586431503053579	1.0	1.0	1.0	0.28989794855663564	0.020858775435248285	1.0	1.0	1.0	1.0	0.013047770269990301	0.01573948184307761	0.13957875683699938	0.003176016337219583	1.0	0.2459454694465688	1.0	0.03279447957903426	0.019889423511827403	1.0	1.0	0.1652960191502465	0.014823419152069769	1.0	0.11174128540696505	1.0
sh	1.0	0.10852083365094096	0.5	0.10210398216832245	0.585786437626905	0.03409431016445827	0.050236661322916494	0.03329392760392328	0.03262264344027966	0.04629926680823137	0.07714319833429098	0.0	0.10950829917305638	0.5	0.10037126495762341	0.1744328890878361	0.04472660253773712	0.06984108066260639	0.03375641456786722	0.011403666863311873	0.02332352367488617	0.09529441762112366	0.03672745953502296	0.057742510764862184	0.585786437626905	0.03279447957903426	1.0	0.028643926258923834	1.0	0.04481271258455343	0.10188205543393405	0.0637991238085134	0.10745035092526581	0.13828122551400807	0.04268458464542988
si	0.30552726787943424	0.07378432516090794	0.4142135623730951	0.11974112744017944	0.03447857085456361	0.017587227720297013	0.027453766460109493	0.017408224703596285	0.01715369731190736	0.017862883933093515	0.021270105275948123	0.02468659686846027	0.03475631400862392	0.020070697705296278	0.020416630652020616	0.018489575007954603	0.019584017246433546	0.04115553295422454	0.047533688569218024	0.042894121470118333	0.07119679037141077	0.019153669427548068	0.01887546701188305	0.01838276288890898	0.0305427339780537	0.019889423511827403	0.028643926258923834	1.0	0.02191237898762519	0.020803569617033005	0.01994922464075702	0.14201473202245876	0.019793658036186122	0.1896812679802183	0.021333796331988463
simple	1.0	1.0	0.4142135623730951	0.08340357062245567	1.0	0.585786437626905	1.0	0.5	1.0	0.585786437626905	1.0	0.0	1.0	1.0	0.3333333333333333	1.0	1.0	0.0	1.0	0.010416231223139411	0.016770592161590034	0.585786437626905	0.5	1.0	0.0	1.0	1.0	0.02191237898762519	1.0	1.0	1.0	0.06618491318952013	1.0	0.20751998128563437	1.0
sr	1.0	0.0417206895632468	0.3090169943749474	0.12910941082283192	1.0	0.025502837043503587	1.0	0.01558687267777675	0.5	0.02774843032216938	1.0	1.0	1.0	0.353889367864523	0.038666053776078076	1.0	1.0	1.0	1.0	0.009451970730005392	0.017239558224542935	0.24257131419419417	0.013359281248620219	1.0	0.585786437626905	1.0	0.04481271258455343	0.020803569617033005	1.0	1.0	0.5	0.06667573885704943	1.0	0.3203772410170407	1.0
sv	1.0	0.09272703205411782	0.353889367864523	0.06637107249084545	1.0	0.14546595723517092	1.0	0.10741727338429076	0.5	0.14037600977966974	1.0	0.0	0.585786437626905	0.353889367864523	0.08286396551925373	1.0	1.0	1.0	1.0	0.011060871505120848	0.015577177492033042	0.3288130902060995	0.27195617308673004	1.0	1.0	0.1652960191502465	0.10188205543393405	0.01994922464075702	1.0	0.5	1.0	0.026482009117540097	1.0	0.18829416410194436	1.0
te	0.44948974278317805	0.11750890509399702	0.585786437626905	0.20521309615767264	0.09837531795074314	0.05329387182398119	0.049740483741709224	0.016432241788416454	0.06126281874248835	0.04149969513874656	0.055918868391247496	0.05003647650788796	0.060618106010789916	0.07008899086489874	0.02183172914387397	0.01747943808562533	0.05301007724678924	0.10528639590127113	0.07838229162465545	0.07146363938732586	0.03684211293047343	0.05966791253870654	0.06453407777321805	0.022201869701984654	0.08884876840265703	0.014823419152069769	0.0637991238085134	0.14201473202245876	0.06618491318952013	0.06667573885704943	0.026482009117540097	1.0	0.03436523039475974	0.4142135623730951	0.012568515974661647
vi	1.0	0.10282814220708918	0.44948974278317805	0.08206938863323407	0.0	0.30216947925196225	1.0	0.2857142857142857	1.0	0.16089167649473737	1.0	0.0	1.0	0.5	0.14794976728674605	1.0	1.0	1.0	1.0	0.008585192273234952	0.014924002640795594	1.0	0.4142135623730951	1.0	1.0	1.0	0.10745035092526581	0.019793658036186122	1.0	1.0	1.0	0.03436523039475974	1.0	0.19146256355088964	1.0
war	0.5	0.16015261286229274	0.585786437626905	0.38742588672279304	0.26968623182294527	0.28989794855663564	0.1907435698305462	0.19715062508814155	0.26968623182294527	0.21991074322003976	0.2572842744474721	0.17826035697019474	0.19277917334584202	0.30216947925196225	0.18687239958484345	0.18933139574356017	0.25355482027512377	0.3660254037844386	0.1584693830492905	0.15309887413431528	0.13895115919603923	0.26533119314590375	0.26968623182294527	0.14839531704933062	0.3090169943749474	0.11174128540696505	0.13828122551400807	0.1896812679802183	0.20751998128563437	0.3203772410170407	0.18829416410194436	0.4142135623730951	0.19146256355088964	1.0	0.08035017801738151
zh	1.0	0.04196094885718044	0.4142135623730951	0.016285880045654382	1.0	0.07241049800073514	1.0	0.06962591584290655	1.0	0.042974794753556665	1.0	1.0	1.0	0.39564392373896007	0.038720576774356294	1.0	1.0	1.0	1.0	0.0143653076204346	0.021821109546252618	0.3430703308172536	0.12010924668250578	1.0	1.0	1.0	0.04268458464542988	0.021333796331988463	1.0	1.0	1.0	0.012568515974661647	1.0	0.08035017801738151	1.0
