arz	bs	ceb	ckb	da	de	el	en	es	fr	he	hi	hu	id	it	ja	ko	lv	mk	ml	mr	nl	pl	pt	ro	ru	sh	si	simple	sr	sv	te	vi	war	zh
arz	1.0	0.0	0.0	0.0	0.0	0.0	0.0392156862745098	0.00625	0.0	0.0	0.0	0.0	0.011111111111111112	0.03225806451612903	0.0	0.012658227848101266	0.0	0.05555555555555555	0.0	0.0	0.2	0.0	0.0	0.015625	0.0	0.02040816326530612	0.03571428571428571	0.0	0.0	0.0	0.0	0.0	0.03125	0.0	0.015267175572519083
bs	0.0	1.0	0.0	0.08823529411764706	0.052083333333333336	0.017857142857142856	0.12871287128712872	0.02304147465437788	0.023809523809523808	0.011235955056179775	0.07608695652173914	0.015384615384615385	0.16030534351145037	0.13414634146341464	0.0872093023255814	0.029197080291970802	0.13636363636363635	0.06666666666666667	0.15789473684210525	0.14084507042253522	0.015151515151515152	0.0425531914893617	0.052083333333333336	0.13513513513513514	0.13761467889908258	0.04716981132075472	0.1782178217821782	0.0	0.08974358974358974	0.12658227848101267	0.011111111111111112	0.0	0.044444444444444446	0.0	0.10227272727272728
ceb	0.0	0.0	0.0	0.0	0.0	0.0	0.0	0.0	0.0	0.0	0.0	0.0	0.0	0.0	0.0	0.0	0.0	0.0	0.0	0.0	0.0	0.0	0.0	0.0	0.0	0.0	0.0	0.0	0.0	0.0	0.0	0.0	0.0	0.0	0.0
ckb	0.0	0.08823529411764706	0.0	1.0	0.0	0.0	0.03571428571428571	0.006060606060606061	0.0	0.008130081300813009	0.023809523809523808	0.0	0.03225806451612903	0.0	0.015503875968992248	0.0	0.044444444444444446	0.043478260869565216	0.03225806451612903	0.08695652173913043	0.0	0.0	0.046511627906976744	0.029411764705882353	0.030303030303030304	0.0	0.08620689655172414	0.0	0.0	0.13793103448275862	0.0	0.0	0.02702702702702703	0.0	0.022222222222222223
da	0.0	0.052083333333333336	0.0	0.0	1.0	0.0625	0.036585365853658534	0.010471204188481676	0.02040816326530612	0.03424657534246575	0.0	0.0	0.03361344537815126	0.0	0.01282051282051282	0.01818181818181818	0.03418803418803419	0.04081632653061224	0.0	0.0196078431372549	0.0	0.029850746268656716	0.014084507042253521	0.0	0.03260869565217391	0.012345679012345678	0.0	0.0	0.01818181818181818	0.0	0.05084745762711865	0.0	0.015625	0.0	0.03125
de	0.0	0.017857142857142856	0.0	0.0	0.0625	1.0	0.020833333333333332	0.014778325123152709	0.0	0.031446540880503145	0.0	0.0	0.030303030303030304	0.013157894736842105	0.023952095808383235	0.02459016393442623	0.03076923076923077	0.0	0.02857142857142857	0.0	0.0	0.012345679012345678	0.036585365853658534	0.018518518518518517	0.009345794392523364	0.021505376344086023	0.03	0.0	0.029850746268656716	0.013888888888888888	0.0	0.0	0.0	0.0	0.028901734104046242
el	0.0392156862745098	0.12871287128712872	0.0	0.03571428571428571	0.036585365853658534	0.020833333333333332	1.0	0.024875621890547265	0.018018018018018018	0.025	0.0375	0.0	0.07086614173228346	0.06944444444444445	0.042682926829268296	0.05042016806722689	0.09836065573770492	0.10344827586206896	0.058823529411764705	0.031746031746031744	0.02	0.025	0.0625	0.0784313725490196	0.08	0.03260869565217391	0.09574468085106383	0.0	0.06153846153846154	0.04285714285714286	0.07142857142857142	0.0	0.02631578947368421	0.0	0.05325443786982249
en	0.00625	0.02304147465437788	0.0	0.006060606060606061	0.010471204188481676	0.014778325123152709	0.024875621890547265	1.0	0.018433179723502304	0.034220532319391636	0.010582010582010581	0.0	0.04721030042918455	0.022099447513812154	0.052830188679245285	0.04484304932735426	0.03418803418803419	0.011764705882352941	0.011235955056179775	0.0	0.012738853503184714	0.02702702702702703	0.026595744680851064	0.02830188679245283	0.018867924528301886	0.015	0.03431372549019608	0.0	0.011428571428571429	0.016853932584269662	0.005494505494505495	0.0	0.03333333333333333	0.0	0.043795620437956206
es	0.0	0.023809523809523808	0.0	0.0	0.02040816326530612	0.0	0.018018018018018018	0.018433179723502304	1.0	0.022857142857142857	0.020833333333333332	0.0	0.04861111111111111	0.01098901098901099	0.0449438202247191	0.05263157894736842	0.05673758865248227	0.0	0.011627906976744186	0.0	0.0	0.010416666666666666	0.030927835051546393	0.02459016393442623	0.0603448275862069	0.0	0.05357142857142857	0.0	0.024390243902439025	0.011494252873563218	0.022727272727272728	0.0	0.03333333333333333	0.0	0.03208556149732621
fr	0.0	0.011235955056179775	0.0	0.008130081300813009	0.03424657534246575	0.031446540880503145	0.025	0.034220532319391636	0.022857142857142857	1.0	0.013605442176870748	0.0	0.046632124352331605	0.0	0.04405286343612335	0.06111111111111111	0.041666666666666664	0.023622047244094488	0.0072992700729927005	0.0234375	0.0	0.027777777777777776	0.0	0.029239766081871343	0.023529411764705882	0.0189873417721519	0.018072289156626505	0.0	0.022727272727272728	0.022058823529411766	0.007142857142857143	0.0	0.006993006993006993	0.0	0.04721030042918455
he	0.0	0.07608695652173914	0.0	0.023809523809523808	0.0	0.0	0.0375	0.010582010582010581	0.020833333333333332	0.013605442176870748	1.0	0.0	0.06140350877192982	0.05084745762711865	0.033112582781456956	0.047619047619047616	0.05309734513274336	0.0	0.03636363636363636	0.041666666666666664	0.0	0.0	0.029411764705882353	0.10465116279069768	0.02197802197802198	0.02564102564102564	0.023255813953488372	0.0	0.018867924528301886	0.03571428571428571	0.01694915254237288	0.0	0.06779661016949153	0.0	0.03164556962025317
hi	0.0	0.015384615384615385	0.0	0.0	0.0	0.0	0.0	0.0	0.0	0.0	0.0	1.0	0.011494252873563218	0.0	0.0	0.0	0.0	0.0	0.0	0.0625	0.0	0.0	0.0	0.01639344262295082	0.01694915254237288	0.0	0.018518518518518517	0.0	0.0	0.0	0.0	0.0	0.034482758620689655	0.0	0.007751937984496124
hu	0.011111111111111112	0.16030534351145037	0.0	0.03225806451612903	0.03361344537815126	0.030303030303030304	0.07086614173228346	0.04721030042918455	0.04861111111111111	0.046632124352331605	0.06140350877192982	0.011494252873563218	1.0	0.09523809523809523	0.08854166666666667	0.03821656050955414	0.10967741935483871	0.02	0.1	0.03	0.011363636363636364	0.01694915254237288	0.05128205128205128	0.1297709923664122	0.168	0.064	0.14634146341463414	0.0	0.0594059405940594	0.08823529411764706	0.0	0.0	0.04504504504504504	0.0	0.10204081632653061
id	0.03225806451612903	0.13414634146341464	0.0	0.0	0.0	0.013157894736842105	0.06944444444444445	0.022099447513812154	0.01098901098901099	0.0	0.05084745762711865	0.0	0.09523809523809523	1.0	0.07142857142857142	0.0196078431372549	0.056074766355140186	0.0	0.13333333333333333	0.047619047619047616	0.07142857142857142	0.016666666666666666	0.06666666666666667	0.047058823529411764	0.12987012987012986	0.027777777777777776	0.07894736842105263	0.0	0.02127659574468085	0.061224489795918366	0.0	0.0	0.07547169811320754	0.0	0.04666666666666667
it	0.0	0.0872093023255814	0.0	0.015503875968992248	0.01282051282051282	0.023952095808383235	0.042682926829268296	0.052830188679245285	0.0449438202247191	0.04405286343612335	0.033112582781456956	0.0	0.08854166666666667	0.07142857142857142	1.0	0.058823529411764705	0.08376963350785341	0.014814814814814815	0.03571428571428571	0.03759398496240601	0.0	0.026490066225165563	0.032679738562091505	0.03977272727272727	0.08383233532934131	0.037037037037037035	0.09316770186335403	0.0	0.014285714285714285	0.006896551724137931	0.0136986301369863	0.0	0.041379310344827586	0.0	0.09606986899563319
ja	0.012658227848101266	0.029197080291970802	0.0	0.0	0.01818181818181818	0.02459016393442623	0.05042016806722689	0.04484304932735426	0.05263157894736842	0.06111111111111111	0.047619047619047616	0.0	0.03821656050955414	0.0196078431372549	0.058823529411764705	1.0	0.03870967741935484	0.011111111111111112	0.0	0.01098901098901099	0.012987012987012988	0.018691588785046728	0.027522935779816515	0.03787878787878788	0.046511627906976744	0.025210084033613446	0.031746031746031744	0.0	0.010526315789473684	0.0	0.009900990099009901	0.0	0.029411764705882353	0.0	0.04060913705583756
ko	0.0	0.13636363636363635	0.0	0.044444444444444446	0.03418803418803419	0.03076923076923077	0.09836065573770492	0.03418803418803419	0.05673758865248227	0.041666666666666664	0.05309734513274336	0.0	0.10967741935483871	0.056074766355140186	0.08376963350785341	0.03870967741935484	1.0	0.030927835051546393	0.08	0.041237113402061855	0.0	0.03508771929824561	0.06140350877192982	0.08955223880597014	0.07462686567164178	0.031496062992125984	0.12096774193548387	0.0	0.07142857142857142	0.05825242718446602	0.027777777777777776	0.0	0.06542056074766354	0.0	0.07
lv	0.05555555555555555	0.06666666666666667	0.0	0.043478260869565216	0.04081632653061224	0.0	0.10344827586206896	0.011764705882352941	0.0	0.023622047244094488	0.0	0.0	0.02	0.0	0.014814814814814815	0.011111111111111112	0.030927835051546393	1.0	0.02702702702702703	0.0	0.0	0.0	0.02	0.02702702702702703	0.0	0.0	0.029850746268656716	0.0	0.0	0.02631578947368421	0.0	0.0	0.0	0.0	0.02127659574468085
mk	0.0	0.15789473684210525	0.0	0.03225806451612903	0.0	0.02857142857142857	0.058823529411764705	0.011235955056179775	0.011627906976744186	0.0072992700729927005	0.03636363636363636	0.0	0.1	0.13333333333333333	0.03571428571428571	0.0	0.08	0.02702702702702703	1.0	0.02631578947368421	0.0	0.037037037037037035	0.05357142857142857	0.10526315789473684	0.09333333333333334	0.045454545454545456	0.08450704225352113	0.0	0.10256410256410256	0.06818181818181818	0.0	0.0	0.04	0.0	0.04827586206896552
ml	0.0	0.14084507042253522	0.0	0.08695652173913043	0.0196078431372549	0.0	0.031746031746031744	0.0	0.0	0.0234375	0.041666666666666664	0.0625	0.03	0.047619047619047616	0.03759398496240601	0.01098901098901099	0.041237113402061855	0.0	0.02631578947368421	1.0	0.0	0.0	0.0196078431372549	0.08450704225352113	0.041666666666666664	0.0	0.09375	0.0	0.09090909090909091	0.02564102564102564	0.05	0.0	0.046511627906976744	0.0	0.028368794326241134
mr	0.2	0.015151515151515152	0.0	0.0	0.0	0.0	0.02	0.012738853503184714	0.0	0.0	0.0	0.0	0.011363636363636364	0.07142857142857142	0.0	0.012987012987012988	0.0	0.0	0.0	0.0	1.0	0.0	0.0	0.0	0.0	0.02127659574468085	0.01818181818181818	0.0	0.0	0.0	0.0	0.0	0.03333333333333333	0.0	0.0
nl	0.0	0.0425531914893617	0.0	0.0	0.029850746268656716	0.012345679012345678	0.025	0.02702702702702703	0.010416666666666666	0.027777777777777776	0.0	0.0	0.01694915254237288	0.016666666666666666	0.026490066225165563	0.018691588785046728	0.03508771929824561	0.0	0.037037037037037035	0.0	0.0	1.0	0.0	0.021739130434782608	0.033707865168539325	0.039473684210526314	0.011627906976744186	0.0	0.019230769230769232	0.0	0.017241379310344827	0.0	0.0	0.0	0.038461538461538464
pl	0.0	0.052083333333333336	0.0	0.046511627906976744	0.014084507042253521	0.036585365853658534	0.0625	0.026595744680851064	0.030927835051546393	0.0	0.029411764705882353	0.0	0.05128205128205128	0.06666666666666667	0.032679738562091505	0.027522935779816515	0.06140350877192982	0.02	0.05357142857142857	0.0196078431372549	0.0	0.0	1.0	0.043010752688172046	0.06741573033707865	0.0	0.07142857142857142	0.0	0.01818181818181818	0.01694915254237288	0.01639344262295082	0.0	0.031746031746031744	0.0	0.03773584905660377
pt	0.015625	0.13513513513513514	0.0	0.029411764705882353	0.0	0.018518518518518517	0.0784313725490196	0.02830188679245283	0.02459016393442623	0.029239766081871343	0.10465116279069768	0.01639344262295082	0.1297709923664122	0.047058823529411764	0.03977272727272727	0.03787878787878788	0.08955223880597014	0.02702702702702703	0.10526315789473684	0.08450704225352113	0.0	0.021739130434782608	0.043010752688172046	1.0	0.061946902654867256	0.028846153846153848	0.09523809523809523	0.0	0.06578947368421052	0.04938271604938271	0.04819277108433735	0.0	0.058823529411764705	0.0	0.06741573033707865
ro	0.0	0.13761467889908258	0.0	0.030303030303030304	0.03260869565217391	0.009345794392523364	0.08	0.018867924528301886	0.0603448275862069	0.023529411764705882	0.02197802197802198	0.01694915254237288	0.168	0.12987012987012986	0.08383233532934131	0.046511627906976744	0.07462686567164178	0.0	0.09333333333333334	0.041666666666666664	0.0	0.033707865168539325	0.06741573033707865	0.061946902654867256	1.0	0.05	0.1414141414141414	0.0	0.0821917808219178	0.09210526315789473	0.011904761904761904	0.0	0.023255813953488372	0.0	0.08670520231213873
ru	0.02040816326530612	0.04716981132075472	0.0	0.0	0.012345679012345678	0.021505376344086023	0.03260869565217391	0.015	0.0	0.0189873417721519	0.02564102564102564	0.0	0.064	0.027777777777777776	0.037037037037037035	0.025210084033613446	0.031496062992125984	0.0	0.045454545454545456	0.0	0.02127659574468085	0.039473684210526314	0.0	0.028846153846153848	0.05	1.0	0.05263157894736842	0.0	0.015384615384615385	0.07692307692307693	0.014084507042253521	0.0	0.013513513513513514	0.0	0.03550295857988166
sh	0.03571428571428571	0.1782178217821782	0.0	0.08620689655172414	0.0	0.03	0.09574468085106383	0.03431372549019608	0.05357142857142857	0.018072289156626505	0.023255813953488372	0.018518518518518517	0.14634146341463414	0.07894736842105263	0.09316770186335403	0.031746031746031744	0.12096774193548387	0.029850746268656716	0.08450704225352113	0.09375	0.01818181818181818	0.011627906976744186	0.07142857142857142	0.09523809523809523	0.1414141414141414	0.05263157894736842	1.0	0.0	0.1044776119402985	0.13043478260869565	0.02564102564102564	0.0	0.05063291139240506	0.0	0.11585365853658537
si	0.0	0.0	0.0	0.0	0.0	0.0	0.0	0.0	0.0	0.0	0.0	0.0	0.0	0.0	0.0	0.0	0.0	0.0	0.0	0.0	0.0	0.0	0.0	0.0	0.0	0.0	0.0	0.0	0.0	0.0	0.0	0.0	0.0	0.0	0.0
simple	0.0	0.08974358974358974	0.0	0.0	0.01818181818181818	0.029850746268656716	0.06153846153846154	0.011428571428571429	0.024390243902439025	0.022727272727272728	0.018867924528301886	0.0	0.0594059405940594	0.02127659574468085	0.014285714285714285	0.010526315789473684	0.07142857142857142	0.0	0.10256410256410256	0.09090909090909091	0.0	0.019230769230769232	0.01818181818181818	0.06578947368421052	0.0821917808219178	0.015384615384615385	0.1044776119402985	0.0	1.0	0.023255813953488372	0.0	0.0	0.0425531914893617	0.0	0.06428571428571428
sr	0.0	0.12658227848101267	0.0	0.13793103448275862	0.0	0.013888888888888888	0.04285714285714286	0.016853932584269662	0.011494252873563218	0.022058823529411766	0.03571428571428571	0.0	0.08823529411764706	0.061224489795918366	0.006896551724137931	0.0	0.05825242718446602	0.02631578947368421	0.06818181818181818	0.02564102564102564	0.0	0.0	0.01694915254237288	0.04938271604938271	0.09210526315789473	0.07692307692307693	0.13043478260869565	0.0	0.023255813953488372	1.0	0.0	0.0	0.0	0.0	0.0851063829787234
sv	0.0	0.011111111111111112	0.0	0.0	0.05084745762711865	0.0	0.07142857142857142	0.005494505494505495	0.022727272727272728	0.007142857142857143	0.01694915254237288	0.0	0.0	0.0	0.0136986301369863	0.009900990099009901	0.027777777777777776	0.0	0.0	0.05	0.0	0.017241379310344827	0.01639344262295082	0.04819277108433735	0.011904761904761904	0.014084507042253521	0.02564102564102564	0.0	0.0	0.0	1.0	0.0	0.0	0.0	0.03333333333333333
te	0.0	0.0	0.0	0.0	0.0	0.0	0.0	0.0	0.0	0.0	0.0	0.0	0.0	0.0	0.0	0.0	0.0	0.0	0.0	0.0	0.0	0.0	0.0	0.0	0.0	0.0	0.0	0.0	0.0	0.0	0.0	0.0	0.0	0.0	0.0
vi	0.03125	0.044444444444444446	0.0	0.02702702702702703	0.015625	0.0	0.02631578947368421	0.03333333333333333	0.03333333333333333	0.006993006993006993	0.06779661016949153	0.034482758620689655	0.04504504504504504	0.07547169811320754	0.041379310344827586	0.029411764705882353	0.06542056074766354	0.0	0.04	0.046511627906976744	0.03333333333333333	0.0	0.031746031746031744	0.058823529411764705	0.023255813953488372	0.013513513513513514	0.05063291139240506	0.0	0.0425531914893617	0.0	0.0	0.0	1.0	0.0	0.01935483870967742
war	0.0	0.0	0.0	0.0	0.0	0.0	0.0	0.0	0.0	0.0	0.0	0.0	0.0	0.0	0.0	0.0	0.0	0.0	0.0	0.0	0.0	0.0	0.0	0.0	0.0	0.0	0.0	0.0	0.0	0.0	0.0	0.0	0.0	0.0	0.0
zh	0.015267175572519083	0.10227272727272728	0.0	0.022222222222222223	0.03125	0.028901734104046242	0.05325443786982249	0.043795620437956206	0.03208556149732621	0.04721030042918455	0.03164556962025317	0.007751937984496124	0.10204081632653061	0.04666666666666667	0.09606986899563319	0.04060913705583756	0.07	0.02127659574468085	0.04827586206896552	0.028368794326241134	0.0	0.038461538461538464	0.03773584905660377	0.06741573033707865	0.08670520231213873	0.03550295857988166	0.11585365853658537	0.0	0.06428571428571428	0.0851063829787234	0.03333333333333333	0.0	0.01935483870967742	0.0	1.0
