arz	bs	ceb	ckb	da	de	el	en	es	fr	he	hi	hu	id	it	ja	ko	lv	mk	ml	mr	nl	pl	pt	ro	ru	sh	si	simple	sr	sv	te	vi	war	zh
arz	1.0	0.28172904669025317	1.0	1.0	0.16015261286229274	0.4364916731037085	1.0	0.15278212615814146	0.5	0.2612038749637414	1.0	1.0	0.1784329590736899	0.2843646522044218	0.1584693830492905	1.0	1.0	1.0	1.0	1.0	1.0	0.44948974278317805	0.30901699437494745	0.3660254037844386	0.18502951679940477	1.0	0.27429188517743175	1.0	0.3797958971132712	1.0	0.18740992571549211	1.0	0.2958163163244893	1.0	1.0
bs	0.28172904669025317	1.0	0.24660605559646726	0.585786437626905	0.08800719412678655	0.06747513137413291	0.09845083110715412	0.07058082979845967	0.08947868713461765	0.06883771777536284	0.0989077265749305	0.2402530733520421	0.09147876508317013	0.09039821660880268	0.0806986249623462	0.0904406043183911	0.11726454839085287	0.14322305311055528	0.14165848048358798	0.2240092377397959	0.3430703308172536	0.09343415565513453	0.09243864450549283	0.0907129756701457	0.11031226095347756	0.09044060431839111	0.07324653137411584	1.0	0.12237847476499869	0.09388741552902038	0.08841673611927972	1.0	0.12478706968549795	0.20942771453851886	0.0904406043183911
ceb	1.0	0.24660605559646726	1.0	1.0	0.05413473746756923	0.16529601915024647	1.0	0.00735505210214366	0.15776505912784203	0.06003542854008659	1.0	1.0	0.03362450391078767	0.11173380652316264	0.045602859351158695	0.585786437626905	1.0	0.4142135623730951	1.0	1.0	1.0	0.10731163837586757	0.11562659600676829	0.11072738900951977	0.06425355470479897	0.585786437626905	0.08997952056658877	1.0	0.21551468935838852	1.0	0.04194947781967418	1.0	0.11562659600676829	0.585786437626905	1.0
ckb	1.0	0.585786437626905	1.0	1.0	0.5	0.585786437626905	1.0	0.30216947925196225	0.5	0.5	1.0	1.0	0.36602540378443865	1.0	0.4142135623730951	1.0	1.0	1.0	1.0	1.0	1.0	0.4142135623730951	0.5	0.44948974278317805	0.3164309725825328	1.0	1.0	1.0	0.585786437626905	1.0	0.585786437626905	1.0	1.0	1.0	1.0
da	0.16015261286229274	0.08800719412678655	0.05413473746756923	0.5	1.0	0.007512528655295195	0.019660342212598284	0.011637720740476943	0.007970930678269697	0.007717079914247772	0.009728047876055138	0.07213695154692462	0.011105247216084257	0.011752053036190492	0.00811283732501589	0.008384828474512584	0.012239428714594703	0.0524339394564462	0.07192439819071868	0.06125167087452341	0.16713169773043432	0.007791127075098425	0.008201875881817106	0.008096068174761812	0.01737369914529755	0.00779253233332614	0.011124047213095633	0.4364916731037085	0.04858546721984979	0.012374847282993597	0.007733992212875033	0.585786437626905	0.013323013421482472	0.08345989239660431	0.009839435178820438
de	0.4364916731037085	0.06747513137413291	0.16529601915024647	0.585786437626905	0.007512528655295195	1.0	0.11173380652316264	0.0015743926584707595	0.021623220728377003	0.002068154985501302	0.08569515966486985	0.38742588672279304	0.004514127048657749	0.006139180606875476	0.0021482017102228673	0.09958601436548065	0.12671020163537874	0.1951941016011038	0.26968623182294527	0.32449979983983984	0.4142135623730951	0.007274766967141244	0.010081928963471865	0.00411077956935847	0.008021415458750064	0.04438713544132105	0.005776756421808352	1.0	0.07649531238445344	0.11891379259994585	0.004218264662911863	0.585786437626905	0.014133849722863315	0.44948974278317805	0.07053835744014156
el	1.0	0.09845083110715412	1.0	1.0	0.019660342212598284	0.11173380652316264	1.0	0.005219953109681156	0.09313996967708389	0.028218788220436525	1.0	1.0	0.012885708141875056	0.02930213524070339	0.012206429502852294	1.0	1.0	0.3203772410170407	1.0	1.0	1.0	0.07222702791868982	0.08185945444108944	0.04250011889271068	0.016832736370253384	1.0	0.03527063127615281	1.0	0.17025921636942778	0.585786437626905	0.0354721597186935	1.0	0.061127188889472564	0.585786437626905	1.0
en	0.15278212615814146	0.07058082979845967	0.00735505210214366	0.30216947925196225	0.011637720740476943	0.0015743926584707595	0.005219953109681156	1.0	0.0021797469013666105	0.005236455105904138	0.004601270071450374	0.05198228095644871	0.009892335716904047	0.006785339806604695	0.007761387688600283	0.004149114575796704	0.0071115893362374005	0.09592193939733354	0.034532918902729595	0.07227784826255533	0.1490948810446894	0.0029561376335377845	0.0030484001029877834	0.003946263635013278	0.010271650264226105	0.0024281864735263238	0.006640219217990091	0.585786437626905	0.03152425380409307	0.006682771878667677	0.004686601492658118	0.26968623182294527	0.006591657387231661	0.126516536980057	0.004226459837753982
es	0.5	0.08947868713461765	0.15776505912784203	0.5	0.007970930678269697	0.021623220728377003	0.09313996967708389	0.0021797469013666105	1.0	0.002630122867335196	0.09049875621120891	0.23166247903554	0.005107707785052633	0.006577308653206614	0.002537620205821857	0.07818714581559127	0.12230396133076557	0.17768887145983384	0.25	0.33333333333333326	0.44948974278317805	0.018059102479337272	0.012415000953614272	0.005133683931487237	0.008285608268932723	0.03898088355764393	0.005891543332419585	0.585786437626905	0.07951625573546038	0.12556198186509598	0.004898794300700811	1.0	0.018331685889087325	0.2989350844248255	0.07737921899655217
fr	0.2612038749637414	0.06883771777536284	0.06003542854008659	0.5	0.007717079914247772	0.002068154985501302	0.028218788220436525	0.005236455105904138	0.002630122867335196	1.0	0.024011418045860947	0.1449453396893802	0.0048765316246935685	0.006210121344273564	0.00418681406567629	0.016246886488717555	0.04282561063178009	0.13484129921095567	0.12849622184722817	0.15894454156034005	0.36602540378443865	0.0038864049407945672	0.003899460114686116	0.004021307025317741	0.008455653688379998	0.0032245251073108076	0.005647175159471818	1.0	0.06995804700709211	0.031615429953489864	0.004622250111908483	0.5	0.017332013090342373	0.29893508442482547	0.01783080646153046
he	1.0	0.0989077265749305	1.0	1.0	0.009728047876055138	0.08569515966486985	1.0	0.004601270071450374	0.09049875621120891	0.024011418045860947	1.0	1.0	0.00856634459745575	0.027776990459593004	0.00746830707055437	1.0	1.0	0.23166247903554	1.0	1.0	1.0	0.04828491185658587	0.053894768822396445	0.02729366681794248	0.011874534008744735	0.585786437626905	0.011765682429840201	1.0	0.10745035092526581	0.5	0.020024750799931948	1.0	0.031961985948585715	0.585786437626905	1.0
hi	1.0	0.2402530733520421	1.0	1.0	0.07213695154692462	0.38742588672279304	1.0	0.05198228095644871	0.23166247903554	0.1449453396893802	1.0	1.0	0.11015948966072774	0.13460579770236292	0.09184199982221349	1.0	1.0	0.5	1.0	1.0	1.0	0.19219040425836986	0.16666666666666666	0.1639607805437114	0.11850253745043801	1.0	0.1284962218472282	1.0	0.25728427444747215	0.585786437626905	0.18200213598171075	1.0	0.1852891992413258	0.585786437626905	1.0
hu	0.1784329590736899	0.09147876508317013	0.03362450391078767	0.36602540378443865	0.011105247216084257	0.004514127048657749	0.012885708141875056	0.009892335716904047	0.005107707785052633	0.0048765316246935685	0.00856634459745575	0.11015948966072774	1.0	0.007985919022243706	0.005998026649492199	0.006001707391003886	0.010957561992180514	0.11606619483971768	0.07598561026052977	0.09605004301468584	0.2612038749637414	0.005473419245812127	0.005724309861092641	0.005451826495358093	0.012507339400301973	0.005112510960922292	0.008191342136029092	0.5	0.08109346528782187	0.012432587853962541	0.006079370360206304	1.0	0.01243293096407563	0.11466807380360725	0.007109100228637634
id	0.2843646522044218	0.09039821660880268	0.11173380652316264	1.0	0.011752053036190492	0.006139180606875476	0.02930213524070339	0.006785339806604695	0.006577308653206614	0.006210121344273564	0.027776990459593004	0.13460579770236292	0.007985919022243706	1.0	0.0067154983914059505	0.015986354217182863	0.04927303283694318	0.13214233924342206	0.10914154451287243	0.1449453396893802	0.2674788903885893	0.012309233663945486	0.010479749347141359	0.007840647916905525	0.012253034965139508	0.007740803072724514	0.020579980803285155	0.585786437626905	0.10089317227396921	0.030841705208350355	0.011171735170506927	0.585786437626905	0.02739986191138013	0.24828371682826425	0.022801120896182577
it	0.1584693830492905	0.0806986249623462	0.045602859351158695	0.4142135623730951	0.00811283732501589	0.0021482017102228673	0.012206429502852294	0.007761387688600283	0.002537620205821857	0.00418681406567629	0.00746830707055437	0.09184199982221349	0.005998026649492199	0.0067154983914059505	1.0	0.005706526429834874	0.021706241181075274	0.13367660240019172	0.10023898077131066	0.100092726173371	0.2612038749637414	0.003427310058507331	0.0035788671824872422	0.0040403093117955735	0.008539322489546062	0.002985515298706351	0.006199016988710285	0.5	0.06934730452079829	0.024236950691606328	0.004701825728243797	0.5	0.012153688561535635	0.1886378647726465	0.005855999781344848
ja	1.0	0.0904406043183911	0.585786437626905	1.0	0.008384828474512584	0.09958601436548065	1.0	0.004149114575796704	0.07818714581559127	0.016246886488717555	1.0	1.0	0.006001707391003886	0.015986354217182863	0.005706526429834874	1.0	1.0	0.2402530733520421	1.0	1.0	1.0	0.05110529346218804	0.04259493027397105	0.024257983443154312	0.011000671327961392	0.5	0.009127969723433986	1.0	0.10300534946648669	0.5	0.01697111239882785	1.0	0.02670881702391276	0.585786437626905	1.0
ko	1.0	0.11726454839085287	1.0	1.0	0.012239428714594703	0.12671020163537874	1.0	0.0071115893362374005	0.12230396133076557	0.04282561063178009	1.0	1.0	0.010957561992180514	0.04927303283694318	0.021706241181075274	1.0	1.0	0.28436465220442186	1.0	1.0	1.0	0.08815170219611888	0.08286396551925372	0.0621496122969376	0.015418581101839286	0.585786437626905	0.034219606334352996	1.0	0.11651106980622213	0.5	0.038359743945307875	1.0	0.052715140183401045	0.585786437626905	1.0
lv	1.0	0.14322305311055528	0.4142135623730951	1.0	0.0524339394564462	0.1951941016011038	0.3203772410170407	0.09592193939733354	0.17768887145983384	0.13484129921095567	0.23166247903554	0.5	0.11606619483971768	0.13214233924342206	0.13367660240019172	0.2402530733520421	0.28436465220442186	1.0	0.39564392373896007	0.5	1.0	0.15313419744267107	0.17025921636942778	0.14732056773523425	0.1145848100859909	0.21239994067041815	0.11419804257149403	1.0	0.21822796141133347	0.3333333333333333	0.14342762372277806	1.0	0.13864068688307518	0.4142135623730951	0.26533119314590375
mk	1.0	0.14165848048358798	1.0	1.0	0.07192439819071868	0.26968623182294527	1.0	0.034532918902729595	0.25	0.12849622184722817	1.0	1.0	0.07598561026052977	0.10914154451287243	0.10023898077131066	1.0	1.0	0.39564392373896007	1.0	1.0	1.0	0.1983555576735248	0.19367338768973055	0.17684258135111194	0.11939392445382604	1.0	0.17176743283130236	1.0	0.22772999919644132	1.0	0.1463924816619788	1.0	0.17176743283130236	1.0	1.0
ml	1.0	0.2240092377397959	1.0	1.0	0.06125167087452341	0.32449979983983984	1.0	0.07227784826255533	0.33333333333333326	0.15894454156034005	1.0	1.0	0.09605004301468584	0.1449453396893802	0.100092726173371	1.0	1.0	0.5	1.0	1.0	1.0	0.20942771453851886	0.20521309615767264	0.17464760748059102	0.08808349090463513	1.0	0.12729683913915313	1.0	0.26533119314590375	1.0	0.13780890217571676	1.0	0.11045582272443316	1.0	1.0
mr	1.0	0.3430703308172536	1.0	1.0	0.16713169773043432	0.4142135623730951	1.0	0.1490948810446894	0.44948974278317805	0.36602540378443865	1.0	1.0	0.2612038749637414	0.2674788903885893	0.2612038749637414	1.0	1.0	1.0	1.0	1.0	1.0	0.30216947925196225	0.3090169943749474	0.28989794855663564	0.3090169943749474	1.0	0.2843646522044218	1.0	0.4142135623730951	0.585786437626905	0.5	1.0	0.4142135623730951	1.0	1.0
nl	0.44948974278317805	0.09343415565513453	0.10731163837586757	0.4142135623730951	0.007791127075098425	0.007274766967141244	0.07222702791868982	0.0029561376335377845	0.018059102479337272	0.0038864049407945672	0.04828491185658587	0.19219040425836986	0.005473419245812127	0.012309233663945486	0.003427310058507331	0.05110529346218804	0.08815170219611888	0.15313419744267107	0.1983555576735248	0.20942771453851886	0.30216947925196225	1.0	0.01675116504921183	0.007513937019991643	0.00995507095264558	0.018323504116043762	0.007085578744704206	1.0	0.08572385369268976	0.06846710307287346	0.0060411179338831	1.0	0.02021835525351109	0.22772999919644132	0.048877385769907945
pl	0.30901699437494745	0.09243864450549283	0.11562659600676829	0.5	0.008201875881817106	0.010081928963471865	0.08185945444108944	0.0030484001029877834	0.012415000953614272	0.003899460114686116	0.053894768822396445	0.16666666666666666	0.005724309861092641	0.010479749347141359	0.0035788671824872422	0.04259493027397105	0.08286396551925372	0.17025921636942778	0.19367338768973055	0.20521309615767264	0.3090169943749474	0.01675116504921183	1.0	0.009989614073573409	0.00909361913334211	0.017132398565720353	0.007214040305056843	1.0	0.07864495056044024	0.07261375213434414	0.0062808563280005985	1.0	0.023373992570177485	0.28708594921778513	0.04615527779243984
pt	0.3660254037844386	0.0907129756701457	0.11072738900951977	0.44948974278317805	0.008096068174761812	0.00411077956935847	0.04250011889271068	0.003946263635013278	0.005133683931487237	0.004021307025317741	0.02729366681794248	0.1639607805437114	0.005451826495358093	0.007840647916905525	0.0040403093117955735	0.024257983443154312	0.0621496122969376	0.14732056773523425	0.17684258135111194	0.17464760748059102	0.28989794855663564	0.007513937019991643	0.009989614073573409	1.0	0.009064140463265128	0.006263015895909528	0.007222181911462433	1.0	0.0750710495027132	0.058608476280968914	0.00540333811915928	0.585786437626905	0.021590104015208555	0.21239994067041815	0.030191940955808867
ro	0.18502951679940477	0.11031226095347756	0.06425355470479897	0.3164309725825328	0.01737369914529755	0.008021415458750064	0.016832736370253384	0.010271650264226105	0.008285608268932723	0.008455653688379998	0.011874534008744735	0.11850253745043801	0.012507339400301973	0.012253034965139508	0.008539322489546062	0.011000671327961392	0.015418581101839286	0.1145848100859909	0.11939392445382604	0.08808349090463513	0.3090169943749474	0.00995507095264558	0.00909361913334211	0.009064140463265128	1.0	0.008486301819597626	0.011740243665617729	0.5	0.09018985705296581	0.01540603382635307	0.009716215671080773	0.585786437626905	0.01609862610496734	0.11600307446499748	0.011263464960297537
ru	1.0	0.09044060431839111	0.585786437626905	1.0	0.00779253233332614	0.04438713544132105	1.0	0.0024281864735263238	0.03898088355764393	0.0032245251073108076	0.585786437626905	1.0	0.005112510960922292	0.007740803072724514	0.002985515298706351	0.5	0.585786437626905	0.21239994067041815	1.0	1.0	1.0	0.018323504116043762	0.017132398565720353	0.006263015895909528	0.008486301819597626	1.0	0.006203275316696037	1.0	0.0827478944713656	0.4142135623730951	0.005536982169272783	1.0	0.022854809340305683	0.585786437626905	0.5
sh	0.27429188517743175	0.07324653137411584	0.08997952056658877	1.0	0.011124047213095633	0.005776756421808352	0.03527063127615281	0.006640219217990091	0.005891543332419585	0.005647175159471818	0.011765682429840201	0.1284962218472282	0.008191342136029092	0.020579980803285155	0.006199016988710285	0.009127969723433986	0.034219606334352996	0.11419804257149403	0.17176743283130236	0.12729683913915313	0.2843646522044218	0.007085578744704206	0.007214040305056843	0.007222181911462433	0.011740243665617729	0.006203275316696037	1.0	1.0	0.07155858813926623	0.02342900293019093	0.008315996719311191	0.585786437626905	0.031244536233725445	0.2043134457775982	0.015543550654298684
si	1.0	1.0	1.0	1.0	0.4364916731037085	1.0	1.0	0.585786437626905	0.585786437626905	1.0	1.0	1.0	0.5	0.585786437626905	0.5	1.0	1.0	1.0	1.0	1.0	1.0	1.0	1.0	1.0	0.5	1.0	1.0	1.0	1.0	1.0	0.585786437626905	1.0	0.5	1.0	1.0
simple	0.3797958971132712	0.12237847476499869	0.21551468935838852	0.585786437626905	0.04858546721984979	0.07649531238445344	0.17025921636942778	0.03152425380409307	0.07951625573546038	0.06995804700709211	0.10745035092526581	0.25728427444747215	0.08109346528782187	0.10089317227396921	0.06934730452079829	0.10300534946648669	0.11651106980622213	0.21822796141133347	0.22772999919644132	0.26533119314590375	0.4142135623730951	0.08572385369268976	0.07864495056044024	0.0750710495027132	0.09018985705296581	0.0827478944713656	0.07155858813926623	1.0	1.0	0.13493586458677911	0.0801162020364323	1.0	0.09156723074882706	0.2674788903885893	0.09762995681639129
sr	1.0	0.09388741552902038	1.0	1.0	0.012374847282993597	0.11891379259994585	0.585786437626905	0.006682771878667677	0.12556198186509598	0.031615429953489864	0.5	0.585786437626905	0.012432587853962541	0.030841705208350355	0.024236950691606328	0.5	0.5	0.3333333333333333	1.0	1.0	0.585786437626905	0.06846710307287346	0.07261375213434414	0.058608476280968914	0.01540603382635307	0.4142135623730951	0.02342900293019093	1.0	0.13493586458677911	1.0	0.033796206717337504	1.0	0.06552667422829728	0.585786437626905	0.5
sv	0.18740992571549211	0.08841673611927972	0.04194947781967418	0.585786437626905	0.007733992212875033	0.004218264662911863	0.0354721597186935	0.004686601492658118	0.004898794300700811	0.004622250111908483	0.020024750799931948	0.18200213598171075	0.006079370360206304	0.011171735170506927	0.004701825728243797	0.01697111239882785	0.038359743945307875	0.14342762372277806	0.1463924816619788	0.13780890217571676	0.5	0.0060411179338831	0.0062808563280005985	0.00540333811915928	0.009716215671080773	0.005536982169272783	0.008315996719311191	0.585786437626905	0.0801162020364323	0.033796206717337504	1.0	0.585786437626905	0.021704704434021956	0.2449655295864104	0.017621572603116024
te	1.0	1.0	1.0	1.0	0.585786437626905	0.585786437626905	1.0	0.26968623182294527	1.0	0.5	1.0	1.0	1.0	0.585786437626905	0.5	1.0	1.0	1.0	1.0	1.0	1.0	1.0	1.0	0.585786437626905	0.585786437626905	1.0	0.585786437626905	1.0	1.0	1.0	0.585786437626905	1.0	0.585786437626905	1.0	1.0
vi	0.2958163163244893	0.12478706968549795	0.11562659600676829	1.0	0.013323013421482472	0.014133849722863315	0.061127188889472564	0.006591657387231661	0.018331685889087325	0.017332013090342373	0.031961985948585715	0.1852891992413258	0.01243293096407563	0.02739986191138013	0.012153688561535635	0.02670881702391276	0.052715140183401045	0.13864068688307518	0.17176743283130236	0.11045582272443316	0.4142135623730951	0.02021835525351109	0.023373992570177485	0.021590104015208555	0.01609862610496734	0.022854809340305683	0.031244536233725445	0.5	0.09156723074882706	0.06552667422829728	0.021704704434021956	0.585786437626905	1.0	0.15373868866242846	0.02908881826849051
war	1.0	0.20942771453851886	0.585786437626905	1.0	0.08345989239660431	0.44948974278317805	0.585786437626905	0.126516536980057	0.2989350844248255	0.29893508442482547	0.585786437626905	0.585786437626905	0.11466807380360725	0.24828371682826425	0.1886378647726465	0.585786437626905	0.585786437626905	0.4142135623730951	1.0	1.0	1.0	0.22772999919644132	0.28708594921778513	0.21239994067041815	0.11600307446499748	0.585786437626905	0.2043134457775982	1.0	0.2674788903885893	0.585786437626905	0.2449655295864104	1.0	0.15373868866242846	1.0	0.585786437626905
zh	1.0	0.0904406043183911	1.0	1.0	0.009839435178820438	0.07053835744014156	1.0	0.004226459837753982	0.07737921899655217	0.01783080646153046	1.0	1.0	0.007109100228637634	0.022801120896182577	0.005855999781344848	1.0	1.0	0.26533119314590375	1.0	1.0	1.0	0.048877385769907945	0.04615527779243984	0.030191940955808867	0.011263464960297537	0.5	0.015543550654298684	1.0	0.09762995681639129	0.5	0.017621572603116024	1.0	0.02908881826849051	0.585786437626905	1.0
