arz	bs	ceb	ckb	da	de	el	en	es	fr	he	hi	hu	id	it	ja	ko	lv	mk	ml	mr	nl	pl	pt	ro	ru	sh	si	simple	sr	sv	te	tr	vi	war	zh
arz	0.0	0.0	0.0	0.0	0.0	0.0	0.0	0.0	0.0	0.0	0.0	0.0	0.0	0.0	0.0	0.0	0.0	0.0	0.0	0.0	0.0	0.0	0.0	0.0	0.0	0.0	0.0	0.0	0.0	0.0	0.0	0.0	0.0	0.0	0.0	0.0
bs	0.0	1.0	0.0	0.0	0.002657218777679362	0.001913265306122449	0.0	0.0006630100656982702	0.000894054537326777	0.0015240583496625298	0.0	0.0	0.0038666022232962784	0.005674908796108634	0.0013838436256702993	0.0	0.0	0.0	0.0	0.0	0.0	0.0020639834881320948	0.002128162686214235	0.0014265335235378032	0.007136060894386299	0.0	0.0019014187509141436	0.0	0.0026761819803746653	0.0012991230919129587	0.0009398496240601503	0.0	0.02531645569620253	0.002046663937781416	0.0	0.0
ceb	0.0	0.0	0.0	0.0	0.0	0.0	0.0	0.0	0.0	0.0	0.0	0.0	0.0	0.0	0.0	0.0	0.0	0.0	0.0	0.0	0.0	0.0	0.0	0.0	0.0	0.0	0.0	0.0	0.0	0.0	0.0	0.0	-1.0	0.0	0.0	0.0
ckb	0.0	0.0	0.0	0.0	0.0	0.0	0.0	0.0	0.0	0.0	0.0	0.0	0.0	0.0	0.0	0.0	0.0	0.0	0.0	0.0	0.0	0.0	0.0	0.0	0.0	0.0	0.0	0.0	0.0	0.0	0.0	0.0	0.0	0.0	0.0	0.0
da	0.0	0.002657218777679362	0.0	0.0	1.0	0.0014727540500736377	0.0	0.0004328201323192976	0.0005506607929515419	0.00023940627244433804	0.0	0.0	0.0006045949214026602	0.004390243902439025	0.001119194180190263	0.0	0.0	0.0	0.0	0.0	0.0	0.0016083634901487736	0.0005243838489774515	0.0005941770647653001	0.004146919431279621	0.0	0.0003112356053532524	0.0	0.002857142857142857	0.0006968641114982578	0.0017595307917888563	0.0	0.0	0.0004938271604938272	0.0	0.0
de	0.0	0.001913265306122449	0.0	0.0	0.0014727540500736377	1.0	0.0	0.0030328094844223876	0.00104629871828407	0.0012944983818770227	0.0	0.0	0.001366120218579235	0.0012303149606299212	0.002037489812550937	0.0	0.0	0.0	0.0	0.0	0.0	0.0024498886414253897	0.0010309278350515464	0.00027078256160303275	0.0008103727714748784	0.0	0.001543026706231454	0.0	0.0011074197120708748	0.0018087855297157622	0.0005382131324004305	0.0	0.0	0.00024783147459727387	0.0	0.0
el	0.0	0.0	0.0	0.0	0.0	0.0	0.0	0.0	0.0	0.0	0.0	0.0	0.0	0.0	0.0	0.0	0.0	0.0	0.0	0.0	0.0	0.0	0.0	0.0	0.0	0.0	0.0	0.0	0.0	0.0	0.0	0.0	0.0	0.0	0.0	0.0
en	0.0	0.0006630100656982702	0.0	0.0	0.0004328201323192976	0.0030328094844223876	0.0	1.0	0.002203026262392023	0.0046016975150833415	6.316720358789716e-05	0.0	0.0017548990933021352	0.0024591101452590644	0.0056467181467181465	0.0	0.0	0.00018751171948246765	0.0	0.0	0.0	0.002791580592931718	0.004008537664636368	0.0008168028004667445	0.0014585764294049008	0.0	0.00398881298427399	0.0	0.0006806509498174618	0.00331063185773742	0.0016326530612244899	0.0	0.003305785123966942	0.0021766525375186163	0.0	0.0
es	0.0	0.000894054537326777	0.0	0.0	0.0005506607929515419	0.00104629871828407	0.0	0.002203026262392023	1.0	0.0011365788975184693	0.0	0.0	0.0007246376811594203	0.004760393525864805	0.002632801610655103	0.0	0.0	0.0012217470983506415	0.0	0.0	0.0	0.0030666294954000556	0.002443494196701283	0.0007171029042667623	0.001787629603146228	0.0	0.0006640106241699867	0.0	0.0	0.0013154048523823444	0.0007109847138286527	0.0	0.006289308176100629	0.001278363694471077	0.0	0.0
fr	0.0	0.0015240583496625298	0.0	0.0	0.00023940627244433804	0.0012944983818770227	0.0	0.0046016975150833415	0.0011365788975184693	1.0	0.0	0.0	0.0007814026176987692	0.0018125793003443901	0.0036351243894127004	0.0	0.0	0.0	0.0	0.0	0.0	0.0013443118803562427	0.00441257584114727	0.001165954139137194	0.0013576415826221878	0.0	0.0014167172637117992	0.0	0.0	0.0011955222258450168	0.0009669309611293754	0.0	0.0	0.0018234865061998542	0.00026143790849673205	0.0
he	0.0	0.0	0.0	0.0	0.0	0.0	0.0	6.316720358789716e-05	0.0	0.0	1.0	0.0	0.0	0.0	0.0	0.0	0.0	0.0	0.0	0.0	0.0	0.0	0.0	0.0	0.0	0.0	0.0	0.0	0.0	0.0	0.0	0.0	0.0	0.0005963029218843172	0.0	0.0
hi	0.0	0.0	0.0	0.0	0.0	0.0	0.0	0.0	0.0	0.0	0.0	0.0	0.0	0.0	0.0	0.0	0.0	0.0	0.0	0.0	0.0	0.0	0.0	0.0	0.0	0.0	0.0	0.0	0.0	0.0	0.0	0.0	0.0	0.0	0.0	0.0
hu	0.0	0.0038666022232962784	0.0	0.0	0.0006045949214026602	0.001366120218579235	0.0	0.0017548990933021352	0.0007246376811594203	0.0007814026176987692	0.0	0.0	1.0	0.005018400802944129	0.0025412960609911056	0.0	0.0	0.0013559322033898306	0.0	0.0	0.0	0.0037978381536663743	0.002737994945240101	0.0011424219345011425	0.0015174506828528073	0.0	0.0012221618685497012	0.0	0.0006075334143377885	0.001347305389221557	0.004163512490537472	0.0	0.0	0.0026999662504218697	0.0	0.0
id	0.0	0.005674908796108634	0.0	0.0	0.004390243902439025	0.0012303149606299212	0.0	0.0024591101452590644	0.004760393525864805	0.0018125793003443901	0.0	0.0	0.005018400802944129	1.0	0.0035863717872086074	0.0	0.0	0.001597444089456869	0.0	0.0	0.0	0.0026109660574412533	0.0033022533022533025	0.0019821605550049554	0.003626772172766238	0.0	0.00154539600772698	0.0	0.003915810083210965	0.0012704686617730095	0.0019665683382497543	0.0	0.0	0.003568242640499554	0.0	0.0
it	0.0	0.0013838436256702993	0.0	0.0	0.001119194180190263	0.002037489812550937	0.0	0.0056467181467181465	0.002632801610655103	0.0036351243894127004	0.0	0.0	0.0025412960609911056	0.0035863717872086074	1.0	0.0	0.0	0.0009645061728395061	0.0	0.0	0.0	0.00294654132173425	0.004624140384159355	0.0017377567140600316	0.002841806125670982	0.0	0.0013550135501355014	0.0	0.0007469654528478057	0.0023128071697022263	0.002204377263423083	0.0	0.0	0.002700675168792198	0.0	0.0
ja	0.0	0.0	0.0	0.0	0.0	0.0	0.0	0.0	0.0	0.0	0.0	0.0	0.0	0.0	0.0	1.0	0.0	0.0	0.0	0.0	0.0	0.0	0.0	0.0	0.0	0.0	0.0	0.0	0.0	0.0	0.0	0.0	0.0	0.0	0.0	0.0
ko	0.0	0.0	0.0	0.0	0.0	0.0	0.0	0.0	0.0	0.0	0.0	0.0	0.0	0.0	0.0	0.0	0.0	0.0	0.0	0.0	0.0	0.0	0.0	0.0	0.0	0.0	0.0	0.0	0.0	0.0	0.0	0.0	0.0	0.0	0.0	0.0
lv	0.0	0.0	0.0	0.0	0.0	0.0	0.0	0.00018751171948246765	0.0012217470983506415	0.0	0.0	0.0	0.0013559322033898306	0.001597444089456869	0.0009645061728395061	0.0	0.0	1.0	0.0	0.0	0.0	0.0	0.00027495188342040145	0.0013297872340425532	0.0019815059445178335	0.0	0.00048023051064510964	0.0	0.0	0.00017969451931716083	0.0013089005235602095	0.0	0.0	0.0010834236186348862	0.0	0.0
mk	0.0	0.0	0.0	0.0	0.0	0.0	0.0	0.0	0.0	0.0	0.0	0.0	0.0	0.0	0.0	0.0	0.0	0.0	0.0	0.0	0.0	0.0	0.0	0.0	0.0	0.0	0.0	0.0	0.0	0.0	0.0	0.0	0.0	0.0	0.0	0.0
ml	0.0	0.0	0.0	0.0	0.0	0.0	0.0	0.0	0.0	0.0	0.0	0.0	0.0	0.0	0.0	0.0	0.0	0.0	0.0	0.0	0.0	0.0	0.0	0.0	0.0	0.0	0.0	0.0	0.0	0.0	0.0	0.0	0.0	0.0	0.0	0.0
mr	0.0	0.0	0.0	0.0	0.0	0.0	0.0	0.0	0.0	0.0	0.0	0.0	0.0	0.0	0.0	0.0	0.0	0.0	0.0	0.0	0.0	0.0	0.0	0.0	0.0	0.0	0.0	0.0	0.0	0.0	0.0	0.0	0.0	0.0	0.0	0.0
nl	0.0	0.0020639834881320948	0.0	0.0	0.0016083634901487736	0.0024498886414253897	0.0	0.002791580592931718	0.0030666294954000556	0.0013443118803562427	0.0	0.0	0.0037978381536663743	0.0026109660574412533	0.00294654132173425	0.0	0.0	0.0	0.0	0.0	0.0	1.0	0.002866869736606343	0.001445086705202312	0.0025959042399769255	0.0	0.0012196609342602757	0.0	0.0012096774193548388	0.000931098696461825	0.0008605851979345956	0.0	0.000974184120798831	0.002897787144362487	0.0	0.0
pl	0.0	0.002128162686214235	0.0	0.0	0.0005243838489774515	0.0010309278350515464	0.0	0.004008537664636368	0.002443494196701283	0.00441257584114727	0.0	0.0	0.002737994945240101	0.0033022533022533025	0.004624140384159355	0.0	0.0	0.00027495188342040145	0.0	0.0	0.0	0.002866869736606343	1.0	0.001672940192388122	0.0027151211361737676	0.0	0.0013654027938241782	0.0	0.0010515247108307045	0.0013577732518669382	0.0024989587671803417	0.0	0.0	0.00293140512018761	0.0	0.0
pt	0.0	0.0014265335235378032	0.0	0.0	0.0005941770647653001	0.00027078256160303275	0.0	0.0008168028004667445	0.0007171029042667623	0.001165954139137194	0.0	0.0	0.0011424219345011425	0.0019821605550049554	0.0017377567140600316	0.0	0.0	0.0013297872340425532	0.0	0.0	0.0	0.001445086705202312	0.001672940192388122	1.0	0.0033834586466165413	0.0	0.0013528138528138528	0.0	0.0	0.0010430636268812397	0.0029917726252804786	0.0	0.0	0.0013351134846461949	0.0	0.0
ro	0.0	0.007136060894386299	0.0	0.0	0.004146919431279621	0.0008103727714748784	0.0	0.0014585764294049008	0.001787629603146228	0.0013576415826221878	0.0	0.0	0.0015174506828528073	0.003626772172766238	0.002841806125670982	0.0	0.0	0.0019815059445178335	0.0	0.0	0.0	0.0025959042399769255	0.0027151211361737676	0.0033834586466165413	1.0	0.0	0.0035196967645864355	0.0	0.0	0.001637392080976481	0.0003714710252600297	0.0	0.0	0.0029980013324450365	0.0	0.0
ru	0.0	0.0	0.0	0.0	0.0	0.0	0.0	0.0	0.0	0.0	0.0	0.0	0.0	0.0	0.0	0.0	0.0	0.0	0.0	0.0	0.0	0.0	0.0	0.0	0.0	1.0	0.0	0.0	0.0	0.0	0.0	0.0	0.0	0.0	0.0	0.0
sh	0.0	0.0019014187509141436	0.0	0.0	0.0003112356053532524	0.001543026706231454	0.0	0.00398881298427399	0.0006640106241699867	0.0014167172637117992	0.0	0.0	0.0012221618685497012	0.00154539600772698	0.0013550135501355014	0.0	0.0	0.00048023051064510964	0.0	0.0	0.0	0.0012196609342602757	0.0013654027938241782	0.0013528138528138528	0.0035196967645864355	0.0	1.0	0.0	0.0003116235587410408	0.005350407858959741	0.0018888289260658392	0.0	0.0	0.001422475106685633	0.0	0.0
si	0.0	0.0	0.0	0.0	0.0	0.0	0.0	0.0	0.0	0.0	0.0	0.0	0.0	0.0	0.0	0.0	0.0	0.0	0.0	0.0	0.0	0.0	0.0	0.0	0.0	0.0	0.0	0.0	0.0	0.0	0.0	0.0	0.0	0.0	0.0	0.0
simple	0.0	0.0026761819803746653	0.0	0.0	0.002857142857142857	0.0011074197120708748	0.0	0.0006806509498174618	0.0	0.0	0.0	0.0	0.0006075334143377885	0.003915810083210965	0.0007469654528478057	0.0	0.0	0.0	0.0	0.0	0.0	0.0012096774193548388	0.0010515247108307045	0.0	0.0	0.0	0.0003116235587410408	0.0	1.0	0.0003487966515521451	0.0005885815185403178	0.0	0.014492753623188406	0.0004957858205255329	0.0	0.0
sr	0.0	0.0012991230919129587	0.0	0.0	0.0006968641114982578	0.0018087855297157622	0.0	0.00331063185773742	0.0013154048523823444	0.0011955222258450168	0.0	0.0	0.001347305389221557	0.0012704686617730095	0.0023128071697022263	0.0	0.0	0.00017969451931716083	0.0	0.0	0.0	0.000931098696461825	0.0013577732518669382	0.0010430636268812397	0.001637392080976481	0.0	0.005350407858959741	0.0	0.0003487966515521451	1.0	0.0017830609212481426	0.0	0.0	0.0007087172218284905	0.0	0.0
sv	0.0	0.0009398496240601503	0.0	0.0	0.0017595307917888563	0.0005382131324004305	0.0	0.0016326530612244899	0.0007109847138286527	0.0009669309611293754	0.0	0.0	0.004163512490537472	0.0019665683382497543	0.002204377263423083	0.0	0.0	0.0013089005235602095	0.0	0.0	0.0	0.0008605851979345956	0.0024989587671803417	0.0029917726252804786	0.0003714710252600297	0.0	0.0018888289260658392	0.0	0.0005885815185403178	0.0017830609212481426	1.0	0.0	0.0	0.0009930486593843098	0.0	0.0
te	0.0	0.0	0.0	0.0	0.0	0.0	0.0	0.0	0.0	0.0	0.0	0.0	0.0	0.0	0.0	0.0	0.0	0.0	0.0	0.0	0.0	0.0	0.0	0.0	0.0	0.0	0.0	0.0	0.0	0.0	0.0	0.0	0.0	0.0	0.0	0.0
tr	0.0	0.02531645569620253	-1.0	0.0	0.0	0.0	0.0	0.003305785123966942	0.006289308176100629	0.0	0.0	0.0	0.0	0.0	0.0	0.0	0.0	0.0	0.0	0.0	0.0	0.000974184120798831	0.0	0.0	0.0	0.0	0.0	0.0	0.014492753623188406	0.0	0.0	0.0	1.0	0.0	0.0	0.0
vi	0.0	0.002046663937781416	0.0	0.0	0.0004938271604938272	0.00024783147459727387	0.0	0.0021766525375186163	0.001278363694471077	0.0018234865061998542	0.0005963029218843172	0.0	0.0026999662504218697	0.003568242640499554	0.002700675168792198	0.0	0.0	0.0010834236186348862	0.0	0.0	0.0	0.002897787144362487	0.00293140512018761	0.0013351134846461949	0.0029980013324450365	0.0	0.001422475106685633	0.0	0.0004957858205255329	0.0007087172218284905	0.0009930486593843098	0.0	0.0	1.0	0.0	0.0
war	0.0	0.0	0.0	0.0	0.0	0.0	0.0	0.0	0.0	0.00026143790849673205	0.0	0.0	0.0	0.0	0.0	0.0	0.0	0.0	0.0	0.0	0.0	0.0	0.0	0.0	0.0	0.0	0.0	0.0	0.0	0.0	0.0	0.0	0.0	0.0	1.0	0.0
zh	0.0	0.0	0.0	0.0	0.0	0.0	0.0	0.0	0.0	0.0	0.0	0.0	0.0	0.0	0.0	0.0	0.0	0.0	0.0	0.0	0.0	0.0	0.0	0.0	0.0	0.0	0.0	0.0	0.0	0.0	0.0	0.0	0.0	0.0	0.0	0.0
