arz	bs	ceb	ckb	da	de	el	en	es	fr	he	hi	hu	id	it	ja	ko	lv	mk	ml	mr	nl	pl	pt	ro	ru	sh	si	simple	sr	sv	te	vi	war	zh
arz	1.0	0.6030419283415577	1.0	1.0	0.33907423744830906	0.5498950747316004	1.0	0.2965164976082348	0.6280783374972719	0.44098754654082956	1.0	1.0	0.38133289013565824	0.3300306770021737	0.3527483409883533	1.0	1.0	1.0	1.0	1.0	1.0	0.3449160845145943	0.5127961357690374	0.3962027880016624	0.36140691658824875	1.0	0.4729579822438588	1.0	0.5274576547498305	1.0	0.29546364083895554	1.0	0.35058583353399964	1.0	1.0
bs	0.6030419283415577	1.0	0.2824613751349968	0.7347168825662657	0.20621565067362568	0.20110306127786298	0.23968561807560312	0.18212828113284182	0.21883600350185145	0.21451094074345617	0.3057634812127796	0.4883721081868574	0.21937129199153665	0.22184222404270185	0.19615853993606086	0.23334919223570713	0.24226438160329095	0.3832697841284011	0.36897903943929994	0.44399423033433255	0.5558460033559874	0.20462600404658682	0.21012316150617574	0.21941021467534624	0.22125934712754544	0.2062540913847231	0.21599252397036547	1.0	0.3117138317364933	0.23549218694141666	0.20488485596091943	1.0	0.3317852030996895	0.38651902546385786	0.20845128412604627
ceb	1.0	0.2824613751349968	1.0	1.0	0.22650862388393703	0.253106524548284	1.0	0.1191667386719312	0.25798569751864225	0.16843890833945008	1.0	1.0	0.17075158591189224	0.24720574335070827	0.14445824085075729	1.0	1.0	0.5037488165532039	1.0	1.0	1.0	0.2189607957044616	0.2360212517778695	0.2162503785712706	0.25342937986686037	1.0	0.2711621821188026	1.0	0.3562522924607315	1.0	0.16215493898917566	1.0	0.23918343012396884	0.7079259635809066	1.0
ckb	1.0	0.7347168825662657	1.0	1.0	0.5235524412496757	0.7162976956558117	1.0	0.2963154533587254	0.7162976956558117	0.7171176902274347	1.0	1.0	0.5834140386389454	0.7210092110599263	0.3764699521395027	1.0	1.0	0.7263875964832449	1.0	1.0	1.0	0.6122131884607099	1.0	0.7171176902274347	0.5059601639467491	0.7162976956558116	0.6031096165878671	1.0	1.0	1.0	0.6501445840862392	1.0	1.0	1.0	1.0
da	0.33907423744830906	0.20621565067362568	0.22650862388393703	0.5235524412496757	1.0	0.1297284050612808	0.17912236172906043	0.10075140878587505	0.1281317350656458	0.11224712389132756	0.14596531371236787	0.21619057080006537	0.10991868803397323	0.13016476861360313	0.10532091132632372	0.14086894301684644	0.160728663842921	0.2136388088376624	0.22805404699035137	0.1946213542462417	0.28692027528618835	0.12393831532157933	0.12654254382329952	0.1187070375778731	0.1316737564616589	0.13355867267186974	0.12861202430772323	0.7322034805959264	0.18328354005989123	0.17427554729792527	0.11296318488515117	0.6146141956471294	0.13833609857387746	0.2232856266021767	0.15285762809334894
de	0.5498950747316004	0.20110306127786298	0.253106524548284	0.7162976956558117	0.1297284050612808	1.0	0.20490799914527072	0.05674710482304772	0.06785614971845003	0.05315151998151667	0.2135391618689043	0.4494881221599812	0.0887152588966908	0.09661512207473243	0.060326338563459925	0.1969778639422805	0.26518533453848464	0.3226118079276217	0.3843067578035065	0.44436122345151435	0.6347195024507913	0.0714406713789916	0.07515656604974684	0.07149616691916366	0.12680882950555894	0.106290207505216	0.09792096439416466	1.0	0.19710774539745893	0.26292386978501636	0.07511490137754845	0.7199285383279772	0.1176125738509966	0.5166414745572937	0.19124858065847375
el	1.0	0.23968561807560312	1.0	1.0	0.17912236172906043	0.20490799914527072	1.0	0.10535290419551804	0.17149127358681196	0.11288559722566532	1.0	1.0	0.13938879959923817	0.1546504840123582	0.11856816808745936	1.0	1.0	0.3911707523196384	1.0	1.0	1.0	0.15697937413852972	0.16124667044785237	0.14511802978898822	0.18982608592749325	0.6877137413724042	0.1627063318163038	1.0	0.2716259459020736	0.6154389146467333	0.12778274635242498	1.0	0.15285754524250986	1.0	1.0
en	0.2965164976082348	0.18212828113284182	0.1191667386719312	0.2963154533587254	0.10075140878587505	0.05674710482304772	0.10535290419551804	1.0	0.06338202008298989	0.0517236109753409	0.09934847408580524	0.18860212076886906	0.07503348783786604	0.07850498612823512	0.05733985605620196	0.10294660667550054	0.12354027858065819	0.19281064614150784	0.17356865559050053	0.19723715874287953	0.2940402054545254	0.06573879030278217	0.06763182095434121	0.06511659159617382	0.09558910549131612	0.09265853538807142	0.07427421612856468	0.6254303192325079	0.13890379916238785	0.11593804849571383	0.06683767048903058	0.5054613879826061	0.08965320925205145	0.2800447899911788	0.10185935150860098
es	0.6280783374972719	0.21883600350185145	0.25798569751864225	0.7162976956558117	0.1281317350656458	0.06785614971845003	0.17149127358681196	0.06338202008298989	1.0	0.0554637671371102	0.17665203094433157	0.4620309356971458	0.08780459349607306	0.08800895393965719	0.06162570266654182	0.1508984595677793	0.22254776517768737	0.310060198297299	0.36776510005475926	0.42002582129852933	0.6352686704377382	0.07624329536884172	0.07740435310833246	0.07099572961109346	0.12559849338093126	0.09993361778054707	0.09086052943090216	1.0	0.19208881173086648	0.20847047695980922	0.07811615146391489	1.0	0.1105198742014303	0.49552586109632263	0.1679845470055519
fr	0.44098754654082956	0.21451094074345617	0.16843890833945008	0.7171176902274347	0.11224712389132756	0.05315151998151667	0.11288559722566532	0.0517236109753409	0.0554637671371102	1.0	0.10350849933020852	0.23278606010702563	0.07477181824800821	0.07826877782368731	0.05057781025751886	0.09700860379589796	0.1465310217587597	0.24080411602059448	0.19963145266151933	0.25458274414760534	0.534170033507634	0.05950442285347728	0.061902359762961906	0.060991182401415316	0.11244219068377813	0.06782750841032945	0.07306036735245189	0.7248485669756153	0.16937690384890716	0.13993018791492245	0.062188974266107276	0.6532002319725722	0.09593849982360023	0.37014214372057636	0.10253039952343912
he	1.0	0.3057634812127796	1.0	1.0	0.14596531371236787	0.2135391618689043	1.0	0.09934847408580524	0.17665203094433157	0.10350849933020852	1.0	1.0	0.11498659761282451	0.1310325378648844	0.1097844252675457	1.0	1.0	0.3883222927053429	1.0	1.0	1.0	0.12248766594217417	0.15059354778572345	0.14199495649092647	0.14897993418705027	0.524236931921419	0.1459589599582059	1.0	0.24513188855780638	0.5651109647100606	0.11448154741988391	1.0	0.1415367614230687	0.7026445955663441	1.0
hi	1.0	0.4883721081868574	1.0	1.0	0.21619057080006537	0.4494881221599812	1.0	0.18860212076886906	0.4620309356971458	0.23278606010702563	1.0	1.0	0.1911955353071086	0.2905084285103478	0.2720244179326614	1.0	1.0	0.5160932035169441	1.0	1.0	1.0	0.38669932963111153	0.3661740286101828	0.32591776224615043	0.38407902827774665	1.0	0.32202719170067995	1.0	0.41764872132627145	1.0	0.34019210461640775	1.0	0.31026835245779194	1.0	1.0
hu	0.38133289013565824	0.21937129199153665	0.17075158591189224	0.5834140386389454	0.10991868803397323	0.0887152588966908	0.13938879959923817	0.07503348783786604	0.08780459349607306	0.07477181824800821	0.11498659761282451	0.1911955353071086	1.0	0.09489578767097037	0.07066361866596878	0.10577136106698924	0.12861518542653172	0.20350145575003628	0.16762322506675914	0.2185321520710593	0.35453900542329614	0.08688869262518535	0.08709777204271045	0.08080211320796954	0.11366716758548139	0.10098645116298342	0.0892664650497978	0.5753932445026375	0.16199724528143952	0.12429029781827178	0.08243255457891142	0.7300208629885034	0.10688952500613287	0.2282606267494374	0.11424858052680983
id	0.3300306770021737	0.22184222404270185	0.24720574335070827	0.7210092110599263	0.13016476861360313	0.09661512207473243	0.1546504840123582	0.07850498612823512	0.08800895393965719	0.07826877782368731	0.1310325378648844	0.2905084285103478	0.09489578767097037	1.0	0.07676514902778188	0.1277548305784528	0.13293158893922424	0.24889696190173446	0.22872392714934947	0.2907440487497675	0.5218801348931339	0.09264674836188636	0.09716289323446585	0.08626495234709641	0.1276762930685549	0.10295481032476507	0.09669400622904982	0.728099120889861	0.2251993197890127	0.16932230006772025	0.09077195527511484	1.0	0.11590624091121744	0.37704498056360586	0.12140770599837793
it	0.3527483409883533	0.19615853993606086	0.14445824085075729	0.3764699521395027	0.10532091132632372	0.060326338563459925	0.11856816808745936	0.05733985605620196	0.06162570266654182	0.05057781025751886	0.1097844252675457	0.2720244179326614	0.07066361866596878	0.07676514902778188	1.0	0.10363419094514988	0.14273404427732603	0.24847870338453454	0.2357250354411183	0.26211934773076995	0.3439736297832693	0.06335958845680956	0.06657342434956548	0.06341137264443031	0.10561541718353244	0.07790980220282749	0.0770280987485451	0.3890743896449626	0.15696579007340522	0.12809000462182143	0.06256848397568811	0.661251134120194	0.10132434245466058	0.26000528399211065	0.10113556455101105
ja	1.0	0.23334919223570713	1.0	1.0	0.14086894301684644	0.1969778639422805	1.0	0.10294660667550054	0.1508984595677793	0.09700860379589796	1.0	1.0	0.10577136106698924	0.1277548305784528	0.10363419094514988	1.0	1.0	0.36154791424725174	1.0	1.0	1.0	0.1450487501924769	0.14202949544859145	0.12396491901264162	0.1488483037539224	0.5583649136907287	0.13270643302158672	1.0	0.23794047440369664	0.6131849866518172	0.10623307946174247	1.0	0.13332829721961056	0.702169013559907	1.0
ko	1.0	0.24226438160329095	1.0	1.0	0.160728663842921	0.26518533453848464	1.0	0.12354027858065819	0.22254776517768737	0.1465310217587597	1.0	1.0	0.12861518542653172	0.13293158893922424	0.14273404427732603	1.0	1.0	0.35658431631212517	1.0	1.0	1.0	0.17590858052668393	0.20046094060549555	0.1724531166871118	0.16527292287525355	0.610657122935505	0.16829199117661212	1.0	0.2333402779936981	0.6157218703772439	0.15250772058459003	1.0	0.16894690967183826	0.7042230825271825	1.0
lv	1.0	0.3832697841284011	0.5037488165532039	0.7263875964832449	0.2136388088376624	0.3226118079276217	0.3911707523196384	0.19281064614150784	0.310060198297299	0.24080411602059448	0.3883222927053429	0.5160932035169441	0.20350145575003628	0.24889696190173446	0.24847870338453454	0.36154791424725174	0.35658431631212517	1.0	0.5302474751823165	0.5574091546057278	0.7155258672934655	0.3315643662755521	0.29867054882264976	0.257824851307789	0.24025715748613238	0.348691452878357	0.2968336060434544	1.0	0.2948476642997842	0.41254397643883367	0.2672812136461366	1.0	0.27660321121421905	0.5581527903207655	0.38250826904458796
mk	1.0	0.36897903943929994	1.0	1.0	0.22805404699035137	0.3843067578035065	1.0	0.17356865559050053	0.36776510005475926	0.19963145266151933	1.0	1.0	0.16762322506675914	0.22872392714934947	0.2357250354411183	1.0	1.0	0.5302474751823165	1.0	1.0	1.0	0.34352636177260004	0.32085369886315196	0.3258777150514552	0.30782573423211007	1.0	0.28296873059103206	1.0	0.3561814838991208	1.0	0.17538081694464722	1.0	0.3106202661563676	1.0	1.0
ml	1.0	0.44399423033433255	1.0	1.0	0.1946213542462417	0.44436122345151435	1.0	0.19723715874287953	0.42002582129852933	0.25458274414760534	1.0	1.0	0.2185321520710593	0.2907440487497675	0.26211934773076995	1.0	1.0	0.5574091546057278	1.0	1.0	1.0	0.32259364095728543	0.36139638221717413	0.303688673692028	0.2885872763822781	1.0	0.27129641903655666	1.0	0.4168281157503731	1.0	0.29998871606530464	1.0	0.2560476209687287	0.7116768074483948	1.0
mr	1.0	0.5558460033559874	1.0	1.0	0.28692027528618835	0.6347195024507913	1.0	0.2940402054545254	0.6352686704377382	0.534170033507634	1.0	1.0	0.35453900542329614	0.5218801348931339	0.3439736297832693	1.0	1.0	0.7155258672934655	1.0	1.0	1.0	0.49561096810959665	0.5614722194590256	0.4774966460759071	0.45662985861998795	1.0	0.48691393638644515	1.0	0.4434494606582542	1.0	0.49410827097605187	1.0	0.663553005958577	1.0	1.0
nl	0.3449160845145943	0.20462600404658682	0.2189607957044616	0.6122131884607099	0.12393831532157933	0.0714406713789916	0.15697937413852972	0.06573879030278217	0.07624329536884172	0.05950442285347728	0.12248766594217417	0.38669932963111153	0.08688869262518535	0.09264674836188636	0.06335958845680956	0.1450487501924769	0.17590858052668393	0.3315643662755521	0.34352636177260004	0.32259364095728543	0.49561096810959665	1.0	0.08347309520854172	0.07605301350805652	0.12493890731876475	0.09197528436461998	0.09363663852748105	1.0	0.19981892189774242	0.1667319360346333	0.07718781946084068	0.610966740925758	0.108425074948405	0.4380311855747473	0.1394921174718941
pl	0.5127961357690374	0.21012316150617574	0.2360212517778695	1.0	0.12654254382329952	0.07515656604974684	0.16124667044785237	0.06763182095434121	0.07740435310833246	0.061902359762961906	0.15059354778572345	0.3661740286101828	0.08709777204271045	0.09716289323446585	0.06657342434956548	0.14202949544859145	0.20046094060549555	0.29867054882264976	0.32085369886315196	0.36139638221717413	0.5614722194590256	0.08347309520854172	1.0	0.08136387641454082	0.12371982112653777	0.0931329634474168	0.09296829309698457	0.7263875964832448	0.18164609114577085	0.16040953918049547	0.07654098472311464	0.6568318202362041	0.11400625201989037	0.3777026572765839	0.14661366783920624
pt	0.3962027880016624	0.21941021467534624	0.2162503785712706	0.7171176902274347	0.1187070375778731	0.07149616691916366	0.14511802978898822	0.06511659159617382	0.07099572961109346	0.060991182401415316	0.14199495649092647	0.32591776224615043	0.08080211320796954	0.08626495234709641	0.06341137264443031	0.12396491901264162	0.1724531166871118	0.257824851307789	0.3258777150514552	0.303688673692028	0.4774966460759071	0.07605301350805652	0.08136387641454082	1.0	0.11927873568434212	0.09029766703030166	0.08735660282843825	1.0	0.17560563962522116	0.1708569336869036	0.07237405798286206	0.7234532828151788	0.10483963481412599	0.3582677372750507	0.12524592587372033
ro	0.36140691658824875	0.22125934712754544	0.25342937986686037	0.5059601639467491	0.1316737564616589	0.12680882950555894	0.18982608592749325	0.09558910549131612	0.12559849338093126	0.11244219068377813	0.14897993418705027	0.38407902827774665	0.11366716758548139	0.1276762930685549	0.10561541718353244	0.1488483037539224	0.16527292287525355	0.24025715748613238	0.30782573423211007	0.2885872763822781	0.45662985861998795	0.12493890731876475	0.12371982112653777	0.11927873568434212	1.0	0.13371210153147345	0.12566873240725868	0.7300208629885034	0.24030813132123247	0.15692293072192684	0.12077739064980307	0.7376607345031152	0.16169497781120107	0.32729135736937437	0.13915796188018947
ru	1.0	0.2062540913847231	1.0	0.7162976956558116	0.13355867267186974	0.106290207505216	0.6877137413724042	0.09265853538807142	0.09993361778054707	0.06782750841032945	0.524236931921419	1.0	0.10098645116298342	0.10295481032476507	0.07790980220282749	0.5583649136907287	0.610657122935505	0.348691452878357	1.0	1.0	1.0	0.09197528436461998	0.0931329634474168	0.09029766703030166	0.13371210153147345	1.0	0.10987955248243277	1.0	0.19908023586412263	0.4750711289225578	0.09090565735440757	1.0	0.11870382747667535	0.7014961547481127	0.5591285032883134
sh	0.4729579822438588	0.21599252397036547	0.2711621821188026	0.6031096165878671	0.12861202430772323	0.09792096439416466	0.1627063318163038	0.07427421612856468	0.09086052943090216	0.07306036735245189	0.1459589599582059	0.32202719170067995	0.0892664650497978	0.09669400622904982	0.0770280987485451	0.13270643302158672	0.16829199117661212	0.2968336060434544	0.28296873059103206	0.27129641903655666	0.48691393638644515	0.09363663852748105	0.09296829309698457	0.08735660282843825	0.12566873240725868	0.10987955248243277	1.0	0.728099120889861	0.19905122230166922	0.14653956462370946	0.0900113426829109	0.7300208629885034	0.13670609130805148	0.3107937307609042	0.13919742391245418
si	1.0	1.0	1.0	1.0	0.7322034805959264	1.0	1.0	0.6254303192325079	1.0	0.7248485669756153	1.0	1.0	0.5753932445026375	0.728099120889861	0.3890743896449626	1.0	1.0	1.0	1.0	1.0	1.0	1.0	0.7263875964832448	1.0	0.7300208629885034	1.0	0.728099120889861	1.0	1.0	1.0	0.728099120889861	1.0	0.6030419283415577	1.0	1.0
simple	0.5274576547498305	0.3117138317364933	0.3562522924607315	1.0	0.18328354005989123	0.19710774539745893	0.2716259459020736	0.13890379916238785	0.19208881173086648	0.16937690384890716	0.24513188855780638	0.41764872132627145	0.16199724528143952	0.2251993197890127	0.15696579007340522	0.23794047440369664	0.2333402779936981	0.2948476642997842	0.3561814838991208	0.4168281157503731	0.4434494606582542	0.19981892189774242	0.18164609114577085	0.17560563962522116	0.24030813132123247	0.19908023586412263	0.19905122230166922	1.0	1.0	0.2904530749117189	0.17714460017200157	0.7322034805959264	0.20508101320301197	0.3738774512025503	0.22126269890770836
sr	1.0	0.23549218694141666	1.0	1.0	0.17427554729792527	0.26292386978501636	0.6154389146467333	0.11593804849571383	0.20847047695980922	0.13993018791492245	0.5651109647100606	1.0	0.12429029781827178	0.16932230006772025	0.12809000462182143	0.6131849866518172	0.6157218703772439	0.41254397643883367	1.0	1.0	1.0	0.1667319360346333	0.16040953918049547	0.1708569336869036	0.15692293072192684	0.4750711289225578	0.14653956462370946	1.0	0.2904530749117189	1.0	0.1567586393752931	1.0	0.21470483435503715	0.7026445955663441	0.5646463478248767
sv	0.29546364083895554	0.20488485596091943	0.16215493898917566	0.6501445840862392	0.11296318488515117	0.07511490137754845	0.12778274635242498	0.06683767048903058	0.07811615146391489	0.062188974266107276	0.11448154741988391	0.34019210461640775	0.08243255457891142	0.09077195527511484	0.06256848397568811	0.10623307946174247	0.15250772058459003	0.2672812136461366	0.17538081694464722	0.29998871606530464	0.49410827097605187	0.07718781946084068	0.07654098472311464	0.07237405798286206	0.12077739064980307	0.09090565735440757	0.0900113426829109	0.728099120889861	0.17714460017200157	0.1567586393752931	1.0	0.7263875964832449	0.10110950591823757	0.322949939431107	0.10215579644023248
te	1.0	1.0	1.0	1.0	0.6146141956471294	0.7199285383279772	1.0	0.5054613879826061	1.0	0.6532002319725722	1.0	1.0	0.7300208629885034	1.0	0.661251134120194	1.0	1.0	1.0	1.0	1.0	1.0	0.610966740925758	0.6568318202362041	0.7234532828151788	0.7376607345031152	1.0	0.7300208629885034	1.0	0.7322034805959264	1.0	0.7263875964832449	1.0	1.0	1.0	1.0
vi	0.35058583353399964	0.3317852030996895	0.23918343012396884	1.0	0.13833609857387746	0.1176125738509966	0.15285754524250986	0.08965320925205145	0.1105198742014303	0.09593849982360023	0.1415367614230687	0.31026835245779194	0.10688952500613287	0.11590624091121744	0.10132434245466058	0.13332829721961056	0.16894690967183826	0.27660321121421905	0.3106202661563676	0.2560476209687287	0.663553005958577	0.108425074948405	0.11400625201989037	0.10483963481412599	0.16169497781120107	0.11870382747667535	0.13670609130805148	0.6030419283415577	0.20508101320301197	0.21470483435503715	0.10110950591823757	1.0	1.0	0.3917801301196489	0.14074511990107827
war	1.0	0.38651902546385786	0.7079259635809066	1.0	0.2232856266021767	0.5166414745572937	1.0	0.2800447899911788	0.49552586109632263	0.37014214372057636	0.7026445955663441	1.0	0.2282606267494374	0.37704498056360586	0.26000528399211065	0.702169013559907	0.7042230825271825	0.5581527903207655	1.0	0.7116768074483948	1.0	0.4380311855747473	0.3777026572765839	0.3582677372750507	0.32729135736937437	0.7014961547481127	0.3107937307609042	1.0	0.3738774512025503	0.7026445955663441	0.322949939431107	1.0	0.3917801301196489	1.0	0.7019395434758626
zh	1.0	0.20845128412604627	1.0	1.0	0.15285762809334894	0.19124858065847375	1.0	0.10185935150860098	0.1679845470055519	0.10253039952343912	1.0	1.0	0.11424858052680983	0.12140770599837793	0.10113556455101105	1.0	1.0	0.38250826904458796	1.0	1.0	1.0	0.1394921174718941	0.14661366783920624	0.12524592587372033	0.13915796188018947	0.5591285032883134	0.13919742391245418	1.0	0.22126269890770836	0.5646463478248767	0.10215579644023248	1.0	0.14074511990107827	0.7019395434758626	1.0
