arz	bs	ceb	ckb	da	de	el	en	es	fr	he	hi	hu	id	it	ja	ko	lv	mk	ml	mr	nl	pl	pt	ro	ru	sh	si	simple	sr	sv	te	vi	war	zh
arz	0.0	0.0	0.0	0.0	0.0	0.0	0.0	0.0	0.0	0.0	0.0	0.0	0.0	0.0	0.0	0.0	0.0	0.0	0.0	0.0	0.002793296089385475	0.0	0.0	0.0	0.0	0.0	0.0	0.0	0.0	0.0	0.0	0.0	0.0	0.0	0.0
bs	0.0	1.0	0.0	0.0013404825737265416	0.0	0.006719609040928528	0.0	0.0016984336667295716	0.0	0.0056179775280898875	0.0	0.0	0.0	0.0	0.0024509803921568627	0.0	0.0	0.0	0.0	0.0013812154696132596	0.0009737098344693282	0.00039494470774091627	1.3681855806921652e-05	0.0	0.0	0.0	0.054466230936819175	0.0011235955056179776	0.0	0.0	0.0	0.0012062726176115801	0.0	0.0	0.0
ceb	0.0	0.0	1.0	0.0	0.0	0.0	0.0	0.0	0.0	0.0	0.0	0.0	0.0	0.0	0.0	0.0	0.0	0.0	0.0	0.0	0.0	0.0	0.0	0.0	0.0	0.0	0.0	0.0	0.0	0.0	0.0	0.0	0.0	0.0	0.0
ckb	0.0	0.0013404825737265416	0.0	1.0	0.0	0.0	0.0	0.0	0.0	2.0030446278343083e-05	0.0004955401387512388	0.0	0.0	0.0	0.0	0.0	0.0	0.0	0.0	0.0	0.002840909090909091	0.0	0.0	2.1560087965158897e-05	0.0	0.0	0.0	0.0	0.0003403675970047651	0.0002627430373095113	0.0	0.0	0.0	0.0	3.576026319553712e-05
da	0.0	0.0	0.0	0.0	0.0	0.0	0.0	0.0	0.0	0.0	0.0	0.0	0.0	0.0	0.0	0.0	0.0	0.0	0.0	0.0005396654074473826	0.0006988120195667365	0.0	0.0	0.0	0.0	0.0	0.0	0.0007727975270479134	0.0	0.0	0.0	0.0	0.0	0.0008952551477170994	0.0
de	0.0	0.006719609040928528	0.0	0.0	0.0	1.0	0.0	0.0013878180416345412	0.0	0.0015873015873015873	0.0	0.0	0.0	0.0	0.0009855453350854138	0.0	0.0	0.0	0.0	0.0	4.516915849857717e-05	0.0	2.7143855648975658e-05	0.0	0.0	0.0	0.004209260372820205	0.0	0.0	0.0	0.0	0.0	0.0	0.0	0.0
el	0.0	0.0	0.0	0.0	0.0	0.0	0.0	0.0	0.0	0.0	0.0	0.0	0.0	0.0	0.0	0.0	0.0	0.0	0.0	0.0010050251256281408	0.0	0.0	0.0	0.0	0.0	0.0	0.0	0.001236603462489695	0.0	0.0	0.0	0.0	0.0	0.0	0.0
en	0.0	0.0016984336667295716	0.0	0.0	0.0	0.0013878180416345412	0.0	1.0	0.0	0.003681885125184094	0.0	0.0	0.0	0.0	0.0015401991990964166	0.0	0.0	0.0	0.0	2.8019936184595338e-05	1.753819819567017e-05	0.00027111291853056796	0.00017880794701986754	0.0	0.0	0.0	0.0009389671361502347	1.7546630169675913e-05	0.0	0.0	0.0	0.0	0.0	0.0	0.0
es	0.0	0.0	0.0	0.0	0.0	0.0	0.0	0.0	1.0	0.0	0.0	0.0	0.0	0.0	0.0	0.0	0.0	0.0	0.0	0.00012391573729863693	6.361727845282778e-05	0.0	0.0	0.0	0.0	0.0	0.0	6.417661404184315e-05	0.0	0.0	0.0	0.0	0.0	0.0	0.0
fr	0.0	0.0056179775280898875	0.0	2.0030446278343083e-05	0.0	0.0015873015873015873	0.0	0.003681885125184094	0.0	1.0	0.0	0.0	0.0	0.0	0.010077153204219808	0.0	0.0	0.0	0.0	5.925925925925926e-05	7.967810047408469e-05	0.0	2.7084856856531512e-05	0.0	0.0005707762557077625	0.0	0.00810126582278481	5.992090440618384e-05	0.0	0.0	0.0	1.999720039194513e-05	0.0	0.0	0.0
he	0.0	0.0	0.0	0.0004955401387512388	0.0	0.0	0.0	0.0	0.0	0.0	0.0	0.0	0.0	0.0	0.0	0.0	0.0	0.0	0.0	0.00014795088030773783	0.0003156565656565657	0.0	0.0	0.0	0.0	0.0	0.0	0.0	0.0	0.0	0.0	0.0	0.0	0.0	0.0
hi	0.0	0.0	0.0	0.0	0.0	0.0	0.0	0.0	0.0	0.0	0.0	0.0	0.0	0.0	0.0	0.0	0.0	0.0	0.0	0.0021114864864864866	0.001540041067761807	0.0	0.0	0.0	0.0	0.0	0.0	0.0	0.0	0.0	0.0	0.0005707762557077625	0.0	0.0	0.0
hu	0.0	0.0	0.0	0.0	0.0	0.0	0.0	0.0	0.0	0.0	0.0	0.0	0.0	0.0	0.0	0.0	0.0	0.0	0.0	0.0007304601899196494	0.0012958963282937365	0.0	0.0	0.0	0.0	0.0	0.0	0.00045871559633027525	0.0	0.0	0.0	0.0	0.0	0.0	0.0
id	0.0	0.0	0.0	0.0	0.0	0.0	0.0	0.0	0.0	0.0	0.0	0.0	0.0	1.0	0.0	0.0	0.0	0.0	0.0	0.0003354579000335458	0.00039077764751856197	0.0003728560775540641	0.0	0.0	0.0	0.0	0.001579778830963665	0.0	0.0	0.0	0.0	0.00042354934349851756	0.0	0.0	0.0
it	0.0	0.0024509803921568627	0.0	0.0	0.0	0.0009855453350854138	0.0	0.0015401991990964166	0.0	0.010077153204219808	0.0	0.0	0.0	0.0	1.0	0.0	0.0	0.0	0.0	0.00010129830662997417	5.100999795960008e-05	0.0005734767025089606	6.639356779115239e-05	0.0	0.0	0.0	0.0034602076124567475	0.0	0.0	0.0	0.0	0.0	0.0	0.0	0.0
ja	0.0	0.0	0.0	0.0	0.0	0.0	0.0	0.0	0.0	0.0	0.0	0.0	0.0	0.0	0.0	0.0	0.0	0.0	0.0	0.00021183448665442733	0.00014334862385321102	0.0	0.0	0.0	0.0	0.0	0.0	7.202275919190464e-05	0.0	0.0	0.0	3.60893572485474e-05	0.0	3.624107563512485e-05	0.0
ko	0.0	0.0	0.0	0.0	0.0	0.0	0.0	0.0	0.0	0.0	0.0	0.0	0.0	0.0	0.0	0.0	0.0	0.0	0.0	0.0008191126279863481	0.0002895613146083683	0.0	0.0	0.0	0.0	0.0	0.0	0.0	0.0	0.0	0.0	0.0	0.0	0.0	0.0
lv	0.0	0.0	0.0	0.0	0.0	0.0	0.0	0.0	0.0	0.0	0.0	0.0	0.0	0.0	0.0	0.0	0.0	0.0	0.0	0.0	0.0	0.0	0.0	0.0	0.0	0.0	0.0	0.001445086705202312	0.0	0.0	0.0	0.0	0.0	0.0	0.0
mk	0.0	0.0	0.0	0.0	0.0	0.0	0.0	0.0	0.0	0.0	0.0	0.0	0.0	0.0	0.0	0.0	0.0	0.0	0.0	0.0018912529550827422	0.0011799410029498525	0.0	0.0	0.0	0.0	0.0	0.0	0.0006414368184733803	0.0	0.0	0.0	0.0013360053440213762	0.0	0.0	0.0
ml	0.0	0.0013812154696132596	0.0	0.0	0.0005396654074473826	0.0	0.0010050251256281408	2.8019936184595338e-05	0.00012391573729863693	5.925925925925926e-05	0.00014795088030773783	0.0021114864864864866	0.0007304601899196494	0.0003354579000335458	0.00010129830662997417	0.00021183448665442733	0.0008191126279863481	0.0	0.0018912529550827422	1.0	0.0009478672985781991	0.0003722546221615585	6.662225183211193e-05	0.00016993075321806365	0.0	0.00012123311395912712	0.0010186757215619694	0.0	0.0008244023083264633	0.00022177866489243733	0.00034335606023446315	0.0	0.0008928571428571428	0.0	0.0002791346824842987
mr	0.002793296089385475	0.0009737098344693282	0.0	0.002840909090909091	0.0006988120195667365	4.516915849857717e-05	0.0	1.753819819567017e-05	6.361727845282778e-05	7.967810047408469e-05	0.0003156565656565657	0.001540041067761807	0.0012958963282937365	0.00039077764751856197	5.100999795960008e-05	0.00014334862385321102	0.0002895613146083683	0.0	0.0011799410029498525	0.0009478672985781991	1.0	0.0	0.0	4.286142900004286e-05	0.0018808777429467085	0.00010467733212372861	0.000792393026941363	0.00404040404040404	0.0006215040397762585	0.00024467824810374357	0.00010015022533800701	0.004608294930875576	0.0004926108374384236	0.0	0.0002833061831574474
nl	0.0	0.00039494470774091627	0.0	0.0	0.0	0.0	0.0	0.00027111291853056796	0.0	0.0	0.0	0.0	0.0	0.0003728560775540641	0.0005734767025089606	0.0	0.0	0.0	0.0	0.0003722546221615585	0.0	1.0	0.0	0.0	0.0	0.0	0.0	0.00013329778725673153	0.0	0.0	0.0	0.0	0.0	0.0	0.0
pl	0.0	1.3681855806921652e-05	0.0	0.0	0.0	2.7143855648975658e-05	0.0	0.00017880794701986754	0.0	2.7084856856531512e-05	0.0	0.0	0.0	0.0	6.639356779115239e-05	0.0	0.0	0.0	0.0	6.662225183211193e-05	0.0	0.0	1.0	0.0	0.0	0.0	2.7359968262436816e-05	0.0001384083044982699	0.0	0.0	0.0	6.949270326615705e-05	0.0	0.0	0.0
pt	0.0	0.0	0.0	2.1560087965158897e-05	0.0	0.0	0.0	0.0	0.0	0.0	0.0	0.0	0.0	0.0	0.0	0.0	0.0	0.0	0.0	0.00016993075321806365	4.286142900004286e-05	0.0	0.0	0.0	0.0	0.0	0.0	6.448284756254837e-05	0.0	0.0	0.0	4.304407713498623e-05	0.0	0.0	0.0
ro	0.0	0.0	0.0	0.0	0.0	0.0	0.0	0.0	0.0	0.0005707762557077625	0.0	0.0	0.0	0.0	0.0	0.0	0.0	0.0	0.0	0.0	0.0018808777429467085	0.0	0.0	0.0	1.0	0.0	0.0	0.0006849315068493151	0.0	0.0	0.0	0.0007147962830593281	0.0	0.0	0.0
ru	0.0	0.0	0.0	0.0	0.0	0.0	0.0	0.0	0.0	0.0	0.0	0.0	0.0	0.0	0.0	0.0	0.0	0.0	0.0	0.00012123311395912712	0.00010467733212372861	0.0	0.0	0.0	0.0	0.0	0.0	5.246130978403427e-05	0.0	0.0	0.0	1.75051640233869e-05	0.0	0.0	0.0
sh	0.0	0.054466230936819175	0.0	0.0	0.0	0.004209260372820205	0.0	0.0009389671361502347	0.0	0.00810126582278481	0.0	0.0	0.0	0.001579778830963665	0.0034602076124567475	0.0	0.0	0.0	0.0	0.0010186757215619694	0.000792393026941363	0.0	2.7359968262436816e-05	0.0	0.0	0.0	1.0	0.0008378718056137411	0.0	0.0	0.0018148820326678765	0.0	0.0	0.0	0.0
si	0.0	0.0011235955056179776	0.0	0.0	0.0007727975270479134	0.0	0.001236603462489695	1.7546630169675913e-05	6.417661404184315e-05	5.992090440618384e-05	0.0	0.0	0.00045871559633027525	0.0	0.0	7.202275919190464e-05	0.0	0.001445086705202312	0.0006414368184733803	0.0	0.00404040404040404	0.00013329778725673153	0.0001384083044982699	6.448284756254837e-05	0.0006849315068493151	5.246130978403427e-05	0.0008378718056137411	1.0	0.0	0.00025316455696202533	0.00010084203095850351	0.0	0.00025484199796126404	0.0	0.00010673877463886715
simple	0.0	0.0	0.0	0.0003403675970047651	0.0	0.0	0.0	0.0	0.0	0.0	0.0	0.0	0.0	0.0	0.0	0.0	0.0	0.0	0.0	0.0008244023083264633	0.0006215040397762585	0.0	0.0	0.0	0.0	0.0	0.0	0.0	0.0	0.0	0.0	0.0006622516556291391	0.0	0.0	0.0
sr	0.0	0.0	0.0	0.0002627430373095113	0.0	0.0	0.0	0.0	0.0	0.0	0.0	0.0	0.0	0.0	0.0	0.0	0.0	0.0	0.0	0.00022177866489243733	0.00024467824810374357	0.0	0.0	0.0	0.0	0.0	0.0	0.00025316455696202533	0.0	0.0	0.0	0.0	0.0	0.0	0.0
sv	0.0	0.0	0.0	0.0	0.0	0.0	0.0	0.0	0.0	0.0	0.0	0.0	0.0	0.0	0.0	0.0	0.0	0.0	0.0	0.00034335606023446315	0.00010015022533800701	0.0	0.0	0.0	0.0	0.0	0.0018148820326678765	0.00010084203095850351	0.0	0.0	1.0	5.057401507105649e-05	0.0	0.0	0.0
te	0.0	0.0012062726176115801	0.0	0.0	0.0	0.0	0.0	0.0	0.0	1.999720039194513e-05	0.0	0.0005707762557077625	0.0	0.00042354934349851756	0.0	3.60893572485474e-05	0.0	0.0	0.0013360053440213762	0.0	0.004608294930875576	0.0	6.949270326615705e-05	4.304407713498623e-05	0.0007147962830593281	1.75051640233869e-05	0.0	0.0	0.0006622516556291391	0.0	5.057401507105649e-05	1.0	0.0	0.0	0.00010697093956141915
vi	0.0	0.0	0.0	0.0	0.0	0.0	0.0	0.0	0.0	0.0	0.0	0.0	0.0	0.0	0.0	0.0	0.0	0.0	0.0	0.0008928571428571428	0.0004926108374384236	0.0	0.0	0.0	0.0	0.0	0.0	0.00025484199796126404	0.0	0.0	0.0	0.0	0.0	0.0	0.0
war	0.0	0.0	0.0	0.0	0.0008952551477170994	0.0	0.0	0.0	0.0	0.0	0.0	0.0	0.0	0.0	0.0	3.624107563512485e-05	0.0	0.0	0.0	0.0	0.0	0.0	0.0	0.0	0.0	0.0	0.0	0.0	0.0	0.0	0.0	0.0	0.0	1.0	0.0
zh	0.0	0.0	0.0	3.576026319553712e-05	0.0	0.0	0.0	0.0	0.0	0.0	0.0	0.0	0.0	0.0	0.0	0.0	0.0	0.0	0.0	0.0002791346824842987	0.0002833061831574474	0.0	0.0	0.0	0.0	0.0	0.0	0.00010673877463886715	0.0	0.0	0.0	0.00010697093956141915	0.0	0.0	0.0
