arz	bs	ceb	ckb	da	de	el	en	es	fr	he	hi	hu	id	it	ja	ko	lv	mk	ml	mr	nl	pl	pt	ro	ru	sh	si	simple	sr	sv	te	vi	war	zh
arz	1.0	0.5113636363636364	0.6666666666666666	0.5333333333333333	0.5107692307692308	0.5059793086401092	0.5146948011432982	0.5048408655433084	0.5044483985765125	0.506462099995542	0.5147974088657437	0.525	0.5077519379844961	0.5166301986526441	0.5048803038678223	0.5079498639354264	0.5098304677408049	0.5183873737889604	0.5333333333333333	0.5348837209302326	0.5384615384615384	0.5040951316036327	0.5064377682403434	0.5084284217984261	0.5088353118981201	0.5074066319213607	0.5333333333333333	0.7017543859649122	0.5242718446601942	0.5098039215686274	0.5094503808979007	0.5	0.5115606936416185	0.7289719626168224	0.5088634187478787
bs	0.5113636363636364	1.0	0.5	0.5166732974592932	0.5871647190687042	0.5384136706872634	0.57614009655651	0.5212658982102735	0.5282269127287885	0.533056610083911	0.6061738752231537	0.5102040816326531	0.5618640144214193	0.6294270739720906	0.5348918050249073	0.5536918512397854	0.5540504965806635	0.6681001186172977	0.5490534669925683	0.513448731909974	0.5245183432923578	0.5307770177547005	0.5470487349614882	0.5324392537618865	0.5510338688919652	0.5503578777745277	0.5279711775663967	0.528	0.5514054977480976	0.6404042342789666	0.5700061986458258	0.5	0.5437228382275293	0.546218487394958	0.5493054554691751
ceb	0.6666666666666666	0.5	1.0	0.6666666666666666	0.501577287066246	0.5010162601626017	0.671875	0.5006802721088436	0.500965250965251	0.5009487666034156	0.6706231454005934	0.6724890829694323	0.5029940119760479	0.501358695652174	0.5009784735812133	0.6695652173913044	0.6696935300794551	0.5029940119760479	0.6707692307692308	0.6666666666666666	0.6832298136645962	0.5015673981191223	0.5013020833333334	0.5011961722488038	0.5029761904761905	0.6680919294494923	0.5020661157024793	0.6666666666666666	0.5053763440860215	0.5007923930269413	0.5018587360594796	0.6666666666666666	0.6711864406779662	0.6666666666666666	0.6697459584295612
ckb	0.5333333333333333	0.5166732974592932	0.6666666666666666	1.0	0.5082508250825083	0.5033185840707964	0.5077123940401105	0.5018270401948843	0.5027173913043478	0.5032946543383131	0.5099601593625498	0.5625	0.5050505050505051	0.5113122171945702	0.5029761904761905	0.5045537340619308	0.5050505050505051	0.5222668869991459	0.5384615384615384	0.6962025316455697	0.5985037406483791	0.5027777777777778	0.504424778761062	0.5034168564920273	0.5049668874172185	0.5045592705167173	0.5263157894736842	0.72	0.5133689839572192	0.5139664804469274	0.5065502183406114	0.5	0.5076923076923077	0.787878787878788	0.5045317220543807
da	0.5107692307692308	0.5871647190687042	0.501577287066246	0.5082508250825083	1.0	0.5561870553975824	0.5869726102840352	0.5418633825480195	0.5477742892218106	0.5556254154912785	0.5948429566787313	0.5050167224080268	0.580453523565931	0.5953028042857824	0.5579578795413637	0.5681694520917971	0.5691893591774513	0.5849474611641664	0.5250078655964724	0.5066225165562913	0.5132921256107752	0.5553057561349003	0.5632653501547403	0.5475034861146904	0.5543823864487997	0.5643751193373173	0.5110410094637224	0.5194029850746269	0.5648331199193258	0.5813756515943538	0.5993119994339066	0.5	0.5579093057945642	0.5242424242424242	0.5690356532545702
de	0.5059793086401092	0.5384136706872634	0.5010162601626017	0.5033185840707964	0.5561870553975824	1.0	0.5782472443341522	0.6072009640900765	0.6145269423379701	0.6268117482167045	0.5582354382262351	0.5016648168701443	0.6006582768635044	0.5484321596213438	0.622217247206423	0.6056920221032638	0.5806438670570722	0.5279244180469213	0.5109707014292935	0.5027685492801772	0.5049708352914694	0.6149962073261771	0.6097525932849681	0.5954064039502943	0.5972722767871846	0.6143735396690246	0.5071193866374589	0.5064805583250249	0.5412812306945645	0.5406067752902411	0.5713390015265698	0.5	0.5451937437157165	0.5075075075075075	0.6088325903207886
el	0.5146948011432982	0.57614009655651	0.671875	0.5077123940401105	0.5869726102840352	0.5782472443341522	1.0	0.5527501899259177	0.5666889738229881	0.5776941456623287	0.60627250767442	0.5038560411311054	0.5924906737568502	0.5881636505729394	0.576572119700769	0.5992426577117494	0.5885865817331276	0.5686349578365998	0.5248257082713736	0.5064528599647303	0.5117511266065848	0.5662036564584095	0.5904178018221911	0.5689061339904792	0.590027348723496	0.5958552003694964	0.5111710343210468	0.6964618249534451	0.5641039485791549	0.5722120268020998	0.5823968209099374	0.5	0.552832674861512	0.6992481203007519	0.589142043547269
en	0.5048408655433084	0.5212658982102735	0.5006802721088436	0.5018270401948843	0.5418633825480195	0.6072009640900765	0.5527501899259177	1.0	0.6180351538463676	0.6105588760582982	0.5353262794005558	0.50091519219036	0.566954295866165	0.5313790943738852	0.6186314390978424	0.5723387238525273	0.5575709442707617	0.5161487487139237	0.5063490834908053	0.5015234613040829	0.5027420921096717	0.6086094773810157	0.5856499518437385	0.5837537258325385	0.5669523608590529	0.5836546724838713	0.5039370078740157	0.5057239057239057	0.5258318135164568	0.5255961574699658	0.5608259217808458	0.5	0.5450487637642261	0.5053908355795148	0.5846850761275153
es	0.5044483985765125	0.5282269127287885	0.500965250965251	0.5027173913043478	0.5477742892218106	0.6145269423379701	0.5666889738229881	0.6180351538463676	1.0	0.6167770030865231	0.5496335973314453	0.5013623978201636	0.5848253013263516	0.5397384661731222	0.6289052784390561	0.5910717716075835	0.5704590232984933	0.5232089001376998	0.5093666369313113	0.5022665457842249	0.5036036036036037	0.6011768673609862	0.6006026320529507	0.602305358712463	0.5814664377538629	0.605922691882742	0.5053859964093357	0.506641366223909	0.5338345864661654	0.532134750871171	0.559252192383032	0.5	0.5377030216179439	0.5076190476190476	0.597666048268274
fr	0.506462099995542	0.533056610083911	0.5009487666034156	0.5032946543383131	0.5556254154912785	0.6268117482167045	0.5776941456623287	0.6105588760582982	0.6167770030865231	1.0	0.5603610809618527	0.5016501650165016	0.6050064318738546	0.5468409909900345	0.63269815873682	0.6057841603062879	0.5830026473329334	0.5282959202678543	0.5103050910471644	0.5027649142121936	0.5044404552735281	0.6089019260540872	0.6098428513296238	0.6048931820869553	0.6121099421627304	0.6138752400649797	0.5048648648648648	0.5074766355140187	0.5377477155193687	0.5358579898572186	0.5667134922577614	0.5	0.5426754370025803	0.5074906367041199	0.5975219652357822
he	0.5147974088657437	0.6061738752231537	0.6706231454005934	0.5099601593625498	0.5948429566787313	0.5582354382262351	0.60627250767442	0.5353262794005558	0.5496335973314453	0.5603610809618527	1.0	0.5060728744939271	0.5790825485883774	0.6074008988761871	0.5544903862461936	0.5847364315852785	0.5809778500735974	0.6120556606591656	0.5341053012484168	0.508	0.5160791011715727	0.5488608080059427	0.5741591913452342	0.5557414179110601	0.5737875277411406	0.5811410602276251	0.5151515151515151	0.6915351506456241	0.5770984948041479	0.6033710880427329	0.579605324105701	0.5	0.5473206586570647	0.6956521739130435	0.5756867593278353
hi	0.525	0.5102040816326531	0.6724890829694323	0.5625	0.5050167224080268	0.5016648168701443	0.5038560411311054	0.50091519219036	0.5013623978201636	0.5016501650165016	0.5060728744939271	1.0	0.5030549898167006	0.5070108383007408	0.5014925373134328	0.5018315018315018	0.5025380710659899	0.5138999167496764	0.5319148936170213	0.5714285714285714	0.5416666666666666	0.5013927576601671	0.5022222222222222	0.5017142857142858	0.502502731416604	0.5022900763358779	0.5151515151515151	0.7131782945736435	0.5081967213114754	0.5085714285714286	0.5032967032967033	0.5	0.5046728971962617	0.7193675889328064	0.5022761760242792
hu	0.5077519379844961	0.5618640144214193	0.5029940119760479	0.5050505050505051	0.580453523565931	0.6006582768635044	0.5924906737568502	0.566954295866165	0.5848253013263516	0.6050064318738546	0.5790825485883774	0.5030549898167006	1.0	0.5760681241353591	0.5995080383027321	0.6028439133656323	0.5756842352574193	0.5542384057702668	0.5199965398622886	0.5050709939148074	0.5091902304722918	0.5865479402401149	0.601285019595447	0.5920761901347665	0.6100923267758196	0.5997469532211289	0.5068762278978389	0.5154929577464789	0.5503272906528581	0.5595520504348425	0.5801882155556152	0.5	0.5592337662378445	0.5170454545454546	0.5841745943117971
id	0.5166301986526441	0.6294270739720906	0.501358695652174	0.5113122171945702	0.5953028042857824	0.5484321596213438	0.5881636505729394	0.5313790943738852	0.5397384661731222	0.5468409909900345	0.6074008988761871	0.5070108383007408	0.5760681241353591	1.0	0.5447418388667763	0.5774489455273815	0.5763387487927092	0.6282156370688253	0.534433591315308	0.509090909090909	0.5185033959408051	0.540773684256257	0.5586386949531645	0.545675071457574	0.5609892423547879	0.5667575549108952	0.5171957822556117	0.5092838196286472	0.5650610184591603	0.6093470820492597	0.5708502916169426	0.5	0.5613444131176732	0.5106666666666667	0.5682329828184539
it	0.5048803038678223	0.5348918050249073	0.5009784735812133	0.5029761904761905	0.5579578795413637	0.622217247206423	0.576572119700769	0.6186314390978424	0.6289052784390561	0.63269815873682	0.5544903862461936	0.5014925373134328	0.5995080383027321	0.5447418388667763	1.0	0.6024565511236083	0.5774573716610071	0.5266448994074769	0.5103446115635027	0.5024826216484608	0.5040103537031373	0.6085242470195553	0.6150796696556136	0.6021680956877672	0.5918716699830681	0.6127199051336383	0.5064079451964995	0.5057581573896353	0.5378547836884163	0.5363168923026723	0.5684684164224063	0.5	0.5463412519507543	0.5067437379576109	0.6034114979851386
ja	0.5079498639354264	0.5536918512397854	0.6695652173913044	0.5045537340619308	0.5681694520917971	0.6056920221032638	0.5992426577117494	0.5723387238525273	0.5910717716075835	0.6057841603062879	0.5847364315852785	0.5018315018315018	0.6028439133656323	0.5774489455273815	0.6024565511236083	1.0	0.59942510718557	0.5460199097721935	0.5140769596247071	0.5036496350364964	0.5063470706114471	0.5842551837821957	0.6009580979179657	0.5899985686107891	0.5980280285128289	0.617067175221943	0.5081040309109854	0.6850477200424179	0.5546775654515719	0.5528970789172422	0.58144039974895	0.5	0.5600875321519577	0.688034188034188	0.6105435870792314
ko	0.5098304677408049	0.5540504965806635	0.6696935300794551	0.5050505050505051	0.5691893591774513	0.5806438670570722	0.5885865817331276	0.5575709442707617	0.5704590232984933	0.5830026473329334	0.5809778500735974	0.5025380710659899	0.5756842352574193	0.5763387487927092	0.5774573716610071	0.59942510718557	1.0	0.5448976486780296	0.5156865097540654	0.5042158516020236	0.5076173945434814	0.5638103871566648	0.5806071593882978	0.572865633453485	0.5750976325301294	0.5887507970260305	0.5074135090609555	0.6873614190687362	0.5550383194141136	0.551587505038784	0.5715630657889069	0.5	0.5462224365750957	0.6905027932960894	0.5896420400775993
lv	0.5183873737889604	0.6681001186172977	0.5029940119760479	0.5222668869991459	0.5849474611641664	0.5279244180469213	0.5686349578365998	0.5161487487139237	0.5232089001376998	0.5282959202678543	0.6120556606591656	0.5138999167496764	0.5542384057702668	0.6282156370688253	0.5266448994074769	0.5460199097721935	0.5448976486780296	1.0	0.5550134633361514	0.5184193777844334	0.537991186670491	0.5240812812710919	0.5386480462111226	0.5292624133700791	0.5434315702980735	0.5409224369777621	0.5321875116172443	0.5294117647058824	0.5578218643450756	0.6520809156007715	0.5556404844217864	0.5	0.5381669336621975	0.5384615384615384	0.5398033324145156
mk	0.5333333333333333	0.5490534669925683	0.6707692307692308	0.5384615384615384	0.5250078655964724	0.5109707014292935	0.5248257082713736	0.5063490834908053	0.5093666369313113	0.5103050910471644	0.5341053012484168	0.5319148936170213	0.5199965398622886	0.534433591315308	0.5103446115635027	0.5140769596247071	0.5156865097540654	0.5550134633361514	1.0	0.5434525219038598	0.5650857719475277	0.5096282459745266	0.5153442438700719	0.5124243819808509	0.5171265887223416	0.5142608877729581	0.5373134328358209	0.6888888888888889	0.5324881141045958	0.5450506385354128	0.5194009609044141	0.5	0.516036050187516	0.7089337175792507	0.5164684895178395
ml	0.5348837209302326	0.513448731909974	0.6666666666666666	0.6962025316455697	0.5066225165562913	0.5027685492801772	0.5064528599647303	0.5015234613040829	0.5022665457842249	0.5027649142121936	0.508	0.5714285714285714	0.5050709939148074	0.509090909090909	0.5024826216484608	0.5036496350364964	0.5042158516020236	0.5184193777844334	0.5434525219038598	1.0	0.6176470588235294	0.5023169601482854	0.5036927621861153	0.5028506271379704	0.5041528728972303	0.5038368056411741	0.5277777777777778	0.7042253521126761	0.5135135135135135	0.5114385631788448	0.5043668122270742	0.5	0.5061728395061729	0.7184466019417476	0.5038213719061828
mr	0.5384615384615384	0.5245183432923578	0.6832298136645962	0.5985037406483791	0.5132921256107752	0.5049708352914694	0.5117511266065848	0.5027420921096717	0.5036036036036037	0.5044404552735281	0.5160791011715727	0.5416666666666666	0.5091902304722918	0.5185033959408051	0.5040103537031373	0.5063470706114471	0.5076173945434814	0.537991186670491	0.5650857719475277	0.6176470588235294	1.0	0.5041950573981463	0.5067317661659273	0.5051840594766717	0.50750844247497	0.5061508907157943	0.5333333333333333	0.7	0.5273423390883478	0.5233966510027136	0.5075818681543175	0.5	0.5107563810204138	0.7150259067357513	0.5067859788296576
nl	0.5040951316036327	0.5307770177547005	0.5015673981191223	0.5027777777777778	0.5553057561349003	0.6149962073261771	0.5662036564584095	0.6086094773810157	0.6011768673609862	0.6089019260540872	0.5488608080059427	0.5013927576601671	0.5865479402401149	0.540773684256257	0.6085242470195553	0.5842551837821957	0.5638103871566648	0.5240812812710919	0.5096282459745266	0.5023169601482854	0.5041950573981463	1.0	0.5971452719523307	0.6097145185647862	0.5826067226345986	0.5978180541311927	0.5045946655741252	0.510670731707317	0.5318683467026415	0.5320858298697986	0.5788628595524419	0.5	0.5519259501736925	0.5122699386503067	0.5946988862551362
pl	0.5064377682403434	0.5470487349614882	0.5013020833333334	0.504424778761062	0.5632653501547403	0.6097525932849681	0.5904178018221911	0.5856499518437385	0.6006026320529507	0.6098428513296238	0.5741591913452342	0.5022222222222222	0.601285019595447	0.5586386949531645	0.6150796696556136	0.6009580979179657	0.5806071593882978	0.5386480462111226	0.5153442438700719	0.5036927621861153	0.5067317661659273	0.5971452719523307	1.0	0.591670102394657	0.5941689341814792	0.6171106168356848	0.5087209302325582	0.5082592121982211	0.5477246060209511	0.5537456484020885	0.5743382335170147	0.5	0.5461973363937845	0.510230179028133	0.5983797153949549
pt	0.5084284217984261	0.5324392537618865	0.5011961722488038	0.5034168564920273	0.5475034861146904	0.5954064039502943	0.5689061339904792	0.5837537258325385	0.602305358712463	0.6048931820869553	0.5557414179110601	0.5017142857142858	0.5920761901347665	0.545675071457574	0.6021680956877672	0.5899985686107891	0.572865633453485	0.5292624133700791	0.5124243819808509	0.5028506271379704	0.5051840594766717	0.6097145185647862	0.591670102394657	1.0	0.5906520814334167	0.589345289513767	0.5050505050505051	0.5081967213114754	0.5378984590426812	0.5345280395770515	0.5594227661905912	0.5	0.5372912457763936	0.5094117647058823	0.5837012244867449
ro	0.5088353118981201	0.5510338688919652	0.5029761904761905	0.5049668874172185	0.5543823864487997	0.5972722767871846	0.590027348723496	0.5669523608590529	0.5814664377538629	0.6121099421627304	0.5737875277411406	0.502502731416604	0.6100923267758196	0.5609892423547879	0.5918716699830681	0.5980280285128289	0.5750976325301294	0.5434315702980735	0.5171265887223416	0.5041528728972303	0.50750844247497	0.5826067226345986	0.5941689341814792	0.5906520814334167	1.0	0.6056874504554663	0.506479489506885	0.5168539325842697	0.5441929843051551	0.5470708674010231	0.5650029097480014	0.5	0.5451599666519031	0.5213675213675213	0.5948045415297053
ru	0.5074066319213607	0.5503578777745277	0.6680919294494923	0.5045592705167173	0.5643751193373173	0.6143735396690246	0.5958552003694964	0.5836546724838713	0.605922691882742	0.6138752400649797	0.5811410602276251	0.5022900763358779	0.5997469532211289	0.5667575549108952	0.6127199051336383	0.617067175221943	0.5887507970260305	0.5409224369777621	0.5142608877729581	0.5038368056411741	0.5061508907157943	0.5978180541311927	0.6171106168356848	0.589345289513767	0.6056874504554663	1.0	0.5074947262085153	0.6786850477200425	0.5503766072710659	0.5479115275627465	0.5763958982859325	0.5	0.553302992154601	0.6779840848806366	0.6137766186924534
sh	0.5333333333333333	0.5279711775663967	0.5020661157024793	0.5263157894736842	0.5110410094637224	0.5071193866374589	0.5111710343210468	0.5039370078740157	0.5053859964093357	0.5048648648648648	0.5151515151515151	0.5151515151515151	0.5068762278978389	0.5171957822556117	0.5064079451964995	0.5081040309109854	0.5074135090609555	0.5321875116172443	0.5373134328358209	0.5277777777777778	0.5333333333333333	0.5045946655741252	0.5087209302325582	0.5050505050505051	0.506479489506885	0.5074947262085153	1.0	0.5139442231075697	0.5123152709359606	0.5323515408231952	0.5085302675725702	0.5	0.5058479532163742	0.5150300601202404	0.5074581097761629
si	0.7017543859649122	0.528	0.6666666666666666	0.72	0.5194029850746269	0.5064805583250249	0.6964618249534451	0.5057239057239057	0.506641366223909	0.5074766355140187	0.6915351506456241	0.7131782945736435	0.5154929577464789	0.5092838196286472	0.5057581573896353	0.6850477200424179	0.6873614190687362	0.5294117647058824	0.6888888888888889	0.7042253521126761	0.7	0.510670731707317	0.5082592121982211	0.5081967213114754	0.5168539325842697	0.6786850477200425	0.5139442231075697	1.0	0.529126213592233	0.5100154083204931	0.512589928057554	0.6947368421052631	0.6972176759410802	0.7586206896551725	0.6877113866967305
simple	0.5242718446601942	0.5514054977480976	0.5053763440860215	0.5133689839572192	0.5648331199193258	0.5412812306945645	0.5641039485791549	0.5258318135164568	0.5338345864661654	0.5377477155193687	0.5770984948041479	0.5081967213114754	0.5503272906528581	0.5650610184591603	0.5378547836884163	0.5546775654515719	0.5550383194141136	0.5578218643450756	0.5324881141045958	0.5135135135135135	0.5273423390883478	0.5318683467026415	0.5477246060209511	0.5378984590426812	0.5441929843051551	0.5503766072710659	0.5123152709359606	0.529126213592233	1.0	0.5544959128065395	0.5545164194509002	0.5	0.5401301518438179	0.5320197044334976	0.5500461588934072
sr	0.5098039215686274	0.6404042342789666	0.5007923930269413	0.5139664804469274	0.5813756515943538	0.5406067752902411	0.5722120268020998	0.5255961574699658	0.532134750871171	0.5358579898572186	0.6033710880427329	0.5085714285714286	0.5595520504348425	0.6093470820492597	0.5363168923026723	0.5528970789172422	0.551587505038784	0.6520809156007715	0.5450506385354128	0.5114385631788448	0.5233966510027136	0.5320858298697986	0.5537456484020885	0.5345280395770515	0.5470708674010231	0.5479115275627465	0.5323515408231952	0.5100154083204931	0.5544959128065395	1.0	0.5592946624089976	0.5	0.5380045008916126	0.5108359133126935	0.5485644965628791
sv	0.5094503808979007	0.5700061986458258	0.5018587360594796	0.5065502183406114	0.5993119994339066	0.5713390015265698	0.5823968209099374	0.5608259217808458	0.559252192383032	0.5667134922577614	0.579605324105701	0.5032967032967033	0.5801882155556152	0.5708502916169426	0.5684684164224063	0.58144039974895	0.5715630657889069	0.5556404844217864	0.5194009609044141	0.5043668122270742	0.5075818681543175	0.5788628595524419	0.5743382335170147	0.5594227661905912	0.5650029097480014	0.5763958982859325	0.5085302675725702	0.512589928057554	0.5545164194509002	0.5592946624089976	1.0	0.5	0.5756664490838834	0.5144927536231884	0.5756111286105758
te	0.5	0.5	0.6666666666666666	0.5	0.5	0.5	0.5	0.5	0.5	0.5	0.5	0.5	0.5	0.5	0.5	0.5	0.5	0.5	0.5	0.5	0.5	0.5	0.5	0.5	0.5	0.5	0.5	0.6947368421052631	0.5	0.5	0.5	1.0	0.5	0.6956521739130435	0.5
vi	0.5115606936416185	0.5437228382275293	0.6711864406779662	0.5076923076923077	0.5579093057945642	0.5451937437157165	0.552832674861512	0.5450487637642261	0.5377030216179439	0.5426754370025803	0.5473206586570647	0.5046728971962617	0.5592337662378445	0.5613444131176732	0.5463412519507543	0.5600875321519577	0.5462224365750957	0.5381669336621975	0.516036050187516	0.5061728395061729	0.5107563810204138	0.5519259501736925	0.5461973363937845	0.5372912457763936	0.5451599666519031	0.553302992154601	0.5058479532163742	0.6972176759410802	0.5401301518438179	0.5380045008916126	0.5756664490838834	0.5	1.0	0.7019867549668874	0.5574781713996958
war	0.7289719626168224	0.546218487394958	0.6666666666666666	0.787878787878788	0.5242424242424242	0.5075075075075075	0.6992481203007519	0.5053908355795148	0.5076190476190476	0.5074906367041199	0.6956521739130435	0.7193675889328064	0.5170454545454546	0.5106666666666667	0.5067437379576109	0.688034188034188	0.6905027932960894	0.5384615384615384	0.7089337175792507	0.7184466019417476	0.7150259067357513	0.5122699386503067	0.510230179028133	0.5094117647058823	0.5213675213675213	0.6779840848806366	0.5150300601202404	0.7586206896551725	0.5320197044334976	0.5108359133126935	0.5144927536231884	0.6956521739130435	0.7019867549668874	1.0	0.6909090909090909
zh	0.5088634187478787	0.5493054554691751	0.6697459584295612	0.5045317220543807	0.5690356532545702	0.6088325903207886	0.589142043547269	0.5846850761275153	0.597666048268274	0.5975219652357822	0.5756867593278353	0.5022761760242792	0.5841745943117971	0.5682329828184539	0.6034114979851386	0.6105435870792314	0.5896420400775993	0.5398033324145156	0.5164684895178395	0.5038213719061828	0.5067859788296576	0.5946988862551362	0.5983797153949549	0.5837012244867449	0.5948045415297053	0.6137766186924534	0.5074581097761629	0.6877113866967305	0.5500461588934072	0.5485644965628791	0.5756111286105758	0.5	0.5574781713996958	0.6909090909090909	1.0
