arz	bs	ceb	ckb	da	de	el	en	es	fr	he	hi	hu	id	it	ja	ko	lv	mk	ml	mr	nl	pl	pt	ro	ru	sh	si	simple	sr	sv	te	tr	vi	war	zh
arz	1.0	1.0	0.14342762372277806	1.0	1.0	1.0	1.0	1.0	1.0	1.0	1.0	1.0	1.0	1.0	1.0	1.0	1.0	1.0	0.0	1.0	1.0	1.0	1.0	1.0	1.0	1.0	1.0	0.0	1.0	1.0	1.0	1.0	1.0	1.0	1.0	1.0
bs	1.0	1.0	0.09963063921356384	0.585786437626905	0.585786437626905	0.39564392373896007	0.585786437626905	0.39564392373896007	0.39564392373896007	0.39564392373896007	0.39564392373896	0.585786437626905	0.585786437626905	0.39564392373896	0.39564392373896007	0.585786437626905	0.39564392373896007	0.585786437626905	1.0	1.0	0.585786437626905	0.39564392373896007	0.585786437626905	0.39564392373896007	0.585786437626905	0.39564392373896007	0.28172904669025317	0.0	0.585786437626905	0.585786437626905	0.39564392373896007	1.0	0.14166822121870948	0.585786437626905	1.0	0.39564392373896007
ceb	0.14342762372277806	0.09963063921356384	1.0	0.010778333722942944	0.09087432754463845	0.07770912495674838	0.010164595680134895	0.05938340962990263	0.06327548037627119	0.06080245454261462	0.010594958879813468	0.011063790621531257	0.04153074279404203	0.07829791137553947	0.10497777359452216	0.010164595680134895	0.010164595680134895	0.05265461491411898	0.010778333722942943	0.010778333722942943	0.010778333722942943	0.10214452083326038	0.08636061250118984	0.06186522689894277	0.0903827819394352	0.010164595680134895	0.06079578172144885	0.04045209940571441	0.10140619017586301	0.010594958879813468	0.06790019483015802	0.013611723196171044	-1.0	0.06722865935400131	0.010782519268848129	0.05366167530646995
ckb	1.0	0.585786437626905	0.010778333722942944	1.0	1.0	1.0	1.0	0.585786437626905	1.0	1.0	1.0	1.0	1.0	1.0	1.0	1.0	1.0	1.0	1.0	1.0	1.0	1.0	1.0	1.0	1.0	1.0	1.0	0.0	1.0	1.0	1.0	1.0	1.0	1.0	1.0	1.0
da	1.0	0.585786437626905	0.09087432754463845	1.0	1.0	0.44948974278317805	1.0	0.4142135623730951	0.5	0.5	1.0	1.0	0.585786437626905	1.0	0.585786437626905	0.585786437626905	0.585786437626905	1.0	1.0	1.0	1.0	0.585786437626905	0.4142135623730951	0.44948974278317805	0.585786437626905	1.0	0.17797387640247572	1.0	0.585786437626905	0.39564392373896007	1.0	1.0	0.1595851906106437	1.0	1.0	0.5
de	1.0	0.39564392373896007	0.07770912495674838	1.0	0.44948974278317805	1.0	1.0	0.059085793318906475	0.1825308641530453	0.21604850763119507	1.0	1.0	0.585786437626905	0.585786437626905	0.1951941016011038	0.3660254037844386	1.0	1.0	1.0	1.0	1.0	0.22646721143623746	0.16666666666666666	0.08359767078268728	0.44948974278317805	0.25355482027512377	0.07541921990100378	1.0	0.5	0.20686554033110677	0.18905299528192201	1.0	0.14699445822841747	0.5	1.0	0.5
el	1.0	0.585786437626905	0.010164595680134895	1.0	1.0	1.0	1.0	1.0	0.585786437626905	1.0	1.0	1.0	1.0	1.0	1.0	1.0	1.0	1.0	1.0	1.0	1.0	1.0	1.0	1.0	0.585786437626905	1.0	0.44948974278317805	1.0	1.0	1.0	1.0	1.0	0.585786437626905	1.0	1.0	1.0
en	1.0	0.39564392373896007	0.05938340962990263	0.585786437626905	0.4142135623730951	0.059085793318906475	1.0	1.0	0.03651775904216741	0.050128416149810846	0.3090169943749474	1.0	0.44948974278317805	0.3483314773547883	0.08410146178691259	0.20255199565557971	0.2661832955178855	1.0	0.585786437626905	1.0	1.0	0.15384615384615385	0.04081446961004136	0.04437485868851027	0.44948974278317805	0.1356931177589022	0.0647408709496035	1.0	0.4142135623730951	0.1346057977023629	0.14388924163538974	1.0	0.09614818721137303	0.5	1.0	0.18464218557642828
es	1.0	0.39564392373896007	0.06327548037627119	1.0	0.5	0.1825308641530453	0.585786437626905	0.03651775904216741	1.0	0.21822796141133347	0.36602540378443865	0.585786437626905	1.0	0.5	0.19404996501286384	0.5	0.5	1.0	1.0	1.0	1.0	0.26427884169111276	0.15438708879488486	0.07833026941827079	0.585786437626905	0.3430703308172536	0.07009428092240914	1.0	0.44948974278317805	0.1886378647726465	0.20449234831877658	1.0	0.1576664593532983	1.0	1.0	0.44948974278317805
fr	1.0	0.39564392373896007	0.06080245454261462	1.0	0.5	0.21604850763119507	1.0	0.050128416149810846	0.21822796141133347	1.0	1.0	1.0	0.585786437626905	0.585786437626905	0.21089672205953397	0.44948974278317805	1.0	1.0	1.0	1.0	1.0	0.29893508442482547	0.18594358782685683	0.07661100697396085	0.4142135623730951	0.32449979983983984	0.07723662056119193	1.0	0.5	0.19204411937679794	0.19427705374478668	1.0	0.12445779454771208	0.585786437626905	1.0	0.5
he	1.0	0.39564392373896	0.010594958879813468	1.0	1.0	1.0	1.0	0.3090169943749474	0.36602540378443865	1.0	1.0	1.0	1.0	1.0	0.585786437626905	1.0	1.0	1.0	1.0	1.0	1.0	1.0	1.0	0.3090169943749474	0.585786437626905	1.0	0.2204812092115424	1.0	1.0	0.3266316347104093	0.29429805508554946	1.0	1.0	1.0	1.0	1.0
hi	1.0	0.585786437626905	0.011063790621531257	1.0	1.0	1.0	1.0	1.0	0.585786437626905	1.0	1.0	1.0	1.0	1.0	1.0	1.0	1.0	1.0	1.0	1.0	1.0	1.0	1.0	1.0	0.585786437626905	1.0	0.44948974278317805	1.0	1.0	1.0	1.0	1.0	0.585786437626905	1.0	1.0	1.0
hu	1.0	0.585786437626905	0.04153074279404203	1.0	0.585786437626905	0.585786437626905	1.0	0.44948974278317805	1.0	0.585786437626905	1.0	1.0	1.0	1.0	0.585786437626905	1.0	1.0	1.0	1.0	1.0	1.0	0.5	1.0	0.5	0.585786437626905	1.0	0.2474401533514073	1.0	1.0	1.0	1.0	1.0	1.0	1.0	1.0	1.0
id	1.0	0.39564392373896	0.07829791137553947	1.0	1.0	0.585786437626905	1.0	0.3483314773547883	0.5	0.585786437626905	1.0	1.0	1.0	1.0	0.585786437626905	1.0	0.585786437626905	1.0	1.0	1.0	1.0	0.585786437626905	1.0	0.2857142857142857	0.585786437626905	0.585786437626905	0.30216947925196225	1.0	1.0	1.0	0.585786437626905	1.0	0.22513901913764928	1.0	1.0	1.0
it	1.0	0.39564392373896007	0.10497777359452216	1.0	0.585786437626905	0.1951941016011038	1.0	0.08410146178691259	0.19404996501286384	0.21089672205953397	0.585786437626905	1.0	0.585786437626905	0.585786437626905	1.0	0.44948974278317805	0.585786437626905	1.0	1.0	1.0	1.0	0.2402530733520421	0.15475109373611493	0.07969750861936957	0.585786437626905	0.2958163163244893	0.07973087240259219	1.0	0.5	0.203075234310397	0.2375657319544347	1.0	0.12444304293871292	0.585786437626905	1.0	0.44948974278317805
ja	1.0	0.585786437626905	0.010164595680134895	1.0	0.585786437626905	0.3660254037844386	1.0	0.20255199565557971	0.5	0.44948974278317805	1.0	1.0	1.0	1.0	0.44948974278317805	1.0	1.0	1.0	1.0	1.0	1.0	1.0	0.585786437626905	0.23371479611805132	0.585786437626905	1.0	0.25728427444747215	1.0	0.585786437626905	0.2857142857142857	0.2857142857142857	1.0	0.23329952500316292	1.0	1.0	1.0
ko	1.0	0.39564392373896007	0.010164595680134895	1.0	0.585786437626905	1.0	1.0	0.2661832955178855	0.5	1.0	1.0	1.0	1.0	0.585786437626905	0.585786437626905	1.0	1.0	1.0	1.0	1.0	1.0	1.0	1.0	0.28172904669025317	0.585786437626905	1.0	0.32449979983983984	1.0	0.585786437626905	0.3090169943749474	0.3483314773547883	1.0	0.4142135623730951	1.0	1.0	1.0
lv	1.0	0.585786437626905	0.05265461491411898	1.0	1.0	1.0	1.0	1.0	1.0	1.0	1.0	1.0	1.0	1.0	1.0	1.0	1.0	1.0	1.0	1.0	1.0	1.0	1.0	1.0	0.585786437626905	1.0	0.44948974278317805	1.0	1.0	1.0	1.0	1.0	0.44948974278317805	1.0	1.0	1.0
mk	0.0	1.0	0.010778333722942943	1.0	1.0	1.0	1.0	0.585786437626905	1.0	1.0	1.0	1.0	1.0	1.0	1.0	1.0	1.0	1.0	1.0	0.0	1.0	1.0	1.0	1.0	1.0	1.0	1.0	0.0	1.0	1.0	1.0	0.0	1.0	1.0	0.0	1.0
ml	1.0	1.0	0.010778333722942943	1.0	1.0	1.0	1.0	1.0	1.0	1.0	1.0	1.0	1.0	1.0	1.0	1.0	1.0	1.0	0.0	1.0	1.0	1.0	1.0	1.0	0.585786437626905	1.0	0.585786437626905	1.0	1.0	1.0	1.0	1.0	0.585786437626905	1.0	1.0	1.0
mr	1.0	0.585786437626905	0.010778333722942943	1.0	1.0	1.0	1.0	1.0	1.0	1.0	1.0	1.0	1.0	1.0	1.0	1.0	1.0	1.0	1.0	1.0	1.0	1.0	1.0	1.0	0.585786437626905	1.0	0.585786437626905	1.0	1.0	1.0	1.0	1.0	1.0	1.0	1.0	1.0
nl	1.0	0.39564392373896007	0.10214452083326038	1.0	0.585786437626905	0.22646721143623746	1.0	0.15384615384615385	0.26427884169111276	0.29893508442482547	1.0	1.0	0.5	0.585786437626905	0.2402530733520421	1.0	1.0	1.0	1.0	1.0	1.0	1.0	0.3203772410170407	0.14705758983092906	0.5	0.3430703308172536	0.11396261660770558	1.0	0.5	0.2674788903885893	0.2857142857142857	1.0	0.06888470388399597	1.0	1.0	0.4364916731037085
pl	1.0	0.585786437626905	0.08636061250118984	1.0	0.4142135623730951	0.16666666666666666	1.0	0.04081446961004136	0.15438708879488486	0.18594358782685683	1.0	1.0	1.0	1.0	0.15475109373611493	0.585786437626905	1.0	1.0	1.0	1.0	1.0	0.3203772410170407	1.0	0.07748825872813339	0.5	0.3660254037844386	0.07996138144994437	1.0	0.5	0.16139047779640892	0.19117391480835716	1.0	0.1474724568473456	0.5	1.0	1.0
pt	1.0	0.39564392373896007	0.06186522689894277	1.0	0.44948974278317805	0.08359767078268728	1.0	0.04437485868851027	0.07833026941827079	0.07661100697396085	0.3090169943749474	1.0	0.5	0.2857142857142857	0.07969750861936957	0.23371479611805132	0.28172904669025317	1.0	1.0	1.0	1.0	0.14705758983092906	0.07748825872813339	1.0	0.2857142857142857	0.13531623023163863	0.10954949985286154	1.0	0.44948974278317805	0.1876127897984334	0.17363517846264748	1.0	0.14716458977712235	0.30216947925196225	1.0	0.24660605559646726
ro	1.0	0.585786437626905	0.0903827819394352	1.0	0.585786437626905	0.44948974278317805	0.585786437626905	0.44948974278317805	0.585786437626905	0.4142135623730951	0.585786437626905	0.585786437626905	0.585786437626905	0.585786437626905	0.585786437626905	0.585786437626905	0.585786437626905	0.585786437626905	1.0	0.585786437626905	0.585786437626905	0.5	0.5	0.2857142857142857	1.0	0.585786437626905	0.20658711810431302	1.0	0.585786437626905	0.44948974278317805	0.585786437626905	1.0	0.585786437626905	0.585786437626905	1.0	0.585786437626905
ru	1.0	0.39564392373896007	0.010164595680134895	1.0	1.0	0.25355482027512377	1.0	0.1356931177589022	0.3430703308172536	0.32449979983983984	1.0	1.0	1.0	0.585786437626905	0.2958163163244893	1.0	1.0	1.0	1.0	1.0	1.0	0.3430703308172536	0.3660254037844386	0.13531623023163863	0.585786437626905	1.0	0.11002561123629326	1.0	1.0	0.2588283628687876	0.2225758785102318	1.0	0.15934399740800514	1.0	1.0	1.0
sh	1.0	0.28172904669025317	0.06079578172144885	1.0	0.17797387640247572	0.07541921990100378	0.44948974278317805	0.0647408709496035	0.07009428092240914	0.07723662056119193	0.2204812092115424	0.44948974278317805	0.2474401533514073	0.30216947925196225	0.07973087240259219	0.25728427444747215	0.32449979983983984	0.44948974278317805	1.0	0.585786437626905	0.585786437626905	0.11396261660770558	0.07996138144994437	0.10954949985286154	0.20658711810431302	0.11002561123629326	1.0	1.0	0.27429188517743175	0.0657629067388503	0.11125554574024704	1.0	0.3430703308172536	0.14956087350246788	1.0	0.17843295907368986
si	0.0	0.0	0.04045209940571441	0.0	1.0	1.0	1.0	1.0	1.0	1.0	1.0	1.0	1.0	1.0	1.0	1.0	1.0	1.0	0.0	1.0	1.0	1.0	1.0	1.0	1.0	1.0	1.0	1.0	1.0	1.0	1.0	0.0	1.0	1.0	0.0	1.0
simple	1.0	0.585786437626905	0.10140619017586301	1.0	0.585786437626905	0.5	1.0	0.4142135623730951	0.44948974278317805	0.5	1.0	1.0	1.0	1.0	0.5	0.585786437626905	0.585786437626905	1.0	1.0	1.0	1.0	0.5	0.5	0.44948974278317805	0.585786437626905	1.0	0.27429188517743175	1.0	1.0	0.3483314773547883	0.44948974278317805	1.0	0.28708594921778513	1.0	1.0	0.585786437626905
sr	1.0	0.585786437626905	0.010594958879813468	1.0	0.39564392373896007	0.20686554033110677	1.0	0.1346057977023629	0.1886378647726465	0.19204411937679794	0.3266316347104093	1.0	1.0	1.0	0.203075234310397	0.2857142857142857	0.3090169943749474	1.0	1.0	1.0	1.0	0.2674788903885893	0.16139047779640892	0.1876127897984334	0.44948974278317805	0.2588283628687876	0.0657629067388503	1.0	0.3483314773547883	1.0	0.20859974076132168	1.0	0.3660254037844386	0.3430703308172536	1.0	0.26427884169111276
sv	1.0	0.39564392373896007	0.06790019483015802	1.0	1.0	0.18905299528192201	1.0	0.14388924163538974	0.20449234831877658	0.19427705374478668	0.29429805508554946	1.0	1.0	0.585786437626905	0.2375657319544347	0.2857142857142857	0.3483314773547883	1.0	1.0	1.0	1.0	0.2857142857142857	0.19117391480835716	0.17363517846264748	0.585786437626905	0.2225758785102318	0.11125554574024704	1.0	0.44948974278317805	0.20859974076132168	1.0	1.0	0.3333333333333333	0.4364916731037085	1.0	0.25
te	1.0	1.0	0.013611723196171044	1.0	1.0	1.0	1.0	1.0	1.0	1.0	1.0	1.0	1.0	1.0	1.0	1.0	1.0	1.0	0.0	1.0	1.0	1.0	1.0	1.0	1.0	1.0	1.0	0.0	1.0	1.0	1.0	1.0	0.585786437626905	1.0	1.0	1.0
tr	1.0	0.14166822121870948	-1.0	1.0	0.1595851906106437	0.14699445822841747	0.585786437626905	0.09614818721137303	0.1576664593532983	0.12445779454771208	1.0	0.585786437626905	1.0	0.22513901913764928	0.12444304293871292	0.23329952500316292	0.4142135623730951	0.44948974278317805	1.0	0.585786437626905	1.0	0.06888470388399597	0.1474724568473456	0.14716458977712235	0.585786437626905	0.15934399740800514	0.3430703308172536	1.0	0.28708594921778513	0.3660254037844386	0.3333333333333333	0.585786437626905	1.0	0.2588283628687876	1.0	0.26427884169111276
vi	1.0	0.585786437626905	0.06722865935400131	1.0	1.0	0.5	1.0	0.5	1.0	0.585786437626905	1.0	1.0	1.0	1.0	0.585786437626905	1.0	1.0	1.0	1.0	1.0	1.0	1.0	0.5	0.30216947925196225	0.585786437626905	1.0	0.14956087350246788	1.0	1.0	0.3430703308172536	0.4364916731037085	1.0	0.2588283628687876	1.0	1.0	1.0
war	1.0	1.0	0.010782519268848129	1.0	1.0	1.0	1.0	1.0	1.0	1.0	1.0	1.0	1.0	1.0	1.0	1.0	1.0	1.0	0.0	1.0	1.0	1.0	1.0	1.0	1.0	1.0	1.0	0.0	1.0	1.0	1.0	1.0	1.0	1.0	1.0	1.0
zh	1.0	0.39564392373896007	0.05366167530646995	1.0	0.5	0.5	1.0	0.18464218557642828	0.44948974278317805	0.5	1.0	1.0	1.0	1.0	0.44948974278317805	1.0	1.0	1.0	1.0	1.0	1.0	0.4364916731037085	1.0	0.24660605559646726	0.585786437626905	1.0	0.17843295907368986	1.0	0.585786437626905	0.26427884169111276	0.25	1.0	0.26427884169111276	1.0	1.0	1.0
