arz	bs	ceb	ckb	da	de	el	en	es	fr	he	hi	hu	id	it	ja	ko	lv	mk	ml	mr	nl	pl	pt	ro	ru	sh	si	simple	sr	sv	te	tr	union	vi	war	zh
arz	0.5	0.0	0.0	0.08620689655172414	0.0	0.0	0.0	0.0018867924528301887	0.016129032258064516	0.0	0.0	0.0	0.046242774566473986	0.0	0.0	0.0	0.0	0.0	0.0	0.0	0.0	0.0	0.0	0.011363636363636364	0.0	0.0	0.0	0.04054054054054054	0.0	0.0	0.0	0.0	0.0	0.0017730496453900709	0.0	0.07352941176470588	0.0
bs	0.0	0.5	0.0	0.08823529411764706	0.0	0.0625	0.0	0.0018867924528301887	0.016129032258064516	0.014285714285714285	0.0	0.0	0.09392265193370165	0.045454545454545456	0.041666666666666664	0.1	0.0	0.0	0.0	0.0	0.0	0.0	0.07142857142857142	0.011363636363636364	0.0	0.01282051282051282	0.0	0.059322033898305086	0.0	0.0	0.1	0.0	0.0	0.0017730496453900709	0.0	0.10185185185185185	0.025
ceb	0.0	0.0	0.5	0.0	0.003105590062111801	0.001976284584980237	0.005747126436781609	0.001358695652173913	0.0019120458891013384	0.001876172607879925	0.0044444444444444444	0.006493506493506494	0.006024096385542169	0.002688172043010753	0.001937984496124031	0.0030211480362537764	0.0033783783783783786	0.0058823529411764705	0.0045871559633027525	0.00819672131147541	0.018867924528301886	0.003067484662576687	0.002577319587628866	0.0023752969121140144	0.0058823529411764705	0.0015923566878980893	0.004098360655737705	0.0	0.01020408163265306	0.003115264797507788	0.003676470588235294	0.0	0.0037313432835820895	0.001049317943336831	0.005025125628140704	0.0	0.0030959752321981426
ckb	0.08620689655172414	0.08823529411764706	0.0	0.5	0.031055900621118012	0.010869565217391304	0.031609195402298854	0.007472826086956522	0.010516252390057362	0.010318949343339587	0.022123893805309734	0.06493506493506493	0.029940119760479042	0.01478494623655914	0.01065891472868217	0.015060240963855422	0.018581081081081082	0.05232558139534884	0.04090909090909091	0.06349206349206349	0.06140350877192982	0.01529051987767584	0.012853470437017995	0.013064133016627079	0.02616279069767442	0.00875796178343949	0.022540983606557378	0.08333333333333333	0.050505050505050504	0.017133956386292833	0.02022058823529412	0.038461538461538464	0.020522388059701493	0.005771248688352571	0.025	0.14285714285714285	0.017027863777089782
da	0.0	0.0	0.003105590062111801	0.031055900621118012	0.5	0.0	0.0	0.0018867924528301887	0.0	0.0	0.0	0.0	0.1680327868852459	0.0	0.0	0.0	0.0	0.0	0.0	0.0	0.0	0.0	0.0	0.0	0.0	0.0	0.0	0.039634146341463415	0.0	0.0	0.0	0.0	0.0	0.0017730496453900709	0.0	0.05	0.0
de	0.0	0.0625	0.001976284584980237	0.010869565217391304	0.0	1.0	0.08333333333333333	0.01509433962264151	0.05714285714285714	0.06578947368421052	0.1	0.02631578947368421	0.13001605136436598	0.09375	0.05555555555555555	0.09090909090909091	0.08333333333333333	0.0	0.045454545454545456	0.0	0.0	0.041666666666666664	0.125	0.041666666666666664	0.08333333333333333	0.03409090909090909	0.0	0.012745098039215686	0.0	0.0	0.15	0.0	0.06666666666666667	0.014496507025792228	0.10714285714285714	0.014792899408284023	0.10869565217391304
el	0.0	0.0	0.005747126436781609	0.031609195402298854	0.0	0.08333333333333333	0.5	0.011320754716981131	0.04411764705882353	0.06944444444444445	0.05555555555555555	0.029411764705882353	0.15891472868217055	0.03125	0.1	0.05	0.0	0.0	0.21428571428571427	0.0625	0.0	0.05	0.15	0.043478260869565216	0.16666666666666666	0.04878048780487805	0.0	0.0335195530726257	0.0	0.0	0.1111111111111111	0.07142857142857142	0.18181818181818182	0.010638297872340425	0.125	0.03672316384180791	0.09090909090909091
en	0.0018867924528301887	0.0018867924528301887	0.001358695652173913	0.007472826086956522	0.0018867924528301887	0.01509433962264151	0.011320754716981131	1.0	0.054307116104868915	0.05970149253731343	0.007547169811320755	0.022641509433962263	0.11116490926045476	0.020754716981132074	0.020676691729323307	0.007518796992481203	0.009398496240601503	0.0018867924528301887	0.007547169811320755	0.005660377358490566	0.0018867924528301887	0.009755712585901265	0.013529297491561643	0.07293024997919151	0.011963015474848826	0.06296296296296296	0.0037735849056603774	0.01154891304347826	0.0	0.0018796992481203006	0.009755505672511072	0.0037735849056603774	0.02116388625822588	0.954876882620129	0.016981132075471698	0.010869565217391304	0.03571428571428571
es	0.016129032258064516	0.016129032258064516	0.0019120458891013384	0.010516252390057362	0.0	0.05714285714285714	0.04411764705882353	0.054307116104868915	0.5	0.16	0.046875	0.024390243902439025	0.12979890310786105	0.08333333333333333	0.08108108108108109	0.045454545454545456	0.02857142857142857	0.0	0.014705882352941176	0.0	0.0	0.045454545454545456	0.058823529411764705	0.14655172413793102	0.02857142857142857	0.10344827586206896	0.03225806451612903	0.013307984790874524	0.0	0.015625	0.045454545454545456	0.0	0.04054054054054054	0.0549645390070922	0.08823529411764706	0.015296367112810707	0.07954545454545454
fr	0.0	0.014285714285714285	0.001876172607879925	0.010318949343339587	0.0	0.06578947368421052	0.06944444444444445	0.05970149253731343	0.16	0.5	0.041666666666666664	0.046511627906976744	0.13615092428462902	0.075	0.11842105263157894	0.04054054054054054	0.039473684210526314	0.014285714285714285	0.041666666666666664	0.0	0.0	0.05555555555555555	0.08333333333333333	0.13709677419354838	0.05405405405405406	0.10655737704918032	0.02857142857142857	0.0149812734082397	0.0	0.013888888888888888	0.05555555555555555	0.0	0.1111111111111111	0.06205673758865248	0.1111111111111111	0.0150093808630394	0.13953488372093023
he	0.0	0.0	0.0044444444444444444	0.022123893805309734	0.0	0.1	0.05555555555555555	0.007547169811320755	0.046875	0.041666666666666664	0.5	0.03333333333333333	0.18118466898954705	0.07692307692307693	0.03333333333333333	0.0625	0.05555555555555555	0.0	0.0	0.0	0.0	0.0	0.05	0.03333333333333333	0.05555555555555555	0.011904761904761904	0.0	0.028384279475982533	0.0	0.0	0.14285714285714285	0.0	0.09090909090909091	0.0070921985815602835	0.09090909090909091	0.033185840707964605	0.07142857142857142
hi	0.0	0.0	0.006493506493506494	0.06493506493506493	0.0	0.02631578947368421	0.029411764705882353	0.022641509433962263	0.024390243902439025	0.046511627906976744	0.03333333333333333	0.5	0.09024390243902439	0.0	0.021739130434782608	0.0	0.1	0.0	0.0	0.07692307692307693	0.0	0.0	0.027777777777777776	0.02830188679245283	0.0	0.0425531914893617	0.038461538461538464	0.05357142857142857	0.0	0.038461538461538464	0.03125	0.038461538461538464	0.025	0.02127659574468085	0.08333333333333333	0.06097560975609756	0.03333333333333333
hu	0.046242774566473986	0.09392265193370165	0.006024096385542169	0.029940119760479042	0.1680327868852459	0.13001605136436598	0.15891472868217055	0.11116490926045476	0.12979890310786105	0.13615092428462902	0.18118466898954705	0.09024390243902439	1.0	0.1625615763546798	0.13392642418587938	0.15394736842105264	0.17346938775510204	0.14766839378238342	0.11434977578475336	0.07653061224489796	0.0918918918918919	0.16168309555786434	0.15023474178403756	0.14281266757650382	0.1774193548387097	0.12421383647798742	0.16491851595006934	0.03197674418604651	0.15346534653465346	0.17265193370165746	0.17177914110429449	0.01694915254237288	0.1656441717791411	0.08719903053929799	0.161231884057971	0.03529411764705882	0.1680327868852459
id	0.0	0.045454545454545456	0.002688172043010753	0.01478494623655914	0.0	0.09375	0.03125	0.020754716981132074	0.08333333333333333	0.075	0.07692307692307693	0.0	0.1625615763546798	1.0	0.047619047619047616	0.16666666666666666	0.03125	0.0	0.0	0.0	0.0	0.03333333333333333	0.0625	0.07291666666666667	0.06666666666666667	0.043478260869565216	0.0	0.018666666666666668	0.0	0.0	0.07142857142857142	0.0	0.05555555555555555	0.01981565596196244	0.08823529411764706	0.021505376344086023	0.09615384615384616
it	0.0	0.041666666666666664	0.001937984496124031	0.01065891472868217	0.0	0.05555555555555555	0.1	0.020676691729323307	0.08108108108108109	0.11842105263157894	0.03333333333333333	0.021739130434782608	0.13392642418587938	0.047619047619047616	0.5	0.06666666666666667	0.029411764705882353	0.0	0.07142857142857142	0.0	0.0	0.06666666666666667	0.058823529411764705	0.07142857142857142	0.029411764705882353	0.06666666666666667	0.0	0.011516314779270634	0.0	0.0	0.10714285714285714	0.0	0.05263157894736842	0.02127659574468085	0.11764705882352941	0.013513513513513514	0.07142857142857142
ja	0.0	0.1	0.0030211480362537764	0.015060240963855422	0.0	0.09090909090909091	0.05	0.007518796992481203	0.045454545454545456	0.04054054054054054	0.0625	0.0	0.15394736842105264	0.16666666666666666	0.06666666666666667	0.5	0.1111111111111111	0.0	0.0	0.0	0.0	0.0	0.1	0.03260869565217391	0.05	0.05	0.0	0.019402985074626865	0.0	0.08333333333333333	0.125	0.0	0.038461538461538464	0.008865248226950355	0.08333333333333333	0.022590361445783132	0.043478260869565216
ko	0.0	0.0	0.0033783783783783786	0.018581081081081082	0.0	0.08333333333333333	0.0	0.009398496240601503	0.02857142857142857	0.039473684210526314	0.05555555555555555	0.1	0.17346938775510204	0.03125	0.029411764705882353	0.1111111111111111	0.5	0.0	0.0	0.0	0.0	0.0	0.041666666666666664	0.031914893617021274	0.0	0.023255813953488372	0.07142857142857142	0.023411371237458192	0.0	0.16666666666666666	0.05	0.0	0.03571428571428571	0.010638297872340425	0.125	0.02702702702702703	0.041666666666666664
lv	0.0	0.0	0.0058823529411764705	0.05232558139534884	0.0	0.0	0.0	0.0018867924528301887	0.0	0.014285714285714285	0.0	0.0	0.14766839378238342	0.0	0.0	0.0	0.0	0.5	0.0	0.0	0.0	0.0	0.07142857142857142	0.0	0.0	0.0	0.0	0.06111111111111111	0.0	0.0	0.0	0.0	0.0	0.0017730496453900709	0.0	0.08139534883720931	0.0
mk	0.0	0.0	0.0045871559633027525	0.04090909090909091	0.0	0.045454545454545456	0.21428571428571427	0.007547169811320755	0.014705882352941176	0.041666666666666664	0.0	0.0	0.11434977578475336	0.0	0.07142857142857142	0.0	0.0	0.0	0.5	0.0	0.0	0.0625	0.1111111111111111	0.021739130434782608	0.05555555555555555	0.024390243902439025	0.0	0.029661016949152543	0.0	0.0	0.0625	0.0	0.09090909090909091	0.0070921985815602835	0.041666666666666664	0.048672566371681415	0.07142857142857142
ml	0.0	0.0	0.00819672131147541	0.06349206349206349	0.0	0.0	0.0625	0.005660377358490566	0.0	0.0	0.0	0.07692307692307693	0.07653061224489796	0.0	0.0	0.0	0.0	0.0	0.0	0.5	0.0	0.0	0.0	0.0	0.0	0.0	0.0	0.04225352112676056	0.0	0.0	0.0	0.125	0.0	0.005319148936170213	0.0	0.058823529411764705	0.0
mr	0.0	0.0	0.018867924528301886	0.06140350877192982	0.0	0.0	0.0	0.0018867924528301887	0.0	0.0	0.0	0.0	0.0918918918918919	0.0	0.0	0.0	0.0	0.0	0.0	0.0	0.5	0.0	0.0	0.0	0.0	0.0	0.0	0.038461538461538464	0.0	0.0	0.0	0.0	0.0	0.0017730496453900709	0.0	0.056451612903225805	0.0
nl	0.0	0.0	0.003067484662576687	0.01529051987767584	0.0	0.041666666666666664	0.05	0.009755712585901265	0.045454545454545456	0.05555555555555555	0.0	0.0	0.16168309555786434	0.03333333333333333	0.06666666666666667	0.0	0.0	0.0	0.0625	0.0	0.0	1.0	0.045454545454545456	0.010416666666666666	0.0	0.023809523809523808	0.08333333333333333	0.02127659574468085	0.0	0.0	0.0	0.0	0.038461538461538464	0.009177358089622016	0.038461538461538464	0.024539877300613498	0.06818181818181818
pl	0.0	0.07142857142857142	0.002577319587628866	0.012853470437017995	0.0	0.125	0.15	0.013529297491561643	0.058823529411764705	0.08333333333333333	0.05	0.027777777777777776	0.15023474178403756	0.0625	0.058823529411764705	0.1	0.041666666666666664	0.07142857142857142	0.1111111111111111	0.0	0.0	0.045454545454545456	1.0	0.0425531914893617	0.19090909090909092	0.06097560975609756	0.0625	0.016581632653061226	0.0	0.0625	0.1	0.0	0.07142857142857142	0.012723457380402158	0.07142857142857142	0.020618556701030927	0.08695652173913043
pt	0.011363636363636364	0.011363636363636364	0.0023752969121140144	0.013064133016627079	0.0	0.041666666666666664	0.043478260869565216	0.07293024997919151	0.14655172413793102	0.13709677419354838	0.03333333333333333	0.02830188679245283	0.14281266757650382	0.07291666666666667	0.07142857142857142	0.03260869565217391	0.031914893617021274	0.0	0.021739130434782608	0.0	0.0	0.010416666666666666	0.0425531914893617	1.0	0.043478260869565216	0.08450704225352113	0.011111111111111112	0.01650943396226415	0.0	0.011111111111111112	0.056818181818181816	0.0	0.06382978723404255	0.0939317873934178	0.07608695652173914	0.019002375296912115	0.10377358490566038
ro	0.0	0.0	0.0058823529411764705	0.02616279069767442	0.0	0.08333333333333333	0.16666666666666666	0.011963015474848826	0.02857142857142857	0.05405405405405406	0.05555555555555555	0.0	0.1774193548387097	0.06666666666666667	0.029411764705882353	0.05	0.0	0.0	0.05555555555555555	0.0	0.0	0.0	0.19090909090909092	0.043478260869565216	1.0	0.03571428571428571	0.0	0.03428571428571429	0.0	0.0	0.05	0.0	0.125	0.012198847185698728	0.07692307692307693	0.043859649122807015	0.09090909090909091
ru	0.0	0.01282051282051282	0.0015923566878980893	0.00875796178343949	0.0	0.03409090909090909	0.04878048780487805	0.06296296296296296	0.10344827586206896	0.10655737704918032	0.011904761904761904	0.0425531914893617	0.12421383647798742	0.043478260869565216	0.06666666666666667	0.05	0.023255813953488372	0.0	0.024390243902439025	0.0	0.0	0.023809523809523808	0.06097560975609756	0.08450704225352113	0.03571428571428571	0.5	0.02564102564102564	0.013535031847133758	0.0	0.0125	0.023809523809523808	0.0	0.045454545454545456	0.06914893617021277	0.045454545454545456	0.012738853503184714	0.03636363636363636
sh	0.0	0.0	0.004098360655737705	0.022540983606557378	0.0	0.0	0.0	0.0037735849056603774	0.03225806451612903	0.02857142857142857	0.0	0.038461538461538464	0.16491851595006934	0.0	0.0	0.0	0.07142857142857142	0.0	0.0	0.0	0.0	0.08333333333333333	0.0625	0.011111111111111112	0.0	0.02564102564102564	0.5	0.02834008097165992	0.0	0.16666666666666666	0.0	0.0	0.0	0.0035460992907801418	0.05	0.030612244897959183	0.0
si	0.04054054054054054	0.059322033898305086	0.0	0.08333333333333333	0.039634146341463415	0.012745098039215686	0.0335195530726257	0.01154891304347826	0.013307984790874524	0.0149812734082397	0.028384279475982533	0.05357142857142857	0.03197674418604651	0.018666666666666668	0.011516314779270634	0.019402985074626865	0.023411371237458192	0.06111111111111111	0.029661016949152543	0.04225352112676056	0.038461538461538464	0.02127659574468085	0.016581632653061226	0.01650943396226415	0.03428571428571429	0.013535031847133758	0.02834008097165992	0.5	0.05825242718446602	0.02	0.025454545454545455	0.03125	0.020072992700729927	0.008919202518363064	0.034653465346534656	0.1111111111111111	0.02147239263803681
simple	0.0	0.0	0.01020408163265306	0.050505050505050504	0.0	0.0	0.0	0.0	0.0	0.0	0.0	0.0	0.15346534653465346	0.0	0.0	0.0	0.0	0.0	0.0	0.0	0.0	0.0	0.0	0.0	0.0	0.0	0.0	0.05825242718446602	0.5	0.0	0.0	0.0	0.0	0.0017730496453900709	0.0	0.06435643564356436	0.0
sr	0.0	0.0	0.003115264797507788	0.017133956386292833	0.0	0.0	0.0	0.0018796992481203006	0.015625	0.013888888888888888	0.0	0.038461538461538464	0.17265193370165746	0.0	0.0	0.08333333333333333	0.16666666666666666	0.0	0.0	0.0	0.0	0.0	0.0625	0.011111111111111112	0.0	0.0125	0.16666666666666666	0.02	0.0	0.5	0.0	0.0	0.0	0.0035460992907801418	0.05	0.023291925465838508	0.0
sv	0.0	0.1	0.003676470588235294	0.02022058823529412	0.0	0.15	0.1111111111111111	0.009755505672511072	0.045454545454545456	0.05555555555555555	0.14285714285714285	0.03125	0.17177914110429449	0.07142857142857142	0.10714285714285714	0.125	0.05	0.0	0.0625	0.0	0.0	0.0	0.1	0.056818181818181816	0.05	0.023809523809523808	0.0	0.025454545454545455	0.0	0.0	1.0	0.0	0.11904761904761904	0.009489467952293676	0.13636363636363635	0.029411764705882353	0.09523809523809523
te	0.0	0.0	0.0	0.038461538461538464	0.0	0.0	0.07142857142857142	0.0037735849056603774	0.0	0.0	0.0	0.038461538461538464	0.01694915254237288	0.0	0.0	0.0	0.0	0.0	0.0	0.125	0.0	0.0	0.0	0.0	0.0	0.0	0.0	0.03125	0.0	0.0	0.0	0.5	0.0	0.0035460992907801418	0.0	0.03225806451612903	0.0
tr	0.0	0.0	0.0037313432835820895	0.020522388059701493	0.0	0.06666666666666667	0.18181818181818182	0.02116388625822588	0.04054054054054054	0.1111111111111111	0.09090909090909091	0.025	0.1656441717791411	0.05555555555555555	0.05263157894736842	0.038461538461538464	0.03571428571428571	0.0	0.09090909090909091	0.0	0.0	0.038461538461538464	0.07142857142857142	0.06382978723404255	0.125	0.045454545454545456	0.0	0.020072992700729927	0.0	0.0	0.11904761904761904	0.0	1.0	0.020014875023242222	0.14285714285714285	0.027881040892193308	0.13043478260869565
union	0.0017730496453900709	0.0017730496453900709	0.001049317943336831	0.005771248688352571	0.0017730496453900709	0.014496507025792228	0.010638297872340425	0.954876882620129	0.0549645390070922	0.06205673758865248	0.0070921985815602835	0.02127659574468085	0.08719903053929799	0.01981565596196244	0.02127659574468085	0.008865248226950355	0.010638297872340425	0.0017730496453900709	0.0070921985815602835	0.005319148936170213	0.0017730496453900709	0.009177358089622016	0.012723457380402158	0.0939317873934178	0.012198847185698728	0.06914893617021277	0.0035460992907801418	0.008919202518363064	0.0017730496453900709	0.0035460992907801418	0.009489467952293676	0.0035460992907801418	0.020014875023242222	1.0	0.015957446808510637	0.008394543546694649	0.03546099290780142
vi	0.0	0.0	0.005025125628140704	0.025	0.0	0.10714285714285714	0.125	0.016981132075471698	0.08823529411764706	0.1111111111111111	0.09090909090909091	0.08333333333333333	0.161231884057971	0.08823529411764706	0.11764705882352941	0.08333333333333333	0.125	0.0	0.041666666666666664	0.0	0.0	0.038461538461538464	0.07142857142857142	0.07608695652173914	0.07692307692307693	0.045454545454545456	0.05	0.034653465346534656	0.0	0.05	0.13636363636363635	0.0	0.14285714285714285	0.015957446808510637	0.5	0.04020100502512563	0.10416666666666667
war	0.07352941176470588	0.10185185185185185	0.0	0.14285714285714285	0.05	0.014792899408284023	0.03672316384180791	0.010869565217391304	0.015296367112810707	0.0150093808630394	0.033185840707964605	0.06097560975609756	0.03529411764705882	0.021505376344086023	0.013513513513513514	0.022590361445783132	0.02702702702702703	0.08139534883720931	0.048672566371681415	0.058823529411764705	0.056451612903225805	0.024539877300613498	0.020618556701030927	0.019002375296912115	0.043859649122807015	0.012738853503184714	0.030612244897959183	0.1111111111111111	0.06435643564356436	0.023291925465838508	0.029411764705882353	0.03225806451612903	0.027881040892193308	0.008394543546694649	0.04020100502512563	0.5	0.02476780185758514
zh	0.0	0.025	0.0030959752321981426	0.017027863777089782	0.0	0.10869565217391304	0.09090909090909091	0.03571428571428571	0.07954545454545454	0.13953488372093023	0.07142857142857142	0.03333333333333333	0.1680327868852459	0.09615384615384616	0.07142857142857142	0.043478260869565216	0.041666666666666664	0.0	0.07142857142857142	0.0	0.0	0.06818181818181818	0.08695652173913043	0.10377358490566038	0.09090909090909091	0.03636363636363636	0.0	0.02147239263803681	0.0	0.0	0.09523809523809523	0.0	0.13043478260869565	0.03546099290780142	0.10416666666666667	0.02476780185758514	0.5
