arz	bs	ceb	ckb	da	de	el	en	es	fr	he	hi	hu	id	it	ja	ko	lv	mk	ml	mr	nl	pl	pt	ro	ru	sh	si	simple	sr	sv	te	tr	union	vi	war	zh
arz	1.0	0.0	0.0	0.1724137931034483	0.0	0.0	0.0	0.0037735849056603774	0.03225806451612903	0.0	0.0	0.0	0.09248554913294797	0.0	0.0	0.0	0.0	0.0	0.0	0.0	0.0	0.0	0.0	0.022727272727272728	0.0	0.0	0.0	0.08108108108108109	0.0	0.0	0.0	0.0	0.0	0.0035460992907801418	0.0	0.14705882352941177	0.0
bs	0.0	1.0	0.0	0.17647058823529413	0.0	0.125	0.0	0.0037735849056603774	0.03225806451612903	0.02857142857142857	0.0	0.0	0.1878453038674033	0.09090909090909091	0.08333333333333333	0.2	0.0	0.0	0.0	0.0	0.0	0.0	0.14285714285714285	0.022727272727272728	0.0	0.02564102564102564	0.0	0.11864406779661017	0.0	0.0	0.2	0.0	0.0	0.0035460992907801418	0.0	0.2037037037037037	0.05
ceb	0.0	0.0	1.0	0.0	0.006211180124223602	0.003952569169960474	0.011494252873563218	0.002717391304347826	0.0038240917782026767	0.00375234521575985	0.008888888888888889	0.012987012987012988	0.012048192771084338	0.005376344086021506	0.003875968992248062	0.006042296072507553	0.006756756756756757	0.011764705882352941	0.009174311926605505	0.01639344262295082	0.03773584905660377	0.006134969325153374	0.005154639175257732	0.004750593824228029	0.011764705882352941	0.0031847133757961785	0.00819672131147541	0.0	0.02040816326530612	0.006230529595015576	0.007352941176470588	0.0	0.007462686567164179	0.002098635886673662	0.010050251256281407	0.0	0.006191950464396285
ckb	0.1724137931034483	0.17647058823529413	0.0	1.0	0.062111801242236024	0.021739130434782608	0.06321839080459771	0.014945652173913044	0.021032504780114723	0.020637898686679174	0.04424778761061947	0.12987012987012986	0.059880239520958084	0.02956989247311828	0.02131782945736434	0.030120481927710843	0.037162162162162164	0.10465116279069768	0.08181818181818182	0.12698412698412698	0.12280701754385964	0.03058103975535168	0.02570694087403599	0.026128266033254157	0.05232558139534884	0.01751592356687898	0.045081967213114756	0.16666666666666666	0.10101010101010101	0.03426791277258567	0.04044117647058824	0.07692307692307693	0.041044776119402986	0.011542497376705142	0.05	0.2857142857142857	0.034055727554179564
da	0.0	0.0	0.006211180124223602	0.062111801242236024	1.0	0.0	0.0	0.0037735849056603774	0.0	0.0	0.0	0.0	0.3360655737704918	0.0	0.0	0.0	0.0	0.0	0.0	0.0	0.0	0.0	0.0	0.0	0.0	0.0	0.0	0.07926829268292683	0.0	0.0	0.0	0.0	0.0	0.0035460992907801418	0.0	0.1	0.0
de	0.0	0.125	0.003952569169960474	0.021739130434782608	0.0	1.0	0.16666666666666666	0.03018867924528302	0.11428571428571428	0.13157894736842105	0.2	0.05263157894736842	0.25842696629213485	0.1875	0.1111111111111111	0.18181818181818182	0.16666666666666666	0.0	0.09090909090909091	0.0	0.0	0.08333333333333333	0.25	0.08333333333333333	0.16666666666666666	0.06818181818181818	0.0	0.025490196078431372	0.0	0.0	0.3	0.0	0.13333333333333333	0.028368794326241134	0.21428571428571427	0.029585798816568046	0.21739130434782608
el	0.0	0.0	0.011494252873563218	0.06321839080459771	0.0	0.16666666666666666	1.0	0.022641509433962263	0.08823529411764706	0.1388888888888889	0.1111111111111111	0.058823529411764705	0.3178294573643411	0.0625	0.2	0.1	0.0	0.0	0.42857142857142855	0.125	0.0	0.1	0.3	0.08695652173913043	0.3333333333333333	0.0975609756097561	0.0	0.0670391061452514	0.0	0.0	0.2222222222222222	0.14285714285714285	0.36363636363636365	0.02127659574468085	0.25	0.07344632768361582	0.18181818181818182
en	0.0037735849056603774	0.0037735849056603774	0.002717391304347826	0.014945652173913044	0.0037735849056603774	0.03018867924528302	0.022641509433962263	1.0	0.10861423220973783	0.11940298507462686	0.01509433962264151	0.045283018867924525	0.2222222222222222	0.04150943396226415	0.041353383458646614	0.015037593984962405	0.018796992481203006	0.0037735849056603774	0.01509433962264151	0.011320754716981131	0.0037735849056603774	0.018867924528301886	0.026415094339622643	0.14022140221402213	0.022641509433962263	0.1259259259259259	0.007547169811320755	0.02309782608695652	0.0	0.0037593984962406013	0.018867924528301886	0.007547169811320755	0.033962264150943396	0.9397163120567376	0.033962264150943396	0.021739130434782608	0.07142857142857142
es	0.03225806451612903	0.03225806451612903	0.0038240917782026767	0.021032504780114723	0.0	0.11428571428571428	0.08823529411764706	0.10861423220973783	1.0	0.32	0.09375	0.04878048780487805	0.2595978062157221	0.16666666666666666	0.16216216216216217	0.09090909090909091	0.05714285714285714	0.0	0.029411764705882353	0.0	0.0	0.09090909090909091	0.11764705882352941	0.29310344827586204	0.05714285714285714	0.20689655172413793	0.06451612903225806	0.026615969581749048	0.0	0.03125	0.09090909090909091	0.0	0.08108108108108109	0.1099290780141844	0.17647058823529413	0.030592734225621414	0.1590909090909091
fr	0.0	0.02857142857142857	0.00375234521575985	0.020637898686679174	0.0	0.13157894736842105	0.1388888888888889	0.11940298507462686	0.32	1.0	0.08333333333333333	0.09302325581395349	0.27090909090909093	0.15	0.23684210526315788	0.08108108108108109	0.07894736842105263	0.02857142857142857	0.08333333333333333	0.0	0.0	0.1111111111111111	0.16666666666666666	0.27419354838709675	0.10810810810810811	0.21311475409836064	0.05714285714285714	0.0299625468164794	0.0	0.027777777777777776	0.1111111111111111	0.0	0.2222222222222222	0.12411347517730496	0.2222222222222222	0.0300187617260788	0.27906976744186046
he	0.0	0.0	0.008888888888888889	0.04424778761061947	0.0	0.2	0.1111111111111111	0.01509433962264151	0.09375	0.08333333333333333	1.0	0.06666666666666667	0.3623693379790941	0.15384615384615385	0.06666666666666667	0.125	0.1111111111111111	0.0	0.0	0.0	0.0	0.0	0.1	0.06666666666666667	0.1111111111111111	0.023809523809523808	0.0	0.056768558951965066	0.0	0.0	0.2857142857142857	0.0	0.18181818181818182	0.014184397163120567	0.18181818181818182	0.06637168141592921	0.14285714285714285
hi	0.0	0.0	0.012987012987012988	0.12987012987012986	0.0	0.05263157894736842	0.058823529411764705	0.045283018867924525	0.04878048780487805	0.09302325581395349	0.06666666666666667	1.0	0.18048780487804877	0.0	0.043478260869565216	0.0	0.2	0.0	0.0	0.15384615384615385	0.0	0.0	0.05555555555555555	0.05660377358490566	0.0	0.0851063829787234	0.07692307692307693	0.10714285714285714	0.0	0.07692307692307693	0.0625	0.07692307692307693	0.05	0.0425531914893617	0.16666666666666666	0.12195121951219512	0.06666666666666667
hu	0.09248554913294797	0.1878453038674033	0.012048192771084338	0.059880239520958084	0.3360655737704918	0.25842696629213485	0.3178294573643411	0.2222222222222222	0.2595978062157221	0.27090909090909093	0.3623693379790941	0.18048780487804877	1.0	0.3251231527093596	0.26765799256505574	0.3078947368421053	0.3469387755102041	0.29533678756476683	0.22869955156950672	0.15306122448979592	0.1837837837837838	0.3225806451612903	0.3004694835680751	0.2844638949671772	0.3548387096774194	0.24842767295597484	0.3268608414239482	0.06395348837209303	0.3069306930693069	0.3453038674033149	0.34355828220858897	0.03389830508474576	0.3312883435582822	0.17418677859391396	0.322463768115942	0.07058823529411765	0.3360655737704918
id	0.0	0.09090909090909091	0.005376344086021506	0.02956989247311828	0.0	0.1875	0.0625	0.04150943396226415	0.16666666666666666	0.15	0.15384615384615385	0.0	0.3251231527093596	1.0	0.09523809523809523	0.3333333333333333	0.0625	0.0	0.0	0.0	0.0	0.06666666666666667	0.125	0.14583333333333334	0.13333333333333333	0.08695652173913043	0.0	0.037333333333333336	0.0	0.0	0.14285714285714285	0.0	0.1111111111111111	0.03900709219858156	0.17647058823529413	0.043010752688172046	0.19230769230769232
it	0.0	0.08333333333333333	0.003875968992248062	0.02131782945736434	0.0	0.1111111111111111	0.2	0.041353383458646614	0.16216216216216217	0.23684210526315788	0.06666666666666667	0.043478260869565216	0.26765799256505574	0.09523809523809523	1.0	0.13333333333333333	0.058823529411764705	0.0	0.14285714285714285	0.0	0.0	0.13333333333333333	0.11764705882352941	0.14285714285714285	0.058823529411764705	0.13333333333333333	0.0	0.023032629558541268	0.0	0.0	0.21428571428571427	0.0	0.10526315789473684	0.0425531914893617	0.23529411764705882	0.02702702702702703	0.14285714285714285
ja	0.0	0.2	0.006042296072507553	0.030120481927710843	0.0	0.18181818181818182	0.1	0.015037593984962405	0.09090909090909091	0.08108108108108109	0.125	0.0	0.3078947368421053	0.3333333333333333	0.13333333333333333	1.0	0.2222222222222222	0.0	0.0	0.0	0.0	0.0	0.2	0.06521739130434782	0.1	0.1	0.0	0.03880597014925373	0.0	0.16666666666666666	0.25	0.0	0.07692307692307693	0.01773049645390071	0.16666666666666666	0.045180722891566265	0.08695652173913043
ko	0.0	0.0	0.006756756756756757	0.037162162162162164	0.0	0.16666666666666666	0.0	0.018796992481203006	0.05714285714285714	0.07894736842105263	0.1111111111111111	0.2	0.3469387755102041	0.0625	0.058823529411764705	0.2222222222222222	1.0	0.0	0.0	0.0	0.0	0.0	0.08333333333333333	0.06382978723404255	0.0	0.046511627906976744	0.14285714285714285	0.046822742474916385	0.0	0.3333333333333333	0.1	0.0	0.07142857142857142	0.02127659574468085	0.25	0.05405405405405406	0.08333333333333333
lv	0.0	0.0	0.011764705882352941	0.10465116279069768	0.0	0.0	0.0	0.0037735849056603774	0.0	0.02857142857142857	0.0	0.0	0.29533678756476683	0.0	0.0	0.0	0.0	1.0	0.0	0.0	0.0	0.0	0.14285714285714285	0.0	0.0	0.0	0.0	0.12222222222222222	0.0	0.0	0.0	0.0	0.0	0.0035460992907801418	0.0	0.16279069767441862	0.0
mk	0.0	0.0	0.009174311926605505	0.08181818181818182	0.0	0.09090909090909091	0.42857142857142855	0.01509433962264151	0.029411764705882353	0.08333333333333333	0.0	0.0	0.22869955156950672	0.0	0.14285714285714285	0.0	0.0	0.0	1.0	0.0	0.0	0.125	0.2222222222222222	0.043478260869565216	0.1111111111111111	0.04878048780487805	0.0	0.059322033898305086	0.0	0.0	0.125	0.0	0.18181818181818182	0.014184397163120567	0.08333333333333333	0.09734513274336283	0.14285714285714285
ml	0.0	0.0	0.01639344262295082	0.12698412698412698	0.0	0.0	0.125	0.011320754716981131	0.0	0.0	0.0	0.15384615384615385	0.15306122448979592	0.0	0.0	0.0	0.0	0.0	0.0	1.0	0.0	0.0	0.0	0.0	0.0	0.0	0.0	0.08450704225352113	0.0	0.0	0.0	0.25	0.0	0.010638297872340425	0.0	0.11764705882352941	0.0
mr	0.0	0.0	0.03773584905660377	0.12280701754385964	0.0	0.0	0.0	0.0037735849056603774	0.0	0.0	0.0	0.0	0.1837837837837838	0.0	0.0	0.0	0.0	0.0	0.0	0.0	1.0	0.0	0.0	0.0	0.0	0.0	0.0	0.07692307692307693	0.0	0.0	0.0	0.0	0.0	0.0035460992907801418	0.0	0.11290322580645161	0.0
nl	0.0	0.0	0.006134969325153374	0.03058103975535168	0.0	0.08333333333333333	0.1	0.018867924528301886	0.09090909090909091	0.1111111111111111	0.0	0.0	0.3225806451612903	0.06666666666666667	0.13333333333333333	0.0	0.0	0.0	0.125	0.0	0.0	1.0	0.09090909090909091	0.020833333333333332	0.0	0.047619047619047616	0.16666666666666666	0.0425531914893617	0.0	0.0	0.0	0.0	0.07692307692307693	0.01773049645390071	0.07692307692307693	0.049079754601226995	0.13636363636363635
pl	0.0	0.14285714285714285	0.005154639175257732	0.02570694087403599	0.0	0.25	0.3	0.026415094339622643	0.11764705882352941	0.16666666666666666	0.1	0.05555555555555555	0.3004694835680751	0.125	0.11764705882352941	0.2	0.08333333333333333	0.14285714285714285	0.2222222222222222	0.0	0.0	0.09090909090909091	1.0	0.0851063829787234	0.18181818181818182	0.12195121951219512	0.125	0.03316326530612245	0.0	0.125	0.2	0.0	0.14285714285714285	0.024822695035460994	0.14285714285714285	0.041237113402061855	0.17391304347826086
pt	0.022727272727272728	0.022727272727272728	0.004750593824228029	0.026128266033254157	0.0	0.08333333333333333	0.08695652173913043	0.14022140221402213	0.29310344827586204	0.27419354838709675	0.06666666666666667	0.05660377358490566	0.2844638949671772	0.14583333333333334	0.14285714285714285	0.06521739130434782	0.06382978723404255	0.0	0.043478260869565216	0.0	0.0	0.020833333333333332	0.0851063829787234	1.0	0.08695652173913043	0.16901408450704225	0.022222222222222223	0.0330188679245283	0.0	0.022222222222222223	0.11363636363636363	0.0	0.1276595744680851	0.15602836879432624	0.15217391304347827	0.03800475059382423	0.20754716981132076
ro	0.0	0.0	0.011764705882352941	0.05232558139534884	0.0	0.16666666666666666	0.3333333333333333	0.022641509433962263	0.05714285714285714	0.10810810810810811	0.1111111111111111	0.0	0.3548387096774194	0.13333333333333333	0.058823529411764705	0.1	0.0	0.0	0.1111111111111111	0.0	0.0	0.0	0.18181818181818182	0.08695652173913043	1.0	0.07142857142857142	0.0	0.06857142857142857	0.0	0.0	0.1	0.0	0.25	0.02127659574468085	0.15384615384615385	0.08771929824561403	0.18181818181818182
ru	0.0	0.02564102564102564	0.0031847133757961785	0.01751592356687898	0.0	0.06818181818181818	0.0975609756097561	0.1259259259259259	0.20689655172413793	0.21311475409836064	0.023809523809523808	0.0851063829787234	0.24842767295597484	0.08695652173913043	0.13333333333333333	0.1	0.046511627906976744	0.0	0.04878048780487805	0.0	0.0	0.047619047619047616	0.12195121951219512	0.16901408450704225	0.07142857142857142	1.0	0.05128205128205128	0.027070063694267517	0.0	0.025	0.047619047619047616	0.0	0.09090909090909091	0.13829787234042554	0.09090909090909091	0.025477707006369428	0.07272727272727272
sh	0.0	0.0	0.00819672131147541	0.045081967213114756	0.0	0.0	0.0	0.007547169811320755	0.06451612903225806	0.05714285714285714	0.0	0.07692307692307693	0.3268608414239482	0.0	0.0	0.0	0.14285714285714285	0.0	0.0	0.0	0.0	0.16666666666666666	0.125	0.022222222222222223	0.0	0.05128205128205128	1.0	0.05668016194331984	0.0	0.3333333333333333	0.0	0.0	0.0	0.0070921985815602835	0.1	0.061224489795918366	0.0
si	0.08108108108108109	0.11864406779661017	0.0	0.16666666666666666	0.07926829268292683	0.025490196078431372	0.0670391061452514	0.02309782608695652	0.026615969581749048	0.0299625468164794	0.056768558951965066	0.10714285714285714	0.06395348837209303	0.037333333333333336	0.023032629558541268	0.03880597014925373	0.046822742474916385	0.12222222222222222	0.059322033898305086	0.08450704225352113	0.07692307692307693	0.0425531914893617	0.03316326530612245	0.0330188679245283	0.06857142857142857	0.027070063694267517	0.05668016194331984	1.0	0.11650485436893204	0.04	0.05090909090909091	0.0625	0.040145985401459854	0.017838405036726127	0.06930693069306931	0.2222222222222222	0.04294478527607362
simple	0.0	0.0	0.02040816326530612	0.10101010101010101	0.0	0.0	0.0	0.0	0.0	0.0	0.0	0.0	0.3069306930693069	0.0	0.0	0.0	0.0	0.0	0.0	0.0	0.0	0.0	0.0	0.0	0.0	0.0	0.0	0.11650485436893204	1.0	0.0	0.0	0.0	0.0	0.0035460992907801418	0.0	0.12871287128712872	0.0
sr	0.0	0.0	0.006230529595015576	0.03426791277258567	0.0	0.0	0.0	0.0037593984962406013	0.03125	0.027777777777777776	0.0	0.07692307692307693	0.3453038674033149	0.0	0.0	0.16666666666666666	0.3333333333333333	0.0	0.0	0.0	0.0	0.0	0.125	0.022222222222222223	0.0	0.025	0.3333333333333333	0.04	0.0	1.0	0.0	0.0	0.0	0.0070921985815602835	0.1	0.046583850931677016	0.0
sv	0.0	0.2	0.007352941176470588	0.04044117647058824	0.0	0.3	0.2222222222222222	0.018867924528301886	0.09090909090909091	0.1111111111111111	0.2857142857142857	0.0625	0.34355828220858897	0.14285714285714285	0.21428571428571427	0.25	0.1	0.0	0.125	0.0	0.0	0.0	0.2	0.11363636363636363	0.1	0.047619047619047616	0.0	0.05090909090909091	0.0	0.0	1.0	0.0	0.16666666666666666	0.01773049645390071	0.2727272727272727	0.058823529411764705	0.19047619047619047
te	0.0	0.0	0.0	0.07692307692307693	0.0	0.0	0.14285714285714285	0.007547169811320755	0.0	0.0	0.0	0.07692307692307693	0.03389830508474576	0.0	0.0	0.0	0.0	0.0	0.0	0.25	0.0	0.0	0.0	0.0	0.0	0.0	0.0	0.0625	0.0	0.0	0.0	1.0	0.0	0.0070921985815602835	0.0	0.06451612903225806	0.0
tr	0.0	0.0	0.007462686567164179	0.041044776119402986	0.0	0.13333333333333333	0.36363636363636365	0.033962264150943396	0.08108108108108109	0.2222222222222222	0.18181818181818182	0.05	0.3312883435582822	0.1111111111111111	0.10526315789473684	0.07692307692307693	0.07142857142857142	0.0	0.18181818181818182	0.0	0.0	0.07692307692307693	0.14285714285714285	0.1276595744680851	0.25	0.09090909090909091	0.0	0.040145985401459854	0.0	0.0	0.16666666666666666	0.0	1.0	0.031914893617021274	0.2857142857142857	0.055762081784386616	0.2608695652173913
union	0.0035460992907801418	0.0035460992907801418	0.002098635886673662	0.011542497376705142	0.0035460992907801418	0.028368794326241134	0.02127659574468085	0.9397163120567376	0.1099290780141844	0.12411347517730496	0.014184397163120567	0.0425531914893617	0.17418677859391396	0.03900709219858156	0.0425531914893617	0.01773049645390071	0.02127659574468085	0.0035460992907801418	0.014184397163120567	0.010638297872340425	0.0035460992907801418	0.01773049645390071	0.024822695035460994	0.15602836879432624	0.02127659574468085	0.13829787234042554	0.0070921985815602835	0.017838405036726127	0.0035460992907801418	0.0070921985815602835	0.01773049645390071	0.0070921985815602835	0.031914893617021274	1.0	0.031914893617021274	0.016789087093389297	0.07092198581560284
vi	0.0	0.0	0.010050251256281407	0.05	0.0	0.21428571428571427	0.25	0.033962264150943396	0.17647058823529413	0.2222222222222222	0.18181818181818182	0.16666666666666666	0.322463768115942	0.17647058823529413	0.23529411764705882	0.16666666666666666	0.25	0.0	0.08333333333333333	0.0	0.0	0.07692307692307693	0.14285714285714285	0.15217391304347827	0.15384615384615385	0.09090909090909091	0.1	0.06930693069306931	0.0	0.1	0.2727272727272727	0.0	0.2857142857142857	0.031914893617021274	1.0	0.08040201005025126	0.20833333333333334
war	0.14705882352941177	0.2037037037037037	0.0	0.2857142857142857	0.1	0.029585798816568046	0.07344632768361582	0.021739130434782608	0.030592734225621414	0.0300187617260788	0.06637168141592921	0.12195121951219512	0.07058823529411765	0.043010752688172046	0.02702702702702703	0.045180722891566265	0.05405405405405406	0.16279069767441862	0.09734513274336283	0.11764705882352941	0.11290322580645161	0.049079754601226995	0.041237113402061855	0.03800475059382423	0.08771929824561403	0.025477707006369428	0.061224489795918366	0.2222222222222222	0.12871287128712872	0.046583850931677016	0.058823529411764705	0.06451612903225806	0.055762081784386616	0.016789087093389297	0.08040201005025126	1.0	0.04953560371517028
zh	0.0	0.05	0.006191950464396285	0.034055727554179564	0.0	0.21739130434782608	0.18181818181818182	0.07142857142857142	0.1590909090909091	0.27906976744186046	0.14285714285714285	0.06666666666666667	0.3360655737704918	0.19230769230769232	0.14285714285714285	0.08695652173913043	0.08333333333333333	0.0	0.14285714285714285	0.0	0.0	0.13636363636363635	0.17391304347826086	0.20754716981132076	0.18181818181818182	0.07272727272727272	0.0	0.04294478527607362	0.0	0.0	0.19047619047619047	0.0	0.2608695652173913	0.07092198581560284	0.20833333333333334	0.04953560371517028	1.0
