arz	bs	ceb	ckb	da	de	el	en	es	fr	he	hi	hu	id	it	ja	ko	lv	mk	ml	mr	nl	pl	pt	ro	ru	sh	si	simple	sr	sv	te	vi	war	zh
arz	1.0	0.0	0.0	0.0	1.0	1.0	0.0	0.4695960115558277	1.0	1.0	1.0	0.0	1.0	1.0	1.0	1.0	1.0	0.0	1.0	0.0	0.0	1.0	1.0	1.0	1.0	1.0	0.0	0.0	1.0	0.0	0.8216064286890065	0.0	1.0	0.0	1.0
bs	0.0	1.0	0.0	1.0	1.0	1.0	1.0	1.0	1.0	1.0	1.0	1.0	1.0	0.5660160774121898	0.7863954451402115	1.0	1.0	1.0	1.0	1.0	0.0	1.0	1.0	1.0	0.0	1.0	1.0	0.0	1.0	1.0	1.0	0.0	1.0	0.0	1.0
ceb	0.0	0.0	1.0	0.0	1.0	1.0	0.0	1.0	1.0	1.0	1.0	0.0	0.0	0.8216064286890065	1.0	1.0	1.0	1.0	1.0	1.0	0.0	1.0	1.0	0.8216064286890065	1.0	1.0	0.0	0.0	1.0	1.0	1.0	0.0	1.0	0.0	1.0
ckb	0.0	1.0	0.0	1.0	1.0	1.0	1.0	0.5587802800950332	1.0	1.0	1.0	1.0	1.0	1.0	1.0	1.0	1.0	1.0	1.0	1.0	0.0	1.0	1.0	1.0	0.0	1.0	0.0	0.0	1.0	1.0	1.0	0.0	1.0	0.0	1.0
da	1.0	1.0	1.0	1.0	1.0	0.30891792236972354	1.0	0.20805906820720393	0.32262224394064176	0.3362016674024897	0.6223041007404059	1.0	1.0	0.23626733317258417	0.23479410562696235	0.5716981509095984	0.3226789561363312	0.7510341748895938	0.5422257080009587	1.0	0.0	0.32049825715480335	0.2627282601283393	0.2594518344597208	1.0	0.37823188317874673	0.7863954451402115	0.0	0.6624525348502385	1.0	0.31723610544300723	0.0	1.0	1.0	0.5300509017025927
de	1.0	1.0	1.0	1.0	0.30891792236972354	1.0	0.5401237168184955	0.09934775481631301	0.17840487915944023	0.10449807052385073	0.6452450558286368	1.0	0.2953800440145999	0.23001320782483511	0.20396542568241072	0.27767117990415086	0.48861542485408843	1.0	0.43782900096553884	1.0	0.0	0.12232410990236123	0.1406757572145958	0.14458082386421553	0.5480887590953403	0.10633247415277537	0.5530751167379004	0.0	0.5018976447831928	0.6501445840862391	0.19499045770759096	0.0	0.7171176902274347	1.0	0.32381751787689844
el	0.0	1.0	0.0	1.0	1.0	0.5401237168184955	1.0	0.17298927615701573	0.3469574664988508	0.4373017773985967	1.0	1.0	0.5079995778638903	0.4793815142708274	0.2699213244076467	1.0	1.0	1.0	1.0	1.0	0.0	0.6291726698350614	0.22531654621049446	0.21824556468187525	1.0	1.0	1.0	0.0	1.0	1.0	0.2825752188601859	0.0	1.0	1.0	1.0
en	0.4695960115558277	1.0	1.0	0.5587802800950332	0.20805906820720393	0.09934775481631301	0.17298927615701573	1.0	0.125882861701014	0.099738654419838	0.2050871154741082	0.3985716683189013	0.1818481813717327	0.1534609772406673	0.14793571903090205	0.1653291799149401	0.20114383847981604	0.5602638876816708	0.22103565671599282	0.7347168825662656	0.8216064286890065	0.10414020047226623	0.12243944884945633	0.1227735127352916	0.22335162012328205	0.15089620001220058	0.2293092734339235	1.0	0.2593056667588985	0.258879924287615	0.12845218462421548	0.0	0.22695791025447876	1.0	0.1651601126207004
es	1.0	1.0	1.0	1.0	0.32262224394064176	0.17840487915944023	0.3469574664988508	0.125882861701014	1.0	0.11513502412482456	0.37319367170855045	0.40537003198728544	0.25923383598567223	0.23710557797705592	0.24175998482928807	0.3014127434453143	0.3617403435787348	0.41055547717987523	0.36892718019799464	0.43526109167898114	0.0	0.16411111906465628	0.17549350374132555	0.16060516744403788	0.3936697925936417	0.2548235284791778	0.38534750385739897	0.0	0.43930387071460314	0.3871046741624734	0.16345458072582875	0.0	0.37311006560735543	1.0	0.3051093235610943
fr	1.0	1.0	1.0	1.0	0.3362016674024897	0.10449807052385073	0.4373017773985967	0.099738654419838	0.11513502412482456	1.0	0.4388498494305891	0.5411205886223973	0.19191358694745211	0.18970162072442887	0.1281594785382441	0.14473321860254854	0.2923921808498148	0.4010555046174902	0.37000535713440064	0.7510341748895938	0.0	0.1277979820671756	0.12251827417693806	0.12343263723762243	0.3874321070156156	0.1235137692586616	0.3808072073638731	1.0	0.37929044877668494	0.6163326624308246	0.17115403223313375	1.0	0.4832894075218103	1.0	0.22438037665865374
he	1.0	1.0	1.0	1.0	0.6223041007404059	0.6452450558286368	1.0	0.2050871154741082	0.37319367170855045	0.4388498494305891	1.0	1.0	0.6131109307903289	0.5743948176910855	0.2765167203032448	1.0	1.0	1.0	1.0	1.0	0.0	0.578426199086972	0.31404905305232356	0.35505057633341097	1.0	1.0	1.0	0.0	0.7455134344225701	1.0	0.46762178048832487	0.0	1.0	1.0	1.0
hi	0.0	1.0	0.0	1.0	1.0	1.0	1.0	0.3985716683189013	0.40537003198728544	0.5411205886223973	1.0	1.0	1.0	0.4493075654568811	0.5624636184794186	1.0	1.0	1.0	1.0	1.0	1.0	1.0	0.7376607345031153	0.5507281572351174	0.7863954451402115	1.0	0.7690990303325336	0.0	1.0	1.0	0.37155996140726755	1.0	1.0	1.0	1.0
hu	1.0	1.0	0.0	1.0	1.0	0.2953800440145999	0.5079995778638903	0.1818481813717327	0.25923383598567223	0.19191358694745211	0.6131109307903289	1.0	1.0	0.6333404237489203	0.17002985736013418	0.4543441949948982	0.661251134120194	0.7510341748895938	0.5780965534243105	1.0	0.0	0.44944682531467406	0.4466704731679684	0.3422425772636128	1.0	0.2907372525161502	0.3857945430882739	0.0	0.6640237664404941	1.0	0.3817606674895108	0.0	0.6969566771622252	1.0	0.48962020405122436
id	1.0	0.5660160774121898	0.8216064286890065	1.0	0.23626733317258417	0.23001320782483511	0.4793815142708274	0.1534609772406673	0.23710557797705592	0.18970162072442887	0.5743948176910855	0.4493075654568811	0.6333404237489203	1.0	0.21214791454704182	0.24123075816549994	0.3769354214147004	1.0	0.4003848737050683	1.0	0.0	0.2244321045335658	0.27600435892873115	0.23050040317333587	1.0	0.22303986650098398	0.3321891524874003	1.0	0.26900571329280626	0.5867312827212527	0.31429824398061845	0.0	0.6070429174104848	1.0	0.23133495863061107
it	1.0	0.7863954451402115	1.0	1.0	0.23479410562696235	0.20396542568241072	0.2699213244076467	0.14793571903090205	0.24175998482928807	0.1281594785382441	0.2765167203032448	0.5624636184794186	0.17002985736013418	0.21214791454704182	1.0	0.28513693958434655	0.2460566049125275	0.6333404237489202	0.3362894206772316	0.641521583802158	0.0	0.18002713052363495	0.18308420937176462	0.1768514371719308	0.4703657645886588	0.26124821789442065	0.3136313245933262	1.0	0.28238895909192147	0.42107399517523647	0.1785020400631946	0.0	0.31730940684853964	1.0	0.2857730433929768
ja	1.0	1.0	1.0	1.0	0.5716981509095984	0.27767117990415086	1.0	0.1653291799149401	0.3014127434453143	0.14473321860254854	1.0	1.0	0.4543441949948982	0.24123075816549994	0.28513693958434655	1.0	1.0	1.0	1.0	1.0	0.0	0.2401183048927665	0.1507966492360025	0.2067864004425766	0.6254303192325079	0.6933214770333658	0.5219647633387502	0.0	0.4456340698736207	1.0	0.2145097671107914	1.0	1.0	1.0	1.0
ko	1.0	1.0	1.0	1.0	0.3226789561363312	0.48861542485408843	1.0	0.20114383847981604	0.3617403435787348	0.2923921808498148	1.0	1.0	0.661251134120194	0.3769354214147004	0.2460566049125275	1.0	1.0	1.0	1.0	1.0	0.0	0.36400833135473676	0.3206458719260621	0.2648322991120613	0.7347168825662656	1.0	0.7347168825662657	0.0	0.5944614612750622	1.0	0.2287732017200225	0.0	1.0	1.0	1.0
lv	0.0	1.0	1.0	1.0	0.7510341748895938	1.0	1.0	0.5602638876816708	0.41055547717987523	0.4010555046174902	1.0	1.0	0.7510341748895938	1.0	0.6333404237489202	1.0	1.0	1.0	1.0	1.0	0.0	1.0	1.0	0.7130366778869268	1.0	1.0	1.0	0.0	1.0	1.0	0.3778453876574395	0.0	1.0	1.0	1.0
mk	1.0	1.0	1.0	1.0	0.5422257080009587	0.43782900096553884	1.0	0.22103565671599282	0.36892718019799464	0.37000535713440064	1.0	1.0	0.5780965534243105	0.4003848737050683	0.3362894206772316	1.0	1.0	1.0	1.0	1.0	0.0	0.4167375807050977	0.43424978689800253	0.3050333315537696	0.6994017365373274	1.0	0.39853718308370667	0.0	0.7510341748895938	1.0	0.4544506592789959	0.0	1.0	1.0	1.0
ml	0.0	1.0	1.0	1.0	1.0	1.0	1.0	0.7347168825662656	0.43526109167898114	0.7510341748895938	1.0	1.0	1.0	1.0	0.641521583802158	1.0	1.0	1.0	1.0	1.0	0.0	1.0	0.7106922308883379	0.7362033637659952	1.0	1.0	1.0	0.0	0.8216064286890065	1.0	0.7339023149005872	0.0	1.0	1.0	1.0
mr	0.0	0.0	0.0	0.0	0.0	0.0	0.0	0.8216064286890065	0.0	0.0	0.0	1.0	0.0	0.0	0.0	0.0	0.0	0.0	0.0	0.0	1.0	0.0	0.0	0.0	0.0	0.0	0.0	0.0	0.0	0.0	0.0	0.0	0.0	0.0	0.0
nl	1.0	1.0	1.0	1.0	0.32049825715480335	0.12232410990236123	0.6291726698350614	0.10414020047226623	0.16411111906465628	0.1277979820671756	0.578426199086972	1.0	0.44944682531467406	0.2244321045335658	0.18002713052363495	0.2401183048927665	0.36400833135473676	1.0	0.4167375807050977	1.0	0.0	1.0	0.15175185905374622	0.19093577495644962	0.5114368226130546	0.15115747734597665	0.5665446450931801	0.0	0.47882953984124005	0.5982000748211033	0.19679425153220065	0.0	0.49550162811927356	1.0	0.2530420869445755
pl	1.0	1.0	1.0	1.0	0.2627282601283393	0.1406757572145958	0.22531654621049446	0.12243944884945633	0.17549350374132555	0.12251827417693806	0.31404905305232356	0.7376607345031153	0.4466704731679684	0.27600435892873115	0.18308420937176462	0.1507966492360025	0.3206458719260621	1.0	0.43424978689800253	0.7106922308883379	0.0	0.15175185905374622	1.0	0.16627005423933613	0.5773597054958897	0.1556023463994374	0.4843826423909032	0.0	0.3942349661078892	0.4749451758742198	0.20464205623567233	1.0	0.3051628497575777	1.0	0.31945864353248477
pt	1.0	1.0	0.8216064286890065	1.0	0.2594518344597208	0.14458082386421553	0.21824556468187525	0.1227735127352916	0.16060516744403788	0.12343263723762243	0.35505057633341097	0.5507281572351174	0.3422425772636128	0.23050040317333587	0.1768514371719308	0.2067864004425766	0.2648322991120613	0.7130366778869268	0.3050333315537696	0.7362033637659952	0.0	0.19093577495644962	0.16627005423933613	1.0	0.44411243274526596	0.1514854680102035	0.43092636276782087	0.0	0.4584623620665158	0.32203972191387287	0.15004450535545014	0.0	0.36398469437981035	0.5660160774121898	0.23646364398354536
ro	1.0	0.0	1.0	0.0	1.0	0.5480887590953403	1.0	0.22335162012328205	0.3936697925936417	0.3874321070156156	1.0	0.7863954451402115	1.0	1.0	0.4703657645886588	0.6254303192325079	0.7347168825662656	1.0	0.6994017365373274	1.0	0.0	0.5114368226130546	0.5773597054958897	0.44411243274526596	1.0	0.5808852645006567	0.6640237664404941	0.0	1.0	1.0	0.3764167078442158	0.0	0.7510341748895938	1.0	0.7300208629885034
ru	1.0	1.0	1.0	1.0	0.37823188317874673	0.10633247415277537	1.0	0.15089620001220058	0.2548235284791778	0.1235137692586616	1.0	1.0	0.2907372525161502	0.22303986650098398	0.26124821789442065	0.6933214770333658	1.0	1.0	1.0	1.0	0.0	0.15115747734597665	0.1556023463994374	0.1514854680102035	0.5808852645006567	1.0	0.47961108780739947	1.0	0.4892573400928191	1.0	0.1612473652734879	1.0	1.0	1.0	1.0
sh	0.0	1.0	0.0	0.0	0.7863954451402115	0.5530751167379004	1.0	0.2293092734339235	0.38534750385739897	0.3808072073638731	1.0	0.7690990303325336	0.3857945430882739	0.3321891524874003	0.3136313245933262	0.5219647633387502	0.7347168825662657	1.0	0.39853718308370667	1.0	0.0	0.5665446450931801	0.4843826423909032	0.43092636276782087	0.6640237664404941	0.47961108780739947	1.0	0.0	0.7411828468492556	0.6983567149724508	0.3109835960025362	0.0	1.0	1.0	0.5519885669777279
si	0.0	0.0	0.0	0.0	0.0	0.0	0.0	1.0	0.0	1.0	0.0	0.0	0.0	1.0	1.0	0.0	0.0	0.0	0.0	0.0	0.0	0.0	0.0	0.0	0.0	1.0	0.0	1.0	0.0	0.0	1.0	0.0	0.0	0.0	0.0
simple	1.0	1.0	1.0	1.0	0.6624525348502385	0.5018976447831928	1.0	0.2593056667588985	0.43930387071460314	0.37929044877668494	0.7455134344225701	1.0	0.6640237664404941	0.26900571329280626	0.28238895909192147	0.4456340698736207	0.5944614612750622	1.0	0.7510341748895938	0.8216064286890065	0.0	0.47882953984124005	0.3942349661078892	0.4584623620665158	1.0	0.4892573400928191	0.7411828468492556	0.0	1.0	1.0	0.5849029299372238	0.0	0.5556681375942802	0.0	0.6568318202362041
sr	0.0	1.0	1.0	1.0	1.0	0.6501445840862391	1.0	0.258879924287615	0.3871046741624734	0.6163326624308246	1.0	1.0	1.0	0.5867312827212527	0.42107399517523647	1.0	1.0	1.0	1.0	1.0	0.0	0.5982000748211033	0.4749451758742198	0.32203972191387287	1.0	1.0	0.6983567149724508	0.0	1.0	1.0	0.6221982196391784	0.0	1.0	1.0	1.0
sv	0.8216064286890065	1.0	1.0	1.0	0.31723610544300723	0.19499045770759096	0.2825752188601859	0.12845218462421548	0.16345458072582875	0.17115403223313375	0.46762178048832487	0.37155996140726755	0.3817606674895108	0.31429824398061845	0.1785020400631946	0.2145097671107914	0.2287732017200225	0.3778453876574395	0.4544506592789959	0.7339023149005872	0.0	0.19679425153220065	0.20464205623567233	0.15004450535545014	0.3764167078442158	0.1612473652734879	0.3109835960025362	1.0	0.5849029299372238	0.6221982196391784	1.0	0.0	0.5448043591601581	1.0	0.2628062936855117
te	0.0	0.0	0.0	0.0	0.0	0.0	0.0	0.0	0.0	1.0	0.0	1.0	0.0	0.0	0.0	1.0	0.0	0.0	0.0	0.0	0.0	0.0	1.0	0.0	0.0	1.0	0.0	0.0	0.0	0.0	0.0	1.0	0.0	0.0	0.0
vi	1.0	1.0	1.0	1.0	1.0	0.7171176902274347	1.0	0.22695791025447876	0.37311006560735543	0.4832894075218103	1.0	1.0	0.6969566771622252	0.6070429174104848	0.31730940684853964	1.0	1.0	1.0	1.0	1.0	0.0	0.49550162811927356	0.3051628497575777	0.36398469437981035	0.7510341748895938	1.0	1.0	0.0	0.5556681375942802	1.0	0.5448043591601581	0.0	1.0	1.0	1.0
war	0.0	0.0	0.0	0.0	1.0	1.0	1.0	1.0	1.0	1.0	1.0	1.0	1.0	1.0	1.0	1.0	1.0	1.0	1.0	1.0	0.0	1.0	1.0	0.5660160774121898	1.0	1.0	1.0	0.0	0.0	1.0	1.0	0.0	1.0	1.0	1.0
zh	1.0	1.0	1.0	1.0	0.5300509017025927	0.32381751787689844	1.0	0.1651601126207004	0.3051093235610943	0.22438037665865374	1.0	1.0	0.48962020405122436	0.23133495863061107	0.2857730433929768	1.0	1.0	1.0	1.0	1.0	0.0	0.2530420869445755	0.31945864353248477	0.23646364398354536	0.7300208629885034	1.0	0.5519885669777279	0.0	0.6568318202362041	1.0	0.2628062936855117	0.0	1.0	1.0	1.0
