arz	bs	ceb	ckb	da	de	el	en	es	fr	he	hi	hu	id	it	ja	ko	lv	mk	ml	mr	nl	pl	pt	ro	ru	sh	si	simple	sr	sv	te	vi	war	zh
arz	1.0	0.3333333333333333	0.0	1.0	0.25	0.2006374696914252	0.1805130135074041	0.12080984549415046	0.3164309725825327	0.11922343316524169	0.18423609417001183	1.0	0.19875859646189117	0.21043689889155057	0.3530719059541728	0.2015473733481086	0.1380463905381279	0.22901628833426058	0.5	0.585786437626905	0.27429188517743175	0.23894886172851285	0.2415116925589436	0.1418751406719097	0.1181609726878778	0.21844989525420874	0.585786437626905	1.0	0.2938431586340111	0.27792629762666365	0.22281267964860224	0.0	0.27195617308673004	1.0	0.1656310877222196
bs	0.3333333333333333	1.0	0.0	0.22966848451216434	0.09262350326636658	0.07636490156815363	0.08623002702904994	0.062397152233617005	0.021613263853856663	0.12274756288707823	0.10018632110641107	0.4356120478348471	0.09125185249022924	0.09991380525980857	0.07268946196388967	0.09899563590443615	0.08990083123090847	0.11658299571014225	0.1723990260863734	0.3139485079232126	0.5044227711678575	0.07564290535785083	0.08235470759234992	0.042200161005494924	0.08911122039583674	0.08283416893569422	0.1562108740184533	0.585786437626905	0.04670746700822553	0.0996620637176282	0.1263104486070363	0.0	0.07848186078727654	0.5	0.055443541561031984
ceb	0.0	0.0	1.0	0.0	1.0	1.0	1.0	1.0	1.0	1.0	1.0	1.0	1.0	1.0	1.0	1.0	1.0	1.0	1.0	0.0	1.0	1.0	1.0	1.0	1.0	1.0	1.0	0.0	1.0	1.0	1.0	0.0	1.0	0.0	1.0
ckb	1.0	0.22966848451216434	0.0	1.0	0.585786437626905	0.3333333333333333	0.3726822671238253	0.5	0.585786437626905	0.2474401533514073	0.4356120478348471	1.0	0.4142135623730951	0.44948974278317805	0.585786437626905	0.585786437626905	0.33300151973035974	0.25714720094660204	0.44948974278317805	0.585786437626905	0.22204428984844665	0.44948974278317805	0.3126480851423008	0.585786437626905	0.19393558839550695	0.4142135623730951	1.0	1.0	0.585786437626905	0.27429188517743175	0.37926872769071385	0.0	0.40453726661826384	1.0	0.5
da	0.25	0.09262350326636658	1.0	0.585786437626905	1.0	0.0733630079829944	0.08431088396107697	0.04051178241641287	0.010746128655562038	0.05899074768108978	0.09863998575292156	0.585786437626905	0.06551811928464964	0.10377221477050108	0.052563044467739344	0.07627720895996896	0.05722687987427156	0.12489274415300021	0.09944252638139173	0.585786437626905	0.17645643562459937	0.050924857546483446	0.06937611511290367	0.054608701066543766	0.06947213837570894	0.08202667534665338	0.2590787070926852	0.23497542908541053	0.02357852025662173	0.13153421310771704	0.0701379768791989	0.0	0.06170680961716195	0.29429805508554946	0.07191424840249111
de	0.2006374696914252	0.07636490156815363	1.0	0.3333333333333333	0.0733630079829944	1.0	0.04670967183837689	0.01822552908990486	0.004307395161607123	0.019473299209619252	0.07505175544247245	0.585786437626905	0.04187894739403155	0.07258042799124194	0.019121149921996237	0.03130019151133274	0.04262881917125332	0.06050519677098504	0.08010468810593291	0.3726822671238253	0.13828879726890653	0.021776138499181835	0.027325718556219455	0.029948348636833867	0.028659151271181318	0.026068115763462015	0.16330092222094048	1.0	0.016045186959878093	0.05516711660965616	0.04805911356337917	0.0	0.06448887058145633	1.0	0.03273857031153516
el	0.1805130135074041	0.08623002702904994	1.0	0.3726822671238253	0.08431088396107697	0.04670967183837689	1.0	0.04320586206566935	0.00811563629713999	0.038927354058733536	0.08466668737428461	0.585786437626905	0.05526405797751069	0.10001327824836868	0.045710136793133606	0.05090010199910866	0.05025249465981901	0.12213614441761367	0.1139812708975373	0.3866297038941519	0.18916617884465242	0.046712216673836224	0.04933958405675093	0.045885709953228486	0.04215231757314135	0.049200117874169766	0.2049983520655004	1.0	0.020048629171605242	0.12846386137020707	0.07081914403918968	0.0	0.107912951473811	1.0	0.04876967590107102
en	0.12080984549415046	0.062397152233617005	1.0	0.5	0.04051178241641287	0.01822552908990486	0.04320586206566935	1.0	0.003937902601151013	0.015442374277614612	0.07191076236650486	0.585786437626905	0.041593550299034034	0.06870935671489645	0.016895706797379503	0.028246425103920978	0.04088727262450265	0.045189367216967646	0.06274798089708199	0.3726822671238253	0.12970023814568465	0.022161897922033998	0.025417971134055826	0.024051858446594562	0.02608002015049082	0.025093697442201142	0.17146184372955908	0.3333333333333333	0.014424308177145156	0.04649702691723805	0.03452921477809614	0.0	0.04444705877069236	0.36602540378443865	0.024717782485383574
es	0.3164309725825327	0.021613263853856663	1.0	0.585786437626905	0.010746128655562038	0.004307395161607123	0.00811563629713999	0.003937902601151013	1.0	0.004416307923226298	0.011241519785581152	0.585786437626905	0.0060693409859271215	0.014021206008986277	0.0040068687035600455	0.005887775913403603	0.006760243832081593	0.025345554423774376	0.06087446675333972	0.39564392373896007	0.15585972716790494	0.003989500789835285	0.005090321039217712	0.004289974294823951	0.006188814332319142	0.004916471497852764	0.20100820154529447	0.585786437626905	0.07754716906313396	0.019405313674225894	0.008105719324336895	0.0	0.013167671706478326	0.585786437626905	0.004830390676203047
fr	0.11922343316524169	0.12274756288707823	1.0	0.2474401533514073	0.05899074768108978	0.019473299209619252	0.038927354058733536	0.015442374277614612	0.004416307923226298	1.0	0.08148471612475659	0.585786437626905	0.029326619728274637	0.10119041068520743	0.018089342567659986	0.027723022567881384	0.032888722547118165	0.1287354297238835	0.15744140773392243	0.35388936786452296	0.30886541905973547	0.020983267266413443	0.024930776759139014	0.02239427652978437	0.026379903162912544	0.024478319033736616	0.1583450883256093	1.0	0.017646348530743948	0.08540504322216058	0.036540568987015985	0.0	0.0876744367288682	0.585786437626905	0.02517955845443373
he	0.18423609417001183	0.10018632110641107	1.0	0.4356120478348471	0.09863998575292156	0.07505175544247245	0.08466668737428461	0.07191076236650486	0.011241519785581152	0.08148471612475659	1.0	0.585786437626905	0.07249669665341243	0.11351897327593535	0.07482761379304118	0.07768998088288431	0.08224060231101091	0.11241986925380504	0.10258619183108757	0.5	0.1780915553781284	0.0784569966923488	0.07979041324466048	0.07750485110592176	0.06281279677486724	0.06939088341210804	0.1872617755084092	1.0	0.024515604588884354	0.1135668597830612	0.08756820943945828	0.0	0.051717815962687194	1.0	0.07461119337604068
hi	1.0	0.4356120478348471	1.0	1.0	0.585786437626905	0.585786437626905	0.585786437626905	0.585786437626905	0.585786437626905	0.585786437626905	0.585786437626905	1.0	0.5	0.40453726661826384	0.585786437626905	0.585786437626905	0.41319688409934685	0.37926872769071385	0.5	1.0	0.585786437626905	0.585786437626905	0.585786437626905	0.585786437626905	0.585786437626905	0.5	1.0	1.0	0.585786437626905	0.585786437626905	0.585786437626905	0.0	0.5	1.0	0.585786437626905
hu	0.19875859646189117	0.09125185249022924	1.0	0.4142135623730951	0.06551811928464964	0.04187894739403155	0.05526405797751069	0.041593550299034034	0.0060693409859271215	0.029326619728274637	0.07249669665341243	0.5	1.0	0.1000392009179222	0.04041438048294763	0.0407899959956559	0.053177254508038826	0.11830281304051327	0.08440695867801454	0.4038740830864499	0.15957346202082456	0.04515616855808629	0.048178358256696835	0.03976159604766074	0.03769282220326123	0.04858503200042248	0.2853029657789964	1.0	0.021984528646637302	0.08578370502598859	0.05984965873671259	0.0	0.057191661545326365	1.0	0.0512344735778107
id	0.21043689889155057	0.09991380525980857	1.0	0.44948974278317805	0.10377221477050108	0.07258042799124194	0.10001327824836868	0.06870935671489645	0.014021206008986277	0.10119041068520743	0.11351897327593535	0.40453726661826384	0.1000392009179222	1.0	0.08933151308403768	0.08257906354967895	0.08897472300816407	0.12285845640030575	0.1485839351261169	0.5	0.25215831536798544	0.09150469498588826	0.09696968450282435	0.04055393602118906	0.07464546225656452	0.0925134024378377	0.20523915600400952	0.585786437626905	0.02995648424496493	0.1313252034967798	0.10598912984562749	0.0	0.0657931507359205	1.0	0.08218319997028074
it	0.3530719059541728	0.07268946196388967	1.0	0.585786437626905	0.052563044467739344	0.019121149921996237	0.045710136793133606	0.016895706797379503	0.0040068687035600455	0.018089342567659986	0.07482761379304118	0.585786437626905	0.04041438048294763	0.08933151308403768	1.0	0.030146723466619996	0.04212589152168473	0.06268928920844201	0.08192530302762933	0.5505102572168219	0.16250008456640638	0.021517869554069136	0.022873390623492123	0.022466739740407284	0.028137489817349773	0.025195411516965208	0.1469986960695133	0.5	0.015831525867960782	0.0591649567639101	0.04083255594293529	0.0	0.07586443067303612	0.44948974278317805	0.032158312341010464
ja	0.2015473733481086	0.09899563590443615	1.0	0.585786437626905	0.07627720895996896	0.03130019151133274	0.05090010199910866	0.028246425103920978	0.005887775913403603	0.027723022567881384	0.07768998088288431	0.585786437626905	0.0407899959956559	0.08257906354967895	0.030146723466619996	1.0	0.04420585631809993	0.08894547696786632	0.09008943918909319	0.5	0.18210698955357468	0.03497940618616167	0.033685040327137136	0.03308428209592821	0.03532683958883859	0.03230929426765782	0.2535548202751238	1.0	0.017150655285572622	0.09265108657250477	0.06169541687554098	0.0	0.07446329913163174	1.0	0.03468188059085551
ko	0.1380463905381279	0.08990083123090847	1.0	0.33300151973035974	0.05722687987427156	0.04262881917125332	0.05025249465981901	0.04088727262450265	0.006760243832081593	0.032888722547118165	0.08224060231101091	0.41319688409934685	0.053177254508038826	0.08897472300816407	0.04212589152168473	0.04420585631809993	1.0	0.12034669046608486	0.1402120073638853	0.3333333333333333	0.15793948858754686	0.046061476825088876	0.046619682605009975	0.04148394908720939	0.04391899406070219	0.04537815406868555	0.17839868439138676	1.0	0.01658228638136036	0.08861657841581415	0.05389405117919375	0.0	0.09375710830542543	1.0	0.04421426687218405
lv	0.22901628833426058	0.11658299571014225	1.0	0.25714720094660204	0.12489274415300021	0.06050519677098504	0.12213614441761367	0.045189367216967646	0.025345554423774376	0.1287354297238835	0.11241986925380504	0.37926872769071385	0.11830281304051327	0.12285845640030575	0.06268928920844201	0.08894547696786632	0.12034669046608486	1.0	0.16493780848782438	0.3086582059904619	0.45224796934377054	0.1002638299859705	0.09835598763498815	0.04522560361693906	0.12569748783223608	0.08479259040308881	0.16761207613701923	1.0	0.0449280051318628	0.13557056827622008	0.12359720662950534	0.0	0.05122200390400523	1.0	0.05601609415128701
mk	0.5	0.1723990260863734	1.0	0.44948974278317805	0.09944252638139173	0.08010468810593291	0.1139812708975373	0.06274798089708199	0.06087446675333972	0.15744140773392243	0.10258619183108757	0.5	0.08440695867801454	0.1485839351261169	0.08192530302762933	0.09008943918909319	0.1402120073638853	0.16493780848782438	1.0	0.4142135623730951	0.21544932603646466	0.08053701647708598	0.08804567899856888	0.06014001634366799	0.1543249071491349	0.0693352171035655	0.37926872769071385	1.0	0.10477782979607683	0.20114613071689053	0.08102350086865913	0.0	0.11845131297485784	1.0	0.060395507338566023
ml	0.585786437626905	0.3139485079232126	0.0	0.585786437626905	0.585786437626905	0.3726822671238253	0.3866297038941519	0.3726822671238253	0.39564392373896007	0.35388936786452296	0.5	1.0	0.4038740830864499	0.5	0.5505102572168219	0.5	0.3333333333333333	0.3086582059904619	0.4142135623730951	1.0	0.2726816700221612	0.3726822671238253	0.3430703308172536	0.39564392373896007	0.23787926450357205	0.3380788308512194	0.585786437626905	1.0	0.39564392373896007	0.4142135623730951	0.5	0.0	0.585786437626905	1.0	0.39564392373896007
mr	0.27429188517743175	0.5044227711678575	1.0	0.22204428984844665	0.17645643562459937	0.13828879726890653	0.18916617884465242	0.12970023814568465	0.15585972716790494	0.30886541905973547	0.1780915553781284	0.585786437626905	0.15957346202082456	0.25215831536798544	0.16250008456640638	0.18210698955357468	0.15793948858754686	0.45224796934377054	0.21544932603646466	0.2726816700221612	1.0	0.13618215304934067	0.14065296829199742	0.14200654366595272	0.4381457901950509	0.16125847693715079	0.3660254037844386	1.0	0.1390551394732742	0.45149698503067653	0.1651595511962709	0.0	0.16589120999055793	1.0	0.15539585386305726
nl	0.23894886172851285	0.07564290535785083	1.0	0.44948974278317805	0.050924857546483446	0.021776138499181835	0.046712216673836224	0.022161897922033998	0.003989500789835285	0.020983267266413443	0.0784569966923488	0.585786437626905	0.04515616855808629	0.09150469498588826	0.021517869554069136	0.03497940618616167	0.046061476825088876	0.1002638299859705	0.08053701647708598	0.3726822671238253	0.13618215304934067	1.0	0.03049732252926566	0.02937683851291903	0.03193253140587162	0.029285544360524992	0.20789602899809415	0.3430703308172536	0.018040827268967597	0.07986173593597265	0.0381954672961162	0.0	0.052185801257093024	0.44948974278317805	0.03571130156631836
pl	0.2415116925589436	0.08235470759234992	1.0	0.3126480851423008	0.06937611511290367	0.027325718556219455	0.04933958405675093	0.025417971134055826	0.005090321039217712	0.024930776759139014	0.07979041324466048	0.585786437626905	0.048178358256696835	0.09696968450282435	0.022873390623492123	0.033685040327137136	0.046619682605009975	0.09835598763498815	0.08804567899856888	0.3430703308172536	0.14065296829199742	0.03049732252926566	1.0	0.031346783348550435	0.03333572428976955	0.02843164053511776	0.19042501166509224	0.585786437626905	0.017810639949993337	0.07338011207622294	0.0585141943991471	0.0	0.09654751166108604	1.0	0.0323245100870072
pt	0.1418751406719097	0.042200161005494924	1.0	0.585786437626905	0.054608701066543766	0.029948348636833867	0.045885709953228486	0.024051858446594562	0.004289974294823951	0.02239427652978437	0.07750485110592176	0.585786437626905	0.03976159604766074	0.04055393602118906	0.022466739740407284	0.03308428209592821	0.04148394908720939	0.04522560361693906	0.06014001634366799	0.39564392373896007	0.14200654366595272	0.02937683851291903	0.031346783348550435	1.0	0.02947688044931793	0.04243788360943359	0.252650308587072	0.5	0.01792997102864807	0.04128795178503893	0.04823185465308288	0.0	0.05122348236297113	0.4364916731037085	0.04028154594794012
ro	0.1181609726878778	0.08911122039583674	1.0	0.19393558839550695	0.06947213837570894	0.028659151271181318	0.04215231757314135	0.02608002015049082	0.006188814332319142	0.026379903162912544	0.06281279677486724	0.585786437626905	0.03769282220326123	0.07464546225656452	0.028137489817349773	0.03532683958883859	0.04391899406070219	0.12569748783223608	0.1543249071491349	0.23787926450357205	0.4381457901950509	0.03193253140587162	0.03333572428976955	0.02947688044931793	1.0	0.03096736271142415	0.16810967582038305	1.0	0.022892391095412315	0.09102721214543234	0.052795916064446204	0.0	0.0761957312219319	0.585786437626905	0.03454262584556219
ru	0.21844989525420874	0.08283416893569422	1.0	0.4142135623730951	0.08202667534665338	0.026068115763462015	0.049200117874169766	0.025093697442201142	0.004916471497852764	0.024478319033736616	0.06939088341210804	0.5	0.04858503200042248	0.0925134024378377	0.025195411516965208	0.03230929426765782	0.04537815406868555	0.08479259040308881	0.0693352171035655	0.3380788308512194	0.16125847693715079	0.029285544360524992	0.02843164053511776	0.04243788360943359	0.03096736271142415	1.0	0.24718637924871675	1.0	0.017422995240232927	0.11470518756541558	0.05729710107612764	0.0	0.07044953030280446	1.0	0.02952519850552019
sh	0.585786437626905	0.1562108740184533	1.0	1.0	0.2590787070926852	0.16330092222094048	0.2049983520655004	0.17146184372955908	0.20100820154529447	0.1583450883256093	0.1872617755084092	1.0	0.2853029657789964	0.20523915600400952	0.1469986960695133	0.2535548202751238	0.17839868439138676	0.16761207613701923	0.37926872769071385	0.585786437626905	0.3660254037844386	0.20789602899809415	0.19042501166509224	0.252650308587072	0.16810967582038305	0.24718637924871675	1.0	1.0	0.5	0.11402187076537902	0.19912196317434655	0.0	0.585786437626905	0.4364916731037085	0.25810690533915354
si	1.0	0.585786437626905	0.0	1.0	0.23497542908541053	1.0	1.0	0.3333333333333333	0.585786437626905	1.0	1.0	1.0	1.0	0.585786437626905	0.5	1.0	1.0	1.0	1.0	1.0	1.0	0.3430703308172536	0.585786437626905	0.5	1.0	1.0	1.0	1.0	1.0	1.0	1.0	1.0	1.0	1.0	1.0
simple	0.2938431586340111	0.04670746700822553	1.0	0.585786437626905	0.02357852025662173	0.016045186959878093	0.020048629171605242	0.014424308177145156	0.07754716906313396	0.017646348530743948	0.024515604588884354	0.585786437626905	0.021984528646637302	0.02995648424496493	0.015831525867960782	0.017150655285572622	0.01658228638136036	0.0449280051318628	0.10477782979607683	0.39564392373896007	0.1390551394732742	0.018040827268967597	0.017810639949993337	0.01792997102864807	0.022892391095412315	0.017422995240232927	0.5	1.0	1.0	0.03793851141391285	0.021153669812418736	0.0	0.04238950530767218	0.44948974278317805	0.01828473417795839
sr	0.27792629762666365	0.0996620637176282	1.0	0.27429188517743175	0.13153421310771704	0.05516711660965616	0.12846386137020707	0.04649702691723805	0.019405313674225894	0.08540504322216058	0.1135668597830612	0.585786437626905	0.08578370502598859	0.1313252034967798	0.0591649567639101	0.09265108657250477	0.08861657841581415	0.13557056827622008	0.20114613071689053	0.4142135623730951	0.45149698503067653	0.07986173593597265	0.07338011207622294	0.04128795178503893	0.09102721214543234	0.11470518756541558	0.11402187076537902	1.0	0.03793851141391285	1.0	0.127323776137654	0.0	0.0550560418281098	1.0	0.06305183126508314
sv	0.22281267964860224	0.1263104486070363	1.0	0.37926872769071385	0.0701379768791989	0.04805911356337917	0.07081914403918968	0.03452921477809614	0.008105719324336895	0.036540568987015985	0.08756820943945828	0.585786437626905	0.05984965873671259	0.10598912984562749	0.04083255594293529	0.06169541687554098	0.05389405117919375	0.12359720662950534	0.08102350086865913	0.5	0.1651595511962709	0.0381954672961162	0.0585141943991471	0.04823185465308288	0.052795916064446204	0.05729710107612764	0.19912196317434655	1.0	0.021153669812418736	0.127323776137654	1.0	0.0	0.07654500033730906	1.0	0.0428323395762399
te	0.0	0.0	0.0	0.0	0.0	0.0	0.0	0.0	0.0	0.0	0.0	0.0	0.0	0.0	0.0	0.0	0.0	0.0	0.0	0.0	0.0	0.0	0.0	0.0	0.0	0.0	0.0	1.0	0.0	0.0	0.0	0.0	0.0	1.0	0.0
vi	0.27195617308673004	0.07848186078727654	1.0	0.40453726661826384	0.06170680961716195	0.06448887058145633	0.107912951473811	0.04444705877069236	0.013167671706478326	0.0876744367288682	0.051717815962687194	0.5	0.057191661545326365	0.0657931507359205	0.07586443067303612	0.07446329913163174	0.09375710830542543	0.05122200390400523	0.11845131297485784	0.585786437626905	0.16589120999055793	0.052185801257093024	0.09654751166108604	0.05122348236297113	0.0761957312219319	0.07044953030280446	0.585786437626905	1.0	0.04238950530767218	0.0550560418281098	0.07654500033730906	0.0	1.0	1.0	0.06822832916154843
war	1.0	0.5	0.0	1.0	0.29429805508554946	1.0	1.0	0.36602540378443865	0.585786437626905	0.585786437626905	1.0	1.0	1.0	1.0	0.44948974278317805	1.0	1.0	1.0	1.0	1.0	1.0	0.44948974278317805	1.0	0.4364916731037085	0.585786437626905	1.0	0.4364916731037085	1.0	0.44948974278317805	1.0	1.0	1.0	1.0	1.0	1.0
zh	0.1656310877222196	0.055443541561031984	1.0	0.5	0.07191424840249111	0.03273857031153516	0.04876967590107102	0.024717782485383574	0.004830390676203047	0.02517955845443373	0.07461119337604068	0.585786437626905	0.0512344735778107	0.08218319997028074	0.032158312341010464	0.03468188059085551	0.04421426687218405	0.05601609415128701	0.060395507338566023	0.39564392373896007	0.15539585386305726	0.03571130156631836	0.0323245100870072	0.04028154594794012	0.03454262584556219	0.02952519850552019	0.25810690533915354	1.0	0.01828473417795839	0.06305183126508314	0.0428323395762399	0.0	0.06822832916154843	1.0	1.0
