arz	bs	ceb	ckb	da	de	el	en	es	fr	he	hi	hu	id	it	ja	ko	lv	mk	ml	mr	nl	pl	pt	ro	ru	sh	si	simple	sr	sv	te	tr	vi	war	zh
arz	0.0	0.0	0.0	0.0	0.0	0.0	0.0	0.0	0.0	0.0	0.0	0.0	0.0	0.0	0.0	0.0	0.0	0.0	0.0	0.0	0.0	0.0	0.0	0.0	0.0	0.0	0.0	0.0	0.0	0.0	0.0	0.0	0.0	0.0	0.0	0.0
bs	0.0	1.0	0.0	0.0	0.0	0.003241103280257548	0.003200506837942937	0.01544138407765478	0.00020107013996715855	0.05490462334303266	0.0	0.0	0.0025046687905086237	0.0007443948181232363	8.935452524823804e-05	4.4707723259193026e-05	0.001619763316217467	0.0	0.0	0.0	0.0	0.0435881142580489	0.0020325649871454	0.0012819096032710797	0.010006512502971975	0.0033302760307477287	0.023490150637311705	0.0	0.0	0.014976066101257275	0.00010055528864954248	0.0	0.0	0.0014495640242553002	0.0	0.0021142347461266557
ceb	0.0	0.0	0.0	0.0	0.0	0.0	0.0	0.0	0.0	0.0	0.0	0.0	0.0	0.0	0.0	0.0	0.0	0.0	0.0	0.0	0.0	0.0	0.0	0.0	0.0	0.0	0.0	0.0	0.0	0.0	0.0	0.0	-1.0	0.0	0.0	0.0
ckb	0.0	0.0	0.0	0.0	0.0	0.0	0.0	0.0	0.0	0.0	0.0	0.0	0.0	0.0	0.0	0.0	0.0	0.0	0.0	0.0	0.0	0.0	0.0	0.0	0.0	0.0	0.0	0.0	0.0	0.0	0.0	0.0	0.0	0.0	0.0	0.0
da	0.0	0.0	0.0	0.0	0.0	0.0	0.0	0.0	0.0	0.0	0.0	0.0	0.0	0.0	0.0	0.0	0.0	0.0	0.0	0.0	0.0	0.0	0.0	0.0	0.0	0.0	0.0	0.0	0.0	0.0	0.0	0.0	0.0	0.0	0.0	0.0
de	0.0	0.003241103280257548	0.0	0.0	0.0	1.0	0.007118122354751828	0.01137662931625886	0.00034106412005457026	0.0033297937887547357	0.0	0.0	0.008454368090179926	0.0026026604973973396	0.000682360968952576	0.0	0.005619292905642706	0.0	0.0	0.0	0.0	0.003517823639774859	0.0010888501742160278	0.001001001001001001	0.01407035175879397	0.002657050673752135	0.0024004042786153457	0.0	0.0	0.0027647399215585417	0.0006887052341597796	0.0	0.0	0.006456611570247934	0.0	0.00227842333105491
el	0.0	0.003200506837942937	0.0	0.0	0.0	0.007118122354751828	1.0	0.02824858757062147	0.0023752969121140144	0.005547190744116016	0.0	0.0	0.06354766074555918	0.036160865157147684	0.002772277227722772	0.0008113590263691683	0.046211714132187	0.0	0.0	0.0	0.0	0.002913443178015315	0.0009541984732824427	0.0011126564673157164	0.07864488808227466	0.001435897435897436	0.0036884542803225255	0.0	0.0	0.002374826835543242	0.004008016032064128	0.0	0.0	0.019539224263633713	0.0	0.0035140562248995983
en	0.0	0.01544138407765478	0.0	0.0	0.0	0.01137662931625886	0.02824858757062147	1.0	0.0014030867909400682	0.024173689869247044	0.0	0.0	0.025976418570375828	0.01015228426395939	0.0019386322615148072	0.0008047749983233854	0.021619595101224694	0.0	0.0	0.0	0.0	0.015162674522864097	0.0014433485686793362	0.001497099369970682	0.08965127770718621	0.00202277061781194	0.011195397760920447	0.0	0.0	0.008277421236872811	0.0012715834560299826	0.0	0.0	0.015533486121721415	0.0	0.0033538630404292944
es	0.0	0.00020107013996715855	0.0	0.0	0.0	0.00034106412005457026	0.0023752969121140144	0.0014030867909400682	1.0	0.00032516800346845873	0.0	0.0	0.00619514713474445	0.001310615989515072	0.0	0.0	0.00315059861373661	0.0	0.0	0.0	0.0	0.00012335779929686054	0.0	0.0	0.003825920612147298	0.0	4.739561116640599e-05	0.0	0.0	7.756748371082842e-05	0.0	0.0	0.0	0.0033613445378151263	0.0	0.0
fr	0.0	0.05490462334303266	0.0	0.0	0.0	0.0033297937887547357	0.005547190744116016	0.024173689869247044	0.00032516800346845873	1.0	0.0	0.0	0.005081882158868682	0.0015218240340457625	0.0002303054934633882	9.490238611713666e-05	0.0033492120678382236	0.0	0.0	0.0	0.0	0.03996631192098614	0.0024032397264821086	0.001886085770084807	0.020472166565031796	0.0031338881280943854	0.030489662676822633	0.0	0.0	0.01462790915915916	0.0001626170503977342	0.0	0.0	0.0023048885077186962	0.0	0.0042679185894529065
he	0.0	0.0	0.0	0.0	0.0	0.0	0.0	0.0	0.0	0.0	1.0	0.0	0.0	0.0	0.0	0.0	0.0	0.0	0.0	0.0	0.0	0.0	0.0	0.0	0.0	0.0	0.0	0.0	0.0	0.0	0.0	0.0	0.0	0.0	0.0	0.0
hi	0.0	0.0	0.0	0.0	0.0	0.0	0.0	0.0	0.0	0.0	0.0	0.0	0.0	0.0	0.0	0.0	0.0	0.0	0.0	0.0	0.0	0.0	0.0	0.0	0.0	0.0	0.0	0.0	0.0	0.0	0.0	0.0	0.0	0.0	0.0	0.0
hu	0.0	0.0025046687905086237	0.0	0.0	0.0	0.008454368090179926	0.06354766074555918	0.025976418570375828	0.00619514713474445	0.005081882158868682	0.0	0.0	1.0	0.07257019438444924	0.001541623843782117	0.0042643923240938165	0.11256720430107527	0.0	0.0	0.0	0.0	0.0025280171984792084	0.0008310249307479224	0.0009956853634251576	0.1192873741285825	0.0023315458148752623	0.0028566405906653774	0.0	0.0	0.0019199122325836533	0.0026082420448617634	0.0	0.0	0.035181236673773986	0.0	0.002936857562408223
id	0.0	0.0007443948181232363	0.0	0.0	0.0	0.0026026604973973396	0.036160865157147684	0.01015228426395939	0.001310615989515072	0.0015218240340457625	0.0	0.0	0.07257019438444924	1.0	0.005263157894736842	0.0028694404591104736	0.05247524752475247	0.0	0.0	0.0	0.0	0.0007529201090716699	0.0008244023083264633	0.0	0.03994410154885292	0.00032123353678124	0.001110596945858399	0.0	0.0	0.0011184014315538324	0.004087193460490463	0.0	0.0	0.018867924528301886	0.0	0.003148897885739991
it	0.0	8.935452524823804e-05	0.0	0.0	0.0	0.000682360968952576	0.002772277227722772	0.0019386322615148072	0.0	0.0002303054934633882	0.0	0.0	0.001541623843782117	0.005263157894736842	1.0	0.0	0.0018879798615481435	0.0	0.0	0.0	0.0	8.223515141547254e-05	0.0005282620179609086	0.0	0.0010730893048765948	0.0	9.479571523367143e-05	0.0	0.0	0.0	0.0	0.0	0.0	0.0008382229673093043	0.0	0.0
ja	0.0	4.4707723259193026e-05	0.0	0.0	0.0	0.0	0.0008113590263691683	0.0008047749983233854	0.0	9.490238611713666e-05	0.0	0.0	0.0042643923240938165	0.0028694404591104736	0.0	1.0	0.001968503937007874	0.0	0.0	0.0	0.0	4.117090040759191e-05	0.0	0.0	0.0015628756912719403	0.0	0.0	0.0	0.0	0.0	0.0	0.0	0.0	0.001774622892635315	0.0	0.0012277470841006752
ko	0.0	0.001619763316217467	0.0	0.0	0.0	0.005619292905642706	0.046211714132187	0.021619595101224694	0.00315059861373661	0.0033492120678382236	0.0	0.0	0.11256720430107527	0.05247524752475247	0.0018879798615481435	0.001968503937007874	1.0	0.0	0.0	0.0	0.0	0.001843133326655314	0.0009222256378727329	0.0003762227238525207	0.08085954807266282	0.0002537427048972342	0.001783962180001784	0.0	0.0	0.0011939879196516364	0.003848620910840282	0.0	0.0	0.024448897795591184	0.0	0.0022943297279580466
lv	0.0	0.0	0.0	0.0	0.0	0.0	0.0	0.0	0.0	0.0	0.0	0.0	0.0	0.0	0.0	0.0	0.0	0.0	0.0	0.0	0.0	0.0	0.0	0.0	0.0	0.0	0.0	0.0	0.0	0.0	0.0	0.0	0.0	0.0	0.0	0.0
mk	0.0	0.0	0.0	0.0	0.0	0.0	0.0	0.0	0.0	0.0	0.0	0.0	0.0	0.0	0.0	0.0	0.0	0.0	0.0	0.0	0.0	0.0	0.0	0.0	0.0	0.0	0.0	0.0	0.0	0.0	0.0	0.0	0.0	0.0	0.0	0.0
ml	0.0	0.0	0.0	0.0	0.0	0.0	0.0	0.0	0.0	0.0	0.0	0.0	0.0	0.0	0.0	0.0	0.0	0.0	0.0	0.0	0.0	0.0	0.0	0.0	0.0	0.0	0.0	0.0	0.0	0.0	0.0	0.0	0.0	0.0	0.0	0.0
mr	0.0	0.0	0.0	0.0	0.0	0.0	0.0	0.0	0.0	0.0	0.0	0.0	0.0	0.0	0.0	0.0	0.0	0.0	0.0	0.0	0.0	0.0	0.0	0.0	0.0	0.0	0.0	0.0	0.0	0.0	0.0	0.0	0.0	0.0	0.0	0.0
nl	0.0	0.0435881142580489	0.0	0.0	0.0	0.003517823639774859	0.002913443178015315	0.015162674522864097	0.00012335779929686054	0.03996631192098614	0.0	0.0	0.0025280171984792084	0.0007529201090716699	8.223515141547254e-05	4.117090040759191e-05	0.001843133326655314	0.0	0.0	0.0	0.0	1.0	0.0021713147410358565	0.0013899240577724956	0.009739971206654463	0.0031474377889249535	0.01987969483568075	0.0	0.0	0.013355371900826446	8.228082445386102e-05	0.0	0.0	0.001332176089457643	0.0	0.0020195960807838434
pl	0.0	0.0020325649871454	0.0	0.0	0.0	0.0010888501742160278	0.0009541984732824427	0.0014433485686793362	0.0	0.0024032397264821086	0.0	0.0	0.0008310249307479224	0.0008244023083264633	0.0005282620179609086	0.0	0.0009222256378727329	0.0	0.0	0.0	0.0	0.0021713147410358565	1.0	0.0010141987829614604	0.0016927212984168077	0.0009433962264150943	0.002686869576707924	0.0	0.0	0.0017203413157170382	0.0	0.0	0.0	0.0007002801120448179	0.0	0.0005955926146515784
pt	0.0	0.0012819096032710797	0.0	0.0	0.0	0.001001001001001001	0.0011126564673157164	0.001497099369970682	0.0	0.001886085770084807	0.0	0.0	0.0009956853634251576	0.0	0.0	0.0	0.0003762227238525207	0.0	0.0	0.0	0.0	0.0013899240577724956	0.0010141987829614604	1.0	0.0015876375952582557	0.000823271130625686	0.0010386560693641618	0.0	0.0	0.0019378454030000718	0.0	0.0	0.0	0.001328609388839681	0.0	0.0010869565217391304
ro	0.0	0.010006512502971975	0.0	0.0	0.0	0.01407035175879397	0.07864488808227466	0.08965127770718621	0.003825920612147298	0.020472166565031796	0.0	0.0	0.1192873741285825	0.03994410154885292	0.0010730893048765948	0.0015628756912719403	0.08085954807266282	0.0	0.0	0.0	0.0	0.009739971206654463	0.0016927212984168077	0.0015876375952582557	1.0	0.0014911463187325257	0.010531404302337627	0.0	0.0	0.0062595565749235475	0.0017955470433325352	0.0	0.0	0.0527499718816781	0.0	0.004686226568867156
ru	0.0	0.0033302760307477287	0.0	0.0	0.0	0.002657050673752135	0.001435897435897436	0.00202277061781194	0.0	0.0031338881280943854	0.0	0.0	0.0023315458148752623	0.00032123353678124	0.0	0.0	0.0002537427048972342	0.0	0.0	0.0	0.0	0.0031474377889249535	0.0009433962264150943	0.000823271130625686	0.0014911463187325257	1.0	0.0031227274671685847	0.0	0.0	0.002565114443567482	0.0007840062720501764	0.0	0.0	0.000564652738565782	0.0	0.0017331022530329288
sh	0.0	0.023490150637311705	0.0	0.0	0.0	0.0024004042786153457	0.0036884542803225255	0.011195397760920447	4.739561116640599e-05	0.030489662676822633	0.0	0.0	0.0028566405906653774	0.001110596945858399	9.479571523367143e-05	0.0	0.001783962180001784	0.0	0.0	0.0	0.0	0.01987969483568075	0.002686869576707924	0.0010386560693641618	0.010531404302337627	0.0031227274671685847	1.0	0.0	0.0	0.010263315380011968	0.0001898523897669562	0.0	0.0	0.0015433499773036769	0.0	0.0022206430982412506
si	0.0	0.0	0.0	0.0	0.0	0.0	0.0	0.0	0.0	0.0	0.0	0.0	0.0	0.0	0.0	0.0	0.0	0.0	0.0	0.0	0.0	0.0	0.0	0.0	0.0	0.0	0.0	0.0	0.0	0.0	0.0	0.0	0.0	0.0	0.0	0.0
simple	0.0	0.0	0.0	0.0	0.0	0.0	0.0	0.0	0.0	0.0	0.0	0.0	0.0	0.0	0.0	0.0	0.0	0.0	0.0	0.0	0.0	0.0	0.0	0.0	0.0	0.0	0.0	0.0	0.0	0.0	0.0	0.0	0.0	0.0	0.0	0.0
sr	0.0	0.014976066101257275	0.0	0.0	0.0	0.0027647399215585417	0.002374826835543242	0.008277421236872811	7.756748371082842e-05	0.01462790915915916	0.0	0.0	0.0019199122325836533	0.0011184014315538324	0.0	0.0	0.0011939879196516364	0.0	0.0	0.0	0.0	0.013355371900826446	0.0017203413157170382	0.0019378454030000718	0.0062595565749235475	0.002565114443567482	0.010263315380011968	0.0	0.0	1.0	0.0001554726368159204	0.0	0.0	0.001300672013873835	0.0	0.0027934911655841887
sv	0.0	0.00010055528864954248	0.0	0.0	0.0	0.0006887052341597796	0.004008016032064128	0.0012715834560299826	0.0	0.0001626170503977342	0.0	0.0	0.0026082420448617634	0.004087193460490463	0.0	0.0	0.003848620910840282	0.0	0.0	0.0	0.0	8.228082445386102e-05	0.0	0.0	0.0017955470433325352	0.0007840062720501764	0.0001898523897669562	0.0	0.0	0.0001554726368159204	1.0	0.0	0.0	0.002577319587628866	0.0	0.0
te	0.0	0.0	0.0	0.0	0.0	0.0	0.0	0.0	0.0	0.0	0.0	0.0	0.0	0.0	0.0	0.0	0.0	0.0	0.0	0.0	0.0	0.0	0.0	0.0	0.0	0.0	0.0	0.0	0.0	0.0	0.0	0.0	0.0	0.0	0.0	0.0
tr	0.0	0.0	-1.0	0.0	0.0	0.0	0.0	0.0	0.0	0.0	0.0	0.0	0.0	0.0	0.0	0.0	0.0	0.0	0.0	0.0	0.0	0.0	0.0	0.0	0.0	0.0	0.0	0.0	0.0	0.0	0.0	0.0	1.0	0.0	0.0	0.0
vi	0.0	0.0014495640242553002	0.0	0.0	0.0	0.006456611570247934	0.019539224263633713	0.015533486121721415	0.0033613445378151263	0.0023048885077186962	0.0	0.0	0.035181236673773986	0.018867924528301886	0.0008382229673093043	0.001774622892635315	0.024448897795591184	0.0	0.0	0.0	0.0	0.001332176089457643	0.0007002801120448179	0.001328609388839681	0.0527499718816781	0.000564652738565782	0.0015433499773036769	0.0	0.0	0.001300672013873835	0.002577319587628866	0.0	0.0	1.0	0.0	0.004152510381275953
war	0.0	0.0	0.0	0.0	0.0	0.0	0.0	0.0	0.0	0.0	0.0	0.0	0.0	0.0	0.0	0.0	0.0	0.0	0.0	0.0	0.0	0.0	0.0	0.0	0.0	0.0	0.0	0.0	0.0	0.0	0.0	0.0	0.0	0.0	1.0	0.0
zh	0.0	0.0021142347461266557	0.0	0.0	0.0	0.00227842333105491	0.0035140562248995983	0.0033538630404292944	0.0	0.0042679185894529065	0.0	0.0	0.002936857562408223	0.003148897885739991	0.0	0.0012277470841006752	0.0022943297279580466	0.0	0.0	0.0	0.0	0.0020195960807838434	0.0005955926146515784	0.0010869565217391304	0.004686226568867156	0.0017331022530329288	0.0022206430982412506	0.0	0.0	0.0027934911655841887	0.0	0.0	0.0	0.004152510381275953	0.0	1.0
