arz	bs	ceb	ckb	da	de	el	en	es	fr	he	hi	hu	id	it	ja	ko	lv	mk	ml	mr	nl	pl	pt	ro	ru	sh	si	simple	sr	sv	te	tr	vi	war	zh
arz	0.5	0.038135593220338986	0.032520325203252036	0.038135593220338986	0.037815126050420166	0.03409090909090909	0.03461538461538462	0.027777777777777776	0.03409090909090909	0.028846153846153848	0.0375	0.0391304347826087	0.03435114503816794	0.03383458646616541	0.0371900826446281	0.03543307086614173	0.03103448275862069	0.038135593220338986	0.038135593220338986	0.038135593220338986	0.038135593220338986	0.037815126050420166	0.036290322580645164	0.036290322580645164	0.036885245901639344	0.03543307086614173	0.038135593220338986	0.08823529411764706	0.0371900826446281	0.0375	0.03125	0.042105263157894736	0.05555555555555555	0.036290322580645164	0.038135593220338986	0.03543307086614173
bs	0.038135593220338986	1.0	0.841964761719004	0.5	0.9374419412521444	0.7966311629691082	0.45384615384615384	0.5785395496949398	0.7603557137399208	0.6117058956112953	0.49166666666666664	0.4872881355932203	0.5970726284649779	0.7882130462800798	0.932903504320073	0.4645669291338583	0.4068965517241379	0.7840035157108327	0.5	0.5	0.5	0.952138540103276	0.8820133481646274	0.5498398435285448	0.9056370142298411	0.4645669291338583	0.5718172331544424	0.13135593220338984	0.9299505242011283	0.49166666666666664	0.6909690101757632	0.38333333333333336	0.22419668938656281	0.8390668571625297	0.5003374831258437	0.4996818844084942
ceb	0.032520325203252036	0.841964761719004	1.0	0.46	0.8434259307472013	0.8237889561418973	0.46923076923076923	0.5972044749052938	0.7855976456246645	0.6312310159273479	0.468	0.448	0.594967552437019	0.8131836482166096	0.8594907133292646	0.48031496062992124	0.4206896551724138	0.7009879387450875	0.46	0.46	0.46	0.8553565036960187	0.8918760031063939	0.5484040326283661	0.8539216790511299	0.48031496062992124	0.5222909996442547	0.12195121951219512	0.875663500678426	0.468	0.7131844253442023	0.364	-1.0	0.8470437631027253	0.46018114629374685	0.5151853601716655
ckb	0.038135593220338986	0.5	0.46	0.5	0.4957983193277311	0.44696969696969696	0.45384615384615384	0.36419753086419754	0.44696969696969696	0.3782051282051282	0.49166666666666664	0.4872881355932203	0.45038167938931295	0.44360902255639095	0.48760330578512395	0.4645669291338583	0.4068965517241379	0.5	0.5	0.5	0.5	0.4957983193277311	0.47580645161290325	0.47580645161290325	0.48360655737704916	0.4645669291338583	0.5	0.13135593220338984	0.48760330578512395	0.49166666666666664	0.4097222222222222	0.38333333333333336	0.075	0.47580645161290325	0.5	0.4645669291338583
da	0.037815126050420166	0.9374419412521444	0.8434259307472013	0.4957983193277311	1.0	0.7976386501523451	0.4576923076923077	0.5810741776006444	0.762158699556742	0.6136937209771856	0.49583333333333335	0.4831932773109244	0.601269501707645	0.7891751804034547	0.9335323051988473	0.468503937007874	0.4103448275862069	0.769050334139319	0.4957983193277311	0.4957983193277311	0.4957983193277311	0.9299115959201691	0.8829733617113289	0.5542502790716495	0.9065780811668018	0.468503937007874	0.5664830661062747	0.13025210084033614	0.9307691218371013	0.49583333333333335	0.6941544361953209	0.3875	0.19642857142857142	0.8398987697374795	0.49610073106130637	0.5037818389598931
de	0.03409090909090909	0.7966311629691082	0.8237889561418973	0.44696969696969696	0.7976386501523451	1.0	0.49242424242424243	0.6496901736732895	0.8251391541457316	0.6882270636920007	0.45454545454545453	0.4356060606060606	0.638415738846281	0.8385120920636884	0.8137645462112948	0.4664179104477612	0.45517241379310347	0.6660472012348688	0.44696969696969696	0.44696969696969696	0.44696969696969696	0.8094576991635816	0.8408731994448787	0.5280788850211362	0.8263553458615984	0.4810606060606061	0.5039437823355506	0.11742424242424243	0.8284997265838606	0.45454545454545453	0.7810580822102199	0.3560606060606061	0.08571428571428572	0.8003383139165887	0.44716284659627437	0.4976101617700068
el	0.03461538461538462	0.45384615384615384	0.46923076923076923	0.45384615384615384	0.4576923076923077	0.49242424242424243	0.5	0.4012345679012346	0.49242424242424243	0.4166666666666667	0.46153846153846156	0.4423076923076923	0.48120300751879697	0.48134328358208955	0.4580152671755725	0.4734848484848485	0.4482758620689655	0.45384615384615384	0.45384615384615384	0.45384615384615384	0.45384615384615384	0.4576923076923077	0.47692307692307695	0.46946564885496184	0.46923076923076923	0.48846153846153845	0.45384615384615384	0.11923076923076924	0.4653846153846154	0.46153846153846156	0.4513888888888889	0.36153846153846153	0.13043478260869565	0.47692307692307695	0.45384615384615384	0.4734848484848485
en	0.027777777777777776	0.5785395496949398	0.5972044749052938	0.36419753086419754	0.5810741776006444	0.6496901736732895	0.4012345679012346	1.0	0.6253097187898757	0.7578375891419369	0.37037037037037035	0.3549382716049383	0.5015057157684745	0.65548212254249	0.6003437255584371	0.39197530864197533	0.44753086419753085	0.503035836882781	0.36419753086419754	0.36419753086419754	0.36419753086419754	0.587219347186318	0.6087493755026034	0.42617465066888965	0.5987340133741723	0.39197530864197533	0.40139991181657847	0.09567901234567901	0.5983095019584941	0.37037037037037035	0.7060170639409046	0.29012345679012347	0.1014417770419426	0.5865179945639716	0.3643530276765129	0.4138643564556247
es	0.03409090909090909	0.7603557137399208	0.7855976456246645	0.44696969696969696	0.762158699556742	0.8251391541457316	0.49242424242424243	0.6253097187898757	1.0	0.6602736261700884	0.45454545454545453	0.4356060606060606	0.6215026621396467	0.8150988411724608	0.7739480753998419	0.4664179104477612	0.45517241379310347	0.6524295604731094	0.44696969696969696	0.44696969696969696	0.44696969696969696	0.7713496968241143	0.8015788665057977	0.5258891214776025	0.7873159395028777	0.4810606060606061	0.5029517827022625	0.11742424242424243	0.7886211632628688	0.45454545454545453	0.7461296999555236	0.3560606060606061	0.1125	0.7706452719300685	0.4472630811562893	0.4961375634197265
fr	0.028846153846153848	0.6117058956112953	0.6312310159273479	0.3782051282051282	0.6136937209771856	0.6882270636920007	0.4166666666666667	0.7578375891419369	0.6602736261700884	1.0	0.38461538461538464	0.3685897435897436	0.5254537608279366	0.6936423770002146	0.635060623216097	0.40705128205128205	0.4525316455696203	0.5298141925181148	0.3782051282051282	0.3782051282051282	0.3782051282051282	0.6207502638259034	0.6442387311832523	0.437241855962432	0.6322792180587805	0.40705128205128205	0.41891119934714477	0.09935897435897435	0.633285522028616	0.38461538461538464	0.7472527472527473	0.30128205128205127	0.1043000757419266	0.6178987476186014	0.3783698638044912	0.4299382254148791
he	0.0375	0.49166666666666664	0.468	0.49166666666666664	0.49583333333333335	0.45454545454545453	0.46153846153846156	0.37037037037037035	0.45454545454545453	0.38461538461538464	0.5	0.4791666666666667	0.4580152671755725	0.45112781954887216	0.49586776859504134	0.47244094488188976	0.41379310344827586	0.49166666666666664	0.49166666666666664	0.49166666666666664	0.49166666666666664	0.48760330578512395	0.4838709677419355	0.4838709677419355	0.4918032786885246	0.47244094488188976	0.49166666666666664	0.12916666666666668	0.49586776859504134	0.5	0.4166666666666667	0.39166666666666666	0.125	0.4838709677419355	0.49166666666666664	0.47244094488188976
hi	0.0391304347826087	0.4872881355932203	0.448	0.4872881355932203	0.4831932773109244	0.4356060606060606	0.4423076923076923	0.3549382716049383	0.4356060606060606	0.3685897435897436	0.4791666666666667	0.5	0.4389312977099237	0.4323308270676692	0.47520661157024796	0.452755905511811	0.39655172413793105	0.4872881355932203	0.4872881355932203	0.4872881355932203	0.4872881355932203	0.4831932773109244	0.4637096774193548	0.4637096774193548	0.4713114754098361	0.452755905511811	0.4872881355932203	0.13478260869565217	0.47520661157024796	0.4791666666666667	0.3993055555555556	0.37815126050420167	0.14583333333333334	0.4637096774193548	0.4872881355932203	0.452755905511811
hu	0.03435114503816794	0.5970726284649779	0.594967552437019	0.45038167938931295	0.601269501707645	0.638415738846281	0.48120300751879697	0.5015057157684745	0.6215026621396467	0.5254537608279366	0.4580152671755725	0.4389312977099237	1.0	0.610003193074576	0.6015734723511628	0.45555555555555555	0.4517241379310345	0.5669134607842389	0.45038167938931295	0.45038167938931295	0.45038167938931295	0.6035992451695035	0.6028460162542595	0.5060459454004138	0.6148890986193727	0.4699248120300752	0.4975418487571039	0.1183206106870229	0.6125138190777042	0.4580152671755725	0.5792382564992187	0.35877862595419846	0.0967741935483871	0.5974056475655778	0.4506548039341054	0.480832893114985
id	0.03383458646616541	0.7882130462800798	0.8131836482166096	0.44360902255639095	0.7891751804034547	0.8385120920636884	0.48134328358208955	0.65548212254249	0.8150988411724608	0.6936423770002146	0.45112781954887216	0.4323308270676692	0.610003193074576	1.0	0.821109209267104	0.4701492537313433	0.4586206896551724	0.6589557060611116	0.44360902255639095	0.44360902255639095	0.44360902255639095	0.8003641869594815	0.8317521541205751	0.5226920364157116	0.8159672183932052	0.4774436090225564	0.4994921133742535	0.11654135338345864	0.8182190110210832	0.45112781954887216	0.7879823522494372	0.3533834586466165	0.19585585585585585	0.7909013649839134	0.44386350785986467	0.5015410842911012
it	0.0371900826446281	0.932903504320073	0.8594907133292646	0.48760330578512395	0.9335323051988473	0.8137645462112948	0.4580152671755725	0.6003437255584371	0.7739480753998419	0.635060623216097	0.49586776859504134	0.47520661157024796	0.6015734723511628	0.821109209267104	1.0	0.4763779527559055	0.41724137931034483	0.7591916263483875	0.48760330578512395	0.48760330578512395	0.48760330578512395	0.9268971844842643	0.8992270531400965	0.5534685430463576	0.9236742267840922	0.46875	0.5559072198296366	0.128099173553719	0.950015952942683	0.49586776859504134	0.7204809699672101	0.3884297520661157	0.12878787878787878	0.8524151385095591	0.4879183877064235	0.5115222769302047
ja	0.03543307086614173	0.4645669291338583	0.48031496062992124	0.4645669291338583	0.468503937007874	0.4664179104477612	0.4734848484848485	0.39197530864197533	0.4664179104477612	0.40705128205128205	0.47244094488188976	0.452755905511811	0.45555555555555555	0.4701492537313433	0.4763779527559055	0.5	0.4315068493150685	0.4645669291338583	0.4645669291338583	0.4645669291338583	0.4645669291338583	0.468503937007874	0.4881889763779528	0.48046875	0.47265625	0.4844961240310077	0.4645669291338583	0.1220472440944882	0.4763779527559055	0.47244094488188976	0.43448275862068964	0.3700787401574803	0.16304347826086957	0.4881889763779528	0.4645669291338583	0.5
ko	0.03103448275862069	0.4068965517241379	0.4206896551724138	0.4068965517241379	0.4103448275862069	0.45517241379310347	0.4482758620689655	0.44753086419753085	0.45517241379310347	0.4525316455696203	0.41379310344827586	0.39655172413793105	0.4517241379310345	0.4586206896551724	0.41724137931034483	0.4315068493150685	0.5	0.4068965517241379	0.4068965517241379	0.4068965517241379	0.4068965517241379	0.4103448275862069	0.42758620689655175	0.42758620689655175	0.4206896551724138	0.4379310344827586	0.4068965517241379	0.10689655172413794	0.41724137931034483	0.41379310344827586	0.47635135135135137	0.32413793103448274	0.1896551724137931	0.42758620689655175	0.4068965517241379	0.4315068493150685
lv	0.038135593220338986	0.7840035157108327	0.7009879387450875	0.5	0.769050334139319	0.6660472012348688	0.45384615384615384	0.503035836882781	0.6524295604731094	0.5298141925181148	0.49166666666666664	0.4872881355932203	0.5669134607842389	0.6589557060611116	0.7591916263483875	0.4645669291338583	0.4068965517241379	1.0	0.5	0.5	0.5	0.7750795335316257	0.7276410978123242	0.5426798872424603	0.7457391142267441	0.4645669291338583	0.5638000447327219	0.13135593220338984	0.7582648922070152	0.49166666666666664	0.5902191368048789	0.38333333333333336	0.14	0.7127463501335922	0.5004333828628034	0.49907168441105615
mk	0.038135593220338986	0.5	0.46	0.5	0.4957983193277311	0.44696969696969696	0.45384615384615384	0.36419753086419754	0.44696969696969696	0.3782051282051282	0.49166666666666664	0.4872881355932203	0.45038167938931295	0.44360902255639095	0.48760330578512395	0.4645669291338583	0.4068965517241379	0.5	0.5	0.5	0.5	0.4957983193277311	0.47580645161290325	0.47580645161290325	0.48360655737704916	0.4645669291338583	0.5	0.13135593220338984	0.48760330578512395	0.49166666666666664	0.4097222222222222	0.38333333333333336	0.12	0.47580645161290325	0.5	0.4645669291338583
ml	0.038135593220338986	0.5	0.46	0.5	0.4957983193277311	0.44696969696969696	0.45384615384615384	0.36419753086419754	0.44696969696969696	0.3782051282051282	0.49166666666666664	0.4872881355932203	0.45038167938931295	0.44360902255639095	0.48760330578512395	0.4645669291338583	0.4068965517241379	0.5	0.5	0.5	0.5	0.4957983193277311	0.47580645161290325	0.47580645161290325	0.48360655737704916	0.4645669291338583	0.5	0.13135593220338984	0.48760330578512395	0.49166666666666664	0.4097222222222222	0.38333333333333336	0.17307692307692307	0.47580645161290325	0.5	0.4645669291338583
mr	0.038135593220338986	0.5	0.46	0.5	0.4957983193277311	0.44696969696969696	0.45384615384615384	0.36419753086419754	0.44696969696969696	0.3782051282051282	0.49166666666666664	0.4872881355932203	0.45038167938931295	0.44360902255639095	0.48760330578512395	0.4645669291338583	0.4068965517241379	0.5	0.5	0.5	0.5	0.4957983193277311	0.47580645161290325	0.47580645161290325	0.48360655737704916	0.4645669291338583	0.5	0.13135593220338984	0.48760330578512395	0.49166666666666664	0.4097222222222222	0.38333333333333336	0.05	0.47580645161290325	0.5	0.4645669291338583
nl	0.037815126050420166	0.952138540103276	0.8553565036960187	0.4957983193277311	0.9299115959201691	0.8094576991635816	0.4576923076923077	0.587219347186318	0.7713496968241143	0.6207502638259034	0.48760330578512395	0.4831932773109244	0.6035992451695035	0.8003641869594815	0.9268971844842643	0.468503937007874	0.4103448275862069	0.7750795335316257	0.4957983193277311	0.4957983193277311	0.4957983193277311	1.0	0.896188519563351	0.5540082400325167	0.9210382513661202	0.468503937007874	0.5665986391649049	0.13025210084033614	0.9235431552456583	0.48760330578512395	0.7013534852806385	0.38016528925619836	0.06751042184899898	0.850468312278096	0.4961268824118433	0.5037055528197474
pl	0.036290322580645164	0.8820133481646274	0.8918760031063939	0.47580645161290325	0.8829733617113289	0.8408731994448787	0.47692307692307695	0.6087493755026034	0.8015788665057977	0.6442387311832523	0.4838709677419355	0.4637096774193548	0.6028460162542595	0.8317521541205751	0.8992270531400965	0.4881889763779528	0.42758620689655175	0.7276410978123242	0.47580645161290325	0.47580645161290325	0.47580645161290325	0.896188519563351	1.0	0.5567971917561487	0.8937720080087839	0.4881889763779528	0.5407022849462366	0.125	0.8979094841500419	0.4838709677419355	0.7293164550507368	0.3790322580645161	0.09375	0.8647213541666667	0.4760869368523675	0.5236102778240039
pt	0.036290322580645164	0.5498398435285448	0.5484040326283661	0.47580645161290325	0.5542502790716495	0.5280788850211362	0.46946564885496184	0.42617465066888965	0.5258891214776025	0.437241855962432	0.4838709677419355	0.4637096774193548	0.5060459454004138	0.5226920364157116	0.5534685430463576	0.48046875	0.42758620689655175	0.5426798872424603	0.47580645161290325	0.47580645161290325	0.47580645161290325	0.5540082400325167	0.5567971917561487	1.0	0.5573634311512415	0.48046875	0.5176287070273917	0.125	0.5624771388499299	0.4838709677419355	0.479270902152584	0.3790322580645161	0.12179487179487179	0.5643618476673584	0.47580645161290325	0.5083222165455646
ro	0.036885245901639344	0.9056370142298411	0.8539216790511299	0.48360655737704916	0.9065780811668018	0.8263553458615984	0.46923076923076923	0.5987340133741723	0.7873159395028777	0.6322792180587805	0.4918032786885246	0.4713114754098361	0.6148890986193727	0.8159672183932052	0.9236742267840922	0.47265625	0.4206896551724138	0.7457391142267441	0.48360655737704916	0.48360655737704916	0.48360655737704916	0.9210382513661202	0.8937720080087839	0.5573634311512415	1.0	0.48031496062992124	0.5498274834742112	0.12704918032786885	0.9213620142583132	0.4918032786885246	0.7168567071782967	0.38524590163934425	0.10714285714285714	0.8482628519171729	0.483822152059047	0.5069762386428166
ru	0.03543307086614173	0.4645669291338583	0.48031496062992124	0.4645669291338583	0.468503937007874	0.4810606060606061	0.48846153846153845	0.39197530864197533	0.4810606060606061	0.40705128205128205	0.47244094488188976	0.452755905511811	0.4699248120300752	0.4774436090225564	0.46875	0.4844961240310077	0.4379310344827586	0.4645669291338583	0.4645669291338583	0.4645669291338583	0.4645669291338583	0.468503937007874	0.4881889763779528	0.48046875	0.48031496062992124	0.5	0.4645669291338583	0.1220472440944882	0.4763779527559055	0.47244094488188976	0.4409722222222222	0.3700787401574803	0.12337662337662338	0.4881889763779528	0.4645669291338583	0.4844961240310077
sh	0.038135593220338986	0.5718172331544424	0.5222909996442547	0.5	0.5664830661062747	0.5039437823355506	0.45384615384615384	0.40139991181657847	0.5029517827022625	0.41891119934714477	0.49166666666666664	0.4872881355932203	0.4975418487571039	0.4994921133742535	0.5559072198296366	0.4645669291338583	0.4068965517241379	0.5638000447327219	0.5	0.5	0.5	0.5665986391649049	0.5407022849462366	0.5176287070273917	0.5498274834742112	0.4645669291338583	1.0	0.13135593220338984	0.5558617327514161	0.49166666666666664	0.4568714708169222	0.38333333333333336	0.12962962962962962	0.5386253784723435	0.5002478929102627	0.4852144349151599
si	0.08823529411764706	0.13135593220338984	0.12195121951219512	0.13135593220338984	0.13025210084033614	0.11742424242424243	0.11923076923076924	0.09567901234567901	0.11742424242424243	0.09935897435897435	0.12916666666666668	0.13478260869565217	0.1183206106870229	0.11654135338345864	0.128099173553719	0.1220472440944882	0.10689655172413794	0.13135593220338984	0.13135593220338984	0.13135593220338984	0.13135593220338984	0.13025210084033614	0.125	0.125	0.12704918032786885	0.1220472440944882	0.13135593220338984	0.5	0.128099173553719	0.12916666666666668	0.1076388888888889	0.15789473684210525	0.023809523809523808	0.125	0.13135593220338984	0.1220472440944882
simple	0.0371900826446281	0.9299505242011283	0.875663500678426	0.48760330578512395	0.9307691218371013	0.8284997265838606	0.4653846153846154	0.5983095019584941	0.7886211632628688	0.633285522028616	0.49586776859504134	0.47520661157024796	0.6125138190777042	0.8182190110210832	0.950015952942683	0.4763779527559055	0.41724137931034483	0.7582648922070152	0.48760330578512395	0.48760330578512395	0.48760330578512395	0.9235431552456583	0.8979094841500419	0.5624771388499299	0.9213620142583132	0.4763779527559055	0.5558617327514161	0.128099173553719	1.0	0.49586776859504134	0.718646351575456	0.3884297520661157	0.18421052631578946	0.869450923391885	0.4879207661025843	0.5117103075472663
sr	0.0375	0.49166666666666664	0.468	0.49166666666666664	0.49583333333333335	0.45454545454545453	0.46153846153846156	0.37037037037037035	0.45454545454545453	0.38461538461538464	0.5	0.4791666666666667	0.4580152671755725	0.45112781954887216	0.49586776859504134	0.47244094488188976	0.41379310344827586	0.49166666666666664	0.49166666666666664	0.49166666666666664	0.49166666666666664	0.48760330578512395	0.4838709677419355	0.4838709677419355	0.4918032786885246	0.47244094488188976	0.49166666666666664	0.12916666666666668	0.49586776859504134	0.5	0.4166666666666667	0.39166666666666666	0.11904761904761904	0.4838709677419355	0.49166666666666664	0.47244094488188976
sv	0.03125	0.6909690101757632	0.7131844253442023	0.4097222222222222	0.6941544361953209	0.7810580822102199	0.4513888888888889	0.7060170639409046	0.7461296999555236	0.7472527472527473	0.4166666666666667	0.3993055555555556	0.5792382564992187	0.7879823522494372	0.7204809699672101	0.43448275862068964	0.47635135135135137	0.5902191368048789	0.4097222222222222	0.4097222222222222	0.4097222222222222	0.7013534852806385	0.7293164550507368	0.479270902152584	0.7168567071782967	0.4409722222222222	0.4568714708169222	0.1076388888888889	0.718646351575456	0.4166666666666667	1.0	0.3263888888888889	0.13829787234042554	0.6980860038582246	0.40992724828982224	0.46138936665216745
te	0.042105263157894736	0.38333333333333336	0.364	0.38333333333333336	0.3875	0.3560606060606061	0.36153846153846153	0.29012345679012347	0.3560606060606061	0.30128205128205127	0.39166666666666666	0.37815126050420167	0.35877862595419846	0.3533834586466165	0.3884297520661157	0.3700787401574803	0.32413793103448274	0.38333333333333336	0.38333333333333336	0.38333333333333336	0.38333333333333336	0.38016528925619836	0.3790322580645161	0.3790322580645161	0.38524590163934425	0.3700787401574803	0.38333333333333336	0.15789473684210525	0.3884297520661157	0.39166666666666666	0.3263888888888889	0.5	0.13043478260869565	0.3790322580645161	0.38333333333333336	0.3700787401574803
tr	0.05555555555555555	0.22419668938656281	-1.0	0.075	0.19642857142857142	0.08571428571428572	0.13043478260869565	0.1014417770419426	0.1125	0.1043000757419266	0.125	0.14583333333333334	0.0967741935483871	0.19585585585585585	0.12878787878787878	0.16304347826086957	0.1896551724137931	0.14	0.12	0.17307692307692307	0.05	0.06751042184899898	0.09375	0.12179487179487179	0.10714285714285714	0.12337662337662338	0.12962962962962962	0.023809523809523808	0.18421052631578946	0.11904761904761904	0.13829787234042554	0.13043478260869565	1.0	0.18055555555555555	0.05	0.18292682926829268
vi	0.036290322580645164	0.8390668571625297	0.8470437631027253	0.47580645161290325	0.8398987697374795	0.8003383139165887	0.47692307692307695	0.5865179945639716	0.7706452719300685	0.6178987476186014	0.4838709677419355	0.4637096774193548	0.5974056475655778	0.7909013649839134	0.8524151385095591	0.4881889763779528	0.42758620689655175	0.7127463501335922	0.47580645161290325	0.47580645161290325	0.47580645161290325	0.850468312278096	0.8647213541666667	0.5643618476673584	0.8482628519171729	0.4881889763779528	0.5386253784723435	0.125	0.869450923391885	0.4838709677419355	0.6980860038582246	0.3790322580645161	0.18055555555555555	1.0	0.47616501734995503	0.5231971814260109
war	0.038135593220338986	0.5003374831258437	0.46018114629374685	0.5	0.49610073106130637	0.44716284659627437	0.45384615384615384	0.3643530276765129	0.4472630811562893	0.3783698638044912	0.49166666666666664	0.4872881355932203	0.4506548039341054	0.44386350785986467	0.4879183877064235	0.4645669291338583	0.4068965517241379	0.5004333828628034	0.5	0.5	0.5	0.4961268824118433	0.4760869368523675	0.47580645161290325	0.483822152059047	0.4645669291338583	0.5002478929102627	0.13135593220338984	0.4879207661025843	0.49166666666666664	0.40992724828982224	0.38333333333333336	0.05	0.47616501734995503	1.0	0.4645669291338583
zh	0.03543307086614173	0.4996818844084942	0.5151853601716655	0.4645669291338583	0.5037818389598931	0.4976101617700068	0.4734848484848485	0.4138643564556247	0.4961375634197265	0.4299382254148791	0.47244094488188976	0.452755905511811	0.480832893114985	0.5015410842911012	0.5115222769302047	0.5	0.4315068493150685	0.49907168441105615	0.4645669291338583	0.4645669291338583	0.4645669291338583	0.5037055528197474	0.5236102778240039	0.5083222165455646	0.5069762386428166	0.4844961240310077	0.4852144349151599	0.1220472440944882	0.5117103075472663	0.47244094488188976	0.46138936665216745	0.3700787401574803	0.18292682926829268	0.5231971814260109	0.4645669291338583	1.0
