arz	bs	ceb	ckb	da	de	el	en	es	fr	he	hi	hu	id	it	ja	ko	lv	mk	ml	mr	nl	pl	pt	ro	ru	sh	si	simple	sr	sv	te	tr	vi	war	zh
arz	1.0	0.9030805357453306	0.9024967606365161	1.0	0.8530107694299677	0.8606517591706409	1.0	0.8034871571079328	0.6927320624871937	0.7322497485780582	1.0	1.0	0.5084984039089976	0.8139292221618544	0.9245471784492586	1.0	1.0	0.7076618580761366	1.0	1.0	1.0	0.9138771546921388	0.9089733978143352	0.5318022573769803	0.8953844430808867	1.0	0.5561688051038962	1.0	0.9165339401065461	1.0	0.8142682549073943	1.0	1.0	0.8488221707420431	1.0	0.48203024797036054
bs	0.9030805357453306	1.0	0.7631473682593441	0.8402404634137928	0.7655514559601131	0.7345022833038576	0.8402404634137928	0.6352195900418315	0.66296285986273	0.6438843243730528	0.8402404634137928	0.8427014749620992	0.44537010472760535	0.7279873655141489	0.8092937867989379	0.8402404634137928	0.8402404634137929	0.5641373933936716	0.8402404634137929	0.8402404634137928	0.8402404634137928	0.7988243056032376	0.7638075377698548	0.33233233143579144	0.7681314709051548	0.8402404634137928	0.31848725115999194	0.873255810402417	0.7973131187697765	0.8402404634137928	0.6842757948814154	0.8487504894118084	0.32450676055220123	0.6789035061940567	0.4365917099472492	0.24497047536682492
ceb	0.9024967606365161	0.7631473682593441	1.0	0.8015110085913005	0.7426024822046026	0.7136315675467442	0.7981246226127383	0.6217770714845469	0.6445856598473425	0.6287559748922992	0.8006496489737016	0.8020838914418607	0.4410929580464458	0.7061950499552196	0.7802348555215669	0.7981246226127383	0.7981246226127383	0.5603581332275064	0.8015110085913005	0.8015110085913006	0.8015110085913006	0.7719064178078812	0.7410171425495377	0.32986092621257584	0.7443274903295188	0.7981246226127384	0.3158995433114195	0.8534626888086329	0.7693326483094409	0.8006496489737016	0.6671210363966643	0.8155937667255985	-1.0	0.6662442200884033	0.46197187327776634	0.24292182188721753
ckb	1.0	0.8402404634137928	0.8015110085913005	1.0	0.8058727393466574	0.764245725424139	1.0	0.649239569355497	0.6771520481405369	0.6579091418849745	1.0	1.0	0.44727608328300816	0.7560470591098262	0.876051150305607	1.0	1.0	0.5706985657545017	1.0	1.0	1.0	0.8596977215962414	0.7990729400847116	0.3333507027284783	0.8066148750239907	1.0	0.3187810320280784	1.0	0.8597232018734993	1.0	0.706540971188406	1.0	0.7863954451402115	0.6960485174251878	0.43894106704013647	0.24546866309469542
da	0.8530107694299677	0.7655514559601131	0.7426024822046026	0.8058727393466574	1.0	0.7158547310749273	0.8053058547614554	0.6286185609521344	0.6505920004289388	0.6413462486477305	0.8053058547614554	0.8076375540498115	0.44341671675648664	0.7054587843451974	0.7790105486509987	0.8053058547614554	0.8053058547614554	0.558508701716649	0.8058727393466574	0.8058727393466574	0.8058727393466574	0.776708083656318	0.7390499294683589	0.33178438939745347	0.7412215411671531	0.8053058547614554	0.3166772179326894	0.8635805149243679	0.7783866370100885	0.8053058547614554	0.6751147002521739	0.817620755872756	0.30542544402765115	0.666534751841159	0.4358687566928977	0.2448295453073285
de	0.8606517591706409	0.7345022833038576	0.7136315675467442	0.764245725424139	0.7158547310749273	1.0	0.7564313043708554	0.6034475518192245	0.6297532254741703	0.6135420290452427	0.7632448906927003	0.7659982262713269	0.42884701788863916	0.6847479256630413	0.7480418551140818	0.7596477706393271	0.7557012361098884	0.5517223951671827	0.764245725424139	0.764245725424139	0.764245725424139	0.7435577066375938	0.7108192173196479	0.3279110246290808	0.7160247115716141	0.758188682130734	0.31678826246284186	0.8342801037181875	0.7402323398503742	0.7632448906927004	0.6460219930987051	0.7786488907255141	0.4067919660518075	0.6474662034627764	0.43156920574007707	0.24316261635967568
el	1.0	0.8402404634137928	0.7981246226127383	1.0	0.8053058547614554	0.7564313043708554	1.0	0.6376711413439647	0.671076321353166	0.6490706612528349	1.0	1.0	0.43775356693672984	0.7491898420588483	0.8752749056284391	1.0	1.0	0.5706985657545017	1.0	1.0	1.0	0.8594674230441858	0.7955828768048252	0.3300541852609006	0.8038232381396032	1.0	0.3187810320280784	1.0	0.8578150757495633	1.0	0.6973161542601378	1.0	0.6467936504043929	0.6940858014494844	0.43894106704013647	0.2441551002398614
en	0.8034871571079328	0.6352195900418315	0.6217770714845469	0.649239569355497	0.6286185609521344	0.6034475518192245	0.6376711413439647	1.0	0.567456390152208	0.5432863112547116	0.647805579767405	0.6497854033753434	0.41421237066324706	0.5985116925853523	0.639501333340705	0.6415602466553122	0.6299389461954894	0.5192342527575947	0.649239569355497	0.6492395693554969	0.6492395693554969	0.6372170984326371	0.6214333267869854	0.32297189067949095	0.6233234264412043	0.6397705808421492	0.3099136395076905	0.7346746255220571	0.6368778693241258	0.6478055797674052	0.5756756816949675	0.6678538946213632	0.3581642976370972	0.589515546802839	0.41744535788846926	0.24090883849785508
es	0.6927320624871937	0.66296285986273	0.6445856598473425	0.6771520481405369	0.6505920004289388	0.6297532254741703	0.671076321353166	0.567456390152208	1.0	0.5789155103704884	0.6759266477765669	0.6797632932653657	0.42065515211414567	0.6271076896924271	0.6662678444051148	0.6735665795810337	0.6682903342311387	0.5306659316034563	0.6771520481405369	0.6771520481405369	0.6771520481405369	0.6645452391354787	0.6446433947855004	0.32373750650228245	0.6506797735863505	0.6732216788033213	0.314765741665769	0.7512472699166812	0.6645466416829705	0.6759266477765669	0.6008786632252119	0.696910257383748	0.3708562955473521	0.6101120941310819	0.42480094539898955	0.24051440660054738
fr	0.7322497485780582	0.6438843243730528	0.6287559748922992	0.6579091418849745	0.6413462486477305	0.6135420290452427	0.6490706612528349	0.5432863112547116	0.5789155103704884	1.0	0.6541587308897494	0.6592875819626678	0.41508974790601033	0.6126276411579032	0.6495738540405893	0.6495751568565858	0.643720487288424	0.5220612158975164	0.6579091418849745	0.6579091418849745	0.6579091418849745	0.6481744250076891	0.6252607361283332	0.3235018008966367	0.6347259640871238	0.6509012547587869	0.31116308050622477	0.7386773264283836	0.6422161241841711	0.6541587308897495	0.5812432812253854	0.6630729326686471	0.2611667347734997	0.5875368805263255	0.4140944859652953	0.238697023864811
he	1.0	0.8402404634137928	0.8006496489737016	1.0	0.8053058547614554	0.7632448906927003	1.0	0.647805579767405	0.6759266477765669	0.6541587308897494	1.0	1.0	0.4462158976315961	0.754224548042563	0.8752749056284391	1.0	1.0	0.5706985657545017	1.0	1.0	1.0	0.8596977215962414	0.7979283869286099	0.3312713805391541	0.8039202834848088	1.0	0.3187810320280784	1.0	0.8591207901204324	1.0	0.7044619286407268	1.0	0.7455134344225701	0.6946384466995685	0.43894106704013647	0.2462072103308064
hi	1.0	0.8427014749620992	0.8020838914418607	1.0	0.8076375540498115	0.7659982262713269	1.0	0.6497854033753434	0.6797632932653657	0.6592875819626678	1.0	1.0	0.44750769020154707	0.7586131835328079	0.8776162921704006	1.0	1.0	0.574493677369129	1.0	1.0	1.0	0.8599936775455064	0.8007693453541892	0.33219513998302747	0.8072487010014758	1.0	0.3160520344947818	1.0	0.8639206739710829	1.0	0.7069579637006436	1.0	0.6380732827477678	0.6997904644954261	0.45293059828543886	0.24515290011793023
hu	0.5084984039089976	0.44537010472760535	0.4410929580464458	0.44727608328300816	0.44341671675648664	0.42884701788863916	0.43775356693672984	0.41421237066324706	0.42065515211414567	0.41508974790601033	0.4462158976315961	0.44750769020154707	1.0	0.42955103887994084	0.44395260483027194	0.44355726237933124	0.43482017293223285	0.41019580058913335	0.44727608328300816	0.44727608328300816	0.44727608328300816	0.4431827459183528	0.43714448886689605	0.29359016386260556	0.43875215032113424	0.441068880058476	0.2895155198647436	0.5198156254491897	0.44305371812186395	0.4462158976315961	0.4218925480048392	0.4637550933218174	0.7106922308883379	0.4292476114442893	0.3562663938104867	0.23038744557821406
id	0.8139292221618544	0.7279873655141489	0.7061950499552196	0.7560470591098262	0.7054587843451974	0.6847479256630413	0.7491898420588483	0.5985116925853523	0.6271076896924271	0.6126276411579032	0.754224548042563	0.7586131835328079	0.42955103887994084	1.0	0.7365660786231106	0.7509790106499478	0.7475210267278505	0.5488254528182601	0.7560470591098262	0.7560470591098262	0.7560470591098262	0.7333986890573266	0.7069391207080183	0.3271706871583579	0.7099255902151113	0.7505404530742952	0.31618991561609755	0.842333721506418	0.7319515053251426	0.754224548042563	0.6435985501376046	0.7727409965378813	0.3114785232364913	0.6414987327297333	0.4291700308167481	0.24211544566993043
it	0.9245471784492586	0.8092937867989379	0.7802348555215669	0.876051150305607	0.7790105486509987	0.7480418551140818	0.8752749056284391	0.639501333340705	0.6662678444051148	0.6495738540405893	0.8752749056284391	0.8776162921704006	0.44395260483027194	0.7365660786231106	1.0	0.8749161368609707	0.8749161368609707	0.5663086131456427	0.876051150305607	0.8760511503056071	0.8760511503056071	0.8257637557043493	0.7717124801283607	0.3306998243389341	0.7825249992830589	0.8752749056284391	0.31834715350013476	0.9139193909488337	0.8188522294602482	0.8752749056284391	0.6920517973912824	0.886013862532499	0.3826609460030641	0.684637406780059	0.43795487773959263	0.24400918547988368
ja	1.0	0.8402404634137928	0.7981246226127383	1.0	0.8053058547614554	0.7596477706393271	1.0	0.6415602466553122	0.6735665795810337	0.6495751568565858	1.0	1.0	0.44355726237933124	0.7509790106499478	0.8749161368609707	1.0	1.0	0.5706985657545017	1.0	1.0	1.0	0.859467423044186	0.7955828768048252	0.3300541852609006	0.8036777197521	1.0	0.3187810320280784	1.0	0.8578150757495633	1.0	0.697984388429492	1.0	0.48582128408323166	0.6940858014494844	0.43894106704013647	0.24223822041371657
ko	1.0	0.8402404634137929	0.7981246226127383	1.0	0.8053058547614554	0.7557012361098884	1.0	0.6299389461954894	0.6682903342311387	0.643720487288424	1.0	1.0	0.43482017293223285	0.7475210267278505	0.8749161368609707	1.0	1.0	0.5706985657545017	1.0	1.0	1.0	0.859467423044186	0.7955828768048252	0.32982583641169366	0.8038232381396033	1.0	0.3187810320280784	1.0	0.8578150757495633	1.0	0.6937753347032366	1.0	0.6634518311496418	0.6940858014494844	0.43894106704013647	0.24323387490316514
lv	0.7076618580761366	0.5641373933936716	0.5603581332275064	0.5706985657545017	0.558508701716649	0.5517223951671827	0.5706985657545017	0.5192342527575947	0.5306659316034563	0.5220612158975164	0.5706985657545017	0.574493677369129	0.41019580058913335	0.5488254528182601	0.5663086131456427	0.5706985657545017	0.5706985657545017	1.0	0.5706985657545017	0.5706985657545017	0.5706985657545017	0.5661521945491591	0.5573730791923803	0.3197742522823742	0.5585203147931511	0.5706985657545017	0.3065379073105856	0.6569943719188851	0.5675695569316196	0.5706985657545017	0.5380940887543695	0.5915173559887236	0.6188647830726269	0.5368966051590306	0.4088282932058849	0.243054494259585
mk	1.0	0.8402404634137929	0.8015110085913005	1.0	0.8058727393466574	0.764245725424139	1.0	0.649239569355497	0.6771520481405369	0.6579091418849745	1.0	1.0	0.44727608328300816	0.7560470591098262	0.876051150305607	1.0	1.0	0.5706985657545017	1.0	1.0	1.0	0.8596977215962414	0.7990729400847116	0.3333507027284783	0.8066148750239907	1.0	0.3187810320280784	1.0	0.8597232018734993	1.0	0.706540971188406	1.0	0.7510341748895938	0.6960485174251878	0.43894106704013647	0.24546866309469542
ml	1.0	0.8402404634137928	0.8015110085913006	1.0	0.8058727393466574	0.764245725424139	1.0	0.6492395693554969	0.6771520481405369	0.6579091418849745	1.0	1.0	0.44727608328300816	0.7560470591098262	0.8760511503056071	1.0	1.0	0.5706985657545017	1.0	1.0	1.0	0.8596977215962414	0.7990729400847116	0.3333507027284783	0.8066148750239909	1.0	0.3187810320280784	1.0	0.8597232018734993	1.0	0.706540971188406	1.0	0.7376607345031153	0.6960485174251878	0.43894106704013647	0.24546866309469542
mr	1.0	0.8402404634137928	0.8015110085913006	1.0	0.8058727393466574	0.764245725424139	1.0	0.6492395693554969	0.6771520481405369	0.6579091418849745	1.0	1.0	0.44727608328300816	0.7560470591098262	0.8760511503056071	1.0	1.0	0.5706985657545017	1.0	1.0	1.0	0.8596977215962414	0.7990729400847116	0.3333507027284783	0.8066148750239909	1.0	0.3187810320280784	1.0	0.8597232018734993	1.0	0.706540971188406	1.0	1.0	0.6960485174251877	0.43894106704013647	0.24546866309469542
nl	0.9138771546921388	0.7988243056032376	0.7719064178078812	0.8596977215962414	0.776708083656318	0.7435577066375938	0.8594674230441858	0.6372170984326371	0.6645452391354787	0.6481744250076891	0.8596977215962414	0.8599936775455064	0.4431827459183528	0.7333986890573266	0.8257637557043493	0.859467423044186	0.859467423044186	0.5661521945491591	0.8596977215962414	0.8596977215962414	0.8596977215962414	1.0	0.7721922908174302	0.33210840666283736	0.7782701674704183	0.8594674230441858	0.31805484694607133	0.9098544791641692	0.8118971603688924	0.8596977215962414	0.6877769252622662	0.8707825382071435	0.37746088779116793	0.6818524254858207	0.4370192032654438	0.243224348393969
pl	0.9089733978143352	0.7638075377698548	0.7410171425495377	0.7990729400847116	0.7390499294683589	0.7108192173196479	0.7955828768048252	0.6214333267869854	0.6446433947855004	0.6252607361283332	0.7979283869286099	0.8007693453541892	0.43714448886689605	0.7069391207080183	0.7717124801283607	0.7955828768048252	0.7955828768048252	0.5573730791923803	0.7990729400847116	0.7990729400847116	0.7990729400847116	0.7721922908174302	1.0	0.32828623871225326	0.7442680959377587	0.7955828768048253	0.31955056215463895	0.859313286335876	0.769219094342137	0.7979283869286099	0.6673466485254836	0.8154606970361574	0.39927239877140647	0.6645208728347994	0.4345134645472393	0.2441771299133182
pt	0.5318022573769803	0.33233233143579144	0.32986092621257584	0.3333507027284783	0.33178438939745347	0.3279110246290808	0.3300541852609006	0.32297189067949095	0.32373750650228245	0.3235018008966367	0.3312713805391541	0.33219513998302747	0.29359016386260556	0.3271706871583579	0.3306998243389341	0.3300541852609006	0.32982583641169366	0.3197742522823742	0.3333507027284783	0.3333507027284783	0.3333507027284783	0.33210840666283736	0.32828623871225326	1.0	0.32898178346245405	0.3300541852609006	0.24926202468288775	0.3716160248625052	0.33021858439327706	0.3312713805391541	0.32461181324450394	0.34905603231030863	0.4406612214334959	0.3272889874628126	0.2980090537294859	0.21753105932366304
ro	0.8953844430808867	0.7681314709051548	0.7443274903295188	0.8066148750239907	0.7412215411671531	0.7160247115716141	0.8038232381396032	0.6233234264412043	0.6506797735863505	0.6347259640871238	0.8039202834848088	0.8072487010014758	0.43875215032113424	0.7099255902151113	0.7825249992830589	0.8036777197521	0.8038232381396033	0.5585203147931511	0.8066148750239907	0.8066148750239909	0.8066148750239909	0.7782701674704183	0.7442680959377587	0.32898178346245405	1.0	0.8038232381396033	0.3167451990183866	0.8452353008458604	0.772214995422428	0.8039202834848088	0.6709073322985848	0.8215938385614009	0.6637329831288419	0.6639852431353482	0.43277660442973176	0.2440233549026942
ru	1.0	0.8402404634137928	0.7981246226127384	1.0	0.8053058547614554	0.758188682130734	1.0	0.6397705808421492	0.6732216788033213	0.6509012547587869	1.0	1.0	0.441068880058476	0.7505404530742952	0.8752749056284391	1.0	1.0	0.5706985657545017	1.0	1.0	1.0	0.8594674230441858	0.7955828768048253	0.3300541852609006	0.8038232381396033	1.0	0.3187810320280784	1.0	0.8578150757495633	1.0	0.6983526045518935	1.0	0.45933294687110227	0.6940858014494843	0.43894106704013647	0.2441551002398614
sh	0.5561688051038962	0.31848725115999194	0.3158995433114195	0.3187810320280784	0.3166772179326894	0.31678826246284186	0.3187810320280784	0.3099136395076905	0.314765741665769	0.31116308050622477	0.3187810320280784	0.3160520344947818	0.2895155198647436	0.31618991561609755	0.31834715350013476	0.3187810320280784	0.3187810320280784	0.3065379073105856	0.3187810320280784	0.3187810320280784	0.3187810320280784	0.31805484694607133	0.31955056215463895	0.24926202468288775	0.3167451990183866	0.3187810320280784	1.0	0.3252141287323728	0.3175938482638996	0.3187810320280784	0.3142291420548889	0.33352064989630004	0.32394245608578914	0.3146788905567355	0.2906631530273917	0.20964349460554085
si	1.0	0.873255810402417	0.8534626888086329	1.0	0.8635805149243679	0.8342801037181875	1.0	0.7346746255220571	0.7512472699166812	0.7386773264283836	1.0	1.0	0.5198156254491897	0.842333721506418	0.9139193909488337	1.0	1.0	0.6569943719188851	1.0	1.0	1.0	0.9098544791641692	0.859313286335876	0.3716160248625052	0.8452353008458604	1.0	0.3252141287323728	1.0	0.906859399833234	1.0	0.7990714242594144	1.0	1.0	0.7816050695034591	0.7111374370280842	0.25297244940399266
simple	0.9165339401065461	0.7973131187697765	0.7693326483094409	0.8597232018734993	0.7783866370100885	0.7402323398503742	0.8578150757495633	0.6368778693241258	0.6645466416829705	0.6422161241841711	0.8591207901204324	0.8639206739710829	0.44305371812186395	0.7319515053251426	0.8188522294602482	0.8578150757495633	0.8578150757495633	0.5675695569316196	0.8597232018734993	0.8597232018734993	0.8597232018734993	0.8118971603688924	0.769219094342137	0.33021858439327706	0.772214995422428	0.8578150757495633	0.3175938482638996	0.906859399833234	1.0	0.8591207901204324	0.6880608714514466	0.8698888215947376	0.47146055084144833	0.6800171511404848	0.43729180370918636	0.24559906960805775
sr	1.0	0.8402404634137928	0.8006496489737016	1.0	0.8053058547614554	0.7632448906927004	1.0	0.6478055797674052	0.6759266477765669	0.6541587308897495	1.0	1.0	0.4462158976315961	0.754224548042563	0.8752749056284391	1.0	1.0	0.5706985657545017	1.0	1.0	1.0	0.8596977215962414	0.7979283869286099	0.3312713805391541	0.8039202834848088	1.0	0.3187810320280784	1.0	0.8591207901204324	1.0	0.7044619286407268	1.0	0.6675879370773626	0.6946384466995685	0.43894106704013647	0.2462072103308064
sv	0.8142682549073943	0.6842757948814154	0.6671210363966643	0.706540971188406	0.6751147002521739	0.6460219930987051	0.6973161542601378	0.5756756816949675	0.6008786632252119	0.5812432812253854	0.7044619286407268	0.7069579637006436	0.4218925480048392	0.6435985501376046	0.6920517973912824	0.697984388429492	0.6937753347032366	0.5380940887543695	0.706540971188406	0.706540971188406	0.706540971188406	0.6877769252622662	0.6673466485254836	0.32461181324450394	0.6709073322985848	0.6983526045518935	0.3142291420548889	0.7990714242594144	0.6880608714514466	0.7044619286407268	1.0	0.7235159857121162	0.4918579960438922	0.6201241299380769	0.4307773482856529	0.24254083929049627
te	1.0	0.8487504894118084	0.8155937667255985	1.0	0.817620755872756	0.7786488907255141	1.0	0.6678538946213632	0.696910257383748	0.6630729326686471	1.0	1.0	0.4637550933218174	0.7727409965378813	0.886013862532499	1.0	1.0	0.5915173559887236	1.0	1.0	1.0	0.8707825382071435	0.8154606970361574	0.34905603231030863	0.8215938385614009	1.0	0.33352064989630004	1.0	0.8698888215947376	1.0	0.7235159857121162	1.0	1.0	0.7122234273167727	0.49090921670482535	0.256247354609699
tr	1.0	0.32450676055220123	-1.0	0.7863954451402115	0.30542544402765115	0.4067919660518075	0.6467936504043929	0.3581642976370972	0.3708562955473521	0.2611667347734997	0.7455134344225701	0.6380732827477678	0.7106922308883379	0.3114785232364913	0.3826609460030641	0.48582128408323166	0.6634518311496418	0.6188647830726269	0.7510341748895938	0.7376607345031153	1.0	0.37746088779116793	0.39927239877140647	0.4406612214334959	0.6637329831288419	0.45933294687110227	0.32394245608578914	1.0	0.47146055084144833	0.6675879370773626	0.4918579960438922	1.0	1.0	0.549178852412765	1.0	0.4870654245384917
vi	0.8488221707420431	0.6789035061940567	0.6662442200884033	0.6960485174251878	0.666534751841159	0.6474662034627764	0.6940858014494844	0.589515546802839	0.6101120941310819	0.5875368805263255	0.6946384466995685	0.6997904644954261	0.4292476114442893	0.6414987327297333	0.684637406780059	0.6940858014494844	0.6940858014494844	0.5368966051590306	0.6960485174251878	0.6960485174251878	0.6960485174251877	0.6818524254858207	0.6645208728347994	0.3272889874628126	0.6639852431353482	0.6940858014494843	0.3146788905567355	0.7816050695034591	0.6800171511404848	0.6946384466995685	0.6201241299380769	0.7122234273167727	0.549178852412765	1.0	0.4284589913876024	0.2410710888525068
war	1.0	0.4365917099472492	0.46197187327776634	0.43894106704013647	0.4358687566928977	0.43156920574007707	0.43894106704013647	0.41744535788846926	0.42480094539898955	0.4140944859652953	0.43894106704013647	0.45293059828543886	0.3562663938104867	0.4291700308167481	0.43795487773959263	0.43894106704013647	0.43894106704013647	0.4088282932058849	0.43894106704013647	0.43894106704013647	0.43894106704013647	0.4370192032654438	0.4345134645472393	0.2980090537294859	0.43277660442973176	0.43894106704013647	0.2906631530273917	0.7111374370280842	0.43729180370918636	0.43894106704013647	0.4307773482856529	0.49090921670482535	1.0	0.4284589913876024	1.0	0.23435882463976399
zh	0.48203024797036054	0.24497047536682492	0.24292182188721753	0.24546866309469542	0.2448295453073285	0.24316261635967568	0.2441551002398614	0.24090883849785508	0.24051440660054738	0.238697023864811	0.2462072103308064	0.24515290011793023	0.23038744557821406	0.24211544566993043	0.24400918547988368	0.24223822041371657	0.24323387490316514	0.243054494259585	0.24546866309469542	0.24546866309469542	0.24546866309469542	0.243224348393969	0.2441771299133182	0.21753105932366304	0.2440233549026942	0.2441551002398614	0.20964349460554085	0.25297244940399266	0.24559906960805775	0.2462072103308064	0.24254083929049627	0.256247354609699	0.4870654245384917	0.2410710888525068	0.23435882463976399	1.0
