arz	bs	ceb	ckb	da	de	el	en	es	fr	he	hi	hu	id	it	ja	ko	lv	mk	ml	mr	nl	pl	pt	ro	ru	sh	si	simple	sr	sv	te	tr	vi	war	zh
arz	0.5	0.5	0.0	0.5	0.5	0.5	0.5	0.5	0.5	0.5	0.5	0.5	0.5	0.5	0.5	0.5	0.5	0.5	0.5	0.5	0.5	0.5	0.5	0.5	0.5	0.5	0.5	1.0	0.5	0.5	0.5	0.5	0.5	0.5	0.5	0.5
bs	0.5	0.0012876865769992762	1.0	1.0	0.2	0.002668944257993318	0.012705671217964159	0.004211413843972511	0.006452195671175858	0.001716758513785415	0.07692307692307693	1.0	0.013926023592452376	0.02002683163403684	0.0138908180941358	0.015384852071005919	0.013182522757238305	1.0	0.0011918951132300357	1.0	0.3333333333333333	0.001185994556588847	0.0012288001240771192	0.0012332220075168643	0.00900356573342014	0.0012184363904124687	0.0013898926857522941	0.3333333333333333	0.25	0.0011635619921446928	0.014926932501670749	0.5	0.14287755102040817	0.007700304387465039	0.25	0.0020928514514715084
ceb	0.0	1.0	0.3333333333333333	0.0	1.0	0.5	0.0	0.3333333333333333	0.5	1.0	0.5	0.5	1.0	0.5	0.5	0.5	0.5	1.0	1.0	1.0	0.0	1.0	1.0	0.5	0.5	0.5	1.0	0.5	1.0	1.0	1.0	0.0	-1.0	0.5	1.0	0.5
ckb	0.5	1.0	0.0	1.0	0.0	1.0	1.0	1.0	0.0	1.0	0.0	0.0	0.0	0.0	0.0	1.0	0.0	0.0	1.0	0.0	0.3333333333333333	1.0	1.0	1.0	0.0	1.0	1.0	0.3333333333333333	0.0	1.0	1.0	0.5	0.125	0.0	0.25	1.0
da	0.5	0.2	1.0	0.0	0.2	0.25	0.5	0.25	0.25	0.25	0.3333333333333333	1.0	0.3333333333333333	0.5	0.25	0.25	0.25	1.0	0.3333333333333333	1.0	0.3333333333333333	0.25	0.25	0.25	0.3333333333333333	0.25	0.3333333333333333	0.3333333333333333	0.5	0.25	0.3333333333333333	0.5	0.16666666666666666	0.25	0.25	0.25
de	0.5	0.002668944257993318	0.5	1.0	0.25	0.0025894521469436494	0.013338846578489244	0.004743135601403428	0.006802906196492202	0.0038647491129565783	0.05555555555555555	1.0	0.014712157658090183	0.020836805989583332	0.013158240997229917	0.013513513513513514	0.013161705853706721	1.0	0.002702702702702703	1.0	0.3333333333333333	0.0026964570732413164	0.0026385711600448334	0.0026246856938158323	0.00918619419386056	0.002824938555332121	0.003534243266878098	0.3333333333333333	0.25	0.002674089951106702	0.014492963663095989	0.5	0.07142857142857142	0.008065621878316859	0.25	0.004291919173313194
el	0.5	0.012705671217964159	0.0	1.0	0.5	0.013338846578489244	0.013057673848690556	0.013600632138970508	0.015152892791551882	0.013595620385079386	0.2	1.0	0.021874169434736624	0.028661502938455468	0.035719387755102035	0.025643656805391192	0.022312957012244124	1.0	0.012658227848101266	1.0	0.3333333333333333	0.012841419506636842	0.012659029001762537	0.012821005917159761	0.018108383823045276	0.014707612673010382	0.014102779834799115	0.3333333333333333	1.0	0.012664799070982216	0.028579596737144487	0.5	0.125	0.01787981445062219	0.25	0.013892941550925924
en	0.5	0.004211413843972511	0.3333333333333333	1.0	0.25	0.004743135601403428	0.013600632138970508	0.004147185021073996	0.006623744791895091	0.0046982738848489495	0.05000249999999999	1.0	0.013776186108466404	0.01966028303170061	0.01266223457811264	0.013159972299168975	0.012553350181470945	1.0	0.00425531914893617	1.0	0.3333333333333333	0.004198206517258811	0.0039688524975119675	0.004016451460492573	0.00892076159720933	0.004386734552958603	0.004726053944167985	0.3333333333333333	0.25	0.004205320530967429	0.015877047367094985	0.5	0.05555555555555555	0.007646953593671208	0.25	0.004927467762090829
es	0.5	0.006452195671175858	0.5	0.0	0.25	0.006802906196492202	0.015152892791551882	0.006623744791895091	0.006139301670936133	0.006494771926294611	0.07692307692307693	1.0	0.014085895853997221	0.020001599999999998	0.016666666666666666	0.015873015873015872	0.012988362287063585	1.0	0.006493506493506494	1.0	0.3333333333333333	0.006410338593030901	0.006172839506172839	0.006289347731497963	0.009177511489184411	0.007246376811594203	0.0070923494794024435	0.3333333333333333	0.25	0.0065360758682557986	0.019230769230769232	0.5	0.07142857142857142	0.008620912604042805	0.25	0.006756802410518627
fr	0.5	0.001716758513785415	1.0	1.0	0.25	0.0038647491129565783	0.013595620385079386	0.0046982738848489495	0.006494771926294611	0.0018857916503645072	0.07142857142857142	1.0	0.013962203171400088	0.020053755647266792	0.013701821167198348	0.014288163469387754	0.01255240938010172	1.0	0.0017301038062283738	1.0	0.3333333333333333	0.001699731670323201	0.0016784240096701843	0.0016838758630156785	0.008985191555246495	0.0017428980715743024	0.0017323124727294332	0.3333333333333333	0.25	0.0017012387112110296	0.014928046781020271	0.5	0.06666666666666667	0.008142326880860586	0.25	0.00208463190596822
he	0.5	0.07692307692307693	0.5	0.0	0.3333333333333333	0.05555555555555555	0.2	0.05000249999999999	0.07692307692307693	0.07142857142857142	0.050004999999999994	1.0	0.25	0.5	0.0625	0.08333333333333333	0.1111111111111111	1.0	0.07692307692307693	1.0	0.3333333333333333	0.07692899408284024	0.05	0.05263157894736842	0.14287755102040817	0.05	0.1111111111111111	0.3333333333333333	0.5	0.07692307692307693	0.16666666666666666	0.5	0.1	0.14285714285714285	0.25	0.07142857142857142
hi	0.5	1.0	0.5	0.0	1.0	1.0	1.0	1.0	1.0	1.0	1.0	1.0	1.0	1.0	1.0	1.0	1.0	1.0	1.0	1.0	0.3333333333333333	1.0	1.0	1.0	1.0	1.0	0.0	0.3333333333333333	1.0	1.0	1.0	0.5	0.125	1.0	0.25	1.0
hu	0.5	0.013926023592452376	1.0	0.0	0.3333333333333333	0.014712157658090183	0.021874169434736624	0.013776186108466404	0.014085895853997221	0.013962203171400088	0.25	1.0	0.013856919815659209	0.02280760939825673	0.029416090830449822	0.02325851865873445	0.015229057256854056	1.0	0.014084507042253521	1.0	0.3333333333333333	0.013721368973428334	0.01369956839932445	0.014085300535608013	0.01429613923004938	0.01587351977828168	0.014940312330147252	0.3333333333333333	0.5	0.014091453085697477	0.027783179012345678	0.5	0.125	0.014729495964883899	0.25	0.01351515704894083
id	0.5	0.02002683163403684	0.5	0.0	0.5	0.020836805989583332	0.028661502938455468	0.01966028303170061	0.020001599999999998	0.020053755647266792	0.5	1.0	0.02280760939825673	0.01986057807416685	0.04348393194706995	0.026317174515235454	0.022271705401941688	1.0	0.02	1.0	0.3333333333333333	0.020020020015216414	0.0196078431372549	0.020000399999999998	0.021901028688022718	0.022728822314049588	0.02084549219401693	0.3333333333333333	0.3333333333333333	0.0200032	0.03030853994490358	0.5	0.1111111111111111	0.02175758178263613	0.25	0.0200032
it	0.5	0.0138908180941358	0.5	0.0	0.25	0.013158240997229917	0.035719387755102035	0.01266223457811264	0.016666666666666666	0.013701821167198348	0.0625	1.0	0.029416090830449822	0.04348393194706995	0.011378505965943746	0.021739130434782608	0.027778549382716046	1.0	0.014084507042253521	1.0	0.3333333333333333	0.013514974799123449	0.011904761904761904	0.012345679012345678	0.0244015508625818	0.0125	0.016667500000000002	0.3333333333333333	0.25	0.014084705415592145	0.02857142857142857	0.5	0.06666666666666667	0.023810090702947845	0.25	0.014285714285714285
ja	0.5	0.015384852071005919	0.5	1.0	0.25	0.013513513513513514	0.025643656805391192	0.013159972299168975	0.015873015873015872	0.014288163469387754	0.08333333333333333	1.0	0.02325851865873445	0.026317174515235454	0.021739130434782608	0.013166556096607862	0.02127704843820733	1.0	0.015625	1.0	0.3333333333333333	0.015625244140625	0.013157894736842105	0.013333333333333334	0.020838977430989582	0.013513696128560994	0.017857461734693877	0.3333333333333333	0.5	0.015625	0.022222222222222223	0.5	0.06666666666666667	0.021277501131733816	0.25	0.01449317370300357
ko	0.5	0.013182522757238305	0.5	0.0	0.25	0.013161705853706721	0.022312957012244124	0.012553350181470945	0.012988362287063585	0.01255240938010172	0.1111111111111111	1.0	0.015229057256854056	0.022271705401941688	0.027778549382716046	0.02127704843820733	0.01257499721113245	1.0	0.013333333333333334	1.0	0.3333333333333333	0.013171760231494307	0.012659189232494792	0.01250015625	0.014029994328086612	0.015152203856749312	0.01370707919234622	0.3333333333333333	0.5	0.013337422933511289	0.027779320987654316	0.5	0.07692307692307693	0.013902984969153957	0.25	0.01250187515625
lv	0.5	1.0	1.0	0.0	1.0	1.0	1.0	1.0	1.0	1.0	1.0	1.0	1.0	1.0	1.0	1.0	1.0	1.0	1.0	1.0	0.3333333333333333	1.0	1.0	1.0	1.0	1.0	0.0	0.3333333333333333	1.0	1.0	1.0	0.5	0.14285714285714285	1.0	0.25	1.0
mk	0.5	0.0011918951132300357	1.0	1.0	0.3333333333333333	0.002702702702702703	0.012658227848101266	0.00425531914893617	0.006493506493506494	0.0017301038062283738	0.07692307692307693	1.0	0.014084507042253521	0.02	0.014084507042253521	0.015625	0.013333333333333334	1.0	0.0011904761904761906	1.0	0.3333333333333333	0.001199040767386091	0.0012515644555694619	0.0012531328320802004	0.008928571428571428	0.0012406947890818859	0.001430615164520744	0.3333333333333333	0.25	0.0011947431302270011	0.015151515151515152	0.5	0.125	0.0078125	0.25	0.002145922746781116
ml	0.5	1.0	1.0	0.0	1.0	1.0	1.0	1.0	1.0	1.0	1.0	1.0	1.0	1.0	1.0	1.0	1.0	1.0	1.0	1.0	0.3333333333333333	1.0	1.0	1.0	1.0	1.0	0.0	0.3333333333333333	1.0	1.0	1.0	0.5	0.2	1.0	0.25	1.0
mr	0.5	0.3333333333333333	0.0	0.3333333333333333	0.3333333333333333	0.3333333333333333	0.3333333333333333	0.3333333333333333	0.3333333333333333	0.3333333333333333	0.3333333333333333	0.3333333333333333	0.3333333333333333	0.3333333333333333	0.3333333333333333	0.3333333333333333	0.3333333333333333	0.3333333333333333	0.3333333333333333	0.3333333333333333	0.3333333333333333	0.3333333333333333	0.3333333333333333	0.3333333333333333	0.3333333333333333	0.3333333333333333	0.3333333333333333	1.0	0.3333333333333333	0.3333333333333333	0.3333333333333333	0.5	0.3333333333333333	0.3333333333333333	0.3333333333333333	0.3333333333333333
nl	0.5	0.001185994556588847	1.0	1.0	0.25	0.0026964570732413164	0.012841419506636842	0.004198206517258811	0.006410338593030901	0.001699731670323201	0.07692899408284024	1.0	0.013721368973428334	0.020020020015216414	0.013514974799123449	0.015625244140625	0.013171760231494307	1.0	0.001199040767386091	1.0	0.3333333333333333	0.0012446009162693668	0.0012302014285102626	0.0012331657435295503	0.008968606235644026	0.0012152883384691949	0.0014150535513199117	0.3333333333333333	0.25	0.00118453373715995	0.01470826124567474	0.5	0.07142857142857142	0.0077561460257198475	0.25	0.0020881403977711047
pl	0.5	0.0012288001240771192	1.0	1.0	0.25	0.0026385711600448334	0.012659029001762537	0.0039688524975119675	0.006172839506172839	0.0016784240096701843	0.05	1.0	0.01369956839932445	0.0196078431372549	0.011904761904761904	0.013157894736842105	0.012659189232494792	1.0	0.0012515644555694619	1.0	0.3333333333333333	0.0012302014285102626	0.001208866812695401	0.0012239947025344236	0.008773546014158203	0.0012484503624526767	0.0014793840464269452	0.3333333333333333	0.25	0.0012346060067062944	0.014492753623188406	0.5	0.09090909090909091	0.007633820872909504	0.25	0.002066137046649819
pt	0.5	0.0012332220075168643	0.5	1.0	0.25	0.0026246856938158323	0.012821005917159761	0.004016451460492573	0.006289347731497963	0.0016838758630156785	0.05263157894736842	1.0	0.014085300535608013	0.020000399999999998	0.012345679012345678	0.013333333333333334	0.01250015625	1.0	0.0012531328320802004	1.0	0.3333333333333333	0.0012331657435295503	0.0012239947025344236	0.0012168145593871064	0.008850419140183256	0.0012594474300325488	0.001481545136899862	0.3333333333333333	0.25	0.0012391834766732844	0.014492753623188406	0.5	0.0625	0.007692544378698225	0.25	0.0020746974053477037
ro	0.5	0.00900356573342014	0.5	0.0	0.3333333333333333	0.00918619419386056	0.018108383823045276	0.00892076159720933	0.009177511489184411	0.008985191555246495	0.14287755102040817	1.0	0.01429613923004938	0.021901028688022718	0.0244015508625818	0.020838977430989582	0.014029994328086612	1.0	0.008928571428571428	1.0	0.3333333333333333	0.008968606235644026	0.008773546014158203	0.008850419140183256	0.009459055096773278	0.010990701968361308	0.009285140313423191	0.3333333333333333	0.3333333333333333	0.008940786457145534	0.024399763236168947	0.5	0.1	0.009474180760407033	0.25	0.0087756250393201
ru	0.5	0.0012184363904124687	0.5	1.0	0.25	0.002824938555332121	0.014707612673010382	0.004386734552958603	0.007246376811594203	0.0017428980715743024	0.05	1.0	0.01587351977828168	0.022728822314049588	0.0125	0.013513696128560994	0.015152203856749312	1.0	0.0012406947890818859	1.0	0.3333333333333333	0.0012152883384691949	0.0012484503624526767	0.0012594474300325488	0.010990701968361308	0.0011997097835619226	0.001470741794982698	0.3333333333333333	0.25	0.0012240591275661464	0.014492963663095989	0.5	0.06666666666666667	0.009346143768014672	0.25	0.002164534959989505
sh	0.5	0.0013898926857522941	1.0	1.0	0.3333333333333333	0.003534243266878098	0.014102779834799115	0.004726053944167985	0.0070923494794024435	0.0017323124727294332	0.1111111111111111	0.0	0.014940312330147252	0.02084549219401693	0.016667500000000002	0.017857461734693877	0.01370707919234622	0.0	0.001430615164520744	0.0	0.3333333333333333	0.0014150535513199117	0.0014793840464269452	0.001481545136899862	0.009285140313423191	0.001470741794982698	0.0014244710668797184	0.3333333333333333	0.5	0.0013895431618326465	0.016667500000000002	0.5	0.125	0.00833645923659736	0.25	0.0021369850244767697
si	1.0	0.3333333333333333	0.5	0.3333333333333333	0.3333333333333333	0.3333333333333333	0.3333333333333333	0.3333333333333333	0.3333333333333333	0.3333333333333333	0.3333333333333333	0.3333333333333333	0.3333333333333333	0.3333333333333333	0.3333333333333333	0.3333333333333333	0.3333333333333333	0.3333333333333333	0.3333333333333333	0.3333333333333333	1.0	0.3333333333333333	0.3333333333333333	0.3333333333333333	0.3333333333333333	0.3333333333333333	0.3333333333333333	0.3333333333333333	0.3333333333333333	0.3333333333333333	0.3333333333333333	1.0	0.3333333333333333	0.3333333333333333	0.5	0.3333333333333333
simple	0.5	0.25	1.0	0.0	0.5	0.25	1.0	0.25	0.25	0.25	0.5	1.0	0.5	0.3333333333333333	0.25	0.5	0.5	1.0	0.25	1.0	0.3333333333333333	0.25	0.25	0.25	0.3333333333333333	0.25	0.5	0.3333333333333333	0.25	0.25	0.3333333333333333	0.5	0.1111111111111111	0.3333333333333333	0.25	0.25
sr	0.5	0.0011635619921446928	1.0	1.0	0.25	0.002674089951106702	0.012664799070982216	0.004205320530967429	0.0065360758682557986	0.0017012387112110296	0.07692307692307693	1.0	0.014091453085697477	0.0200032	0.014084705415592145	0.015625	0.013337422933511289	1.0	0.0011947431302270011	1.0	0.3333333333333333	0.00118453373715995	0.0012346060067062944	0.0012391834766732844	0.008940786457145534	0.0012240591275661464	0.0013895431618326465	0.3333333333333333	0.25	0.0011775484394875985	0.015151744719926538	0.5	0.1	0.007753200048074033	0.25	0.0021053783933518005
sv	0.5	0.014926932501670749	1.0	1.0	0.3333333333333333	0.014492963663095989	0.028579596737144487	0.015877047367094985	0.019230769230769232	0.014928046781020271	0.16666666666666666	1.0	0.027783179012345678	0.03030853994490358	0.02857142857142857	0.022222222222222223	0.027779320987654316	1.0	0.015151515151515152	1.0	0.3333333333333333	0.01470826124567474	0.014492753623188406	0.014492753623188406	0.024399763236168947	0.014492963663095989	0.016667500000000002	0.3333333333333333	0.3333333333333333	0.015151744719926538	0.014303696147989835	0.5	0.07692307692307693	0.024391433670434264	0.25	0.015873015873015872
te	0.5	0.5	0.0	0.5	0.5	0.5	0.5	0.5	0.5	0.5	0.5	0.5	0.5	0.5	0.5	0.5	0.5	0.5	0.5	0.5	0.5	0.5	0.5	0.5	0.5	0.5	0.5	1.0	0.5	0.5	0.5	0.5	0.5	0.5	0.5	0.5
tr	0.5	0.14287755102040817	-1.0	0.125	0.16666666666666666	0.07142857142857142	0.125	0.05555555555555555	0.07142857142857142	0.06666666666666667	0.1	0.125	0.125	0.1111111111111111	0.06666666666666667	0.06666666666666667	0.07692307692307693	0.14285714285714285	0.125	0.2	0.3333333333333333	0.07142857142857142	0.09090909090909091	0.0625	0.1	0.06666666666666667	0.125	0.3333333333333333	0.1111111111111111	0.1	0.07692307692307693	0.5	0.055574074074074074	0.1111111111111111	0.25	0.0625
vi	0.5	0.007700304387465039	0.5	0.0	0.25	0.008065621878316859	0.01787981445062219	0.007646953593671208	0.008620912604042805	0.008142326880860586	0.14285714285714285	1.0	0.014729495964883899	0.02175758178263613	0.023810090702947845	0.021277501131733816	0.013902984969153957	1.0	0.0078125	1.0	0.3333333333333333	0.0077561460257198475	0.007633820872909504	0.007692544378698225	0.009474180760407033	0.009346143768014672	0.00833645923659736	0.3333333333333333	0.3333333333333333	0.007753200048074033	0.024391433670434264	0.5	0.1111111111111111	0.007696985436702947	0.25	0.008130345693700839
war	0.5	0.25	1.0	0.25	0.25	0.25	0.25	0.25	0.25	0.25	0.25	0.25	0.25	0.25	0.25	0.25	0.25	0.25	0.25	0.25	0.3333333333333333	0.25	0.25	0.25	0.25	0.25	0.25	0.5	0.25	0.25	0.25	0.5	0.25	0.25	0.25006256256256254	0.25
zh	0.5	0.0020928514514715084	0.5	1.0	0.25	0.004291919173313194	0.013892941550925924	0.004927467762090829	0.006756802410518627	0.00208463190596822	0.07142857142857142	1.0	0.01351515704894083	0.0200032	0.014285714285714285	0.01449317370300357	0.01250187515625	1.0	0.002145922746781116	1.0	0.3333333333333333	0.0020881403977711047	0.002066137046649819	0.0020746974053477037	0.0087756250393201	0.002164534959989505	0.0021369850244767697	0.3333333333333333	0.25	0.0021053783933518005	0.015873015873015872	0.5	0.0625	0.008130345693700839	0.25	0.002055839859161071
