arz	bs	ceb	ckb	da	de	el	en	es	fr	he	hi	hu	id	it	ja	ko	lv	mk	ml	mr	nl	pl	pt	ro	ru	sh	si	simple	sr	sv	te	vi	war	zh
arz	1.0	0.32449979983983984	1.0	1.0	0.2449655295864104	0.4142135623730951	1.0	0.14923419446018063	0.5	0.25355482027512377	1.0	1.0	0.28172904669025317	0.28436465220442186	0.18740992571549211	1.0	1.0	1.0	1.0	1.0	1.0	0.3333333333333333	0.3090169943749474	0.32449979983983984	0.21290885543182675	1.0	0.23329952500316292	1.0	0.5	1.0	0.21551468935838852	1.0	0.3430703308172536	1.0	1.0
bs	0.32449979983983984	1.0	0.1779738764024757	0.585786437626905	0.07852091261182029	0.06968646167210327	0.08156897042785091	0.059969876491053634	0.06649276261171395	0.07231518654393179	0.07717085030353096	0.22584440001865322	0.07659715067238353	0.07780121570702293	0.0642158956945531	0.06772360688560321	0.10542649822871226	0.1506217166217102	0.14118784806383944	0.25	0.2742918851774318	0.06765707196096887	0.06740934288034144	0.06716437959548376	0.09027788248637594	0.06680999566825764	0.06910859291273715	0.585786437626905	0.10447275778391693	0.07454814709522237	0.06599373816335302	1.0	0.15331120368114	0.18368518446174903	0.06680999566825764
ceb	1.0	0.1779738764024757	1.0	1.0	0.07142857142857142	0.13484129921095564	1.0	0.007704273002796162	0.14593533700330263	0.04688400782538134	0.585786437626905	0.585786437626905	0.04210769861017358	0.09090909090909091	0.0552763080344957	0.585786437626905	0.585786437626905	0.3430703308172536	1.0	1.0	1.0	0.10908686142523845	0.1306195038549075	0.10947758917557471	0.08096165597907903	0.44948974278317805	0.1089898579081592	1.0	0.2612038749637414	0.5	0.0636181176326243	1.0	0.13879564861321142	0.585786437626905	0.585786437626905
ckb	1.0	0.585786437626905	1.0	1.0	0.3430703308172536	0.585786437626905	1.0	0.44948974278317805	1.0	0.44948974278317805	1.0	1.0	0.353889367864523	0.39564392373896007	0.44948974278317805	1.0	1.0	1.0	1.0	1.0	1.0	1.0	0.585786437626905	0.38742588672279304	0.44948974278317805	1.0	1.0	1.0	0.5	1.0	1.0	1.0	0.585786437626905	1.0	1.0
da	0.2449655295864104	0.07852091261182029	0.07142857142857142	0.3430703308172536	1.0	0.007539409325735884	0.018381356375412355	0.010155825532922444	0.008076709390264286	0.007923364692164744	0.010114877008412309	0.10310703884553472	0.009875690539567559	0.011561115440498523	0.008040772387458817	0.008728130585857105	0.012030333717158212	0.05455976077706962	0.05399911783867296	0.046620843741830884	0.19292728076790167	0.008303708747813665	0.008200508311016312	0.00806226537376816	0.01678057962564393	0.007950040006083452	0.011198013199238027	0.5	0.026524858739152588	0.012716246562885704	0.008288981168996012	0.44948974278317805	0.01397052165797709	0.06187373611356507	0.009810113188138249
de	0.4142135623730951	0.06968646167210327	0.13484129921095564	0.585786437626905	0.007539409325735884	1.0	0.11189119247086729	0.0015788941223906319	0.018916571241595858	0.0020399109440912295	0.10575556400913307	0.27429188517743175	0.004633403433125328	0.006081614817264311	0.002209450730735273	0.09450695653747565	0.14518338349164053	0.19219040425836986	0.3090169943749474	0.3203772410170407	0.39564392373896	0.0057496016078263795	0.007580650926207476	0.004448336580672052	0.008109529020525058	0.042014484007532715	0.0056978163641818675	1.0	0.08904186014934282	0.13472338607037426	0.003759356054611053	0.5	0.017587858099051834	0.34833147735478825	0.09358879321382113
el	1.0	0.08156897042785091	1.0	1.0	0.018381356375412355	0.11189119247086729	1.0	0.0049415317034809635	0.0966629016901636	0.022344923340042674	1.0	1.0	0.015544668108674676	0.05120522730160582	0.008196330134927234	1.0	1.0	0.38742588672279304	1.0	1.0	1.0	0.06358622570942972	0.05888670987369097	0.06279981008075396	0.026745132094946795	0.5	0.03236263468695644	1.0	0.13178933105660948	0.585786437626905	0.05439116564552269	1.0	0.07657333171278054	0.585786437626905	1.0
en	0.14923419446018063	0.059969876491053634	0.007704273002796162	0.44948974278317805	0.010155825532922444	0.0015788941223906319	0.0049415317034809635	1.0	0.0023239559325960776	0.005140375846265005	0.0046676861522685345	0.04030773033199603	0.008498282971959713	0.007257012600758056	0.008051951580399673	0.004280930645525065	0.006985761688833556	0.07684102926018652	0.0458533612191778	0.04356732753507324	0.20386840968093525	0.0033195430090626533	0.00329007233720788	0.003909091480602539	0.010286771075960738	0.0024353908030214423	0.006863417657250373	0.44948974278317805	0.046982010220948646	0.0072985268854900065	0.005062730717355258	0.5	0.006910993293027594	0.10059182475159739	0.004162586640092221
es	0.5	0.06649276261171395	0.14593533700330263	1.0	0.008076709390264286	0.018916571241595858	0.0966629016901636	0.0023239559325960776	1.0	0.00275930623022525	0.08704668331836253	0.28436465220442186	0.005110295435523593	0.006588465079114719	0.002775472996128726	0.07291382208614379	0.10389023789017889	0.19675422795565728	0.23166247903554	0.2791745113185196	0.585786437626905	0.009092633198328348	0.01436123000722469	0.005277029204666151	0.008654033615896999	0.0402218575772255	0.0060085780967390956	1.0	0.09610143347083158	0.11678057225045578	0.004661651469372675	1.0	0.015139404568543617	0.38742588672279304	0.08352339513799131
fr	0.25355482027512377	0.07231518654393179	0.04688400782538134	0.44948974278317805	0.007923364692164744	0.0020399109440912295	0.022344923340042674	0.005140375846265005	0.00275930623022525	1.0	0.0083623033434304	0.1306378178066286	0.005400498081217792	0.006174978528872611	0.004441459408907759	0.0075392951689341875	0.02860630688389309	0.15208054805125862	0.1368970350053999	0.12729683913915313	0.3660254037844386	0.003644018243355535	0.003717227360952008	0.004086660873178275	0.008624624889318247	0.0031158421194117793	0.005731243289098515	1.0	0.07466953029129329	0.03143675297232565	0.004507629751362067	0.5	0.01272235735968493	0.2674788903885893	0.0074362385466016645
he	1.0	0.07717085030353096	0.585786437626905	1.0	0.010114877008412309	0.10575556400913307	1.0	0.0046676861522685345	0.08704668331836253	0.0083623033434304	1.0	1.0	0.009205112960768145	0.014901886572845618	0.00794260119596015	1.0	1.0	0.24336073281110826	1.0	1.0	1.0	0.04846666239061464	0.04679118064604677	0.0391779368114335	0.013542226153570034	0.44948974278317805	0.014436080519276973	1.0	0.10210398216832245	0.5	0.019011967231198135	1.0	0.028872868714002627	0.585786437626905	1.0
hi	1.0	0.22584440001865322	0.585786437626905	1.0	0.10310703884553472	0.27429188517743175	1.0	0.04030773033199603	0.28436465220442186	0.1306378178066286	1.0	1.0	0.11519216806670013	0.11869969889069283	0.13957875683699938	1.0	1.0	0.44948974278317805	1.0	1.0	1.0	0.25728427444747215	0.2012628451930092	0.1827439976315568	0.11078195304396529	1.0	0.14700913454621642	1.0	0.2240092377397959	1.0	0.16952084719853724	1.0	0.1896812679802183	1.0	1.0
hu	0.28172904669025317	0.07659715067238353	0.04210769861017358	0.353889367864523	0.009875690539567559	0.004633403433125328	0.015544668108674676	0.008498282971959713	0.005110295435523593	0.005400498081217792	0.009205112960768145	0.11519216806670013	1.0	0.008939694295112153	0.0063551283554997475	0.006475034973966107	0.012866347841189325	0.1101469728049851	0.062113078724852416	0.09899733557210628	0.2572842744474721	0.005859562912949438	0.005860813905216577	0.005696277831404312	0.01332997659697967	0.005310226787187275	0.008804355888354312	0.585786437626905	0.0722811709647004	0.018547343800004456	0.006402104454980581	1.0	0.012898109261217967	0.16015261286229274	0.007333228441610534
id	0.28436465220442186	0.07780121570702293	0.09090909090909091	0.39564392373896007	0.011561115440498523	0.006081614817264311	0.05120522730160582	0.007257012600758056	0.006588465079114719	0.006174978528872611	0.014901886572845618	0.11869969889069283	0.008939694295112153	1.0	0.006477237364966017	0.00959214605471096	0.0388216287684312	0.11383557353039307	0.11825166214144507	0.10725236093688047	0.36602540378443865	0.009068717205054823	0.008763011043476062	0.007985596648313905	0.013501831980402503	0.007580947190919565	0.018360918883728056	1.0	0.08995380050779338	0.04110896539125428	0.00910384373923302	0.585786437626905	0.029541788112222012	0.1987625491245426	0.012764863533824264
it	0.18740992571549211	0.0642158956945531	0.0552763080344957	0.44948974278317805	0.008040772387458817	0.002209450730735273	0.008196330134927234	0.008051951580399673	0.002775472996128726	0.004441459408907759	0.00794260119596015	0.13957875683699938	0.0063551283554997475	0.006477237364966017	1.0	0.005829951840013922	0.017703157242883922	0.12546776648915225	0.09674633326236688	0.11606619483971768	0.28436465220442186	0.0036938880726159118	0.0036300151563155424	0.003986244406816297	0.008571152539463294	0.0030721090422043207	0.006247216858920086	0.39564392373896007	0.07544123424153414	0.024722672881820982	0.0044083857903617785	0.3797958971132712	0.01299699880190621	0.2204812092115424	0.0059651160701413115
ja	1.0	0.06772360688560321	0.585786437626905	1.0	0.008728130585857105	0.09450695653747565	1.0	0.004280930645525065	0.07291382208614379	0.0075392951689341875	1.0	1.0	0.006475034973966107	0.00959214605471096	0.005829951840013922	1.0	1.0	0.24336073281110826	1.0	1.0	1.0	0.04061087233488523	0.04959568817404664	0.025067864083400417	0.010953470313804397	0.5	0.010362056447764674	1.0	0.10218311095269711	0.5	0.010640254174968609	1.0	0.029139513389578566	0.585786437626905	1.0
ko	1.0	0.10542649822871226	0.585786437626905	1.0	0.012030333717158212	0.14518338349164053	1.0	0.006985761688833556	0.10389023789017889	0.02860630688389309	1.0	1.0	0.012866347841189325	0.0388216287684312	0.017703157242883922	1.0	1.0	0.26533119314590375	1.0	1.0	1.0	0.08654546957941131	0.08011620203643229	0.06346645703978641	0.016301105455609595	0.5	0.03608417347434151	1.0	0.11624350569540993	0.5	0.05602553946315842	1.0	0.06252895574195338	0.585786437626905	1.0
lv	1.0	0.1506217166217102	0.3430703308172536	1.0	0.05455976077706962	0.19219040425836986	0.38742588672279304	0.07684102926018652	0.19675422795565728	0.15208054805125862	0.24336073281110826	0.44948974278317805	0.1101469728049851	0.11383557353039307	0.12546776648915225	0.24336073281110826	0.26533119314590375	1.0	0.4142135623730951	0.5	0.585786437626905	0.19146256355088964	0.14956087350246788	0.16855212267069633	0.11941744089620517	0.23166247903554	0.1346057977023629	1.0	0.19675422795565728	0.25355482027512377	0.14794976728674608	1.0	0.16760090740494846	0.44948974278317805	0.25728427444747215
mk	1.0	0.14118784806383944	1.0	1.0	0.05399911783867296	0.3090169943749474	1.0	0.0458533612191778	0.23166247903554	0.1368970350053999	1.0	1.0	0.062113078724852416	0.11825166214144507	0.09674633326236688	1.0	1.0	0.4142135623730951	1.0	1.0	1.0	0.15102574277849928	0.1983555576735248	0.16879264089884097	0.09711852443828727	1.0	0.14459058185587106	1.0	0.23166247903554	1.0	0.1104422989713269	1.0	0.22901628833426058	1.0	1.0
ml	1.0	0.25	1.0	1.0	0.046620843741830884	0.3203772410170407	1.0	0.04356732753507324	0.2791745113185196	0.12729683913915313	1.0	1.0	0.09899733557210628	0.10725236093688047	0.11606619483971768	1.0	1.0	0.5	1.0	1.0	1.0	0.20894541729001367	0.2012628451930092	0.18660549686337075	0.09137768480894683	1.0	0.10414144201428256	1.0	0.25728427444747215	1.0	0.1437155838813476	1.0	0.2070518364164892	1.0	1.0
mr	1.0	0.2742918851774318	1.0	1.0	0.19292728076790167	0.39564392373896	1.0	0.20386840968093525	0.585786437626905	0.3660254037844386	1.0	1.0	0.2572842744474721	0.36602540378443865	0.28436465220442186	1.0	1.0	0.585786437626905	1.0	1.0	1.0	0.585786437626905	0.4142135623730951	0.36602540378443865	0.27429188517743175	1.0	0.2612038749637415	1.0	0.4142135623730951	1.0	0.38742588672279304	1.0	0.2791745113185196	1.0	1.0
nl	0.3333333333333333	0.06765707196096887	0.10908686142523845	1.0	0.008303708747813665	0.0057496016078263795	0.06358622570942972	0.0033195430090626533	0.009092633198328348	0.003644018243355535	0.04846666239061464	0.25728427444747215	0.005859562912949438	0.009068717205054823	0.0036938880726159118	0.04061087233488523	0.08654546957941131	0.19146256355088964	0.15102574277849928	0.20894541729001367	0.585786437626905	1.0	0.016101515626881818	0.011277919491228201	0.010145609916460527	0.011569555810864858	0.00733857303427226	1.0	0.09060047166536668	0.07505798404622972	0.00632541366578352	1.0	0.016696678541784474	0.28708594921778513	0.04421654975060008
pl	0.3090169943749474	0.06740934288034144	0.1306195038549075	0.585786437626905	0.008200508311016312	0.007580650926207476	0.05888670987369097	0.00329007233720788	0.01436123000722469	0.003717227360952008	0.04679118064604677	0.2012628451930092	0.005860813905216577	0.008763011043476062	0.0036300151563155424	0.04959568817404664	0.08011620203643229	0.14956087350246788	0.1983555576735248	0.2012628451930092	0.4142135623730951	0.016101515626881818	1.0	0.013253978320721806	0.009259416089586758	0.015087251951470836	0.007613502955590915	0.585786437626905	0.08961585204853459	0.09713302143908431	0.007492679459620427	0.585786437626905	0.024329113510999412	0.23582845781094	0.05382596049106151
pt	0.32449979983983984	0.06716437959548376	0.10947758917557471	0.38742588672279304	0.00806226537376816	0.004448336580672052	0.06279981008075396	0.003909091480602539	0.005277029204666151	0.004086660873178275	0.0391779368114335	0.1827439976315568	0.005696277831404312	0.007985596648313905	0.003986244406816297	0.025067864083400417	0.06346645703978641	0.16855212267069633	0.16879264089884097	0.18660549686337075	0.36602540378443865	0.011277919491228201	0.013253978320721806	1.0	0.009325993216624286	0.0073292912569085655	0.007563809973287263	0.5	0.08674130779514892	0.06802310954772356	0.005706214045696163	0.585786437626905	0.016241709652027043	0.2674788903885893	0.03872561039379969
ro	0.21290885543182675	0.09027788248637594	0.08096165597907903	0.44948974278317805	0.01678057962564393	0.008109529020525058	0.026745132094946795	0.010286771075960738	0.008654033615896999	0.008624624889318247	0.013542226153570034	0.11078195304396529	0.01332997659697967	0.013501831980402503	0.008571152539463294	0.010953470313804397	0.016301105455609595	0.11941744089620517	0.09711852443828727	0.09137768480894683	0.27429188517743175	0.010145609916460527	0.009259416089586758	0.009325993216624286	1.0	0.00916992648271796	0.013996520657170159	0.585786437626905	0.07276561924415893	0.014804864665678171	0.009903021725062296	0.585786437626905	0.01657373377750364	0.1233603071065848	0.011882983893024043
ru	1.0	0.06680999566825764	0.44948974278317805	1.0	0.007950040006083452	0.042014484007532715	0.5	0.0024353908030214423	0.0402218575772255	0.0031158421194117793	0.44948974278317805	1.0	0.005310226787187275	0.007580947190919565	0.0030721090422043207	0.5	0.5	0.23166247903554	1.0	1.0	1.0	0.011569555810864858	0.015087251951470836	0.0073292912569085655	0.00916992648271796	1.0	0.006655805363413073	1.0	0.0907032043003187	0.4142135623730951	0.00476448911347622	1.0	0.026508503886906468	0.5	0.585786437626905
sh	0.23329952500316292	0.06910859291273715	0.1089898579081592	1.0	0.011198013199238027	0.0056978163641818675	0.03236263468695644	0.006863417657250373	0.0060085780967390956	0.005731243289098515	0.014436080519276973	0.14700913454621642	0.008804355888354312	0.018360918883728056	0.006247216858920086	0.010362056447764674	0.03608417347434151	0.1346057977023629	0.14459058185587106	0.10414144201428256	0.2612038749637415	0.00733857303427226	0.007613502955590915	0.007563809973287263	0.013996520657170159	0.006655805363413073	1.0	0.585786437626905	0.0869745309304814	0.030732265631229706	0.00806870100532865	0.585786437626905	0.027176337126369795	0.17826035697019474	0.011097521507966036
si	1.0	0.585786437626905	1.0	1.0	0.5	1.0	1.0	0.44948974278317805	1.0	1.0	1.0	1.0	0.585786437626905	1.0	0.39564392373896007	1.0	1.0	1.0	1.0	1.0	1.0	1.0	0.585786437626905	0.5	0.585786437626905	1.0	0.585786437626905	1.0	1.0	1.0	1.0	1.0	0.5	1.0	1.0
simple	0.5	0.10447275778391693	0.2612038749637414	0.5	0.026524858739152588	0.08904186014934282	0.13178933105660948	0.046982010220948646	0.09610143347083158	0.07466953029129329	0.10210398216832245	0.2240092377397959	0.0722811709647004	0.08995380050779338	0.07544123424153414	0.10218311095269711	0.11624350569540993	0.19675422795565728	0.23166247903554	0.25728427444747215	0.4142135623730951	0.09060047166536668	0.08961585204853459	0.08674130779514892	0.07276561924415893	0.0907032043003187	0.0869745309304814	1.0	1.0	0.13113537317927687	0.08456813895508576	1.0	0.09372475462602009	0.2898979485566356	0.10703588113477674
sr	1.0	0.07454814709522237	0.5	1.0	0.012716246562885704	0.13472338607037426	0.585786437626905	0.0072985268854900065	0.11678057225045578	0.03143675297232565	0.5	1.0	0.018547343800004456	0.04110896539125428	0.024722672881820982	0.5	0.5	0.25355482027512377	1.0	1.0	1.0	0.07505798404622972	0.09713302143908431	0.06802310954772356	0.014804864665678171	0.4142135623730951	0.030732265631229706	1.0	0.13113537317927687	1.0	0.04099819134622538	1.0	0.07505798404622974	0.5	0.5
sv	0.21551468935838852	0.06599373816335302	0.0636181176326243	1.0	0.008288981168996012	0.003759356054611053	0.05439116564552269	0.005062730717355258	0.004661651469372675	0.004507629751362067	0.019011967231198135	0.16952084719853724	0.006402104454980581	0.00910384373923302	0.0044083857903617785	0.010640254174968609	0.05602553946315842	0.14794976728674608	0.1104422989713269	0.1437155838813476	0.38742588672279304	0.00632541366578352	0.007492679459620427	0.005706214045696163	0.009903021725062296	0.00476448911347622	0.00806870100532865	1.0	0.08456813895508576	0.04099819134622538	1.0	0.585786437626905	0.01827688778256078	0.1975496259559987	0.010904176584798813
te	1.0	1.0	1.0	1.0	0.44948974278317805	0.5	1.0	0.5	1.0	0.5	1.0	1.0	1.0	0.585786437626905	0.3797958971132712	1.0	1.0	1.0	1.0	1.0	1.0	1.0	0.585786437626905	0.585786437626905	0.585786437626905	1.0	0.585786437626905	1.0	1.0	1.0	0.585786437626905	1.0	0.585786437626905	1.0	1.0
vi	0.3430703308172536	0.15331120368114	0.13879564861321142	0.585786437626905	0.01397052165797709	0.017587858099051834	0.07657333171278054	0.006910993293027594	0.015139404568543617	0.01272235735968493	0.028872868714002627	0.1896812679802183	0.012898109261217967	0.029541788112222012	0.01299699880190621	0.029139513389578566	0.06252895574195338	0.16760090740494846	0.22901628833426058	0.2070518364164892	0.2791745113185196	0.016696678541784474	0.024329113510999412	0.016241709652027043	0.01657373377750364	0.026508503886906468	0.027176337126369795	0.5	0.09372475462602009	0.07505798404622974	0.01827688778256078	0.585786437626905	1.0	0.20431344577759822	0.03332694949275222
war	1.0	0.18368518446174903	0.585786437626905	1.0	0.06187373611356507	0.34833147735478825	0.585786437626905	0.10059182475159739	0.38742588672279304	0.2674788903885893	0.585786437626905	1.0	0.16015261286229274	0.1987625491245426	0.2204812092115424	0.585786437626905	0.585786437626905	0.44948974278317805	1.0	1.0	1.0	0.28708594921778513	0.23582845781094	0.2674788903885893	0.1233603071065848	0.5	0.17826035697019474	1.0	0.2898979485566356	0.5	0.1975496259559987	1.0	0.20431344577759822	1.0	0.585786437626905
zh	1.0	0.06680999566825764	0.585786437626905	1.0	0.009810113188138249	0.09358879321382113	1.0	0.004162586640092221	0.08352339513799131	0.0074362385466016645	1.0	1.0	0.007333228441610534	0.012764863533824264	0.0059651160701413115	1.0	1.0	0.25728427444747215	1.0	1.0	1.0	0.04421654975060008	0.05382596049106151	0.03872561039379969	0.011882983893024043	0.585786437626905	0.011097521507966036	1.0	0.10703588113477674	0.5	0.010904176584798813	1.0	0.03332694949275222	0.585786437626905	1.0
