arz	bs	ceb	ckb	da	de	el	en	es	fr	he	hi	hu	id	it	ja	ko	lv	mk	ml	mr	nl	pl	pt	ro	ru	sh	si	simple	sr	sv	te	vi	war	zh
arz	1.0	0.6308488926841176	1.0	1.0	0.2425085475129317	1.0	1.0	0.25341201743496095	0.3510187802605227	0.48471738042927337	1.0	1.0	0.34605179164954597	0.47443291138898525	0.3321753090391589	1.0	1.0	1.0	1.0	1.0	1.0	0.43444433577671826	0.46331130510848206	0.409605315692209	0.32520666737459014	0.7028911840705583	0.46956227753249813	1.0	0.653200231972572	1.0	0.48066173568742177	1.0	0.46360522059917214	1.0	1.0
bs	0.6308488926841176	1.0	0.4166442706626491	0.3273052865492966	0.25614813938909053	0.24977899436709727	0.3389200543110197	0.17219788917007015	0.16724547354926061	0.28995828964125325	0.3383097561317573	0.5605153071057355	0.22919248623407157	0.19634859582857692	0.2951332883560575	0.3200301471833157	0.3472250592454727	0.4267347479228145	0.4491791757657641	0.43738372196834857	0.6254303192325078	0.2971940932592682	0.30265825167622734	0.28941444876232447	0.27588949621487846	0.31143581693815686	0.1760200234313494	1.0	0.31678112044154483	0.1963173512232736	0.3052146952020116	1.0	0.3318327498385799	0.439862997127746	0.3114358169381569
ceb	1.0	0.4166442706626491	1.0	1.0	0.22791846540413896	0.18912146840506455	0.6980834559209276	0.12573898451900717	0.2916542654971752	0.15372482583638386	1.0	1.0	0.17400605368126826	0.21730164667143587	0.17327687523728263	0.6953009332395164	1.0	0.5589284409954081	1.0	1.0	1.0	0.2501207484455607	0.2139588972470507	0.22225441248536865	0.22982730530882936	0.6912453074616123	0.22427190613981224	1.0	0.4277101285406336	0.6982344021713166	0.15204789045377604	1.0	0.2564502783209713	1.0	0.6948828394802085
ckb	1.0	0.3273052865492966	1.0	1.0	0.5554883276507382	0.7162976956558117	1.0	0.44016157974078546	0.6475250169846578	0.6487871090048528	1.0	1.0	0.38081269864960954	0.6549329476340925	0.6487871090048528	1.0	1.0	1.0	1.0	1.0	1.0	1.0	0.7199285383279772	0.6487871090048527	0.5601449058260696	1.0	1.0	1.0	0.6332460537063271	1.0	0.6102470946685321	1.0	0.44068037154551526	1.0	1.0
da	0.2425085475129317	0.25614813938909053	0.22791846540413896	0.5554883276507382	1.0	0.11288429664080363	0.15525069884885312	0.09837096184092642	0.1121501361382382	0.11021526168838651	0.13842479329534252	0.1865047183359894	0.10480574875025374	0.12163306435327624	0.10223796126496974	0.13172752553452396	0.1419899701792282	0.20594463196251006	0.2324464524163919	0.20715585703972036	0.30491842700209876	0.11745386095445226	0.11390224166469091	0.11134529369856908	0.13144019478413801	0.12126536908305999	0.11651183519812798	0.4023145888614566	0.1804814784571505	0.15131631641631646	0.10441301309632407	0.5939507646227579	0.13108524295789997	0.22201956329581862	0.14592112781912975
de	1.0	0.24977899436709727	0.18912146840506455	0.7162976956558117	0.11288429664080363	1.0	0.18921974072332245	0.05658118425019941	0.07050658681355201	0.05416726695239993	0.17682978482793316	0.47498359056870304	0.09177144955761012	0.0935676324520148	0.060920777002861075	0.1808151425921453	0.27991988652301647	0.30681250251266856	0.3148274665489206	0.4803830216759119	0.7075325319701224	0.07688984695079595	0.07606791178970462	0.06898525052532882	0.12043105376424239	0.10516561255474789	0.09436181835448863	1.0	0.19602050603373986	0.20009052049098872	0.06450493616359153	0.7199285383279773	0.12630933223705776	0.4380699772297187	0.18880399032280035
el	1.0	0.3389200543110197	0.6980834559209276	1.0	0.15525069884885312	0.18921974072332245	1.0	0.10556097989737959	0.183143612656481	0.12383615653051133	1.0	1.0	0.12031918201538015	0.16191971014164705	0.1158210411899839	1.0	1.0	0.4031692959416404	1.0	1.0	1.0	0.15301257810988467	0.17992493330366743	0.1472391872586722	0.16467618672668383	0.6877137413724039	0.14014841278451917	1.0	0.2835412408873869	1.0	0.14236273210881667	1.0	0.19507770751187337	0.7039424865283899	1.0
en	0.25341201743496095	0.17219788917007015	0.12573898451900717	0.44016157974078546	0.09837096184092642	0.05658118425019941	0.10556097989737959	1.0	0.06566643923532327	0.05303516147367096	0.10389917999664218	0.1620780887563502	0.07658544981964824	0.0751833914466404	0.058326327375039115	0.10187702460571814	0.12083053525565814	0.19694978628622456	0.18283176873212392	0.1923740988234488	0.3544944625731747	0.06658014632593354	0.06734279366712846	0.06177626747092189	0.09840995979597686	0.09148806754915464	0.07424455075028392	0.661251134120194	0.1539985007195855	0.10656784194886697	0.05783251224911722	0.5643198815449839	0.08926877627972066	0.20625567134835182	0.10141615488981175
es	0.3510187802605227	0.16724547354926061	0.2916542654971752	0.6475250169846578	0.1121501361382382	0.07050658681355201	0.183143612656481	0.06566643923532327	1.0	0.05881201410580134	0.15552225768132735	0.35620489042770753	0.09332908711611843	0.0931466158860241	0.0618623096955502	0.13812143414391695	0.19273801140733932	0.2371265356126397	0.2885362593614681	0.30218805617824074	0.358131550232335	0.07960012562969182	0.07748849940003781	0.06897100165111306	0.11897780733378695	0.10117427943407829	0.08626296024761111	0.5969819612641136	0.18159171315445774	0.1985185660545484	0.06578650660883738	0.7221793916855703	0.12061001242511633	0.33351092768084306	0.15863499257134028
fr	0.48471738042927337	0.28995828964125325	0.15372482583638386	0.6487871090048528	0.11021526168838651	0.05416726695239993	0.12383615653051133	0.05303516147367096	0.05881201410580134	1.0	0.11418870644893446	0.2780601172036191	0.08096630543473445	0.08374607753507617	0.05428117458539798	0.10089820111651408	0.14580790245953806	0.26125366571313074	0.2808212437314804	0.2851507005093686	0.44234375569057927	0.06396747981042991	0.06428488538847776	0.05900228807135472	0.1089263419037191	0.07360005816692798	0.0762083492938009	1.0	0.17934077666183493	0.15511914572860297	0.05806467057808339	0.7199285383279772	0.10985059734286236	0.3522328256498093	0.10858631838557284
he	1.0	0.3383097561317573	1.0	1.0	0.13842479329534252	0.17682978482793316	1.0	0.10389917999664218	0.15552225768132735	0.11418870644893446	1.0	1.0	0.11704476385964648	0.13357963113751176	0.10582797014950414	1.0	1.0	0.3711668548072093	1.0	1.0	1.0	0.13109976609071586	0.14818021210984597	0.11637076081968281	0.1552970019768665	0.6866280438138879	0.12131604935887587	1.0	0.2220605755061243	1.0	0.11748231092048582	1.0	0.1571995565460397	0.702644595566344	1.0
hi	1.0	0.5605153071057355	1.0	1.0	0.1865047183359894	0.47498359056870304	1.0	0.1620780887563502	0.35620489042770753	0.2780601172036191	1.0	1.0	0.24646717700675433	0.31248010478306915	0.2524805616412279	1.0	1.0	0.5589284409954082	1.0	1.0	1.0	0.34584960583180024	0.3448440416691811	0.3380941545338014	0.263394801780172	1.0	0.4004642389063996	1.0	0.41298304820795584	1.0	0.2795597483070744	1.0	0.26720073880525214	1.0	1.0
hu	0.34605179164954597	0.22919248623407157	0.17400605368126826	0.38081269864960954	0.10480574875025374	0.09177144955761012	0.12031918201538015	0.07658544981964824	0.09332908711611843	0.08096630543473445	0.11704476385964648	0.24646717700675433	1.0	0.09097879950991587	0.07627873639301959	0.10750079969729161	0.11856639182459672	0.21280253849636815	0.1870420168703619	0.22100362751268193	0.39155520074203876	0.08743012909930892	0.09556213775746004	0.08372223024278998	0.11240111496845662	0.09852301051486799	0.08884916581754353	0.728099120889861	0.16305085048262144	0.11464287184981269	0.08079682319831863	0.7300208629885034	0.10697671735241633	0.2426937203176546	0.11122736134261829
id	0.47443291138898525	0.19634859582857692	0.21730164667143587	0.6549329476340925	0.12163306435327624	0.0935676324520148	0.16191971014164705	0.0751833914466404	0.0931466158860241	0.08374607753507617	0.13357963113751176	0.31248010478306915	0.09097879950991587	1.0	0.07917265033822335	0.12924235395160283	0.1732074283216723	0.22792623521546448	0.2709102393657248	0.23793344162018726	0.6377047307628825	0.09273911518685257	0.09831119251648252	0.0888156597675279	0.1305597422929372	0.1091263765109244	0.10532802146407837	1.0	0.20694030762441587	0.17912063369538875	0.0885461189912486	1.0	0.1376921555944653	0.3601866178751093	0.12533519528423798
it	0.3321753090391589	0.2951332883560575	0.17327687523728263	0.6487871090048528	0.10223796126496974	0.060920777002861075	0.1158210411899839	0.058326327375039115	0.0618623096955502	0.05428117458539798	0.10582797014950414	0.2524805616412279	0.07627873639301959	0.07917265033822335	1.0	0.10382051003784805	0.12247372813538554	0.24076469873454245	0.24309967451194553	0.2025243005418637	0.38294220283762165	0.06641117901092297	0.06695759675809143	0.06169766366180229	0.10218880830656939	0.07733097980800209	0.0747529488033669	0.33804196547395954	0.1624278697827301	0.1393105733771807	0.05702478390355391	0.5876277661521777	0.1035719429477524	0.35660465765358446	0.10488865304259247
ja	1.0	0.3200301471833157	0.6953009332395164	1.0	0.13172752553452396	0.1808151425921453	1.0	0.10187702460571814	0.13812143414391695	0.10089820111651408	1.0	1.0	0.10750079969729161	0.12924235395160283	0.10382051003784805	1.0	1.0	0.38373428697429646	1.0	1.0	1.0	0.13318495321085558	0.13824555440027791	0.1184393330725947	0.13717628245274974	1.0	0.10820469574133217	1.0	0.22093390144809835	0.690825013654182	0.10158026091075148	1.0	0.15432640653885146	0.7021690135599069	1.0
ko	1.0	0.3472250592454727	1.0	1.0	0.1419899701792282	0.27991988652301647	1.0	0.12083053525565814	0.19273801140733932	0.14580790245953806	1.0	1.0	0.11856639182459672	0.1732074283216723	0.12247372813538554	1.0	1.0	0.3997987260135005	1.0	1.0	1.0	0.1786680219583568	0.17623494408983698	0.16393486831391252	0.17513951883626502	1.0	0.14519508314202312	1.0	0.23204856893066897	1.0	0.1744247669151409	1.0	0.18032653205005272	0.7042230825271828	1.0
lv	1.0	0.4267347479228145	0.5589284409954081	1.0	0.20594463196251006	0.30681250251266856	0.4031692959416404	0.19694978628622456	0.2371265356126397	0.26125366571313074	0.3711668548072093	0.5589284409954082	0.21280253849636815	0.22792623521546448	0.24076469873454245	0.38373428697429646	0.3997987260135005	1.0	0.5302474751823162	0.5574091546057278	1.0	0.29227545865912363	0.28088376800875636	0.2811686976370461	0.24434073358230268	0.36342783058831923	0.2933610433893978	1.0	0.29294232856922753	0.4258998865940625	0.2541764355413761	1.0	0.27159294831000647	0.5200576327572984	0.37478192399661936
mk	1.0	0.4491791757657641	1.0	1.0	0.2324464524163919	0.3148274665489206	1.0	0.18283176873212392	0.2885362593614681	0.2808212437314804	1.0	1.0	0.1870420168703619	0.2709102393657248	0.24309967451194553	1.0	1.0	0.5302474751823162	1.0	1.0	1.0	0.33428070673723925	0.3424896302785998	0.2365358724234134	0.1959676653274656	1.0	0.28244193391493627	1.0	0.33598509639322927	1.0	0.2757123991462395	1.0	0.3138821361157	1.0	1.0
ml	1.0	0.43738372196834857	1.0	1.0	0.20715585703972036	0.4803830216759119	1.0	0.1923740988234488	0.30218805617824074	0.2851507005093686	1.0	1.0	0.22100362751268193	0.23793344162018726	0.2025243005418637	1.0	1.0	0.5574091546057278	1.0	1.0	1.0	0.3211872612598517	0.28544165217108847	0.2968142318298543	0.238328413810578	1.0	0.29650460899348974	1.0	0.39644592859442523	1.0	0.27543918415712704	1.0	0.3074967737975374	1.0	1.0
mr	1.0	0.6254303192325078	1.0	1.0	0.30491842700209876	0.7075325319701224	1.0	0.3544944625731747	0.358131550232335	0.44234375569057927	1.0	1.0	0.39155520074203876	0.6377047307628825	0.38294220283762165	1.0	1.0	1.0	1.0	1.0	1.0	0.6364353709769035	0.5233791519748767	0.5917196795904757	0.4440046842144073	1.0	0.4532917859481477	1.0	0.5460121241722776	1.0	0.49327716055903886	1.0	0.5340997685165763	1.0	1.0
nl	0.43444433577671826	0.2971940932592682	0.2501207484455607	1.0	0.11745386095445226	0.07688984695079595	0.15301257810988467	0.06658014632593354	0.07960012562969182	0.06396747981042991	0.13109976609071586	0.34584960583180024	0.08743012909930892	0.09273911518685257	0.06641117901092297	0.13318495321085558	0.1786680219583568	0.29227545865912363	0.33428070673723925	0.3211872612598517	0.6364353709769035	1.0	0.08260499909591297	0.07399032053817735	0.126617607721902	0.10303474806369708	0.08666796368522259	0.728099120889861	0.19156502600056377	0.1538419631944278	0.07173248940771744	1.0	0.12179931006381238	0.37379036152414924	0.1359891832383831
pl	0.46331130510848206	0.30265825167622734	0.2139588972470507	0.7199285383279772	0.11390224166469091	0.07606791178970462	0.17992493330366743	0.06734279366712846	0.07748849940003781	0.06428488538847776	0.14818021210984597	0.3448440416691811	0.09556213775746004	0.09831119251648252	0.06695759675809143	0.13824555440027791	0.17623494408983698	0.28088376800875636	0.3424896302785998	0.28544165217108847	0.5233791519748767	0.08260499909591297	1.0	0.07531718945365522	0.11983301065530218	0.09738776766555765	0.09414501064804129	0.6638546162332061	0.19703486621922328	0.17627992676480775	0.06776979327340094	0.7221793916855703	0.12631573642690552	0.38425532014622565	0.1445975020496046
pt	0.409605315692209	0.28941444876232447	0.22225441248536865	0.6487871090048527	0.11134529369856908	0.06898525052532882	0.1472391872586722	0.06177626747092189	0.06897100165111306	0.05900228807135472	0.11637076081968281	0.3380941545338014	0.08372223024278998	0.0888156597675279	0.06169766366180229	0.1184393330725947	0.16393486831391252	0.2811686976370461	0.2365358724234134	0.2968142318298543	0.5917196795904757	0.07399032053817735	0.07531718945365522	1.0	0.12103224495024248	0.08400022321613929	0.08540561977880272	0.7248485669756152	0.19051478532479202	0.16849427838964862	0.062448499006525486	1.0	0.11616241249297271	0.4692097026403523	0.1179811841749725
ro	0.32520666737459014	0.27588949621487846	0.22982730530882936	0.5601449058260696	0.13144019478413801	0.12043105376424239	0.16467618672668383	0.09840995979597686	0.11897780733378695	0.1089263419037191	0.1552970019768665	0.263394801780172	0.11240111496845662	0.1305597422929372	0.10218880830656939	0.13717628245274974	0.17513951883626502	0.24434073358230268	0.1959676653274656	0.238328413810578	0.4440046842144073	0.126617607721902	0.11983301065530218	0.12103224495024248	1.0	0.1294805404122654	0.11582840339627538	1.0	0.20191763607155216	0.16031152201907722	0.1204205175768225	0.7376607345031153	0.13452709022810092	0.2872803145006001	0.147779135025385
ru	0.7028911840705583	0.31143581693815686	0.6912453074616123	1.0	0.12126536908305999	0.10516561255474789	0.6877137413724039	0.09148806754915464	0.10117427943407829	0.07360005816692798	0.6866280438138879	1.0	0.09852301051486799	0.1091263765109244	0.07733097980800209	1.0	1.0	0.36342783058831923	1.0	1.0	1.0	0.10303474806369708	0.09738776766555765	0.08400022321613929	0.1294805404122654	1.0	0.10253647928474281	1.0	0.20469016645442548	0.48253220810129793	0.07048202263166235	1.0	0.1384135871881118	0.7014961547481129	0.686373325085332
sh	0.46956227753249813	0.1760200234313494	0.22427190613981224	1.0	0.11651183519812798	0.09436181835448863	0.14014841278451917	0.07424455075028392	0.08626296024761111	0.0762083492938009	0.12131604935887587	0.4004642389063996	0.08884916581754353	0.10532802146407837	0.0747529488033669	0.10820469574133217	0.14519508314202312	0.2933610433893978	0.28244193391493627	0.29650460899348974	0.4532917859481477	0.08666796368522259	0.09414501064804129	0.08540561977880272	0.11582840339627538	0.10253647928474281	1.0	1.0	0.1917378492789266	0.14410572946099162	0.08109853565258845	1.0	0.14282776198641114	0.3576416374136913	0.1190296314546098
si	1.0	1.0	1.0	1.0	0.4023145888614566	1.0	1.0	0.661251134120194	0.5969819612641136	1.0	1.0	1.0	0.728099120889861	1.0	0.33804196547395954	1.0	1.0	1.0	1.0	1.0	1.0	0.728099120889861	0.6638546162332061	0.7248485669756152	1.0	1.0	1.0	1.0	1.0	1.0	1.0	1.0	1.0	1.0	1.0
simple	0.653200231972572	0.31678112044154483	0.4277101285406336	0.6332460537063271	0.1804814784571505	0.19602050603373986	0.2835412408873869	0.1539985007195855	0.18159171315445774	0.17934077666183493	0.2220605755061243	0.41298304820795584	0.16305085048262144	0.20694030762441587	0.1624278697827301	0.22093390144809835	0.23204856893066897	0.29294232856922753	0.33598509639322927	0.39644592859442523	0.5460121241722776	0.19156502600056377	0.19703486621922328	0.19051478532479202	0.20191763607155216	0.20469016645442548	0.1917378492789266	1.0	1.0	0.2424539364124979	0.18553289672486264	1.0	0.23261864570476173	0.34640029237363706	0.22196099714304127
sr	1.0	0.1963173512232736	0.6982344021713166	1.0	0.15131631641631646	0.20009052049098872	1.0	0.10656784194886697	0.1985185660545484	0.15511914572860297	1.0	1.0	0.11464287184981269	0.17912063369538875	0.1393105733771807	0.690825013654182	1.0	0.4258998865940625	1.0	1.0	1.0	0.1538419631944278	0.17627992676480775	0.16849427838964862	0.16031152201907722	0.48253220810129793	0.14410572946099162	1.0	0.2424539364124979	1.0	0.15584593991566856	1.0	0.180263199103225	0.6241681684582362	0.6905961862774881
sv	0.48066173568742177	0.3052146952020116	0.15204789045377604	0.6102470946685321	0.10441301309632407	0.06450493616359153	0.14236273210881667	0.05783251224911722	0.06578650660883738	0.05806467057808339	0.11748231092048582	0.2795597483070744	0.08079682319831863	0.0885461189912486	0.05702478390355391	0.10158026091075148	0.1744247669151409	0.2541764355413761	0.2757123991462395	0.27543918415712704	0.49327716055903886	0.07173248940771744	0.06776979327340094	0.062448499006525486	0.1204205175768225	0.07048202263166235	0.08109853565258845	1.0	0.18553289672486264	0.15584593991566856	1.0	0.5200530460378338	0.10852124207801007	0.3598121097292354	0.10387177081594325
te	1.0	1.0	1.0	1.0	0.5939507646227579	0.7199285383279773	1.0	0.5643198815449839	0.7221793916855703	0.7199285383279772	1.0	1.0	0.7300208629885034	1.0	0.5876277661521777	1.0	1.0	1.0	1.0	1.0	1.0	1.0	0.7221793916855703	1.0	0.7376607345031153	1.0	1.0	1.0	1.0	1.0	0.5200530460378338	1.0	0.7263875964832449	1.0	1.0
vi	0.46360522059917214	0.3318327498385799	0.2564502783209713	0.44068037154551526	0.13108524295789997	0.12630933223705776	0.19507770751187337	0.08926877627972066	0.12061001242511633	0.10985059734286236	0.1571995565460397	0.26720073880525214	0.10697671735241633	0.1376921555944653	0.1035719429477524	0.15432640653885146	0.18032653205005272	0.27159294831000647	0.3138821361157	0.3074967737975374	0.5340997685165763	0.12179931006381238	0.12631573642690552	0.11616241249297271	0.13452709022810092	0.1384135871881118	0.14282776198641114	1.0	0.23261864570476173	0.180263199103225	0.10852124207801007	0.7263875964832449	1.0	0.2954908736804177	0.15876509252308074
war	1.0	0.439862997127746	1.0	1.0	0.22201956329581862	0.4380699772297187	0.7039424865283899	0.20625567134835182	0.33351092768084306	0.3522328256498093	0.702644595566344	1.0	0.2426937203176546	0.3601866178751093	0.35660465765358446	0.7021690135599069	0.7042230825271828	0.5200576327572984	1.0	1.0	1.0	0.37379036152414924	0.38425532014622565	0.4692097026403523	0.2872803145006001	0.7014961547481129	0.3576416374136913	1.0	0.34640029237363706	0.6241681684582362	0.3598121097292354	1.0	0.2954908736804177	1.0	0.7019395434758631
zh	1.0	0.3114358169381569	0.6948828394802085	1.0	0.14592112781912975	0.18880399032280035	1.0	0.10141615488981175	0.15863499257134028	0.10858631838557284	1.0	1.0	0.11122736134261829	0.12533519528423798	0.10488865304259247	1.0	1.0	0.37478192399661936	1.0	1.0	1.0	0.1359891832383831	0.1445975020496046	0.1179811841749725	0.147779135025385	0.686373325085332	0.1190296314546098	1.0	0.22196099714304127	0.6905961862774881	0.10387177081594325	1.0	0.15876509252308074	0.7019395434758631	1.0
