arz	bs	ceb	ckb	da	de	el	en	es	fr	he	hi	hu	id	it	ja	ko	lv	mk	ml	mr	nl	pl	pt	ro	ru	sh	si	simple	sr	sv	te	vi	war	zh
arz	0.3333333333333333	0.3333333333333333	0.5	0.058823529411764705	0.0	0.3333333333333333	0.3333333333333333	0.3333333333333333	0.3333333333333333	0.3333333333333333	0.3333333333333333	0.0	0.3333333333333333	0.5	0.3333333333333333	0.3333333333333333	0.3333333333333333	1.0	0.3333333333333333	0.041666666666666664	0.05	0.3333333333333333	0.3333333333333333	0.3333333333333333	0.0	0.3333333333333333	0.3333333333333333	0.05555555555555555	1.0	0.3333333333333333	0.3333333333333333	0.047619047619047616	1.0	0.07142857142857142	0.3333333333333333
bs	0.3333333333333333	0.02338144298817245	0.16666666666666666	0.019230769230769232	0.3333333333333333	0.025643655489809333	0.038461538461538464	0.025006875625	0.025	0.026324100415512464	0.05555555555555555	0.0	0.0625	0.5	0.029429085660054522	0.08333333333333333	0.034482758620689655	0.05263157894736842	0.02564102564102564	0.011905187074829932	0.021739130434782608	0.07142857142857142	0.02631786703601108	0.04	0.25	0.02564102564102564	0.025661420785677853	0.02127704843820733	1.0	0.03333333333333333	0.06666666666666667	0.019230769230769232	0.06666666666666667	0.027777777777777776	0.03333333333333333
ceb	0.5	0.16666666666666666	0.125078140625	0.2	0.16666666666666666	0.125	0.14285714285714285	0.125	0.125	0.125	0.125	0.125	0.14285714285714285	0.125	0.14285714285714285	0.125	0.125	0.2	0.14285714285714285	0.14285714285714285	0.16666666666666666	0.14285714285714285	0.125	0.125015625	0.125	0.125	0.16666666666666666	0.16666666666666666	0.14287755102040817	0.125	0.14285714285714285	0.25	0.14285714285714285	0.16666666666666666	0.14285714285714285
ckb	0.058823529411764705	0.019230769230769232	0.2	0.009618713664940829	0.012987012987012988	0.01	0.013333333333333334	0.009708737864077669	0.009900990099009901	0.010101010101010102	0.010752688172043012	0.014705882352941176	0.014084507042253521	0.011494252873563218	0.01	0.010526537396121883	0.01086968336483932	0.014925373134328358	0.015873015873015872	0.017543859649122806	0.029411764705882353	0.010416666666666666	0.010309278350515464	0.01	0.012987012987012988	0.01020408163265306	0.013513513513513514	0.02702702702702703	0.012345679012345678	0.012195121951219513	0.010869565217391304	0.02631578947368421	0.011494252873563218	0.034482758620689655	0.010869565217391304
da	0.0	0.3333333333333333	0.16666666666666666	0.012987012987012988	0.09090909090909091	0.25	0.3333333333333333	0.125	0.16666666666666666	0.25	0.3333333333333333	0.0	0.3333333333333333	0.0	0.25	0.3333333333333333	0.3333333333333333	1.0	0.3333333333333333	0.0072464818315479945	0.014492963663095989	0.3333333333333333	0.125	0.3333333333333333	1.0	0.1111111111111111	0.3333333333333333	0.016393711367911852	1.0	0.2	0.16666666666666666	0.013333333333333334	0.0	0.023809523809523808	0.25
de	0.3333333333333333	0.025643655489809333	0.125	0.01	0.25	0.003990692460662883	0.022727272727272728	0.008265009220681647	0.008695652173913044	0.011365057205836906	0.011764705882352941	0.3333333333333333	0.05	0.20008004004004004	0.017244054696789538	0.07692307692307693	0.030303030303030304	0.05	0.022222222222222223	0.004807715421597633	0.010989252505736022	0.02857142857142857	0.00909107438016529	0.025	0.14285714285714285	0.010752688172043012	0.025642998027613412	0.011904761904761904	0.125	0.014925373134328358	0.05	0.008403431961019702	0.06666666666666667	0.022222222222222223	0.025
el	0.3333333333333333	0.038461538461538464	0.14285714285714285	0.013333333333333334	0.3333333333333333	0.022727272727272728	0.019230769230769232	0.02	0.021739130434782608	0.03225806451612903	0.03125	0.0	0.05555555555555555	0.3333333333333333	0.04	0.09090909090909091	0.05555555555555555	0.1	0.03333333333333333	0.007874139748279498	0.014084903788930767	0.05263157894736842	0.021739130434782608	0.047619047619047616	0.3333333333333333	0.022222222222222223	0.038461538461538464	0.015873015873015872	0.5	0.027777777777777776	0.07692307692307693	0.012345679012345678	0.16666666666666666	0.023255813953488372	0.047619047619047616
en	0.3333333333333333	0.025006875625	0.125	0.009708737864077669	0.125	0.008265009220681647	0.02	0.0024757163319489134	0.005154639175257732	0.010001300099999999	0.011235955056179775	0.3333333333333333	0.041666666666666664	0.12503128128128127	0.013701632951961156	0.06666666666666667	0.02857142857142857	0.047619047619047616	0.022222222222222223	0.004386176515851031	0.010527091523545707	0.018519204732853567	0.004587787307486744	0.018518518518518517	0.07692307692307693	0.004672897196261682	0.025006252501250624	0.011363765495867768	0.1	0.010869565217391304	0.033334444444444444	0.008000192	0.0625	0.022222222222222223	0.02127659574468085
es	0.3333333333333333	0.025	0.125	0.009900990099009901	0.16666666666666666	0.008695652173913044	0.021739130434782608	0.005154639175257732	0.0012873724452842365	0.010101010101010102	0.011494252873563218	0.3333333333333333	0.047619047619047616	0.16666666666666666	0.013888888888888888	0.07142857142857142	0.029411764705882353	0.047619047619047616	0.022727272727272728	0.00454547520661157	0.010752803792345937	0.012658227848101266	0.008333333333333333	0.013333333333333334	0.1	0.007874015748031496	0.02564102564102564	0.011627906976744186	0.1111111111111111	0.013157894736842105	0.05	0.008333333333333333	0.06666666666666667	0.022222222222222223	0.022222222222222223
fr	0.3333333333333333	0.026324100415512464	0.125	0.010101010101010102	0.25	0.011365057205836906	0.03225806451612903	0.010001300099999999	0.010101010101010102	0.005805116062632958	0.017543859649122806	0.3333333333333333	0.05263157894736842	0.25006256256256254	0.009621953127220136	0.07142857142857142	0.034482758620689655	0.05555555555555555	0.025	0.004629693930041152	0.01086968336483932	0.03125	0.013334044444444443	0.02564102564102564	0.14285714285714285	0.012048192771084338	0.027035797663988316	0.011764705882352941	0.125	0.020833333333333332	0.058823529411764705	0.00847457627118644	0.07142857142857142	0.022222716049382713	0.029411764705882353
he	0.3333333333333333	0.05555555555555555	0.125	0.010752688172043012	0.3333333333333333	0.011764705882352941	0.03125	0.011235955056179775	0.011494252873563218	0.017543859649122806	0.01020408163265306	0.3333333333333333	0.07142857142857142	0.25	0.029411764705882353	0.1111111111111111	0.07692307692307693	0.5	0.05	0.005649813272048262	0.01176484429065744	0.04	0.015151515151515152	0.034482758620689655	0.2	0.016129032258064516	0.05555555555555555	0.01250015625	0.16666666666666666	0.027777777777777776	0.08333333333333333	0.009259430727023319	1.0	0.023809523809523808	0.0625
hi	0.0	0.0	0.125	0.014705882352941176	0.0	0.3333333333333333	0.0	0.3333333333333333	0.3333333333333333	0.3333333333333333	0.3333333333333333	0.3333333333333333	0.0	0.0	0.0	0.0	0.0	0.0	0.0	0.0068029987505206155	0.012987518974531962	0.0	1.0	1.0	0.0	0.3333333333333333	0.0	0.01449317370300357	0.0	0.5	0.0	0.010869565217391304	0.0	0.024390243902439025	1.0
hu	0.3333333333333333	0.0625	0.14285714285714285	0.014084507042253521	0.3333333333333333	0.05	0.05555555555555555	0.041666666666666664	0.047619047619047616	0.05263157894736842	0.07142857142857142	0.0	0.03125	0.5	0.0625	0.1	0.08333333333333333	0.5	0.0625	0.007751937984496124	0.014084705415592145	0.07692307692307693	0.047619047619047616	0.0625	0.25	0.045454545454545456	0.06666666666666667	0.01639344262295082	1.0	0.08333333333333333	0.07142857142857142	0.011627906976744186	1.0	0.024390838786436643	0.07142857142857142
id	0.5	0.5	0.125	0.011494252873563218	0.0	0.20008004004004004	0.3333333333333333	0.12503128128128127	0.16666666666666666	0.25006256256256254	0.25	0.0	0.5	0.03620700731263924	0.25	0.5	0.5	0.0	0.3333333333333333	0.00584798741493109	0.012048337930033388	0.25	0.16666666666666666	0.16666666666666666	0.0	0.25	0.5	0.013158240997229917	1.0	0.3333333333333333	0.3333333333333333	0.009901088128614842	0.5	0.023255813953488372	0.3333333333333333
it	0.3333333333333333	0.029429085660054522	0.14285714285714285	0.01	0.25	0.017244054696789538	0.04	0.013701632951961156	0.013888888888888888	0.009621953127220136	0.029411764705882353	0.0	0.0625	0.25	0.004991945374467214	0.08333333333333333	0.034482758620689655	0.05555555555555555	0.02702702702702703	0.004695034054089796	0.011494252873563218	0.03703840877914952	0.016951163746049984	0.034482758620689655	0.16666666666666666	0.01639344262295082	0.028583676734693874	0.012658388078833521	0.14285714285714285	0.030303030303030304	0.05555864197530863	0.00869603024574669	0.07692307692307693	0.022727272727272728	0.029411764705882353
ja	0.3333333333333333	0.08333333333333333	0.125	0.010526537396121883	0.3333333333333333	0.07692307692307693	0.09090909090909091	0.06666666666666667	0.07142857142857142	0.07142857142857142	0.1111111111111111	0.0	0.1	0.5	0.08333333333333333	0.06666666666666667	0.08333333333333333	0.5	0.08333333333333333	0.00497537189673523	0.01086991965973535	0.08333333333333333	0.07142857142857142	0.08333333333333333	1.0	0.07142857142857142	0.08333333333333333	0.011905045351473922	1.0	0.07692307692307693	0.1	0.008772083718067097	1.0	0.022222222222222223	0.07692307692307693
ko	0.3333333333333333	0.034482758620689655	0.125	0.01086968336483932	0.3333333333333333	0.030303030303030304	0.05555555555555555	0.02857142857142857	0.029411764705882353	0.034482758620689655	0.07692307692307693	0.0	0.08333333333333333	0.5	0.034482758620689655	0.08333333333333333	0.027777777777777776	0.05263157894736842	0.034482758620689655	0.005494565873686753	0.011363894628099173	0.07142857142857142	0.030303030303030304	0.058823529411764705	0.25	0.030303030303030304	0.034482758620689655	0.0125	1.0	0.034482758620689655	0.08333333333333333	0.009708737864077669	0.06666666666666667	0.022727272727272728	0.03125
lv	1.0	0.05263157894736842	0.2	0.014925373134328358	1.0	0.05	0.1	0.047619047619047616	0.047619047619047616	0.05555555555555555	0.5	0.0	0.5	0.0	0.05555555555555555	0.5	0.05263157894736842	0.00847457627118644	0.05263157894736842	0.008849557522123894	0.015873771730914588	0.3333333333333333	0.043478260869565216	0.16666666666666666	0.5	0.04	0.05263157894736842	0.017544167436134194	0.0	0.05	0.3333333333333333	0.015625	0.07142857142857142	0.025	0.05263157894736842
mk	0.3333333333333333	0.02564102564102564	0.14285714285714285	0.015873015873015872	0.3333333333333333	0.022222222222222223	0.03333333333333333	0.022222222222222223	0.022727272727272728	0.025	0.05	0.0	0.0625	0.3333333333333333	0.02702702702702703	0.08333333333333333	0.034482758620689655	0.05263157894736842	0.02127659574468085	0.009708926383259497	0.018518518518518517	0.06666666666666667	0.022727272727272728	0.038461538461538464	0.25	0.022727272727272728	0.02631578947368421	0.018518861454046638	1.0	0.030303030303030304	0.07142857142857142	0.016949439816144784	0.06666666666666667	0.02631578947368421	0.03125
ml	0.041666666666666664	0.011905187074829932	0.14285714285714285	0.017543859649122806	0.0072464818315479945	0.004807715421597633	0.007874139748279498	0.004386176515851031	0.00454547520661157	0.004629693930041152	0.005649813272048262	0.0068029987505206155	0.007751937984496124	0.00584798741493109	0.004695034054089796	0.00497537189673523	0.005494565873686753	0.008849557522123894	0.009708926383259497	0.004361840350511863	0.016666944444444443	0.0049752729140367805	0.004950568571708656	0.004694989971125658	0.006711454438989235	0.004926326773277682	0.007299376631679898	0.018182479338842972	0.006451737773152965	0.006289347731497963	0.005263351828254848	0.014085102162269388	0.005813987290427258	0.024390243902439025	0.005319346989588049
mr	0.05	0.021739130434782608	0.16666666666666666	0.029411764705882353	0.014492963663095989	0.010989252505736022	0.014084903788930767	0.010527091523545707	0.010752803792345937	0.01086968336483932	0.01176484429065744	0.012987518974531962	0.014084705415592145	0.012048337930033388	0.011494252873563218	0.01086991965973535	0.011363894628099173	0.015873771730914588	0.018518518518518517	0.016666944444444443	0.010561551377509224	0.011363636363636364	0.011363636363636364	0.011111604938271603	0.013513696128560994	0.011494913462808825	0.014925373134328358	0.029412629757785465	0.012048483088982435	0.012821005917159761	0.011495177830624918	0.02040816326530612	0.011236460042923871	0.03225806451612903	0.01098973566006533
nl	0.3333333333333333	0.07142857142857142	0.14285714285714285	0.010416666666666666	0.3333333333333333	0.02857142857142857	0.05263157894736842	0.018519204732853567	0.012658227848101266	0.03125	0.04	0.0	0.07692307692307693	0.25	0.03703840877914952	0.08333333333333333	0.07142857142857142	0.3333333333333333	0.06666666666666667	0.0049752729140367805	0.011363636363636364	0.0031476450732941907	0.023810090702947845	0.034482758620689655	0.3333333333333333	0.025	0.07142857142857142	0.01234598384392623	0.2	0.045454545454545456	0.05882698961937716	0.008695652173913044	1.0	0.022222222222222223	0.07142857142857142
pl	0.3333333333333333	0.02631786703601108	0.125	0.010309278350515464	0.125	0.00909107438016529	0.021739130434782608	0.004587787307486744	0.008333333333333333	0.013334044444444443	0.015151515151515152	1.0	0.047619047619047616	0.16666666666666666	0.016951163746049984	0.07142857142857142	0.030303030303030304	0.043478260869565216	0.022727272727272728	0.004950568571708656	0.011363636363636364	0.023810090702947845	0.00037878025868190104	0.021739130434782608	0.09090909090909091	0.002352941176470588	0.027783952160493824	0.012195121951219513	0.125	0.008403361344537815	0.047619047619047616	0.008771929824561403	0.06666666666666667	0.022727272727272728	0.023809523809523808
pt	0.3333333333333333	0.04	0.125015625	0.01	0.3333333333333333	0.025	0.047619047619047616	0.018518518518518517	0.013333333333333334	0.02564102564102564	0.034482758620689655	1.0	0.0625	0.16666666666666666	0.034482758620689655	0.08333333333333333	0.058823529411764705	0.16666666666666666	0.038461538461538464	0.004694989971125658	0.011111604938271603	0.034482758620689655	0.021739130434782608	0.002544529262086514	0.3333333333333333	0.020833333333333332	0.043478260869565216	0.011765536609135088	0.5	0.038461538461538464	0.07142857142857142	0.008474648089629418	0.25	0.022727272727272728	0.05
ro	0.0	0.25	0.125	0.012987012987012988	1.0	0.14285714285714285	0.3333333333333333	0.07692307692307693	0.1	0.14285714285714285	0.2	0.0	0.25	0.0	0.16666666666666666	1.0	0.25	0.5	0.25	0.006711454438989235	0.013513696128560994	0.3333333333333333	0.09090909090909091	0.3333333333333333	0.0476531066486533	0.06666666666666667	0.3333333333333333	0.015384615384615385	0.0	0.2	1.0	0.012345679012345678	1.0	0.023809523809523808	0.2
ru	0.3333333333333333	0.02564102564102564	0.125	0.01020408163265306	0.1111111111111111	0.010752688172043012	0.022222222222222223	0.004672897196261682	0.007874015748031496	0.012048192771084338	0.016129032258064516	0.3333333333333333	0.045454545454545456	0.25	0.01639344262295082	0.07142857142857142	0.030303030303030304	0.04	0.022727272727272728	0.004926326773277682	0.011494913462808825	0.025	0.002352941176470588	0.020833333333333332	0.06666666666666667	0.0005104645227156713	0.02564102564102564	0.01190518707482993	0.16666666666666666	0.006993006993006993	0.017241379310344827	0.00854708159836365	0.06666666666666667	0.022222716049382713	0.022222222222222223
sh	0.3333333333333333	0.025661420785677853	0.16666666666666666	0.013513513513513514	0.3333333333333333	0.025642998027613412	0.038461538461538464	0.025006252501250624	0.02564102564102564	0.027035797663988316	0.05555555555555555	0.0	0.06666666666666667	0.5	0.028583676734693874	0.08333333333333333	0.034482758620689655	0.05263157894736842	0.02631578947368421	0.007299376631679898	0.014925373134328358	0.07142857142857142	0.027783952160493824	0.043478260869565216	0.3333333333333333	0.02564102564102564	0.023393437753355138	0.014925373134328358	1.0	0.034482758620689655	0.058823529411764705	0.012048192771084338	0.06666666666666667	0.023809523809523808	0.03333333333333333
si	0.05555555555555555	0.02127704843820733	0.16666666666666666	0.02702702702702703	0.016393711367911852	0.011904761904761904	0.015873015873015872	0.011363765495867768	0.011627906976744186	0.011764705882352941	0.01250015625	0.01449317370300357	0.01639344262295082	0.013158240997229917	0.012658388078833521	0.011905045351473922	0.0125	0.017544167436134194	0.018518861454046638	0.018182479338842972	0.029412629757785465	0.01234598384392623	0.012195121951219513	0.011765536609135088	0.015384615384615385	0.01190518707482993	0.014925373134328358	0.011386926227193148	0.013333688888888888	0.013157894736842105	0.01250046890625	0.027777777777777776	0.012820677186061802	0.03571428571428571	0.011765121107266433
simple	1.0	1.0	0.14287755102040817	0.012345679012345678	1.0	0.125	0.5	0.1	0.1111111111111111	0.125	0.16666666666666666	0.0	1.0	1.0	0.14285714285714285	1.0	1.0	0.0	1.0	0.006451737773152965	0.012048483088982435	0.2	0.125	0.5	0.0	0.16666666666666666	1.0	0.013333688888888888	0.1	1.0	1.0	0.01098901098901099	1.0	0.023255813953488372	1.0
sr	0.3333333333333333	0.03333333333333333	0.125	0.012195121951219513	0.2	0.014925373134328358	0.027777777777777776	0.010869565217391304	0.013157894736842105	0.020833333333333332	0.027777777777777776	0.5	0.08333333333333333	0.3333333333333333	0.030303030303030304	0.07692307692307693	0.034482758620689655	0.05	0.030303030303030304	0.006289347731497963	0.012821005917159761	0.045454545454545456	0.008403361344537815	0.038461538461538464	0.2	0.006993006993006993	0.034482758620689655	0.013157894736842105	1.0	0.0049504950495049506	0.06666666666666667	0.010204185755935027	0.06666666666666667	0.023255813953488372	0.02631578947368421
sv	0.3333333333333333	0.06666666666666667	0.14285714285714285	0.010869565217391304	0.16666666666666666	0.05	0.07692307692307693	0.033334444444444444	0.05	0.058823529411764705	0.08333333333333333	0.0	0.07142857142857142	0.3333333333333333	0.05555864197530863	0.1	0.08333333333333333	0.3333333333333333	0.07142857142857142	0.005263351828254848	0.011495177830624918	0.05882698961937716	0.047619047619047616	0.07142857142857142	1.0	0.017241379310344827	0.058823529411764705	0.01250046890625	1.0	0.06666666666666667	0.005962993514872282	0.00925951646090535	1.0	0.022222222222222223	0.1
te	0.047619047619047616	0.019230769230769232	0.25	0.02631578947368421	0.013333333333333334	0.008403431961019702	0.012345679012345678	0.008000192	0.008333333333333333	0.00847457627118644	0.009259430727023319	0.010869565217391304	0.011627906976744186	0.009901088128614842	0.00869603024574669	0.008772083718067097	0.009708737864077669	0.015625	0.016949439816144784	0.014085102162269388	0.02040816326530612	0.008695652173913044	0.008771929824561403	0.008474648089629418	0.012345679012345678	0.00854708159836365	0.012048192771084338	0.027777777777777776	0.01098901098901099	0.010204185755935027	0.00925951646090535	0.008007623366791497	0.009901186158219782	0.04	0.008849792466128905
vi	1.0	0.06666666666666667	0.14285714285714285	0.011494252873563218	0.0	0.06666666666666667	0.16666666666666666	0.0625	0.06666666666666667	0.07142857142857142	1.0	0.0	1.0	0.5	0.07692307692307693	1.0	0.06666666666666667	0.07142857142857142	0.06666666666666667	0.005813987290427258	0.011236460042923871	1.0	0.06666666666666667	0.25	1.0	0.06666666666666667	0.06666666666666667	0.012820677186061802	1.0	0.06666666666666667	1.0	0.009901186158219782	0.0625	0.022727272727272728	0.06666666666666667
war	0.07142857142857142	0.027777777777777776	0.16666666666666666	0.034482758620689655	0.023809523809523808	0.022222222222222223	0.023255813953488372	0.022222222222222223	0.022222222222222223	0.022222716049382713	0.023809523809523808	0.024390243902439025	0.024390838786436643	0.023255813953488372	0.022727272727272728	0.022222222222222223	0.022727272727272728	0.025	0.02631578947368421	0.024390243902439025	0.03225806451612903	0.022222222222222223	0.022727272727272728	0.022727272727272728	0.023809523809523808	0.022222716049382713	0.023809523809523808	0.03571428571428571	0.023255813953488372	0.023255813953488372	0.022222222222222223	0.04	0.022727272727272728	0.022223703703703704	0.022222222222222223
zh	0.3333333333333333	0.03333333333333333	0.14285714285714285	0.010869565217391304	0.25	0.025	0.047619047619047616	0.02127659574468085	0.022222222222222223	0.029411764705882353	0.0625	1.0	0.07142857142857142	0.3333333333333333	0.029411764705882353	0.07692307692307693	0.03125	0.05263157894736842	0.03125	0.005319346989588049	0.01098973566006533	0.07142857142857142	0.023809523809523808	0.05	0.2	0.022222222222222223	0.03333333333333333	0.011765121107266433	1.0	0.02631578947368421	0.1	0.008849792466128905	0.06666666666666667	0.022222222222222223	0.019230769230769232
