arz	bs	ceb	ckb	da	de	el	en	es	fr	he	hi	hu	id	it	ja	ko	lv	mk	ml	mr	nl	pl	pt	ro	ru	sh	si	simple	sr	sv	te	vi	war	zh
arz	0.05562969143219147	0.25	0.0	0.3333333333333333	0.14287755102040817	0.09091735537190083	0.08335416666666667	0.0625	0.1	0.08336111805555554	0.125015625	0.5	0.125015625	0.125015625	0.1	0.11112345679012345	0.08333333333333333	0.20008004004004004	0.20003999999999997	0.3333333333333333	0.25006249999999997	0.11113581482717286	0.1111111111111111	0.06666666666666667	0.09095867768595041	0.10000999999999999	0.25	0.3333333333333333	0.1	0.25	0.11112345679012345	0.0	0.125	0.2	0.08333333333333333
bs	0.25	0.020844187066406686	0.0	0.14285714285714285	0.08333333333333333	0.03225806451612903	0.125	0.02127659574468085	0.037037037037037035	0.034482758620689655	0.047619047619047616	0.05	0.047619047619047616	0.08333333333333333	0.038461538461538464	0.04545661363843182	0.03225806451612903	0.14285714285714285	0.1	0.2	1.0	0.058823529411764705	0.037037037037037035	0.037037037037037035	0.05	0.03125	0.10001001001001	0.2	0.1111111111111111	0.058823529411764705	0.03571428571428571	1.0	0.06666666666666667	1.0	0.030303030303030304
ceb	0.0	0.0	0.5	0.0	1.0	0.5	0.5	0.5	0.5	0.5	0.5	1.0	0.5	0.5	0.5	0.5	0.5	1.0	1.0	0.0	0.5	0.5	0.5	0.5	0.5	0.5	0.5	0.0	0.5	1.0	0.5	0.0	0.5	0.0	0.5
ckb	0.3333333333333333	0.14285714285714285	0.0	0.03707410702608781	0.07143367346938775	0.04	0.06666666666666667	0.037037037037037035	0.038461538461538464	0.038461538461538464	0.043478260869565216	0.06666666666666667	0.04	0.06667111111111111	0.045454545454545456	0.04	0.04	0.1	0.08333333333333333	0.2	1.0	0.041666666666666664	0.041666666666666664	0.038461538461538464	0.05555555555555555	0.038461538461538464	0.2	0.25	0.1111111111111111	0.0625	0.041666666666666664	1.0	0.045454545454545456	1.0	0.037037037037037035
da	0.14287755102040817	0.08333333333333333	1.0	0.07143367346938775	0.015883097759638955	0.018518518518518517	0.04	0.016129032258064516	0.018867924528301886	0.017857461734693877	0.020833333333333332	0.04166840277777777	0.025	0.045456611570247926	0.018867924528301886	0.02	0.02127659574468085	0.058823529411764705	0.1111111111111111	0.1111111111111111	1.0	0.022222222222222223	0.02	0.019230769230769232	0.034482758620689655	0.017543859649122806	0.14285714285714285	0.2	0.038461538461538464	0.03571428571428571	0.021739130434782608	1.0	0.030303030303030304	1.0	0.018518861454046638
de	0.09091735537190083	0.03225806451612903	0.5	0.04	0.018518518518518517	0.0011708930245278052	0.01694915254237288	0.001517452985509382	0.0030395229164549478	0.0020661242401475307	0.003745318352059925	0.019230769230769232	0.005649749433432283	0.020833333333333332	0.003105609351491069	0.003095994402323419	0.003401395251978342	0.045454545454545456	0.045454545454545456	0.06666666666666667	0.5	0.00423728813559322	0.0033783783783783786	0.0035587188612099642	0.011235955056179775	0.0023148201731824415	0.047619047619047616	0.14285714285714285	0.022222222222222223	0.011764705882352941	0.005025125628140704	1.0	0.007194244604316547	1.0	0.003215434083601286
el	0.08335416666666667	0.125	0.5	0.06666666666666667	0.04	0.01694915254237288	0.013705388629386752	0.0136986301369863	0.016666666666666666	0.016129032258064516	0.017543859649122806	0.043478260869565216	0.020833333333333332	0.041666666666666664	0.01639344262295082	0.01818181818181818	0.019231139053254437	0.0625	0.08333333333333333	0.14285714285714285	1.0	0.020833333333333332	0.017857142857142856	0.016666666666666666	0.03125	0.016129032258064516	0.08333333333333333	0.25	0.037037037037037035	0.029411764705882353	0.02040816326530612	1.0	0.029411764705882353	1.0	0.01694915254237288
en	0.0625	0.02127659574468085	0.5	0.037037037037037035	0.016129032258064516	0.001517452985509382	0.0136986301369863	0.0005555607581573534	0.0021186485564492962	0.0013140639002902673	0.0030395321550983454	0.017857142857142856	0.00409837745229777	0.019230769230769232	0.0022173243986017767	0.001968503937007874	0.002617801047120419	0.038461538461538464	0.04	0.0625	0.5	0.0033333333333333335	0.0028653295128939827	0.002445005708956785	0.009174311926605505	0.00149925262256428	0.04	0.14285714285714285	0.0196078431372549	0.01020408163265306	0.0027397260273972603	1.0	0.00558659217877095	1.0	0.002364066193853428
es	0.1	0.037037037037037035	0.5	0.038461538461538464	0.018867924528301886	0.0030395229164549478	0.016666666666666666	0.0021186485564492962	0.0020606067104542154	0.0026881792692796855	0.0044444444444444444	0.02040816326530612	0.006172915714067978	0.020833333333333332	0.003436461543911858	0.0035971223021582736	0.004081649312786339	0.041666666666666664	0.045456611570247926	0.06666666666666667	0.5	0.004739336492890996	0.004132231404958678	0.003636376859504132	0.012048192771084338	0.002915460394903484	0.041666666666666664	0.14285714285714285	0.020833333333333332	0.011111111111111112	0.0055248618784530384	1.0	0.008	1.0	0.003472222222222222
fr	0.08336111805555554	0.034482758620689655	0.5	0.038461538461538464	0.017857461734693877	0.0020661242401475307	0.016129032258064516	0.0013140639002902673	0.0026881792692796855	0.0011770424884930625	0.0034843326979810364	0.02	0.004901960784313725	0.020833333333333332	0.0028011361407308017	0.0027027173119065014	0.003164566976446082	0.04	0.043478260869565216	0.06666666666666667	0.5	0.0039525847927635175	0.003389830508474576	0.003144673865748981	0.010869565217391304	0.002123155773729833	0.043478260869565216	0.14285714285714285	0.021739130434782608	0.011111111111111112	0.004484304932735426	1.0	0.00684931506849315	1.0	0.0029325771192198215
he	0.125015625	0.047619047619047616	0.5	0.043478260869565216	0.020833333333333332	0.003745318352059925	0.017543859649122806	0.0030395321550983454	0.0044444444444444444	0.0034843326979810364	0.002973137356186394	0.023810090702947845	0.007042253521126761	0.02325635478637101	0.00409837745229777	0.0045045653761869985	0.00497514912997203	0.04	0.05263434903047091	0.07142857142857142	0.5	0.005988095664957511	0.00487807257584771	0.005025150880028282	0.014084507042253521	0.003861003861003861	0.05	0.14285714285714285	0.023255813953488372	0.01282051282051282	0.006666666666666667	1.0	0.010101214161820221	1.0	0.004273522536343049
hi	0.5	0.05	1.0	0.06666666666666667	0.04166840277777777	0.019230769230769232	0.043478260869565216	0.017857142857142856	0.02040816326530612	0.02	0.023810090702947845	0.01757592747173167	0.02564102564102564	0.038463017751479284	0.020408580175344023	0.021739130434782608	0.02127659574468085	0.0625	0.09090909090909091	0.14287755102040817	1.0	0.025	0.020833333333333332	0.020833333333333332	0.038461538461538464	0.019608227604767395	0.1111111111111111	0.14285714285714285	0.05263157894736842	0.031251953124999995	0.024390838786436643	1.0	0.030303030303030304	1.0	0.01851920438957476
hu	0.125015625	0.047619047619047616	0.5	0.04	0.025	0.005649749433432283	0.020833333333333332	0.00409837745229777	0.006172915714067978	0.004901960784313725	0.007042253521126761	0.02564102564102564	0.004003876164837382	0.02857142857142857	0.006211218702982138	0.006535947712418301	0.006535947712418301	0.045454545454545456	0.05	0.07142857142857142	1.0	0.007633587786259542	0.007246376811594203	0.0070921985815602835	0.014084507042253521	0.005	0.05555555555555555	0.16666666666666666	0.02702702702702703	0.01639344262295082	0.00819672131147541	1.0	0.011363765495867768	1.0	0.006172839506172839
id	0.125015625	0.08333333333333333	0.5	0.06667111111111111	0.045456611570247926	0.020833333333333332	0.041666666666666664	0.019230769230769232	0.020833333333333332	0.020833333333333332	0.02325635478637101	0.038463017751479284	0.02857142857142857	0.019254468605459034	0.022222716049382713	0.022222222222222223	0.022728305785123963	0.06666666666666667	0.10001999999999998	0.125	1.0	0.023809523809523808	0.022727272727272728	0.02040816326530612	0.04	0.020833333333333332	0.1	0.16666666666666666	0.045454545454545456	0.029412629757785465	0.027777777777777776	1.0	0.033334444444444444	1.0	0.020833333333333332
it	0.1	0.038461538461538464	0.5	0.045454545454545456	0.018867924528301886	0.003105609351491069	0.01639344262295082	0.0022173243986017767	0.003436461543911858	0.0028011361407308017	0.00409837745229777	0.020408580175344023	0.006211218702982138	0.022222716049382713	0.002103593936457137	0.0035461118781877294	0.004201733634630323	0.041666666666666664	0.05	0.06666666666666667	0.5	0.0053475935828877	0.0040650406504065045	0.003968269715293525	0.011904761904761904	0.0030395321550983454	0.045454545454545456	0.14285714285714285	0.02040816326530612	0.011363894628099173	0.00584798741493109	1.0	0.008620763971462544	1.0	0.003533681279576471
ja	0.11112345679012345	0.04545661363843182	0.5	0.04	0.02	0.003095994402323419	0.01818181818181818	0.001968503937007874	0.0035971223021582736	0.0027027173119065014	0.0045045653761869985	0.021739130434782608	0.006535947712418301	0.022222222222222223	0.0035461118781877294	0.001956954752639879	0.0038314176245210726	0.04	0.05	0.06666666666666667	0.5	0.005025150880028282	0.004524886877828055	0.004273540799181825	0.012987012987012988	0.003125009765625	0.0500025025025025	0.14285714285714285	0.023255813953488372	0.012345679012345678	0.005494505494505495	1.0	0.008928571428571428	1.0	0.003690064133113656
ko	0.08333333333333333	0.03225806451612903	0.5	0.04	0.02127659574468085	0.003401395251978342	0.019231139053254437	0.002617801047120419	0.004081649312786339	0.003164566976446082	0.00497514912997203	0.02127659574468085	0.006535947712418301	0.022728305785123963	0.004201733634630323	0.0038314176245210726	0.0025181429647363834	0.041666666666666664	0.05263157894736842	0.06666666666666667	0.5	0.005347650776401956	0.0048543689320388345	0.004739403899305968	0.012048192771084338	0.0034013721134712386	0.05263157894736842	0.14285714285714285	0.023255813953488372	0.013157894736842105	0.006329113924050633	1.0	0.009009009009009009	1.0	0.0039525847927635175
lv	0.20008004004004004	0.14285714285714285	1.0	0.1	0.058823529411764705	0.045454545454545456	0.0625	0.038461538461538464	0.041666666666666664	0.04	0.04	0.0625	0.045454545454545456	0.06666666666666667	0.041666666666666664	0.04	0.041666666666666664	0.03847337426035503	0.14285714285714285	0.125	1.0	0.047619047619047616	0.041666666666666664	0.041666666666666664	0.05555555555555555	0.04	0.14285714285714285	0.16666666666666666	0.07142857142857142	0.058823529411764705	0.047619047619047616	1.0	0.05	1.0	0.04
mk	0.20003999999999997	0.1	1.0	0.08333333333333333	0.1111111111111111	0.045454545454545456	0.08333333333333333	0.04	0.045456611570247926	0.043478260869565216	0.05263434903047091	0.09090909090909091	0.05	0.10001999999999998	0.05	0.05	0.05263157894736842	0.14285714285714285	0.040044848059254456	0.3333333333333333	1.0	0.058823529411764705	0.05555555555555555	0.05000249999999999	0.08333333333333333	0.041666666666666664	0.125	0.25	0.14285714285714285	0.07142857142857142	0.05	1.0	0.05882698961937716	1.0	0.041666666666666664
ml	0.3333333333333333	0.2	0.0	0.2	0.1111111111111111	0.06666666666666667	0.14285714285714285	0.0625	0.06666666666666667	0.06666666666666667	0.07142857142857142	0.14287755102040817	0.07142857142857142	0.125	0.06666666666666667	0.06666666666666667	0.06666666666666667	0.125	0.3333333333333333	0.06255866022273446	1.0	0.06666666666666667	0.06666666666666667	0.07142857142857142	0.1	0.0625	0.2	0.2	0.1111111111111111	0.1111111111111111	0.07142857142857142	1.0	0.08333333333333333	1.0	0.06666666666666667
mr	0.25006249999999997	1.0	0.5	1.0	1.0	0.5	1.0	0.5	0.5	0.5	0.5	1.0	1.0	1.0	0.5	0.5	0.5	1.0	1.0	1.0	0.5	0.5	0.5	0.5	1.0	0.5	1.0	1.0	1.0	1.0	0.5	1.0	0.5	1.0	0.5
nl	0.11113581482717286	0.058823529411764705	0.5	0.041666666666666664	0.022222222222222223	0.00423728813559322	0.020833333333333332	0.0033333333333333335	0.004739336492890996	0.0039525847927635175	0.005988095664957511	0.025	0.007633587786259542	0.023809523809523808	0.0053475935828877	0.005025150880028282	0.005347650776401956	0.047619047619047616	0.058823529411764705	0.06666666666666667	0.5	0.003248936731352842	0.006060606060606061	0.005917159763313609	0.014705882352941176	0.004098360655737705	0.058823529411764705	0.14285714285714285	0.02564102564102564	0.014705882352941176	0.006993006993006993	1.0	0.008771929824561403	1.0	0.004854392496936563
pl	0.1111111111111111	0.037037037037037035	0.5	0.041666666666666664	0.02	0.0033783783783783786	0.017857142857142856	0.0028653295128939827	0.004132231404958678	0.003389830508474576	0.00487807257584771	0.020833333333333332	0.007246376811594203	0.022727272727272728	0.0040650406504065045	0.004524886877828055	0.0048543689320388345	0.041666666666666664	0.05555555555555555	0.06666666666666667	0.5	0.006060606060606061	0.002234517027625502	0.004901960784313725	0.012195121951219513	0.0035335689045936395	0.05263157894736842	0.14285714285714285	0.02631578947368421	0.012987012987012988	0.006711409395973154	1.0	0.009433962264150943	1.0	0.004347826086956522
pt	0.06666666666666667	0.037037037037037035	0.5	0.038461538461538464	0.019230769230769232	0.0035587188612099642	0.016666666666666666	0.002445005708956785	0.003636376859504132	0.003144673865748981	0.005025150880028282	0.020833333333333332	0.0070921985815602835	0.02040816326530612	0.003968269715293525	0.004273540799181825	0.004739403899305968	0.041666666666666664	0.05000249999999999	0.07142857142857142	0.5	0.005917159763313609	0.004901960784313725	0.0024086636202733883	0.013333333333333334	0.003533593876812047	0.047619047619047616	0.14285714285714285	0.021739130434782608	0.012048337930033388	0.006451654526534859	1.0	0.009345794392523364	1.0	0.003952600431205002
ro	0.09095867768595041	0.05	0.5	0.05555555555555555	0.034482758620689655	0.011235955056179775	0.03125	0.009174311926605505	0.012048192771084338	0.010869565217391304	0.014084507042253521	0.038461538461538464	0.014084507042253521	0.04	0.011904761904761904	0.012987012987012988	0.012048192771084338	0.05555555555555555	0.08333333333333333	0.1	1.0	0.014705882352941176	0.012195121951219513	0.013333333333333334	0.008853867492991541	0.010309278350515464	0.0625	0.16666666666666666	0.04	0.02702702702702703	0.0136986301369863	1.0	0.017241379310344827	1.0	0.011111111111111112
ru	0.10000999999999999	0.03125	0.5	0.038461538461538464	0.017543859649122806	0.0023148201731824415	0.016129032258064516	0.00149925262256428	0.002915460394903484	0.002123155773729833	0.003861003861003861	0.019608227604767395	0.005	0.020833333333333332	0.0030395321550983454	0.003125009765625	0.0034013721134712386	0.04	0.041666666666666664	0.0625	0.5	0.004098360655737705	0.0035335689045936395	0.003533593876812047	0.010309278350515464	0.0013144854047014733	0.043478260869565216	0.14285714285714285	0.020833333333333332	0.011235955056179775	0.004901960784313725	1.0	0.006579033933518006	1.0	0.0030959752321981426
sh	0.25	0.10001001001001	0.5	0.2	0.14285714285714285	0.047619047619047616	0.08333333333333333	0.04	0.041666666666666664	0.043478260869565216	0.05	0.1111111111111111	0.05555555555555555	0.1	0.045454545454545456	0.0500025025025025	0.05263157894736842	0.14285714285714285	0.125	0.2	1.0	0.058823529411764705	0.05263157894736842	0.047619047619047616	0.0625	0.043478260869565216	0.040025619217616014	0.25	0.1111111111111111	0.043478260869565216	0.058823529411764705	1.0	0.08333333333333333	1.0	0.047619047619047616
si	0.3333333333333333	0.2	0.0	0.25	0.2	0.14285714285714285	0.25	0.14285714285714285	0.14285714285714285	0.14285714285714285	0.14285714285714285	0.14285714285714285	0.16666666666666666	0.16666666666666666	0.14285714285714285	0.14285714285714285	0.14285714285714285	0.16666666666666666	0.25	0.2	1.0	0.14285714285714285	0.14285714285714285	0.14285714285714285	0.16666666666666666	0.14285714285714285	0.25	0.14287755102040817	0.25	0.16666666666666666	0.16666666666666666	1.0	0.16666666666666666	1.0	0.14285714285714285
simple	0.1	0.1111111111111111	0.5	0.1111111111111111	0.038461538461538464	0.022222222222222223	0.037037037037037035	0.0196078431372549	0.020833333333333332	0.021739130434782608	0.023255813953488372	0.05263157894736842	0.02702702702702703	0.045454545454545456	0.02040816326530612	0.023255813953488372	0.023255813953488372	0.07142857142857142	0.14285714285714285	0.1111111111111111	1.0	0.02564102564102564	0.02631578947368421	0.021739130434782608	0.04	0.020833333333333332	0.1111111111111111	0.25	0.01923446856582914	0.037037037037037035	0.02631578947368421	1.0	0.03125	1.0	0.02127659574468085
sr	0.25	0.058823529411764705	1.0	0.0625	0.03571428571428571	0.011764705882352941	0.029411764705882353	0.01020408163265306	0.011111111111111112	0.011111111111111112	0.01282051282051282	0.031251953124999995	0.01639344262295082	0.029412629757785465	0.011363894628099173	0.012345679012345678	0.013157894736842105	0.058823529411764705	0.07142857142857142	0.1111111111111111	1.0	0.014705882352941176	0.012987012987012988	0.012048337930033388	0.02702702702702703	0.011235955056179775	0.043478260869565216	0.16666666666666666	0.037037037037037035	0.010212522183573934	0.014705882352941176	1.0	0.022727272727272728	1.0	0.011764705882352941
sv	0.11112345679012345	0.03571428571428571	0.5	0.041666666666666664	0.021739130434782608	0.005025125628140704	0.02040816326530612	0.0027397260273972603	0.0055248618784530384	0.004484304932735426	0.006666666666666667	0.024390838786436643	0.00819672131147541	0.027777777777777776	0.00584798741493109	0.005494505494505495	0.006329113924050633	0.047619047619047616	0.05	0.07142857142857142	0.5	0.006993006993006993	0.006711409395973154	0.006451654526534859	0.0136986301369863	0.004901960784313725	0.058823529411764705	0.16666666666666666	0.02631578947368421	0.014705882352941176	0.002697409886284698	1.0	0.011494252873563218	1.0	0.005494505494505495
te	0.0	1.0	0.0	1.0	1.0	1.0	1.0	1.0	1.0	1.0	1.0	1.0	1.0	1.0	1.0	1.0	1.0	1.0	1.0	1.0	1.0	1.0	1.0	1.0	1.0	1.0	1.0	1.0	1.0	1.0	1.0	1.0	1.0	1.0	1.0
vi	0.125	0.06666666666666667	0.5	0.045454545454545456	0.030303030303030304	0.007194244604316547	0.029411764705882353	0.00558659217877095	0.008	0.00684931506849315	0.010101214161820221	0.030303030303030304	0.011363765495867768	0.033334444444444444	0.008620763971462544	0.008928571428571428	0.009009009009009009	0.05	0.05882698961937716	0.08333333333333333	0.5	0.008771929824561403	0.009433962264150943	0.009345794392523364	0.017241379310344827	0.006579033933518006	0.08333333333333333	0.16666666666666666	0.03125	0.022727272727272728	0.011494252873563218	1.0	0.005593810222540448	1.0	0.0078125
war	0.2	1.0	0.0	1.0	1.0	1.0	1.0	1.0	1.0	1.0	1.0	1.0	1.0	1.0	1.0	1.0	1.0	1.0	1.0	1.0	1.0	1.0	1.0	1.0	1.0	1.0	1.0	1.0	1.0	1.0	1.0	1.0	1.0	1.0	1.0
zh	0.08333333333333333	0.030303030303030304	0.5	0.037037037037037035	0.018518861454046638	0.003215434083601286	0.01694915254237288	0.002364066193853428	0.003472222222222222	0.0029325771192198215	0.004273522536343049	0.01851920438957476	0.006172839506172839	0.020833333333333332	0.003533681279576471	0.003690064133113656	0.0039525847927635175	0.04	0.041666666666666664	0.06666666666666667	0.5	0.004854392496936563	0.004347826086956522	0.003952600431205002	0.011111111111111112	0.0030959752321981426	0.047619047619047616	0.14285714285714285	0.02127659574468085	0.011764705882352941	0.005494505494505495	1.0	0.0078125	1.0	0.002332557630144085
