arz	bs	ceb	ckb	da	de	el	en	es	fr	he	hi	hu	id	it	ja	ko	lv	mk	ml	mr	nl	pl	pt	ro	ru	sh	si	simple	sr	sv	te	vi	war	zh
arz	0.125062546890625	0.12504690625	0.2	0.16666666666666666	0.125015625	0.125	0.12503124999999998	0.125	0.125	0.125015625	0.125	0.3333333333333333	0.125	0.12503124999999998	0.125	0.125	0.12504690625	0.125	0.125015625	0.1667222222222222	0.16666666666666666	0.125015625	0.125	0.125	0.125	0.125	0.125046890625	1.0	0.125	0.125031265625	0.125	1.0	0.125	0.14285714285714285	0.12504690626562498
bs	0.12504690625	0.09144953186888241	0.2	0.11119758025925924	0.09097527279345462	0.09091735537190083	0.09102494230594232	0.09096695041322314	0.09096698347933883	0.09095869421487604	0.09100009098354554	0.25006249999999997	0.09104152098398431	0.09096695867768595	0.0910000992645621	0.09095871904962814	0.09107466157082726	0.09095042148760331	0.10013015017019025	0.1430410615719191	0.16672225	0.09095869421487603	0.09095042976033058	0.09100003305785123	0.09102495062841369	0.09093388429752067	0.0911244721842866	1.0	0.10009012017027037	0.09100838027282655	0.09093389256198348	1.0	0.09095041322314049	0.125	0.09109123193475349
ceb	0.2	0.2	0.2	0.2	0.2	0.2	0.2	0.2	0.2	0.2	0.2	0.5	0.2	0.2	0.2	0.2	0.2	0.2	0.2	0.2	0.2	0.2	0.2	0.2	0.2	0.2	0.2	1.0	0.2	0.2	0.2	1.0	0.2	0.2	0.2
ckb	0.16666666666666666	0.11119758025925924	0.2	0.11122230869138272	0.11112345679012345	0.1111111111111111	0.11116051851851852	0.11113580246913579	0.11112345679012345	0.1111111111111111	0.11113580246913579	0.25	0.11113580246913579	0.1111111111111111	0.1111111111111111	0.11112345679012345	0.11113580246913579	0.1111111111111111	0.125015625	0.14287755102040817	0.20003999999999997	0.1111111111111111	0.1111111111111111	0.11113580246913579	0.11112345679012345	0.1111111111111111	0.11117287654320988	1.0	0.125015625	0.11113580246913579	0.11112345679012345	1.0	0.11112345679012345	0.14285714285714285	0.11116049382716049
da	0.125015625	0.09097527279345462	0.2	0.11112345679012345	0.04770081881214341	0.04762358276643991	0.07146429592858164	0.04762812018367574	0.052637119113573404	0.04762358276643991	0.0666844488888889	0.25	0.0625273515625	0.07692899408284024	0.05557099692284878	0.05263712188365651	0.06252735548048048	0.07142857142857142	0.0909421570247934	0.14289797959183673	0.16669444444444442	0.055561728395061724	0.05557098765432098	0.06668444444444445	0.07143877551020407	0.04762358276643991	0.08338196527777776	1.0	0.08334027777777778	0.0769467573964497	0.050004999999999994	1.0	0.0625078125	0.125	0.06253126171875
de	0.125	0.09091735537190083	0.2	0.1111111111111111	0.04762358276643991	0.028611491533237852	0.06668000444444445	0.031253906250000005	0.04167361284722222	0.0312509765625	0.05263157894736842	0.25	0.05883737370242214	0.07143877551020407	0.0384733772204142	0.03703840877914952	0.05882698961937716	0.07142857142857142	0.09092561983471073	0.14285714285714285	0.16666666666666666	0.04166840277777777	0.050004999999999994	0.058823529411764705	0.06667555555555556	0.034485136741973836	0.08334027777777778	1.0	0.07692307692307693	0.07692307692307693	0.038463017751479284	1.0	0.058830449826989616	0.125	0.050012499999999994
el	0.12503124999999998	0.09102494230594232	0.2	0.11116051851851852	0.07146429592858164	0.06668000444444445	0.06688512206414401	0.06668889778222223	0.06667555555555557	0.06667111111111111	0.07144388776531634	0.25	0.07698820713020714	0.07696452071597633	0.06671112889333333	0.06668888888888888	0.06671557779556445	0.07692899408284024	0.10000999999999999	0.14293883679597966	0.16669444444444442	0.06669779111111111	0.06668444888888889	0.07147960714795919	0.07698821896451481	0.06667555555555556	0.08340280555555554	1.0	0.08334027777777778	0.0833680625	0.06667111111111111	1.0	0.07145409184183674	0.125	0.06672894224889334
en	0.125	0.09096695041322314	0.2	0.11113580246913579	0.04762812018367574	0.031253906250000005	0.06668889778222223	0.027899441287910703	0.04167708333333334	0.02941868685121107	0.05265375070360111	0.25	0.058851224916955006	0.07143877551020407	0.03847929586243047	0.03704664060356652	0.05885815919725261	0.07144898469387755	0.09091735537190083	0.142877571449	0.16669444444444442	0.0400112048016	0.04763038548752834	0.05884775778546713	0.06668444444444445	0.03448870392390011	0.0833819722430625	1.0	0.07692899408284024	0.07693491124260354	0.0400032016	1.0	0.055567901234567896	0.125	0.0500275225150075
es	0.125	0.09096698347933883	0.2	0.11112345679012345	0.052637119113573404	0.04167361284722222	0.06667555555555557	0.04167708333333334	0.03455902533852275	0.04167708506944444	0.05882698961937716	0.25	0.058830449826989616	0.0714438775510204	0.04763946939002268	0.04546487809917355	0.05884429411764705	0.07692899408284024	0.09093388429752067	0.14285714285714285	0.16666666666666666	0.047621315192743756	0.05264820498614959	0.058837373702422154	0.06668444444444445	0.0400080016	0.08336806944444444	1.0	0.07692307692307693	0.07692899408284024	0.045454545454545456	1.0	0.058833910034602074	0.125	0.055592598765432086
fr	0.125015625	0.09095869421487604	0.2	0.1111111111111111	0.04762358276643991	0.0312509765625	0.06667111111111111	0.02941868685121107	0.04167708506944444	0.027866783221656657	0.05263157894736842	0.25	0.058840833910034605	0.07143877551020407	0.03848373669675593	0.03704801234567901	0.05884429757785468	0.07143367346938775	0.09092561983471073	0.14289795918367348	0.16666666666666666	0.0400064	0.04762358276643991	0.058830449826989616	0.06667111111111111	0.035721938775510206	0.08334722222222221	1.0	0.07692899408284024	0.07694675147928993	0.0400016	1.0	0.055561728395061724	0.125	0.05002250999999999
he	0.125	0.09100009098354554	0.2	0.11113580246913579	0.0666844488888889	0.05263157894736842	0.07144388776531634	0.05265375070360111	0.05882698961937716	0.05263157894736842	0.05272593935786793	0.25006249999999997	0.06669778222222222	0.07143367346938775	0.055561728395061724	0.0526398891966759	0.06251953515625	0.08335416666666667	0.09091735537190083	0.14287755102040817	0.16669444444444442	0.052637119113573404	0.05882698961937716	0.05883391349480968	0.07144388776531634	0.05555555555555555	0.08338195833333334	1.0	0.07693491124260354	0.07694083431952663	0.052637119113573404	1.0	0.0625078125	0.125	0.05885816611073703
hi	0.3333333333333333	0.25006249999999997	0.5	0.25	0.25	0.25	0.25	0.25	0.25	0.25	0.25006249999999997	0.25006249999999997	0.25	0.25	0.25	0.25	0.25	0.25	0.3333333333333333	0.25	0.5	0.25	0.25	0.25	0.25	0.25	0.25	1.0	0.3333333333333333	0.25006249999999997	0.25	1.0	0.25	0.3333333333333333	0.25
hu	0.125	0.09104152098398431	0.2	0.11113580246913579	0.0625273515625	0.05883737370242214	0.07698820713020714	0.058851224916955006	0.058830449826989616	0.058840833910034605	0.06669778222222222	0.25	0.05912611883817585	0.07696449704142011	0.06255082033596096	0.06253516796875	0.06673340007119119	0.08337500694444444	0.09096697521487604	0.14293879591836733	0.16666666666666666	0.0625234453125	0.06252734374999999	0.06674232014244032	0.07150519397972974	0.058840833910034605	0.08343069466007692	1.0	0.083361125	0.07695859764497633	0.06251953125	1.0	0.06251953907032032	0.125	0.07155122991890389
id	0.12503124999999998	0.09096695867768595	0.2	0.1111111111111111	0.07692899408284024	0.07143877551020407	0.07696452071597633	0.07143877551020407	0.0714438775510204	0.07143877551020407	0.07143367346938775	0.25	0.07696449704142011	0.07157173021044125	0.07145919897959184	0.07144387755102041	0.0714745306531072	0.08334722222222221	0.09093390911572731	0.14293881632653063	0.16666666666666666	0.07144387755102041	0.07143877551020407	0.07144387755102041	0.07144897959183673	0.07144387755102041	0.08336111805555554	1.0	0.07692899408284024	0.07692899408284024	0.07143877551020407	1.0	0.07143367346938775	0.125	0.07147964291332148
it	0.125	0.0910000992645621	0.2	0.1111111111111111	0.05557099692284878	0.0384733772204142	0.06671112889333333	0.03847929586243047	0.04763946939002268	0.03848373669675593	0.055561728395061724	0.25	0.06255082033596096	0.07145919897959184	0.03864286052474657	0.04168751215451389	0.058871993096903115	0.07693491124260354	0.09094216529752067	0.14289797961226533	0.16666666666666666	0.04348582230623818	0.05557099383333951	0.06252736330471095	0.07147451020918368	0.04348393194706995	0.08338197920142365	1.0	0.07692899408284024	0.07693491124260354	0.04762585260770975	1.0	0.06250390624999999	0.125	0.050040027522522526
ja	0.125	0.09095871904962814	0.2	0.11112345679012345	0.05263712188365651	0.03703840877914952	0.06668888888888888	0.03704664060356652	0.04546487809917355	0.03704801234567901	0.0526398891966759	0.25	0.06253516796875	0.07144387755102041	0.04168751215451389	0.035811500796860796	0.05884775432525951	0.07694082840236686	0.09090909090909091	0.14289795918367348	0.16666666666666666	0.04167013888888889	0.05263434903047091	0.05883737370242214	0.07144387755102041	0.04166840277777777	0.08337502780558337	1.0	0.07693491124260354	0.07692899408284024	0.043480151228733464	1.0	0.06250390624999999	0.125	0.0500250150125075
ko	0.12504690625	0.09107466157082726	0.2	0.11113580246913579	0.06252735548048048	0.05882698961937716	0.06671557779556445	0.05885815919725261	0.05884429411764705	0.05884429757785468	0.06251953515625	0.25	0.06673340007119119	0.0714745306531072	0.058871993096903115	0.05884775432525951	0.05581909174914685	0.0769585798816568	0.09095042976861159	0.1429796734897959	0.16672225	0.05884429065743945	0.05884430104498963	0.06254690626953124	0.07150008685220433	0.058837370242214526	0.08345152793766683	1.0	0.07694083431952664	0.0769822840295858	0.058837370242214526	1.0	0.0625390781328125	0.125	0.0625782071212111
lv	0.125	0.09095042148760331	0.2	0.1111111111111111	0.07142857142857142	0.07142857142857142	0.07692899408284024	0.07144898469387755	0.07692899408284024	0.07143367346938775	0.08335416666666667	0.25	0.08337500694444444	0.08334722222222221	0.07693491124260354	0.07694082840236686	0.0769585798816568	0.07150518376544406	0.10000999999999999	0.14287755102040817	0.16666666666666666	0.07693491124260354	0.07693491124260354	0.08334027777777778	0.08335416666666667	0.07143877551020407	0.08337502083333333	1.0	0.09090909090909091	0.08333333333333333	0.07692307692307693	1.0	0.08333333333333333	0.125	0.07694675147928993
mk	0.125015625	0.10013015017019025	0.2	0.125015625	0.0909421570247934	0.09092561983471073	0.10000999999999999	0.09091735537190083	0.09093388429752067	0.09092561983471073	0.09091735537190083	0.3333333333333333	0.09096697521487604	0.09093390911572731	0.09094216529752067	0.09090909090909091	0.09095042976861159	0.10000999999999999	0.09109951295130718	0.16675005558333333	0.16666666666666666	0.09090909090909091	0.09093389256198348	0.09093388429752067	0.09094214876033059	0.09091735537190083	0.10009007006003999	1.0	0.09093388429752067	0.09094214876033058	0.09091735537190083	1.0	0.09093389256198348	0.125	0.09099181823971905
ml	0.1667222222222222	0.1430410615719191	0.2	0.14287755102040817	0.14289797959183673	0.14285714285714285	0.14293883679597966	0.142877571449	0.14285714285714285	0.14289795918367348	0.14287755102040817	0.25	0.14293879591836733	0.14293881632653063	0.14289797961226533	0.14289795918367348	0.1429796734897959	0.14287755102040817	0.16675005558333333	0.14318434832949617	0.2	0.14287755102040817	0.14289795918367348	0.14285714285714285	0.14293883679597966	0.14285714285714285	0.1430205102653674	1.0	0.16669444444444442	0.1429591836734694	0.14285714285714285	1.0	0.142877571449	0.16666666666666666	0.14295926538783682
mr	0.16666666666666666	0.16672225	0.2	0.20003999999999997	0.16669444444444442	0.16666666666666666	0.16669444444444442	0.16669444444444442	0.16666666666666666	0.16666666666666666	0.16669444444444442	0.5	0.16666666666666666	0.16666666666666666	0.16666666666666666	0.16666666666666666	0.16672225	0.16666666666666666	0.16666666666666666	0.2	0.16672225	0.16666666666666666	0.16666666666666666	0.16666666666666666	0.16666666666666666	0.16666666666666666	0.16669444444444442	1.0	0.16666666666666666	0.16669444444444442	0.16669444444444442	1.0	0.16666666666666666	0.16666666666666666	0.16669444444444442
nl	0.125015625	0.09095869421487603	0.2	0.1111111111111111	0.055561728395061724	0.04166840277777777	0.06669779111111111	0.0400112048016	0.047621315192743756	0.0400064	0.052637119113573404	0.25	0.0625234453125	0.07144387755102041	0.04348582230623818	0.04167013888888889	0.05884429065743945	0.07693491124260354	0.09090909090909091	0.14287755102040817	0.16666666666666666	0.040052860865659255	0.0526398891966759	0.058833910034602074	0.07145408673469388	0.04348015122873346	0.08336111111111111	1.0	0.07692899408284024	0.07692899408284024	0.045454545454545456	1.0	0.0625078125	0.125	0.0500075
pl	0.125	0.09095042976033058	0.2	0.1111111111111111	0.05557098765432098	0.050004999999999994	0.06668444888888889	0.04763038548752834	0.05264820498614959	0.04762358276643991	0.05882698961937716	0.25	0.06252734374999999	0.07143877551020407	0.05557099383333951	0.05263434903047091	0.05884430104498963	0.07693491124260354	0.09093389256198348	0.14289795918367348	0.16666666666666666	0.0526398891966759	0.04770082338597828	0.058830449826989616	0.06669778667556446	0.050004999999999994	0.08336807640279169	1.0	0.07692899408284024	0.07693491124260354	0.05000249999999999	1.0	0.05556481481481482	0.125	0.0625312656328125
pt	0.125	0.09100003305785123	0.2	0.11113580246913579	0.06668444444444445	0.058823529411764705	0.07147960714795919	0.05884775778546713	0.058837373702422154	0.058830449826989616	0.05883391349480968	0.25	0.06674232014244032	0.07144387755102041	0.06252736330471095	0.05883737370242214	0.06254690626953124	0.08334027777777778	0.09093388429752067	0.14285714285714285	0.16666666666666666	0.058833910034602074	0.058830449826989616	0.05574443091674273	0.07147451020918368	0.058833910034602074	0.08338892361805555	1.0	0.0769526745621361	0.07695266272189348	0.058830449826989616	1.0	0.0625234375	0.125	0.06258210948453928
ro	0.125	0.09102495062841369	0.2	0.11112345679012345	0.07143877551020407	0.06667555555555556	0.07698821896451481	0.06668444444444445	0.06668444444444445	0.06667111111111111	0.07144388776531634	0.25	0.07150519397972974	0.07144897959183673	0.07147451020918368	0.07144387755102041	0.07150008685220433	0.08335416666666667	0.09094214876033059	0.14293883679597966	0.16666666666666666	0.07145408673469388	0.06669778667556446	0.07147451020918368	0.06692993746529166	0.06667111111111111	0.08343068770167406	1.0	0.07694674556213017	0.07697042603550296	0.06668444444444445	1.0	0.06669334668001335	0.125	0.07149496946945415
ru	0.125	0.09093388429752067	0.2	0.1111111111111111	0.04762358276643991	0.034485136741973836	0.06667555555555556	0.03448870392390011	0.0400080016	0.035721938775510206	0.05555555555555555	0.25	0.058840833910034605	0.07144387755102041	0.04348393194706995	0.04166840277777777	0.058837370242214526	0.07143877551020407	0.09091735537190083	0.14285714285714285	0.16666666666666666	0.04348015122873346	0.050004999999999994	0.058833910034602074	0.06667111111111111	0.03230599489400956	0.08334027777777778	1.0	0.07693491124260354	0.07692307692307693	0.04167013888888889	1.0	0.05882698961937716	0.125	0.05264820498614959
sh	0.125046890625	0.0911244721842866	0.2	0.11117287654320988	0.08338196527777776	0.08334027777777778	0.08340280555555554	0.0833819722430625	0.08336806944444444	0.08334722222222221	0.08338195833333334	0.25	0.08343069466007692	0.08336111805555554	0.08338197920142365	0.08337502780558337	0.08345152793766683	0.08337502083333333	0.10009007006003999	0.1430205102653674	0.16669444444444442	0.08336111111111111	0.08336807640279169	0.08338892361805555	0.08343068770167406	0.08334027777777778	0.08370999328082662	1.0	0.0909752314214876	0.08340283337501388	0.08334722222222221	1.0	0.08336806250695139	0.125	0.08345850718784072
si	1.0	1.0	1.0	1.0	1.0	1.0	1.0	1.0	1.0	1.0	1.0	1.0	1.0	1.0	1.0	1.0	1.0	1.0	1.0	1.0	1.0	1.0	1.0	1.0	1.0	1.0	1.0	1.0	1.0	1.0	1.0	1.0	1.0	1.0	1.0
simple	0.125	0.10009012017027037	0.2	0.125015625	0.08334027777777778	0.07692307692307693	0.08334027777777778	0.07692899408284024	0.07692307692307693	0.07692899408284024	0.07693491124260354	0.3333333333333333	0.083361125	0.07692899408284024	0.07692899408284024	0.07693491124260354	0.07694083431952664	0.09090909090909091	0.09093388429752067	0.16669444444444442	0.16666666666666666	0.07692899408284024	0.07692899408284024	0.0769526745621361	0.07694674556213017	0.07693491124260354	0.0909752314214876	1.0	0.0770416216099712	0.08334027777777778	0.07692307692307693	1.0	0.07693491124260354	0.125	0.07697044381067458
sr	0.125031265625	0.09100838027282655	0.2	0.11113580246913579	0.0769467573964497	0.07692307692307693	0.0833680625	0.07693491124260354	0.07692899408284024	0.07694675147928993	0.07694083431952663	0.25006249999999997	0.07695859764497633	0.07692899408284024	0.07693491124260354	0.07692899408284024	0.0769822840295858	0.08333333333333333	0.09094214876033058	0.1429591836734694	0.16669444444444442	0.07692899408284024	0.07693491124260354	0.07695266272189348	0.07697042603550296	0.07692307692307693	0.08340283337501388	1.0	0.08334027777777778	0.07706537333838684	0.07692899408284024	1.0	0.07694082840236686	0.125	0.07697044380473964
sv	0.125	0.09093389256198348	0.2	0.11112345679012345	0.050004999999999994	0.038463017751479284	0.06667111111111111	0.0400032016	0.045454545454545456	0.0400016	0.052637119113573404	0.25	0.06251953125	0.07143877551020407	0.04762585260770975	0.043480151228733464	0.058837370242214526	0.07692307692307693	0.09091735537190083	0.14285714285714285	0.16669444444444442	0.045454545454545456	0.05000249999999999	0.058830449826989616	0.06668444444444445	0.04167013888888889	0.08334722222222221	1.0	0.07692307692307693	0.07692899408284024	0.0370727284142716	1.0	0.058830449826989616	0.125	0.05265097783933517
te	1.0	1.0	1.0	1.0	1.0	1.0	1.0	1.0	1.0	1.0	1.0	1.0	1.0	1.0	1.0	1.0	1.0	1.0	1.0	1.0	1.0	1.0	1.0	1.0	1.0	1.0	1.0	1.0	1.0	1.0	1.0	1.0	1.0	1.0	1.0
vi	0.125	0.09095041322314049	0.2	0.11112345679012345	0.0625078125	0.058830449826989616	0.07145409184183674	0.055567901234567896	0.058833910034602074	0.055561728395061724	0.0625078125	0.25	0.06251953907032032	0.07143367346938775	0.06250390624999999	0.06250390624999999	0.0625390781328125	0.08333333333333333	0.09093389256198348	0.142877571449	0.16666666666666666	0.0625078125	0.05556481481481482	0.0625234375	0.06669334668001335	0.05882698961937716	0.08336806250695139	1.0	0.07693491124260354	0.07694082840236686	0.058830449826989616	1.0	0.05564521012074436	0.125	0.06670223111555999
war	0.14285714285714285	0.125	0.2	0.14285714285714285	0.125	0.125	0.125	0.125	0.125	0.125	0.125	0.3333333333333333	0.125	0.125	0.125	0.125	0.125	0.125	0.125	0.16666666666666666	0.16666666666666666	0.125	0.125	0.125	0.125	0.125	0.125	1.0	0.125	0.125	0.125	1.0	0.125	0.125	0.125
zh	0.12504690626562498	0.09109123193475349	0.2	0.11116049382716049	0.06253126171875	0.050012499999999994	0.06672894224889334	0.0500275225150075	0.055592598765432086	0.05002250999999999	0.05885816611073703	0.25	0.07155122991890389	0.07147964291332148	0.050040027522522526	0.0500250150125075	0.0625782071212111	0.07694675147928993	0.09099181823971905	0.14295926538783682	0.16669444444444442	0.0500075	0.0625312656328125	0.06258210948453928	0.07149496946945415	0.05264820498614959	0.08345850718784072	1.0	0.07697044381067458	0.07697044380473964	0.05265097783933517	1.0	0.06670223111555999	0.125	0.04791338772285879
