arz	bs	ceb	ckb	da	de	el	en	es	fr	he	hi	hu	id	it	ja	ko	lv	mk	ml	mr	nl	pl	pt	ro	ru	sh	si	simple	sr	sv	te	vi	war	zh
arz	1.0	1.0	0.0	0.0	0.0	1.0	0.0	1.0	1.0	1.0	1.0	1.0	1.0	0.585786437626905	1.0	1.0	1.0	0.0	1.0	0.0	0.0	1.0	1.0	1.0	1.0	1.0	1.0	0.0	0.0	1.0	1.0	0.0	1.0	0.0	1.0
bs	1.0	1.0	1.0	1.0	0.5	0.38742588672279304	0.585786437626905	0.2118949818756026	0.28172904669025317	0.38742588672279304	0.5	0.5	0.5	0.3380788308512194	0.3126480851423008	0.4142135623730951	0.585786437626905	1.0	0.585786437626905	0.585786437626905	0.0	0.3660254037844386	0.585786437626905	0.3660254037844386	0.4142135623730951	0.3660254037844386	0.44948974278317805	0.585786437626905	0.585786437626905	0.4142135623730951	0.38742588672279304	1.0	0.585786437626905	1.0	0.38742588672279304
ceb	0.0	1.0	1.0	0.0	1.0	1.0	0.0	1.0	1.0	1.0	1.0	1.0	1.0	1.0	1.0	1.0	1.0	1.0	1.0	1.0	0.0	1.0	1.0	1.0	1.0	1.0	1.0	1.0	1.0	1.0	1.0	0.0	1.0	1.0	1.0
ckb	0.0	1.0	0.0	1.0	1.0	1.0	1.0	1.0	1.0	1.0	1.0	1.0	1.0	1.0	1.0	1.0	1.0	1.0	0.0	1.0	1.0	0.5	1.0	1.0	1.0	1.0	1.0	1.0	1.0	1.0	0.585786437626905	1.0	1.0	1.0	1.0
da	0.0	0.5	1.0	1.0	1.0	0.09926118823608798	0.3430703308172536	0.046773278737354054	0.11317574850436911	0.09030649602593689	0.179128784747792	0.38742588672279304	0.38742588672279304	0.1975496259559987	0.12010924668250578	0.2402530733520421	0.2612038749637415	1.0	0.5	1.0	1.0	0.16952084719853724	0.353889367864523	0.13608722898833464	0.2449655295864104	0.13178933105660948	0.4142135623730951	0.5	0.30552726787943424	0.2766967754673749	0.14284681550195305	1.0	0.2958163163244893	1.0	0.21290885543182675
de	1.0	0.38742588672279304	1.0	1.0	0.09926118823608798	1.0	0.44948974278317805	0.0038653187619537657	0.05317877789482549	0.008558595713462555	0.18795247918520225	0.3090169943749474	0.24660605559646726	0.05657660719331938	0.042094625160936386	0.1482675827043134	0.2193450929151803	0.585786437626905	0.5	0.5	1.0	0.018245599019431385	0.15815511491062575	0.08645942995724991	0.13727019597372123	0.06678604176309971	0.18660549686337075	0.4364916731037085	0.27429188517743175	0.24660605559646726	0.07676545444436816	1.0	0.25	0.5	0.11366948956266174
el	0.0	0.585786437626905	0.0	1.0	0.3430703308172536	0.44948974278317805	1.0	0.19367338768973055	0.585786437626905	0.20658711810431302	1.0	1.0	1.0	0.4142135623730951	0.3333333333333333	1.0	1.0	1.0	1.0	1.0	1.0	0.28436465220442186	0.44948974278317805	0.585786437626905	0.34833147735478825	1.0	0.4142135623730951	1.0	0.39564392373896007	0.585786437626905	0.4142135623730951	1.0	1.0	0.585786437626905	1.0
en	1.0	0.2118949818756026	1.0	1.0	0.046773278737354054	0.0038653187619537657	0.19367338768973055	1.0	0.0019860335824610615	0.004437588069862159	0.022342756215165058	0.06932062249426807	0.07951757069767086	0.007320402424365714	0.004143379775029206	0.010164545947047163	0.057304344464949836	0.44948974278317805	0.2070518364164892	0.25728427444747215	1.0	0.006399573843676409	0.03267589302514262	0.003989373536043439	0.0438768494628169	0.0025531644324700447	0.08886701886602685	0.38742588672279304	0.1233603071065848	0.08958199112755538	0.020651858835146097	1.0	0.09188942814050753	0.585786437626905	0.004945824532041826
es	1.0	0.28172904669025317	1.0	1.0	0.11317574850436911	0.05317877789482549	0.585786437626905	0.0019860335824610615	1.0	0.004197977209879261	0.4142135623730951	0.44948974278317805	0.5	0.03253912050817047	0.012667309168347062	0.3660254037844386	0.585786437626905	1.0	0.5	1.0	1.0	0.04505740552653045	0.12410664531548313	0.1482675827043134	0.14972506706560876	0.16015261286229274	0.1809073112342927	1.0	0.1987625491245426	0.3333333333333333	0.0790105151204802	1.0	0.3090169943749474	0.5	0.22281267964860224
fr	1.0	0.38742588672279304	1.0	1.0	0.09030649602593689	0.008558595713462555	0.20658711810431302	0.004437588069862159	0.004197977209879261	1.0	0.06490645331352655	0.18464218557642828	0.14037600977966974	0.015336977941529181	0.007314795135586082	0.0374029801349952	0.08226750961664182	0.44948974278317805	0.23166247903554	0.4142135623730951	0.585786437626905	0.019495063955608037	0.06372817985354134	0.024655423429675766	0.08472582040315572	0.005797040214122848	0.12642005305973533	0.36602540378443865	0.2402530733520421	0.14593533700330263	0.06468661126800719	1.0	0.15894454156034005	0.5	0.037052875114198046
he	1.0	0.5	1.0	1.0	0.179128784747792	0.18795247918520225	1.0	0.022342756215165058	0.4142135623730951	0.06490645331352655	1.0	1.0	1.0	0.0999075405550069	0.11606619483971768	1.0	1.0	1.0	1.0	1.0	1.0	0.09654410056212752	0.3430703308172536	0.5	0.22772999919644132	1.0	0.30216947925196225	1.0	0.3430703308172536	0.4142135623730951	0.15108374242333772	1.0	1.0	0.5	1.0
hi	1.0	0.5	1.0	1.0	0.38742588672279304	0.3090169943749474	1.0	0.06932062249426807	0.44948974278317805	0.18464218557642828	1.0	1.0	1.0	0.21290885543182675	0.1983555576735248	1.0	1.0	1.0	1.0	1.0	1.0	0.18660549686337075	0.585786437626905	0.585786437626905	0.24336073281110826	1.0	0.32449979983983984	1.0	0.44948974278317805	0.5	0.38742588672279304	1.0	1.0	0.5	1.0
hu	1.0	0.5	1.0	1.0	0.38742588672279304	0.24660605559646726	1.0	0.07951757069767086	0.5	0.14037600977966974	1.0	1.0	1.0	0.23166247903554	0.21089672205953397	1.0	1.0	1.0	1.0	1.0	1.0	0.13507810593582123	0.44948974278317805	0.585786437626905	0.21878418844863196	1.0	0.39564392373896007	1.0	1.0	0.5	0.34833147735478825	1.0	1.0	1.0	1.0
id	0.585786437626905	0.3380788308512194	1.0	1.0	0.1975496259559987	0.05657660719331938	0.4142135623730951	0.007320402424365714	0.03253912050817047	0.015336977941529181	0.0999075405550069	0.21290885543182675	0.23166247903554	1.0	0.044862412581724805	0.11787845042814334	0.10520888618853341	1.0	0.3333333333333333	0.4142135623730951	1.0	0.07293283357458137	0.1397106383919744	0.05285531435910702	0.12671020163537874	0.03524417225270776	0.16597681693032765	0.4142135623730951	0.2572842744474721	0.16944682596578395	0.0939793176753657	1.0	0.1852891992413258	0.44948974278317805	0.05319100028740861
it	1.0	0.3126480851423008	1.0	1.0	0.12010924668250578	0.042094625160936386	0.3333333333333333	0.004143379775029206	0.012667309168347062	0.007314795135586082	0.11606619483971768	0.1983555576735248	0.21089672205953397	0.044862412581724805	1.0	0.10710461314257713	0.13100580420257674	0.5	0.3203772410170407	0.39564392373896007	0.5	0.04468347546507572	0.10310703884553472	0.02580994390794186	0.1082232212220923	0.028446562678561917	0.18464218557642828	0.36602540378443865	0.2402530733520421	0.16015261286229274	0.08501529341633057	0.585786437626905	0.14053719616945776	0.44948974278317805	0.060944650320181135
ja	1.0	0.4142135623730951	1.0	1.0	0.2402530733520421	0.1482675827043134	1.0	0.010164545947047163	0.3660254037844386	0.0374029801349952	1.0	1.0	1.0	0.11787845042814334	0.10710461314257713	1.0	1.0	1.0	1.0	1.0	1.0	0.09488213349077174	0.22901628833426058	0.5	0.2012628451930092	1.0	0.3430703308172536	1.0	0.44948974278317805	0.44948974278317805	0.15954492995986427	1.0	1.0	0.5	0.585786437626905
ko	1.0	0.585786437626905	1.0	1.0	0.2612038749637415	0.2193450929151803	1.0	0.057304344464949836	0.585786437626905	0.08226750961664182	1.0	1.0	1.0	0.10520888618853341	0.13100580420257674	1.0	1.0	1.0	1.0	1.0	1.0	0.10801085013132487	0.22696955407408306	0.44948974278317805	0.1896812679802183	1.0	0.30901699437494745	1.0	0.4142135623730951	0.5	0.2240092377397959	1.0	1.0	0.5	1.0
lv	0.0	1.0	1.0	1.0	1.0	0.585786437626905	1.0	0.44948974278317805	1.0	0.44948974278317805	1.0	1.0	1.0	1.0	0.5	1.0	1.0	1.0	1.0	1.0	1.0	1.0	1.0	1.0	1.0	1.0	1.0	1.0	1.0	1.0	1.0	1.0	1.0	1.0	1.0
mk	1.0	0.585786437626905	1.0	0.0	0.5	0.5	1.0	0.2070518364164892	0.5	0.23166247903554	1.0	1.0	1.0	0.3333333333333333	0.3203772410170407	1.0	1.0	1.0	1.0	1.0	1.0	0.3266316347104093	1.0	1.0	0.5	1.0	0.4364916731037085	1.0	0.585786437626905	1.0	0.5	1.0	1.0	1.0	1.0
ml	0.0	0.585786437626905	1.0	1.0	1.0	0.5	1.0	0.25728427444747215	1.0	0.4142135623730951	1.0	1.0	1.0	0.4142135623730951	0.39564392373896007	1.0	1.0	1.0	1.0	1.0	1.0	0.28989794855663564	0.585786437626905	1.0	0.5	1.0	0.585786437626905	1.0	1.0	0.585786437626905	0.44948974278317805	1.0	1.0	0.585786437626905	1.0
mr	0.0	0.0	0.0	1.0	1.0	1.0	1.0	1.0	1.0	0.585786437626905	1.0	1.0	1.0	1.0	0.5	1.0	1.0	1.0	1.0	1.0	1.0	1.0	1.0	1.0	1.0	1.0	1.0	1.0	1.0	1.0	1.0	1.0	1.0	1.0	1.0
nl	1.0	0.3660254037844386	1.0	0.5	0.16952084719853724	0.018245599019431385	0.28436465220442186	0.006399573843676409	0.04505740552653045	0.019495063955608037	0.09654410056212752	0.18660549686337075	0.13507810593582123	0.07293283357458137	0.04468347546507572	0.09488213349077174	0.10801085013132487	1.0	0.3266316347104093	0.28989794855663564	1.0	1.0	0.1121550495895991	0.04511892611036509	0.1013037586420431	0.01790627935690429	0.17684258135111194	1.0	0.22281267964860227	0.12769271191181894	0.06157613441181553	1.0	0.13427160699150362	0.5	0.0663515090328441
pl	1.0	0.585786437626905	1.0	1.0	0.353889367864523	0.15815511491062575	0.44948974278317805	0.03267589302514262	0.12410664531548313	0.06372817985354134	0.3430703308172536	0.585786437626905	0.44948974278317805	0.1397106383919744	0.10310703884553472	0.22901628833426058	0.22696955407408306	1.0	1.0	0.585786437626905	1.0	0.1121550495895991	1.0	0.17100799366294794	0.23166247903554	0.1380262631157473	0.3660254037844386	1.0	0.5	0.4142135623730951	0.15331120368114	1.0	0.32449979983983984	0.585786437626905	0.1757340838011157
pt	1.0	0.3660254037844386	1.0	1.0	0.13608722898833464	0.08645942995724991	0.585786437626905	0.003989373536043439	0.1482675827043134	0.024655423429675766	0.5	0.585786437626905	0.585786437626905	0.05285531435910702	0.02580994390794186	0.5	0.44948974278317805	1.0	1.0	1.0	1.0	0.04511892611036509	0.17100799366294794	1.0	0.14923419446018063	0.2843646522044218	0.22772999919644132	1.0	0.25355482027512377	0.3203772410170407	0.10018572037914208	1.0	0.38742588672279304	0.585786437626905	0.4142135623730951
ro	1.0	0.4142135623730951	1.0	1.0	0.2449655295864104	0.13727019597372123	0.34833147735478825	0.0438768494628169	0.14972506706560876	0.08472582040315572	0.22772999919644132	0.24336073281110826	0.21878418844863196	0.12671020163537874	0.1082232212220923	0.2012628451930092	0.1896812679802183	1.0	0.5	0.5	1.0	0.1013037586420431	0.23166247903554	0.14923419446018063	1.0	0.15225881209433406	0.3660254037844386	0.585786437626905	0.38742588672279304	0.2674788903885893	0.2016895928872254	1.0	0.26533119314590375	0.585786437626905	0.18151291824946006
ru	1.0	0.3660254037844386	1.0	1.0	0.13178933105660948	0.06678604176309971	1.0	0.0025531644324700447	0.16015261286229274	0.005797040214122848	1.0	1.0	1.0	0.03524417225270776	0.028446562678561917	1.0	1.0	1.0	1.0	1.0	1.0	0.01790627935690429	0.1380262631157473	0.2843646522044218	0.15225881209433406	1.0	0.21089672205953397	1.0	0.2742918851774318	0.3660254037844386	0.06749573076839026	1.0	1.0	0.5	0.585786437626905
sh	1.0	0.44948974278317805	1.0	1.0	0.4142135623730951	0.18660549686337075	0.4142135623730951	0.08886701886602685	0.1809073112342927	0.12642005305973533	0.30216947925196225	0.32449979983983984	0.39564392373896007	0.16597681693032765	0.18464218557642828	0.3430703308172536	0.30901699437494745	1.0	0.4364916731037085	0.585786437626905	1.0	0.17684258135111194	0.3660254037844386	0.22772999919644132	0.3660254037844386	0.21089672205953397	1.0	1.0	0.4142135623730951	0.22772999919644132	0.28172904669025317	1.0	0.585786437626905	1.0	0.2612038749637414
si	0.0	0.585786437626905	1.0	1.0	0.5	0.4364916731037085	1.0	0.38742588672279304	1.0	0.36602540378443865	1.0	1.0	1.0	0.4142135623730951	0.36602540378443865	1.0	1.0	1.0	1.0	1.0	1.0	1.0	1.0	1.0	0.585786437626905	1.0	1.0	1.0	1.0	0.585786437626905	1.0	1.0	1.0	1.0	1.0
simple	0.0	0.585786437626905	1.0	1.0	0.30552726787943424	0.27429188517743175	0.39564392373896007	0.1233603071065848	0.1987625491245426	0.2402530733520421	0.3430703308172536	0.44948974278317805	1.0	0.2572842744474721	0.2402530733520421	0.44948974278317805	0.4142135623730951	1.0	0.585786437626905	1.0	1.0	0.22281267964860227	0.5	0.25355482027512377	0.38742588672279304	0.2742918851774318	0.4142135623730951	1.0	1.0	0.4142135623730951	0.27195617308673004	1.0	0.5	0.585786437626905	0.2612038749637415
sr	1.0	0.4142135623730951	1.0	1.0	0.2766967754673749	0.24660605559646726	0.585786437626905	0.08958199112755538	0.3333333333333333	0.14593533700330263	0.4142135623730951	0.5	0.5	0.16944682596578395	0.16015261286229274	0.44948974278317805	0.5	1.0	1.0	0.585786437626905	1.0	0.12769271191181894	0.4142135623730951	0.3203772410170407	0.2674788903885893	0.3660254037844386	0.22772999919644132	0.585786437626905	0.4142135623730951	1.0	0.20521309615767264	1.0	0.5	0.5	0.38742588672279304
sv	1.0	0.38742588672279304	1.0	0.585786437626905	0.14284681550195305	0.07676545444436816	0.4142135623730951	0.020651858835146097	0.0790105151204802	0.06468661126800719	0.15108374242333772	0.38742588672279304	0.34833147735478825	0.0939793176753657	0.08501529341633057	0.15954492995986427	0.2240092377397959	1.0	0.5	0.44948974278317805	1.0	0.06157613441181553	0.15331120368114	0.10018572037914208	0.2016895928872254	0.06749573076839026	0.28172904669025317	1.0	0.27195617308673004	0.20521309615767264	1.0	0.585786437626905	0.252650308587072	0.585786437626905	0.12127550239018872
te	0.0	1.0	0.0	1.0	1.0	1.0	1.0	1.0	1.0	1.0	1.0	1.0	1.0	1.0	0.585786437626905	1.0	1.0	1.0	1.0	1.0	1.0	1.0	1.0	1.0	1.0	1.0	1.0	1.0	1.0	1.0	0.585786437626905	1.0	1.0	1.0	1.0
vi	1.0	0.585786437626905	1.0	1.0	0.2958163163244893	0.25	1.0	0.09188942814050753	0.3090169943749474	0.15894454156034005	1.0	1.0	1.0	0.1852891992413258	0.14053719616945776	1.0	1.0	1.0	1.0	1.0	1.0	0.13427160699150362	0.32449979983983984	0.38742588672279304	0.26533119314590375	1.0	0.585786437626905	1.0	0.5	0.5	0.252650308587072	1.0	1.0	0.5	0.585786437626905
war	0.0	1.0	1.0	1.0	1.0	0.5	0.585786437626905	0.585786437626905	0.5	0.5	0.5	0.5	1.0	0.44948974278317805	0.44948974278317805	0.5	0.5	1.0	1.0	0.585786437626905	1.0	0.5	0.585786437626905	0.585786437626905	0.585786437626905	0.5	1.0	1.0	0.585786437626905	0.5	0.585786437626905	1.0	0.5	1.0	0.5
zh	1.0	0.38742588672279304	1.0	1.0	0.21290885543182675	0.11366948956266174	1.0	0.004945824532041826	0.22281267964860224	0.037052875114198046	1.0	1.0	1.0	0.05319100028740861	0.060944650320181135	0.585786437626905	1.0	1.0	1.0	1.0	1.0	0.0663515090328441	0.1757340838011157	0.4142135623730951	0.18151291824946006	0.585786437626905	0.2612038749637414	1.0	0.2612038749637415	0.38742588672279304	0.12127550239018872	1.0	0.585786437626905	0.5	1.0
