arz	bs	ceb	ckb	da	de	el	en	es	fr	he	hi	hu	id	it	ja	ko	lv	mk	ml	mr	nl	pl	pt	ro	ru	sh	si	simple	sr	sv	te	vi	war	zh
arz	1.0	0.0	0.0	0.0	1.0	1.0	1.0	1.0	1.0	1.0	0.0	1.0	1.0	1.0	1.0	1.0	1.0	1.0	0.0	1.0	0.0	1.0	1.0	1.0	1.0	1.0	1.0	0.0	1.0	1.0	1.0	0.0	1.0	0.0	1.0
bs	0.0	0.5	1.0	1.0	0.5	0.5	1.0	0.5	0.5	0.5	0.5	0.5	0.5	0.5	0.5	0.5	0.5	0.5	0.5	1.0	1.0	0.5	0.5	0.5	0.5	0.5	0.5	0.0	0.5	0.5	0.5	0.2	0.5	0.0	0.5
ceb	0.0	1.0	1.0	1.0	1.0	1.0	1.0	1.0	1.0	1.0	1.0	1.0	1.0	1.0	1.0	1.0	1.0	1.0	0.0	1.0	0.0	1.0	1.0	1.0	1.0	0.0	1.0	0.0	1.0	1.0	1.0	1.0	1.0	0.0	1.0
ckb	0.0	1.0	1.0	0.25	0.25	0.25	1.0	0.25	0.25	0.25	0.3333333333333333	0.3333333333333333	0.3333333333333333	0.25	0.25	0.25	0.25	0.5	1.0	0.0	1.0	0.25	0.25	0.25	0.25	0.25	0.25	0.5	0.5	0.25	0.25	0.16666666666666666	0.5	0.0	0.25
da	1.0	0.5	1.0	0.25	0.04775098773663225	0.05555864197530863	0.2	0.047637199555562365	0.05882698961937716	0.05555555555555555	0.125	0.16666666666666666	0.14285714285714285	0.08334027777777778	0.050030012505004995	0.07142857142857142	0.06666666666666667	0.16666666666666666	0.5	0.5	0.5	0.06667111111111111	0.07692899408284024	0.052637119113573404	0.125	0.07142857142857142	0.10000999999999999	0.5	0.125015625	0.1	0.05883045328719723	0.125	0.125	1.0	0.07692307692307693
de	1.0	0.5	1.0	0.25	0.05555864197530863	0.021317880244481845	0.08333333333333333	0.02273554029028977	0.026317174515235454	0.026316481994459833	0.058823529411764705	0.125	0.06666666666666667	0.047619047619047616	0.027032870708546382	0.043478260869565216	0.047619047619047616	0.14285714285714285	0.5	0.5	0.5	0.029412629757785465	0.033334444444444444	0.029414359861591695	0.08333333333333333	0.030303030303030304	0.05555864197530863	0.5	0.1	0.05	0.04762358276643991	0.1	0.09090909090909091	1.0	0.041666666666666664
el	1.0	1.0	1.0	1.0	0.2	0.08333333333333333	0.05263157894736842	0.058823529411764705	0.058823529411764705	0.058823529411764705	0.14285714285714285	0.25	0.09090909090909091	0.125	0.058823529411764705	0.08333333333333333	0.1	0.25	1.0	0.5	1.0	0.1	0.1	0.07692307692307693	0.14285714285714285	0.08333333333333333	0.125	0.5	0.16666666666666666	0.1111111111111111	0.1	0.16666666666666666	0.2	1.0	0.09090909090909091
en	1.0	0.5	1.0	0.25	0.047637199555562365	0.02273554029028977	0.058823529411764705	0.012517990753552316	0.01786001307397959	0.017548169590643276	0.05	0.1111111111111111	0.05264266204986149	0.04546694421487603	0.018204985819213603	0.030303030303030304	0.038461538461538464	0.14285714285714285	0.5	0.5	0.5	0.025001875	0.03333777777777778	0.020842451389322916	0.06667555555555556	0.023809523809523808	0.04168229513888889	0.5	0.08334027777777778	0.045454545454545456	0.03572449234693877	0.09090909090909091	0.08333333333333333	1.0	0.034482758620689655
es	1.0	0.5	1.0	0.25	0.05882698961937716	0.026317174515235454	0.058823529411764705	0.01786001307397959	0.01726698043289876	0.020408579758433985	0.05555555555555555	0.1111111111111111	0.05263157894736842	0.05	0.022732439049586776	0.03225806451612903	0.04	0.14285714285714285	0.5	0.5	0.5	0.03125	0.03703840877914952	0.024392028554431885	0.06666666666666667	0.02702702702702703	0.05000249999999999	0.5	0.08333333333333333	0.047619047619047616	0.04348015122873346	0.09090909090909091	0.09090909090909091	1.0	0.037037037037037035
fr	1.0	0.5	1.0	0.25	0.05555555555555555	0.026316481994459833	0.058823529411764705	0.017548169590643276	0.020408579758433985	0.015909379125153198	0.05555555555555555	0.1111111111111111	0.05555555555555555	0.047621315192743756	0.022225186666666667	0.03333333333333333	0.041666666666666664	0.14285714285714285	0.5	0.5	0.5	0.028572244897959183	0.038461538461538464	0.025002499999999997	0.07142857142857142	0.02631578947368421	0.0526398891966759	0.5	0.09090909090909091	0.05	0.041666666666666664	0.1	0.1	1.0	0.04
he	0.0	0.5	1.0	0.3333333333333333	0.125	0.058823529411764705	0.14285714285714285	0.05	0.05555555555555555	0.05555555555555555	0.05	0.16666666666666666	0.1111111111111111	0.09090909090909091	0.0625	0.06666666666666667	0.07142857142857142	0.25	0.5	1.0	0.5	0.08333333333333333	0.06666666666666667	0.06666666666666667	0.125	0.058823529411764705	0.07692307692307693	0.5	0.125	0.1	0.1	0.1	0.1111111111111111	1.0	0.07692307692307693
hi	1.0	0.5	1.0	0.3333333333333333	0.16666666666666666	0.125	0.25	0.1111111111111111	0.1111111111111111	0.1111111111111111	0.16666666666666666	0.1111111111111111	0.2	0.14285714285714285	0.1111111111111111	0.1111111111111111	0.1111111111111111	0.2	0.5	0.5	1.0	0.14285714285714285	0.125	0.125	0.2	0.1111111111111111	0.125	0.5	0.14285714285714285	0.16666666666666666	0.14285714285714285	0.125	0.16666666666666666	0.0	0.1111111111111111
hu	1.0	0.5	1.0	0.3333333333333333	0.14285714285714285	0.06666666666666667	0.09090909090909091	0.05264266204986149	0.05263157894736842	0.05555555555555555	0.1111111111111111	0.2	0.05267038505264267	0.10000999999999999	0.052637119113573404	0.07692307692307693	0.09090909090909091	0.16666666666666666	0.5	0.5	0.5	0.07142857142857142	0.07142857142857142	0.07142857142857142	0.1	0.06666666666666667	0.08333333333333333	0.5	0.14287755102040817	0.09090909090909091	0.125	0.16666666666666666	0.2	1.0	0.09090909090909091
id	1.0	0.5	1.0	0.25	0.08334027777777778	0.047619047619047616	0.125	0.04546694421487603	0.05	0.047621315192743756	0.09090909090909091	0.14285714285714285	0.10000999999999999	0.04351798867675993	0.045462809917355365	0.05555555555555555	0.058823529411764705	0.16666666666666666	0.5	0.5	0.5	0.05263157894736842	0.05555555555555555	0.045454545454545456	0.08334722222222221	0.05555555555555555	0.06667111111111111	0.5	0.11112345679012345	0.07142857142857142	0.06667555555555556	0.1111111111111111	0.125	1.0	0.058823529411764705
it	1.0	0.5	1.0	0.25	0.050030012505004995	0.027032870708546382	0.058823529411764705	0.018204985819213603	0.022732439049586776	0.022225186666666667	0.0625	0.1111111111111111	0.052637119113573404	0.045462809917355365	0.017085269720606484	0.04	0.043478260869565216	0.14285714285714285	0.5	0.5	0.5	0.031251953125	0.035715561224489795	0.023262847487292595	0.07143367346938775	0.03125	0.05264821053462881	0.5	0.09092561983471074	0.05	0.04168055729166667	0.09090909090909091	0.09090909090909091	1.0	0.038461538461538464
ja	1.0	0.5	1.0	0.25	0.07142857142857142	0.043478260869565216	0.08333333333333333	0.030303030303030304	0.03225806451612903	0.03333333333333333	0.06666666666666667	0.1111111111111111	0.07692307692307693	0.05555555555555555	0.04	0.027027757487216943	0.038461538461538464	0.14285714285714285	0.5	0.5	0.5	0.043478260869565216	0.05	0.038461538461538464	0.08333333333333333	0.038461538461538464	0.05263157894736842	0.5	0.08333333333333333	0.06666666666666667	0.0625	0.1	0.1111111111111111	1.0	0.03571428571428571
ko	1.0	0.5	1.0	0.25	0.06666666666666667	0.047619047619047616	0.1	0.038461538461538464	0.04	0.041666666666666664	0.07142857142857142	0.1111111111111111	0.09090909090909091	0.058823529411764705	0.043478260869565216	0.038461538461538464	0.03448394768133174	0.14285714285714285	0.5	0.5	0.5	0.05	0.05	0.045454545454545456	0.08333333333333333	0.043478260869565216	0.06666666666666667	0.5	0.08333333333333333	0.07142857142857142	0.05555555555555555	0.1	0.1111111111111111	1.0	0.041666666666666664
lv	1.0	0.5	1.0	0.5	0.16666666666666666	0.14285714285714285	0.25	0.14285714285714285	0.14285714285714285	0.14285714285714285	0.25	0.2	0.16666666666666666	0.16666666666666666	0.14285714285714285	0.14285714285714285	0.14285714285714285	0.14285714285714285	0.5	0.5	0.5	0.14285714285714285	0.14285714285714285	0.14285714285714285	0.16666666666666666	0.14285714285714285	0.16666666666666666	0.5	0.14285714285714285	0.16666666666666666	0.16666666666666666	0.16666666666666666	0.2	1.0	0.16666666666666666
mk	0.0	0.5	0.0	1.0	0.5	0.5	1.0	0.5	0.5	0.5	0.5	0.5	0.5	0.5	0.5	0.5	0.5	0.5	0.3333333333333333	1.0	1.0	0.5	0.5	0.5	0.5	0.3333333333333333	0.5	0.5	0.5	0.5	0.5	0.2	0.5	0.0	0.5
ml	1.0	1.0	1.0	0.0	0.5	0.5	0.5	0.5	0.5	0.5	1.0	0.5	0.5	0.5	0.5	0.5	0.5	0.5	1.0	0.5	0.0	0.5	0.5	0.5	0.5	0.5	0.5	0.5	0.5	0.5	0.5	0.2	0.5	0.0	0.5
mr	0.0	1.0	0.0	1.0	0.5	0.5	1.0	0.5	0.5	0.5	0.5	1.0	0.5	0.5	0.5	0.5	0.5	0.5	1.0	0.0	0.5	0.5	0.5	0.5	0.5	0.5	0.5	1.0	0.5	0.5	0.5	0.25	0.5	1.0	1.0
nl	1.0	0.5	1.0	0.25	0.06667111111111111	0.029412629757785465	0.1	0.025001875	0.03125	0.028572244897959183	0.08333333333333333	0.14285714285714285	0.07142857142857142	0.05263157894736842	0.031251953125	0.043478260869565216	0.05	0.14285714285714285	0.5	0.5	0.5	0.021297435952926214	0.03571428571428571	0.033335555555555556	0.07692307692307693	0.03225806451612903	0.05263157894736842	0.5	0.1	0.05555555555555555	0.05263434903047091	0.1	0.125	1.0	0.047619047619047616
pl	1.0	0.5	1.0	0.25	0.07692899408284024	0.033334444444444444	0.1	0.03333777777777778	0.03703840877914952	0.038461538461538464	0.06666666666666667	0.125	0.07142857142857142	0.05555555555555555	0.035715561224489795	0.05	0.05	0.14285714285714285	0.5	0.5	0.5	0.03571428571428571	0.0270445697655252	0.03846449704142012	0.08333333333333333	0.03333333333333333	0.05555864197530863	0.5	0.09091735537190083	0.058823529411764705	0.05263157894736842	0.1	0.125	1.0	0.047619047619047616
pt	1.0	0.5	1.0	0.25	0.052637119113573404	0.029414359861591695	0.07692307692307693	0.020842451389322916	0.024392028554431885	0.025002499999999997	0.06666666666666667	0.125	0.07142857142857142	0.045454545454545456	0.023262847487292595	0.038461538461538464	0.045454545454545456	0.14285714285714285	0.5	0.5	0.5	0.033335555555555556	0.03846449704142012	0.020462456893714235	0.07142857142857142	0.03125	0.04762358276643991	0.5	0.09090909090909091	0.05	0.045454545454545456	0.09090909090909091	0.09090909090909091	1.0	0.041666666666666664
ro	1.0	0.5	1.0	0.25	0.125	0.08333333333333333	0.14285714285714285	0.06667555555555556	0.06666666666666667	0.07142857142857142	0.125	0.2	0.1	0.08334722222222221	0.07143367346938775	0.08333333333333333	0.08333333333333333	0.16666666666666666	0.5	0.5	0.5	0.07692307692307693	0.08333333333333333	0.07142857142857142	0.06670224001334668	0.07142857142857142	0.10000999999999999	0.5	0.14285714285714285	0.08333333333333333	0.09090909090909091	0.16666666666666666	0.2	1.0	0.08333333333333333
ru	1.0	0.5	0.0	0.25	0.07142857142857142	0.030303030303030304	0.08333333333333333	0.023809523809523808	0.02702702702702703	0.02631578947368421	0.058823529411764705	0.1111111111111111	0.06666666666666667	0.05555555555555555	0.03125	0.038461538461538464	0.043478260869565216	0.14285714285714285	0.3333333333333333	0.5	0.5	0.03225806451612903	0.03333333333333333	0.03125	0.07142857142857142	0.020408996251561846	0.05555555555555555	0.5	0.08333333333333333	0.05263157894736842	0.05	0.1	0.1111111111111111	1.0	0.04
sh	1.0	0.5	1.0	0.25	0.10000999999999999	0.05555864197530863	0.125	0.04168229513888889	0.05000249999999999	0.0526398891966759	0.07692307692307693	0.125	0.08333333333333333	0.06667111111111111	0.05264821053462881	0.05263157894736842	0.06666666666666667	0.16666666666666666	0.5	0.5	0.5	0.05263157894736842	0.05555864197530863	0.04762358276643991	0.10000999999999999	0.05555555555555555	0.04179026479581189	0.5	0.1111111111111111	0.06666666666666667	0.09090909090909091	0.1	0.125	1.0	0.0625
si	0.0	0.0	0.0	0.5	0.5	0.5	0.5	0.5	0.5	0.5	0.5	0.5	0.5	0.5	0.5	0.5	0.5	0.5	0.5	0.5	1.0	0.5	0.5	0.5	0.5	0.5	0.5	0.5	0.5	0.5	0.5	0.5	0.5	1.0	0.5
simple	1.0	0.5	1.0	0.5	0.125015625	0.1	0.16666666666666666	0.08334027777777778	0.08333333333333333	0.09090909090909091	0.125	0.14285714285714285	0.14287755102040817	0.11112345679012345	0.09092561983471074	0.08333333333333333	0.08333333333333333	0.14285714285714285	0.5	0.5	0.5	0.1	0.09091735537190083	0.09090909090909091	0.14285714285714285	0.08333333333333333	0.1111111111111111	0.5	0.08335416666666667	0.125	0.1	0.1111111111111111	0.14285714285714285	1.0	0.09090909090909091
sr	1.0	0.5	1.0	0.25	0.1	0.05	0.1111111111111111	0.045454545454545456	0.047619047619047616	0.05	0.1	0.16666666666666666	0.09090909090909091	0.07142857142857142	0.05	0.06666666666666667	0.07142857142857142	0.16666666666666666	0.5	0.5	0.5	0.05555555555555555	0.058823529411764705	0.05	0.08333333333333333	0.05263157894736842	0.06666666666666667	0.5	0.125	0.045454545454545456	0.07142857142857142	0.1	0.14285714285714285	1.0	0.0625
sv	1.0	0.5	1.0	0.25	0.05883045328719723	0.04762358276643991	0.1	0.03572449234693877	0.04348015122873346	0.041666666666666664	0.1	0.14285714285714285	0.125	0.06667555555555556	0.04168055729166667	0.0625	0.05555555555555555	0.16666666666666666	0.5	0.5	0.5	0.05263434903047091	0.05263157894736842	0.045454545454545456	0.09090909090909091	0.05	0.09090909090909091	0.5	0.1	0.07142857142857142	0.032290356955291394	0.1	0.14285714285714285	1.0	0.0625
te	0.0	0.2	1.0	0.16666666666666666	0.125	0.1	0.16666666666666666	0.09090909090909091	0.09090909090909091	0.1	0.1	0.125	0.16666666666666666	0.1111111111111111	0.09090909090909091	0.1	0.1	0.16666666666666666	0.2	0.2	0.25	0.1	0.1	0.09090909090909091	0.16666666666666666	0.1	0.1	0.5	0.1111111111111111	0.1	0.1	0.09090909090909091	0.1111111111111111	0.5	0.1
vi	1.0	0.5	1.0	0.5	0.125	0.09090909090909091	0.2	0.08333333333333333	0.09090909090909091	0.1	0.1111111111111111	0.16666666666666666	0.2	0.125	0.09090909090909091	0.1111111111111111	0.1111111111111111	0.2	0.5	0.5	0.5	0.125	0.125	0.09090909090909091	0.2	0.1111111111111111	0.125	0.5	0.14285714285714285	0.14285714285714285	0.14285714285714285	0.1111111111111111	0.08334722222222221	1.0	0.125
war	0.0	0.0	0.0	0.0	1.0	1.0	1.0	1.0	1.0	1.0	1.0	0.0	1.0	1.0	1.0	1.0	1.0	1.0	0.0	0.0	1.0	1.0	1.0	1.0	1.0	1.0	1.0	1.0	1.0	1.0	1.0	0.5	1.0	1.0	0.0
zh	1.0	0.5	1.0	0.25	0.07692307692307693	0.041666666666666664	0.09090909090909091	0.034482758620689655	0.037037037037037035	0.04	0.07692307692307693	0.1111111111111111	0.09090909090909091	0.058823529411764705	0.038461538461538464	0.03571428571428571	0.041666666666666664	0.16666666666666666	0.5	0.5	1.0	0.047619047619047616	0.047619047619047616	0.041666666666666664	0.08333333333333333	0.04	0.0625	0.5	0.09090909090909091	0.0625	0.0625	0.1	0.125	0.0	0.030303030303030304
