arz	bs	ceb	ckb	da	de	el	en	es	fr	he	hi	hu	id	it	ja	ko	lv	mk	ml	mr	nl	pl	pt	ro	ru	sh	si	simple	sr	sv	te	tr	vi	war	zh
arz	1.0	1.0	0.0	1.0	1.0	1.0	1.0	1.0	1.0	1.0	1.0	1.0	1.0	1.0	1.0	1.0	1.0	1.0	1.0	1.0	1.0	1.0	1.0	1.0	1.0	1.0	1.0	1.0	1.0	1.0	1.0	1.0	1.0	1.0	0.5660160774121898	1.0
bs	1.0	1.0	1.0	0.8216064286890065	0.46638766908414836	0.41264570493200164	0.36807463925243866	0.4219775026381248	0.3025453303335904	0.46358197690256275	0.464876667360171	0.370449912655507	0.3607636185956284	0.3263571955021125	0.3341683677749667	0.41426375222915535	0.5174761480793776	0.4261201677136466	0.40090087802446156	0.36861925924948635	1.0	0.34830866327417986	0.41254219088875727	0.41593159994922196	0.45036056222737497	0.48017883042349646	0.39596388882695205	1.0	0.3109019751094895	0.32232146135475703	0.38608983568333854	0.5020797777427737	0.3618236986361489	0.33995986351623364	0.5660160774121898	0.3843746902003961
ceb	0.0	1.0	1.0	0.0	1.0	1.0	0.0	1.0	1.0	1.0	1.0	1.0	1.0	1.0	1.0	1.0	1.0	1.0	1.0	1.0	0.0	1.0	1.0	1.0	1.0	1.0	1.0	1.0	1.0	1.0	1.0	0.0	-1.0	1.0	1.0	1.0
ckb	1.0	0.8216064286890065	0.0	1.0	1.0	1.0	1.0	1.0	1.0	1.0	1.0	1.0	1.0	1.0	1.0	1.0	1.0	1.0	1.0	1.0	1.0	0.46683955854847536	1.0	1.0	1.0	1.0	1.0	1.0	0.7863954451402115	1.0	1.0	1.0	0.749506019670501	1.0	1.0	1.0
da	1.0	0.46638766908414836	1.0	1.0	1.0	0.3054968480886015	0.6704675947063355	0.27960646149660345	0.3388722344454481	0.436944848145616	0.5309396980056148	0.5774193075084612	0.6978955566455195	0.392028037486145	0.3267179409098531	0.4309545114075616	0.5058384155618674	0.5986230691744382	0.609459356368742	0.6387048954168858	1.0	0.35035054829039947	0.39156095506466376	0.3842730047980316	0.6089207987010191	0.4018797324324998	0.40366941404953344	1.0	0.31296665630828246	0.4534052361010809	0.4112463640847136	0.7106922308883378	0.422827593892186	0.5070865051407564	1.0	0.5297187154235585
de	1.0	0.41264570493200164	1.0	1.0	0.3054968480886015	1.0	1.0	0.16555221531533218	0.14602446754261217	0.15448792642243034	0.35286093030710014	0.40537003198728544	0.36869765425169515	0.2626767401397904	0.18244258157807813	0.3331895031703478	0.3865966302102591	0.508253388191599	0.41055547717987523	0.3893540111452552	1.0	0.17161647981626202	0.14543072350355998	0.1679163791489106	0.4947941170086385	0.19727657339819388	0.3402749340802675	1.0	0.27571204069355915	0.2745252335147975	0.2652556897123569	1.0	0.33599580565707904	0.4507039260918817	1.0	0.3266195552921135
el	1.0	0.36807463925243866	0.0	1.0	0.6704675947063355	1.0	1.0	0.5811696739954026	0.42086015539690247	0.629896233114065	1.0	1.0	1.0	0.4071725981538079	0.629896233114065	1.0	1.0	1.0	1.0	1.0	1.0	0.3684635772497445	0.6908587525207898	1.0	1.0	1.0	1.0	1.0	0.5996750015041121	1.0	0.7510341748895939	1.0	0.608985530491209	1.0	1.0	1.0
en	1.0	0.4219775026381248	1.0	1.0	0.27960646149660345	0.16555221531533218	0.5811696739954026	1.0	0.1371488534195196	0.16480089157428188	0.2997073394216541	0.3223389279414164	0.4396333828709334	0.2185312067440659	0.18017549830655605	0.25291729750536557	0.2911629324218648	0.5151465466395004	0.6007789959798681	0.3822372186005628	1.0	0.21309928937164582	0.17124851803900704	0.1679839810586645	0.32811933550553707	0.23729830871631544	0.2843848689276003	1.0	0.24588547478817943	0.3290017032711648	0.23693677764026036	0.6841174893561723	0.26099764591386526	0.3401317902752479	1.0	0.2389915516454977
es	1.0	0.3025453303335904	1.0	1.0	0.3388722344454481	0.14602446754261217	0.42086015539690247	0.1371488534195196	1.0	0.14867031784474932	0.3791333802353624	0.4027458536440322	0.26856619793582454	0.2261675734065118	0.15313701941769928	0.217450073825447	0.241514456949877	0.516660301550782	0.40835358999755045	0.2697251604139799	1.0	0.14796971403667875	0.1418521422447137	0.14823875237605685	0.2797920209469708	0.16016324267208656	0.34663438530184426	1.0	0.2252091064503666	0.20330702661199607	0.2553352180262872	0.7411828468492556	0.3890434119758825	0.33099948755512604	1.0	0.19762785061623403
fr	1.0	0.46358197690256275	1.0	1.0	0.436944848145616	0.15448792642243034	0.629896233114065	0.16480089157428188	0.14867031784474932	1.0	0.5454837961999115	0.7347168825662656	1.0	0.21987426897202964	0.17504465151129023	0.3003707487055193	0.5013886794796136	0.5001267722912325	0.7942219112853846	0.7004462574133484	1.0	0.18939813965543212	0.15113824106167034	0.1650089367668433	0.32442643234890817	0.2109632336761586	0.3570320217427479	1.0	0.2701229345297377	0.3034740400076152	0.29421480895708296	1.0	0.2963498037894661	0.33794900488547497	1.0	0.18390392407847275
he	1.0	0.464876667360171	1.0	1.0	0.5309396980056148	0.35286093030710014	1.0	0.2997073394216541	0.3791333802353624	0.5454837961999115	1.0	1.0	1.0	0.5696124338482355	0.3350315421329148	1.0	1.0	0.5996750015041121	1.0	1.0	1.0	0.3523011685209382	0.7763354016084122	0.6380558066189798	0.5714601117275866	1.0	0.5327819738076457	1.0	0.5343528227450525	0.6044414021866646	0.7300208629885034	1.0	0.6230840072966054	1.0	1.0	1.0
hi	1.0	0.370449912655507	1.0	1.0	0.5774193075084612	0.40537003198728544	1.0	0.3223389279414164	0.4027458536440322	0.7347168825662656	1.0	1.0	1.0	0.36938999129395117	0.4903496214788569	1.0	1.0	0.6291684883175231	1.0	1.0	1.0	0.3432007701971274	0.7322034805959263	0.6436895599575894	0.5714601117275866	1.0	0.53560024435474	1.0	0.3467098316558676	0.6841174893561723	0.6786291688147437	1.0	0.6279902758005209	1.0	1.0	1.0
hu	1.0	0.3607636185956284	1.0	1.0	0.6978955566455195	0.36869765425169515	1.0	0.4396333828709334	0.26856619793582454	1.0	1.0	1.0	1.0	0.6566844895161318	0.4974369836625057	1.0	1.0	0.641521583802158	1.0	1.0	1.0	0.24901987499286793	0.525360462861878	0.5326828795113471	0.7257120346900999	1.0	0.521354610872211	1.0	0.5703309361740277	0.6380558066189798	1.0	1.0	0.5865167004672415	1.0	1.0	1.0
id	1.0	0.3263571955021125	1.0	1.0	0.392028037486145	0.2626767401397904	0.4071725981538079	0.2185312067440659	0.2261675734065118	0.21987426897202964	0.5696124338482355	0.36938999129395117	0.6566844895161318	1.0	0.24540693933605112	0.39858780325749843	0.3555822274390416	0.5335969900985111	0.5843055592514846	0.490862624309005	0.8216064286890065	0.27505085825544767	0.29052559102283965	0.2564937431477328	0.4858529282880923	0.3568527360492617	0.37803919378115985	1.0	0.3057967459318266	0.3286044977282113	0.36687481854563153	0.6198174738090195	0.4204318793661339	0.43284810226045095	0.8216064286890065	0.35864803416086594
it	1.0	0.3341683677749667	1.0	1.0	0.3267179409098531	0.18244258157807813	0.629896233114065	0.18017549830655605	0.15313701941769928	0.17504465151129023	0.3350315421329148	0.4903496214788569	0.4974369836625057	0.24540693933605112	1.0	0.2830882292493076	0.36102018713881984	0.4068256242344285	0.5656041008814195	0.40180696826054535	1.0	0.20635282057013135	0.16912272285587868	0.16663232703149486	0.29028219839295066	0.20136850029520376	0.3686943210711628	1.0	0.27242384766363587	0.26271188576270293	0.23593490274722817	0.5788907434914159	0.3510680528691254	0.34803235564521545	0.8216064286890065	0.24413939951566327
ja	1.0	0.41426375222915535	1.0	1.0	0.4309545114075616	0.3331895031703478	1.0	0.25291729750536557	0.217450073825447	0.3003707487055193	1.0	1.0	1.0	0.39858780325749843	0.2830882292493076	1.0	1.0	0.5806694283663442	1.0	1.0	1.0	0.43152552400637606	0.34371603732630657	0.31979378406239073	0.47419462700411813	1.0	0.4439455259878202	1.0	0.34135099277959197	0.6038958635095867	0.5605153071057356	1.0	0.4366884026317135	1.0	1.0	1.0
ko	1.0	0.5174761480793776	1.0	1.0	0.5058384155618674	0.3865966302102591	1.0	0.2911629324218648	0.241514456949877	0.5013886794796136	1.0	1.0	1.0	0.3555822274390416	0.36102018713881984	1.0	1.0	0.608985530491209	1.0	1.0	1.0	0.4309980824022867	0.550583063938435	0.6568318202362042	0.7257120346900999	1.0	0.4657094308081978	1.0	0.3950940022419605	0.6290808149140177	0.7322034805959263	1.0	0.5086105247038132	1.0	1.0	1.0
lv	1.0	0.4261201677136466	1.0	1.0	0.5986230691744382	0.508253388191599	1.0	0.5151465466395004	0.516660301550782	0.5001267722912325	0.5996750015041121	0.6291684883175231	0.641521583802158	0.5335969900985111	0.4068256242344285	0.5806694283663442	0.608985530491209	1.0	0.6974253625788668	0.7690990303325336	1.0	0.44936287027980865	0.5024114945444551	0.4585608428752892	0.5491793089692185	0.5521842813595144	0.4653034966312546	1.0	0.4468689932030635	0.5806694283663442	0.566604141150866	0.7690990303325336	0.5934161158773454	0.7106922308883379	1.0	0.5598173988096407
mk	1.0	0.40090087802446156	1.0	1.0	0.609459356368742	0.41055547717987523	1.0	0.6007789959798681	0.40835358999755045	0.7942219112853846	1.0	1.0	1.0	0.5843055592514846	0.5656041008814195	1.0	1.0	0.6974253625788668	1.0	1.0	1.0	0.44866715622250064	0.6786291688147437	0.7347168825662656	0.6994017365373273	1.0	0.5757942532974009	1.0	0.5710585021690863	0.6994017365373274	0.7411828468492555	1.0	0.7106922308883379	1.0	1.0	1.0
ml	1.0	0.36861925924948635	1.0	1.0	0.6387048954168858	0.3893540111452552	1.0	0.3822372186005628	0.2697251604139799	0.7004462574133484	1.0	1.0	1.0	0.490862624309005	0.40180696826054535	1.0	1.0	0.7690990303325336	1.0	1.0	1.0	0.43467051955866265	0.7263875964832448	0.728099120889861	1.0	1.0	0.6571702826516208	1.0	0.7376607345031153	0.6131109307903289	0.7376607345031152	1.0	0.6102585468090401	1.0	1.0	1.0
mr	1.0	1.0	0.0	1.0	1.0	1.0	1.0	1.0	1.0	1.0	1.0	1.0	1.0	0.8216064286890065	1.0	1.0	1.0	1.0	1.0	1.0	1.0	0.5455381281950756	1.0	1.0	1.0	1.0	1.0	1.0	1.0	1.0	1.0	1.0	1.0	1.0	1.0	1.0
nl	1.0	0.34830866327417986	1.0	0.46683955854847536	0.35035054829039947	0.17161647981626202	0.3684635772497445	0.21309928937164582	0.14796971403667875	0.18939813965543212	0.3523011685209382	0.3432007701971274	0.24901987499286793	0.27505085825544767	0.20635282057013135	0.43152552400637606	0.4309980824022867	0.44936287027980865	0.44866715622250064	0.43467051955866265	0.5455381281950756	1.0	0.18051962597006876	0.1883068558095157	0.2693348201937701	0.4109381732191052	0.2790243166675918	0.5042139125013491	0.26577694146827335	0.33990935365520075	0.3233740538564283	0.281000191611708	0.35415774298366953	0.4501334435926253	0.5455381281950756	0.4654303420624233
pl	1.0	0.41254219088875727	1.0	1.0	0.39156095506466376	0.14543072350355998	0.6908587525207898	0.17124851803900704	0.1418521422447137	0.15113824106167034	0.7763354016084122	0.7322034805959263	0.525360462861878	0.29052559102283965	0.16912272285587868	0.34371603732630657	0.550583063938435	0.5024114945444551	0.6786291688147437	0.7263875964832448	1.0	0.18051962597006876	1.0	0.17105965237594756	0.4003024113788562	0.22418358785693204	0.3447420677992582	1.0	0.22468273141802586	0.3595125922416006	0.3065540750309686	0.6841174893561722	0.4047572862225667	0.354737170392032	1.0	0.3779005378556933
pt	1.0	0.41593159994922196	1.0	1.0	0.3842730047980316	0.1679163791489106	1.0	0.1679839810586645	0.14823875237605685	0.1650089367668433	0.6380558066189798	0.6436895599575894	0.5326828795113471	0.2564937431477328	0.16663232703149486	0.31979378406239073	0.6568318202362042	0.4585608428752892	0.7347168825662656	0.728099120889861	1.0	0.1883068558095157	0.17105965237594756	1.0	0.4313145908032146	0.2192486438602442	0.3283565026840698	1.0	0.286130610956911	0.39759918837718533	0.2875449611698514	1.0	0.3265932866204457	0.5604180666859991	1.0	0.3757517697374688
ro	1.0	0.45036056222737497	1.0	1.0	0.6089207987010191	0.4947941170086385	1.0	0.32811933550553707	0.2797920209469708	0.32442643234890817	0.5714601117275866	0.5714601117275866	0.7257120346900999	0.4858529282880923	0.29028219839295066	0.47419462700411813	0.7257120346900999	0.5491793089692185	0.6994017365373273	1.0	1.0	0.2693348201937701	0.4003024113788562	0.4313145908032146	1.0	0.4455255227307551	0.5083317520954386	1.0	0.39918774150167446	0.4640781096148754	0.6240734613667591	0.6415215838021581	0.7689353739545837	0.6071625062461016	1.0	0.543430046302392
ru	1.0	0.48017883042349646	1.0	1.0	0.4018797324324998	0.19727657339819388	1.0	0.23729830871631544	0.16016324267208656	0.2109632336761586	1.0	1.0	1.0	0.3568527360492617	0.20136850029520376	1.0	1.0	0.5521842813595144	1.0	1.0	1.0	0.4109381732191052	0.22418358785693204	0.2192486438602442	0.4455255227307551	1.0	0.4023035589538591	1.0	0.309029138433458	0.5196500572923903	0.4231800558166601	1.0	0.38211599359533155	1.0	1.0	1.0
sh	1.0	0.39596388882695205	1.0	1.0	0.40366941404953344	0.3402749340802675	1.0	0.2843848689276003	0.34663438530184426	0.3570320217427479	0.5327819738076457	0.53560024435474	0.521354610872211	0.37803919378115985	0.3686943210711628	0.4439455259878202	0.4657094308081978	0.4653034966312546	0.5757942532974009	0.6571702826516208	1.0	0.2790243166675918	0.3447420677992582	0.3283565026840698	0.5083317520954386	0.4023035589538591	1.0	1.0	0.4904515030241298	0.3994890467519825	0.4787396067401184	0.6415215838021581	0.46477306573990895	0.608985530491209	1.0	0.5506387721213316
si	1.0	1.0	1.0	1.0	1.0	1.0	1.0	1.0	1.0	1.0	1.0	1.0	1.0	1.0	1.0	1.0	1.0	1.0	1.0	1.0	1.0	0.5042139125013491	1.0	1.0	1.0	1.0	1.0	1.0	1.0	1.0	1.0	1.0	1.0	1.0	1.0	1.0
simple	1.0	0.3109019751094895	1.0	0.7863954451402115	0.31296665630828246	0.27571204069355915	0.5996750015041121	0.24588547478817943	0.2252091064503666	0.2701229345297377	0.5343528227450525	0.3467098316558676	0.5703309361740277	0.3057967459318266	0.27242384766363587	0.34135099277959197	0.3950940022419605	0.4468689932030635	0.5710585021690863	0.7376607345031153	1.0	0.26577694146827335	0.22468273141802586	0.286130610956911	0.39918774150167446	0.309029138433458	0.4904515030241298	1.0	1.0	0.4401016743735117	0.3714170115360667	0.5906316614109549	0.40163716312575004	0.3645060183846809	0.8216064286890065	0.3602078185562005
sr	1.0	0.32232146135475703	1.0	1.0	0.4534052361010809	0.2745252335147975	1.0	0.3290017032711648	0.20330702661199607	0.3034740400076152	0.6044414021866646	0.6841174893561723	0.6380558066189798	0.3286044977282113	0.26271188576270293	0.6038958635095867	0.6290808149140177	0.5806694283663442	0.6994017365373274	0.6131109307903289	1.0	0.33990935365520075	0.3595125922416006	0.39759918837718533	0.4640781096148754	0.5196500572923903	0.3994890467519825	1.0	0.4401016743735117	1.0	0.6956152339080293	1.0	0.5520738045427906	0.7376607345031153	1.0	0.5945264701686552
sv	1.0	0.38608983568333854	1.0	1.0	0.4112463640847136	0.2652556897123569	0.7510341748895939	0.23693677764026036	0.2553352180262872	0.29421480895708296	0.7300208629885034	0.6786291688147437	1.0	0.36687481854563153	0.23593490274722817	0.5605153071057356	0.7322034805959263	0.566604141150866	0.7411828468492555	0.7376607345031152	1.0	0.3233740538564283	0.3065540750309686	0.2875449611698514	0.6240734613667591	0.4231800558166601	0.4787396067401184	1.0	0.3714170115360667	0.6956152339080293	1.0	1.0	0.48870493867951786	0.7248485669756152	1.0	0.7210092110599264
te	1.0	0.5020797777427737	0.0	1.0	0.7106922308883378	1.0	1.0	0.6841174893561723	0.7411828468492556	1.0	1.0	1.0	1.0	0.6198174738090195	0.5788907434914159	1.0	1.0	0.7690990303325336	1.0	1.0	1.0	0.281000191611708	0.6841174893561722	1.0	0.6415215838021581	1.0	0.6415215838021581	1.0	0.5906316614109549	1.0	1.0	1.0	0.5849250870841022	1.0	1.0	1.0
tr	1.0	0.3618236986361489	-1.0	0.749506019670501	0.422827593892186	0.33599580565707904	0.608985530491209	0.26099764591386526	0.3890434119758825	0.2963498037894661	0.6230840072966054	0.6279902758005209	0.5865167004672415	0.4204318793661339	0.3510680528691254	0.4366884026317135	0.5086105247038132	0.5934161158773454	0.7106922308883379	0.6102585468090401	1.0	0.35415774298366953	0.4047572862225667	0.3265932866204457	0.7689353739545837	0.38211599359533155	0.46477306573990895	1.0	0.40163716312575004	0.5520738045427906	0.48870493867951786	0.5849250870841022	1.0	0.44723719783913257	1.0	0.43060087841832717
vi	1.0	0.33995986351623364	1.0	1.0	0.5070865051407564	0.4507039260918817	1.0	0.3401317902752479	0.33099948755512604	0.33794900488547497	1.0	1.0	1.0	0.43284810226045095	0.34803235564521545	1.0	1.0	0.7106922308883379	1.0	1.0	1.0	0.4501334435926253	0.354737170392032	0.5604180666859991	0.6071625062461016	1.0	0.608985530491209	1.0	0.3645060183846809	0.7376607345031153	0.7248485669756152	1.0	0.44723719783913257	1.0	1.0	1.0
war	0.5660160774121898	0.5660160774121898	1.0	1.0	1.0	1.0	1.0	1.0	1.0	1.0	1.0	1.0	1.0	0.8216064286890065	0.8216064286890065	1.0	1.0	1.0	1.0	1.0	1.0	0.5455381281950756	1.0	1.0	1.0	1.0	1.0	1.0	0.8216064286890065	1.0	1.0	1.0	1.0	1.0	1.0	1.0
zh	1.0	0.3843746902003961	1.0	1.0	0.5297187154235585	0.3266195552921135	1.0	0.2389915516454977	0.19762785061623403	0.18390392407847275	1.0	1.0	1.0	0.35864803416086594	0.24413939951566327	1.0	1.0	0.5598173988096407	1.0	1.0	1.0	0.4654303420624233	0.3779005378556933	0.3757517697374688	0.543430046302392	1.0	0.5506387721213316	1.0	0.3602078185562005	0.5945264701686552	0.7210092110599264	1.0	0.43060087841832717	1.0	1.0	1.0
