arz	bs	ceb	ckb	da	de	el	en	es	fr	he	hi	hu	id	it	ja	ko	lv	mk	ml	mr	nl	pl	pt	ro	ru	sh	si	simple	sr	sv	te	vi	war	zh
arz	1.0	0.6451771653543308	0.6190476190476191	0.6071428571428572	0.5800000000000001	0.557076509410902	0.619410569105691	0.55	0.5606060606060607	0.55	0.5961650203370134	0.5714285714285714	0.6031283138918345	0.6230088495575222	0.5692266808397555	0.5664830841856806	0.5948586118251928	0.6314199395770393	0.6485461441213655	0.625	0.6363636363636364	0.5689655172413793	0.5800000000000001	0.6018518518518519	0.6111345423871783	0.5571428571428572	0.6387665198237885	0.5294117647058824	0.6339622641509434	0.6176470588235294	0.5753424657534246	0.5294117647058824	0.6016830294530154	0.64	0.5825404017520012
bs	0.6451771653543308	1.0	0.5925925925925926	0.6870937790157845	0.6185645933014354	0.5765171503957783	0.683579335793358	0.5750661375661376	0.590321473515616	0.5790158100061598	0.6399482870071106	0.5769230769230769	0.6900129701686122	0.6988277727682597	0.6123008849557522	0.5968739824161511	0.6518807133223438	0.667779632721202	0.6875	0.6666666666666666	0.6126949973103819	0.6084856847188685	0.6223762757558252	0.6555435952637244	0.70239651416122	0.5844302369311771	0.7527502750275028	0.5217391304347826	0.661049902786779	0.6996396986570587	0.596104119979314	0.5217391304347826	0.6336587633658763	0.6333333333333333	0.6396043684318978
ceb	0.6190476190476191	0.5925925925925926	1.0	0.6086956521739131	0.5531914893617021	0.5333333333333333	0.5714285714285714	0.5324675324675325	0.5396825396825397	0.5324675324675325	0.5581395348837209	0.5625	0.5641025641025641	0.5757575757575757	0.543859649122807	0.540983606557377	0.5609756097560976	0.5757575757575757	0.5925925925925926	0.631578947368421	0.6470588235294118	0.5454545454545455	0.5531914893617021	0.5609756097560976	0.5714285714285714	0.5373134328358209	0.5862068965517242	0.75	0.5806451612903225	0.5806451612903225	0.5423728813559322	0.75	0.5609756097560976	0.896551724137931	0.5531914893617021
ckb	0.6071428571428572	0.6870937790157845	0.6086956521739131	1.0	0.5960264900662251	0.5569620253164557	0.6287262872628726	0.5574210879785091	0.5761163032191069	0.5605786618444846	0.604114400401405	0.5909090909090909	0.6123650637880275	0.6216216216216216	0.5788410554222951	0.5692307692307692	0.6077586206896551	0.6216216216216216	0.625	0.6568144499178982	0.6000000000000001	0.576271186440678	0.5882352941176471	0.6000000000000001	0.6384976525821596	0.5633802816901409	0.6428571428571428	0.5263157894736842	0.638	0.6407766990291263	0.5714285714285714	0.5263157894736842	0.6298342541436465	0.6296296296296295	0.598438855160451
da	0.5800000000000001	0.6185645933014354	0.5531914893617021	0.5960264900662251	1.0	0.6153846153846154	0.6393648140409528	0.6227921195652174	0.6369426751592356	0.6154011154011154	0.6263982102908277	0.5515802027429934	0.6535234899328859	0.6199833933019652	0.6282571912013536	0.6343042071197411	0.6563282336578582	0.625	0.6228967337512371	0.5842696629213483	0.5625	0.638888888888889	0.6596858638743456	0.6270512182993535	0.6416510318949343	0.6313295824696475	0.6325878594249201	0.5116279069767442	0.6137975499677627	0.6311881188118811	0.6514886164623468	0.5116279069767442	0.6478405315614618	0.5800000000000001	0.6318380743982495
de	0.557076509410902	0.5765171503957783	0.5333333333333333	0.5569620253164557	0.6153846153846154	1.0	0.5990220048899756	0.6536467643904182	0.6221610461114935	0.6531665451281764	0.6067415730337079	0.5270270270270271	0.6030013642564802	0.5877862595419847	0.6425799297726853	0.6564141035258814	0.609038675928308	0.5833333333333333	0.5679012345679012	0.5500705218617772	0.5452411994784876	0.625	0.6086956521739131	0.6053369328210986	0.5914567360350493	0.654010639407531	0.5763781402547922	0.5070422535211268	0.5783132530120483	0.582931292630178	0.6490787269681743	0.5070422535211268	0.5955056179775281	0.5512820512820512	0.6128873585833744
el	0.619410569105691	0.683579335793358	0.5714285714285714	0.6287262872628726	0.6393648140409528	0.5990220048899756	1.0	0.5981212638770282	0.6158800941409637	0.5947098976109215	0.659654043945769	0.5588235294117647	0.6674846625766871	0.6845493562231759	0.6466519092418372	0.6268952647539071	0.7012369172216936	0.6786106032906765	0.6354378818737271	0.6056755612028801	0.5900826446280992	0.6344294003868473	0.650925335035099	0.6534653465346535	0.6577344701583435	0.60501176796345	0.672226250906454	0.5161290322580645	0.6607387140902873	0.6593548387096775	0.6136762127410871	0.5161290322580645	0.6504927975739196	0.6052631578947368	0.672120830711139
en	0.55	0.5750661375661376	0.5324675324675325	0.5574210879785091	0.6227921195652174	0.6536467643904182	0.5981212638770282	1.0	0.6289129197495731	0.6740088105726872	0.6063142098580169	0.5263157894736842	0.6119339421757441	0.5850727387729285	0.6595744680851063	0.6513781505263617	0.6129455909943715	0.5813953488372093	0.5698504647716557	0.5494903235337568	0.5384615384615384	0.6437815919568961	0.6187985150185622	0.6032591985241366	0.5959104186952288	0.6503610194615789	0.5792724776938916	0.5068493150684932	0.5840797360091589	0.5820317626985169	0.6302066251229912	0.5068493150684932	0.607843137254902	0.55	0.6208630079597822
es	0.5606060606060607	0.590321473515616	0.5396825396825397	0.5761163032191069	0.6369426751592356	0.6221610461114935	0.6158800941409637	0.6289129197495731	1.0	0.6260761945759793	0.6191102921821532	0.532258064516129	0.6366052607460361	0.605078005506271	0.6348516817674072	0.622319270061608	0.6257707086051291	0.5934661076170511	0.5915349311575726	0.561622464898596	0.546875	0.628736046092906	0.6329113924050632	0.6194643610291016	0.614790412359423	0.6352261790182868	0.5915871851308389	0.5084745762711864	0.6000000000000001	0.5915492957746479	0.6309464196294441	0.5084745762711864	0.6268464075720638	0.5606060606060607	0.619542886492039
fr	0.55	0.5790158100061598	0.5324675324675325	0.5605786618444846	0.6154011154011154	0.6531665451281764	0.5947098976109215	0.6740088105726872	0.6260761945759793	1.0	0.6143638953444785	0.5263157894736842	0.606228765571914	0.5959326554425738	0.6535895382973045	0.6487289709706522	0.6115515288788221	0.5813953488372093	0.5685982291575349	0.5465748107898312	0.5384615384615384	0.6369858181048473	0.6230184581976113	0.5974352527030424	0.5983009708737864	0.6396086569819153	0.5753191489361702	0.5068493150684932	0.5789427621214773	0.5861950253894482	0.6237623762376238	0.5068493150684932	0.6101694915254238	0.55	0.6186832740213524
he	0.5961650203370134	0.6399482870071106	0.5581395348837209	0.604114400401405	0.6263982102908277	0.6067415730337079	0.659654043945769	0.6063142098580169	0.6191102921821532	0.6143638953444785	1.0	0.5476190476190476	0.655530474040632	0.6688460281137627	0.6456953642384106	0.6488453815261045	0.6628029504741834	0.6111111111111112	0.632630410654828	0.5777777777777777	0.5681818181818182	0.6500551267916207	0.6526806526806528	0.6720841300191204	0.6802925989672978	0.6144393241167435	0.6619752487260373	0.5128205128205129	0.658035034272658	0.6558303886925796	0.63682510383018	0.5128205128205129	0.6579170194750211	0.5869565217391304	0.6553422454518042
hi	0.5714285714285714	0.5769230769230769	0.5625	0.5909090909090909	0.5515802027429934	0.5270270270270271	0.5588235294117647	0.5263157894736842	0.532258064516129	0.5263157894736842	0.5476190476190476	1.0	0.5526315789473684	0.5625	0.5357142857142857	0.5333333333333333	0.55	0.5625	0.5555555555555556	0.6111111111111112	0.5555555555555556	0.5370370370370371	0.5434782608695652	0.55	0.5588235294117647	0.5303030303030303	0.5774278215223096	0.5555555555555556	0.5483870967741935	0.5798090040927695	0.5344827586206896	0.5555555555555556	0.55	0.5714285714285714	0.5457598656591099
hu	0.6031283138918345	0.6900129701686122	0.5641025641025641	0.6123650637880275	0.6535234899328859	0.6030013642564802	0.6674846625766871	0.6119339421757441	0.6366052607460361	0.606228765571914	0.655530474040632	0.5526315789473684	1.0	0.6617783552997959	0.6465932800920929	0.629235652397701	0.6955517042172155	0.6434676434676434	0.6555981268624947	0.6096177558569668	0.5750000000000001	0.6441717791411042	0.6466519092418374	0.683377308707124	0.6818447168709866	0.6103834018548618	0.6822960120140164	0.5142857142857143	0.6476997578692495	0.6533254855797528	0.6177932405566601	0.5142857142857143	0.6591979217405423	0.5952380952380952	0.6458923512747875
id	0.6230088495575222	0.6988277727682597	0.5757575757575757	0.6216216216216216	0.6199833933019652	0.5877862595419847	0.6845493562231759	0.5850727387729285	0.605078005506271	0.5959326554425738	0.6688460281137627	0.5625	0.6617783552997959	1.0	0.6211180124223603	0.6034816247582205	0.6703744901742678	0.6363636363636364	0.641025641025641	0.608294930875576	0.5882352941176471	0.609375	0.6438631790744467	0.6589541878759834	0.6904761904761905	0.5921052631578947	0.6881859264041317	0.5172413793103449	0.6676970633693973	0.6936758893280632	0.6097493803359956	0.5172413793103449	0.6472675656493968	0.6111111111111112	0.642915642915643
it	0.5692266808397555	0.6123008849557522	0.543859649122807	0.5788410554222951	0.6282571912013536	0.6425799297726853	0.6466519092418372	0.6595744680851063	0.6348516817674072	0.6535895382973045	0.6456953642384106	0.5357142857142857	0.6465932800920929	0.6211180124223603	1.0	0.6711864406779661	0.6468290604360486	0.6103129524445929	0.5969734060309336	0.5615982241953384	0.5517241379310345	0.6455696202531646	0.6307653104561285	0.6366223908918406	0.6173363280925047	0.6334590196467552	0.61880088823094	0.5094339622641509	0.6129496402877698	0.6100278551532033	0.6369468128298823	0.5094339622641509	0.6211667913238594	0.5666666666666667	0.6725769669327253
ja	0.5664830841856806	0.5968739824161511	0.540983606557377	0.5692307692307692	0.6343042071197411	0.6564141035258814	0.6268952647539071	0.6513781505263617	0.622319270061608	0.6487289709706522	0.6488453815261045	0.5333333333333333	0.629235652397701	0.6034816247582205	0.6711864406779661	1.0	0.6351084812623273	0.5954198473282443	0.5890160183066362	0.5555555555555556	0.5483870967741935	0.6580476136234195	0.6415711947626841	0.6331759268562243	0.610731194108364	0.6309054255412394	0.6046511627906977	0.5087719298245614	0.6016508712931825	0.6013493693165152	0.6401186672752168	0.5087719298245614	0.608772372069574	0.5625	0.6460222522348704
ko	0.5948586118251928	0.6518807133223438	0.5609756097560976	0.6077586206896551	0.6563282336578582	0.609038675928308	0.7012369172216936	0.6129455909943715	0.6257707086051291	0.6115515288788221	0.6628029504741834	0.55	0.6955517042172155	0.6703744901742678	0.6468290604360486	0.6351084812623273	1.0	0.6477732793522267	0.6389228886168911	0.5986249407302038	0.5714285714285714	0.6435819381024861	0.6531487889273357	0.6633013629480061	0.686011260285838	0.6134365443425076	0.6575212866603595	0.5135135135135135	0.6523046092184368	0.6438643292682927	0.6164383561643836	0.5135135135135135	0.6772277227722773	0.5909090909090909	0.6600759253400822
lv	0.6314199395770393	0.667779632721202	0.5757575757575757	0.6216216216216216	0.625	0.5833333333333333	0.6786106032906765	0.5813953488372093	0.5934661076170511	0.5813953488372093	0.6111111111111112	0.5625	0.6434676434676434	0.6363636363636364	0.6103129524445929	0.5954198473282443	0.6477732793522267	1.0	0.657439446366782	0.6241610738255033	0.5882352941176471	0.6153846153846154	0.6215181058495821	0.6307053941908713	0.6413628212791394	0.5979089522979744	0.68212927756654	0.5172413793103449	0.6393775372124493	0.6536312849162011	0.6029411764705883	0.5172413793103449	0.6330935251798561	0.6111111111111112	0.6274119258060501
mk	0.6485461441213655	0.6875	0.5925925925925926	0.625	0.6228967337512371	0.5679012345679012	0.6354378818737271	0.5698504647716557	0.5915349311575726	0.5685982291575349	0.632630410654828	0.5555555555555556	0.6555981268624947	0.641025641025641	0.5969734060309336	0.5890160183066362	0.6389228886168911	0.657439446366782	1.0	0.609375	0.6071428571428572	0.6028708133971292	0.610016155088853	0.6454689984101749	0.670440251572327	0.5753424657534246	0.6843122102009274	0.5217391304347826	0.6688269604666235	0.6486486486486487	0.5916746107403876	0.5217391304347826	0.647766323024055	0.6333333333333333	0.6261585993820803
ml	0.625	0.6666666666666666	0.631578947368421	0.6568144499178982	0.5842696629213483	0.5500705218617772	0.6056755612028801	0.5494903235337568	0.561622464898596	0.5465748107898312	0.5777777777777777	0.6111111111111112	0.6096177558569668	0.608294930875576	0.5615982241953384	0.5555555555555556	0.5986249407302038	0.6241610738255033	0.609375	1.0	0.6190476190476191	0.5679101774719305	0.5842696629213483	0.5948702101359704	0.6242905788876277	0.5606853879105188	0.6409638554216868	0.5333333333333333	0.5980066445182725	0.6153846153846154	0.5573770491803278	0.5333333333333333	0.5890052356020942	0.625	0.5805805805805806
mr	0.6363636363636364	0.6126949973103819	0.6470588235294118	0.6000000000000001	0.5625	0.5452411994784876	0.5900826446280992	0.5384615384615384	0.546875	0.5384615384615384	0.5681818181818182	0.5555555555555556	0.5750000000000001	0.5882352941176471	0.5517241379310345	0.5483870967741935	0.5714285714285714	0.5882352941176471	0.6071428571428572	0.6190476190476191	1.0	0.5535714285714286	0.5625	0.5766590389016019	0.5833333333333333	0.5441176470588236	0.6064981949458484	0.5384615384615384	0.59375	0.59375	0.55	0.5384615384615384	0.5714285714285714	0.6363636363636364	0.5625
nl	0.5689655172413793	0.6084856847188685	0.5454545454545455	0.576271186440678	0.638888888888889	0.625	0.6344294003868473	0.6437815919568961	0.628736046092906	0.6369858181048473	0.6500551267916207	0.5370370370370371	0.6441717791411042	0.609375	0.6455696202531646	0.6580476136234195	0.6435819381024861	0.6153846153846154	0.6028708133971292	0.5679101774719305	0.5535714285714286	1.0	0.641860465116279	0.6273475089244142	0.6182795698924731	0.6292134831460674	0.60931289040318	0.5098039215686274	0.617223414036163	0.6031746031746031	0.6410363560384454	0.5098039215686274	0.6331037758252196	0.5689655172413793	0.651740423298933
pl	0.5800000000000001	0.6223762757558252	0.5531914893617021	0.5882352941176471	0.6596858638743456	0.6086956521739131	0.650925335035099	0.6187985150185622	0.6329113924050632	0.6230184581976113	0.6526806526806528	0.5434782608695652	0.6466519092418374	0.6438631790744467	0.6307653104561285	0.6415711947626841	0.6531487889273357	0.6215181058495821	0.610016155088853	0.5842696629213483	0.5625	0.641860465116279	1.0	0.6611324711639287	0.6578188113098673	0.6383233532934132	0.637065637065637	0.5116279069767442	0.6250820748522652	0.6311881188118811	0.631578947368421	0.5116279069767442	0.6565656565656566	0.5800000000000001	0.6294277929155313
pt	0.6018518518518519	0.6555435952637244	0.5609756097560976	0.6000000000000001	0.6270512182993535	0.6053369328210986	0.6534653465346535	0.6032591985241366	0.6194643610291016	0.5974352527030424	0.6720841300191204	0.55	0.683377308707124	0.6589541878759834	0.6366223908918406	0.6331759268562243	0.6633013629480061	0.6307053941908713	0.6454689984101749	0.5948702101359704	0.5766590389016019	0.6273475089244142	0.6611324711639287	1.0	0.6590114827758362	0.6153755868544601	0.6571428571428571	0.5135135135135135	0.6426926030202201	0.6471021611001965	0.620837297811608	0.5135135135135135	0.6521739130434783	0.5909090909090909	0.6665467302329765
ro	0.6111345423871783	0.70239651416122	0.5714285714285714	0.6384976525821596	0.6416510318949343	0.5914567360350493	0.6577344701583435	0.5959104186952288	0.614790412359423	0.5983009708737864	0.6802925989672978	0.5588235294117647	0.6818447168709866	0.6904761904761905	0.6173363280925047	0.610731194108364	0.686011260285838	0.6413628212791394	0.670440251572327	0.6242905788876277	0.5833333333333333	0.6182795698924731	0.6578188113098673	0.6590114827758362	1.0	0.600820997636522	0.698489010989011	0.5161290322580645	0.6733637747336377	0.6777486147564887	0.6220595922634605	0.5161290322580645	0.6875	0.6052631578947368	0.6553059643687065
ru	0.5571428571428572	0.5844302369311771	0.5373134328358209	0.5633802816901409	0.6313295824696475	0.654010639407531	0.60501176796345	0.6503610194615789	0.6352261790182868	0.6396086569819153	0.6144393241167435	0.5303030303030303	0.6103834018548618	0.5921052631578947	0.6334590196467552	0.6309054255412394	0.6134365443425076	0.5979089522979744	0.5753424657534246	0.5606853879105188	0.5441176470588236	0.6292134831460674	0.6383233532934132	0.6153755868544601	0.600820997636522	1.0	0.5913904552331178	0.5079365079365079	0.5919282511210762	0.5866666666666667	0.6360036551934206	0.5079365079365079	0.609857285097909	0.5571428571428572	0.6226479644201163
sh	0.6387665198237885	0.7527502750275028	0.5862068965517242	0.6428571428571428	0.6325878594249201	0.5763781402547922	0.672226250906454	0.5792724776938916	0.5915871851308389	0.5753191489361702	0.6619752487260373	0.5774278215223096	0.6822960120140164	0.6881859264041317	0.61880088823094	0.6046511627906977	0.6575212866603595	0.68212927756654	0.6843122102009274	0.6409638554216868	0.6064981949458484	0.60931289040318	0.637065637065637	0.6571428571428571	0.698489010989011	0.5913904552331178	1.0	0.52	0.6640344580043073	0.7119386637458927	0.6088992974238876	0.52	0.6444099378881988	0.625	0.6410828025477707
si	0.5294117647058824	0.5217391304347826	0.75	0.5263157894736842	0.5116279069767442	0.5070422535211268	0.5161290322580645	0.5068493150684932	0.5084745762711864	0.5068493150684932	0.5128205128205129	0.5555555555555556	0.5142857142857143	0.5172413793103449	0.5094339622641509	0.5087719298245614	0.5135135135135135	0.5172413793103449	0.5217391304347826	0.5333333333333333	0.5384615384615384	0.5098039215686274	0.5116279069767442	0.5135135135135135	0.5161290322580645	0.5079365079365079	0.52	1.0	0.5185185185185185	0.5185185185185185	0.509090909090909	1.0	0.5135135135135135	0.72	0.5116279069767442
simple	0.6339622641509434	0.661049902786779	0.5806451612903225	0.638	0.6137975499677627	0.5783132530120483	0.6607387140902873	0.5840797360091589	0.6000000000000001	0.5789427621214773	0.658035034272658	0.5483870967741935	0.6476997578692495	0.6676970633693973	0.6129496402877698	0.6016508712931825	0.6523046092184368	0.6393775372124493	0.6688269604666235	0.5980066445182725	0.59375	0.617223414036163	0.6250820748522652	0.6426926030202201	0.6733637747336377	0.5919282511210762	0.6640344580043073	0.5185185185185185	1.0	0.6697892271662764	0.5970149253731343	0.5185185185185185	0.6671058410188845	0.6176470588235294	0.6259730631409861
sr	0.6176470588235294	0.6996396986570587	0.5806451612903225	0.6407766990291263	0.6311881188118811	0.582931292630178	0.6593548387096775	0.5820317626985169	0.5915492957746479	0.5861950253894482	0.6558303886925796	0.5798090040927695	0.6533254855797528	0.6936758893280632	0.6100278551532033	0.6013493693165152	0.6438643292682927	0.6536312849162011	0.6486486486486487	0.6153846153846154	0.59375	0.6031746031746031	0.6311881188118811	0.6471021611001965	0.6777486147564887	0.5866666666666667	0.7119386637458927	0.5185185185185185	0.6697892271662764	1.0	0.5970149253731343	0.5185185185185185	0.6481262327416174	0.6176470588235294	0.6388308977035491
sv	0.5753424657534246	0.596104119979314	0.5423728813559322	0.5714285714285714	0.6514886164623468	0.6490787269681743	0.6136762127410871	0.6302066251229912	0.6309464196294441	0.6237623762376238	0.63682510383018	0.5344827586206896	0.6177932405566601	0.6097493803359956	0.6369468128298823	0.6401186672752168	0.6164383561643836	0.6029411764705883	0.5916746107403876	0.5573770491803278	0.55	0.6410363560384454	0.631578947368421	0.620837297811608	0.6220595922634605	0.6360036551934206	0.6088992974238876	0.509090909090909	0.5970149253731343	0.5970149253731343	1.0	0.509090909090909	0.6234256926952141	0.5645161290322581	0.6335689346844929
te	0.5294117647058824	0.5217391304347826	0.75	0.5263157894736842	0.5116279069767442	0.5070422535211268	0.5161290322580645	0.5068493150684932	0.5084745762711864	0.5068493150684932	0.5128205128205129	0.5555555555555556	0.5142857142857143	0.5172413793103449	0.5094339622641509	0.5087719298245614	0.5135135135135135	0.5172413793103449	0.5217391304347826	0.5333333333333333	0.5384615384615384	0.5098039215686274	0.5116279069767442	0.5135135135135135	0.5161290322580645	0.5079365079365079	0.52	1.0	0.5185185185185185	0.5185185185185185	0.509090909090909	1.0	0.5135135135135135	0.72	0.5116279069767442
vi	0.6016830294530154	0.6336587633658763	0.5609756097560976	0.6298342541436465	0.6478405315614618	0.5955056179775281	0.6504927975739196	0.607843137254902	0.6268464075720638	0.6101694915254238	0.6579170194750211	0.55	0.6591979217405423	0.6472675656493968	0.6211667913238594	0.608772372069574	0.6772277227722773	0.6330935251798561	0.647766323024055	0.5890052356020942	0.5714285714285714	0.6331037758252196	0.6565656565656566	0.6521739130434783	0.6875	0.609857285097909	0.6444099378881988	0.5135135135135135	0.6671058410188845	0.6481262327416174	0.6234256926952141	0.5135135135135135	1.0	0.5909090909090909	0.6416744767260232
war	0.64	0.6333333333333333	0.896551724137931	0.6296296296296295	0.5800000000000001	0.5512820512820512	0.6052631578947368	0.55	0.5606060606060607	0.55	0.5869565217391304	0.5714285714285714	0.5952380952380952	0.6111111111111112	0.5666666666666667	0.5625	0.5909090909090909	0.6111111111111112	0.6333333333333333	0.625	0.6363636363636364	0.5689655172413793	0.5800000000000001	0.5909090909090909	0.6052631578947368	0.5571428571428572	0.625	0.72	0.6176470588235294	0.6176470588235294	0.5645161290322581	0.72	0.5909090909090909	1.0	0.5800000000000001
zh	0.5825404017520012	0.6396043684318978	0.5531914893617021	0.598438855160451	0.6318380743982495	0.6128873585833744	0.672120830711139	0.6208630079597822	0.619542886492039	0.6186832740213524	0.6553422454518042	0.5457598656591099	0.6458923512747875	0.642915642915643	0.6725769669327253	0.6460222522348704	0.6600759253400822	0.6274119258060501	0.6261585993820803	0.5805805805805806	0.5625	0.651740423298933	0.6294277929155313	0.6665467302329765	0.6553059643687065	0.6226479644201163	0.6410828025477707	0.5116279069767442	0.6259730631409861	0.6388308977035491	0.6335689346844929	0.5116279069767442	0.6416744767260232	0.5800000000000001	1.0
