arz	bs	ceb	ckb	da	de	el	en	es	fr	he	hi	hu	id	it	ja	ko	lv	mk	ml	mr	nl	pl	pt	ro	ru	sh	si	simple	sr	sv	te	vi	war	zh
arz	1.0	1.0	0.0	0.0	1.0	1.0	1.0	0.585786437626905	1.0	0.0	1.0	0.0	1.0	1.0	1.0	1.0	1.0	1.0	1.0	0.0	0.0	0.585786437626905	1.0	1.0	1.0	1.0	1.0	0.0	1.0	1.0	1.0	0.0	1.0	0.0	0.585786437626905
bs	1.0	1.0	0.0	1.0	0.585786437626905	0.585786437626905	0.4364916731037085	0.08522877663746928	0.09082656255034033	0.0	0.585786437626905	1.0	1.0	0.4364916731037085	0.10635604331954028	0.4364916731037085	0.585786437626905	0.585786437626905	0.4364916731037085	1.0	1.0	0.585786437626905	0.18660549686337075	0.27718637277259645	0.353889367864523	0.18660549686337075	0.585786437626905	1.0	0.4364916731037085	0.4625414945524146	0.585786437626905	1.0	1.0	0.585786437626905	0.27013511384464434
ceb	0.0	0.0	1.0	0.0	1.0	1.0	1.0	1.0	1.0	0.0	1.0	0.0	0.0	0.0	1.0	1.0	1.0	1.0	0.0	0.0	0.0	1.0	1.0	1.0	1.0	1.0	1.0	0.0	0.0	0.0	1.0	0.0	1.0	0.0	1.0
ckb	0.0	1.0	0.0	1.0	1.0	1.0	1.0	1.0	1.0	0.0	1.0	1.0	1.0	0.585786437626905	1.0	1.0	1.0	1.0	1.0	1.0	1.0	1.0	1.0	1.0	0.585786437626905	1.0	1.0	1.0	1.0	1.0	1.0	1.0	1.0	1.0	1.0
da	1.0	0.585786437626905	1.0	1.0	1.0	0.15022110482233483	0.32037724101704074	0.03292614927746621	0.10997220198634608	0.0	0.2898979485566356	1.0	0.38742588672279304	0.30216947925196225	0.13049153224845791	0.08693898945793586	0.38742588672279304	0.38742588672279304	1.0	0.3797958971132712	1.0	0.08924680162790226	0.14876548414536334	0.17546042972129144	0.06883065046501127	0.08432064213695302	0.34833147735478825	1.0	0.4142135623730951	0.36602540378443865	0.048270853148118915	1.0	0.22584440001865322	1.0	0.15974667297574377
de	1.0	0.585786437626905	1.0	1.0	0.15022110482233483	1.0	0.051625114513611826	0.002569774734241556	0.036732890728636135	0.0	0.13133048602716904	1.0	0.24828371682826425	0.07412900643094707	0.013992363809435478	0.01157710801825895	0.28708594921778513	0.24496552958641032	1.0	0.07781543901303345	1.0	0.031402283612202306	0.03191987752692464	0.03357374049984263	0.01733833632944451	0.006065554976313138	0.21498516621900873	1.0	0.34833147735478825	0.15684129112137077	0.04751185233628862	1.0	0.13209805015357332	1.0	0.029126279411267067
el	1.0	0.4364916731037085	1.0	1.0	0.32037724101704074	0.051625114513611826	1.0	0.008466362884452187	0.016166676931305093	0.0	0.1466381569395148	1.0	0.2989350844248255	0.07248584551197333	0.01771132992109758	0.053868215070510934	0.3660254037844386	0.20799159651347807	1.0	0.2222222222222222	1.0	0.05201257424815961	0.023995352886525503	0.08149111677917548	0.03589705411191924	0.027716758223034377	0.27195617308673004	1.0	0.5	0.32449979983983984	0.11978243827074593	1.0	0.16760090740494846	1.0	0.09074815987077757
en	0.585786437626905	0.08522877663746928	1.0	1.0	0.03292614927746621	0.002569774734241556	0.008466362884452187	1.0	0.0008774932600374648	1.0	0.01420766866257913	0.4142135623730951	0.11015948966072774	0.01205868691369298	0.004247153372827786	0.005918363621606035	0.1756510049840291	0.05941314452687566	0.2402530733520421	0.006091520651865833	1.0	0.00514443883130774	0.0037555137019486444	0.003978472069397416	0.006755459056165256	0.007096190579214107	0.05286397770990286	0.585786437626905	0.08277086494474448	0.10037920955707391	0.005750752661781346	1.0	0.06240719617733199	0.585786437626905	0.006770640716370592
es	1.0	0.09082656255034033	1.0	1.0	0.10997220198634608	0.036732890728636135	0.016166676931305093	0.0008774932600374648	1.0	1.0	0.09102739286426219	0.585786437626905	0.179128784747792	0.021720118604475668	0.0011038844209869546	0.0067077152378825665	0.38742588672279304	0.25	1.0	0.010780813009497877	1.0	0.003344633552824772	0.0018317888972767097	0.0045829706248714935	0.009895413201753949	0.0021087425472991147	0.18795247918520225	1.0	0.24257131419419417	0.1159680540003417	0.010423350434464386	1.0	0.07667774013050205	1.0	0.008887144861134781
fr	0.0	0.0	0.0	0.0	0.0	0.0	0.0	1.0	1.0	1.0	0.0	0.0	0.0	0.0	1.0	0.0	0.0	0.0	0.0	0.0	0.0	0.585786437626905	1.0	1.0	0.0	1.0	0.0	0.0	0.0	0.0	0.0	0.0	0.0	0.0	1.0
he	1.0	0.585786437626905	1.0	1.0	0.2898979485566356	0.13133048602716904	0.1466381569395148	0.01420766866257913	0.09102739286426219	0.0	1.0	0.585786437626905	0.3660254037844386	0.13628215610069397	0.06381675366171634	0.041943210937871615	0.34833147735478825	0.34833147735478825	1.0	0.26968623182294527	1.0	0.07555922363052328	0.08434637557555906	0.09681729812250559	0.02721987706845504	0.05985430476436952	0.23727324146403408	0.585786437626905	0.585786437626905	0.27405284787612055	0.08467050115599307	1.0	0.21393876913398135	1.0	0.053721183926065494
hi	0.0	1.0	0.0	1.0	1.0	1.0	1.0	0.4142135623730951	0.585786437626905	0.0	0.585786437626905	1.0	1.0	1.0	0.5	1.0	1.0	1.0	1.0	1.0	1.0	1.0	1.0	0.585786437626905	0.585786437626905	0.585786437626905	1.0	1.0	1.0	1.0	1.0	1.0	1.0	1.0	1.0
hu	1.0	1.0	0.0	1.0	0.38742588672279304	0.24828371682826425	0.2989350844248255	0.11015948966072774	0.179128784747792	0.0	0.3660254037844386	1.0	1.0	0.585786437626905	0.17684258135111194	0.18660549686337075	1.0	0.5	1.0	0.3333333333333333	1.0	0.17358241318593384	0.19193964013825698	0.24828371682826425	0.07082646406376909	0.1757340838011157	1.0	1.0	0.585786437626905	0.585786437626905	0.23874775399470888	1.0	0.2857142857142857	1.0	0.23371479611805132
id	1.0	0.4364916731037085	0.0	0.585786437626905	0.30216947925196225	0.07412900643094707	0.07248584551197333	0.01205868691369298	0.021720118604475668	0.0	0.13628215610069397	1.0	0.585786437626905	1.0	0.01783797658845257	0.03913976351299747	0.4142135623730951	0.1547510937361149	0.39564392373896	0.1655219585290672	1.0	0.03346509303252198	0.026015611284698755	0.02791037385941732	0.13696665800007018	0.01860710582931416	0.20799159651347807	0.585786437626905	0.15699405621062287	0.2165866815753201	0.09894840070690236	1.0	0.13241484876553528	1.0	0.0455943249204587
it	1.0	0.10635604331954028	1.0	1.0	0.13049153224845791	0.013992363809435478	0.01771132992109758	0.004247153372827786	0.0011038844209869546	1.0	0.06381675366171634	0.5	0.17684258135111194	0.01783797658845257	1.0	0.006650749541102108	0.28172904669025317	0.1583512993162321	0.44948974278317805	0.007008634223952373	1.0	0.003266984035284067	0.002574174008521339	0.005307173908623277	0.009708183828392778	0.0026312722096600172	0.13154835475803023	1.0	0.2843646522044218	0.10467092305179067	0.01268158316986432	1.0	0.0854856407593411	1.0	0.009966790721782621
ja	1.0	0.4364916731037085	1.0	1.0	0.08693898945793586	0.01157710801825895	0.053868215070510934	0.005918363621606035	0.0067077152378825665	0.0	0.041943210937871615	1.0	0.18660549686337075	0.03913976351299747	0.006650749541102108	1.0	0.10861987579500046	0.16330595576157622	0.44948974278317805	0.09725164319715371	1.0	0.010382660014397083	0.008856243009102118	0.01027913620100511	0.02470924999475743	0.006966156341308397	0.0877579624048532	1.0	0.1987625491245426	0.21498516621900873	0.02169455770818335	1.0	0.0819093392299776	1.0	0.015437623890677233
ko	1.0	0.585786437626905	1.0	1.0	0.38742588672279304	0.28708594921778513	0.3660254037844386	0.1756510049840291	0.38742588672279304	0.0	0.34833147735478825	1.0	1.0	0.4142135623730951	0.28172904669025317	0.10861987579500046	1.0	0.585786437626905	1.0	0.3797958971132712	1.0	0.27195617308673004	0.3333333333333333	0.2553967929896867	0.062485865780021146	0.17176743283130236	0.4142135623730951	1.0	0.585786437626905	0.3427032721697021	0.34833147735478825	1.0	0.2989350844248255	0.585786437626905	0.1757340838011157
lv	1.0	0.585786437626905	1.0	1.0	0.38742588672279304	0.24496552958641032	0.20799159651347807	0.05941314452687566	0.25	0.0	0.34833147735478825	1.0	0.5	0.1547510937361149	0.1583512993162321	0.16330595576157622	0.585786437626905	1.0	0.585786437626905	0.4364916731037085	1.0	0.18212510583143446	0.1774053291584318	0.24336073281110826	0.04940511585671772	0.1380262631157473	0.5	1.0	0.44948974278317805	0.5	0.13057680273413982	1.0	0.28989794855663564	1.0	0.1318615002606518
mk	1.0	0.4364916731037085	0.0	1.0	1.0	1.0	1.0	0.2402530733520421	1.0	0.0	1.0	1.0	1.0	0.39564392373896	0.44948974278317805	0.44948974278317805	1.0	0.585786437626905	1.0	1.0	1.0	0.5	0.585786437626905	0.5	0.2402530733520421	0.5	0.585786437626905	1.0	0.585786437626905	0.5	0.39564392373896007	1.0	0.5	1.0	0.3266316347104093
ml	0.0	1.0	0.0	1.0	0.3797958971132712	0.07781543901303345	0.2222222222222222	0.006091520651865833	0.010780813009497877	0.0	0.26968623182294527	1.0	0.3333333333333333	0.1655219585290672	0.007008634223952373	0.09725164319715371	0.3797958971132712	0.4364916731037085	1.0	1.0	1.0	0.023066899126924615	0.0248606186935517	0.03654821038130135	0.05110525595203833	0.01199752897158016	0.5	1.0	0.44948974278317805	0.40453726661826384	0.1730575753714725	1.0	0.3660254037844386	1.0	0.09524373983914201
mr	0.0	1.0	0.0	1.0	1.0	1.0	1.0	1.0	1.0	0.0	1.0	1.0	1.0	1.0	1.0	1.0	1.0	1.0	1.0	1.0	1.0	1.0	1.0	1.0	1.0	1.0	1.0	1.0	1.0	1.0	1.0	1.0	1.0	1.0	0.5
nl	0.585786437626905	0.585786437626905	1.0	1.0	0.08924680162790226	0.031402283612202306	0.05201257424815961	0.00514443883130774	0.003344633552824772	0.585786437626905	0.07555922363052328	1.0	0.17358241318593384	0.03346509303252198	0.003266984035284067	0.010382660014397083	0.27195617308673004	0.18212510583143446	0.5	0.023066899126924615	1.0	1.0	0.005103911896294363	0.018678924313973926	0.014441809640879249	0.0044901867312228776	0.15954492995986427	1.0	0.34833147735478825	0.18933139574356017	0.015776146131712864	1.0	0.11485638925645696	1.0	0.022691228244142058
pl	1.0	0.18660549686337075	1.0	1.0	0.14876548414536334	0.03191987752692464	0.023995352886525503	0.0037555137019486444	0.0018317888972767097	1.0	0.08434637557555906	1.0	0.19193964013825698	0.026015611284698755	0.002574174008521339	0.008856243009102118	0.3333333333333333	0.1774053291584318	0.585786437626905	0.0248606186935517	1.0	0.005103911896294363	1.0	0.021014557878885745	0.01238014577520165	0.0032268532235026695	0.1449453396893802	1.0	0.4142135623730951	0.1284962218472282	0.020488936965948928	1.0	0.09254444110560014	1.0	0.019058896314919273
pt	1.0	0.27718637277259645	1.0	1.0	0.17546042972129144	0.03357374049984263	0.08149111677917548	0.003978472069397416	0.0045829706248714935	1.0	0.09681729812250559	0.585786437626905	0.24828371682826425	0.02791037385941732	0.005307173908623277	0.01027913620100511	0.2553967929896867	0.24336073281110826	0.5	0.03654821038130135	1.0	0.018678924313973926	0.021014557878885745	1.0	0.01534682177472816	0.007165687560048489	0.17025921636942778	1.0	0.34833147735478825	0.18054705546755548	0.05649252110606058	1.0	0.11084567039677899	1.0	0.016315857932130973
ro	1.0	0.353889367864523	1.0	0.585786437626905	0.06883065046501127	0.01733833632944451	0.03589705411191924	0.006755459056165256	0.009895413201753949	0.0	0.02721987706845504	0.585786437626905	0.07082646406376909	0.13696665800007018	0.009708183828392778	0.02470924999475743	0.062485865780021146	0.04940511585671772	0.2402530733520421	0.05110525595203833	1.0	0.014441809640879249	0.01238014577520165	0.01534682177472816	1.0	0.010911343655283883	0.04444910268191088	1.0	0.1536671777483898	0.11255450869226018	0.027899184789982424	1.0	0.05545719423584808	1.0	0.023954599606057368
ru	1.0	0.18660549686337075	1.0	1.0	0.08432064213695302	0.006065554976313138	0.027716758223034377	0.007096190579214107	0.0021087425472991147	1.0	0.05985430476436952	0.585786437626905	0.1757340838011157	0.01860710582931416	0.0026312722096600172	0.006966156341308397	0.17176743283130236	0.1380262631157473	0.5	0.01199752897158016	1.0	0.0044901867312228776	0.0032268532235026695	0.007165687560048489	0.010911343655283883	1.0	0.12671020163537874	1.0	0.2898979485566356	0.13480727003995663	0.010457688740743149	1.0	0.0901995075104223	1.0	0.010774710043824905
sh	1.0	0.585786437626905	1.0	1.0	0.34833147735478825	0.21498516621900873	0.27195617308673004	0.05286397770990286	0.18795247918520225	0.0	0.23727324146403408	1.0	1.0	0.20799159651347807	0.13154835475803023	0.0877579624048532	0.4142135623730951	0.5	0.585786437626905	0.5	1.0	0.15954492995986427	0.1449453396893802	0.17025921636942778	0.04444910268191088	0.12671020163537874	1.0	1.0	0.585786437626905	0.2402530733520421	0.13001162360318325	1.0	0.30552726787943424	1.0	0.12357503632046364
si	0.0	1.0	0.0	1.0	1.0	1.0	1.0	0.585786437626905	1.0	0.0	0.585786437626905	1.0	1.0	0.585786437626905	1.0	1.0	1.0	1.0	1.0	1.0	1.0	1.0	1.0	1.0	1.0	1.0	1.0	1.0	1.0	1.0	1.0	1.0	1.0	1.0	1.0
simple	1.0	0.4364916731037085	0.0	1.0	0.4142135623730951	0.34833147735478825	0.5	0.08277086494474448	0.24257131419419417	0.0	0.585786437626905	1.0	0.585786437626905	0.15699405621062287	0.2843646522044218	0.1987625491245426	0.585786437626905	0.44948974278317805	0.585786437626905	0.44948974278317805	1.0	0.34833147735478825	0.4142135623730951	0.34833147735478825	0.1536671777483898	0.2898979485566356	0.585786437626905	1.0	1.0	0.3430703308172536	0.3164309725825327	1.0	0.2661832955178855	1.0	0.1907435698305462
sr	1.0	0.4625414945524146	0.0	1.0	0.36602540378443865	0.15684129112137077	0.32449979983983984	0.10037920955707391	0.1159680540003417	0.0	0.27405284787612055	1.0	0.585786437626905	0.2165866815753201	0.10467092305179067	0.21498516621900873	0.3427032721697021	0.5	0.5	0.40453726661826384	1.0	0.18933139574356017	0.1284962218472282	0.18054705546755548	0.11255450869226018	0.13480727003995663	0.2402530733520421	1.0	0.3430703308172536	1.0	0.3660254037844386	1.0	0.4485068563421602	0.585786437626905	0.12482406943916922
sv	1.0	0.585786437626905	1.0	1.0	0.048270853148118915	0.04751185233628862	0.11978243827074593	0.005750752661781346	0.010423350434464386	0.0	0.08467050115599307	1.0	0.23874775399470888	0.09894840070690236	0.01268158316986432	0.02169455770818335	0.34833147735478825	0.13057680273413982	0.39564392373896007	0.1730575753714725	1.0	0.015776146131712864	0.020488936965948928	0.05649252110606058	0.027899184789982424	0.010457688740743149	0.13001162360318325	1.0	0.3164309725825327	0.3660254037844386	1.0	1.0	0.14406356591851835	0.585786437626905	0.06579890717327029
te	0.0	1.0	0.0	1.0	1.0	1.0	1.0	1.0	1.0	0.0	1.0	1.0	1.0	1.0	1.0	1.0	1.0	1.0	1.0	1.0	1.0	1.0	1.0	1.0	1.0	1.0	1.0	1.0	1.0	1.0	1.0	1.0	1.0	1.0	0.585786437626905
vi	1.0	1.0	1.0	1.0	0.22584440001865322	0.13209805015357332	0.16760090740494846	0.06240719617733199	0.07667774013050205	0.0	0.21393876913398135	1.0	0.2857142857142857	0.13241484876553528	0.0854856407593411	0.0819093392299776	0.2989350844248255	0.28989794855663564	0.5	0.3660254037844386	1.0	0.11485638925645696	0.09254444110560014	0.11084567039677899	0.05545719423584808	0.0901995075104223	0.30552726787943424	1.0	0.2661832955178855	0.4485068563421602	0.14406356591851835	1.0	1.0	0.585786437626905	0.08961617621565082
war	0.0	0.585786437626905	0.0	1.0	1.0	1.0	1.0	0.585786437626905	1.0	0.0	1.0	1.0	1.0	1.0	1.0	1.0	0.585786437626905	1.0	1.0	1.0	1.0	1.0	1.0	1.0	1.0	1.0	1.0	1.0	1.0	0.585786437626905	0.585786437626905	1.0	0.585786437626905	1.0	1.0
zh	0.585786437626905	0.27013511384464434	1.0	1.0	0.15974667297574377	0.029126279411267067	0.09074815987077757	0.006770640716370592	0.008887144861134781	1.0	0.053721183926065494	1.0	0.23371479611805132	0.0455943249204587	0.009966790721782621	0.015437623890677233	0.1757340838011157	0.1318615002606518	0.3266316347104093	0.09524373983914201	0.5	0.022691228244142058	0.019058896314919273	0.016315857932130973	0.023954599606057368	0.010774710043824905	0.12357503632046364	1.0	0.1907435698305462	0.12482406943916922	0.06579890717327029	0.585786437626905	0.08961617621565082	1.0	1.0
