arz	bs	ceb	ckb	da	de	el	en	es	fr	he	hi	hu	id	it	ja	ko	lv	mk	ml	mr	nl	pl	pt	ro	ru	sh	si	simple	sr	sv	te	vi	war	zh
arz	1.0	0.06595744680851064	0.015625	0.05862068965517241	0.035440613026819924	0.00897021887334051	0.036016949152542374	0.005130784708249497	0.010723296888141295	0.009720062208398134	0.022749273959341725	0.04295942720763723	0.0375	0.026737967914438502	0.01051953628166595	0.017168885774351786	0.027101769911504425	0.04927007299270073	0.04975485826350508	0.045454545454545456	0.07518796992481203	0.015399120050282841	0.01095780443214361	0.012213359920239282	0.045174537987679675	0.012583461736004109	0.039959016393442626	0.0703125	0.03299492385786802	0.027413587604290822	0.019073004912769333	0.06481481481481481	0.02766798418972332	0.07865168539325842	0.01993067590987868
bs	0.06595744680851064	1.0	0.014285714285714285	0.1	0.11438474870017332	0.03458267767365869	0.12577747686752427	0.020450022641754644	0.040444258172673934	0.03769524624915147	0.07761337714249837	0.1267207991029179	0.11344410229655731	0.09906203071259022	0.03995708639199936	0.06081335193862691	0.08579903518923544	0.13383579703620677	0.13255475607825948	0.11898913335906704	0.08949416342412451	0.05832813474734872	0.04177038919513963	0.04749246085250054	0.10828684437109852	0.0481121451250871	0.14949694564751484	0.09437751004016064	0.10600545950864422	0.09505080049261083	0.07096744692406518	0.09252669039145907	0.094375	0.08294930875576037	0.0746252574021463
ceb	0.015625	0.014285714285714285	1.0	0.02336448598130841	0.005964214711729622	0.0014393666786613889	0.0077951002227171495	0.0008059641345960105	0.001687051876845213	0.0015700838483903134	0.003913894324853229	0.010075566750629723	0.007625272331154684	0.005479452054794521	0.0015079707022834985	0.0028208744710860366	0.004469273743016759	0.01016260162601626	0.01206896551724138	0.015151515151515152	0.030927835051546393	0.0022109917877447885	0.0017905102954341987	0.00200300450676014	0.008456659619450317	0.0020639834881320948	0.006369426751592357	0.03605072463768116	0.006108202443280977	0.0048367593712212815	0.002797761790567546	0.015503875968992248	0.004704301075268817	0.06382978723404255	0.0030621172353455816
ckb	0.05862068965517241	0.1	0.02336448598130841	1.0	0.07291666666666667	0.017966223499820338	0.07861635220125786	0.010374697824335213	0.02127211457455771	0.019278212965451357	0.04501452081316554	0.07852193995381063	0.07254700522969441	0.05823293172690763	0.021514629948364887	0.03328661527680449	0.050716648291069456	0.12055526590198123	0.09580790234500482	0.10353408147464063	0.10303030303030303	0.03018867924528302	0.021642124051762607	0.025009066799689134	0.077	0.025205761316872428	0.07414829659318638	0.11935483870967742	0.0680672268907563	0.0484234798814345	0.036475472840115285	0.09947643979057591	0.057369117237538285	0.12083333333333333	0.03986135181975736
da	0.035440613026819924	0.11438474870017332	0.005964214711729622	0.07291666666666667	1.0	0.07913964477918414	0.1555354171081792	0.04828333650526017	0.09369428029552512	0.08765424636112112	0.16606761051010702	0.14902588114529958	0.18175062806730546	0.1611533262762576	0.09302201801248695	0.13513188266936113	0.17602643031832166	0.14757152788919192	0.13749789733835382	0.1163575042158516	0.06581430164545699	0.1310076305894256	0.09202383906660522	0.10998973014357218	0.17514206370612348	0.10477430806204538	0.15987155043635506	0.05815155027867547	0.18096203445003406	0.1503428011753183	0.15504098592317014	0.06805807622504537	0.15336134453781514	0.041666666666666664	0.15586762627427553
de	0.00897021887334051	0.03458267767365869	0.0014393666786613889	0.017966223499820338	0.07913964477918414	1.0	0.07044675401942524	0.23302949210055393	0.2698309409702854	0.2593126886751005	0.1496410437752916	0.06183281224801582	0.07438548403617341	0.10951689320268376	0.25619841769376583	0.1879645517963029	0.1350608925271074	0.040608228980322	0.04670722342305512	0.03715175871085572	0.016349263384836506	0.21546149006851292	0.26333250546091985	0.2348974492080031	0.07627368143314281	0.21327373914452774	0.07171294407375367	0.015114352946648466	0.08585938328607691	0.12051862352675079	0.17925877718389177	0.021364452423698384	0.10863727289276189	0.008096437567470314	0.15242613907894773
el	0.036016949152542374	0.12577747686752427	0.0077951002227171495	0.07861635220125786	0.1555354171081792	0.07044675401942524	1.0	0.04396501217076933	0.08451148471766327	0.07717457631192846	0.1449182864018641	0.1659989929056702	0.15675714402685664	0.15917083918282973	0.08116431306039602	0.12401522608866722	0.1604764811235958	0.1613370178462238	0.1575525905726529	0.11557990525659369	0.07540679618065879	0.11181170053974392	0.08401690437828006	0.0971399887014282	0.1804902413944406	0.09282504644250215	0.1562737532694614	0.06680212531042001	0.17065373640284065	0.1429735758407687	0.13302621233558604	0.08231707317073171	0.1540947096753855	0.04777777777777778	0.1389853657133176
en	0.005130784708249497	0.020450022641754644	0.0008059641345960105	0.010374697824335213	0.04828333650526017	0.23302949210055393	0.04396501217076933	1.0	0.22527176819266556	0.2213666020815208	0.10114124785743625	0.03958379873314131	0.044864224104922606	0.07104962422825721	0.21550375933158092	0.13697081096134667	0.0892191043653082	0.024482913178682324	0.02849402799189678	0.022983491672377804	0.009577839352998907	0.1510024625205109	0.20487035302100876	0.19110141583632706	0.04613134314016474	0.17419823892302183	0.045520682076799	0.00887086943266117	0.056894930832614335	0.08071240691818485	0.12184015430355272	0.012593189603062663	0.07446377505519228	0.004533548257102559	0.11367981333945774
es	0.010723296888141295	0.040444258172673934	0.001687051876845213	0.02127211457455771	0.09369428029552512	0.2698309409702854	0.08451148471766327	0.22527176819266556	1.0	0.27526190347017676	0.17981236473818565	0.07549712508036059	0.08850928529079886	0.13245431199793314	0.2860679699378945	0.21944094644648318	0.16495301223511893	0.049884172476546695	0.057070620400410776	0.04623005303353446	0.019627257438215036	0.24341941371990902	0.2683323479028281	0.2896903103757633	0.08945780454001544	0.23864825132607964	0.08734738387830007	0.01815261085232223	0.10453071811575776	0.1462171169120251	0.21012909209101924	0.025252525252525252	0.13644605731359594	0.009489666807254323	0.18950524780429584
fr	0.009720062208398134	0.03769524624915147	0.0015700838483903134	0.019278212965451357	0.08765424636112112	0.2593126886751005	0.07717457631192846	0.2213666020815208	0.27526190347017676	1.0	0.163578609076549	0.06818969640461923	0.0808228043094899	0.11925926657866391	0.25863591965609084	0.20059337446748698	0.15076025190486572	0.04549205269619183	0.052800055070074285	0.04194232493081894	0.017949629374238062	0.22767448817752445	0.2443361730420437	0.2507021108604296	0.0841068703495164	0.21422880082400642	0.0793453669185025	0.01657626462659242	0.09862486649610569	0.12855895056152505	0.1963347934358163	0.022948269155970438	0.12364090799970542	0.008775351014040561	0.16786331792251802
he	0.022749273959341725	0.07761337714249837	0.003913894324853229	0.04501452081316554	0.16606761051010702	0.1496410437752916	0.1449182864018641	0.10114124785743625	0.17981236473818565	0.163578609076549	1.0	0.1321166460053894	0.1491154875080842	0.185333968770829	0.17417034429617176	0.20991297167474973	0.22665223665223666	0.09854476701846554	0.10967410027018792	0.08254757340363654	0.041182170542635656	0.2127789606044837	0.17143333793819088	0.2019088015676777	0.15546968805808686	0.1788406782412869	0.15056468052700686	0.038834951456310676	0.18153297949216315	0.19307167798762945	0.23271938230384645	0.0519730510105871	0.19688587298001814	0.02048780487804878	0.21698206190690011
hi	0.04295942720763723	0.1267207991029179	0.010075566750629723	0.07852193995381063	0.14902588114529958	0.06183281224801582	0.1659989929056702	0.03958379873314131	0.07549712508036059	0.06818969640461923	0.1321166460053894	1.0	0.15052272264709898	0.16267855772116036	0.071386504095165	0.11136787249419909	0.1507971269575425	0.15643733178370445	0.14644920914587503	0.15354676296921133	0.09354110487123031	0.09980863915537283	0.07223674331020731	0.08773309561812151	0.16565272456900898	0.08277247960578332	0.14956603729385307	0.08348456868738326	0.16779658081324647	0.13465985415467283	0.11864282955388634	0.10697674418604651	0.1626724323567031	0.05112219451371571	0.12913353992734689
hu	0.0375	0.11344410229655731	0.007625272331154684	0.07254700522969441	0.18175062806730546	0.07438548403617341	0.15675714402685664	0.044864224104922606	0.08850928529079886	0.0808228043094899	0.1491154875080842	0.15052272264709898	1.0	0.15719748716782875	0.08473649727659185	0.11818880315663842	0.15552955001835264	0.14489884215334878	0.14124404266374643	0.11574984547957522	0.07365145228215768	0.11909296577412108	0.08975954290590059	0.10256485852469246	0.17427148847422935	0.09888713144233145	0.1548986595347039	0.06288659793814433	0.16212563863534663	0.14859502553664206	0.13296227835969057	0.08651911468812877	0.15360173344527933	0.044372294372294376	0.13840999241513538
id	0.026737967914438502	0.09906203071259022	0.005479452054794521	0.05823293172690763	0.1611533262762576	0.10951689320268376	0.15917083918282973	0.07104962422825721	0.13245431199793314	0.11925926657866391	0.185333968770829	0.16267855772116036	0.15719748716782875	1.0	0.12806921539436425	0.16364074644981283	0.19107119750073942	0.11913823120581131	0.12355162519378116	0.10853274796142362	0.05612530796122559	0.16682352121021993	0.12418171906232964	0.15256733883602613	0.1647828084740686	0.1424582282588037	0.1644602941348592	0.05121293800539083	0.17063724367465202	0.18143514090688748	0.18393009313107817	0.06697612732095491	0.1971175737001604	0.029371584699453553	0.17413137788610814
it	0.01051953628166595	0.03995708639199936	0.0015079707022834985	0.021514629948364887	0.09302201801248695	0.25619841769376583	0.08116431306039602	0.21550375933158092	0.2860679699378945	0.25863591965609084	0.17417034429617176	0.071386504095165	0.08473649727659185	0.12806921539436425	1.0	0.20843125101685148	0.157664442609145	0.04931817639001109	0.056128020033281815	0.045605010148234905	0.018728076787558046	0.2385183848497424	0.25126457891577386	0.2771811882993304	0.0873669576557433	0.22667661790475227	0.08582658348975089	0.016977111442212395	0.10266291686352454	0.13985907846016332	0.20032301556493012	0.02468664168215507	0.12764790765569933	0.009478672985781991	0.18287674962267048
ja	0.017168885774351786	0.06081335193862691	0.0028208744710860366	0.03328661527680449	0.13513188266936113	0.1879645517963029	0.12401522608866722	0.13697081096134667	0.21944094644648318	0.20059337446748698	0.20991297167474973	0.11136787249419909	0.11818880315663842	0.16364074644981283	0.20843125101685148	1.0	0.2173632156640356	0.07484725359413087	0.0839965191601372	0.06957761732737473	0.03253286542118513	0.22400465287329238	0.20280983238086128	0.23304253118162	0.12176908717715472	0.20098808986949565	0.11978638260833026	0.029571876358498905	0.15283642442074727	0.16802846295506751	0.2321470061166328	0.03994217153340301	0.17244786489211822	0.015867418899858956	0.22114977970426966
ko	0.027101769911504425	0.08579903518923544	0.004469273743016759	0.050716648291069456	0.17602643031832166	0.1350608925271074	0.1604764811235958	0.0892191043653082	0.16495301223511893	0.15076025190486572	0.22665223665223666	0.1507971269575425	0.15552955001835264	0.19107119750073942	0.157664442609145	0.2173632156640356	1.0	0.10467587672688629	0.11119011650316436	0.09684178056394387	0.04878048780487805	0.1966091894143139	0.1517473282479026	0.18598901096438286	0.1698481574237577	0.17145751565240705	0.16376522741299332	0.044444498970279606	0.20106577512786442	0.19929825100532073	0.21974984565954106	0.05623591150433848	0.211809677536583	0.024553571428571428	0.21834218163886646
lv	0.04927007299270073	0.13383579703620677	0.01016260162601626	0.12055526590198123	0.14757152788919192	0.040608228980322	0.1613370178462238	0.024482913178682324	0.049884172476546695	0.04549205269619183	0.09854476701846554	0.15643733178370445	0.14489884215334878	0.11913823120581131	0.04931817639001109	0.07484725359413087	0.10467587672688629	1.0	0.16169154228855723	0.1573441247002398	0.11514859085426034	0.070020093535988	0.05093416370106762	0.05808952004164356	0.15715959618700656	0.05669633434962074	0.1368515205724508	0.10546177654304034	0.13207585727714882	0.10612255045350365	0.0834015376984127	0.10526315789473684	0.1240506329113924	0.08064516129032258	0.08791352545534119
mk	0.04975485826350508	0.13255475607825948	0.01206896551724138	0.09580790234500482	0.13749789733835382	0.04670722342305512	0.1575525905726529	0.02849402799189678	0.057070620400410776	0.052800055070074285	0.10967410027018792	0.14644920914587503	0.14124404266374643	0.12355162519378116	0.056128020033281815	0.0839965191601372	0.11119011650316436	0.16169154228855723	1.0	0.12498066916527181	0.08270365997638725	0.0776415495955726	0.05606764651188151	0.06714244542923017	0.16298477688572036	0.06451460150346652	0.13954139622985773	0.08391204967858652	0.1388306556439453	0.11579808486632959	0.09735500678004175	0.08343236992045733	0.12842108716052975	0.06418918918918919	0.09963891025159259
ml	0.045454545454545456	0.11898913335906704	0.015151515151515152	0.10353408147464063	0.1163575042158516	0.03715175871085572	0.11557990525659369	0.022983491672377804	0.04623005303353446	0.04194232493081894	0.08254757340363654	0.15354676296921133	0.11574984547957522	0.10853274796142362	0.045605010148234905	0.06957761732737473	0.09684178056394387	0.1573441247002398	0.12498066916527181	1.0	0.11320754716981132	0.06256973997402304	0.044650751547303275	0.05298605234511449	0.13546859778809237	0.0517318822932441	0.12256546882252824	0.10565325018347978	0.12005834196715186	0.08875189467672417	0.07383962394012611	0.125	0.10792395306269038	0.0876068376068376	0.07953145923313404
mr	0.07518796992481203	0.08949416342412451	0.030927835051546393	0.10303030303030303	0.06581430164545699	0.016349263384836506	0.07540679618065879	0.009577839352998907	0.019627257438215036	0.017949629374238062	0.041182170542635656	0.09354110487123031	0.07365145228215768	0.05612530796122559	0.018728076787558046	0.03253286542118513	0.04878048780487805	0.11514859085426034	0.08270365997638725	0.11320754716981132	1.0	0.027755824896108384	0.01963409192324855	0.022541820132801312	0.0761534905693923	0.02236226808499072	0.06799895688040251	0.11510202424767266	0.07137239585550458	0.04645326893588789	0.03457869634340222	0.1444242790885259	0.059782099216792624	0.14220183486238533	0.039880394787687026
nl	0.015399120050282841	0.05832813474734872	0.0022109917877447885	0.03018867924528302	0.1310076305894256	0.21546149006851292	0.11181170053974392	0.1510024625205109	0.24341941371990902	0.22767448817752445	0.2127789606044837	0.09980863915537283	0.11909296577412108	0.16682352121021993	0.2385183848497424	0.22400465287329238	0.1966091894143139	0.070020093535988	0.0776415495955726	0.06256973997402304	0.027755824896108384	1.0	0.22398610282844147	0.2467224500806753	0.11754610002995378	0.22304054874327292	0.11649596533294582	0.025487728130899938	0.1388878446638709	0.17421503767062288	0.24483072727639466	0.0361180904522613	0.1633296540709677	0.014222503160556258	0.20776153050544088
pl	0.01095780443214361	0.04177038919513963	0.0017905102954341987	0.021642124051762607	0.09202383906660522	0.26333250546091985	0.08401690437828006	0.20487035302100876	0.2683323479028281	0.2443361730420437	0.17143333793819088	0.07223674331020731	0.08975954290590059	0.12418171906232964	0.25126457891577386	0.20280983238086128	0.1517473282479026	0.05093416370106762	0.05606764651188151	0.044650751547303275	0.01963409192324855	0.22398610282844147	1.0	0.24324776832301073	0.08777598496317901	0.2164933662147078	0.08699498379569087	0.01830357142857143	0.10128870096923956	0.14062609770572834	0.1905135194815005	0.025389755011135856	0.1253518333297965	0.009843400447427294	0.17429105833490025
pt	0.012213359920239282	0.04749246085250054	0.00200300450676014	0.025009066799689134	0.10998973014357218	0.2348974492080031	0.0971399887014282	0.19110141583632706	0.2896903103757633	0.2507021108604296	0.2019088015676777	0.08773309561812151	0.10256485852469246	0.15256733883602613	0.2771811882993304	0.23304253118162	0.18598901096438286	0.05808952004164356	0.06714244542923017	0.05298605234511449	0.022541820132801312	0.2467224500806753	0.24324776832301073	1.0	0.10790159861569723	0.2394476668480115	0.10284532882325277	0.0212714938205266	0.12440359587207153	0.15946652163091185	0.22798407458635586	0.029473401517134467	0.15623576041000647	0.011011011011011011	0.2071957940831088
ro	0.045174537987679675	0.10828684437109852	0.008456659619450317	0.077	0.17514206370612348	0.07627368143314281	0.1804902413944406	0.04613134314016474	0.08945780454001544	0.0841068703495164	0.15546968805808686	0.16565272456900898	0.17427148847422935	0.1647828084740686	0.0873669576557433	0.12176908717715472	0.1698481574237577	0.15715959618700656	0.16298477688572036	0.13546859778809237	0.0761534905693923	0.11754610002995378	0.08777598496317901	0.10790159861569723	1.0	0.1028186330021791	0.16273395463167264	0.0655241935483871	0.17392297150948655	0.16336429642139966	0.1389796923574509	0.07869395520149097	0.16623509948432172	0.04411764705882353	0.14124988307871683
ru	0.012583461736004109	0.0481121451250871	0.0020639834881320948	0.025205761316872428	0.10477430806204538	0.21327373914452774	0.09282504644250215	0.17419823892302183	0.23864825132607964	0.21422880082400642	0.1788406782412869	0.08277247960578332	0.09888713144233145	0.1424582282588037	0.22667661790475227	0.20098808986949565	0.17145751565240705	0.05669633434962074	0.06451460150346652	0.0517318822932441	0.02236226808499072	0.22304054874327292	0.2164933662147078	0.2394476668480115	0.1028186330021791	1.0	0.09987084871143796	0.021653419120391502	0.11296829017260812	0.15743574009263303	0.19999304072081692	0.030070417535762978	0.1419580909849946	0.011609907120743035	0.1787816369817452
sh	0.039959016393442626	0.14949694564751484	0.006369426751592357	0.07414829659318638	0.15987155043635506	0.07171294407375367	0.1562737532694614	0.045520682076799	0.08734738387830007	0.0793453669185025	0.15056468052700686	0.14956603729385307	0.1548986595347039	0.1644602941348592	0.08582658348975089	0.11978638260833026	0.16376522741299332	0.1368515205724508	0.13954139622985773	0.12256546882252824	0.06799895688040251	0.11649596533294582	0.08699498379569087	0.10284532882325277	0.16273395463167264	0.09987084871143796	1.0	0.06857672717328138	0.1686538374045742	0.23561530492579005	0.13705573610411803	0.08164322985463399	0.15513513513513513	0.04449152542372881	0.13626857945152163
si	0.0703125	0.09437751004016064	0.03605072463768116	0.11935483870967742	0.05815155027867547	0.015114352946648466	0.06680212531042001	0.00887086943266117	0.01815261085232223	0.01657626462659242	0.038834951456310676	0.08348456868738326	0.06288659793814433	0.05121293800539083	0.016977111442212395	0.029571876358498905	0.044444498970279606	0.10546177654304034	0.08391204967858652	0.10565325018347978	0.11510202424767266	0.025487728130899938	0.01830357142857143	0.0212714938205266	0.0655241935483871	0.021653419120391502	0.06857672717328138	1.0	0.0641025641025641	0.04529201430274136	0.03184692340021693	0.1016949152542373	0.0519202496842396	0.13333333333333333	0.03720685923898384
simple	0.03299492385786802	0.10600545950864422	0.006108202443280977	0.0680672268907563	0.18096203445003406	0.08585938328607691	0.17065373640284065	0.056894930832614335	0.10453071811575776	0.09862486649610569	0.18153297949216315	0.16779658081324647	0.16212563863534663	0.17063724367465202	0.10266291686352454	0.15283642442074727	0.20106577512786442	0.13207585727714882	0.1388306556439453	0.12005834196715186	0.07137239585550458	0.1388878446638709	0.10128870096923956	0.12440359587207153	0.17392297150948655	0.11296829017260812	0.1686538374045742	0.0641025641025641	1.0	0.15903776898424535	0.16248544512509067	0.07508250825082509	0.185986346420303	0.037456445993031356	0.17381362982814538
sr	0.027413587604290822	0.09505080049261083	0.0048367593712212815	0.0484234798814345	0.1503428011753183	0.12051862352675079	0.1429735758407687	0.08071240691818485	0.1462171169120251	0.12855895056152505	0.19307167798762945	0.13465985415467283	0.14859502553664206	0.18143514090688748	0.13985907846016332	0.16802846295506751	0.19929825100532073	0.10612255045350365	0.11579808486632959	0.08875189467672417	0.04645326893588789	0.17421503767062288	0.14062609770572834	0.15946652163091185	0.16336429642139966	0.15743574009263303	0.23561530492579005	0.04529201430274136	0.15903776898424535	1.0	0.18510898392777528	0.05737704918032787	0.16791647417955197	0.025934861278648975	0.1814279849568954
sv	0.019073004912769333	0.07096744692406518	0.002797761790567546	0.036475472840115285	0.15504098592317014	0.17925877718389177	0.13302621233558604	0.12184015430355272	0.21012909209101924	0.1963347934358163	0.23271938230384645	0.11864282955388634	0.13296227835969057	0.18393009313107817	0.20032301556493012	0.2321470061166328	0.21974984565954106	0.0834015376984127	0.09735500678004175	0.07383962394012611	0.03457869634340222	0.24483072727639466	0.1905135194815005	0.22798407458635586	0.1389796923574509	0.19999304072081692	0.13705573610411803	0.03184692340021693	0.16248544512509067	0.18510898392777528	1.0	0.04264565006988754	0.1774620452144527	0.018	0.21280875072379976
te	0.06481481481481481	0.09252669039145907	0.015503875968992248	0.09947643979057591	0.06805807622504537	0.021364452423698384	0.08231707317073171	0.012593189603062663	0.025252525252525252	0.022948269155970438	0.0519730510105871	0.10697674418604651	0.08651911468812877	0.06697612732095491	0.02468664168215507	0.03994217153340301	0.05623591150433848	0.10526315789473684	0.08343236992045733	0.125	0.1444242790885259	0.0361180904522613	0.025389755011135856	0.029473401517134467	0.07869395520149097	0.030070417535762978	0.08164322985463399	0.1016949152542373	0.07508250825082509	0.05737704918032787	0.04264565006988754	1.0	0.06584093872229466	0.08620689655172414	0.0489779658667776
vi	0.02766798418972332	0.094375	0.004704301075268817	0.057369117237538285	0.15336134453781514	0.10863727289276189	0.1540947096753855	0.07446377505519228	0.13644605731359594	0.12364090799970542	0.19688587298001814	0.1626724323567031	0.15360173344527933	0.1971175737001604	0.12764790765569933	0.17244786489211822	0.211809677536583	0.1240506329113924	0.12842108716052975	0.10792395306269038	0.059782099216792624	0.1633296540709677	0.1253518333297965	0.15623576041000647	0.16623509948432172	0.1419580909849946	0.15513513513513513	0.0519202496842396	0.185986346420303	0.16791647417955197	0.1774620452144527	0.06584093872229466	1.0	0.02956989247311828	0.194810049654514
war	0.07865168539325842	0.08294930875576037	0.06382978723404255	0.12083333333333333	0.041666666666666664	0.008096437567470314	0.04777777777777778	0.004533548257102559	0.009489666807254323	0.008775351014040561	0.02048780487804878	0.05112219451371571	0.044372294372294376	0.029371584699453553	0.009478672985781991	0.015867418899858956	0.024553571428571428	0.08064516129032258	0.06418918918918919	0.0876068376068376	0.14220183486238533	0.014222503160556258	0.009843400447427294	0.011011011011011011	0.04411764705882353	0.011609907120743035	0.04449152542372881	0.13333333333333333	0.037456445993031356	0.025934861278648975	0.018	0.08620689655172414	0.02956989247311828	1.0	0.019702276707530646
zh	0.01993067590987868	0.0746252574021463	0.0030621172353455816	0.03986135181975736	0.15586762627427553	0.15242613907894773	0.1389853657133176	0.11367981333945774	0.18950524780429584	0.16786331792251802	0.21698206190690011	0.12913353992734689	0.13840999241513538	0.17413137788610814	0.18287674962267048	0.22114977970426966	0.21834218163886646	0.08791352545534119	0.09963891025159259	0.07953145923313404	0.039880394787687026	0.20776153050544088	0.17429105833490025	0.2071957940831088	0.14124988307871683	0.1787816369817452	0.13626857945152163	0.03720685923898384	0.17381362982814538	0.1814279849568954	0.21280875072379976	0.0489779658667776	0.194810049654514	0.019702276707530646	1.0
