arz	bs	ceb	ckb	da	de	el	en	es	fr	he	hi	hu	id	it	ja	ko	lv	mk	ml	mr	nl	pl	pt	ro	ru	sh	si	simple	sr	sv	te	vi	war	zh
arz	1.0	0.5666666666666667	0.5263157894736842	0.56	0.5357142857142857	0.5245901639344263	0.5555555555555556	0.5109717868338558	0.5257731958762887	0.5191256830601093	0.5306122448979592	0.5326404676843131	0.547945205479452	0.5316839771268527	0.5174418604651163	0.5220588235294117	0.5289256198347108	0.5797101449275363	0.5795363709032774	0.5531914893617021	0.5370370370370371	0.5309734513274337	0.5336483293958826	0.53027493775494	0.5421686746987951	0.5211349160393747	0.5576923076923077	0.5135135135135135	0.5333333333333333	0.5552156177156178	0.5178571428571429	0.5348837209302326	0.5443037974683544	0.625	0.5251798561151079
bs	0.5666666666666667	1.0	0.5476190476190476	0.5666666666666667	0.5517241379310345	0.5317460317460317	0.5671641791044776	0.5156956825113093	0.5272727272727272	0.5240641711229946	0.5514868518063406	0.55	0.5512820512820512	0.5343511450381679	0.5227272727272727	0.5285714285714286	0.538089972647384	0.5869565217391304	0.56	0.5576923076923077	0.5517241379310345	0.5338983050847458	0.5391304347826087	0.5354330708661417	0.5454545454545455	0.5254237288135593	0.5714285714285714	0.55	0.5436065324146332	0.5555555555555556	0.5294117647058824	0.5416666666666666	0.5542168674698795	0.5625	0.5320060685102872
ceb	0.5263157894736842	0.5476190476190476	1.0	0.5405405405405405	0.5685289000579934	0.5584521640806583	0.5431829615965118	0.5204906135088059	0.5411314566821536	0.5367686999926594	0.5634262213713394	0.5529411764705883	0.5802128498226251	0.5429316756396737	0.5337078651685393	0.5384615384615384	0.5440956651718983	0.6016755521706016	0.5670731707317073	0.5448354143019296	0.5450195737277077	0.55	0.5571187394485086	0.5530820082186886	0.5675074183976261	0.5386939631251156	0.5645161290322581	0.5208333333333334	0.5589400839888804	0.5567961541443747	0.5398044380943876	0.5178571428571429	0.5595273557740046	0.5384615384615384	0.538385894298717
ckb	0.56	0.5666666666666667	0.5405405405405405	1.0	0.5357142857142857	0.5289256198347108	0.5384615384615384	0.5109717868338558	0.5185185185185185	0.5191256830601093	0.5319959879638917	0.5394736842105263	0.5405405405405405	0.5234375	0.5174418604651163	0.5220588235294117	0.5245901639344263	0.5714285714285714	0.5555555555555556	0.5531914893617021	0.5471698113207547	0.5263157894736842	0.5267857142857143	0.5241935483870968	0.5357142857142857	0.5172413793103449	0.5471698113207547	0.5277777777777778	0.5274725274725275	0.5441176470588236	0.5178571428571429	0.5476190476190476	0.5375	0.5555555555555556	0.5214285714285714
da	0.5357142857142857	0.5517241379310345	0.5685289000579934	0.5357142857142857	1.0	0.5975108345371709	0.584070796460177	0.5553825335409598	0.5867346938775511	0.583243556807823	0.6119573681136851	0.5785054068748867	0.6297054338229393	0.5915372733924071	0.578262888992104	0.584689349112426	0.5915348641689875	0.5913978494623656	0.5714285714285714	0.5588235294117647	0.5519193348664426	0.5986842105263158	0.61723919151636	0.6000000000000001	0.612541773147238	0.5834580746484749	0.5853658536585367	0.5376344086021506	0.6137966379663797	0.591514290786437	0.5871859772371162	0.5294117647058824	0.6066955135504442	0.5411764705882353	0.5994153394996266
de	0.5245901639344263	0.5317460317460317	0.5584521640806583	0.5289256198347108	0.5975108345371709	1.0	0.5817911853112664	0.5779376904321946	0.6178174058832495	0.6194506041544101	0.6056782334384858	0.5738617946073375	0.6031689672007456	0.5988301242992932	0.6035208673227725	0.6125130344108446	0.5970945745627039	0.556390977443609	0.56124894017031	0.5629267035939713	0.5632138540099169	0.6160767571041638	0.613579457187243	0.6196202115776333	0.6102517042475092	0.6088743714904393	0.5658743451765795	0.5307692307692308	0.6116191354842211	0.5848987913208096	0.5959392891992616	0.5367647058823529	0.5917034272141161	0.5327868852459017	0.6163531833345163
el	0.5555555555555556	0.5671641791044776	0.5431829615965118	0.5384615384615384	0.584070796460177	0.5817911853112664	1.0	0.5413607295120796	0.5645161290322581	0.5576923076923077	0.5809755911808385	0.5849056603773585	0.580952380952381	0.567741935483871	0.5612244897959184	0.5750000000000001	0.5666666666666667	0.5769230769230769	0.5679012345679012	0.5938433264415346	0.580566306783459	0.5704225352112676	0.5714285714285714	0.5810810810810811	0.5789473684210527	0.5634517766497462	0.5747126436781609	0.5333333333333333	0.5822009059419131	0.5952908029784665	0.5625	0.5641025641025641	0.5871559633027523	0.5625	0.5696969696969697
en	0.5109717868338558	0.5156956825113093	0.5204906135088059	0.5109717868338558	0.5553825335409598	0.5779376904321946	0.5413607295120796	1.0	0.5946028644518757	0.6082115722189025	0.5635797291311273	0.5506307534947154	0.5492395349670576	0.5821652577038451	0.591782120617957	0.5845769559177744	0.570653088705605	0.5258358662613982	0.525852096090438	0.5293873258637031	0.5339443939566056	0.5720311135144129	0.5702021449630582	0.5771892276397399	0.5548462428629514	0.6024918457728432	0.5331114808652246	0.5185185185185185	0.5609332541800289	0.5443889778447564	0.5890171960393583	0.524390243902439	0.5520988073511311	0.5125000000000001	0.5848621100119035
es	0.5257731958762887	0.5272727272727272	0.5411314566821536	0.5185185185185185	0.5867346938775511	0.6178174058832495	0.5645161290322581	0.5946028644518757	1.0	0.6272401433691757	0.5935747446610956	0.5634517766497462	0.5921052631578947	0.5944507534026	0.6034816247582205	0.6025641025641025	0.5955555555555555	0.5465116279069767	0.5465198863636364	0.5454545454545455	0.5457336194091434	0.6132075471698113	0.6000000000000001	0.6210361768646717	0.5808080808080808	0.6175438596491228	0.553072625698324	0.5266272189349113	0.5951947470526787	0.573359607273733	0.585820895522388	0.5284090909090908	0.5824742268041238	0.5246913580246914	0.6123927550047664
fr	0.5191256830601093	0.5240641711229946	0.5367686999926594	0.5191256830601093	0.583243556807823	0.6194506041544101	0.5576923076923077	0.6082115722189025	0.6272401433691757	1.0	0.595403177376208	0.5631953205642849	0.5805870236869207	0.5997198505869797	0.5952133527314586	0.6007905138339921	0.6059387292649671	0.5412371134020618	0.5435897435897437	0.5459183673469388	0.5530648429584599	0.6077660629660924	0.5983151838915143	0.6041532212140769	0.5789295569323685	0.6143219570007963	0.55	0.5263157894736842	0.5840686802018318	0.5627260565822721	0.5807179427844147	0.5315461684267533	0.575065455963456	0.5217391304347826	0.6196172248803828
he	0.5306122448979592	0.5514868518063406	0.5634262213713394	0.5319959879638917	0.6119573681136851	0.6056782334384858	0.5809755911808385	0.5635797291311273	0.5935747446610956	0.595403177376208	1.0	0.5683453237410072	0.6022443890274315	0.606399187404774	0.5811065209433667	0.5896333993026106	0.5944547899855163	0.5740740740740741	0.5653521126760563	0.5541701302299806	0.5485836932616127	0.6067542213883678	0.594680473262182	0.6283240135327012	0.6039264140582098	0.5976107666717073	0.5790996910321091	0.5327102803738317	0.6085802742149492	0.5848298676748582	0.5681818181818182	0.5258620689655172	0.605972701456533	0.5353535353535354	0.6032202286047922
hi	0.5326404676843131	0.55	0.5529411764705883	0.5394736842105263	0.5785054068748867	0.5738617946073375	0.5849056603773585	0.5506307534947154	0.5634517766497462	0.5631953205642849	0.5683453237410072	1.0	0.5820093724997143	0.5817273763639325	0.5550239234449761	0.5730994152046783	0.5652173913043479	0.5882874889086069	0.5652173913043479	0.5976881872004511	0.6181211784324625	0.5612903225806452	0.5715968366145044	0.5644171779141104	0.5714285714285714	0.5654450261780104	0.5656565656565656	0.5411764705882353	0.5779987569919205	0.5714285714285714	0.5615763546798029	0.5952380952380952	0.5737704918032787	0.5384615384615384	0.5617977528089888
hu	0.547945205479452	0.5512820512820512	0.5802128498226251	0.5405405405405405	0.6297054338229393	0.6031689672007456	0.580952380952381	0.5492395349670576	0.5921052631578947	0.5805870236869207	0.6022443890274315	0.5820093724997143	1.0	0.5866453737897993	0.5693069306930693	0.5860077210974567	0.5923183711244794	0.5937353903693314	0.5795454545454545	0.5671254219683199	0.5668301098701535	0.6053995513266807	0.6043177942834022	0.6028591352859136	0.620368601986249	0.5862322751582356	0.6030130935478782	0.5421686746987951	0.617856843165226	0.6077806694785964	0.5746743060944801	0.5268817204301075	0.5970062105207283	0.5540540540540541	0.5999943535257527
id	0.5316839771268527	0.5343511450381679	0.5429316756396737	0.5234375	0.5915372733924071	0.5988301242992932	0.567741935483871	0.5821652577038451	0.5944507534026	0.5997198505869797	0.606399187404774	0.5817273763639325	0.5866453737897993	1.0	0.5805700159262165	0.5986941580756013	0.5981889860786004	0.5579710144927537	0.5531914893617021	0.5537012035733778	0.5560877350044763	0.5898872994354856	0.5927289461573861	0.6001427636666468	0.5957936247124549	0.6012752024814751	0.5607328011195573	0.5255474452554745	0.5925733382844411	0.5763898058893437	0.5722801788375559	0.5404074935047176	0.601510067114094	0.53125	0.6140350877192983
it	0.5174418604651163	0.5227272727272727	0.5337078651685393	0.5174418604651163	0.578262888992104	0.6035208673227725	0.5612244897959184	0.591782120617957	0.6034816247582205	0.5952133527314586	0.5811065209433667	0.5550239234449761	0.5693069306930693	0.5805700159262165	1.0	0.611526569353563	0.5839817746087163	0.5439560439560439	0.5452316427926184	0.5445193233392931	0.5400012217222211	0.5921052631578947	0.5967946425668866	0.5944197331176708	0.5853658536585366	0.601640838650866	0.5502645502645502	0.5280898876404494	0.5771022633404923	0.5669763759843339	0.6135533612877045	0.5268817204301075	0.5830552321821239	0.5232558139534884	0.5943348870562926
ja	0.5220588235294117	0.5285714285714286	0.5384615384615384	0.5220588235294117	0.584689349112426	0.6125130344108446	0.5750000000000001	0.5845769559177744	0.6025641025641025	0.6007905138339921	0.5896333993026106	0.5730994152046783	0.5860077210974567	0.5986941580756013	0.611526569353563	1.0	0.6083306792847719	0.5510204081632653	0.5540540540540541	0.5533333333333333	0.5560719337239846	0.596938775510204	0.5965536571693192	0.5893719806763285	0.596727013993201	0.5946117036115105	0.5584415584415584	0.5314685314685315	0.5985583718081599	0.573170731707317	0.5988210026047617	0.5369127516778524	0.6110368531602062	0.5294117647058824	0.6082747493373285
ko	0.5289256198347108	0.538089972647384	0.5440956651718983	0.5245901639344263	0.5915348641689875	0.5970945745627039	0.5666666666666667	0.570653088705605	0.5955555555555555	0.6059387292649671	0.5944547899855163	0.5652173913043479	0.5923183711244794	0.5981889860786004	0.5839817746087163	0.6083306792847719	1.0	0.5628124667588554	0.5637207966296438	0.5477048409838634	0.5460518830356127	0.5868405453467694	0.5899803739283133	0.589186439446241	0.584371425921919	0.5873818766419637	0.5684244731222727	0.5348837209302326	0.6061131196032149	0.5691105258686603	0.5766547580383241	0.5251798561151079	0.5981459523552872	0.5327868852459017	0.625708141605198
lv	0.5797101449275363	0.5869565217391304	0.6016755521706016	0.5714285714285714	0.5913978494623656	0.556390977443609	0.5769230769230769	0.5258358662613982	0.5465116279069767	0.5412371134020618	0.5740740740740741	0.5882874889086069	0.5937353903693314	0.5579710144927537	0.5439560439560439	0.5510204081632653	0.5628124667588554	1.0	0.6034482758620691	0.5714285714285714	0.5652173913043479	0.5645161290322581	0.5727034448327509	0.5659958567623556	0.5913978494623656	0.5464480874316939	0.609375	0.5471698113207547	0.5765809759670725	0.6025641025641025	0.5480225988700566	0.540983606557377	0.5888888888888889	0.5681818181818182	0.5533333333333333
mk	0.5795363709032774	0.56	0.5670731707317073	0.5555555555555556	0.5714285714285714	0.56124894017031	0.5679012345679012	0.525852096090438	0.5465198863636364	0.5435897435897437	0.5653521126760563	0.5652173913043479	0.5795454545454545	0.5531914893617021	0.5452316427926184	0.5540540540540541	0.5637207966296438	0.6034482758620691	1.0	0.574611748818366	0.5503009458297506	0.5680000000000001	0.5666923670007711	0.5547445255474452	0.5874125874125874	0.5439544367396804	0.5970149253731343	0.5454545454545455	0.5673076923076923	0.5987096774193548	0.5428427552940552	0.53125	0.5806451612903225	0.5909090909090909	0.5543178185692836
ml	0.5531914893617021	0.5576923076923077	0.5448354143019296	0.5531914893617021	0.5588235294117647	0.5629267035939713	0.5938433264415346	0.5293873258637031	0.5454545454545455	0.5459183673469388	0.5541701302299806	0.5976881872004511	0.5671254219683199	0.5537012035733778	0.5445193233392931	0.5533333333333333	0.5477048409838634	0.5714285714285714	0.574611748818366	1.0	0.622307089698394	0.5538461538461539	0.5644962302947224	0.55	0.5643564356435644	0.5492730210016156	0.5586739882041896	0.543859649122807	0.5646325269903585	0.5632183908045977	0.5422265543410151	0.6095791001451379	0.5624227441285538	0.5625	0.5444934710058906
mr	0.5370370370370371	0.5517241379310345	0.5450195737277077	0.5471698113207547	0.5519193348664426	0.5632138540099169	0.580566306783459	0.5339443939566056	0.5457336194091434	0.5530648429584599	0.5485836932616127	0.6181211784324625	0.5668301098701535	0.5560877350044763	0.5400012217222211	0.5560719337239846	0.5460518830356127	0.5652173913043479	0.5503009458297506	0.622307089698394	1.0	0.549224369529422	0.5561935483870968	0.5465690907617942	0.5555555555555556	0.5572625698324022	0.5569620253164557	0.5483870967741935	0.555822906641001	0.554710604140262	0.5435528740200152	0.6062474862582116	0.5471698113207547	0.5454545454545455	0.5426630833129733
nl	0.5309734513274337	0.5338983050847458	0.55	0.5263157894736842	0.5986842105263158	0.6160767571041638	0.5704225352112676	0.5720311135144129	0.6132075471698113	0.6077660629660924	0.6067542213883678	0.5612903225806452	0.6053995513266807	0.5898872994354856	0.5921052631578947	0.596938775510204	0.5868405453467694	0.5645161290322581	0.5680000000000001	0.5538461538461539	0.549224369529422	1.0	0.6053914803569785	0.6050155918345955	0.6085165569999466	0.6032024456862205	0.5855986119144013	0.5327868852459017	0.5980762753097046	0.5888919016630514	0.5886622760427732	0.5267175572519084	0.5933333333333333	0.5350877192982456	0.5962107351105488
pl	0.5336483293958826	0.5391304347826087	0.5571187394485086	0.5267857142857143	0.61723919151636	0.613579457187243	0.5714285714285714	0.5702021449630582	0.6000000000000001	0.5983151838915143	0.594680473262182	0.5715968366145044	0.6043177942834022	0.5927289461573861	0.5967946425668866	0.5965536571693192	0.5899803739283133	0.5727034448327509	0.5666923670007711	0.5644962302947224	0.5561935483870968	0.6053914803569785	1.0	0.6031285276568296	0.6160365058670144	0.6034648700673725	0.5759218506789759	0.5333333333333333	0.6044887780548628	0.5872707239613715	0.591084110550184	0.53125	0.5947610477904419	0.5357142857142857	0.5916110022677137
pt	0.53027493775494	0.5354330708661417	0.5530820082186886	0.5241935483870968	0.6000000000000001	0.6196202115776333	0.5810810810810811	0.5771892276397399	0.6210361768646717	0.6041532212140769	0.6283240135327012	0.5644171779141104	0.6028591352859136	0.6001427636666468	0.5944197331176708	0.5893719806763285	0.589186439446241	0.5659958567623556	0.5547445255474452	0.55	0.5465690907617942	0.6050155918345955	0.6031285276568296	1.0	0.6055228610230874	0.6182353294492162	0.5714285714285714	0.5303030303030303	0.6097351945731593	0.5909825558713704	0.5843158134935726	0.5285714285714286	0.5893319179990713	0.532258064516129	0.6092785168453629
ro	0.5421686746987951	0.5454545454545455	0.5675074183976261	0.5357142857142857	0.612541773147238	0.6102517042475092	0.5789473684210527	0.5548462428629514	0.5808080808080808	0.5789295569323685	0.6039264140582098	0.5714285714285714	0.620368601986249	0.5957936247124549	0.5853658536585366	0.596727013993201	0.584371425921919	0.5913978494623656	0.5874125874125874	0.5643564356435644	0.5555555555555556	0.6085165569999466	0.6160365058670144	0.6055228610230874	1.0	0.5893288332784545	0.5882352941176471	0.5319148936170213	0.5926259981960974	0.6118451025056948	0.5826300777023704	0.5294117647058824	0.6050601666152422	0.5476190476190476	0.5821580126829734
ru	0.5211349160393747	0.5254237288135593	0.5386939631251156	0.5172413793103449	0.5834580746484749	0.6088743714904393	0.5634517766497462	0.6024918457728432	0.6175438596491228	0.6143219570007963	0.5976107666717073	0.5654450261780104	0.5862322751582356	0.6012752024814751	0.601640838650866	0.5946117036115105	0.5873818766419637	0.5464480874316939	0.5439544367396804	0.5492730210016156	0.5572625698324022	0.6032024456862205	0.6034648700673725	0.6182353294492162	0.5893288332784545	1.0	0.5555933645257337	0.5277777777777778	0.5929331230495621	0.5695104640108352	0.5963687363751391	0.5331916024448579	0.5835211803624227	0.5229885057471265	0.6043663260031018
sh	0.5576923076923077	0.5714285714285714	0.5645161290322581	0.5471698113207547	0.5853658536585367	0.5658743451765795	0.5747126436781609	0.5331114808652246	0.553072625698324	0.55	0.5790996910321091	0.5656565656565656	0.6030130935478782	0.5607328011195573	0.5502645502645502	0.5584415584415584	0.5684244731222727	0.609375	0.5970149253731343	0.5586739882041896	0.5569620253164557	0.5855986119144013	0.5759218506789759	0.5714285714285714	0.5882352941176471	0.5555933645257337	1.0	0.5573770491803278	0.5802400223276585	0.6258445945945946	0.5483870967741935	0.5277777777777778	0.5858585858585859	0.5660377358490566	0.5664564464886908
si	0.5135135135135135	0.55	0.5208333333333334	0.5277777777777778	0.5376344086021506	0.5307692307692308	0.5333333333333333	0.5185185185185185	0.5266272189349113	0.5263157894736842	0.5327102803738317	0.5411764705882353	0.5421686746987951	0.5255474452554745	0.5280898876404494	0.5314685314685315	0.5348837209302326	0.5471698113207547	0.5454545454545455	0.543859649122807	0.5483870967741935	0.5327868852459017	0.5333333333333333	0.5303030303030303	0.5319148936170213	0.5277777777777778	0.5573770491803278	1.0	0.5353535353535354	0.5384615384615384	0.5257142857142857	0.5384615384615384	0.5333333333333333	0.5263157894736842	0.5342465753424658
simple	0.5333333333333333	0.5436065324146332	0.5589400839888804	0.5274725274725275	0.6137966379663797	0.6116191354842211	0.5822009059419131	0.5609332541800289	0.5951947470526787	0.5840686802018318	0.6085802742149492	0.5779987569919205	0.617856843165226	0.5925733382844411	0.5771022633404923	0.5985583718081599	0.6061131196032149	0.5765809759670725	0.5673076923076923	0.5646325269903585	0.555822906641001	0.5980762753097046	0.6044887780548628	0.6097351945731593	0.5926259981960974	0.5929331230495621	0.5802400223276585	0.5353535353535354	1.0	0.5992713613323679	0.5748745972839607	0.53873480428902	0.5991273784995758	0.5384615384615384	0.611668270430165
sr	0.5552156177156178	0.5555555555555556	0.5567961541443747	0.5441176470588236	0.591514290786437	0.5848987913208096	0.5952908029784665	0.5443889778447564	0.573359607273733	0.5627260565822721	0.5848298676748582	0.5714285714285714	0.6077806694785964	0.5763898058893437	0.5669763759843339	0.573170731707317	0.5691105258686603	0.6025641025641025	0.5987096774193548	0.5632183908045977	0.554710604140262	0.5888919016630514	0.5872707239613715	0.5909825558713704	0.6118451025056948	0.5695104640108352	0.6258445945945946	0.5384615384615384	0.5992713613323679	1.0	0.5555555555555556	0.5411764705882353	0.591812865497076	0.5588235294117647	0.5802388368664134
sv	0.5178571428571429	0.5294117647058824	0.5398044380943876	0.5178571428571429	0.5871859772371162	0.5959392891992616	0.5625	0.5890171960393583	0.585820895522388	0.5807179427844147	0.5681818181818182	0.5615763546798029	0.5746743060944801	0.5722801788375559	0.6135533612877045	0.5988210026047617	0.5766547580383241	0.5480225988700566	0.5428427552940552	0.5422265543410151	0.5435528740200152	0.5886622760427732	0.591084110550184	0.5843158134935726	0.5826300777023704	0.5963687363751391	0.5483870967741935	0.5257142857142857	0.5748745972839607	0.5555555555555556	1.0	0.5288673424416043	0.5756885661496154	0.5207100591715976	0.5798369013487433
te	0.5348837209302326	0.5416666666666666	0.5178571428571429	0.5476190476190476	0.5294117647058824	0.5367647058823529	0.5641025641025641	0.524390243902439	0.5284090909090908	0.5315461684267533	0.5258620689655172	0.5952380952380952	0.5268817204301075	0.5404074935047176	0.5268817204301075	0.5369127516778524	0.5251798561151079	0.540983606557377	0.53125	0.6095791001451379	0.6062474862582116	0.5267175572519084	0.53125	0.5285714285714286	0.5294117647058824	0.5331916024448579	0.5277777777777778	0.5384615384615384	0.53873480428902	0.5411764705882353	0.5288673424416043	1.0	0.5306122448979592	0.5454545454545455	0.5256410256410257
vi	0.5443037974683544	0.5542168674698795	0.5595273557740046	0.5375	0.6066955135504442	0.5917034272141161	0.5871559633027523	0.5520988073511311	0.5824742268041238	0.575065455963456	0.605972701456533	0.5737704918032787	0.5970062105207283	0.601510067114094	0.5830552321821239	0.6110368531602062	0.5981459523552872	0.5888888888888889	0.5806451612903225	0.5624227441285538	0.5471698113207547	0.5933333333333333	0.5947610477904419	0.5893319179990713	0.6050601666152422	0.5835211803624227	0.5858585858585859	0.5333333333333333	0.5991273784995758	0.591812865497076	0.5756885661496154	0.5306122448979592	1.0	0.55	0.5948898352157008
war	0.625	0.5625	0.5384615384615384	0.5555555555555556	0.5411764705882353	0.5327868852459017	0.5625	0.5125000000000001	0.5246913580246914	0.5217391304347826	0.5353535353535354	0.5384615384615384	0.5540540540540541	0.53125	0.5232558139534884	0.5294117647058824	0.5327868852459017	0.5681818181818182	0.5909090909090909	0.5625	0.5454545454545455	0.5350877192982456	0.5357142857142857	0.532258064516129	0.5476190476190476	0.5229885057471265	0.5660377358490566	0.5263157894736842	0.5384615384615384	0.5588235294117647	0.5207100591715976	0.5454545454545455	0.55	1.0	0.5285714285714286
zh	0.5251798561151079	0.5320060685102872	0.538385894298717	0.5214285714285714	0.5994153394996266	0.6163531833345163	0.5696969696969697	0.5848621100119035	0.6123927550047664	0.6196172248803828	0.6032202286047922	0.5617977528089888	0.5999943535257527	0.6140350877192983	0.5943348870562926	0.6082747493373285	0.625708141605198	0.5533333333333333	0.5543178185692836	0.5444934710058906	0.5426630833129733	0.5962107351105488	0.5916110022677137	0.6092785168453629	0.5821580126829734	0.6043663260031018	0.5664564464886908	0.5342465753424658	0.611668270430165	0.5802388368664134	0.5798369013487433	0.5256410256410257	0.5948898352157008	0.5285714285714286	1.0
