arz	bs	ceb	ckb	da	de	el	en	es	fr	he	hi	hu	id	it	ja	ko	lv	mk	ml	mr	nl	pl	pt	ro	ru	sh	si	simple	sr	sv	te	vi	war	zh
arz	1.0	1.0	0.0	1.0	1.0	1.0	1.0	1.0	1.0	1.0	1.0	1.0	1.0	0.585786437626905	1.0	1.0	1.0	1.0	1.0	1.0	1.0	1.0	1.0	1.0	1.0	1.0	1.0	1.0	1.0	1.0	1.0	1.0	1.0	1.0	1.0
bs	1.0	1.0	1.0	0.36602540378443865	0.1827439976315568	0.1692698330929496	0.2449655295864104	0.17411239489546831	0.1639607805437114	0.1652960191502465	0.1827439976315568	0.2372732414640341	0.20784829892961953	0.17475363559254548	0.17050763999009447	0.1765633506768389	0.17411239489546831	0.21089672205953397	0.2791745113185196	0.2791745113185196	0.5	0.17331935664757372	0.16879264089884097	0.1639607805437114	0.18660549686337075	0.16736577623297264	0.1896812679802183	1.0	0.24257131419419417	0.1757340838011157	0.20658711810431302	0.585786437626905	0.1856154626682773	0.5	0.18464218557642828
ceb	0.0	1.0	1.0	1.0	1.0	1.0	1.0	1.0	1.0	1.0	1.0	1.0	1.0	1.0	1.0	1.0	1.0	1.0	1.0	1.0	1.0	1.0	1.0	1.0	1.0	1.0	1.0	1.0	1.0	1.0	1.0	1.0	1.0	1.0	1.0
ckb	1.0	0.36602540378443865	1.0	1.0	0.585786437626905	0.585786437626905	1.0	1.0	1.0	0.585786437626905	0.585786437626905	1.0	0.585786437626905	0.44948974278317805	1.0	1.0	1.0	0.585786437626905	1.0	1.0	1.0	0.585786437626905	0.4364916731037085	1.0	0.585786437626905	1.0	0.5	1.0	1.0	1.0	1.0	1.0	1.0	0.5	1.0
da	1.0	0.1827439976315568	1.0	0.585786437626905	1.0	0.1388474243272687	0.28989794855663564	0.13895115919603923	0.15653318447387005	0.13331054745247042	0.17040813118304995	0.3090169943749474	0.3333333333333333	0.13517686462888062	0.10015220409231654	0.17070721772550654	0.25355482027512377	0.2843646522044218	0.5	0.39564392373896007	0.4364916731037085	0.14969218255130742	0.14151592743792826	0.14800160160049153	0.1620569679546108	0.1765633506768389	0.15421590502965596	0.585786437626905	0.28688760861855495	0.14641989144891043	0.18060693768197789	1.0	0.16409275554228506	0.44948974278317805	0.21712927295533244
de	1.0	0.1692698330929496	1.0	0.585786437626905	0.1388474243272687	1.0	0.44948974278317805	0.05369531178552954	0.10056040392403998	0.06589820528135848	0.24336073281110826	0.2742918851774318	0.27429188517743175	0.04930328866756449	0.03149251688791579	0.125	0.23166247903554	0.2791745113185196	0.4142135623730951	0.3090169943749474	0.44948974278317805	0.056934717498600025	0.03850688937265966	0.08807667876116598	0.08187419383869964	0.13957875683699938	0.03877882177867452	1.0	0.17854832631144232	0.08229330763519933	0.08484791726799674	1.0	0.10356737288641353	0.585786437626905	0.14732056773523425
el	1.0	0.2449655295864104	1.0	1.0	0.28989794855663564	0.44948974278317805	1.0	0.44948974278317805	0.5	0.2857142857142857	0.585786437626905	1.0	0.44948974278317805	0.2	0.21551468935838852	1.0	1.0	0.585786437626905	1.0	1.0	1.0	0.4142135623730951	0.18905299528192201	0.4142135623730951	0.18464218557642828	1.0	0.2449655295864104	1.0	0.38742588672279304	0.3660254037844386	0.44948974278317805	1.0	0.5	0.5	1.0
en	1.0	0.17411239489546831	1.0	1.0	0.13895115919603923	0.05369531178552954	0.44948974278317805	1.0	0.04744034163086363	0.04088559692811315	0.3660254037844386	1.0	0.19110197239803534	0.04306194341023419	0.017162310682075514	0.07872993972554523	0.3090169943749474	0.3288130902060995	0.585786437626905	1.0	1.0	0.04626303317738507	0.03302993588381996	0.0835711203331711	0.052765836448012964	0.1852891992413258	0.021581918208567197	1.0	0.13957155971498106	0.03684668093492277	0.07393910849100063	1.0	0.048848579280800275	0.5	0.15225881209433406
es	1.0	0.1639607805437114	1.0	1.0	0.15653318447387005	0.10056040392403998	0.5	0.04744034163086363	1.0	0.07265959292559214	0.3660254037844386	0.585786437626905	0.25	0.054679021451082145	0.03441317567614199	0.10745035092526581	0.3090169943749474	0.3164309725825327	1.0	0.585786437626905	0.585786437626905	0.07637946823473092	0.07780121570702293	0.12052171788829114	0.06865934407787179	0.17826035697019474	0.051342189209139216	1.0	0.15068773258868928	0.09194236235796233	0.11929741177788225	1.0	0.08424151719306418	0.5	0.1809073112342927
fr	1.0	0.1652960191502465	1.0	0.585786437626905	0.13331054745247042	0.06589820528135848	0.2857142857142857	0.04088559692811315	0.07265959292559214	1.0	0.26952570232358897	0.44948974278317805	0.22772999919644132	0.04814947258384378	0.021426450636586717	0.08999381933904535	0.28436465220442186	0.30552726787943424	1.0	0.585786437626905	1.0	0.0750783808434826	0.04779519949207309	0.09090909090909091	0.05745669521646531	0.156159660795834	0.033052956012460166	1.0	0.2204812092115424	0.06797491551231064	0.10960059084055324	1.0	0.08847699525828644	0.5	0.18933139574356017
he	1.0	0.1827439976315568	1.0	0.585786437626905	0.17040813118304995	0.24336073281110826	0.585786437626905	0.3660254037844386	0.3660254037844386	0.26952570232358897	1.0	0.585786437626905	0.31264808514230086	0.11183490368032006	0.091955589497972	0.5	0.5	0.3288130902060995	0.585786437626905	0.585786437626905	1.0	0.19530320959406677	0.14890977052086576	0.27195617308673004	0.1442970426795824	0.5	0.21822796141133347	1.0	0.2766967754673749	0.23441237831492112	0.2612038749637414	1.0	0.2632403810669918	0.5	0.5
hi	1.0	0.2372732414640341	1.0	1.0	0.3090169943749474	0.2742918851774318	1.0	1.0	0.585786437626905	0.44948974278317805	0.585786437626905	1.0	0.4142135623730951	0.17070721772550654	0.2708131845707603	1.0	1.0	0.44948974278317805	1.0	1.0	1.0	0.2612038749637414	0.22966848451216434	0.5	0.27429188517743175	1.0	0.34833147735478825	1.0	0.585786437626905	0.3164309725825327	0.36602540378443865	1.0	0.28989794855663564	0.5	1.0
hu	1.0	0.20784829892961953	1.0	0.585786437626905	0.3333333333333333	0.27429188517743175	0.44948974278317805	0.19110197239803534	0.25	0.22772999919644132	0.31264808514230086	0.4142135623730951	1.0	0.22901628833426058	0.2517564787261065	0.3090169943749474	0.38742588672279304	0.3660254037844386	0.5	0.44948974278317805	1.0	0.2843646522044218	0.2222222222222222	0.22772999919644132	0.26533119314590375	0.2553967929896867	0.21189498187560254	1.0	0.2958163163244893	0.22461549888867144	0.2958163163244893	0.4364916731037085	0.34833147735478825	0.5	0.3090169943749474
id	0.585786437626905	0.17475363559254548	1.0	0.44948974278317805	0.13517686462888062	0.04930328866756449	0.2	0.04306194341023419	0.054679021451082145	0.04814947258384378	0.11183490368032006	0.17070721772550654	0.22901628833426058	1.0	0.0662857319538763	0.060025548570771685	0.10637528072270355	0.18030816435569247	0.3430703308172536	0.22584440001865322	0.4364916731037085	0.05537508300240748	0.05611258940611489	0.05712372568040424	0.09592144328052286	0.05872645691331872	0.10686153951282715	1.0	0.16222842736315102	0.07359101668601115	0.08346319246102261	0.5	0.10033157205246429	0.4142135623730951	0.06529832508985517
it	1.0	0.17050763999009447	1.0	1.0	0.10015220409231654	0.03149251688791579	0.21551468935838852	0.017162310682075514	0.03441317567614199	0.021426450636586717	0.091955589497972	0.2708131845707603	0.2517564787261065	0.0662857319538763	1.0	0.036100275779692506	0.11681063765238879	0.2270957142781439	0.3430703308172536	0.28172904669025317	1.0	0.03119269413656309	0.03827913199626361	0.03854985339160506	0.08056230621951789	0.06537835989755311	0.037026521010640905	1.0	0.2070518364164892	0.03947827902008905	0.09679561831382022	1.0	0.09468125041687778	0.44948974278317805	0.06529697115863928
ja	1.0	0.1765633506768389	1.0	1.0	0.17070721772550654	0.125	1.0	0.07872993972554523	0.10745035092526581	0.08999381933904535	0.5	1.0	0.3090169943749474	0.060025548570771685	0.036100275779692506	1.0	1.0	0.3430703308172536	1.0	1.0	1.0	0.0898539941897685	0.0671481457783844	0.16089167649473737	0.0586352263213333	1.0	0.038233746642923803	1.0	0.25728427444747215	0.08340105899618779	0.10145191037807537	1.0	0.131657717156152	0.5	1.0
ko	1.0	0.17411239489546831	1.0	1.0	0.25355482027512377	0.23166247903554	1.0	0.3090169943749474	0.3090169943749474	0.28436465220442186	0.5	1.0	0.38742588672279304	0.10637528072270355	0.11681063765238879	1.0	1.0	0.3430703308172536	1.0	1.0	1.0	0.21393876913398135	0.14858757526357158	0.38742588672279304	0.09200356673423508	1.0	0.12297975901832305	1.0	0.34833147735478825	0.179128784747792	0.25	1.0	0.20658711810431302	0.5	1.0
lv	1.0	0.21089672205953397	1.0	0.585786437626905	0.2843646522044218	0.2791745113185196	0.585786437626905	0.3288130902060995	0.3164309725825327	0.30552726787943424	0.3288130902060995	0.44948974278317805	0.3660254037844386	0.18030816435569247	0.2270957142781439	0.3430703308172536	0.3430703308172536	1.0	0.44948974278317805	0.5	0.585786437626905	0.3090169943749474	0.2989350844248255	0.3483314773547883	0.44948974278317805	0.3430703308172536	0.27429188517743175	1.0	0.38742588672279304	0.3660254037844386	0.34833147735478825	0.585786437626905	0.3333333333333333	0.5	0.3430703308172536
mk	1.0	0.2791745113185196	1.0	1.0	0.5	0.4142135623730951	1.0	0.585786437626905	1.0	1.0	0.585786437626905	1.0	0.5	0.3430703308172536	0.3430703308172536	1.0	1.0	0.44948974278317805	1.0	1.0	1.0	0.44948974278317805	0.44948974278317805	0.585786437626905	1.0	1.0	0.26968623182294527	1.0	0.5	0.5	0.585786437626905	1.0	0.44948974278317805	0.585786437626905	1.0
ml	1.0	0.2791745113185196	1.0	1.0	0.39564392373896007	0.3090169943749474	1.0	1.0	0.585786437626905	0.585786437626905	0.585786437626905	1.0	0.44948974278317805	0.22584440001865322	0.28172904669025317	1.0	1.0	0.5	1.0	1.0	1.0	0.44948974278317805	0.3430703308172536	0.585786437626905	0.39564392373896007	1.0	0.38742588672279304	1.0	1.0	0.36602540378443865	0.39564392373896007	1.0	0.5	0.585786437626905	1.0
mr	1.0	0.5	1.0	1.0	0.4364916731037085	0.44948974278317805	1.0	1.0	0.585786437626905	1.0	1.0	1.0	1.0	0.4364916731037085	1.0	1.0	1.0	0.585786437626905	1.0	1.0	1.0	1.0	0.39564392373896007	1.0	1.0	1.0	0.5	1.0	0.585786437626905	1.0	0.585786437626905	1.0	1.0	1.0	1.0
nl	1.0	0.17331935664757372	1.0	0.585786437626905	0.14969218255130742	0.056934717498600025	0.4142135623730951	0.04626303317738507	0.07637946823473092	0.0750783808434826	0.19530320959406677	0.2612038749637414	0.2843646522044218	0.05537508300240748	0.03119269413656309	0.0898539941897685	0.21393876913398135	0.3090169943749474	0.44948974278317805	0.44948974278317805	1.0	1.0	0.07475101856637723	0.09545367333767688	0.08495938795016529	0.07765078764989526	0.054708621549480724	1.0	0.1879524791852023	0.10033702293432888	0.10916856696862455	1.0	0.11693845564392695	0.5	0.12193351866436584
pl	1.0	0.16879264089884097	1.0	0.4364916731037085	0.14151592743792826	0.03850688937265966	0.18905299528192201	0.03302993588381996	0.07780121570702293	0.04779519949207309	0.14890977052086576	0.22966848451216434	0.2222222222222222	0.05611258940611489	0.03827913199626361	0.0671481457783844	0.14858757526357158	0.2989350844248255	0.44948974278317805	0.3430703308172536	0.39564392373896007	0.07475101856637723	1.0	0.05764932666518779	0.06580946162584718	0.0695454391025823	0.08126080323927365	1.0	0.19675422795565728	0.0810970596768952	0.11644939498751472	0.585786437626905	0.10710461314257713	0.44948974278317805	0.063188544070372
pt	1.0	0.1639607805437114	1.0	1.0	0.14800160160049153	0.08807667876116598	0.4142135623730951	0.0835711203331711	0.12052171788829114	0.09090909090909091	0.27195617308673004	0.5	0.22772999919644132	0.05712372568040424	0.03854985339160506	0.16089167649473737	0.38742588672279304	0.3483314773547883	0.585786437626905	0.585786437626905	1.0	0.09545367333767688	0.05764932666518779	1.0	0.06350690211820113	0.16778977572266515	0.05179035464331991	1.0	0.22281267964860224	0.09860239969395265	0.11533640921041902	1.0	0.09817759675601281	0.5	0.16089167649473737
ro	1.0	0.18660549686337075	1.0	0.585786437626905	0.1620569679546108	0.08187419383869964	0.18464218557642828	0.052765836448012964	0.06865934407787179	0.05745669521646531	0.1442970426795824	0.27429188517743175	0.26533119314590375	0.09592144328052286	0.08056230621951789	0.0586352263213333	0.09200356673423508	0.44948974278317805	1.0	0.39564392373896007	1.0	0.08495938795016529	0.06580946162584718	0.06350690211820113	1.0	0.07332858560516256	0.14734701938440414	1.0	0.16855212267069633	0.09700920842091693	0.14525931397600494	1.0	0.14072212813513787	0.44948974278317805	0.07562620803556616
ru	1.0	0.16736577623297264	1.0	1.0	0.1765633506768389	0.13957875683699938	1.0	0.1852891992413258	0.17826035697019474	0.156159660795834	0.5	1.0	0.2553967929896867	0.05872645691331872	0.06537835989755311	1.0	1.0	0.3430703308172536	1.0	1.0	1.0	0.07765078764989526	0.0695454391025823	0.16778977572266515	0.07332858560516256	1.0	0.07512701983447699	1.0	0.15309887413431528	0.1380262631157473	0.10061698342249199	1.0	0.15799872400692302	0.5	1.0
sh	1.0	0.1896812679802183	1.0	0.5	0.15421590502965596	0.03877882177867452	0.2449655295864104	0.021581918208567197	0.051342189209139216	0.033052956012460166	0.21822796141133347	0.34833147735478825	0.21189498187560254	0.10686153951282715	0.037026521010640905	0.038233746642923803	0.12297975901832305	0.27429188517743175	0.26968623182294527	0.38742588672279304	0.5	0.054708621549480724	0.08126080323927365	0.05179035464331991	0.14734701938440414	0.07512701983447699	1.0	1.0	0.2553967929896867	0.021342120489536747	0.0926447493790515	0.5	0.09007336949122678	0.585786437626905	0.04751119616099052
si	1.0	1.0	1.0	1.0	0.585786437626905	1.0	1.0	1.0	1.0	1.0	1.0	1.0	1.0	1.0	1.0	1.0	1.0	1.0	1.0	1.0	1.0	1.0	1.0	1.0	1.0	1.0	1.0	1.0	1.0	1.0	1.0	1.0	1.0	1.0	1.0
simple	1.0	0.24257131419419417	1.0	1.0	0.28688760861855495	0.17854832631144232	0.38742588672279304	0.13957155971498106	0.15068773258868928	0.2204812092115424	0.2766967754673749	0.585786437626905	0.2958163163244893	0.16222842736315102	0.2070518364164892	0.25728427444747215	0.34833147735478825	0.38742588672279304	0.5	1.0	0.585786437626905	0.1879524791852023	0.19675422795565728	0.22281267964860224	0.16855212267069633	0.15309887413431528	0.2553967929896867	1.0	1.0	0.27429188517743175	0.2989350844248255	1.0	0.2187841884486319	0.5	0.16502618927924417
sr	1.0	0.1757340838011157	1.0	1.0	0.14641989144891043	0.08229330763519933	0.3660254037844386	0.03684668093492277	0.09194236235796233	0.06797491551231064	0.23441237831492112	0.3164309725825327	0.22461549888867144	0.07359101668601115	0.03947827902008905	0.08340105899618779	0.179128784747792	0.3660254037844386	0.5	0.36602540378443865	1.0	0.10033702293432888	0.0810970596768952	0.09860239969395265	0.09700920842091693	0.1380262631157473	0.021342120489536747	1.0	0.27429188517743175	1.0	0.1167640824455224	1.0	0.08799599155128618	0.44948974278317805	0.12161530084703875
sv	1.0	0.20658711810431302	1.0	1.0	0.18060693768197789	0.08484791726799674	0.44948974278317805	0.07393910849100063	0.11929741177788225	0.10960059084055324	0.2612038749637414	0.36602540378443865	0.2958163163244893	0.08346319246102261	0.09679561831382022	0.10145191037807537	0.25	0.34833147735478825	0.585786437626905	0.39564392373896007	0.585786437626905	0.10916856696862455	0.11644939498751472	0.11533640921041902	0.14525931397600494	0.10061698342249199	0.0926447493790515	1.0	0.2989350844248255	0.1167640824455224	1.0	1.0	0.15162354139107598	0.5	0.14459058185587106
te	1.0	0.585786437626905	1.0	1.0	1.0	1.0	1.0	1.0	1.0	1.0	1.0	1.0	0.4364916731037085	0.5	1.0	1.0	1.0	0.585786437626905	1.0	1.0	1.0	1.0	0.585786437626905	1.0	1.0	1.0	0.5	1.0	1.0	1.0	1.0	1.0	1.0	0.585786437626905	1.0
vi	1.0	0.1856154626682773	1.0	1.0	0.16409275554228506	0.10356737288641353	0.5	0.048848579280800275	0.08424151719306418	0.08847699525828644	0.2632403810669918	0.28989794855663564	0.34833147735478825	0.10033157205246429	0.09468125041687778	0.131657717156152	0.20658711810431302	0.3333333333333333	0.44948974278317805	0.5	1.0	0.11693845564392695	0.10710461314257713	0.09817759675601281	0.14072212813513787	0.15799872400692302	0.09007336949122678	1.0	0.2187841884486319	0.08799599155128618	0.15162354139107598	1.0	1.0	0.5	0.11189119247086728
war	1.0	0.5	1.0	0.5	0.44948974278317805	0.585786437626905	0.5	0.5	0.5	0.5	0.5	0.5	0.5	0.4142135623730951	0.44948974278317805	0.5	0.5	0.5	0.585786437626905	0.585786437626905	1.0	0.5	0.44948974278317805	0.5	0.44948974278317805	0.5	0.585786437626905	1.0	0.5	0.44948974278317805	0.5	0.585786437626905	0.5	1.0	0.5
zh	1.0	0.18464218557642828	1.0	1.0	0.21712927295533244	0.14732056773523425	1.0	0.15225881209433406	0.1809073112342927	0.18933139574356017	0.5	1.0	0.3090169943749474	0.06529832508985517	0.06529697115863928	1.0	1.0	0.3430703308172536	1.0	1.0	1.0	0.12193351866436584	0.063188544070372	0.16089167649473737	0.07562620803556616	1.0	0.04751119616099052	1.0	0.16502618927924417	0.12161530084703875	0.14459058185587106	1.0	0.11189119247086728	0.5	1.0
