arz	bs	ceb	ckb	da	de	el	en	es	fr	he	hi	hu	id	it	ja	ko	lv	mk	ml	mr	nl	pl	pt	ro	ru	sh	si	simple	sr	sv	te	tr	vi	war	zh
arz	1.0	1.0	0.14285714285714285	1.0	1.0	1.0	1.0	0.585786437626905	1.0	1.0	1.0	1.0	1.0	1.0	1.0	1.0	1.0	1.0	1.0	1.0	1.0	1.0	1.0	1.0	1.0	1.0	1.0	1.0	1.0	1.0	1.0	0.0	1.0	1.0	1.0	1.0
bs	1.0	1.0	0.10007340863000491	1.0	1.0	1.0	1.0	0.585786437626905	1.0	1.0	1.0	1.0	1.0	1.0	0.585786437626905	1.0	1.0	1.0	1.0	1.0	1.0	0.585786437626905	1.0	1.0	1.0	1.0	0.585786437626905	0.039005561038795114	1.0	1.0	1.0	0.0	0.12143283243658197	1.0	0.010429411765355688	1.0
ceb	0.14285714285714285	0.10007340863000491	1.0	0.010780866196107018	0.09180962295754024	0.07750625280018476	0.010164772514823815	0.0590489089840185	0.0629531966851035	0.06044301004411177	0.01059656198255129	0.011067672756451796	0.07396972295726165	0.07778197722275919	0.10505177886140318	0.010164772514823815	0.010164772514823815	0.05267225011985552	0.010780866196107018	0.010780866196107018	0.010780866196107018	0.10221247495637246	0.08664427420237791	0.0626806579815653	0.08971732894676034	0.010164772514823816	0.06068942138010742	0.040579177123788134	0.1014726256479063	0.01059656198255129	0.067890593008008	0.013597258037915854	-1.0	0.06741575731803057	0.010785054704890438	0.053532138999581196
ckb	1.0	1.0	0.010780866196107018	1.0	1.0	1.0	1.0	0.5	1.0	1.0	1.0	0.0	1.0	1.0	1.0	1.0	1.0	1.0	1.0	0.0	1.0	1.0	1.0	1.0	1.0	1.0	1.0	1.0	1.0	1.0	1.0	0.0	1.0	1.0	0.28436465220442186	1.0
da	1.0	1.0	0.09180962295754024	1.0	1.0	0.3333333333333333	0.4142135623730951	0.12058810500190462	0.3660254037844386	0.2898979485566356	0.5	1.0	0.585786437626905	0.585786437626905	0.3019332452378656	0.38742588672279304	0.585786437626905	0.585786437626905	0.4142135623730951	1.0	1.0	0.18464218557642828	0.4142135623730951	0.44948974278317805	0.44948974278317805	0.34833147735478825	0.3783191098641383	0.03918173050027656	0.5	0.585786437626905	0.34833147735478825	0.0	0.17366476511539783	0.585786437626905	0.010492392404731168	0.38742588672279304
de	1.0	1.0	0.07750625280018476	1.0	0.3333333333333333	1.0	0.44948974278317805	0.031672403448884154	0.17100799366294794	0.1002500656086563	0.585786437626905	0.44948974278317805	0.353889367864523	0.29893508442482547	0.09289520803278664	0.1508906849579797	0.1907435698305462	0.5	0.2898979485566356	1.0	1.0	0.05608334459489431	0.1730575753714725	0.19900804996708035	0.38742588672279304	0.09310657650481041	0.21643167556015844	0.03962756277269707	0.4142135623730951	0.4364916731037085	0.19146256355088964	0.0	0.1959691289492878	0.5	0.010610551301250324	0.17379378377786506
el	1.0	1.0	0.010164772514823815	1.0	0.4142135623730951	0.44948974278317805	1.0	0.11490537152332962	0.585786437626905	0.3660254037844386	1.0	1.0	0.585786437626905	1.0	0.22849890415642563	1.0	1.0	1.0	1.0	1.0	1.0	0.4142135623730951	0.585786437626905	1.0	0.585786437626905	1.0	0.5	1.0	1.0	1.0	0.585786437626905	0.0	1.0	1.0	0.28436465220442186	1.0
en	0.585786437626905	0.585786437626905	0.0590489089840185	0.5	0.12058810500190462	0.031672403448884154	0.11490537152332962	1.0	0.034362506236961604	0.0277756281086148	0.2020331186045411	0.3164309725825327	0.1274942921283477	0.058182089850967594	0.031244214791192913	0.0289243483517809	0.055529637759121196	0.44948974278317805	0.045186412141673266	1.0	1.0	0.05448964111027355	0.0489327718300294	0.04090929120185079	0.14314148321596146	0.022852179693826337	0.13581402057960634	0.041368023232300245	0.15934399740800514	0.44948974278317805	0.057656993336547474	1.0	0.1212710481081399	0.23371479611805132	0.01106553863991061	0.030626453517591908
es	1.0	1.0	0.0629531966851035	1.0	0.3660254037844386	0.17100799366294794	0.585786437626905	0.034362506236961604	1.0	0.156234931905558	1.0	1.0	0.5	0.44948974278317805	0.11666055256332009	0.5	0.585786437626905	1.0	0.585786437626905	1.0	1.0	0.0799027913099379	0.4142135623730951	0.44948974278317805	0.585786437626905	0.4142135623730951	0.192044119376798	0.04075443868332665	0.32037724101704074	1.0	0.2449655295864104	0.0	0.17706699104120874	0.585786437626905	0.010936978908998916	0.44948974278317805
fr	1.0	1.0	0.06044301004411177	1.0	0.2898979485566356	0.1002500656086563	0.3660254037844386	0.0277756281086148	0.156234931905558	1.0	0.5	1.0	0.2708131845707603	0.21822796141133347	0.05446801934391922	0.13777278039754223	0.27429188517743175	1.0	0.25	1.0	1.0	0.06312661595271754	0.2898979485566356	0.19900804996708032	0.26966265967788405	0.08755699234284779	0.18660549686337075	0.04128213857176558	0.27429188517743175	1.0	0.17411239489546831	0.0	0.16937290819162362	0.585786437626905	0.011026658449993317	0.1618099389409039
he	1.0	1.0	0.01059656198255129	1.0	0.5	0.585786437626905	1.0	0.2020331186045411	1.0	0.5	1.0	1.0	1.0	1.0	0.585786437626905	1.0	1.0	1.0	1.0	1.0	1.0	0.44948974278317805	1.0	1.0	0.5	1.0	1.0	1.0	1.0	1.0	0.585786437626905	0.0	0.39564392373896007	1.0	0.28436465220442186	1.0
hi	1.0	1.0	0.011067672756451796	0.0	1.0	0.44948974278317805	1.0	0.3164309725825327	1.0	1.0	1.0	1.0	1.0	0.5	1.0	1.0	1.0	1.0	1.0	1.0	1.0	1.0	1.0	1.0	1.0	1.0	1.0	1.0	1.0	1.0	0.585786437626905	1.0	1.0	1.0	0.28436465220442186	1.0
hu	1.0	1.0	0.07396972295726165	1.0	0.585786437626905	0.353889367864523	0.585786437626905	0.1274942921283477	0.5	0.2708131845707603	1.0	1.0	1.0	0.585786437626905	0.22644879671519016	0.36602540378443865	1.0	1.0	0.4364916731037085	1.0	1.0	0.2791745113185196	0.4364916731037085	0.5	0.585786437626905	0.39564392373896007	0.5	0.04153520511463528	0.4364916731037085	1.0	0.44948974278317805	0.0	1.0	1.0	0.011054915867457571	0.5
id	1.0	1.0	0.07778197722275919	1.0	0.585786437626905	0.29893508442482547	1.0	0.058182089850967594	0.44948974278317805	0.21822796141133347	1.0	0.5	0.585786437626905	1.0	0.22966848451216434	0.3430703308172536	1.0	1.0	0.44948974278317805	1.0	1.0	0.1987625491245426	0.44948974278317805	0.5	0.5	0.27429188517743175	0.44948974278317805	0.03972512173557918	0.3380788308512194	1.0	0.5	1.0	0.17491720310721423	1.0	0.010616829582167215	0.4142135623730951
it	1.0	0.585786437626905	0.10505177886140318	1.0	0.3019332452378656	0.09289520803278664	0.22849890415642563	0.031244214791192913	0.11666055256332009	0.05446801934391922	0.585786437626905	1.0	0.22644879671519016	0.22966848451216434	1.0	0.09573270011565306	0.2791745113185196	0.585786437626905	0.21290885543182675	1.0	1.0	0.06258490849397629	0.21290885543182675	0.17100799366294794	0.38742588672279304	0.07279795937095576	0.19315013464079542	0.03884193555718095	0.34833147735478825	0.5	0.15043529666258462	0.0	0.15145442874097237	0.5	0.010382505372018135	0.09924506826833394
ja	1.0	1.0	0.010164772514823815	1.0	0.38742588672279304	0.1508906849579797	1.0	0.0289243483517809	0.5	0.13777278039754223	1.0	1.0	0.36602540378443865	0.3430703308172536	0.09573270011565306	1.0	1.0	1.0	1.0	1.0	1.0	0.06207053933515037	0.5	1.0	0.585786437626905	1.0	0.1907435698305462	1.0	0.3333333333333333	1.0	0.2474401533514073	1.0	0.2958163163244893	1.0	0.28436465220442186	1.0
ko	1.0	1.0	0.010164772514823815	1.0	0.585786437626905	0.1907435698305462	1.0	0.055529637759121196	0.585786437626905	0.27429188517743175	1.0	1.0	1.0	1.0	0.2791745113185196	1.0	1.0	1.0	1.0	1.0	1.0	0.19636040545626823	0.585786437626905	1.0	0.585786437626905	1.0	0.353889367864523	1.0	0.5	1.0	0.5	0.0	0.3430703308172536	1.0	0.28436465220442186	1.0
lv	1.0	1.0	0.05267225011985552	1.0	0.585786437626905	0.5	1.0	0.44948974278317805	1.0	1.0	1.0	1.0	1.0	1.0	0.585786437626905	1.0	1.0	1.0	1.0	1.0	1.0	0.4364916731037085	1.0	1.0	1.0	1.0	0.4364916731037085	0.04308281990239047	1.0	1.0	1.0	0.0	0.26744685375431654	1.0	0.011596043301696618	1.0
mk	1.0	1.0	0.010780866196107018	1.0	0.4142135623730951	0.2898979485566356	1.0	0.045186412141673266	0.585786437626905	0.25	1.0	1.0	0.4364916731037085	0.44948974278317805	0.21290885543182675	1.0	1.0	1.0	1.0	1.0	1.0	0.12436731212178362	0.44948974278317805	1.0	0.585786437626905	1.0	0.29429805508554946	1.0	0.4364916731037085	1.0	0.44948974278317805	0.0	1.0	1.0	0.28436465220442186	1.0
ml	1.0	1.0	0.010780866196107018	0.0	1.0	1.0	1.0	1.0	1.0	1.0	1.0	1.0	1.0	1.0	1.0	1.0	1.0	1.0	1.0	1.0	0.0	1.0	1.0	1.0	1.0	1.0	1.0	1.0	1.0	1.0	0.585786437626905	0.0	0.5	1.0	0.28436465220442186	1.0
mr	1.0	1.0	0.010780866196107018	1.0	1.0	1.0	1.0	1.0	1.0	1.0	1.0	1.0	1.0	1.0	1.0	1.0	1.0	1.0	1.0	0.0	1.0	1.0	1.0	1.0	1.0	1.0	1.0	1.0	1.0	1.0	1.0	1.0	1.0	0.0	0.28436465220442186	1.0
nl	1.0	0.585786437626905	0.10221247495637246	1.0	0.18464218557642828	0.05608334459489431	0.4142135623730951	0.05448964111027355	0.0799027913099379	0.06312661595271754	0.44948974278317805	1.0	0.2791745113185196	0.1987625491245426	0.06258490849397629	0.06207053933515037	0.19636040545626823	0.4364916731037085	0.12436731212178362	1.0	1.0	1.0	0.08145431875316919	0.1886378647726465	0.3333333333333333	0.06453607302388598	0.17843295907368986	0.038954203115662826	0.3483314773547883	0.4364916731037085	0.13501691139052088	0.0	0.06819341376063517	0.585786437626905	0.010404851698377585	0.07706042538169273
pl	1.0	1.0	0.08664427420237791	1.0	0.4142135623730951	0.1730575753714725	0.585786437626905	0.0489327718300294	0.4142135623730951	0.2898979485566356	1.0	1.0	0.4364916731037085	0.44948974278317805	0.21290885543182675	0.5	0.585786437626905	1.0	0.44948974278317805	1.0	1.0	0.08145431875316919	1.0	0.585786437626905	0.5	0.44948974278317805	0.20686554033110677	0.03937092576409445	0.3380788308512194	1.0	0.31264808514230086	0.0	0.16778977572266515	1.0	0.010508611916273272	0.5
pt	1.0	1.0	0.0626806579815653	1.0	0.44948974278317805	0.19900804996708035	1.0	0.04090929120185079	0.44948974278317805	0.19900804996708032	1.0	1.0	0.5	0.5	0.17100799366294794	1.0	1.0	1.0	1.0	1.0	1.0	0.1886378647726465	0.585786437626905	1.0	0.5	1.0	0.2459454694465688	0.0401846212905924	1.0	1.0	0.3660254037844386	0.0	0.17797387640247572	1.0	0.011606401294604992	1.0
ro	1.0	1.0	0.08971732894676034	1.0	0.44948974278317805	0.38742588672279304	0.585786437626905	0.14314148321596146	0.585786437626905	0.26966265967788405	0.5	1.0	0.585786437626905	0.5	0.38742588672279304	0.585786437626905	0.585786437626905	1.0	0.585786437626905	1.0	1.0	0.3333333333333333	0.5	0.5	1.0	0.5	1.0	0.03917130054269752	0.585786437626905	1.0	0.4142135623730951	0.0	0.585786437626905	1.0	0.010492264609621018	0.585786437626905
ru	1.0	1.0	0.010164772514823816	1.0	0.34833147735478825	0.09310657650481041	1.0	0.022852179693826337	0.4142135623730951	0.08755699234284779	1.0	1.0	0.39564392373896007	0.27429188517743175	0.07279795937095576	1.0	1.0	1.0	1.0	1.0	1.0	0.06453607302388598	0.44948974278317805	1.0	0.5	1.0	0.20521309615767266	1.0	0.3333333333333333	1.0	0.28436465220442186	1.0	0.21089672205953397	1.0	0.28436465220442186	1.0
sh	1.0	0.585786437626905	0.06068942138010742	1.0	0.3783191098641383	0.21643167556015844	0.5	0.13581402057960634	0.192044119376798	0.18660549686337075	1.0	1.0	0.5	0.44948974278317805	0.19315013464079542	0.1907435698305462	0.353889367864523	0.4364916731037085	0.29429805508554946	1.0	1.0	0.17843295907368986	0.20686554033110677	0.2459454694465688	1.0	0.20521309615767266	1.0	0.04045209940571441	0.44948974278317805	0.3164309725825328	0.20856217852254144	0.0	0.3164309725825328	0.5	0.011700462545283098	0.1907435698305462
si	1.0	0.039005561038795114	0.040579177123788134	1.0	0.03918173050027656	0.03962756277269707	1.0	0.041368023232300245	0.04075443868332665	0.04128213857176558	1.0	1.0	0.04153520511463528	0.03972512173557918	0.03884193555718095	1.0	1.0	0.04308281990239047	1.0	1.0	1.0	0.038954203115662826	0.03937092576409445	0.0401846212905924	0.03917130054269752	1.0	0.04045209940571441	1.0	0.038882646210846805	1.0	0.04055598173968736	1.0	1.0	0.040567574388219126	1.0	0.045186412141673266
simple	1.0	1.0	0.1014726256479063	1.0	0.5	0.4142135623730951	1.0	0.15934399740800514	0.32037724101704074	0.27429188517743175	1.0	1.0	0.4364916731037085	0.3380788308512194	0.34833147735478825	0.3333333333333333	0.5	1.0	0.4364916731037085	1.0	1.0	0.3483314773547883	0.3380788308512194	1.0	0.585786437626905	0.3333333333333333	0.44948974278317805	0.038882646210846805	1.0	1.0	0.4142135623730951	0.0	0.13814993111615162	0.5	0.010402386298849493	0.353889367864523
sr	1.0	1.0	0.01059656198255129	1.0	0.585786437626905	0.4364916731037085	1.0	0.44948974278317805	1.0	1.0	1.0	1.0	1.0	1.0	0.5	1.0	1.0	1.0	1.0	1.0	1.0	0.4364916731037085	1.0	1.0	1.0	1.0	0.3164309725825328	1.0	1.0	1.0	0.585786437626905	0.0	0.3726822671238253	1.0	0.28436465220442186	1.0
sv	1.0	1.0	0.067890593008008	1.0	0.34833147735478825	0.19146256355088964	0.585786437626905	0.057656993336547474	0.2449655295864104	0.17411239489546831	0.585786437626905	0.585786437626905	0.44948974278317805	0.5	0.15043529666258462	0.2474401533514073	0.5	1.0	0.44948974278317805	0.585786437626905	1.0	0.13501691139052088	0.31264808514230086	0.3660254037844386	0.4142135623730951	0.28436465220442186	0.20856217852254144	0.04055598173968736	0.4142135623730951	0.585786437626905	1.0	1.0	0.21594030529939418	0.585786437626905	0.010805579123451805	0.2553967929896867
te	0.0	0.0	0.013597258037915854	0.0	0.0	0.0	0.0	1.0	0.0	0.0	0.0	1.0	0.0	1.0	0.0	1.0	0.0	0.0	0.0	0.0	1.0	0.0	0.0	0.0	0.0	1.0	0.0	1.0	0.0	0.0	1.0	1.0	0.4364916731037085	0.0	0.2958163163244893	0.0
tr	1.0	0.12143283243658197	-1.0	1.0	0.17366476511539783	0.1959691289492878	1.0	0.1212710481081399	0.17706699104120874	0.16937290819162362	0.39564392373896007	1.0	1.0	0.17491720310721423	0.15145442874097237	0.2958163163244893	0.3430703308172536	0.26744685375431654	1.0	0.5	1.0	0.06819341376063517	0.16778977572266515	0.17797387640247572	0.585786437626905	0.21089672205953397	0.3164309725825328	1.0	0.13814993111615162	0.3726822671238253	0.21594030529939418	0.4364916731037085	1.0	0.3164309725825328	1.0	0.28989794855663564
vi	1.0	1.0	0.06741575731803057	1.0	0.585786437626905	0.5	1.0	0.23371479611805132	0.585786437626905	0.585786437626905	1.0	1.0	1.0	1.0	0.5	1.0	1.0	1.0	1.0	1.0	0.0	0.585786437626905	1.0	1.0	1.0	1.0	0.5	0.040567574388219126	0.5	1.0	0.585786437626905	0.0	0.3164309725825328	1.0	0.010827254061069509	1.0
war	1.0	0.010429411765355688	0.010785054704890438	0.28436465220442186	0.010492392404731168	0.010610551301250324	0.28436465220442186	0.01106553863991061	0.010936978908998916	0.011026658449993317	0.28436465220442186	0.28436465220442186	0.011054915867457571	0.010616829582167215	0.010382505372018135	0.28436465220442186	0.28436465220442186	0.011596043301696618	0.28436465220442186	0.28436465220442186	0.28436465220442186	0.010404851698377585	0.010508611916273272	0.011606401294604992	0.010492264609621018	0.28436465220442186	0.011700462545283098	1.0	0.010402386298849493	0.28436465220442186	0.010805579123451805	0.2958163163244893	1.0	0.010827254061069509	1.0	0.01178664603790631
zh	1.0	1.0	0.053532138999581196	1.0	0.38742588672279304	0.17379378377786506	1.0	0.030626453517591908	0.44948974278317805	0.1618099389409039	1.0	1.0	0.5	0.4142135623730951	0.09924506826833394	1.0	1.0	1.0	1.0	1.0	1.0	0.07706042538169273	0.5	1.0	0.585786437626905	1.0	0.1907435698305462	0.045186412141673266	0.353889367864523	1.0	0.2553967929896867	0.0	0.28989794855663564	1.0	0.01178664603790631	1.0
