arz	bs	ceb	ckb	da	de	el	en	es	fr	he	hi	hu	id	it	ja	ko	lv	mk	ml	mr	nl	pl	pt	ro	ru	sh	si	simple	sr	sv	te	vi	war	zh
arz	0.017253873967009215	0.03225806451612903	0.5	0.058823529411764705	0.027027757487216943	0.02	0.029411764705882353	0.019608227604767395	0.0196078431372549	0.02	0.02127659574468085	0.027777777777777776	0.027778549382716046	0.025	0.02040816326530612	0.02040816326530612	0.020408996251561846	0.037037037037037035	0.03225910509885536	0.041666666666666664	0.05	0.02040816326530612	0.02040816326530612	0.02040816326530612	0.022727272727272728	0.02040816326530612	0.02564168310322156	0.05555555555555555	0.02564102564102564	0.021739130434782608	0.020833333333333332	0.047619047619047616	0.023809523809523808	0.07142857142857142	0.021739130434782608
bs	0.03225806451612903	0.004824182515058563	0.16666666666666666	0.019230769230769232	0.007575987144168962	0.0051813471502590676	0.007633646057922033	0.004926278264456793	0.0051813471502590676	0.005154772026782868	0.006060752984389348	0.008196922870196183	0.008130147399034966	0.006493632990386237	0.005347736566673339	0.005681882747933884	0.006211218702982138	0.010526315789473684	0.009615477071005917	0.011904903628117915	0.02173960302457467	0.005347622179644828	0.005319205522861023	0.005235711740357994	0.00826459941260843	0.0053194318979459315	0.006451654526534859	0.02127659574468085	0.007353049307958478	0.006060679522497705	0.00552507554714447	0.019230769230769232	0.006622691987193544	0.027777777777777776	0.005714808163265307
ceb	0.5	0.16666666666666666	0.12507817187499998	0.2	0.16666666666666666	0.125	0.14285714285714285	0.125	0.125	0.125	0.125	0.125	0.14285714285714285	0.125	0.14285714285714285	0.125	0.125015625	0.2	0.14285714285714285	0.14287755102040817	0.16666666666666666	0.14285714285714285	0.125	0.125	0.125	0.125	0.16666666666666666	0.16666666666666666	0.14285714285714285	0.125	0.14285714285714285	0.25	0.14285714285714285	0.16666666666666666	0.14285714285714285
ckb	0.058823529411764705	0.019230769230769232	0.2	0.009618713757396449	0.012987181649519312	0.01	0.013333333333333334	0.009708737864077669	0.009900990099009901	0.010101112131415162	0.010752688172043012	0.014705882352941176	0.014084507042253521	0.011494252873563218	0.0100001	0.010526537396121883	0.010869565217391304	0.014925373134328358	0.01587326782564878	0.017543859649122806	0.029411764705882353	0.010416666666666666	0.010309278350515464	0.0100001	0.012987012987012988	0.010204185755935027	0.013513513513513514	0.02702702702702703	0.012345679012345678	0.012195121951219513	0.010869565217391304	0.02631578947368421	0.011494252873563218	0.034482758620689655	0.01086968336483932
da	0.027027757487216943	0.007575987144168962	0.16666666666666666	0.012987181649519312	0.002000460263894682	0.002232147839604592	0.004444523456790124	0.0020790453058207735	0.002207520138005643	0.0021882316889235763	0.002638550274643034	0.0048544160618342914	0.003921599384851981	0.0033444816053511705	0.002262504862717798	0.002451016435986159	0.0027548816489462624	0.0059171947760932745	0.005882525951557093	0.007246429321571099	0.014492963663095989	0.0023148469650205758	0.0023529522491349476	0.002222266666666666	0.003968253968253968	0.0023697187843938817	0.004273540799181825	0.01639344262295082	0.003508784241305017	0.0032573608208044647	0.002415493943849331	0.013333333333333334	0.0034246927190842557	0.023809523809523808	0.002564240631163708
de	0.02	0.0051813471502590676	0.125	0.01	0.002232147839604592	0.00036268992188996093	0.002512569127042246	0.0004067034482222566	0.0005543298705512754	0.0005488688085974444	0.0011441857068424715	0.0028653295128939827	0.0023866405408946175	0.0015873091458805742	0.0005797440887208564	0.0008741656078842479	0.0012820775805391187	0.004405325156707873	0.0038168230289610163	0.004807738535502959	0.010989131747373506	0.0007622044170136822	0.0005787104019981352	0.0006561994113436973	0.00232559221200649	0.0007102691423405413	0.0024570266044467515	0.011904761904761904	0.002036688913684612	0.0014285795918367345	0.0009425426015860053	0.008403361344537815	0.0015923769726966606	0.022222222222222223	0.0010953502433547785
el	0.029411764705882353	0.007633646057922033	0.14285714285714285	0.013333333333333334	0.004444523456790124	0.002512569127042246	0.0022434058649022487	0.00228851280574334	0.002457038678168899	0.0024876426326081035	0.0030303673094582186	0.004761995464852608	0.004629779663923182	0.0035211763538980363	0.002590794397165025	0.0027028926442658877	0.0030770556307692302	0.0059524518140589575	0.005681947314049586	0.007874201748403496	0.014084903987304108	0.0027027611541271	0.0025974093439028504	0.0025189868725834248	0.004098411045417898	0.0026811807818643133	0.004587177005302584	0.015873015873015872	0.003876074154197463	0.003533631335139657	0.002809122901148845	0.012345679012345678	0.0035714540816326533	0.023255813953488372	0.002898785986137366
en	0.019608227604767395	0.004926278264456793	0.125	0.009708737864077669	0.0020790453058207735	0.0004067034482222566	0.00228851280574334	0.0002137565077997869	0.00043939858684357436	0.00043392739748580346	0.0009940940875630896	0.0025446522929899185	0.0022422731253393387	0.0014124832443582617	0.00045737641203153005	0.0007311539560340143	0.001128764996256031	0.004115378770173923	0.0035337687073131144	0.004386176535087719	0.010526759002770083	0.0006592340223240099	0.000478501410911609	0.00052124761192469	0.002178748918981778	0.0005629064904062409	0.0022076224726985654	0.011363894628099173	0.0017700117472002504	0.0012438538077646588	0.0008238704949728445	0.008000064	0.00135327519725482	0.022222222222222223	0.0008875516439841979
es	0.0196078431372549	0.0051813471502590676	0.125	0.009900990099009901	0.002207520138005643	0.0005543298705512754	0.002457038678168899	0.00043939858684357436	0.00042452081754649595	0.0005714481642448976	0.0011160950977558988	0.002754866470869476	0.002352963321799308	0.0015408462942870505	0.0005865432901337272	0.0008665856714194312	0.001237642142927164	0.004219444889529812	0.003676538170415225	0.0045455165495867774	0.010752688172043012	0.0007734053733321609	0.0006222814080742736	0.0006250296894531245	0.002320190998110475	0.0007194710439418244	0.0023696963230834885	0.011627906976744186	0.001968519437038874	0.0013831354296394498	0.0009354948270023212	0.008333333333333333	0.0014992773478328298	0.022222222222222223	0.0010384960086006747
fr	0.02	0.005154772026782868	0.125	0.010101112131415162	0.0021882316889235763	0.0005488688085974444	0.0024876426326081035	0.00043392739748580346	0.0005714481642448976	0.0003977549659709821	0.0011325348953236478	0.0028169490180519736	0.0023810374149659855	0.001577319408094418	0.0006021299750909864	0.0008796088195207331	0.0012500687546874991	0.004273613850536927	0.003676605752595156	0.004629758230452675	0.010869801512287334	0.0007716299439871966	0.0006357485201038338	0.0006584145354801426	0.002288387120422686	0.0007430474842640889	0.002409685005080563	0.01176484429065744	0.00193805210023436	0.0014430368413052392	0.0009329576586551845	0.008474719908072392	0.0015267665054484	0.022222222222222223	0.0010777453180841742
he	0.02127659574468085	0.006060752984389348	0.125	0.010752688172043012	0.002638550274643034	0.0011441857068424715	0.0030303673094582186	0.0009940940875630896	0.0011160950977558988	0.0011325348953236478	0.0009842723482278125	0.003378446859021183	0.0029499134187833376	0.002114191723022049	0.0011601574105974876	0.001388954479166666	0.0016750783566099644	0.004807738535502959	0.004255427795382526	0.005649781352740273	0.01176484429065744	0.0012886730789669462	0.001204835244592829	0.0011534876830710564	0.002824906636024131	0.0012854329570912164	0.002907010546241212	0.0125003125	0.0023585461908152364	0.0019455480022407606	0.0013889583391203696	0.009259259259259259	0.00200806035386526	0.023809523809523808	0.0015315014504853315
hi	0.027777777777777776	0.008196922870196183	0.125	0.014705882352941176	0.0048544160618342914	0.0028653295128939827	0.004761995464852608	0.0025446522929899185	0.002754866470869476	0.0028169490180519736	0.003378446859021183	0.0025293029269623526	0.00507629673529336	0.0036232277882797736	0.002949974330192045	0.003030431597796143	0.0033445487298799786	0.006579033933518006	0.006451779396462018	0.006802859965801333	0.012987518974531959	0.0030395229164549478	0.003012066337639715	0.002801238142315749	0.004629651063100137	0.0030213488467611643	0.005025251887578597	0.014492963663095989	0.00411532794797541	0.0038610933051087485	0.0031747745225497604	0.01086968336483932	0.0035843321642836036	0.024390243902439025	0.0031748349710254476
hu	0.027778549382716046	0.008130147399034966	0.14285714285714285	0.014084507042253521	0.003921599384851981	0.0023866405408946175	0.004629779663923182	0.0022422731253393387	0.002352963321799308	0.0023810374149659855	0.0029499134187833376	0.00507629673529336	0.002192987537388334	0.0035211515572307083	0.002487692136333259	0.0027934521472488373	0.0031250390624999996	0.006369548460383788	0.006097821237358715	0.007752058169581156	0.014084507042253521	0.0025510659620991256	0.0024449997309915652	0.002398213814559863	0.004166701388888889	0.0025317737542060567	0.004566272617334918	0.016393711367911852	0.003984158981603467	0.003401406821231894	0.0027933897194219906	0.011627906976744186	0.0035461621648810423	0.024390243902439025	0.002890398960874068
id	0.025	0.006493632990386237	0.125	0.011494252873563218	0.0033444816053511705	0.0015873091458805742	0.0035211763538980363	0.0014124832443582617	0.0015408462942870505	0.001577319408094418	0.002114191723022049	0.0036232277882797736	0.0035211515572307083	0.0013740850842660684	0.0016103370751553905	0.0018904056231931702	0.002227201253962034	0.005347622179644828	0.004975173881834608	0.005847953216374269	0.012048337930033388	0.0017301127860059144	0.001697795751770576	0.0015699030729306575	0.0033557497410026576	0.0016921017747887801	0.0033783897918188456	0.013158067867036011	0.0030212028002665177	0.0024155056127330857	0.0018797381140821978	0.009900990099009901	0.002403886603180473	0.023255813953488372	0.00207048339184445
it	0.02040816326530612	0.005347736566673339	0.14285714285714285	0.0100001	0.002262504862717798	0.0005797440887208564	0.002590794397165025	0.00045737641203153005	0.0005865432901337272	0.0006021299750909864	0.0011601574105974876	0.002949974330192045	0.002487692136333259	0.0016103370751553905	0.0004421840017559601	0.0009125578047603418	0.0013004695980965934	0.004347863894139887	0.0038025850019517407	0.00469494588816152	0.01149451710926146	0.0007943083041182117	0.0006574959136628074	0.0006516105516285584	0.002409690811438525	0.0007560201842076534	0.002451076515042291	0.01265870854029803	0.0020325657677308473	0.0014556634037404994	0.0009824389042432662	0.008695652173913044	0.0016077764937293861	0.022727272727272728	0.0010848151959182851
ja	0.02040816326530612	0.005681882747933884	0.125	0.010526537396121883	0.002451016435986159	0.0008741656078842479	0.0027028926442658877	0.0007311539560340143	0.0008665856714194312	0.0008796088195207331	0.001388954479166666	0.003030431597796143	0.0027934521472488373	0.0018904056231931702	0.0009125578047603418	0.0007192128863657309	0.0014307584532225674	0.004629736818415638	0.004081849229487714	0.0049753966733496685	0.010870037807183366	0.0010787975280713202	0.0009506055846911183	0.0009243647836748875	0.0027027757560262964	0.0010440593039332596	0.0027474565496392422	0.01190518707482993	0.0021506856422707824	0.0017731093757859255	0.0011864042825670614	0.008771929824561403	0.001808416371002815	0.022222222222222223	0.0012806737480134105
ko	0.020408996251561846	0.006211218702982138	0.125015625	0.010869565217391304	0.0027548816489462624	0.0012820775805391187	0.0030770556307692302	0.001128764996256031	0.001237642142927164	0.0012500687546874991	0.0016750783566099644	0.0033445487298799786	0.0031250390624999996	0.002227201253962034	0.0013004695980965934	0.0014307584532225674	0.001125608521208459	0.00507629673529336	0.004651206057328286	0.005494565873686753	0.011363894628099173	0.0014326832292017304	0.0013736622237652456	0.0012788508725740924	0.0028902318821210195	0.00138516817512143	0.0029762436224489795	0.0125003125	0.0023867430693605067	0.002040862140774677	0.0015314803463364977	0.009708832123668583	0.002057672441531609	0.022727272727272728	0.0016208952846050208
lv	0.037037037037037035	0.010526315789473684	0.2	0.014925373134328358	0.0059171947760932745	0.004405325156707873	0.0059524518140589575	0.004115378770173923	0.004219444889529812	0.004273613850536927	0.004807738535502959	0.006579033933518006	0.006369548460383788	0.005347622179644828	0.004347863894139887	0.004629736818415638	0.00507629673529336	0.0041239324677612875	0.0076924260355029596	0.00884963583679223	0.01587351977828168	0.004464345503826531	0.004366812227074236	0.0042919191733131945	0.005848055812044731	0.004504626247869491	0.0065360331496433	0.017544475223145582	0.00588242214532872	0.005347622179644828	0.0046950120126077275	0.015625244140625	0.005102170970428988	0.025	0.00483105790100119
mk	0.03225910509885536	0.009615477071005917	0.14285714285714285	0.01587326782564878	0.005882525951557093	0.0038168230289610163	0.005681947314049586	0.0035337687073131144	0.003676538170415225	0.003676605752595156	0.004255427795382526	0.006451779396462018	0.006097821237358715	0.004975173881834608	0.0038025850019517407	0.004081849229487714	0.004651206057328286	0.0076924260355029596	0.0034768089097607533	0.009708832123668583	0.018518518518518517	0.003984127236075618	0.003937023374046748	0.0037038957613168724	0.005347736566673339	0.003937224874449749	0.006060826483011938	0.01851920438957476	0.005376604231703086	0.004784780568210435	0.004000224016	0.01694915254237288	0.0047619954648526076	0.02631578947368421	0.004219765350994321
ml	0.041666666666666664	0.011904903628117915	0.14287755102040817	0.017543859649122806	0.007246429321571099	0.004807738535502959	0.007874201748403496	0.004386176535087719	0.0045455165495867774	0.004629758230452675	0.005649781352740273	0.006802859965801333	0.007752058169581156	0.005847953216374269	0.00469494588816152	0.0049753966733496685	0.005494565873686753	0.00884963583679223	0.009708832123668583	0.004361839264535472	0.016666944444444443	0.004975198633697186	0.004950544064307421	0.004695078159095418	0.006711454438989235	0.004926302506733965	0.0072993233523363	0.01818181818181818	0.006451737773152965	0.006289308176100629	0.005263407202216067	0.014084705415592145	0.005814021092482424	0.024390243902439025	0.005319318696242643
mr	0.05	0.02173960302457467	0.16666666666666666	0.029411764705882353	0.014492963663095989	0.010989131747373506	0.014084903987304108	0.010526759002770083	0.010752688172043012	0.010869801512287334	0.01176484429065744	0.012987518974531959	0.014084507042253521	0.012048337930033388	0.01149451710926146	0.010870037807183366	0.011363894628099173	0.01587351977828168	0.018518518518518517	0.016666944444444443	0.010561559741555898	0.011363636363636364	0.011363636363636364	0.011111234567901236	0.013513513513513514	0.011495045580657948	0.014925595901091559	0.029412629757785465	0.012048628393090434	0.01282051282051282	0.011494252873563218	0.020408579758433985	0.011236460042923871	0.03225910509885536	0.010989856297548605
nl	0.02040816326530612	0.005347622179644828	0.14285714285714285	0.010416666666666666	0.0023148469650205758	0.0007622044170136822	0.0027027611541271	0.0006592340223240099	0.0007734053733321609	0.0007716299439871966	0.0012886730789669462	0.0030395229164549478	0.0025510659620991256	0.0017301127860059144	0.0007943083041182117	0.0010787975280713202	0.0014326832292017304	0.004464345503826531	0.003984127236075618	0.004975198633697186	0.011363636363636364	0.0006350508879368914	0.0008474640907785119	0.0008467787685488762	0.0025575578391036167	0.0009225739079669385	0.0025840060359620474	0.012345679012345678	0.0021367658338812185	0.0016077299655710754	0.0010764598680711574	0.008695652173913044	0.0017482731429409753	0.022222222222222223	0.0012532019286939148
pl	0.02040816326530612	0.005319205522861023	0.125	0.010309278350515464	0.0023529522491349476	0.0005787104019981352	0.0025974093439028504	0.000478501410911609	0.0006222814080742736	0.0006357485201038338	0.001204835244592829	0.003012066337639715	0.0024449997309915652	0.001697795751770576	0.0006574959136628074	0.0009506055846911183	0.0013736622237652456	0.004366812227074236	0.003937023374046748	0.004950544064307421	0.011363636363636364	0.0008474640907785119	0.0004505057014807572	0.000723094034106433	0.002475259778453093	0.0007943139820614842	0.0025000187499999997	0.012195121951219513	0.0021186620224073545	0.0014903218498537448	0.0010417003049045133	0.008771929824561403	0.0016778720553128235	0.022727272727272728	0.0011481768122207992
pt	0.02040816326530612	0.005235711740357994	0.125	0.0100001	0.002222266666666666	0.0006561994113436973	0.0025189868725834248	0.00052124761192469	0.0006250296894531245	0.0006584145354801426	0.0011534876830710564	0.002801238142315749	0.002398213814559863	0.0015699030729306575	0.0006516105516285584	0.0009243647836748875	0.0012788508725740924	0.0042919191733131945	0.0037038957613168724	0.004695078159095418	0.011111234567901236	0.0008467787685488762	0.000723094034106433	0.0005126481644540887	0.002283183211359229	0.000788200332732226	0.0023810657596371877	0.011765121107266435	0.0019570352480267764	0.0014663530606891916	0.0009873110754680752	0.00847479172651537	0.001536206861239119	0.022727272727272728	0.001093154216617996
ro	0.022727272727272728	0.00826459941260843	0.125	0.012987012987012988	0.003968253968253968	0.00232559221200649	0.004098411045417898	0.002178748918981778	0.002320190998110475	0.002288387120422686	0.002824906636024131	0.004629651063100137	0.004166701388888889	0.0033557497410026576	0.002409690811438525	0.0027027757560262964	0.0028902318821210195	0.005848055812044731	0.005347736566673339	0.006711454438989235	0.013513513513513514	0.0025575578391036167	0.002475259778453093	0.002283183211359229	0.0021199060712862646	0.002433155143528631	0.004329041828320328	0.015384852071005919	0.0037174721189591076	0.003125	0.002673875432525951	0.012345679012345678	0.0033003736017166076	0.023809523809523808	0.002817004570521721
ru	0.02040816326530612	0.0053194318979459315	0.125	0.010204185755935027	0.0023697187843938817	0.0007102691423405413	0.0026811807818643133	0.0005629064904062409	0.0007194710439418244	0.0007430474842640889	0.0012854329570912164	0.0030213488467611643	0.0025317737542060567	0.0016921017747887801	0.0007560201842076534	0.0010440593039332596	0.00138516817512143	0.004504626247869491	0.003937224874449749	0.004926302506733965	0.011495045580657948	0.0009225739079669385	0.0007943139820614842	0.000788200332732226	0.002433155143528631	0.0005316342927561085	0.0025001437812500003	0.011904903628117915	0.002164638040891287	0.0015129462763291298	0.0011027194113212321	0.008547227774125211	0.0016892976225803497	0.022222222222222223	0.001239490658735757
sh	0.02564168310322156	0.006451654526534859	0.16666666666666666	0.013513513513513514	0.004273540799181825	0.0024570266044467515	0.004587177005302584	0.0022076224726985654	0.0023696963230834885	0.002409685005080563	0.002907010546241212	0.005025251887578597	0.004566272617334918	0.0033783897918188456	0.002451076515042291	0.0027474565496392422	0.0029762436224489795	0.0065360331496433	0.006060826483011938	0.0072993233523363	0.014925595901091559	0.0025840060359620474	0.0025000187499999997	0.0023810657596371877	0.004329041828320328	0.0025001437812500003	0.0021422861439088165	0.014925595901091559	0.0038168958685391285	0.002415511447174963	0.0027101446082211495	0.012048192771084338	0.00348440554091952	0.023809523809523808	0.0029071457713628983
si	0.05555555555555555	0.02127659574468085	0.16666666666666666	0.02702702702702703	0.01639344262295082	0.011904761904761904	0.015873015873015872	0.011363894628099173	0.011627906976744186	0.01176484429065744	0.0125003125	0.014492963663095989	0.016393711367911852	0.013158067867036011	0.01265870854029803	0.01190518707482993	0.0125003125	0.017544475223145582	0.01851920438957476	0.01818181818181818	0.029412629757785465	0.012345679012345678	0.012195121951219513	0.011765121107266435	0.015384852071005919	0.011904903628117915	0.014925595901091559	0.011386923118827648	0.013333688888888888	0.013157894736842105	0.01250015625	0.027777777777777776	0.01282051282051282	0.03571428571428571	0.011764982698961937
simple	0.02564102564102564	0.007353049307958478	0.14285714285714285	0.012345679012345678	0.003508784241305017	0.002036688913684612	0.003876074154197463	0.0017700117472002504	0.001968519437038874	0.00193805210023436	0.0023585461908152364	0.00411532794797541	0.003984158981603467	0.0030212028002665177	0.0020325657677308473	0.0021506856422707824	0.0023867430693605067	0.00588242214532872	0.005376604231703086	0.006451737773152965	0.012048628393090434	0.0021367658338812185	0.0021186620224073545	0.0019570352480267764	0.0037174721189591076	0.002164638040891287	0.0038168958685391285	0.013333688888888888	0.0017571696448494111	0.002967367855664838	0.0022422580435962915	0.010989131747373506	0.002809036106552203	0.023255813953488372	0.002267856520693538
sr	0.021739130434782608	0.006060679522497705	0.125	0.012195121951219513	0.0032573608208044647	0.0014285795918367345	0.003533631335139657	0.0012438538077646588	0.0013831354296394498	0.0014430368413052392	0.0019455480022407606	0.0038610933051087485	0.003401406821231894	0.0024155056127330857	0.0014556634037404994	0.0017731093757859255	0.002040862140774677	0.005347622179644828	0.004784780568210435	0.006289308176100629	0.01282051282051282	0.0016077299655710754	0.0014903218498537448	0.0014663530606891916	0.003125	0.0015129462763291298	0.002415511447174963	0.013157894736842105	0.002967367855664838	0.0012147288027905677	0.00178577487882653	0.010204185755935027	0.0025380839495993198	0.023255813953488372	0.0019121555739976378
sv	0.020833333333333332	0.00552507554714447	0.14285714285714285	0.010869565217391304	0.002415493943849331	0.0009425426015860053	0.002809122901148845	0.0008238704949728445	0.0009354948270023212	0.0009329576586551845	0.0013889583391203696	0.0031747745225497604	0.0027933897194219906	0.0018797381140821978	0.0009824389042432662	0.0011864042825670614	0.0015314803463364977	0.0046950120126077275	0.004000224016	0.005263407202216067	0.011494252873563218	0.0010764598680711574	0.0010417003049045133	0.0009873110754680752	0.002673875432525951	0.0011027194113212321	0.0027101446082211495	0.01250015625	0.0022422580435962915	0.00178577487882653	0.0008127803608158105	0.00925943072702332	0.0019194557933399892	0.022222222222222223	0.0014067230184403826
te	0.047619047619047616	0.019230769230769232	0.25	0.02631578947368421	0.013333333333333334	0.008403361344537815	0.012345679012345678	0.008000064	0.008333333333333333	0.008474719908072392	0.009259259259259259	0.01086968336483932	0.011627906976744186	0.009900990099009901	0.008695652173913044	0.008771929824561403	0.009708832123668583	0.015625244140625	0.01694915254237288	0.014084705415592145	0.020408579758433985	0.008695652173913044	0.008771929824561403	0.00847479172651537	0.012345679012345678	0.008547227774125211	0.012048192771084338	0.027777777777777776	0.010989131747373506	0.010204185755935027	0.00925943072702332	0.00800762465038165	0.009901088128614842	0.04	0.00884963583679223
vi	0.023809523809523808	0.006622691987193544	0.14285714285714285	0.011494252873563218	0.0034246927190842557	0.0015923769726966606	0.0035714540816326533	0.00135327519725482	0.0014992773478328298	0.0015267665054484	0.00200806035386526	0.0035843321642836036	0.0035461621648810423	0.002403886603180473	0.0016077764937293861	0.001808416371002815	0.002057672441531609	0.005102170970428988	0.0047619954648526076	0.005814021092482424	0.011236460042923871	0.0017482731429409753	0.0016778720553128235	0.001536206861239119	0.0033003736017166076	0.0016892976225803497	0.00348440554091952	0.01282051282051282	0.002809036106552203	0.0025380839495993198	0.0019194557933399892	0.009901088128614842	0.0013527128790219696	0.022727272727272728	0.001897706065985187
war	0.07142857142857142	0.027777777777777776	0.16666666666666666	0.034482758620689655	0.023809523809523808	0.022222222222222223	0.023255813953488372	0.022222222222222223	0.022222222222222223	0.022222222222222223	0.023809523809523808	0.024390243902439025	0.024390243902439025	0.023255813953488372	0.022727272727272728	0.022222222222222223	0.022727272727272728	0.025	0.02631578947368421	0.024390243902439025	0.03225910509885536	0.022222222222222223	0.022727272727272728	0.022727272727272728	0.023809523809523808	0.022222222222222223	0.023809523809523808	0.03571428571428571	0.023255813953488372	0.023255813953488372	0.022222222222222223	0.04	0.022727272727272728	0.022223703703703704	0.022222222222222223
zh	0.021739130434782608	0.005714808163265307	0.14285714285714285	0.01086968336483932	0.002564240631163708	0.0010953502433547785	0.002898785986137366	0.0008875516439841979	0.0010384960086006747	0.0010777453180841742	0.0015315014504853315	0.0031748349710254476	0.002890398960874068	0.00207048339184445	0.0010848151959182851	0.0012806737480134105	0.0016208952846050208	0.00483105790100119	0.004219765350994321	0.005319318696242643	0.010989856297548605	0.0012532019286939148	0.0011481768122207992	0.001093154216617996	0.002817004570521721	0.001239490658735757	0.0029071457713628983	0.011764982698961937	0.002267856520693538	0.0019121555739976378	0.0014067230184403826	0.00884963583679223	0.001897706065985187	0.022222222222222223	0.0008976085489514925
