arz	bs	ceb	ckb	da	de	el	en	es	fr	he	hi	hu	id	it	ja	ko	lv	mk	ml	mr	nl	pl	pt	ro	ru	sh	si	simple	sr	sv	te	vi	war	zh
arz	1.0	0.0	0.0	0.0	0.0	0.005291005291005291	0.0	0.0	0.0	0.0	0.009615384615384616	0.0	0.0	0.0	0.0	0.0	0.0	0.0	0.0	0.0	0.008771929824561403	0.014492753623188406	0.0	0.013157894736842105	0.0	0.0	0.0	0.0	0.01060070671378092	0.019801980198019802	0.0	0.0	0.0	0.125	0.005671077504725898
bs	0.0	1.0	0.0	0.0	0.0	0.0	0.0	0.0	0.0	0.0	0.0	0.0	0.0	0.0	0.0	0.0	0.0	0.0	0.0	0.0	0.0	0.0	0.0	0.006802721088435374	0.0	0.0034129692832764505	0.0	0.0	0.0	0.0	0.0	0.0	0.0	0.0	0.0019047619047619048
ceb	0.0	0.0	1.0	0.0	0.011695906432748537	0.0	0.0	0.0060790273556231	0.007633587786259542	0.005555555555555556	0.014814814814814815	0.009708737864077669	0.03783783783783784	0.011320754716981131	0.009174311926605505	0.0	0.009708737864077669	0.0	0.0	0.02564102564102564	0.011299435028248588	0.007518796992481203	0.015384615384615385	0.013953488372093023	0.007462686567164179	0.0027548209366391185	0.0	0.0	0.02040816326530612	0.012121212121212121	0.015625	0.0	0.008771929824561403	0.0	0.015332197614991482
ckb	0.0	0.0	0.0	1.0	0.00980392156862745	0.0	0.0	0.0	0.0	0.0	0.0	0.0	0.0	0.0	0.0	0.0	0.0	0.0	0.0	0.0	0.0	0.0	0.0	0.0	0.0	0.0	0.0	0.0	0.0	0.010416666666666666	0.0	0.0	0.0	0.0	0.0
da	0.0	0.0	0.011695906432748537	0.00980392156862745	1.0	0.010714285714285714	0.009345794392523364	0.002380952380952381	0.00625	0.002564102564102564	0.020202020202020204	0.007575757575757576	0.04739336492890995	0.0033783783783783786	0.0	0.005405405405405406	0.01282051282051282	0.0	0.0	0.006756756756756757	0.004830917874396135	0.006172839506172839	0.017937219730941704	0.01646090534979424	0.006134969325153374	0.005115089514066497	0.0	0.0	0.01881720430107527	0.010309278350515464	0.014035087719298246	0.0	0.014084507042253521	0.0	0.012965964343598054
de	0.005291005291005291	0.0	0.0	0.0	0.010714285714285714	1.0	0.0	0.005125284738041002	0.004149377593360996	0.012875536480686695	0.010526315789473684	0.004694835680751174	0.006666666666666667	0.008	0.009174311926605505	0.015209125475285171	0.006329113924050633	0.0	0.0	0.004366812227074236	0.003472222222222222	0.016666666666666666	0.019867549668874173	0.015479876160990712	0.0	0.006369426751592357	0.0	0.0	0.03139013452914798	0.025925925925925925	0.0027100271002710027	0.0	0.004464285714285714	0.0	0.01729106628242075
el	0.0	0.0	0.0	0.0	0.009345794392523364	0.0	1.0	0.0	0.0	0.0	0.0	0.0	0.007936507936507936	0.0	0.0	0.0	0.0	0.0	0.0	0.0	0.0	0.0	0.0	0.006578947368421052	0.0	0.003355704697986577	0.0	0.0	0.0	0.0	0.0	0.0	0.0	0.0	0.0018867924528301887
en	0.0	0.0	0.0060790273556231	0.0	0.002380952380952381	0.005125284738041002	0.0	1.0	0.0030525030525030525	0.010793308148947653	0.005067567567567568	0.0012399256044637321	0.00471976401179941	0.006221719457013574	0.004060324825986079	0.004214328717639976	0.004675628287551139	0.0	0.0012484394506866417	0.0018427518427518428	0.0035629453681710215	0.002437538086532602	0.0017584994138335288	0.002900232018561485	0.003658536585365854	0.00914962325080732	0.0006246096189881324	0.0	0.010863661053775122	0.005392450569203115	0.00625	0.0006273525721455458	0.0	0.0	0.012007684918347743
es	0.0	0.0	0.007633587786259542	0.0	0.00625	0.004149377593360996	0.0	0.0030525030525030525	1.0	0.0028653295128939827	0.007692307692307693	0.0	0.01694915254237288	0.00392156862745098	0.009708737864077669	0.0	0.005128205128205128	0.0	0.0	0.009345794392523364	0.006024096385542169	0.0	0.0	0.0	0.0	0.011494252873563218	0.01282051282051282	0.0	0.002967359050445104	0.0	0.0	0.0	0.0	0.0	0.003436426116838488
fr	0.0	0.0	0.005555555555555556	0.0	0.002564102564102564	0.012875536480686695	0.0	0.010793308148947653	0.0028653295128939827	1.0	0.00819672131147541	0.003115264797507788	0.012345679012345678	0.006211180124223602	0.009216589861751152	0.00267379679144385	0.009478672985781991	0.0	0.006472491909385114	0.005952380952380952	0.0025252525252525255	0.005714285714285714	0.009708737864077669	0.006928406466512702	0.002840909090909091	0.01217391304347826	0.003246753246753247	0.0	0.017921146953405017	0.007853403141361256	0.008438818565400843	0.0033222591362126247	0.0030120481927710845	0.0	0.020050125313283207
he	0.009615384615384616	0.0	0.014814814814814815	0.0	0.020202020202020204	0.010526315789473684	0.0	0.005067567567567568	0.007692307692307693	0.00819672131147541	1.0	0.004291845493562232	0.03205128205128205	0.020512820512820513	0.005747126436781609	0.0034965034965034965	0.002967359050445104	0.00966183574879227	0.00904977375565611	0.012145748987854251	0.019801980198019802	0.015384615384615385	0.012345679012345678	0.014577259475218658	0.011450381679389313	0.018556701030927835	0.0091324200913242	0.0049261083743842365	0.04121475054229935	0.01020408163265306	0.007751937984496124	0.0	0.029411764705882353	0.0	0.02109704641350211
hi	0.0	0.0	0.009708737864077669	0.0	0.007575757575757576	0.004694835680751174	0.0	0.0012399256044637321	0.0	0.003115264797507788	0.004291845493562232	1.0	0.006622516556291391	0.0	0.0	0.0	0.005988023952095809	0.0	0.0	0.03896103896103896	0.014598540145985401	0.0	0.0	0.0	0.0	0.0030959752321981426	0.0	0.0	0.006493506493506494	0.0	0.0	0.0	0.013513513513513514	0.0	0.0018018018018018018
hu	0.0	0.0	0.03783783783783784	0.0	0.04739336492890995	0.006666666666666667	0.007936507936507936	0.00471976401179941	0.01694915254237288	0.012345679012345678	0.03205128205128205	0.006622516556291391	1.0	0.022653721682847898	0.007518796992481203	0.0	0.007874015748031496	0.0	0.007142857142857143	0.005988023952095809	0.017937219730941704	0.011111111111111112	0.02074688796680498	0.019157088122605363	0.0	0.014778325123152709	0.014598540145985401	0.008264462809917356	0.0391644908616188	0.023809523809523808	0.013157894736842105	0.0	0.012422360248447204	0.0	0.0189873417721519
id	0.0	0.0	0.011320754716981131	0.0	0.0033783783783783786	0.008	0.0	0.006221719457013574	0.00392156862745098	0.006211180124223602	0.020512820512820513	0.0	0.022653721682847898	1.0	0.0	0.0	0.00911854103343465	0.0	0.004629629629629629	0.008264462809917356	0.01	0.0078125	0.009404388714733543	0.01483679525222552	0.01171875	0.010351966873706004	0.004672897196261682	0.0	0.01282051282051282	0.006920415224913495	0.007874015748031496	0.0	0.0	0.0	0.014084507042253521
it	0.0	0.0	0.009174311926605505	0.0	0.0	0.009174311926605505	0.0	0.004060324825986079	0.009708737864077669	0.009216589861751152	0.005747126436781609	0.0	0.007518796992481203	0.0	1.0	0.008658008658008658	0.014285714285714285	0.0	0.005952380952380952	0.0	0.003937007874015748	0.004784688995215311	0.01107011070110701	0.010309278350515464	0.004761904761904762	0.009174311926605505	0.0	0.006711409395973154	0.016706443914081145	0.008298755186721992	0.0029850746268656717	0.0	0.0	0.0	0.005988023952095809
ja	0.0	0.0	0.0	0.0	0.005405405405405406	0.015209125475285171	0.0	0.004214328717639976	0.0	0.00267379679144385	0.0034965034965034965	0.0	0.0	0.0	0.008658008658008658	1.0	0.0	0.01098901098901099	0.0	0.007575757575757576	0.005235602094240838	0.0	0.009569377990430622	0.0	0.006802721088435374	0.005333333333333333	0.009708737864077669	0.0	0.0027624309392265192	0.00558659217877095	0.003676470588235294	0.0	0.007874015748031496	0.0	0.006611570247933884
ko	0.0	0.0	0.009708737864077669	0.0	0.01282051282051282	0.006329113924050633	0.0	0.004675628287551139	0.005128205128205128	0.009478672985781991	0.002967359050445104	0.005988023952095809	0.007874015748031496	0.00911854103343465	0.014285714285714285	0.0	1.0	0.0	0.0	0.0	0.004132231404958678	0.0	0.007692307692307693	0.010752688172043012	0.005050505050505051	0.009433962264150943	0.0	0.0	0.019704433497536946	0.0	0.006211180124223602	0.0	0.0056179775280898875	0.0	0.02009273570324575
lv	0.0	0.0	0.0	0.0	0.0	0.0	0.0	0.0	0.0	0.0	0.00966183574879227	0.0	0.0	0.0	0.0	0.01098901098901099	0.0	1.0	0.0	0.0	0.0	0.0	0.0	0.0	0.014492753623188406	0.0	0.0	0.0	0.0035211267605633804	0.0	0.0	0.0	0.0	0.0	0.0018867924528301887
mk	0.0	0.0	0.0	0.0	0.0	0.0	0.0	0.0012484394506866417	0.0	0.006472491909385114	0.00904977375565611	0.0	0.007142857142857143	0.004629629629629629	0.005952380952380952	0.0	0.0	0.0	1.0	0.0	0.0	0.012195121951219513	0.013793103448275862	0.006024096385542169	0.0	0.003205128205128205	0.0	0.045454545454545456	0.006734006734006734	0.0	0.004807692307692308	0.0	0.0	0.0	0.001838235294117647
ml	0.0	0.0	0.02564102564102564	0.0	0.006756756756756757	0.004366812227074236	0.0	0.0018427518427518428	0.009345794392523364	0.005952380952380952	0.012145748987854251	0.03896103896103896	0.005988023952095809	0.008264462809917356	0.0	0.007575757575757576	0.0	0.0	0.0	1.0	0.026490066225165563	0.0	0.0	0.0	0.0	0.008902077151335312	0.0	0.0	0.006172839506172839	0.014184397163120567	0.0	0.0	0.02247191011235955	0.0	0.007042253521126761
mr	0.008771929824561403	0.0	0.011299435028248588	0.0	0.004830917874396135	0.003472222222222222	0.0	0.0035629453681710215	0.006024096385542169	0.0025252525252525255	0.019801980198019802	0.014598540145985401	0.017937219730941704	0.01	0.003937007874015748	0.005235602094240838	0.004132231404958678	0.0	0.0	0.026490066225165563	1.0	0.005952380952380952	0.013043478260869565	0.00796812749003984	0.005917159763313609	0.005037783375314861	0.0	0.0	0.023936170212765957	0.020202020202020204	0.003401360544217687	0.02586206896551724	0.0	0.0	0.006379585326953748
nl	0.014492753623188406	0.0	0.007518796992481203	0.0	0.006172839506172839	0.016666666666666666	0.0	0.002437538086532602	0.0	0.005714285714285714	0.015384615384615385	0.0	0.011111111111111112	0.0078125	0.004784688995215311	0.0	0.0	0.0	0.012195121951219513	0.0	0.005952380952380952	1.0	0.0053475935828877	0.009708737864077669	0.0	0.0028328611898017	0.0125	0.0	0.017964071856287425	0.00641025641025641	0.004016064257028112	0.0	0.0	0.0	0.0017094017094017094
pl	0.0	0.0	0.015384615384615385	0.0	0.017937219730941704	0.019867549668874173	0.0	0.0017584994138335288	0.0	0.009708737864077669	0.012345679012345678	0.0	0.02074688796680498	0.009404388714733543	0.01107011070110701	0.009569377990430622	0.007692307692307693	0.0	0.013793103448275862	0.0	0.013043478260869565	0.0053475935828877	1.0	0.0036900369003690036	0.0106951871657754	0.007228915662650603	0.006944444444444444	0.0	0.02278481012658228	0.0	0.00641025641025641	0.0	0.005952380952380952	0.0	0.012461059190031152
pt	0.013157894736842105	0.006802721088435374	0.013953488372093023	0.0	0.01646090534979424	0.015479876160990712	0.006578947368421052	0.002900232018561485	0.0	0.006928406466512702	0.014577259475218658	0.0	0.019157088122605363	0.01483679525222552	0.010309278350515464	0.0	0.010752688172043012	0.0	0.006024096385542169	0.0	0.00796812749003984	0.009708737864077669	0.0036900369003690036	1.0	0.014563106796116505	0.013888888888888888	0.0	0.0	0.026634382566585957	0.008368200836820083	0.00906344410876133	0.0	0.0	0.00684931506849315	0.0197869101978691
ro	0.0	0.0	0.007462686567164179	0.0	0.006134969325153374	0.0	0.0	0.003658536585365854	0.0	0.002840909090909091	0.011450381679389313	0.0	0.0	0.01171875	0.004761904761904762	0.006802721088435374	0.005050505050505051	0.014492753623188406	0.0	0.0	0.005917159763313609	0.0	0.0106951871657754	0.014563106796116505	1.0	0.0	0.0	0.0	0.0029411764705882353	0.01935483870967742	0.008032128514056224	0.0	0.009523809523809525	0.0	0.003418803418803419
ru	0.0	0.0034129692832764505	0.0027548209366391185	0.0	0.005115089514066497	0.006369426751592357	0.003355704697986577	0.00914962325080732	0.011494252873563218	0.01217391304347826	0.018556701030927835	0.0030959752321981426	0.014778325123152709	0.010351966873706004	0.009174311926605505	0.005333333333333333	0.009433962264150943	0.0	0.003205128205128205	0.008902077151335312	0.005037783375314861	0.0028328611898017	0.007228915662650603	0.013888888888888888	0.0	1.0	0.0032258064516129032	0.0034129692832764505	0.02333931777378815	0.005194805194805195	0.0041841004184100415	0.0	0.0029940119760479044	0.0	0.02512562814070352
sh	0.0	0.0	0.0	0.0	0.0	0.0	0.0	0.0006246096189881324	0.01282051282051282	0.003246753246753247	0.0091324200913242	0.0	0.014598540145985401	0.004672897196261682	0.0	0.009708737864077669	0.0	0.0	0.0	0.0	0.0	0.0125	0.006944444444444444	0.0	0.0	0.0032258064516129032	1.0	0.0	0.01020408163265306	0.017857142857142856	0.0	0.0	0.01639344262295082	0.0	0.0
si	0.0	0.0	0.0	0.0	0.0	0.0	0.0	0.0	0.0	0.0	0.0049261083743842365	0.0	0.008264462809917356	0.0	0.006711409395973154	0.0	0.0	0.0	0.045454545454545456	0.0	0.0	0.0	0.0	0.0	0.0	0.0034129692832764505	0.0	1.0	0.0	0.0	0.0	0.0	0.0	0.0	0.0
simple	0.01060070671378092	0.0	0.02040816326530612	0.0	0.01881720430107527	0.03139013452914798	0.0	0.010863661053775122	0.002967359050445104	0.017921146953405017	0.04121475054229935	0.006493506493506494	0.0391644908616188	0.01282051282051282	0.016706443914081145	0.0027624309392265192	0.019704433497536946	0.0035211267605633804	0.006734006734006734	0.006172839506172839	0.023936170212765957	0.017964071856287425	0.02278481012658228	0.026634382566585957	0.0029411764705882353	0.02333931777378815	0.01020408163265306	0.0	1.0	0.01358695652173913	0.010845986984815618	0.0034602076124567475	0.015822784810126583	0.0	0.032175032175032175
sr	0.019801980198019802	0.0	0.012121212121212121	0.010416666666666666	0.010309278350515464	0.025925925925925925	0.0	0.005392450569203115	0.0	0.007853403141361256	0.01020408163265306	0.0	0.023809523809523808	0.006920415224913495	0.008298755186721992	0.00558659217877095	0.0	0.0	0.0	0.014184397163120567	0.020202020202020204	0.00641025641025641	0.0	0.008368200836820083	0.01935483870967742	0.005194805194805195	0.017857142857142856	0.0	0.01358695652173913	1.0	0.0071174377224199285	0.0	0.0072992700729927005	0.0	0.014754098360655738
sv	0.0	0.0	0.015625	0.0	0.014035087719298246	0.0027100271002710027	0.0	0.00625	0.0	0.008438818565400843	0.007751937984496124	0.0	0.013157894736842105	0.007874015748031496	0.0029850746268656717	0.003676470588235294	0.006211180124223602	0.0	0.004807692307692308	0.0	0.003401360544217687	0.004016064257028112	0.00641025641025641	0.00906344410876133	0.008032128514056224	0.0041841004184100415	0.0	0.0	0.010845986984815618	0.0071174377224199285	1.0	0.0	0.004347826086956522	0.0	0.0028169014084507044
te	0.0	0.0	0.0	0.0	0.0	0.0	0.0	0.0006273525721455458	0.0	0.0033222591362126247	0.0	0.0	0.0	0.0	0.0	0.0	0.0	0.0	0.0	0.0	0.02586206896551724	0.0	0.0	0.0	0.0	0.0	0.0	0.0	0.0034602076124567475	0.0	0.0	1.0	0.0	0.0	0.0
vi	0.0	0.0	0.008771929824561403	0.0	0.014084507042253521	0.004464285714285714	0.0	0.0	0.0	0.0030120481927710845	0.029411764705882353	0.013513513513513514	0.012422360248447204	0.0	0.0	0.007874015748031496	0.0056179775280898875	0.0	0.0	0.02247191011235955	0.0	0.0	0.005952380952380952	0.0	0.009523809523809525	0.0029940119760479044	0.01639344262295082	0.0	0.015822784810126583	0.0072992700729927005	0.004347826086956522	0.0	1.0	0.0	0.016129032258064516
war	0.125	0.0	0.0	0.0	0.0	0.0	0.0	0.0	0.0	0.0	0.0	0.0	0.0	0.0	0.0	0.0	0.0	0.0	0.0	0.0	0.0	0.0	0.0	0.00684931506849315	0.0	0.0	0.0	0.0	0.0	0.0	0.0	0.0	0.0	1.0	0.0
zh	0.005671077504725898	0.0019047619047619048	0.015332197614991482	0.0	0.012965964343598054	0.01729106628242075	0.0018867924528301887	0.012007684918347743	0.003436426116838488	0.020050125313283207	0.02109704641350211	0.0018018018018018018	0.0189873417721519	0.014084507042253521	0.005988023952095809	0.006611570247933884	0.02009273570324575	0.0018867924528301887	0.001838235294117647	0.007042253521126761	0.006379585326953748	0.0017094017094017094	0.012461059190031152	0.0197869101978691	0.003418803418803419	0.02512562814070352	0.0	0.0	0.032175032175032175	0.014754098360655738	0.0028169014084507044	0.0	0.016129032258064516	0.0	1.0
