arz	bs	ceb	ckb	da	de	el	en	es	fr	he	hi	hu	id	it	ja	ko	lv	mk	ml	mr	nl	pl	pt	ro	ru	sh	si	simple	sr	sv	te	vi	war	zh
arz	1.0	0.15384615384615385	0.05555555555555555	0.13636363636363635	0.07692307692307693	0.05172413793103448	0.125	0.023065224056413484	0.045454545454545456	0.03977272727272727	0.06760973580195548	0.05405405405405406	0.10999761393462182	0.06079638752052545	0.03614457831325301	0.046153846153846156	0.06140350877192982	0.13157894736842105	0.1949317738791423	0.11904761904761904	0.0843859649122807	0.0660377358490566	0.0673076923076923	0.0603448275862069	0.09210526315789473	0.04384091550147076	0.1496655518394649	0.027777777777777776	0.07672892478546188	0.12656765676567658	0.037037037037037035	0.075	0.09722222222222222	0.3333333333333333	0.05397192261599042
bs	0.15384615384615385	1.0	0.10526315789473684	0.3205128205128205	0.11538461538461539	0.06779661016949153	0.15517241379310345	0.03205128205128205	0.057692307692307696	0.05228001081122823	0.11357416529830322	0.1111111111111111	0.11428571428571428	0.07377049180327869	0.047619047619047616	0.06060606060606061	0.07758620689655173	0.21052631578947367	0.13636363636363635	0.13043478260869565	0.11538461538461539	0.07272727272727272	0.08490566037735849	0.07627118644067797	0.1	0.05527791321306679	0.19166666666666665	0.1111111111111111	0.09302325581395349	0.13020833333333334	0.0625	0.09090909090909091	0.12162162162162163	0.14285714285714285	0.06716417910447761
ceb	0.05555555555555555	0.10526315789473684	1.0	0.08823529411764706	0.17493049119555143	0.12407524836186852	0.08571428571428572	0.04257465698143664	0.0882323783087142	0.07804190934413777	0.13784219001610307	0.11842105263157894	0.19820971867007675	0.09628543499511241	0.08154841588576528	0.08653846153846154	0.08333333333333333	0.21428571428571427	0.151268115942029	0.0967942732648615	0.09476190476190476	0.1148705096073517	0.14332460732984292	0.10399906271967509	0.1412313432835821	0.08107568395127471	0.14814814814814814	0.043478260869565216	0.12533227006911218	0.11428571428571428	0.0890625	0.037037037037037035	0.1370546857272521	0.08333333333333333	0.0894147761493676
ckb	0.13636363636363635	0.3205128205128205	0.08823529411764706	1.0	0.07692307692307693	0.06140350877192982	0.08333333333333333	0.022435897435897436	0.038461538461538464	0.04149094033114652	0.06768044549153994	0.08571428571428572	0.08823529411764706	0.04918032786885246	0.03950028301123959	0.046153846153846156	0.05172413793103448	0.16666666666666666	0.125	0.11904761904761904	0.10416666666666667	0.05555555555555555	0.05660377358490566	0.05424881817133633	0.07692307692307693	0.037420770355923935	0.12916666666666668	0.058823529411764705	0.05813953488372093	0.10198252688172042	0.037037037037037035	0.10526315789473684	0.08108108108108109	0.125	0.04477611940298507
da	0.07692307692307693	0.11538461538461539	0.17493049119555143	0.07692307692307693	1.0	0.23612637362637365	0.20212765957446807	0.1238819320214669	0.20987654320987653	0.19747565096402306	0.28207784055241686	0.1792452830188679	0.316034771679933	0.22569027611044418	0.1920640834575261	0.204064919594997	0.2218156137647663	0.2236842105263158	0.16666666666666666	0.1367117117117117	0.11956197112991539	0.25848025569646355	0.29391812865497075	0.25	0.2816830435878055	0.19924845269672858	0.19767441860465115	0.08139534883720931	0.2703970557744143	0.22142233856893545	0.19936240230357877	0.0625	0.265740338688667	0.08974358974358974	0.2372408928530797
de	0.05172413793103448	0.06779661016949153	0.12407524836186852	0.06140350877192982	0.23612637362637365	1.0	0.18548387096774194	0.18033484779316392	0.30389519824666267	0.30875384979862597	0.2579365079365079	0.16911764705882354	0.24441632742876002	0.25131713992473487	0.248831584795895	0.287593984962406	0.2339337877312561	0.1271186440677966	0.13806846786373553	0.13771929824561402	0.12067182055749129	0.2991590624440866	0.30148297944051233	0.3016785957736878	0.2580834803057025	0.2651248843663275	0.15004098360655738	0.06557377049180328	0.2707000864304235	0.1941125541125541	0.23281059771580961	0.08195575294020889	0.2153846153846154	0.07017543859649122	0.2871265457994382
el	0.125	0.15517241379310345	0.08571428571428572	0.08333333333333333	0.20212765957446807	0.18548387096774194	1.0	0.08974358974358974	0.14814814814814814	0.13043478260869565	0.18867924528301888	0.20454545454545456	0.19318181818181818	0.15671641791044777	0.13953488372093023	0.17647058823529413	0.15384615384615385	0.18181818181818182	0.15714285714285714	0.21212121212121213	0.17567567567567569	0.16393442622950818	0.16666666666666666	0.1935483870967742	0.1875	0.14534883720930233	0.17567567567567569	0.07142857142857142	0.1917605633802817	0.22995049504950496	0.14285714285714285	0.17483660130718953	0.2111111111111111	0.14285714285714285	0.1619718309859155
en	0.023065224056413484	0.03205128205128205	0.04257465698143664	0.022435897435897436	0.1238819320214669	0.18033484779316392	0.08974358974358974	1.0	0.23453702316324923	0.27160362117840703	0.14436467667062505	0.10897435897435898	0.10753705634377408	0.197131755871824	0.22353365342338066	0.20123718277119768	0.16353507575317816	0.05448717948717949	0.054140127388535034	0.062126692197374433	0.07080885366853396	0.16682386458466755	0.1605794060083793	0.17924771019862099	0.12240314430095452	0.24626828290923664	0.07113782051282051	0.038461538461538464	0.13711677814938686	0.09704936854190586	0.21368266934860397	0.05128205128205128	0.1163088298023603	0.02564102564102564	0.20219594594594595
es	0.045454545454545456	0.057692307692307696	0.0882323783087142	0.038461538461538464	0.20987654320987653	0.30389519824666267	0.14814814814814814	0.23453702316324923	1.0	0.3376560999039385	0.22810618500273672	0.14534883720930233	0.21428571428571427	0.23068418856904463	0.25	0.26153673835125446	0.23626373626373626	0.10256410256410256	0.09375	0.1	0.09939759036144578	0.2926829268292683	0.25	0.30401863715783345	0.1927710843373494	0.3014245014245014	0.11875	0.05625	0.22099587464717377	0.16049382716049382	0.2072072072072072	0.060240963855421686	0.19753086419753085	0.05194805194805195	0.29090459713297084
fr	0.03977272727272727	0.05228001081122823	0.07804190934413777	0.04149094033114652	0.19747565096402306	0.30875384979862597	0.13043478260869565	0.27160362117840703	0.3376560999039385	1.0	0.23109054976643909	0.14366289555664863	0.19242610837438423	0.244149377593361	0.23620689655172414	0.2524752475247525	0.26114657561361837	0.0898876404494382	0.09711852120333454	0.10560120744591649	0.11364275668073136	0.2623625103983732	0.24169647419519671	0.2560415228208852	0.19051326772144012	0.2816054829053096	0.11273448773448773	0.0572737686139748	0.2052600988084859	0.14523104939676756	0.19274399944663484	0.06521739130434782	0.17391304347826086	0.045454545454545456	0.30383949564633234
he	0.06760973580195548	0.11357416529830322	0.13784219001610307	0.06768044549153994	0.28207784055241686	0.2579365079365079	0.18867924528301888	0.14436467667062505	0.22810618500273672	0.23109054976643909	1.0	0.15833333333333333	0.2611111111111111	0.2615681233933162	0.185669262143122	0.21665745601915817	0.21432135728542914	0.176316889632107	0.14285714285714285	0.11538461538461539	0.09983766233766234	0.2576629477392836	0.23005343652109822	0.3262322472848789	0.24107142857142858	0.23032771708942787	0.19289005924950625	0.07	0.25093345047221616	0.19783427495291903	0.16438824333561175	0.05689287238583013	0.2703492905036644	0.07608695652173914	0.25343705799151345
hi	0.05405405405405406	0.1111111111111111	0.11842105263157894	0.08571428571428572	0.1792452830188679	0.16911764705882354	0.20454545454545456	0.10897435897435898	0.14534883720930233	0.14366289555664863	0.15833333333333333	1.0	0.19034013605442177	0.19560124934929723	0.12365591397849462	0.17123287671232876	0.1529940119760479	0.1891891891891892	0.15	0.21621621621621623	0.3072992700729927	0.13970588235294118	0.16794871794871796	0.15071218270072412	0.17198581560283688	0.14285714285714285	0.1511627906976744	0.08974358974358974	0.18670417530352384	0.17466666666666666	0.1404494382022472	0.23529411764705882	0.17983367983367982	0.08333333333333333	0.14192654192654192
hu	0.10999761393462182	0.11428571428571428	0.19820971867007675	0.08823529411764706	0.316034771679933	0.24441632742876002	0.19318181818181818	0.10753705634377408	0.21428571428571427	0.19242610837438423	0.2611111111111111	0.19034013605442177	1.0	0.19882218301463928	0.16849529780564262	0.21032429329889513	0.21822272215973001	0.21428571428571427	0.19638343379350576	0.16219512195121952	0.1462313122923588	0.2571483958515072	0.27142857142857146	0.24738448125544898	0.30006207324643075	0.20743715603153354	0.25054251331623595	0.09210526315789473	0.28371993127147765	0.24691220652052964	0.17919799498746866	0.06063497571131159	0.24025373331571298	0.1253787878787879	0.24068002997377294
id	0.06079638752052545	0.07377049180327869	0.09628543499511241	0.04918032786885246	0.22569027611044418	0.25131713992473487	0.15671641791044777	0.197131755871824	0.23068418856904463	0.244149377593361	0.2615681233933162	0.19560124934929723	0.19882218301463928	1.0	0.1922443649577017	0.23809523809523808	0.23580927051671732	0.13114754098360656	0.11904761904761904	0.12131973140495868	0.12453438034833383	0.21518987341772153	0.22423802612481858	0.2404411764705882	0.22252621979024167	0.24996765010351965	0.13546406644998196	0.05384615384615385	0.21216475095785442	0.1669730392156863	0.16928446771378708	0.08461538461538462	0.25851063829787235	0.06666666666666667	0.27965631929046564
it	0.03614457831325301	0.047619047619047616	0.08154841588576528	0.03950028301123959	0.1920640834575261	0.248831584795895	0.13953488372093023	0.22353365342338066	0.25	0.23620689655172414	0.185669262143122	0.12365591397849462	0.16849529780564262	0.1922443649577017	1.0	0.27875091709464417	0.195	0.0963855421686747	0.09821428571428571	0.09411764705882353	0.09223779041138816	0.2281987961105109	0.23193734015345266	0.23087315130830488	0.20826330532212883	0.25	0.11176470588235295	0.05952380952380952	0.17818266639021357	0.15322890640015374	0.28640776699029125	0.056818181818181816	0.19940865234982882	0.04878048780487805	0.22144061391779546
ja	0.046153846153846156	0.06060606060606061	0.08653846153846154	0.046153846153846156	0.204064919594997	0.287593984962406	0.17647058823529413	0.20123718277119768	0.26153673835125446	0.2524752475247525	0.21665745601915817	0.17123287671232876	0.21032429329889513	0.23809523809523808	0.27875091709464417	1.0	0.27038899485578866	0.11363636363636363	0.13082750582750582	0.11940298507462686	0.11954887218045113	0.24393098664817064	0.2365581675708258	0.21982097186700766	0.21830985915492956	0.2303894389438944	0.1323529411764706	0.06716417910447761	0.24641985994177354	0.17990314769975788	0.24410627653123104	0.07971014492753623	0.2615127654497733	0.0625	0.2688449552006233
ko	0.06140350877192982	0.07758620689655173	0.08333333333333333	0.05172413793103448	0.2218156137647663	0.2339337877312561	0.15384615384615385	0.16353507575317816	0.23626373626373626	0.26114657561361837	0.21432135728542914	0.1529940119760479	0.21822272215973001	0.23580927051671732	0.195	0.27038899485578866	1.0	0.13793103448275862	0.14204483324220885	0.09648224043715847	0.10055096418732781	0.20512820512820512	0.21554414577670394	0.2134479717813051	0.19348193923342896	0.20941812491108266	0.14754098360655737	0.075	0.23377046804810897	0.15142764438676182	0.18446782178217822	0.056431663574520716	0.23809523809523808	0.07017543859649122	0.31690283400809716
lv	0.13157894736842105	0.21052631578947367	0.21428571428571427	0.16666666666666666	0.2236842105263158	0.1271186440677966	0.18181818181818182	0.05448717948717949	0.10256410256410256	0.0898876404494382	0.176316889632107	0.1891891891891892	0.21428571428571427	0.13114754098360656	0.0963855421686747	0.11363636363636363	0.13793103448275862	1.0	0.2608695652173913	0.16666666666666666	0.15	0.14814814814814814	0.16346153846153846	0.14655172413793102	0.2236842105263158	0.10240963855421686	0.28	0.10416666666666667	0.17617916803144448	0.25806451612903225	0.10625	0.08928571428571429	0.2264202978488693	0.15789473684210525	0.12034638130104196
mk	0.1949317738791423	0.13636363636363635	0.151268115942029	0.125	0.16666666666666666	0.13806846786373553	0.15714285714285714	0.054140127388535034	0.09375	0.09711852120333454	0.14285714285714285	0.15	0.19638343379350576	0.11904761904761904	0.09821428571428571	0.13082750582750582	0.14204483324220885	0.2608695652173913	1.0	0.1452839756592292	0.10999761393462182	0.1574074074074074	0.14814814814814814	0.12901142573273722	0.2	0.09411764705882353	0.24074074074074073	0.1	0.16233521657250471	0.23604465709728867	0.09036144578313253	0.06666666666666667	0.19230769230769232	0.2222222222222222	0.11948867944968042
ml	0.11904761904761904	0.13043478260869565	0.0967942732648615	0.11904761904761904	0.1367117117117117	0.13771929824561402	0.21212121212121213	0.062126692197374433	0.1	0.10560120744591649	0.11538461538461539	0.21621621621621623	0.16219512195121952	0.12131973140495868	0.09411764705882353	0.11940298507462686	0.09648224043715847	0.16666666666666666	0.1452839756592292	1.0	0.27250429237184204	0.1206896551724138	0.13681874483897605	0.1111111111111111	0.15690158465387824	0.10714285714285714	0.12121212121212122	0.09615384615384616	0.14926965917428134	0.15545112781954887	0.09141337386018238	0.2608695652173913	0.13055555555555556	0.14285714285714285	0.0911534345203347
mr	0.0843859649122807	0.11538461538461539	0.09476190476190476	0.10416666666666667	0.11956197112991539	0.12067182055749129	0.17567567567567569	0.07080885366853396	0.09939759036144578	0.11364275668073136	0.09983766233766234	0.3072992700729927	0.1462313122923588	0.12453438034833383	0.09223779041138816	0.11954887218045113	0.10055096418732781	0.15	0.10999761393462182	0.27250429237184204	1.0	0.10483870967741936	0.120995670995671	0.09899905235726131	0.1279585798816568	0.1214349376114082	0.13257142857142856	0.10714285714285714	0.12157376039421004	0.12404761904761905	0.09816024211532334	0.26	0.10416666666666667	0.1	0.09146666666666667
nl	0.0660377358490566	0.07272727272727272	0.1148705096073517	0.05555555555555555	0.25848025569646355	0.2991590624440866	0.16393442622950818	0.16682386458466755	0.2926829268292683	0.2623625103983732	0.2576629477392836	0.13970588235294118	0.2571483958515072	0.21518987341772153	0.2281987961105109	0.24393098664817064	0.20512820512820512	0.14814814814814814	0.1574074074074074	0.1206896551724138	0.10483870967741936	1.0	0.2689776733254994	0.26512834153477854	0.25833333333333336	0.2486691778476481	0.19444444444444445	0.07017543859649122	0.2433570359281437	0.20659495871360278	0.20945484063915235	0.056451612903225805	0.22950819672131148	0.07547169811320754	0.23887082722424086
pl	0.0673076923076923	0.08490566037735849	0.14332460732984292	0.05660377358490566	0.29391812865497075	0.30148297944051233	0.16666666666666666	0.1605794060083793	0.25	0.24169647419519671	0.23005343652109822	0.16794871794871796	0.27142857142857146	0.22423802612481858	0.23193734015345266	0.2365581675708258	0.21554414577670394	0.16346153846153846	0.14814814814814814	0.13681874483897605	0.120995670995671	0.2689776733254994	1.0	0.25070592981040746	0.2894490254872564	0.2560532687651332	0.17619949494949494	0.07142857142857142	0.258816120906801	0.21611314158588907	0.2128825475599669	0.06666666666666667	0.23034761998814932	0.07692307692307693	0.2257427247169668
pt	0.0603448275862069	0.07627118644067797	0.10399906271967509	0.05424881817133633	0.25	0.3016785957736878	0.1935483870967742	0.17924771019862099	0.30401863715783345	0.2560415228208852	0.3262322472848789	0.15071218270072412	0.24738448125544898	0.2404411764705882	0.23087315130830488	0.21982097186700766	0.2134479717813051	0.14655172413793102	0.12901142573273722	0.1111111111111111	0.09899905235726131	0.26512834153477854	0.25070592981040746	1.0	0.26430860805860806	0.3014371570420695	0.16666666666666666	0.06451612903225806	0.2711538461538462	0.21386151977324877	0.19998174516246806	0.06060606060606061	0.21478078658929722	0.06896551724137931	0.27844894409468174
ro	0.09210526315789473	0.1	0.1412313432835821	0.07692307692307693	0.2816830435878055	0.2580834803057025	0.1875	0.12240314430095452	0.1927710843373494	0.19051326772144012	0.24107142857142858	0.17198581560283688	0.30006207324643075	0.22252621979024167	0.20826330532212883	0.21830985915492956	0.19348193923342896	0.2236842105263158	0.2	0.15690158465387824	0.1279585798816568	0.25833333333333336	0.2894490254872564	0.26430860805860806	1.0	0.21746271158035863	0.2204585537918871	0.06818181818181818	0.2301938301938302	0.28906714200831846	0.19611764705882354	0.0625	0.25510204081632654	0.10526315789473684	0.19590182648401827
ru	0.04384091550147076	0.05527791321306679	0.08107568395127471	0.037420770355923935	0.19924845269672858	0.2651248843663275	0.14534883720930233	0.24626828290923664	0.3014245014245014	0.2816054829053096	0.23032771708942787	0.14285714285714285	0.20743715603153354	0.24996765010351965	0.25	0.2303894389438944	0.20941812491108266	0.10240963855421686	0.09411764705882353	0.10714285714285714	0.1214349376114082	0.2486691778476481	0.2560532687651332	0.3014371570420695	0.21746271158035863	1.0	0.11925996204933587	0.058823529411764705	0.22804767028055947	0.16219867630092902	0.23843591490650315	0.06896551724137931	0.1963785374054357	0.04819277108433735	0.263163550397593
sh	0.1496655518394649	0.19166666666666665	0.14814814814814814	0.12916666666666668	0.19767441860465115	0.15004098360655738	0.17567567567567569	0.07113782051282051	0.11875	0.11273448773448773	0.19289005924950625	0.1511627906976744	0.25054251331623595	0.13546406644998196	0.11176470588235295	0.1323529411764706	0.14754098360655737	0.28	0.24074074074074073	0.12121212121212122	0.13257142857142856	0.19444444444444445	0.17619949494949494	0.16666666666666666	0.2204585537918871	0.11925996204933587	1.0	0.12962962962962962	0.18817243920412674	0.31692477876106195	0.11449579831932773	0.058823529411764705	0.2073170731707317	0.15217391304347827	0.147981332754504
si	0.027777777777777776	0.1111111111111111	0.043478260869565216	0.058823529411764705	0.08139534883720931	0.06557377049180328	0.07142857142857142	0.038461538461538464	0.05625	0.0572737686139748	0.07	0.08974358974358974	0.09210526315789473	0.05384615384615385	0.05952380952380952	0.06716417910447761	0.075	0.10416666666666667	0.1	0.09615384615384616	0.10714285714285714	0.07017543859649122	0.07142857142857142	0.06451612903225806	0.06818181818181818	0.058823529411764705	0.12962962962962962	1.0	0.07608695652173914	0.08333333333333333	0.05421686746987952	0.08333333333333333	0.07142857142857142	0.05555555555555555	0.07352941176470588
simple	0.07672892478546188	0.09302325581395349	0.12533227006911218	0.05813953488372093	0.2703970557744143	0.2707000864304235	0.1917605633802817	0.13711677814938686	0.22099587464717377	0.2052600988084859	0.25093345047221616	0.18670417530352384	0.28371993127147765	0.21216475095785442	0.17818266639021357	0.24641985994177354	0.23377046804810897	0.17617916803144448	0.16233521657250471	0.14926965917428134	0.12157376039421004	0.2433570359281437	0.258816120906801	0.2711538461538462	0.2301938301938302	0.22804767028055947	0.18817243920412674	0.07608695652173914	1.0	0.2439884031607072	0.17764521571463002	0.08336275686745286	0.25153111219990204	0.08333333333333333	0.26565394923821345
sr	0.12656765676567658	0.13020833333333334	0.11428571428571428	0.10198252688172042	0.22142233856893545	0.1941125541125541	0.22995049504950496	0.09704936854190586	0.16049382716049382	0.14523104939676756	0.19783427495291903	0.17466666666666666	0.24691220652052964	0.1669730392156863	0.15322890640015374	0.17990314769975788	0.15142764438676182	0.25806451612903225	0.23604465709728867	0.15545112781954887	0.12404761904761905	0.20659495871360278	0.21611314158588907	0.21386151977324877	0.28906714200831846	0.16219867630092902	0.31692477876106195	0.08333333333333333	0.2439884031607072	1.0	0.12677304964539007	0.08974358974358974	0.22850241545893718	0.13333333333333333	0.18510239065974796
sv	0.037037037037037035	0.0625	0.0890625	0.037037037037037035	0.19936240230357877	0.23281059771580961	0.14285714285714285	0.21368266934860397	0.2072072072072072	0.19274399944663484	0.16438824333561175	0.1404494382022472	0.17919799498746866	0.16928446771378708	0.28640776699029125	0.24410627653123104	0.18446782178217822	0.10625	0.09036144578313253	0.09141337386018238	0.09816024211532334	0.20945484063915235	0.2128825475599669	0.19998174516246806	0.19611764705882354	0.23843591490650315	0.11449579831932773	0.05421686746987952	0.17764521571463002	0.12677304964539007	1.0	0.05813953488372093	0.1744186046511628	0.04586945101129498	0.19436106346483706
te	0.075	0.09090909090909091	0.037037037037037035	0.10526315789473684	0.0625	0.08195575294020889	0.17483660130718953	0.05128205128205128	0.060240963855421686	0.06521739130434782	0.05689287238583013	0.23529411764705882	0.06063497571131159	0.08461538461538462	0.056818181818181816	0.07971014492753623	0.056431663574520716	0.08928571428571429	0.06666666666666667	0.2608695652173913	0.26	0.056451612903225805	0.06666666666666667	0.06060606060606061	0.0625	0.06896551724137931	0.058823529411764705	0.08333333333333333	0.08336275686745286	0.08974358974358974	0.05813953488372093	1.0	0.06521739130434782	0.1	0.05498863349330639
vi	0.09722222222222222	0.12162162162162163	0.1370546857272521	0.08108108108108109	0.265740338688667	0.2153846153846154	0.2111111111111111	0.1163088298023603	0.19753086419753085	0.17391304347826086	0.2703492905036644	0.17983367983367982	0.24025373331571298	0.25851063829787235	0.19940865234982882	0.2615127654497733	0.23809523809523808	0.2264202978488693	0.19230769230769232	0.13055555555555556	0.10416666666666667	0.22950819672131148	0.23034761998814932	0.21478078658929722	0.25510204081632654	0.1963785374054357	0.2073170731707317	0.07142857142857142	0.25153111219990204	0.22850241545893718	0.1744186046511628	0.06521739130434782	1.0	0.1111111111111111	0.23301982714794103
war	0.3333333333333333	0.14285714285714285	0.08333333333333333	0.125	0.08974358974358974	0.07017543859649122	0.14285714285714285	0.02564102564102564	0.05194805194805195	0.045454545454545456	0.07608695652173914	0.08333333333333333	0.1253787878787879	0.06666666666666667	0.04878048780487805	0.0625	0.07017543859649122	0.15789473684210525	0.2222222222222222	0.14285714285714285	0.1	0.07547169811320754	0.07692307692307693	0.06896551724137931	0.10526315789473684	0.04819277108433735	0.15217391304347827	0.05555555555555555	0.08333333333333333	0.13333333333333333	0.04586945101129498	0.1	0.1111111111111111	1.0	0.06060606060606061
zh	0.05397192261599042	0.06716417910447761	0.0894147761493676	0.04477611940298507	0.2372408928530797	0.2871265457994382	0.1619718309859155	0.20219594594594595	0.29090459713297084	0.30383949564633234	0.25343705799151345	0.14192654192654192	0.24068002997377294	0.27965631929046564	0.22144061391779546	0.2688449552006233	0.31690283400809716	0.12034638130104196	0.11948867944968042	0.0911534345203347	0.09146666666666667	0.23887082722424086	0.2257427247169668	0.27844894409468174	0.19590182648401827	0.263163550397593	0.147981332754504	0.07352941176470588	0.26565394923821345	0.18510239065974796	0.19436106346483706	0.05498863349330639	0.23301982714794103	0.06060606060606061	1.0
