arz	bs	ceb	ckb	da	de	el	en	es	fr	he	hi	hu	id	it	ja	ko	lv	mk	ml	mr	nl	pl	pt	ro	ru	sh	si	simple	sr	sv	te	vi	war	zh
arz	1.0	0.023472922073332052	0.0	0.07142857142857142	0.02220842663828718	0.01210140350877193	0.0302652750698062	0.00977561432587666	0.008976660682226212	0.013092339051535978	0.03047580155389416	0.05263157894736842	0.015814787170295302	0.03418803418803419	0.00985553260767876	0.01607142857142857	0.020102155480641537	0.038397460077958	0.07623626373626373	0.075	0.08943089430894309	0.008241758241758242	0.013043478260869565	0.017084282460136675	0.018028410094750827	0.015094391597260533	0.07142857142857142	0.04054054054054054	0.05102040816326531	0.02	0.01925648618096777	0.0	0.024027319110643246	0.07352941176470588	0.017964071856287425
bs	0.023472922073332052	1.0	0.0	0.03424657534246575	0.19733131119625372	0.08191124728180195	0.16980804792571147	0.04403179917198978	0.060650290063806	0.06919589393876682	0.2355793814309679	0.020833333333333332	0.1327892269073157	0.2947012397148786	0.07339387080441295	0.11676229181608097	0.11658610452422517	0.34914356961818327	0.10576103351039412	0.027835472368626414	0.049245093826099415	0.06536432675127633	0.1017784785200183	0.06752547084010342	0.10917468619990395	0.10869688171918178	0.059313778240947884	0.059322033898305086	0.11511941448382126	0.32017935732136144	0.15126799321396062	0.0	0.0935674822415154	0.10185185185185185	0.10493594456729406
ceb	0.0	0.0	0.5	0.0	0.0031645569620253164	0.002036659877800407	0.0058823529411764705	0.0013623978201634877	0.0019342359767891683	0.0019011406844106464	0.004464285714285714	0.006578947368421052	0.006024096385542169	0.0027247956403269754	0.00196078431372549	0.0032679738562091504	0.0034129692832764505	0.006024096385542169	0.004629629629629629	0.0	0.018867924528301886	0.0031446540880503146	0.0026109660574412533	0.002398081534772182	0.005988023952095809	0.0016051364365971107	0.004149377593360996	0.0	0.010869565217391304	0.0015873015873015873	0.0037313432835820895	0.0	0.00510204081632653	0.0	0.003472222222222222
ckb	0.07142857142857142	0.03424657534246575	0.0	1.0	0.016778523489932886	0.0066815144766146995	0.015544041450777202	0.003667481662591687	0.00546448087431694	0.006622516556291391	0.02032520325203252	0.14285714285714285	0.01020408163265306	0.023148148148148147	0.006020422060046305	0.009191176470588236	0.01020408163265306	0.046296296296296294	0.08333333333333333	0.2857142857142857	0.22727272727272727	0.00558659217877095	0.008928571428571428	0.006880733944954129	0.01004709073183092	0.009202453987730062	0.05555555555555555	0.0625	0.027472527472527472	0.028735632183908046	0.01327433628318584	0.0	0.015625	0.15	0.009146341463414634
da	0.02220842663828718	0.19733131119625372	0.0031645569620253164	0.016778523489932886	1.0	0.12563465088956025	0.2028046489305	0.09086216635638147	0.10586551701590818	0.12304366959439136	0.2196243609602647	0.010135135135135136	0.1836848872119868	0.22710225361587622	0.12966952593241252	0.15391368701076233	0.15771700926306104	0.18442082293490272	0.0527152172721793	0.013422818791946308	0.027440361057382335	0.12252694064172495	0.14271113996267912	0.10279684752839048	0.12006743607555496	0.14585663249456354	0.02258064516129032	0.040372670807453416	0.14712153961260288	0.18070540370179358	0.2379673520265819	0.0	0.12962578892790028	0.050955414012738856	0.15722043180297357
de	0.01210140350877193	0.08191124728180195	0.002036659877800407	0.0066815144766146995	0.12563465088956025	1.0	0.1798087766869474	0.2652501474794346	0.2954352598407196	0.3165982640110767	0.12989401043200893	0.0033407572383073497	0.24138557090543172	0.10614454636920537	0.3098169963486086	0.25820429231187175	0.18668479493315618	0.05863420259838072	0.022172949002217297	0.005567928730512249	0.010119684034149845	0.2845280799756301	0.2702391493630328	0.2316908341989259	0.22918215161815883	0.2851631007536387	0.014484466856995473	0.013131313131313131	0.0899544276482722	0.08721167062187427	0.16419947135401286	0.0	0.09840758643206306	0.01524390243902439	0.2692114004071574
el	0.0302652750698062	0.16980804792571147	0.0058823529411764705	0.015544041450777202	0.2028046489305	0.1798087766869474	1.0	0.11722367436862254	0.15285119477758338	0.17866243393050543	0.25229965939890464	0.007772020725388601	0.21521036049850836	0.20310820415324132	0.17711520936540748	0.23893552247210784	0.2073884183720573	0.14832762069800334	0.05218784838350055	0.01306841619594219	0.023650628448732555	0.14926350785059836	0.21190079958714128	0.15663819975700916	0.20836548208418937	0.2281042148209829	0.02295673578372064	0.03428571428571429	0.14679684081019262	0.1572137649029461	0.1926264766592334	0.0	0.11561425318088997	0.03757225433526012	0.209096870716518
en	0.00977561432587666	0.04403179917198978	0.0013623978201634877	0.003667481662591687	0.09086216635638147	0.2652501474794346	0.11722367436862254	1.0	0.30781041951857396	0.2697146740261292	0.07535822068166699	0.0018337408312958435	0.15196995833996907	0.06626000639158534	0.30036571337323237	0.16619196107425696	0.12866645013616929	0.033259580744901145	0.012859461213891593	0.003056234718826406	0.005533487290006996	0.26753077124411373	0.20112778610256393	0.19838339565742724	0.15017711624344612	0.19663299475019053	0.007956030035524022	0.011580381471389645	0.05449034790806943	0.053477084010483816	0.1363570424696703	0.0	0.09813565594454685	0.010899182561307902	0.2003134903259525
es	0.008976660682226212	0.060650290063806	0.0019342359767891683	0.00546448087431694	0.10586551701590818	0.2954352598407196	0.15285119477758338	0.30781041951857396	1.0	0.3028435815147625	0.10965203127181349	0.00273224043715847	0.20300042832148793	0.08589007450487526	0.34415364718337144	0.22059997211444615	0.16379761620645142	0.04878077016816963	0.019090909090909092	0.004553734061930784	0.007259528130671506	0.252804262502489	0.2501360226765595	0.25629316753971276	0.19387293095450392	0.2678519960690941	0.010889292196007259	0.013461538461538462	0.07258064516129033	0.06907262499853208	0.133871073991969	0.0	0.08189178614068002	0.015473887814313346	0.24163784142232417
fr	0.013092339051535978	0.06919589393876682	0.0019011406844106464	0.006622516556291391	0.12304366959439136	0.3165982640110767	0.17866243393050543	0.2697146740261292	0.3028435815147625	1.0	0.13377078581616766	0.0033112582781456954	0.24887514207810774	0.10139238585847425	0.33458276225965644	0.25585974933864614	0.1906381619496646	0.058662933219743	0.021037606732851245	0.005518763796909493	0.008862717627657868	0.25735024020070296	0.26610587549877346	0.25501984804795513	0.25316887152556244	0.27838318784803995	0.009835550578246153	0.015180265654648957	0.08154405015262804	0.07601424112659425	0.15026681317145787	0.0	0.09297283130048425	0.015209125475285171	0.2337636185432661
he	0.03047580155389416	0.2355793814309679	0.004464285714285714	0.02032520325203252	0.2196243609602647	0.12989401043200893	0.25229965939890464	0.07535822068166699	0.10965203127181349	0.13377078581616766	1.0	0.012295081967213115	0.17774709015584927	0.24322308270712703	0.11966067377622629	0.19521538245627204	0.1863225727854549	0.24070340501792115	0.07278726708074534	0.016260162601626018	0.033455464447706175	0.10622141924584015	0.16774745151256443	0.12264660769774853	0.1657139381020743	0.18570912273766835	0.03142319016279875	0.02850877192982456	0.18084311169056932	0.2297222570009599	0.1805687434759096	0.0	0.10279589614028269	0.03333333333333333	0.1712719831994051
hi	0.05263157894736842	0.020833333333333332	0.006578947368421052	0.14285714285714285	0.010135135135135136	0.0033407572383073497	0.007772020725388601	0.0018337408312958435	0.00273224043715847	0.0033112582781456954	0.012295081967213115	1.0	0.006147540983606557	0.01421018909931741	0.0029940119760479044	0.003676470588235294	0.00510204081632653	0.02830188679245283	0.06818181818181818	0.16666666666666666	0.09090909090909091	0.002793296089385475	0.004464285714285714	0.0034403669724770644	0.005016722408026756	0.004601226993865031	0.03125	0.05421686746987952	0.016666666666666666	0.01763588452409959	0.006745252880027853	0.0	0.009798659565390914	0.06172839506172839	0.004573170731707317
hu	0.015814787170295302	0.1327892269073157	0.006024096385542169	0.01020408163265306	0.1836848872119868	0.24138557090543172	0.21521036049850836	0.15196995833996907	0.20300042832148793	0.24887514207810774	0.17774709015584927	0.006147540983606557	1.0	0.16969145693620816	0.2368127359421563	0.246987148722871	0.17102025760222836	0.11640470726370283	0.04104817897820983	0.010245901639344262	0.018566735480580642	0.20077751530684423	0.24105053478334437	0.21730156667517644	0.2607087162076418	0.23810593697488602	0.014144731061051876	0.03197674418604651	0.11185402697584902	0.12870326250938136	0.1850866126637527	0.0	0.1320178398885984	0.03529411764705882	0.19647476529580055
id	0.03418803418803419	0.2947012397148786	0.0027247956403269754	0.023148148148148147	0.22710225361587622	0.10614454636920537	0.20310820415324132	0.06626000639158534	0.08589007450487526	0.10139238585847425	0.24322308270712703	0.01421018909931741	0.16969145693620816	1.0	0.09785683354752193	0.17600225443200837	0.17290804408763333	0.2843958437214211	0.0730352661471404	0.018518518518518517	0.03725967740270998	0.08754782732263963	0.13000799665279425	0.09896903761951568	0.1343573270365515	0.1488029335172392	0.03558856126474225	0.01891891891891892	0.1487687062868753	0.24802878161087116	0.16039767221634954	0.0	0.13891992551210428	0.021798365122615803	0.15317551236654103
it	0.00985553260767876	0.07339387080441295	0.00196078431372549	0.006020422060046305	0.12966952593241252	0.3098169963486086	0.17711520936540748	0.30036571337323237	0.34415364718337144	0.33458276225965644	0.11966067377622629	0.0029940119760479044	0.2368127359421563	0.09785683354752193	1.0	0.24750769158885222	0.17859260743610686	0.055160418536039896	0.021109783204042224	0.00499001996007984	0.007952286282306162	0.2658607935284658	0.28536679270352355	0.2507334547222987	0.21248660280117232	0.27840722907498267	0.012980571725654828	0.011650485436893204	0.08191853061009029	0.07617432935981569	0.15512493321870713	0.0	0.10119303268909569	0.013671875	0.2534863693564475
ja	0.01607142857142857	0.11676229181608097	0.0032679738562091504	0.009191176470588236	0.15391368701076233	0.25820429231187175	0.23893552247210784	0.16619196107425696	0.22059997211444615	0.25585974933864614	0.19521538245627204	0.003676470588235294	0.246987148722871	0.17600225443200837	0.24750769158885222	1.0	0.23998499996951883	0.0977180658801064	0.029039370150830315	0.007352941176470588	0.01301234814475918	0.19683736228800605	0.24364052715937362	0.2137450085129194	0.22996009849311788	0.29216552999071915	0.016464475928568943	0.020967741935483872	0.12265136041418631	0.11457544529680966	0.18936644192174854	0.0	0.1350645813881108	0.024429967426710098	0.27341840009693996
ko	0.020102155480641537	0.11658610452422517	0.0034129692832764505	0.01020408163265306	0.15771700926306104	0.18668479493315618	0.2073884183720573	0.12866645013616929	0.16379761620645142	0.1906381619496646	0.1863225727854549	0.00510204081632653	0.17102025760222836	0.17290804408763333	0.17859260743610686	0.23998499996951883	1.0	0.09371452394215242	0.032393036051572635	0.008503401360544218	0.015661652240264338	0.14341496208892124	0.18625215087377384	0.1681263159990642	0.16930440988490744	0.20955699751869383	0.015152395807192106	0.02364864864864865	0.12352889218182082	0.11236931472255277	0.1617249995391228	0.0	0.10078249979627985	0.027303754266211604	0.21173648034356748
lv	0.038397460077958	0.34914356961818327	0.006024096385542169	0.046296296296296294	0.18442082293490272	0.05863420259838072	0.14832762069800334	0.033259580744901145	0.04878077016816963	0.058662933219743	0.24070340501792115	0.02830188679245283	0.11640470726370283	0.2843958437214211	0.055160418536039896	0.0977180658801064	0.09371452394215242	1.0	0.12086719056646318	0.03756114605171209	0.07995494438447458	0.05038232604792685	0.08157674578374664	0.06105066163557008	0.09204267346265259	0.08770155009269497	0.0691000512539545	0.0625	0.12870279624577297	0.33481906628403446	0.11915711819180662	0.0	0.08055124223602485	0.08333333333333333	0.08252254624448686
mk	0.07623626373626373	0.10576103351039412	0.004629629629629629	0.08333333333333333	0.0527152172721793	0.022172949002217297	0.05218784838350055	0.012859461213891593	0.019090909090909092	0.021037606732851245	0.07278726708074534	0.06818181818181818	0.04104817897820983	0.0730352661471404	0.021109783204042224	0.029039370150830315	0.032393036051572635	0.12086719056646318	1.0	0.08695652173913043	0.12633352049410446	0.019594700118157247	0.03154706844820572	0.025343787366765666	0.035408808459609725	0.02912235450082988	0.08064516129032258	0.025423728813559324	0.06565656565656566	0.09662507125589291	0.039449312333629104	0.0	0.0326975311144444	0.049107142857142856	0.03391867309319586
ml	0.075	0.027835472368626414	0.0	0.2857142857142857	0.013422818791946308	0.005567928730512249	0.01306841619594219	0.003056234718826406	0.004553734061930784	0.005518763796909493	0.016260162601626018	0.16666666666666666	0.010245901639344262	0.018518518518518517	0.00499001996007984	0.007352941176470588	0.008503401360544218	0.03756114605171209	0.08695652173913043	1.0	0.275	0.004671123366647981	0.007552747437809748	0.005791661680435724	0.008402140643474536	0.007731024717259265	0.058823529411764705	0.043478260869565216	0.027777777777777776	0.02318230419673884	0.00891858737722251	0.0	0.0125	0.06060606060606061	0.007776534617255277
mr	0.08943089430894309	0.049245093826099415	0.018867924528301886	0.22727272727272727	0.027440361057382335	0.010119684034149845	0.023650628448732555	0.005533487290006996	0.007259528130671506	0.008862717627657868	0.033455464447706175	0.09090909090909091	0.018566735480580642	0.03725967740270998	0.007952286282306162	0.01301234814475918	0.015661652240264338	0.07995494438447458	0.12633352049410446	0.275	1.0	0.008442337298087754	0.013520507759142238	0.010412201203939066	0.01531354800010906	0.01238083446824316	0.07142857142857142	0.038461538461538464	0.052898825312618414	0.047741130820399116	0.015390589165383224	0.0	0.022656094543504025	0.056451612903225805	0.014061188332854016
nl	0.008241758241758242	0.06536432675127633	0.0031446540880503146	0.00558659217877095	0.12252694064172495	0.2845280799756301	0.14926350785059836	0.26753077124411373	0.252804262502489	0.25735024020070296	0.10622141924584015	0.002793296089385475	0.20077751530684423	0.08754782732263963	0.2658607935284658	0.19683736228800605	0.14341496208892124	0.05038232604792685	0.019594700118157247	0.004671123366647981	0.008442337298087754	1.0	0.23328548240801358	0.27065784410142385	0.1852363078032178	0.23406940712680954	0.009257767712742735	0.021806853582554516	0.06809072073244814	0.0683628808975478	0.18227657340334402	0.0	0.11516955266955266	0.025157232704402517	0.22724679765761494
pl	0.013043478260869565	0.1017784785200183	0.0026109660574412533	0.008928571428571428	0.14271113996267912	0.2702391493630328	0.21190079958714128	0.20112778610256393	0.2501360226765595	0.26610587549877346	0.16774745151256443	0.004464285714285714	0.24105053478334437	0.13000799665279425	0.28536679270352355	0.24364052715937362	0.18625215087377384	0.08157674578374664	0.03154706844820572	0.007552747437809748	0.013520507759142238	0.23328548240801358	1.0	0.21884481653394547	0.21946693392657765	0.29066399312322483	0.01780752681824483	0.016795865633074936	0.1052805069832826	0.11635561729962841	0.17061416907452115	0.0	0.10059080942639652	0.020887728459530026	0.23773509761529332
pt	0.017084282460136675	0.06752547084010342	0.002398081534772182	0.006880733944954129	0.10279684752839048	0.2316908341989259	0.15663819975700916	0.19838339565742724	0.25629316753971276	0.25501984804795513	0.12264660769774853	0.0034403669724770644	0.21730156667517644	0.09896903761951568	0.2507334547222987	0.2137450085129194	0.1681263159990642	0.06105066163557008	0.025343787366765666	0.005791661680435724	0.010412201203939066	0.27065784410142385	0.21884481653394547	1.0	0.21255913243914568	0.21124893749556822	0.01020408163265306	0.016666666666666666	0.0819727581373933	0.07327370847253908	0.1333908698614581	0.0	0.08102103818064715	0.019184652278177457	0.19815777540843932
ro	0.018028410094750827	0.10917468619990395	0.005988023952095809	0.01004709073183092	0.12006743607555496	0.22918215161815883	0.20836548208418937	0.15017711624344612	0.19387293095450392	0.25316887152556244	0.1657139381020743	0.005016722408026756	0.2607087162076418	0.1343573270365515	0.21248660280117232	0.22996009849311788	0.16930440988490744	0.09204267346265259	0.035408808459609725	0.008402140643474536	0.01531354800010906	0.1852363078032178	0.21946693392657765	0.21255913243914568	1.0	0.2508807571309362	0.01314203476182639	0.03488372093023256	0.09677556124434428	0.10143129582040605	0.14619015323594461	0.0	0.0980567773363602	0.044642857142857144	0.2228350301882325
ru	0.015094391597260533	0.10869688171918178	0.0016051364365971107	0.009202453987730062	0.14585663249456354	0.2851631007536387	0.2281042148209829	0.19663299475019053	0.2678519960690941	0.27838318784803995	0.18570912273766835	0.004601226993865031	0.23810593697488602	0.1488029335172392	0.27840722907498267	0.29216552999071915	0.20955699751869383	0.08770155009269497	0.02912235450082988	0.007731024717259265	0.01238083446824316	0.23406940712680954	0.29066399312322483	0.21124893749556822	0.2508807571309362	1.0	0.015151515151515152	0.013643659711075442	0.1121349848258237	0.10364958042917172	0.1777368172564748	0.0	0.11913323860382526	0.012841091492776886	0.28200770061384667
sh	0.07142857142857142	0.059313778240947884	0.004149377593360996	0.05555555555555555	0.02258064516129032	0.014484466856995473	0.02295673578372064	0.007956030035524022	0.010889292196007259	0.009835550578246153	0.03142319016279875	0.03125	0.014144731061051876	0.03558856126474225	0.012980571725654828	0.016464475928568943	0.015152395807192106	0.0691000512539545	0.08064516129032258	0.058823529411764705	0.07142857142857142	0.009257767712742735	0.01780752681824483	0.01020408163265306	0.01314203476182639	0.015151515151515152	1.0	0.028688524590163935	0.025252525252525252	0.06914744197478843	0.017241379310344827	0.0	0.012194809793390016	0.030991735537190084	0.015060240963855422
si	0.04054054054054054	0.059322033898305086	0.0	0.0625	0.040372670807453416	0.013131313131313131	0.03428571428571429	0.011580381471389645	0.013461538461538462	0.015180265654648957	0.02850877192982456	0.05421686746987952	0.03197674418604651	0.01891891891891892	0.011650485436893204	0.020967741935483872	0.02364864864864865	0.0625	0.025423728813559324	0.043478260869565216	0.038461538461538464	0.021806853582554516	0.016795865633074936	0.016666666666666666	0.03488372093023256	0.013643659711075442	0.028688524590163935	0.5	0.061855670103092786	0.020440251572327043	0.025830258302583026	0.03225806451612903	0.035175879396984924	0.1111111111111111	0.024054982817869417
simple	0.05102040816326531	0.11511941448382126	0.010869565217391304	0.027472527472527472	0.14712153961260288	0.0899544276482722	0.14679684081019262	0.05449034790806943	0.07258064516129033	0.08154405015262804	0.18084311169056932	0.016666666666666666	0.11185402697584902	0.1487687062868753	0.08191853061009029	0.12265136041418631	0.12352889218182082	0.12870279624577297	0.06565656565656566	0.027777777777777776	0.052898825312618414	0.06809072073244814	0.1052805069832826	0.0819727581373933	0.09677556124434428	0.1121349848258237	0.025252525252525252	0.061855670103092786	1.0	0.12028200771710307	0.12247196271839986	0.0	0.08726415094339622	0.06842105263157895	0.11141645462256149
sr	0.02	0.32017935732136144	0.0015873015873015873	0.028735632183908046	0.18070540370179358	0.08721167062187427	0.1572137649029461	0.053477084010483816	0.06907262499853208	0.07601424112659425	0.2297222570009599	0.01763588452409959	0.12870326250938136	0.24802878161087116	0.07617432935981569	0.11457544529680966	0.11236931472255277	0.33481906628403446	0.09662507125589291	0.02318230419673884	0.047741130820399116	0.0683628808975478	0.11635561729962841	0.07327370847253908	0.10143129582040605	0.10364958042917172	0.06914744197478843	0.020440251572327043	0.12028200771710307	1.0	0.12926806800711999	0.0	0.08063202260690702	0.022151898734177215	0.1054773082942097
sv	0.01925648618096777	0.15126799321396062	0.0037313432835820895	0.01327433628318584	0.2379673520265819	0.16419947135401286	0.1926264766592334	0.1363570424696703	0.133871073991969	0.15026681317145787	0.1805687434759096	0.006745252880027853	0.1850866126637527	0.16039767221634954	0.15512493321870713	0.18936644192174854	0.1617249995391228	0.11915711819180662	0.039449312333629104	0.00891858737722251	0.015390589165383224	0.18227657340334402	0.17061416907452115	0.1333908698614581	0.14619015323594461	0.1777368172564748	0.017241379310344827	0.025830258302583026	0.12247196271839986	0.12926806800711999	1.0	0.0	0.17476599879463245	0.029850746268656716	0.1757099184101161
te	0.0	0.0	0.0	0.0	0.0	0.0	0.0	0.0	0.0	0.0	0.0	0.0	0.0	0.0	0.0	0.0	0.0	0.0	0.0	0.0	0.0	0.0	0.0	0.0	0.0	0.0	0.0	0.03225806451612903	0.0	0.0	0.0	0.0	0.0	0.03333333333333333	0.0
vi	0.024027319110643246	0.0935674822415154	0.00510204081632653	0.015625	0.12962578892790028	0.09840758643206306	0.11561425318088997	0.09813565594454685	0.08189178614068002	0.09297283130048425	0.10279589614028269	0.009798659565390914	0.1320178398885984	0.13891992551210428	0.10119303268909569	0.1350645813881108	0.10078249979627985	0.08055124223602485	0.0326975311144444	0.0125	0.022656094543504025	0.11516955266955266	0.10059080942639652	0.08102103818064715	0.0980567773363602	0.11913323860382526	0.012194809793390016	0.035175879396984924	0.08726415094339622	0.08063202260690702	0.17476599879463245	0.0	1.0	0.04081632653061224	0.12743553939346092
war	0.07352941176470588	0.10185185185185185	0.0	0.15	0.050955414012738856	0.01524390243902439	0.03757225433526012	0.010899182561307902	0.015473887814313346	0.015209125475285171	0.03333333333333333	0.06172839506172839	0.03529411764705882	0.021798365122615803	0.013671875	0.024429967426710098	0.027303754266211604	0.08333333333333333	0.049107142857142856	0.06060606060606061	0.056451612903225805	0.025157232704402517	0.020887728459530026	0.019184652278177457	0.044642857142857144	0.012841091492776886	0.030991735537190084	0.1111111111111111	0.06842105263157895	0.022151898734177215	0.029850746268656716	0.03333333333333333	0.04081632653061224	0.5	0.027777777777777776
zh	0.017964071856287425	0.10493594456729406	0.003472222222222222	0.009146341463414634	0.15722043180297357	0.2692114004071574	0.209096870716518	0.2003134903259525	0.24163784142232417	0.2337636185432661	0.1712719831994051	0.004573170731707317	0.19647476529580055	0.15317551236654103	0.2534863693564475	0.27341840009693996	0.21173648034356748	0.08252254624448686	0.03391867309319586	0.007776534617255277	0.014061188332854016	0.22724679765761494	0.23773509761529332	0.19815777540843932	0.2228350301882325	0.28200770061384667	0.015060240963855422	0.024054982817869417	0.11141645462256149	0.1054773082942097	0.1757099184101161	0.0	0.12743553939346092	0.027777777777777776	1.0
