arz	bs	ceb	ckb	da	de	el	en	es	fr	he	hi	hu	id	it	ja	ko	lv	mk	ml	mr	nl	pl	pt	ro	ru	sh	si	simple	sr	sv	te	vi	war	zh
arz	1.0	0.378561736770692	0.3125	0.2727272727272727	0.19047619047619047	0.1239010989010989	0.29666666666666663	0.1111111111111111	0.15308254963427376	0.11534839924670433	0.21052631578947367	0.16666666666666666	0.23529411764705882	0.2857142857142857	0.15784615384615386	0.14285714285714285	0.2279040404040404	0.3445378151260504	0.4036363636363636	0.3333333333333333	0.375	0.16	0.2032967032967033	0.2222222222222222	0.2747311827956989	0.1392363396971692	0.3333333333333333	0.0625	0.3294314381270903	0.3076923076923077	0.14814814814814814	0.0625	0.2544802867383512	0.3888888888888889	0.19047619047619047
bs	0.378561736770692	1.0	0.22727272727272727	0.45320855614973266	0.28252331860579283	0.17065637065637065	0.4482993197278911	0.16666666666666669	0.22271302365346252	0.16706349206349208	0.29457572502685286	0.18181818181818182	0.39495798319327735	0.45993031358885017	0.23681936041486604	0.22650375939849623	0.36946532999164583	0.4056776556776557	0.5033333333333334	0.4051383399209486	0.2803030303030303	0.24127659574468086	0.3108178053830228	0.36307767944936087	0.4407407407407407	0.1865936667653152	0.605072463768116	0.045454545454545456	0.40201465201465203	0.4793269230769231	0.21493965875988347	0.045454545454545456	0.32203907203907206	0.36363636363636365	0.322598403523259
ceb	0.3125	0.22727272727272727	0.5	0.2777777777777778	0.11904761904761904	0.07142857142857142	0.16666666666666666	0.06944444444444445	0.08620689655172414	0.06944444444444445	0.13157894736842105	0.14285714285714285	0.14705882352941177	0.17857142857142858	0.09615384615384616	0.08928571428571429	0.1388888888888889	0.17857142857142858	0.22727272727272727	0.35714285714285715	0.4166666666666667	0.1	0.11904761904761904	0.1388888888888889	0.16666666666666666	0.08064516129032258	0.20833333333333334	0.1	0.19230769230769232	0.19230769230769232	0.09259259259259259	0.1	0.1388888888888889	0.3125	0.11904761904761904
ckb	0.2727272727272727	0.45320855614973266	0.2777777777777778	1.0	0.21428571428571427	0.12857142857142856	0.31785714285714284	0.12803030303030302	0.1621168582375479	0.1290650406504065	0.2612323491655969	0.2222222222222222	0.2864450127877238	0.32142857142857145	0.1808288610614192	0.16071428571428573	0.2664835164835165	0.32142857142857145	0.36666666666666664	0.43236714975845414	0.25	0.205	0.21428571428571427	0.2647058823529412	0.32307692307692304	0.14516129032258066	0.4088983050847458	0.05555555555555555	0.32275132275132273	0.37841191066997515	0.16666666666666666	0.05555555555555555	0.25	0.35	0.22163865546218486
da	0.19047619047619047	0.28252331860579283	0.11904761904761904	0.21428571428571427	1.0	0.3	0.34287317620650953	0.30224867724867727	0.3064516129032258	0.30180180180180183	0.31470588235294117	0.09523809523809523	0.38482280431432975	0.30339105339105343	0.3167550839964633	0.34003115264797507	0.3832243170450173	0.3333333333333333	0.27052545155993435	0.16666666666666666	0.14285714285714285	0.3363539445628998	0.3967391304347826	0.32845744680851063	0.32350096711798837	0.3512096774193548	0.3214285714285714	0.023809523809523808	0.2912457912457912	0.31799838579499595	0.35714285714285715	0.023809523809523808	0.35563858695652173	0.19047619047619047	0.31695156695156695
de	0.1239010989010989	0.17065637065637065	0.07142857142857142	0.12857142857142856	0.3	1.0	0.2300751879699248	0.4278443499549027	0.309009009009009	0.4325494038869835	0.27752613240418117	0.05714285714285714	0.25413533834586466	0.2	0.38340461933276304	0.3915289256198347	0.24368686868686867	0.2	0.1641851106639839	0.11587301587301588	0.08571428571428572	0.3333333333333333	0.2837301587301587	0.24069826707441386	0.23351648351648352	0.4026445800639349	0.17633053221288517	0.014285714285714285	0.18571428571428572	0.18571428571428572	0.36786786786786785	0.014285714285714285	0.2492690058479532	0.11428571428571428	0.28634920634920635
el	0.29666666666666663	0.4482993197278911	0.16666666666666666	0.31785714285714284	0.34287317620650953	0.2300751879699248	1.0	0.2157224958949097	0.2916395575797007	0.21450617283950618	0.38896103896103895	0.13333333333333333	0.37335526315789475	0.4336472602739726	0.3098030018761726	0.29751815980629537	0.456989247311828	0.4223790322580645	0.3498134328358209	0.2492063492063492	0.2	0.32564102564102565	0.3630952380952381	0.4413377192982456	0.42780748663101603	0.27564334903950705	0.4722222222222222	0.03333333333333333	0.4226190476190476	0.3890845070422535	0.2777777777777778	0.03333333333333333	0.38842105263157894	0.26666666666666666	0.380672268907563
en	0.1111111111111111	0.16666666666666669	0.06944444444444445	0.12803030303030302	0.30224867724867727	0.4278443499549027	0.2157224958949097	1.0	0.2995636607742224	0.4807017543859649	0.2745840760546643	0.05555555555555555	0.26424963924963923	0.1999089253187614	0.389520202020202	0.38495415057915056	0.2402782529364808	0.20332018408941485	0.16125235404896424	0.10307017543859649	0.08333333333333333	0.3635265700483092	0.30224867724867727	0.23670647391577626	0.2275641025641026	0.40209176788124157	0.18130081300813009	0.013888888888888888	0.18626984126984128	0.1861421477343265	0.3344722302995057	0.013888888888888888	0.26666666666666666	0.1111111111111111	0.2998998998998999
es	0.15308254963427376	0.22271302365346252	0.08620689655172414	0.1621168582375479	0.3064516129032258	0.309009009009009	0.2916395575797007	0.2995636607742224	1.0	0.2983326443433926	0.27934818756235447	0.06896551724137931	0.31022673594709493	0.2524904214559387	0.3254901960784314	0.32899159663865546	0.31170212765957445	0.22965367965367967	0.20141987829614605	0.13351016799292661	0.10344827586206896	0.32870813397129184	0.321915530428999	0.3085434173669468	0.28879310344827586	0.36173001310615993	0.21117005599764221	0.017241379310344827	0.23633305298570229	0.23576583801122694	0.3235294117647059	0.017241379310344827	0.29432234432234433	0.13793103448275862	0.3085724043715847
fr	0.11534839924670433	0.16706349206349208	0.06944444444444445	0.1290650406504065	0.30180180180180183	0.4325494038869835	0.21450617283950618	0.4807017543859649	0.2983326443433926	1.0	0.2672672672672673	0.05990338164251208	0.25405982905982905	0.19796557120500782	0.38084795321637427	0.37556005203064025	0.2505630630630631	0.19832041343669252	0.15642741281427414	0.10106837606837607	0.08333333333333333	0.3575670498084291	0.29837807606263983	0.2504397889013274	0.22009803921568627	0.3652636671504596	0.1757028112449799	0.013888888888888888	0.18428689883913765	0.18785482562854824	0.34354590856703804	0.013888888888888888	0.2534965034965035	0.1111111111111111	0.28503820275972175
he	0.21052631578947367	0.29457572502685286	0.13157894736842105	0.2612323491655969	0.31470588235294117	0.27752613240418117	0.38896103896103895	0.2745840760546643	0.27934818756235447	0.2672672672672673	1.0	0.10526315789473684	0.3832298136645963	0.3850877192982456	0.3431372549019608	0.34854497354497355	0.4075010535187526	0.3069908814589665	0.2984022556390978	0.19441460794844254	0.15789473684210525	0.3953846153846154	0.3768115942028985	0.45870786516853934	0.360989010989011	0.29407051282051283	0.34590995561192134	0.02631578947368421	0.36133603238866396	0.369377990430622	0.37816764132553604	0.02631578947368421	0.4148506860371267	0.21052631578947367	0.3886734976460814
hi	0.16666666666666666	0.18181818181818182	0.14285714285714285	0.2222222222222222	0.09523809523809523	0.05714285714285714	0.13333333333333333	0.05555555555555555	0.06896551724137931	0.05990338164251208	0.10526315789473684	1.0	0.11764705882352941	0.14285714285714285	0.07692307692307693	0.07142857142857142	0.1111111111111111	0.14285714285714285	0.125	0.2857142857142857	0.125	0.08	0.09523809523809523	0.11930783242258651	0.13333333333333333	0.06451612903225806	0.16666666666666666	0.125	0.10714285714285714	0.15384615384615385	0.07407407407407407	0.125	0.1111111111111111	0.16666666666666666	0.0991140642303433
hu	0.23529411764705882	0.39495798319327735	0.14705882352941177	0.2864450127877238	0.38482280431432975	0.25413533834586466	0.37335526315789475	0.26424963924963923	0.31022673594709493	0.25405982905982905	0.3832298136645963	0.11764705882352941	1.0	0.4087301587301587	0.33495609011072924	0.28523706896551726	0.42628205128205127	0.3257894736842105	0.35750999428897773	0.22088235294117647	0.18796484110885736	0.32051282051282054	0.42272727272727273	0.411231884057971	0.44614079728583544	0.28969742435608903	0.41694117647058826	0.029411764705882353	0.35784313725490197	0.39624183006535946	0.30886243386243384	0.029411764705882353	0.4580896686159844	0.23529411764705882	0.33712121212121215
id	0.2857142857142857	0.45993031358885017	0.17857142857142858	0.32142857142857145	0.30339105339105343	0.2	0.4336472602739726	0.1999089253187614	0.2524904214559387	0.19796557120500782	0.3850877192982456	0.14285714285714285	0.4087301587301587	1.0	0.2794348508634223	0.26485148514851486	0.416926272066459	0.3869047619047619	0.413265306122449	0.2616279069767442	0.21428571428571427	0.2883333333333334	0.3579234972677595	0.4250334672021419	0.5104166666666666	0.23265576668139637	0.461038961038961	0.03571428571428571	0.47492401215805474	0.4740896358543418	0.2686932215234102	0.03571428571428571	0.39781746031746035	0.2857142857142857	0.36734693877551017
it	0.15784615384615386	0.23681936041486604	0.09615384615384616	0.1808288610614192	0.3167550839964633	0.38340461933276304	0.3098030018761726	0.389520202020202	0.3254901960784314	0.38084795321637427	0.3431372549019608	0.07692307692307693	0.33495609011072924	0.2794348508634223	1.0	0.4265957446808511	0.3510842448666283	0.24074074074074073	0.21501068376068375	0.1419683257918552	0.11538461538461539	0.4239593188268685	0.32668469686725266	0.2968874700718276	0.2793742017879949	0.3599744245524297	0.25457875457875456	0.019230769230769232	0.2607913669064748	0.26048951048951047	0.3420138888888889	0.019230769230769232	0.29931972789115646	0.15384615384615385	0.4113186462324393
ja	0.14285714285714285	0.22650375939849623	0.08928571428571429	0.16071428571428573	0.34003115264797507	0.3915289256198347	0.29751815980629537	0.38495415057915056	0.32899159663865546	0.37556005203064025	0.34854497354497355	0.07142857142857142	0.28523706896551726	0.26485148514851486	0.4265957446808511	1.0	0.3227087114337568	0.23537388609066254	0.20673784977908688	0.1361111111111111	0.10714285714285714	0.4231388978407992	0.31666666666666665	0.31600421163464065	0.2451106536284097	0.34285714285714286	0.22209821428571427	0.017857142857142856	0.23740601503759398	0.24760677466863035	0.36432549504950495	0.017857142857142856	0.2864686468646865	0.14285714285714285	0.3871556285349389
ko	0.2279040404040404	0.36946532999164583	0.1388888888888889	0.2664835164835165	0.3832243170450173	0.24368686868686867	0.456989247311828	0.2402782529364808	0.31170212765957445	0.2505630630630631	0.4075010535187526	0.1111111111111111	0.42628205128205127	0.416926272066459	0.3510842448666283	0.3227087114337568	1.0	0.35756918068366794	0.32982740021574974	0.2204861111111111	0.16666666666666666	0.35845460845460847	0.4079153605015674	0.41773049645390076	0.3939684978870534	0.27734375	0.3983739837398374	0.027777777777777776	0.3758169934640523	0.3954248366013072	0.31746031746031744	0.027777777777777776	0.4135135135135135	0.2222222222222222	0.39097329507834916
lv	0.3445378151260504	0.4056776556776557	0.17857142857142858	0.32142857142857145	0.3333333333333333	0.2	0.4223790322580645	0.20332018408941485	0.22965367965367967	0.19832041343669252	0.3069908814589665	0.14285714285714285	0.3257894736842105	0.3869047619047619	0.24074074074074073	0.23537388609066254	0.35756918068366794	1.0	0.3611111111111111	0.26666666666666666	0.21428571428571427	0.25	0.3054545454545455	0.30666666666666664	0.36683006535947715	0.22580645161290322	0.4593406593406593	0.03571428571428571	0.390625	0.42702702702702705	0.23214285714285715	0.03571428571428571	0.32380952380952377	0.2857142857142857	0.30974025974025976
mk	0.4036363636363636	0.5033333333333334	0.22727272727272727	0.36666666666666664	0.27052545155993435	0.1641851106639839	0.3498134328358209	0.16125235404896424	0.20141987829614605	0.15642741281427414	0.2984022556390978	0.125	0.35750999428897773	0.413265306122449	0.21501068376068375	0.20673784977908688	0.32982740021574974	0.3611111111111111	1.0	0.27702702702702703	0.293560606060606	0.22	0.2794486215538847	0.344017094017094	0.38565400843881853	0.18477229601518028	0.4507918552036199	0.045454545454545456	0.434981684981685	0.44529914529914527	0.21412037037037035	0.045454545454545456	0.33616780045351474	0.36363636363636365	0.28604269293924467
ml	0.3333333333333333	0.4051383399209486	0.35714285714285715	0.43236714975845414	0.16666666666666666	0.11587301587301588	0.2492063492063492	0.10307017543859649	0.13351016799292661	0.10106837606837607	0.19441460794844254	0.2857142857142857	0.22088235294117647	0.2616279069767442	0.1419683257918552	0.1361111111111111	0.2204861111111111	0.26666666666666666	0.27702702702702703	1.0	0.3125	0.14	0.18666666666666665	0.19444444444444445	0.2615023474178404	0.1295698924731183	0.31405472636815923	0.07142857142857142	0.22857142857142856	0.2692307692307692	0.12962962962962962	0.07142857142857142	0.2432249322493225	0.3333333333333333	0.1772300469483568
mr	0.375	0.2803030303030303	0.4166666666666667	0.25	0.14285714285714285	0.08571428571428572	0.2	0.08333333333333333	0.10344827586206896	0.08333333333333333	0.15789473684210525	0.125	0.18796484110885736	0.21428571428571427	0.11538461538461539	0.10714285714285714	0.16666666666666666	0.21428571428571427	0.293560606060606	0.3125	1.0	0.12	0.14285714285714285	0.1747311827956989	0.2	0.0967741935483871	0.2590909090909091	0.08333333333333333	0.25457875457875456	0.23076923076923078	0.12962962962962962	0.08333333333333333	0.18333333333333332	0.375	0.14285714285714285
nl	0.16	0.24127659574468086	0.1	0.205	0.3363539445628998	0.3333333333333333	0.32564102564102565	0.3635265700483092	0.32870813397129184	0.3575670498084291	0.3953846153846154	0.08	0.32051282051282054	0.2883333333333334	0.4239593188268685	0.4231388978407992	0.35845460845460847	0.25	0.22	0.14	0.12	1.0	0.35185185185185186	0.3377926421404682	0.28034188034188035	0.3484848484848485	0.25785714285714284	0.02	0.26961538461538465	0.2781818181818182	0.38421052631578945	0.02	0.31296296296296294	0.16	0.3972736124634859
pl	0.2032967032967033	0.3108178053830228	0.11904761904761904	0.21428571428571427	0.3967391304347826	0.2837301587301587	0.3630952380952381	0.30224867724867727	0.321915530428999	0.29837807606263983	0.3768115942028985	0.09523809523809523	0.42272727272727273	0.3579234972677595	0.32668469686725266	0.31666666666666665	0.4079153605015674	0.3054545454545455	0.2794486215538847	0.18666666666666665	0.14285714285714285	0.35185185185185186	1.0	0.39688995215311	0.3734472049689441	0.3125	0.31512605042016806	0.023809523809523808	0.31861471861471863	0.32676518883415434	0.36533957845433257	0.023809523809523808	0.4527649769585253	0.19047619047619047	0.32011466794075494
pt	0.2222222222222222	0.36307767944936087	0.1388888888888889	0.2647058823529412	0.32845744680851063	0.24069826707441386	0.4413377192982456	0.23670647391577626	0.3085434173669468	0.2504397889013274	0.45870786516853934	0.11930783242258651	0.411231884057971	0.4250334672021419	0.2968874700718276	0.31600421163464065	0.41773049645390076	0.30666666666666664	0.344017094017094	0.19444444444444445	0.1747311827956989	0.3377926421404682	0.39688995215311	1.0	0.40896159317211944	0.27034198113207547	0.39158576051779936	0.027777777777777776	0.3870851370851371	0.3731593038821954	0.3214285714285714	0.027777777777777776	0.4056179775280899	0.2222222222222222	0.38454925079832963
ro	0.2747311827956989	0.4407407407407407	0.16666666666666666	0.32307692307692304	0.32350096711798837	0.23351648351648352	0.42780748663101603	0.2275641025641026	0.28879310344827586	0.22009803921568627	0.360989010989011	0.13333333333333333	0.44614079728583544	0.5104166666666666	0.2793742017879949	0.2451106536284097	0.3939684978870534	0.36683006535947715	0.38565400843881853	0.2615023474178404	0.2	0.28034188034188035	0.3734472049689441	0.40896159317211944	1.0	0.272238514173998	0.4594059405940594	0.03333333333333333	0.4530701754385965	0.4722943722943723	0.2777777777777778	0.03333333333333333	0.4598765432098766	0.26666666666666666	0.3678894205209995
ru	0.1392363396971692	0.1865936667653152	0.08064516129032258	0.14516129032258066	0.3512096774193548	0.4026445800639349	0.27564334903950705	0.40209176788124157	0.36173001310615993	0.3652636671504596	0.29407051282051283	0.06451612903225806	0.28969742435608903	0.23265576668139637	0.3599744245524297	0.34285714285714286	0.27734375	0.22580645161290322	0.18477229601518028	0.1295698924731183	0.0967741935483871	0.3484848484848485	0.3125	0.27034198113207547	0.272238514173998	1.0	0.1935483870967742	0.016129032258064516	0.20967741935483872	0.21692379616643293	0.35294117647058826	0.016129032258064516	0.2793236301369863	0.12903225806451613	0.3025846702317291
sh	0.3333333333333333	0.605072463768116	0.20833333333333334	0.4088983050847458	0.3214285714285714	0.17633053221288517	0.4722222222222222	0.18130081300813009	0.21117005599764221	0.1757028112449799	0.34590995561192134	0.16666666666666666	0.41694117647058826	0.461038961038961	0.25457875457875456	0.22209821428571427	0.3983739837398374	0.4593406593406593	0.4507918552036199	0.31405472636815923	0.2590909090909091	0.25785714285714284	0.31512605042016806	0.39158576051779936	0.4594059405940594	0.1935483870967742	1.0	0.041666666666666664	0.4450959488272921	0.5186813186813187	0.2417027417027417	0.041666666666666664	0.3722943722943723	0.3333333333333333	0.33035714285714285
si	0.0625	0.045454545454545456	0.1	0.05555555555555555	0.023809523809523808	0.014285714285714285	0.03333333333333333	0.013888888888888888	0.017241379310344827	0.013888888888888888	0.02631578947368421	0.125	0.029411764705882353	0.03571428571428571	0.019230769230769232	0.017857142857142856	0.027777777777777776	0.03571428571428571	0.045454545454545456	0.07142857142857142	0.08333333333333333	0.02	0.023809523809523808	0.027777777777777776	0.03333333333333333	0.016129032258064516	0.041666666666666664	0.5	0.038461538461538464	0.038461538461538464	0.018518518518518517	0.5	0.027777777777777776	0.0625	0.023809523809523808
simple	0.3294314381270903	0.40201465201465203	0.19230769230769232	0.32275132275132273	0.2912457912457912	0.18571428571428572	0.4226190476190476	0.18626984126984128	0.23633305298570229	0.18428689883913765	0.36133603238866396	0.10714285714285714	0.35784313725490197	0.47492401215805474	0.2607913669064748	0.23740601503759398	0.3758169934640523	0.390625	0.434981684981685	0.22857142857142856	0.25457875457875456	0.26961538461538465	0.31861471861471863	0.3870851370851371	0.4530701754385965	0.20967741935483872	0.4450959488272921	0.038461538461538464	1.0	0.47857142857142854	0.24074074074074073	0.038461538461538464	0.3715277777777778	0.3076923076923077	0.3305028305028305
sr	0.3076923076923077	0.4793269230769231	0.19230769230769232	0.37841191066997515	0.31799838579499595	0.18571428571428572	0.3890845070422535	0.1861421477343265	0.23576583801122694	0.18785482562854824	0.369377990430622	0.15384615384615385	0.39624183006535946	0.4740896358543418	0.26048951048951047	0.24760677466863035	0.3954248366013072	0.42702702702702705	0.44529914529914527	0.2692307692307692	0.23076923076923078	0.2781818181818182	0.32676518883415434	0.3731593038821954	0.4722943722943723	0.21692379616643293	0.5186813186813187	0.038461538461538464	0.47857142857142854	1.0	0.24074074074074073	0.038461538461538464	0.380718954248366	0.3076923076923077	0.33349641226353555
sv	0.14814814814814814	0.21493965875988347	0.09259259259259259	0.16666666666666666	0.35714285714285715	0.36786786786786785	0.2777777777777778	0.3344722302995057	0.3235294117647059	0.34354590856703804	0.37816764132553604	0.07407407407407407	0.30886243386243384	0.2686932215234102	0.3420138888888889	0.36432549504950495	0.31746031746031744	0.23214285714285715	0.21412037037037035	0.12962962962962962	0.12962962962962962	0.38421052631578945	0.36533957845433257	0.3214285714285714	0.2777777777777778	0.35294117647058826	0.2417027417027417	0.018518518518518517	0.24074074074074073	0.24074074074074073	1.0	0.018518518518518517	0.3128306878306878	0.14814814814814814	0.3374546279491833
te	0.0625	0.045454545454545456	0.1	0.05555555555555555	0.023809523809523808	0.014285714285714285	0.03333333333333333	0.013888888888888888	0.017241379310344827	0.013888888888888888	0.02631578947368421	0.125	0.029411764705882353	0.03571428571428571	0.019230769230769232	0.017857142857142856	0.027777777777777776	0.03571428571428571	0.045454545454545456	0.07142857142857142	0.08333333333333333	0.02	0.023809523809523808	0.027777777777777776	0.03333333333333333	0.016129032258064516	0.041666666666666664	0.5	0.038461538461538464	0.038461538461538464	0.018518518518518517	0.5	0.027777777777777776	0.0625	0.023809523809523808
vi	0.2544802867383512	0.32203907203907206	0.1388888888888889	0.25	0.35563858695652173	0.2492690058479532	0.38842105263157894	0.26666666666666666	0.29432234432234433	0.2534965034965035	0.4148506860371267	0.1111111111111111	0.4580896686159844	0.39781746031746035	0.29931972789115646	0.2864686468646865	0.4135135135135135	0.32380952380952377	0.33616780045351474	0.2432249322493225	0.18333333333333332	0.31296296296296294	0.4527649769585253	0.4056179775280899	0.4598765432098766	0.2793236301369863	0.3722943722943723	0.027777777777777776	0.3715277777777778	0.380718954248366	0.3128306878306878	0.027777777777777776	1.0	0.2222222222222222	0.32883986928104575
war	0.3888888888888889	0.36363636363636365	0.3125	0.35	0.19047619047619047	0.11428571428571428	0.26666666666666666	0.1111111111111111	0.13793103448275862	0.1111111111111111	0.21052631578947367	0.16666666666666666	0.23529411764705882	0.2857142857142857	0.15384615384615385	0.14285714285714285	0.2222222222222222	0.2857142857142857	0.36363636363636365	0.3333333333333333	0.375	0.16	0.19047619047619047	0.2222222222222222	0.26666666666666666	0.12903225806451613	0.3333333333333333	0.0625	0.3076923076923077	0.3076923076923077	0.14814814814814814	0.0625	0.2222222222222222	0.5	0.19047619047619047
zh	0.19047619047619047	0.322598403523259	0.11904761904761904	0.22163865546218486	0.31695156695156695	0.28634920634920635	0.380672268907563	0.2998998998998999	0.3085724043715847	0.28503820275972175	0.3886734976460814	0.0991140642303433	0.33712121212121215	0.36734693877551017	0.4113186462324393	0.3871556285349389	0.39097329507834916	0.30974025974025976	0.28604269293924467	0.1772300469483568	0.14285714285714285	0.3972736124634859	0.32011466794075494	0.38454925079832963	0.3678894205209995	0.3025846702317291	0.33035714285714285	0.023809523809523808	0.3305028305028305	0.33349641226353555	0.3374546279491833	0.023809523809523808	0.32883986928104575	0.19047619047619047	1.0
