arz	bs	ceb	ckb	da	de	el	en	es	fr	he	hi	hu	id	it	ja	ko	lv	mk	ml	mr	nl	pl	pt	ro	ru	sh	si	simple	sr	sv	te	vi	war	zh
arz	1.0	0.15014903049096304	0.5	0.2756456844964814	0.2474401533514073	0.3164309725825328	0.17570477786436003	0.17474831567386248	0.2506338511248105	0.26624372350872155	0.28254692098088074	1.0	0.1511307229663749	0.18390276735596975	0.19466792042348705	0.2791745113185196	0.1772228842562714	0.32037724101704074	0.21239994067041815	0.21712927295533244	0.38742588672279304	0.3721897513507093	0.28436465220442186	0.24322352842154277	0.20038222213363904	0.3333333333333333	0.15866014906346673	1.0	0.21286087542304075	0.2402530733520421	0.3333333333333333	1.0	0.22374244310551406	0.44948974278317805	0.17817599342821822
bs	0.15014903049096304	1.0	0.22646721143623746	0.16222762658466108	0.12632857640559272	0.12054285941883294	0.18781436921503403	0.1492158327194991	0.12652848459166696	0.12489391420308821	0.14179248149520707	0.3483314773547883	0.3471894656847688	0.174763364104096	0.25325107379292566	0.14164454272376356	0.32934489797923283	0.12021300062372872	0.20608666756305805	0.3111228405618305	0.19160519790816002	0.1175172359923324	0.12081883481388139	0.15281270386854234	0.2579934370037939	0.1189727714557035	0.35741662346903696	1.0	0.14041765800055792	0.14281152862511606	0.1175172359923324	1.0	0.14009206622877235	0.1437155838813476	0.33595011893893045
ceb	0.5	0.22646721143623746	1.0	0.3483314773547883	0.35388936786452296	0.585786437626905	0.39564392373896007	0.30383243470068705	0.585786437626905	0.4364916731037085	0.39564392373896007	1.0	0.27429188517743175	1.0	0.585786437626905	0.5	0.2791745113185196	0.5	0.2674788903885893	0.30216947925196225	0.5	0.585786437626905	0.39564392373896007	0.4364916731037085	0.36602540378443865	0.4364916731037085	0.3266316347104093	1.0	0.5	0.3090169943749474	0.585786437626905	1.0	0.5	1.0	0.36602540378443865
ckb	0.2756456844964814	0.16222762658466108	0.3483314773547883	1.0	0.19255304786117494	0.21165109242685928	0.170385532760658	0.1851618975430474	0.19659384857036838	0.20913045457728024	0.18102524803731646	0.5	0.14922892139033644	0.19083030770604242	0.17505954298300436	0.22427279141430648	0.14815067134475166	0.19611776617771984	0.17463608913767975	0.18976972275494655	0.3559014480978032	0.20518280581135237	0.21215428824870583	0.17579649904292557	0.16081512900752853	0.19643896536682112	0.15120844085618698	1.0	0.21149382763267055	0.17770604873089238	0.21143310301778112	1.0	0.21665109411996872	0.23497542908541053	0.1497433215959768
da	0.2474401533514073	0.12632857640559272	0.35388936786452296	0.19255304786117494	1.0	0.09004920118610069	0.09825088895109108	0.0699594742598218	0.09001478209982197	0.0857903707710781	0.1153040230377156	0.5	0.08828429403371145	0.11074374172198752	0.08869202397220152	0.08663814638595518	0.08838093765970823	0.13848810554249705	0.14178971203820792	0.18624825115528387	0.3259804096326177	0.09840722059265389	0.10626120698705463	0.0884572948070332	0.09686999563016867	0.08395434047509881	0.10637408629700726	1.0	0.14716376008801801	0.11352497703469593	0.0899167161115649	1.0	0.09248829989244033	0.2857142857142857	0.09615451259323714
de	0.3164309725825328	0.12054285941883294	0.585786437626905	0.21165109242685928	0.09004920118610069	1.0	0.08900983387743934	0.04741271124364808	0.07364751682997689	0.04600880193960988	0.08216226140124147	0.5	0.08067632470458523	0.10134024089345166	0.05668557352414889	0.056644403477284264	0.07404767958841961	0.16389424845156647	0.1259846773278466	0.17672189113334216	0.44948974278317805	0.08689391541625582	0.10414379130570878	0.07595407473549391	0.08802870282720049	0.06348182866627616	0.10131178288975912	1.0	0.1483034806603408	0.10494638120507074	0.1131336903168221	1.0	0.08640047048195093	0.5	0.0680995643627057
el	0.17570477786436003	0.18781436921503403	0.39564392373896007	0.170385532760658	0.09825088895109108	0.08900983387743934	1.0	0.11619125418146299	0.10643267237694282	0.09896404685189687	0.11281881457041117	0.40453726661826384	0.19268024542969955	0.12914653125068729	0.17429662769812246	0.12620220202138235	0.20669316248349373	0.11001500981089009	0.16116342838734854	0.21206448042227216	0.23874775399470888	0.08988896632529218	0.09078475680071568	0.19135338082717512	0.19959408207479054	0.09042403010837102	0.1803999311563931	1.0	0.1230589085281346	0.15027738388558257	0.08786591900389325	1.0	0.12106069475890714	0.1540257948946752	0.2055136616461041
en	0.17474831567386248	0.1492158327194991	0.30383243470068705	0.1851618975430474	0.0699594742598218	0.04741271124364808	0.11619125418146299	1.0	0.0739245287729608	0.08685988982373048	0.08742709461353305	0.40453726661826384	0.17074653963375347	0.12960189993694354	0.09866208674229662	0.08054290197018413	0.1006095891336646	0.12485601823823826	0.13433597953656465	0.2148661369027113	0.2398676915847966	0.055767363789028815	0.07117076246708419	0.09970530992525375	0.13585290649811677	0.05133601792910644	0.11912106255325948	1.0	0.12755874084382163	0.11214783612865184	0.05250693401878795	1.0	0.09814653710134928	0.19013419193125958	0.10932188772818917
es	0.2506338511248105	0.12652848459166696	0.585786437626905	0.19659384857036838	0.09001478209982197	0.07364751682997689	0.10643267237694282	0.0739245287729608	1.0	0.0677259877761517	0.10000562565801197	0.585786437626905	0.08662425045512612	0.10244779417759607	0.069879795789092	0.06903888471758846	0.08408301413128698	0.15726242042260294	0.12388705515174625	0.17897851212683177	0.4038740830864499	0.08183640209670225	0.09330777822791936	0.08488973207870805	0.08735948842890238	0.06061730534501333	0.10585137776273433	1.0	0.15422763086606062	0.10365384718233071	0.08570132349724467	1.0	0.10180032647307893	0.39564392373896007	0.07998086768827463
fr	0.26624372350872155	0.12489391420308821	0.4364916731037085	0.20913045457728024	0.0857903707710781	0.04600880193960988	0.09896404685189687	0.08685988982373048	0.0677259877761517	1.0	0.08293516253843432	0.585786437626905	0.08337914136302108	0.09822625723005342	0.1064898601161307	0.08864292805286661	0.08100850358198715	0.14348396372898628	0.12568473978501524	0.1792753650974503	0.4038740830864499	0.059628661560093915	0.080267884501482	0.08130584575193633	0.08716829735574896	0.05231816232917926	0.1050059804900788	1.0	0.14561902037849908	0.10596290546862656	0.055527774598350725	1.0	0.08953199396527456	0.3090169943749474	0.11066632540942087
he	0.28254692098088074	0.14179248149520707	0.39564392373896007	0.18102524803731646	0.1153040230377156	0.08216226140124147	0.11281881457041117	0.08742709461353305	0.10000562565801197	0.08293516253843432	1.0	0.44948974278317805	0.10577987752614305	0.10792231279199732	0.08821769199022757	0.08517742167334012	0.09430416670290807	0.14959526965876394	0.1312158557205729	0.18779739060507536	0.3244997998398398	0.08630074518970714	0.11062235730293557	0.09045361750949371	0.11242164535017897	0.10392817734703697	0.12493406910507328	1.0	0.14127899430319732	0.11437064912136445	0.08332923450307672	1.0	0.11696326628927145	0.28436465220442186	0.09872711182561124
hi	1.0	0.3483314773547883	1.0	0.5	0.5	0.5	0.40453726661826384	0.40453726661826384	0.585786437626905	0.585786437626905	0.44948974278317805	1.0	0.3726822671238253	0.5	0.5	0.5	0.3751064786605054	0.5	1.0	0.3534797987848214	1.0	0.5	0.5	0.40453726661826384	0.36602540378443865	0.585786437626905	0.2708131845707603	1.0	0.585786437626905	0.3483314773547883	0.5	1.0	0.5	1.0	1.0
hu	0.1511307229663749	0.3471894656847688	0.27429188517743175	0.14922892139033644	0.08828429403371145	0.08067632470458523	0.19268024542969955	0.17074653963375347	0.08662425045512612	0.08337914136302108	0.10577987752614305	0.3726822671238253	1.0	0.15741942159995662	0.28454611105069166	0.11326531370753469	0.30402977840539386	0.11281818860211255	0.18455040988513768	0.31585813333972923	0.18910451768332642	0.08558749683165891	0.08770252808185071	0.3072447778383419	0.3175290011964075	0.07826971080737073	0.3410731422023578	1.0	0.11810324136023355	0.20416540852742618	0.08293689641572677	1.0	0.12008902598261857	0.14750843551604803	0.22040223963301125
id	0.18390276735596975	0.174763364104096	1.0	0.19083030770604242	0.11074374172198752	0.10134024089345166	0.12914653125068729	0.12960189993694354	0.10244779417759607	0.09822625723005342	0.10792231279199732	0.5	0.15741942159995662	1.0	0.14542006364850185	0.111311133120954	0.14883977681433935	0.11332842915230322	0.1345980989888268	0.18328088853866392	0.3797958971132712	0.09648430145078497	0.09792519093806668	0.1360325334470547	0.14737570550268345	0.1008666475010445	0.1446203019738338	1.0	0.13858409885437278	0.13204192620705385	0.0971605450928976	1.0	0.10242419234460498	0.28989794855663564	0.14838579471245578
it	0.19466792042348705	0.25325107379292566	0.585786437626905	0.17505954298300436	0.08869202397220152	0.05668557352414889	0.17429662769812246	0.09866208674229662	0.069879795789092	0.1064898601161307	0.08821769199022757	0.5	0.28454611105069166	0.14542006364850185	1.0	0.08652698298732656	0.2822465170375574	0.09747866761050483	0.15645114068738472	0.19543803923747988	0.4142135623730951	0.05876816173930426	0.07630316559243454	0.2910727891451095	0.3095131018333249	0.06127391239884721	0.3538797843539427	1.0	0.11337232132741071	0.20056745034670156	0.0611056318049504	1.0	0.10942203440503029	0.2857142857142857	0.18027010133290317
ja	0.2791745113185196	0.14164454272376356	0.5	0.22427279141430648	0.08663814638595518	0.056644403477284264	0.12620220202138235	0.08054290197018413	0.06903888471758846	0.08864292805286661	0.08517742167334012	0.5	0.11326531370753469	0.111311133120954	0.08652698298732656	1.0	0.1228568783209921	0.10888541266860605	0.12389023937198985	0.18637078412165972	0.5	0.06381785155795124	0.07859084363256691	0.08379954964920601	0.10571054618474447	0.061706274269141645	0.12317224207009683	1.0	0.13902684137517257	0.11372766662202757	0.06574484333999085	1.0	0.09779622304237269	0.4142135623730951	0.0921427945210587
ko	0.1772228842562714	0.32934489797923283	0.2791745113185196	0.14815067134475166	0.08838093765970823	0.07404767958841961	0.20669316248349373	0.1006095891336646	0.08408301413128698	0.08100850358198715	0.09430416670290807	0.3751064786605054	0.30402977840539386	0.14883977681433935	0.2822465170375574	0.1228568783209921	1.0	0.09808786442495665	0.18536496928074644	0.29716300013601954	0.24233374525730356	0.07332504573871702	0.07851341090133591	0.33112584871043543	0.32726820664960937	0.07495594668824909	0.35499721625610287	1.0	0.1075826841768419	0.1807285368489146	0.07251849641915976	1.0	0.10896664335576749	0.14956087350246788	0.32487618748842906
lv	0.32037724101704074	0.12021300062372872	0.5	0.19611776617771984	0.13848810554249705	0.16389424845156647	0.11001500981089009	0.12485601823823826	0.15726242042260294	0.14348396372898628	0.14959526965876394	0.5	0.11281818860211255	0.11332842915230322	0.09747866761050483	0.10888541266860605	0.09808786442495665	1.0	0.13814247596484747	0.17345943962011218	0.4142135623730951	0.18123632922557806	0.1820187023739187	0.11226443757237106	0.11164890116382808	0.17428692716093866	0.10502668666509919	1.0	0.16300500094408196	0.11711747183344379	0.17731968524741584	1.0	0.1735103481004857	0.2989350844248255	0.10307297819387246
mk	0.21239994067041815	0.20608666756305805	0.2674788903885893	0.17463608913767975	0.14178971203820792	0.1259846773278466	0.16116342838734854	0.13433597953656465	0.12388705515174625	0.12568473978501524	0.1312158557205729	1.0	0.18455040988513768	0.1345980989888268	0.15645114068738472	0.12389023937198985	0.18536496928074644	0.13814247596484747	1.0	0.26424581715154377	0.2553967929896867	0.12400501993560507	0.1274159484571336	0.1720733524143019	0.16846141505825415	0.1254342486636011	0.1902256302853535	1.0	0.12995030782101477	0.13759191347992597	0.12404402075061935	1.0	0.13681263202592822	0.18464218557642828	0.16931313741020937
ml	0.21712927295533244	0.3111228405618305	0.30216947925196225	0.18976972275494655	0.18624825115528387	0.17672189113334216	0.21206448042227216	0.2148661369027113	0.17897851212683177	0.1792753650974503	0.18779739060507536	0.3534797987848214	0.31585813333972923	0.18328088853866392	0.19543803923747988	0.18637078412165972	0.29716300013601954	0.17345943962011218	0.26424581715154377	1.0	0.28436465220442186	0.17615677123795695	0.17931368929346858	0.19190081457774988	0.19350288525961545	0.17253234799114248	0.2403233860870484	1.0	0.2397935488646824	0.20232599671724188	0.1796733327084954	1.0	0.1879511560678941	0.2240092377397959	0.23149047965592454
mr	0.38742588672279304	0.19160519790816002	0.5	0.3559014480978032	0.3259804096326177	0.44948974278317805	0.23874775399470888	0.2398676915847966	0.4038740830864499	0.4038740830864499	0.3244997998398398	1.0	0.18910451768332642	0.3797958971132712	0.4142135623730951	0.5	0.24233374525730356	0.4142135623730951	0.2553967929896867	0.28436465220442186	1.0	0.4142135623730951	0.35934098915336427	0.32037724101704074	0.3021694792519622	0.3797958971132712	0.20991366558572697	1.0	0.28989794855663564	0.27792629762666365	0.44948974278317805	1.0	0.4142135623730951	0.5	0.2708131845707603
nl	0.3721897513507093	0.1175172359923324	0.585786437626905	0.20518280581135237	0.09840722059265389	0.08689391541625582	0.08988896632529218	0.055767363789028815	0.08183640209670225	0.059628661560093915	0.08630074518970714	0.5	0.08558749683165891	0.09648430145078497	0.05876816173930426	0.06381785155795124	0.07332504573871702	0.18123632922557806	0.12400501993560507	0.17615677123795695	0.4142135623730951	1.0	0.10208116258141359	0.07763355535588493	0.09116340309067916	0.07516096378604052	0.09960122681163416	1.0	0.15934682357151905	0.10257532765760685	0.10871605719690983	1.0	0.09485258928386092	0.5	0.06821544640670649
pl	0.28436465220442186	0.12081883481388139	0.39564392373896007	0.21215428824870583	0.10626120698705463	0.10414379130570878	0.09078475680071568	0.07117076246708419	0.09330777822791936	0.080267884501482	0.11062235730293557	0.5	0.08770252808185071	0.09792519093806668	0.07630316559243454	0.07859084363256691	0.07851341090133591	0.1820187023739187	0.1274159484571336	0.17931368929346858	0.35934098915336427	0.10208116258141359	1.0	0.07961341222661146	0.08721572179514703	0.1084692310749649	0.10206442582618092	1.0	0.13667347767201357	0.10473542159653987	0.11048224565699341	1.0	0.0925078761404399	0.32449979983983984	0.08258202093159778
pt	0.24322352842154277	0.15281270386854234	0.4364916731037085	0.17579649904292557	0.0884572948070332	0.07595407473549391	0.19135338082717512	0.09970530992525375	0.08488973207870805	0.08130584575193633	0.09045361750949371	0.40453726661826384	0.3072447778383419	0.1360325334470547	0.2910727891451095	0.08379954964920601	0.33112584871043543	0.11226443757237106	0.1720733524143019	0.19190081457774988	0.32037724101704074	0.07763355535588493	0.07961341222661146	1.0	0.22520893864867178	0.07593297896575887	0.19747914651859727	1.0	0.10864708207657663	0.17103028562775424	0.07389916310996	1.0	0.10973646056586096	0.2857142857142857	0.3011323979480405
ro	0.20038222213363904	0.2579934370037939	0.36602540378443865	0.16081512900752853	0.09686999563016867	0.08802870282720049	0.19959408207479054	0.13585290649811677	0.08735948842890238	0.08716829735574896	0.11242164535017897	0.36602540378443865	0.3175290011964075	0.14737570550268345	0.3095131018333249	0.10571054618474447	0.32726820664960937	0.11164890116382808	0.16846141505825415	0.19350288525961545	0.3021694792519622	0.09116340309067916	0.08721572179514703	0.22520893864867178	1.0	0.08629755871213145	0.34964567352835785	1.0	0.1110646112729284	0.1930583062026116	0.08501472772998454	1.0	0.09509342985538156	0.17011071785351697	0.3303654209514447
ru	0.3333333333333333	0.1189727714557035	0.4364916731037085	0.19643896536682112	0.08395434047509881	0.06348182866627616	0.09042403010837102	0.05133601792910644	0.06061730534501333	0.05231816232917926	0.10392817734703697	0.585786437626905	0.07826971080737073	0.1008666475010445	0.06127391239884721	0.061706274269141645	0.07495594668824909	0.17428692716093866	0.1254342486636011	0.17253234799114248	0.3797958971132712	0.07516096378604052	0.1084692310749649	0.07593297896575887	0.08629755871213145	1.0	0.0999458542026046	1.0	0.1518015443010631	0.10331530114654792	0.0907860777409515	1.0	0.09263281719161043	0.4364916731037085	0.08456502747638328
sh	0.15866014906346673	0.35741662346903696	0.3266316347104093	0.15120844085618698	0.10637408629700726	0.10131178288975912	0.1803999311563931	0.11912106255325948	0.10585137776273433	0.1050059804900788	0.12493406910507328	0.2708131845707603	0.3410731422023578	0.1446203019738338	0.3538797843539427	0.12317224207009683	0.35499721625610287	0.10502668666509919	0.1902256302853535	0.2403233860870484	0.20991366558572697	0.09960122681163416	0.10206442582618092	0.19747914651859727	0.34964567352835785	0.0999458542026046	1.0	1.0	0.12394333384988182	0.19450331321662756	0.1016921868950167	1.0	0.11398563129017172	0.1482675827043134	0.34341546424480296
si	1.0	1.0	1.0	1.0	1.0	1.0	1.0	1.0	1.0	1.0	1.0	1.0	1.0	1.0	1.0	1.0	1.0	1.0	1.0	1.0	1.0	1.0	1.0	1.0	1.0	1.0	1.0	1.0	1.0	1.0	1.0	1.0	1.0	1.0	1.0
simple	0.21286087542304075	0.14041765800055792	0.5	0.21149382763267055	0.14716376008801801	0.1483034806603408	0.1230589085281346	0.12755874084382163	0.15422763086606062	0.14561902037849908	0.14127899430319732	0.585786437626905	0.11810324136023355	0.13858409885437278	0.11337232132741071	0.13902684137517257	0.1075826841768419	0.16300500094408196	0.12995030782101477	0.2397935488646824	0.28989794855663564	0.15934682357151905	0.13667347767201357	0.10864708207657663	0.1110646112729284	0.1518015443010631	0.12394333384988182	1.0	1.0	0.11349354671158475	0.15073805125573284	1.0	0.13966595913495533	0.23845042223198504	0.10533867930394497
sr	0.2402530733520421	0.14281152862511606	0.3090169943749474	0.17770604873089238	0.11352497703469593	0.10494638120507074	0.15027738388558257	0.11214783612865184	0.10365384718233071	0.10596290546862656	0.11437064912136445	0.3483314773547883	0.20416540852742618	0.13204192620705385	0.20056745034670156	0.11372766662202757	0.1807285368489146	0.11711747183344379	0.13759191347992597	0.20232599671724188	0.27792629762666365	0.10257532765760685	0.10473542159653987	0.17103028562775424	0.1930583062026116	0.10331530114654792	0.19450331321662756	1.0	0.11349354671158475	1.0	0.10568516827112107	1.0	0.11367897838910947	0.26427884169111276	0.18474889114196305
sv	0.3333333333333333	0.1175172359923324	0.585786437626905	0.21143310301778112	0.0899167161115649	0.1131336903168221	0.08786591900389325	0.05250693401878795	0.08570132349724467	0.055527774598350725	0.08332923450307672	0.5	0.08293689641572677	0.0971605450928976	0.0611056318049504	0.06574484333999085	0.07251849641915976	0.17731968524741584	0.12404402075061935	0.1796733327084954	0.44948974278317805	0.10871605719690983	0.11048224565699341	0.07389916310996	0.08501472772998454	0.0907860777409515	0.1016921868950167	1.0	0.15073805125573284	0.10568516827112107	1.0	1.0	0.08702595688338213	0.5	0.07076805247154824
te	1.0	1.0	1.0	1.0	1.0	1.0	1.0	1.0	1.0	1.0	1.0	1.0	1.0	1.0	1.0	1.0	1.0	1.0	1.0	1.0	1.0	1.0	1.0	1.0	1.0	1.0	1.0	1.0	1.0	1.0	1.0	1.0	1.0	1.0	1.0
vi	0.22374244310551406	0.14009206622877235	0.5	0.21665109411996872	0.09248829989244033	0.08640047048195093	0.12106069475890714	0.09814653710134928	0.10180032647307893	0.08953199396527456	0.11696326628927145	0.5	0.12008902598261857	0.10242419234460498	0.10942203440503029	0.09779622304237269	0.10896664335576749	0.1735103481004857	0.13681263202592822	0.1879511560678941	0.4142135623730951	0.09485258928386092	0.0925078761404399	0.10973646056586096	0.09509342985538156	0.09263281719161043	0.11398563129017172	1.0	0.13966595913495533	0.11367897838910947	0.08702595688338213	1.0	1.0	0.22901628833426058	0.1024055570185354
war	0.44948974278317805	0.1437155838813476	1.0	0.23497542908541053	0.2857142857142857	0.5	0.1540257948946752	0.19013419193125958	0.39564392373896007	0.3090169943749474	0.28436465220442186	1.0	0.14750843551604803	0.28989794855663564	0.2857142857142857	0.4142135623730951	0.14956087350246788	0.2989350844248255	0.18464218557642828	0.2240092377397959	0.5	0.5	0.32449979983983984	0.2857142857142857	0.17011071785351697	0.4364916731037085	0.1482675827043134	1.0	0.23845042223198504	0.26427884169111276	0.5	1.0	0.22901628833426058	1.0	0.17507960357339145
zh	0.17817599342821822	0.33595011893893045	0.36602540378443865	0.1497433215959768	0.09615451259323714	0.0680995643627057	0.2055136616461041	0.10932188772818917	0.07998086768827463	0.11066632540942087	0.09872711182561124	1.0	0.22040223963301125	0.14838579471245578	0.18027010133290317	0.0921427945210587	0.32487618748842906	0.10307297819387246	0.16931313741020937	0.23149047965592454	0.2708131845707603	0.06821544640670649	0.08258202093159778	0.3011323979480405	0.3303654209514447	0.08456502747638328	0.34341546424480296	1.0	0.10533867930394497	0.18474889114196305	0.07076805247154824	1.0	0.1024055570185354	0.17507960357339145	1.0
