arz	bs	ceb	ckb	da	de	el	en	es	fr	he	hi	hu	id	it	ja	ko	lv	mk	ml	mr	nl	pl	pt	ro	ru	sh	si	simple	sr	sv	te	tr	vi	war	zh
arz	1.0	0.5183673469387755	0.515748031496063	0.699724517906336	0.5182186234817814	0.5164835164835164	0.6967418546365916	0.5135135135135135	0.5164835164835164	0.5140186915887851	0.6991869918699187	0.7005649717514124	0.5166051660516605	0.5163636363636364	0.5179282868525896	0.6974358974358974	0.6936936936936937	0.5183673469387755	0.699724517906336	0.699724517906336	0.699724517906336	0.5182186234817814	0.5175097276264592	0.5175097276264592	0.5177865612648221	0.6974358974358974	0.5183673469387755	0.7407407407407407	0.5179282868525896	0.6991869918699187	0.5151515151515151	0.7030716723549488	0.5263157894736842	0.5175097276264592	0.5183673469387755	0.5171102661596958
bs	0.5183673469387755	1.0	0.9191113833801844	0.6666666666666666	0.9676114735695045	0.8962366444810603	0.656084656084656	0.7829638305050345	0.8773871685372027	0.7980625266751634	0.664804469273743	0.6638176638176638	0.7695992703047092	0.8921048523411172	0.9659888338407774	0.6586021505376344	0.6446078431372549	0.8777367773677738	0.6666666666666666	0.6666666666666666	0.6666666666666666	0.9754240303749684	0.9393678342013694	0.7234768295645534	0.9516241982043969	0.6586021505376344	0.7273115119338247	0.5580524344569289	0.9643094173369889	0.664804469273743	0.8422106270386288	0.6385542168674699	0.5915909988156337	0.9160572466313596	0.666966584189348	0.688318840956588
ceb	0.515748031496063	0.9191113833801844	1.0	0.6575342465753424	0.9199607636676309	0.9092689524516362	0.6596858638743456	0.7915252863840447	0.8883071010304904	0.807195217099414	0.6594005449591281	0.6546961325966851	0.7672104207030169	0.9047108840900149	0.9277872484675227	0.6622340425531914	0.6480582524271845	0.8356274839589879	0.6575342465753424	0.6575342465753424	0.6575342465753424	0.926193724210417	0.9437393920242927	0.7212455302309513	0.9252140337029356	0.6622340425531914	0.7094162067746719	0.5543478260869565	0.9365868902836012	0.6594005449591281	0.8525008965926986	0.6334310850439883	-1.0	0.9188238067688624	0.6578162131255919	0.6925644353791952
ckb	0.699724517906336	0.6666666666666666	0.6575342465753424	1.0	0.6657303370786517	0.6544502617801047	0.9763779527559056	0.6334841628959276	0.6544502617801047	0.6372093023255814	0.99581589958159	0.9936034115138592	0.6552631578947369	0.6536458333333334	0.663888888888889	0.9819639278557114	0.9511754068716095	0.6666666666666666	1.0	1.0	1.0	0.6657303370786517	0.6612021857923497	0.6612021857923497	0.6629834254143646	0.9819639278557114	0.6666666666666666	0.7740259740259741	0.663888888888889	0.99581589958159	0.645320197044335	0.9380530973451326	0.5348837209302326	0.6612021857923497	0.6666666666666666	0.6586021505376344
da	0.5182186234817814	0.9676114735695045	0.9199607636676309	0.6657303370786517	1.0	0.8963206976729458	0.6569920844327176	0.7832183921051689	0.8778583649245685	0.7984322764909639	0.6657381615598886	0.6628895184135978	0.7714033935153305	0.8919955243902753	0.966223055339113	0.6595174262734586	0.6454767726161369	0.8699226080617894	0.6657303370786517	0.6657303370786517	0.6657303370786517	0.9643891152907661	0.9389931902553085	0.7240451040538189	0.9519797559447262	0.6595174262734586	0.7255922385818587	0.5576208178438662	0.964156135399762	0.6657381615598886	0.8421271752253743	0.6396396396396395	0.582089552238806	0.9170935091392827	0.6660318541543556	0.6889246767158002
de	0.5164835164835164	0.8962366444810603	0.9092689524516362	0.6544502617801047	0.8963206976729458	1.0	0.6649746192893401	0.8184429095953863	0.9064706932337264	0.835421488097879	0.65625	0.6517150395778364	0.7833421561186548	0.9165285264064849	0.9039280365138755	0.6590330788804072	0.6563981042654029	0.818514554390731	0.6544502617801047	0.6544502617801047	0.6544502617801047	0.9023313822833939	0.9183378459549457	0.7116582699947257	0.9099071891537514	0.6624040920716113	0.7017427612221224	0.5525423728813559	0.9118162465883233	0.65625	0.8853183763837639	0.6312849162011173	0.5394736842105263	0.8955980509762314	0.6546432737657669	0.6859587644555307
el	0.6967418546365916	0.656084656084656	0.6596858638743456	0.9763779527559056	0.6569920844327176	0.6649746192893401	1.0	0.6431718061674009	0.6649746192893401	0.6470588235294118	0.9803921568627451	0.9702970297029704	0.6624365482233503	0.6624685138539043	0.6570680628272252	0.9865642994241843	0.9734513274336283	0.656084656084656	0.9763779527559056	0.9763779527559056	0.9763779527559056	0.6569920844327176	0.6614583333333334	0.6597402597402597	0.6596858638743456	0.9941972920696325	0.656084656084656	0.7648456057007126	0.6587926509186351	0.9803921568627451	0.6555023923444976	0.9256198347107438	0.5576923076923077	0.6614583333333334	0.656084656084656	0.6606683804627249
en	0.5135135135135135	0.7829638305050345	0.7915252863840447	0.6334841628959276	0.7832183921051689	0.8184429095953863	0.6431718061674009	1.0	0.8032498910810979	0.8675522938214759	0.6351351351351351	0.6309794988610479	0.720826071073482	0.820909148576228	0.7943987177747381	0.6407982261640798	0.6545842217484008	0.7345048722090057	0.6334841628959276	0.6334841628959276	0.6334841628959276	0.7869390944551116	0.7975212202998088	0.6725270301057206	0.7925207918275627	0.6407982261640798	0.6624060686531044	0.543661971830986	0.7934110140311829	0.6351351351351351	0.8441273955634704	0.6124401913875598	0.5450236966824644	0.7834020190007405	0.6336089510930321	0.6581568202523475
es	0.5164835164835164	0.8773871685372027	0.8883071010304904	0.6544502617801047	0.8778583649245685	0.9064706932337264	0.6649746192893401	0.8032498910810979	1.0	0.8190777732879876	0.65625	0.6517150395778364	0.7749195190049808	0.9026079337586567	0.884262396929363	0.6590330788804072	0.6563981042654029	0.8082347530443869	0.6544502617801047	0.6544502617801047	0.6544502617801047	0.8827703032257583	0.8975930966135214	0.7113044043840889	0.8894170201784573	0.6624040920716113	0.701404279346339	0.5525423728813559	0.8917244340837985	0.65625	0.8650537851753578	0.6312849162011173	0.550561797752809	0.8773108627762028	0.6546701080757555	0.6853201552658665
fr	0.5140186915887851	0.7980625266751634	0.807195217099414	0.6372093023255814	0.7984322764909639	0.835421488097879	0.6470588235294118	0.8675522938214759	0.8190777732879876	1.0	0.638888888888889	0.6346604215456675	0.7291365972707631	0.8387010043633419	0.810494927365318	0.6446469248291572	0.6557734204793028	0.7468286114420546	0.6372093023255814	0.6372093023255814	0.6372093023255814	0.8026513035581927	0.8145240713158336	0.6773717238833519	0.808534974496273	0.6446469248291572	0.6689407241206917	0.5451895043731778	0.8094463506296518	0.638888888888889	0.8630028005941722	0.6157635467980295	0.5458937198067633	0.7990211614096523	0.6373430634043893	0.6628647864690846
he	0.6991869918699187	0.664804469273743	0.6594005449591281	0.99581589958159	0.6657381615598886	0.65625	0.9803921568627451	0.6351351351351351	0.65625	0.638888888888889	1.0	0.9894736842105263	0.6570680628272252	0.655440414507772	0.6657458563535912	0.9860279441117764	0.9549549549549549	0.664804469273743	0.99581589958159	0.99581589958159	0.99581589958159	0.663888888888889	0.6630434782608696	0.6630434782608696	0.6648351648351649	0.9860279441117764	0.664804469273743	0.7723785166240409	0.6657458563535912	1.0	0.6470588235294118	0.9427312775330396	0.5555555555555556	0.6630434782608696	0.664804469273743	0.6604278074866311
hi	0.7005649717514124	0.6638176638176638	0.6546961325966851	0.9936034115138592	0.6628895184135978	0.6517150395778364	0.9702970297029704	0.6309794988610479	0.6517150395778364	0.6346604215456675	0.9894736842105263	1.0	0.6525198938992043	0.6509186351706038	0.6610644257703081	0.9758064516129034	0.9454545454545454	0.6638176638176638	0.9936034115138592	0.9936034115138592	0.9936034115138592	0.6628895184135978	0.6584022038567493	0.6584022038567493	0.6601671309192201	0.9758064516129034	0.6638176638176638	0.776595744680851	0.6610644257703081	0.9894736842105263	0.6426799007444168	0.9351230425055929	0.5636363636363636	0.6584022038567493	0.6638176638176638	0.6558265582655826
hu	0.5166051660516605	0.7695992703047092	0.7672104207030169	0.6552631578947369	0.7714033935153305	0.7833421561186548	0.6624365482233503	0.720826071073482	0.7749195190049808	0.7291365972707631	0.6570680628272252	0.6525198938992043	1.0	0.7727390695974174	0.7720769160667091	0.6564885496183206	0.655581947743468	0.7500424842808161	0.6552631578947369	0.6552631578947369	0.6552631578947369	0.7717447595223696	0.7713313152490061	0.7018089599139544	0.7771938606725047	0.659846547314578	0.6948080064005933	0.552901023890785	0.7761145960526737	0.6570680628272252	0.7562037326024832	0.6320224719101124	0.5441176470588236	0.7653070393511169	0.6554976566014469	0.6776966392977843
id	0.5163636363636364	0.8921048523411172	0.9047108840900149	0.6536458333333334	0.8919955243902753	0.9165285264064849	0.6624685138539043	0.820909148576228	0.9026079337586567	0.8387010043633419	0.655440414507772	0.6509186351706038	0.7727390695974174	1.0	0.9086437920090343	0.6598984771573604	0.657210401891253	0.8143033032955227	0.6536458333333334	0.6536458333333334	0.6536458333333334	0.89850391903462	0.9141729221643672	0.7105029967342447	0.9061810429880366	0.6615776081424937	0.6998119616310501	0.5521885521885521	0.9075752960993917	0.655440414507772	0.8887025055093022	0.6305555555555556	0.5795454545454545	0.8907636028513777	0.6538904419347223	0.6864154382404615
it	0.5179282868525896	0.9659888338407774	0.9277872484675227	0.663888888888889	0.966223055339113	0.9039280365138755	0.6570680628272252	0.7943987177747381	0.884262396929363	0.810494927365318	0.6657458563535912	0.6610644257703081	0.7720769160667091	0.9086437920090343	1.0	0.6613333333333333	0.6472019464720196	0.866534815322975	0.663888888888889	0.663888888888889	0.663888888888889	0.9627617200874736	0.9489881498450198	0.723635578744847	0.9610705073901017	0.6595744680851063	0.7214873403589214	0.5567765567765568	0.974384914211719	0.6657458563535912	0.8568418668599267	0.6398809523809524	0.5585214950886592	0.9242917199780661	0.6641665738149644	0.690988483465065
ja	0.6974358974358974	0.6586021505376344	0.6622340425531914	0.9819639278557114	0.6595174262734586	0.6590330788804072	0.9865642994241843	0.6407982261640798	0.6590330788804072	0.6446469248291572	0.9860279441117764	0.9758064516129034	0.6564885496183206	0.6598984771573604	0.6613333333333333	1.0	0.9645390070921985	0.6586021505376344	0.9819639278557114	0.9819639278557114	0.9819639278557114	0.6595174262734586	0.6640211640211641	0.662269129287599	0.6604774535809019	0.9921875	0.6586021505376344	0.7669902912621359	0.6613333333333333	0.9860279441117764	0.6514423076923077	0.9305263157894738	0.5700934579439253	0.6640211640211641	0.6586021505376344	0.6666666666666666
ko	0.6936936936936937	0.6446078431372549	0.6480582524271845	0.9511754068716095	0.6454767726161369	0.6563981042654029	0.9734513274336283	0.6545842217484008	0.6563981042654029	0.6557734204793028	0.9549549549549549	0.9454545454545454	0.655581947743468	0.657210401891253	0.6472019464720196	0.9645390070921985	1.0	0.6446078431372549	0.9511754068716095	0.9511754068716095	0.9511754068716095	0.6454767726161369	0.6497584541062803	0.6497584541062803	0.6480582524271845	0.9679715302491102	0.6446078431372549	0.7553648068669528	0.6472019464720196	0.9549549549549549	0.6613272311212816	0.9035916824196597	0.5797101449275363	0.6497584541062803	0.6446078431372549	0.6507177033492824
lv	0.5183673469387755	0.8777367773677738	0.8356274839589879	0.6666666666666666	0.8699226080617894	0.818514554390731	0.656084656084656	0.7345048722090057	0.8082347530443869	0.7468286114420546	0.664804469273743	0.6638176638176638	0.7500424842808161	0.8143033032955227	0.866534815322975	0.6586021505376344	0.6446078431372549	1.0	0.6666666666666666	0.6666666666666666	0.6666666666666666	0.874686116002981	0.8484637842783214	0.7171400370352461	0.8583514493578761	0.6586021505376344	0.7214768702372009	0.5580524344569289	0.8653784719018254	0.664804469273743	0.7794815956197819	0.6385542168674699	0.5614035087719298	0.8394089332745809	0.666886679592426	0.685289416511719
mk	0.699724517906336	0.6666666666666666	0.6575342465753424	1.0	0.6657303370786517	0.6544502617801047	0.9763779527559056	0.6334841628959276	0.6544502617801047	0.6372093023255814	0.99581589958159	0.9936034115138592	0.6552631578947369	0.6536458333333334	0.663888888888889	0.9819639278557114	0.9511754068716095	0.6666666666666666	1.0	1.0	1.0	0.6657303370786517	0.6612021857923497	0.6612021857923497	0.6629834254143646	0.9819639278557114	0.6666666666666666	0.7740259740259741	0.663888888888889	0.99581589958159	0.645320197044335	0.9380530973451326	0.5535714285714286	0.6612021857923497	0.6666666666666666	0.6586021505376344
ml	0.699724517906336	0.6666666666666666	0.6575342465753424	1.0	0.6657303370786517	0.6544502617801047	0.9763779527559056	0.6334841628959276	0.6544502617801047	0.6372093023255814	0.99581589958159	0.9936034115138592	0.6552631578947369	0.6536458333333334	0.663888888888889	0.9819639278557114	0.9511754068716095	0.6666666666666666	1.0	1.0	1.0	0.6657303370786517	0.6612021857923497	0.6612021857923497	0.6629834254143646	0.9819639278557114	0.6666666666666666	0.7740259740259741	0.663888888888889	0.99581589958159	0.645320197044335	0.9380530973451326	0.5737704918032787	0.6612021857923497	0.6666666666666666	0.6586021505376344
mr	0.699724517906336	0.6666666666666666	0.6575342465753424	1.0	0.6657303370786517	0.6544502617801047	0.9763779527559056	0.6334841628959276	0.6544502617801047	0.6372093023255814	0.99581589958159	0.9936034115138592	0.6552631578947369	0.6536458333333334	0.663888888888889	0.9819639278557114	0.9511754068716095	0.6666666666666666	1.0	1.0	1.0	0.6657303370786517	0.6612021857923497	0.6612021857923497	0.6629834254143646	0.9819639278557114	0.6666666666666666	0.7740259740259741	0.663888888888889	0.99581589958159	0.645320197044335	0.9380530973451326	0.5238095238095238	0.6612021857923497	0.6666666666666666	0.6586021505376344
nl	0.5182186234817814	0.9754240303749684	0.926193724210417	0.6657303370786517	0.9643891152907661	0.9023313822833939	0.6569920844327176	0.7869390944551116	0.8827703032257583	0.8026513035581927	0.663888888888889	0.6628895184135978	0.7717447595223696	0.89850391903462	0.9627617200874736	0.6595174262734586	0.6454767726161369	0.874686116002981	0.6657303370786517	0.6657303370786517	0.6657303370786517	1.0	0.9468068633625772	0.7247745283513561	0.9592828080981093	0.6595174262734586	0.7255505100862278	0.5576208178438662	0.960845044445102	0.663888888888889	0.8473405761002097	0.6377245508982036	0.5314905607032244	0.9224328197343279	0.6660215093891607	0.6892632495613266
pl	0.5175097276264592	0.9393678342013694	0.9437393920242927	0.6612021857923497	0.9389931902553085	0.9183378459549457	0.6614583333333334	0.7975212202998088	0.8975930966135214	0.8145240713158336	0.6630434782608696	0.6584022038567493	0.7713313152490061	0.9141729221643672	0.9489881498450198	0.6640211640211641	0.6497584541062803	0.8484637842783214	0.6612021857923497	0.6612021857923497	0.6612021857923497	0.9468068633625772	1.0	0.7240252067743206	0.9455582185229926	0.6640211640211641	0.7154610983844466	0.5555555555555556	0.9477811086599991	0.6630434782608696	0.8609116781773819	0.6374269005847952	0.5428571428571428	0.9286101155385574	0.6614473889372664	0.6941243068906258
pt	0.5175097276264592	0.7234768295645534	0.7212455302309513	0.6612021857923497	0.7240451040538189	0.7116582699947257	0.6597402597402597	0.6725270301057206	0.7113044043840889	0.6773717238833519	0.6630434782608696	0.6584022038567493	0.7018089599139544	0.7105029967342447	0.723635578744847	0.662269129287599	0.6497584541062803	0.7171400370352461	0.6612021857923497	0.6612021857923497	0.6612021857923497	0.7247745283513561	0.7240252067743206	1.0	0.7244477117351089	0.662269129287599	0.6932121634871645	0.5555555555555556	0.7269842929266257	0.6630434782608696	0.6933882355669396	0.6374269005847952	0.5542857142857143	0.7257557270206917	0.661573995543235	0.6816896340356859
ro	0.5177865612648221	0.9516241982043969	0.9252140337029356	0.6629834254143646	0.9519797559447262	0.9099071891537514	0.6596858638743456	0.7925207918275627	0.8894170201784573	0.808534974496273	0.6648351648351649	0.6601671309192201	0.7771938606725047	0.9061810429880366	0.9610705073901017	0.6604774535809019	0.6480582524271845	0.8583514493578761	0.6629834254143646	0.6629834254143646	0.6629834254143646	0.9592828080981093	0.9455582185229926	0.7244477117351089	1.0	0.6622340425531914	0.7189701129077963	0.5563636363636364	0.9594233457669218	0.6648351648351649	0.8536905134586885	0.6390532544378698	0.5483870967741935	0.9202849275282823	0.663204519820665	0.6900861582563128
ru	0.6974358974358974	0.6586021505376344	0.6622340425531914	0.9819639278557114	0.6595174262734586	0.6624040920716113	0.9941972920696325	0.6407982261640798	0.6624040920716113	0.6446469248291572	0.9860279441117764	0.9758064516129034	0.659846547314578	0.6615776081424937	0.6595744680851063	0.9921875	0.9679715302491102	0.6586021505376344	0.9819639278557114	0.9819639278557114	0.9819639278557114	0.6595174262734586	0.6640211640211641	0.662269129287599	0.6622340425531914	1.0	0.6586021505376344	0.7669902912621359	0.6613333333333333	0.9860279441117764	0.6530120481927711	0.9305263157894738	0.5549132947976879	0.6640211640211641	0.6586021505376344	0.6631853785900783
sh	0.5183673469387755	0.7273115119338247	0.7094162067746719	0.6666666666666666	0.7255922385818587	0.7017427612221224	0.656084656084656	0.6624060686531044	0.701404279346339	0.6689407241206917	0.664804469273743	0.6638176638176638	0.6948080064005933	0.6998119616310501	0.7214873403589214	0.6586021505376344	0.6446078431372549	0.7214768702372009	0.6666666666666666	0.6666666666666666	0.6666666666666666	0.7255505100862278	0.7154610983844466	0.6932121634871645	0.7189701129077963	0.6586021505376344	1.0	0.5580524344569289	0.7218048367942111	0.664804469273743	0.6837351169265627	0.6385542168674699	0.5573770491803278	0.7151845468994538	0.6666666666666666	0.6816765443737675
si	0.7407407407407407	0.5580524344569289	0.5543478260869565	0.7740259740259741	0.5576208178438662	0.5525423728813559	0.7648456057007126	0.543661971830986	0.5525423728813559	0.5451895043731778	0.7723785166240409	0.776595744680851	0.552901023890785	0.5521885521885521	0.5567765567765568	0.7669902912621359	0.7553648068669528	0.5580524344569289	0.7740259740259741	0.7740259740259741	0.7740259740259741	0.5576208178438662	0.5555555555555556	0.5555555555555556	0.5563636363636364	0.7669902912621359	0.5580524344569289	1.0	0.5567765567765568	0.7723785166240409	0.54858934169279	0.7936507936507936	0.5116279069767442	0.5555555555555556	0.5580524344569289	0.5543859649122806
simple	0.5179282868525896	0.9643094173369889	0.9365868902836012	0.663888888888889	0.964156135399762	0.9118162465883233	0.6587926509186351	0.7934110140311829	0.8917244340837985	0.8094463506296518	0.6657458563535912	0.6610644257703081	0.7761145960526737	0.9075752960993917	0.974384914211719	0.6613333333333333	0.6472019464720196	0.8653784719018254	0.663888888888889	0.663888888888889	0.663888888888889	0.960845044445102	0.9477811086599991	0.7269842929266257	0.9594233457669218	0.6613333333333333	0.7218048367942111	0.5567765567765568	1.0	0.6657458563535912	0.8559561070840926	0.6398809523809524	0.5777777777777777	0.9329360386418364	0.6641375710965284	0.6910802522251253
sr	0.6991869918699187	0.664804469273743	0.6594005449591281	0.99581589958159	0.6657381615598886	0.65625	0.9803921568627451	0.6351351351351351	0.65625	0.638888888888889	1.0	0.9894736842105263	0.6570680628272252	0.655440414507772	0.6657458563535912	0.9860279441117764	0.9549549549549549	0.664804469273743	0.99581589958159	0.99581589958159	0.99581589958159	0.663888888888889	0.6630434782608696	0.6630434782608696	0.6648351648351649	0.9860279441117764	0.664804469273743	0.7723785166240409	0.6657458563535912	1.0	0.6470588235294118	0.9427312775330396	0.5531914893617021	0.6630434782608696	0.664804469273743	0.6604278074866311
sv	0.5151515151515151	0.8422106270386288	0.8525008965926986	0.645320197044335	0.8421271752253743	0.8853183763837639	0.6555023923444976	0.8441273955634704	0.8650537851753578	0.8630028005941722	0.6470588235294118	0.6426799007444168	0.7562037326024832	0.8887025055093022	0.8568418668599267	0.6514423076923077	0.6613272311212816	0.7794815956197819	0.645320197044335	0.645320197044335	0.645320197044335	0.8473405761002097	0.8609116781773819	0.6933882355669396	0.8536905134586885	0.6530120481927711	0.6837351169265627	0.54858934169279	0.8559561070840926	0.6470588235294118	1.0	0.6230366492146596	0.5607476635514019	0.842605373810645	0.6455153318756554	0.673759215731458
te	0.7030716723549488	0.6385542168674699	0.6334310850439883	0.9380530973451326	0.6396396396396395	0.6312849162011173	0.9256198347107438	0.6124401913875598	0.6312849162011173	0.6157635467980295	0.9427312775330396	0.9351230425055929	0.6320224719101124	0.6305555555555556	0.6398809523809524	0.9305263157894738	0.9035916824196597	0.6385542168674699	0.9380530973451326	0.9380530973451326	0.9380530973451326	0.6377245508982036	0.6374269005847952	0.6374269005847952	0.6390532544378698	0.9305263157894738	0.6385542168674699	0.7936507936507936	0.6398809523809524	0.9427312775330396	0.6230366492146596	1.0	0.5576923076923077	0.6374269005847952	0.6385542168674699	0.6350574712643678
tr	0.5263157894736842	0.5915909988156337	-1.0	0.5348837209302326	0.582089552238806	0.5394736842105263	0.5576923076923077	0.5450236966824644	0.550561797752809	0.5458937198067633	0.5555555555555556	0.5636363636363636	0.5441176470588236	0.5795454545454545	0.5585214950886592	0.5700934579439253	0.5797101449275363	0.5614035087719298	0.5535714285714286	0.5737704918032787	0.5238095238095238	0.5314905607032244	0.5428571428571428	0.5542857142857143	0.5483870967741935	0.5549132947976879	0.5573770491803278	0.5116279069767442	0.5777777777777777	0.5531914893617021	0.5607476635514019	0.5576923076923077	1.0	0.5764705882352942	0.5238095238095238	0.5773195876288659
vi	0.5175097276264592	0.9160572466313596	0.9188238067688624	0.6612021857923497	0.9170935091392827	0.8955980509762314	0.6614583333333334	0.7834020190007405	0.8773108627762028	0.7990211614096523	0.6630434782608696	0.6584022038567493	0.7653070393511169	0.8907636028513777	0.9242917199780661	0.6640211640211641	0.6497584541062803	0.8394089332745809	0.6612021857923497	0.6612021857923497	0.6612021857923497	0.9224328197343279	0.9286101155385574	0.7257557270206917	0.9202849275282823	0.6640211640211641	0.7151845468994538	0.5555555555555556	0.9329360386418364	0.6630434782608696	0.842605373810645	0.6374269005847952	0.5764705882352942	1.0	0.6614807892121677	0.694042804795255
war	0.5183673469387755	0.666966584189348	0.6578162131255919	0.6666666666666666	0.6660318541543556	0.6546432737657669	0.656084656084656	0.6336089510930321	0.6546701080757555	0.6373430634043893	0.664804469273743	0.6638176638176638	0.6554976566014469	0.6538904419347223	0.6641665738149644	0.6586021505376344	0.6446078431372549	0.666886679592426	0.6666666666666666	0.6666666666666666	0.6666666666666666	0.6660215093891607	0.6614473889372664	0.661573995543235	0.663204519820665	0.6586021505376344	0.6666666666666666	0.5580524344569289	0.6641375710965284	0.664804469273743	0.6455153318756554	0.6385542168674699	0.5238095238095238	0.6614807892121677	1.0	0.6589788909149916
zh	0.5171102661596958	0.688318840956588	0.6925644353791952	0.6586021505376344	0.6889246767158002	0.6859587644555307	0.6606683804627249	0.6581568202523475	0.6853201552658665	0.6628647864690846	0.6604278074866311	0.6558265582655826	0.6776966392977843	0.6864154382404615	0.690988483465065	0.6666666666666666	0.6507177033492824	0.685289416511719	0.6586021505376344	0.6586021505376344	0.6586021505376344	0.6892632495613266	0.6941243068906258	0.6816896340356859	0.6900861582563128	0.6631853785900783	0.6816765443737675	0.5543859649122806	0.6910802522251253	0.6604278074866311	0.673759215731458	0.6350574712643678	0.5773195876288659	0.694042804795255	0.6589788909149916	1.0
