arz	bs	ceb	ckb	da	de	el	en	es	fr	he	hi	hu	id	it	ja	ko	lv	mk	ml	mr	nl	pl	pt	ro	ru	sh	si	simple	sr	sv	te	vi	war	zh
arz	1.0	0.8015341078191462	0.953225785585603	0.7863954451402115	0.6035101660760898	0.4132498087244145	0.6544709546604563	0.579604195247122	0.5593894376053682	0.5813656674377214	0.4205201289507309	0.4578882245082431	0.3102230999537616	0.6163796313080822	0.6340342618364084	0.5371110787650011	0.6323826358897552	0.8289058189173045	0.4180769712540758	0.6265396059306189	0.432992422330556	0.6544709546604563	0.5906934956661818	0.582833180707421	0.41051612841794377	0.45536399412464085	0.7432793200887691	1.0	0.5814150859390794	0.6470836969219194	0.567139290256478	0.6851283529839968	0.6920581546510494	0.7970196744911398	0.4533033714474315
bs	0.8015341078191462	1.0	0.5008380181725872	0.7690990303325336	0.6054444113647164	0.545477831641656	0.6841174893561723	0.5351240098895763	0.5431389391460951	0.647130316303296	0.3235632876241137	0.3964564941865761	0.2997220537001241	0.5535216310241137	0.6222362915525527	0.6908587525207898	0.5439233151005799	0.5555428836877366	0.39406524905270746	0.5888295840890573	0.5013446888046933	0.6166190723010729	0.5832398998843533	0.6605850000427269	0.35111594672423035	0.5254421952612217	0.594501226921251	0.7690990303325336	0.3059993374322528	0.28137412348483665	0.45035786794769056	0.6763518472901805	0.5294243121690634	0.7690990303325336	0.48431770954029374
ceb	0.953225785585603	0.5008380181725872	1.0	0.540271464242908	0.45598653292338326	0.3383282068263123	0.649831127442055	0.4286634983146441	0.6790828296253177	0.4739135782435106	0.5253760053414118	0.6511578920615407	0.39506470654718717	0.5083445876747495	0.611457746210568	0.3985203434602224	0.5811333137983575	0.5773318740226923	0.5862736460435558	0.6366620058078748	0.653528743291003	0.38618523380033776	0.340677277737346	0.4376860802469199	0.30451491125259295	0.44163209935481346	0.5947381013219216	1.0	0.32977572283767775	0.35774898053754656	0.4609125251744112	0.953225785585603	0.5570777973034	0.8016071312619631	0.47258788188686535
ckb	0.7863954451402115	0.7690990303325336	0.540271464242908	1.0	0.6640237664404941	0.506645140824267	0.7584325078215763	0.32473118684069696	0.6604928506158132	0.5865675359811025	0.6872917565477451	0.4195719298829873	0.37510712217529246	0.5811359973407282	0.7510341748895939	0.7510341748895939	0.7510341748895939	0.6624525348502385	0.44930756545688116	0.43502805139432443	0.37091374520300324	0.6604928506158132	0.7510341748895939	0.6290128041382893	0.5912309679074331	0.6640237664404942	0.7584325078215763	0.8216064286890065	0.5946142619232484	0.5762275252820632	0.5838370026393251	0.6723191802055581	0.6624525348502385	1.0	0.3874100135509073
da	0.6035101660760898	0.6054444113647164	0.45598653292338326	0.6640237664404941	1.0	0.24784121583061072	0.3692593037493558	0.24767025900851264	0.2762726595027539	0.2608111704141111	0.2664199680055661	0.2967069353404815	0.19391831022871578	0.28172868738645085	0.2591327964001125	0.2563866616203613	0.27382838216945277	0.34854111615249406	0.2853957546622145	0.3571474148158954	0.27033743473082444	0.2436225906011939	0.2163677993354845	0.24070104919992516	0.2162377028524115	0.2353995537358136	0.34023777515828146	0.6488642620965668	0.31541998415090355	0.30751238855102137	0.23129862269491766	0.6589788158546243	0.29726699461057277	0.5124606721688741	0.2627240893117675
de	0.4132498087244145	0.545477831641656	0.3383282068263123	0.506645140824267	0.24784121583061072	1.0	0.3278336570951378	0.18718714919442297	0.2037865616152273	0.16707036135839665	0.25953017318332905	0.2611681378322386	0.24591787685058533	0.2279861274894757	0.19233544364170488	0.1669035041829625	0.24511043634695584	0.386602150324819	0.26773273124297486	0.31616693219259323	0.33019197557510055	0.21591731270151887	0.1891098343724156	0.20732594500495446	0.20174670360919242	0.1651505542686927	0.2707915200998297	0.6416818906775182	0.22717414978882453	0.3025262381096736	0.1910033969801116	0.3937803218296523	0.2935589994527912	0.3769942993071792	0.2044918559245316
el	0.6544709546604563	0.6841174893561723	0.649831127442055	0.7584325078215763	0.3692593037493558	0.3278336570951378	1.0	0.2804246134845776	0.3716505271091267	0.34833106563215277	0.22184763908727498	0.34590749356537026	0.36591681310565616	0.35764671235786544	0.37689933693135846	0.3350446427470091	0.40313275889534866	0.5973484481370076	0.3505226867731117	0.42919204383901577	0.3624236770011271	0.4171075911079204	0.3576123661895579	0.338792341171645	0.2824478879522591	0.34094164910694763	0.5226771501180065	0.7584325078215763	0.3357582897180194	0.39000913775916596	0.26930128475392684	0.4460523699610293	0.48406376017627667	0.7411828468492556	0.3267112522373228
en	0.579604195247122	0.5351240098895763	0.4286634983146441	0.32473118684069696	0.24767025900851264	0.18718714919442297	0.2804246134845776	1.0	0.19848498761508337	0.1594214931350428	0.22280932489345195	0.192937051007098	0.22585593411323118	0.19265621345146694	0.17220519929082026	0.1799604364568317	0.20002146311744376	0.2947041888294246	0.2551874571846012	0.2982311681581829	0.24506349952985787	0.18896394793943125	0.1938310392860364	0.17045009190799726	0.16356610746759967	0.16179535189203562	0.3372066716272249	0.3666290237524588	0.24463188389329768	0.26039075882522866	0.18151595027775477	0.33694158281438336	0.2500698488719535	0.3266240747650982	0.20807180220150656
es	0.5593894376053682	0.5431389391460951	0.6790828296253177	0.6604928506158132	0.2762726595027539	0.2037865616152273	0.3716505271091267	0.19848498761508337	1.0	0.16099302862227038	0.25033124631950904	0.257349923203863	0.26849675143912966	0.22698464166962815	0.21126181761758817	0.22283140203188073	0.255179568715715	0.47285787665337675	0.3108676400016137	0.3753636427149856	0.386705480604792	0.2377663678825163	0.2546692899798292	0.21669141669935443	0.23725558743942135	0.1673808219462736	0.37915112182583544	0.5712939344166895	0.3311562615814824	0.3325999266005103	0.22048299578316036	0.4633390086514241	0.3306506476637195	0.6546343046528068	0.24748838468345832
fr	0.5813656674377214	0.647130316303296	0.4739135782435106	0.5865675359811025	0.2608111704141111	0.16707036135839665	0.34833106563215277	0.1594214931350428	0.16099302862227038	1.0	0.2315431946008529	0.2625813766857844	0.2304109320621672	0.19012665804394918	0.17342050744430082	0.1497485669886097	0.2021488125024769	0.38443796146604475	0.2755997430931097	0.2715294211541371	0.2907137890135753	0.19062082061623242	0.1885613729481665	0.18433539611870517	0.19598693989834448	0.15662854038333832	0.3617138062066625	0.5200671615379641	0.26376604357143746	0.29836173387575926	0.19036431830171646	0.3405870345828192	0.2581456738189379	0.6193667668967153	0.2159342936815726
he	0.4205201289507309	0.3235632876241137	0.5253760053414118	0.6872917565477451	0.2664199680055661	0.25953017318332905	0.22184763908727498	0.22280932489345195	0.25033124631950904	0.2315431946008529	1.0	0.2536473697852687	0.2461686627209936	0.22764444493963948	0.26812842829649386	0.2730342635229188	0.2595307839603395	0.3801419047996557	0.34180179349261275	0.44466212415191414	0.32202640378192454	0.26821540539952854	0.24160049395599034	0.2016077005004878	0.20241578600817672	0.22647864801532283	0.32966795074221494	0.38077612845652237	0.2893400925544354	0.25344899814363836	0.22556550167570955	0.38823874082486715	0.23693201944851555	0.3329732940318362	0.24632869621149844
hi	0.4578882245082431	0.3964564941865761	0.6511578920615407	0.4195719298829873	0.2967069353404815	0.2611681378322386	0.34590749356537026	0.192937051007098	0.257349923203863	0.2625813766857844	0.2536473697852687	1.0	0.2415743086590391	0.24934453825343283	0.28975930124155763	0.22831981458988113	0.28860772542047025	0.35460115387261876	0.3622886351198547	0.23748296419749182	0.3044696454258682	0.29637896388450624	0.2756905242431669	0.24837731364870827	0.2592646303219549	0.22169700968922595	0.3672377801596088	0.5825734869277464	0.283382588657621	0.29310226045873256	0.20626551248411276	0.34577539659261747	0.28408394476903015	0.41957192988298725	0.2677324892406032
hu	0.3102230999537616	0.2997220537001241	0.39506470654718717	0.37510712217529246	0.19391831022871578	0.24591787685058533	0.36591681310565616	0.22585593411323118	0.26849675143912966	0.2304109320621672	0.2461686627209936	0.2415743086590391	1.0	0.2523656899313934	0.27938265857151273	0.26858155394578953	0.24510537883197556	0.2716879569357356	0.2336205193219283	0.29762219967666026	0.2818550854572187	0.2584226157257637	0.2133072183546391	0.23793220594927642	0.20236498778060655	0.25488895137493717	0.35564644200670115	0.6395657813917609	0.25232108437046624	0.27014817705493493	0.23098665474188967	0.3798552394679636	0.2279364276055397	0.3457251183232469	0.2100713819486576
id	0.6163796313080822	0.5535216310241137	0.5083445876747495	0.5811359973407282	0.28172868738645085	0.2279861274894757	0.35764671235786544	0.19265621345146694	0.22698464166962815	0.19012665804394918	0.22764444493963948	0.24934453825343283	0.2523656899313934	1.0	0.22253364185567573	0.19598462158910868	0.25363694673403964	0.38861451332878744	0.2851847844572155	0.34497180763602836	0.3108394683943419	0.22317151443907055	0.22385314210012222	0.19986149203776737	0.22276638370497162	0.18283617661143792	0.39755302021874955	0.6395657813917609	0.24400040883399077	0.29814288477683465	0.25949199822659297	0.4548983038862939	0.27710952165456815	0.5850304645867419	0.23297776689340394
it	0.6340342618364084	0.6222362915525527	0.611457746210568	0.7510341748895939	0.2591327964001125	0.19233544364170488	0.37689933693135846	0.17220519929082026	0.21126181761758817	0.17342050744430082	0.26812842829649386	0.28975930124155763	0.27938265857151273	0.22253364185567573	1.0	0.19764778158513524	0.23759758781944684	0.44550763172786495	0.3152708958257722	0.4014419132261002	0.4450670030042122	0.2248894991077429	0.20067820335800668	0.19880103691713186	0.2021723031972691	0.16365142325104093	0.3107451639888742	0.5389277216399939	0.29601059264139035	0.34443424094652786	0.1952491861744869	0.47246998518287053	0.3092455339899637	0.6915109941112835	0.23809184028859787
ja	0.5371110787650011	0.6908587525207898	0.3985203434602224	0.7510341748895939	0.2563866616203613	0.1669035041829625	0.3350446427470091	0.1799604364568317	0.22283140203188073	0.1497485669886097	0.2730342635229188	0.22831981458988113	0.26858155394578953	0.19598462158910868	0.19764778158513524	1.0	0.22553706027334486	0.38096342410055933	0.28637642312003725	0.37263512283111316	0.37622958368074744	0.19388150711290972	0.28048550871190187	0.2192011973230737	0.20706633582557035	0.19487412634340096	0.27379273132967513	0.6223041007404059	0.31295946327497537	0.2729003567479944	0.19620467069150385	0.44731595418634845	0.25285512976821095	0.5689804020673194	0.2450823339972215
ko	0.6323826358897552	0.5439233151005799	0.5811333137983575	0.7510341748895939	0.27382838216945277	0.24511043634695584	0.40313275889534866	0.20002146311744376	0.255179568715715	0.2021488125024769	0.2595307839603395	0.28860772542047025	0.24510537883197556	0.25363694673403964	0.23759758781944684	0.22553706027334486	1.0	0.4293024792597351	0.2409505375077715	0.5059501566377447	0.35678408468827366	0.28942263335789914	0.2303060337999408	0.25119115403111764	0.2552333494680083	0.2406423448510741	0.3778718285412151	0.5209324994064707	0.2732810907743348	0.3460061256426495	0.22918044494306167	0.6994017365373274	0.283348402936143	0.6193667668967152	0.24062228357209076
lv	0.8289058189173045	0.5555428836877366	0.5773318740226923	0.6624525348502385	0.34854111615249406	0.386602150324819	0.5973484481370076	0.2947041888294246	0.47285787665337675	0.38443796146604475	0.3801419047996557	0.35460115387261876	0.2716879569357356	0.38861451332878744	0.44550763172786495	0.38096342410055933	0.4293024792597351	1.0	0.3336864051628444	0.6445819913662406	0.40251304383453207	0.43000700665292174	0.3687342560810371	0.3036707738716002	0.3175672756198155	0.3901301594064631	0.43019545813036064	0.7584325078215763	0.29987634430576654	0.3377505768095878	0.30131650737121374	0.7584325078215763	0.4182467794032552	0.7510341748895937	0.38900323670650766
mk	0.4180769712540758	0.39406524905270746	0.5862736460435558	0.44930756545688116	0.2853957546622145	0.26773273124297486	0.3505226867731117	0.2551874571846012	0.3108676400016137	0.2755997430931097	0.34180179349261275	0.3622886351198547	0.2336205193219283	0.2851847844572155	0.3152708958257722	0.28637642312003725	0.2409505375077715	0.3336864051628444	1.0	0.4240111310500371	0.4103882552873181	0.2909402911979556	0.29267128931697534	0.2942446996742064	0.26154707856311254	0.2842302523911081	0.31925953106551064	0.4134317708769886	0.22627089415568719	0.31000173235138595	0.29343249008464645	0.5334400740271245	0.3257923642342836	0.40798684547691444	0.28218511557911696
ml	0.6265396059306189	0.5888295840890573	0.6366620058078748	0.43502805139432443	0.3571474148158954	0.31616693219259323	0.42919204383901577	0.2982311681581829	0.3753636427149856	0.2715294211541371	0.44466212415191414	0.23748296419749182	0.29762219967666026	0.34497180763602836	0.4014419132261002	0.37263512283111316	0.5059501566377447	0.6445819913662406	0.4240111310500371	1.0	0.33794006530585563	0.3778076616944104	0.3727766168301497	0.35955902940932205	0.295529498054446	0.3207809236852285	0.5285780137930767	0.4107979431158793	0.3947947571495372	0.28158162783621077	0.2670878058925804	0.28554419869408676	0.5025890494043352	0.6591052697707555	0.3811443152549486
mr	0.432992422330556	0.5013446888046933	0.653528743291003	0.37091374520300324	0.27033743473082444	0.33019197557510055	0.3624236770011271	0.24506349952985787	0.386705480604792	0.2907137890135753	0.32202640378192454	0.3044696454258682	0.2818550854572187	0.3108394683943419	0.4450670030042122	0.37622958368074744	0.35678408468827366	0.40251304383453207	0.4103882552873181	0.33794006530585563	1.0	0.3837472878800034	0.3835498527591007	0.3400648032357093	0.3160588399661663	0.412585013206773	0.3702765502408725	0.34678084354751726	0.2864780938079222	0.34497120786162255	0.25842217235535814	0.41118006108396254	0.3653882922405744	0.36860402325768626	0.31814324500132546
nl	0.6544709546604563	0.6166190723010729	0.38618523380033776	0.6604928506158132	0.2436225906011939	0.21591731270151887	0.4171075911079204	0.18896394793943125	0.2377663678825163	0.19062082061623242	0.26821540539952854	0.29637896388450624	0.2584226157257637	0.22317151443907055	0.2248894991077429	0.19388150711290972	0.28942263335789914	0.43000700665292174	0.2909402911979556	0.3778076616944104	0.3837472878800034	1.0	0.21750343847114909	0.19832683018485425	0.22672152199042941	0.15789676688010137	0.3194297772151507	0.5627871465513896	0.3382136055451014	0.30933551064754494	0.2152841800846617	0.586705151825871	0.3040679931105602	0.7411828468492556	0.30467725323474154
pl	0.5906934956661818	0.5832398998843533	0.340677277737346	0.7510341748895939	0.2163677993354845	0.1891098343724156	0.3576123661895579	0.1938310392860364	0.2546692899798292	0.1885613729481665	0.24160049395599034	0.2756905242431669	0.2133072183546391	0.22385314210012222	0.20067820335800668	0.28048550871190187	0.2303060337999408	0.3687342560810371	0.29267128931697534	0.3727766168301497	0.3835498527591007	0.21750343847114909	1.0	0.2003100573958953	0.20099257253935734	0.21873139336618092	0.38764050397615885	0.6105245687737334	0.257738250137183	0.2745571177963561	0.23497367796497912	0.6184156762582913	0.3176978112659787	0.6575660918451188	0.26909296571798674
pt	0.582833180707421	0.6605850000427269	0.4376860802469199	0.6290128041382893	0.24070104919992516	0.20732594500495446	0.338792341171645	0.17045009190799726	0.21669141669935443	0.18433539611870517	0.2016077005004878	0.24837731364870827	0.23793220594927642	0.19986149203776737	0.19880103691713186	0.2192011973230737	0.25119115403111764	0.3036707738716002	0.2942446996742064	0.35955902940932205	0.3400648032357093	0.19832683018485425	0.2003100573958953	1.0	0.19033984622573108	0.18481235493908443	0.2781952637432662	0.6529712081174673	0.26294705370038407	0.2454699067887197	0.19357986101704816	0.44015567790861415	0.27363424962716826	0.6214784374234588	0.22180716135903303
ro	0.41051612841794377	0.35111594672423035	0.30451491125259295	0.5912309679074331	0.2162377028524115	0.20174670360919242	0.2824478879522591	0.16356610746759967	0.23725558743942135	0.19598693989834448	0.20241578600817672	0.2592646303219549	0.20236498778060655	0.22276638370497162	0.2021723031972691	0.20706633582557035	0.2552333494680083	0.3175672756198155	0.26154707856311254	0.295529498054446	0.3160588399661663	0.22672152199042941	0.20099257253935734	0.19033984622573108	1.0	0.18121733843249385	0.3220553964506811	0.6524007805500077	0.18473157908908328	0.20261336909087077	0.20432015581572535	0.7510341748895938	0.23635849934376135	0.7330223592388024	0.200106957688833
ru	0.45536399412464085	0.5254421952612217	0.44163209935481346	0.6640237664404942	0.2353995537358136	0.1651505542686927	0.34094164910694763	0.16179535189203562	0.1673808219462736	0.15662854038333832	0.22647864801532283	0.22169700968922595	0.25488895137493717	0.18283617661143792	0.16365142325104093	0.19487412634340096	0.2406423448510741	0.3901301594064631	0.2842302523911081	0.3207809236852285	0.412585013206773	0.15789676688010137	0.21873139336618092	0.18481235493908443	0.18121733843249385	1.0	0.38031948407851285	0.6161562425375515	0.2704024560188252	0.26556602073174285	0.16671089894041205	0.46854716873009716	0.23730135319994725	0.6369756838758345	0.2063561288070931
sh	0.7432793200887691	0.594501226921251	0.5947381013219216	0.7584325078215763	0.34023777515828146	0.2707915200998297	0.5226771501180065	0.3372066716272249	0.37915112182583544	0.3617138062066625	0.32966795074221494	0.3672377801596088	0.35564644200670115	0.39755302021874955	0.3107451639888742	0.27379273132967513	0.3778718285412151	0.43019545813036064	0.31925953106551064	0.5285780137930767	0.3702765502408725	0.3194297772151507	0.38764050397615885	0.2781952637432662	0.3220553964506811	0.38031948407851285	1.0	0.5502349693993879	0.27266274390639567	0.332944162509162	0.3383306046564766	0.7690990303325336	0.413447799927055	0.6572846022672736	0.2794459760368334
si	1.0	0.7690990303325336	1.0	0.8216064286890065	0.6488642620965668	0.6416818906775182	0.7584325078215763	0.3666290237524588	0.5712939344166895	0.5200671615379641	0.38077612845652237	0.5825734869277464	0.6395657813917609	0.6395657813917609	0.5389277216399939	0.6223041007404059	0.5209324994064707	0.7584325078215763	0.4134317708769886	0.4107979431158793	0.34678084354751726	0.5627871465513896	0.6105245687737334	0.6529712081174673	0.6524007805500077	0.6161562425375515	0.5502349693993879	1.0	0.5254151252041335	0.7095492347723025	0.4694077055836259	1.0	0.5879511749463611	1.0	0.452731440891993
simple	0.5814150859390794	0.3059993374322528	0.32977572283767775	0.5946142619232484	0.31541998415090355	0.22717414978882453	0.3357582897180194	0.24463188389329768	0.3311562615814824	0.26376604357143746	0.2893400925544354	0.283382588657621	0.25232108437046624	0.24400040883399077	0.29601059264139035	0.31295946327497537	0.2732810907743348	0.29987634430576654	0.22627089415568719	0.3947947571495372	0.2864780938079222	0.3382136055451014	0.257738250137183	0.26294705370038407	0.18473157908908328	0.2704024560188252	0.27266274390639567	0.5254151252041335	1.0	0.33947112165040977	0.3053969338761738	0.37657003594225974	0.3274304383754095	0.5847860573444361	0.3119441119294097
sr	0.6470836969219194	0.28137412348483665	0.35774898053754656	0.5762275252820632	0.30751238855102137	0.3025262381096736	0.39000913775916596	0.26039075882522866	0.3325999266005103	0.29836173387575926	0.25344899814363836	0.29310226045873256	0.27014817705493493	0.29814288477683465	0.34443424094652786	0.2729003567479944	0.3460061256426495	0.3377505768095878	0.31000173235138595	0.28158162783621077	0.34497120786162255	0.30933551064754494	0.2745571177963561	0.2454699067887197	0.20261336909087077	0.26556602073174285	0.332944162509162	0.7095492347723025	0.33947112165040977	1.0	0.2709070636554898	0.4800770299846613	0.32761514049623786	0.5358762192649754	0.3127607637716368
sv	0.567139290256478	0.45035786794769056	0.4609125251744112	0.5838370026393251	0.23129862269491766	0.1910033969801116	0.26930128475392684	0.18151595027775477	0.22048299578316036	0.19036431830171646	0.22556550167570955	0.20626551248411276	0.23098665474188967	0.25949199822659297	0.1952491861744869	0.19620467069150385	0.22918044494306167	0.30131650737121374	0.29343249008464645	0.2670878058925804	0.25842217235535814	0.2152841800846617	0.23497367796497912	0.19357986101704816	0.20432015581572535	0.16671089894041205	0.3383306046564766	0.4694077055836259	0.3053969338761738	0.2709070636554898	1.0	0.5115293835547264	0.2527871920741478	0.5274536400006444	0.23625709153311591
te	0.6851283529839968	0.6763518472901805	0.953225785585603	0.6723191802055581	0.6589788158546243	0.3937803218296523	0.4460523699610293	0.33694158281438336	0.4633390086514241	0.3405870345828192	0.38823874082486715	0.34577539659261747	0.3798552394679636	0.4548983038862939	0.47246998518287053	0.44731595418634845	0.6994017365373274	0.7584325078215763	0.5334400740271245	0.28554419869408676	0.41118006108396254	0.586705151825871	0.6184156762582913	0.44015567790861415	0.7510341748895938	0.46854716873009716	0.7690990303325336	1.0	0.37657003594225974	0.4800770299846613	0.5115293835547264	1.0	0.6290066987253159	0.7690990303325336	0.47442507146870816
vi	0.6920581546510494	0.5294243121690634	0.5570777973034	0.6624525348502385	0.29726699461057277	0.2935589994527912	0.48406376017627667	0.2500698488719535	0.3306506476637195	0.2581456738189379	0.23693201944851555	0.28408394476903015	0.2279364276055397	0.27710952165456815	0.3092455339899637	0.25285512976821095	0.283348402936143	0.4182467794032552	0.3257923642342836	0.5025890494043352	0.3653882922405744	0.3040679931105602	0.3176978112659787	0.27363424962716826	0.23635849934376135	0.23730135319994725	0.413447799927055	0.5879511749463611	0.3274304383754095	0.32761514049623786	0.2527871920741478	0.6290066987253159	1.0	0.6561731856364528	0.29089296938614945
war	0.7970196744911398	0.7690990303325336	0.8016071312619631	1.0	0.5124606721688741	0.3769942993071792	0.7411828468492556	0.3266240747650982	0.6546343046528068	0.6193667668967153	0.3329732940318362	0.41957192988298725	0.3457251183232469	0.5850304645867419	0.6915109941112835	0.5689804020673194	0.6193667668967152	0.7510341748895937	0.40798684547691444	0.6591052697707555	0.36860402325768626	0.7411828468492556	0.6575660918451188	0.6214784374234588	0.7330223592388024	0.6369756838758345	0.6572846022672736	1.0	0.5847860573444361	0.5358762192649754	0.5274536400006444	0.7690990303325336	0.6561731856364528	1.0	0.5200941519296873
zh	0.4533033714474315	0.48431770954029374	0.47258788188686535	0.3874100135509073	0.2627240893117675	0.2044918559245316	0.3267112522373228	0.20807180220150656	0.24748838468345832	0.2159342936815726	0.24632869621149844	0.2677324892406032	0.2100713819486576	0.23297776689340394	0.23809184028859787	0.2450823339972215	0.24062228357209076	0.38900323670650766	0.28218511557911696	0.3811443152549486	0.31814324500132546	0.30467725323474154	0.26909296571798674	0.22180716135903303	0.200106957688833	0.2063561288070931	0.2794459760368334	0.452731440891993	0.3119441119294097	0.3127607637716368	0.23625709153311591	0.47442507146870816	0.29089296938614945	0.5200941519296873	1.0
