arz	bs	ceb	ckb	da	de	el	en	es	fr	he	hi	hu	id	it	ja	ko	lv	mk	ml	mr	nl	pl	pt	ro	ru	sh	si	simple	sr	sv	te	vi	war	zh
arz	1.0	0.530938123752495	0.5076923076923077	0.5276872964169381	0.517113783533765	0.5044452347083926	0.5173824130879345	0.5025522970673606	0.5053047638859997	0.5048132460531383	0.5111216280170374	0.5205949656750571	0.5180722891566265	0.5130208333333334	0.5052050138092202	0.5084395452979676	0.5131933225632741	0.5234782608695653	0.5233785822021116	0.5217391304347826	0.5357634045707709	0.5075827917053544	0.5054024255788313	0.506032996798818	0.5216110019646365	0.5062135429875729	0.5192118226600985	0.5328467153284672	0.515970515970516	0.5133410672853828	0.5093457943925234	0.5304347826086956	0.5134615384615385	0.5364583333333334	0.5097706032285472
bs	0.530938123752495	1.0	0.5070422535211268	0.5454545454545455	0.5516550495181135	0.5167281586387321	0.5556700228476715	0.5100217826396432	0.51945279696817	0.5181361467008927	0.5360330617032681	0.5569907248368259	0.5513164256516198	0.5450169493392373	0.519225887223674	0.5287172084314415	0.5394838341886046	0.5596265263606088	0.5588747291609192	0.553241309381321	0.5413563628716477	0.5276953399949112	0.5200531348860734	0.5226415002250202	0.5487510072522159	0.5229660748819348	0.5652930582570637	0.5431192660550459	0.5480019813390212	0.5435706526897482	0.5331454008460123	0.5423452768729642	0.5431182181610508	0.5382978723404256	0.5347532934545832
ceb	0.5076923076923077	0.5070422535211268	1.0	0.5114155251141552	0.5029644268774703	0.5007186489399927	0.5038674033149171	0.5004026575397624	0.5008421052631579	0.5007788161993769	0.5019493177387914	0.5049875311720698	0.5037837837837837	0.502724795640327	0.500752850075285	0.5014064697609002	0.5022246941045606	0.5050301810865191	0.5059625212947189	0.5078090496647529	0.515	0.5011030570438072	0.5008936550491511	0.500999500249875	0.5041928721174004	0.5010298661174047	0.5031645569620253	0.5175730022731246	0.5030355594102341	0.5024067388688327	0.5013949780789159	0.5076335877862596	0.5023411371237458	0.53	0.5015263846489315
ckb	0.5276872964169381	0.5454545454545455	0.5114155251141552	1.0	0.5339805825242718	0.5088245675961878	0.5364431486880467	0.5051349802183315	0.5104145184574139	0.509457174999631	0.5215826598124478	0.5364025695931478	0.533713200379867	0.5275142314990512	0.5105352026530164	0.5161167966795737	0.524134312696747	0.5534290271132376	0.5435684647302904	0.5470306916234671	0.5467032967032968	0.5146520146520147	0.5106100537848448	0.5121891760117016	0.5357474466109563	0.5122930255895635	0.5345149253731344	0.5533141210374639	0.5318646734854445	0.5230337078651686	0.5175840978593271	0.5452380952380952	0.5270690728064716	0.5539033457249071	0.5191666666666667
da	0.517113783533765	0.5516550495181135	0.5029644268774703	0.5339805825242718	1.0	0.5366868830607208	0.5675315659652007	0.5230343588217538	0.5429155893831673	0.5403128530193116	0.5712822006742291	0.5648959316358857	0.5772027769144695	0.5694064777955885	0.5425691260717044	0.559551557633685	0.5748935904407648	0.5644548252342668	0.5606613986881254	0.5522792704867429	0.5309180486955224	0.5579205827346612	0.5421782185105981	0.5495831403427512	0.5747057030152974	0.5473982793888025	0.5689707746647881	0.5273052820053715	0.5769857147885349	0.5656742199649294	0.5671885246860391	0.5318606627017842	0.5665505547769366	0.52	0.5674783578773545
de	0.5044452347083926	0.5167281586387321	0.5007186489399927	0.5088245675961878	0.5366868830607208	1.0	0.5329189572915988	0.5945994247691212	0.6064045928594264	0.6030997094825113	0.5650785569389838	0.5291404069859424	0.5346474935083119	0.5494240749342882	0.6021909749068785	0.5792290561046503	0.5594889475477588	0.5195117758294654	0.5223369419271868	0.5179239495217555	0.5080431324023333	0.5886835453296341	0.6043440027779802	0.5953074301582328	0.5354588149686544	0.5880876018100624	0.5334564452165425	0.5074336283185841	0.5395855156336631	0.5538667623089212	0.5761381372402823	0.5104587801019511	0.5489990841611753	0.5040157058718544	0.5661851946310736
el	0.5173824130879345	0.5556700228476715	0.5038674033149171	0.5364431486880467	0.5675315659652007	0.5329189572915988	1.0	0.5210645544050144	0.5389685127329216	0.5358570206950455	0.5634870200390185	0.5710299086581175	0.5677450061883542	0.5687487706754917	0.5375898835266064	0.5552643130384356	0.5691563421523481	0.5698974177362148	0.5683301388434389	0.5523819183935895	0.5351985323829878	0.5502936376202793	0.5386799455067842	0.544289544845565	0.5768163176958077	0.5425151781495442	0.5675227339585082	0.5313352310407803	0.57270871395559	0.5626801329671325	0.5588233818135847	0.5380281690140845	0.5670320400703422	0.5227995758218451	0.5610968273129141
en	0.5025522970673606	0.5100217826396432	0.5004026575397624	0.5051349802183315	0.5230343588217538	0.5945994247691212	0.5210645544050144	1.0	0.5920003467208296	0.5908683125333458	0.5459409554483244	0.5190475437602899	0.5214752109070205	0.5331780258804767	0.588931612007172	0.5603259361742645	0.5409812191761014	0.5119535895847702	0.5138615781948478	0.5112272584004389	0.5047427267161019	0.565613852832773	0.5850908025440587	0.5804599933964879	0.522055954111681	0.5744278581079876	0.5217786018473585	0.5043965270352886	0.5269238032552775	0.5373411430986015	0.5543664725947492	0.5062191862052008	0.5346537525338763	0.5022574297820979	0.5511416847128
es	0.5053047638859997	0.51945279696817	0.5008421052631579	0.5104145184574139	0.5429155893831673	0.6064045928594264	0.5389685127329216	0.5920003467208296	1.0	0.6080925794737911	0.5762470541824323	0.5351700647948621	0.5406412691040688	0.5585429370603331	0.6114251464116888	0.590191872258492	0.5707280685474286	0.5237427369264677	0.5269744540960174	0.5220963722736541	0.509625944438647	0.5979035238798776	0.6059540599726279	0.6125265758831507	0.5410806867842348	0.5964926965723356	0.5402287339792594	0.5089156264426251	0.5472621724346186	0.5638057784600012	0.587018914033891	0.51233218084448	0.5600858837145102	0.5047002297890119	0.5797960165108347
fr	0.5048132460531383	0.5181361467008927	0.5007788161993769	0.509457174999631	0.5403128530193116	0.6030997094825113	0.5358570206950455	0.5908683125333458	0.6080925794737911	1.0	0.5703822694491986	0.5319502157041771	0.537417883779161	0.5533295999770165	0.6032671992219826	0.5838392772666136	0.5656299721363635	0.5217526129310105	0.5250652430205032	0.5201416483367938	0.5088227693596791	0.5928392869479642	0.5983876180225579	0.6006361127696528	0.5388014634605811	0.5886297420325525	0.536779994363263	0.5081484796038678	0.544935270177452	0.5569983880690342	0.5822588589620376	0.5112167300380228	0.5550967337400324	0.504349507055867	0.5721532997623093
he	0.5111216280170374	0.5360330617032681	0.5019493177387914	0.5215826598124478	0.5712822006742291	0.5650785569389838	0.5634870200390185	0.5459409554483244	0.5762470541824323	0.5703822694491986	1.0	0.5585884756430279	0.5647892401307593	0.5781483698711269	0.5742390137567452	0.586999409946397	0.5926323996999376	0.5450161856192786	0.54934726904052	0.5381602979481348	0.5198192704514825	0.5878557304629927	0.5733776769416274	0.5841064184394372	0.5673675302278822	0.5758881820177395	0.565511604967129	0.5187349791205537	0.5770360451394819	0.5809572567242162	0.594678933020346	0.524747496310417	0.582436467268197	0.510038240917782	0.5894057974653749
hi	0.5205949656750571	0.5569907248368259	0.5049875311720698	0.5364025695931478	0.5648959316358857	0.5291404069859424	0.5710299086581175	0.5190475437602899	0.5351700647948621	0.5319502157041771	0.5585884756430279	1.0	0.5656300475464658	0.5701864174297745	0.5333246658378881	0.5501449483696303	0.5657377906634456	0.5676759197136503	0.5639976213727298	0.5672079626433725	0.5427494369754599	0.5454289139092704	0.5337430312780941	0.5403817186576748	0.5710898232719018	0.5382115755242495	0.5653209136283421	0.5386104451698375	0.5718255208546726	0.559333026318426	0.553114282745003	0.5484908897139301	0.5700774198838493	0.5243179122182681	0.5572657466197126
hu	0.5180722891566265	0.5513164256516198	0.5037837837837837	0.533713200379867	0.5772027769144695	0.5346474935083119	0.5677450061883542	0.5214752109070205	0.5406412691040688	0.537417883779161	0.5647892401307593	0.5656300475464658	1.0	0.5681817362235533	0.5390660730628994	0.5529466961642797	0.5672450017766766	0.5630522088353414	0.5619341820616315	0.551946416880697	0.5345459428262603	0.5533094613586081	0.5411595111205485	0.5465475864263136	0.5740831376692752	0.5450377841305792	0.5677370644508065	0.5297115519346638	0.569838470256402	0.5648632546438876	0.5587655702578617	0.5398148148148149	0.5668447519917754	0.5212435233160622	0.5608477927392884
id	0.5130208333333334	0.5450169493392373	0.502724795640327	0.5275142314990512	0.5694064777955885	0.5494240749342882	0.5687487706754917	0.5331780258804767	0.5585429370603331	0.5533295999770165	0.5781483698711269	0.5701864174297745	0.5681817362235533	1.0	0.5567576678103777	0.5703567406370604	0.5803023685815087	0.5534884728946095	0.554878676552921	0.5489861269162218	0.5264837268666241	0.571496848582609	0.5552534679903921	0.566245340396234	0.5706831119544592	0.5624255235658344	0.5708479709461431	0.5243589743589743	0.5731302438558715	0.5770539920099346	0.5779468852399928	0.531385954008701	0.5824966195634408	0.5142667551426675	0.5742974244519363
it	0.5052050138092202	0.519225887223674	0.500752850075285	0.5105352026530164	0.5425691260717044	0.6021909749068785	0.5375898835266064	0.588931612007172	0.6114251464116888	0.6032671992219826	0.5742390137567452	0.5333246658378881	0.5390660730628994	0.5567576678103777	1.0	0.5866879852123146	0.5681935290032317	0.5235257158051071	0.5265666319162992	0.5218062998249134	0.5091758185209319	0.5963531392003355	0.6004898555273882	0.6091242554623715	0.5401862045177518	0.5928394351728045	0.539554306364056	0.5083518227791253	0.5465290390576455	0.5614094552710375	0.5837002435331501	0.512041884816754	0.5566138454948625	0.5046948356807511	0.577536219195079
ja	0.5084395452979676	0.5287172084314415	0.5014064697609002	0.5161167966795737	0.559551557633685	0.5792290561046503	0.5552643130384356	0.5603259361742645	0.590191872258492	0.5838392772666136	0.586999409946397	0.5501449483696303	0.5529466961642797	0.5703567406370604	0.5866879852123146	1.0	0.5895274525222929	0.534822293975512	0.5388059970782982	0.5325417936896729	0.5156973128387451	0.5917368960886351	0.5844429671465167	0.5950999735799727	0.5543055211830847	0.583975155787972	0.5535883115591939	0.5143823696186122	0.5663974672072124	0.5721104809617836	0.5947544709682372	0.5192179166383114	0.5736030272020539	0.5078097882679625	0.5912354299322254
ko	0.5131933225632741	0.5394838341886046	0.5022246941045606	0.524134312696747	0.5748935904407648	0.5594889475477588	0.5691563421523481	0.5409812191761014	0.5707280685474286	0.5656299721363635	0.5926323996999376	0.5657377906634456	0.5672450017766766	0.5803023685815087	0.5681935290032317	0.5895274525222929	1.0	0.5475050889156	0.5501960079340487	0.5442057850265158	0.5232954459385083	0.5823428746735674	0.5660069832270006	0.5785099124029345	0.572593081309946	0.573327730479569	0.5706038191584588	0.5212891500769067	0.5837664066843542	0.5832664870778905	0.5902359823630619	0.5265875064532783	0.5874971817008224	0.5119825708061002	0.5899441080098093
lv	0.5234782608695653	0.5596265263606088	0.5050301810865191	0.5534290271132376	0.5644548252342668	0.5195117758294654	0.5698974177362148	0.5119535895847702	0.5237427369264677	0.5217526129310105	0.5450161856192786	0.5676759197136503	0.5630522088353414	0.5534884728946095	0.5235257158051071	0.534822293975512	0.5475050889156	1.0	0.570107774505708	0.5680847777768184	0.5513866231647634	0.5327636195842665	0.5242699823894553	0.5274548748561975	0.5683429745593752	0.5268357195801795	0.5604194968651666	0.5475397079253533	0.5584929733004474	0.5479451399795018	0.5385066904540255	0.5476190476190476	0.5555423526830693	0.5373134328358209	0.5405055961269933
mk	0.5233785822021116	0.5588747291609192	0.5059625212947189	0.5435684647302904	0.5606613986881254	0.5223369419271868	0.5683301388434389	0.5138615781948478	0.5269744540960174	0.5250652430205032	0.54934726904052	0.5639976213727298	0.5619341820616315	0.554878676552921	0.5265666319162992	0.5388059970782982	0.5501960079340487	0.570107774505708	1.0	0.5553711771428226	0.5379856250526305	0.536048617750002	0.5265556410628904	0.531439922360149	0.5701769259775723	0.530310333730913	0.5615926374496795	0.5387574281597218	0.5611343924039076	0.551774143063114	0.5443980279367001	0.5383615084525357	0.5568157341029581	0.5301587301587302	0.5453457240616504
ml	0.5217391304347826	0.553241309381321	0.5078090496647529	0.5470306916234671	0.5522792704867429	0.5179239495217555	0.5523819183935895	0.5112272584004389	0.5220963722736541	0.5201416483367938	0.5381602979481348	0.5672079626433725	0.551946416880697	0.5489861269162218	0.5218062998249134	0.5325417936896729	0.5442057850265158	0.5680847777768184	0.5553711771428226	1.0	0.5511349493749147	0.529534059424589	0.5214073580553623	0.5251295709200456	0.5597330107515438	0.5246060859570926	0.5546348360347974	0.5473321858864028	0.5537376214536446	0.5407297850622159	0.534380029212588	0.5555555555555556	0.5488808468421184	0.5402750491159136	0.5368666828822055
mr	0.5357634045707709	0.5413563628716477	0.515	0.5467032967032968	0.5309180486955224	0.5080431324023333	0.5351985323829878	0.5047427267161019	0.509625944438647	0.5088227693596791	0.5198192704514825	0.5427494369754599	0.5345459428262603	0.5264837268666241	0.5091758185209319	0.5156973128387451	0.5232954459385083	0.5513866231647634	0.5379856250526305	0.5511349493749147	1.0	0.5135066491285186	0.5096458118770258	0.5110364637885336	0.5351981791808672	0.5109551655535558	0.531909793704735	0.5512048192771084	0.5332617596838577	0.5221504897287326	0.5167382246367402	0.5626598465473146	0.5281776487349795	0.5622489959839357	0.5191603659582388
nl	0.5075827917053544	0.5276953399949112	0.5011030570438072	0.5146520146520147	0.5579205827346612	0.5886835453296341	0.5502936376202793	0.565613852832773	0.5979035238798776	0.5928392869479642	0.5878557304629927	0.5454289139092704	0.5533094613586081	0.571496848582609	0.5963531392003355	0.5917368960886351	0.5823428746735674	0.5327636195842665	0.536048617750002	0.529534059424589	0.5135066491285186	1.0	0.5916227505288933	0.5992098755837889	0.5526033840058799	0.5913320536017382	0.5522460656264454	0.5124621241509464	0.5610913906717949	0.5742370756593119	0.5985637140085321	0.5174295240982116	0.5703086835559057	0.5070115300716734	0.5862155964243665
pl	0.5054024255788313	0.5200531348860734	0.5008936550491511	0.5106100537848448	0.5421782185105981	0.6043440027779802	0.5386799455067842	0.5850908025440587	0.6059540599726279	0.5983876180225579	0.5733776769416274	0.5337430312780941	0.5411595111205485	0.5552534679903921	0.6004898555273882	0.5844429671465167	0.5660069832270006	0.5242699823894553	0.5265556410628904	0.5214073580553623	0.5096458118770258	0.5916227505288933	1.0	0.5981019818269373	0.5403569058409667	0.5892196192361758	0.5399874397685872	0.5089872862779483	0.5459838141621799	0.5616707050350751	0.5801711376647952	0.512380538662033	0.5556863140167225	0.5048737261852015	0.5744036395344715
pt	0.506032996798818	0.5226415002250202	0.500999500249875	0.5121891760117016	0.5495831403427512	0.5953074301582328	0.544289544845565	0.5804599933964879	0.6125265758831507	0.6006361127696528	0.5841064184394372	0.5403817186576748	0.5465475864263136	0.566245340396234	0.6091242554623715	0.5950999735799727	0.5785099124029345	0.5274548748561975	0.531439922360149	0.5251295709200456	0.5110364637885336	0.5992098755837889	0.5981019818269373	1.0	0.548714576016803	0.5971412646967799	0.5466471544938146	0.5104039167686658	0.5554009424954032	0.5688993169842969	0.5932088083770453	0.5142995637421232	0.5676881954426575	0.5054455445544555	0.5862075160153274
ro	0.5216110019646365	0.5487510072522159	0.5041928721174004	0.5357474466109563	0.5747057030152974	0.5354588149686544	0.5768163176958077	0.522055954111681	0.5410806867842348	0.5388014634605811	0.5673675302278822	0.5710898232719018	0.5740831376692752	0.5706831119544592	0.5401862045177518	0.5543055211830847	0.572593081309946	0.5683429745593752	0.5701769259775723	0.5597330107515438	0.5351981791808672	0.5526033840058799	0.5403569058409667	0.548714576016803	1.0	0.54664958782883	0.5703386037409832	0.5309402765793708	0.5740179761674387	0.5703041691704382	0.5609775953908204	0.5365284074232153	0.5713549573111573	0.5211267605633803	0.5619552702943365
ru	0.5062135429875729	0.5229660748819348	0.5010298661174047	0.5122930255895635	0.5473982793888025	0.5880876018100624	0.5425151781495442	0.5744278581079876	0.5964926965723356	0.5886297420325525	0.5758881820177395	0.5382115755242495	0.5450377841305792	0.5624255235658344	0.5928394351728045	0.583975155787972	0.573327730479569	0.5268357195801795	0.530310333730913	0.5246060859570926	0.5109551655535558	0.5913320536017382	0.5892196192361758	0.5971412646967799	0.54664958782883	1.0	0.5453806873797733	0.5106120304317537	0.5508320142871713	0.5681385215112018	0.5836941758281138	0.5145968030401527	0.5621793309716795	0.5057383320581484	0.5761432602725517
sh	0.5192118226600985	0.5652930582570637	0.5031645569620253	0.5345149253731344	0.5689707746647881	0.5334564452165425	0.5675227339585082	0.5217786018473585	0.5402287339792594	0.536779994363263	0.565511604967129	0.5653209136283421	0.5677370644508065	0.5708479709461431	0.539554306364056	0.5535883115591939	0.5706038191584588	0.5604194968651666	0.5615926374496795	0.5546348360347974	0.531909793704735	0.5522460656264454	0.5399874397685872	0.5466471544938146	0.5703386037409832	0.5453806873797733	1.0	0.5321146738986998	0.5721700810808457	0.5956340093517416	0.5603326231265495	0.5375565610859728	0.5674204596796983	0.5212981744421906	0.5599821404789594
si	0.5328467153284672	0.5431192660550459	0.5175730022731246	0.5533141210374639	0.5273052820053715	0.5074336283185841	0.5313352310407803	0.5043965270352886	0.5089156264426251	0.5081484796038678	0.5187349791205537	0.5386104451698375	0.5297115519346638	0.5243589743589743	0.5083518227791253	0.5143823696186122	0.5212891500769067	0.5475397079253533	0.5387574281597218	0.5473321858864028	0.5512048192771084	0.5124621241509464	0.5089872862779483	0.5104039167686658	0.5309402765793708	0.5106120304317537	0.5321146738986998	1.0	0.5302116515859212	0.5217336526226419	0.5154485019571491	0.5461538461538461	0.5246212121212122	0.5588235294117647	0.5179233643049599
simple	0.515970515970516	0.5480019813390212	0.5030355594102341	0.5318646734854445	0.5769857147885349	0.5395855156336631	0.57270871395559	0.5269238032552775	0.5472621724346186	0.544935270177452	0.5770360451394819	0.5718255208546726	0.569838470256402	0.5731302438558715	0.5465290390576455	0.5663974672072124	0.5837664066843542	0.5584929733004474	0.5611343924039076	0.5537376214536446	0.5332617596838577	0.5610913906717949	0.5459838141621799	0.5554009424954032	0.5740179761674387	0.5508320142871713	0.5721700810808457	0.5302116515859212	1.0	0.5685649591679801	0.5700334172780417	0.5350141187294083	0.578578130999886	0.5180520570948783	0.5742259930484447
sr	0.5133410672853828	0.5435706526897482	0.5024067388688327	0.5230337078651686	0.5656742199649294	0.5538667623089212	0.5626801329671325	0.5373411430986015	0.5638057784600012	0.5569983880690342	0.5809572567242162	0.559333026318426	0.5648632546438876	0.5770539920099346	0.5614094552710375	0.5721104809617836	0.5832664870778905	0.5479451399795018	0.551774143063114	0.5407297850622159	0.5221504897287326	0.5742370756593119	0.5616707050350751	0.5688993169842969	0.5703041691704382	0.5681385215112018	0.5956340093517416	0.5217336526226419	0.5685649591679801	1.0	0.5782642610208215	0.5272032239676966	0.5718712201756441	0.5126396237507349	0.5769622183491221
sv	0.5093457943925234	0.5331454008460123	0.5013949780789159	0.5175840978593271	0.5671885246860391	0.5761381372402823	0.5588233818135847	0.5543664725947492	0.587018914033891	0.5822588589620376	0.594678933020346	0.553114282745003	0.5587655702578617	0.5779468852399928	0.5837002435331501	0.5947544709682372	0.5902359823630619	0.5385066904540255	0.5443980279367001	0.534380029212588	0.5167382246367402	0.5985637140085321	0.5801711376647952	0.5932088083770453	0.5609775953908204	0.5836941758281138	0.5603326231265495	0.5154485019571491	0.5700334172780417	0.5782642610208215	1.0	0.5204664580072671	0.575534046001431	0.5088408644400786	0.5881822610554626
te	0.5304347826086956	0.5423452768729642	0.5076335877862596	0.5452380952380952	0.5318606627017842	0.5104587801019511	0.5380281690140845	0.5062191862052008	0.51233218084448	0.5112167300380228	0.524747496310417	0.5484908897139301	0.5398148148148149	0.531385954008701	0.512041884816754	0.5192179166383114	0.5265875064532783	0.5476190476190476	0.5383615084525357	0.5555555555555556	0.5626598465473146	0.5174295240982116	0.512380538662033	0.5142995637421232	0.5365284074232153	0.5145968030401527	0.5375565610859728	0.5461538461538461	0.5350141187294083	0.5272032239676966	0.5204664580072671	1.0	0.5310327706057597	0.5396825396825397	0.5233765258293405
vi	0.5134615384615385	0.5431182181610508	0.5023411371237458	0.5270690728064716	0.5665505547769366	0.5489990841611753	0.5670320400703422	0.5346537525338763	0.5600858837145102	0.5550967337400324	0.582436467268197	0.5700774198838493	0.5668447519917754	0.5824966195634408	0.5566138454948625	0.5736030272020539	0.5874971817008224	0.5555423526830693	0.5568157341029581	0.5488808468421184	0.5281776487349795	0.5703086835559057	0.5556863140167225	0.5676881954426575	0.5713549573111573	0.5621793309716795	0.5674204596796983	0.5246212121212122	0.578578130999886	0.5718712201756441	0.575534046001431	0.5310327706057597	1.0	0.5143603133159269	0.5815721014131078
war	0.5364583333333334	0.5382978723404256	0.53	0.5539033457249071	0.52	0.5040157058718544	0.5227995758218451	0.5022574297820979	0.5047002297890119	0.504349507055867	0.510038240917782	0.5243179122182681	0.5212435233160622	0.5142667551426675	0.5046948356807511	0.5078097882679625	0.5119825708061002	0.5373134328358209	0.5301587301587302	0.5402750491159136	0.5622489959839357	0.5070115300716734	0.5048737261852015	0.5054455445544555	0.5211267605633803	0.5057383320581484	0.5212981744421906	0.5588235294117647	0.5180520570948783	0.5126396237507349	0.5088408644400786	0.5396825396825397	0.5143603133159269	1.0	0.5096607986260198
zh	0.5097706032285472	0.5347532934545832	0.5015263846489315	0.5191666666666667	0.5674783578773545	0.5661851946310736	0.5610968273129141	0.5511416847128	0.5797960165108347	0.5721532997623093	0.5894057974653749	0.5572657466197126	0.5608477927392884	0.5742974244519363	0.577536219195079	0.5912354299322254	0.5899441080098093	0.5405055961269933	0.5453457240616504	0.5368666828822055	0.5191603659582388	0.5862155964243665	0.5744036395344715	0.5862075160153274	0.5619552702943365	0.5761432602725517	0.5599821404789594	0.5179233643049599	0.5742259930484447	0.5769622183491221	0.5881822610554626	0.5233765258293405	0.5815721014131078	0.5096607986260198	1.0
