arz	bs	ceb	ckb	da	de	el	en	es	fr	he	hi	hu	id	it	ja	ko	lv	mk	ml	mr	nl	pl	pt	ro	ru	sh	si	simple	sr	sv	te	vi	war	zh
arz	0.05562973471936146	0.25	0.0	0.3333333333333333	0.14287755102040817	0.09090909090909091	0.08335416666666667	0.06250390624999999	0.1	0.08333333333333333	0.125015625	0.5	0.125	0.125	0.1	0.1111111111111111	0.08334027777777778	0.20003999999999997	0.2	0.3333333333333333	0.25	0.11112345679012345	0.11112345679012345	0.06667555555555556	0.09092561983471073	0.1	0.25	0.3333333333333333	0.1	0.25	0.1111111111111111	0.0	0.125015625	0.2	0.08333333333333333
bs	0.25	0.014343083213139285	0.0	0.2	0.017295052835724065	0.014314139709220077	0.016180179472391573	0.014303082269210439	0.015152433425160696	0.016498092346508578	0.017630160294927224	0.3333333333333333	0.016186455879778253	0.016768942215200804	0.014308402911102372	0.016427106302380392	0.01543686762499954	0.02303560083780057	0.06257038288286723	0.25006249999999997	0.1432869217646389	0.01497364853626676	0.015418299565066984	0.01726161923666712	0.016302314157244622	0.014955957135706268	0.1111605185432346	0.14285714285714285	0.03333778000222445	0.018345615702868873	0.015423527332867386	0.0	0.0285943069616588	0.09090909090909091	0.015173127918578866
ceb	0.0	0.0	0.5	0.0	1.0	0.5	0.5	0.5	0.5	0.5	0.5	1.0	0.5	0.5	0.5	0.5	0.5	1.0	1.0	0.0	0.5	0.5	0.5	0.5	0.5	0.5	0.5	0.0	0.5	1.0	0.5	0.0	0.5	0.0	0.5
ckb	0.3333333333333333	0.2	0.0	0.16669444444444442	0.2	0.16666666666666666	0.16666666666666666	0.16666666666666666	0.16666666666666666	0.16666666666666666	0.2	0.5	0.2	0.2	0.16666666666666666	0.2	0.16669444444444442	0.2	0.25	0.25	0.2	0.16666666666666666	0.16669444444444442	0.16666666666666666	0.16669444444444442	0.16666666666666666	0.5	0.3333333333333333	0.2	0.2	0.16666666666666666	0.0	0.2	0.16666666666666666	0.16666666666666666
da	0.14287755102040817	0.017295052835724065	1.0	0.2	0.006874260818433194	0.00855395398108167	0.010539631271832616	0.0068534929179033584	0.00826494091933611	0.008647976797878024	0.012679088812272967	0.3333333333333333	0.009817010981577513	0.013357018741470114	0.007641287112939291	0.010424375762153971	0.00972251901851094	0.020489284887503033	0.06251171875	0.25	0.1251094844844845	0.007588576076843119	0.009533069941142138	0.01020908173771366	0.011948579858293592	0.009624269517946756	0.14285714285714285	0.07692307692307693	0.018519890260631	0.01699379459911329	0.008556735053997018	0.0	0.01613475780619329	0.0625	0.009016317915268648
de	0.09090909090909091	0.014314139709220077	0.5	0.16666666666666666	0.00855395398108167	0.002290829612505734	0.006030563697863566	0.002311759396618307	0.002702899926953981	0.0029563317461737196	0.008783718398851087	0.3333333333333333	0.004553609632003808	0.010652578797689629	0.002804946990556607	0.0041719163448704286	0.005082359255028767	0.020042093809672663	0.05000999999999999	0.2	0.11112345679012345	0.0028642052359410964	0.0037088412446232852	0.00362601295830826	0.004469650895697905	0.0036276176285917057	0.07692899408284024	0.07692307692307693	0.012195716835217132	0.013177488104132402	0.006140808201704395	0.0	0.010104582696153656	0.06666666666666667	0.003748955116178938
el	0.08335416666666667	0.016180179472391573	0.5	0.16666666666666666	0.010539631271832616	0.006030563697863566	0.0053006255856530215	0.005323821444038254	0.005780881486183968	0.0060884285008954275	0.009922504359468967	0.33344444444444443	0.007889732467478825	0.012220004242553192	0.005656493100560202	0.006906651728797889	0.007259053912531305	0.019692395187754275	0.0500350200025025	0.2	0.11118524695065438	0.006109221902198541	0.0065455304559187836	0.006808928230558477	0.007241706968557181	0.006338381693637787	0.11112345679012345	0.08333333333333333	0.01562646484375	0.015914953191053884	0.00886045659121766	0.0	0.015390535385562367	0.07692307692307693	0.006673830321435663
en	0.06250390624999999	0.014303082269210439	0.5	0.16666666666666666	0.0068534929179033584	0.002311759396618307	0.005323821444038254	0.0012619832554202706	0.0019231952773705618	0.0023189218100993815	0.008342232441886817	0.3333333333333333	0.004137069640453293	0.009443583045398815	0.0020515176056535994	0.003748462765841715	0.004488834126109722	0.01925520751226414	0.04763038548752834	0.20003999999999997	0.1111605308888889	0.0021643100259219456	0.0030701783589076577	0.0028427504366692847	0.0040645272907072335	0.003147683065566793	0.07692899408284024	0.058823529411764705	0.011236460042923871	0.011780643069232839	0.004548887006407027	0.0	0.006291128317867252	0.0625	0.0030885359615633
es	0.1	0.015152433425160696	0.5	0.16666666666666666	0.00826494091933611	0.002702899926953981	0.005780881486183968	0.0019231952773705618	0.0018251072130945995	0.0026534419084986594	0.008334097291666667	0.3333333333333333	0.004386465085410895	0.010526759002770083	0.0023421233210350516	0.004000272	0.004831291325351816	0.019232988165680472	0.047619047619047616	0.2	0.125	0.0027476981192035986	0.003401626660199454	0.0030032284987690397	0.004238940372863401	0.00328981997706025	0.08333333333333333	0.07142857142857142	0.012345679012345678	0.013159279778393351	0.0061351198765478565	0.0	0.010101214161820221	0.0625	0.0035091166759002763
fr	0.08333333333333333	0.016498092346508578	0.5	0.16666666666666666	0.008647976797878024	0.0029563317461737196	0.0060884285008954275	0.0023189218100993815	0.0026534419084986594	0.0024745796180489477	0.008594460340207973	0.3333333333333333	0.0045148772182483955	0.011042407041793895	0.0027096164756660046	0.004222045593714147	0.005052521916555125	0.020169406430877463	0.05266206926870915	0.20003999999999997	0.12514075012512513	0.003141484548299562	0.003778389518518449	0.0034118037730168412	0.004447885455474368	0.0037083872760708637	0.11114816050618517	0.0625	0.01315962638504155	0.01478677622724925	0.006556860862868425	0.0	0.010539074700520358	0.0625	0.004130064939167829
he	0.125015625	0.017630160294927224	0.5	0.2	0.012679088812272967	0.008783718398851087	0.009922504359468967	0.008342232441886817	0.008334097291666667	0.008594460340207973	0.008394261097265477	0.3333333333333333	0.010894548804537958	0.014123893379334005	0.008557322466457044	0.00945134849102761	0.009281515635822237	0.019733589034266585	0.055583345691370384	0.25006249999999997	0.1250938438282032	0.008948464694145798	0.009025515188956817	0.009355237586175923	0.010079534676561842	0.008561202167194252	0.12503124999999998	0.07692307692307693	0.017859056441645725	0.016460088395202226	0.01125365589161403	0.0	0.021287920330468082	0.06666666666666667	0.00901997899206048
hi	0.5	0.3333333333333333	1.0	0.5	0.3333333333333333	0.3333333333333333	0.33344444444444443	0.3333333333333333	0.3333333333333333	0.3333333333333333	0.3333333333333333	0.33344444444444443	0.3333333333333333	0.3333333333333333	0.3333333333333333	0.5	0.3333333333333333	0.3333333333333333	0.3333333333333333	0.5	0.50025	0.3333333333333333	0.3333333333333333	0.3333333333333333	0.3333333333333333	0.33344444444444443	1.0	0.1111111111111111	0.3333333333333333	0.3333333333333333	0.3333333333333333	0.0	0.3333333333333333	0.1	0.3333333333333333
hu	0.125	0.016186455879778253	0.5	0.2	0.009817010981577513	0.004553609632003808	0.007889732467478825	0.004137069640453293	0.004386465085410895	0.0045148772182483955	0.010894548804537958	0.3333333333333333	0.004227728257138183	0.011794816239335332	0.004300186824304773	0.006070280904277226	0.007533978183969848	0.019700954554105636	0.050032512510007496	0.2	0.1112346420247408	0.0046221822049033355	0.0054747416208942605	0.004981171217629255	0.005702293440827348	0.0055952818788148565	0.142877571449	0.09090909090909091	0.016395055361461974	0.015674473155897494	0.00814245914293818	0.0	0.012057344323130652	0.08333333333333333	0.006376737361729455
id	0.125	0.016768942215200804	0.5	0.2	0.013357018741470114	0.010652578797689629	0.012220004242553192	0.009443583045398815	0.010526759002770083	0.011042407041793895	0.014123893379334005	0.3333333333333333	0.011794816239335332	0.009579563818987308	0.010428942183072727	0.010658937044298983	0.01022997405686236	0.01975151846657199	0.06253517578516016	0.25006249999999997	0.12517207835964092	0.010777718943311752	0.011381741258190936	0.01150681636902063	0.012291338019647415	0.01054595716183288	0.125015625	0.07142857142857142	0.022224691358024688	0.017034029662824583	0.01300880846511218	0.0	0.01786831378508547	0.0625	0.010215337578000326
it	0.1	0.014308402911102372	0.5	0.16666666666666666	0.007641287112939291	0.002804946990556607	0.005656493100560202	0.0020515176056535994	0.0023421233210350516	0.0027096164756660046	0.008557322466457044	0.3333333333333333	0.004300186824304773	0.010428942183072727	0.002059447923706682	0.004004933606679769	0.004909421804047865	0.019272278303325344	0.047634925170068024	0.2	0.125	0.002847948439861895	0.003360756868863096	0.0032498449494040758	0.004411697450867864	0.0034532889519647766	0.07692307692307693	0.08333333333333333	0.012049063724778633	0.013356128961197563	0.0059223809074996	0.0	0.009094464546364133	0.07142857142857142	0.003653582001603355
ja	0.1111111111111111	0.016427106302380392	0.5	0.2	0.010424375762153971	0.0041719163448704286	0.006906651728797889	0.003748462765841715	0.004000272	0.004222045593714147	0.00945134849102761	0.5	0.006070280904277226	0.010658937044298983	0.004004933606679769	0.0037768656619369526	0.005628411249805557	0.020470420467307005	0.06251953906640625	0.25	0.14291836734693877	0.004492988467528706	0.005160943866603484	0.004811741105218893	0.005813040455705117	0.004657184715643934	0.11112345679012345	0.07692307692307693	0.014084903788930767	0.01589951961897111	0.007526607847548442	0.0	0.011116298766790617	0.06666666666666667	0.004835730313921918
ko	0.08334027777777778	0.01543686762499954	0.5	0.16669444444444442	0.00972251901851094	0.005082359255028767	0.007259053912531305	0.004488834126109722	0.004831291325351816	0.005052521916555125	0.009281515635822237	0.3333333333333333	0.007533978183969848	0.01022997405686236	0.004909421804047865	0.005628411249805557	0.003518242054503427	0.019685827155368697	0.05264544045430472	0.20004004004004003	0.11119758027161729	0.0055682682392338275	0.005995671209956779	0.005560714387165252	0.007040519080959323	0.005627397319975313	0.11112345679012345	0.07142857142857142	0.01315841412742382	0.015184423051850388	0.008074804451894148	0.0	0.013338491022933333	0.0625	0.005531066430341827
lv	0.20003999999999997	0.02303560083780057	1.0	0.2	0.020489284887503033	0.020042093809672663	0.019692395187754275	0.01925520751226414	0.019232988165680472	0.020169406430877463	0.019733589034266585	0.3333333333333333	0.019700954554105636	0.01975151846657199	0.019272278303325344	0.020470420467307005	0.019685827155368697	0.019571785960479867	0.07152054608181654	0.25006249999999997	0.12540759829652004	0.019678852995784403	0.01966181545816385	0.02003044486810216	0.020269175919667266	0.019286400975807808	0.12509384384384387	0.09090909090909091	0.03449108442330559	0.021077442852290747	0.020466631432327964	0.0	0.03574492349108546	0.07142857142857142	0.019640962815672857
mk	0.2	0.06257038288286723	1.0	0.25	0.06251171875	0.05000999999999999	0.0500350200025025	0.04763038548752834	0.047619047619047616	0.05266206926870915	0.055583345691370384	0.3333333333333333	0.050032512510007496	0.06253517578516016	0.047634925170068024	0.06251953906640625	0.05264544045430472	0.07152054608181654	0.045622481287852686	0.25	0.16669444444444442	0.04763038775737188	0.04763946258730385	0.045460745869836776	0.047698553567452305	0.05265374238227147	0.20007999999999998	0.16666666666666666	0.07693491124260354	0.05888931836680971	0.055574074074074074	0.0	0.09090909090909091	0.09090909090909091	0.04545867768595041
ml	0.3333333333333333	0.25006249999999997	0.0	0.25	0.25	0.2	0.2	0.20003999999999997	0.2	0.20003999999999997	0.25006249999999997	0.5	0.2	0.25006249999999997	0.2	0.25	0.20004004004004003	0.25006249999999997	0.25	0.20016012012012013	0.20003999999999997	0.2	0.2	0.2	0.20008008008008007	0.2	0.5	0.16666666666666666	0.2	0.25	0.25	0.0	0.25	0.125	0.2
mr	0.25	0.1432869217646389	0.5	0.2	0.1251094844844845	0.11112345679012345	0.11118524695065438	0.1111605308888889	0.125	0.12514075012512513	0.1250938438282032	0.50025	0.1112346420247408	0.12517207835964092	0.125	0.14291836734693877	0.11119758027161729	0.12540759829652004	0.16669444444444442	0.20003999999999997	0.10059349045991305	0.11119759264201237	0.11116050618519754	0.11116051853087656	0.11138343406713833	0.12509382818754694	0.3333333333333333	0.2	0.11112345679012345	0.12520353204850332	0.14287755102040817	0.0	0.14287755102040817	0.14285714285714285	0.11117288893832103
nl	0.11112345679012345	0.01497364853626676	0.5	0.16666666666666666	0.007588576076843119	0.0028642052359410964	0.006109221902198541	0.0021643100259219456	0.0027476981192035986	0.003141484548299562	0.008948464694145798	0.3333333333333333	0.0046221822049033355	0.010777718943311752	0.002847948439861895	0.004492988467528706	0.0055682682392338275	0.019678852995784403	0.04763038775737188	0.2	0.11119759264201237	0.001980150829396472	0.003698648963062303	0.002981185813800248	0.0047633311534157514	0.0037259485637121262	0.1	0.07142857142857142	0.0133338668446224	0.013926026890756898	0.005035145239244178	0.0	0.007758072836431948	0.0625	0.003780503932632652
pl	0.11112345679012345	0.015418299565066984	0.5	0.16669444444444442	0.009533069941142138	0.0037088412446232852	0.0065455304559187836	0.0030701783589076577	0.003401626660199454	0.003778389518518449	0.009025515188956817	0.3333333333333333	0.0054747416208942605	0.011381741258190936	0.003360756868863096	0.005160943866603484	0.005995671209956779	0.01966181545816385	0.04763946258730385	0.2	0.11116050618519754	0.003698648963062303	0.003057204158188248	0.004332624466710972	0.0054090293904586455	0.004207708770334159	0.08335418056945836	0.07692307692307693	0.01351424397370343	0.013185654213389396	0.007150313221639292	0.0	0.012197799375520672	0.0625	0.004766444221908461
pt	0.06667555555555556	0.01726161923666712	0.5	0.16666666666666666	0.01020908173771366	0.00362601295830826	0.006808928230558477	0.0028427504366692847	0.0030032284987690397	0.0034118037730168412	0.009355237586175923	0.3333333333333333	0.004981171217629255	0.01150681636902063	0.0032498449494040758	0.004811741105218893	0.005560714387165252	0.02003044486810216	0.045460745869836776	0.2	0.11116051853087656	0.002981185813800248	0.004332624466710972	0.0023400594334531755	0.004735882238934978	0.004487866981280362	0.1111111111111111	0.07142857142857142	0.013513513513513514	0.015640152359144788	0.0073029477334969894	0.0	0.012197502528554728	0.0625	0.004697526241421103
ro	0.09092561983471073	0.016302314157244622	0.5	0.16669444444444442	0.011948579858293592	0.004469650895697905	0.007241706968557181	0.0040645272907072335	0.004238940372863401	0.004447885455474368	0.010079534676561842	0.3333333333333333	0.005702293440827348	0.012291338019647415	0.004411697450867864	0.005813040455705117	0.007040519080959323	0.020269175919667266	0.047698553567452305	0.20008008008008007	0.11138343406713833	0.0047633311534157514	0.0054090293904586455	0.004735882238934978	0.003811566988796752	0.005007111366873132	0.12507821882820322	0.08333333333333333	0.015875787351977828	0.01653001350765823	0.008730115824110218	0.0	0.01353656271124645	0.06666666666666667	0.005372821588902955
ru	0.1	0.014955957135706268	0.5	0.16666666666666666	0.009624269517946756	0.0036276176285917057	0.006338381693637787	0.003147683065566793	0.00328981997706025	0.0037083872760708637	0.008561202167194252	0.33344444444444443	0.0055952818788148565	0.01054595716183288	0.0034532889519647766	0.004657184715643934	0.005627397319975313	0.019286400975807808	0.05265374238227147	0.2	0.12509382818754694	0.0037259485637121262	0.004207708770334159	0.004487866981280362	0.005007111366873132	0.003144858633758092	0.10001001001001	0.058823529411764705	0.013158240997229917	0.014951928793632442	0.0070990453251896825	0.0	0.010873584476843926	0.0625	0.004333656495629604
sh	0.25	0.1111605185432346	0.5	0.5	0.14285714285714285	0.07692899408284024	0.11112345679012345	0.07692899408284024	0.08333333333333333	0.11114816050618517	0.12503124999999998	1.0	0.142877571449	0.125015625	0.07692307692307693	0.11112345679012345	0.11112345679012345	0.12509384384384387	0.20007999999999998	0.5	0.3333333333333333	0.1	0.08335418056945836	0.1111111111111111	0.12507821882820322	0.10001001001001	0.07151539292356641	0.07142857142857142	0.2	0.08336113195139584	0.125015625	0.0	0.25	0.06666666666666667	0.10000999999999999
si	0.3333333333333333	0.14285714285714285	0.0	0.3333333333333333	0.07692307692307693	0.07692307692307693	0.08333333333333333	0.058823529411764705	0.07142857142857142	0.0625	0.07692307692307693	0.1111111111111111	0.09090909090909091	0.07142857142857142	0.08333333333333333	0.07692307692307693	0.07142857142857142	0.09090909090909091	0.16666666666666666	0.16666666666666666	0.2	0.07142857142857142	0.07692307692307693	0.07142857142857142	0.08333333333333333	0.058823529411764705	0.07142857142857142	0.058823529411764705	0.08333333333333333	0.07692307692307693	0.07142857142857142	0.5	0.07142857142857142	0.16666666666666666	0.07142857142857142
simple	0.1	0.03333778000222445	0.5	0.2	0.018519890260631	0.012195716835217132	0.01562646484375	0.011236460042923871	0.012345679012345678	0.01315962638504155	0.017859056441645725	0.3333333333333333	0.016395055361461974	0.022224691358024688	0.012049063724778633	0.014084903788930767	0.01315841412742382	0.03449108442330559	0.07693491124260354	0.2	0.11112345679012345	0.0133338668446224	0.01351424397370343	0.013513513513513514	0.015875787351977828	0.013158240997229917	0.2	0.08333333333333333	0.01112186161321556	0.029414359861591695	0.016130332986472422	0.0	0.02702702702702703	0.07692307692307693	0.013159106648199448
sr	0.25	0.018345615702868873	1.0	0.2	0.01699379459911329	0.013177488104132402	0.015914953191053884	0.011780643069232839	0.013159279778393351	0.01478677622724925	0.016460088395202226	0.3333333333333333	0.015674473155897494	0.017034029662824583	0.013356128961197563	0.01589951961897111	0.015184423051850388	0.021077442852290747	0.05888931836680971	0.25	0.12520353204850332	0.013926026890756898	0.013185654213389396	0.015640152359144788	0.01653001350765823	0.014951928793632442	0.08336113195139584	0.07692307692307693	0.029414359861591695	0.01198707624293894	0.016423326894312133	0.0	0.03031864646648393	0.07142857142857142	0.014511680559378763
sv	0.1111111111111111	0.015423527332867386	0.5	0.16666666666666666	0.008556735053997018	0.006140808201704395	0.00886045659121766	0.004548887006407027	0.0061351198765478565	0.006556860862868425	0.01125365589161403	0.3333333333333333	0.00814245914293818	0.01300880846511218	0.0059223809074996	0.007526607847548442	0.008074804451894148	0.020466631432327964	0.055574074074074074	0.25	0.14287755102040817	0.005035145239244178	0.007150313221639292	0.0073029477334969894	0.008730115824110218	0.0070990453251896825	0.125015625	0.07142857142857142	0.016130332986472422	0.016423326894312133	0.0045172375023911715	0.0	0.010208352458142856	0.0625	0.007097534029979982
te	0.0	0.0	0.0	0.0	0.0	0.0	0.0	0.0	0.0	0.0	0.0	0.0	0.0	0.0	0.0	0.0	0.0	0.0	0.0	0.0	0.0	0.0	0.0	0.0	0.0	0.0	0.0	0.5	0.0	0.0	0.0	0.0	0.0	0.5	0.0
vi	0.125015625	0.0285943069616588	0.5	0.2	0.01613475780619329	0.010104582696153656	0.015390535385562367	0.006291128317867252	0.010101214161820221	0.010539074700520358	0.021287920330468082	0.3333333333333333	0.012057344323130652	0.01786831378508547	0.009094464546364133	0.011116298766790617	0.013338491022933333	0.03574492349108546	0.09090909090909091	0.25	0.14287755102040817	0.007758072836431948	0.012197799375520672	0.012197502528554728	0.01353656271124645	0.010873584476843926	0.25	0.07142857142857142	0.02702702702702703	0.03031864646648393	0.010208352458142856	0.0	0.0063440152679182515	0.0625	0.010206373074136193
war	0.2	0.09090909090909091	0.0	0.16666666666666666	0.0625	0.06666666666666667	0.07692307692307693	0.0625	0.0625	0.0625	0.06666666666666667	0.1	0.08333333333333333	0.0625	0.07142857142857142	0.06666666666666667	0.0625	0.07142857142857142	0.09090909090909091	0.125	0.14285714285714285	0.0625	0.0625	0.0625	0.06666666666666667	0.0625	0.06666666666666667	0.16666666666666666	0.07692307692307693	0.07142857142857142	0.0625	0.5	0.0625	0.0625	0.0625
zh	0.08333333333333333	0.015173127918578866	0.5	0.16666666666666666	0.009016317915268648	0.003748955116178938	0.006673830321435663	0.0030885359615633	0.0035091166759002763	0.004130064939167829	0.00901997899206048	0.3333333333333333	0.006376737361729455	0.010215337578000326	0.003653582001603355	0.004835730313921918	0.005531066430341827	0.019640962815672857	0.04545867768595041	0.2	0.11117288893832103	0.003780503932632652	0.004766444221908461	0.004697526241421103	0.005372821588902955	0.004333656495629604	0.10000999999999999	0.07142857142857142	0.013159106648199448	0.014511680559378763	0.007097534029979982	0.0	0.010206373074136193	0.0625	0.003110098397309622
