arz	bs	ceb	ckb	da	de	el	en	es	fr	he	hi	hu	id	it	ja	ko	lv	mk	ml	mr	nl	pl	pt	ro	ru	sh	si	simple	sr	sv	te	tr	vi	war	zh
arz	0.5	0.038135593220338986	0.032520325203252036	0.038135593220338986	0.037815126050420166	0.03409090909090909	0.03461538461538462	0.027777777777777776	0.03409090909090909	0.028846153846153848	0.0375	0.0391304347826087	0.03435114503816794	0.03383458646616541	0.0371900826446281	0.03543307086614173	0.03103448275862069	0.038135593220338986	0.038135593220338986	0.038135593220338986	0.038135593220338986	0.037815126050420166	0.036290322580645164	0.036290322580645164	0.036885245901639344	0.03543307086614173	0.038135593220338986	0.08823529411764706	0.0371900826446281	0.0375	0.03125	0.042105263157894736	0.05555555555555555	0.036290322580645164	0.038135593220338986	0.03543307086614173
bs	0.038135593220338986	1.0	0.8416208487684409	0.5	0.9377759048008478	0.7968313070044417	0.45384615384615384	0.5779456712334983	0.7609940872135994	0.6106498616251542	0.49166666666666664	0.4872881355932203	0.5957420799105392	0.7888027849211063	0.9326447129441138	0.4645669291338583	0.4068965517241379	0.783601756954612	0.5	0.5	0.5	0.952138540103276	0.8822514946455555	0.5495457475215617	0.9050133886249355	0.4645669291338583	0.5722437714456213	0.13135593220338984	0.9296923468810143	0.49166666666666664	0.6917326137032656	0.38333333333333336	0.21778846153846154	0.8379741952675566	0.5003374831258437	0.4995632336423579
ceb	0.032520325203252036	0.8416208487684409	1.0	0.46	0.8425110533159947	0.8233840608730476	0.46923076923076923	0.5974242940196431	0.7850047544503655	0.6310940866622317	0.468	0.448	0.5934234694056438	0.8133816295734992	0.8584074822133668	0.48031496062992124	0.4206896551724138	0.699134842852315	0.46	0.46	0.46	0.8540867650867652	0.8907024301964839	0.5480391263711606	0.8534124144589261	0.48031496062992124	0.5238555936073059	0.12195121951219512	0.8754300109812028	0.468	0.7146008092301208	0.364	-1.0	0.8468176578464763	0.46032615786040443	0.5149939385126784
ckb	0.038135593220338986	0.5	0.46	0.5	0.4957983193277311	0.44696969696969696	0.45384615384615384	0.36419753086419754	0.44696969696969696	0.3782051282051282	0.49166666666666664	0.4872881355932203	0.45038167938931295	0.44360902255639095	0.48760330578512395	0.4645669291338583	0.4068965517241379	0.5	0.5	0.5	0.5	0.4957983193277311	0.47580645161290325	0.47580645161290325	0.48360655737704916	0.4645669291338583	0.5	0.13135593220338984	0.48760330578512395	0.49166666666666664	0.4097222222222222	0.38333333333333336	0.075	0.47580645161290325	0.5	0.4645669291338583
da	0.037815126050420166	0.9377759048008478	0.8425110533159947	0.4957983193277311	1.0	0.7984375474573576	0.4576923076923077	0.5790118322440405	0.7632386695926534	0.6121616047457594	0.49583333333333335	0.4831932773109244	0.5993508660558533	0.7894200910165556	0.933338878054052	0.468503937007874	0.4103448275862069	0.7688819430211109	0.4957983193277311	0.4957983193277311	0.4957983193277311	0.930762522673364	0.8833296044246417	0.553657534767712	0.9058319902298232	0.468503937007874	0.5664830661062747	0.13025210084033614	0.9304474248228336	0.49583333333333335	0.6940739165549713	0.3875	0.19642857142857142	0.8407605533647942	0.49610073106130637	0.5035825100323769
de	0.03409090909090909	0.7968313070044417	0.8233840608730476	0.44696969696969696	0.7984375474573576	1.0	0.49242424242424243	0.6501652042417433	0.8243654804891103	0.6878454772774036	0.45454545454545453	0.4356060606060606	0.638938388669694	0.8394693356658164	0.8136148002224053	0.4664179104477612	0.45517241379310347	0.6663101821580427	0.44696969696969696	0.44696969696969696	0.44696969696969696	0.8092054667222097	0.8430185762639588	0.5278641269080065	0.8257469088064571	0.4810606060606061	0.5036255720411119	0.11742424242424243	0.8287547129266053	0.45454545454545453	0.781556728454299	0.3560606060606061	0.08571428571428572	0.8000435511968514	0.44725947738054117	0.4981862186896596
el	0.03461538461538462	0.45384615384615384	0.46923076923076923	0.45384615384615384	0.4576923076923077	0.49242424242424243	0.5	0.4012345679012346	0.49242424242424243	0.4166666666666667	0.46153846153846156	0.4423076923076923	0.48120300751879697	0.48134328358208955	0.4580152671755725	0.4734848484848485	0.4482758620689655	0.45384615384615384	0.45384615384615384	0.45384615384615384	0.45384615384615384	0.4576923076923077	0.47692307692307695	0.46946564885496184	0.46923076923076923	0.48846153846153845	0.45384615384615384	0.11923076923076924	0.4653846153846154	0.46153846153846156	0.4513888888888889	0.36153846153846153	0.13043478260869565	0.47692307692307695	0.45384615384615384	0.4734848484848485
en	0.027777777777777776	0.5779456712334983	0.5974242940196431	0.36419753086419754	0.5790118322440405	0.6501652042417433	0.4012345679012346	1.0	0.6252158057852908	0.7582879117101855	0.37037037037037035	0.3549382716049383	0.5018513754606108	0.6551968564321071	0.6006586269730864	0.39197530864197533	0.44753086419753085	0.5019340834884168	0.36419753086419754	0.36419753086419754	0.36419753086419754	0.586215121882704	0.6086551181035054	0.4257108789595445	0.5979494327168005	0.39197530864197533	0.4020239032696316	0.09567901234567901	0.5990953694200438	0.37037037037037035	0.7056981607879811	0.29012345679012347	0.09978341584158415	0.5878896851020641	0.3642752671826055	0.4133849238302983
es	0.03409090909090909	0.7609940872135994	0.7850047544503655	0.44696969696969696	0.7632386695926534	0.8243654804891103	0.49242424242424243	0.6252158057852908	1.0	0.6592509728318476	0.45454545454545453	0.4356060606060606	0.6202191774536394	0.8148148148148148	0.7742877629317455	0.4664179104477612	0.45517241379310347	0.6512393744727791	0.44696969696969696	0.44696969696969696	0.44696969696969696	0.7720401818400375	0.8018270412960151	0.5269643189245198	0.788008715119533	0.4810606060606061	0.5036641236192806	0.11742424242424243	0.7879771068281719	0.45454545454545453	0.7458467997058773	0.3560606060606061	0.1125	0.7692267119713071	0.4472997783897806	0.49712691123793434
fr	0.028846153846153848	0.6106498616251542	0.6310940866622317	0.3782051282051282	0.6121616047457594	0.6878454772774036	0.4166666666666667	0.7582879117101855	0.6592509728318476	1.0	0.38461538461538464	0.3685897435897436	0.5262286379468282	0.6931566839507977	0.6350262531268465	0.40705128205128205	0.4525316455696203	0.5273357348046145	0.3782051282051282	0.3782051282051282	0.3782051282051282	0.6203392910591354	0.6446168243931396	0.43727081763745534	0.6327242509180346	0.40705128205128205	0.41920057910156916	0.09935897435897435	0.6325654647546465	0.38461538461538464	0.7466232525653009	0.30128205128205127	0.10106382978723404	0.618101314493067	0.37842479979609966	0.4294018732082221
he	0.0375	0.49166666666666664	0.468	0.49166666666666664	0.49583333333333335	0.45454545454545453	0.46153846153846156	0.37037037037037035	0.45454545454545453	0.38461538461538464	0.5	0.4791666666666667	0.4580152671755725	0.45112781954887216	0.49586776859504134	0.47244094488188976	0.41379310344827586	0.49166666666666664	0.49166666666666664	0.49166666666666664	0.49166666666666664	0.48760330578512395	0.4838709677419355	0.4838709677419355	0.4918032786885246	0.47244094488188976	0.49166666666666664	0.12916666666666668	0.49586776859504134	0.5	0.4166666666666667	0.39166666666666666	0.125	0.4838709677419355	0.49166666666666664	0.47244094488188976
hi	0.0391304347826087	0.4872881355932203	0.448	0.4872881355932203	0.4831932773109244	0.4356060606060606	0.4423076923076923	0.3549382716049383	0.4356060606060606	0.3685897435897436	0.4791666666666667	0.5	0.4389312977099237	0.4323308270676692	0.47520661157024796	0.452755905511811	0.39655172413793105	0.4872881355932203	0.4872881355932203	0.4872881355932203	0.4872881355932203	0.4831932773109244	0.4637096774193548	0.4637096774193548	0.4713114754098361	0.452755905511811	0.4872881355932203	0.13478260869565217	0.47520661157024796	0.4791666666666667	0.3993055555555556	0.37815126050420167	0.14583333333333334	0.4637096774193548	0.4872881355932203	0.452755905511811
hu	0.03435114503816794	0.5957420799105392	0.5934234694056438	0.45038167938931295	0.5993508660558533	0.638938388669694	0.48120300751879697	0.5018513754606108	0.6202191774536394	0.5262286379468282	0.4580152671755725	0.4389312977099237	1.0	0.609926071502054	0.6006852205126376	0.45555555555555555	0.4517241379310345	0.5664652777536928	0.45038167938931295	0.45038167938931295	0.45038167938931295	0.6023265987047971	0.6011690687084756	0.5093569836815981	0.6130257071844992	0.4699248120300752	0.4996268794479382	0.1183206106870229	0.610838464977067	0.4580152671755725	0.5820160438215993	0.35877862595419846	0.0967741935483871	0.5953761230018491	0.45056372927098054	0.48342623560014863
id	0.03383458646616541	0.7888027849211063	0.8133816295734992	0.44360902255639095	0.7894200910165556	0.8394693356658164	0.48134328358208955	0.6551968564321071	0.8148148148148148	0.6931566839507977	0.45112781954887216	0.4323308270676692	0.609926071502054	1.0	0.821259308381854	0.4701492537313433	0.4586206896551724	0.6596015589714626	0.44360902255639095	0.44360902255639095	0.44360902255639095	0.8002157882528171	0.831652190297895	0.52360850969314	0.8161657181852524	0.4774436090225564	0.4996316072489882	0.11654135338345864	0.8183686438929376	0.45112781954887216	0.7875661842075805	0.3533834586466165	0.1891891891891892	0.7913347269387856	0.44389533673848675	0.501641593432497
it	0.0371900826446281	0.9326447129441138	0.8584074822133668	0.48760330578512395	0.933338878054052	0.8136148002224053	0.4580152671755725	0.6006586269730864	0.7742877629317455	0.6350262531268465	0.49586776859504134	0.47520661157024796	0.6006852205126376	0.821259308381854	1.0	0.4763779527559055	0.41724137931034483	0.7599913654866165	0.48760330578512395	0.48760330578512395	0.48760330578512395	0.9261345185682632	0.9003534115826132	0.5539832907546779	0.9234257713918481	0.46875	0.5560261948290877	0.128099173553719	0.9492422128113965	0.49586776859504134	0.7202358672474025	0.3884297520661157	0.12878787878787878	0.8546903116442821	0.4878483351886524	0.5114109045422391
ja	0.03543307086614173	0.4645669291338583	0.48031496062992124	0.4645669291338583	0.468503937007874	0.4664179104477612	0.4734848484848485	0.39197530864197533	0.4664179104477612	0.40705128205128205	0.47244094488188976	0.452755905511811	0.45555555555555555	0.4701492537313433	0.4763779527559055	0.5	0.4315068493150685	0.4645669291338583	0.4645669291338583	0.4645669291338583	0.4645669291338583	0.468503937007874	0.4881889763779528	0.48046875	0.47265625	0.4844961240310077	0.4645669291338583	0.1220472440944882	0.4763779527559055	0.47244094488188976	0.43448275862068964	0.3700787401574803	0.16304347826086957	0.4881889763779528	0.4645669291338583	0.5
ko	0.03103448275862069	0.4068965517241379	0.4206896551724138	0.4068965517241379	0.4103448275862069	0.45517241379310347	0.4482758620689655	0.44753086419753085	0.45517241379310347	0.4525316455696203	0.41379310344827586	0.39655172413793105	0.4517241379310345	0.4586206896551724	0.41724137931034483	0.4315068493150685	0.5	0.4068965517241379	0.4068965517241379	0.4068965517241379	0.4068965517241379	0.4103448275862069	0.42758620689655175	0.42758620689655175	0.4206896551724138	0.4379310344827586	0.4068965517241379	0.10689655172413794	0.41724137931034483	0.41379310344827586	0.47635135135135137	0.32413793103448274	0.1896551724137931	0.42758620689655175	0.4068965517241379	0.4315068493150685
lv	0.038135593220338986	0.783601756954612	0.699134842852315	0.5	0.7688819430211109	0.6663101821580427	0.45384615384615384	0.5019340834884168	0.6512393744727791	0.5273357348046145	0.49166666666666664	0.4872881355932203	0.5664652777536928	0.6596015589714626	0.7599913654866165	0.4645669291338583	0.4068965517241379	1.0	0.5	0.5	0.5	0.7750237470605681	0.7274386788458573	0.5442883898427406	0.7433163016755979	0.4645669291338583	0.566015493432132	0.13135593220338984	0.7587991463397167	0.49166666666666664	0.5894832257909473	0.38333333333333336	0.15851851851851853	0.7104886972669358	0.5003714250340473	0.4974647089673458
mk	0.038135593220338986	0.5	0.46	0.5	0.4957983193277311	0.44696969696969696	0.45384615384615384	0.36419753086419754	0.44696969696969696	0.3782051282051282	0.49166666666666664	0.4872881355932203	0.45038167938931295	0.44360902255639095	0.48760330578512395	0.4645669291338583	0.4068965517241379	0.5	0.5	0.5	0.5	0.4957983193277311	0.47580645161290325	0.47580645161290325	0.48360655737704916	0.4645669291338583	0.5	0.13135593220338984	0.48760330578512395	0.49166666666666664	0.4097222222222222	0.38333333333333336	0.12	0.47580645161290325	0.5	0.4645669291338583
ml	0.038135593220338986	0.5	0.46	0.5	0.4957983193277311	0.44696969696969696	0.45384615384615384	0.36419753086419754	0.44696969696969696	0.3782051282051282	0.49166666666666664	0.4872881355932203	0.45038167938931295	0.44360902255639095	0.48760330578512395	0.4645669291338583	0.4068965517241379	0.5	0.5	0.5	0.5	0.4957983193277311	0.47580645161290325	0.47580645161290325	0.48360655737704916	0.4645669291338583	0.5	0.13135593220338984	0.48760330578512395	0.49166666666666664	0.4097222222222222	0.38333333333333336	0.17307692307692307	0.47580645161290325	0.5	0.4645669291338583
mr	0.038135593220338986	0.5	0.46	0.5	0.4957983193277311	0.44696969696969696	0.45384615384615384	0.36419753086419754	0.44696969696969696	0.3782051282051282	0.49166666666666664	0.4872881355932203	0.45038167938931295	0.44360902255639095	0.48760330578512395	0.4645669291338583	0.4068965517241379	0.5	0.5	0.5	0.5	0.4957983193277311	0.47580645161290325	0.47580645161290325	0.48360655737704916	0.4645669291338583	0.5	0.13135593220338984	0.48760330578512395	0.49166666666666664	0.4097222222222222	0.38333333333333336	0.05	0.47580645161290325	0.5	0.4645669291338583
nl	0.037815126050420166	0.952138540103276	0.8540867650867652	0.4957983193277311	0.930762522673364	0.8092054667222097	0.4576923076923077	0.586215121882704	0.7720401818400375	0.6203392910591354	0.48760330578512395	0.4831932773109244	0.6023265987047971	0.8002157882528171	0.9261345185682632	0.468503937007874	0.4103448275862069	0.7750237470605681	0.4957983193277311	0.4957983193277311	0.4957983193277311	1.0	0.895768203157532	0.5537206416988862	0.9187719624142788	0.468503937007874	0.5665156679722547	0.13025210084033614	0.9229729207070121	0.48760330578512395	0.7024453423408015	0.38016528925619836	0.06702309255875971	0.8511041458744715	0.4960903540798666	0.5035511714493538
pl	0.036290322580645164	0.8822514946455555	0.8907024301964839	0.47580645161290325	0.8833296044246417	0.8430185762639588	0.47692307692307695	0.6086551181035054	0.8018270412960151	0.6446168243931396	0.4838709677419355	0.4637096774193548	0.6011690687084756	0.831652190297895	0.9003534115826132	0.4881889763779528	0.42758620689655175	0.7274386788458573	0.47580645161290325	0.47580645161290325	0.47580645161290325	0.895768203157532	1.0	0.5563629918468628	0.8943599819039617	0.4881889763779528	0.5406630587929602	0.125	0.8968440059328044	0.4838709677419355	0.7292757268792349	0.3790322580645161	0.09375	0.8656883269243303	0.4760869368523675	0.5235730570175079
pt	0.036290322580645164	0.5495457475215617	0.5480391263711606	0.47580645161290325	0.553657534767712	0.5278641269080065	0.46946564885496184	0.4257108789595445	0.5269643189245198	0.43727081763745534	0.4838709677419355	0.4637096774193548	0.5093569836815981	0.52360850969314	0.5539832907546779	0.48046875	0.42758620689655175	0.5442883898427406	0.47580645161290325	0.47580645161290325	0.47580645161290325	0.5537206416988862	0.5563629918468628	1.0	0.5579707647764989	0.48046875	0.515078007608939	0.125	0.5629972238568625	0.4838709677419355	0.47987479121998605	0.3790322580645161	0.126105216622458	0.5640540789675833	0.4762318025274077	0.5053031870860927
ro	0.036885245901639344	0.9050133886249355	0.8534124144589261	0.48360655737704916	0.9058319902298232	0.8257469088064571	0.46923076923076923	0.5979494327168005	0.788008715119533	0.6327242509180346	0.4918032786885246	0.4713114754098361	0.6130257071844992	0.8161657181852524	0.9234257713918481	0.47265625	0.4206896551724138	0.7433163016755979	0.48360655737704916	0.48360655737704916	0.48360655737704916	0.9187719624142788	0.8943599819039617	0.5579707647764989	1.0	0.48031496062992124	0.5503515381544947	0.12704918032786885	0.9199368307900522	0.4918032786885246	0.7168567071782967	0.38524590163934425	0.10714285714285714	0.8506404663653632	0.4838940582754895	0.506672992338252
ru	0.03543307086614173	0.4645669291338583	0.48031496062992124	0.4645669291338583	0.468503937007874	0.4810606060606061	0.48846153846153845	0.39197530864197533	0.4810606060606061	0.40705128205128205	0.47244094488188976	0.452755905511811	0.4699248120300752	0.4774436090225564	0.46875	0.4844961240310077	0.4379310344827586	0.4645669291338583	0.4645669291338583	0.4645669291338583	0.4645669291338583	0.468503937007874	0.4881889763779528	0.48046875	0.48031496062992124	0.5	0.4645669291338583	0.1220472440944882	0.4763779527559055	0.47244094488188976	0.4409722222222222	0.3700787401574803	0.12337662337662338	0.4881889763779528	0.4645669291338583	0.4844961240310077
sh	0.038135593220338986	0.5722437714456213	0.5238555936073059	0.5	0.5664830661062747	0.5036255720411119	0.45384615384615384	0.4020239032696316	0.5036641236192806	0.41920057910156916	0.49166666666666664	0.4872881355932203	0.4996268794479382	0.4996316072489882	0.5560261948290877	0.4645669291338583	0.4068965517241379	0.566015493432132	0.5	0.5	0.5	0.5665156679722547	0.5406630587929602	0.515078007608939	0.5503515381544947	0.4645669291338583	1.0	0.13135593220338984	0.5564209635947682	0.49166666666666664	0.4576257259557087	0.38333333333333336	0.12962962962962962	0.5396279991305238	0.5002478929102627	0.48972520970700056
si	0.08823529411764706	0.13135593220338984	0.12195121951219512	0.13135593220338984	0.13025210084033614	0.11742424242424243	0.11923076923076924	0.09567901234567901	0.11742424242424243	0.09935897435897435	0.12916666666666668	0.13478260869565217	0.1183206106870229	0.11654135338345864	0.128099173553719	0.1220472440944882	0.10689655172413794	0.13135593220338984	0.13135593220338984	0.13135593220338984	0.13135593220338984	0.13025210084033614	0.125	0.125	0.12704918032786885	0.1220472440944882	0.13135593220338984	0.5	0.128099173553719	0.12916666666666668	0.1076388888888889	0.15789473684210525	0.023809523809523808	0.125	0.13135593220338984	0.1220472440944882
simple	0.0371900826446281	0.9296923468810143	0.8754300109812028	0.48760330578512395	0.9304474248228336	0.8287547129266053	0.4653846153846154	0.5990953694200438	0.7879771068281719	0.6325654647546465	0.49586776859504134	0.47520661157024796	0.610838464977067	0.8183686438929376	0.9492422128113965	0.4763779527559055	0.41724137931034483	0.7587991463397167	0.48760330578512395	0.48760330578512395	0.48760330578512395	0.9229729207070121	0.8968440059328044	0.5629972238568625	0.9199368307900522	0.4763779527559055	0.5564209635947682	0.128099173553719	1.0	0.49586776859504134	0.7184423280017715	0.3884297520661157	0.18421052631578946	0.8699746496628118	0.4879207661025843	0.511112296119726
sr	0.0375	0.49166666666666664	0.468	0.49166666666666664	0.49583333333333335	0.45454545454545453	0.46153846153846156	0.37037037037037035	0.45454545454545453	0.38461538461538464	0.5	0.4791666666666667	0.4580152671755725	0.45112781954887216	0.49586776859504134	0.47244094488188976	0.41379310344827586	0.49166666666666664	0.49166666666666664	0.49166666666666664	0.49166666666666664	0.48760330578512395	0.4838709677419355	0.4838709677419355	0.4918032786885246	0.47244094488188976	0.49166666666666664	0.12916666666666668	0.49586776859504134	0.5	0.4166666666666667	0.39166666666666666	0.11904761904761904	0.4838709677419355	0.49166666666666664	0.47244094488188976
sv	0.03125	0.6917326137032656	0.7146008092301208	0.4097222222222222	0.6940739165549713	0.781556728454299	0.4513888888888889	0.7056981607879811	0.7458467997058773	0.7466232525653009	0.4166666666666667	0.3993055555555556	0.5820160438215993	0.7875661842075805	0.7202358672474025	0.43448275862068964	0.47635135135135137	0.5894832257909473	0.4097222222222222	0.4097222222222222	0.4097222222222222	0.7024453423408015	0.7292757268792349	0.47987479121998605	0.7168567071782967	0.4409722222222222	0.4576257259557087	0.1076388888888889	0.7184423280017715	0.4166666666666667	1.0	0.3263888888888889	0.15218676122931443	0.7000001443226362	0.40998585805326093	0.4616944306910926
te	0.042105263157894736	0.38333333333333336	0.364	0.38333333333333336	0.3875	0.3560606060606061	0.36153846153846153	0.29012345679012347	0.3560606060606061	0.30128205128205127	0.39166666666666666	0.37815126050420167	0.35877862595419846	0.3533834586466165	0.3884297520661157	0.3700787401574803	0.32413793103448274	0.38333333333333336	0.38333333333333336	0.38333333333333336	0.38333333333333336	0.38016528925619836	0.3790322580645161	0.3790322580645161	0.38524590163934425	0.3700787401574803	0.38333333333333336	0.15789473684210525	0.3884297520661157	0.39166666666666666	0.3263888888888889	0.5	0.13043478260869565	0.3790322580645161	0.38333333333333336	0.3700787401574803
tr	0.05555555555555555	0.21778846153846154	-1.0	0.075	0.19642857142857142	0.08571428571428572	0.13043478260869565	0.09978341584158415	0.1125	0.10106382978723404	0.125	0.14583333333333334	0.0967741935483871	0.1891891891891892	0.12878787878787878	0.16304347826086957	0.1896551724137931	0.15851851851851853	0.12	0.17307692307692307	0.05	0.06702309255875971	0.09375	0.126105216622458	0.10714285714285714	0.12337662337662338	0.12962962962962962	0.023809523809523808	0.18421052631578946	0.11904761904761904	0.15218676122931443	0.13043478260869565	1.0	0.18055555555555555	0.05	0.18292682926829268
vi	0.036290322580645164	0.8379741952675566	0.8468176578464763	0.47580645161290325	0.8407605533647942	0.8000435511968514	0.47692307692307695	0.5878896851020641	0.7692267119713071	0.618101314493067	0.4838709677419355	0.4637096774193548	0.5953761230018491	0.7913347269387856	0.8546903116442821	0.4881889763779528	0.42758620689655175	0.7104886972669358	0.47580645161290325	0.47580645161290325	0.47580645161290325	0.8511041458744715	0.8656883269243303	0.5640540789675833	0.8506404663653632	0.4881889763779528	0.5396279991305238	0.125	0.8699746496628118	0.4838709677419355	0.7000001443226362	0.3790322580645161	0.18055555555555555	1.0	0.476125151318106	0.5223623398795523
war	0.038135593220338986	0.5003374831258437	0.46032615786040443	0.5	0.49610073106130637	0.44725947738054117	0.45384615384615384	0.3642752671826055	0.4472997783897806	0.37842479979609966	0.49166666666666664	0.4872881355932203	0.45056372927098054	0.44389533673848675	0.4878483351886524	0.4645669291338583	0.4068965517241379	0.5003714250340473	0.5	0.5	0.5	0.4960903540798666	0.4760869368523675	0.4762318025274077	0.4838940582754895	0.4645669291338583	0.5002478929102627	0.13135593220338984	0.4879207661025843	0.49166666666666664	0.40998585805326093	0.38333333333333336	0.05	0.476125151318106	1.0	0.46500133399919275
zh	0.03543307086614173	0.4995632336423579	0.5149939385126784	0.4645669291338583	0.5035825100323769	0.4981862186896596	0.4734848484848485	0.4133849238302983	0.49712691123793434	0.4294018732082221	0.47244094488188976	0.452755905511811	0.48342623560014863	0.501641593432497	0.5114109045422391	0.5	0.4315068493150685	0.4974647089673458	0.4645669291338583	0.4645669291338583	0.4645669291338583	0.5035511714493538	0.5235730570175079	0.5053031870860927	0.506672992338252	0.4844961240310077	0.48972520970700056	0.1220472440944882	0.511112296119726	0.47244094488188976	0.4616944306910926	0.3700787401574803	0.18292682926829268	0.5223623398795523	0.46500133399919275	1.0
