arz	bs	ceb	ckb	da	de	el	en	es	fr	he	hi	hu	id	it	ja	ko	lv	mk	ml	mr	nl	pl	pt	ro	ru	sh	si	simple	sr	sv	te	vi	war	zh
arz	1.0	1.0	0.0	1.0	1.0	1.0	1.0	1.0	1.0	1.0	1.0	1.0	1.0	1.0	1.0	1.0	1.0	1.0	0.0	1.0	0.0	1.0	1.0	0.8216064286890065	1.0	1.0	0.8216064286890065	0.0	1.0	1.0	0.5660160774121898	0.0	1.0	1.0	1.0
bs	1.0	1.0	1.0	1.0	0.7411828468492556	0.6510253139194132	0.7584325078215763	0.6395859228980969	0.7322034805959263	0.7322034805959263	0.7347168825662656	0.7584325078215763	0.6604928506158132	0.7347168825662656	0.7322034805959263	0.7322034805959263	0.7322034805959263	0.74551343442257	1.0	0.7510341748895938	1.0	0.7347168825662656	0.6786291688147437	0.4022032171097239	0.6575660918451188	1.0	0.43165243657987823	0.0	0.7411828468492556	0.5449407013628189	0.3906803544418061	1.0	0.7411828468492556	1.0	0.7322034805959263
ceb	0.0	1.0	1.0	1.0	1.0	1.0	1.0	1.0	1.0	1.0	1.0	1.0	1.0	1.0	1.0	1.0	1.0	1.0	0.0	1.0	0.0	1.0	1.0	1.0	1.0	0.0	1.0	0.0	1.0	1.0	1.0	1.0	1.0	0.0	1.0
ckb	1.0	1.0	1.0	1.0	0.7411828468492556	1.0	1.0	0.7322034805959263	1.0	0.6660746307207603	1.0	1.0	0.6841174893561723	1.0	0.6110569957520273	1.0	1.0	1.0	1.0	1.0	1.0	1.0	0.7322034805959264	0.4581752492125883	0.624846693087927	1.0	0.3827661254639196	1.0	1.0	0.6248466930879271	0.332115422799086	1.0	1.0	1.0	1.0
da	1.0	0.7411828468492556	1.0	0.7411828468492556	1.0	0.39282891400510367	0.5969819612641136	0.27168246626463827	0.35417258368690896	0.21771928545057884	0.5484954473378287	0.661251134120194	0.5610486292739391	0.4689444758531863	0.3397419546131344	0.5285637632781094	0.5778517793972969	0.6468909830471344	1.0	0.6067454105236015	1.0	0.3848677129860915	0.33975380164620145	0.29407140468568815	0.42533707121788394	0.4674644927234638	0.44299997230325217	1.0	0.4593352345856113	0.38502801785709556	0.261316229116953	1.0	0.5643198815449839	0.7863954451402115	0.554232549965628
de	1.0	0.6510253139194132	1.0	1.0	0.39282891400510367	1.0	0.6487871090048526	0.16642368141233818	0.20226931568509193	0.17821506016158012	0.43114155784361985	0.651610424238932	0.3906461223143286	0.2282312764368491	0.18650462992838346	0.3044981183979765	0.3718843111335873	0.621564112613845	0.7322034805959264	0.6928997443627297	1.0	0.22914601942155874	0.24085765768412576	0.2015686912830634	0.445731963902717	0.22675059469734427	0.2810318675691223	1.0	0.4380923409096231	0.2088237197615958	0.21275391205259928	0.7347168825662656	0.5109057366726982	1.0	0.4166056255196434
el	1.0	0.7584325078215763	1.0	1.0	0.5969819612641136	0.6487871090048526	1.0	0.42689376117155314	0.6463474082678704	0.4904727124073111	1.0	1.0	0.5498830412438557	0.553597750767838	0.41026428903510564	1.0	1.0	0.7322034805959263	1.0	1.0	1.0	0.513503226943553	0.7179915061657697	0.2331613404683378	0.5041921974262554	1.0	0.5398080853613262	1.0	0.5195477327193403	0.44289999046466805	0.28412163505234306	1.0	1.0	1.0	1.0
en	1.0	0.6395859228980969	1.0	0.7322034805959263	0.27168246626463827	0.16642368141233818	0.42689376117155314	1.0	0.14744911027084193	0.1399821264476188	0.23888994409248815	0.4737756145990634	0.24703141061133507	0.20745859666751634	0.14025657186161922	0.23815064035801264	0.27742501532845265	0.4677424196655894	0.5496469770561614	0.5529304393928645	1.0	0.16710879517589292	0.17664086879184357	0.1700097391138308	0.3084198668457986	0.20980260155994146	0.24981286850205342	1.0	0.3120544832838385	0.15758721647401275	0.16510436511669285	0.6714868606200499	0.3081638919788059	1.0	0.2209980388960853
es	1.0	0.7322034805959263	1.0	1.0	0.35417258368690896	0.20226931568509193	0.6463474082678704	0.14744911027084193	1.0	0.17185157916815513	0.3555736545344857	0.6501445840862391	0.46922187316453123	0.2822292200494119	0.1465172011878855	0.31745477525322346	0.35208333063987773	0.6615847793135199	1.0	0.7234532828151787	1.0	0.19711683817690046	0.20551196095076016	0.17918090399093956	0.4262237234540543	0.30347458665274074	0.3704689103978657	1.0	0.32803248130394375	0.21024726109172895	0.19155072149835953	1.0	0.4835992168695165	1.0	0.35987783115712657
fr	1.0	0.7322034805959263	1.0	0.6660746307207603	0.21771928545057884	0.17821506016158012	0.4904727124073111	0.1399821264476188	0.17185157916815513	1.0	0.21598495505985343	0.48774775156001016	0.4072304516292603	0.23302036470328544	0.15630661934696874	0.2675352943660104	0.30944513168946025	0.5706696405814069	0.7051349230068009	0.6254303192325079	1.0	0.17927403306748352	0.18718157128149585	0.17638103835041852	0.3531176826723544	0.24375760111842223	0.32997867358681715	1.0	0.38096791010480946	0.2034097138728203	0.20369896653318526	1.0	0.4380146171057409	1.0	0.3381088047855442
he	1.0	0.7347168825662656	1.0	1.0	0.5484954473378287	0.43114155784361985	1.0	0.23888994409248815	0.3555736545344857	0.21598495505985343	1.0	1.0	0.48608392287533825	0.4023666326619902	0.25579083886395476	1.0	1.0	0.6221982196391783	1.0	1.0	1.0	0.35003355121714397	0.3283217096646385	0.2764409257834845	0.48665760229606786	1.0	0.46483491905188973	1.0	0.4783527444710005	0.2767473745722211	0.3112944815026769	1.0	1.0	1.0	1.0
hi	1.0	0.7584325078215763	1.0	1.0	0.661251134120194	0.651610424238932	1.0	0.4737756145990634	0.6501445840862391	0.48774775156001016	1.0	1.0	0.6786291688147438	0.6371002115554278	0.5944378767548887	1.0	1.0	0.7411828468492556	1.0	1.0	1.0	0.6061537846430415	0.7221793916855703	0.34645870397970663	0.5242379887286364	1.0	0.41914824346898405	1.0	0.7248485669756152	0.5776153509808648	0.5117308310373166	1.0	1.0	1.0	1.0
hu	1.0	0.6604928506158132	1.0	0.6841174893561723	0.5610486292739391	0.3906461223143286	0.5498830412438557	0.24703141061133507	0.46922187316453123	0.4072304516292603	0.48608392287533825	0.6786291688147438	1.0	0.45561304348394316	0.41181527806490387	0.5062992039305688	0.5198591358250696	0.5657216605320549	0.6994017365373273	0.6688083895376623	1.0	0.43588545221550246	0.4715634728622178	0.37596400787513595	0.4664954664239334	0.4943163638272305	0.3852610667848305	1.0	0.5649066560516842	0.3946601576588105	0.29059290607048294	1.0	0.6380558066189798	0.7863954451402115	0.48657001211078016
id	1.0	0.7347168825662656	1.0	1.0	0.4689444758531863	0.2282312764368491	0.553597750767838	0.20745859666751634	0.2822292200494119	0.23302036470328544	0.4023666326619902	0.6371002115554278	0.45561304348394316	1.0	0.2298750240074541	0.3933757767623245	0.4603279828297146	0.6468909830471344	1.0	1.0	1.0	0.27493690906756896	0.3101780202159338	0.23378992784609645	0.36830112509671653	0.36173087661256176	0.35965001484724185	1.0	0.4301236897364055	0.30075036641694525	0.23658756113055532	1.0	0.5059940047324762	1.0	0.3943260034168532
it	1.0	0.7322034805959263	1.0	0.6110569957520273	0.3397419546131344	0.18650462992838346	0.41026428903510564	0.14025657186161922	0.1465172011878855	0.15630661934696874	0.25579083886395476	0.5944378767548887	0.41181527806490387	0.2298750240074541	1.0	0.264404895847894	0.3063805195131022	0.539917522349216	0.6436895599575894	0.5969819612641136	1.0	0.21166500476617425	0.20060486410177988	0.16344862318678666	0.3735018271182992	0.22504947382438142	0.2951459572544302	1.0	0.3866321602677084	0.20857188801393195	0.1864173943026695	0.7322034805959264	0.38839037781019503	1.0	0.3078982168184458
ja	1.0	0.7322034805959263	1.0	1.0	0.5285637632781094	0.3044981183979765	1.0	0.23815064035801264	0.31745477525322346	0.2675352943660104	1.0	1.0	0.5062992039305688	0.3933757767623245	0.264404895847894	1.0	1.0	0.6254303192325079	1.0	1.0	1.0	0.3544972320698817	0.3941989762482417	0.2905011399990665	0.48248438764246215	0.5529428454086689	0.476045763867329	1.0	0.4736195379888009	0.2961892675145157	0.29632606213138335	1.0	0.7128329397683222	1.0	1.0
ko	1.0	0.7322034805959263	1.0	1.0	0.5778517793972969	0.3718843111335873	1.0	0.27742501532845265	0.35208333063987773	0.30944513168946025	1.0	1.0	0.5198591358250696	0.4603279828297146	0.3063805195131022	1.0	1.0	0.6290808149140177	1.0	1.0	1.0	0.38833181028555547	0.43293004042854827	0.27088397388837976	0.48998322798187915	0.7071524664833437	0.47492558805184754	1.0	0.46037016322063373	0.3106462046601962	0.3325987612438998	1.0	0.7128329397683222	1.0	1.0
lv	1.0	0.74551343442257	1.0	1.0	0.6468909830471344	0.621564112613845	0.7322034805959263	0.4677424196655894	0.6615847793135199	0.5706696405814069	0.6221982196391783	0.7411828468492556	0.5657216605320549	0.6468909830471344	0.539917522349216	0.6254303192325079	0.6290808149140177	1.0	1.0	0.7347168825662656	1.0	0.5056460918858237	0.5216253089025136	0.4171774992496855	0.5287801741160072	0.6221982196391783	0.4369124754273207	1.0	0.6499913553099703	0.5142254890751923	0.3783475836890208	0.7510341748895939	0.7322034805959264	1.0	0.6254303192325079
mk	0.0	1.0	0.0	1.0	1.0	0.7322034805959264	1.0	0.5496469770561614	1.0	0.7051349230068009	1.0	1.0	0.6994017365373273	1.0	0.6436895599575894	1.0	1.0	1.0	1.0	1.0	1.0	0.5544771603082227	0.7347168825662656	0.334846886432469	0.5571372272407988	1.0	0.49383578588017374	1.0	1.0	0.624846693087927	0.7322034805959263	1.0	1.0	1.0	1.0
ml	1.0	0.7510341748895938	1.0	1.0	0.6067454105236015	0.6928997443627297	1.0	0.5529304393928645	0.7234532828151787	0.6254303192325079	1.0	1.0	0.6688083895376623	1.0	0.5969819612641136	1.0	1.0	0.7347168825662656	1.0	1.0	1.0	0.5780965534243105	0.6638546162332061	0.34500090195772515	0.5780965534243105	1.0	0.47583037959923324	1.0	0.6290808149140177	0.5093361274443798	0.29503051286088344	1.0	1.0	1.0	1.0
mr	0.0	1.0	0.0	1.0	1.0	1.0	1.0	1.0	1.0	1.0	1.0	1.0	1.0	1.0	1.0	1.0	1.0	1.0	1.0	1.0	1.0	1.0	0.7510341748895939	0.597762499271665	0.7690990303325336	1.0	0.5780009085853718	1.0	1.0	0.6467936504043927	0.7510341748895938	1.0	1.0	1.0	1.0
nl	1.0	0.7347168825662656	1.0	1.0	0.3848677129860915	0.22914601942155874	0.513503226943553	0.16710879517589292	0.19711683817690046	0.17927403306748352	0.35003355121714397	0.6061537846430415	0.43588545221550246	0.27493690906756896	0.21166500476617425	0.3544972320698817	0.38833181028555547	0.5056460918858237	0.5544771603082227	0.5780965534243105	1.0	1.0	0.2255887543016905	0.22337116371139476	0.43346307949358925	0.3147879551171874	0.3255293585972995	1.0	0.3736127984474465	0.24759616864775683	0.21589575502917457	0.6786291688147438	0.4720145663175066	1.0	0.37613028361634215
pl	1.0	0.6786291688147437	1.0	0.7322034805959264	0.33975380164620145	0.24085765768412576	0.7179915061657697	0.17664086879184357	0.20551196095076016	0.18718157128149585	0.3283217096646385	0.7221793916855703	0.4715634728622178	0.3101780202159338	0.20060486410177988	0.3941989762482417	0.43293004042854827	0.5216253089025136	0.7347168825662656	0.6638546162332061	0.7510341748895939	0.2255887543016905	1.0	0.22247712864444671	0.4314851803220757	0.28314575575772394	0.3634722072770919	1.0	0.40190439807699474	0.24836200627216048	0.2345992471016276	0.650403606204129	0.5208521533425501	1.0	0.36498760259592433
pt	0.8216064286890065	0.4022032171097239	1.0	0.4581752492125883	0.29407140468568815	0.2015686912830634	0.2331613404683378	0.1700097391138308	0.17918090399093956	0.17638103835041852	0.2764409257834845	0.34645870397970663	0.37596400787513595	0.23378992784609645	0.16344862318678666	0.2905011399990665	0.27088397388837976	0.4171774992496855	0.334846886432469	0.34500090195772515	0.597762499271665	0.22337116371139476	0.22247712864444671	1.0	0.28014346081465774	0.26553259158472164	0.22092861092004323	1.0	0.269638476964323	0.18813949814361294	0.19513407690944018	0.4383719535955673	0.29517594039168266	0.7863954451402115	0.2904380428982336
ro	1.0	0.6575660918451188	1.0	0.624846693087927	0.42533707121788394	0.445731963902717	0.5041921974262554	0.3084198668457986	0.4262237234540543	0.3531176826723544	0.48665760229606786	0.5242379887286364	0.4664954664239334	0.36830112509671653	0.3735018271182992	0.48248438764246215	0.48998322798187915	0.5287801741160072	0.5571372272407988	0.5780965534243105	0.7690990303325336	0.43346307949358925	0.4314851803220757	0.28014346081465774	1.0	0.4632875180523482	0.4122499064209541	1.0	0.4798823396264055	0.3860265133755339	0.230178621642737	0.7510341748895937	0.5066866432670366	1.0	0.48378232486491746
ru	1.0	1.0	0.0	1.0	0.4674644927234638	0.22675059469734427	1.0	0.20980260155994146	0.30347458665274074	0.24375760111842223	1.0	1.0	0.4943163638272305	0.36173087661256176	0.22504947382438142	0.5529428454086689	0.7071524664833437	0.6221982196391783	1.0	1.0	1.0	0.3147879551171874	0.28314575575772394	0.26553259158472164	0.4632875180523482	1.0	0.46560314278690357	1.0	0.4576627101511916	0.25374623376350325	0.2726567176170874	1.0	0.7116768074483949	1.0	0.5878432714913016
sh	0.8216064286890065	0.43165243657987823	1.0	0.3827661254639196	0.44299997230325217	0.2810318675691223	0.5398080853613262	0.24981286850205342	0.3704689103978657	0.32997867358681715	0.46483491905188973	0.41914824346898405	0.3852610667848305	0.35965001484724185	0.2951459572544302	0.476045763867329	0.47492558805184754	0.4369124754273207	0.49383578588017374	0.47583037959923324	0.5780009085853718	0.3255293585972995	0.3634722072770919	0.22092861092004323	0.4122499064209541	0.46560314278690357	1.0	0.5660160774121898	0.4170101709430981	0.29647796120214864	0.31212887115365423	0.4544396522398728	0.47238749744855285	0.4730638050512841	0.4765970043577223
si	0.0	0.0	0.0	1.0	1.0	1.0	1.0	1.0	1.0	1.0	1.0	1.0	1.0	1.0	1.0	1.0	1.0	1.0	1.0	1.0	1.0	1.0	1.0	1.0	1.0	1.0	0.5660160774121898	1.0	1.0	1.0	1.0	1.0	1.0	1.0	1.0
simple	1.0	0.7411828468492556	1.0	1.0	0.4593352345856113	0.4380923409096231	0.5195477327193403	0.3120544832838385	0.32803248130394375	0.38096791010480946	0.4783527444710005	0.7248485669756152	0.5649066560516842	0.4301236897364055	0.3866321602677084	0.4736195379888009	0.46037016322063373	0.6499913553099703	1.0	0.6290808149140177	1.0	0.3736127984474465	0.40190439807699474	0.269638476964323	0.4798823396264055	0.4576627101511916	0.4170101709430981	1.0	1.0	0.3927357098121807	0.35788842844278146	1.0	0.5788148614446593	1.0	0.5207149856945882
sr	1.0	0.5449407013628189	1.0	0.6248466930879271	0.38502801785709556	0.2088237197615958	0.44289999046466805	0.15758721647401275	0.21024726109172895	0.2034097138728203	0.2767473745722211	0.5776153509808648	0.3946601576588105	0.30075036641694525	0.20857188801393195	0.2961892675145157	0.3106462046601962	0.5142254890751923	0.624846693087927	0.5093361274443798	0.6467936504043927	0.24759616864775683	0.24836200627216048	0.18813949814361294	0.3860265133755339	0.25374623376350325	0.29647796120214864	1.0	0.3927357098121807	1.0	0.2427422109330701	0.6420572522553128	0.331903765982726	1.0	0.26883824630786785
sv	0.5660160774121898	0.3906803544418061	1.0	0.332115422799086	0.261316229116953	0.21275391205259928	0.28412163505234306	0.16510436511669285	0.19155072149835953	0.20369896653318526	0.3112944815026769	0.5117308310373166	0.29059290607048294	0.23658756113055532	0.1864173943026695	0.29632606213138335	0.3325987612438998	0.3783475836890208	0.7322034805959263	0.29503051286088344	0.7510341748895938	0.21589575502917457	0.2345992471016276	0.19513407690944018	0.230178621642737	0.2726567176170874	0.31212887115365423	1.0	0.35788842844278146	0.2427422109330701	1.0	0.7347168825662656	0.34473829688530927	0.5020797777427737	0.29302010375602194
te	0.0	1.0	1.0	1.0	1.0	0.7347168825662656	1.0	0.6714868606200499	1.0	1.0	1.0	1.0	1.0	1.0	0.7322034805959264	1.0	1.0	0.7510341748895939	1.0	1.0	1.0	0.6786291688147438	0.650403606204129	0.4383719535955673	0.7510341748895937	1.0	0.4544396522398728	1.0	1.0	0.6420572522553128	0.7347168825662656	1.0	1.0	1.0	1.0
vi	1.0	0.7411828468492556	1.0	1.0	0.5643198815449839	0.5109057366726982	1.0	0.3081638919788059	0.4835992168695165	0.4380146171057409	1.0	1.0	0.6380558066189798	0.5059940047324762	0.38839037781019503	0.7128329397683222	0.7128329397683222	0.7322034805959264	1.0	1.0	1.0	0.4720145663175066	0.5208521533425501	0.29517594039168266	0.5066866432670366	0.7116768074483949	0.47238749744855285	1.0	0.5788148614446593	0.331903765982726	0.34473829688530927	1.0	1.0	1.0	0.7111374370280844
war	1.0	1.0	0.0	1.0	0.7863954451402115	1.0	1.0	1.0	1.0	1.0	1.0	1.0	0.7863954451402115	1.0	1.0	1.0	1.0	1.0	1.0	1.0	1.0	1.0	1.0	0.7863954451402115	1.0	1.0	0.4730638050512841	1.0	1.0	1.0	0.5020797777427737	1.0	1.0	1.0	1.0
zh	1.0	0.7322034805959263	1.0	1.0	0.554232549965628	0.4166056255196434	1.0	0.2209980388960853	0.35987783115712657	0.3381088047855442	1.0	1.0	0.48657001211078016	0.3943260034168532	0.3078982168184458	1.0	1.0	0.6254303192325079	1.0	1.0	1.0	0.37613028361634215	0.36498760259592433	0.2904380428982336	0.48378232486491746	0.5878432714913016	0.4765970043577223	1.0	0.5207149856945882	0.26883824630786785	0.29302010375602194	1.0	0.7111374370280844	1.0	1.0
