arz	bs	ceb	ckb	da	de	el	en	es	fr	he	hi	hu	id	it	ja	ko	lv	mk	ml	mr	nl	pl	pt	ro	ru	sh	si	simple	sr	sv	te	tr	vi	war	zh
arz	1.0	1.0	0.0	1.0	1.0	0.585786437626905	1.0	1.0	1.0	1.0	1.0	1.0	1.0	1.0	1.0	1.0	1.0	1.0	1.0	1.0	1.0	1.0	1.0	1.0	1.0	1.0	1.0	1.0	0.585786437626905	1.0	1.0	1.0	1.0	1.0	1.0	1.0
bs	1.0	1.0	1.0	0.585786437626905	0.24257131419419417	0.0833507914069252	0.36602540378443865	0.0815278581876483	0.08318918876797982	0.08282873498000226	0.3430703308172536	0.39564392373896007	0.27429188517743175	0.14750878884626997	0.10424667052311433	0.0826067098035841	0.17202299365704737	0.44948974278317805	0.3430703308172536	0.2857142857142857	0.585786437626905	0.1454840551201937	0.08299310981321033	0.07766779291803749	0.4142135623730951	0.07586128810225813	0.44948974278317805	1.0	0.11975867158072917	0.31604160750540605	0.19612533584707842	0.585786437626905	0.12136916318921165	0.09559823688375424	1.0	0.09431079384327357
ceb	0.0	1.0	1.0	0.0	1.0	1.0	0.0	1.0	1.0	1.0	1.0	1.0	1.0	1.0	1.0	1.0	1.0	1.0	1.0	1.0	0.0	1.0	1.0	1.0	1.0	1.0	1.0	1.0	1.0	1.0	1.0	0.0	-1.0	1.0	1.0	1.0
ckb	1.0	0.585786437626905	0.0	1.0	1.0	0.585786437626905	1.0	1.0	1.0	1.0	1.0	1.0	1.0	0.585786437626905	0.585786437626905	1.0	1.0	1.0	1.0	1.0	1.0	0.39564392373896007	0.585786437626905	1.0	1.0	1.0	1.0	1.0	1.0	1.0	1.0	1.0	0.585786437626905	1.0	1.0	1.0
da	1.0	0.24257131419419417	1.0	1.0	1.0	0.11129968964537314	0.585786437626905	0.09157414387177788	0.11081498167996974	0.13232321592463564	0.28436465220442186	0.28989794855663564	0.353889367864523	0.15559698517049025	0.17817337910774922	0.1490392711850658	0.2	0.2449655295864104	0.3797958971132712	0.38742588672279304	1.0	0.08264963347112488	0.11209580290035162	0.12156657521384075	0.2958163163244893	0.1417374030335042	0.26533119314590375	1.0	0.1794213009876526	0.23030737740524185	0.15372672579112448	0.5	0.17826035697019474	0.38742588672279304	1.0	0.18660549686337075
de	0.585786437626905	0.0833507914069252	1.0	0.585786437626905	0.11129968964537314	1.0	0.5	0.0315562948297791	0.029713732266080223	0.023105711667160488	0.3090169943749474	0.5	0.2449655295864104	0.060357327329984264	0.02828425510801736	0.17331935664757372	0.32449979983983984	0.23800671553691075	0.5	0.34833147735478825	1.0	0.027443728625352753	0.0221260192869347	0.028016166850486083	0.22947018234477365	0.02731045967417456	0.2187841884486319	1.0	0.07740173696562458	0.13871809934780704	0.1380262631157473	0.585786437626905	0.1907435698305462	0.23800671553691075	1.0	0.14037600977966974
el	1.0	0.36602540378443865	0.0	1.0	0.585786437626905	0.5	1.0	0.353889367864523	0.5	0.585786437626905	1.0	1.0	1.0	0.44948974278317805	0.5	1.0	1.0	1.0	1.0	1.0	1.0	0.21712927295533244	0.585786437626905	0.585786437626905	1.0	1.0	1.0	1.0	0.4364916731037085	1.0	1.0	1.0	0.585786437626905	1.0	1.0	1.0
en	1.0	0.0815278581876483	1.0	1.0	0.09157414387177788	0.0315562948297791	0.353889367864523	1.0	0.022128437735792178	0.03127703212656911	0.1924840598000365	0.20342651452257512	0.11606619483971768	0.05299333658069938	0.039245831139289256	0.0344319129031446	0.1111111111111111	0.1472056794506633	0.22966848451216434	0.22646721143623746	1.0	0.06576250425754682	0.022173723698667096	0.01865199670128688	0.15383679084880025	0.020533689385453625	0.12741714013682987	1.0	0.052422164242825475	0.06400757715785012	0.03760506832215825	0.2674788903885893	0.08433624050034022	0.05547890624366409	1.0	0.040829625453445914
es	1.0	0.08318918876797982	1.0	1.0	0.11081498167996974	0.029713732266080223	0.5	0.022128437735792178	1.0	0.023349587076387138	0.585786437626905	0.5	0.3430703308172536	0.06072120624428524	0.03010453244786923	0.14201473202245876	0.3660254037844386	0.2204812092115424	0.39564392373896007	0.353889367864523	1.0	0.021311764814168306	0.022427036728178997	0.03284089320340417	0.20510831042634095	0.06972691561653295	0.19022313820184786	1.0	0.08471259586975657	0.13642843132221932	0.12461649404710952	0.585786437626905	0.1740317522632934	0.2402530733520421	1.0	0.16449072740645634
fr	1.0	0.08282873498000226	1.0	1.0	0.13232321592463564	0.023105711667160488	0.585786437626905	0.03127703212656911	0.023349587076387138	1.0	0.3090169943749474	0.44948974278317805	0.3430703308172536	0.04972668130407368	0.028895024521581547	0.1015442703674826	0.19803190560151412	0.18321454188634642	0.585786437626905	0.24594546944656887	1.0	0.03766160369476159	0.024888450802498158	0.02598388716509446	0.2012628451930092	0.02493253169616227	0.18727507600544932	1.0	0.0907446577296386	0.09234049166624504	0.07777153092118463	0.585786437626905	0.17323160748653013	0.1158457425543559	1.0	0.10970636508126681
he	1.0	0.3430703308172536	1.0	1.0	0.28436465220442186	0.3090169943749474	1.0	0.1924840598000365	0.585786437626905	0.3090169943749474	1.0	1.0	1.0	0.26427884169111276	0.39564392373896007	1.0	1.0	0.2553967929896867	1.0	1.0	1.0	0.08315853682142615	0.4142135623730951	0.5	0.585786437626905	1.0	0.44948974278317805	1.0	0.2791745113185196	0.3483314773547883	0.5	1.0	0.5	1.0	1.0	1.0
hi	1.0	0.39564392373896007	1.0	1.0	0.28989794855663564	0.5	1.0	0.20342651452257512	0.5	0.44948974278317805	1.0	1.0	1.0	0.36602540378443865	0.5	1.0	1.0	0.28989794855663564	1.0	1.0	1.0	0.12371884312458155	0.585786437626905	0.36602540378443865	0.585786437626905	1.0	0.36602540378443865	1.0	0.29429805508554946	0.39564392373896	0.585786437626905	1.0	0.585786437626905	1.0	1.0	1.0
hu	1.0	0.27429188517743175	1.0	1.0	0.353889367864523	0.2449655295864104	1.0	0.11606619483971768	0.3430703308172536	0.3430703308172536	1.0	1.0	1.0	0.2553967929896867	0.585786437626905	1.0	1.0	0.4364916731037085	1.0	1.0	1.0	0.07001505874317805	0.32449979983983984	0.4142135623730951	0.39564392373896007	1.0	0.44948974278317805	1.0	0.39564392373896	0.4364916731037085	1.0	1.0	0.585786437626905	1.0	1.0	1.0
id	1.0	0.14750878884626997	1.0	0.585786437626905	0.15559698517049025	0.060357327329984264	0.44948974278317805	0.05299333658069938	0.06072120624428524	0.04972668130407368	0.26427884169111276	0.36602540378443865	0.2553967929896867	1.0	0.07912422129699888	0.15225881209433406	0.2674788903885893	0.21229084498795614	0.39564392373896007	0.28989794855663564	1.0	0.06764743364055305	0.05528096514509407	0.07276132738614194	0.27899410766263905	0.0696541504264442	0.27429188517743175	1.0	0.1137470197164834	0.179128784747792	0.11941744089620517	0.4364916731037085	0.19398463574726113	0.1398429148167053	0.585786437626905	0.12178632452799958
it	1.0	0.10424667052311433	1.0	0.585786437626905	0.17817337910774922	0.02828425510801736	0.5	0.039245831139289256	0.03010453244786923	0.028895024521581547	0.39564392373896007	0.5	0.585786437626905	0.07912422129699888	1.0	0.11860756235414727	0.39564392373896007	0.1842574582922436	0.585786437626905	0.3430703308172536	1.0	0.04523438812080801	0.029533791496104623	0.030323241246432344	0.3090169943749474	0.03656617919689136	0.31264808514230086	1.0	0.1148302172225175	0.19956037738598595	0.06804713371247634	0.585786437626905	0.15566471428223216	0.19292728076790167	1.0	0.05992746678644278
ja	1.0	0.0826067098035841	1.0	1.0	0.1490392711850658	0.17331935664757372	1.0	0.0344319129031446	0.14201473202245876	0.1015442703674826	1.0	1.0	1.0	0.15225881209433406	0.11860756235414727	1.0	1.0	0.2474401533514073	1.0	1.0	1.0	0.03183646297250177	0.11850253745043801	0.19675422795565728	0.2857142857142857	1.0	0.3164309725825327	1.0	0.1506217166217102	0.27429188517743175	0.2958163163244893	1.0	0.3090169943749474	1.0	1.0	1.0
ko	1.0	0.17202299365704737	1.0	1.0	0.2	0.32449979983983984	1.0	0.1111111111111111	0.3660254037844386	0.19803190560151412	1.0	1.0	1.0	0.2674788903885893	0.39564392373896007	1.0	1.0	0.3266316347104093	1.0	1.0	1.0	0.06386840488205972	0.2791745113185196	0.2857142857142857	0.39564392373896007	1.0	0.36602540378443865	1.0	0.30216947925196225	0.3164309725825328	0.5	1.0	0.25824569976124334	1.0	1.0	1.0
lv	1.0	0.44948974278317805	1.0	1.0	0.2449655295864104	0.23800671553691075	1.0	0.1472056794506633	0.2204812092115424	0.18321454188634642	0.2553967929896867	0.28989794855663564	0.4364916731037085	0.21229084498795614	0.1842574582922436	0.2474401533514073	0.3266316347104093	1.0	0.585786437626905	0.585786437626905	1.0	0.12648131026656548	0.19031634369804268	0.19965010775529926	0.28989794855663564	0.1924840598000365	0.3597752501562547	1.0	0.2256567601358503	0.24257131419419417	0.22947018234477365	1.0	0.3029725661325625	0.36602540378443865	1.0	0.2474401533514073
mk	1.0	0.3430703308172536	1.0	1.0	0.3797958971132712	0.5	1.0	0.22966848451216434	0.39564392373896007	0.585786437626905	1.0	1.0	1.0	0.39564392373896007	0.585786437626905	1.0	1.0	0.585786437626905	1.0	1.0	1.0	0.15894454156034005	1.0	1.0	1.0	1.0	0.5	1.0	0.5	0.585786437626905	1.0	1.0	0.5	1.0	1.0	1.0
ml	1.0	0.2857142857142857	1.0	1.0	0.38742588672279304	0.34833147735478825	1.0	0.22646721143623746	0.353889367864523	0.24594546944656887	1.0	1.0	1.0	0.28989794855663564	0.3430703308172536	1.0	1.0	0.585786437626905	1.0	1.0	1.0	0.0972516658758851	0.2989350844248255	0.585786437626905	0.3797958971132712	1.0	0.585786437626905	1.0	0.5	0.4364916731037085	1.0	1.0	0.3430703308172536	1.0	1.0	1.0
mr	1.0	0.585786437626905	0.0	1.0	1.0	1.0	1.0	1.0	1.0	1.0	1.0	1.0	1.0	1.0	1.0	1.0	1.0	1.0	1.0	1.0	1.0	1.0	0.585786437626905	1.0	1.0	1.0	1.0	1.0	0.585786437626905	1.0	1.0	1.0	1.0	1.0	1.0	1.0
nl	1.0	0.1454840551201937	1.0	0.39564392373896007	0.08264963347112488	0.027443728625352753	0.21712927295533244	0.06576250425754682	0.021311764814168306	0.03766160369476159	0.08315853682142615	0.12371884312458155	0.07001505874317805	0.06764743364055305	0.04523438812080801	0.03183646297250177	0.06386840488205972	0.12648131026656548	0.15894454156034005	0.0972516658758851	1.0	1.0	0.02629748173060664	0.01918782102314719	0.08912359871419992	0.018361222767531604	0.09657748798887977	1.0	0.05153414263182577	0.04590631026451784	0.03259043790537764	0.17774575502392898	0.06492244150058334	0.04379976950446175	0.585786437626905	0.03577586000093303
pl	1.0	0.08299310981321033	1.0	0.585786437626905	0.11209580290035162	0.0221260192869347	0.585786437626905	0.022173723698667096	0.022427036728178997	0.024888450802498158	0.4142135623730951	0.585786437626905	0.32449979983983984	0.05528096514509407	0.029533791496104623	0.11850253745043801	0.2791745113185196	0.19031634369804268	1.0	0.2989350844248255	0.585786437626905	0.02629748173060664	1.0	0.02843013801536292	0.1907435698305462	0.0327291263986994	0.19404996501286384	1.0	0.05763386680921648	0.13427778950383562	0.14623959585024682	0.39564392373896007	0.19974796572626521	0.14858757526357158	1.0	0.10866273465478961
pt	1.0	0.07766779291803749	1.0	1.0	0.12156657521384075	0.028016166850486083	0.585786437626905	0.01865199670128688	0.03284089320340417	0.02598388716509446	0.5	0.36602540378443865	0.4142135623730951	0.07276132738614194	0.030323241246432344	0.19675422795565728	0.2857142857142857	0.19965010775529926	1.0	0.585786437626905	1.0	0.01918782102314719	0.02843013801536292	1.0	0.20942771453851886	0.07129161384460969	0.1876127897984334	1.0	0.07677749361795096	0.16966770027437308	0.16666666666666666	1.0	0.1918253663634734	0.3430703308172536	1.0	0.2372732414640341
ro	1.0	0.4142135623730951	1.0	1.0	0.2958163163244893	0.22947018234477365	1.0	0.15383679084880025	0.20510831042634095	0.2012628451930092	0.585786437626905	0.585786437626905	0.39564392373896007	0.27899410766263905	0.3090169943749474	0.2857142857142857	0.39564392373896007	0.28989794855663564	1.0	0.3797958971132712	1.0	0.08912359871419992	0.1907435698305462	0.20942771453851886	1.0	0.2449655295864104	0.4142135623730951	1.0	0.29550740576348955	0.25633472327031936	0.585786437626905	0.585786437626905	0.5	1.0	1.0	0.31451985913875646
ru	1.0	0.07586128810225813	1.0	1.0	0.1417374030335042	0.02731045967417456	1.0	0.020533689385453625	0.06972691561653295	0.02493253169616227	1.0	1.0	1.0	0.0696541504264442	0.03656617919689136	1.0	1.0	0.1924840598000365	1.0	1.0	1.0	0.018361222767531604	0.0327291263986994	0.07129161384460969	0.2449655295864104	1.0	0.2204812092115424	1.0	0.06996000583727227	0.252650308587072	0.2216368750839041	1.0	0.20386840968093525	1.0	1.0	1.0
sh	1.0	0.44948974278317805	1.0	1.0	0.26533119314590375	0.2187841884486319	1.0	0.12741714013682987	0.19022313820184786	0.18727507600544932	0.44948974278317805	0.36602540378443865	0.44948974278317805	0.27429188517743175	0.31264808514230086	0.3164309725825327	0.36602540378443865	0.3597752501562547	0.5	0.585786437626905	1.0	0.09657748798887977	0.19404996501286384	0.1876127897984334	0.4142135623730951	0.2204812092115424	1.0	1.0	0.2356841179722348	0.2402530733520421	0.3090169943749474	0.5	0.3726822671238253	0.39564392373896007	1.0	0.27429188517743175
si	1.0	1.0	1.0	1.0	1.0	1.0	1.0	1.0	1.0	1.0	1.0	1.0	1.0	1.0	1.0	1.0	1.0	1.0	1.0	1.0	1.0	1.0	1.0	1.0	1.0	1.0	1.0	1.0	1.0	1.0	1.0	1.0	1.0	1.0	1.0	1.0
simple	0.585786437626905	0.11975867158072917	1.0	1.0	0.1794213009876526	0.07740173696562458	0.4364916731037085	0.052422164242825475	0.08471259586975657	0.0907446577296386	0.2791745113185196	0.29429805508554946	0.39564392373896	0.1137470197164834	0.1148302172225175	0.1506217166217102	0.30216947925196225	0.2256567601358503	0.5	0.5	0.585786437626905	0.05153414263182577	0.05763386680921648	0.07677749361795096	0.29550740576348955	0.06996000583727227	0.2356841179722348	1.0	1.0	0.23762824650704734	0.16922835859105761	0.5	0.2184498952542088	0.18054705546755545	1.0	0.14530287106967552
sr	1.0	0.31604160750540605	1.0	1.0	0.23030737740524185	0.13871809934780704	1.0	0.06400757715785012	0.13642843132221932	0.09234049166624504	0.3483314773547883	0.39564392373896	0.4364916731037085	0.179128784747792	0.19956037738598595	0.27429188517743175	0.3164309725825328	0.24257131419419417	0.585786437626905	0.4364916731037085	1.0	0.04590631026451784	0.13427778950383562	0.16966770027437308	0.25633472327031936	0.252650308587072	0.2402530733520421	1.0	0.23762824650704734	1.0	0.3333333333333333	1.0	0.28172904669025317	0.585786437626905	1.0	0.27429188517743175
sv	1.0	0.19612533584707842	1.0	1.0	0.15372672579112448	0.1380262631157473	1.0	0.03760506832215825	0.12461649404710952	0.07777153092118463	0.5	0.585786437626905	1.0	0.11941744089620517	0.06804713371247634	0.2958163163244893	0.5	0.22947018234477365	1.0	1.0	1.0	0.03259043790537764	0.14623959585024682	0.16666666666666666	0.585786437626905	0.2216368750839041	0.3090169943749474	1.0	0.16922835859105761	0.3333333333333333	1.0	0.585786437626905	0.2791745113185196	0.36602540378443865	1.0	0.44948974278317805
te	1.0	0.585786437626905	0.0	1.0	0.5	0.585786437626905	1.0	0.2674788903885893	0.585786437626905	0.585786437626905	1.0	1.0	1.0	0.4364916731037085	0.585786437626905	1.0	1.0	1.0	1.0	1.0	1.0	0.17774575502392898	0.39564392373896007	1.0	0.585786437626905	1.0	0.5	1.0	0.5	1.0	0.585786437626905	1.0	0.585786437626905	1.0	1.0	1.0
tr	1.0	0.12136916318921165	-1.0	0.585786437626905	0.17826035697019474	0.1907435698305462	0.585786437626905	0.08433624050034022	0.1740317522632934	0.17323160748653013	0.5	0.585786437626905	0.585786437626905	0.19398463574726113	0.15566471428223216	0.3090169943749474	0.25824569976124334	0.3029725661325625	0.5	0.3430703308172536	1.0	0.06492244150058334	0.19974796572626521	0.1918253663634734	0.5	0.20386840968093525	0.3726822671238253	1.0	0.2184498952542088	0.28172904669025317	0.2791745113185196	0.585786437626905	1.0	0.28989794855663564	1.0	0.2612038749637414
vi	1.0	0.09559823688375424	1.0	1.0	0.38742588672279304	0.23800671553691075	1.0	0.05547890624366409	0.2402530733520421	0.1158457425543559	1.0	1.0	1.0	0.1398429148167053	0.19292728076790167	1.0	1.0	0.36602540378443865	1.0	1.0	1.0	0.04379976950446175	0.14858757526357158	0.3430703308172536	1.0	1.0	0.39564392373896007	1.0	0.18054705546755545	0.585786437626905	0.36602540378443865	1.0	0.28989794855663564	1.0	1.0	1.0
war	1.0	1.0	1.0	1.0	1.0	1.0	1.0	1.0	1.0	1.0	1.0	1.0	1.0	0.585786437626905	1.0	1.0	1.0	1.0	1.0	1.0	1.0	0.585786437626905	1.0	1.0	1.0	1.0	1.0	1.0	1.0	1.0	1.0	1.0	1.0	1.0	1.0	1.0
zh	1.0	0.09431079384327357	1.0	1.0	0.18660549686337075	0.14037600977966974	1.0	0.040829625453445914	0.16449072740645634	0.10970636508126681	1.0	1.0	1.0	0.12178632452799958	0.05992746678644278	1.0	1.0	0.2474401533514073	1.0	1.0	1.0	0.03577586000093303	0.10866273465478961	0.2372732414640341	0.31451985913875646	1.0	0.27429188517743175	1.0	0.14530287106967552	0.27429188517743175	0.44948974278317805	1.0	0.2612038749637414	1.0	1.0	1.0
