arz	bs	ceb	ckb	da	de	el	en	es	fr	he	hi	hu	id	it	ja	ko	lv	mk	ml	mr	nl	pl	pt	ro	ru	sh	si	simple	sr	sv	te	vi	war	zh
arz	1.0	0.0	0.0	0.0	1.0	1.0	1.0	1.0	1.0	1.0	1.0	1.0	1.0	1.0	1.0	1.0	1.0	1.0	0.0	1.0	0.0	1.0	1.0	1.0	1.0	1.0	1.0	0.0	1.0	1.0	1.0	0.0	1.0	0.0	1.0
bs	0.0	1.0	1.0	1.0	1.0	0.7248485669756152	1.0	0.7234532828151788	0.661251134120194	0.661251134120194	0.7322034805959264	1.0	0.6499913553099703	1.0	0.7263875964832449	0.728099120889861	1.0	1.0	1.0	1.0	1.0	0.7234532828151788	1.0	1.0	1.0	0.7234532828151787	1.0	1.0	1.0	1.0	0.728099120889861	0.0	1.0	0.7863954451402115	0.7263875964832449
ceb	0.0	1.0	1.0	0.0	0.0	1.0	1.0	1.0	1.0	1.0	1.0	0.0	0.0	1.0	1.0	1.0	1.0	0.0	0.0	0.0	0.0	1.0	1.0	1.0	1.0	1.0	0.0	0.0	0.0	1.0	1.0	0.0	1.0	0.0	1.0
ckb	0.0	1.0	0.0	1.0	1.0	1.0	1.0	1.0	1.0	1.0	1.0	1.0	1.0	1.0	0.43526109167898114	1.0	1.0	1.0	1.0	1.0	1.0	1.0	1.0	1.0	1.0	1.0	1.0	1.0	1.0	1.0	1.0	0.0	1.0	1.0	1.0
da	1.0	1.0	0.0	1.0	1.0	0.4925224167738986	0.7263875964832449	0.5449322149709739	0.6364353709769036	0.6364353709769035	0.7171176902274347	1.0	0.6395634999176192	0.6463474082678704	0.3629294193796848	0.6423162003593037	0.7141080454298697	1.0	1.0	1.0	1.0	0.6377047307628824	0.6314395498907663	0.6314395498907664	1.0	0.6377047307628825	0.7234532828151788	1.0	0.728099120889861	0.7199285383279772	0.635268670437738	0.0	0.7199285383279773	0.7863954451402115	0.7141080454298697
de	1.0	0.7248485669756152	1.0	1.0	0.4925224167738986	1.0	0.7141080454298697	0.22709219224865926	0.31022846629237005	0.3262165835120834	0.6274491802528728	1.0	0.5858104530884553	0.4295518938529386	0.27118492427287416	0.48033636504155763	0.5211017649627879	1.0	1.0	1.0	1.0	0.4260814779904566	0.40578709025543674	0.3386333774762366	0.6692290567177889	0.4070547323304516	0.7116768074483949	1.0	0.7128329397683223	0.6383829424521856	0.309970964209564	1.0	0.5903211505754851	0.7690990303325336	0.44253893550896184
el	1.0	1.0	1.0	1.0	0.7263875964832449	0.7141080454298697	1.0	1.0	1.0	1.0	1.0	1.0	0.7263875964832449	1.0	1.0	1.0	1.0	1.0	1.0	1.0	1.0	1.0	0.7162976956558117	0.7155258672934657	0.7248485669756152	1.0	1.0	1.0	1.0	1.0	0.7171176902274347	0.0	1.0	0.7690990303325336	1.0
en	1.0	0.7234532828151788	1.0	1.0	0.5449322149709739	0.22709219224865926	1.0	1.0	0.27991847903636063	0.271261697059407	0.5442348768883054	1.0	0.5451516122672753	0.3673442346031599	0.2561144814246115	0.422112609876082	0.5387752422682067	1.0	1.0	1.0	1.0	0.4635961213781151	0.4503101818051533	0.19640696976846334	0.6286004117481451	0.36411614191998504	0.5837075435067187	1.0	0.5834846659201488	1.0	0.353183348302073	1.0	0.4527340096940783	0.7690990303325336	0.42479446751998773
es	1.0	0.661251134120194	1.0	1.0	0.6364353709769036	0.31022846629237005	1.0	0.27991847903636063	1.0	0.36897778788029795	0.7034032621820066	1.0	0.7087564131141619	0.4282780020489317	0.3144160666386844	0.5747479002639628	0.7006662075775384	1.0	1.0	1.0	1.0	0.5186507208644219	0.5741244469205402	0.21045676800893215	0.7101264857596846	0.5704029020337203	0.6390933240567507	1.0	0.7122412578101112	1.0	0.5385359682834651	1.0	1.0	0.7690990303325336	0.6980834559209271
fr	1.0	0.661251134120194	1.0	1.0	0.6364353709769035	0.3262165835120834	1.0	0.271261697059407	0.36897778788029795	1.0	0.703143980350941	1.0	0.6314395498907663	0.46486989935340234	0.42514255824184477	0.4703069813040161	0.5603465152892355	1.0	1.0	1.0	1.0	0.5213978252441277	0.48435690199710996	0.24157658699394058	0.7101264857596847	0.49313727005744273	0.6334134137277927	1.0	0.6383829424521856	0.7101264857596848	0.4182282946520935	1.0	0.7091953875376781	0.7690990303325336	0.503099298384697
he	1.0	0.7322034805959264	1.0	1.0	0.7171176902274347	0.6274491802528728	1.0	0.5442348768883054	0.7034032621820066	0.703143980350941	1.0	1.0	1.0	1.0	0.3673889528223675	1.0	1.0	1.0	1.0	1.0	1.0	1.0	1.0	0.705751191025248	1.0	1.0	1.0	1.0	0.7199285383279773	1.0	0.5113463579534873	0.0	1.0	0.7863954451402115	1.0
hi	1.0	1.0	0.0	1.0	1.0	1.0	1.0	1.0	1.0	1.0	1.0	1.0	1.0	1.0	1.0	1.0	1.0	1.0	1.0	1.0	1.0	1.0	1.0	0.38919876360042976	1.0	1.0	1.0	1.0	1.0	1.0	1.0	0.0	1.0	1.0	1.0
hu	1.0	0.6499913553099703	0.0	1.0	0.6395634999176192	0.5858104530884553	0.7263875964832449	0.5451516122672753	0.7087564131141619	0.6314395498907663	1.0	1.0	1.0	0.636400415174357	0.6314395498907662	0.6432357517002907	1.0	1.0	0.7411828468492556	1.0	1.0	0.6398385892358058	0.6414463581614511	0.6398385892358058	0.5926968067797239	0.6398385892358058	0.7221793916855703	1.0	0.7280991208898608	0.7210092110599264	0.5858104530884553	0.0	0.7248485669756152	0.7690990303325336	0.6406217872018793
id	1.0	1.0	1.0	1.0	0.6463474082678704	0.4295518938529386	1.0	0.3673442346031599	0.4282780020489317	0.46486989935340234	1.0	1.0	0.636400415174357	1.0	0.5163119258749319	0.4807910845438481	0.5574091546057279	0.7376607345031153	1.0	1.0	1.0	0.4914365269154407	0.49089422166402186	0.4841739452288069	0.5908584270165441	0.45194508409444484	0.6037638397743439	1.0	0.6370879244183066	0.5505854873933675	0.40026640671071717	0.0	0.5339136007955032	0.7690990303325336	0.5096259558284695
it	1.0	0.7263875964832449	1.0	0.43526109167898114	0.3629294193796848	0.27118492427287416	1.0	0.2561144814246115	0.3144160666386844	0.42514255824184477	0.3673889528223675	1.0	0.6314395498907662	0.5163119258749319	1.0	0.34820801665520706	0.3548626829245111	1.0	1.0	1.0	1.0	0.34958862385312306	0.4651490689026012	0.24511924737918903	0.7116768074483948	0.4479189535890305	0.5882943843711531	1.0	0.7106212328351247	0.36824406962257855	0.30160574939504103	1.0	0.3731936717085505	0.7690990303325336	0.6260089247738755
ja	1.0	0.728099120889861	1.0	1.0	0.6423162003593037	0.48033636504155763	1.0	0.422112609876082	0.5747479002639628	0.4703069813040161	1.0	1.0	0.6432357517002907	0.4807910845438481	0.34820801665520706	1.0	1.0	1.0	1.0	1.0	1.0	0.6247292497053569	0.6268516359385993	0.578492413559032	0.7134542832283586	1.0	0.7179915061657698	1.0	1.0	1.0	0.45796169531104336	1.0	1.0	0.7690990303325336	1.0
ko	1.0	1.0	1.0	1.0	0.7141080454298697	0.5211017649627879	1.0	0.5387752422682067	0.7006662075775384	0.5603465152892355	1.0	1.0	1.0	0.5574091546057279	0.3548626829245111	1.0	1.0	1.0	1.0	1.0	1.0	1.0	1.0	0.7026445955663441	0.7147973711694585	1.0	1.0	1.0	1.0	1.0	0.5098540487571225	1.0	1.0	0.7690990303325336	1.0
lv	1.0	1.0	0.0	1.0	1.0	1.0	1.0	1.0	1.0	1.0	1.0	1.0	1.0	0.7376607345031153	1.0	1.0	1.0	1.0	1.0	1.0	1.0	1.0	1.0	1.0	0.7376607345031153	1.0	1.0	1.0	1.0	1.0	1.0	0.0	1.0	0.7690990303325336	1.0
mk	0.0	1.0	0.0	1.0	1.0	1.0	1.0	1.0	1.0	1.0	1.0	1.0	0.7411828468492556	1.0	1.0	1.0	1.0	1.0	1.0	1.0	1.0	1.0	1.0	1.0	1.0	1.0	1.0	1.0	1.0	1.0	1.0	0.0	1.0	0.7863954451402115	1.0
ml	1.0	1.0	0.0	1.0	1.0	1.0	1.0	1.0	1.0	1.0	1.0	1.0	1.0	1.0	1.0	1.0	1.0	1.0	1.0	1.0	1.0	1.0	1.0	1.0	1.0	1.0	1.0	1.0	1.0	1.0	1.0	0.0	1.0	0.8216064286890065	1.0
mr	0.0	1.0	0.0	1.0	1.0	1.0	1.0	1.0	1.0	1.0	1.0	1.0	1.0	1.0	1.0	1.0	1.0	1.0	1.0	1.0	1.0	1.0	1.0	1.0	1.0	1.0	1.0	1.0	1.0	1.0	1.0	0.0	1.0	1.0	1.0
nl	1.0	0.7234532828151788	1.0	1.0	0.6377047307628824	0.4260814779904566	1.0	0.4635961213781151	0.5186507208644219	0.5213978252441277	1.0	1.0	0.6398385892358058	0.4914365269154407	0.34958862385312306	0.6247292497053569	1.0	1.0	1.0	1.0	1.0	1.0	0.6993695092418335	0.5130412885110321	0.7116768074483946	1.0	0.7134542832283586	1.0	0.6432357517002909	1.0	0.48524883283165654	0.0	1.0	0.7690990303325336	0.7017153257436493
pl	1.0	1.0	1.0	1.0	0.6314395498907663	0.40578709025543674	0.7162976956558117	0.4503101818051533	0.5741244469205402	0.48435690199710996	1.0	1.0	0.6414463581614511	0.49089422166402186	0.4651490689026012	0.6268516359385993	1.0	1.0	1.0	1.0	1.0	0.6993695092418335	1.0	0.26304679617184745	0.7106212328351245	0.6212464513427436	0.6398385892358055	1.0	0.7171176902274349	1.0	0.46508623152231815	1.0	1.0	0.7690990303325336	0.7019395434758633
pt	1.0	1.0	1.0	1.0	0.6314395498907664	0.3386333774762366	0.7155258672934657	0.19640696976846334	0.21045676800893215	0.24157658699394058	0.705751191025248	0.38919876360042976	0.6398385892358058	0.4841739452288069	0.24511924737918903	0.578492413559032	0.7026445955663441	1.0	1.0	1.0	1.0	0.5130412885110321	0.26304679617184745	1.0	0.7122412578101112	0.5724411160630981	0.7134542832283586	1.0	0.7141080454298697	0.3693403646314042	0.5090129127937274	1.0	0.36552534471791326	0.7690990303325336	0.6260089247738755
ro	1.0	1.0	1.0	1.0	1.0	0.6692290567177889	0.7248485669756152	0.6286004117481451	0.7101264857596846	0.7101264857596847	1.0	1.0	0.5926968067797239	0.5908584270165441	0.7116768074483948	0.7134542832283586	0.7147973711694585	0.7376607345031153	1.0	1.0	1.0	0.7116768074483946	0.7106212328351245	0.7122412578101112	1.0	0.7096516635440986	0.7189258117174852	1.0	0.7300208629885035	0.7179915061657697	0.6345279152703018	1.0	0.7248485669756152	0.672319180205558	0.7128329397683224
ru	1.0	0.7234532828151787	1.0	1.0	0.6377047307628825	0.4070547323304516	1.0	0.36411614191998504	0.5704029020337203	0.49313727005744273	1.0	1.0	0.6398385892358058	0.45194508409444484	0.4479189535890305	1.0	1.0	1.0	1.0	1.0	1.0	1.0	0.6212464513427436	0.5724411160630981	0.7096516635440986	1.0	0.7116768074483946	1.0	0.7128329397683224	1.0	0.4461225745920647	1.0	1.0	0.7690990303325336	1.0
sh	1.0	1.0	0.0	1.0	0.7234532828151788	0.7116768074483949	1.0	0.5837075435067187	0.6390933240567507	0.6334134137277927	1.0	1.0	0.7221793916855703	0.6037638397743439	0.5882943843711531	0.7179915061657698	1.0	1.0	1.0	1.0	1.0	0.7134542832283586	0.6398385892358055	0.7134542832283586	0.7189258117174852	0.7116768074483946	1.0	1.0	0.7280991208898608	0.7162976956558116	0.6356288275679673	0.0	1.0	0.7690990303325336	1.0
si	0.0	1.0	0.0	1.0	1.0	1.0	1.0	1.0	1.0	1.0	1.0	1.0	1.0	1.0	1.0	1.0	1.0	1.0	1.0	1.0	1.0	1.0	1.0	1.0	1.0	1.0	1.0	1.0	1.0	1.0	1.0	0.0	1.0	0.8216064286890065	1.0
simple	1.0	1.0	0.0	1.0	0.728099120889861	0.7128329397683223	1.0	0.5834846659201488	0.7122412578101112	0.6383829424521856	0.7199285383279773	1.0	0.7280991208898608	0.6370879244183066	0.7106212328351247	1.0	1.0	1.0	1.0	1.0	1.0	0.6432357517002909	0.7171176902274349	0.7141080454298697	0.7300208629885035	0.7128329397683224	0.7280991208898608	1.0	1.0	1.0	0.7189258117174852	0.0	1.0	0.7863954451402115	1.0
sr	1.0	1.0	1.0	1.0	0.7199285383279772	0.6383829424521856	1.0	1.0	1.0	0.7101264857596848	1.0	1.0	0.7210092110599264	0.5505854873933675	0.36824406962257855	1.0	1.0	1.0	1.0	1.0	1.0	1.0	1.0	0.3693403646314042	0.7179915061657697	1.0	0.7162976956558116	1.0	1.0	1.0	0.7111374370280844	1.0	1.0	0.7690990303325336	1.0
sv	1.0	0.728099120889861	1.0	1.0	0.635268670437738	0.309970964209564	0.7171176902274347	0.353183348302073	0.5385359682834651	0.4182282946520935	0.5113463579534873	1.0	0.5858104530884553	0.40026640671071717	0.30160574939504103	0.45796169531104336	0.5098540487571225	1.0	1.0	1.0	1.0	0.48524883283165654	0.46508623152231815	0.5090129127937274	0.6345279152703018	0.4461225745920647	0.6356288275679673	1.0	0.7189258117174852	0.7111374370280844	1.0	1.0	1.0	0.7690990303325336	0.5062667242799958
te	0.0	0.0	0.0	0.0	0.0	1.0	0.0	1.0	1.0	1.0	0.0	0.0	0.0	0.0	1.0	1.0	1.0	0.0	0.0	0.0	0.0	0.0	1.0	1.0	1.0	1.0	0.0	0.0	0.0	1.0	1.0	1.0	0.0	0.0	1.0
vi	1.0	1.0	1.0	1.0	0.7199285383279773	0.5903211505754851	1.0	0.4527340096940783	1.0	0.7091953875376781	1.0	1.0	0.7248485669756152	0.5339136007955032	0.3731936717085505	1.0	1.0	1.0	1.0	1.0	1.0	1.0	1.0	0.36552534471791326	0.7248485669756152	1.0	1.0	1.0	1.0	1.0	1.0	0.0	1.0	0.7690990303325336	1.0
war	0.0	0.7863954451402115	0.0	1.0	0.7863954451402115	0.7690990303325336	0.7690990303325336	0.7690990303325336	0.7690990303325336	0.7690990303325336	0.7863954451402115	1.0	0.7690990303325336	0.7690990303325336	0.7690990303325336	0.7690990303325336	0.7690990303325336	0.7690990303325336	0.7863954451402115	0.8216064286890065	1.0	0.7690990303325336	0.7690990303325336	0.7690990303325336	0.672319180205558	0.7690990303325336	0.7690990303325336	0.8216064286890065	0.7863954451402115	0.7690990303325336	0.7690990303325336	0.0	0.7690990303325336	1.0	0.7690990303325336
zh	1.0	0.7263875964832449	1.0	1.0	0.7141080454298697	0.44253893550896184	1.0	0.42479446751998773	0.6980834559209271	0.503099298384697	1.0	1.0	0.6406217872018793	0.5096259558284695	0.6260089247738755	1.0	1.0	1.0	1.0	1.0	1.0	0.7017153257436493	0.7019395434758633	0.6260089247738755	0.7128329397683224	1.0	1.0	1.0	1.0	1.0	0.5062667242799958	1.0	1.0	0.7690990303325336	1.0
