arz	bs	ceb	ckb	da	de	el	en	es	fr	he	hi	hu	id	it	ja	ko	lv	mk	ml	mr	nl	pl	pt	ro	ru	sh	si	simple	sr	sv	te	tr	vi	war	zh
arz	1.0	1.0	0.0	1.0	1.0	1.0	1.0	1.0	1.0	1.0	1.0	1.0	1.0	0.585786437626905	1.0	1.0	1.0	1.0	1.0	1.0	1.0	1.0	1.0	1.0	1.0	1.0	1.0	1.0	1.0	1.0	1.0	1.0	1.0	1.0	1.0	1.0
bs	1.0	1.0	1.0	1.0	0.5	0.026033682365952396	0.0727941636598226	0.027460330291121358	0.0090965017916237	0.011309868486453307	0.12515975907731425	1.0	0.10827675813000022	0.13405367714227256	0.01937607218494344	0.020967095530189172	0.10646942369266052	1.0	0.0016357496922921435	1.0	1.0	0.0158410360790805	0.0029433121577710207	0.001973325873002094	0.05307609784008623	0.004282507854770096	0.009941645928395866	0.4364916731037085	0.585786437626905	0.010073217573128585	0.020862669127397232	1.0	0.353889367864523	0.053164530321828836	0.5	0.009091458888031471
ceb	0.0	1.0	1.0	0.0	1.0	1.0	0.0	1.0	1.0	1.0	1.0	1.0	1.0	1.0	1.0	1.0	1.0	1.0	1.0	1.0	0.0	1.0	1.0	1.0	1.0	1.0	1.0	1.0	1.0	1.0	1.0	0.0	-1.0	1.0	1.0	1.0
ckb	1.0	1.0	0.0	1.0	0.0	1.0	1.0	1.0	0.0	1.0	0.0	0.0	0.0	0.0	0.0	1.0	0.0	0.0	1.0	0.0	1.0	1.0	1.0	1.0	0.0	1.0	1.0	1.0	0.0	1.0	1.0	1.0	0.4364916731037085	0.0	0.585786437626905	1.0
da	1.0	0.5	1.0	0.0	1.0	0.585786437626905	1.0	0.353889367864523	1.0	0.3164309725825328	1.0	1.0	0.4364916731037085	1.0	1.0	1.0	1.0	1.0	1.0	1.0	1.0	0.4364916731037085	1.0	1.0	0.4142135623730951	1.0	1.0	1.0	1.0	0.585786437626905	1.0	1.0	0.5	1.0	0.5	1.0
de	1.0	0.026033682365952396	1.0	1.0	0.585786437626905	1.0	0.020173534384182065	0.020044717861572647	0.009110028401780617	0.020312112724322824	0.4142135623730951	1.0	0.02402782678641991	0.02833369770825075	0.035298589456065683	0.02684867317927302	0.020829882334484538	1.0	0.003511489899855052	1.0	1.0	0.018061296212516256	0.0036416697332555975	0.0035841539892325653	0.01888314193326874	0.00402146209596796	0.026145018705393583	1.0	0.585786437626905	0.02042545860211139	0.030908539003953593	1.0	0.32881309020609956	0.020415122704493898	0.585786437626905	0.006501343113397867
el	1.0	0.0727941636598226	0.0	1.0	1.0	0.020173534384182065	1.0	0.08125558808997878	0.02193695955760565	0.08225204617541457	0.353889367864523	1.0	0.1671393604365074	0.1652467333715559	0.045621161446104924	0.03272776783603571	0.14063867107806038	1.0	0.018385180068008815	1.0	1.0	0.06886450881946146	0.018403584658728305	0.01863330873319432	0.0930028214713078	0.02133607788227681	0.048973617628686676	1.0	1.0	0.01961297779566324	0.03661859654695022	1.0	1.0	0.08400953653217236	0.585786437626905	0.020262489503582632
en	1.0	0.027460330291121358	1.0	1.0	0.353889367864523	0.020044717861572647	0.08125558808997878	1.0	0.008877321556465943	0.028239072262005234	0.06210386996095196	1.0	0.08004857703344175	0.14531241600987005	0.01732646851627058	0.017642735404501397	0.11046087292371502	1.0	0.006624271564247969	1.0	1.0	0.024804050178483705	0.006191105372800646	0.006262249620271239	0.0618237224558982	0.006851392328506348	0.02842951502331813	1.0	0.44948974278317805	0.02018583329643447	0.021879348708298912	1.0	0.26427884169111276	0.0702672055447636	0.585786437626905	0.008382220595025058
es	1.0	0.0090965017916237	1.0	0.0	1.0	0.009110028401780617	0.02193695955760565	0.008877321556465943	1.0	0.008766750022033995	1.0	1.0	0.020864623821069798	0.02649908196666311	0.08227130331781198	0.11189119247086728	0.01731257334263636	1.0	0.06331348078262072	1.0	1.0	0.00890123761845576	0.0530185642972254	0.05645480728848389	0.012353239664415481	0.06506512889883467	0.009511861254515417	1.0	1.0	0.009142884273835583	0.08701990042345159	1.0	0.3483314773547883	0.011402674814624621	0.585786437626905	0.03657412673893966
fr	1.0	0.011309868486453307	1.0	1.0	0.3164309725825328	0.020312112724322824	0.08225204617541457	0.028239072262005234	0.008766750022033995	1.0	0.08392600481205836	1.0	0.08177546676052001	0.13232295950341816	0.01997338024435324	0.019444852188969054	0.1085884415833538	1.0	0.0027276434606885907	1.0	1.0	0.011828718920906488	0.0030502734756401076	0.002693477226921444	0.061935626019624386	0.004062732576963897	0.010797246378974125	1.0	0.39564392373896007	0.009797147972908699	0.020928987446400576	1.0	0.3483314773547883	0.07393973686437808	0.585786437626905	0.008293884776460347
he	1.0	0.12515975907731425	1.0	0.0	1.0	0.4142135623730951	0.353889367864523	0.06210386996095196	1.0	0.08392600481205836	1.0	1.0	0.353889367864523	1.0	0.3288130902060995	0.585786437626905	0.17774575502392898	1.0	1.0	1.0	1.0	0.15689852251304642	0.44948974278317805	0.3797958971132712	0.16265941452915686	0.44948974278317805	0.29429805508554946	1.0	1.0	0.4142135623730951	0.585786437626905	1.0	0.5	1.0	0.585786437626905	1.0
hi	1.0	1.0	1.0	0.0	1.0	1.0	1.0	1.0	1.0	1.0	1.0	1.0	1.0	1.0	1.0	1.0	1.0	1.0	1.0	1.0	1.0	1.0	1.0	1.0	1.0	1.0	0.0	1.0	1.0	1.0	1.0	1.0	0.585786437626905	1.0	0.585786437626905	1.0
hu	1.0	0.10827675813000022	1.0	0.0	0.4364916731037085	0.02402782678641991	0.1671393604365074	0.08004857703344175	0.020864623821069798	0.08177546676052001	0.353889367864523	1.0	1.0	0.1623636484763536	0.03803209975958927	0.03002332583520857	0.08812918534081854	1.0	0.018239485164045315	1.0	1.0	0.07662460725266766	0.020280279912657212	0.018253251135751887	0.09236590876181533	0.020545542870695013	0.04770688900855476	1.0	0.585786437626905	0.019878463150260966	0.03624171277172077	1.0	0.585786437626905	0.0699608829578943	0.585786437626905	0.0200853680691715
id	0.585786437626905	0.13405367714227256	1.0	0.0	1.0	0.02833369770825075	0.1652467333715559	0.14531241600987005	0.02649908196666311	0.13232295950341816	1.0	1.0	0.1623636484763536	1.0	0.05347073344436845	0.035138816972467395	0.1520855278161113	1.0	0.026512172154740627	1.0	0.5	0.08436908049137636	0.025978524819815177	0.026535512435118952	0.12954412118996764	0.030277092708412466	0.03792717028399387	1.0	1.0	0.02728985630409132	0.04123313152210802	0.585786437626905	0.3430703308172536	0.06175488120486147	0.44948974278317805	0.026646273083454727
it	1.0	0.01937607218494344	1.0	0.0	1.0	0.035298589456065683	0.045621161446104924	0.01732646851627058	0.08227130331781198	0.01997338024435324	0.3288130902060995	1.0	0.03803209975958927	0.05347073344436845	1.0	0.10894145703598503	0.03535048224342064	1.0	0.05475648653748171	1.0	1.0	0.019461848142797795	0.029668106445604286	0.03154593300330014	0.03239985654805532	0.030827122460672093	0.026942781527785505	1.0	1.0	0.0402607116002164	0.11803350620948265	1.0	0.28989794855663564	0.031615153673415664	0.585786437626905	0.04193069068543036
ja	1.0	0.020967095530189172	1.0	1.0	1.0	0.02684867317927302	0.03272776783603571	0.017642735404501397	0.11189119247086728	0.019444852188969054	0.585786437626905	1.0	0.03002332583520857	0.035138816972467395	0.10894145703598503	1.0	0.02857973935241395	1.0	0.12300501428901298	1.0	1.0	0.021210234702888246	0.1026016932750722	0.10065475817065717	0.027765315156758688	0.10932394851082071	0.02571941294264323	1.0	1.0	0.03564593150433186	0.10831816908944354	1.0	0.3430703308172536	0.028400244131344742	0.585786437626905	0.10056040392403998
ko	1.0	0.10646942369266052	1.0	0.0	1.0	0.020829882334484538	0.14063867107806038	0.11046087292371502	0.01731257334263636	0.1085884415833538	0.17774575502392898	1.0	0.08812918534081854	0.1520855278161113	0.03535048224342064	0.02857973935241395	1.0	1.0	0.017746577434951383	1.0	1.0	0.07376975069436074	0.01684305440871887	0.01665074037090968	0.09182680487124015	0.020208571405823033	0.04986665123823456	1.0	1.0	0.019478813360483682	0.03777649729988176	1.0	0.39564392373896007	0.10628942675698505	0.585786437626905	0.016711091211429427
lv	1.0	1.0	1.0	0.0	1.0	1.0	1.0	1.0	1.0	1.0	1.0	1.0	1.0	1.0	1.0	1.0	1.0	1.0	1.0	1.0	1.0	1.0	1.0	1.0	1.0	1.0	0.0	1.0	1.0	1.0	1.0	1.0	0.585786437626905	1.0	0.585786437626905	1.0
mk	1.0	0.0016357496922921435	1.0	1.0	1.0	0.003511489899855052	0.018385180068008815	0.006624271564247969	0.06331348078262072	0.0027276434606885907	1.0	1.0	0.018239485164045315	0.026512172154740627	0.05475648653748171	0.12300501428901298	0.017746577434951383	1.0	1.0	1.0	1.0	0.0016752219730947575	0.0018724726488032486	0.0029942657714489723	0.011991652478234851	0.0016727588933521836	0.0021721211721039612	1.0	1.0	0.0017971168407838773	0.05778309467433728	1.0	0.585786437626905	0.010240143201893414	0.585786437626905	0.002934309840854824
ml	1.0	1.0	1.0	0.0	1.0	1.0	1.0	1.0	1.0	1.0	1.0	1.0	1.0	1.0	1.0	1.0	1.0	1.0	1.0	1.0	1.0	1.0	1.0	1.0	1.0	1.0	0.0	1.0	1.0	1.0	1.0	1.0	1.0	1.0	0.585786437626905	1.0
mr	1.0	1.0	0.0	1.0	1.0	1.0	1.0	1.0	1.0	1.0	1.0	1.0	1.0	0.5	1.0	1.0	1.0	1.0	1.0	1.0	1.0	1.0	1.0	1.0	1.0	1.0	1.0	1.0	0.5	1.0	1.0	1.0	1.0	1.0	1.0	1.0
nl	1.0	0.0158410360790805	1.0	1.0	0.4364916731037085	0.018061296212516256	0.06886450881946146	0.024804050178483705	0.00890123761845576	0.011828718920906488	0.15689852251304642	1.0	0.07662460725266766	0.08436908049137636	0.019461848142797795	0.021210234702888246	0.07376975069436074	1.0	0.0016752219730947575	1.0	1.0	1.0	0.0029520857222803416	0.002008635687843475	0.055207864206488245	0.004299217864646258	0.010475789938932552	1.0	0.39564392373896007	0.01082169190097017	0.019954673869350924	1.0	0.32037724101704074	0.05794969580911396	0.585786437626905	0.0084493422039406
pl	1.0	0.0029433121577710207	1.0	1.0	1.0	0.0036416697332555975	0.018403584658728305	0.006191105372800646	0.0530185642972254	0.0030502734756401076	0.44948974278317805	1.0	0.020280279912657212	0.025978524819815177	0.029668106445604286	0.1026016932750722	0.01684305440871887	1.0	0.0018724726488032486	1.0	1.0	0.0029520857222803416	1.0	0.0019950895502177197	0.011796169480811969	0.0025070945360214972	0.003078220014512695	1.0	1.0	0.0030866788199063436	0.054252267931003136	1.0	0.585786437626905	0.010013876451506283	0.585786437626905	0.002861676354843484
pt	1.0	0.001973325873002094	1.0	1.0	1.0	0.0035841539892325653	0.01863330873319432	0.006262249620271239	0.05645480728848389	0.002693477226921444	0.3797958971132712	1.0	0.018253251135751887	0.026535512435118952	0.03154593300330014	0.10065475817065717	0.01665074037090968	1.0	0.0029942657714489723	1.0	1.0	0.002008635687843475	0.0019950895502177197	1.0	0.011894756900955645	0.0019597391740363347	0.0023119203018788187	0.585786437626905	1.0	0.002157886344849536	0.05616903719990309	1.0	0.2708131845707603	0.010083500981575068	0.585786437626905	0.0028177294377655353
ro	1.0	0.05307609784008623	1.0	0.0	0.4142135623730951	0.01888314193326874	0.0930028214713078	0.0618237224558982	0.012353239664415481	0.061935626019624386	0.16265941452915686	1.0	0.09236590876181533	0.12954412118996764	0.03239985654805532	0.027765315156758688	0.09182680487124015	1.0	0.011991652478234851	1.0	1.0	0.055207864206488245	0.011796169480811969	0.011894756900955645	1.0	0.014747636826337614	0.03967999851989307	1.0	0.4142135623730951	0.015635060547573833	0.0327990680027588	1.0	0.353889367864523	0.05569440901783759	0.585786437626905	0.011890339189343044
ru	1.0	0.004282507854770096	1.0	1.0	1.0	0.00402146209596796	0.02133607788227681	0.006851392328506348	0.06506512889883467	0.004062732576963897	0.44948974278317805	1.0	0.020545542870695013	0.030277092708412466	0.030827122460672093	0.10932394851082071	0.020208571405823033	1.0	0.0016727588933521836	1.0	1.0	0.004299217864646258	0.0025070945360214972	0.0019597391740363347	0.014747636826337614	1.0	0.004100107975489253	1.0	0.585786437626905	0.004181278199474537	0.05812752466131639	1.0	0.4142135623730951	0.012521780937931052	0.585786437626905	0.0034450021497019426
sh	1.0	0.009941645928395866	1.0	1.0	1.0	0.026145018705393583	0.048973617628686676	0.02842951502331813	0.009511861254515417	0.010797246378974125	0.29429805508554946	0.0	0.04770688900855476	0.03792717028399387	0.026942781527785505	0.02571941294264323	0.04986665123823456	0.0	0.0021721211721039612	0.0	1.0	0.010475789938932552	0.003078220014512695	0.0023119203018788187	0.03967999851989307	0.004100107975489253	1.0	1.0	1.0	0.009797297267929104	0.027074672872959837	1.0	0.30104611132852416	0.04137339874986497	0.44948974278317805	0.008561368845614977
si	1.0	0.4364916731037085	1.0	1.0	1.0	1.0	1.0	1.0	1.0	1.0	1.0	1.0	1.0	1.0	1.0	1.0	1.0	1.0	1.0	1.0	1.0	1.0	1.0	0.585786437626905	1.0	1.0	1.0	1.0	1.0	1.0	1.0	1.0	1.0	1.0	0.585786437626905	1.0
simple	1.0	0.585786437626905	1.0	0.0	1.0	0.585786437626905	1.0	0.44948974278317805	1.0	0.39564392373896007	1.0	1.0	0.585786437626905	1.0	1.0	1.0	1.0	1.0	1.0	1.0	0.5	0.39564392373896007	1.0	1.0	0.4142135623730951	0.585786437626905	1.0	1.0	1.0	1.0	1.0	1.0	0.4142135623730951	1.0	0.44948974278317805	0.585786437626905
sr	1.0	0.010073217573128585	1.0	1.0	0.585786437626905	0.02042545860211139	0.01961297779566324	0.02018583329643447	0.009142884273835583	0.009797147972908699	0.4142135623730951	1.0	0.019878463150260966	0.02728985630409132	0.0402607116002164	0.03564593150433186	0.019478813360483682	1.0	0.0017971168407838773	1.0	1.0	0.01082169190097017	0.0030866788199063436	0.002157886344849536	0.015635060547573833	0.004181278199474537	0.009797297267929104	1.0	1.0	1.0	0.03687207230703381	1.0	0.585786437626905	0.015716379060912975	0.585786437626905	0.008770091420231252
sv	1.0	0.020862669127397232	1.0	1.0	1.0	0.030908539003953593	0.03661859654695022	0.021879348708298912	0.08701990042345159	0.020928987446400576	0.585786437626905	1.0	0.03624171277172077	0.04123313152210802	0.11803350620948265	0.10831816908944354	0.03777649729988176	1.0	0.05778309467433728	1.0	1.0	0.019954673869350924	0.054252267931003136	0.05616903719990309	0.0327990680027588	0.05812752466131639	0.027074672872959837	1.0	1.0	0.03687207230703381	1.0	1.0	0.3164309725825327	0.036092224818740526	0.5	0.06410909975081854
te	1.0	1.0	0.0	1.0	1.0	1.0	1.0	1.0	1.0	1.0	1.0	1.0	1.0	0.585786437626905	1.0	1.0	1.0	1.0	1.0	1.0	1.0	1.0	1.0	1.0	1.0	1.0	1.0	1.0	1.0	1.0	1.0	1.0	1.0	1.0	1.0	1.0
tr	1.0	0.353889367864523	-1.0	0.4364916731037085	0.5	0.32881309020609956	1.0	0.26427884169111276	0.3483314773547883	0.3483314773547883	0.5	0.585786437626905	0.585786437626905	0.3430703308172536	0.28989794855663564	0.3430703308172536	0.39564392373896007	0.585786437626905	0.585786437626905	1.0	1.0	0.32037724101704074	0.585786437626905	0.2708131845707603	0.353889367864523	0.4142135623730951	0.30104611132852416	1.0	0.4142135623730951	0.585786437626905	0.3164309725825327	1.0	1.0	0.4364916731037085	0.585786437626905	0.3430703308172536
vi	1.0	0.053164530321828836	1.0	0.0	1.0	0.020415122704493898	0.08400953653217236	0.0702672055447636	0.011402674814624621	0.07393973686437808	1.0	1.0	0.0699608829578943	0.06175488120486147	0.031615153673415664	0.028400244131344742	0.10628942675698505	1.0	0.010240143201893414	1.0	1.0	0.05794969580911396	0.010013876451506283	0.010083500981575068	0.05569440901783759	0.012521780937931052	0.04137339874986497	1.0	1.0	0.015716379060912975	0.036092224818740526	1.0	0.4364916731037085	1.0	0.585786437626905	0.01076001272964664
war	1.0	0.5	1.0	0.585786437626905	0.5	0.585786437626905	0.585786437626905	0.585786437626905	0.585786437626905	0.585786437626905	0.585786437626905	0.585786437626905	0.585786437626905	0.44948974278317805	0.585786437626905	0.585786437626905	0.585786437626905	0.585786437626905	0.585786437626905	0.585786437626905	1.0	0.585786437626905	0.585786437626905	0.585786437626905	0.585786437626905	0.585786437626905	0.44948974278317805	0.585786437626905	0.44948974278317805	0.585786437626905	0.5	1.0	0.585786437626905	0.585786437626905	1.0	0.585786437626905
zh	1.0	0.009091458888031471	1.0	1.0	1.0	0.006501343113397867	0.020262489503582632	0.008382220595025058	0.03657412673893966	0.008293884776460347	1.0	1.0	0.0200853680691715	0.026646273083454727	0.04193069068543036	0.10056040392403998	0.016711091211429427	1.0	0.002934309840854824	1.0	1.0	0.0084493422039406	0.002861676354843484	0.0028177294377655353	0.011890339189343044	0.0034450021497019426	0.008561368845614977	1.0	0.585786437626905	0.008770091420231252	0.06410909975081854	1.0	0.3430703308172536	0.01076001272964664	0.585786437626905	1.0
