arz	bs	ceb	ckb	da	de	el	en	es	fr	he	hi	hu	id	it	ja	ko	lv	mk	ml	mr	nl	pl	pt	ro	ru	sh	si	simple	sr	sv	te	vi	war	zh
arz	1.0	0.0	0.0	0.0	1.0	1.0	0.0	1.0	1.0	1.0	1.0	0.0	1.0	1.0	1.0	1.0	1.0	0.0	1.0	0.0	0.0	1.0	1.0	1.0	1.0	1.0	0.0	0.0	1.0	0.0	0.585786437626905	0.0	1.0	0.0	1.0
bs	0.0	1.0	0.0	1.0	1.0	1.0	1.0	1.0	1.0	1.0	1.0	1.0	1.0	1.0	0.585786437626905	1.0	1.0	1.0	1.0	1.0	0.0	1.0	0.585786437626905	1.0	0.0	1.0	1.0	0.0	1.0	1.0	1.0	0.0	1.0	0.0	1.0
ceb	0.0	0.0	1.0	0.0	1.0	1.0	0.0	1.0	1.0	1.0	1.0	0.0	0.0	1.0	1.0	1.0	1.0	1.0	1.0	1.0	0.0	1.0	0.585786437626905	1.0	1.0	1.0	0.0	0.0	1.0	1.0	1.0	0.0	1.0	0.0	1.0
ckb	0.0	1.0	0.0	1.0	1.0	1.0	1.0	0.5	1.0	1.0	1.0	1.0	1.0	1.0	1.0	1.0	1.0	1.0	1.0	1.0	0.0	1.0	1.0	1.0	0.0	1.0	0.0	0.0	1.0	1.0	1.0	0.0	1.0	0.0	1.0
da	1.0	1.0	1.0	1.0	1.0	0.1907435698305462	1.0	0.0526982715427038	0.36602540378443865	0.19189819438013955	0.585786437626905	1.0	0.585786437626905	0.3203772410170407	0.07838233891661091	0.44948974278317805	1.0	1.0	0.44948974278317805	1.0	0.0	0.1824337058471398	0.29893508442482547	0.19442892566301143	0.585786437626905	0.36602540378443865	1.0	0.0	1.0	1.0	0.1362646261559987	0.0	0.585786437626905	1.0	0.5
de	1.0	1.0	1.0	1.0	0.1907435698305462	1.0	0.3660254037844386	0.006159130981252733	0.07302733661068606	0.009239563374731202	0.39564392373896007	0.585786437626905	0.11224213271548207	0.05582364734612781	0.011755465784509662	0.12636227365336414	0.32449979983983984	1.0	0.26533119314590375	1.0	0.0	0.01108703125195398	0.016769603300946102	0.015734848743116463	0.44948974278317805	0.013569455929522061	0.26517921582035225	0.0	0.2791745113185196	0.28172904669025317	0.02061814976384969	0.0	0.585786437626905	1.0	0.18660549686337075
el	0.0	1.0	0.0	1.0	1.0	0.3660254037844386	1.0	0.018253109762929494	0.4142135623730951	0.18464218557642828	1.0	1.0	0.27429188517743175	0.3090169943749474	0.03474355441548334	1.0	1.0	1.0	1.0	1.0	0.0	0.2402530733520421	0.34833147735478825	0.11385936184053944	1.0	1.0	1.0	0.0	0.585786437626905	1.0	0.22772999919644132	0.0	1.0	1.0	1.0
en	1.0	1.0	1.0	0.5	0.0526982715427038	0.006159130981252733	0.018253109762929494	1.0	0.005575641811744554	0.02443721286005836	0.04775481797829893	0.2708131845707603	0.027648201429179144	0.02662647755563325	0.028660573101730293	0.007450675623413629	0.01708657248258454	0.585786437626905	0.023388946451779583	0.44948974278317805	1.0	0.013334998943106871	0.019077674567090596	0.030208394326218923	0.14257458343761817	0.00407580063431212	0.11628796611075475	1.0	0.09638437522649813	0.09897490965516412	0.03704911088568803	0.0	0.06583163386744324	1.0	0.006561650403942897
es	1.0	1.0	1.0	1.0	0.36602540378443865	0.07302733661068606	0.4142135623730951	0.005575641811744554	1.0	0.00887687168488335	0.5	1.0	0.1045036114750992	0.05854620456309173	0.012084075901950713	0.26533119314590375	0.5	1.0	1.0	1.0	0.0	0.03677666300070835	0.02749047933649593	0.012832442486379094	0.5	0.17826035697019474	0.44948974278317805	0.0	0.36602540378443865	1.0	0.030961403398273222	0.0	0.585786437626905	1.0	0.44948974278317805
fr	1.0	1.0	1.0	1.0	0.19189819438013955	0.009239563374731202	0.18464218557642828	0.02443721286005836	0.00887687168488335	1.0	0.2240092377397959	0.5	0.09953184203578859	0.04744864507235313	0.019114689766902372	0.013872138413729614	0.13178933105660948	0.5	0.20255199565557971	0.585786437626905	0.0	0.013388188747532094	0.01683879914126464	0.015572615469424273	0.28989794855663564	0.006818807514065609	0.1827439976315568	1.0	0.2061257833323215	0.26427884169111276	0.030110866354121395	1.0	0.24660605559646726	1.0	0.02853711371004323
he	1.0	1.0	1.0	1.0	0.585786437626905	0.39564392373896007	1.0	0.04775481797829893	0.5	0.2240092377397959	1.0	1.0	0.585786437626905	0.4142135623730951	0.06678604176309971	1.0	1.0	1.0	1.0	1.0	0.0	0.4142135623730951	0.22966848451216434	0.13100580420257674	1.0	1.0	1.0	0.0	0.585786437626905	1.0	0.25824569976124334	0.0	1.0	1.0	1.0
hi	0.0	1.0	0.0	1.0	1.0	0.585786437626905	1.0	0.2708131845707603	1.0	0.5	1.0	1.0	1.0	1.0	0.32449979983983984	1.0	1.0	1.0	1.0	1.0	1.0	1.0	1.0	0.5	1.0	1.0	1.0	0.0	1.0	1.0	0.585786437626905	1.0	1.0	1.0	1.0
hu	1.0	1.0	0.0	1.0	0.585786437626905	0.11224213271548207	0.27429188517743175	0.027648201429179144	0.1045036114750992	0.09953184203578859	0.585786437626905	1.0	1.0	0.38742588672279304	0.03795671803049619	0.15894454156034005	0.44948974278317805	1.0	0.27718637277259645	1.0	0.0	0.13641886396885983	0.1687513234568025	0.14657661553811108	0.4364916731037085	0.10299084789829145	0.3726822671238253	0.0	0.5	0.353889367864523	0.17591245138545	0.0	0.585786437626905	1.0	0.2025519956555797
id	1.0	1.0	1.0	1.0	0.3203772410170407	0.05582364734612781	0.3090169943749474	0.02662647755563325	0.05854620456309173	0.04744864507235313	0.4142135623730951	1.0	0.38742588672279304	1.0	0.04010132538692647	0.1014196461075442	0.1177460522481177	1.0	0.5	0.4364916731037085	0.0	0.08636972134377771	0.10472600474430394	0.0920846524703293	0.5	0.035026325366638286	0.3726822671238253	1.0	0.5	1.0	0.1683127491259594	0.0	0.44948974278317805	1.0	0.06081994963905188
it	1.0	0.585786437626905	1.0	1.0	0.07838233891661091	0.011755465784509662	0.03474355441548334	0.028660573101730293	0.012084075901950713	0.019114689766902372	0.06678604176309971	0.32449979983983984	0.03795671803049619	0.04010132538692647	1.0	0.017876500390227222	0.03618820584553069	0.29429805508554946	0.05732931286275767	1.0	0.0	0.014198386968856226	0.020369017520809204	0.025202263073198283	0.09547772012110657	0.00972680857138123	0.11504849007695503	1.0	0.06423447182407772	0.10113069765789216	0.031143726274292294	0.0	0.145663213157068	1.0	0.022808795679271646
ja	1.0	1.0	1.0	1.0	0.44948974278317805	0.12636227365336414	1.0	0.007450675623413629	0.26533119314590375	0.013872138413729614	1.0	1.0	0.15894454156034005	0.1014196461075442	0.017876500390227222	1.0	1.0	1.0	1.0	1.0	0.0	0.07616003798769806	0.04255750352132517	0.027137273159239354	0.4364916731037085	1.0	0.3660254037844386	0.0	0.38742588672279304	1.0	0.03545296304081705	1.0	1.0	1.0	0.585786437626905
ko	1.0	1.0	1.0	1.0	1.0	0.32449979983983984	1.0	0.01708657248258454	0.5	0.13178933105660948	1.0	1.0	0.44948974278317805	0.1177460522481177	0.03618820584553069	1.0	1.0	1.0	1.0	1.0	0.0	0.1975496259559987	0.23441237831492118	0.08949751194817467	0.585786437626905	1.0	1.0	0.0	0.5	1.0	0.1477240752770679	0.0	1.0	1.0	1.0
lv	0.0	1.0	1.0	1.0	1.0	1.0	1.0	0.585786437626905	1.0	0.5	1.0	1.0	1.0	1.0	0.29429805508554946	1.0	1.0	1.0	1.0	1.0	0.0	0.585786437626905	0.44948974278317805	0.5	1.0	1.0	1.0	0.0	0.585786437626905	1.0	0.585786437626905	0.0	1.0	1.0	1.0
mk	1.0	1.0	1.0	1.0	0.44948974278317805	0.26533119314590375	1.0	0.023388946451779583	1.0	0.20255199565557971	1.0	1.0	0.27718637277259645	0.5	0.05732931286275767	1.0	1.0	1.0	1.0	1.0	0.0	0.25	0.2063099139372659	0.25	1.0	1.0	0.5	0.0	1.0	1.0	0.23166247903554	0.0	1.0	1.0	1.0
ml	0.0	1.0	1.0	1.0	1.0	1.0	1.0	0.44948974278317805	1.0	0.585786437626905	1.0	1.0	1.0	0.4364916731037085	1.0	1.0	1.0	1.0	1.0	1.0	0.0	1.0	0.585786437626905	1.0	1.0	1.0	1.0	0.0	1.0	1.0	1.0	0.0	1.0	1.0	1.0
mr	0.0	0.0	0.0	0.0	0.0	0.0	0.0	1.0	0.0	0.0	0.0	1.0	0.0	0.0	0.0	0.0	0.0	0.0	0.0	0.0	1.0	0.0	0.0	0.0	0.0	0.0	0.0	0.0	0.0	0.0	0.0	0.0	0.0	0.0	0.0
nl	1.0	1.0	1.0	1.0	0.1824337058471398	0.01108703125195398	0.2402530733520421	0.013334998943106871	0.03677666300070835	0.013388188747532094	0.4142135623730951	1.0	0.13641886396885983	0.08636972134377771	0.014198386968856226	0.07616003798769806	0.1975496259559987	0.585786437626905	0.25	1.0	0.0	1.0	0.02763989054214046	0.03772539344969362	0.4142135623730951	0.019505039619840004	0.4142135623730951	0.0	0.312382456964725	0.585786437626905	0.044866981154707684	0.0	0.28172904669025317	1.0	0.05590381937391851
pl	1.0	0.585786437626905	0.585786437626905	1.0	0.29893508442482547	0.016769603300946102	0.34833147735478825	0.019077674567090596	0.02749047933649593	0.01683879914126464	0.22966848451216434	1.0	0.1687513234568025	0.10472600474430394	0.020369017520809204	0.04255750352132517	0.23441237831492118	0.44948974278317805	0.2063099139372659	0.585786437626905	0.0	0.02763989054214046	1.0	0.027530414559225922	0.4142135623730951	0.01315851627407798	0.3660254037844386	0.0	0.34833147735478825	0.3430703308172536	0.05489821114059544	1.0	0.3090169943749474	1.0	0.11881849050177154
pt	1.0	1.0	1.0	1.0	0.19442892566301143	0.015734848743116463	0.11385936184053944	0.030208394326218923	0.012832442486379094	0.015572615469424273	0.13100580420257674	0.5	0.14657661553811108	0.0920846524703293	0.025202263073198283	0.027137273159239354	0.08949751194817467	0.5	0.25	1.0	0.0	0.03772539344969362	0.027530414559225922	1.0	0.44948974278317805	0.012041812387180596	0.38742588672279304	0.0	0.23329952500316292	0.38742588672279304	0.03952666636195917	0.0	0.20521309615767264	1.0	0.05106219109113141
ro	1.0	0.0	1.0	0.0	0.585786437626905	0.44948974278317805	1.0	0.14257458343761817	0.5	0.28989794855663564	1.0	1.0	0.4364916731037085	0.5	0.09547772012110657	0.4364916731037085	0.585786437626905	1.0	1.0	1.0	0.0	0.4142135623730951	0.4142135623730951	0.44948974278317805	1.0	0.36602540378443865	1.0	0.0	0.585786437626905	1.0	0.3266316347104093	0.0	1.0	1.0	0.585786437626905
ru	1.0	1.0	1.0	1.0	0.36602540378443865	0.013569455929522061	1.0	0.00407580063431212	0.17826035697019474	0.006818807514065609	1.0	1.0	0.10299084789829145	0.035026325366638286	0.00972680857138123	1.0	1.0	1.0	1.0	1.0	0.0	0.019505039619840004	0.01315851627407798	0.012041812387180596	0.36602540378443865	1.0	0.34833147735478825	1.0	0.4142135623730951	1.0	0.02320887613898371	1.0	1.0	1.0	1.0
sh	0.0	1.0	0.0	0.0	1.0	0.26517921582035225	1.0	0.11628796611075475	0.44948974278317805	0.1827439976315568	1.0	1.0	0.3726822671238253	0.3726822671238253	0.11504849007695503	0.3660254037844386	1.0	1.0	0.5	1.0	0.0	0.4142135623730951	0.3660254037844386	0.38742588672279304	1.0	0.34833147735478825	1.0	0.0	0.44948974278317805	0.5	0.24304394258384912	0.0	1.0	1.0	0.5
si	0.0	0.0	0.0	0.0	0.0	0.0	0.0	1.0	0.0	1.0	0.0	0.0	0.0	1.0	1.0	0.0	0.0	0.0	0.0	0.0	0.0	0.0	0.0	0.0	0.0	1.0	0.0	1.0	0.0	0.0	1.0	0.0	0.0	0.0	0.0
simple	1.0	1.0	1.0	1.0	1.0	0.2791745113185196	0.585786437626905	0.09638437522649813	0.36602540378443865	0.2061257833323215	0.585786437626905	1.0	0.5	0.5	0.06423447182407772	0.38742588672279304	0.5	0.585786437626905	1.0	1.0	0.0	0.312382456964725	0.34833147735478825	0.23329952500316292	0.585786437626905	0.4142135623730951	0.44948974278317805	0.0	1.0	1.0	0.25	0.0	1.0	0.0	0.44948974278317805
sr	0.0	1.0	1.0	1.0	1.0	0.28172904669025317	1.0	0.09897490965516412	1.0	0.26427884169111276	1.0	1.0	0.353889367864523	1.0	0.10113069765789216	1.0	1.0	1.0	1.0	1.0	0.0	0.585786437626905	0.3430703308172536	0.38742588672279304	1.0	1.0	0.5	0.0	1.0	1.0	0.28172904669025317	0.0	1.0	1.0	1.0
sv	0.585786437626905	1.0	1.0	1.0	0.1362646261559987	0.02061814976384969	0.22772999919644132	0.03704911088568803	0.030961403398273222	0.030110866354121395	0.25824569976124334	0.585786437626905	0.17591245138545	0.1683127491259594	0.031143726274292294	0.03545296304081705	0.1477240752770679	0.585786437626905	0.23166247903554	1.0	0.0	0.044866981154707684	0.05489821114059544	0.03952666636195917	0.3266316347104093	0.02320887613898371	0.24304394258384912	1.0	0.25	0.28172904669025317	1.0	0.0	0.2708131845707603	1.0	0.059534413127613366
te	0.0	0.0	0.0	0.0	0.0	0.0	0.0	0.0	0.0	1.0	0.0	1.0	0.0	0.0	0.0	1.0	0.0	0.0	0.0	0.0	0.0	0.0	1.0	0.0	0.0	1.0	0.0	0.0	0.0	0.0	0.0	1.0	0.0	0.0	0.0
vi	1.0	1.0	1.0	1.0	0.585786437626905	0.585786437626905	1.0	0.06583163386744324	0.585786437626905	0.24660605559646726	1.0	1.0	0.585786437626905	0.44948974278317805	0.145663213157068	1.0	1.0	1.0	1.0	1.0	0.0	0.28172904669025317	0.3090169943749474	0.20521309615767264	1.0	1.0	1.0	0.0	1.0	1.0	0.2708131845707603	0.0	1.0	1.0	1.0
war	0.0	0.0	0.0	0.0	1.0	1.0	1.0	1.0	1.0	1.0	1.0	1.0	1.0	1.0	1.0	1.0	1.0	1.0	1.0	1.0	0.0	1.0	1.0	1.0	1.0	1.0	1.0	0.0	0.0	1.0	1.0	0.0	1.0	1.0	1.0
zh	1.0	1.0	1.0	1.0	0.5	0.18660549686337075	1.0	0.006561650403942897	0.44948974278317805	0.02853711371004323	1.0	1.0	0.2025519956555797	0.06081994963905188	0.022808795679271646	0.585786437626905	1.0	1.0	1.0	1.0	0.0	0.05590381937391851	0.11881849050177154	0.05106219109113141	0.585786437626905	1.0	0.5	0.0	0.44948974278317805	1.0	0.059534413127613366	0.0	1.0	1.0	1.0
