arz	bs	ceb	ckb	da	de	el	en	es	fr	he	hi	hu	id	it	ja	ko	lv	mk	ml	mr	nl	pl	pt	ro	ru	sh	si	simple	sr	sv	te	vi	war	zh
arz	1.0	0.0	0.0	0.0	1.0	1.0	1.0	1.0	1.0	1.0	1.0	1.0	1.0	1.0	1.0	1.0	1.0	1.0	0.0	1.0	0.0	1.0	1.0	1.0	1.0	1.0	1.0	0.0	1.0	1.0	1.0	0.0	1.0	0.0	1.0
bs	0.0	1.0	1.0	1.0	0.6523839999161463	0.661251134120194	0.7411828468492555	0.6589257440209709	0.6612511341201939	0.661251134120194	0.6740515375688697	1.0	0.6093096912777514	0.7300208629885035	0.7263875964832449	0.6667969795412325	0.7347168825662657	1.0	1.0	0.74551343442257	1.0	0.658925744020971	0.728099120889861	0.728099120889861	0.7322034805959264	0.7234532828151787	0.6499913553099703	1.0	0.6562661056221564	0.7347168825662657	0.728099120889861	0.0	0.7411828468492555	1.0	0.6638546162332062
ceb	0.0	1.0	1.0	0.0	0.0	1.0	1.0	1.0	1.0	1.0	1.0	0.0	0.0	1.0	1.0	1.0	1.0	0.0	0.0	0.0	0.0	1.0	1.0	1.0	1.0	1.0	0.0	0.0	0.0	1.0	1.0	0.0	1.0	0.0	1.0
ckb	0.0	1.0	0.0	1.0	1.0	1.0	1.0	1.0	1.0	1.0	1.0	1.0	1.0	1.0	1.0	1.0	1.0	1.0	1.0	1.0	1.0	1.0	1.0	1.0	1.0	1.0	1.0	1.0	1.0	1.0	1.0	0.0	1.0	1.0	1.0
da	1.0	0.6523839999161463	0.0	1.0	1.0	0.5597296276351318	1.0	0.5427043786308513	0.5618106076643238	0.7087564131141619	1.0	0.7376607345031153	0.6402464701444691	1.0	0.5328718741342157	0.7128329397683222	0.7141080454298697	1.0	0.7347168825662656	1.0	1.0	0.7096516635440985	0.7101264857596847	0.6065766835381774	0.7210092110599264	0.6377047307628825	0.7234532828151787	1.0	0.728099120889861	1.0	0.5827890733274049	0.0	1.0	1.0	0.6442100898340134
de	1.0	0.661251134120194	1.0	1.0	0.5597296276351318	1.0	0.7141080454298697	0.20828054676419563	0.2983808821789795	0.34708901017885907	0.5261878392932327	1.0	0.5378595507759424	0.41588343934838723	0.31722528013925694	0.41690423466439974	0.5465996468332871	1.0	1.0	1.0	1.0	0.34677835972451637	0.3954797931692924	0.35201597823889236	0.7111374370280844	0.387072156924006	0.5257539392284036	1.0	0.7128329397683222	0.6383829424521856	0.3705673152203746	1.0	0.4896110154021774	0.7690990303325336	0.4341923632282381
el	1.0	0.7411828468492555	1.0	1.0	1.0	0.7141080454298697	1.0	0.5903211505754853	0.7116768074483945	1.0	1.0	1.0	1.0	0.7179915061657697	0.7162976956558117	1.0	1.0	1.0	1.0	1.0	1.0	1.0	1.0	1.0	1.0	1.0	1.0	1.0	0.7347168825662656	1.0	1.0	0.0	1.0	0.7690990303325336	1.0
en	1.0	0.6589257440209709	1.0	1.0	0.5427043786308513	0.20828054676419563	0.5903211505754853	1.0	0.2641162888321929	0.29760707427022703	0.4976921808847539	1.0	0.5066286584540476	0.36626300895345454	0.26379405809160716	0.3802345626737189	0.44715626349804266	1.0	1.0	1.0	1.0	0.32742989810617706	0.35728685807104693	0.2790804729871572	0.7071524664833441	0.3984493213930617	0.5924658130616859	1.0	0.583229790360966	0.7054274448755337	0.36845932204428833	1.0	0.703143980350941	0.7690990303325336	0.43377824191580755
es	1.0	0.6612511341201939	1.0	1.0	0.5618106076643238	0.2983808821789795	0.7116768074483945	0.2641162888321929	1.0	0.43510148767532947	1.0	1.0	0.5356760664316985	0.407018374945064	0.349221371213363	0.5747479002639632	0.5872256147990396	1.0	1.0	1.0	1.0	0.5346847121499363	0.49277205019252546	0.38226942800161196	0.5852532531850112	0.49283446809109216	0.5958243804128452	1.0	0.6414463581614515	0.7083336130853424	0.47325742064051385	1.0	0.7079259635809066	0.7690990303325336	0.622156755513119
fr	1.0	0.661251134120194	1.0	1.0	0.7087564131141619	0.34708901017885907	1.0	0.29760707427022703	0.43510148767532947	1.0	0.7031439803509411	1.0	0.572880282994916	0.4586994545511116	0.3231098391373768	0.5749636029460933	0.7008670319311907	1.0	1.0	1.0	1.0	0.4485373331201747	0.5358965598735757	0.4114619995562811	0.6314395498907666	0.5364384095075995	0.7122412578101113	1.0	0.6314395498907664	1.0	0.5394254477666047	1.0	0.6370562647493825	0.7690990303325336	0.6977891583206235
he	1.0	0.6740515375688697	1.0	1.0	1.0	0.5261878392932327	1.0	0.4976921808847539	1.0	0.7031439803509411	1.0	1.0	0.7171176902274348	0.7101264857596847	0.5581527903207655	1.0	1.0	1.0	1.0	1.0	1.0	1.0	1.0	0.6322610359138848	1.0	1.0	0.7221793916855703	1.0	0.7199285383279773	1.0	0.7075325319701226	0.0	1.0	1.0	1.0
hi	1.0	1.0	0.0	1.0	0.7376607345031153	1.0	1.0	1.0	1.0	1.0	1.0	1.0	0.7347168825662656	1.0	1.0	1.0	1.0	1.0	1.0	1.0	1.0	1.0	1.0	1.0	1.0	1.0	1.0	1.0	1.0	1.0	1.0	0.0	1.0	1.0	1.0
hu	1.0	0.6093096912777514	0.0	1.0	0.6402464701444691	0.5378595507759424	1.0	0.5066286584540476	0.5356760664316985	0.572880282994916	0.7171176902274348	0.7347168825662656	1.0	0.636400415174357	0.5111299719578493	0.7134542832283587	0.7134542832283586	0.7376607345031153	1.0	0.7455134344225701	1.0	0.5743624203865563	0.5760085832133244	0.538467864521108	0.7171176902274347	0.5743624203865563	0.5518577541877073	1.0	0.6457980809461796	0.590165468651495	0.5736026030496342	0.0	0.7248485669756152	0.7690990303325336	0.7116768074483946
id	1.0	0.7300208629885035	1.0	1.0	1.0	0.41588343934838723	0.7179915061657697	0.36626300895345454	0.407018374945064	0.4586994545511116	0.7101264857596847	1.0	0.636400415174357	1.0	0.48166511507140203	0.5577112290363482	0.5890337101170955	1.0	1.0	1.0	1.0	0.5785693372103902	0.4858663964855478	0.46803304277735874	1.0	0.5047985240977566	0.59049000347534	1.0	0.5925568679613904	0.7122412578101115	0.5449338997030554	0.0	1.0	0.7690990303325336	0.5303272228281571
it	1.0	0.7263875964832449	1.0	1.0	0.5328718741342157	0.31722528013925694	0.7162976956558117	0.26379405809160716	0.349221371213363	0.3231098391373768	0.5581527903207655	1.0	0.5111299719578493	0.48166511507140203	1.0	0.5784924135590315	0.5494406852419114	0.7376607345031153	1.0	1.0	1.0	0.4097801396048048	0.3930683102508748	0.3674835319916726	0.6328903638342454	0.40345160880227676	0.6339586789692556	1.0	0.5242470167833636	0.6398385892358057	0.41484595867796387	1.0	0.6423162003593036	0.6743202287441529	0.5211017649627877
ja	1.0	0.6667969795412325	1.0	1.0	0.7128329397683222	0.41690423466439974	1.0	0.3802345626737189	0.5747479002639632	0.5749636029460933	1.0	1.0	0.7134542832283587	0.5577112290363482	0.5784924135590315	1.0	1.0	1.0	1.0	1.0	1.0	0.5782032259014134	0.5807252029124172	0.5195401792159979	0.7134542832283587	1.0	1.0	1.0	0.6475250169846578	1.0	0.5807252029124172	1.0	1.0	0.7690990303325336	1.0
ko	1.0	0.7347168825662657	1.0	1.0	0.7141080454298697	0.5465996468332871	1.0	0.44715626349804266	0.5872256147990396	0.7008670319311907	1.0	1.0	0.7134542832283586	0.5890337101170955	0.5494406852419114	1.0	1.0	1.0	1.0	1.0	1.0	0.6298101507615229	0.7034032621820071	0.5821956524078238	1.0	1.0	0.651610424238932	1.0	0.651610424238932	1.0	0.588427146541076	1.0	1.0	0.7690990303325336	1.0
lv	1.0	1.0	0.0	1.0	1.0	1.0	1.0	1.0	1.0	1.0	1.0	1.0	0.7376607345031153	1.0	0.7376607345031153	1.0	1.0	1.0	1.0	1.0	1.0	1.0	1.0	1.0	1.0	1.0	1.0	1.0	0.7455134344225701	1.0	1.0	0.0	1.0	0.7690990303325336	1.0
mk	0.0	1.0	0.0	1.0	0.7347168825662656	1.0	1.0	1.0	1.0	1.0	1.0	1.0	1.0	1.0	1.0	1.0	1.0	1.0	1.0	1.0	1.0	1.0	1.0	0.7322034805959263	1.0	1.0	1.0	1.0	0.7455134344225701	1.0	1.0	0.0	1.0	1.0	1.0
ml	1.0	0.74551343442257	0.0	1.0	1.0	1.0	1.0	1.0	1.0	1.0	1.0	1.0	0.7455134344225701	1.0	1.0	1.0	1.0	1.0	1.0	1.0	1.0	1.0	1.0	1.0	1.0	1.0	1.0	1.0	1.0	1.0	0.7347168825662656	0.0	1.0	1.0	1.0
mr	0.0	1.0	0.0	1.0	1.0	1.0	1.0	1.0	1.0	1.0	1.0	1.0	1.0	1.0	1.0	1.0	1.0	1.0	1.0	1.0	1.0	1.0	1.0	1.0	1.0	1.0	1.0	1.0	0.8216064286890065	1.0	1.0	0.0	1.0	1.0	1.0
nl	1.0	0.658925744020971	1.0	1.0	0.7096516635440985	0.34677835972451637	1.0	0.32742989810617706	0.5346847121499363	0.4485373331201747	1.0	1.0	0.5743624203865563	0.5785693372103902	0.4097801396048048	0.5782032259014134	0.6298101507615229	1.0	1.0	1.0	1.0	1.0	0.573039686643934	0.5130412885110324	0.7116768074483946	0.5741244469205401	0.6432357517002908	1.0	0.7134542832283587	1.0	0.6265638846001175	0.0	1.0	0.7690990303325336	0.6268516359385989
pl	1.0	0.728099120889861	1.0	1.0	0.7101264857596847	0.3954797931692924	1.0	0.35728685807104693	0.49277205019252546	0.5358965598735757	1.0	1.0	0.5760085832133244	0.4858663964855478	0.3930683102508748	0.5807252029124172	0.7034032621820071	1.0	1.0	1.0	1.0	0.573039686643934	1.0	0.4270308245408526	0.7106212328351247	0.6212464513427426	0.6398385892358055	1.0	0.7171176902274348	1.0	0.5129603607440057	1.0	1.0	0.7690990303325336	1.0
pt	1.0	0.728099120889861	1.0	1.0	0.6065766835381774	0.35201597823889236	1.0	0.2790804729871572	0.38226942800161196	0.4114619995562811	0.6322610359138848	1.0	0.538467864521108	0.46803304277735874	0.3674835319916726	0.5195401792159979	0.5821956524078238	1.0	0.7322034805959263	1.0	1.0	0.5130412885110324	0.4270308245408526	1.0	0.7122412578101113	0.45768930183119416	0.7134542832283587	1.0	0.5897207744201136	0.709195387537678	0.49802307455573286	1.0	0.5967739643846038	0.7690990303325336	0.6260089247738754
ro	1.0	0.7322034805959264	1.0	1.0	0.7210092110599264	0.7111374370280844	1.0	0.7071524664833441	0.5852532531850112	0.6314395498907666	1.0	1.0	0.7171176902274347	1.0	0.6328903638342454	0.7134542832283587	1.0	1.0	1.0	1.0	1.0	0.7116768074483946	0.7106212328351247	0.7122412578101113	1.0	1.0	0.7189258117174852	1.0	0.7300208629885034	1.0	1.0	1.0	1.0	0.7690990303325336	1.0
ru	1.0	0.7234532828151787	1.0	1.0	0.6377047307628825	0.387072156924006	1.0	0.3984493213930617	0.49283446809109216	0.5364384095075995	1.0	1.0	0.5743624203865563	0.5047985240977566	0.40345160880227676	1.0	1.0	1.0	1.0	1.0	1.0	0.5741244469205401	0.6212464513427426	0.45768930183119416	1.0	1.0	0.7116768074483948	1.0	0.6423162003593036	1.0	0.5442348768883056	1.0	1.0	0.7690990303325336	1.0
sh	1.0	0.6499913553099703	0.0	1.0	0.7234532828151787	0.5257539392284036	1.0	0.5924658130616859	0.5958243804128452	0.7122412578101113	0.7221793916855703	1.0	0.5518577541877073	0.59049000347534	0.6339586789692556	1.0	0.651610424238932	1.0	1.0	1.0	1.0	0.6432357517002908	0.6398385892358055	0.7134542832283587	0.7189258117174852	0.7116768074483948	1.0	1.0	0.6667969795412325	0.7162976956558116	0.5897207744201136	0.0	1.0	0.7690990303325336	0.7171176902274347
si	0.0	1.0	0.0	1.0	1.0	1.0	1.0	1.0	1.0	1.0	1.0	1.0	1.0	1.0	1.0	1.0	1.0	1.0	1.0	1.0	1.0	1.0	1.0	1.0	1.0	1.0	1.0	1.0	1.0	1.0	1.0	0.0	1.0	1.0	1.0
simple	1.0	0.6562661056221564	0.0	1.0	0.728099120889861	0.7128329397683222	0.7347168825662656	0.583229790360966	0.6414463581614515	0.6314395498907664	0.7199285383279773	1.0	0.6457980809461796	0.5925568679613904	0.5242470167833636	0.6475250169846578	0.651610424238932	0.7455134344225701	0.7455134344225701	1.0	0.8216064286890065	0.7134542832283587	0.7171176902274348	0.5897207744201136	0.7300208629885034	0.6423162003593036	0.6667969795412325	1.0	1.0	0.6740515375688696	0.651610424238932	0.0	0.7300208629885035	0.7863954451402115	0.6501445840862393
sr	1.0	0.7347168825662657	1.0	1.0	1.0	0.6383829424521856	1.0	0.7054274448755337	0.7083336130853424	1.0	1.0	1.0	0.590165468651495	0.7122412578101115	0.6398385892358057	1.0	1.0	1.0	1.0	1.0	1.0	1.0	1.0	0.709195387537678	1.0	1.0	0.7162976956558116	1.0	0.6740515375688696	1.0	0.7111374370280844	1.0	1.0	0.7690990303325336	1.0
sv	1.0	0.728099120889861	1.0	1.0	0.5827890733274049	0.3705673152203746	1.0	0.36845932204428833	0.47325742064051385	0.5394254477666047	0.7075325319701226	1.0	0.5736026030496342	0.5449338997030554	0.41484595867796387	0.5807252029124172	0.588427146541076	1.0	1.0	0.7347168825662656	1.0	0.6265638846001175	0.5129603607440057	0.49802307455573286	1.0	0.5442348768883056	0.5897207744201136	1.0	0.651610424238932	0.7111374370280844	1.0	1.0	0.7134542832283587	0.7690990303325336	0.5264298710564039
te	0.0	0.0	0.0	0.0	0.0	1.0	0.0	1.0	1.0	1.0	0.0	0.0	0.0	0.0	1.0	1.0	1.0	0.0	0.0	0.0	0.0	0.0	1.0	1.0	1.0	1.0	0.0	0.0	0.0	1.0	1.0	1.0	0.0	0.0	1.0
vi	1.0	0.7411828468492555	1.0	1.0	1.0	0.4896110154021774	1.0	0.703143980350941	0.7079259635809066	0.6370562647493825	1.0	1.0	0.7248485669756152	1.0	0.6423162003593036	1.0	1.0	1.0	1.0	1.0	1.0	1.0	1.0	0.5967739643846038	1.0	1.0	1.0	1.0	0.7300208629885035	1.0	0.7134542832283587	0.0	1.0	0.7690990303325336	1.0
war	0.0	1.0	0.0	1.0	1.0	0.7690990303325336	0.7690990303325336	0.7690990303325336	0.7690990303325336	0.7690990303325336	1.0	1.0	0.7690990303325336	0.7690990303325336	0.6743202287441529	0.7690990303325336	0.7690990303325336	0.7690990303325336	1.0	1.0	1.0	0.7690990303325336	0.7690990303325336	0.7690990303325336	0.7690990303325336	0.7690990303325336	0.7690990303325336	1.0	0.7863954451402115	0.7690990303325336	0.7690990303325336	0.0	0.7690990303325336	1.0	0.7690990303325336
zh	1.0	0.6638546162332062	1.0	1.0	0.6442100898340134	0.4341923632282381	1.0	0.43377824191580755	0.622156755513119	0.6977891583206235	1.0	1.0	0.7116768074483946	0.5303272228281571	0.5211017649627877	1.0	1.0	1.0	1.0	1.0	1.0	0.6268516359385989	1.0	0.6260089247738754	1.0	1.0	0.7171176902274347	1.0	0.6501445840862393	1.0	0.5264298710564039	1.0	1.0	0.7690990303325336	1.0
