arz	bs	ceb	ckb	da	de	el	en	es	fr	he	hi	hu	id	it	ja	ko	lv	mk	ml	mr	nl	pl	pt	ro	ru	sh	si	simple	sr	sv	te	vi	war	zh
arz	0.20003999999999997	1.0	0.0	0.0	1.0	0.5	0.3333333333333333	0.2	0.25	0.0	0.5	0.0	1.0	1.0	0.25	0.25	0.3333333333333333	1.0	1.0	0.0	0.0	0.25	0.25	0.3333333333333333	0.3333333333333333	0.25	0.5	0.0	1.0	0.5	1.0	0.0	0.3333333333333333	0.0	0.2
bs	1.0	0.07172571947092433	0.0	1.0	0.3333333333333333	0.3333333333333333	0.25	0.07142857142857142	0.07692307692307693	0.0	0.25	1.0	0.5	0.25006249999999997	0.09090909090909091	0.25	0.3333333333333333	0.3333333333333333	0.25	0.5	1.0	0.3333333333333333	0.14285714285714285	0.16666666666666666	0.25	0.14285714285714285	0.3333333333333333	1.0	0.25	0.25	0.3333333333333333	1.0	0.5	0.3333333333333333	0.2
ceb	0.0	0.0	1.0	0.0	1.0	1.0	1.0	1.0	1.0	0.0	1.0	0.0	0.0	0.0	1.0	1.0	1.0	1.0	0.0	0.0	0.0	1.0	1.0	1.0	1.0	1.0	1.0	0.0	0.0	0.0	1.0	0.0	1.0	0.0	1.0
ckb	0.0	1.0	0.0	0.25	1.0	0.25	0.3333333333333333	0.25	0.25	0.0	0.3333333333333333	1.0	0.5	0.5	0.3333333333333333	0.5	1.0	0.5	1.0	0.5	1.0	0.3333333333333333	0.5	0.3333333333333333	0.5	0.25	1.0	1.0	0.5	0.5	0.5	1.0	0.3333333333333333	1.0	0.3333333333333333
da	1.0	0.3333333333333333	1.0	1.0	0.005414653669227936	0.018518518518518517	0.03571428571428571	0.00775199807703864	0.012048192771084338	0.0	0.02702702702702703	0.3333333333333333	0.045454545454545456	0.07142857142857142	0.014084507042253521	0.020833333333333332	0.037037037037037035	0.037037037037037035	0.09090909090909091	0.07142857142857142	0.5	0.013158067867036011	0.01818181818181818	0.022222222222222223	0.035715561224489795	0.01176484429065744	0.03333333333333333	0.3333333333333333	0.0625	0.07692307692307693	0.010638297872340425	0.3333333333333333	0.038461538461538464	0.2	0.025
de	0.5	0.3333333333333333	1.0	0.25	0.018518518518518517	0.0010382706908770008	0.011494252873563218	0.0018315051859007902	0.0028089887640449437	0.0	0.010101010101010102	0.125	0.022222222222222223	0.03333333333333333	0.002583979328165375	0.007633587786259542	0.025	0.015384615384615385	0.05	0.02127659574468085	0.5	0.004405286343612335	0.0033112582781456954	0.0053475935828877	0.013333511111111113	0.003012075410074031	0.014492753623188406	0.3333333333333333	0.03225806451612903	0.03333333333333333	0.008064516129032258	0.3333333333333333	0.022222222222222223	0.14285714285714285	0.008772083718067099
el	0.3333333333333333	0.25	1.0	0.3333333333333333	0.03571428571428571	0.011494252873563218	0.00341083958826316	0.005154665745562759	0.0072992700729927005	0.0	0.018867924528301886	0.25	0.045454545454545456	0.034482758620689655	0.0072992700729927005	0.016667222222222222	0.037037037037037035	0.02702702702702703	0.07142857142857142	0.043478260869565216	1.0	0.011363765495867768	0.008000064	0.011764705882352941	0.026316481994459833	0.008196855683955926	0.027777777777777776	0.5	0.05555555555555555	0.06666666666666667	0.019230769230769232	0.3333333333333333	0.03125	0.2	0.01639344262295082
en	0.2	0.07142857142857142	1.0	0.25	0.00775199807703864	0.0018315051859007902	0.005154665745562759	0.00018111786247520864	0.0006093871210796169	0.05263157894736842	0.0050252013838034395	0.05263157894736842	0.011494252873563218	0.009009090171252334	0.0004955538903584289	0.0038611231198103792	0.014492753623188406	0.007352941176470588	0.02631578947368421	0.003077008293500601	0.5	0.0013055102972956386	0.0010298830873922535	0.0016611378461606381	0.0043481096408317585	0.0008984887424531931	0.008130081300813009	0.125	0.012820677186061802	0.02127659574468085	0.0031949085935346895	0.3333333333333333	0.013513513513513514	0.125	0.0044843250417261555
es	0.25	0.07692307692307693	1.0	0.25	0.012048192771084338	0.0028089887640449437	0.0072992700729927005	0.0006093871210796169	0.00037229528229741046	0.16666666666666666	0.006802721088435374	0.1	0.01639344262295082	0.01587326782564878	0.0008340283569641367	0.00497514912997203	0.016666666666666666	0.010101010101010102	0.037037037037037035	0.008130081300813009	0.5	0.0022471910112359553	0.0012787723785166241	0.002304147465437788	0.007575757575757576	0.0015360983102918587	0.00980392156862745	0.16666666666666666	0.01818181818181818	0.02564102564102564	0.004784688995215311	0.3333333333333333	0.016129032258064516	0.125	0.005494505494505495
fr	0.0	0.0	0.0	0.0	0.0	0.0	0.0	0.05263157894736842	0.16666666666666666	0.00203269797656818	0.0	0.0	0.0	0.0	0.07142857142857142	0.0	0.0	0.0	0.0	0.0	0.0	0.16666666666666666	0.5	0.5	0.0	0.2	0.0	0.0	0.0	0.0	0.0	0.0	0.0	0.0	0.5
he	0.5	0.25	1.0	0.3333333333333333	0.02702702702702703	0.010101010101010102	0.018867924528301886	0.0050252013838034395	0.006802721088435374	0.0	0.004019858167065131	0.25	0.038461538461538464	0.04	0.0064516129032258064	0.014705882352941176	0.02702702702702703	0.021739130434782608	0.06666666666666667	0.05263157894736842	0.5	0.009345794392523364	0.007751937984496124	0.00909090909090909	0.021277501131733816	0.006666711111111111	0.01694915254237288	0.3333333333333333	0.041666666666666664	0.038461538461538464	0.014285714285714285	0.3333333333333333	0.029411764705882353	0.2	0.011494384991412341
hi	0.0	1.0	0.0	1.0	0.3333333333333333	0.125	0.25	0.05263157894736842	0.1	0.0	0.25	0.050010002500000005	0.25	0.25	0.09090909090909091	0.2	0.25	0.25	0.5	0.5	1.0	0.25	0.25	0.1111111111111111	0.3333333333333333	0.09090909090909091	0.3333333333333333	0.5	0.5	0.5	0.3333333333333333	1.0	0.5	1.0	0.2
hu	1.0	0.5	0.0	0.5	0.045454545454545456	0.022222222222222223	0.045454545454545456	0.011494252873563218	0.01639344262295082	0.0	0.038461538461538464	0.25	0.009180291306961115	0.125	0.01694915254237288	0.03333333333333333	0.07142857142857142	0.0625	0.16666666666666666	0.058823529411764705	0.5	0.019230769230769232	0.016666944444444443	0.02564102564102564	0.04166840277777777	0.01694915254237288	0.05555555555555555	0.3333333333333333	0.06666666666666667	0.125	0.02702702702702703	0.3333333333333333	0.0625	0.3333333333333333	0.03571428571428571
id	1.0	0.25006249999999997	0.0	0.5	0.07142857142857142	0.03333333333333333	0.034482758620689655	0.009009090171252334	0.01587326782564878	0.0	0.04	0.25	0.125	0.008817331072469185	0.014084507042253521	0.02564168310322156	0.07692307692307693	0.05263157894736842	0.14285714285714285	0.047621315192743756	1.0	0.02325743645213629	0.018867924528301886	0.02	0.058830449826989616	0.013888888888888888	0.05882698961937716	0.2	0.05555555555555555	0.08333333333333333	0.04	0.5	0.05	0.25	0.02702702702702703
it	0.25	0.09090909090909091	1.0	0.3333333333333333	0.014084507042253521	0.002583979328165375	0.0072992700729927005	0.0004955538903584289	0.0008340283569641367	0.07142857142857142	0.0064516129032258064	0.09090909090909091	0.01694915254237288	0.014084507042253521	0.0001939726252769864	0.004807738535502959	0.017857142857142856	0.011235955056179775	0.037037037037037035	0.0054945960632773825	0.5	0.002049197124428917	0.001317535207722525	0.00234192037470726	0.0074628536422365775	0.0013736376947228596	0.009708737864077669	0.25	0.021739130434782608	0.024390243902439025	0.0051813471502590676	0.3333333333333333	0.01639344262295082	0.14285714285714285	0.005988059808526659
ja	0.25	0.25	1.0	0.5	0.020833333333333332	0.007633587786259542	0.016667222222222222	0.0038611231198103792	0.00497514912997203	0.0	0.014705882352941176	0.2	0.03333333333333333	0.02564168310322156	0.004807738535502959	0.0031215468796896117	0.022727272727272728	0.019230769230769232	0.05555555555555555	0.023255813953488372	0.5	0.007194399875782826	0.006172877610120408	0.0070921985815602835	0.01785841836734694	0.0051813471502590676	0.02040816326530612	0.3333333333333333	0.029411764705882353	0.041666666666666664	0.01086968336483932	0.3333333333333333	0.02040816326530612	0.16666666666666666	0.00952408163265306
ko	0.3333333333333333	0.3333333333333333	1.0	1.0	0.037037037037037035	0.025	0.037037037037037035	0.014492753623188406	0.016666666666666666	0.0	0.02702702702702703	0.25	0.07142857142857142	0.07692307692307693	0.017857142857142856	0.022727272727272728	0.01234674592287761	0.05555555555555555	0.1	0.08333333333333333	1.0	0.024390243902439025	0.022222222222222223	0.022727272727272728	0.037037037037037035	0.015873015873015872	0.030303030303030304	0.3333333333333333	0.058823529411764705	0.06666666666666667	0.027777777777777776	0.3333333333333333	0.04	0.2	0.025
lv	1.0	0.3333333333333333	1.0	0.5	0.037037037037037035	0.015384615384615385	0.02702702702702703	0.007352941176470588	0.010101010101010102	0.0	0.021739130434782608	0.25	0.0625	0.05263157894736842	0.011235955056179775	0.019230769230769232	0.05555555555555555	0.0070935066647552945	0.07692307692307693	0.07692307692307693	0.5	0.014285714285714285	0.011627906976744186	0.017543859649122806	0.03125	0.010638297872340425	0.030303030303030304	0.3333333333333333	0.05	0.07692307692307693	0.017543859649122806	0.5	0.05263157894736842	0.25	0.02040816326530612
mk	1.0	0.25	0.0	1.0	0.09090909090909091	0.05	0.07142857142857142	0.02631578947368421	0.037037037037037035	0.0	0.06666666666666667	0.5	0.16666666666666666	0.14285714285714285	0.037037037037037035	0.05555555555555555	0.1	0.07692307692307693	0.02631786703601108	0.2	1.0	0.043478260869565216	0.047619047619047616	0.0625	0.09090909090909091	0.038461538461538464	0.07692307692307693	1.0	0.1	0.08333333333333333	0.058823529411764705	1.0	0.1111111111111111	0.3333333333333333	0.058823529411764705
ml	0.0	0.5	0.0	0.5	0.07142857142857142	0.02127659574468085	0.043478260869565216	0.003077008293500601	0.008130081300813009	0.0	0.05263157894736842	0.5	0.058823529411764705	0.047621315192743756	0.0054945960632773825	0.023255813953488372	0.08333333333333333	0.07692307692307693	0.2	0.00305128176829488	1.0	0.013513513513513514	0.013333511111111113	0.014285714285714285	0.03333333333333333	0.008264531111262892	0.07142857142857142	0.25	0.058823529411764705	0.1111111111111111	0.04	0.5	0.0625	0.25	0.023255813953488372
mr	0.0	1.0	0.0	1.0	0.5	0.5	1.0	0.5	0.5	0.0	0.5	1.0	0.5	1.0	0.5	0.5	1.0	0.5	1.0	1.0	0.5	0.5	0.5	0.5	0.5	0.5	1.0	1.0	0.5	1.0	0.5	1.0	0.5	1.0	0.5
nl	0.25	0.3333333333333333	1.0	0.3333333333333333	0.013158067867036011	0.004405286343612335	0.011363765495867768	0.0013055102972956386	0.0022471910112359553	0.16666666666666666	0.009345794392523364	0.25	0.019230769230769232	0.02325743645213629	0.002049197124428917	0.007194399875782826	0.024390243902439025	0.014285714285714285	0.043478260869565216	0.013513513513513514	0.5	0.0006739462369851633	0.002801136140730802	0.004878048780487805	0.010753035032951786	0.0026455306402396353	0.015151515151515152	0.3333333333333333	0.02702702702702703	0.034482758620689655	0.005917159763313609	0.3333333333333333	0.0196078431372549	0.14285714285714285	0.007874015748031496
pl	0.25	0.14285714285714285	1.0	0.5	0.01818181818181818	0.0033112582781456954	0.008000064	0.0010298830873922535	0.0012787723785166241	0.5	0.007751937984496124	0.25	0.016666944444444443	0.018867924528301886	0.001317535207722525	0.006172877610120408	0.022222222222222223	0.011627906976744186	0.047619047619047616	0.013333511111111113	0.5	0.002801136140730802	0.0004686308878095326	0.003663003663003663	0.009345969080269018	0.0018587567888779866	0.011627906976744186	0.25	0.02564102564102564	0.029411764705882353	0.00625	0.3333333333333333	0.019230769230769232	0.16666666666666666	0.00793663391282439
pt	0.3333333333333333	0.16666666666666666	1.0	0.3333333333333333	0.022222222222222223	0.0053475935828877	0.011764705882352941	0.0016611378461606381	0.002304147465437788	0.5	0.00909090909090909	0.1111111111111111	0.02564102564102564	0.02	0.00234192037470726	0.0070921985815602835	0.022727272727272728	0.017543859649122806	0.0625	0.014285714285714285	0.5	0.004878048780487805	0.003663003663003663	0.0008903030935527559	0.01190518707482993	0.0030864292790733117	0.013333333333333334	0.3333333333333333	0.027777777777777776	0.03225806451612903	0.01	0.3333333333333333	0.019230769230769232	0.2	0.007633587786259542
ro	0.3333333333333333	0.25	1.0	0.5	0.035715561224489795	0.013333511111111113	0.026316481994459833	0.0043481096408317585	0.007575757575757576	0.0	0.021277501131733816	0.3333333333333333	0.04166840277777777	0.058830449826989616	0.0074628536422365775	0.01785841836734694	0.037037037037037035	0.03125	0.09090909090909091	0.03333333333333333	0.5	0.010753035032951786	0.009345969080269018	0.01190518707482993	0.00363683454383457	0.00775199807703864	0.030303030303030304	0.3333333333333333	0.05555555555555555	0.05263434903047091	0.020833333333333332	0.3333333333333333	0.03703840877914952	0.3333333333333333	0.017545091413050478
ru	0.25	0.14285714285714285	1.0	0.25	0.01176484429065744	0.003012075410074031	0.008196855683955926	0.0008984887424531931	0.0015360983102918587	0.2	0.006666711111111111	0.09090909090909091	0.01694915254237288	0.013888888888888888	0.0013736376947228596	0.0051813471502590676	0.015873015873015872	0.010638297872340425	0.038461538461538464	0.008264531111262892	0.5	0.0026455306402396353	0.0018587567888779866	0.0030864292790733117	0.00775199807703864	0.00042473843611809403	0.010416775173611111	0.14285714285714285	0.022222222222222223	0.025	0.005102118908788005	0.3333333333333333	0.01639344262295082	0.14285714285714285	0.0063694673211895005
sh	0.5	0.3333333333333333	1.0	1.0	0.03333333333333333	0.014492753623188406	0.027777777777777776	0.008130081300813009	0.00980392156862745	0.0	0.01694915254237288	0.3333333333333333	0.05555555555555555	0.05882698961937716	0.009708737864077669	0.02040816326530612	0.030303030303030304	0.030303030303030304	0.07692307692307693	0.07142857142857142	1.0	0.015151515151515152	0.011627906976744186	0.013333333333333334	0.030303030303030304	0.010416775173611111	0.007814881409179991	0.3333333333333333	0.05263157894736842	0.045454545454545456	0.020833333333333332	0.3333333333333333	0.04	0.2	0.018867924528301886
si	0.0	1.0	0.0	1.0	0.3333333333333333	0.3333333333333333	0.5	0.125	0.16666666666666666	0.0	0.3333333333333333	0.5	0.3333333333333333	0.2	0.25	0.3333333333333333	0.3333333333333333	0.3333333333333333	1.0	0.25	1.0	0.3333333333333333	0.25	0.3333333333333333	0.3333333333333333	0.14285714285714285	0.3333333333333333	0.125	0.5	0.3333333333333333	0.3333333333333333	0.5	0.3333333333333333	0.5	0.2
simple	1.0	0.25	0.0	0.5	0.0625	0.03225806451612903	0.05555555555555555	0.012820677186061802	0.01818181818181818	0.0	0.041666666666666664	0.5	0.06666666666666667	0.05555555555555555	0.021739130434782608	0.029411764705882353	0.058823529411764705	0.05	0.1	0.058823529411764705	0.5	0.02702702702702703	0.02564102564102564	0.027777777777777776	0.05555555555555555	0.022222222222222223	0.05263157894736842	0.5	0.010419379774305553	0.09090909090909091	0.034482758620689655	0.5	0.06250390624999999	0.16666666666666666	0.029411764705882353
sr	0.5	0.25	0.0	0.5	0.07692307692307693	0.03333333333333333	0.06666666666666667	0.02127659574468085	0.02564102564102564	0.0	0.038461538461538464	0.5	0.125	0.08333333333333333	0.024390243902439025	0.041666666666666664	0.06666666666666667	0.07692307692307693	0.08333333333333333	0.1111111111111111	1.0	0.034482758620689655	0.029411764705882353	0.03225806451612903	0.05263434903047091	0.025	0.045454545454545456	0.3333333333333333	0.09090909090909091	0.018203997396422564	0.05555555555555555	0.5	0.07142857142857142	0.2	0.034482758620689655
sv	1.0	0.3333333333333333	1.0	0.5	0.010638297872340425	0.008064516129032258	0.019230769230769232	0.0031949085935346895	0.004784688995215311	0.0	0.014285714285714285	0.3333333333333333	0.02702702702702703	0.04	0.0051813471502590676	0.01086968336483932	0.027777777777777776	0.017543859649122806	0.058823529411764705	0.04	0.5	0.005917159763313609	0.00625	0.01	0.020833333333333332	0.005102118908788005	0.020833333333333332	0.3333333333333333	0.034482758620689655	0.05555555555555555	0.002069052272590295	0.3333333333333333	0.03125	0.16666666666666666	0.013513696128560994
te	0.0	1.0	0.0	1.0	0.3333333333333333	0.3333333333333333	0.3333333333333333	0.3333333333333333	0.3333333333333333	0.0	0.3333333333333333	1.0	0.3333333333333333	0.5	0.3333333333333333	0.3333333333333333	0.3333333333333333	0.5	1.0	0.5	1.0	0.3333333333333333	0.3333333333333333	0.3333333333333333	0.3333333333333333	0.3333333333333333	0.3333333333333333	0.5	0.5	0.5	0.3333333333333333	0.3333333333333333	0.3333333333333333	0.5	0.3333333333333333
vi	0.3333333333333333	0.5	1.0	0.3333333333333333	0.038461538461538464	0.022222222222222223	0.03125	0.013513513513513514	0.016129032258064516	0.0	0.029411764705882353	0.5	0.0625	0.05	0.01639344262295082	0.02040816326530612	0.04	0.05263157894736842	0.1111111111111111	0.0625	0.5	0.0196078431372549	0.019230769230769232	0.019230769230769232	0.03703840877914952	0.01639344262295082	0.04	0.3333333333333333	0.06250390624999999	0.07142857142857142	0.03125	0.3333333333333333	0.011917530486697157	0.2	0.02
war	0.0	0.3333333333333333	0.0	1.0	0.2	0.14285714285714285	0.2	0.125	0.125	0.0	0.2	1.0	0.3333333333333333	0.25	0.14285714285714285	0.16666666666666666	0.2	0.25	0.3333333333333333	0.25	1.0	0.14285714285714285	0.16666666666666666	0.2	0.3333333333333333	0.14285714285714285	0.2	0.5	0.16666666666666666	0.2	0.16666666666666666	0.5	0.2	0.125	0.2
zh	0.2	0.2	1.0	0.3333333333333333	0.025	0.008772083718067099	0.01639344262295082	0.0044843250417261555	0.005494505494505495	0.5	0.011494384991412341	0.2	0.03571428571428571	0.02702702702702703	0.005988059808526659	0.00952408163265306	0.025	0.02040816326530612	0.058823529411764705	0.023255813953488372	0.5	0.007874015748031496	0.00793663391282439	0.007633587786259542	0.017545091413050478	0.0063694673211895005	0.018867924528301886	0.2	0.029411764705882353	0.034482758620689655	0.013513696128560994	0.3333333333333333	0.02	0.2	0.003569796649230162
