arz	bs	ceb	ckb	da	de	el	en	es	fr	he	hi	hu	id	it	ja	ko	lv	mk	ml	mr	nl	pl	pt	ro	ru	sh	si	simple	sr	sv	te	vi	war	zh
arz	1.0	0.353889367864523	0.0	1.0	0.3164309725825328	0.2674788903885893	0.1723318631374393	0.1518442389903171	0.32449979983983984	0.10850170169129128	0.19044342756566546	0.585786437626905	0.19793939922796286	0.18086439970292156	0.23439761113006716	0.28172904669025317	0.1708303846816845	0.2187841884486319	0.44948974278317805	0.585786437626905	0.30216947925196225	0.2612038749637415	0.2544702380493834	0.21604850763119507	0.11543877062452562	0.2632403810669918	1.0	1.0	0.3244997998398398	0.3266316347104093	0.23582845781094	0.0	0.3333333333333333	1.0	0.21290885543182675
bs	0.353889367864523	1.0	0.0	0.22753715570049485	0.09776359399438778	0.06162849224256698	0.08281913824350536	0.04394383083257136	0.02161080391205508	0.09774378025917331	0.10382214055011195	0.3726822671238253	0.0927062507991986	0.0994501932394471	0.06980806196169591	0.0908161807974464	0.08940216725565156	0.11794093176673641	0.17628742443628703	0.312382456964725	0.46198103924293793	0.08083510467897286	0.07407169906465301	0.050886580534186564	0.08862662180115809	0.08032484375286858	0.13198148774392301	1.0	0.0422738140050683	0.10208488996332991	0.08696765274477027	0.0	0.04346727975688374	0.3333333333333333	0.06888670173697267
ceb	0.0	0.0	1.0	0.0	1.0	1.0	1.0	1.0	1.0	1.0	1.0	1.0	1.0	1.0	1.0	1.0	1.0	1.0	1.0	0.0	1.0	0.585786437626905	1.0	1.0	1.0	1.0	1.0	0.0	1.0	1.0	1.0	0.0	1.0	0.0	1.0
ckb	1.0	0.22753715570049485	0.0	1.0	0.3950325357559503	0.44948974278317805	0.3597752501562547	0.5	0.585786437626905	0.3380788308512194	0.3726822671238253	0.585786437626905	0.3726822671238253	0.2579530592760317	0.38742588672279304	0.585786437626905	0.38742588672279304	0.2222222222222222	0.585786437626905	0.44948974278317805	0.2222222222222222	0.3139485079232126	0.44948974278317805	0.44948974278317805	0.1998248050060972	0.4142135623730951	1.0	1.0	1.0	0.28989794855663564	0.585786437626905	0.0	0.44948974278317805	1.0	0.40453726661826384
da	0.3164309725825328	0.09776359399438778	1.0	0.3950325357559503	1.0	0.06251134541050747	0.08590569656769528	0.041133014781841684	0.011841633792605924	0.05925900790715245	0.10064961712539362	0.44948974278317805	0.06444159248524585	0.10662829272922066	0.05384179223920218	0.07755667104278656	0.058816667238960875	0.1043492499970026	0.11894844417894211	0.3333333333333333	0.17942841681286065	0.0515722539369231	0.0570186290374438	0.05315127206965447	0.06945948043151377	0.06264577954748173	0.23166247903554	0.5	0.023550193042433352	0.09494200591344844	0.05844835856044482	0.0	0.0605641524175319	0.29429805508554946	0.04985087135002951
de	0.2674788903885893	0.06162849224256698	1.0	0.44948974278317805	0.06251134541050747	1.0	0.04746873230951931	0.01812310886084145	0.004363209097189836	0.019443957041600797	0.07740532253743396	0.585786437626905	0.04203018183665821	0.08961974540033635	0.01906851593657169	0.031323106906986656	0.04335838017477619	0.0724603257123844	0.0723392006494656	0.3726822671238253	0.1453526300324299	0.021687693259656426	0.02731119498204347	0.029921300194439445	0.028533093668546346	0.025944061484973482	0.13223774084616352	1.0	0.015958189326900997	0.05708080758205098	0.04166704484365946	0.0	0.04934702121705494	1.0	0.03268440368176865
el	0.1723318631374393	0.08281913824350536	1.0	0.3597752501562547	0.08590569656769528	0.04746873230951931	1.0	0.04438008663135693	0.00810506579604494	0.050720150321024816	0.0850320407656969	0.4625414945524146	0.055771783850341296	0.1000471074231128	0.046047635013946535	0.05109843292963239	0.05250922701364404	0.09568503028880954	0.14690950153099427	0.4356120478348471	0.16038531433273107	0.04656514907932562	0.05033546461103952	0.05159907773961064	0.04534588223750796	0.04893949828215916	0.25444313271740154	1.0	0.021220793140304867	0.09013719106353713	0.05920479739723621	0.0	0.06401737146514727	1.0	0.050099660055392875
en	0.1518442389903171	0.04394383083257136	1.0	0.5	0.041133014781841684	0.01812310886084145	0.04438008663135693	1.0	0.004031881232839468	0.015299248822061495	0.0533239256405056	0.585786437626905	0.04158586790206259	0.04984183814807351	0.016822092226868413	0.028993915297188606	0.04157184636217464	0.040011167564136675	0.06374098758338685	0.3726822671238253	0.13954095486034612	0.02222377739598093	0.025554236928777636	0.02428594415920388	0.026098090749689804	0.025074494385668295	0.18464218557642828	0.26427884169111276	0.014862923899331977	0.04157155878432642	0.03462643330239495	0.0	0.05604814754801231	1.0	0.021598561070897995
es	0.32449979983983984	0.02161080391205508	1.0	0.585786437626905	0.011841633792605924	0.004363209097189836	0.00810506579604494	0.004031881232839468	1.0	0.00445848114344977	0.01122032151437545	0.585786437626905	0.006066546439000464	0.014042305580379277	0.0041912066884069715	0.005784342466666916	0.006743090577298112	0.02541462124582883	0.0614774900982239	0.39564392373896007	0.15735038353667544	0.004320539321852516	0.0049264339414317225	0.004327841558762569	0.006189422135036787	0.004826284299137207	0.2156098896967477	0.585786437626905	0.07956626805236647	0.01704536044482178	0.009016956869503913	0.0	0.013344106730458449	1.0	0.004806574757857664
fr	0.10850170169129128	0.09774378025917331	1.0	0.3380788308512194	0.05925900790715245	0.019443957041600797	0.050720150321024816	0.015299248822061495	0.00445848114344977	1.0	0.08255353910760832	0.4625414945524146	0.029427581316326886	0.10090103177407939	0.017996849943537764	0.027614733125126908	0.032837089263855125	0.12761930436295454	0.14413701772033408	0.3333333333333333	0.17427622370179555	0.020930940476673623	0.024997117560932425	0.02236507598396977	0.026360514555571975	0.024410437521182417	0.15132886655809455	0.44948974278317805	0.017657375572284154	0.11983710920583253	0.060425098492548256	0.0	0.0721459079218639	1.0	0.025457510982677716
he	0.19044342756566546	0.10382214055011195	1.0	0.3726822671238253	0.10064961712539362	0.07740532253743396	0.0850320407656969	0.0533239256405056	0.01122032151437545	0.08255353910760832	1.0	0.5	0.09227876059002374	0.11428474621191922	0.07559941621397205	0.07877106591080268	0.06345029411684516	0.11606266635977197	0.14006372995256322	0.44948974278317805	0.21218584814733352	0.08006682476369396	0.07335385416020751	0.06709075420060094	0.06321794420996865	0.0650561066047514	0.20928116510020717	1.0	0.024347479954156218	0.11923035462224732	0.08457465424048392	0.0	0.06386148049333742	1.0	0.07729576660785588
hi	0.585786437626905	0.3726822671238253	1.0	0.585786437626905	0.44948974278317805	0.585786437626905	0.4625414945524146	0.585786437626905	0.585786437626905	0.4625414945524146	0.5	1.0	0.585786437626905	1.0	0.585786437626905	0.585786437626905	0.585786437626905	0.37926872769071385	0.5	0.5	0.5	0.5	0.585786437626905	0.585786437626905	0.40453726661826384	0.585786437626905	1.0	1.0	0.585786437626905	0.4625414945524146	0.585786437626905	0.0	0.585786437626905	1.0	0.585786437626905
hu	0.19793939922796286	0.0927062507991986	1.0	0.3726822671238253	0.06444159248524585	0.04203018183665821	0.055771783850341296	0.04158586790206259	0.006066546439000464	0.029427581316326886	0.09227876059002374	0.585786437626905	1.0	0.09938951438031264	0.04055823943246999	0.0505119589865774	0.053318638718833467	0.12178475308935038	0.11780535232332556	0.3726822671238253	0.15327342904744443	0.04545081030665338	0.047688479604726754	0.046664309183718757	0.03767280988935158	0.048438656651909925	0.3164309725825327	1.0	0.022015098368913463	0.11452454522863917	0.05914973266401262	0.0	0.07880483614925082	1.0	0.05123685667402648
id	0.18086439970292156	0.0994501932394471	1.0	0.2579530592760317	0.10662829272922066	0.08961974540033635	0.1000471074231128	0.04984183814807351	0.014042305580379277	0.10090103177407939	0.11428474621191922	1.0	0.09938951438031264	1.0	0.060469862238604614	0.0821931208738324	0.08861391912032705	0.12244910153342271	0.17996882099523542	0.3259804096326177	0.2315960877470445	0.09074989513204894	0.09789070037140819	0.05215095945009129	0.07371513404429868	0.07649983101105642	0.17336633209759872	0.585786437626905	0.029967404149212146	0.09636116113224502	0.0876985034654334	0.0	0.04604326409915637	0.585786437626905	0.059123122801586464
it	0.23439761113006716	0.06980806196169591	1.0	0.38742588672279304	0.05384179223920218	0.01906851593657169	0.046047635013946535	0.016822092226868413	0.0041912066884069715	0.017996849943537764	0.07559941621397205	0.585786437626905	0.04055823943246999	0.060469862238604614	1.0	0.030622648691222044	0.04218425717995186	0.07053971506646957	0.06515085274242355	0.353889367864523	0.16179754138824934	0.021462555285298196	0.025787489802304765	0.02183153955107173	0.02830506740804533	0.02273820930850166	0.17888975312963606	0.5	0.015905956056618393	0.10476359174269459	0.04068959154257338	0.0	0.057846890134140974	0.5	0.032092968304680766
ja	0.28172904669025317	0.0908161807974464	1.0	0.585786437626905	0.07755667104278656	0.031323106906986656	0.05109843292963239	0.028993915297188606	0.005784342466666916	0.027614733125126908	0.07877106591080268	0.585786437626905	0.0505119589865774	0.0821931208738324	0.030622648691222044	1.0	0.03898860425650113	0.12148220808707966	0.09269706574883191	0.5	0.1863775088208134	0.03494827792126347	0.0463739152816877	0.03444322888492435	0.03562182077523943	0.03207470812602862	0.2507471140728648	1.0	0.018433363447655022	0.09900174221493316	0.06209389012907819	0.0	0.05167227633870989	1.0	0.03466688539878879
ko	0.1708303846816845	0.08940216725565156	1.0	0.38742588672279304	0.058816667238960875	0.04335838017477619	0.05250922701364404	0.04157184636217464	0.006743090577298112	0.032837089263855125	0.06345029411684516	0.585786437626905	0.053318638718833467	0.08861391912032705	0.04218425717995186	0.03898860425650113	1.0	0.11421951565764643	0.09356330103999465	0.3380788308512194	0.1789276485978597	0.04618660249264869	0.04739359154364894	0.0466619137408686	0.04430296075284038	0.04610402418188904	0.19866262437796411	1.0	0.017744719570835503	0.11015410492732315	0.05604400312233342	0.0	0.0520139083516263	1.0	0.04496628138677844
lv	0.2187841884486319	0.11794093176673641	1.0	0.2222222222222222	0.1043492499970026	0.0724603257123844	0.09568503028880954	0.040011167564136675	0.02541462124582883	0.12761930436295454	0.11606266635977197	0.37926872769071385	0.12178475308935038	0.12244910153342271	0.07053971506646957	0.12148220808707966	0.11421951565764643	1.0	0.17137325841034529	0.3421891415074406	0.445902906222806	0.09798577697773013	0.08780635617993181	0.046364140292563145	0.10385107763686345	0.084727262138816	0.1550650113860467	1.0	0.04524277292817145	0.1344849234742675	0.10213890416248007	0.0	0.06676623362412837	1.0	0.07285832739940054
mk	0.44948974278317805	0.17628742443628703	1.0	0.585786437626905	0.11894844417894211	0.0723392006494656	0.14690950153099427	0.06374098758338685	0.0614774900982239	0.14413701772033408	0.14006372995256322	0.5	0.11780535232332556	0.17996882099523542	0.06515085274242355	0.09269706574883191	0.09356330103999465	0.17137325841034529	1.0	0.4142135623730951	0.19407626907723924	0.13185497485321948	0.0744957610935917	0.061577545040317955	0.1803026209291529	0.06921738889509527	0.44948974278317805	1.0	0.10599391888997568	0.1705954790859136	0.07855775938504315	0.0	0.12508141769702838	1.0	0.0812886258175316
ml	0.585786437626905	0.312382456964725	0.0	0.44948974278317805	0.3333333333333333	0.3726822671238253	0.4356120478348471	0.3726822671238253	0.39564392373896007	0.3333333333333333	0.44948974278317805	0.5	0.3726822671238253	0.3259804096326177	0.353889367864523	0.5	0.3380788308512194	0.3421891415074406	0.4142135623730951	1.0	0.25231604603799956	0.3333333333333333	0.39417810437975953	0.39564392373896007	0.3638371391560647	0.3333333333333333	1.0	1.0	0.3726822671238253	0.3477870010038738	0.5	0.0	0.5	1.0	0.3726822671238253
mr	0.30216947925196225	0.46198103924293793	1.0	0.2222222222222222	0.17942841681286065	0.1453526300324299	0.16038531433273107	0.13954095486034612	0.15735038353667544	0.17427622370179555	0.21218584814733352	0.5	0.15327342904744443	0.2315960877470445	0.16179754138824934	0.1863775088208134	0.1789276485978597	0.445902906222806	0.19407626907723924	0.25231604603799956	1.0	0.1430353334593407	0.14835832480140437	0.14497909878859985	0.29702472313340766	0.17176121020195462	0.44948974278317805	1.0	0.14277132275605606	0.2095175221075476	0.17567868389971625	0.0	0.180085209841947	1.0	0.14669070509377877
nl	0.2612038749637415	0.08083510467897286	0.585786437626905	0.3139485079232126	0.0515722539369231	0.021687693259656426	0.04656514907932562	0.02222377739598093	0.004320539321852516	0.020930940476673623	0.08006682476369396	0.5	0.04545081030665338	0.09074989513204894	0.021462555285298196	0.03494827792126347	0.04618660249264869	0.09798577697773013	0.13185497485321948	0.3333333333333333	0.1430353334593407	1.0	0.030233858063692234	0.02933247444757693	0.03167313742338459	0.02918087982883396	0.20342651452257512	0.44948974278317805	0.01800792962821548	0.09727906812776137	0.03792018210521401	0.0	0.048876851047136224	0.36602540378443865	0.035209442232958806
pl	0.2544702380493834	0.07407169906465301	1.0	0.44948974278317805	0.0570186290374438	0.02731119498204347	0.05033546461103952	0.025554236928777636	0.0049264339414317225	0.024997117560932425	0.07335385416020751	0.585786437626905	0.047688479604726754	0.09789070037140819	0.025787489802304765	0.0463739152816877	0.04739359154364894	0.08780635617993181	0.0744957610935917	0.39417810437975953	0.14835832480140437	0.030233858063692234	1.0	0.02887219200689697	0.03350392422363015	0.02804706692895099	0.16774903773986313	1.0	0.018454885039921827	0.08574943501364658	0.05792264651369552	0.0	0.07387568330079514	0.585786437626905	0.039899348969485514
pt	0.21604850763119507	0.050886580534186564	1.0	0.44948974278317805	0.05315127206965447	0.029921300194439445	0.05159907773961064	0.02428594415920388	0.004327841558762569	0.02236507598396977	0.06709075420060094	0.585786437626905	0.046664309183718757	0.05215095945009129	0.02183153955107173	0.03444322888492435	0.0466619137408686	0.046364140292563145	0.061577545040317955	0.39564392373896007	0.14497909878859985	0.02933247444757693	0.02887219200689697	1.0	0.02935927637087282	0.042421083880514535	0.256460457510737	1.0	0.018785102318310248	0.04253305152132976	0.062301630159451095	0.0	0.04559241111516043	1.0	0.04037319993925281
ro	0.11543877062452562	0.08862662180115809	1.0	0.1998248050060972	0.06945948043151377	0.028533093668546346	0.04534588223750796	0.026098090749689804	0.006189422135036787	0.026360514555571975	0.06321794420996865	0.40453726661826384	0.03767280988935158	0.07371513404429868	0.02830506740804533	0.03562182077523943	0.04430296075284038	0.10385107763686345	0.1803026209291529	0.3638371391560647	0.29702472313340766	0.03167313742338459	0.03350392422363015	0.02935927637087282	1.0	0.030917014804964504	0.1560469703786189	1.0	0.02298137072406769	0.09107605653476074	0.05310843074297057	0.0	0.06204475049201952	1.0	0.034688059408712044
ru	0.2632403810669918	0.08032484375286858	1.0	0.4142135623730951	0.06264577954748173	0.025944061484973482	0.04893949828215916	0.025074494385668295	0.004826284299137207	0.024410437521182417	0.0650561066047514	0.585786437626905	0.048438656651909925	0.07649983101105642	0.02273820930850166	0.03207470812602862	0.04610402418188904	0.084727262138816	0.06921738889509527	0.3333333333333333	0.17176121020195462	0.02918087982883396	0.02804706692895099	0.042421083880514535	0.030917014804964504	1.0	0.23714708571059406	1.0	0.01739944537837456	0.07749458221893667	0.056970019977938796	0.0	0.08731800073893152	1.0	0.029254999214862208
sh	1.0	0.13198148774392301	1.0	1.0	0.23166247903554	0.13223774084616352	0.25444313271740154	0.18464218557642828	0.2156098896967477	0.15132886655809455	0.20928116510020717	1.0	0.3164309725825327	0.17336633209759872	0.17888975312963606	0.2507471140728648	0.19866262437796411	0.1550650113860467	0.44948974278317805	1.0	0.44948974278317805	0.20342651452257512	0.16774903773986313	0.256460457510737	0.1560469703786189	0.23714708571059406	1.0	0.585786437626905	1.0	0.114811519867703	0.24415874992246042	0.0	0.585786437626905	1.0	0.2132814131487782
si	1.0	1.0	0.0	1.0	0.5	1.0	1.0	0.26427884169111276	0.585786437626905	0.44948974278317805	1.0	1.0	1.0	0.585786437626905	0.5	1.0	1.0	1.0	1.0	1.0	1.0	0.44948974278317805	1.0	1.0	1.0	1.0	0.585786437626905	1.0	0.585786437626905	1.0	1.0	1.0	1.0	1.0	1.0
simple	0.3244997998398398	0.0422738140050683	1.0	1.0	0.023550193042433352	0.015958189326900997	0.021220793140304867	0.014862923899331977	0.07956626805236647	0.017657375572284154	0.024347479954156218	0.585786437626905	0.022015098368913463	0.029967404149212146	0.015905956056618393	0.018433363447655022	0.017744719570835503	0.04524277292817145	0.10599391888997568	0.3726822671238253	0.14277132275605606	0.01800792962821548	0.018454885039921827	0.018785102318310248	0.02298137072406769	0.01739944537837456	1.0	0.585786437626905	1.0	0.0379128778426066	0.02172295430561541	0.0	0.04255650470486351	0.585786437626905	0.017561460480247384
sr	0.3266316347104093	0.10208488996332991	1.0	0.28989794855663564	0.09494200591344844	0.05708080758205098	0.09013719106353713	0.04157155878432642	0.01704536044482178	0.11983710920583253	0.11923035462224732	0.4625414945524146	0.11452454522863917	0.09636116113224502	0.10476359174269459	0.09900174221493316	0.11015410492732315	0.1344849234742675	0.1705954790859136	0.3477870010038738	0.2095175221075476	0.09727906812776137	0.08574943501364658	0.04253305152132976	0.09107605653476074	0.07749458221893667	0.114811519867703	1.0	0.0379128778426066	1.0	0.08684467104918456	0.0	0.05364868210963434	1.0	0.0753615179952665
sv	0.23582845781094	0.08696765274477027	1.0	0.585786437626905	0.05844835856044482	0.04166704484365946	0.05920479739723621	0.03462643330239495	0.009016956869503913	0.060425098492548256	0.08457465424048392	0.585786437626905	0.05914973266401262	0.0876985034654334	0.04068959154257338	0.06209389012907819	0.05604400312233342	0.10213890416248007	0.07855775938504315	0.5	0.17567868389971625	0.03792018210521401	0.05792264651369552	0.062301630159451095	0.05310843074297057	0.056970019977938796	0.24415874992246042	1.0	0.02172295430561541	0.08684467104918456	1.0	0.0	0.05883953792387433	0.585786437626905	0.04180099799828714
te	0.0	0.0	0.0	0.0	0.0	0.0	0.0	0.0	0.0	0.0	0.0	0.0	0.0	0.0	0.0	0.0	0.0	0.0	0.0	0.0	0.0	0.0	0.0	0.0	0.0	0.0	0.0	1.0	0.0	0.0	0.0	0.0	0.0	1.0	0.0
vi	0.3333333333333333	0.04346727975688374	1.0	0.44948974278317805	0.0605641524175319	0.04934702121705494	0.06401737146514727	0.05604814754801231	0.013344106730458449	0.0721459079218639	0.06386148049333742	0.585786437626905	0.07880483614925082	0.04604326409915637	0.057846890134140974	0.05167227633870989	0.0520139083516263	0.06676623362412837	0.12508141769702838	0.5	0.180085209841947	0.048876851047136224	0.07387568330079514	0.04559241111516043	0.06204475049201952	0.08731800073893152	0.585786437626905	1.0	0.04255650470486351	0.05364868210963434	0.05883953792387433	0.0	1.0	1.0	0.05184085055197197
war	1.0	0.3333333333333333	0.0	1.0	0.29429805508554946	1.0	1.0	1.0	1.0	1.0	1.0	1.0	1.0	0.585786437626905	0.5	1.0	1.0	1.0	1.0	1.0	1.0	0.36602540378443865	0.585786437626905	1.0	1.0	1.0	1.0	1.0	0.585786437626905	1.0	0.585786437626905	1.0	1.0	1.0	1.0
zh	0.21290885543182675	0.06888670173697267	1.0	0.40453726661826384	0.04985087135002951	0.03268440368176865	0.050099660055392875	0.021598561070897995	0.004806574757857664	0.025457510982677716	0.07729576660785588	0.585786437626905	0.05123685667402648	0.059123122801586464	0.032092968304680766	0.03466688539878879	0.04496628138677844	0.07285832739940054	0.0812886258175316	0.3726822671238253	0.14669070509377877	0.035209442232958806	0.039899348969485514	0.04037319993925281	0.034688059408712044	0.029254999214862208	0.2132814131487782	1.0	0.017561460480247384	0.0753615179952665	0.04180099799828714	0.0	0.05184085055197197	1.0	1.0
