arz	bs	ceb	ckb	da	de	el	en	es	fr	he	hi	hu	id	it	ja	ko	lv	mk	ml	mr	nl	pl	pt	ro	ru	sh	si	simple	sr	sv	te	tr	vi	war	zh
arz	0.0	0.0	0.0	0.0	0.0	0.0	0.0	0.0	0.0	0.0	0.0	0.0	0.0	0.0	0.0	0.0	0.0	0.0	0.0	0.0	0.0	0.0	0.0	0.0	0.0	0.0	0.0	0.0	0.0	0.0	0.0	0.0	0.0	0.0	0.0	0.0
bs	0.0	1.0	0.0	0.0	0.0	0.0031320007830001957	0.0030580705759002194	0.015273343197570283	0.00010052496369931866	0.053331267230970876	0.0	0.0	0.001998331064166191	0.0007999911112098754	0.00010052496369931866	7.824113919098662e-05	0.0017080642672955282	0.0	0.0	0.0	0.0	0.04337500661780833	0.0023959993405506404	0.001802240084915361	0.009902115827880968	0.003133119364206022	0.022589608224506806	0.0	0.0	0.015339068926463868	0.00012290365470776863	0.0	0.0	0.001349841227691661	0.2	0.00219148514415347
ceb	0.0	0.0	0.0	0.0	0.0	0.0	0.0	0.0	0.0	0.0	0.0	0.0	0.0	0.0	0.0	0.0	0.0	0.0	0.0	0.0	0.0	0.0	0.0	0.0	0.0	0.0	0.0	0.0	0.0	0.0	0.0	0.0	-1.0	0.0	0.0	0.0
ckb	0.0	0.0	0.0	0.0	0.0	0.0	0.0	0.0	0.0	0.0	0.0	0.0	0.0	0.0	0.0	0.0	0.0	0.0	0.0	0.0	0.0	0.0	0.0	0.0	0.0	0.0	0.0	0.0	0.0	0.0	0.0	0.0	0.0	0.0	0.0	0.0
da	0.0	0.0	0.0	0.0	0.0	0.0	0.0	0.0	0.0	0.0	0.0	0.0	0.0	0.0	0.0	0.0	0.0	0.0	0.0	0.0	0.0	0.0	0.0	0.0	0.0	0.0	0.0	0.0	0.0	0.0	0.0	0.0	0.0	0.0	0.0	0.0
de	0.0	0.0031320007830001957	0.0	0.0	0.0	1.0	0.010422698320787493	0.009990865494405116	0.0013656538067599864	0.0035271287336427768	0.0	0.0	0.005620406398616515	0.001155067860236789	0.0	0.0010471204188481676	0.005148607535689211	0.0	0.0	0.0	0.0	0.0035962786334141194	0.00065302568567697	0.0012515644555694619	0.01231302444363371	0.0009473285335354301	0.0024848382749326145	0.0	0.0	0.0026358084217293475	0.0010334137099552187	0.0	0.0	0.002572678157962439	0.0	0.0018219084491004327
el	0.0	0.0030580705759002194	0.0	0.0	0.0	0.010422698320787493	1.0	0.02763744427934621	0.0019786307874950534	0.005693301454367726	0.0	0.0	0.06809045226130653	0.044989775051124746	0.0015822784810126582	0.0020308692120227455	0.04034197168047021	0.0	0.0	0.0	0.0	0.002854218337860714	0.0019102196752626551	0.0005560189046427579	0.07377295995182175	0.0016413623307345096	0.003086155165023575	0.0	0.0	0.003301419610432486	0.004008016032064128	0.0	0.0	0.026122688582330494	0.0	0.003262233375156838
en	0.0	0.015273343197570283	0.0	0.0	0.0	0.009990865494405116	0.02763744427934621	1.0	0.0012024048096192384	0.02473048628140471	6.72314105149926e-05	0.0	0.02421530161844041	0.008642536876990058	0.0016038492381716118	0.0008047749983233854	0.021619595101224694	0.0	0.0	0.0	0.0	0.013394070167026293	0.002830472749171936	0.0013721698995821118	0.08970256024096386	0.0019069633054030627	0.011737486597821794	0.0	0.0	0.008387732030195836	0.0011375802997858672	0.0	0.0	0.014951962842781701	0.0	0.004088606822481235
es	0.0	0.00010052496369931866	0.0	0.0	0.0	0.0013656538067599864	0.0019786307874950534	0.0012024048096192384	1.0	0.0002709586517097491	0.0	0.0	0.003604531410916581	0.001310615989515072	0.0	0.0	0.006321112515802781	0.0	0.0	0.0	0.0	0.00024674603664178645	0.0	0.0007716049382716049	0.003465997370622684	0.0	0.00018960940462646946	0.0	0.0	0.0001551470017841905	0.0049504950495049506	0.0	0.0	0.004205214465937763	0.0	0.0
fr	0.0	0.053331267230970876	0.0	0.0	0.0	0.0035271287336427768	0.005693301454367726	0.02473048628140471	0.0002709586517097491	1.0	1.3565207954637945e-05	0.0	0.0042402169289663975	0.0014948488317285031	0.0001896556395459102	0.0001084613403110129	0.0037778163420592436	0.0	0.0	0.0	0.0	0.04121524938675388	0.0025230393328552836	0.001577940920822134	0.020091312839779555	0.003503872701406818	0.029224131372740807	0.0	0.0	0.014306654939900323	0.00025750142303417994	0.0	0.03571428571428571	0.0027483208429971446	0.0	0.004147385546828117
he	0.0	0.0	0.0	0.0	0.0	0.0	0.0	6.72314105149926e-05	0.0	1.3565207954637945e-05	1.0	0.0	0.0	0.0	0.0	0.0	0.0	0.0	0.0	0.0	0.0	0.0	0.0	0.0	0.0	0.0	0.0	0.0	0.0	0.0	0.0	0.0	0.0	0.0	0.0	0.0
hi	0.0	0.0	0.0	0.0	0.0	0.0	0.0	0.0	0.0	0.0	0.0	0.0	0.0	0.0	0.0	0.0	0.0	0.0	0.0	0.0	0.0	0.0	0.0	0.0	0.0	0.0	0.0	0.0	0.0	0.0	0.0	0.0	0.0	0.0	0.0	0.0
hu	0.0	0.001998331064166191	0.0	0.0	0.0	0.005620406398616515	0.06809045226130653	0.02421530161844041	0.003604531410916581	0.0042402169289663975	0.0	0.0	1.0	0.07164436771687527	0.005157297576070139	0.0042643923240938165	0.11294117647058824	0.0	0.0	0.0	0.0	0.002069239952248309	0.001385809312638581	0.0003316749585406302	0.1206514513627299	0.0009313154831199069	0.002107944315137675	0.0	0.0	0.0021947873799725653	0.0020855057351407717	0.0	0.0	0.03591749644381223	0.0	0.002348106838861168
id	0.0	0.0007999911112098754	0.0	0.0	0.0	0.001155067860236789	0.044989775051124746	0.008642536876990058	0.001310615989515072	0.0014948488317285031	0.0	0.0	0.07164436771687527	1.0	0.0026246719160104987	0.0057553956834532375	0.05508684863523573	0.0	0.0	0.0	0.0	0.0008140173792710474	0.00041203131437989287	0.000546448087431694	0.039217968113580824	0.0006426735218508997	0.0010179529890801406	0.0	0.0	0.0007453230975627934	0.006830601092896175	0.0	0.0	0.020070838252656435	0.0	0.0017969451931716084
it	0.0	0.00010052496369931866	0.0	0.0	0.0	0.0	0.0015822784810126582	0.0016038492381716118	0.0	0.0001896556395459102	0.0	0.0	0.005157297576070139	0.0026246719160104987	1.0	0.0	0.0025188916876574307	0.0	0.0	0.0	0.0	0.00012335779929686054	0.0	0.0	0.002507462686567164	0.00038774718883288094	0.0002844410732909832	0.0	0.0	0.0001551470017841905	0.0	0.0	0.0	0.0025188916876574307	0.0	0.0
ja	0.0	7.824113919098662e-05	0.0	0.0	0.0	0.0010471204188481676	0.0020308692120227455	0.0008047749983233854	0.0	0.0001084613403110129	0.0	0.0	0.0042643923240938165	0.0057553956834532375	0.0	1.0	0.0026263952724885093	0.0	0.0	0.0	0.0	0.0	0.0	0.0	0.0015628756912719403	0.0	9.508867018494746e-05	0.0	0.0	0.0	0.0072992700729927005	0.0	0.0	0.0008865248226950354	0.0	0.0006134969325153375
ko	0.0	0.0017080642672955282	0.0	0.0	0.0	0.005148607535689211	0.04034197168047021	0.021619595101224694	0.006321112515802781	0.0037778163420592436	0.0	0.0	0.11294117647058824	0.05508684863523573	0.0025188916876574307	0.0026263952724885093	1.0	0.0	0.0	0.0	0.0	0.0017427884615384616	0.0015379883112888342	0.0007527286413248024	0.08014168696037192	0.0002537427048972342	0.002499330536463447	0.0	0.0	0.0020385210178546324	0.0019206145966709346	0.0	0.0	0.03439902873330635	0.0	0.001965923984272608
lv	0.0	0.0	0.0	0.0	0.0	0.0	0.0	0.0	0.0	0.0	0.0	0.0	0.0	0.0	0.0	0.0	0.0	0.0	0.0	0.0	0.0	0.0	0.0	0.0	0.0	0.0	0.0	0.0	0.0	0.0	0.0	0.0	0.0	0.0	0.0	0.0
mk	0.0	0.0	0.0	0.0	0.0	0.0	0.0	0.0	0.0	0.0	0.0	0.0	0.0	0.0	0.0	0.0	0.0	0.0	0.0	0.0	0.0	0.0	0.0	0.0	0.0	0.0	0.0	0.0	0.0	0.0	0.0	0.0	0.0	0.0	0.0	0.0
ml	0.0	0.0	0.0	0.0	0.0	0.0	0.0	0.0	0.0	0.0	0.0	0.0	0.0	0.0	0.0	0.0	0.0	0.0	0.0	0.0	0.0	0.0	0.0	0.0	0.0	0.0	0.0	0.0	0.0	0.0	0.0	0.0	0.0	0.0	0.0	0.0
mr	0.0	0.0	0.0	0.0	0.0	0.0	0.0	0.0	0.0	0.0	0.0	0.0	0.0	0.0	0.0	0.0	0.0	0.0	0.0	0.0	0.0	0.0	0.0	0.0	0.0	0.0	0.0	0.0	0.0	0.0	0.0	0.0	0.0	0.0	0.0	0.0
nl	0.0	0.04337500661780833	0.0	0.0	0.0	0.0035962786334141194	0.002854218337860714	0.013394070167026293	0.00024674603664178645	0.04121524938675388	0.0	0.0	0.002069239952248309	0.0008140173792710474	0.00012335779929686054	0.0	0.0017427884615384616	0.0	0.0	0.0	0.0	1.0	0.0022711425440780954	0.0013495820324302549	0.008897176345231753	0.0031277047761428907	0.01944595169308833	0.0	0.0	0.013623437603333113	0.00010285314627774464	0.0	0.0	0.0011301031219098743	0.0	0.0021799128034878604
pl	0.0	0.0023959993405506404	0.0	0.0	0.0	0.00065302568567697	0.0019102196752626551	0.002830472749171936	0.0	0.0025230393328552836	0.0	0.0	0.001385809312638581	0.00041203131437989287	0.0	0.0	0.0015379883112888342	0.0	0.0	0.0	0.0	0.0022711425440780954	1.0	0.0006759040216289286	0.0013935894883535735	0.001415762151958471	0.0017602534765006161	0.0	0.0	0.002134104364587636	0.0	0.0	0.0	0.00035001750087504374	0.0	0.002386634844868735
pt	0.0	0.001802240084915361	0.0	0.0	0.0	0.0012515644555694619	0.0005560189046427579	0.0013721698995821118	0.0007716049382716049	0.001577940920822134	0.0	0.0	0.0003316749585406302	0.000546448087431694	0.0	0.0	0.0007527286413248024	0.0	0.0	0.0	0.0	0.0013495820324302549	0.0006759040216289286	1.0	0.0012697069093217648	0.0019230769230769232	0.0018077461924345822	0.0	0.0	0.0020816883210106954	0.0	0.0	0.0	0.001328609388839681	0.0	0.0014498006524102935
ro	0.0	0.009902115827880968	0.0	0.0	0.0	0.01231302444363371	0.07377295995182175	0.08970256024096386	0.003465997370622684	0.020091312839779555	0.0	0.0	0.1206514513627299	0.039217968113580824	0.002507462686567164	0.0015628756912719403	0.08014168696037192	0.0	0.0	0.0	0.0	0.008897176345231753	0.0013935894883535735	0.0012697069093217648	1.0	0.001958041958041958	0.011509349186050531	0.0	0.0	0.006740606176498709	0.0022754491017964074	0.0	0.0	0.04873949579831933	0.0	0.005095801059926621
ru	0.0	0.003133119364206022	0.0	0.0	0.0	0.0009473285335354301	0.0016413623307345096	0.0019069633054030627	0.0	0.003503872701406818	0.0	0.0	0.0009313154831199069	0.0006426735218508997	0.00038774718883288094	0.0	0.0002537427048972342	0.0	0.0	0.0	0.0	0.0031277047761428907	0.001415762151958471	0.0019230769230769232	0.001958041958041958	1.0	0.002650932101932615	0.0	0.0	0.00203786484354457	0.0	0.0	0.0	0.000564652738565782	0.0	0.0007420232500618352
sh	0.0	0.022589608224506806	0.0	0.0	0.0	0.0024848382749326145	0.003086155165023575	0.011737486597821794	0.00018960940462646946	0.029224131372740807	0.0	0.0	0.002107944315137675	0.0010179529890801406	0.0002844410732909832	9.508867018494746e-05	0.002499330536463447	0.0	0.0	0.0	0.0	0.01944595169308833	0.0017602534765006161	0.0018077461924345822	0.011509349186050531	0.002650932101932615	1.0	0.0	0.0	0.011292158389744204	9.491718475630013e-05	0.0	0.0	0.0015888147442008262	0.0	0.0032008535609495867
si	0.0	0.0	0.0	0.0	0.0	0.0	0.0	0.0	0.0	0.0	0.0	0.0	0.0	0.0	0.0	0.0	0.0	0.0	0.0	0.0	0.0	0.0	0.0	0.0	0.0	0.0	0.0	0.0	0.0	0.0	0.0	0.0	0.0	0.0	0.0	0.0
simple	0.0	0.0	0.0	0.0	0.0	0.0	0.0	0.0	0.0	0.0	0.0	0.0	0.0	0.0	0.0	0.0	0.0	0.0	0.0	0.0	0.0	0.0	0.0	0.0	0.0	0.0	0.0	0.0	0.0	0.0	0.0	0.0	0.1111111111111111	0.0	0.0	0.0
sr	0.0	0.015339068926463868	0.0	0.0	0.0	0.0026358084217293475	0.003301419610432486	0.008387732030195836	0.0001551470017841905	0.014306654939900323	0.0	0.0	0.0021947873799725653	0.0007453230975627934	0.0001551470017841905	0.0	0.0020385210178546324	0.0	0.0	0.0	0.0	0.013623437603333113	0.002134104364587636	0.0020816883210106954	0.006740606176498709	0.00203786484354457	0.011292158389744204	0.0	0.0	1.0	7.773027594247959e-05	0.0	0.0	0.00115598583917347	0.0	0.0018838961763885012
sv	0.0	0.00012290365470776863	0.0	0.0	0.0	0.0010334137099552187	0.004008016032064128	0.0011375802997858672	0.0049504950495049506	0.00025750142303417994	0.0	0.0	0.0020855057351407717	0.006830601092896175	0.0	0.0072992700729927005	0.0019206145966709346	0.0	0.0	0.0	0.0	0.00010285314627774464	0.0	0.0	0.0022754491017964074	0.0	9.491718475630013e-05	0.0	0.0	7.773027594247959e-05	1.0	0.0	0.0	0.0034393809114359416	0.0	0.0005995203836930455
te	0.0	0.0	0.0	0.0	0.0	0.0	0.0	0.0	0.0	0.0	0.0	0.0	0.0	0.0	0.0	0.0	0.0	0.0	0.0	0.0	0.0	0.0	0.0	0.0	0.0	0.0	0.0	0.0	0.0	0.0	0.0	0.0	0.0	0.0	0.0	0.0
tr	0.0	0.0	-1.0	0.0	0.0	0.0	0.0	0.0	0.0	0.03571428571428571	0.0	0.0	0.0	0.0	0.0	0.0	0.0	0.0	0.0	0.0	0.0	0.0	0.0	0.0	0.0	0.0	0.0	0.0	0.1111111111111111	0.0	0.0	0.0	1.0	0.0	0.0	0.0
vi	0.0	0.001349841227691661	0.0	0.0	0.0	0.002572678157962439	0.026122688582330494	0.014951962842781701	0.004205214465937763	0.0027483208429971446	0.0	0.0	0.03591749644381223	0.020070838252656435	0.0025188916876574307	0.0008865248226950354	0.03439902873330635	0.0	0.0	0.0	0.0	0.0011301031219098743	0.00035001750087504374	0.001328609388839681	0.04873949579831933	0.000564652738565782	0.0015888147442008262	0.0	0.0	0.00115598583917347	0.0034393809114359416	0.0	0.0	1.0	0.0	0.0018832391713747645
war	0.0	0.2	0.0	0.0	0.0	0.0	0.0	0.0	0.0	0.0	0.0	0.0	0.0	0.0	0.0	0.0	0.0	0.0	0.0	0.0	0.0	0.0	0.0	0.0	0.0	0.0	0.0	0.0	0.0	0.0	0.0	0.0	0.0	0.0	1.0	0.0
zh	0.0	0.00219148514415347	0.0	0.0	0.0	0.0018219084491004327	0.003262233375156838	0.004088606822481235	0.0	0.004147385546828117	0.0	0.0	0.002348106838861168	0.0017969451931716084	0.0	0.0006134969325153375	0.001965923984272608	0.0	0.0	0.0	0.0	0.0021799128034878604	0.002386634844868735	0.0014498006524102935	0.005095801059926621	0.0007420232500618352	0.0032008535609495867	0.0	0.0	0.0018838961763885012	0.0005995203836930455	0.0	0.0	0.0018832391713747645	0.0	1.0
