arz	bs	ceb	ckb	da	de	el	en	es	fr	he	hi	hu	id	it	ja	ko	lv	mk	ml	mr	nl	pl	pt	ro	ru	sh	si	simple	sr	sv	te	vi	war	zh
arz	1.0	0.0	0.0	0.0	1.0	1.0	1.0	1.0	1.0	1.0	0.0	1.0	1.0	1.0	1.0	1.0	1.0	1.0	0.0	1.0	0.0	1.0	1.0	1.0	1.0	1.0	1.0	0.0	1.0	1.0	1.0	0.0	1.0	0.0	1.0
bs	0.0	1.0	1.0	1.0	0.5455381281950756	1.0	1.0	0.8216064286890065	1.0	1.0	1.0	1.0	1.0	0.8216064286890065	0.5660160774121898	1.0	1.0	1.0	1.0	1.0	1.0	1.0	1.0	1.0	1.0	1.0	1.0	0.0	1.0	1.0	1.0	1.0	1.0	0.0	1.0
ceb	0.0	1.0	1.0	1.0	1.0	1.0	1.0	1.0	1.0	1.0	1.0	1.0	1.0	1.0	1.0	1.0	1.0	1.0	0.0	1.0	0.0	1.0	1.0	1.0	1.0	0.0	1.0	0.0	1.0	1.0	1.0	1.0	1.0	0.0	1.0
ckb	0.0	1.0	1.0	1.0	0.425323282917501	0.7690990303325336	1.0	0.6983438190355966	1.0	1.0	1.0	1.0	1.0	1.0	0.37850487351415973	1.0	1.0	1.0	1.0	0.0	1.0	1.0	1.0	0.7690990303325336	0.8428085291297184	1.0	0.7690990303325336	1.0	1.0	1.0	1.0	1.0	1.0	0.0	1.0
da	1.0	0.5455381281950756	1.0	0.425323282917501	1.0	0.2844302375128634	0.7298756188787715	0.28951484069960126	0.26281312032639664	0.3332799150292015	0.29353886763921333	0.3440277134360122	0.3242222996441564	0.2846191079118648	0.26429410145775273	0.2862350013437498	0.2757631712371954	0.347355077268382	0.5455381281950756	0.8216064286890065	0.5455381281950756	0.26393251428536585	0.2808237795985324	0.22012570629616166	0.3183087015917832	0.3111358142059496	0.2781139820515933	1.0	0.305308108277919	0.28241263446152715	0.28629168167020325	1.0	0.30707262555222037	1.0	0.326563465434215
de	1.0	1.0	1.0	0.7690990303325336	0.2844302375128634	1.0	0.5913800870748354	0.22960584500172793	0.246946012272621	0.2209556255700347	0.4971803874353684	1.0	0.4700007111929963	0.3543007258132366	0.2393772117443686	0.37373345448699996	0.3730717754740727	0.6863225612388889	1.0	1.0	0.8216064286890065	0.26169018881231015	0.309838610845973	0.23834593356144432	0.5971982267905603	0.3298008474383931	0.30288382359581645	0.5660160774121898	0.49437612789501	0.517261789428424	0.28757698037282603	0.4053700319872855	0.44282147403921224	1.0	0.3898226844525735
el	1.0	1.0	1.0	1.0	0.7298756188787715	0.5913800870748354	1.0	0.4089533090175736	0.4318308183593935	0.39684473384241725	1.0	1.0	0.604448207163883	0.6908587525207898	0.3511530957707352	1.0	1.0	1.0	1.0	1.0	1.0	0.7347168825662656	1.0	0.500650148353608	0.7455134344225701	1.0	0.5345054776960725	1.0	0.7510341748895939	1.0	0.6786291688147437	1.0	1.0	1.0	1.0
en	1.0	0.8216064286890065	1.0	0.6983438190355966	0.28951484069960126	0.22960584500172793	0.4089533090175736	1.0	0.2104635902270934	0.21758174868586305	0.40072996175610043	0.5290610056680788	0.351998619648796	0.31390447098964436	0.2906629162439043	0.3640908154636756	0.36337352203533685	0.6269724206543573	0.8216064286890065	1.0	0.5660160774121898	0.27956018127688526	0.35273171226942457	0.2403371330240371	0.3713643380783249	0.3704027103709681	0.2513856159322709	1.0	0.4185345727041424	0.3327596872296409	0.2940589861020522	0.5904873346644138	0.4878093604549364	1.0	0.384017239546524
es	1.0	1.0	1.0	1.0	0.26281312032639664	0.246946012272621	0.4318308183593935	0.2104635902270934	1.0	0.19858432585604838	0.4959220441772579	1.0	0.4104838588913009	0.3426307404024232	0.27189547094657773	0.3128406396450529	0.3148313715925468	1.0	1.0	1.0	1.0	0.2634263898644898	0.3016793440806606	0.21420841536945218	0.44560338097357516	0.2749948855774413	0.31230384811161715	1.0	0.5981485103488603	0.4541061954455943	0.27291012175958657	0.7322034805959264	0.5931652878381006	1.0	0.3222122172427572
fr	1.0	1.0	1.0	1.0	0.3332799150292015	0.2209556255700347	0.39684473384241725	0.21758174868586305	0.19858432585604838	1.0	0.3683936604094778	0.65857855151911	0.3509497258254227	0.29955547150846845	0.24164368243955453	0.2726851638110637	0.3310549788417765	0.7455134344225701	1.0	1.0	1.0	0.27215995058856307	0.3139127027831603	0.23362666644255722	0.45501663338330123	0.25687748738459515	0.3003985092471706	1.0	0.57198572760877	0.36788555394134653	0.260350006191736	0.6044414021866646	0.6304384910245494	1.0	0.3161406160820596
he	0.0	1.0	1.0	1.0	0.29353886763921333	0.4971803874353684	1.0	0.40072996175610043	0.4959220441772579	0.3683936604094778	1.0	1.0	0.6223041007404059	0.5895598144787592	0.5014275199289705	1.0	1.0	1.0	1.0	1.0	1.0	0.5818812394274148	0.6254303192325079	0.31005543521811546	0.799259194391266	1.0	0.4679509223142328	1.0	1.0	1.0	0.6786291688147438	1.0	0.7376607345031152	1.0	1.0
hi	1.0	1.0	1.0	1.0	0.3440277134360122	1.0	1.0	0.5290610056680788	1.0	0.65857855151911	1.0	1.0	1.0	0.682082772751162	0.5748529848305675	1.0	1.0	1.0	1.0	1.0	1.0	1.0	0.7411828468492555	0.6713981115618337	0.8252244849082945	1.0	0.6075759801991947	1.0	0.6391906500312812	1.0	0.7455134344225701	1.0	1.0	0.0	1.0
hu	1.0	1.0	1.0	1.0	0.3242222996441564	0.4700007111929963	0.604448207163883	0.351998619648796	0.4104838588913009	0.3509497258254227	0.6223041007404059	1.0	1.0	0.5287166291565706	0.3209972841155066	0.5517888710737588	0.5855040992489873	1.0	1.0	1.0	1.0	0.5314859505200203	0.5152964511906952	0.3909259323692406	0.6540441419629838	0.6061037884967686	0.3468409552367678	1.0	0.6391906500312813	0.7865377663035592	0.7411828468492556	1.0	1.0	1.0	0.6673649639258981
id	1.0	0.8216064286890065	1.0	1.0	0.2846191079118648	0.3543007258132366	0.6908587525207898	0.31390447098964436	0.3426307404024232	0.29955547150846845	0.5895598144787592	0.682082772751162	0.5287166291565706	1.0	0.3018881188185468	0.4511048307936354	0.4680037305482639	0.6291684883175231	0.8216064286890065	1.0	1.0	0.38695925457462704	0.3953931829667719	0.36923180255952626	0.5504040484902534	0.41167893210704704	0.3245833594665563	1.0	0.4739260339544977	0.5331012399170395	0.41509885959935017	0.7942219112853846	0.6239725949460845	1.0	0.48870565605849775
it	1.0	0.5660160774121898	1.0	0.37850487351415973	0.26429410145775273	0.2393772117443686	0.3511530957707352	0.2906629162439043	0.27189547094657773	0.24164368243955453	0.5014275199289705	0.5748529848305675	0.3209972841155066	0.3018881188185468	1.0	0.3667344043406038	0.35075639011185544	0.3718621778872974	0.5660160774121898	1.0	0.5660160774121898	0.3089568417712918	0.33642747875759565	0.23283860548159757	0.37178760386811854	0.35584223053396585	0.2103419382285624	1.0	0.5062809800092861	0.25173908762436903	0.2889121703128798	0.41447639724056023	0.45019520225770293	1.0	0.30529898930407706
ja	1.0	1.0	1.0	1.0	0.2862350013437498	0.37373345448699996	1.0	0.3640908154636756	0.3128406396450529	0.2726851638110637	1.0	1.0	0.5517888710737588	0.4511048307936354	0.3667344043406038	1.0	0.7141080454298697	1.0	1.0	1.0	1.0	0.442254808987218	0.49985435215788965	0.33376979913658633	0.6177094759237203	1.0	0.3667200000305912	1.0	0.5973484481370076	1.0	0.4347494621070568	1.0	0.7376607345031152	1.0	1.0
ko	1.0	1.0	1.0	1.0	0.2757631712371954	0.3730717754740727	1.0	0.36337352203533685	0.3148313715925468	0.3310549788417765	1.0	1.0	0.5855040992489873	0.4680037305482639	0.35075639011185544	0.7141080454298697	1.0	1.0	1.0	1.0	1.0	0.5524062345113544	0.45303241426670227	0.35652735195642105	0.6177094759237203	0.7162976956558117	0.3905216983779796	1.0	0.5973484481370076	1.0	0.43658581853920864	1.0	0.7376607345031152	1.0	0.7155258672934656
lv	1.0	1.0	1.0	1.0	0.347355077268382	0.6863225612388889	1.0	0.6269724206543573	1.0	0.7455134344225701	1.0	1.0	1.0	0.6291684883175231	0.3718621778872974	1.0	1.0	1.0	1.0	1.0	1.0	0.7455134344225701	1.0	0.6395657813917608	1.0	1.0	0.6907635500262802	1.0	0.6391906500312813	1.0	0.6467936504043929	0.7510341748895938	1.0	1.0	1.0
mk	0.0	1.0	0.0	1.0	0.5455381281950756	1.0	1.0	0.8216064286890065	1.0	1.0	1.0	1.0	1.0	0.8216064286890065	0.5660160774121898	1.0	1.0	1.0	1.0	1.0	1.0	1.0	1.0	1.0	1.0	1.0	1.0	1.0	1.0	1.0	1.0	1.0	1.0	0.0	1.0
ml	1.0	1.0	1.0	0.0	0.8216064286890065	1.0	1.0	1.0	1.0	1.0	1.0	1.0	1.0	1.0	1.0	1.0	1.0	1.0	1.0	1.0	0.0	1.0	1.0	1.0	1.0	1.0	0.8216064286890065	1.0	1.0	1.0	1.0	1.0	1.0	0.0	1.0
mr	0.0	1.0	0.0	1.0	0.5455381281950756	0.8216064286890065	1.0	0.5660160774121898	1.0	1.0	1.0	1.0	1.0	1.0	0.5660160774121898	1.0	1.0	1.0	1.0	0.0	1.0	1.0	1.0	1.0	1.0	1.0	1.0	1.0	1.0	1.0	1.0	1.0	1.0	1.0	1.0
nl	1.0	1.0	1.0	1.0	0.26393251428536585	0.26169018881231015	0.7347168825662656	0.27956018127688526	0.2634263898644898	0.27215995058856307	0.5818812394274148	1.0	0.5314859505200203	0.38695925457462704	0.3089568417712918	0.442254808987218	0.5524062345113544	0.7455134344225701	1.0	1.0	1.0	1.0	0.3728326475558624	0.2879213160969839	0.4993687635506885	0.4134193139013938	0.32136793362607147	0.5660160774121898	0.6652983375833704	0.5144057557299379	0.3711457408227658	0.37119257798849	1.0	1.0	0.4216761084454191
pl	1.0	1.0	1.0	1.0	0.2808237795985324	0.309838610845973	1.0	0.35273171226942457	0.3016793440806606	0.3139127027831603	0.6254303192325079	0.7411828468492555	0.5152964511906952	0.3953931829667719	0.33642747875759565	0.49985435215788965	0.45303241426670227	1.0	1.0	1.0	1.0	0.3728326475558624	1.0	0.3445722495652768	0.5134923371723815	0.4465245767951922	0.3185839186615312	1.0	0.5826602880133063	0.6193113617177751	0.2974007621453053	1.0	0.6908587525207898	1.0	0.49074977803011555
pt	1.0	1.0	1.0	0.7690990303325336	0.22012570629616166	0.23834593356144432	0.500650148353608	0.2403371330240371	0.21420841536945218	0.23362666644255722	0.31005543521811546	0.6713981115618337	0.3909259323692406	0.36923180255952626	0.23283860548159757	0.33376979913658633	0.35652735195642105	0.6395657813917608	1.0	1.0	1.0	0.2879213160969839	0.3445722495652768	1.0	0.43338390858713427	0.2844693656086079	0.2585540477645863	0.8216064286890065	0.28677771214140635	0.45431670027231663	0.23094734598327893	0.46059764446018814	0.5009995011954553	1.0	0.31154249371984805
ro	1.0	1.0	1.0	0.8428085291297184	0.3183087015917832	0.5971982267905603	0.7455134344225701	0.3713643380783249	0.44560338097357516	0.45501663338330123	0.799259194391266	0.8252244849082945	0.6540441419629838	0.5504040484902534	0.37178760386811854	0.6177094759237203	0.6177094759237203	1.0	1.0	1.0	1.0	0.4993687635506885	0.5134923371723815	0.43338390858713427	1.0	0.529283495978508	0.498001338219529	1.0	0.6391906500312812	0.6608521442956614	0.43641676752819253	1.0	1.0	1.0	0.6177094759237203
ru	1.0	1.0	0.0	1.0	0.3111358142059496	0.3298008474383931	1.0	0.3704027103709681	0.2749948855774413	0.25687748738459515	1.0	1.0	0.6061037884967686	0.41167893210704704	0.35584223053396585	1.0	0.7162976956558117	1.0	1.0	1.0	1.0	0.4134193139013938	0.4465245767951922	0.2844693656086079	0.529283495978508	1.0	0.338070103034039	1.0	0.5973484481370076	0.7199285383279773	0.34480238555413784	1.0	0.7376607345031152	1.0	0.7147973711694585
sh	1.0	1.0	1.0	0.7690990303325336	0.2781139820515933	0.30288382359581645	0.5345054776960725	0.2513856159322709	0.31230384811161715	0.3003985092471706	0.4679509223142328	0.6075759801991947	0.3468409552367678	0.3245833594665563	0.2103419382285624	0.3667200000305912	0.3905216983779796	0.6907635500262802	1.0	0.8216064286890065	1.0	0.32136793362607147	0.3185839186615312	0.2585540477645863	0.498001338219529	0.338070103034039	1.0	1.0	0.43762792192685823	0.380198388655439	0.40125653661850214	0.3093917212618873	0.5842813359681016	1.0	0.3642054306881643
si	0.0	0.0	0.0	1.0	1.0	0.5660160774121898	1.0	1.0	1.0	1.0	1.0	1.0	1.0	1.0	1.0	1.0	1.0	1.0	1.0	1.0	1.0	0.5660160774121898	1.0	0.8216064286890065	1.0	1.0	1.0	1.0	1.0	1.0	1.0	1.0	1.0	1.0	1.0
simple	1.0	1.0	1.0	1.0	0.305308108277919	0.49437612789501	0.7510341748895939	0.4185345727041424	0.5981485103488603	0.57198572760877	1.0	0.6391906500312812	0.6391906500312813	0.4739260339544977	0.5062809800092861	0.5973484481370076	0.5973484481370076	0.6391906500312813	1.0	1.0	1.0	0.6652983375833704	0.5826602880133063	0.28677771214140635	0.6391906500312812	0.5973484481370076	0.43762792192685823	1.0	1.0	0.6333404237489202	0.5151353861897138	0.6131109307903289	0.6391906500312812	1.0	0.6016441419741768
sr	1.0	1.0	1.0	1.0	0.28241263446152715	0.517261789428424	1.0	0.3327596872296409	0.4541061954455943	0.36788555394134653	1.0	1.0	0.7865377663035592	0.5331012399170395	0.25173908762436903	1.0	1.0	1.0	1.0	1.0	1.0	0.5144057557299379	0.6193113617177751	0.45431670027231663	0.6608521442956614	0.7199285383279773	0.380198388655439	1.0	0.6333404237489202	1.0	0.42588601206064847	0.6786291688147437	0.74551343442257	1.0	1.0
sv	1.0	1.0	1.0	1.0	0.28629168167020325	0.28757698037282603	0.6786291688147437	0.2940589861020522	0.27291012175958657	0.260350006191736	0.6786291688147438	0.7455134344225701	0.7411828468492556	0.41509885959935017	0.2889121703128798	0.4347494621070568	0.43658581853920864	0.6467936504043929	1.0	1.0	1.0	0.3711457408227658	0.2974007621453053	0.23094734598327893	0.43641676752819253	0.34480238555413784	0.40125653661850214	1.0	0.5151353861897138	0.42588601206064847	1.0	0.7347168825662656	1.0	1.0	0.3738125689389009
te	0.0	1.0	1.0	1.0	1.0	0.4053700319872855	1.0	0.5904873346644138	0.7322034805959264	0.6044414021866646	1.0	1.0	1.0	0.7942219112853846	0.41447639724056023	1.0	1.0	0.7510341748895938	1.0	1.0	1.0	0.37119257798849	1.0	0.46059764446018814	1.0	1.0	0.3093917212618873	1.0	0.6131109307903289	0.6786291688147437	0.7347168825662656	1.0	1.0	1.0	1.0
vi	1.0	1.0	1.0	1.0	0.30707262555222037	0.44282147403921224	1.0	0.4878093604549364	0.5931652878381006	0.6304384910245494	0.7376607345031152	1.0	1.0	0.6239725949460845	0.45019520225770293	0.7376607345031152	0.7376607345031152	1.0	1.0	1.0	1.0	1.0	0.6908587525207898	0.5009995011954553	1.0	0.7376607345031152	0.5842813359681016	1.0	0.6391906500312812	0.74551343442257	1.0	1.0	1.0	1.0	1.0
war	0.0	0.0	0.0	0.0	1.0	1.0	1.0	1.0	1.0	1.0	1.0	0.0	1.0	1.0	1.0	1.0	1.0	1.0	0.0	0.0	1.0	1.0	1.0	1.0	1.0	1.0	1.0	1.0	1.0	1.0	1.0	1.0	1.0	1.0	0.0
zh	1.0	1.0	1.0	1.0	0.326563465434215	0.3898226844525735	1.0	0.384017239546524	0.3222122172427572	0.3161406160820596	1.0	1.0	0.6673649639258981	0.48870565605849775	0.30529898930407706	1.0	0.7155258672934656	1.0	1.0	1.0	1.0	0.4216761084454191	0.49074977803011555	0.31154249371984805	0.6177094759237203	0.7147973711694585	0.3642054306881643	1.0	0.6016441419741768	1.0	0.3738125689389009	1.0	1.0	0.0	1.0
