arz	bs	ceb	ckb	da	de	el	en	es	fr	he	hi	hu	id	it	ja	ko	lv	mk	ml	mr	nl	pl	pt	ro	ru	sh	si	simple	sr	sv	te	vi	war	zh
arz	1.0	0.0	0.0	0.0	1.0	1.0	1.0	1.0	1.0	1.0	0.0	1.0	1.0	1.0	1.0	1.0	1.0	1.0	0.0	1.0	0.0	1.0	1.0	1.0	1.0	1.0	1.0	0.0	1.0	1.0	1.0	0.0	1.0	0.0	1.0
bs	0.0	1.0	1.0	1.0	1.0	1.0	1.0	1.0	1.0	1.0	1.0	1.0	1.0	1.0	0.5660160774121898	1.0	1.0	1.0	1.0	1.0	1.0	1.0	1.0	0.8216064286890065	1.0	1.0	0.8216064286890065	0.0	0.8216064286890065	1.0	1.0	0.7584325078215763	1.0	0.0	1.0
ceb	0.0	1.0	1.0	1.0	1.0	1.0	1.0	1.0	1.0	1.0	1.0	1.0	1.0	1.0	1.0	1.0	1.0	1.0	0.0	1.0	0.0	1.0	1.0	1.0	1.0	0.0	1.0	0.0	1.0	1.0	1.0	1.0	1.0	0.0	1.0
ckb	0.0	1.0	1.0	1.0	0.39060713746995906	1.0	1.0	0.4805954866802148	1.0	0.7690990303325336	1.0	1.0	1.0	1.0	0.6987958953943715	1.0	1.0	1.0	1.0	0.0	1.0	1.0	1.0	0.4695960115558277	0.4695960115558277	1.0	1.0	1.0	1.0	1.0	1.0	1.0	1.0	0.0	1.0
da	1.0	1.0	1.0	0.39060713746995906	1.0	0.22501423048982133	0.3483068423816998	0.23742003523005148	0.240836300858505	0.24060015416403774	0.3173514907035221	0.36753132736499905	0.2992715276942626	0.2621770683318566	0.23886644204942484	0.25573359438970455	0.24835607755623482	0.3376921361744683	1.0	0.5042139125013491	0.5660160774121898	0.24021761157018787	0.24478768200241188	0.2152554508759317	0.2775292315321866	0.23999506832084513	0.2781130666267657	1.0	0.28810071165435525	0.28453746931986396	0.24384031764671768	1.0	0.3648316208451335	1.0	0.2585094303218352
de	1.0	1.0	1.0	1.0	0.22501423048982133	1.0	0.48816609371316	0.1803942467853017	0.14995274320782453	0.1716819099452602	0.336657689418872	0.7411828468492556	0.3963666760407882	0.31897291972855285	0.19402864230094158	0.4191722969338867	0.46117292772536705	0.8055567530094857	1.0	1.0	1.0	0.25768002992575545	0.2832632719308409	0.17705658996232612	0.39946365836387104	0.22930392267504807	0.3035890487620051	1.0	0.5571205497468956	0.41128678484752906	0.36914079535952615	0.7347168825662656	0.516948484400494	1.0	0.4226605611390265
el	1.0	1.0	1.0	1.0	0.3483068423816998	0.48816609371316	1.0	0.3054044795750356	0.4700754255157101	0.2776649169228481	1.0	1.0	0.604806396994672	0.7041521205770098	0.40521855303514953	1.0	1.0	1.0	1.0	1.0	1.0	0.4076738337198827	0.7347168825662656	0.5085249500227379	0.7455134344225701	0.7300208629885035	0.6404770066578004	1.0	1.0	1.0	0.6786291688147437	1.0	1.0	1.0	1.0
en	1.0	1.0	1.0	0.4805954866802148	0.23742003523005148	0.1803942467853017	0.3054044795750356	1.0	0.20127015554371863	0.2111271643862981	0.4293431445900191	0.3853184616853341	0.24344853417210766	0.3224556661807008	0.2903171768087863	0.3721885220780906	0.4018041326055592	0.6551119756887372	1.0	1.0	1.0	0.2730495618919039	0.3161793848911567	0.23507595051831853	0.27253216648586376	0.3923822139957111	0.25189274752028773	1.0	0.33358899073244785	0.35802637833264106	0.29616558048012553	0.48404021711306294	0.4694647662694477	1.0	0.369888408777218
es	1.0	1.0	1.0	1.0	0.240836300858505	0.14995274320782453	0.4700754255157101	0.20127015554371863	1.0	0.18684492101755393	0.5912384651224017	1.0	0.22418491660996095	0.2544247714525486	0.19070650166262665	0.28655036652021054	0.4747103889483783	1.0	1.0	1.0	1.0	0.1877054703753268	0.20885765265012105	0.17620595941367437	0.2693193504266096	0.236952918316029	0.23619118628057098	1.0	0.5099076895574757	0.28883471511104575	0.4166357518447238	1.0	0.38428637879741473	1.0	0.2380097637188923
fr	1.0	1.0	1.0	0.7690990303325336	0.24060015416403774	0.1716819099452602	0.2776649169228481	0.2111271643862981	0.18684492101755393	1.0	0.3144273773011584	0.6841174893561723	0.278567204113839	0.3511970341113412	0.21415049085144858	0.27942868526716536	0.35886562613592327	0.42489828324440815	1.0	1.0	0.5660160774121898	0.2542177320900561	0.3124289020101558	0.23312500781582066	0.2523601073497456	0.2797254193096967	0.28384051257206366	1.0	0.3720480060916383	0.36527652257767246	0.2689448524274755	0.36615249061790167	0.39573596415307866	1.0	0.4522881505231018
he	0.0	1.0	1.0	1.0	0.3173514907035221	0.336657689418872	1.0	0.4293431445900191	0.5912384651224017	0.3144273773011584	1.0	1.0	0.563274352466313	0.3471178199932587	0.27610545630472316	1.0	0.7263875964832448	1.0	1.0	1.0	1.0	0.3985371830837068	0.689798018050276	0.46101396040327497	0.6908587525207897	1.0	0.472954691928609	1.0	0.7411828468492556	1.0	0.6067253066550435	1.0	1.0	1.0	1.0
hi	1.0	1.0	1.0	1.0	0.36753132736499905	0.7411828468492556	1.0	0.3853184616853341	1.0	0.6841174893561723	1.0	1.0	1.0	0.8055567530094857	0.2902059232052113	1.0	1.0	1.0	1.0	1.0	1.0	0.74551343442257	1.0	0.6087808957371048	1.0	1.0	0.6688083895376623	1.0	0.7455134344225701	1.0	0.6395657813917609	1.0	1.0	0.0	1.0
hu	1.0	1.0	1.0	1.0	0.2992715276942626	0.3963666760407882	0.604806396994672	0.24344853417210766	0.22418491660996095	0.278567204113839	0.563274352466313	1.0	1.0	0.466293938184767	0.24651290347026011	0.4379816176135232	0.5410229996946755	1.0	1.0	1.0	1.0	0.39947325891982083	0.41958539042294796	0.2890695267606687	0.3035722323405649	0.452151683900486	0.4055644394731397	1.0	0.6015606181212966	0.6673649639258982	0.7411828468492555	0.7106922308883378	1.0	1.0	0.4999917956796316
id	1.0	1.0	1.0	1.0	0.2621770683318566	0.31897291972855285	0.7041521205770098	0.3224556661807008	0.2544247714525486	0.3511970341113412	0.3471178199932587	0.8055567530094857	0.466293938184767	1.0	0.2271397001839725	0.45822576770640305	0.46912055580626166	1.0	1.0	1.0	1.0	0.3620524713758429	0.42267654439601726	0.2811771070575313	0.3648852864775785	0.3024621368341648	0.3443105876471726	1.0	0.47788713468750693	0.5370758644477326	0.4049629629684839	1.0	0.6869919214579513	1.0	0.4691393686047468
it	1.0	0.5660160774121898	1.0	0.6987958953943715	0.23886644204942484	0.19402864230094158	0.40521855303514953	0.2903171768087863	0.19070650166262665	0.21415049085144858	0.27610545630472316	0.2902059232052113	0.24651290347026011	0.2271397001839725	1.0	0.23330255321892765	0.25716573706397056	0.5378637555691401	0.5660160774121898	1.0	0.5660160774121898	0.2013568190586966	0.2803801029363614	0.21978755995064336	0.26907997923680965	0.28048423754782126	0.2254992014070608	1.0	0.38193106430545	0.3496000783369813	0.31905506362036323	0.5922272821939708	0.284628914694295	1.0	0.25728930011881196
ja	1.0	1.0	1.0	1.0	0.25573359438970455	0.4191722969338867	1.0	0.3721885220780906	0.28655036652021054	0.27942868526716536	1.0	1.0	0.4379816176135232	0.45822576770640305	0.23330255321892765	1.0	0.635123090729018	1.0	1.0	1.0	1.0	0.3583241165641501	0.6122131884607099	0.27451606638036863	0.4020504026192962	0.6351230907290178	0.30794522028969146	1.0	0.55513090847176	1.0	0.5405103995862096	1.0	1.0	1.0	0.7128329397683222
ko	1.0	1.0	1.0	1.0	0.24835607755623482	0.46117292772536705	1.0	0.4018041326055592	0.4747103889483783	0.35886562613592327	0.7263875964832448	1.0	0.5410229996946755	0.46912055580626166	0.25716573706397056	0.635123090729018	1.0	1.0	1.0	1.0	1.0	0.35027603627874393	0.5659332074262361	0.2470543726116679	0.3897390182315341	0.6370879244183066	0.4466202444126683	1.0	0.5973484481370076	0.7263875964832448	0.5683651424285542	1.0	1.0	1.0	0.7155258672934657
lv	1.0	1.0	1.0	1.0	0.3376921361744683	0.8055567530094857	1.0	0.6551119756887372	1.0	0.42489828324440815	1.0	1.0	1.0	1.0	0.5378637555691401	1.0	1.0	1.0	1.0	1.0	1.0	0.7455134344225701	1.0	0.6863225612388889	1.0	1.0	0.7510341748895938	1.0	0.6391906500312813	1.0	0.7510341748895937	1.0	1.0	1.0	1.0
mk	0.0	1.0	0.0	1.0	1.0	1.0	1.0	1.0	1.0	1.0	1.0	1.0	1.0	1.0	0.5660160774121898	1.0	1.0	1.0	1.0	1.0	1.0	1.0	1.0	0.8216064286890065	1.0	1.0	0.8216064286890065	1.0	0.8216064286890065	1.0	1.0	1.0	1.0	0.0	1.0
ml	1.0	1.0	1.0	0.0	0.5042139125013491	1.0	1.0	1.0	1.0	1.0	1.0	1.0	1.0	1.0	1.0	1.0	1.0	1.0	1.0	1.0	0.0	1.0	1.0	1.0	1.0	1.0	1.0	1.0	1.0	1.0	1.0	1.0	1.0	0.0	1.0
mr	0.0	1.0	0.0	1.0	0.5660160774121898	1.0	1.0	1.0	1.0	0.5660160774121898	1.0	1.0	1.0	1.0	0.5660160774121898	1.0	1.0	1.0	1.0	0.0	1.0	1.0	1.0	1.0	1.0	1.0	1.0	1.0	1.0	1.0	1.0	1.0	1.0	1.0	1.0
nl	1.0	1.0	1.0	1.0	0.24021761157018787	0.25768002992575545	0.4076738337198827	0.2730495618919039	0.1877054703753268	0.2542177320900561	0.3985371830837068	0.74551343442257	0.39947325891982083	0.3620524713758429	0.2013568190586966	0.3583241165641501	0.35027603627874393	0.7455134344225701	1.0	1.0	1.0	1.0	0.2932603284242383	0.23504622150286764	0.2546793124624489	0.33100620157557986	0.24458499272809706	1.0	0.5209818239056736	0.3784661726454922	0.4514167785141655	0.6161562425375515	0.7411828468492556	1.0	0.36660507604965864
pl	1.0	1.0	1.0	1.0	0.24478768200241188	0.2832632719308409	0.7347168825662656	0.3161793848911567	0.20885765265012105	0.3124289020101558	0.689798018050276	1.0	0.41958539042294796	0.42267654439601726	0.2803801029363614	0.6122131884607099	0.5659332074262361	1.0	1.0	1.0	1.0	0.2932603284242383	1.0	0.23912986345595605	0.38937518716992375	0.4198475431561934	0.3123507791709689	1.0	0.6016441419741769	0.5828763145002701	0.42933878219425825	1.0	1.0	1.0	0.6102470946685322
pt	1.0	0.8216064286890065	1.0	0.4695960115558277	0.2152554508759317	0.17705658996232612	0.5085249500227379	0.23507595051831853	0.17620595941367437	0.23312500781582066	0.46101396040327497	0.6087808957371048	0.2890695267606687	0.2811771070575313	0.21978755995064336	0.27451606638036863	0.2470543726116679	0.6863225612388889	0.8216064286890065	1.0	1.0	0.23504622150286764	0.23912986345595605	1.0	0.38197532225269326	0.29462992880914396	0.25144229136371227	1.0	0.40989361332413976	0.2865205678049349	0.25382670845219735	0.5795892303162927	0.5559308020733083	1.0	0.3116687721923405
ro	1.0	1.0	1.0	0.4695960115558277	0.2775292315321866	0.39946365836387104	0.7455134344225701	0.27253216648586376	0.2693193504266096	0.2523601073497456	0.6908587525207897	1.0	0.3035722323405649	0.3648852864775785	0.26907997923680965	0.4020504026192962	0.3897390182315341	1.0	1.0	1.0	1.0	0.2546793124624489	0.38937518716992375	0.38197532225269326	1.0	0.3800513697597923	0.37279320291409734	1.0	0.5875312393961631	0.4020530950957653	0.39399307804871736	1.0	1.0	1.0	0.4000997612874393
ru	1.0	1.0	0.0	1.0	0.23999506832084513	0.22930392267504807	0.7300208629885035	0.3923822139957111	0.236952918316029	0.2797254193096967	1.0	1.0	0.452151683900486	0.3024621368341648	0.28048423754782126	0.6351230907290178	0.6370879244183066	1.0	1.0	1.0	1.0	0.33100620157557986	0.4198475431561934	0.29462992880914396	0.3800513697597923	1.0	0.3797689796610215	1.0	0.5973484481370076	1.0	0.4065291555443953	1.0	1.0	1.0	0.7147973711694584
sh	1.0	0.8216064286890065	1.0	1.0	0.2781130666267657	0.3035890487620051	0.6404770066578004	0.25189274752028773	0.23619118628057098	0.28384051257206366	0.472954691928609	0.6688083895376623	0.4055644394731397	0.3443105876471726	0.2254992014070608	0.30794522028969146	0.4466202444126683	0.7510341748895938	0.8216064286890065	1.0	1.0	0.24458499272809706	0.3123507791709689	0.25144229136371227	0.37279320291409734	0.3797689796610215	1.0	1.0	0.6629616553426371	0.42891703894899585	0.5087077352196281	0.5333920023538516	0.6239725949460845	1.0	0.36519807877092997
si	0.0	0.0	0.0	1.0	1.0	1.0	1.0	1.0	1.0	1.0	1.0	1.0	1.0	1.0	1.0	1.0	1.0	1.0	1.0	1.0	1.0	1.0	1.0	1.0	1.0	1.0	1.0	1.0	1.0	1.0	1.0	1.0	1.0	1.0	1.0
simple	1.0	0.8216064286890065	1.0	1.0	0.28810071165435525	0.5571205497468956	1.0	0.33358899073244785	0.5099076895574757	0.3720480060916383	0.7411828468492556	0.7455134344225701	0.6015606181212966	0.47788713468750693	0.38193106430545	0.55513090847176	0.5973484481370076	0.6391906500312813	0.8216064286890065	1.0	1.0	0.5209818239056736	0.6016441419741769	0.40989361332413976	0.5875312393961631	0.5973484481370076	0.6629616553426371	1.0	1.0	0.6333404237489202	0.5512833169475525	0.41055547717987523	0.7455134344225701	1.0	0.6016441419741769
sr	1.0	1.0	1.0	1.0	0.28453746931986396	0.41128678484752906	1.0	0.35802637833264106	0.28883471511104575	0.36527652257767246	1.0	1.0	0.6673649639258982	0.5370758644477326	0.3496000783369813	1.0	0.7263875964832448	1.0	1.0	1.0	1.0	0.3784661726454922	0.5828763145002701	0.2865205678049349	0.4020530950957653	1.0	0.42891703894899585	1.0	0.6333404237489202	1.0	0.6505522366750781	1.0	1.0	1.0	1.0
sv	1.0	1.0	1.0	1.0	0.24384031764671768	0.36914079535952615	0.6786291688147437	0.29616558048012553	0.4166357518447238	0.2689448524274755	0.6067253066550435	0.6395657813917609	0.7411828468492555	0.4049629629684839	0.31905506362036323	0.5405103995862096	0.5683651424285542	0.7510341748895937	1.0	1.0	1.0	0.4514167785141655	0.42933878219425825	0.25382670845219735	0.39399307804871736	0.4065291555443953	0.5087077352196281	1.0	0.5512833169475525	0.6505522366750781	1.0	0.7347168825662657	1.0	1.0	0.519963775316277
te	0.0	0.7584325078215763	1.0	1.0	1.0	0.7347168825662656	1.0	0.48404021711306294	1.0	0.36615249061790167	1.0	1.0	0.7106922308883378	1.0	0.5922272821939708	1.0	1.0	1.0	1.0	1.0	1.0	0.6161562425375515	1.0	0.5795892303162927	1.0	1.0	0.5333920023538516	1.0	0.41055547717987523	1.0	0.7347168825662657	1.0	1.0	1.0	1.0
vi	1.0	1.0	1.0	1.0	0.3648316208451335	0.516948484400494	1.0	0.4694647662694477	0.38428637879741473	0.39573596415307866	1.0	1.0	1.0	0.6869919214579513	0.284628914694295	1.0	1.0	1.0	1.0	1.0	1.0	0.7411828468492556	1.0	0.5559308020733083	1.0	1.0	0.6239725949460845	1.0	0.7455134344225701	1.0	1.0	1.0	1.0	1.0	1.0
war	0.0	0.0	0.0	0.0	1.0	1.0	1.0	1.0	1.0	1.0	1.0	0.0	1.0	1.0	1.0	1.0	1.0	1.0	0.0	0.0	1.0	1.0	1.0	1.0	1.0	1.0	1.0	1.0	1.0	1.0	1.0	1.0	1.0	1.0	0.0
zh	1.0	1.0	1.0	1.0	0.2585094303218352	0.4226605611390265	1.0	0.369888408777218	0.2380097637188923	0.4522881505231018	1.0	1.0	0.4999917956796316	0.4691393686047468	0.25728930011881196	0.7128329397683222	0.7155258672934657	1.0	1.0	1.0	1.0	0.36660507604965864	0.6102470946685322	0.3116687721923405	0.4000997612874393	0.7147973711694584	0.36519807877092997	1.0	0.6016441419741769	1.0	0.519963775316277	1.0	1.0	0.0	1.0
