arz	bs	ceb	ckb	da	de	el	en	es	fr	he	hi	hu	id	it	ja	ko	lv	mk	ml	mr	nl	pl	pt	ro	ru	sh	si	simple	sr	sv	te	vi	war	zh
arz	1.0	0.0	0.0	0.0	1.0	1.0	1.0	1.0	1.0	1.0	1.0	1.0	1.0	1.0	1.0	1.0	1.0	1.0	0.0	1.0	0.0	1.0	1.0	1.0	1.0	1.0	1.0	0.0	1.0	1.0	1.0	0.0	1.0	0.0	1.0
bs	0.0	1.0	1.0	1.0	0.7376607345031153	0.6692171576121931	1.0	0.7744097047377118	0.7763354016084122	0.7763354016084122	0.7865377663035592	1.0	0.7865377663035592	0.649329626804154	1.0	1.0	0.7347168825662656	1.0	1.0	1.0	1.0	0.7744097047377118	0.6468909830471344	0.728099120889861	0.7322034805959263	0.7234532828151787	0.648714720091063	1.0	0.7411828468492555	0.7347168825662656	0.728099120889861	0.0	1.0	1.0	0.7784614227396944
ceb	0.0	1.0	1.0	0.0	0.0	1.0	1.0	1.0	1.0	1.0	1.0	0.0	0.0	1.0	1.0	1.0	1.0	0.0	0.0	0.0	0.0	1.0	1.0	1.0	1.0	1.0	0.0	0.0	0.0	1.0	1.0	0.0	1.0	0.0	1.0
ckb	0.0	1.0	0.0	1.0	1.0	1.0	1.0	1.0	1.0	1.0	1.0	1.0	1.0	1.0	1.0	1.0	1.0	1.0	1.0	1.0	1.0	1.0	1.0	1.0	1.0	1.0	1.0	1.0	1.0	1.0	1.0	0.0	1.0	1.0	1.0
da	1.0	0.7376607345031153	0.0	1.0	1.0	0.3419592050415748	1.0	0.6298101507615228	0.6301405350415427	0.5139078216899438	0.7171176902274347	1.0	0.7199285383279772	0.5913014301053446	0.6314395498907666	0.7128329397683222	0.7141080454298697	1.0	1.0	1.0	1.0	0.6309911181581389	1.0	0.6314395498907666	0.7210092110599263	0.7096516635440986	1.0	1.0	1.0	1.0	0.5827688405824412	0.0	0.7199285383279772	1.0	0.7141080454298698
de	1.0	0.6692171576121931	1.0	1.0	0.3419592050415748	1.0	0.7141080454298697	0.22399047261424476	0.24495904198393145	0.28852177338203916	0.6274491802528728	1.0	0.7106212328351246	0.47409959339775287	0.354453828371375	0.33155704348259496	0.594754394562078	1.0	1.0	0.728099120889861	1.0	0.3040762188992689	0.3065834074932986	0.28698228235415824	0.3639170660876937	0.29346459613119963	0.6703195394517615	1.0	1.0	0.37028048750783454	0.28172007023555384	1.0	0.6347195024507913	0.7690990303325336	0.6249738127342561
el	1.0	1.0	1.0	1.0	1.0	0.7141080454298697	1.0	0.6347195024507913	0.7116768074483946	1.0	1.0	1.0	1.0	0.5850722921121674	1.0	1.0	1.0	1.0	1.0	1.0	1.0	1.0	1.0	1.0	1.0	1.0	1.0	1.0	1.0	1.0	1.0	0.0	1.0	0.7690990303325336	1.0
en	1.0	0.7744097047377118	1.0	1.0	0.6298101507615228	0.22399047261424476	0.6347195024507913	1.0	0.27256187732083637	0.27616067872515243	0.6997218429280764	1.0	0.580683566118553	0.37693780627418133	0.24545139398484625	0.37381767439009406	0.4608280655745812	1.0	1.0	1.0	1.0	0.34284106240759915	0.3938546785326903	0.31027285501555485	0.6286004117481453	0.38159173202252644	0.6092216265418279	1.0	1.0	1.0	0.3576776846845416	1.0	0.5829952287296839	0.7690990303325336	0.42959246406178375
es	1.0	0.7763354016084122	1.0	1.0	0.6301405350415427	0.24495904198393145	0.7116768074483946	0.27256187732083637	1.0	0.35061874585084274	0.7034032621820071	1.0	0.7087564131141618	0.4845711830306401	0.3772387087264878	0.5148517597465935	0.49969953596304706	1.0	1.0	1.0	1.0	0.4001542239090882	0.40096134042376774	0.3392017089778124	1.0	0.4181540306778544	0.5858104530884553	1.0	0.7122412578101112	0.708333613085342	0.6233660873679591	1.0	1.0	0.7690990303325336	0.5414537053038786
fr	1.0	0.7763354016084122	1.0	1.0	0.5139078216899438	0.28852177338203916	1.0	0.27616067872515243	0.35061874585084274	1.0	0.5829952287296839	0.6532002319725722	0.6314395498907666	0.4436440636441439	0.3697074894209644	0.526900218612479	0.5874125808845663	1.0	1.0	1.0	1.0	0.4262641710312638	0.5661275098604717	0.37670671329928546	0.7101264857596846	0.6182660505431201	0.6414463581614512	1.0	0.7101264857596847	1.0	0.5735795765733597	1.0	1.0	0.7690990303325336	0.6217828714482422
he	1.0	0.7865377663035592	1.0	1.0	0.7171176902274347	0.6274491802528728	1.0	0.6997218429280764	0.7034032621820071	0.5829952287296839	1.0	1.0	1.0	0.7101264857596847	1.0	1.0	1.0	1.0	1.0	1.0	1.0	1.0	1.0	0.6322610359138847	1.0	1.0	0.7221793916855702	1.0	1.0	1.0	1.0	0.0	1.0	1.0	1.0
hi	1.0	1.0	0.0	1.0	1.0	1.0	1.0	1.0	1.0	0.6532002319725722	1.0	1.0	1.0	0.728099120889861	1.0	1.0	1.0	1.0	1.0	1.0	1.0	1.0	1.0	1.0	1.0	1.0	1.0	1.0	1.0	1.0	1.0	0.0	1.0	1.0	1.0
hu	1.0	0.7865377663035592	0.0	1.0	0.7199285383279772	0.7106212328351246	1.0	0.580683566118553	0.7087564131141618	0.6314395498907666	1.0	1.0	1.0	0.5570988795109544	0.7101264857596848	1.0	0.7134542832283587	1.0	1.0	1.0	1.0	1.0	0.7122412578101113	0.5863912357609072	1.0	1.0	0.7221793916855702	1.0	1.0	1.0	1.0	0.0	1.0	0.7690990303325336	1.0
id	1.0	0.649329626804154	1.0	1.0	0.5913014301053446	0.47409959339775287	0.5850722921121674	0.37693780627418133	0.4845711830306401	0.4436440636441439	0.7101264857596847	0.728099120889861	0.5570988795109544	1.0	0.485545605301968	0.526302273657504	0.6052823035263593	1.0	1.0	1.0	1.0	0.4609869401558282	0.4977705429800758	0.48417394522880725	0.6452450558286368	0.4920684873293337	0.590858427016544	1.0	1.0	0.7122412578101113	0.5263022736575041	0.0	1.0	0.7690990303325336	0.553512644862472
it	1.0	1.0	1.0	1.0	0.6314395498907666	0.354453828371375	1.0	0.24545139398484625	0.3772387087264878	0.3697074894209644	1.0	1.0	0.7101264857596848	0.485545605301968	1.0	0.5507404569775973	0.5269168645182709	1.0	1.0	1.0	1.0	0.5157392776793577	0.48781842545443993	0.37462391410159906	1.0	0.4918731114555489	1.0	1.0	0.5583030632517165	1.0	0.5034021515331635	1.0	1.0	0.7690990303325336	0.7010721865942466
ja	1.0	1.0	1.0	1.0	0.7128329397683222	0.33155704348259496	1.0	0.37381767439009406	0.5148517597465935	0.526900218612479	1.0	1.0	1.0	0.526302273657504	0.5507404569775973	1.0	1.0	1.0	1.0	1.0	1.0	0.6247292497053567	0.7017153257436494	0.5451988153818977	0.7134542832283588	1.0	0.7179915061657697	1.0	1.0	1.0	1.0	1.0	1.0	0.7690990303325336	1.0
ko	1.0	0.7347168825662656	1.0	1.0	0.7141080454298697	0.594754394562078	1.0	0.4608280655745812	0.49969953596304706	0.5874125808845663	1.0	1.0	0.7134542832283587	0.6052823035263593	0.5269168645182709	1.0	1.0	1.0	1.0	1.0	1.0	0.7039424865283904	1.0	0.5242846626758859	0.7147973711694584	1.0	0.6516104242389319	1.0	1.0	1.0	1.0	1.0	1.0	0.7690990303325336	1.0
lv	1.0	1.0	0.0	1.0	1.0	1.0	1.0	1.0	1.0	1.0	1.0	1.0	1.0	1.0	1.0	1.0	1.0	1.0	1.0	1.0	1.0	1.0	1.0	1.0	1.0	1.0	1.0	1.0	1.0	1.0	1.0	0.0	1.0	0.7690990303325336	1.0
mk	0.0	1.0	0.0	1.0	1.0	1.0	1.0	1.0	1.0	1.0	1.0	1.0	1.0	1.0	1.0	1.0	1.0	1.0	1.0	1.0	1.0	1.0	1.0	1.0	1.0	1.0	1.0	1.0	1.0	1.0	1.0	0.0	1.0	1.0	1.0
ml	1.0	1.0	0.0	1.0	1.0	0.728099120889861	1.0	1.0	1.0	1.0	1.0	1.0	1.0	1.0	1.0	1.0	1.0	1.0	1.0	1.0	1.0	1.0	1.0	1.0	1.0	1.0	1.0	1.0	1.0	1.0	1.0	0.0	1.0	1.0	1.0
mr	0.0	1.0	0.0	1.0	1.0	1.0	1.0	1.0	1.0	1.0	1.0	1.0	1.0	1.0	1.0	1.0	1.0	1.0	1.0	1.0	1.0	1.0	1.0	1.0	1.0	1.0	1.0	1.0	1.0	1.0	1.0	0.0	1.0	1.0	1.0
nl	1.0	0.7744097047377118	1.0	1.0	0.6309911181581389	0.3040762188992689	1.0	0.34284106240759915	0.4001542239090882	0.4262641710312638	1.0	1.0	1.0	0.4609869401558282	0.5157392776793577	0.6247292497053567	0.7039424865283904	1.0	1.0	1.0	1.0	1.0	0.5391771394351226	0.5376573255073187	0.7116768074483945	0.45474403421492704	0.6432357517002909	1.0	1.0	1.0	0.6230165187498616	0.0	0.7111374370280843	0.7690990303325336	0.6268516359385987
pl	1.0	0.6468909830471344	1.0	1.0	1.0	0.3065834074932986	1.0	0.3938546785326903	0.40096134042376774	0.5661275098604717	1.0	1.0	0.7122412578101113	0.4977705429800758	0.48781842545443993	0.7017153257436494	1.0	1.0	1.0	1.0	1.0	0.5391771394351226	1.0	0.4878184254544394	0.7106212328351247	0.621246451342743	0.6141117209627542	1.0	1.0	1.0	0.5754652238172308	1.0	1.0	0.7690990303325336	0.7019395434758625
pt	1.0	0.728099120889861	1.0	1.0	0.6314395498907666	0.28698228235415824	1.0	0.31027285501555485	0.3392017089778124	0.37670671329928546	0.6322610359138847	1.0	0.5863912357609072	0.48417394522880725	0.37462391410159906	0.5451988153818977	0.5242846626758859	1.0	1.0	1.0	1.0	0.5376573255073187	0.4878184254544394	1.0	0.7122412578101113	0.4346701076481664	0.6432357517002909	1.0	0.7141080454298697	0.6370562647493824	0.5122820897034022	1.0	1.0	0.7690990303325336	0.4741923275052597
ro	1.0	0.7322034805959263	1.0	1.0	0.7210092110599263	0.3639170660876937	1.0	0.6286004117481453	1.0	0.7101264857596846	1.0	1.0	1.0	0.6452450558286368	1.0	0.7134542832283588	0.7147973711694584	1.0	1.0	1.0	1.0	0.7116768074483945	0.7106212328351247	0.7122412578101113	1.0	0.7096516635440986	0.6400244067671339	1.0	1.0	0.7179915061657697	0.7134542832283586	1.0	1.0	0.7690990303325336	1.0
ru	1.0	0.7234532828151787	1.0	1.0	0.7096516635440986	0.29346459613119963	1.0	0.38159173202252644	0.4181540306778544	0.6182660505431201	1.0	1.0	1.0	0.4920684873293337	0.4918731114555489	1.0	1.0	1.0	1.0	1.0	1.0	0.45474403421492704	0.621246451342743	0.4346701076481664	0.7096516635440986	1.0	0.6406217872018793	1.0	0.7128329397683224	1.0	0.5776443487076616	1.0	1.0	0.7690990303325336	1.0
sh	1.0	0.648714720091063	0.0	1.0	1.0	0.6703195394517615	1.0	0.6092216265418279	0.5858104530884553	0.6414463581614512	0.7221793916855702	1.0	0.7221793916855702	0.590858427016544	1.0	0.7179915061657697	0.6516104242389319	1.0	1.0	1.0	1.0	0.6432357517002909	0.6141117209627542	0.6432357517002909	0.6400244067671339	0.6406217872018793	1.0	1.0	1.0	0.6475250169846577	0.7141080454298697	0.0	0.7248485669756152	0.7690990303325336	0.6487871090048528
si	0.0	1.0	0.0	1.0	1.0	1.0	1.0	1.0	1.0	1.0	1.0	1.0	1.0	1.0	1.0	1.0	1.0	1.0	1.0	1.0	1.0	1.0	1.0	1.0	1.0	1.0	1.0	1.0	1.0	1.0	1.0	0.0	1.0	1.0	1.0
simple	1.0	0.7411828468492555	0.0	1.0	1.0	1.0	1.0	1.0	0.7122412578101112	0.7101264857596847	1.0	1.0	1.0	1.0	0.5583030632517165	1.0	1.0	1.0	1.0	1.0	1.0	1.0	1.0	0.7141080454298697	1.0	0.7128329397683224	1.0	1.0	1.0	1.0	0.718925811717485	0.0	1.0	1.0	1.0
sr	1.0	0.7347168825662656	1.0	1.0	1.0	0.37028048750783454	1.0	1.0	0.708333613085342	1.0	1.0	1.0	1.0	0.7122412578101113	1.0	1.0	1.0	1.0	1.0	1.0	1.0	1.0	1.0	0.6370562647493824	0.7179915061657697	1.0	0.6475250169846577	1.0	1.0	1.0	1.0	1.0	1.0	0.7690990303325336	1.0
sv	1.0	0.728099120889861	1.0	1.0	0.5827688405824412	0.28172007023555384	1.0	0.3576776846845416	0.6233660873679591	0.5735795765733597	1.0	1.0	1.0	0.5263022736575041	0.5034021515331635	1.0	1.0	1.0	1.0	1.0	1.0	0.6230165187498616	0.5754652238172308	0.5122820897034022	0.7134542832283586	0.5776443487076616	0.7141080454298697	1.0	0.718925811717485	1.0	1.0	1.0	1.0	0.7690990303325336	1.0
te	0.0	0.0	0.0	0.0	0.0	1.0	0.0	1.0	1.0	1.0	0.0	0.0	0.0	0.0	1.0	1.0	1.0	0.0	0.0	0.0	0.0	0.0	1.0	1.0	1.0	1.0	0.0	0.0	0.0	1.0	1.0	1.0	0.0	0.0	1.0
vi	1.0	1.0	1.0	1.0	0.7199285383279772	0.6347195024507913	1.0	0.5829952287296839	1.0	1.0	1.0	1.0	1.0	1.0	1.0	1.0	1.0	1.0	1.0	1.0	1.0	0.7111374370280843	1.0	1.0	1.0	1.0	0.7248485669756152	1.0	1.0	1.0	1.0	0.0	1.0	0.7690990303325336	1.0
war	0.0	1.0	0.0	1.0	1.0	0.7690990303325336	0.7690990303325336	0.7690990303325336	0.7690990303325336	0.7690990303325336	1.0	1.0	0.7690990303325336	0.7690990303325336	0.7690990303325336	0.7690990303325336	0.7690990303325336	0.7690990303325336	1.0	1.0	1.0	0.7690990303325336	0.7690990303325336	0.7690990303325336	0.7690990303325336	0.7690990303325336	0.7690990303325336	1.0	1.0	0.7690990303325336	0.7690990303325336	0.0	0.7690990303325336	1.0	0.7690990303325336
zh	1.0	0.7784614227396944	1.0	1.0	0.7141080454298698	0.6249738127342561	1.0	0.42959246406178375	0.5414537053038786	0.6217828714482422	1.0	1.0	1.0	0.553512644862472	0.7010721865942466	1.0	1.0	1.0	1.0	1.0	1.0	0.6268516359385987	0.7019395434758625	0.4741923275052597	1.0	1.0	0.6487871090048528	1.0	1.0	1.0	1.0	1.0	1.0	0.7690990303325336	1.0
