arz	bs	ceb	ckb	da	de	el	en	es	fr	he	hi	hu	id	it	ja	ko	lv	mk	ml	mr	nl	pl	pt	ro	ru	sh	si	simple	sr	sv	te	tr	vi	war	zh
arz	1.0	0.9317773997816338	0.8302683478378655	1.0	0.9183819534172675	0.8634663145387093	1.0	0.7843986778632183	0.7208129244890839	0.7839547157525352	1.0	1.0	0.5992778915355229	0.8583491796746876	0.917255290900372	1.0	1.0	0.5718591334705599	1.0	1.0	1.0	0.8395968298224891	0.8894713840419393	0.40653295780618925	0.9152906926421888	1.0	0.3050737082455353	1.0	0.8892555502252293	1.0	0.7644894375068559	1.0	1.0	0.7980236826787944	1.0	0.41715274718679807
bs	0.9317773997816338	1.0	0.7588346975542105	0.8385467779182731	0.7619359154354992	0.7266694034538158	0.8385467779182731	0.6362584998578208	0.6502573200080735	0.6402077912557798	0.8385467779182731	0.8396809663865693	0.43441359498766924	0.7296129173561028	0.8041492864007712	0.8385467779182731	0.8385467779182731	0.560862147967303	0.8385467779182731	0.8385467779182731	0.8385467779182731	0.7963920314436024	0.7602845900195816	0.3314123805520767	0.7647127082206258	0.8385467779182731	0.32359724869304496	0.8973710504559425	0.8008150619227071	0.8385467779182731	0.6836070968654638	0.8547634830738434	0.37622097654728265	0.6835367543387874	0.43673129130807153	0.24640704339456532
ceb	0.8302683478378655	0.7588346975542105	1.0	0.7949886826153106	0.7405507829038758	0.7072822947169591	0.792318771384798	0.6174061717315316	0.6409411151979749	0.622287049371882	0.7935889436557163	0.7967691069839087	0.42939273996298977	0.7060506187978193	0.773364021995206	0.792318771384798	0.792318771384798	0.558338144778341	0.7949886826153106	0.7949886826153107	0.7949886826153107	0.7672336435088342	0.7316806902343285	0.33378253750374287	0.7382210163864317	0.792318771384798	0.3257825609699433	0.8177779400921067	0.7618572533111453	0.7935889436557163	0.663657385348108	0.8017052017727144	-1.0	0.6649188188591193	0.44785175523396176	0.24490842886721334
ckb	1.0	0.8385467779182731	0.7949886826153106	1.0	0.8055587419473759	0.7568524535375473	1.0	0.6509497713825682	0.6683156679895235	0.6569292020107245	1.0	1.0	0.43724130369690073	0.7588706535352433	0.8768367055083249	1.0	1.0	0.5686202097063308	1.0	1.0	1.0	0.8590389253579633	0.797755589716248	0.3322523588460289	0.8051336016886014	1.0	0.324164093724497	1.0	0.8590643878914628	1.0	0.7038974453641729	1.0	1.0	0.7030584379726333	0.4389410670401362	0.24646618160399691
da	0.9183819534172675	0.7619359154354992	0.7405507829038758	0.8055587419473759	1.0	0.7168273174014873	0.8042585649079222	0.6251143204676463	0.6434495316062302	0.6299548794738856	0.8042585649079222	0.8062934920408283	0.4335590169248124	0.7080265221959735	0.7786584547036661	0.8042585649079222	0.8042585649079221	0.558924814891264	0.8055587419473756	0.8055587419473756	0.8055587419473756	0.7729525604974317	0.7428792164647565	0.3312325784415488	0.7438418318112516	0.8042585649079222	0.3228334304059385	0.8612011185828845	0.7722688114206506	0.8042585649079222	0.6718447880870917	0.8129751946436174	0.4852126926435796	0.672754651838368	0.43728479996674985	0.24654406243181198
de	0.8634663145387093	0.7266694034538158	0.7072822947169591	0.7568524535375473	0.7168273174014873	1.0	0.7521227357456836	0.6060524667913592	0.62105060067034	0.6103292067580973	0.7562440679385115	0.7595540022004067	0.4201315307306671	0.6784431900981556	0.7422898547455902	0.7539746266581915	0.7507675217521241	0.5521162901047926	0.7568524535375473	0.7568524535375473	0.7568524535375475	0.7339126775724195	0.7101526416301317	0.32942386910838173	0.7098044585516553	0.7531548504668062	0.32097593222126103	0.8210196088220938	0.7346616568275199	0.7562440679385114	0.6459793923205849	0.7742102860539366	0.3195120776604474	0.6477942674947079	0.42896866930408106	0.24347550780295102
el	1.0	0.8385467779182731	0.792318771384798	1.0	0.8042585649079222	0.7521227357456836	1.0	0.6413749823095681	0.661469621337993	0.6464235662038239	1.0	1.0	0.4309063896776294	0.7538752436954137	0.8759377172745673	1.0	1.0	0.5686202097063308	1.0	1.0	1.0	0.8587739151954842	0.7955905992639505	0.3332849082101601	0.8030298061609384	1.0	0.324164093724497	1.0	0.8582939615314081	1.0	0.695969374012603	1.0	0.7510341748895939	0.7001004462296436	0.4389410670401362	0.24471029564590405
en	0.7843986778632183	0.6362584998578208	0.6174061717315316	0.6509497713825682	0.6251143204676463	0.6060524667913592	0.6413749823095681	1.0	0.5682058072213283	0.5482293950366619	0.6474042408691986	0.6530826164845137	0.41061392481535086	0.6074095557565439	0.6393997707786435	0.642377012100269	0.633506119247085	0.5177180466249977	0.6509497713825683	0.6509497713825683	0.6509497713825683	0.6422774212248511	0.6197963932839007	0.32357802890733567	0.6249958926818074	0.6427941955892509	0.31529118585086235	0.7278801679812709	0.6369132863052365	0.6474042408691986	0.5784306594029155	0.6670240072233338	0.265351217637635	0.5880360685395102	0.4190406530361083	0.24382704306984798
es	0.7208129244890839	0.6502573200080735	0.6409411151979749	0.6683156679895235	0.6434495316062302	0.62105060067034	0.661469621337993	0.5682058072213283	1.0	0.5764359505333471	0.6675343714164005	0.6685763241942267	0.41421878728487593	0.6226810019860526	0.6574552320324831	0.6657699135814488	0.6604193183196865	0.5275202024993431	0.6683156679895235	0.6683156679895235	0.6683156679895235	0.6571937189660214	0.6385676698288365	0.32692640020707564	0.6446718744193056	0.6644258789463984	0.31625431465160053	0.7481899381051742	0.652683777560945	0.6675343714164005	0.5950653807150771	0.6863919285908663	0.31913195965377766	0.6021206120112248	0.42241390160254355	0.24291166145912332
fr	0.7839547157525352	0.6402077912557798	0.622287049371882	0.6569292020107245	0.6299548794738856	0.6103292067580973	0.6464235662038239	0.5482293950366619	0.5764359505333471	1.0	0.6554364463451976	0.6578875421268233	0.4123592194776275	0.6064541743457051	0.6484885755265711	0.6487995367562871	0.6408606206907191	0.5236007807170835	0.6569292020107245	0.6569292020107245	0.6569292020107245	0.6466273954652592	0.6305028205018942	0.3255909158249757	0.6303410799972773	0.6488345322115295	0.3184622211065202	0.7272176774690845	0.6388089357891955	0.6554364463451976	0.5790589398669918	0.674186391068785	0.18999166398609532	0.5939226278281504	0.41985722600761366	0.24434331361960912
he	1.0	0.8385467779182731	0.7935889436557163	1.0	0.8042585649079222	0.7562440679385115	1.0	0.6474042408691986	0.6675343714164005	0.6554364463451976	1.0	1.0	0.4341539602648166	0.7580580097426844	0.8759377172745673	1.0	1.0	0.5686202097063308	1.0	1.0	1.0	0.8590389253579633	0.7975689317731723	0.3326493705739956	0.8042968329308624	1.0	0.324164093724497	1.0	0.8589459506199084	1.0	0.702459816763229	1.0	0.74551343442257	0.7032147337173839	0.4389410670401362	0.24503240946475943
hi	1.0	0.8396809663865693	0.7967691069839087	1.0	0.8062934920408283	0.7595540022004067	1.0	0.6530826164845137	0.6685763241942267	0.6578875421268233	1.0	1.0	0.44176601386726544	0.7625626460582435	0.8789076326682208	1.0	1.0	0.5729269604867265	1.0	1.0	1.0	0.8618665066416588	0.7997926630134481	0.33327831885814974	0.8070256632761873	1.0	0.3273645695107738	1.0	0.8605249699170789	1.0	0.7090684263561832	1.0	0.74551343442257	0.7056373178765234	0.43949861303052307	0.24907829567874584
hu	0.5992778915355229	0.43441359498766924	0.42939273996298977	0.43724130369690073	0.4335590169248124	0.4201315307306671	0.4309063896776294	0.41061392481535086	0.41421878728487593	0.4123592194776275	0.4341539602648166	0.44176601386726544	1.0	0.42484615918001584	0.4324332379770977	0.43291021278452585	0.4286592931763753	0.400589661532972	0.43724130369690073	0.43724130369690073	0.43724130369690073	0.43526685598794396	0.42665091698066154	0.29808638661637565	0.427437364431382	0.431538314957377	0.2933578947354594	0.5414805603267767	0.4323812248694062	0.4341539602648166	0.4156033744485087	0.4580166701120146	0.7510341748895938	0.4260832980794026	0.3557211528958965	0.23195967204749204
id	0.8583491796746876	0.7296129173561028	0.7060506187978193	0.7588706535352433	0.7080265221959735	0.6784431900981556	0.7538752436954137	0.6074095557565439	0.6226810019860526	0.6064541743457051	0.7580580097426844	0.7625626460582435	0.42484615918001584	1.0	0.7417371286757442	0.7556091504943121	0.7501381152906529	0.550119709395676	0.7588706535352433	0.7588706535352433	0.7588706535352433	0.7332856270641633	0.7077513238054903	0.3316076955835623	0.7133932284134763	0.7553827182166272	0.3224929930875969	0.839421822920315	0.7384541750425295	0.7580580097426844	0.6481732329023023	0.7715007273108719	0.3722661898659107	0.6560990091846134	0.4289496220097332	0.24302337493889897
it	0.917255290900372	0.8041492864007712	0.773364021995206	0.8768367055083249	0.7786584547036661	0.7422898547455902	0.8759377172745673	0.6393997707786435	0.6574552320324831	0.6484885755265711	0.8759377172745673	0.8789076326682208	0.4324332379770977	0.7417371286757442	1.0	0.8752724601453942	0.8752724601453942	0.5662418783348001	0.8768367055083249	0.8768367055083249	0.8768367055083249	0.8219738398277665	0.7751602253401623	0.3323237318017431	0.7831030846052263	0.8759377172745673	0.3235822292947753	0.9326850706449596	0.8238437753006056	0.8759377172745673	0.6909200540197966	0.884515063310201	0.32052422797579894	0.6892962454525638	0.4385497100565937	0.24397588032756196
ja	1.0	0.8385467779182731	0.792318771384798	1.0	0.8042585649079222	0.7539746266581915	1.0	0.642377012100269	0.6657699135814488	0.6487995367562871	1.0	1.0	0.43291021278452585	0.7556091504943121	0.8752724601453942	1.0	1.0	0.5686202097063308	1.0	1.0	1.0	0.8587739151954841	0.7955905992639506	0.3332849082101601	0.8035339349953776	1.0	0.324164093724497	1.0	0.8582939615314081	1.0	0.6978894250380048	1.0	0.40646616499741706	0.7001004462296436	0.4389410670401362	0.24655761653650327
ko	1.0	0.8385467779182731	0.792318771384798	1.0	0.8042585649079221	0.7507675217521241	1.0	0.633506119247085	0.6604193183196865	0.6408606206907191	1.0	1.0	0.4286592931763753	0.7501381152906529	0.8752724601453942	1.0	1.0	0.5686202097063308	1.0	1.0	1.0	0.8587739151954841	0.7955905992639506	0.33209186982292466	0.8030298061609382	1.0	0.324164093724497	1.0	0.8582939615314082	1.0	0.6911892917033089	1.0	0.6357637595949256	0.7001004462296436	0.4389410670401362	0.24446694693894452
lv	0.5718591334705599	0.560862147967303	0.558338144778341	0.5686202097063308	0.558924814891264	0.5521162901047926	0.5686202097063308	0.5177180466249977	0.5275202024993431	0.5236007807170835	0.5686202097063308	0.5729269604867265	0.400589661532972	0.550119709395676	0.5662418783348001	0.5686202097063308	0.5686202097063308	1.0	0.5686202097063308	0.5686202097063308	0.5686202097063308	0.5609115239358189	0.5575967955959106	0.31860731687868055	0.5582990084225662	0.5686202097063308	0.3087517230602019	0.6708577988922318	0.5628516554962669	0.5686202097063308	0.5319592628790637	0.5886303717573188	0.5912495548068388	0.5335353538993615	0.40228880863748123	0.2413166552110244
mk	1.0	0.8385467779182731	0.7949886826153106	1.0	0.8055587419473756	0.7568524535375473	1.0	0.6509497713825683	0.6683156679895235	0.6569292020107245	1.0	1.0	0.43724130369690073	0.7588706535352433	0.8768367055083249	1.0	1.0	0.5686202097063308	1.0	1.0	1.0	0.8590389253579633	0.797755589716248	0.3322523588460289	0.8051336016886014	1.0	0.324164093724497	1.0	0.8590643878914628	1.0	0.7038974453641729	1.0	0.7510341748895938	0.7030584379726332	0.4389410670401362	0.24646618160399691
ml	1.0	0.8385467779182731	0.7949886826153107	1.0	0.8055587419473756	0.7568524535375473	1.0	0.6509497713825683	0.6683156679895235	0.6569292020107245	1.0	1.0	0.43724130369690073	0.7588706535352433	0.8768367055083249	1.0	1.0	0.5686202097063308	1.0	1.0	1.0	0.8590389253579633	0.797755589716248	0.3322523588460289	0.8051336016886014	1.0	0.324164093724497	1.0	0.8590643878914628	1.0	0.7038974453641728	1.0	0.672544634904323	0.7030584379726332	0.4389410670401362	0.24646618160399691
mr	1.0	0.8385467779182731	0.7949886826153107	1.0	0.8055587419473756	0.7568524535375475	1.0	0.6509497713825683	0.6683156679895235	0.6569292020107245	1.0	1.0	0.43724130369690073	0.7588706535352433	0.8768367055083249	1.0	1.0	0.5686202097063308	1.0	1.0	1.0	0.8590389253579633	0.797755589716248	0.3322523588460289	0.8051336016886014	1.0	0.324164093724497	1.0	0.8590643878914628	1.0	0.7038974453641728	1.0	1.0	0.7030584379726332	0.4389410670401362	0.24646618160399691
nl	0.8395968298224891	0.7963920314436024	0.7672336435088342	0.8590389253579633	0.7729525604974317	0.7339126775724195	0.8587739151954842	0.6422774212248511	0.6571937189660214	0.6466273954652592	0.8590389253579633	0.8618665066416588	0.43526685598794396	0.7332856270641633	0.8219738398277665	0.8587739151954841	0.8587739151954841	0.5609115239358189	0.8590389253579633	0.8590389253579633	0.8590389253579633	1.0	0.7657816728576253	0.331285584131294	0.7756144879108049	0.8587739151954841	0.3247424783380872	0.8881525756495438	0.8114125555138834	0.8590389253579633	0.6896295161479293	0.8696238842298726	0.22979449108444255	0.6876422345929754	0.4373617661556599	0.2468727943667636
pl	0.8894713840419393	0.7602845900195816	0.7316806902343285	0.797755589716248	0.7428792164647565	0.7101526416301317	0.7955905992639505	0.6197963932839007	0.6385676698288365	0.6305028205018942	0.7975689317731723	0.7997926630134481	0.42665091698066154	0.7077513238054903	0.7751602253401623	0.7955905992639506	0.7955905992639506	0.5575967955959106	0.797755589716248	0.797755589716248	0.797755589716248	0.7657816728576253	1.0	0.3303482680792512	0.7419398939977567	0.7955905992639506	0.3229150458969057	0.8561689147705145	0.7688023163825393	0.7975689317731723	0.6634652256905758	0.8142232357009593	0.30930648229675967	0.66384413183078	0.4342518489944477	0.24304602634490374
pt	0.40653295780618925	0.3314123805520767	0.33378253750374287	0.3322523588460289	0.3312325784415488	0.32942386910838173	0.3332849082101601	0.32357802890733567	0.32692640020707564	0.3255909158249757	0.3326493705739956	0.33327831885814974	0.29808638661637565	0.3316076955835623	0.3323237318017431	0.3332849082101601	0.33209186982292466	0.31860731687868055	0.3322523588460289	0.3322523588460289	0.3322523588460289	0.331285584131294	0.3303482680792512	1.0	0.33125598911903265	0.3332849082101601	0.2635912895576034	0.4101781176591777	0.3310897129534316	0.3326493705739956	0.32557520169018456	0.3513237097124479	0.28279847547271336	0.3287162203876009	0.29452687400331506	0.21484116349099924
ro	0.9152906926421888	0.7647127082206258	0.7382210163864317	0.8051336016886014	0.7438418318112516	0.7098044585516553	0.8030298061609384	0.6249958926818074	0.6446718744193056	0.6303410799972773	0.8042968329308624	0.8070256632761873	0.427437364431382	0.7133932284134763	0.7831030846052263	0.8035339349953776	0.8030298061609382	0.5582990084225662	0.8051336016886014	0.8051336016886014	0.8051336016886014	0.7756144879108049	0.7419398939977567	0.33125598911903265	1.0	0.8030298061609382	0.32321542049347785	0.8715223670480013	0.7751124755865061	0.8042968329308624	0.6665118190420559	0.8130585351454503	0.7510341748895938	0.6703264933600087	0.4333080447197376	0.2454528855530605
ru	1.0	0.8385467779182731	0.792318771384798	1.0	0.8042585649079222	0.7531548504668062	1.0	0.6427941955892509	0.6644258789463984	0.6488345322115295	1.0	1.0	0.431538314957377	0.7553827182166272	0.8759377172745673	1.0	1.0	0.5686202097063308	1.0	1.0	1.0	0.8587739151954841	0.7955905992639506	0.3332849082101601	0.8030298061609382	1.0	0.324164093724497	1.0	0.8582939615314082	1.0	0.6973532231822716	1.0	0.32481774435703165	0.7001004462296435	0.4389410670401362	0.24471029564590405
sh	0.3050737082455353	0.32359724869304496	0.3257825609699433	0.324164093724497	0.3228334304059385	0.32097593222126103	0.324164093724497	0.31529118585086235	0.31625431465160053	0.3184622211065202	0.324164093724497	0.3273645695107738	0.2933578947354594	0.3224929930875969	0.3235822292947753	0.324164093724497	0.324164093724497	0.3087517230602019	0.324164093724497	0.324164093724497	0.324164093724497	0.3247424783380872	0.3229150458969057	0.2635912895576034	0.32321542049347785	0.324164093724497	1.0	0.37640886768007453	0.32309473353780305	0.324164093724497	0.31869091501306623	0.3427532897240992	0.4220903557817554	0.3205696427491802	0.29248963828282737	0.21299063724251124
si	1.0	0.8973710504559425	0.8177779400921067	1.0	0.8612011185828845	0.8210196088220938	1.0	0.7278801679812709	0.7481899381051742	0.7272176774690845	1.0	1.0	0.5414805603267767	0.839421822920315	0.9326850706449596	1.0	1.0	0.6708577988922318	1.0	1.0	1.0	0.8881525756495438	0.8561689147705145	0.4101781176591777	0.8715223670480013	1.0	0.37640886768007453	1.0	0.9078055717970916	1.0	0.7707623179257153	1.0	1.0	0.7819413684557811	1.0	0.2963505473290202
simple	0.8892555502252293	0.8008150619227071	0.7618572533111453	0.8590643878914628	0.7722688114206506	0.7346616568275199	0.8582939615314081	0.6369132863052365	0.652683777560945	0.6388089357891955	0.8589459506199084	0.8605249699170789	0.4323812248694062	0.7384541750425295	0.8238437753006056	0.8582939615314081	0.8582939615314082	0.5628516554962669	0.8590643878914628	0.8590643878914628	0.8590643878914628	0.8114125555138834	0.7688023163825393	0.3310897129534316	0.7751124755865061	0.8582939615314082	0.32309473353780305	0.9078055717970916	1.0	0.8589459506199084	0.6869966662623113	0.8722279776774828	0.3659510403381023	0.6870624080866989	0.43637894087967394	0.24656703575819006
sr	1.0	0.8385467779182731	0.7935889436557163	1.0	0.8042585649079222	0.7562440679385114	1.0	0.6474042408691986	0.6675343714164005	0.6554364463451976	1.0	1.0	0.4341539602648166	0.7580580097426844	0.8759377172745673	1.0	1.0	0.5686202097063308	1.0	1.0	1.0	0.8590389253579633	0.7975689317731723	0.3326493705739956	0.8042968329308624	1.0	0.324164093724497	1.0	0.8589459506199084	1.0	0.702459816763229	1.0	0.5768655770251221	0.7032147337173839	0.4389410670401362	0.24503240946475943
sv	0.7644894375068559	0.6836070968654638	0.663657385348108	0.7038974453641729	0.6718447880870917	0.6459793923205849	0.695969374012603	0.5784306594029155	0.5950653807150771	0.5790589398669918	0.702459816763229	0.7090684263561832	0.4156033744485087	0.6481732329023023	0.6909200540197966	0.6978894250380048	0.6911892917033089	0.5319592628790637	0.7038974453641729	0.7038974453641728	0.7038974453641728	0.6896295161479293	0.6634652256905758	0.32557520169018456	0.6665118190420559	0.6973532231822716	0.31869091501306623	0.7707623179257153	0.6869966662623113	0.702459816763229	1.0	0.7202208337634529	0.4396877530606504	0.6244057046116784	0.426709405683165	0.24250592044097702
te	1.0	0.8547634830738434	0.8017052017727144	1.0	0.8129751946436174	0.7742102860539366	1.0	0.6670240072233338	0.6863919285908663	0.674186391068785	1.0	1.0	0.4580166701120146	0.7715007273108719	0.884515063310201	1.0	1.0	0.5886303717573188	1.0	1.0	1.0	0.8696238842298726	0.8142232357009593	0.3513237097124479	0.8130585351454503	1.0	0.3427532897240992	1.0	0.8722279776774828	1.0	0.7202208337634529	1.0	0.7106922308883379	0.7132475694510969	0.5385772232863714	0.24988223416559457
tr	1.0	0.37622097654728265	-1.0	1.0	0.4852126926435796	0.3195120776604474	0.7510341748895939	0.265351217637635	0.31913195965377766	0.18999166398609532	0.74551343442257	0.74551343442257	0.7510341748895938	0.3722661898659107	0.32052422797579894	0.40646616499741706	0.6357637595949256	0.5912495548068388	0.7510341748895938	0.672544634904323	1.0	0.22979449108444255	0.30930648229675967	0.28279847547271336	0.7510341748895938	0.32481774435703165	0.4220903557817554	1.0	0.3659510403381023	0.5768655770251221	0.4396877530606504	0.7106922308883379	1.0	0.5343623672338079	1.0	0.5857099390012046
vi	0.7980236826787944	0.6835367543387874	0.6649188188591193	0.7030584379726333	0.672754651838368	0.6477942674947079	0.7001004462296436	0.5880360685395102	0.6021206120112248	0.5939226278281504	0.7032147337173839	0.7056373178765234	0.4260832980794026	0.6560990091846134	0.6892962454525638	0.7001004462296436	0.7001004462296436	0.5335353538993615	0.7030584379726332	0.7030584379726332	0.7030584379726332	0.6876422345929754	0.66384413183078	0.3287162203876009	0.6703264933600087	0.7001004462296435	0.3205696427491802	0.7819413684557811	0.6870624080866989	0.7032147337173839	0.6244057046116784	0.7132475694510969	0.5343623672338079	1.0	0.42662529091057233	0.24409994568113202
war	1.0	0.43673129130807153	0.44785175523396176	0.4389410670401362	0.43728479996674985	0.42896866930408106	0.4389410670401362	0.4190406530361083	0.42241390160254355	0.41985722600761366	0.4389410670401362	0.43949861303052307	0.3557211528958965	0.4289496220097332	0.4385497100565937	0.4389410670401362	0.4389410670401362	0.40228880863748123	0.4389410670401362	0.4389410670401362	0.4389410670401362	0.4373617661556599	0.4342518489944477	0.29452687400331506	0.4333080447197376	0.4389410670401362	0.29248963828282737	1.0	0.43637894087967394	0.4389410670401362	0.426709405683165	0.5385772232863714	1.0	0.42662529091057233	1.0	0.23260527161704206
zh	0.41715274718679807	0.24640704339456532	0.24490842886721334	0.24646618160399691	0.24654406243181198	0.24347550780295102	0.24471029564590405	0.24382704306984798	0.24291166145912332	0.24434331361960912	0.24503240946475943	0.24907829567874584	0.23195967204749204	0.24302337493889897	0.24397588032756196	0.24655761653650327	0.24446694693894452	0.2413166552110244	0.24646618160399691	0.24646618160399691	0.24646618160399691	0.2468727943667636	0.24304602634490374	0.21484116349099924	0.2454528855530605	0.24471029564590405	0.21299063724251124	0.2963505473290202	0.24656703575819006	0.24503240946475943	0.24250592044097702	0.24988223416559457	0.5857099390012046	0.24409994568113202	0.23260527161704206	1.0
