arz	bs	ceb	ckb	da	de	el	en	es	fr	he	hi	hu	id	it	ja	ko	lv	mk	ml	mr	nl	pl	pt	ro	ru	sh	si	simple	sr	sv	te	vi	war	zh
arz	1.0	1.0	0.0	1.0	1.0	1.0	1.0	1.0	1.0	1.0	1.0	1.0	1.0	1.0	1.0	1.0	1.0	1.0	1.0	1.0	1.0	1.0	1.0	1.0	1.0	1.0	1.0	1.0	1.0	1.0	1.0	1.0	1.0	1.0	1.0
bs	1.0	1.0	1.0	0.32735498371107263	0.3521323082661107	0.3094948495723225	0.2858521419362962	0.30620421018582783	0.2871923228976923	0.29433749312833635	0.3379532498281534	0.27679374821094316	0.2577775222735986	0.35356659252401385	0.27686820162812154	0.31446286177036004	0.30996284905979393	0.32527225367510465	0.2720032254721925	0.3097216373684131	0.74551343442257	0.24592302022593157	0.3020403893176584	0.3066881990070496	0.25132615652708634	0.30655911850375084	0.23661667171892403	1.0	0.2809376820065073	0.24496233788859265	0.3306885401862244	0.7510341748895938	0.24305392920270555	0.6578394121525166	0.3379532498281534
ceb	0.0	1.0	1.0	1.0	1.0	1.0	1.0	1.0	1.0	1.0	1.0	1.0	1.0	1.0	1.0	1.0	1.0	1.0	1.0	1.0	1.0	1.0	1.0	1.0	1.0	1.0	1.0	1.0	1.0	1.0	1.0	1.0	1.0	1.0	1.0
ckb	1.0	0.32735498371107263	1.0	1.0	0.7376607345031153	0.6908587525207898	1.0	1.0	1.0	1.0	1.0	1.0	0.587055418139538	0.6841174893561722	0.7376607345031153	1.0	1.0	1.0	1.0	1.0	1.0	1.0	1.0	0.7376607345031153	0.7376607345031153	1.0	1.0	1.0	0.7411828468492555	0.7376607345031153	1.0	1.0	0.6841174893561723	1.0	1.0
da	1.0	0.3521323082661107	1.0	0.7376607345031153	1.0	0.28262988642377124	0.558800682609223	0.29714680881761696	0.33019297262374714	0.3039094675692709	0.34158541290238276	0.5642670943910084	0.4533672188918979	0.22562269595326262	0.26997333649351	0.3493436126785229	0.37608256918352007	0.3968628821477036	0.5863089236503654	0.661251134120194	0.7347168825662656	0.2797533773063049	0.30582598698532054	0.3011219070453259	0.34540443503122753	0.3517508133303991	0.3101822162977174	0.7584325078215763	0.44239335347593733	0.3183581910779763	0.34532275290382425	1.0	0.30832128983404467	0.6395657813917609	0.3819265826084148
de	1.0	0.3094948495723225	1.0	0.6908587525207898	0.28262988642377124	1.0	0.4186855157427621	0.1490096426237569	0.22714403333238434	0.17827836103002703	0.36279655409024597	0.5133489548950546	0.3883019142862907	0.24686316064849959	0.1642331912697966	0.26388001482486884	0.36198564113668547	0.4386409688647496	0.5689343149692104	0.5133002619918061	0.7347168825662656	0.1835882787404523	0.20364144764383854	0.22000184248490384	0.2415720567351757	0.28591741208975235	0.20105750454579005	0.7510341748895937	0.3273591840101199	0.25082692461006084	0.26070420918203263	0.7510341748895938	0.23246219288766756	0.7351445109818592	0.31356474788669925
el	1.0	0.2858521419362962	1.0	1.0	0.558800682609223	0.4186855157427621	1.0	0.5171758824398859	0.5556156122029273	0.463598285065047	1.0	1.0	0.4999917956796316	0.47089734962841456	0.49111650828518366	1.0	1.0	0.6786291688147436	1.0	1.0	1.0	0.578714949458455	0.35862435885992294	0.6067636116293127	0.48308870476131144	1.0	0.5478152061254714	1.0	0.5507122338239765	0.49379679110391445	0.5134780202519197	1.0	0.43447631120584346	0.6395657813917609	1.0
en	1.0	0.30620421018582783	1.0	1.0	0.29714680881761696	0.1490096426237569	0.5171758824398859	1.0	0.15817800121447695	0.1416380666885532	0.43433795675810016	0.5570988795109544	0.3466147280997492	0.22619226409315762	0.15438343046088931	0.20503927370435718	0.3929115736668758	0.5689063210247747	0.6193113617177751	0.5790144658109286	0.6786291688147437	0.1683078453999509	0.1711475459126863	0.19650645676469744	0.25142180025084204	0.28487822143695607	0.17601287908653054	0.7510341748895938	0.27920285716153775	0.1766098859911705	0.24416838880570202	1.0	0.22342381738614292	0.6395657813917609	0.2541199233542565
es	1.0	0.2871923228976923	1.0	1.0	0.33019297262374714	0.22714403333238434	0.5556156122029273	0.15817800121447695	1.0	0.18674819998871087	0.520732551872613	0.5242852785734157	0.3628818626482598	0.2601310806701286	0.1520050515986738	0.2823440066687882	0.4967814697354012	0.4875094075801992	1.0	0.582361747263709	0.7347168825662656	0.1953074343908802	0.20466722866624767	0.22005968929179942	0.2798234236313988	0.26918434584004014	0.2632261119294744	1.0	0.3165607350669868	0.28006314968267865	0.3275547901446561	1.0	0.25043669548589753	0.6395657813917609	0.3596653057933374
fr	1.0	0.29433749312833635	1.0	1.0	0.3039094675692709	0.17827836103002703	0.463598285065047	0.1416380666885532	0.18674819998871087	1.0	0.35393114491901323	0.5545778994011862	0.31839064550479806	0.23141477449829387	0.14842882835774504	0.21974873139688098	0.4420985314242262	0.4799575059082359	0.5922033024827087	0.6532002319725719	1.0	0.17521065758992665	0.16034053096534778	0.18385460909250698	0.25110877493830674	0.2985950903778889	0.19016940938106222	1.0	0.32217604040996983	0.23557133213310277	0.2575598070656554	1.0	0.23379658081689111	0.6395657813917609	0.3135915332111699
he	1.0	0.3379532498281534	1.0	1.0	0.34158541290238276	0.36279655409024597	1.0	0.43433795675810016	0.520732551872613	0.35393114491901323	1.0	1.0	0.45042276224561706	0.2574513804456971	0.28283634935776675	0.6370562647493827	0.7116768074483946	0.6122131884607099	1.0	1.0	1.0	0.4067763135902244	0.3210952646425701	0.4140878959402528	0.36571466402735575	0.6377047307628824	0.27467585763509195	1.0	0.4103679488480344	0.393510342067335	0.5137971337391711	1.0	0.32533874930661216	0.6395657813917609	0.7101264857596848
hi	1.0	0.27679374821094316	1.0	1.0	0.5642670943910084	0.5133489548950546	1.0	0.5570988795109544	0.5242852785734157	0.5545778994011862	1.0	1.0	0.43821201626417133	0.3373320891379035	0.6090966992951806	1.0	1.0	0.7263875964832448	1.0	1.0	1.0	0.5201728014333724	0.40236913044997685	0.547306473937743	0.5416537541518831	1.0	0.27916641534465353	1.0	0.6193113617177751	0.5006671545345127	0.5478152061254715	1.0	0.47396921708005346	1.0	1.0
hu	1.0	0.2577775222735986	1.0	0.587055418139538	0.4533672188918979	0.3883019142862907	0.4999917956796316	0.3466147280997492	0.3628818626482598	0.31839064550479806	0.45042276224561706	0.43821201626417133	1.0	0.34870992969025255	0.38496842001313764	0.3901765568104667	0.40654378721058904	0.4763628204667795	0.5286864891398425	0.4455635400206903	0.7510341748895937	0.33520984513734287	0.3375539295158425	0.33578074273271025	0.36729279557847205	0.3711179444609729	0.3664872033658278	0.7690990303325336	0.36859544425485236	0.4113638324481995	0.38122956082081505	0.5691307896559942	0.38969683861796933	0.5933841302153308	0.38176832237749975
id	1.0	0.35356659252401385	1.0	0.6841174893561722	0.22562269595326262	0.24686316064849959	0.47089734962841456	0.22619226409315762	0.2601310806701286	0.23141477449829387	0.2574513804456971	0.3373320891379035	0.34870992969025255	1.0	0.20507002136434124	0.2796300978627932	0.24044558054492124	0.2636940545822406	0.5392009041139618	0.5029629516846241	0.6161562425375515	0.24981294851768765	0.23366662225185458	0.21297784591159138	0.30862277888810835	0.29121256052950917	0.23087094776425585	1.0	0.3344371228397248	0.28345392327364055	0.25587045588643703	0.6994017365373274	0.2825847280375096	0.6395657813917609	0.22534366558081909
it	1.0	0.27686820162812154	1.0	0.7376607345031153	0.26997333649351	0.1642331912697966	0.49111650828518366	0.15438343046088931	0.1520050515986738	0.14842882835774504	0.28283634935776675	0.6090966992951806	0.38496842001313764	0.20507002136434124	1.0	0.17335631488168293	0.2939904058459606	0.34662913883147584	0.3877889685216333	0.46239350149605185	0.7992591943912659	0.17152858101892887	0.1686596120842985	0.1806424615902179	0.19854495445803907	0.2069446467526935	0.18580105316180898	1.0	0.2949265063254699	0.20680137787422545	0.23329275297692623	0.6524007805500077	0.20798184496817326	0.7226333398591421	0.2104220115020701
ja	1.0	0.31446286177036004	1.0	1.0	0.3493436126785229	0.26388001482486884	1.0	0.20503927370435718	0.2823440066687882	0.21974873139688098	0.6370562647493827	1.0	0.3901765568104667	0.2796300978627932	0.17335631488168293	1.0	1.0	0.5072591863365692	1.0	1.0	1.0	0.24360794393281815	0.21028792725306555	0.249823860472302	0.27027966879499166	1.0	0.24320129801825574	1.0	0.32551603850064914	0.26356440481922483	0.32776926998335554	1.0	0.2627357544673943	0.6395657813917609	0.7004695573767596
ko	1.0	0.30996284905979393	1.0	1.0	0.37608256918352007	0.36198564113668547	1.0	0.3929115736668758	0.4967814697354012	0.4420985314242262	0.7116768074483946	1.0	0.40654378721058904	0.24044558054492124	0.2939904058459606	1.0	1.0	0.5047993727793516	1.0	1.0	1.0	0.33920100905162254	0.32140915379074314	0.47787186937063564	0.33127544236250944	1.0	0.26698324010848873	1.0	0.38076695436017766	0.412033513841689	0.4253513568900791	1.0	0.3527605725965989	0.6395657813917609	1.0
lv	1.0	0.32527225367510465	1.0	1.0	0.3968628821477036	0.4386409688647496	0.6786291688147436	0.5689063210247747	0.4875094075801992	0.4799575059082359	0.6122131884607099	0.7263875964832448	0.4763628204667795	0.2636940545822406	0.34662913883147584	0.5072591863365692	0.5047993727793516	1.0	0.6667969795412325	0.7300208629885035	0.7376607345031153	0.48220523663347187	0.5571915054531583	0.5186532586595962	0.5834785251944397	0.5072591863365692	0.2905267154174946	1.0	0.4982787676887169	0.4752025553647929	0.5386744430836247	1.0	0.4877680636860773	1.0	0.5047993727793516
mk	1.0	0.2720032254721925	1.0	1.0	0.5863089236503654	0.5689343149692104	1.0	0.6193113617177751	1.0	0.5922033024827087	1.0	1.0	0.5286864891398425	0.5392009041139618	0.3877889685216333	1.0	1.0	0.6667969795412325	1.0	1.0	1.0	0.610966740925758	0.5672595898114167	0.612612409469375	0.5913800870748354	1.0	0.5143953868238562	1.0	0.5819274293967764	0.5507122338239765	0.7263875964832448	1.0	0.5357725663166123	1.0	1.0
ml	1.0	0.3097216373684131	1.0	1.0	0.661251134120194	0.5133002619918061	1.0	0.5790144658109286	0.582361747263709	0.6532002319725719	1.0	1.0	0.4455635400206903	0.5029629516846241	0.46239350149605185	1.0	1.0	0.7300208629885035	1.0	1.0	1.0	0.5828763145002701	0.4541490232959061	0.5808519206891736	0.49999125152871654	1.0	0.6186062402912476	1.0	0.6254303192325079	0.6221982196391783	0.6221982196391784	1.0	0.4737927212407865	0.6524007805500077	1.0
mr	1.0	0.74551343442257	1.0	1.0	0.7347168825662656	0.7347168825662656	1.0	0.6786291688147437	0.7347168825662656	1.0	1.0	1.0	0.7510341748895937	0.6161562425375515	0.7992591943912659	1.0	1.0	0.7376607345031153	1.0	1.0	1.0	1.0	0.6675879370773626	1.0	0.7411828468492556	1.0	0.6675879370773626	1.0	0.6786291688147437	0.7347168825662656	0.7411828468492556	1.0	0.6067253066550435	1.0	1.0
nl	1.0	0.24592302022593157	1.0	1.0	0.2797533773063049	0.1835882787404523	0.578714949458455	0.1683078453999509	0.1953074343908802	0.17521065758992665	0.4067763135902244	0.5201728014333724	0.33520984513734287	0.24981294851768765	0.17152858101892887	0.24360794393281815	0.33920100905162254	0.48220523663347187	0.610966740925758	0.5828763145002701	1.0	1.0	0.2139216590404167	0.20992229481305116	0.3005778954159113	0.21184411670457964	0.1899939992789555	1.0	0.31709197174910164	0.2565226111555773	0.27777604044743487	1.0	0.2456321167665573	0.6395657813917609	0.2417252950810976
pl	1.0	0.3020403893176584	1.0	1.0	0.30582598698532054	0.20364144764383854	0.35862435885992294	0.1711475459126863	0.20466722866624767	0.16034053096534778	0.3210952646425701	0.40236913044997685	0.3375539295158425	0.23366662225185458	0.1686596120842985	0.21028792725306555	0.32140915379074314	0.5571915054531583	0.5672595898114167	0.4541490232959061	0.6675879370773626	0.2139216590404167	1.0	0.1817946129929564	0.2378992609717757	0.23177666878134182	0.19833605682525707	1.0	0.2915355026293373	0.23806235336971046	0.24942742744903576	0.7455134344225701	0.19832035353936173	0.6395657813917609	0.21604539235901415
pt	1.0	0.3066881990070496	1.0	0.7376607345031153	0.3011219070453259	0.22000184248490384	0.6067636116293127	0.19650645676469744	0.22005968929179942	0.18385460909250698	0.4140878959402528	0.547306473937743	0.33578074273271025	0.21297784591159138	0.1806424615902179	0.249823860472302	0.47787186937063564	0.5186532586595962	0.612612409469375	0.5808519206891736	1.0	0.20992229481305116	0.1817946129929564	1.0	0.27241009142780775	0.36946387035430456	0.2590069693190872	1.0	0.302653180795316	0.30419734197665205	0.2921668996112689	1.0	0.2577701258377085	0.6395657813917609	0.38725476227578925
ro	1.0	0.25132615652708634	1.0	0.7376607345031153	0.34540443503122753	0.2415720567351757	0.48308870476131144	0.25142180025084204	0.2798234236313988	0.25110877493830674	0.36571466402735575	0.5416537541518831	0.36729279557847205	0.30862277888810835	0.19854495445803907	0.27027966879499166	0.33127544236250944	0.5834785251944397	0.5913800870748354	0.49999125152871654	0.7411828468492556	0.3005778954159113	0.2378992609717757	0.27241009142780775	1.0	0.24227150834641017	0.22325633704564637	1.0	0.3417382675923278	0.2791496958677261	0.3398910998912387	1.0	0.252811003702859	0.6395657813917609	0.2702040767273904
ru	1.0	0.30655911850375084	1.0	1.0	0.3517508133303991	0.28591741208975235	1.0	0.28487822143695607	0.26918434584004014	0.2985950903778889	0.6377047307628824	1.0	0.3711179444609729	0.29121256052950917	0.2069446467526935	1.0	1.0	0.5072591863365692	1.0	1.0	1.0	0.21184411670457964	0.23177666878134182	0.36946387035430456	0.24227150834641017	1.0	0.29262840764471737	1.0	0.328142168815156	0.348015571346162	0.3406255300008076	1.0	0.2528604289035853	0.6395657813917609	1.0
sh	1.0	0.23661667171892403	1.0	1.0	0.3101822162977174	0.20105750454579005	0.5478152061254714	0.17601287908653054	0.2632261119294744	0.19016940938106222	0.27467585763509195	0.27916641534465353	0.3664872033658278	0.23087094776425585	0.18580105316180898	0.24320129801825574	0.26698324010848873	0.2905267154174946	0.5143953868238562	0.6186062402912476	0.6675879370773626	0.1899939992789555	0.19833605682525707	0.2590069693190872	0.22325633704564637	0.29262840764471737	1.0	0.6524007805500078	0.2621286584715632	0.15415514395304006	0.2879692393018124	0.7510341748895938	0.24951181503709324	0.6395657813917609	0.29101552729664376
si	1.0	1.0	1.0	1.0	0.7584325078215763	0.7510341748895937	1.0	0.7510341748895938	1.0	1.0	1.0	1.0	0.7690990303325336	1.0	1.0	1.0	1.0	1.0	1.0	1.0	1.0	1.0	1.0	1.0	1.0	1.0	0.6524007805500078	1.0	1.0	0.7510341748895938	1.0	1.0	1.0	1.0	1.0
simple	1.0	0.2809376820065073	1.0	0.7411828468492555	0.44239335347593733	0.3273591840101199	0.5507122338239765	0.27920285716153775	0.3165607350669868	0.32217604040996983	0.4103679488480344	0.6193113617177751	0.36859544425485236	0.3344371228397248	0.2949265063254699	0.32551603850064914	0.38076695436017766	0.4982787676887169	0.5819274293967764	0.6254303192325079	0.6786291688147437	0.31709197174910164	0.2915355026293373	0.302653180795316	0.3417382675923278	0.328142168815156	0.2621286584715632	1.0	1.0	0.3417329062233386	0.3859390227912199	0.7510341748895939	0.3366621217239462	0.6395657813917609	0.35851953252153573
sr	1.0	0.24496233788859265	1.0	0.7376607345031153	0.3183581910779763	0.25082692461006084	0.49379679110391445	0.1766098859911705	0.28006314968267865	0.23557133213310277	0.393510342067335	0.5006671545345127	0.4113638324481995	0.28345392327364055	0.20680137787422545	0.26356440481922483	0.412033513841689	0.4752025553647929	0.5507122338239765	0.6221982196391783	0.7347168825662656	0.2565226111555773	0.23806235336971046	0.30419734197665205	0.2791496958677261	0.348015571346162	0.15415514395304006	0.7510341748895938	0.3417329062233386	1.0	0.3593731248414418	1.0	0.24391359396572093	0.6395657813917609	0.31634480738834153
sv	1.0	0.3306885401862244	1.0	1.0	0.34532275290382425	0.26070420918203263	0.5134780202519197	0.24416838880570202	0.3275547901446561	0.2575598070656554	0.5137971337391711	0.5478152061254715	0.38122956082081505	0.25587045588643703	0.23329275297692623	0.32776926998335554	0.4253513568900791	0.5386744430836247	0.7263875964832448	0.6221982196391784	0.7411828468492556	0.27777604044743487	0.24942742744903576	0.2921668996112689	0.3398910998912387	0.3406255300008076	0.2879692393018124	1.0	0.3859390227912199	0.3593731248414418	1.0	1.0	0.29815352420291547	0.6395657813917609	0.3541661677432443
te	1.0	0.7510341748895938	1.0	1.0	1.0	0.7510341748895938	1.0	1.0	1.0	1.0	1.0	1.0	0.5691307896559942	0.6994017365373274	0.6524007805500077	1.0	1.0	1.0	1.0	1.0	1.0	1.0	0.7455134344225701	1.0	1.0	1.0	0.7510341748895938	1.0	0.7510341748895939	1.0	1.0	1.0	0.7510341748895938	1.0	1.0
vi	1.0	0.24305392920270555	1.0	0.6841174893561723	0.30832128983404467	0.23246219288766756	0.43447631120584346	0.22342381738614292	0.25043669548589753	0.23379658081689111	0.32533874930661216	0.47396921708005346	0.38969683861796933	0.2825847280375096	0.20798184496817326	0.2627357544673943	0.3527605725965989	0.4877680636860773	0.5357725663166123	0.4737927212407865	0.6067253066550435	0.2456321167665573	0.19832035353936173	0.2577701258377085	0.252811003702859	0.2528604289035853	0.24951181503709324	1.0	0.3366621217239462	0.24391359396572093	0.29815352420291547	0.7510341748895938	1.0	0.6395657813917609	0.24714196159293983
war	1.0	0.6578394121525166	1.0	1.0	0.6395657813917609	0.7351445109818592	0.6395657813917609	0.6395657813917609	0.6395657813917609	0.6395657813917609	0.6395657813917609	1.0	0.5933841302153308	0.6395657813917609	0.7226333398591421	0.6395657813917609	0.6395657813917609	1.0	1.0	0.6524007805500077	1.0	0.6395657813917609	0.6395657813917609	0.6395657813917609	0.6395657813917609	0.6395657813917609	0.6395657813917609	1.0	0.6395657813917609	0.6395657813917609	0.6395657813917609	1.0	0.6395657813917609	1.0	0.6395657813917609
zh	1.0	0.3379532498281534	1.0	1.0	0.3819265826084148	0.31356474788669925	1.0	0.2541199233542565	0.3596653057933374	0.3135915332111699	0.7101264857596848	1.0	0.38176832237749975	0.22534366558081909	0.2104220115020701	0.7004695573767596	1.0	0.5047993727793516	1.0	1.0	1.0	0.2417252950810976	0.21604539235901415	0.38725476227578925	0.2702040767273904	1.0	0.29101552729664376	1.0	0.35851953252153573	0.31634480738834153	0.3541661677432443	1.0	0.24714196159293983	0.6395657813917609	1.0
