arz	bs	ceb	ckb	da	de	el	en	es	fr	he	hi	hu	id	it	ja	ko	lv	mk	ml	mr	nl	pl	pt	ro	ru	sh	si	simple	sr	sv	te	vi	war	zh
arz	0.25	0.0	0.0	0.0	0.5	0.5	0.0	0.25	0.25	0.3333333333333333	0.3333333333333333	0.0	1.0	1.0	0.5	0.3333333333333333	1.0	0.0	0.3333333333333333	0.0	0.0	0.5	0.5	0.5	1.0	0.25	0.0	0.0	1.0	0.0	0.5	0.0	1.0	0.0	0.5
bs	0.0	0.2	0.0	1.0	0.5	0.3333333333333333	1.0	0.2	0.3333333333333333	0.3333333333333333	1.0	1.0	0.5	0.5	0.3333333333333333	0.5	0.5	1.0	0.3333333333333333	1.0	0.0	0.3333333333333333	0.3333333333333333	0.5	0.0	0.25	0.5	0.0	1.0	0.25	0.5	0.0	1.0	0.0	0.5
ceb	0.0	0.0	0.3333333333333333	0.0	1.0	0.5	0.0	0.3333333333333333	1.0	1.0	1.0	0.0	0.0	0.5	1.0	0.5	0.5	1.0	1.0	1.0	0.0	1.0	0.3333333333333333	0.5	1.0	1.0	0.0	0.0	0.5	1.0	1.0	0.0	1.0	0.0	0.5
ckb	0.0	1.0	0.0	0.07692307692307693	1.0	1.0	0.5	0.1111111111111111	0.5	0.3333333333333333	1.0	1.0	1.0	1.0	0.5	0.16666666666666666	0.3333333333333333	1.0	1.0	1.0	0.0	1.0	1.0	0.5	0.0	0.25	0.0	0.0	1.0	1.0	0.3333333333333333	0.0	0.5	0.0	0.5
da	0.5	0.5	1.0	1.0	0.01887861161054112	0.02564102564102564	0.2	0.022223209876543207	0.047619047619047616	0.04	0.1111111111111111	0.25	0.14285714285714285	0.0625	0.047621315192743756	0.058823529411764705	0.07692307692307693	0.16666666666666666	0.0625	0.3333333333333333	0.0	0.02857142857142857	0.043478260869565216	0.047619047619047616	0.25	0.043478260869565216	0.3333333333333333	0.0	0.16666666666666666	0.16666666666666666	0.038461538461538464	0.0	0.14285714285714285	0.5	0.058823529411764705
de	0.5	0.3333333333333333	0.5	1.0	0.02564102564102564	0.002904156330098982	0.03125	0.004065272010707912	0.008064646201873048	0.006493675156012818	0.04	0.125	0.02857142857142857	0.023810657596371878	0.008621061311013747	0.011363636363636364	0.025	0.1111111111111111	0.02857142857142857	0.16666666666666666	0.0	0.006711454438989235	0.010309384631735573	0.011236207549551824	0.05555555555555555	0.0045871559633027525	0.043478260869565216	0.0	0.043480151228733464	0.047619047619047616	0.015151515151515152	0.0	0.045454545454545456	0.5	0.014084507042253521
el	0.0	1.0	0.0	0.5	0.2	0.03125	0.013513513513513514	0.013513513513513514	0.021739130434782608	0.02631578947368421	0.07692307692307693	0.3333333333333333	0.05555555555555555	0.07692307692307693	0.02702702702702703	0.041666666666666664	0.06666666666666667	0.3333333333333333	0.07142857142857142	0.3333333333333333	0.0	0.04	0.037037037037037035	0.02702702702702703	0.16666666666666666	0.0196078431372549	0.5	0.0	0.14285714285714285	0.125	0.045454545454545456	0.0	0.09090909090909091	1.0	0.043478260869565216
en	0.25	0.2	0.3333333333333333	0.1111111111111111	0.022223209876543207	0.004065272010707912	0.013513513513513514	0.0010968276232167092	0.0040324043964620184	0.0035340933711246235	0.022222222222222223	0.058823529411764705	0.0181834717358681	0.014085896052370562	0.005293722012905825	0.005780346820809248	0.012345679012345678	0.09090909090909091	0.014925373134328358	0.1	0.5	0.005025731698694478	0.007463020717308978	0.0058489450429191885	0.041666666666666664	0.0028011204481792717	0.03448632580261593	1.0	0.027027757487216943	0.034482758620689655	0.009434763350035688	0.0	0.027777777777777776	0.5	0.0047169811320754715
es	0.25	0.3333333333333333	1.0	0.5	0.047619047619047616	0.008064646201873048	0.021739130434782608	0.0040324043964620184	0.0033016703266673746	0.006410338593030901	0.03571428571428571	0.1	0.027777777777777776	0.02857142857142857	0.009009252495738982	0.009708737864077669	0.022222222222222223	0.1111111111111111	0.03333333333333333	0.16666666666666666	0.0	0.01	0.012195121951219513	0.009708737864077669	0.058823529411764705	0.00641025641025641	0.058823529411764705	0.0	0.047619047619047616	0.0625	0.018867924528301886	0.0	0.04	1.0	0.013333333333333334
fr	0.3333333333333333	0.3333333333333333	1.0	0.3333333333333333	0.04	0.006493675156012818	0.02631578947368421	0.0035340933711246235	0.006410338593030901	0.0023247261376361725	0.03225806451612903	0.09090909090909091	0.025	0.021739130434782608	0.007143979693928622	0.008333333333333333	0.020833333333333332	0.09090909090909091	0.027777777777777776	0.16666666666666666	0.0	0.00806503648543184	0.009901186158219782	0.01031002242544383	0.047619047619047616	0.005235602094240838	0.045454545454545456	1.0	0.038461538461538464	0.0625	0.017544475530932593	1.0	0.04	0.5	0.011904761904761904
he	0.3333333333333333	1.0	1.0	1.0	0.1111111111111111	0.04	0.07692307692307693	0.022222222222222223	0.03571428571428571	0.03225806451612903	0.022222222222222223	0.25	0.1111111111111111	0.08333333333333333	0.041666666666666664	0.038461538461538464	0.07692307692307693	0.14285714285714285	0.07142857142857142	0.5	0.0	0.047619047619047616	0.043478260869565216	0.034482758620689655	0.14285714285714285	0.03125	0.25	0.0	0.14285714285714285	0.25	0.058823529411764705	0.0	0.125	0.5	0.0625
hi	0.0	1.0	0.0	1.0	0.25	0.125	0.3333333333333333	0.058823529411764705	0.1	0.09090909090909091	0.25	0.05555555555555555	0.3333333333333333	0.2	0.125	0.07692307692307693	0.125	0.3333333333333333	0.25	0.3333333333333333	0.5	0.16666666666666666	0.1111111111111111	0.1	0.3333333333333333	0.08333333333333333	0.25	0.0	0.16666666666666666	0.3333333333333333	0.1111111111111111	1.0	0.2	1.0	0.125
hu	1.0	0.5	0.0	1.0	0.14285714285714285	0.02857142857142857	0.05555555555555555	0.0181834717358681	0.027777777777777776	0.025	0.1111111111111111	0.3333333333333333	0.016148047380643682	0.125	0.030303948576675847	0.041666666666666664	0.06666666666666667	0.16666666666666666	0.06666666666666667	0.5	0.0	0.038461538461538464	0.045454545454545456	0.041666666666666664	0.25	0.024390243902439025	0.1111111111111111	0.0	0.16666666666666666	0.1	0.05	0.0	0.125	0.5	0.043478260869565216
id	1.0	0.5	0.5	1.0	0.0625	0.023810657596371878	0.07692307692307693	0.014085896052370562	0.02857142857142857	0.021739130434782608	0.08333333333333333	0.2	0.125	0.011272940936270943	0.029416955017301037	0.02857142857142857	0.03333333333333333	0.16666666666666666	0.09090909090909091	0.2	0.0	0.02631578947368421	0.034482758620689655	0.02857142857142857	0.14285714285714285	0.020833333333333332	0.125	1.0	0.06666666666666667	0.125	0.047619047619047616	0.0	0.07142857142857142	1.0	0.02631578947368421
it	0.5	0.3333333333333333	1.0	0.5	0.047621315192743756	0.008621061311013747	0.02702702702702703	0.005293722012905825	0.009009252495738982	0.007143979693928622	0.041666666666666664	0.125	0.030303948576675847	0.029416955017301037	0.004138785454710398	0.013888888888888888	0.027777777777777776	0.125	0.04	0.2	0.0	0.010753960226615794	0.012196460440214156	0.012197353361392178	0.058823529411764705	0.0072992700729927005	0.05555864197530863	1.0	0.045454545454545456	0.05263157894736842	0.017859693877551017	0.0	0.05555555555555555	1.0	0.017241379310344827
ja	0.3333333333333333	0.5	0.5	0.16666666666666666	0.058823529411764705	0.011363636363636364	0.041666666666666664	0.005780346820809248	0.009708737864077669	0.008333333333333333	0.038461538461538464	0.07692307692307693	0.041666666666666664	0.02857142857142857	0.013888888888888888	0.00487807257584771	0.016666666666666666	0.1111111111111111	0.03125	0.125	0.0	0.013157894736842105	0.014492753623188406	0.014925373134328358	0.06666666666666667	0.00819672131147541	0.047619047619047616	0.0	0.045454545454545456	0.058823529411764705	0.019230769230769232	1.0	0.041666666666666664	0.5	0.011627906976744186
ko	1.0	0.5	0.5	0.3333333333333333	0.07692307692307693	0.025	0.06666666666666667	0.012345679012345678	0.022222222222222223	0.020833333333333332	0.07692307692307693	0.125	0.06666666666666667	0.03333333333333333	0.027777777777777776	0.016666666666666666	0.011363636363636364	0.1111111111111111	0.08333333333333333	0.16666666666666666	0.0	0.02702702702702703	0.02857142857142857	0.023809523809523808	0.1	0.017857142857142856	0.1	0.0	0.0625	0.1111111111111111	0.038461538461538464	0.0	0.043478260869565216	0.5	0.018867924528301886
lv	0.0	1.0	1.0	1.0	0.16666666666666666	0.1111111111111111	0.3333333333333333	0.09090909090909091	0.1111111111111111	0.09090909090909091	0.14285714285714285	0.3333333333333333	0.16666666666666666	0.16666666666666666	0.125	0.1111111111111111	0.1111111111111111	0.09090909090909091	0.25	0.3333333333333333	0.0	0.1111111111111111	0.1	0.1111111111111111	0.25	0.09090909090909091	0.5	0.0	0.25	0.3333333333333333	0.1111111111111111	0.0	0.16666666666666666	0.5	0.1
mk	0.3333333333333333	0.3333333333333333	1.0	1.0	0.0625	0.02857142857142857	0.07142857142857142	0.014925373134328358	0.03333333333333333	0.027777777777777776	0.07142857142857142	0.25	0.06666666666666667	0.09090909090909091	0.04	0.03125	0.08333333333333333	0.25	0.014285714285714285	0.3333333333333333	0.0	0.03125	0.041666666666666664	0.05	0.14285714285714285	0.021739130434782608	0.08333333333333333	0.0	0.16666666666666666	0.08333333333333333	0.045454545454545456	0.0	0.16666666666666666	0.5	0.045454545454545456
ml	0.0	1.0	1.0	1.0	0.3333333333333333	0.16666666666666666	0.3333333333333333	0.1	0.16666666666666666	0.16666666666666666	0.5	0.3333333333333333	0.5	0.2	0.2	0.125	0.16666666666666666	0.3333333333333333	0.3333333333333333	0.1	0.0	0.2	0.16666666666666666	0.16666666666666666	0.5	0.16666666666666666	1.0	0.0	0.5	0.5	0.2	0.0	0.3333333333333333	1.0	0.16666666666666666
mr	0.0	0.0	0.0	0.0	0.0	0.0	0.0	0.5	0.0	0.0	0.0	0.5	0.0	0.0	0.0	0.0	0.0	0.0	0.0	0.0	0.5	0.0	0.0	0.0	0.0	0.0	0.0	0.0	0.0	0.0	0.0	0.0	0.0	0.0	0.0
nl	0.5	0.3333333333333333	1.0	1.0	0.02857142857142857	0.006711454438989235	0.04	0.005025731698694478	0.01	0.00806503648543184	0.047619047619047616	0.16666666666666666	0.038461538461538464	0.02631578947368421	0.010753960226615794	0.013157894736842105	0.02702702702702703	0.1111111111111111	0.03125	0.2	0.0	0.0027218731498645917	0.013514426588750912	0.016129812695109262	0.0625	0.008	0.05263157894736842	0.0	0.05555555555555555	0.0625	0.020408579758433985	0.0	0.043478260869565216	0.5	0.011764705882352941
pl	0.5	0.3333333333333333	0.3333333333333333	1.0	0.043478260869565216	0.010309384631735573	0.037037037037037035	0.007463020717308978	0.012195121951219513	0.009901186158219782	0.043478260869565216	0.1111111111111111	0.045454545454545456	0.034482758620689655	0.012196460440214156	0.014492753623188406	0.02857142857142857	0.1	0.041666666666666664	0.16666666666666666	0.0	0.013514426588750912	0.006307276235146596	0.016129812695109262	0.07142857142857142	0.008547008547008548	0.05263157894736842	0.0	0.05	0.058823529411764705	0.022727789256198346	1.0	0.05263157894736842	0.5	0.020833333333333332
pt	0.5	0.5	0.5	0.5	0.047619047619047616	0.011236207549551824	0.02702702702702703	0.0058489450429191885	0.009708737864077669	0.01031002242544383	0.034482758620689655	0.1	0.041666666666666664	0.02857142857142857	0.012197353361392178	0.014925373134328358	0.023809523809523808	0.1111111111111111	0.05	0.16666666666666666	0.0	0.016129812695109262	0.016129812695109262	0.00500054865109809	0.07692307692307693	0.009174311926605505	0.0625	0.0	0.05263157894736842	0.07692307692307693	0.019231139053254437	0.0	0.047619047619047616	0.5	0.01818181818181818
ro	1.0	0.0	1.0	0.0	0.25	0.05555555555555555	0.16666666666666666	0.041666666666666664	0.058823529411764705	0.047619047619047616	0.14285714285714285	0.3333333333333333	0.25	0.14285714285714285	0.058823529411764705	0.06666666666666667	0.1	0.25	0.14285714285714285	0.5	0.0	0.0625	0.07142857142857142	0.07692307692307693	0.038470417159763313	0.045454545454545456	0.16666666666666666	0.0	0.2	0.14285714285714285	0.07692307692307693	0.0	0.16666666666666666	1.0	0.08333333333333333
ru	0.25	0.25	1.0	0.25	0.043478260869565216	0.0045871559633027525	0.0196078431372549	0.0028011204481792717	0.00641025641025641	0.005235602094240838	0.03125	0.08333333333333333	0.024390243902439025	0.020833333333333332	0.0072992700729927005	0.00819672131147541	0.017857142857142856	0.09090909090909091	0.021739130434782608	0.16666666666666666	0.0	0.008	0.008547008547008548	0.009174311926605505	0.045454545454545456	0.001869162372259586	0.037037037037037035	1.0	0.043478260869565216	0.03333333333333333	0.014705882352941176	1.0	0.034482758620689655	0.5	0.012048192771084338
sh	0.0	0.5	0.0	0.0	0.3333333333333333	0.043478260869565216	0.5	0.03448632580261593	0.058823529411764705	0.045454545454545456	0.25	0.25	0.1111111111111111	0.125	0.05555864197530863	0.047619047619047616	0.1	0.5	0.08333333333333333	1.0	0.0	0.05263157894736842	0.05263157894736842	0.0625	0.16666666666666666	0.037037037037037035	0.03031497061616162	0.0	0.125	0.07692307692307693	0.08333333333333333	0.0	0.25	1.0	0.05555555555555555
si	0.0	0.0	0.0	0.0	0.0	0.0	0.0	1.0	0.0	1.0	0.0	0.0	0.0	1.0	1.0	0.0	0.0	0.0	0.0	0.0	0.0	0.0	0.0	0.0	0.0	1.0	0.0	1.0	0.0	0.0	1.0	0.0	0.0	0.0	0.0
simple	1.0	1.0	0.5	1.0	0.16666666666666666	0.043480151228733464	0.14285714285714285	0.027027757487216943	0.047619047619047616	0.038461538461538464	0.14285714285714285	0.16666666666666666	0.16666666666666666	0.06666666666666667	0.045454545454545456	0.045454545454545456	0.0625	0.25	0.16666666666666666	0.5	0.0	0.05555555555555555	0.05	0.05263157894736842	0.2	0.043478260869565216	0.125	0.0	0.02703945142805113	0.5	0.0625	0.0	0.09090909090909091	0.0	0.058823529411764705
sr	0.0	0.25	1.0	1.0	0.16666666666666666	0.047619047619047616	0.125	0.034482758620689655	0.0625	0.0625	0.25	0.3333333333333333	0.1	0.125	0.05263157894736842	0.058823529411764705	0.1111111111111111	0.3333333333333333	0.08333333333333333	0.5	0.0	0.0625	0.058823529411764705	0.07692307692307693	0.14285714285714285	0.03333333333333333	0.07692307692307693	0.0	0.5	0.030303030303030304	0.0625	0.0	0.2	1.0	0.058823529411764705
sv	0.5	0.5	1.0	0.3333333333333333	0.038461538461538464	0.015151515151515152	0.045454545454545456	0.009434763350035688	0.018867924528301886	0.017544475530932593	0.058823529411764705	0.1111111111111111	0.05	0.047619047619047616	0.017859693877551017	0.019230769230769232	0.038461538461538464	0.1111111111111111	0.045454545454545456	0.2	0.0	0.020408579758433985	0.022727789256198346	0.019231139053254437	0.07692307692307693	0.014705882352941176	0.08333333333333333	1.0	0.0625	0.0625	0.006882736363576522	0.0	0.0625	0.5	0.02564102564102564
te	0.0	0.0	0.0	0.0	0.0	0.0	0.0	0.0	0.0	1.0	0.0	1.0	0.0	0.0	0.0	1.0	0.0	0.0	0.0	0.0	0.0	0.0	1.0	0.0	0.0	1.0	0.0	0.0	0.0	0.0	0.0	1.0	0.0	0.0	0.0
vi	1.0	1.0	1.0	0.5	0.14285714285714285	0.045454545454545456	0.09090909090909091	0.027777777777777776	0.04	0.04	0.125	0.2	0.125	0.07142857142857142	0.05555555555555555	0.041666666666666664	0.043478260869565216	0.16666666666666666	0.16666666666666666	0.3333333333333333	0.0	0.043478260869565216	0.05263157894736842	0.047619047619047616	0.16666666666666666	0.034482758620689655	0.25	0.0	0.09090909090909091	0.2	0.0625	0.0	0.027777777777777776	1.0	0.038461538461538464
war	0.0	0.0	0.0	0.0	0.5	0.5	1.0	0.5	1.0	0.5	0.5	1.0	0.5	1.0	1.0	0.5	0.5	0.5	0.5	1.0	0.0	0.5	0.5	0.5	1.0	0.5	1.0	0.0	0.0	1.0	0.5	0.0	1.0	0.5	0.5
zh	0.5	0.5	0.5	0.5	0.058823529411764705	0.014084507042253521	0.043478260869565216	0.0047169811320754715	0.013333333333333334	0.011904761904761904	0.0625	0.125	0.043478260869565216	0.02631578947368421	0.017241379310344827	0.011627906976744186	0.018867924528301886	0.1	0.045454545454545456	0.16666666666666666	0.0	0.011764705882352941	0.020833333333333332	0.01818181818181818	0.08333333333333333	0.012048192771084338	0.05555555555555555	0.0	0.058823529411764705	0.058823529411764705	0.02564102564102564	0.0	0.038461538461538464	0.5	0.0025974025974025974
