arz	bs	ceb	ckb	da	de	el	en	es	fr	he	hi	hu	id	it	ja	ko	lv	mk	ml	mr	nl	pl	pt	ro	ru	sh	si	simple	sr	sv	te	vi	war	zh
arz	1.0	0.27429188517743175	1.0	1.0	0.3090169943749474	1.0	1.0	0.12140257738326161	0.3164309725825328	0.2216368750839041	1.0	1.0	0.24336073281110826	0.20942771453851886	0.24336073281110826	1.0	1.0	0.585786437626905	1.0	1.0	1.0	0.38742588672279304	0.33333333333333326	0.2474401533514073	0.177648276168107	1.0	0.2791745113185196	1.0	0.353889367864523	1.0	0.34833147735478825	1.0	0.44948974278317805	1.0	1.0
bs	0.27429188517743175	1.0	0.2612038749637414	0.3483314773547883	0.0679966725422833	0.06805163724470178	0.07554975895174042	0.06658967766651948	0.0699747513127951	0.06932253532697676	0.07576270822505358	0.23371479611805132	0.07393136675614995	0.08017131559795963	0.07210822440853068	0.07162563710668096	0.08169161679274621	0.12795703205477296	0.14488602176971205	0.25355482027512377	0.353889367864523	0.07361460196602011	0.07353455449837036	0.07269939723313353	0.06871996516130428	0.07144641758949886	0.06872239088926614	1.0	0.11162926616377884	0.07402922255246674	0.06935378646278725	1.0	0.09076855682514111	0.1827439976315568	0.07144641758949886
ceb	1.0	0.2612038749637414	1.0	1.0	0.045106106415957095	0.1399755881284967	1.0	0.00750669608117823	0.14201473202245876	0.03835938821210919	1.0	1.0	0.05235402473937175	0.08900958790582515	0.0594946794169976	1.0	1.0	0.5	1.0	1.0	1.0	0.09120574414227797	0.15548737703860027	0.1233603071065848	0.061556576864645	0.5	0.10772946296360152	1.0	0.23371479611805132	1.0	0.06712787044729887	1.0	0.10387236690182297	0.585786437626905	1.0
ckb	1.0	0.3483314773547883	1.0	1.0	0.44948974278317805	1.0	1.0	0.3430703308172536	0.44948974278317805	0.4142135623730951	1.0	1.0	0.44948974278317805	0.44948974278317805	0.38742588672279304	1.0	1.0	0.585786437626905	1.0	1.0	1.0	0.585786437626905	1.0	0.5	0.2708131845707603	1.0	0.585786437626905	1.0	0.585786437626905	1.0	0.585786437626905	1.0	1.0	1.0	1.0
da	0.3090169943749474	0.0679966725422833	0.045106106415957095	0.44948974278317805	1.0	0.007547857191136199	0.018243864691073686	0.011143722425588025	0.008310761169054671	0.008054206598240375	0.009924284331775831	0.10270214532815182	0.010924689384930858	0.011871054163699867	0.00813489745144028	0.008717032617572259	0.013479703359835173	0.06160213181977978	0.07026154888143603	0.06960576981524735	0.16343625225507505	0.008529758105514556	0.008281849171479757	0.008281651120368858	0.015900150894963546	0.007806179905821888	0.011370309316260646	0.585786437626905	0.0361051941799366	0.013247842524302273	0.008317722254162075	0.5	0.013919534490064705	0.08232655906534667	0.010127064702998312
de	1.0	0.06805163724470178	0.1399755881284967	1.0	0.007547857191136199	1.0	0.11091873155637468	0.0015707422575651935	0.01903935603227128	0.0019960862826418515	0.09278567916769824	0.25355482027512377	0.004634512792472814	0.0061697628010889205	0.002203115725689495	0.07619421680124755	0.11301265260956161	0.18502951679940477	0.3090169943749474	0.3333333333333333	0.44948974278317805	0.005108735457695564	0.008789836958995212	0.004337058570320849	0.008250450085031003	0.04298738814433801	0.005729830610975361	1.0	0.08311621855165738	0.15331120368114	0.003980198888512278	0.585786437626905	0.01692595737802682	0.3660254037844386	0.08577557793587373
el	1.0	0.07554975895174042	1.0	1.0	0.018243864691073686	0.11091873155637468	1.0	0.00504023359799883	0.08175014884417708	0.014423922628499182	1.0	1.0	0.023189143776972173	0.03968942036842598	0.012764281084176049	1.0	1.0	0.25728427444747215	1.0	1.0	1.0	0.06745866575850631	0.08815170219611887	0.053682332732216925	0.01774025849302811	1.0	0.03210433418362879	1.0	0.11447933581724978	1.0	0.03460801412288558	1.0	0.0764347998178936	0.585786437626905	1.0
en	0.12140257738326161	0.06658967766651948	0.00750669608117823	0.3430703308172536	0.011143722425588025	0.0015707422575651935	0.00504023359799883	1.0	0.0021864784597920863	0.0055297055107501715	0.004742887948122318	0.04505585057187343	0.009641954758702345	0.006886632186940452	0.008708654590423106	0.004035132179640768	0.006715343980130677	0.051036153804372306	0.026459138271371096	0.054234454751054234	0.18368518446174903	0.003340896508458066	0.0030676257999478207	0.0038053357530655717	0.010521554160877203	0.002440898237812278	0.006639064727743252	0.4142135623730951	0.035261547368467615	0.007274191045379922	0.004791813180534217	0.585786437626905	0.006588999968000372	0.11329855470953135	0.003932219590012837
es	0.3164309725825328	0.0699747513127951	0.14201473202245876	0.44948974278317805	0.008310761169054671	0.01903935603227128	0.08175014884417708	0.0021864784597920863	1.0	0.0026718627722591435	0.07763760606031311	0.24025307335204216	0.005043760016981347	0.006684859831139302	0.0026051990309163154	0.06159458585784484	0.10398421801784359	0.16556726505498612	0.1907435698305462	0.2372732414640341	0.4142135623730951	0.007442022396408205	0.01871698461437784	0.005475457877239457	0.008836446782451175	0.03300776220540158	0.00573602571458492	1.0	0.08039722688972267	0.10499266839576207	0.005120462526137721	1.0	0.02547994194895199	0.2674788903885893	0.0767755850448881
fr	0.2216368750839041	0.06932253532697676	0.03835938821210919	0.4142135623730951	0.008054206598240375	0.0019960862826418515	0.014423922628499182	0.0055297055107501715	0.0026718627722591435	1.0	0.009352268276281798	0.13451195982322192	0.004837553552948087	0.0064893586318749315	0.00446363694339911	0.006814613132257215	0.03290021295185704	0.1304467218878482	0.09362757686346634	0.17491720310721423	0.25728427444747215	0.003949542402625513	0.003975198658326629	0.003968859847953988	0.008474558356047565	0.003113273313617392	0.005855087929402354	1.0	0.07046760047032032	0.04681269053858563	0.004782814196124762	0.5	0.016176447444362665	0.19404996501286384	0.008839516417347178
he	1.0	0.07576270822505358	1.0	1.0	0.009924284331775831	0.09278567916769824	1.0	0.004742887948122318	0.07763760606031311	0.009352268276281798	1.0	1.0	0.009699490746568312	0.019811106791178385	0.011417326265724042	1.0	1.0	0.2063099139372659	1.0	1.0	1.0	0.04330319300366438	0.05528524910871156	0.026538250766159188	0.012167674351924002	1.0	0.015380379594401352	1.0	0.1026016932750722	0.585786437626905	0.02293488606635635	1.0	0.03801645807197625	0.585786437626905	1.0
hi	1.0	0.23371479611805132	1.0	1.0	0.10270214532815182	0.25355482027512377	1.0	0.04505585057187343	0.24025307335204216	0.13451195982322192	1.0	1.0	0.10745035092526581	0.17491720310721423	0.11772403115357771	1.0	1.0	0.4142135623730951	1.0	1.0	1.0	0.24660605559646726	0.171310475400854	0.21393876913398135	0.10367197603925819	1.0	0.15143323323844607	1.0	0.24025307335204216	1.0	0.21089672205953397	1.0	0.1478864632408439	1.0	1.0
hu	0.24336073281110826	0.07393136675614995	0.05235402473937175	0.44948974278317805	0.010924689384930858	0.004634512792472814	0.023189143776972173	0.009641954758702345	0.005043760016981347	0.004837553552948087	0.009699490746568312	0.10745035092526581	1.0	0.009042107250738781	0.006372519493732883	0.006997499765614303	0.014977149035491659	0.09153063836695285	0.10362021916353029	0.08298054119835024	0.28989794855663564	0.006049064936147493	0.005840043270815465	0.00539205283902616	0.012447982575546527	0.0050463506390542616	0.009065332165446114	0.5	0.06067018553688661	0.02502898594834547	0.005900841283880424	0.585786437626905	0.01543085181229699	0.1512290518085545	0.007271916625196062
id	0.20942771453851886	0.08017131559795963	0.08900958790582515	0.44948974278317805	0.011871054163699867	0.0061697628010889205	0.03968942036842598	0.006886632186940452	0.006684859831139302	0.0064893586318749315	0.019811106791178385	0.17491720310721423	0.009042107250738781	1.0	0.006545688807075046	0.013054369037788404	0.033631882402776064	0.13152651661238665	0.1380262631157473	0.17100799366294797	0.4142135623730951	0.010297695587025105	0.008150244613338156	0.008767272195985446	0.012314763821407965	0.0069042799767090384	0.019262779983154968	1.0	0.09118485055488385	0.058883696566306654	0.010154839250061835	1.0	0.03194300419429022	0.21393876913398135	0.015193601706130176
it	0.24336073281110826	0.07210822440853068	0.0594946794169976	0.38742588672279304	0.00813489745144028	0.002203115725689495	0.012764281084176049	0.008708654590423106	0.0026051990309163154	0.00446363694339911	0.011417326265724042	0.11772403115357771	0.006372519493732883	0.006545688807075046	1.0	0.005910280699588417	0.021888273929569303	0.12097221717826216	0.07891029596989835	0.11978243827074593	0.32449979983983984	0.0034251670452148833	0.0035517950669696043	0.0039211598996599225	0.008526771422155882	0.0029098348672284857	0.006114755700257962	0.5	0.06664490706410565	0.01941405467309534	0.0044216977471301985	0.585786437626905	0.01867901840582403	0.20991366558572697	0.0067816732510912435
ja	1.0	0.07162563710668096	1.0	1.0	0.008717032617572259	0.07619421680124755	1.0	0.004035132179640768	0.06159458585784484	0.006814613132257215	1.0	1.0	0.006997499765614303	0.013054369037788404	0.005910280699588417	1.0	1.0	0.21089672205953397	1.0	1.0	1.0	0.038774677807710684	0.04869226191395369	0.021428543497746054	0.01101080494248165	1.0	0.009557498452601657	1.0	0.09125547875239157	0.585786437626905	0.012298681271561644	1.0	0.037661151770527486	0.585786437626905	1.0
ko	1.0	0.08169161679274621	1.0	1.0	0.013479703359835173	0.11301265260956161	1.0	0.006715343980130677	0.10398421801784359	0.03290021295185704	1.0	1.0	0.014977149035491659	0.033631882402776064	0.021888273929569303	1.0	1.0	0.21089672205953397	1.0	1.0	1.0	0.07857904322020932	0.0844613020973339	0.06604088253131131	0.01650513191857081	1.0	0.024197465352415574	1.0	0.10280290431561903	1.0	0.035074382386739086	1.0	0.07517801369066933	0.585786437626905	1.0
lv	0.585786437626905	0.12795703205477296	0.5	0.585786437626905	0.06160213181977978	0.18502951679940477	0.25728427444747215	0.051036153804372306	0.16556726505498612	0.1304467218878482	0.2063099139372659	0.4142135623730951	0.09153063836695285	0.13152651661238665	0.12097221717826216	0.21089672205953397	0.21089672205953397	1.0	0.38742588672279304	0.44948974278317805	0.585786437626905	0.15471457025508126	0.16466859708621887	0.1448563916472135	0.07933170956540718	0.19803190560151412	0.10192842240568732	1.0	0.1757340838011157	0.21089672205953397	0.139263840218951	1.0	0.13810259580110595	0.5	0.2020331186045411
mk	1.0	0.14488602176971205	1.0	1.0	0.07026154888143603	0.3090169943749474	1.0	0.026459138271371096	0.1907435698305462	0.09362757686346634	1.0	1.0	0.10362021916353029	0.1380262631157473	0.07891029596989835	1.0	1.0	0.38742588672279304	1.0	1.0	1.0	0.17411239489546831	0.20942771453851886	0.13299282904102766	0.07045055960791385	1.0	0.14593533700330263	1.0	0.22646721143623746	1.0	0.12994151655209632	1.0	0.16139047779640892	0.585786437626905	1.0
ml	1.0	0.25355482027512377	1.0	1.0	0.06960576981524735	0.3333333333333333	1.0	0.054234454751054234	0.2372732414640341	0.17491720310721423	1.0	1.0	0.08298054119835024	0.17100799366294797	0.11978243827074593	1.0	1.0	0.44948974278317805	1.0	1.0	1.0	0.21712927295533244	0.23582845781094	0.1827439976315568	0.09957078376547897	1.0	0.13063781780662861	1.0	0.24660605559646726	1.0	0.1368227865524485	1.0	0.1368970350053999	1.0	1.0
mr	1.0	0.353889367864523	1.0	1.0	0.16343625225507505	0.44948974278317805	1.0	0.18368518446174903	0.4142135623730951	0.25728427444747215	1.0	1.0	0.28989794855663564	0.4142135623730951	0.32449979983983984	1.0	1.0	0.585786437626905	1.0	1.0	1.0	0.44948974278317805	0.44948974278317805	0.44948974278317805	0.2612038749637414	1.0	0.23166247903554	1.0	0.30216947925196225	1.0	0.4142135623730951	1.0	0.2588283628687876	1.0	1.0
nl	0.38742588672279304	0.07361460196602011	0.09120574414227797	0.585786437626905	0.008529758105514556	0.005108735457695564	0.06745866575850631	0.003340896508458066	0.007442022396408205	0.003949542402625513	0.04330319300366438	0.24660605559646726	0.006049064936147493	0.010297695587025105	0.0034251670452148833	0.038774677807710684	0.07857904322020932	0.15471457025508126	0.17411239489546831	0.21712927295533244	0.44948974278317805	1.0	0.015319868530242725	0.008485751924267352	0.00930825009719014	0.012700999225939594	0.0072334149760699545	1.0	0.0805317118108683	0.0845161994800683	0.006736417490913778	1.0	0.027616350804112916	0.3090169943749474	0.038572974060828755
pl	0.33333333333333326	0.07353455449837036	0.15548737703860027	1.0	0.008281849171479757	0.008789836958995212	0.08815170219611887	0.0030676257999478207	0.01871698461437784	0.003975198658326629	0.05528524910871156	0.171310475400854	0.005840043270815465	0.008150244613338156	0.0035517950669696043	0.04869226191395369	0.0844613020973339	0.16466859708621887	0.20942771453851886	0.23582845781094	0.44948974278317805	0.015319868530242725	1.0	0.012975756779672184	0.009251612334892564	0.020746614391728847	0.007300961359850097	0.585786437626905	0.0828898274855333	0.07689227740466703	0.007928412677424095	0.585786437626905	0.02828075949104155	0.2989350844248255	0.04965498354580865
pt	0.2474401533514073	0.07269939723313353	0.1233603071065848	0.5	0.008281651120368858	0.004337058570320849	0.053682332732216925	0.0038053357530655717	0.005475457877239457	0.003968859847953988	0.026538250766159188	0.21393876913398135	0.00539205283902616	0.008767272195985446	0.0039211598996599225	0.021428543497746054	0.06604088253131131	0.1448563916472135	0.13299282904102766	0.1827439976315568	0.44948974278317805	0.008485751924267352	0.012975756779672184	1.0	0.009532490684574593	0.007522255198727433	0.006587409288818129	0.585786437626905	0.0809841573976442	0.07024024043732534	0.005894802699992612	0.585786437626905	0.027802204690858867	0.34833147735478825	0.033223364562181036
ro	0.177648276168107	0.06871996516130428	0.061556576864645	0.2708131845707603	0.015900150894963546	0.008250450085031003	0.01774025849302811	0.010521554160877203	0.008836446782451175	0.008474558356047565	0.012167674351924002	0.10367197603925819	0.012447982575546527	0.012314763821407965	0.008526771422155882	0.01101080494248165	0.01650513191857081	0.07933170956540718	0.07045055960791385	0.09957078376547897	0.2612038749637414	0.00930825009719014	0.009251612334892564	0.009532490684574593	1.0	0.009363340075200807	0.012259735655680053	0.585786437626905	0.055935660986258136	0.014764160427018724	0.009148832967402024	0.585786437626905	0.017069704252827066	0.1417374030335042	0.010935384101717228
ru	1.0	0.07144641758949886	0.5	1.0	0.007806179905821888	0.04298738814433801	1.0	0.002440898237812278	0.03300776220540158	0.003113273313617392	1.0	1.0	0.0050463506390542616	0.0069042799767090384	0.0029098348672284857	1.0	1.0	0.19803190560151412	1.0	1.0	1.0	0.012700999225939594	0.020746614391728847	0.007522255198727433	0.009363340075200807	1.0	0.00594296195769767	1.0	0.0809410413408567	0.5	0.0052963676665393165	1.0	0.03167920655638388	0.585786437626905	1.0
sh	0.2791745113185196	0.06872239088926614	0.10772946296360152	0.585786437626905	0.011370309316260646	0.005729830610975361	0.03210433418362879	0.006639064727743252	0.00573602571458492	0.005855087929402354	0.015380379594401352	0.15143323323844607	0.009065332165446114	0.019262779983154968	0.006114755700257962	0.009557498452601657	0.024197465352415574	0.10192842240568732	0.14593533700330263	0.13063781780662861	0.23166247903554	0.0072334149760699545	0.007300961359850097	0.006587409288818129	0.012259735655680053	0.00594296195769767	1.0	0.585786437626905	0.06810862523229494	0.01903109449556378	0.007061098558013223	1.0	0.02297435913571821	0.1900332398552315	0.011198442619972878
si	1.0	1.0	1.0	1.0	0.585786437626905	1.0	1.0	0.4142135623730951	1.0	1.0	1.0	1.0	0.5	1.0	0.5	1.0	1.0	1.0	1.0	1.0	1.0	1.0	0.585786437626905	0.585786437626905	0.585786437626905	1.0	0.585786437626905	1.0	1.0	1.0	0.585786437626905	1.0	1.0	1.0	1.0
simple	0.353889367864523	0.11162926616377884	0.23371479611805132	0.585786437626905	0.0361051941799366	0.08311621855165738	0.11447933581724978	0.035261547368467615	0.08039722688972267	0.07046760047032032	0.1026016932750722	0.24025307335204216	0.06067018553688661	0.09118485055488385	0.06664490706410565	0.09125547875239157	0.10280290431561903	0.1757340838011157	0.22646721143623746	0.24660605559646726	0.30216947925196225	0.0805317118108683	0.0828898274855333	0.0809841573976442	0.055935660986258136	0.0809410413408567	0.06810862523229494	1.0	1.0	0.12117414236022282	0.0724788148436681	1.0	0.1030561550871519	0.22584440001865322	0.08982743707259452
sr	1.0	0.07402922255246674	1.0	1.0	0.013247842524302273	0.15331120368114	1.0	0.007274191045379922	0.10499266839576207	0.04681269053858563	0.585786437626905	1.0	0.02502898594834547	0.058883696566306654	0.01941405467309534	0.585786437626905	1.0	0.21089672205953397	1.0	1.0	1.0	0.0845161994800683	0.07689227740466703	0.07024024043732534	0.014764160427018724	0.5	0.01903109449556378	1.0	0.12117414236022282	1.0	0.04777086143237013	1.0	0.08053888551311189	0.585786437626905	0.585786437626905
sv	0.34833147735478825	0.06935378646278725	0.06712787044729887	0.585786437626905	0.008317722254162075	0.003980198888512278	0.03460801412288558	0.004791813180534217	0.005120462526137721	0.004782814196124762	0.02293488606635635	0.21089672205953397	0.005900841283880424	0.010154839250061835	0.0044216977471301985	0.012298681271561644	0.035074382386739086	0.139263840218951	0.12994151655209632	0.1368227865524485	0.4142135623730951	0.006736417490913778	0.007928412677424095	0.005894802699992612	0.009148832967402024	0.0052963676665393165	0.007061098558013223	0.585786437626905	0.0724788148436681	0.04777086143237013	1.0	1.0	0.02833046063444018	0.17808829082195718	0.009579050158066831
te	1.0	1.0	1.0	1.0	0.5	0.585786437626905	1.0	0.585786437626905	1.0	0.5	1.0	1.0	0.585786437626905	1.0	0.585786437626905	1.0	1.0	1.0	1.0	1.0	1.0	1.0	0.585786437626905	0.585786437626905	0.585786437626905	1.0	1.0	1.0	1.0	1.0	1.0	1.0	0.585786437626905	1.0	1.0
vi	0.44948974278317805	0.09076855682514111	0.10387236690182297	1.0	0.013919534490064705	0.01692595737802682	0.0764347998178936	0.006588999968000372	0.02547994194895199	0.016176447444362665	0.03801645807197625	0.1478864632408439	0.01543085181229699	0.03194300419429022	0.01867901840582403	0.037661151770527486	0.07517801369066933	0.13810259580110595	0.16139047779640892	0.1368970350053999	0.2588283628687876	0.027616350804112916	0.02828075949104155	0.027802204690858867	0.017069704252827066	0.03167920655638388	0.02297435913571821	1.0	0.1030561550871519	0.08053888551311189	0.02833046063444018	0.585786437626905	1.0	0.2303268468157938	0.03764543457828112
war	1.0	0.1827439976315568	0.585786437626905	1.0	0.08232655906534667	0.3660254037844386	0.585786437626905	0.11329855470953135	0.2674788903885893	0.19404996501286384	0.585786437626905	1.0	0.1512290518085545	0.21393876913398135	0.20991366558572697	0.585786437626905	0.585786437626905	0.5	0.585786437626905	1.0	1.0	0.3090169943749474	0.2989350844248255	0.34833147735478825	0.1417374030335042	0.585786437626905	0.1900332398552315	1.0	0.22584440001865322	0.585786437626905	0.17808829082195718	1.0	0.2303268468157938	1.0	0.585786437626905
zh	1.0	0.07144641758949886	1.0	1.0	0.010127064702998312	0.08577557793587373	1.0	0.003932219590012837	0.0767755850448881	0.008839516417347178	1.0	1.0	0.007271916625196062	0.015193601706130176	0.0067816732510912435	1.0	1.0	0.2020331186045411	1.0	1.0	1.0	0.038572974060828755	0.04965498354580865	0.033223364562181036	0.010935384101717228	1.0	0.011198442619972878	1.0	0.08982743707259452	0.585786437626905	0.009579050158066831	1.0	0.03764543457828112	0.585786437626905	1.0
