arz	bs	ceb	ckb	da	de	el	en	es	fr	he	hi	hu	id	it	ja	ko	lv	mk	ml	mr	nl	pl	pt	ro	ru	sh	si	simple	sr	sv	te	tr	vi	war	zh
arz	1.0	1.0	0.14342762372277804	1.0	1.0	1.0	1.0	1.0	1.0	1.0	1.0	1.0	1.0	1.0	1.0	1.0	1.0	1.0	1.0	1.0	1.0	1.0	1.0	1.0	1.0	1.0	1.0	1.0	1.0	1.0	1.0	0.0	1.0	1.0	1.0	1.0
bs	1.0	1.0	0.10004157901006269	1.0	1.0	1.0	1.0	0.585786437626905	1.0	1.0	1.0	1.0	1.0	1.0	1.0	1.0	1.0	1.0	1.0	1.0	1.0	0.585786437626905	1.0	1.0	1.0	1.0	0.585786437626905	0.039026161932736975	1.0	1.0	1.0	0.0	0.12869959859918143	1.0	0.010429191758449882	1.0
ceb	0.14342762372277804	0.10004157901006269	1.0	0.010778966673310448	0.09149454873596785	0.07759299779908575	0.010165126211985943	0.05953680312895309	0.06357932120401572	0.060436290519893826	0.010594958879813468	0.011066073733610599	0.04142642413783238	0.07729069195349485	0.10512594700794899	0.010165126211985943	0.01016512621198594	0.05260181734792879	0.010778966673310448	0.010778966673310448	0.010778966673310448	0.10200903352594526	0.08676672942226074	0.06294026520037752	0.09049906891839163	0.01016512621198594	0.06120306490936804	0.04064900619138829	0.10140619017586301	0.010594958879813468	0.06756659305804898	0.01359895741701737	-1.0	0.06733136550296541	0.01078226989236146	0.05417889418961212
ckb	1.0	1.0	0.010778966673310448	1.0	1.0	1.0	1.0	1.0	1.0	1.0	1.0	0.0	1.0	1.0	1.0	1.0	1.0	1.0	1.0	0.0	1.0	1.0	1.0	1.0	1.0	1.0	1.0	1.0	1.0	1.0	1.0	0.0	1.0	1.0	0.3203772410170407	1.0
da	1.0	1.0	0.09149454873596785	1.0	1.0	0.24257131419419417	0.39564392373896007	0.11898670048813603	0.26427884169111276	0.24660605559646726	0.585786437626905	1.0	0.5	0.3430703308172536	0.2612038749637414	0.28172904669025317	0.585786437626905	1.0	0.3483314773547883	1.0	1.0	0.20100418942950404	0.2989350844248255	0.3090169943749474	0.4364916731037085	0.27429188517743175	0.49851311685382416	0.0392970202196847	0.4485068563421602	0.585786437626905	0.29812168571354125	0.0	0.148685594623086	1.0	0.0104920377443439	0.28172904669025317
de	1.0	1.0	0.07759299779908575	1.0	0.24257131419419417	1.0	0.30216947925196225	0.03364110825547411	0.15055471221417036	0.09442047332401578	1.0	1.0	0.38742588672279304	0.2989350844248255	0.06429278946899707	0.12127550239018872	0.3430703308172536	0.585786437626905	0.22772999919644132	1.0	1.0	0.059576439225043354	0.22584440001865322	0.22772999919644132	0.30383243470068705	0.07742110133200698	0.22966848451216434	0.039520013868984016	0.3244997998398398	0.585786437626905	0.18243370584713978	0.0	0.11249421608270664	0.4364916731037085	0.010613169375409383	0.2012628451930092
el	1.0	1.0	0.010165126211985943	1.0	0.39564392373896007	0.30216947925196225	1.0	0.14745468145240584	1.0	0.32449979983983984	1.0	1.0	1.0	0.39564392373896007	0.2958163163244893	1.0	1.0	1.0	1.0	1.0	1.0	0.27792629762666365	0.5	1.0	0.5	1.0	1.0	1.0	0.44948974278317805	1.0	0.39564392373896	0.0	0.4364916731037085	1.0	0.3203772410170407	1.0
en	1.0	0.585786437626905	0.05953680312895309	1.0	0.11898670048813603	0.03364110825547411	0.14745468145240584	1.0	0.036128825803656554	0.02676799574111791	0.25824569976124334	0.39564392373896007	0.12113078364625691	0.0806034044316352	0.03339213230134399	0.02804478727108069	0.05965205159771494	0.3483314773547883	0.044305004554591985	1.0	1.0	0.0674900147372804	0.0478444671164187	0.041981620807095825	0.14942016584990342	0.023493048598981055	0.10129365390402499	0.041654091928674815	0.2592192604530755	0.39564392373896007	0.05550115353144909	1.0	0.09102988391988366	0.2474401533514073	0.011068960036348927	0.03237515213138074
es	1.0	1.0	0.06357932120401572	1.0	0.26427884169111276	0.15055471221417036	1.0	0.036128825803656554	1.0	0.13645694530941385	0.585786437626905	1.0	0.44948974278317805	0.39564392373896007	0.09892562819559712	0.39564392373896007	0.5	1.0	0.585786437626905	1.0	1.0	0.0707864848621473	0.3380788308512194	0.4364916731037085	0.44948974278317805	0.36602540378443865	0.28989794855663564	0.04102770380992227	0.3660254037844386	1.0	0.2466060555964672	0.0	0.15759329075370612	0.585786437626905	0.010925095092161824	0.4364916731037085
fr	1.0	1.0	0.060436290519893826	1.0	0.24660605559646726	0.09442047332401578	0.32449979983983984	0.02676799574111791	0.13645694530941385	1.0	1.0	1.0	0.26968623182294527	0.2592192604530755	0.06585255206831445	0.12973190755680383	0.3660254037844386	1.0	0.23166247903554	1.0	1.0	0.05336565740920902	0.1900332398552315	0.14314148321596143	0.30383243470068705	0.08815170219611887	0.1975496259559987	0.04141734497965075	0.3333333333333333	1.0	0.18933139574356014	0.0	0.13916672429626506	1.0	0.011029178066206647	0.156159660795834
he	1.0	1.0	0.010594958879813468	1.0	0.585786437626905	1.0	1.0	0.25824569976124334	0.585786437626905	1.0	1.0	1.0	1.0	0.585786437626905	0.5	1.0	1.0	1.0	1.0	1.0	1.0	0.353889367864523	0.585786437626905	1.0	1.0	1.0	1.0	1.0	0.5	1.0	0.585786437626905	0.0	0.585786437626905	1.0	0.3203772410170407	1.0
hi	1.0	1.0	0.011066073733610599	0.0	1.0	1.0	1.0	0.39564392373896007	1.0	1.0	1.0	1.0	0.585786437626905	0.585786437626905	0.585786437626905	1.0	1.0	1.0	1.0	1.0	1.0	0.31451985913875646	1.0	1.0	1.0	1.0	1.0	1.0	1.0	1.0	1.0	1.0	0.5	1.0	0.3203772410170407	1.0
hu	1.0	1.0	0.04142642413783238	1.0	0.5	0.38742588672279304	1.0	0.12113078364625691	0.44948974278317805	0.26968623182294527	1.0	0.585786437626905	1.0	1.0	0.28436465220442186	0.39564392373896007	0.5	1.0	0.585786437626905	1.0	1.0	0.23371479611805132	0.5	0.585786437626905	0.5	0.44948974278317805	0.44948974278317805	0.041221123517085206	0.5	1.0	0.5	0.0	0.585786437626905	1.0	0.01266459212406616	0.39564392373896
id	1.0	1.0	0.07729069195349485	1.0	0.3430703308172536	0.2989350844248255	0.39564392373896007	0.0806034044316352	0.39564392373896007	0.2592192604530755	0.585786437626905	0.585786437626905	1.0	1.0	0.26533119314590375	0.3164309725825328	1.0	1.0	0.4142135623730951	1.0	1.0	0.18243370584713978	0.39564392373896007	0.44948974278317805	0.5	0.2791745113185196	0.4142135623730951	0.03971424576429957	0.4142135623730951	1.0	0.38742588672279304	1.0	0.13262960112116967	1.0	0.010619014258608594	0.36602540378443865
it	1.0	1.0	0.10512594700794899	1.0	0.2612038749637414	0.06429278946899707	0.2958163163244893	0.03339213230134399	0.09892562819559712	0.06585255206831445	0.5	0.585786437626905	0.28436465220442186	0.26533119314590375	1.0	0.15174115516527187	0.24210172369314836	0.3266316347104093	0.16666666666666666	1.0	1.0	0.052080024439097046	0.16666666666666666	0.17011071785351697	0.26533119314590375	0.0689312905916282	0.25	0.03889284416151042	0.2791745113185196	0.585786437626905	0.19753784299547472	0.0	0.1338941330649367	0.3333333333333333	0.010382132193746924	0.17100799366294794
ja	1.0	1.0	0.010165126211985943	1.0	0.28172904669025317	0.12127550239018872	1.0	0.02804478727108069	0.39564392373896007	0.12973190755680383	1.0	1.0	0.39564392373896007	0.3164309725825328	0.15174115516527187	1.0	1.0	1.0	1.0	1.0	1.0	0.06430903696769553	0.44948974278317805	1.0	0.5	1.0	0.2222222222222222	1.0	0.38742588672279304	1.0	0.26533119314590375	1.0	0.2158344610587697	1.0	0.3203772410170407	1.0
ko	1.0	1.0	0.01016512621198594	1.0	0.585786437626905	0.3430703308172536	1.0	0.05965205159771494	0.5	0.3660254037844386	1.0	1.0	0.5	1.0	0.24210172369314836	1.0	1.0	1.0	1.0	1.0	1.0	0.2187841884486319	0.5	1.0	1.0	1.0	0.5	1.0	0.5	1.0	0.585786437626905	0.0	0.39564392373896007	1.0	0.3203772410170407	1.0
lv	1.0	1.0	0.05260181734792879	1.0	1.0	0.585786437626905	1.0	0.3483314773547883	1.0	1.0	1.0	1.0	1.0	1.0	0.3266316347104093	1.0	1.0	1.0	1.0	1.0	1.0	0.4364916731037085	0.585786437626905	1.0	1.0	1.0	0.585786437626905	0.042916665369181276	1.0	1.0	1.0	0.0	0.3333333333333333	1.0	0.011592702921678116	1.0
mk	1.0	1.0	0.010778966673310448	1.0	0.3483314773547883	0.22772999919644132	1.0	0.044305004554591985	0.585786437626905	0.23166247903554	1.0	1.0	0.585786437626905	0.4142135623730951	0.16666666666666666	1.0	1.0	1.0	1.0	1.0	1.0	0.18660549686337075	0.5	1.0	0.585786437626905	1.0	0.3430703308172536	1.0	0.585786437626905	1.0	0.3090169943749474	0.0	0.585786437626905	1.0	0.3203772410170407	1.0
ml	1.0	1.0	0.010778966673310448	0.0	1.0	1.0	1.0	1.0	1.0	1.0	1.0	1.0	1.0	1.0	1.0	1.0	1.0	1.0	1.0	1.0	0.0	0.5	1.0	1.0	1.0	1.0	1.0	1.0	1.0	1.0	1.0	0.0	0.585786437626905	1.0	0.3203772410170407	1.0
mr	1.0	1.0	0.010778966673310448	1.0	1.0	1.0	1.0	1.0	1.0	1.0	1.0	1.0	1.0	1.0	1.0	1.0	1.0	1.0	1.0	0.0	1.0	1.0	1.0	1.0	1.0	1.0	1.0	1.0	1.0	1.0	1.0	1.0	1.0	0.0	0.3203772410170407	1.0
nl	1.0	0.585786437626905	0.10200903352594526	1.0	0.20100418942950404	0.059576439225043354	0.27792629762666365	0.0674900147372804	0.0707864848621473	0.05336565740920902	0.353889367864523	0.31451985913875646	0.23371479611805132	0.18243370584713978	0.052080024439097046	0.06430903696769553	0.2187841884486319	0.4364916731037085	0.18660549686337075	0.5	1.0	1.0	0.1196606020664674	0.16597681693032765	0.3333333333333333	0.053908562784313496	0.18454985569798993	0.038964458251780305	0.3244997998398398	0.39564392373896007	0.14007896225863764	0.0	0.07002710249694785	0.353889367864523	0.010405012671879791	0.07289640648197142
pl	1.0	1.0	0.08676672942226074	1.0	0.2989350844248255	0.22584440001865322	0.5	0.0478444671164187	0.3380788308512194	0.1900332398552315	0.585786437626905	1.0	0.5	0.39564392373896007	0.16666666666666666	0.44948974278317805	0.5	0.585786437626905	0.5	1.0	1.0	0.1196606020664674	1.0	0.5	0.5	0.44948974278317805	0.252650308587072	0.039202615774656585	0.4142135623730951	0.585786437626905	0.38742588672279304	0.0	0.14203693728926411	0.44948974278317805	0.010506661715278311	0.5
pt	1.0	1.0	0.06294026520037752	1.0	0.3090169943749474	0.22772999919644132	1.0	0.041981620807095825	0.4364916731037085	0.14314148321596143	1.0	1.0	0.585786437626905	0.44948974278317805	0.17011071785351697	1.0	1.0	1.0	1.0	1.0	1.0	0.16597681693032765	0.5	1.0	0.5	1.0	0.2958163163244893	0.040022241015684315	0.44948974278317805	1.0	0.2791745113185196	0.0	0.13495953865305124	1.0	0.011598300004064208	1.0
ro	1.0	1.0	0.09049906891839163	1.0	0.4364916731037085	0.30383243470068705	0.5	0.14942016584990342	0.44948974278317805	0.30383243470068705	1.0	1.0	0.5	0.5	0.26533119314590375	0.5	1.0	1.0	0.585786437626905	1.0	1.0	0.3333333333333333	0.5	0.5	1.0	0.5	1.0	0.039297020219684696	0.4142135623730951	1.0	0.30901699437494745	0.0	0.3726822671238253	1.0	0.010490290164887247	0.5
ru	1.0	1.0	0.01016512621198594	1.0	0.27429188517743175	0.07742110133200698	1.0	0.023493048598981055	0.36602540378443865	0.08815170219611887	1.0	1.0	0.44948974278317805	0.2791745113185196	0.0689312905916282	1.0	1.0	1.0	1.0	1.0	1.0	0.053908562784313496	0.44948974278317805	1.0	0.5	1.0	0.24257131419419417	1.0	0.38742588672279304	1.0	0.25	1.0	0.14328432723886902	1.0	0.3203772410170407	1.0
sh	1.0	0.585786437626905	0.06120306490936804	1.0	0.49851311685382416	0.22966848451216434	1.0	0.10129365390402499	0.28989794855663564	0.1975496259559987	1.0	1.0	0.44948974278317805	0.4142135623730951	0.25	0.2222222222222222	0.5	0.585786437626905	0.3430703308172536	1.0	1.0	0.18454985569798993	0.252650308587072	0.2958163163244893	1.0	0.24257131419419417	1.0	0.03971735226054351	1.0	0.3430703308172536	0.27792629762666365	0.0	0.3483314773547883	0.585786437626905	0.011681343542810764	0.2222222222222222
si	1.0	0.039026161932736975	0.04064900619138829	1.0	0.0392970202196847	0.039520013868984016	1.0	0.041654091928674815	0.04102770380992227	0.04141734497965075	1.0	1.0	0.041221123517085206	0.03971424576429957	0.03889284416151042	1.0	1.0	0.042916665369181276	1.0	1.0	1.0	0.038964458251780305	0.039202615774656585	0.040022241015684315	0.039297020219684696	1.0	0.03971735226054351	1.0	0.038974721601113524	1.0	0.04042912417052258	1.0	1.0	0.04042912417052258	1.0	0.04511041949696149
simple	1.0	1.0	0.10140619017586301	1.0	0.4485068563421602	0.3244997998398398	0.44948974278317805	0.2592192604530755	0.3660254037844386	0.3333333333333333	0.5	1.0	0.5	0.4142135623730951	0.2791745113185196	0.38742588672279304	0.5	1.0	0.585786437626905	1.0	1.0	0.3244997998398398	0.4142135623730951	0.44948974278317805	0.4142135623730951	0.38742588672279304	1.0	0.038974721601113524	1.0	1.0	0.4142135623730951	0.0	0.19448420424386523	1.0	0.010401030791868023	0.38742588672279304
sr	1.0	1.0	0.010594958879813468	1.0	0.585786437626905	0.585786437626905	1.0	0.39564392373896007	1.0	1.0	1.0	1.0	1.0	1.0	0.585786437626905	1.0	1.0	1.0	1.0	1.0	1.0	0.39564392373896007	0.585786437626905	1.0	1.0	1.0	0.3430703308172536	1.0	1.0	1.0	1.0	0.0	0.27792629762666365	1.0	0.3203772410170407	1.0
sv	1.0	1.0	0.06756659305804898	1.0	0.29812168571354125	0.18243370584713978	0.39564392373896	0.05550115353144909	0.2466060555964672	0.18933139574356014	0.585786437626905	1.0	0.5	0.38742588672279304	0.19753784299547472	0.26533119314590375	0.585786437626905	1.0	0.3090169943749474	1.0	1.0	0.14007896225863764	0.38742588672279304	0.2791745113185196	0.30901699437494745	0.25	0.27792629762666365	0.04042912417052258	0.4142135623730951	1.0	1.0	1.0	0.2204812092115424	0.585786437626905	0.010808767209039094	0.26533119314590375
te	0.0	0.0	0.01359895741701737	0.0	0.0	0.0	0.0	1.0	0.0	0.0	0.0	1.0	0.0	1.0	0.0	1.0	0.0	0.0	0.0	0.0	1.0	0.0	0.0	0.0	0.0	1.0	0.0	1.0	0.0	0.0	1.0	1.0	0.585786437626905	0.0	0.44948974278317805	0.0
tr	1.0	0.12869959859918143	-1.0	1.0	0.148685594623086	0.11249421608270664	0.4364916731037085	0.09102988391988366	0.15759329075370612	0.13916672429626506	0.585786437626905	0.5	0.585786437626905	0.13262960112116967	0.1338941330649367	0.2158344610587697	0.39564392373896007	0.3333333333333333	0.585786437626905	0.585786437626905	1.0	0.07002710249694785	0.14203693728926411	0.13495953865305124	0.3726822671238253	0.14328432723886902	0.3483314773547883	1.0	0.19448420424386523	0.27792629762666365	0.2204812092115424	0.585786437626905	1.0	0.44948974278317805	1.0	0.3164309725825327
vi	1.0	1.0	0.06733136550296541	1.0	1.0	0.4364916731037085	1.0	0.2474401533514073	0.585786437626905	1.0	1.0	1.0	1.0	1.0	0.3333333333333333	1.0	1.0	1.0	1.0	1.0	0.0	0.353889367864523	0.44948974278317805	1.0	1.0	1.0	0.585786437626905	0.04042912417052258	1.0	1.0	0.585786437626905	0.0	0.44948974278317805	1.0	0.010820921486978751	1.0
war	1.0	0.010429191758449882	0.01078226989236146	0.3203772410170407	0.0104920377443439	0.010613169375409383	0.3203772410170407	0.011068960036348927	0.010925095092161824	0.011029178066206647	0.3203772410170407	0.3203772410170407	0.01266459212406616	0.010619014258608594	0.010382132193746924	0.3203772410170407	0.3203772410170407	0.011592702921678116	0.3203772410170407	0.3203772410170407	0.3203772410170407	0.010405012671879791	0.010506661715278311	0.011598300004064208	0.010490290164887247	0.3203772410170407	0.011681343542810764	1.0	0.010401030791868023	0.3203772410170407	0.010808767209039094	0.44948974278317805	1.0	0.010820921486978751	1.0	0.011820761296335957
zh	1.0	1.0	0.05417889418961212	1.0	0.28172904669025317	0.2012628451930092	1.0	0.03237515213138074	0.4364916731037085	0.156159660795834	1.0	1.0	0.39564392373896	0.36602540378443865	0.17100799366294794	1.0	1.0	1.0	1.0	1.0	1.0	0.07289640648197142	0.5	1.0	0.5	1.0	0.2222222222222222	0.04511041949696149	0.38742588672279304	1.0	0.26533119314590375	0.0	0.3164309725825327	1.0	0.011820761296335957	1.0
