arz	bs	ceb	ckb	da	de	el	en	es	fr	he	hi	hu	id	it	ja	ko	lv	mk	ml	mr	nl	pl	pt	ro	ru	sh	si	simple	sr	sv	te	vi	war	zh
arz	1.0	0.0	0.0	0.0	1.0	1.0	1.0	1.0	1.0	1.0	1.0	0.0	1.0	1.0	1.0	1.0	1.0	1.0	1.0	0.0	1.0	1.0	1.0	1.0	1.0	1.0	0.0	1.0	1.0	1.0	1.0	0.0	1.0	0.8216064286890065	1.0
bs	0.0	1.0	0.0	0.0	1.0	1.0	1.0	0.46959601155582775	1.0	1.0	1.0	1.0	1.0	0.0	1.0	1.0	1.0	0.0	0.0	0.0	0.0	1.0	1.0	1.0	1.0	1.0	1.0	0.0	0.0	1.0	1.0	0.0	1.0	0.4154499518352342	1.0
ceb	0.0	0.0	1.0	0.0	0.0	1.0	0.0	1.0	1.0	1.0	0.0	0.0	0.0	0.0	0.0	1.0	0.0	0.0	0.0	0.0	0.0	1.0	1.0	1.0	0.0	0.0	0.0	0.0	0.0	0.0	1.0	0.0	0.0	1.0	0.0
ckb	0.0	0.0	0.0	1.0	0.0	1.0	0.0	1.0	1.0	1.0	1.0	0.0	0.0	0.0	1.0	1.0	0.0	0.0	0.0	0.0	0.0	1.0	0.0	0.0	0.0	1.0	1.0	0.0	1.0	0.0	0.0	0.0	1.0	0.7510341748895939	0.0
da	1.0	1.0	0.0	0.0	1.0	1.0	1.0	0.3228368432674962	0.7210092110599263	1.0	1.0	1.0	1.0	1.0	1.0	1.0	1.0	1.0	1.0	1.0	1.0	0.7376607345031153	1.0	1.0	0.8755395908437883	1.0	1.0	1.0	1.0	1.0	1.0	0.0	1.0	0.5793464078788751	1.0
de	1.0	1.0	1.0	1.0	1.0	1.0	1.0	0.12789631765824458	0.39889998060710524	0.31745947505519073	1.0	0.0	0.6468909830471344	1.0	0.43253386338739447	0.7101264857596848	1.0	1.0	1.0	1.0	1.0	0.4731809204477207	0.5372781083751977	0.5586948029842127	0.4963179157539878	0.4756929271081991	1.0	1.0	0.74551343442257	1.0	0.588427146541076	0.0	1.0	0.5895216222074063	0.651610424238932
el	1.0	1.0	0.0	0.0	1.0	1.0	1.0	1.0	1.0	1.0	1.0	0.0	1.0	1.0	1.0	1.0	1.0	1.0	1.0	1.0	1.0	1.0	1.0	1.0	0.749506019670501	1.0	0.0	1.0	1.0	1.0	1.0	0.0	1.0	0.6395657813917608	1.0
en	1.0	0.46959601155582775	1.0	1.0	0.3228368432674962	0.12789631765824458	1.0	1.0	0.11097608161374455	0.16557309489439279	0.41154311309642133	0.43526109167898114	0.728099120889861	0.5655779570924505	0.3213551508711333	0.3223178674397255	0.38919876360042976	1.0	1.0	0.6223041007404059	1.0	0.2597059144843793	0.3432513286276074	0.4799721834059025	0.33869749680684247	0.23999960203607706	0.6605605313992053	1.0	0.5861147424360064	0.4493075654568811	0.2378238991267864	1.0	0.661251134120194	0.5811824348635611	0.4081407471980191
es	1.0	1.0	1.0	1.0	0.7210092110599263	0.39889998060710524	1.0	0.11097608161374455	1.0	0.44433274543444373	1.0	1.0	0.7347168825662656	1.0	0.5618106076643239	1.0	1.0	1.0	1.0	1.0	1.0	0.5243118279808623	1.0	1.0	0.6614609618373152	1.0	1.0	1.0	1.0	1.0	1.0	0.0	1.0	0.6395657813917608	1.0
fr	1.0	1.0	1.0	1.0	1.0	0.31745947505519073	1.0	0.16557309489439279	0.44433274543444373	1.0	1.0	1.0	0.7322034805959263	1.0	0.4386672979135836	1.0	1.0	1.0	1.0	1.0	1.0	0.5100689490729071	0.7106212328351247	0.7122412578101112	0.5757507637558249	0.7045114748188589	1.0	1.0	1.0	1.0	0.6282447053341116	1.0	1.0	0.6488642620965668	1.0
he	1.0	1.0	0.0	1.0	1.0	1.0	1.0	0.41154311309642133	1.0	1.0	1.0	0.0	0.7455134344225701	1.0	1.0	1.0	1.0	1.0	1.0	1.0	1.0	0.5649879395951224	1.0	1.0	0.5978061115680099	1.0	1.0	1.0	1.0	1.0	1.0	0.0	1.0	0.6395657813917608	1.0
hi	0.0	1.0	0.0	0.0	1.0	0.0	0.0	0.43526109167898114	1.0	1.0	0.0	1.0	0.0	1.0	0.0	1.0	0.0	0.0	0.0	1.0	1.0	1.0	0.0	0.0	0.0	1.0	1.0	0.0	1.0	1.0	1.0	1.0	0.0	0.7510341748895939	0.0
hu	1.0	1.0	0.0	0.0	1.0	0.6468909830471344	1.0	0.728099120889861	0.7347168825662656	0.7322034805959263	0.7455134344225701	0.0	1.0	1.0	0.7347168825662656	1.0	1.0	1.0	1.0	1.0	1.0	1.0	0.7347168825662656	1.0	0.6415215838021581	0.7347168825662656	1.0	1.0	1.0	1.0	0.7411828468492556	0.0	1.0	0.6524007805500078	1.0
id	1.0	0.0	0.0	0.0	1.0	1.0	1.0	0.5655779570924505	1.0	1.0	1.0	1.0	1.0	1.0	1.0	1.0	1.0	1.0	1.0	1.0	1.0	1.0	1.0	1.0	1.0	1.0	1.0	1.0	1.0	1.0	1.0	0.0	1.0	0.5811824348635611	1.0
it	1.0	1.0	0.0	1.0	1.0	0.43253386338739447	1.0	0.3213551508711333	0.5618106076643239	0.4386672979135836	1.0	0.0	0.7347168825662656	1.0	1.0	0.7210092110599264	1.0	1.0	1.0	1.0	1.0	0.6845485002822447	1.0	0.6069108615366312	0.3467582308411205	0.7179915061657697	1.0	1.0	1.0	1.0	0.5718484386136876	0.0	1.0	0.5811824348635611	1.0
ja	1.0	1.0	1.0	1.0	1.0	0.7101264857596848	1.0	0.3223178674397255	1.0	1.0	1.0	1.0	1.0	1.0	0.7210092110599264	1.0	1.0	1.0	1.0	1.0	1.0	1.0	1.0	1.0	0.6987958953943715	1.0	1.0	1.0	1.0	1.0	1.0	0.0	1.0	0.6395657813917608	1.0
ko	1.0	1.0	0.0	0.0	1.0	1.0	1.0	0.38919876360042976	1.0	1.0	1.0	0.0	1.0	1.0	1.0	1.0	1.0	1.0	1.0	1.0	1.0	1.0	1.0	1.0	0.7686211302775307	1.0	1.0	1.0	1.0	1.0	1.0	0.0	1.0	0.6395657813917608	1.0
lv	1.0	0.0	0.0	0.0	1.0	1.0	1.0	1.0	1.0	1.0	1.0	0.0	1.0	1.0	1.0	1.0	1.0	1.0	1.0	0.0	1.0	1.0	1.0	1.0	1.0	1.0	0.0	1.0	1.0	1.0	1.0	0.0	1.0	0.7584325078215763	1.0
mk	1.0	0.0	0.0	0.0	1.0	1.0	1.0	1.0	1.0	1.0	1.0	0.0	1.0	1.0	1.0	1.0	1.0	1.0	1.0	0.0	1.0	1.0	1.0	1.0	1.0	1.0	0.0	1.0	1.0	1.0	1.0	0.0	1.0	1.0	1.0
ml	0.0	0.0	0.0	0.0	1.0	1.0	1.0	0.6223041007404059	1.0	1.0	1.0	1.0	1.0	1.0	1.0	1.0	1.0	0.0	0.0	1.0	1.0	1.0	1.0	1.0	0.0	1.0	1.0	0.0	1.0	0.0	1.0	1.0	1.0	0.6524007805500078	1.0
mr	1.0	0.0	0.0	0.0	1.0	1.0	1.0	1.0	1.0	1.0	1.0	1.0	1.0	1.0	1.0	1.0	1.0	1.0	1.0	1.0	1.0	1.0	1.0	1.0	1.0	1.0	0.0	1.0	1.0	1.0	1.0	0.0	1.0	0.7690990303325336	1.0
nl	1.0	1.0	1.0	1.0	0.7376607345031153	0.4731809204477207	1.0	0.2597059144843793	0.5243118279808623	0.5100689490729071	0.5649879395951224	1.0	1.0	1.0	0.6845485002822447	1.0	1.0	1.0	1.0	1.0	1.0	1.0	0.661251134120194	1.0	0.555239833987158	0.5808852645006567	1.0	1.0	1.0	1.0	0.7162976956558117	1.0	1.0	0.6395657813917608	0.7300208629885034
pl	1.0	1.0	1.0	0.0	1.0	0.5372781083751977	1.0	0.3432513286276074	1.0	0.7106212328351247	1.0	0.0	0.7347168825662656	1.0	1.0	1.0	1.0	1.0	1.0	1.0	1.0	0.661251134120194	1.0	1.0	0.5757507637558249	1.0	1.0	1.0	1.0	1.0	1.0	0.0	1.0	0.5811824348635611	1.0
pt	1.0	1.0	1.0	0.0	1.0	0.5586948029842127	1.0	0.4799721834059025	1.0	0.7122412578101112	1.0	0.0	1.0	1.0	0.6069108615366312	1.0	1.0	1.0	1.0	1.0	1.0	1.0	1.0	1.0	0.8216064286890065	1.0	1.0	1.0	1.0	1.0	1.0	0.0	1.0	0.6395657813917608	1.0
ro	1.0	1.0	0.0	0.0	0.8755395908437883	0.4963179157539878	0.749506019670501	0.33869749680684247	0.6614609618373152	0.5757507637558249	0.5978061115680099	0.0	0.6415215838021581	1.0	0.3467582308411205	0.6987958953943715	0.7686211302775307	1.0	1.0	0.0	1.0	0.555239833987158	0.5757507637558249	0.8216064286890065	1.0	0.535554040441265	0.0	1.0	1.0	1.0	0.5946142619232484	0.0	0.7863954451402115	0.7760512762941386	0.6656368591563118
ru	1.0	1.0	0.0	1.0	1.0	0.4756929271081991	1.0	0.23999960203607706	1.0	0.7045114748188589	1.0	1.0	0.7347168825662656	1.0	0.7179915061657697	1.0	1.0	1.0	1.0	1.0	1.0	0.5808852645006567	1.0	1.0	0.535554040441265	1.0	1.0	1.0	1.0	1.0	1.0	1.0	1.0	0.6395657813917608	1.0
sh	0.0	1.0	0.0	1.0	1.0	1.0	0.0	0.6605605313992053	1.0	1.0	1.0	1.0	1.0	1.0	1.0	1.0	1.0	0.0	0.0	1.0	0.0	1.0	1.0	1.0	0.0	1.0	1.0	0.0	1.0	1.0	1.0	0.0	1.0	0.7224727212512667	1.0
si	1.0	0.0	0.0	0.0	1.0	1.0	1.0	1.0	1.0	1.0	1.0	0.0	1.0	1.0	1.0	1.0	1.0	1.0	1.0	0.0	1.0	1.0	1.0	1.0	1.0	1.0	0.0	1.0	1.0	1.0	1.0	0.0	1.0	1.0	1.0
simple	1.0	0.0	0.0	1.0	1.0	0.74551343442257	1.0	0.5861147424360064	1.0	1.0	1.0	1.0	1.0	1.0	1.0	1.0	1.0	1.0	1.0	1.0	1.0	1.0	1.0	1.0	1.0	1.0	1.0	1.0	1.0	1.0	1.0	0.0	1.0	0.7760512762941386	1.0
sr	1.0	1.0	0.0	0.0	1.0	1.0	1.0	0.4493075654568811	1.0	1.0	1.0	1.0	1.0	1.0	1.0	1.0	1.0	1.0	1.0	0.0	1.0	1.0	1.0	1.0	1.0	1.0	1.0	1.0	1.0	1.0	1.0	0.0	1.0	0.6395657813917608	1.0
sv	1.0	1.0	1.0	0.0	1.0	0.588427146541076	1.0	0.2378238991267864	1.0	0.6282447053341116	1.0	1.0	0.7411828468492556	1.0	0.5718484386136876	1.0	1.0	1.0	1.0	1.0	1.0	0.7162976956558117	1.0	1.0	0.5946142619232484	1.0	1.0	1.0	1.0	1.0	1.0	0.0	1.0	0.5811824348635611	1.0
te	0.0	0.0	0.0	0.0	0.0	0.0	0.0	1.0	0.0	1.0	0.0	1.0	0.0	0.0	0.0	0.0	0.0	0.0	0.0	1.0	0.0	1.0	0.0	0.0	0.0	1.0	0.0	0.0	0.0	0.0	0.0	1.0	0.0	0.7690990303325336	0.0
vi	1.0	1.0	0.0	1.0	1.0	1.0	1.0	0.661251134120194	1.0	1.0	1.0	0.0	1.0	1.0	1.0	1.0	1.0	1.0	1.0	1.0	1.0	1.0	1.0	1.0	0.7863954451402115	1.0	1.0	1.0	1.0	1.0	1.0	0.0	1.0	0.6395657813917608	1.0
war	0.8216064286890065	0.4154499518352342	1.0	0.7510341748895939	0.5793464078788751	0.5895216222074063	0.6395657813917608	0.5811824348635611	0.6395657813917608	0.6488642620965668	0.6395657813917608	0.7510341748895939	0.6524007805500078	0.5811824348635611	0.5811824348635611	0.6395657813917608	0.6395657813917608	0.7584325078215763	1.0	0.6524007805500078	0.7690990303325336	0.6395657813917608	0.5811824348635611	0.6395657813917608	0.7760512762941386	0.6395657813917608	0.7224727212512667	1.0	0.7760512762941386	0.6395657813917608	0.5811824348635611	0.7690990303325336	0.6395657813917608	1.0	0.6395657813917608
zh	1.0	1.0	0.0	0.0	1.0	0.651610424238932	1.0	0.4081407471980191	1.0	1.0	1.0	0.0	1.0	1.0	1.0	1.0	1.0	1.0	1.0	1.0	1.0	0.7300208629885034	1.0	1.0	0.6656368591563118	1.0	1.0	1.0	1.0	1.0	1.0	0.0	1.0	0.6395657813917608	1.0
