arz	bs	ceb	ckb	da	de	el	en	es	fr	he	hi	hu	id	it	ja	ko	lv	mk	ml	mr	nl	pl	pt	ro	ru	sh	si	simple	sr	sv	te	vi	war	zh
arz	1.0	0.15384615384615385	0.05555555555555555	0.1919191919191919	0.08155270655270655	0.05172413793103448	0.125	0.022435897435897436	0.045454545454545456	0.03977272727272727	0.06521739130434782	0.05405405405405406	0.10999761393462182	0.06079638752052545	0.03614457831325301	0.046153846153846156	0.06140350877192982	0.13157894736842105	0.1757518796992481	0.11904761904761904	0.08	0.0660377358490566	0.07488344988344989	0.06361280144241604	0.09210526315789473	0.04384091550147076	0.13043478260869565	0.027777777777777776	0.0749496981891348	0.11666666666666667	0.037037037037037035	0.075	0.09722222222222222	0.3333333333333333	0.05397192261599042
bs	0.15384615384615385	1.0	0.10526315789473684	0.15384615384615385	0.11538461538461539	0.06779661016949153	0.15517241379310345	0.03205128205128205	0.057692307692307696	0.05228001081122823	0.1111111111111111	0.12626262626262624	0.11428571428571428	0.07377049180327869	0.047619047619047616	0.06060606060606061	0.07758620689655173	0.21052631578947367	0.13636363636363635	0.13043478260869565	0.11538461538461539	0.07272727272727272	0.08490566037735849	0.07627118644067797	0.1	0.05357142857142857	0.16666666666666666	0.1111111111111111	0.09481537050929399	0.13020833333333334	0.0625	0.09090909090909091	0.12162162162162163	0.14285714285714285	0.06811656005685857
ceb	0.05555555555555555	0.10526315789473684	1.0	0.08823529411764706	0.16266968325791856	0.12001118333682811	0.08571428571428572	0.04348595108146351	0.08441558441558442	0.07664141414141415	0.14162881245944192	0.1282249742002064	0.18710888610763454	0.09437005477784541	0.07228915662650602	0.08653846153846154	0.09313725490196079	0.22727272727272727	0.1625	0.10983397190293742	0.08898305084745763	0.1148705096073517	0.140625	0.10867165944028381	0.1450187969924812	0.08669314128020462	0.1537037037037037	0.043478260869565216	0.12235729386892177	0.11729776247848536	0.08318050193050193	0.037037037037037035	0.1325910931174089	0.08333333333333333	0.08854845174867222
ckb	0.1919191919191919	0.15384615384615385	0.08823529411764706	1.0	0.07692307692307693	0.06140350877192982	0.08333333333333333	0.022435897435897436	0.038461538461538464	0.03977272727272727	0.06521739130434782	0.08571428571428572	0.09236752552260574	0.04918032786885246	0.03614457831325301	0.046153846153846156	0.05172413793103448	0.16666666666666666	0.125	0.11904761904761904	0.10416666666666667	0.05555555555555555	0.06054078145892141	0.05084745762711865	0.07692307692307693	0.03571428571428571	0.10416666666666667	0.058823529411764705	0.05813953488372093	0.0967741935483871	0.037037037037037035	0.10526315789473684	0.08108108108108109	0.125	0.04572850035536603
da	0.08155270655270655	0.11538461538461539	0.16266968325791856	0.07692307692307693	1.0	0.23254228041462086	0.20212765957446807	0.12418150663974052	0.21300154320987652	0.19747565096402306	0.276907780263485	0.1792452830188679	0.3231733220050977	0.22741417386067053	0.18791574279379158	0.204064919594997	0.22828066068409417	0.23796992481203008	0.16666666666666666	0.1367117117117117	0.11956197112991539	0.2521128194684859	0.2916860735910573	0.2603305785123967	0.2816830435878055	0.2018455978196469	0.20187609927692007	0.08139534883720931	0.26902398676592226	0.21348797250859108	0.19760196761631482	0.0625	0.2693877551020408	0.08974358974358974	0.23480594175988406
de	0.05172413793103448	0.06779661016949153	0.12001118333682811	0.06140350877192982	0.23254228041462086	1.0	0.18548387096774194	0.1809065914136065	0.30602240896358546	0.3152747780177586	0.25526315789473686	0.17146506489919913	0.24784005316792201	0.24720874198255677	0.251898983920292	0.2857142857142857	0.23713865752082314	0.1271186440677966	0.13806846786373553	0.13551673944687045	0.1189236111111111	0.2991590624440866	0.29477310525065337	0.3047839506172839	0.2580834803057025	0.2662000556225086	0.14754098360655737	0.06557377049180328	0.26495726495726496	0.1941125541125541	0.23281059771580961	0.07936507936507936	0.21986892031735084	0.07017543859649122	0.2930582721334465
el	0.125	0.15517241379310345	0.08571428571428572	0.08333333333333333	0.20212765957446807	0.18548387096774194	1.0	0.08974358974358974	0.14814814814814814	0.13043478260869565	0.19108309143686503	0.20454545454545456	0.19715007215007213	0.15671641791044777	0.13953488372093023	0.18196509372979963	0.15736728060671723	0.18181818181818182	0.17566137566137566	0.2213804713804714	0.17567567567567569	0.16393442622950818	0.16666666666666666	0.1935483870967742	0.1875	0.14534883720930233	0.17567567567567569	0.07142857142857142	0.19353356890459364	0.225	0.14285714285714285	0.14705882352941177	0.2111111111111111	0.14285714285714285	0.16386219015415746
en	0.022435897435897436	0.03205128205128205	0.04348595108146351	0.022435897435897436	0.12418150663974052	0.1809065914136065	0.08974358974358974	1.0	0.23361903666206474	0.27187533886358706	0.14266117231881562	0.11021582390297474	0.10842566524384706	0.19485006518904824	0.2226605569015766	0.20183886575208232	0.16353507575317816	0.05448717948717949	0.055390127388535035	0.06181881181881182	0.072890941797006	0.1662137382681207	0.16087490692479525	0.17924771019862099	0.12362414008755472	0.24735455932747913	0.07082512532231458	0.038461538461538464	0.1373917681013929	0.0979481045270519	0.2139683734939759	0.05128205128205128	0.11600037893141342	0.02564102564102564	0.20024038461538463
es	0.045454545454545456	0.057692307692307696	0.08441558441558442	0.038461538461538464	0.21300154320987652	0.30602240896358546	0.14814814814814814	0.23361903666206474	1.0	0.33620689655172414	0.23003663003663005	0.14534883720930233	0.21428571428571427	0.2326604121293349	0.25485436893203883	0.26153673835125446	0.23626373626373626	0.10256410256410256	0.09375	0.10467289719626169	0.0963855421686747	0.2926829268292683	0.2527027027027027	0.3015068096203999	0.1927710843373494	0.3028571428571428	0.11875	0.05625	0.21951219512195122	0.16049382716049382	0.2072072072072072	0.060240963855421686	0.2024328249818446	0.05194805194805195	0.2857142857142857
fr	0.03977272727272727	0.05228001081122823	0.07664141414141415	0.03977272727272727	0.19747565096402306	0.3152747780177586	0.13043478260869565	0.27187533886358706	0.33620689655172414	1.0	0.2279595571823944	0.14523026315789472	0.1911855036855037	0.2431055900621118	0.24087927034162732	0.2565075055892686	0.2563848039215686	0.0898876404494382	0.09550561797752809	0.10260727503084052	0.11237373737373736	0.2609216589861751	0.2404740665222378	0.25837778362475183	0.18906832298136644	0.2798634008478568	0.1111111111111111	0.05555555555555555	0.20069124423963133	0.14523104939676756	0.19062543050006886	0.06521739130434782	0.1784584980237154	0.045454545454545456	0.3064088914279779
he	0.06521739130434782	0.1111111111111111	0.14162881245944192	0.06521739130434782	0.276907780263485	0.25526315789473686	0.19108309143686503	0.14266117231881562	0.23003663003663005	0.2279595571823944	1.0	0.16047925608011443	0.25949367088607594	0.25252525252525254	0.19151662915728931	0.21307389793305287	0.21432135728542914	0.17391304347826086	0.15198956294846705	0.12145748987854252	0.10147161470451373	0.26349866349866347	0.23005343652109822	0.3353174603174603	0.24873426382047073	0.23342026825633383	0.1882396794334172	0.07	0.252017608217168	0.19783427495291903	0.1604720564297341	0.05454545454545454	0.26826616973367495	0.07608695652173914	0.24557103064066851
hi	0.05405405405405406	0.12626262626262624	0.1282249742002064	0.08571428571428572	0.1792452830188679	0.17146506489919913	0.20454545454545456	0.11021582390297474	0.14534883720930233	0.14523026315789472	0.16047925608011443	1.0	0.1836734693877551	0.19117647058823528	0.12365591397849462	0.17554322153991497	0.15	0.1891891891891892	0.15	0.22903672903672906	0.3110294117647059	0.13970588235294118	0.17121588089330025	0.15356914212548015	0.16666666666666666	0.14596273291925466	0.16116279069767442	0.08974358974358974	0.1834363047955281	0.17063492063492064	0.1404494382022472	0.23529411764705882	0.17307692307692307	0.08333333333333333	0.14283069517726557
hu	0.10999761393462182	0.11428571428571428	0.18710888610763454	0.09236752552260574	0.3231733220050977	0.24784005316792201	0.19715007215007213	0.10842566524384706	0.21428571428571427	0.1911855036855037	0.25949367088607594	0.1836734693877551	1.0	0.20370727010110737	0.16467893872612566	0.21032429329889513	0.23250433776749566	0.22638248847926265	0.19638343379350576	0.1590909090909091	0.1507961449821915	0.2571483958515072	0.27142857142857146	0.24150455552819503	0.2972222222222222	0.20246266238548324	0.24686643164904035	0.09210526315789473	0.29314304461942253	0.2372529752156349	0.17261904761904762	0.056818181818181816	0.24025373331571298	0.12121212121212122	0.23986486486486486
id	0.06079638752052545	0.07377049180327869	0.09437005477784541	0.04918032786885246	0.22741417386067053	0.24720874198255677	0.15671641791044777	0.19485006518904824	0.2326604121293349	0.2431055900621118	0.25252525252525254	0.19117647058823528	0.20370727010110737	1.0	0.18932038834951456	0.24531545470173627	0.23734756097560977	0.13612266536171602	0.11904761904761904	0.1171875	0.13131313131313133	0.21909612341772153	0.21794871794871795	0.2404411764705882	0.22252621979024167	0.25206817394317393	0.13076923076923078	0.05384615384615385	0.2077991452991453	0.16176470588235295	0.16928446771378708	0.08461538461538462	0.25210084033613445	0.06666666666666667	0.2789309807991697
it	0.03614457831325301	0.047619047619047616	0.07228915662650602	0.03614457831325301	0.18791574279379158	0.251898983920292	0.13953488372093023	0.2226605569015766	0.25485436893203883	0.24087927034162732	0.19151662915728931	0.12365591397849462	0.16467893872612566	0.18932038834951456	1.0	0.27875091709464417	0.19676678445229684	0.0963855421686747	0.09523809523809523	0.09411764705882353	0.08426966292134831	0.22580645161290322	0.2300923713967192	0.23087315130830488	0.20826330532212883	0.252283105022831	0.117825311942959	0.05952380952380952	0.18056351231706683	0.15322890640015374	0.2894017789663392	0.056818181818181816	0.19674922600619196	0.04878048780487805	0.22295110644625207
ja	0.046153846153846156	0.06060606060606061	0.08653846153846154	0.046153846153846156	0.204064919594997	0.2857142857142857	0.18196509372979963	0.20183886575208232	0.26153673835125446	0.2565075055892686	0.21307389793305287	0.17554322153991497	0.21032429329889513	0.24531545470173627	0.27875091709464417	1.0	0.2680955120828538	0.11913086913086912	0.12121212121212122	0.11940298507462686	0.11428571428571428	0.24050632911392406	0.2365581675708258	0.21982097186700766	0.21830985915492956	0.2290525595112703	0.1323529411764706	0.06716417910447761	0.24641985994177354	0.17142857142857143	0.24410627653123104	0.08491847826086955	0.25757575757575757	0.0625	0.26718112987769366
ko	0.06140350877192982	0.07758620689655173	0.09313725490196079	0.05172413793103448	0.22828066068409417	0.23713865752082314	0.15736728060671723	0.16353507575317816	0.23626373626373626	0.2563848039215686	0.21432135728542914	0.15	0.23250433776749566	0.23734756097560977	0.19676678445229684	0.2680955120828538	1.0	0.13793103448275862	0.14204483324220885	0.09924450549450549	0.10055096418732781	0.20512820512820512	0.21163836163836164	0.2170707878141931	0.1909310496267018	0.21298087255534065	0.15078773685331062	0.075	0.24119550033085801	0.15583267871170461	0.17976580939827727	0.05303030303030303	0.24090422685928303	0.07017543859649122	0.31846978557504874
lv	0.13157894736842105	0.21052631578947367	0.22727272727272727	0.16666666666666666	0.23796992481203008	0.1271186440677966	0.18181818181818182	0.05448717948717949	0.10256410256410256	0.0898876404494382	0.17391304347826086	0.1891891891891892	0.22638248847926265	0.13612266536171602	0.0963855421686747	0.11913086913086912	0.13793103448275862	1.0	0.2608695652173913	0.16666666666666666	0.15442477876106195	0.14814814814814814	0.16346153846153846	0.14655172413793102	0.2236842105263158	0.10408749090321015	0.28	0.10416666666666667	0.17617916803144448	0.25806451612903225	0.10625	0.08928571428571429	0.21621621621621623	0.15789473684210525	0.12034638130104196
mk	0.1757518796992481	0.13636363636363635	0.1625	0.125	0.16666666666666666	0.13806846786373553	0.17566137566137566	0.055390127388535035	0.09375	0.09550561797752809	0.15198956294846705	0.15	0.19638343379350576	0.11904761904761904	0.09523809523809523	0.12121212121212122	0.14204483324220885	0.2608695652173913	1.0	0.16065830721003135	0.10999761393462182	0.16350496838301717	0.15504469987228608	0.12295081967213115	0.2	0.09572021116138762	0.24074074074074073	0.1	0.16233521657250471	0.22727272727272727	0.09036144578313253	0.06666666666666667	0.19230769230769232	0.2222222222222222	0.12134391649450908
ml	0.11904761904761904	0.13043478260869565	0.10983397190293742	0.11904761904761904	0.1367117117117117	0.13551673944687045	0.2213804713804714	0.06181881181881182	0.10467289719626169	0.10260727503084052	0.12145748987854252	0.22903672903672906	0.1590909090909091	0.1171875	0.09411764705882353	0.11940298507462686	0.09924450549450549	0.16666666666666666	0.16065830721003135	1.0	0.27939348744717873	0.12527681113571654	0.13392857142857142	0.1111111111111111	0.14772727272727273	0.10861778339654446	0.12878787878787878	0.09615384615384616	0.14294183518872275	0.14825796886582654	0.09141337386018238	0.2608695652173913	0.13623595505617977	0.14285714285714285	0.09291398164421011
mr	0.08	0.11538461538461539	0.08898305084745763	0.10416666666666667	0.11956197112991539	0.1189236111111111	0.17567567567567569	0.072890941797006	0.0963855421686747	0.11237373737373736	0.10147161470451373	0.3110294117647059	0.1507961449821915	0.13131313131313133	0.08426966292134831	0.11428571428571428	0.10055096418732781	0.15442477876106195	0.10999761393462182	0.27939348744717873	1.0	0.10483870967741936	0.11882183908045978	0.10099898911815425	0.125	0.12399223648850403	0.12857142857142856	0.10714285714285714	0.12825713839912622	0.12153518123667377	0.09472393608606233	0.26	0.10752237136465324	0.1	0.09066027689030884
nl	0.0660377358490566	0.07272727272727272	0.1148705096073517	0.05555555555555555	0.2521128194684859	0.2991590624440866	0.16393442622950818	0.1662137382681207	0.2926829268292683	0.2609216589861751	0.26349866349866347	0.13970588235294118	0.2571483958515072	0.21909612341772153	0.22580645161290322	0.24050632911392406	0.20512820512820512	0.14814814814814814	0.16350496838301717	0.12527681113571654	0.10483870967741936	1.0	0.2608695652173913	0.26512834153477854	0.26646341463414636	0.2500936563436564	0.19444444444444445	0.07017543859649122	0.24032738095238096	0.2033898305084746	0.20945484063915235	0.056451612903225805	0.2343158890290038	0.07547169811320754	0.23887082722424086
pl	0.07488344988344989	0.08490566037735849	0.140625	0.06054078145892141	0.2916860735910573	0.29477310525065337	0.16666666666666666	0.16087490692479525	0.2527027027027027	0.2404740665222378	0.23005343652109822	0.17121588089330025	0.27142857142857146	0.21794871794871795	0.2300923713967192	0.2365581675708258	0.21163836163836164	0.16346153846153846	0.15504469987228608	0.13392857142857142	0.11882183908045978	0.2608695652173913	1.0	0.24694694694694697	0.27852164343360236	0.25851581508515814	0.17619949494949494	0.07142857142857142	0.26139240506329114	0.2091692789968652	0.2128825475599669	0.06666666666666667	0.22131147540983606	0.07692307692307693	0.2257427247169668
pt	0.06361280144241604	0.07627118644067797	0.10867165944028381	0.05084745762711865	0.2603305785123967	0.3047839506172839	0.1935483870967742	0.17924771019862099	0.3015068096203999	0.25837778362475183	0.3353174603174603	0.15356914212548015	0.24150455552819503	0.2404411764705882	0.23087315130830488	0.21982097186700766	0.2170707878141931	0.14655172413793102	0.12295081967213115	0.1111111111111111	0.10099898911815425	0.26512834153477854	0.24694694694694697	1.0	0.26918631530282017	0.3014371570420695	0.16666666666666666	0.06451612903225806	0.2639081297849071	0.21176075268817204	0.19998174516246806	0.06060606060606061	0.21212121212121213	0.06896551724137931	0.2691914972616727
ro	0.09210526315789473	0.1	0.1450187969924812	0.07692307692307693	0.2816830435878055	0.2580834803057025	0.1875	0.12362414008755472	0.1927710843373494	0.18906832298136644	0.24873426382047073	0.16666666666666666	0.2972222222222222	0.22252621979024167	0.20826330532212883	0.21830985915492956	0.1909310496267018	0.2236842105263158	0.2	0.14772727272727273	0.125	0.26646341463414636	0.27852164343360236	0.26918631530282017	1.0	0.21890756302521008	0.2204585537918871	0.06818181818181818	0.2271370420624152	0.2759119861030689	0.19611764705882354	0.0625	0.2598639455782313	0.10526315789473684	0.19676386506575186
ru	0.04384091550147076	0.05357142857142857	0.08669314128020462	0.03571428571428571	0.2018455978196469	0.2662000556225086	0.14534883720930233	0.24735455932747913	0.3028571428571428	0.2798634008478568	0.23342026825633383	0.14596273291925466	0.20246266238548324	0.25206817394317393	0.252283105022831	0.2290525595112703	0.21298087255534065	0.10408749090321015	0.09572021116138762	0.10861778339654446	0.12399223648850403	0.2500936563436564	0.25851581508515814	0.3014371570420695	0.21890756302521008	1.0	0.11764705882352941	0.058823529411764705	0.2289516229324711	0.15827208097361128	0.24270881050542067	0.06896551724137931	0.19486346811928207	0.04819277108433735	0.25935755066189853
sh	0.13043478260869565	0.16666666666666666	0.1537037037037037	0.10416666666666667	0.20187609927692007	0.14754098360655737	0.17567567567567569	0.07082512532231458	0.11875	0.1111111111111111	0.1882396794334172	0.16116279069767442	0.24686643164904035	0.13076923076923078	0.117825311942959	0.1323529411764706	0.15078773685331062	0.28	0.24074074074074073	0.12878787878787878	0.12857142857142856	0.19444444444444445	0.17619949494949494	0.16666666666666666	0.2204585537918871	0.11764705882352941	1.0	0.12962962962962962	0.18647179788484136	0.3260135135135135	0.10714285714285714	0.058823529411764705	0.2073170731707317	0.17848970251716248	0.1489072523649016
si	0.027777777777777776	0.1111111111111111	0.043478260869565216	0.058823529411764705	0.08139534883720931	0.06557377049180328	0.07142857142857142	0.038461538461538464	0.05625	0.05555555555555555	0.07	0.08974358974358974	0.09210526315789473	0.05384615384615385	0.05952380952380952	0.06716417910447761	0.075	0.10416666666666667	0.1	0.09615384615384616	0.10714285714285714	0.07017543859649122	0.07142857142857142	0.06451612903225806	0.06818181818181818	0.058823529411764705	0.12962962962962962	1.0	0.07608695652173914	0.08333333333333333	0.05421686746987952	0.08333333333333333	0.07142857142857142	0.05555555555555555	0.07352941176470588
simple	0.0749496981891348	0.09481537050929399	0.12235729386892177	0.05813953488372093	0.26902398676592226	0.26495726495726496	0.19353356890459364	0.1373917681013929	0.21951219512195122	0.20069124423963133	0.252017608217168	0.1834363047955281	0.29314304461942253	0.2077991452991453	0.18056351231706683	0.24641985994177354	0.24119550033085801	0.17617916803144448	0.16233521657250471	0.14294183518872275	0.12825713839912622	0.24032738095238096	0.26139240506329114	0.2639081297849071	0.2271370420624152	0.2289516229324711	0.18647179788484136	0.07608695652173914	1.0	0.234052637448422	0.17655122655122654	0.08163265306122448	0.2435194116228599	0.08333333333333333	0.27430034753978416
sr	0.11666666666666667	0.13020833333333334	0.11729776247848536	0.0967741935483871	0.21348797250859108	0.1941125541125541	0.225	0.0979481045270519	0.16049382716049382	0.14523104939676756	0.19783427495291903	0.17063492063492064	0.2372529752156349	0.16176470588235295	0.15322890640015374	0.17142857142857143	0.15583267871170461	0.25806451612903225	0.22727272727272727	0.14825796886582654	0.12153518123667377	0.2033898305084746	0.2091692789968652	0.21176075268817204	0.2759119861030689	0.15827208097361128	0.3260135135135135	0.08333333333333333	0.234052637448422	1.0	0.13035714285714287	0.08974358974358974	0.22104093938432243	0.13333333333333333	0.18847355657121537
sv	0.037037037037037035	0.0625	0.08318050193050193	0.037037037037037035	0.19760196761631482	0.23281059771580961	0.14285714285714285	0.2139683734939759	0.2072072072072072	0.19062543050006886	0.1604720564297341	0.1404494382022472	0.17261904761904762	0.16928446771378708	0.2894017789663392	0.24410627653123104	0.17976580939827727	0.10625	0.09036144578313253	0.09141337386018238	0.09472393608606233	0.20945484063915235	0.2128825475599669	0.19998174516246806	0.19611764705882354	0.24270881050542067	0.10714285714285714	0.05421686746987952	0.17655122655122654	0.13035714285714287	1.0	0.05813953488372093	0.18322917733838748	0.043209876543209874	0.19008769598724423
te	0.075	0.09090909090909091	0.037037037037037035	0.10526315789473684	0.0625	0.07936507936507936	0.14705882352941177	0.05128205128205128	0.060240963855421686	0.06521739130434782	0.05454545454545454	0.23529411764705882	0.056818181818181816	0.08461538461538462	0.056818181818181816	0.08491847826086955	0.05303030303030303	0.08928571428571429	0.06666666666666667	0.2608695652173913	0.26	0.056451612903225805	0.06666666666666667	0.06060606060606061	0.0625	0.06896551724137931	0.058823529411764705	0.08333333333333333	0.08163265306122448	0.08974358974358974	0.05813953488372093	1.0	0.06521739130434782	0.1	0.05405405405405406
vi	0.09722222222222222	0.12162162162162163	0.1325910931174089	0.08108108108108109	0.2693877551020408	0.21986892031735084	0.2111111111111111	0.11600037893141342	0.2024328249818446	0.1784584980237154	0.26826616973367495	0.17307692307692307	0.24025373331571298	0.25210084033613445	0.19674922600619196	0.25757575757575757	0.24090422685928303	0.21621621621621623	0.19230769230769232	0.13623595505617977	0.10752237136465324	0.2343158890290038	0.22131147540983606	0.21212121212121213	0.2598639455782313	0.19486346811928207	0.2073170731707317	0.07142857142857142	0.2435194116228599	0.22104093938432243	0.18322917733838748	0.06521739130434782	1.0	0.1111111111111111	0.23301982714794103
war	0.3333333333333333	0.14285714285714285	0.08333333333333333	0.125	0.08974358974358974	0.07017543859649122	0.14285714285714285	0.02564102564102564	0.05194805194805195	0.045454545454545456	0.07608695652173914	0.08333333333333333	0.12121212121212122	0.06666666666666667	0.04878048780487805	0.0625	0.07017543859649122	0.15789473684210525	0.2222222222222222	0.14285714285714285	0.1	0.07547169811320754	0.07692307692307693	0.06896551724137931	0.10526315789473684	0.04819277108433735	0.17848970251716248	0.05555555555555555	0.08333333333333333	0.13333333333333333	0.043209876543209874	0.1	0.1111111111111111	1.0	0.06060606060606061
zh	0.05397192261599042	0.06811656005685857	0.08854845174867222	0.04572850035536603	0.23480594175988406	0.2930582721334465	0.16386219015415746	0.20024038461538463	0.2857142857142857	0.3064088914279779	0.24557103064066851	0.14283069517726557	0.23986486486486486	0.2789309807991697	0.22295110644625207	0.26718112987769366	0.31846978557504874	0.12034638130104196	0.12134391649450908	0.09291398164421011	0.09066027689030884	0.23887082722424086	0.2257427247169668	0.2691914972616727	0.19676386506575186	0.25935755066189853	0.1489072523649016	0.07352941176470588	0.27430034753978416	0.18847355657121537	0.19008769598724423	0.05405405405405406	0.23301982714794103	0.06060606060606061	1.0
