arz	bs	ceb	ckb	da	de	el	en	es	fr	he	hi	hu	id	it	ja	ko	lv	mk	ml	mr	nl	pl	pt	ro	ru	sh	si	simple	sr	sv	te	vi	war	zh
arz	1.0	0.6698766910334879	0.8216064286890065	1.0	0.40272454658408713	0.6524612082983641	0.6549169310487991	0.5472442149071555	0.6549169310487991	0.3915917269878632	0.4871532335079475	0.763600890042573	0.4371626877861761	0.3965630259582593	0.6516736126270392	0.583894070298238	0.6125002177673763	0.7265334708466399	0.4443118653594615	0.4313617457673865	0.3948325512359783	0.62408125313216	0.5527792242231021	0.37648575087078645	0.6379792201837867	0.6182450283786431	0.6078258085341911	1.0	0.7110601010522943	0.5041973186572771	0.690673384588295	0.7863954451402115	0.6549169310487991	0.6467148407008628	0.39788652373548833
bs	0.6698766910334879	1.0	0.8565760237160662	0.7690990303325336	0.40729427227825943	0.5800796050849453	0.6841174893561722	0.3630505160693357	0.6149006977912084	0.49262634935803257	0.5070713673516026	0.6193667668967154	0.42054901965684627	0.39157949173196394	0.5613036204263475	0.7411828468492556	0.48462060322720596	0.5753545467465433	0.43526109167898114	0.44976667314248725	0.4340551095024817	0.6908587525207898	0.7878320007243595	0.7788228083868229	0.6908587525207898	0.5585744955483577	0.3963660811461139	1.0	0.4761349064816676	0.38332267081652427	0.6786291688147437	1.0	0.5692996816758978	1.0	0.3526746322965243
ceb	0.8216064286890065	0.8565760237160662	1.0	0.8016071312619631	0.4860362803975838	0.3558940762439228	0.7381878789490732	0.31640957228921	0.5257685565697978	0.46526284199971574	0.38692336276450107	0.630835929428553	0.38630505497546563	0.3119516718441326	0.45620842049352944	0.548354293440933	0.541495749797881	0.6707937240560281	0.42710086738032776	0.4421554975953352	0.7148672250470065	0.5037156527755479	0.41142482933761165	0.4855676480271616	0.5021311789069595	0.24222034628012007	0.4018700113018055	0.8216064286890065	0.2868217759505903	0.5939884717905518	0.4679679978984038	0.8216064286890065	0.5161550511505386	0.540271464242908	0.367280994381453
ckb	1.0	0.7690990303325336	0.8016071312619631	1.0	0.42488134659564974	0.5230403940562822	0.7584325078215763	0.5149775605973753	0.6640237664404941	0.5502349693993878	0.5879511749463611	0.8695669956030054	0.3759477099333998	0.6624525348502385	0.6640237664404941	0.7510341748895938	0.34791669045007995	0.7510341748895938	0.4359676605870343	0.5034710416645194	0.47943686385685413	0.7510341748895938	0.6624525348502385	0.7510341748895938	0.7510341748895938	0.8074305489330563	0.7584325078215763	1.0	0.7048635814538827	0.7225946845569955	0.42358632071651137	0.44650355581684187	0.6278350360215451	0.7863954451402115	0.7113635541610597
da	0.40272454658408713	0.40729427227825943	0.4860362803975838	0.42488134659564974	1.0	0.22475018159842314	0.32047342167597376	0.21708427197981123	0.25010977031545595	0.18744238627598442	0.19103760900145697	0.2759957724005465	0.23448102204111412	0.229124418708127	0.24565395951599148	0.23445224961433625	0.2665301615725448	0.26061861426119415	0.30949420393694166	0.2414020526333432	0.3545739673639941	0.2507836306915046	0.1750310022596439	0.2206822090229383	0.2006018070413605	0.16485469583662277	0.2042365715558349	0.5083206943861813	0.24608551919208455	0.24278851495900802	0.2157206133542382	0.36376827264997547	0.23954299285899194	0.4222741763023797	0.230874045017027
de	0.6524612082983641	0.5800796050849453	0.3558940762439228	0.5230403940562822	0.22475018159842314	1.0	0.2850343119095425	0.19827712802976255	0.20280952213153067	0.1799464355615562	0.2585237647043632	0.2749982725013985	0.2645616219502381	0.19826474869298014	0.21810223678962454	0.22069529830334003	0.19520931888758386	0.39525394722069096	0.3010339000287281	0.2504289338189925	0.2739731638909436	0.21773717811402368	0.21943331814575898	0.2005497797981686	0.23013254584745704	0.21326610159508125	0.23792240618397606	0.6281564235895462	0.2828804689390802	0.27301937774221324	0.18846479750729744	0.2907192476313823	0.28354052038115596	0.7319426124947418	0.24269919736987414
el	0.6549169310487991	0.6841174893561722	0.7381878789490732	0.7584325078215763	0.32047342167597376	0.2850343119095425	1.0	0.27444338391584777	0.3228825966309387	0.3034969791651551	0.2736731860510147	0.4787395033704891	0.29623670044940087	0.2707311645651106	0.3045468727576691	0.37378198170705734	0.4689923706103301	0.5221305562023543	0.3896678729077565	0.296853617605229	0.40787033445919607	0.44917584013600265	0.4643669144573304	0.354248836994783	0.32212448224448836	0.30774691146298894	0.38206495045605465	1.0	0.39953201170316244	0.3448108870766669	0.30482664850953994	0.28809284620938497	0.4556196249553606	0.6562661056221564	0.24711837693655433
en	0.5472442149071555	0.3630505160693357	0.31640957228921	0.5149775605973753	0.21708427197981123	0.19827712802976255	0.27444338391584777	1.0	0.18088252568613022	0.16426287554083205	0.19878324290805185	0.20571972936909794	0.23712934677600606	0.17899540687753024	0.18795250926094242	0.1823221489989268	0.2172877916974538	0.2395820624077785	0.26954063051141564	0.3062042253022312	0.33435457609707614	0.1731618138606142	0.1903937140417256	0.18969739679864908	0.18484446571740193	0.16972773311716216	0.23429218924426745	0.5328996127878015	0.2078939663232026	0.25402726495332306	0.1647836121805485	0.2460656387283247	0.23019632203978627	0.5722703940449398	0.20912548898651812
es	0.6549169310487991	0.6149006977912084	0.5257685565697978	0.6640237664404941	0.25010977031545595	0.20280952213153067	0.3228825966309387	0.18088252568613022	1.0	0.1467900249148342	0.24968982709909962	0.3608501349246523	0.31359292698794644	0.20637259623346504	0.19684168743174432	0.20087975288800278	0.21483307202468815	0.5460975524674772	0.3741593767225636	0.3218657118246582	0.3874701751424984	0.22067666416137371	0.2263459810170061	0.22972616488432146	0.21571641311887202	0.18119619527705902	0.23723602816407302	0.6538836485984504	0.2955920840320046	0.33915166855246526	0.19561663997960124	0.27797786595382956	0.32083255821020423	0.7411828468492556	0.22828766303794862
fr	0.3915917269878632	0.49262634935803257	0.46526284199971574	0.5502349693993878	0.18744238627598442	0.1799464355615562	0.3034969791651551	0.16426287554083205	0.1467900249148342	1.0	0.157366490930488	0.2700368196634847	0.24692140471817278	0.16569385507280227	0.18311385387223247	0.18267961421991502	0.1891605797123447	0.313128237659233	0.32425413551314886	0.30534101369453287	0.38356492331222275	0.1931330765367352	0.17227186527296284	0.1731714907609719	0.16230647064658385	0.15835796854657022	0.21717089372603618	0.5432783144895678	0.26308077948742165	0.2686704795672169	0.18135652911131228	0.28256953651108235	0.20860845534786543	0.4204301420636849	0.17435182290988324
he	0.4871532335079475	0.5070713673516026	0.38692336276450107	0.5879511749463611	0.19103760900145697	0.2585237647043632	0.2736731860510147	0.19878324290805185	0.24968982709909962	0.157366490930488	1.0	0.23112432015694118	0.24356778688697794	0.20242632926939672	0.2583833180398049	0.28310903501882784	0.22631206945734944	0.35375348850982713	0.2950979989655628	0.22825856473144399	0.2861121634637568	0.2391150039818893	0.22728827324410986	0.24346308149331627	0.22134714579737677	0.2232204265731337	0.27726309316080383	0.43719117305134425	0.2707528816976218	0.32342817388954836	0.2077436324962958	0.3202938082796779	0.2684797487363308	0.37412573774713453	0.2369082762737408
hi	0.763600890042573	0.6193667668967154	0.630835929428553	0.8695669956030054	0.2759957724005465	0.2749982725013985	0.4787395033704891	0.20571972936909794	0.3608501349246523	0.2700368196634847	0.23112432015694118	1.0	0.3375321371491236	0.22399040415479698	0.3666309342277906	0.2957809501537316	0.3776700531152582	0.42906034729193315	0.3709142843928458	0.39873790081600513	0.34917847527184936	0.3841240473927582	0.22770957274603193	0.3063362937382442	0.4000305232645074	0.2758526790628119	0.36717462320567124	0.6590675637199679	0.38280757205982413	0.3457513135846929	0.29959708233303556	0.24584558585525315	0.3087015104271867	0.7510341748895939	0.23714784115683654
hu	0.4371626877861761	0.42054901965684627	0.38630505497546563	0.3759477099333998	0.23448102204111412	0.2645616219502381	0.29623670044940087	0.23712934677600606	0.31359292698794644	0.24692140471817278	0.24356778688697794	0.3375321371491236	1.0	0.25864511690363695	0.26074464834210637	0.26825974674169834	0.25517321811201077	0.35156544484690916	0.28327691017886447	0.21963166829241845	0.2957707354679594	0.275771123248348	0.18517848796361502	0.28642226669085435	0.24334337758737953	0.174864024541919	0.23483931465026933	0.3206623785352559	0.26093089704987094	0.29346682371301763	0.2301287261244928	0.35575059169709	0.30802972515059723	0.48472516349273154	0.2653428418793591
id	0.3965630259582593	0.39157949173196394	0.3119516718441326	0.6624525348502385	0.229124418708127	0.19826474869298014	0.2707311645651106	0.17899540687753024	0.20637259623346504	0.16569385507280227	0.20242632926939672	0.22399040415479698	0.25864511690363695	1.0	0.2147333807511151	0.2008946255074621	0.21893392969152406	0.30829908301781656	0.30161445367731926	0.30779854605950047	0.374639862314825	0.25116039912972027	0.20611821155247786	0.21081518705150235	0.18962385804872586	0.18362410549625227	0.3498838524788379	0.7455134344225701	0.2735138450799934	0.2710198035556579	0.1799639346600215	0.3030084775628691	0.2278081708584195	0.4081353068045181	0.23334808671903995
it	0.6516736126270392	0.5613036204263475	0.45620842049352944	0.6640237664404941	0.24565395951599148	0.21810223678962454	0.3045468727576691	0.18795250926094242	0.19684168743174432	0.18311385387223247	0.2583833180398049	0.3666309342277906	0.26074464834210637	0.2147333807511151	1.0	0.1894987835780475	0.19038489449781715	0.4153404695974176	0.32024076640448296	0.3625463825947444	0.39513930905565375	0.26734155150592065	0.1931430696124108	0.19998170019521364	0.2417987474372481	0.18167117307733446	0.232547657681946	0.7091272101666052	0.24840780372665458	0.3054644910997399	0.18617348320326743	0.28116996094976315	0.244351369602518	0.5676798562313621	0.2541211295610721
ja	0.583894070298238	0.7411828468492556	0.548354293440933	0.7510341748895938	0.23445224961433625	0.22069529830334003	0.37378198170705734	0.1823221489989268	0.20087975288800278	0.18267961421991502	0.28310903501882784	0.2957809501537316	0.26825974674169834	0.2008946255074621	0.1894987835780475	1.0	0.21341273795493299	0.5061428936028702	0.3407602097277843	0.2879994646833593	0.36436973713900317	0.2606736706369838	0.21708949545444206	0.24833055872084028	0.25557874838334377	0.18515628212211002	0.24492309755066527	0.7376607345031153	0.2582257350067341	0.3086742873079366	0.18990868475699885	0.2769747274785362	0.23020998938764764	0.683802590947193	0.2666831874909479
ko	0.6125002177673763	0.48462060322720596	0.541495749797881	0.34791669045007995	0.2665301615725448	0.19520931888758386	0.4689923706103301	0.2172877916974538	0.21483307202468815	0.1891605797123447	0.22631206945734944	0.3776700531152582	0.25517321811201077	0.21893392969152406	0.19038489449781715	0.21341273795493299	1.0	0.3704510676196142	0.27666390550529335	0.29874216709771095	0.3345664676622413	0.24978224108449992	0.1824627924981147	0.2522212354427865	0.22908901254733233	0.19464314311349556	0.27214117297526913	0.3993193721101639	0.2601876284799468	0.27179446143409547	0.2225281585113037	0.4152581255833243	0.26045255973848014	0.5613045915708331	0.2341249528374733
lv	0.7265334708466399	0.5753545467465433	0.6707937240560281	0.7510341748895938	0.26061861426119415	0.39525394722069096	0.5221305562023543	0.2395820624077785	0.5460975524674772	0.313128237659233	0.35375348850982713	0.42906034729193315	0.35156544484690916	0.30829908301781656	0.4153404695974176	0.5061428936028702	0.3704510676196142	1.0	0.3664658827006744	0.27579307394968583	0.3650822712498995	0.4630560900557737	0.28387529794463195	0.45154584164096023	0.3571541191826777	0.36910852942597117	0.35477574700095693	0.7463334166787828	0.4136631707586522	0.3948629129914839	0.4811297890870683	0.4493075654568811	0.34686170844324843	0.7510341748895937	0.27459797962821564
mk	0.4443118653594615	0.43526109167898114	0.42710086738032776	0.4359676605870343	0.30949420393694166	0.3010339000287281	0.3896678729077565	0.26954063051141564	0.3741593767225636	0.32425413551314886	0.2950979989655628	0.3709142843928458	0.28327691017886447	0.30161445367731926	0.32024076640448296	0.3407602097277843	0.27666390550529335	0.3664658827006744	1.0	0.3113457044313591	0.36094147824775313	0.33263985754360753	0.3316534991833647	0.34173990209383914	0.3582720853079197	0.3061396225696072	0.4053126592831216	0.4576444201675777	0.30145045412381255	0.3232544640066083	0.35795301916722133	0.46959601155582775	0.3680704871336603	0.47266675285671017	0.23752118086215235
ml	0.4313617457673865	0.44976667314248725	0.4421554975953352	0.5034710416645194	0.2414020526333432	0.2504289338189925	0.296853617605229	0.3062042253022312	0.3218657118246582	0.30534101369453287	0.22825856473144399	0.39873790081600513	0.21963166829241845	0.30779854605950047	0.3625463825947444	0.2879994646833593	0.29874216709771095	0.27579307394968583	0.3113457044313591	1.0	0.2890250031449045	0.26758956291890035	0.2669160742012716	0.24846879990556922	0.3219254413764271	0.3354099451310889	0.2634044545515036	0.7584325078215763	0.2514368691085098	0.3563330057341912	0.2774598371680792	0.2612997943868476	0.24865481910247653	0.36379829361624955	0.21950120202884385
mr	0.3948325512359783	0.4340551095024817	0.7148672250470065	0.47943686385685413	0.3545739673639941	0.2739731638909436	0.40787033445919607	0.33435457609707614	0.3874701751424984	0.38356492331222275	0.2861121634637568	0.34917847527184936	0.2957707354679594	0.374639862314825	0.39513930905565375	0.36436973713900317	0.3345664676622413	0.3650822712498995	0.36094147824775313	0.2890250031449045	1.0	0.40675069509416406	0.39778457809986667	0.3283474510422367	0.37524535936933934	0.3202928131667025	0.3482375389339901	0.6259248653794743	0.3376912803862824	0.33958357608548134	0.35530064748190354	0.25567874997798495	0.35460087354154224	0.3789886975399751	0.3295939210849519
nl	0.62408125313216	0.6908587525207898	0.5037156527755479	0.7510341748895938	0.2507836306915046	0.21773717811402368	0.44917584013600265	0.1731618138606142	0.22067666416137371	0.1931330765367352	0.2391150039818893	0.3841240473927582	0.275771123248348	0.25116039912972027	0.26734155150592065	0.2606736706369838	0.24978224108449992	0.4630560900557737	0.33263985754360753	0.26758956291890035	0.40675069509416406	1.0	0.23034996962188656	0.2402736525775758	0.250477004489843	0.1768115226839964	0.268127535565767	0.6562661056221563	0.3005021937221377	0.3733442287696587	0.23492217948390964	0.38935183828475967	0.3633942920157217	0.6562661056221565	0.30005767420987567
pl	0.5527792242231021	0.7878320007243595	0.41142482933761165	0.6624525348502385	0.1750310022596439	0.21943331814575898	0.4643669144573304	0.1903937140417256	0.2263459810170061	0.17227186527296284	0.22728827324410986	0.22770957274603193	0.18517848796361502	0.20611821155247786	0.1931430696124108	0.21708949545444206	0.1824627924981147	0.28387529794463195	0.3316534991833647	0.2669160742012716	0.39778457809986667	0.23034996962188656	1.0	0.21587327277274423	0.1831266534645445	0.2131809166446304	0.24221932873530572	0.619369745875427	0.2687019196436668	0.2664848647417691	0.16366852968357684	0.4203247535349531	0.3162024337028837	0.5988055301573584	0.1770873599011145
pt	0.37648575087078645	0.7788228083868229	0.4855676480271616	0.7510341748895938	0.2206822090229383	0.2005497797981686	0.354248836994783	0.18969739679864908	0.22972616488432146	0.1731714907609719	0.24346308149331627	0.3063362937382442	0.28642226669085435	0.21081518705150235	0.19998170019521364	0.24833055872084028	0.2522212354427865	0.45154584164096023	0.34173990209383914	0.24846879990556922	0.3283474510422367	0.2402736525775758	0.21587327277274423	1.0	0.21652871177570066	0.19224376483273908	0.2541588644379113	0.6387485290360022	0.28049127742673885	0.3160540212171657	0.2105305301390571	0.3199406285695548	0.2814485809386623	0.3625354906313086	0.22984802386647876
ro	0.6379792201837867	0.6908587525207898	0.5021311789069595	0.7510341748895938	0.2006018070413605	0.23013254584745704	0.32212448224448836	0.18484446571740193	0.21571641311887202	0.16230647064658385	0.22134714579737677	0.4000305232645074	0.24334337758737953	0.18962385804872586	0.2417987474372481	0.25557874838334377	0.22908901254733233	0.3571541191826777	0.3582720853079197	0.3219254413764271	0.37524535936933934	0.250477004489843	0.1831266534645445	0.21652871177570066	1.0	0.17872258416022135	0.23575127934416706	0.7510341748895938	0.2891894027167869	0.23650697358278697	0.22354240773012551	0.49082786757833796	0.24882100588128978	0.6193667668967152	0.2289265053030877
ru	0.6182450283786431	0.5585744955483577	0.24222034628012007	0.8074305489330563	0.16485469583662277	0.21326610159508125	0.30774691146298894	0.16972773311716216	0.18119619527705902	0.15835796854657022	0.2232204265731337	0.2758526790628119	0.174864024541919	0.18362410549625227	0.18167117307733446	0.18515628212211002	0.19464314311349556	0.36910852942597117	0.3061396225696072	0.3354099451310889	0.3202928131667025	0.1768115226839964	0.2131809166446304	0.19224376483273908	0.17872258416022135	1.0	0.2629038788544214	0.5203907470916423	0.19793481558121542	0.28612210425090306	0.15514240230122478	0.2600354000630411	0.18085222999391426	0.5609517983757889	0.18750074460402566
sh	0.6078258085341911	0.3963660811461139	0.4018700113018055	0.7584325078215763	0.2042365715558349	0.23792240618397606	0.38206495045605465	0.23429218924426745	0.23723602816407302	0.21717089372603618	0.27726309316080383	0.36717462320567124	0.23483931465026933	0.3498838524788379	0.232547657681946	0.24492309755066527	0.27214117297526913	0.35477574700095693	0.4053126592831216	0.2634044545515036	0.3482375389339901	0.268127535565767	0.24221932873530572	0.2541588644379113	0.23575127934416706	0.2629038788544214	1.0	0.7455134344225701	0.24133812365174678	0.2217098397757448	0.24717506626375302	1.0	0.24838034308104795	0.7455134344225701	0.2451802551388525
si	1.0	1.0	0.8216064286890065	1.0	0.5083206943861813	0.6281564235895462	1.0	0.5328996127878015	0.6538836485984504	0.5432783144895678	0.43719117305134425	0.6590675637199679	0.3206623785352559	0.7455134344225701	0.7091272101666052	0.7376607345031153	0.3993193721101639	0.7463334166787828	0.4576444201675777	0.7584325078215763	0.6259248653794743	0.6562661056221563	0.619369745875427	0.6387485290360022	0.7510341748895938	0.5203907470916423	0.7455134344225701	1.0	0.6122288745987048	0.5736176471488716	0.7376607345031153	0.4695960115558277	0.6604928506158132	1.0	0.3700158220615229
simple	0.7110601010522943	0.4761349064816676	0.2868217759505903	0.7048635814538827	0.24608551919208455	0.2828804689390802	0.39953201170316244	0.2078939663232026	0.2955920840320046	0.26308077948742165	0.2707528816976218	0.38280757205982413	0.26093089704987094	0.2735138450799934	0.24840780372665458	0.2582257350067341	0.2601876284799468	0.4136631707586522	0.30145045412381255	0.2514368691085098	0.3376912803862824	0.3005021937221377	0.2687019196436668	0.28049127742673885	0.2891894027167869	0.19793481558121542	0.24133812365174678	0.6122288745987048	1.0	0.2905407871180193	0.3077964186529242	0.3019204117980797	0.32866014270668903	0.4012736929738285	0.2850256832179042
sr	0.5041973186572771	0.38332267081652427	0.5939884717905518	0.7225946845569955	0.24278851495900802	0.27301937774221324	0.3448108870766669	0.25402726495332306	0.33915166855246526	0.2686704795672169	0.32342817388954836	0.3457513135846929	0.29346682371301763	0.2710198035556579	0.3054644910997399	0.3086742873079366	0.27179446143409547	0.3948629129914839	0.3232544640066083	0.3563330057341912	0.33958357608548134	0.3733442287696587	0.2664848647417691	0.3160540212171657	0.23650697358278697	0.28612210425090306	0.2217098397757448	0.5736176471488716	0.2905407871180193	1.0	0.29734977957141584	0.3388301249545729	0.31779814874701007	0.4044832549244041	0.24645272151713946
sv	0.690673384588295	0.6786291688147437	0.4679679978984038	0.42358632071651137	0.2157206133542382	0.18846479750729744	0.30482664850953994	0.1647836121805485	0.19561663997960124	0.18135652911131228	0.2077436324962958	0.29959708233303556	0.2301287261244928	0.1799639346600215	0.18617348320326743	0.18990868475699885	0.2225281585113037	0.4811297890870683	0.35795301916722133	0.2774598371680792	0.35530064748190354	0.23492217948390964	0.16366852968357684	0.2105305301390571	0.22354240773012551	0.15514240230122478	0.24717506626375302	0.7376607345031153	0.3077964186529242	0.29734977957141584	1.0	0.27211385271764166	0.246326617957482	1.0	0.20939109131611444
te	0.7863954451402115	1.0	0.8216064286890065	0.44650355581684187	0.36376827264997547	0.2907192476313823	0.28809284620938497	0.2460656387283247	0.27797786595382956	0.28256953651108235	0.3202938082796779	0.24584558585525315	0.35575059169709	0.3030084775628691	0.28116996094976315	0.2769747274785362	0.4152581255833243	0.4493075654568811	0.46959601155582775	0.2612997943868476	0.25567874997798495	0.38935183828475967	0.4203247535349531	0.3199406285695548	0.49082786757833796	0.2600354000630411	1.0	0.4695960115558277	0.3019204117980797	0.3388301249545729	0.27211385271764166	1.0	0.4417255608795031	1.0	0.2742856860375106
vi	0.6549169310487991	0.5692996816758978	0.5161550511505386	0.6278350360215451	0.23954299285899194	0.28354052038115596	0.4556196249553606	0.23019632203978627	0.32083255821020423	0.20860845534786543	0.2684797487363308	0.3087015104271867	0.30802972515059723	0.2278081708584195	0.244351369602518	0.23020998938764764	0.26045255973848014	0.34686170844324843	0.3680704871336603	0.24865481910247653	0.35460087354154224	0.3633942920157217	0.3162024337028837	0.2814485809386623	0.24882100588128978	0.18085222999391426	0.24838034308104795	0.6604928506158132	0.32866014270668903	0.31779814874701007	0.246326617957482	0.4417255608795031	1.0	0.6562661056221564	0.28719375792101715
war	0.6467148407008628	1.0	0.540271464242908	0.7863954451402115	0.4222741763023797	0.7319426124947418	0.6562661056221564	0.5722703940449398	0.7411828468492556	0.4204301420636849	0.37412573774713453	0.7510341748895939	0.48472516349273154	0.4081353068045181	0.5676798562313621	0.683802590947193	0.5613045915708331	0.7510341748895937	0.47266675285671017	0.36379829361624955	0.3789886975399751	0.6562661056221565	0.5988055301573584	0.3625354906313086	0.6193667668967152	0.5609517983757889	0.7455134344225701	1.0	0.4012736929738285	0.4044832549244041	1.0	1.0	0.6562661056221564	1.0	0.3328245927983953
zh	0.39788652373548833	0.3526746322965243	0.367280994381453	0.7113635541610597	0.230874045017027	0.24269919736987414	0.24711837693655433	0.20912548898651812	0.22828766303794862	0.17435182290988324	0.2369082762737408	0.23714784115683654	0.2653428418793591	0.23334808671903995	0.2541211295610721	0.2666831874909479	0.2341249528374733	0.27459797962821564	0.23752118086215235	0.21950120202884385	0.3295939210849519	0.30005767420987567	0.1770873599011145	0.22984802386647876	0.2289265053030877	0.18750074460402566	0.2451802551388525	0.3700158220615229	0.2850256832179042	0.24645272151713946	0.20939109131611444	0.2742856860375106	0.28719375792101715	0.3328245927983953	1.0
