arz	bs	ceb	ckb	da	de	el	en	es	fr	he	hi	hu	id	it	ja	ko	lv	mk	ml	mr	nl	pl	pt	ro	ru	sh	si	simple	sr	sv	te	vi	war	zh
arz	1.0	1.0	0.0	0.0	1.0	1.0	1.0	0.8806414284346811	1.0	0.0	1.0	0.0	1.0	1.0	0.4695960115558277	1.0	1.0	1.0	1.0	0.0	0.0	1.0	1.0	1.0	1.0	1.0	1.0	0.0	1.0	1.0	1.0	0.0	1.0	0.0	0.6666984105496916
bs	1.0	1.0	0.0	1.0	0.7361412429601099	0.7361412429601099	0.8250461349629952	0.5289468263657583	0.620120566922612	0.0	0.6382211135961436	1.0	0.8216064286890065	0.6744103220424008	0.6002699516561971	0.8250461349629952	0.7361412429601099	0.8016071312619629	0.8250461349629952	0.8216064286890065	1.0	0.7361412429601099	0.49617621148662455	0.6261319614934328	0.6701679054235479	0.622135837981205	0.7361412429601099	1.0	0.8250461349629952	0.8250461349629952	0.7361412429601099	1.0	0.8216064286890065	0.7361412429601099	0.7671123878549584
ceb	0.0	0.0	1.0	0.0	1.0	1.0	1.0	1.0	1.0	0.0	1.0	0.0	0.0	0.0	1.0	1.0	1.0	1.0	0.0	0.0	0.0	1.0	1.0	1.0	1.0	1.0	1.0	0.0	0.0	0.0	1.0	0.0	1.0	0.0	1.0
ckb	0.0	1.0	0.0	1.0	1.0	1.0	1.0	0.4695960115558277	1.0	0.0	1.0	1.0	1.0	1.0	1.0	1.0	1.0	1.0	1.0	1.0	1.0	1.0	1.0	1.0	0.5660160774121898	1.0	1.0	1.0	1.0	1.0	1.0	1.0	1.0	1.0	1.0
da	1.0	0.7361412429601099	1.0	1.0	1.0	0.3033486797364617	0.4045997257805306	0.14447636708888353	0.25210336826068236	0.0	0.41716451603060295	1.0	0.4599987469034401	0.5079194960261646	0.27135473964472895	0.2618214457020296	0.5219254179499837	0.4123151058844184	1.0	0.3634475309835578	1.0	0.2121073976722116	0.27554046187344405	0.3040706983091367	0.3169474433479311	0.19779545003664728	0.501810645507357	1.0	0.7234532828151788	0.48167154780300714	0.16595744960239533	1.0	0.2769331912123961	1.0	0.3167122262556531
de	1.0	0.7361412429601099	1.0	1.0	0.3033486797364617	1.0	0.1558513137774334	0.056144722856157056	0.10906605797186589	0.0	0.23335847617563446	0.7411828468492556	0.38323791212101854	0.3326963768686306	0.08071670530347358	0.13774275367611363	0.557716411721516	0.3767652965725973	0.651610424238932	0.1985768118990529	1.0	0.10608175933470713	0.09951685465778513	0.13289667068313424	0.241490588353689	0.07472790731876214	0.3646184788605933	1.0	0.5546389228878331	0.38078931098322	0.15913399201621997	1.0	0.2766324338276209	1.0	0.14523286985861011
el	1.0	0.8250461349629952	1.0	1.0	0.4045997257805306	0.1558513137774334	1.0	0.08329767619339946	0.1419423813590096	0.0	0.2374934124781998	1.0	0.2939192087603993	0.3006331640245203	0.13091787445783232	0.1731662084244297	0.2568640244260069	0.26139520380634546	1.0	0.30257744868902353	1.0	0.15433401211796818	0.14277326283961408	0.14504557955669875	0.1906749013065804	0.12291151829584757	0.2613271121016151	1.0	0.7210092110599264	0.7763354016084122	0.18871790353087953	1.0	0.23545054535632667	1.0	0.20771511622588673
en	0.8806414284346811	0.5289468263657583	1.0	0.4695960115558277	0.14447636708888353	0.056144722856157056	0.08329767619339946	1.0	0.044677623196046956	0.5966399592430951	0.11040888262542058	0.5140252118384686	0.19528687993012062	0.16564067267390545	0.03338840077320204	0.08633668638646326	0.3394352581631064	0.17216202027068145	0.4157958605926274	0.07798959046054575	1.0	0.047126680802615555	0.04152753132973233	0.04881379161164047	0.11114587572464997	0.04296071732191113	0.17754519993741325	0.7411828468492556	0.20235252502989542	0.26815052894258373	0.07008750227357284	1.0	0.1750389556463545	0.7411828468492555	0.08765886065941282
es	1.0	0.620120566922612	1.0	1.0	0.25210336826068236	0.10906605797186589	0.1419423813590096	0.044677623196046956	1.0	1.0	0.1830513710187485	0.6518155124769265	0.33313065406407144	0.22229799425032495	0.042773571011854576	0.1271731367371619	0.5419666857987343	0.3148678933767271	0.5887701885684132	0.14779149511545334	1.0	0.07799193907453131	0.05160838442873829	0.07630884351852357	0.21517255702391194	0.060134491506370666	0.3321468104871118	1.0	0.5040872811741365	0.3133366534501953	0.11296489177956799	1.0	0.22269488187013156	1.0	0.12112886171307145
fr	0.0	0.0	0.0	0.0	0.0	0.0	0.0	0.5966399592430951	1.0	1.0	0.0	0.0	0.0	0.0	0.7263875964832448	0.0	0.0	0.0	0.0	0.0	0.0	1.0	1.0	1.0	0.0	1.0	0.0	0.0	0.0	0.0	0.0	0.0	0.0	0.0	1.0
he	1.0	0.6382211135961436	1.0	1.0	0.41716451603060295	0.23335847617563446	0.2374934124781998	0.11040888262542058	0.1830513710187485	0.0	1.0	1.0	0.6202581834090739	0.3198273001884859	0.15897130524809835	0.18203619412886798	0.5072169309294888	0.3522557671484529	0.661251134120194	0.37675871442597547	1.0	0.1728983962513369	0.1803500976407977	0.1828499199578939	0.2229672268512363	0.1598544804648921	0.38602031859889047	1.0	0.636400415174357	0.3859154624053492	0.22056851130943966	1.0	0.4215611686460543	1.0	0.1732232686736932
hi	0.0	1.0	0.0	1.0	1.0	0.7411828468492556	1.0	0.5140252118384686	0.6518155124769265	0.0	1.0	1.0	0.7690990303325336	1.0	0.6740515375688697	1.0	1.0	1.0	1.0	1.0	1.0	1.0	1.0	0.7376607345031153	1.0	0.5306277697363266	1.0	1.0	1.0	1.0	1.0	1.0	1.0	1.0	1.0
hu	1.0	0.8216064286890065	0.0	1.0	0.4599987469034401	0.38323791212101854	0.2939192087603993	0.19528687993012062	0.33313065406407144	0.0	0.6202581834090739	0.7690990303325336	1.0	0.7411828468492556	0.3035258663125623	0.2865947624491696	1.0	0.7744097047377118	1.0	0.36245043664567067	1.0	0.3524930940256872	0.30094226900044	0.3770149458528193	0.34141580552577666	0.2974859646501913	0.7210092110599264	1.0	0.6443242360956813	1.0	0.40984924271112333	1.0	0.31009562405405017	1.0	0.28377271597142667
id	1.0	0.6744103220424008	0.0	1.0	0.5079194960261646	0.3326963768686306	0.3006331640245203	0.16564067267390545	0.22229799425032495	0.0	0.3198273001884859	1.0	0.7411828468492556	1.0	0.16367067210631833	0.23191928320270042	0.39381993052130604	0.37346116743306323	0.6994017365373274	0.3064910693204438	1.0	0.2479044923185952	0.23424700066901155	0.19958076384883755	0.31943602851507286	0.20781768407338855	0.5306158009593789	1.0	0.3481838134376037	0.5891733373420326	0.32788720234791424	1.0	0.3435768492913689	0.7690990303325336	0.20899137370709164
it	0.4695960115558277	0.6002699516561971	1.0	1.0	0.27135473964472895	0.08071670530347358	0.13091787445783232	0.03338840077320204	0.042773571011854576	0.7263875964832448	0.15897130524809835	0.6740515375688697	0.3035258663125623	0.16367067210631833	1.0	0.11075211434010496	0.31216654982429065	0.23984785256910793	0.6345279152703018	0.114352089832409	1.0	0.056098074280091496	0.04366351801218511	0.06570792950239301	0.16225977447687692	0.04550950259100708	0.23226895095165376	0.7690990303325336	0.5440427189203432	0.2890915282318186	0.11166589997331354	1.0	0.2133108963867317	1.0	0.11251416089531939
ja	1.0	0.8250461349629952	1.0	1.0	0.2618214457020296	0.13774275367611363	0.1731662084244297	0.08633668638646326	0.1271731367371619	0.0	0.18203619412886798	1.0	0.2865947624491696	0.23191928320270042	0.11075211434010496	1.0	0.2727421826832157	0.24685167612435363	0.5912384651224017	0.2502600853426746	1.0	0.11941318644543746	0.11692443961351034	0.12727001426760237	0.17015769416337173	0.10497814512216447	0.26179428837742724	1.0	0.3673575720517058	0.37158471858764286	0.15020997052990917	1.0	0.2125614280183656	0.6467936504043929	0.1400323111613794
ko	1.0	0.7361412429601099	1.0	1.0	0.5219254179499837	0.557716411721516	0.2568640244260069	0.3394352581631064	0.5419666857987343	0.0	0.5072169309294888	1.0	1.0	0.39381993052130604	0.31216654982429065	0.2727421826832157	1.0	0.7210092110599264	1.0	0.3971890176159218	1.0	0.22367098661386464	0.4594654698555736	0.4358603176045622	0.3344760215591113	0.3305852796139604	0.5532507453581365	1.0	0.7221793916855702	0.49890610209999686	0.4094241968396062	1.0	0.34511346702234796	1.0	0.23471261350520928
lv	1.0	0.8016071312619629	1.0	1.0	0.4123151058844184	0.3767652965725973	0.26139520380634546	0.17216202027068145	0.3148678933767271	0.0	0.3522557671484529	1.0	0.7744097047377118	0.37346116743306323	0.23984785256910793	0.24685167612435363	0.7210092110599264	1.0	1.0	0.728099120889861	1.0	0.2043829965300456	0.2673956988721652	0.43753263872837367	0.30703412025650173	0.23029727282001283	0.5113904188172822	1.0	0.718925811717485	1.0	0.32248677991307334	1.0	0.37555629905235316	1.0	0.31687616318880124
mk	1.0	0.8250461349629952	0.0	1.0	1.0	0.651610424238932	1.0	0.4157958605926274	0.5887701885684132	0.0	0.661251134120194	1.0	1.0	0.6994017365373274	0.6345279152703018	0.5912384651224017	1.0	1.0	1.0	1.0	1.0	0.339342090926147	0.7179915061657697	0.7234532828151787	0.3270924052593206	0.5351036880678893	1.0	1.0	1.0	0.5973484481370076	0.6568318202362041	1.0	0.6841174893561722	1.0	0.3852421854595539
ml	0.0	0.8216064286890065	0.0	1.0	0.3634475309835578	0.1985768118990529	0.30257744868902353	0.07798959046054575	0.14779149511545334	0.0	0.37675871442597547	1.0	0.36245043664567067	0.3064910693204438	0.114352089832409	0.2502600853426746	0.3971890176159218	0.728099120889861	1.0	1.0	1.0	0.18631447411479699	0.18274908862619788	0.2005120590484018	0.20357202253542747	0.13779030009696516	0.39348868705949636	1.0	0.3741842246359048	0.7130366778869269	0.3330512285341471	1.0	0.412857090281376	1.0	0.28490716505318675
mr	0.0	1.0	0.0	1.0	1.0	1.0	1.0	1.0	1.0	0.0	1.0	1.0	1.0	1.0	1.0	1.0	1.0	1.0	1.0	1.0	1.0	1.0	1.0	1.0	0.8216064286890065	1.0	1.0	1.0	1.0	1.0	1.0	1.0	1.0	1.0	1.0
nl	1.0	0.7361412429601099	1.0	1.0	0.2121073976722116	0.10608175933470713	0.15433401211796818	0.047126680802615555	0.07799193907453131	1.0	0.1728983962513369	1.0	0.3524930940256872	0.2479044923185952	0.056098074280091496	0.11941318644543746	0.22367098661386464	0.2043829965300456	0.339342090926147	0.18631447411479699	1.0	1.0	0.0672595072944042	0.10866284571161056	0.16979235282911304	0.06102759394536547	0.18537623300482442	1.0	0.40621601379673755	0.3181626013740975	0.10450477136422232	1.0	0.20655392850640955	1.0	0.12125312293014608
pl	1.0	0.49617621148662455	1.0	1.0	0.27554046187344405	0.09951685465778513	0.14277326283961408	0.04152753132973233	0.05160838442873829	1.0	0.1803500976407977	1.0	0.30094226900044	0.23424700066901155	0.04366351801218511	0.11692443961351034	0.4594654698555736	0.2673956988721652	0.7179915061657697	0.18274908862619788	1.0	0.0672595072944042	1.0	0.0851329034040821	0.18928462990363104	0.05255947159868931	0.2616725547628365	1.0	0.4696869376578398	0.34929734209856833	0.12325266362209521	1.0	0.2400445236151316	1.0	0.13395046836547406
pt	1.0	0.6261319614934328	1.0	1.0	0.3040706983091367	0.13289667068313424	0.14504557955669875	0.04881379161164047	0.07630884351852357	1.0	0.1828499199578939	0.7376607345031153	0.3770149458528193	0.19958076384883755	0.06570792950239301	0.12727001426760237	0.4358603176045622	0.43753263872837367	0.7234532828151787	0.2005120590484018	1.0	0.10866284571161056	0.0851329034040821	1.0	0.20217097062019307	0.06939592054899239	0.254139998827845	1.0	0.4418096807823021	0.3771933826678014	0.16823356135146772	1.0	0.22875097774536718	1.0	0.12275309158286254
ro	1.0	0.6701679054235479	1.0	0.5660160774121898	0.3169474433479311	0.241490588353689	0.1906749013065804	0.11114587572464997	0.21517255702391194	0.0	0.2229672268512363	1.0	0.34141580552577666	0.31943602851507286	0.16225977447687692	0.17015769416337173	0.3344760215591113	0.30703412025650173	0.3270924052593206	0.20357202253542747	0.8216064286890065	0.16979235282911304	0.18928462990363104	0.20217097062019307	1.0	0.17256201714041483	0.2971445404652123	1.0	0.24817511826176955	0.38545706343532	0.24569676286601924	1.0	0.318350861048652	1.0	0.19398080962430664
ru	1.0	0.622135837981205	1.0	1.0	0.19779545003664728	0.07472790731876214	0.12291151829584757	0.04296071732191113	0.060134491506370666	1.0	0.1598544804648921	0.5306277697363266	0.2974859646501913	0.20781768407338855	0.04550950259100708	0.10497814512216447	0.3305852796139604	0.23029727282001283	0.5351036880678893	0.13779030009696516	1.0	0.06102759394536547	0.05255947159868931	0.06939592054899239	0.17256201714041483	1.0	0.23135702387311322	1.0	0.40763374184131773	0.3033462594681401	0.08953470689016657	1.0	0.21437340816891118	1.0	0.11747428209512724
sh	1.0	0.7361412429601099	1.0	1.0	0.501810645507357	0.3646184788605933	0.2613271121016151	0.17754519993741325	0.3321468104871118	0.0	0.38602031859889047	1.0	0.7210092110599264	0.5306158009593789	0.23226895095165376	0.26179428837742724	0.5532507453581365	0.5113904188172822	1.0	0.39348868705949636	1.0	0.18537623300482442	0.2616725547628365	0.254139998827845	0.2971445404652123	0.23135702387311322	1.0	1.0	0.7199285383279772	0.6271331548246146	0.3409031527741654	1.0	0.3667465895343612	1.0	0.1989645087857016
si	0.0	1.0	0.0	1.0	1.0	1.0	1.0	0.7411828468492556	1.0	0.0	1.0	1.0	1.0	1.0	0.7690990303325336	1.0	1.0	1.0	1.0	1.0	1.0	1.0	1.0	1.0	1.0	1.0	1.0	1.0	1.0	1.0	1.0	1.0	1.0	1.0	0.7584325078215765
simple	1.0	0.8250461349629952	0.0	1.0	0.7234532828151788	0.5546389228878331	0.7210092110599264	0.20235252502989542	0.5040872811741365	0.0	0.636400415174357	1.0	0.6443242360956813	0.3481838134376037	0.5440427189203432	0.3673575720517058	0.7221793916855702	0.718925811717485	1.0	0.3741842246359048	1.0	0.40621601379673755	0.4696869376578398	0.4418096807823021	0.24817511826176955	0.40763374184131773	0.7199285383279772	1.0	1.0	0.6499913553099703	0.4728482465995372	1.0	0.3865966302102591	0.7510341748895937	0.3163436754301786
sr	1.0	0.8250461349629952	0.0	1.0	0.48167154780300714	0.38078931098322	0.7763354016084122	0.26815052894258373	0.3133366534501953	0.0	0.3859154624053492	1.0	1.0	0.5891733373420326	0.2890915282318186	0.37158471858764286	0.49890610209999686	1.0	0.5973484481370076	0.7130366778869269	1.0	0.3181626013740975	0.34929734209856833	0.3771933826678014	0.38545706343532	0.3033462594681401	0.6271331548246146	1.0	0.6499913553099703	1.0	0.45759852884688584	1.0	0.5327713529848409	1.0	0.38005223066121907
sv	1.0	0.7361412429601099	1.0	1.0	0.16595744960239533	0.15913399201621997	0.18871790353087953	0.07008750227357284	0.11296489177956799	0.0	0.22056851130943966	1.0	0.40984924271112333	0.32788720234791424	0.11166589997331354	0.15020997052990917	0.4094241968396062	0.32248677991307334	0.6568318202362041	0.3330512285341471	1.0	0.10450477136422232	0.12325266362209521	0.16823356135146772	0.24569676286601924	0.08953470689016657	0.3409031527741654	1.0	0.4728482465995372	0.45759852884688584	1.0	1.0	0.2719687504968706	1.0	0.15710173443573544
te	0.0	1.0	0.0	1.0	1.0	1.0	1.0	1.0	1.0	0.0	1.0	1.0	1.0	1.0	1.0	1.0	1.0	1.0	1.0	1.0	1.0	1.0	1.0	1.0	1.0	1.0	1.0	1.0	1.0	1.0	1.0	1.0	1.0	1.0	0.7863954451402115
vi	1.0	0.8216064286890065	1.0	1.0	0.2769331912123961	0.2766324338276209	0.23545054535632667	0.1750389556463545	0.22269488187013156	0.0	0.4215611686460543	1.0	0.31009562405405017	0.3435768492913689	0.2133108963867317	0.2125614280183656	0.34511346702234796	0.37555629905235316	0.6841174893561722	0.412857090281376	1.0	0.20655392850640955	0.2400445236151316	0.22875097774536718	0.318350861048652	0.21437340816891118	0.3667465895343612	1.0	0.3865966302102591	0.5327713529848409	0.2719687504968706	1.0	1.0	1.0	0.25130388777146634
war	0.0	0.7361412429601099	0.0	1.0	1.0	1.0	1.0	0.7411828468492555	1.0	0.0	1.0	1.0	1.0	0.7690990303325336	1.0	0.6467936504043929	1.0	1.0	1.0	1.0	1.0	1.0	1.0	1.0	1.0	1.0	1.0	1.0	0.7510341748895937	1.0	1.0	1.0	1.0	1.0	0.7584325078215765
zh	0.6666984105496916	0.7671123878549584	1.0	1.0	0.3167122262556531	0.14523286985861011	0.20771511622588673	0.08765886065941282	0.12112886171307145	1.0	0.1732232686736932	1.0	0.28377271597142667	0.20899137370709164	0.11251416089531939	0.1400323111613794	0.23471261350520928	0.31687616318880124	0.3852421854595539	0.28490716505318675	1.0	0.12125312293014608	0.13395046836547406	0.12275309158286254	0.19398080962430664	0.11747428209512724	0.1989645087857016	0.7584325078215765	0.3163436754301786	0.38005223066121907	0.15710173443573544	0.7863954451402115	0.25130388777146634	0.7584325078215765	1.0
