arz	bs	ceb	ckb	da	de	el	en	es	fr	he	hi	hu	id	it	ja	ko	lv	mk	ml	mr	nl	pl	pt	ro	ru	sh	si	simple	sr	sv	te	vi	war	zh
arz	0.0	0.0	0.0	0.0	0.0	0.0	0.0	0.0	0.0	0.0	0.0	0.0	0.0	0.0	0.0	0.0	0.0	0.0	0.0	0.001282051282051282	0.0	0.0	0.0	0.0	0.0	0.0	0.0	0.0	0.0	0.0	0.0	0.0	0.0	0.0	0.0
bs	0.0	1.0	0.0013986013986013986	0.0	0.0	0.00182370820668693	0.0	0.0013205055649877383	0.0	0.005104645227156712	0.0	0.0	0.0	0.0016366612111292963	0.0028606456885982836	0.0	0.0	0.0	0.0	0.0013812154696132596	0.001949317738791423	0.00039494470774091627	6.840881105486387e-06	0.0	0.0	0.0	0.07555555555555556	0.0011235955056179776	0.0	0.0	0.0	0.0	0.0	0.0	0.0
ceb	0.0	0.0013986013986013986	1.0	0.0	0.0	0.0	0.0	0.0	0.0	0.0	0.0	0.0	0.0	0.0	0.0	3.623844899438304e-05	0.0	0.0	0.0	0.0	0.0	0.0	0.0	0.0	0.0	0.0	0.0	0.0	0.0	0.0	0.0	0.0	0.0	0.0	0.0
ckb	0.0	0.0	0.0	1.0	0.0	0.0	0.0	0.0	0.0	0.0	0.0	0.0	0.0	0.0	0.0	0.0	0.0	0.0	0.0	0.0	0.0	0.0	0.0	0.0	0.0	1.753063478428554e-05	0.0	0.0	0.0	0.0	0.0	0.0	0.0	0.0	3.576026319553712e-05
da	0.0	0.0	0.0	0.0	0.0	0.0	0.0	0.0	0.0	0.0	0.0	0.0	0.0	0.0	0.0	0.0	0.0	0.0	0.0	0.0	0.0006988120195667365	0.0	0.0	0.0	0.0	0.0	0.0	0.0	0.0	0.0	0.0	0.0	0.0	0.0	0.0
de	0.0	0.00182370820668693	0.0	0.0	0.0	1.0	0.0	0.0007705347511172754	0.0	0.001905366783105748	0.0	0.0	0.0	0.0	0.0009855453350854138	0.0	0.0	0.0	0.0	0.000132984618112505	0.0	0.0	2.7143855648975658e-05	0.0	0.0	0.0	0.001799640071985603	0.0	0.0	0.0	0.0	4.55767740759309e-05	0.0	0.0	0.0
el	0.0	0.0	0.0	0.0	0.0	0.0	0.0	0.0	0.0	0.0	0.0	0.0	0.0	0.0	0.0	0.0	0.0	0.0	0.0	0.0026845637583892616	0.00156128024980484	0.0	0.0	0.0	0.0	0.0	0.0	0.00041186161449752884	0.0	0.0	0.0	0.0	0.0	0.0	0.0
en	0.0	0.0013205055649877383	0.0	0.0	0.0	0.0007705347511172754	0.0	1.0	0.00018867924528301886	0.0023532872481247242	0.0	0.0	0.0	0.0	0.002054653790836244	0.0	0.0	0.0	0.0	3.15225386151098e-05	1.4030509342565408e-05	0.00040672451193058567	0.00021855173053233904	0.0	0.0	0.0	0.001503194287861706	1.0527904210108893e-05	0.0	0.0	0.0	7.020080941533256e-06	0.0	3.51145788708556e-06	0.0
es	0.0	0.0	0.0	0.0	0.0	0.0	0.0	0.00018867924528301886	1.0	0.0	0.0	0.0	0.0	0.0	0.0	0.0	0.0	0.0	0.0	0.00012391573729863693	0.0	0.0	0.0	0.0	0.0	0.0	0.0	0.0	0.0	0.0	0.0	6.442883834804459e-05	0.0	0.0	0.0
fr	0.0	0.005104645227156712	0.0	0.0	0.0	0.001905366783105748	0.0	0.0023532872481247242	0.0	1.0	0.0	0.0	0.0	0.00047214353163361664	0.011670083583031067	0.0	0.0	0.0	0.0	7.901390644753477e-05	5.9757385016831667e-05	0.0007431260837255387	6.094299121743782e-05	0.0	0.0	0.0	0.005555555555555556	1.9972836941759208e-05	0.0	0.0	0.0	0.0	0.0	0.0	0.0
he	0.0	0.0	0.0	0.0	0.0	0.0	0.0	0.0	0.0	0.0	0.0	0.0	0.0	0.0	0.0	0.0	0.0	0.0	0.0	0.0002959455460195324	0.0003156565656565657	0.0	0.0	0.0	0.0	0.0	0.0	0.00016129032258064516	0.0	0.0	0.0	0.00016289297931259162	0.0	0.0	0.0
hi	0.0	0.0	0.0	0.0	0.0	0.0	0.0	0.0	0.0	0.0	0.0	0.0	0.0	0.0	0.0	0.0	0.0	0.0	0.0	0.0016884761502743773	0.001026167265264238	0.0	0.0	0.0	0.0	0.0	0.0	0.0011037527593818985	0.0	0.0	0.0	0.0005707762557077625	0.0	0.0	0.0
hu	0.0	0.0	0.0	0.0	0.0	0.0	0.0	0.0	0.0	0.0	0.0	0.0	0.0	0.0	0.0	0.0	0.0	0.0	0.0	0.0	0.00043159257660768235	0.0	0.0	0.0	0.0	0.0	0.0	0.00045871559633027525	0.0	0.0	0.0	0.0	0.0	0.0	0.0
id	0.0	0.0016366612111292963	0.0	0.0	0.0	0.0	0.0	0.0	0.0	0.00047214353163361664	0.0	0.0	0.0	1.0	0.00019774569903104609	0.0	0.0	0.0	0.0	0.0	0.0	0.0	6.833868653044488e-06	0.0	0.0	0.0	0.0	0.0	0.0	0.0	0.0014727540500736377	0.0	0.0	0.0	0.0
it	0.0	0.0028606456885982836	0.0	0.0	0.0	0.0009855453350854138	0.0	0.002054653790836244	0.0	0.011670083583031067	0.0	0.0	0.0	0.00019774569903104609	1.0	0.0	0.0	0.0	0.0	0.00011818335303055884	6.801448708574926e-05	0.0	4.647457177001726e-05	0.0	0.0	0.0	0.003868865811443698	1.7042452749799752e-05	0.0	0.0	0.0	1.7060188344479325e-05	0.0	0.0	0.0
ja	0.0	0.0	3.623844899438304e-05	0.0	0.0	0.0	0.0	0.0	0.0	0.0	0.0	0.0	0.0	0.0	0.0	0.0	0.0	0.0	0.0	0.0002824659275474896	0.00014334862385321102	0.0	0.0	0.0	0.0	0.0	0.0	0.0	0.0	0.0	0.0	3.60893572485474e-05	0.0	0.0	0.0
ko	0.0	0.0	0.0	0.0	0.0	0.0	0.0	0.0	0.0	0.0	0.0	0.0	0.0	0.0	0.0	0.0	0.0	0.0	0.0	0.0002728885250375222	0.0010141987829614604	0.0	0.0	0.0	0.0	0.0	0.0	0.0001476886722788362	0.0	0.0	0.0	0.0002981070204203309	0.0	0.0	0.0
lv	0.0	0.0	0.0	0.0	0.0	0.0	0.0	0.0	0.0	0.0	0.0	0.0	0.0	0.0	0.0	0.0	0.0	0.0	0.0	0.0016	0.0	0.0	0.0	0.0	0.0	0.0	0.0	0.002894356005788712	0.0	0.0	0.0	0.001584786053882726	0.0	0.0	0.0
mk	0.0	0.0	0.0	0.0	0.0	0.0	0.0	0.0	0.0	0.0	0.0	0.0	0.0	0.0	0.0	0.0	0.0	0.0	0.0	0.0014177693761814746	0.0017709563164108619	0.0	0.0	0.0	0.0	0.0	0.0	0.0	0.0	0.0	0.0	0.0	0.0	0.0	0.0
ml	0.001282051282051282	0.0013812154696132596	0.0	0.0	0.0	0.000132984618112505	0.0026845637583892616	3.15225386151098e-05	0.00012391573729863693	7.901390644753477e-05	0.0002959455460195324	0.0016884761502743773	0.0	0.0	0.00011818335303055884	0.0002824659275474896	0.0002728885250375222	0.0016	0.0014177693761814746	1.0	0.0009478672985781991	0.00024813895781637717	6.662225183211193e-05	0.00010619995327202056	0.0009910802775024777	0.00019052237771927393	0.0006788866259334691	0.0021810250817884407	0.0010995052226498076	0.00022177866489243733	0.0002942907592701589	0.0	0.0006694934166480696	0.0	0.00024423432538990265
mr	0.0	0.001949317738791423	0.0	0.0	0.0006988120195667365	0.0	0.00156128024980484	1.4030509342565408e-05	0.0	5.9757385016831667e-05	0.0003156565656565657	0.001026167265264238	0.00043159257660768235	0.0	6.801448708574926e-05	0.00014334862385321102	0.0010141987829614604	0.0	0.0017709563164108619	0.0009478672985781991	1.0	0.00013090718680455556	6.854949273375377e-05	8.572653236176597e-05	0.0	5.233592686926486e-05	0.0	0.0020161290322580645	0.0	0.0004894762604013706	0.00020032051282051281	0.0	0.0002462447672986949	0.0	7.08114997875655e-05
nl	0.0	0.00039494470774091627	0.0	0.0	0.0	0.0	0.0	0.00040672451193058567	0.0	0.0007431260837255387	0.0	0.0	0.0	0.0	0.0	0.0	0.0	0.0	0.0	0.00024813895781637717	0.00013090718680455556	1.0	2.6981814257190653e-05	0.0	0.0	0.0	0.0	0.0002666311158512198	0.0	0.0	0.0	0.0	0.0	0.0	0.0
pl	0.0	6.840881105486387e-06	0.0	0.0	0.0	2.7143855648975658e-05	0.0	0.00021855173053233904	0.0	6.094299121743782e-05	0.0	0.0	0.0	6.833868653044488e-06	4.647457177001726e-05	0.0	0.0	0.0	0.0	6.662225183211193e-05	6.854949273375377e-05	2.6981814257190653e-05	1.0	0.0	6.8510043572387716e-06	0.0	2.0519835841313268e-05	0.0	0.0	0.0	0.0	0.0	0.0	0.0	0.0
pt	0.0	0.0	0.0	0.0	0.0	0.0	0.0	0.0	0.0	0.0	0.0	0.0	0.0	0.0	0.0	0.0	0.0	0.0	0.0	0.00010619995327202056	8.572653236176597e-05	0.0	0.0	0.0	0.0	0.0	0.0	2.1493358552207367e-05	0.0	0.0	0.0	4.304407713498623e-05	0.0	0.0	0.0
ro	0.0	0.0	0.0	0.0	0.0	0.0	0.0	0.0	0.0	0.0	0.0	0.0	0.0	0.0	0.0	0.0	0.0	0.0	0.0	0.0009910802775024777	0.0	0.0	6.8510043572387716e-06	0.0	1.0	0.0	0.0	0.0013708019191226869	0.0	0.0	0.0	0.0	0.0	0.0	0.0
ru	0.0	0.0	0.0	1.753063478428554e-05	0.0	0.0	0.0	0.0	0.0	0.0	0.0	0.0	0.0	0.0	0.0	0.0	0.0	0.0	0.0	0.00019052237771927393	5.233592686926486e-05	0.0	0.0	0.0	0.0	0.0	0.0	3.497359493582345e-05	0.0	0.0	0.0	0.0	0.0	1.7540782318891422e-05	0.0
sh	0.0	0.07555555555555556	0.0	0.0	0.0	0.001799640071985603	0.0	0.001503194287861706	0.0	0.005555555555555556	0.0	0.0	0.0	0.0	0.003868865811443698	0.0	0.0	0.0	0.0	0.0006788866259334691	0.0	0.0	2.0519835841313268e-05	0.0	0.0	0.0	1.0	0.0004187604690117253	0.0	0.0	0.0	0.0	0.0	0.0	0.0
si	0.0	0.0011235955056179776	0.0	0.0	0.0	0.0	0.00041186161449752884	1.0527904210108893e-05	0.0	1.9972836941759208e-05	0.00016129032258064516	0.0011037527593818985	0.00045871559633027525	0.0	1.7042452749799752e-05	0.0	0.0001476886722788362	0.002894356005788712	0.0	0.0021810250817884407	0.0020161290322580645	0.0002666311158512198	0.0	2.1493358552207367e-05	0.0013708019191226869	3.497359493582345e-05	0.0004187604690117253	1.0	0.0003244646333549643	0.0	5.041847332862761e-05	0.0	0.0	0.0	7.115665136798663e-05
simple	0.0	0.0	0.0	0.0	0.0	0.0	0.0	0.0	0.0	0.0	0.0	0.0	0.0	0.0	0.0	0.0	0.0	0.0	0.0	0.0010995052226498076	0.0	0.0	0.0	0.0	0.0	0.0	0.0	0.0003244646333549643	0.0	0.0	0.0	0.00033101621979476995	0.0	0.0	0.0
sr	0.0	0.0	0.0	0.0	0.0	0.0	0.0	0.0	0.0	0.0	0.0	0.0	0.0	0.0	0.0	0.0	0.0	0.0	0.0	0.00022177866489243733	0.0004894762604013706	0.0	0.0	0.0	0.0	0.0	0.0	0.0	0.0	0.0	0.0	0.0	0.0	0.0	0.0
sv	0.0	0.0	0.0	0.0	0.0	0.0	0.0	0.0	0.0	0.0	0.0	0.0	0.0	0.0014727540500736377	0.0	0.0	0.0	0.0	0.0	0.0002942907592701589	0.00020032051282051281	0.0	0.0	0.0	0.0	0.0	0.0	5.041847332862761e-05	0.0	0.0	1.0	0.00010115314586283633	0.0	0.0	0.0
te	0.0	0.0	0.0	0.0	0.0	4.55767740759309e-05	0.0	7.020080941533256e-06	6.442883834804459e-05	0.0	0.00016289297931259162	0.0005707762557077625	0.0	0.0	1.7060188344479325e-05	3.60893572485474e-05	0.0002981070204203309	0.001584786053882726	0.0	0.0	0.0	0.0	0.0	4.304407713498623e-05	0.0	0.0	0.0	0.0	0.00033101621979476995	0.0	0.00010115314586283633	1.0	0.0002588661661920787	0.0	0.00010697093956141915
vi	0.0	0.0	0.0	0.0	0.0	0.0	0.0	0.0	0.0	0.0	0.0	0.0	0.0	0.0	0.0	0.0	0.0	0.0	0.0	0.0006694934166480696	0.0002462447672986949	0.0	0.0	0.0	0.0	0.0	0.0	0.0	0.0	0.0	0.0	0.0002588661661920787	0.0	0.0	0.0
war	0.0	0.0	0.0	0.0	0.0	0.0	0.0	3.51145788708556e-06	0.0	0.0	0.0	0.0	0.0	0.0	0.0	0.0	0.0	0.0	0.0	0.0	0.0	0.0	0.0	0.0	0.0	1.7540782318891422e-05	0.0	0.0	0.0	0.0	0.0	0.0	0.0	1.0	0.0
zh	0.0	0.0	0.0	3.576026319553712e-05	0.0	0.0	0.0	0.0	0.0	0.0	0.0	0.0	0.0	0.0	0.0	0.0	0.0	0.0	0.0	0.00024423432538990265	7.08114997875655e-05	0.0	0.0	0.0	0.0	0.0	0.0	7.115665136798663e-05	0.0	0.0	0.0	0.00010697093956141915	0.0	0.0	0.0
