arz	bs	ceb	ckb	da	de	el	en	es	fr	he	hi	hu	id	it	ja	ko	lv	mk	ml	mr	nl	pl	pt	ro	ru	sh	si	simple	sr	sv	te	vi	war	zh
arz	0.0	0.0	0.0	0.0	0.0	0.0	0.0	0.0	0.0	0.0	0.0	0.0	0.0	0.0	0.0	0.0	0.0	0.0	0.0	0.0	0.0	0.0	0.0	0.0	0.0	0.0	0.0	0.0	0.0	0.0	0.0	0.0	0.0	0.0	0.0
bs	0.0	1.0	0.0013986013986013986	0.0	0.0	0.00182370820668693	0.0	0.0009428625306430323	0.0	0.00407955124936257	0.0	0.0	0.0	0.0016366612111292963	0.0028606456885982836	0.0	0.0	0.0	0.0	0.0013812154696132596	0.0	0.0	2.7364086005322314e-05	0.0	0.0	0.0	0.06140350877192982	0.0	0.0	0.0	0.0	0.0012062726176115801	0.0	0.0	0.0
ceb	0.0	0.0013986013986013986	1.0	0.0	0.0	0.0	0.0	0.0	0.0	0.0	0.0	0.0	0.0	0.0	0.0	0.0	0.0	0.0	0.0	0.0	0.0	0.0	0.0	0.0	0.0	0.0	0.0	0.0	0.0	0.0	0.0	0.0	0.0	0.0	0.0
ckb	0.0	0.0	0.0	1.0	0.0	0.0	0.00043782837127845885	0.0	0.0	0.0	0.0	0.0	0.0	0.0	1.7084379751593118e-05	0.0	0.0	0.0	0.0	0.0	0.005698005698005698	0.0	0.0	2.1560087965158897e-05	0.0	0.0	0.0	0.0	0.0	0.0	5.0787201625190454e-05	0.0	0.00026455026455026457	0.0	3.576026319553712e-05
da	0.0	0.0	0.0	0.0	0.0	0.0	0.0	0.0	0.0	0.0	0.0	0.0	0.0	0.0	0.0	0.0	0.0	0.0	0.0	0.0016207455429497568	0.0013986013986013986	0.0	0.0	0.0	0.0	0.0	0.0	0.0	0.0	0.0	0.0	0.0	0.0	0.0	0.0
de	0.0	0.00182370820668693	0.0	0.0	0.0	1.0	0.0	0.0018512804689910522	0.0006097560975609756	0.002860775588048315	0.0	0.0	0.0	0.0	0.0024675111037999672	0.0	0.0	0.0	0.0	8.865248226950355e-05	4.516915849857717e-05	0.0	2.7143855648975658e-05	0.0	0.0	0.0	0.001799640071985603	0.0	0.0	0.0	0.0	0.0	0.0	0.0	0.0
el	0.0	0.0	0.0	0.00043782837127845885	0.0	0.0	0.0	0.0	0.0	0.0	0.0	0.0	0.0	0.0	0.0	0.0	0.0	0.0	0.0	0.0013404825737265416	0.0003898635477582846	0.0	0.0	0.0	0.0	0.0	0.0	0.0	0.0	0.0	0.0	0.0004224757076468103	0.0	0.0	0.0
en	0.0	0.0009428625306430323	0.0	0.0	0.0	0.0018512804689910522	0.0	1.0	0.0	0.0023532872481247242	0.0	0.0	0.0	0.0001832508704416346	0.0015401991990964166	0.0	0.0	0.0	0.0	3.5025165581470285e-05	2.104591165627817e-05	0.00040672451193058567	0.00021855173053233904	0.0	0.0	0.0	0.0024449877750611247	1.7546630169675913e-05	0.0	0.0	0.00018604651162790697	1.0530158373581938e-05	0.0	0.0	0.0
es	0.0	0.0	0.0	0.0	0.0	0.0006097560975609756	0.0	0.0	1.0	0.0	0.0	0.0	0.0	0.0	0.0	0.0	0.0	0.0	0.0	6.195403010965863e-05	0.0	0.0	0.0	0.0	0.0	0.0	0.0	0.0	0.0	0.0	0.0	0.0	0.0	0.0	0.0
fr	0.0	0.00407955124936257	0.0	0.0	0.0	0.002860775588048315	0.0	0.0023532872481247242	0.0	1.0	0.0	0.0	0.0	0.0	0.010713723018749016	0.0	0.0	0.0	0.0	0.00019755818088427042	7.967810047408469e-05	0.0007431260837255387	4.062783548435151e-05	0.0	0.0	0.0	0.006572295247724975	5.992090440618384e-05	0.0	0.0	0.0	0.0	0.0	0.0	0.0
he	0.0	0.0	0.0	0.0	0.0	0.0	0.0	0.0	0.0	0.0	0.0	0.0	0.0	0.0	0.0	0.0	0.0	0.0	0.0	0.0002959455460195324	0.0	0.0	0.0	0.0	0.0	0.0	0.0	0.0	0.0	0.0	0.0	0.00016289297931259162	0.0	0.0	0.0
hi	0.0	0.0	0.0	0.0	0.0	0.0	0.0	0.0	0.0	0.0	0.0	0.0	0.0	0.0	0.0	0.0	0.0	0.0	0.0	0.0025348542458808617	0.0	0.0	0.0	0.0	0.0	0.0	0.0	0.0	0.0	0.0	0.0	0.0005707762557077625	0.0	0.0	0.0
hu	0.0	0.0	0.0	0.0	0.0	0.0	0.0	0.0	0.0	0.0	0.0	0.0	0.0	0.0	0.0	0.0	0.0	0.0	0.0	0.0014619883040935672	0.0	0.0	0.0	0.0	0.0	0.0	0.0	0.0	0.0	0.0	0.0	0.00047192071731949034	0.0	0.0	0.0
id	0.0	0.0016366612111292963	0.0	0.0	0.0	0.0	0.0	0.0001832508704416346	0.0	0.0	0.0	0.0	0.0	1.0	0.0	0.0	0.0	0.0	0.0	0.0	0.00039077764751856197	0.0003728560775540641	0.0	0.0	0.0	0.0	0.0	0.00041288191577208916	0.0	0.0	0.0	0.00042354934349851756	0.0	0.0	0.0
it	0.0	0.0028606456885982836	0.0	1.7084379751593118e-05	0.0	0.0024675111037999672	0.0	0.0015401991990964166	0.0	0.010713723018749016	0.0	0.0	0.0	0.0	1.0	0.0	0.0	0.0	0.0	0.00010129830662997417	1.7002754446220287e-05	0.0	7.303340946512987e-05	0.0	0.0	0.0	0.0034602076124567475	1.7042452749799752e-05	0.0	0.0	0.0	1.7060188344479325e-05	0.0	0.0	0.0
ja	0.0	0.0	0.0	0.0	0.0	0.0	0.0	0.0	0.0	0.0	0.0	0.0	0.0	0.0	0.0	0.0	0.0	0.0	0.0	0.0002471489602090174	0.0002508870649797498	0.0	0.0	0.0	0.0	0.0	0.0	0.0	0.0	0.0	0.0	3.60893572485474e-05	0.0	0.0	0.0
ko	0.0	0.0	0.0	0.0	0.0	0.0	0.0	0.0	0.0	0.0	0.0	0.0	0.0	0.0	0.0	0.0	0.0	0.0	0.0	0.0004093886462882096	0.00014475969889982628	0.0	0.0	0.0	0.0	0.0	0.0	0.0	0.0	0.0	0.0	0.0	0.0	0.0	0.0
lv	0.0	0.0	0.0	0.0	0.0	0.0	0.0	0.0	0.0	0.0	0.0	0.0	0.0	0.0	0.0	0.0	0.0	0.0	0.0	0.0016	0.0012062726176115801	0.0	0.0	0.0	0.0	0.0	0.0	0.0	0.0	0.0	0.0	0.0	0.0	0.0	0.0
mk	0.0	0.0	0.0	0.0	0.0	0.0	0.0	0.0	0.0	0.0	0.0	0.0	0.0	0.0	0.0	0.0	0.0	0.0	0.0	0.002839564600094652	0.0005896226415094339	0.0	0.0	0.0	0.0	0.0	0.0	0.002570694087403599	0.0	0.0	0.0	0.0	0.0	0.0	0.0
ml	0.0	0.0013812154696132596	0.0	0.0	0.0016207455429497568	8.865248226950355e-05	0.0013404825737265416	3.5025165581470285e-05	6.195403010965863e-05	0.00019755818088427042	0.0002959455460195324	0.0025348542458808617	0.0014619883040935672	0.0	0.00010129830662997417	0.0002471489602090174	0.0004093886462882096	0.0016	0.002839564600094652	1.0	0.0018975332068311196	0.0004964010920824026	6.662225183211193e-05	0.00014868625076998237	0.0009910802775024777	0.00017319916171605729	0.0006788866259334691	0.0010893246187363835	0.0010995052226498076	0.00022177866489243733	0.0002942907592701589	0.0	0.0004462293618920125	0.0	0.0004187604690117253
mr	0.0	0.0	0.0	0.005698005698005698	0.0013986013986013986	4.516915849857717e-05	0.0003898635477582846	2.104591165627817e-05	0.0	7.967810047408469e-05	0.0	0.0	0.0	0.00039077764751856197	1.7002754446220287e-05	0.0002508870649797498	0.00014475969889982628	0.0012062726176115801	0.0005896226415094339	0.0018975332068311196	1.0	0.0	6.854949273375377e-05	0.00010716046207591247	0.0006261740763932373	8.722958827634333e-05	0.000792393026941363	0.008113590263691683	0.00031065548306927616	0.00024467824810374357	5.0072605277652595e-05	0.0022988505747126436	0.0002462447672986949	0.0	0.00014163302882232138
nl	0.0	0.0	0.0	0.0	0.0	0.0	0.0	0.00040672451193058567	0.0	0.0007431260837255387	0.0	0.0	0.0	0.0003728560775540641	0.0	0.0	0.0	0.0	0.0	0.0004964010920824026	0.0	1.0	6.745317063628576e-06	0.0	0.0	0.0	0.0007833920877399138	0.0	0.0	0.0	0.0	0.0	0.0	0.0	0.0
pl	0.0	2.7364086005322314e-05	0.0	0.0	0.0	2.7143855648975658e-05	0.0	0.00021855173053233904	0.0	4.062783548435151e-05	0.0	0.0	0.0	0.0	7.303340946512987e-05	0.0	0.0	0.0	0.0	6.662225183211193e-05	6.854949273375377e-05	6.745317063628576e-06	1.0	0.0	6.8510043572387716e-06	0.0	3.420019425710338e-05	0.0	0.0	0.0	6.837700344620098e-06	0.0	0.0	0.0	0.0
pt	0.0	0.0	0.0	2.1560087965158897e-05	0.0	0.0	0.0	0.0	0.0	0.0	0.0	0.0	0.0	0.0	0.0	0.0	0.0	0.0	0.0	0.00014868625076998237	0.00010716046207591247	0.0	0.0	0.0	0.0	0.0	0.0	4.298764105319721e-05	0.0	0.0	0.0	2.1521575379317765e-05	0.0	0.0	0.0
ro	0.0	0.0	0.0	0.0	0.0	0.0	0.0	0.0	0.0	0.0	0.0	0.0	0.0	0.0	0.0	0.0	0.0	0.0	0.0	0.0009910802775024777	0.0006261740763932373	0.0	6.8510043572387716e-06	0.0	1.0	0.0	0.0	0.0	0.0	0.0	0.0	0.0	0.0	0.0	0.0
ru	0.0	0.0	0.0	0.0	0.0	0.0	0.0	0.0	0.0	0.0	0.0	0.0	0.0	0.0	0.0	0.0	0.0	0.0	0.0	0.00017319916171605729	8.722958827634333e-05	0.0	0.0	0.0	0.0	0.0	0.0	3.497359493582345e-05	0.0	0.0	0.0	1.75051640233869e-05	0.0	0.0	0.0
sh	0.0	0.06140350877192982	0.0	0.0	0.0	0.001799640071985603	0.0	0.0024449877750611247	0.0	0.006572295247724975	0.0	0.0	0.0	0.0	0.0034602076124567475	0.0	0.0	0.0	0.0	0.0006788866259334691	0.000792393026941363	0.0007833920877399138	3.420019425710338e-05	0.0	0.0	0.0	1.0	0.0004187604690117253	0.0	0.0	0.0018148820326678765	0.0004297378599054577	0.0	0.0	0.0
si	0.0	0.0	0.0	0.0	0.0	0.0	0.0	1.7546630169675913e-05	0.0	5.992090440618384e-05	0.0	0.0	0.0	0.00041288191577208916	1.7042452749799752e-05	0.0	0.0	0.0	0.002570694087403599	0.0010893246187363835	0.008113590263691683	0.0	0.0	4.298764105319721e-05	0.0	3.497359493582345e-05	0.0004187604690117253	1.0	0.0	0.0	0.00015127067365873335	0.0	0.0005098139179199592	0.0	0.00017791061770566468
simple	0.0	0.0	0.0	0.0	0.0	0.0	0.0	0.0	0.0	0.0	0.0	0.0	0.0	0.0	0.0	0.0	0.0	0.0	0.0	0.0010995052226498076	0.00031065548306927616	0.0	0.0	0.0	0.0	0.0	0.0	0.0	0.0	0.0	0.0	0.0	0.0	0.0	0.0
sr	0.0	0.0	0.0	0.0	0.0	0.0	0.0	0.0	0.0	0.0	0.0	0.0	0.0	0.0	0.0	0.0	0.0	0.0	0.0	0.00022177866489243733	0.00024467824810374357	0.0	0.0	0.0	0.0	0.0	0.0	0.0	0.0	0.0	0.0	0.00025713551041398817	0.0	0.0	0.0
sv	0.0	0.0	0.0	5.0787201625190454e-05	0.0	0.0	0.0	0.00018604651162790697	0.0	0.0	0.0	0.0	0.0	0.0	0.0	0.0	0.0	0.0	0.0	0.0002942907592701589	5.0072605277652595e-05	0.0	6.837700344620098e-06	0.0	0.0	0.0	0.0018148820326678765	0.00015127067365873335	0.0	0.0	1.0	0.0	0.0	0.0	0.0
te	0.0	0.0012062726176115801	0.0	0.0	0.0	0.0	0.0004224757076468103	1.0530158373581938e-05	0.0	0.0	0.00016289297931259162	0.0005707762557077625	0.00047192071731949034	0.00042354934349851756	1.7060188344479325e-05	3.60893572485474e-05	0.0	0.0	0.0	0.0	0.0022988505747126436	0.0	0.0	2.1521575379317765e-05	0.0	1.75051640233869e-05	0.0004297378599054577	0.0	0.0	0.00025713551041398817	0.0	1.0	0.0002588661661920787	0.0	7.131141695785496e-05
vi	0.0	0.0	0.0	0.00026455026455026457	0.0	0.0	0.0	0.0	0.0	0.0	0.0	0.0	0.0	0.0	0.0	0.0	0.0	0.0	0.0	0.0004462293618920125	0.0002462447672986949	0.0	0.0	0.0	0.0	0.0	0.0	0.0005098139179199592	0.0	0.0	0.0	0.0002588661661920787	0.0	0.0	0.0
war	0.0	0.0	0.0	0.0	0.0	0.0	0.0	0.0	0.0	0.0	0.0	0.0	0.0	0.0	0.0	0.0	0.0	0.0	0.0	0.0	0.0	0.0	0.0	0.0	0.0	0.0	0.0	0.0	0.0	0.0	0.0	0.0	0.0	1.0	0.0
zh	0.0	0.0	0.0	3.576026319553712e-05	0.0	0.0	0.0	0.0	0.0	0.0	0.0	0.0	0.0	0.0	0.0	0.0	0.0	0.0	0.0	0.0004187604690117253	0.00014163302882232138	0.0	0.0	0.0	0.0	0.0	0.0	0.00017791061770566468	0.0	0.0	0.0	7.131141695785496e-05	0.0	0.0	0.0
