arz	bs	ceb	ckb	da	de	el	en	es	fr	he	hi	hu	id	it	ja	ko	lv	mk	ml	mr	nl	pl	pt	ro	ru	sh	si	simple	sr	sv	te	vi	war	zh
arz	1.0	0.34833147735478825	0.0	1.0	0.28172904669025317	0.19675422795565722	0.17025459812835744	0.1907435698305462	0.3288130902060995	0.10676744290030575	0.1798646039396432	0.585786437626905	0.27195617308673004	0.16748131305387667	0.21767634479507444	0.30216947925196225	0.16217876641110082	0.22901628833426058	0.3726822671238253	0.585786437626905	0.26427884169111276	0.2153697704670271	0.24234617003244985	0.17502869557758907	0.11106666256203254	0.2559267000320781	0.5	1.0	0.3164309725825327	0.4364916731037085	0.30216947925196225	0.0	0.3660254037844386	1.0	0.2843646522044218
bs	0.34833147735478825	1.0	0.0	0.27195617308673	0.08589202827743497	0.0693861127469447	0.08731140761481043	0.03943746666001224	0.021604875825324776	0.09698745945418347	0.10192631536835059	0.44948974278317805	0.09326862846417953	0.09828408546561108	0.060680983941161996	0.09384036010126978	0.08209243426221982	0.11799415489183324	0.12823229977238035	0.35290635679356663	0.5210528694822353	0.08781027548135974	0.0880542514174003	0.048357373832462774	0.08849586876388801	0.06800017262082017	0.13906891395232146	1.0	0.0471260566215417	0.10200235121560407	0.08090584893081941	0.0	0.05292551114915102	0.585786437626905	0.06472974159793976
ceb	0.0	0.0	1.0	0.0	1.0	1.0	1.0	1.0	1.0	1.0	1.0	1.0	1.0	1.0	1.0	1.0	1.0	1.0	1.0	0.0	1.0	1.0	1.0	1.0	1.0	1.0	1.0	0.0	1.0	1.0	1.0	0.0	1.0	0.0	1.0
ckb	1.0	0.27195617308673	0.0	1.0	0.4356120478348471	0.44948974278317805	0.30383243470068705	0.5	0.585786437626905	0.23582845781094	0.3483314773547883	0.585786437626905	0.44948974278317805	0.44948974278317805	0.5	0.44948974278317805	0.5	0.22204428984844665	0.4134900434704663	0.44948974278317805	0.23716853256478385	0.4142135623730951	0.5	0.585786437626905	0.18808171889254233	0.585786437626905	0.585786437626905	1.0	0.585786437626905	0.33300151973035974	0.3726822671238253	0.0	0.44948974278317805	1.0	0.4142135623730951
da	0.28172904669025317	0.08589202827743497	1.0	0.4356120478348471	1.0	0.056669371291839285	0.08615618891173175	0.0455638117220568	0.011794577793801837	0.05929424540031507	0.09674143858951455	0.5	0.06363782587387753	0.10343168997261126	0.05312836449528855	0.07781053565961145	0.08195188504589232	0.12310080362560612	0.11928696932777735	0.40387408308644984	0.18359156762831086	0.05208475446716533	0.06100126771363199	0.060427961729639094	0.06913876332251073	0.08264864953984288	0.33773018484522777	0.44948974278317805	0.025344696934239967	0.08536020071382391	0.057291210238792425	0.0	0.08062125633612384	0.585786437626905	0.07302096260020577
de	0.19675422795565722	0.0693861127469447	1.0	0.44948974278317805	0.056669371291839285	1.0	0.04797594021797003	0.018279652174542565	0.004267632727891357	0.019486016877341274	0.07757222493692875	0.585786437626905	0.042385614964612475	0.09012973603483866	0.019083525416483612	0.031098820108724525	0.04250846628905473	0.07117929960938438	0.07851484836174635	0.3333333333333333	0.14798468761329336	0.021761551770956	0.026902833825607743	0.029712413192927667	0.028526955450524413	0.02598794058053235	0.1652960191502465	0.585786437626905	0.015896091431051213	0.06508041308503981	0.04782548678196833	0.0	0.06256979067455702	1.0	0.032643884562027346
el	0.17025459812835744	0.08731140761481043	1.0	0.30383243470068705	0.08615618891173175	0.04797594021797003	1.0	0.043988298538603435	0.008090083805445819	0.05039456782663828	0.08575046231191034	0.44948974278317805	0.05494767911791233	0.10119216466150532	0.045175759281936935	0.050658655090662315	0.05124495641691647	0.12291407712702593	0.08253682631888073	0.37218975135070936	0.1339558314344502	0.0476599748454096	0.050107944189307425	0.04865465447235029	0.04517796407156107	0.049108523587481905	0.21955522769925345	1.0	0.020016849077524	0.0888990403538419	0.058378745241270784	0.0	0.09436300642186907	1.0	0.0500480170748727
en	0.1907435698305462	0.03943746666001224	1.0	0.5	0.0455638117220568	0.018279652174542565	0.043988298538603435	1.0	0.004136751116540869	0.01533627494581182	0.04914011707914245	0.585786437626905	0.041553088504631144	0.04369214697731734	0.01673176523273715	0.028826763620250804	0.041206859050561574	0.0463899111670771	0.06492063446492254	0.36602540378443865	0.14008952744053635	0.022130997924945585	0.025460054358251563	0.02406905730634553	0.02598634218638794	0.025128278939205943	0.1975496259559987	0.44948974278317805	0.014357939662806784	0.0406174789653861	0.03505972443301002	0.0	0.04957726510234324	0.39564392373896007	0.024964201603907946
es	0.3288130902060995	0.021604875825324776	1.0	0.585786437626905	0.011794577793801837	0.004267632727891357	0.008090083805445819	0.004136751116540869	1.0	0.004626340657177047	0.011228642743697212	0.585786437626905	0.006052723767961185	0.0140208773961329	0.00423928404707598	0.005767143252376936	0.006739994683678988	0.025317584613130512	0.062235086369862594	0.36602540378443865	0.15366717774838984	0.003977405949042806	0.004921515685153874	0.004253229602653599	0.006186352572853589	0.004786150412896593	0.21551468935838852	0.585786437626905	0.07904142706442674	0.019399092915525055	0.008109832627605297	0.0	0.012231373274706189	1.0	0.004764466918182156
fr	0.10676744290030575	0.09698745945418347	1.0	0.23582845781094	0.05929424540031507	0.019486016877341274	0.05039456782663828	0.01533627494581182	0.004626340657177047	1.0	0.08189969592283591	0.585786437626905	0.029365798580110326	0.10101995723153111	0.017987642759563285	0.027615254172222416	0.03278698465227719	0.12761481934563243	0.11706715476675733	0.3430703308172536	0.21677253057217902	0.020943211980302596	0.02494228123667553	0.02246151397054712	0.026337948940857787	0.024364853328474958	0.1422740328441845	0.585786437626905	0.017568997163354878	0.0840353665787679	0.05985944210946874	0.0	0.08681882295263474	0.585786437626905	0.02523073271761958
he	0.1798646039396432	0.10192631536835059	1.0	0.3483314773547883	0.09674143858951455	0.07757222493692875	0.08575046231191034	0.04914011707914245	0.011228642743697212	0.08189969592283591	1.0	0.585786437626905	0.09064884032317878	0.10898631391483106	0.07332546174924023	0.07856512606528725	0.06306295367801026	0.11362883246660647	0.13820950608279692	0.35388936786452296	0.1592959338905712	0.0602532591035577	0.072003916547147	0.07864069959463553	0.063224332190912	0.07023899889416961	0.16681044587438013	1.0	0.02458091469981213	0.09406132332055911	0.09248275176448899	0.0	0.057593663680520484	1.0	0.07772499825255648
hi	0.585786437626905	0.44948974278317805	1.0	0.585786437626905	0.5	0.585786437626905	0.44948974278317805	0.585786437626905	0.585786437626905	0.585786437626905	0.585786437626905	1.0	1.0	0.5	0.5	0.585786437626905	1.0	0.4356120478348471	0.585786437626905	0.5	0.5	0.585786437626905	0.585786437626905	0.585786437626905	0.4356120478348471	0.585786437626905	1.0	1.0	0.585786437626905	0.44948974278317805	0.585786437626905	0.0	0.5	1.0	1.0
hu	0.27195617308673004	0.09326862846417953	1.0	0.44948974278317805	0.06363782587387753	0.042385614964612475	0.05494767911791233	0.041553088504631144	0.006052723767961185	0.029365798580110326	0.09064884032317878	1.0	1.0	0.09874566138833367	0.040423273159588886	0.050527940923519636	0.053183266351014453	0.12257617865088496	0.08934045749488917	0.3333333333333333	0.1363161683958718	0.044949079025534334	0.04756303367383264	0.038237942192631776	0.03762778099478498	0.04870865511890143	0.3660254037844386	1.0	0.022115757866952454	0.08720266814224176	0.05849806124667309	0.0	0.07071023597215192	1.0	0.05077720972030569
id	0.16748131305387667	0.09828408546561108	1.0	0.44948974278317805	0.10343168997261126	0.09012973603483866	0.10119216466150532	0.04369214697731734	0.0140208773961329	0.10101995723153111	0.10898631391483106	0.5	0.09874566138833367	1.0	0.08597369362940564	0.08330630621754141	0.08745708178325243	0.12144520172968669	0.12052857098759376	0.44948974278317805	0.1706196508244984	0.09169726192019878	0.08075653165665952	0.04925462791953927	0.07458137078945347	0.09237901044547989	0.20608537356612724	1.0	0.03014721480867045	0.09676730593799178	0.0864168856571394	0.0	0.059310084551763266	0.5	0.07937792555602387
it	0.21767634479507444	0.060680983941161996	1.0	0.5	0.05312836449528855	0.019083525416483612	0.045175759281936935	0.01673176523273715	0.00423928404707598	0.017987642759563285	0.07332546174924023	0.5	0.040423273159588886	0.08597369362940564	1.0	0.0305513326037366	0.04196372116899379	0.07169291987331912	0.06803856573536567	0.3950325357559503	0.15655855727011808	0.0213916176056914	0.02573791041493092	0.027276381549385192	0.02822003814740927	0.025388266716884048	0.1807250560580418	0.44948974278317805	0.015186654249713948	0.07181313381169939	0.04067964084523028	0.0	0.06235155269223721	0.32449979983983984	0.03193653194483301
ja	0.30216947925196225	0.09384036010126978	1.0	0.44948974278317805	0.07781053565961145	0.031098820108724525	0.050658655090662315	0.028826763620250804	0.005767143252376936	0.027615254172222416	0.07856512606528725	0.585786437626905	0.050527940923519636	0.08330630621754141	0.0305513326037366	1.0	0.03911798018263484	0.09899766855379344	0.1040114544623447	0.39564392373896007	0.17560003332771917	0.034289423014427466	0.04663873170734478	0.03271060122001503	0.035575721915067304	0.03254437106254191	0.2843646522044218	1.0	0.018441332075329334	0.08487814536464926	0.0611535630289489	0.0	0.0558449242326574	1.0	0.03405194068231335
ko	0.16217876641110082	0.08209243426221982	1.0	0.5	0.08195188504589232	0.04250846628905473	0.05124495641691647	0.041206859050561574	0.006739994683678988	0.03278698465227719	0.06306295367801026	1.0	0.053183266351014453	0.08745708178325243	0.04196372116899379	0.03911798018263484	1.0	0.11965574345728393	0.09563255176376051	0.3090169943749474	0.14840282763879734	0.04532359133385872	0.04744140832220552	0.04214571132578494	0.04409605219444389	0.04570395853900767	0.23052958956864467	1.0	0.017644400688612574	0.08487700656841593	0.05438483216995457	0.0	0.06753654086802026	1.0	0.04449326249425391
lv	0.22901628833426058	0.11799415489183324	1.0	0.22204428984844665	0.12310080362560612	0.07117929960938438	0.12291407712702593	0.0463899111670771	0.025317584613130512	0.12761481934563243	0.11362883246660647	0.4356120478348471	0.12257617865088496	0.12144520172968669	0.07169291987331912	0.09899766855379344	0.11965574345728393	1.0	0.1393897091158089	0.2894052723195685	0.4956854008748764	0.12201682555737828	0.08473958201759797	0.04797791041985677	0.1268285056046307	0.08516856369880428	0.16014061605120852	1.0	0.04487112817829794	0.1346302058542247	0.08108994451579357	0.0	0.056592985006314794	1.0	0.07118558308436192
mk	0.3726822671238253	0.12823229977238035	1.0	0.4134900434704663	0.11928696932777735	0.07851484836174635	0.08253682631888073	0.06492063446492254	0.062235086369862594	0.11706715476675733	0.13820950608279692	0.585786437626905	0.08934045749488917	0.12052857098759376	0.06803856573536567	0.1040114544623447	0.09563255176376051	0.1393897091158089	1.0	0.3430703308172536	0.21508133850947111	0.09154833430898	0.07590111014262246	0.06368929115781055	0.13650310581905908	0.0760141617375424	0.25237830515907816	1.0	0.12939685189545352	0.12511579016770272	0.0914894887810538	0.0	0.14322655219317984	1.0	0.06454664275645788
ml	0.585786437626905	0.35290635679356663	0.0	0.44948974278317805	0.40387408308644984	0.3333333333333333	0.37218975135070936	0.36602540378443865	0.36602540378443865	0.3430703308172536	0.35388936786452296	0.5	0.3333333333333333	0.44948974278317805	0.3950325357559503	0.39564392373896007	0.3090169943749474	0.2894052723195685	0.3430703308172536	1.0	0.25983640468728625	0.3721897513507093	0.36602540378443865	0.36602540378443865	0.2429502255977253	0.36602540378443865	0.585786437626905	1.0	0.36602540378443865	0.3333333333333333	0.5	0.0	0.5	1.0	0.3333333333333333
mr	0.26427884169111276	0.5210528694822353	1.0	0.23716853256478385	0.18359156762831086	0.14798468761329336	0.1339558314344502	0.14008952744053635	0.15366717774838984	0.21677253057217902	0.1592959338905712	0.5	0.1363161683958718	0.1706196508244984	0.15655855727011808	0.17560003332771917	0.14840282763879734	0.4956854008748764	0.21508133850947111	0.25983640468728625	1.0	0.15056533887037693	0.14166982499193545	0.1319396633737947	0.4463507739530958	0.16042105438094323	0.44948974278317805	1.0	0.12849622184722817	0.1885009607721183	0.18151291824946006	0.0	0.17783426041527287	1.0	0.137967347882977
nl	0.2153697704670271	0.08781027548135974	1.0	0.4142135623730951	0.05208475446716533	0.021761551770956	0.0476599748454096	0.022130997924945585	0.003977405949042806	0.020943211980302596	0.0602532591035577	0.585786437626905	0.044949079025534334	0.09169726192019878	0.0213916176056914	0.034289423014427466	0.04532359133385872	0.12201682555737828	0.09154833430898	0.3721897513507093	0.15056533887037693	1.0	0.030311090820011436	0.029385722439665054	0.03176830246758961	0.02917162344064323	0.18886708011638123	0.39564392373896007	0.01814368922531014	0.07953146892215661	0.0385022620934574	0.0	0.0631646427803377	0.36602540378443865	0.035636653943727704
pl	0.24234617003244985	0.0880542514174003	1.0	0.5	0.06100126771363199	0.026902833825607743	0.050107944189307425	0.025460054358251563	0.004921515685153874	0.02494228123667553	0.072003916547147	0.585786437626905	0.04756303367383264	0.08075653165665952	0.02573791041493092	0.04663873170734478	0.04744140832220552	0.08473958201759797	0.07590111014262246	0.36602540378443865	0.14166982499193545	0.030311090820011436	1.0	0.028788649453235105	0.03353061673775562	0.027113444328248415	0.16829937770928316	1.0	0.01782574539281368	0.07336815658156308	0.05785170359439365	0.0	0.0757545562865127	0.585786437626905	0.0320870741047763
pt	0.17502869557758907	0.048357373832462774	1.0	0.585786437626905	0.060427961729639094	0.029712413192927667	0.04865465447235029	0.02406905730634553	0.004253229602653599	0.02246151397054712	0.07864069959463553	0.585786437626905	0.038237942192631776	0.04925462791953927	0.027276381549385192	0.03271060122001503	0.04214571132578494	0.04797791041985677	0.06368929115781055	0.36602540378443865	0.1319396633737947	0.029385722439665054	0.028788649453235105	1.0	0.03075437605592854	0.033436735558177604	0.28708594921778513	0.5	0.01833258435913751	0.0482590269910782	0.06286963963150395	0.0	0.06586544964406654	0.585786437626905	0.04035381108179903
ro	0.11106666256203254	0.08849586876388801	1.0	0.18808171889254233	0.06913876332251073	0.028526955450524413	0.04517796407156107	0.02598634218638794	0.006186352572853589	0.026337948940857787	0.063224332190912	0.4356120478348471	0.03762778099478498	0.07458137078945347	0.02822003814740927	0.035575721915067304	0.04409605219444389	0.1268285056046307	0.13650310581905908	0.2429502255977253	0.4463507739530958	0.03176830246758961	0.03353061673775562	0.03075437605592854	1.0	0.031074063482086252	0.1595717016564795	1.0	0.023022406790768103	0.09019768217853183	0.05278464632998297	0.0	0.061300607316552944	1.0	0.034600872164709535
ru	0.2559267000320781	0.06800017262082017	1.0	0.585786437626905	0.08264864953984288	0.02598794058053235	0.049108523587481905	0.025128278939205943	0.004786150412896593	0.024364853328474958	0.07023899889416961	0.585786437626905	0.04870865511890143	0.09237901044547989	0.025388266716884048	0.03254437106254191	0.04570395853900767	0.08516856369880428	0.0760141617375424	0.36602540378443865	0.16042105438094323	0.02917162344064323	0.027113444328248415	0.033436735558177604	0.031074063482086252	1.0	0.20790974233571058	1.0	0.017717932403192197	0.07118675024383125	0.05576521464260955	0.0	0.08579662053788734	1.0	0.02958107116753787
sh	0.5	0.13906891395232146	1.0	0.585786437626905	0.33773018484522777	0.1652960191502465	0.21955522769925345	0.1975496259559987	0.21551468935838852	0.1422740328441845	0.16681044587438013	1.0	0.3660254037844386	0.20608537356612724	0.1807250560580418	0.2843646522044218	0.23052958956864467	0.16014061605120852	0.25237830515907816	0.585786437626905	0.44948974278317805	0.18886708011638123	0.16829937770928316	0.28708594921778513	0.1595717016564795	0.20790974233571058	1.0	0.585786437626905	0.39564392373896	0.1095006216932345	0.25824569976124334	0.0	0.585786437626905	0.5	0.24660605559646726
si	1.0	1.0	0.0	1.0	0.44948974278317805	0.585786437626905	1.0	0.44948974278317805	0.585786437626905	0.585786437626905	1.0	1.0	1.0	1.0	0.44948974278317805	1.0	1.0	1.0	1.0	1.0	1.0	0.39564392373896007	1.0	0.5	1.0	1.0	0.585786437626905	1.0	0.585786437626905	1.0	1.0	1.0	1.0	1.0	1.0
simple	0.3164309725825327	0.0471260566215417	1.0	0.585786437626905	0.025344696934239967	0.015896091431051213	0.020016849077524	0.014357939662806784	0.07904142706442674	0.017568997163354878	0.02458091469981213	0.585786437626905	0.022115757866952454	0.03014721480867045	0.015186654249713948	0.018441332075329334	0.017644400688612574	0.04487112817829794	0.12939685189545352	0.36602540378443865	0.12849622184722817	0.01814368922531014	0.01782574539281368	0.01833258435913751	0.023022406790768103	0.017717932403192197	0.39564392373896	0.585786437626905	1.0	0.038162348241730856	0.02131717673879346	0.0	0.044859415394553626	1.0	0.017057678261035384
sr	0.4364916731037085	0.10200235121560407	1.0	0.33300151973035974	0.08536020071382391	0.06508041308503981	0.0888990403538419	0.0406174789653861	0.019399092915525055	0.0840353665787679	0.09406132332055911	0.44948974278317805	0.08720266814224176	0.09676730593799178	0.07181313381169939	0.08487814536464926	0.08487700656841593	0.1346302058542247	0.12511579016770272	0.3333333333333333	0.1885009607721183	0.07953146892215661	0.07336815658156308	0.0482590269910782	0.09019768217853183	0.07118675024383125	0.1095006216932345	1.0	0.038162348241730856	1.0	0.0796576367422272	0.0	0.05149213498395326	1.0	0.06273593592604457
sv	0.30216947925196225	0.08090584893081941	1.0	0.3726822671238253	0.057291210238792425	0.04782548678196833	0.058378745241270784	0.03505972443301002	0.008109832627605297	0.05985944210946874	0.09248275176448899	0.585786437626905	0.05849806124667309	0.0864168856571394	0.04067964084523028	0.0611535630289489	0.05438483216995457	0.08108994451579357	0.0914894887810538	0.5	0.18151291824946006	0.0385022620934574	0.05785170359439365	0.06286963963150395	0.05278464632998297	0.05576521464260955	0.25824569976124334	1.0	0.02131717673879346	0.0796576367422272	1.0	0.0	0.07086723084984835	0.585786437626905	0.06181318275498941
te	0.0	0.0	0.0	0.0	0.0	0.0	0.0	0.0	0.0	0.0	0.0	0.0	0.0	0.0	0.0	0.0	0.0	0.0	0.0	0.0	0.0	0.0	0.0	0.0	0.0	0.0	0.0	1.0	0.0	0.0	0.0	0.0	0.0	1.0	0.0
vi	0.3660254037844386	0.05292551114915102	1.0	0.44948974278317805	0.08062125633612384	0.06256979067455702	0.09436300642186907	0.04957726510234324	0.012231373274706189	0.08681882295263474	0.057593663680520484	0.5	0.07071023597215192	0.059310084551763266	0.06235155269223721	0.0558449242326574	0.06753654086802026	0.056592985006314794	0.14322655219317984	0.5	0.17783426041527287	0.0631646427803377	0.0757545562865127	0.06586544964406654	0.061300607316552944	0.08579662053788734	0.585786437626905	1.0	0.044859415394553626	0.05149213498395326	0.07086723084984835	0.0	1.0	1.0	0.05767978942801556
war	1.0	0.585786437626905	0.0	1.0	0.585786437626905	1.0	1.0	0.39564392373896007	1.0	0.585786437626905	1.0	1.0	1.0	0.5	0.32449979983983984	1.0	1.0	1.0	1.0	1.0	1.0	0.36602540378443865	0.585786437626905	0.585786437626905	1.0	1.0	0.5	1.0	1.0	1.0	0.585786437626905	1.0	1.0	1.0	1.0
zh	0.2843646522044218	0.06472974159793976	1.0	0.4142135623730951	0.07302096260020577	0.032643884562027346	0.0500480170748727	0.024964201603907946	0.004764466918182156	0.02523073271761958	0.07772499825255648	1.0	0.05077720972030569	0.07937792555602387	0.03193653194483301	0.03405194068231335	0.04449326249425391	0.07118558308436192	0.06454664275645788	0.3333333333333333	0.137967347882977	0.035636653943727704	0.0320870741047763	0.04035381108179903	0.034600872164709535	0.02958107116753787	0.24660605559646726	1.0	0.017057678261035384	0.06273593592604457	0.06181318275498941	0.0	0.05767978942801556	1.0	1.0
