arz	bs	ceb	ckb	da	de	el	en	es	fr	he	hi	hu	id	it	ja	ko	lv	mk	ml	mr	nl	pl	pt	ro	ru	sh	si	simple	sr	sv	te	tr	vi	war	zh
arz	1.0	0.09032464712383823	0.2989350844248255	1.0	0.25	0.0	0.0	0.0	0.0	0.0	1.0	1.0	0.053875475389759765	0.2240092377397959	0.0	0.0	0.0	0.38742588672279304	1.0	1.0	1.0	0.0	0.0	0.0	0.179128784747792	0.0	0.3164309725825328	1.0	0.14956087350246788	1.0	0.0	1.0	1.0	1.0	0.585786437626905	0.0
bs	0.09032464712383823	1.0	0.13096855936168209	0.1827439976315568	0.04263421365025864	0.0	0.0	0.0	0.0	0.0	0.04645106950062143	0.05574719371207044	0.08806969745149557	0.04629408471657394	0.0	0.0	0.0	0.04149927634216052	0.04734433542598041	0.09441387963324659	0.06484157054036695	0.0	0.0	0.0	0.038981467845216326	0.0	0.04246807900352936	0.3090169943749474	0.042623256464686204	0.045542257331495375	0.0	0.28172904669025317	0.12775568735501347	0.04547095221784317	0.14540646969005988	0.0
ceb	0.2989350844248255	0.13096855936168209	1.0	0.39564392373896007	0.18432139995249783	0.0	0.0	0.0	0.0	0.0	0.2187841884486319	0.2402530733520421	0.04540075732831718	0.16330595576157622	0.0	0.0	0.0	0.1987625491245426	0.2553967929896867	0.24257131419419417	0.2240092377397959	0.0	0.0	0.0	0.12880166769238752	0.0	0.1918253663634734	0.2989350844248255	0.17323988661916406	0.22966848451216434	0.0	0.39564392373896	-1.0	0.2187841884486319	0.2204812092115424	0.0
ckb	1.0	0.1827439976315568	0.39564392373896007	1.0	0.19404996501286384	0.0	0.0	0.0	0.0	0.0	1.0	1.0	0.04515538548906155	0.1585482616943639	0.0	0.0	0.0	0.2958163163244893	1.0	1.0	1.0	0.0	0.0	0.0	0.19160741797296413	0.0	0.19636040545626823	1.0	0.21498516621900873	1.0	0.0	1.0	1.0	1.0	0.5	0.0
da	0.25	0.04263421365025864	0.18432139995249783	0.19404996501286384	1.0	0.0	0.0	0.0	0.0	0.0	0.041476386226917884	0.0638800041625864	0.023772916072367378	0.01955027729102446	0.0	0.0	0.0	0.02809842889291663	0.022576149056772188	0.06872460086443616	0.08401256622420585	0.0	0.0	0.0	0.02508646316988994	0.0	0.030286693769416277	0.4142135623730951	0.02983033671121321	0.03413893347960141	0.0	0.38742588672279304	0.20658711810431302	0.030623239406507994	0.20894541729001367	0.0
de	0.0	0.0	0.0	0.0	0.0	1.0	1.0	1.0	1.0	1.0	0.0	0.0	0.0	0.0	1.0	1.0	1.0	0.0	0.0	0.0	0.0	0.0	0.0	1.0	0.0	1.0	0.0	0.0	0.0	0.0	1.0	0.0	0.14548268842493628	0.0	0.0	1.0
el	0.0	0.0	0.0	0.0	0.0	1.0	1.0	0.585786437626905	1.0	0.0	0.0	0.0	0.0	0.0	0.0	1.0	1.0	0.0	0.0	0.0	0.0	0.0	0.0	0.0	0.0	1.0	0.0	0.0	0.0	0.0	0.0	0.0	0.39564392373896007	0.0	0.0	1.0
en	0.0	0.0	0.0	0.0	0.0	1.0	0.585786437626905	1.0	1.0	1.0	0.0	0.0	0.0	0.0	1.0	0.585786437626905	1.0	0.0	0.0	0.0	0.0	0.0	0.0	1.0	0.0	1.0	0.0	0.0	0.0	0.0	1.0	0.0	0.11193108468646826	0.0	0.0	1.0
es	0.0	0.0	0.0	0.0	0.0	1.0	1.0	1.0	1.0	1.0	0.0	0.0	0.0	0.0	1.0	1.0	1.0	0.0	0.0	0.0	0.0	0.0	0.0	1.0	0.0	1.0	0.0	0.0	0.0	0.0	1.0	0.0	0.1447738179403107	0.0	0.0	1.0
fr	0.0	0.0	0.0	0.0	0.0	1.0	0.0	1.0	1.0	1.0	0.0	0.0	0.0	0.0	1.0	0.0	0.0	0.0	0.0	0.0	0.0	0.0	0.0	1.0	0.0	0.0	0.0	0.0	0.0	0.0	1.0	0.0	0.1646371269625228	0.0	0.0	1.0
he	1.0	0.04645106950062143	0.2187841884486319	1.0	0.041476386226917884	0.0	0.0	0.0	0.0	0.0	1.0	1.0	0.016926908179990048	0.028903999433816746	0.0	0.0	0.0	0.05328499140354419	1.0	1.0	1.0	0.0	0.0	0.0	0.028302883854358894	0.0	0.07395851628099692	1.0	0.04811113224152449	0.585786437626905	0.0	1.0	0.585786437626905	0.2958163163244893	0.3333333333333333	0.0
hi	1.0	0.05574719371207044	0.2402530733520421	1.0	0.0638800041625864	0.0	0.0	0.0	0.0	0.0	1.0	1.0	0.023124494731953438	0.02363322631369722	0.0	0.0	0.0	0.11366948956266174	1.0	1.0	1.0	0.0	0.0	0.0	0.06288113897878478	0.0	0.06385786568738204	1.0	0.05204536840540282	0.5	0.0	1.0	0.5	0.3090169943749474	0.3333333333333333	0.0
hu	0.053875475389759765	0.08806969745149557	0.04540075732831718	0.04515538548906155	0.023772916072367378	0.0	0.0	0.0	0.0	0.0	0.016926908179990048	0.023124494731953438	1.0	0.017028881645355702	0.0	0.0	0.0	0.01582967055575193	0.014144161542857943	0.023723090121659723	0.025640064493504176	0.0	0.0	0.0	0.02281705244735701	0.0	0.021748660834179773	0.1683604963286918	0.020739563488698525	0.017730484259709627	0.0	0.15548737703860027	0.585786437626905	0.015588164907621672	0.06454898627677261	0.0
id	0.2240092377397959	0.04629408471657394	0.16330595576157622	0.1585482616943639	0.01955027729102446	0.0	0.0	0.0	0.0	0.0	0.028903999433816746	0.02363322631369722	0.017028881645355702	1.0	0.0	0.0	0.0	0.016902342712083067	0.014809890902671222	0.0312275230944563	0.06679047568124034	0.0	0.0	0.0	0.017134995052110236	0.0	0.02272827585892282	0.39564392373896007	0.016477820981101395	0.041824832111832196	0.0	0.3164309725825327	0.15094328353668363	0.012459315855822614	0.26968623182294527	0.0
it	0.0	0.0	0.0	0.0	0.0	1.0	0.0	1.0	1.0	1.0	0.0	0.0	0.0	0.0	1.0	0.0	0.0	0.0	0.0	0.0	0.0	0.0	0.0	1.0	0.0	0.0	0.0	0.0	0.0	0.0	1.0	0.0	0.1789289190501662	0.0	0.0	1.0
ja	0.0	0.0	0.0	0.0	0.0	1.0	1.0	0.585786437626905	1.0	0.0	0.0	0.0	0.0	0.0	0.0	1.0	1.0	0.0	0.0	0.0	0.0	0.0	0.0	0.0	0.0	1.0	0.0	0.0	0.0	0.0	0.0	0.0	0.23166247903554	0.0	0.0	1.0
ko	0.0	0.0	0.0	0.0	0.0	1.0	1.0	1.0	1.0	0.0	0.0	0.0	0.0	0.0	0.0	1.0	1.0	0.0	0.0	0.0	0.0	0.0	0.0	0.0	0.0	1.0	0.0	0.0	0.0	0.0	0.0	0.0	0.353889367864523	0.0	0.0	1.0
lv	0.38742588672279304	0.04149927634216052	0.1987625491245426	0.2958163163244893	0.02809842889291663	0.0	0.0	0.0	0.0	0.0	0.05328499140354419	0.11366948956266174	0.01582967055575193	0.016902342712083067	0.0	0.0	0.0	1.0	0.02737350456510483	0.1060878539025194	0.13126534680162893	0.0	0.0	0.0	0.02004299081147784	0.0	0.04873163070416465	0.44948974278317805	0.025689102522705856	0.07729566350751464	0.0	0.39564392373896007	0.25683949180934657	0.034119887243152465	0.32037724101704074	0.0
mk	1.0	0.04734433542598041	0.2553967929896867	1.0	0.022576149056772188	0.0	0.0	0.0	0.0	0.0	1.0	1.0	0.014144161542857943	0.014809890902671222	0.0	0.0	0.0	0.02737350456510483	1.0	1.0	1.0	0.0	0.0	0.0	0.019267911302922235	0.0	0.043406835422463805	1.0	0.033490905917870746	0.44948974278317805	0.0	1.0	0.585786437626905	0.25355482027512377	0.3333333333333333	0.0
ml	1.0	0.09441387963324659	0.24257131419419417	1.0	0.06872460086443616	0.0	0.0	0.0	0.0	0.0	1.0	1.0	0.023723090121659723	0.0312275230944563	0.0	0.0	0.0	0.1060878539025194	1.0	1.0	1.0	0.0	0.0	0.0	0.06416034071223056	0.0	0.06773749365130377	1.0	0.06151519440083002	0.5	0.0	1.0	0.353889367864523	0.4142135623730951	0.3333333333333333	0.0
mr	1.0	0.06484157054036695	0.2240092377397959	1.0	0.08401256622420585	0.0	0.0	0.0	0.0	0.0	1.0	1.0	0.025640064493504176	0.06679047568124034	0.0	0.0	0.0	0.13126534680162893	1.0	1.0	1.0	0.0	0.0	0.0	0.0674385578715825	0.0	0.12346752509553724	1.0	0.06800085310327159	0.585786437626905	0.0	1.0	1.0	0.44948974278317805	0.3333333333333333	0.0
nl	0.0	0.0	0.0	0.0	0.0	0.0	0.0	0.0	0.0	0.0	0.0	0.0	0.0	0.0	0.0	0.0	0.0	0.0	0.0	0.0	0.0	1.0	0.0	0.0	0.0	0.0	0.0	0.0	0.0	0.0	0.0	0.0	0.06909086841680508	0.0	0.0	0.0
pl	0.0	0.0	0.0	0.0	0.0	0.0	0.0	0.0	0.0	0.0	0.0	0.0	0.0	0.0	0.0	0.0	0.0	0.0	0.0	0.0	0.0	0.0	0.0	0.0	0.0	0.0	0.0	0.0	0.0	0.0	0.0	0.0	0.13339415493508852	0.0	0.0	0.0
pt	0.0	0.0	0.0	0.0	0.0	1.0	0.0	1.0	1.0	1.0	0.0	0.0	0.0	0.0	1.0	0.0	0.0	0.0	0.0	0.0	0.0	0.0	0.0	1.0	0.0	0.0	0.0	0.0	0.0	0.0	1.0	0.0	0.16527089785300667	0.0	0.0	1.0
ro	0.179128784747792	0.038981467845216326	0.12880166769238752	0.19160741797296413	0.02508646316988994	0.0	0.0	0.0	0.0	0.0	0.028302883854358894	0.06288113897878478	0.02281705244735701	0.017134995052110236	0.0	0.0	0.0	0.02004299081147784	0.019267911302922235	0.06416034071223056	0.0674385578715825	0.0	0.0	0.0	1.0	0.0	0.03485509608488075	0.3164309725825328	0.024809552654433506	0.024641733003670677	0.0	0.4142135623730951	0.44948974278317805	0.021671441624354398	0.21498516621900868	0.0
ru	0.0	0.0	0.0	0.0	0.0	1.0	1.0	1.0	1.0	0.0	0.0	0.0	0.0	0.0	0.0	1.0	1.0	0.0	0.0	0.0	0.0	0.0	0.0	0.0	0.0	1.0	0.0	0.0	0.0	0.0	0.0	0.0	0.17253779651421453	0.0	0.0	1.0
sh	0.3164309725825328	0.04246807900352936	0.1918253663634734	0.19636040545626823	0.030286693769416277	0.0	0.0	0.0	0.0	0.0	0.07395851628099692	0.06385786568738204	0.021748660834179773	0.02272827585892282	0.0	0.0	0.0	0.04873163070416465	0.043406835422463805	0.06773749365130377	0.12346752509553724	0.0	0.0	0.0	0.03485509608488075	0.0	1.0	0.3430703308172536	0.028912337476368597	0.04094320117034868	0.0	0.4142135623730951	0.32881309020609956	0.03244649254786527	0.28172904669025317	0.0
si	1.0	0.3090169943749474	0.2989350844248255	1.0	0.4142135623730951	0.0	0.0	0.0	0.0	0.0	1.0	1.0	0.1683604963286918	0.39564392373896007	0.0	0.0	0.0	0.44948974278317805	1.0	1.0	1.0	0.0	0.0	0.0	0.3164309725825328	0.0	0.3430703308172536	1.0	0.38742588672279304	1.0	0.0	1.0	1.0	1.0	0.585786437626905	0.0
simple	0.14956087350246788	0.042623256464686204	0.17323988661916406	0.21498516621900873	0.02983033671121321	0.0	0.0	0.0	0.0	0.0	0.04811113224152449	0.05204536840540282	0.020739563488698525	0.016477820981101395	0.0	0.0	0.0	0.025689102522705856	0.033490905917870746	0.06151519440083002	0.06800085310327159	0.0	0.0	0.0	0.024809552654433506	0.0	0.028912337476368597	0.38742588672279304	1.0	0.05017860065664157	0.0	0.36602540378443865	0.18054705546755548	0.021104747212378608	0.25	0.0
sr	1.0	0.045542257331495375	0.22966848451216434	1.0	0.03413893347960141	0.0	0.0	0.0	0.0	0.0	0.585786437626905	0.5	0.017730484259709627	0.041824832111832196	0.0	0.0	0.0	0.07729566350751464	0.44948974278317805	0.5	0.585786437626905	0.0	0.0	0.0	0.024641733003670677	0.0	0.04094320117034868	1.0	0.05017860065664157	1.0	0.0	1.0	0.3483314773547883	0.2898979485566356	0.3333333333333333	0.0
sv	0.0	0.0	0.0	0.0	0.0	1.0	0.0	1.0	1.0	1.0	0.0	0.0	0.0	0.0	1.0	0.0	0.0	0.0	0.0	0.0	0.0	0.0	0.0	1.0	0.0	0.0	0.0	0.0	0.0	0.0	1.0	0.0	0.28172904669025317	0.0	0.0	1.0
te	1.0	0.28172904669025317	0.39564392373896	1.0	0.38742588672279304	0.0	0.0	0.0	0.0	0.0	1.0	1.0	0.15548737703860027	0.3164309725825327	0.0	0.0	0.0	0.39564392373896007	1.0	1.0	1.0	0.0	0.0	0.0	0.4142135623730951	0.0	0.4142135623730951	1.0	0.36602540378443865	1.0	0.0	1.0	0.585786437626905	1.0	1.0	0.0
tr	1.0	0.12775568735501347	-1.0	1.0	0.20658711810431302	0.14548268842493628	0.39564392373896007	0.11193108468646826	0.1447738179403107	0.1646371269625228	0.585786437626905	0.5	0.585786437626905	0.15094328353668363	0.1789289190501662	0.23166247903554	0.353889367864523	0.25683949180934657	0.585786437626905	0.353889367864523	1.0	0.06909086841680508	0.13339415493508852	0.16527089785300667	0.44948974278317805	0.17253779651421453	0.32881309020609956	1.0	0.18054705546755548	0.3483314773547883	0.28172904669025317	0.585786437626905	1.0	0.34833147735478825	0.585786437626905	0.2025519956555797
vi	1.0	0.04547095221784317	0.2187841884486319	1.0	0.030623239406507994	0.0	0.0	0.0	0.0	0.0	0.2958163163244893	0.3090169943749474	0.015588164907621672	0.012459315855822614	0.0	0.0	0.0	0.034119887243152465	0.25355482027512377	0.4142135623730951	0.44948974278317805	0.0	0.0	0.0	0.021671441624354398	0.0	0.03244649254786527	1.0	0.021104747212378608	0.2898979485566356	0.0	1.0	0.34833147735478825	1.0	0.3333333333333333	0.0
war	0.585786437626905	0.14540646969005988	0.2204812092115424	0.5	0.20894541729001367	0.0	0.0	0.0	0.0	0.0	0.3333333333333333	0.3333333333333333	0.06454898627677261	0.26968623182294527	0.0	0.0	0.0	0.32037724101704074	0.3333333333333333	0.3333333333333333	0.3333333333333333	0.0	0.0	0.0	0.21498516621900868	0.0	0.28172904669025317	0.585786437626905	0.25	0.3333333333333333	0.0	1.0	0.585786437626905	0.3333333333333333	1.0	0.0
zh	0.0	0.0	0.0	0.0	0.0	1.0	1.0	1.0	1.0	1.0	0.0	0.0	0.0	0.0	1.0	1.0	1.0	0.0	0.0	0.0	0.0	0.0	0.0	1.0	0.0	1.0	0.0	0.0	0.0	0.0	1.0	0.0	0.2025519956555797	0.0	0.0	1.0
