arz	bs	ceb	ckb	da	de	el	en	es	fr	he	hi	hu	id	it	ja	ko	lv	mk	ml	mr	nl	pl	pt	ro	ru	sh	si	simple	sr	sv	te	vi	war	zh
arz	1.0	0.5666666666666667	0.5263157894736842	0.5932203389830508	0.5410324288550629	0.5260425679183249	0.5555555555555556	0.5109717868338558	0.5217391304347826	0.5200315949962343	0.5306122448979592	0.5256410256410257	0.547945205479452	0.5289268991138114	0.5174418604651163	0.5220588235294117	0.5289256198347108	0.5581395348837209	0.5681818181818182	0.5531914893617021	0.5370370370370371	0.5309734513274337	0.5315315315315315	0.5284552845528455	0.5421686746987951	0.5220417633410672	0.5576923076923077	0.5135135135135135	0.536333802156587	0.5522388059701493	0.5178571428571429	0.5348837209302326	0.5443037974683544	0.625	0.525698815566836
bs	0.5666666666666667	1.0	0.5476190476190476	0.5666666666666667	0.5517241379310345	0.5332871912445387	0.5671641791044776	0.515527950310559	0.5272727272727272	0.5240641711229946	0.55	0.55	0.5512820512820512	0.5343511450381679	0.5227272727272727	0.5285714285714286	0.536	0.5869565217391304	0.56	0.5576923076923077	0.5517241379310345	0.5338983050847458	0.5391304347826087	0.5354330708661417	0.5454545454545455	0.5254237288135593	0.5714285714285714	0.55	0.5425531914893617	0.5555555555555556	0.5294117647058824	0.5416666666666666	0.5542168674698795	0.5625	0.5314685314685315
ceb	0.5263157894736842	0.5476190476190476	1.0	0.5445180279617365	0.5780267295597484	0.5523797688579595	0.5394736842105263	0.5209821536673367	0.5411314566821536	0.5359739650521872	0.5645871820378002	0.5529411764705883	0.5855210819411297	0.5429316756396737	0.5350057596313836	0.5421805624074988	0.5398591027067111	0.5926481620405101	0.5670731707317073	0.5448354143019296	0.5417207090358841	0.5545522949586156	0.5634604439385316	0.5475255580317663	0.569903153712441	0.5402931535654648	0.571608040201005	0.5208333333333334	0.5580488957127672	0.5586587832581298	0.5420552367288379	0.5178571428571429	0.5595273557740046	0.5384615384615384	0.5393603372434017
ckb	0.5932203389830508	0.5666666666666667	0.5445180279617365	1.0	0.5385151620773788	0.5289256198347108	0.5384615384615384	0.5109717868338558	0.5185185185185185	0.5200502427776007	0.5306122448979592	0.5394736842105263	0.5405405405405405	0.5234375	0.5174418604651163	0.5252104412890061	0.5245901639344263	0.5714285714285714	0.5555555555555556	0.5531914893617021	0.5471698113207547	0.5263157894736842	0.5267857142857143	0.5241935483870968	0.5357142857142857	0.5172413793103449	0.5471698113207547	0.5277777777777778	0.5274725274725275	0.5441176470588236	0.5178571428571429	0.5476190476190476	0.5375	0.5555555555555556	0.5214285714285714
da	0.5410324288550629	0.5517241379310345	0.5780267295597484	0.5385151620773788	1.0	0.5962519405633179	0.584070796460177	0.5544682165490508	0.5888807607900512	0.583243556807823	0.6182001425726998	0.5810327043261938	0.6279162831645925	0.5939030362389813	0.5823199251637043	0.5902557401530707	0.5930149866989755	0.5946541195314846	0.5714285714285714	0.5588235294117647	0.5519193348664426	0.6008912294915941	0.6223156355661154	0.6029292107404394	0.608	0.5869436421535955	0.5825242718446602	0.5376344086021506	0.6167933584656902	0.5897345132743362	0.58128078817734	0.5294117647058824	0.6066955135504442	0.5411764705882353	0.6005673051159095
de	0.5260425679183249	0.5332871912445387	0.5523797688579595	0.5289256198347108	0.5962519405633179	1.0	0.5782312925170068	0.5771817129451935	0.6162441564364713	0.6227196214912879	0.6066350710900474	0.5738617946073375	0.6031689672007456	0.5988301242992932	0.6002276861072219	0.6125130344108446	0.5982178217821783	0.5580337549375574	0.56124894017031	0.5601845917190104	0.5567042988466508	0.6160767571041638	0.6160339101234931	0.6219701216898065	0.6072267153665536	0.605761857815752	0.5658743451765795	0.5307692307692308	0.6083834921320413	0.5824390951276102	0.5959392891992616	0.5367647058823529	0.5917034272141161	0.5327868852459017	0.6168917430931966
el	0.5555555555555556	0.5671641791044776	0.5394736842105263	0.5384615384615384	0.584070796460177	0.5782312925170068	1.0	0.5411764705882353	0.5645161290322581	0.5587414855660071	0.5793650793650793	0.5849056603773585	0.580952380952381	0.567741935483871	0.5612244897959184	0.5750000000000001	0.5666666666666667	0.5769230769230769	0.5679012345679012	0.5875	0.580566306783459	0.5704225352112676	0.5738942826321467	0.5810810810810811	0.5789473684210527	0.5655834085990354	0.5747126436781609	0.5333333333333333	0.5810140046091118	0.5918367346938775	0.5625	0.5641025641025641	0.5941329372447085	0.5625	0.5696969696969697
en	0.5109717868338558	0.515527950310559	0.5209821536673367	0.5109717868338558	0.5544682165490508	0.5771817129451935	0.5411764705882353	1.0	0.5954648610728724	0.6084091384114415	0.5632240745973438	0.5500681198910081	0.5488854896222892	0.5833105634187661	0.5911757995290431	0.5851922255037667	0.5697074653061415	0.5261838994268925	0.525679758308157	0.5293873258637031	0.5339443939566056	0.5720311135144129	0.5700119623746436	0.5764195269074504	0.5552205588301775	0.6003697674885955	0.533288948069241	0.5185185185185185	0.5604264913822754	0.5447424364599806	0.5890171960393583	0.524390243902439	0.5526617665802779	0.5125000000000001	0.585837812924267
es	0.5217391304347826	0.5272727272727272	0.5411314566821536	0.5185185185185185	0.5888807607900512	0.6162441564364713	0.5645161290322581	0.5954648610728724	1.0	0.6261180679785331	0.5949225729600953	0.5634517766497462	0.5921052631578947	0.5958343243518739	0.6034816247582205	0.6025641025641025	0.5955555555555555	0.5465116279069767	0.5428571428571428	0.5454545454545455	0.5457336194091434	0.6132075471698113	0.6000000000000001	0.615469735531703	0.5863455480019897	0.6153846153846154	0.553072625698324	0.5266272189349113	0.5941484924323681	0.5712465125891227	0.585820895522388	0.5284090909090908	0.5824742268041238	0.5246913580246914	0.6136797860145204
fr	0.5200315949962343	0.5240641711229946	0.5359739650521872	0.5200502427776007	0.583243556807823	0.6227196214912879	0.5587414855660071	0.6084091384114415	0.6261180679785331	1.0	0.5925349077276926	0.5622119815668203	0.5822359927704621	0.6026947311972114	0.5976498539185154	0.6056420336821974	0.6068018389720617	0.5412371134020618	0.5435897435897437	0.5476875548959627	0.5522954344251929	0.6025641025641025	0.5991769547325103	0.6033172211164819	0.5789295569323685	0.6130278111429363	0.5509807100016211	0.5263157894736842	0.5822724455251991	0.5619047619047619	0.5814243100002896	0.5306122448979592	0.575065455963456	0.5217391304347826	0.6200892371313527
he	0.5306122448979592	0.55	0.5645871820378002	0.5306122448979592	0.6182001425726998	0.6066350710900474	0.5793650793650793	0.5632240745973438	0.5949225729600953	0.5925349077276926	1.0	0.5725169562389668	0.603372891942536	0.6054766734279918	0.5782264254029373	0.5872205432395398	0.5892728950876833	0.5756552643269658	0.5667890426433211	0.5541701302299806	0.5495593544276917	0.6053629088867051	0.594680473262182	0.634047972829548	0.5984708315193731	0.5976107666717073	0.5806211277546859	0.5327102803738317	0.6032265606733692	0.5859837424039145	0.5698421975452952	0.5258620689655172	0.6089851781385215	0.5353535353535354	0.6032202286047922
hi	0.5256410256410257	0.55	0.5529411764705883	0.5394736842105263	0.5810327043261938	0.5738617946073375	0.5849056603773585	0.5500681198910081	0.5634517766497462	0.5622119815668203	0.5725169562389668	1.0	0.5820093724997143	0.5802469135802469	0.5550239234449761	0.5759204379928676	0.5652173913043479	0.5795454545454545	0.5652173913043479	0.5932559115712887	0.6236679753224902	0.5646620175378029	0.5695364238410596	0.5662125717446926	0.5714285714285714	0.5625	0.5656565656565656	0.5411764705882353	0.5779987569919205	0.5714285714285714	0.5615763546798029	0.5952380952380952	0.5737704918032787	0.5384615384615384	0.5617977528089888
hu	0.547945205479452	0.5512820512820512	0.5855210819411297	0.5405405405405405	0.6279162831645925	0.6031689672007456	0.580952380952381	0.5488854896222892	0.5921052631578947	0.5822359927704621	0.603372891942536	0.5820093724997143	1.0	0.5866453737897993	0.5705188722904055	0.5860077210974567	0.5923183711244794	0.5909725453699395	0.5795454545454545	0.5671254219683199	0.5626154747420125	0.6053995513266807	0.6088045187212484	0.597442985487215	0.6161908375225268	0.5837404729333594	0.6004083876541271	0.5421686746987951	0.61881749800395	0.6077806694785964	0.5768268226792846	0.5268817204301075	0.5970062105207283	0.5540540540540541	0.5983220405788396
id	0.5289268991138114	0.5343511450381679	0.5429316756396737	0.5234375	0.5939030362389813	0.5988301242992932	0.567741935483871	0.5833105634187661	0.5958343243518739	0.6026947311972114	0.6054766734279918	0.5802469135802469	0.5866453737897993	1.0	0.5815515024524976	0.5986941580756013	0.5971131231457426	0.5579710144927537	0.5546053278285659	0.5549605573789371	0.5550690317680175	0.5925971095798525	0.5916398713826367	0.5969999112399775	0.5944262295081967	0.6012752024814751	0.5592741807569077	0.5255474452554745	0.5940586687844345	0.5729850354423733	0.5731343283582089	0.5390070921985816	0.601510067114094	0.53125	0.6129895402578448
it	0.5174418604651163	0.5227272727272727	0.5350057596313836	0.5174418604651163	0.5823199251637043	0.6002276861072219	0.5612244897959184	0.5911757995290431	0.6034816247582205	0.5976498539185154	0.5782264254029373	0.5550239234449761	0.5705188722904055	0.5815515024524976	1.0	0.6083333333333334	0.5827834123152783	0.5439560439560439	0.5434782608695652	0.5475617514452465	0.5411471830554818	0.5937794533459001	0.5967946425668866	0.5956239870340356	0.5869943201576446	0.603290676416819	0.5502645502645502	0.5280898876404494	0.5771022633404923	0.5683023595740239	0.6135533612877045	0.5268817204301075	0.58128078817734	0.5232558139534884	0.5917182294145644
ja	0.5220588235294117	0.5285714285714286	0.5421805624074988	0.5252104412890061	0.5902557401530707	0.6125130344108446	0.5750000000000001	0.5851922255037667	0.6025641025641025	0.6056420336821974	0.5872205432395398	0.5759204379928676	0.5860077210974567	0.5986941580756013	0.6083333333333334	1.0	0.6083306792847719	0.5543405489846016	0.5540540540540541	0.5579761423372422	0.5528694836938325	0.596938775510204	0.598245056583482	0.5893719806763285	0.5919535722688417	0.5946117036115105	0.5584415584415584	0.5314685314685315	0.6025324860096747	0.573170731707317	0.5975103734439834	0.5369127516778524	0.6024096385542168	0.5294117647058824	0.6082747493373285
ko	0.5289256198347108	0.536	0.5398591027067111	0.5245901639344263	0.5930149866989755	0.5982178217821783	0.5666666666666667	0.5697074653061415	0.5955555555555555	0.6068018389720617	0.5892728950876833	0.5652173913043479	0.5923183711244794	0.5971131231457426	0.5827834123152783	0.6083306792847719	1.0	0.5606060606060607	0.5617039545866527	0.544463479208846	0.5460518830356127	0.5868405453467694	0.5873352117310737	0.589186439446241	0.5826604203908032	0.5873818766419637	0.5663475324915591	0.5348837209302326	0.6017084890549921	0.5705160960654062	0.5756302521008404	0.5251798561151079	0.5981459523552872	0.5327868852459017	0.6268967913819066
lv	0.5581395348837209	0.5869565217391304	0.5926481620405101	0.5714285714285714	0.5946541195314846	0.5580337549375574	0.5769230769230769	0.5261838994268925	0.5465116279069767	0.5412371134020618	0.5756552643269658	0.5795454545454545	0.5909725453699395	0.5579710144927537	0.5439560439560439	0.5543405489846016	0.5606060606060607	1.0	0.6034482758620691	0.5774278215223096	0.5652173913043479	0.5645161290322581	0.5702479338842975	0.5639097744360902	0.5913978494623656	0.5464480874316939	0.624	0.5471698113207547	0.5754168552233091	0.6061448982172208	0.5480225988700566	0.540983606557377	0.5888888888888889	0.5681818181818182	0.5544889537516985
mk	0.5681818181818182	0.56	0.5670731707317073	0.5555555555555556	0.5714285714285714	0.56124894017031	0.5679012345679012	0.525679758308157	0.5428571428571428	0.5435897435897437	0.5667890426433211	0.5652173913043479	0.5795454545454545	0.5546053278285659	0.5434782608695652	0.5540540540540541	0.5617039545866527	0.6034482758620691	1.0	0.5606060606060607	0.547945205479452	0.5758819505521352	0.5666923670007711	0.5547445255474452	0.5874125874125874	0.5439544367396804	0.5970149253731343	0.5454545454545455	0.5683861197925058	0.601815823605707	0.5414364640883979	0.53125	0.5806451612903225	0.5909090909090909	0.5537545964776467
ml	0.5531914893617021	0.5576923076923077	0.5448354143019296	0.5531914893617021	0.5588235294117647	0.5601845917190104	0.5875	0.5293873258637031	0.5454545454545455	0.5476875548959627	0.5541701302299806	0.5932559115712887	0.5671254219683199	0.5549605573789371	0.5475617514452465	0.5579761423372422	0.544463479208846	0.5774278215223096	0.5606060606060607	1.0	0.619818589681069	0.5566488614000562	0.560857129886049	0.5531363400725765	0.5643564356435644	0.5501618122977346	0.5540540540540541	0.543859649122807	0.5636562734136361	0.5654454486765655	0.540983606557377	0.6034482758620691	0.5555555555555556	0.5625	0.541914198776179
mr	0.5370370370370371	0.5517241379310345	0.5417207090358841	0.5471698113207547	0.5519193348664426	0.5567042988466508	0.580566306783459	0.5339443939566056	0.5457336194091434	0.5522954344251929	0.5495593544276917	0.6236679753224902	0.5626154747420125	0.5550690317680175	0.5411471830554818	0.5528694836938325	0.5460518830356127	0.5652173913043479	0.547945205479452	0.619818589681069	1.0	0.5474452554744526	0.5522388059701493	0.5453908544636361	0.5555555555555556	0.5533980582524272	0.5569620253164557	0.5511600237953599	0.5574324324324325	0.554710604140262	0.5445562472853627	0.6062474862582116	0.5471698113207547	0.5454545454545455	0.5421967914229638
nl	0.5309734513274337	0.5338983050847458	0.5545522949586156	0.5263157894736842	0.6008912294915941	0.6160767571041638	0.5704225352112676	0.5720311135144129	0.6132075471698113	0.6025641025641025	0.6053629088867051	0.5646620175378029	0.6053995513266807	0.5925971095798525	0.5937794533459001	0.596938775510204	0.5868405453467694	0.5645161290322581	0.5758819505521352	0.5566488614000562	0.5474452554744526	1.0	0.6053914803569785	0.6050155918345955	0.6026490066225166	0.6001346264117075	0.5813953488372093	0.5327868852459017	0.5959795621526871	0.5866912790959434	0.5900516406097497	0.5267175572519084	0.5967051912393845	0.5350877192982456	0.5980361047982505
pl	0.5315315315315315	0.5391304347826087	0.5634604439385316	0.5267857142857143	0.6223156355661154	0.6160339101234931	0.5738942826321467	0.5700119623746436	0.6000000000000001	0.5991769547325103	0.594680473262182	0.5695364238410596	0.6088045187212484	0.5916398713826367	0.5967946425668866	0.598245056583482	0.5873352117310737	0.5702479338842975	0.5666923670007711	0.560857129886049	0.5522388059701493	0.6053914803569785	1.0	0.6017941188302024	0.6140350877192983	0.6008624820316243	0.5736434108527132	0.5333333333333333	0.6053946053946054	0.5951786652653706	0.5899735246391664	0.53125	0.592675248077153	0.5357142857142857	0.5959503348821308
pt	0.5284552845528455	0.5354330708661417	0.5475255580317663	0.5241935483870968	0.6029292107404394	0.6219701216898065	0.5810810810810811	0.5764195269074504	0.615469735531703	0.6033172211164819	0.634047972829548	0.5662125717446926	0.597442985487215	0.5969999112399775	0.5956239870340356	0.5893719806763285	0.589186439446241	0.5639097744360902	0.5547445255474452	0.5531363400725765	0.5453908544636361	0.6050155918345955	0.6017941188302024	1.0	0.6072823027331335	0.6156284577888095	0.5734144222415292	0.5303030303030303	0.6088596211308056	0.5938952674320918	0.5853398354160317	0.5285714285714286	0.5893319179990713	0.532258064516129	0.6103886562339285
ro	0.5421686746987951	0.5454545454545455	0.569903153712441	0.5357142857142857	0.608	0.6072267153665536	0.5789473684210527	0.5552205588301775	0.5863455480019897	0.5789295569323685	0.5984708315193731	0.5714285714285714	0.6161908375225268	0.5944262295081967	0.5869943201576446	0.5919535722688417	0.5826604203908032	0.5913978494623656	0.5874125874125874	0.5643564356435644	0.5555555555555556	0.6026490066225166	0.6140350877192983	0.6072823027331335	1.0	0.588352120971387	0.5882352941176471	0.5319148936170213	0.5926259981960974	0.6094849103698662	0.5826300777023704	0.5294117647058824	0.6016260162601625	0.5476190476190476	0.5821580126829734
ru	0.5220417633410672	0.5254237288135593	0.5402931535654648	0.5172413793103449	0.5869436421535955	0.605761857815752	0.5655834085990354	0.6003697674885955	0.6153846153846154	0.6130278111429363	0.5976107666717073	0.5625	0.5837404729333594	0.6012752024814751	0.603290676416819	0.5946117036115105	0.5873818766419637	0.5464480874316939	0.5439544367396804	0.5501618122977346	0.5533980582524272	0.6001346264117075	0.6008624820316243	0.6156284577888095	0.588352120971387	1.0	0.5546025815217391	0.5277777777777778	0.5954105873235165	0.5695104640108352	0.5956287065021278	0.5341284208284528	0.5835211803624227	0.5229885057471265	0.6088759352182928
sh	0.5576923076923077	0.5714285714285714	0.571608040201005	0.5471698113207547	0.5825242718446602	0.5658743451765795	0.5747126436781609	0.533288948069241	0.553072625698324	0.5509807100016211	0.5806211277546859	0.5656565656565656	0.6004083876541271	0.5592741807569077	0.5502645502645502	0.5584415584415584	0.5663475324915591	0.624	0.5970149253731343	0.5540540540540541	0.5569620253164557	0.5813953488372093	0.5736434108527132	0.5734144222415292	0.5882352941176471	0.5546025815217391	1.0	0.5573770491803278	0.5813758389261745	0.6327924850555081	0.5483870967741935	0.5277777777777778	0.5858585858585859	0.5660377358490566	0.5664564464886908
si	0.5135135135135135	0.55	0.5208333333333334	0.5277777777777778	0.5376344086021506	0.5307692307692308	0.5333333333333333	0.5185185185185185	0.5266272189349113	0.5263157894736842	0.5327102803738317	0.5411764705882353	0.5421686746987951	0.5255474452554745	0.5280898876404494	0.5314685314685315	0.5348837209302326	0.5471698113207547	0.5454545454545455	0.543859649122807	0.5511600237953599	0.5327868852459017	0.5333333333333333	0.5303030303030303	0.5319148936170213	0.5277777777777778	0.5573770491803278	1.0	0.5353535353535354	0.5384615384615384	0.5257142857142857	0.5384615384615384	0.5333333333333333	0.5263157894736842	0.5342465753424658
simple	0.536333802156587	0.5425531914893617	0.5580488957127672	0.5274725274725275	0.6167933584656902	0.6083834921320413	0.5810140046091118	0.5604264913822754	0.5941484924323681	0.5822724455251991	0.6032265606733692	0.5779987569919205	0.61881749800395	0.5940586687844345	0.5771022633404923	0.6025324860096747	0.6017084890549921	0.5754168552233091	0.5683861197925058	0.5636562734136361	0.5574324324324325	0.5959795621526871	0.6053946053946054	0.6088596211308056	0.5926259981960974	0.5954105873235165	0.5813758389261745	0.5353535353535354	1.0	0.6002357154189615	0.5762964779951351	0.5377358490566038	0.5968992248062015	0.5384615384615384	0.6135400058627124
sr	0.5522388059701493	0.5555555555555556	0.5586587832581298	0.5441176470588236	0.5897345132743362	0.5824390951276102	0.5918367346938775	0.5447424364599806	0.5712465125891227	0.5619047619047619	0.5859837424039145	0.5714285714285714	0.6077806694785964	0.5729850354423733	0.5683023595740239	0.573170731707317	0.5705160960654062	0.6061448982172208	0.601815823605707	0.5654454486765655	0.554710604140262	0.5866912790959434	0.5951786652653706	0.5938952674320918	0.6094849103698662	0.5695104640108352	0.6327924850555081	0.5384615384615384	0.6002357154189615	1.0	0.556648308418568	0.5411764705882353	0.5943617854346124	0.5588235294117647	0.5786116980360463
sv	0.5178571428571429	0.5294117647058824	0.5420552367288379	0.5178571428571429	0.58128078817734	0.5959392891992616	0.5625	0.5890171960393583	0.585820895522388	0.5814243100002896	0.5698421975452952	0.5615763546798029	0.5768268226792846	0.5731343283582089	0.6135533612877045	0.5975103734439834	0.5756302521008404	0.5480225988700566	0.5414364640883979	0.540983606557377	0.5445562472853627	0.5900516406097497	0.5899735246391664	0.5853398354160317	0.5826300777023704	0.5956287065021278	0.5483870967741935	0.5257142857142857	0.5762964779951351	0.556648308418568	1.0	0.5274725274725275	0.5742574257425742	0.5207100591715976	0.5817318992243724
te	0.5348837209302326	0.5416666666666666	0.5178571428571429	0.5476190476190476	0.5294117647058824	0.5367647058823529	0.5641025641025641	0.524390243902439	0.5284090909090908	0.5306122448979592	0.5258620689655172	0.5952380952380952	0.5268817204301075	0.5390070921985816	0.5268817204301075	0.5369127516778524	0.5251798561151079	0.540983606557377	0.53125	0.6034482758620691	0.6062474862582116	0.5267175572519084	0.53125	0.5285714285714286	0.5294117647058824	0.5341284208284528	0.5277777777777778	0.5384615384615384	0.5377358490566038	0.5411764705882353	0.5274725274725275	1.0	0.5306122448979592	0.5454545454545455	0.5256410256410257
vi	0.5443037974683544	0.5542168674698795	0.5595273557740046	0.5375	0.6066955135504442	0.5917034272141161	0.5941329372447085	0.5526617665802779	0.5824742268041238	0.575065455963456	0.6089851781385215	0.5737704918032787	0.5970062105207283	0.601510067114094	0.58128078817734	0.6024096385542168	0.5981459523552872	0.5888888888888889	0.5806451612903225	0.5555555555555556	0.5471698113207547	0.5967051912393845	0.592675248077153	0.5893319179990713	0.6016260162601625	0.5835211803624227	0.5858585858585859	0.5333333333333333	0.5968992248062015	0.5943617854346124	0.5742574257425742	0.5306122448979592	1.0	0.55	0.5992912210892813
war	0.625	0.5625	0.5384615384615384	0.5555555555555556	0.5411764705882353	0.5327868852459017	0.5625	0.5125000000000001	0.5246913580246914	0.5217391304347826	0.5353535353535354	0.5384615384615384	0.5540540540540541	0.53125	0.5232558139534884	0.5294117647058824	0.5327868852459017	0.5681818181818182	0.5909090909090909	0.5625	0.5454545454545455	0.5350877192982456	0.5357142857142857	0.532258064516129	0.5476190476190476	0.5229885057471265	0.5660377358490566	0.5263157894736842	0.5384615384615384	0.5588235294117647	0.5207100591715976	0.5454545454545455	0.55	1.0	0.5285714285714286
zh	0.525698815566836	0.5314685314685315	0.5393603372434017	0.5214285714285714	0.6005673051159095	0.6168917430931966	0.5696969696969697	0.585837812924267	0.6136797860145204	0.6200892371313527	0.6032202286047922	0.5617977528089888	0.5983220405788396	0.6129895402578448	0.5917182294145644	0.6082747493373285	0.6268967913819066	0.5544889537516985	0.5537545964776467	0.541914198776179	0.5421967914229638	0.5980361047982505	0.5959503348821308	0.6103886562339285	0.5821580126829734	0.6088759352182928	0.5664564464886908	0.5342465753424658	0.6135400058627124	0.5786116980360463	0.5817318992243724	0.5256410256410257	0.5992912210892813	0.5285714285714286	1.0
