arz	bs	ceb	ckb	da	de	el	en	es	fr	he	hi	hu	id	it	ja	ko	lv	mk	ml	mr	nl	pl	pt	ro	ru	sh	si	simple	sr	sv	te	vi	war	zh
arz	1.0	0.8428085291297184	0.8216064286890065	1.0	0.8086613831585687	0.630563712211897	0.7832096240812162	0.7046010556795121	0.7832096240812162	0.6837299132640774	0.49855014077310994	0.7690990303325336	0.6820073835260203	0.6031565249987134	0.7703130459163646	0.6977019036653226	0.6876725324541332	0.6887552910430611	0.6218003911404623	0.6091960909709819	0.4756511500328801	0.414671900619315	0.6872063183120286	0.7832096240812162	0.6182547154993097	0.6789336627075393	0.7568021414149518	1.0	0.5175142526469937	0.361582507717131	0.7969031057844342	0.7863954451402115	0.7832096240812162	0.7703130459163646	0.5499016552098764
bs	0.8428085291297184	1.0	0.6729113381487835	0.7690990303325336	0.5491482385105041	0.692274897059606	0.7376607345031153	0.3416052994241447	0.7376607345031153	0.5713528532857757	0.494624807293343	0.4672395458330284	0.6786274278789107	0.43282457124535295	0.6562661056221565	0.7411828468492556	0.47683460515832804	0.6688083895376624	0.7176749122208206	0.7165917843272871	0.608985530491209	1.0	0.6166491761390183	0.4578532582488653	0.6239725949460844	0.6710085201389	0.629896233114065	1.0	0.5332103122696755	0.31379297028999564	0.5768655770251223	1.0	0.7376607345031153	0.7690990303325336	0.5696471417425442
ceb	0.8216064286890065	0.6729113381487835	1.0	0.7824779865820086	0.28887710905364217	0.41724997998673	0.542504592886512	0.4246835275035524	0.4540213798126471	0.33563980524693937	0.45347485176394636	0.5649379257227317	0.43723076548666234	0.38283671253672347	0.4465009673461703	0.4930273198355535	0.5126359062141725	0.6985177996970846	0.7161586684287258	0.6763730891957467	0.5329599031038079	0.4094842675169123	0.4322537089813182	0.5690110702487242	0.5020508153522272	0.41808066628717444	0.6113661447659664	0.8216064286890065	0.30217242944443906	0.39256561775278614	0.49957254192827893	0.8216064286890065	0.38206093140687364	0.7361412429601099	0.29140862273298584
ckb	1.0	0.7690990303325336	0.7824779865820086	1.0	0.7216236570682275	0.5310953720417493	0.7584325078215763	0.3702033311436288	0.5893187304138506	0.6059918570771623	0.5467398530237345	0.5879511749463611	0.32543356440045046	0.6524007805500078	0.5366677263236599	0.7546354202939712	0.6065418269871578	0.5858731157182064	0.5345176931020246	0.6693068646985448	0.6408540682466283	0.6524007805500078	0.6084030328081674	0.5878443823958859	0.5878443823958859	0.7433742886544917	0.7580369456426511	1.0	0.6167348186489736	0.47213777728646616	0.6578394121525166	0.7690990303325336	0.4154499518352342	0.7863954451402115	0.33992655966322016
da	0.8086613831585687	0.5491482385105041	0.28887710905364217	0.7216236570682275	1.0	0.2446203776815255	0.3964636130318278	0.2407088718315968	0.2852902874947642	0.18025019757594696	0.2688665200546263	0.30212368435922665	0.25100841841232957	0.22150371978310043	0.2728059038038652	0.2997137559797845	0.2908575354241716	0.3863330157882185	0.3564447859901476	0.43808008974205725	0.44020705633635565	0.22591273663961517	0.26860027885667626	0.20763465057691932	0.26666884847770755	0.25172193680287697	0.3511066443684048	0.6212845645194138	0.2975674151156373	0.305300989489288	0.30198285451596507	1.0	0.24414601758983417	0.6590675637199678	0.29817242852185366
de	0.630563712211897	0.692274897059606	0.41724997998673	0.5310953720417493	0.2446203776815255	1.0	0.36232011195524394	0.18792897583375265	0.26036868252406287	0.1693782319846275	0.25523023053503335	0.2762462033264115	0.24303596184110865	0.22792138023888478	0.2274702788736145	0.20446362775362042	0.20444456785055032	0.3776988010110543	0.2619996344409853	0.31930593698692117	0.3691850358836362	0.21348906485753827	0.23261807042537339	0.19635075635956442	0.2585265237319983	0.20767219804353929	0.37006163982026674	0.6115763905593785	0.2895456372502089	0.23562819052805906	0.26668011077369874	0.35288144732070176	0.24810651100147274	0.5158209215888943	0.2424903864262958
el	0.7832096240812162	0.7376607345031153	0.542504592886512	0.7584325078215763	0.3964636130318278	0.36232011195524394	1.0	0.30447827367570995	0.5186822207463184	0.3876950769424763	0.3887180046188662	0.29605075830022737	0.4459796334773524	0.33715751952394774	0.41933173626499837	0.454212786281308	0.3948799971312828	0.5366485513301529	0.5472952828831205	0.3720406779897452	0.523604120018032	0.316043600286415	0.43184538312775156	0.37993445808956317	0.45301457807197093	0.19529119328706426	0.58045079806259	0.7584325078215763	0.4268068252570879	0.27533889604232903	0.3964493168002325	0.4076738337198827	0.36566975874078456	0.6562661056221565	0.35560324901664864
en	0.7046010556795121	0.3416052994241447	0.4246835275035524	0.3702033311436288	0.2407088718315968	0.18792897583375265	0.30447827367570995	1.0	0.20624761277334863	0.15672929610186837	0.2061613810748141	0.1922288966842132	0.238213090731788	0.17822207622977376	0.1726936278905367	0.18701622995179412	0.1603650854625598	0.337369015057805	0.27807981288612693	0.28078750686781695	0.2964207004048332	0.18104722489340766	0.19559204343376413	0.17246951872947616	0.20659776703438204	0.1664514122929956	0.2883309824542241	0.48394694903193125	0.23939166392581385	0.21593753396304602	0.17716054872670553	0.29900086548401134	0.25769681896525326	0.7124413509063391	0.20913020031233126
es	0.7832096240812162	0.7376607345031153	0.4540213798126471	0.5893187304138506	0.2852902874947642	0.26036868252406287	0.5186822207463184	0.20624761277334863	1.0	0.19209415307434524	0.28152748722611226	0.2451931292037832	0.28847338700516445	0.22224721595036642	0.23546442343190957	0.27733213996970907	0.1692631056251389	0.4519357375546088	0.4065797470052984	0.3715321770458855	0.4121730030124997	0.21835604242146597	0.22274515845349274	0.21888927371600087	0.2921676350222563	0.1777597879252073	0.4393916466071776	0.6538836485984505	0.3377888206539293	0.27440443935180847	0.246922744273451	0.6119059359420476	0.26775568202036354	0.7411828468492556	0.2686886326167626
fr	0.6837299132640774	0.5713528532857757	0.33563980524693937	0.6059918570771623	0.18025019757594696	0.1693782319846275	0.3876950769424763	0.15672929610186837	0.19209415307434524	1.0	0.20225515190063728	0.1792725683292689	0.21204111331219333	0.15066099991093085	0.1654415037887097	0.1784716153260134	0.1544889056977522	0.3741250641011963	0.3227378285856898	0.2985911826844402	0.3499151269984302	0.19010905900144665	0.1907560710506229	0.15567815466335883	0.23831373058796057	0.15653182388726775	0.3357406904070483	0.5201419737185474	0.19001823286021324	0.25125751840242105	0.19330610897964576	0.3863504091137141	0.18256003009772762	0.7678768966967638	0.18377508369981532
he	0.49855014077310994	0.494624807293343	0.45347485176394636	0.5467398530237345	0.2688665200546263	0.25523023053503335	0.3887180046188662	0.2061613810748141	0.28152748722611226	0.20225515190063728	1.0	0.2903709284660362	0.2810983287127268	0.2324278012008522	0.27157750394313196	0.26462716386851326	0.19940260813877408	0.3810163947642927	0.35182066323215305	0.40957100323773765	0.4367324531773823	0.23802745867000516	0.27560454637498477	0.24740195195793652	0.27858845820508515	0.24309902358536645	0.372627818866479	0.6590675637199678	0.2874245026191626	0.2020064677461067	0.29271413279262853	0.6242959540110129	0.26587265419331213	0.5700385474076414	0.2612159979013683
hi	0.7690990303325336	0.4672395458330284	0.5649379257227317	0.5879511749463611	0.30212368435922665	0.2762462033264115	0.29605075830022737	0.1922288966842132	0.2451931292037832	0.1792725683292689	0.2903709284660362	1.0	0.25716875521030286	0.2202508459626669	0.24082198402743904	0.2965405217635456	0.25425717256522695	0.30596430323869556	0.3592819644583977	0.3155618145530113	0.4127497503023893	0.32993500092571826	0.23633061990751278	0.2890986256073591	0.28769715593546324	0.21332001885399263	0.30249788195662636	0.41102862093085446	0.24547188793564467	0.2936080516066818	0.311305631318067	0.24991641688782687	0.2648236267128902	0.36124557528186824	0.24339907850171705
hu	0.6820073835260203	0.6786274278789107	0.43723076548666234	0.32543356440045046	0.25100841841232957	0.24303596184110865	0.4459796334773524	0.238213090731788	0.28847338700516445	0.21204111331219333	0.2810983287127268	0.25716875521030286	1.0	0.2507943251567377	0.31343485385008757	0.31848188494060414	0.2867746467419146	0.39217733417442247	0.4031580769162329	0.34653097249980186	0.3658294755113884	0.24422267299567343	0.29793360603316565	0.23993511235951864	0.2818807630906752	0.22493761870512252	0.36410098622536147	0.607789769458448	0.26203781837620976	0.2589512058833632	0.3314474365333789	0.7584325078215763	0.31293400856170867	0.6222845570676632	0.26571112226566657
id	0.6031565249987134	0.43282457124535295	0.38283671253672347	0.6524007805500078	0.22150371978310043	0.22792138023888478	0.33715751952394774	0.17822207622977376	0.22224721595036642	0.15066099991093085	0.2324278012008522	0.2202508459626669	0.2507943251567377	1.0	0.22167110252777664	0.24165973102949956	0.22278810991775605	0.32942227514437455	0.32469463669728943	0.27252519603832703	0.3013757353207386	0.24130680214973604	0.2272901226691119	0.18364138776016325	0.29040055662216635	0.19192274580355081	0.36274015879163785	0.5883778047992849	0.30663581818023355	0.2801144904303227	0.25003665461001057	0.49698969131596066	0.2138534800572285	0.6147248600039942	0.19537090071415703
it	0.7703130459163646	0.6562661056221565	0.4465009673461703	0.5366677263236599	0.2728059038038652	0.2274702788736145	0.41933173626499837	0.1726936278905367	0.23546442343190957	0.1654415037887097	0.27157750394313196	0.24082198402743904	0.31343485385008757	0.22167110252777664	1.0	0.2112520947999611	0.21617697318145263	0.4723546777152584	0.3603245931119834	0.41595451364765673	0.45072514871452274	0.20669583249676293	0.2067513425646593	0.20145552931624303	0.2567734522915146	0.18004843293539677	0.4630799553959234	0.5244354958060233	0.3031674417873754	0.2659278581377927	0.21765884612512623	0.5129109141096934	0.2494259648852634	0.7411828468492556	0.2685484725166096
ja	0.6977019036653226	0.7411828468492556	0.4930273198355535	0.7546354202939712	0.2997137559797845	0.20446362775362042	0.454212786281308	0.18701622995179412	0.27733213996970907	0.1784716153260134	0.26462716386851326	0.2965405217635456	0.31848188494060414	0.24165973102949956	0.2112520947999611	1.0	0.18998889360138912	0.41622169013593313	0.3584966708778008	0.407843349534748	0.3911814327505476	0.2132633691421138	0.26994691888399436	0.2555061607234011	0.28098476337907724	0.19321764440337458	0.4390987088455063	0.845334938406537	0.3061439337616427	0.2732381951283349	0.1899732505127924	0.4048484168850539	0.23244119421553758	0.6193667668967153	0.2616364031244029
ko	0.6876725324541332	0.47683460515832804	0.5126359062141725	0.6065418269871578	0.2908575354241716	0.20444456785055032	0.3948799971312828	0.1603650854625598	0.1692631056251389	0.1544889056977522	0.19940260813877408	0.25425717256522695	0.2867746467419146	0.22278810991775605	0.21617697318145263	0.18998889360138912	1.0	0.3630582159573232	0.3760490077172971	0.34705488317149946	0.4066083546763697	0.2150565333351089	0.23132289928193603	0.21161328863101667	0.2788610684765888	0.17298440471875592	0.375158105554514	0.6538836485984504	0.24579731277306188	0.19799963614734234	0.24917313692905677	0.425183768078957	0.23768940372923336	0.618141255357227	0.1683749562878798
lv	0.6887552910430611	0.6688083895376624	0.6985177996970846	0.5858731157182064	0.3863330157882185	0.3776988010110543	0.5366485513301529	0.337369015057805	0.4519357375546088	0.3741250641011963	0.3810163947642927	0.30596430323869556	0.39217733417442247	0.32942227514437455	0.4723546777152584	0.41622169013593313	0.3630582159573232	1.0	0.36747087091839903	0.6169170622523497	0.4971456374216947	0.40070417072251946	0.36898316679111	0.3708678376103701	0.3853269212635903	0.27915616081729205	0.4371395898593239	0.7584325078215763	0.3901382068630382	0.23186484970460153	0.4476725481967235	0.7584325078215763	0.37782560729039116	0.6624525348502385	0.3173955653945627
mk	0.6218003911404623	0.7176749122208206	0.7161586684287258	0.5345176931020246	0.3564447859901476	0.2619996344409853	0.5472952828831205	0.27807981288612693	0.4065797470052984	0.3227378285856898	0.35182066323215305	0.3592819644583977	0.4031580769162329	0.32469463669728943	0.3603245931119834	0.3584966708778008	0.3760490077172971	0.36747087091839903	1.0	0.472256795715274	0.5209806918507952	0.2794622345314335	0.34973792537336107	0.3787122151770176	0.3535162462397237	0.3383641752871466	0.4209534106777819	0.7584325078215763	0.3523700063114551	0.28995547780716385	0.3369598401190244	0.6983438190355966	0.390611121811841	0.4949730510202641	0.33902397717368554
ml	0.6091960909709819	0.7165917843272871	0.6763730891957467	0.6693068646985448	0.43808008974205725	0.31930593698692117	0.3720406779897452	0.28078750686781695	0.3715321770458855	0.2985911826844402	0.40957100323773765	0.3155618145530113	0.34653097249980186	0.27252519603832703	0.41595451364765673	0.407843349534748	0.34705488317149946	0.6169170622523497	0.472256795715274	1.0	0.456650496870218	0.3066062548200502	0.36361482255338273	0.42152069050371305	0.46353220106245957	0.2805113961089775	0.6330031919638548	0.6684560499369148	0.3423320625480925	0.30404407093269403	0.3753558434820223	0.3311540080381888	0.3517796143279469	0.623108637264423	0.2559544747025144
mr	0.4756511500328801	0.608985530491209	0.5329599031038079	0.6408540682466283	0.44020705633635565	0.3691850358836362	0.523604120018032	0.2964207004048332	0.4121730030124997	0.3499151269984302	0.4367324531773823	0.4127497503023893	0.3658294755113884	0.3013757353207386	0.45072514871452274	0.3911814327505476	0.4066083546763697	0.4971456374216947	0.5209806918507952	0.456650496870218	1.0	0.4023743157271747	0.41096368194965976	0.3804216455328243	0.46864857911454894	0.29610822860374536	0.582613532322753	0.6629183804315055	0.2631276088577828	0.35109949352937936	0.3373736185029868	0.34722542321789607	0.3766170985941023	0.7310947859903801	0.36045346086371827
nl	0.414671900619315	1.0	0.4094842675169123	0.6524007805500078	0.22591273663961517	0.21348906485753827	0.316043600286415	0.18104722489340766	0.21835604242146597	0.19010905900144665	0.23802745867000516	0.32993500092571826	0.24422267299567343	0.24130680214973604	0.20669583249676293	0.2132633691421138	0.2150565333351089	0.40070417072251946	0.2794622345314335	0.3066062548200502	0.4023743157271747	1.0	0.2372959961891267	0.1852283226418395	0.24574470173862958	0.18699703522433014	0.2974728373556917	0.6575660918451188	0.2338083345744426	0.23933102875057866	0.209456926120253	0.74551343442257	0.25377801302283154	0.40667837219988495	0.22824856374629982
pl	0.6872063183120286	0.6166491761390183	0.4322537089813182	0.6084030328081674	0.26860027885667626	0.23261807042537339	0.43184538312775156	0.19559204343376413	0.22274515845349274	0.1907560710506229	0.27560454637498477	0.23633061990751278	0.29793360603316565	0.2272901226691119	0.2067513425646593	0.26994691888399436	0.23132289928193603	0.36898316679111	0.34973792537336107	0.36361482255338273	0.41096368194965976	0.2372959961891267	1.0	0.18105787681957733	0.25044855761293916	0.20334598123012515	0.37111041142797985	0.7411828468492556	0.2686420685007562	0.28080070954840586	0.24915608412773196	0.5790254283986142	0.268773784977234	0.5974527471948566	0.2776494351405469
pt	0.7832096240812162	0.4578532582488653	0.5690110702487242	0.5878443823958859	0.20763465057691932	0.19635075635956442	0.37993445808956317	0.17246951872947616	0.21888927371600087	0.15567815466335883	0.24740195195793652	0.2890986256073591	0.23993511235951864	0.18364138776016325	0.20145552931624303	0.2555061607234011	0.21161328863101667	0.3708678376103701	0.3787122151770176	0.42152069050371305	0.3804216455328243	0.1852283226418395	0.18105787681957733	1.0	0.2170250146396983	0.17147016089632597	0.31406886375001625	0.6106799443665661	0.2617116088616848	0.25946621283854315	0.2070526121832243	0.698115950097389	0.26028499688111634	0.40557887272464865	0.2171175286638705
ro	0.6182547154993097	0.6239725949460844	0.5020508153522272	0.5878443823958859	0.26666884847770755	0.2585265237319983	0.45301457807197093	0.20659776703438204	0.2921676350222563	0.23831373058796057	0.27858845820508515	0.28769715593546324	0.2818807630906752	0.29040055662216635	0.2567734522915146	0.28098476337907724	0.2788610684765888	0.3853269212635903	0.3535162462397237	0.46353220106245957	0.46864857911454894	0.24574470173862958	0.25044855761293916	0.2170250146396983	1.0	0.1928249807265306	0.389458076798772	0.7510341748895938	0.3688017767515997	0.23910856943655706	0.28328637603333623	0.4651994665827656	0.3006054755833484	0.5771126808486902	0.2748551455416171
ru	0.6789336627075393	0.6710085201389	0.41808066628717444	0.7433742886544917	0.25172193680287697	0.20767219804353929	0.19529119328706426	0.1664514122929956	0.1777597879252073	0.15653182388726775	0.24309902358536645	0.21332001885399263	0.22493761870512252	0.19192274580355081	0.18004843293539677	0.19321764440337458	0.17298440471875592	0.27915616081729205	0.3383641752871466	0.2805113961089775	0.29610822860374536	0.18699703522433014	0.20334598123012515	0.17147016089632597	0.1928249807265306	1.0	0.36482718280670867	0.5496628185165692	0.26703140001577014	0.19995473503285938	0.1749287266979265	0.4349607416725468	0.21576947050488374	0.6184156762582913	0.19606102297993344
sh	0.7568021414149518	0.629896233114065	0.6113661447659664	0.7580369456426511	0.3511066443684048	0.37006163982026674	0.58045079806259	0.2883309824542241	0.4393916466071776	0.3357406904070483	0.372627818866479	0.30249788195662636	0.36410098622536147	0.36274015879163785	0.4630799553959234	0.4390987088455063	0.375158105554514	0.4371395898593239	0.4209534106777819	0.6330031919638548	0.582613532322753	0.2974728373556917	0.37111041142797985	0.31406886375001625	0.389458076798772	0.36482718280670867	1.0	0.74551343442257	0.379660833244601	0.29813189372415333	0.4300901196423707	1.0	0.4658437420335238	0.7455134344225701	0.32687686100201535
si	1.0	1.0	0.8216064286890065	1.0	0.6212845645194138	0.6115763905593785	0.7584325078215763	0.48394694903193125	0.6538836485984505	0.5201419737185474	0.6590675637199678	0.41102862093085446	0.607789769458448	0.5883778047992849	0.5244354958060233	0.845334938406537	0.6538836485984504	0.7584325078215763	0.7584325078215763	0.6684560499369148	0.6629183804315055	0.6575660918451188	0.7411828468492556	0.6106799443665661	0.7510341748895938	0.5496628185165692	0.74551343442257	1.0	0.5987276085782421	0.35567262476670014	0.6538836485984504	0.6698766910334879	0.7510341748895938	0.8216064286890065	0.31940417690945305
simple	0.5175142526469937	0.5332103122696755	0.30217242944443906	0.6167348186489736	0.2975674151156373	0.2895456372502089	0.4268068252570879	0.23939166392581385	0.3377888206539293	0.19001823286021324	0.2874245026191626	0.24547188793564467	0.26203781837620976	0.30663581818023355	0.3031674417873754	0.3061439337616427	0.24579731277306188	0.3901382068630382	0.3523700063114551	0.3423320625480925	0.2631276088577828	0.2338083345744426	0.2686420685007562	0.2617116088616848	0.3688017767515997	0.26703140001577014	0.379660833244601	0.5987276085782421	1.0	0.26908317778767527	0.3334748995592802	0.5110521842814597	0.30725569029445166	0.4532291958404719	0.25384992992602345
sr	0.361582507717131	0.31379297028999564	0.39256561775278614	0.47213777728646616	0.305300989489288	0.23562819052805906	0.27533889604232903	0.21593753396304602	0.27440443935180847	0.25125751840242105	0.2020064677461067	0.2936080516066818	0.2589512058833632	0.2801144904303227	0.2659278581377927	0.2732381951283349	0.19799963614734234	0.23186484970460153	0.28995547780716385	0.30404407093269403	0.35109949352937936	0.23933102875057866	0.28080070954840586	0.25946621283854315	0.23910856943655706	0.19995473503285938	0.29813189372415333	0.35567262476670014	0.26908317778767527	1.0	0.3131654473330015	0.5517524880328627	0.19829657146210594	0.3985245051282637	0.2490332177726368
sv	0.7969031057844342	0.5768655770251223	0.49957254192827893	0.6578394121525166	0.30198285451596507	0.26668011077369874	0.3964493168002325	0.17716054872670553	0.246922744273451	0.19330610897964576	0.29271413279262853	0.311305631318067	0.3314474365333789	0.25003665461001057	0.21765884612512623	0.1899732505127924	0.24917313692905677	0.4476725481967235	0.3369598401190244	0.3753558434820223	0.3373736185029868	0.209456926120253	0.24915608412773196	0.2070526121832243	0.28328637603333623	0.1749287266979265	0.4300901196423707	0.6538836485984504	0.3334748995592802	0.3131654473330015	1.0	0.42307155572328253	0.23471420536667859	0.7757163235351949	0.24944024689968328
te	0.7863954451402115	1.0	0.8216064286890065	0.7690990303325336	1.0	0.35288144732070176	0.4076738337198827	0.29900086548401134	0.6119059359420476	0.3863504091137141	0.6242959540110129	0.24991641688782687	0.7584325078215763	0.49698969131596066	0.5129109141096934	0.4048484168850539	0.425183768078957	0.7584325078215763	0.6983438190355966	0.3311540080381888	0.34722542321789607	0.74551343442257	0.5790254283986142	0.698115950097389	0.4651994665827656	0.4349607416725468	1.0	0.6698766910334879	0.5110521842814597	0.5517524880328627	0.42307155572328253	1.0	0.43526109167898114	0.7690990303325336	0.3280242675260314
vi	0.7832096240812162	0.7376607345031153	0.38206093140687364	0.4154499518352342	0.24414601758983417	0.24810651100147274	0.36566975874078456	0.25769681896525326	0.26775568202036354	0.18256003009772762	0.26587265419331213	0.2648236267128902	0.31293400856170867	0.2138534800572285	0.2494259648852634	0.23244119421553758	0.23768940372923336	0.37782560729039116	0.390611121811841	0.3517796143279469	0.3766170985941023	0.25377801302283154	0.268773784977234	0.26028499688111634	0.3006054755833484	0.21576947050488374	0.4658437420335238	0.7510341748895938	0.30725569029445166	0.19829657146210594	0.23471420536667859	0.43526109167898114	1.0	0.7411828468492556	0.26274635905558985
war	0.7703130459163646	0.7690990303325336	0.7361412429601099	0.7863954451402115	0.6590675637199678	0.5158209215888943	0.6562661056221565	0.7124413509063391	0.7411828468492556	0.7678768966967638	0.5700385474076414	0.36124557528186824	0.6222845570676632	0.6147248600039942	0.7411828468492556	0.6193667668967153	0.618141255357227	0.6624525348502385	0.4949730510202641	0.623108637264423	0.7310947859903801	0.40667837219988495	0.5974527471948566	0.40557887272464865	0.5771126808486902	0.6184156762582913	0.7455134344225701	0.8216064286890065	0.4532291958404719	0.3985245051282637	0.7757163235351949	0.7690990303325336	0.7411828468492556	1.0	0.5910996941319467
zh	0.5499016552098764	0.5696471417425442	0.29140862273298584	0.33992655966322016	0.29817242852185366	0.2424903864262958	0.35560324901664864	0.20913020031233126	0.2686886326167626	0.18377508369981532	0.2612159979013683	0.24339907850171705	0.26571112226566657	0.19537090071415703	0.2685484725166096	0.2616364031244029	0.1683749562878798	0.3173955653945627	0.33902397717368554	0.2559544747025144	0.36045346086371827	0.22824856374629982	0.2776494351405469	0.2171175286638705	0.2748551455416171	0.19606102297993344	0.32687686100201535	0.31940417690945305	0.25384992992602345	0.2490332177726368	0.24944024689968328	0.3280242675260314	0.26274635905558985	0.5910996941319467	1.0
