arz	bs	ceb	ckb	da	de	el	en	es	fr	he	hi	hu	id	it	ja	ko	lv	mk	ml	mr	nl	pl	pt	ro	ru	sh	si	simple	sr	sv	te	vi	war	zh
arz	1.0	0.0	0.0	0.0	0.0	0.0	0.0	0.0	0.0	2.002803925495694e-05	0.0	0.0	0.0	0.0	0.0	3.618992472495657e-05	0.0	0.0	0.0	0.0	0.0	0.0	0.0	0.0	0.0	0.0	0.0	0.0	0.0	0.0	0.0	0.0	0.0	0.0	0.0
bs	0.0	1.0	0.0	0.0	0.000547945205479452	0.0	0.000676132521974307	2.101686603499308e-05	0.0001862081807460741	0.00013835906153025123	0.0008920606601248885	0.0004266211604095563	0.00036886757654002215	0.0010166045408336157	0.0001013462155634005	0.00014135274577708673	0.0012338908692075678	0.002457002457002457	0.0028776978417266188	0.0006901311249137336	0.001949317738791423	0.00012448649321548613	6.674676278200507e-05	0.00012751849018107625	0.0	0.00013862175321862382	0.002403020940611054	0.0011235955056179776	0.0	0.0011168192986374804	0.0003438282823321381	0.0	0.0008984725965858042	0.0	0.0002794076557697681
ceb	0.0	0.0	1.0	0.0	0.0	0.0	0.0	0.0	0.0	0.0	0.0	0.0	0.0	0.0	0.0	3.623844899438304e-05	0.00015160703456640388	0.0	0.0	0.0	0.0	0.0	0.0	0.0	0.0	1.754016698238967e-05	0.0	0.0	0.0	0.0	0.0	0.0	0.0	0.0	0.0
ckb	0.0	0.0	0.0	1.0	0.0	0.0	0.0	0.0	0.0	0.0	0.0	0.0	0.0	0.0	0.0	0.0	0.0	0.0	0.0	0.0	0.0	0.0	6.989585517578807e-05	0.0	0.0	0.0	0.0	0.0	0.0	0.0	0.0	0.0	0.0	0.0	3.576026319553712e-05
da	0.0	0.000547945205479452	0.0	0.0	1.0	4.35976806033919e-05	0.000594883997620464	3.847714457612178e-05	0.0001210946960523129	5.882237603184251e-05	0.0005608524957936063	0.0014571948998178506	0.0	0.0002978850163836759	8.388135820695209e-05	0.0003136216329233021	0.0007791195948578107	0.0006146281499692685	0.001203852327447833	0.0	0.0006988120195667365	0.00035566093657379963	0.000325055259394097	0.00025289778714436247	0.0	0.00024092653461598031	0.0009033423667570009	0.0007727975270479134	0.0007471980074719801	0.0	0.00024078979051288225	0.0008110300081103001	0.0004116920543433512	0.0	0.00041333700744006614
de	0.0	0.0	0.0	0.0	4.35976806033919e-05	1.0	8.309098462816784e-05	0.0006070159292728537	0.0008065383374556403	0.0009072257037977863	0.0006828391734052112	4.263301500682128e-05	0.0002519103199261063	0.00012467273407305821	0.0013214486068690394	0.0011345678512095303	0.0004929403894229076	4.477277815088426e-05	0.000172421225052804	4.432427640618767e-05	9.034239768723462e-05	0.0004805711931896197	0.0005821367189665687	0.0010867011278195488	0.00017316017316017316	0.0011429877700308607	8.322929671244278e-05	4.545041359876375e-05	0.00024271844660194174	0.0002344849148038143	0.0008928355975965831	4.55767740759309e-05	0.00031298904538341156	0.0	0.001167142914637582
el	0.0	0.000676132521974307	0.0	0.0	0.000594883997620464	8.309098462816784e-05	1.0	5.574660381237087e-05	0.00022665457842248413	0.000326164118109783	0.0013318803729265045	0.0012893243940175349	0.0007063809748057452	0.00089126559714795	0.0003952373894570426	0.0008385041086701325	0.0006791171477079797	0.0	0.0005514199062586159	0.0010050251256281408	0.00156128024980484	0.0005226298735235706	0.00042388276613782245	0.0004323211528564076	0.0014184397163120568	0.00033762682107466615	0.0020229265003371545	0.00041186161449752884	0.0019447685725398677	0.0014972550324405256	0.0006395614435815441	0.0	0.0	0.0	0.001061500696609832
en	0.0	2.101686603499308e-05	0.0	0.0	3.847714457612178e-05	0.0006070159292728537	5.574660381237087e-05	1.0	0.0005566369793611008	0.0014183336076242913	0.00022357052446205492	6.983386523460687e-05	6.625703545100118e-05	8.362398475256012e-05	0.0016456870743535427	0.0009805649464053963	0.00023343311454700246	1.752614901432938e-05	7.339090442057881e-05	4.2030493122760564e-05	7.015205457829846e-06	0.00022599876043104128	0.0004683652713842201	0.0015183364839319472	4.8943005869664776e-05	0.0015384029326355334	8.71189417487908e-05	3.5092767731498214e-06	0.0001147227533460803	0.00012477687468589156	0.0007067253960949313	0.0	0.00012478812017095972	0.0	0.000998729181138103
es	0.0	0.0001862081807460741	0.0	0.0	0.0001210946960523129	0.0008065383374556403	0.00022665457842248413	0.0005566369793611008	1.0	0.000965828082601297	0.0004202661685734298	5.8699225170227754e-05	0.00022988505747126436	0.00017003910899506886	0.0013142919082976532	0.0011176826712615843	0.0007279676054415578	6.283380458686774e-05	0.00023839322963227844	0.00018588512299398972	6.361727845282778e-05	0.0008808244516867788	0.0006069393397848738	0.001427135026434433	5.9941257567583765e-05	0.0011613920112820938	0.00039761431411530816	0.0	0.00027320911425605157	0.0004174058228112282	0.001056508951771794	0.0	0.0002611920806561145	0.0	0.0012246123986228887
fr	2.002803925495694e-05	0.00013835906153025123	0.0	0.0	5.882237603184251e-05	0.0009072257037977863	0.000326164118109783	0.0014183336076242913	0.000965828082601297	1.0	0.0005726761874082823	9.705345704413991e-05	0.0002505927482313935	0.00019185756494378574	0.0021728678156668394	0.0016029784373545685	0.000744166268006166	0.0	0.0001560640642983945	7.901390644753477e-05	3.9837463150346584e-05	0.000542138122803029	0.0009360228389572705	0.002385242742716677	0.0001759152479427689	0.0019402005811228794	0.0002880018432117966	3.994647172788463e-05	0.00034107704551483687	0.0003728560775540641	0.0014832735703690903	1.999720039194513e-05	0.00041035589047228233	0.0	0.001866800561327617
he	0.0	0.0008920606601248885	0.0	0.0	0.0005608524957936063	0.0006828391734052112	0.0013318803729265045	0.00022357052446205492	0.0004202661685734298	0.0005726761874082823	1.0	0.0007844162635638645	0.0007485029940119761	0.00048426150121065375	0.00041865657756000747	0.000982757080318056	0.001190665184949992	0.00045934772622875517	0.00027030679821597514	0.0008883624518803672	0.0	0.0007499625018749063	0.00039438008380576783	0.001089636978838103	0.0006852131012744963	0.0006668042611967549	0.0006079027355623101	0.0	0.0012341523617188377	0.0009199632014719411	0.0009746208724806051	0.0	0.0015383037637165418	0.0	0.0014453850918851952
hi	0.0	0.0004266211604095563	0.0	0.0	0.0014571948998178506	4.263301500682128e-05	0.0012893243940175349	6.983386523460687e-05	5.8699225170227754e-05	9.705345704413991e-05	0.0007844162635638645	1.0	0.0005505092210294523	0.0007743933918430562	0.00011642411642411642	0.0005477763702968263	0.001095290251916758	0.0009324009324009324	0.002327901563019621	0.0021114864864864866	0.001540041067761807	0.0004467776164414163	0.0003773584905660377	0.00012506513809275665	0.00034317089910775565	0.00032410487351380857	0.0018248175182481751	0.0005515719801434088	0.0011032656663724624	0.00037016472330186933	0.00028191514354179394	0.0	0.0005580357142857143	0.0	0.0008124851890720742
hu	0.0	0.00036886757654002215	0.0	0.0	0.0	0.0002519103199261063	0.0007063809748057452	6.625703545100118e-05	0.00022988505747126436	0.0002505927482313935	0.0007485029940119761	0.0005505092210294523	1.0	0.0009433962264150943	0.00029761412675054975	0.0004733247684089526	0.000698730639338535	0.0007961783439490446	0.0011844832691738228	0.0	0.00043159257660768235	0.000643915003219575	0.00012291807510294387	0.00047594412829798244	0.00030478512648582747	0.00038992303258400296	0.0011890606420927466	0.00045871559633027525	0.002248109544246883	0.001040582726326743	0.0012483240094317814	0.00047192071731949034	0.0010452961672473868	0.0	0.0007355891400294235
id	0.0	0.0010166045408336157	0.0	0.0	0.0002978850163836759	0.00012467273407305821	0.00089126559714795	8.362398475256012e-05	0.00017003910899506886	0.00019185756494378574	0.00048426150121065375	0.0007743933918430562	0.0009433962264150943	1.0	0.0003788003557429428	0.0006708257865432347	0.0009063101846607002	0.0	0.0008287292817679558	0.0	0.00039077764751856197	0.0005229578495973225	0.00036343812465927677	0.00041177681696520483	0.0002838489923360772	0.0002701105765172618	0.001349527665317139	0.0	0.00038880248833592535	0.0004990850108135085	0.0009141603437242893	0.00042354934349851756	0.0011703728473499416	0.0	0.0009620807484324718
it	0.0	0.0001013462155634005	0.0	0.0	8.388135820695209e-05	0.0013214486068690394	0.0003952373894570426	0.0016456870743535427	0.0013142919082976532	0.0021728678156668394	0.00041865657756000747	0.00011642411642411642	0.00029761412675054975	0.0003788003557429428	1.0	0.002223567487019488	0.0007687576875768758	8.473714537504661e-05	0.00011691804045364199	0.00015195515634497197	5.100999795960008e-05	0.000744997871434653	0.0011832040063837984	0.002668171298510032	0.00018404497389907642	0.002647546462270293	0.00044495715227422546	0.0	0.0005540437042710251	0.0005302397326306318	0.002025770882748894	0.0	0.0003535783738609151	0.0	0.0020173211366561164
ja	3.618992472495657e-05	0.00014135274577708673	3.623844899438304e-05	0.0	0.0003136216329233021	0.0011345678512095303	0.0008385041086701325	0.0009805649464053963	0.0011176826712615843	0.0016029784373545685	0.000982757080318056	0.0005477763702968263	0.0004733247684089526	0.0006708257865432347	0.002223567487019488	1.0	0.001758344811417519	0.00014234875444839857	0.0004834754981524329	0.0003884317949080123	7.166917508779473e-05	0.0010034691361564265	0.0011239716854792425	0.0023181097238602626	0.0004851341049275764	0.0021678354814253223	0.0007051949360287451	3.6010082823190495e-05	0.0011490856561279096	0.0009574875526618154	0.002716583895751093	3.60893572485474e-05	0.0007984414423046214	0.0	0.002781490445399704
ko	0.0	0.0012338908692075678	0.00015160703456640388	0.0	0.0007791195948578107	0.0004929403894229076	0.0006791171477079797	0.00023343311454700246	0.0007279676054415578	0.000744166268006166	0.001190665184949992	0.001095290251916758	0.000698730639338535	0.0009063101846607002	0.0007687576875768758	0.001758344811417519	1.0	0.0002815711671124877	0.0007532011046949536	0.0006825006825006825	0.0002895613146083683	0.0007911392405063291	0.00033561873711463776	0.001342967390481955	0.0006354855109303507	0.0008812791136850056	0.0010236578707916288	0.0002954209748892171	0.0012654223347042075	0.0019336749492410326	0.0015263097645667187	0.0	0.0018414421399496027	0.0	0.002090046155185927
lv	0.0	0.002457002457002457	0.0	0.0	0.0006146281499692685	4.477277815088426e-05	0.0	1.752614901432938e-05	6.283380458686774e-05	0.0	0.00045934772622875517	0.0009324009324009324	0.0007961783439490446	0.0	8.473714537504661e-05	0.00014234875444839857	0.0002815711671124877	1.0	0.0015873015873015873	0.0007993605115907274	0.0024154589371980675	0.00012763241863433312	0.0	0.00010671219720414043	0.0005577244841048522	6.954465636246675e-05	0.0022091310751104565	0.0	0.00029282576866764275	0.00023348120476301658	0.0003472049997519964	0.0	0.0007050528789659225	0.0	0.0003165336053177646
mk	0.0	0.0028776978417266188	0.0	0.0	0.001203852327447833	0.000172421225052804	0.0005514199062586159	7.339090442057881e-05	0.00023839322963227844	0.0001560640642983945	0.00027030679821597514	0.002327901563019621	0.0011844832691738228	0.0008287292817679558	0.00011691804045364199	0.0004834754981524329	0.0007532011046949536	0.0015873015873015873	1.0	0.002839564600094652	0.0	0.0003448275862068965	0.0002556237218813906	0.0003772873042822109	0.0015054572826496049	0.00032551525638609537	0.0011157601115760112	0.0012836970474967907	0.0021057557323350493	0.0007771517388770158	0.0004756242568370987	0.0	0.0013677217663149667	0.0	0.0009904371584699453
ml	0.0	0.0006901311249137336	0.0	0.0	0.0	4.432427640618767e-05	0.0010050251256281408	4.2030493122760564e-05	0.00018588512299398972	7.901390644753477e-05	0.0008883624518803672	0.0021114864864864866	0.0	0.0	0.00015195515634497197	0.0003884317949080123	0.0006825006825006825	0.0007993605115907274	0.002839564600094652	1.0	0.002849002849002849	0.0004964010920824026	6.662225183211193e-05	0.0002336696760488582	0.001487357461576599	0.00017319916171605729	0.001358695652173913	0.0	0.0005494505494505495	0.0006656312402928778	0.0005396654074473826	0.0	0.0006694934166480696	0.0	0.0002791346824842987
mr	0.0	0.001949317738791423	0.0	0.0	0.0006988120195667365	9.034239768723462e-05	0.00156128024980484	7.015205457829846e-06	6.361727845282778e-05	3.9837463150346584e-05	0.0	0.001540041067761807	0.00043159257660768235	0.00039077764751856197	5.100999795960008e-05	7.166917508779473e-05	0.0002895613146083683	0.0024154589371980675	0.0	0.002849002849002849	1.0	0.0	0.0	2.143025523433984e-05	0.0006261740763932373	8.722958827634333e-05	0.0	0.0020161290322580645	0.00031065548306927616	0.0007343941248470012	0.00025041318174988733	0.004608294930875576	0.0002462447672986949	0.0	0.00021246458923512748
nl	0.0	0.00012448649321548613	0.0	0.0	0.00035566093657379963	0.0004805711931896197	0.0005226298735235706	0.00022599876043104128	0.0008808244516867788	0.000542138122803029	0.0007499625018749063	0.0004467776164414163	0.000643915003219575	0.0005229578495973225	0.000744997871434653	0.0010034691361564265	0.0007911392405063291	0.00012763241863433312	0.0003448275862068965	0.0004964010920824026	0.0	1.0	0.0006023538133629877	0.0009324878776575904	0.0003487966515521451	0.0006844307558293278	0.0006298551333193366	0.00013329778725673153	0.00029345593270077276	0.0003606853020739405	0.0011132551580822325	0.00040328001075413364	0.00036153289949385393	0.0	0.0014488224766341865
pl	0.0	6.674676278200507e-05	0.0	6.989585517578807e-05	0.000325055259394097	0.0005821367189665687	0.00042388276613782245	0.0004683652713842201	0.0006069393397848738	0.0009360228389572705	0.00039438008380576783	0.0003773584905660377	0.00012291807510294387	0.00036343812465927677	0.0011832040063837984	0.0011239716854792425	0.00033561873711463776	0.0	0.0002556237218813906	6.662225183211193e-05	0.0	0.0006023538133629877	1.0	0.0009907693323865981	0.00038592654531420853	0.0011235955056179776	0.000424911982517907	6.919936336585703e-05	0.00034946706272933774	0.0004990573361428413	0.0010622289103301762	0.0	0.0004997778764993336	0.0	0.0009487440999976282
pt	0.0	0.00012751849018107625	0.0	0.0	0.00025289778714436247	0.0010867011278195488	0.0004323211528564076	0.0015183364839319472	0.001427135026434433	0.002385242742716677	0.001089636978838103	0.00012506513809275665	0.00047594412829798244	0.00041177681696520483	0.002668171298510032	0.0023181097238602626	0.001342967390481955	0.00010671219720414043	0.0003772873042822109	0.0002336696760488582	2.143025523433984e-05	0.0009324878776575904	0.0009907693323865981	1.0	0.00042009746261132585	0.002638650407923712	0.00047390435373869327	4.298764105319721e-05	0.0005281976271737363	0.0003992175336340772	0.0023234976992816897	0.0	0.0008191644522586961	0.0	0.00298426844912565
ro	0.0	0.0	0.0	0.0	0.0	0.00017316017316017316	0.0014184397163120568	4.8943005869664776e-05	5.9941257567583765e-05	0.0001759152479427689	0.0006852131012744963	0.00034317089910775565	0.00030478512648582747	0.0002838489923360772	0.00018404497389907642	0.0004851341049275764	0.0006354855109303507	0.0005577244841048522	0.0015054572826496049	0.001487357461576599	0.0006261740763932373	0.0003487966515521451	0.00038592654531420853	0.00042009746261132585	1.0	0.000343235682781582	0.00028661507595299513	0.0	0.0014360938247965534	0.0005941770647653001	0.0004300664213695226	0.0	0.0003980891719745223	0.0	0.00044525122444086723
ru	0.0	0.00013862175321862382	1.754016698238967e-05	0.0	0.00024092653461598031	0.0011429877700308607	0.00033762682107466615	0.0015384029326355334	0.0011613920112820938	0.0019402005811228794	0.0006668042611967549	0.00032410487351380857	0.00038992303258400296	0.0002701105765172618	0.002647546462270293	0.0021678354814253223	0.0008812791136850056	6.954465636246675e-05	0.00032551525638609537	0.00017319916171605729	8.722958827634333e-05	0.0006844307558293278	0.0011235955056179776	0.002638650407923712	0.000343235682781582	1.0	0.0004730608727973103	1.7486491685173203e-05	0.0005009936373808053	0.0005267749847729106	0.002012835091296449	7.002433345587591e-05	0.0004775706475199262	0.0	0.002750755572346052
sh	0.0	0.002403020940611054	0.0	0.0	0.0009033423667570009	8.322929671244278e-05	0.0020229265003371545	8.71189417487908e-05	0.00039761431411530816	0.0002880018432117966	0.0006079027355623101	0.0018248175182481751	0.0011890606420927466	0.001349527665317139	0.00044495715227422546	0.0007051949360287451	0.0010236578707916288	0.0022091310751104565	0.0011157601115760112	0.001358695652173913	0.0	0.0006298551333193366	0.000424911982517907	0.00047390435373869327	0.00028661507595299513	0.0004730608727973103	1.0	0.0	0.0009790483649892304	0.002514668901927913	0.0006407322654462242	0.0004297378599054577	0.0011770640659155877	0.0	0.0009299236134174693
si	0.0	0.0011235955056179776	0.0	0.0	0.0007727975270479134	4.545041359876375e-05	0.00041186161449752884	3.5092767731498214e-06	0.0	3.994647172788463e-05	0.0	0.0005515719801434088	0.00045871559633027525	0.0	0.0	3.6010082823190495e-05	0.0002954209748892171	0.0	0.0012836970474967907	0.0	0.0020161290322580645	0.00013329778725673153	6.919936336585703e-05	4.298764105319721e-05	0.0	1.7486491685173203e-05	0.0	1.0	0.0	0.00025316455696202533	0.00010084203095850351	0.003355704697986577	0.0	0.0	7.115665136798663e-05
simple	0.0	0.0	0.0	0.0	0.0007471980074719801	0.00024271844660194174	0.0019447685725398677	0.0001147227533460803	0.00027320911425605157	0.00034107704551483687	0.0012341523617188377	0.0011032656663724624	0.002248109544246883	0.00038880248833592535	0.0005540437042710251	0.0011490856561279096	0.0012654223347042075	0.00029282576866764275	0.0021057557323350493	0.0005494505494505495	0.00031065548306927616	0.00029345593270077276	0.00034946706272933774	0.0005281976271737363	0.0014360938247965534	0.0005009936373808053	0.0009790483649892304	0.0	1.0	0.0018012608826178324	0.0014205806623457339	0.0	0.0009033423667570009	0.0	0.0011364743319154462
sr	0.0	0.0011168192986374804	0.0	0.0	0.0	0.0002344849148038143	0.0014972550324405256	0.00012477687468589156	0.0004174058228112282	0.0003728560775540641	0.0009199632014719411	0.00037016472330186933	0.001040582726326743	0.0004990850108135085	0.0005302397326306318	0.0009574875526618154	0.0019336749492410326	0.00023348120476301658	0.0007771517388770158	0.0006656312402928778	0.0007343941248470012	0.0003606853020739405	0.0004990573361428413	0.0003992175336340772	0.0005941770647653001	0.0005267749847729106	0.002514668901927913	0.00025316455696202533	0.0018012608826178324	1.0	0.0008972441785943175	0.0	0.0007989347536617843	0.0	0.0011053213327017212
sv	0.0	0.0003438282823321381	0.0	0.0	0.00024078979051288225	0.0008928355975965831	0.0006395614435815441	0.0007067253960949313	0.001056508951771794	0.0014832735703690903	0.0009746208724806051	0.00028191514354179394	0.0012483240094317814	0.0009141603437242893	0.002025770882748894	0.002716583895751093	0.0015263097645667187	0.0003472049997519964	0.0004756242568370987	0.0005396654074473826	0.00025041318174988733	0.0011132551580822325	0.0010622289103301762	0.0023234976992816897	0.0004300664213695226	0.002012835091296449	0.0006407322654462242	0.00010084203095850351	0.0014205806623457339	0.0008972441785943175	1.0	5.057401507105649e-05	0.0012836970474967907	0.0	0.003056556841417399
te	0.0	0.0	0.0	0.0	0.0008110300081103001	4.55767740759309e-05	0.0	0.0	0.0	1.999720039194513e-05	0.0	0.0	0.00047192071731949034	0.00042354934349851756	0.0	3.60893572485474e-05	0.0	0.0	0.0	0.0	0.004608294930875576	0.00040328001075413364	0.0	0.0	0.0	7.002433345587591e-05	0.0004297378599054577	0.003355704697986577	0.0	0.0	5.057401507105649e-05	1.0	0.0	0.0	0.00010697093956141915
vi	0.0	0.0008984725965858042	0.0	0.0	0.0004116920543433512	0.00031298904538341156	0.0	0.00012478812017095972	0.0002611920806561145	0.00041035589047228233	0.0015383037637165418	0.0005580357142857143	0.0010452961672473868	0.0011703728473499416	0.0003535783738609151	0.0007984414423046214	0.0018414421399496027	0.0007050528789659225	0.0013677217663149667	0.0006694934166480696	0.0002462447672986949	0.00036153289949385393	0.0004997778764993336	0.0008191644522586961	0.0003980891719745223	0.0004775706475199262	0.0011770640659155877	0.0	0.0009033423667570009	0.0007989347536617843	0.0012836970474967907	0.0	1.0	0.0	0.00110622965327602
war	0.0	0.0	0.0	0.0	0.0	0.0	0.0	0.0	0.0	0.0	0.0	0.0	0.0	0.0	0.0	0.0	0.0	0.0	0.0	0.0	0.0	0.0	0.0	0.0	0.0	0.0	0.0	0.0	0.0	0.0	0.0	0.0	0.0	1.0	0.0
zh	0.0	0.0002794076557697681	0.0	3.576026319553712e-05	0.00041333700744006614	0.001167142914637582	0.001061500696609832	0.000998729181138103	0.0012246123986228887	0.001866800561327617	0.0014453850918851952	0.0008124851890720742	0.0007355891400294235	0.0009620807484324718	0.0020173211366561164	0.002781490445399704	0.002090046155185927	0.0003165336053177646	0.0009904371584699453	0.0002791346824842987	0.00021246458923512748	0.0014488224766341865	0.0009487440999976282	0.00298426844912565	0.00044525122444086723	0.002750755572346052	0.0009299236134174693	7.115665136798663e-05	0.0011364743319154462	0.0011053213327017212	0.003056556841417399	0.00010697093956141915	0.00110622965327602	0.0	1.0
