arz	bs	ceb	ckb	da	de	el	en	es	fr	he	hi	hu	id	it	ja	ko	lv	mk	ml	mr	nl	pl	pt	ro	ru	sh	si	simple	sr	sv	te	vi	war	zh
arz	1.0	0.0	0.0	0.0	1.0	1.0	1.0	1.0	1.0	1.0	0.0	1.0	1.0	1.0	1.0	1.0	1.0	1.0	0.0	1.0	0.0	1.0	1.0	1.0	1.0	1.0	1.0	0.0	1.0	1.0	1.0	0.0	1.0	0.0	1.0
bs	0.0	1.0	1.0	1.0	0.5042139125013491	1.0	1.0	1.0	0.8216064286890065	0.5660160774121898	1.0	1.0	1.0	1.0	1.0	1.0	1.0	1.0	1.0	1.0	1.0	1.0	1.0	0.8216064286890065	1.0	1.0	1.0	0.0	1.0	1.0	0.5660160774121898	1.0	1.0	0.0	1.0
ceb	0.0	1.0	1.0	1.0	1.0	1.0	1.0	1.0	1.0	1.0	1.0	1.0	1.0	1.0	1.0	1.0	1.0	1.0	0.0	1.0	0.0	1.0	1.0	1.0	1.0	0.0	1.0	0.0	1.0	1.0	1.0	1.0	1.0	0.0	1.0
ckb	0.0	1.0	1.0	1.0	0.7683575063330644	0.7690990303325336	1.0	0.45214900698768057	0.7690990303325336	0.4695960115558277	1.0	1.0	1.0	1.0	0.6983438190355966	1.0	1.0	1.0	1.0	0.0	1.0	1.0	0.7690990303325336	0.7720915961890814	1.0	1.0	0.7690990303325336	1.0	1.0	1.0	0.4695960115558277	1.0	1.0	0.0	1.0
da	1.0	0.5042139125013491	1.0	0.7683575063330644	1.0	0.26166335104920857	0.7603765561911925	0.28967898656994645	0.25067118239035413	0.28338911152694	0.37919699794484607	0.4186934232056961	0.4019717184517942	0.3234408666405039	0.27836382278309657	0.32190151966948855	0.3193687511335145	0.45761085701368337	0.5042139125013491	0.5660160774121898	0.5660160774121898	0.3012281507503685	0.3393831348132906	0.27619174830303755	0.5478830011824379	0.3101876545312193	0.32405107890885565	1.0	0.3705331277421513	0.3649287583728128	0.30142709443003296	1.0	0.3862986513105637	1.0	0.32282461108385596
de	1.0	1.0	1.0	0.7690990303325336	0.26166335104920857	1.0	0.3906375923192386	0.2405846766362549	0.23847825426556224	0.1951072059649577	0.4570720132790665	0.6087808957371048	0.43376339285139165	0.3560039486429036	0.26513839832881164	0.3072776840972213	0.27891255413592264	0.7455134344225701	1.0	1.0	1.0	0.25394035835121676	0.2668958237701175	0.21771239980070725	0.5144282835791508	0.29092889146085643	0.3490271949325958	1.0	0.5467909189958449	0.4121206882062907	0.29087513227513795	0.7347168825662656	0.5570463165641936	1.0	0.2808085352562425
el	1.0	1.0	1.0	1.0	0.7603765561911925	0.3906375923192386	1.0	0.45934100895466207	0.539442867444033	0.43870928185830466	1.0	1.0	0.6195691655059921	0.5801482522049282	0.43531116080545723	1.0	1.0	1.0	1.0	1.0	1.0	0.7347168825662656	0.7900608149332319	0.4269003280855848	0.7455134344225701	1.0	0.5898999125670811	1.0	1.0	1.0	0.6786291688147437	1.0	0.7584325078215763	1.0	1.0
en	1.0	1.0	1.0	0.45214900698768057	0.28967898656994645	0.2405846766362549	0.45934100895466207	1.0	0.2363191645275045	0.18437340991165066	0.3619547581029344	0.33745165468396	0.3520136555145167	0.3538443414016884	0.304480681624139	0.4162716832969091	0.43838188056943833	0.425811796265804	1.0	1.0	1.0	0.2992623911646164	0.3523573338850869	0.19768060579599026	0.2270346142260221	0.38677701890917815	0.27604972881962436	1.0	0.32429381280472436	0.4470097816688599	0.24382976129310158	0.7322034805959264	0.2776380433292036	1.0	0.41903545765463773
es	1.0	0.8216064286890065	1.0	0.7690990303325336	0.25067118239035413	0.23847825426556224	0.539442867444033	0.2363191645275045	1.0	0.1804687048043629	0.4865615516477399	0.6223041007404059	0.3455277090578315	0.3121312298213523	0.2558870004420146	0.35759883058887987	0.3747983728956546	0.6380732827477676	0.8216064286890065	1.0	1.0	0.26377007525156326	0.326544414349222	0.2250092561563642	0.2531011624456322	0.31321327174076996	0.3034358035289725	1.0	0.5016856776542774	0.40337431183073	0.29895378848954957	1.0	0.4778454990281259	1.0	0.3631121549056441
fr	1.0	0.5660160774121898	1.0	0.4695960115558277	0.28338911152694	0.1951072059649577	0.43870928185830466	0.18437340991165066	0.1804687048043629	1.0	0.5452124985441978	0.4437205990261441	0.20003579443801556	0.3053929600556155	0.22725526700159246	0.33742972913846797	0.3685054786866682	0.31537916420879825	0.5660160774121898	1.0	0.5660160774121898	0.20390101084391243	0.38147950458611873	0.19253661142450199	0.21827403847866103	0.26951593430824966	0.3344515306460524	1.0	0.4632751651141411	0.41012569927068315	0.23574340990392137	0.6248466930879271	0.40606644240420064	1.0	0.3520598714058484
he	0.0	1.0	1.0	1.0	0.37919699794484607	0.4570720132790665	1.0	0.3619547581029344	0.4865615516477399	0.5452124985441978	1.0	1.0	0.6131109307903289	0.5009328749226603	0.4642186786279696	1.0	1.0	1.0	1.0	1.0	1.0	0.6613284256191824	0.661251134120194	0.30231620353702043	0.7411828468492556	1.0	0.29439808458365	1.0	0.6869919214579513	1.0	0.4104466021350759	1.0	0.6841174893561722	1.0	1.0
hi	1.0	1.0	1.0	1.0	0.4186934232056961	0.6087808957371048	1.0	0.33745165468396	0.6223041007404059	0.4437205990261441	1.0	1.0	0.6704675947063355	0.74551343442257	0.2688298572107946	1.0	1.0	1.0	1.0	1.0	1.0	0.7455134344225701	0.6908587525207898	0.37557197667262543	1.0	1.0	0.616093974985392	1.0	0.7455134344225701	1.0	0.42995415895150885	1.0	0.7510341748895937	0.0	1.0
hu	1.0	1.0	1.0	1.0	0.4019717184517942	0.43376339285139165	0.6195691655059921	0.3520136555145167	0.3455277090578315	0.20003579443801556	0.6131109307903289	0.6704675947063355	1.0	0.425570638573242	0.3019786836174548	0.48123435338682236	0.49666222275902555	0.6524007805500078	1.0	0.8216064286890065	1.0	0.41790719116770597	0.47663699540290927	0.3227909915379625	0.28593052937648716	0.4746578603765274	0.412237048356656	1.0	0.6380732827477678	0.5301671199647059	0.3762158987024494	0.7510341748895939	0.6704675947063355	1.0	0.49666222275902555
id	1.0	1.0	1.0	1.0	0.3234408666405039	0.3560039486429036	0.5801482522049282	0.3538443414016884	0.3121312298213523	0.3053929600556155	0.5009328749226603	0.74551343442257	0.425570638573242	1.0	0.2348110974268657	0.41996421459234334	0.4231905445110666	0.7510341748895938	1.0	1.0	1.0	0.39643097668586386	0.3769038244041936	0.29212419183074667	0.432156161504431	0.44772454495665137	0.335662455014812	1.0	0.5565113470285689	0.4506305187778309	0.32898618622523707	1.0	0.5479559671571259	1.0	0.44481019646312087
it	1.0	1.0	1.0	0.6983438190355966	0.27836382278309657	0.26513839832881164	0.43531116080545723	0.304480681624139	0.2558870004420146	0.22725526700159246	0.4642186786279696	0.2688298572107946	0.3019786836174548	0.2348110974268657	1.0	0.33914605431593253	0.31238307524221165	0.37782424225101047	1.0	0.8216064286890065	0.8216064286890065	0.28811169299929135	0.3616931392060781	0.24239405868545902	0.28648885912158745	0.3299354147908289	0.2521307781394724	1.0	0.286311310528109	0.3235282083402791	0.21818806595193235	1.0	0.29488489318309535	1.0	0.3850977975399696
ja	1.0	1.0	1.0	1.0	0.32190151966948855	0.3072776840972213	1.0	0.4162716832969091	0.35759883058887987	0.33742972913846797	1.0	1.0	0.48123435338682236	0.41996421459234334	0.33914605431593253	1.0	0.7141080454298697	1.0	1.0	1.0	1.0	0.48568689567856577	0.48934649130041025	0.3296372795770678	0.5973484481370076	0.7141080454298697	0.4088873268118462	1.0	0.6613284256191824	1.0	0.3705667978545993	1.0	0.6841174893561722	1.0	1.0
ko	1.0	1.0	1.0	1.0	0.3193687511335145	0.27891255413592264	1.0	0.43838188056943833	0.3747983728956546	0.3685054786866682	1.0	1.0	0.49666222275902555	0.4231905445110666	0.31238307524221165	0.7141080454298697	1.0	1.0	1.0	1.0	1.0	0.6169864470401994	0.5193072051621894	0.35976656326391315	0.5973484481370076	1.0	0.39876026300263157	1.0	0.6613284256191824	1.0	0.3546718877452291	1.0	0.6841174893561722	1.0	0.7155258672934656
lv	1.0	1.0	1.0	1.0	0.45761085701368337	0.7455134344225701	1.0	0.425811796265804	0.6380732827477676	0.31537916420879825	1.0	1.0	0.6524007805500078	0.7510341748895938	0.37782424225101047	1.0	1.0	1.0	1.0	1.0	1.0	1.0	1.0	0.6994017365373274	0.7510341748895938	1.0	0.6427811771228706	1.0	1.0	1.0	0.4417255608795031	0.7510341748895937	1.0	1.0	1.0
mk	0.0	1.0	0.0	1.0	0.5042139125013491	1.0	1.0	1.0	0.8216064286890065	0.5660160774121898	1.0	1.0	1.0	1.0	1.0	1.0	1.0	1.0	1.0	1.0	1.0	1.0	1.0	0.8216064286890065	1.0	1.0	1.0	1.0	1.0	1.0	0.5660160774121898	1.0	1.0	0.0	1.0
ml	1.0	1.0	1.0	0.0	0.5660160774121898	1.0	1.0	1.0	1.0	1.0	1.0	1.0	0.8216064286890065	1.0	0.8216064286890065	1.0	1.0	1.0	1.0	1.0	0.0	1.0	1.0	1.0	1.0	1.0	0.8216064286890065	1.0	1.0	1.0	1.0	1.0	1.0	0.0	1.0
mr	0.0	1.0	0.0	1.0	0.5660160774121898	1.0	1.0	1.0	1.0	0.5660160774121898	1.0	1.0	1.0	1.0	0.8216064286890065	1.0	1.0	1.0	1.0	0.0	1.0	1.0	1.0	1.0	1.0	1.0	1.0	1.0	1.0	1.0	0.5660160774121898	1.0	1.0	1.0	1.0
nl	1.0	1.0	1.0	1.0	0.3012281507503685	0.25394035835121676	0.7347168825662656	0.2992623911646164	0.26377007525156326	0.20390101084391243	0.6613284256191824	0.7455134344225701	0.41790719116770597	0.39643097668586386	0.28811169299929135	0.48568689567856577	0.6169864470401994	1.0	1.0	1.0	1.0	1.0	0.33246001115128065	0.29215534367601803	0.2742537111903304	0.3718286991710915	0.35372610291710394	1.0	0.7347168825662656	0.5154861572496248	0.3232731195796009	0.7347168825662656	0.7411828468492556	1.0	0.5012111624569409
pl	1.0	1.0	1.0	0.7690990303325336	0.3393831348132906	0.2668958237701175	0.7900608149332319	0.3523573338850869	0.326544414349222	0.38147950458611873	0.661251134120194	0.6908587525207898	0.47663699540290927	0.3769038244041936	0.3616931392060781	0.48934649130041025	0.5193072051621894	1.0	1.0	1.0	1.0	0.33246001115128065	1.0	0.3091364662197392	0.5891538233691025	0.4015893250324277	0.340440660418561	1.0	0.6036930329537425	0.5569675974578341	0.372457963335014	1.0	0.6193697458754271	1.0	0.48102044305029446
pt	1.0	0.8216064286890065	1.0	0.7720915961890814	0.27619174830303755	0.21771239980070725	0.4269003280855848	0.19768060579599026	0.2250092561563642	0.19253661142450199	0.30231620353702043	0.37557197667262543	0.3227909915379625	0.29212419183074667	0.24239405868545902	0.3296372795770678	0.35976656326391315	0.6994017365373274	0.8216064286890065	1.0	1.0	0.29215534367601803	0.3091364662197392	1.0	0.37067520136076654	0.30514326037549094	0.3271001691059613	1.0	0.4553282745038998	0.367798496189534	0.31362917331507445	0.40376118441093306	0.41593936023549827	1.0	0.31159269137733064
ro	1.0	1.0	1.0	1.0	0.5478830011824379	0.5144282835791508	0.7455134344225701	0.2270346142260221	0.2531011624456322	0.21827403847866103	0.7411828468492556	1.0	0.28593052937648716	0.432156161504431	0.28648885912158745	0.5973484481370076	0.5973484481370076	0.7510341748895938	1.0	1.0	1.0	0.2742537111903304	0.5891538233691025	0.37067520136076654	1.0	0.5288971101299547	0.4992278326594886	1.0	0.7455134344225701	0.5438956863645361	0.4328449058815021	1.0	1.0	1.0	0.5438956863645361
ru	1.0	1.0	0.0	1.0	0.3101876545312193	0.29092889146085643	1.0	0.38677701890917815	0.31321327174076996	0.26951593430824966	1.0	1.0	0.4746578603765274	0.44772454495665137	0.3299354147908289	0.7141080454298697	1.0	1.0	1.0	1.0	1.0	0.3718286991710915	0.4015893250324277	0.30514326037549094	0.5288971101299547	1.0	0.34858004184781094	1.0	0.6613284256191824	1.0	0.33433414424625324	1.0	0.6841174893561722	1.0	0.7147973711694584
sh	1.0	1.0	1.0	0.7690990303325336	0.32405107890885565	0.3490271949325958	0.5898999125670811	0.27604972881962436	0.3034358035289725	0.3344515306460524	0.29439808458365	0.616093974985392	0.412237048356656	0.335662455014812	0.2521307781394724	0.4088873268118462	0.39876026300263157	0.6427811771228706	1.0	0.8216064286890065	1.0	0.35372610291710394	0.340440660418561	0.3271001691059613	0.4992278326594886	0.34858004184781094	1.0	0.5660160774121898	0.5147402505330219	0.39190012195200385	0.37462804021848883	0.4461967039345058	0.46456919575671063	1.0	0.4155315285239092
si	0.0	0.0	0.0	1.0	1.0	1.0	1.0	1.0	1.0	1.0	1.0	1.0	1.0	1.0	1.0	1.0	1.0	1.0	1.0	1.0	1.0	1.0	1.0	1.0	1.0	1.0	0.5660160774121898	1.0	1.0	1.0	1.0	1.0	1.0	1.0	1.0
simple	1.0	1.0	1.0	1.0	0.3705331277421513	0.5467909189958449	1.0	0.32429381280472436	0.5016856776542774	0.4632751651141411	0.6869919214579513	0.7455134344225701	0.6380732827477678	0.5565113470285689	0.286311310528109	0.6613284256191824	0.6613284256191824	1.0	1.0	1.0	1.0	0.7347168825662656	0.6036930329537425	0.4553282745038998	0.7455134344225701	0.6613284256191824	0.5147402505330219	1.0	1.0	0.7411828468492556	0.4502801353720834	0.41055547717987523	0.6636696887115798	1.0	0.6660746307207601
sr	1.0	1.0	1.0	1.0	0.3649287583728128	0.4121206882062907	1.0	0.4470097816688599	0.40337431183073	0.41012569927068315	1.0	1.0	0.5301671199647059	0.4506305187778309	0.3235282083402791	1.0	1.0	1.0	1.0	1.0	1.0	0.5154861572496248	0.5569675974578341	0.367798496189534	0.5438956863645361	1.0	0.39190012195200385	1.0	0.7411828468492556	1.0	0.39246903804608574	0.6786291688147437	1.0	1.0	1.0
sv	1.0	0.5660160774121898	1.0	0.4695960115558277	0.30142709443003296	0.29087513227513795	0.6786291688147437	0.24382976129310158	0.29895378848954957	0.23574340990392137	0.4104466021350759	0.42995415895150885	0.3762158987024494	0.32898618622523707	0.21818806595193235	0.3705667978545993	0.3546718877452291	0.4417255608795031	0.5660160774121898	1.0	0.5660160774121898	0.3232731195796009	0.372457963335014	0.31362917331507445	0.4328449058815021	0.33433414424625324	0.37462804021848883	1.0	0.4502801353720834	0.39246903804608574	1.0	0.6161562425375515	0.41384860438527554	1.0	0.36863838339684313
te	0.0	1.0	1.0	1.0	1.0	0.7347168825662656	1.0	0.7322034805959264	1.0	0.6248466930879271	1.0	1.0	0.7510341748895939	1.0	1.0	1.0	1.0	0.7510341748895937	1.0	1.0	1.0	0.7347168825662656	1.0	0.40376118441093306	1.0	1.0	0.4461967039345058	1.0	0.41055547717987523	0.6786291688147437	0.6161562425375515	1.0	1.0	1.0	1.0
vi	1.0	1.0	1.0	1.0	0.3862986513105637	0.5570463165641936	0.7584325078215763	0.2776380433292036	0.4778454990281259	0.40606644240420064	0.6841174893561722	0.7510341748895937	0.6704675947063355	0.5479559671571259	0.29488489318309535	0.6841174893561722	0.6841174893561722	1.0	1.0	1.0	1.0	0.7411828468492556	0.6193697458754271	0.41593936023549827	1.0	0.6841174893561722	0.46456919575671063	1.0	0.6636696887115798	1.0	0.41384860438527554	1.0	1.0	1.0	0.7411828468492556
war	0.0	0.0	0.0	0.0	1.0	1.0	1.0	1.0	1.0	1.0	1.0	0.0	1.0	1.0	1.0	1.0	1.0	1.0	0.0	0.0	1.0	1.0	1.0	1.0	1.0	1.0	1.0	1.0	1.0	1.0	1.0	1.0	1.0	1.0	0.0
zh	1.0	1.0	1.0	1.0	0.32282461108385596	0.2808085352562425	1.0	0.41903545765463773	0.3631121549056441	0.3520598714058484	1.0	1.0	0.49666222275902555	0.44481019646312087	0.3850977975399696	1.0	0.7155258672934656	1.0	1.0	1.0	1.0	0.5012111624569409	0.48102044305029446	0.31159269137733064	0.5438956863645361	0.7147973711694584	0.4155315285239092	1.0	0.6660746307207601	1.0	0.36863838339684313	1.0	0.7411828468492556	0.0	1.0
