\RequirePackage{luatex85}
\documentclass{article}
\usepackage{tikz}
\usepackage{collcell}
\usepackage[no-math]{fontspec}
\usepackage[lm]{sfmath}
 \usetikzlibrary{positioning}
\usepackage[active,tightpage]{preview}
\PreviewEnvironment{tikzpicture}
\begin{document}%\footnotesize
 
 \definecolor{SeminarRot}{rgb}{0.75,0,0}
 \definecolor{SeminarGruen}{RGB}{0,128,0}
 \definecolor{SeminarOrange}{RGB}{237,167,45} % rgb: {0.93,0.65,0.18}
  \definecolor{SeminarBlau}{RGB}{0,154,224} % rgb: {0.93,0.65,0.18} 
 \definecolor{Braun}{RGB}{140,86,75} % rgb: {0.93,0.65,0.18}   
 %%% from http://texblog.org/2013/06/13/latex-heatmap-using-tabular/
 % provide min and max numbers for coloring mixing
 \newcommand*{\MinNumber}{1.0}
 \newcommand*{\MaxNumber}{0}
 % third value comes from table entry
 
 % color mixing macro:
 \makeatletter
 \newcommand{\ApplyGradient}[1]{%
  \ifdim\dimexpr#1pt=\@ne pt%
  \pgfmathsetmacro{\PercentColor}{100.0*(#1-\MinNumber)/(\MaxNumber-\MinNumber)}
  \hspace{-0.33em}\colorbox{SeminarGruen}{}
  \else
  \pgfmathsetmacro{\PercentColor}{100.0*(#1-\MinNumber)/(\MaxNumber-\MinNumber)}
  \hspace{-0.33em}\colorbox{white!\PercentColor!SeminarGruen}{}
  \fi
 }
 \makeatother
 
 % two color mixing macro, distinguishing positive from negative number:
 % positive: green
 % negative: red
 \makeatletter
 \newcommand{\ApplyTwoGradients}[1]{%
   \ifdim\dimexpr#1pt=\thr@@ pt
   \pgfmathsetmacro{\PercentColor}{100.0*(#1-\MinNumber)/(\MaxNumber-\MinNumber)}
   \hspace{-0.33em}\colorbox{Braun}{}
   \else
	\ifdim\dimexpr#1pt=\tw@ pt
   \pgfmathsetmacro{\PercentColor}{100.0*(#1-\MinNumber)/(\MaxNumber-\MinNumber)}
   \hspace{-0.33em}\colorbox{SeminarBlau}{}
   \else
   \ifdim\dimexpr#1pt=\z@%
   \pgfmathsetmacro{\PercentColor}{100.0*(#1-\MinNumber)/(\MaxNumber-\MinNumber)}
   \hspace{-0.33em}\colorbox{white}{}
   \else
   \ifdim\dimexpr#1pt>\z@
   \pgfmathsetmacro{\PercentColor}{100.0*(#1-\MinNumber)/(\MaxNumber-\MinNumber)}
   \hspace{-0.33em}\colorbox{white!\PercentColor!SeminarGruen}{}
   \else
   \pgfmathsetmacro{\PercentColor}{100.0*(-#1-\MinNumber)/(\MaxNumber-\MinNumber)}
   \hspace{-0.33em}\colorbox{white!\PercentColor!SeminarRot}{}
   \fi\fi\fi\fi
 } \makeatother 
 % attach macro to column type:
 \newcolumntype{R}{>{\collectcell\ApplyGradient}c<{\endcollectcell}}
 \newcolumntype{T}{>{\collectcell\ApplyTwoGradients}c<{\endcollectcell}}
 
 % remove spacing in tabular:
 \renewcommand{\arraystretch}{0}
 \setlength{\tabcolsep}{0pt}
 
 % set size of color boxes
 \setlength{\fboxsep}{2.5mm}
 
 \newcommand{\mcvert}[1]{\multicolumn{1}{c}{\rotatebox{90}{\space #1}}}
 \newcommand{\mchori}[1]{\multicolumn{1}{l}{\raisebox{-4pt}{#1}\rule{1em}{0pt}}}
\newcounter{colno}
\setcounter{colno}{100}
\stepcounter{colno}

\colorlet{colorone}{SeminarGruen}
\colorlet{colortwo}{SeminarRot}

\begin{tikzpicture}
\node [inner sep=0pt] (tab) {
\begin{tabular}{rTTTTTTTTTTTTTTTTTTTTTTTTTTTTTTTTTTTT}
 &  \mcvert{arz} & \mcvert{bs} & \mcvert{ceb} & \mcvert{ckb} & \mcvert{da} & \mcvert{de} & \mcvert{el} & \mcvert{en} & \mcvert{es} & \mcvert{fr} & \mcvert{he} & \mcvert{hi} & \mcvert{hu} & \mcvert{id} & \mcvert{it} & \mcvert{ja} & \mcvert{ko} & \mcvert{lv} & \mcvert{mk} & \mcvert{ml} & \mcvert{mr} & \mcvert{nl} & \mcvert{pl} & \mcvert{pt} & \mcvert{ro} & \mcvert{ru} & \mcvert{sh} & \mcvert{si} & \mcvert{simple} & \mcvert{sr} & \mcvert{sv} & \mcvert{te} & \mcvert{tr} & \mcvert{vi} & \mcvert{war} & \mcvert{zh} \\
\mchori{arz}  &  1.02  &  1.0  &  1.0  &  1.0  &  1.0  &  1.0  &  1.0  &  1.15  &  1.04  &  1.02  &  1.0  &  1.0  &  1.0  &  1.0  &  1.02  &  1.02  &  1.02  &  1.0  &  1.02  &  1.0  &  1.0  &  1.02  &  1.0  &  1.02  &  1.0  &  1.02  &  1.02  &  0.0  &  1.0  &  1.0  &  1.0  &  1.0  &  1.02  &  1.02  &  1.0  &  1.02 \\
\mchori{bs}  &  1.0  &  2.61  &  1.19  &  1.1  &  2.48  &  2.72  &  1.13  &  1.71  &  1.53  &  1.3  &  1.31  &  1.14  &  1.3  &  1.77  &  1.76  &  1.32  &  1.32  &  1.13  &  1.1  &  1.11  &  1.05  &  1.76  &  1.76  &  1.32  &  1.35  &  1.32  &  1.1  &  1.0  &  1.65  &  1.16  &  1.76  &  1.0  &  1.65  &  1.77  &  1.08  &  1.32 \\
\mchori{ceb}  &  1.0  &  1.19  &  1.38  &  1.05  &  0.95  &  1.37  &  1.05  &  1.37  &  1.14  &  1.14  &  1.02  &  1.02  &  1.05  &  1.38  &  1.37  &  1.05  &  1.05  &  1.05  &  1.05  &  1.02  &  1.02  &  1.37  &  1.38  &  1.05  &  1.14  &  1.05  &  1.05  &  0.0  &  1.37  &  1.05  &  1.37  &  1.0  &  1.37  &  1.38  &  1.02  &  1.05 \\
\mchori{ckb}  &  1.0  &  1.1  &  1.05  &  1.13  &  1.11  &  1.27  &  1.09  &  1.15  &  1.14  &  1.13  &  1.09  &  1.07  &  1.11  &  1.17  &  1.16  &  1.13  &  1.13  &  1.11  &  1.05  &  1.07  &  1.07  &  1.16  &  1.17  &  1.13  &  1.11  &  1.11  &  1.17  &  1.0  &  1.1  &  1.2  &  1.16  &  1.05  &  1.13  &  1.11  &  1.07  &  1.13 \\
\mchori{da}  &  1.0  &  2.48  &  0.95  &  1.11  &  4.96  &  2.6  &  1.2  &  3.69  &  1.92  &  1.78  &  1.6  &  1.24  &  1.49  &  2.74  &  2.03  &  1.54  &  1.48  &  1.18  &  1.13  &  1.19  &  1.07  &  2.76  &  1.7  &  1.71  &  1.52  &  1.7  &  2.18  &  1.0  &  1.47  &  1.71  &  1.84  &  1.07  &  1.77  &  1.55  &  1.07  &  1.65 \\
\mchori{de}  &  1.0  &  2.72  &  1.37  &  1.27  &  2.6  &  6.08  &  1.4  &  5.05  &  4.08  &  3.49  &  1.9  &  1.39  &  1.92  &  2.81  &  4.01  &  2.36  &  2.04  &  1.45  &  1.16  &  1.36  &  1.1  &  3.38  &  3.57  &  3.4  &  1.92  &  2.3  &  2.04  &  1.0  &  2.75  &  2.04  &  3.75  &  1.17  &  2.96  &  3.08  &  1.07  &  2.31 \\
\mchori{el}  &  1.0  &  1.13  &  1.05  &  1.09  &  1.2  &  1.4  &  1.25  &  1.64  &  1.24  &  1.3  &  1.23  &  1.13  &  1.18  &  1.28  &  1.38  &  1.25  &  1.25  &  1.11  &  1.11  &  1.13  &  1.07  &  1.24  &  1.25  &  1.23  &  1.22  &  1.25  &  1.13  &  0.0  &  1.24  &  1.18  &  1.24  &  1.07  &  1.35  &  1.22  &  1.05  &  1.25 \\
\mchori{en}  &  1.15  &  1.71  &  1.37  &  1.15  &  3.69  &  5.05  &  1.64  &  36.31  &  5.98  &  7.09  &  2.41  &  1.48  &  2.45  &  3.64  &  6.03  &  3.83  &  2.7  &  1.58  &  1.52  &  1.32  &  1.21  &  4.9  &  4.59  &  4.47  &  2.66  &  3.72  &  3.44  &  1.0  &  2.78  &  5.39  &  4.54  &  1.37  &  3.8  &  6.83  &  1.07  &  4.0 \\
\mchori{es}  &  1.04  &  1.53  &  1.14  &  1.14  &  1.92  &  4.08  &  1.24  &  5.98  &  4.29  &  2.93  &  1.66  &  1.34  &  1.74  &  2.22  &  3.04  &  2.04  &  1.79  &  1.28  &  1.14  &  1.31  &  1.11  &  2.7  &  3.0  &  2.3  &  1.64  &  2.09  &  1.93  &  1.0  &  1.98  &  1.84  &  3.6  &  1.17  &  2.13  &  2.67  &  1.08  &  2.13 \\
\mchori{fr}  &  1.02  &  1.3  &  1.14  &  1.13  &  1.78  &  3.49  &  1.3  &  7.09  &  2.93  &  10.56  &  1.65  &  1.3  &  1.94  &  2.14  &  4.39  &  2.38  &  1.86  &  1.25  &  1.13  &  1.28  &  1.08  &  2.9  &  3.6  &  2.68  &  2.18  &  2.57  &  2.26  &  1.0  &  1.61  &  3.13  &  2.42  &  1.11  &  2.02  &  2.33  &  1.06  &  2.37 \\
\mchori{he}  &  1.0  &  1.31  &  1.02  &  1.09  &  1.6  &  1.9  &  1.23  &  2.41  &  1.66  &  1.65  &  1.56  &  1.23  &  1.31  &  1.43  &  1.75  &  1.43  &  1.38  &  1.16  &  1.11  &  1.2  &  1.07  &  1.49  &  1.62  &  1.45  &  1.34  &  1.43  &  1.3  &  1.0  &  1.29  &  1.38  &  1.58  &  1.07  &  1.48  &  1.45  &  1.07  &  1.5 \\
\mchori{hi}  &  1.0  &  1.14  &  1.02  &  1.07  &  1.24  &  1.39  &  1.13  &  1.48  &  1.34  &  1.3  &  1.23  &  1.25  &  1.18  &  1.38  &  1.63  &  1.25  &  1.25  &  1.11  &  1.07  &  1.18  &  1.07  &  1.27  &  1.37  &  1.22  &  1.24  &  1.23  &  1.2  &  1.0  &  1.19  &  1.22  &  1.48  &  1.05  &  1.38  &  1.25  &  1.07  &  1.25 \\
\mchori{hu}  &  1.0  &  1.3  &  1.05  &  1.11  &  1.49  &  1.92  &  1.18  &  2.45  &  1.74  &  1.94  &  1.31  &  1.18  &  1.63  &  1.46  &  1.93  &  1.49  &  1.43  &  1.16  &  1.13  &  1.18  &  1.09  &  1.67  &  1.81  &  1.49  &  1.33  &  1.47  &  1.33  &  1.0  &  1.36  &  1.4  &  1.76  &  1.07  &  1.48  &  1.52  &  1.07  &  1.52 \\
\mchori{id}  &  1.0  &  1.77  &  1.38  &  1.17  &  2.74  &  2.81  &  1.28  &  3.64  &  2.22  &  2.14  &  1.43  &  1.38  &  1.46  &  4.15  &  4.33  &  1.83  &  1.65  &  1.22  &  1.14  &  1.25  &  1.11  &  3.83  &  2.86  &  1.78  &  1.67  &  1.76  &  2.48  &  1.0  &  2.68  &  1.59  &  2.98  &  1.14  &  2.61  &  2.92  &  1.08  &  1.83 \\
\mchori{it}  &  1.02  &  1.76  &  1.37  &  1.16  &  2.03  &  4.01  &  1.38  &  6.03  &  3.04  &  4.39  &  1.75  &  1.63  &  1.93  &  4.33  &  11.08  &  2.42  &  2.2  &  1.24  &  1.27  &  1.5  &  1.13  &  4.48  &  3.65  &  3.1  &  2.46  &  2.54  &  2.19  &  1.0  &  2.74  &  2.53  &  3.33  &  1.12  &  3.11  &  3.54  &  1.07  &  2.6 \\
\mchori{ja}  &  1.02  &  1.32  &  1.05  &  1.13  &  1.54  &  2.36  &  1.25  &  3.83  &  2.04  &  2.38  &  1.43  &  1.25  &  1.49  &  1.83  &  2.42  &  2.26  &  1.65  &  1.18  &  1.13  &  1.23  &  1.09  &  2.04  &  2.01  &  1.84  &  1.48  &  1.81  &  1.66  &  1.0  &  1.42  &  1.8  &  1.96  &  1.11  &  1.68  &  2.14  &  1.07  &  1.9 \\
\mchori{ko}  &  1.02  &  1.32  &  1.05  &  1.13  &  1.48  &  2.04  &  1.25  &  2.7  &  1.79  &  1.86  &  1.38  &  1.25  &  1.43  &  1.65  &  2.2  &  1.65  &  1.74  &  1.2  &  1.11  &  1.2  &  1.09  &  1.73  &  1.76  &  1.74  &  1.45  &  1.63  &  1.5  &  1.0  &  1.34  &  1.5  &  1.82  &  1.11  &  1.58  &  1.89  &  1.07  &  1.7 \\
\mchori{lv}  &  1.0  &  1.13  &  1.05  &  1.11  &  1.18  &  1.45  &  1.11  &  1.58  &  1.28  &  1.25  &  1.16  &  1.11  &  1.16  &  1.22  &  1.24  &  1.18  &  1.2  &  1.2  &  1.07  &  1.09  &  1.05  &  1.24  &  1.25  &  1.2  &  1.18  &  1.2  &  1.22  &  1.0  &  1.19  &  1.22  &  1.33  &  1.02  &  1.3  &  1.2  &  1.07  &  1.18 \\
\mchori{mk}  &  1.02  &  1.1  &  1.05  &  1.05  &  1.13  &  1.16  &  1.11  &  1.52  &  1.14  &  1.13  &  1.11  &  1.07  &  1.13  &  1.14  &  1.27  &  1.13  &  1.11  &  1.07  &  1.13  &  1.07  &  1.05  &  1.16  &  1.17  &  1.13  &  1.13  &  1.13  &  1.07  &  0.0  &  1.13  &  1.13  &  1.16  &  1.02  &  1.27  &  1.17  &  1.02  &  1.13 \\
\mchori{ml}  &  1.0  &  1.11  &  1.02  &  1.07  &  1.19  &  1.36  &  1.13  &  1.32  &  1.31  &  1.28  &  1.2  &  1.18  &  1.18  &  1.25  &  1.5  &  1.23  &  1.2  &  1.09  &  1.07  &  1.23  &  1.07  &  1.24  &  1.32  &  1.18  &  1.2  &  1.2  &  1.17  &  1.0  &  1.19  &  1.2  &  1.33  &  1.05  &  1.22  &  1.23  &  1.07  &  1.2 \\
\mchori{mr}  &  1.0  &  1.05  &  1.02  &  1.07  &  1.07  &  1.1  &  1.07  &  1.21  &  1.11  &  1.08  &  1.07  &  1.07  &  1.09  &  1.11  &  1.13  &  1.09  &  1.09  &  1.05  &  1.05  &  1.07  &  1.09  &  1.2  &  1.11  &  1.09  &  1.06  &  1.07  &  1.05  &  0.0  &  1.07  &  1.09  &  1.11  &  1.05  &  1.07  &  1.08  &  1.05  &  1.09 \\
\mchori{nl}  &  1.02  &  1.76  &  1.37  &  1.16  &  2.76  &  3.38  &  1.24  &  4.9  &  2.7  &  2.9  &  1.49  &  1.27  &  1.67  &  3.83  &  4.48  &  2.04  &  1.73  &  1.24  &  1.16  &  1.24  &  1.2  &  7.05  &  3.07  &  2.17  &  1.67  &  2.11  &  1.82  &  1.0  &  2.81  &  1.8  &  3.07  &  1.13  &  2.78  &  2.94  &  1.07  &  2.09 \\
\mchori{pl}  &  1.0  &  1.76  &  1.38  &  1.17  &  1.7  &  3.57  &  1.25  &  4.59  &  3.0  &  3.6  &  1.62  &  1.37  &  1.81  &  2.86  &  3.65  &  2.01  &  1.76  &  1.25  &  1.17  &  1.32  &  1.11  &  3.07  &  5.59  &  2.13  &  1.74  &  2.15  &  1.8  &  1.0  &  2.85  &  1.83  &  3.14  &  1.17  &  2.75  &  2.89  &  1.08  &  2.15 \\
\mchori{pt}  &  1.02  &  1.32  &  1.05  &  1.13  &  1.71  &  3.4  &  1.23  &  4.47  &  2.3  &  2.68  &  1.45  &  1.22  &  1.49  &  1.78  &  3.1  &  1.84  &  1.74  &  1.2  &  1.13  &  1.18  &  1.09  &  2.17  &  2.13  &  4.44  &  1.57  &  1.94  &  1.86  &  1.0  &  1.35  &  1.92  &  2.15  &  1.11  &  1.69  &  2.15  &  1.07  &  1.98 \\
\mchori{ro}  &  1.0  &  1.35  &  1.14  &  1.11  &  1.52  &  1.92  &  1.22  &  2.66  &  1.64  &  2.18  &  1.34  &  1.24  &  1.33  &  1.67  &  2.46  &  1.48  &  1.45  &  1.18  &  1.13  &  1.2  &  1.06  &  1.67  &  1.74  &  1.57  &  1.73  &  1.57  &  1.43  &  1.0  &  1.47  &  1.65  &  1.8  &  1.07  &  1.67  &  1.88  &  1.06  &  1.51 \\
\mchori{ru}  &  1.02  &  1.32  &  1.05  &  1.11  &  1.7  &  2.3  &  1.25  &  3.72  &  2.09  &  2.57  &  1.43  &  1.23  &  1.47  &  1.76  &  2.54  &  1.81  &  1.63  &  1.2  &  1.13  &  1.2  &  1.07  &  2.11  &  2.15  &  1.94  &  1.57  &  2.48  &  1.69  &  1.0  &  1.42  &  1.74  &  1.95  &  1.09  &  1.7  &  1.69  &  1.07  &  1.88 \\
\mchori{sh}  &  1.02  &  1.1  &  1.05  &  1.17  &  2.18  &  2.04  &  1.13  &  3.44  &  1.93  &  2.26  &  1.3  &  1.2  &  1.33  &  2.48  &  2.19  &  1.66  &  1.5  &  1.22  &  1.07  &  1.17  &  1.05  &  1.82  &  1.8  &  1.86  &  1.43  &  1.69  &  3.53  &  1.0  &  1.29  &  3.4  &  1.67  &  1.05  &  1.41  &  1.89  &  1.11  &  1.71 \\
\mchori{si}  &  0.0  &  1.0  &  0.0  &  1.0  &  1.0  &  1.0  &  0.0  &  1.0  &  1.0  &  1.0  &  1.0  &  1.0  &  1.0  &  1.0  &  1.0  &  1.0  &  1.0  &  1.0  &  0.0  &  1.0  &  0.0  &  1.0  &  1.0  &  1.0  &  1.0  &  1.0  &  1.0  &  1.0  &  0.0  &  1.0  &  1.0  &  0.0  &  1.0  &  1.0  &  1.0  &  1.0 \\
\mchori{simple}  &  1.0  &  1.65  &  1.37  &  1.1  &  1.47  &  2.75  &  1.24  &  2.78  &  1.98  &  1.61  &  1.29  &  1.19  &  1.36  &  2.68  &  2.74  &  1.42  &  1.34  &  1.19  &  1.13  &  1.19  &  1.07  &  2.81  &  2.85  &  1.35  &  1.47  &  1.42  &  1.29  &  0.0  &  2.94  &  1.32  &  2.57  &  1.07  &  2.34  &  2.66  &  1.04  &  1.44 \\
\mchori{sr}  &  1.0  &  1.16  &  1.05  &  1.2  &  1.71  &  2.04  &  1.18  &  5.39  &  1.84  &  3.13  &  1.38  &  1.22  &  1.4  &  1.59  &  2.53  &  1.8  &  1.5  &  1.22  &  1.13  &  1.2  &  1.09  &  1.8  &  1.83  &  1.92  &  1.65  &  1.74  &  3.4  &  1.0  &  1.32  &  5.58  &  1.55  &  1.09  &  1.5  &  2.04  &  1.11  &  1.81 \\
\mchori{sv}  &  1.0  &  1.76  &  1.37  &  1.16  &  1.84  &  3.75  &  1.24  &  4.54  &  3.6  &  2.42  &  1.58  &  1.48  &  1.76  &  2.98  &  3.33  &  1.96  &  1.82  &  1.33  &  1.16  &  1.33  &  1.11  &  3.07  &  3.14  &  2.15  &  1.8  &  1.95  &  1.67  &  1.0  &  2.57  &  1.55  &  6.01  &  1.09  &  2.77  &  3.03  &  1.07  &  2.04 \\
\mchori{te}  &  1.0  &  1.0  &  1.0  &  1.05  &  1.07  &  1.17  &  1.07  &  1.37  &  1.17  &  1.11  &  1.07  &  1.05  &  1.07  &  1.14  &  1.12  &  1.11  &  1.11  &  1.02  &  1.02  &  1.05  &  1.05  &  1.13  &  1.17  &  1.11  &  1.07  &  1.09  &  1.05  &  0.0  &  1.07  &  1.09  &  1.09  &  1.11  &  1.09  &  1.11  &  1.0  &  1.11 \\
\mchori{tr}  &  1.02  &  1.65  &  1.37  &  1.13  &  1.77  &  2.96  &  1.35  &  3.8  &  2.13  &  2.02  &  1.48  &  1.38  &  1.48  &  2.61  &  3.11  &  1.68  &  1.58  &  1.3  &  1.27  &  1.22  &  1.07  &  2.78  &  2.75  &  1.69  &  1.67  &  1.7  &  1.41  &  1.0  &  2.34  &  1.5  &  2.77  &  1.09  &  4.0  &  2.8  &  1.07  &  1.7 \\
\mchori{vi}  &  1.02  &  1.77  &  1.38  &  1.11  &  1.55  &  3.08  &  1.22  &  6.83  &  2.67  &  2.33  &  1.45  &  1.25  &  1.52  &  2.92  &  3.54  &  2.14  &  1.89  &  1.2  &  1.17  &  1.23  &  1.08  &  2.94  &  2.89  &  2.15  &  1.88  &  1.69  &  1.89  &  1.0  &  2.66  &  2.04  &  3.03  &  1.11  &  2.8  &  6.95  &  1.08  &  2.08 \\
\mchori{war}  &  1.0  &  1.08  &  1.02  &  1.07  &  1.07  &  1.07  &  1.05  &  1.07  &  1.08  &  1.06  &  1.07  &  1.07  &  1.07  &  1.08  &  1.07  &  1.07  &  1.07  &  1.07  &  1.02  &  1.07  &  1.05  &  1.07  &  1.08  &  1.07  &  1.06  &  1.07  &  1.11  &  1.0  &  1.04  &  1.11  &  1.07  &  1.0  &  1.07  &  1.08  &  1.07  &  1.07 \\
\mchori{zh}  &  1.02  &  1.32  &  1.05  &  1.13  &  1.65  &  2.31  &  1.25  &  4.0  &  2.13  &  2.37  &  1.5  &  1.25  &  1.52  &  1.83  &  2.6  &  1.9  &  1.7  &  1.18  &  1.13  &  1.2  &  1.09  &  2.09  &  2.15  &  1.98  &  1.51  &  1.88  &  1.71  &  1.0  &  1.44  &  1.81  &  2.04  &  1.11  &  1.7  &  2.08  &  1.07  &  2.19 \\
\end{tabular}
};
\end{tikzpicture}

\end{document}
