arz	bs	ceb	ckb	da	de	el	en	es	fr	he	hi	hu	id	it	ja	ko	lv	mk	ml	mr	nl	pl	pt	ro	ru	sh	si	simple	sr	sv	te	tr	vi	war	zh
arz	1.0	1.0	1.0	1.0	1.0	1.0	1.0	1.0	1.0	1.0	1.0	1.0	1.0	1.0	1.0	1.0	1.0	1.0	1.0	1.0	1.0	1.0	1.0	1.0	1.0	1.0	1.0	0.0	1.0	1.0	1.0	1.0	1.0	1.0	1.0	1.0
bs	1.0	1.0	0.49704373835645055	0.39564392373896	0.8132452782993705	0.44753211546917104	0.39564392373896	0.3090169943749474	0.7472702456390871	0.4356120478348471	0.5	0.5	0.39564392373896	0.49704373835645055	0.49704373835645055	0.39564392373896007	0.39564392373896007	0.39564392373896007	0.39564392373896	0.5	0.5	0.49704373835645055	0.44753211546917104	0.39564392373896007	0.4356120478348471	0.39564392373896007	0.39564392373896007	1.0	0.49704373835645055	0.39564392373896007	0.49704373835645055	1.0	0.49704373835645055	0.49704373835645055	0.5	0.39564392373896007
ceb	1.0	0.49704373835645055	1.0	0.5	0.5	1.0	0.5	1.0	0.49704373835645055	0.585786437626905	0.5	0.5	0.5	1.0	1.0	0.5	0.5	0.5	0.5	0.5	0.5	1.0	1.0	0.5	0.585786437626905	0.5	0.5	0.0	1.0	0.5	1.0	1.0	1.0	1.0	0.5	0.5
ckb	1.0	0.39564392373896	0.5	1.0	0.4142135623730951	0.5	1.0	0.4142135623730951	0.39564392373896007	0.585786437626905	1.0	1.0	1.0	0.5	0.5	1.0	1.0	1.0	1.0	1.0	1.0	0.5	0.44948974278317805	1.0	0.585786437626905	1.0	1.0	1.0	0.5	1.0	0.5	1.0	0.5	0.5	1.0	1.0
da	1.0	0.8132452782993705	0.5	0.4142135623730951	1.0	0.24636823712410977	0.4142135623730951	0.22357726505936606	0.35169462133917795	0.34833147735478825	0.4142135623730951	0.5	0.34833147735478825	0.3323413442472378	0.3235962437838154	0.38742588672279304	0.4142135623730951	0.4142135623730951	0.4142135623730951	0.5	0.5	0.38742588672279304	0.27357687605772674	0.2632403810669918	0.4142135623730951	0.34833147735478825	0.3203772410170407	1.0	0.44948974278317805	0.34833147735478825	0.30850743136502556	1.0	0.44948974278317805	0.44948974278317805	0.5	0.34833147735478825
de	1.0	0.44753211546917104	1.0	0.5	0.24636823712410977	1.0	0.5	0.08567299968453848	0.2216368750839041	0.17516415882471434	0.38742588672279304	0.38742588672279304	0.3660254037844386	0.26968623182294527	0.19971470782340384	0.2612038749637414	0.28989794855663564	0.3430703308172536	0.5	0.4142135623730951	0.5	0.23853415516238527	0.19517143725617064	0.24660605559646726	0.2815429907304882	0.20342651452257512	0.4142135623730951	1.0	0.5	0.34833147735478825	0.24660605559646726	1.0	0.4142135623730951	0.39382003653058006	0.5	0.2612038749637414
el	1.0	0.39564392373896	0.5	1.0	0.4142135623730951	0.5	1.0	0.36602540378443865	0.39564392373896007	0.585786437626905	1.0	1.0	1.0	0.44948974278317805	0.44948974278317805	1.0	1.0	1.0	1.0	1.0	1.0	0.5	0.44948974278317805	1.0	0.5	1.0	1.0	0.0	0.5	1.0	0.5	1.0	0.5	0.5	1.0	1.0
en	1.0	0.3090169943749474	1.0	0.4142135623730951	0.22357726505936606	0.08567299968453848	0.36602540378443865	1.0	0.08269819799152321	0.0923626698278163	0.21393876913398135	0.2187841884486319	0.20913494992319204	0.164345253702525	0.10088463337937122	0.12077134402462537	0.14218195625986843	0.3660254037844386	0.5	0.25	0.4142135623730951	0.11612827222674214	0.14779166813443093	0.12024702897953307	0.21844649237319513	0.10886898139200682	0.1075125828632615	1.0	0.2648419946096593	0.11905475253338837	0.1482300476597494	0.5	0.25660134000585816	0.07933041662347097	0.4142135623730951	0.11866018433942889
es	1.0	0.7472702456390871	0.49704373835645055	0.39564392373896007	0.35169462133917795	0.2216368750839041	0.39564392373896007	0.08269819799152321	1.0	0.20750615102872044	0.4142135623730951	0.4142135623730951	0.34794420077497773	0.30216947925196225	0.24094979268234332	0.2553967929896867	0.32449979983983984	0.3430703308172536	0.39564392373896007	0.4142135623730951	0.5	0.28928434028552574	0.23162279569252966	0.23357439125980012	0.33300151973035974	0.2553967929896867	0.3368961277965677	1.0	0.4338726527437757	0.37101376728824	0.3416103348035155	1.0	0.3777029219404996	0.2462496136397986	0.5	0.26427884169111276
fr	1.0	0.4356120478348471	0.585786437626905	0.585786437626905	0.34833147735478825	0.17516415882471434	0.585786437626905	0.0923626698278163	0.20750615102872044	1.0	0.5	0.585786437626905	0.3333333333333333	0.26517921582035225	0.1855865750915402	0.3090169943749474	0.34833147735478825	0.44948974278317805	0.585786437626905	0.585786437626905	0.5	0.29893508442482547	0.20799159651347807	0.27378307040947303	0.38742588672279304	0.23166247903554	0.4142135623730951	1.0	0.4142135623730951	0.34833147735478825	0.20493908473003822	0.585786437626905	0.4142135623730951	0.4142135623730951	0.585786437626905	0.3203772410170407
he	1.0	0.5	0.5	1.0	0.4142135623730951	0.38742588672279304	1.0	0.21393876913398135	0.4142135623730951	0.5	1.0	1.0	0.585786437626905	0.44948974278317805	0.44948974278317805	1.0	1.0	1.0	1.0	1.0	1.0	0.5	0.4142135623730951	0.585786437626905	0.585786437626905	1.0	1.0	1.0	0.44948974278317805	1.0	0.4142135623730951	1.0	0.44948974278317805	0.44948974278317805	1.0	1.0
hi	1.0	0.5	0.5	1.0	0.5	0.38742588672279304	1.0	0.2187841884486319	0.4142135623730951	0.585786437626905	1.0	1.0	0.585786437626905	0.3090169943749474	0.4142135623730951	1.0	1.0	1.0	1.0	1.0	1.0	0.5	0.4142135623730951	0.585786437626905	0.5	1.0	1.0	1.0	0.44948974278317805	1.0	0.4142135623730951	1.0	0.44948974278317805	0.44948974278317805	1.0	1.0
hu	1.0	0.39564392373896	0.5	1.0	0.34833147735478825	0.3660254037844386	1.0	0.20913494992319204	0.34794420077497773	0.3333333333333333	0.585786437626905	0.585786437626905	1.0	0.44948974278317805	0.3660254037844386	0.5	0.585786437626905	0.585786437626905	1.0	0.585786437626905	1.0	0.34833147735478825	0.2739335927491396	0.38742588672279304	0.44948974278317805	0.5	1.0	1.0	0.5	1.0	0.38742588672279304	1.0	0.4142135623730951	0.5	1.0	0.5
id	1.0	0.49704373835645055	1.0	0.5	0.3323413442472378	0.26968623182294527	0.44948974278317805	0.164345253702525	0.30216947925196225	0.26517921582035225	0.44948974278317805	0.3090169943749474	0.44948974278317805	1.0	0.3147820524682079	0.28436465220442186	0.3090169943749474	0.5	0.5	0.44948974278317805	0.5	0.3522611003377299	0.2803667608360513	0.2765217300618435	0.3281814059316632	0.26533119314590375	0.5	1.0	0.5	0.44948974278317805	0.33738279756450107	1.0	0.4142135623730951	0.5	0.5	0.26533119314590375
it	1.0	0.49704373835645055	1.0	0.5	0.3235962437838154	0.19971470782340384	0.44948974278317805	0.10088463337937122	0.24094979268234332	0.1855865750915402	0.44948974278317805	0.4142135623730951	0.3660254037844386	0.3147820524682079	1.0	0.2612038749637415	0.3660254037844386	0.5	0.5	0.5	0.44948974278317805	0.38742588672279304	0.24209694699647807	0.24281804566287285	0.38742588672279304	0.2612038749637414	0.34146298995404	1.0	0.585786437626905	0.30169764396087756	0.3660254037844386	0.585786437626905	0.4142135623730951	0.37874419100462375	0.5	0.27429188517743175
ja	1.0	0.39564392373896007	0.5	1.0	0.38742588672279304	0.2612038749637414	1.0	0.12077134402462537	0.2553967929896867	0.3090169943749474	1.0	1.0	0.5	0.28436465220442186	0.2612038749637415	1.0	1.0	1.0	1.0	1.0	1.0	0.34833147735478825	0.2449655295864104	0.34833147735478825	0.4142135623730951	1.0	0.3090169943749474	1.0	0.44948974278317805	0.34833147735478825	0.34833147735478825	1.0	0.4142135623730951	0.44948974278317805	1.0	1.0
ko	1.0	0.39564392373896007	0.5	1.0	0.4142135623730951	0.28989794855663564	1.0	0.14218195625986843	0.32449979983983984	0.34833147735478825	1.0	1.0	0.585786437626905	0.3090169943749474	0.3660254037844386	1.0	1.0	1.0	1.0	1.0	1.0	0.4142135623730951	0.2708131845707603	0.32449979983983984	0.44948974278317805	1.0	1.0	1.0	0.44948974278317805	1.0	0.38742588672279304	1.0	0.44948974278317805	0.38742588672279304	1.0	1.0
lv	1.0	0.39564392373896007	0.5	1.0	0.4142135623730951	0.3430703308172536	1.0	0.3660254037844386	0.3430703308172536	0.44948974278317805	1.0	1.0	0.585786437626905	0.5	0.5	1.0	1.0	1.0	1.0	1.0	1.0	0.5	0.44948974278317805	0.4364916731037085	0.585786437626905	1.0	1.0	1.0	0.44948974278317805	1.0	0.4142135623730951	1.0	0.44948974278317805	0.44948974278317805	1.0	1.0
mk	1.0	0.39564392373896	0.5	1.0	0.4142135623730951	0.5	1.0	0.5	0.39564392373896007	0.585786437626905	1.0	1.0	1.0	0.5	0.5	1.0	1.0	1.0	1.0	1.0	1.0	0.5	0.5	1.0	0.585786437626905	1.0	1.0	0.0	0.5	1.0	0.5	1.0	0.5	0.5	1.0	1.0
ml	1.0	0.5	0.5	1.0	0.5	0.4142135623730951	1.0	0.25	0.4142135623730951	0.585786437626905	1.0	1.0	0.585786437626905	0.44948974278317805	0.5	1.0	1.0	1.0	1.0	1.0	1.0	0.5	0.4142135623730951	0.585786437626905	0.585786437626905	1.0	1.0	1.0	0.44948974278317805	1.0	0.4142135623730951	1.0	0.44948974278317805	0.44948974278317805	1.0	1.0
mr	1.0	0.5	0.5	1.0	0.5	0.5	1.0	0.4142135623730951	0.5	0.5	1.0	1.0	1.0	0.5	0.44948974278317805	1.0	1.0	1.0	1.0	1.0	1.0	0.4142135623730951	0.5	1.0	0.585786437626905	1.0	1.0	0.0	0.5	1.0	0.44948974278317805	1.0	0.5	0.5	1.0	1.0
nl	1.0	0.49704373835645055	1.0	0.5	0.38742588672279304	0.23853415516238527	0.5	0.11612827222674214	0.28928434028552574	0.29893508442482547	0.5	0.5	0.34833147735478825	0.3522611003377299	0.38742588672279304	0.34833147735478825	0.4142135623730951	0.5	0.5	0.5	0.4142135623730951	1.0	0.25210727665007965	0.2987074021818656	0.5	0.38742588672279304	0.4142135623730951	1.0	0.5	0.2898979485566356	0.4142135623730951	0.5	0.5	0.4142135623730951	0.5	0.34833147735478825
pl	1.0	0.44753211546917104	1.0	0.44948974278317805	0.27357687605772674	0.19517143725617064	0.44948974278317805	0.14779166813443093	0.23162279569252966	0.20799159651347807	0.4142135623730951	0.4142135623730951	0.2739335927491396	0.2803667608360513	0.24209694699647807	0.2449655295864104	0.2708131845707603	0.44948974278317805	0.5	0.4142135623730951	0.5	0.25210727665007965	1.0	0.2204812092115424	0.27755172536235034	0.23800671553691075	0.32881309020609956	1.0	0.585786437626905	0.31264808514230086	0.24489392441760677	1.0	0.27357687605772674	0.28489365173074455	0.5	0.2449655295864104
pt	1.0	0.39564392373896007	0.5	1.0	0.2632403810669918	0.24660605559646726	1.0	0.12024702897953307	0.23357439125980012	0.27378307040947303	0.585786437626905	0.585786437626905	0.38742588672279304	0.2765217300618435	0.24281804566287285	0.34833147735478825	0.32449979983983984	0.4364916731037085	1.0	0.585786437626905	1.0	0.2987074021818656	0.2204812092115424	1.0	0.3597752501562547	0.2958163163244893	0.38742588672279304	1.0	0.38742588672279304	0.3660254037844386	0.30850743136502556	1.0	0.38742588672279304	0.38742588672279304	1.0	0.3203772410170407
ro	1.0	0.4356120478348471	0.585786437626905	0.585786437626905	0.4142135623730951	0.2815429907304882	0.5	0.21844649237319513	0.33300151973035974	0.38742588672279304	0.585786437626905	0.5	0.44948974278317805	0.3281814059316632	0.38742588672279304	0.4142135623730951	0.44948974278317805	0.585786437626905	0.585786437626905	0.585786437626905	0.585786437626905	0.5	0.27755172536235034	0.3597752501562547	1.0	0.44948974278317805	0.44948974278317805	1.0	0.5	0.44948974278317805	0.34794420077497773	1.0	0.44948974278317805	0.4142135623730951	0.585786437626905	0.4142135623730951
ru	1.0	0.39564392373896007	0.5	1.0	0.34833147735478825	0.20342651452257512	1.0	0.10886898139200682	0.2553967929896867	0.23166247903554	1.0	1.0	0.5	0.26533119314590375	0.2612038749637414	1.0	1.0	1.0	1.0	1.0	1.0	0.38742588672279304	0.23800671553691075	0.2958163163244893	0.44948974278317805	1.0	0.34833147735478825	1.0	0.44948974278317805	0.38742588672279304	0.2958163163244893	1.0	0.38742588672279304	0.44948974278317805	1.0	1.0
sh	1.0	0.39564392373896007	0.5	1.0	0.3203772410170407	0.4142135623730951	1.0	0.1075125828632615	0.3368961277965677	0.4142135623730951	1.0	1.0	1.0	0.5	0.34146298995404	0.3090169943749474	1.0	1.0	1.0	1.0	1.0	0.4142135623730951	0.32881309020609956	0.38742588672279304	0.44948974278317805	0.34833147735478825	1.0	1.0	0.5	0.3203772410170407	0.4142135623730951	1.0	0.4142135623730951	0.5	1.0	0.34833147735478825
si	0.0	1.0	0.0	1.0	1.0	1.0	0.0	1.0	1.0	1.0	1.0	1.0	1.0	1.0	1.0	1.0	1.0	1.0	0.0	1.0	0.0	1.0	1.0	1.0	1.0	1.0	1.0	1.0	0.0	1.0	1.0	0.0	1.0	1.0	1.0	1.0
simple	1.0	0.49704373835645055	1.0	0.5	0.44948974278317805	0.5	0.5	0.2648419946096593	0.4338726527437757	0.4142135623730951	0.44948974278317805	0.44948974278317805	0.5	0.5	0.585786437626905	0.44948974278317805	0.44948974278317805	0.44948974278317805	0.5	0.44948974278317805	0.5	0.5	0.585786437626905	0.38742588672279304	0.5	0.44948974278317805	0.5	0.0	1.0	0.5	0.585786437626905	1.0	0.5	1.0	0.5	0.44948974278317805
sr	1.0	0.39564392373896007	0.5	1.0	0.34833147735478825	0.34833147735478825	1.0	0.11905475253338837	0.37101376728824	0.34833147735478825	1.0	1.0	1.0	0.44948974278317805	0.30169764396087756	0.34833147735478825	1.0	1.0	1.0	1.0	1.0	0.2898979485566356	0.31264808514230086	0.3660254037844386	0.44948974278317805	0.38742588672279304	0.3203772410170407	1.0	0.5	1.0	0.4142135623730951	1.0	0.44948974278317805	0.5	1.0	0.38742588672279304
sv	1.0	0.49704373835645055	1.0	0.5	0.30850743136502556	0.24660605559646726	0.5	0.1482300476597494	0.3416103348035155	0.20493908473003822	0.4142135623730951	0.4142135623730951	0.38742588672279304	0.33738279756450107	0.3660254037844386	0.34833147735478825	0.38742588672279304	0.4142135623730951	0.5	0.4142135623730951	0.44948974278317805	0.4142135623730951	0.24489392441760677	0.30850743136502556	0.34794420077497773	0.2958163163244893	0.4142135623730951	1.0	0.585786437626905	0.4142135623730951	1.0	0.585786437626905	0.585786437626905	0.585786437626905	0.5	0.3660254037844386
te	1.0	1.0	1.0	1.0	1.0	1.0	1.0	0.5	1.0	0.585786437626905	1.0	1.0	1.0	1.0	0.585786437626905	1.0	1.0	1.0	1.0	1.0	1.0	0.5	1.0	1.0	1.0	1.0	1.0	0.0	1.0	1.0	0.585786437626905	1.0	1.0	1.0	1.0	1.0
tr	1.0	0.49704373835645055	1.0	0.5	0.44948974278317805	0.4142135623730951	0.5	0.25660134000585816	0.3777029219404996	0.4142135623730951	0.44948974278317805	0.44948974278317805	0.4142135623730951	0.4142135623730951	0.4142135623730951	0.4142135623730951	0.44948974278317805	0.44948974278317805	0.5	0.44948974278317805	0.5	0.5	0.27357687605772674	0.38742588672279304	0.44948974278317805	0.38742588672279304	0.4142135623730951	1.0	0.5	0.44948974278317805	0.585786437626905	1.0	1.0	0.5	0.5	0.4142135623730951
vi	1.0	0.49704373835645055	1.0	0.5	0.44948974278317805	0.39382003653058006	0.5	0.07933041662347097	0.2462496136397986	0.4142135623730951	0.44948974278317805	0.44948974278317805	0.5	0.5	0.37874419100462375	0.44948974278317805	0.38742588672279304	0.44948974278317805	0.5	0.44948974278317805	0.5	0.4142135623730951	0.28489365173074455	0.38742588672279304	0.4142135623730951	0.44948974278317805	0.5	1.0	1.0	0.5	0.585786437626905	1.0	0.5	1.0	0.5	0.38742588672279304
war	1.0	0.5	0.5	1.0	0.5	0.5	1.0	0.4142135623730951	0.5	0.585786437626905	1.0	1.0	1.0	0.5	0.5	1.0	1.0	1.0	1.0	1.0	1.0	0.5	0.5	1.0	0.585786437626905	1.0	1.0	1.0	0.5	1.0	0.5	1.0	0.5	0.5	1.0	1.0
zh	1.0	0.39564392373896007	0.5	1.0	0.34833147735478825	0.2612038749637414	1.0	0.11866018433942889	0.26427884169111276	0.3203772410170407	1.0	1.0	0.5	0.26533119314590375	0.27429188517743175	1.0	1.0	1.0	1.0	1.0	1.0	0.34833147735478825	0.2449655295864104	0.3203772410170407	0.4142135623730951	1.0	0.34833147735478825	1.0	0.44948974278317805	0.38742588672279304	0.3660254037844386	1.0	0.4142135623730951	0.38742588672279304	1.0	1.0
