arz	bs	ceb	ckb	da	de	el	en	es	fr	he	hi	hu	id	it	ja	ko	lv	mk	ml	mr	nl	pl	pt	ro	ru	sh	si	simple	sr	sv	te	tr	vi	war	zh
arz	1.0	0.585786437626905	0.0	1.0	0.585786437626905	0.585786437626905	1.0	1.0	1.0	1.0	1.0	1.0	1.0	1.0	1.0	1.0	1.0	1.0	1.0	1.0	1.0	1.0	1.0	1.0	1.0	1.0	1.0	1.0	1.0	1.0	1.0	1.0	1.0	1.0	1.0	1.0
bs	0.585786437626905	1.0	1.0	0.4364916731037085	0.49851311685382416	0.28172904669025317	0.4364916731037085	0.2989350844248255	0.2989350844248255	0.2989350844248255	0.35388936786452296	0.4364916731037085	0.35388936786452296	0.28172904669025317	0.28989794855663564	0.2989350844248255	0.2989350844248255	0.4364916731037085	0.4364916731037085	0.4364916731037085	0.585786437626905	0.28989794855663564	0.2989350844248255	0.28989794855663564	0.4364916731037085	0.2989350844248255	0.2778898392785484	1.0	0.353889367864523	0.4364916731037085	0.27195617308673004	0.585786437626905	0.4364916731037085	0.2989350844248255	0.40453726661826384	0.2989350844248255
ceb	0.0	1.0	1.0	0.0	1.0	1.0	0.0	1.0	1.0	1.0	1.0	1.0	1.0	1.0	1.0	1.0	1.0	1.0	1.0	1.0	0.0	1.0	1.0	1.0	1.0	1.0	1.0	1.0	1.0	1.0	1.0	0.0	-1.0	1.0	1.0	1.0
ckb	1.0	0.4364916731037085	0.0	1.0	0.5	0.585786437626905	1.0	0.585786437626905	1.0	1.0	1.0	1.0	1.0	0.4364916731037085	0.585786437626905	1.0	1.0	1.0	1.0	1.0	1.0	0.585786437626905	1.0	0.585786437626905	1.0	1.0	0.28172904669025317	1.0	0.5	0.585786437626905	0.4364916731037085	1.0	0.585786437626905	1.0	0.585786437626905	1.0
da	0.585786437626905	0.49851311685382416	1.0	0.5	1.0	0.38742588672279304	0.585786437626905	0.4142135623730951	0.4142135623730951	0.44948974278317805	0.44948974278317805	0.5	0.5	0.5	0.4142135623730951	0.44948974278317805	0.44948974278317805	0.585786437626905	0.585786437626905	0.585786437626905	0.585786437626905	0.3660254037844386	0.4142135623730951	0.38742588672279304	0.585786437626905	0.44948974278317805	0.3380788308512194	1.0	0.5	0.44948974278317805	0.3797958971132712	0.585786437626905	0.585786437626905	0.5	0.5	0.5
de	0.585786437626905	0.28172904669025317	1.0	0.585786437626905	0.38742588672279304	1.0	0.585786437626905	0.11497686110163649	0.17176743283130236	0.15288747713394032	0.2225758785102318	0.44948974278317805	0.3090169943749474	0.260205226099576	0.11364042909885565	0.18200213598171075	0.2402530733520421	0.585786437626905	0.585786437626905	0.585786437626905	0.585786437626905	0.13498322583291736	0.19627941751309086	0.16422507068272246	0.44948974278317805	0.18054705546755545	0.27429188517743175	1.0	0.29429805508554946	0.4142135623730951	0.2193450929151803	0.585786437626905	0.3534797987848214	0.3430703308172536	0.5	0.18054705546755545
el	1.0	0.4364916731037085	0.0	1.0	0.585786437626905	0.585786437626905	1.0	1.0	0.585786437626905	1.0	1.0	1.0	1.0	0.585786437626905	0.585786437626905	1.0	1.0	1.0	1.0	1.0	1.0	1.0	0.585786437626905	0.585786437626905	1.0	1.0	0.39564392373896007	1.0	0.585786437626905	0.585786437626905	0.44948974278317805	1.0	0.585786437626905	1.0	0.585786437626905	1.0
en	1.0	0.2989350844248255	1.0	0.585786437626905	0.4142135623730951	0.11497686110163649	1.0	1.0	0.1842890256508746	0.14229378603797288	0.36602540378443865	0.5	0.4142135623730951	0.27792629762666365	0.09294016602622353	0.24336073281110826	0.25728427444747215	1.0	1.0	1.0	1.0	0.11417553946020147	0.2193450929151803	0.2008390199171533	0.5	0.1918253663634734	0.28172904669025317	1.0	0.31451985913875646	0.44948974278317805	0.25355482027512377	1.0	0.32449979983983984	0.585786437626905	0.585786437626905	0.23371479611805132
es	1.0	0.2989350844248255	1.0	1.0	0.4142135623730951	0.17176743283130236	0.585786437626905	0.1842890256508746	1.0	0.24496552958641035	0.44948974278317805	1.0	0.38742588672279304	0.5	0.1879524791852023	0.4142135623730951	0.32449979983983984	1.0	1.0	1.0	1.0	0.16164173714115737	0.38742588672279304	0.21991074322003976	0.5	0.32449979983983984	0.28172904669025317	1.0	0.5	0.5	0.23441237831492112	1.0	0.3483314773547883	0.585786437626905	0.585786437626905	0.36602540378443865
fr	1.0	0.2989350844248255	1.0	1.0	0.44948974278317805	0.15288747713394032	1.0	0.14229378603797288	0.24496552958641035	1.0	0.36602540378443865	1.0	0.3660254037844386	0.2486238346440373	0.12964075914590695	0.38742588672279304	0.3333333333333333	1.0	1.0	1.0	1.0	0.1765633506768389	0.28989794855663564	0.1907435698305462	0.5	0.2958163163244893	0.28172904669025317	1.0	0.30383243470068705	0.5	0.2240092377397959	1.0	0.3288130902060995	0.585786437626905	0.585786437626905	0.2958163163244893
he	1.0	0.35388936786452296	1.0	1.0	0.44948974278317805	0.2225758785102318	1.0	0.36602540378443865	0.44948974278317805	0.36602540378443865	1.0	1.0	0.5	0.44948974278317805	0.30216947925196225	1.0	1.0	1.0	1.0	1.0	1.0	0.24399845080999227	0.5	0.3090169943749474	1.0	1.0	0.39564392373896007	1.0	1.0	1.0	0.4142135623730951	1.0	1.0	1.0	0.585786437626905	1.0
hi	1.0	0.4364916731037085	1.0	1.0	0.5	0.44948974278317805	1.0	0.5	1.0	1.0	1.0	1.0	1.0	0.4364916731037085	0.5	1.0	1.0	1.0	1.0	1.0	1.0	0.39564392373896007	1.0	0.5	0.585786437626905	1.0	0.353889367864523	1.0	0.4364916731037085	0.585786437626905	0.4364916731037085	1.0	0.5	1.0	0.585786437626905	1.0
hu	1.0	0.35388936786452296	1.0	1.0	0.5	0.3090169943749474	1.0	0.4142135623730951	0.38742588672279304	0.3660254037844386	0.5	1.0	1.0	0.3726822671238253	0.3333333333333333	0.5	0.5	1.0	1.0	1.0	1.0	0.26968623182294527	0.4142135623730951	0.27792629762666365	1.0	0.5	0.39564392373896007	1.0	0.4364916731037085	0.585786437626905	0.5	1.0	0.5	1.0	0.585786437626905	0.5
id	1.0	0.28172904669025317	1.0	0.4364916731037085	0.5	0.260205226099576	0.585786437626905	0.27792629762666365	0.5	0.2486238346440373	0.44948974278317805	0.4364916731037085	0.3726822671238253	1.0	0.24994197236159135	0.29429805508554946	0.3266316347104093	0.585786437626905	0.585786437626905	1.0	1.0	0.2674007764347822	0.2583541874141447	0.25104895924496956	0.4364916731037085	0.3430703308172536	0.30901699437494745	1.0	0.44948974278317805	0.40453726661826384	0.26525402338150106	1.0	0.3950325357559503	0.39564392373896007	0.585786437626905	0.3430703308172536
it	1.0	0.28989794855663564	1.0	0.585786437626905	0.4142135623730951	0.11364042909885565	0.585786437626905	0.09294016602622353	0.1879524791852023	0.12964075914590695	0.30216947925196225	0.5	0.3333333333333333	0.24994197236159135	1.0	0.18200213598171075	0.2	0.585786437626905	0.585786437626905	0.585786437626905	1.0	0.16457815064019465	0.21498516621900873	0.15627261082334762	0.5	0.15196232212914323	0.3380788308512194	0.585786437626905	0.4485068563421602	0.4142135623730951	0.2240092377397959	1.0	0.2742918851774318	0.585786437626905	0.5	0.2372732414640341
ja	1.0	0.2989350844248255	1.0	1.0	0.44948974278317805	0.18200213598171075	1.0	0.24336073281110826	0.4142135623730951	0.38742588672279304	1.0	1.0	0.5	0.29429805508554946	0.18200213598171075	1.0	1.0	1.0	1.0	1.0	1.0	0.23166247903554	0.3090169943749474	0.2612038749637414	0.5	1.0	0.28172904669025317	1.0	0.31451985913875646	0.5	0.28436465220442186	1.0	0.3430703308172536	1.0	0.585786437626905	1.0
ko	1.0	0.2989350844248255	1.0	1.0	0.44948974278317805	0.2402530733520421	1.0	0.25728427444747215	0.32449979983983984	0.3333333333333333	1.0	1.0	0.5	0.3266316347104093	0.2	1.0	1.0	1.0	1.0	1.0	1.0	0.22901628833426058	0.3430703308172536	0.29429805508554946	0.5	1.0	0.28172904669025317	1.0	0.31451985913875646	0.5	0.36602540378443865	1.0	0.44948974278317805	1.0	0.585786437626905	1.0
lv	1.0	0.4364916731037085	1.0	1.0	0.585786437626905	0.585786437626905	1.0	1.0	1.0	1.0	1.0	1.0	1.0	0.585786437626905	0.585786437626905	1.0	1.0	1.0	1.0	1.0	1.0	1.0	1.0	0.5	1.0	1.0	0.39564392373896007	1.0	0.585786437626905	0.585786437626905	0.585786437626905	1.0	0.585786437626905	1.0	0.585786437626905	1.0
mk	1.0	0.4364916731037085	1.0	1.0	0.585786437626905	0.585786437626905	1.0	1.0	1.0	1.0	1.0	1.0	1.0	0.585786437626905	0.585786437626905	1.0	1.0	1.0	1.0	1.0	1.0	1.0	1.0	0.44948974278317805	1.0	1.0	0.39564392373896007	1.0	0.585786437626905	0.585786437626905	0.585786437626905	1.0	0.585786437626905	1.0	0.585786437626905	1.0
ml	1.0	0.4364916731037085	1.0	1.0	0.585786437626905	0.585786437626905	1.0	1.0	1.0	1.0	1.0	1.0	1.0	1.0	0.585786437626905	1.0	1.0	1.0	1.0	1.0	1.0	1.0	1.0	0.585786437626905	1.0	1.0	0.39564392373896007	1.0	1.0	1.0	0.585786437626905	1.0	1.0	1.0	0.585786437626905	1.0
mr	1.0	0.585786437626905	0.0	1.0	0.585786437626905	0.585786437626905	1.0	1.0	1.0	1.0	1.0	1.0	1.0	1.0	1.0	1.0	1.0	1.0	1.0	1.0	1.0	1.0	1.0	1.0	1.0	1.0	1.0	1.0	1.0	1.0	1.0	1.0	1.0	1.0	0.585786437626905	1.0
nl	1.0	0.28989794855663564	1.0	0.585786437626905	0.3660254037844386	0.13498322583291736	1.0	0.11417553946020147	0.16164173714115737	0.1765633506768389	0.24399845080999227	0.39564392373896007	0.26968623182294527	0.2674007764347822	0.16457815064019465	0.23166247903554	0.22901628833426058	1.0	1.0	1.0	1.0	1.0	0.25355482027512377	0.17331935664757372	0.44948974278317805	0.1907435698305462	0.28172904669025317	1.0	0.29429805508554946	0.44948974278317805	0.27429188517743175	1.0	0.38742588672279304	0.3164309725825328	0.585786437626905	0.22901628833426058
pl	1.0	0.2989350844248255	1.0	1.0	0.4142135623730951	0.19627941751309086	0.585786437626905	0.2193450929151803	0.38742588672279304	0.28989794855663564	0.5	1.0	0.4142135623730951	0.2583541874141447	0.21498516621900873	0.3090169943749474	0.3430703308172536	1.0	1.0	1.0	1.0	0.25355482027512377	1.0	0.2674788903885893	0.5	0.3430703308172536	0.353889367864523	1.0	0.40453726661826384	0.4142135623730951	0.2791745113185196	1.0	0.44948974278317805	0.585786437626905	0.585786437626905	0.36602540378443865
pt	1.0	0.28989794855663564	1.0	0.585786437626905	0.38742588672279304	0.16422507068272246	0.585786437626905	0.2008390199171533	0.21991074322003976	0.1907435698305462	0.3090169943749474	0.5	0.27792629762666365	0.25104895924496956	0.15627261082334762	0.2612038749637414	0.29429805508554946	0.5	0.44948974278317805	0.585786437626905	1.0	0.17331935664757372	0.2674788903885893	1.0	0.4142135623730951	0.28172904669025317	0.27429188517743175	0.585786437626905	0.25	0.28989794855663564	0.2187841884486319	1.0	0.30552726787943424	0.4142135623730951	0.585786437626905	0.26427884169111276
ro	1.0	0.4364916731037085	1.0	1.0	0.585786437626905	0.44948974278317805	1.0	0.5	0.5	0.5	1.0	0.585786437626905	1.0	0.4364916731037085	0.5	0.5	0.5	1.0	1.0	1.0	1.0	0.44948974278317805	0.5	0.4142135623730951	1.0	0.585786437626905	0.28172904669025317	1.0	0.5	0.585786437626905	0.3797958971132712	1.0	0.585786437626905	1.0	0.585786437626905	0.5
ru	1.0	0.2989350844248255	1.0	1.0	0.44948974278317805	0.18054705546755545	1.0	0.1918253663634734	0.32449979983983984	0.2958163163244893	1.0	1.0	0.5	0.3430703308172536	0.15196232212914323	1.0	1.0	1.0	1.0	1.0	1.0	0.1907435698305462	0.3430703308172536	0.28172904669025317	0.585786437626905	1.0	0.353889367864523	1.0	0.4364916731037085	0.5	0.2843646522044218	1.0	0.3430703308172536	1.0	0.585786437626905	1.0
sh	1.0	0.2778898392785484	1.0	0.28172904669025317	0.3380788308512194	0.27429188517743175	0.39564392373896007	0.28172904669025317	0.28172904669025317	0.28172904669025317	0.39564392373896007	0.353889367864523	0.39564392373896007	0.30901699437494745	0.3380788308512194	0.28172904669025317	0.28172904669025317	0.39564392373896007	0.39564392373896007	0.39564392373896007	1.0	0.28172904669025317	0.353889367864523	0.27429188517743175	0.28172904669025317	0.353889367864523	1.0	0.585786437626905	0.28989794855663564	0.3380788308512194	0.2942537641146363	1.0	0.27429188517743175	0.28172904669025317	0.5	0.28172904669025317
si	1.0	1.0	1.0	1.0	1.0	1.0	1.0	1.0	1.0	1.0	1.0	1.0	1.0	1.0	0.585786437626905	1.0	1.0	1.0	1.0	1.0	1.0	1.0	1.0	0.585786437626905	1.0	1.0	0.585786437626905	1.0	1.0	1.0	0.585786437626905	1.0	1.0	1.0	1.0	1.0
simple	1.0	0.353889367864523	1.0	0.5	0.5	0.29429805508554946	0.585786437626905	0.31451985913875646	0.5	0.30383243470068705	1.0	0.4364916731037085	0.4364916731037085	0.44948974278317805	0.4485068563421602	0.31451985913875646	0.31451985913875646	0.585786437626905	0.585786437626905	1.0	1.0	0.29429805508554946	0.40453726661826384	0.25	0.5	0.4364916731037085	0.28989794855663564	1.0	1.0	0.40453726661826384	0.353889367864523	1.0	0.3726822671238253	0.5	0.585786437626905	0.31451985913875646
sr	1.0	0.4364916731037085	1.0	0.585786437626905	0.44948974278317805	0.4142135623730951	0.585786437626905	0.44948974278317805	0.5	0.5	1.0	0.585786437626905	0.585786437626905	0.40453726661826384	0.4142135623730951	0.5	0.5	0.585786437626905	0.585786437626905	1.0	1.0	0.44948974278317805	0.4142135623730951	0.28989794855663564	0.585786437626905	0.5	0.3380788308512194	1.0	0.40453726661826384	1.0	0.35388936786452296	1.0	0.44948974278317805	0.585786437626905	0.585786437626905	0.5
sv	1.0	0.27195617308673004	1.0	0.4364916731037085	0.3797958971132712	0.2193450929151803	0.44948974278317805	0.25355482027512377	0.23441237831492112	0.2240092377397959	0.4142135623730951	0.4364916731037085	0.5	0.26525402338150106	0.2240092377397959	0.28436465220442186	0.36602540378443865	0.585786437626905	0.585786437626905	0.585786437626905	1.0	0.27429188517743175	0.2791745113185196	0.2187841884486319	0.3797958971132712	0.2843646522044218	0.2942537641146363	0.585786437626905	0.353889367864523	0.35388936786452296	1.0	1.0	0.28989794855663564	0.3797958971132712	0.585786437626905	0.28989794855663564
te	1.0	0.585786437626905	0.0	1.0	0.585786437626905	0.585786437626905	1.0	1.0	1.0	1.0	1.0	1.0	1.0	1.0	1.0	1.0	1.0	1.0	1.0	1.0	1.0	1.0	1.0	1.0	1.0	1.0	1.0	1.0	1.0	1.0	1.0	1.0	1.0	1.0	1.0	1.0
tr	1.0	0.4364916731037085	-1.0	0.585786437626905	0.585786437626905	0.3534797987848214	0.585786437626905	0.32449979983983984	0.3483314773547883	0.3288130902060995	1.0	0.5	0.5	0.3950325357559503	0.2742918851774318	0.3430703308172536	0.44948974278317805	0.585786437626905	0.585786437626905	1.0	1.0	0.38742588672279304	0.44948974278317805	0.30552726787943424	0.585786437626905	0.3430703308172536	0.27429188517743175	1.0	0.3726822671238253	0.44948974278317805	0.28989794855663564	1.0	1.0	0.585786437626905	0.585786437626905	0.32449979983983984
vi	1.0	0.2989350844248255	1.0	1.0	0.5	0.3430703308172536	1.0	0.585786437626905	0.585786437626905	0.585786437626905	1.0	1.0	1.0	0.39564392373896007	0.585786437626905	1.0	1.0	1.0	1.0	1.0	1.0	0.3164309725825328	0.585786437626905	0.4142135623730951	1.0	1.0	0.28172904669025317	1.0	0.5	0.585786437626905	0.3797958971132712	1.0	0.585786437626905	1.0	0.585786437626905	1.0
war	1.0	0.40453726661826384	1.0	0.585786437626905	0.5	0.5	0.585786437626905	0.585786437626905	0.585786437626905	0.585786437626905	0.585786437626905	0.585786437626905	0.585786437626905	0.585786437626905	0.5	0.585786437626905	0.585786437626905	0.585786437626905	0.585786437626905	0.585786437626905	0.585786437626905	0.585786437626905	0.585786437626905	0.585786437626905	0.585786437626905	0.585786437626905	0.5	1.0	0.585786437626905	0.585786437626905	0.585786437626905	1.0	0.585786437626905	0.585786437626905	1.0	0.585786437626905
zh	1.0	0.2989350844248255	1.0	1.0	0.5	0.18054705546755545	1.0	0.23371479611805132	0.36602540378443865	0.2958163163244893	1.0	1.0	0.5	0.3430703308172536	0.2372732414640341	1.0	1.0	1.0	1.0	1.0	1.0	0.22901628833426058	0.36602540378443865	0.26427884169111276	0.5	1.0	0.28172904669025317	1.0	0.31451985913875646	0.5	0.28989794855663564	1.0	0.32449979983983984	1.0	0.585786437626905	1.0
