arz	bs	ceb	ckb	da	de	el	en	es	fr	he	hi	hu	id	it	ja	ko	lv	mk	ml	mr	nl	pl	pt	ro	ru	sh	si	simple	sr	sv	te	vi	war	zh
arz	1.0	0.5113636363636364	0.6666666666666666	0.5333333333333333	0.5108713988943033	0.5059793086401092	0.5146341463414634	0.5048408655433084	0.5044483985765125	0.5064568563950955	0.5147058823529412	0.525	0.5077519379844961	0.5166301986526441	0.5048803038678223	0.507908611599297	0.5098039215686274	0.5182481751824817	0.5333333333333333	0.5348837209302326	0.5384615384615384	0.5040871934604905	0.5064377682403434	0.5083986562150056	0.5088423735909573	0.5073746312684366	0.5333333333333333	0.7017543859649122	0.5242718446601942	0.5098039215686274	0.5093945720250522	0.5	0.5115606936416185	0.7289719626168224	0.5088235294117647
bs	0.5113636363636364	1.0	0.5	0.5166732974592932	0.5875950913432173	0.5389052237462689	0.5752893335658403	0.5211294705197339	0.5284756401322689	0.5329455788121072	0.6047505245378408	0.5103182273768614	0.5614109404021311	0.6288605736458497	0.5346819049176379	0.5541605756269815	0.553490476922739	0.6620769413753487	0.5490534669925683	0.5135641823820398	0.5235790467922943	0.5306619424844479	0.547637994038898	0.5323874321956872	0.5509012769890175	0.5496530780815304	0.528092560958331	0.528	0.5517911259616132	0.6434585163676488	0.5682239997349376	0.5	0.542995051512939	0.546218487394958	0.5491330296266278
ceb	0.6666666666666666	0.5	1.0	0.6666666666666666	0.501577287066246	0.5010162601626017	0.671875	0.5006802721088436	0.500965250965251	0.5009487666034156	0.6706231454005934	0.6724890829694323	0.5029940119760479	0.501358695652174	0.5009784735812133	0.6695652173913044	0.6696935300794551	0.5029940119760479	0.6707692307692308	0.6666666666666666	0.6832298136645962	0.5015673981191223	0.5013020833333334	0.5011961722488038	0.5029761904761905	0.6680919294494923	0.5020661157024793	0.6666666666666666	0.5053763440860215	0.5007923930269413	0.5018587360594796	0.6666666666666666	0.6711864406779662	0.6666666666666666	0.6697459584295612
ckb	0.5333333333333333	0.5166732974592932	0.6666666666666666	1.0	0.5082508250825083	0.5033185840707964	0.5076530612244897	0.5018270401948843	0.5027173913043478	0.5032946543383131	0.5099601593625498	0.5625	0.5050505050505051	0.5113122171945702	0.5029761904761905	0.5045537340619308	0.5050505050505051	0.5222668869991459	0.5384615384615384	0.6111111111111112	0.5925925925925926	0.5027777777777778	0.504424778761062	0.5034168564920273	0.5049668874172185	0.5045910077481781	0.5263157894736842	0.72	0.5133689839572192	0.5139664804469274	0.5065502183406114	0.5	0.5076923076923077	0.787878787878788	0.5045317220543807
da	0.5108713988943033	0.5875950913432173	0.501577287066246	0.5082508250825083	1.0	0.5563520108379354	0.5874743290973994	0.5419782392564707	0.5483556068107879	0.5556254154912785	0.596156118196933	0.5050167224080268	0.5801166917385838	0.5962694357078042	0.558235313637568	0.5679116107446518	0.5688207543072525	0.5823366326287363	0.5250078655964724	0.5066225165562913	0.5133939104897212	0.5552878893121029	0.5635707142485471	0.5469682456834023	0.5546257225055888	0.5647678434343195	0.5110410094637224	0.5194029850746269	0.5647112369961902	0.5812433153064465	0.5992116319880567	0.5	0.5583884600392771	0.5242424242424242	0.5692876944867424
de	0.5059793086401092	0.5389052237462689	0.5010162601626017	0.5033185840707964	0.5563520108379354	1.0	0.5784262134349683	0.6074043929554903	0.6146940373160997	0.6268565656750503	0.5584588723457743	0.5016648168701443	0.6018001241464929	0.548891046056993	0.6223698714253255	0.6056135882936936	0.5803257491677475	0.5285452218929714	0.5110330814895184	0.5027685492801772	0.5050115206918261	0.6149962073261771	0.6103095295017039	0.5961957307960065	0.5976283661208378	0.6148895711211091	0.5071193866374589	0.5064805583250249	0.5412345958444955	0.5403933075662269	0.5714917305283593	0.5	0.5448505327374281	0.5075075075075075	0.6088521579430671
el	0.5146341463414634	0.5752893335658403	0.671875	0.5076530612244897	0.5874743290973994	0.5784262134349683	1.0	0.5527706010321475	0.5665707162252805	0.5777631116635134	0.606731421067991	0.5038560411311054	0.5923718000000688	0.5886615357006206	0.5767234497957008	0.5998546176621811	0.5886356906018757	0.567035418550171	0.5250125573359681	0.5064528599647303	0.5116321677977349	0.5664066879852175	0.5899182798696659	0.5688812443473644	0.5900613280638222	0.5962862505109665	0.5111111111111111	0.6964618249534451	0.5640321262880569	0.5709373411438442	0.582850986004793	0.5	0.552244944803731	0.6992481203007519	0.5894311580794626
en	0.5048408655433084	0.5211294705197339	0.5006802721088436	0.5018270401948843	0.5419782392564707	0.6074043929554903	0.5527706010321475	1.0	0.6178777288293474	0.6111148843209597	0.535255820428829	0.50091519219036	0.5668570929311684	0.5314191390466032	0.6186500949948208	0.5721740899615098	0.5575445717356259	0.5160906337692267	0.5063590688648926	0.5015234613040829	0.5027716494440192	0.6089570334163068	0.5852624964319765	0.5837636737020951	0.567097009149762	0.583897974228283	0.5039469230539841	0.5057239057239057	0.5257995179769072	0.5254785173934777	0.5605346721455639	0.5	0.5449165995106192	0.5053908355795148	0.5850264602679471
es	0.5044483985765125	0.5284756401322689	0.500965250965251	0.5027173913043478	0.5483556068107879	0.6146940373160997	0.5665707162252805	0.6178777288293474	1.0	0.6167389488247641	0.5500154909556014	0.5013623978201636	0.585025288227492	0.5397384661731222	0.6284507092261534	0.5908331322839375	0.5708490544319508	0.5230260388757262	0.5093666369313113	0.5022665457842249	0.5036036036036037	0.6013189574502594	0.6005304382655509	0.602454270761569	0.5815112492035274	0.606245342572169	0.5053859964093357	0.506641366223909	0.5338345864661654	0.532366702964119	0.5594712615443092	0.5	0.5380561311470544	0.5076190476190476	0.5975242214453289
fr	0.5064568563950955	0.5329455788121072	0.5009487666034156	0.5032946543383131	0.5556254154912785	0.6268565656750503	0.5777631116635134	0.6111148843209597	0.6167389488247641	1.0	0.5603671471070556	0.5016501650165016	0.604370634927546	0.5467539140293589	0.6328475483380119	0.6056643512670796	0.5828462439168718	0.5282519708419098	0.5103050910471644	0.5027442371020856	0.5044092682608309	0.6087598522850048	0.6098814615081204	0.6052430492819042	0.6122501491085942	0.6139745751467818	0.5048648648648648	0.5074766355140187	0.5377300044282225	0.535824518804229	0.566443578678681	0.5	0.5427105932625315	0.5074906367041199	0.5976767882165933
he	0.5147058823529412	0.6047505245378408	0.6706231454005934	0.5099601593625498	0.596156118196933	0.5584588723457743	0.606731421067991	0.535255820428829	0.5500154909556014	0.5603671471070556	1.0	0.5060728744939271	0.5785316394381083	0.6061919190699808	0.5547424617722223	0.5842484404275164	0.5820749444431159	0.6114289433957849	0.5342986425339367	0.508	0.5163519459990601	0.5486966561982844	0.5746915728437058	0.5558217821080841	0.5734627457742741	0.5809860680959731	0.515243422502545	0.6915351506456241	0.576760920910315	0.6032374698164071	0.578799860766225	0.5	0.5475325935224982	0.6956521739130435	0.575332067687672
hi	0.525	0.5103182273768614	0.6724890829694323	0.5625	0.5050167224080268	0.5016648168701443	0.5038560411311054	0.50091519219036	0.5013623978201636	0.5016501650165016	0.5060728744939271	1.0	0.5030549898167006	0.5069124423963134	0.5015088326961589	0.5018315018315018	0.5025380710659899	0.5138999167496764	0.5319148936170213	0.6451612903225806	0.5416666666666666	0.5013927576601671	0.5022222222222222	0.5017142857142858	0.502502731416604	0.5022900763358779	0.5151515151515151	0.7131782945736435	0.5081967213114754	0.5085714285714286	0.5032967032967033	0.5	0.5046728971962617	0.7193675889328064	0.5022761760242792
hu	0.5077519379844961	0.5614109404021311	0.5029940119760479	0.5050505050505051	0.5801166917385838	0.6018001241464929	0.5923718000000688	0.5668570929311684	0.585025288227492	0.604370634927546	0.5785316394381083	0.5030549898167006	1.0	0.5754760184568641	0.5992256657760501	0.6029235225010118	0.5753383006274437	0.5535837224036492	0.519817483626964	0.5051051411448527	0.5093625414142642	0.5863910224108791	0.6008657342466184	0.5916417671132536	0.6103033663836209	0.5998863308034553	0.5068762278978389	0.5154929577464789	0.5505679519469926	0.559302780010813	0.5801325492910723	0.5	0.5589154725466827	0.5170454545454546	0.5841501041689723
id	0.5166301986526441	0.6288605736458497	0.501358695652174	0.5113122171945702	0.5962694357078042	0.548891046056993	0.5886615357006206	0.5314191390466032	0.5397384661731222	0.5467539140293589	0.6061919190699808	0.5069124423963134	0.5754760184568641	1.0	0.5447582849225215	0.576921403712297	0.5764729561372935	0.6275174457525443	0.5342214769746709	0.5091900387351613	0.5186041067986792	0.5408497665699189	0.5594800429239853	0.5459129403018984	0.5611576636241173	0.5660635295173653	0.5172975874802752	0.5092838196286472	0.5650610184591603	0.6096334956126145	0.5715265167352481	0.5	0.5617403571295987	0.5106666666666667	0.5683397076589487
it	0.5048803038678223	0.5346819049176379	0.5009784735812133	0.5029761904761905	0.558235313637568	0.6223698714253255	0.5767234497957008	0.6186500949948208	0.6284507092261534	0.6328475483380119	0.5547424617722223	0.5015088326961589	0.5992256657760501	0.5447582849225215	1.0	0.602289052169101	0.5772589535431019	0.5264690020454112	0.5102942520324012	0.5024989782594584	0.5039939569711133	0.6085789147795949	0.6149553384775566	0.6025295192247486	0.5919322209530183	0.612383944679887	0.5064245443818015	0.5057581573896353	0.5378361446585681	0.5356628841301636	0.5682429617899297	0.5	0.5461636800936057	0.5067437379576109	0.6041439219629382
ja	0.507908611599297	0.5541605756269815	0.6695652173913044	0.5045537340619308	0.5679116107446518	0.6056135882936936	0.5998546176621811	0.5721740899615098	0.5908331322839375	0.6056643512670796	0.5842484404275164	0.5018315018315018	0.6029235225010118	0.576921403712297	0.602289052169101	1.0	0.6002798466263027	0.5455805324372452	0.514160723903491	0.5036496350364964	0.5063063063063064	0.5843355828150855	0.6013879202458092	0.590958625997042	0.598245003840803	0.6178697866117672	0.5080213903743316	0.6850477200424179	0.5548237178668392	0.5520652807174095	0.581471542991986	0.5	0.5597575616414426	0.688034188034188	0.6106316749550788
ko	0.5098039215686274	0.553490476922739	0.6696935300794551	0.5050505050505051	0.5688207543072525	0.5803257491677475	0.5886356906018757	0.5575445717356259	0.5708490544319508	0.5828462439168718	0.5820749444431159	0.5025380710659899	0.5753383006274437	0.5764729561372935	0.5772589535431019	0.6002798466263027	1.0	0.5445417784231358	0.5156595074539415	0.5042158516020236	0.5077747863493404	0.5635212333811938	0.5810407794865837	0.5731863833341145	0.5751902949482347	0.5893945577082459	0.5074135090609555	0.6873614190687362	0.5551634003805223	0.55195746555561	0.5713815438896722	0.5	0.5462224365750957	0.6905027932960894	0.5897705679281048
lv	0.5182481751824817	0.6620769413753487	0.5029940119760479	0.5222668869991459	0.5823366326287363	0.5285452218929714	0.567035418550171	0.5160906337692267	0.5230260388757262	0.5282519708419098	0.6114289433957849	0.5138999167496764	0.5535837224036492	0.6275174457525443	0.5264690020454112	0.5455805324372452	0.5445417784231358	1.0	0.5559451907616664	0.5182787046307299	0.5376967580527467	0.5240974893189905	0.5392391221699742	0.529395003222924	0.5436998461208403	0.5405395348409536	0.5324822390200155	0.5294117647058824	0.5570423099550651	0.6519860800709807	0.5541791165503731	0.5	0.5371084508740951	0.5384615384615384	0.5396641648451531
mk	0.5333333333333333	0.5490534669925683	0.6707692307692308	0.5384615384615384	0.5250078655964724	0.5110330814895184	0.5250125573359681	0.5063590688648926	0.5093666369313113	0.5103050910471644	0.5342986425339367	0.5319148936170213	0.519817483626964	0.5342214769746709	0.5102942520324012	0.514160723903491	0.5156595074539415	0.5559451907616664	1.0	0.5434525219038598	0.5605605605605606	0.5096849457660438	0.5154033603078654	0.512394343843913	0.5171338711055091	0.5141629808693534	0.5373134328358209	0.6888888888888889	0.5308056872037915	0.5443808526858352	0.5190573039733137	0.5	0.5156695156695157	0.7089337175792507	0.5165499744857941
ml	0.5348837209302326	0.5135641823820398	0.6666666666666666	0.6111111111111112	0.5066225165562913	0.5027685492801772	0.5064528599647303	0.5015234613040829	0.5022665457842249	0.5027442371020856	0.508	0.6451612903225806	0.5051051411448527	0.5091900387351613	0.5024989782594584	0.5036496350364964	0.5042158516020236	0.5182787046307299	0.5434525219038598	1.0	0.6000000000000001	0.5023169601482854	0.5036927621861153	0.5028506271379704	0.5041667453007268	0.5038051750380518	0.5277777777777778	0.7042253521126761	0.5135135135135135	0.5113372390475631	0.5043668122270742	0.5	0.5061728395061729	0.7184466019417476	0.5037821482602118
mr	0.5384615384615384	0.5235790467922943	0.6832298136645962	0.5925925925925926	0.5133939104897212	0.5050115206918261	0.5116321677977349	0.5027716494440192	0.5036036036036037	0.5044092682608309	0.5163519459990601	0.5416666666666666	0.5093625414142642	0.5186041067986792	0.5039939569711133	0.5063063063063064	0.5077747863493404	0.5376967580527467	0.5605605605605606	0.6000000000000001	1.0	0.5041871247807739	0.5067317661659273	0.5052133318383967	0.50753651648772	0.5060874856089573	0.5371024734982331	0.7	0.5235602094240838	0.522877545622851	0.50752688172043	0.5	0.5105740181268882	0.7150259067357513	0.5068647014541935
nl	0.5040871934604905	0.5306619424844479	0.5015673981191223	0.5027777777777778	0.5552878893121029	0.6149962073261771	0.5664066879852175	0.6089570334163068	0.6013189574502594	0.6087598522850048	0.5486966561982844	0.5013927576601671	0.5863910224108791	0.5408497665699189	0.6085789147795949	0.5843355828150855	0.5635212333811938	0.5240974893189905	0.5096849457660438	0.5023169601482854	0.5041871247807739	1.0	0.5974593608002589	0.6090932337671494	0.5822113152483915	0.5974431087297224	0.5045787545787546	0.510670731707317	0.5318595271214428	0.5320612578651752	0.5783599368261289	0.5	0.5519168184147615	0.5122699386503067	0.5946069290911246
pl	0.5064377682403434	0.547637994038898	0.5013020833333334	0.504424778761062	0.5635707142485471	0.6103095295017039	0.5899182798696659	0.5852624964319765	0.6005304382655509	0.6098814615081204	0.5746915728437058	0.5022222222222222	0.6008657342466184	0.5594800429239853	0.6149553384775566	0.6013879202458092	0.5810407794865837	0.5392391221699742	0.5154033603078654	0.5036927621861153	0.5067317661659273	0.5974593608002589	1.0	0.5915903924377952	0.594432592349365	0.6175834671016037	0.5087499384977417	0.5082592121982211	0.5477913406286529	0.5542535210752056	0.5744357637577435	0.5	0.5461392788189713	0.510230179028133	0.5987059936482194
pt	0.5083986562150056	0.5323874321956872	0.5011961722488038	0.5034168564920273	0.5469682456834023	0.5961957307960065	0.5688812443473644	0.5837636737020951	0.602454270761569	0.6052430492819042	0.5558217821080841	0.5017142857142858	0.5916417671132536	0.5459129403018984	0.6025295192247486	0.590958625997042	0.5731863833341145	0.529395003222924	0.512394343843913	0.5028506271379704	0.5052133318383967	0.6090932337671494	0.5915903924377952	1.0	0.5904442235062457	0.5895744179812813	0.5050505050505051	0.5081967213114754	0.5379646235201044	0.5344517702550787	0.5595405667820653	0.5	0.5376080011147689	0.5094117647058823	0.5838814650241098
ro	0.5088423735909573	0.5509012769890175	0.5029761904761905	0.5049668874172185	0.5546257225055888	0.5976283661208378	0.5900613280638222	0.567097009149762	0.5815112492035274	0.6122501491085942	0.5734627457742741	0.502502731416604	0.6103033663836209	0.5611576636241173	0.5919322209530183	0.598245003840803	0.5751902949482347	0.5436998461208403	0.5171338711055091	0.5041667453007268	0.50753651648772	0.5822113152483915	0.594432592349365	0.5904442235062457	1.0	0.6056792364858156	0.5064934852819881	0.5168539325842697	0.5441607333300502	0.5471853617035587	0.5654209455124168	0.5	0.5448630229162064	0.5213675213675213	0.5948455799509338
ru	0.5073746312684366	0.5496530780815304	0.6680919294494923	0.5045910077481781	0.5647678434343195	0.6148895711211091	0.5962862505109665	0.583897974228283	0.606245342572169	0.6139745751467818	0.5809860680959731	0.5022900763358779	0.5998863308034553	0.5660635295173653	0.612383944679887	0.6178697866117672	0.5893945577082459	0.5405395348409536	0.5141629808693534	0.5038051750380518	0.5060874856089573	0.5974431087297224	0.6175834671016037	0.5895744179812813	0.6056792364858156	1.0	0.5075267698958917	0.6786850477200425	0.5504139697492683	0.547119524671011	0.5764747180051364	0.5	0.5534007982611402	0.6779840848806366	0.6135167055167055
sh	0.5333333333333333	0.528092560958331	0.5020661157024793	0.5263157894736842	0.5110410094637224	0.5071193866374589	0.5111111111111111	0.5039469230539841	0.5053859964093357	0.5048648648648648	0.515243422502545	0.5151515151515151	0.5068762278978389	0.5172975874802752	0.5064245443818015	0.5080213903743316	0.5074135090609555	0.5324822390200155	0.5373134328358209	0.5277777777777778	0.5371024734982331	0.5045787545787546	0.5087499384977417	0.5050505050505051	0.5064934852819881	0.5075267698958917	1.0	0.5139442231075697	0.5123152709359606	0.5322423118275157	0.5084745762711864	0.5	0.5058479532163742	0.5150300601202404	0.5074183976261127
si	0.7017543859649122	0.528	0.6666666666666666	0.72	0.5194029850746269	0.5064805583250249	0.6964618249534451	0.5057239057239057	0.506641366223909	0.5074766355140187	0.6915351506456241	0.7131782945736435	0.5154929577464789	0.5092838196286472	0.5057581573896353	0.6850477200424179	0.6873614190687362	0.5294117647058824	0.6888888888888889	0.7042253521126761	0.7	0.510670731707317	0.5082592121982211	0.5081967213114754	0.5168539325842697	0.6786850477200425	0.5139442231075697	1.0	0.529126213592233	0.5100154083204931	0.512589928057554	0.6947368421052631	0.6972176759410802	0.7586206896551725	0.6877113866967305
simple	0.5242718446601942	0.5517911259616132	0.5053763440860215	0.5133689839572192	0.5647112369961902	0.5412345958444955	0.5640321262880569	0.5257995179769072	0.5338345864661654	0.5377300044282225	0.576760920910315	0.5081967213114754	0.5505679519469926	0.5650610184591603	0.5378361446585681	0.5548237178668392	0.5551634003805223	0.5570423099550651	0.5308056872037915	0.5135135135135135	0.5235602094240838	0.5318595271214428	0.5477913406286529	0.5379646235201044	0.5441607333300502	0.5504139697492683	0.5123152709359606	0.529126213592233	1.0	0.5541498837011403	0.5546469353994159	0.5	0.5403303224193282	0.5320197044334976	0.5502770696261469
sr	0.5098039215686274	0.6434585163676488	0.5007923930269413	0.5139664804469274	0.5812433153064465	0.5403933075662269	0.5709373411438442	0.5254785173934777	0.532366702964119	0.535824518804229	0.6032374698164071	0.5085714285714286	0.559302780010813	0.6096334956126145	0.5356628841301636	0.5520652807174095	0.55195746555561	0.6519860800709807	0.5443808526858352	0.5113372390475631	0.522877545622851	0.5320612578651752	0.5542535210752056	0.5344517702550787	0.5471853617035587	0.547119524671011	0.5322423118275157	0.5100154083204931	0.5541498837011403	1.0	0.5588607212477815	0.5	0.5381511714855434	0.5108359133126935	0.5488974307100951
sv	0.5093945720250522	0.5682239997349376	0.5018587360594796	0.5065502183406114	0.5992116319880567	0.5714917305283593	0.582850986004793	0.5605346721455639	0.5594712615443092	0.566443578678681	0.578799860766225	0.5032967032967033	0.5801325492910723	0.5715265167352481	0.5682429617899297	0.581471542991986	0.5713815438896722	0.5541791165503731	0.5190573039733137	0.5043668122270742	0.50752688172043	0.5783599368261289	0.5744357637577435	0.5595405667820653	0.5654209455124168	0.5764747180051364	0.5084745762711864	0.512589928057554	0.5546469353994159	0.5588607212477815	1.0	0.5	0.5756111947813066	0.5144927536231884	0.5757605084699872
te	0.5	0.5	0.6666666666666666	0.5	0.5	0.5	0.5	0.5	0.5	0.5	0.5	0.5	0.5	0.5	0.5	0.5	0.5	0.5	0.5	0.5	0.5	0.5	0.5	0.5	0.5	0.5	0.5	0.6947368421052631	0.5	0.5	0.5	1.0	0.5	0.6956521739130435	0.5
vi	0.5115606936416185	0.542995051512939	0.6711864406779662	0.5076923076923077	0.5583884600392771	0.5448505327374281	0.552244944803731	0.5449165995106192	0.5380561311470544	0.5427105932625315	0.5475325935224982	0.5046728971962617	0.5589154725466827	0.5617403571295987	0.5461636800936057	0.5597575616414426	0.5462224365750957	0.5371084508740951	0.5156695156695157	0.5061728395061729	0.5105740181268882	0.5519168184147615	0.5461392788189713	0.5376080011147689	0.5448630229162064	0.5534007982611402	0.5058479532163742	0.6972176759410802	0.5403303224193282	0.5381511714855434	0.5756111947813066	0.5	1.0	0.7019867549668874	0.5568049241368889
war	0.7289719626168224	0.546218487394958	0.6666666666666666	0.787878787878788	0.5242424242424242	0.5075075075075075	0.6992481203007519	0.5053908355795148	0.5076190476190476	0.5074906367041199	0.6956521739130435	0.7193675889328064	0.5170454545454546	0.5106666666666667	0.5067437379576109	0.688034188034188	0.6905027932960894	0.5384615384615384	0.7089337175792507	0.7184466019417476	0.7150259067357513	0.5122699386503067	0.510230179028133	0.5094117647058823	0.5213675213675213	0.6779840848806366	0.5150300601202404	0.7586206896551725	0.5320197044334976	0.5108359133126935	0.5144927536231884	0.6956521739130435	0.7019867549668874	1.0	0.6909090909090909
zh	0.5088235294117647	0.5491330296266278	0.6697459584295612	0.5045317220543807	0.5692876944867424	0.6088521579430671	0.5894311580794626	0.5850264602679471	0.5975242214453289	0.5976767882165933	0.575332067687672	0.5022761760242792	0.5841501041689723	0.5683397076589487	0.6041439219629382	0.6106316749550788	0.5897705679281048	0.5396641648451531	0.5165499744857941	0.5037821482602118	0.5068647014541935	0.5946069290911246	0.5987059936482194	0.5838814650241098	0.5948455799509338	0.6135167055167055	0.5074183976261127	0.6877113866967305	0.5502770696261469	0.5488974307100951	0.5757605084699872	0.5	0.5568049241368889	0.6909090909090909	1.0
