arz	bs	ceb	ckb	da	de	el	en	es	fr	he	hi	hu	id	it	ja	ko	lv	mk	ml	mr	nl	pl	pt	ro	ru	sh	si	simple	sr	sv	te	vi	war	zh
arz	0.1430205920819596	0.25	0.50025	0.3333333333333333	0.16669444444444442	0.16666666666666666	0.14285714285714285	0.14287755102040817	0.14285714285714285	0.14285714285714285	0.16669444444444442	0.25	0.14287755102040817	0.14285714285714285	0.16666666666666666	0.16666666666666666	0.14285714285714285	0.2	0.16666666666666666	0.20003999999999997	0.25	0.14285714285714285	0.14285714285714285	0.14289795918367348	0.14287755102040817	0.14285714285714285	0.16666666666666666	1.0	0.16666666666666666	0.14287755102040817	0.16666666666666666	0.3333333333333333	0.14285714285714285	0.16666666666666666	0.14285714285714285
bs	0.25	0.10002000999999999	0.25	0.25	0.1111111111111111	0.125	0.1111111111111111	0.1	0.1111111111111111	0.1111111111111111	0.1	0.125	0.125	0.1111111111111111	0.125	0.125	0.1111111111111111	0.125	0.16666666666666666	0.16666666666666666	0.16666666666666666	0.125	0.1111111111111111	0.1111111111111111	0.125	0.1111111111111111	0.125	0.25	0.125015625	0.125	0.1	0.25	0.1111111111111111	0.25	0.11112345679012345
ceb	0.50025	0.25	0.07735143262957675	0.33344444444444443	0.083361125	0.07694675740236687	0.16666666666666666	0.07695859763313609	0.07692307692307693	0.07694082840236686	0.08337502779861805	0.11113581481481481	0.08336808335418056	0.09092561983471073	0.08334722916666666	0.09091735537190083	0.10003999999999999	0.11112345679012345	0.14289795918367348	0.20016016016016017	0.20020016016016015	0.08333333333333333	0.07695859172189348	0.08335417361111111	0.09092561983471074	0.07693491715976332	0.12503124999999998	0.5	0.10003999999999999	0.12506254692192192	0.07694082840236686	0.5	0.10000999999999999	0.3333333333333333	0.09094217357025619
ckb	0.3333333333333333	0.25	0.33344444444444443	0.14289797959183675	0.16669444444444442	0.14285714285714285	0.2	0.14285714285714285	0.16666666666666666	0.14285714285714285	0.16666666666666666	0.16666666666666666	0.16666666666666666	0.16666666666666666	0.16666666666666666	0.16669444444444442	0.16666666666666666	0.16666666666666666	0.2	0.20003999999999997	0.2	0.16666666666666666	0.16666666666666666	0.16666666666666666	0.16666666666666666	0.16666666666666666	0.2	0.5	0.20003999999999997	0.16669444444444442	0.16666666666666666	0.25	0.16666666666666666	0.3333333333333333	0.16666666666666666
da	0.16669444444444442	0.1111111111111111	0.083361125	0.16669444444444442	0.026385918062153395	0.033337778888888885	0.05263157894736842	0.02632063711911357	0.029411764705882353	0.028572244897959183	0.03448870511296076	0.0526398891966759	0.03704664334705075	0.03333777777777778	0.0312509765625	0.034485136741973836	0.034485136741973836	0.058823529411764705	0.07143877551020407	0.08334722916666666	0.09090909090909091	0.033334444444444444	0.03030853994490358	0.031251953124999995	0.037037037037037035	0.02941349480968858	0.05882698961937716	0.14285714285714285	0.037050759947873796	0.050010005002499996	0.030303030303030304	0.16666666666666666	0.040003199999999996	0.14285714285714285	0.03030762258953168
de	0.16666666666666666	0.125	0.07694675740236687	0.14285714285714285	0.033337778888888885	0.01760005101117892	0.04348015122873346	0.017860969706632653	0.02	0.018183140495867767	0.029420417821800174	0.04348015122873346	0.034492279436390015	0.02632063711911357	0.02174054820415879	0.022728822314049588	0.027779320987654316	0.06666666666666667	0.0625	0.0625	0.06668889333333333	0.024390838786436643	0.025001249999999996	0.023257977285018928	0.03125	0.020834201388888886	0.055561728395061724	0.125	0.03030946005601469	0.041671876736111106	0.023256895619253648	0.1	0.03571428571428571	0.125	0.022733989669938014
el	0.14285714285714285	0.1111111111111111	0.16666666666666666	0.2	0.05263157894736842	0.04348015122873346	0.03572321683673469	0.03571428571428571	0.041666666666666664	0.041666666666666664	0.05000249999999999	0.05555555555555555	0.05882698961937716	0.047619047619047616	0.041666666666666664	0.041666666666666664	0.05	0.08333333333333333	0.09090909090909091	0.07142857142857142	0.07692307692307693	0.05	0.05	0.041666666666666664	0.05555864197530863	0.04	0.07692307692307693	0.2	0.05263157894736842	0.05555555555555555	0.041666666666666664	0.1	0.05263157894736842	0.125	0.043478260869565216
en	0.14287755102040817	0.1	0.07695859763313609	0.14285714285714285	0.02632063711911357	0.017860969706632653	0.03571428571428571	0.006475969969319432	0.013514426771365958	0.011766505190311418	0.02273657334917407	0.029415224913494808	0.030315893482095502	0.016669166666666665	0.013699944079564647	0.01587351977828168	0.01923409800295858	0.058823529411764705	0.058823529411764705	0.05264266482271468	0.045464880165289254	0.019231878698224854	0.0200056024020008	0.01786033258960459	0.02632063711911357	0.012823143326923078	0.045454545454545456	0.08333333333333333	0.024400362882811423	0.03334	0.014287551428571427	0.0625	0.027780092592592592	0.125	0.016136058794225545
es	0.14285714285714285	0.1111111111111111	0.07692307692307693	0.16666666666666666	0.029411764705882353	0.02	0.041666666666666664	0.013514426771365958	0.012997139657111488	0.015151515151515152	0.026316481994459833	0.04	0.030304866850321393	0.02325635478637101	0.018868636525453897	0.020834635416666667	0.023256895619253648	0.0625	0.06666666666666667	0.0625	0.06250391016016016	0.020834635416666667	0.023258518658734448	0.0200008	0.03125	0.016666944444444443	0.05263157894736842	0.1111111111111111	0.027779320987654316	0.038461538461538464	0.02173960302457467	0.1	0.03125	0.125	0.019231139053254437
fr	0.14285714285714285	0.1111111111111111	0.07694082840236686	0.14285714285714285	0.028572244897959183	0.018183140495867767	0.041666666666666664	0.011766505190311418	0.015151515151515152	0.011401209230660809	0.024394410472340276	0.037037037037037035	0.030308542700642788	0.02083550347222222	0.018518518518518517	0.0196078431372549	0.02040941274468971	0.0625	0.058823529411764705	0.055561728395061724	0.05001250750750751	0.020834201388888886	0.02222567950617284	0.02040941274468971	0.029414359861591695	0.016395324375167965	0.050004999999999994	0.1	0.02778549537037037	0.03846449704142012	0.021739130434782608	0.08333333333333333	0.031250976562500005	0.125	0.017548478301939056
he	0.16669444444444442	0.1	0.08337502779861805	0.16666666666666666	0.03448870511296076	0.029420417821800174	0.05000249999999999	0.02273657334917407	0.026316481994459833	0.024394410472340276	0.022322400344171617	0.052637119113573404	0.03848225739940828	0.028580410612244894	0.029414359861591695	0.031250976562500005	0.03333888888888888	0.0625078125	0.07144899490816325	0.08334722222222221	0.09091736364463637	0.030304866850321393	0.03333666666666667	0.025004375625000002	0.03703840877914952	0.025005000625	0.05556173148148148	0.14285714285714285	0.0357321505127551	0.047625850340136056	0.033334444444444444	0.16666666666666666	0.03571428571428571	0.14285714285714285	0.02779012963426389
hi	0.25	0.125	0.11113581481481481	0.16666666666666666	0.0526398891966759	0.04348015122873346	0.05555555555555555	0.029415224913494808	0.04	0.037037037037037035	0.052637119113573404	0.02943947147666265	0.055561728395061724	0.038461538461538464	0.043478260869565216	0.04	0.04762358276643991	0.07142857142857142	0.08334027777777778	0.0625	0.047625850340136056	0.05263157894736842	0.047621315192743756	0.047619047619047616	0.05555555555555555	0.038463017751479284	0.07692307692307693	0.14285714285714285	0.05000999999999999	0.06250781640625	0.04	0.06250390624999999	0.05555864197530863	0.16666666666666666	0.04545867768595041
hu	0.14287755102040817	0.125	0.08336808335418056	0.16666666666666666	0.03704664334705075	0.034492279436390015	0.05882698961937716	0.030315893482095502	0.030304866850321393	0.030308542700642788	0.03848225739940828	0.055561728395061724	0.03041364347817903	0.038468934911242605	0.03571556250127678	0.035715561224489795	0.03704115500823045	0.06668000888888889	0.07143877551020407	0.08334028472917361	0.08334722222222221	0.034482758620689655	0.03448394768133174	0.03449227467419738	0.03846449704142012	0.030306704316805325	0.05555864197530863	0.14285714285714285	0.03848670563907399	0.05000999999999999	0.03448513793222473	0.2	0.045456611570247926	0.125	0.032273679503642044
id	0.14285714285714285	0.1111111111111111	0.09092561983471073	0.16666666666666666	0.03333777777777778	0.02632063711911357	0.047619047619047616	0.016669166666666665	0.02325635478637101	0.02083550347222222	0.028580410612244894	0.038461538461538464	0.038468934911242605	0.016721285286279024	0.02564168310322156	0.025001249999999996	0.02702848794740686	0.0625	0.06666666666666667	0.06667555555555557	0.0625078125	0.029412629757785465	0.029412629757785465	0.026319945290858723	0.033335555555555556	0.02127840651878678	0.05882698961937716	0.14285714285714285	0.034489894173602854	0.045460743801652895	0.02857306122448979	0.09091735537190083	0.0312529296875	0.125	0.022733474176139464
it	0.16666666666666666	0.125	0.08334722916666666	0.16666666666666666	0.0312509765625	0.02174054820415879	0.041666666666666664	0.013699944079564647	0.018868636525453897	0.018518518518518517	0.029414359861591695	0.043478260869565216	0.03571556250127678	0.02564168310322156	0.012217167809717855	0.019231508875739642	0.02564102564102564	0.06250390624999999	0.0625	0.06250390624999999	0.06667111111111111	0.023810090702947845	0.023810657596371878	0.022728822314049588	0.02857142857142857	0.018182479338842972	0.05263434903047091	0.1	0.031254882812499996	0.03846449704142012	0.01694972708991669	0.10000999999999999	0.030303030303030304	0.125	0.022226172839506172
ja	0.16666666666666666	0.125	0.09091735537190083	0.16669444444444442	0.034485136741973836	0.022728822314049588	0.041666666666666664	0.01587351977828168	0.020834635416666667	0.0196078431372549	0.031250976562500005	0.04	0.035715561224489795	0.025001249999999996	0.019231508875739642	0.01564577223438966	0.023809523809523808	0.06667111111111111	0.06250390624999999	0.06250390624999999	0.06250390624999999	0.02631578947368421	0.027027757487216943	0.02702848794740686	0.03225910509885536	0.021739130434782608	0.05555555555555555	0.1111111111111111	0.029416090830449822	0.04167013888888889	0.0212779538252603	0.09090909090909091	0.029411764705882353	0.125	0.022225185185185185
ko	0.14285714285714285	0.1111111111111111	0.10003999999999999	0.16666666666666666	0.034485136741973836	0.027779320987654316	0.05	0.01923409800295858	0.023256895619253648	0.02040941274468971	0.03333888888888888	0.04762358276643991	0.03704115500823045	0.02702848794740686	0.02564102564102564	0.023809523809523808	0.017585813692380582	0.06250390624999999	0.0625078125	0.08333333333333333	0.07694674556213017	0.031251953124999995	0.0312509765625	0.02941349480968858	0.038463017751479284	0.024393218917311124	0.05555864197530863	0.1111111111111111	0.032264309054111345	0.050004999999999994	0.027778549382716046	0.14285714285714285	0.033334444444444444	0.125	0.02128293481258488
lv	0.2	0.125	0.11112345679012345	0.16666666666666666	0.058823529411764705	0.06666666666666667	0.08333333333333333	0.058823529411764705	0.0625	0.0625	0.0625078125	0.07142857142857142	0.06668000888888889	0.0625	0.06250390624999999	0.06667111111111111	0.06250390624999999	0.05884776124567474	0.08334027777777778	0.1111111111111111	0.11112345679012345	0.0625	0.058823529411764705	0.058823529411764705	0.05882698961937716	0.05882698961937716	0.07142857142857142	0.2	0.06667555555555556	0.0625	0.058823529411764705	0.2	0.0625	0.16666666666666666	0.0625078125
mk	0.16666666666666666	0.16666666666666666	0.14289795918367348	0.2	0.07143877551020407	0.0625	0.09090909090909091	0.058823529411764705	0.06666666666666667	0.058823529411764705	0.07144899490816325	0.08334027777777778	0.07143877551020407	0.06666666666666667	0.0625	0.06250390624999999	0.0625078125	0.08334027777777778	0.05562044143835811	0.125	0.14287755102040817	0.058823529411764705	0.06250390624999999	0.06666666666666667	0.0625	0.06250390624999999	0.07692899408284024	0.2	0.07144899491328063	0.06667555555555556	0.06666666666666667	0.25	0.06666666666666667	0.125	0.06251562499999999
ml	0.20003999999999997	0.16666666666666666	0.20016016016016017	0.20003999999999997	0.08334722916666666	0.0625	0.07142857142857142	0.05264266482271468	0.0625	0.055561728395061724	0.08334722222222221	0.0625	0.08334028472917361	0.06667555555555557	0.06250390624999999	0.06250390624999999	0.08333333333333333	0.1111111111111111	0.125	0.052764906822638756	0.07146941839798983	0.07142857142857142	0.06666666666666667	0.07142857142857142	0.07692307692307693	0.05555555555555555	0.125	0.2	0.07693491124260354	0.09092561983471074	0.06666666666666667	0.08334027777777778	0.09090909090909091	0.16666666666666666	0.07692307692307693
mr	0.25	0.16666666666666666	0.20020016016016015	0.2	0.09090909090909091	0.06668889333333333	0.07692307692307693	0.045464880165289254	0.06250391016016016	0.05001250750750751	0.09091736364463637	0.047625850340136056	0.08334722222222221	0.0625078125	0.06667111111111111	0.06250390624999999	0.07694674556213017	0.11112345679012345	0.14287755102040817	0.07146941839798983	0.04567664942522166	0.07692307692307693	0.07143367346938775	0.07692307692307693	0.08333333333333333	0.05000999999999999	0.11112345679012345	0.16666666666666666	0.08335416666666667	0.1	0.0625078125	0.07692307692307693	0.10000999999999999	0.2	0.07694084024260947
nl	0.14285714285714285	0.125	0.08333333333333333	0.16666666666666666	0.033334444444444444	0.024390838786436643	0.05	0.019231878698224854	0.020834635416666667	0.020834201388888886	0.030304866850321393	0.05263157894736842	0.034482758620689655	0.029412629757785465	0.023810090702947845	0.02631578947368421	0.031251953124999995	0.0625	0.058823529411764705	0.07142857142857142	0.07692307692307693	0.018890020672508393	0.027779320987654316	0.026317175208449443	0.03225806451612903	0.022222716049382713	0.047619047619047616	0.125	0.033334444444444444	0.04167014062673785	0.02564102564102564	0.14285714285714285	0.03571428571428571	0.125	0.02631578947368421
pl	0.14285714285714285	0.1111111111111111	0.07695859172189348	0.16666666666666666	0.03030853994490358	0.025001249999999996	0.05	0.0200056024020008	0.023258518658734448	0.02222567950617284	0.03333666666666667	0.047621315192743756	0.03448394768133174	0.029412629757785465	0.023810657596371878	0.027027757487216943	0.0312509765625	0.058823529411764705	0.06250390624999999	0.06666666666666667	0.07143367346938775	0.027779320987654316	0.01927748736728642	0.027780092592592592	0.03125	0.022222716049382713	0.05263157894736842	0.125	0.03226430905306971	0.04166840277777777	0.025642341222879686	0.125	0.037037037037037035	0.125	0.02778240895138889
pt	0.14289795918367348	0.1111111111111111	0.08335417361111111	0.16666666666666666	0.031251953124999995	0.023257977285018928	0.041666666666666664	0.01786033258960459	0.0200008	0.02040941274468971	0.025004375625000002	0.047619047619047616	0.03449227467419738	0.026319945290858723	0.022728822314049588	0.02702848794740686	0.02941349480968858	0.058823529411764705	0.06666666666666667	0.07142857142857142	0.07692307692307693	0.026317175208449443	0.027780092592592592	0.017284889104478125	0.030304866850321393	0.019232618343195264	0.05000249999999999	0.125	0.02942128287197232	0.038461538461538464	0.025642340565417487	0.125015625	0.03571683673469388	0.125	0.023261223904813413
ro	0.14287755102040817	0.125	0.09092561983471074	0.16666666666666666	0.037037037037037035	0.03125	0.05555864197530863	0.02632063711911357	0.03125	0.029414359861591695	0.03703840877914952	0.05555555555555555	0.03846449704142012	0.033335555555555556	0.02857142857142857	0.03225910509885536	0.038463017751479284	0.05882698961937716	0.0625	0.07692307692307693	0.08333333333333333	0.03225806451612903	0.03125	0.030304866850321393	0.026359493905354966	0.027778549382716046	0.05555555555555555	0.16666666666666666	0.04167535417535417	0.04167013888888889	0.030304866850321393	0.16669444444444442	0.0400016	0.125	0.034482758620689655
ru	0.14285714285714285	0.1111111111111111	0.07693491715976332	0.16666666666666666	0.02941349480968858	0.020834201388888886	0.04	0.012823143326923078	0.016666944444444443	0.016395324375167965	0.025005000625	0.038463017751479284	0.030306704316805325	0.02127840651878678	0.018182479338842972	0.021739130434782608	0.024393218917311124	0.05882698961937716	0.06250390624999999	0.05555555555555555	0.05000999999999999	0.022222716049382713	0.022222716049382713	0.019232618343195264	0.027778549382716046	0.012090728925439026	0.05000249999999999	0.1	0.026324794323409284	0.037039781894377226	0.019231879068047335	0.08334028472917361	0.030303030303030304	0.125	0.0200064012
sh	0.16666666666666666	0.125	0.12503124999999998	0.2	0.05882698961937716	0.055561728395061724	0.07692307692307693	0.045454545454545456	0.05263157894736842	0.050004999999999994	0.05556173148148148	0.07692307692307693	0.05555864197530863	0.05882698961937716	0.05263434903047091	0.05555555555555555	0.05555864197530863	0.07142857142857142	0.07692899408284024	0.125	0.11112345679012345	0.047619047619047616	0.05263157894736842	0.05000249999999999	0.05555555555555555	0.05000249999999999	0.04549382233266117	0.14285714285714285	0.058823529411764705	0.05000249999999999	0.05555555555555555	0.25	0.05882698961937716	0.14285714285714285	0.05
si	1.0	0.25	0.5	0.5	0.14285714285714285	0.125	0.2	0.08333333333333333	0.1111111111111111	0.1	0.14285714285714285	0.14285714285714285	0.14285714285714285	0.14285714285714285	0.1	0.1111111111111111	0.1111111111111111	0.2	0.2	0.2	0.16666666666666666	0.125	0.125	0.125	0.16666666666666666	0.1	0.14285714285714285	0.08334722222222221	0.14285714285714285	0.16666666666666666	0.1111111111111111	0.25	0.16666666666666666	0.5	0.1
simple	0.16666666666666666	0.125015625	0.10003999999999999	0.20003999999999997	0.037050759947873796	0.03030946005601469	0.05263157894736842	0.024400362882811423	0.027779320987654316	0.02778549537037037	0.0357321505127551	0.05000999999999999	0.03848670563907399	0.034489894173602854	0.031254882812499996	0.029416090830449822	0.032264309054111345	0.06667555555555556	0.07144899491328063	0.07693491124260354	0.08335416666666667	0.033334444444444444	0.03226430905306971	0.02942128287197232	0.04167535417535417	0.026324794323409284	0.058823529411764705	0.14285714285714285	0.024556743382736584	0.04548556820663226	0.03226118626430801	0.125	0.0400048	0.14285714285714285	0.02779940279476699
sr	0.14287755102040817	0.125	0.12506254692192192	0.16669444444444442	0.050010005002499996	0.041671876736111106	0.05555555555555555	0.03334	0.038461538461538464	0.03846449704142012	0.047625850340136056	0.06250781640625	0.05000999999999999	0.045460743801652895	0.03846449704142012	0.04167013888888889	0.050004999999999994	0.0625	0.06667555555555556	0.09092561983471074	0.1	0.04167014062673785	0.04166840277777777	0.038461538461538464	0.04167013888888889	0.037039781894377226	0.05000249999999999	0.16666666666666666	0.04548556820663226	0.03343923337500098	0.045454545454545456	0.142877571449	0.05	0.125	0.04001921601280961
sv	0.16666666666666666	0.1	0.07694082840236686	0.16666666666666666	0.030303030303030304	0.023256895619253648	0.041666666666666664	0.014287551428571427	0.02173960302457467	0.021739130434782608	0.033334444444444444	0.04	0.03448513793222473	0.02857306122448979	0.01694972708991669	0.0212779538252603	0.027778549382716046	0.058823529411764705	0.06666666666666667	0.06666666666666667	0.0625078125	0.02564102564102564	0.025642341222879686	0.025642340565417487	0.030304866850321393	0.019231879068047335	0.05555555555555555	0.1111111111111111	0.03226118626430801	0.045454545454545456	0.01252944202471874	0.1	0.03333333333333333	0.14285714285714285	0.025002499999999997
te	0.3333333333333333	0.25	0.5	0.25	0.16666666666666666	0.1	0.1	0.0625	0.1	0.08333333333333333	0.16666666666666666	0.06250390624999999	0.2	0.09091735537190083	0.10000999999999999	0.09090909090909091	0.14285714285714285	0.2	0.25	0.08334027777777778	0.07692307692307693	0.14285714285714285	0.125	0.125015625	0.16669444444444442	0.08334028472917361	0.25	0.25	0.125	0.142877571449	0.1	0.06254691800393754	0.16666666666666666	0.25	0.125
vi	0.14285714285714285	0.1111111111111111	0.10000999999999999	0.16666666666666666	0.040003199999999996	0.03571428571428571	0.05263157894736842	0.027780092592592592	0.03125	0.031250976562500005	0.03571428571428571	0.05555864197530863	0.045456611570247926	0.0312529296875	0.030303030303030304	0.029411764705882353	0.033334444444444444	0.0625	0.06666666666666667	0.09090909090909091	0.10000999999999999	0.03571428571428571	0.037037037037037035	0.03571683673469388	0.0400016	0.030303030303030304	0.05882698961937716	0.16666666666666666	0.0400048	0.05	0.03333333333333333	0.16666666666666666	0.027810992324122742	0.125	0.0312548837890625
war	0.16666666666666666	0.25	0.3333333333333333	0.3333333333333333	0.14285714285714285	0.125	0.125	0.125	0.125	0.125	0.14285714285714285	0.16666666666666666	0.125	0.125	0.125	0.125	0.125	0.16666666666666666	0.125	0.16666666666666666	0.2	0.125	0.125	0.125	0.125	0.125	0.14285714285714285	0.5	0.14285714285714285	0.125	0.14285714285714285	0.25	0.125	0.125015625	0.125
zh	0.14285714285714285	0.11112345679012345	0.09094217357025619	0.16666666666666666	0.03030762258953168	0.022733989669938014	0.043478260869565216	0.016136058794225545	0.019231139053254437	0.017548478301939056	0.02779012963426389	0.04545867768595041	0.032273679503642044	0.022733474176139464	0.022226172839506172	0.022225185185185185	0.02128293481258488	0.0625078125	0.06251562499999999	0.07692307692307693	0.07694084024260947	0.02631578947368421	0.02778240895138889	0.023261223904813413	0.034482758620689655	0.0200064012	0.05	0.1	0.02779940279476699	0.04001921601280961	0.025002499999999997	0.125	0.0312548837890625	0.125	0.015272769122466072
