arz	bs	ceb	ckb	da	de	el	en	es	fr	he	hi	hu	id	it	ja	ko	lv	mk	ml	mr	nl	pl	pt	ro	ru	sh	si	simple	sr	sv	te	vi	war	zh
arz	0.0556297316453059	0.25	0.0	0.3333333333333333	0.14285714285714285	0.09092561983471074	0.08335417361111111	0.06250390624999999	0.1	0.08335416666666667	0.12503124999999998	0.5	0.125015625	0.125015625	0.1	0.11113580246913579	0.08334722222222221	0.20003999999999997	0.2	0.3333333333333333	0.25006249999999997	0.1111111111111111	0.1111111111111111	0.06666666666666667	0.09095042975206613	0.1	0.25	0.3333333333333333	0.1	0.25006249999999997	0.11114816050618517	0.0	0.125	0.2	0.08334027777777778
bs	0.25	0.014343091678506215	0.0	0.2	0.017290268223447782	0.014315161751455965	0.016173634801802908	0.014305741670456791	0.01515289279178168	0.016501386055226948	0.017627372602162194	0.3333333333333333	0.01618856532767009	0.016769812640995217	0.01431475338780501	0.016427371000270904	0.015436621141144408	0.02302824180395374	0.06255082423828515	0.25006256256256254	0.14312289871549183	0.014972085372306838	0.015419485379789492	0.017263404607344865	0.01631695334437267	0.014957746652399762	0.11114814814814815	0.14285714285714285	0.03334111333333333	0.018335173790565346	0.015424719323048806	0.0	0.02859921554125635	0.09090909090909091	0.015178425948314676
ceb	0.0	0.0	0.5	0.0	1.0	0.5	0.5	0.5	0.5	0.5	0.5	1.0	0.5	0.5	0.5	0.5	0.5	1.0	1.0	0.0	0.5	0.5	0.5	0.5	0.5	0.5	0.5	0.0	0.5	1.0	0.5	0.0	0.5	0.0	0.5
ckb	0.3333333333333333	0.2	0.0	0.16669444444444442	0.2	0.16666666666666666	0.16666666666666666	0.16666666666666666	0.16666666666666666	0.16666666666666666	0.2	0.5	0.2	0.2	0.16666666666666666	0.2	0.16666666666666666	0.2	0.25	0.25	0.2	0.16666666666666666	0.16666666666666666	0.16666666666666666	0.16669444444444442	0.16666666666666666	0.5	0.3333333333333333	0.2	0.2	0.16666666666666666	0.0	0.2	0.16666666666666666	0.16666666666666666
da	0.14285714285714285	0.017290268223447782	1.0	0.2	0.006874270454226903	0.0085539544212185	0.01053774184589732	0.006853914525521721	0.008265077522027183	0.008647006441368283	0.012680541332607183	0.3333333333333333	0.009819516666729438	0.013356661401186163	0.0076405865092980035	0.010427310121645408	0.009723747794467788	0.02048592784696929	0.06251171875	0.25012512512512514	0.12509378126564064	0.007588865740308135	0.00953297887402023	0.010209185860683152	0.011952148735857171	0.009623803999264241	0.14287755102040817	0.07692307692307693	0.018518861454046638	0.01699149615254356	0.008556882549368797	0.0	0.016135538502081166	0.0625	0.009016808302011207
de	0.09092561983471074	0.014315161751455965	0.5	0.16666666666666666	0.0085539544212185	0.002290829931498762	0.006031035899814207	0.002311844697323286	0.0027029145361577795	0.0029558600851837613	0.008784413614302222	0.3333333333333333	0.004553235639204223	0.010653598833570579	0.0028049231920002017	0.004171898914401938	0.005082746382008333	0.020039680164744736	0.0500075	0.2	0.11114817285185186	0.0028645248465979565	0.0037082635047127528	0.0036262234846557717	0.004469392012290441	0.003628012637167417	0.07693491715976332	0.07692307692307693	0.012196014426085814	0.01317836052210252	0.006140733567095229	0.0	0.010103969901132537	0.06666666666666667	0.003749194228133098
el	0.08335417361111111	0.016173634801802908	0.5	0.16666666666666666	0.01053774184589732	0.006031035899814207	0.005300616350496003	0.005323197687501529	0.005780814661398677	0.006089245833554592	0.009924472824327601	0.3333333333333333	0.007889237400651079	0.012218815082572039	0.005656587930873902	0.006905075731713689	0.007258897175567938	0.019681550808903332	0.050020012510005006	0.2	0.111185246950642	0.006109965354818121	0.006545015650153684	0.006808046695591282	0.007242755235680253	0.006337737676432126	0.1111111111111111	0.08333333333333333	0.01562646484375	0.01591697157419618	0.00885841538977963	0.0	0.015390773019646154	0.07692307692307693	0.006674008720810368
en	0.06250390624999999	0.014305741670456791	0.5	0.16666666666666666	0.006853914525521721	0.002311844697323286	0.005323197687501529	0.0012619833178882105	0.001923191571745562	0.002318190592152087	0.008340422991950005	0.3333333333333333	0.004136880922074096	0.009442156823430317	0.002051644038405988	0.003748463061063335	0.004488471055885381	0.01925632290836477	0.04762358276643991	0.2	0.11113580246913579	0.0021642068615108437	0.00307066835735569	0.00284274237393516	0.004064609905233511	0.0031474154026357843	0.07692307692307693	0.058823529411764705	0.011236586289609897	0.01177814701165776	0.004548990477356964	0.0	0.006291603220125826	0.0625	0.0030885646635048303
es	0.1	0.01515289279178168	0.5	0.16666666666666666	0.008265077522027183	0.0027029145361577795	0.005780814661398677	0.001923191571745562	0.001825107386374588	0.0026533152489077246	0.008334305625	0.3333333333333333	0.004386388177189192	0.010527313241219059	0.002342178183393755	0.004000192	0.004831291325375178	0.019234099113906805	0.047619047619047616	0.2	0.125	0.0027476679371679215	0.0034016382294414366	0.0030031472914355795	0.004239012837995709	0.003289636015419418	0.08333333333333333	0.07142857142857142	0.012345679012345678	0.01315962673147524	0.0061353457789906285	0.0	0.010101010101010102	0.0625	0.003508993561095722
fr	0.08335416666666667	0.016501386055226948	0.5	0.16666666666666666	0.008647006441368283	0.0029558600851837613	0.006089245833554592	0.002318190592152087	0.0026533152489077246	0.0024745893727683905	0.008594022332371725	0.3333333333333333	0.004514203947629338	0.011042526796176804	0.00271042374975425	0.004221850515625254	0.005051218590780366	0.020165323397823894	0.052667614975080344	0.20004004004004003	0.12517214109454822	0.003141354907515463	0.0037781195965458803	0.0034122706600802537	0.004447089829587107	0.0037082493139437497	0.11113580246913579	0.0625	0.013161185076350414	0.014786323623564922	0.006556646544401462	0.0	0.010540295981531023	0.0625	0.0041297903849089644
he	0.12503124999999998	0.017627372602162194	0.5	0.2	0.012680541332607183	0.008784413614302222	0.009924472824327601	0.008340422991950005	0.008334305625	0.008594022332371725	0.00839425565152418	0.33344444444444443	0.010896574150427362	0.014130283973654153	0.00855915211486357	0.009449921372015377	0.00928168830737495	0.019730865068863537	0.055589518530876555	0.25	0.12523484470498816	0.00895030848869334	0.009025435415181868	0.009354450178451401	0.01008012395642635	0.008562159163530581	0.125	0.07692307692307693	0.01785969419642857	0.01646225347125932	0.011253401121250938	0.0	0.02128837393028701	0.06666666666666667	0.009023070403520444
hi	0.5	0.3333333333333333	1.0	0.5	0.3333333333333333	0.3333333333333333	0.3333333333333333	0.3333333333333333	0.3333333333333333	0.3333333333333333	0.33344444444444443	0.33344444444444443	0.3333333333333333	0.3333333333333333	0.3333333333333333	0.5	0.3333333333333333	0.33344444444444443	0.3333333333333333	0.5	0.5	0.3333333333333333	0.3333333333333333	0.3333333333333333	0.3333333333333333	0.3333333333333333	1.0	0.1111111111111111	0.3333333333333333	0.33344444444444443	0.3333333333333333	0.0	0.3333333333333333	0.1	0.3333333333333333
hu	0.125015625	0.01618856532767009	0.5	0.2	0.009819516666729438	0.004553235639204223	0.007889237400651079	0.004136880922074096	0.004386388177189192	0.004514203947629338	0.010896574150427362	0.3333333333333333	0.004227738782315208	0.011794402416024474	0.004299540318064328	0.00607149733158462	0.0075335231472563454	0.01970366554285559	0.0500150050025025	0.2001200800800801	0.11119761735809884	0.00462150038083318	0.0054744730550056984	0.004980972309925801	0.005701904616097443	0.005596629353925407	0.14287755102040817	0.09090909090909091	0.016394786347755978	0.01567153120400963	0.008144385468463187	0.0	0.012054001307302078	0.08333333333333333	0.006377022283392163
id	0.125015625	0.016769812640995217	0.5	0.2	0.013356661401186163	0.010653598833570579	0.012218815082572039	0.009442156823430317	0.010527313241219059	0.011042526796176804	0.014130283973654153	0.3333333333333333	0.011794402416024474	0.00957958653491766	0.010433731388002326	0.01065496327478236	0.010231747382427176	0.01976484720878709	0.06251953515625	0.25	0.12517207835962527	0.010778650281416804	0.011382778074212183	0.011505760221047445	0.012289103157595387	0.010542739760281982	0.125015625	0.07142857142857142	0.022225185679012344	0.017034602706406998	0.013008468773582213	0.0	0.017869906893498405	0.0625	0.010216592065833334
it	0.1	0.01431475338780501	0.5	0.16666666666666666	0.0076405865092980035	0.0028049231920002017	0.005656587930873902	0.002051644038405988	0.002342178183393755	0.00271042374975425	0.00855915211486357	0.3333333333333333	0.004299540318064328	0.010433731388002326	0.0020594442358599224	0.004005576316610636	0.004909348221785326	0.01928195123010657	0.04763038775737188	0.2	0.12504690624999998	0.0028479890373483306	0.0033605878562623466	0.0032497077105670454	0.004411076662948141	0.003452609841545308	0.07692899408284024	0.08333333333333333	0.012049644650892725	0.013357022307187527	0.005922205457794372	0.0	0.009094464132892893	0.07142857142857142	0.0036532478582395195
ja	0.11113580246913579	0.016427371000270904	0.5	0.2	0.010427310121645408	0.004171898914401938	0.006905075731713689	0.003748463061063335	0.004000192	0.004221850515625254	0.009449921372015377	0.5	0.00607149733158462	0.01065496327478236	0.004005576316610636	0.0037768622740388825	0.005628381648598221	0.02046120113724104	0.0625078125	0.25006249999999997	0.14289797959183675	0.0044944210256874055	0.005161290131775551	0.0048116709758016145	0.0058146989011352975	0.004658029889039506	0.1111111111111111	0.07692307692307693	0.01408569728228526	0.01589951456426253	0.007525417326705076	0.0	0.011116545680124074	0.06666666666666667	0.004836127312731317
ko	0.08334722222222221	0.015436621141144408	0.5	0.16666666666666666	0.009723747794467788	0.005082746382008333	0.007258897175567938	0.004488471055885381	0.004831291325375178	0.005051218590780366	0.00928168830737495	0.3333333333333333	0.0075335231472563454	0.010231747382427176	0.004909348221785326	0.005628381648598221	0.0035182320672349095	0.019686195339081673	0.05265097229916897	0.20004004004004003	0.11119755556791361	0.005568487230748277	0.005996210852834235	0.005560652410743583	0.007040869557616866	0.005626765076288976	0.1111111111111111	0.07142857142857142	0.013158760387811634	0.015191798731047347	0.008074610580540225	0.0	0.013340448890846224	0.0625	0.005531187395204432
lv	0.20003999999999997	0.02302824180395374	1.0	0.2	0.02048592784696929	0.020039680164744736	0.019681550808903332	0.01925632290836477	0.019234099113906805	0.020165323397823894	0.019730865068863537	0.33344444444444443	0.01970366554285559	0.01976484720878709	0.01928195123010657	0.02046120113724104	0.019686195339081673	0.01957179072417454	0.07154610744436811	0.25012512512512514	0.12550213400697446	0.019680007531548294	0.019669159732187032	0.020031651289755082	0.02028935735790406	0.019283052893046115	0.125015625	0.09090909090909091	0.03449465279548157	0.021098370257496536	0.020465389076431702	0.0	0.035757700318969514	0.07142857142857142	0.019642120831026094
mk	0.2	0.06255082423828515	1.0	0.25	0.06251171875	0.0500075	0.050020012510005006	0.04762358276643991	0.047619047619047616	0.052667614975080344	0.055589518530876555	0.3333333333333333	0.0500150050025025	0.06251953515625	0.04763038775737188	0.0625078125	0.05265097229916897	0.07154610744436811	0.04562248549043926	0.25	0.16675005558333333	0.0476417369682585	0.047637192746034014	0.04546487603305784	0.04767581644005917	0.05264819944598338	0.2	0.16666666666666666	0.07692307692307693	0.05887201388240143	0.05556481790432408	0.0	0.09092561983471074	0.09090909090909091	0.04546488016735537
ml	0.3333333333333333	0.25006256256256254	0.0	0.25	0.25012512512512514	0.2	0.2	0.2	0.2	0.20004004004004003	0.25	0.5	0.2001200800800801	0.25	0.2	0.25006249999999997	0.20004004004004003	0.25012512512512514	0.25	0.20016016016016017	0.20008008008008007	0.2	0.2	0.20004004004004003	0.20016016016016017	0.20008004004004004	0.5	0.16666666666666666	0.2	0.25	0.25006249999999997	0.0	0.25	0.125	0.20004004004004003
mr	0.25006249999999997	0.14312289871549183	0.5	0.2	0.12509378126564064	0.11114817285185186	0.111185246950642	0.11113580246913579	0.125	0.12517214109454822	0.12523484470498816	0.5	0.11119761735809884	0.12517207835962527	0.12504690624999998	0.14289797959183675	0.11119755556791361	0.12550213400697446	0.16675005558333333	0.20008008008008007	0.10059347028851238	0.11112345679012345	0.11114814814814815	0.11116051853087654	0.11140822445054759	0.12507817189064063	0.3333333333333333	0.2	0.11112345679012345	0.125234750579017	0.14289797961226533	0.0	0.14287755102040817	0.14285714285714285	0.11117286420988888
nl	0.1111111111111111	0.014972085372306838	0.5	0.16666666666666666	0.007588865740308135	0.0028645248465979565	0.006109965354818121	0.0021642068615108437	0.0027476679371679215	0.003141354907515463	0.00895030848869334	0.3333333333333333	0.00462150038083318	0.010778650281416804	0.0028479890373483306	0.0044944210256874055	0.005568487230748277	0.019680007531548294	0.0476417369682585	0.2	0.11112345679012345	0.001980150044579668	0.0036983483927332285	0.002980972455143813	0.004761632467973329	0.0037260316184021943	0.10000999999999999	0.07142857142857142	0.013334577777777778	0.013927581729528914	0.005036007117617168	0.0	0.007758432789798871	0.0625	0.0037806615870705374
pl	0.1111111111111111	0.015419485379789492	0.5	0.16666666666666666	0.00953297887402023	0.0037082635047127528	0.006545015650153684	0.00307066835735569	0.0034016382294414366	0.0037781195965458803	0.009025435415181868	0.3333333333333333	0.0054744730550056984	0.011382778074212183	0.0033605878562623466	0.005161290131775551	0.005996210852834235	0.019669159732187032	0.047637192746034014	0.2	0.11114814814814815	0.0036983483927332285	0.003057220675658516	0.004332774370011041	0.005408535155320935	0.004207585582340613	0.08334027777777778	0.07692307692307693	0.01351424397370343	0.013188093323332995	0.007150365110058577	0.0	0.012199287627007883	0.0625	0.004766626377285041
pt	0.06666666666666667	0.017263404607344865	0.5	0.16666666666666666	0.010209185860683152	0.0036262234846557717	0.006808046695591282	0.00284274237393516	0.0030031472914355795	0.0034122706600802537	0.009354450178451401	0.3333333333333333	0.004980972309925801	0.011505760221047445	0.0032497077105670454	0.0048116709758016145	0.005560652410743583	0.020031651289755082	0.04546487603305784	0.20004004004004003	0.11116051853087654	0.002980972455143813	0.004332774370011041	0.002340053582196016	0.004735432744477241	0.0044873638338007605	0.1111234691481605	0.07142857142857142	0.013513878743608472	0.015642842310823038	0.007303908094838244	0.0	0.012196460588935157	0.0625	0.004697614539377395
ro	0.09095042975206613	0.01631695334437267	0.5	0.16669444444444442	0.011952148735857171	0.004469392012290441	0.007242755235680253	0.004064609905233511	0.004239012837995709	0.004447089829587107	0.01008012395642635	0.3333333333333333	0.005701904616097443	0.012289103157595387	0.004411076662948141	0.0058146989011352975	0.007040869557616866	0.02028935735790406	0.04767581644005917	0.20016016016016017	0.11140822445054759	0.004761632467973329	0.005408535155320935	0.004735432744477241	0.0038115710876371906	0.005006084126139703	0.125015625	0.08333333333333333	0.015877804485261274	0.016543709491673168	0.008731644721243914	0.0	0.013533998770164292	0.06666666666666667	0.005372875312315986
ru	0.1	0.014957746652399762	0.5	0.16666666666666666	0.009623803999264241	0.003628012637167417	0.006337737676432126	0.0031474154026357843	0.003289636015419418	0.0037082493139437497	0.008562159163530581	0.3333333333333333	0.005596629353925407	0.010542739760281982	0.003452609841545308	0.004658029889039506	0.005626765076288976	0.019283052893046115	0.05264819944598338	0.20008004004004004	0.12507817189064063	0.0037260316184021943	0.004207585582340613	0.0044873638338007605	0.005006084126139703	0.003144864489147332	0.10000999999999999	0.058823529411764705	0.013158414127423823	0.014951262062538726	0.007098794484088033	0.0	0.01087476725153757	0.0625	0.004332830628139168
sh	0.25	0.11114814814814815	0.5	0.5	0.14287755102040817	0.07693491715976332	0.1111111111111111	0.07692307692307693	0.08333333333333333	0.11113580246913579	0.125	1.0	0.14287755102040817	0.125015625	0.07692899408284024	0.1111111111111111	0.1111111111111111	0.125015625	0.2	0.5	0.3333333333333333	0.10000999999999999	0.08334027777777778	0.1111234691481605	0.125015625	0.10000999999999999	0.0715154236226431	0.07142857142857142	0.20003999999999997	0.08334722917361806	0.125	0.0	0.25	0.06666666666666667	0.1
si	0.3333333333333333	0.14285714285714285	0.0	0.3333333333333333	0.07692307692307693	0.07692307692307693	0.08333333333333333	0.058823529411764705	0.07142857142857142	0.0625	0.07692307692307693	0.1111111111111111	0.09090909090909091	0.07142857142857142	0.08333333333333333	0.07692307692307693	0.07142857142857142	0.09090909090909091	0.16666666666666666	0.16666666666666666	0.2	0.07142857142857142	0.07692307692307693	0.07142857142857142	0.08333333333333333	0.058823529411764705	0.07142857142857142	0.058823529411764705	0.08333333333333333	0.07692307692307693	0.07142857142857142	0.5	0.07142857142857142	0.16666666666666666	0.07142857142857142
simple	0.1	0.03334111333333333	0.5	0.2	0.018518861454046638	0.012196014426085814	0.01562646484375	0.011236586289609897	0.012345679012345678	0.013161185076350414	0.01785969419642857	0.3333333333333333	0.016394786347755978	0.022225185679012344	0.012049644650892725	0.01408569728228526	0.013158760387811634	0.03449465279548157	0.07692307692307693	0.2	0.11112345679012345	0.013334577777777778	0.01351424397370343	0.013513878743608472	0.015877804485261274	0.013158414127423823	0.20003999999999997	0.08333333333333333	0.011121864213354352	0.029418686852942907	0.016130333246618105	0.0	0.02702848794740686	0.07692307692307693	0.01315893351800554
sr	0.25006249999999997	0.018335173790565346	1.0	0.2	0.01699149615254356	0.01317836052210252	0.01591697157419618	0.01177814701165776	0.01315962673147524	0.014786323623564922	0.01646225347125932	0.33344444444444443	0.01567153120400963	0.017034602706406998	0.013357022307187527	0.01589951456426253	0.015191798731047347	0.021098370257496536	0.05887201388240143	0.25	0.125234750579017	0.013927581729528914	0.013188093323332995	0.015642842310823038	0.016543709491673168	0.014951262062538726	0.08334722917361806	0.07692307692307693	0.029418686852942907	0.011987112148280096	0.016423598590591778	0.0	0.030325082653816348	0.07142857142857142	0.01451652473479848
sv	0.11114816050618517	0.015424719323048806	0.5	0.16666666666666666	0.008556882549368797	0.006140733567095229	0.00885841538977963	0.004548990477356964	0.0061353457789906285	0.006556646544401462	0.011253401121250938	0.3333333333333333	0.008144385468463187	0.013008468773582213	0.005922205457794372	0.007525417326705076	0.008074610580540225	0.020465389076431702	0.05556481790432408	0.25006249999999997	0.14289797961226533	0.005036007117617168	0.007150365110058577	0.007303908094838244	0.008731644721243914	0.007098794484088033	0.125	0.07142857142857142	0.016130333246618105	0.016423598590591778	0.00451724958738547	0.0	0.010210019576635362	0.0625	0.007096880139431569
te	0.0	0.0	0.0	0.0	0.0	0.0	0.0	0.0	0.0	0.0	0.0	0.0	0.0	0.0	0.0	0.0	0.0	0.0	0.0	0.0	0.0	0.0	0.0	0.0	0.0	0.0	0.0	0.5	0.0	0.0	0.0	0.0	0.0	0.5	0.0
vi	0.125	0.02859921554125635	0.5	0.2	0.016135538502081166	0.010103969901132537	0.015390773019646154	0.006291603220125826	0.010101010101010102	0.010540295981531023	0.02128837393028701	0.3333333333333333	0.012054001307302078	0.017869906893498405	0.009094464132892893	0.011116545680124074	0.013340448890846224	0.035757700318969514	0.09092561983471074	0.25	0.14287755102040817	0.007758432789798871	0.012199287627007883	0.012196460588935157	0.013533998770164292	0.01087476725153757	0.25	0.07142857142857142	0.02702848794740686	0.030325082653816348	0.010210019576635362	0.0	0.0063440131355179405	0.0625	0.01020699802217826
war	0.2	0.09090909090909091	0.0	0.16666666666666666	0.0625	0.06666666666666667	0.07692307692307693	0.0625	0.0625	0.0625	0.06666666666666667	0.1	0.08333333333333333	0.0625	0.07142857142857142	0.06666666666666667	0.0625	0.07142857142857142	0.09090909090909091	0.125	0.14285714285714285	0.0625	0.0625	0.0625	0.06666666666666667	0.0625	0.06666666666666667	0.16666666666666666	0.07692307692307693	0.07142857142857142	0.0625	0.5	0.0625	0.0625	0.0625
zh	0.08334027777777778	0.015178425948314676	0.5	0.16666666666666666	0.009016808302011207	0.003749194228133098	0.006674008720810368	0.0030885646635048303	0.003508993561095722	0.0041297903849089644	0.009023070403520444	0.3333333333333333	0.006377022283392163	0.010216592065833334	0.0036532478582395195	0.004836127312731317	0.005531187395204432	0.019642120831026094	0.04546488016735537	0.20004004004004003	0.11117286420988888	0.0037806615870705374	0.004766626377285041	0.004697614539377395	0.005372875312315986	0.004332830628139168	0.1	0.07142857142857142	0.01315893351800554	0.01451652473479848	0.007096880139431569	0.0	0.01020699802217826	0.0625	0.003110096689892192
