arz	bs	ceb	ckb	da	de	el	en	es	fr	he	hi	hu	id	it	ja	ko	lv	mk	ml	mr	nl	pl	pt	ro	ru	sh	si	simple	sr	sv	te	tr	union	vi	war	zh
arz	1.0	1.0	1.0	1.0	0.7744097047377118	0.6221982196391783	1.0	0.25232011404494514	0.39046309277741087	0.68703359906731	1.0	1.0	0.6107234466766538	0.6221982196391784	0.3321394749541964	1.0	1.0	1.0	1.0	1.0	1.0	0.6589257440209708	0.6870335990673101	1.0	0.5965314499447201	1.0	0.7234532828151788	1.0	0.7234532828151788	1.0	0.7744097047377118	1.0	1.0	0.2744816859920131	0.7234532828151788	1.0	1.0
bs	1.0	1.0	1.0	1.0	0.7744097047377118	0.6221982196391783	1.0	0.25232011404494514	0.39046309277741087	0.68703359906731	1.0	1.0	0.6107234466766538	0.6221982196391784	0.3321394749541964	1.0	1.0	1.0	1.0	1.0	1.0	0.6589257440209708	0.6870335990673101	1.0	0.5965314499447201	1.0	0.7234532828151788	1.0	0.7234532828151788	1.0	0.7744097047377118	1.0	1.0	0.2744816859920131	0.7234532828151788	1.0	1.0
ceb	1.0	1.0	1.0	1.0	0.7744097047377118	0.6221982196391783	1.0	0.25232011404494514	0.39046309277741087	0.68703359906731	1.0	1.0	0.6107234466766538	0.6221982196391784	0.3321394749541964	1.0	1.0	1.0	1.0	1.0	1.0	0.6589257440209708	0.6870335990673101	1.0	0.5965314499447201	1.0	0.7234532828151788	1.0	0.7234532828151788	1.0	0.7744097047377118	1.0	1.0	0.2744816859920131	0.7234532828151788	1.0	1.0
ckb	1.0	1.0	1.0	1.0	0.7744097047377118	0.6221982196391783	1.0	0.25232011404494514	0.39046309277741087	0.68703359906731	1.0	1.0	0.6107234466766538	0.6221982196391784	0.3321394749541964	1.0	1.0	1.0	1.0	1.0	1.0	0.6589257440209708	0.6870335990673101	1.0	0.5965314499447201	1.0	0.7234532828151788	1.0	0.7234532828151788	1.0	0.7744097047377118	1.0	1.0	0.2744816859920131	0.7234532828151788	1.0	1.0
da	0.7744097047377118	0.7744097047377118	0.7744097047377118	0.7744097047377118	1.0	1.0	0.7744097047377118	0.43526109167898114	0.43526109167898114	1.0	1.0	1.0	0.6589580941625937	1.0	1.0	1.0	1.0	0.7744097047377118	0.7744097047377118	0.7744097047377118	0.7744097047377118	1.0	1.0	1.0	0.6241534987609255	1.0	0.7808271881835563	0.7744097047377118	0.7808271881835563	0.7744097047377118	1.0	0.7744097047377118	1.0	0.38893058726134083	1.0	0.7744097047377118	1.0
de	0.6221982196391783	0.6221982196391783	0.6221982196391783	0.6221982196391783	1.0	1.0	0.728099120889861	0.36609103723713776	0.5413454357482648	0.6468909830471344	0.728099120889861	0.728099120889861	0.728099120889861	0.33728460987973946	0.30066711315921774	0.728099120889861	0.728099120889861	0.6221982196391783	0.728099120889861	0.17275638939630814	0.17275638939630814	0.3171084159619374	0.31760737363365726	0.6714582047376441	0.728099120889861	0.728099120889861	0.2966699306979949	0.728099120889861	0.728099120889861	0.6468909830471345	0.728099120889861	0.17275638939630814	0.728099120889861	0.3404541648104071	0.728099120889861	0.6221982196391783	0.728099120889861
el	1.0	1.0	1.0	1.0	0.7744097047377118	0.728099120889861	1.0	0.3704177437661675	0.5793354977443738	0.728099120889861	1.0	1.0	1.0	0.344899750016089	0.28662944189894257	1.0	1.0	1.0	1.0	1.0	1.0	0.3243934729508444	0.3249701030124113	0.7808298169993729	1.0	1.0	0.30296316465614026	1.0	1.0	0.728099120889861	1.0	1.0	1.0	0.33732754550745714	1.0	1.0	1.0
en	0.25232011404494514	0.25232011404494514	0.25232011404494514	0.25232011404494514	0.43526109167898114	0.36609103723713776	0.3704177437661675	1.0	0.4244273846242441	0.39104264444203535	0.3704177437661675	0.3704177437661675	0.3704177437661675	0.3939403637732396	0.3218792103670961	0.3704177437661675	0.3704177437661675	0.25232011404494514	0.3704177437661675	0.11699490661099501	0.11699490661099501	0.48392109416790274	0.4763456533780792	0.3932608997756068	0.3704177437661675	0.3704177437661675	0.46454997429639394	0.3704177437661675	0.3704177437661675	0.38505106449811494	0.3704177437661675	0.11699490661099501	0.3704177437661675	0.34454400536264884	0.3704177437661675	0.25232011404494514	0.3704177437661675
es	0.39046309277741087	0.39046309277741087	0.39046309277741087	0.39046309277741087	0.43526109167898114	0.5413454357482648	0.5793354977443738	0.4244273846242441	1.0	0.6285234175339323	0.5793354977443738	0.5793354977443738	0.5793354977443738	0.43323894240329747	0.32485813055628504	0.5793354977443738	0.5793354977443738	0.39046309277741087	0.5793354977443738	0.18029287723475895	0.18029287723475895	0.3807220397600497	0.38936379001640475	0.6621635649135215	0.5793354977443738	0.5793354977443738	0.3517152839868478	0.5793354977443738	0.5793354977443738	0.6453067148660149	0.5793354977443738	0.18029287723475895	0.5793354977443738	0.34583419525951536	0.5793354977443738	0.39046309277741087	0.5793354977443738
fr	0.68703359906731	0.68703359906731	0.68703359906731	0.68703359906731	1.0	0.6468909830471344	0.728099120889861	0.39104264444203535	0.6285234175339323	1.0	0.728099120889861	0.728099120889861	0.728099120889861	0.3714567550669946	0.2982288145897856	0.728099120889861	0.728099120889861	0.68703359906731	0.728099120889861	0.25838257055451247	0.25838257055451247	0.34914103440078836	0.3451663959828523	0.7593297572208594	0.728099120889861	0.728099120889861	0.320695458113777	0.728099120889861	0.728099120889861	0.6487162246276684	0.728099120889861	0.25838257055451247	0.728099120889861	0.34008233446730235	0.728099120889861	0.68703359906731	0.728099120889861
he	1.0	1.0	1.0	1.0	1.0	0.728099120889861	1.0	0.3704177437661675	0.5793354977443738	0.728099120889861	1.0	1.0	1.0	0.344899750016089	0.28662944189894257	1.0	1.0	1.0	1.0	1.0	1.0	0.3243934729508444	0.3249701030124113	0.7808298169993729	1.0	1.0	0.30296316465614026	1.0	1.0	0.728099120889861	1.0	1.0	1.0	0.33732754550745714	1.0	1.0	1.0
hi	1.0	1.0	1.0	1.0	1.0	0.728099120889861	1.0	0.3704177437661675	0.5793354977443738	0.728099120889861	1.0	1.0	1.0	0.344899750016089	0.28662944189894257	1.0	1.0	1.0	1.0	1.0	1.0	0.3243934729508444	0.3249701030124113	0.7808298169993729	1.0	1.0	0.30296316465614026	1.0	1.0	0.728099120889861	1.0	1.0	1.0	0.33732754550745714	1.0	1.0	1.0
hu	0.6107234466766538	0.6107234466766538	0.6107234466766538	0.6107234466766538	0.6589580941625937	0.728099120889861	1.0	0.3704177437661675	0.5793354977443738	0.728099120889861	1.0	1.0	1.0	0.344899750016089	0.28662944189894257	1.0	1.0	0.6107234466766538	1.0	1.0	1.0	0.3243934729508444	0.3249701030124113	0.7808298169993729	1.0	1.0	0.30296316465614026	1.0	1.0	0.728099120889861	1.0	1.0	1.0	0.33732754550745714	1.0	0.6107234466766538	1.0
id	0.6221982196391784	0.6221982196391784	0.6221982196391784	0.6221982196391784	1.0	0.33728460987973946	0.344899750016089	0.3939403637732396	0.43323894240329747	0.3714567550669946	0.344899750016089	0.344899750016089	0.344899750016089	1.0	0.35762362246541846	0.344899750016089	0.344899750016089	0.6221982196391784	0.344899750016089	1.0	1.0	0.4553612316382742	0.49298631823691	0.3705931497804973	0.344899750016089	0.344899750016089	0.41667803186277474	0.344899750016089	0.344899750016089	0.3714567550669946	0.344899750016089	1.0	0.344899750016089	0.33508549213311295	0.344899750016089	0.6221982196391784	0.344899750016089
it	0.3321394749541964	0.3321394749541964	0.3321394749541964	0.3321394749541964	1.0	0.30066711315921774	0.28662944189894257	0.3218792103670961	0.32485813055628504	0.2982288145897856	0.28662944189894257	0.28662944189894257	0.28662944189894257	0.35762362246541846	1.0	0.28662944189894257	0.28662944189894257	0.3321394749541964	0.28662944189894257	0.24427821828885288	0.24427821828885288	0.32742984007390186	0.3378317111143921	0.30001016112149204	0.28662944189894257	0.28662944189894257	0.3149091459170006	0.28662944189894257	0.28662944189894257	0.2982288145897856	0.28662944189894257	0.24427821828885288	0.28662944189894257	0.32926236200872816	0.28662944189894257	0.3321394749541964	0.28662944189894257
ja	1.0	1.0	1.0	1.0	1.0	0.728099120889861	1.0	0.3704177437661675	0.5793354977443738	0.728099120889861	1.0	1.0	1.0	0.344899750016089	0.28662944189894257	1.0	1.0	1.0	1.0	1.0	1.0	0.3243934729508444	0.3249701030124113	0.7808298169993729	1.0	1.0	0.30296316465614026	1.0	1.0	0.728099120889861	1.0	1.0	1.0	0.33732754550745714	1.0	1.0	1.0
ko	1.0	1.0	1.0	1.0	1.0	0.728099120889861	1.0	0.3704177437661675	0.5793354977443738	0.728099120889861	1.0	1.0	1.0	0.344899750016089	0.28662944189894257	1.0	1.0	1.0	1.0	1.0	1.0	0.3243934729508444	0.3249701030124113	0.7808298169993729	1.0	1.0	0.30296316465614026	1.0	1.0	0.728099120889861	1.0	1.0	1.0	0.33732754550745714	1.0	1.0	1.0
lv	1.0	1.0	1.0	1.0	0.7744097047377118	0.6221982196391783	1.0	0.25232011404494514	0.39046309277741087	0.68703359906731	1.0	1.0	0.6107234466766538	0.6221982196391784	0.3321394749541964	1.0	1.0	1.0	1.0	1.0	1.0	0.6589257440209708	0.6870335990673101	1.0	0.5965314499447201	1.0	0.7234532828151788	1.0	0.7234532828151788	1.0	0.7744097047377118	1.0	1.0	0.2744816859920131	0.7234532828151788	1.0	1.0
mk	1.0	1.0	1.0	1.0	0.7744097047377118	0.728099120889861	1.0	0.3704177437661675	0.5793354977443738	0.728099120889861	1.0	1.0	1.0	0.344899750016089	0.28662944189894257	1.0	1.0	1.0	1.0	1.0	1.0	0.3243934729508444	0.3249701030124113	0.7808298169993729	1.0	1.0	0.30296316465614026	1.0	1.0	0.728099120889861	1.0	1.0	1.0	0.33732754550745714	1.0	1.0	1.0
ml	1.0	1.0	1.0	1.0	0.7744097047377118	0.17275638939630814	1.0	0.11699490661099501	0.18029287723475895	0.25838257055451247	1.0	1.0	1.0	1.0	0.24427821828885288	1.0	1.0	1.0	1.0	1.0	1.0	1.0	1.0	0.7162593025943935	1.0	1.0	0.7234532828151788	1.0	1.0	1.0	0.15404011552535177	1.0	1.0	0.09608039816151616	1.0	1.0	1.0
mr	1.0	1.0	1.0	1.0	0.7744097047377118	0.17275638939630814	1.0	0.11699490661099501	0.18029287723475895	0.25838257055451247	1.0	1.0	1.0	1.0	0.24427821828885288	1.0	1.0	1.0	1.0	1.0	1.0	1.0	1.0	0.7162593025943935	1.0	1.0	0.7234532828151788	1.0	1.0	1.0	0.15404011552535177	1.0	1.0	0.09608039816151616	1.0	1.0	1.0
nl	0.6589257440209708	0.6589257440209708	0.6589257440209708	0.6589257440209708	1.0	0.3171084159619374	0.3243934729508444	0.48392109416790274	0.3807220397600497	0.34914103440078836	0.3243934729508444	0.3243934729508444	0.3243934729508444	0.4553612316382742	0.32742984007390186	0.3243934729508444	0.3243934729508444	0.6589257440209708	0.3243934729508444	1.0	1.0	1.0	0.7031119889615346	0.346117057460022	0.3243934729508444	0.3243934729508444	0.6195796085260059	0.3243934729508444	0.3243934729508444	0.3366306833884793	0.3243934729508444	1.0	0.3243934729508444	0.3332123892108979	0.3243934729508444	0.6589257440209708	0.3243934729508444
pl	0.6870335990673101	0.6870335990673101	0.6870335990673101	0.6870335990673101	1.0	0.31760737363365726	0.3249701030124113	0.4763456533780792	0.38936379001640475	0.3451663959828523	0.3249701030124113	0.3249701030124113	0.3249701030124113	0.49298631823691	0.3378317111143921	0.3249701030124113	0.3249701030124113	0.6870335990673101	0.3249701030124113	1.0	1.0	0.7031119889615346	1.0	0.34876994553940627	0.3249701030124113	0.3249701030124113	0.6111650645822203	0.3249701030124113	0.3249701030124113	0.3449493658980057	0.3249701030124113	1.0	0.3249701030124113	0.33480254246011415	0.3249701030124113	0.6870335990673101	0.3249701030124113
pt	1.0	1.0	1.0	1.0	1.0	0.6714582047376441	0.7808298169993729	0.3932608997756068	0.6621635649135215	0.7593297572208594	0.7808298169993729	0.7808298169993729	0.7808298169993729	0.3705931497804973	0.30001016112149204	0.7808298169993729	0.7808298169993729	1.0	0.7808298169993729	0.7162593025943935	0.7162593025943935	0.346117057460022	0.34876994553940627	1.0	0.7808298169993729	0.7808298169993729	0.3213923331350457	0.7808298169993729	0.7808298169993729	0.7593297572208593	0.7808298169993729	0.7162593025943935	0.7808298169993729	0.3415468279192555	0.7808298169993729	1.0	0.7808298169993729
ro	0.5965314499447201	0.5965314499447201	0.5965314499447201	0.5965314499447201	0.6241534987609255	0.728099120889861	1.0	0.3704177437661675	0.5793354977443738	0.728099120889861	1.0	1.0	1.0	0.344899750016089	0.28662944189894257	1.0	1.0	0.5965314499447201	1.0	1.0	1.0	0.3243934729508444	0.3249701030124113	0.7808298169993729	1.0	1.0	0.30296316465614026	1.0	1.0	0.728099120889861	1.0	1.0	1.0	0.33732754550745714	1.0	0.5965314499447201	1.0
ru	1.0	1.0	1.0	1.0	1.0	0.728099120889861	1.0	0.3704177437661675	0.5793354977443738	0.728099120889861	1.0	1.0	1.0	0.344899750016089	0.28662944189894257	1.0	1.0	1.0	1.0	1.0	1.0	0.3243934729508444	0.3249701030124113	0.7808298169993729	1.0	1.0	0.30296316465614026	1.0	1.0	0.728099120889861	1.0	1.0	1.0	0.33732754550745714	1.0	1.0	1.0
sh	0.7234532828151788	0.7234532828151788	0.7234532828151788	0.7234532828151788	0.7808271881835563	0.2966699306979949	0.30296316465614026	0.46454997429639394	0.3517152839868478	0.320695458113777	0.30296316465614026	0.30296316465614026	0.30296316465614026	0.41667803186277474	0.3149091459170006	0.30296316465614026	0.30296316465614026	0.7234532828151788	0.30296316465614026	0.7234532828151788	0.7234532828151788	0.6195796085260059	0.6111650645822203	0.3213923331350457	0.30296316465614026	0.30296316465614026	1.0	0.30296316465614026	0.30296316465614026	0.31631273201276017	0.30296316465614026	0.7234532828151788	0.30296316465614026	0.3274426222532464	0.30296316465614026	0.7234532828151788	0.30296316465614026
si	1.0	1.0	1.0	1.0	0.7744097047377118	0.728099120889861	1.0	0.3704177437661675	0.5793354977443738	0.728099120889861	1.0	1.0	1.0	0.344899750016089	0.28662944189894257	1.0	1.0	1.0	1.0	1.0	1.0	0.3243934729508444	0.3249701030124113	0.7808298169993729	1.0	1.0	0.30296316465614026	1.0	1.0	0.728099120889861	1.0	1.0	1.0	0.33732754550745714	1.0	1.0	1.0
simple	0.7234532828151788	0.7234532828151788	0.7234532828151788	0.7234532828151788	0.7808271881835563	0.728099120889861	1.0	0.3704177437661675	0.5793354977443738	0.728099120889861	1.0	1.0	1.0	0.344899750016089	0.28662944189894257	1.0	1.0	0.7234532828151788	1.0	1.0	1.0	0.3243934729508444	0.3249701030124113	0.7808298169993729	1.0	1.0	0.30296316465614026	1.0	1.0	0.728099120889861	1.0	1.0	1.0	0.33732754550745714	1.0	0.7234532828151788	1.0
sr	1.0	1.0	1.0	1.0	0.7744097047377118	0.6468909830471345	0.728099120889861	0.38505106449811494	0.6453067148660149	0.6487162246276684	0.728099120889861	0.728099120889861	0.728099120889861	0.3714567550669946	0.2982288145897856	0.728099120889861	0.728099120889861	1.0	0.728099120889861	1.0	1.0	0.3366306833884793	0.3449493658980057	0.7593297572208593	0.728099120889861	0.728099120889861	0.31631273201276017	0.728099120889861	0.728099120889861	1.0	0.728099120889861	1.0	0.728099120889861	0.3404751813562986	0.728099120889861	1.0	0.728099120889861
sv	0.7744097047377118	0.7744097047377118	0.7744097047377118	0.7744097047377118	1.0	0.728099120889861	1.0	0.3704177437661675	0.5793354977443738	0.728099120889861	1.0	1.0	1.0	0.344899750016089	0.28662944189894257	1.0	1.0	0.7744097047377118	1.0	0.15404011552535177	0.15404011552535177	0.3243934729508444	0.3249701030124113	0.7808298169993729	1.0	1.0	0.30296316465614026	1.0	1.0	0.728099120889861	1.0	0.15404011552535177	1.0	0.33732754550745714	1.0	0.7744097047377118	1.0
te	1.0	1.0	1.0	1.0	0.7744097047377118	0.17275638939630814	1.0	0.11699490661099501	0.18029287723475895	0.25838257055451247	1.0	1.0	1.0	1.0	0.24427821828885288	1.0	1.0	1.0	1.0	1.0	1.0	1.0	1.0	0.7162593025943935	1.0	1.0	0.7234532828151788	1.0	1.0	1.0	0.15404011552535177	1.0	1.0	0.09608039816151616	1.0	1.0	1.0
tr	1.0	1.0	1.0	1.0	1.0	0.728099120889861	1.0	0.3704177437661675	0.5793354977443738	0.728099120889861	1.0	1.0	1.0	0.344899750016089	0.28662944189894257	1.0	1.0	1.0	1.0	1.0	1.0	0.3243934729508444	0.3249701030124113	0.7808298169993729	1.0	1.0	0.30296316465614026	1.0	1.0	0.728099120889861	1.0	1.0	1.0	0.33732754550745714	1.0	1.0	1.0
union	0.2744816859920131	0.2744816859920131	0.2744816859920131	0.2744816859920131	0.38893058726134083	0.3404541648104071	0.33732754550745714	0.34454400536264884	0.34583419525951536	0.34008233446730235	0.33732754550745714	0.33732754550745714	0.33732754550745714	0.33508549213311295	0.32926236200872816	0.33732754550745714	0.33732754550745714	0.2744816859920131	0.33732754550745714	0.09608039816151616	0.09608039816151616	0.3332123892108979	0.33480254246011415	0.3415468279192555	0.33732754550745714	0.33732754550745714	0.3274426222532464	0.33732754550745714	0.33732754550745714	0.3404751813562986	0.33732754550745714	0.09608039816151616	0.33732754550745714	1.0	0.33732754550745714	0.2744816859920131	0.33732754550745714
vi	0.7234532828151788	0.7234532828151788	0.7234532828151788	0.7234532828151788	1.0	0.728099120889861	1.0	0.3704177437661675	0.5793354977443738	0.728099120889861	1.0	1.0	1.0	0.344899750016089	0.28662944189894257	1.0	1.0	0.7234532828151788	1.0	1.0	1.0	0.3243934729508444	0.3249701030124113	0.7808298169993729	1.0	1.0	0.30296316465614026	1.0	1.0	0.728099120889861	1.0	1.0	1.0	0.33732754550745714	1.0	0.7234532828151788	1.0
war	1.0	1.0	1.0	1.0	0.7744097047377118	0.6221982196391783	1.0	0.25232011404494514	0.39046309277741087	0.68703359906731	1.0	1.0	0.6107234466766538	0.6221982196391784	0.3321394749541964	1.0	1.0	1.0	1.0	1.0	1.0	0.6589257440209708	0.6870335990673101	1.0	0.5965314499447201	1.0	0.7234532828151788	1.0	0.7234532828151788	1.0	0.7744097047377118	1.0	1.0	0.2744816859920131	0.7234532828151788	1.0	1.0
zh	1.0	1.0	1.0	1.0	1.0	0.728099120889861	1.0	0.3704177437661675	0.5793354977443738	0.728099120889861	1.0	1.0	1.0	0.344899750016089	0.28662944189894257	1.0	1.0	1.0	1.0	1.0	1.0	0.3243934729508444	0.3249701030124113	0.7808298169993729	1.0	1.0	0.30296316465614026	1.0	1.0	0.728099120889861	1.0	1.0	1.0	0.33732754550745714	1.0	1.0	1.0
