arz	bs	ceb	ckb	da	de	el	en	es	fr	he	hi	hu	id	it	ja	ko	lv	mk	ml	mr	nl	pl	pt	ro	ru	sh	si	simple	sr	sv	te	tr	vi	war	zh
arz	1.0	1.0	0.9079229991726373	1.0	1.0	1.0	1.0	1.0	1.0	1.0	1.0	1.0	1.0	1.0	1.0	1.0	1.0	1.0	0.0	1.0	1.0	1.0	1.0	1.0	1.0	1.0	1.0	0.0	1.0	1.0	1.0	1.0	1.0	1.0	1.0	1.0
bs	1.0	1.0	0.7549408370385874	1.0	0.6983438190355966	0.6239725949460845	0.7863954451402115	0.6239725949460845	0.5340805394397553	0.6380732827477678	0.6704675947063355	0.7863954451402115	0.6983438190355966	0.72653347084664	0.6239725949460845	0.6983438190355966	0.7690990303325336	0.7863954451402115	1.0	1.0	1.0	0.5879511749463611	0.6380732827477678	0.5752976333852603	0.6704675947063354	0.6239725949460845	0.543804599869343	0.0	0.7863954451402115	0.5813756416894514	0.657312113971931	1.0	0.3711670246999993	0.6856333412409469	1.0	0.7106922308883379
ceb	0.9079229991726373	0.7549408370385874	1.0	0.7976954784307968	0.7404115893345643	0.708455681792277	0.7946296044699814	0.6302453083030868	0.6458004993745632	0.6277614241655084	0.7962416912066351	0.7997311185669441	0.4309326198686234	0.697826419084365	0.7731386407953429	0.7946296044699814	0.7946296044699815	0.5519559690556766	0.7976954784307968	0.7976954784307968	0.7976954784307968	0.7642719621465854	0.7354137328303374	0.3373638732258132	0.741584908588251	0.7946296044699818	0.3279403499329679	0.8376178898913984	0.7666323790899974	0.7962416912066351	0.6652528609585565	0.814059055736317	-1.0	0.6643291645448522	0.3922536635334336	0.24430728219498404
ckb	1.0	1.0	0.7976954784307968	1.0	1.0	1.0	1.0	0.7584325078215763	1.0	1.0	1.0	1.0	1.0	1.0	1.0	1.0	1.0	1.0	1.0	1.0	1.0	1.0	1.0	0.7863954451402115	1.0	1.0	1.0	0.0	1.0	1.0	1.0	1.0	1.0	1.0	1.0	1.0
da	1.0	0.6983438190355966	0.7404115893345643	1.0	1.0	0.728099120889861	1.0	0.5993923200937556	0.6468909830471345	0.661251134120194	1.0	1.0	0.7411828468492555	1.0	0.5699203497602631	0.7347168825662657	0.7455134344225701	1.0	1.0	1.0	1.0	0.7047404810937389	0.6956152339080293	0.5291669470445517	1.0	1.0	0.3295307663578033	1.0	1.0	0.6223041007404059	1.0	1.0	0.3217523686711446	1.0	1.0	1.0
de	1.0	0.6239725949460845	0.708455681792277	1.0	0.728099120889861	1.0	0.7455134344225701	0.1727248111540251	0.32227689017913264	0.3509440083928929	1.0	1.0	0.728099120889861	0.7263875964832448	0.31425020708486323	0.5243118279808622	0.7210092110599264	1.0	1.0	1.0	1.0	0.3665252463660747	0.2631451190215412	0.24395657206280139	0.7234532828151787	0.583843588790277	0.3026918087627165	1.0	1.0	0.45156361329574934	0.490491728145184	1.0	0.3442603432109913	0.7189258117174852	1.0	0.5999553063370198
el	1.0	0.7863954451402115	0.7946296044699814	1.0	1.0	0.7455134344225701	1.0	1.0	1.0	1.0	1.0	1.0	0.7584325078215765	1.0	1.0	1.0	1.0	1.0	1.0	1.0	1.0	0.7510341748895938	0.7411828468492555	1.0	1.0	1.0	0.620294969833143	1.0	1.0	0.7584325078215763	1.0	1.0	0.7510341748895938	1.0	1.0	1.0
en	1.0	0.6239725949460845	0.6302453083030868	0.7584325078215763	0.5993923200937556	0.1727248111540251	1.0	1.0	0.16102914374235544	0.18923364263115755	0.5631313314079442	1.0	0.6464097068539042	0.6221982196391784	0.18530945400134008	0.44016466627439926	0.6501445840862392	1.0	1.0	1.0	1.0	0.3365943734410883	0.13247825539068392	0.14318319936486398	0.6324191469765508	0.30414782289336195	0.3163154024845617	1.0	0.342642789521576	0.38577596578680856	0.23024347209808724	1.0	0.36001968296120135	0.5769005005202821	1.0	0.3984617002686628
es	1.0	0.5340805394397553	0.6458004993745632	1.0	0.6468909830471345	0.32227689017913264	1.0	0.16102914374235544	1.0	0.30760288551897047	0.5743801667867756	1.0	0.7322034805959264	1.0	0.2878375388661059	0.5433371714483712	0.5901654686514951	1.0	1.0	1.0	1.0	0.40647153687186466	0.2363502282589576	0.2195462929252461	0.6589257440209709	0.43125527359093824	0.3165099501718135	1.0	0.6464097068539042	0.376251579993298	0.34534515777205915	1.0	0.3689825156879718	0.6081387406547981	1.0	0.5439532263421115
fr	1.0	0.6380732827477678	0.6277614241655084	1.0	0.661251134120194	0.3509440083928929	1.0	0.18923364263115755	0.30760288551897047	1.0	1.0	1.0	0.728099120889861	0.6451356057815301	0.4137560751074012	0.7116768074483948	1.0	1.0	1.0	1.0	1.0	0.38354207835961784	0.32317465142458873	0.20703736118288546	0.7221793916855703	0.5059568209332409	0.3794954298908681	1.0	0.6471810937748328	0.46248498085532386	0.48581189348149556	1.0	0.3225568843563585	0.7199285383279772	1.0	1.0
he	1.0	0.6704675947063355	0.7962416912066351	1.0	1.0	1.0	1.0	0.5631313314079442	0.5743801667867756	1.0	1.0	1.0	0.7411828468492555	1.0	0.7199285383279772	1.0	1.0	1.0	1.0	1.0	1.0	0.5982000748211033	0.6549329476340923	0.5569458829978287	1.0	1.0	0.44429061513856277	1.0	1.0	0.5913800870748354	1.0	1.0	0.6395657813917608	1.0	1.0	1.0
hi	1.0	0.7863954451402115	0.7997311185669441	1.0	1.0	1.0	1.0	1.0	1.0	1.0	1.0	1.0	0.7584325078215765	1.0	1.0	1.0	1.0	1.0	1.0	1.0	1.0	0.7455134344225701	0.7411828468492555	0.7411828468492555	1.0	1.0	0.620294969833143	1.0	1.0	0.7106922308883378	1.0	1.0	0.7455134344225701	1.0	1.0	1.0
hu	1.0	0.6983438190355966	0.4309326198686234	1.0	0.7411828468492555	0.728099120889861	0.7584325078215765	0.6464097068539042	0.7322034805959264	0.728099120889861	0.7411828468492555	0.7584325078215765	1.0	0.7584325078215765	0.6056469048251054	0.7411828468492555	0.7455134344225701	0.7584325078215765	1.0	1.0	1.0	0.833606173141405	0.7300208629885035	0.6406210119566924	0.6562661056221563	0.7347168825662657	0.517794807456706	1.0	0.7376607345031153	0.7510341748895938	0.7411828468492555	1.0	1.0	0.7455134344225701	1.0	0.7347168825662657
id	1.0	0.72653347084664	0.697826419084365	1.0	1.0	0.7263875964832448	1.0	0.6221982196391784	1.0	0.6451356057815301	1.0	1.0	0.7584325078215765	1.0	1.0	1.0	1.0	1.0	1.0	1.0	1.0	0.6786291688147439	0.7300208629885035	0.7263875964832449	1.0	1.0	0.5207486881836769	1.0	1.0	0.6395657813917609	1.0	1.0	0.42646584070076127	1.0	1.0	1.0
it	1.0	0.6239725949460845	0.7731386407953429	1.0	0.5699203497602631	0.31425020708486323	1.0	0.18530945400134008	0.2878375388661059	0.4137560751074012	0.7199285383279772	1.0	0.6056469048251054	1.0	1.0	0.5999553063370197	1.0	1.0	1.0	1.0	1.0	0.46803946352794545	0.2965113493253291	0.25284571437375	0.6451356057815301	0.4340369366545001	0.2969660629580439	1.0	0.6464097068539042	0.4521691465198152	0.48446822848296933	1.0	0.33477704039815814	0.7210092110599263	1.0	1.0
ja	1.0	0.6983438190355966	0.7946296044699814	1.0	0.7347168825662657	0.5243118279808622	1.0	0.44016466627439926	0.5433371714483712	0.7116768074483948	1.0	1.0	0.7411828468492555	1.0	0.5999553063370197	1.0	1.0	1.0	1.0	1.0	1.0	0.559152953751058	0.5027479161369669	0.4031608704872936	1.0	1.0	0.3390024998535681	1.0	1.0	0.7300208629885034	1.0	1.0	0.5041305157894657	1.0	1.0	1.0
ko	1.0	0.7690990303325336	0.7946296044699815	1.0	0.7455134344225701	0.7210092110599264	1.0	0.6501445840862392	0.5901654686514951	1.0	1.0	1.0	0.7455134344225701	1.0	1.0	1.0	1.0	1.0	1.0	1.0	1.0	0.6638546162332061	0.7248485669756151	0.559238050566578	1.0	1.0	0.4852373319329257	1.0	1.0	0.5838038838683439	0.6254303192325079	1.0	0.5895598144787592	1.0	1.0	1.0
lv	1.0	0.7863954451402115	0.5519559690556766	1.0	1.0	1.0	1.0	1.0	1.0	1.0	1.0	1.0	0.7584325078215765	1.0	1.0	1.0	1.0	1.0	1.0	1.0	1.0	1.0	1.0	1.0	1.0	1.0	0.620294969833143	1.0	1.0	1.0	1.0	1.0	0.6994017365373274	1.0	1.0	1.0
mk	0.0	1.0	0.7976954784307968	1.0	1.0	1.0	1.0	1.0	1.0	1.0	1.0	1.0	1.0	1.0	1.0	1.0	1.0	1.0	1.0	0.0	1.0	0.7863954451402115	0.7584325078215765	1.0	1.0	1.0	1.0	0.0	1.0	0.6856333412409469	1.0	0.0	0.7510341748895938	1.0	0.0	1.0
ml	1.0	1.0	0.7976954784307968	1.0	1.0	1.0	1.0	1.0	1.0	1.0	1.0	1.0	1.0	1.0	1.0	1.0	1.0	1.0	0.0	1.0	1.0	1.0	1.0	1.0	1.0	1.0	0.42203321640167035	1.0	1.0	1.0	1.0	1.0	0.6841174893561723	1.0	1.0	1.0
mr	1.0	1.0	0.7976954784307968	1.0	1.0	1.0	1.0	1.0	1.0	1.0	1.0	1.0	1.0	1.0	1.0	1.0	1.0	1.0	1.0	1.0	1.0	1.0	1.0	1.0	1.0	1.0	0.45627762828753365	1.0	1.0	1.0	1.0	1.0	1.0	1.0	1.0	1.0
nl	1.0	0.5879511749463611	0.7642719621465854	1.0	0.7047404810937389	0.3665252463660747	0.7510341748895938	0.3365943734410883	0.40647153687186466	0.38354207835961784	0.5982000748211033	0.7455134344225701	0.833606173141405	0.6786291688147439	0.46803946352794545	0.559152953751058	0.6638546162332061	1.0	0.7863954451402115	1.0	1.0	1.0	0.4807850771575402	0.31003507163970023	0.6037848025698382	0.5043686125261369	0.4070523151559178	1.0	0.7300208629885035	0.40922391753697895	0.5330988822385992	1.0	0.30974227926040826	0.590450634789213	1.0	0.6009239895369175
pl	1.0	0.6380732827477678	0.7354137328303374	1.0	0.6956152339080293	0.2631451190215412	0.7411828468492555	0.13247825539068392	0.2363502282589576	0.32317465142458873	0.6549329476340923	0.7411828468492555	0.7300208629885035	0.7300208629885035	0.2965113493253291	0.5027479161369669	0.7248485669756151	1.0	0.7584325078215765	1.0	1.0	0.4807850771575402	1.0	0.21624740278144375	0.6443242360956812	0.5498950747316006	0.2967859191432291	1.0	0.6056476768620068	0.4524630834757099	0.48908500344649697	1.0	0.3729275119155388	0.6532002319725719	1.0	0.7122412578101113
pt	1.0	0.5752976333852603	0.3373638732258132	0.7863954451402115	0.5291669470445517	0.24395657206280139	1.0	0.14318319936486398	0.2195462929252461	0.20703736118288546	0.5569458829978287	0.7411828468492555	0.6406210119566924	0.7263875964832449	0.25284571437375	0.4031608704872936	0.559238050566578	1.0	1.0	1.0	1.0	0.31003507163970023	0.21624740278144375	1.0	0.5635305448056808	0.2935132709202271	0.28320480803957043	1.0	0.5356935507744599	0.42712493430700965	0.2592728496998266	1.0	0.42042822791053014	0.45558113078801615	1.0	0.4387926488174385
ro	1.0	0.6704675947063354	0.741584908588251	1.0	1.0	0.7234532828151787	1.0	0.6324191469765508	0.6589257440209709	0.7221793916855703	1.0	1.0	0.6562661056221563	1.0	0.6451356057815301	1.0	1.0	1.0	1.0	1.0	1.0	0.6037848025698382	0.6443242360956812	0.5635305448056808	1.0	0.7263875964832448	0.32009513471930046	1.0	1.0	0.7347168825662656	1.0	1.0	0.5519851902484499	1.0	1.0	1.0
ru	1.0	0.6239725949460845	0.7946296044699818	1.0	1.0	0.583843588790277	1.0	0.30414782289336195	0.43125527359093824	0.5059568209332409	1.0	1.0	0.7347168825662657	1.0	0.4340369366545001	1.0	1.0	1.0	1.0	1.0	1.0	0.5043686125261369	0.5498950747316006	0.2935132709202271	0.7263875964832448	1.0	0.2676650522691811	1.0	1.0	0.5402192101731895	0.5207149856945881	1.0	0.4387422051109585	1.0	1.0	1.0
sh	1.0	0.543804599869343	0.3279403499329679	1.0	0.3295307663578033	0.3026918087627165	0.620294969833143	0.3163154024845617	0.3165099501718135	0.3794954298908681	0.44429061513856277	0.620294969833143	0.517794807456706	0.5207486881836769	0.2969660629580439	0.3390024998535681	0.4852373319329257	0.620294969833143	1.0	0.42203321640167035	0.45627762828753365	0.4070523151559178	0.2967859191432291	0.28320480803957043	0.32009513471930046	0.2676650522691811	1.0	1.0	0.46763909091034755	0.31133002620177797	0.2759561129608102	1.0	0.5950441900460487	0.31603234427328153	1.0	0.29508831181159356
si	0.0	0.0	0.8376178898913984	0.0	1.0	1.0	1.0	1.0	1.0	1.0	1.0	1.0	1.0	1.0	1.0	1.0	1.0	1.0	0.0	1.0	1.0	1.0	1.0	1.0	1.0	1.0	1.0	1.0	1.0	1.0	1.0	0.0	1.0	1.0	0.0	1.0
simple	1.0	0.7863954451402115	0.7666323790899974	1.0	1.0	1.0	1.0	0.342642789521576	0.6464097068539042	0.6471810937748328	1.0	1.0	0.7376607345031153	1.0	0.6464097068539042	1.0	1.0	1.0	1.0	1.0	1.0	0.7300208629885035	0.6056476768620068	0.5356935507744599	1.0	1.0	0.46763909091034755	1.0	1.0	0.7411828468492556	0.3470729615491298	1.0	0.38612032379037775	1.0	1.0	1.0
sr	1.0	0.5813756416894514	0.7962416912066351	1.0	0.6223041007404059	0.45156361329574934	0.7584325078215763	0.38577596578680856	0.376251579993298	0.46248498085532386	0.5913800870748354	0.7106922308883378	0.7510341748895938	0.6395657813917609	0.4521691465198152	0.7300208629885034	0.5838038838683439	1.0	0.6856333412409469	1.0	1.0	0.40922391753697895	0.4524630834757099	0.42712493430700965	0.7347168825662656	0.5402192101731895	0.31133002620177797	1.0	0.7411828468492556	1.0	0.523036851929572	1.0	0.6518155124769265	0.7300208629885035	1.0	0.608955573874757
sv	1.0	0.657312113971931	0.6652528609585565	1.0	1.0	0.490491728145184	1.0	0.23024347209808724	0.34534515777205915	0.48581189348149556	1.0	1.0	0.7411828468492555	1.0	0.48446822848296933	1.0	0.6254303192325079	1.0	1.0	1.0	1.0	0.5330988822385992	0.48908500344649697	0.2592728496998266	1.0	0.5207149856945881	0.2759561129608102	1.0	0.3470729615491298	0.523036851929572	1.0	1.0	0.5071899473101125	1.0	1.0	0.6102470946685321
te	1.0	1.0	0.814059055736317	1.0	1.0	1.0	1.0	1.0	1.0	1.0	1.0	1.0	1.0	1.0	1.0	1.0	1.0	1.0	0.0	1.0	1.0	1.0	1.0	1.0	1.0	1.0	1.0	0.0	1.0	1.0	1.0	1.0	0.7510341748895939	1.0	1.0	1.0
tr	1.0	0.3711670246999993	-1.0	1.0	0.3217523686711446	0.3442603432109913	0.7510341748895938	0.36001968296120135	0.3689825156879718	0.3225568843563585	0.6395657813917608	0.7455134344225701	1.0	0.42646584070076127	0.33477704039815814	0.5041305157894657	0.5895598144787592	0.6994017365373274	0.7510341748895938	0.6841174893561723	1.0	0.30974227926040826	0.3729275119155388	0.42042822791053014	0.5519851902484499	0.4387422051109585	0.5950441900460487	1.0	0.38612032379037775	0.6518155124769265	0.5071899473101125	0.7510341748895939	1.0	0.5257530566436087	1.0	0.500515857749738
vi	1.0	0.6856333412409469	0.6643291645448522	1.0	1.0	0.7189258117174852	1.0	0.5769005005202821	0.6081387406547981	0.7199285383279772	1.0	1.0	0.7455134344225701	1.0	0.7210092110599263	1.0	1.0	1.0	1.0	1.0	1.0	0.590450634789213	0.6532002319725719	0.45558113078801615	1.0	1.0	0.31603234427328153	1.0	1.0	0.7300208629885035	1.0	1.0	0.5257530566436087	1.0	1.0	1.0
war	1.0	1.0	0.3922536635334336	1.0	1.0	1.0	1.0	1.0	1.0	1.0	1.0	1.0	1.0	1.0	1.0	1.0	1.0	1.0	0.0	1.0	1.0	1.0	1.0	1.0	1.0	1.0	1.0	0.0	1.0	1.0	1.0	1.0	1.0	1.0	1.0	1.0
zh	1.0	0.7106922308883379	0.24430728219498404	1.0	1.0	0.5999553063370198	1.0	0.3984617002686628	0.5439532263421115	1.0	1.0	1.0	0.7347168825662657	1.0	1.0	1.0	1.0	1.0	1.0	1.0	1.0	0.6009239895369175	0.7122412578101113	0.4387926488174385	1.0	1.0	0.29508831181159356	1.0	1.0	0.608955573874757	0.6102470946685321	1.0	0.500515857749738	1.0	1.0	1.0
