arz	bs	ceb	ckb	da	de	el	en	es	fr	he	hi	hu	id	it	ja	ko	lv	mk	ml	mr	nl	pl	pt	ro	ru	sh	si	simple	sr	sv	te	tr	vi	war	zh
arz	1.0	0.5183673469387755	0.515748031496063	0.699724517906336	0.5182186234817814	0.5164835164835164	0.6967418546365916	0.5135135135135135	0.5164835164835164	0.5140186915887851	0.6991869918699187	0.7005649717514124	0.5166051660516605	0.5163636363636364	0.5179282868525896	0.6974358974358974	0.6936936936936937	0.5183673469387755	0.699724517906336	0.699724517906336	0.699724517906336	0.5182186234817814	0.5175097276264592	0.5175097276264592	0.5177865612648221	0.6974358974358974	0.5183673469387755	0.7407407407407407	0.5179282868525896	0.6991869918699187	0.5151515151515151	0.7030716723549488	0.5263157894736842	0.5175097276264592	0.5183673469387755	0.5171102661596958
bs	0.5183673469387755	1.0	0.9199216473551745	0.6666666666666666	0.9676467260572492	0.8956248155254294	0.656084656084656	0.78394217513333	0.8757914827094266	0.7973564233885342	0.664804469273743	0.6638176638176638	0.7687504921389012	0.8918309868112552	0.9660226246529388	0.6586021505376344	0.6446078431372549	0.8780607850375292	0.6666666666666666	0.6666666666666666	0.6666666666666666	0.9753536357486701	0.9399437983044902	0.7219443470834908	0.951491266821605	0.6586021505376344	0.7270702523397701	0.5580524344569289	0.9643432217373767	0.664804469273743	0.8422806245085737	0.6385542168674699	0.600360576923077	0.9161545171441625	0.666966584189348	0.688318840956588
ceb	0.515748031496063	0.9199216473551745	1.0	0.6575342465753424	0.9204934915002793	0.909043469261831	0.6596858638743456	0.7920179105957034	0.8881057749399175	0.8071545027576494	0.6594005449591281	0.6546961325966851	0.7662957651571436	0.9040457895053585	0.9282780035483875	0.6622340425531914	0.6480582524271845	0.837964666544807	0.6575342465753424	0.6575342465753424	0.6575342465753424	0.9265682988629291	0.9435806982447569	0.7205693728536369	0.9256776646347659	0.6622340425531914	0.7102450276444805	0.5543478260869565	0.9369947445994432	0.6594005449591281	0.8536561933866453	0.6334310850439883	-1.0	0.91863158892845	0.657753532995468	0.6928213689482471
ckb	0.699724517906336	0.6666666666666666	0.6575342465753424	1.0	0.6657303370786517	0.6544502617801047	0.9763779527559056	0.6334841628959276	0.6544502617801047	0.6372093023255814	0.99581589958159	0.9936034115138592	0.6552631578947369	0.6536458333333334	0.663888888888889	0.9819639278557114	0.9511754068716095	0.6666666666666666	1.0	1.0	1.0	0.6657303370786517	0.6612021857923497	0.6612021857923497	0.6629834254143646	0.9819639278557114	0.6666666666666666	0.7740259740259741	0.663888888888889	0.99581589958159	0.645320197044335	0.9380530973451326	0.5348837209302326	0.6612021857923497	0.6666666666666666	0.6586021505376344
da	0.5182186234817814	0.9676467260572492	0.9204934915002793	0.6657303370786517	1.0	0.8960134721599776	0.6569920844327176	0.7837469829973922	0.8761973843302335	0.797338634934784	0.6657381615598886	0.6628895184135978	0.7704188160056074	0.8915833582196194	0.966223055339113	0.6595174262734586	0.6454767726161369	0.8709897822913755	0.6657303370786517	0.6657303370786517	0.6657303370786517	0.9639057142616447	0.9401172799860145	0.7233723305222549	0.9519797559447262	0.6595174262734586	0.7252123047048783	0.5576208178438662	0.9640204518505043	0.6657381615598886	0.8427596952029582	0.6396396396396395	0.582089552238806	0.9165717326112638	0.6659983387702654	0.6885945286449289
de	0.5164835164835164	0.8956248155254294	0.909043469261831	0.6544502617801047	0.8960134721599776	1.0	0.6649746192893401	0.8180775502904049	0.9066397850095507	0.8358354400717649	0.65625	0.6517150395778364	0.7834881802253384	0.915830069196674	0.9042570627033464	0.6590330788804072	0.6563981042654029	0.8182308049424843	0.6544502617801047	0.6544502617801047	0.6544502617801047	0.9021642545943137	0.918139714526094	0.712480977229668	0.9101040836797636	0.6624040920716113	0.7014059794439816	0.5525423728813559	0.9116763190904482	0.65625	0.8857032487622667	0.6312849162011173	0.5394736842105263	0.8956551859909341	0.6546984409598356	0.6856202515807753
el	0.6967418546365916	0.656084656084656	0.6596858638743456	0.9763779527559056	0.6569920844327176	0.6649746192893401	1.0	0.6431718061674009	0.6649746192893401	0.6470588235294118	0.9803921568627451	0.9702970297029704	0.6624365482233503	0.6624685138539043	0.6570680628272252	0.9865642994241843	0.9734513274336283	0.656084656084656	0.9763779527559056	0.9763779527559056	0.9763779527559056	0.6569920844327176	0.6614583333333334	0.6597402597402597	0.6596858638743456	0.9941972920696325	0.656084656084656	0.7648456057007126	0.6587926509186351	0.9803921568627451	0.6555023923444976	0.9256198347107438	0.5576923076923077	0.6614583333333334	0.656084656084656	0.6606683804627249
en	0.5135135135135135	0.78394217513333	0.7920179105957034	0.6334841628959276	0.7837469829973922	0.8180775502904049	0.6431718061674009	1.0	0.803191102711347	0.8692012980765025	0.6351351351351351	0.6309794988610479	0.7202602846446585	0.8206012608589727	0.7950383470216551	0.6407982261640798	0.6545842217484008	0.7351560634984967	0.6334841628959276	0.6334841628959276	0.6334841628959276	0.7879730110326487	0.7985272605104788	0.6733224191239235	0.7932782033930017	0.6407982261640798	0.662673990647013	0.543661971830986	0.7943149577135633	0.6351351351351351	0.8456784549375014	0.6124401913875598	0.5450236966824644	0.7842124100366897	0.6336505580846346	0.6583052505676845
es	0.5164835164835164	0.8757914827094266	0.8881057749399175	0.6544502617801047	0.8761973843302335	0.9066397850095507	0.6649746192893401	0.803191102711347	1.0	0.8188039554566465	0.65625	0.6517150395778364	0.7745427995110872	0.9020808372989593	0.8834787910523957	0.6590330788804072	0.6563981042654029	0.8081444821010163	0.6544502617801047	0.6544502617801047	0.6544502617801047	0.8816027390482091	0.8957482925781655	0.7107664615695275	0.8890151369794606	0.6624040920716113	0.7000231282414445	0.5525423728813559	0.8901544726649214	0.65625	0.8653951501321722	0.6312849162011173	0.5524628285533084	0.8764298696374169	0.6546701080757555	0.6851612642182299
fr	0.5140186915887851	0.7973564233885342	0.8071545027576494	0.6372093023255814	0.797338634934784	0.8358354400717649	0.6470588235294118	0.8692012980765025	0.8188039554566465	1.0	0.638888888888889	0.6346604215456675	0.7301926992520231	0.8377069259336631	0.8097273485249339	0.6446469248291572	0.6557734204793028	0.7465952439060044	0.6372093023255814	0.6372093023255814	0.6372093023255814	0.8020661229177121	0.814503637879243	0.6771708545031598	0.8074780174803939	0.6446469248291572	0.6690735540799604	0.5451895043731778	0.8082140201094583	0.638888888888889	0.8628972526811285	0.6157635467980295	0.5458937198067633	0.798253900694495	0.6373653623774675	0.6632282865892398
he	0.6991869918699187	0.664804469273743	0.6594005449591281	0.99581589958159	0.6657381615598886	0.65625	0.9803921568627451	0.6351351351351351	0.65625	0.638888888888889	1.0	0.9894736842105263	0.6570680628272252	0.655440414507772	0.6657458563535912	0.9860279441117764	0.9549549549549549	0.664804469273743	0.99581589958159	0.99581589958159	0.99581589958159	0.663888888888889	0.6630434782608696	0.6630434782608696	0.6648351648351649	0.9860279441117764	0.664804469273743	0.7723785166240409	0.6657458563535912	1.0	0.6470588235294118	0.9427312775330396	0.5555555555555556	0.6630434782608696	0.664804469273743	0.6604278074866311
hi	0.7005649717514124	0.6638176638176638	0.6546961325966851	0.9936034115138592	0.6628895184135978	0.6517150395778364	0.9702970297029704	0.6309794988610479	0.6517150395778364	0.6346604215456675	0.9894736842105263	1.0	0.6525198938992043	0.6509186351706038	0.6610644257703081	0.9758064516129034	0.9454545454545454	0.6638176638176638	0.9936034115138592	0.9936034115138592	0.9936034115138592	0.6628895184135978	0.6584022038567493	0.6584022038567493	0.6601671309192201	0.9758064516129034	0.6638176638176638	0.776595744680851	0.6610644257703081	0.9894736842105263	0.6426799007444168	0.9351230425055929	0.5636363636363636	0.6584022038567493	0.6638176638176638	0.6558265582655826
hu	0.5166051660516605	0.7687504921389012	0.7662957651571436	0.6552631578947369	0.7704188160056074	0.7834881802253384	0.6624365482233503	0.7202602846446585	0.7745427995110872	0.7301926992520231	0.6570680628272252	0.6525198938992043	1.0	0.7724856918266767	0.7708726001221875	0.6564885496183206	0.655581947743468	0.7464093128070993	0.6552631578947369	0.6552631578947369	0.6552631578947369	0.772024305524252	0.7698277392269938	0.7018089599139544	0.7752680394147593	0.659846547314578	0.693714747490367	0.552901023890785	0.7755941164969422	0.6570680628272252	0.755469200558567	0.6320224719101124	0.5441176470588236	0.7651771667691522	0.6556540823392137	0.6807588373600943
id	0.5163636363636364	0.8918309868112552	0.9040457895053585	0.6536458333333334	0.8915833582196194	0.915830069196674	0.6624685138539043	0.8206012608589727	0.9020808372989593	0.8377069259336631	0.655440414507772	0.6509186351706038	0.7724856918266767	1.0	0.9084236690642937	0.6598984771573604	0.657210401891253	0.813885445950009	0.6536458333333334	0.6536458333333334	0.6536458333333334	0.8981746713704427	0.9130591430071844	0.7107546405922122	0.9053780237955178	0.6615776081424937	0.6993977844882739	0.5521885521885521	0.9071621497943385	0.655440414507772	0.8891363247685011	0.6305555555555556	0.5795454545454545	0.8900904276382855	0.6538360686476969	0.6870028021740358
it	0.5179282868525896	0.9660226246529388	0.9282780035483875	0.663888888888889	0.966223055339113	0.9042570627033464	0.6570680628272252	0.7950383470216551	0.8834787910523957	0.8097273485249339	0.6657458563535912	0.6610644257703081	0.7708726001221875	0.9084236690642937	1.0	0.6613333333333333	0.6472019464720196	0.8666019955699055	0.663888888888889	0.663888888888889	0.663888888888889	0.9623974283783062	0.9493669339401064	0.7229119007856716	0.9610377477591213	0.6595744680851063	0.7212956741514855	0.5567765567765568	0.974384914211719	0.6657458563535912	0.8574746200149573	0.6398809523809524	0.5585214950886592	0.92394161907352	0.6641665738149644	0.6911432880201529
ja	0.6974358974358974	0.6586021505376344	0.6622340425531914	0.9819639278557114	0.6595174262734586	0.6590330788804072	0.9865642994241843	0.6407982261640798	0.6590330788804072	0.6446469248291572	0.9860279441117764	0.9758064516129034	0.6564885496183206	0.6598984771573604	0.6613333333333333	1.0	0.9645390070921985	0.6586021505376344	0.9819639278557114	0.9819639278557114	0.9819639278557114	0.6595174262734586	0.6640211640211641	0.662269129287599	0.6604774535809019	0.9921875	0.6586021505376344	0.7669902912621359	0.6613333333333333	0.9860279441117764	0.6514423076923077	0.9305263157894738	0.5700934579439253	0.6640211640211641	0.6586021505376344	0.6666666666666666
ko	0.6936936936936937	0.6446078431372549	0.6480582524271845	0.9511754068716095	0.6454767726161369	0.6563981042654029	0.9734513274336283	0.6545842217484008	0.6563981042654029	0.6557734204793028	0.9549549549549549	0.9454545454545454	0.655581947743468	0.657210401891253	0.6472019464720196	0.9645390070921985	1.0	0.6446078431372549	0.9511754068716095	0.9511754068716095	0.9511754068716095	0.6454767726161369	0.6497584541062803	0.6497584541062803	0.6480582524271845	0.9679715302491102	0.6446078431372549	0.7553648068669528	0.6472019464720196	0.9549549549549549	0.6613272311212816	0.9035916824196597	0.5797101449275363	0.6497584541062803	0.6446078431372549	0.6507177033492824
lv	0.5183673469387755	0.8780607850375292	0.837964666544807	0.6666666666666666	0.8709897822913755	0.8182308049424843	0.656084656084656	0.7351560634984967	0.8081444821010163	0.7465952439060044	0.664804469273743	0.6638176638176638	0.7464093128070993	0.813885445950009	0.8666019955699055	0.6586021505376344	0.6446078431372549	1.0	0.6666666666666666	0.6666666666666666	0.6666666666666666	0.873948722934766	0.8499814429228341	0.7166960225689845	0.8584855132684678	0.6586021505376344	0.721115680314679	0.5580524344569289	0.8660858894826201	0.664804469273743	0.7788779275911141	0.6385542168674699	0.5614035087719298	0.8382489476138075	0.6669417055159041	0.6857993123678726
mk	0.699724517906336	0.6666666666666666	0.6575342465753424	1.0	0.6657303370786517	0.6544502617801047	0.9763779527559056	0.6334841628959276	0.6544502617801047	0.6372093023255814	0.99581589958159	0.9936034115138592	0.6552631578947369	0.6536458333333334	0.663888888888889	0.9819639278557114	0.9511754068716095	0.6666666666666666	1.0	1.0	1.0	0.6657303370786517	0.6612021857923497	0.6612021857923497	0.6629834254143646	0.9819639278557114	0.6666666666666666	0.7740259740259741	0.663888888888889	0.99581589958159	0.645320197044335	0.9380530973451326	0.5535714285714286	0.6612021857923497	0.6666666666666666	0.6586021505376344
ml	0.699724517906336	0.6666666666666666	0.6575342465753424	1.0	0.6657303370786517	0.6544502617801047	0.9763779527559056	0.6334841628959276	0.6544502617801047	0.6372093023255814	0.99581589958159	0.9936034115138592	0.6552631578947369	0.6536458333333334	0.663888888888889	0.9819639278557114	0.9511754068716095	0.6666666666666666	1.0	1.0	1.0	0.6657303370786517	0.6612021857923497	0.6612021857923497	0.6629834254143646	0.9819639278557114	0.6666666666666666	0.7740259740259741	0.663888888888889	0.99581589958159	0.645320197044335	0.9380530973451326	0.5737704918032787	0.6612021857923497	0.6666666666666666	0.6586021505376344
mr	0.699724517906336	0.6666666666666666	0.6575342465753424	1.0	0.6657303370786517	0.6544502617801047	0.9763779527559056	0.6334841628959276	0.6544502617801047	0.6372093023255814	0.99581589958159	0.9936034115138592	0.6552631578947369	0.6536458333333334	0.663888888888889	0.9819639278557114	0.9511754068716095	0.6666666666666666	1.0	1.0	1.0	0.6657303370786517	0.6612021857923497	0.6612021857923497	0.6629834254143646	0.9819639278557114	0.6666666666666666	0.7740259740259741	0.663888888888889	0.99581589958159	0.645320197044335	0.9380530973451326	0.5238095238095238	0.6612021857923497	0.6666666666666666	0.6586021505376344
nl	0.5182186234817814	0.9753536357486701	0.9265682988629291	0.6657303370786517	0.9639057142616447	0.9021642545943137	0.6569920844327176	0.7879730110326487	0.8816027390482091	0.8020661229177121	0.663888888888889	0.6628895184135978	0.772024305524252	0.8981746713704427	0.9623974283783062	0.6595174262734586	0.6454767726161369	0.873948722934766	0.6657303370786517	0.6657303370786517	0.6657303370786517	1.0	0.9470955473331122	0.7240220773867649	0.9591494995461952	0.6595174262734586	0.725382951356408	0.5576208178438662	0.9609112987495444	0.663888888888889	0.8481815691683209	0.6377245508982036	0.5316280571967549	0.9222383437191185	0.6660215093891607	0.6890072175625405
pl	0.5175097276264592	0.9399437983044902	0.9435806982447569	0.6612021857923497	0.9401172799860145	0.918139714526094	0.6614583333333334	0.7985272605104788	0.8957482925781655	0.814503637879243	0.6630434782608696	0.6584022038567493	0.7698277392269938	0.9130591430071844	0.9493669339401064	0.6640211640211641	0.6497584541062803	0.8499814429228341	0.6612021857923497	0.6612021857923497	0.6612021857923497	0.9470955473331122	1.0	0.7235834760189723	0.9456534375752189	0.6640211640211641	0.7158703617773653	0.5555555555555556	0.9474337354313147	0.6630434782608696	0.8608170581820851	0.6374269005847952	0.5428571428571428	0.9285136335744525	0.6614473889372664	0.6944372496774929
pt	0.5175097276264592	0.7219443470834908	0.7205693728536369	0.6612021857923497	0.7233723305222549	0.712480977229668	0.6597402597402597	0.6733224191239235	0.7107664615695275	0.6771708545031598	0.6630434782608696	0.6584022038567493	0.7018089599139544	0.7107546405922122	0.7229119007856716	0.662269129287599	0.6497584541062803	0.7166960225689845	0.6612021857923497	0.6612021857923497	0.6612021857923497	0.7240220773867649	0.7235834760189723	1.0	0.7242540536918343	0.662269129287599	0.6948720316622691	0.5555555555555556	0.7265686108888482	0.6630434782608696	0.6932644264190965	0.6374269005847952	0.5569241338698597	0.7261095461166623	0.6613880384131129	0.6843654288089089
ro	0.5177865612648221	0.951491266821605	0.9256776646347659	0.6629834254143646	0.9519797559447262	0.9101040836797636	0.6596858638743456	0.7932782033930017	0.8890151369794606	0.8074780174803939	0.6648351648351649	0.6601671309192201	0.7752680394147593	0.9053780237955178	0.9610377477591213	0.6604774535809019	0.6480582524271845	0.8584855132684678	0.6629834254143646	0.6629834254143646	0.6629834254143646	0.9591494995461952	0.9456534375752189	0.7242540536918343	1.0	0.6622340425531914	0.7194899714956158	0.5563636363636364	0.9593250370650236	0.6648351648351649	0.8547032321497467	0.6390532544378698	0.5483870967741935	0.9210857563947428	0.6632361167742138	0.6897383822341026
ru	0.6974358974358974	0.6586021505376344	0.6622340425531914	0.9819639278557114	0.6595174262734586	0.6624040920716113	0.9941972920696325	0.6407982261640798	0.6624040920716113	0.6446469248291572	0.9860279441117764	0.9758064516129034	0.659846547314578	0.6615776081424937	0.6595744680851063	0.9921875	0.9679715302491102	0.6586021505376344	0.9819639278557114	0.9819639278557114	0.9819639278557114	0.6595174262734586	0.6640211640211641	0.662269129287599	0.6622340425531914	1.0	0.6586021505376344	0.7669902912621359	0.6613333333333333	0.9860279441117764	0.6530120481927711	0.9305263157894738	0.5549132947976879	0.6640211640211641	0.6586021505376344	0.6631853785900783
sh	0.5183673469387755	0.7270702523397701	0.7102450276444805	0.6666666666666666	0.7252123047048783	0.7014059794439816	0.656084656084656	0.662673990647013	0.7000231282414445	0.6690735540799604	0.664804469273743	0.6638176638176638	0.693714747490367	0.6993977844882739	0.7212956741514855	0.6586021505376344	0.6446078431372549	0.721115680314679	0.6666666666666666	0.6666666666666666	0.6666666666666666	0.725382951356408	0.7158703617773653	0.6948720316622691	0.7194899714956158	0.6586021505376344	1.0	0.5580524344569289	0.7216439105506748	0.664804469273743	0.6841519445849675	0.6385542168674699	0.5666666666666667	0.7149387064019201	0.6668869795109055	0.6780107447108331
si	0.7407407407407407	0.5580524344569289	0.5543478260869565	0.7740259740259741	0.5576208178438662	0.5525423728813559	0.7648456057007126	0.543661971830986	0.5525423728813559	0.5451895043731778	0.7723785166240409	0.776595744680851	0.552901023890785	0.5521885521885521	0.5567765567765568	0.7669902912621359	0.7553648068669528	0.5580524344569289	0.7740259740259741	0.7740259740259741	0.7740259740259741	0.5576208178438662	0.5555555555555556	0.5555555555555556	0.5563636363636364	0.7669902912621359	0.5580524344569289	1.0	0.5567765567765568	0.7723785166240409	0.54858934169279	0.7936507936507936	0.5116279069767442	0.5555555555555556	0.5580524344569289	0.5543859649122806
simple	0.5179282868525896	0.9643432217373767	0.9369947445994432	0.663888888888889	0.9640204518505043	0.9116763190904482	0.6587926509186351	0.7943149577135633	0.8901544726649214	0.8082140201094583	0.6657458563535912	0.6610644257703081	0.7755941164969422	0.9071621497943385	0.974384914211719	0.6613333333333333	0.6472019464720196	0.8660858894826201	0.663888888888889	0.663888888888889	0.663888888888889	0.9609112987495444	0.9474337354313147	0.7265686108888482	0.9593250370650236	0.6613333333333333	0.7216439105506748	0.5567765567765568	1.0	0.6657458563535912	0.8560499159630502	0.6398809523809524	0.5777777777777777	0.9316026745983585	0.6641686694726523	0.6912049886444728
sr	0.6991869918699187	0.664804469273743	0.6594005449591281	0.99581589958159	0.6657381615598886	0.65625	0.9803921568627451	0.6351351351351351	0.65625	0.638888888888889	1.0	0.9894736842105263	0.6570680628272252	0.655440414507772	0.6657458563535912	0.9860279441117764	0.9549549549549549	0.664804469273743	0.99581589958159	0.99581589958159	0.99581589958159	0.663888888888889	0.6630434782608696	0.6630434782608696	0.6648351648351649	0.9860279441117764	0.664804469273743	0.7723785166240409	0.6657458563535912	1.0	0.6470588235294118	0.9427312775330396	0.5531914893617021	0.6630434782608696	0.664804469273743	0.6604278074866311
sv	0.5151515151515151	0.8422806245085737	0.8536561933866453	0.645320197044335	0.8427596952029582	0.8857032487622667	0.6555023923444976	0.8456784549375014	0.8653951501321722	0.8628972526811285	0.6470588235294118	0.6426799007444168	0.755469200558567	0.8891363247685011	0.8574746200149573	0.6514423076923077	0.6613272311212816	0.7788779275911141	0.645320197044335	0.645320197044335	0.645320197044335	0.8481815691683209	0.8608170581820851	0.6932644264190965	0.8547032321497467	0.6530120481927711	0.6841519445849675	0.54858934169279	0.8560499159630502	0.6470588235294118	1.0	0.6230366492146596	0.5607476635514019	0.843061060627302	0.6455153318756554	0.6744079145144982
te	0.7030716723549488	0.6385542168674699	0.6334310850439883	0.9380530973451326	0.6396396396396395	0.6312849162011173	0.9256198347107438	0.6124401913875598	0.6312849162011173	0.6157635467980295	0.9427312775330396	0.9351230425055929	0.6320224719101124	0.6305555555555556	0.6398809523809524	0.9305263157894738	0.9035916824196597	0.6385542168674699	0.9380530973451326	0.9380530973451326	0.9380530973451326	0.6377245508982036	0.6374269005847952	0.6374269005847952	0.6390532544378698	0.9305263157894738	0.6385542168674699	0.7936507936507936	0.6398809523809524	0.9427312775330396	0.6230366492146596	1.0	0.5576923076923077	0.6374269005847952	0.6385542168674699	0.6350574712643678
tr	0.5263157894736842	0.600360576923077	-1.0	0.5348837209302326	0.582089552238806	0.5394736842105263	0.5576923076923077	0.5450236966824644	0.5524628285533084	0.5458937198067633	0.5555555555555556	0.5636363636363636	0.5441176470588236	0.5795454545454545	0.5585214950886592	0.5700934579439253	0.5797101449275363	0.5614035087719298	0.5535714285714286	0.5737704918032787	0.5238095238095238	0.5316280571967549	0.5428571428571428	0.5569241338698597	0.5483870967741935	0.5549132947976879	0.5666666666666667	0.5116279069767442	0.5777777777777777	0.5531914893617021	0.5607476635514019	0.5576923076923077	1.0	0.5764705882352942	0.5238095238095238	0.5773195876288659
vi	0.5175097276264592	0.9161545171441625	0.91863158892845	0.6612021857923497	0.9165717326112638	0.8956551859909341	0.6614583333333334	0.7842124100366897	0.8764298696374169	0.798253900694495	0.6630434782608696	0.6584022038567493	0.7651771667691522	0.8900904276382855	0.92394161907352	0.6640211640211641	0.6497584541062803	0.8382489476138075	0.6612021857923497	0.6612021857923497	0.6612021857923497	0.9222383437191185	0.9285136335744525	0.7261095461166623	0.9210857563947428	0.6640211640211641	0.7149387064019201	0.5555555555555556	0.9316026745983585	0.6630434782608696	0.843061060627302	0.6374269005847952	0.5764705882352942	1.0	0.6615156311487685	0.6940076283546698
war	0.5183673469387755	0.666966584189348	0.657753532995468	0.6666666666666666	0.6659983387702654	0.6546984409598356	0.656084656084656	0.6336505580846346	0.6546701080757555	0.6373653623774675	0.664804469273743	0.6638176638176638	0.6556540823392137	0.6538360686476969	0.6641665738149644	0.6586021505376344	0.6446078431372549	0.6669417055159041	0.6666666666666666	0.6666666666666666	0.6666666666666666	0.6660215093891607	0.6614473889372664	0.6613880384131129	0.6632361167742138	0.6586021505376344	0.6668869795109055	0.5580524344569289	0.6641686694726523	0.664804469273743	0.6455153318756554	0.6385542168674699	0.5238095238095238	0.6615156311487685	1.0	0.6589788909149916
zh	0.5171102661596958	0.688318840956588	0.6928213689482471	0.6586021505376344	0.6885945286449289	0.6856202515807753	0.6606683804627249	0.6583052505676845	0.6851612642182299	0.6632282865892398	0.6604278074866311	0.6558265582655826	0.6807588373600943	0.6870028021740358	0.6911432880201529	0.6666666666666666	0.6507177033492824	0.6857993123678726	0.6586021505376344	0.6586021505376344	0.6586021505376344	0.6890072175625405	0.6944372496774929	0.6843654288089089	0.6897383822341026	0.6631853785900783	0.6780107447108331	0.5543859649122806	0.6912049886444728	0.6604278074866311	0.6744079145144982	0.6350574712643678	0.5773195876288659	0.6940076283546698	0.6589788909149916	1.0
