arz	bs	ceb	ckb	da	de	el	en	es	fr	he	hi	hu	id	it	ja	ko	lv	mk	ml	mr	nl	pl	pt	ro	ru	sh	si	simple	sr	sv	te	tr	vi	war	zh
arz	1.0	1.0	1.0	1.0	0.672370045633007	1.0	1.0	0.4493075654568811	1.0	1.0	1.0	1.0	1.0	0.4044267028502897	1.0	1.0	1.0	1.0	1.0	1.0	1.0	1.0	1.0	1.0	1.0	1.0	1.0	1.0	1.0	1.0	1.0	1.0	1.0	0.7690990303325336	1.0	1.0
bs	1.0	1.0	1.0	0.31848527482459255	0.16423599306607367	0.15537945033264428	0.2101895616084407	0.13066346099748802	0.16196709220008254	0.14580068843494548	0.20885664965610098	0.20300076248863097	0.1623605345844101	0.15307680380173902	0.13030931242361626	0.21277805023404409	0.22366838135708988	0.19268518773315288	0.2523105292733931	0.2144404939354719	0.5190622243874722	0.1472057275770536	0.14757104235937893	0.15479080338693763	0.1438863128763652	0.20820797632433824	0.1431524732023137	0.28682595706699743	0.16634524900948006	0.14910315371250993	0.15578559533397274	0.24743039404144015	0.4787373101682283	0.1531346664751984	0.25292426360260145	0.20447779364901653
ceb	1.0	1.0	1.0	1.0	1.0	1.0	1.0	1.0	0.5020797777427737	1.0	1.0	1.0	1.0	1.0	1.0	1.0	1.0	1.0	1.0	1.0	1.0	1.0	1.0	1.0	1.0	1.0	1.0	1.0	1.0	1.0	1.0	1.0	-1.0	1.0	1.0	1.0
ckb	1.0	0.31848527482459255	1.0	1.0	0.6478849822324696	0.5505638267984209	1.0	0.23132382354418807	0.38081269864960954	0.5882745708346901	1.0	1.0	0.6463844675157567	0.43777153094050447	0.5882745708346903	1.0	1.0	0.728099120889861	1.0	1.0	1.0	0.6532002319725719	0.538524856949716	1.0	0.658925744020971	1.0	0.7221793916855703	1.0	0.7210092110599264	0.5642670943910084	0.5325748575337595	1.0	1.0	0.7221793916855703	1.0	1.0
da	0.672370045633007	0.16423599306607367	1.0	0.6478849822324696	1.0	0.11469684545531975	0.1624806481032131	0.10063103622974626	0.11065837969323275	0.10926515837136495	0.1497527663425633	0.15516832475612666	0.10725020894101651	0.12178873288846434	0.09996078489083943	0.13181115911278593	0.14396871173266815	0.1433147191356845	0.19295111580151503	0.26181011813539046	0.49014385689407297	0.10564512486727742	0.10844124346030186	0.1043296816795614	0.10815533392959303	0.11926790146194204	0.09469701408996632	0.5823617472637093	0.13318622592655097	0.0963134623053687	0.1003829799761506	0.28862660762549236	0.29463183984326685	0.10680177220505704	0.3694869233600529	0.1365185046233473
de	1.0	0.15537945033264428	1.0	0.5505638267984209	0.11469684545531975	1.0	0.11961361294230369	0.05468519064637463	0.054176685814046596	0.05346379954935244	0.14315777468363253	0.14117402026843143	0.06559560386902537	0.10405415930734484	0.059876299426399555	0.06839366103092075	0.12319374673612744	0.12169722822050848	0.23026262397272984	0.2878947946273441	0.6684601440492226	0.05741732260684348	0.06608467791707558	0.06664715362749482	0.09940714999601455	0.09291378015871378	0.058473307135220705	0.548831259588921	0.10253860451484939	0.058224188178175526	0.07993066680516561	0.3882177567640171	0.36937547291661565	0.07599848218113943	0.42255057507962457	0.06904050313804197
el	1.0	0.2101895616084407	1.0	1.0	0.1624806481032131	0.11961361294230369	1.0	0.14224570341884618	0.13492552313486908	0.12425182746234631	0.5330186143720125	1.0	0.1274510860854507	0.16925155177482512	0.10977865754978137	1.0	1.0	0.21534157560131817	1.0	1.0	1.0	0.12267779460748517	0.1267407936352659	0.15352557744348258	0.1373151767343775	0.6134703768457332	0.11986922555779726	1.0	0.18836975953212148	0.1304762141815037	0.15184683919124833	1.0	0.6524007805500077	0.12929527466084398	0.5932464233149596	1.0
en	0.4493075654568811	0.13066346099748802	1.0	0.23132382354418807	0.10063103622974626	0.05468519064637463	0.14224570341884618	1.0	0.06345018162449137	0.06894405335360124	0.14522468725511534	0.14359448385985854	0.07987108982435286	0.11375605988601803	0.08442478479776742	0.12282373180560692	0.14161792483250657	0.11152750390547814	0.16376777659245445	0.17066233391622868	0.26358711933858775	0.07067143611412874	0.08648296802307505	0.07838997761339467	0.10007496162964193	0.13091131006092638	0.07374859271373563	0.3787354678615593	0.10264124649924307	0.071694096388405	0.08499420984680407	0.22227739844835123	0.29896511885404997	0.0878045238726923	0.26692308404988857	0.12435065259492369
es	1.0	0.16196709220008254	0.5020797777427737	0.38081269864960954	0.11065837969323275	0.054176685814046596	0.13492552313486908	0.06345018162449137	1.0	0.058892578063884905	0.11742258365146532	0.1644048027449004	0.07278760815746364	0.08458440104170342	0.06348210179428401	0.07462550162894496	0.11444118199390457	0.12497281017992659	0.15749435970557402	0.293461835004014	0.5569808373491606	0.06571028055918968	0.06744217081252664	0.07425572070319468	0.10009590299804298	0.09302653338044932	0.06891768607756023	0.6143589292419387	0.10307183909983023	0.06743376589410587	0.08081086728504816	0.23157158978886683	0.35583984380647704	0.07172178105298327	0.4699179633827324	0.08039359143281916
fr	1.0	0.14580068843494548	1.0	0.5882745708346901	0.10926515837136495	0.05346379954935244	0.12425182746234631	0.06894405335360124	0.058892578063884905	1.0	0.11899011085571526	0.12440475559169845	0.07048322590399368	0.08719748706777032	0.06961941130874189	0.0835420080696774	0.1055367836149736	0.10554757079212211	0.1361258761444074	0.1998427723458691	0.5787085177563855	0.06373530997853742	0.0720965182002477	0.06914242878108698	0.09132128603259185	0.09270442038668548	0.065192273125022	0.4940605841375678	0.09981434419369763	0.06471347306316531	0.07675611007168057	0.2903535144795486	0.26859110813442677	0.07198200864266101	0.3750965952598977	0.0850853545306316
he	1.0	0.20885664965610098	1.0	1.0	0.1497527663425633	0.14315777468363253	0.5330186143720125	0.14522468725511534	0.11742258365146532	0.11899011085571526	1.0	0.6951943257764672	0.1321507269843312	0.15981248207183732	0.12573750379566834	0.4614273195572236	0.5320286462024124	0.2173052663721844	0.5391817524652325	0.700276933133712	1.0	0.15216466695926428	0.12609370385087268	0.16291449790310966	0.1481176807462132	0.45864410408647904	0.13182111820114198	0.6532002319725722	0.18802086482892116	0.14250684861296364	0.13448331163728564	1.0	0.6391906500312812	0.12957111318132336	0.5924658130616859	0.480230041941449
hi	1.0	0.20300076248863097	1.0	1.0	0.15516832475612666	0.14117402026843143	1.0	0.14359448385985854	0.1644048027449004	0.12440475559169845	0.6951943257764672	1.0	0.13548953230209973	0.1719020493471059	0.12016834260534157	1.0	1.0	0.24745469969644318	1.0	1.0	1.0	0.13582493067478524	0.12807535535454403	0.19112970805363952	0.1557590037363062	0.6915622893805501	0.13991408804009406	1.0	0.1812575909589602	0.16367740970471154	0.1517711584604062	1.0	0.74551343442257	0.1378788223699117	0.5949224416307971	1.0
hu	1.0	0.1623605345844101	1.0	0.6463844675157567	0.10725020894101651	0.06559560386902537	0.1274510860854507	0.07987108982435286	0.07278760815746364	0.07048322590399368	0.1321507269843312	0.13548953230209973	1.0	0.09529635523287182	0.0765059299601099	0.09120719165560068	0.09224512521294351	0.1131479818989739	0.2010268834649284	0.17719365417912458	0.29085800227239844	0.06915811761736557	0.07999384500920652	0.08006927576133949	0.08911938295087861	0.0982456093965078	0.07340280051130592	0.3744493153213439	0.10315291773423017	0.07383380059931878	0.08050665836544761	0.3155200504650757	0.7510341748895938	0.08460099687641376	0.3005111957713317	0.09072113253696969
id	0.4044267028502897	0.15307680380173902	1.0	0.43777153094050447	0.12178873288846434	0.10405415930734484	0.16925155177482512	0.11375605988601803	0.08458440104170342	0.08719748706777032	0.15981248207183732	0.1719020493471059	0.09529635523287182	1.0	0.1002348269514418	0.15695263700291626	0.16369171807860328	0.1417647150912523	0.1683759495361345	0.1804325002111167	0.41864240658479435	0.09763302634059841	0.10733728888584304	0.10970129500951013	0.10870095188235511	0.16075824088925378	0.10201258810987286	0.4872952346487903	0.12390310201961503	0.09361914657869762	0.10330321707848676	0.26470856703647444	0.4001839187958416	0.10222699384484074	0.2731717545394025	0.15706024533074142
it	1.0	0.13030931242361626	1.0	0.5882745708346903	0.09996078489083943	0.059876299426399555	0.10977865754978137	0.08442478479776742	0.06348210179428401	0.06961941130874189	0.12573750379566834	0.12016834260534157	0.0765059299601099	0.1002348269514418	1.0	0.10724808000875319	0.11853695246834565	0.10277684747599858	0.14691448060554457	0.20320008499366723	0.4593521016660155	0.07086623185545188	0.08298921046717297	0.07944039009486314	0.09742202233201495	0.11352754900391955	0.07597781170300101	0.6338208189097604	0.10252085270889914	0.0743711538631922	0.08093483193723149	0.25560409108126714	0.3649482866605337	0.08185918630001904	0.34691829790431966	0.10976144803647078
ja	1.0	0.21277805023404409	1.0	1.0	0.13181115911278593	0.06839366103092075	1.0	0.12282373180560692	0.07462550162894496	0.0835420080696774	0.4614273195572236	1.0	0.09120719165560068	0.15695263700291626	0.10724808000875319	1.0	1.0	0.16923277895738487	1.0	1.0	1.0	0.08481853738256392	0.10930699011735448	0.09470116120360754	0.12460937998874771	0.5222710521591937	0.0900806939838392	1.0	0.13577792766366115	0.08770482144648176	0.09915573390951889	1.0	0.47984071007226897	0.11074427495540393	0.5917196795904757	0.6829196033032381
ko	1.0	0.22366838135708988	1.0	1.0	0.14396871173266815	0.12319374673612744	1.0	0.14161792483250657	0.11444118199390457	0.1055367836149736	0.5320286462024124	1.0	0.09224512521294351	0.16369171807860328	0.11853695246834565	1.0	1.0	0.1839661246791786	1.0	1.0	1.0	0.10694842688328568	0.12950757305005065	0.14135561863804985	0.13050360033893654	0.6110127792096903	0.1091349179541535	1.0	0.17188599517579115	0.1217960769439285	0.11662148931539368	1.0	0.46568280093958603	0.12149163427430093	0.5917196795904757	1.0
lv	1.0	0.19268518773315288	1.0	0.728099120889861	0.1433147191356845	0.12169722822050848	0.21534157560131817	0.11152750390547814	0.12497281017992659	0.10554757079212211	0.2173052663721844	0.24745469969644318	0.1131479818989739	0.1417647150912523	0.10277684747599858	0.16923277895738487	0.1839661246791786	1.0	0.30390498918317105	0.37660127365534285	0.6475250169846578	0.11167974069484096	0.11346424851317387	0.12353125952153803	0.12660778410752213	0.16756865943371937	0.10999752252047183	0.6638546162332061	0.1716302996287202	0.11750947536826117	0.12654780074139327	0.4788543478007519	0.5228681769294352	0.10777409494036183	0.3872614930889483	0.1702837412068599
mk	1.0	0.2523105292733931	1.0	1.0	0.19295111580151503	0.23026262397272984	1.0	0.16376777659245445	0.15749435970557402	0.1361258761444074	0.5391817524652325	1.0	0.2010268834649284	0.1683759495361345	0.14691448060554457	1.0	1.0	0.30390498918317105	1.0	1.0	1.0	0.1874757016531409	0.18300073688036694	0.2357308928479427	0.15773987487222668	0.6954089837405417	0.1830269628280673	1.0	0.2505483670906588	0.2041880732167379	0.22144177664514123	1.0	0.7510341748895938	0.18510169869847784	0.6406217872018795	1.0
ml	1.0	0.2144404939354719	1.0	1.0	0.26181011813539046	0.2878947946273441	1.0	0.17066233391622868	0.293461835004014	0.1998427723458691	0.700276933133712	1.0	0.17719365417912458	0.1804325002111167	0.20320008499366723	1.0	1.0	0.37660127365534285	1.0	1.0	1.0	0.24698546608129315	0.1744472987946401	0.3004149031647681	0.2399813003878989	1.0	0.2637169126194694	1.0	0.25083790106188836	0.23613645790077648	0.2410292611818638	1.0	0.4705757236823063	0.23899415788933273	0.6442100898340133	1.0
mr	1.0	0.5190622243874722	1.0	1.0	0.49014385689407297	0.6684601440492226	1.0	0.26358711933858775	0.5569808373491606	0.5787085177563855	1.0	1.0	0.29085800227239844	0.41864240658479435	0.4593521016660155	1.0	1.0	0.6475250169846578	1.0	1.0	1.0	0.4921956065818056	0.5481701424761936	0.591349353371869	0.3769030122839552	1.0	0.32837353295283833	1.0	0.5743801667867757	0.534043342969307	0.5539028676859222	1.0	1.0	0.5460121241722777	1.0	1.0
nl	1.0	0.1472057275770536	1.0	0.6532002319725719	0.10564512486727742	0.05741732260684348	0.12267779460748517	0.07067143611412874	0.06571028055918968	0.06373530997853742	0.15216466695926428	0.13582493067478524	0.06915811761736557	0.09763302634059841	0.07086623185545188	0.08481853738256392	0.10694842688328568	0.11167974069484096	0.1874757016531409	0.24698546608129315	0.4921956065818056	1.0	0.0745749066163092	0.0721835613749044	0.09410128860701816	0.09541928392862654	0.06781387078011217	0.6532002319725722	0.10199174637338337	0.06645231006508545	0.07832136541243777	0.24346720764442417	0.2854127243645616	0.07747730301888373	0.39667014841899007	0.08614844213793334
pl	1.0	0.14757104235937893	1.0	0.538524856949716	0.10844124346030186	0.06608467791707558	0.1267407936352659	0.08648296802307505	0.06744217081252664	0.0720965182002477	0.12609370385087268	0.12807535535454403	0.07999384500920652	0.10733728888584304	0.08298921046717297	0.10930699011735448	0.12950757305005065	0.11346424851317387	0.18300073688036694	0.1744472987946401	0.5481701424761936	0.0745749066163092	1.0	0.08492854900978768	0.09570553141875422	0.11479318060685154	0.07742601598095543	0.4940605841375678	0.10660433923500916	0.07676639393958606	0.08569408053573076	0.2865652292984821	0.323059174278702	0.08477586662050512	0.20633532592183507	0.11387245241899899
pt	1.0	0.15479080338693763	1.0	1.0	0.1043296816795614	0.06664715362749482	0.15352557744348258	0.07838997761339467	0.07425572070319468	0.06914242878108698	0.16291449790310966	0.19112970805363952	0.08006927576133949	0.10970129500951013	0.07944039009486314	0.09470116120360754	0.14135561863804985	0.12353125952153803	0.2357308928479427	0.3004149031647681	0.591349353371869	0.0721835613749044	0.08492854900978768	1.0	0.08762591561887974	0.07998781454332987	0.0598859767343925	0.6532002319725719	0.13384616305074076	0.058369884338513416	0.0701898699098242	0.34126506028842296	0.2983302726302757	0.09359204784816627	0.4130151102535605	0.10088506990531448
ro	1.0	0.1438863128763652	1.0	0.658925744020971	0.10815533392959303	0.09940714999601455	0.1373151767343775	0.10007496162964193	0.10009590299804298	0.09132128603259185	0.1481176807462132	0.1557590037363062	0.08911938295087861	0.10870095188235511	0.09742202233201495	0.12460937998874771	0.13050360033893654	0.12660778410752213	0.15773987487222668	0.2399813003878989	0.3769030122839552	0.09410128860701816	0.09570553141875422	0.08762591561887974	1.0	0.12535471008291355	0.0819942775347153	0.30713997423231637	0.12391425624557993	0.08467323359776106	0.0882258876318962	0.28210177134546555	0.6355051539810055	0.10249179893749216	0.29196744938789787	0.1279625770791383
ru	1.0	0.20820797632433824	1.0	1.0	0.11926790146194204	0.09291378015871378	0.6134703768457332	0.13091131006092638	0.09302653338044932	0.09270442038668548	0.45864410408647904	0.6915622893805501	0.0982456093965078	0.16075824088925378	0.11352754900391955	0.5222710521591937	0.6110127792096903	0.16756865943371937	0.6954089837405417	1.0	1.0	0.09541928392862654	0.11479318060685154	0.07998781454332987	0.12535471008291355	1.0	0.08781186838882225	1.0	0.15351025606396954	0.08373352561129602	0.09376672978709488	1.0	0.3558350319960357	0.12038165500216387	0.5932464233149596	0.5223888329111687
sh	1.0	0.1431524732023137	1.0	0.7221793916855703	0.09469701408996632	0.058473307135220705	0.11986922555779726	0.07374859271373563	0.06891768607756023	0.065192273125022	0.13182111820114198	0.13991408804009406	0.07340280051130592	0.10201258810987286	0.07597781170300101	0.0900806939838392	0.1091349179541535	0.10999752252047183	0.1830269628280673	0.2637169126194694	0.32837353295283833	0.06781387078011217	0.07742601598095543	0.0598859767343925	0.0819942775347153	0.08781186838882225	1.0	0.6122131884607099	0.1153427924023827	0.0600882269033743	0.06803452910340005	0.2889202156458007	0.4853339346378739	0.07965874563274812	0.4169094093797078	0.09224345653651361
si	1.0	0.28682595706699743	1.0	1.0	0.5823617472637093	0.548831259588921	1.0	0.3787354678615593	0.6143589292419387	0.4940605841375678	0.6532002319725722	1.0	0.3744493153213439	0.4872952346487903	0.6338208189097604	1.0	1.0	0.6638546162332061	1.0	1.0	1.0	0.6532002319725722	0.4940605841375678	0.6532002319725719	0.30713997423231637	1.0	0.6122131884607099	1.0	0.6193113617177751	0.5773372087697155	0.5665446450931801	1.0	1.0	0.5615807088367775	1.0	1.0
simple	1.0	0.16634524900948006	1.0	0.7210092110599264	0.13318622592655097	0.10253860451484939	0.18836975953212148	0.10264124649924307	0.10307183909983023	0.09981434419369763	0.18802086482892116	0.1812575909589602	0.10315291773423017	0.12390310201961503	0.10252085270889914	0.13577792766366115	0.17188599517579115	0.1716302996287202	0.2505483670906588	0.25083790106188836	0.5743801667867757	0.10199174637338337	0.10660433923500916	0.13384616305074076	0.12391425624557993	0.15351025606396954	0.1153427924023827	0.6193113617177751	1.0	0.11038292372249955	0.12186893271960944	0.40569635127826803	0.43058111904653396	0.10174377663430263	0.42078492575759985	0.1290477063948373
sr	1.0	0.14910315371250993	1.0	0.5642670943910084	0.0963134623053687	0.058224188178175526	0.1304762141815037	0.071694096388405	0.06743376589410587	0.06471347306316531	0.14250684861296364	0.16367740970471154	0.07383380059931878	0.09361914657869762	0.0743711538631922	0.08770482144648176	0.1217960769439285	0.11750947536826117	0.2041880732167379	0.23613645790077648	0.534043342969307	0.06645231006508545	0.07676639393958606	0.058369884338513416	0.08467323359776106	0.08373352561129602	0.0600882269033743	0.5773372087697155	0.11038292372249955	1.0	0.06998048940835132	0.3204459847364255	0.5692639615572997	0.08089550216246612	0.37195647875713916	0.08770634840128494
sv	1.0	0.15578559533397274	1.0	0.5325748575337595	0.1003829799761506	0.07993066680516561	0.15184683919124833	0.08499420984680407	0.08081086728504816	0.07675611007168057	0.13448331163728564	0.1517711584604062	0.08050665836544761	0.10330321707848676	0.08093483193723149	0.09915573390951889	0.11662148931539368	0.12654780074139327	0.22144177664514123	0.2410292611818638	0.5539028676859222	0.07832136541243777	0.08569408053573076	0.0701898699098242	0.0882258876318962	0.09376672978709488	0.06803452910340005	0.5665446450931801	0.12186893271960944	0.06998048940835132	1.0	0.29506232393689197	0.541515318483079	0.08990740540447593	0.38132888605775705	0.1018821534873974
te	1.0	0.24743039404144015	1.0	1.0	0.28862660762549236	0.3882177567640171	1.0	0.22227739844835123	0.23157158978886683	0.2903535144795486	1.0	1.0	0.3155200504650757	0.26470856703647444	0.25560409108126714	1.0	1.0	0.4788543478007519	1.0	1.0	1.0	0.24346720764442417	0.2865652292984821	0.34126506028842296	0.28210177134546555	1.0	0.2889202156458007	1.0	0.40569635127826803	0.3204459847364255	0.29506232393689197	1.0	0.7510341748895938	0.2949417483789778	0.7234532828151787	1.0
tr	1.0	0.4787373101682283	-1.0	1.0	0.29463183984326685	0.36937547291661565	0.6524007805500077	0.29896511885404997	0.35583984380647704	0.26859110813442677	0.6391906500312812	0.74551343442257	0.7510341748895938	0.4001839187958416	0.3649482866605337	0.47984071007226897	0.46568280093958603	0.5228681769294352	0.7510341748895938	0.4705757236823063	1.0	0.2854127243645616	0.323059174278702	0.2983302726302757	0.6355051539810055	0.3558350319960357	0.4853339346378739	1.0	0.43058111904653396	0.5692639615572997	0.541515318483079	0.7510341748895938	1.0	0.4648654627228145	1.0	0.37356559436403514
vi	0.7690990303325336	0.1531346664751984	1.0	0.7221793916855703	0.10680177220505704	0.07599848218113943	0.12929527466084398	0.0878045238726923	0.07172178105298327	0.07198200864266101	0.12957111318132336	0.1378788223699117	0.08460099687641376	0.10222699384484074	0.08185918630001904	0.11074427495540393	0.12149163427430093	0.10777409494036183	0.18510169869847784	0.23899415788933273	0.5460121241722777	0.07747730301888373	0.08477586662050512	0.09359204784816627	0.10249179893749216	0.12038165500216387	0.07965874563274812	0.5615807088367775	0.10174377663430263	0.08089550216246612	0.08990740540447593	0.2949417483789778	0.4648654627228145	1.0	0.4030436163041555	0.11054267205159686
war	1.0	0.25292426360260145	1.0	1.0	0.3694869233600529	0.42255057507962457	0.5932464233149596	0.26692308404988857	0.4699179633827324	0.3750965952598977	0.5924658130616859	0.5949224416307971	0.3005111957713317	0.2731717545394025	0.34691829790431966	0.5917196795904757	0.5917196795904757	0.3872614930889483	0.6406217872018795	0.6442100898340133	1.0	0.39667014841899007	0.20633532592183507	0.4130151102535605	0.29196744938789787	0.5932464233149596	0.4169094093797078	1.0	0.42078492575759985	0.37195647875713916	0.38132888605775705	0.7234532828151787	1.0	0.4030436163041555	1.0	0.5910055389828529
zh	1.0	0.20447779364901653	1.0	1.0	0.1365185046233473	0.06904050313804197	1.0	0.12435065259492369	0.08039359143281916	0.0850853545306316	0.480230041941449	1.0	0.09072113253696969	0.15706024533074142	0.10976144803647078	0.6829196033032381	1.0	0.1702837412068599	1.0	1.0	1.0	0.08614844213793334	0.11387245241899899	0.10088506990531448	0.1279625770791383	0.5223888329111687	0.09224345653651361	1.0	0.1290477063948373	0.08770634840128494	0.1018821534873974	1.0	0.37356559436403514	0.11054267205159686	0.5910055389828529	1.0
