arz	bs	ceb	ckb	da	de	el	en	es	fr	he	hi	hu	id	it	ja	ko	lv	mk	ml	mr	nl	pl	pt	ro	ru	sh	si	simple	sr	sv	te	tr	vi	war	zh
arz	1.0	0.5078740157480315	0.7272727272727273	0.7272727272727273	0.5057471264367817	0.5016139444803099	0.6747720364741642	0.5015556938394524	0.5024248302618817	0.5018896447467875	0.5054054054054055	0.6754530477759473	0.503448275862069	0.5050709939148074	0.5022665457842249	0.502116850127011	0.6756756756756757	0.5058139534883721	0.6819484240687679	0.6829268292682926	0.6804123711340206	0.5019305019305019	0.5021008403361344	0.5024925224327019	0.5036496350364964	0.5023169601482854	0.5016160310277957	0.684931506849315	0.5052910052910053	0.5016035920461834	0.5033921302578018	0.6794258373205742	0.5263157894736842	0.5027624309392265	0.5180722891566265	0.67
bs	0.5078740157480315	1.0	0.5059760956175299	0.5257352941176471	0.5819027106901142	0.5335144543023306	0.5636363636363636	0.5331763427238373	0.5460417378933194	0.5384671849414567	0.5795454545454545	0.5654450261780104	0.5575600798013507	0.5717259271365799	0.5421216760756483	0.5398028809704322	0.5668202764976958	0.5808140730874642	0.5776699029126213	0.5702247191011236	0.5241379310344827	0.5444396378878723	0.5470561487561598	0.5511282680287654	0.5694154097579245	0.5476387738193869	0.5374677931361573	0.5313653136531366	0.5698529411764706	0.5373230786491207	0.5613795403325139	0.5397727272727273	0.5873015873015873	0.5533811276884325	0.552901023890785	0.5440199335548173
ceb	0.7272727272727273	0.5059760956175299	1.0	0.7096774193548386	0.5043478260869565	0.5009696186166774	0.6707317073170731	0.5009345794392523	0.5014577259475219	0.5011355034065103	0.5027173913043478	0.6710743801652892	0.5020746887966805	0.5030549898167006	0.5013623978201636	0.5008474576271186	0.6702702702702703	0.5043988269794721	0.6743515850144092	0.6776859504132231	0.696629213483146	0.5014520813165537	0.5015806111696522	0.5014985014985015	0.5027522935779817	0.5013927576601671	0.5009708737864078	0.6865671641791045	0.504	0.5009633911368016	0.5020408163265306	0.6798029556650247	-1.0	0.5020804438280166	0.5189873417721519	0.6691729323308271
ckb	0.7272727272727273	0.5257352941176471	0.7096774193548386	1.0	0.5234159779614326	0.5060780550223928	0.7002967359050445	0.5058605798889574	0.509090909090909	0.5071054599850411	0.5248041775456919	0.6919431279620853	0.5121621621621621	0.5187376725838264	0.5085049239033124	0.5075250836120401	0.6965699208443272	0.5179063360881543	0.7287671232876712	0.7368421052631579	0.7175572519083969	0.5090562440419447	0.5098445595854922	0.5088408644400786	0.5141843971631206	0.5082266910420475	0.5054382597568778	0.7572815533980582	0.5229591836734694	0.5053968253968254	0.511968085106383	0.7112970711297072	0.5348837209302326	0.5115020297699594	0.5377358490566038	0.6815365551425031
da	0.5057471264367817	0.5819027106901142	0.5043478260869565	0.5234159779614326	1.0	0.5443609060853495	0.5843373493975903	0.5428228128226762	0.5594526598385691	0.5507606562230297	0.6003401360544217	0.5734157650695517	0.5769257281282516	0.591514303198456	0.556272686245846	0.5528040786598689	0.5875706214689266	0.591590570135273	0.5780933062880325	0.5681818181818182	0.5264550264550264	0.5605836437251214	0.565246992407877	0.5679881195096781	0.5876631449810686	0.5645933014354068	0.5488655627553103	0.5247252747252747	0.5819151974477037	0.5484508686681978	0.5851677324396279	0.5473441108545034	0.582089552238806	0.5679290250035172	0.5471204188481675	0.555379746835443
de	0.5016139444803099	0.5335144543023306	0.5009696186166774	0.5060780550223928	0.5443609060853495	1.0	0.5609756097560976	0.6539509841935034	0.6182875089501976	0.6365021431832741	0.5527230590961761	0.5567010309278351	0.5905785414313741	0.5676765626744337	0.6255175675451884	0.6232813932172319	0.5659432387312188	0.5490081680280047	0.5334136062612884	0.5243376463339495	0.5085823267641449	0.6196012992317965	0.6112340314512027	0.5813443292147481	0.556554763246587	0.5794599380256751	0.5957976056135649	0.5060702875399361	0.5537763465667774	0.5961812264065344	0.5689767389821611	0.5160098522167488	0.540420250781016	0.5903786224374649	0.5120101137800253	0.6192965779467681
el	0.6747720364741642	0.5636363636363636	0.6707317073170731	0.7002967359050445	0.5843373493975903	0.5609756097560976	1.0	0.5590334980779791	0.5725490196078431	0.565526145900581	0.5964125560538116	0.8089233753637245	0.5893769152196119	0.5979247730220493	0.5737827715355805	0.5697098372257607	0.8369565217391305	0.5857359635811836	0.7909199522102748	0.7708333333333333	0.7070707070707071	0.5781990521327014	0.5750000000000001	0.561128526645768	0.5761511216056671	0.5568685376661743	0.5476718403547671	0.7022222222222222	0.5815295815295816	0.5473568281938326	0.5715686274509805	0.7322121604139715	0.5576923076923077	0.579476861167002	0.5368421052631579	0.8095238095238095
en	0.5015556938394524	0.5331763427238373	0.5009345794392523	0.5058605798889574	0.5428228128226762	0.6539509841935034	0.5590334980779791	1.0	0.6217870760277268	0.6395355369952196	0.5510089686098655	0.5551858014420411	0.592075570070908	0.566766065790675	0.6298917603092113	0.6293611236973267	0.5663237682728749	0.5477319040634793	0.5332167832167832	0.5234979179060083	0.5085889570552148	0.6212776026078194	0.6120341416830326	0.5797376188262982	0.5566659602792454	0.5837696335078534	0.607608969855276	0.5058533579790512	0.5521076507541299	0.6078544465372242	0.5694434194682604	0.5157644259369424	0.5460042081550603	0.5919735929916704	0.5115853658536585	0.6230121608980356
es	0.5024248302618817	0.5460417378933194	0.5014577259475219	0.509090909090909	0.5594526598385691	0.6182875089501976	0.5725490196078431	0.6217870760277268	1.0	0.62395556532015	0.5734323432343235	0.5658730158730159	0.6053656834266864	0.5883683523657363	0.6305622078024986	0.6223855285472017	0.5875968992248062	0.5685304747731316	0.5466434176111595	0.5357466063348416	0.5127962085308057	0.61641254068871	0.6228690911633953	0.5848781898936821	0.5729648860887064	0.5856107083100949	0.5824989147691935	0.5090735434574976	0.5709724481820189	0.582114588402998	0.5842710558099833	0.523508137432188	0.550561797752809	0.6059068900114086	0.5178571428571429	0.6144791053560918
fr	0.5018896447467875	0.5384671849414567	0.5011355034065103	0.5071054599850411	0.5507606562230297	0.6365021431832741	0.565526145900581	0.6395355369952196	0.62395556532015	1.0	0.5588039867109634	0.56217277486911	0.5963920382461403	0.5752046427762613	0.6262503525074296	0.6301162203132895	0.5761631612492033	0.5560136773992527	0.5394277739009071	0.5282748747315676	0.5104011887072808	0.621218958658667	0.6168778565851722	0.5837057880251602	0.5637254988287198	0.5851272015655578	0.5914741797851993	0.5070948469006721	0.5568021465243024	0.5917816788800786	0.5766799305731887	0.5185979971387696	0.5458937198067633	0.5915933939119179	0.5140117994100295	0.6217345872518286
he	0.5054054054054055	0.5795454545454545	0.5027173913043478	0.5248041775456919	0.6003401360544217	0.5527230590961761	0.5964125560538116	0.5510089686098655	0.5734323432343235	0.5588039867109634	1.0	0.5770392749244713	0.5878524945770065	0.6008462623413259	0.5684936229634366	0.5628654970760234	0.5963687150837989	0.5959252971137521	0.588469184890656	0.5723684210526315	0.5263157894736842	0.5685154975530179	0.5745614035087719	0.5642087821043911	0.5792838874680307	0.5604053000779423	0.5455065827132227	0.5246753246753247	0.5878594249201278	0.5451961341671404	0.5792811839323467	0.5391304347826087	0.5555555555555556	0.5842332613390929	0.5445544554455445	0.5667726550079492
hi	0.6754530477759473	0.5654450261780104	0.6710743801652892	0.6919431279620853	0.5734157650695517	0.5567010309278351	0.8089233753637245	0.5551858014420411	0.5658730158730159	0.56217277486911	0.5770392749244713	1.0	0.5809128630705394	0.5904255319148937	0.5704493526275705	0.5673146148308136	0.8127853881278538	0.5783699059561129	0.7753086419753086	0.7760778859527122	0.7037037037037037	0.5729166666666666	0.5708227311280747	0.5578611332801278	0.5779141104294478	0.5549698795180723	0.5436730123180291	0.6962025316455697	0.5875190258751902	0.5433815350389322	0.562624254473161	0.7430167597765364	0.5636363636363636	0.5786749482401656	0.5372460496613995	0.8072887907233572
hu	0.503448275862069	0.5575600798013507	0.5020746887966805	0.5121621621621621	0.5769257281282516	0.5905785414313741	0.5893769152196119	0.592075570070908	0.6053656834266864	0.5963920382461403	0.5878524945770065	0.5809128630705394	1.0	0.6061939215429477	0.6066472056848989	0.5977301387137454	0.6031904287138584	0.5873588984911084	0.5616113744075829	0.5466998754669987	0.5180240320427236	0.6071256131080166	0.6079957332051291	0.5820993778477507	0.5897787126082087	0.580958549222798	0.5718997231188998	0.5128205128205129	0.5847900051503754	0.5713624927756994	0.5894166358097418	0.5298507462686567	0.5441176470588236	0.6055563288270347	0.5250659630606861	0.6016205266711682
id	0.5050709939148074	0.5717259271365799	0.5030549898167006	0.5187376725838264	0.591514303198456	0.5676765626744337	0.5979247730220493	0.566766065790675	0.5883683523657363	0.5752046427762613	0.6008462623413259	0.5904255319148937	0.6061939215429477	1.0	0.5858796073988342	0.5781792911744267	0.6097256857855362	0.5932870273139327	0.5774193548387097	0.5627177700348431	0.5220729366602687	0.5858215412668559	0.5902308659741202	0.5729597807744947	0.5972552303550706	0.5713240673006583	0.5554896016724811	0.518664047151277	0.602989891254927	0.5553257403049328	0.5871003958457759	0.5391304347826087	0.5839987946361307	0.5992764953754008	0.5362901069518716	0.5875663381349507
it	0.5022665457842249	0.5421216760756483	0.5013623978201636	0.5085049239033124	0.556272686245846	0.6255175675451884	0.5737827715355805	0.6298917603092113	0.6305622078024986	0.6262503525074296	0.5684936229634366	0.5704493526275705	0.6066472056848989	0.5858796073988342	1.0	0.6240395170142701	0.584253127299485	0.5633206583607268	0.5456790123456791	0.5331069609507639	0.5106194690265486	0.6201845515540755	0.6218619580013307	0.5863438074978852	0.5728453630742266	0.5844994617868676	0.5841571885144737	0.5084897229669347	0.5665551017813223	0.5841942660735825	0.5804824882711934	0.5216284987277354	0.5600038371758386	0.6064319221613498	0.5167253521126761	0.6174957118353345
ja	0.502116850127011	0.5398028809704322	0.5008474576271186	0.5075250836120401	0.5528040786598689	0.6232813932172319	0.5697098372257607	0.6293611236973267	0.6223855285472017	0.6301162203132895	0.5628654970760234	0.5673146148308136	0.5977301387137454	0.5781792911744267	0.6240395170142701	1.0	0.5837421163279608	0.5599112426035503	0.5437645236250969	0.5314741035856574	0.5116279069767442	0.6189674523007855	0.6161440185830429	0.5797333333333333	0.5681216931216931	0.5825996892801657	0.5875486381322957	0.5070892410341952	0.5612762871646121	0.5873493975903614	0.5764350453172206	0.5202863961813842	0.5700934579439253	0.5929868503443958	0.5152263374485597	0.6261891438164522
ko	0.6756756756756757	0.5668202764976958	0.6702702702702703	0.6965699208443272	0.5875706214689266	0.5659432387312188	0.8369565217391305	0.5663237682728749	0.5875968992248062	0.5761631612492033	0.5963687150837989	0.8127853881278538	0.6031904287138584	0.6097256857855362	0.584253127299485	0.5837421163279608	1.0	0.6008708272859216	0.8187001140250856	0.7883211678832116	0.7137254901960784	0.5846153846153846	0.5890073831009023	0.5718677940046119	0.5924225028702641	0.5708029197080292	0.5564074479737131	0.6946264744429882	0.5848032564450475	0.5563418617310832	0.5886319845857417	0.7291910902696366	0.5797101449275363	0.5904203323558163	0.5349716446124764	0.8281750266808965
lv	0.5058139534883721	0.5808140730874642	0.5043988269794721	0.5179063360881543	0.591590570135273	0.5490081680280047	0.5857359635811836	0.5477319040634793	0.5685304747731316	0.5560136773992527	0.5959252971137521	0.5783699059561129	0.5873588984911084	0.5932870273139327	0.5633206583607268	0.5599112426035503	0.6008708272859216	1.0	0.5740365111561866	0.5727482678983833	0.5309973045822103	0.5671641791044776	0.573907556396908	0.5592033805409888	0.5826812345704878	0.5545954438334643	0.542459080118667	0.5192307692307692	0.5845329110065768	0.5421731507196869	0.5736340669467502	0.5439814814814815	0.5614035087719298	0.5814063237376121	0.5490716180371352	0.5640612409347301
mk	0.6819484240687679	0.5776699029126213	0.6743515850144092	0.7287671232876712	0.5780933062880325	0.5334136062612884	0.7909199522102748	0.5332167832167832	0.5466434176111595	0.5394277739009071	0.588469184890656	0.7753086419753086	0.5616113744075829	0.5774193548387097	0.5456790123456791	0.5437645236250969	0.8187001140250856	0.5740365111561866	1.0	0.8160676532769556	0.7208121827411168	0.5469565217391305	0.5501405810684161	0.5415194346289753	0.5712166172106825	0.5415973377703827	0.5305755395683454	0.7127659574468085	0.5617977528089888	0.5303571428571429	0.5542725173210161	0.72	0.5535714285714286	0.5551643192488263	0.5547445255474452	0.7486941381311666
ml	0.6829268292682926	0.5702247191011236	0.6776859504132231	0.7368421052631579	0.5681818181818182	0.5243376463339495	0.7708333333333333	0.5234979179060083	0.5357466063348416	0.5282748747315676	0.5723684210526315	0.7760778859527122	0.5466998754669987	0.5627177700348431	0.5331069609507639	0.5314741035856574	0.7883211678832116	0.5727482678983833	0.8160676532769556	1.0	0.740484429065744	0.5346534653465347	0.5380116959064327	0.5322283609576427	0.5494505494505494	0.5301204819277109	0.5211526670754139	0.7360594795539034	0.5626326963906582	0.5209981740718198	0.5420219244823387	0.7455012853470437	0.5737704918032787	0.5447761194029851	0.5625	0.7296650717703349
mr	0.6804123711340206	0.5241379310344827	0.696629213483146	0.7175572519083969	0.5264550264550264	0.5085823267641449	0.7070707070707071	0.5085889570552148	0.5127962085308057	0.5104011887072808	0.5263157894736842	0.7037037037037037	0.5180240320427236	0.5220729366602687	0.5106194690265486	0.5116279069767442	0.7137254901960784	0.5309973045822103	0.7208121827411168	0.740484429065744	1.0	0.5132325141776938	0.5138461538461538	0.5116504854368932	0.5173010380622838	0.5113122171945702	0.5082697201017812	0.7164179104477613	0.5270935960591133	0.5082070707070707	0.5163826998689384	0.7067669172932332	0.5238095238095238	0.5180722891566265	0.5454545454545455	0.689697717458359
nl	0.5019305019305019	0.5444396378878723	0.5014520813165537	0.5090562440419447	0.5605836437251214	0.6196012992317965	0.5781990521327014	0.6212776026078194	0.61641254068871	0.621218958658667	0.5685154975530179	0.5729166666666666	0.6071256131080166	0.5858215412668559	0.6201845515540755	0.6189674523007855	0.5846153846153846	0.5671641791044776	0.5469565217391305	0.5346534653465347	0.5132325141776938	1.0	0.6078461525440105	0.5870043765825766	0.5757033261015784	0.580253723110866	0.5835101487449343	0.5090390104662227	0.5672816786695638	0.5835750715370612	0.5824889971148517	0.5224820143884892	0.5316280571967549	0.5973358888081227	0.5177902621722846	0.6193013617525164
pl	0.5021008403361344	0.5470561487561598	0.5015806111696522	0.5098445595854922	0.565246992407877	0.6112340314512027	0.5750000000000001	0.6120341416830326	0.6228690911633953	0.6168778565851722	0.5745614035087719	0.5708227311280747	0.6079957332051291	0.5902308659741202	0.6218619580013307	0.6161440185830429	0.5890073831009023	0.573907556396908	0.5501405810684161	0.5380116959064327	0.5138461538461538	0.6078461525440105	1.0	0.5848478301284789	0.5778863749502714	0.5844907407407407	0.5766923309419514	0.5098241985522234	0.5699174694882382	0.5764495916001199	0.5870898111156091	0.52431906614786	0.5428571428571428	0.6066766163838424	0.5193089430894309	0.6092233009708738
pt	0.5024925224327019	0.5511282680287654	0.5014985014985015	0.5088408644400786	0.5679881195096781	0.5813443292147481	0.561128526645768	0.5797376188262982	0.5848781898936821	0.5837057880251602	0.5642087821043911	0.5578611332801278	0.5820993778477507	0.5729597807744947	0.5863438074978852	0.5797333333333333	0.5718677940046119	0.5592033805409888	0.5415194346289753	0.5322283609576427	0.5116504854368932	0.5870043765825766	0.5848478301284789	1.0	0.5967125685268694	0.6185074626865672	0.6180225807219325	0.5093228655544652	0.5524193548387096	0.6172330213482692	0.6127180331791544	0.5285313376987839	0.5542857142857143	0.5720549172720581	0.5173410404624277	0.5819209039548022
ro	0.5036496350364964	0.5694154097579245	0.5027522935779817	0.5141843971631206	0.5876631449810686	0.556554763246587	0.5761511216056671	0.5566659602792454	0.5729648860887064	0.5637254988287198	0.5792838874680307	0.5779141104294478	0.5897787126082087	0.5972552303550706	0.5728453630742266	0.5681216931216931	0.5924225028702641	0.5826812345704878	0.5712166172106825	0.5494505494505494	0.5173010380622838	0.5757033261015784	0.5778863749502714	0.5967125685268694	1.0	0.5945548197203826	0.5744555150836902	0.5159574468085106	0.572353060395739	0.5734301660550587	0.604573914919022	0.5409309791332263	0.5597560975609756	0.5779196683343782	0.5300171526586621	0.5732666190135811
ru	0.5023169601482854	0.5476387738193869	0.5013927576601671	0.5082266910420475	0.5645933014354068	0.5794599380256751	0.5568685376661743	0.5837696335078534	0.5856107083100949	0.5851272015655578	0.5604053000779423	0.5549698795180723	0.580958549222798	0.5713240673006583	0.5844994617868676	0.5825996892801657	0.5708029197080292	0.5545954438334643	0.5415973377703827	0.5301204819277109	0.5113122171945702	0.580253723110866	0.5844907407407407	0.6185074626865672	0.5945548197203826	1.0	0.6240458015267175	0.5091407678244972	0.5548733691481197	0.6239316239316239	0.6093117408906883	0.5284837861524978	0.5549132947976879	0.5736235595390525	0.515695067264574	0.5864909390444811
sh	0.5016160310277957	0.5374677931361573	0.5009708737864078	0.5054382597568778	0.5488655627553103	0.5957976056135649	0.5476718403547671	0.607608969855276	0.5824989147691935	0.5914741797851993	0.5455065827132227	0.5436730123180291	0.5718997231188998	0.5554896016724811	0.5841571885144737	0.5875486381322957	0.5564074479737131	0.542459080118667	0.5305755395683454	0.5211526670754139	0.5082697201017812	0.5835101487449343	0.5766923309419514	0.6180225807219325	0.5744555150836902	0.6240458015267175	1.0	0.5064020486555698	0.5408601662104875	0.6678079345770755	0.595164214365815	0.5205223880597015	0.5573770491803278	0.5646062192419775	0.511378002528445	0.5851685393258427
si	0.684931506849315	0.5313653136531366	0.6865671641791045	0.7572815533980582	0.5247252747252747	0.5060702875399361	0.7022222222222222	0.5058533579790512	0.5090735434574976	0.5070948469006721	0.5246753246753247	0.6962025316455697	0.5128205128205129	0.518664047151277	0.5084897229669347	0.5070892410341952	0.6946264744429882	0.5192307692307692	0.7127659574468085	0.7360594795539034	0.7164179104477613	0.5090390104662227	0.5098241985522234	0.5093228655544652	0.5159574468085106	0.5091407678244972	0.5064020486555698	1.0	0.5215189873417722	0.5063532401524777	0.5126162018592297	0.7226890756302521	0.5116279069767442	0.5121621621621621	0.5523809523809524	0.6815089672232529
simple	0.5052910052910053	0.5698529411764706	0.504	0.5229591836734694	0.5819151974477037	0.5537763465667774	0.5815295815295816	0.5521076507541299	0.5709724481820189	0.5568021465243024	0.5878594249201278	0.5875190258751902	0.5847900051503754	0.602989891254927	0.5665551017813223	0.5612762871646121	0.5848032564450475	0.5845329110065768	0.5617977528089888	0.5626326963906582	0.5270935960591133	0.5672816786695638	0.5699174694882382	0.5524193548387096	0.572353060395739	0.5548733691481197	0.5408601662104875	0.5215189873417722	1.0	0.5405568223553316	0.5667351129363449	0.5478260869565218	0.5777777777777777	0.5890683239128607	0.5463414634146342	0.5681458003169572
sr	0.5016035920461834	0.5373230786491207	0.5009633911368016	0.5053968253968254	0.5484508686681978	0.5961812264065344	0.5473568281938326	0.6078544465372242	0.582114588402998	0.5917816788800786	0.5451961341671404	0.5433815350389322	0.5713624927756994	0.5553257403049328	0.5841942660735825	0.5873493975903614	0.5563418617310832	0.5421731507196869	0.5303571428571429	0.5209981740718198	0.5082070707070707	0.5835750715370612	0.5764495916001199	0.6172330213482692	0.5734301660550587	0.6239316239316239	0.6678079345770755	0.5063532401524777	0.5405568223553316	1.0	0.5950657787289227	0.5203703703703704	0.5531914893617021	0.563951848192254	0.5112923462986199	0.5852348993288591
sv	0.5033921302578018	0.5613795403325139	0.5020408163265306	0.511968085106383	0.5851677324396279	0.5689767389821611	0.5715686274509805	0.5694434194682604	0.5842710558099833	0.5766799305731887	0.5792811839323467	0.562624254473161	0.5894166358097418	0.5871003958457759	0.5804824882711934	0.5764350453172206	0.5886319845857417	0.5736340669467502	0.5542725173210161	0.5420219244823387	0.5163826998689384	0.5824889971148517	0.5870898111156091	0.6127180331791544	0.604573914919022	0.6093117408906883	0.595164214365815	0.5126162018592297	0.5667351129363449	0.5950657787289227	1.0	0.5326757090012331	0.5607476635514019	0.5804262601317793	0.5233160621761658	0.579083279535184
te	0.6794258373205742	0.5397727272727273	0.6798029556650247	0.7112970711297072	0.5473441108545034	0.5160098522167488	0.7322121604139715	0.5157644259369424	0.523508137432188	0.5185979971387696	0.5391304347826087	0.7430167597765364	0.5298507462686567	0.5391304347826087	0.5216284987277354	0.5202863961813842	0.7291910902696366	0.5439814814814815	0.72	0.7455012853470437	0.7067669172932332	0.5224820143884892	0.52431906614786	0.5285313376987839	0.5409309791332263	0.5284837861524978	0.5205223880597015	0.7226890756302521	0.5478260869565218	0.5203703703703704	0.5326757090012331	1.0	0.5576923076923077	0.5299251870324189	0.5416666666666666	0.7069271758436945
tr	0.5263157894736842	0.5873015873015873	-1.0	0.5348837209302326	0.582089552238806	0.540420250781016	0.5576923076923077	0.5460042081550603	0.550561797752809	0.5458937198067633	0.5555555555555556	0.5636363636363636	0.5441176470588236	0.5839987946361307	0.5600038371758386	0.5700934579439253	0.5797101449275363	0.5614035087719298	0.5535714285714286	0.5737704918032787	0.5238095238095238	0.5316280571967549	0.5428571428571428	0.5542857142857143	0.5597560975609756	0.5549132947976879	0.5573770491803278	0.5116279069767442	0.5777777777777777	0.5531914893617021	0.5607476635514019	0.5576923076923077	1.0	0.5764705882352942	0.5238095238095238	0.5773195876288659
vi	0.5027624309392265	0.5533811276884325	0.5020804438280166	0.5115020297699594	0.5679290250035172	0.5903786224374649	0.579476861167002	0.5919735929916704	0.6059068900114086	0.5915933939119179	0.5842332613390929	0.5786749482401656	0.6055563288270347	0.5992764953754008	0.6064319221613498	0.5929868503443958	0.5904203323558163	0.5814063237376121	0.5551643192488263	0.5447761194029851	0.5180722891566265	0.5973358888081227	0.6066766163838424	0.5720549172720581	0.5779196683343782	0.5736235595390525	0.5646062192419775	0.5121621621621621	0.5890683239128607	0.563951848192254	0.5804262601317793	0.5299251870324189	0.5764705882352942	1.0	0.5251322751322751	0.5993265993265994
war	0.5180722891566265	0.552901023890785	0.5189873417721519	0.5377358490566038	0.5471204188481675	0.5120101137800253	0.5368421052631579	0.5115853658536585	0.5178571428571429	0.5140117994100295	0.5445544554455445	0.5372460496613995	0.5250659630606861	0.5362901069518716	0.5167253521126761	0.5152263374485597	0.5349716446124764	0.5490716180371352	0.5547445255474452	0.5625	0.5454545454545455	0.5177902621722846	0.5193089430894309	0.5173410404624277	0.5300171526586621	0.515695067264574	0.511378002528445	0.5523809523809524	0.5463414634146342	0.5112923462986199	0.5233160621761658	0.5416666666666666	0.5238095238095238	0.5251322751322751	1.0	0.5172727272727272
zh	0.67	0.5440199335548173	0.6691729323308271	0.6815365551425031	0.555379746835443	0.6192965779467681	0.8095238095238095	0.6230121608980356	0.6144791053560918	0.6217345872518286	0.5667726550079492	0.8072887907233572	0.6016205266711682	0.5875663381349507	0.6174957118353345	0.6261891438164522	0.8281750266808965	0.5640612409347301	0.7486941381311666	0.7296650717703349	0.689697717458359	0.6193013617525164	0.6092233009708738	0.5819209039548022	0.5732666190135811	0.5864909390444811	0.5851685393258427	0.6815089672232529	0.5681458003169572	0.5852348993288591	0.579083279535184	0.7069271758436945	0.5773195876288659	0.5993265993265994	0.5172727272727272	1.0
