arz	bs	ceb	ckb	da	de	el	en	es	fr	he	hi	hu	id	it	ja	ko	lv	mk	ml	mr	nl	pl	pt	ro	ru	sh	si	simple	sr	sv	te	vi	war	zh
arz	0.14302048979591836	0.25	0.50025	0.3333333333333333	0.16666666666666666	0.16666666666666666	0.14285714285714285	0.14285714285714285	0.14285714285714285	0.14285714285714285	0.16669444444444445	0.25	0.14291836734693877	0.14285714285714285	0.16666666666666666	0.16669444444444442	0.14287755102040817	0.2	0.16666666666666666	0.2	0.25006249999999997	0.14285714285714285	0.14287755102040817	0.14285714285714285	0.14287755102040817	0.14285714285714285	0.16669444444444442	1.0	0.16669444444444442	0.14287755102040817	0.16666666666666666	0.3333333333333333	0.14287755102040817	0.16669444444444442	0.14287755102040817
bs	0.25	0.10002000999999999	0.25	0.25	0.1111111111111111	0.125	0.1111111111111111	0.1	0.1111111111111111	0.1111111111111111	0.1	0.125015625	0.125	0.1111111111111111	0.125	0.125	0.1111111111111111	0.125	0.16666666666666666	0.16666666666666666	0.16666666666666666	0.125	0.1111111111111111	0.1111111111111111	0.125	0.1111111111111111	0.125	0.25	0.125	0.125	0.1	0.25	0.1111111111111111	0.25	0.11112345679012345
ceb	0.50025	0.25	0.0773513849347492	0.3333333333333333	0.08334722916666666	0.07694675147928993	0.16666666666666666	0.07693491124260354	0.07693491124260354	0.07694082840236686	0.08338890277777777	0.1111111111111111	0.0833680625	0.09092561983471074	0.08333333333333333	0.09090909090909091	0.10004002	0.11116051851851852	0.14287755102040817	0.20003999999999997	0.20012003999999997	0.08333333333333333	0.07694674556213017	0.08334722916666666	0.09093389256198346	0.07694675147928993	0.125	0.5	0.1000800600700701	0.1250938907971097	0.07692899408284024	0.5	0.1	0.3333333333333333	0.09097525622315701
ckb	0.3333333333333333	0.25	0.3333333333333333	0.14289797959183675	0.16666666666666666	0.14285714285714285	0.2	0.14285714285714285	0.16666666666666666	0.14285714285714285	0.16666666666666666	0.16666666666666666	0.16666666666666666	0.16669444444444442	0.16666666666666666	0.16666666666666666	0.16666666666666666	0.16666666666666666	0.2	0.2	0.2	0.16666666666666666	0.16666666666666666	0.16666666666666666	0.16666666666666666	0.16666666666666666	0.2	0.5	0.2	0.16666666666666666	0.16666666666666666	0.25006249999999997	0.16666666666666666	0.3333333333333333	0.16666666666666666
da	0.16666666666666666	0.1111111111111111	0.08334722916666666	0.16666666666666666	0.026385920159176433	0.03334000222222222	0.05263157894736842	0.026320638504848337	0.029411764705882353	0.028575511020408163	0.034489894173602854	0.05263157894736842	0.03704115363648971	0.033334444444444444	0.03125	0.03448394768133174	0.03448394887158264	0.058823529411764705	0.07143367346938775	0.08333333333333333	0.09092562809917355	0.033334444444444444	0.030305785123966943	0.0312529296875	0.037037037037037035	0.029413495674740484	0.058823529411764705	0.14285714285714285	0.0370590041316996	0.0500075	0.030303948576675847	0.16666666666666666	0.04	0.14285714285714285	0.030306703397612485
de	0.16666666666666666	0.125	0.07694675147928993	0.14285714285714285	0.03334000222222222	0.017600060620931977	0.04348015122873346	0.01786001371205357	0.020000399999999998	0.01818446380198347	0.02941608996539792	0.043478260869565216	0.03448870392390011	0.026317867728531855	0.02174007561436673	0.022727789256198346	0.027780864197530862	0.06667111111111111	0.06250390624999999	0.06251171875	0.06667555555555557	0.024390838786436643	0.025003125624999997	0.02325635478637101	0.031250976562500005	0.02083724132074783	0.05555555555555555	0.125	0.03031037741046832	0.04166840277777777	0.02325743699296917	0.1	0.03571428571428571	0.125	0.022735538223140495
el	0.14285714285714285	0.1111111111111111	0.16666666666666666	0.2	0.05263157894736842	0.04348015122873346	0.035723215561224486	0.03571428571428571	0.041666666666666664	0.041666666666666664	0.05	0.05555555555555555	0.058823529411764705	0.047619047619047616	0.041666666666666664	0.04166840277777777	0.05000249999999999	0.08333333333333333	0.09090909090909091	0.07142857142857142	0.07692899408284024	0.05	0.05	0.041666666666666664	0.05555555555555555	0.04	0.07692307692307693	0.2	0.05263157894736842	0.05555555555555555	0.041666666666666664	0.1	0.05263157894736842	0.125	0.04348015122873346
en	0.14285714285714285	0.1	0.07693491124260354	0.14285714285714285	0.026320638504848337	0.01786001371205357	0.03571428571428571	0.006475967930313482	0.013514244156318479	0.011766644290795847	0.022732438533574897	0.029414359861591695	0.030306703397612485	0.01666972222222222	0.013699756051792081	0.015874275636180397	0.019232618713017752	0.058823529411764705	0.0588304532906609	0.0526398891966759	0.0454710826487624	0.019231878698224854	0.0200028008	0.0178609706635845	0.026318559556786702	0.012823471564760026	0.045454545454545456	0.08333333333333333	0.024399171330164192	0.03333778000111111	0.014287960204081632	0.06250390624999999	0.027780094136574847	0.125	0.016134758846254423
es	0.14285714285714285	0.1111111111111111	0.07693491124260354	0.16666666666666666	0.029411764705882353	0.020000399999999998	0.041666666666666664	0.013514244156318479	0.012997140671789009	0.015151974288337923	0.02631578947368421	0.04	0.030303030303030304	0.02325635478637101	0.018867924528301886	0.020833333333333332	0.023255813953488372	0.0625	0.06666666666666667	0.0625	0.0625	0.020834201388888886	0.02325635478637101	0.020000399999999998	0.03125	0.016666944444444443	0.05263157894736842	0.1111111111111111	0.027777777777777776	0.038461538461538464	0.021739130434782608	0.1	0.03125	0.125	0.01923224852071006
fr	0.14285714285714285	0.1111111111111111	0.07694082840236686	0.14285714285714285	0.028575511020408163	0.01818446380198347	0.041666666666666664	0.011766644290795847	0.015151974288337923	0.011401211681265944	0.024393813801308742	0.037037037037037035	0.030309460974288337	0.020837240451388888	0.018518861454046638	0.0196078431372549	0.020408579758433985	0.06250390624999999	0.058823529411764705	0.05556481790123456	0.05000249999999999	0.020834201822916665	0.022223704197530864	0.020410245730945437	0.029412629757785465	0.016394786347755978	0.05	0.1	0.027780092592592592	0.03846449704142012	0.02174102079395085	0.08333333333333333	0.03125	0.125	0.017548169591258846
he	0.16669444444444445	0.1	0.08338890277777777	0.16666666666666666	0.034489894173602854	0.02941608996539792	0.05	0.022732438533574897	0.02631578947368421	0.024393813801308742	0.0223224286841609	0.05263157894736842	0.038470415680473366	0.028578776326530612	0.02941349480968858	0.03125293262012012	0.03333888888888888	0.0625	0.07143367346938775	0.08333333333333333	0.09090909090909091	0.030303948576675847	0.03334000111111111	0.025005626249999996	0.037043897119341564	0.02500375	0.05555555555555555	0.14287755102040817	0.03572576658163265	0.04762358276643991	0.03333666777777777	0.16666666666666666	0.03571428571428571	0.14285714285714285	0.027786267747685185
hi	0.25	0.125015625	0.1111111111111111	0.16666666666666666	0.05263157894736842	0.043478260869565216	0.05555555555555555	0.029414359861591695	0.04	0.037037037037037035	0.05263157894736842	0.02943947060295069	0.05555555555555555	0.038461538461538464	0.043478260869565216	0.04	0.047619047619047616	0.07142857142857142	0.08333333333333333	0.0625	0.047628117913832195	0.05263157894736842	0.047621315192743756	0.047621315192743756	0.05555555555555555	0.038463017751479284	0.07692307692307693	0.14285714285714285	0.050004999999999994	0.06250390624999999	0.0400016	0.0625	0.05555555555555555	0.16666666666666666	0.045460743801652895
hu	0.14291836734693877	0.125	0.0833680625	0.16666666666666666	0.03704115363648971	0.03448870392390011	0.058823529411764705	0.030306703397612485	0.030303030303030304	0.030309460974288337	0.038470415680473366	0.05555555555555555	0.030413622213760386	0.038468934911242605	0.035715561224489795	0.035715561224489795	0.0370425253786022	0.06666666666666667	0.07142857142857142	0.08334027777777778	0.0833819722361111	0.03448632699167657	0.034487514863258024	0.034485136741973836	0.038467458581362426	0.030306703397612485	0.05555555555555555	0.14285714285714285	0.038477819529585795	0.050012499999999994	0.034487516052318666	0.2	0.04545661363843182	0.125	0.03227472529136421
id	0.14285714285714285	0.1111111111111111	0.09092561983471074	0.16669444444444442	0.033334444444444444	0.026317867728531855	0.047619047619047616	0.01666972222222222	0.02325635478637101	0.020837240451388888	0.028578776326530612	0.038461538461538464	0.038468934911242605	0.016721289205028494	0.02564168310322156	0.025001249999999996	0.02702848794740686	0.0625	0.06666666666666667	0.06667111111111111	0.06250390624999999	0.029411764705882353	0.029416955017301037	0.026318560249307475	0.033340003335556666	0.02127840651878678	0.058823529411764705	0.14285714285714285	0.03448870392390012	0.04546281405165289	0.02857142857142857	0.09090909090909091	0.031251953124999995	0.125	0.02273347365754132
it	0.16666666666666666	0.125	0.08333333333333333	0.16666666666666666	0.03125	0.02174007561436673	0.041666666666666664	0.013699756051792081	0.018867924528301886	0.018518861454046638	0.02941349480968858	0.043478260869565216	0.035715561224489795	0.02564168310322156	0.0122171724390041	0.019231508875739642	0.02564102564102564	0.0625	0.06250390624999999	0.06250390624999999	0.06667555555555557	0.023809523809523808	0.023811225056689343	0.022728305785123963	0.028572244897959183	0.01818314082644628	0.05263434903047091	0.1	0.0312539072265625	0.03846449704142012	0.01695087618500431	0.1	0.030303030303030304	0.125	0.022223703703703704
ja	0.16669444444444442	0.125	0.09090909090909091	0.16666666666666666	0.03448394768133174	0.022727789256198346	0.04166840277777777	0.015874275636180397	0.020833333333333332	0.0196078431372549	0.03125293262012012	0.04	0.035715561224489795	0.025001249999999996	0.019231508875739642	0.015645781778617744	0.023810090702947845	0.06666666666666667	0.06250390624999999	0.06250390624999999	0.06251171875	0.02631578947368421	0.02702702702702703	0.027027757487216943	0.032261187304890734	0.02174054820415879	0.05555864197530863	0.1111111111111111	0.02941349480968858	0.04166840277777777	0.02127750158442734	0.09090909090909091	0.029411764705882353	0.125	0.02222419802469136
ko	0.14287755102040817	0.1111111111111111	0.10004002	0.16666666666666666	0.03448394887158264	0.027780864197530862	0.05000249999999999	0.019232618713017752	0.023255813953488372	0.020408579758433985	0.03333888888888888	0.047619047619047616	0.0370425253786022	0.02702848794740686	0.02564102564102564	0.023810090702947845	0.017585814011606662	0.0625	0.0625	0.08333333333333333	0.0769408343254497	0.0312509765625	0.031254882812499996	0.029414360726643596	0.03846449704142012	0.024390838786436643	0.05555555555555555	0.1111111111111111	0.032260145681581684	0.05	0.027779320987654316	0.14285714285714285	0.033334444444444444	0.125	0.021279764599366226
lv	0.2	0.125	0.11116051851851852	0.16666666666666666	0.058823529411764705	0.06667111111111111	0.08333333333333333	0.058823529411764705	0.0625	0.06250390624999999	0.0625	0.07142857142857142	0.06666666666666667	0.0625	0.0625	0.06666666666666667	0.0625	0.05884776124567473	0.08333333333333333	0.11112345679012345	0.11112345679012345	0.0625	0.058823529411764705	0.058823529411764705	0.058823529411764705	0.05882698961937716	0.07142857142857142	0.2	0.06667111111111111	0.06250390624999999	0.058830449826989616	0.2	0.0625	0.16666666666666666	0.0625078125
mk	0.16666666666666666	0.16666666666666666	0.14287755102040817	0.2	0.07143367346938775	0.06250390624999999	0.09090909090909091	0.0588304532906609	0.06666666666666667	0.058823529411764705	0.07143367346938775	0.08333333333333333	0.07142857142857142	0.06666666666666667	0.06250390624999999	0.06250390624999999	0.0625	0.08333333333333333	0.05562046310825964	0.125	0.142877571449	0.058823529411764705	0.0625	0.06667556445334223	0.06250390624999999	0.0625078125	0.07692307692307693	0.2	0.07144388265816837	0.06667555555555556	0.06666666666666667	0.25	0.06666666666666667	0.125	0.0625
ml	0.2	0.16666666666666666	0.20003999999999997	0.2	0.08333333333333333	0.06251171875	0.07142857142857142	0.0526398891966759	0.0625	0.05556481790123456	0.08333333333333333	0.0625	0.08334027777777778	0.06667111111111111	0.06250390624999999	0.06250390624999999	0.08333333333333333	0.11112345679012345	0.125	0.05276488462589076	0.07144898469387755	0.07142857142857142	0.06668000444444445	0.07143877551020407	0.07694082840236686	0.05555555555555555	0.125	0.2	0.0769467573964497	0.09093389256198348	0.06666666666666667	0.08335416666666667	0.09091735537190083	0.16666666666666666	0.07694083431952664
mr	0.25006249999999997	0.16666666666666666	0.20012003999999997	0.2	0.09092562809917355	0.06667555555555557	0.07692899408284024	0.0454710826487624	0.0625	0.05000249999999999	0.09090909090909091	0.047628117913832195	0.0833819722361111	0.06250390624999999	0.06667555555555557	0.06251171875	0.0769408343254497	0.11112345679012345	0.142877571449	0.07144898469387755	0.04567673284604603	0.07692307692307693	0.07143367346938775	0.07692900000592308	0.08333333333333333	0.050007502499999995	0.1111111111111111	0.16666666666666666	0.08336111111111111	0.1	0.06251562499999999	0.0769467573964497	0.1	0.2	0.07694675147928995
nl	0.14285714285714285	0.125	0.08333333333333333	0.16666666666666666	0.033334444444444444	0.024390838786436643	0.05	0.019231878698224854	0.020834201388888886	0.020834201822916665	0.030303948576675847	0.05263157894736842	0.03448632699167657	0.029411764705882353	0.023809523809523808	0.02631578947368421	0.0312509765625	0.0625	0.058823529411764705	0.07142857142857142	0.07692307692307693	0.01889001960450767	0.027780092592592592	0.026316481994459833	0.032260145681581684	0.022222222222222223	0.047619047619047616	0.125	0.03333777777777778	0.04166840277777777	0.025642340565417487	0.14285714285714285	0.03571428571428571	0.125	0.026317174515235454
pl	0.14287755102040817	0.1111111111111111	0.07694674556213017	0.16666666666666666	0.030305785123966943	0.025003125624999997	0.05	0.0200028008	0.02325635478637101	0.022223704197530864	0.03334000111111111	0.047621315192743756	0.034487514863258024	0.029416955017301037	0.023811225056689343	0.02702702702702703	0.031254882812499996	0.058823529411764705	0.0625	0.06668000444444445	0.07143367346938775	0.027780092592592592	0.019277477340162524	0.027779320987654316	0.031250976562500005	0.022224197530864197	0.05263157894736842	0.125	0.03226326951300937	0.041671875	0.025642998685075608	0.125	0.037037037037037035	0.125	0.02778549537191512
pt	0.14285714285714285	0.1111111111111111	0.08334722916666666	0.16666666666666666	0.0312529296875	0.02325635478637101	0.041666666666666664	0.0178609706635845	0.020000399999999998	0.020410245730945437	0.025005626249999996	0.047621315192743756	0.034485136741973836	0.026318560249307475	0.022728305785123963	0.027027757487216943	0.029414360726643596	0.058823529411764705	0.06667556445334223	0.07143877551020407	0.07692900000592308	0.026316481994459833	0.027779320987654316	0.01728489387742272	0.030303030303030304	0.019232248890532544	0.05000249999999999	0.125	0.029422149655710206	0.038465976331360945	0.025642998685075608	0.125	0.03571428571428571	0.125	0.023260681990265007
ro	0.14287755102040817	0.125	0.09093389256198346	0.16666666666666666	0.037037037037037035	0.031250976562500005	0.05555555555555555	0.026318559556786702	0.03125	0.029412629757785465	0.037043897119341564	0.05555555555555555	0.038467458581362426	0.033340003335556666	0.028572244897959183	0.032261187304890734	0.03846449704142012	0.058823529411764705	0.06250390624999999	0.07694082840236686	0.08333333333333333	0.032260145681581684	0.031250976562500005	0.030303030303030304	0.026359488347148508	0.027779320987654316	0.05555555555555555	0.16666666666666666	0.041673611111111106	0.041671875	0.030303948576675847	0.16666666666666666	0.0400016	0.125	0.034485136741973836
ru	0.14285714285714285	0.1111111111111111	0.07694675147928993	0.16666666666666666	0.029413495674740484	0.02083724132074783	0.04	0.012823471564760026	0.016666944444444443	0.016394786347755978	0.02500375	0.038463017751479284	0.030306703397612485	0.02127840651878678	0.01818314082644628	0.02174054820415879	0.024390838786436643	0.05882698961937716	0.0625078125	0.05555555555555555	0.050007502499999995	0.022222222222222223	0.022224197530864197	0.019232248890532544	0.027779320987654316	0.012090729089616803	0.05	0.1	0.02632479501592936	0.037043897119341564	0.019231508875739642	0.08333333333333333	0.030303948576675847	0.125	0.0200072032008
sh	0.16669444444444442	0.125	0.125	0.2	0.058823529411764705	0.05555555555555555	0.07692307692307693	0.045454545454545456	0.05263157894736842	0.05	0.05555555555555555	0.07692307692307693	0.05555555555555555	0.058823529411764705	0.05263434903047091	0.05555864197530863	0.05555555555555555	0.07142857142857142	0.07692307692307693	0.125	0.1111111111111111	0.047619047619047616	0.05263157894736842	0.05000249999999999	0.05555555555555555	0.05	0.04549382852893596	0.14285714285714285	0.05883391349480968	0.050004999999999994	0.05555555555555555	0.25	0.058823529411764705	0.14287755102040817	0.050007502499999995
si	1.0	0.25	0.5	0.5	0.14285714285714285	0.125	0.2	0.08333333333333333	0.1111111111111111	0.1	0.14287755102040817	0.14285714285714285	0.14285714285714285	0.14285714285714285	0.1	0.1111111111111111	0.1111111111111111	0.2	0.2	0.2	0.16666666666666666	0.125	0.125	0.125	0.16666666666666666	0.1	0.14285714285714285	0.08334722222222221	0.14287755102040817	0.16666666666666666	0.1111111111111111	0.25	0.16666666666666666	0.5	0.1
simple	0.16669444444444442	0.125	0.1000800600700701	0.2	0.0370590041316996	0.03031037741046832	0.05263157894736842	0.024399171330164192	0.027777777777777776	0.027780092592592592	0.03572576658163265	0.050004999999999994	0.038477819529585795	0.03448870392390012	0.0312539072265625	0.02941349480968858	0.032260145681581684	0.06667111111111111	0.07144388265816837	0.0769467573964497	0.08336111111111111	0.03333777777777778	0.03226326951300937	0.029422149655710206	0.041673611111111106	0.02632479501592936	0.05883391349480968	0.14287755102040817	0.024556750604868918	0.04547729133471901	0.03226014568158169	0.125	0.0400048	0.14285714285714285	0.027797080253087962
sr	0.14287755102040817	0.125	0.1250938907971097	0.16666666666666666	0.0500075	0.04166840277777777	0.05555555555555555	0.03333778000111111	0.038461538461538464	0.03846449704142012	0.04762358276643991	0.06250390624999999	0.050012499999999994	0.04546281405165289	0.03846449704142012	0.04166840277777777	0.05	0.06250390624999999	0.06667555555555556	0.09093389256198348	0.1	0.04166840277777777	0.041671875	0.038465976331360945	0.041671875	0.037043897119341564	0.050004999999999994	0.16666666666666666	0.04547729133471901	0.03343923328112815	0.04545867768595041	0.14285714285714285	0.05000249999999999	0.125	0.0400176096032
sv	0.16666666666666666	0.1	0.07692899408284024	0.16666666666666666	0.030303948576675847	0.02325743699296917	0.041666666666666664	0.014287960204081632	0.021739130434782608	0.02174102079395085	0.03333666777777777	0.0400016	0.034487516052318666	0.02857142857142857	0.01695087618500431	0.02127750158442734	0.027779320987654316	0.058830449826989616	0.06666666666666667	0.06666666666666667	0.06251562499999999	0.025642340565417487	0.025642998685075608	0.025642998685075608	0.030303948576675847	0.019231508875739642	0.05555555555555555	0.1111111111111111	0.03226014568158169	0.04545867768595041	0.012529447046502858	0.1	0.03333333333333333	0.14285714285714285	0.025003750624999998
te	0.3333333333333333	0.25	0.5	0.25006249999999997	0.16666666666666666	0.1	0.1	0.06250390624999999	0.1	0.08333333333333333	0.16666666666666666	0.0625	0.2	0.09090909090909091	0.1	0.09090909090909091	0.14285714285714285	0.2	0.25	0.08335416666666667	0.0769467573964497	0.14285714285714285	0.125	0.125	0.16666666666666666	0.08333333333333333	0.25	0.25	0.125	0.14285714285714285	0.1	0.06254690626172266	0.16666666666666666	0.25	0.125
vi	0.14287755102040817	0.1111111111111111	0.1	0.16666666666666666	0.04	0.03571428571428571	0.05263157894736842	0.027780094136574847	0.03125	0.03125	0.03571428571428571	0.05555555555555555	0.04545661363843182	0.031251953124999995	0.030303030303030304	0.029411764705882353	0.033334444444444444	0.0625	0.06666666666666667	0.09091735537190083	0.1	0.03571428571428571	0.037037037037037035	0.03571428571428571	0.0400016	0.030303948576675847	0.058823529411764705	0.16666666666666666	0.0400048	0.05000249999999999	0.03333333333333333	0.16666666666666666	0.027810999280159034	0.125	0.0312509765625
war	0.16669444444444442	0.25	0.3333333333333333	0.3333333333333333	0.14285714285714285	0.125	0.125	0.125	0.125	0.125	0.14285714285714285	0.16666666666666666	0.125	0.125	0.125	0.125	0.125	0.16666666666666666	0.125	0.16666666666666666	0.2	0.125	0.125	0.125	0.125	0.125	0.14287755102040817	0.5	0.14285714285714285	0.125	0.14285714285714285	0.25	0.125	0.125015625	0.125015625
zh	0.14287755102040817	0.11112345679012345	0.09097525622315701	0.16666666666666666	0.030306703397612485	0.022735538223140495	0.04348015122873346	0.016134758846254423	0.01923224852071006	0.017548169591258846	0.027786267747685185	0.045460743801652895	0.03227472529136421	0.02273347365754132	0.022223703703703704	0.02222419802469136	0.021279764599366226	0.0625078125	0.0625	0.07694083431952664	0.07694675147928995	0.026317174515235454	0.02778549537191512	0.023260681990265007	0.034485136741973836	0.0200072032008	0.050007502499999995	0.1	0.027797080253087962	0.0400176096032	0.025003750624999998	0.125	0.0312509765625	0.125015625	0.01527279079786738
