arz	bs	ceb	ckb	da	de	el	en	es	fr	he	hi	hu	id	it	ja	ko	lv	mk	ml	mr	nl	pl	pt	ro	ru	sh	si	simple	sr	sv	te	tr	vi	war	zh
arz	0.0	0.0	0.0	0.0	0.0	0.0	0.0	0.0	0.0	0.0	0.0	0.0	0.0	0.0	0.0	0.0	0.0	0.0	0.0	0.0	0.0	0.0	0.0	0.0	0.0	0.0	0.0	0.0	0.0	0.0	0.0	0.0	0.0	0.0	0.0	0.0
bs	0.0	1.0	0.0	0.0	0.0	0.0034921291108669403	0.003266260295820498	0.014789301108224602	8.935452524823804e-05	0.05463184433382895	0.0	0.0	0.002471631166719761	0.0008667148174898605	0.00012286658922348317	4.4707723259193026e-05	0.00197306055862966	0.0	0.0	0.0	0.0	0.043382897941278795	0.0020655935834752513	0.0014921908677918891	0.009745561274053864	0.0029250935920804183	0.022978068915676046	0.0	0.0	0.014976066101257275	0.00011172934683023843	0.0	0.0	0.001427401686325713	0.0	0.00219148514415347
ceb	0.0	0.0	0.0	0.0	0.0	0.0	0.0	0.0	0.0	0.0	0.0	0.0	0.0	0.0	0.0	0.0	0.0	0.0	0.0	0.0	0.0	0.0	0.0	0.0	0.0	0.0	0.0	0.0	0.0	0.0	0.0	0.0	-1.0	0.0	0.0	0.0
ckb	0.0	0.0	0.0	0.0	0.0	0.0	0.0	0.0	0.0	0.0	0.0	0.0	0.0	0.0	0.0	0.0	0.0	0.0	0.0	0.0	0.0	0.0	0.0	0.0	0.0	0.0	0.0	0.0	0.0	0.0	0.0	0.0	0.0	0.0	0.0	0.0
da	0.0	0.0	0.0	0.0	0.0	0.0	0.0	0.0	0.0	0.0	0.0	0.0	0.0	0.0	0.0	0.0	0.0	0.0	0.0	0.0	0.0	0.0	0.0	0.0	0.0	0.0	0.0	0.0	0.0	0.0	0.0	0.0	0.0	0.0	0.0	0.0
de	0.0	0.0034921291108669403	0.0	0.0	0.0	1.0	0.009448515233320479	0.009990865494405116	0.000682360968952576	0.0031719817021220818	0.0	0.0	0.007580680095299978	0.0037637521713954833	0.00034106412005457026	0.0	0.00750645085620455	0.0	0.0	0.0	0.0	0.003223726627981947	0.0008708904855214457	0.001001001001001001	0.014163011695906433	0.0017064846416382253	0.002907221707255414	0.0	0.0	0.0030872137895549268	0.0006887052341597796	0.0	0.0	0.006196746707978312	0.0	0.0006824385805277526
el	0.0	0.003266260295820498	0.0	0.0	0.0	0.009448515233320479	1.0	0.02904416140935603	0.0011862396204033216	0.005653448867989327	0.0	0.0	0.0707808564231738	0.03967446592065107	0.0015822784810126582	0.0016240357287860333	0.050445103857566766	0.0	0.0	0.0	0.0	0.0029529302911589267	0.0019102196752626551	0.0008342602892102336	0.07995154451847365	0.002052545155993432	0.0033011789924973205	0.0	0.0	0.001515950435011864	0.004008016032064128	0.0	0.0	0.019539224263633713	0.0	0.0027589666415851516
en	0.0	0.014789301108224602	0.0	0.0	0.0	0.009990865494405116	0.02904416140935603	1.0	0.0017377355968453416	0.024055300604561375	0.0	0.0	0.02553557178810386	0.010481088470802683	0.0021396095212623694	0.0008047749983233854	0.023153942428035045	0.0	0.0	0.0	0.0	0.014058601497025142	0.0015638157103332131	0.0007479897774730413	0.08893382871654988	0.0022544655760448583	0.011223914269599549	0.0	0.0	0.007579346281383231	0.0010705921712947475	0.0	0.0	0.016115676157717054	0.0	0.0034150506159287717
es	0.0	8.935452524823804e-05	0.0	0.0	0.0	0.000682360968952576	0.0011862396204033216	0.0017377355968453416	1.0	0.00025740723178843835	0.0	0.0	0.003604531410916581	0.001310615989515072	0.0	0.0	0.0025188916876574307	0.0	0.0	0.0	0.0	0.0001850481125092524	0.0	0.0	0.0035859431030360986	0.0	0.00023702299123014932	0.0	0.0	0.0001551470017841905	0.0049504950495049506	0.0	0.0	0.0033613445378151263	0.0	0.0011806375442739079
fr	0.0	0.05463184433382895	0.0	0.0	0.0	0.0031719817021220818	0.005653448867989327	0.024055300604561375	0.00025740723178843835	1.0	0.0	0.0	0.004694273783877231	0.0014274171828709938	0.0002845104388234816	0.00014914040891588482	0.003885024631857202	0.0	0.0	0.0	0.0	0.03993977133523887	0.002336696760488582	0.001778883449696386	0.020091312839779555	0.0030150224480928996	0.02975012504621273	0.0	0.0	0.01441371707362841	0.00024394541043815305	0.0	0.0	0.002345184331488455	0.0	0.0036655425669461367
he	0.0	0.0	0.0	0.0	0.0	0.0	0.0	0.0	0.0	0.0	1.0	0.0	0.0	0.0	0.0	0.0	0.0	0.0	0.0	0.0	0.0	0.0	0.0	0.0	0.0	0.0	0.0	0.0	0.0	0.0	0.0	0.0	0.0	0.0	0.0	0.0
hi	0.0	0.0	0.0	0.0	0.0	0.0	0.0	0.0	0.0	0.0	0.0	0.0	0.0	0.0	0.0	0.0	0.0	0.0	0.0	0.0	0.0	0.0	0.0	0.0	0.0	0.0	0.0	0.0	0.0	0.0	0.0	0.0	0.0	0.0	0.0	0.0
hu	0.0	0.002471631166719761	0.0	0.0	0.0	0.007580680095299978	0.0707808564231738	0.02553557178810386	0.003604531410916581	0.004694273783877231	0.0	0.0	1.0	0.07257019438444924	0.00257201646090535	0.0037293553542887587	0.12161246612466124	0.0	0.0	0.0	0.0	0.002148997134670487	0.0008310249307479224	0.0003316749585406302	0.11817377846562016	0.00046544100535257155	0.0021959682023804297	0.0	0.0	0.001439243369200192	0.0026082420448617634	0.0	0.0	0.04184549356223176	0.0	0.003526300323244196
id	0.0	0.0008667148174898605	0.0	0.0	0.0	0.0037637521713954833	0.03967446592065107	0.010481088470802683	0.001310615989515072	0.0014274171828709938	0.0	0.0	0.07257019438444924	1.0	0.0026246719160104987	0.004310344827586207	0.0561351217088922	0.0	0.0	0.0	0.0	0.0006307479449825018	0.0008244023083264633	0.0	0.04042875451473844	0.0	0.0010642728240248022	0.0	0.0	0.0008199165175909362	0.009589041095890411	0.0	0.0	0.02127659574468085	0.0	0.002697841726618705
it	0.0	0.00012286658922348317	0.0	0.0	0.0	0.00034106412005457026	0.0015822784810126582	0.0021396095212623694	0.0	0.0002845104388234816	0.0	0.0	0.00257201646090535	0.0026246719160104987	1.0	0.0	0.00315059861373661	0.0	0.0	0.0	0.0	0.00010279605263157894	0.0	0.0	0.0010730893048765948	0.0	9.479571523367143e-05	0.0	0.0	0.0001551470017841905	0.0	0.0	0.022222222222222223	0.0025188916876574307	0.0	0.0005899705014749262
ja	0.0	4.4707723259193026e-05	0.0	0.0	0.0	0.0	0.0016240357287860333	0.0008047749983233854	0.0	0.00014914040891588482	0.0	0.0	0.0037293553542887587	0.004310344827586207	0.0	1.0	0.0026263952724885093	0.0	0.0	0.0	0.0	0.0001235228723185243	0.0	0.0	0.002647731375616801	0.0	9.508867018494746e-05	0.0	0.0	7.796055196070789e-05	0.0	0.0	0.0	0.001774622892635315	0.0	0.0
ko	0.0	0.00197306055862966	0.0	0.0	0.0	0.00750645085620455	0.050445103857566766	0.023153942428035045	0.0025188916876574307	0.003885024631857202	0.0	0.0	0.12161246612466124	0.0561351217088922	0.00315059861373661	0.0026263952724885093	1.0	0.0	0.0	0.0	0.0	0.001702656143583991	0.0015379883112888342	0.0007527286413248024	0.08422222222222223	0.0007616146230007616	0.002320392681838465	0.0	0.0	0.0011939879196516364	0.004492939666238768	0.0	0.0	0.03064516129032258	0.0	0.001965923984272608
lv	0.0	0.0	0.0	0.0	0.0	0.0	0.0	0.0	0.0	0.0	0.0	0.0	0.0	0.0	0.0	0.0	0.0	0.0	0.0	0.0	0.0	0.0	0.0	0.0	0.0	0.0	0.0	0.0	0.0	0.0	0.0	0.0	0.0	0.0	0.0	0.0
mk	0.0	0.0	0.0	0.0	0.0	0.0	0.0	0.0	0.0	0.0	0.0	0.0	0.0	0.0	0.0	0.0	0.0	0.0	0.0	0.0	0.0	0.0	0.0	0.0	0.0	0.0	0.0	0.0	0.0	0.0	0.0	0.0	0.0	0.0	0.0	0.0
ml	0.0	0.0	0.0	0.0	0.0	0.0	0.0	0.0	0.0	0.0	0.0	0.0	0.0	0.0	0.0	0.0	0.0	0.0	0.0	0.0	0.0	0.0	0.0	0.0	0.0	0.0	0.0	0.0	0.0	0.0	0.0	0.0	0.0	0.0	0.0	0.0
mr	0.0	0.0	0.0	0.0	0.0	0.0	0.0	0.0	0.0	0.0	0.0	0.0	0.0	0.0	0.0	0.0	0.0	0.0	0.0	0.0	0.0	0.0	0.0	0.0	0.0	0.0	0.0	0.0	0.0	0.0	0.0	0.0	0.0	0.0	0.0	0.0
nl	0.0	0.043382897941278795	0.0	0.0	0.0	0.003223726627981947	0.0029529302911589267	0.014058601497025142	0.0001850481125092524	0.03993977133523887	0.0	0.0	0.002148997134670487	0.0006307479449825018	0.00010279605263157894	0.0001235228723185243	0.001702656143583991	0.0	0.0	0.0	0.0	1.0	0.002530787931927783	0.00116808313529625	0.009417032391037828	0.002733207487808715	0.020343759632461947	0.0	0.0	0.013858111460228213	0.00010285314627774464	0.0	0.0	0.0013928138877674606	0.0	0.002099748030236372
pl	0.0	0.0020655935834752513	0.0	0.0	0.0	0.0008708904855214457	0.0019102196752626551	0.0015638157103332131	0.0	0.002336696760488582	0.0	0.0	0.0008310249307479224	0.0008244023083264633	0.0	0.0	0.0015379883112888342	0.0	0.0	0.0	0.0	0.002530787931927783	1.0	0.0020304568527918783	0.0017924716191993627	0.0018885741265344666	0.0020248261290606567	0.0	0.0	0.0024101363448560805	0.0	0.0	0.0	0.001401541695865452	0.0	0.0017889087656529517
pt	0.0	0.0014921908677918891	0.0	0.0	0.0	0.001001001001001001	0.0008342602892102336	0.0007479897774730413	0.0	0.001778883449696386	0.0	0.0	0.0003316749585406302	0.0	0.0	0.0	0.0007527286413248024	0.0	0.0	0.0	0.0	0.00116808313529625	0.0020304568527918783	1.0	0.0011637748624629708	0.002473886750962067	0.001309964766464902	0.0	0.0	0.0010756543564001434	0.0	0.0	0.0	0.001328609388839681	0.0	0.0003620564808110065
ro	0.0	0.009745561274053864	0.0	0.0	0.0	0.014163011695906433	0.07995154451847365	0.08893382871654988	0.0035859431030360986	0.020091312839779555	0.0	0.0	0.11817377846562016	0.04042875451473844	0.0010730893048765948	0.002647731375616801	0.08422222222222223	0.0	0.0	0.0	0.0	0.009417032391037828	0.0017924716191993627	0.0011637748624629708	1.0	0.001958041958041958	0.011124930901050304	0.0	0.0	0.006067265430919167	0.002875973636908328	0.0	0.0	0.05015146415348368	0.0	0.005505709624796085
ru	0.0	0.0029250935920804183	0.0	0.0	0.0	0.0017064846416382253	0.002052545155993432	0.0022544655760448583	0.0	0.0030150224480928996	0.0	0.0	0.00046544100535257155	0.0	0.0	0.0	0.0007616146230007616	0.0	0.0	0.0	0.0	0.002733207487808715	0.0018885741265344666	0.002473886750962067	0.001958041958041958	1.0	0.0023509296858303056	0.0	0.0	0.0026970135508485728	0.00039184952978056425	0.0	0.0	0.0011299435028248588	0.0	0.0007420232500618352
sh	0.0	0.022978068915676046	0.0	0.0	0.0	0.002907221707255414	0.0033011789924973205	0.011223914269599549	0.00023702299123014932	0.02975012504621273	0.0	0.0	0.0021959682023804297	0.0010642728240248022	9.479571523367143e-05	9.508867018494746e-05	0.002320392681838465	0.0	0.0	0.0	0.0	0.020343759632461947	0.0020248261290606567	0.001309964766464902	0.011124930901050304	0.0023509296858303056	1.0	0.0	0.0	0.010686702987487277	9.491718475630013e-05	0.0	0.0	0.00195268153126561	0.0	0.0023541953537955847
si	0.0	0.0	0.0	0.0	0.0	0.0	0.0	0.0	0.0	0.0	0.0	0.0	0.0	0.0	0.0	0.0	0.0	0.0	0.0	0.0	0.0	0.0	0.0	0.0	0.0	0.0	0.0	0.0	0.0	0.0	0.0	0.0	0.0	0.0	0.0	0.0
simple	0.0	0.0	0.0	0.0	0.0	0.0	0.0	0.0	0.0	0.0	0.0	0.0	0.0	0.0	0.0	0.0	0.0	0.0	0.0	0.0	0.0	0.0	0.0	0.0	0.0	0.0	0.0	0.0	0.0	0.0	0.0	0.0	0.0	0.0	0.0	0.0
sr	0.0	0.014976066101257275	0.0	0.0	0.0	0.0030872137895549268	0.001515950435011864	0.007579346281383231	0.0001551470017841905	0.01441371707362841	0.0	0.0	0.001439243369200192	0.0008199165175909362	0.0001551470017841905	7.796055196070789e-05	0.0011939879196516364	0.0	0.0	0.0	0.0	0.013858111460228213	0.0024101363448560805	0.0010756543564001434	0.006067265430919167	0.0026970135508485728	0.010686702987487277	0.0	0.0	1.0	0.0	0.0	0.0	0.001083658430862592	0.0	0.0018838961763885012
sv	0.0	0.00011172934683023843	0.0	0.0	0.0	0.0006887052341597796	0.004008016032064128	0.0010705921712947475	0.0049504950495049506	0.00024394541043815305	0.0	0.0	0.0026082420448617634	0.009589041095890411	0.0	0.0	0.004492939666238768	0.0	0.0	0.0	0.0	0.00010285314627774464	0.0	0.0	0.002875973636908328	0.00039184952978056425	9.491718475630013e-05	0.0	0.0	0.0	1.0	0.0	0.0	0.0	0.0	0.0
te	0.0	0.0	0.0	0.0	0.0	0.0	0.0	0.0	0.0	0.0	0.0	0.0	0.0	0.0	0.0	0.0	0.0	0.0	0.0	0.0	0.0	0.0	0.0	0.0	0.0	0.0	0.0	0.0	0.0	0.0	0.0	0.0	0.0	0.0	0.0	0.0
tr	0.0	0.0	-1.0	0.0	0.0	0.0	0.0	0.0	0.0	0.0	0.0	0.0	0.0	0.0	0.022222222222222223	0.0	0.0	0.0	0.0	0.0	0.0	0.0	0.0	0.0	0.0	0.0	0.0	0.0	0.0	0.0	0.0	0.0	1.0	0.0	0.0	0.0
vi	0.0	0.001427401686325713	0.0	0.0	0.0	0.006196746707978312	0.019539224263633713	0.016115676157717054	0.0033613445378151263	0.002345184331488455	0.0	0.0	0.04184549356223176	0.02127659574468085	0.0025188916876574307	0.001774622892635315	0.03064516129032258	0.0	0.0	0.0	0.0	0.0013928138877674606	0.001401541695865452	0.001328609388839681	0.05015146415348368	0.0011299435028248588	0.00195268153126561	0.0	0.0	0.001083658430862592	0.0	0.0	0.0	1.0	0.0	0.0007524454477050414
war	0.0	0.0	0.0	0.0	0.0	0.0	0.0	0.0	0.0	0.0	0.0	0.0	0.0	0.0	0.0	0.0	0.0	0.0	0.0	0.0	0.0	0.0	0.0	0.0	0.0	0.0	0.0	0.0	0.0	0.0	0.0	0.0	0.0	0.0	1.0	0.0
zh	0.0	0.00219148514415347	0.0	0.0	0.0	0.0006824385805277526	0.0027589666415851516	0.0034150506159287717	0.0011806375442739079	0.0036655425669461367	0.0	0.0	0.003526300323244196	0.002697841726618705	0.0005899705014749262	0.0	0.001965923984272608	0.0	0.0	0.0	0.0	0.002099748030236372	0.0017889087656529517	0.0003620564808110065	0.005505709624796085	0.0007420232500618352	0.0023541953537955847	0.0	0.0	0.0018838961763885012	0.0	0.0	0.0	0.0007524454477050414	0.0	1.0
