arz	bs	ceb	ckb	da	de	el	en	es	fr	he	hi	hu	id	it	ja	ko	lv	mk	ml	mr	nl	pl	pt	ro	ru	sh	si	simple	sr	sv	te	tr	vi	war	zh
arz	0.5	0.125	0.0	0.1	0.09090909090909091	0.015873015873015872	0.1	0.0072992700729927005	0.0196078431372549	0.014084507042253521	0.03125	0.07142857142857142	0.05	0.08333333333333333	0.02127659574468085	0.017857142857142856	0.023809523809523808	0.14285714285714285	0.125	0.2	0.3333333333333333	0.023255813953488372	0.02702702702702703	0.022727272727272728	0.07692307692307693	0.01694915254237288	0.125	0.125	0.07692307692307693	0.0625	0.03225806451612903	0.5	0.05555555555555555	0.0625	0.25	0.02
bs	0.125	1.0	0.013888888888888888	0.0005773672055427252	0.002886836027713626	0.2148142463736153	0.04724513938578554	0.14272873888933316	0.08871744614134267	0.36349339656964486	0.0074455899198167235	0.0005773672055427252	0.04271046996124007	0.02926842084588449	0.040877759825223986	0.03708050665524419	0.044614544056582335	0.0005773672055427252	0.48385236447520186	0.0005773672055427252	0.1875	0.5101839691087291	0.46300782516858213	0.4625911979395907	0.069388909669285	0.4674103334021696	0.42786735049013325	0.1875	0.0023094688221709007	0.5040278254381719	0.03860592221081443	0.125	0.18421052631578946	0.07568486577972572	0.25	0.27392679280038723
ceb	0.0	0.013888888888888888	0.5	0.0	0.0048543689320388345	0.0011389521640091116	0.0	0.00035587188612099647	0.0007639419404125286	0.0003184713375796178	0.0038461538461538464	0.006756756756756757	0.0033783783783783786	0.004651162790697674	0.0015772870662460567	0.0034482758620689655	0.005235602094240838	0.00819672131147541	0.006666666666666667	0.009615384615384616	0.0	0.001006036217303823	0.0022026431718061676	0.002070393374741201	0.006493506493506494	0.0014749262536873156	0.005434782608695652	0.02702702702702703	0.006756756756756757	0.0037593984962406013	0.001838235294117647	0.0	-1.0	0.006993006993006993	0.038461538461538464	0.002631578947368421
ckb	0.1	0.0005773672055427252	0.0	0.5	0.0	0.0012853470437017994	0.006329113924050633	0.001953125	0.0	0.0008278145695364238	0.0	0.0	0.0	0.0	0.0	0.006578947368421052	0.0	0.0	0.0005952380952380953	0.0	0.15	0.0005868544600938967	0.0006031363088057901	0.0006075334143377885	0.0	0.0005980861244019139	0.0006915629322268327	0.15	0.0	0.000580046403712297	0.007142857142857143	0.1	0.2	0.0	0.2	0.0010245901639344263
da	0.09090909090909091	0.002886836027713626	0.0048543689320388345	0.0	0.5	0.005128205128205128	0.012195121951219513	0.007782101167315175	0.012195121951219513	0.003305785123966942	0.06818181818181818	0.1	0.019736842105263157	0.018518518518518517	0.02247191011235955	0.025974025974025976	0.024390243902439025	0.1	0.0017814726840855108	0.1	0.13636363636363635	0.0023446658851113715	0.0024096385542168677	0.0024271844660194173	0.01293103448275862	0.0023894862604540022	0.0020689655172413794	0.13636363636363635	0.14285714285714285	0.002317497103128621	0.020833333333333332	0.09090909090909091	0.13043478260869565	0.015151515151515152	0.18181818181818182	0.00408997955010225
de	0.015873015873015872	0.2148142463736153	0.0011389521640091116	0.0012853470437017994	0.005128205128205128	1.0	0.10014410494490453	0.2480829903508892	0.18182266196595778	0.1780165085622327	0.023017902813299233	0.0012853470437017994	0.08986628941473859	0.06310636588161611	0.09493362432935397	0.09462915601023018	0.10019992593571649	0.0012853470437017994	0.21536670547147846	0.0012853470437017994	0.023809523809523808	0.21483025411858866	0.2262995691998525	0.2297423777568182	0.14540637894439992	0.2040679380728283	0.17214118624566632	0.023809523809523808	0.005141388174807198	0.2147705168149599	0.08880589107861836	0.015873015873015872	0.1044776119402985	0.15966402991964573	0.031746031746031744	0.1812418404082763
el	0.1	0.04724513938578554	0.0	0.006329113924050633	0.012195121951219513	0.10014410494490453	1.0	0.1562845328119577	0.18809311981020166	0.06358206105140025	0.026595744680851064	0.006329113924050633	0.2503436992396243	0.204047759276115	0.10151056370093799	0.1689154661402551	0.22087472584182688	0.006329113924050633	0.04702380952380952	0.006329113924050633	0.15	0.04719744990525121	0.048602878233288745	0.047747227231983755	0.24435533430303244	0.041167949083309584	0.05021420098735673	0.15	0.006097560975609756	0.046581641110777394	0.15551277994585663	0.1	0.2	0.19158779394999867	0.2	0.0741067560480653
en	0.0072992700729927005	0.14272873888933316	0.00035587188612099647	0.001953125	0.007782101167315175	0.2480829903508892	0.1562845328119577	1.0	0.2825852857088704	0.17869431696894733	0.0390625	0.001953125	0.15479113219755386	0.10484991923540134	0.15012640853421608	0.1488398874991617	0.16721899456032102	0.001953125	0.13646922183507548	0.001953125	0.010948905109489052	0.14454368509833995	0.15204241205684726	0.1503739948887365	0.26712316435827493	0.13307167723246688	0.14381273940337866	0.010948905109489052	0.0078125	0.13901694586796434	0.12030715920351809	0.0072992700729927005	0.06569343065693431	0.2639172130788585	0.014598540145985401	0.1893230521101825
es	0.0196078431372549	0.08871744614134267	0.0007639419404125286	0.0	0.012195121951219513	0.18182266196595778	0.18809311981020166	0.2825852857088704	1.0	0.12574044912976046	0.03823529411764706	0.003067484662576687	0.21565768739220528	0.15309433238500145	0.15706806282722513	0.17897727272727273	0.23179836799951736	0.003067484662576687	0.09069493521790342	0.003067484662576687	0.029411764705882353	0.09089578366044554	0.09759036144578313	0.09613059250302297	0.32619773345627995	0.08013937282229965	0.09474938397883656	0.029411764705882353	0.012269938650306749	0.08780693129905723	0.14612165636453148	0.0196078431372549	0.12727272727272726	0.32752336889812106	0.0392156862745098	0.14770761499480095
fr	0.014084507042253521	0.36349339656964486	0.0003184713375796178	0.0008278145695364238	0.003305785123966942	0.1780165085622327	0.06358206105140025	0.17869431696894733	0.12574044912976046	1.0	0.011475409836065573	0.0008278145695364238	0.061753077485998016	0.042036022641022276	0.05910832953282046	0.05745161938478581	0.06805821479526744	0.0008278145695364238	0.33371824480369516	0.0008278145695364238	0.02112676056338028	0.3635388312064375	0.35720180118789063	0.3574320587716669	0.10343408617195589	0.3329162872055707	0.40309460736915725	0.02112676056338028	0.0033112582781456954	0.3430107353897218	0.05531142904788794	0.014084507042253521	0.10135135135135136	0.1016627882441756	0.028169014084507043	0.3939896340285711
he	0.03125	0.0074455899198167235	0.0038461538461538464	0.0	0.06818181818181818	0.023017902813299233	0.026595744680851064	0.0390625	0.03823529411764706	0.011475409836065573	1.0	0.025	0.022222222222222223	0.014492753623188406	0.08695652173913043	0.07142857142857142	0.04891304347826087	0.025	0.007674144037780401	0.025	0.046875	0.007566938300349243	0.012062726176115802	0.011529126213592233	0.027559055118110236	0.011961722488038277	0.006130790190735695	0.046875	0.045454545454545456	0.007479861910241657	0.03571428571428571	0.03125	0.125	0.024305555555555556	0.0625	0.01417004048582996
hi	0.07142857142857142	0.0005773672055427252	0.006756756756756757	0.0	0.1	0.0012853470437017994	0.006329113924050633	0.001953125	0.003067484662576687	0.0008278145695364238	0.025	0.5	0.006756756756756757	0.00980392156862745	0.005681818181818182	0.006578947368421052	0.006172839506172839	0.5	0.0005952380952380953	0.5	0.10714285714285714	0.0005868544600938967	0.0006031363088057901	0.0006075334143377885	0.0043859649122807015	0.0005980861244019139	0.0	0.10714285714285714	0.125	0.000580046403712297	0.007142857142857143	0.07142857142857142	0.16666666666666666	0.003816793893129771	0.14285714285714285	0.0010245901639344263
hu	0.05	0.04271046996124007	0.0033783783783783786	0.0	0.019736842105263157	0.08986628941473859	0.2503436992396243	0.15479113219755386	0.21565768739220528	0.061753077485998016	0.022222222222222223	0.006756756756756757	1.0	0.30789003546382954	0.13409850823045266	0.2027992571163967	0.43159274991626323	0.006756756756756757	0.042111506524317915	0.006756756756756757	0.075	0.04386465097061777	0.04439141607983179	0.04314404571171583	0.3625056926516135	0.03742280314730439	0.04698839506009432	0.075	0.013157894736842105	0.04176008411234576	0.16797078768909754	0.05	0.13333333333333333	0.2690979292628677	0.1	0.07758282229276964
id	0.08333333333333333	0.02926842084588449	0.004651162790697674	0.0	0.018518518518518517	0.06310636588161611	0.204047759276115	0.10484991923540134	0.15309433238500145	0.042036022641022276	0.014492753623188406	0.00980392156862745	0.30789003546382954	1.0	0.10045026699248802	0.21563831848120882	0.28668825050961855	0.00980392156862745	0.029726516052318668	0.00980392156862745	0.125	0.029623697536383397	0.03117215290325853	0.03033980582524272	0.21349168818173897	0.02609727164887307	0.03358998765168182	0.125	0.028846153846153848	0.029378672047903235	0.1922945205479452	0.08333333333333333	0.21428571428571427	0.17975594493116395	0.16666666666666666	0.05247366523958747
it	0.02127659574468085	0.040877759825223986	0.0015772870662460567	0.0	0.02247191011235955	0.09493362432935397	0.10151056370093799	0.15012640853421608	0.15706806282722513	0.05910832953282046	0.08695652173913043	0.005681818181818182	0.13409850823045266	0.10045026699248802	1.0	0.19491525423728814	0.13691364517152996	0.005681818181818182	0.041423570595099185	0.005681818181818182	0.031914893617021274	0.042776571236477455	0.05042016806722689	0.04879518072289157	0.12786573719902214	0.04739336492890995	0.03999413554070605	0.031914893617021274	0.022727272727272728	0.04046437668633009	0.14227642276422764	0.02127659574468085	0.1611111111111111	0.11990351364043889	0.0425531914893617	0.06946494572504577
ja	0.017857142857142856	0.03708050665524419	0.0034482758620689655	0.006578947368421052	0.025974025974025976	0.09462915601023018	0.1689154661402551	0.1488398874991617	0.17897727272727273	0.05745161938478581	0.07142857142857142	0.006578947368421052	0.2027992571163967	0.21563831848120882	0.19491525423728814	1.0	0.2149495612726079	0.006578947368421052	0.03755868544600939	0.006578947368421052	0.026785714285714284	0.0370987984731963	0.045838359469240045	0.04550970873786408	0.17033795019485065	0.0441527446300716	0.03773260490036838	0.026785714285714284	0.01282051282051282	0.036652252587193165	0.22277227722772278	0.017857142857142856	0.1271186440677966	0.14776231144631766	0.03571428571428571	0.0696969696969697
ko	0.023809523809523808	0.044614544056582335	0.005235602094240838	0.0	0.024390243902439025	0.10019992593571649	0.22087472584182688	0.16721899456032102	0.23179836799951736	0.06805821479526744	0.04891304347826087	0.006172839506172839	0.43159274991626323	0.28668825050961855	0.13691364517152996	0.2149495612726079	1.0	0.006172839506172839	0.044326241134751775	0.006172839506172839	0.03571428571428571	0.04519205152570098	0.048302086815090864	0.04892005364105075	0.3347940379403794	0.039158715654626114	0.051091796888114854	0.03571428571428571	0.012048192771084338	0.043799758936784346	0.15876820896355417	0.023809523809523808	0.13829787234042554	0.2724654377880184	0.047619047619047616	0.0827825529941813
lv	0.14285714285714285	0.0005773672055427252	0.00819672131147541	0.0	0.1	0.0012853470437017994	0.006329113924050633	0.001953125	0.003067484662576687	0.0008278145695364238	0.025	0.5	0.006756756756756757	0.00980392156862745	0.005681818181818182	0.006578947368421052	0.006172839506172839	0.5	0.0005952380952380953	0.5	0.21428571428571427	0.0005868544600938967	0.0006031363088057901	0.0006075334143377885	0.0043859649122807015	0.0005980861244019139	0.0	0.21428571428571427	0.125	0.000580046403712297	0.007142857142857143	0.14285714285714285	0.19444444444444445	0.003816793893129771	0.2857142857142857	0.0010245901639344263
mk	0.125	0.48385236447520186	0.006666666666666667	0.0005952380952380953	0.0017814726840855108	0.21536670547147846	0.04702380952380952	0.13646922183507548	0.09069493521790342	0.33371824480369516	0.007674144037780401	0.0005952380952380953	0.042111506524317915	0.029726516052318668	0.041423570595099185	0.03755868544600939	0.044326241134751775	0.0005952380952380953	0.5	0.0005952380952380953	0.1875	0.486013986013986	0.4591954022988506	0.461271676300578	0.0665083135391924	0.4632183908045977	0.4045138888888889	0.1875	0.002380952380952381	0.4838150289017341	0.03909952606635071	0.125	0.2222222222222222	0.07591933570581258	0.25	0.2703016241299304
ml	0.2	0.0005773672055427252	0.009615384615384616	0.0	0.1	0.0012853470437017994	0.006329113924050633	0.001953125	0.003067484662576687	0.0008278145695364238	0.025	0.5	0.006756756756756757	0.00980392156862745	0.005681818181818182	0.006578947368421052	0.006172839506172839	0.5	0.0005952380952380953	0.5	0.3	0.0005868544600938967	0.0006031363088057901	0.0006075334143377885	0.0043859649122807015	0.0005980861244019139	0.0	0.3	0.125	0.000580046403712297	0.007142857142857143	0.2	0.1388888888888889	0.003816793893129771	0.4	0.0010245901639344263
mr	0.3333333333333333	0.1875	0.0	0.15	0.13636363636363635	0.023809523809523808	0.15	0.010948905109489052	0.029411764705882353	0.02112676056338028	0.046875	0.10714285714285714	0.075	0.125	0.031914893617021274	0.026785714285714284	0.03571428571428571	0.21428571428571427	0.1875	0.3	0.5	0.03488372093023256	0.04054054054054054	0.03409090909090909	0.11538461538461539	0.025423728813559324	0.1875	0.1	0.11538461538461539	0.09375	0.04838709677419355	0.3333333333333333	0.08333333333333333	0.09375	0.375	0.03
nl	0.023255813953488372	0.5101839691087291	0.001006036217303823	0.0005868544600938967	0.0023446658851113715	0.21483025411858866	0.04719744990525121	0.14454368509833995	0.09089578366044554	0.3635388312064375	0.007566938300349243	0.0005868544600938967	0.04386465097061777	0.029623697536383397	0.042776571236477455	0.0370987984731963	0.04519205152570098	0.0005868544600938967	0.486013986013986	0.0005868544600938967	0.03488372093023256	1.0	0.4695833663161943	0.46991274527135185	0.0702822866873222	0.4770891470965055	0.41847637808612714	0.03488372093023256	0.002347417840375587	0.4931200798958218	0.03986407294316229	0.023255813953488372	0.14893617021276595	0.07622333902819287	0.046511627906976744	0.2792147985215061
pl	0.02702702702702703	0.46300782516858213	0.0022026431718061676	0.0006031363088057901	0.0024096385542168677	0.2262995691998525	0.048602878233288745	0.15204241205684726	0.09759036144578313	0.35720180118789063	0.012062726176115802	0.0006031363088057901	0.04439141607983179	0.03117215290325853	0.05042016806722689	0.045838359469240045	0.048302086815090864	0.0006031363088057901	0.4591954022988506	0.0006031363088057901	0.04054054054054054	0.4695833663161943	1.0	0.4902367853126235	0.06965377501345976	0.4644859537299339	0.3868571619229778	0.04054054054054054	0.0024125452352231603	0.4609099489896812	0.04156626506024096	0.02702702702702703	0.125	0.07971162730149123	0.05405405405405406	0.2914106608654195
pt	0.022727272727272728	0.4625911979395907	0.002070393374741201	0.0006075334143377885	0.0024271844660194173	0.2297423777568182	0.047747227231983755	0.1503739948887365	0.09613059250302297	0.3574320587716669	0.011529126213592233	0.0006075334143377885	0.04314404571171583	0.03033980582524272	0.04879518072289157	0.04550970873786408	0.04892005364105075	0.0006075334143377885	0.461271676300578	0.0006075334143377885	0.03409090909090909	0.46991274527135185	0.4902367853126235	1.0	0.06914984859628003	0.46019648094773535	0.388140631062911	0.03409090909090909	0.002430133657351154	0.4601050253558766	0.041868932038834954	0.022727272727272728	0.17391304347826086	0.07954779984005092	0.045454545454545456	0.29089272908479635
ro	0.07692307692307693	0.069388909669285	0.006493506493506494	0.0	0.01293103448275862	0.14540637894439992	0.24435533430303244	0.26712316435827493	0.32619773345627995	0.10343408617195589	0.027559055118110236	0.0043859649122807015	0.3625056926516135	0.21349168818173897	0.12786573719902214	0.17033795019485065	0.3347940379403794	0.0043859649122807015	0.0665083135391924	0.0043859649122807015	0.11538461538461539	0.0702822866873222	0.06965377501345976	0.06914984859628003	1.0	0.053947589081465686	0.07963653952459922	0.11538461538461539	0.013043478260869565	0.0678484475302744	0.14479463017509753	0.07692307692307693	0.23809523809523808	0.40637069610551885	0.15384615384615385	0.11955613350092263
ru	0.01694915254237288	0.4674103334021696	0.0014749262536873156	0.0005980861244019139	0.0023894862604540022	0.2040679380728283	0.041167949083309584	0.13307167723246688	0.08013937282229965	0.3329162872055707	0.011961722488038277	0.0005980861244019139	0.03742280314730439	0.02609727164887307	0.04739336492890995	0.0441527446300716	0.039158715654626114	0.0005980861244019139	0.4632183908045977	0.0005980861244019139	0.025423728813559324	0.4770891470965055	0.4644859537299339	0.46019648094773535	0.053947589081465686	1.0	0.3879786502809129	0.025423728813559324	0.0023923444976076554	0.46502614582196233	0.041414562757721825	0.01694915254237288	0.12096774193548387	0.06277427407699382	0.03389830508474576	0.2683524501401121
sh	0.125	0.42786735049013325	0.005434782608695652	0.0006915629322268327	0.0020689655172413794	0.17214118624566632	0.05021420098735673	0.14381273940337866	0.09474938397883656	0.40309460736915725	0.006130790190735695	0.0	0.04698839506009432	0.03358998765168182	0.03999413554070605	0.03773260490036838	0.051091796888114854	0.0	0.4045138888888889	0.0	0.1875	0.41847637808612714	0.3868571619229778	0.388140631062911	0.07963653952459922	0.3879786502809129	1.0	0.1875	0.001379310344827586	0.42152832259200956	0.04097515299892658	0.125	0.2222222222222222	0.08272020997544206	0.25	0.3161165324009893
si	0.125	0.1875	0.02702702702702703	0.15	0.13636363636363635	0.023809523809523808	0.15	0.010948905109489052	0.029411764705882353	0.02112676056338028	0.046875	0.10714285714285714	0.075	0.125	0.031914893617021274	0.026785714285714284	0.03571428571428571	0.21428571428571427	0.1875	0.3	0.1	0.03488372093023256	0.04054054054054054	0.03409090909090909	0.11538461538461539	0.025423728813559324	0.1875	0.5	0.11538461538461539	0.09375	0.04838709677419355	0.125	0.08333333333333333	0.09375	0.2	0.03
simple	0.07692307692307693	0.0023094688221709007	0.006756756756756757	0.0	0.14285714285714285	0.005141388174807198	0.006097560975609756	0.0078125	0.012269938650306749	0.0033112582781456954	0.045454545454545456	0.125	0.013157894736842105	0.028846153846153848	0.022727272727272728	0.01282051282051282	0.012048192771084338	0.125	0.002380952380952381	0.125	0.11538461538461539	0.002347417840375587	0.0024125452352231603	0.002430133657351154	0.013043478260869565	0.0023923444976076554	0.001379310344827586	0.11538461538461539	0.5	0.002320185614849188	0.02112676056338028	0.07692307692307693	0.20454545454545456	0.011363636363636364	0.15384615384615385	0.004098360655737705
sr	0.0625	0.5040278254381719	0.0037593984962406013	0.000580046403712297	0.002317497103128621	0.2147705168149599	0.046581641110777394	0.13901694586796434	0.08780693129905723	0.3430107353897218	0.007479861910241657	0.000580046403712297	0.04176008411234576	0.029378672047903235	0.04046437668633009	0.036652252587193165	0.043799758936784346	0.000580046403712297	0.4838150289017341	0.000580046403712297	0.09375	0.4931200798958218	0.4609099489896812	0.4601050253558766	0.0678484475302744	0.46502614582196233	0.42152832259200956	0.09375	0.002320185614849188	1.0	0.03810623556581986	0.0625	0.20833333333333334	0.07519460699320907	0.125	0.27237051951676566
sv	0.03225806451612903	0.03860592221081443	0.001838235294117647	0.007142857142857143	0.020833333333333332	0.08880589107861836	0.15551277994585663	0.12030715920351809	0.14612165636453148	0.05531142904788794	0.03571428571428571	0.007142857142857143	0.16797078768909754	0.1922945205479452	0.14227642276422764	0.22277227722772278	0.15876820896355417	0.007142857142857143	0.03909952606635071	0.007142857142857143	0.04838709677419355	0.03986407294316229	0.04156626506024096	0.041868932038834954	0.14479463017509753	0.041414562757721825	0.04097515299892658	0.04838709677419355	0.02112676056338028	0.03810623556581986	1.0	0.03225806451612903	0.18055555555555555	0.128125	0.06451612903225806	0.06363636363636363
te	0.5	0.125	0.0	0.1	0.09090909090909091	0.015873015873015872	0.1	0.0072992700729927005	0.0196078431372549	0.014084507042253521	0.03125	0.07142857142857142	0.05	0.08333333333333333	0.02127659574468085	0.017857142857142856	0.023809523809523808	0.14285714285714285	0.125	0.2	0.3333333333333333	0.023255813953488372	0.02702702702702703	0.022727272727272728	0.07692307692307693	0.01694915254237288	0.125	0.125	0.07692307692307693	0.0625	0.03225806451612903	0.5	0.05555555555555555	0.0625	0.25	0.02
tr	0.05555555555555555	0.18421052631578946	-1.0	0.2	0.13043478260869565	0.1044776119402985	0.2	0.06569343065693431	0.12727272727272726	0.10135135135135136	0.125	0.16666666666666666	0.13333333333333333	0.21428571428571427	0.1611111111111111	0.1271186440677966	0.13829787234042554	0.19444444444444445	0.2222222222222222	0.1388888888888889	0.08333333333333333	0.14893617021276595	0.125	0.17391304347826086	0.23809523809523808	0.12096774193548387	0.2222222222222222	0.08333333333333333	0.20454545454545456	0.20833333333333334	0.18055555555555555	0.05555555555555555	1.0	0.18	0.1111111111111111	0.15384615384615385
vi	0.0625	0.07568486577972572	0.006993006993006993	0.0	0.015151515151515152	0.15966402991964573	0.19158779394999867	0.2639172130788585	0.32752336889812106	0.1016627882441756	0.024305555555555556	0.003816793893129771	0.2690979292628677	0.17975594493116395	0.11990351364043889	0.14776231144631766	0.2724654377880184	0.003816793893129771	0.07591933570581258	0.003816793893129771	0.09375	0.07622333902819287	0.07971162730149123	0.07954779984005092	0.40637069610551885	0.06277427407699382	0.08272020997544206	0.09375	0.011363636363636364	0.07519460699320907	0.128125	0.0625	0.18	1.0	0.125	0.12436815820772348
war	0.25	0.25	0.038461538461538464	0.2	0.18181818181818182	0.031746031746031744	0.2	0.014598540145985401	0.0392156862745098	0.028169014084507043	0.0625	0.14285714285714285	0.1	0.16666666666666666	0.0425531914893617	0.03571428571428571	0.047619047619047616	0.2857142857142857	0.25	0.4	0.375	0.046511627906976744	0.05405405405405406	0.045454545454545456	0.15384615384615385	0.03389830508474576	0.25	0.2	0.15384615384615385	0.125	0.06451612903225806	0.25	0.1111111111111111	0.125	1.0	0.04
zh	0.02	0.27392679280038723	0.002631578947368421	0.0010245901639344263	0.00408997955010225	0.1812418404082763	0.0741067560480653	0.1893230521101825	0.14770761499480095	0.3939896340285711	0.01417004048582996	0.0010245901639344263	0.07758282229276964	0.05247366523958747	0.06946494572504577	0.0696969696969697	0.0827825529941813	0.0010245901639344263	0.2703016241299304	0.0010245901639344263	0.03	0.2792147985215061	0.2914106608654195	0.29089272908479635	0.11955613350092263	0.2683524501401121	0.3161165324009893	0.03	0.004098360655737705	0.27237051951676566	0.06363636363636363	0.02	0.15384615384615385	0.12436815820772348	0.04	1.0
