arz	bs	ceb	ckb	da	de	el	en	es	fr	he	hi	hu	id	it	ja	ko	lv	mk	ml	mr	nl	pl	pt	ro	ru	sh	si	simple	sr	sv	te	vi	war	zh
arz	1.0	1.0	0.0	0.0	1.0	1.0	1.0	0.7584325078215763	0.7690990303325336	0.0	1.0	0.0	1.0	1.0	0.7690990303325336	0.7690990303325336	0.7863954451402115	1.0	1.0	0.0	0.0	0.7690990303325336	0.7690990303325336	1.0	0.7863954451402115	0.7690990303325336	1.0	0.0	1.0	0.8216064286890065	1.0	0.0	0.7863954451402115	0.0	0.7584325078215763
bs	1.0	1.0	0.0	1.0	0.7863954451402115	0.7863954451402115	0.4530317685951677	0.5365484724154544	0.4910047705076321	0.0	0.7509407156957147	1.0	0.8216064286890065	0.4530317685951677	0.5239997602390335	0.4530317685951677	0.7863954451402115	0.5480953166963739	0.4530317685951677	1.0	1.0	0.7863954451402115	0.5587712207247356	0.3930267856872865	0.41672820872891575	0.3481842356834042	0.7863954451402115	1.0	0.4530317685951677	0.4530317685951677	0.7863954451402115	1.0	1.0	0.7863954451402115	0.33302908405522297
ceb	0.0	0.0	1.0	0.0	1.0	1.0	1.0	1.0	1.0	0.0	1.0	0.0	0.0	0.0	1.0	1.0	1.0	1.0	0.0	0.0	0.0	1.0	1.0	1.0	1.0	1.0	1.0	0.0	0.0	0.0	1.0	0.0	1.0	0.0	1.0
ckb	0.0	1.0	0.0	1.0	1.0	1.0	1.0	0.7690990303325336	1.0	0.0	1.0	1.0	1.0	1.0	1.0	1.0	1.0	1.0	1.0	1.0	1.0	1.0	1.0	1.0	1.0	1.0	1.0	1.0	1.0	1.0	1.0	1.0	1.0	1.0	1.0
da	1.0	0.7863954451402115	1.0	1.0	1.0	0.2937929481822678	0.4544093724114887	0.14026237706682765	0.22393050430580755	0.0	0.3942190533162889	1.0	0.6378122130953571	0.38618569154573457	0.24644887626547535	0.24329528901371444	0.534518926880204	0.6011455215697226	0.6740515375688697	0.5224971930632062	1.0	0.19818497324995943	0.2811340360881437	0.3616836057695297	0.22122252543677332	0.168735212612736	0.4339210404276553	1.0	0.6005600352739165	0.6468909830471344	0.17432459643336562	1.0	0.4471450714113983	1.0	0.24046503715172104
de	1.0	0.7863954451402115	1.0	1.0	0.2937929481822678	1.0	0.18170137820502516	0.05702780977310694	0.11690692366676463	0.0	0.23125005503390822	0.7411828468492555	0.3415014989466607	0.24543152045992006	0.07782928910203862	0.1342274018816173	0.5464117296220858	0.3666767427526108	0.6393867611309196	0.21564028813838765	1.0	0.10158347366228596	0.09588525193390394	0.14041108099385216	0.21501939478635126	0.07976014742238881	0.36133123248046084	1.0	0.46940627230308435	0.32524876109309714	0.17161125463209373	1.0	0.32542356493555036	1.0	0.1605340583114584
el	1.0	0.4530317685951677	1.0	1.0	0.4544093724114887	0.18170137820502516	1.0	0.09657663646067559	0.14732436844421376	0.0	0.2712850948064562	0.7690990303325336	0.49326933132129047	0.26662197851898634	0.15377246304332898	0.2248709949363284	0.5340936232595914	0.49387978447610076	0.7263875964832448	0.3615025638082196	1.0	0.18560276704250817	0.12425840176069919	0.18273552789582823	0.19870135303632125	0.14208872350093815	0.4212499735180086	1.0	0.5504081760027507	0.47011889788826083	0.31439027462133806	1.0	0.3887964380551043	1.0	0.1765757633772699
en	0.7584325078215763	0.5365484724154544	1.0	0.7690990303325336	0.14026237706682765	0.05702780977310694	0.09657663646067559	1.0	0.04529222450543495	0.7199285383279772	0.10792901566170646	0.5961684946801785	0.21579098651615058	0.15233420324363114	0.033183440660560795	0.0848144522545491	0.25415939135863974	0.17438944179207677	0.4337548776006355	0.07867733978305928	1.0	0.04776304649127176	0.0418155118253736	0.04996979562506887	0.10146825327009562	0.04327366598787569	0.17537863756908179	0.7411828468492555	0.23513337892707653	0.24733976943474814	0.06988375456152915	1.0	0.20834543859342958	1.0	0.08945407139960623
es	0.7690990303325336	0.4910047705076321	1.0	1.0	0.22393050430580755	0.11690692366676463	0.14732436844421376	0.04529222450543495	1.0	1.0	0.18854632742951885	0.7347168825662656	0.31777727122067745	0.21233747502839878	0.042991011163530615	0.12254815136244943	0.48588417969065756	0.45041023916143863	0.7134542832283587	0.15260980407310457	1.0	0.07056162256154894	0.054098523185504885	0.07516138296717043	0.22036842919161892	0.06100360269346613	0.27048708639379604	1.0	0.4427636350780635	0.27437446696423434	0.11831974396856235	1.0	0.24714696474775616	1.0	0.11702605432216355
fr	0.0	0.0	0.0	0.0	0.0	0.0	0.0	0.7199285383279772	1.0	1.0	0.0	0.0	0.0	0.0	0.7263875964832449	0.0	0.0	0.0	0.0	0.0	0.0	1.0	1.0	1.0	0.0	0.7584325078215763	0.0	0.0	0.0	0.0	0.0	0.0	0.0	0.0	1.0
he	1.0	0.7509407156957147	1.0	1.0	0.3942190533162889	0.23125005503390822	0.2712850948064562	0.10792901566170646	0.18854632742951885	0.0	1.0	0.7690990303325336	0.5897207744201136	0.20754771030977248	0.16675316891937494	0.17060992210788034	0.4582059115002712	0.39038059242699175	1.0	0.4351198642170055	1.0	0.16737325616220958	0.16740406508057962	0.19992112295609885	0.18429613806042508	0.12982853966806576	0.2774968994806587	1.0	0.5328747892386388	0.36494989753385165	0.2198042797994607	1.0	0.40905291360205664	1.0	0.17198243535941268
hi	0.0	1.0	0.0	1.0	1.0	0.7411828468492555	0.7690990303325336	0.5961684946801785	0.7347168825662656	0.0	0.7690990303325336	1.0	1.0	0.4805954866802148	1.0	1.0	1.0	1.0	1.0	1.0	1.0	1.0	1.0	0.6223041007404059	0.7863954451402115	0.7322034805959263	1.0	1.0	1.0	1.0	1.0	1.0	1.0	1.0	0.5034710416645194
hu	1.0	0.8216064286890065	0.0	1.0	0.6378122130953571	0.3415014989466607	0.49326933132129047	0.21579098651615058	0.31777727122067745	0.0	0.5897207744201136	1.0	1.0	0.42534549395239046	0.26392448260177087	0.24345111267319136	1.0	1.0	0.7510341748895938	0.4930075086523352	1.0	0.2850767132918369	0.3059137086555408	0.40461043363085614	0.3579344147431489	0.3177778663009035	0.6549329476340925	1.0	0.5551850247152037	1.0	0.35900529723099756	1.0	0.6163326624308246	1.0	0.2880463406641144
id	1.0	0.4530317685951677	0.0	1.0	0.38618569154573457	0.24543152045992006	0.26662197851898634	0.15233420324363114	0.21233747502839878	0.0	0.20754771030977248	0.4805954866802148	0.42534549395239046	1.0	0.1962709879332518	0.23354099744648982	0.34021336048501566	0.3353999152645154	0.6994017365373274	0.29384469211736786	1.0	0.22236622421187704	0.22051389603769753	0.18646533171229604	0.39398694954665725	0.19411702110871742	0.36389761946203314	0.44930756545688116	0.28817979147274453	0.4047719881459124	0.3116190780984096	1.0	0.3664645462547809	1.0	0.19086665005829784
it	0.7690990303325336	0.5239997602390335	1.0	1.0	0.24644887626547535	0.07782928910203862	0.15377246304332898	0.033183440660560795	0.042991011163530615	0.7263875964832449	0.16675316891937494	1.0	0.26392448260177087	0.1962709879332518	1.0	0.10624273333461062	0.3949645651934479	0.31293169450454494	0.55784917165614	0.11637561166096817	1.0	0.05899647528831382	0.04295438061570021	0.062217459428697705	0.18770263216712385	0.0460058372835489	0.20969937611452708	1.0	0.31819975390969274	0.25659515782603837	0.10783108697235745	1.0	0.23335642085419495	1.0	0.11432329904829783
ja	0.7690990303325336	0.4530317685951677	1.0	1.0	0.24329528901371444	0.1342274018816173	0.2248709949363284	0.0848144522545491	0.12254815136244943	0.0	0.17060992210788034	1.0	0.24345111267319136	0.23354099744648982	0.10624273333461062	1.0	0.34651111630170167	0.25811281209617626	0.5615807088367775	0.24047460976179116	1.0	0.11283067892764766	0.10870109463013586	0.11628643582910438	0.1775369306030847	0.099608534311977	0.2581686919746186	1.0	0.31642644788974844	0.3690016099582205	0.14514112922547692	1.0	0.22931314061536037	1.0	0.11902354376550177
ko	0.7863954451402115	0.7863954451402115	1.0	1.0	0.534518926880204	0.5464117296220858	0.5340936232595914	0.25415939135863974	0.48588417969065756	0.0	0.4582059115002712	1.0	1.0	0.34021336048501566	0.3949645651934479	0.34651111630170167	1.0	0.6411621673688593	1.0	0.6380558066189798	1.0	0.4632713839619665	0.415900413201941	0.4454226958631006	0.27096075658162794	0.35332454155596915	0.5236304028233325	1.0	0.7221793916855703	0.6023380116311118	0.3319762936228123	1.0	0.43027568461268334	1.0	0.29139351224388366
lv	1.0	0.5480953166963739	1.0	1.0	0.6011455215697226	0.3666767427526108	0.49387978447610076	0.17438944179207677	0.45041023916143863	0.0	0.39038059242699175	1.0	1.0	0.3353999152645154	0.31293169450454494	0.25811281209617626	0.6411621673688593	1.0	1.0	0.5936597225568959	1.0	0.3005235776381342	0.2948470924512958	0.3352202799480714	0.22252397156112874	0.20341583596812554	0.6314395498907664	1.0	0.5950659482376812	0.616531178706057	0.352865542496687	1.0	0.559152953751058	1.0	0.29994163375565736
mk	1.0	0.4530317685951677	0.0	1.0	0.6740515375688697	0.6393867611309196	0.7263875964832448	0.4337548776006355	0.7134542832283587	0.0	1.0	1.0	0.7510341748895938	0.6994017365373274	0.55784917165614	0.5615807088367775	1.0	1.0	1.0	0.7584325078215763	1.0	0.5925568679613905	0.36946617784319896	1.0	0.5394641282941564	0.5897207744201136	1.0	1.0	1.0	0.4951708875400073	0.7221793916855704	1.0	1.0	1.0	0.3791160306680005
ml	0.0	1.0	0.0	1.0	0.5224971930632062	0.21564028813838765	0.3615025638082196	0.07867733978305928	0.15260980407310457	0.0	0.4351198642170055	1.0	0.4930075086523352	0.29384469211736786	0.11637561166096817	0.24047460976179116	0.6380558066189798	0.5936597225568959	0.7584325078215763	1.0	1.0	0.1610070381354464	0.18380170777978475	0.19058335350772854	0.23207667914687286	0.11694798076953762	0.6810037004925665	0.7690990303325336	0.3509556099224524	0.6223041007404059	0.2729925604592848	1.0	0.4822860656971094	0.7690990303325336	0.2519973800005794
mr	0.0	1.0	0.0	1.0	1.0	1.0	1.0	1.0	1.0	0.0	1.0	1.0	1.0	1.0	1.0	1.0	1.0	1.0	1.0	1.0	1.0	1.0	1.0	1.0	1.0	1.0	1.0	1.0	1.0	1.0	1.0	1.0	1.0	1.0	1.0
nl	0.7690990303325336	0.7863954451402115	1.0	1.0	0.19818497324995943	0.10158347366228596	0.18560276704250817	0.04776304649127176	0.07056162256154894	1.0	0.16737325616220958	1.0	0.2850767132918369	0.22236622421187704	0.05899647528831382	0.11283067892764766	0.4632713839619665	0.3005235776381342	0.5925568679613905	0.1610070381354464	1.0	1.0	0.0673639642857114	0.10648548612482796	0.1761239972681794	0.0653499054248173	0.3297662661187233	1.0	0.36073642750037455	0.3639337521460986	0.11216529437412481	1.0	0.27542338390812154	1.0	0.12298808657950018
pl	0.7690990303325336	0.5587712207247356	1.0	1.0	0.2811340360881437	0.09588525193390394	0.12425840176069919	0.0418155118253736	0.054098523185504885	1.0	0.16740406508057962	1.0	0.3059137086555408	0.22051389603769753	0.04295438061570021	0.10870109463013586	0.415900413201941	0.2948470924512958	0.36946617784319896	0.18380170777978475	1.0	0.0673639642857114	1.0	0.09063396939479164	0.19090507152070607	0.05258295275921445	0.26908419757109403	1.0	0.45466204333765164	0.26641100278554636	0.12964747678418295	1.0	0.2887801989988861	1.0	0.13979180369362038
pt	1.0	0.3930267856872865	1.0	1.0	0.3616836057695297	0.14041108099385216	0.18273552789582823	0.04996979562506887	0.07516138296717043	1.0	0.19992112295609885	0.6223041007404059	0.40461043363085614	0.18646533171229604	0.062217459428697705	0.11628643582910438	0.4454226958631006	0.3352202799480714	1.0	0.19058335350772854	1.0	0.10648548612482796	0.09063396939479164	1.0	0.20815251378795782	0.07367930596381397	0.25169833911259165	1.0	0.42428988471056683	0.285552337913715	0.1944636655272341	1.0	0.302702405772583	1.0	0.12365916347036203
ro	0.7863954451402115	0.41672820872891575	1.0	1.0	0.22122252543677332	0.21501939478635126	0.19870135303632125	0.10146825327009562	0.22036842919161892	0.0	0.18429613806042508	0.7863954451402115	0.3579344147431489	0.39398694954665725	0.18770263216712385	0.1775369306030847	0.27096075658162794	0.22252397156112874	0.5394641282941564	0.23207667914687286	1.0	0.1761239972681794	0.19090507152070607	0.20815251378795782	1.0	0.1642780553356676	0.28490410501917046	1.0	0.2825519768892173	0.2767158847766303	0.2436215115357259	1.0	0.3217051969035912	1.0	0.19829903456734924
ru	0.7690990303325336	0.3481842356834042	1.0	1.0	0.168735212612736	0.07976014742238881	0.14208872350093815	0.04327366598787569	0.06100360269346613	0.7584325078215763	0.12982853966806576	0.7322034805959263	0.3177778663009035	0.19411702110871742	0.0460058372835489	0.099608534311977	0.35332454155596915	0.20341583596812554	0.5897207744201136	0.11694798076953762	1.0	0.0653499054248173	0.05258295275921445	0.07367930596381397	0.1642780553356676	1.0	0.20795135842496354	1.0	0.37246680245565417	0.23487474728164087	0.09850723251591746	1.0	0.27109199274807855	1.0	0.10590330360701164
sh	1.0	0.7863954451402115	1.0	1.0	0.4339210404276553	0.36133123248046084	0.4212499735180086	0.17537863756908179	0.27048708639379604	0.0	0.2774968994806587	1.0	0.6549329476340925	0.36389761946203314	0.20969937611452708	0.2581686919746186	0.5236304028233325	0.6314395498907664	1.0	0.6810037004925665	1.0	0.3297662661187233	0.26908419757109403	0.25169833911259165	0.28490410501917046	0.20795135842496354	1.0	1.0	0.5304129346527067	0.3818507996639971	0.3903983055655972	1.0	0.43275080682727535	1.0	0.28970881397916703
si	0.0	1.0	0.0	1.0	1.0	1.0	1.0	0.7411828468492555	1.0	0.0	1.0	1.0	1.0	0.44930756545688116	1.0	1.0	1.0	1.0	1.0	0.7690990303325336	1.0	1.0	1.0	1.0	1.0	1.0	1.0	1.0	0.8216064286890065	1.0	1.0	1.0	1.0	1.0	1.0
simple	1.0	0.4530317685951677	0.0	1.0	0.6005600352739165	0.46940627230308435	0.5504081760027507	0.23513337892707653	0.4427636350780635	0.0	0.5328747892386388	1.0	0.5551850247152037	0.28817979147274453	0.31819975390969274	0.31642644788974844	0.7221793916855703	0.5950659482376812	1.0	0.3509556099224524	1.0	0.36073642750037455	0.45466204333765164	0.42428988471056683	0.2825519768892173	0.37246680245565417	0.5304129346527067	0.8216064286890065	1.0	0.47510635072383406	0.44486476865007596	0.8216064286890065	0.46449005711114294	0.7510341748895938	0.31772864259407435
sr	0.8216064286890065	0.4530317685951677	0.0	1.0	0.6468909830471344	0.32524876109309714	0.47011889788826083	0.24733976943474814	0.27437446696423434	0.0	0.36494989753385165	1.0	1.0	0.4047719881459124	0.25659515782603837	0.3690016099582205	0.6023380116311118	0.616531178706057	0.4951708875400073	0.6223041007404059	1.0	0.3639337521460986	0.26641100278554636	0.285552337913715	0.2767158847766303	0.23487474728164087	0.3818507996639971	1.0	0.47510635072383406	1.0	0.44509648863160567	1.0	0.5225433616995161	1.0	0.26989928999290047
sv	1.0	0.7863954451402115	1.0	1.0	0.17432459643336562	0.17161125463209373	0.31439027462133806	0.06988375456152915	0.11831974396856235	0.0	0.2198042797994607	1.0	0.35900529723099756	0.3116190780984096	0.10783108697235745	0.14514112922547692	0.3319762936228123	0.352865542496687	0.7221793916855704	0.2729925604592848	1.0	0.11216529437412481	0.12964747678418295	0.1944636655272341	0.2436215115357259	0.09850723251591746	0.3903983055655972	1.0	0.44486476865007596	0.44509648863160567	1.0	1.0	0.39729344664980915	1.0	0.20162764911469686
te	0.0	1.0	0.0	1.0	1.0	1.0	1.0	1.0	1.0	0.0	1.0	1.0	1.0	1.0	1.0	1.0	1.0	1.0	1.0	1.0	1.0	1.0	1.0	1.0	1.0	1.0	1.0	1.0	0.8216064286890065	1.0	1.0	1.0	1.0	1.0	1.0
vi	0.7863954451402115	1.0	1.0	1.0	0.4471450714113983	0.32542356493555036	0.3887964380551043	0.20834543859342958	0.24714696474775616	0.0	0.40905291360205664	1.0	0.6163326624308246	0.3664645462547809	0.23335642085419495	0.22931314061536037	0.43027568461268334	0.559152953751058	1.0	0.4822860656971094	1.0	0.27542338390812154	0.2887801989988861	0.302702405772583	0.3217051969035912	0.27109199274807855	0.43275080682727535	1.0	0.46449005711114294	0.5225433616995161	0.39729344664980915	1.0	1.0	1.0	0.26494029580887724
war	0.0	0.7863954451402115	0.0	1.0	1.0	1.0	1.0	1.0	1.0	0.0	1.0	1.0	1.0	1.0	1.0	1.0	1.0	1.0	1.0	0.7690990303325336	1.0	1.0	1.0	1.0	1.0	1.0	1.0	1.0	0.7510341748895938	1.0	1.0	1.0	1.0	1.0	0.44930756545688116
zh	0.7584325078215763	0.33302908405522297	1.0	1.0	0.24046503715172104	0.1605340583114584	0.1765757633772699	0.08945407139960623	0.11702605432216355	1.0	0.17198243535941268	0.5034710416645194	0.2880463406641144	0.19086665005829784	0.11432329904829783	0.11902354376550177	0.29139351224388366	0.29994163375565736	0.3791160306680005	0.2519973800005794	1.0	0.12298808657950018	0.13979180369362038	0.12365916347036203	0.19829903456734924	0.10590330360701164	0.28970881397916703	1.0	0.31772864259407435	0.26989928999290047	0.20162764911469686	1.0	0.26494029580887724	0.44930756545688116	1.0
