arz	bs	ceb	ckb	da	de	el	en	es	fr	he	hi	hu	id	it	ja	ko	lv	mk	ml	mr	nl	pl	pt	ro	ru	sh	si	simple	sr	sv	te	vi	war	zh
arz	1.0	1.0	0.0	0.0	1.0	1.0	1.0	0.585786437626905	0.585786437626905	0.0	1.0	0.0	1.0	1.0	0.585786437626905	0.585786437626905	0.585786437626905	1.0	1.0	0.0	0.0	0.585786437626905	0.585786437626905	1.0	0.585786437626905	0.585786437626905	1.0	0.0	1.0	0.585786437626905	1.0	0.0	0.585786437626905	0.0	0.585786437626905
bs	1.0	1.0	0.0	1.0	0.585786437626905	0.585786437626905	0.39564392373896007	0.08632102700761463	0.09269775783326716	0.0	0.5	1.0	0.585786437626905	0.39564392373896007	0.10886898139200683	0.39564392373896007	0.585786437626905	0.5	0.39564392373896007	1.0	1.0	0.585786437626905	0.15974667297574377	0.3333333333333333	0.4142135623730951	0.22772999919644132	0.585786437626905	1.0	0.39564392373896007	0.39564392373896007	0.585786437626905	1.0	1.0	0.585786437626905	0.36602540378443865
ceb	0.0	0.0	1.0	0.0	1.0	1.0	1.0	1.0	1.0	0.0	1.0	0.0	0.0	0.0	1.0	1.0	1.0	1.0	0.0	0.0	0.0	1.0	1.0	1.0	1.0	1.0	1.0	0.0	0.0	0.0	1.0	0.0	1.0	0.0	1.0
ckb	0.0	1.0	0.0	1.0	1.0	1.0	1.0	0.585786437626905	1.0	0.0	1.0	1.0	1.0	1.0	1.0	1.0	1.0	1.0	1.0	1.0	1.0	1.0	1.0	1.0	1.0	1.0	1.0	1.0	1.0	1.0	1.0	1.0	1.0	1.0	1.0
da	1.0	0.585786437626905	1.0	1.0	1.0	0.1368970350053999	0.27195617308673004	0.019996189126887078	0.06316163001913848	0.0	0.2025519956555797	1.0	0.5	0.22772999919644132	0.09279301762863412	0.09354851169924815	0.3333333333333333	0.44948974278317805	0.5	0.3333333333333333	1.0	0.08012527961075729	0.12104896796764565	0.1639607805437114	0.05466699806324034	0.06145097717390777	0.20913790076975997	1.0	0.44948974278317805	0.5	0.0619466878236945	1.0	0.24660605559646726	1.0	0.13995530152558838
de	1.0	0.585786437626905	1.0	1.0	0.1368970350053999	1.0	0.06060013714716496	0.002553260211430253	0.03730780870075877	0.0	0.10850884755755627	0.585786437626905	0.19958473846444122	0.07464207164874534	0.01981558093081246	0.011745804528424312	0.4142135623730951	0.2674788903885893	0.5	0.07539593368157896	1.0	0.011793637792677454	0.02869244664031756	0.05588573068893435	0.017175160604626497	0.0066125919049198605	0.21712927295533244	1.0	0.3090169943749474	0.1466776491048997	0.046957650630127516	1.0	0.16265941452915686	1.0	0.022425244426896584
el	1.0	0.39564392373896007	1.0	1.0	0.27195617308673004	0.06060013714716496	1.0	0.009335283701500293	0.023440430241327612	0.0	0.1341584764385809	0.585786437626905	0.25824569976124334	0.07320567157882096	0.02845649016175399	0.08807355707390437	0.4142135623730951	0.34833147735478825	0.585786437626905	0.182492365324635	1.0	0.0786072683499735	0.02680928681044851	0.07299959388543202	0.037566723335469523	0.03433131772425039	0.28989794855663564	1.0	0.40453726661826384	0.2958163163244893	0.1571856809867317	1.0	0.23582845781094	1.0	0.1066602991003811
en	0.585786437626905	0.08632102700761463	1.0	0.585786437626905	0.019996189126887078	0.002553260211430253	0.009335283701500293	1.0	0.0008781863517425279	0.585786437626905	0.02470092021495805	0.44948974278317805	0.08875910166828045	0.012162142075682055	0.004252483482261656	0.005561891270595774	0.16308953050448227	0.0662474688427183	0.2612038749637414	0.005615705143935121	1.0	0.005593972905559148	0.0038098906537631988	0.003830598031011994	0.006282523761012666	0.006371278982900691	0.067450967435744	0.585786437626905	0.12385341172031356	0.0648907163931225	0.005557005669886156	1.0	0.076970394636627	1.0	0.006484670250172756
es	0.585786437626905	0.09269775783326716	1.0	1.0	0.06316163001913848	0.03730780870075877	0.023440430241327612	0.0008781863517425279	1.0	1.0	0.07357331495426278	0.585786437626905	0.13367660240019172	0.020982633152350355	0.0011391469782615433	0.00684794199381395	0.3660254037844386	0.3090169943749474	0.585786437626905	0.011711196510688363	1.0	0.0034008797492707872	0.0018077179851738719	0.004454001217396648	0.009956752525477307	0.0021547647308583972	0.14285714285714285	1.0	0.2958163163244893	0.11458032444086153	0.009981417210563165	1.0	0.12067129905747931	1.0	0.008428154160535658
fr	0.0	0.0	0.0	0.0	0.0	0.0	0.0	0.585786437626905	1.0	1.0	0.0	0.0	0.0	0.0	0.585786437626905	0.0	0.0	0.0	0.0	0.0	0.0	1.0	1.0	1.0	0.0	0.585786437626905	0.0	0.0	0.0	0.0	0.0	0.0	0.0	0.0	1.0
he	1.0	0.5	1.0	1.0	0.2025519956555797	0.10850884755755627	0.1341584764385809	0.02470092021495805	0.07357331495426278	0.0	1.0	0.585786437626905	0.44948974278317805	0.10137821036823995	0.061312239967820904	0.03817308828700863	0.32037724101704074	0.25824569976124334	1.0	0.27429188517743175	1.0	0.0625441569127663	0.066549247353722	0.09087467585170005	0.0314114802135867	0.04383276636425842	0.21712927295533244	1.0	0.35388936786452296	0.20386840968093525	0.10306261918476205	1.0	0.22646721143623746	1.0	0.04113854965622027
hi	0.0	1.0	0.0	1.0	1.0	0.585786437626905	0.585786437626905	0.44948974278317805	0.585786437626905	0.0	0.585786437626905	1.0	1.0	0.585786437626905	1.0	1.0	1.0	1.0	1.0	1.0	1.0	1.0	1.0	0.4364916731037085	0.585786437626905	0.585786437626905	1.0	1.0	1.0	1.0	1.0	1.0	1.0	1.0	0.585786437626905
hu	1.0	0.585786437626905	0.0	1.0	0.5	0.19958473846444122	0.25824569976124334	0.08875910166828045	0.13367660240019172	0.0	0.44948974278317805	1.0	1.0	0.5	0.15295783961613652	0.20658711810431302	1.0	1.0	0.585786437626905	0.3333333333333333	1.0	0.14722691806543264	0.17050763999009447	0.27429188517743175	0.09881836933309901	0.16015261286229274	0.5	1.0	0.40453726661826384	1.0	0.2204812092115424	1.0	0.36602540378443865	1.0	0.2534242729847843
id	1.0	0.39564392373896007	0.0	1.0	0.22772999919644132	0.07464207164874534	0.07320567157882096	0.012162142075682055	0.020982633152350355	0.0	0.10137821036823995	0.585786437626905	0.5	1.0	0.01790075318556142	0.04230467533924073	0.353889367864523	0.18905299528192201	0.5	0.1662057509419643	1.0	0.04203670005991169	0.028044969222845252	0.02684394863705318	0.16871963300535997	0.018968525871719998	0.2222222222222222	1.0	0.2025519956555797	0.37926872769071385	0.13623334167497303	1.0	0.24257131419419417	1.0	0.05302269427263776
it	0.585786437626905	0.10886898139200683	1.0	1.0	0.09279301762863412	0.01981558093081246	0.02845649016175399	0.004252483482261656	0.0011391469782615433	0.585786437626905	0.061312239967820904	1.0	0.15295783961613652	0.01790075318556142	1.0	0.006643472383567289	0.25355482027512377	0.20799159651347807	0.4142135623730951	0.007248531838789196	1.0	0.0031627803340273787	0.002425255132874314	0.004065050490207897	0.009761604922651646	0.0029744222227038207	0.11216829356239995	1.0	0.1975496259559987	0.10347278477998788	0.015269599522933022	1.0	0.09783009070151645	1.0	0.010355143740172086
ja	0.585786437626905	0.39564392373896007	1.0	1.0	0.09354851169924815	0.011745804528424312	0.08807355707390437	0.005561891270595774	0.00684794199381395	0.0	0.03817308828700863	1.0	0.20658711810431302	0.04230467533924073	0.006643472383567289	1.0	0.15352447281755405	0.08138576619950924	0.4142135623730951	0.08537396207989352	1.0	0.010277655814852026	0.0082748282781493	0.009759238880448218	0.02345374641163359	0.007033435954358643	0.1018873578672178	1.0	0.13541107947398293	0.18528919924132578	0.028432931700003158	1.0	0.0910395088861918	1.0	0.015378711655847345
ko	0.585786437626905	0.585786437626905	1.0	1.0	0.3333333333333333	0.4142135623730951	0.4142135623730951	0.16308953050448227	0.3660254037844386	0.0	0.32037724101704074	1.0	1.0	0.353889367864523	0.25355482027512377	0.15352447281755405	1.0	0.5	1.0	0.44948974278317805	1.0	0.3203772410170407	0.26968623182294527	0.28989794855663564	0.06257436959240095	0.1886378647726465	0.38742588672279304	1.0	0.585786437626905	0.4142135623730951	0.3090169943749474	1.0	0.2766967754673749	1.0	0.13231996486433337
lv	1.0	0.5	1.0	1.0	0.44948974278317805	0.2674788903885893	0.34833147735478825	0.0662474688427183	0.3090169943749474	0.0	0.25824569976124334	1.0	1.0	0.18905299528192201	0.20799159651347807	0.08138576619950924	0.5	1.0	1.0	0.44948974278317805	1.0	0.1571856809867317	0.17331935664757372	0.193373824568466	0.05581048757829099	0.09591031991104794	0.5	1.0	0.44948974278317805	0.5	0.20521309615767264	1.0	0.4142135623730951	1.0	0.1165729231840319
mk	1.0	0.39564392373896007	0.0	1.0	0.5	0.5	0.585786437626905	0.2612038749637414	0.585786437626905	0.0	1.0	1.0	0.585786437626905	0.5	0.4142135623730951	0.4142135623730951	1.0	1.0	1.0	0.585786437626905	1.0	0.44948974278317805	0.5	1.0	0.2791745113185196	0.44948974278317805	1.0	1.0	1.0	0.3380788308512194	0.585786437626905	1.0	1.0	1.0	0.2791745113185196
ml	0.0	1.0	0.0	1.0	0.3333333333333333	0.07539593368157896	0.182492365324635	0.005615705143935121	0.011711196510688363	0.0	0.27429188517743175	1.0	0.3333333333333333	0.1662057509419643	0.007248531838789196	0.08537396207989352	0.44948974278317805	0.44948974278317805	0.585786437626905	1.0	1.0	0.027683956706775266	0.022885851221188098	0.036879987202749806	0.055942530820715035	0.011454679071835179	0.3950325357559503	0.585786437626905	0.3380788308512194	0.4364916731037085	0.2466060555964672	1.0	0.2896929198442134	0.585786437626905	0.08511200414054078
mr	0.0	1.0	0.0	1.0	1.0	1.0	1.0	1.0	1.0	0.0	1.0	1.0	1.0	1.0	1.0	1.0	1.0	1.0	1.0	1.0	1.0	1.0	1.0	1.0	1.0	1.0	1.0	1.0	1.0	1.0	1.0	1.0	1.0	1.0	1.0
nl	0.585786437626905	0.585786437626905	1.0	1.0	0.08012527961075729	0.011793637792677454	0.0786072683499735	0.005593972905559148	0.0034008797492707872	1.0	0.0625441569127663	1.0	0.14722691806543264	0.04203670005991169	0.0031627803340273787	0.010277655814852026	0.3203772410170407	0.1571856809867317	0.44948974278317805	0.027683956706775266	1.0	1.0	0.004676723637686075	0.015971858732756285	0.013831277117322724	0.004584636280992693	0.16736577623297264	1.0	0.22646721143623746	0.22105656221702155	0.019524953302720176	1.0	0.13133048602716904	1.0	0.020005936620999542
pl	0.585786437626905	0.15974667297574377	1.0	1.0	0.12104896796764565	0.02869244664031756	0.02680928681044851	0.0038098906537631988	0.0018077179851738719	1.0	0.066549247353722	1.0	0.17050763999009447	0.028044969222845252	0.002425255132874314	0.0082748282781493	0.26968623182294527	0.17331935664757372	0.5	0.022885851221188098	1.0	0.004676723637686075	1.0	0.01961635384990327	0.01235186808574679	0.0032046468892127145	0.1498238584501424	1.0	0.2989350844248255	0.12048618897312806	0.033369792215949115	1.0	0.1259791880141182	1.0	0.017447025730796067
pt	1.0	0.3333333333333333	1.0	1.0	0.1639607805437114	0.05588573068893435	0.07299959388543202	0.003830598031011994	0.004454001217396648	1.0	0.09087467585170005	0.4364916731037085	0.27429188517743175	0.02684394863705318	0.004065050490207897	0.009759238880448218	0.28989794855663564	0.193373824568466	1.0	0.036879987202749806	1.0	0.015971858732756285	0.01961635384990327	1.0	0.01633098886848826	0.00716492935405031	0.13989593640151518	1.0	0.26533119314590375	0.12671020163537874	0.07918803165887403	1.0	0.14285714285714285	1.0	0.014249025102479409
ro	0.585786437626905	0.4142135623730951	1.0	1.0	0.05466699806324034	0.017175160604626497	0.037566723335469523	0.006282523761012666	0.009956752525477307	0.0	0.0314114802135867	0.585786437626905	0.09881836933309901	0.16871963300535997	0.009761604922651646	0.02345374641163359	0.06257436959240095	0.05581048757829099	0.2791745113185196	0.055942530820715035	1.0	0.013831277117322724	0.01235186808574679	0.01633098886848826	1.0	0.010159078973611634	0.046192417502203854	1.0	0.11666055256332009	0.17507610508237306	0.028704301215614972	1.0	0.05991368054586806	1.0	0.023584557962851697
ru	0.585786437626905	0.22772999919644132	1.0	1.0	0.06145097717390777	0.0066125919049198605	0.03433131772425039	0.006371278982900691	0.0021547647308583972	0.585786437626905	0.04383276636425842	0.585786437626905	0.16015261286229274	0.018968525871719998	0.0029744222227038207	0.007033435954358643	0.1886378647726465	0.09591031991104794	0.44948974278317805	0.011454679071835179	1.0	0.004584636280992693	0.0032046468892127145	0.00716492935405031	0.010159078973611634	1.0	0.10218877031820614	1.0	0.24025307335204216	0.10486192772287954	0.013323845691886835	1.0	0.09804518624382665	1.0	0.010682292105523019
sh	1.0	0.585786437626905	1.0	1.0	0.20913790076975997	0.21712927295533244	0.28989794855663564	0.067450967435744	0.14285714285714285	0.0	0.21712927295533244	1.0	0.5	0.2222222222222222	0.11216829356239995	0.1018873578672178	0.38742588672279304	0.5	1.0	0.3950325357559503	1.0	0.16736577623297264	0.1498238584501424	0.13989593640151518	0.046192417502203854	0.10218877031820614	1.0	1.0	0.3726822671238253	0.23166247903554	0.21393876913398135	1.0	0.2474401533514073	1.0	0.13440734619911662
si	0.0	1.0	0.0	1.0	1.0	1.0	1.0	0.585786437626905	1.0	0.0	1.0	1.0	1.0	1.0	1.0	1.0	1.0	1.0	1.0	0.585786437626905	1.0	1.0	1.0	1.0	1.0	1.0	1.0	1.0	0.585786437626905	1.0	1.0	1.0	1.0	1.0	1.0
simple	1.0	0.39564392373896007	0.0	1.0	0.44948974278317805	0.3090169943749474	0.40453726661826384	0.12385341172031356	0.2958163163244893	0.0	0.35388936786452296	1.0	0.40453726661826384	0.2025519956555797	0.1975496259559987	0.13541107947398293	0.585786437626905	0.44948974278317805	1.0	0.3380788308512194	1.0	0.22646721143623746	0.2989350844248255	0.26533119314590375	0.11666055256332009	0.24025307335204216	0.3726822671238253	0.585786437626905	1.0	0.32037724101704074	0.26968623182294527	0.585786437626905	0.3333333333333333	0.585786437626905	0.23441237831492112
sr	0.585786437626905	0.39564392373896007	0.0	1.0	0.5	0.1466776491048997	0.2958163163244893	0.0648907163931225	0.11458032444086153	0.0	0.20386840968093525	1.0	1.0	0.37926872769071385	0.10347278477998788	0.18528919924132578	0.4142135623730951	0.5	0.3380788308512194	0.4364916731037085	1.0	0.22105656221702155	0.12048618897312806	0.12671020163537874	0.17507610508237306	0.10486192772287954	0.23166247903554	1.0	0.32037724101704074	1.0	0.2474401533514073	1.0	0.3333333333333333	1.0	0.13852335093059467
sv	1.0	0.585786437626905	1.0	1.0	0.0619466878236945	0.046957650630127516	0.1571856809867317	0.005557005669886156	0.009981417210563165	0.0	0.10306261918476205	1.0	0.2204812092115424	0.13623334167497303	0.015269599522933022	0.028432931700003158	0.3090169943749474	0.20521309615767264	0.585786437626905	0.2466060555964672	1.0	0.019524953302720176	0.033369792215949115	0.07918803165887403	0.028704301215614972	0.013323845691886835	0.21393876913398135	1.0	0.26968623182294527	0.2474401533514073	1.0	1.0	0.21712927295533244	1.0	0.07012383173232545
te	0.0	1.0	0.0	1.0	1.0	1.0	1.0	1.0	1.0	0.0	1.0	1.0	1.0	1.0	1.0	1.0	1.0	1.0	1.0	1.0	1.0	1.0	1.0	1.0	1.0	1.0	1.0	1.0	0.585786437626905	1.0	1.0	1.0	1.0	1.0	1.0
vi	0.585786437626905	1.0	1.0	1.0	0.24660605559646726	0.16265941452915686	0.23582845781094	0.076970394636627	0.12067129905747931	0.0	0.22646721143623746	1.0	0.36602540378443865	0.24257131419419417	0.09783009070151645	0.0910395088861918	0.2766967754673749	0.4142135623730951	1.0	0.2896929198442134	1.0	0.13133048602716904	0.1259791880141182	0.14285714285714285	0.05991368054586806	0.09804518624382665	0.2474401533514073	1.0	0.3333333333333333	0.3333333333333333	0.21712927295533244	1.0	1.0	1.0	0.10323970376482992
war	0.0	0.585786437626905	0.0	1.0	1.0	1.0	1.0	1.0	1.0	0.0	1.0	1.0	1.0	1.0	1.0	1.0	1.0	1.0	1.0	0.585786437626905	1.0	1.0	1.0	1.0	1.0	1.0	1.0	1.0	0.585786437626905	1.0	1.0	1.0	1.0	1.0	1.0
zh	0.585786437626905	0.36602540378443865	1.0	1.0	0.13995530152558838	0.022425244426896584	0.1066602991003811	0.006484670250172756	0.008428154160535658	1.0	0.04113854965622027	0.585786437626905	0.2534242729847843	0.05302269427263776	0.010355143740172086	0.015378711655847345	0.13231996486433337	0.1165729231840319	0.2791745113185196	0.08511200414054078	1.0	0.020005936620999542	0.017447025730796067	0.014249025102479409	0.023584557962851697	0.010682292105523019	0.13440734619911662	1.0	0.23441237831492112	0.13852335093059467	0.07012383173232545	1.0	0.10323970376482992	1.0	1.0
