arz	bs	ceb	ckb	da	de	el	en	es	fr	he	hi	hu	id	it	ja	ko	lv	mk	ml	mr	nl	pl	pt	ro	ru	sh	si	simple	sr	sv	te	vi	war	zh
arz	1.0	0.378561736770692	0.3125	0.2727272727272727	0.2032967032967033	0.11428571428571428	0.26666666666666666	0.1111111111111111	0.1453937210499228	0.1111111111111111	0.23830409356725146	0.16666666666666666	0.2465300727032386	0.3018433179723502	0.15384615384615385	0.1491862567811935	0.2222222222222222	0.3134920634920635	0.38286713286713286	0.3333333333333333	0.375	0.1738888888888889	0.19047619047619047	0.2300347222222222	0.26666666666666666	0.12903225806451613	0.3421052631578947	0.0625	0.3294314381270903	0.3262108262108262	0.14814814814814814	0.0625	0.2378472222222222	0.3888888888888889	0.19810977826245002
bs	0.378561736770692	1.0	0.22727272727272727	0.4453227931488801	0.29348370927318296	0.1615676359039191	0.4482993197278911	0.16905684754521966	0.20981646273637375	0.18532215647600264	0.3275171624713959	0.18951048951048952	0.39495798319327735	0.45309810671256456	0.22811304717382064	0.22650375939849623	0.37373737373737376	0.4191729323308271	0.48809523809523814	0.35107655502392343	0.2881118881118881	0.25846153846153846	0.2991388044579534	0.358187134502924	0.4354740061162079	0.19611094362375642	0.6121794871794872	0.045454545454545456	0.39511754068716093	0.4863680623174294	0.20925925925925926	0.045454545454545456	0.34578544061302685	0.36363636363636365	0.306848582129481
ceb	0.3125	0.22727272727272727	0.5	0.2777777777777778	0.11904761904761904	0.07142857142857142	0.16666666666666666	0.06944444444444445	0.08620689655172414	0.06944444444444445	0.13157894736842105	0.14285714285714285	0.14705882352941177	0.17857142857142858	0.09615384615384616	0.08928571428571429	0.1388888888888889	0.17857142857142858	0.22727272727272727	0.35714285714285715	0.4166666666666667	0.1	0.11904761904761904	0.1388888888888889	0.16666666666666666	0.08064516129032258	0.20833333333333334	0.1	0.19230769230769232	0.19230769230769232	0.09259259259259259	0.1	0.1388888888888889	0.3125	0.11904761904761904
ckb	0.2727272727272727	0.4453227931488801	0.2777777777777778	1.0	0.21428571428571427	0.12857142857142856	0.30877192982456136	0.12803030303030302	0.1621168582375479	0.1290650406504065	0.23684210526315788	0.2222222222222222	0.2808349146110057	0.32142857142857145	0.1808288610614192	0.17276247848537007	0.2664835164835165	0.34316770186335405	0.3494623655913978	0.48412698412698413	0.25	0.18	0.23754152823920266	0.2572463768115942	0.32307692307692304	0.14516129032258066	0.4	0.05555555555555555	0.2857142857142857	0.36177884615384615	0.18137254901960784	0.05555555555555555	0.25	0.35	0.21428571428571427
da	0.2032967032967033	0.29348370927318296	0.11904761904761904	0.21428571428571427	1.0	0.3059523809523809	0.37012987012987014	0.3049645390070922	0.321915530428999	0.3087899543378996	0.32238805970149254	0.09523809523809523	0.38482280431432975	0.30339105339105343	0.32002224694104564	0.32575757575757575	0.3605379513633014	0.3433333333333333	0.2794486215538847	0.18666666666666665	0.14285714285714285	0.34415584415584416	0.40441176470588236	0.32845744680851063	0.33448616600790515	0.3448825169255276	0.2913322632423756	0.023809523809523808	0.2912457912457912	0.31799838579499595	0.36533957845433257	0.023809523809523808	0.35563858695652173	0.19047619047619047	0.3265602322206096
de	0.11428571428571428	0.1615676359039191	0.07142857142857142	0.12857142857142856	0.3059523809523809	1.0	0.21428571428571427	0.4226942212016839	0.3136363636363636	0.42275641025641025	0.2714285714285714	0.0673469387755102	0.250319829424307	0.21333333333333335	0.39596844872918496	0.3790322580645161	0.2398705096073517	0.2	0.15714285714285714	0.1078125	0.08571428571428572	0.3333333333333333	0.2898259705488621	0.254979035639413	0.22857142857142856	0.3918918918918919	0.17633053221288517	0.014285714285714285	0.20844155844155846	0.18571428571428572	0.3611111111111111	0.014285714285714285	0.2361111111111111	0.11428571428571428	0.29222864482980093
el	0.26666666666666666	0.4482993197278911	0.16666666666666666	0.30877192982456136	0.37012987012987014	0.21428571428571427	1.0	0.22853535353535354	0.28176883780332057	0.23397435897435898	0.37531645569620253	0.13333333333333333	0.38610526315789473	0.45625	0.3098030018761726	0.27598722415795585	0.46584699453551914	0.4223790322580645	0.3342391304347826	0.2575268817204301	0.21000000000000002	0.3125	0.40201465201465203	0.41297550807712347	0.4117647058823529	0.2582398316970547	0.43645833333333334	0.03333333333333333	0.4140625	0.4197761194029851	0.2986111111111111	0.03333333333333333	0.4100877192982456	0.26666666666666666	0.3900769888793841
en	0.1111111111111111	0.16905684754521966	0.06944444444444445	0.12803030303030302	0.3049645390070922	0.4226942212016839	0.22853535353535354	1.0	0.2972491368749304	0.4724649461491567	0.2857468123861567	0.05555555555555555	0.26197318007662834	0.1999089253187614	0.3955938697318008	0.37808072389570185	0.24462334675100633	0.20332018408941485	0.15557107386716326	0.10307017543859649	0.08333333333333333	0.3579749103942652	0.29690226876090753	0.2487773487773488	0.22018167456556084	0.38405419489317355	0.1838235294117647	0.013888888888888888	0.18626984126984128	0.19185499058380415	0.34012055277859454	0.013888888888888888	0.26666666666666666	0.1111111111111111	0.2902702702702703
es	0.1453937210499228	0.20981646273637375	0.08620689655172414	0.1621168582375479	0.321915530428999	0.3136363636363636	0.28176883780332057	0.2972491368749304	1.0	0.30120565410199557	0.2899830220713073	0.06896551724137931	0.3137931034482758	0.2524904214559387	0.32263568410789734	0.3366737739872068	0.307981220657277	0.2230769230769231	0.20141987829614605	0.14017017465293327	0.11114058355437666	0.3396871945259042	0.31150211795373084	0.29562841530054645	0.27980713033313853	0.3711615487316422	0.22902044552944767	0.017241379310344827	0.22413793103448276	0.22988505747126436	0.3235294117647059	0.017241379310344827	0.288768115942029	0.13793103448275862	0.2945478723404255
fr	0.1111111111111111	0.18532215647600264	0.06944444444444445	0.1290650406504065	0.3087899543378996	0.42275641025641025	0.23397435897435898	0.4724649461491567	0.30120565410199557	1.0	0.2741628614916286	0.05555555555555555	0.2514172335600907	0.20515873015873015	0.3877777777777778	0.38672278836213264	0.25328993915381354	0.19444444444444445	0.16770315091210614	0.10894097222222222	0.08333333333333333	0.3575670498084291	0.29837807606263983	0.24135763670647392	0.22312623274161736	0.3717132124775437	0.19151138716356106	0.013888888888888888	0.1919191919191919	0.18055555555555555	0.3361416130253692	0.013888888888888888	0.2642857142857143	0.1111111111111111	0.2872194228126432
he	0.23830409356725146	0.3275171624713959	0.13157894736842105	0.23684210526315788	0.32238805970149254	0.2714285714285714	0.37531645569620253	0.2857468123861567	0.2899830220713073	0.2741628614916286	1.0	0.10526315789473684	0.4021879021879022	0.3850877192982456	0.3464912280701754	0.37326629680998613	0.4075010535187526	0.3069908814589665	0.2984022556390978	0.19441460794844254	0.15789473684210525	0.41174603174603175	0.3768115942028985	0.47097701149425286	0.360989010989011	0.2875791139240506	0.34590995561192134	0.02631578947368421	0.36133603238866396	0.3508771929824561	0.3603264281230383	0.02631578947368421	0.42405582922824303	0.21052631578947367	0.39200111482720174
hi	0.16666666666666666	0.18951048951048952	0.14285714285714285	0.2222222222222222	0.09523809523809523	0.0673469387755102	0.13333333333333333	0.05555555555555555	0.06896551724137931	0.05555555555555555	0.10526315789473684	1.0	0.11764705882352941	0.14285714285714285	0.07692307692307693	0.07142857142857142	0.1111111111111111	0.14285714285714285	0.125	0.2857142857142857	0.125	0.08	0.09523809523809523	0.1111111111111111	0.13333333333333333	0.06451612903225806	0.17592592592592593	0.125	0.10714285714285714	0.15384615384615385	0.07407407407407407	0.125	0.1111111111111111	0.16666666666666666	0.09523809523809523
hu	0.2465300727032386	0.39495798319327735	0.14705882352941177	0.2808349146110057	0.38482280431432975	0.250319829424307	0.38610526315789473	0.26197318007662834	0.3137931034482758	0.2514172335600907	0.4021879021879022	0.11764705882352941	1.0	0.41399572649572647	0.3161967938087341	0.31204627949183306	0.4445364238410596	0.33619763694951665	0.35750999428897773	0.21578334304018637	0.17647058823529413	0.33866575901974133	0.3892773892773893	0.411231884057971	0.4377610693400167	0.31048387096774194	0.39945280437756503	0.029411764705882353	0.35275080906148865	0.4059378468368479	0.2947232947232947	0.029411764705882353	0.4734335839598997	0.23529411764705882	0.32368637110016424
id	0.3018433179723502	0.45309810671256456	0.17857142857142858	0.32142857142857145	0.30339105339105343	0.21333333333333335	0.45625	0.1999089253187614	0.2524904214559387	0.20515873015873015	0.3850877192982456	0.14285714285714285	0.41399572649572647	1.0	0.286472148541114	0.27	0.4538888888888889	0.3869047619047619	0.40285714285714286	0.2865853658536585	0.21428571428571427	0.2883333333333334	0.3494623655913978	0.41241830065359475	0.5037037037037038	0.23969534050179211	0.4826254826254826	0.03571428571428571	0.5224252491694352	0.5059523809523809	0.2686932215234102	0.03571428571428571	0.42662473794549266	0.2857142857142857	0.386150234741784
it	0.15384615384615385	0.22811304717382064	0.09615384615384616	0.1808288610614192	0.32002224694104564	0.39596844872918496	0.3098030018761726	0.3955938697318008	0.32263568410789734	0.3877777777777778	0.3464912280701754	0.07692307692307693	0.3161967938087341	0.286472148541114	1.0	0.415625	0.3538773148148148	0.251934770591487	0.2221018418201517	0.15341237709658762	0.11538461538461539	0.4343629343629343	0.33008166969147007	0.3176910299003322	0.29161220043572983	0.34425939050318927	0.2514792899408284	0.019230769230769232	0.2644927536231884	0.253448275862069	0.3349743150684932	0.019230769230769232	0.29931972789115646	0.15384615384615385	0.41840530486818694
ja	0.1491862567811935	0.22650375939849623	0.08928571428571429	0.17276247848537007	0.32575757575757575	0.3790322580645161	0.27598722415795585	0.37808072389570185	0.3366737739872068	0.38672278836213264	0.37326629680998613	0.07142857142857142	0.31204627949183306	0.27	0.415625	1.0	0.31924723912553526	0.23537388609066254	0.20673784977908688	0.14185393258426965	0.10714285714285714	0.4328407224958949	0.32575757575757575	0.32825969827586204	0.252742946708464	0.3642246642246642	0.25595238095238093	0.017857142857142856	0.23740601503759398	0.24234693877551022	0.36432549504950495	0.017857142857142856	0.27637540453074433	0.14285714285714285	0.3900403521643434
ko	0.2222222222222222	0.37373737373737376	0.1388888888888889	0.2664835164835165	0.3605379513633014	0.2398705096073517	0.46584699453551914	0.24462334675100633	0.307981220657277	0.25328993915381354	0.4075010535187526	0.1111111111111111	0.4445364238410596	0.4538888888888889	0.3538773148148148	0.31924723912553526	1.0	0.3523093447905478	0.3247863247863248	0.20975056689342403	0.17248062015503876	0.3399665551839465	0.4265422077922078	0.45303030303030306	0.4138755980861244	0.27734375	0.3983739837398374	0.027777777777777776	0.4079861111111111	0.4229667812142039	0.31746031746031744	0.027777777777777776	0.4277777777777778	0.2222222222222222	0.4022302320342419
lv	0.3134920634920635	0.4191729323308271	0.17857142857142858	0.34316770186335405	0.3433333333333333	0.2	0.4223790322580645	0.20332018408941485	0.2230769230769231	0.19444444444444445	0.3069908814589665	0.14285714285714285	0.33619763694951665	0.3869047619047619	0.251934770591487	0.23537388609066254	0.3523093447905478	1.0	0.3761904761904762	0.26666666666666666	0.21428571428571427	0.2717391304347826	0.32670454545454547	0.30666666666666664	0.37406793703396857	0.23413978494623655	0.46763392857142855	0.03571428571428571	0.34375	0.4	0.24464285714285716	0.03571428571428571	0.32380952380952377	0.2857142857142857	0.3024967989756722
mk	0.38286713286713286	0.48809523809523814	0.22727272727272727	0.3494623655913978	0.2794486215538847	0.15714285714285714	0.3342391304347826	0.15557107386716326	0.20141987829614605	0.16770315091210614	0.2984022556390978	0.125	0.35750999428897773	0.40285714285714286	0.2221018418201517	0.20673784977908688	0.3247863247863248	0.3761904761904762	1.0	0.2631578947368421	0.293560606060606	0.25846153846153846	0.2794486215538847	0.3305555555555556	0.41333333333333333	0.1774193548387097	0.46794871794871795	0.045454545454545456	0.4474671669793621	0.46958855098389984	0.2037037037037037	0.045454545454545456	0.31535947712418305	0.36363636363636365	0.27541827541827546
ml	0.3333333333333333	0.35107655502392343	0.35714285714285715	0.48412698412698413	0.18666666666666665	0.1078125	0.2575268817204301	0.10307017543859649	0.14017017465293327	0.10894097222222222	0.19441460794844254	0.2857142857142857	0.21578334304018637	0.2865853658536585	0.15341237709658762	0.14185393258426965	0.20975056689342403	0.26666666666666666	0.2631578947368421	1.0	0.3125	0.14	0.19727891156462585	0.20777777777777778	0.26904761904761904	0.11290322580645161	0.3472222222222222	0.07142857142857142	0.2597402597402597	0.2692307692307692	0.12962962962962962	0.07142857142857142	0.21770025839793283	0.3333333333333333	0.1882494004796163
mr	0.375	0.2881118881118881	0.4166666666666667	0.25	0.14285714285714285	0.08571428571428572	0.21000000000000002	0.08333333333333333	0.11114058355437666	0.08333333333333333	0.15789473684210525	0.125	0.17647058823529413	0.21428571428571427	0.11538461538461539	0.10714285714285714	0.17248062015503876	0.21428571428571427	0.293560606060606	0.3125	1.0	0.12	0.15637065637065636	0.1747311827956989	0.2	0.0967741935483871	0.2590909090909091	0.08333333333333333	0.23076923076923078	0.2507692307692308	0.1111111111111111	0.08333333333333333	0.16666666666666666	0.375	0.14285714285714285
nl	0.1738888888888889	0.25846153846153846	0.1	0.18	0.34415584415584416	0.3333333333333333	0.3125	0.3579749103942652	0.3396871945259042	0.3575670498084291	0.41174603174603175	0.08	0.33866575901974133	0.2883333333333334	0.4343629343629343	0.4328407224958949	0.3399665551839465	0.2717391304347826	0.25846153846153846	0.14	0.12	1.0	0.3667772249861802	0.3550129645635264	0.28608470181503887	0.3548951048951049	0.29063291139240505	0.02	0.26961538461538465	0.26892857142857146	0.36666666666666664	0.02	0.3217200251098556	0.16	0.414027149321267
pl	0.19047619047619047	0.2991388044579534	0.11904761904761904	0.23754152823920266	0.40441176470588236	0.2898259705488621	0.40201465201465203	0.29690226876090753	0.31150211795373084	0.29837807606263983	0.3768115942028985	0.09523809523809523	0.3892773892773893	0.3494623655913978	0.33008166969147007	0.32575757575757575	0.4265422077922078	0.32670454545454547	0.2794486215538847	0.19727891156462585	0.15637065637065636	0.3667772249861802	1.0	0.4193306693306693	0.38492063492063494	0.325	0.32788296041308085	0.023809523809523808	0.30952380952380953	0.3358395989974937	0.3738095238095238	0.023809523809523808	0.4444444444444444	0.19047619047619047	0.32984420642648493
pt	0.2300347222222222	0.358187134502924	0.1388888888888889	0.2572463768115942	0.32845744680851063	0.254979035639413	0.41297550807712347	0.2487773487773488	0.29562841530054645	0.24135763670647392	0.47097701149425286	0.1111111111111111	0.411231884057971	0.41241830065359475	0.3176910299003322	0.32825969827586204	0.45303030303030306	0.30666666666666664	0.3305555555555556	0.20777777777777778	0.1747311827956989	0.3550129645635264	0.4193306693306693	1.0	0.40896159317211944	0.27514880952380955	0.4200680272108843	0.027777777777777776	0.4084084084084084	0.38580246913580246	0.3214285714285714	0.027777777777777776	0.44216867469879517	0.2222222222222222	0.40015166835187055
ro	0.26666666666666666	0.4354740061162079	0.16666666666666666	0.32307692307692304	0.33448616600790515	0.22857142857142856	0.4117647058823529	0.22018167456556084	0.27980713033313853	0.22312623274161736	0.360989010989011	0.13333333333333333	0.4377610693400167	0.5037037037037038	0.29161220043572983	0.252742946708464	0.4138755980861244	0.37406793703396857	0.41333333333333333	0.26904761904761904	0.2	0.28608470181503887	0.38492063492063494	0.40896159317211944	1.0	0.2516442217350454	0.4824742268041237	0.03333333333333333	0.4671171171171171	0.4653846153846154	0.2898259705488621	0.03333333333333333	0.4736286919831224	0.26666666666666666	0.3743948359332975
ru	0.12903225806451613	0.19611094362375642	0.08064516129032258	0.14516129032258066	0.3448825169255276	0.3918918918918919	0.2582398316970547	0.38405419489317355	0.3711615487316422	0.3717132124775437	0.2875791139240506	0.06451612903225806	0.31048387096774194	0.23969534050179211	0.34425939050318927	0.3642246642246642	0.27734375	0.23413978494623655	0.1774193548387097	0.11290322580645161	0.0967741935483871	0.3548951048951049	0.325	0.27514880952380955	0.2516442217350454	1.0	0.20901230462254738	0.016129032258064516	0.20967741935483872	0.2243833017077799	0.359983429991715	0.016129032258064516	0.27238175675675674	0.12903225806451613	0.29365913469959715
sh	0.3421052631578947	0.6121794871794872	0.20833333333333334	0.4	0.2913322632423756	0.17633053221288517	0.43645833333333334	0.1838235294117647	0.22902044552944767	0.19151138716356106	0.34590995561192134	0.17592592592592593	0.39945280437756503	0.4826254826254826	0.2514792899408284	0.25595238095238093	0.3983739837398374	0.46763392857142855	0.46794871794871795	0.3472222222222222	0.2590909090909091	0.29063291139240505	0.32788296041308085	0.4200680272108843	0.4824742268041237	0.20901230462254738	1.0	0.041666666666666664	0.41398390342052316	0.5108342361863489	0.22855133614627285	0.041666666666666664	0.36538461538461536	0.3333333333333333	0.3470639789658194
si	0.0625	0.045454545454545456	0.1	0.05555555555555555	0.023809523809523808	0.014285714285714285	0.03333333333333333	0.013888888888888888	0.017241379310344827	0.013888888888888888	0.02631578947368421	0.125	0.029411764705882353	0.03571428571428571	0.019230769230769232	0.017857142857142856	0.027777777777777776	0.03571428571428571	0.045454545454545456	0.07142857142857142	0.08333333333333333	0.02	0.023809523809523808	0.027777777777777776	0.03333333333333333	0.016129032258064516	0.041666666666666664	0.5	0.038461538461538464	0.038461538461538464	0.018518518518518517	0.5	0.027777777777777776	0.0625	0.023809523809523808
simple	0.3294314381270903	0.39511754068716093	0.19230769230769232	0.2857142857142857	0.2912457912457912	0.20844155844155846	0.4140625	0.18626984126984128	0.22413793103448276	0.1919191919191919	0.36133603238866396	0.10714285714285714	0.35275080906148865	0.5224252491694352	0.2644927536231884	0.23740601503759398	0.4079861111111111	0.34375	0.4474671669793621	0.2597402597402597	0.23076923076923078	0.26961538461538465	0.30952380952380953	0.4084084084084084	0.4671171171171171	0.20967741935483872	0.41398390342052316	0.038461538461538464	1.0	0.44019933554817275	0.24074074074074073	0.038461538461538464	0.38238770685579193	0.3076923076923077	0.3416666666666667
sr	0.3262108262108262	0.4863680623174294	0.19230769230769232	0.36177884615384615	0.31799838579499595	0.18571428571428572	0.4197761194029851	0.19185499058380415	0.22988505747126436	0.18055555555555555	0.3508771929824561	0.15384615384615385	0.4059378468368479	0.5059523809523809	0.253448275862069	0.24234693877551022	0.4229667812142039	0.4	0.46958855098389984	0.2692307692307692	0.2507692307692308	0.26892857142857146	0.3358395989974937	0.38580246913580246	0.4653846153846154	0.2243833017077799	0.5108342361863489	0.038461538461538464	0.44019933554817275	1.0	0.25094482237339377	0.038461538461538464	0.380718954248366	0.3076923076923077	0.3161463260801009
sv	0.14814814814814814	0.20925925925925926	0.09259259259259259	0.18137254901960784	0.36533957845433257	0.3611111111111111	0.2986111111111111	0.34012055277859454	0.3235294117647059	0.3361416130253692	0.3603264281230383	0.07407407407407407	0.2947232947232947	0.2686932215234102	0.3349743150684932	0.36432549504950495	0.31746031746031744	0.24464285714285716	0.2037037037037037	0.12962962962962962	0.1111111111111111	0.36666666666666664	0.3738095238095238	0.3214285714285714	0.2898259705488621	0.359983429991715	0.22855133614627285	0.018518518518518517	0.24074074074074073	0.25094482237339377	1.0	0.018518518518518517	0.32243935309973043	0.14814814814814814	0.3442528735632184
te	0.0625	0.045454545454545456	0.1	0.05555555555555555	0.023809523809523808	0.014285714285714285	0.03333333333333333	0.013888888888888888	0.017241379310344827	0.013888888888888888	0.02631578947368421	0.125	0.029411764705882353	0.03571428571428571	0.019230769230769232	0.017857142857142856	0.027777777777777776	0.03571428571428571	0.045454545454545456	0.07142857142857142	0.08333333333333333	0.02	0.023809523809523808	0.027777777777777776	0.03333333333333333	0.016129032258064516	0.041666666666666664	0.5	0.038461538461538464	0.038461538461538464	0.018518518518518517	0.5	0.027777777777777776	0.0625	0.023809523809523808
vi	0.2378472222222222	0.34578544061302685	0.1388888888888889	0.25	0.35563858695652173	0.2361111111111111	0.4100877192982456	0.26666666666666666	0.288768115942029	0.2642857142857143	0.42405582922824303	0.1111111111111111	0.4734335839598997	0.42662473794549266	0.29931972789115646	0.27637540453074433	0.4277777777777778	0.32380952380952377	0.31535947712418305	0.21770025839793283	0.16666666666666666	0.3217200251098556	0.4444444444444444	0.44216867469879517	0.4736286919831224	0.27238175675675674	0.36538461538461536	0.027777777777777776	0.38238770685579193	0.380718954248366	0.32243935309973043	0.027777777777777776	1.0	0.2222222222222222	0.34991496598639454
war	0.3888888888888889	0.36363636363636365	0.3125	0.35	0.19047619047619047	0.11428571428571428	0.26666666666666666	0.1111111111111111	0.13793103448275862	0.1111111111111111	0.21052631578947367	0.16666666666666666	0.23529411764705882	0.2857142857142857	0.15384615384615385	0.14285714285714285	0.2222222222222222	0.2857142857142857	0.36363636363636365	0.3333333333333333	0.375	0.16	0.19047619047619047	0.2222222222222222	0.26666666666666666	0.12903225806451613	0.3333333333333333	0.0625	0.3076923076923077	0.3076923076923077	0.14814814814814814	0.0625	0.2222222222222222	0.5	0.19047619047619047
zh	0.19810977826245002	0.306848582129481	0.11904761904761904	0.21428571428571427	0.3265602322206096	0.29222864482980093	0.3900769888793841	0.2902702702702703	0.2945478723404255	0.2872194228126432	0.39200111482720174	0.09523809523809523	0.32368637110016424	0.386150234741784	0.41840530486818694	0.3900403521643434	0.4022302320342419	0.3024967989756722	0.27541827541827546	0.1882494004796163	0.14285714285714285	0.414027149321267	0.32984420642648493	0.40015166835187055	0.3743948359332975	0.29365913469959715	0.3470639789658194	0.023809523809523808	0.3416666666666667	0.3161463260801009	0.3442528735632184	0.023809523809523808	0.34991496598639454	0.19047619047619047	1.0
