arz	bs	ceb	ckb	da	de	el	en	es	fr	he	hi	hu	id	it	ja	ko	lv	mk	ml	mr	nl	pl	pt	ro	ru	sh	si	simple	sr	sv	te	vi	war	zh
arz	1.0	0.530938123752495	0.5076923076923077	0.5276872964169381	0.517113783533765	0.5044452347083926	0.5173824130879345	0.5025522970673606	0.5053047638859997	0.5048132460531383	0.5111216280170374	0.5205949656750571	0.5180722891566265	0.5130208333333334	0.5052050138092202	0.5084395452979676	0.513233025270764	0.5234782608695653	0.5233785822021116	0.5217391304347826	0.534965034965035	0.5075827917053544	0.5054024255788313	0.5060385169046019	0.5216110019646365	0.5062135429875729	0.5193316108041282	0.5328467153284672	0.515970515970516	0.5133410672853828	0.5093457943925234	0.5304347826086956	0.5134615384615385	0.5364583333333334	0.5097706032285472
bs	0.530938123752495	1.0	0.5070422535211268	0.5454545454545455	0.5518217610520227	0.5167163097939954	0.555565728516233	0.5100154047406505	0.5195365361722292	0.5181467581856639	0.535990383663102	0.5568584583138716	0.5512043725452498	0.5449164115327856	0.5192304405497928	0.5286678275081945	0.5394838341886046	0.5588599752168526	0.5587253951083766	0.5534524768109425	0.5413563628716477	0.5277300027610592	0.5200531348860734	0.5226705249718533	0.5487510072522159	0.5229565983296881	0.5649649376159065	0.5434505325582785	0.5478358412579709	0.5435706526897482	0.5331593580030208	0.5423452768729642	0.5431182181610508	0.5382978723404256	0.53477326354983
ceb	0.5076923076923077	0.5070422535211268	1.0	0.5114155251141552	0.5029644268774703	0.5007186489399927	0.5038674033149171	0.5004026575397624	0.5008421052631579	0.5007788161993769	0.5019493177387914	0.5049875311720698	0.5037837837837837	0.502724795640327	0.500752850075285	0.5014064697609002	0.5022246941045606	0.5050301810865191	0.5059625212947189	0.5074626865671642	0.515	0.5011030570438072	0.5008936550491511	0.500999500249875	0.5041928721174004	0.5010298661174047	0.5031645569620253	0.5161290322580645	0.5030355594102341	0.5024067388688327	0.5013949780789159	0.5076335877862596	0.5023411371237458	0.53	0.5015353892036147
ckb	0.5276872964169381	0.5454545454545455	0.5114155251141552	1.0	0.5339805825242718	0.5088245675961878	0.5364431486880467	0.5051340843385504	0.5104145184574139	0.509457174999631	0.5215377489578509	0.5364025695931478	0.533713200379867	0.5275142314990512	0.5105352026530164	0.5161071549677857	0.524134312696747	0.5534290271132376	0.5435684647302904	0.5470306916234671	0.5467032967032968	0.5146520146520147	0.5105918322777899	0.5121891760117016	0.5357474466109563	0.5122930255895635	0.5345149253731344	0.5533141210374639	0.5318646734854445	0.5230337078651686	0.5175840978593271	0.5452380952380952	0.5270690728064716	0.5539033457249071	0.5191763051087097
da	0.517113783533765	0.5518217610520227	0.5029644268774703	0.5339805825242718	1.0	0.5366868830607208	0.5677231241064962	0.5230305313614818	0.542826380972779	0.5403128530193116	0.5711450292942237	0.5650120367653488	0.5767754131530729	0.569213437998778	0.5425592498400762	0.55962791744384	0.5750651753809035	0.5642591871379138	0.5605354385346252	0.5522792704867429	0.5307212822796081	0.5578836954632139	0.5421782185105981	0.5495576860729008	0.57456788688785	0.547393124079299	0.5686787515692865	0.5273052820053715	0.5769857147885349	0.5654123786172153	0.567234994957576	0.5318606627017842	0.5664845173041895	0.52	0.5674894458121713
de	0.5044452347083926	0.5167163097939954	0.5007186489399927	0.5088245675961878	0.5366868830607208	1.0	0.532895362240021	0.5946178751794063	0.6064638679588086	0.6031758003354961	0.5650670892154043	0.529092666130984	0.534623497948108	0.5493989894999348	0.6022045196383973	0.579269797177769	0.5595330161788817	0.5195238594058794	0.5223251835451214	0.5179358390428688	0.5080431324023333	0.5886716554882429	0.6043440027779802	0.5953178276094894	0.5354588149686544	0.5880086428894914	0.5334919721886258	0.5074336283185841	0.5395972910474996	0.5538667623089212	0.5761861573211998	0.5104587801019511	0.549034450956867	0.5040157058718544	0.566204525107391
el	0.5173824130879345	0.555565728516233	0.5038674033149171	0.5364431486880467	0.5677231241064962	0.532895362240021	1.0	0.521063608480467	0.5389520569098678	0.5358294853089932	0.5634870200390185	0.5716183398140793	0.5680485419276031	0.5688928299353634	0.5375660971589209	0.5553056456668362	0.5693029420302183	0.5697798521799384	0.5688646711182028	0.5519737519678668	0.5350869276525214	0.5503569175847939	0.5387150759477691	0.5442712568493516	0.5765336938638058	0.5425151781495442	0.5678842045690385	0.531219028741328	0.57270871395559	0.5626801329671325	0.5587663599533012	0.5380281690140845	0.5667103754654083	0.5227995758218451	0.5611281263265728
en	0.5025522970673606	0.5100154047406505	0.5004026575397624	0.5051340843385504	0.5230305313614818	0.5946178751794063	0.521063608480467	1.0	0.592029535723073	0.5909319543435158	0.5459450552109121	0.5190475437602899	0.5214723662111151	0.5331701024852729	0.5889255498032429	0.5603520700815563	0.540983228029157	0.5119545082787031	0.5138551190362756	0.5112336660163886	0.5047436203265966	0.5656193290197331	0.5850919472677756	0.5804315037732566	0.522054048634007	0.5744153079833039	0.5217804991597943	0.5043974198493917	0.5269276637646386	0.5373431443848867	0.554341236649804	0.506218286737638	0.5346656417355069	0.5022565439775348	0.5511377992472051
es	0.5053047638859997	0.5195365361722292	0.5008421052631579	0.5104145184574139	0.542826380972779	0.6064638679588086	0.5389520569098678	0.592029535723073	1.0	0.6081095702345505	0.5762470541824323	0.5351868762050408	0.5406916575591257	0.5584899039778295	0.6114453817580069	0.5902323837665678	0.5706984514867384	0.5237599721288612	0.5269910012446318	0.5221132594895317	0.5096094234345939	0.5979664520236473	0.6058921993427884	0.6126541970414956	0.5410806867842348	0.59652709422442	0.5402453054099533	0.5089156264426251	0.5472785334550023	0.5638223574890602	0.5868715134355279	0.51233218084448	0.5600858837145102	0.5047002297890119	0.5798115326382671
fr	0.5048132460531383	0.5181467581856639	0.5007788161993769	0.509457174999631	0.5403128530193116	0.6031758003354961	0.5358294853089932	0.5909319543435158	0.6081095702345505	1.0	0.5704288246253816	0.5319557078912306	0.5374123178706894	0.5532826195963558	0.6031463461431953	0.5838128818439758	0.5656356367044382	0.5217634153366802	0.5251082656812349	0.5201576803155348	0.5088176126456057	0.5928208582532029	0.5983541352801681	0.6005873831037777	0.5388014634605811	0.5885260387876297	0.5367910557744455	0.50814332247557	0.5448902739767145	0.5570215159174492	0.5823222405576226	0.5112167300380228	0.5550909887052643	0.504349507055867	0.5721953701662197
he	0.5111216280170374	0.535990383663102	0.5019493177387914	0.5215377489578509	0.5711450292942237	0.5650670892154043	0.5634870200390185	0.5459450552109121	0.5762470541824323	0.5704288246253816	1.0	0.5584662211184743	0.564988130193546	0.5781888198860948	0.5742799039039128	0.586958407418869	0.5927438019616562	0.5450616504833241	0.5494696239806718	0.5381602979481348	0.5198192704514825	0.5878557304629927	0.5732157151345362	0.5842302306897477	0.5673675302278822	0.5759039679078422	0.565628203744765	0.5187783767161696	0.5770360451394819	0.5809917268385751	0.5946238449577711	0.524747496310417	0.5824017332923555	0.510038240917782	0.5893137178101104
hi	0.5205949656750571	0.5568584583138716	0.5049875311720698	0.5364025695931478	0.5650120367653488	0.529092666130984	0.5716183398140793	0.5190475437602899	0.5351868762050408	0.5319557078912306	0.5584662211184743	1.0	0.5655420454628167	0.5701025730285152	0.5333341263662165	0.5501449483696303	0.5658156178644118	0.5675258634646965	0.5639976213727298	0.5669369376578216	0.5425984912934234	0.5454621293627477	0.5336713995943204	0.5403756327254696	0.5712017297881685	0.5382510957275521	0.5653209136283421	0.5387704161586421	0.5718976005644629	0.5592172858200551	0.5530855430659716	0.5484908897139301	0.5698358504089592	0.5243179122182681	0.5572027266298318
hu	0.5180722891566265	0.5512043725452498	0.5037837837837837	0.533713200379867	0.5767754131530729	0.534623497948108	0.5680485419276031	0.5214723662111151	0.5406916575591257	0.5374123178706894	0.564988130193546	0.5655420454628167	1.0	0.5679536253303384	0.5390756797476304	0.5529363641713169	0.5671701211956444	0.5634307779810073	0.5620275930393868	0.5518352550224057	0.5345459428262603	0.5531781534623714	0.5411415154296533	0.5464734554389429	0.5741835731071934	0.5450377841305792	0.5673545131612518	0.5295829291949564	0.5697722634548111	0.5649185390729573	0.5587655702578617	0.5398148148148149	0.5668447519917754	0.5212435233160622	0.5608477927392884
id	0.5130208333333334	0.5449164115327856	0.502724795640327	0.5275142314990512	0.569213437998778	0.5493989894999348	0.5688928299353634	0.5331701024852729	0.5584899039778295	0.5532826195963558	0.5781888198860948	0.5701025730285152	0.5679536253303384	1.0	0.5567270497381873	0.57034583695024	0.5807982941202409	0.5533773379244707	0.554878676552921	0.5492894994663906	0.5267003668448104	0.5714627079661878	0.5552161339687306	0.5662717366697295	0.5706831119544592	0.5623988314039127	0.5706284681811665	0.5243589743589743	0.5730664191966062	0.5769432745441087	0.5778858774140955	0.5316251564989307	0.5825532887887973	0.5142667551426675	0.5742974244519363
it	0.5052050138092202	0.5192304405497928	0.500752850075285	0.5105352026530164	0.5425592498400762	0.6022045196383973	0.5375660971589209	0.5889255498032429	0.6114453817580069	0.6031463461431953	0.5742799039039128	0.5333341263662165	0.5390756797476304	0.5567270497381873	1.0	0.5866400104913908	0.5682034490991891	0.5235117825444936	0.5265944171177361	0.5218154929512219	0.5091890430426239	0.5964990584407428	0.6005443673977274	0.6091667248098123	0.5401715609192331	0.5928972535076512	0.5395351251493552	0.5083474187548414	0.5466263492556496	0.5614094552710375	0.583857226806948	0.512041884816754	0.55665366891459	0.5046948356807511	0.5775092053292619
ja	0.5084395452979676	0.5286678275081945	0.5014064697609002	0.5161071549677857	0.55962791744384	0.579269797177769	0.5553056456668362	0.5603520700815563	0.5902323837665678	0.5838128818439758	0.586958407418869	0.5501449483696303	0.5529363641713169	0.57034583695024	0.5866400104913908	1.0	0.5895376198163038	0.5348324718978544	0.538866128444484	0.5325417936896729	0.5157068423153395	0.5917268672572276	0.5844837665907509	0.5949419540493186	0.55434809228425	0.58396709370037	0.5535471790426549	0.5143633152510385	0.5664079877046755	0.5721313547800706	0.5946272184527972	0.5191887316410269	0.5737290519867156	0.5078097882679625	0.5912039511207865
ko	0.513233025270764	0.5394838341886046	0.5022246941045606	0.524134312696747	0.5750651753809035	0.5595330161788817	0.5693029420302183	0.540983228029157	0.5706984514867384	0.5656356367044382	0.5927438019616562	0.5658156178644118	0.5671701211956444	0.5807982941202409	0.5682034490991891	0.5895376198163038	1.0	0.5475050889156	0.5501960079340487	0.5441653897253155	0.5232954459385083	0.5823185046389309	0.5659302193140042	0.5784403801407062	0.5726347282912159	0.5734104354112842	0.5705668270427224	0.5212490258209043	0.5837305180832996	0.5832664870778905	0.5904617110069734	0.5266701581967824	0.587363651860404	0.5119825708061002	0.5900550287352705
lv	0.5234782608695653	0.5588599752168526	0.5050301810865191	0.5534290271132376	0.5642591871379138	0.5195238594058794	0.5697798521799384	0.5119545082787031	0.5237599721288612	0.5217634153366802	0.5450616504833241	0.5675258634646965	0.5634307779810073	0.5533773379244707	0.5235117825444936	0.5348324718978544	0.5475050889156	1.0	0.5699361289599649	0.5680847777768184	0.5524877111167129	0.5327273998576458	0.524251392651992	0.5274726865104774	0.5683429745593752	0.5268308943279532	0.5604194968651666	0.5475397079253533	0.5585842980678558	0.5480152338833395	0.5384779346061035	0.5476190476190476	0.5553974269934187	0.5373134328358209	0.54042343540943
mk	0.5233785822021116	0.5587253951083766	0.5059625212947189	0.5435684647302904	0.5605354385346252	0.5223251835451214	0.5688646711182028	0.5138551190362756	0.5269910012446318	0.5251082656812349	0.5494696239806718	0.5639976213727298	0.5620275930393868	0.554878676552921	0.5265944171177361	0.538866128444484	0.5501960079340487	0.5699361289599649	1.0	0.5555167731806913	0.5381562321928499	0.536048617750002	0.5265910716148061	0.5314813486565151	0.5702991249260646	0.5302814359719266	0.5615926374496795	0.5391298130206285	0.5612079186855942	0.5518923802773212	0.5443980279367001	0.5383615084525357	0.5568157341029581	0.5301587301587302	0.5453863155653053
ml	0.5217391304347826	0.5534524768109425	0.5074626865671642	0.5470306916234671	0.5522792704867429	0.5179358390428688	0.5519737519678668	0.5112336660163886	0.5221132594895317	0.5201576803155348	0.5381602979481348	0.5669369376578216	0.5518352550224057	0.5492894994663906	0.5218154929512219	0.5325417936896729	0.5441653897253155	0.5680847777768184	0.5555167731806913	1.0	0.5519992279731077	0.5293602103418055	0.5213711383834109	0.5251471411294215	0.5592680986475735	0.524587023387949	0.5546348360347974	0.547984916642134	0.5537376214536446	0.5408594785564903	0.5343380257454201	0.555915511209019	0.5486122270885124	0.5402750491159136	0.5369270131929053
mr	0.534965034965035	0.5413563628716477	0.515	0.5467032967032968	0.5307212822796081	0.5080431324023333	0.5350869276525214	0.5047436203265966	0.5096094234345939	0.5088176126456057	0.5198192704514825	0.5425984912934234	0.5345459428262603	0.5267003668448104	0.5091890430426239	0.5157068423153395	0.5232954459385083	0.5524877111167129	0.5381562321928499	0.5519992279731077	1.0	0.5135066491285186	0.5096458118770258	0.5110252708969106	0.5348399246704332	0.5109642743136212	0.5316858753165676	0.5518168194586854	0.5333500873876241	0.522083805209513	0.5167382246367402	0.5633868997274691	0.5283837643142005	0.5622489959839357	0.5191412823656496
nl	0.5075827917053544	0.5277300027610592	0.5011030570438072	0.5146520146520147	0.5578836954632139	0.5886716554882429	0.5503569175847939	0.5656193290197331	0.5979664520236473	0.5928208582532029	0.5878557304629927	0.5454621293627477	0.5531781534623714	0.5714627079661878	0.5964990584407428	0.5917268672572276	0.5823185046389309	0.5327273998576458	0.536048617750002	0.5293602103418055	0.5135066491285186	1.0	0.5916065427081001	0.5991028546493387	0.5526743765048827	0.5912614000500634	0.5522460656264454	0.5124621241509464	0.5610606057827328	0.574177635586053	0.5984176652983624	0.5175014860836091	0.5702792983701529	0.5070115300716734	0.5861181291633139
pl	0.5054024255788313	0.5200531348860734	0.5008936550491511	0.5105918322777899	0.5421782185105981	0.6043440027779802	0.5387150759477691	0.5850919472677756	0.6058921993427884	0.5983541352801681	0.5732157151345362	0.5336713995943204	0.5411415154296533	0.5552161339687306	0.6005443673977274	0.5844837665907509	0.5659302193140042	0.524251392651992	0.5265910716148061	0.5213711383834109	0.5096458118770258	0.5916065427081001	1.0	0.5980901796222905	0.5403756800794082	0.5892585869937809	0.5400759156532345	0.5089872862779483	0.545949103318073	0.5616707050350751	0.58026044273895	0.512398782228432	0.5556520388062746	0.5048737261852015	0.5744427336314007
pt	0.5060385169046019	0.5226705249718533	0.500999500249875	0.5121891760117016	0.5495576860729008	0.5953178276094894	0.5442712568493516	0.5804315037732566	0.6126541970414956	0.6005873831037777	0.5842302306897477	0.5403756327254696	0.5464734554389429	0.5662717366697295	0.6091667248098123	0.5949419540493186	0.5784403801407062	0.5274726865104774	0.5314813486565151	0.5251471411294215	0.5110252708969106	0.5991028546493387	0.5980901796222905	1.0	0.548714576016803	0.5970515774297398	0.5466286925311733	0.5104095159909694	0.5554072059204922	0.5688993169842969	0.5931341752774039	0.5142995637421232	0.5675788459899609	0.5054455445544555	0.5862028895338293
ro	0.5216110019646365	0.5487510072522159	0.5041928721174004	0.5357474466109563	0.57456788688785	0.5354588149686544	0.5765336938638058	0.522054048634007	0.5410806867842348	0.5388014634605811	0.5673675302278822	0.5712017297881685	0.5741835731071934	0.5706831119544592	0.5401715609192331	0.55434809228425	0.5726347282912159	0.5683429745593752	0.5702991249260646	0.5592680986475735	0.5348399246704332	0.5526743765048827	0.5403756800794082	0.548714576016803	1.0	0.5466239559119849	0.5701522542621205	0.5307473982970672	0.5741755225686958	0.5701754385964912	0.5609775953908204	0.536322869955157	0.5713549573111573	0.5211267605633803	0.5618363727928618
ru	0.5062135429875729	0.5229565983296881	0.5010298661174047	0.5122930255895635	0.547393124079299	0.5880086428894914	0.5425151781495442	0.5744153079833039	0.59652709422442	0.5885260387876297	0.5759039679078422	0.5382510957275521	0.5450377841305792	0.5623988314039127	0.5928972535076512	0.58396709370037	0.5734104354112842	0.5268308943279532	0.5302814359719266	0.524587023387949	0.5109642743136212	0.5912614000500634	0.5892585869937809	0.5970515774297398	0.5466239559119849	1.0	0.5454258970789472	0.5105846774193549	0.5508016292990114	0.5680641808999045	0.5836053071381958	0.5145921676228485	0.5622625775339019	0.5057383320581484	0.576213614401229
sh	0.5193316108041282	0.5649649376159065	0.5031645569620253	0.5345149253731344	0.5686787515692865	0.5334919721886258	0.5678842045690385	0.5217804991597943	0.5402453054099533	0.5367910557744455	0.565628203744765	0.5653209136283421	0.5673545131612518	0.5706284681811665	0.5395351251493552	0.5535471790426549	0.5705668270427224	0.5604194968651666	0.5615926374496795	0.5546348360347974	0.5316858753165676	0.5522460656264454	0.5400759156532345	0.5466286925311733	0.5701522542621205	0.5454258970789472	1.0	0.5321146738986998	0.5723622692064205	0.5955746875224779	0.5603469837511044	0.5375565610859728	0.5674745404093886	0.5212981744421906	0.5600237627903811
si	0.5328467153284672	0.5434505325582785	0.5161290322580645	0.5533141210374639	0.5273052820053715	0.5074336283185841	0.531219028741328	0.5043974198493917	0.5089156264426251	0.50814332247557	0.5187783767161696	0.5387704161586421	0.5295829291949564	0.5243589743589743	0.5083474187548414	0.5143633152510385	0.5212490258209043	0.5475397079253533	0.5391298130206285	0.547984916642134	0.5518168194586854	0.5124621241509464	0.5089872862779483	0.5104095159909694	0.5307473982970672	0.5105846774193549	0.5321146738986998	1.0	0.5301204819277109	0.5216647662485747	0.5154485019571491	0.5461538461538461	0.5246913431297274	0.5588235294117647	0.5179138214656973
simple	0.515970515970516	0.5478358412579709	0.5030355594102341	0.5318646734854445	0.5769857147885349	0.5395972910474996	0.57270871395559	0.5269276637646386	0.5472785334550023	0.5448902739767145	0.5770360451394819	0.5718976005644629	0.5697722634548111	0.5730664191966062	0.5466263492556496	0.5664079877046755	0.5837305180832996	0.5585842980678558	0.5612079186855942	0.5537376214536446	0.5333500873876241	0.5610606057827328	0.545949103318073	0.5554072059204922	0.5741755225686958	0.5508016292990114	0.5723622692064205	0.5301204819277109	1.0	0.5690012233897495	0.5699902068694811	0.5349194167306217	0.5789812427752518	0.5180520570948783	0.5742259930484447
sr	0.5133410672853828	0.5435706526897482	0.5024067388688327	0.5230337078651686	0.5654123786172153	0.5538667623089212	0.5626801329671325	0.5373431443848867	0.5638223574890602	0.5570215159174492	0.5809917268385751	0.5592172858200551	0.5649185390729573	0.5769432745441087	0.5614094552710375	0.5721313547800706	0.5832664870778905	0.5480152338833395	0.5518923802773212	0.5408594785564903	0.522083805209513	0.574177635586053	0.5616707050350751	0.5688993169842969	0.5701754385964912	0.5680641808999045	0.5955746875224779	0.5216647662485747	0.5690012233897495	1.0	0.5782071694914809	0.5272032239676966	0.5719582575536741	0.5126396237507349	0.5768992185283865
sv	0.5093457943925234	0.5331593580030208	0.5013949780789159	0.5175840978593271	0.567234994957576	0.5761861573211998	0.5587663599533012	0.554341236649804	0.5868715134355279	0.5823222405576226	0.5946238449577711	0.5530855430659716	0.5587655702578617	0.5778858774140955	0.583857226806948	0.5946272184527972	0.5904617110069734	0.5384779346061035	0.5443980279367001	0.5343380257454201	0.5167382246367402	0.5984176652983624	0.58026044273895	0.5931341752774039	0.5609775953908204	0.5836053071381958	0.5603469837511044	0.5154485019571491	0.5699902068694811	0.5782071694914809	1.0	0.5204938575819076	0.5755057363309243	0.5088408644400786	0.5881677204611577
te	0.5304347826086956	0.5423452768729642	0.5076335877862596	0.5452380952380952	0.5318606627017842	0.5104587801019511	0.5380281690140845	0.506218286737638	0.51233218084448	0.5112167300380228	0.524747496310417	0.5484908897139301	0.5398148148148149	0.5316251564989307	0.512041884816754	0.5191887316410269	0.5266701581967824	0.5476190476190476	0.5383615084525357	0.555915511209019	0.5633868997274691	0.5175014860836091	0.512398782228432	0.5142995637421232	0.536322869955157	0.5145921676228485	0.5375565610859728	0.5461538461538461	0.5349194167306217	0.5272032239676966	0.5204938575819076	1.0	0.5308868501529052	0.5396825396825397	0.523347228804125
vi	0.5134615384615385	0.5431182181610508	0.5023411371237458	0.5270690728064716	0.5664845173041895	0.549034450956867	0.5667103754654083	0.5346656417355069	0.5600858837145102	0.5550909887052643	0.5824017332923555	0.5698358504089592	0.5668447519917754	0.5825532887887973	0.55665366891459	0.5737290519867156	0.587363651860404	0.5553974269934187	0.5568157341029581	0.5486122270885124	0.5283837643142005	0.5702792983701529	0.5556520388062746	0.5675788459899609	0.5713549573111573	0.5622625775339019	0.5674745404093886	0.5246913431297274	0.5789812427752518	0.5719582575536741	0.5755057363309243	0.5308868501529052	1.0	0.5143603133159269	0.5816789045396029
war	0.5364583333333334	0.5382978723404256	0.53	0.5539033457249071	0.52	0.5040157058718544	0.5227995758218451	0.5022565439775348	0.5047002297890119	0.504349507055867	0.510038240917782	0.5243179122182681	0.5212435233160622	0.5142667551426675	0.5046948356807511	0.5078097882679625	0.5119825708061002	0.5373134328358209	0.5301587301587302	0.5402750491159136	0.5622489959839357	0.5070115300716734	0.5048737261852015	0.5054455445544555	0.5211267605633803	0.5057383320581484	0.5212981744421906	0.5588235294117647	0.5180520570948783	0.5126396237507349	0.5088408644400786	0.5396825396825397	0.5143603133159269	1.0	0.5096607986260198
zh	0.5097706032285472	0.53477326354983	0.5015353892036147	0.5191763051087097	0.5674894458121713	0.566204525107391	0.5611281263265728	0.5511377992472051	0.5798115326382671	0.5721953701662197	0.5893137178101104	0.5572027266298318	0.5608477927392884	0.5742974244519363	0.5775092053292619	0.5912039511207865	0.5900550287352705	0.54042343540943	0.5453863155653053	0.5369270131929053	0.5191412823656496	0.5861181291633139	0.5744427336314007	0.5862028895338293	0.5618363727928618	0.576213614401229	0.5600237627903811	0.5179138214656973	0.5742259930484447	0.5768992185283865	0.5881677204611577	0.523347228804125	0.5816789045396029	0.5096607986260198	1.0
