arz	bs	ceb	ckb	da	de	el	en	es	fr	he	hi	hu	id	it	ja	ko	lv	mk	ml	mr	nl	pl	pt	ro	ru	sh	si	simple	sr	sv	te	vi	war	zh
arz	1.0	1.0	0.0	0.0	1.0	1.0	1.0	0.585786437626905	1.0	0.0	1.0	0.0	1.0	1.0	1.0	0.4364916731037085	1.0	1.0	1.0	0.0	0.0	0.585786437626905	1.0	1.0	0.5	1.0	1.0	0.0	1.0	1.0	1.0	0.0	1.0	0.0	0.585786437626905
bs	1.0	1.0	0.0	1.0	0.585786437626905	0.585786437626905	0.39564392373896007	0.08822310998731349	0.09422857628619623	0.0	0.3266316347104093	1.0	1.0	0.39564392373896007	0.11095712420259576	0.3726822671238253	0.585786437626905	0.585786437626905	0.39564392373896007	1.0	1.0	0.585786437626905	0.18200213598171075	0.22901628833426058	0.37198994904042215	0.1886378647726465	0.585786437626905	1.0	0.39564392373896007	0.39564392373896007	0.5	1.0	1.0	0.585786437626905	0.2857142857142857
ceb	0.0	0.0	1.0	0.0	1.0	1.0	1.0	1.0	1.0	0.0	1.0	0.0	0.0	0.0	1.0	1.0	1.0	1.0	0.0	0.0	0.0	1.0	1.0	1.0	1.0	1.0	1.0	0.0	0.0	0.0	1.0	0.0	1.0	0.0	1.0
ckb	0.0	1.0	0.0	1.0	1.0	1.0	1.0	1.0	1.0	0.0	1.0	1.0	1.0	1.0	1.0	1.0	1.0	1.0	1.0	1.0	1.0	1.0	1.0	1.0	0.585786437626905	1.0	1.0	1.0	1.0	1.0	1.0	1.0	0.585786437626905	1.0	1.0
da	1.0	0.585786437626905	1.0	1.0	1.0	0.17491720310721423	0.27429188517743175	0.02680712379246011	0.07654247995781949	0.0	0.24660605559646726	1.0	0.3660254037844386	0.28708594921778513	0.09741331900665047	0.08727128623978311	0.30552726787943424	0.2742918851774318	0.5	0.40453726661826384	1.0	0.08584469403540311	0.15005517928114134	0.14415097937281632	0.05476465885358035	0.06983650301937609	0.3090169943749474	1.0	0.585786437626905	0.5	0.0611244098840078	1.0	0.21383398577331436	1.0	0.15990865468516838
de	1.0	0.585786437626905	1.0	1.0	0.17491720310721423	1.0	0.09545367333767689	0.0024973423883970962	0.04372866905757409	0.0	0.13460579770236292	1.0	0.24828371682826425	0.06676064632867636	0.014435588616516712	0.011842750894209336	0.2989350844248255	0.2898979485566356	0.5	0.07240172877910842	1.0	0.01373509697290097	0.02387438282944818	0.05060606185693453	0.01700984957079512	0.005995135221678194	0.18933139574356017	1.0	0.585786437626905	0.15571044664402758	0.0566430310518161	1.0	0.1518442389903171	0.585786437626905	0.02965068969354041
el	1.0	0.39564392373896007	1.0	1.0	0.27429188517743175	0.09545367333767689	1.0	0.008676836223390286	0.02782160655656639	0.0	0.13828122551400807	1.0	0.3203772410170407	0.06525119643094716	0.02914643020949923	0.08788466552584295	0.2989350844248255	0.24660605559646726	0.36602540378443865	0.17680239832361655	1.0	0.07122010453078931	0.045001940983652254	0.07691022906231154	0.036743818927331716	0.04009730629173642	0.23582845781094	1.0	0.585786437626905	0.31997080851657483	0.14285714285714285	1.0	0.17959755051175705	1.0	0.09657969325936246
en	0.585786437626905	0.08822310998731349	1.0	1.0	0.02680712379246011	0.0024973423883970962	0.008676836223390286	1.0	0.0008245617923962838	0.5	0.013885136183203237	0.3597752501562547	0.08428091998291633	0.011521195361955984	0.004194345686889293	0.006302114792586571	0.17411239489546831	0.07312381353583107	0.23874775399470888	0.005981763402818972	1.0	0.005665618682114712	0.0034885715064035994	0.003694221836595098	0.00628971053419144	0.008012867420339765	0.06354781473687626	1.0	0.13402267464196424	0.0802095397791549	0.0055161291218346325	1.0	0.06768050681901318	1.0	0.0064418107904269635
es	1.0	0.09422857628619623	1.0	1.0	0.07654247995781949	0.04372866905757409	0.02782160655656639	0.0008245617923962838	1.0	1.0	0.09575966332109863	1.0	0.16265941452915686	0.020855195256448845	0.0011359925887933667	0.006681447435526379	0.38742588672279304	0.27429188517743175	1.0	0.01090371940984015	1.0	0.0032532858871637143	0.0017922940660129746	0.004301678797468028	0.010620448816884087	0.0020239838150655767	0.1757340838011157	1.0	0.23166247903554	0.1051817830274855	0.0092818585157576	1.0	0.09174737048053264	1.0	0.008295228467769821
fr	0.0	0.0	0.0	0.0	0.0	0.0	0.0	0.5	1.0	1.0	0.0	0.0	0.0	0.0	0.585786437626905	0.0	0.0	0.0	0.0	0.0	0.0	1.0	1.0	1.0	0.0	1.0	0.0	0.0	0.0	0.0	0.0	0.0	0.0	0.0	1.0
he	1.0	0.3266316347104093	1.0	1.0	0.24660605559646726	0.13460579770236292	0.13828122551400807	0.013885136183203237	0.09575966332109863	0.0	1.0	1.0	0.3203772410170407	0.07531763179424378	0.06112912571279594	0.060222794869817395	0.27429188517743175	0.3333333333333333	1.0	0.25	1.0	0.09047160424327412	0.08327886194211065	0.09640567740823355	0.02833112501110074	0.05389763989013884	0.18594358782685685	1.0	0.38742588672279304	0.18224834383921729	0.13122197716763584	1.0	0.17411239489546831	1.0	0.03551520688828572
hi	0.0	1.0	0.0	1.0	1.0	1.0	1.0	0.3597752501562547	1.0	0.0	1.0	1.0	1.0	0.585786437626905	0.5	1.0	1.0	1.0	1.0	0.585786437626905	1.0	1.0	1.0	1.0	1.0	0.585786437626905	1.0	1.0	1.0	1.0	1.0	1.0	1.0	1.0	1.0
hu	1.0	1.0	0.0	1.0	0.3660254037844386	0.24828371682826425	0.3203772410170407	0.08428091998291633	0.16265941452915686	0.0	0.3203772410170407	1.0	1.0	0.3726822671238253	0.14794976728674608	0.19109139085905577	1.0	0.36602540378443865	1.0	0.38742588672279304	1.0	0.16507106312533584	0.14939725042481403	0.2674788903885893	0.13623334167497306	0.12481442192361682	0.38742588672279304	1.0	0.4142135623730951	0.5	0.18660549686337075	1.0	0.44948974278317805	1.0	0.2674788903885893
id	1.0	0.39564392373896007	0.0	1.0	0.28708594921778513	0.06676064632867636	0.06525119643094716	0.011521195361955984	0.020855195256448845	0.0	0.07531763179424378	0.585786437626905	0.3726822671238253	1.0	0.01946554233001689	0.04262587794025175	0.38742588672279304	0.17050763999009447	0.3266316347104093	0.12200090654648617	1.0	0.035138628741092456	0.027244720388810408	0.028073568302405292	0.12646435997547026	0.01924156450266802	0.14222385981363703	0.585786437626905	0.12245313090705261	0.3660254037844386	0.10035666143699594	1.0	0.1975496259559987	1.0	0.038582879302117776
it	1.0	0.11095712420259576	1.0	1.0	0.09741331900665047	0.014435588616516712	0.02914643020949923	0.004194345686889293	0.0011359925887933667	0.585786437626905	0.06112912571279594	0.5	0.14794976728674608	0.01946554233001689	1.0	0.006526584058189449	0.2674788903885893	0.16903426192449822	0.5	0.007195739126111885	1.0	0.00315227902473764	0.002563395946606742	0.004156920579660344	0.010420024232135061	0.0025813545105412327	0.12256538371419255	1.0	0.25355482027512377	0.10603224608743628	0.014265229281916505	1.0	0.09098248000576202	1.0	0.010136138502177556
ja	0.4364916731037085	0.3726822671238253	1.0	1.0	0.08727128623978311	0.011842750894209336	0.08788466552584295	0.006302114792586571	0.006681447435526379	0.0	0.060222794869817395	1.0	0.19109139085905577	0.04262587794025175	0.006526584058189449	1.0	0.11169456803684231	0.07886144248451316	0.44948974278317805	0.1065338436391439	1.0	0.01049472817370439	0.008331704164977636	0.010656239493040842	0.023584221482866683	0.006943208498258934	0.10074938846606682	1.0	0.14146178098635465	0.18024799290032545	0.03692366406897906	1.0	0.09405973691977833	0.5	0.018015294964682266
ko	1.0	0.585786437626905	1.0	1.0	0.30552726787943424	0.2989350844248255	0.2989350844248255	0.17411239489546831	0.38742588672279304	0.0	0.27429188517743175	1.0	1.0	0.38742588672279304	0.2674788903885893	0.11169456803684231	1.0	0.585786437626905	0.585786437626905	0.32881309020609956	1.0	0.2632403810669918	0.34833147735478825	0.33333333333333326	0.062390994130063826	0.22772999919644132	0.4142135623730951	1.0	0.5	0.4142135623730951	0.2674788903885893	1.0	0.3126480851423008	1.0	0.2211722256431405
lv	1.0	0.585786437626905	1.0	1.0	0.2742918851774318	0.2898979485566356	0.24660605559646726	0.07312381353583107	0.27429188517743175	0.0	0.3333333333333333	1.0	0.36602540378443865	0.17050763999009447	0.16903426192449822	0.07886144248451316	0.585786437626905	1.0	1.0	0.5	1.0	0.17768887145983384	0.1697658291072176	0.3090169943749474	0.059951783361285045	0.1157725492719721	0.4142135623730951	1.0	0.585786437626905	0.38742588672279304	0.12789210656028413	1.0	0.39564392373896	1.0	0.1437155838813476
mk	1.0	0.39564392373896007	0.0	1.0	0.5	0.5	0.36602540378443865	0.23874775399470888	1.0	0.0	1.0	1.0	1.0	0.3266316347104093	0.5	0.44948974278317805	0.585786437626905	1.0	1.0	0.585786437626905	1.0	0.26427884169111276	1.0	1.0	0.353889367864523	0.44948974278317805	0.5	1.0	1.0	1.0	0.29429805508554946	1.0	0.4364916731037085	1.0	1.0
ml	0.0	1.0	0.0	1.0	0.40453726661826384	0.07240172877910842	0.17680239832361655	0.005981763402818972	0.01090371940984015	0.0	0.25	0.585786437626905	0.38742588672279304	0.12200090654648617	0.007195739126111885	0.1065338436391439	0.32881309020609956	0.5	0.585786437626905	1.0	1.0	0.022671006877704788	0.023065726425998308	0.027231198973703834	0.06676857429666555	0.011865976060362347	0.44948974278317805	0.585786437626905	0.3430703308172536	0.5	0.2553967929896867	1.0	0.33758863487836305	1.0	0.09101813915730843
mr	0.0	1.0	0.0	1.0	1.0	1.0	1.0	1.0	1.0	0.0	1.0	1.0	1.0	1.0	1.0	1.0	1.0	1.0	1.0	1.0	1.0	1.0	1.0	1.0	1.0	1.0	1.0	1.0	1.0	1.0	1.0	1.0	1.0	1.0	1.0
nl	0.585786437626905	0.585786437626905	1.0	1.0	0.08584469403540311	0.01373509697290097	0.07122010453078931	0.005665618682114712	0.0032532858871637143	1.0	0.09047160424327412	1.0	0.16507106312533584	0.035138628741092456	0.00315227902473764	0.01049472817370439	0.2632403810669918	0.17768887145983384	0.26427884169111276	0.022671006877704788	1.0	1.0	0.004797752366259938	0.019636998421169182	0.013802049113622537	0.004798639367671794	0.13270314018764212	1.0	0.2517564787261065	0.15730101423796208	0.017240749441847378	1.0	0.11708232189092518	1.0	0.015506534742494154
pl	1.0	0.18200213598171075	1.0	1.0	0.15005517928114134	0.02387438282944818	0.045001940983652254	0.0034885715064035994	0.0017922940660129746	1.0	0.08327886194211065	1.0	0.14939725042481403	0.027244720388810408	0.002563395946606742	0.008331704164977636	0.34833147735478825	0.1697658291072176	1.0	0.023065726425998308	1.0	0.004797752366259938	1.0	0.025219917733502375	0.012382326488846285	0.003176348146273615	0.17491720310721423	1.0	0.3380788308512194	0.1522533299982135	0.023559135456351406	1.0	0.11956452127655066	1.0	0.016010731271727745
pt	1.0	0.22901628833426058	1.0	1.0	0.14415097937281632	0.05060606185693453	0.07691022906231154	0.003694221836595098	0.004301678797468028	1.0	0.09640567740823355	1.0	0.2674788903885893	0.028073568302405292	0.004156920579660344	0.010656239493040842	0.33333333333333326	0.3090169943749474	1.0	0.027231198973703834	1.0	0.019636998421169182	0.025219917733502375	1.0	0.015158438541187036	0.006081545024323224	0.16202097927744855	1.0	0.44948974278317805	0.1579076829724488	0.0750310586545001	1.0	0.11228770976294224	1.0	0.02725525052616873
ro	0.5	0.37198994904042215	1.0	0.585786437626905	0.05476465885358035	0.01700984957079512	0.036743818927331716	0.00628971053419144	0.010620448816884087	0.0	0.02833112501110074	1.0	0.13623334167497306	0.12646435997547026	0.010420024232135061	0.023584221482866683	0.062390994130063826	0.059951783361285045	0.353889367864523	0.06676857429666555	1.0	0.013802049113622537	0.012382326488846285	0.015158438541187036	1.0	0.010145644079492802	0.04389164529545511	0.585786437626905	0.20521309615767264	0.1346057977023629	0.028140271612259668	0.585786437626905	0.062360777088465096	0.585786437626905	0.02320566404440795
ru	1.0	0.1886378647726465	1.0	1.0	0.06983650301937609	0.005995135221678194	0.04009730629173642	0.008012867420339765	0.0020239838150655767	1.0	0.05389763989013884	0.585786437626905	0.12481442192361682	0.01924156450266802	0.0025813545105412327	0.006943208498258934	0.22772999919644132	0.1157725492719721	0.44948974278317805	0.011865976060362347	1.0	0.004798639367671794	0.003176348146273615	0.006081545024323224	0.010145644079492802	1.0	0.10275248635596666	1.0	0.21551468935838852	0.09253670219521411	0.01204477639901519	1.0	0.08790239010170862	1.0	0.011591070839174758
sh	1.0	0.585786437626905	1.0	1.0	0.3090169943749474	0.18933139574356017	0.23582845781094	0.06354781473687626	0.1757340838011157	0.0	0.18594358782685685	1.0	0.38742588672279304	0.14222385981363703	0.12256538371419255	0.10074938846606682	0.4142135623730951	0.4142135623730951	0.5	0.44948974278317805	1.0	0.13270314018764212	0.17491720310721423	0.16202097927744855	0.04389164529545511	0.10275248635596666	1.0	1.0	0.585786437626905	0.1886378647726465	0.1907435698305462	1.0	0.26533119314590375	1.0	0.08198254773867346
si	0.0	1.0	0.0	1.0	1.0	1.0	1.0	1.0	1.0	0.0	1.0	1.0	1.0	0.585786437626905	1.0	1.0	1.0	1.0	1.0	0.585786437626905	1.0	1.0	1.0	1.0	0.585786437626905	1.0	1.0	1.0	1.0	1.0	1.0	1.0	1.0	1.0	1.0
simple	1.0	0.39564392373896007	0.0	1.0	0.585786437626905	0.585786437626905	0.585786437626905	0.13402267464196424	0.23166247903554	0.0	0.38742588672279304	1.0	0.4142135623730951	0.12245313090705261	0.25355482027512377	0.14146178098635465	0.5	0.585786437626905	1.0	0.3430703308172536	1.0	0.2517564787261065	0.3380788308512194	0.44948974278317805	0.20521309615767264	0.21551468935838852	0.585786437626905	1.0	1.0	0.5	0.28989794855663564	1.0	0.585786437626905	1.0	0.22901628833426058
sr	1.0	0.39564392373896007	0.0	1.0	0.5	0.15571044664402758	0.31997080851657483	0.0802095397791549	0.1051817830274855	0.0	0.18224834383921729	1.0	0.5	0.3660254037844386	0.10603224608743628	0.18024799290032545	0.4142135623730951	0.38742588672279304	1.0	0.5	1.0	0.15730101423796208	0.1522533299982135	0.1579076829724488	0.1346057977023629	0.09253670219521411	0.1886378647726465	1.0	0.5	1.0	0.2674788903885893	1.0	0.3597752501562547	0.585786437626905	0.18594358782685683
sv	1.0	0.5	1.0	1.0	0.0611244098840078	0.0566430310518161	0.14285714285714285	0.0055161291218346325	0.0092818585157576	0.0	0.13122197716763584	1.0	0.18660549686337075	0.10035666143699594	0.014265229281916505	0.03692366406897906	0.2674788903885893	0.12789210656028413	0.29429805508554946	0.2553967929896867	1.0	0.017240749441847378	0.023559135456351406	0.0750310586545001	0.028140271612259668	0.01204477639901519	0.1907435698305462	1.0	0.28989794855663564	0.2674788903885893	1.0	0.585786437626905	0.1797153602962883	0.585786437626905	0.0721028977468632
te	0.0	1.0	0.0	1.0	1.0	1.0	1.0	1.0	1.0	0.0	1.0	1.0	1.0	1.0	1.0	1.0	1.0	1.0	1.0	1.0	1.0	1.0	1.0	1.0	0.585786437626905	1.0	1.0	1.0	1.0	1.0	0.585786437626905	1.0	1.0	1.0	1.0
vi	1.0	1.0	1.0	0.585786437626905	0.21383398577331436	0.1518442389903171	0.17959755051175705	0.06768050681901318	0.09174737048053264	0.0	0.17411239489546831	1.0	0.44948974278317805	0.1975496259559987	0.09098248000576202	0.09405973691977833	0.3126480851423008	0.39564392373896	0.4364916731037085	0.33758863487836305	1.0	0.11708232189092518	0.11956452127655066	0.11228770976294224	0.062360777088465096	0.08790239010170862	0.26533119314590375	1.0	0.585786437626905	0.3597752501562547	0.1797153602962883	1.0	1.0	1.0	0.10345569527736058
war	0.0	0.585786437626905	0.0	1.0	1.0	0.585786437626905	1.0	1.0	1.0	0.0	1.0	1.0	1.0	1.0	1.0	0.5	1.0	1.0	1.0	1.0	1.0	1.0	1.0	1.0	0.585786437626905	1.0	1.0	1.0	1.0	0.585786437626905	0.585786437626905	1.0	1.0	1.0	1.0
zh	0.585786437626905	0.2857142857142857	1.0	1.0	0.15990865468516838	0.02965068969354041	0.09657969325936246	0.0064418107904269635	0.008295228467769821	1.0	0.03551520688828572	1.0	0.2674788903885893	0.038582879302117776	0.010136138502177556	0.018015294964682266	0.2211722256431405	0.1437155838813476	1.0	0.09101813915730843	1.0	0.015506534742494154	0.016010731271727745	0.02725525052616873	0.02320566404440795	0.011591070839174758	0.08198254773867346	1.0	0.22901628833426058	0.18594358782685683	0.0721028977468632	1.0	0.10345569527736058	1.0	1.0
