arz	bs	ceb	ckb	da	de	el	en	es	fr	he	hi	hu	id	it	ja	ko	lv	mk	ml	mr	nl	pl	pt	ro	ru	sh	si	simple	sr	sv	te	vi	war	zh
arz	1.0	1.0	0.0	1.0	1.0	1.0	1.0	1.0	1.0	1.0	1.0	1.0	1.0	1.0	1.0	1.0	1.0	1.0	0.0	1.0	0.0	1.0	1.0	1.0	1.0	1.0	1.0	0.0	1.0	0.8216064286890065	1.0	0.0	1.0	1.0	1.0
bs	1.0	1.0	1.0	1.0	0.7411828468492555	0.3906803544418061	1.0	0.6827110182083863	0.3906803544418061	0.7322034805959264	0.7347168825662657	1.0	0.7510341748895938	0.5781771825885356	0.6064953204791893	0.7322034805959264	0.7322034805959264	1.0	1.0	1.0	1.0	0.7347168825662657	0.6518155124769264	0.5402379989224843	1.0	0.7347168825662657	0.534519464151126	0.0	0.7411828468492555	0.6499913553099703	0.6093096912777514	1.0	1.0	1.0	0.7322034805959264
ceb	0.0	1.0	1.0	1.0	1.0	1.0	1.0	1.0	1.0	1.0	1.0	1.0	1.0	1.0	1.0	1.0	1.0	1.0	0.0	1.0	0.0	1.0	1.0	1.0	1.0	0.0	1.0	0.0	1.0	1.0	1.0	1.0	1.0	0.0	1.0
ckb	1.0	1.0	1.0	1.0	1.0	0.40105550461749023	1.0	0.6146048443847241	1.0	0.6110569957520273	1.0	1.0	0.6128508099341461	0.7376607345031153	0.7322034805959264	1.0	1.0	0.7455134344225701	1.0	1.0	1.0	0.6740515375688697	0.6740515375688696	0.3680251964461756	1.0	1.0	0.3667099371025284	1.0	0.7376607345031153	0.5967586894542661	0.7322034805959263	1.0	1.0	1.0	1.0
da	1.0	0.7411828468492555	1.0	1.0	1.0	0.4197932376192703	1.0	0.200558161951884	0.39203801742381134	0.3289615947573342	0.6398385892358055	0.7248485669756152	0.4421990621958219	0.44628652627714316	0.3543711307494365	0.5967739643846041	0.6432357517002908	0.6667969795412325	1.0	1.0	0.7584325078215763	0.41078420515809483	0.3892052282832246	0.26162290859683635	0.6122131884607099	0.43235566411154713	0.43969751967155546	1.0	0.44038561640682317	0.35809833363214005	0.49064213859361916	1.0	0.718925811717485	1.0	0.6442100898340133
de	1.0	0.3906803544418061	1.0	0.40105550461749023	0.4197932376192703	1.0	0.6317124160853608	0.17588683571974467	0.2111857495002583	0.17563329587750656	0.3936562690566941	0.38071345204534834	0.34848596016260486	0.3060663869357161	0.15328910307109478	0.3417127400434073	0.3650494583033188	0.3637190853241266	0.4010555046174902	0.3915708835493018	0.43526109167898114	0.1705661318244752	0.24069971812563667	0.22639682233653477	0.44666218194571816	0.30551231747369895	0.3755012193778611	1.0	0.3080374456808149	0.2507219582010343	0.2059515070608374	0.40537003198728544	0.42500054597409653	1.0	0.3859275649039106
el	1.0	1.0	1.0	1.0	1.0	0.6317124160853608	1.0	0.30566034186947655	0.5184841374642783	0.576900500520282	1.0	1.0	0.5446978788357543	0.5615807088367776	0.4361848945559538	1.0	1.0	0.7322034805959263	1.0	1.0	1.0	0.5120518518382223	0.5549287818434789	0.27487904888783243	0.7221793916855703	1.0	0.45707974709465515	1.0	0.6126124094693751	0.5094587357798096	0.5322870716671166	1.0	1.0	1.0	1.0
en	1.0	0.6827110182083863	1.0	0.6146048443847241	0.200558161951884	0.17588683571974467	0.30566034186947655	1.0	0.15350118344046065	0.15390180556810618	0.22295520614544767	0.45834745896354684	0.3652226370769725	0.21159575773298198	0.1509915928555053	0.21438296415389746	0.24517438730368118	0.39880585823307046	0.26854015197959563	0.37636308373461685	0.7510341748895937	0.15611373343754237	0.16576841173155654	0.17586804433247746	0.3321584962670113	0.1975365121218957	0.2788976259562878	0.5455381281950756	0.2656100960470544	0.1755546554919293	0.15156362704377424	0.502636238548714	0.294027189926068	0.5020797777427737	0.21719971497003918
es	1.0	0.3906803544418061	1.0	1.0	0.39203801742381134	0.2111857495002583	0.5184841374642783	0.15350118344046065	1.0	0.18505878364022815	0.35131744748023114	0.5784261990869722	0.44975746290269913	0.2861689543767852	0.1706515267586068	0.3180800902922791	0.31871532061661145	0.5721026715027374	0.40105550461749023	0.6589257440209708	0.7510341748895938	0.22290441295332442	0.2216325146288408	0.20165969786321034	0.33681867179844976	0.29468306245245557	0.38942275491826156	1.0	0.3295114551190867	0.2696848698168859	0.1932398025019277	0.7322034805959263	0.45837700400231957	1.0	0.3509210807180434
fr	1.0	0.7322034805959264	1.0	0.6110569957520273	0.3289615947573342	0.17563329587750656	0.576900500520282	0.15390180556810618	0.18505878364022815	1.0	0.2739355579839183	0.583133552931004	0.3803773649484299	0.2771961124461705	0.15828472323223183	0.28011232299980404	0.30493707928007563	0.5166773517064975	1.0	0.612612409469375	1.0	0.18318543112413915	0.20094405815023558	0.18456644535395855	0.4406887924186688	0.2159960496746671	0.29938677115357326	1.0	0.3239602840552483	0.18934532254810763	0.176068895282327	1.0	0.4670294633573462	1.0	0.3085807773014138
he	1.0	0.7347168825662657	1.0	1.0	0.6398385892358055	0.3936562690566941	1.0	0.22295520614544767	0.35131744748023114	0.2739355579839183	1.0	1.0	0.44054904742168993	0.40964491962866545	0.24027651597926253	1.0	1.0	0.6589257440209709	1.0	1.0	1.0	0.31580187881430705	0.3864057914169228	0.21927979597527464	0.6037638397743438	0.7057511910252479	0.48316278485591657	1.0	0.422251210969384	0.32040903143831323	0.29445191194884485	1.0	1.0	1.0	1.0
hi	1.0	1.0	1.0	1.0	0.7248485669756152	0.38071345204534834	1.0	0.45834745896354684	0.5784261990869722	0.583133552931004	1.0	1.0	0.3618021205097918	0.6478335451567685	0.5457784471203423	1.0	1.0	0.7411828468492555	1.0	1.0	1.0	0.46123508074629727	0.6568318202362041	0.38184378780034045	0.728099120889861	0.7199285383279773	0.4649881778617976	1.0	0.5876277661521777	0.6023380116311116	0.651610424238932	1.0	1.0	1.0	1.0
hu	1.0	0.7510341748895938	1.0	0.6128508099341461	0.4421990621958219	0.34848596016260486	0.5446978788357543	0.3652226370769725	0.44975746290269913	0.3803773649484299	0.44054904742168993	0.3618021205097918	1.0	0.41688857650024086	0.4623994958117546	0.4921088706864529	0.44737992239337876	0.5936127755728069	0.6391906500312812	0.6908587525207898	1.0	0.49592523128935795	0.41601785402743235	0.26573916914269047	0.5022773010010699	0.43749266247877383	0.41726017916977537	1.0	0.5155743823373912	0.3603022224063951	0.4495921200392038	0.7106922308883378	0.551466550800897	1.0	0.4956036878132608
id	1.0	0.5781771825885356	1.0	0.7376607345031153	0.44628652627714316	0.3060663869357161	0.5615807088367776	0.21159575773298198	0.2861689543767852	0.2771961124461705	0.40964491962866545	0.6478335451567685	0.41688857650024086	1.0	0.2524298530630756	0.3865809704157334	0.4150683329366	0.6667969795412325	0.7347168825662657	0.7263875964832448	0.7510341748895939	0.29987843042637247	0.3231621812153206	0.24454833057156067	0.4803170218593034	0.3429894415235072	0.3421387385914953	1.0	0.3747274665970022	0.32831795007003406	0.3075175609871177	0.7376607345031153	0.5808852645006567	1.0	0.3834949487376948
it	1.0	0.6064953204791893	1.0	0.7322034805959264	0.3543711307494365	0.15328910307109478	0.4361848945559538	0.1509915928555053	0.1706515267586068	0.15828472323223183	0.24027651597926253	0.5457784471203423	0.4623994958117546	0.2524298530630756	1.0	0.21577258051045298	0.23081761890686728	0.4481406488449052	0.5897100540624919	0.654629408663401	0.7510341748895939	0.17075374964328324	0.17609004375298934	0.16158910489664294	0.3891701328896985	0.19319623864772195	0.26281809214902585	1.0	0.3102486672454333	0.21927316452565307	0.1627827406648961	0.5860253627314145	0.3330941890569534	1.0	0.2008249872961299
ja	1.0	0.7322034805959264	1.0	1.0	0.5967739643846041	0.3417127400434073	1.0	0.21438296415389746	0.3180800902922791	0.28011232299980404	1.0	1.0	0.4921088706864529	0.3865809704157334	0.21577258051045298	1.0	1.0	0.661251134120194	1.0	1.0	1.0	0.36919147560946786	0.39328904458748115	0.25529996387806747	0.5842884356596665	0.6305763671857715	0.48866737749653494	1.0	0.42441531234543073	0.3334784448077709	0.2287049526947248	1.0	1.0	1.0	1.0
ko	1.0	0.7322034805959264	1.0	1.0	0.6432357517002908	0.3650494583033188	1.0	0.24517438730368118	0.31871532061661145	0.30493707928007563	1.0	1.0	0.44737992239337876	0.4150683329366	0.23081761890686728	1.0	1.0	0.6638546162332061	1.0	1.0	1.0	0.3910434160267315	0.3991100771269624	0.25820715034722547	0.6067636116293127	0.6341911409180054	0.49152597683651644	1.0	0.4133196137233034	0.33447590714586756	0.31508660382925807	1.0	1.0	1.0	1.0
lv	1.0	1.0	1.0	0.7455134344225701	0.6667969795412325	0.3637190853241266	0.7322034805959263	0.39880585823307046	0.5721026715027374	0.5166773517064975	0.6589257440209709	0.7411828468492555	0.5936127755728069	0.6667969795412325	0.4481406488449052	0.661251134120194	0.6638546162332061	1.0	0.7584325078215765	0.6786291688147438	1.0	0.5435895053673876	0.5850419158679169	0.30845648989597524	0.5757871508751923	0.6221982196391783	0.5312536654309514	0.8216064286890065	0.6740515375688696	0.5573956058414671	0.5406369659821628	0.7510341748895937	0.6740515375688696	1.0	0.661251134120194
mk	0.0	1.0	0.0	1.0	1.0	0.4010555046174902	1.0	0.26854015197959563	0.40105550461749023	1.0	1.0	1.0	0.6391906500312812	0.7347168825662657	0.5897100540624919	1.0	1.0	0.7584325078215765	1.0	1.0	1.0	0.7322034805959263	1.0	0.36166782977837375	1.0	1.0	0.5242585831251796	1.0	1.0	0.5552687821965275	0.6740515375688697	1.0	1.0	1.0	1.0
ml	1.0	1.0	1.0	1.0	1.0	0.3915708835493018	1.0	0.37636308373461685	0.6589257440209708	0.612612409469375	1.0	1.0	0.6908587525207898	0.7263875964832448	0.654629408663401	1.0	1.0	0.6786291688147438	1.0	1.0	1.0	0.6612511341201941	0.6638546162332061	0.33366831577222195	0.7248485669756151	1.0	0.35069994396691845	1.0	0.6638546162332061	0.55813482181299	0.661251134120194	1.0	1.0	1.0	1.0
mr	0.0	1.0	0.0	1.0	0.7584325078215763	0.43526109167898114	1.0	0.7510341748895937	0.7510341748895938	1.0	1.0	1.0	1.0	0.7510341748895939	0.7510341748895939	1.0	1.0	1.0	1.0	1.0	1.0	1.0	1.0	0.7165917843272872	1.0	1.0	0.3918974948178389	1.0	0.7510341748895938	0.7510341748895937	1.0	1.0	1.0	1.0	1.0
nl	1.0	0.7347168825662657	1.0	0.6740515375688697	0.41078420515809483	0.1705661318244752	0.5120518518382223	0.15611373343754237	0.22290441295332442	0.18318543112413915	0.31580187881430705	0.46123508074629727	0.49592523128935795	0.29987843042637247	0.17075374964328324	0.36919147560946786	0.3910434160267315	0.5435895053673876	0.7322034805959263	0.6612511341201941	1.0	1.0	0.1827482353769142	0.237463128411361	0.46690155571057923	0.21002502153303476	0.29723499167447076	1.0	0.33866765452639447	0.2323523273872537	0.16530662564717033	0.6751805101875061	0.45722836221422025	1.0	0.2270596779392887
pl	1.0	0.6518155124769264	1.0	0.6740515375688696	0.3892052282832246	0.24069971812563667	0.5549287818434789	0.16576841173155654	0.2216325146288408	0.20094405815023558	0.3864057914169228	0.6568318202362041	0.41601785402743235	0.3231621812153206	0.17609004375298934	0.39328904458748115	0.3991100771269624	0.5850419158679169	1.0	0.6638546162332061	1.0	0.1827482353769142	1.0	0.2133840392718206	0.4678982485844638	0.3129750293897761	0.38507604596459577	1.0	0.3818755231678923	0.2592661922407261	0.2065705317152775	1.0	0.48885479241107943	1.0	0.3621407121808724
pt	1.0	0.5402379989224843	1.0	0.3680251964461756	0.26162290859683635	0.22639682233653477	0.27487904888783243	0.17586804433247746	0.20165969786321034	0.18456644535395855	0.21927979597527464	0.38184378780034045	0.26573916914269047	0.24454833057156067	0.16158910489664294	0.25529996387806747	0.25820715034722547	0.30845648989597524	0.36166782977837375	0.33366831577222195	0.7165917843272872	0.237463128411361	0.2133840392718206	1.0	0.28158012152919326	0.2581775474456371	0.2658785592044003	0.5042139125013491	0.29473139900848894	0.20016648919107982	0.18861975416477758	0.41103330130562526	0.3288810612099731	0.517346181619858	0.2668913888094162
ro	1.0	1.0	1.0	1.0	0.6122131884607099	0.44666218194571816	0.7221793916855703	0.3321584962670113	0.33681867179844976	0.4406887924186688	0.6037638397743438	0.728099120889861	0.5022773010010699	0.4803170218593034	0.3891701328896985	0.5842884356596665	0.6067636116293127	0.5757871508751923	1.0	0.7248485669756151	1.0	0.46690155571057923	0.4678982485844638	0.28158012152919326	1.0	0.6011455215697223	0.4942834687950233	1.0	0.5671825088322191	0.43376845659528895	0.45265747671752055	1.0	0.6532002319725719	1.0	0.5719241620521028
ru	1.0	0.7347168825662657	0.0	1.0	0.43235566411154713	0.30551231747369895	1.0	0.1975365121218957	0.29468306245245557	0.2159960496746671	0.7057511910252479	0.7199285383279773	0.43749266247877383	0.3429894415235072	0.19319623864772195	0.6305763671857715	0.6341911409180054	0.6221982196391783	1.0	1.0	1.0	0.21002502153303476	0.3129750293897761	0.2581775474456371	0.6011455215697223	1.0	0.46782099571922564	1.0	0.5023267459572344	0.25088885453467247	0.2691606458304136	1.0	1.0	1.0	0.632718269088229
sh	1.0	0.534519464151126	1.0	0.3667099371025284	0.43969751967155546	0.3755012193778611	0.45707974709465515	0.2788976259562878	0.38942275491826156	0.29938677115357326	0.48316278485591657	0.4649881778617976	0.41726017916977537	0.3421387385914953	0.26281809214902585	0.48866737749653494	0.49152597683651644	0.5312536654309514	0.5242585831251796	0.35069994396691845	0.3918974948178389	0.29723499167447076	0.38507604596459577	0.2658785592044003	0.4942834687950233	0.46782099571922564	1.0	0.5660160774121898	0.3617178615687477	0.27920736603298935	0.2859535967401316	0.39006523720235864	0.5065748156609535	0.517346181619858	0.4909028445994348
si	0.0	0.0	0.0	1.0	1.0	1.0	1.0	0.5455381281950756	1.0	1.0	1.0	1.0	1.0	1.0	1.0	1.0	1.0	0.8216064286890065	1.0	1.0	1.0	1.0	1.0	0.5042139125013491	1.0	1.0	0.5660160774121898	1.0	1.0	0.8216064286890065	1.0	1.0	1.0	1.0	1.0
simple	1.0	0.7411828468492555	1.0	0.7376607345031153	0.44038561640682317	0.3080374456808149	0.6126124094693751	0.2656100960470544	0.3295114551190867	0.3239602840552483	0.422251210969384	0.5876277661521777	0.5155743823373912	0.3747274665970022	0.3102486672454333	0.42441531234543073	0.4133196137233034	0.6740515375688696	1.0	0.6638546162332061	0.7510341748895938	0.33866765452639447	0.3818755231678923	0.29473139900848894	0.5671825088322191	0.5023267459572344	0.3617178615687477	1.0	1.0	0.3567085213830656	0.3367582558087997	0.7376607345031153	0.5219389673142222	1.0	0.4268524653545213
sr	0.8216064286890065	0.6499913553099703	1.0	0.5967586894542661	0.35809833363214005	0.2507219582010343	0.5094587357798096	0.1755546554919293	0.2696848698168859	0.18934532254810763	0.32040903143831323	0.6023380116311116	0.3603022224063951	0.32831795007003406	0.21927316452565307	0.3334784448077709	0.33447590714586756	0.5573956058414671	0.5552687821965275	0.55813482181299	0.7510341748895937	0.2323523273872537	0.2592661922407261	0.20016648919107982	0.43376845659528895	0.25088885453467247	0.27920736603298935	0.8216064286890065	0.3567085213830656	1.0	0.19387306959587383	0.7347168825662657	0.349314012317874	1.0	0.32202476878976377
sv	1.0	0.6093096912777514	1.0	0.7322034805959263	0.49064213859361916	0.2059515070608374	0.5322870716671166	0.15156362704377424	0.1932398025019277	0.176068895282327	0.29445191194884485	0.651610424238932	0.4495921200392038	0.3075175609871177	0.1627827406648961	0.2287049526947248	0.31508660382925807	0.5406369659821628	0.6740515375688697	0.661251134120194	1.0	0.16530662564717033	0.2065705317152775	0.18861975416477758	0.45265747671752055	0.2691606458304136	0.2859535967401316	1.0	0.3367582558087997	0.19387306959587383	1.0	0.7347168825662657	0.2998303251338081	1.0	0.25174379967802835
te	0.0	1.0	1.0	1.0	1.0	0.40537003198728544	1.0	0.502636238548714	0.7322034805959263	1.0	1.0	1.0	0.7106922308883378	0.7376607345031153	0.5860253627314145	1.0	1.0	0.7510341748895937	1.0	1.0	1.0	0.6751805101875061	1.0	0.41103330130562526	1.0	1.0	0.39006523720235864	1.0	0.7376607345031153	0.7347168825662657	0.7347168825662657	1.0	1.0	1.0	1.0
vi	1.0	1.0	1.0	1.0	0.718925811717485	0.42500054597409653	1.0	0.294027189926068	0.45837700400231957	0.4670294633573462	1.0	1.0	0.551466550800897	0.5808852645006567	0.3330941890569534	1.0	1.0	0.6740515375688696	1.0	1.0	1.0	0.45722836221422025	0.48885479241107943	0.3288810612099731	0.6532002319725719	1.0	0.5065748156609535	1.0	0.5219389673142222	0.349314012317874	0.2998303251338081	1.0	1.0	1.0	1.0
war	1.0	1.0	0.0	1.0	1.0	1.0	1.0	0.5020797777427737	1.0	1.0	1.0	1.0	1.0	1.0	1.0	1.0	1.0	1.0	1.0	1.0	1.0	1.0	1.0	0.517346181619858	1.0	1.0	0.517346181619858	1.0	1.0	1.0	1.0	1.0	1.0	1.0	1.0
zh	1.0	0.7322034805959264	1.0	1.0	0.6442100898340133	0.3859275649039106	1.0	0.21719971497003918	0.3509210807180434	0.3085807773014138	1.0	1.0	0.4956036878132608	0.3834949487376948	0.2008249872961299	1.0	1.0	0.661251134120194	1.0	1.0	1.0	0.2270596779392887	0.3621407121808724	0.2668913888094162	0.5719241620521028	0.632718269088229	0.4909028445994348	1.0	0.4268524653545213	0.32202476878976377	0.25174379967802835	1.0	1.0	1.0	1.0
