arz	bs	ceb	ckb	da	de	el	en	es	fr	he	hi	hu	id	it	ja	ko	lv	mk	ml	mr	nl	pl	pt	ro	ru	sh	si	simple	sr	sv	te	vi	war	zh
arz	0.12506251562499998	0.125015625	0.2	0.16666666666666666	0.125015625	0.125	0.125	0.125	0.125	0.125	0.12503124999999998	0.3333333333333333	0.125015625	0.125015625	0.125015625	0.125	0.125015625	0.125	0.12503124999999998	0.16666666666666666	0.16666666666666666	0.125	0.125015625	0.125	0.125015625	0.125015625	0.12503124999999998	1.0	0.125015625	0.125015625	0.125	1.0	0.125	0.14285714285714285	0.125046875
bs	0.125015625	0.09144942328875584	0.2	0.11117287654320988	0.0909504132231405	0.09095871075206613	0.09103322334739711	0.09091735537190083	0.09093389256198348	0.09093388429752067	0.09095869421487603	0.25	0.09110791854013124	0.09096698349586776	0.09103320683502528	0.09093389256198346	0.09104148782676078	0.09096695867768595	0.10010010008006003	0.14302053065306125	0.16666666666666666	0.09095869421487603	0.09095870249587602	0.09102497547143856	0.09106638061220737	0.09093390082644628	0.09111615799378128	1.0	0.10006004	0.09097527276865294	0.09092562809917355	1.0	0.09095043802479337	0.125	0.09110777736447236
ceb	0.2	0.2	0.2	0.2	0.2	0.2	0.2	0.2	0.2	0.2	0.2	0.5	0.2	0.2	0.2	0.2	0.2	0.2	0.2	0.2	0.2	0.2	0.2	0.2	0.2	0.2	0.2	1.0	0.2	0.2	0.2	1.0	0.2	0.2	0.2
ckb	0.16666666666666666	0.11117287654320988	0.2	0.11122228395061727	0.1111111111111111	0.1111111111111111	0.11113580246913579	0.1111111111111111	0.11112345679012345	0.11112345679012345	0.11112345679012345	0.25	0.11114817283950616	0.11112345679012345	0.11113581481481481	0.1111111111111111	0.11113580246913579	0.1111111111111111	0.125015625	0.14285714285714285	0.2	0.11112345679012345	0.11112345679012345	0.11114816049382716	0.11114816049382716	0.1111111111111111	0.11112345679012345	1.0	0.125	0.11114814814814815	0.11112345679012345	1.0	0.1111111111111111	0.14285714285714285	0.11114814814814815
da	0.125015625	0.0909504132231405	0.2	0.1111111111111111	0.04770085525936705	0.04762585260770975	0.07143877551020407	0.04762358276643991	0.0526398891966759	0.047621315192743756	0.06667555555555557	0.25	0.06252736329296875	0.07692899408284024	0.055577166669753084	0.05264819944598338	0.06252345705080081	0.07142857142857142	0.09091735537190083	0.14289800004085718	0.16666666666666666	0.05555555555555555	0.055567901234567896	0.06667555555555556	0.07145409183673468	0.04762358276643991	0.08337502780558337	1.0	0.08336111805555554	0.07692307692307693	0.0500075	1.0	0.06251171875	0.125	0.06253517578906641
de	0.125	0.09095871075206613	0.2	0.1111111111111111	0.04762585260770975	0.028611476794360095	0.06667555555555556	0.031254882812499996	0.041671875	0.031251953124999995	0.05263434903047091	0.25	0.05883391349480968	0.07143877551020407	0.03847337426035503	0.037039780521262	0.058830449826989616	0.07143367346938775	0.09091735537190082	0.14285714285714285	0.16666666666666666	0.04166840277777777	0.050004999999999994	0.058830453290660896	0.06670668889333778	0.03448394768133174	0.08335417361111111	1.0	0.07693491124260354	0.07692899408284024	0.038463017751479284	1.0	0.058830449826989616	0.125	0.05001500500000001
el	0.125	0.09103322334739711	0.2	0.11113580246913579	0.07143877551020407	0.06667555555555556	0.06688518022604992	0.06668	0.06669780001779112	0.06667111111111111	0.07144897959183673	0.25	0.07698820712426627	0.07695859171597633	0.06670669781782672	0.06670224445333334	0.06671560894228451	0.07692899408284024	0.10004001999999998	0.14293883675510205	0.16666666666666666	0.0666888888888889	0.06668	0.07147963266837754	0.07695268048520709	0.06668888888888888	0.08337502084722917	1.0	0.08336808335418056	0.08335418056945836	0.06667111111111111	1.0	0.07144388265306122	0.125	0.06674676012465361
en	0.125	0.09091735537190083	0.2	0.1111111111111111	0.04762358276643991	0.031254882812499996	0.06668	0.027899462288478734	0.041684036460069435	0.029422152254330456	0.05263434903047091	0.25	0.05885468166089965	0.0714438775510204	0.03848077366863905	0.03705075720164609	0.05884429065743945	0.07143367346938775	0.09090909090909091	0.14287755102040817	0.16666666666666666	0.0400048	0.047625850340136056	0.058837370242214526	0.06671113779557336	0.034487516052318666	0.08336113196529864	1.0	0.07693491124260354	0.07693491124260354	0.040003199999999996	1.0	0.055561728395061724	0.125	0.0500150025025025
es	0.125	0.09093389256198348	0.2	0.11112345679012345	0.0526398891966759	0.041671875	0.06669780001779112	0.041684036460069435	0.034559014609539085	0.041673611111111106	0.058830449826989616	0.25	0.05887202080280973	0.07143877551020407	0.04763719728571655	0.04546487603305785	0.058840833910034605	0.07692899408284024	0.09092563638018183	0.14285714285714285	0.16666666666666666	0.04762358276643991	0.05264266205263435	0.05885468513149828	0.06668890223112	0.0400064	0.08337502779168056	1.0	0.07692899408284024	0.07692899408284024	0.045454545454545456	1.0	0.058837373702422154	0.125	0.05558643519445371
fr	0.125	0.09093388429752067	0.2	0.11112345679012345	0.047621315192743756	0.031251953124999995	0.06667111111111111	0.029422152254330456	0.041673611111111106	0.027866807315014	0.05263157894736842	0.25	0.058861615930813155	0.07142857142857142	0.03847781657100888	0.03704115226337448	0.05884083737370589	0.07143367346938775	0.09090909090909091	0.14289797961226533	0.16666666666666666	0.0400016	0.047625850340136056	0.05882698961937716	0.06667555555555557	0.03571428571428571	0.08336806945139584	1.0	0.07692307692307693	0.07693491124260354	0.04	1.0	0.05555555555555555	0.125	0.050017510004999995
he	0.12503124999999998	0.09095869421487603	0.2	0.11112345679012345	0.06667555555555557	0.05263434903047091	0.07144897959183673	0.05263434903047091	0.058830449826989616	0.05263157894736842	0.05272592271796212	0.25006249999999997	0.0666844488888889	0.07143877551020407	0.05558333641975308	0.052645432132963986	0.06251171875	0.08334027777777778	0.09091735537190083	0.14293879591836736	0.16666666666666666	0.05263434903047091	0.058833910034602074	0.058840830449826985	0.07146429081632652	0.055561728395061724	0.08336806944444444	1.0	0.07694082840236686	0.07695859171597633	0.05263434903047091	1.0	0.06251171875	0.125	0.058868553671304495
hi	0.3333333333333333	0.25	0.5	0.25	0.25	0.25	0.25	0.25	0.25	0.25	0.25006249999999997	0.25006249999999997	0.25	0.25	0.25	0.25006249999999997	0.25	0.25	0.3333333333333333	0.25006249999999997	0.5	0.25	0.25	0.25	0.25	0.25	0.25	1.0	0.3333333333333333	0.25	0.25	1.0	0.25	0.3333333333333333	0.25
hu	0.125015625	0.09110791854013124	0.2	0.11114817283950616	0.06252736329296875	0.05883391349480968	0.07698820712426627	0.05885468166089965	0.05887202080280973	0.058861615930813155	0.0666844488888889	0.25	0.059126174595168925	0.0769585798816568	0.06258212118368758	0.06254300392969922	0.06676011124014235	0.08338197222916667	0.09095868595041323	0.14291836734693877	0.16666666666666666	0.0625078125	0.06252735546874999	0.0667334267689868	0.07151540827053586	0.058837373702422154	0.08345848631275031	1.0	0.08336111805555554	0.07694674556213017	0.0625078125	1.0	0.0625312695390664	0.125	0.07158200604827626
id	0.125015625	0.09096698349586776	0.2	0.11112345679012345	0.07692899408284024	0.07143877551020407	0.07695859171597633	0.0714438775510204	0.07143877551020407	0.07142857142857142	0.07143877551020407	0.25	0.0769585798816568	0.07157166359212272	0.07145921939795918	0.07143877551020407	0.07146429591836735	0.08334722222222221	0.09095042975206613	0.14289795918367346	0.16666666666666666	0.0714387806122449	0.07143367346938775	0.07144898469387755	0.07147962245408163	0.07143367346938775	0.08336806944444444	1.0	0.07694082840236686	0.07695267455621302	0.07143367346938775	1.0	0.07143877551020407	0.125	0.07147450510714286
it	0.125015625	0.09103320683502528	0.2	0.11113581481481481	0.055577166669753084	0.03847337426035503	0.06670669781782672	0.03848077366863905	0.04763719728571655	0.03847781657100888	0.05558333641975308	0.25	0.06258212118368758	0.07145921939795918	0.03864287546691087	0.04168577257465625	0.05887894467476125	0.07695267455621302	0.09094218185127274	0.14287755102040817	0.16666666666666666	0.04348771266540642	0.05557717284877161	0.06253127737112112	0.07151033182168916	0.04348960302457467	0.08341673618756952	1.0	0.07697044379882248	0.07695268048521302	0.047621315192743756	1.0	0.06252734765625	0.125	0.050075105142732904
ja	0.125	0.09093389256198346	0.2	0.1111111111111111	0.05264819944598338	0.037039780521262	0.06670224445333334	0.03705075720164609	0.04546487603305785	0.03704115226337448	0.052645432132963986	0.25006249999999997	0.06254300392969922	0.07143877551020407	0.04168577257465625	0.03581148923922865	0.058858141868512105	0.07692899408284024	0.09090909090909091	0.14289795918367348	0.16666666666666666	0.04167013888888889	0.05263434903047091	0.058837370242214526	0.07146431123469388	0.041671875	0.08338196528472222	1.0	0.07692899408284024	0.07693491124260354	0.04348015122873346	1.0	0.06251172265624999	0.125	0.050032520012507506
ko	0.125015625	0.09104148782676078	0.2	0.11113580246913579	0.06252345705080081	0.058830449826989616	0.06671560894228451	0.05884429065743945	0.058840833910034605	0.05884083737370589	0.06251171875	0.25	0.06676011124014235	0.07146429591836735	0.05887894467476125	0.058858141868512105	0.055819141626169265	0.07694675147928993	0.09096700006619016	0.14300012253069397	0.16666666666666666	0.058833910034602074	0.058844297577854664	0.0625469101836133	0.07148475005616842	0.05884429411764705	0.08339590980564592	1.0	0.07695269234914205	0.07697043787573965	0.058823529411764705	1.0	0.06251953906249999	0.125	0.06258212510947665
lv	0.125	0.09096695867768595	0.2	0.1111111111111111	0.07142857142857142	0.07143367346938775	0.07692899408284024	0.07143367346938775	0.07692899408284024	0.07143367346938775	0.08334027777777778	0.25	0.08338197222916667	0.08334722222222221	0.07695267455621302	0.07692899408284024	0.07694675147928993	0.07150517354601542	0.10000999999999999	0.14285714285714285	0.16666666666666666	0.07692899408284024	0.07692899408284024	0.08334027777777778	0.08337500694444443	0.07143367346938775	0.08336111805555554	1.0	0.09091735537190083	0.08334027777777778	0.07692307692307693	1.0	0.08334722222222221	0.125	0.07695859765090533
mk	0.12503124999999998	0.10010010008006003	0.2	0.125015625	0.09091735537190083	0.09091735537190082	0.10004001999999998	0.09090909090909091	0.09092563638018183	0.09090909090909091	0.09091735537190083	0.3333333333333333	0.09095868595041323	0.09095042975206613	0.09094218185127274	0.09090909090909091	0.09096700006619016	0.10000999999999999	0.09109962080380642	0.16669444444444442	0.16669444444444442	0.09092561983471074	0.09091736364463637	0.09092562809917355	0.09096700005790916	0.09092562809917355	0.10009008004004002	1.0	0.09092561983471073	0.09092561983471074	0.09091735537190083	1.0	0.09092561983471074	0.125	0.09099181824800008
ml	0.16666666666666666	0.14302053065306125	0.2	0.14285714285714285	0.14289800004085718	0.14285714285714285	0.14293883675510205	0.14287755102040817	0.14285714285714285	0.14289797961226533	0.14293879591836736	0.25006249999999997	0.14291836734693877	0.14289795918367346	0.14287755102040817	0.14289795918367348	0.14300012253069397	0.14285714285714285	0.16669444444444442	0.14318432790078123	0.2	0.14287755102040817	0.14285714285714285	0.14293881634693878	0.14291836734693877	0.142877571449	0.14302053073481646	1.0	0.16669444444444442	0.14287755102040817	0.14285714285714285	1.0	0.14289795918367346	0.16666666666666666	0.14289795918367348
mr	0.16666666666666666	0.16666666666666666	0.2	0.2	0.16666666666666666	0.16666666666666666	0.16666666666666666	0.16666666666666666	0.16666666666666666	0.16666666666666666	0.16666666666666666	0.5	0.16666666666666666	0.16666666666666666	0.16666666666666666	0.16666666666666666	0.16666666666666666	0.16666666666666666	0.16669444444444442	0.2	0.16672225	0.16666666666666666	0.16666666666666666	0.16666666666666666	0.16666666666666666	0.16666666666666666	0.16666666666666666	1.0	0.16669444444444442	0.16666666666666666	0.16666666666666666	1.0	0.16666666666666666	0.16666666666666666	0.16666666666666666
nl	0.125	0.09095869421487603	0.2	0.11112345679012345	0.05555555555555555	0.04166840277777777	0.0666888888888889	0.0400048	0.04762358276643991	0.0400016	0.05263434903047091	0.25	0.0625078125	0.0714387806122449	0.04348771266540642	0.04167013888888889	0.058833910034602074	0.07692899408284024	0.09092561983471074	0.14287755102040817	0.16666666666666666	0.04005286729775384	0.05263712188365651	0.058840830449826985	0.07144898469387755	0.043478260869565216	0.08334722222222221	1.0	0.07692307692307693	0.07693491124260354	0.045454545454545456	1.0	0.06250390624999999	0.125	0.05002000750500249
pl	0.125015625	0.09095870249587602	0.2	0.11112345679012345	0.055567901234567896	0.050004999999999994	0.06668	0.047625850340136056	0.05264266205263435	0.047625850340136056	0.058833910034602074	0.25	0.06252735546874999	0.07143367346938775	0.05557717284877161	0.05263434903047091	0.058844297577854664	0.07692899408284024	0.09091736364463637	0.14285714285714285	0.16666666666666666	0.05263712188365651	0.047700807476603976	0.058830449826989616	0.06668000444889333	0.050004999999999994	0.08336111806250696	1.0	0.07692899408284024	0.07694083431952663	0.05000249999999999	1.0	0.05555555555555555	0.125	0.06253516797657031
pt	0.125	0.09102497547143856	0.2	0.11114816049382716	0.06667555555555556	0.058830453290660896	0.07147963266837754	0.058837370242214526	0.05885468513149828	0.05882698961937716	0.058840830449826985	0.25	0.0667334267689868	0.07144898469387755	0.06253127737112112	0.058837370242214526	0.0625469101836133	0.08334027777777778	0.09092562809917355	0.14293881634693878	0.16666666666666666	0.058840830449826985	0.058830449826989616	0.055744477519893074	0.07151031139311262	0.058833910034602074	0.08338195138888888	1.0	0.07694083431952663	0.07695859172189348	0.05882698961937716	1.0	0.06252344140624999	0.125	0.06255083206252346
ro	0.125015625	0.09106638061220737	0.2	0.11114816049382716	0.07145409183673468	0.06670668889333778	0.07695268048520709	0.06671113779557336	0.06668890223112	0.06667555555555557	0.07146429081632652	0.25	0.07151540827053586	0.07147962245408163	0.07151033182168916	0.07146431123469388	0.07148475005616842	0.08337500694444443	0.09096700005790916	0.14291836734693877	0.16666666666666666	0.07144898469387755	0.06668000444889333	0.07151031139311262	0.06692991515786957	0.06667555555555556	0.0834445417500695	1.0	0.07694083431952663	0.07696452665683436	0.06667555555555556	1.0	0.06668444444444445	0.125	0.07151543386761262
ru	0.125015625	0.09093390082644628	0.2	0.1111111111111111	0.04762358276643991	0.03448394768133174	0.06668888888888888	0.034487516052318666	0.0400064	0.03571428571428571	0.055561728395061724	0.25	0.058837373702422154	0.07143367346938775	0.04348960302457467	0.041671875	0.05884429411764705	0.07143367346938775	0.09092562809917355	0.142877571449	0.16666666666666666	0.043478260869565216	0.050004999999999994	0.058833910034602074	0.06667555555555556	0.03230599488148089	0.08334722917361807	1.0	0.07692899408284024	0.07692307692307693	0.04167013888888889	1.0	0.058823529411764705	0.125	0.05265374238227147
sh	0.12503124999999998	0.09111615799378128	0.2	0.11112345679012345	0.08337502780558337	0.08335417361111111	0.08337502084722917	0.08336113196529864	0.08337502779168056	0.08336806945139584	0.08336806944444444	0.25	0.08345848631275031	0.08336806944444444	0.08341673618756952	0.08338196528472222	0.08339590980564592	0.08336111805555554	0.10009008004004002	0.14302053073481646	0.16666666666666666	0.08334722222222221	0.08336111806250696	0.08338195138888888	0.0834445417500695	0.08334722917361807	0.08370997226602421	1.0	0.09093388429752067	0.08336111805555554	0.08335416666666667	1.0	0.08336111111111111	0.125	0.08347245871585501
si	1.0	1.0	1.0	1.0	1.0	1.0	1.0	1.0	1.0	1.0	1.0	1.0	1.0	1.0	1.0	1.0	1.0	1.0	1.0	1.0	1.0	1.0	1.0	1.0	1.0	1.0	1.0	1.0	1.0	1.0	1.0	1.0	1.0	1.0	1.0
simple	0.125015625	0.10006004	0.2	0.125	0.08336111805555554	0.07693491124260354	0.08336808335418056	0.07693491124260354	0.07692899408284024	0.07692307692307693	0.07694082840236686	0.3333333333333333	0.08336111805555554	0.07694082840236686	0.07697044379882248	0.07692899408284024	0.07695269234914205	0.09091735537190083	0.09092561983471073	0.16669444444444442	0.16669444444444442	0.07692307692307693	0.07692899408284024	0.07694083431952663	0.07694083431952663	0.07692899408284024	0.09093388429752067	1.0	0.07704161574621413	0.08334027777777778	0.07692307692307693	1.0	0.07694082840236686	0.125	0.0769467573964497
sr	0.125015625	0.09097527276865294	0.2	0.11114814814814815	0.07692307692307693	0.07692899408284024	0.08335418056945836	0.07693491124260354	0.07692899408284024	0.07693491124260354	0.07695859171597633	0.25	0.07694674556213017	0.07695267455621302	0.07695268048521302	0.07693491124260354	0.07697043787573965	0.08334027777777778	0.09092561983471074	0.14287755102040817	0.16666666666666666	0.07693491124260354	0.07694083431952663	0.07695859172189348	0.07696452665683436	0.07692307692307693	0.08336111805555554	1.0	0.08334027777777778	0.07706536742122706	0.07694083431952663	1.0	0.07693491124260354	0.125	0.07698229588166271
sv	0.125	0.09092562809917355	0.2	0.11112345679012345	0.0500075	0.038463017751479284	0.06667111111111111	0.040003199999999996	0.045454545454545456	0.04	0.05263434903047091	0.25	0.0625078125	0.07143367346938775	0.047621315192743756	0.04348015122873346	0.058823529411764705	0.07692307692307693	0.09091735537190083	0.14285714285714285	0.16666666666666666	0.045454545454545456	0.05000249999999999	0.05882698961937716	0.06667555555555556	0.04167013888888889	0.08335416666666667	1.0	0.07692307692307693	0.07694083431952663	0.03707272154320987	1.0	0.058830449826989616	0.125	0.052645429362880886
te	1.0	1.0	1.0	1.0	1.0	1.0	1.0	1.0	1.0	1.0	1.0	1.0	1.0	1.0	1.0	1.0	1.0	1.0	1.0	1.0	1.0	1.0	1.0	1.0	1.0	1.0	1.0	1.0	1.0	1.0	1.0	1.0	1.0	1.0	1.0
vi	0.125	0.09095043802479337	0.2	0.1111111111111111	0.06251171875	0.058830449826989616	0.07144388265306122	0.055561728395061724	0.058837373702422154	0.05555555555555555	0.06251171875	0.25	0.0625312695390664	0.07143877551020407	0.06252734765625	0.06251172265624999	0.06251953906249999	0.08334722222222221	0.09092561983471074	0.14289795918367346	0.16666666666666666	0.06250390624999999	0.05555555555555555	0.06252344140624999	0.06668444444444445	0.058823529411764705	0.08336111111111111	1.0	0.07694082840236686	0.07693491124260354	0.058830449826989616	1.0	0.05564520080270709	0.125	0.06669778222222222
war	0.14285714285714285	0.125	0.2	0.14285714285714285	0.125	0.125	0.125	0.125	0.125	0.125	0.125	0.3333333333333333	0.125	0.125	0.125	0.125	0.125	0.125	0.125	0.16666666666666666	0.16666666666666666	0.125	0.125	0.125	0.125	0.125	0.125	1.0	0.125	0.125	0.125	1.0	0.125	0.125	0.125
zh	0.125046875	0.09110777736447236	0.2	0.11114814814814815	0.06253517578906641	0.05001500500000001	0.06674676012465361	0.0500150025025025	0.05558643519445371	0.050017510004999995	0.058868553671304495	0.25	0.07158200604827626	0.07147450510714286	0.050075105142732904	0.050032520012507506	0.06258212510947665	0.07695859765090533	0.09099181824800008	0.14289795918367348	0.16666666666666666	0.05002000750500249	0.06253516797657031	0.06255083206252346	0.07151543386761262	0.05265374238227147	0.08347245871585501	1.0	0.0769467573964497	0.07698229588166271	0.052645429362880886	1.0	0.06669778222222222	0.125	0.04791334182931241
