arz	bs	ceb	ckb	da	de	el	en	es	fr	he	hi	hu	id	it	ja	ko	lv	mk	ml	mr	nl	pl	pt	ro	ru	sh	si	simple	sr	sv	te	vi	war	zh
arz	1.0	0.5113636363636364	0.6666666666666666	0.5333333333333333	0.5108713988943033	0.5059793086401092	0.5148161536497458	0.5048309178743962	0.5044483985765125	0.5064725875221797	0.5147974088657437	0.525	0.5077863565543296	0.5166301986526441	0.504863813229572	0.5079498639354264	0.5098039215686274	0.5185266471914874	0.5360561582641991	0.5348837209302326	0.5419776119402986	0.5041030699967917	0.5064377682403434	0.5083986562150056	0.5088706223224793	0.5074066319213607	0.5333333333333333	0.7017543859649122	0.5242718446601942	0.5098039215686274	0.5094503808979007	0.5	0.5115606936416185	0.7289719626168224	0.5088235294117647
bs	0.5113636363636364	1.0	0.5	0.5165562913907285	0.5873798263726991	0.5385315616223616	0.5739432739287872	0.5212853937117067	0.5288076412688609	0.5330732687650265	0.6046795324461258	0.5103182273768614	0.5609908825949689	0.6281337127294278	0.5346980452309321	0.5534397894641042	0.5535922144569966	0.6597811531448833	0.5482884360732849	0.5133333333333333	0.5236962748369234	0.5308345741076104	0.5469952288286387	0.5319732225314234	0.5507453681857342	0.5505343602065975	0.52784984996219	0.528	0.5514054977480976	0.6400666584928274	0.5686450915529462	0.5	0.5432374305076492	0.546218487394958	0.5493399536323668
ceb	0.6666666666666666	0.5	1.0	0.6666666666666666	0.501577287066246	0.5010162601626017	0.671875	0.5006802721088436	0.500965250965251	0.5009487666034156	0.6706231454005934	0.6724890829694323	0.5029940119760479	0.501358695652174	0.5009784735812133	0.6695652173913044	0.6696935300794551	0.5029940119760479	0.6707692307692308	0.6666666666666666	0.6832298136645962	0.5015673981191223	0.5013020833333334	0.5011961722488038	0.5029761904761905	0.6680919294494923	0.5020661157024793	0.6666666666666666	0.5053763440860215	0.5007923930269413	0.5018587360594796	0.6666666666666666	0.6711864406779662	0.6666666666666666	0.6697459584295612
ckb	0.5333333333333333	0.5165562913907285	0.6666666666666666	1.0	0.5082508250825083	0.5033185840707964	0.5077123940401105	0.501836878664841	0.5027173913043478	0.5032946543383131	0.5100507253615708	0.5625	0.5050505050505051	0.5113122171945702	0.5029761904761905	0.5045537340619308	0.5050505050505051	0.5222668869991459	0.5384615384615384	0.6111111111111112	0.5985037406483791	0.5027777777777778	0.504424778761062	0.5034168564920273	0.5049738465098308	0.5045592705167173	0.5263157894736842	0.72	0.5133689839572192	0.5139664804469274	0.5065502183406114	0.5	0.5076923076923077	0.787878787878788	0.5045317220543807
da	0.5108713988943033	0.5873798263726991	0.501577287066246	0.5082508250825083	1.0	0.5564345252557473	0.5862716419232129	0.5420200174054681	0.5479402541558754	0.5557335000803519	0.5943847158099479	0.5050167224080268	0.5796457833941405	0.5964769795662085	0.5581659292513124	0.568206305683735	0.5700601065827559	0.5823366326287363	0.5249023206531508	0.506723825830104	0.5134957357441798	0.5550289495211966	0.5637652093016055	0.5473160328482082	0.554570756983968	0.5647073887714197	0.5112461667131307	0.5194029850746269	0.564345903629741	0.5803186455065098	0.5994124005083152	0.5	0.5580689324803912	0.5242424242424242	0.5692156599261767
de	0.5059793086401092	0.5385315616223616	0.5010162601626017	0.5033185840707964	0.5564345252557473	1.0	0.5777506885321964	0.6071719139465483	0.6144991020066352	0.626978245374632	0.5587638436378243	0.5016648168701443	0.6004774296221423	0.5484122254417865	0.6227865001111007	0.6062416281380979	0.5802197873182913	0.5278662924461608	0.5108875517014244	0.5027685492801772	0.504991177172177	0.6151238270254811	0.6103095295017039	0.5956580896018393	0.5976719980773124	0.6147973590798244	0.5071193866374589	0.5064805583250249	0.5412345958444955	0.5405873621647846	0.5714726349378143	0.5	0.5449148518768002	0.5075075075075075	0.6090283231605101
el	0.5148161536497458	0.5739432739287872	0.671875	0.5077123940401105	0.5862716419232129	0.5777506885321964	1.0	0.5529033099748167	0.5667481211362815	0.5779136401102709	0.6069356056549141	0.5038560411311054	0.5921045083725739	0.5873191759626494	0.5766561821697447	0.5995824812240601	0.5882921005114403	0.5673443041142089	0.5247634548012469	0.5064528599647303	0.5117511266065848	0.5662654332520191	0.5897869671759892	0.5689061339904792	0.5899084518447717	0.5957403588971835	0.5112309715835517	0.6964618249534451	0.5646072172302725	0.5711729654026594	0.5831920749426004	0.5	0.5521382190283403	0.6992481203007519	0.5891099372168077
en	0.5048309178743962	0.5212853937117067	0.5006802721088436	0.501836878664841	0.5420200174054681	0.6071719139465483	0.5529033099748167	1.0	0.6180351538463676	0.6111499818515109	0.5350546112428137	0.5009249949383426	0.56684737447081	0.5313891049762662	0.6189860936543794	0.571988990010624	0.557272201551547	0.5161874992821524	0.5063890273502731	0.5015234613040829	0.5027617966130794	0.6086995464010292	0.5851731564383114	0.5835747221388702	0.5670608401579209	0.5835837476640549	0.5039370078740157	0.5057239057239057	0.5257887536786071	0.5256942311106416	0.5604930897472711	0.5	0.5448175183749645	0.5053908355795148	0.5849944385707566
es	0.5044483985765125	0.5288076412688609	0.500965250965251	0.5027173913043478	0.5479402541558754	0.6144991020066352	0.5667481211362815	0.6180351538463676	1.0	0.6167389488247641	0.549939069781407	0.5013623978201636	0.5847053748017996	0.5395809580072751	0.6288095250178898	0.5907854275409197	0.5703690917907479	0.5233003787262716	0.5093666369313113	0.5022665457842249	0.5036036036036037	0.601165940135472	0.6001336824632267	0.6021937229764422	0.5815650320610793	0.6061646476897593	0.5053859964093357	0.506641366223909	0.5338345864661654	0.532134750871171	0.559252192383032	0.5	0.5375854214123007	0.5076190476190476	0.5979499039920081
fr	0.5064725875221797	0.5330732687650265	0.5009487666034156	0.5032946543383131	0.5557335000803519	0.626978245374632	0.5779136401102709	0.6111499818515109	0.6167389488247641	1.0	0.560488497597893	0.5016501650165016	0.6048246391429914	0.5468177677553334	0.6331963985720285	0.6060905544185203	0.5829620902396274	0.5282025364774916	0.5103050910471644	0.5027442371020856	0.5043936762005394	0.6094800703688886	0.6096177226857634	0.6050648845148185	0.6122589141753864	0.614352341828612	0.5048700762973499	0.5074766355140187	0.5376945857456614	0.5357408594624109	0.5664675605850861	0.5	0.5428278137005439	0.5074906367041199	0.5976961467306815
he	0.5147974088657437	0.6046795324461258	0.6706231454005934	0.5100507253615708	0.5943847158099479	0.5587638436378243	0.6069356056549141	0.5350546112428137	0.549939069781407	0.560488497597893	1.0	0.5061620649156373	0.5788231665845176	0.6075355277071351	0.554658411135084	0.5843234629683239	0.5808176464713509	0.6108035082797038	0.5343953656770456	0.508	0.5162609656733711	0.5486189343446721	0.5742431859962126	0.5554201933798256	0.5737375373418001	0.5811410602276251	0.515243422502545	0.6915351506456241	0.576648484023673	0.6020375635941704	0.578799860766225	0.5	0.5469677982426394	0.6956521739130435	0.575544830204619
hi	0.525	0.5103182273768614	0.6724890829694323	0.5625	0.5050167224080268	0.5016648168701443	0.5038560411311054	0.5009249949383426	0.5013623978201636	0.5016501650165016	0.5061620649156373	1.0	0.5030549898167006	0.5069124423963134	0.5014925373134328	0.5018315018315018	0.5025380710659899	0.5138999167496764	0.5353878297205537	0.5714285714285714	0.5416666666666666	0.5013927576601671	0.5022222222222222	0.5017142857142858	0.502495840266223	0.5023215287316659	0.5151515151515151	0.7131782945736435	0.5081967213114754	0.5085714285714286	0.5032967032967033	0.5	0.5046728971962617	0.7193675889328064	0.5022761760242792
hu	0.5077863565543296	0.5609908825949689	0.5029940119760479	0.5050505050505051	0.5796457833941405	0.6004774296221423	0.5921045083725739	0.56684737447081	0.5847053748017996	0.6048246391429914	0.5788231665845176	0.5030549898167006	1.0	0.5753446046754237	0.5987712913373916	0.6034547878676925	0.5750503391980634	0.553551028832852	0.5197101090637252	0.5050709939148074	0.5092591408574376	0.5864084535789555	0.6006232572566813	0.5915549589973521	0.6102695902355006	0.5994451905308933	0.506910559927836	0.5154929577464789	0.5504475949950345	0.5591470987450011	0.580021248801298	0.5	0.5592691545831328	0.5170454545454546	0.5841501041689723
id	0.5166301986526441	0.6281337127294278	0.501358695652174	0.5113122171945702	0.5964769795662085	0.5484122254417865	0.5873191759626494	0.5313891049762662	0.5395809580072751	0.5468177677553334	0.6075355277071351	0.5069124423963134	0.5753446046754237	1.0	0.5450709487658492	0.5773358196501259	0.575775759658839	0.6284778595299112	0.534752078842008	0.5091900387351613	0.5186041067986792	0.5405793488905988	0.5590997657224438	0.5457279132849323	0.5612459246546323	0.5663349021473865	0.5172975874802752	0.5092838196286472	0.5648244281947821	0.6102789116102344	0.5701756648146785	0.5	0.5618988911747013	0.5106666666666667	0.5681262980527698
it	0.504863813229572	0.5346980452309321	0.5009784735812133	0.5029761904761905	0.5581659292513124	0.6227865001111007	0.5766561821697447	0.6189860936543794	0.6288095250178898	0.6331963985720285	0.554658411135084	0.5014925373134328	0.5987712913373916	0.5450709487658492	1.0	0.6019208821157129	0.5772325080959928	0.5264849878592499	0.5102606845328066	0.5024989782594584	0.5039611667074199	0.6086648411075815	0.6149087272435405	0.6024993840266254	0.5915959833638765	0.6120802977626494	0.5064079451964995	0.5057581573896353	0.5378361446585681	0.5360455244744147	0.5680498572483311	0.5	0.5461636800936057	0.5067437379576109	0.6036110738000657
ja	0.5079498639354264	0.5534397894641042	0.6695652173913044	0.5045537340619308	0.568206305683735	0.6062416281380979	0.5995824812240601	0.571988990010624	0.5907854275409197	0.6060905544185203	0.5843234629683239	0.5018315018315018	0.6034547878676925	0.5773358196501259	0.6019208821157129	1.0	0.5999871615842738	0.5462398639323839	0.5141188383522155	0.5036496350364964	0.5063063063063064	0.5839694996459515	0.6004812375778663	0.5901388699224893	0.5978695691245501	0.6176287840515914	0.5081040309109854	0.6850477200424179	0.5547262743670948	0.5516848757300513	0.5809736511049622	0.5	0.560335265447052	0.688034188034188	0.6110136829894678
ko	0.5098039215686274	0.5535922144569966	0.6696935300794551	0.5050505050505051	0.5700601065827559	0.5802197873182913	0.5882921005114403	0.557272201551547	0.5703690917907479	0.5829620902396274	0.5808176464713509	0.5025380710659899	0.5750503391980634	0.575775759658839	0.5772325080959928	0.5999871615842738	1.0	0.5443132500459582	0.5157405228389885	0.5042158516020236	0.5075649522885166	0.5638941449556304	0.580571053592427	0.5730259635090631	0.5749480101368221	0.5888482461136815	0.5074398256822338	0.6873614190687362	0.555132124854026	0.5513657666874797	0.5707244924197341	0.5	0.5462760167900237	0.6905027932960894	0.5893423595037256
lv	0.5185266471914874	0.6597811531448833	0.5029940119760479	0.5222668869991459	0.5823366326287363	0.5278662924461608	0.5673443041142089	0.5161874992821524	0.5233003787262716	0.5282025364774916	0.6108035082797038	0.5138999167496764	0.553551028832852	0.6284778595299112	0.5264849878592499	0.5462398639323839	0.5443132500459582	1.0	0.5551685343029147	0.5179975872291478	0.5372557188797896	0.5243650669219465	0.5385138914356721	0.5291563892975257	0.5435465132256213	0.5407161915219123	0.5323348345246457	0.5294117647058824	0.5568866604659888	0.651607013639957	0.5544613617196313	0.5	0.5368444804371882	0.5384615384615384	0.5392818237696189
mk	0.5360561582641991	0.5482884360732849	0.6707692307692308	0.5384615384615384	0.5249023206531508	0.5108875517014244	0.5247634548012469	0.5063890273502731	0.5093666369313113	0.5103050910471644	0.5343953656770456	0.5353878297205537	0.5197101090637252	0.534752078842008	0.5102606845328066	0.5141188383522155	0.5157405228389885	0.5551685343029147	1.0	0.54	0.5605605605605606	0.5096687445382517	0.5152851409919588	0.5124243819808509	0.5171630026893633	0.5141629808693534	0.5373134328358209	0.6888888888888889	0.5308056872037915	0.5441579563936626	0.5191145485448075	0.5	0.5162195129137375	0.7089337175792507	0.5163055966823795
ml	0.5348837209302326	0.5133333333333333	0.6666666666666666	0.6111111111111112	0.506723825830104	0.5027685492801772	0.5064528599647303	0.5015234613040829	0.5022665457842249	0.5027442371020856	0.508	0.5714285714285714	0.5050709939148074	0.5091900387351613	0.5024989782594584	0.5036496350364964	0.5042158516020236	0.5179975872291478	0.54	1.0	0.6176470588235294	0.5023169601482854	0.5037212413356741	0.5028506271379704	0.5041598090035506	0.5038051750380518	0.5277777777777778	0.7042253521126761	0.5135135135135135	0.5113372390475631	0.5043668122270742	0.5	0.5061728395061729	0.7184466019417476	0.5038213719061828
mr	0.5419776119402986	0.5236962748369234	0.6832298136645962	0.5985037406483791	0.5134957357441798	0.504991177172177	0.5117511266065848	0.5027617966130794	0.5036036036036037	0.5043936762005394	0.5162609656733711	0.5416666666666666	0.5092591408574376	0.5186041067986792	0.5039611667074199	0.5063063063063064	0.5075649522885166	0.5372557188797896	0.5605605605605606	0.6176470588235294	1.0	0.5041871247807739	0.5066458446319009	0.5051547905068664	0.5075224790931109	0.5060874856089573	0.5333333333333333	0.7	0.5235602094240838	0.5226701916721745	0.50752688172043	0.5	0.5105740181268882	0.7150259067357513	0.5068647014541935
nl	0.5041030699967917	0.5308345741076104	0.5015673981191223	0.5027777777777778	0.5550289495211966	0.6151238270254811	0.5662654332520191	0.6086995464010292	0.601165940135472	0.6094800703688886	0.5486189343446721	0.5013927576601671	0.5864084535789555	0.5405793488905988	0.6086648411075815	0.5839694996459515	0.5638941449556304	0.5243650669219465	0.5096687445382517	0.5023169601482854	0.5041871247807739	1.0	0.5974419027518711	0.6092027802403759	0.5823496467676813	0.5973895834912876	0.5045787545787546	0.510670731707317	0.5318771665763472	0.5323972718232629	0.5788720116980733	0.5	0.5520081496041819	0.5122699386503067	0.5947632731951965
pl	0.5064377682403434	0.5469952288286387	0.5013020833333334	0.504424778761062	0.5637652093016055	0.6103095295017039	0.5897869671759892	0.5851731564383114	0.6001336824632267	0.6096177226857634	0.5742431859962126	0.5022222222222222	0.6006232572566813	0.5590997657224438	0.6149087272435405	0.6004812375778663	0.580571053592427	0.5385138914356721	0.5152851409919588	0.5037212413356741	0.5066458446319009	0.5974419027518711	1.0	0.591670102394657	0.5939907097705633	0.6163241400568569	0.5087209302325582	0.5082592121982211	0.5477246060209511	0.5532387056229942	0.5745821212418868	0.5	0.5460232006885538	0.510230179028133	0.5990559725722142
pt	0.5083986562150056	0.5319732225314234	0.5011961722488038	0.5034168564920273	0.5473160328482082	0.5956580896018393	0.5689061339904792	0.5835747221388702	0.6021937229764422	0.6050648845148185	0.5554201933798256	0.5017142857142858	0.5915549589973521	0.5457279132849323	0.6024993840266254	0.5901388699224893	0.5730259635090631	0.5291563892975257	0.5124243819808509	0.5028506271379704	0.5051547905068664	0.6092027802403759	0.591670102394657	1.0	0.5907830300404734	0.5892620142203504	0.5050505050505051	0.5081967213114754	0.537931539246869	0.5341215212114678	0.5592814709380466	0.5	0.5374927741519833	0.5094117647058823	0.584084368728228
ro	0.5088706223224793	0.5507453681857342	0.5029761904761905	0.5049738465098308	0.554570756983968	0.5976719980773124	0.5899084518447717	0.5670608401579209	0.5815650320610793	0.6122589141753864	0.5737375373418001	0.502495840266223	0.6102695902355006	0.5612459246546323	0.5915959833638765	0.5978695691245501	0.5749480101368221	0.5435465132256213	0.5171630026893633	0.5041598090035506	0.5075224790931109	0.5823496467676813	0.5939907097705633	0.5907830300404734	1.0	0.605975079816885	0.5065004834596073	0.5168539325842697	0.5441768583397592	0.5471319250657338	0.5653667207977334	0.5	0.5448552129757035	0.5213675213675213	0.5942797494073905
ru	0.5074066319213607	0.5505343602065975	0.6680919294494923	0.5045592705167173	0.5647073887714197	0.6147973590798244	0.5957403588971835	0.5835837476640549	0.6061646476897593	0.614352341828612	0.5811410602276251	0.5023215287316659	0.5994451905308933	0.5663349021473865	0.6120802977626494	0.6176287840515914	0.5888482461136815	0.5407161915219123	0.5141629808693534	0.5038051750380518	0.5060874856089573	0.5973895834912876	0.6163241400568569	0.5892620142203504	0.605975079816885	1.0	0.5074947262085153	0.6786850477200425	0.5503766072710659	0.5473738472103512	0.5759758902010131	0.5	0.5537270684929575	0.6779840848806366	0.6138806456352911
sh	0.5333333333333333	0.52784984996219	0.5020661157024793	0.5263157894736842	0.5112461667131307	0.5071193866374589	0.5112309715835517	0.5039370078740157	0.5053859964093357	0.5048700762973499	0.515243422502545	0.5151515151515151	0.506910559927836	0.5172975874802752	0.5064079451964995	0.5081040309109854	0.5074398256822338	0.5323348345246457	0.5373134328358209	0.5277777777777778	0.5333333333333333	0.5045787545787546	0.5087209302325582	0.5050505050505051	0.5065004834596073	0.5074947262085153	1.0	0.5139442231075697	0.5123152709359606	0.5321331276463058	0.5085302675725702	0.5	0.5058479532163742	0.5150300601202404	0.5074978281426935
si	0.7017543859649122	0.528	0.6666666666666666	0.72	0.5194029850746269	0.5064805583250249	0.6964618249534451	0.5057239057239057	0.506641366223909	0.5074766355140187	0.6915351506456241	0.7131782945736435	0.5154929577464789	0.5092838196286472	0.5057581573896353	0.6850477200424179	0.6873614190687362	0.5294117647058824	0.6888888888888889	0.7042253521126761	0.7	0.510670731707317	0.5082592121982211	0.5081967213114754	0.5168539325842697	0.6786850477200425	0.5139442231075697	1.0	0.529126213592233	0.5100154083204931	0.512589928057554	0.6947368421052631	0.6972176759410802	0.7586206896551725	0.6877113866967305
simple	0.5242718446601942	0.5514054977480976	0.5053763440860215	0.5133689839572192	0.564345903629741	0.5412345958444955	0.5646072172302725	0.5257887536786071	0.5338345864661654	0.5376945857456614	0.576648484023673	0.5081967213114754	0.5504475949950345	0.5648244281947821	0.5378361446585681	0.5547262743670948	0.555132124854026	0.5568866604659888	0.5308056872037915	0.5135135135135135	0.5235602094240838	0.5318771665763472	0.5477246060209511	0.537931539246869	0.5441768583397592	0.5503766072710659	0.5123152709359606	0.529126213592233	1.0	0.5534591194968553	0.5546469353994159	0.5	0.5401301518438179	0.5320197044334976	0.5504619378483622
sr	0.5098039215686274	0.6400666584928274	0.5007923930269413	0.5139664804469274	0.5803186455065098	0.5405873621647846	0.5711729654026594	0.5256942311106416	0.532134750871171	0.5357408594624109	0.6020375635941704	0.5085714285714286	0.5591470987450011	0.6102789116102344	0.5360455244744147	0.5516848757300513	0.5513657666874797	0.651607013639957	0.5441579563936626	0.5113372390475631	0.5226701916721745	0.5323972718232629	0.5532387056229942	0.5341215212114678	0.5471319250657338	0.5473738472103512	0.5321331276463058	0.5100154083204931	0.5534591194968553	1.0	0.5595118857959753	0.5	0.537272345521564	0.5108359133126935	0.5482652009618688
sv	0.5094503808979007	0.5686450915529462	0.5018587360594796	0.5065502183406114	0.5994124005083152	0.5714726349378143	0.5831920749426004	0.5604930897472711	0.559252192383032	0.5664675605850861	0.578799860766225	0.5032967032967033	0.580021248801298	0.5701756648146785	0.5680498572483311	0.5809736511049622	0.5707244924197341	0.5544613617196313	0.5191145485448075	0.5043668122270742	0.50752688172043	0.5788720116980733	0.5745821212418868	0.5592814709380466	0.5653667207977334	0.5759758902010131	0.5085302675725702	0.512589928057554	0.5546469353994159	0.5595118857959753	1.0	0.5	0.5757217139954652	0.5144927536231884	0.5759398666763258
te	0.5	0.5	0.6666666666666666	0.5	0.5	0.5	0.5	0.5	0.5	0.5	0.5	0.5	0.5	0.5	0.5	0.5	0.5	0.5	0.5	0.5	0.5	0.5	0.5	0.5	0.5	0.5	0.5	0.6947368421052631	0.5	0.5	0.5	1.0	0.5	0.6956521739130435	0.5
vi	0.5115606936416185	0.5432374305076492	0.6711864406779662	0.5076923076923077	0.5580689324803912	0.5449148518768002	0.5521382190283403	0.5448175183749645	0.5375854214123007	0.5428278137005439	0.5469677982426394	0.5046728971962617	0.5592691545831328	0.5618988911747013	0.5461636800936057	0.560335265447052	0.5462760167900237	0.5368444804371882	0.5162195129137375	0.5061728395061729	0.5105740181268882	0.5520081496041819	0.5460232006885538	0.5374927741519833	0.5448552129757035	0.5537270684929575	0.5058479532163742	0.6972176759410802	0.5401301518438179	0.537272345521564	0.5757217139954652	0.5	1.0	0.7019867549668874	0.5570819465656932
war	0.7289719626168224	0.546218487394958	0.6666666666666666	0.787878787878788	0.5242424242424242	0.5075075075075075	0.6992481203007519	0.5053908355795148	0.5076190476190476	0.5074906367041199	0.6956521739130435	0.7193675889328064	0.5170454545454546	0.5106666666666667	0.5067437379576109	0.688034188034188	0.6905027932960894	0.5384615384615384	0.7089337175792507	0.7184466019417476	0.7150259067357513	0.5122699386503067	0.510230179028133	0.5094117647058823	0.5213675213675213	0.6779840848806366	0.5150300601202404	0.7586206896551725	0.5320197044334976	0.5108359133126935	0.5144927536231884	0.6956521739130435	0.7019867549668874	1.0	0.6909090909090909
zh	0.5088235294117647	0.5493399536323668	0.6697459584295612	0.5045317220543807	0.5692156599261767	0.6090283231605101	0.5891099372168077	0.5849944385707566	0.5979499039920081	0.5976961467306815	0.575544830204619	0.5022761760242792	0.5841501041689723	0.5681262980527698	0.6036110738000657	0.6110136829894678	0.5893423595037256	0.5392818237696189	0.5163055966823795	0.5038213719061828	0.5068647014541935	0.5947632731951965	0.5990559725722142	0.584084368728228	0.5942797494073905	0.6138806456352911	0.5074978281426935	0.6877113866967305	0.5504619378483622	0.5482652009618688	0.5759398666763258	0.5	0.5570819465656932	0.6909090909090909	1.0
