arz	bs	ceb	ckb	da	de	el	en	es	fr	he	hi	hu	id	it	ja	ko	lv	mk	ml	mr	nl	pl	pt	ro	ru	sh	si	simple	sr	sv	te	vi	war	zh
arz	1.0	0.8078544781892579	0.0	1.0	0.3164169651369785	0.2612588321551825	0.26636948883612616	0.20314475084795544	0.28185345206965245	0.27307233571277134	0.42248621520025237	0.8216064286890065	0.26193978918280536	0.3834381250598937	0.2946898790176282	0.3131468831474587	0.34466406896549	0.7321877915639142	0.3946514430744052	0.7863954451402115	0.46774334367077997	0.3046602071392713	0.28645124544225326	0.29017825718282503	0.2892701917228322	0.2751627261036093	0.8015341078191462	1.0	0.3027153765217802	0.4250287387824155	0.2668681686700014	0.0	0.3905171527944548	1.0	0.24391150219225244
bs	0.8078544781892579	1.0	0.0	0.6954240582387622	0.3248204592561589	0.2681363383523172	0.32077637549009114	0.21960488998896457	0.3735064935091049	0.4057738356582325	0.36820692506532116	0.6775915738325127	0.3242268481042552	0.37003393726879324	0.1964325437635354	0.2776960952490493	0.31145746321827356	0.5526911819431144	0.39869392236486423	0.4941514115485279	0.6405932473755616	0.3168353742987724	0.2620641152738701	0.2429507178383361	0.4692729438061691	0.27123038579026776	0.3702413419275054	1.0	0.47272570527540225	0.45772747133494285	0.27539699196789735	0.0	0.1860914942569897	0.6740515375688697	0.26429113518513064
ceb	0.0	0.0	1.0	0.0	1.0	1.0	1.0	1.0	1.0	1.0	1.0	1.0	1.0	1.0	1.0	1.0	1.0	1.0	1.0	0.0	1.0	1.0	1.0	1.0	1.0	1.0	1.0	0.0	1.0	1.0	1.0	0.0	1.0	0.0	1.0
ckb	1.0	0.6954240582387622	0.0	1.0	0.7584325078215765	0.6483460568909047	0.5949328682853426	0.7017499205814051	0.7510341748895938	0.3564216148748444	0.38151131369314395	0.8216064286890065	0.5431329146072557	0.5724891299602722	0.5895216222074063	0.8183284210166074	0.5546576856374527	0.6832947918959611	0.6110156395532156	0.45428656772856396	0.7002051882096542	0.3432483896362417	0.7111911015543493	0.6382147738712155	0.5514305163462659	0.7510341748895937	1.0	1.0	0.7584325078215765	0.4970510140043846	0.6877211076125289	0.0	0.39004948927711147	1.0	0.5972452001687523
da	0.3164169651369785	0.3248204592561589	1.0	0.7584325078215765	1.0	0.20293364424486404	0.2547815294135242	0.168470665300713	0.18880721578099866	0.262326705723138	0.27413597686512614	0.7863954451402115	0.25400035250463654	0.27867654943544007	0.20099097377241665	0.23447454385074137	0.2404932028265497	0.33596486261221514	0.23343733147935636	0.4805954866802148	0.680669459330183	0.2295227625152864	0.22101512554353359	0.18590776051393706	0.31064379626597827	0.21934637235427606	0.4066889927465719	0.3945592495977248	0.23858710060921262	0.32284822505219635	0.22461247145697663	0.0	0.20836186305217247	0.37716209428108827	0.21333971579584352
de	0.2612588321551825	0.2681363383523172	1.0	0.6483460568909047	0.20293364424486404	1.0	0.186104361988647	0.12070218892578045	0.08466473921075515	0.17144895873710383	0.2107821280469424	0.6851283529839967	0.18226962394332635	0.22702356268458027	0.14063129719338743	0.16272321167429518	0.17764925260566067	0.29234931766306116	0.22599667083362493	0.370727808929099	0.4658384662529242	0.15686433257998023	0.16183898908087002	0.1407377305390469	0.20070213127268036	0.15748067978578523	0.273419934370889	1.0	0.17003698844062531	0.24117926047290808	0.18454751892335156	0.0	0.17104824105260877	0.7248485669756152	0.15326895815558667
el	0.26636948883612616	0.32077637549009114	1.0	0.5949328682853426	0.2547815294135242	0.186104361988647	1.0	0.1607026237335934	0.16960395642631157	0.243860918245979	0.26323920061648687	0.6775915738325127	0.24065169002256676	0.2725290997098234	0.18820713793981483	0.21536155085286035	0.2213428457824546	0.32743029726528616	0.3201836398755706	0.36270924092091145	0.5263123309914848	0.21864735421731452	0.2066479203194076	0.1795848637937593	0.278444309170657	0.20196319872054924	0.39739773829833275	1.0	0.22569685152398364	0.29350309299381117	0.22716508163296378	0.0	0.18858225782120414	1.0	0.1977726737407177
en	0.20314475084795544	0.21960488998896457	1.0	0.7017499205814051	0.168470665300713	0.12070218892578045	0.1607026237335934	1.0	0.06599747607716051	0.13918942902822556	0.17845074184213894	0.7935709274445446	0.15426941148405135	0.18527383617022058	0.11650142874630696	0.1434902026403701	0.1547751439154602	0.23495481665460133	0.2833146205632847	0.3558115127922481	0.5899224105744358	0.1269875770723017	0.13708126857769787	0.12337801097277301	0.16896368093615674	0.13448217934059564	0.29861282253739474	0.5063787473321714	0.15043350208451817	0.2084215174610552	0.15545000308028614	0.0	0.14586909963431652	0.5065467838074488	0.13002594516061675
es	0.28185345206965245	0.3735064935091049	1.0	0.7510341748895938	0.18880721578099866	0.08466473921075515	0.16960395642631157	0.06599747607716051	1.0	0.0888147519163904	0.21906292403409888	0.7863954451402115	0.1286540692122608	0.25321453914749387	0.07434101610865095	0.12178081363021992	0.14140930970977225	0.4234937625661767	0.3342264516018511	0.3789886975399751	0.6000702901601787	0.09113495159043461	0.10592162686270502	0.09508944727999899	0.14443702827322794	0.10133479999622647	0.38254717536610994	0.7263875964832449	0.19019167855949884	0.3430497781781784	0.15914952923078057	0.0	0.17428115569363073	0.7234532828151788	0.09635652233337132
fr	0.27307233571277134	0.4057738356582325	1.0	0.3564216148748444	0.262326705723138	0.17144895873710383	0.243860918245979	0.13918942902822556	0.0888147519163904	1.0	0.29905038256530836	0.4899622014384666	0.23093214261003192	0.3282671211348722	0.16614319088142296	0.20448622411526696	0.23005707062223735	0.4387952024476794	0.3176364393937831	0.3695583758908856	0.35463497331247434	0.2023578944192091	0.196784636596685	0.16281953806887356	0.2941803324860373	0.19239930501556274	0.4062927454437361	0.658925744020971	0.22316578350493077	0.3784833324984556	0.23790439666371854	0.0	0.19301829006413673	0.3871046741624734	0.18881642882364652
he	0.42248621520025237	0.36820692506532116	1.0	0.38151131369314395	0.27413597686512614	0.2107821280469424	0.26323920061648687	0.17845074184213894	0.21906292403409888	0.29905038256530836	1.0	0.6827447964042134	0.2689756235016462	0.3195210592343247	0.2182932625174359	0.23854033894719798	0.2636945192426845	0.3841883795278011	0.3155012975093424	0.46551082257500587	0.3943857789708391	0.2554878485607601	0.22726151892658383	0.18724701430324978	0.3417545027280645	0.23671212532803634	0.46043940614911855	1.0	0.2788097476969067	0.36276037460135185	0.2581313831949446	0.0	0.2065406950123626	1.0	0.22441840764911844
hi	0.8216064286890065	0.6775915738325127	1.0	0.8216064286890065	0.7863954451402115	0.6851283529839967	0.6775915738325127	0.7935709274445446	0.7863954451402115	0.4899622014384666	0.6827447964042134	1.0	0.6851283529839967	0.7863954451402115	0.7863954451402115	1.0	0.6827447964042134	0.7863954451402114	0.6775915738325127	0.8216064286890065	0.8216064286890065	0.6775915738325127	1.0	0.7863954451402115	0.42223174768290156	0.6827447964042134	1.0	1.0	0.7863954451402115	0.6317981828039929	0.6775915738325127	0.0	0.7863954451402115	1.0	1.0
hu	0.26193978918280536	0.3242268481042552	1.0	0.5431329146072557	0.25400035250463654	0.18226962394332635	0.24065169002256676	0.15426941148405135	0.1286540692122608	0.23093214261003192	0.2689756235016462	0.6851283529839967	1.0	0.27532839954220434	0.17677159377674698	0.20669665986097763	0.23239758874071947	0.32359387148692415	0.27505766332857956	0.3426236162191526	0.29052845460044135	0.21002594346840536	0.19778068443127828	0.1652205433965771	0.2676726969608098	0.19728677995284874	0.3891477354144614	1.0	0.24346625211967704	0.32532858138984605	0.21899995363116537	0.0	0.2007914804166706	1.0	0.19510456977727758
id	0.3834381250598937	0.37003393726879324	1.0	0.5724891299602722	0.27867654943544007	0.22702356268458027	0.2725290997098234	0.18527383617022058	0.25321453914749387	0.3282671211348722	0.3195210592343247	0.7863954451402115	0.27532839954220434	1.0	0.22448278913277012	0.2518749705633231	0.25797667455095846	0.3973198998439651	0.38203746086638857	0.5688760286419893	0.5280861128656535	0.2738288339290934	0.24464722927440088	0.2007678829211151	0.3613065163070624	0.23790222316845439	0.42074254598547695	1.0	0.2830424113496533	0.38064114118741715	0.2610895084621848	0.0	0.22772844507425088	0.3871046741624734	0.2096213586553881
it	0.2946898790176282	0.1964325437635354	1.0	0.5895216222074063	0.20099097377241665	0.14063129719338743	0.18820713793981483	0.11650142874630696	0.07434101610865095	0.16614319088142296	0.2182932625174359	0.7863954451402115	0.17677159377674698	0.22448278913277012	1.0	0.16188695492275143	0.18142667293717088	0.17809273211561877	0.3345698021238285	0.38866735746212405	0.45578685164597504	0.15421105243626654	0.15447322211759448	0.13841144391713833	0.20190345733193266	0.15320991093868583	0.31042244585681134	0.7300208629885035	0.16939614549397813	0.2128118010007259	0.18134870763240038	0.0	0.17209524501520157	0.6290808149140177	0.15095968193252715
ja	0.3131468831474587	0.2776960952490493	1.0	0.8183284210166074	0.23447454385074137	0.16272321167429518	0.21536155085286035	0.1434902026403701	0.12178081363021992	0.20448622411526696	0.23854033894719798	1.0	0.20669665986097763	0.2518749705633231	0.16188695492275143	1.0	0.1991935355908764	0.30025806448808706	0.31979780310664957	0.3748249733159288	0.42055083847038705	0.19085500284581386	0.18500873644452898	0.16053905852686284	0.2418262224245069	0.18101540000335425	0.32545133295749057	1.0	0.21260611530203877	0.2822065172569749	0.20517820403494227	0.0	0.1734839675072429	1.0	0.17571473425252576
ko	0.34466406896549	0.31145746321827356	1.0	0.5546576856374527	0.2404932028265497	0.17764925260566067	0.2213428457824546	0.1547751439154602	0.14140930970977225	0.23005707062223735	0.2636945192426845	0.6827447964042134	0.23239758874071947	0.25797667455095846	0.18142667293717088	0.1991935355908764	1.0	0.3252163499482138	0.24516982815267666	0.386818571530088	0.5712373394616114	0.21140858628572995	0.19857502199610258	0.17345804566325182	0.2673633461816103	0.19468258815066472	0.2975635341137063	1.0	0.19927244183966525	0.3016934334121452	0.21744987703381016	0.0	0.18893786409125163	1.0	0.18552960147600966
lv	0.7321877915639142	0.5526911819431144	1.0	0.6832947918959611	0.33596486261221514	0.29234931766306116	0.32743029726528616	0.23495481665460133	0.4234937625661767	0.4387952024476794	0.3841883795278011	0.7863954451402114	0.32359387148692415	0.3973198998439651	0.17809273211561877	0.30025806448808706	0.3252163499482138	1.0	0.4221680200537052	0.4909642362103683	0.6439097843691368	0.34357178623944024	0.25727430532142714	0.22000361191482226	0.5425461365655231	0.2571787731744451	0.38358100636308445	1.0	0.45443236752182	0.4822730515784988	0.268650378396479	0.0	0.2662686746923158	1.0	0.23426805953234986
mk	0.3946514430744052	0.39869392236486423	1.0	0.6110156395532156	0.23343733147935636	0.22599667083362493	0.3201836398755706	0.2833146205632847	0.3342264516018511	0.3176364393937831	0.3155012975093424	0.6775915738325127	0.27505766332857956	0.38203746086638857	0.3345698021238285	0.31979780310664957	0.24516982815267666	0.4221680200537052	1.0	0.4736933414960998	0.6302812083962388	0.2824658295664235	0.27896772962591865	0.2677955071287036	0.3498301788649912	0.29970212964709647	0.3156073033473944	1.0	0.32987821615111734	0.3871173124412762	0.3123161796108545	0.0	0.28044049080860856	1.0	0.2852859289414796
ml	0.7863954451402115	0.4941514115485279	0.0	0.45428656772856396	0.4805954866802148	0.370727808929099	0.36270924092091145	0.3558115127922481	0.3789886975399751	0.3695583758908856	0.46551082257500587	0.8216064286890065	0.3426236162191526	0.5688760286419893	0.38866735746212405	0.3748249733159288	0.386818571530088	0.4909642362103683	0.4736933414960998	1.0	0.39155443679170615	0.3920430554797749	0.3638895824198736	0.350857057179274	0.3385054134830068	0.36429938053552335	0.8216064286890065	1.0	0.3789886975399751	0.6847679715163433	0.4805954866802148	0.0	0.501289143784082	1.0	0.38151383655524895
mr	0.46774334367077997	0.6405932473755616	1.0	0.7002051882096542	0.680669459330183	0.4658384662529242	0.5263123309914848	0.5899224105744358	0.6000702901601787	0.35463497331247434	0.3943857789708391	0.8216064286890065	0.29052845460044135	0.5280861128656535	0.45578685164597504	0.42055083847038705	0.5712373394616114	0.6439097843691368	0.6302812083962388	0.39155443679170615	1.0	0.5972316402032395	0.6155704848806043	0.39097769971942314	0.5221207850087862	0.5406062173272264	0.46991497196378373	1.0	0.6415533173434209	0.645888069827967	0.6487345140576927	0.0	0.3917958710400358	1.0	0.5960632694924693
nl	0.3046602071392713	0.3168353742987724	1.0	0.3432483896362417	0.2295227625152864	0.15686433257998023	0.21864735421731452	0.1269875770723017	0.09113495159043461	0.2023578944192091	0.2554878485607601	0.6775915738325127	0.21002594346840536	0.2738288339290934	0.15421105243626654	0.19085500284581386	0.21140858628572995	0.34357178623944024	0.2824658295664235	0.3920430554797749	0.5972316402032395	1.0	0.17651860785754775	0.14793473556221748	0.2481556615602326	0.17460442432636172	0.32133054238827913	0.6638546162332061	0.21067736637517334	0.31282705067962446	0.20004301938545604	0.0	0.17941032041400604	0.7234532828151787	0.1678388883092295
pl	0.28645124544225326	0.2620641152738701	1.0	0.7111911015543493	0.22101512554353359	0.16183898908087002	0.2066479203194076	0.13708126857769787	0.10592162686270502	0.196784636596685	0.22726151892658383	1.0	0.19778068443127828	0.24464722927440088	0.15447322211759448	0.18500873644452898	0.19857502199610258	0.25727430532142714	0.27896772962591865	0.3638895824198736	0.6155704848806043	0.17651860785754775	1.0	0.1570649545701103	0.2286069843690929	0.17340187844194335	0.29410075686968923	1.0	0.194541668849696	0.25434824655316923	0.20032915181313543	0.0	0.17363168200162687	0.7234532828151787	0.17001388619406368
pt	0.29017825718282503	0.2429507178383361	1.0	0.6382147738712155	0.18590776051393706	0.1407377305390469	0.1795848637937593	0.12337801097277301	0.09508944727999899	0.16281953806887356	0.18724701430324978	0.7863954451402115	0.1652205433965771	0.2007678829211151	0.13841144391713833	0.16053905852686284	0.17345804566325182	0.22000361191482226	0.2677955071287036	0.350857057179274	0.39097769971942314	0.14793473556221748	0.1570649545701103	1.0	0.18486309198802336	0.15433987737528476	0.32360665975821123	1.0	0.16890530406443208	0.19485326275239373	0.17635753041406632	0.0	0.1538440537208172	0.7234532828151787	0.15270513991529225
ro	0.2892701917228322	0.4692729438061691	1.0	0.5514305163462659	0.31064379626597827	0.20070213127268036	0.278444309170657	0.16896368093615674	0.14443702827322794	0.2941803324860373	0.3417545027280645	0.42223174768290156	0.2676726969608098	0.3613065163070624	0.20190345733193266	0.2418262224245069	0.2673633461816103	0.5425461365655231	0.3498301788649912	0.3385054134830068	0.5221207850087862	0.2481556615602326	0.2286069843690929	0.18486309198802336	1.0	0.2207066114707913	0.41324941060708886	1.0	0.27136756433173004	0.4387458544495023	0.2581852959764841	0.0	0.20416705662796056	1.0	0.21219516989052017
ru	0.2751627261036093	0.27123038579026776	1.0	0.7510341748895937	0.21934637235427606	0.15748067978578523	0.20196319872054924	0.13448217934059564	0.10133479999622647	0.19239930501556274	0.23671212532803634	0.6827447964042134	0.19728677995284874	0.23790222316845439	0.15320991093868583	0.18101540000335425	0.19468258815066472	0.2571787731744451	0.29970212964709647	0.36429938053552335	0.5406062173272264	0.17460442432636172	0.17340187844194335	0.15433987737528476	0.2207066114707913	1.0	0.3820454910225587	1.0	0.19182773170408812	0.27371399871194935	0.1990699145036983	0.0	0.17176479369847433	1.0	0.16403535288317825
sh	0.8015341078191462	0.3702413419275054	1.0	1.0	0.4066889927465719	0.273419934370889	0.39739773829833275	0.29861282253739474	0.38254717536610994	0.4062927454437361	0.46043940614911855	1.0	0.3891477354144614	0.42074254598547695	0.31042244585681134	0.32545133295749057	0.2975635341137063	0.38358100636308445	0.3156073033473944	0.8216064286890065	0.46991497196378373	0.32133054238827913	0.29410075686968923	0.32360665975821123	0.41324941060708886	0.3820454910225587	1.0	1.0	0.7720199480579505	0.39808507054404707	0.34336053099240094	0.0	0.41657746326940903	1.0	0.3818154841351903
si	1.0	1.0	0.0	1.0	0.3945592495977248	1.0	1.0	0.5063787473321714	0.7263875964832449	0.658925744020971	1.0	1.0	1.0	1.0	0.7300208629885035	1.0	1.0	1.0	1.0	1.0	1.0	0.6638546162332061	1.0	1.0	1.0	1.0	1.0	1.0	0.7300208629885034	1.0	1.0	1.0	1.0	1.0	1.0
simple	0.3027153765217802	0.47272570527540225	1.0	0.7584325078215765	0.23858710060921262	0.17003698844062531	0.22569685152398364	0.15043350208451817	0.19019167855949884	0.22316578350493077	0.2788097476969067	0.7863954451402115	0.24346625211967704	0.2830424113496533	0.16939614549397813	0.21260611530203877	0.19927244183966525	0.45443236752182	0.32987821615111734	0.3789886975399751	0.6415533173434209	0.21067736637517334	0.194541668849696	0.16890530406443208	0.27136756433173004	0.19182773170408812	0.7720199480579505	0.7300208629885034	1.0	0.3900843349784403	0.22427397495256426	0.0	0.1962256542890258	1.0	0.18416142999651147
sr	0.4250287387824155	0.45772747133494285	1.0	0.4970510140043846	0.32284822505219635	0.24117926047290808	0.29350309299381117	0.2084215174610552	0.3430497781781784	0.3784833324984556	0.36276037460135185	0.6317981828039929	0.32532858138984605	0.38064114118741715	0.2128118010007259	0.2822065172569749	0.3016934334121452	0.4822730515784988	0.3871173124412762	0.6847679715163433	0.645888069827967	0.31282705067962446	0.25434824655316923	0.19485326275239373	0.4387458544495023	0.27371399871194935	0.39808507054404707	1.0	0.3900843349784403	1.0	0.272463434030215	0.0	0.23351258415768167	1.0	0.21532673319618842
sv	0.2668681686700014	0.27539699196789735	1.0	0.6877211076125289	0.22461247145697663	0.18454751892335156	0.22716508163296378	0.15545000308028614	0.15914952923078057	0.23790439666371854	0.2581313831949446	0.6775915738325127	0.21899995363116537	0.2610895084621848	0.18134870763240038	0.20517820403494227	0.21744987703381016	0.268650378396479	0.3123161796108545	0.4805954866802148	0.6487345140576927	0.20004301938545604	0.20032915181313543	0.17635753041406632	0.2581852959764841	0.1990699145036983	0.34336053099240094	1.0	0.22427397495256426	0.272463434030215	1.0	0.0	0.1741552959115687	1.0	0.18967487362772448
te	0.0	0.0	0.0	0.0	0.0	0.0	0.0	0.0	0.0	0.0	0.0	0.0	0.0	0.0	0.0	0.0	0.0	0.0	0.0	0.0	0.0	0.0	0.0	0.0	0.0	0.0	0.0	1.0	0.0	0.0	0.0	0.0	0.0	1.0	0.0
vi	0.3905171527944548	0.1860914942569897	1.0	0.39004948927711147	0.20836186305217247	0.17104824105260877	0.18858225782120414	0.14586909963431652	0.17428115569363073	0.19301829006413673	0.2065406950123626	0.7863954451402115	0.2007914804166706	0.22772844507425088	0.17209524501520157	0.1734839675072429	0.18893786409125163	0.2662686746923158	0.28044049080860856	0.501289143784082	0.3917958710400358	0.17941032041400604	0.17363168200162687	0.1538440537208172	0.20416705662796056	0.17176479369847433	0.41657746326940903	1.0	0.1962256542890258	0.23351258415768167	0.1741552959115687	0.0	1.0	1.0	0.17134074693903423
war	1.0	0.6740515375688697	0.0	1.0	0.37716209428108827	0.7248485669756152	1.0	0.5065467838074488	0.7234532828151788	0.3871046741624734	1.0	1.0	1.0	0.3871046741624734	0.6290808149140177	1.0	1.0	1.0	1.0	1.0	1.0	0.7234532828151787	0.7234532828151787	0.7234532828151787	1.0	1.0	1.0	1.0	1.0	1.0	1.0	1.0	1.0	1.0	1.0
zh	0.24391150219225244	0.26429113518513064	1.0	0.5972452001687523	0.21333971579584352	0.15326895815558667	0.1977726737407177	0.13002594516061675	0.09635652233337132	0.18881642882364652	0.22441840764911844	1.0	0.19510456977727758	0.2096213586553881	0.15095968193252715	0.17571473425252576	0.18552960147600966	0.23426805953234986	0.2852859289414796	0.38151383655524895	0.5960632694924693	0.1678388883092295	0.17001388619406368	0.15270513991529225	0.21219516989052017	0.16403535288317825	0.3818154841351903	1.0	0.18416142999651147	0.21532673319618842	0.18967487362772448	0.0	0.17134074693903423	1.0	1.0
