bs	ckb	da	de	el	en	es	fr	he	hi	hu	id	it	ja	ko	lv	mk	ml	mr	nl	pl	pt	ro	ru	sh	si	simple	sr	sv	te	tr	union	vi	zh
bs	1.0	0.0	1.0	1.0	1.0	1.0	1.0	1.0	1.0	0.0	1.0	1.0	1.0	1.0	1.0	0.0	1.0	0.0	0.0	1.0	1.0	1.0	1.0	1.0	1.0	0.0	0.0	1.0	1.0	0.0	1.0	1.0	0.0	1.0
ckb	0.0	0.3333333333333333	1.0	0.3333333333333333	1.0	0.3333333333333333	0.5	0.5	1.0	0.5	1.0	0.5	0.5	0.3333333333333333	1.0	1.0	1.0	1.0	1.0	0.3333333333333333	0.3333333333333333	0.5	1.0	0.5	0.0	0.0	0.5	1.0	0.5	1.0	0.5	0.3333333333333333	1.0	0.5
da	1.0	1.0	0.14287755102040817	0.16669444444444442	0.3333333333333333	0.14287755102040817	0.2	0.14285714285714285	0.2	1.0	0.2	0.25	0.20003999999999997	0.2	0.25	1.0	0.3333333333333333	0.0	0.0	0.20003999999999997	0.16666666666666666	0.25	0.3333333333333333	0.16666666666666666	0.3333333333333333	1.0	0.5	0.33344444444444443	0.16666666666666666	0.0	0.5	0.14287755102040817	0.5	0.25
de	1.0	0.3333333333333333	0.16669444444444442	0.022740714373985043	0.2	0.026326878819958467	0.03225910509885536	0.03227056088659316	0.125	0.25	0.125	0.16666666666666666	0.040008003203203205	0.05555555555555555	0.1111111111111111	1.0	0.25	0.5	0.3333333333333333	0.04546281405372315	0.04348015122873346	0.043478260869565216	0.14285714285714285	0.047621315192743756	0.2	1.0	0.125	0.20003999999999997	0.07692307692307693	0.5	0.16669444444444442	0.022740714373985043	0.3333333333333333	0.07142857142857142
el	1.0	1.0	0.3333333333333333	0.2	0.14285714285714285	0.14285714285714285	0.2	0.16666666666666666	0.25	1.0	0.3333333333333333	0.3333333333333333	0.2	0.2	0.3333333333333333	1.0	0.25	0.0	0.0	0.2	0.2	0.16666666666666666	0.25	0.16666666666666666	0.3333333333333333	1.0	1.0	0.25	0.25	0.0	0.25	0.14285714285714285	0.5	0.25
en	1.0	0.3333333333333333	0.14287755102040817	0.026326878819958467	0.14285714285714285	0.015191652787241276	0.027032872170929145	0.02779865365769522	0.09090909090909091	0.2	0.125	0.16666666666666666	0.03572449873215179	0.047619047619047616	0.1	1.0	0.25	0.3333333333333333	0.25	0.040008003203203205	0.0400048	0.03847041568195414	0.11112345679012345	0.035715561224489795	0.2	1.0	0.125	0.20003999999999997	0.055561728395061724	0.3333333333333333	0.14287755102040817	0.015191652787241276	0.25	0.058823529411764705
es	1.0	0.5	0.2	0.03225910509885536	0.2	0.027032872170929145	0.02382030045918935	0.03571683673469388	0.1111111111111111	0.3333333333333333	0.125	0.16666666666666666	0.04167013888888889	0.058823529411764705	0.1111111111111111	1.0	0.25	1.0	0.5	0.04762358276643991	0.05000249999999999	0.04348393194706995	0.125015625	0.05	0.2	1.0	0.14285714285714285	0.2	0.07692307692307693	0.5	0.16669444444444442	0.02382030045918935	0.3333333333333333	0.07142857142857142
fr	1.0	0.5	0.14285714285714285	0.03227056088659316	0.16666666666666666	0.02779865365769522	0.03571683673469388	0.026340074212903856	0.1	0.25	0.125	0.16666666666666666	0.04000640320320321	0.05555555555555555	0.1	1.0	0.25	0.5	0.3333333333333333	0.045460743801652895	0.040003199999999996	0.045454545454545456	0.125	0.045456611570247926	0.2	1.0	0.16666666666666666	0.2	0.07692307692307693	0.5	0.14285714285714285	0.026340074212903856	0.25	0.06666666666666667
he	1.0	1.0	0.2	0.125	0.25	0.09090909090909091	0.1111111111111111	0.1	0.09090909090909091	1.0	0.16666666666666666	0.2	0.1111111111111111	0.125	0.2	1.0	0.3333333333333333	0.0	0.0	0.1111111111111111	0.1111111111111111	0.125	0.25	0.1	0.25	1.0	0.5	0.3333333333333333	0.125	0.0	0.25	0.09090909090909091	0.5	0.14285714285714285
hi	0.0	0.5	1.0	0.25	1.0	0.2	0.3333333333333333	0.25	1.0	0.2	1.0	0.5	0.3333333333333333	0.3333333333333333	1.0	1.0	1.0	0.3333333333333333	0.25	0.3333333333333333	0.25	0.5	1.0	0.3333333333333333	0.0	0.0	1.0	1.0	0.5	0.3333333333333333	0.5	0.2	1.0	0.3333333333333333
hu	1.0	1.0	0.2	0.125	0.3333333333333333	0.125	0.125	0.125	0.16666666666666666	1.0	0.125	0.25	0.125	0.14285714285714285	0.2	1.0	0.3333333333333333	0.0	0.0	0.125	0.125	0.14285714285714285	0.25	0.125	0.3333333333333333	1.0	0.5	0.3333333333333333	0.14285714285714285	0.0	0.3333333333333333	0.125	0.5	0.2
id	1.0	0.5	0.25	0.16666666666666666	0.3333333333333333	0.16666666666666666	0.16666666666666666	0.16666666666666666	0.2	0.5	0.25	0.16666666666666666	0.16666666666666666	0.16666666666666666	0.2	1.0	0.3333333333333333	1.0	1.0	0.16666666666666666	0.16666666666666666	0.16666666666666666	0.5	0.16666666666666666	0.25	1.0	0.3333333333333333	0.3333333333333333	0.25	1.0	0.3333333333333333	0.16666666666666666	0.5	0.16666666666666666
it	1.0	0.5	0.20003999999999997	0.040008003203203205	0.2	0.03572449873215179	0.04167013888888889	0.04000640320320321	0.1111111111111111	0.3333333333333333	0.125	0.16666666666666666	0.03334445668224447	0.07142857142857142	0.125	1.0	0.3333333333333333	1.0	0.5	0.0526398891966759	0.05263434903047091	0.055561728395061724	0.14287755102040817	0.05555555555555555	0.25	1.0	0.16666666666666666	0.25006249999999997	0.08333333333333333	0.5	0.2	0.03334445668224447	0.3333333333333333	0.07142857142857142
ja	1.0	0.3333333333333333	0.2	0.05555555555555555	0.2	0.047619047619047616	0.058823529411764705	0.05555555555555555	0.125	0.3333333333333333	0.14285714285714285	0.16666666666666666	0.07142857142857142	0.047619047619047616	0.1	1.0	0.25	0.5	0.5	0.06666666666666667	0.0625	0.0625	0.125	0.07142857142857142	0.2	1.0	0.16666666666666666	0.2	0.08333333333333333	1.0	0.14285714285714285	0.047619047619047616	0.25	0.1111111111111111
ko	1.0	1.0	0.25	0.1111111111111111	0.3333333333333333	0.1	0.1111111111111111	0.1	0.2	1.0	0.2	0.2	0.125	0.1	0.1	1.0	0.3333333333333333	0.0	0.0	0.125	0.125	0.1111111111111111	0.3333333333333333	0.14285714285714285	0.25	1.0	0.3333333333333333	0.25	0.14285714285714285	0.0	0.3333333333333333	0.1	0.3333333333333333	0.16666666666666666
lv	0.0	1.0	1.0	1.0	1.0	1.0	1.0	1.0	1.0	1.0	1.0	1.0	1.0	1.0	1.0	1.0	1.0	0.0	0.0	1.0	1.0	1.0	1.0	1.0	0.0	0.0	0.0	1.0	1.0	0.0	1.0	1.0	1.0	1.0
mk	1.0	1.0	0.3333333333333333	0.25	0.25	0.25	0.25	0.25	0.3333333333333333	1.0	0.3333333333333333	0.3333333333333333	0.3333333333333333	0.25	0.3333333333333333	1.0	0.25	0.0	0.0	0.25	0.3333333333333333	0.25	0.3333333333333333	0.25	0.3333333333333333	1.0	1.0	0.25	0.3333333333333333	0.0	0.3333333333333333	0.25	0.5	0.3333333333333333
ml	0.0	1.0	0.0	0.5	0.0	0.3333333333333333	1.0	0.5	0.0	0.3333333333333333	0.0	1.0	1.0	0.5	0.0	0.0	0.0	0.3333333333333333	0.3333333333333333	1.0	0.5	1.0	0.0	1.0	0.0	0.0	1.0	0.0	0.0	0.5	1.0	0.3333333333333333	0.0	1.0
mr	0.0	1.0	0.0	0.3333333333333333	0.0	0.25	0.5	0.3333333333333333	0.0	0.25	0.0	1.0	0.5	0.5	0.0	0.0	0.0	0.3333333333333333	0.25	0.5	0.3333333333333333	1.0	0.0	0.5	0.0	0.0	1.0	0.0	1.0	0.3333333333333333	1.0	0.25	0.0	0.5
nl	1.0	0.3333333333333333	0.20003999999999997	0.04546281405372315	0.2	0.040008003203203205	0.04762358276643991	0.045460743801652895	0.1111111111111111	0.3333333333333333	0.125	0.16666666666666666	0.0526398891966759	0.06666666666666667	0.125	1.0	0.25	1.0	0.5	0.037050765441711944	0.05263157894736842	0.0625	0.125	0.05263157894736842	0.2	1.0	0.16666666666666666	0.20003999999999997	0.07142857142857142	0.5	0.14287755102040817	0.037050765441711944	0.3333333333333333	0.08333333333333333
pl	1.0	0.3333333333333333	0.16666666666666666	0.04348015122873346	0.2	0.0400048	0.05000249999999999	0.040003199999999996	0.1111111111111111	0.25	0.125	0.16666666666666666	0.05263434903047091	0.0625	0.125	1.0	0.3333333333333333	0.5	0.3333333333333333	0.05263157894736842	0.03704115226337448	0.05555864197530863	0.14287755102040817	0.058823529411764705	0.25	1.0	0.16666666666666666	0.25	0.07142857142857142	0.5	0.16666666666666666	0.03704115226337448	0.3333333333333333	0.08333333333333333
pt	1.0	0.5	0.25	0.043478260869565216	0.16666666666666666	0.03847041568195414	0.04348393194706995	0.045454545454545456	0.125	0.5	0.14285714285714285	0.16666666666666666	0.055561728395061724	0.0625	0.1111111111111111	1.0	0.25	1.0	1.0	0.0625	0.05555864197530863	0.03573471048089416	0.14287755102040817	0.05555555555555555	0.2	1.0	0.14285714285714285	0.2	0.08334027777777778	1.0	0.14285714285714285	0.03573471048089416	0.3333333333333333	0.1
ro	1.0	1.0	0.3333333333333333	0.14285714285714285	0.25	0.11112345679012345	0.125015625	0.125	0.25	1.0	0.25	0.5	0.14287755102040817	0.125	0.3333333333333333	1.0	0.3333333333333333	0.0	0.0	0.125	0.14287755102040817	0.14287755102040817	0.11113581482717286	0.125	0.5	0.0	1.0	0.25	0.2	0.0	0.25	0.11113581482717286	0.5	0.5
ru	1.0	0.5	0.16666666666666666	0.047621315192743756	0.16666666666666666	0.035715561224489795	0.05	0.045456611570247926	0.1	0.3333333333333333	0.125	0.16666666666666666	0.05555555555555555	0.07142857142857142	0.14285714285714285	1.0	0.25	1.0	0.5	0.05263157894736842	0.058823529411764705	0.05555555555555555	0.125	0.035715561224489795	0.2	1.0	0.16666666666666666	0.2	0.07142857142857142	0.5	0.16666666666666666	0.035715561224489795	0.3333333333333333	0.08333333333333333
sh	1.0	0.0	0.3333333333333333	0.2	0.3333333333333333	0.2	0.2	0.2	0.25	0.0	0.3333333333333333	0.25	0.25	0.2	0.25	0.0	0.3333333333333333	0.0	0.0	0.2	0.25	0.2	0.5	0.2	0.2	1.0	0.5	0.3333333333333333	0.3333333333333333	0.0	0.5	0.2	1.0	0.25
si	0.0	0.0	1.0	1.0	1.0	1.0	1.0	1.0	1.0	0.0	1.0	1.0	1.0	1.0	1.0	0.0	1.0	0.0	0.0	1.0	1.0	1.0	0.0	1.0	1.0	1.0	1.0	1.0	1.0	0.0	0.0	1.0	1.0	1.0
simple	0.0	0.5	0.5	0.125	1.0	0.125	0.14285714285714285	0.16666666666666666	0.5	1.0	0.5	0.3333333333333333	0.16666666666666666	0.16666666666666666	0.3333333333333333	0.0	1.0	1.0	1.0	0.16666666666666666	0.16666666666666666	0.14285714285714285	1.0	0.16666666666666666	0.5	1.0	0.125015625	0.5	0.2	1.0	1.0	0.125015625	1.0	0.25
sr	1.0	1.0	0.33344444444444443	0.20003999999999997	0.25	0.20003999999999997	0.2	0.2	0.3333333333333333	1.0	0.3333333333333333	0.3333333333333333	0.25006249999999997	0.2	0.25	1.0	0.25	0.0	0.0	0.20003999999999997	0.25	0.2	0.25	0.2	0.3333333333333333	1.0	0.5	0.20003999999999997	0.25	0.0	0.3333333333333333	0.20003999999999997	0.5	0.3333333333333333
sv	1.0	0.5	0.16666666666666666	0.07692307692307693	0.25	0.055561728395061724	0.07692307692307693	0.07692307692307693	0.125	0.5	0.14285714285714285	0.25	0.08333333333333333	0.08333333333333333	0.14285714285714285	1.0	0.3333333333333333	0.0	1.0	0.07142857142857142	0.07142857142857142	0.08334027777777778	0.2	0.07142857142857142	0.3333333333333333	1.0	0.2	0.25	0.05557409570992291	1.0	0.2	0.05557409570992291	0.5	0.125
te	0.0	1.0	0.0	0.5	0.0	0.3333333333333333	0.5	0.5	0.0	0.3333333333333333	0.0	1.0	0.5	1.0	0.0	0.0	0.0	0.5	0.3333333333333333	0.5	0.5	1.0	0.0	0.5	0.0	0.0	1.0	0.0	1.0	0.3333333333333333	1.0	0.3333333333333333	0.0	0.5
tr	1.0	0.5	0.5	0.16669444444444442	0.25	0.14287755102040817	0.16669444444444442	0.14285714285714285	0.25	0.5	0.3333333333333333	0.3333333333333333	0.2	0.14285714285714285	0.3333333333333333	1.0	0.3333333333333333	1.0	1.0	0.14287755102040817	0.16666666666666666	0.14285714285714285	0.25	0.16666666666666666	0.5	0.0	1.0	0.3333333333333333	0.2	1.0	0.14287755102040817	0.14287755102040817	1.0	0.25
union	1.0	0.3333333333333333	0.14287755102040817	0.022740714373985043	0.14285714285714285	0.015191652787241276	0.02382030045918935	0.026340074212903856	0.09090909090909091	0.2	0.125	0.16666666666666666	0.03334445668224447	0.047619047619047616	0.1	1.0	0.25	0.3333333333333333	0.25	0.037050765441711944	0.03704115226337448	0.03573471048089416	0.11113581482717286	0.035715561224489795	0.2	1.0	0.125015625	0.20003999999999997	0.05557409570992291	0.3333333333333333	0.14287755102040817	0.013024135784377524	0.25	0.058823529411764705
vi	0.0	1.0	0.5	0.3333333333333333	0.5	0.25	0.3333333333333333	0.25	0.5	1.0	0.5	0.5	0.3333333333333333	0.25	0.3333333333333333	1.0	0.5	0.0	0.0	0.3333333333333333	0.3333333333333333	0.3333333333333333	0.5	0.3333333333333333	1.0	1.0	1.0	0.5	0.5	0.0	1.0	0.25	0.25	0.3333333333333333
zh	1.0	0.5	0.25	0.07142857142857142	0.25	0.058823529411764705	0.07142857142857142	0.06666666666666667	0.14285714285714285	0.3333333333333333	0.2	0.16666666666666666	0.07142857142857142	0.1111111111111111	0.16666666666666666	1.0	0.3333333333333333	1.0	0.5	0.08333333333333333	0.08333333333333333	0.1	0.5	0.08333333333333333	0.25	1.0	0.25	0.3333333333333333	0.125	0.5	0.25	0.058823529411764705	0.3333333333333333	0.058823529411764705
