bs	ckb	da	de	el	en	es	fr	he	hi	hu	id	it	ja	ko	lv	mk	ml	mr	nl	pl	pt	ro	ru	sh	si	simple	sr	sv	te	tr	union	vi	zh
bs	1.0	0.6666666666666666	0.5333333333333333	0.5056179775280899	0.7272727272727273	0.5037593984962406	0.5058823529411764	0.5064935064935064	0.7058823529411764	0.6666666666666666	0.72	0.7368421052631579	0.5081967213114754	0.6875	0.7096774193548386	0.6666666666666666	0.7692307692307692	0.6666666666666666	0.6666666666666666	0.509090909090909	0.509090909090909	0.5087719298245614	0.5263157894736842	0.5087719298245614	0.75	0.6666666666666666	0.5	0.5454545454545455	0.5135135135135135	0.6666666666666666	0.5333333333333333	0.5032258064516129	0.6666666666666666	0.6923076923076923
ckb	0.6666666666666666	1.0	0.5263157894736842	0.5164835164835164	0.7142857142857143	0.5111111111111111	0.5113636363636364	0.5125000000000001	0.7	0.8	0.7096774193548386	0.782608695652174	0.515625	0.7272727272727273	0.7027027027027026	0.8	0.7368421052631579	0.75	0.7368421052631579	0.5263157894736842	0.5263157894736842	0.5166666666666666	0.5217391304347826	0.5166666666666666	0.6666666666666666	0.6666666666666666	0.55	0.5333333333333333	0.525	0.75	0.5555555555555556	0.5095541401273885	0.7368421052631579	0.7142857142857143
da	0.5333333333333333	0.5263157894736842	1.0	0.5419126328217237	0.56	0.526760679531585	0.5268817204301075	0.5421686746987951	0.5806451612903225	0.5217391304347826	0.6000000000000001	0.5909090909090909	0.5637119113573407	0.5490196078431373	0.5666666666666667	0.5333333333333333	0.5789473684210527	0.5	0.5	0.5675265553869498	0.5483870967741935	0.5303030303030303	0.5517241379310345	0.546875	0.5714285714285714	0.5333333333333333	0.5357142857142857	0.8	0.5681818181818182	0.5	0.5384615384615384	0.5229793977812995	0.55	0.5454545454545455
de	0.5056179775280899	0.5164835164835164	0.5419126328217237	1.0	0.5257731958762887	0.6351039260969977	0.6183096341268574	0.7016411838967598	0.5392156862745098	0.5212765957446809	0.5416666666666666	0.5319148936170213	0.6564810251355347	0.5803571428571428	0.5454545454545455	0.5056179775280899	0.5217391304347826	0.5108695652173914	0.5161290322580645	0.6333002973240833	0.6091715976331361	0.5950413223140496	0.5353535353535354	0.5983379501385042	0.5268817204301075	0.5056179775280899	0.5416666666666666	0.5373679935012186	0.5585585585585585	0.5108695652173914	0.5419126328217237	0.6534917555771096	0.5161290322580645	0.5648148148148149
el	0.7272727272727273	0.7142857142857143	0.56	0.5257731958762887	1.0	0.5251798561151079	0.5268817204301075	0.5357142857142857	0.782608695652174	0.7058823529411764	0.7692307692307692	0.787878787878788	0.536231884057971	0.7567567567567568	0.7555555555555555	0.7272727272727273	0.8800000000000001	0.6666666666666666	0.6666666666666666	0.5396825396825397	0.5396825396825397	0.546875	0.5714285714285714	0.546875	0.8	0.7272727272727273	0.5172413793103449	0.6000000000000001	0.5434782608695652	0.6666666666666666	0.5833333333333333	0.5217391304347826	0.7586206896551725	0.75
en	0.5037593984962406	0.5111111111111111	0.526760679531585	0.6351039260969977	0.5251798561151079	1.0	0.6188284891488288	0.655884127942064	0.5384615384615384	0.5182481751824817	0.5285714285714286	0.5217391304347826	0.6006528835690969	0.5686274509803921	0.5352112676056338	0.5037593984962406	0.5147058823529412	0.5111111111111111	0.5147058823529412	0.5868514009396756	0.5833510525196683	0.5910775747948107	0.5335273432763429	0.5894789650971117	0.5182481751824817	0.5037593984962406	0.5285714285714286	0.5197874832663989	0.5635062611806798	0.5111111111111111	0.526760679531585	0.912647374062165	0.5147058823529412	0.5570469798657718
es	0.5058823529411764	0.5113636363636364	0.5268817204301075	0.6183096341268574	0.5268817204301075	0.6188284891488288	1.0	0.6199770378874857	0.5463917525773195	0.5164835164835164	0.5434782608695652	0.5333333333333333	0.6258992805755396	0.5779816513761468	0.5473684210526316	0.5058823529411764	0.5227272727272727	0.5056179775280899	0.5111111111111111	0.6147465437788019	0.6007123070834982	0.6306306306306306	0.5569422776911076	0.5833333333333333	0.5280898876404494	0.5058823529411764	0.5376344086021506	0.5280898876404494	0.5607476635514019	0.5113636363636364	0.5471803461753211	0.6380697050938338	0.5168539325842697	0.5673076923076923
fr	0.5064935064935064	0.5125000000000001	0.5421686746987951	0.7016411838967598	0.5357142857142857	0.655884127942064	0.6199770378874857	1.0	0.5568181818181818	0.524390243902439	0.5476190476190476	0.5365853658536585	0.6478932881643024	0.5900000000000001	0.5581395348837209	0.5064935064935064	0.525	0.5125000000000001	0.5185185185185185	0.6270096463022508	0.6398963730569949	0.6000000000000001	0.5465116279069767	0.6101694915254238	0.5308641975308642	0.5064935064935064	0.5348837209302326	0.5308641975308642	0.5656565656565656	0.5125000000000001	0.5421686746987951	0.6528395503207206	0.525	0.5789473684210527
he	0.7058823529411764	0.7	0.5806451612903225	0.5392156862745098	0.782608695652174	0.5384615384615384	0.5463917525773195	0.5568181818181818	1.0	0.6956521739130435	0.8444444444444446	0.8292682926829269	0.5616438356164384	0.8	0.7924528301886793	0.7058823529411764	0.7692307692307692	0.6666666666666666	0.6666666666666666	0.5671641791044776	0.5671641791044776	0.5571428571428572	0.5555555555555556	0.5735294117647058	0.8	0.7058823529411764	0.5277777777777778	0.5517241379310345	0.5800000000000001	0.6666666666666666	0.5625	0.5333333333333333	0.7317073170731707	0.8
hi	0.6666666666666666	0.8	0.5217391304347826	0.5212765957446809	0.7058823529411764	0.5182481751824817	0.5164835164835164	0.524390243902439	0.6956521739130435	1.0	0.7027027027027026	0.7586206896551725	0.5223880597014925	0.7222222222222222	0.6976744186046512	0.75	0.72	0.8888888888888888	0.9473684210526315	0.5245901639344263	0.5333333333333333	0.515625	0.5185185185185185	0.5238095238095238	0.6666666666666666	0.6666666666666666	0.52	0.5263157894736842	0.5227272727272727	0.8888888888888888	0.5454545454545455	0.5157232704402516	0.72	0.7333333333333333
hu	0.72	0.7096774193548386	0.6000000000000001	0.5416666666666666	0.7692307692307692	0.5285714285714286	0.5434782608695652	0.5476190476190476	0.8444444444444446	0.7027027027027026	1.0	0.823529411764706	0.5588235294117647	0.7945205479452055	0.8181818181818181	0.72	0.8	0.6666666666666666	0.6666666666666666	0.5645161290322581	0.5645161290322581	0.5538461538461539	0.5666666666666667	0.5625	0.787878787878788	0.72	0.5333333333333333	0.5652173913043479	0.5777777777777777	0.6666666666666666	0.5555555555555556	0.5246913580246914	0.75	0.7692307692307692
id	0.7368421052631579	0.782608695652174	0.5909090909090909	0.5319148936170213	0.787878787878788	0.5217391304347826	0.5333333333333333	0.5365853658536585	0.8292682926829269	0.7586206896551725	0.823529411764706	1.0	0.5454545454545455	0.782608695652174	0.8421052631578947	0.7368421052631579	0.8333333333333334	0.72	0.7142857142857143	0.55	0.55	0.5483870967741935	0.5357142857142857	0.5483870967741935	0.8800000000000001	0.7368421052631579	0.56	0.5789473684210527	0.5454545454545455	0.72	0.5652173913043479	0.51875	0.7692307692307692	0.8070175438596492
it	0.5081967213114754	0.515625	0.5637119113573407	0.6564810251355347	0.536231884057971	0.6006528835690969	0.6258992805755396	0.6478932881643024	0.5616438356164384	0.5223880597014925	0.5588235294117647	0.5454545454545455	1.0	0.5795454545454545	0.5555555555555556	0.5081967213114754	0.5230769230769231	0.5076923076923077	0.5151515151515151	0.6593406593406593	0.6290322580645161	0.6200657894736843	0.5756457564575646	0.5918367346938775	0.5303030303030303	0.5081967213114754	0.5428571428571428	0.557163531114327	0.5714285714285714	0.515625	0.536231884057971	0.5966736472994691	0.5230769230769231	0.5875
ja	0.6875	0.7272727272727273	0.5490196078431373	0.5803571428571428	0.7567567567567568	0.5686274509803921	0.5779816513761468	0.5900000000000001	0.8	0.7222222222222222	0.7945205479452055	0.782608695652174	0.5795454545454545	1.0	0.8493150684931506	0.6875	0.7462686567164178	0.7058823529411764	0.7042253521126761	0.5925925925925926	0.6000000000000001	0.5975609756097561	0.5769230769230769	0.5833333333333333	0.7647058823529411	0.6875	0.5576923076923077	0.5531914893617021	0.5909090909090909	0.6857142857142857	0.5714285714285714	0.56	0.7462686567164178	0.7916666666666667
ko	0.7096774193548386	0.7027027027027026	0.5666666666666667	0.5454545454545455	0.7555555555555555	0.5352112676056338	0.5473684210526316	0.5581395348837209	0.7924528301886793	0.6976744186046512	0.8181818181818181	0.8421052631578947	0.5555555555555556	0.8493150684931506	1.0	0.7096774193548386	0.7777777777777779	0.6666666666666666	0.6666666666666666	0.5606060606060607	0.5606060606060607	0.5671641791044776	0.5428571428571428	0.5507246376811594	0.8108108108108107	0.7096774193548386	0.5454545454545455	0.5769230769230769	0.5714285714285714	0.6666666666666666	0.5483870967741935	0.5304878048780488	0.7777777777777779	0.782608695652174
lv	0.6666666666666666	0.8	0.5333333333333333	0.5056179775280899	0.7272727272727273	0.5037593984962406	0.5058823529411764	0.5064935064935064	0.7058823529411764	0.75	0.72	0.7368421052631579	0.5081967213114754	0.6875	0.7096774193548386	1.0	0.7692307692307692	0.6666666666666666	0.6666666666666666	0.509090909090909	0.509090909090909	0.5087719298245614	0.5263157894736842	0.5087719298245614	0.6666666666666666	0.6666666666666666	0.5	0.5454545454545455	0.5135135135135135	0.6666666666666666	0.5333333333333333	0.5032258064516129	0.7692307692307692	0.6923076923076923
mk	0.7692307692307692	0.7368421052631579	0.5789473684210527	0.5217391304347826	0.8800000000000001	0.5147058823529412	0.5227272727272727	0.525	0.7692307692307692	0.72	0.8	0.8333333333333334	0.5230769230769231	0.7462686567164178	0.7777777777777779	0.7692307692307692	1.0	0.6666666666666666	0.6666666666666666	0.5344827586206896	0.5254237288135593	0.5333333333333333	0.5652173913043479	0.5333333333333333	0.8571428571428571	0.7692307692307692	0.5217391304347826	0.6428571428571428	0.5365853658536585	0.6666666666666666	0.5789473684210527	0.5126582278481012	0.8	0.7368421052631579
ml	0.6666666666666666	0.75	0.5	0.5108695652173914	0.6666666666666666	0.5111111111111111	0.5056179775280899	0.5125000000000001	0.6666666666666666	0.8888888888888888	0.6666666666666666	0.72	0.5076923076923077	0.7058823529411764	0.6666666666666666	0.6666666666666666	0.6666666666666666	1.0	0.9333333333333333	0.5084745762711864	0.5172413793103449	0.5081967213114754	0.5	0.5081967213114754	0.6666666666666666	0.6666666666666666	0.5238095238095238	0.5	0.5	0.8571428571428571	0.5263157894736842	0.5095541401273885	0.6666666666666666	0.6896551724137931
mr	0.6666666666666666	0.7368421052631579	0.5	0.5161290322580645	0.6666666666666666	0.5147058823529412	0.5111111111111111	0.5185185185185185	0.6666666666666666	0.9473684210526315	0.6666666666666666	0.7142857142857143	0.5151515151515151	0.7042253521126761	0.6666666666666666	0.6666666666666666	0.6666666666666666	0.9333333333333333	1.0	0.5166666666666666	0.5254237288135593	0.5079365079365079	0.5	0.5161290322580645	0.6666666666666666	0.6666666666666666	0.5217391304347826	0.5	0.5116279069767442	0.9333333333333333	0.5238095238095238	0.5126582278481012	0.6666666666666666	0.7118644067796611
nl	0.509090909090909	0.5263157894736842	0.5675265553869498	0.6333002973240833	0.5396825396825397	0.5868514009396756	0.6147465437788019	0.6270096463022508	0.5671641791044776	0.5245901639344263	0.5645161290322581	0.55	0.6593406593406593	0.5925925925925926	0.5606060606060607	0.509090909090909	0.5344827586206896	0.5084745762711864	0.5166666666666666	1.0	0.6067415730337079	0.5851063829787234	0.5625	0.6043956043956044	0.5423728813559322	0.509090909090909	0.546875	0.5705024311183144	0.5921052631578947	0.5172413793103449	0.58712715855573	0.5893736543839243	0.5254237288135593	0.5789473684210527
pl	0.509090909090909	0.5263157894736842	0.5483870967741935	0.6091715976331361	0.5396825396825397	0.5833510525196683	0.6007123070834982	0.6398963730569949	0.5671641791044776	0.5333333333333333	0.5645161290322581	0.55	0.6290322580645161	0.6000000000000001	0.5606060606060607	0.509090909090909	0.5254237288135593	0.5172413793103449	0.5254237288135593	0.6067415730337079	1.0	0.6172474896633195	0.6228373702422145	0.5913978494623656	0.5333333333333333	0.509090909090909	0.546875	0.5333333333333333	0.5921052631578947	0.5172413793103449	0.5483870967741935	0.5790820165537999	0.5254237288135593	0.5789473684210527
pt	0.5087719298245614	0.5166666666666666	0.5303030303030303	0.5950413223140496	0.546875	0.5910775747948107	0.6306306306306306	0.6000000000000001	0.5571428571428572	0.515625	0.5538461538461539	0.5483870967741935	0.6200657894736843	0.5975609756097561	0.5671641791044776	0.5087719298245614	0.5333333333333333	0.5081967213114754	0.5079365079365079	0.5851063829787234	0.6172474896633195	1.0	0.5697177074422584	0.5957446808510638	0.540983606557377	0.5087719298245614	0.5538461538461539	0.540983606557377	0.5904317386231038	0.5081967213114754	0.5555555555555556	0.600511073253833	0.5245901639344263	0.5625
ro	0.5263157894736842	0.5217391304347826	0.5517241379310345	0.5353535353535354	0.5714285714285714	0.5335273432763429	0.5569422776911076	0.5465116279069767	0.5555555555555556	0.5185185185185185	0.5666666666666667	0.5357142857142857	0.5756457564575646	0.5769230769230769	0.5428571428571428	0.5263157894736842	0.5652173913043479	0.5	0.5	0.5625	0.6228373702422145	0.5697177074422584	1.0	0.5606060606060607	0.5384615384615384	0.5	0.5151515151515151	0.5833333333333333	0.5510204081632653	0.5	0.5714285714285714	0.5301386293269366	0.5416666666666666	0.52
ru	0.5087719298245614	0.5166666666666666	0.546875	0.5983379501385042	0.546875	0.5894789650971117	0.5833333333333333	0.6101694915254238	0.5735294117647058	0.5238095238095238	0.5625	0.5483870967741935	0.5918367346938775	0.5833333333333333	0.5507246376811594	0.5087719298245614	0.5333333333333333	0.5081967213114754	0.5161290322580645	0.6043956043956044	0.5913978494623656	0.5957446808510638	0.5606060606060607	1.0	0.540983606557377	0.5087719298245614	0.5454545454545455	0.540983606557377	0.5897435897435898	0.5166666666666666	0.546875	0.5784399649430324	0.5245901639344263	0.5769230769230769
sh	0.75	0.6666666666666666	0.5714285714285714	0.5268817204301075	0.8	0.5182481751824817	0.5280898876404494	0.5308641975308642	0.8	0.6666666666666666	0.787878787878788	0.8800000000000001	0.5303030303030303	0.7647058823529411	0.8108108108108107	0.6666666666666666	0.8571428571428571	0.6666666666666666	0.6666666666666666	0.5423728813559322	0.5333333333333333	0.540983606557377	0.5384615384615384	0.540983606557377	1.0	0.75	0.5416666666666666	0.5882352941176471	0.5348837209302326	0.6666666666666666	0.5454545454545455	0.5157232704402516	0.72	0.7586206896551725
si	0.6666666666666666	0.6666666666666666	0.5333333333333333	0.5056179775280899	0.7272727272727273	0.5037593984962406	0.5058823529411764	0.5064935064935064	0.7058823529411764	0.6666666666666666	0.72	0.7368421052631579	0.5081967213114754	0.6875	0.7096774193548386	0.6666666666666666	0.7692307692307692	0.6666666666666666	0.6666666666666666	0.509090909090909	0.509090909090909	0.5087719298245614	0.5	0.5087719298245614	0.75	1.0	0.5294117647058824	0.5454545454545455	0.5135135135135135	0.6666666666666666	0.5	0.5032258064516129	0.7692307692307692	0.6923076923076923
simple	0.5	0.55	0.5357142857142857	0.5416666666666666	0.5172413793103449	0.5285714285714286	0.5376344086021506	0.5348837209302326	0.5277777777777778	0.52	0.5333333333333333	0.56	0.5428571428571428	0.5576923076923077	0.5454545454545455	0.5	0.5217391304347826	0.5238095238095238	0.5217391304347826	0.546875	0.546875	0.5538461538461539	0.5151515151515151	0.5454545454545455	0.5416666666666666	0.5294117647058824	1.0	0.5416666666666666	0.5531914893617021	0.5238095238095238	0.5172413793103449	0.5259457179018422	0.5217391304347826	0.5434782608695652
sr	0.5454545454545455	0.5333333333333333	0.8	0.5373679935012186	0.6000000000000001	0.5197874832663989	0.5280898876404494	0.5308641975308642	0.5517241379310345	0.5263157894736842	0.5652173913043479	0.5789473684210527	0.557163531114327	0.5531914893617021	0.5769230769230769	0.5454545454545455	0.6428571428571428	0.5	0.5	0.5705024311183144	0.5333333333333333	0.540983606557377	0.5833333333333333	0.540983606557377	0.5882352941176471	0.5454545454545455	0.5416666666666666	1.0	0.5476190476190476	0.5	0.5714285714285714	0.5169350679122012	0.5625	0.5365853658536585
sv	0.5135135135135135	0.525	0.5681818181818182	0.5585585585585585	0.5434782608695652	0.5635062611806798	0.5607476635514019	0.5656565656565656	0.5800000000000001	0.5227272727272727	0.5777777777777777	0.5454545454545455	0.5714285714285714	0.5909090909090909	0.5714285714285714	0.5135135135135135	0.5365853658536585	0.5	0.5116279069767442	0.5921052631578947	0.5921052631578947	0.5904317386231038	0.5510204081632653	0.5897435897435898	0.5348837209302326	0.5135135135135135	0.5531914893617021	0.5476190476190476	1.0	0.5121951219512195	0.5555555555555556	0.560582218725413	0.5238095238095238	0.5645161290322581
te	0.6666666666666666	0.75	0.5	0.5108695652173914	0.6666666666666666	0.5111111111111111	0.5113636363636364	0.5125000000000001	0.6666666666666666	0.8888888888888888	0.6666666666666666	0.72	0.515625	0.6857142857142857	0.6666666666666666	0.6666666666666666	0.6666666666666666	0.8571428571428571	0.9333333333333333	0.5172413793103449	0.5172413793103449	0.5081967213114754	0.5	0.5166666666666666	0.6666666666666666	0.6666666666666666	0.5238095238095238	0.5	0.5121951219512195	1.0	0.5263157894736842	0.5095541401273885	0.6666666666666666	0.7142857142857143
tr	0.5333333333333333	0.5555555555555556	0.5384615384615384	0.5419126328217237	0.5833333333333333	0.526760679531585	0.5471803461753211	0.5421686746987951	0.5625	0.5454545454545455	0.5555555555555556	0.5652173913043479	0.536231884057971	0.5714285714285714	0.5483870967741935	0.5333333333333333	0.5789473684210527	0.5263157894736842	0.5238095238095238	0.58712715855573	0.5483870967741935	0.5555555555555556	0.5714285714285714	0.546875	0.5454545454545455	0.5	0.5172413793103449	0.5714285714285714	0.5555555555555556	0.5263157894736842	1.0	0.5229793977812995	0.5238095238095238	0.5454545454545455
union	0.5032258064516129	0.5095541401273885	0.5229793977812995	0.6534917555771096	0.5217391304347826	0.912647374062165	0.6380697050938338	0.6528395503207206	0.5333333333333333	0.5157232704402516	0.5246913580246914	0.51875	0.5966736472994691	0.56	0.5304878048780488	0.5032258064516129	0.5126582278481012	0.5095541401273885	0.5126582278481012	0.5893736543839243	0.5790820165537999	0.600511073253833	0.5301386293269366	0.5784399649430324	0.5157232704402516	0.5032258064516129	0.5259457179018422	0.5169350679122012	0.560582218725413	0.5095541401273885	0.5229793977812995	1.0	0.5126582278481012	0.5497076023391814
vi	0.6666666666666666	0.7368421052631579	0.55	0.5161290322580645	0.7586206896551725	0.5147058823529412	0.5168539325842697	0.525	0.7317073170731707	0.72	0.75	0.7692307692307692	0.5230769230769231	0.7462686567164178	0.7777777777777779	0.7692307692307692	0.8	0.6666666666666666	0.6666666666666666	0.5254237288135593	0.5254237288135593	0.5245901639344263	0.5416666666666666	0.5245901639344263	0.72	0.7692307692307692	0.5217391304347826	0.5625	0.5238095238095238	0.6666666666666666	0.5238095238095238	0.5126582278481012	1.0	0.7368421052631579
zh	0.6923076923076923	0.7142857142857143	0.5454545454545455	0.5648148148148149	0.75	0.5570469798657718	0.5673076923076923	0.5789473684210527	0.8	0.7333333333333333	0.7692307692307692	0.8070175438596492	0.5875	0.7916666666666667	0.782608695652174	0.6923076923076923	0.7368421052631579	0.6896551724137931	0.7118644067796611	0.5789473684210527	0.5789473684210527	0.5625	0.52	0.5769230769230769	0.7586206896551725	0.6923076923076923	0.5434782608695652	0.5365853658536585	0.5645161290322581	0.7142857142857143	0.5454545454545455	0.5497076023391814	0.7368421052631579	1.0
