arz	bs	ceb	ckb	da	de	el	en	es	fr	he	hi	hu	id	it	ja	ko	lv	mk	ml	mr	nl	pl	pt	ro	ru	sh	si	simple	sr	sv	te	tr	vi	war	zh
arz	1.0	0.0	0.0	0.0	0.0	1.0	0.0	1.0	0.0	1.0	0.0	0.0	1.0	0.0	1.0	1.0	0.0	0.0	0.0	0.0	0.0	0.0	0.0	1.0	0.0	0.0	0.0	0.0	0.0	0.0	1.0	0.0	0.0	1.0	0.0	1.0
bs	0.0	1.0	0.0	1.0	1.0	1.0	1.0	1.0	1.0	1.0	0.0	1.0	1.0	0.0	1.0	1.0	1.0	1.0	1.0	1.0	0.0	1.0	1.0	1.0	0.0	1.0	0.0	0.0	0.0	0.0	1.0	0.0	1.0	0.0	0.0	1.0
ceb	0.0	0.0	1.3375000000000004	0.0	0.0	0.0	0.0	1.0744230769230771	1.0	1.0	0.0	0.0	0.0	0.0	1.0	0.0	0.0	1.0	0.0	1.0	0.0	0.0	0.0	1.0	1.0	0.0	0.0	0.0	0.0	0.0	1.3375000000000004	0.0	0.0	0.0	0.0	1.0
ckb	0.0	1.0	0.0	1.2699999999999996	1.0	1.0225000000000009	1.0225000000000009	1.2928993910708493	1.0225000000000009	1.0435575109993713	1.0	1.0	1.0	1.0	1.0121621621621624	1.1124999999999978	1.0450000000000004	1.0	1.0	1.0	0.0	1.0	1.0	1.0225000000000009	0.0	1.0675000000000008	0.0	0.0	1.0	1.0	1.0744230769230771	0.0	1.0121621621621624	1.0225000000000009	0.0	1.0225000000000009
da	0.0	1.0	0.0	1.0	1.0225000000000009	1.0	1.0	1.0225000000000009	1.0	1.0	0.0	1.0675000000000008	1.0	0.0	1.0	1.0225000000000009	1.0	1.1124999999999978	1.0	1.0450000000000004	0.0	1.0	1.0	1.0	0.0	1.0	0.0	0.0	0.0	0.0	1.0	0.0	1.0	0.0	1.0225000000000009	1.0
de	1.0	1.0	0.0	1.0225000000000009	1.0	1.0	1.0	1.0	1.0225000000000009	1.0	0.0	1.1780583756345167	1.0225000000000009	0.0	1.0450000000000004	1.0	1.0	1.2399746621621635	1.0	1.0	0.0	1.0225000000000009	1.0450000000000004	1.0	0.0	1.0225000000000009	0.0	0.0	0.0	0.0	1.0225000000000009	0.0	1.0	1.0	1.0225000000000009	1.0225000000000009
el	0.0	1.0	0.0	1.0225000000000009	1.0	1.0	1.0	1.0	1.0	1.0	0.0	1.0450000000000004	1.0	0.0	1.0	1.0	1.0	1.0450000000000004	1.0	1.0450000000000004	0.0	1.0	1.0	1.0	0.0	1.0	0.0	0.0	0.0	0.0	1.0	0.0	1.0	0.0	1.0	1.0
en	1.0	1.0	1.0744230769230771	1.2928993910708493	1.0225000000000009	1.0	1.0	1.0	1.0900000000000025	1.0	1.0	1.8968553282711944	1.0225000000000009	1.9973520710059174	1.1574999999999984	1.0	1.0	1.525857959902005	1.0	1.0	1.0391304347826091	1.0675000000000008	1.0225000000000009	1.0	1.0	1.0225000000000009	1.0225000000000009	1.0	1.0225000000000009	1.0	1.2228048780487797	1.0	1.0225000000000009	1.0	1.1500000000000004	1.1315852390852377
es	0.0	1.0	1.0	1.0225000000000009	1.0	1.0225000000000009	1.0	1.0900000000000025	1.6299999999999997	1.0450000000000004	0.0	1.2025000000000023	1.0	0.0	1.0450000000000004	1.0	1.0	1.1799999999999986	1.0	1.1124999999999978	0.0	1.0	1.0225000000000009	1.0225000000000009	1.0	1.0	0.0	0.0	0.0	0.0	1.0225000000000009	0.0	1.0	0.0	1.0	1.0225000000000009
fr	1.0	1.0	1.0	1.0435575109993713	1.0	1.0	1.0	1.0	1.0450000000000004	1.0	0.0	1.2447080291970796	1.0225000000000009	1.0225000000000009	1.0675000000000008	1.0	1.0	1.2258148003616445	1.0	1.0	0.0	1.0225000000000009	1.0225000000000009	1.0	1.0	1.0450000000000004	1.0	1.0	0.0	0.0	1.1124999999999978	1.0	1.0	1.0	1.0225000000000009	1.0900000000000025
he	0.0	0.0	0.0	1.0	0.0	0.0	0.0	1.0	0.0	0.0	1.0	1.0900000000000025	0.0	0.0	0.0	0.0	0.0	1.1349999999999978	0.0	1.0225000000000009	0.0	0.0	0.0	0.0	0.0	0.0	0.0	0.0	0.0	0.0	0.0	0.0	0.0	0.0	1.0225000000000009	0.0
hi	0.0	1.0	0.0	1.0	1.0675000000000008	1.1780583756345167	1.0450000000000004	1.8968553282711944	1.2025000000000023	1.2447080291970796	1.0900000000000025	1.3825000000000038	1.0450000000000004	1.1594348894348883	1.1574999999999984	1.2925000000000002	1.1574999999999984	1.0450000000000004	1.0675000000000008	1.0450000000000004	1.0225000000000009	1.1097080291970782	1.1799999999999986	1.2025000000000023	1.0450000000000004	1.2474999999999996	1.0675000000000008	0.0	1.1124999999999978	1.0450000000000004	1.4279850386100381	1.0	1.1124999999999978	1.2025000000000023	1.0	1.1574999999999984
hu	1.0	1.0	0.0	1.0	1.0	1.0225000000000009	1.0	1.0225000000000009	1.0	1.0225000000000009	0.0	1.0450000000000004	1.0225000000000009	0.0	1.0225000000000009	1.0225000000000009	1.0	1.1213953488372075	1.0	1.0225000000000009	0.0	1.0	1.0	1.0225000000000009	0.0	1.0	0.0	0.0	0.0	0.0	1.0225000000000009	0.0	1.0	1.0	1.0391304347826091	1.0225000000000009
id	0.0	0.0	0.0	1.0	0.0	0.0	0.0	1.9973520710059174	0.0	1.0225000000000009	0.0	1.1594348894348883	0.0	1.9973520710059174	0.0	1.0	0.0	1.1836918145766746	0.0	1.1067078410311508	0.0	1.0	0.0	0.0	0.0	0.0	0.0	1.0	0.0	0.0	1.0	0.0	0.0	0.0	1.0225000000000009	1.0
it	1.0	1.0	1.0	1.0121621621621624	1.0	1.0450000000000004	1.0	1.1574999999999984	1.0450000000000004	1.0675000000000008	0.0	1.1574999999999984	1.0225000000000009	0.0	1.1799999999999986	1.0225000000000009	1.0	1.1726621621621611	1.0	1.0900000000000025	0.0	1.0	1.0225000000000009	1.0450000000000004	1.0	1.0225000000000009	0.0	1.0	0.0	0.0	1.0450000000000004	0.0	1.0	1.0	1.0	1.0450000000000004
ja	1.0	1.0	0.0	1.1124999999999978	1.0225000000000009	1.0	1.0	1.0	1.0	1.0	0.0	1.2925000000000002	1.0225000000000009	1.0	1.0225000000000009	1.0	1.0	1.1799999999999986	1.0	1.0	0.0	1.0	1.0	1.0	0.0	1.0225000000000009	0.0	0.0	0.0	0.0	1.0225000000000009	1.0	1.0	1.0	1.0225000000000009	1.0450000000000004
ko	0.0	1.0	0.0	1.0450000000000004	1.0	1.0	1.0	1.0	1.0	1.0	0.0	1.1574999999999984	1.0	0.0	1.0	1.0	1.0	1.1799999999999986	1.0	1.0	0.0	1.0	1.0	1.0	0.0	1.0	0.0	0.0	0.0	0.0	1.0	0.0	1.0	0.0	1.0225000000000009	1.0
lv	0.0	1.0	1.0	1.0	1.1124999999999978	1.2399746621621635	1.0450000000000004	1.525857959902005	1.1799999999999986	1.2258148003616445	1.1349999999999978	1.0450000000000004	1.1213953488372075	1.1836918145766746	1.1726621621621611	1.1799999999999986	1.1799999999999986	1.2250000000000003	1.0675000000000008	1.0450000000000004	0.0	1.2160075594871025	1.203490815966091	1.1911099585062233	1.0675000000000008	1.2250000000000003	1.0225000000000009	0.0	1.084130434782609	1.0450000000000004	1.2495454545454536	0.0	1.1799999999999986	1.1574999999999984	1.0225000000000009	1.2025000000000023
mk	0.0	1.0	0.0	1.0	1.0	1.0	1.0	1.0	1.0	1.0	0.0	1.0675000000000008	1.0	0.0	1.0	1.0	1.0	1.0675000000000008	1.0	1.0450000000000004	0.0	1.0	1.0	1.0	0.0	1.0	0.0	0.0	0.0	0.0	1.0	0.0	1.0	0.0	1.0225000000000009	1.0
ml	0.0	1.0	1.0	1.0	1.0450000000000004	1.0	1.0450000000000004	1.0	1.1124999999999978	1.0	1.0225000000000009	1.0450000000000004	1.0225000000000009	1.1067078410311508	1.0900000000000025	1.0	1.0	1.0450000000000004	1.0450000000000004	1.0	0.0	1.0867307692307713	1.1124999999999978	1.0	1.0225000000000009	1.1953947368421036	1.0	0.0	1.0225000000000009	1.0225000000000009	1.1378125000000017	0.0	1.0900000000000025	1.0675000000000008	1.0	1.1349999999999978
mr	0.0	0.0	0.0	0.0	0.0	0.0	0.0	1.0391304347826091	0.0	0.0	0.0	1.0225000000000009	0.0	0.0	0.0	0.0	0.0	0.0	0.0	0.0	1.0225000000000009	0.0	0.0	0.0	0.0	0.0	0.0	0.0	0.0	0.0	0.0	0.0	0.0	0.0	0.0	0.0
nl	0.0	1.0	0.0	1.0	1.0	1.0225000000000009	1.0	1.0675000000000008	1.0	1.0225000000000009	0.0	1.1097080291970782	1.0	1.0	1.0	1.0	1.0	1.2160075594871025	1.0	1.0867307692307713	0.0	1.1349999999999978	1.0	1.0	0.0	1.0	0.0	0.0	0.0	0.0	1.0225000000000009	0.0	1.0	0.0	1.0225000000000009	1.0
pl	0.0	1.0	0.0	1.0	1.0	1.0450000000000004	1.0	1.0225000000000009	1.0225000000000009	1.0225000000000009	0.0	1.1799999999999986	1.0	0.0	1.0225000000000009	1.0	1.0	1.203490815966091	1.0	1.1124999999999978	0.0	1.0	1.0450000000000004	1.0	0.0	1.0225000000000009	0.0	0.0	0.0	0.0	1.0	1.0	1.0	0.0	1.0225000000000009	1.0
pt	1.0	1.0	1.0	1.0225000000000009	1.0	1.0	1.0	1.0	1.0225000000000009	1.0	0.0	1.2025000000000023	1.0225000000000009	0.0	1.0450000000000004	1.0	1.0	1.1911099585062233	1.0	1.0	0.0	1.0	1.0	1.0	1.0	1.0	0.0	0.0	0.0	0.0	1.0450000000000004	0.0	1.0	1.0	1.0225000000000009	1.0450000000000004
ro	0.0	0.0	1.0	0.0	0.0	0.0	0.0	1.0	1.0	1.0	0.0	1.0450000000000004	0.0	0.0	1.0	0.0	0.0	1.0675000000000008	0.0	1.0225000000000009	0.0	0.0	0.0	1.0	1.0	0.0	0.0	0.0	0.0	0.0	1.0	0.0	0.0	0.0	1.0	1.0
ru	0.0	1.0	0.0	1.0675000000000008	1.0	1.0225000000000009	1.0	1.0225000000000009	1.0	1.0450000000000004	0.0	1.2474999999999996	1.0	0.0	1.0225000000000009	1.0225000000000009	1.0	1.2250000000000003	1.0	1.1953947368421036	0.0	1.0	1.0225000000000009	1.0	0.0	1.1124999999999978	0.0	1.0	0.0	0.0	1.0	1.0	1.0	0.0	1.0225000000000009	1.0
sh	0.0	0.0	0.0	0.0	0.0	0.0	0.0	1.0225000000000009	0.0	1.0	0.0	1.0675000000000008	0.0	0.0	0.0	0.0	0.0	1.0225000000000009	0.0	1.0	0.0	0.0	0.0	0.0	0.0	0.0	1.0225000000000009	0.0	0.0	1.0	0.0	0.0	0.0	0.0	1.0	1.0
si	0.0	0.0	0.0	0.0	0.0	0.0	0.0	1.0	0.0	1.0	0.0	0.0	0.0	1.0	1.0	0.0	0.0	0.0	0.0	0.0	0.0	0.0	0.0	0.0	0.0	1.0	0.0	1.0	0.0	0.0	1.0	0.0	0.0	0.0	0.0	0.0
simple	0.0	0.0	0.0	1.0	0.0	0.0	0.0	1.0225000000000009	0.0	0.0	0.0	1.1124999999999978	0.0	0.0	0.0	0.0	0.0	1.084130434782609	0.0	1.0225000000000009	0.0	0.0	0.0	0.0	0.0	0.0	0.0	0.0	1.0225000000000009	0.0	0.0	0.0	0.0	0.0	0.0	0.0
sr	0.0	0.0	0.0	1.0	0.0	0.0	0.0	1.0	0.0	0.0	0.0	1.0450000000000004	0.0	0.0	0.0	0.0	0.0	1.0450000000000004	0.0	1.0225000000000009	0.0	0.0	0.0	0.0	0.0	0.0	1.0	0.0	0.0	1.0450000000000004	0.0	0.0	0.0	0.0	1.0	0.0
sv	1.0	1.0	1.3375000000000004	1.0744230769230771	1.0	1.0225000000000009	1.0	1.2228048780487797	1.0225000000000009	1.1124999999999978	0.0	1.4279850386100381	1.0225000000000009	1.0	1.0450000000000004	1.0225000000000009	1.0	1.2495454545454536	1.0	1.1378125000000017	0.0	1.0225000000000009	1.0	1.0450000000000004	1.0	1.0	0.0	1.0	0.0	0.0	1.5174999999999979	0.0	1.0225000000000009	1.0	1.0391304347826091	1.0450000000000004
te	0.0	0.0	0.0	0.0	0.0	0.0	0.0	1.0	0.0	1.0	0.0	1.0	0.0	0.0	0.0	1.0	0.0	0.0	0.0	0.0	0.0	0.0	1.0	0.0	0.0	1.0	0.0	0.0	0.0	0.0	0.0	1.0	0.0	1.0	0.0	0.0
tr	0.0	1.0	0.0	1.0121621621621624	1.0	1.0	1.0	1.0225000000000009	1.0	1.0	0.0	1.1124999999999978	1.0	0.0	1.0	1.0	1.0	1.1799999999999986	1.0	1.0900000000000025	0.0	1.0	1.0	1.0	0.0	1.0	0.0	0.0	0.0	0.0	1.0225000000000009	0.0	1.0225000000000009	0.0	1.0225000000000009	1.0
vi	1.0	0.0	0.0	1.0225000000000009	0.0	1.0	0.0	1.0	0.0	1.0	0.0	1.2025000000000023	1.0	0.0	1.0	1.0	0.0	1.1574999999999984	0.0	1.0675000000000008	0.0	0.0	0.0	1.0	0.0	0.0	0.0	0.0	0.0	0.0	1.0	1.0	0.0	1.0	1.0225000000000009	1.0
war	0.0	0.0	0.0	0.0	1.0225000000000009	1.0225000000000009	1.0	1.1500000000000004	1.0	1.0225000000000009	1.0225000000000009	1.0	1.0391304347826091	1.0225000000000009	1.0	1.0225000000000009	1.0225000000000009	1.0225000000000009	1.0225000000000009	1.0	0.0	1.0225000000000009	1.0225000000000009	1.0225000000000009	1.0	1.0225000000000009	1.0	0.0	0.0	1.0	1.0391304347826091	0.0	1.0225000000000009	1.0225000000000009	1.0225000000000009	1.0225000000000009
zh	1.0	1.0	1.0	1.0225000000000009	1.0	1.0225000000000009	1.0	1.1315852390852377	1.0225000000000009	1.0900000000000025	0.0	1.1574999999999984	1.0225000000000009	1.0	1.0450000000000004	1.0450000000000004	1.0	1.2025000000000023	1.0	1.1349999999999978	0.0	1.0	1.0	1.0450000000000004	1.0	1.0	1.0	0.0	0.0	0.0	1.0450000000000004	0.0	1.0	1.0	1.0225000000000009	1.1124999999999978
