arz	bs	ceb	ckb	da	de	el	en	es	fr	he	hi	hu	id	it	ja	ko	lv	mk	ml	mr	nl	pl	pt	ro	ru	sh	si	simple	sr	sv	te	tr	vi	war	zh
arz	1.0	1.0	1.0	1.0	1.0	0.585786437626905	1.0	1.0	1.0	1.0	1.0	1.0	0.585786437626905	1.0	1.0	1.0	1.0	0.585786437626905	1.0	1.0	1.0	1.0	0.585786437626905	1.0	1.0	1.0	1.0	1.0	1.0	0.585786437626905	1.0	1.0	1.0	1.0	1.0	1.0
bs	1.0	1.0	1.0	0.2857142857142857	0.01665136567307522	0.012330656880418761	0.01659736508140125	0.023604984004874877	0.012341261583533695	0.012722926406896477	0.015991899022226003	0.017763061171398066	0.013430207896634043	0.03485782583970215	0.01741553242992382	0.013211897206899683	0.015316914254190078	0.016771945169928068	0.020890128510666274	0.026762606592981342	0.2958163163244893	0.012770754696919667	0.015309865782231655	0.01141314204437172	0.017291380838906155	0.011288377297576466	0.011999913535320551	0.14026123400722604	0.01791462502151255	0.010652287855886696	0.012973021652451377	0.08315853682142614	0.14604417633276143	0.015632931108545394	0.048887008853503236	0.01316116619893457
ceb	1.0	1.0	1.0	1.0	1.0	1.0	1.0	1.0	1.0	1.0	1.0	1.0	1.0	1.0	1.0	1.0	1.0	1.0	1.0	1.0	1.0	1.0	1.0	1.0	1.0	1.0	1.0	1.0	1.0	1.0	0.585786437626905	1.0	-1.0	1.0	1.0	1.0
ckb	1.0	0.2857142857142857	1.0	1.0	0.585786437626905	0.585786437626905	1.0	0.23166247903554	0.585786437626905	0.5	1.0	1.0	0.4142135623730951	0.2958163163244893	0.27429188517743175	1.0	1.0	0.585786437626905	1.0	1.0	1.0	0.585786437626905	0.44948974278317805	0.36602540378443865	0.44948974278317805	1.0	0.39564392373896007	1.0	0.44948974278317805	0.5	0.5	1.0	1.0	0.30216947925196225	1.0	1.0
da	1.0	0.01665136567307522	1.0	0.585786437626905	1.0	0.010418882927198642	0.03302216068587083	0.012454821220724072	0.012739512616831226	0.010329522641236813	0.021070947634960126	0.04492304129815809	0.015031264601520527	0.011984551439447865	0.012363136060364785	0.01205827893167187	0.02116865795779497	0.04881611168852722	0.09380055412411147	0.10090137454053809	0.39564392373896007	0.011236068269544004	0.012090314864122027	0.010227593186167498	0.013425393188891946	0.01019018903186394	0.01005571744548377	0.585786437626905	0.032492689264224	0.010246317549720997	0.011167557462157678	0.15225881209433406	0.13751980635171002	0.013961240993229733	0.2187841884486319	0.013508334669721513
de	0.585786437626905	0.012330656880418761	1.0	0.585786437626905	0.010418882927198642	1.0	0.04405241628755749	0.004722997904541992	0.004038154542509804	0.0043102544599494036	0.06033289968495018	0.05259741430205275	0.004091678283570694	0.005564872126264033	0.004347645212191392	0.002887114108038219	0.023547108110105554	0.0312926416996484	0.11378012788321701	0.1566130288262323	1.0	0.004136522669421938	0.004377683732143805	0.0050474206062494096	0.006415617195612669	0.005575595810158457	0.003869191583001189	1.0	0.008557396318893925	0.0038267375835452115	0.0053037647711758965	0.3090169943749474	0.13614047417302158	0.004573541117409333	0.34833147735478825	0.003094173761007542
el	1.0	0.01659736508140125	1.0	1.0	0.03302216068587083	0.04405241628755749	1.0	0.006155854943091273	0.03548220727820269	0.008123152940505928	0.38742588672279304	1.0	0.010459664736230317	0.008804024914727222	0.006803340697434454	1.0	1.0	0.08035017801738152	1.0	1.0	1.0	0.00879323587840686	0.00793455602584183	0.0391722483718181	0.01190541869406497	0.585786437626905	0.011017195771355678	1.0	0.04007730998936772	0.010992396125978132	0.019684639209445156	1.0	0.585786437626905	0.009327020496615148	0.44948974278317805	1.0
en	1.0	0.023604984004874877	1.0	0.23166247903554	0.012454821220724072	0.004722997904541992	0.006155854943091273	1.0	0.007183075253196951	0.011676864651169605	0.007509346941258559	0.006637037330321297	0.01357108894369331	0.033072914614345784	0.014504584751860282	0.002563593938129989	0.005275725009590486	0.00797694495976176	0.013018977268380274	0.018435400143313196	0.19404996501286384	0.013380725774776132	0.02202257838590535	0.005804280927660602	0.021569151302243912	0.0036103598901837787	0.01420128575604608	0.25824569976124334	0.01064633180017411	0.011978074280542124	0.012172601054736444	0.031200615405922043	0.10198520887927945	0.01822870993295603	0.1060878539025194	0.0028018215867818804
es	1.0	0.012341261583533695	1.0	0.585786437626905	0.012739512616831226	0.004038154542509804	0.03548220727820269	0.007183075253196951	1.0	0.006151874422143625	0.03260219985519564	0.05519603687884826	0.005712046778357222	0.006254724987420005	0.006306811949300114	0.0032203041971294367	0.018371977338287188	0.028161715484518794	0.10745035092526581	0.14285714285714285	0.28436465220442186	0.00568612198381809	0.005940961411746933	0.006097625502100944	0.00675250396820024	0.005714806119029043	0.005972083280604026	0.5	0.009399823834314638	0.0059137960753224885	0.006229797822365973	0.16039776255003638	0.15223947953878214	0.005749691535906455	0.3090169943749474	0.003903991703308183
fr	1.0	0.012722926406896477	1.0	0.5	0.010329522641236813	0.0043102544599494036	0.008123152940505928	0.011676864651169605	0.006151874422143625	1.0	0.011975030764382215	0.00897613114966418	0.008632745120252102	0.00924845420948221	0.011874484788171196	0.002573051975372458	0.006309388002784604	0.017931489772065722	0.0597463331573669	0.09380055412411147	0.25728427444747215	0.009455006042857494	0.012868333740443735	0.00541913090949772	0.008721767723768417	0.0038398332727044315	0.010333633385296522	0.585786437626905	0.00957838277346987	0.009431128557660724	0.008587111482122217	0.1886378647726465	0.12528358350449806	0.009820140551062942	0.2517564787261065	0.0027865789140345282
he	1.0	0.015991899022226003	1.0	1.0	0.021070947634960126	0.06033289968495018	0.38742588672279304	0.007509346941258559	0.03260219985519564	0.011975030764382215	1.0	0.44948974278317805	0.014756100505030722	0.009446155907482908	0.007887028797120027	0.32449979983983984	0.4142135623730951	0.08765524842233537	0.585786437626905	0.585786437626905	1.0	0.017731581025060245	0.008208829721434678	0.040640257560855285	0.012859649411878147	0.3660254037844386	0.012736412542376245	1.0	0.05939975023869116	0.015555311382821036	0.017139840338508485	1.0	0.27792629762666365	0.009342895521686954	0.44948974278317805	0.3090169943749474
hi	1.0	0.017763061171398066	1.0	1.0	0.04492304129815809	0.05259741430205275	1.0	0.006637037330321297	0.05519603687884826	0.00897613114966418	0.44948974278317805	1.0	0.01465346788190186	0.009262064917251341	0.007246951806946053	1.0	1.0	0.10278272788720848	1.0	1.0	1.0	0.020120191579065236	0.008120745146210317	0.04939019560872922	0.011548583300609646	0.585786437626905	0.011578871033504756	1.0	0.03488055916030747	0.018075787914035964	0.03651006483830698	1.0	0.3266316347104093	0.010147240306176811	0.5	1.0
hu	0.585786437626905	0.013430207896634043	1.0	0.4142135623730951	0.015031264601520527	0.004091678283570694	0.010459664736230317	0.01357108894369331	0.005712046778357222	0.008632745120252102	0.014756100505030722	0.01465346788190186	1.0	0.010803848683962069	0.011222204613155009	0.004350419840730461	0.008008206191558937	0.021927446642339057	0.05409774585992121	0.10316528765227123	0.2857142857142857	0.0079653564710636	0.012086553093362786	0.006423876124919042	0.009967637474403289	0.005353372952339811	0.009835573909262076	0.36602540378443865	0.011291444577222271	0.008497139710243814	0.008613522113078843	0.21712927295533244	0.3090169943749474	0.010237771787657066	0.2632403810669918	0.004508050537135841
id	1.0	0.03485782583970215	1.0	0.2958163163244893	0.011984551439447865	0.005564872126264033	0.008804024914727222	0.033072914614345784	0.006254724987420005	0.00924845420948221	0.009446155907482908	0.009262064917251341	0.010803848683962069	1.0	0.021421032484401317	0.0059169662498089436	0.007781753430875193	0.010775509135953166	0.01450499578099219	0.023174689648531754	0.193373824568466	0.007294432757675062	0.022428353032482973	0.007485715197895849	0.018203139628376518	0.006963018487873909	0.010258747333063157	0.18740992571549211	0.011375966425523139	0.01051973534116825	0.010932160135693906	0.036498144416203096	0.1886378647726465	0.01677783527393892	0.09969471999630777	0.005759604221958446
it	1.0	0.01741553242992382	1.0	0.27429188517743175	0.012363136060364785	0.004347645212191392	0.006803340697434454	0.014504584751860282	0.006306811949300114	0.011874484788171196	0.007887028797120027	0.007246951806946053	0.011222204613155009	0.021421032484401317	1.0	0.003029017913747493	0.005507876852918124	0.008470840074391795	0.015014881842806554	0.029327284198889494	0.2222222222222222	0.011345023771943602	0.020276415269203315	0.005885115421140583	0.01645870290737746	0.0041330105159061315	0.015562622128030478	0.28989794855663564	0.00985598898443963	0.01269257766536962	0.011219144525790134	0.09852652477793378	0.1664235619993276	0.018105291691936982	0.1343715892188287	0.003192451604837554
ja	1.0	0.013211897206899683	1.0	1.0	0.01205827893167187	0.002887114108038219	1.0	0.002563593938129989	0.0032203041971294367	0.002573051975372458	0.32449979983983984	1.0	0.004350419840730461	0.0059169662498089436	0.003029017913747493	1.0	1.0	0.038383588209723346	1.0	1.0	1.0	0.0031121701478025823	0.003315971930536778	0.005988634106913288	0.00640842555706772	0.5	0.0032185904625281975	1.0	0.009691249230605216	0.0032503359275821847	0.005637833807530092	1.0	0.23800671553691075	0.004499101907957081	0.44948974278317805	0.585786437626905
ko	1.0	0.015316914254190078	1.0	1.0	0.02116865795779497	0.023547108110105554	1.0	0.005275725009590486	0.018371977338287188	0.006309388002784604	0.4142135623730951	1.0	0.008008206191558937	0.007781753430875193	0.005507876852918124	1.0	1.0	0.05030992545879088	1.0	1.0	1.0	0.008280175834971563	0.006326232764180025	0.020432462888669657	0.008714784730098924	0.585786437626905	0.007467809717446139	1.0	0.02033523859897225	0.007969575831654299	0.008809114992050369	1.0	0.25	0.007667255652880383	0.44948974278317805	1.0
lv	0.585786437626905	0.016771945169928068	1.0	0.585786437626905	0.04881611168852722	0.0312926416996484	0.08035017801738152	0.00797694495976176	0.028161715484518794	0.017931489772065722	0.08765524842233537	0.10278272788720848	0.021927446642339057	0.010775509135953166	0.008470840074391795	0.038383588209723346	0.05030992545879088	1.0	0.13772226013087463	0.15990865468516838	0.585786437626905	0.015015334156290269	0.008710382373882775	0.03835220052452071	0.012800863765161376	0.05839581272817413	0.012661254148184201	1.0	0.03870775678720603	0.018086398274717714	0.02251824911550655	0.34833147735478825	0.27195617308673004	0.01037291440954617	0.2928060946961875	0.040507237501567914
mk	1.0	0.020890128510666274	1.0	1.0	0.09380055412411147	0.11378012788321701	1.0	0.013018977268380274	0.10745035092526581	0.0597463331573669	0.585786437626905	1.0	0.05409774585992121	0.01450499578099219	0.015014881842806554	1.0	1.0	0.13772226013087463	1.0	1.0	1.0	0.05829036315924428	0.018176811498028776	0.10445812551367066	0.02107323408561122	1.0	0.030829520201809364	1.0	0.1089725641757413	0.09160599164824328	0.06698646775743067	1.0	0.3266316347104093	0.02976204061728851	0.44948974278317805	1.0
ml	1.0	0.026762606592981342	1.0	1.0	0.10090137454053809	0.1566130288262323	1.0	0.018435400143313196	0.14285714285714285	0.09380055412411147	0.585786437626905	1.0	0.10316528765227123	0.023174689648531754	0.029327284198889494	1.0	1.0	0.15990865468516838	1.0	1.0	1.0	0.10213222054131414	0.040488942543271136	0.11814465250770893	0.0916261472710571	0.585786437626905	0.11242086176442405	1.0	0.10542649822871226	0.12117414236022284	0.07078353567126544	1.0	0.2588283628687876	0.03701068589129493	0.585786437626905	1.0
mr	1.0	0.2958163163244893	1.0	1.0	0.39564392373896007	1.0	1.0	0.19404996501286384	0.28436465220442186	0.25728427444747215	1.0	1.0	0.2857142857142857	0.193373824568466	0.2222222222222222	1.0	1.0	0.585786437626905	1.0	1.0	1.0	0.5	0.25824569976124334	0.2158344610587697	0.44948974278317805	1.0	0.2791745113185196	1.0	0.25824569976124334	0.3660254037844386	0.3266316347104093	1.0	1.0	0.30216947925196225	1.0	1.0
nl	1.0	0.012770754696919667	1.0	0.585786437626905	0.011236068269544004	0.004136522669421938	0.00879323587840686	0.013380725774776132	0.00568612198381809	0.009455006042857494	0.017731581025060245	0.020120191579065236	0.0079653564710636	0.007294432757675062	0.011345023771943602	0.0031121701478025823	0.008280175834971563	0.015015334156290269	0.05829036315924428	0.10213222054131414	0.5	1.0	0.008866138413406707	0.005487094293758084	0.008221032265665293	0.0049430046217731945	0.008679885777838315	0.4364916731037085	0.010599263594206721	0.00822709720880763	0.007693369500572324	0.2240092377397959	0.07077767179177404	0.008031534239330122	0.27195617308673004	0.0032819402750247258
pl	0.585786437626905	0.015309865782231655	1.0	0.44948974278317805	0.012090314864122027	0.004377683732143805	0.00793455602584183	0.02202257838590535	0.005940961411746933	0.012868333740443735	0.008208829721434678	0.008120745146210317	0.012086553093362786	0.022428353032482973	0.020276415269203315	0.003315971930536778	0.006326232764180025	0.008710382373882775	0.018176811498028776	0.040488942543271136	0.25824569976124334	0.008866138413406707	1.0	0.005728854824232889	0.015632608477330362	0.004594873444850498	0.013237686197512229	0.3430703308172536	0.010498639904995962	0.010787407099144806	0.010874454762223875	0.15174115516527187	0.16015261286229274	0.017695250392048785	0.11301265260956161	0.003758545469168413
pt	1.0	0.01141314204437172	1.0	0.36602540378443865	0.010227593186167498	0.0050474206062494096	0.0391722483718181	0.005804280927660602	0.006097625502100944	0.00541913090949772	0.040640257560855285	0.04939019560872922	0.006423876124919042	0.007485715197895849	0.005885115421140583	0.005988634106913288	0.020432462888669657	0.03835220052452071	0.10445812551367066	0.11814465250770893	0.2158344610587697	0.005487094293758084	0.005728854824232889	1.0	0.005644799319710159	0.0037946578210495845	0.005902341701380043	0.2958163163244893	0.018748956618434794	0.005840531789124589	0.0054207383792923575	0.17491720310721423	0.1540257948946752	0.006471936426608916	0.2674788903885893	0.007008404308432731
ro	1.0	0.017291380838906155	1.0	0.44948974278317805	0.013425393188891946	0.006415617195612669	0.01190541869406497	0.021569151302243912	0.00675250396820024	0.008721767723768417	0.012859649411878147	0.011548583300609646	0.009967637474403289	0.018203139628376518	0.01645870290737746	0.00640842555706772	0.008714784730098924	0.012800863765161376	0.02107323408561122	0.0916261472710571	0.44948974278317805	0.008221032265665293	0.015632608477330362	0.005644799319710159	1.0	0.0051296732966378406	0.011330910675957487	0.4364916731037085	0.012702603248229406	0.008704507181949884	0.00915106467277125	0.09095504056560641	0.29870740218186564	0.013738530582277092	0.19636040545626823	0.0064315831053882175
ru	1.0	0.011288377297576466	1.0	1.0	0.01019018903186394	0.005575595810158457	0.585786437626905	0.0036103598901837787	0.005714806119029043	0.0038398332727044315	0.3660254037844386	0.585786437626905	0.005353372952339811	0.006963018487873909	0.0041330105159061315	0.5	0.585786437626905	0.05839581272817413	1.0	0.585786437626905	1.0	0.0049430046217731945	0.004594873444850498	0.0037946578210495845	0.0051296732966378406	1.0	0.0025662383787261643	1.0	0.01417080752863913	0.0024737806426605585	0.0041693801896215965	1.0	0.16265941452915686	0.005902590910392694	0.44948974278317805	0.585786437626905
sh	1.0	0.011999913535320551	1.0	0.39564392373896007	0.01005571744548377	0.003869191583001189	0.011017195771355678	0.01420128575604608	0.005972083280604026	0.010333633385296522	0.012736412542376245	0.011578871033504756	0.009835573909262076	0.010258747333063157	0.015562622128030478	0.0032185904625281975	0.007467809717446139	0.012661254148184201	0.030829520201809364	0.11242086176442405	0.2791745113185196	0.008679885777838315	0.013237686197512229	0.005902341701380043	0.011330910675957487	0.0025662383787261643	1.0	0.5	0.01252149491209924	0.011537999255087574	0.010285652638524044	0.1355556846194033	0.2959531169747235	0.011320672018275638	0.24828371682826425	0.0034628221191985407
si	1.0	0.14026123400722604	1.0	1.0	0.585786437626905	1.0	1.0	0.25824569976124334	0.5	0.585786437626905	1.0	1.0	0.36602540378443865	0.18740992571549211	0.28989794855663564	1.0	1.0	1.0	1.0	1.0	1.0	0.4364916731037085	0.3430703308172536	0.2958163163244893	0.4364916731037085	1.0	0.5	1.0	0.5	0.38742588672279304	0.585786437626905	1.0	1.0	0.44948974278317805	1.0	1.0
simple	1.0	0.01791462502151255	1.0	0.44948974278317805	0.032492689264224	0.008557396318893925	0.04007730998936772	0.01064633180017411	0.009399823834314638	0.00957838277346987	0.05939975023869116	0.03488055916030747	0.011291444577222271	0.011375966425523139	0.00985598898443963	0.009691249230605216	0.02033523859897225	0.03870775678720603	0.1089725641757413	0.10542649822871226	0.25824569976124334	0.010599263594206721	0.010498639904995962	0.018748956618434794	0.012702603248229406	0.01417080752863913	0.01252149491209924	0.5	1.0	0.012814246493550799	0.014150519949335217	0.21498516621900873	0.1945013215875004	0.010394492508272218	0.24179033438163736	0.009602677793955832
sr	0.585786437626905	0.010652287855886696	1.0	0.5	0.010246317549720997	0.0038267375835452115	0.010992396125978132	0.011978074280542124	0.0059137960753224885	0.009431128557660724	0.015555311382821036	0.018075787914035964	0.008497139710243814	0.01051973534116825	0.01269257766536962	0.0032503359275821847	0.007969575831654299	0.018086398274717714	0.09160599164824328	0.12117414236022284	0.3660254037844386	0.00822709720880763	0.010787407099144806	0.005840531789124589	0.008704507181949884	0.0024737806426605585	0.011537999255087574	0.38742588672279304	0.012814246493550799	1.0	0.009182348895200726	0.11391890072356342	0.27792629762666365	0.009686908904980484	0.2303268468157938	0.0034977284817371912
sv	1.0	0.012973021652451377	0.585786437626905	0.5	0.011167557462157678	0.0053037647711758965	0.019684639209445156	0.012172601054736444	0.006229797822365973	0.008587111482122217	0.017139840338508485	0.03651006483830698	0.008613522113078843	0.010932160135693906	0.011219144525790134	0.005637833807530092	0.008809114992050369	0.02251824911550655	0.06698646775743067	0.07078353567126544	0.3266316347104093	0.007693369500572324	0.010874454762223875	0.0054207383792923575	0.00915106467277125	0.0041693801896215965	0.010285652638524044	0.585786437626905	0.014150519949335217	0.009182348895200726	1.0	0.1765633506768389	0.26427884169111276	0.010468951639434185	0.22772999919644132	0.006018166848816251
te	1.0	0.08315853682142614	1.0	1.0	0.15225881209433406	0.3090169943749474	1.0	0.031200615405922043	0.16039776255003638	0.1886378647726465	1.0	1.0	0.21712927295533244	0.036498144416203096	0.09852652477793378	1.0	1.0	0.34833147735478825	1.0	1.0	1.0	0.2240092377397959	0.15174115516527187	0.17491720310721423	0.09095504056560641	1.0	0.1355556846194033	1.0	0.21498516621900873	0.11391890072356342	0.1765633506768389	1.0	0.3797958971132712	0.11501982172969998	1.0	1.0
tr	1.0	0.14604417633276143	-1.0	1.0	0.13751980635171002	0.13614047417302158	0.585786437626905	0.10198520887927945	0.15223947953878214	0.12528358350449806	0.27792629762666365	0.3266316347104093	0.3090169943749474	0.1886378647726465	0.1664235619993276	0.23800671553691075	0.25	0.27195617308673004	0.3266316347104093	0.2588283628687876	1.0	0.07077767179177404	0.16015261286229274	0.1540257948946752	0.29870740218186564	0.16265941452915686	0.2959531169747235	1.0	0.1945013215875004	0.27792629762666365	0.26427884169111276	0.3797958971132712	1.0	0.2284989041564256	0.585786437626905	0.20521309615767264
vi	1.0	0.015632931108545394	1.0	0.30216947925196225	0.013961240993229733	0.004573541117409333	0.009327020496615148	0.01822870993295603	0.005749691535906455	0.009820140551062942	0.009342895521686954	0.010147240306176811	0.010237771787657066	0.01677783527393892	0.018105291691936982	0.004499101907957081	0.007667255652880383	0.01037291440954617	0.02976204061728851	0.03701068589129493	0.30216947925196225	0.008031534239330122	0.017695250392048785	0.006471936426608916	0.013738530582277092	0.005902590910392694	0.011320672018275638	0.44948974278317805	0.010394492508272218	0.009686908904980484	0.010468951639434185	0.11501982172969998	0.2284989041564256	1.0	0.16879264089884097	0.0045464832357798345
war	1.0	0.048887008853503236	1.0	1.0	0.2187841884486319	0.34833147735478825	0.44948974278317805	0.1060878539025194	0.3090169943749474	0.2517564787261065	0.44948974278317805	0.5	0.2632403810669918	0.09969471999630777	0.1343715892188287	0.44948974278317805	0.44948974278317805	0.2928060946961875	0.44948974278317805	0.585786437626905	1.0	0.27195617308673004	0.11301265260956161	0.2674788903885893	0.19636040545626823	0.44948974278317805	0.24828371682826425	1.0	0.24179033438163736	0.2303268468157938	0.22772999919644132	1.0	0.585786437626905	0.16879264089884097	1.0	0.44948974278317805
zh	1.0	0.01316116619893457	1.0	1.0	0.013508334669721513	0.003094173761007542	1.0	0.0028018215867818804	0.003903991703308183	0.0027865789140345282	0.3090169943749474	1.0	0.004508050537135841	0.005759604221958446	0.003192451604837554	0.585786437626905	1.0	0.040507237501567914	1.0	1.0	1.0	0.0032819402750247258	0.003758545469168413	0.007008404308432731	0.0064315831053882175	0.585786437626905	0.0034628221191985407	1.0	0.009602677793955832	0.0034977284817371912	0.006018166848816251	1.0	0.20521309615767264	0.0045464832357798345	0.44948974278317805	1.0
