arz	bs	ceb	ckb	da	de	el	en	es	fr	he	hi	hu	id	it	ja	ko	lv	mk	ml	mr	nl	pl	pt	ro	ru	sh	si	simple	sr	sv	te	vi	war	zh
arz	1.0	0.0	0.0	0.0	0.0	0.00016001280102408193	0.0004581901489117984	3.90335298021e-05	0.0	2.044320876604792e-05	0.0003455425017277125	0.0	0.0001335113484646195	0.0	0.0	0.0	0.00010214504596527068	0.0005184033177812338	0.0	0.0	0.0	3.124023742580444e-05	0.0002240394309398454	0.0	0.00013638843426077467	0.0	0.0	0.0	0.0	0.0	0.0	0.0	0.0	0.0	0.0
bs	0.0	1.0	0.0	0.0004385964912280702	0.036637931034482756	0.009163646310606578	0.02841614906832298	0.002733812949640288	0.0023816612086930635	0.007679735344505051	0.05791743684534812	0.0004385964912280702	0.02169811320754717	0.07541776605101143	0.0071643827827372495	0.0201390553824023	0.01972236329778229	0.16666666666666666	0.0076824583866837385	0.0	0.006887645286267757	0.005575608181471374	0.014420460729185562	0.006254598969830758	0.018474421038859087	0.01397775371591692	0.0	0.0	0.0012690355329949238	0.10890410958904109	0.02630405706642889	0.0	0.007172413793103448	0.0	0.013322520852641335
ceb	0.0	0.0	0.0	0.0	0.0	0.0	0.0	0.0	0.0	0.0	0.0	0.0	0.0	0.0	0.0	0.0	0.0	0.0	0.0	0.0	0.0	0.0	0.0	0.0	0.0	0.0	0.0	0.0	0.0	0.0	0.0	0.0	0.0	0.0	0.0
ckb	0.0	0.0004385964912280702	0.0	1.0	0.0	0.0	0.0	0.0	0.0	0.0	0.0	0.0	0.0	0.0	0.0	0.0	0.0	0.0	0.0	0.0	0.01694915254237288	3.126270047206678e-05	0.00011229646266142616	0.0	2.7291831554815644e-05	0.0	0.0	0.0	0.0	0.00038804811796662784	0.0	0.0	0.0	0.0	0.0
da	0.0	0.036637931034482756	0.0	0.0	1.0	0.006370708154506438	0.018071396830099246	0.0035323081314446786	0.003050471436494731	0.007622369400791629	0.025636156475503227	0.0	0.015542462413652987	0.02778888444622151	0.00655609100078449	0.01014760147601476	0.011432801447606514	0.0469671937691763	0.001918649270913277	0.00039478878799842083	0.0015473887814313346	0.006267856101685033	0.009891371544643646	0.005119913769873349	0.00898974808098501	0.008989193841445921	0.00039277297721916735	0.0	0.0011476664116296864	0.029222087867795243	0.019809035200228017	0.0	0.008010335917312662	0.0	0.009764309764309764
de	0.00016001280102408193	0.009163646310606578	0.0	0.0	0.006370708154506438	1.0	0.012764932562620424	0.011449976090537165	0.0023647650014779783	0.029525247441704414	0.010135579834145057	0.0	0.019788311090658078	0.00909577314071696	0.017499088589135983	0.01657428540376046	0.012978733093492418	0.007636261734622391	0.0003186235462800701	0.0	0.00015956598053295037	0.02005047029135123	0.016689648613950836	0.011001100110011002	0.028110936682365254	0.019648808635527037	8.004482510205715e-05	0.0	0.0003184713375796178	0.00911650355275506	0.010099220411055989	0.0	0.0018085799030601172	0.0	0.015600707660966065
el	0.0004581901489117984	0.02841614906832298	0.0	0.0	0.018071396830099246	0.012764932562620424	1.0	0.005271640588274797	0.002399852316780506	0.014308850147661237	0.02939497716894977	0.0	0.018893969459063065	0.025058962264150945	0.011249744323992637	0.0203628643119089	0.019729710197297103	0.03186922060766182	0.0018115942028985507	0.0002300966405890474	0.0011371389583807142	0.009278808756528503	0.015639374425023	0.010098656101918745	0.022784557410596193	0.016358405260994656	0.00022941041523285156	0.0	0.0015826362197603437	0.02276086313922554	0.016662888233960553	0.0	0.0031601123595505617	0.0	0.015500234852043212
en	3.90335298021e-05	0.002733812949640288	0.0	0.0	0.0035323081314446786	0.011449976090537165	0.005271640588274797	1.0	0.0010880168079837923	0.023397356634517627	0.003419104688050758	0.0	0.007956831900493873	0.003236591264760279	0.013762601304605653	0.007120027847220024	0.006603854145911019	0.0020403701814472055	3.8946876460507865e-05	0.0	0.0	0.015770255252341724	0.009716409611050953	0.0067299497457901074	0.015550551530578945	0.008550342013680547	0.0	0.0	0.00019471921489212554	0.0037409149209063704	0.005222018958922335	0.0	0.0014854978274594273	0.0	0.007731715749442122
es	0.0	0.0023816612086930635	0.0	0.0	0.003050471436494731	0.0023647650014779783	0.002399852316780506	0.0010880168079837923	1.0	0.0026480500722195475	0.0035496957403651115	0.0	0.004462188821042743	0.0013539128080151638	0.0028531536453590724	0.0012315270935960591	0.0012915129151291514	0.002344273275284662	0.0	0.0	0.0	0.0012411830593648775	0.002508277315139962	0.002056132414927521	0.0022314313037934334	0.002531645569620253	0.0	0.0	0.0	0.003011223651793047	0.0014022787028921998	0.0	0.0016299918500407497	0.0	0.0021225789334040858
fr	2.044320876604792e-05	0.007679735344505051	0.0	0.0	0.007622369400791629	0.029525247441704414	0.014308850147661237	0.023397356634517627	0.0026480500722195475	1.0	0.01190499462418141	2.0452825557850817e-05	0.027398508850283464	0.00857713547174245	0.032238394017683775	0.02172341569201683	0.019199027017635307	0.007536841270156092	0.0002246594367175214	0.0	0.00010215130651521033	0.03442983578042667	0.02320887991927346	0.015760677726791388	0.06498163481292411	0.024517569124423964	2.044613465824286e-05	0.0	0.00030634126416828345	0.007852121639350682	0.010059260936851245	0.0	0.002073365231259968	0.0	0.014049420255344091
he	0.0003455425017277125	0.05791743684534812	0.0	0.0	0.025636156475503227	0.010135579834145057	0.02939497716894977	0.003419104688050758	0.0035496957403651115	0.01190499462418141	1.0	0.0	0.01792044111855061	0.03786444528587656	0.010043041606886656	0.01960564642617074	0.02051033591731266	0.07179717298631366	0.003740224413464808	0.0003479471120389701	0.0017094017094017094	0.007602254661078191	0.016223679668622714	0.008042661071772008	0.01945404819650137	0.016613776367369798	0.00034638032559750607	0.0	0.0023720772619451034	0.04588212708773277	0.020138794393795074	0.0	0.005451528798293435	0.0	0.01721132897603486
hi	0.0	0.0004385964912280702	0.0	0.0	0.0	0.0	0.0	0.0	0.0	2.0452825557850817e-05	0.0	1.0	0.0	0.0	0.0	0.0	0.0	0.0	0.0	0.0	0.0	0.0	0.0	0.0	2.7291831554815644e-05	0.0	0.0	0.0	0.0	0.0	0.0	0.0	0.0	0.0	0.0
hu	0.0001335113484646195	0.02169811320754717	0.0	0.0	0.015542462413652987	0.019788311090658078	0.018893969459063065	0.007956831900493873	0.004462188821042743	0.027398508850283464	0.01792044111855061	0.0	1.0	0.018494188984335524	0.017461234282667614	0.023003958473373665	0.014480809983517777	0.02291825821237586	0.0009282588516111921	0.0	0.000132890365448505	0.017039156548861907	0.021143890725378905	0.014149163627216702	0.03844614479105356	0.018880336819946057	0.00013363624214887077	0.0	0.0009275208692195575	0.01762917933130699	0.013748009053566938	0.0	0.004660679777196771	0.0	0.013308123045596684
id	0.0	0.07541776605101143	0.0	0.0	0.02778888444622151	0.00909577314071696	0.025058962264150945	0.003236591264760279	0.0013539128080151638	0.00857713547174245	0.03786444528587656	0.0	0.018494188984335524	1.0	0.0073693613220187585	0.017962003454231434	0.02213047068538398	0.09106280193236715	0.003354453969437197	0.0	0.004892736168611215	0.006165299831326703	0.012039722295456542	0.007508715473317243	0.01615408511960236	0.013729977116704805	0.0	0.0	0.0014847809948032665	0.05920783993466721	0.01800534533689689	0.0	0.0111731843575419	0.0	0.014868641699273337
it	0.0	0.0071643827827372495	0.0	0.0	0.00655609100078449	0.017499088589135983	0.011249744323992637	0.013762601304605653	0.0028531536453590724	0.032238394017683775	0.010043041606886656	0.0	0.017461234282667614	0.0073693613220187585	1.0	0.014280363329899803	0.010951979780960405	0.006034232666086452	0.000322393448965117	6.47836227001814e-05	0.0003874467260751647	0.018295825459543034	0.017772759586835614	0.012651311365164761	0.024816483970637435	0.015852390852390853	0.0	0.0	0.00019333634078752337	0.006651388966519479	0.0075848904962829014	0.0	0.0021469465648854963	0.0	0.013841951761492523
ja	0.0	0.0201390553824023	0.0	0.0	0.01014760147601476	0.01657428540376046	0.0203628643119089	0.007120027847220024	0.0012315270935960591	0.02172341569201683	0.01960564642617074	0.0	0.023003958473373665	0.017962003454231434	0.014280363329899803	1.0	0.01937169438603199	0.018910457107075767	0.000792895654931811	0.0	0.0004772510340439071	0.011915164032091509	0.017137096774193547	0.011068106199497522	0.02518054426323593	0.01923902159919897	0.0	0.0	0.0009507209633972429	0.013697053406998158	0.012875536480686695	0.0	0.005157365776249669	0.0	0.018203688853247794
ko	0.00010214504596527068	0.01972236329778229	0.0	0.0	0.011432801447606514	0.012978733093492418	0.019729710197297103	0.006603854145911019	0.0012915129151291514	0.019199027017635307	0.02051033591731266	0.0	0.014480809983517777	0.02213047068538398	0.010951979780960405	0.01937169438603199	1.0	0.017964594052498475	0.000609632188579557	0.0	0.0007129035543334351	0.009623754715156205	0.013515714053085817	0.010086060406731349	0.020875954156492665	0.016747642183480994	0.00010221813349688235	0.0	0.00030453761039488374	0.015799868334430547	0.01166795529626766	0.0	0.0034234234234234236	0.0	0.014498187726534183
lv	0.0005184033177812338	0.16666666666666666	0.0	0.0	0.0469671937691763	0.007636261734622391	0.03186922060766182	0.0020403701814472055	0.002344273275284662	0.007536841270156092	0.07179717298631366	0.0	0.02291825821237586	0.09106280193236715	0.006034232666086452	0.018910457107075767	0.017964594052498475	1.0	0.009654471544715448	0.0005238344683080147	0.013408973697782363	0.005906096040838131	0.011602882006175727	0.00782144219763449	0.018118908639497108	0.01141110545084055	0.003129890453834116	0.0	0.0025150905432595573	0.13897357723577236	0.023343255522481593	0.0	0.010172626387176326	0.0	0.013680387409200969
mk	0.0	0.0076824583866837385	0.0	0.0	0.001918649270913277	0.0003186235462800701	0.0018115942028985507	3.8946876460507865e-05	0.0	0.0002246594367175214	0.003740224413464808	0.0	0.0009282588516111921	0.003354453969437197	0.000322393448965117	0.000792895654931811	0.000609632188579557	0.009654471544715448	1.0	0.0	0.021897810218978103	0.00018713742124633524	0.000779596837064261	0.0006868918145392101	0.0008176169192194483	0.0007411067193675889	0.020833333333333332	0.0	0.005988023952095809	0.009111617312072893	0.0012763241863433313	0.0	0.0	0.0	0.0015295197308045274
ml	0.0	0.0	0.0	0.0	0.00039478878799842083	0.0	0.0002300966405890474	0.0	0.0	0.0	0.0003479471120389701	0.0	0.0	0.0	6.47836227001814e-05	0.0	0.0	0.0005238344683080147	0.0	1.0	0.016129032258064516	0.0	0.0	0.0	5.4580683895969216e-05	0.0	0.0	0.0	0.0	0.0007754943776657619	0.0	0.0	0.0	0.0	0.0
mr	0.0	0.006887645286267757	0.0	0.01694915254237288	0.0015473887814313346	0.00015956598053295037	0.0011371389583807142	0.0	0.0	0.00010215130651521033	0.0017094017094017094	0.0	0.000132890365448505	0.004892736168611215	0.0003874467260751647	0.0004772510340439071	0.0007129035543334351	0.013408973697782363	0.021897810218978103	0.016129032258064516	1.0	0.00015605006085952374	0.0006697923643670462	0.0004589787722317843	0.0004907038874652418	0.0002475860361475613	0.013333333333333334	0.0	0.006896551724137931	0.006875477463712758	0.0008545182653279214	0.0	0.0014005602240896359	0.0	0.00030656039239730225
nl	3.124023742580444e-05	0.005575608181471374	0.0	3.126270047206678e-05	0.006267856101685033	0.02005047029135123	0.009278808756528503	0.015770255252341724	0.0012411830593648775	0.03442983578042667	0.007602254661078191	0.0	0.017039156548861907	0.006165299831326703	0.018295825459543034	0.011915164032091509	0.009623754715156205	0.005906096040838131	0.00018713742124633524	0.0	0.00015605006085952374	1.0	0.015874593198022507	0.014475753113534828	0.030141098769138397	0.014581695534197246	3.1247070587132453e-05	0.0	0.0003430745719365	0.005937136204889407	0.011129522231427783	0.0	0.0026751630647148996	0.0	0.012080536912751677
pl	0.0002240394309398454	0.014420460729185562	0.0	0.00011229646266142616	0.009891371544643646	0.016689648613950836	0.015639374425023	0.009716409611050953	0.002508277315139962	0.02320887991927346	0.016223679668622714	0.0	0.021143890725378905	0.012039722295456542	0.017772759586835614	0.017137096774193547	0.013515714053085817	0.011602882006175727	0.000779596837064261	0.0	0.0006697923643670462	0.015874593198022507	1.0	0.009772923253808566	0.025048950104651947	0.018963337547408345	0.0	0.0	0.0002224694104560623	0.015566955598797099	0.010379330943847073	0.0	0.002243245879254852	0.0	0.01405105877696418
pt	0.0	0.006254598969830758	0.0	0.0	0.005119913769873349	0.011001100110011002	0.010098656101918745	0.0067299497457901074	0.002056132414927521	0.015760677726791388	0.008042661071772008	0.0	0.014149163627216702	0.007508715473317243	0.012651311365164761	0.011068106199497522	0.010086060406731349	0.00782144219763449	0.0006868918145392101	0.0	0.0004589787722317843	0.014475753113534828	0.009772923253808566	1.0	0.019420315945812144	0.009929163891747896	0.0	0.0	0.00034309240622140897	0.00617836676217765	0.0065151515151515155	0.0	0.001197724323784809	0.0	0.007996268408076232
ro	0.00013638843426077467	0.018474421038859087	0.0	2.7291831554815644e-05	0.00898974808098501	0.028110936682365254	0.022784557410596193	0.015550551530578945	0.0022314313037934334	0.06498163481292411	0.01945404819650137	2.7291831554815644e-05	0.03844614479105356	0.01615408511960236	0.024816483970637435	0.02518054426323593	0.020875954156492665	0.018118908639497108	0.0008176169192194483	5.4580683895969216e-05	0.0004907038874652418	0.030141098769138397	0.025048950104651947	0.019420315945812144	1.0	0.02919691208664593	8.184422316191516e-05	0.0	0.0004630764620958296	0.014512248751843133	0.012388989745351062	0.0	0.0029816090134304335	0.0	0.020911782119597395
ru	0.0	0.01397775371591692	0.0	0.0	0.008989193841445921	0.019648808635527037	0.016358405260994656	0.008550342013680547	0.002531645569620253	0.024517569124423964	0.016613776367369798	0.0	0.018880336819946057	0.013729977116704805	0.015852390852390853	0.01923902159919897	0.016747642183480994	0.01141110545084055	0.0007411067193675889	0.0	0.0002475860361475613	0.014581695534197246	0.018963337547408345	0.009929163891747896	0.02919691208664593	1.0	0.00024888003982080636	0.0	0.0002467308166790032	0.012322093800745056	0.010708862782705986	0.0	0.003204443494979705	0.0	0.017058617058617057
sh	0.0	0.0	0.0	0.0	0.00039277297721916735	8.004482510205715e-05	0.00022941041523285156	0.0	0.0	2.044613465824286e-05	0.00034638032559750607	0.0	0.00013363624214887077	0.0	0.0	0.0	0.00010221813349688235	0.003129890453834116	0.020833333333333332	0.0	0.013333333333333334	3.1247070587132453e-05	0.0	0.0	8.184422316191516e-05	0.00024888003982080636	1.0	0.0	0.0	0.0007716049382716049	0.0	0.0	0.0	0.0	0.0
si	0.0	0.0	0.0	0.0	0.0	0.0	0.0	0.0	0.0	0.0	0.0	0.0	0.0	0.0	0.0	0.0	0.0	0.0	0.0	0.0	0.0	0.0	0.0	0.0	0.0	0.0	0.0	0.0	0.0	0.0	0.0	0.0	0.0	0.0	0.0
simple	0.0	0.0012690355329949238	0.0	0.0	0.0011476664116296864	0.0003184713375796178	0.0015826362197603437	0.00019471921489212554	0.0	0.00030634126416828345	0.0023720772619451034	0.0	0.0009275208692195575	0.0014847809948032665	0.00019333634078752337	0.0009507209633972429	0.00030453761039488374	0.0025150905432595573	0.005988023952095809	0.0	0.006896551724137931	0.0003430745719365	0.0002224694104560623	0.00034309240622140897	0.0004630764620958296	0.0002467308166790032	0.0	0.0	1.0	0.00188040616773223	0.0014874628134296643	0.0	0.0006863417982155113	0.0	0.00045794535185467866
sr	0.0	0.10890410958904109	0.0	0.00038804811796662784	0.029222087867795243	0.00911650355275506	0.02276086313922554	0.0037409149209063704	0.003011223651793047	0.007852121639350682	0.04588212708773277	0.0	0.01762917933130699	0.05920783993466721	0.006651388966519479	0.013697053406998158	0.015799868334430547	0.13897357723577236	0.009111617312072893	0.0007754943776657619	0.006875477463712758	0.005937136204889407	0.015566955598797099	0.00617836676217765	0.014512248751843133	0.012322093800745056	0.0007716049382716049	0.0	0.00188040616773223	1.0	0.019821605550049554	0.0	0.006629270780214177	0.0	0.009375
sv	0.0	0.02630405706642889	0.0	0.0	0.019809035200228017	0.010099220411055989	0.016662888233960553	0.005222018958922335	0.0014022787028921998	0.010059260936851245	0.020138794393795074	0.0	0.013748009053566938	0.01800534533689689	0.0075848904962829014	0.012875536480686695	0.01166795529626766	0.023343255522481593	0.0012763241863433313	0.0	0.0008545182653279214	0.011129522231427783	0.010379330943847073	0.0065151515151515155	0.012388989745351062	0.010708862782705986	0.0	0.0	0.0014874628134296643	0.019821605550049554	1.0	0.0	0.008068582955118508	0.0	0.009739668669215365
te	0.0	0.0	0.0	0.0	0.0	0.0	0.0	0.0	0.0	0.0	0.0	0.0	0.0	0.0	0.0	0.0	0.0	0.0	0.0	0.0	0.0	0.0	0.0	0.0	0.0	0.0	0.0	0.0	0.0	0.0	0.0	0.0	0.0	0.0	0.0
vi	0.0	0.007172413793103448	0.0	0.0	0.008010335917312662	0.0018085799030601172	0.0031601123595505617	0.0014854978274594273	0.0016299918500407497	0.002073365231259968	0.005451528798293435	0.0	0.004660679777196771	0.0111731843575419	0.0021469465648854963	0.005157365776249669	0.0034234234234234236	0.010172626387176326	0.0	0.0	0.0014005602240896359	0.0026751630647148996	0.002243245879254852	0.001197724323784809	0.0029816090134304335	0.003204443494979705	0.0	0.0	0.0006863417982155113	0.006629270780214177	0.008068582955118508	0.0	1.0	0.0	0.004485454312443932
war	0.0	0.0	0.0	0.0	0.0	0.0	0.0	0.0	0.0	0.0	0.0	0.0	0.0	0.0	0.0	0.0	0.0	0.0	0.0	0.0	0.0	0.0	0.0	0.0	0.0	0.0	0.0	0.0	0.0	0.0	0.0	0.0	0.0	0.0	0.0
zh	0.0	0.013322520852641335	0.0	0.0	0.009764309764309764	0.015600707660966065	0.015500234852043212	0.007731715749442122	0.0021225789334040858	0.014049420255344091	0.01721132897603486	0.0	0.013308123045596684	0.014868641699273337	0.013841951761492523	0.018203688853247794	0.014498187726534183	0.013680387409200969	0.0015295197308045274	0.0	0.00030656039239730225	0.012080536912751677	0.01405105877696418	0.007996268408076232	0.020911782119597395	0.017058617058617057	0.0	0.0	0.00045794535185467866	0.009375	0.009739668669215365	0.0	0.004485454312443932	0.0	1.0
