arz	bs	ceb	ckb	da	de	el	en	es	fr	he	hi	hu	id	it	ja	ko	lv	mk	ml	mr	nl	pl	pt	ro	ru	sh	si	simple	sr	sv	te	tr	vi	war	zh
arz	1.0	1.0	0.7600257616077064	1.0	1.0	1.0	1.0	1.0	1.0	1.0	1.0	1.0	1.0	1.0	1.0	1.0	1.0	1.0	0.0	1.0	1.0	1.0	1.0	1.0	1.0	1.0	1.0	0.0	1.0	1.0	1.0	1.0	1.0	1.0	1.0	1.0
bs	1.0	1.0	0.7601765250490212	1.0	0.7690990303325336	0.7257120346900999	1.0	0.7257120346900999	0.7257120346900999	0.7364248481899383	0.8252244849082945	1.0	0.7690990303325336	0.7584325078215763	0.7257120346900999	0.7690990303325336	0.7690990303325336	1.0	1.0	1.0	1.0	0.7826308559168679	0.6994017365373274	0.6988095515222058	0.7584325078215765	0.7257120346900999	0.3402293682791077	0.0	1.0	0.6212845645194139	0.8137822343553779	1.0	0.4726940409410338	0.7584325078215763	1.0	0.7106922308883379
ceb	0.7600257616077064	0.7601765250490212	1.0	0.7992997735135312	0.7414234515463108	0.7106036787902125	0.7944784708636914	0.6181884549176134	0.6422872290278986	0.6287699186590547	0.7971951712979953	0.7996950739173357	0.4352483602980121	0.7048920704599285	0.7744051036367133	0.7944784708636914	0.7944784708636914	0.5578352643964414	0.7992997735135312	0.7992997735135312	0.7992997735135312	0.7659949659465639	0.7343182455290832	0.318828984083186	0.7421723539812178	0.7944784708636914	0.3275134774807829	0.8441714984627798	0.7690999430279849	0.7971951712979953	0.6666543577529097	0.8112505014282696	-1.0	0.6645943806282172	0.39828261689409616	0.2416679846383909
ckb	1.0	1.0	0.7992997735135312	1.0	1.0	1.0	1.0	1.0	1.0	1.0	1.0	1.0	1.0	1.0	1.0	1.0	1.0	1.0	1.0	1.0	1.0	1.0	1.0	1.0	1.0	1.0	0.5660160774121898	0.0	1.0	1.0	1.0	1.0	1.0	1.0	1.0	1.0
da	1.0	0.7690990303325336	0.7414234515463108	1.0	1.0	0.6468909830471344	1.0	0.3797776498518805	0.728099120889861	0.7248485669756152	1.0	1.0	1.0	1.0	0.728099120889861	0.7347168825662656	1.0	1.0	1.0	1.0	1.0	0.3962155593443445	0.6612511341201941	0.6056476768620068	0.7455134344225701	0.7376607345031153	0.4658324275933649	1.0	1.0	0.680317743453203	0.6538836485984504	1.0	0.5449481841283241	0.7411828468492556	1.0	0.7376607345031153
de	1.0	0.7257120346900999	0.7106036787902125	1.0	0.6468909830471344	1.0	1.0	0.16773257250768978	0.3238203160496392	0.3476315382075277	0.7189258117174852	0.7411828468492556	0.728099120889861	0.6464097068539042	0.3304564407087848	0.6370562647493825	0.7210092110599264	1.0	1.0	1.0	1.0	0.321241639828491	0.28871235974639053	0.23643975031889708	0.6114361988722579	0.4472801381548766	0.37492667907677013	1.0	0.6455519993951537	0.4316773426628147	0.3993844558594835	1.0	0.23232165993336706	0.7189258117174852	1.0	0.6423162003593037
el	1.0	1.0	0.7944784708636914	1.0	1.0	1.0	1.0	0.6701212521966625	1.0	1.0	1.0	1.0	1.0	1.0	1.0	1.0	1.0	1.0	1.0	1.0	1.0	0.43526109167898114	1.0	0.7455134344225699	1.0	1.0	0.6860960810712228	1.0	1.0	1.0	1.0	1.0	0.8137822343553781	1.0	1.0	1.0
en	1.0	0.7257120346900999	0.6181884549176134	1.0	0.3797776498518805	0.16773257250768978	0.6701212521966625	1.0	0.14480695842144764	0.14901520211790847	0.36749954291646164	0.41360553468474	0.38231970972412016	0.3800592961070596	0.17245316564444943	0.3232904254064192	0.37648229574047937	0.44930756545688116	1.0	1.0	1.0	0.2424826991384476	0.12677239257510714	0.16098732966785564	0.417419652462631	0.26382354692329274	0.32357824823631925	1.0	0.3669887355310511	0.37553278751199387	0.30180585517427866	1.0	0.30323652370191323	0.3746899891535791	1.0	0.3448535397680866
es	1.0	0.7257120346900999	0.6422872290278986	1.0	0.728099120889861	0.3238203160496392	1.0	0.14480695842144764	1.0	0.31102104817426296	1.0	1.0	0.7322034805959263	0.8240243516608119	0.29795526931064287	0.5468526616661364	1.0	1.0	1.0	1.0	1.0	0.3385352564873168	0.32220627571962296	0.27788337566716426	0.6431915320584143	0.6548925579580249	0.3412674314278259	1.0	1.0	0.4171254206977013	0.3948919753833189	1.0	0.32795231376878586	1.0	1.0	0.6398385892358057
fr	1.0	0.7364248481899383	0.6287699186590547	1.0	0.7248485669756152	0.3476315382075277	1.0	0.14901520211790847	0.31102104817426296	1.0	1.0	1.0	1.0	0.7248485669756151	0.3252728893609824	0.5977755651747496	1.0	1.0	1.0	1.0	1.0	0.3257674839922422	0.3007276769265885	0.24336305091774793	0.5922033024827086	0.554102913220608	0.32510504946880103	1.0	1.0	0.43963947977743423	0.40390563514072125	1.0	0.31666066370343454	0.7199285383279772	1.0	0.5988341345139978
he	1.0	0.8252244849082945	0.7971951712979953	1.0	1.0	0.7189258117174852	1.0	0.36749954291646164	1.0	1.0	1.0	1.0	1.0	1.0	0.6532002319725719	1.0	1.0	1.0	1.0	1.0	1.0	0.3865966302102591	1.0	0.564319881544984	1.0	1.0	0.3364561546903206	1.0	1.0	1.0	0.7263875964832449	1.0	0.7455134344225701	1.0	1.0	1.0
hi	1.0	1.0	0.7996950739173357	1.0	1.0	0.7411828468492556	1.0	0.41360553468474	1.0	1.0	1.0	1.0	1.0	1.0	1.0	1.0	1.0	1.0	1.0	1.0	1.0	0.42995415895150885	1.0	0.7411828468492555	1.0	1.0	0.6860960810712228	1.0	1.0	1.0	0.7455134344225701	1.0	0.7455134344225701	1.0	1.0	1.0
hu	1.0	0.7690990303325336	0.4352483602980121	1.0	1.0	0.728099120889861	1.0	0.38231970972412016	0.7322034805959263	1.0	1.0	1.0	1.0	1.0	0.728099120889861	1.0	1.0	1.0	1.0	1.0	1.0	0.3913873383966419	1.0	0.6049963408257748	1.0	1.0	0.5681501328618619	1.0	0.7376607345031153	1.0	1.0	1.0	1.0	1.0	1.0	0.7347168825662656
id	1.0	0.7584325078215763	0.7048920704599285	1.0	1.0	0.6464097068539042	1.0	0.3800592961070596	0.8240243516608119	0.7248485669756151	1.0	1.0	1.0	1.0	1.0	0.7411828468492556	1.0	1.0	1.0	1.0	1.0	0.40537003198728544	0.7300208629885035	0.5174512919020308	1.0	0.7300208629885034	0.6173137057729969	1.0	1.0	0.7455134344225701	0.7376607345031153	1.0	0.46940188742778566	1.0	1.0	0.7411828468492556
it	1.0	0.7257120346900999	0.7744051036367133	1.0	0.728099120889861	0.3304564407087848	1.0	0.17245316564444943	0.29795526931064287	0.3252728893609824	0.6532002319725719	1.0	0.728099120889861	1.0	1.0	0.5769031377645489	1.0	1.0	1.0	1.0	1.0	0.32143471088583025	0.28184833343798404	0.2546597088813262	0.7248485669756152	0.47482859043196796	0.28233508721782263	1.0	0.7263875964832448	0.4545923586295977	0.4052864746542832	1.0	0.26222678508583	0.568991328973943	1.0	0.554232549965628
ja	1.0	0.7690990303325336	0.7944784708636914	1.0	0.7347168825662656	0.6370562647493825	1.0	0.3232904254064192	0.5468526616661364	0.5977755651747496	1.0	1.0	1.0	0.7411828468492556	0.5769031377645489	1.0	1.0	1.0	1.0	1.0	1.0	0.38188625163878104	1.0	0.47518100763884796	1.0	1.0	0.49932529804009207	1.0	1.0	0.7834965055871608	0.5615807088367776	1.0	0.518170678130637	1.0	1.0	1.0
ko	1.0	0.7690990303325336	0.7944784708636914	1.0	1.0	0.7210092110599264	1.0	0.37648229574047937	1.0	1.0	1.0	1.0	1.0	1.0	1.0	1.0	1.0	1.0	1.0	1.0	1.0	0.3918142584287958	1.0	0.48731859143837103	0.7411828468492556	1.0	0.37232104149946854	1.0	1.0	0.7300208629885034	0.661251134120194	1.0	0.5975910473116133	1.0	1.0	1.0
lv	1.0	1.0	0.5578352643964414	1.0	1.0	1.0	1.0	0.44930756545688116	1.0	1.0	1.0	1.0	1.0	1.0	1.0	1.0	1.0	1.0	1.0	1.0	1.0	0.4493075654568811	1.0	0.7584325078215765	1.0	1.0	0.6860960810712228	1.0	1.0	1.0	1.0	1.0	0.38074690776495973	1.0	1.0	1.0
mk	0.0	1.0	0.7992997735135312	1.0	1.0	1.0	1.0	1.0	1.0	1.0	1.0	1.0	1.0	1.0	1.0	1.0	1.0	1.0	1.0	0.0	1.0	1.0	1.0	1.0	1.0	1.0	0.7863954451402115	0.0	1.0	1.0	1.0	0.0	1.0	1.0	0.0	1.0
ml	1.0	1.0	0.7992997735135312	1.0	1.0	1.0	1.0	1.0	1.0	1.0	1.0	1.0	1.0	1.0	1.0	1.0	1.0	1.0	0.0	1.0	1.0	0.5660160774121898	1.0	1.0	1.0	1.0	0.7130138297161199	1.0	1.0	1.0	1.0	1.0	0.6497062083042455	1.0	1.0	1.0
mr	1.0	1.0	0.7992997735135312	1.0	1.0	1.0	1.0	1.0	1.0	1.0	1.0	1.0	1.0	1.0	1.0	1.0	1.0	1.0	1.0	1.0	1.0	0.5020797777427737	1.0	1.0	1.0	1.0	0.8125806012482828	1.0	1.0	1.0	1.0	1.0	1.0	1.0	1.0	1.0
nl	1.0	0.7826308559168679	0.7659949659465639	1.0	0.3962155593443445	0.321241639828491	0.43526109167898114	0.2424826991384476	0.3385352564873168	0.3257674839922422	0.3865966302102591	0.42995415895150885	0.3913873383966419	0.40537003198728544	0.32143471088583025	0.38188625163878104	0.3918142584287958	0.4493075654568811	1.0	0.5660160774121898	0.5020797777427737	1.0	0.31554103555778173	0.3236575753466942	0.39246903804608574	0.34979016495642484	0.3454866303026243	1.0	0.3985371830837068	0.3317284009385554	0.3357418712487506	1.0	0.38678059465578857	0.39246903804608574	1.0	0.3730035226157992
pl	1.0	0.6994017365373274	0.7343182455290832	1.0	0.6612511341201941	0.28871235974639053	1.0	0.12677239257510714	0.32220627571962296	0.3007276769265885	1.0	1.0	1.0	0.7300208629885035	0.28184833343798404	1.0	1.0	1.0	1.0	1.0	1.0	0.31554103555778173	1.0	0.23366940293660537	1.0	0.458311638708411	0.3036879048841155	1.0	0.728099120889861	0.40285872817732454	0.4287123716286518	1.0	0.46048442894857633	0.7199285383279772	1.0	0.6414463581614512
pt	1.0	0.6988095515222058	0.318828984083186	1.0	0.6056476768620068	0.23643975031889708	0.7455134344225699	0.16098732966785564	0.27788337566716426	0.24336305091774793	0.564319881544984	0.7411828468492555	0.6049963408257748	0.5174512919020308	0.2546597088813262	0.47518100763884796	0.48731859143837103	0.7584325078215765	1.0	1.0	1.0	0.3236575753466942	0.23366940293660537	1.0	0.5415827988883525	0.41181175442423873	0.35391538849252185	1.0	0.6431915320584143	0.2930925985791569	0.3428397523192939	1.0	0.32411496540493484	0.5505638267984209	1.0	0.4488404183791693
ro	1.0	0.7584325078215765	0.7421723539812178	1.0	0.7455134344225701	0.6114361988722579	1.0	0.417419652462631	0.6431915320584143	0.5922033024827086	1.0	1.0	1.0	1.0	0.7248485669756152	1.0	0.7411828468492556	1.0	1.0	1.0	1.0	0.39246903804608574	1.0	0.5415827988883525	1.0	1.0	0.3906484152071355	1.0	1.0	0.7106824291060084	0.7322034805959263	1.0	1.0	0.7322034805959263	1.0	0.7347168825662656
ru	1.0	0.7257120346900999	0.7944784708636914	1.0	0.7376607345031153	0.4472801381548766	1.0	0.26382354692329274	0.6548925579580249	0.554102913220608	1.0	1.0	1.0	0.7300208629885034	0.47482859043196796	1.0	1.0	1.0	1.0	1.0	1.0	0.34979016495642484	0.458311638708411	0.41181175442423873	1.0	1.0	0.2930850794099221	1.0	0.7300208629885035	0.5204910729630366	0.6024121817672692	1.0	0.4580866075290126	1.0	1.0	1.0
sh	1.0	0.3402293682791077	0.3275134774807829	0.5660160774121898	0.4658324275933649	0.37492667907677013	0.6860960810712228	0.32357824823631925	0.3412674314278259	0.32510504946880103	0.3364561546903206	0.6860960810712228	0.5681501328618619	0.6173137057729969	0.28233508721782263	0.49932529804009207	0.37232104149946854	0.6860960810712228	0.7863954451402115	0.7130138297161199	0.8125806012482828	0.3454866303026243	0.3036879048841155	0.35391538849252185	0.3906484152071355	0.2930850794099221	1.0	1.0	0.3542545434347737	0.31379479993048487	0.39520095284719675	1.0	0.4288265842292039	0.38936091757333624	1.0	0.479864597662851
si	0.0	0.0	0.8441714984627798	0.0	1.0	1.0	1.0	1.0	1.0	1.0	1.0	1.0	1.0	1.0	1.0	1.0	1.0	1.0	0.0	1.0	1.0	1.0	1.0	1.0	1.0	1.0	1.0	1.0	1.0	1.0	1.0	0.0	1.0	1.0	0.0	1.0
simple	1.0	1.0	0.7690999430279849	1.0	1.0	0.6455519993951537	1.0	0.3669887355310511	1.0	1.0	1.0	1.0	0.7376607345031153	1.0	0.7263875964832448	1.0	1.0	1.0	1.0	1.0	1.0	0.3985371830837068	0.728099120889861	0.6431915320584143	1.0	0.7300208629885035	0.3542545434347737	1.0	1.0	1.0	0.7322034805959264	1.0	0.41774693498084353	1.0	1.0	1.0
sr	1.0	0.6212845645194139	0.7971951712979953	1.0	0.680317743453203	0.4316773426628147	1.0	0.37553278751199387	0.4171254206977013	0.43963947977743423	1.0	1.0	1.0	0.7455134344225701	0.4545923586295977	0.7834965055871608	0.7300208629885034	1.0	1.0	1.0	1.0	0.3317284009385554	0.40285872817732454	0.2930925985791569	0.7106824291060084	0.5204910729630366	0.31379479993048487	1.0	1.0	1.0	0.4637225594274365	1.0	0.6891518935466496	0.7300208629885034	1.0	0.7234532828151787
sv	1.0	0.8137822343553779	0.6666543577529097	1.0	0.6538836485984504	0.3993844558594835	1.0	0.30180585517427866	0.3948919753833189	0.40390563514072125	0.7263875964832449	0.7455134344225701	1.0	0.7376607345031153	0.4052864746542832	0.5615807088367776	0.661251134120194	1.0	1.0	1.0	1.0	0.3357418712487506	0.4287123716286518	0.3428397523192939	0.7322034805959263	0.6024121817672692	0.39520095284719675	1.0	0.7322034805959264	0.4637225594274365	1.0	1.0	0.5634268222232621	0.5876277661521777	1.0	0.4938832723433138
te	1.0	1.0	0.8112505014282696	1.0	1.0	1.0	1.0	1.0	1.0	1.0	1.0	1.0	1.0	1.0	1.0	1.0	1.0	1.0	0.0	1.0	1.0	1.0	1.0	1.0	1.0	1.0	1.0	0.0	1.0	1.0	1.0	1.0	0.6524007805500079	1.0	1.0	1.0
tr	1.0	0.4726940409410338	-1.0	1.0	0.5449481841283241	0.23232165993336706	0.8137822343553781	0.30323652370191323	0.32795231376878586	0.31666066370343454	0.7455134344225701	0.7455134344225701	1.0	0.46940188742778566	0.26222678508583	0.518170678130637	0.5975910473116133	0.38074690776495973	1.0	0.6497062083042455	1.0	0.38678059465578857	0.46048442894857633	0.32411496540493484	1.0	0.4580866075290126	0.4288265842292039	1.0	0.41774693498084353	0.6891518935466496	0.5634268222232621	0.6524007805500079	1.0	0.4487569993445067	1.0	0.47297645177888525
vi	1.0	0.7584325078215763	0.6645943806282172	1.0	0.7411828468492556	0.7189258117174852	1.0	0.3746899891535791	1.0	0.7199285383279772	1.0	1.0	1.0	1.0	0.568991328973943	1.0	1.0	1.0	1.0	1.0	1.0	0.39246903804608574	0.7199285383279772	0.5505638267984209	0.7322034805959263	1.0	0.38936091757333624	1.0	1.0	0.7300208629885034	0.5876277661521777	1.0	0.4487569993445067	1.0	1.0	1.0
war	1.0	1.0	0.39828261689409616	1.0	1.0	1.0	1.0	1.0	1.0	1.0	1.0	1.0	1.0	1.0	1.0	1.0	1.0	1.0	0.0	1.0	1.0	1.0	1.0	1.0	1.0	1.0	1.0	0.0	1.0	1.0	1.0	1.0	1.0	1.0	1.0	1.0
zh	1.0	0.7106922308883379	0.2416679846383909	1.0	0.7376607345031153	0.6423162003593037	1.0	0.3448535397680866	0.6398385892358057	0.5988341345139978	1.0	1.0	0.7347168825662656	0.7411828468492556	0.554232549965628	1.0	1.0	1.0	1.0	1.0	1.0	0.3730035226157992	0.6414463581614512	0.4488404183791693	0.7347168825662656	1.0	0.479864597662851	1.0	1.0	0.7234532828151787	0.4938832723433138	1.0	0.47297645177888525	1.0	1.0	1.0
