arz	bs	ceb	ckb	da	de	el	en	es	fr	he	hi	hu	id	it	ja	ko	lv	mk	ml	mr	nl	pl	pt	ro	ru	sh	si	simple	sr	sv	te	vi	war	zh
arz	1.0	1.0	1.0	0.31451985913875646	0.0	1.0	1.0	1.0	1.0	1.0	1.0	0.0	1.0	1.0	0.5	1.0	1.0	1.0	1.0	0.2572842744474721	0.1695030376191228	1.0	1.0	1.0	0.0	1.0	1.0	0.2112836809049332	1.0	1.0	1.0	0.2989350844248255	1.0	0.585786437626905	1.0
bs	1.0	1.0	0.33175781597560733	0.09700627122845548	0.585786437626905	0.03285217478399649	0.05382596049106151	0.03524015874678844	0.03277929624581177	0.04995341682117378	0.09223728554187681	0.0	0.1368227865524485	1.0	0.11582444758332539	0.20100820154529447	0.04316196569461115	0.07397238859796613	0.03133898210110291	0.022296546990826182	0.03844820491848706	0.1374953847735776	0.03228331637583871	0.04953305622419835	0.4142135623730951	0.031212659112431092	0.10414769110794755	0.08046043591006234	1.0	0.04606534806805263	0.11897746062862574	0.07729966439274844	0.09522105054922171	0.21712927295533244	0.04412076657228352
ceb	1.0	0.33175781597560733	1.0	0.49851311685382416	0.4364916731037085	0.31264808514230086	0.32449979983983984	0.31264808514230086	0.32449979983983984	0.31264808514230086	0.32449979983983984	0.32449979983983984	0.32449979983983984	0.32449979983983984	0.40453726661826384	0.32449979983983984	0.3126480851423008	0.4364916731037085	0.32449979983983984	0.40453726661826384	0.3380788308512194	0.4364916731037085	0.32449979983983984	0.32449979983983984	0.32449979983983984	0.31264808514230086	0.4364916731037085	0.353889367864523	0.3427032721697021	0.32449979983983984	0.4364916731037085	1.0	0.32449979983983984	0.4364916731037085	0.32449979983983984
ckb	0.31451985913875646	0.09700627122845548	0.49851311685382416	1.0	0.12213064903189357	0.11553930006253221	0.08924081788028135	0.032304794090649555	0.1147343625310572	0.08516118183213836	0.08454342334650891	0.09736637016097235	0.09386432245248054	0.13083367132430432	0.049235144194436475	0.02900495668827047	0.07503676761437011	0.09720924117892499	0.07475644073163507	0.12462970693589985	0.07553174100350132	0.11289081189713343	0.11065114023528379	0.03194278119476175	0.12671020163537874	0.023907909041332474	0.08446049490651926	0.10586596643905144	0.07416286321139938	0.11350416126511091	0.04046338959181336	0.2402530733520421	0.09441387963324659	0.44948974278317805	0.017767237776349486
da	0.0	0.585786437626905	0.4364916731037085	0.12213064903189357	1.0	0.585786437626905	1.0	1.0	1.0	1.0	1.0	0.0	1.0	0.0	1.0	1.0	1.0	1.0	1.0	0.011040216232079757	0.01981441676499872	1.0	0.5	1.0	1.0	1.0	0.39564392373896	0.03385193314245707	1.0	1.0	1.0	0.13356186982578958	0.0	0.252650308587072	1.0
de	1.0	0.03285217478399649	0.31264808514230086	0.11553930006253221	0.585786437626905	1.0	0.0877373897955325	0.0162110043450324	0.012793200523472971	0.01547505176420336	0.025511031579142352	0.585786437626905	0.2708131845707603	0.2222222222222222	0.022053443525562155	0.5	0.19636040545626823	0.4142135623730951	0.11841274772488591	0.00660415199818904	0.015237139030754913	0.10126044083342187	0.016154413461763842	0.12091471790633028	0.5	0.0187777539706029	0.03506703784323611	0.02116602125712771	0.39564392373896007	0.03499212106729966	0.30216947925196225	0.056797017583895604	0.585786437626905	0.3203772410170407	0.13074787165365429
el	1.0	0.05382596049106151	0.32449979983983984	0.08924081788028135	1.0	0.0877373897955325	1.0	0.05024301919086184	0.5	0.06375853304875208	1.0	0.0	1.0	0.585786437626905	0.05079176336261524	1.0	1.0	1.0	1.0	0.013392997330300478	0.021165546228880068	0.2204812092115424	0.12455606108103785	1.0	1.0	1.0	0.04847081737730232	0.03729361230762609	1.0	1.0	1.0	0.05556796748906242	1.0	0.20521309615767264	1.0
en	1.0	0.03524015874678844	0.31264808514230086	0.032304794090649555	1.0	0.0162110043450324	0.05024301919086184	1.0	0.00698000302229002	0.03402351643939279	0.015316372893649427	1.0	0.1886378647726465	0.14415097937281632	0.03565315949382112	0.252650308587072	0.10542649822871226	0.14993701681637092	0.04005218670017087	0.01075076404691361	0.01584100858234965	0.03297557703943807	0.020359272307019477	0.031643278991126365	0.3087618505583288	0.006236601307828367	0.03758204181539278	0.018245270445514297	0.5	0.014658617485089802	0.11783426587983087	0.017772476670033222	0.26427884169111276	0.1353162302316386	0.05245550539960984
es	1.0	0.03277929624581177	0.32449979983983984	0.1147343625310572	1.0	0.012793200523472971	0.5	0.00698000302229002	1.0	0.013876904765888352	0.5	1.0	1.0	0.18660549686337075	0.01859992176632665	1.0	1.0	1.0	1.0	0.006021073457413103	0.014863099780667351	0.019979312173204138	0.011586723449164085	0.585786437626905	0.585786437626905	0.44948974278317805	0.03447002582512916	0.018845364124413906	1.0	0.38742588672279304	1.0	0.05595873168323152	1.0	0.3333333333333333	0.5
fr	1.0	0.04995341682117378	0.31264808514230086	0.08516118183213836	1.0	0.01547505176420336	0.06375853304875208	0.03402351643939279	0.013876904765888352	1.0	0.023065051404960814	1.0	0.13828122551400807	0.27755172536235034	0.08125135618067197	0.2708131845707603	0.06545153573034447	0.15079444971560022	0.03846482619964952	0.007284119149000707	0.015112850796329017	0.04570224176035467	0.01917259630824888	0.0361902548128084	0.5	0.015349373210063523	0.05403331106890193	0.019996364899128247	0.2989350844248255	0.029461406122026444	0.12362890232241446	0.0340903318944811	0.3090169943749474	0.21604850763119507	0.05105652332690573
he	1.0	0.09223728554187681	0.32449979983983984	0.08454342334650891	1.0	0.025511031579142352	1.0	0.015316372893649427	0.5	0.023065051404960814	1.0	1.0	1.0	0.28436465220442186	0.037033269097194725	1.0	1.0	1.0	1.0	0.008117033459318572	0.016626155311260056	0.1584693830492905	0.04774712205464179	1.0	1.0	1.0	0.07274024014849512	0.024464037576991938	1.0	1.0	1.0	0.057815616358025484	1.0	0.25921926045307553	1.0
hi	0.0	0.0	0.32449979983983984	0.09736637016097235	0.0	0.585786437626905	0.0	1.0	1.0	1.0	1.0	1.0	0.0	0.0	0.0	0.0	0.0	0.0	0.0	0.010908670705489766	0.018634774400227285	0.0	1.0	1.0	0.0	1.0	0.0	0.03153068672857669	0.0	1.0	0.0	0.07031739399430299	0.0	0.1757340838011157	1.0
hu	1.0	0.1368227865524485	0.32449979983983984	0.09386432245248054	1.0	0.2708131845707603	1.0	0.1886378647726465	1.0	0.13828122551400807	1.0	0.0	1.0	1.0	0.0973366881823024	1.0	1.0	1.0	1.0	0.013757200363117828	0.020717948574219082	0.36602540378443865	0.36602540378443865	1.0	1.0	1.0	0.141516769699476	0.054285188230280494	1.0	1.0	1.0	0.0748200406829925	1.0	0.1987625491245426	1.0
id	1.0	1.0	0.32449979983983984	0.13083367132430432	0.0	0.2222222222222222	0.585786437626905	0.14415097937281632	0.18660549686337075	0.27755172536235034	0.28436465220442186	0.0	1.0	1.0	0.31604160750540605	1.0	1.0	0.0	0.5	0.00835290164594386	0.017059736634625396	0.3333333333333333	0.18660549686337075	0.2	0.0	0.2674788903885893	1.0	0.02338539847473097	1.0	0.585786437626905	0.5	0.07926842605613404	0.585786437626905	0.28172904669025317	0.39564392373896
it	0.5	0.11582444758332539	0.40453726661826384	0.049235144194436475	1.0	0.022053443525562155	0.05079176336261524	0.03565315949382112	0.01859992176632665	0.08125135618067197	0.037033269097194725	0.0	0.0973366881823024	0.31604160750540605	1.0	0.14189566657443153	0.040813373003802465	0.08100293394303541	0.03331146131228981	0.01001055872130777	0.01603627292587159	0.04909638937440949	0.02386831548057467	0.04278836103486201	0.39564392373896	0.020790372574461275	0.1450671528385737	0.029116466648604483	0.36602540378443865	0.03854635276201699	0.08748046544895995	0.024619401944679282	0.12814991671660136	0.16879264089884097	0.03515788333072985
ja	1.0	0.20100820154529447	0.32449979983983984	0.02900495668827047	1.0	0.5	1.0	0.252650308587072	1.0	0.2708131845707603	1.0	0.0	1.0	1.0	0.14189566657443153	1.0	1.0	1.0	1.0	0.012133542187212902	0.015514920968668602	0.44948974278317805	0.5	1.0	1.0	1.0	0.19248405980003655	0.01930656990604524	1.0	1.0	1.0	0.017262905877291707	1.0	0.13942101738017212	1.0
ko	1.0	0.04316196569461115	0.3126480851423008	0.07503676761437011	1.0	0.19636040545626823	1.0	0.10542649822871226	1.0	0.06545153573034447	1.0	0.0	1.0	1.0	0.040813373003802465	1.0	1.0	1.0	1.0	0.008093824800397359	0.015462646026037202	0.3430703308172536	0.25	1.0	1.0	1.0	0.04464875657155648	0.02171118811098249	1.0	1.0	1.0	0.05463958336735649	1.0	0.2193450929151803	1.0
lv	1.0	0.07397238859796613	0.4364916731037085	0.09720924117892499	1.0	0.4142135623730951	1.0	0.14993701681637092	1.0	0.15079444971560022	1.0	0.0	1.0	0.0	0.08100293394303541	1.0	1.0	1.0	1.0	0.021989877155373608	0.02480490427771772	1.0	0.25824569976124334	1.0	1.0	1.0	0.070514768894148	0.04674980468684391	0.0	1.0	1.0	0.11089935510394357	1.0	0.2402530733520421	1.0
mk	1.0	0.03133898210110291	0.32449979983983984	0.07475644073163507	1.0	0.11841274772488591	1.0	0.04005218670017087	1.0	0.03846482619964952	1.0	0.0	1.0	0.5	0.03331146131228981	1.0	1.0	1.0	1.0	0.018359084505063822	0.03231950410907617	0.3430703308172536	0.14037600977966974	1.0	1.0	1.0	0.03542038039830478	0.05962904062563949	1.0	1.0	1.0	0.08274768685549355	1.0	0.19404996501286384	1.0
ml	0.2572842744474721	0.022296546990826182	0.40453726661826384	0.12462970693589985	0.011040216232079757	0.00660415199818904	0.013392997330300478	0.01075076404691361	0.006021073457413103	0.007284119149000707	0.008117033459318572	0.010908670705489766	0.013757200363117828	0.00835290164594386	0.01001055872130777	0.012133542187212902	0.008093824800397359	0.021989877155373608	0.018359084505063822	1.0	0.02603045933657244	0.006647595557625271	0.0069547575961630284	0.010316259829773383	0.010440539242649547	0.01211401643684667	0.012435930218840955	0.04658313017017802	0.01055525581161959	0.009766183372810456	0.010823977535719795	0.07717740372473536	0.008535714122982947	0.16952084719853724	0.014603176565870573
mr	0.1695030376191228	0.03844820491848706	0.3380788308512194	0.07553174100350132	0.01981441676499872	0.015237139030754913	0.021165546228880068	0.01584100858234965	0.014863099780667351	0.015112850796329017	0.016626155311260056	0.018634774400227285	0.020717948574219082	0.017059736634625396	0.01603627292587159	0.015514920968668602	0.015462646026037202	0.02480490427771772	0.03231950410907617	0.02603045933657244	1.0	0.015685539598585096	0.015961371350670876	0.01566418940563204	0.02020421729204484	0.01633943875650873	0.02264355496561513	0.09313067134589388	0.016544708733306202	0.017853353161938264	0.01652635527598465	0.03427888607286306	0.015326080356056874	0.11621389497419159	0.020208839215594042
nl	1.0	0.1374953847735776	0.4364916731037085	0.11289081189713343	1.0	0.10126044083342187	0.2204812092115424	0.03297557703943807	0.019979312173204138	0.04570224176035467	0.1584693830492905	0.0	0.36602540378443865	0.3333333333333333	0.04909638937440949	0.44948974278317805	0.3430703308172536	1.0	0.3430703308172536	0.006647595557625271	0.015685539598585096	1.0	0.047940205645298425	0.1680743603534397	1.0	0.057852288184077096	0.1020138101587065	0.022683517415557068	1.0	0.21551468935838852	0.38742588672279304	0.04098985677939074	1.0	0.3660254037844386	0.4142135623730951
pl	1.0	0.03228331637583871	0.32449979983983984	0.11065114023528379	0.5	0.016154413461763842	0.12455606108103785	0.020359272307019477	0.011586723449164085	0.01917259630824888	0.04774712205464179	1.0	0.36602540378443865	0.18660549686337075	0.02386831548057467	0.5	0.25	0.25824569976124334	0.14037600977966974	0.0069547575961630284	0.015961371350670876	0.047940205645298425	1.0	0.0929623007868405	0.3090169943749474	0.0031535196941760955	0.03768803046712648	0.01954031856531899	1.0	0.012438906752103247	0.32449979983983984	0.05886945291000005	0.44948974278317805	0.2674788903885893	0.17331935664757372
pt	1.0	0.04953305622419835	0.32449979983983984	0.03194278119476175	1.0	0.12091471790633028	1.0	0.031643278991126365	0.585786437626905	0.0361902548128084	1.0	1.0	1.0	0.2	0.04278836103486201	1.0	1.0	1.0	1.0	0.010316259829773383	0.01566418940563204	0.1680743603534397	0.0929623007868405	1.0	1.0	1.0	0.05594881740779471	0.019182647765230234	1.0	1.0	1.0	0.0190525269018278	1.0	0.1518442389903171	1.0
ro	0.0	0.4142135623730951	0.32449979983983984	0.12671020163537874	1.0	0.5	1.0	0.3087618505583288	0.585786437626905	0.5	1.0	0.0	1.0	0.0	0.39564392373896	1.0	1.0	1.0	1.0	0.010440539242649547	0.02020421729204484	1.0	0.3090169943749474	1.0	1.0	0.26427884169111276	1.0	0.0347504699434589	0.0	1.0	1.0	0.0994491992362644	1.0	0.33333333333333326	1.0
ru	1.0	0.031212659112431092	0.31264808514230086	0.023907909041332474	1.0	0.0187777539706029	1.0	0.006236601307828367	0.44948974278317805	0.015349373210063523	1.0	1.0	1.0	0.2674788903885893	0.020790372574461275	1.0	1.0	1.0	1.0	0.01211401643684667	0.01633943875650873	0.057852288184077096	0.0031535196941760955	1.0	0.26427884169111276	1.0	0.034377086053777005	0.01958271352959876	1.0	1.0	0.13579648178933995	0.013895537943508474	1.0	0.12869959859918143	1.0
sh	1.0	0.10414769110794755	0.4364916731037085	0.08446049490651926	0.39564392373896	0.03506703784323611	0.04847081737730232	0.03758204181539278	0.03447002582512916	0.05403331106890193	0.07274024014849512	0.0	0.141516769699476	1.0	0.1450671528385737	0.19248405980003655	0.04464875657155648	0.070514768894148	0.03542038039830478	0.012435930218840955	0.02264355496561513	0.1020138101587065	0.03768803046712648	0.05594881740779471	1.0	0.034377086053777005	1.0	0.027916743420805187	1.0	0.042859753951751435	0.11268865367232477	0.05101515461674088	0.09855179624203422	0.11881849050177154	0.04221201239039789
si	0.2112836809049332	0.08046043591006234	0.353889367864523	0.10586596643905144	0.03385193314245707	0.02116602125712771	0.03729361230762609	0.018245270445514297	0.018845364124413906	0.019996364899128247	0.024464037576991938	0.03153068672857669	0.054285188230280494	0.02338539847473097	0.029116466648604483	0.01930656990604524	0.02171118811098249	0.04674980468684391	0.05962904062563949	0.04658313017017802	0.09313067134589388	0.022683517415557068	0.01954031856531899	0.019182647765230234	0.0347504699434589	0.01958271352959876	0.027916743420805187	1.0	0.028253699867730023	0.023052175725006778	0.022015638321306142	0.09272481381960014	0.022766708457189054	0.18349569639667007	0.02067410745147806
simple	1.0	1.0	0.3427032721697021	0.07416286321139938	1.0	0.39564392373896007	1.0	0.5	1.0	0.2989350844248255	1.0	0.0	1.0	1.0	0.36602540378443865	1.0	1.0	0.0	1.0	0.01055525581161959	0.016544708733306202	1.0	1.0	1.0	0.0	1.0	1.0	0.028253699867730023	1.0	1.0	1.0	0.05331604725284546	1.0	0.18464218557642828	1.0
sr	1.0	0.04606534806805263	0.32449979983983984	0.11350416126511091	1.0	0.03499212106729966	1.0	0.014658617485089802	0.38742588672279304	0.029461406122026444	1.0	1.0	1.0	0.585786437626905	0.03854635276201699	1.0	1.0	1.0	1.0	0.009766183372810456	0.017853353161938264	0.21551468935838852	0.012438906752103247	1.0	1.0	1.0	0.042859753951751435	0.023052175725006778	1.0	1.0	1.0	0.08002784103474549	1.0	0.2612038749637414	1.0
sv	1.0	0.11897746062862574	0.4364916731037085	0.04046338959181336	1.0	0.30216947925196225	1.0	0.11783426587983087	1.0	0.12362890232241446	1.0	0.0	1.0	0.5	0.08748046544895995	1.0	1.0	1.0	1.0	0.010823977535719795	0.01652635527598465	0.38742588672279304	0.32449979983983984	1.0	1.0	0.13579648178933995	0.11268865367232477	0.022015638321306142	1.0	1.0	1.0	0.032121563662530134	1.0	0.1907435698305462	1.0
te	0.2989350844248255	0.07729966439274844	1.0	0.2402530733520421	0.13356186982578958	0.056797017583895604	0.05556796748906242	0.017772476670033222	0.05595873168323152	0.0340903318944811	0.057815616358025484	0.07031739399430299	0.0748200406829925	0.07926842605613404	0.024619401944679282	0.017262905877291707	0.05463958336735649	0.11089935510394357	0.08274768685549355	0.07717740372473536	0.03427888607286306	0.04098985677939074	0.05886945291000005	0.0190525269018278	0.0994491992362644	0.013895537943508474	0.05101515461674088	0.09272481381960014	0.05331604725284546	0.08002784103474549	0.032121563662530134	1.0	0.06770243875763202	0.5	0.011846000797084439
vi	1.0	0.09522105054922171	0.32449979983983984	0.09441387963324659	0.0	0.585786437626905	1.0	0.26427884169111276	1.0	0.3090169943749474	1.0	0.0	1.0	0.585786437626905	0.12814991671660136	1.0	1.0	1.0	1.0	0.008535714122982947	0.015326080356056874	1.0	0.44948974278317805	1.0	1.0	1.0	0.09855179624203422	0.022766708457189054	1.0	1.0	1.0	0.06770243875763202	1.0	0.23441237831492112	1.0
war	0.585786437626905	0.21712927295533244	0.4364916731037085	0.44948974278317805	0.252650308587072	0.3203772410170407	0.20521309615767264	0.1353162302316386	0.3333333333333333	0.21604850763119507	0.25921926045307553	0.1757340838011157	0.1987625491245426	0.28172904669025317	0.16879264089884097	0.13942101738017212	0.2193450929151803	0.2402530733520421	0.19404996501286384	0.16952084719853724	0.11621389497419159	0.3660254037844386	0.2674788903885893	0.1518442389903171	0.33333333333333326	0.12869959859918143	0.11881849050177154	0.18349569639667007	0.18464218557642828	0.2612038749637414	0.1907435698305462	0.5	0.23441237831492112	1.0	0.09191317080123472
zh	1.0	0.04412076657228352	0.32449979983983984	0.017767237776349486	1.0	0.13074787165365429	1.0	0.05245550539960984	0.5	0.05105652332690573	1.0	1.0	1.0	0.39564392373896	0.03515788333072985	1.0	1.0	1.0	1.0	0.014603176565870573	0.020208839215594042	0.4142135623730951	0.17331935664757372	1.0	1.0	1.0	0.04221201239039789	0.02067410745147806	1.0	1.0	1.0	0.011846000797084439	1.0	0.09191317080123472	1.0
