arz	bs	ceb	ckb	da	de	el	en	es	fr	he	hi	hu	id	it	ja	ko	lv	mk	ml	mr	nl	pl	pt	ro	ru	sh	si	simple	sr	sv	te	vi	war	zh
arz	0.0	0.0	0.0	0.0	0.0	0.0	0.0	0.0	0.0	0.0	0.0	0.0	0.0	0.0	0.0	0.0	0.0	0.0	0.0	0.0	0.002793296089385475	0.0	0.0	0.0	0.0	0.0	0.0	0.004524886877828055	0.0	0.0	0.0	0.0	0.0	0.0	0.0
bs	0.0	1.0	0.0	0.0	0.0	0.001215066828675577	0.0	0.0007541478129713424	0.0	0.0056179775280898875	0.0	0.0	0.0	0.0	0.0036809815950920245	0.0	0.0	0.0	0.0	0.0006901311249137336	0.0009737098344693282	0.0	6.840881105486387e-06	0.0	0.0	0.0	0.06140350877192982	0.0	0.0	0.0	0.0	0.0024154589371980675	0.0	0.0	0.0
ceb	0.0	0.0	1.0	0.025	0.0	0.0	0.0	0.0	0.0	0.0	0.0	0.0	0.0	0.0	0.0	0.0	0.0	0.0	0.0	0.0	0.0	0.0	0.0	0.0	0.0	0.0	0.0	0.0	0.0003439972480220158	0.0	0.0	0.0	0.0	0.0	0.0
ckb	0.0	0.0	0.025	1.0	0.0	0.0	0.0	0.0	0.0	2.0030446278343083e-05	0.0	0.0	0.0	0.0	1.7084379751593118e-05	3.619778469557663e-05	0.0	0.0	0.0007067137809187279	0.0	0.0	0.0	0.0	2.1560087965158897e-05	0.0	0.0	0.0	0.0	0.0	0.0	5.0787201625190454e-05	0.0	0.0	0.0	0.0
da	0.0	0.0	0.0	0.0	0.0	0.0	0.0	0.0	0.0	0.0	0.0	0.0	0.0	0.0	0.0	0.0	0.0	0.0	0.0	0.0005396654074473826	0.0	0.0	0.0	0.0	0.0	0.0	0.0	0.0007727975270479134	0.0	0.0	0.0	0.0	0.0	0.0	0.0
de	0.0	0.001215066828675577	0.0	0.0	0.0	1.0	0.0	0.0016967453339503317	0.0	0.003179650238473768	0.0	0.0	0.0	0.0	0.00032829940906106366	0.0	0.0	0.0	0.0	8.865248226950355e-05	9.034239768723462e-05	0.0	4.071633607263794e-05	0.0	0.0	0.0	0.001799640071985603	0.0	0.0	0.0	0.0	0.0	0.0	0.0	0.0
el	0.0	0.0	0.0	0.0	0.0	0.0	0.0	0.0	0.0	0.0	0.0	0.0	0.0	0.0	0.0	0.0	0.0	0.0	0.0	0.0016761649346295675	0.00078003120124805	0.0	0.0	0.0	0.0	0.0	0.0	0.0008240626287597857	0.0	0.0	0.0	0.0004224757076468103	0.0	0.0	0.0
en	0.0	0.0007541478129713424	0.0	0.0	0.0	0.0016967453339503317	0.0	1.0	0.0	0.0030909626140712392	0.0	0.0	0.0	0.0	0.0015401991990964166	0.0	0.0	0.0	0.0	1.400977181584155e-05	1.4030509342565408e-05	0.0005423728813559322	0.00012582114854842129	0.0	0.00019642506383814575	0.0	0.0011269722013523666	3.5092767731498214e-06	0.0	0.0	0.0	7.020080941533256e-06	0.0	0.0	0.0
es	0.0	0.0	0.0	0.0	0.0	0.0	0.0	0.0	1.0	0.0	0.0	0.0	0.0	0.0	0.0	0.0	0.0	0.0	0.0	0.00018588512299398972	6.361727845282778e-05	0.0	0.0	0.0	0.0	0.0	0.0	0.0	0.0	0.0	0.0	0.0	0.0	0.0	0.0
fr	0.0	0.0056179775280898875	0.0	2.0030446278343083e-05	0.0	0.003179650238473768	0.0	0.0030909626140712392	0.0	1.0	0.0	0.0	0.0	0.00047214353163361664	0.015192277259059977	0.0	0.0	0.0	0.0	1.975230608173504e-05	9.959960956953049e-05	0.0004952947003467063	2.7084856856531512e-05	0.0	0.0	0.0	0.00810126582278481	3.994647172788463e-05	0.0	0.0	0.0	1.999720039194513e-05	0.0	0.0	0.0
he	0.0	0.0	0.0	0.0	0.0	0.0	0.0	0.0	0.0	0.0	0.0	0.0	0.0	0.0	0.0	0.0	0.0	0.0	0.0	0.0002959455460195324	0.00047355958958168905	0.0	0.0	0.0	0.0	0.0	0.0	0.00016129032258064516	0.0	0.0	0.0	0.0	0.0	0.0	0.0
hi	0.0	0.0	0.0	0.0	0.0	0.0	0.0	0.0	0.0	0.0	0.0	0.0	0.0	0.0	0.0	0.0	0.0	0.0	0.0	0.004231908590774439	0.001540041067761807	0.0	0.0	0.0	0.0	0.0	0.0	0.0005515719801434088	0.0	0.0	0.0	0.0005707762557077625	0.0	0.0	0.0
hu	0.0	0.0	0.0	0.0	0.0	0.0	0.0	0.0	0.0	0.0	0.0	0.0	0.0	0.0	0.0	0.0	0.0	0.0	0.0	0.0014619883040935672	0.001728608470181504	0.0	0.0	0.0	0.0	0.0	0.0	0.0	0.0	0.0	0.0	0.0009442870632672333	0.0	0.0	0.0
id	0.0	0.0	0.0	0.0	0.0	0.0	0.0	0.0	0.0	0.00047214353163361664	0.0	0.0	0.0	1.0	0.0	0.0	0.0	0.0	0.0	0.0003354579000335458	0.0	0.0	0.0	0.0	0.0	0.0	0.0	0.0	0.0	0.0	0.0	0.0	0.0	0.0	0.0
it	0.0	0.0036809815950920245	0.0	1.7084379751593118e-05	0.0	0.00032829940906106366	0.0	0.0015401991990964166	0.0	0.015192277259059977	0.0	0.0	0.0	0.0	1.0	0.0	0.0	0.0	0.0	0.00015195515634497197	1.7002754446220287e-05	0.0	3.983508275738443e-05	0.0	0.0	0.0	0.003051881993896236	1.7042452749799752e-05	0.0	0.0	0.0	1.7060188344479325e-05	0.0	0.0	0.0
ja	0.0	0.0	0.0	3.619778469557663e-05	0.0	0.0	0.0	0.0	0.0	0.0	0.0	0.0	0.0	0.0	0.0	0.0	0.0	0.0	0.0	0.00021183448665442733	0.00017919220155538832	0.0	0.0	0.0	0.0	0.0	0.0	0.0	0.0	0.0	0.0	0.0	0.0	0.0	0.0
ko	0.0	0.0	0.0	0.0	0.0	0.0	0.0	0.0	0.0	0.0	0.0	0.0	0.0	0.0	0.0	0.0	0.0	0.0	0.0	0.0008191126279863481	0.0005792903692976104	0.0	0.0	0.0	0.0	0.0	0.0	0.0001476886722788362	0.0	0.0	0.0	0.00014903129657228018	0.0	0.0	0.0
lv	0.0	0.0	0.0	0.0	0.0	0.0	0.0	0.0	0.0	0.0	0.0	0.0	0.0	0.0	0.0	0.0	0.0	0.0	0.0	0.0007993605115907274	0.0012062726176115801	0.0	0.0	0.0	0.0	0.0	0.0	0.0	0.0	0.0	0.0	0.001584786053882726	0.0	0.0	0.0
mk	0.0	0.0	0.0	0.0007067137809187279	0.0	0.0	0.0	0.0	0.0	0.0	0.0	0.0	0.0	0.0	0.0	0.0	0.0	0.0	0.0	0.0018912529550827422	0.0011799410029498525	0.0	0.0	0.0	0.0	0.0	0.0	0.0	0.0	0.0	0.0	0.0	0.0	0.0	0.0
ml	0.0	0.0006901311249137336	0.0	0.0	0.0005396654074473826	8.865248226950355e-05	0.0016761649346295675	1.400977181584155e-05	0.00018588512299398972	1.975230608173504e-05	0.0002959455460195324	0.004231908590774439	0.0014619883040935672	0.0003354579000335458	0.00015195515634497197	0.00021183448665442733	0.0008191126279863481	0.0007993605115907274	0.0018912529550827422	1.0	0.0009478672985781991	0.0	6.662225183211193e-05	0.0002549177890130433	0.0004952947003467063	0.00012123311395912712	0.0006788866259334691	0.0010893246187363835	0.0005494505494505495	0.00022177866489243733	0.00019617459538989702	0.0	0.0011163206072784104	0.0	0.00024423432538990265
mr	0.002793296089385475	0.0009737098344693282	0.0	0.0	0.0	9.034239768723462e-05	0.00078003120124805	1.4030509342565408e-05	6.361727845282778e-05	9.959960956953049e-05	0.00047355958958168905	0.001540041067761807	0.001728608470181504	0.0	1.7002754446220287e-05	0.00017919220155538832	0.0005792903692976104	0.0012062726176115801	0.0011799410029498525	0.0009478672985781991	1.0	0.0	6.854949273375377e-05	2.143025523433984e-05	0.0006261740763932373	0.00013957464626550588	0.00039603960396039607	0.0	0.00031065548306927616	0.00024467824810374357	0.00010015022533800701	0.0022988505747126436	0.0004926108374384236	0.0	0.00021246458923512748
nl	0.0	0.0	0.0	0.0	0.0	0.0	0.0	0.0005423728813559322	0.0	0.0004952947003467063	0.0	0.0	0.0	0.0	0.0	0.0	0.0	0.0	0.0	0.0	0.0	1.0	2.6981814257190653e-05	0.0	0.0	0.0	0.00039154267815191856	0.0	0.0	0.0	0.0	0.0	0.0	0.0	0.0
pl	0.0	6.840881105486387e-06	0.0	0.0	0.0	4.071633607263794e-05	0.0	0.00012582114854842129	0.0	2.7084856856531512e-05	0.0	0.0	0.0	0.0	3.983508275738443e-05	0.0	0.0	0.0	0.0	6.662225183211193e-05	6.854949273375377e-05	2.6981814257190653e-05	1.0	0.0	0.0	0.0	1.3679796991812641e-05	0.0	0.0	0.0	0.0	0.0	0.0	0.0	0.0
pt	0.0	0.0	0.0	2.1560087965158897e-05	0.0	0.0	0.0	0.0	0.0	0.0	0.0	0.0	0.0	0.0	0.0	0.0	0.0	0.0	0.0	0.0002549177890130433	2.143025523433984e-05	0.0	0.0	0.0	0.0	0.0	0.0	8.59789781398448e-05	0.0	0.0	0.0	4.304407713498623e-05	0.0	0.0	0.0
ro	0.0	0.0	0.0	0.0	0.0	0.0	0.0	0.00019642506383814575	0.0	0.0	0.0	0.0	0.0	0.0	0.0	0.0	0.0	0.0	0.0	0.0004952947003467063	0.0006261740763932373	0.0	0.0	0.0	1.0	0.0	0.0	0.0006849315068493151	0.0	0.0	0.0	0.0	0.0	0.0	0.0
ru	0.0	0.0	0.0	0.0	0.0	0.0	0.0	0.0	0.0	0.0	0.0	0.0	0.0	0.0	0.0	0.0	0.0	0.0	0.0	0.00012123311395912712	0.00013957464626550588	0.0	0.0	0.0	0.0	0.0	0.0	1.7486491685173203e-05	0.0	0.0	0.0	5.2517330719137316e-05	0.0	0.0	0.0
sh	0.0	0.06140350877192982	0.0	0.0	0.0	0.001799640071985603	0.0	0.0011269722013523666	0.0	0.00810126582278481	0.0	0.0	0.0	0.0	0.003051881993896236	0.0	0.0	0.0	0.0	0.0006788866259334691	0.00039603960396039607	0.00039154267815191856	1.3679796991812641e-05	0.0	0.0	0.0	1.0	0.0012573344509639564	0.0	0.0	0.0	0.0	0.0	0.0	0.0
si	0.004524886877828055	0.0	0.0	0.0	0.0007727975270479134	0.0	0.0008240626287597857	3.5092767731498214e-06	0.0	3.994647172788463e-05	0.00016129032258064516	0.0005515719801434088	0.0	0.0	1.7042452749799752e-05	0.0	0.0001476886722788362	0.0	0.0	0.0010893246187363835	0.0	0.0	0.0	8.59789781398448e-05	0.0006849315068493151	1.7486491685173203e-05	0.0012573344509639564	1.0	0.0006491398896462187	0.0	0.00010084203095850351	0.003355704697986577	0.00025484199796126404	0.0	3.5577059911768894e-05
simple	0.0	0.0	0.0003439972480220158	0.0	0.0	0.0	0.0	0.0	0.0	0.0	0.0	0.0	0.0	0.0	0.0	0.0	0.0	0.0	0.0	0.0005494505494505495	0.00031065548306927616	0.0	0.0	0.0	0.0	0.0	0.0	0.0006491398896462187	0.0	0.0	0.0	0.0	0.0	0.0	0.0
sr	0.0	0.0	0.0	0.0	0.0	0.0	0.0	0.0	0.0	0.0	0.0	0.0	0.0	0.0	0.0	0.0	0.0	0.0	0.0	0.00022177866489243733	0.00024467824810374357	0.0	0.0	0.0	0.0	0.0	0.0	0.0	0.0	0.0	0.0	0.0	0.0	0.0	0.0
sv	0.0	0.0	0.0	5.0787201625190454e-05	0.0	0.0	0.0	0.0	0.0	0.0	0.0	0.0	0.0	0.0	0.0	0.0	0.0	0.0	0.0	0.00019617459538989702	0.00010015022533800701	0.0	0.0	0.0	0.0	0.0	0.0	0.00010084203095850351	0.0	0.0	1.0	5.057401507105649e-05	0.0	0.0	0.0
te	0.0	0.0024154589371980675	0.0	0.0	0.0	0.0	0.0004224757076468103	7.020080941533256e-06	0.0	1.999720039194513e-05	0.0	0.0005707762557077625	0.0009442870632672333	0.0	1.7060188344479325e-05	0.0	0.00014903129657228018	0.001584786053882726	0.0	0.0	0.0022988505747126436	0.0	0.0	4.304407713498623e-05	0.0	5.2517330719137316e-05	0.0	0.003355704697986577	0.0	0.0	5.057401507105649e-05	1.0	0.0002588661661920787	0.0	7.131141695785496e-05
vi	0.0	0.0	0.0	0.0	0.0	0.0	0.0	0.0	0.0	0.0	0.0	0.0	0.0	0.0	0.0	0.0	0.0	0.0	0.0	0.0011163206072784104	0.0004926108374384236	0.0	0.0	0.0	0.0	0.0	0.0	0.00025484199796126404	0.0	0.0	0.0	0.0002588661661920787	0.0	0.0	0.0
war	0.0	0.0	0.0	0.0	0.0	0.0	0.0	0.0	0.0	0.0	0.0	0.0	0.0	0.0	0.0	0.0	0.0	0.0	0.0	0.0	0.0	0.0	0.0	0.0	0.0	0.0	0.0	0.0	0.0	0.0	0.0	0.0	0.0	1.0	0.0
zh	0.0	0.0	0.0	0.0	0.0	0.0	0.0	0.0	0.0	0.0	0.0	0.0	0.0	0.0	0.0	0.0	0.0	0.0	0.0	0.00024423432538990265	0.00021246458923512748	0.0	0.0	0.0	0.0	0.0	0.0	3.5577059911768894e-05	0.0	0.0	0.0	7.131141695785496e-05	0.0	0.0	0.0
