arz	bs	ceb	ckb	da	de	el	en	es	fr	he	hi	hu	id	it	ja	ko	lv	mk	ml	mr	nl	pl	pt	ro	ru	sh	si	simple	sr	sv	te	vi	war	zh
arz	1.0	0.5020797777427737	0.0	1.0	0.5020797777427737	1.0	1.0	0.7863954451402115	1.0	1.0	1.0	1.0	1.0	1.0	1.0	1.0	1.0	1.0	1.0	1.0	1.0	0.7863954451402115	1.0	1.0	1.0	1.0	0.7863954451402115	1.0	1.0	0.7863954451402115	1.0	1.0	1.0	0.8216064286890065	1.0
bs	0.5020797777427737	1.0	1.0	0.7112914746512664	0.2986635258894225	0.39897440766539866	0.4580291535676302	0.38843805256224534	0.40137617265079534	0.36706361460401166	0.403900831368669	0.45095644564600956	0.35743752392569794	0.33806326495231825	0.37672398830999243	0.42232480671382433	0.41359549197477796	0.4183201562122238	0.38756794011319123	0.47499729162900234	0.5350502078257504	0.3851317751850827	0.38424466866090545	0.3779559408107764	0.39194661340833037	0.41497616419615285	0.36821561789775564	1.0	0.4331800410658366	0.39712228885729994	0.2910096587540519	0.5572419100185739	0.43007269348530125	0.6524007805500077	0.403900831368669
ceb	0.0	1.0	1.0	1.0	1.0	1.0	1.0	1.0	1.0	1.0	1.0	1.0	1.0	1.0	1.0	1.0	1.0	1.0	1.0	1.0	1.0	1.0	1.0	1.0	1.0	1.0	1.0	1.0	1.0	1.0	1.0	1.0	1.0	1.0	1.0
ckb	1.0	0.7112914746512664	1.0	1.0	0.42037711231635927	1.0	1.0	0.7376607345031153	1.0	1.0	1.0	1.0	0.7455134344225701	0.7376607345031153	0.7376607345031153	1.0	1.0	0.7455134344225701	1.0	1.0	1.0	0.7376607345031153	1.0	1.0	0.6841174893561722	1.0	0.6223041007404059	1.0	0.7411828468492556	0.6131109307903289	0.6286737270540138	1.0	0.6131109307903289	0.6524007805500078	1.0
da	0.5020797777427737	0.2986635258894225	1.0	0.42037711231635927	1.0	0.2956706201748747	0.38535629798345	0.29272341809670177	0.2753584188329969	0.2758756729694172	0.3080483711674862	0.3818487068267245	0.3760468812734851	0.22897300235615253	0.30736552167108466	0.29674746507485733	0.31585877590165906	0.2731998883782464	0.29214141785053493	0.39266567584901735	0.4076738337198827	0.3519448032316657	0.2657249840416376	0.30132491343830387	0.2826636493146745	0.2939885360814672	0.3075849246060917	1.0	0.23534374657493903	0.26680387850011106	0.2122762187223282	0.44887650664214024	0.2777112163155855	0.44027295650365	0.3124937163317668
de	1.0	0.39897440766539866	1.0	1.0	0.2956706201748747	1.0	1.0	0.13882687798380686	0.2233115311364226	0.17819306432620502	0.4738248885366962	0.7162976956558117	0.4669863605343787	0.2446364240011496	0.18760085948297608	0.28462720918249956	0.5699531374585038	0.48720129381011557	0.7221793916855703	0.7210092110599263	0.7347168825662656	0.2353730971374945	0.19925124747037476	0.1933286069945916	0.31744686644380354	0.2737681964859567	0.261227838971055	1.0	0.25494310495654016	0.2557945330159456	0.23241159664240288	0.7510341748895939	0.28900570656831864	0.6524007805500077	0.3986812144412688
el	1.0	0.4580291535676302	1.0	1.0	0.38535629798345	1.0	1.0	0.512752492030254	0.5799350635324837	1.0	0.7210092110599264	1.0	0.7322034805959263	0.33794215957162255	0.47899069128418337	1.0	1.0	0.7347168825662656	1.0	1.0	1.0	0.6067636116293127	0.31363733991383885	0.6475250169846578	0.47210614860079225	1.0	0.47614065336050065	1.0	0.29850430235674486	0.48689615133736286	0.32161927297845444	1.0	0.5649434563222486	0.6395657813917608	1.0
en	0.7863954451402115	0.38843805256224534	1.0	0.7376607345031153	0.29272341809670177	0.13882687798380686	0.512752492030254	1.0	0.15589209797306736	0.13273145821362065	0.44336013380911055	0.576900500520282	0.343150240729211	0.2259342336183904	0.14238553487333022	0.21127456114486515	0.4567733425150435	0.44917377105508066	0.6568318202362041	0.7199285383279772	0.7347168825662656	0.17520296569768107	0.1713327889943834	0.2060453724042078	0.27284191063451907	0.2632203983292308	0.20350692817981203	1.0	0.2420188657928263	0.1822859055753537	0.2040081015777242	0.7455134344225701	0.24021928446663093	0.6395657813917608	0.2647487418008916
es	1.0	0.40137617265079534	1.0	1.0	0.2753584188329969	0.2233115311364226	0.5799350635324837	0.15589209797306736	1.0	0.18783007959631726	0.5054935948214585	0.7162976956558117	0.4451156945414921	0.2446732344315155	0.1740444835852109	0.2826597710023932	0.5272567253330308	0.5655779570924507	0.6568318202362041	1.0	1.0	0.21301375807669432	0.17768085261702699	0.2343338657192673	0.31954167918671733	0.2896146245441284	0.2581479530754453	1.0	0.2588910253257951	0.24114953741764153	0.2569399602351503	1.0	0.2711236586576593	0.6395657813917608	0.34189362819381847
fr	1.0	0.36706361460401166	1.0	1.0	0.2758756729694172	0.17819306432620502	1.0	0.13273145821362065	0.18783007959631726	1.0	0.4039303696021863	0.6475250169846578	0.4566203926278958	0.212243744079051	0.1563294771946715	0.208177950741431	0.3186096308056131	0.5142781364620285	0.7221793916855703	0.7199285383279772	1.0	0.18859642812253857	0.17364319128161645	0.18681622965943376	0.2599295006820465	0.26564495008253053	0.21677012543766067	1.0	0.2649214532193399	0.22496002154551953	0.2477316339376113	1.0	0.2753457009512222	0.6395657813917608	0.25347923969615294
he	1.0	0.403900831368669	1.0	1.0	0.3080483711674862	0.4738248885366962	0.7210092110599264	0.44336013380911055	0.5054935948214585	0.4039303696021863	1.0	0.6487871090048528	0.48728399839367914	0.24247601889695172	0.3361914863447872	0.5932464233149597	0.6406217872018793	0.5463880618728156	0.7248485669756152	0.7221793916855704	0.7347168825662656	0.412078160917261	0.3794881081155825	0.4514122558875924	0.40487200609960405	0.6377047307628824	0.3709776476769363	0.7584325078215763	0.3070778920919575	0.3549113945806607	0.397658254251715	1.0	0.3580000882593501	0.6395657813917608	0.6383829424521854
hi	1.0	0.45095644564600956	1.0	1.0	0.3818487068267245	0.7162976956558117	1.0	0.576900500520282	0.7162976956558117	0.6475250169846578	0.6487871090048528	1.0	0.6290808149140177	0.3162668389325237	0.539027558175256	1.0	1.0	0.6638546162332062	1.0	1.0	1.0	0.6466951699770093	0.5635817117130099	0.6084370696808218	0.46729193598859997	1.0	0.4094533438837401	1.0	0.3324759112391018	0.4930791993956128	0.45164513972351206	1.0	0.465618629447489	0.6524007805500078	1.0
hu	1.0	0.35743752392569794	1.0	0.7455134344225701	0.3760468812734851	0.4669863605343787	0.7322034805959263	0.343150240729211	0.4451156945414921	0.4566203926278958	0.48728399839367914	0.6290808149140177	1.0	0.32922999474550346	0.36303293129114883	0.4707143133353685	0.48359053224424364	0.4760736662589741	0.6667969795412325	0.6667969795412325	0.7510341748895938	0.4307951517660068	0.36230518801577416	0.3931435057483787	0.5133247477950036	0.45571024961455653	0.38744301497351974	1.0	0.3021923268948165	0.43566609538861484	0.39967674497024536	0.7455134344225701	0.4534943092582853	0.5879511749463611	0.4621531151238445
id	1.0	0.33806326495231825	1.0	0.7376607345031153	0.22897300235615253	0.2446364240011496	0.33794215957162255	0.2259342336183904	0.2446732344315155	0.212243744079051	0.24247601889695172	0.3162668389325237	0.32922999474550346	1.0	0.2281171727340372	0.25486713020784296	0.2185097869041675	0.378714287334235	0.38920716514704135	0.39872129402508044	0.5884805555915986	0.22692317661591527	0.24854215103964333	0.24400136787860768	0.20266183736161367	0.27587140766229534	0.20011243454162206	0.7106922308883379	0.23216606021889294	0.1903757896377731	0.2082803888616273	0.6391906500312812	0.2808402873748537	0.5441343858299945	0.2701205767377359
it	1.0	0.37672398830999243	1.0	0.7376607345031153	0.30736552167108466	0.18760085948297608	0.47899069128418337	0.14238553487333022	0.1740444835852109	0.1563294771946715	0.3361914863447872	0.539027558175256	0.36303293129114883	0.2281171727340372	1.0	0.20696054898825703	0.32880026717914856	0.5072338881634717	0.5401222565252842	0.5747129628734963	1.0	0.20283616207717703	0.17713359269138326	0.20417418180704916	0.2681957857104377	0.24172873397030542	0.22479919564658643	1.0	0.2817253971314262	0.21472755419635836	0.24019907457458284	1.0	0.23516707653821953	0.5811824348635611	0.2143133170621027
ja	1.0	0.42232480671382433	1.0	1.0	0.29674746507485733	0.28462720918249956	1.0	0.21127456114486515	0.2826597710023932	0.208177950741431	0.5932464233149597	1.0	0.4707143133353685	0.25486713020784296	0.20696054898825703	1.0	1.0	0.6122131884607099	1.0	1.0	1.0	0.25962617901860824	0.23983299000658057	0.292896417906458	0.35984214959032707	1.0	0.23927761642205952	1.0	0.26336110099369353	0.2709323702857172	0.242126718873645	1.0	0.30883691534949903	0.6395657813917608	1.0
ko	1.0	0.41359549197477796	1.0	1.0	0.31585877590165906	0.5699531374585038	1.0	0.4567733425150435	0.5272567253330308	0.3186096308056131	0.6406217872018793	1.0	0.48359053224424364	0.2185097869041675	0.32880026717914856	1.0	1.0	0.5392225599451642	1.0	1.0	1.0	0.49897249941401134	0.38660032847146425	0.46588700063669125	0.40141497713678986	1.0	0.3557628998578345	1.0	0.2647513490106291	0.35224675826766827	0.35624809516591543	1.0	0.4182034435619653	0.6395657813917608	1.0
lv	1.0	0.4183201562122238	1.0	0.7455134344225701	0.2731998883782464	0.48720129381011557	0.7347168825662656	0.44917377105508066	0.5655779570924507	0.5142781364620285	0.5463880618728156	0.6638546162332062	0.4760736662589741	0.378714287334235	0.5072338881634717	0.6122131884607099	0.5392225599451642	1.0	0.728099120889861	0.6701591524560107	0.6841174893561723	0.5361825108485304	0.45459256210782034	0.5175546873577771	0.5685807021941355	0.6122131884607099	0.41047309957526834	0.7584325078215763	0.4494433746143994	0.521644544712908	0.29398360265162743	1.0	0.45780234901492534	0.5987071395986557	0.5392225599451642
mk	1.0	0.38756794011319123	1.0	1.0	0.29214141785053493	0.7221793916855703	1.0	0.6568318202362041	0.6568318202362041	0.7221793916855703	0.7248485669756152	1.0	0.6667969795412325	0.38920716514704135	0.5401222565252842	1.0	1.0	0.728099120889861	1.0	1.0	1.0	0.7234532828151787	0.7744097047377118	0.5558460033559874	0.6187498656830154	1.0	0.38193274624931134	1.0	0.3080103867109852	0.6221982196391784	0.5085887115655436	1.0	0.5969000601493424	1.0	1.0
ml	1.0	0.47499729162900234	1.0	1.0	0.39266567584901735	0.7210092110599263	1.0	0.7199285383279772	1.0	0.7199285383279772	0.7221793916855704	1.0	0.6667969795412325	0.39872129402508044	0.5747129628734963	1.0	1.0	0.6701591524560107	1.0	1.0	1.0	0.6845485002822446	0.5637027927852802	0.5808519206891736	0.561719447218966	1.0	0.39339232486554737	1.0	0.3405184477135963	0.6221982196391784	0.30681400065740666	1.0	0.5236439333732423	0.6524007805500077	1.0
mr	1.0	0.5350502078257504	1.0	1.0	0.4076738337198827	0.7347168825662656	1.0	0.7347168825662656	1.0	1.0	0.7347168825662656	1.0	0.7510341748895938	0.5884805555915986	1.0	1.0	1.0	0.6841174893561723	1.0	1.0	1.0	0.6841174893561723	0.6675879370773626	0.7376607345031153	0.7411828468492555	1.0	0.46523702091770824	1.0	0.7347168825662657	0.7347168825662657	0.5687921877999842	1.0	0.5570260267770092	0.6983438190355966	1.0
nl	0.7863954451402115	0.3851317751850827	1.0	0.7376607345031153	0.3519448032316657	0.2353730971374945	0.6067636116293127	0.17520296569768107	0.21301375807669432	0.18859642812253857	0.412078160917261	0.6466951699770093	0.4307951517660068	0.22692317661591527	0.20283616207717703	0.25962617901860824	0.49897249941401134	0.5361825108485304	0.7234532828151787	0.6845485002822446	0.6841174893561723	1.0	0.2493236648039269	0.21467361970943133	0.2906009095362526	0.35381510198733335	0.3143448648175669	1.0	0.25457734137568283	0.25341305640086254	0.24211579164316738	0.7510341748895938	0.2724976992894193	0.6395657813917608	0.2278148646898245
pl	1.0	0.38424466866090545	1.0	1.0	0.2657249840416376	0.19925124747037476	0.31363733991383885	0.1713327889943834	0.17768085261702699	0.17364319128161645	0.3794881081155825	0.5635817117130099	0.36230518801577416	0.24854215103964333	0.17713359269138326	0.23983299000658057	0.38660032847146425	0.45459256210782034	0.7744097047377118	0.5637027927852802	0.6675879370773626	0.2493236648039269	1.0	0.21362565914717083	0.26448346460839783	0.222298786138004	0.23124906273695586	1.0	0.23000543341329413	0.24062663180897056	0.24648096993453858	1.0	0.2556757656863202	0.6395657813917608	0.2194549633148109
pt	1.0	0.3779559408107764	1.0	1.0	0.30132491343830387	0.1933286069945916	0.6475250169846578	0.2060453724042078	0.2343338657192673	0.18681622965943376	0.4514122558875924	0.6084370696808218	0.3931435057483787	0.24400136787860768	0.20417418180704916	0.292896417906458	0.46588700063669125	0.5175546873577771	0.5558460033559874	0.5808519206891736	0.7376607345031153	0.21467361970943133	0.21362565914717083	1.0	0.3173007462586055	0.30082382452072287	0.2904796761712256	0.7584325078215763	0.2558837532762683	0.26173980801059404	0.2655463546312302	1.0	0.2819535396530439	0.6395657813917608	0.3257588255527448
ro	1.0	0.39194661340833037	1.0	0.6841174893561722	0.2826636493146745	0.31744686644380354	0.47210614860079225	0.27284191063451907	0.31954167918671733	0.2599295006820465	0.40487200609960405	0.46729193598859997	0.5133247477950036	0.20266183736161367	0.2681957857104377	0.35984214959032707	0.40141497713678986	0.5685807021941355	0.6187498656830154	0.561719447218966	0.7411828468492555	0.2906009095362526	0.26448346460839783	0.3173007462586055	1.0	0.33923359024499755	0.3286142553226206	0.7690990303325336	0.2742159193908415	0.33667253217889487	0.29833859331294726	0.7510341748895938	0.3072325250800755	0.5528307892904476	0.3850922145721597
ru	1.0	0.41497616419615285	1.0	1.0	0.2939885360814672	0.2737681964859567	1.0	0.2632203983292308	0.2896146245441284	0.26564495008253053	0.6377047307628824	1.0	0.45571024961455653	0.27587140766229534	0.24172873397030542	1.0	1.0	0.6122131884607099	1.0	1.0	1.0	0.35381510198733335	0.222298786138004	0.30082382452072287	0.33923359024499755	1.0	0.32509284218793427	1.0	0.25900870071499227	0.34641444603062704	0.25421380295472557	1.0	0.3182103260287571	0.6395657813917608	1.0
sh	0.7863954451402115	0.36821561789775564	1.0	0.6223041007404059	0.3075849246060917	0.261227838971055	0.47614065336050065	0.20350692817981203	0.2581479530754453	0.21677012543766067	0.3709776476769363	0.4094533438837401	0.38744301497351974	0.20011243454162206	0.22479919564658643	0.23927761642205952	0.3557628998578345	0.41047309957526834	0.38193274624931134	0.39339232486554737	0.46523702091770824	0.3143448648175669	0.23124906273695586	0.2904796761712256	0.3286142553226206	0.32509284218793427	1.0	0.5849250870841022	0.24278348672227024	0.1687443851157145	0.22853597863850303	0.608985530491209	0.25130065128126006	0.5810927080340305	0.31522902173823875
si	1.0	1.0	1.0	1.0	1.0	1.0	1.0	1.0	1.0	1.0	0.7584325078215763	1.0	1.0	0.7106922308883379	1.0	1.0	1.0	0.7584325078215763	1.0	1.0	1.0	1.0	1.0	0.7584325078215763	0.7690990303325336	1.0	0.5849250870841022	1.0	0.7510341748895938	1.0	0.72653347084664	1.0	1.0	1.0	1.0
simple	1.0	0.4331800410658366	1.0	0.7411828468492556	0.23534374657493903	0.25494310495654016	0.29850430235674486	0.2420188657928263	0.2588910253257951	0.2649214532193399	0.3070778920919575	0.3324759112391018	0.3021923268948165	0.23216606021889294	0.2817253971314262	0.26336110099369353	0.2647513490106291	0.4494433746143994	0.3080103867109852	0.3405184477135963	0.7347168825662657	0.25457734137568283	0.23000543341329413	0.2558837532762683	0.2742159193908415	0.25900870071499227	0.24278348672227024	0.7510341748895938	1.0	0.26682184469577497	0.24645723349089443	1.0	0.25849638470905784	0.6395657813917608	0.26038403735781884
sr	0.7863954451402115	0.39712228885729994	1.0	0.6131109307903289	0.26680387850011106	0.2557945330159456	0.48689615133736286	0.1822859055753537	0.24114953741764153	0.22496002154551953	0.3549113945806607	0.4930791993956128	0.43566609538861484	0.1903757896377731	0.21472755419635836	0.2709323702857172	0.35224675826766827	0.521644544712908	0.6221982196391784	0.6221982196391784	0.7347168825662657	0.25341305640086254	0.24062663180897056	0.26173980801059404	0.33667253217889487	0.34641444603062704	0.1687443851157145	1.0	0.26682184469577497	1.0	0.21888356570961542	0.7510341748895938	0.2701860838619289	0.5811824348635611	0.33019084069377785
sv	1.0	0.2910096587540519	1.0	0.6286737270540138	0.2122762187223282	0.23241159664240288	0.32161927297845444	0.2040081015777242	0.2569399602351503	0.2477316339376113	0.397658254251715	0.45164513972351206	0.39967674497024536	0.2082803888616273	0.24019907457458284	0.242126718873645	0.35624809516591543	0.29398360265162743	0.5085887115655436	0.30681400065740666	0.5687921877999842	0.24211579164316738	0.24648096993453858	0.2655463546312302	0.29833859331294726	0.25421380295472557	0.22853597863850303	0.72653347084664	0.24645723349089443	0.21888356570961542	1.0	0.6427811771228706	0.23767456764954226	0.539833656394873	0.2605825525076044
te	1.0	0.5572419100185739	1.0	1.0	0.44887650664214024	0.7510341748895939	1.0	0.7455134344225701	1.0	1.0	1.0	1.0	0.7455134344225701	0.6391906500312812	1.0	1.0	1.0	1.0	1.0	1.0	1.0	0.7510341748895938	1.0	1.0	0.7510341748895938	1.0	0.608985530491209	1.0	1.0	0.7510341748895938	0.6427811771228706	1.0	1.0	0.6983438190355966	1.0
vi	1.0	0.43007269348530125	1.0	0.6131109307903289	0.2777112163155855	0.28900570656831864	0.5649434563222486	0.24021928446663093	0.2711236586576593	0.2753457009512222	0.3580000882593501	0.465618629447489	0.4534943092582853	0.2808402873748537	0.23516707653821953	0.30883691534949903	0.4182034435619653	0.45780234901492534	0.5969000601493424	0.5236439333732423	0.5570260267770092	0.2724976992894193	0.2556757656863202	0.2819535396530439	0.3072325250800755	0.3182103260287571	0.25130065128126006	1.0	0.25849638470905784	0.2701860838619289	0.23767456764954226	1.0	1.0	0.5793464078788751	0.3090724123138956
war	0.8216064286890065	0.6524007805500077	1.0	0.6524007805500078	0.44027295650365	0.6524007805500077	0.6395657813917608	0.6395657813917608	0.6395657813917608	0.6395657813917608	0.6395657813917608	0.6524007805500078	0.5879511749463611	0.5441343858299945	0.5811824348635611	0.6395657813917608	0.6395657813917608	0.5987071395986557	1.0	0.6524007805500077	0.6983438190355966	0.6395657813917608	0.6395657813917608	0.6395657813917608	0.5528307892904476	0.6395657813917608	0.5810927080340305	1.0	0.6395657813917608	0.5811824348635611	0.539833656394873	0.6983438190355966	0.5793464078788751	1.0	0.6395657813917608
zh	1.0	0.403900831368669	1.0	1.0	0.3124937163317668	0.3986812144412688	1.0	0.2647487418008916	0.34189362819381847	0.25347923969615294	0.6383829424521854	1.0	0.4621531151238445	0.2701205767377359	0.2143133170621027	1.0	1.0	0.5392225599451642	1.0	1.0	1.0	0.2278148646898245	0.2194549633148109	0.3257588255527448	0.3850922145721597	1.0	0.31522902173823875	1.0	0.26038403735781884	0.33019084069377785	0.2605825525076044	1.0	0.3090724123138956	0.6395657813917608	1.0
