arz	bs	ceb	ckb	da	de	el	en	es	fr	he	hi	hu	id	it	ja	ko	lv	mk	ml	mr	nl	pl	pt	ro	ru	sh	si	simple	sr	sv	te	vi	war	zh
arz	1.0	0.0004342162396873643	0.0	0.0	0.0003916960438699569	0.0	0.0004581901489117984	3.90335298021e-05	0.0	2.044320876604792e-05	0.0003455425017277125	0.0	0.0001335113484646195	0.0011398176291793312	0.0	0.0	0.00040870542556452436	0.001037344398340249	0.0	0.0	0.0	6.248242681745759e-05	0.0	0.000230361667818475	0.0001091077712010038	0.0	0.0	0.0	0.0	0.0003846153846153846	0.0	0.0	0.0007173601147776184	0.0	0.00015408320493066256
bs	0.0004342162396873643	1.0	0.0	0.0	0.0	0.0	0.0	0.0	0.0	0.0	0.0	0.0	0.0	0.0	0.0	0.0	0.0	0.0	0.0	0.0	0.0	0.0	0.0	0.0	0.0	0.0	0.0	0.0	0.0	0.0	0.0	0.0	0.0	0.0	0.0
ceb	0.0	0.0	0.0	0.0	0.0	0.0	0.0	0.0	0.0	0.0	0.0	0.0	0.0	0.0	0.0	0.0	0.0	0.0	0.0	0.0	0.0	0.0	0.0	0.0	0.0	0.0	0.0	0.0	0.0	0.0	0.0	0.0	0.0	0.0	0.0
ckb	0.0	0.0	0.0	1.0	0.0	0.0	0.0	0.0	0.0	0.0	0.0	0.0	0.0	0.0	0.0	0.0	0.0	0.0	0.0	0.0	0.0	0.0	0.0	0.0	0.0	0.0	0.0	0.0	0.0	0.0	0.0	0.0	0.0	0.0	0.0
da	0.0003916960438699569	0.0	0.0	0.0	1.0	0.0	0.0	0.0	0.0	0.0	0.0	0.0	0.0	0.0	0.0	0.0	0.0010857763300760044	0.0	0.0	0.0	0.0	0.0	0.0	0.0	0.0	0.0	0.0	0.0	0.0	0.0	0.0	0.0	0.0	0.0	0.0
de	0.0	0.0	0.0	0.0	0.0	1.0	0.0	0.0	0.0	0.0	0.0006230529595015577	0.0009487666034155598	0.0	0.0009861932938856016	0.0	0.0	0.0005458515283842794	0.0	0.0	0.0	0.0	0.000864304235090752	0.0	0.0005611672278338945	0.0	0.0	0.0	0.0	0.0	0.0	0.0	0.0	0.0	0.0	0.0004472271914132379
el	0.0004581901489117984	0.0	0.0	0.0	0.0	0.0	1.0	0.0	0.0	0.0	0.0	0.0	0.0	0.0	0.0012070006035003018	0.0	0.0	0.0	0.0	0.0	0.0	0.0	0.0	0.0011534025374855825	0.0	0.0	0.0	0.0	0.0	0.0	0.0	0.0	0.0	0.0	0.0
en	3.90335298021e-05	0.0	0.0	0.0	0.0	0.0	0.0	1.0	0.00017476406850751484	0.0004039316009155783	0.00017633574325515782	0.0	0.0	0.0	0.00045201145095675755	0.00033239155725444574	0.00016954899966090201	0.0	0.0	0.0	0.0	0.0	0.0001820830298616169	0.0001709986320109439	0.0	0.00015969338869370808	0.0	0.0	0.0	0.0	0.0	0.0	0.0001905850962454736	0.0	0.0004761904761904762
es	0.0	0.0	0.0	0.0	0.0	0.0	0.0	0.00017476406850751484	1.0	0.0016056518946692357	0.0007352941176470588	0.0	0.0	0.0	0.0008594757198109154	0.0005858230814294083	0.0012610340479192938	0.0	0.0	0.0	0.0	0.0010964912280701754	0.0	0.0006506180871828237	0.0	0.0010256410256410256	0.0	0.0	0.0	0.0	0.0	0.0	0.0010683760683760685	0.0	0.0005022601707684581
fr	2.044320876604792e-05	0.0	0.0	0.0	0.0	0.0	0.0	0.0004039316009155783	0.0016056518946692357	1.0	0.00032605151613955004	0.000397456279809221	0.00037678975131876413	0.0	0.001488833746898263	0.0005859947260474656	0.00030358227079538557	0.0	0.0	0.0	0.0	0.0	0.0010395010395010396	0.0006167129201356768	0.0	0.0	0.0	0.0	0.0	0.0	0.0	0.0	0.00037835792659856227	0.0	0.0008116883116883117
he	0.0003455425017277125	0.0	0.0	0.0	0.0	0.0006230529595015577	0.0	0.00017633574325515782	0.0007352941176470588	0.00032605151613955004	1.0	0.0013192612137203166	0.0	0.001392757660167131	0.0	0.0	0.0013029315960912053	0.0	0.0	0.0	0.0	0.0	0.001771479185119575	0.0006729475100942127	0.0	0.00105318588730911	0.0	0.0	0.0015060240963855422	0.0	0.0010775862068965517	0.0	0.0	0.0	0.0005154639175257732
hi	0.0	0.0	0.0	0.0	0.0	0.0009487666034155598	0.0	0.0	0.0	0.000397456279809221	0.0013192612137203166	1.0	0.0	0.0	0.0005793742757821553	0.0009049773755656109	0.0	0.0	0.0	0.0	0.0	0.0032258064516129032	0.0	0.0	0.0	0.0	0.0	0.0	0.0	0.005434782608695652	0.0	0.0	0.0	0.0	0.001440922190201729
hu	0.0001335113484646195	0.0	0.0	0.0	0.0	0.0	0.0	0.0	0.0	0.00037678975131876413	0.0	0.0	1.0	0.003278688524590164	0.0	0.0	0.0	0.0	0.0	0.0	0.0	0.002232142857142857	0.001394700139470014	0.0	0.0	0.0	0.0	0.0	0.0	0.0	0.0	0.0	0.0	0.0	0.0
id	0.0011398176291793312	0.0	0.0	0.0	0.0	0.0009861932938856016	0.0	0.0	0.0	0.0	0.001392757660167131	0.0	0.003278688524590164	1.0	0.0	0.0	0.0	0.0	0.0	0.0	0.0	0.0	0.0	0.0	0.0	0.0	0.0	0.0	0.0	0.0	0.0	0.0	0.0	0.0	0.0007412898443291327
it	0.0	0.0	0.0	0.0	0.0	0.0	0.0012070006035003018	0.00045201145095675755	0.0008594757198109154	0.001488833746898263	0.0	0.0005793742757821553	0.0	0.0	1.0	0.0	0.00039936102236421724	0.0	0.0006060606060606061	0.0006108735491753207	0.0	0.0	0.0009537434430138292	0.00040749796251018743	0.0	0.0006975933031042902	0.0	0.0	0.0006127450980392157	0.0	0.0	0.0	0.0005396654074473826	0.0	0.001376936316695353
ja	0.0	0.0	0.0	0.0	0.0	0.0	0.0	0.00033239155725444574	0.0005858230814294083	0.0005859947260474656	0.0	0.0009049773755656109	0.0	0.0	0.0	1.0	0.0005310674455655868	0.0	0.0	0.0	0.0	0.0	0.0	0.0005455537370430987	0.0	0.0	0.0	0.0	0.0	0.0	0.000784313725490196	0.0	0.0	0.0	0.00043725404459991256
ko	0.00040870542556452436	0.0	0.0	0.0	0.0010857763300760044	0.0005458515283842794	0.0	0.00016954899966090201	0.0012610340479192938	0.00030358227079538557	0.0013029315960912053	0.0	0.0	0.0	0.00039936102236421724	0.0005310674455655868	1.0	0.0	0.0	0.0	0.0	0.0	0.0007369196757553427	0.0	0.0	0.0	0.0	0.0	0.0	0.0010395010395010396	0.0008658008658008658	0.0	0.0	0.0	0.0009233610341643582
lv	0.001037344398340249	0.0	0.0	0.0	0.0	0.0	0.0	0.0	0.0	0.0	0.0	0.0	0.0	0.0	0.0	0.0	0.0	1.0	0.0	0.0	0.0	0.0	0.0	0.0	0.0	0.0	0.0	0.0	0.0	0.0	0.0	0.0	0.004201680672268907	0.0	0.0
mk	0.0	0.0	0.0	0.0	0.0	0.0	0.0	0.0	0.0	0.0	0.0	0.0	0.0	0.0	0.0006060606060606061	0.0	0.0	0.0	1.0	0.0	0.0	0.0	0.0	0.0	0.0	0.0	0.023255813953488372	0.0	0.0	0.0	0.0	0.0	0.0	0.0	0.0007616146230007616
ml	0.0	0.0	0.0	0.0	0.0	0.0	0.0	0.0	0.0	0.0	0.0	0.0	0.0	0.0	0.0006108735491753207	0.0	0.0	0.0	0.0	1.0	0.0	0.0	0.0	0.0	0.0	0.0	0.0	0.0	0.0	0.0	0.0	0.0	0.0	0.0	0.0
mr	0.0	0.0	0.0	0.0	0.0	0.0	0.0	0.0	0.0	0.0	0.0	0.0	0.0	0.0	0.0	0.0	0.0	0.0	0.0	0.0	0.0	0.0	0.0	0.0	0.0	0.0	0.0	0.0	0.0	0.0	0.0	0.0	0.0	0.0	0.0
nl	6.248242681745759e-05	0.0	0.0	0.0	0.0	0.000864304235090752	0.0	0.0	0.0010964912280701754	0.0	0.0	0.0032258064516129032	0.002232142857142857	0.0	0.0	0.0	0.0	0.0	0.0	0.0	0.0	1.0	0.0	0.0	0.0	0.0	0.0	0.0	0.0	0.0	0.0	0.0	0.0	0.0	0.0020134228187919465
pl	0.0	0.0	0.0	0.0	0.0	0.0	0.0	0.0001820830298616169	0.0	0.0010395010395010396	0.001771479185119575	0.0	0.001394700139470014	0.0	0.0009537434430138292	0.0	0.0007369196757553427	0.0	0.0	0.0	0.0	0.0	1.0	0.0	0.0	0.0005810575246949448	0.0	0.0	0.0	0.0017985611510791368	0.0	0.0	0.0	0.0	0.0
pt	0.000230361667818475	0.0	0.0	0.0	0.0	0.0005611672278338945	0.0011534025374855825	0.0001709986320109439	0.0006506180871828237	0.0006167129201356768	0.0006729475100942127	0.0	0.0	0.0	0.00040749796251018743	0.0005455537370430987	0.0	0.0	0.0	0.0	0.0	0.0	0.0	1.0	0.0	0.0	0.0	0.0	0.0	0.0010964912280701754	0.0	0.0	0.0	0.0	0.0
ro	0.0001091077712010038	0.0	0.0	0.0	0.0	0.0	0.0	0.0	0.0	0.0	0.0	0.0	0.0	0.0	0.0	0.0	0.0	0.0	0.0	0.0	0.0	0.0	0.0	0.0	1.0	0.0007692307692307692	0.0	0.0	0.0	0.0	0.0	0.0	0.0	0.0	0.0
ru	0.0	0.0	0.0	0.0	0.0	0.0	0.0	0.00015969338869370808	0.0010256410256410256	0.0	0.00105318588730911	0.0	0.0	0.0	0.0006975933031042902	0.0	0.0	0.0	0.0	0.0	0.0	0.0	0.0005810575246949448	0.0	0.0007692307692307692	1.0	0.0	0.0	0.0	0.0	0.0	0.0	0.0	0.0	0.0019786307874950534
sh	0.0	0.0	0.0	0.0	0.0	0.0	0.0	0.0	0.0	0.0	0.0	0.0	0.0	0.0	0.0	0.0	0.0	0.0	0.023255813953488372	0.0	0.0	0.0	0.0	0.0	0.0	0.0	1.0	0.0	0.0	0.0	0.0	0.0	0.0	0.0	0.0
si	0.0	0.0	0.0	0.0	0.0	0.0	0.0	0.0	0.0	0.0	0.0	0.0	0.0	0.0	0.0	0.0	0.0	0.0	0.0	0.0	0.0	0.0	0.0	0.0	0.0	0.0	0.0	1.0	0.0	0.0	0.0	0.0	0.0	0.0	0.0
simple	0.0	0.0	0.0	0.0	0.0	0.0	0.0	0.0	0.0	0.0	0.0015060240963855422	0.0	0.0	0.0	0.0006127450980392157	0.0	0.0	0.0	0.0	0.0	0.0	0.0	0.0	0.0	0.0	0.0	0.0	0.0	1.0	0.0	0.0	0.0	0.0	0.0	0.0
sr	0.0003846153846153846	0.0	0.0	0.0	0.0	0.0	0.0	0.0	0.0	0.0	0.0	0.005434782608695652	0.0	0.0	0.0	0.0	0.0010395010395010396	0.0	0.0	0.0	0.0	0.0	0.0017985611510791368	0.0010964912280701754	0.0	0.0	0.0	0.0	0.0	1.0	0.0	0.0	0.0	0.0	0.0
sv	0.0	0.0	0.0	0.0	0.0	0.0	0.0	0.0	0.0	0.0	0.0010775862068965517	0.0	0.0	0.0	0.0	0.000784313725490196	0.0008658008658008658	0.0	0.0	0.0	0.0	0.0	0.0	0.0	0.0	0.0	0.0	0.0	0.0	0.0	1.0	0.0	0.0	0.0	0.0012836970474967907
te	0.0	0.0	0.0	0.0	0.0	0.0	0.0	0.0	0.0	0.0	0.0	0.0	0.0	0.0	0.0	0.0	0.0	0.0	0.0	0.0	0.0	0.0	0.0	0.0	0.0	0.0	0.0	0.0	0.0	0.0	0.0	0.0	0.0	0.0	0.0
vi	0.0007173601147776184	0.0	0.0	0.0	0.0	0.0	0.0	0.0001905850962454736	0.0010683760683760685	0.00037835792659856227	0.0	0.0	0.0	0.0	0.0005396654074473826	0.0	0.0	0.004201680672268907	0.0	0.0	0.0	0.0	0.0	0.0	0.0	0.0	0.0	0.0	0.0	0.0	0.0	0.0	1.0	0.0	0.0006596306068601583
war	0.0	0.0	0.0	0.0	0.0	0.0	0.0	0.0	0.0	0.0	0.0	0.0	0.0	0.0	0.0	0.0	0.0	0.0	0.0	0.0	0.0	0.0	0.0	0.0	0.0	0.0	0.0	0.0	0.0	0.0	0.0	0.0	0.0	0.0	0.0
zh	0.00015408320493066256	0.0	0.0	0.0	0.0	0.0004472271914132379	0.0	0.0004761904761904762	0.0005022601707684581	0.0008116883116883117	0.0005154639175257732	0.001440922190201729	0.0	0.0007412898443291327	0.001376936316695353	0.00043725404459991256	0.0009233610341643582	0.0	0.0007616146230007616	0.0	0.0	0.0020134228187919465	0.0	0.0	0.0	0.0019786307874950534	0.0	0.0	0.0	0.0	0.0012836970474967907	0.0	0.0006596306068601583	0.0	1.0
