arz	bs	ceb	ckb	da	de	el	en	es	fr	he	hi	hu	id	it	ja	ko	lv	mk	ml	mr	nl	pl	pt	ro	ru	sh	si	simple	sr	sv	te	vi	war	zh
arz	1.0	0.5113636363636364	0.6666666666666666	0.5333333333333333	0.5108713988943033	0.5059793086401092	0.5147554702443734	0.5048408655433084	0.5044483985765125	0.506462099995542	0.5148889679353625	0.525	0.507820779790687	0.516934256163975	0.5048803038678223	0.507908611599297	0.5098039215686274	0.5186659954503647	0.5333333333333333	0.5348837209302326	0.5419776119402986	0.5040951316036327	0.5064664941627302	0.5083986562150056	0.5088564975646672	0.5074066319213607	0.5333333333333333	0.7017543859649122	0.5242718446601942	0.5098039215686274	0.5095062020008424	0.5	0.5115606936416185	0.7289719626168224	0.5088235294117647
bs	0.5113636363636364	1.0	0.5	0.5165562913907285	0.5893229079649368	0.5384726097021758	0.5754892869696604	0.5212951420092868	0.5286415885741591	0.5330288479289901	0.6042539296695721	0.5103182273768614	0.561216989427798	0.6269260046158946	0.5346819049176379	0.5534757842374888	0.5536176546847229	0.6640725638087115	0.5487982195845698	0.5135641823820398	0.5235790467922943	0.5309332711876782	0.5468615092772732	0.5321802467660411	0.5508389028763256	0.55012274379857	0.5283354952593643	0.528	0.5515339805825242	0.6415038189826467	0.5691606076613115	0.5	0.5438038238639441	0.546218487394958	0.5496160950112615
ceb	0.6666666666666666	0.5	1.0	0.6666666666666666	0.501577287066246	0.5010162601626017	0.671875	0.5006802721088436	0.500965250965251	0.5009487666034156	0.6706231454005934	0.6724890829694323	0.5029940119760479	0.501358695652174	0.5009784735812133	0.6695652173913044	0.6696935300794551	0.5029940119760479	0.6707692307692308	0.6666666666666666	0.6832298136645962	0.5015673981191223	0.5013020833333334	0.5011961722488038	0.5029761904761905	0.6680919294494923	0.5020661157024793	0.6666666666666666	0.5053763440860215	0.5007923930269413	0.5018587360594796	0.6666666666666666	0.6711864406779662	0.6666666666666666	0.6697459584295612
ckb	0.5333333333333333	0.5165562913907285	0.6666666666666666	1.0	0.5082508250825083	0.5033185840707964	0.5076530612244897	0.5018270401948843	0.5027173913043478	0.5032894736842105	0.5099601593625498	0.5625	0.5050505050505051	0.5113122171945702	0.5029761904761905	0.5045537340619308	0.5050505050505051	0.5221238938053098	0.5384615384615384	0.6111111111111112	0.5925925925925926	0.5027856804121124	0.504424778761062	0.5034168564920273	0.5049738465098308	0.5045592705167173	0.5263157894736842	0.72	0.5133689839572192	0.5139664804469274	0.5065502183406114	0.5	0.5076923076923077	0.787878787878788	0.5045317220543807
da	0.5108713988943033	0.5893229079649368	0.501577287066246	0.5082508250825083	1.0	0.5563932649875712	0.5875245481559992	0.5419155841073346	0.5480232743417273	0.555583393948803	0.5954331627530377	0.5051175097605396	0.5791756389470619	0.5947518493062124	0.5585130237688326	0.5683906453805369	0.5694265718235954	0.5848703379857816	0.5250078655964724	0.506723825830104	0.5134957357441798	0.5553593635025063	0.5637652093016055	0.5473428040271275	0.5545472036667802	0.5642845682510089	0.5111435675024807	0.5194029850746269	0.5644676288854129	0.5810449237980168	0.6005694353936769	0.5	0.5574309731712312	0.5242424242424242	0.5691076422595684
de	0.5059793086401092	0.5384726097021758	0.5010162601626017	0.5033185840707964	0.5563932649875712	1.0	0.5784461057292972	0.6071719139465483	0.614304290295988	0.6269910565120762	0.5579107621159605	0.5016648168701443	0.6008573346876238	0.5487513036961913	0.6222449914963332	0.6063791855301401	0.5804468958247054	0.5282152381702069	0.5109291231823666	0.5027685492801772	0.5050318658506144	0.6147836254633295	0.6107453443269559	0.5958595913774201	0.597904809486341	0.6152402292933116	0.5071399709588141	0.5064805583250249	0.5412345958444955	0.5402187775072473	0.5715299255381464	0.5	0.544979186203604	0.5075075075075075	0.6087934588492386
el	0.5147554702443734	0.5754892869696604	0.671875	0.5076530612244897	0.5875245481559992	0.5784461057292972	1.0	0.5527603952906086	0.5668664528110755	0.5779575590165998	0.6079073622169207	0.50391448964856	0.5916595579597589	0.5879647322621339	0.5765553101479122	0.5997185185710386	0.5890780394646976	0.5682729832507311	0.5248257082713736	0.5063938618925832	0.511929668577033	0.5662654332520191	0.5901022159044694	0.5694791974987966	0.5899594017819212	0.5959126377108335	0.5112309715835517	0.6964618249534451	0.5643195252422132	0.5709373411438442	0.5828888650715495	0.5	0.5520315344962072	0.6992481203007519	0.5885646645088091
en	0.5048408655433084	0.5212951420092868	0.5006802721088436	0.5018270401948843	0.5419155841073346	0.6071719139465483	0.5527603952906086	1.0	0.6182069817429626	0.6108743240931229	0.5351250172482407	0.50091519219036	0.5669251314855526	0.5312990231309305	0.6187340604574815	0.5722152395541641	0.5577116399383063	0.5161003186845259	0.5063490834908053	0.5015234613040829	0.5027617966130794	0.6088668881853246	0.5855207430516851	0.583674155079923	0.5669265385717096	0.5837053436251333	0.5039568386241312	0.5057239057239057	0.5258425795779467	0.5256353825347144	0.5607114661930723	0.5	0.5448505414164441	0.5053908355795148	0.58493040569156
es	0.5044483985765125	0.5286415885741591	0.500965250965251	0.5027173913043478	0.5480232743417273	0.614304290295988	0.5668664528110755	0.6182069817429626	1.0	0.6167617808183041	0.549252233661625	0.5013623978201636	0.5846254511068013	0.5395022383927162	0.6285224396207559	0.5909285648860826	0.5705189933938949	0.5231174535264395	0.5093666369313113	0.5022665457842249	0.5036036036036037	0.6013626909915784	0.6007109552857914	0.6022309302900776	0.5815112492035274	0.606406796808563	0.5053859964093357	0.506641366223909	0.5338345864661654	0.5322893631351684	0.5593617055145371	0.5	0.5378206732864202	0.5076190476190476	0.5976187651804058
fr	0.506462099995542	0.5330288479289901	0.5009487666034156	0.5032894736842105	0.555583393948803	0.6269910565120762	0.5779575590165998	0.6108743240931229	0.6167617808183041	1.0	0.5606524041553335	0.5016501650165016	0.6047532504571991	0.5466146485593842	0.6328973605499292	0.6057841603062879	0.5828404528093246	0.528092715452748	0.5102891395333523	0.5027545754445394	0.5043884790613177	0.6086728075792653	0.6098943326540758	0.6049058974433458	0.6124737367342014	0.6139811986286241	0.5048752878374254	0.5074766355140187	0.5377122945036918	0.5356460771168643	0.566503537252454	0.5	0.5427633361940467	0.5074906367041199	0.5977994133219706
he	0.5148889679353625	0.6042539296695721	0.6706231454005934	0.5099601593625498	0.5954331627530377	0.5579107621159605	0.6079073622169207	0.5351250172482407	0.549252233661625	0.5606524041553335	1.0	0.5060728744939271	0.578369806766165	0.605990890186	0.5545575839841611	0.5851876090571977	0.5812183212507087	0.6086245256809373	0.5343953656770456	0.508	0.5158973647563507	0.5486275690188436	0.5743832317065378	0.5556075292127309	0.5736209269446575	0.5816686526015747	0.5153353626535111	0.6915351506456241	0.5769859262748792	0.5991903519050419	0.5793813595060896	0.5	0.5471794598723495	0.6956521739130435	0.5751548857163505
hi	0.525	0.5103182273768614	0.6724890829694323	0.5625	0.5051175097605396	0.5016648168701443	0.50391448964856	0.50091519219036	0.5013623978201636	0.5016501650165016	0.5060728744939271	1.0	0.5030549898167006	0.5069124423963134	0.5014925373134328	0.5018315018315018	0.5025380710659899	0.5138999167496764	0.5319148936170213	0.5714285714285714	0.5416666666666666	0.5013927576601671	0.5022222222222222	0.5017433506960207	0.502502731416604	0.5022900763358779	0.5151515151515151	0.7131782945736435	0.5081967213114754	0.5086717761012369	0.5032967032967033	0.5	0.5046728971962617	0.7193675889328064	0.5022761760242792
hu	0.507820779790687	0.561216989427798	0.5029940119760479	0.5050505050505051	0.5791756389470619	0.6008573346876238	0.5916595579597589	0.5669251314855526	0.5846254511068013	0.6047532504571991	0.578369806766165	0.5030549898167006	1.0	0.5758377160910642	0.598896567170021	0.6024461828248792	0.5749544161006971	0.5538454100628736	0.5198890913215098	0.5051051411448527	0.5092591408574376	0.5861732202147067	0.6008877873178086	0.5917720270677979	0.6105737102238494	0.6002350583410015	0.5068762278978389	0.5154929577464789	0.5504877081317853	0.5595520504348425	0.57999343035147	0.5	0.5585269386220244	0.5170454545454546	0.5831965876231827
id	0.516934256163975	0.6269260046158946	0.501358695652174	0.5113122171945702	0.5947518493062124	0.5487513036961913	0.5879647322621339	0.5312990231309305	0.5395022383927162	0.5466146485593842	0.605990890186	0.5069124423963134	0.5758377160910642	1.0	0.5448405300989605	0.577713078391938	0.5760973329787936	0.629704464443637	0.5339036209780577	0.509090909090909	0.5181009433586754	0.5409089565051761	0.558855574667579	0.5455166073565889	0.5610533909162249	0.5661841074610169	0.5171957822556117	0.5092838196286472	0.5654162757200333	0.6091324484254955	0.5709854085937305	0.5	0.5614235572606318	0.5106666666666667	0.5688026456057597
it	0.5048803038678223	0.5346819049176379	0.5009784735812133	0.5029761904761905	0.5585130237688326	0.6222449914963332	0.5765553101479122	0.6187340604574815	0.6285224396207559	0.6328973605499292	0.5545575839841611	0.5014925373134328	0.598896567170021	0.5448405300989605	1.0	0.6020045175979338	0.576941768018091	0.5265329511260556	0.5102942520324012	0.5024826216484608	0.5039775613059088	0.608914946628788	0.6143964696304092	0.6023939345673788	0.5918313095515055	0.6125278826081211	0.5063913470993117	0.5057581573896353	0.5378920656240612	0.5363168923026723	0.5683717711058921	0.5	0.5460039640849571	0.5067437379576109	0.6034946385339658
ja	0.507908611599297	0.5534757842374888	0.6695652173913044	0.5045537340619308	0.5683906453805369	0.6063791855301401	0.5997185185710386	0.5722152395541641	0.5909285648860826	0.6057841603062879	0.5851876090571977	0.5018315018315018	0.6024461828248792	0.577713078391938	0.6020045175979338	1.0	0.5998746663981769	0.5456171202050609	0.5141188383522155	0.5036496350364964	0.5063878414812399	0.5842105272119593	0.5998386752724804	0.590607023262014	0.5982867479169623	0.6179233682803802	0.5080213903743316	0.6850477200424179	0.5549211956065477	0.5528970789172422	0.58144039974895	0.5	0.5597575616414426	0.688034188034188	0.6105729468805358
ko	0.5098039215686274	0.5536176546847229	0.6696935300794551	0.5050505050505051	0.5694265718235954	0.5804468958247054	0.5890780394646976	0.5577116399383063	0.5705189933938949	0.5828404528093246	0.5812183212507087	0.5025380710659899	0.5749544161006971	0.5760973329787936	0.576941768018091	0.5998746663981769	1.0	0.5446434081978659	0.5156595074539415	0.5042158516020236	0.5076173945434814	0.5641150803039822	0.5813483191378577	0.5732398765709357	0.5751190135150736	0.5893164511399819	0.507492467114991	0.6873614190687362	0.5551008528511894	0.5514642950523023	0.5710188457673242	0.5	0.5458744212102702	0.6905027932960894	0.5894065511227127
lv	0.5186659954503647	0.6640725638087115	0.5029940119760479	0.5221238938053098	0.5848703379857816	0.5282152381702069	0.5682729832507311	0.5161003186845259	0.5231174535264395	0.528092715452748	0.6086245256809373	0.5138999167496764	0.5538454100628736	0.629704464443637	0.5265329511260556	0.5456171202050609	0.5446434081978659	1.0	0.5547035811462199	0.5179975872291478	0.5369620944970006	0.524170437942438	0.538138613324202	0.5289179903758717	0.543661504787339	0.5410403621802256	0.5323348345246457	0.5294117647058824	0.5573538701028469	0.6521757787234399	0.5549324097594011	0.5	0.5382553289078141	0.5384615384615384	0.5397685337935586
mk	0.5333333333333333	0.5487982195845698	0.6707692307692308	0.5384615384615384	0.5250078655964724	0.5109291231823666	0.5248257082713736	0.5063490834908053	0.5093666369313113	0.5102891395333523	0.5343953656770456	0.5319148936170213	0.5198890913215098	0.5339036209780577	0.5102942520324012	0.5141188383522155	0.5156595074539415	0.5547035811462199	1.0	0.54	0.5628140703517588	0.5096363451723773	0.5152555946363246	0.5124544236398519	0.5170974612405957	0.5142608877729581	0.5373134328358209	0.6888888888888889	0.5308056872037915	0.5444923693225142	0.5190573039733137	0.5	0.5158527178190712	0.7089337175792507	0.5164684895178395
ml	0.5348837209302326	0.5135641823820398	0.6666666666666666	0.6111111111111112	0.506723825830104	0.5027685492801772	0.5063938618925832	0.5015234613040829	0.5022665457842249	0.5027545754445394	0.508	0.5714285714285714	0.5051051411448527	0.509090909090909	0.5024826216484608	0.5036496350364964	0.5042158516020236	0.5179975872291478	0.54	1.0	0.6176470588235294	0.5023169601482854	0.5037212413356741	0.5028506271379704	0.5041528728972303	0.5038051750380518	0.5413839891451832	0.7042253521126761	0.5135135135135135	0.5114385631788448	0.5043668122270742	0.5	0.5061728395061729	0.7184466019417476	0.5037821482602118
mr	0.5419776119402986	0.5235790467922943	0.6832298136645962	0.5925925925925926	0.5134957357441798	0.5050318658506144	0.511929668577033	0.5027617966130794	0.5036036036036037	0.5043884790613177	0.5158973647563507	0.5416666666666666	0.5092591408574376	0.5181009433586754	0.5039775613059088	0.5063878414812399	0.5076173945434814	0.5369620944970006	0.5628140703517588	0.6176470588235294	1.0	0.5041633284262542	0.5066172105952468	0.5051547905068664	0.5075435354762203	0.5061508907157943	0.5371024734982331	0.7	0.5235602094240838	0.5229812843065934	0.5076368665041668	0.5	0.5111214978966759	0.7150259067357513	0.5068647014541935
nl	0.5040951316036327	0.5309332711876782	0.5015673981191223	0.5027856804121124	0.5553593635025063	0.6147836254633295	0.5662654332520191	0.6088668881853246	0.6013626909915784	0.6086728075792653	0.5486275690188436	0.5013927576601671	0.5861732202147067	0.5409089565051761	0.608914946628788	0.5842105272119593	0.5641150803039822	0.524170437942438	0.5096363451723773	0.5023169601482854	0.5041633284262542	1.0	0.5973982620942357	0.609102361135143	0.5826759741522768	0.5978269871387452	0.5045787545787546	0.510670731707317	0.5318595271214428	0.5321841405884961	0.5785975731589167	0.5	0.5517981330406402	0.5122699386503067	0.5948460768930606
pl	0.5064664941627302	0.5468615092772732	0.5013020833333334	0.504424778761062	0.5637652093016055	0.6107453443269559	0.5901022159044694	0.5855207430516851	0.6007109552857914	0.6098943326540758	0.5743832317065378	0.5022222222222222	0.6008877873178086	0.558855574667579	0.6143964696304092	0.5998386752724804	0.5813483191378577	0.538138613324202	0.5152555946363246	0.5037212413356741	0.5066172105952468	0.5973982620942357	1.0	0.5919093611972858	0.5941689341814792	0.6175158727035791	0.5087499384977417	0.5082592121982211	0.5476912448141799	0.553612152355986	0.5747773806057714	0.5	0.5460232006885538	0.510230179028133	0.5990559725722142
pt	0.5083986562150056	0.5321802467660411	0.5011961722488038	0.5034168564920273	0.5473428040271275	0.5958595913774201	0.5694791974987966	0.583674155079923	0.6022309302900776	0.6049058974433458	0.5556075292127309	0.5017433506960207	0.5917720270677979	0.5455166073565889	0.6023939345673788	0.590607023262014	0.5732398765709357	0.5289179903758717	0.5124544236398519	0.5028506271379704	0.5051547905068664	0.609102361135143	0.5919093611972858	1.0	0.5910605247315083	0.5893869359875306	0.5050505050505051	0.5081967213114754	0.5378984590426812	0.5344263519841979	0.5596819929959349	0.5	0.5373200262914277	0.5094117647058823	0.5839490839267255
ro	0.5088564975646672	0.5508389028763256	0.5029761904761905	0.5049738465098308	0.5545472036667802	0.597904809486341	0.5899594017819212	0.5669265385717096	0.5815112492035274	0.6124737367342014	0.5736209269446575	0.502502731416604	0.6105737102238494	0.5610533909162249	0.5918313095515055	0.5982867479169623	0.5751190135150736	0.543661504787339	0.5170974612405957	0.5041528728972303	0.5075435354762203	0.5826759741522768	0.5941689341814792	0.5910605247315083	1.0	0.6058189042757407	0.5065004834596073	0.5168539325842697	0.5442252391033473	0.5471013945298376	0.5653822125120564	0.5	0.5449098872614221	0.5213675213675213	0.594345297774213
ru	0.5074066319213607	0.55012274379857	0.6680919294494923	0.5045592705167173	0.5642845682510089	0.6152402292933116	0.5959126377108335	0.5837053436251333	0.606406796808563	0.6139811986286241	0.5816686526015747	0.5022900763358779	0.6002350583410015	0.5661841074610169	0.6125278826081211	0.6179233682803802	0.5893164511399819	0.5410403621802256	0.5142608877729581	0.5038051750380518	0.5061508907157943	0.5978269871387452	0.6175158727035791	0.5893869359875306	0.6058189042757407	1.0	0.5074947262085153	0.6786850477200425	0.5506008582570018	0.5469218815799396	0.5765272764615482	0.5	0.5534007982611402	0.6779840848806366	0.613412801871944
sh	0.5333333333333333	0.5283354952593643	0.5020661157024793	0.5263157894736842	0.5111435675024807	0.5071399709588141	0.5112309715835517	0.5039568386241312	0.5053859964093357	0.5048752878374254	0.5153353626535111	0.5151515151515151	0.5068762278978389	0.5171957822556117	0.5063913470993117	0.5080213903743316	0.507492467114991	0.5323348345246457	0.5373134328358209	0.5413839891451832	0.5371024734982331	0.5045787545787546	0.5087499384977417	0.5050505050505051	0.5065004834596073	0.5074947262085153	1.0	0.5139442231075697	0.5123152709359606	0.5325701333683727	0.5084745762711864	0.5	0.5058479532163742	0.5150300601202404	0.5074183976261127
si	0.7017543859649122	0.528	0.6666666666666666	0.72	0.5194029850746269	0.5064805583250249	0.6964618249534451	0.5057239057239057	0.506641366223909	0.5074766355140187	0.6915351506456241	0.7131782945736435	0.5154929577464789	0.5092838196286472	0.5057581573896353	0.6850477200424179	0.6873614190687362	0.5294117647058824	0.6888888888888889	0.7042253521126761	0.7	0.510670731707317	0.5082592121982211	0.5081967213114754	0.5168539325842697	0.6786850477200425	0.5139442231075697	1.0	0.529126213592233	0.5100154083204931	0.512589928057554	0.6947368421052631	0.6972176759410802	0.7586206896551725	0.6877113866967305
simple	0.5242718446601942	0.5515339805825242	0.5053763440860215	0.5133689839572192	0.5644676288854129	0.5412345958444955	0.5643195252422132	0.5258425795779467	0.5338345864661654	0.5377122945036918	0.5769859262748792	0.5081967213114754	0.5504877081317853	0.5654162757200333	0.5378920656240612	0.5549211956065477	0.5551008528511894	0.5573538701028469	0.5308056872037915	0.5135135135135135	0.5235602094240838	0.5318595271214428	0.5476912448141799	0.5378984590426812	0.5442252391033473	0.5506008582570018	0.5123152709359606	0.529126213592233	1.0	0.5541498837011403	0.5547775128011998	0.5	0.5403303224193282	0.5320197044334976	0.5500923255352592
sr	0.5098039215686274	0.6415038189826467	0.5007923930269413	0.5139664804469274	0.5810449237980168	0.5402187775072473	0.5709373411438442	0.5256353825347144	0.5322893631351684	0.5356460771168643	0.5991903519050419	0.5086717761012369	0.5595520504348425	0.6091324484254955	0.5363168923026723	0.5528970789172422	0.5514642950523023	0.6521757787234399	0.5444923693225142	0.5114385631788448	0.5229812843065934	0.5321841405884961	0.553612152355986	0.5344263519841979	0.5471013945298376	0.5469218815799396	0.5325701333683727	0.5100154083204931	0.5541498837011403	1.0	0.5595118857959753	0.5	0.5370530873362276	0.5108359133126935	0.5488974307100951
sv	0.5095062020008424	0.5691606076613115	0.5018587360594796	0.5065502183406114	0.6005694353936769	0.5715299255381464	0.5828888650715495	0.5607114661930723	0.5593617055145371	0.566503537252454	0.5793813595060896	0.5032967032967033	0.57999343035147	0.5709854085937305	0.5683717711058921	0.58144039974895	0.5710188457673242	0.5549324097594011	0.5190573039733137	0.5043668122270742	0.5076368665041668	0.5785975731589167	0.5747773806057714	0.5596819929959349	0.5653822125120564	0.5765272764615482	0.5084745762711864	0.512589928057554	0.5547775128011998	0.5595118857959753	1.0	0.5	0.575390283599977	0.5144927536231884	0.5761492592024878
te	0.5	0.5	0.6666666666666666	0.5	0.5	0.5	0.5	0.5	0.5	0.5	0.5	0.5	0.5	0.5	0.5	0.5	0.5	0.5	0.5	0.5	0.5	0.5	0.5	0.5	0.5	0.5	0.5	0.6947368421052631	0.5	0.5	0.5	1.0	0.5	0.6956521739130435	0.5
vi	0.5115606936416185	0.5438038238639441	0.6711864406779662	0.5076923076923077	0.5574309731712312	0.544979186203604	0.5520315344962072	0.5448505414164441	0.5378206732864202	0.5427633361940467	0.5471794598723495	0.5046728971962617	0.5585269386220244	0.5614235572606318	0.5460039640849571	0.5597575616414426	0.5458744212102702	0.5382553289078141	0.5158527178190712	0.5061728395061729	0.5111214978966759	0.5517981330406402	0.5460232006885538	0.5373200262914277	0.5449098872614221	0.5534007982611402	0.5058479532163742	0.6972176759410802	0.5403303224193282	0.5370530873362276	0.575390283599977	0.5	1.0	0.7019867549668874	0.5572007548641676
war	0.7289719626168224	0.546218487394958	0.6666666666666666	0.787878787878788	0.5242424242424242	0.5075075075075075	0.6992481203007519	0.5053908355795148	0.5076190476190476	0.5074906367041199	0.6956521739130435	0.7193675889328064	0.5170454545454546	0.5106666666666667	0.5067437379576109	0.688034188034188	0.6905027932960894	0.5384615384615384	0.7089337175792507	0.7184466019417476	0.7150259067357513	0.5122699386503067	0.510230179028133	0.5094117647058823	0.5213675213675213	0.6779840848806366	0.5150300601202404	0.7586206896551725	0.5320197044334976	0.5108359133126935	0.5144927536231884	0.6956521739130435	0.7019867549668874	1.0	0.6909090909090909
zh	0.5088235294117647	0.5496160950112615	0.6697459584295612	0.5045317220543807	0.5691076422595684	0.6087934588492386	0.5885646645088091	0.58493040569156	0.5976187651804058	0.5977994133219706	0.5751548857163505	0.5022761760242792	0.5831965876231827	0.5688026456057597	0.6034946385339658	0.6105729468805358	0.5894065511227127	0.5397685337935586	0.5164684895178395	0.5037821482602118	0.5068647014541935	0.5948460768930606	0.5990559725722142	0.5839490839267255	0.594345297774213	0.613412801871944	0.5074183976261127	0.6877113866967305	0.5500923255352592	0.5488974307100951	0.5761492592024878	0.5	0.5572007548641676	0.6909090909090909	1.0
