arz	bs	ceb	ckb	da	de	el	en	es	fr	he	hi	hu	id	it	ja	ko	lv	mk	ml	mr	nl	pl	pt	ro	ru	sh	si	simple	sr	sv	te	vi	war	zh
arz	0.055629713040200715	0.25	0.0	0.3333333333333333	0.14287755102040817	0.09091735537190083	0.08334722222222221	0.06250390624999999	0.1	0.08334722222222221	0.12503124999999998	0.5	0.12503126564064063	0.12506251564064064	0.10000999999999999	0.1111111111111111	0.08333333333333333	0.20012	0.2	0.3333333333333333	0.25006249999999997	0.1111234691481605	0.11112345679012345	0.06666666666666667	0.09094216530580167	0.10000999999999999	0.25	0.3333333333333333	0.1	0.25	0.11113580246913579	0.0	0.125	0.2	0.08333333333333333
bs	0.25	0.014343087572423231	0.0	0.2	0.017298041014685406	0.0143114741619778	0.0161780897065142	0.014303080631855937	0.01515312213039486	0.016500563016397626	0.017625507274131966	0.33344444444444443	0.01618490080633103	0.016761935329313356	0.01431311500285571	0.016428710136446995	0.015430676181024686	0.023038802775463444	0.06257039853917198	0.2501250625	0.1430820005313479	0.014975207895771784	0.015416638744772318	0.017263400743197717	0.01630788504133967	0.014957296203468454	0.11118522223458024	0.14285714285714285	0.03333777777777778	0.018332466887414522	0.015425441990785979	0.0	0.02860002288002205	0.09090909090909091	0.01518280318399248
ceb	0.0	0.0	0.5	0.0	1.0	0.5	0.5	0.5	0.5	0.5	0.5	1.0	0.5	0.5	0.5	0.5	0.5	1.0	1.0	0.0	0.5	0.5	0.5	0.5	0.5	0.5	0.5	0.0	0.5	1.0	0.5	0.0	0.5	0.0	0.5
ckb	0.3333333333333333	0.2	0.0	0.16669444444444442	0.2	0.16666666666666666	0.16666666666666666	0.16666666666666666	0.16666666666666666	0.16666666666666666	0.2	0.5	0.2	0.2	0.16666666666666666	0.2	0.16666666666666666	0.2	0.25	0.25	0.2	0.16669444444444442	0.16666666666666666	0.16666666666666666	0.16669444444444442	0.16666666666666666	0.5	0.3333333333333333	0.2	0.2	0.16666666666666666	0.0	0.2	0.16666666666666666	0.16666666666666666
da	0.14287755102040817	0.017298041014685406	1.0	0.2	0.006874267696178338	0.008554392509024768	0.010541073158375675	0.006854009572858278	0.00826487268636029	0.008647825923560728	0.01268247036339605	0.33344444444444443	0.009816626802800118	0.013355774825008212	0.007641638493399176	0.010427636294823035	0.009721289963926892	0.020494320963022006	0.06251172265624999	0.25006249999999997	0.12507818756256256	0.007588980870474859	0.009533433569715475	0.010210122866201895	0.011953857556505007	0.009623620660692219	0.14287755102040817	0.07692307692307693	0.018519890260631	0.016988601774737558	0.008558566607157904	0.0	0.01613319562955255	0.0625	0.009016075647271733
de	0.09091735537190083	0.0143114741619778	0.5	0.16666666666666666	0.008554392509024768	0.0022908288344892285	0.006031835655771578	0.0023117593538156777	0.002702841504747991	0.00295619254313707	0.00878132603163143	0.3333333333333333	0.004552987478771955	0.010653032059346826	0.002804875728950139	0.00417236811646972	0.005083056700319126	0.02004168295751625	0.05000999999999999	0.2	0.1111605432593087	0.0028638525270996565	0.003709198516286432	0.0036259342726204457	0.0044704894155997085	0.003628170153878692	0.07692899408284024	0.07692307692307693	0.012195568114217726	0.013175750549896685	0.006140657763978327	0.0	0.010104174166411897	0.06666666666666667	0.003748982988262456
el	0.08334722222222221	0.0161780897065142	0.5	0.16666666666666666	0.010541073158375675	0.006031835655771578	0.005300624424135511	0.005323338927541422	0.005780848107187008	0.0060887965066488475	0.009925364142249135	0.33344444444444443	0.007888117107045874	0.012221953145781572	0.0056563646556327795	0.006906649247735501	0.007260529406635674	0.019687363813884588	0.050017510005005004	0.2	0.11123469149397548	0.006110265931407108	0.00654510232857366	0.006808927859786252	0.007242185301909139	0.0063377782973714466	0.11113580246913579	0.08333333333333333	0.015626953369140627	0.015912665877045463	0.008859905561524089	0.0	0.015389824142485206	0.07692307692307693	0.006672939293960404
en	0.06250390624999999	0.014303080631855937	0.5	0.16666666666666666	0.006854009572858278	0.0023117593538156777	0.005323338927541422	0.001261982853306987	0.001923276638313609	0.0023183732393516877	0.008340493619384664	0.3333333333333333	0.004136881743828302	0.009442068090249913	0.0020515641285314403	0.003748547674875088	0.0044888737592383545	0.01925818054301869	0.04762358276643991	0.2	0.11114814814814815	0.0021641091810073398	0.0030706114389066693	0.0028425725323801576	0.004063917181092635	0.003147593748647178	0.0769349171656864	0.058823529411764705	0.011236838782981947	0.011778424098838352	0.004549094052315952	0.0	0.006291326174043907	0.0625	0.0030887649190206533
es	0.1	0.01515312213039486	0.5	0.16666666666666666	0.00826487268636029	0.002702841504747991	0.005780848107187008	0.001923276638313609	0.0018251071535635023	0.0026533574288780198	0.008333472222222223	0.3333333333333333	0.00438629195521699	0.010526980609418283	0.0023421288001360175	0.004000336032	0.004831337977572428	0.019232988165680472	0.047619047619047616	0.2	0.125	0.002747735871279133	0.003401719225785552	0.003003129264399534	0.004238670981865897	0.003289819977060249	0.08333333333333333	0.07142857142857142	0.012345679012345678	0.01315893351800554	0.006135383379126049	0.0	0.010101214161820221	0.0625	0.003508931979070483
fr	0.08334722222222221	0.016500563016397626	0.5	0.16666666666666666	0.008647825923560728	0.00295619254313707	0.0060887965066488475	0.0023183732393516877	0.0026533574288780198	0.0024745754413206585	0.008596015862797362	0.3333333333333333	0.004514526369458782	0.01103935972160922	0.002710020418556225	0.004221740952511369	0.005051731425555726	0.020155189940539758	0.05267594462604432	0.20007999999999998	0.12509384384384384	0.0031412585352264075	0.003778475852643474	0.003412142186668774	0.0044494696794470144	0.0037082644586976634	0.1111358271852099	0.0625	0.013160492382271469	0.014783492793261169	0.0065576348661919625	0.0	0.010539405003677475	0.0625	0.004130336731373325
he	0.12503124999999998	0.017625507274131966	0.5	0.2	0.01268247036339605	0.00878132603163143	0.009925364142249135	0.008340493619384664	0.008333472222222223	0.008596015862797362	0.00839426664722383	0.3333333333333333	0.010893605636286822	0.01412788834271787	0.008559007845467011	0.009451347418212604	0.009280831750765425	0.01972893861179412	0.05558952779940124	0.25	0.1250469062812813	0.00894894605396826	0.00902494469654273	0.009354274704699723	0.01007628049554215	0.008562668394566535	0.12503124999999998	0.07692307692307693	0.01785969419642857	0.016448991220586164	0.011253281080013814	0.0	0.02128655998325079	0.06666666666666667	0.009020142131748994
hi	0.5	0.33344444444444443	1.0	0.5	0.33344444444444443	0.3333333333333333	0.33344444444444443	0.3333333333333333	0.3333333333333333	0.3333333333333333	0.3333333333333333	0.33344444444444443	0.3333333333333333	0.3333333333333333	0.3333333333333333	0.5	0.3333333333333333	0.33344444444444443	0.3333333333333333	0.5	0.5	0.3333333333333333	0.3333333333333333	0.33344444444444443	0.33344444444444443	0.3333333333333333	1.0	0.1111111111111111	0.3333333333333333	0.33344444444444443	0.3333333333333333	0.0	0.3333333333333333	0.1	0.3333333333333333
hu	0.12503126564064063	0.01618490080633103	0.5	0.2	0.009816626802800118	0.004552987478771955	0.007888117107045874	0.004136881743828302	0.00438629195521699	0.004514526369458782	0.010893605636286822	0.3333333333333333	0.004227740732761123	0.01179440213935296	0.004299244417968127	0.0060705388668864475	0.007531992635613637	0.01969008302234	0.050025010004999995	0.20003999999999997	0.11119758024691356	0.004621882395584745	0.005474413335881469	0.004980947533286065	0.005701189052562455	0.005596252893220593	0.14285714285714285	0.09090909090909091	0.016395055092717013	0.015671529481014565	0.008141400180476542	0.0	0.01205283989025998	0.08333333333333333	0.006375558771558769
id	0.12506251564064064	0.016761935329313356	0.5	0.2	0.013355774825008212	0.010653032059346826	0.012221953145781572	0.009442068090249913	0.010526980609418283	0.01103935972160922	0.01412788834271787	0.3333333333333333	0.01179440213935296	0.009579579713855698	0.01042981295717366	0.010658706949644053	0.010229658023872336	0.019771040934900473	0.06253125781249999	0.25	0.12506254690628127	0.010780162871369545	0.011381485588030904	0.011504170970415919	0.012287289572898473	0.010543295000507913	0.125015625	0.07142857142857142	0.022226173827160495	0.017027948620636738	0.013008298759756806	0.0	0.017867672836101408	0.0625	0.010219829486948363
it	0.10000999999999999	0.01431311500285571	0.5	0.16666666666666666	0.007641638493399176	0.002804875728950139	0.0056563646556327795	0.0020515641285314403	0.0023421288001360175	0.002710020418556225	0.008559007845467011	0.3333333333333333	0.004299244417968127	0.01042981295717366	0.0020594484551751217	0.00400522298587042	0.0049080957897077	0.019275246149148984	0.047625850340136056	0.2	0.12503128128128127	0.002848054041445216	0.0033601922505602	0.0032496126058697635	0.004411485556825493	0.0034529549425547815	0.07692307692307693	0.08333333333333333	0.012049208883727682	0.013357911373679088	0.005922872032985788	0.0	0.009093471653057851	0.07142857142857142	0.0036532750852248178
ja	0.1111111111111111	0.016428710136446995	0.5	0.2	0.010427636294823035	0.00417236811646972	0.006906649247735501	0.003748547674875088	0.004000336032	0.004221740952511369	0.009451347418212604	0.5	0.0060705388668864475	0.010658706949644053	0.00400522298587042	0.0037768578998953603	0.005627050490188891	0.020462441409034676	0.0625078125	0.25	0.14289795918367348	0.004493775462508807	0.0051599854716820395	0.004812041701256313	0.005816453937406435	0.004657813816896866	0.1111111111111111	0.07692307692307693	0.014086094227335847	0.015906096424206845	0.007526492629776988	0.0	0.01111506370481506	0.06666666666666667	0.004835847890693349
ko	0.08333333333333333	0.015430676181024686	0.5	0.16666666666666666	0.009721289963926892	0.005083056700319126	0.007260529406635674	0.0044888737592383545	0.004831337977572428	0.005051731425555726	0.009280831750765425	0.3333333333333333	0.007531992635613637	0.010229658023872336	0.0049080957897077	0.005627050490188891	0.0035182434507355373	0.019684264887938775	0.052648202216066475	0.2	0.1111605185308642	0.005569388740107594	0.005997936453594184	0.005560651947656947	0.007038884365564512	0.005626987684521759	0.11114816049382717	0.07142857142857142	0.013158933691135733	0.015188336306770333	0.008074153176136073	0.0	0.013338313067555554	0.0625	0.005531004189226863
lv	0.20012	0.023038802775463444	1.0	0.2	0.020494320963022006	0.02004168295751625	0.019687363813884588	0.01925818054301869	0.019232988165680472	0.020155189940539758	0.01972893861179412	0.33344444444444443	0.01969008302234	0.019771040934900473	0.019275246149148984	0.020462441409034676	0.019684264887938775	0.019571753744163835	0.07153586754104109	0.25006249999999997	0.12532897081771652	0.01968349363751701	0.019652160176631774	0.020030043661687334	0.02029055135292022	0.019284161969119643	0.1250625	0.09090909090909091	0.034489894173602854	0.021072091854036617	0.020469154647168822	0.0	0.03575641711736353	0.07142857142857142	0.0196513870132524
mk	0.2	0.06257039853917198	1.0	0.25	0.06251172265624999	0.05000999999999999	0.050017510005005004	0.04762358276643991	0.047619047619047616	0.05267594462604432	0.05558952779940124	0.3333333333333333	0.050025010004999995	0.06253125781249999	0.047625850340136056	0.0625078125	0.052648202216066475	0.07153586754104109	0.045622500032112295	0.25	0.16680569458347239	0.04763720182086394	0.04763038548752834	0.04546487809917355	0.04767808855800708	0.05265097506925208	0.2	0.16666666666666666	0.07692307692307693	0.05887893430802431	0.05556790432098765	0.0	0.09091735537190083	0.09090909090909091	0.04546694421487603
ml	0.3333333333333333	0.2501250625	0.0	0.25	0.25006249999999997	0.2	0.2	0.2	0.2	0.20007999999999998	0.25	0.5	0.20003999999999997	0.25	0.2	0.25	0.2	0.25006249999999997	0.25	0.20016008	0.20012003999999997	0.2	0.20003999999999997	0.2	0.20003999999999997	0.2	0.50025	0.16666666666666666	0.2	0.2501250625	0.25	0.0	0.25	0.125	0.2
mr	0.25006249999999997	0.1430820005313479	0.5	0.2	0.12507818756256256	0.1111605432593087	0.11123469149397548	0.11114814814814815	0.125	0.12509384384384384	0.1250469062812813	0.5	0.11119758024691356	0.12506254690628127	0.12503128128128127	0.14289795918367348	0.1111605185308642	0.12532897081771652	0.16680569458347239	0.20012003999999997	0.10059351087412807	0.1111358271852099	0.11112345679012345	0.11113580246913579	0.11138334707720478	0.12506253128128128	0.33344444444444443	0.2	0.1111111111111111	0.12518782870414247	0.14289800004085718	0.0	0.14291840816326531	0.14285714285714285	0.11114816049382717
nl	0.1111234691481605	0.014975207895771784	0.5	0.16669444444444442	0.007588980870474859	0.0028638525270996565	0.006110265931407108	0.0021641091810073398	0.002747735871279133	0.0031412585352264075	0.00894894605396826	0.3333333333333333	0.004621882395584745	0.010780162871369545	0.002848054041445216	0.004493775462508807	0.005569388740107594	0.01968349363751701	0.04763720182086394	0.2	0.1111358271852099	0.0019801460364763466	0.0036987723028818593	0.002980848457096078	0.00476353810065259	0.003726101855986889	0.1	0.07142857142857142	0.0133344	0.0139248603815657	0.005035194776431469	0.0	0.007756748454601768	0.0625	0.0037804611683267034
pl	0.11112345679012345	0.015416638744772318	0.5	0.16666666666666666	0.009533433569715475	0.003709198516286432	0.00654510232857366	0.0030706114389066693	0.003401719225785552	0.003778475852643474	0.00902494469654273	0.3333333333333333	0.005474413335881469	0.011381485588030904	0.0033601922505602	0.0051599854716820395	0.005997936453594184	0.019652160176631774	0.04763038548752834	0.20003999999999997	0.11112345679012345	0.0036987723028818593	0.0030572083550294074	0.004332737095784414	0.005408213110297833	0.0042079924751086155	0.08334027777777778	0.07692307692307693	0.01351424397370343	0.013184956297271625	0.007150517354088833	0.0	0.0121995852174301	0.0625	0.004766944519418513
pt	0.06666666666666667	0.017263400743197717	0.5	0.16666666666666666	0.010210122866201895	0.0036259342726204457	0.006808927859786252	0.0028425725323801576	0.003003129264399534	0.003412142186668774	0.009354274704699723	0.33344444444444443	0.004980947533286065	0.011504170970415919	0.0032496126058697635	0.004812041701256313	0.005560651947656947	0.020030043661687334	0.04546487809917355	0.2	0.11113580246913579	0.002980848457096078	0.004332737095784414	0.002340059325881728	0.004736910269199003	0.004487886808362909	0.1111111111111111	0.07142857142857142	0.013513878743608472	0.01564211258134112	0.0073037479902506785	0.0	0.012196758328524689	0.0625	0.004697747141110229
ro	0.09094216530580167	0.01630788504133967	0.5	0.16669444444444442	0.011953857556505007	0.0044704894155997085	0.007242185301909139	0.004063917181092635	0.004238670981865897	0.0044494696794470144	0.01007628049554215	0.33344444444444443	0.005701189052562455	0.012287289572898473	0.004411485556825493	0.005816453937406435	0.007038884365564512	0.02029055135292022	0.04767808855800708	0.20003999999999997	0.11138334707720478	0.00476353810065259	0.005408213110297833	0.004736910269199003	0.0038115611833363073	0.005005979155829046	0.12506253126564063	0.08333333333333333	0.015878308138070042	0.01653956462533824	0.00873400542531929	0.0	0.01353619124660475	0.06666666666666667	0.0053714071562277485
ru	0.10000999999999999	0.014957296203468454	0.5	0.16666666666666666	0.009623620660692219	0.003628170153878692	0.0063377782973714466	0.003147593748647178	0.003289819977060249	0.0037082644586976634	0.008562668394566535	0.3333333333333333	0.005596252893220593	0.010543295000507913	0.0034529549425547815	0.004657813816896866	0.005626987684521759	0.019284161969119643	0.05265097506925208	0.2	0.12506253128128128	0.003726101855986889	0.0042079924751086155	0.004487886808362909	0.005005979155829046	0.0031448667715067357	0.10000999999999999	0.058823529411764705	0.013159453081717449	0.01494656385591094	0.007098592329666067	0.0	0.010873228969990666	0.0625	0.004333506704508279
sh	0.25	0.11118522223458024	0.5	0.5	0.14287755102040817	0.07692899408284024	0.11113580246913579	0.0769349171656864	0.08333333333333333	0.1111358271852099	0.12503124999999998	1.0	0.14285714285714285	0.125015625	0.07692307692307693	0.1111111111111111	0.11114816049382717	0.1250625	0.2	0.50025	0.33344444444444443	0.1	0.08334027777777778	0.1111111111111111	0.12506253126564063	0.10000999999999999	0.07151539806136752	0.07142857142857142	0.2	0.08337502778472222	0.125	0.0	0.25	0.06666666666666667	0.1
si	0.3333333333333333	0.14285714285714285	0.0	0.3333333333333333	0.07692307692307693	0.07692307692307693	0.08333333333333333	0.058823529411764705	0.07142857142857142	0.0625	0.07692307692307693	0.1111111111111111	0.09090909090909091	0.07142857142857142	0.08333333333333333	0.07692307692307693	0.07142857142857142	0.09090909090909091	0.16666666666666666	0.16666666666666666	0.2	0.07142857142857142	0.07692307692307693	0.07142857142857142	0.08333333333333333	0.058823529411764705	0.07142857142857142	0.058823529411764705	0.08333333333333333	0.07692307692307693	0.07142857142857142	0.5	0.07142857142857142	0.16666666666666666	0.07142857142857142
simple	0.1	0.03333777777777778	0.5	0.2	0.018519890260631	0.012195568114217726	0.015626953369140627	0.011236838782981947	0.012345679012345678	0.013160492382271469	0.01785969419642857	0.3333333333333333	0.016395055092717013	0.022226173827160495	0.012049208883727682	0.014086094227335847	0.013158933691135733	0.034489894173602854	0.07692307692307693	0.2	0.1111111111111111	0.0133344	0.01351424397370343	0.013513878743608472	0.015878308138070042	0.013159453081717449	0.2	0.08333333333333333	0.011121862478402722	0.029416955017301037	0.016130593132154005	0.0	0.027027757487216943	0.07692307692307693	0.013158240997229917
sr	0.25	0.018332466887414522	1.0	0.2	0.016988601774737558	0.013175750549896685	0.015912665877045463	0.011778424098838352	0.01315893351800554	0.014783492793261169	0.016448991220586164	0.33344444444444443	0.015671529481014565	0.017027948620636738	0.013357911373679088	0.015906096424206845	0.015188336306770333	0.021072091854036617	0.05887893430802431	0.2501250625	0.12518782870414247	0.0139248603815657	0.013184956297271625	0.01564211258134112	0.01653956462533824	0.01494656385591094	0.08337502778472222	0.07692307692307693	0.029416955017301037	0.011987060890355401	0.016426829730114306	0.0	0.030314975209367302	0.07142857142857142	0.014514631641126995
sv	0.11113580246913579	0.015425441990785979	0.5	0.16666666666666666	0.008558566607157904	0.006140657763978327	0.008859905561524089	0.004549094052315952	0.006135383379126049	0.0065576348661919625	0.011253281080013814	0.3333333333333333	0.008141400180476542	0.013008298759756806	0.005922872032985788	0.007526492629776988	0.008074153176136073	0.020469154647168822	0.05556790432098765	0.25	0.14289800004085718	0.005035194776431469	0.007150517354088833	0.0073037479902506785	0.00873400542531929	0.007098592329666067	0.125	0.07142857142857142	0.016130593132154005	0.016426829730114306	0.004517240734291662	0.0	0.010208769055185756	0.0625	0.007097685532421108
te	0.0	0.0	0.0	0.0	0.0	0.0	0.0	0.0	0.0	0.0	0.0	0.0	0.0	0.0	0.0	0.0	0.0	0.0	0.0	0.0	0.0	0.0	0.0	0.0	0.0	0.0	0.0	0.5	0.0	0.0	0.0	0.0	0.0	0.5	0.0
vi	0.125	0.02860002288002205	0.5	0.2	0.01613319562955255	0.010104174166411897	0.015389824142485206	0.006291326174043907	0.010101214161820221	0.010539405003677475	0.02128655998325079	0.3333333333333333	0.01205283989025998	0.017867672836101408	0.009093471653057851	0.01111506370481506	0.013338313067555554	0.03575641711736353	0.09091735537190083	0.25	0.14291840816326531	0.007756748454601768	0.0121995852174301	0.012196758328524689	0.01353619124660475	0.010873228969990666	0.25	0.07142857142857142	0.027027757487216943	0.030314975209367302	0.010208769055185756	0.0	0.006344017330014784	0.0625	0.010207415140358602
war	0.2	0.09090909090909091	0.0	0.16666666666666666	0.0625	0.06666666666666667	0.07692307692307693	0.0625	0.0625	0.0625	0.06666666666666667	0.1	0.08333333333333333	0.0625	0.07142857142857142	0.06666666666666667	0.0625	0.07142857142857142	0.09090909090909091	0.125	0.14285714285714285	0.0625	0.0625	0.0625	0.06666666666666667	0.0625	0.06666666666666667	0.16666666666666666	0.07692307692307693	0.07142857142857142	0.0625	0.5	0.0625	0.0625	0.0625
zh	0.08333333333333333	0.01518280318399248	0.5	0.16666666666666666	0.009016075647271733	0.003748982988262456	0.006672939293960404	0.0030887649190206533	0.003508931979070483	0.004130336731373325	0.009020142131748994	0.3333333333333333	0.006375558771558769	0.010219829486948363	0.0036532750852248178	0.004835847890693349	0.005531004189226863	0.0196513870132524	0.04546694421487603	0.2	0.11114816049382717	0.0037804611683267034	0.004766944519418513	0.004697747141110229	0.0053714071562277485	0.004333506704508279	0.1	0.07142857142857142	0.013158240997229917	0.014514631641126995	0.007097685532421108	0.0	0.010207415140358602	0.0625	0.003110102309021953
