arz	bs	ceb	ckb	da	de	el	en	es	fr	he	hi	hu	id	it	ja	ko	lv	mk	ml	mr	nl	pl	pt	ro	ru	sh	si	simple	sr	sv	te	tr	vi	war	zh
arz	1.0	1.0	1.0	1.0	1.0	1.0	1.0	1.0	1.0	1.0	1.0	1.0	0.7584325078215763	1.0	0.4493075654568811	1.0	1.0	1.0	1.0	1.0	1.0	1.0	0.7690990303325336	1.0	1.0	1.0	0.7584325078215763	1.0	1.0	1.0	1.0	1.0	1.0	0.46959601155582775	1.0	1.0
bs	1.0	1.0	1.0	0.2504132076579822	0.14861235077867194	0.17397220793090046	0.19028275586645774	0.13845418449650235	0.1760347687413718	0.14555195945293095	0.2082633972145506	0.2486940039035544	0.15398214237625305	0.15826682345465887	0.14377426993095505	0.21500536617454938	0.21233101916452476	0.20010604008658217	0.2250896111340944	0.26125501257539563	0.26702758412493877	0.1346352684050495	0.15556301699747693	0.1566239825155409	0.141049691143171	0.2112576850446845	0.13856523316025007	0.4313159154949917	0.19469653324180156	0.14404960657117183	0.1598634277145713	0.3243547814931955	0.38348901031773097	0.16556050849211718	0.2950955868566545	0.21135154024999142
ceb	1.0	1.0	1.0	1.0	1.0	1.0	1.0	1.0	1.0	1.0	1.0	1.0	1.0	1.0	0.8125806012482828	1.0	1.0	1.0	1.0	1.0	1.0	1.0	1.0	1.0	0.7863954451402115	1.0	1.0	1.0	1.0	1.0	1.0	1.0	-1.0	1.0	1.0	1.0
ckb	1.0	0.2504132076579822	1.0	1.0	0.5211536669447219	0.653200231972572	1.0	0.4481796839731891	1.0	0.5790144658109286	1.0	1.0	0.526518980481495	0.37566674056331933	0.5802997215344062	1.0	1.0	1.0	1.0	1.0	1.0	0.6143589292419388	0.5415633958410828	0.30366656725366203	0.5103812152990806	1.0	0.5828763145002701	1.0	0.7210092110599264	0.6193113617177751	0.5107035564677144	1.0	1.0	0.6845485002822447	1.0	1.0
da	1.0	0.14861235077867194	1.0	0.5211536669447219	1.0	0.10425363121952327	0.14735185978730372	0.10265910167997351	0.1098832055029909	0.10394679136797116	0.15800005843943923	0.16425256876122907	0.10746726593471098	0.1154869191200214	0.09994153096732901	0.1415156075264552	0.1586062943484605	0.14424239029410546	0.24175107228819717	0.2632545702310494	1.0	0.10448350916000419	0.10792982714255195	0.10763326511849901	0.10916717211794195	0.12896844325060366	0.09251248395310435	0.6167131210802118	0.1534403701158311	0.1072671512204869	0.09775290560582824	0.26984462091946687	0.3551283070667673	0.11918922563593468	0.308547934470741	0.1417853071082172
de	1.0	0.17397220793090046	1.0	0.653200231972572	0.10425363121952327	1.0	0.12822337090838484	0.05257672247236317	0.05346462246954898	0.0510341699863812	0.14394690918510408	0.13506181368127007	0.06801624385871757	0.09935920115756557	0.060361430012215396	0.06756154232026075	0.11443936912210068	0.11839155540904775	0.18942775407084955	0.22330268866685513	0.5529390606691029	0.05644442401228845	0.06481338519388016	0.06814969166917478	0.09281724319442275	0.08497685509372337	0.05866575332596747	0.5665446450931801	0.10905891788015264	0.057348881199233946	0.07842266848986519	0.3099280967501861	0.3092539652076905	0.07201077070052558	0.33479637754869584	0.06886966838580794
el	1.0	0.19028275586645774	1.0	1.0	0.14735185978730372	0.12822337090838484	1.0	0.14271325889191372	0.13214115559524287	0.11900966634886047	0.5675864483633859	1.0	0.1387263384677292	0.16588128145367745	0.1237155653963863	1.0	1.0	0.2264413599763551	1.0	1.0	1.0	0.10872972191431385	0.12352839474593941	0.17266861028026825	0.13900122829143374	1.0	0.1309094798782636	1.0	0.17673229663225834	0.13512451609676632	0.1400964487942033	1.0	0.7510341748895939	0.13068915879070306	0.5954631401690068	1.0
en	1.0	0.13845418449650235	1.0	0.4481796839731891	0.10265910167997351	0.05257672247236317	0.14271325889191372	1.0	0.06569959427647741	0.07070238525933753	0.14706285212693515	0.1464152852459146	0.07934893235698523	0.1118586885010823	0.0843189720608104	0.12131539667439706	0.1429000301978141	0.11084410164162577	0.1607212231675749	0.21881529187438178	0.43291935759181893	0.0712864879313409	0.08705216887805164	0.0785515154555507	0.09894066971280266	0.1330431676274752	0.07393204715840211	0.376690328253979	0.10446734675889086	0.07037743444229205	0.08542906876601128	0.2688849867747439	0.22982129722192723	0.08921298565171291	0.3211501716689028	0.12323616891130167
es	1.0	0.1760347687413718	1.0	1.0	0.1098832055029909	0.05346462246954898	0.13214115559524287	0.06569959427647741	1.0	0.0606148549262013	0.1480754140752162	0.14591322058571257	0.0719263209810293	0.10309192717531791	0.06711955778094288	0.07791442003346247	0.125693340296145	0.11809489141851305	0.2493313778360362	0.2813098242393274	0.5452147040710343	0.06513875162048911	0.07169268836239497	0.07381121929965266	0.0937859367691993	0.09632446967553306	0.0663207907734176	0.5665446450931801	0.1076025215952072	0.0671415562844721	0.08112434193007222	0.4078664412336496	0.3289138746409212	0.07666438111835379	0.33018006304336733	0.0872903806134469
fr	1.0	0.14555195945293095	1.0	0.5790144658109286	0.10394679136797116	0.0510341699863812	0.11900966634886047	0.07070238525933753	0.0606148549262013	1.0	0.1338869959570447	0.12178059565770616	0.07020365176189391	0.09219420853260325	0.0708938788466244	0.08553532500068377	0.10832129593213084	0.1101670382896843	0.19237426218002096	0.24400048950837502	0.2617723054099171	0.06320732251939319	0.07128099938858763	0.06709229409768545	0.08644273461092127	0.08723581681291252	0.06598194802343185	0.5238149752204474	0.10491353325215554	0.06366609361673763	0.0749736526734659	0.35228382890312443	0.34579113133156303	0.07804839790814994	0.3688422701238455	0.08587587763447597
he	1.0	0.2082633972145506	1.0	1.0	0.15800005843943923	0.14394690918510408	0.5675864483633859	0.14706285212693515	0.1480754140752162	0.1338869959570447	1.0	0.6185254943607429	0.12251271494511856	0.14387722610800147	0.13212256940066525	0.5019225838790166	0.5320286462024124	0.20215626479310597	0.6967033415961641	0.7002769331337119	1.0	0.13289856514816462	0.13326133487246458	0.16518702326858198	0.13644583402405766	0.48143783589199746	0.13142959737604626	1.0	0.19193178608774852	0.14856185610654277	0.14334091581620262	1.0	0.7270358926025849	0.12394455073456939	0.5950224965492915	0.480230041941449
hi	1.0	0.2486940039035544	1.0	1.0	0.16425256876122907	0.13506181368127007	1.0	0.1464152852459146	0.14591322058571257	0.12178059565770616	0.6185254943607429	1.0	0.13621298544846466	0.1564334539993359	0.1275921693246335	0.6893239646520147	1.0	0.21274877640165163	1.0	1.0	1.0	0.13989966248642816	0.11942935575336568	0.15944632847130466	0.14059924531973123	0.6915622893805501	0.14920261975507673	1.0	0.19665774956076515	0.1544355297305884	0.17297150991908403	1.0	0.8055567530094857	0.1371093337768396	0.5964044785943997	1.0
hu	0.7584325078215763	0.15398214237625305	1.0	0.526518980481495	0.10746726593471098	0.06801624385871757	0.1387263384677292	0.07934893235698523	0.0719263209810293	0.07020365176189391	0.12251271494511856	0.13621298544846466	1.0	0.09712917954625958	0.07845558846959402	0.09455461510221976	0.11050058153701364	0.11612491037531975	0.19261908484779794	0.2306538774541306	0.5927463622939851	0.07072171512972532	0.07819975005011051	0.07765088972884061	0.09336509095619759	0.10630849778300183	0.07419683758134055	0.653200231972572	0.11121435599722378	0.06933551369406873	0.08427318768709281	0.323714654456021	0.8137822343553779	0.08255932802741192	0.3793463806495099	0.0958170501758824
id	1.0	0.15826682345465887	1.0	0.37566674056331933	0.1154869191200214	0.09935920115756557	0.16588128145367745	0.1118586885010823	0.10309192717531791	0.09219420853260325	0.14387722610800147	0.1564334539993359	0.09712917954625958	1.0	0.10612691965414438	0.15733182216230668	0.15572511853976195	0.13898204406326167	0.19053207568075659	0.20047588351974166	0.4370027544212413	0.09364517695287622	0.09942886705878376	0.11348396741570485	0.10672262511561081	0.16021856754685793	0.09806218397154781	0.3078927025647771	0.11562886106788019	0.1049617450193554	0.10610606520697824	0.262452696137277	0.3903432074105023	0.10127697965909092	0.31891529377443634	0.15609394087777761
it	0.4493075654568811	0.14377426993095505	0.8125806012482828	0.5802997215344062	0.09994153096732901	0.060361430012215396	0.1237155653963863	0.0843189720608104	0.06711955778094288	0.0708938788466244	0.13212256940066525	0.1275921693246335	0.07845558846959402	0.10612691965414438	1.0	0.10998845504860662	0.1261045761437734	0.10667851210019126	0.16157014163521063	0.2207357158783353	0.36122187665973426	0.07101204318124649	0.08165371887166532	0.07877671796032967	0.09760348279884201	0.11911808600107886	0.07775502119058371	0.38245305316999767	0.09633366633322404	0.07446032000146123	0.08766564315202002	0.2649178090386256	0.24547357091468905	0.08439837055253169	0.2866084292350518	0.11264375002788325
ja	1.0	0.21500536617454938	1.0	1.0	0.1415156075264552	0.06756154232026075	1.0	0.12131539667439706	0.07791442003346247	0.08553532500068377	0.5019225838790166	0.6893239646520147	0.09455461510221976	0.15733182216230668	0.10998845504860662	1.0	1.0	0.15952468797610594	1.0	1.0	1.0	0.08324243966352056	0.10858107705120858	0.09694879081150895	0.12289099863878102	0.6064980370634372	0.09049653216144395	1.0	0.13691595296785228	0.08580276825517155	0.09854416700341581	1.0	0.4949291878859522	0.10999744131236641	0.5945999685710704	0.6829196033032395
ko	1.0	0.21233101916452476	1.0	1.0	0.1586062943484605	0.11443936912210068	1.0	0.1429000301978141	0.125693340296145	0.10832129593213084	0.5320286462024124	1.0	0.11050058153701364	0.15572511853976195	0.1261045761437734	1.0	1.0	0.18072622801732097	1.0	1.0	1.0	0.11305662368659593	0.1159662421620135	0.14874012534426106	0.1290242374355045	1.0	0.11155093844307568	1.0	0.17737481411284828	0.12478602443513298	0.12408473562466453	1.0	0.5312886433465891	0.11776084414427357	0.5945999685710704	1.0
lv	1.0	0.20010604008658217	1.0	1.0	0.14424239029410546	0.11839155540904775	0.2264413599763551	0.11084410164162577	0.11809489141851305	0.1101670382896843	0.20215626479310597	0.21274877640165163	0.11612491037531975	0.13898204406326167	0.10667851210019126	0.15952468797610594	0.18072622801732097	1.0	0.2332464094020747	0.2635845559147373	0.31567763699380713	0.11113738115532405	0.11192196752819124	0.1299123872415101	0.1200809492421091	0.18154129809403843	0.11552355248581565	0.7263875964832449	0.16156675220843483	0.11545392694287772	0.13035740586733194	0.3469049969146001	0.559367858846775	0.12503358774034037	0.22284852589001544	0.1601879218979238
mk	1.0	0.2250896111340944	1.0	1.0	0.24175107228819717	0.18942775407084955	1.0	0.1607212231675749	0.2493313778360362	0.19237426218002096	0.6967033415961641	1.0	0.19261908484779794	0.19053207568075659	0.16157014163521063	1.0	1.0	0.2332464094020747	1.0	1.0	1.0	0.1749476163502273	0.15890291932745662	0.2600874606328914	0.16956739432015444	1.0	0.16585521602319384	1.0	0.2786450643956043	0.21286446437875894	0.19468649907278357	1.0	0.7510341748895938	0.19708038444593104	1.0	1.0
ml	1.0	0.26125501257539563	1.0	1.0	0.2632545702310494	0.22330268866685513	1.0	0.21881529187438178	0.2813098242393274	0.24400048950837502	0.7002769331337119	1.0	0.2306538774541306	0.20047588351974166	0.2207357158783353	1.0	1.0	0.2635845559147373	1.0	1.0	1.0	0.2672518754444976	0.19253124564124244	0.16937378621839075	0.2227831095548667	1.0	0.23023937093877678	1.0	0.2858152594826158	0.32693664300998787	0.2638697248099559	1.0	0.7376607345031153	0.1914148188265731	1.0	1.0
mr	1.0	0.26702758412493877	1.0	1.0	1.0	0.5529390606691029	1.0	0.43291935759181893	0.5452147040710343	0.2617723054099171	1.0	1.0	0.5927463622939851	0.4370027544212413	0.36122187665973426	1.0	1.0	0.31567763699380713	1.0	1.0	1.0	0.5842884356596664	0.3562530449215558	0.6020527707922662	0.5663385877798081	1.0	0.4272041803765927	1.0	0.44779254681906283	0.6442100898340134	0.5226807899354994	1.0	1.0	0.4445427642662983	1.0	1.0
nl	1.0	0.1346352684050495	1.0	0.6143589292419388	0.10448350916000419	0.05644442401228845	0.10872972191431385	0.0712864879313409	0.06513875162048911	0.06320732251939319	0.13289856514816462	0.13989966248642816	0.07072171512972532	0.09364517695287622	0.07101204318124649	0.08324243966352056	0.11305662368659593	0.11113738115532405	0.1749476163502273	0.2672518754444976	0.5842884356596664	1.0	0.0737808441546666	0.0726676027132262	0.09637417555433356	0.09528302965868306	0.0690541262557097	0.3820730138700568	0.10904500738530057	0.06742727589050726	0.07725519669824515	0.3348295871300423	0.3525653855958478	0.07740751080343815	0.4330770028728381	0.08642126476684932
pl	0.7690990303325336	0.15556301699747693	1.0	0.5415633958410828	0.10792982714255195	0.06481338519388016	0.12352839474593941	0.08705216887805164	0.07169268836239497	0.07128099938858763	0.13326133487246458	0.11942935575336568	0.07819975005011051	0.09942886705878376	0.08165371887166532	0.10858107705120858	0.1159662421620135	0.11192196752819124	0.15890291932745662	0.19253124564124244	0.3562530449215558	0.0737808441546666	1.0	0.07922572980753916	0.09737595558317734	0.11626446725940949	0.07736030007156176	0.5201319538998862	0.10538424206622425	0.08064702577007173	0.08507078502726736	0.28807987332795004	0.3697472630812044	0.08279437861607422	0.3282231908321739	0.10865150965806958
pt	1.0	0.1566239825155409	1.0	0.30366656725366203	0.10763326511849901	0.06814969166917478	0.17266861028026825	0.0785515154555507	0.07381121929965266	0.06709229409768545	0.16518702326858198	0.15944632847130466	0.07765088972884061	0.11348396741570485	0.07877671796032967	0.09694879081150895	0.14874012534426106	0.1299123872415101	0.2600874606328914	0.16937378621839075	0.6020527707922662	0.0726676027132262	0.07922572980753916	1.0	0.08961661758111386	0.08356352729378987	0.0625905089879552	0.3015951394770835	0.1143545729799192	0.0609632875419376	0.0707228813068619	0.25451090006350574	0.340406860217579	0.08867299704016879	0.3423591973821738	0.09915761377985233
ro	1.0	0.141049691143171	0.7863954451402115	0.5103812152990806	0.10916717211794195	0.09281724319442275	0.13900122829143374	0.09894066971280266	0.0937859367691993	0.08644273461092127	0.13644583402405766	0.14059924531973123	0.09336509095619759	0.10672262511561081	0.09760348279884201	0.12289099863878102	0.1290242374355045	0.1200809492421091	0.16956739432015444	0.2227831095548667	0.5663385877798081	0.09637417555433356	0.09737595558317734	0.08961661758111386	1.0	0.12265666779846068	0.08418166317908661	0.631860633088883	0.1290378018585277	0.085169399913554	0.09046585933729939	0.28377690191399746	0.6906902938560182	0.09901318210297198	0.253250519988823	0.12491053939044623
ru	1.0	0.2112576850446845	1.0	1.0	0.12896844325060366	0.08497685509372337	1.0	0.1330431676274752	0.09632446967553306	0.08723581681291252	0.48143783589199746	0.6915622893805501	0.10630849778300183	0.16021856754685793	0.11911808600107886	0.6064980370634372	1.0	0.18154129809403843	1.0	1.0	1.0	0.09528302965868306	0.11626446725940949	0.08356352729378987	0.12265666779846068	1.0	0.0870379642204391	1.0	0.14933187103361367	0.08401585005355403	0.09251794015863916	1.0	0.377097515586346	0.11541069503469362	0.5624269993361826	0.6066006929990053
sh	0.7584325078215763	0.13856523316025007	1.0	0.5828763145002701	0.09251248395310435	0.05866575332596747	0.1309094798782636	0.07393204715840211	0.0663207907734176	0.06598194802343185	0.13142959737604626	0.14920261975507673	0.07419683758134055	0.09806218397154781	0.07775502119058371	0.09049653216144395	0.11155093844307568	0.11552355248581565	0.16585521602319384	0.23023937093877678	0.4272041803765927	0.0690541262557097	0.07736030007156176	0.0625905089879552	0.08418166317908661	0.0870379642204391	1.0	0.5118467836668475	0.1057847682825048	0.0600813360176565	0.07057935068823638	0.24906516171427384	0.4240417373106684	0.08535090303059559	0.39379676665805846	0.09528438726286247
si	1.0	0.4313159154949917	1.0	1.0	0.6167131210802118	0.5665446450931801	1.0	0.376690328253979	0.5665446450931801	0.5238149752204474	1.0	1.0	0.653200231972572	0.3078927025647771	0.38245305316999767	1.0	1.0	0.7263875964832449	1.0	1.0	1.0	0.3820730138700568	0.5201319538998862	0.3015951394770835	0.631860633088883	1.0	0.5118467836668475	1.0	0.5922033024827085	0.718925811717485	0.559152953751058	1.0	1.0	0.6549329476340925	1.0	1.0
simple	1.0	0.19469653324180156	1.0	0.7210092110599264	0.1534403701158311	0.10905891788015264	0.17673229663225834	0.10446734675889086	0.1076025215952072	0.10491353325215554	0.19193178608774852	0.19665774956076515	0.11121435599722378	0.11562886106788019	0.09633366633322404	0.13691595296785228	0.17737481411284828	0.16156675220843483	0.2786450643956043	0.2858152594826158	0.44779254681906283	0.10904500738530057	0.10538424206622425	0.1143545729799192	0.1290378018585277	0.14933187103361367	0.1057847682825048	0.5922033024827085	1.0	0.11719530684418403	0.12393845577453245	0.32472512495654776	0.520778446533592	0.10074741916868592	0.3685495072638815	0.13325797016819946
sr	1.0	0.14404960657117183	1.0	0.6193113617177751	0.1072671512204869	0.057348881199233946	0.13512451609676632	0.07037743444229205	0.0671415562844721	0.06366609361673763	0.14856185610654277	0.1544355297305884	0.06933551369406873	0.1049617450193554	0.07446032000146123	0.08580276825517155	0.12478602443513298	0.11545392694287772	0.21286446437875894	0.32693664300998787	0.6442100898340134	0.06742727589050726	0.08064702577007173	0.0609632875419376	0.085169399913554	0.08401585005355403	0.0600813360176565	0.718925811717485	0.11719530684418403	1.0	0.06914548262690988	0.2541185054206215	0.6561091431115303	0.08357246995645229	0.36968434210995876	0.08899097906964128
sv	1.0	0.1598634277145713	1.0	0.5107035564677144	0.09775290560582824	0.07842266848986519	0.1400964487942033	0.08542906876601128	0.08112434193007222	0.0749736526734659	0.14334091581620262	0.17297150991908403	0.08427318768709281	0.10610606520697824	0.08766564315202002	0.09854416700341581	0.12408473562466453	0.13035740586733194	0.19468649907278357	0.2638697248099559	0.5226807899354994	0.07725519669824515	0.08507078502726736	0.0707228813068619	0.09046585933729939	0.09251794015863916	0.07057935068823638	0.559152953751058	0.12393845577453245	0.06914548262690988	1.0	0.31165150128726915	0.5228772556859077	0.09083844148825719	0.41982740143230296	0.10705734388939432
te	1.0	0.3243547814931955	1.0	1.0	0.26984462091946687	0.3099280967501861	1.0	0.2688849867747439	0.4078664412336496	0.35228382890312443	1.0	1.0	0.323714654456021	0.262452696137277	0.2649178090386256	1.0	1.0	0.3469049969146001	1.0	1.0	1.0	0.3348295871300423	0.28807987332795004	0.25451090006350574	0.28377690191399746	1.0	0.24906516171427384	1.0	0.32472512495654776	0.2541185054206215	0.31165150128726915	1.0	0.6467936504043927	0.35802561066599725	0.7234532828151787	1.0
tr	1.0	0.38348901031773097	-1.0	1.0	0.3551283070667673	0.3092539652076905	0.7510341748895939	0.22982129722192723	0.3289138746409212	0.34579113133156303	0.7270358926025849	0.8055567530094857	0.8137822343553779	0.3903432074105023	0.24547357091468905	0.4949291878859522	0.5312886433465891	0.559367858846775	0.7510341748895938	0.7376607345031153	1.0	0.3525653855958478	0.3697472630812044	0.340406860217579	0.6906902938560182	0.377097515586346	0.4240417373106684	1.0	0.520778446533592	0.6561091431115303	0.5228772556859077	0.6467936504043927	1.0	0.42277023157503546	1.0	0.3823381565742644
vi	0.46959601155582775	0.16556050849211718	1.0	0.6845485002822447	0.11918922563593468	0.07201077070052558	0.13068915879070306	0.08921298565171291	0.07666438111835379	0.07804839790814994	0.12394455073456939	0.1371093337768396	0.08255932802741192	0.10127697965909092	0.08439837055253169	0.10999744131236641	0.11776084414427357	0.12503358774034037	0.19708038444593104	0.1914148188265731	0.4445427642662983	0.07740751080343815	0.08279437861607422	0.08867299704016879	0.09901318210297198	0.11541069503469362	0.08535090303059559	0.6549329476340925	0.10074741916868592	0.08357246995645229	0.09083844148825719	0.35802561066599725	0.42277023157503546	1.0	0.33721865905075527	0.10869985503727667
war	1.0	0.2950955868566545	1.0	1.0	0.308547934470741	0.33479637754869584	0.5954631401690068	0.3211501716689028	0.33018006304336733	0.3688422701238455	0.5950224965492915	0.5964044785943997	0.3793463806495099	0.31891529377443634	0.2866084292350518	0.5945999685710704	0.5945999685710704	0.22284852589001544	1.0	1.0	1.0	0.4330770028728381	0.3282231908321739	0.3423591973821738	0.253250519988823	0.5624269993361826	0.39379676665805846	1.0	0.3685495072638815	0.36968434210995876	0.41982740143230296	0.7234532828151787	1.0	0.33721865905075527	1.0	0.5606570053003487
zh	1.0	0.21135154024999142	1.0	1.0	0.1417853071082172	0.06886966838580794	1.0	0.12323616891130167	0.0872903806134469	0.08587587763447597	0.480230041941449	1.0	0.0958170501758824	0.15609394087777761	0.11264375002788325	0.6829196033032395	1.0	0.1601879218979238	1.0	1.0	1.0	0.08642126476684932	0.10865150965806958	0.09915761377985233	0.12491053939044623	0.6066006929990053	0.09528438726286247	1.0	0.13325797016819946	0.08899097906964128	0.10705734388939432	1.0	0.3823381565742644	0.10869985503727667	0.5606570053003487	1.0
