arz	bs	ceb	ckb	da	de	el	en	es	fr	he	hi	hu	id	it	ja	ko	lv	mk	ml	mr	nl	pl	pt	ro	ru	sh	si	simple	sr	sv	te	tr	vi	war	zh
arz	1.0	1.0	0.0	1.0	0.8216064286890065	1.0	1.0	1.0	1.0	1.0	1.0	1.0	1.0	0.953225785585603	1.0	1.0	1.0	1.0	1.0	1.0	1.0	1.0	1.0	1.0	1.0	1.0	1.0	1.0	1.0	1.0	1.0	1.0	0.8216064286890065	1.0	1.0	1.0
bs	1.0	1.0	1.0	0.5455381281950756	0.3818471397199642	0.27450136337717124	0.5706964473030336	0.36198386612735584	0.36745464915988413	0.3531893048546147	0.3757772978481123	0.7720199480579506	0.37893184824522	0.30796094779645383	0.3735663309490363	0.41327676250916867	0.35764645899159014	0.4369422235369087	0.3666092674856662	0.34899960333516344	1.0	0.2460228513065239	0.3783757319524967	0.3931844309509578	0.36856330624493183	0.41213961025016	0.562073753321212	1.0	0.4308846582143911	0.5643100801291251	0.34864837141019056	1.0	0.3609243771097921	0.4451655222871172	1.0	0.44498554043781374
ceb	0.0	1.0	1.0	0.0	1.0	1.0	0.0	1.0	1.0	1.0	1.0	1.0	1.0	1.0	1.0	1.0	1.0	1.0	1.0	1.0	0.0	1.0	1.0	1.0	0.8216064286890065	1.0	1.0	1.0	1.0	1.0	1.0	0.0	-1.0	1.0	1.0	1.0
ckb	1.0	0.5455381281950756	0.0	1.0	1.0	0.5020797777427737	1.0	1.0	1.0	1.0	1.0	1.0	1.0	1.0	1.0	1.0	1.0	1.0	1.0	1.0	1.0	0.7442101423359929	1.0	1.0	1.0	1.0	1.0	1.0	1.0	1.0	0.7863954451402115	1.0	1.0	1.0	1.0	1.0
da	0.8216064286890065	0.3818471397199642	1.0	1.0	1.0	0.23563595202431287	0.4493075654568811	0.2242795936473263	0.24517453611585763	0.2243631030517238	0.2896740811801523	0.3123861553106447	0.36215771228378485	0.26660172845367053	0.255757429657222	0.27193936384332024	0.2733981704828078	0.5557076689151619	0.42656501513602263	0.5571372272407987	0.5660160774121898	0.24349106075286353	0.3068757653178666	0.23764947677631007	0.3365524580134021	0.2690591348354395	0.3628090144618469	1.0	0.2680998388571464	0.29467434884497395	0.2676399926107294	0.44812721038580117	0.3998236754577029	0.3051787959593863	1.0	0.2926452078000715
de	1.0	0.27450136337717124	1.0	0.5020797777427737	0.23563595202431287	1.0	0.42995415895150885	0.15893324988625435	0.16271775775817757	0.16228538333171266	0.39740733051235566	0.4104466021350759	0.3781323476220024	0.226745287332352	0.17136351635449942	0.3154386903938181	0.2914924296366105	0.396086403673925	0.41558389447222416	0.3843680561034371	1.0	0.16119807468128808	0.15146242239174618	0.16641728245321433	0.2689456801629973	0.18060487441059872	0.3087200084266227	1.0	0.2480617698184339	0.21730986207378675	0.27818370988744234	0.42489828324440815	0.22417766667197114	0.36343814822395104	0.5660160774121898	0.25625665698524236
el	1.0	0.5706964473030336	0.0	1.0	0.4493075654568811	0.42995415895150885	1.0	0.6494350389409786	0.7992591943912659	0.7257120346900999	1.0	1.0	1.0	0.6530990148647726	0.3959707270059569	1.0	1.0	0.7863954451402115	1.0	1.0	1.0	0.6320068469800838	0.6869919214579513	1.0	1.0	1.0	0.7863954451402115	1.0	1.0	1.0	0.657312113971931	1.0	0.8137822343553781	1.0	1.0	1.0
en	1.0	0.36198386612735584	1.0	1.0	0.2242795936473263	0.15893324988625435	0.6494350389409786	1.0	0.17234501057256824	0.1658729630799793	0.5474739801242315	0.5669908361277162	0.41344460304858216	0.23238235375283872	0.173467505076464	0.2950938780106673	0.39914853082490587	0.4085004266958299	0.6274475463127992	0.4748674349154812	1.0	0.22684147892969997	0.17961596775687577	0.16374667412488836	0.4180671425927451	0.25291160545014674	0.32910395365542483	1.0	0.2781112482265025	0.2758303506244432	0.23230180544724258	0.5811696739954026	0.27163402924377306	0.2737710883750605	1.0	0.33245724646076763
es	1.0	0.36745464915988413	1.0	1.0	0.24517453611585763	0.16271775775817757	0.7992591943912659	0.17234501057256824	1.0	0.15646086298926495	0.39526076414599376	0.5737269548767963	0.611792882836226	0.23837224277219154	0.188095959943829	0.34571573381676307	0.40627019571391865	0.28957527454965326	0.7083400949896052	0.6070429174104848	1.0	0.17172387548238363	0.16234518298900064	0.14320688611078874	0.24288473123956938	0.258662016775986	0.366315045468676	1.0	0.31842321761703535	0.2620586337853632	0.30417551623488603	0.42086015539690247	0.25265670827841963	0.49854193281936904	1.0	0.33651620155701467
fr	1.0	0.3531893048546147	1.0	1.0	0.2243631030517238	0.16228538333171266	0.7257120346900999	0.1658729630799793	0.15646086298926495	1.0	0.5819274293967764	0.7347168825662656	0.6308488926841175	0.23612204086263167	0.16895312231796636	0.29049848645415544	0.440621027199805	0.4355769947217028	0.6841174893561722	0.572654733697134	1.0	0.19623119807350367	0.1743471290835538	0.16646955464826177	0.25170744761408126	0.20816366031820074	0.38955293508064626	1.0	0.2714220708041951	0.30360935369251435	0.23118871818438433	1.0	0.2467034079286943	0.4213641840571209	1.0	0.19722075425058747
he	1.0	0.3757772978481123	1.0	1.0	0.2896740811801523	0.39740733051235566	1.0	0.5474739801242315	0.39526076414599376	0.5819274293967764	1.0	1.0	1.0	0.5393339721552964	0.7322034805959264	1.0	1.0	0.6518636618405175	1.0	1.0	1.0	0.3254539504944525	0.32116432890911983	0.7300208629885035	0.6404770066578004	1.0	0.41607435890663497	1.0	0.5913800870748354	0.6786291688147438	0.7300208629885034	1.0	0.7455134344225701	1.0	1.0	1.0
hi	1.0	0.7720199480579506	1.0	1.0	0.3123861553106447	0.4104466021350759	1.0	0.5669908361277162	0.5737269548767963	0.7347168825662656	1.0	1.0	1.0	0.316712420186485	0.5413045151262669	1.0	1.0	0.6907635500262803	1.0	1.0	1.0	0.5192833445766515	0.6357637595949256	0.7322034805959263	0.6404770066578004	1.0	0.41473382320359276	1.0	0.5777562582233619	0.7376607345031153	0.6044414021866648	1.0	0.6994017365373273	1.0	1.0	1.0
hu	1.0	0.37893184824522	1.0	1.0	0.36215771228378485	0.3781323476220024	1.0	0.41344460304858216	0.611792882836226	0.6308488926841175	1.0	1.0	1.0	0.4922205724125999	0.5240947690045926	1.0	1.0	0.641521583802158	1.0	1.0	1.0	0.3574134055235202	0.5894129346619256	0.5293017193226109	0.7411828468492556	1.0	0.4086579398035433	1.0	0.5812908087023386	0.7300208629885035	1.0	1.0	1.0	1.0	1.0	1.0
id	0.953225785585603	0.30796094779645383	1.0	1.0	0.26660172845367053	0.226745287332352	0.6530990148647726	0.23238235375283872	0.23837224277219154	0.23612204086263167	0.5393339721552964	0.316712420186485	0.4922205724125999	1.0	0.3135541115268703	0.2965367778616994	0.3595273395157851	0.5439848770997849	0.57950931696558	0.43084333817058057	1.0	0.2743455136312449	0.25468169368755944	0.2695721520313458	0.4260777736740062	0.29469016661189545	0.34269986725036383	1.0	0.24721247343592684	0.36660554969644765	0.2349674914713306	0.7106922308883379	0.4460188310859706	0.30589100139181286	1.0	0.397905775745258
it	1.0	0.3735663309490363	1.0	1.0	0.255757429657222	0.17136351635449942	0.3959707270059569	0.173467505076464	0.188095959943829	0.16895312231796636	0.7322034805959264	0.5413045151262669	0.5240947690045926	0.3135541115268703	1.0	0.34229799648757425	0.3443989606124406	0.46036197694684244	0.5828031671350533	0.3517671483677323	1.0	0.22172745107891467	0.18882517066979665	0.16170061068022545	0.2762042865152433	0.2252153030032556	0.3640898258930644	1.0	0.33978700785630817	0.34459258443836555	0.31304751008001164	0.6333404237489202	0.28897266654221615	0.21662652170037508	1.0	0.2611613452029395
ja	1.0	0.41327676250916867	1.0	1.0	0.27193936384332024	0.3154386903938181	1.0	0.2950938780106673	0.34571573381676307	0.29049848645415544	1.0	1.0	1.0	0.2965367778616994	0.34229799648757425	1.0	1.0	0.6222075373971199	1.0	1.0	1.0	0.4686948426940822	0.3499704991558143	0.4411525543734751	0.5817520906332656	1.0	0.3902190269654867	1.0	0.40691116506667246	0.6143589292419388	0.46082923609742815	1.0	0.5839371156944209	1.0	1.0	1.0
ko	1.0	0.35764645899159014	1.0	1.0	0.2733981704828078	0.2914924296366105	1.0	0.39914853082490587	0.40627019571391865	0.440621027199805	1.0	1.0	1.0	0.3595273395157851	0.3443989606124406	1.0	1.0	0.6530901126588677	1.0	1.0	1.0	0.35194973267824087	0.416302317657233	0.7221793916855704	0.7411828468492556	1.0	0.40005868916473025	1.0	0.5620662266365106	0.7263875964832449	0.7322034805959263	1.0	0.7460286678138558	1.0	1.0	1.0
lv	1.0	0.4369422235369087	1.0	1.0	0.5557076689151619	0.396086403673925	0.7863954451402115	0.4085004266958299	0.28957527454965326	0.4355769947217028	0.6518636618405175	0.6907635500262803	0.641521583802158	0.5439848770997849	0.46036197694684244	0.6222075373971199	0.6530901126588677	1.0	0.6983438190355966	0.7686211302775307	1.0	0.3091533915708785	0.4071187068655955	0.3754952199631941	0.664848507654977	0.5013855633633183	0.3690695932838954	1.0	0.5483604196238836	0.6222075373971199	0.4736864177097012	0.6983438190355966	0.5443068017544503	0.694131526430812	0.8216064286890065	0.5900572396016813
mk	1.0	0.3666092674856662	1.0	1.0	0.42656501513602263	0.41558389447222416	1.0	0.6274475463127992	0.7083400949896052	0.6841174893561722	1.0	1.0	1.0	0.57950931696558	0.5828031671350533	1.0	1.0	0.6983438190355966	1.0	1.0	1.0	0.33179626190652545	0.6067253066550435	1.0	0.7455134344225701	1.0	0.4019163776963562	1.0	0.6248318231235794	0.7455134344225701	0.629896233114065	1.0	0.7510341748895938	1.0	1.0	1.0
ml	1.0	0.34899960333516344	1.0	1.0	0.5571372272407987	0.3843680561034371	1.0	0.4748674349154812	0.6070429174104848	0.572654733697134	1.0	1.0	1.0	0.43084333817058057	0.3517671483677323	1.0	1.0	0.7686211302775307	1.0	1.0	1.0	0.35947352543540523	0.5180616955622218	1.0	0.7510341748895937	1.0	0.72653347084664	1.0	0.6841174893561722	0.7376607345031153	0.7376607345031153	1.0	0.3409328685718686	1.0	1.0	1.0
mr	1.0	1.0	0.0	1.0	0.5660160774121898	1.0	1.0	1.0	1.0	1.0	1.0	1.0	1.0	1.0	1.0	1.0	1.0	1.0	1.0	1.0	1.0	0.5660160774121898	1.0	1.0	1.0	1.0	0.8216064286890065	1.0	1.0	1.0	1.0	1.0	1.0	1.0	1.0	1.0
nl	1.0	0.2460228513065239	1.0	0.7442101423359929	0.24349106075286353	0.16119807468128808	0.6320068469800838	0.22684147892969997	0.17172387548238363	0.19623119807350367	0.3254539504944525	0.5192833445766515	0.3574134055235202	0.2743455136312449	0.22172745107891467	0.4686948426940822	0.35194973267824087	0.3091533915708785	0.33179626190652545	0.35947352543540523	0.5660160774121898	1.0	0.19022206207080727	0.16951366125348696	0.21780067067929648	0.41477690539374457	0.3383160925121268	1.0	0.2841352584359271	0.38173519219070967	0.33303421213392664	0.341024251959773	0.28216223475652374	0.46548304500455623	0.5042139125013491	0.44504316815322476
pl	1.0	0.3783757319524967	1.0	1.0	0.3068757653178666	0.15146242239174618	0.6869919214579513	0.17961596775687577	0.16234518298900064	0.1743471290835538	0.32116432890911983	0.6357637595949256	0.5894129346619256	0.25468169368755944	0.18882517066979665	0.3499704991558143	0.416302317657233	0.4071187068655955	0.6067253066550435	0.5180616955622218	1.0	0.19022206207080727	1.0	0.1760703704797037	0.23248665791866643	0.21949433822579525	0.38784578496792393	1.0	0.28885275840704877	0.3140512190184896	0.2785766346533105	0.6841174893561723	0.2617076307192095	0.43254167584812425	1.0	0.26438573173068314
pt	1.0	0.3931844309509578	1.0	1.0	0.23764947677631007	0.16641728245321433	1.0	0.16374667412488836	0.14320688611078874	0.16646955464826177	0.7300208629885035	0.7322034805959263	0.5293017193226109	0.2695721520313458	0.16170061068022545	0.4411525543734751	0.7221793916855704	0.3754952199631941	1.0	1.0	1.0	0.16951366125348696	0.1760703704797037	1.0	0.24061972569308018	0.16209049920527838	0.360870271971327	1.0	0.20451356324806874	0.399355223535798	0.21649066938364445	1.0	0.26731117941665	0.3761939400304635	1.0	0.3528751785833427
ro	1.0	0.36856330624493183	0.8216064286890065	1.0	0.3365524580134021	0.2689456801629973	1.0	0.4180671425927451	0.24288473123956938	0.25170744761408126	0.6404770066578004	0.6404770066578004	0.7411828468492556	0.4260777736740062	0.2762042865152433	0.5817520906332656	0.7411828468492556	0.664848507654977	0.7455134344225701	0.7510341748895937	1.0	0.21780067067929648	0.23248665791866643	0.24061972569308018	1.0	0.5298162138933201	0.40911562252258304	1.0	0.5035361312245134	0.5843639190513176	0.6404770066578004	1.0	0.756840900850217	0.5710585021690863	1.0	0.5923136373715965
ru	1.0	0.41213961025016	1.0	1.0	0.2690591348354395	0.18060487441059872	1.0	0.25291160545014674	0.258662016775986	0.20816366031820074	1.0	1.0	1.0	0.29469016661189545	0.2252153030032556	1.0	1.0	0.5013855633633183	1.0	1.0	1.0	0.41477690539374457	0.21949433822579525	0.16209049920527838	0.5298162138933201	1.0	0.39329568359714384	1.0	0.2365308391726731	0.5339136007955033	0.45765258949215887	1.0	0.27633120657913646	1.0	1.0	1.0
sh	1.0	0.562073753321212	1.0	1.0	0.3628090144618469	0.3087200084266227	0.7863954451402115	0.32910395365542483	0.366315045468676	0.38955293508064626	0.41607435890663497	0.41473382320359276	0.4086579398035433	0.34269986725036383	0.3640898258930644	0.3902190269654867	0.40005868916473025	0.3690695932838954	0.4019163776963562	0.72653347084664	0.8216064286890065	0.3383160925121268	0.38784578496792393	0.360870271971327	0.40911562252258304	0.39329568359714384	1.0	1.0	0.35699473486816086	0.3831097351028151	0.40289483613607907	0.4510567751968291	0.3993991974375468	0.43090582428945273	0.8216064286890065	0.3965382183422771
si	1.0	1.0	1.0	1.0	1.0	1.0	1.0	1.0	1.0	1.0	1.0	1.0	1.0	1.0	1.0	1.0	1.0	1.0	1.0	1.0	1.0	1.0	1.0	1.0	1.0	1.0	1.0	1.0	1.0	1.0	1.0	1.0	1.0	1.0	1.0	1.0
simple	1.0	0.4308846582143911	1.0	1.0	0.2680998388571464	0.2480617698184339	1.0	0.2781112482265025	0.31842321761703535	0.2714220708041951	0.5913800870748354	0.5777562582233619	0.5812908087023386	0.24721247343592684	0.33978700785630817	0.40691116506667246	0.5620662266365106	0.5483604196238836	0.6248318231235794	0.6841174893561722	1.0	0.2841352584359271	0.28885275840704877	0.20451356324806874	0.5035361312245134	0.2365308391726731	0.35699473486816086	1.0	1.0	0.5753098698267076	0.35327121223226104	0.6248318231235794	0.41692504809805897	0.4658262165991417	1.0	0.4279000009107957
sr	1.0	0.5643100801291251	1.0	1.0	0.29467434884497395	0.21730986207378675	1.0	0.2758303506244432	0.2620586337853632	0.30360935369251435	0.6786291688147438	0.7376607345031153	0.7300208629885035	0.36660554969644765	0.34459258443836555	0.6143589292419388	0.7263875964832449	0.6222075373971199	0.7455134344225701	0.7376607345031153	1.0	0.38173519219070967	0.3140512190184896	0.399355223535798	0.5843639190513176	0.5339136007955033	0.3831097351028151	1.0	0.5753098698267076	1.0	0.6254303192325079	1.0	0.675180510187506	1.0	1.0	0.7221793916855702
sv	1.0	0.34864837141019056	1.0	0.7863954451402115	0.2676399926107294	0.27818370988744234	0.657312113971931	0.23230180544724258	0.30417551623488603	0.23118871818438433	0.7300208629885034	0.6044414021866648	1.0	0.2349674914713306	0.31304751008001164	0.46082923609742815	0.7322034805959263	0.4736864177097012	0.629896233114065	0.7376607345031153	1.0	0.33303421213392664	0.2785766346533105	0.21649066938364445	0.6404770066578004	0.45765258949215887	0.40289483613607907	1.0	0.35327121223226104	0.6254303192325079	1.0	1.0	0.4798505973928848	0.5206559339145377	1.0	0.4768196361339159
te	1.0	1.0	0.0	1.0	0.44812721038580117	0.42489828324440815	1.0	0.5811696739954026	0.42086015539690247	1.0	1.0	1.0	1.0	0.7106922308883379	0.6333404237489202	1.0	1.0	0.6983438190355966	1.0	1.0	1.0	0.341024251959773	0.6841174893561723	1.0	1.0	1.0	0.4510567751968291	1.0	0.6248318231235794	1.0	1.0	1.0	1.0	1.0	1.0	1.0
tr	0.8216064286890065	0.3609243771097921	-1.0	1.0	0.3998236754577029	0.22417766667197114	0.8137822343553781	0.27163402924377306	0.25265670827841963	0.2467034079286943	0.7455134344225701	0.6994017365373273	1.0	0.4460188310859706	0.28897266654221615	0.5839371156944209	0.7460286678138558	0.5443068017544503	0.7510341748895938	0.3409328685718686	1.0	0.28216223475652374	0.2617076307192095	0.26731117941665	0.756840900850217	0.27633120657913646	0.3993991974375468	1.0	0.41692504809805897	0.675180510187506	0.4798505973928848	1.0	1.0	0.3053712687756536	1.0	0.29653872660589425
vi	1.0	0.4451655222871172	1.0	1.0	0.3051787959593863	0.36343814822395104	1.0	0.2737710883750605	0.49854193281936904	0.4213641840571209	1.0	1.0	1.0	0.30589100139181286	0.21662652170037508	1.0	1.0	0.694131526430812	1.0	1.0	1.0	0.46548304500455623	0.43254167584812425	0.3761939400304635	0.5710585021690863	1.0	0.43090582428945273	1.0	0.4658262165991417	1.0	0.5206559339145377	1.0	0.3053712687756536	1.0	1.0	1.0
war	1.0	1.0	1.0	1.0	1.0	0.5660160774121898	1.0	1.0	1.0	1.0	1.0	1.0	1.0	1.0	1.0	1.0	1.0	0.8216064286890065	1.0	1.0	1.0	0.5042139125013491	1.0	1.0	1.0	1.0	0.8216064286890065	1.0	1.0	1.0	1.0	1.0	1.0	1.0	1.0	1.0
zh	1.0	0.44498554043781374	1.0	1.0	0.2926452078000715	0.25625665698524236	1.0	0.33245724646076763	0.33651620155701467	0.19722075425058747	1.0	1.0	1.0	0.397905775745258	0.2611613452029395	1.0	1.0	0.5900572396016813	1.0	1.0	1.0	0.44504316815322476	0.26438573173068314	0.3528751785833427	0.5923136373715965	1.0	0.3965382183422771	1.0	0.4279000009107957	0.7221793916855702	0.4768196361339159	1.0	0.29653872660589425	1.0	1.0	1.0
