arz	bs	ceb	ckb	da	de	el	en	es	fr	he	hi	hu	id	it	ja	ko	lv	mk	ml	mr	nl	pl	pt	ro	ru	sh	si	simple	sr	sv	te	vi	war	zh
arz	1.0	0.15942427352931443	1.0	0.585786437626905	0.20521309615767264	0.12729683913915313	0.15942427352931443	0.08899954760590187	0.12178632452799958	0.10287028823686484	0.13100580420257674	0.1449453396893802	0.14423856110165295	0.15737805306275918	0.09491073884700585	0.11072030009507733	0.09967755040197913	0.21712927295533244	0.18660549686337075	0.19131806299047208	0.1975496259559987	0.12910941082283192	0.13367660240019172	0.10545736973025621	0.12963441052466113	0.10290397182775128	0.12339355622164574	0.30552726787943424	0.1571856809867317	0.1447380629114087	0.11696132920126338	0.22772999919644132	0.1300256593141668	0.585786437626905	0.08436276404941874
bs	0.15942427352931443	1.0	0.3483314773547883	0.08667203114853071	0.011453103339598888	0.006936522494779951	0.01099969735040691	0.009831494314074625	0.006847258714505851	0.008470721266991065	0.008182986043501839	0.013794657858585059	0.01315858259267965	0.00887300746001698	0.011299619294596717	0.013250340870987566	0.00868523445522732	0.018980051666950437	0.0168936054162357	0.03161727304995932	0.06666666666666665	0.007163342266735107	0.007371409980735853	0.011104280305859252	0.01229008203817274	0.014951966419006021	0.010973550236111082	0.0771563802163756	0.011051152915869793	0.008576725840559483	0.012964234256818051	0.08153359840114796	0.009432480881984008	0.18464218557642828	0.016786120903374255
ceb	1.0	0.3483314773547883	1.0	0.36602540378443865	0.39564392373896007	0.2612038749637414	0.2661117137261581	0.2553967929896867	0.2612038749637414	0.2553967929896867	0.2612038749637414	0.2612038749637414	0.2612038749637415	0.2612038749637414	0.39564392373896007	0.2661117137261581	0.2612038749637414	0.5	0.2553967929896867	0.35388936786452296	0.26873548722363905	0.39564392373896007	0.2612038749637414	0.26873548722363905	0.2612038749637414	0.2612038749637414	0.39564392373896007	0.37905490691606286	0.2612038749637415	0.2612038749637414	0.39564392373896007	0.5	0.2612038749637415	0.39564392373896007	0.2612038749637415
ckb	0.585786437626905	0.08667203114853071	0.36602540378443865	1.0	0.17358241318593384	0.11688590735979955	0.07679044055601998	0.030414068538955015	0.11138220288452158	0.057080042356800705	0.0935586625963242	0.10531751697774855	0.10504659296048484	0.12221720874079238	0.036565694671442155	0.025701099886442116	0.0832545344929116	0.09978377149661054	0.07686035310064036	0.1194584024218499	0.0949608790760356	0.12027370322216947	0.10907645529498092	0.050142061085171774	0.11562659600676829	0.027190835220078775	0.06342782288214853	0.1194584024218499	0.08166175748848016	0.10171118008217982	0.031037264782829234	0.28989794855663564	0.09383852528904046	0.585786437626905	0.016249627765070218
da	0.20521309615767264	0.011453103339598888	0.39564392373896007	0.17358241318593384	1.0	0.003663759961407354	0.006152864219602042	0.0049569194665954755	0.0035469212036078695	0.004747851390181783	0.004688429594614678	0.007059127984449134	0.005587436858289119	0.0074913465504852835	0.004881091251521329	0.004635842239275956	0.004410583319247815	0.011487656240004748	0.008170511986341132	0.011147228406109011	0.020006407416166428	0.0038161846525767125	0.003939697296022738	0.004510324475129207	0.010987146379309337	0.004560931027258487	0.00614355883759801	0.03571323468864558	0.005623563324775073	0.005992088798398066	0.005031699582230653	0.09207990386431204	0.00587094734432312	0.38742588672279304	0.004851028031731936
de	0.12729683913915313	0.006936522494779951	0.2612038749637414	0.11688590735979955	0.003663759961407354	1.0	0.0034678408491373965	0.003841218573220745	0.003396217228092729	0.004117269440291455	0.003134625076888794	0.003912606036272272	0.0033633280027098567	0.0028334516894222127	0.003928737209914634	0.003556818007466916	0.0029563800904905966	0.0065448554493511574	0.005168244776625028	0.006210401780413372	0.01494985625981584	0.0028892402114919467	0.0035115022392079175	0.003719943342155115	0.003330283873584271	0.003915690432447405	0.0035414603918048123	0.019162265883056088	0.0032020049415783045	0.0031270427391354595	0.0034715078550400904	0.0469433728635278	0.0030445442917377656	0.30552726787943424	0.003302390995052393
el	0.15942427352931443	0.01099969735040691	0.2661117137261581	0.07679044055601998	0.006152864219602042	0.0034678408491373965	1.0	0.013190707642927138	0.003286629270218866	0.008476058233882509	0.005610487470352279	0.009327750648927975	0.008987583407122574	0.005438440601711463	0.012228789576146494	0.013025269007407457	0.008882621100002932	0.00994336827046377	0.010255856815992658	0.012595708855048085	0.020618764613836875	0.003778070576550463	0.003480969886510582	0.013688614028007891	0.0059898769275760644	0.015399022903899521	0.009449893162743831	0.03349733144892373	0.008513244862729074	0.005688465283971722	0.012187258888380778	0.05816041893615386	0.006720449500317557	0.18126989259043744	0.014560599248220568
en	0.08899954760590187	0.009831494314074625	0.2553967929896867	0.030414068538955015	0.0049569194665954755	0.003841218573220745	0.013190707642927138	1.0	0.003566446166037117	0.004439473554826297	0.008291426101248507	0.012981312912375491	0.010541794043314933	0.005061033967569019	0.004832777447129667	0.00661753138109615	0.009299876991676842	0.008905954070691818	0.012450148860469901	0.012495811181873945	0.014505162952724148	0.003956004231607539	0.003754551470114108	0.005468596123422163	0.006710549008545029	0.005539302250253535	0.013554472907427919	0.017530271364173518	0.012207880167076815	0.007155585678044478	0.006601044859545042	0.015960675367046033	0.010436595223877406	0.18368518446174903	0.008562034239317376
es	0.12178632452799958	0.006847258714505851	0.2612038749637414	0.11138220288452158	0.0035469212036078695	0.003396217228092729	0.003286629270218866	0.003566446166037117	1.0	0.004109041305929544	0.003070288556316154	0.0035810904575397516	0.0032843792871799166	0.0027388774451023662	0.003442267510537664	0.0035582548883088838	0.0031537905953600283	0.006203165269985324	0.00493542443617997	0.005786602249282847	0.014364252491906445	0.0028472511246811568	0.0032576620569897386	0.003743529694765844	0.003358902533171434	0.0035615098207525168	0.003232434880693604	0.017892438492419668	0.002933236070389684	0.0027067902261774237	0.003110762397083819	0.04819798890077229	0.0028795475852363135	0.34833147735478825	0.0032425884120738982
fr	0.10287028823686484	0.008470721266991065	0.2553967929896867	0.057080042356800705	0.004747851390181783	0.004117269440291455	0.008476058233882509	0.004439473554826297	0.004109041305929544	1.0	0.010451143007687319	0.008856168421926026	0.008230058013771488	0.004542518130314778	0.005508125559840059	0.0075796070225617965	0.010179681686647787	0.007738557646361712	0.008591862932228338	0.008157589551462086	0.014815734487496113	0.0038560715278998983	0.0037748780940014626	0.007790292940915807	0.005791781489733681	0.006778563376475509	0.010198978721248574	0.01819056549419679	0.009859762765943955	0.006729459215265474	0.009337120615645692	0.039544729671028	0.009066417394775145	0.22522719139308142	0.009685455499115229
he	0.13100580420257674	0.008182986043501839	0.2612038749637414	0.0935586625963242	0.004688429594614678	0.003134625076888794	0.005610487470352279	0.008291426101248507	0.003070288556316154	0.010451143007687319	1.0	0.005610083842518638	0.005246657144386192	0.004228162971750982	0.009494325012087296	0.007900058669291029	0.00750287272648381	0.00782570675254761	0.0060578386668854725	0.008215833173536528	0.01595639423081271	0.0031162688277935266	0.003231078649690584	0.009206554241016192	0.004983463910033431	0.008565019513380042	0.006199408541434534	0.02052905677244523	0.005853678220174653	0.004912559607919338	0.008385886740782871	0.049494616536686784	0.005538435153044874	0.20386840968093525	0.007511759723934148
hi	0.1449453396893802	0.013794657858585059	0.2612038749637414	0.10531751697774855	0.007059127984449134	0.003912606036272272	0.009327750648927975	0.012981312912375491	0.0035810904575397516	0.008856168421926026	0.005610083842518638	1.0	0.00965494102777797	0.005038301420149799	0.011310611842215407	0.01320697148159524	0.00822053949319403	0.013994555687250061	0.01092409220553372	0.01212190232892946	0.019181158812988493	0.004098554769167304	0.004067686745781245	0.012639445016098464	0.006940324296521669	0.013713048321102764	0.009738152364347663	0.02631996344374205	0.008164448245478047	0.005648542148414882	0.011634835989892851	0.029272978951486298	0.0067558655228736695	0.2216368750839041	0.013484890967835507
hu	0.14423856110165295	0.01315858259267965	0.2612038749637415	0.10504659296048484	0.005587436858289119	0.0033633280027098567	0.008987583407122574	0.010541794043314933	0.0032843792871799166	0.008230058013771488	0.005246657144386192	0.00965494102777797	1.0	0.005313307190889121	0.009778288094426987	0.011047464895207476	0.0070346524221610515	0.013679161628260694	0.009650875137866565	0.012075731386913955	0.021529889070619614	0.003577618597555269	0.003531067830702382	0.010691524125218217	0.00649454204710879	0.011066683714693498	0.008245208418837508	0.034097913373747006	0.007402016658270583	0.005757219465052611	0.010693217973852805	0.055933388403847165	0.006286676848011242	0.19292728076790167	0.010986481311763345
id	0.15737805306275918	0.00887300746001698	0.2612038749637414	0.12221720874079238	0.0074913465504852835	0.0028334516894222127	0.005438440601711463	0.005061033967569019	0.0027388774451023662	0.004542518130314778	0.004228162971750982	0.005038301420149799	0.005313307190889121	1.0	0.005083734521887547	0.004622598195034751	0.004584698772626984	0.009005303283806401	0.006561781016856307	0.007785411911832455	0.016167467118865932	0.0030629020848841914	0.0029118969147259796	0.005015125618865562	0.006185385325487733	0.004830510483569898	0.005206026370619095	0.021246181908238824	0.004794597726765614	0.004438786209917112	0.005058068925828465	0.05369128507521253	0.004402806145686172	0.3203772410170407	0.004705421032836318
it	0.09491073884700585	0.011299619294596717	0.39564392373896007	0.036565694671442155	0.004881091251521329	0.003928737209914634	0.012228789576146494	0.004832777447129667	0.003442267510537664	0.005508125559840059	0.009494325012087296	0.011310611842215407	0.009778288094426987	0.005083734521887547	1.0	0.007710759039780684	0.012382853601455072	0.009002480740953809	0.012454560735718101	0.01111709101621488	0.01652255785718978	0.0038461167406173614	0.0036902849052149593	0.0060393924172624566	0.0060018087186117204	0.007272732759562214	0.011287731245769235	0.021241520779933774	0.01157227746825078	0.007331856641078854	0.00915249815447231	0.016261008738590193	0.009248616870144085	0.15260705306097969	0.009626597841078412
ja	0.11072030009507733	0.013250340870987566	0.2661117137261581	0.025701099886442116	0.004635842239275956	0.003556818007466916	0.013025269007407457	0.00661753138109615	0.0035582548883088838	0.0075796070225617965	0.007900058669291029	0.01320697148159524	0.011047464895207476	0.004622598195034751	0.007710759039780684	1.0	0.010582866940588447	0.009120308927944866	0.015307812717622712	0.012218946971450607	0.015322925391558943	0.0034151412896502456	0.0032200449777041295	0.009667373956584202	0.006133580878925307	0.008516045675916201	0.013260693266457804	0.019313639105140945	0.012365728348738237	0.006447995198410485	0.010961764116883646	0.02546199134227564	0.008449606957588186	0.1109461506380269	0.011709849936027795
ko	0.09967755040197913	0.00868523445522732	0.2612038749637414	0.0832545344929116	0.004410583319247815	0.0029563800904905966	0.008882621100002932	0.009299876991676842	0.0031537905953600283	0.010179681686647787	0.00750287272648381	0.00822053949319403	0.0070346524221610515	0.004584698772626984	0.012382853601455072	0.010582866940588447	1.0	0.008520056154598428	0.008392741150676009	0.00950594983686796	0.01597467513457219	0.0030700050519797506	0.0031868097176155383	0.011911276715405272	0.005759867142619741	0.012037749720658448	0.007571765681801345	0.020044029904107107	0.007938513414236516	0.005169287044220124	0.011746867644775413	0.041678581746981094	0.007076373838288862	0.22281267964860224	0.013616826263653433
lv	0.21712927295533244	0.018980051666950437	0.5	0.09978377149661054	0.011487656240004748	0.0065448554493511574	0.00994336827046377	0.008905954070691818	0.006203165269985324	0.007738557646361712	0.00782570675254761	0.013994555687250061	0.013679161628260694	0.009005303283806401	0.009002480740953809	0.009120308927944866	0.008520056154598428	1.0	0.011060955096781719	0.024398490404734987	0.02487096317062781	0.006698847141041677	0.006459349989425454	0.008596486492215689	0.011617498047474476	0.009202696392430652	0.010453054373437244	0.05013450369542395	0.01132970111480257	0.009165668168118552	0.009341633930091483	0.09779427894544468	0.008946217432562121	0.28989794855663564	0.009645895033990761
mk	0.18660549686337075	0.0168936054162357	0.2553967929896867	0.07686035310064036	0.008170511986341132	0.005168244776625028	0.010255856815992658	0.012450148860469901	0.00493542443617997	0.008591862932228338	0.0060578386668854725	0.01092409220553372	0.009650875137866565	0.006561781016856307	0.012454560735718101	0.015307812717622712	0.008392741150676009	0.011060955096781719	1.0	0.016185589938430018	0.03271993904682581	0.005410131273531225	0.005138309976642535	0.012824127373154005	0.007349626043560324	0.015090621458359734	0.009710617334291597	0.04595419557388529	0.009115827509886747	0.00689446563354247	0.013469312465876328	0.07812398904272083	0.006734978716077522	0.17774575502392898	0.0216223758787874
ml	0.19131806299047208	0.03161727304995932	0.35388936786452296	0.1194584024218499	0.011147228406109011	0.006210401780413372	0.012595708855048085	0.012495811181873945	0.005786602249282847	0.008157589551462086	0.008215833173536528	0.01212190232892946	0.012075731386913955	0.007785411911832455	0.01111709101621488	0.012218946971450607	0.00950594983686796	0.024398490404734987	0.016185589938430018	1.0	0.02776814887450712	0.0064927382100166235	0.006723575037144452	0.010068490408941595	0.010072431062984324	0.011438252971995903	0.01251518818776562	0.04630688920561508	0.011270439733234211	0.009414647775584527	0.011658618630539313	0.06808183328935927	0.008671884771187535	0.18660549686337075	0.014430898098419727
mr	0.1975496259559987	0.06666666666666665	0.26873548722363905	0.0949608790760356	0.020006407416166428	0.01494985625981584	0.020618764613836875	0.014505162952724148	0.014364252491906445	0.014815734487496113	0.01595639423081271	0.019181158812988493	0.021529889070619614	0.016167467118865932	0.01652255785718978	0.015322925391558943	0.01597467513457219	0.02487096317062781	0.03271993904682581	0.02776814887450712	1.0	0.015089495896682483	0.015050410849650878	0.017100935101352265	0.019292480468939274	0.01675489673705864	0.02351920769773531	0.09082518377290019	0.017118740106797536	0.018351672393467505	0.015940918629228498	0.044625519322541975	0.015817980178080157	0.08615786293989429	0.01841979108872266
nl	0.12910941082283192	0.007163342266735107	0.39564392373896007	0.12027370322216947	0.0038161846525767125	0.0028892402114919467	0.003778070576550463	0.003956004231607539	0.0028472511246811568	0.0038560715278998983	0.0031162688277935266	0.004098554769167304	0.003577618597555269	0.0030629020848841914	0.0038461167406173614	0.0034151412896502456	0.0030700050519797506	0.006698847141041677	0.005410131273531225	0.0064927382100166235	0.015089495896682483	1.0	0.00271932288436214	0.0035257161680513605	0.003773049768761109	0.003421421683175093	0.003399357757597071	0.022015885461593502	0.0032553308607231814	0.0029720242115223424	0.0034471603164062657	0.04826916578796748	0.003221869118624761	0.24117152185510726	0.0034384293542096952
pl	0.13367660240019172	0.007371409980735853	0.2612038749637414	0.10907645529498092	0.003939697296022738	0.0035115022392079175	0.003480969886510582	0.003754551470114108	0.0032576620569897386	0.0037748780940014626	0.003231078649690584	0.004067686745781245	0.003531067830702382	0.0029118969147259796	0.0036902849052149593	0.0032200449777041295	0.0031868097176155383	0.006459349989425454	0.005138309976642535	0.006723575037144452	0.015050410849650878	0.00271932288436214	1.0	0.0033929255030890385	0.003715194984819483	0.003698514042915089	0.0034781288367891896	0.02113711116579741	0.0033379903696272033	0.002813847787029622	0.003570556888904426	0.04755360842542286	0.0031171896688429856	0.22966848451216434	0.003307492673004027
pt	0.10545736973025621	0.011104280305859252	0.26873548722363905	0.050142061085171774	0.004510324475129207	0.003719943342155115	0.013688614028007891	0.005468596123422163	0.003743529694765844	0.007790292940915807	0.009206554241016192	0.012639445016098464	0.010691524125218217	0.005015125618865562	0.0060393924172624566	0.009667373956584202	0.011911276715405272	0.008596486492215689	0.012824127373154005	0.010068490408941595	0.017100935101352265	0.0035257161680513605	0.0033929255030890385	1.0	0.006369209945094289	0.007483637107372162	0.013275286150489419	0.019219271438230847	0.011783141256913845	0.006560953297401201	0.009564914665015219	0.017826147861785237	0.010295539761246787	0.17025921636942778	0.00997191278415605
ro	0.12963441052466113	0.01229008203817274	0.2612038749637414	0.11562659600676829	0.010987146379309337	0.003330283873584271	0.0059898769275760644	0.006710549008545029	0.003358902533171434	0.005791781489733681	0.004983463910033431	0.006940324296521669	0.00649454204710879	0.006185385325487733	0.0060018087186117204	0.006133580878925307	0.005759867142619741	0.011617498047474476	0.007349626043560324	0.010072431062984324	0.019292480468939274	0.003773049768761109	0.003715194984819483	0.006369209945094289	1.0	0.006362079151471134	0.006748486149596042	0.034669548453133414	0.005920425314874415	0.005282741139419396	0.005764352530287827	0.07580755027349151	0.006063165870565396	0.2449655295864104	0.005952928911978784
ru	0.10290397182775128	0.014951966419006021	0.2612038749637414	0.027190835220078775	0.004560931027258487	0.003915690432447405	0.015399022903899521	0.005539302250253535	0.0035615098207525168	0.006778563376475509	0.008565019513380042	0.013713048321102764	0.011066683714693498	0.004830510483569898	0.007272732759562214	0.008516045675916201	0.012037749720658448	0.009202696392430652	0.015090621458359734	0.011438252971995903	0.01675489673705864	0.003421421683175093	0.003698514042915089	0.007483637107372162	0.006362079151471134	1.0	0.014642508511097265	0.01855308945490145	0.01083006653914819	0.007202565977003397	0.010871959410986067	0.015935841903673833	0.00955072307395241	0.10779959523886555	0.01155053304620095
sh	0.12339355622164574	0.010973550236111082	0.39564392373896007	0.06342782288214853	0.00614355883759801	0.0035414603918048123	0.009449893162743831	0.013554472907427919	0.003232434880693604	0.010198978721248574	0.006199408541434534	0.009738152364347663	0.008245208418837508	0.005206026370619095	0.011287731245769235	0.013260693266457804	0.007571765681801345	0.010453054373437244	0.009710617334291597	0.01251518818776562	0.02351920769773531	0.003399357757597071	0.0034781288367891896	0.013275286150489419	0.006748486149596042	0.014642508511097265	1.0	0.03344295607556605	0.008484796313518233	0.005370530442013879	0.01215842851565349	0.05898758411551455	0.006614113852073839	0.17253779651421453	0.01173981294333374
si	0.30552726787943424	0.0771563802163756	0.37905490691606286	0.1194584024218499	0.03571323468864558	0.019162265883056088	0.03349733144892373	0.017530271364173518	0.017892438492419668	0.01819056549419679	0.02052905677244523	0.02631996344374205	0.034097913373747006	0.021246181908238824	0.021241520779933774	0.019313639105140945	0.020044029904107107	0.05013450369542395	0.04595419557388529	0.04630688920561508	0.09082518377290019	0.022015885461593502	0.02113711116579741	0.019219271438230847	0.034669548453133414	0.01855308945490145	0.03344295607556605	1.0	0.0216763363480166	0.021696812017949443	0.019961142762243474	0.0983898535649962	0.021074116774397193	0.19803190560151412	0.022265142267297883
simple	0.1571856809867317	0.011051152915869793	0.2612038749637415	0.08166175748848016	0.005623563324775073	0.0032020049415783045	0.008513244862729074	0.012207880167076815	0.002933236070389684	0.009859762765943955	0.005853678220174653	0.008164448245478047	0.007402016658270583	0.004794597726765614	0.01157227746825078	0.012365728348738237	0.007938513414236516	0.01132970111480257	0.009115827509886747	0.011270439733234211	0.017118740106797536	0.0032553308607231814	0.0033379903696272033	0.011783141256913845	0.005920425314874415	0.01083006653914819	0.008484796313518233	0.0216763363480166	1.0	0.005631309386095208	0.01149991029132004	0.04413988412185399	0.006521554553692122	0.2449655295864104	0.01203408891354688
sr	0.1447380629114087	0.008576725840559483	0.2612038749637414	0.10171118008217982	0.005992088798398066	0.0031270427391354595	0.005688465283971722	0.007155585678044478	0.0027067902261774237	0.006729459215265474	0.004912559607919338	0.005648542148414882	0.005757219465052611	0.004438786209917112	0.007331856641078854	0.006447995198410485	0.005169287044220124	0.009165668168118552	0.00689446563354247	0.009414647775584527	0.018351672393467505	0.0029720242115223424	0.002813847787029622	0.006560953297401201	0.005282741139419396	0.007202565977003397	0.005370530442013879	0.021696812017949443	0.005631309386095208	1.0	0.006610480923118127	0.05719202518608045	0.004782146652359395	0.2791745113185196	0.006256431114813539
sv	0.11696132920126338	0.012964234256818051	0.39564392373896007	0.031037264782829234	0.005031699582230653	0.0034715078550400904	0.012187258888380778	0.006601044859545042	0.003110762397083819	0.009337120615645692	0.008385886740782871	0.011634835989892851	0.010693217973852805	0.005058068925828465	0.00915249815447231	0.010961764116883646	0.011746867644775413	0.009341633930091483	0.013469312465876328	0.011658618630539313	0.015940918629228498	0.0034471603164062657	0.003570556888904426	0.009564914665015219	0.005764352530287827	0.010871959410986067	0.01215842851565349	0.019961142762243474	0.01149991029132004	0.006610480923118127	1.0	0.028267523165734935	0.008545010897565559	0.12370591556764947	0.011574137075790462
te	0.22772999919644132	0.08153359840114796	0.5	0.28989794855663564	0.09207990386431204	0.0469433728635278	0.05816041893615386	0.015960675367046033	0.04819798890077229	0.039544729671028	0.049494616536686784	0.029272978951486298	0.055933388403847165	0.05369128507521253	0.016261008738590193	0.02546199134227564	0.041678581746981094	0.09779427894544468	0.07812398904272083	0.06808183328935927	0.044625519322541975	0.04826916578796748	0.04755360842542286	0.017826147861785237	0.07580755027349151	0.015935841903673833	0.05898758411551455	0.0983898535649962	0.04413988412185399	0.05719202518608045	0.028267523165734935	1.0	0.0488090199938307	0.28172904669025317	0.012644697461692663
vi	0.1300256593141668	0.009432480881984008	0.2612038749637415	0.09383852528904046	0.00587094734432312	0.0030445442917377656	0.006720449500317557	0.010436595223877406	0.0028795475852363135	0.009066417394775145	0.005538435153044874	0.0067558655228736695	0.006286676848011242	0.004402806145686172	0.009248616870144085	0.008449606957588186	0.007076373838288862	0.008946217432562121	0.006734978716077522	0.008671884771187535	0.015817980178080157	0.003221869118624761	0.0031171896688429856	0.010295539761246787	0.006063165870565396	0.00955072307395241	0.006614113852073839	0.021074116774397193	0.006521554553692122	0.004782146652359395	0.008545010897565559	0.0488090199938307	1.0	0.3090169943749474	0.008602619858314332
war	0.585786437626905	0.18464218557642828	0.39564392373896007	0.585786437626905	0.38742588672279304	0.30552726787943424	0.18126989259043744	0.18368518446174903	0.34833147735478825	0.22522719139308142	0.20386840968093525	0.2216368750839041	0.19292728076790167	0.3203772410170407	0.15260705306097969	0.1109461506380269	0.22281267964860224	0.28989794855663564	0.17774575502392898	0.18660549686337075	0.08615786293989429	0.24117152185510726	0.22966848451216434	0.17025921636942778	0.2449655295864104	0.10779959523886555	0.17253779651421453	0.19803190560151412	0.2449655295864104	0.2791745113185196	0.12370591556764947	0.28172904669025317	0.3090169943749474	1.0	0.05943776768248333
zh	0.08436276404941874	0.016786120903374255	0.2612038749637415	0.016249627765070218	0.004851028031731936	0.003302390995052393	0.014560599248220568	0.008562034239317376	0.0032425884120738982	0.009685455499115229	0.007511759723934148	0.013484890967835507	0.010986481311763345	0.004705421032836318	0.009626597841078412	0.011709849936027795	0.013616826263653433	0.009645895033990761	0.0216223758787874	0.014430898098419727	0.01841979108872266	0.0034384293542096952	0.003307492673004027	0.00997191278415605	0.005952928911978784	0.01155053304620095	0.01173981294333374	0.022265142267297883	0.01203408891354688	0.006256431114813539	0.011574137075790462	0.012644697461692663	0.008602619858314332	0.05943776768248333	1.0
