arz	bs	ceb	ckb	da	de	el	en	es	fr	he	hi	hu	id	it	ja	ko	lv	mk	ml	mr	nl	pl	pt	ro	ru	sh	si	simple	sr	sv	te	vi	war	zh
arz	1.0	0.0004342162396873643	0.0	0.0	0.0	8e-05	0.000687442713107241	0.0	0.0	6.133213394938055e-05	0.0003455425017277125	0.0	0.0	0.00037965072133637056	0.00012940795858945326	0.00015992323684631377	0.0003064977523498161	0.0015568240788790867	0.009615384615384616	0.0	0.012195121951219513	0.0	0.00011200716845878136	0.0	0.0001091077712010038	0.00012431626056688214	0.0	0.0	0.0	0.0003846153846153846	0.0	0.0	0.0	0.0	0.00015408320493066256
bs	0.0004342162396873643	1.0	0.0	0.0004385964912280702	0.035968124057721304	0.009094638949671772	0.02953520907819058	0.003817068779258192	0.0017851829812555787	0.007203731769244395	0.05944055944055944	0.0	0.020521411370537118	0.07826278659611993	0.0068781264211005	0.016969407265774377	0.01645291933850827	0.1595567867036011	0.00854335753951303	0.0008764241893076249	0.006887645286267757	0.0066686251468860164	0.012125599493258529	0.006162052791317944	0.017622297173634532	0.014876847290640394	0.002181500872600349	0.0	0.0012690355329949238	0.0981234456251413	0.020390070921985817	0.0	0.007728401876897599	0.0	0.014144927536231883
ceb	0.0	0.0	0.0	0.0	0.0	0.0	0.0	0.0	0.0	0.0	0.0	0.0	0.0	0.0	0.0	0.0	0.0	0.0	0.0	0.0	0.0	0.0	0.0	0.0	0.0	0.0	0.0	0.0	0.0	0.0	0.0	0.0	0.0	0.0	0.0
ckb	0.0	0.0004385964912280702	0.0	1.0	0.0	0.0	0.0	0.0	0.0	0.0	0.0	0.0	0.0	0.0	0.0	0.0	0.0	0.0005246589716684155	0.0	0.0	0.01694915254237288	0.0	0.0	0.0	0.0	0.0	0.0	0.0	0.0	0.0	0.0	0.0	0.0	0.0	0.0
da	0.0	0.035968124057721304	0.0	0.0	1.0	0.005965947177905885	0.021855486173059768	0.0027451959071624656	0.001661589587371919	0.006596719257722272	0.024857685009487665	0.0	0.014511873350923483	0.030880288750751956	0.006725326458555176	0.011313784345416763	0.011349617567234148	0.044994110718492346	0.001918649270913277	0.0007898894154818325	0.0023228803716608595	0.005622887775317562	0.009980568804098216	0.004939380332285586	0.008833831255794787	0.008989193841445921	0.00039277297721916735	0.0	0.0011476664116296864	0.023036858974358976	0.019373219373219373	0.0	0.00593089221248066	0.0	0.0098776518127736
de	8e-05	0.009094638949671772	0.0	0.0	0.005965947177905885	1.0	0.010756565110269815	0.010993388034732734	0.0026611472501478417	0.02823154896540169	0.010069101678183614	0.0	0.017758726270667484	0.0084213340462505	0.018241517694272163	0.01729294687041166	0.011964878758928165	0.007142356977802675	0.0004780114722753346	0.0	0.00039901045407389675	0.018415025194686213	0.01765741754319166	0.00897417537829968	0.027465746260851374	0.01721998908242767	0.00024017292450564405	0.0	0.0006371455877668047	0.006552554158866007	0.008431603773584906	0.0	0.0024612711741711308	0.0	0.014784658238697236
el	0.000687442713107241	0.02953520907819058	0.0	0.0	0.021855486173059768	0.010756565110269815	1.0	0.005541747833680393	0.0031405874745981895	0.014308850147661237	0.0335243553008596	0.0	0.021714681200795918	0.029917061611374408	0.011663597298956415	0.02124987926204965	0.017523617220739886	0.033234126984126984	0.0020385050962627408	0.0002300966405890474	0.0011371389583807142	0.009896036026018792	0.017589676626469007	0.008844751338350531	0.023499737781884474	0.017278262300477208	0.00022941041523285156	0.0	0.00022578460149017836	0.0235172311788197	0.013217352010845007	0.0	0.004924375659514597	0.0	0.01464238783555472
en	0.0	0.003817068779258192	0.0	0.0	0.0027451959071624656	0.010993388034732734	0.005541747833680393	1.0	0.001426158753987615	0.023931929400120965	0.004091566435046383	0.0	0.008233464458878419	0.0036292474648639034	0.01428889273441942	0.007088158977279919	0.007091188699663952	0.0031734451942367317	0.00011684973124561814	0.0	3.898027598035394e-05	0.016505437085157462	0.009420989496474443	0.006552463785149708	0.015931832650462774	0.009095275259650598	7.809144508219124e-05	0.0	7.78785872824267e-05	0.003276236601260639	0.00579073482428115	0.0	0.002229902999219534	0.0	0.00801685110663984
es	0.0	0.0017851829812555787	0.0	0.0	0.001661589587371919	0.0026611472501478417	0.0031405874745981895	0.001426158753987615	1.0	0.0023464292160519824	0.0025329280648429585	0.0	0.0025785278949835913	0.0010828370330265296	0.002062355938371952	0.003015764222069911	0.0016611295681063123	0.002008704385671242	0.0	0.0	0.0	0.001999515269025691	0.002407704654895666	0.002056132414927521	0.0022048080754416255	0.002421307506053269	0.0	0.0	0.0008525149190110827	0.002188183807439825	0.0015778401122019635	0.0	0.0016299918500407497	0.0	0.0021225789334040858
fr	6.133213394938055e-05	0.007203731769244395	0.0	0.0	0.006596719257722272	0.02823154896540169	0.014308850147661237	0.023931929400120965	0.0023464292160519824	1.0	0.012182006609178545	2.0452825557850817e-05	0.026780834396064858	0.0085376360930524	0.03162587805112743	0.021571934246372246	0.018349738728885647	0.007716722872445943	0.0003472434993974304	2.0451570680628273e-05	0.00018388737919620784	0.03449599017689268	0.024042805761768926	0.016496229181016973	0.06417338509007664	0.02437005039596832	6.134091234383625e-05	0.0	0.000245057997059304	0.007102745220811239	0.009640054331421672	0.0	0.002373117957922026	0.0	0.015183745323846549
he	0.0003455425017277125	0.05944055944055944	0.0	0.0	0.024857685009487665	0.010069101678183614	0.0335243553008596	0.004091566435046383	0.0025329280648429585	0.012182006609178545	1.0	0.0	0.018120937561552097	0.047582648576342444	0.009152056456059102	0.019377240143369175	0.021252525252525252	0.08371143375680581	0.002717391304347826	0.0	0.0023947998631542937	0.007981030593950611	0.015697774711057443	0.008571678474591097	0.020744529695936344	0.019277559423544824	0.0	0.0	0.0013540961408259986	0.05153445280833816	0.018337408312958436	0.0	0.004499171205304286	0.0	0.013677811550151976
hi	0.0	0.0	0.0	0.0	0.0	0.0	0.0	0.0	0.0	2.0452825557850817e-05	0.0	1.0	0.0	0.0	6.479621590099139e-05	0.0	0.0	0.0	0.0	0.0	0.0	0.0	0.0	0.0	2.7291831554815644e-05	0.0	0.0	0.0	0.0	0.0	0.0	0.0	0.0	0.0	0.0
hu	0.0	0.020521411370537118	0.0	0.0	0.014511873350923483	0.017758726270667484	0.021714681200795918	0.008233464458878419	0.0025785278949835913	0.026780834396064858	0.018120937561552097	0.0	1.0	0.02408291840260136	0.018456748943740272	0.021325777346953994	0.015676567656765675	0.024147727272727272	0.0010610079575596816	0.0	0.0011972861513901822	0.01756376860186212	0.02210013734548633	0.01211246391364378	0.03673757198260665	0.020895128864280535	0.0	0.0	0.00026483050847457627	0.019591919602070854	0.013918001173807327	0.0	0.005804028678729942	0.0	0.014414676761793827
id	0.00037965072133637056	0.07826278659611993	0.0	0.0	0.030880288750751956	0.0084213340462505	0.029917061611374408	0.0036292474648639034	0.0010828370330265296	0.0085376360930524	0.047582648576342444	0.0	0.02408291840260136	1.0	0.005572893446277307	0.02279037482646923	0.020108785231580682	0.09689169499757164	0.003354453969437197	0.00038255547054322876	0.0037593984962406013	0.00651655320882062	0.011506368028107158	0.0065190212537953205	0.01618039195381469	0.016055045871559634	0.00038066235249333843	0.0	0.001856665428889714	0.054257264783580575	0.015291806958473625	0.0	0.008356545961002786	0.0	0.014075067024128687
it	0.00012940795858945326	0.0068781264211005	0.0	0.0	0.006725326458555176	0.018241517694272163	0.011663597298956415	0.01428889273441942	0.002062355938371952	0.03162587805112743	0.009152056456059102	6.479621590099139e-05	0.018456748943740272	0.005572893446277307	1.0	0.015088327632257158	0.011885640860905879	0.007203020621550973	0.00038689708537529015	0.0	0.00025826446280991736	0.018667697793817533	0.017049728374425407	0.010442878711625567	0.025765275972107315	0.018720410024757852	0.0	0.0	0.00045123444852704185	0.006201463768925638	0.008293957977279581	0.0	0.0030442308840207726	0.0	0.011968023658795804
ja	0.00015992323684631377	0.016969407265774377	0.0	0.0	0.011313784345416763	0.01729294687041166	0.02124987926204965	0.007088158977279919	0.003015764222069911	0.021571934246372246	0.019377240143369175	0.0	0.021325777346953994	0.02279037482646923	0.015088327632257158	1.0	0.017426699739235513	0.017890654322532215	0.0001584786053882726	0.0	0.0003181167488468268	0.012370860927152318	0.017273827127302056	0.010930816756059475	0.024519058429919943	0.020479770855710705	0.0001601024655779699	0.0	0.0006336131791541264	0.012298850574712644	0.011459983229292835	0.0	0.004758757435558493	0.0	0.01632914432081966
ko	0.0003064977523498161	0.01645291933850827	0.0	0.0	0.011349617567234148	0.011964878758928165	0.017523617220739886	0.007091188699663952	0.0016611295681063123	0.018349738728885647	0.021252525252525252	0.0	0.015676567656765675	0.020108785231580682	0.011885640860905879	0.017426699739235513	1.0	0.01752092050209205	0.0008130081300813008	0.0	0.00010178117048346055	0.009623754715156205	0.013240720642500543	0.0096986301369863	0.020292404089260196	0.015238856229667256	0.00020445716622367614	0.0	0.00030453761039488374	0.014380803681485742	0.008831569355856172	0.0	0.0032426589803638984	0.0	0.013927924551870589
lv	0.0015568240788790867	0.1595567867036011	0.0	0.0005246589716684155	0.044994110718492346	0.007142356977802675	0.033234126984126984	0.0031734451942367317	0.002008704385671242	0.007716722872445943	0.08371143375680581	0.0	0.024147727272727272	0.09689169499757164	0.007203020621550973	0.017890654322532215	0.01752092050209205	1.0	0.013775510204081633	0.0010482180293501049	0.011322696860524962	0.00584639126305793	0.011792232101076276	0.007052992756385818	0.018657012235406042	0.014097456328532026	0.0015625	0.0	0.0025150905432595573	0.1366632860040568	0.023182957393483708	0.0	0.009239297813366184	0.0	0.011720637989366844
mk	0.009615384615384616	0.00854335753951303	0.0	0.0	0.001918649270913277	0.0004780114722753346	0.0020385050962627408	0.00011684973124561814	0.0	0.0003472434993974304	0.002717391304347826	0.0	0.0010610079575596816	0.003354453969437197	0.00038689708537529015	0.0001584786053882726	0.0008130081300813008	0.013775510204081633	1.0	0.011904761904761904	0.014492753623188406	0.00028073239963816713	0.00033396415451408216	0.0006868918145392101	0.0005721914934197979	0.0013595352861203807	0.0	0.0	0.0	0.00415564790328674	0.0010633772862611655	0.0	0.0006891798759476223	0.0	0.0007641754546843956
ml	0.0	0.0008764241893076249	0.0	0.0	0.0007898894154818325	0.0	0.0002300966405890474	0.0	0.0	2.0451570680628273e-05	0.0	0.0	0.0	0.00038255547054322876	0.0	0.0	0.0	0.0010482180293501049	0.011904761904761904	1.0	0.06779661016949153	0.0	0.0	0.0	5.4580683895969216e-05	0.0	0.0	0.0	0.0	0.0003875968992248062	0.0	0.0	0.000727802037845706	0.0	0.0001545595054095827
mr	0.012195121951219513	0.006887645286267757	0.0	0.01694915254237288	0.0023228803716608595	0.00039901045407389675	0.0011371389583807142	3.898027598035394e-05	0.0	0.00018388737919620784	0.0023947998631542937	0.0	0.0011972861513901822	0.0037593984962406013	0.00025826446280991736	0.0003181167488468268	0.00010178117048346055	0.011322696860524962	0.014492753623188406	0.06779661016949153	1.0	0.00018726591760299626	0.0002231644722160232	0.00022943673282092462	0.0005725346928760326	0.0003714250340472948	0.0	0.0	0.0	0.005339435545385202	0.0	0.0	0.002102312543798178	0.0	0.000459911083857121
nl	0.0	0.0066686251468860164	0.0	0.0	0.005622887775317562	0.018415025194686213	0.009896036026018792	0.016505437085157462	0.001999515269025691	0.03449599017689268	0.007981030593950611	0.0	0.01756376860186212	0.00651655320882062	0.018667697793817533	0.012370860927152318	0.009623754715156205	0.00584639126305793	0.00028073239963816713	0.0	0.00018726591760299626	1.0	0.016026039207891273	0.014425116673737802	0.031348621922996	0.01483905334449433	0.0	0.0	0.00018710240738430833	0.00602497307681113	0.01048767697954903	0.0	0.0032481203007518797	0.0	0.011840858856962426
pl	0.00011200716845878136	0.012125599493258529	0.0	0.0	0.009980568804098216	0.01765741754319166	0.017589676626469007	0.009420989496474443	0.002407704654895666	0.024042805761768926	0.015697774711057443	0.0	0.02210013734548633	0.011506368028107158	0.017049728374425407	0.017273827127302056	0.013240720642500543	0.011792232101076276	0.00033396415451408216	0.0	0.0002231644722160232	0.016026039207891273	1.0	0.008960882302257453	0.023712660987615472	0.018963337547408345	0.0	0.0	0.00011122233344455567	0.014042214960699462	0.00955010072371857	0.0	0.0028300966136430173	0.0	0.012581516369145642
pt	0.0	0.006162052791317944	0.0	0.0	0.004939380332285586	0.00897417537829968	0.008844751338350531	0.006552463785149708	0.002056132414927521	0.016496229181016973	0.008571678474591097	0.0	0.01211246391364378	0.0065190212537953205	0.010442878711625567	0.010930816756059475	0.0096986301369863	0.007052992756385818	0.0006868918145392101	0.0	0.00022943673282092462	0.014425116673737802	0.008960882302257453	1.0	0.018938797543804405	0.010418559573565933	0.0	0.0	0.00022870211549456832	0.005008496556658617	0.0065151515151515155	0.0	0.002097902097902098	0.0	0.008197813916288989
ro	0.0001091077712010038	0.017622297173634532	0.0	0.0	0.008833831255794787	0.027465746260851374	0.023499737781884474	0.015931832650462774	0.0022048080754416255	0.06417338509007664	0.020744529695936344	2.7291831554815644e-05	0.03673757198260665	0.01618039195381469	0.025765275972107315	0.024519058429919943	0.020292404089260196	0.018657012235406042	0.0005721914934197979	5.4580683895969216e-05	0.0005725346928760326	0.031348621922996	0.023712660987615472	0.018938797543804405	1.0	0.027444845752145206	2.7279919251439015e-05	0.0	0.000490329610460365	0.013358827937262603	0.011223014531108334	0.0	0.003590664272890485	0.0	0.02033184217377926
ru	0.00012431626056688214	0.014876847290640394	0.0	0.0	0.008989193841445921	0.01721998908242767	0.017278262300477208	0.009095275259650598	0.002421307506053269	0.02437005039596832	0.019277559423544824	0.0	0.020895128864280535	0.016055045871559634	0.018720410024757852	0.020479770855710705	0.015238856229667256	0.014097456328532026	0.0013595352861203807	0.0	0.0003714250340472948	0.01483905334449433	0.018963337547408345	0.010418559573565933	0.027444845752145206	1.0	0.0	0.0	0.0007405578869414959	0.01116305696021372	0.010224458822589664	0.0	0.003418803418803419	0.0	0.017701601573475695
sh	0.0	0.002181500872600349	0.0	0.0	0.00039277297721916735	0.00024017292450564405	0.00022941041523285156	7.809144508219124e-05	0.0	6.134091234383625e-05	0.0	0.0	0.0	0.00038066235249333843	0.0	0.0001601024655779699	0.00020445716622367614	0.0015625	0.0	0.0	0.0	0.0	0.0	0.0	2.7279919251439015e-05	0.0	1.0	0.0	0.0	0.0019312475859405175	0.0	0.0	0.0	0.0	0.0
si	0.0	0.0	0.0	0.0	0.0	0.0	0.0	0.0	0.0	0.0	0.0	0.0	0.0	0.0	0.0	0.0	0.0	0.0	0.0	0.0	0.0	0.0	0.0	0.0	0.0	0.0	0.0	0.0	0.0	0.0	0.0	0.0	0.0	0.0	0.0
simple	0.0	0.0012690355329949238	0.0	0.0	0.0011476664116296864	0.0006371455877668047	0.00022578460149017836	7.78785872824267e-05	0.0008525149190110827	0.000245057997059304	0.0013540961408259986	0.0	0.00026483050847457627	0.001856665428889714	0.00045123444852704185	0.0006336131791541264	0.00030453761039488374	0.0025150905432595573	0.0	0.0	0.0	0.00018710240738430833	0.00011122233344455567	0.00022870211549456832	0.000490329610460365	0.0007405578869414959	0.0	0.0	1.0	0.0015037593984962407	0.0006369426751592356	0.0	0.0013736263736263737	0.0	0.0006106870229007634
sr	0.0003846153846153846	0.0981234456251413	0.0	0.0	0.023036858974358976	0.006552554158866007	0.0235172311788197	0.003276236601260639	0.002188183807439825	0.007102745220811239	0.05153445280833816	0.0	0.019591919602070854	0.054257264783580575	0.006201463768925638	0.012298850574712644	0.014380803681485742	0.1366632860040568	0.00415564790328674	0.0003875968992248062	0.005339435545385202	0.00602497307681113	0.014042214960699462	0.005008496556658617	0.013358827937262603	0.01116305696021372	0.0019312475859405175	0.0	0.0015037593984962407	1.0	0.014507042253521127	0.0	0.0050916496945010185	0.0	0.010841622890354308
sv	0.0	0.020390070921985817	0.0	0.0	0.019373219373219373	0.008431603773584906	0.013217352010845007	0.00579073482428115	0.0015778401122019635	0.009640054331421672	0.018337408312958436	0.0	0.013918001173807327	0.015291806958473625	0.008293957977279581	0.011459983229292835	0.008831569355856172	0.023182957393483708	0.0010633772862611655	0.0	0.0	0.01048767697954903	0.00955010072371857	0.0065151515151515155	0.011223014531108334	0.010224458822589664	0.0	0.0	0.0006369426751592356	0.014507042253521127	1.0	0.0	0.008577194752774974	0.0	0.010107448552176289
te	0.0	0.0	0.0	0.0	0.0	0.0	0.0	0.0	0.0	0.0	0.0	0.0	0.0	0.0	0.0	0.0	0.0	0.0	0.0	0.0	0.0	0.0	0.0	0.0	0.0	0.0	0.0	0.0	0.0	0.0	0.0	0.0	0.0	0.0	0.0
vi	0.0	0.007728401876897599	0.0	0.0	0.00593089221248066	0.0024612711741711308	0.004924375659514597	0.002229902999219534	0.0016299918500407497	0.002373117957922026	0.004499171205304286	0.0	0.005804028678729942	0.008356545961002786	0.0030442308840207726	0.004758757435558493	0.0032426589803638984	0.009239297813366184	0.0006891798759476223	0.000727802037845706	0.002102312543798178	0.0032481203007518797	0.0028300966136430173	0.002097902097902098	0.003590664272890485	0.003418803418803419	0.0	0.0	0.0013736263736263737	0.0050916496945010185	0.008577194752774974	0.0	1.0	0.0	0.003199795213106361
war	0.0	0.0	0.0	0.0	0.0	0.0	0.0	0.0	0.0	0.0	0.0	0.0	0.0	0.0	0.0	0.0	0.0	0.0	0.0	0.0	0.0	0.0	0.0	0.0	0.0	0.0	0.0	0.0	0.0	0.0	0.0	0.0	0.0	0.0	0.0
zh	0.00015408320493066256	0.014144927536231883	0.0	0.0	0.0098776518127736	0.014784658238697236	0.01464238783555472	0.00801685110663984	0.0021225789334040858	0.015183745323846549	0.013677811550151976	0.0	0.014414676761793827	0.014075067024128687	0.011968023658795804	0.01632914432081966	0.013927924551870589	0.011720637989366844	0.0007641754546843956	0.0001545595054095827	0.000459911083857121	0.011840858856962426	0.012581516369145642	0.008197813916288989	0.02033184217377926	0.017701601573475695	0.0	0.0	0.0006106870229007634	0.010841622890354308	0.010107448552176289	0.0	0.003199795213106361	0.0	1.0
