arz	bs	ceb	ckb	da	de	el	en	es	fr	he	hi	hu	id	it	ja	ko	lv	mk	ml	mr	nl	pl	pt	ro	ru	sh	si	simple	sr	sv	te	vi	war	zh
arz	0.043478260869565216	0.1111111111111111	0.0	0.2	0.0625	0.05	0.07142857142857142	0.045454545454545456	0.05	0.05	0.05263157894736842	0.08333333333333333	0.0625	0.045454545454545456	0.047619047619047616	0.05555555555555555	0.058823529411764705	0.07142857142857142	0.07692307692307693	0.08333333333333333	0.125	0.058823529411764705	0.05555555555555555	0.045454545454545456	0.05555555555555555	0.047619047619047616	0.058823529411764705	0.3333333333333333	0.07692307692307693	0.05555555555555555	0.058823529411764705	0.5	0.07142857142857142	0.2	0.05
bs	0.1111111111111111	0.020423585600175768	0.0	0.125	0.027777777777777776	0.022222222222222223	0.024390243902439025	0.02083376736111111	0.02127659574468085	0.021739130434782608	0.023255813953488372	0.047619047619047616	0.029411764705882353	0.020833333333333332	0.02127704843820733	0.024390243902439025	0.023255813953488372	0.037037037037037035	0.029411764705882353	0.06666666666666667	0.0625	0.023255813953488372	0.023809523809523808	0.021739130434782608	0.023809523809523808	0.02127659574468085	0.02083376736111111	0.14285714285714285	0.03571428571428571	0.02127659574468085	0.025	0.5	0.02631578947368421	0.09090909090909091	0.022222222222222223
ceb	0.0	0.0	0.5	0.0	1.0	0.5	0.5	0.5	0.5	0.5	0.5	1.0	0.5	0.5	0.5	0.5	0.5	1.0	1.0	0.0	0.5	0.5	0.5	0.5	0.5	0.5	0.5	0.0	0.5	1.0	0.5	0.0	0.5	0.0	0.5
ckb	0.2	0.125	0.0	0.1	0.1111111111111111	0.1	0.1	0.1	0.1	0.1	0.1111111111111111	0.1111111111111111	0.1111111111111111	0.1	0.1	0.1111111111111111	0.1	0.125	0.125	0.125	0.14285714285714285	0.1111111111111111	0.1111111111111111	0.1	0.125	0.1	0.1	0.3333333333333333	0.1111111111111111	0.1	0.1	0.5	0.1111111111111111	0.16666666666666666	0.1111111111111111
da	0.0625	0.027777777777777776	1.0	0.1111111111111111	0.006390755637622853	0.007575872359963269	0.012658227848101266	0.006451821019771072	0.006944444444444444	0.006756893718042366	0.00909090909090909	0.024390243902439025	0.012345679012345678	0.007874077748155496	0.007143214285714286	0.008130081300813009	0.008130081300813009	0.017241379310344827	0.02127659574468085	0.02702702702702703	0.03125	0.008264804316645037	0.008130081300813009	0.007462909333927377	0.010416666666666666	0.006622516556291391	0.00925934499314129	0.07692307692307693	0.014705882352941176	0.008064516129032258	0.007692366863905326	0.14285714285714285	0.01020408163265306	0.0625	0.007633587786259542
de	0.05	0.022222222222222223	0.5	0.1	0.007575872359963269	0.0020391516745200794	0.007633587786259542	0.002403869267751479	0.0030395229164549478	0.0029940299042633296	0.0053475935828877	0.01639344262295082	0.007352941176470588	0.004	0.003058150735534794	0.004347826086956522	0.004878048780487805	0.013889081790123457	0.01282051282051282	0.018867924528301886	0.02127659574468085	0.004115277142711985	0.0034602076124567475	0.0035842550840816537	0.007462686567164179	0.0026666666666666666	0.00546448087431694	0.07692307692307693	0.012345679012345678	0.004329004329004329	0.004717003381986472	0.07142857142857142	0.006993006993006993	0.06666666666666667	0.0047169811320754715
el	0.07142857142857142	0.024390243902439025	0.5	0.1	0.012658227848101266	0.007633587786259542	0.0058823529411764705	0.006097560975609756	0.006369426751592357	0.006711409395973154	0.008620689655172414	0.02631578947368421	0.012658227848101266	0.007518796992481203	0.006535947712418301	0.008695652173913044	0.008771929824561403	0.01818181818181818	0.013513513513513514	0.03225806451612903	0.03333333333333333	0.008	0.0078125	0.007246376811594203	0.010638297872340425	0.006097560975609756	0.007936507936507936	0.08333333333333333	0.017241379310344827	0.007246376811594203	0.00909090909090909	0.16666666666666666	0.011111111111111112	0.07692307692307693	0.008849557522123894
en	0.045454545454545456	0.02083376736111111	0.5	0.1	0.006451821019771072	0.002403869267751479	0.006097560975609756	0.0013798452633061787	0.0020619151875863532	0.001980311741986079	0.004629629629629629	0.013333333333333334	0.006097560975609756	0.002747320673831662	0.0021416669754091224	0.0033444816053511705	0.0035842293906810036	0.01282051282051282	0.009433962264150943	0.017241379310344827	0.018867924528301886	0.0033336000222222223	0.002840973657024793	0.0024450595106437667	0.006024132675279431	0.0017699115044247787	0.004219480496359201	0.058823529411764705	0.010869565217391304	0.003257328990228013	0.0038023681128829387	0.0625	0.005154639175257732	0.0625	0.003484320557491289
es	0.05	0.02127659574468085	0.5	0.1	0.006944444444444444	0.0030395229164549478	0.006369426751592357	0.0020619151875863532	0.0019368696103343583	0.002512575440014141	0.004901960784313725	0.015625	0.0070921985815602835	0.003174623330813807	0.002597470062405127	0.003952569169960474	0.004081632653061225	0.0136986301369863	0.010526315789473684	0.0196078431372549	0.021739130434782608	0.0037879074839302115	0.0035971223021582736	0.0027624385702512133	0.006578947368421052	0.002288329519450801	0.004830941212163644	0.07142857142857142	0.011235955056179775	0.003676470588235294	0.004291845493562232	0.07692307692307693	0.005988023952095809	0.0625	0.00398406374501992
fr	0.05	0.021739130434782608	0.5	0.1	0.006756893718042366	0.0029940299042633296	0.006711409395973154	0.001980311741986079	0.002512575440014141	0.0019063340270215094	0.005	0.016666666666666666	0.006756756756756757	0.0033223032858356975	0.0025446134322656667	0.0038910505836575876	0.0040650406504065045	0.0136986301369863	0.010526315789473684	0.019230769230769232	0.021739130434782608	0.003906356811523438	0.003424669262525802	0.0029154688947632366	0.006666666666666667	0.0022675736961451248	0.004902008842752788	0.0625	0.0112360813028658	0.003703703703703704	0.0040650406504065045	0.06666666666666667	0.005681818181818182	0.0625	0.003937007874015748
he	0.05263157894736842	0.023255813953488372	0.5	0.1111111111111111	0.00909090909090909	0.0053475935828877	0.008620689655172414	0.004629629629629629	0.004901960784313725	0.005	0.004464285714285714	0.021739130434782608	0.009615384615384616	0.00558659217877095	0.005154639175257732	0.006172839506172839	0.006097560975609756	0.015151515151515152	0.014492753623188406	0.025	0.029411764705882353	0.005988023952095809	0.005952380952380952	0.005025125628140704	0.008264462809917356	0.004629629629629629	0.0072992700729927005	0.07692307692307693	0.014084507042253521	0.006097560975609756	0.0064516129032258064	0.125	0.008547008547008548	0.06666666666666667	0.005988023952095809
hi	0.08333333333333333	0.047619047619047616	1.0	0.1111111111111111	0.024390243902439025	0.01639344262295082	0.02631578947368421	0.013333333333333334	0.015625	0.016666666666666666	0.021739130434782608	0.013333333333333334	0.02702702702702703	0.015151515151515152	0.015151515151515152	0.01639344262295082	0.01639344262295082	0.03125	0.041666666666666664	0.027777777777777776	0.02857142857142857	0.017543859649122806	0.01818181818181818	0.015151515151515152	0.023809523809523808	0.013513513513513514	0.02127659574468085	0.1111111111111111	0.022222222222222223	0.019230769230769232	0.01694915254237288	0.06666666666666667	0.021739130434782608	0.1	0.01639344262295082
hu	0.0625	0.029411764705882353	0.5	0.1111111111111111	0.012345679012345678	0.007352941176470588	0.012658227848101266	0.006097560975609756	0.0070921985815602835	0.006756756756756757	0.009615384615384616	0.02702702702702703	0.006024205254753955	0.007633587786259542	0.006944444444444444	0.008771929824561403	0.00847457627118644	0.01818181818181818	0.02	0.03571428571428571	0.029411764705882353	0.008333333333333333	0.0078125	0.007751937984496124	0.011363636363636364	0.006329113924050633	0.009900990099009901	0.09090909090909091	0.017543859649122806	0.008130081300813009	0.009009009009009009	0.16666666666666666	0.011235955056179775	0.08333333333333333	0.008403361344537815
id	0.045454545454545456	0.020833333333333332	0.5	0.1	0.007874077748155496	0.004	0.007518796992481203	0.002747320673831662	0.003174623330813807	0.0033223032858356975	0.00558659217877095	0.015151515151515152	0.007633587786259542	0.002729615701736272	0.003367082723985081	0.004784688995215311	0.004739336492890996	0.014492753623188406	0.011764705882352941	0.02040816326530612	0.025	0.004694835680751174	0.004366812227074236	0.0034483115338882282	0.007246376811594203	0.003048780487804878	0.005649749433432283	0.07142857142857142	0.012195121951219513	0.004464285714285714	0.005025125628140704	0.09090909090909091	0.006578947368421052	0.0625	0.004484304932735426
it	0.047619047619047616	0.02127704843820733	0.5	0.1	0.007143214285714286	0.003058150735534794	0.006535947712418301	0.0021416669754091224	0.002597470062405127	0.0025446134322656667	0.005154639175257732	0.015151515151515152	0.006944444444444444	0.003367082723985081	0.001980597808204234	0.003787878787878788	0.004016064257028112	0.013888888888888888	0.01020408163265306	0.017857142857142856	0.02127659574468085	0.0038170415913991026	0.003413004228354436	0.002985163742481621	0.00662256041401693	0.002325581395348837	0.004694857722233243	0.08333333333333333	0.011494384991412341	0.0036496350364963502	0.004424935390398621	0.07692307692307693	0.00625	0.07142857142857142	0.0040650406504065045
ja	0.05555555555555555	0.024390243902439025	0.5	0.1111111111111111	0.008130081300813009	0.004347826086956522	0.008695652173913044	0.0033444816053511705	0.003952569169960474	0.0038910505836575876	0.006172839506172839	0.01639344262295082	0.008771929824561403	0.004784688995215311	0.003787878787878788	0.0032679738562091504	0.004975124378109453	0.015384615384615385	0.01694915254237288	0.02	0.022727272727272728	0.004830917874396135	0.004807692307692308	0.004310344827586207	0.007936507936507936	0.0035587188612099642	0.006369426751592357	0.07692307692307693	0.012195121951219513	0.005376344086021506	0.0056179775280898875	0.06666666666666667	0.006896551724137931	0.06666666666666667	0.004901960784313725
ko	0.058823529411764705	0.023255813953488372	0.5	0.1	0.008130081300813009	0.004878048780487805	0.008771929824561403	0.0035842293906810036	0.004081632653061225	0.0040650406504065045	0.006097560975609756	0.01639344262295082	0.00847457627118644	0.004739336492890996	0.004016064257028112	0.004975124378109453	0.0034129692832764505	0.015625	0.013333333333333334	0.02040816326530612	0.02631578947368421	0.005434782608695652	0.0049504950495049506	0.004405286343612335	0.007575757575757576	0.0037735849056603774	0.006535947712418301	0.07142857142857142	0.011764705882352941	0.005405405405405406	0.0055248618784530384	0.07692307692307693	0.006993006993006993	0.0625	0.004901960784313725
lv	0.07142857142857142	0.037037037037037035	1.0	0.125	0.017241379310344827	0.013889081790123457	0.01818181818181818	0.01282051282051282	0.0136986301369863	0.0136986301369863	0.015151515151515152	0.03125	0.01818181818181818	0.014492753623188406	0.013888888888888888	0.015384615384615385	0.015625	0.012195865556216537	0.02564102564102564	0.045454545454545456	0.05263157894736842	0.014492753623188406	0.014285714285714285	0.0136986301369863	0.016129032258064516	0.012345679012345678	0.016129032258064516	0.09090909090909091	0.023809523809523808	0.015625	0.015873015873015872	0.3333333333333333	0.017241379310344827	0.07142857142857142	0.014492753623188406
mk	0.07692307692307693	0.029411764705882353	1.0	0.125	0.02127659574468085	0.01282051282051282	0.013513513513513514	0.009433962264150943	0.010526315789473684	0.010526315789473684	0.014492753623188406	0.041666666666666664	0.02	0.011764705882352941	0.01020408163265306	0.01694915254237288	0.013333333333333334	0.02564102564102564	0.009345794392523364	0.0625	0.05555555555555555	0.015151515151515152	0.01282051282051282	0.011764705882352941	0.016129032258064516	0.009433962264150943	0.012345679012345678	0.16666666666666666	0.030303030303030304	0.010752688172043012	0.01639344262295082	0.5	0.019230769230769232	0.09090909090909091	0.014084507042253521
ml	0.08333333333333333	0.06666666666666667	0.0	0.125	0.02702702702702703	0.018867924528301886	0.03225806451612903	0.017241379310344827	0.0196078431372549	0.019230769230769232	0.025	0.027777777777777776	0.03571428571428571	0.02040816326530612	0.017857142857142856	0.02	0.02040816326530612	0.045454545454545456	0.0625	0.017241379310344827	0.041666666666666664	0.021739130434782608	0.021739130434782608	0.0196078431372549	0.02857142857142857	0.017857142857142856	0.02631578947368421	0.16666666666666666	0.03333333333333333	0.022727272727272728	0.020833333333333332	0.07692307692307693	0.027777777777777776	0.125	0.02
mr	0.125	0.0625	0.5	0.14285714285714285	0.03125	0.02127659574468085	0.03333333333333333	0.018867924528301886	0.021739130434782608	0.021739130434782608	0.029411764705882353	0.02857142857142857	0.029411764705882353	0.025	0.02127659574468085	0.022727272727272728	0.02631578947368421	0.05263157894736842	0.05555555555555555	0.041666666666666664	0.018867924528301886	0.025	0.02857142857142857	0.025	0.03125	0.0196078431372549	0.029411764705882353	0.2	0.03225806451612903	0.02631578947368421	0.025	0.08333333333333333	0.034482758620689655	0.14285714285714285	0.024390243902439025
nl	0.058823529411764705	0.023255813953488372	0.5	0.1111111111111111	0.008264804316645037	0.004115277142711985	0.008	0.0033336000222222223	0.0037879074839302115	0.003906356811523438	0.005988023952095809	0.017543859649122806	0.008333333333333333	0.004694835680751174	0.0038170415913991026	0.004830917874396135	0.005434782608695652	0.014492753623188406	0.015151515151515152	0.021739130434782608	0.025	0.003157163700725098	0.004975124378109453	0.00431043772294887	0.007633646057922033	0.003745318352059925	0.00598813152138836	0.07142857142857142	0.013513513513513514	0.004830917874396135	0.0056180406514329	0.07692307692307693	0.007633587786259542	0.0625	0.005263157894736842
pl	0.05555555555555555	0.023809523809523808	0.5	0.1111111111111111	0.008130081300813009	0.0034602076124567475	0.0078125	0.002840973657024793	0.0035971223021582736	0.003424669262525802	0.005952380952380952	0.01818181818181818	0.0078125	0.004366812227074236	0.003413004228354436	0.004807692307692308	0.0049504950495049506	0.014285714285714285	0.01282051282051282	0.021739130434782608	0.02857142857142857	0.004975124378109453	0.002614474594803102	0.004	0.007575757575757576	0.0030864197530864196	0.006060642791551883	0.07692307692307693	0.0125	0.004761904761904762	0.005263185595567867	0.1	0.0072992700729927005	0.0625	0.005050505050505051
pt	0.045454545454545456	0.021739130434782608	0.5	0.1	0.007462909333927377	0.0035842550840816537	0.007246376811594203	0.0024450595106437667	0.0027624385702512133	0.0029154688947632366	0.005025125628140704	0.015151515151515152	0.007751937984496124	0.0034483115338882282	0.002985163742481621	0.004310344827586207	0.004405286343612335	0.0136986301369863	0.011764705882352941	0.0196078431372549	0.025	0.00431043772294887	0.004	0.002403020033725506	0.007142857142857143	0.00267379679144385	0.005025150880028282	0.07142857142857142	0.011627906976744186	0.003984079617783845	0.004629651063100137	0.09090909090909091	0.006211180124223602	0.0625	0.0043859649122807015
ro	0.05555555555555555	0.023809523809523808	0.5	0.125	0.010416666666666666	0.007462686567164179	0.010638297872340425	0.006024132675279431	0.006578947368421052	0.006666666666666667	0.008264462809917356	0.023809523809523808	0.011363636363636364	0.007246376811594203	0.00662256041401693	0.007936507936507936	0.007575757575757576	0.016129032258064516	0.016129032258064516	0.02857142857142857	0.03125	0.007633646057922033	0.007575757575757576	0.007142857142857143	0.005988561798558571	0.006493506493506494	0.008264462809917356	0.08333333333333333	0.015873015873015872	0.007518796992481203	0.00819672131147541	0.16666666666666666	0.009900990099009901	0.06666666666666667	0.007874015748031496
ru	0.047619047619047616	0.02127659574468085	0.5	0.1	0.006622516556291391	0.0026666666666666666	0.006097560975609756	0.0017699115044247787	0.002288329519450801	0.0022675736961451248	0.004629629629629629	0.013513513513513514	0.006329113924050633	0.003048780487804878	0.002325581395348837	0.0035587188612099642	0.0037735849056603774	0.012345679012345678	0.009433962264150943	0.017857142857142856	0.0196078431372549	0.003745318352059925	0.0030864197530864196	0.00267379679144385	0.006493506493506494	0.0016051364365971107	0.0043859649122807015	0.058823529411764705	0.011111111111111112	0.0034129692832764505	0.003952569169960474	0.06666666666666667	0.005747126436781609	0.0625	0.0037735849056603774
sh	0.058823529411764705	0.02083376736111111	0.5	0.1	0.00925934499314129	0.00546448087431694	0.007936507936507936	0.004219480496359201	0.004830941212163644	0.004902008842752788	0.0072992700729927005	0.02127659574468085	0.009900990099009901	0.005649749433432283	0.004694857722233243	0.006369426751592357	0.006535947712418301	0.016129032258064516	0.012345679012345678	0.02631578947368421	0.029411764705882353	0.00598813152138836	0.006060642791551883	0.005025150880028282	0.008264462809917356	0.0043859649122807015	0.004155136321240102	0.07142857142857142	0.015873015873015872	0.004878048780487805	0.00714295918367347	0.125	0.009174311926605505	0.06666666666666667	0.006369426751592357
si	0.3333333333333333	0.14285714285714285	0.0	0.3333333333333333	0.07692307692307693	0.07692307692307693	0.08333333333333333	0.058823529411764705	0.07142857142857142	0.0625	0.07692307692307693	0.1111111111111111	0.09090909090909091	0.07142857142857142	0.08333333333333333	0.07692307692307693	0.07142857142857142	0.09090909090909091	0.16666666666666666	0.16666666666666666	0.2	0.07142857142857142	0.07692307692307693	0.07142857142857142	0.08333333333333333	0.058823529411764705	0.07142857142857142	0.058823529411764705	0.08333333333333333	0.07692307692307693	0.07142857142857142	0.5	0.07142857142857142	0.16666666666666666	0.07142857142857142
simple	0.07692307692307693	0.03571428571428571	0.5	0.1111111111111111	0.014705882352941176	0.012345679012345678	0.017241379310344827	0.010869565217391304	0.011235955056179775	0.0112360813028658	0.014084507042253521	0.022222222222222223	0.017543859649122806	0.012195121951219513	0.011494384991412341	0.012195121951219513	0.011764705882352941	0.023809523809523808	0.030303030303030304	0.03333333333333333	0.03225806451612903	0.013513513513513514	0.0125	0.011627906976744186	0.015873015873015872	0.011111111111111112	0.015873015873015872	0.08333333333333333	0.01087393785491517	0.0136986301369863	0.012345679012345678	0.09090909090909091	0.014285714285714285	0.07692307692307693	0.012195121951219513
sr	0.05555555555555555	0.02127659574468085	1.0	0.1	0.008064516129032258	0.004329004329004329	0.007246376811594203	0.003257328990228013	0.003676470588235294	0.003703703703703704	0.006097560975609756	0.019230769230769232	0.008130081300813009	0.004464285714285714	0.0036496350364963502	0.005376344086021506	0.005405405405405406	0.015625	0.010752688172043012	0.022727272727272728	0.02631578947368421	0.004830917874396135	0.004761904761904762	0.003984079617783845	0.007518796992481203	0.0034129692832764505	0.004878048780487805	0.07692307692307693	0.0136986301369863	0.003184906081382612	0.0058823529411764705	0.09090909090909091	0.007633587786259542	0.07142857142857142	0.005319148936170213
sv	0.058823529411764705	0.025	0.5	0.1	0.007692366863905326	0.004717003381986472	0.00909090909090909	0.0038023681128829387	0.004291845493562232	0.0040650406504065045	0.0064516129032258064	0.01694915254237288	0.009009009009009009	0.005025125628140704	0.004424935390398621	0.0056179775280898875	0.0055248618784530384	0.015873015873015872	0.01639344262295082	0.020833333333333332	0.025	0.0056180406514329	0.005263185595567867	0.004629651063100137	0.00819672131147541	0.003952569169960474	0.00714295918367347	0.07142857142857142	0.012345679012345678	0.0058823529411764705	0.0037363202772575026	0.08333333333333333	0.007874015748031496	0.0625	0.0053475935828877
te	0.5	0.5	0.0	0.5	0.14285714285714285	0.07142857142857142	0.16666666666666666	0.0625	0.07692307692307693	0.06666666666666667	0.125	0.06666666666666667	0.16666666666666666	0.09090909090909091	0.07692307692307693	0.06666666666666667	0.07692307692307693	0.3333333333333333	0.5	0.07692307692307693	0.08333333333333333	0.07692307692307693	0.1	0.09090909090909091	0.16666666666666666	0.06666666666666667	0.125	0.5	0.09090909090909091	0.09090909090909091	0.08333333333333333	0.0625	0.125	0.5	0.07692307692307693
vi	0.07142857142857142	0.02631578947368421	0.5	0.1111111111111111	0.01020408163265306	0.006993006993006993	0.011111111111111112	0.005154639175257732	0.005988023952095809	0.005681818181818182	0.008547008547008548	0.021739130434782608	0.011235955056179775	0.006578947368421052	0.00625	0.006896551724137931	0.006993006993006993	0.017241379310344827	0.019230769230769232	0.027777777777777776	0.034482758620689655	0.007633587786259542	0.0072992700729927005	0.006211180124223602	0.009900990099009901	0.005747126436781609	0.009174311926605505	0.07142857142857142	0.014285714285714285	0.007633587786259542	0.007874015748031496	0.125	0.00510204081632653	0.0625	0.006622516556291391
war	0.2	0.09090909090909091	0.0	0.16666666666666666	0.0625	0.06666666666666667	0.07692307692307693	0.0625	0.0625	0.0625	0.06666666666666667	0.1	0.08333333333333333	0.0625	0.07142857142857142	0.06666666666666667	0.0625	0.07142857142857142	0.09090909090909091	0.125	0.14285714285714285	0.0625	0.0625	0.0625	0.06666666666666667	0.0625	0.06666666666666667	0.16666666666666666	0.07692307692307693	0.07142857142857142	0.0625	0.5	0.0625	0.0625	0.0625
zh	0.05	0.022222222222222223	0.5	0.1111111111111111	0.007633587786259542	0.0047169811320754715	0.008849557522123894	0.003484320557491289	0.00398406374501992	0.003937007874015748	0.005988023952095809	0.01639344262295082	0.008403361344537815	0.004484304932735426	0.0040650406504065045	0.004901960784313725	0.004901960784313725	0.014492753623188406	0.014084507042253521	0.02	0.024390243902439025	0.005263157894736842	0.005050505050505051	0.0043859649122807015	0.007874015748031496	0.0037735849056603774	0.006369426751592357	0.07142857142857142	0.012195121951219513	0.005319148936170213	0.0053475935828877	0.07692307692307693	0.006622516556291391	0.0625	0.003472222222222222
