arz	bs	ceb	ckb	da	de	el	en	es	fr	he	hi	hu	id	it	ja	ko	lv	mk	ml	mr	nl	pl	pt	ro	ru	sh	si	simple	sr	sv	te	vi	war	zh
arz	1.0	0.5333333333333333	0.6666666666666666	0.7415730337078651	0.5232558139534884	0.5099206349206349	0.7005444646098004	0.5073726541554959	0.5094339622641509	0.5092764378478664	0.7027027027027026	0.725925925925926	0.5220994475138121	0.5145118733509235	0.5100478468899522	0.6919032597266036	0.6914660831509847	0.5357142857142857	0.7142857142857143	0.7397260273972602	0.7169811320754716	0.512781954887218	0.5113350125944585	0.5128205128205129	0.5248618784530387	0.6814345991561181	0.5166340508806262	0.7017543859649122	0.5299539170506913	0.513719512195122	0.5150442477876106	0.6902654867256638	0.6963434022257552	0.7289719626168224	0.696528555431131
bs	0.5333333333333333	1.0	0.5	0.5363636363636364	0.5478723404255319	0.5217391304347826	0.5516372795969773	0.5158388316240855	0.5216589861751152	0.5208333333333334	0.5427435387673956	0.5462555066079295	0.5429292929292929	0.5306122448979592	0.5219951265692828	0.5306427503736921	0.5335413416536662	0.5574468085106383	0.5611510791366907	0.5376884422110553	0.5425531914893617	0.5311143270622287	0.5255474452554745	0.5259593679458239	0.5538461538461539	0.5181187355435621	0.5459148983671771	0.528	0.5551181102362205	0.5346097201767305	0.5336700336700337	0.5078125	0.5420353982300885	0.546218487394958	0.5357710651828299
ceb	0.6666666666666666	0.5	1.0	0.6666666666666666	0.501577287066246	0.5010162601626017	0.671875	0.5006802721088436	0.500965250965251	0.5009487666034156	0.6706231454005934	0.6724890829694323	0.5029940119760479	0.501358695652174	0.5009784735812133	0.6695652173913044	0.6696935300794551	0.5029940119760479	0.6707692307692308	0.6666666666666666	0.6832298136645962	0.5015673981191223	0.5013020833333334	0.5011961722488038	0.5029761904761905	0.6680919294494923	0.5020661157024793	0.6666666666666666	0.5053763440860215	0.5007923930269413	0.5018587360594796	0.6666666666666666	0.6711864406779662	0.6666666666666666	0.6697459584295612
ckb	0.7415730337078651	0.5363636363636364	0.6666666666666666	1.0	0.5138461538461538	0.5050403225806451	0.6923076923076923	0.503382949932341	0.5047892720306514	0.5047080979284368	0.6842105263157894	0.7172995780590717	0.5131195335276968	0.5067204301075269	0.5048543689320388	0.6795698924731183	0.6816647919010124	0.5227272727272727	0.6985074626865672	0.723404255319149	0.72	0.5069551777434312	0.5057915057915058	0.5059241706161137	0.5115606936416185	0.6737626397019691	0.5101626016260162	0.72	0.5230769230769231	0.5078369905956113	0.5091575091575091	0.7027027027027026	0.6866666666666666	0.787878787878788	0.680365296803653
da	0.5232558139534884	0.5478723404255319	0.501577287066246	0.5138461538461538	1.0	0.5572530297466031	0.568695652173913	0.5477866578715699	0.5598006644518273	0.5612377848795147	0.584355828220859	0.5484633569739953	0.5716814159292035	0.5692231260334715	0.5590150124203478	0.576587795765878	0.5791505791505792	0.569047619047619	0.5488565488565489	0.5470737913486006	0.5412371134020618	0.5739011121111827	0.5642633228840126	0.5670046164696525	0.5869565217391304	0.553584102200142	0.5788786688048605	0.5194029850746269	0.5790697674418605	0.5757946210268948	0.5906735342604059	0.5103244837758112	0.5805921052631579	0.5242424242424242	0.5862977602108037
de	0.5099206349206349	0.5217391304347826	0.5010162601626017	0.5050403225806451	0.5572530297466031	1.0	0.5549958018471872	0.602408424324147	0.5977844965735204	0.5985875776548566	0.5752212389380531	0.5284780578898226	0.5577249575551783	0.5852660300136425	0.5979252753423087	0.5843108504398827	0.5752017608217168	0.5339904528209465	0.5348837209302326	0.5253588516746411	0.5225744476464937	0.5889225082805853	0.599040438656614	0.5912406769238194	0.55668358714044	0.6011872638963842	0.5714285714285714	0.5064805583250249	0.5373271889400921	0.5837563451776651	0.5815170008718396	0.507	0.5580828594638505	0.5075075075075075	0.5787518573551262
el	0.7005444646098004	0.5516372795969773	0.671875	0.6923076923076923	0.568695652173913	0.5549958018471872	1.0	0.5498783454987834	0.5645028759244043	0.5599356395816573	0.8294736842105264	0.7435508345978756	0.5666104553119731	0.5706695005313497	0.5633802816901409	0.7946577629382304	0.7975882859603789	0.5612472160356348	0.8111273792093704	0.7331189710610931	0.7323481116584565	0.573443008225617	0.565439672801636	0.5666023166023166	0.5810344827586207	0.7732813261823501	0.5905172413793103	0.6964618249534451	0.5622317596566524	0.5831325301204819	0.5718015665796344	0.6813186813186813	0.7973856209150327	0.6992481203007519	0.7979094076655052
en	0.5073726541554959	0.5158388316240855	0.5006802721088436	0.503382949932341	0.5477866578715699	0.602408424324147	0.5498783454987834	1.0	0.6207679500824395	0.6263703376504547	0.5635294117647058	0.524303305249514	0.5501222493887531	0.5993461038302773	0.6174924084553185	0.5839416058394161	0.5785915492957746	0.5250965250965252	0.5336294416243654	0.5190039318479686	0.517422748191979	0.5839238499485748	0.5938053825472365	0.6084674989161734	0.5507661259962696	0.6314564913913449	0.569311688299858	0.5057239057239057	0.5294871794871795	0.5858021240916713	0.5757375841985446	0.5053908355795148	0.5582232893157263	0.5053908355795148	0.5816733067729084
es	0.5094339622641509	0.5216589861751152	0.500965250965251	0.5047892720306514	0.5598006644518273	0.5977844965735204	0.5645028759244043	0.6207679500824395	1.0	0.6182486828018011	0.5798122065727699	0.5285714285714286	0.5575510204081633	0.6089448740207063	0.6159914860861052	0.5908111988513999	0.5890909090909091	0.5324444444444444	0.541196877710321	0.5232029117379436	0.5210237659963437	0.5942429199349746	0.5913272010512484	0.6204325790976595	0.5625	0.6185567010309279	0.5793915270790719	0.506641366223909	0.5394154118689105	0.597841726618705	0.5871353777112939	0.5061728395061729	0.5663224781572677	0.5076190476190476	0.5923473142016188
fr	0.5092764378478664	0.5208333333333334	0.5009487666034156	0.5047080979284368	0.5612377848795147	0.5985875776548566	0.5599356395816573	0.6263703376504547	0.6182486828018011	1.0	0.5769230769230769	0.5262697022767076	0.5598705501618123	0.6020426907198693	0.6177922631471319	0.5913290689410092	0.5883620689655172	0.5319335083114611	0.5405636208368916	0.5232974910394266	0.52068345323741	0.5902898037329488	0.5958572668020778	0.6114734917815915	0.5606796116504854	0.6187399030694669	0.5770684022999469	0.5074766355140187	0.5389944181807825	0.5957446808510638	0.5916542473919524	0.5070159027128157	0.5694006309148265	0.5074906367041199	0.5924308588064047
he	0.7027027027027026	0.5427435387673956	0.6706231454005934	0.6842105263157894	0.584355828220859	0.5752212389380531	0.8294736842105264	0.5635294117647058	0.5798122065727699	0.5769230769230769	1.0	0.7428571428571428	0.5769230769230769	0.5892323030907278	0.576138147566719	0.8372827804107424	0.8454619787408013	0.5604395604395604	0.7742690058479532	0.7362924281984334	0.7260812581913499	0.5910577971646673	0.5803059273422562	0.5918744228993537	0.5915279878971256	0.8032242769084874	0.5863808322824716	0.6915351506456241	0.5632798573975044	0.5899122807017544	0.5934861278648974	0.6818181818181818	0.8187134502923976	0.6956521739130435	0.8519134775374376
hi	0.725925925925926	0.5462555066079295	0.6724890829694323	0.7172995780590717	0.5484633569739953	0.5284780578898226	0.7435508345978756	0.524303305249514	0.5285714285714286	0.5262697022767076	0.7428571428571428	1.0	0.5415730337078651	0.5403422982885085	0.529891304347826	0.7463271302644466	0.7494908350305498	0.5567375886524822	0.7309236947791165	0.8134556574923547	0.8152866242038217	0.5390946502057613	0.5319396051103368	0.5359477124183006	0.5475113122171946	0.7173689619732785	0.5401709401709401	0.7131782945736435	0.5778546712802768	0.5358126721763086	0.5470494417862839	0.7489711934156379	0.7517337031900139	0.7193675889328064	0.750775594622544
hu	0.5220994475138121	0.5429292929292929	0.5029940119760479	0.5131195335276968	0.5716814159292035	0.5577249575551783	0.5666104553119731	0.5501222493887531	0.5575510204081633	0.5598705501618123	0.5769230769230769	0.5415730337078651	1.0	0.5700534759358289	0.5596026490066225	0.5686746987951807	0.5737500000000001	0.5623582766439909	0.5504032258064516	0.5333333333333333	0.542079207920792	0.5707547169811321	0.565979381443299	0.562198649951784	0.5761245674740485	0.5556338028169014	0.5708274894810659	0.5154929577464789	0.5620915032679739	0.5734767025089607	0.5733157199471599	0.5083798882681564	0.5700787401574803	0.5170454545454546	0.5754119138149556
id	0.5145118733509235	0.5306122448979592	0.501358695652174	0.5067204301075269	0.5692231260334715	0.5852660300136425	0.5706695005313497	0.5993461038302773	0.6089448740207063	0.6020426907198693	0.5892323030907278	0.5403422982885085	0.5700534759358289	1.0	0.6023631532807724	0.5919085312225154	0.5951307484220019	0.5416164053075995	0.5492468134414832	0.5305867665418227	0.525	0.592048401037165	0.5900865460267506	0.6142096095964785	0.5741935483870968	0.599273607748184	0.5855269738842197	0.5092838196286472	0.5490430622009569	0.5984182776801406	0.5929038281979458	0.5072847682119206	0.5780287474332648	0.5106666666666667	0.6025758969641214
it	0.5100478468899522	0.5219951265692828	0.5009784735812133	0.5048543689320388	0.5590150124203478	0.5979252753423087	0.5633802816901409	0.6174924084553185	0.6159914860861052	0.6177922631471319	0.576138147566719	0.529891304347826	0.5596026490066225	0.6023631532807724	1.0	0.5964912280701754	0.5917464996315401	0.5323741007194244	0.5431338028169014	0.5259259259259259	0.5217794253938832	0.5949184103272531	0.5983157498399251	0.6108955414853783	0.5628216655071897	0.6171023965141613	0.5826846389931964	0.5057581573896353	0.5390001256171749	0.5997088791848617	0.5854642922227892	0.5062560153994226	0.5638977635782748	0.5067437379576109	0.5911111111111111
ja	0.6919032597266036	0.5306427503736921	0.6695652173913044	0.6795698924731183	0.576587795765878	0.5843108504398827	0.7946577629382304	0.5839416058394161	0.5908111988513999	0.5913290689410092	0.8372827804107424	0.7463271302644466	0.5686746987951807	0.5919085312225154	0.5964912280701754	1.0	0.8587813620071685	0.5457102672292546	0.7368421052631579	0.7338709677419355	0.7259858442871587	0.5994236311239193	0.5888888888888889	0.5955518945634267	0.5768292682926829	0.835056179775281	0.583778014941302	0.6850477200424179	0.5574229691876751	0.5882352941176471	0.5917525773195876	0.688034188034188	0.825657894736842	0.688034188034188	0.8646288209606987
ko	0.6914660831509847	0.5335413416536662	0.6696935300794551	0.6816647919010124	0.5791505791505792	0.5752017608217168	0.7975882859603789	0.5785915492957746	0.5890909090909091	0.5883620689655172	0.8454619787408013	0.7494908350305498	0.5737500000000001	0.5951307484220019	0.5917464996315401	0.8587813620071685	1.0	0.5466472303206997	0.7619047619047619	0.7350785340314137	0.7193347193347193	0.5886319845857417	0.5878260869565217	0.595138306789606	0.5837563451776651	0.8259693417493237	0.5836065573770493	0.6873614190687362	0.5620437956204379	0.5898931000971817	0.5961742826780022	0.6859045504994451	0.8281117696867062	0.6905027932960894	0.8704119850187266
lv	0.5357142857142857	0.5574468085106383	0.5029940119760479	0.5227272727272727	0.569047619047619	0.5339904528209465	0.5612472160356348	0.5250965250965252	0.5324444444444444	0.5319335083114611	0.5604395604395604	0.5567375886524822	0.5623582766439909	0.5416164053075995	0.5323741007194244	0.5457102672292546	0.5466472303206997	1.0	0.5575221238938053	0.5426356589147286	0.5378486055776893	0.5471956224350205	0.5406976744186046	0.5394594594594595	0.5711009174311926	0.5304740406320542	0.553082191780822	0.5294117647058824	0.5686274509803921	0.5439560439560439	0.5494505494505494	0.5077720207253886	0.5582329317269077	0.5384615384615384	0.5514157973174367
mk	0.7142857142857143	0.5611510791366907	0.6707692307692308	0.6985074626865672	0.5488565488565489	0.5348837209302326	0.8111273792093704	0.5336294416243654	0.541196877710321	0.5405636208368916	0.7742690058479532	0.7309236947791165	0.5504032258064516	0.5492468134414832	0.5431338028169014	0.7368421052631579	0.7619047619047619	0.5575221238938053	1.0	0.712742980561555	0.7207207207207208	0.5420918367346939	0.5432372505543238	0.5441329179646937	0.5637860082304527	0.7381193124368048	0.5658536585365854	0.6888888888888889	0.5452054794520548	0.562082777036048	0.544267053701016	0.6739726027397259	0.7527950310559006	0.7089337175792507	0.7574304889741131
ml	0.7397260273972602	0.5376884422110553	0.6666666666666666	0.723404255319149	0.5470737913486006	0.5253588516746411	0.7331189710610931	0.5190039318479686	0.5232029117379436	0.5232974910394266	0.7362924281984334	0.8134556574923547	0.5333333333333333	0.5305867665418227	0.5259259259259259	0.7338709677419355	0.7350785340314137	0.5426356589147286	0.712742980561555	1.0	0.7789473684210526	0.5325779036827195	0.527511961722488	0.5283648498331479	0.5421686746987951	0.705334023821854	0.5339285714285714	0.7042253521126761	0.5555555555555556	0.5314285714285714	0.5397350993377483	0.7551020408163265	0.736231884057971	0.7184466019417476	0.7377398720682302
mr	0.7169811320754716	0.5425531914893617	0.6832298136645962	0.72	0.5412371134020618	0.5225744476464937	0.7323481116584565	0.517422748191979	0.5210237659963437	0.52068345323741	0.7260812581913499	0.8152866242038217	0.542079207920792	0.525	0.5217794253938832	0.7259858442871587	0.7193347193347193	0.5378486055776893	0.7207207207207208	0.7789473684210526	1.0	0.5284900284900286	0.5209080047789725	0.5222222222222223	0.5392156862745098	0.7019730010384216	0.5306859205776173	0.7	0.5598455598455598	0.5272988505747126	0.5332225913621262	0.7540983606557377	0.7227866473149492	0.7150259067357513	0.7247608926673751
nl	0.512781954887218	0.5311143270622287	0.5015673981191223	0.5069551777434312	0.5739011121111827	0.5889225082805853	0.573443008225617	0.5839238499485748	0.5942429199349746	0.5902898037329488	0.5910577971646673	0.5390946502057613	0.5707547169811321	0.592048401037165	0.5949184103272531	0.5994236311239193	0.5886319845857417	0.5471956224350205	0.5420918367346939	0.5325779036827195	0.5284900284900286	1.0	0.5836802664446294	0.5945331810569504	0.5783313381467211	0.5826625386996904	0.5884533062302166	0.510670731707317	0.5495978552278821	0.597918637653737	0.5899674122702703	0.5099236641221374	0.5730211817168339	0.5122699386503067	0.5929549902152642
pl	0.5113350125944585	0.5255474452554745	0.5013020833333334	0.5057915057915058	0.5642633228840126	0.599040438656614	0.565439672801636	0.5938053825472365	0.5913272010512484	0.5958572668020778	0.5803059273422562	0.5319396051103368	0.565979381443299	0.5900865460267506	0.5983157498399251	0.5888888888888889	0.5878260869565217	0.5406976744186046	0.5432372505543238	0.527511961722488	0.5209080047789725	0.5836802664446294	1.0	0.5925925925925926	0.5681818181818182	0.5959715639810426	0.5765690376569038	0.5082592121982211	0.5459770114942529	0.5886824324324325	0.5858254098301376	0.5063451776649746	0.5670910871694418	0.510230179028133	0.5865384615384615
pt	0.5128205128205129	0.5259593679458239	0.5011961722488038	0.5059241706161137	0.5670046164696525	0.5912406769238194	0.5666023166023166	0.6084674989161734	0.6204325790976595	0.6114734917815915	0.5918744228993537	0.5359477124183006	0.562198649951784	0.6142096095964785	0.6108955414853783	0.5955518945634267	0.595138306789606	0.5394594594594595	0.5441329179646937	0.5283648498331479	0.5222222222222223	0.5945331810569504	0.5925925925925926	1.0	0.5680933852140078	0.6096131301289567	0.5893693938958658	0.5081967213114754	0.546137339055794	0.6040495988604903	0.5938778993494831	0.5064327485380117	0.5755868544600939	0.5094117647058823	0.5964467005076142
ro	0.5248618784530387	0.5538461538461539	0.5029761904761905	0.5115606936416185	0.5869565217391304	0.55668358714044	0.5810344827586207	0.5507661259962696	0.5625	0.5606796116504854	0.5915279878971256	0.5475113122171946	0.5761245674740485	0.5741935483870968	0.5628216655071897	0.5768292682926829	0.5837563451776651	0.5711009174311926	0.5637860082304527	0.5421686746987951	0.5392156862745098	0.5783313381467211	0.5681818181818182	0.5680933852140078	1.0	0.5539971949509116	0.5870503597122302	0.5168539325842697	0.5692307692307692	0.5802171290711701	0.5815508021390374	0.5083333333333333	0.5808	0.5213675213675213	0.5810983397190294
ru	0.6814345991561181	0.5181187355435621	0.6680919294494923	0.6737626397019691	0.553584102200142	0.6011872638963842	0.7732813261823501	0.6314564913913449	0.6185567010309279	0.6187399030694669	0.8032242769084874	0.7173689619732785	0.5556338028169014	0.599273607748184	0.6171023965141613	0.835056179775281	0.8259693417493237	0.5304740406320542	0.7381193124368048	0.705334023821854	0.7019730010384216	0.5826625386996904	0.5959715639810426	0.6096131301289567	0.5539971949509116	1.0	0.576	0.6786850477200425	0.5335820895522388	0.592662871600253	0.5827338129496402	0.6772655007949127	0.7766714082503557	0.6779840848806366	0.8270540172492056
sh	0.5166340508806262	0.5459148983671771	0.5020661157024793	0.5101626016260162	0.5788786688048605	0.5714285714285714	0.5905172413793103	0.569311688299858	0.5793915270790719	0.5770684022999469	0.5863808322824716	0.5401709401709401	0.5708274894810659	0.5855269738842197	0.5826846389931964	0.583778014941302	0.5836065573770493	0.553082191780822	0.5658536585365854	0.5339285714285714	0.5306859205776173	0.5884533062302166	0.5765690376569038	0.5893693938958658	0.5870503597122302	0.576	1.0	0.5139442231075697	0.5522388059701493	0.6132596685082873	0.580701030246995	0.5079051383399209	0.5712418300653594	0.5150300601202404	0.5871254162042175
si	0.7017543859649122	0.528	0.6666666666666666	0.72	0.5194029850746269	0.5064805583250249	0.6964618249534451	0.5057239057239057	0.506641366223909	0.5074766355140187	0.6915351506456241	0.7131782945736435	0.5154929577464789	0.5092838196286472	0.5057581573896353	0.6850477200424179	0.6873614190687362	0.5294117647058824	0.6888888888888889	0.7042253521126761	0.7	0.510670731707317	0.5082592121982211	0.5081967213114754	0.5168539325842697	0.6786850477200425	0.5139442231075697	1.0	0.529126213592233	0.5100154083204931	0.512589928057554	0.6947368421052631	0.6972176759410802	0.7586206896551725	0.6877113866967305
simple	0.5299539170506913	0.5551181102362205	0.5053763440860215	0.5230769230769231	0.5790697674418605	0.5373271889400921	0.5622317596566524	0.5294871794871795	0.5394154118689105	0.5389944181807825	0.5632798573975044	0.5778546712802768	0.5620915032679739	0.5490430622009569	0.5390001256171749	0.5574229691876751	0.5620437956204379	0.5686274509803921	0.5452054794520548	0.5555555555555556	0.5598455598455598	0.5495978552278821	0.5459770114942529	0.546137339055794	0.5692307692307692	0.5335820895522388	0.5522388059701493	0.529126213592233	1.0	0.5493910690121786	0.5633802816901409	0.526829268292683	0.5691699604743083	0.5320197044334976	0.56047197640118
sr	0.513719512195122	0.5346097201767305	0.5007923930269413	0.5078369905956113	0.5757946210268948	0.5837563451776651	0.5831325301204819	0.5858021240916713	0.597841726618705	0.5957446808510638	0.5899122807017544	0.5358126721763086	0.5734767025089607	0.5984182776801406	0.5997088791848617	0.5882352941176471	0.5898931000971817	0.5439560439560439	0.562082777036048	0.5314285714285714	0.5272988505747126	0.597918637653737	0.5886824324324325	0.6040495988604903	0.5802171290711701	0.592662871600253	0.6132596685082873	0.5100154083204931	0.5493910690121786	1.0	0.5855130784708249	0.5084745762711864	0.5736782902137233	0.5108359133126935	0.5925196850393701
sv	0.5150442477876106	0.5336700336700337	0.5018587360594796	0.5091575091575091	0.5906735342604059	0.5815170008718396	0.5718015665796344	0.5757375841985446	0.5871353777112939	0.5916542473919524	0.5934861278648974	0.5470494417862839	0.5733157199471599	0.5929038281979458	0.5854642922227892	0.5917525773195876	0.5961742826780022	0.5494505494505494	0.544267053701016	0.5397350993377483	0.5332225913621262	0.5899674122702703	0.5858254098301376	0.5938778993494831	0.5815508021390374	0.5827338129496402	0.580701030246995	0.512589928057554	0.5633802816901409	0.5855130784708249	1.0	0.5107913669064748	0.5792759051186017	0.5144927536231884	0.601081081081081
te	0.6902654867256638	0.5078125	0.6666666666666666	0.7027027027027026	0.5103244837758112	0.507	0.6813186813186813	0.5053908355795148	0.5061728395061729	0.5070159027128157	0.6818181818181818	0.7489711934156379	0.5083798882681564	0.5072847682119206	0.5062560153994226	0.688034188034188	0.6859045504994451	0.5077720207253886	0.6739726027397259	0.7551020408163265	0.7540983606557377	0.5099236641221374	0.5063451776649746	0.5064327485380117	0.5083333333333333	0.6772655007949127	0.5079051383399209	0.6947368421052631	0.526829268292683	0.5084745762711864	0.5107913669064748	1.0	0.6838709677419355	0.6956521739130435	0.6862302483069976
vi	0.6963434022257552	0.5420353982300885	0.6711864406779662	0.6866666666666666	0.5805921052631579	0.5580828594638505	0.7973856209150327	0.5582232893157263	0.5663224781572677	0.5694006309148265	0.8187134502923976	0.7517337031900139	0.5700787401574803	0.5780287474332648	0.5638977635782748	0.825657894736842	0.8281117696867062	0.5582329317269077	0.7527950310559006	0.736231884057971	0.7227866473149492	0.5730211817168339	0.5670910871694418	0.5755868544600939	0.5808	0.7766714082503557	0.5712418300653594	0.6972176759410802	0.5691699604743083	0.5736782902137233	0.5792759051186017	0.6838709677419355	1.0	0.7019867549668874	0.8417391304347825
war	0.7289719626168224	0.546218487394958	0.6666666666666666	0.787878787878788	0.5242424242424242	0.5075075075075075	0.6992481203007519	0.5053908355795148	0.5076190476190476	0.5074906367041199	0.6956521739130435	0.7193675889328064	0.5170454545454546	0.5106666666666667	0.5067437379576109	0.688034188034188	0.6905027932960894	0.5384615384615384	0.7089337175792507	0.7184466019417476	0.7150259067357513	0.5122699386503067	0.510230179028133	0.5094117647058823	0.5213675213675213	0.6779840848806366	0.5150300601202404	0.7586206896551725	0.5320197044334976	0.5108359133126935	0.5144927536231884	0.6956521739130435	0.7019867549668874	1.0	0.6909090909090909
zh	0.696528555431131	0.5357710651828299	0.6697459584295612	0.680365296803653	0.5862977602108037	0.5787518573551262	0.7979094076655052	0.5816733067729084	0.5923473142016188	0.5924308588064047	0.8519134775374376	0.750775594622544	0.5754119138149556	0.6025758969641214	0.5911111111111111	0.8646288209606987	0.8704119850187266	0.5514157973174367	0.7574304889741131	0.7377398720682302	0.7247608926673751	0.5929549902152642	0.5865384615384615	0.5964467005076142	0.5810983397190294	0.8270540172492056	0.5871254162042175	0.6877113866967305	0.56047197640118	0.5925196850393701	0.601081081081081	0.6862302483069976	0.8417391304347825	0.6909090909090909	1.0
