arz	bs	ceb	ckb	da	de	el	en	es	fr	he	hi	hu	id	it	ja	ko	lv	mk	ml	mr	nl	pl	pt	ro	ru	sh	si	simple	sr	sv	te	vi	war	zh
arz	1.0	0.25	1.0	1.0	0.18822566650963435	1.0	1.0	0.09305100366818048	0.4142135623730951	0.25728427444747215	1.0	1.0	0.17507960357339145	0.3333333333333333	0.18464218557642828	1.0	1.0	1.0	1.0	1.0	1.0	0.4142135623730951	0.38742588672279304	0.2958163163244893	0.18660549686337075	1.0	0.2958163163244893	1.0	0.36602540378443865	1.0	0.28436465220442186	1.0	0.44948974278317805	1.0	1.0
bs	0.25	1.0	0.18581211318908403	0.2687959533979826	0.07011825641446644	0.06457601783764011	0.06425462854708328	0.05301171337711067	0.05794347571164264	0.06114891518968928	0.07111993394973981	0.1827439976315568	0.06432205811489013	0.061687955276834634	0.05908154280970433	0.06637759758117577	0.0767221674067391	0.13423167976942954	0.17100799366294794	0.2012628451930092	0.3164309725825328	0.06090451507965902	0.06116685254617575	0.061386338943899374	0.07281694381455488	0.06027317021788282	0.055774636115569175	0.585786437626905	0.11398643571819005	0.060495959567285054	0.059774706766523106	1.0	0.09901528768779781	0.18822566650963438	0.06027317021788282
ceb	1.0	0.18581211318908403	1.0	1.0	0.03584492084792461	0.10827081397113054	1.0	0.007106152420132537	0.13299282904102766	0.04775101951717892	1.0	1.0	0.04458380290740854	0.0884664438419888	0.03322623986936027	1.0	1.0	0.32449979983983984	1.0	1.0	1.0	0.13231996486433337	0.1233603071065848	0.09785171972967724	0.06621289994825215	0.585786437626905	0.08059813782420007	1.0	0.2449655295864104	1.0	0.04525097137434613	1.0	0.1390551394732742	0.585786437626905	1.0
ckb	1.0	0.2687959533979826	1.0	1.0	0.28989794855663564	0.585786437626905	1.0	0.38742588672279304	1.0	0.39564392373896007	1.0	1.0	0.585786437626905	1.0	0.5	1.0	1.0	1.0	1.0	1.0	1.0	1.0	0.5	1.0	0.3164309725825328	1.0	1.0	1.0	0.5	1.0	1.0	1.0	0.3430703308172536	1.0	1.0
da	0.18822566650963435	0.07011825641446644	0.03584492084792461	0.28989794855663564	1.0	0.007415243077424125	0.019316022728704755	0.011062217043653828	0.008179769871675395	0.008055892949293554	0.00967051578341474	0.044746128730531486	0.011065029328094033	0.011435977860551384	0.008484209525438212	0.008780226442353784	0.012495140637128213	0.04323688175324553	0.07861197558006264	0.03632212624272541	0.17070721772550654	0.008093089458069112	0.008647286171785649	0.0083294124157776	0.016808734898680858	0.008035161511106255	0.010650116892412704	0.585786437626905	0.033491622053514136	0.013445243416566333	0.008266144992530968	0.4142135623730951	0.013700071350012824	0.08604146270717253	0.009864358573074298
de	1.0	0.06457601783764011	0.10827081397113054	0.585786437626905	0.007415243077424125	1.0	0.10327039433383016	0.0015792555283774313	0.01724059292993134	0.002029102604941661	0.10801085013132487	0.28172904669025317	0.0047237467201493655	0.006069845046857458	0.002091697442104879	0.09001384945533684	0.15072240113145766	0.1918253663634734	0.2989350844248255	0.3244997998398398	0.5	0.006667339432626574	0.008786064665245123	0.0043069733278423995	0.007992732960140166	0.041952688748008594	0.006026923833376622	1.0	0.07884370070515072	0.13367660240019172	0.0037825397815933253	1.0	0.013992049164767121	0.5	0.0807971912883851
el	1.0	0.06425462854708328	1.0	1.0	0.019316022728704755	0.10327039433383016	1.0	0.005275359547427454	0.07150719731804024	0.018622928135814693	1.0	1.0	0.013006215145861802	0.03431254332567218	0.008487637650945951	1.0	1.0	0.28436465220442186	1.0	1.0	1.0	0.06400218814895908	0.08277106848732393	0.04415369609419417	0.015316729617028199	1.0	0.03360239787553186	1.0	0.10469761786126217	0.585786437626905	0.035004081033175816	1.0	0.07882892529323658	1.0	1.0
en	0.09305100366818048	0.05301171337711067	0.007106152420132537	0.38742588672279304	0.011062217043653828	0.0015792555283774313	0.005275359547427454	1.0	0.0021942458049523956	0.0056364343476972435	0.004705092893861784	0.050312160354805464	0.010522013271262018	0.007164387459534963	0.00777131834383856	0.0041244831778775885	0.006912196772287474	0.04729818663228502	0.03340609688463377	0.050609233580769804	0.1683604963286918	0.003318785814970163	0.003167927508439201	0.003957099667869992	0.01074918514941741	0.002440864213275995	0.006743735642663854	0.5	0.02121705612688253	0.007408441083503562	0.005127864325814939	0.36602540378443865	0.006726807379433338	0.13840926619852625	0.004112689009271944
es	0.4142135623730951	0.05794347571164264	0.13299282904102766	1.0	0.008179769871675395	0.01724059292993134	0.07150719731804024	0.0021942458049523956	1.0	0.002634193491313091	0.07688201934494936	0.24025307335204216	0.004877725112570355	0.006401350476324903	0.002574364924553364	0.05931637336189104	0.11400241904192222	0.17491720310721423	0.20386840968093525	0.2958163163244893	1.0	0.011111329361997642	0.011764556923983576	0.0045132415538089825	0.008905369865760088	0.03242998424285321	0.0060125609966666235	1.0	0.07847387810421227	0.10542649822871226	0.004471616594823898	1.0	0.025359293849390264	0.3660254037844386	0.046726066892062386
fr	0.25728427444747215	0.06114891518968928	0.04775101951717892	0.39564392373896007	0.008055892949293554	0.002029102604941661	0.018622928135814693	0.0056364343476972435	0.002634193491313091	1.0	0.019997588565323528	0.1380262631157473	0.00528922392223678	0.006077559692321199	0.004691023825205994	0.010810468691190435	0.03509199948239019	0.12516776388720213	0.10815240673485554	0.15022110482233483	0.32449979983983984	0.003936466597755497	0.004124781528818998	0.003999277854000574	0.00836930054217038	0.0029798635079872093	0.005697880427567599	0.585786437626905	0.06400679521280882	0.04682296725809399	0.004536283241899183	0.5	0.01285016839492466	0.2025519956555797	0.008028165650640334
he	1.0	0.07111993394973981	1.0	1.0	0.00967051578341474	0.10801085013132487	1.0	0.004705092893861784	0.07688201934494936	0.019997588565323528	1.0	1.0	0.0077953277186354406	0.019506652103728383	0.0064479439454449075	1.0	1.0	0.21712927295533244	1.0	1.0	1.0	0.05681707055856941	0.06912757810249226	0.034058431359131724	0.012824997879930947	0.5	0.0158605143806185	1.0	0.08876869541388173	0.5	0.02224723665603947	1.0	0.03890383566973582	0.585786437626905	1.0
hi	1.0	0.1827439976315568	1.0	1.0	0.044746128730531486	0.28172904669025317	1.0	0.050312160354805464	0.24025307335204216	0.1380262631157473	1.0	1.0	0.14459058185587106	0.13074787165365429	0.09547772012110657	1.0	1.0	0.4364916731037085	1.0	1.0	1.0	0.21089672205953397	0.2240092377397959	0.21089672205953397	0.1467614860213248	1.0	0.1809073112342927	1.0	0.23166247903554	1.0	0.171310475400854	1.0	0.15438708879488486	1.0	1.0
hu	0.17507960357339145	0.06432205811489013	0.04458380290740854	0.585786437626905	0.011065029328094033	0.0047237467201493655	0.013006215145861802	0.010522013271262018	0.004877725112570355	0.00528922392223678	0.0077953277186354406	0.14459058185587106	1.0	0.008489782683999964	0.006344935051190203	0.006603054859238683	0.012360834256207837	0.08878469212997223	0.09277467485129695	0.11769322328979212	0.30216947925196225	0.005663795266212264	0.005759542581387831	0.00550871758854036	0.01197210746818737	0.005090565919914074	0.008714394457518614	0.585786437626905	0.062101725885173494	0.013233801866783535	0.006246731170923787	0.5	0.012979124965404305	0.15002206397704557	0.006745449470533381
id	0.3333333333333333	0.061687955276834634	0.0884664438419888	1.0	0.011435977860551384	0.006069845046857458	0.03431254332567218	0.007164387459534963	0.006401350476324903	0.006077559692321199	0.019506652103728383	0.13074787165365429	0.008489782683999964	1.0	0.00662526003295562	0.014657192910345167	0.033758626404195635	0.12346752509553721	0.11378012788321701	0.14388924163538974	0.38742588672279304	0.008658403185453611	0.008049685893694468	0.007383569211916641	0.012603600431469048	0.00687495594330277	0.013509374562771383	1.0	0.08448879679297039	0.04442837520520343	0.008513081630732606	0.5	0.03813120531401262	0.19636040545626823	0.02200248610958141
it	0.18464218557642828	0.05908154280970433	0.03322623986936027	0.5	0.008484209525438212	0.002091697442104879	0.008487637650945951	0.00777131834383856	0.002574364924553364	0.004691023825205994	0.0064479439454449075	0.09547772012110657	0.006344935051190203	0.00662526003295562	1.0	0.006013990441842904	0.024438920453980145	0.09338438791869144	0.07722070096637323	0.1380262631157473	0.29893508442482547	0.0036076282278777244	0.0037558069790985388	0.003944958450826098	0.008267603047404119	0.003046445092760221	0.0062406709010907	0.44948974278317805	0.0644861756406412	0.021323242972616598	0.004632016592230919	0.4142135623730951	0.01200291714884072	0.16164173714115737	0.006108819719084997
ja	1.0	0.06637759758117577	1.0	1.0	0.008780226442353784	0.09001384945533684	1.0	0.0041244831778775885	0.05931637336189104	0.010810468691190435	1.0	1.0	0.006603054859238683	0.014657192910345167	0.006013990441842904	1.0	1.0	0.20942771453851886	1.0	1.0	1.0	0.04267443359716188	0.0657854099805342	0.020576017330617084	0.010039022181975183	0.5	0.010594157602211253	1.0	0.08695652173913043	0.5	0.016296587179563265	1.0	0.0316205817004081	0.585786437626905	1.0
ko	1.0	0.0767221674067391	1.0	1.0	0.012495140637128213	0.15072240113145766	1.0	0.006912196772287474	0.11400241904192222	0.03509199948239019	1.0	1.0	0.012360834256207837	0.033758626404195635	0.024438920453980145	1.0	1.0	0.24660605559646726	1.0	1.0	1.0	0.0745090964372196	0.09146528618260301	0.06248140729382221	0.013762055146271731	0.585786437626905	0.02180812683561144	1.0	0.09305100366818048	0.585786437626905	0.04005009525442679	1.0	0.0715128236487759	0.585786437626905	1.0
lv	1.0	0.13423167976942954	0.32449979983983984	1.0	0.04323688175324553	0.1918253663634734	0.28436465220442186	0.04729818663228502	0.17491720310721423	0.12516776388720213	0.21712927295533244	0.4364916731037085	0.08878469212997223	0.12346752509553721	0.09338438791869144	0.20942771453851886	0.24660605559646726	1.0	0.5	0.44948974278317805	0.585786437626905	0.15420610512211272	0.160561862548837	0.14201473202245876	0.096026711918415	0.1987625491245426	0.1277723523322457	1.0	0.1507560101889597	0.25355482027512377	0.1407800774583959	1.0	0.15402579489467522	0.38742588672279304	0.2187841884486319
mk	1.0	0.17100799366294794	1.0	1.0	0.07861197558006264	0.2989350844248255	1.0	0.03340609688463377	0.20386840968093525	0.10815240673485554	1.0	1.0	0.09277467485129695	0.11378012788321701	0.07722070096637323	1.0	1.0	0.5	1.0	1.0	1.0	0.1987625491245426	0.21089672205953397	0.15191308535297487	0.07903656204261435	1.0	0.1374203627757835	1.0	0.17507960357339145	1.0	0.17358241318593384	1.0	0.19675422795565728	1.0	1.0
ml	1.0	0.2012628451930092	1.0	1.0	0.03632212624272541	0.3244997998398398	1.0	0.050609233580769804	0.2958163163244893	0.15022110482233483	1.0	1.0	0.11769322328979212	0.14388924163538974	0.1380262631157473	1.0	1.0	0.44948974278317805	1.0	1.0	1.0	0.20386840968093525	0.22901628833426058	0.13957875683699938	0.07576698610001031	1.0	0.12477741009751188	1.0	0.1987625491245426	1.0	0.13152651661238665	1.0	0.1584693830492905	0.585786437626905	1.0
mr	1.0	0.3164309725825328	1.0	1.0	0.17070721772550654	0.5	1.0	0.1683604963286918	1.0	0.32449979983983984	1.0	1.0	0.30216947925196225	0.38742588672279304	0.29893508442482547	1.0	1.0	0.585786437626905	1.0	1.0	1.0	0.44948974278317805	0.3430703308172536	0.32449979983983984	0.32449979983983984	1.0	0.29429805508554946	1.0	0.3333333333333333	1.0	0.2674788903885893	1.0	0.30901699437494745	1.0	1.0
nl	0.4142135623730951	0.06090451507965902	0.13231996486433337	1.0	0.008093089458069112	0.006667339432626574	0.06400218814895908	0.003318785814970163	0.011111329361997642	0.003936466597755497	0.05681707055856941	0.21089672205953397	0.005663795266212264	0.008658403185453611	0.0036076282278777244	0.04267443359716188	0.0745090964372196	0.15420610512211272	0.1987625491245426	0.20386840968093525	0.44948974278317805	1.0	0.014499643471226363	0.00695494260198914	0.009703288597430929	0.013045102442339846	0.00665407328042061	1.0	0.07598561026052977	0.07902167484324889	0.006084810439659071	1.0	0.02332568724411019	0.25175647872610657	0.03810698731774959
pl	0.38742588672279304	0.06116685254617575	0.1233603071065848	0.5	0.008647286171785649	0.008786064665245123	0.08277106848732393	0.003167927508439201	0.011764556923983576	0.004124781528818998	0.06912757810249226	0.2240092377397959	0.005759542581387831	0.008049685893694468	0.0037558069790985388	0.0657854099805342	0.09146528618260301	0.160561862548837	0.21089672205953397	0.22901628833426058	0.3430703308172536	0.014499643471226363	1.0	0.007311261763397294	0.009230239415956246	0.016210452516467695	0.00796495218509989	1.0	0.07798272661728707	0.08385695385452856	0.006164013359108071	1.0	0.030006283905048177	0.2898979485566356	0.05752325248414379
pt	0.2958163163244893	0.061386338943899374	0.09785171972967724	1.0	0.0083294124157776	0.0043069733278423995	0.04415369609419417	0.003957099667869992	0.0045132415538089825	0.003999277854000574	0.034058431359131724	0.21089672205953397	0.00550871758854036	0.007383569211916641	0.003944958450826098	0.020576017330617084	0.06248140729382221	0.14201473202245876	0.15191308535297487	0.13957875683699938	0.32449979983983984	0.00695494260198914	0.007311261763397294	1.0	0.009498181660344888	0.005520964006937353	0.007255302274232003	0.585786437626905	0.07240503849474136	0.07314390997864526	0.0054712314914858685	1.0	0.02466139114836807	0.23302402810392372	0.02557682112765311
ro	0.18660549686337075	0.07281694381455488	0.06621289994825215	0.3164309725825328	0.016808734898680858	0.007992732960140166	0.015316729617028199	0.01074918514941741	0.008905369865760088	0.00836930054217038	0.012824997879930947	0.1467614860213248	0.01197210746818737	0.012603600431469048	0.008267603047404119	0.010039022181975183	0.013762055146271731	0.096026711918415	0.07903656204261435	0.07576698610001031	0.32449979983983984	0.009703288597430929	0.009230239415956246	0.009498181660344888	1.0	0.008575767873391552	0.012287530150772052	0.36602540378443865	0.09848065956387665	0.01453627918549843	0.009088058455632944	1.0	0.01432696646176164	0.17253779651421453	0.010719663494938504
ru	1.0	0.06027317021788282	0.585786437626905	1.0	0.008035161511106255	0.041952688748008594	1.0	0.002440864213275995	0.03242998424285321	0.0029798635079872093	0.5	1.0	0.005090565919914074	0.00687495594330277	0.003046445092760221	0.5	0.585786437626905	0.1987625491245426	1.0	1.0	1.0	0.013045102442339846	0.016210452516467695	0.005520964006937353	0.008575767873391552	1.0	0.006814820254384479	1.0	0.08013950503440914	0.5	0.004915344821292416	1.0	0.024481383296439944	0.585786437626905	0.5
sh	0.2958163163244893	0.055774636115569175	0.08059813782420007	1.0	0.010650116892412704	0.006026923833376622	0.03360239787553186	0.006743735642663854	0.0060125609966666235	0.005697880427567599	0.0158605143806185	0.1809073112342927	0.008714394457518614	0.013509374562771383	0.0062406709010907	0.010594157602211253	0.02180812683561144	0.1277723523322457	0.1374203627757835	0.12477741009751188	0.29429805508554946	0.00665407328042061	0.00796495218509989	0.007255302274232003	0.012287530150772052	0.006814820254384479	1.0	1.0	0.09009410830061464	0.030509081571626375	0.007878847113950658	1.0	0.033706988688366746	0.1856154626682773	0.011161551423436127
si	1.0	0.585786437626905	1.0	1.0	0.585786437626905	1.0	1.0	0.5	1.0	0.585786437626905	1.0	1.0	0.585786437626905	1.0	0.44948974278317805	1.0	1.0	1.0	1.0	1.0	1.0	1.0	1.0	0.585786437626905	0.36602540378443865	1.0	1.0	1.0	0.39564392373896007	1.0	1.0	1.0	1.0	1.0	1.0
simple	0.36602540378443865	0.11398643571819005	0.2449655295864104	0.5	0.033491622053514136	0.07884370070515072	0.10469761786126217	0.02121705612688253	0.07847387810421227	0.06400679521280882	0.08876869541388173	0.23166247903554	0.062101725885173494	0.08448879679297039	0.0644861756406412	0.08695652173913043	0.09305100366818048	0.1507560101889597	0.17507960357339145	0.1987625491245426	0.3333333333333333	0.07598561026052977	0.07798272661728707	0.07240503849474136	0.09848065956387665	0.08013950503440914	0.09009410830061464	0.39564392373896007	1.0	0.13126534680162893	0.07166450690559677	0.585786437626905	0.08816396969571427	0.22522719139308142	0.08504328885119831
sr	1.0	0.060495959567285054	1.0	1.0	0.013445243416566333	0.13367660240019172	0.585786437626905	0.007408441083503562	0.10542649822871226	0.04682296725809399	0.5	1.0	0.013233801866783535	0.04442837520520343	0.021323242972616598	0.5	0.585786437626905	0.25355482027512377	1.0	1.0	1.0	0.07902167484324889	0.08385695385452856	0.07314390997864526	0.01453627918549843	0.5	0.030509081571626375	1.0	0.13126534680162893	1.0	0.05306882396063819	1.0	0.06430516134048347	0.585786437626905	0.44948974278317805
sv	0.28436465220442186	0.059774706766523106	0.04525097137434613	1.0	0.008266144992530968	0.0037825397815933253	0.035004081033175816	0.005127864325814939	0.004471616594823898	0.004536283241899183	0.02224723665603947	0.171310475400854	0.006246731170923787	0.008513081630732606	0.004632016592230919	0.016296587179563265	0.04005009525442679	0.1407800774583959	0.17358241318593384	0.13152651661238665	0.2674788903885893	0.006084810439659071	0.006164013359108071	0.0054712314914858685	0.009088058455632944	0.004915344821292416	0.007878847113950658	1.0	0.07166450690559677	0.05306882396063819	1.0	0.5	0.019846720523707798	0.20658711810431302	0.012601733178082662
te	1.0	1.0	1.0	1.0	0.4142135623730951	1.0	1.0	0.36602540378443865	1.0	0.5	1.0	1.0	0.5	0.5	0.4142135623730951	1.0	1.0	1.0	1.0	1.0	1.0	1.0	1.0	1.0	1.0	1.0	1.0	1.0	0.585786437626905	1.0	0.5	1.0	0.585786437626905	1.0	1.0
vi	0.44948974278317805	0.09901528768779781	0.1390551394732742	0.3430703308172536	0.013700071350012824	0.013992049164767121	0.07882892529323658	0.006726807379433338	0.025359293849390264	0.01285016839492466	0.03890383566973582	0.15438708879488486	0.012979124965404305	0.03813120531401262	0.01200291714884072	0.0316205817004081	0.0715128236487759	0.15402579489467522	0.19675422795565728	0.1584693830492905	0.30901699437494745	0.02332568724411019	0.030006283905048177	0.02466139114836807	0.01432696646176164	0.024481383296439944	0.033706988688366746	1.0	0.08816396969571427	0.06430516134048347	0.019846720523707798	0.585786437626905	1.0	0.2139387691339814	0.04270675792973605
war	1.0	0.18822566650963438	0.585786437626905	1.0	0.08604146270717253	0.5	1.0	0.13840926619852625	0.3660254037844386	0.2025519956555797	0.585786437626905	1.0	0.15002206397704557	0.19636040545626823	0.16164173714115737	0.585786437626905	0.585786437626905	0.38742588672279304	1.0	0.585786437626905	1.0	0.25175647872610657	0.2898979485566356	0.23302402810392372	0.17253779651421453	0.585786437626905	0.1856154626682773	1.0	0.22522719139308142	0.585786437626905	0.20658711810431302	1.0	0.2139387691339814	1.0	0.585786437626905
zh	1.0	0.06027317021788282	1.0	1.0	0.009864358573074298	0.0807971912883851	1.0	0.004112689009271944	0.046726066892062386	0.008028165650640334	1.0	1.0	0.006745449470533381	0.02200248610958141	0.006108819719084997	1.0	1.0	0.2187841884486319	1.0	1.0	1.0	0.03810698731774959	0.05752325248414379	0.02557682112765311	0.010719663494938504	0.5	0.011161551423436127	1.0	0.08504328885119831	0.44948974278317805	0.012601733178082662	1.0	0.04270675792973605	0.585786437626905	1.0
