arz	bs	ceb	ckb	da	de	el	en	es	fr	he	hi	hu	id	it	ja	ko	lv	mk	ml	mr	nl	pl	pt	ro	ru	sh	si	simple	sr	sv	te	vi	war	zh
arz	1.0	0.7376607345031153	0.0	1.0	0.6221982196391784	0.651610424238932	1.0	0.43930354043828196	0.6783645284344529	1.0	1.0	1.0	1.0	0.7171176902274347	0.5008847703783555	1.0	1.0	1.0	1.0	1.0	1.0	1.0	0.6549329476340925	0.7171176902274347	1.0	1.0	0.7726520216574332	1.0	1.0	1.0	0.7221793916855702	1.0	1.0	1.0	1.0
bs	0.7376607345031153	1.0	0.0	0.7411828468492555	0.22127664864274874	0.22524531153514654	0.25469692685848894	0.20641779001267244	0.21243861246607365	0.23362710418884125	0.2535626244221643	0.3713250638118358	0.33471551236497726	0.20943951170754901	0.2027689804668219	0.25809924854900673	0.2547767423015466	0.2779568632969153	0.31320682526350996	0.5149012147888727	0.37925445132960206	0.2271295961693309	0.24739183615038668	0.2362370435746228	0.2372376601042992	0.24800730557485345	0.2092683621396275	0.4004177962735557	0.2654800146473964	0.19533195333581815	0.24937759865970527	1.0	0.2624430714791964	0.35968588682267	0.22578519771676803
ceb	0.0	0.0	1.0	0.0	1.0	1.0	1.0	1.0	1.0	1.0	1.0	1.0	1.0	1.0	1.0	1.0	1.0	1.0	1.0	0.0	1.0	1.0	1.0	1.0	1.0	1.0	1.0	0.0	1.0	1.0	1.0	0.0	1.0	0.0	1.0
ckb	1.0	0.7411828468492555	0.0	1.0	0.7376607345031153	1.0	1.0	0.7347168825662657	0.6161562425375515	1.0	1.0	1.0	1.0	1.0	0.7347168825662657	1.0	1.0	1.0	1.0	1.0	1.0	1.0	0.7376607345031153	1.0	1.0	1.0	0.7347168825662656	1.0	0.7376607345031153	1.0	1.0	1.0	1.0	1.0	1.0
da	0.6221982196391784	0.22127664864274874	1.0	0.7376607345031153	1.0	0.13540842995732644	0.22261620517293856	0.10855592769215812	0.1399655297852066	0.12301537183760132	0.17833176268370438	0.33923045609946895	0.18854189281521802	0.1381356161411204	0.11027168400917889	0.14905215783471304	0.16276311850069292	0.21011235553388088	0.284732128980991	0.35183020959127653	0.2890051004299395	0.11816050514121618	0.14573164036770342	0.13344600860235378	0.16731349809995996	0.15444861476241087	0.153849978422402	0.5519463947598889	0.14362477433098828	0.16554954320921922	0.1332655578976342	1.0	0.14873178892474423	0.47705226572063963	0.15382467112682677
de	0.651610424238932	0.22524531153514654	1.0	1.0	0.13540842995732644	1.0	0.27643729199699796	0.07813083592939861	0.08451281596485971	0.07742187813057838	0.19945066466873582	0.4243858857163283	0.2654508754620574	0.0946313140347504	0.09291713484622068	0.16673814361333567	0.16193124878021956	0.3360213774327346	0.3176513272394389	0.38125863822613026	0.5288822721844616	0.09056930556945693	0.09058219760141013	0.08530821036430113	0.23504672837122087	0.111302795880421	0.12251662853479815	0.6030419283415578	0.20725590378652015	0.16923309403483208	0.10275909385015758	1.0	0.2374085918060889	1.0	0.1504043293122025
el	1.0	0.25469692685848894	1.0	1.0	0.22261620517293856	0.27643729199699796	1.0	0.1359932892158108	0.19436207324151455	0.17304497720199197	1.0	1.0	1.0	0.17929558804778523	0.1463667984071757	1.0	1.0	0.5821956524078234	1.0	1.0	1.0	0.13896789030856996	0.25557786524336995	0.18896138640877594	0.45743196212703674	1.0	0.19936847880540035	1.0	0.3719936817594856	0.46966131060767663	0.2227762588736835	1.0	1.0	1.0	1.0
en	0.43930354043828196	0.20641779001267244	1.0	0.7347168825662657	0.10855592769215812	0.07813083592939861	0.1359932892158108	1.0	0.06587663088700121	0.0640266305538774	0.13341716159726674	0.18808337294974206	0.13001688837647338	0.07075327270154731	0.08557803015344709	0.1146284940276531	0.12140892431172776	0.17643710373251667	0.16833289789213599	0.19231342832488824	0.2428842624844418	0.08381026755963122	0.07544711291409767	0.06931949028398288	0.1307323206707991	0.10776380366830632	0.08617468806943304	0.32358638747097873	0.14542173013048054	0.11593767800649228	0.09165588663359851	0.39927043498715625	0.14031484868555605	0.7234532828151787	0.12163138572995659
es	0.6783645284344529	0.21243861246607365	1.0	0.6161562425375515	0.1399655297852066	0.08451281596485971	0.19436207324151455	0.06587663088700121	1.0	0.06592611019403247	0.1560514863308374	0.38817622718793954	0.24530567463140282	0.07670209773751531	0.07746765454673041	0.14361872943732867	0.14659109683205637	0.38543175922763323	0.2734349030099976	0.48002095004767564	0.43525612553348253	0.08799508261757409	0.0860100987532058	0.07077822309384652	0.204645811996672	0.07983283110518587	0.10519270004731249	1.0	0.18929607892186928	0.13922988495050118	0.1000941060906994	1.0	0.20780250164979042	1.0	0.15607440748964152
fr	1.0	0.23362710418884125	1.0	1.0	0.12301537183760132	0.07742187813057838	0.17304497720199197	0.0640266305538774	0.06592611019403247	1.0	0.11878425078633026	0.3644243487905077	0.16657200795110993	0.07286424031332094	0.06899136729696169	0.12183337845850047	0.12078093414480662	0.24143178422750808	0.25597526286125244	0.34381838839705725	0.4669075715397245	0.08220139762029484	0.07736717953869442	0.069978434876028	0.15365499393232288	0.0753932442302876	0.09908359115882324	1.0	0.1819006846778905	0.11095752301740802	0.09013515925977059	0.7248485669756152	0.15470023587671633	0.7744097047377118	0.12253550678870043
he	1.0	0.2535626244221643	1.0	1.0	0.17833176268370438	0.19945066466873582	1.0	0.13341716159726674	0.1560514863308374	0.11878425078633026	1.0	1.0	0.694985310079221	0.16728274179074007	0.13514817519410874	1.0	1.0	0.5072355122353494	1.0	1.0	1.0	0.12743164561884524	0.16572755378377096	0.14484488424265243	0.46740315239582453	1.0	0.18968671445765634	1.0	0.31980309828416437	0.4805852954941605	0.16605884665633405	1.0	1.0	1.0	1.0
hi	1.0	0.3713250638118358	1.0	1.0	0.33923045609946895	0.4243858857163283	1.0	0.18808337294974206	0.38817622718793954	0.3644243487905077	1.0	1.0	1.0	0.3110361953715932	0.24076658187146666	1.0	1.0	1.0	1.0	1.0	1.0	0.22162244495276895	0.4703165518427873	0.38382999496305475	0.7064293785686274	1.0	0.4083511217167535	1.0	0.44837797065576174	1.0	0.3883826462305587	1.0	1.0	1.0	1.0
hu	1.0	0.33471551236497726	1.0	1.0	0.18854189281521802	0.2654508754620574	1.0	0.13001688837647338	0.24530567463140282	0.16657200795110993	0.694985310079221	1.0	1.0	0.2006032813617123	0.1359739239893697	0.5693267993491202	0.5688303814861104	0.5821956524078236	1.0	0.7128329397683222	1.0	0.1420485059022392	0.2126322862766578	0.144260798272638	0.5393904523231265	0.5649531737861201	0.22757921241785917	1.0	0.3959571670411522	0.445373393372638	0.2441679390208605	1.0	0.6967033415961644	1.0	0.5687102105502511
id	0.7171176902274347	0.20943951170754901	1.0	1.0	0.1381356161411204	0.0946313140347504	0.17929558804778523	0.07075327270154731	0.07670209773751531	0.07286424031332094	0.16728274179074007	0.3110361953715932	0.2006032813617123	1.0	0.08270773103578731	0.13275079013397512	0.14166536821469283	0.3297620576964708	0.3215683860237089	0.4055641504307278	0.4579488543439087	0.09029812242251517	0.09524979580661339	0.07126185412004679	0.19084905705175884	0.0929082348156492	0.10872728300478457	0.7263875964832449	0.20505391723111516	0.1185848537645902	0.0944794293526061	0.7322034805959264	0.17059768508512638	0.7234532828151788	0.11716812358018071
it	0.5008847703783555	0.2027689804668219	1.0	0.7347168825662657	0.11027168400917889	0.09291713484622068	0.1463667984071757	0.08557803015344709	0.07746765454673041	0.06899136729696169	0.13514817519410874	0.24076658187146666	0.1359739239893697	0.08270773103578731	1.0	0.1286727743502513	0.12923825599219016	0.18321442414030598	0.15896750814119498	0.22117743208822466	0.2779154032652349	0.08381105855908623	0.08646762698988274	0.076784339591853	0.13574642252995334	0.12129725978518495	0.09331793898940165	0.6067454105236014	0.14874915606247027	0.129595143865014	0.09262311023069464	0.5889829402722551	0.14698756902223287	0.5288971101299547	0.12936034002465818
ja	1.0	0.25809924854900673	1.0	1.0	0.14905215783471304	0.16673814361333567	1.0	0.1146284940276531	0.14361872943732867	0.12183337845850047	1.0	1.0	0.5693267993491202	0.13275079013397512	0.1286727743502513	1.0	1.0	0.48872078754222237	1.0	1.0	1.0	0.11487642375862699	0.1513287762589067	0.11813166349431664	0.4441250082646348	1.0	0.17387776459522764	1.0	0.29151992368425544	0.500877257668302	0.1581514385424646	1.0	1.0	1.0	1.0
ko	1.0	0.2547767423015466	1.0	1.0	0.16276311850069292	0.16193124878021956	1.0	0.12140892431172776	0.14659109683205637	0.12078093414480662	1.0	1.0	0.5688303814861104	0.14166536821469283	0.12923825599219016	1.0	1.0	0.507905098255132	1.0	1.0	1.0	0.11588605739302592	0.13971611140359422	0.1162973005092971	0.45520355504047094	1.0	0.16506389758417897	1.0	0.23901789895837489	0.50855067216142	0.16480193338893856	1.0	1.0	1.0	1.0
lv	1.0	0.2779568632969153	1.0	1.0	0.21011235553388088	0.3360213774327346	0.5821956524078234	0.17643710373251667	0.38543175922763323	0.24143178422750808	0.5072355122353494	1.0	0.5821956524078236	0.3297620576964708	0.18321442414030598	0.48872078754222237	0.507905098255132	1.0	0.520832600840562	1.0	1.0	0.23485855060462743	0.3526980008688419	0.28026793645294584	0.4350396711683071	0.4837488366741376	0.32723524844046803	1.0	0.45923186936898375	0.5790916044961201	0.3160311370748751	1.0	0.5810779511747244	1.0	0.5062914362059161
mk	1.0	0.31320682526350996	1.0	1.0	0.284732128980991	0.3176513272394389	1.0	0.16833289789213599	0.2734349030099976	0.25597526286125244	1.0	1.0	1.0	0.3215683860237089	0.15896750814119498	1.0	1.0	0.520832600840562	1.0	1.0	1.0	0.2318582996681193	0.3407643764245418	0.30634756167763655	0.5211017649627878	1.0	0.25407043074366714	1.0	0.594922441630797	1.0	0.3584609943323223	1.0	1.0	1.0	1.0
ml	1.0	0.5149012147888727	0.0	1.0	0.35183020959127653	0.38125863822613026	1.0	0.19231342832488824	0.48002095004767564	0.34381838839705725	1.0	1.0	0.7128329397683222	0.4055641504307278	0.22117743208822466	1.0	1.0	1.0	1.0	1.0	1.0	0.3608922936086038	0.4070090995478151	0.40749029370881257	1.0	1.0	0.5356612638840043	1.0	0.3685950713130633	1.0	0.4820141142538348	1.0	1.0	1.0	1.0
mr	1.0	0.37925445132960206	1.0	1.0	0.2890051004299395	0.5288822721844616	1.0	0.2428842624844418	0.43525612553348253	0.4669075715397245	1.0	1.0	1.0	0.4579488543439087	0.2779154032652349	1.0	1.0	1.0	1.0	1.0	1.0	0.2930639605189717	0.5274889429111589	0.44314029453545783	0.7106212328351247	1.0	0.465522258859987	1.0	0.5666293715118238	1.0	0.46617973498220444	1.0	1.0	1.0	1.0
nl	1.0	0.2271295961693309	1.0	1.0	0.11816050514121618	0.09056930556945693	0.13896789030856996	0.08381026755963122	0.08799508261757409	0.08220139762029484	0.12743164561884524	0.22162244495276895	0.1420485059022392	0.09029812242251517	0.08381105855908623	0.11487642375862699	0.11588605739302592	0.23485855060462743	0.2318582996681193	0.3608922936086038	0.2930639605189717	1.0	0.09479190759184926	0.08689145228188105	0.13758422692661149	0.10413888816834344	0.10346312064968533	0.5819274293967763	0.18895504031316074	0.11567595416875268	0.09765870278123452	0.3960177441387637	0.1418590911332947	0.5607371342276144	0.11537014603775163
pl	0.6549329476340925	0.24739183615038668	1.0	0.7376607345031153	0.14573164036770342	0.09058219760141013	0.25557786524336995	0.07544711291409767	0.0860100987532058	0.07736717953869442	0.16572755378377096	0.4703165518427873	0.2126322862766578	0.09524979580661339	0.08646762698988274	0.1513287762589067	0.13971611140359422	0.3526980008688419	0.3407643764245418	0.4070090995478151	0.5274889429111589	0.09479190759184926	1.0	0.08297727283959841	0.1986644462468719	0.10479150326188838	0.12724577773071394	0.728099120889861	0.20738564010850608	0.15006819821687642	0.11395018131643657	1.0	0.22179792891036537	0.7234532828151787	0.1523661587727081
pt	0.7171176902274347	0.2362370435746228	1.0	1.0	0.13344600860235378	0.08530821036430113	0.18896138640877594	0.06931949028398288	0.07077822309384652	0.069978434876028	0.14484488424265243	0.38382999496305475	0.144260798272638	0.07126185412004679	0.076784339591853	0.11813166349431664	0.1162973005092971	0.28026793645294584	0.30634756167763655	0.40749029370881257	0.44314029453545783	0.08689145228188105	0.08297727283959841	1.0	0.15023374966058492	0.08510101297076703	0.10447907636520826	1.0	0.21475074961862692	0.11125778203147588	0.09686704809879113	1.0	0.1467857083628363	0.7234532828151788	0.11519704361918283
ro	1.0	0.2372376601042992	1.0	1.0	0.16731349809995996	0.23504672837122087	0.45743196212703674	0.1307323206707991	0.204645811996672	0.15365499393232288	0.46740315239582453	0.7064293785686274	0.5393904523231265	0.19084905705175884	0.13574642252995334	0.4441250082646348	0.45520355504047094	0.4350396711683071	0.5211017649627878	1.0	0.7106212328351247	0.13758422692661149	0.1986644462468719	0.15023374966058492	1.0	0.42550274116999226	0.21159539600011046	1.0	0.3141389657607586	0.3976408986656201	0.21432540825491567	1.0	0.4557541330198962	1.0	0.4198644506085595
ru	1.0	0.24800730557485345	1.0	1.0	0.15444861476241087	0.111302795880421	1.0	0.10776380366830632	0.07983283110518587	0.0753932442302876	1.0	1.0	0.5649531737861201	0.0929082348156492	0.12129725978518495	1.0	1.0	0.4837488366741376	1.0	1.0	1.0	0.10413888816834344	0.10479150326188838	0.08510101297076703	0.42550274116999226	1.0	0.1076800949877967	1.0	0.225259588467914	0.3831666025148546	0.11342705392914412	1.0	1.0	1.0	1.0
sh	0.7726520216574332	0.2092683621396275	1.0	0.7347168825662656	0.153849978422402	0.12251662853479815	0.19936847880540035	0.08617468806943304	0.10519270004731249	0.09908359115882324	0.18968671445765634	0.4083511217167535	0.22757921241785917	0.10872728300478457	0.09331793898940165	0.17387776459522764	0.16506389758417897	0.32723524844046803	0.25407043074366714	0.5356612638840043	0.465522258859987	0.10346312064968533	0.12724577773071394	0.10447907636520826	0.21159539600011046	0.1076800949877967	1.0	1.0	0.22436067972684356	0.1182792710716056	0.1423062604117177	0.7411828468492555	0.23681719864448775	0.7248485669756152	0.17623267322178482
si	1.0	0.4004177962735557	0.0	1.0	0.5519463947598889	0.6030419283415578	1.0	0.32358638747097873	1.0	1.0	1.0	1.0	1.0	0.7263875964832449	0.6067454105236014	1.0	1.0	1.0	1.0	1.0	1.0	0.5819274293967763	0.728099120889861	1.0	1.0	1.0	1.0	1.0	0.7300208629885034	1.0	1.0	1.0	1.0	1.0	1.0
simple	1.0	0.2654800146473964	1.0	0.7376607345031153	0.14362477433098828	0.20725590378652015	0.3719936817594856	0.14542173013048054	0.18929607892186928	0.1819006846778905	0.31980309828416437	0.44837797065576174	0.3959571670411522	0.20505391723111516	0.14874915606247027	0.29151992368425544	0.23901789895837489	0.45923186936898375	0.594922441630797	0.3685950713130633	0.5666293715118238	0.18895504031316074	0.20738564010850608	0.21475074961862692	0.3141389657607586	0.225259588467914	0.22436067972684356	0.7300208629885034	1.0	0.3113533473790717	0.2222523948959192	1.0	0.3190328026354909	0.728099120889861	0.2652443584741384
sr	1.0	0.19533195333581815	1.0	1.0	0.16554954320921922	0.16923309403483208	0.46966131060767663	0.11593767800649228	0.13922988495050118	0.11095752301740802	0.4805852954941605	1.0	0.445373393372638	0.1185848537645902	0.129595143865014	0.500877257668302	0.50855067216142	0.5790916044961201	1.0	1.0	1.0	0.11567595416875268	0.15006819821687642	0.11125778203147588	0.3976408986656201	0.3831666025148546	0.1182792710716056	1.0	0.3113533473790717	1.0	0.16110810367004613	1.0	0.5673772675987798	1.0	0.5083214206717667
sv	0.7221793916855702	0.24937759865970527	1.0	1.0	0.1332655578976342	0.10275909385015758	0.2227762588736835	0.09165588663359851	0.1000941060906994	0.09013515925977059	0.16605884665633405	0.3883826462305587	0.2441679390208605	0.0944794293526061	0.09262311023069464	0.1581514385424646	0.16480193338893856	0.3160311370748751	0.3584609943323223	0.4820141142538348	0.46617973498220444	0.09765870278123452	0.11395018131643657	0.09686704809879113	0.21432540825491567	0.11342705392914412	0.1423062604117177	1.0	0.2222523948959192	0.16110810367004613	1.0	1.0	0.2140177357350631	1.0	0.15097082042395316
te	1.0	1.0	0.0	1.0	1.0	1.0	1.0	0.39927043498715625	1.0	0.7248485669756152	1.0	1.0	1.0	0.7322034805959264	0.5889829402722551	1.0	1.0	1.0	1.0	1.0	1.0	0.3960177441387637	1.0	1.0	1.0	1.0	0.7411828468492555	1.0	1.0	1.0	1.0	1.0	1.0	1.0	1.0
vi	1.0	0.2624430714791964	1.0	1.0	0.14873178892474423	0.2374085918060889	1.0	0.14031484868555605	0.20780250164979042	0.15470023587671633	1.0	1.0	0.6967033415961644	0.17059768508512638	0.14698756902223287	1.0	1.0	0.5810779511747244	1.0	1.0	1.0	0.1418590911332947	0.22179792891036537	0.1467857083628363	0.4557541330198962	1.0	0.23681719864448775	1.0	0.3190328026354909	0.5673772675987798	0.2140177357350631	1.0	1.0	1.0	1.0
war	1.0	0.35968588682267	0.0	1.0	0.47705226572063963	1.0	1.0	0.7234532828151787	1.0	0.7744097047377118	1.0	1.0	1.0	0.7234532828151788	0.5288971101299547	1.0	1.0	1.0	1.0	1.0	1.0	0.5607371342276144	0.7234532828151787	0.7234532828151788	1.0	1.0	0.7248485669756152	1.0	0.728099120889861	1.0	1.0	1.0	1.0	1.0	1.0
zh	1.0	0.22578519771676803	1.0	1.0	0.15382467112682677	0.1504043293122025	1.0	0.12163138572995659	0.15607440748964152	0.12253550678870043	1.0	1.0	0.5687102105502511	0.11716812358018071	0.12936034002465818	1.0	1.0	0.5062914362059161	1.0	1.0	1.0	0.11537014603775163	0.1523661587727081	0.11519704361918283	0.4198644506085595	1.0	0.17623267322178482	1.0	0.2652443584741384	0.5083214206717667	0.15097082042395316	1.0	1.0	1.0	1.0
