arz	bs	ceb	ckb	da	de	el	en	es	fr	he	hi	hu	id	it	ja	ko	lv	mk	ml	mr	nl	pl	pt	ro	ru	sh	si	simple	sr	sv	te	vi	war	zh
arz	1.0	0.44948974278317805	1.0	1.0	0.20658711810431302	0.4142135623730951	1.0	0.16722520332754173	0.2958163163244893	0.2612038749637414	1.0	1.0	0.18200213598171078	0.23441237831492112	0.2240092377397959	1.0	1.0	0.585786437626905	1.0	1.0	1.0	0.39564392373896007	0.23166247903554	0.22966848451216434	0.2612038749637414	1.0	0.38742588672279304	1.0	0.36602540378443865	1.0	0.22584440001865322	1.0	0.3430703308172536	1.0	1.0
bs	0.44948974278317805	1.0	0.1518442389903171	0.585786437626905	0.09386926606263143	0.0614354278117062	0.09327391494771968	0.0508495135992795	0.05200359320621511	0.05908663842669702	0.07567730674143397	0.2958163163244893	0.09364372364508182	0.07134276698560084	0.06499377410596349	0.06178571603567681	0.1302367693308624	0.16850366126693445	0.17011071785351697	0.1886378647726465	0.38742588672279304	0.06578503619340774	0.06628642517761137	0.066263667133001	0.08714506581395476	0.05979364545590411	0.05258458760957504	1.0	0.13873451825458585	0.054551415490395036	0.05934852145506008	1.0	0.123604395088004	0.22772999919644132	0.05979364545590411
ceb	1.0	0.1518442389903171	1.0	1.0	0.07142857142857142	0.14328432723886902	1.0	0.006977953106856007	0.19367338768973055	0.05768098999503307	1.0	1.0	0.053908562784313496	0.09908719752641515	0.03911631066673878	1.0	1.0	0.585786437626905	1.0	1.0	1.0	0.11577254927197211	0.13198753181024742	0.11811127418327012	0.09127290574134969	1.0	0.10911115445599891	1.0	0.28989794855663564	1.0	0.03785307191374256	1.0	0.12985754503645516	1.0	1.0
ckb	1.0	0.585786437626905	1.0	1.0	0.585786437626905	1.0	1.0	0.32449979983983984	0.585786437626905	0.585786437626905	1.0	1.0	0.36602540378443865	0.36602540378443865	0.38742588672279304	1.0	1.0	0.585786437626905	1.0	1.0	1.0	0.5	0.585786437626905	0.4142135623730951	0.3090169943749474	1.0	0.585786437626905	1.0	1.0	1.0	0.4142135623730951	1.0	0.585786437626905	1.0	1.0
da	0.20658711810431302	0.09386926606263143	0.07142857142857142	0.585786437626905	1.0	0.007393517316450262	0.013509207312341488	0.011848088285861655	0.008117470564940254	0.007860744166168348	0.009654065906057675	0.07076234194527106	0.01092702611440237	0.011891157199178649	0.007849080710950031	0.008560848310772196	0.011859725835491261	0.06904707118473588	0.08994380441355396	0.055004244327939496	0.1774053291584318	0.008424338674730124	0.008739656861384849	0.008305621069197622	0.017401584559720025	0.007940725785846505	0.009930864493105998	0.5	0.027578119225541924	0.01287948758124462	0.007936573956766573	0.585786437626905	0.013851875462091424	0.10960059084055324	0.009451528752510268
de	0.4142135623730951	0.0614354278117062	0.14328432723886902	1.0	0.007393517316450262	1.0	0.11741708448984602	0.0015720071445673755	0.019122909064954778	0.0020398162943105406	0.10320904159048837	0.353889367864523	0.004504601797106992	0.005809243635138869	0.0022122746918030027	0.09633139677755011	0.17464760748059102	0.20894541729001367	0.3164309725825328	0.30216947925196225	0.39564392373896007	0.005638901470758294	0.008349621911250557	0.003979916134756934	0.008601525600141408	0.044650309447606805	0.00608017296498237	0.585786437626905	0.08072896814786903	0.14779166813443093	0.003972430498175664	1.0	0.016296858563838616	0.44948974278317805	0.09039706632168631
el	1.0	0.09327391494771968	1.0	1.0	0.013509207312341488	0.11741708448984602	1.0	0.0051098113316082145	0.09377021150086207	0.029115816998041416	1.0	1.0	0.010655349325819208	0.03207291745393213	0.009246828600147368	1.0	1.0	0.2791745113185196	1.0	1.0	1.0	0.07643479981789358	0.07152689543729653	0.044654969063248055	0.01915727130369128	1.0	0.03097128080685303	1.0	0.12408067293206396	1.0	0.028294048607966173	1.0	0.088977351867786	0.585786437626905	1.0
en	0.16722520332754173	0.0508495135992795	0.006977953106856007	0.32449979983983984	0.011848088285861655	0.0015720071445673755	0.0051098113316082145	1.0	0.002329435366723063	0.0054633727988395425	0.004635864574359958	0.05609916969244028	0.011832875594066965	0.007548146688504397	0.007979401100317182	0.004216278661040286	0.006969353223022638	0.07177974669065153	0.03993350183768218	0.04664601239014891	0.1951941016011038	0.0033878227927675265	0.0032754393272244257	0.004166866700311497	0.010631125783058273	0.0024368808472313205	0.006356963409536387	0.4364916731037085	0.025412307045828284	0.0067613822699088355	0.004845327219838199	0.4142135623730951	0.007000797316966049	0.11433841851550565	0.004116372734580807
es	0.2958163163244893	0.05200359320621511	0.19367338768973055	0.585786437626905	0.008117470564940254	0.019122909064954778	0.09377021150086207	0.002329435366723063	1.0	0.002640213461657686	0.08150339420305275	0.18001097668719743	0.004799851255378095	0.006039992243453285	0.002575046825321901	0.07320430149275167	0.1289039920351738	0.18151291824946006	0.2216368750839041	0.3203772410170407	0.44948974278317805	0.01543412910535824	0.015528892361684308	0.004476520830966129	0.008854655654847566	0.03672336434965447	0.006101102595364001	1.0	0.0820850997507259	0.10930610879182484	0.005102105980853813	1.0	0.024237145585022355	0.3203772410170407	0.08234176438801968
fr	0.2612038749637414	0.05908663842669702	0.05768098999503307	0.585786437626905	0.007860744166168348	0.0020398162943105406	0.029115816998041416	0.0054633727988395425	0.002640213461657686	1.0	0.010563030768674025	0.1560469703786189	0.004997934980470651	0.006015036892063168	0.004571655776721733	0.012242867632095804	0.0389463201313783	0.15022110482233483	0.11958768661132302	0.1566130288262323	0.44948974278317805	0.00403642589600676	0.0041748626485073595	0.00416479995717543	0.00873804471828951	0.0029926514070564266	0.005506949295223219	1.0	0.07625984731765507	0.04026630891735497	0.0043725112373145915	0.585786437626905	0.016644467850134424	0.2303268468157938	0.011915514125459162
he	1.0	0.07567730674143397	1.0	1.0	0.009654065906057675	0.10320904159048837	1.0	0.004635864574359958	0.08150339420305275	0.010563030768674025	1.0	1.0	0.008475027655030744	0.021059783849753842	0.00824935655157797	1.0	1.0	0.22646721143623746	1.0	1.0	1.0	0.04792820445460938	0.039455242944560716	0.02947339819313602	0.01318275025461524	0.585786437626905	0.020652764102069232	1.0	0.09138518330689237	0.5	0.024972801241276828	1.0	0.03960349396693882	0.585786437626905	1.0
hi	1.0	0.2958163163244893	1.0	1.0	0.07076234194527106	0.353889367864523	1.0	0.05609916969244028	0.18001097668719743	0.1560469703786189	1.0	1.0	0.10815240673485554	0.14201473202245876	0.12759338066860484	1.0	1.0	0.5	1.0	1.0	1.0	0.21712927295533244	0.1983555576735248	0.1852891992413258	0.1518442389903171	1.0	0.1159400614508252	1.0	0.19292728076790167	0.585786437626905	0.2372732414640341	1.0	0.1463924816619788	1.0	1.0
hu	0.18200213598171078	0.09364372364508182	0.053908562784313496	0.36602540378443865	0.01092702611440237	0.004504601797106992	0.010655349325819208	0.011832875594066965	0.004799851255378095	0.004997934980470651	0.008475027655030744	0.10815240673485554	1.0	0.009185050236037313	0.005809476973419655	0.0063885970621027485	0.014587020966877317	0.08456019692064963	0.05019380986218764	0.08695652173913043	0.13616022344521683	0.005726337988109772	0.005716537598489313	0.005561843932304514	0.013120488962360283	0.005117510031652902	0.007967663880630745	0.585786437626905	0.059635152912822446	0.014721949406005479	0.005998416874733144	0.585786437626905	0.013019497145399786	0.10886898139200683	0.007139423599435032
id	0.23441237831492112	0.07134276698560084	0.09908719752641515	0.36602540378443865	0.011891157199178649	0.005809243635138869	0.03207291745393213	0.007548146688504397	0.006039992243453285	0.006015036892063168	0.021059783849753842	0.14201473202245876	0.009185050236037313	1.0	0.006387921815982548	0.010542975896782833	0.03858503345128345	0.1053929245379516	0.13536401429820413	0.11913709945850207	0.2553967929896867	0.008580263716589077	0.008402421891614156	0.007588645629232553	0.012491929131753135	0.006680015380914058	0.013383072607042789	0.585786437626905	0.08532413545408518	0.03637455667093724	0.008493926395170801	0.4364916731037085	0.024352544904135374	0.17192062304130262	0.01837973093471042
it	0.2240092377397959	0.06499377410596349	0.03911631066673878	0.38742588672279304	0.007849080710950031	0.0022122746918030027	0.009246828600147368	0.007979401100317182	0.002575046825321901	0.004571655776721733	0.00824935655157797	0.12759338066860484	0.005809476973419655	0.006387921815982548	1.0	0.005792470565470937	0.015544513531566445	0.09887703570510135	0.09153555508348311	0.1343715892188287	0.4142135623730951	0.0035840375105975425	0.0036119891210036077	0.0041853185162533686	0.008835932805495973	0.002770962375629643	0.006329706824342902	0.585786437626905	0.061376507367632754	0.018355407524563095	0.004707289880743416	1.0	0.013920802986669246	0.20799159651347807	0.006712590855874946
ja	1.0	0.06178571603567681	1.0	1.0	0.008560848310772196	0.09633139677755011	1.0	0.004216278661040286	0.07320430149275167	0.012242867632095804	1.0	1.0	0.0063885970621027485	0.010542975896782833	0.005792470565470937	1.0	1.0	0.2193450929151803	1.0	1.0	1.0	0.038589400627653016	0.04329111960852885	0.03501519783657395	0.01192090945929659	0.5	0.013274514462472414	1.0	0.09480359029502775	0.5	0.010354878850537009	1.0	0.0342307823387821	1.0	1.0
ko	1.0	0.1302367693308624	1.0	1.0	0.011859725835491261	0.17464760748059102	1.0	0.006969353223022638	0.1289039920351738	0.0389463201313783	1.0	1.0	0.014587020966877317	0.03858503345128345	0.015544513531566445	1.0	1.0	0.22646721143623746	1.0	1.0	1.0	0.07906636242404035	0.07608803763317291	0.052326514606345055	0.015497081760753137	0.585786437626905	0.035342322752570376	1.0	0.1302367693308624	0.585786437626905	0.044961924437319445	1.0	0.07062956972394659	1.0	1.0
lv	0.585786437626905	0.16850366126693445	0.585786437626905	0.585786437626905	0.06904707118473588	0.20894541729001367	0.2791745113185196	0.07177974669065153	0.18151291824946006	0.15022110482233483	0.22646721143623746	0.5	0.08456019692064963	0.1053929245379516	0.09887703570510135	0.2193450929151803	0.22646721143623746	1.0	0.3090169943749474	0.26968623182294527	0.44948974278317805	0.17358241318593384	0.17253779651421453	0.1355556846194033	0.12010924668250578	0.21498516621900873	0.13782335926846856	1.0	0.17446335654504472	0.26533119314590375	0.14969218255130742	1.0	0.12408067293206396	0.44948974278317805	0.21498516621900873
mk	1.0	0.17011071785351697	1.0	1.0	0.08994380441355396	0.3164309725825328	1.0	0.03993350183768218	0.2216368750839041	0.11958768661132302	1.0	1.0	0.05019380986218764	0.13536401429820413	0.09153555508348311	1.0	1.0	0.3090169943749474	1.0	1.0	1.0	0.15493412373279505	0.19675422795565728	0.15174115516527187	0.09830939144567905	1.0	0.16597681693032765	1.0	0.18181818181818182	1.0	0.17491720310721423	1.0	0.12452454040547828	1.0	1.0
ml	1.0	0.1886378647726465	1.0	1.0	0.055004244327939496	0.30216947925196225	1.0	0.04664601239014891	0.3203772410170407	0.1566130288262323	1.0	1.0	0.08695652173913043	0.11913709945850207	0.1343715892188287	1.0	1.0	0.26968623182294527	1.0	1.0	1.0	0.19292728076790167	0.22901628833426058	0.11917711421067116	0.11769322328979212	1.0	0.11447933581724978	1.0	0.23166247903554	1.0	0.18464218557642828	1.0	0.11772403115357771	1.0	1.0
mr	1.0	0.38742588672279304	1.0	1.0	0.1774053291584318	0.39564392373896007	1.0	0.1951941016011038	0.44948974278317805	0.44948974278317805	1.0	1.0	0.13616022344521683	0.2553967929896867	0.4142135623730951	1.0	1.0	0.44948974278317805	1.0	1.0	1.0	0.585786437626905	0.44948974278317805	0.25355482027512377	0.22584440001865322	1.0	0.44948974278317805	1.0	0.30901699437494745	1.0	0.5	1.0	0.3430703308172536	1.0	1.0
nl	0.39564392373896007	0.06578503619340774	0.11577254927197211	0.5	0.008424338674730124	0.005638901470758294	0.07643479981789358	0.0033878227927675265	0.01543412910535824	0.00403642589600676	0.04792820445460938	0.21712927295533244	0.005726337988109772	0.008580263716589077	0.0035840375105975425	0.038589400627653016	0.07906636242404035	0.17358241318593384	0.15493412373279505	0.19292728076790167	0.585786437626905	1.0	0.016987163767925084	0.007070672197682181	0.009883947954895514	0.019295554344491817	0.007195895807363344	1.0	0.07806153211385539	0.06418151845645056	0.006246317863753604	1.0	0.026025438653943665	0.2632403810669918	0.04438713544132105
pl	0.23166247903554	0.06628642517761137	0.13198753181024742	0.585786437626905	0.008739656861384849	0.008349621911250557	0.07152689543729653	0.0032754393272244257	0.015528892361684308	0.0041748626485073595	0.039455242944560716	0.1983555576735248	0.005716537598489313	0.008402421891614156	0.0036119891210036077	0.04329111960852885	0.07608803763317291	0.17253779651421453	0.19675422795565728	0.22901628833426058	0.44948974278317805	0.016987163767925084	1.0	0.007873986960323655	0.009749583425659687	0.020431250778002178	0.00766812124095791	1.0	0.08008294829635967	0.08230123612798773	0.005901820467560044	0.585786437626905	0.03757274928485921	0.3660254037844386	0.049796591608427344
pt	0.22966848451216434	0.066263667133001	0.11811127418327012	0.4142135623730951	0.008305621069197622	0.003979916134756934	0.044654969063248055	0.004166866700311497	0.004476520830966129	0.00416479995717543	0.02947339819313602	0.1852891992413258	0.005561843932304514	0.007588645629232553	0.0041853185162533686	0.03501519783657395	0.052326514606345055	0.1355556846194033	0.15174115516527187	0.11917711421067116	0.25355482027512377	0.007070672197682181	0.007873986960323655	1.0	0.009789195359801514	0.005399572601589629	0.007176784846721724	0.585786437626905	0.07108538206738532	0.05886412157219237	0.00578535198736468	0.5	0.024253382227356592	0.20521309615767264	0.02569171586635038
ro	0.2612038749637414	0.08714506581395476	0.09127290574134969	0.3090169943749474	0.017401584559720025	0.008601525600141408	0.01915727130369128	0.010631125783058273	0.008854655654847566	0.00873804471828951	0.01318275025461524	0.1518442389903171	0.013120488962360283	0.012491929131753135	0.008835932805495973	0.01192090945929659	0.015497081760753137	0.12010924668250578	0.09830939144567905	0.11769322328979212	0.22584440001865322	0.009883947954895514	0.009749583425659687	0.009789195359801514	1.0	0.009003846024234553	0.01200531431916823	0.5	0.09526197372720867	0.016996258252598654	0.009554035986542923	0.585786437626905	0.024638711236056255	0.1449453396893802	0.011097068164152093
ru	1.0	0.05979364545590411	1.0	1.0	0.007940725785846505	0.044650309447606805	1.0	0.0024368808472313205	0.03672336434965447	0.0029926514070564266	0.585786437626905	1.0	0.005117510031652902	0.006680015380914058	0.002770962375629643	0.5	0.585786437626905	0.21498516621900873	1.0	1.0	1.0	0.019295554344491817	0.020431250778002178	0.005399572601589629	0.009003846024234553	1.0	0.007217869681121017	1.0	0.08071534485236292	0.4142135623730951	0.005321820103013148	1.0	0.02460365055560087	0.585786437626905	0.585786437626905
sh	0.38742588672279304	0.05258458760957504	0.10911115445599891	0.585786437626905	0.009930864493105998	0.00608017296498237	0.03097128080685303	0.006356963409536387	0.006101102595364001	0.005506949295223219	0.020652764102069232	0.1159400614508252	0.007967663880630745	0.013383072607042789	0.006329706824342902	0.013274514462472414	0.035342322752570376	0.13782335926846856	0.16597681693032765	0.11447933581724978	0.44948974278317805	0.007195895807363344	0.00766812124095791	0.007176784846721724	0.01200531431916823	0.007217869681121017	1.0	0.585786437626905	0.08162971694077738	0.03564815287152275	0.008412815852945038	0.585786437626905	0.03099363786283791	0.1907435698305462	0.013052841283095754
si	1.0	1.0	1.0	1.0	0.5	0.585786437626905	1.0	0.4364916731037085	1.0	1.0	1.0	1.0	0.585786437626905	0.585786437626905	0.585786437626905	1.0	1.0	1.0	1.0	1.0	1.0	1.0	1.0	0.585786437626905	0.5	1.0	0.585786437626905	1.0	1.0	1.0	1.0	1.0	0.5	1.0	1.0
simple	0.36602540378443865	0.13873451825458585	0.28989794855663564	1.0	0.027578119225541924	0.08072896814786903	0.12408067293206396	0.025412307045828284	0.0820850997507259	0.07625984731765507	0.09138518330689237	0.19292728076790167	0.059635152912822446	0.08532413545408518	0.061376507367632754	0.09480359029502775	0.1302367693308624	0.17446335654504472	0.18181818181818182	0.23166247903554	0.30901699437494745	0.07806153211385539	0.08008294829635967	0.07108538206738532	0.09526197372720867	0.08071534485236292	0.08162971694077738	1.0	1.0	0.10935501758031242	0.07906636242404033	0.5	0.08548072381595069	0.25355482027512377	0.09336995692475607
sr	1.0	0.054551415490395036	1.0	1.0	0.01287948758124462	0.14779166813443093	1.0	0.0067613822699088355	0.10930610879182484	0.04026630891735497	0.5	0.585786437626905	0.014721949406005479	0.03637455667093724	0.018355407524563095	0.5	0.585786437626905	0.26533119314590375	1.0	1.0	1.0	0.06418151845645056	0.08230123612798773	0.05886412157219237	0.016996258252598654	0.4142135623730951	0.03564815287152275	1.0	0.10935501758031242	1.0	0.03504156992715603	1.0	0.06870282742394507	1.0	0.585786437626905
sv	0.22584440001865322	0.05934852145506008	0.03785307191374256	0.4142135623730951	0.007936573956766573	0.003972430498175664	0.028294048607966173	0.004845327219838199	0.005102105980853813	0.0043725112373145915	0.024972801241276828	0.2372732414640341	0.005998416874733144	0.008493926395170801	0.004707289880743416	0.010354878850537009	0.044961924437319445	0.14969218255130742	0.17491720310721423	0.18464218557642828	0.5	0.006246317863753604	0.005901820467560044	0.00578535198736468	0.009554035986542923	0.005321820103013148	0.008412815852945038	1.0	0.07906636242404033	0.03504156992715603	1.0	1.0	0.022966472981817254	0.18660549686337075	0.014556559787594514
te	1.0	1.0	1.0	1.0	0.585786437626905	1.0	1.0	0.4142135623730951	1.0	0.585786437626905	1.0	1.0	0.585786437626905	0.4364916731037085	1.0	1.0	1.0	1.0	1.0	1.0	1.0	1.0	0.585786437626905	0.5	0.585786437626905	1.0	0.585786437626905	1.0	0.5	1.0	1.0	1.0	0.5	1.0	1.0
vi	0.3430703308172536	0.123604395088004	0.12985754503645516	0.585786437626905	0.013851875462091424	0.016296858563838616	0.088977351867786	0.007000797316966049	0.024237145585022355	0.016644467850134424	0.03960349396693882	0.1463924816619788	0.013019497145399786	0.024352544904135374	0.013920802986669246	0.0342307823387821	0.07062956972394659	0.12408067293206396	0.12452454040547828	0.11772403115357771	0.3430703308172536	0.026025438653943665	0.03757274928485921	0.024253382227356592	0.024638711236056255	0.02460365055560087	0.03099363786283791	0.5	0.08548072381595069	0.06870282742394507	0.022966472981817254	0.5	1.0	0.13918546143426822	0.034419236995179486
war	1.0	0.22772999919644132	1.0	1.0	0.10960059084055324	0.44948974278317805	0.585786437626905	0.11433841851550565	0.3203772410170407	0.2303268468157938	0.585786437626905	1.0	0.10886898139200683	0.17192062304130262	0.20799159651347807	1.0	1.0	0.44948974278317805	1.0	1.0	1.0	0.2632403810669918	0.3660254037844386	0.20521309615767264	0.1449453396893802	0.585786437626905	0.1907435698305462	1.0	0.25355482027512377	1.0	0.18660549686337075	1.0	0.13918546143426822	1.0	1.0
zh	1.0	0.05979364545590411	1.0	1.0	0.009451528752510268	0.09039706632168631	1.0	0.004116372734580807	0.08234176438801968	0.011915514125459162	1.0	1.0	0.007139423599435032	0.01837973093471042	0.006712590855874946	1.0	1.0	0.21498516621900873	1.0	1.0	1.0	0.04438713544132105	0.049796591608427344	0.02569171586635038	0.011097068164152093	0.585786437626905	0.013052841283095754	1.0	0.09336995692475607	0.585786437626905	0.014556559787594514	1.0	0.034419236995179486	1.0	1.0
