arz	bs	ceb	ckb	da	de	el	en	es	fr	he	hi	hu	id	it	ja	ko	lv	mk	ml	mr	nl	pl	pt	ro	ru	sh	si	simple	sr	sv	te	tr	vi	war	zh
arz	1.0	1.0	1.0	1.0	0.5660160774121898	1.0	1.0	0.5660160774121898	1.0	1.0	1.0	1.0	1.0	0.5660160774121898	1.0	1.0	1.0	1.0	1.0	1.0	1.0	1.0	1.0	0.5660160774121898	1.0	1.0	1.0	1.0	0.5660160774121898	1.0	0.5660160774121898	1.0	1.0	1.0	0.5660160774121898	1.0
bs	1.0	1.0	1.0	0.4430980202742534	0.6983438190355966	0.6206755440888798	1.0	0.5209479815696335	1.0	1.0	1.0	1.0	0.7885349000411518	0.743197074943588	0.4567982623862492	1.0	1.0	1.0	1.0	1.0	1.0	0.6983438190355966	0.72653347084664	0.5268810432661294	1.0	1.0	0.3989854780353995	0.5020797777427737	1.0	0.4576444201675777	0.7584325078215765	1.0	0.4695960115558277	0.7797632429953583	1.0	1.0
ceb	1.0	1.0	1.0	1.0	1.0	1.0	1.0	1.0	1.0	1.0	1.0	1.0	1.0	1.0	1.0	1.0	1.0	1.0	1.0	1.0	1.0	1.0	1.0	1.0	1.0	1.0	1.0	1.0	1.0	1.0	1.0	1.0	1.0	1.0	1.0	1.0
ckb	1.0	0.4430980202742534	1.0	1.0	0.44155947949583013	0.29977440852079806	1.0	0.308078120827306	0.7173869854085879	1.0	1.0	1.0	1.0	0.32890946844524843	0.4556471385531681	1.0	1.0	1.0	1.0	1.0	1.0	0.39851534002113775	0.480336951729734	0.7945722662844971	0.7992591943912659	1.0	0.4356393421039726	1.0	0.6996184724674889	1.0	0.4241580276166406	1.0	0.6431283169108787	1.0	0.4695960115558277	1.0
da	0.5660160774121898	0.6983438190355966	1.0	0.44155947949583013	1.0	0.6072216315204682	0.6983438190355966	0.4681304451683485	0.6524007805500077	0.39948879267426457	0.6704675947063355	0.6983438190355966	0.5867708855311548	0.6345361398865476	0.4732655284306985	0.6524007805500077	0.6704675947063355	0.6704675947063355	0.6983438190355966	0.7690990303325336	1.0	1.0	0.6132233735451	0.4732655284306985	0.6983438190355966	0.6524007805500077	0.4075907037114453	1.0	0.7863954451402115	0.5170548453660265	0.6669869699732681	0.8216064286890065	0.47434225273595887	0.6455530187099326	0.7863954451402115	0.6704675947063355
de	1.0	0.6206755440888798	1.0	0.29977440852079806	0.6072216315204682	1.0	0.6206755440888798	0.29246963897861666	0.4895286945620678	0.4346048996303521	0.568330267587021	0.6206755440888798	0.5486718865852982	0.58723893076133	0.47925940379717624	0.4821254893578859	0.49557497950464724	0.6206755440888798	0.7328496969175289	0.6569998762970467	1.0	0.5153840778080074	0.34237840711886597	0.47326140422687357	0.568330267587021	0.47702834331567046	0.3559584463072257	0.7863954451402115	0.8862616044261856	0.40177396093719336	0.5401101964621466	0.5480953166963739	0.5098909531742758	0.6142897691108749	0.8862616044261856	0.49557497950464724
el	1.0	1.0	1.0	1.0	0.6983438190355966	0.6206755440888798	1.0	0.6460829475291402	1.0	1.0	1.0	1.0	0.6268287196312556	0.743197074943588	0.4567982623862492	1.0	1.0	1.0	1.0	1.0	1.0	0.685633341240947	0.6606673429064904	0.4567982623862492	1.0	1.0	0.4377367103295498	1.0	1.0	0.4576444201675777	0.72653347084664	1.0	0.4493075654568811	0.8612416127704849	1.0	1.0
en	0.5660160774121898	0.5209479815696335	1.0	0.308078120827306	0.4681304451683485	0.29246963897861666	0.6460829475291402	1.0	0.2714748427807958	0.2767201635951742	0.45007825697966847	0.5209479815696335	0.38312400072518366	0.4172309775208873	0.3236618642441764	0.31037713368683556	0.3499520073285435	0.45007825697966847	0.7596784391571239	0.46094531231346114	0.5660160774121898	0.2890930663030623	0.3338569049290441	0.3188033113950954	0.491618452209635	0.2873817238746909	0.2643760325846866	0.45627762828753365	0.8236800042410136	0.263034025407468	0.3204612528975765	0.4702762018265765	0.40277122066062093	0.47234341038491034	0.8236800042410136	0.31368248201016496
es	1.0	1.0	1.0	0.7173869854085879	0.6524007805500077	0.4895286945620678	1.0	0.2714748427807958	1.0	0.6983567149724507	1.0	1.0	0.6174107679908328	0.630441200900751	0.31798808371465126	1.0	1.0	1.0	1.0	1.0	1.0	0.6274475463127992	0.37927441649331683	0.34815942281284556	1.0	1.0	0.35598248100831015	1.0	1.0	0.3985371830837068	0.6786291688147438	1.0	0.35797534024006966	0.7416188273068781	1.0	1.0
fr	1.0	1.0	1.0	1.0	0.39948879267426457	0.4346048996303521	1.0	0.2767201635951742	0.6983567149724507	1.0	0.43526109167898114	1.0	0.4399614283962775	0.38496815339791435	0.3010660153233824	0.40105550461749023	0.41691170415342604	0.4493075654568811	1.0	1.0	1.0	0.5962226585339907	0.4200708705712726	0.28877159332868246	1.0	0.7011716713392848	0.3113447698064089	1.0	1.0	0.38026836217503074	0.590006523945818	1.0	0.43526109167898114	0.3966981937938487	1.0	1.0
he	1.0	1.0	1.0	1.0	0.6704675947063355	0.568330267587021	1.0	0.45007825697966847	1.0	0.43526109167898114	1.0	1.0	0.716373398497726	0.6718915812955162	0.4180422656352905	1.0	1.0	1.0	1.0	1.0	1.0	0.6524007805500077	0.7106922308883378	0.4180422656352905	1.0	1.0	0.4377367103295498	1.0	1.0	0.4417255608795031	0.7510341748895938	1.0	0.4493075654568811	0.7416188273068781	1.0	1.0
hi	1.0	1.0	1.0	1.0	0.6983438190355966	0.6206755440888798	1.0	0.5209479815696335	1.0	1.0	1.0	1.0	0.6268287196312556	0.6984742482535099	0.4567982623862492	1.0	1.0	1.0	1.0	1.0	1.0	0.6704675947063354	0.72653347084664	0.4567982623862492	1.0	1.0	0.47599470038999897	1.0	1.0	0.4576444201675777	0.7584325078215765	1.0	0.4493075654568811	0.7797632429953583	1.0	1.0
hu	1.0	0.7885349000411518	1.0	1.0	0.5867708855311548	0.5486718865852982	0.6268287196312556	0.38312400072518366	0.6174107679908328	0.4399614283962775	0.716373398497726	0.6268287196312556	1.0	0.6159017759108668	0.35691269909957307	0.6174107679908328	0.6689008050959222	0.8161003768321292	0.7885349000411518	0.6569998762970467	1.0	0.5750943181517657	0.6068432583641329	0.3907036982154689	0.5643741165549299	0.6387803835851825	0.4051724080405081	1.0	0.8862616044261856	0.39842423356816337	0.6434446817187032	0.7863954451402115	0.4567595276900369	0.6903851393560114	0.8862616044261856	0.5270992987926453
id	0.5660160774121898	0.743197074943588	1.0	0.32890946844524843	0.6345361398865476	0.58723893076133	0.743197074943588	0.4172309775208873	0.630441200900751	0.38496815339791435	0.6718915812955162	0.6984742482535099	0.6159017759108668	1.0	0.3834436103562576	0.6406116840463252	0.653833459791483	0.6984742482535099	0.743197074943588	0.6984742482535099	1.0	0.6216131814634324	0.7375100716668547	0.3834436103562576	0.6984742482535099	0.653833459791483	0.3942243209671157	1.0	0.8527592016360277	0.4399004398438886	0.6410324683812855	0.8125806012482828	0.37795031899622056	0.7715207898934423	0.8527592016360277	0.653833459791483
it	1.0	0.4567982623862492	1.0	0.4556471385531681	0.4732655284306985	0.47925940379717624	0.4567982623862492	0.3236618642441764	0.31798808371465126	0.3010660153233824	0.4180422656352905	0.4567982623862492	0.35691269909957307	0.3834436103562576	1.0	0.3256507328090964	0.39239028303039547	0.4180422656352905	0.5268810432661294	0.4377367103295498	1.0	0.32861608965192224	0.2779884556667887	1.0	0.4180422656352905	0.35108007431505733	0.34439486344880443	1.0	0.5480953166963739	0.34397466697467033	0.36487555701955116	0.5480953166963739	0.46846657642296674	0.410566309330467	0.5480953166963739	0.33884216262425004
ja	1.0	1.0	1.0	1.0	0.6524007805500077	0.4821254893578859	1.0	0.31037713368683556	1.0	0.40105550461749023	1.0	1.0	0.6174107679908328	0.6406116840463252	0.3256507328090964	1.0	1.0	1.0	1.0	1.0	1.0	0.6387613973429165	0.6204120806044474	0.34815942281284556	1.0	1.0	0.3630464182601689	1.0	1.0	0.4027278147937851	0.6841174893561722	1.0	0.43526109167898114	0.7416188273068781	1.0	1.0
ko	1.0	1.0	1.0	1.0	0.6704675947063355	0.49557497950464724	1.0	0.3499520073285435	1.0	0.41691170415342604	1.0	1.0	0.6689008050959222	0.653833459791483	0.39239028303039547	1.0	1.0	1.0	1.0	1.0	1.0	0.6239725949460845	0.6300331949870974	0.37379126334646623	1.0	1.0	0.38205559662319344	1.0	1.0	0.41360553468474	0.6908587525207897	1.0	0.35797534024006966	0.7416188273068781	1.0	1.0
lv	1.0	1.0	1.0	1.0	0.6704675947063355	0.6206755440888798	1.0	0.45007825697966847	1.0	0.4493075654568811	1.0	1.0	0.8161003768321292	0.6984742482535099	0.4180422656352905	1.0	1.0	1.0	1.0	1.0	1.0	0.6704675947063355	0.7106922308883378	0.4180422656352905	1.0	1.0	0.4130061351254454	1.0	1.0	0.4417255608795031	0.7584325078215765	1.0	0.4695960115558277	0.7797632429953583	1.0	1.0
mk	1.0	1.0	1.0	1.0	0.6983438190355966	0.7328496969175289	1.0	0.7596784391571239	1.0	1.0	1.0	1.0	0.7885349000411518	0.743197074943588	0.5268810432661294	1.0	1.0	1.0	1.0	1.0	1.0	0.6983438190355966	0.7509407156957146	0.5268810432661294	1.0	1.0	0.47599470038999897	1.0	1.0	0.4805954866802148	0.7690990303325336	1.0	0.4695960115558277	0.8612416127704849	1.0	1.0
ml	1.0	1.0	1.0	1.0	0.7690990303325336	0.6569998762970467	1.0	0.46094531231346114	1.0	1.0	1.0	1.0	0.6569998762970467	0.6984742482535099	0.4377367103295498	1.0	1.0	1.0	1.0	1.0	1.0	0.7584325078215763	0.7584325078215763	0.4377367103295498	1.0	1.0	1.0	1.0	1.0	0.4493075654568811	1.0	1.0	0.4695960115558277	0.8428085291297184	1.0	1.0
mr	1.0	1.0	1.0	1.0	1.0	1.0	1.0	0.5660160774121898	1.0	1.0	1.0	1.0	1.0	1.0	1.0	1.0	1.0	1.0	1.0	1.0	1.0	1.0	1.0	1.0	1.0	1.0	1.0	1.0	1.0	0.5660160774121898	1.0	1.0	1.0	1.0	1.0	1.0
nl	1.0	0.6983438190355966	1.0	0.39851534002113775	1.0	0.5153840778080074	0.685633341240947	0.2890930663030623	0.6274475463127992	0.5962226585339907	0.6524007805500077	0.6704675947063354	0.5750943181517657	0.6216131814634324	0.32861608965192224	0.6387613973429165	0.6239725949460845	0.6704675947063355	0.6983438190355966	0.7584325078215763	1.0	1.0	0.37968562888845314	0.3959442176323054	0.657312113971931	0.6102585468090401	0.3578136567354133	0.7863954451402115	0.7863954451402115	0.41526373111115983	0.6304130705982304	0.7863954451402115	0.4384641820538066	0.6384258652125508	0.7863954451402115	0.5973329889831545
pl	1.0	0.72653347084664	1.0	0.480336951729734	0.6132233735451	0.34237840711886597	0.6606673429064904	0.3338569049290441	0.37927441649331683	0.4200708705712726	0.7106922308883378	0.72653347084664	0.6068432583641329	0.7375100716668547	0.2779884556667887	0.6204120806044474	0.6300331949870974	0.7106922308883378	0.7509407156957146	0.7584325078215763	1.0	0.37968562888845314	1.0	0.3599879189556068	0.6427811771228706	0.36937751509902533	0.2700255690349647	1.0	0.7863954451402115	0.2972295987349831	0.3668509390868404	1.0	0.44426664617304035	0.7655830804195571	0.7863954451402115	0.6067253066550437
pt	0.5660160774121898	0.5268810432661294	1.0	0.7945722662844971	0.4732655284306985	0.47326140422687357	0.4567982623862492	0.3188033113950954	0.34815942281284556	0.28877159332868246	0.4180422656352905	0.4567982623862492	0.3907036982154689	0.3834436103562576	1.0	0.34815942281284556	0.37379126334646623	0.4180422656352905	0.5268810432661294	0.4377367103295498	1.0	0.3959442176323054	0.3599879189556068	1.0	0.4180422656352905	0.35952714739494035	0.4824102043435155	0.8125806012482828	0.5480953166963739	0.37914891346358043	0.3733759475617883	0.5480953166963739	0.46846657642296674	0.4303667217258605	0.5480953166963739	0.35952714739494035
ro	1.0	1.0	1.0	0.7992591943912659	0.6983438190355966	0.568330267587021	1.0	0.491618452209635	1.0	1.0	1.0	1.0	0.5643741165549299	0.6984742482535099	0.4180422656352905	1.0	1.0	1.0	1.0	1.0	1.0	0.657312113971931	0.6427811771228706	0.4180422656352905	1.0	1.0	0.4377367103295498	1.0	1.0	0.4417255608795031	0.7106922308883379	1.0	0.43526109167898114	0.7797632429953583	1.0	1.0
ru	1.0	1.0	1.0	1.0	0.6524007805500077	0.47702834331567046	1.0	0.2873817238746909	1.0	0.7011716713392848	1.0	1.0	0.6387803835851825	0.653833459791483	0.35108007431505733	1.0	1.0	1.0	1.0	1.0	1.0	0.6102585468090401	0.36937751509902533	0.35952714739494035	1.0	1.0	0.3213408087844375	1.0	1.0	0.39493893585380213	0.6740515375688697	1.0	0.43526109167898114	0.7177423689385909	1.0	1.0
sh	1.0	0.3989854780353995	1.0	0.4356393421039726	0.4075907037114453	0.3559584463072257	0.4377367103295498	0.2643760325846866	0.35598248100831015	0.3113447698064089	0.4377367103295498	0.47599470038999897	0.4051724080405081	0.3942243209671157	0.34439486344880443	0.3630464182601689	0.38205559662319344	0.4130061351254454	0.47599470038999897	1.0	1.0	0.3578136567354133	0.2700255690349647	0.4824102043435155	0.4377367103295498	0.3213408087844375	1.0	0.5020797777427737	1.0	0.27527980106797334	0.3410831295607224	1.0	0.47744071649931835	0.37686599770767365	1.0	0.3423836371185269
si	1.0	0.5020797777427737	1.0	1.0	1.0	0.7863954451402115	1.0	0.45627762828753365	1.0	1.0	1.0	1.0	1.0	1.0	1.0	1.0	1.0	1.0	1.0	1.0	1.0	0.7863954451402115	1.0	0.8125806012482828	1.0	1.0	0.5020797777427737	1.0	0.8125806012482828	1.0	1.0	1.0	0.7495060196705011	1.0	1.0	1.0
simple	0.5660160774121898	1.0	1.0	0.6996184724674889	0.7863954451402115	0.8862616044261856	1.0	0.8236800042410136	1.0	1.0	1.0	1.0	0.8862616044261856	0.8527592016360277	0.5480953166963739	1.0	1.0	1.0	1.0	1.0	1.0	0.7863954451402115	0.7863954451402115	0.5480953166963739	1.0	1.0	1.0	0.8125806012482828	1.0	0.5020797777427737	1.0	1.0	0.5020797777427737	0.8755395908437883	1.0	1.0
sr	1.0	0.4576444201675777	1.0	1.0	0.5170548453660265	0.40177396093719336	0.4576444201675777	0.263034025407468	0.3985371830837068	0.38026836217503074	0.4417255608795031	0.4576444201675777	0.39842423356816337	0.4399004398438886	0.34397466697467033	0.4027278147937851	0.41360553468474	0.4417255608795031	0.4805954866802148	0.4493075654568811	0.5660160774121898	0.41526373111115983	0.2972295987349831	0.37914891346358043	0.4417255608795031	0.39493893585380213	0.27527980106797334	1.0	0.5020797777427737	1.0	0.39426083264521017	0.5020797777427737	0.36538265994338254	0.43215122862069383	0.5020797777427737	0.4076738337198827
sv	0.5660160774121898	0.7584325078215765	1.0	0.4241580276166406	0.6669869699732681	0.5401101964621466	0.72653347084664	0.3204612528975765	0.6786291688147438	0.590006523945818	0.7510341748895938	0.7584325078215765	0.6434446817187032	0.6410324683812855	0.36487555701955116	0.6841174893561722	0.6908587525207897	0.7584325078215765	0.7690990303325336	1.0	1.0	0.6304130705982304	0.3668509390868404	0.3733759475617883	0.7106922308883379	0.6740515375688697	0.3410831295607224	1.0	1.0	0.39426083264521017	1.0	1.0	0.46519946658276556	0.6989003018886069	1.0	0.6841174893561722
te	1.0	1.0	1.0	1.0	0.8216064286890065	0.5480953166963739	1.0	0.4702762018265765	1.0	1.0	1.0	1.0	0.7863954451402115	0.8125806012482828	0.5480953166963739	1.0	1.0	1.0	1.0	1.0	1.0	0.7863954451402115	1.0	0.5480953166963739	1.0	1.0	1.0	1.0	1.0	0.5020797777427737	1.0	1.0	0.5020797777427737	0.7863954451402115	1.0	1.0
tr	1.0	0.4695960115558277	1.0	0.6431283169108787	0.47434225273595887	0.5098909531742758	0.4493075654568811	0.40277122066062093	0.35797534024006966	0.43526109167898114	0.4493075654568811	0.4493075654568811	0.4567595276900369	0.37795031899622056	0.46846657642296674	0.43526109167898114	0.35797534024006966	0.4695960115558277	0.4695960115558277	0.4695960115558277	1.0	0.4384641820538066	0.44426664617304035	0.46846657642296674	0.43526109167898114	0.43526109167898114	0.47744071649931835	0.7495060196705011	0.5020797777427737	0.36538265994338254	0.46519946658276556	0.5020797777427737	1.0	0.4505062295768971	0.5020797777427737	0.43526109167898114
vi	1.0	0.7797632429953583	1.0	1.0	0.6455530187099326	0.6142897691108749	0.8612416127704849	0.47234341038491034	0.7416188273068781	0.3966981937938487	0.7416188273068781	0.7797632429953583	0.6903851393560114	0.7715207898934423	0.410566309330467	0.7416188273068781	0.7416188273068781	0.7797632429953583	0.8612416127704849	0.8428085291297184	1.0	0.6384258652125508	0.7655830804195571	0.4303667217258605	0.7797632429953583	0.7177423689385909	0.37686599770767365	1.0	0.8755395908437883	0.43215122862069383	0.6989003018886069	0.7863954451402115	0.4505062295768971	1.0	0.8755395908437883	0.7416188273068781
war	0.5660160774121898	1.0	1.0	0.4695960115558277	0.7863954451402115	0.8862616044261856	1.0	0.8236800042410136	1.0	1.0	1.0	1.0	0.8862616044261856	0.8527592016360277	0.5480953166963739	1.0	1.0	1.0	1.0	1.0	1.0	0.7863954451402115	0.7863954451402115	0.5480953166963739	1.0	1.0	1.0	1.0	1.0	0.5020797777427737	1.0	1.0	0.5020797777427737	0.8755395908437883	1.0	1.0
zh	1.0	1.0	1.0	1.0	0.6704675947063355	0.49557497950464724	1.0	0.31368248201016496	1.0	1.0	1.0	1.0	0.5270992987926453	0.653833459791483	0.33884216262425004	1.0	1.0	1.0	1.0	1.0	1.0	0.5973329889831545	0.6067253066550437	0.35952714739494035	1.0	1.0	0.3423836371185269	1.0	1.0	0.4076738337198827	0.6841174893561722	1.0	0.43526109167898114	0.7416188273068781	1.0	1.0
