arz	bs	ceb	ckb	da	de	el	en	es	fr	he	hi	hu	id	it	ja	ko	lv	mk	ml	mr	nl	pl	pt	ro	ru	sh	si	simple	sr	sv	te	tr	vi	war	zh
arz	1.0	1.0	0.7823580915869558	1.0	1.0	1.0	1.0	1.0	1.0	1.0	1.0	1.0	1.0	1.0	1.0	1.0	1.0	1.0	1.0	1.0	1.0	0.8216064286890065	1.0	1.0	1.0	1.0	1.0	1.0	1.0	1.0	1.0	0.0	1.0	1.0	1.0	1.0
bs	1.0	1.0	0.7635370812606385	1.0	0.7863954451402115	1.0	1.0	0.7690990303325336	1.0	1.0	1.0	1.0	1.0	1.0	1.0	1.0	1.0	1.0	1.0	1.0	1.0	0.7690990303325336	1.0	1.0	1.0	1.0	1.0	0.8818694464560778	1.0	1.0	1.0	0.0	0.2895540500975373	1.0	0.39102285222353517	1.0
ceb	0.7823580915869558	0.7635370812606385	1.0	0.8001165139771422	0.7442160087899828	0.708559877522564	0.7950817998660668	0.6247781955992414	0.6401733169252769	0.6309930249588586	0.7985557540350712	0.8027205292192032	0.4318351536237498	0.7007100228924125	0.7727636385695996	0.7950817998660668	0.7950817998660668	0.5656766896444942	0.8001165139771422	0.8001165139771422	0.8001165139771422	0.770115833952517	0.7348981890693118	0.32431620876992034	0.740806136286921	0.7950817998660668	0.3280391119354463	0.839556667136453	0.7692326310270635	0.7985557540350713	0.6784316835521016	0.8106873976731788	-1.0	0.6648998293676514	0.3960552535834419	0.24389186092112697
ckb	1.0	1.0	0.8001165139771422	1.0	0.672370045633007	1.0	1.0	0.7584325078215763	1.0	1.0	1.0	0.0	1.0	1.0	1.0	1.0	1.0	1.0	1.0	0.0	1.0	1.0	1.0	1.0	1.0	1.0	1.0	1.0	1.0	1.0	0.7863954451402115	0.0	1.0	1.0	0.39262229025391593	1.0
da	1.0	0.7863954451402115	0.7442160087899828	0.672370045633007	1.0	0.5189347630425286	0.6841174893561723	0.46960697232806486	0.55813482181299	0.5470452549625494	0.6908587525207898	1.0	0.7455134344225701	0.6128508099341461	0.5759877454090692	0.5647664640579516	0.7992591943912659	0.8137822343553779	0.5774632628641765	1.0	1.0	0.4290035791722513	0.54105138641594	0.5725438049917462	0.6149006977912083	0.5533351710221173	0.5665337154418844	0.8560168638750267	0.6590675637199679	0.7510341748895938	0.40243275608344103	0.0	0.4620893228242531	1.0	0.38884099790392057	0.5647664640579516
de	1.0	1.0	0.708559877522564	1.0	0.5189347630425286	1.0	0.538982845673474	0.24490463840715404	0.3447893732305325	0.19673115433296484	0.7347168825662658	0.74551343442257	0.2754552339867402	0.45219253986002506	0.28223392571970973	0.3712252766552714	0.6143589292419387	0.7411828468492555	0.4576904705475979	1.0	1.0	0.33182988311232275	0.41923701155168097	0.44722873475040553	0.5018566152010031	0.33286687188787234	0.3636535068877541	0.8276153933857774	0.46215890225087375	0.6786291688147438	0.3395622294202152	0.0	0.27951353575614934	1.0	0.38841032935066283	0.38091970705547634
el	1.0	1.0	0.7950817998660668	1.0	0.6841174893561723	0.538982845673474	1.0	0.43115389239515267	1.0	0.3865966302102591	1.0	1.0	1.0	0.6740515375688697	0.36839410135296113	1.0	1.0	1.0	1.0	1.0	1.0	0.532686333148368	0.7322034805959264	1.0	0.7322034805959263	1.0	0.4147790984071646	1.0	0.6128508099341461	1.0	0.4831948349989084	0.0	0.7510341748895939	1.0	0.39262229025391593	1.0
en	1.0	0.7690990303325336	0.6247781955992414	0.7584325078215763	0.46960697232806486	0.24490463840715404	0.43115389239515267	1.0	0.2809897673093336	0.1904396362132831	0.5388867355504758	0.45572333786367597	0.26362119016013297	0.3332509078956825	0.1924836569665514	0.22411829369859312	0.24999265478769983	0.6268157886197201	0.30315739707071304	1.0	1.0	0.2603566575822323	0.34585231399771393	0.3269923773696062	0.4084095051829043	0.2747177133161045	0.26731000878835376	0.7136319587150307	0.3655378210968109	0.5290233561627078	0.26854976950663406	1.0	0.2527404590662103	0.4420769819954131	0.3809868776757212	0.2684463208704067
es	1.0	1.0	0.6401733169252769	1.0	0.55813482181299	0.3447893732305325	1.0	0.2809897673093336	1.0	0.32014631960211304	1.0	1.0	0.29084684611612854	0.5376587316850219	0.3417754632711524	0.594922441630797	0.7199285383279773	1.0	1.0	1.0	1.0	0.4197946442043416	0.6475250169846578	0.6024121817672693	0.6638546162332061	0.5605854226359269	0.36217256247714485	0.7337010835551139	0.5929351335507902	1.0	0.3911826679297654	0.0	0.2299751513693302	1.0	0.3812840909095298	0.639838589235806
fr	1.0	1.0	0.6309930249588586	1.0	0.5470452549625494	0.19673115433296484	0.3865966302102591	0.1904396362132831	0.32014631960211304	1.0	0.6786291688147438	0.7411828468492556	0.2767157327852462	0.4081615962970612	0.20954275852234466	0.23515376902405827	0.44487435525388974	1.0	0.38238110814537574	1.0	1.0	0.21002746694367008	0.4062019218091044	0.27738970756924586	0.5274415748842134	0.2375677363991026	0.31209968521308173	0.7373045756556142	0.5499369080839879	0.7347168825662657	0.3588378040729422	0.0	0.317396688705112	0.7347168825662657	0.37834114853663975	0.29674119653823217
he	1.0	1.0	0.7985557540350712	1.0	0.6908587525207898	0.7347168825662658	1.0	0.5388867355504758	1.0	0.6786291688147438	1.0	1.0	1.0	1.0	1.0	1.0	1.0	1.0	1.0	1.0	1.0	0.7992591943912659	0.7376607345031153	1.0	1.0	1.0	0.7510341748895939	1.0	0.6908587525207898	1.0	0.5510274989019284	0.0	1.0	1.0	0.39262229025391593	1.0
hi	1.0	1.0	0.8027205292192032	0.0	1.0	0.74551343442257	1.0	0.45572333786367597	1.0	0.7411828468492556	1.0	1.0	1.0	1.0	0.7584325078215765	1.0	1.0	1.0	1.0	1.0	1.0	0.72653347084664	0.7510341748895938	1.0	1.0	1.0	1.0	1.0	1.0	1.0	1.0	1.0	0.7455134344225701	1.0	0.4014166497800915	1.0
hu	1.0	1.0	0.4318351536237498	1.0	0.7455134344225701	0.2754552339867402	1.0	0.26362119016013297	0.29084684611612854	0.2767157327852462	1.0	1.0	1.0	0.3140092302729117	0.3801597826765025	0.2692407832722344	0.3129423100646883	1.0	0.661251134120194	1.0	1.0	0.29972562801859975	0.2847020564914191	1.0	1.0	0.2692407832722344	0.3014615685902654	0.5149681128972838	0.3214932098341145	0.33478596644994485	0.2969599553392476	0.0	1.0	0.3628082784840416	0.3371158504125961	0.2727258184806748
id	1.0	1.0	0.7007100228924125	1.0	0.6128508099341461	0.45219253986002506	0.6740515375688697	0.3332509078956825	0.5376587316850219	0.4081615962970612	1.0	1.0	0.3140092302729117	1.0	0.30922145456732725	0.5153314885675222	0.6667969795412325	1.0	0.6311153301999093	1.0	1.0	0.4035691663033788	0.5534315533213321	0.6200511349970952	0.6740515375688697	0.508595710825516	0.6786291688147437	0.8285058825522376	0.5945154761264281	1.0	0.5040389771507326	1.0	0.45701413810000596	0.7455134344225701	0.38622608055896496	0.5922744534241068
it	1.0	1.0	0.7727636385695996	1.0	0.5759877454090692	0.28223392571970973	0.36839410135296113	0.1924836569665514	0.3417754632711524	0.20954275852234466	1.0	0.7584325078215765	0.3801597826765025	0.30922145456732725	1.0	0.28545855012626903	0.3148075844032681	1.0	0.2945485900636109	1.0	1.0	0.29111451642775443	0.3475706881773985	0.34948336635728844	0.3254946279266488	0.31630329771166776	0.2890963704130739	0.9091663643383362	0.3596157619211196	0.7942219112853846	0.29623763343035114	0.0	0.25920048512675226	0.6067253066550435	0.3926465163094119	0.23361566240898696
ja	1.0	1.0	0.7950817998660668	1.0	0.5647664640579516	0.3712252766552714	1.0	0.22411829369859312	0.594922441630797	0.23515376902405827	1.0	1.0	0.2692407832722344	0.5153314885675222	0.28545855012626903	1.0	1.0	1.0	1.0	1.0	1.0	0.37933482717675665	0.6037638397743439	1.0	0.6638546162332061	1.0	0.3394005240536082	1.0	0.5929351335507902	1.0	0.36967977669049706	1.0	0.3077641790899698	1.0	0.39262229025391593	1.0
ko	1.0	1.0	0.7950817998660668	1.0	0.7992591943912659	0.6143589292419387	1.0	0.24999265478769983	0.7199285383279773	0.44487435525388974	1.0	1.0	0.3129423100646883	0.6667969795412325	0.3148075844032681	1.0	1.0	1.0	1.0	1.0	1.0	0.4628578876106766	0.6532002319725722	1.0	0.7322034805959264	1.0	0.7942219112853846	1.0	0.7051349230068009	1.0	0.5349381101807295	0.0	0.6740515375688696	1.0	0.39262229025391593	1.0
lv	1.0	1.0	0.5656766896444942	1.0	0.8137822343553779	0.7411828468492555	1.0	0.6268157886197201	1.0	1.0	1.0	1.0	1.0	1.0	1.0	1.0	1.0	1.0	1.0	1.0	1.0	0.8458134867266176	1.0	1.0	1.0	1.0	0.7510341748895939	0.6726485683029464	0.7106922308883379	1.0	0.6395657813917609	0.0	0.6066801002327771	1.0	0.3637697707136915	1.0
mk	1.0	1.0	0.8001165139771422	1.0	0.5774632628641765	0.4576904705475979	1.0	0.30315739707071304	1.0	0.38238110814537574	1.0	1.0	0.661251134120194	0.6311153301999093	0.2945485900636109	1.0	1.0	1.0	1.0	1.0	1.0	0.42634758556123875	0.6067636116293127	1.0	0.6667969795412325	1.0	0.43743908959435673	1.0	0.596758689454266	1.0	0.46661918891327475	0.0	0.7106922308883379	1.0	0.39262229025391593	1.0
ml	1.0	1.0	0.8001165139771422	0.0	1.0	1.0	1.0	1.0	1.0	1.0	1.0	1.0	1.0	1.0	1.0	1.0	1.0	1.0	1.0	1.0	0.0	1.0	1.0	1.0	1.0	1.0	1.0	1.0	1.0	1.0	1.0	0.0	0.5481944748537052	1.0	0.39262229025391593	1.0
mr	1.0	1.0	0.8001165139771422	1.0	1.0	1.0	1.0	1.0	1.0	1.0	1.0	1.0	1.0	1.0	1.0	1.0	1.0	1.0	1.0	0.0	1.0	1.0	1.0	1.0	1.0	1.0	1.0	1.0	1.0	1.0	0.8216064286890065	1.0	1.0	0.0	0.39262229025391593	1.0
nl	0.8216064286890065	0.7690990303325336	0.770115833952517	1.0	0.4290035791722513	0.33182988311232275	0.532686333148368	0.2603566575822323	0.4197946442043416	0.21002746694367008	0.7992591943912659	0.72653347084664	0.29972562801859975	0.4035691663033788	0.29111451642775443	0.37933482717675665	0.4628578876106766	0.8458134867266176	0.42634758556123875	1.0	1.0	1.0	0.3682315616664947	0.36230069977080964	0.4516705114655787	0.3886929862710511	0.33472158830607257	0.8978129605638955	0.5721504282361946	0.5900443701005434	0.3958966274328544	0.0	0.26154556296126	0.629896233114065	0.39074451178371294	0.3954364386058106
pl	1.0	1.0	0.7348981890693118	1.0	0.54105138641594	0.41923701155168097	0.7322034805959264	0.34585231399771393	0.6475250169846578	0.4062019218091044	0.7376607345031153	0.7510341748895938	0.2847020564914191	0.5534315533213321	0.3475706881773985	0.6037638397743439	0.6532002319725722	1.0	0.6067636116293127	1.0	1.0	0.3682315616664947	1.0	0.651610424238932	0.833606173141405	0.5988341345139976	0.3473738907394085	0.8479068975149358	0.606579044614806	1.0	0.41148234785149373	0.0	0.2638473086705535	0.7322034805959264	0.39055991120315	0.6067636116293127
pt	1.0	1.0	0.32431620876992034	1.0	0.5725438049917462	0.44722873475040553	1.0	0.3269923773696062	0.6024121817672693	0.27738970756924586	1.0	1.0	1.0	0.6200511349970952	0.34948336635728844	1.0	1.0	1.0	1.0	1.0	1.0	0.36230069977080964	0.651610424238932	1.0	0.6638546162332061	1.0	0.3674609038430626	0.363727018858938	0.6016441419741769	1.0	0.45420861480593167	0.0	0.2936447098310168	1.0	0.28748731327250654	1.0
ro	1.0	1.0	0.740806136286921	1.0	0.6149006977912083	0.5018566152010031	0.7322034805959263	0.4084095051829043	0.6638546162332061	0.5274415748842134	1.0	1.0	1.0	0.6740515375688697	0.3254946279266488	0.6638546162332061	0.7322034805959264	1.0	0.6667969795412325	1.0	1.0	0.4516705114655787	0.833606173141405	0.6638546162332061	1.0	0.661251134120194	0.5914827376570396	0.8615177507143137	0.6067253066550435	1.0	0.43565057706974064	0.0	0.6847118457275846	1.0	0.38731073988567766	0.6667969795412325
ru	1.0	1.0	0.7950817998660668	1.0	0.5533351710221173	0.33286687188787234	1.0	0.2747177133161045	0.5605854226359269	0.2375677363991026	1.0	1.0	0.2692407832722344	0.508595710825516	0.31630329771166776	1.0	1.0	1.0	1.0	1.0	1.0	0.3886929862710511	0.5988341345139976	1.0	0.661251134120194	1.0	0.3474050739607914	1.0	0.5929351335507902	1.0	0.3671981329937129	1.0	0.2811015801067281	1.0	0.39262229025391593	1.0
sh	1.0	1.0	0.3280391119354463	1.0	0.5665337154418844	0.3636535068877541	0.4147790984071646	0.26731000878835376	0.36217256247714485	0.31209968521308173	0.7510341748895939	1.0	0.3014615685902654	0.6786291688147437	0.2890963704130739	0.3394005240536082	0.7942219112853846	0.7510341748895939	0.43743908959435673	1.0	1.0	0.33472158830607257	0.3473738907394085	0.3674609038430626	0.5914827376570396	0.3474050739607914	1.0	0.40873136347475647	0.5574690849363207	0.5358207356197647	0.3351704395933248	0.0	0.3876119891922488	0.41691170415342604	0.2804103122297199	0.3394005240536082
si	1.0	0.8818694464560778	0.839556667136453	1.0	0.8560168638750267	0.8276153933857774	1.0	0.7136319587150307	0.7337010835551139	0.7373045756556142	1.0	1.0	0.5149681128972838	0.8285058825522376	0.9091663643383362	1.0	1.0	0.6726485683029464	1.0	1.0	1.0	0.8978129605638955	0.8479068975149358	0.363727018858938	0.8615177507143137	1.0	0.40873136347475647	1.0	0.8916906474664675	1.0	0.80122703801305	1.0	1.0	0.7890675831889898	0.7111374370280843	0.297525114477353
simple	1.0	1.0	0.7692326310270635	1.0	0.6590675637199679	0.46215890225087375	0.6128508099341461	0.3655378210968109	0.5929351335507902	0.5499369080839879	0.6908587525207898	1.0	0.3214932098341145	0.5945154761264281	0.3596157619211196	0.5929351335507902	0.7051349230068009	0.7106922308883379	0.596758689454266	1.0	1.0	0.5721504282361946	0.606579044614806	0.6016441419741769	0.6067253066550435	0.5929351335507902	0.5574690849363207	0.8916906474664675	1.0	0.7455134344225701	0.4629759160204426	0.0	0.26965732054648606	0.7257120346900999	0.3905950071599397	0.5969000601493424
sr	1.0	1.0	0.7985557540350713	1.0	0.7510341748895938	0.6786291688147438	1.0	0.5290233561627078	1.0	0.7347168825662657	1.0	1.0	0.33478596644994485	1.0	0.7942219112853846	1.0	1.0	1.0	1.0	1.0	1.0	0.5900443701005434	1.0	1.0	1.0	1.0	0.5358207356197647	1.0	0.7455134344225701	1.0	0.7376607345031152	0.0	0.6313604544870866	1.0	0.39262229025391593	1.0
sv	1.0	1.0	0.6784316835521016	0.7863954451402115	0.40243275608344103	0.3395622294202152	0.4831948349989084	0.26854976950663406	0.3911826679297654	0.3588378040729422	0.5510274989019284	1.0	0.2969599553392476	0.5040389771507326	0.29623763343035114	0.36967977669049706	0.5349381101807295	0.6395657813917609	0.46661918891327475	1.0	0.8216064286890065	0.3958966274328544	0.41148234785149373	0.45420861480593167	0.43565057706974064	0.3671981329937129	0.3351704395933248	0.80122703801305	0.4629759160204426	0.7376607345031152	1.0	1.0	0.4828715580115099	1.0	0.38790963101539555	0.3956961601995187
te	0.0	0.0	0.8106873976731788	0.0	0.0	0.0	0.0	1.0	0.0	0.0	0.0	1.0	0.0	1.0	0.0	1.0	0.0	0.0	0.0	0.0	1.0	0.0	0.0	0.0	0.0	1.0	0.0	1.0	0.0	0.0	1.0	1.0	1.0	0.0	0.43587760885653876	0.0
tr	1.0	0.2895540500975373	-1.0	1.0	0.4620893228242531	0.27951353575614934	0.7510341748895939	0.2527404590662103	0.2299751513693302	0.317396688705112	1.0	0.7455134344225701	1.0	0.45701413810000596	0.25920048512675226	0.3077641790899698	0.6740515375688696	0.6066801002327771	0.7106922308883379	0.5481944748537052	1.0	0.26154556296126	0.2638473086705535	0.2936447098310168	0.6847118457275846	0.2811015801067281	0.3876119891922488	1.0	0.26965732054648606	0.6313604544870866	0.4828715580115099	1.0	1.0	0.5863089236503652	1.0	0.2978390927366979
vi	1.0	1.0	0.6648998293676514	1.0	1.0	1.0	1.0	0.4420769819954131	1.0	0.7347168825662657	1.0	1.0	0.3628082784840416	0.7455134344225701	0.6067253066550435	1.0	1.0	1.0	1.0	1.0	0.0	0.629896233114065	0.7322034805959264	1.0	1.0	1.0	0.41691170415342604	0.7890675831889898	0.7257120346900999	1.0	1.0	0.0	0.5863089236503652	1.0	0.38613917742865755	1.0
war	1.0	0.39102285222353517	0.3960552535834419	0.39262229025391593	0.38884099790392057	0.38841032935066283	0.39262229025391593	0.3809868776757212	0.3812840909095298	0.37834114853663975	0.39262229025391593	0.4014166497800915	0.3371158504125961	0.38622608055896496	0.3926465163094119	0.39262229025391593	0.39262229025391593	0.3637697707136915	0.39262229025391593	0.39262229025391593	0.39262229025391593	0.39074451178371294	0.39055991120315	0.28748731327250654	0.38731073988567766	0.39262229025391593	0.2804103122297199	0.7111374370280843	0.3905950071599397	0.39262229025391593	0.38790963101539555	0.43587760885653876	1.0	0.38613917742865755	1.0	0.229448955432831
zh	1.0	1.0	0.24389186092112697	1.0	0.5647664640579516	0.38091970705547634	1.0	0.2684463208704067	0.639838589235806	0.29674119653823217	1.0	1.0	0.2727258184806748	0.5922744534241068	0.23361566240898696	1.0	1.0	1.0	1.0	1.0	1.0	0.3954364386058106	0.6067636116293127	1.0	0.6667969795412325	1.0	0.3394005240536082	0.297525114477353	0.5969000601493424	1.0	0.3956961601995187	0.0	0.2978390927366979	1.0	0.229448955432831	1.0
