arz	bs	ceb	ckb	da	de	el	en	es	fr	he	hi	hu	id	it	ja	ko	lv	mk	ml	mr	nl	pl	pt	ro	ru	sh	si	simple	sr	sv	te	vi	war	zh
arz	1.0	1.0	0.0	1.0	1.0	1.0	1.0	1.0	1.0	1.0	1.0	1.0	1.0	1.0	1.0	1.0	1.0	1.0	0.0	1.0	0.0	1.0	1.0	1.0	1.0	1.0	0.5	0.0	1.0	1.0	1.0	0.0	1.0	1.0	1.0
bs	1.0	1.0	1.0	1.0	0.585786437626905	0.585786437626905	1.0	0.32037724101704074	0.44948974278317805	0.5	0.585786437626905	1.0	0.40453726661826384	0.5	0.5	0.585786437626905	0.585786437626905	0.5	1.0	1.0	1.0	0.5	0.585786437626905	0.23302402810392372	0.5	0.585786437626905	0.10800763299240769	0.0	0.5	0.3126480851423008	0.585786437626905	1.0	1.0	1.0	0.585786437626905
ceb	0.0	1.0	1.0	1.0	1.0	1.0	1.0	1.0	1.0	1.0	1.0	1.0	1.0	1.0	1.0	1.0	1.0	1.0	0.0	1.0	0.0	1.0	1.0	1.0	1.0	0.0	1.0	0.0	1.0	1.0	1.0	1.0	1.0	0.0	1.0
ckb	1.0	1.0	1.0	1.0	0.585786437626905	0.585786437626905	1.0	0.3660254037844386	1.0	0.5	1.0	1.0	0.36602540378443865	0.5	0.5	1.0	1.0	0.585786437626905	1.0	1.0	1.0	0.585786437626905	0.585786437626905	0.21979723016032493	1.0	1.0	0.18660549686337075	1.0	0.585786437626905	0.585786437626905	0.585786437626905	1.0	1.0	1.0	1.0
da	1.0	0.585786437626905	1.0	0.585786437626905	1.0	0.2898979485566356	0.585786437626905	0.062098164787712504	0.3090169943749474	0.17897881819283654	0.38742588672279304	0.5	0.27429188517743175	0.25175647872610657	0.15699405621062287	0.38742588672279304	0.44948974278317805	0.5	1.0	1.0	1.0	0.20521309615767264	0.2553967929896867	0.04410790715627032	0.38742588672279304	0.38742588672279304	0.050944324634506856	1.0	0.23582845781094	0.1542403436035784	0.29581631632448924	0.585786437626905	0.585786437626905	1.0	0.5
de	1.0	0.585786437626905	1.0	0.585786437626905	0.2898979485566356	1.0	0.4142135623730951	0.0160375855450446	0.08325643511875626	0.04921511870415402	0.3090169943749474	0.5	0.1800702880612052	0.1641809277498497	0.026065483578169117	0.20521309615767264	0.29893508442482547	0.4142135623730951	0.585786437626905	1.0	1.0	0.07818294522713479	0.08018013754649313	0.01873364237965329	0.3333333333333333	0.14069896952729996	0.03359712030019271	1.0	0.1975496259559987	0.05019723582150499	0.0779292055122247	0.5	0.3660254037844386	1.0	0.25
el	1.0	1.0	1.0	1.0	0.585786437626905	0.4142135623730951	1.0	0.1918253663634734	0.30901699437494745	0.30216947925196225	1.0	1.0	0.3430703308172536	0.39564392373896007	0.3090169943749474	1.0	1.0	0.5	1.0	1.0	1.0	0.2791745113185196	0.36602540378443865	0.07951757069767086	1.0	1.0	0.07787793169894072	1.0	0.36602540378443865	0.2474401533514073	0.5	1.0	1.0	1.0	1.0
en	1.0	0.32037724101704074	1.0	0.3660254037844386	0.062098164787712504	0.0160375855450446	0.1918253663634734	1.0	0.01428998609679405	0.015381258141082384	0.02878838461588124	0.18905299528192201	0.15036366883672825	0.0377160418978539	0.026306390393652394	0.021793867592781804	0.04040275166145125	0.2898979485566356	0.44948974278317805	0.28436465220442186	0.585786437626905	0.019325998745873266	0.018448697464521345	0.04772725008521286	0.09013820368333744	0.017585814889245596	0.0416584153443439	1.0	0.06255751653805917	0.02860830869984354	0.021543424209400728	0.3430703308172536	0.0648496700015783	1.0	0.027055165939653816
es	1.0	0.44948974278317805	1.0	1.0	0.3090169943749474	0.08325643511875626	0.30901699437494745	0.01428998609679405	1.0	0.033857463933803456	0.1951941016011038	0.44948974278317805	0.27195617308673004	0.15934399740800514	0.02402903050425733	0.17100799366294794	0.2216368750839041	0.4142135623730951	0.585786437626905	0.5	1.0	0.08533897304160709	0.0799918389037035	0.016836409652799558	0.28708594921778513	0.16462407202206505	0.03468255164843335	1.0	0.1894710940602016	0.05003661473366513	0.08396351506218269	1.0	0.2766967754673749	1.0	0.16666666666666666
fr	1.0	0.5	1.0	0.5	0.17897881819283654	0.04921511870415402	0.30216947925196225	0.015381258141082384	0.033857463933803456	1.0	0.09993063048144663	0.3090169943749474	0.19285242528224997	0.12342498478166657	0.022737987378519287	0.09527790305229245	0.13285739300077617	0.30552726787943424	0.5	0.32449979983983984	0.585786437626905	0.05923714973858039	0.057088177463825114	0.01880372502208898	0.1987625491245426	0.07698166943307101	0.0343568367944874	1.0	0.17817599342821824	0.04026268610979879	0.06372477047234767	0.39564392373896007	0.19031634369804268	1.0	0.1339532340710256
he	1.0	0.585786437626905	1.0	1.0	0.38742588672279304	0.3090169943749474	1.0	0.02878838461588124	0.1951941016011038	0.09993063048144663	1.0	1.0	0.21239994067041815	0.1975496259559987	0.059303577940314565	1.0	1.0	0.44948974278317805	1.0	1.0	1.0	0.1757340838011157	0.16265941452915686	0.02597739988726557	0.44948974278317805	0.5	0.03745973502473901	1.0	0.22696955407408306	0.056253704373016654	0.15934399740800514	1.0	1.0	1.0	1.0
hi	1.0	1.0	1.0	1.0	0.5	0.5	1.0	0.18905299528192201	0.44948974278317805	0.3090169943749474	1.0	1.0	0.3244997998398398	0.5	0.2449655295864104	1.0	1.0	0.5	1.0	1.0	1.0	0.585786437626905	0.44948974278317805	0.09937128116592889	0.585786437626905	1.0	0.08722787804818595	1.0	0.5	0.36602540378443865	1.0	1.0	1.0	1.0	1.0
hu	1.0	0.40453726661826384	1.0	0.36602540378443865	0.27429188517743175	0.1800702880612052	0.3430703308172536	0.15036366883672825	0.27195617308673004	0.19285242528224997	0.21239994067041815	0.3244997998398398	1.0	0.25	0.19987385376205832	0.2791745113185196	0.2958163163244893	0.4625414945524146	0.585786437626905	0.4364916731037085	1.0	0.20658711810431302	0.20942771453851886	0.09608510828563678	0.23800671553691075	0.23166247903554	0.07414217182201481	1.0	0.3164309725825328	0.20658711810431302	0.20942771453851886	0.585786437626905	0.25	1.0	0.22584440001865322
id	1.0	0.5	1.0	0.5	0.25175647872610657	0.1641809277498497	0.39564392373896007	0.0377160418978539	0.15934399740800514	0.12342498478166657	0.1975496259559987	0.5	0.25	1.0	0.0646084250888374	0.20386840968093525	0.2791745113185196	0.3797958971132712	0.5	0.585786437626905	0.585786437626905	0.1304276943685458	0.1827439976315568	0.03020720725258365	0.26533119314590375	0.1876127897984334	0.04092326953305733	1.0	0.20594218732540873	0.07969189480148417	0.1652960191502465	0.585786437626905	0.3483314773547883	1.0	0.2402530733520421
it	1.0	0.5	1.0	0.5	0.15699405621062287	0.026065483578169117	0.3090169943749474	0.026306390393652394	0.02402903050425733	0.022737987378519287	0.059303577940314565	0.2449655295864104	0.19987385376205832	0.0646084250888374	1.0	0.04385553176603747	0.08487574252862397	0.30552726787943424	0.44948974278317805	0.3430703308172536	0.585786437626905	0.036732749110854	0.02699894365814093	0.026922556757586064	0.1488128739900554	0.03161300913195012	0.03659023887427381	1.0	0.12099913568913281	0.04166550391798501	0.028833108695970364	0.4364916731037085	0.12444584824196174	1.0	0.08143798054060897
ja	1.0	0.585786437626905	1.0	1.0	0.38742588672279304	0.20521309615767264	1.0	0.021793867592781804	0.17100799366294794	0.09527790305229245	1.0	1.0	0.2791745113185196	0.20386840968093525	0.04385553176603747	1.0	1.0	0.44948974278317805	1.0	1.0	1.0	0.11540874213641464	0.13507810593582123	0.024100226651811777	0.38742588672279304	0.585786437626905	0.03737131131287927	1.0	0.2158344610587697	0.07653169089349021	0.20521309615767264	1.0	0.585786437626905	1.0	1.0
ko	1.0	0.585786437626905	1.0	1.0	0.44948974278317805	0.29893508442482547	1.0	0.04040275166145125	0.2216368750839041	0.13285739300077617	1.0	1.0	0.2958163163244893	0.2791745113185196	0.08487574252862397	1.0	1.0	0.44948974278317805	1.0	1.0	1.0	0.19636040545626823	0.1566130288262323	0.029595105426386107	0.5	0.585786437626905	0.04216627841398271	1.0	0.2158344610587697	0.07546685507406171	0.20203311860454104	1.0	0.585786437626905	1.0	1.0
lv	1.0	0.5	1.0	0.585786437626905	0.5	0.4142135623730951	0.5	0.2898979485566356	0.4142135623730951	0.30552726787943424	0.44948974278317805	0.5	0.4625414945524146	0.3797958971132712	0.30552726787943424	0.44948974278317805	0.44948974278317805	1.0	1.0	0.585786437626905	1.0	0.3333333333333333	0.4142135623730951	0.20242054339632723	0.44948974278317805	0.5	0.08233899340173417	1.0	0.27429188517743175	0.3090169943749474	0.38742588672279304	0.585786437626905	0.44948974278317805	1.0	0.44948974278317805
mk	0.0	1.0	0.0	1.0	1.0	0.585786437626905	1.0	0.44948974278317805	0.585786437626905	0.5	1.0	1.0	0.585786437626905	0.5	0.44948974278317805	1.0	1.0	1.0	1.0	1.0	1.0	0.585786437626905	0.5	0.1797153602962883	1.0	1.0	0.1512290518085545	1.0	1.0	1.0	0.585786437626905	1.0	1.0	1.0	1.0
ml	1.0	1.0	1.0	1.0	1.0	1.0	1.0	0.28436465220442186	0.5	0.32449979983983984	1.0	1.0	0.4364916731037085	0.585786437626905	0.3430703308172536	1.0	1.0	0.585786437626905	1.0	1.0	1.0	0.4142135623730951	1.0	0.1380262631157473	0.5	1.0	0.09002721054402836	1.0	0.2661832955178855	0.5	0.585786437626905	1.0	1.0	1.0	1.0
mr	0.0	1.0	0.0	1.0	1.0	1.0	1.0	0.585786437626905	1.0	0.585786437626905	1.0	1.0	1.0	0.585786437626905	0.585786437626905	1.0	1.0	1.0	1.0	1.0	1.0	0.585786437626905	0.585786437626905	0.585786437626905	1.0	1.0	0.2187841884486319	1.0	0.585786437626905	0.3266316347104093	1.0	1.0	1.0	1.0	1.0
nl	1.0	0.5	1.0	0.585786437626905	0.20521309615767264	0.07818294522713479	0.2791745113185196	0.019325998745873266	0.08533897304160709	0.05923714973858039	0.1757340838011157	0.585786437626905	0.20658711810431302	0.1304276943685458	0.036732749110854	0.11540874213641464	0.19636040545626823	0.3333333333333333	0.585786437626905	0.4142135623730951	0.585786437626905	1.0	0.07905727605100991	0.022440678941152984	0.22753715570049485	0.12444584824196174	0.03569391486937518	1.0	0.15942427352931443	0.05142458065121779	0.07419308743174946	1.0	0.24257131419419417	0.585786437626905	0.1478864632408439
pl	1.0	0.585786437626905	1.0	0.585786437626905	0.2553967929896867	0.08018013754649313	0.36602540378443865	0.018448697464521345	0.0799918389037035	0.057088177463825114	0.16265941452915686	0.44948974278317805	0.20942771453851886	0.1827439976315568	0.02699894365814093	0.13507810593582123	0.1566130288262323	0.4142135623730951	0.5	1.0	0.585786437626905	0.07905727605100991	1.0	0.020341707975835083	0.28708594921778513	0.14229378603797288	0.03543581489023723	1.0	0.2240092377397959	0.05923762541102042	0.10728498079698075	0.585786437626905	0.30552726787943424	1.0	0.15815511491062575
pt	1.0	0.23302402810392372	1.0	0.21979723016032493	0.04410790715627032	0.01873364237965329	0.07951757069767086	0.04772725008521286	0.016836409652799558	0.01880372502208898	0.02597739988726557	0.09937128116592889	0.09608510828563678	0.03020720725258365	0.026922556757586064	0.024100226651811777	0.029595105426386107	0.20242054339632723	0.1797153602962883	0.1380262631157473	0.585786437626905	0.022440678941152984	0.020341707975835083	1.0	0.04945147677791361	0.021347857943860196	0.10918472585479767	1.0	0.048484150862463396	0.0285846979328545	0.021402381257825072	0.38742588672279304	0.0372329668013028	1.0	0.02474528080679885
ro	1.0	0.5	1.0	1.0	0.38742588672279304	0.3333333333333333	1.0	0.09013820368333744	0.28708594921778513	0.1987625491245426	0.44948974278317805	0.585786437626905	0.23800671553691075	0.26533119314590375	0.1488128739900554	0.38742588672279304	0.5	0.44948974278317805	1.0	0.5	1.0	0.22753715570049485	0.28708594921778513	0.04945147677791361	1.0	0.44948974278317805	0.05581059154107285	1.0	0.2489655093579841	0.19382373427098679	0.3333333333333333	1.0	0.44948974278317805	1.0	0.44948974278317805
ru	1.0	0.585786437626905	0.0	1.0	0.38742588672279304	0.14069896952729996	1.0	0.017585814889245596	0.16462407202206505	0.07698166943307101	0.5	1.0	0.23166247903554	0.1876127897984334	0.03161300913195012	0.585786437626905	0.585786437626905	0.5	1.0	1.0	1.0	0.12444584824196174	0.14229378603797288	0.021347857943860196	0.44948974278317805	1.0	0.03622719658839201	1.0	0.21270481139089367	0.04561991607544941	0.1343715892188287	1.0	0.585786437626905	1.0	1.0
sh	0.5	0.10800763299240769	1.0	0.18660549686337075	0.050944324634506856	0.03359712030019271	0.07787793169894072	0.0416584153443439	0.03468255164843335	0.0343568367944874	0.03745973502473901	0.08722787804818595	0.07414217182201481	0.04092326953305733	0.03659023887427381	0.03737131131287927	0.04216627841398271	0.08233899340173417	0.1512290518085545	0.09002721054402836	0.2187841884486319	0.03569391486937518	0.03543581489023723	0.10918472585479767	0.05581059154107285	0.03622719658839201	1.0	1.0	0.06287029199940322	0.03632304710086837	0.036445960461851626	0.12874039567579135	0.05874260159906965	0.44948974278317805	0.03958981947475133
si	0.0	0.0	0.0	1.0	1.0	1.0	1.0	1.0	1.0	1.0	1.0	1.0	1.0	1.0	1.0	1.0	1.0	1.0	1.0	1.0	1.0	1.0	1.0	1.0	1.0	1.0	1.0	1.0	1.0	1.0	1.0	1.0	1.0	1.0	1.0
simple	1.0	0.5	1.0	0.585786437626905	0.23582845781094	0.1975496259559987	0.36602540378443865	0.06255751653805917	0.1894710940602016	0.17817599342821824	0.22696955407408306	0.5	0.3164309725825328	0.20594218732540873	0.12099913568913281	0.2158344610587697	0.2158344610587697	0.27429188517743175	1.0	0.2661832955178855	0.585786437626905	0.15942427352931443	0.2240092377397959	0.048484150862463396	0.2489655093579841	0.21270481139089367	0.06287029199940322	1.0	1.0	0.12686580650793441	0.19707113830081235	1.0	0.3090169943749474	1.0	0.2402530733520421
sr	1.0	0.3126480851423008	1.0	0.585786437626905	0.1542403436035784	0.05019723582150499	0.2474401533514073	0.02860830869984354	0.05003661473366513	0.04026268610979879	0.056253704373016654	0.36602540378443865	0.20658711810431302	0.07969189480148417	0.04166550391798501	0.07653169089349021	0.07546685507406171	0.3090169943749474	1.0	0.5	0.3266316347104093	0.05142458065121779	0.05923762541102042	0.0285846979328545	0.19382373427098679	0.04561991607544941	0.03632304710086837	1.0	0.12686580650793441	1.0	0.045766666889240755	0.5	0.16574888863755477	1.0	0.058968248113460305
sv	1.0	0.585786437626905	1.0	0.585786437626905	0.29581631632448924	0.0779292055122247	0.5	0.021543424209400728	0.08396351506218269	0.06372477047234767	0.15934399740800514	1.0	0.20942771453851886	0.1652960191502465	0.028833108695970364	0.20521309615767264	0.20203311860454104	0.38742588672279304	0.585786437626905	0.585786437626905	1.0	0.07419308743174946	0.10728498079698075	0.021402381257825072	0.3333333333333333	0.1343715892188287	0.036445960461851626	1.0	0.19707113830081235	0.045766666889240755	1.0	1.0	0.2012628451930092	1.0	0.17507960357339145
te	0.0	1.0	1.0	1.0	0.585786437626905	0.5	1.0	0.3430703308172536	1.0	0.39564392373896007	1.0	1.0	0.585786437626905	0.585786437626905	0.4364916731037085	1.0	1.0	0.585786437626905	1.0	1.0	1.0	1.0	0.585786437626905	0.38742588672279304	1.0	1.0	0.12874039567579135	1.0	1.0	0.5	1.0	1.0	1.0	1.0	1.0
vi	1.0	1.0	1.0	1.0	0.585786437626905	0.3660254037844386	1.0	0.0648496700015783	0.2766967754673749	0.19031634369804268	1.0	1.0	0.25	0.3483314773547883	0.12444584824196174	0.585786437626905	0.585786437626905	0.44948974278317805	1.0	1.0	1.0	0.24257131419419417	0.30552726787943424	0.0372329668013028	0.44948974278317805	0.585786437626905	0.05874260159906965	1.0	0.3090169943749474	0.16574888863755477	0.2012628451930092	1.0	1.0	1.0	0.585786437626905
war	1.0	1.0	0.0	1.0	1.0	1.0	1.0	1.0	1.0	1.0	1.0	1.0	1.0	1.0	1.0	1.0	1.0	1.0	1.0	1.0	1.0	0.585786437626905	1.0	1.0	1.0	1.0	0.44948974278317805	1.0	1.0	1.0	1.0	1.0	1.0	1.0	1.0
zh	1.0	0.585786437626905	1.0	1.0	0.5	0.25	1.0	0.027055165939653816	0.16666666666666666	0.1339532340710256	1.0	1.0	0.22584440001865322	0.2402530733520421	0.08143798054060897	1.0	1.0	0.44948974278317805	1.0	1.0	1.0	0.1478864632408439	0.15815511491062575	0.02474528080679885	0.44948974278317805	1.0	0.03958981947475133	1.0	0.2402530733520421	0.058968248113460305	0.17507960357339145	1.0	0.585786437626905	1.0	1.0
