arz	bs	ceb	ckb	da	de	el	en	es	fr	he	hi	hu	id	it	ja	ko	lv	mk	ml	mr	nl	pl	pt	ro	ru	sh	si	simple	sr	sv	te	vi	war	zh
arz	1.0	1.0	0.0	1.0	1.0	1.0	1.0	1.0	1.0	1.0	1.0	1.0	1.0	1.0	1.0	1.0	1.0	1.0	0.0	1.0	0.0	1.0	1.0	0.5660160774121898	1.0	1.0	1.0	0.0	1.0	1.0	1.0	0.0	1.0	1.0	1.0
bs	1.0	1.0	1.0	1.0	0.7411828468492555	0.7322034805959263	1.0	0.48456324047000054	0.6100554149596592	0.833606173141405	0.7347168825662656	1.0	0.5878443823958859	0.6518155124769264	0.6499913553099703	0.7322034805959263	0.7322034805959263	0.6994017365373273	1.0	1.0	1.0	0.650433272585646	0.7347168825662656	0.35771322246942877	0.6562661056221563	0.7347168825662656	0.5851676940444352	0.0	0.6575660918451188	0.586064666601275	0.7322034805959263	1.0	1.0	1.0	0.7322034805959263
ceb	0.0	1.0	1.0	1.0	1.0	1.0	1.0	1.0	1.0	1.0	1.0	1.0	1.0	1.0	1.0	1.0	1.0	1.0	0.0	1.0	0.0	1.0	1.0	1.0	1.0	0.0	1.0	0.0	1.0	1.0	1.0	1.0	1.0	0.0	1.0
ckb	1.0	1.0	1.0	1.0	0.7411828468492556	0.7322034805959264	1.0	0.36420734085193207	1.0	0.6216387126951446	1.0	1.0	0.6590289336463361	0.6841174893561723	0.6216387126951446	1.0	1.0	0.7455134344225701	1.0	1.0	1.0	0.7322034805959263	0.7322034805959263	0.41045204990544587	1.0	1.0	0.5589121724798237	1.0	0.7376607345031152	0.7347168825662656	0.40272781479378505	1.0	1.0	1.0	1.0
da	1.0	0.7411828468492555	1.0	0.7411828468492556	1.0	0.42980118620597085	0.7248485669756152	0.29967081989332844	0.4930590855576901	0.3587549295990046	0.5439532263421117	0.661251134120194	0.49613616176786546	0.44812178812867676	0.2659177877972917	0.5439532263421117	0.6011455215697225	0.6667969795412325	1.0	1.0	1.0	0.3078973396006917	0.3989469622403644	0.1931256979224707	0.5349135035808967	0.5309246365121644	0.4236784319316833	1.0	0.41197539867534444	0.39778257265552447	0.3586899589368803	0.7411828468492556	0.718925811717485	1.0	0.6442100898340133
de	1.0	0.7322034805959263	1.0	0.7322034805959264	0.42980118620597085	1.0	0.5530765054389214	0.1675309844094802	0.19136131524578734	0.1537019922770567	0.43883731981340557	0.651610424238932	0.3934933932319946	0.3360587134218864	0.16895749866202986	0.3721347167604976	0.4275917392622514	0.5721026715027374	0.7322034805959264	1.0	1.0	0.1526938464629946	0.20037693099745665	0.2082113102135341	0.4935101040021827	0.27416579022596876	0.4062214781524216	1.0	0.35986616593991416	0.21488831511318676	0.2071478493644361	0.6786291688147437	0.4931401541903357	1.0	0.41661251619587847
el	1.0	1.0	1.0	1.0	0.7248485669756152	0.5530765054389214	1.0	0.2252001426425839	0.5219803368709789	0.4794171441263832	1.0	1.0	0.6643756163983455	0.5689913289739429	0.32507473369582224	1.0	1.0	0.6740515375688696	1.0	1.0	1.0	0.35117266184677864	0.5453111577010743	0.3218115335077066	1.0	1.0	0.40837873925844803	1.0	0.5649879395951223	0.5383887737941653	0.3802941885441541	1.0	1.0	1.0	1.0
en	1.0	0.48456324047000054	1.0	0.36420734085193207	0.29967081989332844	0.1675309844094802	0.2252001426425839	1.0	0.13586897138819667	0.14890460938159408	0.24887771800839573	0.28986839583078455	0.26980929763046707	0.2094810203375801	0.13383203830276125	0.2342453135415325	0.2554848554354374	0.26556095740423197	0.32953445708584317	0.30861973646314583	0.7510341748895938	0.136312653915324	0.162559823044899	0.167167579318693	0.2640012385391411	0.16900499864464624	0.26528143660012893	1.0	0.2501219131925814	0.17494906049805067	0.16412880263086874	0.5569094713411763	0.24895098404391147	1.0	0.23726674124076577
es	1.0	0.6100554149596592	1.0	1.0	0.4930590855576901	0.19136131524578734	0.5219803368709789	0.13586897138819667	1.0	0.161930099124629	0.3792867379092957	0.67663065926818	0.5080488076551409	0.33458363029581256	0.15514988707149588	0.3572364505821795	0.39654496332432243	0.5721026715027374	0.7322034805959264	0.6589257440209708	1.0	0.1581281224583065	0.20604068093328412	0.17968816792893816	0.44229884730371644	0.32453974751786285	0.32834210721085494	1.0	0.34880764479596904	0.19933213989985074	0.2096300883090533	1.0	0.45823277286162106	1.0	0.3439981972239293
fr	1.0	0.833606173141405	1.0	0.6216387126951446	0.3587549295990046	0.1537019922770567	0.4794171441263832	0.14890460938159408	0.161930099124629	1.0	0.28198936210139663	0.44355200760087793	0.39371132408852855	0.2683586880243281	0.15533687076499136	0.2657772887194321	0.3522128554133054	0.45652190395805914	0.6216387126951446	0.5163336306785962	0.7510341748895939	0.14889740675430027	0.17474866533521796	0.16572803811337578	0.35584237975976063	0.19454272392050717	0.282705611577487	1.0	0.33053215558563925	0.19998956759521855	0.19419363201827622	0.5598704182750972	0.36003320319680854	1.0	0.28314783024614415
he	1.0	0.7347168825662656	1.0	1.0	0.5439532263421117	0.43883731981340557	1.0	0.24887771800839573	0.3792867379092957	0.28198936210139663	1.0	1.0	0.4581137919390424	0.4111504217877425	0.2914510828922102	1.0	1.0	0.6221982196391784	1.0	1.0	1.0	0.22989406095612888	0.31275691231241143	0.28958502389298996	0.6037638397743438	0.6322610359138846	0.4567319101217108	1.0	0.4107055843923762	0.21714938316955715	0.29301935678607316	1.0	1.0	1.0	1.0
hi	1.0	1.0	1.0	1.0	0.661251134120194	0.651610424238932	1.0	0.28986839583078455	0.67663065926818	0.44355200760087793	1.0	1.0	0.6859974408199989	0.6589257440209709	0.5062539184580093	1.0	1.0	0.6908587525207898	1.0	1.0	1.0	0.29971073566135326	0.6845485002822447	0.2560301594179405	0.728099120889861	1.0	0.41057089255448226	1.0	0.661251134120194	0.5295874271528929	0.38071345204534834	1.0	1.0	1.0	1.0
hu	1.0	0.5878443823958859	1.0	0.6590289336463361	0.49613616176786546	0.3934933932319946	0.6643756163983455	0.26980929763046707	0.5080488076551409	0.39371132408852855	0.4581137919390424	0.6859974408199989	1.0	0.47649553100546094	0.3871955561916553	0.5491693483773437	0.5686351298512569	0.7168973882088412	0.7455134344225701	0.6298962331140651	1.0	0.4500004316379043	0.45220495485772366	0.3615896726793307	0.48153473139793407	0.4663127563356669	0.3815264227266267	1.0	0.5263052986345456	0.4499914151121884	0.33376702116918877	0.7510341748895937	0.5451309223983755	1.0	0.4629505198116424
id	1.0	0.6518155124769264	1.0	0.6841174893561723	0.44812178812867676	0.3360587134218864	0.5689913289739429	0.2094810203375801	0.33458363029581256	0.2683586880243281	0.4111504217877425	0.6589257440209709	0.47649553100546094	1.0	0.205517487957067	0.4064560119835912	0.46593974578676217	0.5321711184926261	0.6786291688147437	0.7263875964832448	0.7510341748895938	0.17691767130271577	0.3766085193356558	0.22877397728090185	0.4191690960537128	0.4011263227922848	0.4092571174633804	1.0	0.3588814064135828	0.2962709720924048	0.2750014832505273	0.7376607345031153	0.5113592438447135	1.0	0.4373292338895962
it	1.0	0.6499913553099703	1.0	0.6216387126951446	0.2659177877972917	0.16895749866202986	0.32507473369582224	0.13383203830276125	0.15514988707149588	0.15533687076499136	0.2914510828922102	0.5062539184580093	0.3871955561916553	0.205517487957067	1.0	0.2398542683016983	0.19561140802514324	0.32193142694692106	0.7051349230068009	0.3211843409001985	0.7510341748895939	0.14629198568014165	0.16751273644675177	0.14904669191897363	0.2725844697114747	0.19189064148135931	0.18774970521974993	1.0	0.2799458510866159	0.17715514314838354	0.18690199386541473	0.4023145888614566	0.3629368626152696	1.0	0.1823083315478091
ja	1.0	0.7322034805959263	1.0	1.0	0.5439532263421117	0.3721347167604976	1.0	0.2342453135415325	0.3572364505821795	0.2657772887194321	1.0	1.0	0.5491693483773437	0.4064560119835912	0.2398542683016983	1.0	1.0	0.6254303192325079	1.0	1.0	1.0	0.17543478757849124	0.29254976976467356	0.24287065310272457	0.5484423345109759	0.704511474818859	0.47887361945825563	1.0	0.3986732748160338	0.31899784167649176	0.3233022971586661	1.0	0.7128329397683222	1.0	1.0
ko	1.0	0.7322034805959263	1.0	1.0	0.6011455215697225	0.4275917392622514	1.0	0.2554848554354374	0.39654496332432243	0.3522128554133054	1.0	1.0	0.5686351298512569	0.46593974578676217	0.19561140802514324	1.0	1.0	0.6290808149140177	1.0	1.0	1.0	0.24144243344188346	0.3343820604832135	0.2785146905269518	0.6475250169846578	0.7071524664833438	0.4893647610010012	1.0	0.39305259618281146	0.27302590727032694	0.33385396830933095	1.0	0.7128329397683222	1.0	1.0
lv	1.0	0.6994017365373273	1.0	0.7455134344225701	0.6667969795412325	0.5721026715027374	0.6740515375688696	0.26556095740423197	0.5721026715027374	0.45652190395805914	0.6221982196391784	0.6908587525207898	0.7168973882088412	0.5321711184926261	0.32193142694692106	0.6254303192325079	0.6290808149140177	1.0	1.0	0.7347168825662656	1.0	0.5148180382433287	0.5721026715027374	0.3628948930406852	0.6037841836404227	0.6589257440209708	0.49657588357880916	1.0	0.4817917964764977	0.5408376003273917	0.36230001344830565	0.7510341748895939	0.6436895599575894	1.0	0.6254303192325079
mk	0.0	1.0	0.0	1.0	1.0	0.7322034805959264	1.0	0.32953445708584317	0.7322034805959264	0.6216387126951446	1.0	1.0	0.7455134344225701	0.6786291688147437	0.7051349230068009	1.0	1.0	1.0	1.0	1.0	1.0	0.7322034805959264	0.6248466930879271	0.4709967108024052	1.0	1.0	0.57314617490436	1.0	1.0	1.0	0.40272781479378505	1.0	1.0	1.0	1.0
ml	1.0	1.0	1.0	1.0	1.0	1.0	1.0	0.30861973646314583	0.6589257440209708	0.5163336306785962	1.0	1.0	0.6298962331140651	0.7263875964832448	0.3211843409001985	1.0	1.0	0.7347168825662656	1.0	1.0	1.0	0.39094697811534596	1.0	0.3291862706431735	0.661251134120194	1.0	0.5482506201877764	1.0	0.4804129402243997	0.6638546162332061	0.3890743896449625	1.0	1.0	1.0	1.0
mr	0.0	1.0	0.0	1.0	1.0	1.0	1.0	0.7510341748895938	1.0	0.7510341748895939	1.0	1.0	1.0	0.7510341748895938	0.7510341748895939	1.0	1.0	1.0	1.0	1.0	1.0	0.3711355186296654	0.7510341748895938	0.44829136374474965	1.0	1.0	0.6505840885502789	1.0	0.7510341748895938	0.6315880426470915	0.43526109167898114	1.0	1.0	1.0	1.0
nl	1.0	0.650433272585646	1.0	0.7322034805959263	0.3078973396006917	0.1526938464629946	0.35117266184677864	0.136312653915324	0.1581281224583065	0.14889740675430027	0.22989406095612888	0.29971073566135326	0.4500004316379043	0.17691767130271577	0.14629198568014165	0.17543478757849124	0.24144243344188346	0.5148180382433287	0.7322034805959264	0.39094697811534596	0.3711355186296654	1.0	0.1511950868072289	0.16059066309680017	0.3226507934217278	0.2217092778357744	0.19199487490107428	1.0	0.2644703626369537	0.16340536114741952	0.15022570117479486	1.0	0.2510859234137657	0.7863954451402115	0.1886152595210096
pl	1.0	0.7347168825662656	1.0	0.7322034805959263	0.3989469622403644	0.20037693099745665	0.5453111577010743	0.162559823044899	0.20604068093328412	0.17474866533521796	0.31275691231241143	0.6845485002822447	0.45220495485772366	0.3766085193356558	0.16751273644675177	0.29254976976467356	0.3343820604832135	0.5721026715027374	0.6248466930879271	1.0	0.7510341748895938	0.1511950868072289	1.0	0.20313766949964387	0.42815593880059216	0.27751130007537433	0.3818463106956763	1.0	0.3792392157610087	0.20070276541862522	0.24088832530380286	0.7347168825662656	0.4672898336608419	1.0	0.2872828719052337
pt	0.5660160774121898	0.35771322246942877	1.0	0.41045204990544587	0.1931256979224707	0.2082113102135341	0.3218115335077066	0.167167579318693	0.17968816792893816	0.16572803811337578	0.28958502389298996	0.2560301594179405	0.3615896726793307	0.22877397728090185	0.14904669191897363	0.24287065310272457	0.2785146905269518	0.3628948930406852	0.4709967108024052	0.3291862706431735	0.44829136374474965	0.16059066309680017	0.20313766949964387	1.0	0.25556272344034703	0.28244071432619433	0.2620304235727296	1.0	0.20761814355667382	0.21625940104201272	0.20737643119430757	0.6337278117242453	0.25833322015945287	0.5020797777427737	0.2816902629288632
ro	1.0	0.6562661056221563	1.0	1.0	0.5349135035808967	0.4935101040021827	1.0	0.2640012385391411	0.44229884730371644	0.35584237975976063	0.6037638397743438	0.728099120889861	0.48153473139793407	0.4191690960537128	0.2725844697114747	0.5484423345109759	0.6475250169846578	0.6037841836404227	1.0	0.661251134120194	1.0	0.3226507934217278	0.42815593880059216	0.25556272344034703	1.0	0.6011455215697223	0.44603760045965146	1.0	0.4040982240195848	0.37705569571687675	0.3427178806916237	1.0	0.6143589292419387	1.0	0.6011455215697226
ru	1.0	0.7347168825662656	0.0	1.0	0.5309246365121644	0.27416579022596876	1.0	0.16900499864464624	0.32453974751786285	0.19454272392050717	0.6322610359138846	1.0	0.4663127563356669	0.4011263227922848	0.19189064148135931	0.704511474818859	0.7071524664833438	0.6589257440209708	1.0	1.0	1.0	0.2217092778357744	0.27751130007537433	0.28244071432619433	0.6011455215697223	1.0	0.4640615795097388	1.0	0.37994155437634347	0.23252074011144994	0.2928893129413906	1.0	0.7116768074483948	1.0	1.0
sh	1.0	0.5851676940444352	1.0	0.5589121724798237	0.4236784319316833	0.4062214781524216	0.40837873925844803	0.26528143660012893	0.32834210721085494	0.282705611577487	0.4567319101217108	0.41057089255448226	0.3815264227266267	0.4092571174633804	0.18774970521974993	0.47887361945825563	0.4893647610010012	0.49657588357880916	0.57314617490436	0.5482506201877764	0.6505840885502789	0.19199487490107428	0.3818463106956763	0.2620304235727296	0.44603760045965146	0.4640615795097388	1.0	1.0	0.41701435945736276	0.29946747208571	0.2967972523991687	0.5835249363725412	0.5032734203710557	0.7863954451402115	0.46906517080114435
si	0.0	0.0	0.0	1.0	1.0	1.0	1.0	1.0	1.0	1.0	1.0	1.0	1.0	1.0	1.0	1.0	1.0	1.0	1.0	1.0	1.0	1.0	1.0	1.0	1.0	1.0	1.0	1.0	1.0	1.0	0.5660160774121898	1.0	1.0	1.0	1.0
simple	1.0	0.6575660918451188	1.0	0.7376607345031152	0.41197539867534444	0.35986616593991416	0.5649879395951223	0.2501219131925814	0.34880764479596904	0.33053215558563925	0.4107055843923762	0.661251134120194	0.5263052986345456	0.3588814064135828	0.2799458510866159	0.3986732748160338	0.39305259618281146	0.4817917964764977	1.0	0.4804129402243997	0.7510341748895938	0.2644703626369537	0.3792392157610087	0.20761814355667382	0.4040982240195848	0.37994155437634347	0.41701435945736276	1.0	1.0	0.26147242387809483	0.291081695264209	1.0	0.48226673077695204	1.0	0.4159440647875619
sr	1.0	0.586064666601275	1.0	0.7347168825662656	0.39778257265552447	0.21488831511318676	0.5383887737941653	0.17494906049805067	0.19933213989985074	0.19998956759521855	0.21714938316955715	0.5295874271528929	0.4499914151121884	0.2962709720924048	0.17715514314838354	0.31899784167649176	0.27302590727032694	0.5408376003273917	1.0	0.6638546162332061	0.6315880426470915	0.16340536114741952	0.20070276541862522	0.21625940104201272	0.37705569571687675	0.23252074011144994	0.29946747208571	1.0	0.26147242387809483	1.0	0.23478243882788505	0.6786291688147437	0.32269959056483394	1.0	0.26993916731585954
sv	1.0	0.7322034805959263	1.0	0.40272781479378505	0.3586899589368803	0.2071478493644361	0.3802941885441541	0.16412880263086874	0.2096300883090533	0.19419363201827622	0.29301935678607316	0.38071345204534834	0.33376702116918877	0.2750014832505273	0.18690199386541473	0.3233022971586661	0.33385396830933095	0.36230001344830565	0.40272781479378505	0.3890743896449625	0.43526109167898114	0.15022570117479486	0.24088832530380286	0.20737643119430757	0.3427178806916237	0.2928893129413906	0.2967972523991687	0.5660160774121898	0.291081695264209	0.23478243882788505	1.0	0.40537003198728544	0.3425394035679299	1.0	0.3151291136108184
te	0.0	1.0	1.0	1.0	0.7411828468492556	0.6786291688147437	1.0	0.5569094713411763	1.0	0.5598704182750972	1.0	1.0	0.7510341748895937	0.7376607345031153	0.4023145888614566	1.0	1.0	0.7510341748895939	1.0	1.0	1.0	1.0	0.7347168825662656	0.6337278117242453	1.0	1.0	0.5835249363725412	1.0	1.0	0.6786291688147437	0.40537003198728544	1.0	1.0	1.0	1.0
vi	1.0	1.0	1.0	1.0	0.718925811717485	0.4931401541903357	1.0	0.24895098404391147	0.45823277286162106	0.36003320319680854	1.0	1.0	0.5451309223983755	0.5113592438447135	0.3629368626152696	0.7128329397683222	0.7128329397683222	0.6436895599575894	1.0	1.0	1.0	0.2510859234137657	0.4672898336608419	0.25833322015945287	0.6143589292419387	0.7116768074483948	0.5032734203710557	1.0	0.48226673077695204	0.32269959056483394	0.3425394035679299	1.0	1.0	1.0	0.7111374370280844
war	1.0	1.0	0.0	1.0	1.0	1.0	1.0	1.0	1.0	1.0	1.0	1.0	1.0	1.0	1.0	1.0	1.0	1.0	1.0	1.0	1.0	0.7863954451402115	1.0	0.5020797777427737	1.0	1.0	0.7863954451402115	1.0	1.0	1.0	1.0	1.0	1.0	1.0	1.0
zh	1.0	0.7322034805959263	1.0	1.0	0.6442100898340133	0.41661251619587847	1.0	0.23726674124076577	0.3439981972239293	0.28314783024614415	1.0	1.0	0.4629505198116424	0.4373292338895962	0.1823083315478091	1.0	1.0	0.6254303192325079	1.0	1.0	1.0	0.1886152595210096	0.2872828719052337	0.2816902629288632	0.6011455215697226	1.0	0.46906517080114435	1.0	0.4159440647875619	0.26993916731585954	0.3151291136108184	1.0	0.7111374370280844	1.0	1.0
