arz	bs	ceb	ckb	da	de	el	en	es	fr	he	hi	hu	id	it	ja	ko	lv	mk	ml	mr	nl	pl	pt	ro	ru	sh	si	simple	sr	sv	te	vi	war	zh
arz	1.0	0.0	0.0	0.0	1.0	1.0	1.0	1.0	1.0	1.0	0.0	1.0	1.0	1.0	1.0	1.0	1.0	1.0	0.0	1.0	0.0	1.0	1.0	1.0	1.0	1.0	1.0	0.0	1.0	1.0	1.0	0.0	1.0	0.0	1.0
bs	0.0	1.0	1.0	1.0	1.0	1.0	1.0	1.0	1.0	1.0	1.0	1.0	1.0	1.0	0.5660160774121898	1.0	1.0	1.0	1.0	1.0	1.0	1.0	1.0	0.5660160774121898	1.0	1.0	1.0	0.0	1.0	1.0	0.8216064286890065	1.0	1.0	0.0	1.0
ceb	0.0	1.0	1.0	1.0	1.0	1.0	1.0	1.0	1.0	1.0	1.0	1.0	1.0	1.0	1.0	1.0	1.0	1.0	0.0	1.0	0.0	1.0	1.0	1.0	1.0	0.0	1.0	0.0	1.0	1.0	1.0	1.0	1.0	0.0	1.0
ckb	0.0	1.0	1.0	1.0	0.7690990303325336	1.0	1.0	0.7690990303325336	1.0	0.7690990303325336	1.0	1.0	1.0	1.0	0.39060713746995906	1.0	1.0	1.0	1.0	0.0	1.0	0.7690990303325336	1.0	0.7690990303325336	0.41451916354404916	1.0	0.7690990303325336	1.0	1.0	1.0	1.0	1.0	1.0	0.0	1.0
da	1.0	1.0	1.0	0.7690990303325336	1.0	0.27233211884919206	0.388878943088341	0.3241856614207565	0.33378119207463447	0.3790361212877706	0.2843953373732515	0.6573121139719311	0.3198654735559254	0.2958755975988561	0.2610446869551239	0.4678824642198561	0.4263692673551733	0.3415774091776649	1.0	1.0	0.5660160774121898	0.4257278881153564	0.4678434726248496	0.36097636571976865	0.2694084996019371	0.3822528420229909	0.39461513059521097	1.0	0.28265494792359325	0.5246584333594356	0.3525396626799902	1.0	0.3946842418013705	1.0	0.4606709085825739
de	1.0	1.0	1.0	1.0	0.27233211884919206	1.0	0.32901185176990366	0.18293331377406274	0.15143946306910416	0.17649670154057379	0.2840242148971459	0.42086015539690247	0.2739163383666611	0.2524427933295616	0.1876246362769751	0.2748659810559662	0.28290540937894126	0.42995415895150885	1.0	1.0	0.8216064286890065	0.18310518999652636	0.2229136571059042	0.1486232467486798	0.46787142884694655	0.21308644535007634	0.24553944197908553	1.0	0.40098081737812774	0.378128078037462	0.2651600298743682	1.0	0.5888099024496551	1.0	0.28569709036938
el	1.0	1.0	1.0	1.0	0.388878943088341	0.32901185176990366	1.0	0.29800932894186044	0.2971697576419975	0.3847634135530178	1.0	1.0	0.4703368961281697	0.37133742858221064	0.4290040174388175	1.0	1.0	1.0	1.0	1.0	1.0	1.0	1.0	0.3231885976672776	0.38610572412565575	0.7300208629885034	0.6312127597226748	1.0	0.7510341748895937	1.0	0.5081012663292943	1.0	1.0	1.0	1.0
en	1.0	1.0	1.0	0.7690990303325336	0.3241856614207565	0.18293331377406274	0.29800932894186044	1.0	0.20210575917223966	0.21443560551984972	0.41891066866903687	0.577831790702814	0.3046942597414935	0.24947170026228643	0.29900030640821285	0.39076571768865476	0.4269487433417222	0.6118244377304547	1.0	1.0	1.0	0.3028049071345202	0.3095031720486666	0.21117647152292107	0.25309889354636533	0.3744949118088163	0.24933160526504625	1.0	0.33214367288971425	0.3735633939219148	0.2942236116827909	0.6740515375688696	0.41984549087109096	1.0	0.36202909738662004
es	1.0	1.0	1.0	1.0	0.33378119207463447	0.15143946306910416	0.2971697576419975	0.20210575917223966	1.0	0.15918025794527613	0.3083565793940993	0.6131109307903289	0.22162712955470049	0.27606027156191537	0.17264697106659746	0.36060520843529614	0.38532474332447564	0.74551343442257	1.0	1.0	1.0	0.2890301584502991	0.22563361360237358	0.17662320435748682	0.30328300636843153	0.23931955593518492	0.30625100287066376	1.0	0.4681629600691353	0.43701690793900355	0.3573093003248777	1.0	0.5464524888176382	1.0	0.3654272953022934
fr	1.0	1.0	1.0	0.7690990303325336	0.3790361212877706	0.17649670154057379	0.3847634135530178	0.21443560551984972	0.15918025794527613	1.0	0.38106883675177333	0.41055547717987523	0.22914431459713208	0.2293680852060558	0.24083501122140305	0.2992199689158321	0.3075418787612853	0.42489828324440815	1.0	1.0	1.0	0.2453986715169872	0.2696061187130397	0.2191800208025806	0.2661326020516462	0.27855083525671614	0.31270666231383126	1.0	0.3696299234740814	0.3635684845288618	0.32848279731122815	1.0	0.5662889830780613	1.0	0.2971193813531541
he	0.0	1.0	1.0	1.0	0.2843953373732515	0.2840242148971459	1.0	0.41891066866903687	0.3083565793940993	0.38106883675177333	1.0	1.0	0.6223041007404059	0.5895598144787592	0.4030798800715852	1.0	1.0	1.0	1.0	1.0	1.0	0.5818812394274148	0.6872527378556877	0.4983802892074307	0.7411828468492555	0.7221793916855703	0.5665784063051141	1.0	0.7411828468492556	1.0	0.6786291688147437	1.0	1.0	1.0	1.0
hi	1.0	1.0	1.0	1.0	0.6573121139719311	0.42086015539690247	1.0	0.577831790702814	0.6131109307903289	0.41055547717987523	1.0	1.0	1.0	0.39538311603482656	0.3785065126897125	1.0	0.7376607345031153	1.0	1.0	1.0	1.0	0.7455134344225701	0.6204120806044474	0.4255966483043855	1.0	1.0	0.599336494771889	1.0	0.74551343442257	1.0	0.8055567530094857	1.0	1.0	0.0	1.0
hu	1.0	1.0	1.0	1.0	0.3198654735559254	0.2739163383666611	0.4703368961281697	0.3046942597414935	0.22162712955470049	0.22914431459713208	0.6223041007404059	1.0	1.0	0.3061005315598692	0.28468357260851457	0.41385965460394675	0.5165434980461999	1.0	1.0	1.0	1.0	0.3903040529845384	0.4097114307788879	0.24865518486994476	0.36291678136209343	0.3669653075511412	0.3655178946063701	1.0	0.6395657813917609	0.5895598144787592	0.5264791142705334	0.6467936504043929	1.0	1.0	0.44475627758861985
id	1.0	1.0	1.0	1.0	0.2958755975988561	0.2524427933295616	0.37133742858221064	0.24947170026228643	0.27606027156191537	0.2293680852060558	0.5895598144787592	0.39538311603482656	0.3061005315598692	1.0	0.2313831305919018	0.30892785881450113	0.3103141025198784	0.38220721659817514	1.0	0.953225785585603	1.0	0.2977013957618691	0.2981755669415788	0.2272364754116032	0.2980253543665747	0.2932078885325314	0.316890934157075	1.0	0.3434658397520398	0.3403053759916763	0.32671261890032527	0.7376607345031153	0.3685300198987186	1.0	0.3384739465115268
it	1.0	0.5660160774121898	1.0	0.39060713746995906	0.2610446869551239	0.1876246362769751	0.4290040174388175	0.29900030640821285	0.17264697106659746	0.24083501122140305	0.4030798800715852	0.3785065126897125	0.28468357260851457	0.2313831305919018	1.0	0.2969096424882701	0.32763807328794886	0.4412253240911497	0.5660160774121898	1.0	0.5660160774121898	0.27425465878888033	0.3186617120933427	0.2043615625789405	0.294434397792714	0.3830822566893018	0.28764714699324595	1.0	0.5401923353712048	0.2707548617615889	0.2812181407475594	0.4116164957164757	0.5248194287149482	1.0	0.29792979986997103
ja	1.0	1.0	1.0	1.0	0.4678824642198561	0.2748659810559662	1.0	0.39076571768865476	0.36060520843529614	0.2992199689158321	1.0	1.0	0.41385965460394675	0.30892785881450113	0.2969096424882701	1.0	0.7141080454298698	1.0	1.0	1.0	1.0	0.43613135037696404	0.4335252945279232	0.22762477714300475	0.2712120720535459	0.7141080454298697	0.36987706275879	1.0	0.5913800870748354	1.0	0.5039619348221482	1.0	1.0	1.0	1.0
ko	1.0	1.0	1.0	1.0	0.4263692673551733	0.28290540937894126	1.0	0.4269487433417222	0.38532474332447564	0.3075418787612853	1.0	0.7376607345031153	0.5165434980461999	0.3103141025198784	0.32763807328794886	0.7141080454298698	1.0	0.7455134344225701	1.0	1.0	1.0	0.46154183660843157	0.4443791620109114	0.2567121168097196	0.2712120720535459	0.6370879244183066	0.48992867495157116	1.0	0.5473113397592536	1.0	0.5140246554515683	1.0	1.0	1.0	0.7155258672934657
lv	1.0	1.0	1.0	1.0	0.3415774091776649	0.42995415895150885	1.0	0.6118244377304547	0.74551343442257	0.42489828324440815	1.0	1.0	1.0	0.38220721659817514	0.4412253240911497	1.0	0.7455134344225701	1.0	1.0	1.0	1.0	1.0	0.74551343442257	0.3204479007932028	0.7510341748895939	1.0	0.6573121139719311	1.0	1.0	1.0	0.6883215523936199	1.0	1.0	1.0	1.0
mk	0.0	1.0	0.0	1.0	1.0	1.0	1.0	1.0	1.0	1.0	1.0	1.0	1.0	1.0	0.5660160774121898	1.0	1.0	1.0	1.0	1.0	1.0	1.0	1.0	0.5660160774121898	1.0	1.0	1.0	1.0	1.0	1.0	0.8216064286890065	1.0	1.0	0.0	1.0
ml	1.0	1.0	1.0	0.0	1.0	1.0	1.0	1.0	1.0	1.0	1.0	1.0	1.0	0.953225785585603	1.0	1.0	1.0	1.0	1.0	1.0	0.0	1.0	1.0	0.5660160774121898	1.0	1.0	0.8216064286890065	1.0	1.0	1.0	1.0	1.0	1.0	0.0	1.0
mr	0.0	1.0	0.0	1.0	0.5660160774121898	0.8216064286890065	1.0	1.0	1.0	1.0	1.0	1.0	1.0	1.0	0.5660160774121898	1.0	1.0	1.0	1.0	0.0	1.0	1.0	1.0	0.8216064286890065	1.0	1.0	1.0	1.0	1.0	1.0	1.0	1.0	1.0	1.0	1.0
nl	1.0	1.0	1.0	0.7690990303325336	0.4257278881153564	0.18310518999652636	1.0	0.3028049071345202	0.2890301584502991	0.2453986715169872	0.5818812394274148	0.7455134344225701	0.3903040529845384	0.2977013957618691	0.27425465878888033	0.43613135037696404	0.46154183660843157	1.0	1.0	1.0	1.0	1.0	0.3617750833054602	0.1832921724320871	0.30723005767455625	0.3620405204527863	0.34979220973381503	1.0	0.6127099857971968	0.636485134875708	0.3701722037845028	1.0	0.6575660918451188	1.0	0.5244367132783841
pl	1.0	1.0	1.0	1.0	0.4678434726248496	0.2229136571059042	1.0	0.3095031720486666	0.22563361360237358	0.2696061187130397	0.6872527378556877	0.6204120806044474	0.4097114307788879	0.2981755669415788	0.3186617120933427	0.4335252945279232	0.4443791620109114	0.74551343442257	1.0	1.0	1.0	0.3617750833054602	1.0	0.18319055639941198	0.2902881413376279	0.3846966726574344	0.419010577387651	1.0	0.5306340154921754	0.7221793916855703	0.43667435042135416	1.0	0.6333404237489202	1.0	0.42942598878255867
pt	1.0	0.5660160774121898	1.0	0.7690990303325336	0.36097636571976865	0.1486232467486798	0.3231885976672776	0.21117647152292107	0.17662320435748682	0.2191800208025806	0.4983802892074307	0.4255966483043855	0.24865518486994476	0.2272364754116032	0.2043615625789405	0.22762477714300475	0.2567121168097196	0.3204479007932028	0.5660160774121898	0.5660160774121898	0.8216064286890065	0.1832921724320871	0.18319055639941198	1.0	0.2509747050071606	0.23205603107204698	0.2871740852234295	0.8216064286890065	0.2761455641217085	0.2642271925992435	0.31203893472409644	0.4164363712812815	0.3657055885831231	1.0	0.234044676621204
ro	1.0	1.0	1.0	0.41451916354404916	0.2694084996019371	0.46787142884694655	0.38610572412565575	0.25309889354636533	0.30328300636843153	0.2661326020516462	0.7411828468492555	1.0	0.36291678136209343	0.2980253543665747	0.294434397792714	0.2712120720535459	0.2712120720535459	0.7510341748895939	1.0	1.0	1.0	0.30723005767455625	0.2902881413376279	0.2509747050071606	1.0	0.31756929237578496	0.34559103498599064	1.0	0.7455134344225701	0.47300944480511087	0.27621051047140455	1.0	0.7584325078215763	1.0	0.3475151574904399
ru	1.0	1.0	0.0	1.0	0.3822528420229909	0.21308644535007634	0.7300208629885034	0.3744949118088163	0.23931955593518492	0.27855083525671614	0.7221793916855703	1.0	0.3669653075511412	0.2932078885325314	0.3830822566893018	0.7141080454298697	0.6370879244183066	1.0	1.0	1.0	1.0	0.3620405204527863	0.3846966726574344	0.23205603107204698	0.31756929237578496	1.0	0.4479213337497615	1.0	0.5913800870748354	0.7199285383279773	0.3938815345086884	1.0	1.0	1.0	0.7147973711694585
sh	1.0	1.0	1.0	0.7690990303325336	0.39461513059521097	0.24553944197908553	0.6312127597226748	0.24933160526504625	0.30625100287066376	0.31270666231383126	0.5665784063051141	0.599336494771889	0.3655178946063701	0.316890934157075	0.28764714699324595	0.36987706275879	0.48992867495157116	0.6573121139719311	1.0	0.8216064286890065	1.0	0.34979220973381503	0.419010577387651	0.2871740852234295	0.34559103498599064	0.4479213337497615	1.0	1.0	0.5728405251059849	0.514562754935593	0.4872219172104913	0.5965550607176401	0.6459971207794037	1.0	0.4466337670219905
si	0.0	0.0	0.0	1.0	1.0	1.0	1.0	1.0	1.0	1.0	1.0	1.0	1.0	1.0	1.0	1.0	1.0	1.0	1.0	1.0	1.0	1.0	1.0	0.8216064286890065	1.0	1.0	1.0	1.0	1.0	1.0	1.0	1.0	1.0	1.0	1.0
simple	1.0	1.0	1.0	1.0	0.28265494792359325	0.40098081737812774	0.7510341748895937	0.33214367288971425	0.4681629600691353	0.3696299234740814	0.7411828468492556	0.74551343442257	0.6395657813917609	0.3434658397520398	0.5401923353712048	0.5913800870748354	0.5473113397592536	1.0	1.0	1.0	1.0	0.6127099857971968	0.5306340154921754	0.2761455641217085	0.7455134344225701	0.5913800870748354	0.5728405251059849	1.0	1.0	0.7411828468492556	0.5406237364429295	0.6841174893561722	0.74551343442257	1.0	0.5973329889831545
sr	1.0	1.0	1.0	1.0	0.5246584333594356	0.378128078037462	1.0	0.3735633939219148	0.43701690793900355	0.3635684845288618	1.0	1.0	0.5895598144787592	0.3403053759916763	0.2707548617615889	1.0	1.0	1.0	1.0	1.0	1.0	0.636485134875708	0.7221793916855703	0.2642271925992435	0.47300944480511087	0.7199285383279773	0.514562754935593	1.0	0.7411828468492556	1.0	0.43961720208140603	0.6161562425375515	1.0	1.0	1.0
sv	1.0	0.8216064286890065	1.0	1.0	0.3525396626799902	0.2651600298743682	0.5081012663292943	0.2942236116827909	0.3573093003248777	0.32848279731122815	0.6786291688147437	0.8055567530094857	0.5264791142705334	0.32671261890032527	0.2812181407475594	0.5039619348221482	0.5140246554515683	0.6883215523936199	0.8216064286890065	1.0	1.0	0.3701722037845028	0.43667435042135416	0.31203893472409644	0.27621051047140455	0.3938815345086884	0.4872219172104913	1.0	0.5406237364429295	0.43961720208140603	1.0	1.0	0.6300331949870974	1.0	0.4117840176512685
te	0.0	1.0	1.0	1.0	1.0	1.0	1.0	0.6740515375688696	1.0	1.0	1.0	1.0	0.6467936504043929	0.7376607345031153	0.4116164957164757	1.0	1.0	1.0	1.0	1.0	1.0	1.0	1.0	0.4164363712812815	1.0	1.0	0.5965550607176401	1.0	0.6841174893561722	0.6161562425375515	1.0	1.0	1.0	1.0	1.0
vi	1.0	1.0	1.0	1.0	0.3946842418013705	0.5888099024496551	1.0	0.41984549087109096	0.5464524888176382	0.5662889830780613	1.0	1.0	1.0	0.3685300198987186	0.5248194287149482	1.0	1.0	1.0	1.0	1.0	1.0	0.6575660918451188	0.6333404237489202	0.3657055885831231	0.7584325078215763	1.0	0.6459971207794037	1.0	0.74551343442257	1.0	0.6300331949870974	1.0	1.0	1.0	1.0
war	0.0	0.0	0.0	0.0	1.0	1.0	1.0	1.0	1.0	1.0	1.0	0.0	1.0	1.0	1.0	1.0	1.0	1.0	0.0	0.0	1.0	1.0	1.0	1.0	1.0	1.0	1.0	1.0	1.0	1.0	1.0	1.0	1.0	1.0	0.0
zh	1.0	1.0	1.0	1.0	0.4606709085825739	0.28569709036938	1.0	0.36202909738662004	0.3654272953022934	0.2971193813531541	1.0	1.0	0.44475627758861985	0.3384739465115268	0.29792979986997103	1.0	0.7155258672934657	1.0	1.0	1.0	1.0	0.5244367132783841	0.42942598878255867	0.234044676621204	0.3475151574904399	0.7147973711694585	0.4466337670219905	1.0	0.5973329889831545	1.0	0.4117840176512685	1.0	1.0	0.0	1.0
