arz	bs	ceb	ckb	da	de	el	en	es	fr	he	hi	hu	id	it	ja	ko	lv	mk	ml	mr	nl	pl	pt	ro	ru	sh	si	simple	sr	sv	te	vi	war	zh
arz	1.0	0.585786437626905	1.0	0.38742588672279304	0.0	0.585786437626905	1.0	1.0	1.0	1.0	1.0	0.0	1.0	0.585786437626905	1.0	1.0	1.0	1.0	1.0	0.24660605559646726	0.22584440001865322	1.0	1.0	1.0	0.0	1.0	0.585786437626905	0.2612038749637414	1.0	1.0	1.0	0.2791745113185196	1.0	0.5	1.0
bs	0.585786437626905	1.0	0.5	0.13321952658018657	1.0	0.03263708825161378	0.04711154277367372	0.034854348483331986	0.03168973508930125	0.068115797983532	0.11433841851550565	0.0	0.10876570539697614	0.585786437626905	0.11559867677387307	0.16556726505498612	0.04325799767165212	0.06805932406235471	0.031270271215114914	0.025832808383976585	0.03598624294318527	0.13505164734898575	0.03437230792848445	0.04954584766553372	0.36602540378443865	0.032709726577266736	0.17320383942362474	0.08545262621273517	1.0	0.04460379461945055	0.10540077551844215	0.11149539439865894	0.09382224609216946	0.17253779651421453	0.042101205023436186
ceb	1.0	0.5	1.0	0.5	0.3266316347104093	0.3090169943749474	0.3266316347104093	0.3139485079232126	0.2989350844248255	0.28989794855663564	0.3090169943749474	0.3090169943749474	0.3266316347104093	0.3090169943749474	0.31451985913875646	0.2989350844248255	0.32037724101704074	0.5	0.30383243470068705	0.3266316347104093	0.44948974278317805	0.3266316347104093	0.3090169943749474	0.3090169943749474	0.3090169943749474	0.3090169943749474	0.3266316347104093	0.5	0.3266316347104093	0.28989794855663564	0.3266316347104093	0.5	0.31451985913875646	0.3266316347104093	0.3266316347104093
ckb	0.38742588672279304	0.13321952658018657	0.5	1.0	0.13853768235555425	0.10587386608665837	0.07363010300014977	0.03419624506042286	0.13068363810000083	0.067946850733935	0.10113069765789216	0.1130746976672414	0.11372476663315244	0.11978243827074593	0.039547550130243116	0.022674259010811035	0.0494376785318379	0.12848165894291003	0.034767247202172315	0.12004366126324613	0.053520317591925215	0.13425496609571339	0.12528000045831353	0.02822104691485636	0.14400538349637873	0.018821594639998964	0.061333629113921845	0.15776505912784203	0.10868844880646585	0.0915883667516168	0.02456234743044615	0.21551468935838852	0.10210398216832244	0.4142135623730951	0.016683030576886474
da	0.0	1.0	0.3266316347104093	0.13853768235555425	1.0	1.0	1.0	1.0	1.0	1.0	1.0	0.0	1.0	0.0	0.3483314773547883	1.0	1.0	1.0	1.0	0.011712813817987371	0.020403704543096004	1.0	0.585786437626905	1.0	1.0	1.0	0.5	0.05467117680232418	1.0	1.0	1.0	0.10843726601257937	0.0	0.29893508442482547	1.0
de	0.585786437626905	0.03263708825161378	0.3090169943749474	0.10587386608665837	1.0	1.0	0.06085046077814661	0.020116795134880155	0.012548624473883723	0.025264238729124377	0.02025618412808307	1.0	0.252650308587072	0.2329636034520175	0.02604451838028083	0.32449979983983984	0.1513748062943529	0.3090169943749474	0.06558320222165845	0.006684881389258514	0.014704850098394433	0.0844216972142891	0.016681103634733935	0.10806386606494732	0.5	0.01652965268519663	0.03376382644979739	0.01983605065650688	0.5	0.031021542453536596	0.27195617308673004	0.05135643658230317	0.4364916731037085	0.2766967754673749	0.08753248155487238
el	1.0	0.04711154277367372	0.3266316347104093	0.07363010300014977	1.0	0.06085046077814661	1.0	0.054143452619476846	1.0	0.04817685449567618	1.0	0.0	1.0	0.4364916731037085	0.05408688067357989	1.0	1.0	1.0	1.0	0.0136020678860928	0.020091316102222888	0.2612038749637415	0.1463924816619788	1.0	1.0	1.0	0.05289520173971937	0.043436392077382	1.0	1.0	0.44948974278317805	0.0401740602018614	1.0	0.14314148321596143	1.0
en	1.0	0.034854348483331986	0.3139485079232126	0.03419624506042286	1.0	0.020116795134880155	0.054143452619476846	1.0	0.006626317970879973	0.04272421285688881	0.015153960853928285	1.0	0.1856154626682773	0.14606537568677977	0.02918341594954885	0.4142135623730951	0.07475705307634672	0.20521309615767264	0.049903535571941035	0.012976282243030716	0.01463293486001767	0.03511939111386884	0.020364241833010898	0.038012888917361376	0.38742588672279304	0.006209630666017792	0.03482028130599857	0.018276441304682152	0.44948974278317805	0.015425289326852144	0.12048618897312806	0.016240626648507953	0.26968623182294527	0.15042098700897008	0.06123807571263201
es	1.0	0.03168973508930125	0.2989350844248255	0.13068363810000083	1.0	0.012548624473883723	1.0	0.006626317970879973	1.0	0.012649983209218585	0.5	1.0	1.0	0.18740992571549211	0.01863076394982858	1.0	0.5	0.585786437626905	0.585786437626905	0.006212401148017527	0.014121427420386697	0.020371961956219917	0.012681080924073808	0.5	0.4142135623730951	0.585786437626905	0.03224320730476741	0.019527497786518192	1.0	0.5	0.38742588672279304	0.03987276977321484	0.585786437626905	0.28172904669025317	0.5
fr	1.0	0.068115797983532	0.28989794855663564	0.067946850733935	1.0	0.025264238729124377	0.04817685449567618	0.04272421285688881	0.012649983209218585	1.0	0.022920113297539645	1.0	0.13631705738347946	0.3430703308172536	0.07934257898534942	0.2791745113185196	0.06827650686427855	0.179128784747792	0.0318966276289397	0.0074607449512505974	0.014982813077218209	0.06114224109771294	0.018129419095619378	0.03654129241275233	0.3164309725825328	0.01551429625176912	0.07613478489218187	0.01913674423945434	0.5	0.028537874906624915	0.16174980273168016	0.0357522783607255	0.1896812679802183	0.19393558839550695	0.04084737787607755
he	1.0	0.11433841851550565	0.3090169943749474	0.10113069765789216	1.0	0.02025618412808307	1.0	0.015153960853928285	0.5	0.022920113297539645	1.0	1.0	1.0	0.28989794855663564	0.040532826645008325	1.0	1.0	1.0	1.0	0.007942425756942517	0.015976207142213115	0.1876127897984334	0.05079751620171934	1.0	1.0	1.0	0.06445164018755081	0.02287817029669402	1.0	1.0	0.5	0.05878493986856684	1.0	0.29893508442482547	1.0
hi	0.0	0.0	0.3090169943749474	0.1130746976672414	0.0	1.0	0.0	1.0	1.0	1.0	1.0	1.0	0.0	0.0	0.0	0.0	0.0	0.0	0.0	0.01031506318721441	0.017550245088337024	0.0	1.0	1.0	0.0	1.0	0.0	0.037989872238935345	0.0	1.0	0.0	0.057680252773279414	0.0	0.17518814002874858	1.0
hu	1.0	0.10876570539697614	0.3266316347104093	0.11372476663315244	1.0	0.252650308587072	1.0	0.1856154626682773	1.0	0.13631705738347946	1.0	0.0	1.0	0.585786437626905	0.11202287817352148	1.0	1.0	1.0	1.0	0.0127318178946007	0.021007291558542893	0.36602540378443865	0.38742588672279304	1.0	1.0	1.0	0.0827093156263067	0.05606203235068036	1.0	1.0	0.44948974278317805	0.06814215030973804	1.0	0.23800671553691075	1.0
id	0.585786437626905	0.585786437626905	0.3090169943749474	0.11978243827074593	0.0	0.2329636034520175	0.4364916731037085	0.14606537568677977	0.18740992571549211	0.3430703308172536	0.28989794855663564	0.0	0.585786437626905	1.0	0.3430703308172536	0.585786437626905	0.585786437626905	0.0	0.39564392373896007	0.008624854628721122	0.017484240426447622	0.3950325357559503	0.19655683966785462	0.20100820154529447	0.0	0.3430703308172536	0.585786437626905	0.026172004979955903	1.0	0.4364916731037085	0.39564392373896007	0.0637570400497541	1.0	0.2612038749637414	0.44948974278317805
it	1.0	0.11559867677387307	0.31451985913875646	0.039547550130243116	0.3483314773547883	0.02604451838028083	0.05408688067357989	0.02918341594954885	0.01863076394982858	0.07934257898534942	0.040532826645008325	0.0	0.11202287817352148	0.3430703308172536	1.0	0.12282856857085701	0.04449539254669618	0.07053835744014156	0.036061853972315795	0.01045234989129186	0.015802145888524837	0.05177518552272892	0.02266002294145309	0.04435122765648583	0.353889367864523	0.021828955159350363	0.08959729856141285	0.024555675108294324	0.4142135623730951	0.037431487048992	0.07068975561363233	0.02553293321335144	0.17011071785351697	0.18368518446174903	0.03824641861149376
ja	1.0	0.16556726505498612	0.2989350844248255	0.022674259010811035	1.0	0.32449979983983984	1.0	0.4142135623730951	1.0	0.2791745113185196	1.0	0.0	1.0	0.585786437626905	0.12282856857085701	1.0	1.0	1.0	1.0	0.012432191221000246	0.01474534959123972	0.39564392373896007	0.44948974278317805	1.0	1.0	1.0	0.09695589510319043	0.019450616533762864	1.0	1.0	0.585786437626905	0.0182151646666483	1.0	0.15894454156034005	1.0
ko	1.0	0.04325799767165212	0.32037724101704074	0.0494376785318379	1.0	0.1513748062943529	1.0	0.07475705307634672	0.5	0.06827650686427855	1.0	0.0	1.0	0.585786437626905	0.04449539254669618	1.0	1.0	1.0	1.0	0.008477999844836895	0.015239391968496897	0.5	0.23441237831492112	1.0	0.585786437626905	1.0	0.042132773890473034	0.02169149651519714	1.0	1.0	0.5	0.048127342275837134	1.0	0.2303268468157938	1.0
lv	1.0	0.06805932406235471	0.5	0.12848165894291003	1.0	0.3090169943749474	1.0	0.20521309615767264	0.585786437626905	0.179128784747792	1.0	0.0	1.0	0.0	0.07053835744014156	1.0	1.0	1.0	1.0	0.01608332928774799	0.021813853626776566	1.0	0.28436465220442186	1.0	1.0	1.0	0.061608425158994874	0.051350555981125964	0.0	1.0	1.0	0.09515695000315809	1.0	0.23166247903554	1.0
mk	1.0	0.031270271215114914	0.30383243470068705	0.034767247202172315	1.0	0.06558320222165845	1.0	0.049903535571941035	0.585786437626905	0.0318966276289397	1.0	0.0	1.0	0.39564392373896007	0.036061853972315795	1.0	1.0	1.0	1.0	0.016945635348950324	0.028595885864232187	0.3333333333333333	0.09068041711936155	1.0	1.0	1.0	0.03342953843066099	0.06815017733008982	1.0	1.0	0.44948974278317805	0.08013684301370692	1.0	0.1490392711850658	1.0
ml	0.24660605559646726	0.025832808383976585	0.3266316347104093	0.12004366126324613	0.011712813817987371	0.006684881389258514	0.0136020678860928	0.012976282243030716	0.006212401148017527	0.0074607449512505974	0.007942425756942517	0.01031506318721441	0.0127318178946007	0.008624854628721122	0.01045234989129186	0.012432191221000246	0.008477999844836895	0.01608332928774799	0.016945635348950324	1.0	0.0261925353437338	0.0069060680456101385	0.0068287220582957395	0.011827703774410218	0.009928410973557943	0.011471154561626206	0.011733728651000898	0.06093805243775048	0.010474619902215605	0.008908887100384521	0.011400703922160074	0.06107689292980531	0.008624693569773674	0.14942992956379245	0.015592942414601954
mr	0.22584440001865322	0.03598624294318527	0.44948974278317805	0.053520317591925215	0.020403704543096004	0.014704850098394433	0.020091316102222888	0.01463293486001767	0.014121427420386697	0.014982813077218209	0.015976207142213115	0.017550245088337024	0.021007291558542893	0.017484240426447622	0.015802145888524837	0.01474534959123972	0.015239391968496897	0.021813853626776566	0.028595885864232187	0.0261925353437338	1.0	0.01570689601690749	0.015317195093905165	0.015449889178825284	0.018402252002107784	0.01708229760067234	0.020072807208128166	0.07576888509122864	0.01588392362691221	0.01758057382218993	0.017002880005659252	0.032175334260713374	0.014972544400953549	0.14218195625986843	0.020759654982744784
nl	1.0	0.13505164734898575	0.3266316347104093	0.13425496609571339	1.0	0.0844216972142891	0.2612038749637415	0.03511939111386884	0.020371961956219917	0.06114224109771294	0.1876127897984334	0.0	0.36602540378443865	0.3950325357559503	0.05177518552272892	0.39564392373896007	0.5	1.0	0.3333333333333333	0.0069060680456101385	0.01570689601690749	1.0	0.05932612676237826	0.162232901101684	0.585786437626905	0.122828568570857	0.09442704692985429	0.022624687056106065	0.585786437626905	0.20100820154529447	0.23582845781094	0.058778527397520326	1.0	0.27195617308673004	0.4142135623730951
pl	1.0	0.03437230792848445	0.3090169943749474	0.12528000045831353	0.585786437626905	0.016681103634733935	0.1463924816619788	0.020364241833010898	0.012681080924073808	0.018129419095619378	0.05079751620171934	1.0	0.38742588672279304	0.19655683966785462	0.02266002294145309	0.44948974278317805	0.23441237831492112	0.28436465220442186	0.09068041711936155	0.0068287220582957395	0.015317195093905165	0.05932612676237826	1.0	0.14972506706560876	0.5	0.0034054513804012156	0.03576708573242294	0.0207397306453643	0.5	0.012287618000847909	0.24179033438163736	0.060417290658029886	0.4142135623730951	0.29893508442482547	0.156159660795834
pt	1.0	0.04954584766553372	0.3090169943749474	0.02822104691485636	1.0	0.10806386606494732	1.0	0.038012888917361376	0.5	0.03654129241275233	1.0	1.0	1.0	0.20100820154529447	0.04435122765648583	1.0	1.0	1.0	1.0	0.011827703774410218	0.015449889178825284	0.162232901101684	0.14972506706560876	1.0	1.0	1.0	0.05893196623098941	0.01982110906456433	1.0	1.0	0.44948974278317805	0.016309483457355348	1.0	0.16056186254883698	1.0
ro	0.0	0.36602540378443865	0.3090169943749474	0.14400538349637873	1.0	0.5	1.0	0.38742588672279304	0.4142135623730951	0.3164309725825328	1.0	0.0	1.0	0.0	0.353889367864523	1.0	0.585786437626905	1.0	1.0	0.009928410973557943	0.018402252002107784	0.585786437626905	0.5	1.0	1.0	0.3090169943749474	0.585786437626905	0.04814284325128293	0.0	0.585786437626905	1.0	0.08210636530370646	1.0	0.3333333333333333	0.585786437626905
ru	1.0	0.032709726577266736	0.3090169943749474	0.018821594639998964	1.0	0.01652965268519663	1.0	0.006209630666017792	0.585786437626905	0.01551429625176912	1.0	1.0	1.0	0.3430703308172536	0.021828955159350363	1.0	1.0	1.0	1.0	0.011471154561626206	0.01708229760067234	0.122828568570857	0.0034054513804012156	1.0	0.3090169943749474	1.0	0.03251551240772167	0.021676749877228466	1.0	1.0	0.10270214532815182	0.015935100839859585	1.0	0.16713169773043432	1.0
sh	0.585786437626905	0.17320383942362474	0.3266316347104093	0.061333629113921845	0.5	0.03376382644979739	0.05289520173971937	0.03482028130599857	0.03224320730476741	0.07613478489218187	0.06445164018755081	0.0	0.0827093156263067	0.585786437626905	0.08959729856141285	0.09695589510319043	0.042132773890473034	0.061608425158994874	0.03342953843066099	0.011733728651000898	0.020072807208128166	0.09442704692985429	0.03576708573242294	0.05893196623098941	0.585786437626905	0.03251551240772167	1.0	0.028747666984483243	1.0	0.04118464594019525	0.07306901140047452	0.06226939069763495	0.09670458952040234	0.17001194913688775	0.0425834036787257
si	0.2612038749637414	0.08545262621273517	0.5	0.15776505912784203	0.05467117680232418	0.01983605065650688	0.043436392077382	0.018276441304682152	0.019527497786518192	0.01913674423945434	0.02287817029669402	0.037989872238935345	0.05606203235068036	0.026172004979955903	0.024555675108294324	0.019450616533762864	0.02169149651519714	0.051350555981125964	0.06815017733008982	0.06093805243775048	0.07576888509122864	0.022624687056106065	0.0207397306453643	0.01982110906456433	0.04814284325128293	0.021676749877228466	0.028747666984483243	1.0	0.026306457508344074	0.024209510397611867	0.026836887429490294	0.14132460448777898	0.02330336044500355	0.26533119314590375	0.020728190515152133
simple	1.0	1.0	0.3266316347104093	0.10868844880646585	1.0	0.5	1.0	0.44948974278317805	1.0	0.5	1.0	0.0	1.0	1.0	0.4142135623730951	1.0	1.0	0.0	1.0	0.010474619902215605	0.01588392362691221	0.585786437626905	0.5	1.0	0.0	1.0	1.0	0.026306457508344074	1.0	1.0	1.0	0.06817548363258794	1.0	0.20942771453851886	1.0
sr	1.0	0.04460379461945055	0.28989794855663564	0.0915883667516168	1.0	0.031021542453536596	1.0	0.015425289326852144	0.5	0.028537874906624915	1.0	1.0	1.0	0.4364916731037085	0.037431487048992	1.0	1.0	1.0	1.0	0.008908887100384521	0.01758057382218993	0.20100820154529447	0.012287618000847909	1.0	0.585786437626905	1.0	0.04118464594019525	0.024209510397611867	1.0	1.0	0.44948974278317805	0.05974399219578821	1.0	0.19636040545626823	1.0
sv	1.0	0.10540077551844215	0.3266316347104093	0.02456234743044615	1.0	0.27195617308673004	0.44948974278317805	0.12048618897312806	0.38742588672279304	0.16174980273168016	0.5	0.0	0.44948974278317805	0.39564392373896007	0.07068975561363233	0.585786437626905	0.5	1.0	0.44948974278317805	0.011400703922160074	0.017002880005659252	0.23582845781094	0.24179033438163736	0.44948974278317805	1.0	0.10270214532815182	0.07306901140047452	0.026836887429490294	1.0	0.44948974278317805	1.0	0.016776384365382792	1.0	0.1338146927401688	0.585786437626905
te	0.2791745113185196	0.11149539439865894	0.5	0.21551468935838852	0.10843726601257937	0.05135643658230317	0.0401740602018614	0.016240626648507953	0.03987276977321484	0.0357522783607255	0.05878493986856684	0.057680252773279414	0.06814215030973804	0.0637570400497541	0.02553293321335144	0.0182151646666483	0.048127342275837134	0.09515695000315809	0.08013684301370692	0.06107689292980531	0.032175334260713374	0.058778527397520326	0.060417290658029886	0.016309483457355348	0.08210636530370646	0.015935100839859585	0.06226939069763495	0.14132460448777898	0.06817548363258794	0.05974399219578821	0.016776384365382792	1.0	0.06640207779716584	0.3660254037844386	0.012672237229921023
vi	1.0	0.09382224609216946	0.31451985913875646	0.10210398216832244	0.0	0.4364916731037085	1.0	0.26968623182294527	0.585786437626905	0.1896812679802183	1.0	0.0	1.0	1.0	0.17011071785351697	1.0	1.0	1.0	1.0	0.008624693569773674	0.014972544400953549	1.0	0.4142135623730951	1.0	1.0	1.0	0.09670458952040234	0.02330336044500355	1.0	1.0	1.0	0.06640207779716584	1.0	0.2061257833323215	1.0
war	0.5	0.17253779651421453	0.3266316347104093	0.4142135623730951	0.29893508442482547	0.2766967754673749	0.14314148321596143	0.15042098700897008	0.28172904669025317	0.19393558839550695	0.29893508442482547	0.17518814002874858	0.23800671553691075	0.2612038749637414	0.18368518446174903	0.15894454156034005	0.2303268468157938	0.23166247903554	0.1490392711850658	0.14942992956379245	0.14218195625986843	0.27195617308673004	0.29893508442482547	0.16056186254883698	0.3333333333333333	0.16713169773043432	0.17001194913688775	0.26533119314590375	0.20942771453851886	0.19636040545626823	0.1338146927401688	0.3660254037844386	0.2061257833323215	1.0	0.10331135933893756
zh	1.0	0.042101205023436186	0.3266316347104093	0.016683030576886474	1.0	0.08753248155487238	1.0	0.06123807571263201	0.5	0.04084737787607755	1.0	1.0	1.0	0.44948974278317805	0.03824641861149376	1.0	1.0	1.0	1.0	0.015592942414601954	0.020759654982744784	0.4142135623730951	0.156159660795834	1.0	0.585786437626905	1.0	0.0425834036787257	0.020728190515152133	1.0	1.0	0.585786437626905	0.012672237229921023	1.0	0.10331135933893756	1.0
