arz	bs	ceb	ckb	da	de	el	en	es	fr	he	hi	hu	id	it	ja	ko	lv	mk	ml	mr	nl	pl	pt	ro	ru	sh	si	simple	sr	sv	te	tr	vi	war	zh
arz	1.0	0.12769271191181897	0.14118784806383944	1.0	0.12769271191181897	0.12931586373476808	1.0	0.13321952658018657	0.13143927813749226	0.13413866172981215	1.0	1.0	0.14732056773523425	0.12890399203517383	0.12690480173057767	1.0	1.0	0.1355556846194033	1.0	1.0	1.0	0.12729683913915313	0.12931586373476808	0.32449979983983984	0.12769271191181897	1.0	0.28172904669025317	1.0	0.126516536980057	1.0	0.13231996486433337	1.0	1.0	0.13143927813749226	1.0	0.28989794855663564
bs	0.12769271191181897	1.0	0.0990085502628085	0.010426197931244061	0.0997880707722112	0.08611974746838547	0.010426197931244061	0.06208127868463513	0.067576054755071	0.06380817863090753	0.010426197931244061	0.010693281226730555	0.07766139373327588	0.08564418745714766	0.12404014700472374	0.010426197931244061	0.010426197931244061	0.05168244881824449	0.010426197931244061	0.010426197931244061	0.010426197931244061	0.11648055576080356	0.09747530246148418	0.06338646604353915	0.1002010429232901	0.010426197931244061	0.060179000588209144	0.03898499317469082	0.11709946252302218	0.010426197931244061	0.0731636771824849	0.013346164728210284	0.10818447032034852	0.07211200710933206	0.010429985008142668	0.08002637977738779
ceb	0.14118784806383944	0.0990085502628085	1.0	0.010778966673310448	0.09154280353320339	0.07797238350165528	0.010165126211985941	0.05907395322982332	0.06340737514180031	0.060242414559980646	0.010595760339903686	0.011066073733610599	0.07382560995345466	0.07707696923305465	0.10494083185190793	0.010165126211985941	0.010165126211985941	0.05280953769386421	0.010778966673310448	0.010778966673310448	0.010778966673310448	0.10248570611179562	0.08574259246367458	0.06241601316291035	0.09045249850333568	0.010165126211985941	0.060054112713297796	0.04050971172259647	0.1010431995479149	0.010595760339903686	0.06795789352679803	0.01359810764746027	-1.0	0.06745336924921229	0.010782905474627956	0.07461638571165657
ckb	1.0	0.010426197931244061	0.010778966673310448	1.0	0.010489575289777568	0.010609815504887652	1.0	0.0110722452297137	0.010922972586584733	0.011026548806452215	1.0	1.0	0.01104682596471712	0.010613036002938862	0.010377672704455753	1.0	1.0	0.011592806991972971	1.0	1.0	1.0	0.010400713024264725	0.010505552863544343	0.011615995240327474	0.010488214737202059	1.0	0.011696715950414454	1.0	0.010398439931959038	1.0	0.010793343633750275	1.0	1.0	0.010816936463692084	0.28436465220442186	0.010973947339136711
da	0.12769271191181897	0.0997880707722112	0.09154280353320339	0.010489575289777568	1.0	0.08027884980930765	0.010401660587660323	0.0607956118211092	0.06545850108211275	0.062073985185976684	0.010401660587660323	0.010761286251066947	0.07473772860264628	0.08039169531219122	0.10656691688349014	0.010401660587660323	0.010401660587660322	0.0515621600722153	0.010489575289777568	0.010489575289777568	0.010489575289777568	0.10303906355454961	0.08949135782684689	0.062465622732147924	0.09104002706183328	0.010401660587660322	0.05964744709435565	0.0392130711144317	0.1029346000303924	0.010401660587660322	0.07055868798845234	0.01327644390840647	0.2025519956555797	0.06941006828700547	0.010493204119771275	0.07707239535579716
de	0.12931586373476808	0.08611974746838547	0.07797238350165528	0.010609815504887652	0.08027884980930765	1.0	0.009631883623463304	0.05339280670188482	0.057407109883665375	0.05460620324210005	0.010434607198434687	0.010886048204034236	0.038787691800884726	0.06827795218472481	0.08845241699920706	0.01001789318958295	0.009486240818703749	0.05087381360299589	0.010609815504887652	0.010609815504887652	0.010609815504887652	0.08734535549977228	0.07643274091270302	0.06049747564209517	0.07916123084069997	0.009859105548250898	0.059277443055881646	0.039627562772697064	0.08619980470379295	0.010434607198434687	0.06018263255150423	0.013301019285621963	0.14863346769704044	0.06265089386333769	0.010613571062547763	0.06980010550096333
el	1.0	0.010426197931244061	0.010165126211985941	1.0	0.010401660587660323	0.009631883623463304	1.0	0.010050721290656725	0.009919175723517843	0.010014002518486761	1.0	1.0	0.010188418893166306	0.009713824496844468	0.010206766285143599	1.0	1.0	0.011592806991972971	1.0	1.0	1.0	0.010313524850108452	0.010001852368147246	0.01112866561181867	0.010144672812246906	1.0	0.011696715950414454	1.0	0.010141861364876902	1.0	0.009808206821017733	1.0	0.5	0.010300433018710269	0.28436465220442186	0.010348433947286082
en	0.13321952658018657	0.06208127868463513	0.05907395322982332	0.0110722452297137	0.0607956118211092	0.05339280670188482	0.010050721290656725	1.0	0.050087473984381216	0.04158856723307541	0.010890180723729926	0.011366853671491473	0.04027453863601922	0.05328737006393838	0.06171262646427425	0.010289408415445723	0.009019233207244985	0.049236267416095644	0.0110722452297137	0.0110722452297137	0.0110722452297137	0.06233083194474857	0.05828229658456427	0.05693080463442442	0.05924385715092449	0.010289224972888898	0.05719126852331589	0.04144207305700515	0.061569877941576624	0.010890180723729926	0.04742288253661236	0.013874872820119429	0.08234456688120868	0.053591649851114656	0.011076515760241873	0.058043713716304325
es	0.13143927813749226	0.067576054755071	0.06340737514180031	0.010922972586584733	0.06545850108211275	0.057407109883665375	0.009919175723517843	0.050087473984381216	1.0	0.0505516653381595	0.010743692859313946	0.011204289160149504	0.0592742203481403	0.05758588129202527	0.06774706450376362	0.010317406691233528	0.00976984121018151	0.05013672281537228	0.010922972586584733	0.010922972586584733	0.010922972586584732	0.06772799772854488	0.06213240685555284	0.05833588072155663	0.06407974061483891	0.010155236673139405	0.058113133254263157	0.040742682858820004	0.06628973688994401	0.010743692859313946	0.05371298435255337	0.013698630136986294	0.15097964260333877	0.05605153897870143	0.010926556919808013	0.061427816518262505
fr	0.13413866172981215	0.06380817863090753	0.060242414559980646	0.011026548806452215	0.062073985185976684	0.05460620324210005	0.010014002518486761	0.04158856723307541	0.0505516653381595	1.0	0.010843691761520393	0.011306920726592107	0.0400774775084028	0.054077308194465705	0.06333744356434831	0.01024946799433074	0.009105476449574315	0.04983224957590557	0.011026548806452215	0.011026548806452215	0.011026548806452215	0.06382405522438767	0.05940251763625168	0.057618762108071674	0.06072049731416766	0.010246568234777117	0.05745565512282213	0.041221123517085206	0.0628393095807654	0.010843691761520393	0.04772024520299931	0.013809430140307605	0.13578950645776863	0.05486915427118208	0.011029706602317692	0.059235380191490744
he	1.0	0.010426197931244061	0.010595760339903686	1.0	0.010401660587660323	0.010434607198434687	1.0	0.010890180723729926	0.010743692859313946	0.010843691761520393	1.0	1.0	0.01086551023469234	0.010436712707650292	0.010206766285143599	1.0	1.0	0.011592806991972971	1.0	1.0	1.0	0.010400713024264725	0.010331306400549928	0.011417075357660315	0.010313709599995792	1.0	0.011696715950414454	1.0	0.01022597868629693	1.0	0.010614647356031811	1.0	0.585786437626905	0.01063910924420866	0.28436465220442186	0.010789003325088668
hi	1.0	0.010693281226730555	0.011066073733610599	1.0	0.010761286251066947	0.010886048204034236	1.0	0.011366853671491473	0.011204289160149504	0.011306920726592107	1.0	1.0	0.011336276718167072	0.01089061600063582	0.010647233223472925	1.0	1.0	0.01189055821482673	1.0	1.0	1.0	0.010669670834971662	0.010776435543072128	0.011936047356170647	0.01075918725000996	1.0	0.012000680220010489	1.0	0.010669466215031878	1.0	0.011074991445584789	1.0	1.0	0.011095193229337623	0.2958163163244893	0.011299617428727553
hu	0.14732056773523425	0.07766139373327588	0.07382560995345466	0.01104682596471712	0.07473772860264628	0.038787691800884726	0.010188418893166306	0.04027453863601922	0.0592742203481403	0.0400774775084028	0.01086551023469234	0.011336276718167072	1.0	0.06613036008569394	0.0787375843730652	0.010600472607016324	0.011411183794333533	0.05545355474388297	0.01104682596471712	0.01104682596471712	0.01104682596471712	0.07854390435159209	0.07243555744180878	0.067463644004109	0.07346464511741947	0.010430830059348627	0.06668231340061083	0.04136802323230025	0.07693878776520695	0.01086551023469234	0.03927422661572926	0.013842931463120819	1.0	0.06464114668186977	0.011050504502573891	0.07329687032551474
id	0.12890399203517383	0.08564418745714766	0.07707696923305465	0.010613036002938862	0.08039169531219122	0.06827795218472481	0.009713824496844468	0.05328737006393838	0.05758588129202527	0.054077308194465705	0.010436712707650292	0.01089061600063582	0.06613036008569394	1.0	0.08793609645200694	0.009944076921989176	0.00942239954369064	0.0511296492647681	0.010613036002938862	0.010613036002938862	0.010613036002938862	0.08711661663753718	0.07619882286701979	0.060368494342023016	0.07817905307371993	0.009866210936709675	0.05945140905241316	0.03961676780812888	0.08623991977665656	0.010436712707650292	0.05974322883892744	0.013303802545702023	0.17683598919291532	0.06265839725431796	0.010616558827944196	0.06933168360293096
it	0.12690480173057767	0.12404014700472374	0.10494083185190793	0.010377672704455753	0.10656691688349014	0.08845241699920706	0.010206766285143599	0.06171262646427425	0.06774706450376362	0.06333744356434831	0.010206766285143599	0.010647233223472925	0.0787375843730652	0.08793609645200694	1.0	0.010123294579634713	0.010123294579634713	0.0517994068094806	0.010377672704455753	0.010377672704455753	0.010377672704455753	0.1320055954582221	0.10228057004904825	0.06326693141419747	0.10568746177061482	0.010206766285143599	0.06052011617357907	0.038852101069895194	0.13059004463321497	0.010206766285143599	0.07372609018953981	0.013011494016000585	0.1179773555499789	0.07274449234259278	0.010381406947838326	0.08129737828485245
ja	1.0	0.010426197931244061	0.010165126211985941	1.0	0.010401660587660323	0.01001789318958295	1.0	0.010289408415445723	0.010317406691233528	0.01024946799433074	1.0	1.0	0.010600472607016324	0.009944076921989176	0.010123294579634713	1.0	1.0	0.011592806991972971	1.0	1.0	1.0	0.010313524850108452	0.010001852368147246	0.01112866561181867	0.010229041157411526	1.0	0.011696715950414454	1.0	0.010141861364876902	1.0	0.010116140479831275	1.0	0.21209649407822986	0.010300433018710269	0.28436465220442186	0.010178771787176926
ko	1.0	0.010426197931244061	0.010165126211985941	1.0	0.010401660587660322	0.009486240818703749	1.0	0.009019233207244985	0.00976984121018151	0.009105476449574315	1.0	1.0	0.011411183794333533	0.00942239954369064	0.010123294579634713	1.0	1.0	0.011592806991972971	1.0	1.0	1.0	0.010313524850108452	0.010001852368147246	0.011035257637096292	0.010144672812246906	1.0	0.011696715950414454	1.0	0.010141861364876902	1.0	0.009047001457829374	1.0	0.38742588672279304	0.010300433018710269	0.28436465220442186	0.010266645228860767
lv	0.1355556846194033	0.05168244881824449	0.05280953769386421	0.011592806991972971	0.0515621600722153	0.05087381360299589	0.011592806991972971	0.049236267416095644	0.05013672281537228	0.04983224957590557	0.011592806991972971	0.01189055821482673	0.05545355474388297	0.0511296492647681	0.0517994068094806	0.011592806991972971	0.011592806991972971	1.0	0.011592806991972971	0.011592806991972971	0.011592806991972973	0.051757543342600645	0.05140582697363002	0.05680083354736634	0.05159111698161583	0.011592806991972971	0.05574763480278959	0.043194684073073246	0.051674125509451975	0.011592806991972971	0.050594518896732374	0.014818529204430563	0.27429188517743175	0.050443081652516764	0.011596787058065425	0.054813900757256596
mk	1.0	0.010426197931244061	0.010778966673310448	1.0	0.010489575289777568	0.010609815504887652	1.0	0.0110722452297137	0.010922972586584733	0.011026548806452215	1.0	1.0	0.01104682596471712	0.010613036002938862	0.010377672704455753	1.0	1.0	0.011592806991972971	1.0	1.0	1.0	0.010400713024264725	0.010505552863544343	0.011615995240327474	0.010488214737202059	1.0	0.011696715950414454	1.0	0.010398439931959038	1.0	0.010793343633750275	1.0	0.585786437626905	0.010816936463692084	0.28436465220442186	0.010973947339136711
ml	1.0	0.010426197931244061	0.010778966673310448	1.0	0.010489575289777568	0.010609815504887652	1.0	0.0110722452297137	0.010922972586584733	0.011026548806452215	1.0	1.0	0.01104682596471712	0.010613036002938862	0.010377672704455753	1.0	1.0	0.011592806991972971	1.0	1.0	1.0	0.010400713024264726	0.010505552863544343	0.011615995240327474	0.010488214737202059	1.0	0.011696715950414454	1.0	0.01039843993195904	1.0	0.010793343633750275	1.0	0.44948974278317805	0.010816936463692084	0.28436465220442186	0.010973947339136711
mr	1.0	0.010426197931244061	0.010778966673310448	1.0	0.010489575289777568	0.010609815504887652	1.0	0.0110722452297137	0.010922972586584732	0.011026548806452215	1.0	1.0	0.01104682596471712	0.010613036002938862	0.010377672704455753	1.0	1.0	0.011592806991972973	1.0	1.0	1.0	0.010400713024264726	0.010505552863544343	0.011615995240327474	0.010488214737202059	1.0	0.011696715950414454	1.0	0.01039843993195904	1.0	0.010793343633750275	1.0	1.0	0.010816936463692084	0.28436465220442186	0.010973947339136711
nl	0.12729683913915313	0.11648055576080356	0.10248570611179562	0.010400713024264725	0.10303906355454961	0.08734535549977228	0.010313524850108452	0.06233083194474857	0.06772799772854488	0.06382405522438767	0.010400713024264725	0.010669670834971662	0.07854390435159209	0.08711661663753718	0.1320055954582221	0.010313524850108452	0.010313524850108452	0.051757543342600645	0.010400713024264725	0.010400713024264726	0.010400713024264726	1.0	0.10026505030111844	0.06321190690112904	0.10331925568891742	0.010313524850108452	0.060275722982361134	0.03887245638591523	0.12492212727922945	0.010400713024264725	0.07399981977327044	0.013311764398475437	0.06627187210625285	0.0720427708173235	0.010404250059670635	0.0812875680035548
pl	0.12931586373476808	0.09747530246148418	0.08574259246367458	0.010505552863544343	0.08949135782684689	0.07643274091270302	0.010001852368147246	0.05828229658456427	0.06213240685555284	0.05940251763625168	0.010331306400549928	0.010776435543072128	0.07243555744180878	0.07619882286701979	0.10228057004904825	0.010001852368147246	0.010001852368147246	0.05140582697363002	0.010505552863544343	0.010505552863544343	0.010505552863544343	0.10026505030111844	1.0	0.06167000430213709	0.08838736306275652	0.010001852368147246	0.05996259151453946	0.03931809302976717	0.09975652255004781	0.010331306400549928	0.06695097921780734	0.013172539140345703	0.1544908120548551	0.06669496420943895	0.010509427415132102	0.0741046169439088
pt	0.32449979983983984	0.06338646604353915	0.06241601316291035	0.011615995240327474	0.062465622732147924	0.06049747564209517	0.01112866561181867	0.05693080463442442	0.05833588072155663	0.057618762108071674	0.011417075357660315	0.011936047356170647	0.067463644004109	0.060368494342023016	0.06326693141419747	0.01112866561181867	0.011035257637096292	0.05680083354736634	0.011615995240327474	0.011615995240327474	0.011615995240327474	0.06321190690112904	0.06167000430213709	1.0	0.061739908482736534	0.01112866561181867	0.06984031594292352	0.043896758394801796	0.06286436664781057	0.011417075357660315	0.05938272389700709	0.014674913314417224	0.15628876779381914	0.05909743919594962	0.011620068871695236	0.06681318788192721
ro	0.12769271191181897	0.1002010429232901	0.09045249850333568	0.010488214737202059	0.09104002706183328	0.07916123084069997	0.010144672812246906	0.05924385715092449	0.06407974061483891	0.06072049731416766	0.010313709599995792	0.01075918725000996	0.07346464511741947	0.07817905307371993	0.10568746177061482	0.010229041157411526	0.010144672812246906	0.05159111698161583	0.010488214737202059	0.010488214737202059	0.010488214737202059	0.10331925568891742	0.08838736306275652	0.061739908482736534	1.0	0.010144672812246906	0.05979271456370479	0.03918173050027656	0.10262317748494576	0.010313709599995792	0.06881182869293234	0.013143682749116864	0.585786437626905	0.06826818527896455	0.010491453113345825	0.07599162380901921
ru	1.0	0.010426197931244061	0.010165126211985941	1.0	0.010401660587660322	0.009859105548250898	1.0	0.010289224972888898	0.010155236673139405	0.010246568234777117	1.0	1.0	0.010430830059348627	0.009866210936709675	0.010206766285143599	1.0	1.0	0.011592806991972971	1.0	1.0	1.0	0.010313524850108452	0.010001852368147246	0.01112866561181867	0.010144672812246906	1.0	0.011696715950414454	1.0	0.010141861364876902	1.0	0.0100372447799751	1.0	0.1610336888394587	0.010300433018710269	0.28436465220442186	0.010348433947286082
sh	0.28172904669025317	0.060179000588209144	0.060054112713297796	0.011696715950414454	0.05964744709435565	0.059277443055881646	0.011696715950414454	0.05719126852331589	0.058113133254263157	0.05745565512282213	0.011696715950414454	0.012000680220010489	0.06668231340061083	0.05945140905241316	0.06052011617357907	0.011696715950414454	0.011696715950414454	0.05574763480278959	0.011696715950414454	0.011696715950414454	0.011696715950414454	0.060275722982361134	0.05996259151453946	0.06984031594292352	0.05979271456370479	0.011696715950414454	1.0	0.04020717621131633	0.06048494176172772	0.011696715950414454	0.058657815431474844	0.015157257641522879	0.5	0.05818355285701841	0.01170060137377724	0.06557775070871155
si	1.0	0.03898499317469082	0.04050971172259647	1.0	0.0392130711144317	0.039627562772697064	1.0	0.04144207305700515	0.040742682858820004	0.041221123517085206	1.0	1.0	0.04136802323230025	0.03961676780812888	0.038852101069895194	1.0	1.0	0.043194684073073246	1.0	1.0	1.0	0.03887245638591523	0.03931809302976717	0.043896758394801796	0.03918173050027656	1.0	0.04020717621131633	1.0	0.038882646210846805	1.0	0.0401227931528544	1.0	1.0	0.040590789961113774	1.0	0.04101352640889513
simple	0.126516536980057	0.11709946252302218	0.1010431995479149	0.010398439931959038	0.1029346000303924	0.08619980470379295	0.010141861364876902	0.061569877941576624	0.06628973688994401	0.0628393095807654	0.01022597868629693	0.010669466215031878	0.07693878776520695	0.08623991977665656	0.13059004463321497	0.010141861364876902	0.010141861364876902	0.051674125509451975	0.010398439931959038	0.01039843993195904	0.01039843993195904	0.12492212727922945	0.09975652255004781	0.06286436664781057	0.10262317748494576	0.010141861364876902	0.06048494176172772	0.038882646210846805	1.0	0.01022597868629693	0.0728635043880517	0.013033496692654863	0.24660605559646726	0.07131675500713165	0.01040219672556736	0.08085625885468341
sr	1.0	0.010426197931244061	0.010595760339903686	1.0	0.010401660587660322	0.010434607198434687	1.0	0.010890180723729926	0.010743692859313946	0.010843691761520393	1.0	1.0	0.01086551023469234	0.010436712707650292	0.010206766285143599	1.0	1.0	0.011592806991972971	1.0	1.0	1.0	0.010400713024264725	0.010331306400549928	0.011417075357660315	0.010313709599995792	1.0	0.011696715950414454	1.0	0.01022597868629693	1.0	0.010614647356031811	1.0	0.28172904669025317	0.01063910924420866	0.28436465220442186	0.010789003325088668
sv	0.13231996486433337	0.0731636771824849	0.06795789352679803	0.010793343633750275	0.07055868798845234	0.06018263255150423	0.009808206821017733	0.04742288253661236	0.05371298435255337	0.04772024520299931	0.010614647356031811	0.011074991445584789	0.03927422661572926	0.05974322883892744	0.07372609018953981	0.010116140479831275	0.009047001457829374	0.050594518896732374	0.010793343633750275	0.010793343633750275	0.010793343633750275	0.07399981977327044	0.06695097921780734	0.05938272389700709	0.06881182869293234	0.0100372447799751	0.058657815431474844	0.0401227931528544	0.0728635043880517	0.010614647356031811	1.0	0.01352980329900897	0.28172904669025317	0.05856085315205054	0.01079687413637285	0.064151517310725
te	1.0	0.013346164728210284	0.01359810764746027	1.0	0.01327644390840647	0.013301019285621963	1.0	0.013874872820119429	0.013698630136986294	0.013809430140307605	1.0	1.0	0.013842931463120819	0.013303802545702023	0.013011494016000585	1.0	1.0	0.014818529204430563	1.0	1.0	1.0	0.013311764398475437	0.013172539140345703	0.014674913314417224	0.013143682749116864	1.0	0.015157257641522879	1.0	0.013033496692654863	1.0	0.01352980329900897	1.0	1.0	0.013541535092942364	0.38742588672279304	0.014079078546287463
tr	1.0	0.10818447032034852	-1.0	1.0	0.2025519956555797	0.14863346769704044	0.5	0.08234456688120868	0.15097964260333877	0.13578950645776863	0.585786437626905	1.0	1.0	0.17683598919291532	0.1179773555499789	0.21209649407822986	0.38742588672279304	0.27429188517743175	0.585786437626905	0.44948974278317805	1.0	0.06627187210625285	0.1544908120548551	0.15628876779381914	0.585786437626905	0.1610336888394587	0.5	1.0	0.24660605559646726	0.28172904669025317	0.28172904669025317	1.0	1.0	0.36602540378443865	1.0	0.28989794855663564
vi	0.13143927813749226	0.07211200710933206	0.06745336924921229	0.010816936463692084	0.06941006828700547	0.06265089386333769	0.010300433018710269	0.053591649851114656	0.05605153897870143	0.05486915427118208	0.01063910924420866	0.011095193229337623	0.06464114668186977	0.06265839725431796	0.07274449234259278	0.010300433018710269	0.010300433018710269	0.050443081652516764	0.010816936463692084	0.010816936463692084	0.010816936463692084	0.0720427708173235	0.06669496420943895	0.05909743919594962	0.06826818527896455	0.010300433018710269	0.05818355285701841	0.040590789961113774	0.07131675500713165	0.01063910924420866	0.05856085315205054	0.013541535092942364	0.36602540378443865	1.0	0.010820667100645592	0.06418124747601386
war	1.0	0.010429985008142668	0.010782905474627956	0.28436465220442186	0.010493204119771275	0.010613571062547763	0.28436465220442186	0.011076515760241873	0.010926556919808013	0.011029706602317692	0.28436465220442186	0.2958163163244893	0.011050504502573891	0.010616558827944196	0.010381406947838326	0.28436465220442186	0.28436465220442186	0.011596787058065425	0.28436465220442186	0.28436465220442186	0.28436465220442186	0.010404250059670635	0.010509427415132102	0.011620068871695236	0.010491453113345825	0.28436465220442186	0.01170060137377724	1.0	0.01040219672556736	0.28436465220442186	0.01079687413637285	0.38742588672279304	1.0	0.010820667100645592	1.0	0.01097768401334282
zh	0.28989794855663564	0.08002637977738779	0.07461638571165657	0.010973947339136711	0.07707239535579716	0.06980010550096333	0.010348433947286082	0.058043713716304325	0.061427816518262505	0.059235380191490744	0.010789003325088668	0.011299617428727553	0.07329687032551474	0.06933168360293096	0.08129737828485245	0.010178771787176926	0.010266645228860767	0.054813900757256596	0.010973947339136711	0.010973947339136711	0.010973947339136711	0.0812875680035548	0.0741046169439088	0.06681318788192721	0.07599162380901921	0.010348433947286082	0.06557775070871155	0.04101352640889513	0.08085625885468341	0.010789003325088668	0.064151517310725	0.014079078546287463	0.28989794855663564	0.06418124747601386	0.01097768401334282	1.0
