arz	bs	ceb	ckb	da	de	el	en	es	fr	he	hi	hu	id	it	ja	ko	lv	mk	ml	mr	nl	pl	pt	ro	ru	sh	si	simple	sr	sv	te	tr	vi	war	zh
arz	1.0	0.07194445222054219	0.44948974278317805	1.0	0.2449655295864104	0.0	0.0	0.0	0.0	0.0	1.0	1.0	0.04833674602572824	0.18126989259043744	0.0	0.0	0.0	0.2240092377397959	1.0	1.0	1.0	0.0	0.0	0.0	0.15438708879488486	0.0	0.28989794855663564	1.0	0.1437155838813476	1.0	0.0	1.0	1.0	1.0	0.4364916731037085	0.0
bs	0.07194445222054219	1.0	0.09358783263213304	0.08917131255512621	0.04200058138923171	0.0	0.0	0.0	0.0	0.0	0.04761196305893521	0.05667868469961318	0.08514628414420705	0.045630734425371966	0.0	0.0	0.0	0.041051471574666605	0.048351586996479	0.0648999560670973	0.058972788160603036	0.0	0.0	0.0	0.041471266745321984	0.0	0.04349981077620009	0.17001194913688772	0.042290579758023486	0.04645238343267878	0.0	0.1716582788981351	0.10510894444076103	0.044771154685006496	0.11240180982087272	0.0
ceb	0.44948974278317805	0.09358783263213304	1.0	0.5	0.2372732414640341	0.0	0.0	0.0	0.0	0.0	0.28436465220442186	0.38742588672279304	0.04624650082412833	0.19291636851317934	0.0	0.0	0.0	0.2193450929151803	0.2958163163244893	0.3333333333333333	0.34833147735478825	0.0	0.0	0.0	0.15650470379519066	0.0	0.1856154626682773	0.5	0.1948102957023263	0.2843646522044218	0.0	0.585786437626905	-1.0	0.25175647872610657	0.3380788308512194	0.0
ckb	1.0	0.08917131255512621	0.5	1.0	0.19636040545626823	0.0	0.0	0.0	0.0	0.0	1.0	1.0	0.04634400105434187	0.25	0.0	0.0	0.0	0.2612038749637414	1.0	1.0	1.0	0.0	0.0	0.0	0.14578395831246946	0.0	0.20799159651347807	1.0	0.15196232212914323	1.0	0.0	1.0	1.0	0.585786437626905	0.585786437626905	0.0
da	0.2449655295864104	0.04200058138923171	0.2372732414640341	0.19636040545626823	1.0	0.0	0.0	0.0	0.0	0.0	0.033782985669706465	0.05739689422665023	0.026336754375969662	0.021139992195315305	0.0	0.0	0.0	0.023152439289636534	0.02360637065033552	0.07664724234627412	0.059769611027656	0.0	0.0	0.0	0.024459534865383332	0.0	0.034857555159902416	0.353889367864523	0.023737225610818515	0.04349115550304084	0.0	0.39564392373896007	0.22966848451216434	0.026075080881253477	0.2070518364164892	0.0
de	0.0	0.0	0.0	0.0	0.0	1.0	1.0	1.0	1.0	1.0	0.0	0.0	0.0	0.0	1.0	1.0	1.0	0.0	0.0	0.0	0.0	0.0	0.0	1.0	0.0	1.0	0.0	0.0	0.0	0.0	1.0	0.0	0.1777430005281652	0.0	0.0	1.0
el	0.0	0.0	0.0	0.0	0.0	1.0	1.0	1.0	1.0	0.0	0.0	0.0	0.0	0.0	0.0	1.0	1.0	0.0	0.0	0.0	0.0	0.0	0.0	0.0	0.0	1.0	0.0	0.0	0.0	0.0	0.0	0.0	0.5	0.0	0.0	1.0
en	0.0	0.0	0.0	0.0	0.0	1.0	1.0	1.0	1.0	1.0	0.0	0.0	0.0	0.0	1.0	1.0	1.0	0.0	0.0	0.0	0.0	0.0	0.0	1.0	0.0	1.0	0.0	0.0	0.0	0.0	1.0	0.0	0.10641378811101172	0.0	0.0	1.0
es	0.0	0.0	0.0	0.0	0.0	1.0	1.0	1.0	1.0	1.0	0.0	0.0	0.0	0.0	1.0	1.0	1.0	0.0	0.0	0.0	0.0	0.0	0.0	1.0	0.0	1.0	0.0	0.0	0.0	0.0	1.0	0.0	0.19117391480835716	0.0	0.0	1.0
fr	0.0	0.0	0.0	0.0	0.0	1.0	0.0	1.0	1.0	1.0	0.0	0.0	0.0	0.0	1.0	0.0	0.0	0.0	0.0	0.0	0.0	0.0	0.0	1.0	0.0	0.0	0.0	0.0	0.0	0.0	1.0	0.0	0.14728799070815132	0.0	0.0	1.0
he	1.0	0.04761196305893521	0.28436465220442186	1.0	0.033782985669706465	0.0	0.0	0.0	0.0	0.0	1.0	1.0	0.016848524630899135	0.05162914506255806	0.0	0.0	0.0	0.06425226616674913	1.0	1.0	1.0	0.0	0.0	0.0	0.021298156255195107	0.0	0.074489151685667	1.0	0.06479303888942434	0.5	0.0	1.0	0.585786437626905	0.38742588672279304	0.39564392373896007	0.0
hi	1.0	0.05667868469961318	0.38742588672279304	1.0	0.05739689422665023	0.0	0.0	0.0	0.0	0.0	1.0	1.0	0.02106670469504	0.027675989619255235	0.0	0.0	0.0	0.09541763840145452	1.0	1.0	1.0	0.0	0.0	0.0	0.03365897897347244	0.0	0.08063375388365411	1.0	0.03349933019362677	0.585786437626905	0.0	1.0	0.585786437626905	0.4142135623730951	0.39564392373896007	0.0
hu	0.04833674602572824	0.08514628414420705	0.04624650082412833	0.04634400105434187	0.026336754375969662	0.0	0.0	0.0	0.0	0.0	0.016848524630899135	0.02106670469504	1.0	0.015783088761182437	0.0	0.0	0.0	0.01568605724034293	0.014248642008895853	0.023392222439894493	0.025286221487184932	0.0	0.0	0.0	0.02621729194803157	0.0	0.02163692460716242	0.09963174968368561	0.019588311288483498	0.018630416071465563	0.0	0.1683604963286918	1.0	0.015538202806201055	0.08134696934630617	0.0
id	0.18126989259043744	0.045630734425371966	0.19291636851317934	0.25	0.021139992195315305	0.0	0.0	0.0	0.0	0.0	0.05162914506255806	0.027675989619255235	0.015783088761182437	1.0	0.0	0.0	0.0	0.019746600718154518	0.015610488169122654	0.04990412746307291	0.0989077265749305	0.0	0.0	0.0	0.01739714753029122	0.0	0.0253809862161507	0.2791745113185196	0.016117774002131942	0.05236779638705735	0.0	0.36602540378443865	0.20298772229802883	0.014303376115789985	0.23023192726073782	0.0
it	0.0	0.0	0.0	0.0	0.0	1.0	0.0	1.0	1.0	1.0	0.0	0.0	0.0	0.0	1.0	0.0	0.0	0.0	0.0	0.0	0.0	0.0	0.0	1.0	0.0	0.0	0.0	0.0	0.0	0.0	1.0	0.0	0.13864068688307518	0.0	0.0	1.0
ja	0.0	0.0	0.0	0.0	0.0	1.0	1.0	1.0	1.0	0.0	0.0	0.0	0.0	0.0	0.0	1.0	1.0	0.0	0.0	0.0	0.0	0.0	0.0	0.0	0.0	1.0	0.0	0.0	0.0	0.0	0.0	0.0	0.2708131845707603	0.0	0.0	1.0
ko	0.0	0.0	0.0	0.0	0.0	1.0	1.0	1.0	1.0	0.0	0.0	0.0	0.0	0.0	0.0	1.0	1.0	0.0	0.0	0.0	0.0	0.0	0.0	0.0	0.0	1.0	0.0	0.0	0.0	0.0	0.0	0.0	0.3430703308172536	0.0	0.0	1.0
lv	0.2240092377397959	0.041051471574666605	0.2193450929151803	0.2612038749637414	0.023152439289636534	0.0	0.0	0.0	0.0	0.0	0.06425226616674913	0.09541763840145452	0.01568605724034293	0.019746600718154518	0.0	0.0	0.0	1.0	0.03142773541990897	0.07911112808046702	0.10461759701469682	0.0	0.0	0.0	0.018267443380597014	0.0	0.050110695723543236	0.5	0.025864971339922473	0.06534305322569242	0.0	1.0	0.3288130902060995	0.05266581149114175	0.28989794855663564	0.0
mk	1.0	0.048351586996479	0.2958163163244893	1.0	0.02360637065033552	0.0	0.0	0.0	0.0	0.0	1.0	1.0	0.014248642008895853	0.015610488169122654	0.0	0.0	0.0	0.03142773541990897	1.0	1.0	1.0	0.0	0.0	0.0	0.02001131263890285	0.0	0.05206396809692322	1.0	0.030321494802959967	0.4142135623730951	0.0	1.0	1.0	0.3333333333333333	0.5	0.0
ml	1.0	0.0648999560670973	0.3333333333333333	1.0	0.07664724234627412	0.0	0.0	0.0	0.0	0.0	1.0	1.0	0.023392222439894493	0.04990412746307291	0.0	0.0	0.0	0.07911112808046702	1.0	1.0	1.0	0.0	0.0	0.0	0.04544400777163651	0.0	0.06605630793249251	1.0	0.04616301098076902	0.585786437626905	0.0	1.0	0.4142135623730951	0.38742588672279304	0.4364916731037085	0.0
mr	1.0	0.058972788160603036	0.34833147735478825	1.0	0.059769611027656	0.0	0.0	0.0	0.0	0.0	1.0	1.0	0.025286221487184932	0.0989077265749305	0.0	0.0	0.0	0.10461759701469682	1.0	1.0	1.0	0.0	0.0	0.0	0.044492100201542144	0.0	0.10838962679253066	1.0	0.05848666451653117	0.585786437626905	0.0	1.0	1.0	0.5	0.4364916731037085	0.0
nl	0.0	0.0	0.0	0.0	0.0	0.0	0.0	0.0	0.0	0.0	0.0	0.0	0.0	0.0	0.0	0.0	0.0	0.0	0.0	0.0	0.0	1.0	0.0	0.0	0.0	0.0	0.0	0.0	0.0	0.0	0.0	0.0	0.07232418974736253	0.0	0.0	0.0
pl	0.0	0.0	0.0	0.0	0.0	0.0	0.0	0.0	0.0	0.0	0.0	0.0	0.0	0.0	0.0	0.0	0.0	0.0	0.0	0.0	0.0	0.0	0.0	0.0	0.0	0.0	0.0	0.0	0.0	0.0	0.0	0.0	0.193373824568466	0.0	0.0	0.0
pt	0.0	0.0	0.0	0.0	0.0	1.0	0.0	1.0	1.0	1.0	0.0	0.0	0.0	0.0	1.0	0.0	0.0	0.0	0.0	0.0	0.0	0.0	0.0	1.0	0.0	0.0	0.0	0.0	0.0	0.0	1.0	0.0	0.18450689386588284	0.0	0.0	1.0
ro	0.15438708879488486	0.041471266745321984	0.15650470379519066	0.14578395831246946	0.024459534865383332	0.0	0.0	0.0	0.0	0.0	0.021298156255195107	0.03365897897347244	0.02621729194803157	0.01739714753029122	0.0	0.0	0.0	0.018267443380597014	0.02001131263890285	0.04544400777163651	0.044492100201542144	0.0	0.0	0.0	1.0	0.0	0.02599549992907123	0.22966848451216434	0.02173582252017124	0.02360922121805354	0.0	0.28172904669025317	1.0	0.01862386532113739	0.21498516621900873	0.0
ru	0.0	0.0	0.0	0.0	0.0	1.0	1.0	1.0	1.0	0.0	0.0	0.0	0.0	0.0	0.0	1.0	1.0	0.0	0.0	0.0	0.0	0.0	0.0	0.0	0.0	1.0	0.0	0.0	0.0	0.0	0.0	0.0	0.19160741797296413	0.0	0.0	1.0
sh	0.28989794855663564	0.04349981077620009	0.1856154626682773	0.20799159651347807	0.034857555159902416	0.0	0.0	0.0	0.0	0.0	0.074489151685667	0.08063375388365411	0.02163692460716242	0.0253809862161507	0.0	0.0	0.0	0.050110695723543236	0.05206396809692322	0.06605630793249251	0.10838962679253066	0.0	0.0	0.0	0.02599549992907123	0.0	1.0	0.5	0.026239828368334012	0.04506611629557385	0.0	0.4142135623730951	0.353889367864523	0.030985535713233096	0.21822796141133347	0.0
si	1.0	0.17001194913688772	0.5	1.0	0.353889367864523	0.0	0.0	0.0	0.0	0.0	1.0	1.0	0.09963174968368561	0.2791745113185196	0.0	0.0	0.0	0.5	1.0	1.0	1.0	0.0	0.0	0.0	0.22966848451216434	0.0	0.5	1.0	0.3266316347104093	1.0	0.0	1.0	1.0	1.0	0.585786437626905	0.0
simple	0.1437155838813476	0.042290579758023486	0.1948102957023263	0.15196232212914323	0.023737225610818515	0.0	0.0	0.0	0.0	0.0	0.06479303888942434	0.03349933019362677	0.019588311288483498	0.016117774002131942	0.0	0.0	0.0	0.025864971339922473	0.030321494802959967	0.04616301098076902	0.05848666451653117	0.0	0.0	0.0	0.02173582252017124	0.0	0.026239828368334012	0.3266316347104093	1.0	0.04621552912779285	0.0	0.3164309725825328	0.2012628451930092	0.01993540229742081	0.20449234831877658	0.0
sr	1.0	0.04645238343267878	0.2843646522044218	1.0	0.04349115550304084	0.0	0.0	0.0	0.0	0.0	0.5	0.585786437626905	0.018630416071465563	0.05236779638705735	0.0	0.0	0.0	0.06534305322569242	0.4142135623730951	0.585786437626905	0.585786437626905	0.0	0.0	0.0	0.02360922121805354	0.0	0.04506611629557385	1.0	0.04621552912779285	1.0	0.0	1.0	0.4142135623730951	0.3203772410170407	0.353889367864523	0.0
sv	0.0	0.0	0.0	0.0	0.0	1.0	0.0	1.0	1.0	1.0	0.0	0.0	0.0	0.0	1.0	0.0	0.0	0.0	0.0	0.0	0.0	0.0	0.0	1.0	0.0	0.0	0.0	0.0	0.0	0.0	1.0	0.0	0.3090169943749474	0.0	0.0	1.0
te	1.0	0.1716582788981351	0.585786437626905	1.0	0.39564392373896007	0.0	0.0	0.0	0.0	0.0	1.0	1.0	0.1683604963286918	0.36602540378443865	0.0	0.0	0.0	1.0	1.0	1.0	1.0	0.0	0.0	0.0	0.28172904669025317	0.0	0.4142135623730951	1.0	0.3164309725825328	1.0	0.0	1.0	0.4364916731037085	1.0	0.585786437626905	0.0
tr	1.0	0.10510894444076103	-1.0	1.0	0.22966848451216434	0.1777430005281652	0.5	0.10641378811101172	0.19117391480835716	0.14728799070815132	0.585786437626905	0.585786437626905	1.0	0.20298772229802883	0.13864068688307518	0.2708131845707603	0.3430703308172536	0.3288130902060995	1.0	0.4142135623730951	1.0	0.07232418974736253	0.193373824568466	0.18450689386588284	1.0	0.19160741797296413	0.353889367864523	1.0	0.2012628451930092	0.4142135623730951	0.3090169943749474	0.4364916731037085	1.0	0.25824569976124334	1.0	0.21089672205953397
vi	1.0	0.044771154685006496	0.25175647872610657	0.585786437626905	0.026075080881253477	0.0	0.0	0.0	0.0	0.0	0.38742588672279304	0.4142135623730951	0.015538202806201055	0.014303376115789985	0.0	0.0	0.0	0.05266581149114175	0.3333333333333333	0.38742588672279304	0.5	0.0	0.0	0.0	0.01862386532113739	0.0	0.030985535713233096	1.0	0.01993540229742081	0.3203772410170407	0.0	1.0	0.25824569976124334	1.0	0.353889367864523	0.0
war	0.4364916731037085	0.11240180982087272	0.3380788308512194	0.585786437626905	0.2070518364164892	0.0	0.0	0.0	0.0	0.0	0.39564392373896007	0.39564392373896007	0.08134696934630617	0.23023192726073782	0.0	0.0	0.0	0.28989794855663564	0.5	0.4364916731037085	0.4364916731037085	0.0	0.0	0.0	0.21498516621900873	0.0	0.21822796141133347	0.585786437626905	0.20449234831877658	0.353889367864523	0.0	0.585786437626905	1.0	0.353889367864523	1.0	0.0
zh	0.0	0.0	0.0	0.0	0.0	1.0	1.0	1.0	1.0	1.0	0.0	0.0	0.0	0.0	1.0	1.0	1.0	0.0	0.0	0.0	0.0	0.0	0.0	1.0	0.0	1.0	0.0	0.0	0.0	0.0	1.0	0.0	0.21089672205953397	0.0	0.0	1.0
