arz	bs	ceb	ckb	da	de	el	en	es	fr	he	hi	hu	id	it	ja	ko	lv	mk	ml	mr	nl	pl	pt	ro	ru	sh	si	simple	sr	sv	te	vi	war	zh
arz	1.0	0.023472922073332052	0.0	0.07142857142857142	0.0220125786163522	0.01206140350877193	0.0302652750698062	0.00975609756097561	0.008976660682226212	0.013112784350071202	0.03082170250220043	0.05263157894736842	0.015748031496062992	0.03437785954870238	0.009823182711198428	0.01607142857142857	0.020051072522982636	0.038137989537678496	0.07142857142857142	0.075	0.08943089430894309	0.008272999455166971	0.013043478260869565	0.017084282460136675	0.018042050426280713	0.015094391597260533	0.07142857142857142	0.04054054054054054	0.05102040816326531	0.02	0.01925648618096777	0.0	0.023668639053254437	0.07352941176470588	0.01827238078183082
bs	0.023472922073332052	1.0	0.0	0.03424657534246575	0.19532836113629015	0.0822906840248604	0.16731697421352595	0.04423024600882929	0.060203064456485045	0.06933462450531186	0.23568746382890904	0.021052631578947368	0.13531738627458298	0.2934999990698072	0.07345119701091397	0.11597319032129463	0.11744648290974037	0.34914356961818327	0.10619038242758379	0.027616270348436025	0.0498938611589214	0.06529033965038446	0.1015487430003395	0.06822046212725896	0.10892200945813031	0.10774858509963134	0.059095438127696194	0.059322033898305086	0.11511941448382126	0.3190475770088965	0.15233214919278498	0.0	0.0935674822415154	0.10185185185185185	0.10587485897769679
ceb	0.0	0.0	0.5	0.0	0.0031645569620253164	0.002036659877800407	0.0058823529411764705	0.0013623978201634877	0.0019342359767891683	0.0019011406844106464	0.004464285714285714	0.006578947368421052	0.006024096385542169	0.0027247956403269754	0.00196078431372549	0.0032679738562091504	0.0034129692832764505	0.006024096385542169	0.004629629629629629	0.0	0.018867924528301886	0.0031446540880503146	0.0026109660574412533	0.002398081534772182	0.005988023952095809	0.0016051364365971107	0.004149377593360996	0.0	0.010869565217391304	0.0015873015873015873	0.0037313432835820895	0.0	0.00510204081632653	0.0	0.003472222222222222
ckb	0.07142857142857142	0.03424657534246575	0.0	1.0	0.016778523489932886	0.0066815144766146995	0.015544041450777202	0.003667481662591687	0.00546448087431694	0.006622516556291391	0.02032520325203252	0.14285714285714285	0.01020408163265306	0.023148148148148147	0.005988023952095809	0.009191176470588236	0.01020408163265306	0.046296296296296294	0.08333333333333333	0.2857142857142857	0.2357473035439137	0.00558659217877095	0.008928571428571428	0.006880733944954129	0.010033444816053512	0.009202453987730062	0.05555555555555555	0.0625	0.027472527472527472	0.028735632183908046	0.013382421021620773	0.0	0.015625	0.15	0.009146341463414634
da	0.0220125786163522	0.19532836113629015	0.0031645569620253164	0.016778523489932886	1.0	0.12549940432243775	0.20189902520878925	0.09055791378170558	0.10572685954226652	0.12325077603830402	0.22060004223545068	0.010135135135135136	0.18383971124193998	0.2212024474594307	0.12966952593241252	0.1527504575543506	0.1576754036362507	0.18245330570845444	0.05233134056438005	0.013422818791946308	0.028022205009036925	0.12236561865724858	0.14271113996267912	0.10261676724058388	0.119431807288227	0.1451316452751173	0.02258064516129032	0.040372670807453416	0.14693026193325356	0.18029487546521614	0.2392809707984805	0.0	0.12923679781190825	0.050955414012738856	0.15830057439900846
de	0.01206140350877193	0.0822906840248604	0.002036659877800407	0.0066815144766146995	0.12549940432243775	1.0	0.18044749492046186	0.26527701202034787	0.2957313356687427	0.3169689128368359	0.13009361564771177	0.0033407572383073497	0.24260877633095554	0.1056391563371725	0.3101139896385807	0.25861881457313757	0.18638536978239448	0.05912786538058554	0.02233226077535733	0.005607992833076352	0.010119684034149845	0.28510057742995704	0.2708193690636937	0.23142544187321537	0.2281297494345563	0.2851631007536387	0.014444444444444444	0.013131313131313131	0.08999426510081207	0.08727928764594906	0.16357393074643153	0.0	0.09844386280394805	0.01524390243902439	0.268858233373118
el	0.0302652750698062	0.16731697421352595	0.0058823529411764705	0.015544041450777202	0.20189902520878925	0.18044749492046186	1.0	0.11681835012005436	0.15285119477758338	0.17822799494574257	0.2508992241856618	0.007887148517237553	0.21437361346549424	0.20280322425114936	0.1763397899435935	0.23647134025673805	0.2067999574894106	0.14687428527864604	0.051961091571775135	0.012953367875647668	0.02376444576785015	0.14982434310134862	0.21131606829129834	0.15695114114322953	0.20816129780099857	0.22856611654814024	0.022841977934889155	0.03428571428571429	0.14657059674360925	0.15698712266706064	0.1913636867176249	0.0	0.1163219465565722	0.03757225433526012	0.20966807132100782
en	0.00975609756097561	0.04423024600882929	0.0013623978201634877	0.003667481662591687	0.09055791378170558	0.26527701202034787	0.11681835012005436	1.0	0.3078292221111335	0.27010111626721245	0.07519880732808457	0.0018337408312958435	0.1515701219512195	0.06661697930381205	0.3004533506150456	0.16625576542494563	0.12849463076227202	0.032802729020481536	0.012839986258743073	0.003056234718826406	0.005533487290006996	0.26649315699741705	0.20173288394825456	0.198516514040967	0.14933190076845748	0.1966178745100124	0.007936507936507936	0.011580381471389645	0.054334554334554336	0.053334243477344716	0.1360392940896133	0.0	0.09821011304797816	0.010899182561307902	0.20100950329950504
es	0.008976660682226212	0.060203064456485045	0.0019342359767891683	0.00546448087431694	0.10572685954226652	0.2957313356687427	0.15285119477758338	0.3078292221111335	1.0	0.30276316380555107	0.10977877364319079	0.00273224043715847	0.20305917545191657	0.08616195942094569	0.3437885971824227	0.2205312912367231	0.16356641384065693	0.048444863910369604	0.019090909090909092	0.004553734061930784	0.007259528130671506	0.2529862677245798	0.2502870331348095	0.2564992035579668	0.19391286155406068	0.2678519960690941	0.010889292196007259	0.013461538461538462	0.07258064516129033	0.06893560173030575	0.13404666618532385	0.0	0.0814842883808401	0.015473887814313346	0.2423030849574674
fr	0.013112784350071202	0.06933462450531186	0.0019011406844106464	0.006622516556291391	0.12325077603830402	0.3169689128368359	0.17822799494574257	0.27010111626721245	0.30276316380555107	1.0	0.1340182582483258	0.003321484690924621	0.2484261451999004	0.10159992419749361	0.3347652331606974	0.2556230025297191	0.1907265342817337	0.05856300890658282	0.020976307189542482	0.005528989582249807	0.00887293484547489	0.2572244760801027	0.2652281666852929	0.2554506048837569	0.2522409902069368	0.27876985363874285	0.009825327510917031	0.015180265654648957	0.08155426569938826	0.07572835643665045	0.15012399616602218	0.0	0.09295284977793848	0.015209125475285171	0.23413671035119654
he	0.03082170250220043	0.23568746382890904	0.004464285714285714	0.02032520325203252	0.22060004223545068	0.13009361564771177	0.2508992241856618	0.07519880732808457	0.10977877364319079	0.1340182582483258	1.0	0.012295081967213115	0.17789801187616808	0.24460008451624057	0.12088510446823837	0.19538728359866572	0.18590967855673737	0.24456664143472692	0.07176755447941888	0.016434136157645503	0.03311276537082988	0.10622141924584015	0.16761609996357318	0.12392764350717365	0.16514855340674253	0.18647134207517013	0.03125	0.02850877192982456	0.18016422755759248	0.23082593267854692	0.18036168036168035	0.0	0.103510841888451	0.03333333333333333	0.1716585025840092
hi	0.05263157894736842	0.021052631578947368	0.006578947368421052	0.14285714285714285	0.010135135135135136	0.0033407572383073497	0.007887148517237553	0.0018337408312958435	0.00273224043715847	0.003321484690924621	0.012295081967213115	1.0	0.006147540983606557	0.014018691588785047	0.0030264100839984	0.003676470588235294	0.00510204081632653	0.02830188679245283	0.06818181818181818	0.16666666666666666	0.09090909090909091	0.002793296089385475	0.004464285714285714	0.0034403669724770644	0.0050303683238041635	0.00466356336090156	0.03125	0.05421686746987952	0.016666666666666666	0.01744186046511628	0.00663716814159292	0.0	0.009433962264150943	0.06172839506172839	0.004573170731707317
hu	0.015748031496062992	0.13531738627458298	0.006024096385542169	0.01020408163265306	0.18383971124193998	0.24260877633095554	0.21437361346549424	0.1515701219512195	0.20305917545191657	0.2484261451999004	0.17789801187616808	0.006147540983606557	1.0	0.1705184052773328	0.23708469909828223	0.2480964494132233	0.17149766038262446	0.11433740767613626	0.04111453592987063	0.010312836043628064	0.019099216532920554	0.20088235659751433	0.24073228262018118	0.21704617788075453	0.26007461090951955	0.23857512741434145	0.013944223107569721	0.03197674418604651	0.11205278141296157	0.12880621968042827	0.1842774545520454	0.0	0.13258951433936497	0.03529411764705882	0.19617940505198145
id	0.03437785954870238	0.2934999990698072	0.0027247956403269754	0.023148148148148147	0.2212024474594307	0.1056391563371725	0.20280322425114936	0.06661697930381205	0.08616195942094569	0.10159992419749361	0.24460008451624057	0.014018691588785047	0.1705184052773328	1.0	0.09774419026870007	0.1758254444700993	0.17139252836590585	0.2814601056435919	0.07266074056476148	0.018518518518518517	0.038954584049537146	0.08785534397190842	0.1313458473789512	0.09905905000682061	0.13433104946257168	0.1477360554940498	0.03558856126474225	0.01891891891891892	0.1487687062868753	0.24599559470032767	0.15917858900449944	0.0	0.1372563907871425	0.021798365122615803	0.15363035497668076
it	0.009823182711198428	0.07345119701091397	0.00196078431372549	0.005988023952095809	0.12966952593241252	0.3101139896385807	0.1763397899435935	0.3004533506150456	0.3437885971824227	0.3347652331606974	0.12088510446823837	0.0030264100839984	0.23708469909828223	0.09774419026870007	1.0	0.24698398387723952	0.1777203270350967	0.055862832755263034	0.021045283726473858	0.00499001996007984	0.00808141851371112	0.2652379757703061	0.2855797247753352	0.24999094985700773	0.21220354383619688	0.27765898386302496	0.012980571725654828	0.011650485436893204	0.08182181258665172	0.07668043874392017	0.15515023035302797	0.0	0.10137247881608784	0.013671875	0.25297118241421457
ja	0.01607142857142857	0.11597319032129463	0.0032679738562091504	0.009191176470588236	0.1527504575543506	0.25861881457313757	0.23647134025673805	0.16625576542494563	0.2205312912367231	0.2556230025297191	0.19538728359866572	0.003676470588235294	0.2480964494132233	0.1758254444700993	0.24698398387723952	1.0	0.23897886938324883	0.09651263791715332	0.028960105728686916	0.007352941176470588	0.01301234814475918	0.1967300912022001	0.24329870123954547	0.21299155410108592	0.2304621457603395	0.29234864770096775	0.016304347826086956	0.020967741935483872	0.12296846822230723	0.11300155903831952	0.18965037250971686	0.0	0.1347987370516689	0.024429967426710098	0.2722765493195917
ko	0.020051072522982636	0.11744648290974037	0.0034129692832764505	0.01020408163265306	0.1576754036362507	0.18638536978239448	0.2067999574894106	0.12849463076227202	0.16356641384065693	0.1907265342817337	0.18590967855673737	0.00510204081632653	0.17149766038262446	0.17139252836590585	0.1777203270350967	0.23897886938324883	1.0	0.09495346078359765	0.032393036051572635	0.008554578433215661	0.015406940128408424	0.14309734743053543	0.1871859632336905	0.16790542389579113	0.16907995768684847	0.2086005366690288	0.015050167224080268	0.02364864864864865	0.12383370819125009	0.11232762555643497	0.16257746925022978	0.0	0.10146103896103896	0.027303754266211604	0.2119578342845025
lv	0.038137989537678496	0.34914356961818327	0.006024096385542169	0.046296296296296294	0.18245330570845444	0.05912786538058554	0.14687428527864604	0.032802729020481536	0.048444863910369604	0.05856300890658282	0.24456664143472692	0.02830188679245283	0.11433740767613626	0.2814601056435919	0.055862832755263034	0.09651263791715332	0.09495346078359765	1.0	0.11932494650692288	0.037298954271191044	0.07969321699971854	0.0502628810445378	0.08257391175943211	0.06090639862304453	0.09130365953404924	0.08666304831129355	0.06805675585107321	0.0625	0.12870279624577297	0.33642405116600316	0.11851421444004444	0.0	0.08055124223602485	0.08333333333333333	0.08423567229573527
mk	0.07142857142857142	0.10619038242758379	0.004629629629629629	0.08333333333333333	0.05233134056438005	0.02233226077535733	0.051961091571775135	0.012839986258743073	0.019090909090909092	0.020976307189542482	0.07176755447941888	0.06818181818181818	0.04111453592987063	0.07266074056476148	0.021045283726473858	0.028960105728686916	0.032393036051572635	0.11932494650692288	1.0	0.08695652173913043	0.13777267508610794	0.019672695933787298	0.031324252106930635	0.025401021794502973	0.03543608612701009	0.02930774559702319	0.08064516129032258	0.025423728813559324	0.06865057763261356	0.09700644183402804	0.040408390054174195	0.0	0.03304259634888439	0.049107142857142856	0.0338422088377363
ml	0.075	0.027616270348436025	0.0	0.2857142857142857	0.013422818791946308	0.005607992833076352	0.012953367875647668	0.003056234718826406	0.004553734061930784	0.005528989582249807	0.016434136157645503	0.16666666666666666	0.010312836043628064	0.018518518518518517	0.00499001996007984	0.007352941176470588	0.008554578433215661	0.037298954271191044	0.08695652173913043	1.0	0.275	0.004671123366647981	0.00744047619047619	0.005733944954128441	0.008402140643474536	0.007668711656441718	0.058823529411764705	0.043478260869565216	0.027777777777777776	0.02318230419673884	0.00891858737722251	0.0	0.0125	0.06060606060606061	0.007621951219512195
mr	0.08943089430894309	0.0498938611589214	0.018867924528301886	0.2357473035439137	0.028022205009036925	0.010119684034149845	0.02376444576785015	0.005533487290006996	0.007259528130671506	0.00887293484547489	0.03311276537082988	0.09090909090909091	0.019099216532920554	0.038954584049537146	0.00808141851371112	0.01301234814475918	0.015406940128408424	0.07969321699971854	0.13777267508610794	0.275	1.0	0.008504774857788154	0.013520507759142238	0.010412201203939066	0.015231714963334513	0.012442769301392865	0.07809523809523809	0.038461538461538464	0.052898825312618414	0.048316048697582464	0.015711101927423785	0.0	0.021604938271604937	0.056451612903225805	0.013754439902642397
nl	0.008272999455166971	0.06529033965038446	0.0031446540880503146	0.00558659217877095	0.12236561865724858	0.28510057742995704	0.14982434310134862	0.26649315699741705	0.2529862677245798	0.2572244760801027	0.10622141924584015	0.002793296089385475	0.20088235659751433	0.08785534397190842	0.2652379757703061	0.1967300912022001	0.14309734743053543	0.0502628810445378	0.019672695933787298	0.004671123366647981	0.008504774857788154	1.0	0.23259168208964467	0.27065784410142385	0.18542988793488366	0.23409517295924767	0.009242144177449169	0.021806853582554516	0.06807512254320368	0.06830432127848826	0.18205302057530942	0.0	0.1150941952889712	0.025157232704402517	0.22688692074187153
pl	0.013043478260869565	0.1015487430003395	0.0026109660574412533	0.008928571428571428	0.14271113996267912	0.2708193690636937	0.21131606829129834	0.20173288394825456	0.2502870331348095	0.2652281666852929	0.16761609996357318	0.004464285714285714	0.24073228262018118	0.1313458473789512	0.2855797247753352	0.24329870123954547	0.1871859632336905	0.08257391175943211	0.031324252106930635	0.00744047619047619	0.013520507759142238	0.23259168208964467	1.0	0.21837999212598008	0.2198591338476663	0.28989679350868014	0.017919659579210927	0.016795865633074936	0.10544748902332922	0.1175202577948805	0.1715573213875179	0.0	0.10068865605500553	0.020887728459530026	0.2383699655790683
pt	0.017084282460136675	0.06822046212725896	0.002398081534772182	0.006880733944954129	0.10261676724058388	0.23142544187321537	0.15695114114322953	0.198516514040967	0.2564992035579668	0.2554506048837569	0.12392764350717365	0.0034403669724770644	0.21704617788075453	0.09905905000682061	0.24999094985700773	0.21299155410108592	0.16790542389579113	0.06090639862304453	0.025401021794502973	0.005733944954128441	0.010412201203939066	0.27065784410142385	0.21837999212598008	1.0	0.21182560432611397	0.21185972021957905	0.01020408163265306	0.016666666666666666	0.0819727581373933	0.07268803984296046	0.13304844043836325	0.0	0.0808708886568087	0.019184652278177457	0.197820991445442
ro	0.018042050426280713	0.10892200945813031	0.005988023952095809	0.010033444816053512	0.119431807288227	0.2281297494345563	0.20816129780099857	0.14933190076845748	0.19391286155406068	0.2522409902069368	0.16514855340674253	0.0050303683238041635	0.26007461090951955	0.13433104946257168	0.21220354383619688	0.2304621457603395	0.16907995768684847	0.09130365953404924	0.03543608612701009	0.008402140643474536	0.015231714963334513	0.18542988793488366	0.2198591338476663	0.21182560432611397	1.0	0.25096353928063836	0.013128394057986376	0.03488372093023256	0.09695270671423452	0.10044890118069562	0.14594215252480452	0.0	0.09777881841846067	0.044642857142857144	0.22282294724879248
ru	0.015094391597260533	0.10774858509963134	0.0016051364365971107	0.009202453987730062	0.1451316452751173	0.2851631007536387	0.22856611654814024	0.1966178745100124	0.2678519960690941	0.27876985363874285	0.18647134207517013	0.00466356336090156	0.23857512741434145	0.1477360554940498	0.27765898386302496	0.29234864770096775	0.2086005366690288	0.08666304831129355	0.02930774559702319	0.007668711656441718	0.012442769301392865	0.23409517295924767	0.28989679350868014	0.21185972021957905	0.25096353928063836	1.0	0.015151515151515152	0.013643659711075442	0.11188807129069245	0.1035527538725142	0.17644341841766	0.0	0.11929433536079248	0.012841091492776886	0.2811865701936624
sh	0.07142857142857142	0.059095438127696194	0.004149377593360996	0.05555555555555555	0.02258064516129032	0.014444444444444444	0.022841977934889155	0.007936507936507936	0.010889292196007259	0.009825327510917031	0.03125	0.03125	0.013944223107569721	0.03558856126474225	0.012980571725654828	0.016304347826086956	0.015050167224080268	0.06805675585107321	0.08064516129032258	0.058823529411764705	0.07809523809523809	0.009242144177449169	0.017919659579210927	0.01020408163265306	0.013128394057986376	0.015151515151515152	1.0	0.028688524590163935	0.025252525252525252	0.06934101447239005	0.017349091503365076	0.0	0.011834319526627219	0.030991735537190084	0.015137365751762255
si	0.04054054054054054	0.059322033898305086	0.0	0.0625	0.040372670807453416	0.013131313131313131	0.03428571428571429	0.011580381471389645	0.013461538461538462	0.015180265654648957	0.02850877192982456	0.05421686746987952	0.03197674418604651	0.01891891891891892	0.011650485436893204	0.020967741935483872	0.02364864864864865	0.0625	0.025423728813559324	0.043478260869565216	0.038461538461538464	0.021806853582554516	0.016795865633074936	0.016666666666666666	0.03488372093023256	0.013643659711075442	0.028688524590163935	0.5	0.061855670103092786	0.020440251572327043	0.025830258302583026	0.03225806451612903	0.035175879396984924	0.1111111111111111	0.024054982817869417
simple	0.05102040816326531	0.11511941448382126	0.010869565217391304	0.027472527472527472	0.14693026193325356	0.08999426510081207	0.14657059674360925	0.054334554334554336	0.07258064516129033	0.08155426569938826	0.18016422755759248	0.016666666666666666	0.11205278141296157	0.1487687062868753	0.08182181258665172	0.12296846822230723	0.12383370819125009	0.12870279624577297	0.06865057763261356	0.027777777777777776	0.052898825312618414	0.06807512254320368	0.10544748902332922	0.0819727581373933	0.09695270671423452	0.11188807129069245	0.025252525252525252	0.061855670103092786	1.0	0.12009396725960571	0.12257825513951794	0.0	0.08726415094339622	0.06842105263157895	0.11141645462256149
sr	0.02	0.3190475770088965	0.0015873015873015873	0.028735632183908046	0.18029487546521614	0.08727928764594906	0.15698712266706064	0.053334243477344716	0.06893560173030575	0.07572835643665045	0.23082593267854692	0.01744186046511628	0.12880621968042827	0.24599559470032767	0.07668043874392017	0.11300155903831952	0.11232762555643497	0.33642405116600316	0.09700644183402804	0.02318230419673884	0.048316048697582464	0.06830432127848826	0.1175202577948805	0.07268803984296046	0.10044890118069562	0.1035527538725142	0.06934101447239005	0.020440251572327043	0.12009396725960571	1.0	0.12998493109307793	0.0	0.08063202260690702	0.022151898734177215	0.10632627925204345
sv	0.01925648618096777	0.15233214919278498	0.0037313432835820895	0.013382421021620773	0.2392809707984805	0.16357393074643153	0.1913636867176249	0.1360392940896133	0.13404666618532385	0.15012399616602218	0.18036168036168035	0.00663716814159292	0.1842774545520454	0.15917858900449944	0.15515023035302797	0.18965037250971686	0.16257746925022978	0.11851421444004444	0.040408390054174195	0.00891858737722251	0.015711101927423785	0.18205302057530942	0.1715573213875179	0.13304844043836325	0.14594215252480452	0.17644341841766	0.017349091503365076	0.025830258302583026	0.12257825513951794	0.12998493109307793	1.0	0.0	0.1754447185946359	0.029850746268656716	0.17580189687095452
te	0.0	0.0	0.0	0.0	0.0	0.0	0.0	0.0	0.0	0.0	0.0	0.0	0.0	0.0	0.0	0.0	0.0	0.0	0.0	0.0	0.0	0.0	0.0	0.0	0.0	0.0	0.0	0.03225806451612903	0.0	0.0	0.0	0.0	0.0	0.03333333333333333	0.0
vi	0.023668639053254437	0.0935674822415154	0.00510204081632653	0.015625	0.12923679781190825	0.09844386280394805	0.1163219465565722	0.09821011304797816	0.0814842883808401	0.09295284977793848	0.103510841888451	0.009433962264150943	0.13258951433936497	0.1372563907871425	0.10137247881608784	0.1347987370516689	0.10146103896103896	0.08055124223602485	0.03304259634888439	0.0125	0.021604938271604937	0.1150941952889712	0.10068865605500553	0.0808708886568087	0.09777881841846067	0.11929433536079248	0.011834319526627219	0.035175879396984924	0.08726415094339622	0.08063202260690702	0.1754447185946359	0.0	1.0	0.04081632653061224	0.1282067374389983
war	0.07352941176470588	0.10185185185185185	0.0	0.15	0.050955414012738856	0.01524390243902439	0.03757225433526012	0.010899182561307902	0.015473887814313346	0.015209125475285171	0.03333333333333333	0.06172839506172839	0.03529411764705882	0.021798365122615803	0.013671875	0.024429967426710098	0.027303754266211604	0.08333333333333333	0.049107142857142856	0.06060606060606061	0.056451612903225805	0.025157232704402517	0.020887728459530026	0.019184652278177457	0.044642857142857144	0.012841091492776886	0.030991735537190084	0.1111111111111111	0.06842105263157895	0.022151898734177215	0.029850746268656716	0.03333333333333333	0.04081632653061224	0.5	0.027777777777777776
zh	0.01827238078183082	0.10587485897769679	0.003472222222222222	0.009146341463414634	0.15830057439900846	0.268858233373118	0.20966807132100782	0.20100950329950504	0.2423030849574674	0.23413671035119654	0.1716585025840092	0.004573170731707317	0.19617940505198145	0.15363035497668076	0.25297118241421457	0.2722765493195917	0.2119578342845025	0.08423567229573527	0.0338422088377363	0.007621951219512195	0.013754439902642397	0.22688692074187153	0.2383699655790683	0.197820991445442	0.22282294724879248	0.2811865701936624	0.015137365751762255	0.024054982817869417	0.11141645462256149	0.10632627925204345	0.17580189687095452	0.0	0.1282067374389983	0.027777777777777776	1.0
