arz	bs	ceb	ckb	da	de	el	en	es	fr	he	hi	hu	id	it	ja	ko	lv	mk	ml	mr	nl	pl	pt	ro	ru	sh	si	simple	sr	sv	te	tr	vi	war	zh
arz	0.5	0.125	0.0	0.1	0.09090909090909091	0.015873015873015872	0.1	0.0072992700729927005	0.0196078431372549	0.014084507042253521	0.03125	0.07142857142857142	0.05	0.08333333333333333	0.02127659574468085	0.017857142857142856	0.023809523809523808	0.14285714285714285	0.125	0.2	0.3333333333333333	0.023255813953488372	0.02702702702702703	0.022727272727272728	0.07692307692307693	0.01694915254237288	0.125	0.125	0.07692307692307693	0.0625	0.03225806451612903	0.5	0.05555555555555555	0.0625	0.25	0.02
bs	0.125	1.0	0.013888888888888888	0.0005773672055427252	0.002886836027713626	0.21478149781892153	0.04709722803462965	0.14282255638637015	0.08875654529621553	0.36337070630945584	0.0074455899198167235	0.0005773672055427252	0.04267193030055154	0.029285103440695435	0.04087217435645638	0.03708050665524419	0.04445996970013252	0.0005773672055427252	0.48385236447520186	0.0005773672055427252	0.1875	0.5103892257961259	0.46300782516858213	0.46253585526041674	0.06931065665762359	0.46748697029296554	0.42767312014454867	0.1875	0.0023094688221709007	0.5041841105580727	0.038583574843501695	0.125	0.18421052631578946	0.07566270491310582	0.35	0.27382748288928116
ceb	0.0	0.013888888888888888	0.5	0.0	0.0048543689320388345	0.0011389521640091116	0.0	0.00035587188612099647	0.0007639419404125286	0.0003184713375796178	0.0038461538461538464	0.006756756756756757	0.0033783783783783786	0.004651162790697674	0.0015772870662460567	0.0034482758620689655	0.005235602094240838	0.00819672131147541	0.006666666666666667	0.009615384615384616	0.0	0.001006036217303823	0.0022026431718061676	0.002070393374741201	0.006493506493506494	0.0014749262536873156	0.005434782608695652	0.02702702702702703	0.006756756756756757	0.0037593984962406013	0.001838235294117647	0.0	-1.0	0.006993006993006993	0.038461538461538464	0.002631578947368421
ckb	0.1	0.0005773672055427252	0.0	0.5	0.0	0.0012853470437017994	0.006329113924050633	0.001953125	0.0	0.0008278145695364238	0.0	0.0	0.0	0.0	0.0	0.006578947368421052	0.0	0.0	0.0005952380952380953	0.0	0.15	0.0005868544600938967	0.0006031363088057901	0.0006075334143377885	0.0	0.0005980861244019139	0.0006915629322268327	0.15	0.0	0.000580046403712297	0.007142857142857143	0.1	0.2	0.0	0.2	0.0010245901639344263
da	0.09090909090909091	0.002886836027713626	0.0048543689320388345	0.0	0.5	0.005128205128205128	0.012195121951219513	0.007782101167315175	0.012195121951219513	0.003305785123966942	0.06818181818181818	0.1	0.019736842105263157	0.018518518518518517	0.02247191011235955	0.025974025974025976	0.024390243902439025	0.1	0.0017814726840855108	0.1	0.13636363636363635	0.0023446658851113715	0.0024096385542168677	0.0024271844660194173	0.01293103448275862	0.0023894862604540022	0.0020689655172413794	0.13636363636363635	0.14285714285714285	0.002317497103128621	0.020833333333333332	0.09090909090909091	0.13043478260869565	0.015151515151515152	0.18181818181818182	0.00408997955010225
de	0.015873015873015872	0.21478149781892153	0.0011389521640091116	0.0012853470437017994	0.005128205128205128	1.0	0.09820509511925465	0.24903619342133806	0.1814814814814815	0.17800993417904593	0.023017902813299233	0.0012853470437017994	0.08953915283029207	0.06252582004461704	0.09476309226932668	0.09480355433600626	0.09878588179416392	0.0012853470437017994	0.21536670547147846	0.0012853470437017994	0.023809523809523808	0.21488906317695247	0.2265175763639748	0.2297423777568182	0.1446661139723591	0.20416292256786353	0.17169788901022426	0.023809523809523808	0.005141388174807198	0.2144803649565005	0.08863365550112538	0.015873015873015872	0.11489427860696518	0.15862698096658417	0.031746031746031744	0.1812418404082763
el	0.1	0.04709722803462965	0.0	0.006329113924050633	0.012195121951219513	0.09820509511925465	1.0	0.1562845328119577	0.188687648456057	0.06384787487765457	0.026595744680851064	0.006329113924050633	0.2511540782934259	0.20316787228735345	0.1011146813774277	0.16911888288187343	0.21833673767143275	0.006329113924050633	0.04702380952380952	0.006329113924050633	0.15	0.047029679213956004	0.04788620425641087	0.047469063179652125	0.24326733153805313	0.04055168060535387	0.050321759003972566	0.15	0.006097560975609756	0.0472095300785813	0.15450877192982457	0.1	0.2	0.19158779394999867	0.2	0.07448430083972252
en	0.0072992700729927005	0.14282255638637015	0.00035587188612099647	0.001953125	0.007782101167315175	0.24903619342133806	0.1562845328119577	1.0	0.28251834252953356	0.17888378798216095	0.0390625	0.001953125	0.15485409097782205	0.10442269619162221	0.14992547157200758	0.1488398874991617	0.16543249478556515	0.001953125	0.13646922183507548	0.001953125	0.010948905109489052	0.14403331000531494	0.1521930594029321	0.15077978789769184	0.2680722492462075	0.13315859800596155	0.14367019303824338	0.010948905109489052	0.0078125	0.1394027522692463	0.1203741518149195	0.0072992700729927005	0.06569343065693431	0.2630449275880707	0.014598540145985401	0.1894454645843335
es	0.0196078431372549	0.08875654529621553	0.0007639419404125286	0.0	0.012195121951219513	0.1814814814814815	0.188687648456057	0.28251834252953356	1.0	0.12568625005864345	0.03823529411764706	0.003067484662576687	0.21565768739220528	0.15573283203187763	0.15925146894076225	0.17897727272727273	0.23274712404843312	0.003067484662576687	0.09069493521790342	0.003067484662576687	0.029411764705882353	0.09086493850383935	0.09759036144578313	0.09613059250302297	0.3269786874404976	0.08013937282229965	0.09465457028880468	0.029411764705882353	0.012269938650306749	0.08780693129905723	0.143646408839779	0.0196078431372549	0.12727272727272726	0.32668162280371016	0.0392156862745098	0.14741228147340146
fr	0.014084507042253521	0.36337070630945584	0.0003184713375796178	0.0008278145695364238	0.003305785123966942	0.17800993417904593	0.06384787487765457	0.17888378798216095	0.12568625005864345	1.0	0.011475409836065573	0.0008278145695364238	0.0617263576042453	0.042238385718723244	0.05904735309964552	0.05745161938478581	0.06811183039174955	0.0008278145695364238	0.33371824480369516	0.0008278145695364238	0.02112676056338028	0.3639460952067901	0.35721510925099326	0.35735837590315156	0.10374519027687504	0.33279746377028574	0.4032178046563702	0.02112676056338028	0.0033112582781456954	0.34304642904619875	0.055297873586431484	0.014084507042253521	0.10135135135135136	0.10189124451850806	0.028169014084507043	0.3941903858739234
he	0.03125	0.0074455899198167235	0.0038461538461538464	0.0	0.06818181818181818	0.023017902813299233	0.026595744680851064	0.0390625	0.03823529411764706	0.011475409836065573	1.0	0.025	0.022222222222222223	0.014492753623188406	0.08695652173913043	0.07142857142857142	0.04891304347826087	0.025	0.007674144037780401	0.025	0.046875	0.007577240993473226	0.012062726176115802	0.011529126213592233	0.027559055118110236	0.011961722488038277	0.006130790190735695	0.046875	0.045454545454545456	0.007479861910241657	0.03571428571428571	0.03125	0.125	0.024305555555555556	0.0625	0.01417004048582996
hi	0.07142857142857142	0.0005773672055427252	0.006756756756756757	0.0	0.1	0.0012853470437017994	0.006329113924050633	0.001953125	0.003067484662576687	0.0008278145695364238	0.025	0.5	0.006756756756756757	0.00980392156862745	0.005681818181818182	0.006578947368421052	0.006172839506172839	0.5	0.0005952380952380953	0.5	0.10714285714285714	0.0005868544600938967	0.0006031363088057901	0.0006075334143377885	0.0043859649122807015	0.0005980861244019139	0.0	0.10714285714285714	0.125	0.000580046403712297	0.007142857142857143	0.07142857142857142	0.16666666666666666	0.003816793893129771	0.14285714285714285	0.0010245901639344263
hu	0.05	0.04267193030055154	0.0033783783783783786	0.0	0.019736842105263157	0.08953915283029207	0.2511540782934259	0.15485409097782205	0.21565768739220528	0.0617263576042453	0.022222222222222223	0.006756756756756757	1.0	0.30466633801398363	0.13409850823045266	0.20120011316203512	0.42650991396705784	0.006756756756756757	0.042111506524317915	0.006756756756756757	0.075	0.04397434983586289	0.044252835212353146	0.043309993235763365	0.3623821102269378	0.03788889466419484	0.04729669529201771	0.075	0.013157894736842105	0.04224098379702604	0.16928172942817293	0.05	0.13333333333333333	0.2644814568525423	0.1	0.07758282229276964
id	0.08333333333333333	0.029285103440695435	0.004651162790697674	0.0	0.018518518518518517	0.06252582004461704	0.20316787228735345	0.10442269619162221	0.15573283203187763	0.042238385718723244	0.014492753623188406	0.00980392156862745	0.30466633801398363	1.0	0.10045026699248802	0.21708545154292005	0.2859024356869185	0.00980392156862745	0.029726516052318668	0.00980392156862745	0.125	0.029756069569794253	0.030759951749095297	0.031160374753032655	0.21330992215194955	0.02609727164887307	0.03361314971259862	0.125	0.028846153846153848	0.02934137533788916	0.18954359673024523	0.08333333333333333	0.21428571428571427	0.17586251509401415	0.23809523809523808	0.051798296239771606
it	0.02127659574468085	0.04087217435645638	0.0015772870662460567	0.0	0.02247191011235955	0.09476309226932668	0.1011146813774277	0.14992547157200758	0.15925146894076225	0.05904735309964552	0.08695652173913043	0.005681818181818182	0.13409850823045266	0.10045026699248802	1.0	0.19491525423728814	0.13786359838991416	0.005681818181818182	0.041423570595099185	0.005681818181818182	0.031914893617021274	0.042817697266416294	0.050948709293442536	0.04879518072289157	0.12828384648453134	0.04739336492890995	0.040041542385402445	0.031914893617021274	0.022727272727272728	0.040503172463948474	0.14227642276422764	0.02127659574468085	0.15	0.11948299397110682	0.0425531914893617	0.0691699604743083
ja	0.017857142857142856	0.03708050665524419	0.0034482758620689655	0.006578947368421052	0.025974025974025976	0.09480355433600626	0.16911888288187343	0.1488398874991617	0.17897727272727273	0.05745161938478581	0.07142857142857142	0.006578947368421052	0.20120011316203512	0.21708545154292005	0.19491525423728814	1.0	0.21429210134128165	0.006578947368421052	0.03755868544600939	0.006578947368421052	0.026785714285714284	0.03707820963255746	0.045838359469240045	0.04550970873786408	0.16973532504076025	0.0441527446300716	0.03773260490036838	0.026785714285714284	0.01282051282051282	0.036613272311212815	0.22277227722772278	0.017857142857142856	0.1271186440677966	0.14776231144631766	0.03571428571428571	0.07000371816322737
ko	0.023809523809523808	0.04445996970013252	0.005235602094240838	0.0	0.024390243902439025	0.09878588179416392	0.21833673767143275	0.16543249478556515	0.23274712404843312	0.06811183039174955	0.04891304347826087	0.006172839506172839	0.42650991396705784	0.2859024356869185	0.13786359838991416	0.21429210134128165	1.0	0.006172839506172839	0.044326241134751775	0.006172839506172839	0.03571428571428571	0.04520208440421046	0.04814809880950795	0.04854368932038835	0.33467359556954823	0.03928578035937764	0.05080124332470086	0.03571428571428571	0.012048192771084338	0.04390525883013731	0.15716153439594982	0.023809523809523808	0.13829787234042554	0.2679342240493319	0.047619047619047616	0.08311106641188105
lv	0.14285714285714285	0.0005773672055427252	0.00819672131147541	0.0	0.1	0.0012853470437017994	0.006329113924050633	0.001953125	0.003067484662576687	0.0008278145695364238	0.025	0.5	0.006756756756756757	0.00980392156862745	0.005681818181818182	0.006578947368421052	0.006172839506172839	0.5	0.0005952380952380953	0.5	0.21428571428571427	0.0005868544600938967	0.0006031363088057901	0.0006075334143377885	0.0043859649122807015	0.0005980861244019139	0.0	0.21428571428571427	0.125	0.000580046403712297	0.007142857142857143	0.14285714285714285	0.19444444444444445	0.003816793893129771	0.2857142857142857	0.0010245901639344263
mk	0.125	0.48385236447520186	0.006666666666666667	0.0005952380952380953	0.0017814726840855108	0.21536670547147846	0.04702380952380952	0.13646922183507548	0.09069493521790342	0.33371824480369516	0.007674144037780401	0.0005952380952380953	0.042111506524317915	0.029726516052318668	0.041423570595099185	0.03755868544600939	0.044326241134751775	0.0005952380952380953	0.5	0.0005952380952380953	0.1875	0.486013986013986	0.4591954022988506	0.461271676300578	0.0665083135391924	0.4632183908045977	0.4045138888888889	0.1875	0.002380952380952381	0.4838150289017341	0.03909952606635071	0.125	0.2222222222222222	0.07591933570581258	0.25	0.2703016241299304
ml	0.2	0.0005773672055427252	0.009615384615384616	0.0	0.1	0.0012853470437017994	0.006329113924050633	0.001953125	0.003067484662576687	0.0008278145695364238	0.025	0.5	0.006756756756756757	0.00980392156862745	0.005681818181818182	0.006578947368421052	0.006172839506172839	0.5	0.0005952380952380953	0.5	0.3	0.0005868544600938967	0.0006031363088057901	0.0006075334143377885	0.0043859649122807015	0.0005980861244019139	0.0	0.3	0.125	0.000580046403712297	0.007142857142857143	0.2	0.1388888888888889	0.003816793893129771	0.4	0.0010245901639344263
mr	0.3333333333333333	0.1875	0.0	0.15	0.13636363636363635	0.023809523809523808	0.15	0.010948905109489052	0.029411764705882353	0.02112676056338028	0.046875	0.10714285714285714	0.075	0.125	0.031914893617021274	0.026785714285714284	0.03571428571428571	0.21428571428571427	0.1875	0.3	0.5	0.03488372093023256	0.04054054054054054	0.03409090909090909	0.11538461538461539	0.025423728813559324	0.1875	0.1	0.11538461538461539	0.09375	0.04838709677419355	0.3333333333333333	0.08333333333333333	0.09375	0.375	0.03
nl	0.023255813953488372	0.5103892257961259	0.001006036217303823	0.0005868544600938967	0.0023446658851113715	0.21488906317695247	0.047029679213956004	0.14403331000531494	0.09086493850383935	0.3639460952067901	0.007577240993473226	0.0005868544600938967	0.04397434983586289	0.029756069569794253	0.042817697266416294	0.03707820963255746	0.04520208440421046	0.0005868544600938967	0.486013986013986	0.0005868544600938967	0.03488372093023256	1.0	0.4695434137083781	0.469963157569844	0.07020159070853804	0.4771285844129331	0.41839401984312774	0.03488372093023256	0.002347417840375587	0.4933800908279622	0.03990522181901435	0.023255813953488372	0.14893617021276595	0.07624355366774004	0.046511627906976744	0.2791446697726187
pl	0.02702702702702703	0.46300782516858213	0.0022026431718061676	0.0006031363088057901	0.0024096385542168677	0.2265175763639748	0.04788620425641087	0.1521930594029321	0.09759036144578313	0.35721510925099326	0.012062726176115802	0.0006031363088057901	0.044252835212353146	0.030759951749095297	0.050948709293442536	0.045838359469240045	0.04814809880950795	0.0006031363088057901	0.4591954022988506	0.0006031363088057901	0.04054054054054054	0.4695434137083781	1.0	0.48955950889704203	0.06990329988932385	0.46401336477987426	0.3867248755966978	0.04054054054054054	0.0024125452352231603	0.4608409314919984	0.04156626506024096	0.02702702702702703	0.125	0.07918586520399602	0.05405405405405406	0.2915600478187099
pt	0.022727272727272728	0.46253585526041674	0.002070393374741201	0.0006075334143377885	0.0024271844660194173	0.2297423777568182	0.047469063179652125	0.15077978789769184	0.09613059250302297	0.35735837590315156	0.011529126213592233	0.0006075334143377885	0.043309993235763365	0.031160374753032655	0.04879518072289157	0.04550970873786408	0.04854368932038835	0.0006075334143377885	0.461271676300578	0.0006075334143377885	0.03409090909090909	0.469963157569844	0.48955950889704203	1.0	0.06936177996267767	0.4596459735964169	0.3880954047772395	0.03409090909090909	0.002430133657351154	0.46014092164296627	0.041868932038834954	0.022727272727272728	0.17391304347826086	0.07954779984005092	0.045454545454545456	0.2910738884575745
ro	0.07692307692307693	0.06931065665762359	0.006493506493506494	0.0	0.01293103448275862	0.1446661139723591	0.24326733153805313	0.2680722492462075	0.3269786874404976	0.10374519027687504	0.027559055118110236	0.0043859649122807015	0.3623821102269378	0.21330992215194955	0.12828384648453134	0.16973532504076025	0.33467359556954823	0.0043859649122807015	0.0665083135391924	0.0043859649122807015	0.11538461538461539	0.07020159070853804	0.06990329988932385	0.06936177996267767	1.0	0.05371414126181097	0.07888657623021303	0.11538461538461539	0.013043478260869565	0.06818511790306417	0.14497496030701498	0.07692307692307693	0.23809523809523808	0.4062529000915925	0.15384615384615385	0.11914639197295818
ru	0.01694915254237288	0.46748697029296554	0.0014749262536873156	0.0005980861244019139	0.0023894862604540022	0.20416292256786353	0.04055168060535387	0.13315859800596155	0.08013937282229965	0.33279746377028574	0.011961722488038277	0.0005980861244019139	0.03788889466419484	0.02609727164887307	0.04739336492890995	0.0441527446300716	0.03928578035937764	0.0005980861244019139	0.4632183908045977	0.0005980861244019139	0.025423728813559324	0.4771285844129331	0.46401336477987426	0.4596459735964169	0.05371414126181097	1.0	0.3883430947544491	0.025423728813559324	0.0023923444976076554	0.46476245166981217	0.04121863799283154	0.01694915254237288	0.12096774193548387	0.06235042566738213	0.03389830508474576	0.2686000972629159
sh	0.125	0.42767312014454867	0.005434782608695652	0.0006915629322268327	0.0020689655172413794	0.17169788901022426	0.050321759003972566	0.14367019303824338	0.09465457028880468	0.4032178046563702	0.006130790190735695	0.0	0.04729669529201771	0.03361314971259862	0.040041542385402445	0.03773260490036838	0.05080124332470086	0.0	0.4045138888888889	0.0	0.1875	0.41839401984312774	0.3867248755966978	0.3880954047772395	0.07888657623021303	0.3883430947544491	1.0	0.1875	0.001379310344827586	0.42133174389218553	0.041046357782284146	0.125	0.2222222222222222	0.0826292267580499	0.25	0.31631696760713457
si	0.125	0.1875	0.02702702702702703	0.15	0.13636363636363635	0.023809523809523808	0.15	0.010948905109489052	0.029411764705882353	0.02112676056338028	0.046875	0.10714285714285714	0.075	0.125	0.031914893617021274	0.026785714285714284	0.03571428571428571	0.21428571428571427	0.1875	0.3	0.1	0.03488372093023256	0.04054054054054054	0.03409090909090909	0.11538461538461539	0.025423728813559324	0.1875	0.5	0.11538461538461539	0.09375	0.04838709677419355	0.125	0.08333333333333333	0.09375	0.2	0.03
simple	0.07692307692307693	0.0023094688221709007	0.006756756756756757	0.0	0.14285714285714285	0.005141388174807198	0.006097560975609756	0.0078125	0.012269938650306749	0.0033112582781456954	0.045454545454545456	0.125	0.013157894736842105	0.028846153846153848	0.022727272727272728	0.01282051282051282	0.012048192771084338	0.125	0.002380952380952381	0.125	0.11538461538461539	0.002347417840375587	0.0024125452352231603	0.002430133657351154	0.013043478260869565	0.0023923444976076554	0.001379310344827586	0.11538461538461539	0.5	0.002320185614849188	0.02112676056338028	0.07692307692307693	0.20454545454545456	0.011363636363636364	0.15384615384615385	0.004098360655737705
sr	0.0625	0.5041841105580727	0.0037593984962406013	0.000580046403712297	0.002317497103128621	0.2144803649565005	0.0472095300785813	0.1394027522692463	0.08780693129905723	0.34304642904619875	0.007479861910241657	0.000580046403712297	0.04224098379702604	0.02934137533788916	0.040503172463948474	0.036613272311212815	0.04390525883013731	0.000580046403712297	0.4838150289017341	0.000580046403712297	0.09375	0.4933800908279622	0.4608409314919984	0.46014092164296627	0.06818511790306417	0.46476245166981217	0.42133174389218553	0.09375	0.002320185614849188	1.0	0.038145100703791096	0.0625	0.20833333333333334	0.0755202685606882	0.125	0.2724054746453741
sv	0.03225806451612903	0.038583574843501695	0.001838235294117647	0.007142857142857143	0.020833333333333332	0.08863365550112538	0.15450877192982457	0.1203741518149195	0.143646408839779	0.055297873586431484	0.03571428571428571	0.007142857142857143	0.16928172942817293	0.18954359673024523	0.14227642276422764	0.22277227722772278	0.15716153439594982	0.007142857142857143	0.03909952606635071	0.007142857142857143	0.04838709677419355	0.03990522181901435	0.04156626506024096	0.041868932038834954	0.14497496030701498	0.04121863799283154	0.041046357782284146	0.04838709677419355	0.02112676056338028	0.038145100703791096	1.0	0.03225806451612903	0.21180555555555555	0.128125	0.06451612903225806	0.06393612382821015
te	0.5	0.125	0.0	0.1	0.09090909090909091	0.015873015873015872	0.1	0.0072992700729927005	0.0196078431372549	0.014084507042253521	0.03125	0.07142857142857142	0.05	0.08333333333333333	0.02127659574468085	0.017857142857142856	0.023809523809523808	0.14285714285714285	0.125	0.2	0.3333333333333333	0.023255813953488372	0.02702702702702703	0.022727272727272728	0.07692307692307693	0.01694915254237288	0.125	0.125	0.07692307692307693	0.0625	0.03225806451612903	0.5	0.05555555555555555	0.0625	0.25	0.02
tr	0.05555555555555555	0.18421052631578946	-1.0	0.2	0.13043478260869565	0.11489427860696518	0.2	0.06569343065693431	0.12727272727272726	0.10135135135135136	0.125	0.16666666666666666	0.13333333333333333	0.21428571428571427	0.15	0.1271186440677966	0.13829787234042554	0.19444444444444445	0.2222222222222222	0.1388888888888889	0.08333333333333333	0.14893617021276595	0.125	0.17391304347826086	0.23809523809523808	0.12096774193548387	0.2222222222222222	0.08333333333333333	0.20454545454545456	0.20833333333333334	0.21180555555555555	0.05555555555555555	1.0	0.18	0.1111111111111111	0.15384615384615385
vi	0.0625	0.07566270491310582	0.006993006993006993	0.0	0.015151515151515152	0.15862698096658417	0.19158779394999867	0.2630449275880707	0.32668162280371016	0.10189124451850806	0.024305555555555556	0.003816793893129771	0.2644814568525423	0.17586251509401415	0.11948299397110682	0.14776231144631766	0.2679342240493319	0.003816793893129771	0.07591933570581258	0.003816793893129771	0.09375	0.07624355366774004	0.07918586520399602	0.07954779984005092	0.4062529000915925	0.06235042566738213	0.0826292267580499	0.09375	0.011363636363636364	0.0755202685606882	0.128125	0.0625	0.18	1.0	0.125	0.12493355506955835
war	0.25	0.35	0.038461538461538464	0.2	0.18181818181818182	0.031746031746031744	0.2	0.014598540145985401	0.0392156862745098	0.028169014084507043	0.0625	0.14285714285714285	0.1	0.23809523809523808	0.0425531914893617	0.03571428571428571	0.047619047619047616	0.2857142857142857	0.25	0.4	0.375	0.046511627906976744	0.05405405405405406	0.045454545454545456	0.15384615384615385	0.03389830508474576	0.25	0.2	0.15384615384615385	0.125	0.06451612903225806	0.25	0.1111111111111111	0.125	1.0	0.04
zh	0.02	0.27382748288928116	0.002631578947368421	0.0010245901639344263	0.00408997955010225	0.1812418404082763	0.07448430083972252	0.1894454645843335	0.14741228147340146	0.3941903858739234	0.01417004048582996	0.0010245901639344263	0.07758282229276964	0.051798296239771606	0.0691699604743083	0.07000371816322737	0.08311106641188105	0.0010245901639344263	0.2703016241299304	0.0010245901639344263	0.03	0.2791446697726187	0.2915600478187099	0.2910738884575745	0.11914639197295818	0.2686000972629159	0.31631696760713457	0.03	0.004098360655737705	0.2724054746453741	0.06393612382821015	0.02	0.15384615384615385	0.12493355506955835	0.04	1.0
