arz	bs	ceb	ckb	da	de	el	en	es	fr	he	hi	hu	id	it	ja	ko	lv	mk	ml	mr	nl	pl	pt	ro	ru	sh	si	simple	sr	sv	te	tr	vi	war	zh
arz	1.0	0.5555555555555556	0.6666666666666666	0.75	0.5416666666666666	0.5078125	0.75	0.5036231884057971	0.5096153846153846	0.5069444444444444	0.6938775510204082	0.7272727272727273	0.5238095238095238	0.5384615384615384	0.5104166666666666	0.6823529411764706	0.6875	0.782608695652174	0.7692307692307692	0.823529411764706	0.9090909090909091	0.5113636363636364	0.5131578947368421	0.5111111111111111	0.5357142857142857	0.6815642458100559	0.5555555555555556	0.7692307692307692	0.5357142857142857	0.5294117647058824	0.515625	1.0	0.5263157894736842	0.72	0.6000000000000001	0.6842105263157894
bs	0.5555555555555556	1.0	0.5068493150684932	0.5002885170225043	0.5014392630972941	0.5890043644506452	0.5226188180143737	0.5642603418844457	0.5407741567329382	0.6466724026530761	0.503695281409892	0.5002885170225043	0.5205580276379671	0.5142511589212915	0.5196379984862767	0.5178789496035003	0.5213532147387123	0.5002885170225043	0.6630392537893509	0.5002885170225043	0.5789473684210527	0.6831232387211355	0.658890582291893	0.6585642966288419	0.532987585819936	0.6602588972654766	0.6563679948544671	0.5789473684210527	0.5011520737327189	0.6726407490751701	0.5185775820812646	0.5555555555555556	0.5777777777777777	0.5352666717908572	0.6666666666666666	0.607909005599102
ceb	0.6666666666666666	0.5068493150684932	1.0	0.6666666666666666	0.5024154589371981	0.5005688282138794	0.6666666666666666	0.5001778726431875	0.500381679389313	0.5001591849729385	0.670076726342711	0.6726457399103138	0.6696629213483146	0.5023148148148148	0.5007874015748032	0.6697247706422018	0.671304347826087	0.6739130434782609	0.6725663716814159	0.6751592356687898	0.6666666666666666	0.5005025125628141	0.5010989010989011	0.5010330578512396	0.5032258064516129	0.6679764243614931	0.5027027027027027	0.6902654867256638	0.5033557046979865	0.50187265917603	0.5009174311926605	0.6666666666666666	-1.0	0.6728538283062645	0.5185185185185185	0.5013123359580053
ckb	0.75	0.5002885170225043	0.6666666666666666	1.0	0.6666666666666666	0.5006418485237484	0.5031446540880503	0.5009746588693957	0.5	0.5004135649296939	0.5	0.6666666666666666	0.5	0.5	0.5	0.5032679738562091	0.5	0.6666666666666666	0.6671955573185244	0.6666666666666666	0.787878787878788	0.5002932551319648	0.5003013863773357	0.5003035822707954	0.5	0.5002988643156008	0.5003455425017277	0.787878787878788	0.6666666666666666	0.5002898550724637	0.5035460992907801	0.75	0.5833333333333333	0.5	0.5833333333333333	0.5005117707267145
da	0.5416666666666666	0.5014392630972941	0.5024154589371981	0.6666666666666666	1.0	0.5025510204081632	0.5060240963855421	0.5038610038610039	0.5060240963855421	0.5016474464579901	0.5319148936170213	0.75	0.5096774193548387	0.509090909090909	0.510989010989011	0.5126582278481012	0.511904761904762	0.75	0.6682483194938711	0.75	0.56	0.5011695906432748	0.501201923076923	0.5012106537530266	0.5063829787234042	0.50119189511323	0.5010323468685478	0.56	0.782608695652174	0.5011560693641618	0.5102040816326531	0.5416666666666666	0.5576923076923077	0.5074626865671642	0.5769230769230769	0.5020366598778004
de	0.5078125	0.5890043644506452	0.5005688282138794	0.5006418485237484	0.5025510204081632	1.0	0.5451956411586459	0.6020067921856153	0.5768025078369906	0.5760284603899848	0.51125	0.5006418485237484	0.5416375798420762	0.5295731698849955	0.5432801822323463	0.5433272099938766	0.5453629359067184	0.5006418485237484	0.5886015325670498	0.5006418485237484	0.5116279069767442	0.5890262090723203	0.592582424647738	0.5935973764171403	0.5647239913549478	0.5850938412164343	0.5735631951523532	0.5116279069767442	0.5025575447570332	0.5887414290722982	0.5407366417551946	0.5078125	0.553479291591131	0.5690118191732756	0.5153846153846153	0.5768211645261958
el	0.75	0.5226188180143737	0.6666666666666666	0.5031446540880503	0.5060240963855421	0.5451956411586459	1.0	0.5711413459338787	0.5797427251155239	0.5303612148010816	0.5129533678756477	0.5031446540880503	0.6128078511403883	0.5902353063128434	0.5459869999406036	0.5726195075638457	0.5968902386449642	0.5031446540880503	0.5224559408754974	0.5031446540880503	0.787878787878788	0.5225729123773455	0.5228706360520822	0.5226714916763431	0.6106193276992817	0.5195172975884883	0.5241179841037722	0.787878787878788	0.503030303030303	0.5226619173264323	0.5671813029009072	0.75	0.5833333333333333	0.5833731964267835	0.5833333333333333	0.5348983397114352
en	0.5036231884057971	0.5642603418844457	0.5001778726431875	0.5009746588693957	0.5038610038610039	0.6020067921856153	0.5711413459338787	1.0	0.6104943276269358	0.5793244157873914	0.5187969924812029	0.5009746588693957	0.5702007090858489	0.5481430272216439	0.5654144625994708	0.564882324638514	0.5735897320052026	0.5009746588693957	0.5600408788962697	0.5009746588693957	0.5054151624548736	0.5645169563275985	0.566289799802231	0.5657152924594785	0.6216495644306773	0.5590382500340151	0.5641328686009575	0.5054151624548736	0.5038759689922481	0.5621647204336968	0.5538492880155155	0.5036231884057971	0.5308219178082192	0.6070424676346557	0.5071942446043165	0.5802133301735886
es	0.5096153846153846	0.5407741567329382	0.500381679389313	0.5	0.5060240963855421	0.5768025078369906	0.5797427251155239	0.6104943276269358	1.0	0.5558431288628455	0.5184135977337111	0.5015290519877675	0.5893341056510178	0.5682429567429672	0.5692788608506149	0.5759036144578312	0.5952277338171387	0.5015290519877675	0.5415766738660907	0.5015290519877675	0.5142857142857143	0.541658384038377	0.5444566410537871	0.543849972421401	0.6244626855612679	0.5370967741935484	0.5432390011581016	0.5142857142857143	0.5060606060606061	0.540372124255463	0.5628019323671498	0.5096153846153846	0.5564516129032258	0.6235319194287542	0.5188679245283019	0.5643124854014729
fr	0.5069444444444444	0.6466724026530761	0.5001591849729385	0.5004135649296939	0.5016474464579901	0.5760284603899848	0.5303612148010816	0.5793244157873914	0.5558431288628455	1.0	0.5056726094003241	0.5004135649296939	0.5293285286639278	0.5203359438226348	0.5278866302297841	0.5271732213580489	0.5321313415109564	0.5004135649296939	0.6251082251082252	0.5004135649296939	0.5103448275862069	0.6436823346180016	0.6322185200042781	0.6320660016757418	0.5487494748044158	0.6255398386281512	0.6519750795739783	0.5103448275862069	0.5016501650165016	0.6313337833435878	0.5262114654668004	0.5069444444444444	0.5460122699386503	0.5464902555302145	0.5136986301369862	0.6425128985618818
he	0.6938775510204082	0.503695281409892	0.670076726342711	0.5	0.5319148936170213	0.51125	0.5129533678756477	0.5187969924812029	0.5184135977337111	0.5056726094003241	1.0	0.5121951219512195	0.5108695652173914	0.5071428571428571	0.54	0.5333333333333333	0.5233160621761658	0.5121951219512195	0.5038078500292912	0.5121951219512195	0.7070707070707071	0.5037602838395667	0.5059594755661502	0.5056988602279544	0.5134099616858238	0.5059101654846336	0.5030467163168585	0.7070707070707071	0.5217391304347826	0.5037121644774415	0.5172413793103449	0.6938775510204082	0.5555555555555556	0.511864406779661	0.5294117647058824	0.5069860279441117
hi	0.7272727272727273	0.5002885170225043	0.6726457399103138	0.6666666666666666	0.75	0.5006418485237484	0.5031446540880503	0.5009746588693957	0.5015290519877675	0.5004135649296939	0.5121951219512195	1.0	0.5033557046979865	0.5048543689320388	0.5028248587570622	0.5032679738562091	0.5030674846625767	1.0	0.6671955573185244	1.0	0.7555555555555555	0.5002932551319648	0.5003013863773357	0.5003035822707954	0.5021834061135371	0.5002988643156008	0.5	0.7555555555555555	0.7692307692307692	0.5002898550724637	0.5035460992907801	0.7272727272727273	0.5714285714285714	0.5019011406844106	0.5625	0.5005117707267145
hu	0.5238095238095238	0.5205580276379671	0.6696629213483146	0.5	0.5096774193548387	0.5416375798420762	0.6128078511403883	0.5702007090858489	0.5893341056510178	0.5293285286639278	0.5108695652173914	0.5033557046979865	1.0	0.630525669987486	0.5594223954642098	0.5838384589639656	0.6784620794686578	0.5033557046979865	0.5202048947068867	0.5033557046979865	0.5348837209302326	0.5211581049847016	0.5212120795785876	0.5207833873042408	0.6592594364528221	0.5183029466672973	0.5227036117700364	0.5348837209302326	0.5064935064935064	0.5203590456839535	0.5731325480840912	0.5238095238095238	0.5588235294117647	0.6109817410930789	0.5454545454545455	0.5362466561944853
id	0.5384615384615384	0.5142511589212915	0.5023148148148148	0.5	0.509090909090909	0.5295731698849955	0.5902353063128434	0.5481430272216439	0.5682429567429672	0.5203359438226348	0.5071428571428571	0.5048543689320388	0.630525669987486	1.0	0.5458769828623125	0.5904462284418254	0.6221418215193072	0.5048543689320388	0.5144341801385681	0.5048543689320388	0.5555555555555556	0.5144736026278094	0.5149210064365126	0.5151576607897976	0.594286428755808	0.5127167630057804	0.5162955442368415	0.5555555555555556	0.5140186915887851	0.5142734753235927	0.5803149606299213	0.5384615384615384	0.5882352941176471	0.5767203723332074	0.6153846153846154	0.5246891619300138
it	0.5104166666666666	0.5196379984862767	0.5007874015748032	0.5	0.510989010989011	0.5432801822323463	0.5459869999406036	0.5654144625994708	0.5692788608506149	0.5278866302297841	0.54	0.5028248587570622	0.5594223954642098	0.5458769828623125	1.0	0.5815602836879433	0.5611807305311285	0.5028248587570622	0.5198879551820729	0.5028248587570622	0.5154639175257733	0.5205373910531131	0.5242901034997189	0.5232624928202182	0.5570645711830715	0.5226244343891403	0.5192572552668557	0.5154639175257733	0.5111111111111111	0.5194722960337463	0.5622775800711745	0.5104166666666666	0.5652173913043479	0.553543077059862	0.5204081632653061	0.532347504621072
ja	0.6823529411764706	0.5178789496035003	0.6697247706422018	0.5032679738562091	0.5126582278481012	0.5433272099938766	0.5726195075638457	0.564882324638514	0.5759036144578312	0.5271732213580489	0.5333333333333333	0.5032679738562091	0.5838384589639656	0.5904462284418254	0.5815602836879433	1.0	0.5884681942586433	0.5032679738562091	0.5180995475113122	0.5032679738562091	0.6900584795321637	0.5178792249860681	0.521914648212226	0.5217643644805572	0.5727612993430337	0.5211428571428571	0.5181837650502374	0.6900584795321637	0.5063291139240506	0.5176600441501104	0.5910931174089069	0.6823529411764706	0.556390977443609	0.5645968269920687	0.5172413793103449	0.5327518655906038
ko	0.6875	0.5213532147387123	0.671304347826087	0.5	0.511904761904762	0.5453629359067184	0.5968902386449642	0.5735897320052026	0.5952277338171387	0.5321313415109564	0.5233160621761658	0.5030674846625767	0.6784620794686578	0.6221418215193072	0.5611807305311285	0.5884681942586433	1.0	0.5030674846625767	0.5212224108658744	0.5030674846625767	0.6976744186046512	0.5216966931810268	0.5230239559856072	0.5231481481481481	0.6437929858466436	0.5189382737459136	0.5242552691442192	0.6976744186046512	0.5059523809523809	0.52108747760636	0.5680812908064655	0.6875	0.5607476635514019	0.6100348545027154	0.5227272727272727	0.5385649180453707
lv	0.782608695652174	0.5002885170225043	0.6739130434782609	0.6666666666666666	0.75	0.5006418485237484	0.5031446540880503	0.5009746588693957	0.5015290519877675	0.5004135649296939	0.5121951219512195	1.0	0.5033557046979865	0.5048543689320388	0.5028248587570622	0.5032679738562091	0.5030674846625767	1.0	0.6671955573185244	1.0	0.8333333333333334	0.5002932551319648	0.5003013863773357	0.5003035822707954	0.5021834061135371	0.5002988643156008	0.5	0.8333333333333334	0.7692307692307692	0.5002898550724637	0.5035460992907801	0.782608695652174	0.5813953488372093	0.5019011406844106	0.6111111111111112	0.5005117707267145
mk	0.7692307692307692	0.6630392537893509	0.6725663716814159	0.6671955573185244	0.6682483194938711	0.5886015325670498	0.5224559408754974	0.5600408788962697	0.5415766738660907	0.6251082251082252	0.5038078500292912	0.6671955573185244	0.5202048947068867	0.5144341801385681	0.5198879551820729	0.5180995475113122	0.5212224108658744	0.6671955573185244	1.0	0.6671955573185244	0.8148148148148148	0.6635294117647059	0.6573454115793619	0.6578322784810128	0.5311804008908686	0.6582875098193245	0.6440049443757726	0.8148148148148148	0.6687797147385103	0.6630307752239969	0.5188141391106044	0.7692307692307692	0.5909090909090909	0.5352811466372658	0.6000000000000001	0.606392694063927
ml	0.823529411764706	0.5002885170225043	0.6751592356687898	0.6666666666666666	0.75	0.5006418485237484	0.5031446540880503	0.5009746588693957	0.5015290519877675	0.5004135649296939	0.5121951219512195	1.0	0.5033557046979865	0.5048543689320388	0.5028248587570622	0.5032679738562091	0.5030674846625767	1.0	0.6671955573185244	1.0	0.8888888888888888	0.5002932551319648	0.5003013863773357	0.5003035822707954	0.5021834061135371	0.5002988643156008	0.5	0.8888888888888888	0.7692307692307692	0.5002898550724637	0.5035460992907801	0.823529411764706	0.5609756097560976	0.5019011406844106	0.6428571428571428	0.5005117707267145
mr	0.9090909090909091	0.5789473684210527	0.6666666666666666	0.787878787878788	0.56	0.5116279069767442	0.787878787878788	0.5054151624548736	0.5142857142857143	0.5103448275862069	0.7070707070707071	0.7555555555555555	0.5348837209302326	0.5555555555555556	0.5154639175257733	0.6900584795321637	0.6976744186046512	0.8333333333333334	0.8148148148148148	0.8888888888888888	1.0	0.5168539325842697	0.5194805194805194	0.5164835164835164	0.5517241379310345	0.6888888888888889	0.5789473684210527	0.75	0.5517241379310345	0.5428571428571428	0.5230769230769231	0.9090909090909091	0.5384615384615384	0.7450980392156863	0.6363636363636364	0.6928104575163399
nl	0.5113636363636364	0.6831232387211355	0.5005025125628141	0.5002932551319648	0.5011695906432748	0.5890262090723203	0.5225729123773455	0.5645169563275985	0.541658384038377	0.6436823346180016	0.5037602838395667	0.5002932551319648	0.5211581049847016	0.5144736026278094	0.5205373910531131	0.5178792249860681	0.5216966931810268	0.5002932551319648	0.6635294117647059	0.5002932551319648	0.5168539325842697	1.0	0.6605393192726524	0.6602605564587694	0.5333654172315024	0.6624110897294506	0.653297462459053	0.5168539325842697	0.5011709601873536	0.6698700594300606	0.5191940398393416	0.5113636363636364	0.5648148148148149	0.5355217229064085	0.5222222222222223	0.609539913454238
pl	0.5131578947368421	0.658890582291893	0.5010989010989011	0.5003013863773357	0.501201923076923	0.592582424647738	0.5228706360520822	0.566289799802231	0.5444566410537871	0.6322185200042781	0.5059594755661502	0.5003013863773357	0.5212120795785876	0.5149210064365126	0.5242901034997189	0.521914648212226	0.5230239559856072	0.5003013863773357	0.6573454115793619	0.5003013863773357	0.5194805194805194	0.6605393192726524	1.0	0.6645522852912283	0.5328153108031275	0.6587717649585846	0.6399279884378087	0.5194805194805194	0.5012033694344163	0.6584463830635343	0.5199537304800462	0.5131578947368421	0.5555555555555556	0.5367134050417038	0.5256410256410257	0.6133408623213927
pt	0.5111111111111111	0.6585642966288419	0.5010330578512396	0.5003035822707954	0.5012106537530266	0.5935973764171403	0.5226714916763431	0.5657152924594785	0.543849972421401	0.6320660016757418	0.5056988602279544	0.5003035822707954	0.5207833873042408	0.5151576607897976	0.5232624928202182	0.5217643644805572	0.5231481481481481	0.5003035822707954	0.6578322784810128	0.5003035822707954	0.5164835164835164	0.6602605564587694	0.6645522852912283	1.0	0.5325331910174766	0.6578828590544056	0.6401346371388902	0.5164835164835164	0.5012121212121212	0.65792844812058	0.5200931857891672	0.5111111111111111	0.5740740740740741	0.5369401941055403	0.5217391304347826	0.6128886037320577
ro	0.5357142857142857	0.532987585819936	0.5032258064516129	0.5	0.5063829787234042	0.5647239913549478	0.6106193276992817	0.6216495644306773	0.6244626855612679	0.5487494748044158	0.5134099616858238	0.5021834061135371	0.6592594364528221	0.594286428755808	0.5570645711830715	0.5727612993430337	0.6437929858466436	0.5021834061135371	0.5311804008908686	0.5021834061135371	0.5517241379310345	0.5333654172315024	0.5328153108031275	0.5325331910174766	1.0	0.5255629619661214	0.5372200862279789	0.5517241379310345	0.5064377682403434	0.5323253427836419	0.56371447031971	0.5357142857142857	0.5961538461538461	0.6579794933741534	0.5666666666666667	0.5537200164747105
ru	0.6815642458100559	0.6602588972654766	0.6679764243614931	0.5002988643156008	0.50119189511323	0.5850938412164343	0.5195172975884883	0.5590382500340151	0.5370967741935484	0.6255398386281512	0.5059101654846336	0.5002988643156008	0.5183029466672973	0.5127167630057804	0.5226244343891403	0.5211428571428571	0.5189382737459136	0.5002988643156008	0.6582875098193245	0.5002988643156008	0.6888888888888889	0.6624110897294506	0.6587717649585846	0.6578828590544056	0.5255629619661214	1.0	0.6407165359723676	0.6888888888888889	0.5011933174224343	0.6593345270974025	0.5197934595524957	0.6815642458100559	0.5539568345323741	0.5293620357739923	0.5163934426229508	0.6061261362381443
sh	0.5555555555555556	0.6563679948544671	0.5027027027027027	0.5003455425017277	0.5010323468685478	0.5735631951523532	0.5241179841037722	0.5641328686009575	0.5432390011581016	0.6519750795739783	0.5030467163168585	0.5	0.5227036117700364	0.5162955442368415	0.5192572552668557	0.5181837650502374	0.5242552691442192	0.5	0.6440049443757726	0.5	0.5789473684210527	0.653297462459053	0.6399279884378087	0.6401346371388902	0.5372200862279789	0.6407165359723676	1.0	0.5789473684210527	0.5006887052341598	0.651231330646599	0.5197233216123455	0.5555555555555556	0.5909090909090909	0.5382950667297521	0.6000000000000001	0.6208114508678344
si	0.7692307692307692	0.5789473684210527	0.6902654867256638	0.787878787878788	0.56	0.5116279069767442	0.787878787878788	0.5054151624548736	0.5142857142857143	0.5103448275862069	0.7070707070707071	0.7555555555555555	0.5348837209302326	0.5555555555555556	0.5154639175257733	0.6900584795321637	0.6976744186046512	0.8333333333333334	0.8148148148148148	0.8888888888888888	0.75	0.5168539325842697	0.5194805194805194	0.5164835164835164	0.5517241379310345	0.6888888888888889	0.5789473684210527	1.0	0.5517241379310345	0.5428571428571428	0.5230769230769231	0.7692307692307692	0.5384615384615384	0.7450980392156863	0.5833333333333333	0.6928104575163399
simple	0.5357142857142857	0.5011520737327189	0.5033557046979865	0.6666666666666666	0.782608695652174	0.5025575447570332	0.503030303030303	0.5038759689922481	0.5060606060606061	0.5016501650165016	0.5217391304347826	0.7692307692307692	0.5064935064935064	0.5140186915887851	0.5111111111111111	0.5063291139240506	0.5059523809523809	0.7692307692307692	0.6687797147385103	0.7692307692307692	0.5517241379310345	0.5011709601873536	0.5012033694344163	0.5012121212121212	0.5064377682403434	0.5011933174224343	0.5006887052341598	0.5517241379310345	1.0	0.5011574074074074	0.5103448275862069	0.5357142857142857	0.5849056603773585	0.5056179775280899	0.5666666666666667	0.5020408163265306
sr	0.5294117647058824	0.6726407490751701	0.50187265917603	0.5002898550724637	0.5011560693641618	0.5887414290722982	0.5226619173264323	0.5621647204336968	0.540372124255463	0.6313337833435878	0.5037121644774415	0.5002898550724637	0.5203590456839535	0.5142734753235927	0.5194722960337463	0.5176600441501104	0.52108747760636	0.5002898550724637	0.6630307752239969	0.5002898550724637	0.5428571428571428	0.6698700594300606	0.6584463830635343	0.65792844812058	0.5323253427836419	0.6593345270974025	0.651231330646599	0.5428571428571428	0.5011574074074074	1.0	0.5183746109741011	0.5294117647058824	0.5862068965517242	0.5352291412641916	0.5555555555555556	0.6074602859987825
sv	0.515625	0.5185775820812646	0.5009174311926605	0.5035460992907801	0.5102040816326531	0.5407366417551946	0.5671813029009072	0.5538492880155155	0.5628019323671498	0.5262114654668004	0.5172413793103449	0.5035460992907801	0.5731325480840912	0.5803149606299213	0.5622775800711745	0.5910931174089069	0.5680812908064655	0.5035460992907801	0.5188141391106044	0.5035460992907801	0.5230769230769231	0.5191940398393416	0.5199537304800462	0.5200931857891672	0.56371447031971	0.5197934595524957	0.5197233216123455	0.5230769230769231	0.5103448275862069	0.5183746109741011	1.0	0.515625	0.5967048710601719	0.556786703601108	0.5303030303030303	0.5300828334468857
te	1.0	0.5555555555555556	0.6666666666666666	0.75	0.5416666666666666	0.5078125	0.75	0.5036231884057971	0.5096153846153846	0.5069444444444444	0.6938775510204082	0.7272727272727273	0.5238095238095238	0.5384615384615384	0.5104166666666666	0.6823529411764706	0.6875	0.782608695652174	0.7692307692307692	0.823529411764706	0.9090909090909091	0.5113636363636364	0.5131578947368421	0.5111111111111111	0.5357142857142857	0.6815642458100559	0.5555555555555556	0.7692307692307692	0.5357142857142857	0.5294117647058824	0.515625	1.0	0.5263157894736842	0.72	0.6000000000000001	0.6842105263157894
tr	0.5263157894736842	0.5777777777777777	-1.0	0.5833333333333333	0.5576923076923077	0.553479291591131	0.5833333333333333	0.5308219178082192	0.5564516129032258	0.5460122699386503	0.5555555555555556	0.5714285714285714	0.5588235294117647	0.5882352941176471	0.5652173913043479	0.556390977443609	0.5607476635514019	0.5813953488372093	0.5909090909090909	0.5609756097560976	0.5384615384615384	0.5648148148148149	0.5555555555555556	0.5740740740740741	0.5961538461538461	0.5539568345323741	0.5909090909090909	0.5384615384615384	0.5849056603773585	0.5862068965517242	0.5967048710601719	0.5263157894736842	1.0	0.576271186440678	0.55	0.5666666666666667
vi	0.72	0.5352666717908572	0.6728538283062645	0.5	0.5074626865671642	0.5690118191732756	0.5833731964267835	0.6070424676346557	0.6235319194287542	0.5464902555302145	0.511864406779661	0.5019011406844106	0.6109817410930789	0.5767203723332074	0.553543077059862	0.5645968269920687	0.6100348545027154	0.5019011406844106	0.5352811466372658	0.5019011406844106	0.7450980392156863	0.5355217229064085	0.5367134050417038	0.5369401941055403	0.6579794933741534	0.5293620357739923	0.5382950667297521	0.7450980392156863	0.5056179775280899	0.5352291412641916	0.556786703601108	0.72	0.576271186440678	1.0	0.5555555555555556	0.5557368777222936
war	0.6000000000000001	0.6666666666666666	0.5185185185185185	0.5833333333333333	0.5769230769230769	0.5153846153846153	0.5833333333333333	0.5071942446043165	0.5188679245283019	0.5136986301369862	0.5294117647058824	0.5625	0.5454545454545455	0.6153846153846154	0.5204081632653061	0.5172413793103449	0.5227272727272727	0.6111111111111112	0.6000000000000001	0.6428571428571428	0.6363636363636364	0.5222222222222223	0.5256410256410257	0.5217391304347826	0.5666666666666667	0.5163934426229508	0.6000000000000001	0.5833333333333333	0.5666666666666667	0.5555555555555556	0.5303030303030303	0.6000000000000001	0.55	0.5555555555555556	1.0	0.5192307692307692
zh	0.6842105263157894	0.607909005599102	0.5013123359580053	0.5005117707267145	0.5020366598778004	0.5768211645261958	0.5348983397114352	0.5802133301735886	0.5643124854014729	0.6425128985618818	0.5069860279441117	0.5005117707267145	0.5362466561944853	0.5246891619300138	0.532347504621072	0.5327518655906038	0.5385649180453707	0.5005117707267145	0.606392694063927	0.5005117707267145	0.6928104575163399	0.609539913454238	0.6133408623213927	0.6128886037320577	0.5537200164747105	0.6061261362381443	0.6208114508678344	0.6928104575163399	0.5020408163265306	0.6074602859987825	0.5300828334468857	0.6842105263157894	0.5666666666666667	0.5557368777222936	0.5192307692307692	1.0
