arz	bs	ceb	ckb	da	de	el	en	es	fr	he	hi	hu	id	it	ja	ko	lv	mk	ml	mr	nl	pl	pt	ro	ru	sh	si	simple	sr	sv	te	tr	vi	war	zh
arz	1.0	0.9068356595998298	0.9043885050766008	1.0	0.8899462261822813	0.8131362044650259	1.0	0.7890521973096678	0.7737611598931744	0.8286399584472998	1.0	1.0	0.6001943478161451	0.8797038171355452	0.9183819534172675	1.0	1.0	0.6044903171440008	1.0	1.0	1.0	0.9279998786698918	0.8735354325728295	0.3144922729988782	0.9192169172855166	1.0	0.32254058972816435	1.0	0.9317773997816335	1.0	0.8269328558437565	1.0	1.0	0.8007535675242317	1.0	0.5332833930630667
bs	0.9068356595998298	1.0	0.765105948827102	0.8392651297626471	0.7626780958230557	0.7285150663534162	0.8392651297626471	0.6360901249903145	0.6585972402039935	0.6461638337489712	0.8392651297626471	0.8398686431187317	0.4365366829301098	0.726530083715539	0.808208462272284	0.8392651297626471	0.8392651297626471	0.5687756548073948	0.8392651297626471	0.8392651297626471	0.8392651297626471	0.7943742638164251	0.7559084366041615	0.33476886386516624	0.768025162603731	0.8392651297626471	0.3298419191644998	0.8954371232688867	0.7997320083156504	0.8392651297626471	0.6849216349349477	0.8500171103961456	0.4076071500160095	0.6855628553103966	0.45638268183777075	0.255535408339839
ceb	0.9043885050766008	0.765105948827102	1.0	0.7995638996824411	0.7404716233328172	0.714072663536973	0.7977282579399355	0.6267186528721158	0.6418951337195627	0.6364365288120971	0.7992608494523611	0.8033101958607047	0.4350984157559566	0.7127546381935456	0.775912358129435	0.7977282579399355	0.7977282579399354	0.5688276503552651	0.7995638996824411	0.7995638996824409	0.7995638996824409	0.7697087136128127	0.7337344145553027	0.3355389688878411	0.7381338184161222	0.7977282579399354	0.3301259146697958	0.8582172303594822	0.7722743821917643	0.7992608494523612	0.6736986040932751	0.8169609497874278	-1.0	0.6679246970287751	0.45407834086968596	0.2516808377118778
ckb	1.0	0.8392651297626471	0.7995638996824411	1.0	0.8059391503646743	0.7591193578375837	1.0	0.6516015176331046	0.6769736678116922	0.6617756609006541	1.0	1.0	0.4386541148234285	0.7571710582929521	0.8738233187696692	1.0	1.0	0.576014268720857	1.0	1.0	1.0	0.8555272694979079	0.7954905317341466	0.33577222176458527	0.8072296205448057	1.0	0.3296502394764843	1.0	0.8598874023391745	1.0	0.7062206110832339	1.0	1.0	0.7030021550274491	0.45752164856978805	0.2560685899142292
da	0.8899462261822813	0.7626780958230557	0.7404716233328172	0.8059391503646743	1.0	0.7147671855485017	0.8058551130817297	0.6296227196449103	0.6520654927540147	0.6386267932817754	0.8058551130817297	0.8074061664786492	0.431103362162797	0.7104727808716261	0.7830620566072811	0.8058551130817297	0.8058551130817299	0.5637026883484108	0.8059391503646743	0.8059391503646741	0.8059391503646741	0.7733479862229091	0.7383849675541372	0.3329129909433142	0.7483663077384959	0.8058551130817299	0.32851442397198366	0.8483152019914375	0.775575830624385	0.8058551130817299	0.6748145133220154	0.814613763501471	0.38593063532615945	0.6710822632462834	0.4535816279255271	0.2557655393598816
de	0.8131362044650259	0.7285150663534162	0.714072663536973	0.7591193578375837	0.7147671855485017	1.0	0.7524159503096051	0.6070039493384968	0.6273437616001373	0.6150657736650919	0.7579735640925945	0.7622572692831198	0.4276480171093581	0.6820687621272821	0.7414037332922881	0.7560405834323779	0.7519563105386191	0.5563438304776034	0.7591193578375837	0.7591193578375837	0.7591193578375837	0.7303284350297716	0.707789828889793	0.3324189840660687	0.7150265362974759	0.7542563046206444	0.3289941925381782	0.8056946165588266	0.7334559752085875	0.7579735640925946	0.6410134036737472	0.770006960186278	0.37988258073858655	0.6487492436376695	0.4470993005776176	0.24828658199604337
el	1.0	0.8392651297626471	0.7977282579399355	1.0	0.8058551130817297	0.7524159503096051	1.0	0.6432520362365547	0.6675120323606567	0.6556480824332143	1.0	1.0	0.4329530667559434	0.7513999713609528	0.8737196906444458	1.0	1.0	0.576014268720857	1.0	1.0	1.0	0.8552485051508418	0.7932195684197243	0.3334067627578007	0.8050115152546402	1.0	0.3296502394764843	1.0	0.8582638687080426	1.0	0.6953896987689029	1.0	0.8137822343553781	0.6996485559337485	0.45752164856978805	0.2497283356183825
en	0.7890521973096678	0.6360901249903145	0.6267186528721158	0.6516015176331046	0.6296227196449103	0.6070039493384968	0.6432520362365547	1.0	0.5714076484186232	0.5505492599808444	0.6506376673272906	0.6547217627377858	0.4144487187942781	0.605983340778459	0.6411412026664774	0.6459824492363826	0.632577083273433	0.5176494250277276	0.6516015176331046	0.6516015176331045	0.6516015176331045	0.6401528956764658	0.6198711200341466	0.3216854066103832	0.6252057241891592	0.6459651307286819	0.3233172970613975	0.7182237127143851	0.6407907725088361	0.6506376673272904	0.5774642428004443	0.6655290123194195	0.3343395599155431	0.5927228493938099	0.4396848393322341	0.2466583874291182
es	0.7737611598931744	0.6585972402039935	0.6418951337195627	0.6769736678116922	0.6520654927540147	0.6273437616001373	0.6675120323606567	0.5714076484186232	1.0	0.5819949818509802	0.6747961767144856	0.680410413011219	0.4167870680047321	0.6236799666371232	0.6644438873178518	0.6712494662389645	0.6667557988727584	0.5281239540259013	0.6769736678116922	0.6769736678116922	0.6769736678116922	0.6624319828980829	0.6453902290019993	0.32656410194376595	0.6481308531064979	0.6702201883274667	0.32504426372740713	0.7680060340430012	0.6612882296971208	0.6747961767144857	0.5997425092550862	0.6919950475406611	0.3129636887258853	0.6042704116679013	0.4358797718787478	0.2471109472473684
fr	0.8286399584472998	0.6461638337489712	0.6364365288120971	0.6617756609006541	0.6386267932817754	0.6150657736650919	0.6556480824332143	0.5505492599808444	0.5819949818509802	1.0	0.662194121025505	0.663554813665147	0.417732595331822	0.6137920494940096	0.6527206856832679	0.6579770546530488	0.6449080747296582	0.5258611735308458	0.6617756609006541	0.6617756609006541	0.6617756609006541	0.6498818838504684	0.6328894971173662	0.3260353469789383	0.6366901635814016	0.6572433227604454	0.3257205385506002	0.7347186178723706	0.6510138964285658	0.6621941210255052	0.586049846451455	0.6818311922034542	0.2953774979081824	0.5993723755274488	0.43667643143299345	0.24595384483248733
he	1.0	0.8392651297626471	0.7992608494523611	1.0	0.8058551130817297	0.7579735640925945	1.0	0.6506376673272906	0.6747961767144856	0.662194121025505	1.0	1.0	0.43840841391098595	0.7566371436107631	0.8737196906444458	1.0	1.0	0.576014268720857	1.0	1.0	1.0	0.8555272694979079	0.7955511493059687	0.33484252930487146	0.8062566559967538	1.0	0.3296502394764843	1.0	0.8581845100663799	1.0	0.703914614204771	1.0	0.7455134344225701	0.701635842625017	0.45752164856978805	0.2556268309214524
hi	1.0	0.8398686431187317	0.8033101958607047	1.0	0.8074061664786492	0.7622572692831198	1.0	0.6547217627377858	0.680410413011219	0.663554813665147	1.0	1.0	0.4419276896234001	0.7581668782990841	0.8753306860609011	1.0	1.0	0.5821760159629341	1.0	1.0	1.0	0.8561823254876387	0.7980894709827306	0.33894412765856313	0.8096995017541682	1.0	0.33182683266060814	1.0	0.8615573916579591	1.0	0.7087311889324099	1.0	0.8055567530094857	0.7055882293920274	0.4580796876013213	0.25646834561517595
hu	0.6001943478161451	0.4365366829301098	0.4350984157559566	0.4386541148234285	0.431103362162797	0.4276480171093581	0.4329530667559434	0.4144487187942781	0.4167870680047321	0.417732595331822	0.43840841391098595	0.4419276896234001	1.0	0.42643751199894675	0.43604366753144286	0.43685432927336415	0.43352221760388227	0.4010659488507459	0.4386541148234285	0.4386541148234285	0.4386541148234285	0.4357644109380153	0.4305284064829768	0.2937641206715784	0.43128313297040477	0.43579739740924756	0.2923870101930088	0.49157326377074345	0.436923993222895	0.43840841391098595	0.41973675794565835	0.4592201672105701	0.7106922308883379	0.428276008771021	0.36835321661463427	0.23358922510912628
id	0.8797038171355452	0.726530083715539	0.7127546381935456	0.7571710582929521	0.7104727808716261	0.6820687621272821	0.7513999713609528	0.605983340778459	0.6236799666371232	0.6137920494940096	0.7566371436107631	0.7581668782990841	0.42643751199894675	1.0	0.7378206776139891	0.7535598937405108	0.7486554901777677	0.5533939936800352	0.7571710582929523	0.7571710582929523	0.7571710582929523	0.7345189505918005	0.7033515983687506	0.3310060111878798	0.7155213777322222	0.753195450783601	0.32609899935639963	0.828891562853119	0.7305988529875505	0.7566371436107632	0.6440864624062546	0.7743501123623961	0.3904233599492318	0.649580541776157	0.45035443374328166	0.2491313529796813
it	0.9183819534172675	0.808208462272284	0.775912358129435	0.8738233187696692	0.7830620566072811	0.7414037332922881	0.8737196906444458	0.6411412026664774	0.6644438873178518	0.6527206856832679	0.8737196906444458	0.8753306860609011	0.43604366753144286	0.7378206776139891	1.0	0.8737093278057586	0.8737093278057588	0.5715527757042318	0.873823318769669	0.873823318769669	0.873823318769669	0.8215327142138545	0.7735528729899228	0.33511462966269767	0.7848612670779699	0.873719690644446	0.32928522573893676	0.9295699886089464	0.8223008388698893	0.873719690644446	0.6929753848848279	0.8844339431816077	0.28296300980382055	0.6882520156649887	0.4560007684695833	0.25519862170923047
ja	1.0	0.8392651297626471	0.7977282579399355	1.0	0.8058551130817297	0.7560405834323779	1.0	0.6459824492363826	0.6712494662389645	0.6579770546530488	1.0	1.0	0.43685432927336415	0.7535598937405108	0.8737093278057586	1.0	1.0	0.5760142687208569	1.0	1.0	1.0	0.8552485051508418	0.7932195684197243	0.33340676275780073	0.805180962924277	1.0	0.3296502394764843	1.0	0.8582638687080426	1.0	0.6989205764470546	1.0	0.6031096165878671	0.6996485559337486	0.45752164856978805	0.24849619442361823
ko	1.0	0.8392651297626471	0.7977282579399354	1.0	0.8058551130817299	0.7519563105386191	1.0	0.632577083273433	0.6667557988727584	0.6449080747296582	1.0	1.0	0.43352221760388227	0.7486554901777677	0.8737093278057588	1.0	1.0	0.5760142687208569	1.0	1.0	1.0	0.8552485051508418	0.7932195684197243	0.33233464661779044	0.8050115152546403	1.0	0.3296502394764843	1.0	0.8582638687080428	1.0	0.6895893920014328	1.0	0.5895598144787592	0.6996485559337486	0.45752164856978805	0.24984964887842956
lv	0.6044903171440008	0.5687756548073948	0.5688276503552651	0.576014268720857	0.5637026883484108	0.5563438304776034	0.576014268720857	0.5176494250277276	0.5281239540259013	0.5258611735308458	0.576014268720857	0.5821760159629341	0.4010659488507459	0.5533939936800352	0.5715527757042318	0.5760142687208569	0.5760142687208569	1.0	0.5760142687208569	0.5760142687208569	0.576014268720857	0.5688001635465484	0.563232570713388	0.325269631315131	0.5646371149190965	0.5760142687208569	0.31658479356453706	0.652529098829837	0.5700482441756787	0.5760142687208569	0.5405308838899495	0.6007805734990397	0.6690530468768288	0.541758733691107	0.42252740011906037	0.2502224059756412
mk	1.0	0.8392651297626471	0.7995638996824411	1.0	0.8059391503646743	0.7591193578375837	1.0	0.6516015176331046	0.6769736678116922	0.6617756609006541	1.0	1.0	0.4386541148234285	0.7571710582929523	0.873823318769669	1.0	1.0	0.5760142687208569	1.0	1.0	1.0	0.8555272694979079	0.7954905317341466	0.33577222176458527	0.8072296205448057	1.0	0.3296502394764843	1.0	0.8598874023391745	1.0	0.7062206110832338	1.0	0.7510341748895939	0.7030021550274491	0.45752164856978805	0.2560685899142292
ml	1.0	0.8392651297626471	0.7995638996824409	1.0	0.8059391503646741	0.7591193578375837	1.0	0.6516015176331045	0.6769736678116922	0.6617756609006541	1.0	1.0	0.4386541148234285	0.7571710582929523	0.873823318769669	1.0	1.0	0.5760142687208569	1.0	1.0	1.0	0.8555272694979077	0.7954905317341466	0.33577222176458527	0.8072296205448054	1.0	0.3296502394764843	1.0	0.8598874023391745	1.0	0.7062206110832336	1.0	0.5537523666037566	0.7030021550274491	0.45752164856978805	0.2560685899142292
mr	1.0	0.8392651297626471	0.7995638996824409	1.0	0.8059391503646741	0.7591193578375837	1.0	0.6516015176331045	0.6769736678116922	0.6617756609006541	1.0	1.0	0.4386541148234285	0.7571710582929523	0.873823318769669	1.0	1.0	0.576014268720857	1.0	1.0	1.0	0.8555272694979077	0.7954905317341466	0.33577222176458527	0.8072296205448054	1.0	0.3296502394764843	1.0	0.8598874023391745	1.0	0.7062206110832336	1.0	1.0	0.7030021550274491	0.45752164856978805	0.2560685899142292
nl	0.9279998786698918	0.7943742638164251	0.7697087136128127	0.8555272694979079	0.7733479862229091	0.7303284350297716	0.8552485051508418	0.6401528956764658	0.6624319828980829	0.6498818838504684	0.8555272694979079	0.8561823254876387	0.4357644109380153	0.7345189505918005	0.8215327142138545	0.8552485051508418	0.8552485051508418	0.5688001635465484	0.8555272694979079	0.8555272694979077	0.8555272694979077	1.0	0.7647069878007223	0.3344134445321123	0.7710794450716416	0.8552485051508418	0.3297642799202008	0.8886784002314285	0.8103189857762388	0.8555272694979079	0.6904836887017224	0.8614938504256893	0.3383589681522886	0.6888341187805355	0.45539624933483724	0.25107577323555647
pl	0.8735354325728295	0.7559084366041615	0.7337344145553027	0.7954905317341466	0.7383849675541372	0.707789828889793	0.7932195684197243	0.6198711200341466	0.6453902290019993	0.6328894971173662	0.7955511493059687	0.7980894709827306	0.4305284064829768	0.7033515983687506	0.7735528729899228	0.7932195684197243	0.7932195684197243	0.563232570713388	0.7954905317341466	0.7954905317341466	0.7954905317341466	0.7647069878007223	1.0	0.33115069295199356	0.7394734727550016	0.7932195684197243	0.3273677699527949	0.8258921471314888	0.7673014404164139	0.7955511493059687	0.6644004385677302	0.8079101739378752	0.4457621666594775	0.6667613834811892	0.45391283990201786	0.24940729523363903
pt	0.3144922729988782	0.33476886386516624	0.3355389688878411	0.33577222176458527	0.3329129909433142	0.3324189840660687	0.3334067627578007	0.3216854066103832	0.32656410194376595	0.3260353469789383	0.33484252930487146	0.33894412765856313	0.2937641206715784	0.3310060111878798	0.33511462966269767	0.33340676275780073	0.33233464661779044	0.325269631315131	0.33577222176458527	0.33577222176458527	0.33577222176458527	0.3344134445321123	0.33115069295199356	1.0	0.33266513383203955	0.33340676275780073	0.2587766023754631	0.35361449320193916	0.3342335587490906	0.33484252930487146	0.3275978299280812	0.3418480133323102	0.4335878343624847	0.32831319548380045	0.30894102280242053	0.21740175313732402
ro	0.9192169172855166	0.768025162603731	0.7381338184161222	0.8072296205448057	0.7483663077384959	0.7150265362974759	0.8050115152546402	0.6252057241891592	0.6481308531064979	0.6366901635814016	0.8062566559967538	0.8096995017541682	0.43128313297040477	0.7155213777322222	0.7848612670779699	0.805180962924277	0.8050115152546403	0.5646371149190965	0.8072296205448057	0.8072296205448054	0.8072296205448054	0.7710794450716416	0.7394734727550016	0.33266513383203955	1.0	0.8050115152546403	0.3277327868294515	0.8813038358520372	0.7720349037174853	0.8062566559967538	0.671752586220635	0.8225433221400641	0.7397768966042049	0.6708138907367184	0.45302008029664276	0.25012049954068744
ru	1.0	0.8392651297626471	0.7977282579399354	1.0	0.8058551130817299	0.7542563046206444	1.0	0.6459651307286819	0.6702201883274667	0.6572433227604454	1.0	1.0	0.43579739740924756	0.753195450783601	0.873719690644446	1.0	1.0	0.5760142687208569	1.0	1.0	1.0	0.8552485051508418	0.7932195684197243	0.33340676275780073	0.8050115152546403	1.0	0.3296502394764843	1.0	0.8582638687080428	1.0	0.6973113234285245	1.0	0.45556863041177215	0.6996485559337486	0.45752164856978805	0.2497283356183825
sh	0.32254058972816435	0.3298419191644998	0.3301259146697958	0.3296502394764843	0.32851442397198366	0.3289941925381782	0.3296502394764843	0.3233172970613975	0.32504426372740713	0.3257205385506002	0.3296502394764843	0.33182683266060814	0.2923870101930088	0.32609899935639963	0.32928522573893676	0.3296502394764843	0.3296502394764843	0.31658479356453706	0.3296502394764843	0.3296502394764843	0.3296502394764843	0.3297642799202008	0.3273677699527949	0.2587766023754631	0.3277327868294515	0.3296502394764843	1.0	0.36923819993272844	0.32805425262395965	0.3296502394764843	0.32487329868812975	0.350954682102399	0.5256263057075412	0.3241915589167175	0.297846403439818	0.22122332960744068
si	1.0	0.8954371232688867	0.8582172303594822	1.0	0.8483152019914375	0.8056946165588266	1.0	0.7182237127143851	0.7680060340430012	0.7347186178723706	1.0	1.0	0.49157326377074345	0.828891562853119	0.9295699886089464	1.0	1.0	0.652529098829837	1.0	1.0	1.0	0.8886784002314285	0.8258921471314888	0.35361449320193916	0.8813038358520372	1.0	0.36923819993272844	1.0	0.8794651732065564	1.0	0.767067266548113	1.0	1.0	0.7773769937518553	1.0	0.2819870119706682
simple	0.9317773997816335	0.7997320083156504	0.7722743821917643	0.8598874023391745	0.775575830624385	0.7334559752085875	0.8582638687080426	0.6407907725088361	0.6612882296971208	0.6510138964285658	0.8581845100663799	0.8615573916579591	0.436923993222895	0.7305988529875505	0.8223008388698893	0.8582638687080426	0.8582638687080428	0.5700482441756787	0.8598874023391745	0.8598874023391745	0.8598874023391745	0.8103189857762388	0.7673014404164139	0.3342335587490906	0.7720349037174853	0.8582638687080428	0.32805425262395965	0.8794651732065564	1.0	0.8581845100663799	0.6911656372050509	0.8656224837546176	0.4833501173282536	0.6856056168310977	0.45671072990596423	0.25576643241602076
sr	1.0	0.8392651297626471	0.7992608494523612	1.0	0.8058551130817299	0.7579735640925946	1.0	0.6506376673272904	0.6747961767144857	0.6621941210255052	1.0	1.0	0.43840841391098595	0.7566371436107632	0.873719690644446	1.0	1.0	0.5760142687208569	1.0	1.0	1.0	0.8555272694979079	0.7955511493059687	0.33484252930487146	0.8062566559967538	1.0	0.3296502394764843	1.0	0.8581845100663799	1.0	0.703914614204771	1.0	0.6119059359420476	0.701635842625017	0.45752164856978805	0.2556268309214524
sv	0.8269328558437565	0.6849216349349477	0.6736986040932751	0.7062206110832339	0.6748145133220154	0.6410134036737472	0.6953896987689029	0.5774642428004443	0.5997425092550862	0.586049846451455	0.703914614204771	0.7087311889324099	0.41973675794565835	0.6440864624062546	0.6929753848848279	0.6989205764470546	0.6895893920014328	0.5405308838899495	0.7062206110832338	0.7062206110832336	0.7062206110832336	0.6904836887017224	0.6644004385677302	0.3275978299280812	0.671752586220635	0.6973113234285245	0.32487329868812975	0.767067266548113	0.6911656372050509	0.703914614204771	1.0	0.717739551106102	0.5848232470287384	0.6181719099563887	0.4407619512749276	0.24856939766110267
te	1.0	0.8500171103961456	0.8169609497874278	1.0	0.814613763501471	0.770006960186278	1.0	0.6655290123194195	0.6919950475406611	0.6818311922034542	1.0	1.0	0.4592201672105701	0.7743501123623961	0.8844339431816077	1.0	1.0	0.6007805734990397	1.0	1.0	1.0	0.8614938504256893	0.8079101739378752	0.3418480133323102	0.8225433221400641	1.0	0.350954682102399	1.0	0.8656224837546176	1.0	0.717739551106102	1.0	0.710692230888338	0.7223101964959534	0.5726157271932594	0.26264819316091775
tr	1.0	0.4076071500160095	-1.0	1.0	0.38593063532615945	0.37988258073858655	0.8137822343553781	0.3343395599155431	0.3129636887258853	0.2953774979081824	0.7455134344225701	0.8055567530094857	0.7106922308883379	0.3904233599492318	0.28296300980382055	0.6031096165878671	0.5895598144787592	0.6690530468768288	0.7510341748895939	0.5537523666037566	1.0	0.3383589681522886	0.4457621666594775	0.4335878343624847	0.7397768966042049	0.45556863041177215	0.5256263057075412	1.0	0.4833501173282536	0.6119059359420476	0.5848232470287384	0.710692230888338	1.0	0.535032647837852	0.8216064286890065	0.5155808571118686
vi	0.8007535675242317	0.6855628553103966	0.6679246970287751	0.7030021550274491	0.6710822632462834	0.6487492436376695	0.6996485559337485	0.5927228493938099	0.6042704116679013	0.5993723755274488	0.701635842625017	0.7055882293920274	0.428276008771021	0.649580541776157	0.6882520156649887	0.6996485559337486	0.6996485559337486	0.541758733691107	0.7030021550274491	0.7030021550274491	0.7030021550274491	0.6888341187805355	0.6667613834811892	0.32831319548380045	0.6708138907367184	0.6996485559337486	0.3241915589167175	0.7773769937518553	0.6856056168310977	0.701635842625017	0.6181719099563887	0.7223101964959534	0.535032647837852	1.0	0.44567423473296075	0.24734678129250418
war	1.0	0.45638268183777075	0.45407834086968596	0.45752164856978805	0.4535816279255271	0.4470993005776176	0.45752164856978805	0.4396848393322341	0.4358797718787478	0.43667643143299345	0.45752164856978805	0.4580796876013213	0.36835321661463427	0.45035443374328166	0.4560007684695833	0.45752164856978805	0.45752164856978805	0.42252740011906037	0.45752164856978805	0.45752164856978805	0.45752164856978805	0.45539624933483724	0.45391283990201786	0.30894102280242053	0.45302008029664276	0.45752164856978805	0.297846403439818	1.0	0.45671072990596423	0.45752164856978805	0.4407619512749276	0.5726157271932594	0.8216064286890065	0.44567423473296075	1.0	0.2427714954294979
zh	0.5332833930630667	0.255535408339839	0.2516808377118778	0.2560685899142292	0.2557655393598816	0.24828658199604337	0.2497283356183825	0.2466583874291182	0.2471109472473684	0.24595384483248733	0.2556268309214524	0.25646834561517595	0.23358922510912628	0.2491313529796813	0.25519862170923047	0.24849619442361823	0.24984964887842956	0.2502224059756412	0.2560685899142292	0.2560685899142292	0.2560685899142292	0.25107577323555647	0.24940729523363903	0.21740175313732402	0.25012049954068744	0.2497283356183825	0.22122332960744068	0.2819870119706682	0.25576643241602076	0.2556268309214524	0.24856939766110267	0.26264819316091775	0.5155808571118686	0.24734678129250418	0.2427714954294979	1.0
