arz	bs	ceb	ckb	da	de	el	en	es	fr	he	hi	hu	id	it	ja	ko	lv	mk	ml	mr	nl	pl	pt	ro	ru	sh	si	simple	sr	sv	te	tr	vi	war	zh
arz	0.5	0.5	0.0	0.5	0.5	0.5	0.5	0.5	0.5	0.5	0.5	0.5	0.5	0.5	0.5	0.5	0.5	0.5	0.5	0.5	0.5	0.5	0.5	0.5	0.5	0.5	0.5	1.0	0.5	0.5	0.5	0.5	0.5	0.5	0.5	0.5
bs	0.5	0.0012877041236305624	1.0	1.0	0.2	0.0026687447123565867	0.012701954638558999	0.0042115895431569	0.006451862684703433	0.0017164783464852995	0.07692307692307693	1.0	0.013927766868801147	0.020023225624827626	0.013891975887345679	0.015385325443786983	0.013181656239402255	1.0	0.0011918951132300357	1.0	0.3333333333333333	0.0011857583036461083	0.0012288061473446875	0.0012332448287419744	0.009001801080898191	0.0012184527291900832	0.0013898117088279275	0.3333333333333333	0.25	0.0011635727292285704	0.014927823791490309	0.5	0.14285714285714285	0.0077002450385301275	0.25	0.00209287775960683
ceb	0.0	1.0	0.3333333333333333	0.0	1.0	0.5	0.0	0.3333333333333333	0.5	1.0	0.5	0.5	1.0	0.5	0.5	0.5	0.5	1.0	1.0	1.0	0.0	1.0	1.0	0.5	0.5	0.5	1.0	0.5	1.0	1.0	1.0	0.0	-1.0	0.5	1.0	0.5
ckb	0.5	1.0	0.0	1.0	0.0	1.0	1.0	1.0	0.0	1.0	0.0	0.0	0.0	0.0	0.0	1.0	0.0	0.0	1.0	0.0	0.3333333333333333	1.0	1.0	1.0	0.0	1.0	1.0	0.3333333333333333	0.0	1.0	1.0	0.5	0.125	0.0	0.25	1.0
da	0.5	0.2	1.0	0.0	0.2	0.25	0.5	0.25	0.25	0.25	0.3333333333333333	1.0	0.3333333333333333	0.5	0.25	0.25	0.25	1.0	0.3333333333333333	1.0	0.3333333333333333	0.25	0.25	0.25	0.3333333333333333	0.25	0.3333333333333333	0.3333333333333333	0.5	0.25	0.3333333333333333	0.5	0.16666666666666666	0.25	0.25	0.25
de	0.5	0.0026687447123565867	0.5	1.0	0.25	0.0025894526609595643	0.013340449068978489	0.004743765868269811	0.006802859919477994	0.0038645700151778463	0.05555555555555555	1.0	0.014709776384948312	0.02083767534852474	0.013158414127423823	0.013513878743608472	0.013159972645429362	1.0	0.002702702702702703	1.0	0.3333333333333333	0.0026966097530387386	0.0026386059690478346	0.002624692582718499	0.00918577293192823	0.002824922595678126	0.0035345056250921094	0.3333333333333333	0.25	0.0026741185550058625	0.01449317370300357	0.5	0.07142857142857142	0.008065752081165452	0.25	0.0042920112914218355
el	0.5	0.012701954638558999	0.0	1.0	0.5	0.013340449068978489	0.013057692000062572	0.013604509058341086	0.015154730257575987	0.01359360930284599	0.2	1.0	0.021870825494915723	0.028663149503349698	0.035720663265306124	0.02564431295200526	0.02231246318657593	1.0	0.012658227848101266	1.0	0.3333333333333333	0.01284241097429255	0.0126595096939593	0.012821170611604371	0.018109668628755533	0.014706314878892733	0.014100793516594361	0.3333333333333333	1.0	0.012664800193238582	0.028579593469387755	0.5	0.125	0.017876298498443924	0.25	0.013890624999999997
en	0.5	0.0042115895431569	0.3333333333333333	1.0	0.25	0.004743765868269811	0.013604509058341086	0.0041471892650039085	0.006623525371694224	0.004698147069995656	0.05	1.0	0.01377807411663887	0.01966142677233709	0.012661112161512578	0.013158933691135733	0.012548940585696958	1.0	0.00425531914893617	1.0	0.3333333333333333	0.004197376522694618	0.003968820893187846	0.004016402977371333	0.008919566403950498	0.004386619132867806	0.004726500727736356	0.3333333333333333	0.25	0.004205302576267708	0.015876795918367347	0.5	0.05555555555555555	0.007647832752088043	0.25	0.004927637506369967
es	0.5	0.006451862684703433	0.5	0.0	0.25	0.006802859919477994	0.015154730257575987	0.006623525371694224	0.006139300954346909	0.006494139062236464	0.07692307692307693	1.0	0.01408569728228526	0.0200012	0.016666666666666666	0.015873015873015872	0.012988193624557262	1.0	0.006493506493506494	1.0	0.3333333333333333	0.006410461867192636	0.006172839506172839	0.006289308176100629	0.009177258732514099	0.007246429321571099	0.007092450077963885	0.3333333333333333	0.25	0.006535990431030801	0.019230769230769232	0.5	0.07142857142857142	0.008621358650416171	0.25	0.006756802410518627
fr	0.5	0.0017164783464852995	1.0	1.0	0.25	0.0038645700151778463	0.01359360930284599	0.004698147069995656	0.006494139062236464	0.001885795594624467	0.07142857142857142	1.0	0.013951481996730235	0.020052537157344914	0.01370125727153312	0.014287551428571427	0.012540288248159767	1.0	0.0017301038062283738	1.0	0.3333333333333333	0.0016999829326129422	0.0016783029255889456	0.0016838758516789676	0.008977780037369966	0.0017429133201053249	0.0017321869467374522	0.3333333333333333	0.25	0.0017012502907193894	0.01492982980663845	0.5	0.06666666666666667	0.008141994733452541	0.25	0.0020846883425480424
he	0.5	0.07692307692307693	0.5	0.0	0.3333333333333333	0.05555555555555555	0.2	0.05	0.07692307692307693	0.07142857142857142	0.050004999999999994	1.0	0.25	0.5	0.06250390624999999	0.08333333333333333	0.1111111111111111	1.0	0.07692307692307693	1.0	0.3333333333333333	0.07692307692307693	0.05	0.05263157894736842	0.14285714285714285	0.05	0.1111111111111111	0.3333333333333333	0.5	0.07692307692307693	0.16666666666666666	0.5	0.1	0.14285714285714285	0.25	0.07142857142857142
hi	0.5	1.0	0.5	0.0	1.0	1.0	1.0	1.0	1.0	1.0	1.0	1.0	1.0	1.0	1.0	1.0	1.0	1.0	1.0	1.0	0.3333333333333333	1.0	1.0	1.0	1.0	1.0	0.0	0.3333333333333333	1.0	1.0	1.0	0.5	0.125	1.0	0.25	1.0
hu	0.5	0.013927766868801147	1.0	0.0	0.3333333333333333	0.014709776384948312	0.021870825494915723	0.01377807411663887	0.01408569728228526	0.013951481996730235	0.25	1.0	0.013856924921018575	0.022801893322655867	0.029418685121107263	0.02325743645213629	0.01522694224041468	1.0	0.014084507042253521	1.0	0.3333333333333333	0.013718926678073508	0.013699756051792081	0.0140851023608413	0.01430409502974287	0.015874023683547494	0.014937409895524395	0.3333333333333333	0.5	0.014088675263638167	0.02778240740740741	0.5	0.125	0.014727759567335979	0.25	0.0135162534696859
id	0.5	0.020023225624827626	0.5	0.0	0.5	0.02083767534852474	0.028663149503349698	0.01966142677233709	0.0200012	0.020052537157344914	0.5	1.0	0.022801893322655867	0.019860581215726626	0.043482041587901706	0.02631786703601108	0.022277179127358507	1.0	0.02	1.0	0.3333333333333333	0.020016411608005602	0.019608227604767395	0.02	0.02189860916871443	0.022728305785123963	0.020843754342015193	0.3333333333333333	0.3333333333333333	0.0200032008	0.03030762167125803	0.5	0.1111111111111111	0.021756630923461272	0.25	0.0200008
it	0.5	0.013891975887345679	0.5	0.0	0.25	0.013158414127423823	0.035720663265306124	0.012661112161512578	0.016666666666666666	0.01370125727153312	0.06250390624999999	1.0	0.029418685121107263	0.043482041587901706	0.011378505837718544	0.021739130434782608	0.027778549382716046	1.0	0.014084507042253521	1.0	0.3333333333333333	0.01351460938641344	0.011904761904761904	0.012345679012345678	0.02439917013682332	0.0125	0.016667777777777778	0.3333333333333333	0.25	0.014085102162269388	0.028572244897959183	0.5	0.06666666666666667	0.023810657596371878	0.25	0.01428591836734694
ja	0.5	0.015385325443786983	0.5	1.0	0.25	0.013513878743608472	0.02564431295200526	0.013158933691135733	0.015873015873015872	0.014287551428571427	0.08333333333333333	1.0	0.02325743645213629	0.02631786703601108	0.021739130434782608	0.013166556791208971	0.021277954277953825	1.0	0.015625	1.0	0.3333333333333333	0.01562548828125	0.013157894736842105	0.013333333333333334	0.02083724001736111	0.013513513513513514	0.017857142857142856	0.3333333333333333	0.5	0.015625244140625	0.022222222222222223	0.5	0.06666666666666667	0.021277501131733816	0.25	0.014492753623188406
ko	0.5	0.013181656239402255	0.5	0.0	0.25	0.013159972645429362	0.02231246318657593	0.012548940585696958	0.012988193624557262	0.012540288248159767	0.1111111111111111	1.0	0.01522694224041468	0.022277179127358507	0.027778549382716046	0.021277954277953825	0.012574973305917152	1.0	0.013333333333333334	1.0	0.3333333333333333	0.013172107185446183	0.012658548309565774	0.01250015625	0.014034888232413098	0.015152433425160696	0.013708581726404767	0.3333333333333333	0.5	0.013336178133333331	0.02778009336419753	0.5	0.07692307692307693	0.013904918040154946	0.25	0.012501249999999998
lv	0.5	1.0	1.0	0.0	1.0	1.0	1.0	1.0	1.0	1.0	1.0	1.0	1.0	1.0	1.0	1.0	1.0	1.0	1.0	1.0	0.3333333333333333	1.0	1.0	1.0	1.0	1.0	0.0	0.3333333333333333	1.0	1.0	1.0	0.5	0.14285714285714285	1.0	0.25	1.0
mk	0.5	0.0011918951132300357	1.0	1.0	0.3333333333333333	0.002702702702702703	0.012658227848101266	0.00425531914893617	0.006493506493506494	0.0017301038062283738	0.07692307692307693	1.0	0.014084507042253521	0.02	0.014084507042253521	0.015625	0.013333333333333334	1.0	0.0011904761904761906	1.0	0.3333333333333333	0.001199040767386091	0.0012515644555694619	0.0012531328320802004	0.008928571428571428	0.0012406947890818859	0.001430615164520744	0.3333333333333333	0.25	0.0011947431302270011	0.015151515151515152	0.5	0.125	0.0078125	0.25	0.002145922746781116
ml	0.5	1.0	1.0	0.0	1.0	1.0	1.0	1.0	1.0	1.0	1.0	1.0	1.0	1.0	1.0	1.0	1.0	1.0	1.0	1.0	0.3333333333333333	1.0	1.0	1.0	1.0	1.0	0.0	0.3333333333333333	1.0	1.0	1.0	0.5	0.2	1.0	0.25	1.0
mr	0.5	0.3333333333333333	0.0	0.3333333333333333	0.3333333333333333	0.3333333333333333	0.3333333333333333	0.3333333333333333	0.3333333333333333	0.3333333333333333	0.3333333333333333	0.3333333333333333	0.3333333333333333	0.3333333333333333	0.3333333333333333	0.3333333333333333	0.3333333333333333	0.3333333333333333	0.3333333333333333	0.3333333333333333	0.3333333333333333	0.3333333333333333	0.3333333333333333	0.3333333333333333	0.3333333333333333	0.3333333333333333	0.3333333333333333	1.0	0.3333333333333333	0.3333333333333333	0.3333333333333333	0.5	0.3333333333333333	0.3333333333333333	0.3333333333333333	0.3333333333333333
nl	0.5	0.0011857583036461083	1.0	1.0	0.25	0.0026966097530387386	0.01284241097429255	0.004197376522694618	0.006410461867192636	0.0016999829326129422	0.07692307692307693	1.0	0.013718926678073508	0.020016411608005602	0.01351460938641344	0.01562548828125	0.013172107185446183	1.0	0.001199040767386091	1.0	0.3333333333333333	0.0012446000333721401	0.001230183285450603	0.0012331581400016106	0.008968369342409065	0.0012153488762684096	0.0014151618233470649	0.3333333333333333	0.25	0.0011845548639946358	0.01470674740484429	0.5	0.07142857142857142	0.007757049399197226	0.25	0.002088205830749526
pl	0.5	0.0012288061473446875	1.0	1.0	0.25	0.0026386059690478346	0.0126595096939593	0.003968820893187846	0.006172839506172839	0.0016783029255889456	0.05	1.0	0.013699756051792081	0.019608227604767395	0.011904761904761904	0.013157894736842105	0.012658548309565774	1.0	0.0012515644555694619	1.0	0.3333333333333333	0.001230183285450603	0.0012088666373382575	0.0012239947025344238	0.008773854186134425	0.0012484441264898278	0.0014793862391022717	0.3333333333333333	0.25	0.001234609053497942	0.014492753623188406	0.5	0.09090909090909091	0.007633762601247013	0.25	0.0020661327778157225
pt	0.5	0.0012332448287419744	0.5	1.0	0.25	0.002624692582718499	0.012821170611604371	0.004016402977371333	0.006289308176100629	0.0016838758516789676	0.05263157894736842	1.0	0.0140851023608413	0.02	0.012345679012345678	0.013333333333333334	0.01250015625	1.0	0.0012531328320802004	1.0	0.3333333333333333	0.0012331581400016106	0.0012239947025344238	0.0012168144422714715	0.008850262667554388	0.0012594537748478831	0.0014815517168724275	0.3333333333333333	0.25	0.0012391773346293042	0.014492753623188406	0.5	0.0625	0.007692307692307693	0.25	0.002074701709681307
ro	0.5	0.009001801080898191	0.5	0.0	0.3333333333333333	0.00918577293192823	0.018109668628755533	0.008919566403950498	0.009177258732514099	0.008977780037369966	0.14285714285714285	1.0	0.01430409502974287	0.02189860916871443	0.02439917013682332	0.02083724001736111	0.014034888232413098	1.0	0.008928571428571428	1.0	0.3333333333333333	0.008968369342409065	0.008773854186134425	0.008850262667554388	0.009459023873946142	0.010991305881173892	0.009283674740313405	0.3333333333333333	0.3333333333333333	0.00893790881467126	0.024403935759074954	0.5	0.1	0.00947615279946546	0.25	0.00877562503924315
ru	0.5	0.0012184527291900832	0.5	1.0	0.25	0.002824922595678126	0.014706314878892733	0.004386619132867806	0.007246429321571099	0.0017429133201053249	0.05	1.0	0.015874023683547494	0.022728305785123963	0.0125	0.013513513513513514	0.015152433425160696	1.0	0.0012406947890818859	1.0	0.3333333333333333	0.0012153488762684096	0.0012484441264898278	0.0012594537748478831	0.010991305881173892	0.0011997096412388675	0.0014707331358131484	0.3333333333333333	0.25	0.0012240366507912483	0.014492753623188406	0.5	0.06666666666666667	0.009345881736396193	0.25	0.0021645068495717845
sh	0.5	0.0013898117088279275	1.0	1.0	0.3333333333333333	0.0035345056250921094	0.014100793516594361	0.004726500727736356	0.007092450077963885	0.0017321869467374522	0.1111111111111111	0.0	0.014937409895524395	0.020843754342015193	0.016667777777777778	0.017857142857142856	0.013708581726404767	0.0	0.001430615164520744	0.0	0.3333333333333333	0.0014151618233470649	0.0014793862391022717	0.0014815517168724275	0.009283674740313405	0.0014707331358131484	0.0014244720704019366	0.3333333333333333	0.5	0.0013895682080999807	0.016667222222222222	0.5	0.125	0.008335278542292152	0.25	0.002137026111298305
si	1.0	0.3333333333333333	0.5	0.3333333333333333	0.3333333333333333	0.3333333333333333	0.3333333333333333	0.3333333333333333	0.3333333333333333	0.3333333333333333	0.3333333333333333	0.3333333333333333	0.3333333333333333	0.3333333333333333	0.3333333333333333	0.3333333333333333	0.3333333333333333	0.3333333333333333	0.3333333333333333	0.3333333333333333	1.0	0.3333333333333333	0.3333333333333333	0.3333333333333333	0.3333333333333333	0.3333333333333333	0.3333333333333333	0.3333333333333333	0.3333333333333333	0.3333333333333333	0.3333333333333333	1.0	0.3333333333333333	0.3333333333333333	0.5	0.3333333333333333
simple	0.5	0.25	1.0	0.0	0.5	0.25	1.0	0.25	0.25	0.25	0.5	1.0	0.5	0.3333333333333333	0.25	0.5	0.5	1.0	0.25	1.0	0.3333333333333333	0.25	0.25	0.25	0.3333333333333333	0.25	0.5	0.3333333333333333	0.25	0.25	0.3333333333333333	0.5	0.1111111111111111	0.3333333333333333	0.25	0.25
sr	0.5	0.0011635727292285704	1.0	1.0	0.25	0.0026741185550058625	0.012664800193238582	0.004205302576267708	0.006535990431030801	0.0017012502907193894	0.07692307692307693	1.0	0.014088675263638167	0.0200032008	0.014085102162269388	0.015625244140625	0.013336178133333331	1.0	0.0011947431302270011	1.0	0.3333333333333333	0.0011845548639946358	0.001234609053497942	0.0012391773346293042	0.00893790881467126	0.0012240366507912483	0.0013895682080999807	0.3333333333333333	0.25	0.0011775485134043469	0.015151974288337923	0.5	0.1	0.007752719247641368	0.25	0.002105373970083102
sv	0.5	0.014927823791490309	1.0	1.0	0.3333333333333333	0.01449317370300357	0.028579593469387755	0.015876795918367347	0.019230769230769232	0.01492982980663845	0.16666666666666666	1.0	0.02778240740740741	0.03030762167125803	0.028572244897959183	0.022222222222222223	0.02778009336419753	1.0	0.015151515151515152	1.0	0.3333333333333333	0.01470674740484429	0.014492753623188406	0.014492753623188406	0.024403935759074954	0.014492753623188406	0.016667222222222222	0.3333333333333333	0.3333333333333333	0.015151974288337923	0.014303694513290229	0.5	0.07692307692307693	0.024391433670434264	0.25	0.015873015873015872
te	0.5	0.5	0.0	0.5	0.5	0.5	0.5	0.5	0.5	0.5	0.5	0.5	0.5	0.5	0.5	0.5	0.5	0.5	0.5	0.5	0.5	0.5	0.5	0.5	0.5	0.5	0.5	1.0	0.5	0.5	0.5	0.5	0.5	0.5	0.5	0.5
tr	0.5	0.14285714285714285	-1.0	0.125	0.16666666666666666	0.07142857142857142	0.125	0.05555555555555555	0.07142857142857142	0.06666666666666667	0.1	0.125	0.125	0.1111111111111111	0.06666666666666667	0.06666666666666667	0.07692307692307693	0.14285714285714285	0.125	0.2	0.3333333333333333	0.07142857142857142	0.09090909090909091	0.0625	0.1	0.06666666666666667	0.125	0.3333333333333333	0.1111111111111111	0.1	0.07692307692307693	0.5	0.05557408024691358	0.1111111111111111	0.25	0.0625
vi	0.5	0.0077002450385301275	0.5	0.0	0.25	0.008065752081165452	0.017876298498443924	0.007647832752088043	0.008621358650416171	0.008141994733452541	0.14285714285714285	1.0	0.014727759567335979	0.021756630923461272	0.023810657596371878	0.021277501131733816	0.013904918040154946	1.0	0.0078125	1.0	0.3333333333333333	0.007757049399197226	0.007633762601247013	0.007692307692307693	0.00947615279946546	0.009345881736396193	0.008335278542292152	0.3333333333333333	0.3333333333333333	0.007752719247641368	0.024391433670434264	0.5	0.1111111111111111	0.007696977536413555	0.25	0.008130477890144755
war	0.5	0.25	1.0	0.25	0.25	0.25	0.25	0.25	0.25	0.25	0.25	0.25	0.25	0.25	0.25	0.25	0.25	0.25	0.25	0.25	0.3333333333333333	0.25	0.25	0.25	0.25	0.25	0.25	0.5	0.25	0.25	0.25	0.5	0.25	0.25	0.25006249999999997	0.25
zh	0.5	0.00209287775960683	0.5	1.0	0.25	0.0042920112914218355	0.013890624999999997	0.004927637506369967	0.006756802410518627	0.0020846883425480424	0.07142857142857142	1.0	0.0135162534696859	0.0200008	0.01428591836734694	0.014492753623188406	0.012501249999999998	1.0	0.002145922746781116	1.0	0.3333333333333333	0.002088205830749526	0.0020661327778157225	0.002074701709681307	0.00877562503924315	0.0021645068495717845	0.002137026111298305	0.3333333333333333	0.25	0.002105373970083102	0.015873015873015872	0.5	0.0625	0.008130477890144755	0.25	0.0020558408298369264
