arz	bs	ceb	ckb	da	de	el	en	es	fr	he	hi	hu	id	it	ja	ko	lv	mk	ml	mr	nl	pl	pt	ro	ru	sh	si	simple	sr	sv	te	tr	vi	war	zh
arz	1.0	1.0	0.0	1.0	1.0	1.0	1.0	1.0	1.0	1.0	1.0	1.0	1.0	1.0	1.0	1.0	1.0	1.0	1.0	1.0	1.0	1.0	1.0	1.0	1.0	1.0	1.0	1.0	1.0	1.0	1.0	1.0	1.0	1.0	1.0	1.0
bs	1.0	1.0	1.0	1.0	0.585786437626905	0.027936298732560032	0.07271847292409618	0.02752270326845129	0.009041739277168625	0.011292217487133169	0.14700913454621645	1.0	0.10634109343789226	0.12750684085304306	0.01933889706866495	0.020664556982164278	0.10517988893013419	1.0	0.0016358401179149217	1.0	1.0	0.015843418536896886	0.0028784863082977445	0.001926649035470215	0.05281344945755916	0.004146056891367091	0.009951041112746301	1.0	1.0	0.010078465683299394	0.020932130715050384	1.0	0.39564392373896007	0.04994421577916654	0.585786437626905	0.00831003968445399
ceb	0.0	1.0	1.0	0.0	1.0	1.0	0.0	1.0	1.0	1.0	1.0	1.0	1.0	1.0	1.0	1.0	1.0	1.0	1.0	1.0	0.0	1.0	1.0	1.0	1.0	1.0	1.0	1.0	1.0	1.0	1.0	0.0	-1.0	1.0	1.0	1.0
ckb	1.0	1.0	0.0	1.0	0.0	1.0	1.0	1.0	0.0	1.0	0.0	0.0	0.0	0.0	0.0	1.0	0.0	0.0	1.0	0.0	1.0	1.0	1.0	1.0	0.0	1.0	1.0	1.0	0.0	1.0	1.0	1.0	1.0	0.0	0.585786437626905	1.0
da	1.0	0.585786437626905	1.0	0.0	1.0	1.0	0.585786437626905	0.3483314773547883	1.0	0.39564392373896007	1.0	1.0	0.36602540378443865	0.5	1.0	1.0	0.3483314773547883	1.0	1.0	1.0	1.0	1.0	1.0	1.0	0.3430703308172536	1.0	0.585786437626905	1.0	1.0	1.0	1.0	1.0	1.0	0.4364916731037085	0.585786437626905	1.0
de	1.0	0.027936298732560032	1.0	1.0	1.0	1.0	0.025100319968922348	0.01986658242129091	0.009517493833400292	0.03145599288283496	0.26968623182294527	1.0	0.021880852943905786	0.029160236891622674	0.035381602987067585	0.02871531959715913	0.022121254293455756	1.0	0.003699627279048968	1.0	1.0	0.020607004459538888	0.0036639287831216325	0.0035932227470803634	0.020433514488123156	0.004172000492835823	0.026449002881763117	1.0	0.585786437626905	0.021330352705751926	0.026248085554275085	1.0	0.3090169943749474	0.020226900253734876	0.585786437626905	0.0068159829047449065
el	1.0	0.07271847292409618	0.0	1.0	0.585786437626905	0.025100319968922348	1.0	0.08165764128578212	0.022034600791480632	0.08166147086570118	0.3430703308172536	1.0	0.16708093042898362	0.1841722566243305	0.04554399854961951	0.0325369788738593	0.14867186139100932	1.0	0.018388346319738156	1.0	1.0	0.0654364978936407	0.01842285724936377	0.0186278498871242	0.1114833920174403	0.02131295853851954	0.04487381027540763	1.0	1.0	0.021034399721410798	0.03671158653448852	1.0	1.0	0.06704901737284764	0.585786437626905	0.020201064539920596
en	1.0	0.02752270326845129	1.0	1.0	0.3483314773547883	0.01986658242129091	0.08165764128578212	1.0	0.008865786820416166	0.048153438027945285	0.0606526493160373	1.0	0.11454260961217262	0.1391966859152157	0.017689893876767598	0.017689113355103443	0.11069410709065615	1.0	0.006621590865530698	1.0	1.0	0.024975623839887894	0.006192671984043357	0.006259050517738135	0.061445227292654545	0.00686822907084686	0.045126840595772176	1.0	0.353889367864523	0.02001345623874733	0.02202503025677406	1.0	0.3164309725825328	0.051065777762708424	0.585786437626905	0.006975303102509525
es	1.0	0.009041739277168625	1.0	0.0	1.0	0.009517493833400292	0.022034600791480632	0.008865786820416166	1.0	0.008749137458499015	1.0	1.0	0.018266587307112284	0.026491223503142158	0.09915276980081458	0.11553930006253221	0.017302044165767118	1.0	0.06765891744209784	1.0	1.0	0.008938582764325558	0.054543547463673785	0.06056988937364662	0.012355800399836274	0.05858324988469189	0.00940302861899332	1.0	1.0	0.008739135773808252	0.09722620280531705	1.0	0.3483314773547883	0.011494619070026635	0.585786437626905	0.03905471301368244
fr	1.0	0.011292217487133169	1.0	1.0	0.39564392373896007	0.03145599288283496	0.08166147086570118	0.048153438027945285	0.008749137458499015	1.0	0.09562508260636512	1.0	0.10555073060558738	0.13343952928311462	0.019100867490418724	0.019374705259184947	0.10390526230180822	1.0	0.002728505322182453	1.0	1.0	0.011832044474028401	0.0031693745761974404	0.002670478151344472	0.062222548071303535	0.0040599832848616695	0.011666867256449817	1.0	0.39564392373896007	0.011647858557287996	0.02130645297195888	1.0	0.3483314773547883	0.06293615479999921	0.585786437626905	0.007543591392543516
he	1.0	0.14700913454621645	1.0	0.0	1.0	0.26968623182294527	0.3430703308172536	0.0606526493160373	1.0	0.09562508260636512	1.0	1.0	0.2791745113185196	0.5	0.3950325357559503	1.0	0.1303639547600728	1.0	0.585786437626905	1.0	1.0	0.22772999919644132	0.3430703308172536	0.585786437626905	0.16952084719853724	0.353889367864523	0.4142135623730951	1.0	1.0	0.4142135623730951	1.0	1.0	1.0	0.39564392373896007	0.585786437626905	0.5
hi	1.0	1.0	1.0	0.0	1.0	1.0	1.0	1.0	1.0	1.0	1.0	1.0	1.0	1.0	1.0	1.0	1.0	1.0	1.0	1.0	1.0	1.0	1.0	1.0	1.0	1.0	0.0	1.0	1.0	1.0	1.0	1.0	1.0	1.0	0.585786437626905	1.0
hu	1.0	0.10634109343789226	1.0	0.0	0.36602540378443865	0.021880852943905786	0.16708093042898362	0.11454260961217262	0.018266587307112284	0.10555073060558738	0.2791745113185196	1.0	1.0	0.16103756621235757	0.03812689535539726	0.03014457430779419	0.12437284902894144	1.0	0.018224823993320417	1.0	1.0	0.07375939504464364	0.01775192802954446	0.018240852344459768	0.09202604793662168	0.020577007951534554	0.04143338248257118	1.0	1.0	0.018660586732534908	0.0363554175386176	1.0	1.0	0.06473934644497022	0.585786437626905	0.017562849999418473
id	1.0	0.12750684085304306	1.0	0.0	0.5	0.029160236891622674	0.1841722566243305	0.1391966859152157	0.026491223503142158	0.13343952928311462	0.5	1.0	0.16103756621235757	1.0	0.05478490557291842	0.03499057833847549	0.1485807857680144	1.0	0.026409880104811136	1.0	1.0	0.11012604747434275	0.025918834454554413	0.026414611409181755	0.13310413556444806	0.030004886827826205	0.03858986839434421	1.0	0.39564392373896	0.026789820098110647	0.0409675588110516	1.0	0.5	0.07670869722657601	0.5	0.026494921869517993
it	1.0	0.01933889706866495	1.0	0.0	1.0	0.035381602987067585	0.04554399854961951	0.017689893876767598	0.09915276980081458	0.019100867490418724	0.3950325357559503	1.0	0.03812689535539726	0.05478490557291842	1.0	0.1247219569701368	0.03758076183581726	1.0	0.05395692678039694	1.0	1.0	0.018141862844416247	0.033570075333944405	0.03641402916779155	0.032541841275110804	0.033642638911789	0.026852728270216356	1.0	1.0	0.030485776695987378	0.13132943431248478	1.0	0.40453726661826384	0.03497314680020206	0.585786437626905	0.06434884370798337
ja	1.0	0.020664556982164278	1.0	1.0	1.0	0.02871531959715913	0.0325369788738593	0.017689113355103443	0.11553930006253221	0.019374705259184947	1.0	1.0	0.03014457430779419	0.03499057833847549	0.1247219569701368	1.0	0.028744805735689275	1.0	0.14021540674050156	1.0	1.0	0.019689730703377678	0.09437518148570746	0.09846343416354424	0.027737608379220968	0.09890772657493047	0.029036155901317213	1.0	1.0	0.047540713566472985	0.10505430351996467	1.0	0.5	0.02798051044434536	0.585786437626905	0.09313996967708389
ko	1.0	0.10517988893013419	1.0	0.0	0.3483314773547883	0.022121254293455756	0.14867186139100932	0.11069410709065615	0.017302044165767118	0.10390526230180822	0.1303639547600728	1.0	0.12437284902894144	0.1485807857680144	0.03758076183581726	0.028744805735689275	1.0	1.0	0.017714657441933145	1.0	1.0	0.08574427726953812	0.016852645968422356	0.016631896089916033	0.09311315127460441	0.02021319333477778	0.03707136682745212	1.0	0.585786437626905	0.018370019965898328	0.03528849269176849	1.0	1.0	0.06737579633468214	0.585786437626905	0.01669271169411509
lv	1.0	1.0	1.0	0.0	1.0	1.0	1.0	1.0	1.0	1.0	1.0	1.0	1.0	1.0	1.0	1.0	1.0	1.0	1.0	1.0	1.0	1.0	1.0	1.0	1.0	1.0	0.0	1.0	1.0	1.0	1.0	1.0	1.0	1.0	0.585786437626905	1.0
mk	1.0	0.0016358401179149217	1.0	1.0	1.0	0.003699627279048968	0.018388346319738156	0.006621590865530698	0.06765891744209784	0.002728505322182453	0.585786437626905	1.0	0.018224823993320417	0.026409880104811136	0.05395692678039694	0.14021540674050156	0.017714657441933145	1.0	1.0	1.0	1.0	0.0016752578817425755	0.001998778294478826	0.0033398265883847456	0.01199339818662307	0.0016958053477815875	0.002171025613808177	1.0	1.0	0.0017970377692161361	0.05085305480998205	1.0	1.0	0.011089672649783902	0.585786437626905	0.00285088007581065
ml	1.0	1.0	1.0	0.0	1.0	1.0	1.0	1.0	1.0	1.0	1.0	1.0	1.0	1.0	1.0	1.0	1.0	1.0	1.0	1.0	1.0	1.0	1.0	1.0	1.0	1.0	0.0	1.0	1.0	1.0	1.0	1.0	1.0	1.0	0.585786437626905	1.0
mr	1.0	1.0	0.0	1.0	1.0	1.0	1.0	1.0	1.0	1.0	1.0	1.0	1.0	1.0	1.0	1.0	1.0	1.0	1.0	1.0	1.0	1.0	1.0	1.0	1.0	1.0	1.0	1.0	1.0	1.0	1.0	1.0	1.0	1.0	0.585786437626905	1.0
nl	1.0	0.015843418536896886	1.0	1.0	1.0	0.020607004459538888	0.0654364978936407	0.024975623839887894	0.008938582764325558	0.011832044474028401	0.22772999919644132	1.0	0.07375939504464364	0.11012604747434275	0.018141862844416247	0.019689730703377678	0.08574427726953812	1.0	0.0016752578817425755	1.0	1.0	1.0	0.0029277831901640982	0.0019621438456153125	0.053999850605071634	0.004196203656016575	0.010499249154615505	1.0	1.0	0.010807741212530642	0.020588336891253434	1.0	0.44948974278317805	0.05017727102162295	0.585786437626905	0.007986657117499383
pl	1.0	0.0028784863082977445	1.0	1.0	1.0	0.0036639287831216325	0.01842285724936377	0.006192671984043357	0.054543547463673785	0.0031693745761974404	0.3430703308172536	1.0	0.01775192802954446	0.025918834454554413	0.033570075333944405	0.09437518148570746	0.016852645968422356	1.0	0.001998778294478826	1.0	1.0	0.0029277831901640982	1.0	0.002014948777714231	0.011806283288367317	0.002452244717074293	0.003119504135074929	1.0	1.0	0.002905184030786499	0.048946358822546825	1.0	0.4364916731037085	0.010866752142826593	0.5	0.0028955008238005565
pt	1.0	0.001926649035470215	1.0	1.0	1.0	0.0035932227470803634	0.0186278498871242	0.006259050517738135	0.06056988937364662	0.002670478151344472	0.585786437626905	1.0	0.018240852344459768	0.026414611409181755	0.03641402916779155	0.09846343416354424	0.016631896089916033	1.0	0.0033398265883847456	1.0	1.0	0.0019621438456153125	0.002014948777714231	1.0	0.011894756900955643	0.001897936784476321	0.002305364909944762	1.0	1.0	0.0019126109332481486	0.04956621848077987	1.0	0.4142135623730951	0.010951501870236224	0.5	0.0027674298418100605
ro	1.0	0.05281344945755916	1.0	0.0	0.3430703308172536	0.020433514488123156	0.1114833920174403	0.061445227292654545	0.012355800399836274	0.062222548071303535	0.16952084719853724	1.0	0.09202604793662168	0.13310413556444806	0.032541841275110804	0.027737608379220968	0.09311315127460441	1.0	0.01199339818662307	1.0	1.0	0.053999850605071634	0.011806283288367317	0.011894756900955643	1.0	0.014764306725583608	0.05463525354023194	0.585786437626905	0.39564392373896	0.015914182478715976	0.03336037537633071	1.0	0.5	0.06235481962373225	0.5	0.011905911211945737
ru	1.0	0.004146056891367091	1.0	1.0	1.0	0.004172000492835823	0.02131295853851954	0.00686822907084686	0.05858324988469189	0.0040599832848616695	0.353889367864523	1.0	0.020577007951534554	0.030004886827826205	0.033642638911789	0.09890772657493047	0.02021319333477778	1.0	0.0016958053477815875	1.0	1.0	0.004196203656016575	0.002452244717074293	0.001897936784476321	0.014764306725583608	1.0	0.004040229019905971	1.0	1.0	0.00406333611644748	0.04912632682608127	1.0	0.585786437626905	0.0125545491980785	0.585786437626905	0.0036096954020416326
sh	1.0	0.009951041112746301	1.0	1.0	0.585786437626905	0.026449002881763117	0.04487381027540763	0.045126840595772176	0.00940302861899332	0.011666867256449817	0.4142135623730951	0.0	0.04143338248257118	0.03858986839434421	0.026852728270216356	0.029036155901317213	0.03707136682745212	0.0	0.002171025613808177	0.0	1.0	0.010499249154615505	0.003119504135074929	0.002305364909944762	0.05463525354023194	0.004040229019905971	1.0	0.585786437626905	1.0	0.009816562859382297	0.022815808653914645	1.0	0.3333333333333333	0.05617941137225514	0.5	0.007967680402806229
si	1.0	1.0	1.0	1.0	1.0	1.0	1.0	1.0	1.0	1.0	1.0	1.0	1.0	1.0	1.0	1.0	1.0	1.0	1.0	1.0	1.0	1.0	1.0	1.0	0.585786437626905	1.0	0.585786437626905	1.0	1.0	1.0	1.0	1.0	1.0	1.0	1.0	1.0
simple	1.0	1.0	1.0	0.0	1.0	0.585786437626905	1.0	0.353889367864523	1.0	0.39564392373896007	1.0	1.0	1.0	0.39564392373896	1.0	1.0	0.585786437626905	1.0	1.0	1.0	1.0	1.0	1.0	1.0	0.39564392373896	1.0	1.0	1.0	1.0	1.0	1.0	1.0	0.5	0.585786437626905	0.44948974278317805	1.0
sr	1.0	0.010078465683299394	1.0	1.0	1.0	0.021330352705751926	0.021034399721410798	0.02001345623874733	0.008739135773808252	0.011647858557287996	0.4142135623730951	1.0	0.018660586732534908	0.026789820098110647	0.030485776695987378	0.047540713566472985	0.018370019965898328	1.0	0.0017970377692161361	1.0	1.0	0.010807741212530642	0.002905184030786499	0.0019126109332481486	0.015914182478715976	0.00406333611644748	0.009816562859382297	1.0	1.0	1.0	0.04461516072234111	1.0	0.4364916731037085	0.01778406933580656	0.585786437626905	0.007973677513129303
sv	1.0	0.020932130715050384	1.0	1.0	1.0	0.026248085554275085	0.03671158653448852	0.02202503025677406	0.09722620280531705	0.02130645297195888	1.0	1.0	0.0363554175386176	0.0409675588110516	0.13132943431248478	0.10505430351996467	0.03528849269176849	1.0	0.05085305480998205	1.0	1.0	0.020588336891253434	0.048946358822546825	0.04956621848077987	0.03336037537633071	0.04912632682608127	0.022815808653914645	1.0	1.0	0.04461516072234111	1.0	1.0	0.5	0.03284341631176013	0.585786437626905	0.056870340885232504
te	1.0	1.0	0.0	1.0	1.0	1.0	1.0	1.0	1.0	1.0	1.0	1.0	1.0	1.0	1.0	1.0	1.0	1.0	1.0	1.0	1.0	1.0	1.0	1.0	1.0	1.0	1.0	1.0	1.0	1.0	1.0	1.0	1.0	1.0	1.0	1.0
tr	1.0	0.39564392373896007	-1.0	1.0	1.0	0.3090169943749474	1.0	0.3164309725825328	0.3483314773547883	0.3483314773547883	1.0	1.0	1.0	0.5	0.40453726661826384	0.5	1.0	1.0	1.0	1.0	1.0	0.44948974278317805	0.4364916731037085	0.4142135623730951	0.5	0.585786437626905	0.3333333333333333	1.0	0.5	0.4364916731037085	0.5	1.0	1.0	1.0	0.585786437626905	0.3430703308172536
vi	1.0	0.04994421577916654	1.0	0.0	0.4364916731037085	0.020226900253734876	0.06704901737284764	0.051065777762708424	0.011494619070026635	0.06293615479999921	0.39564392373896007	1.0	0.06473934644497022	0.07670869722657601	0.03497314680020206	0.02798051044434536	0.06737579633468214	1.0	0.011089672649783902	1.0	1.0	0.05017727102162295	0.010866752142826593	0.010951501870236224	0.06235481962373225	0.0125545491980785	0.05617941137225514	1.0	0.585786437626905	0.01778406933580656	0.03284341631176013	1.0	1.0	1.0	0.585786437626905	0.01083051589284865
war	1.0	0.585786437626905	1.0	0.585786437626905	0.585786437626905	0.585786437626905	0.585786437626905	0.585786437626905	0.585786437626905	0.585786437626905	0.585786437626905	0.585786437626905	0.585786437626905	0.5	0.585786437626905	0.585786437626905	0.585786437626905	0.585786437626905	0.585786437626905	0.585786437626905	0.585786437626905	0.585786437626905	0.5	0.5	0.5	0.585786437626905	0.5	1.0	0.44948974278317805	0.585786437626905	0.585786437626905	1.0	0.585786437626905	0.585786437626905	1.0	0.585786437626905
zh	1.0	0.00831003968445399	1.0	1.0	1.0	0.0068159829047449065	0.020201064539920596	0.006975303102509525	0.03905471301368244	0.007543591392543516	0.5	1.0	0.017562849999418473	0.026494921869517993	0.06434884370798337	0.09313996967708389	0.01669271169411509	1.0	0.00285088007581065	1.0	1.0	0.007986657117499383	0.0028955008238005565	0.0027674298418100605	0.011905911211945737	0.0036096954020416326	0.007967680402806229	1.0	1.0	0.007973677513129303	0.056870340885232504	1.0	0.3430703308172536	0.01083051589284865	0.585786437626905	1.0
