arz	bs	ceb	ckb	da	de	el	en	es	fr	he	hi	hu	id	it	ja	ko	lv	mk	ml	mr	nl	pl	pt	ro	ru	sh	si	simple	sr	sv	te	tr	vi	war	zh
arz	0.5	0.5	0.0	0.5	0.5	0.5	0.5	0.5	0.5	0.5	0.5	0.5	0.5	0.5	0.5	0.5	0.5	0.5	0.5	0.5	0.5	0.5	0.5	0.5	0.5	0.5	0.5	1.0	0.5	0.5	0.5	0.5	0.5	0.5	0.5	0.5
bs	0.5	0.0012877066006808354	1.0	1.0	0.2	0.0026690224514575017	0.012702922479540036	0.004210281776433937	0.006452362247658688	0.0017167919536915982	0.07692307692307693	1.0	0.013928157133176742	0.020025230444065702	0.01389043248495409	0.01538603550295858	0.013187389678969144	1.0	0.0011918951132300357	1.0	0.3333333333333333	0.0011858896803797734	0.001228801634800093	0.001233281327499045	0.009004232787691578	0.0012184274933201508	0.001389724474683083	0.3333333333333333	0.25	0.0011634035949888897	0.014927601247493875	0.5	0.14285714285714285	0.007699474682611666	0.25	0.002092720063632482
ceb	0.0	1.0	0.3333333333333333	0.0	1.0	0.5	0.0	0.3333333333333333	0.5	1.0	0.5	0.5	1.0	0.5	0.5	0.5	0.5	1.0	1.0	1.0	0.0	1.0	1.0	0.5	0.5	0.5	1.0	0.5	1.0	1.0	1.0	0.0	-1.0	0.5	1.0	0.5
ckb	0.5	1.0	0.0	1.0	0.0	1.0	1.0	1.0	0.0	1.0	0.0	0.0	0.0	0.0	0.0	1.0	0.0	0.0	1.0	0.0	0.3333333333333333	1.0	1.0	1.0	0.0	1.0	1.0	0.3333333333333333	0.0	1.0	1.0	0.5	0.125	0.0	0.25	1.0
da	0.5	0.2	1.0	0.0	0.2	0.25	0.5	0.25	0.25	0.25	0.3333333333333333	1.0	0.3333333333333333	0.5	0.25	0.25	0.25	1.0	0.3333333333333333	1.0	0.3333333333333333	0.25	0.25	0.25	0.3333333333333333	0.25	0.3333333333333333	0.3333333333333333	0.5	0.25	0.3333333333333333	0.5	0.16666666666666666	0.25	0.25	0.25
de	0.5	0.0026690224514575017	0.5	1.0	0.25	0.0025894519841914146	0.013341336535468802	0.004743360304487659	0.006802813642463788	0.003864600262804701	0.05555555555555555	1.0	0.014711723833911335	0.020837239583333333	0.013157894736842105	0.013513513513513514	0.013161185249827042	1.0	0.002702702702702703	1.0	0.3333333333333333	0.0026966970382300117	0.002638564198244234	0.0026247063605238322	0.00918695288530025	0.002824906636024131	0.003534330707125835	0.3333333333333333	0.25	0.0026741900683533984	0.014492963663095989	0.5	0.07142857142857142	0.008065491740374608	0.25	0.004291956013188676
el	0.5	0.012702922479540036	0.0	1.0	0.5	0.013341336535468802	0.013057721640369387	0.013601921115726575	0.015153811065197429	0.013596002418855592	0.2	1.0	0.021877998811642523	0.02866641887707709	0.03571683673469388	0.025642998027613412	0.022303494341316617	1.0	0.012658227848101266	1.0	0.3333333333333333	0.012846369759731326	0.012659189232494792	0.012821499013806706	0.01810673529502582	0.014707396193771625	0.014100197605074442	0.3333333333333333	1.0	0.012664640443840249	0.028577961632653064	0.5	0.125	0.017880128531271064	0.25	0.013890818287230131
en	0.5	0.004210281776433937	0.3333333333333333	1.0	0.25	0.004743360304487659	0.013601921115726575	0.0041471563189862835	0.006623744879610543	0.004697081995596588	0.05	1.0	0.013774866709691082	0.01966142016880506	0.012661272873257651	0.013159972299168975	0.012549739308771082	1.0	0.00425531914893617	1.0	0.3333333333333333	0.00419848778173196	0.003968820893172084	0.004016419170674666	0.008917566979354733	0.004386984687634657	0.004726432391632577	0.3333333333333333	0.25	0.004205514903010505	0.015876040060720582	0.5	0.05555555555555555	0.007647362722231117	0.25	0.004927661870149772
es	0.5	0.006452362247658688	0.5	0.0	0.25	0.006802813642463788	0.015153811065197429	0.006623744879610543	0.006139301104935865	0.0064943077669084165	0.07692307692307693	1.0	0.014085498908946637	0.020002000399999997	0.016666666666666666	0.015873015873015872	0.01298836245572609	1.0	0.006493506493506494	1.0	0.3333333333333333	0.006410461867192636	0.006172877610120408	0.006289308176100629	0.009177511573605168	0.007246429321571099	0.007092399778683164	0.3333333333333333	0.25	0.006536118586868299	0.019230769230769232	0.5	0.07142857142857142	0.008620912604042805	0.25	0.006756848064280497
fr	0.5	0.0017167919536915982	1.0	1.0	0.25	0.003864600262804701	0.013596002418855592	0.004697081995596588	0.0064943077669084165	0.001885795610747008	0.07142857142857142	1.0	0.01396219733280477	0.020056560050876852	0.013701257834866204	0.014286734897959182	0.012549256707560984	1.0	0.0017301038062283738	1.0	0.3333333333333333	0.001700007701673449	0.0016784014712710213	0.0016838248194628663	0.008982223829825055	0.001742855619338013	0.0017323548651564738	0.3333333333333333	0.25	0.0017012733154603498	0.01492916083760303	0.5	0.06666666666666667	0.008143387632610565	0.25	0.0020846275830690283
he	0.5	0.07692307692307693	0.5	0.0	0.3333333333333333	0.05555555555555555	0.2	0.05	0.07692307692307693	0.07142857142857142	0.050004999999999994	1.0	0.25	0.5	0.0625	0.08333333333333333	0.1111111111111111	1.0	0.07692307692307693	1.0	0.3333333333333333	0.07692307692307693	0.05	0.05263157894736842	0.14285714285714285	0.05	0.1111111111111111	0.3333333333333333	0.5	0.07692307692307693	0.16666666666666666	0.5	0.1	0.14285714285714285	0.25	0.07142857142857142
hi	0.5	1.0	0.5	0.0	1.0	1.0	1.0	1.0	1.0	1.0	1.0	1.0	1.0	1.0	1.0	1.0	1.0	1.0	1.0	1.0	0.3333333333333333	1.0	1.0	1.0	1.0	1.0	0.0	0.3333333333333333	1.0	1.0	1.0	0.5	0.125	1.0	0.25	1.0
hu	0.5	0.013928157133176742	1.0	0.0	0.3333333333333333	0.014711723833911335	0.021877998811642523	0.013774866709691082	0.014085498908946637	0.01396219733280477	0.25	1.0	0.013856958731338504	0.022808154035788248	0.02941349480968858	0.023257977285018928	0.015232062180631896	1.0	0.014084507042253521	1.0	0.3333333333333333	0.013724201076391301	0.01369956839932445	0.014085300535608013	0.014300251177143328	0.015874527588813303	0.014938748723993317	0.3333333333333333	0.5	0.014090063480658997	0.027785494598765427	0.5	0.125	0.014727976704245162	0.25	0.013515522644265886
id	0.5	0.020025230444065702	0.5	0.0	0.5	0.020837239583333333	0.02866641887707709	0.01966142016880506	0.020002000399999997	0.020056560050876852	0.5	1.0	0.022808154035788248	0.019860542266280836	0.04348015122873346	0.026317174515235454	0.02228063493581106	1.0	0.02	1.0	0.3333333333333333	0.020016813611208807	0.01960861207227989	0.0200012	0.021888530448435396	0.022727789256198346	0.020842449652777775	0.3333333333333333	0.3333333333333333	0.0200032012012012	0.030308542701562906	0.5	0.1111111111111111	0.021760896061475476	0.25	0.020002
it	0.5	0.01389043248495409	0.5	0.0	0.25	0.013157894736842105	0.03571683673469388	0.012661272873257651	0.016666666666666666	0.013701257834866204	0.0625	1.0	0.02941349480968858	0.04348015122873346	0.011378505577384087	0.021739130434782608	0.02778240895216204	1.0	0.014084507042253521	1.0	0.3333333333333333	0.013514061358655953	0.011904761904761904	0.012345679012345678	0.02439440928138132	0.0125	0.016666666666666666	0.3333333333333333	0.25	0.014084705415592145	0.028572244897959183	0.5	0.06666666666666667	0.023811224489795918	0.25	0.014285714285714285
ja	0.5	0.01538603550295858	0.5	1.0	0.25	0.013513513513513514	0.025642998027613412	0.013159972299168975	0.015873015873015872	0.014286734897959182	0.08333333333333333	1.0	0.023257977285018928	0.026317174515235454	0.021739130434782608	0.01316655679051489	0.02127840697148031	1.0	0.015625	1.0	0.3333333333333333	0.015625732421874997	0.013157894736842105	0.013333333333333334	0.020838977431858943	0.013513513513513514	0.017857461734693877	0.3333333333333333	0.5	0.01562548828125	0.022222716049382713	0.5	0.06666666666666667	0.02127659574468085	0.25	0.014492753623188406
ko	0.5	0.013187389678969144	0.5	0.0	0.25	0.013161185249827042	0.022303494341316617	0.012549739308771082	0.01298836245572609	0.012549256707560984	0.1111111111111111	1.0	0.015232062180631896	0.02228063493581106	0.02778240895216204	0.02127840697148031	0.012574947964089297	1.0	0.013333333333333334	1.0	0.3333333333333333	0.013172280142159825	0.012659029001762537	0.012500468749999999	0.014032527119602171	0.015152203856749308	0.013706703513609501	0.3333333333333333	0.5	0.013336711822222222	0.02778318055632716	0.5	0.07692307692307693	0.013903372315988247	0.25	0.012501875312499999
lv	0.5	1.0	1.0	0.0	1.0	1.0	1.0	1.0	1.0	1.0	1.0	1.0	1.0	1.0	1.0	1.0	1.0	1.0	1.0	1.0	0.3333333333333333	1.0	1.0	1.0	1.0	1.0	0.0	0.3333333333333333	1.0	1.0	1.0	0.5	0.14285714285714285	1.0	0.25	1.0
mk	0.5	0.0011918951132300357	1.0	1.0	0.3333333333333333	0.002702702702702703	0.012658227848101266	0.00425531914893617	0.006493506493506494	0.0017301038062283738	0.07692307692307693	1.0	0.014084507042253521	0.02	0.014084507042253521	0.015625	0.013333333333333334	1.0	0.0011904761904761906	1.0	0.3333333333333333	0.001199040767386091	0.0012515644555694619	0.0012531328320802004	0.008928571428571428	0.0012406947890818859	0.001430615164520744	0.3333333333333333	0.25	0.0011947431302270011	0.015151515151515152	0.5	0.125	0.0078125	0.25	0.002145922746781116
ml	0.5	1.0	1.0	0.0	1.0	1.0	1.0	1.0	1.0	1.0	1.0	1.0	1.0	1.0	1.0	1.0	1.0	1.0	1.0	1.0	0.3333333333333333	1.0	1.0	1.0	1.0	1.0	0.0	0.3333333333333333	1.0	1.0	1.0	0.5	0.2	1.0	0.25	1.0
mr	0.5	0.3333333333333333	0.0	0.3333333333333333	0.3333333333333333	0.3333333333333333	0.3333333333333333	0.3333333333333333	0.3333333333333333	0.3333333333333333	0.3333333333333333	0.3333333333333333	0.3333333333333333	0.3333333333333333	0.3333333333333333	0.3333333333333333	0.3333333333333333	0.3333333333333333	0.3333333333333333	0.3333333333333333	0.3333333333333333	0.3333333333333333	0.3333333333333333	0.3333333333333333	0.3333333333333333	0.3333333333333333	0.3333333333333333	1.0	0.3333333333333333	0.3333333333333333	0.3333333333333333	0.5	0.3333333333333333	0.3333333333333333	0.3333333333333333	0.3333333333333333
nl	0.5	0.0011858896803797734	1.0	1.0	0.25	0.0026966970382300117	0.012846369759731326	0.00419848778173196	0.006410461867192636	0.001700007701673449	0.07692307692307693	1.0	0.013724201076391301	0.020016813611208807	0.013514061358655953	0.015625732421874997	0.013172280142159825	1.0	0.001199040767386091	1.0	0.3333333333333333	0.0012445992751001932	0.0012301636128169394	0.0012331627103285424	0.008971743630203319	0.001215332628613274	0.001415115707394883	0.3333333333333333	0.25	0.0011845800576640953	0.014706963667820068	0.5	0.07142857142857142	0.007755004327504777	0.25	0.002088153499169721
pl	0.5	0.001228801634800093	1.0	1.0	0.25	0.002638564198244234	0.012659189232494792	0.003968820893172084	0.006172877610120408	0.0016784014712710213	0.05	1.0	0.01369956839932445	0.01960861207227989	0.011904761904761904	0.013157894736842105	0.012659029001762537	1.0	0.0012515644555694619	1.0	0.3333333333333333	0.0012301636128169394	0.0012088668211689697	0.0012239962006864531	0.008773391966759001	0.0012484503608940758	0.0014794190635832073	0.3333333333333333	0.25	0.00123459686023472	0.014492753623188406	0.5	0.09090909090909091	0.007633704329584524	0.25	0.0020661199713134346
pt	0.5	0.001233281327499045	0.5	1.0	0.25	0.0026247063605238322	0.012821499013806706	0.004016419170674666	0.006289308176100629	0.0016838248194628663	0.05263157894736842	1.0	0.014085300535608013	0.0200012	0.012345679012345678	0.013333333333333334	0.012500468749999999	1.0	0.0012531328320802004	1.0	0.3333333333333333	0.0012331627103285424	0.0012239962006864531	0.0012168143994149593	0.008851045579136971	0.0012594506024402158	0.0014815319615912206	0.3333333333333333	0.25	0.0012391819426978003	0.014492753623188406	0.5	0.0625	0.007692366863905326	0.25	0.0020747232313493226
ro	0.5	0.009004232787691578	0.5	0.0	0.3333333333333333	0.00918695288530025	0.01810673529502582	0.008917566979354733	0.009177511573605168	0.008982223829825055	0.14285714285714285	1.0	0.014300251177143328	0.021888530448435396	0.02439440928138132	0.020838977431858943	0.014032527119602171	1.0	0.008928571428571428	1.0	0.3333333333333333	0.008971743630203319	0.008773391966759001	0.008851045579136971	0.009459036863062395	0.010990701726844585	0.009287378685959576	0.3333333333333333	0.3333333333333333	0.008938866480399403	0.024403336705532425	0.5	0.1	0.009472835470295616	0.25	0.00877570152423838
ru	0.5	0.0012184274933201508	0.5	1.0	0.25	0.002824906636024131	0.014707396193771625	0.004386984687634657	0.007246429321571099	0.001742855619338013	0.05	1.0	0.015874527588813303	0.022727789256198346	0.0125	0.013513513513513514	0.015152203856749308	1.0	0.0012406947890818859	1.0	0.3333333333333333	0.001215332628613274	0.0012484503608940758	0.0012594506024402158	0.010990701726844585	0.0011997095853099483	0.0014707309775086495	0.3333333333333333	0.25	0.0012240381489432776	0.014492753623188406	0.5	0.06666666666666667	0.009346231199231373	0.25	0.0021645349599895055
sh	0.5	0.001389724474683083	1.0	1.0	0.3333333333333333	0.003534330707125835	0.014100197605074442	0.004726432391632577	0.007092399778683164	0.0017323548651564738	0.1111111111111111	0.0	0.014938748723993317	0.020842449652777775	0.016666666666666666	0.017857461734693877	0.013706703513609501	0.0	0.001430615164520744	0.0	0.3333333333333333	0.001415115707394883	0.0014794190635832073	0.0014815319615912206	0.009287378685959576	0.0014707309775086495	0.0014244727186386434	0.3333333333333333	0.5	0.001389591338848416	0.016667500000000002	0.5	0.125	0.008335972569513888	0.25	0.0021370032781841256
si	1.0	0.3333333333333333	0.5	0.3333333333333333	0.3333333333333333	0.3333333333333333	0.3333333333333333	0.3333333333333333	0.3333333333333333	0.3333333333333333	0.3333333333333333	0.3333333333333333	0.3333333333333333	0.3333333333333333	0.3333333333333333	0.3333333333333333	0.3333333333333333	0.3333333333333333	0.3333333333333333	0.3333333333333333	1.0	0.3333333333333333	0.3333333333333333	0.3333333333333333	0.3333333333333333	0.3333333333333333	0.3333333333333333	0.3333333333333333	0.3333333333333333	0.3333333333333333	0.3333333333333333	1.0	0.3333333333333333	0.3333333333333333	0.5	0.3333333333333333
simple	0.5	0.25	1.0	0.0	0.5	0.25	1.0	0.25	0.25	0.25	0.5	1.0	0.5	0.3333333333333333	0.25	0.5	0.5	1.0	0.25	1.0	0.3333333333333333	0.25	0.25	0.25	0.3333333333333333	0.25	0.5	0.3333333333333333	0.25	0.25	0.3333333333333333	0.5	0.1111111111111111	0.3333333333333333	0.25	0.25
sr	0.5	0.0011634035949888897	1.0	1.0	0.25	0.0026741900683533984	0.012664640443840249	0.004205514903010505	0.006536118586868299	0.0017012733154603498	0.07692307692307693	1.0	0.014090063480658997	0.0200032012012012	0.014084705415592145	0.01562548828125	0.013336711822222222	1.0	0.0011947431302270011	1.0	0.3333333333333333	0.0011845800576640953	0.00123459686023472	0.0012391819426978003	0.008938866480399403	0.0012240381489432776	0.001389591338848416	0.3333333333333333	0.25	0.0011775483678578588	0.015151515151515152	0.5	0.1	0.007752959677964064	0.25	0.0021053695335180055
sv	0.5	0.014927601247493875	1.0	1.0	0.3333333333333333	0.014492963663095989	0.028577961632653064	0.015876040060720582	0.019230769230769232	0.01492916083760303	0.16666666666666666	1.0	0.027785494598765427	0.030308542701562906	0.028572244897959183	0.022222716049382713	0.02778318055632716	1.0	0.015151515151515152	1.0	0.3333333333333333	0.014706963667820068	0.014492753623188406	0.014492753623188406	0.024403336705532425	0.014492753623188406	0.016667500000000002	0.3333333333333333	0.3333333333333333	0.015151515151515152	0.014303694512474317	0.5	0.07692307692307693	0.024392029744199878	0.25	0.01587326782564878
te	0.5	0.5	0.0	0.5	0.5	0.5	0.5	0.5	0.5	0.5	0.5	0.5	0.5	0.5	0.5	0.5	0.5	0.5	0.5	0.5	0.5	0.5	0.5	0.5	0.5	0.5	0.5	1.0	0.5	0.5	0.5	0.5	0.5	0.5	0.5	0.5
tr	0.5	0.14285714285714285	-1.0	0.125	0.16666666666666666	0.07142857142857142	0.125	0.05555555555555555	0.07142857142857142	0.06666666666666667	0.1	0.125	0.125	0.1111111111111111	0.06666666666666667	0.06666666666666667	0.07692307692307693	0.14285714285714285	0.125	0.2	0.3333333333333333	0.07142857142857142	0.09090909090909091	0.0625	0.1	0.06666666666666667	0.125	0.3333333333333333	0.1111111111111111	0.1	0.07692307692307693	0.5	0.05557407716049382	0.1111111111111111	0.25	0.0625
vi	0.5	0.007699474682611666	0.5	0.0	0.25	0.008065491740374608	0.017880128531271064	0.007647362722231117	0.008620912604042805	0.008143387632610565	0.14285714285714285	1.0	0.014727976704245162	0.021760896061475476	0.023811224489795918	0.02127659574468085	0.013903372315988247	1.0	0.0078125	1.0	0.3333333333333333	0.007755004327504777	0.007633704329584524	0.007692366863905326	0.009472835470295616	0.009346231199231373	0.008335972569513888	0.3333333333333333	0.3333333333333333	0.007752959677964064	0.024392029744199878	0.5	0.1111111111111111	0.007696987881474112	0.25	0.00813061008658867
war	0.5	0.25	1.0	0.25	0.25	0.25	0.25	0.25	0.25	0.25	0.25	0.25	0.25	0.25	0.25	0.25	0.25	0.25	0.25	0.25	0.3333333333333333	0.25	0.25	0.25	0.25	0.25	0.25	0.5	0.25	0.25	0.25	0.5	0.25	0.25	0.25006249999999997	0.25
zh	0.5	0.002092720063632482	0.5	1.0	0.25	0.004291956013188676	0.013890818287230131	0.004927661870149772	0.006756848064280497	0.0020846275830690283	0.07142857142857142	1.0	0.013515522644265886	0.020002	0.014285714285714285	0.014492753623188406	0.012501875312499999	1.0	0.002145922746781116	1.0	0.3333333333333333	0.002088153499169721	0.0020661199713134346	0.0020747232313493226	0.00877570152423838	0.0021645349599895055	0.0021370032781841256	0.3333333333333333	0.25	0.0021053695335180055	0.01587326782564878	0.5	0.0625	0.00813061008658867	0.25	0.0020558403657214954
