arz	bs	ceb	ckb	da	de	el	en	es	fr	he	hi	hu	id	it	ja	ko	lv	mk	ml	mr	nl	pl	pt	ro	ru	sh	si	simple	sr	sv	te	tr	vi	war	zh
arz	0.5	0.125	0.0	0.1	0.09090909090909091	0.015873015873015872	0.1	0.0072992700729927005	0.0196078431372549	0.014084507042253521	0.03125	0.07142857142857142	0.05	0.08333333333333333	0.02127659574468085	0.017857142857142856	0.023809523809523808	0.14285714285714285	0.125	0.2	0.3333333333333333	0.023255813953488372	0.02702702702702703	0.022727272727272728	0.07692307692307693	0.01694915254237288	0.125	0.125	0.07692307692307693	0.0625	0.03225806451612903	0.5	0.05555555555555555	0.0625	0.25	0.02
bs	0.125	1.0	0.013888888888888888	0.0005773672055427252	0.002886836027713626	0.21486883679963126	0.047130089685217556	0.1425609414929569	0.08877330394870211	0.3637218888818182	0.0074455899198167235	0.0005773672055427252	0.0425893652669033	0.02918502455257118	0.04086100379323636	0.03709168433561844	0.04456484903754239	0.0005773672055427252	0.48385236447520186	0.0005773672055427252	0.1875	0.5102431611976723	0.4630683869105353	0.4627019200090944	0.06937847453265077	0.4674212800954711	0.42764470856396897	0.1875	0.0023094688221709007	0.5037507820747859	0.03860592221081443	0.125	0.18421052631578946	0.07564054600801515	0.25	0.2736730790223932
ceb	0.0	0.013888888888888888	0.5	0.0	0.0048543689320388345	0.0011389521640091116	0.0	0.00035587188612099647	0.0007639419404125286	0.0003184713375796178	0.0038461538461538464	0.006756756756756757	0.0033783783783783786	0.004651162790697674	0.0015772870662460567	0.0034482758620689655	0.005235602094240838	0.00819672131147541	0.006666666666666667	0.009615384615384616	0.0	0.001006036217303823	0.0022026431718061676	0.002070393374741201	0.006493506493506494	0.0014749262536873156	0.005434782608695652	0.02702702702702703	0.006756756756756757	0.0037593984962406013	0.001838235294117647	0.0	-1.0	0.006993006993006993	0.038461538461538464	0.002631578947368421
ckb	0.1	0.0005773672055427252	0.0	0.5	0.0	0.0012853470437017994	0.006329113924050633	0.001953125	0.0	0.0008278145695364238	0.0	0.0	0.0	0.0	0.0	0.006578947368421052	0.0	0.0	0.0005952380952380953	0.0	0.15	0.0005868544600938967	0.0006031363088057901	0.0006075334143377885	0.0	0.0005980861244019139	0.0006915629322268327	0.15	0.0	0.000580046403712297	0.007142857142857143	0.1	0.2	0.0	0.2	0.0010245901639344263
da	0.09090909090909091	0.002886836027713626	0.0048543689320388345	0.0	0.5	0.005128205128205128	0.012195121951219513	0.007782101167315175	0.012195121951219513	0.003305785123966942	0.06818181818181818	0.1	0.019736842105263157	0.018518518518518517	0.02247191011235955	0.025974025974025976	0.024390243902439025	0.1	0.0017814726840855108	0.1	0.13636363636363635	0.0023446658851113715	0.0024096385542168677	0.0024271844660194173	0.01293103448275862	0.0023894862604540022	0.0020689655172413794	0.13636363636363635	0.14285714285714285	0.002317497103128621	0.020833333333333332	0.09090909090909091	0.13043478260869565	0.015151515151515152	0.18181818181818182	0.00408997955010225
de	0.015873015873015872	0.21486883679963126	0.0011389521640091116	0.0012853470437017994	0.005128205128205128	1.0	0.09975510744385122	0.24819833878230702	0.18182266196595778	0.17800993417904593	0.023017902813299233	0.0012853470437017994	0.08899486828600753	0.06252582004461704	0.09476309226932668	0.09462915601023018	0.09866840303333918	0.0012853470437017994	0.21536670547147846	0.0012853470437017994	0.023809523809523808	0.21493808126031566	0.2265175763639748	0.22986765948410243	0.14517481373029453	0.20378320058430024	0.17197221864029064	0.023809523809523808	0.005141388174807198	0.21499642282154016	0.08863365550112538	0.015873015873015872	0.1044776119402985	0.15849765038327635	0.031746031746031744	0.18158352573900036
el	0.1	0.047130089685217556	0.0	0.006329113924050633	0.012195121951219513	0.09975510744385122	1.0	0.1560702633988497	0.18948255352894527	0.0637215782769154	0.026595744680851064	0.006329113924050633	0.2518312705228593	0.203871543264942	0.1011146813774277	0.1687122145096283	0.21763608812215876	0.006329113924050633	0.04702380952380952	0.006329113924050633	0.15	0.04726656459822264	0.04836375884911804	0.04816505394794084	0.24326733153805313	0.040859625223261586	0.05025721865999715	0.15	0.006097560975609756	0.047143362363083405	0.15511069423659268	0.1	0.2	0.1923322005097706	0.2	0.07398103401112428
en	0.0072992700729927005	0.1425609414929569	0.00035587188612099647	0.001953125	0.007782101167315175	0.24819833878230702	0.1560702633988497	1.0	0.2826522467874531	0.17881864150710694	0.0390625	0.001953125	0.1544137039063971	0.10412734938731066	0.14969124870644615	0.1488398874991617	0.1655278837592019	0.001953125	0.13646922183507548	0.001953125	0.010948905109489052	0.1440575902810558	0.1523437974130432	0.15068608494979105	0.2663815928517753	0.13347756564779995	0.14418373649333477	0.010948905109489052	0.0078125	0.13918221914412773	0.12017322775764595	0.0072992700729927005	0.06569343065693431	0.26336764682489183	0.014598540145985401	0.18956793680831938
es	0.0196078431372549	0.08877330394870211	0.0007639419404125286	0.0	0.012195121951219513	0.18182266196595778	0.18948255352894527	0.2826522467874531	1.0	0.12574044912976046	0.03823529411764706	0.003067484662576687	0.21514142991719964	0.15573283203187763	0.15706806282722513	0.17897727272727273	0.23306417468094115	0.003067484662576687	0.09069493521790342	0.003067484662576687	0.029411764705882353	0.09085465763050671	0.09785449245476359	0.09613059250302297	0.3266780330222541	0.08033324641671609	0.09472567718553472	0.029411764705882353	0.012269938650306749	0.08788452887427656	0.143646408839779	0.0196078431372549	0.12727272727272726	0.3271021424730422	0.0392156862745098	0.14770761499480095
fr	0.014084507042253521	0.3637218888818182	0.0003184713375796178	0.0008278145695364238	0.003305785123966942	0.17800993417904593	0.0637215782769154	0.17881864150710694	0.12574044912976046	1.0	0.011475409836065573	0.0008278145695364238	0.06192014117139435	0.04227212880202868	0.05906090213318168	0.05741094197065351	0.06821239051352689	0.0008278145695364238	0.33371824480369516	0.0008278145695364238	0.02112676056338028	0.36385750529366995	0.35732825632951193	0.35730480197695175	0.10377695693403029	0.3329162872055707	0.4031785991249603	0.02112676056338028	0.0033112582781456954	0.3428680109835208	0.055304651225305604	0.014084507042253521	0.10135135135135136	0.10183747136497873	0.028169014084507043	0.3941435294117647
he	0.03125	0.0074455899198167235	0.0038461538461538464	0.0	0.06818181818181818	0.023017902813299233	0.026595744680851064	0.0390625	0.03823529411764706	0.011475409836065573	1.0	0.025	0.022222222222222223	0.014492753623188406	0.08695652173913043	0.07142857142857142	0.04891304347826087	0.025	0.007674144037780401	0.025	0.046875	0.007566938300349243	0.012062726176115802	0.011529126213592233	0.027559055118110236	0.011961722488038277	0.006130790190735695	0.046875	0.045454545454545456	0.007479861910241657	0.03571428571428571	0.03125	0.125	0.024305555555555556	0.0625	0.01417004048582996
hi	0.07142857142857142	0.0005773672055427252	0.006756756756756757	0.0	0.1	0.0012853470437017994	0.006329113924050633	0.001953125	0.003067484662576687	0.0008278145695364238	0.025	0.5	0.006756756756756757	0.00980392156862745	0.005681818181818182	0.006578947368421052	0.006172839506172839	0.5	0.0005952380952380953	0.5	0.10714285714285714	0.0005868544600938967	0.0006031363088057901	0.0006075334143377885	0.0043859649122807015	0.0005980861244019139	0.0	0.10714285714285714	0.125	0.000580046403712297	0.007142857142857143	0.07142857142857142	0.16666666666666666	0.003816793893129771	0.14285714285714285	0.0010245901639344263
hu	0.05	0.0425893652669033	0.0033783783783783786	0.0	0.019736842105263157	0.08899486828600753	0.2518312705228593	0.1544137039063971	0.21514142991719964	0.06192014117139435	0.022222222222222223	0.006756756756756757	1.0	0.30512449134423064	0.1333261106831022	0.20199840922648638	0.42969941354535734	0.006756756756756757	0.042111506524317915	0.006756756756756757	0.075	0.0441439789542103	0.04466880827077712	0.043642218856615504	0.3626293297345929	0.03788889466419484	0.04720857080775511	0.075	0.013157894736842105	0.04200041854403749	0.16928172942817293	0.05	0.13333333333333333	0.26631819208687457	0.1	0.07743541831211112
id	0.08333333333333333	0.02918502455257118	0.004651162790697674	0.0	0.018518518518518517	0.06252582004461704	0.203871543264942	0.10412734938731066	0.15573283203187763	0.04227212880202868	0.014492753623188406	0.00980392156862745	0.30512449134423064	1.0	0.0997932390292403	0.21491786629697096	0.2880031597746944	0.00980392156862745	0.029726516052318668	0.00980392156862745	0.125	0.02973570008260513	0.03117215290325853	0.031160374753032655	0.2114992236448897	0.026257888417263692	0.03354366995988411	0.125	0.028846153846153848	0.029266798594234825	0.19160396716826267	0.08333333333333333	0.21428571428571427	0.18279184444289012	0.16666666666666666	0.052248339881896096
it	0.02127659574468085	0.04086100379323636	0.0015772870662460567	0.0	0.02247191011235955	0.09476309226932668	0.1011146813774277	0.14969124870644615	0.15706806282722513	0.05906090213318168	0.08695652173913043	0.005681818181818182	0.1333261106831022	0.0997932390292403	1.0	0.19491525423728814	0.13722989693654059	0.005681818181818182	0.041423570595099185	0.005681818181818182	0.031914893617021274	0.042756010757959866	0.05042016806722689	0.04879518072289157	0.12774640556362998	0.04739336492890995	0.03994673768308921	0.031914893617021274	0.022727272727272728	0.04042558692729341	0.14475167028898012	0.02127659574468085	0.15	0.11990351364043889	0.0425531914893617	0.0691699604743083
ja	0.017857142857142856	0.03709168433561844	0.0034482758620689655	0.006578947368421052	0.025974025974025976	0.09462915601023018	0.1687122145096283	0.1488398874991617	0.17897727272727273	0.05741094197065351	0.07142857142857142	0.006578947368421052	0.20199840922648638	0.21491786629697096	0.19491525423728814	1.0	0.2149495612726079	0.006578947368421052	0.03755868544600939	0.006578947368421052	0.026785714285714284	0.03706791584799696	0.045838359469240045	0.04550970873786408	0.16979552235267822	0.0441527446300716	0.03770883160264398	0.026785714285714284	0.01282051282051282	0.03669123894149506	0.22642191226421912	0.017857142857142856	0.1271186440677966	0.146875	0.03571428571428571	0.0696969696969697
ko	0.023809523809523808	0.04456484903754239	0.005235602094240838	0.0	0.024390243902439025	0.09866840303333918	0.21763608812215876	0.1655278837592019	0.23306417468094115	0.06821239051352689	0.04891304347826087	0.006172839506172839	0.42969941354535734	0.2880031597746944	0.13722989693654059	0.2149495612726079	1.0	0.006172839506172839	0.044326241134751775	0.006172839506172839	0.03571428571428571	0.045171986974460225	0.048302086815090864	0.04910844835653293	0.3335320566374935	0.039158715654626114	0.05089060853149465	0.03571428571428571	0.012048192771084338	0.04387008725849829	0.15876820896355417	0.023809523809523808	0.13829787234042554	0.27225773017792365	0.047619047619047616	0.08376938745641138
lv	0.14285714285714285	0.0005773672055427252	0.00819672131147541	0.0	0.1	0.0012853470437017994	0.006329113924050633	0.001953125	0.003067484662576687	0.0008278145695364238	0.025	0.5	0.006756756756756757	0.00980392156862745	0.005681818181818182	0.006578947368421052	0.006172839506172839	0.5	0.0005952380952380953	0.5	0.21428571428571427	0.0005868544600938967	0.0006031363088057901	0.0006075334143377885	0.0043859649122807015	0.0005980861244019139	0.0	0.21428571428571427	0.125	0.000580046403712297	0.007142857142857143	0.14285714285714285	0.19444444444444445	0.003816793893129771	0.2857142857142857	0.0010245901639344263
mk	0.125	0.48385236447520186	0.006666666666666667	0.0005952380952380953	0.0017814726840855108	0.21536670547147846	0.04702380952380952	0.13646922183507548	0.09069493521790342	0.33371824480369516	0.007674144037780401	0.0005952380952380953	0.042111506524317915	0.029726516052318668	0.041423570595099185	0.03755868544600939	0.044326241134751775	0.0005952380952380953	0.5	0.0005952380952380953	0.1875	0.486013986013986	0.4591954022988506	0.461271676300578	0.0665083135391924	0.4632183908045977	0.4045138888888889	0.1875	0.002380952380952381	0.4838150289017341	0.03909952606635071	0.125	0.2222222222222222	0.07591933570581258	0.25	0.2703016241299304
ml	0.2	0.0005773672055427252	0.009615384615384616	0.0	0.1	0.0012853470437017994	0.006329113924050633	0.001953125	0.003067484662576687	0.0008278145695364238	0.025	0.5	0.006756756756756757	0.00980392156862745	0.005681818181818182	0.006578947368421052	0.006172839506172839	0.5	0.0005952380952380953	0.5	0.3	0.0005868544600938967	0.0006031363088057901	0.0006075334143377885	0.0043859649122807015	0.0005980861244019139	0.0	0.3	0.125	0.000580046403712297	0.007142857142857143	0.2	0.1388888888888889	0.003816793893129771	0.4	0.0010245901639344263
mr	0.3333333333333333	0.1875	0.0	0.15	0.13636363636363635	0.023809523809523808	0.15	0.010948905109489052	0.029411764705882353	0.02112676056338028	0.046875	0.10714285714285714	0.075	0.125	0.031914893617021274	0.026785714285714284	0.03571428571428571	0.21428571428571427	0.1875	0.3	0.5	0.03488372093023256	0.04054054054054054	0.03409090909090909	0.11538461538461539	0.025423728813559324	0.1875	0.1	0.11538461538461539	0.09375	0.04838709677419355	0.3333333333333333	0.08333333333333333	0.09375	0.375	0.03
nl	0.023255813953488372	0.5102431611976723	0.001006036217303823	0.0005868544600938967	0.0023446658851113715	0.21493808126031566	0.04726656459822264	0.1440575902810558	0.09085465763050671	0.36385750529366995	0.007566938300349243	0.0005868544600938967	0.0441439789542103	0.02973570008260513	0.042756010757959866	0.03706791584799696	0.045171986974460225	0.0005868544600938967	0.486013986013986	0.0005868544600938967	0.03488372093023256	1.0	0.46931380974989984	0.47010436603874955	0.07036300847872395	0.47749367392428277	0.4181620623367281	0.03488372093023256	0.002347417840375587	0.49296085008446977	0.03986407294316229	0.023255813953488372	0.14893617021276595	0.07604148069401898	0.046511627906976744	0.2792448597102757
pl	0.02702702702702703	0.4630683869105353	0.0022026431718061676	0.0006031363088057901	0.0024096385542168677	0.2265175763639748	0.04836375884911804	0.1523437974130432	0.09785449245476359	0.35732825632951193	0.012062726176115802	0.0006031363088057901	0.04466880827077712	0.03117215290325853	0.05042016806722689	0.045838359469240045	0.048302086815090864	0.0006031363088057901	0.4591954022988506	0.0006031363088057901	0.04054054054054054	0.46931380974989984	1.0	0.48989791806309596	0.06970366010815247	0.4643677228384864	0.3871440221462696	0.04054054054054054	0.0024125452352231603	0.46035834071545095	0.04156626506024096	0.02702702702702703	0.125	0.07936099650958091	0.05405405405405406	0.2906650603081363
pt	0.022727272727272728	0.4627019200090944	0.002070393374741201	0.0006075334143377885	0.0024271844660194173	0.22986765948410243	0.04816505394794084	0.15068608494979105	0.09613059250302297	0.35730480197695175	0.011529126213592233	0.0006075334143377885	0.043642218856615504	0.031160374753032655	0.04879518072289157	0.04550970873786408	0.04910844835653293	0.0006075334143377885	0.461271676300578	0.0006075334143377885	0.03409090909090909	0.47010436603874955	0.48989791806309596	1.0	0.06957389085585752	0.45937117313756715	0.3880049767143606	0.03409090909090909	0.002430133657351154	0.46014092164296627	0.041868932038834954	0.022727272727272728	0.17391304347826086	0.07910473408368417	0.045454545454545456	0.29216360647052514
ro	0.07692307692307693	0.06937847453265077	0.006493506493506494	0.0	0.01293103448275862	0.14517481373029453	0.24326733153805313	0.2663815928517753	0.3266780330222541	0.10377695693403029	0.027559055118110236	0.0043859649122807015	0.3626293297345929	0.2114992236448897	0.12774640556362998	0.16979552235267822	0.3335320566374935	0.0043859649122807015	0.0665083135391924	0.0043859649122807015	0.11538461538461539	0.07036300847872395	0.06970366010815247	0.06957389085585752	1.0	0.05362082304094638	0.07972388920244755	0.11538461538461539	0.013043478260869565	0.06789651572260268	0.14467448210110245	0.07692307692307693	0.23809523809523808	0.4056647119279367	0.15384615384615385	0.11929996675537469
ru	0.01694915254237288	0.4674212800954711	0.0014749262536873156	0.0005980861244019139	0.0023894862604540022	0.20378320058430024	0.040859625223261586	0.13347756564779995	0.08033324641671609	0.3329162872055707	0.011961722488038277	0.0005980861244019139	0.03788889466419484	0.026257888417263692	0.04739336492890995	0.0441527446300716	0.039158715654626114	0.0005980861244019139	0.4632183908045977	0.0005980861244019139	0.025423728813559324	0.47749367392428277	0.4643677228384864	0.45937117313756715	0.05362082304094638	1.0	0.38821440678592795	0.025423728813559324	0.0023923444976076554	0.46472950940351654	0.04121863799283154	0.01694915254237288	0.12096774193548387	0.0629157165668925	0.03389830508474576	0.2688479896415977
sh	0.125	0.42764470856396897	0.005434782608695652	0.0006915629322268327	0.0020689655172413794	0.17197221864029064	0.05025721865999715	0.14418373649333477	0.09472567718553472	0.4031785991249603	0.006130790190735695	0.0	0.04720857080775511	0.03354366995988411	0.03994673768308921	0.03770883160264398	0.05089060853149465	0.0	0.4045138888888889	0.0	0.1875	0.4181620623367281	0.3871440221462696	0.3880049767143606	0.07972388920244755	0.38821440678592795	1.0	0.1875	0.001379310344827586	0.4216342360463182	0.04099888567375299	0.125	0.2222222222222222	0.08260648611710064	0.25	0.316161059707433
si	0.125	0.1875	0.02702702702702703	0.15	0.13636363636363635	0.023809523809523808	0.15	0.010948905109489052	0.029411764705882353	0.02112676056338028	0.046875	0.10714285714285714	0.075	0.125	0.031914893617021274	0.026785714285714284	0.03571428571428571	0.21428571428571427	0.1875	0.3	0.1	0.03488372093023256	0.04054054054054054	0.03409090909090909	0.11538461538461539	0.025423728813559324	0.1875	0.5	0.11538461538461539	0.09375	0.04838709677419355	0.125	0.08333333333333333	0.09375	0.2	0.03
simple	0.07692307692307693	0.0023094688221709007	0.006756756756756757	0.0	0.14285714285714285	0.005141388174807198	0.006097560975609756	0.0078125	0.012269938650306749	0.0033112582781456954	0.045454545454545456	0.125	0.013157894736842105	0.028846153846153848	0.022727272727272728	0.01282051282051282	0.012048192771084338	0.125	0.002380952380952381	0.125	0.11538461538461539	0.002347417840375587	0.0024125452352231603	0.002430133657351154	0.013043478260869565	0.0023923444976076554	0.001379310344827586	0.11538461538461539	0.5	0.002320185614849188	0.02112676056338028	0.07692307692307693	0.20454545454545456	0.011363636363636364	0.15384615384615385	0.004098360655737705
sr	0.0625	0.5037507820747859	0.0037593984962406013	0.000580046403712297	0.002317497103128621	0.21499642282154016	0.047143362363083405	0.13918221914412773	0.08788452887427656	0.3428680109835208	0.007479861910241657	0.000580046403712297	0.04200041854403749	0.029266798594234825	0.04042558692729341	0.03669123894149506	0.04387008725849829	0.000580046403712297	0.4838150289017341	0.000580046403712297	0.09375	0.49296085008446977	0.46035834071545095	0.46014092164296627	0.06789651572260268	0.46472950940351654	0.4216342360463182	0.09375	0.002320185614849188	1.0	0.03810623556581986	0.0625	0.20833333333333334	0.07526693962748876	0.125	0.27226568339229656
sv	0.03225806451612903	0.03860592221081443	0.001838235294117647	0.007142857142857143	0.020833333333333332	0.08863365550112538	0.15511069423659268	0.12017322775764595	0.143646408839779	0.055304651225305604	0.03571428571428571	0.007142857142857143	0.16928172942817293	0.19160396716826267	0.14475167028898012	0.22642191226421912	0.15876820896355417	0.007142857142857143	0.03909952606635071	0.007142857142857143	0.04838709677419355	0.03986407294316229	0.04156626506024096	0.041868932038834954	0.14467448210110245	0.04121863799283154	0.04099888567375299	0.04838709677419355	0.02112676056338028	0.03810623556581986	1.0	0.03225806451612903	0.18055555555555555	0.12941365979381442	0.06451612903225806	0.06393612382821015
te	0.5	0.125	0.0	0.1	0.09090909090909091	0.015873015873015872	0.1	0.0072992700729927005	0.0196078431372549	0.014084507042253521	0.03125	0.07142857142857142	0.05	0.08333333333333333	0.02127659574468085	0.017857142857142856	0.023809523809523808	0.14285714285714285	0.125	0.2	0.3333333333333333	0.023255813953488372	0.02702702702702703	0.022727272727272728	0.07692307692307693	0.01694915254237288	0.125	0.125	0.07692307692307693	0.0625	0.03225806451612903	0.5	0.05555555555555555	0.0625	0.25	0.02
tr	0.05555555555555555	0.18421052631578946	-1.0	0.2	0.13043478260869565	0.1044776119402985	0.2	0.06569343065693431	0.12727272727272726	0.10135135135135136	0.125	0.16666666666666666	0.13333333333333333	0.21428571428571427	0.15	0.1271186440677966	0.13829787234042554	0.19444444444444445	0.2222222222222222	0.1388888888888889	0.08333333333333333	0.14893617021276595	0.125	0.17391304347826086	0.23809523809523808	0.12096774193548387	0.2222222222222222	0.08333333333333333	0.20454545454545456	0.20833333333333334	0.18055555555555555	0.05555555555555555	1.0	0.18	0.1111111111111111	0.15384615384615385
vi	0.0625	0.07564054600801515	0.006993006993006993	0.0	0.015151515151515152	0.15849765038327635	0.1923322005097706	0.26336764682489183	0.3271021424730422	0.10183747136497873	0.024305555555555556	0.003816793893129771	0.26631819208687457	0.18279184444289012	0.11990351364043889	0.146875	0.27225773017792365	0.003816793893129771	0.07591933570581258	0.003816793893129771	0.09375	0.07604148069401898	0.07936099650958091	0.07910473408368417	0.4056647119279367	0.0629157165668925	0.08260648611710064	0.09375	0.011363636363636364	0.07526693962748876	0.12941365979381442	0.0625	0.18	1.0	0.125	0.12550023110981365
war	0.25	0.25	0.038461538461538464	0.2	0.18181818181818182	0.031746031746031744	0.2	0.014598540145985401	0.0392156862745098	0.028169014084507043	0.0625	0.14285714285714285	0.1	0.16666666666666666	0.0425531914893617	0.03571428571428571	0.047619047619047616	0.2857142857142857	0.25	0.4	0.375	0.046511627906976744	0.05405405405405406	0.045454545454545456	0.15384615384615385	0.03389830508474576	0.25	0.2	0.15384615384615385	0.125	0.06451612903225806	0.25	0.1111111111111111	0.125	1.0	0.04
zh	0.02	0.2736730790223932	0.002631578947368421	0.0010245901639344263	0.00408997955010225	0.18158352573900036	0.07398103401112428	0.18956793680831938	0.14770761499480095	0.3941435294117647	0.01417004048582996	0.0010245901639344263	0.07743541831211112	0.052248339881896096	0.0691699604743083	0.0696969696969697	0.08376938745641138	0.0010245901639344263	0.2703016241299304	0.0010245901639344263	0.03	0.2792448597102757	0.2906650603081363	0.29216360647052514	0.11929996675537469	0.2688479896415977	0.316161059707433	0.03	0.004098360655737705	0.27226568339229656	0.06393612382821015	0.02	0.15384615384615385	0.12550023110981365	0.04	1.0
