arz	bs	ceb	ckb	da	de	el	en	es	fr	he	hi	hu	id	it	ja	ko	lv	mk	ml	mr	nl	pl	pt	ro	ru	sh	si	simple	sr	sv	te	vi	war	zh
arz	1.0	1.0	0.0	1.0	0.39564392373896007	0.585786437626905	1.0	0.28989794855663564	1.0	0.5	1.0	1.0	1.0	0.5	0.21209649407822986	1.0	1.0	1.0	1.0	1.0	1.0	1.0	1.0	0.5	1.0	1.0	0.585786437626905	1.0	1.0	1.0	0.585786437626905	1.0	1.0	1.0	1.0
bs	1.0	1.0	0.0	0.5	0.1043463396406381	0.1274942921283477	0.1370210657559585	0.08807844605821673	0.11274629762360332	0.10759517854274964	0.13367660240019172	0.32449979983983984	0.2402530733520421	0.10795035977901972	0.09252431375420689	0.12421070591499198	0.11895470978053815	0.2674788903885893	0.15894454156034005	0.353889367864523	0.5	0.1214388382210642	0.11598205821329008	0.1077494862257035	0.15460516421442652	0.11482383924921312	0.11026692426736756	1.0	0.24257131419419417	0.11631975617439125	0.14229378603797288	1.0	0.14342762372277804	0.44948974278317805	0.11556422070450495
ceb	0.0	0.0	1.0	0.0	1.0	1.0	1.0	1.0	1.0	1.0	1.0	1.0	1.0	1.0	1.0	1.0	1.0	1.0	1.0	0.0	1.0	1.0	1.0	1.0	1.0	1.0	1.0	0.0	1.0	1.0	1.0	0.0	1.0	0.0	1.0
ckb	1.0	0.5	0.0	1.0	1.0	1.0	1.0	0.585786437626905	1.0	1.0	1.0	1.0	1.0	1.0	1.0	1.0	1.0	1.0	1.0	1.0	1.0	0.585786437626905	1.0	0.585786437626905	1.0	1.0	0.585786437626905	1.0	1.0	1.0	0.585786437626905	1.0	1.0	1.0	1.0
da	0.39564392373896007	0.1043463396406381	1.0	1.0	1.0	0.010449769105270713	0.01997392896487374	0.017186367522437497	0.008945872014773181	0.008832529239055214	0.013119179341039788	0.10523988790674559	0.024325562692193034	0.010849319447162175	0.016029534440528164	0.011099658205404622	0.011279969260551732	0.06784425033914183	0.07398279809643935	0.1809073112342927	0.18905299528192201	0.013485573987124128	0.011403994749076442	0.010780567584127041	0.017057042604766346	0.009428128566824415	0.013233314824124081	0.44948974278317805	0.03376060477815829	0.011360863665787225	0.01064894282084539	1.0	0.015355727948328108	0.3333333333333333	0.010679357278963724
de	0.585786437626905	0.1274942921283477	1.0	1.0	0.010449769105270713	1.0	0.13543579037488937	0.003315197500896791	0.023181051358916266	0.005884325932796216	0.0934084597300509	0.2742918851774318	0.1437155838813476	0.014384412039172416	0.004252879803224201	0.07483046669207452	0.07462911140842712	0.23166247903554	0.1680743603534397	0.5	0.39564392373896007	0.005487229405620915	0.019653450438796988	0.008246583805613045	0.13344744727755595	0.028348570591816953	0.03234943404323423	1.0	0.1365270594958143	0.07337117312501633	0.023166686696898683	1.0	0.14732056773523425	1.0	0.08270931562630669
el	1.0	0.1370210657559585	1.0	1.0	0.01997392896487374	0.13543579037488937	1.0	0.008315688167908114	0.11732548830074842	0.06569129007610301	1.0	1.0	0.5	0.07366903584381901	0.008988553771325757	1.0	1.0	0.5	1.0	1.0	1.0	0.027092822847493942	0.09633139677755011	0.07894365875728425	0.34833147735478825	1.0	0.06372203776794474	1.0	0.21551468935838852	0.4142135623730951	0.08405305612612894	1.0	1.0	1.0	1.0
en	0.28989794855663564	0.08807844605821673	1.0	0.585786437626905	0.017186367522437497	0.003315197500896791	0.008315688167908114	1.0	0.003251126554424174	0.00589663599501347	0.005900745166757941	0.04148211349887239	0.008096876759906755	0.005156772664732247	0.018892533409491177	0.0043283435914794844	0.004681062933043375	0.025933975651947	0.014810361250505702	0.07983160456747262	0.09364914489897824	0.01581110500920075	0.004174393206444917	0.0053206928474279856	0.008340484161627262	0.002342449333320974	0.006034242385840329	0.20856217852254144	0.021691265992031444	0.004080877668263246	0.005649168348110423	0.4142135623730951	0.006716716368390294	0.5	0.004525197131013862
es	1.0	0.11274629762360332	1.0	1.0	0.008945872014773181	0.023181051358916266	0.11732548830074842	0.003251126554424174	1.0	0.003952198679338519	0.07422346882174814	0.22646721143623746	0.10619934293988158	0.006831171244553353	0.003864833434360169	0.040100381830719664	0.05118838997163981	0.21089672205953397	0.17706699104120874	0.2402530733520421	0.5	0.005058417210104016	0.016965518347818436	0.004497451980802609	0.10027377942146344	0.008641986380794199	0.017739406521957074	1.0	0.12362625782333488	0.04354045331959964	0.013733128408179992	1.0	0.09099185217605	1.0	0.04682345679728872
fr	0.5	0.10759517854274964	1.0	1.0	0.008832529239055214	0.005884325932796216	0.06569129007610301	0.00589663599501347	0.003952198679338519	1.0	0.030701084170590268	0.2898979485566356	0.0601956539484902	0.005935388579261572	0.005701222380661829	0.011412908852292106	0.013872277749529992	0.1512290518085545	0.10710461314257713	0.4142135623730951	0.2791745113185196	0.005812131574277605	0.00765995481809669	0.005246220862280515	0.03765930165392833	0.0032973005939621247	0.01707843064764167	0.585786437626905	0.1060878539025194	0.00737317164722856	0.0111080538103055	1.0	0.037885326095590297	1.0	0.01242328595498431
he	1.0	0.13367660240019172	1.0	1.0	0.013119179341039788	0.0934084597300509	1.0	0.005900745166757941	0.07422346882174814	0.030701084170590268	1.0	1.0	0.585786437626905	0.05400079917241226	0.006895643593744469	1.0	1.0	0.44948974278317805	1.0	1.0	1.0	0.00903777036770913	0.08457120735224974	0.02469328756655741	0.34833147735478825	1.0	0.06599687083042584	1.0	0.2	0.4142135623730951	0.060128077192840294	1.0	1.0	1.0	1.0
hi	1.0	0.32449979983983984	1.0	1.0	0.10523988790674559	0.2742918851774318	1.0	0.04148211349887239	0.22646721143623746	0.2898979485566356	1.0	1.0	1.0	0.1560469703786189	0.049934342355790716	1.0	1.0	1.0	1.0	1.0	1.0	0.12010924668250575	0.2898979485566356	0.23166247903554	0.5	1.0	0.24336073281110826	1.0	0.252650308587072	1.0	0.1856154626682773	1.0	1.0	1.0	1.0
hu	1.0	0.2402530733520421	1.0	1.0	0.024325562692193034	0.1437155838813476	0.5	0.008096876759906755	0.10619934293988158	0.0601956539484902	0.585786437626905	1.0	1.0	0.08250449629137108	0.009818863181871761	1.0	0.585786437626905	0.5	1.0	1.0	0.585786437626905	0.016970479562128014	0.1151058939330986	0.08014949844107075	0.38742588672279304	0.5	0.10894145703598503	1.0	0.22966848451216434	0.38742588672279304	0.09608507269843873	1.0	0.585786437626905	1.0	0.585786437626905
id	0.5	0.10795035977901972	1.0	1.0	0.010849319447162175	0.014384412039172416	0.07366903584381901	0.005156772664732247	0.006831171244553353	0.005935388579261572	0.05400079917241226	0.1560469703786189	0.08250449629137108	1.0	0.005285547340845089	0.026779682535547467	0.02403966802081986	0.2043134457775982	0.12537377298221222	0.14165848048358798	0.3660254037844386	0.006813668346536762	0.020461313256016595	0.0070000317583232665	0.07134152053997349	0.00605166301967427	0.0344335391462879	0.585786437626905	0.10526315789473684	0.030923403167611337	0.023263432727205487	0.5	0.05794302986459342	0.5	0.0285626291566273
it	0.21209649407822986	0.09252431375420689	1.0	1.0	0.016029534440528164	0.004252879803224201	0.008988553771325757	0.018892533409491177	0.003864833434360169	0.005701222380661829	0.006895643593744469	0.049934342355790716	0.009818863181871761	0.005285547340845089	1.0	0.004885374964548538	0.005270002817053512	0.024434460059439125	0.016165727447742383	0.0654674083529933	0.07189707948934262	0.0168167547404049	0.004605838314294693	0.005447941099567388	0.009187050173395994	0.003093426904509767	0.006362355534876675	0.3164309725825328	0.025205964872232273	0.004877212153439265	0.006206965722218348	1.0	0.008308449440738608	0.39564392373896007	0.0052923376959295105
ja	1.0	0.12421070591499198	1.0	1.0	0.011099658205404622	0.07483046669207452	1.0	0.0043283435914794844	0.040100381830719664	0.011412908852292106	1.0	1.0	1.0	0.026779682535547467	0.004885374964548538	1.0	1.0	0.44948974278317805	1.0	1.0	1.0	0.006749029706912347	0.054074936670609516	0.01489567219017115	0.3203772410170407	1.0	0.04601747245462595	1.0	0.15776505912784203	0.3660254037844386	0.036910742221242285	1.0	1.0	1.0	1.0
ko	1.0	0.11895470978053815	1.0	1.0	0.011279969260551732	0.07462911140842712	1.0	0.004681062933043375	0.05118838997163981	0.013872277749529992	1.0	1.0	0.585786437626905	0.02403966802081986	0.005270002817053512	1.0	1.0	0.44948974278317805	1.0	1.0	1.0	0.007883892039297286	0.06465498894777964	0.016713723110619704	0.2989350844248255	1.0	0.05854916529003798	1.0	0.18368518446174903	0.3660254037844386	0.03220616230890625	1.0	1.0	1.0	1.0
lv	1.0	0.2674788903885893	1.0	1.0	0.06784425033914183	0.23166247903554	0.5	0.025933975651947	0.21089672205953397	0.1512290518085545	0.44948974278317805	1.0	0.5	0.2043134457775982	0.024434460059439125	0.44948974278317805	0.44948974278317805	1.0	0.585786437626905	1.0	1.0	0.06753698758857786	0.22772999919644132	0.21239994067041815	0.3660254037844386	0.44948974278317805	0.16202097927744855	1.0	0.28708594921778513	0.4142135623730951	0.20126284519300922	1.0	0.5	1.0	0.5
mk	1.0	0.15894454156034005	1.0	1.0	0.07398279809643935	0.1680743603534397	1.0	0.014810361250505702	0.17706699104120874	0.10710461314257713	1.0	1.0	1.0	0.12537377298221222	0.016165727447742383	1.0	1.0	0.585786437626905	1.0	1.0	1.0	0.07481870558640302	0.21712927295533244	0.14037600977966974	0.44948974278317805	1.0	0.12801221467776566	1.0	0.44948974278317805	0.44948974278317805	0.20894541729001367	1.0	1.0	1.0	1.0
ml	1.0	0.353889367864523	0.0	1.0	0.1809073112342927	0.5	1.0	0.07983160456747262	0.2402530733520421	0.4142135623730951	1.0	1.0	1.0	0.14165848048358798	0.0654674083529933	1.0	1.0	1.0	1.0	1.0	1.0	0.20942771453851886	0.2791745113185196	0.2958163163244893	1.0	1.0	0.23441237831492112	1.0	0.5	0.585786437626905	0.26968623182294527	1.0	1.0	1.0	1.0
mr	1.0	0.5	1.0	1.0	0.18905299528192201	0.39564392373896007	1.0	0.09364914489897824	0.5	0.2791745113185196	1.0	1.0	0.585786437626905	0.3660254037844386	0.07189707948934262	1.0	1.0	1.0	1.0	1.0	1.0	0.1975496259559987	0.3660254037844386	0.3660254037844386	1.0	1.0	0.28989794855663564	1.0	0.5	1.0	0.24336073281110826	1.0	1.0	1.0	1.0
nl	1.0	0.1214388382210642	1.0	0.585786437626905	0.013485573987124128	0.005487229405620915	0.027092822847493942	0.01581110500920075	0.005058417210104016	0.005812131574277605	0.00903777036770913	0.12010924668250575	0.016970479562128014	0.006813668346536762	0.0168167547404049	0.006749029706912347	0.007883892039297286	0.06753698758857786	0.07481870558640302	0.20942771453851886	0.1975496259559987	1.0	0.006777121753257963	0.006427016283951691	0.01303943830564598	0.004962451618709154	0.009445685203816123	0.39564392373896007	0.060832475324790324	0.006601293326633174	0.008323697935617765	1.0	0.014188282788010216	0.3660254037844386	0.007690198567352812
pl	1.0	0.11598205821329008	1.0	1.0	0.011403994749076442	0.019653450438796988	0.09633139677755011	0.004174393206444917	0.016965518347818436	0.00765995481809669	0.08457120735224974	0.2898979485566356	0.1151058939330986	0.020461313256016595	0.004605838314294693	0.054074936670609516	0.06465498894777964	0.22772999919644132	0.21712927295533244	0.2791745113185196	0.3660254037844386	0.006777121753257963	1.0	0.015667244810451075	0.09449142393735817	0.01020440751278572	0.03521757422195685	1.0	0.14593533700330263	0.0548981643696549	0.03224508476071332	1.0	0.10389023789017887	0.585786437626905	0.05741138778332521
pt	0.5	0.1077494862257035	1.0	0.585786437626905	0.010780567584127041	0.008246583805613045	0.07894365875728425	0.0053206928474279856	0.004497451980802609	0.005246220862280515	0.02469328756655741	0.23166247903554	0.08014949844107075	0.0070000317583232665	0.005447941099567388	0.01489567219017115	0.016713723110619704	0.21239994067041815	0.14037600977966974	0.2958163163244893	0.3660254037844386	0.006427016283951691	0.015667244810451075	1.0	0.05993150295502116	0.004619570964796551	0.022780912549788288	1.0	0.1102221406577905	0.017131311904975067	0.01468105399137612	1.0	0.05017005165877456	0.585786437626905	0.018191807694537446
ro	1.0	0.15460516421442652	1.0	1.0	0.017057042604766346	0.13344744727755595	0.34833147735478825	0.008340484161627262	0.10027377942146344	0.03765930165392833	0.34833147735478825	0.5	0.38742588672279304	0.07134152053997349	0.009187050173395994	0.3203772410170407	0.2989350844248255	0.3660254037844386	0.44948974278317805	1.0	1.0	0.01303943830564598	0.09449142393735817	0.05993150295502116	1.0	0.25	0.07215943822306657	0.585786437626905	0.22281267964860224	0.23441237831492112	0.07646503764749724	1.0	0.38742588672279304	1.0	0.3333333333333333
ru	1.0	0.11482383924921312	1.0	1.0	0.009428128566824415	0.028348570591816953	1.0	0.002342449333320974	0.008641986380794199	0.0032973005939621247	1.0	1.0	0.5	0.00605166301967427	0.003093426904509767	1.0	1.0	0.44948974278317805	1.0	1.0	1.0	0.004962451618709154	0.01020440751278572	0.004619570964796551	0.25	1.0	0.01587386255614959	1.0	0.14328432723886902	0.27429188517743175	0.013490942555597378	1.0	1.0	1.0	1.0
sh	0.585786437626905	0.11026692426736756	1.0	0.585786437626905	0.013233314824124081	0.03234943404323423	0.06372203776794474	0.006034242385840329	0.017739406521957074	0.01707843064764167	0.06599687083042584	0.24336073281110826	0.10894145703598503	0.0344335391462879	0.006362355534876675	0.04601747245462595	0.05854916529003798	0.16202097927744855	0.12801221467776566	0.23441237831492112	0.28989794855663564	0.009445685203816123	0.03521757422195685	0.022780912549788288	0.07215943822306657	0.01587386255614959	1.0	0.4142135623730951	0.16484708315636035	0.021394764844701736	0.05061070260400791	0.585786437626905	0.09067390975485937	0.585786437626905	0.05187887952701822
si	1.0	1.0	0.0	1.0	0.44948974278317805	1.0	1.0	0.20856217852254144	1.0	0.585786437626905	1.0	1.0	1.0	0.585786437626905	0.3164309725825328	1.0	1.0	1.0	1.0	1.0	1.0	0.39564392373896007	1.0	1.0	0.585786437626905	1.0	0.4142135623730951	1.0	1.0	1.0	1.0	1.0	1.0	1.0	1.0
simple	1.0	0.24257131419419417	1.0	1.0	0.03376060477815829	0.1365270594958143	0.21551468935838852	0.021691265992031444	0.12362625782333488	0.1060878539025194	0.2	0.252650308587072	0.22966848451216434	0.10526315789473684	0.025205964872232273	0.15776505912784203	0.18368518446174903	0.28708594921778513	0.44948974278317805	0.5	0.5	0.060832475324790324	0.14593533700330263	0.1102221406577905	0.22281267964860224	0.14328432723886902	0.16484708315636035	1.0	1.0	0.1907435698305462	0.11236308819282508	0.585786437626905	0.2193450929151803	0.585786437626905	0.17100799366294794
sr	1.0	0.11631975617439125	1.0	1.0	0.011360863665787225	0.07337117312501633	0.4142135623730951	0.004080877668263246	0.04354045331959964	0.00737317164722856	0.4142135623730951	1.0	0.38742588672279304	0.030923403167611337	0.004877212153439265	0.3660254037844386	0.3660254037844386	0.4142135623730951	0.44948974278317805	0.585786437626905	1.0	0.006601293326633174	0.0548981643696549	0.017131311904975067	0.23441237831492112	0.27429188517743175	0.021394764844701736	1.0	0.1907435698305462	1.0	0.04191695204643338	1.0	0.44948974278317805	1.0	0.3333333333333333
sv	0.585786437626905	0.14229378603797288	1.0	0.585786437626905	0.01064894282084539	0.023166686696898683	0.08405305612612894	0.005649168348110423	0.013733128408179992	0.0111080538103055	0.060128077192840294	0.1856154626682773	0.09608507269843873	0.023263432727205487	0.006206965722218348	0.036910742221242285	0.03220616230890625	0.20126284519300922	0.20894541729001367	0.26968623182294527	0.24336073281110826	0.008323697935617765	0.03224508476071332	0.01468105399137612	0.07646503764749724	0.013490942555597378	0.05061070260400791	1.0	0.11236308819282508	0.04191695204643338	1.0	1.0	0.0843908814983967	0.585786437626905	0.028834352475766205
te	1.0	1.0	0.0	1.0	1.0	1.0	1.0	0.4142135623730951	1.0	1.0	1.0	1.0	1.0	0.5	1.0	1.0	1.0	1.0	1.0	1.0	1.0	1.0	1.0	1.0	1.0	1.0	0.585786437626905	1.0	0.585786437626905	1.0	1.0	1.0	1.0	1.0	1.0
vi	1.0	0.14342762372277804	1.0	1.0	0.015355727948328108	0.14732056773523425	1.0	0.006716716368390294	0.09099185217605	0.037885326095590297	1.0	1.0	0.585786437626905	0.05794302986459342	0.008308449440738608	1.0	1.0	0.5	1.0	1.0	1.0	0.014188282788010216	0.10389023789017887	0.05017005165877456	0.38742588672279304	1.0	0.09067390975485937	1.0	0.2193450929151803	0.44948974278317805	0.0843908814983967	1.0	1.0	1.0	1.0
war	1.0	0.44948974278317805	0.0	1.0	0.3333333333333333	1.0	1.0	0.5	1.0	1.0	1.0	1.0	1.0	0.5	0.39564392373896007	1.0	1.0	1.0	1.0	1.0	1.0	0.3660254037844386	0.585786437626905	0.585786437626905	1.0	1.0	0.585786437626905	1.0	0.585786437626905	1.0	0.585786437626905	1.0	1.0	1.0	1.0
zh	1.0	0.11556422070450495	1.0	1.0	0.010679357278963724	0.08270931562630669	1.0	0.004525197131013862	0.04682345679728872	0.01242328595498431	1.0	1.0	0.585786437626905	0.0285626291566273	0.0052923376959295105	1.0	1.0	0.5	1.0	1.0	1.0	0.007690198567352812	0.05741138778332521	0.018191807694537446	0.3333333333333333	1.0	0.05187887952701822	1.0	0.17100799366294794	0.3333333333333333	0.028834352475766205	1.0	1.0	1.0	1.0
