arz	bs	ceb	ckb	da	de	el	en	es	fr	he	hi	hu	id	it	ja	ko	lv	mk	ml	mr	nl	pl	pt	ro	ru	sh	si	simple	sr	sv	te	tr	vi	war	zh
arz	1.0	0.2687523460220902	0.5461801650210423	1.0	0.3494765289315305	0.0	0.0	0.0	0.0	0.0	1.0	1.0	0.251261773198268	0.36311841312214554	0.0	0.0	0.0	0.490643170069868	1.0	1.0	1.0	0.0	0.0	0.0	0.2502153861549186	0.0	0.36168052034181325	1.0	0.27405517485495307	0.7155258672934657	0.0	1.0	1.0	0.7116768074483948	0.7248485669756152	0.0
bs	0.2687523460220902	1.0	0.2790351804621434	0.3041444949852638	0.24795155207897815	0.0	0.0	0.0	0.0	0.0	0.31713093236285717	0.30535364134901777	0.20923985329961256	0.2693005926721096	0.0	0.0	0.0	0.2643603975364536	0.3217245319240929	0.3982965835405653	0.3200625510705599	0.0	0.0	0.0	0.2585879184083676	0.0	0.25587180798658105	0.32018411691025506	0.22346401740101554	0.31761895364020565	0.0	0.3338260688524166	0.33621980320004985	0.32185382849163696	0.2878843283981387	0.0
ceb	0.5461801650210423	0.2790351804621434	1.0	0.553597750767838	0.29174841423564246	0.0	0.0	0.0	0.0	0.0	0.4545088170908136	0.4471627195570181	0.310519977305745	0.3669933525049538	0.0	0.0	0.0	0.36509442904077216	0.4471627195570181	0.46264214511882	0.45596564879996515	0.0	0.0	0.0	0.23052711859068625	0.0	0.2907204398873988	0.6701591524560107	0.3181703480169686	0.4610821250594445	0.0	0.7322034805959264	-1.0	0.399649764903717	0.4738438168572689	0.0
ckb	1.0	0.3041444949852638	0.553597750767838	1.0	0.36720419236726337	0.0	0.0	0.0	0.0	0.0	1.0	1.0	0.269340762018338	0.37591747119637364	0.0	0.0	0.0	0.40373594580137245	1.0	1.0	1.0	0.0	0.0	0.0	0.24195290691734217	0.0	0.29103332288934247	1.0	0.2413642799393475	1.0	0.0	1.0	1.0	1.0	0.7248485669756152	0.0
da	0.3494765289315305	0.24795155207897815	0.29174841423564246	0.36720419236726337	1.0	0.0	0.0	0.0	0.0	0.0	0.2044640927516883	0.22824046830116762	0.16136397687846546	0.12265938694414052	0.0	0.0	0.0	0.15090048183978694	0.18009102761269452	0.25756465617767726	0.24398023145325484	0.0	0.0	0.0	0.15942615903698365	0.0	0.15929955497313458	0.6845485002822447	0.17878548394784727	0.19126228737742546	0.0	0.5157906115121744	0.4482832751323026	0.16732777644961777	0.3792843553051004	0.0
de	0.0	0.0	0.0	0.0	0.0	1.0	1.0	1.0	1.0	1.0	0.0	0.0	0.0	0.0	1.0	1.0	1.0	0.0	0.0	0.0	0.0	0.0	0.0	1.0	0.0	1.0	0.0	0.0	0.0	0.0	1.0	0.0	0.40048891001801734	0.0	0.0	1.0
el	0.0	0.0	0.0	0.0	0.0	1.0	1.0	1.0	1.0	0.0	0.0	0.0	0.0	0.0	0.0	1.0	1.0	0.0	0.0	0.0	0.0	0.0	0.0	0.0	0.0	1.0	0.0	0.0	0.0	0.0	0.0	0.0	0.646793650404393	0.0	0.0	1.0
en	0.0	0.0	0.0	0.0	0.0	1.0	1.0	1.0	1.0	1.0	0.0	0.0	0.0	0.0	1.0	1.0	1.0	0.0	0.0	0.0	0.0	0.0	0.0	1.0	0.0	1.0	0.0	0.0	0.0	0.0	1.0	0.0	0.29789865835795787	0.0	0.0	1.0
es	0.0	0.0	0.0	0.0	0.0	1.0	1.0	1.0	1.0	1.0	0.0	0.0	0.0	0.0	1.0	1.0	1.0	0.0	0.0	0.0	0.0	0.0	0.0	1.0	0.0	1.0	0.0	0.0	0.0	0.0	1.0	0.0	0.29278315240663927	0.0	0.0	1.0
fr	0.0	0.0	0.0	0.0	0.0	1.0	0.0	1.0	1.0	1.0	0.0	0.0	0.0	0.0	1.0	0.0	0.0	0.0	0.0	0.0	0.0	0.0	0.0	1.0	0.0	0.0	0.0	0.0	0.0	0.0	1.0	0.0	0.3246462702698643	0.0	0.0	1.0
he	1.0	0.31713093236285717	0.4545088170908136	1.0	0.2044640927516883	0.0	0.0	0.0	0.0	0.0	1.0	1.0	0.251855846376913	0.16556744445413063	0.0	0.0	0.0	0.1946001722630848	1.0	1.0	1.0	0.0	0.0	0.0	0.202243211954332	0.0	0.2360485069418076	1.0	0.22478945265002284	0.5782032259014134	0.0	1.0	0.6400379234232124	0.257056996282604	0.6532002319725722	0.0
hi	1.0	0.30535364134901777	0.4471627195570181	1.0	0.22824046830116762	0.0	0.0	0.0	0.0	0.0	1.0	1.0	0.23642462912630127	0.20627728218667843	0.0	0.0	0.0	0.21295183805918008	1.0	1.0	1.0	0.0	0.0	0.0	0.26202213826467124	0.0	0.2508703154646859	1.0	0.18003541184799904	0.6284056874597395	0.0	1.0	0.6994017365373274	0.26932932647887076	0.6532002319725722	0.0
hu	0.251261773198268	0.20923985329961256	0.310519977305745	0.269340762018338	0.16136397687846546	0.0	0.0	0.0	0.0	0.0	0.251855846376913	0.23642462912630127	1.0	0.12508689678707458	0.0	0.0	0.0	0.16438139216863046	0.2526263964382294	0.2670800868224465	0.2854847221587343	0.0	0.0	0.0	0.15550887656297901	0.0	0.17425738030678312	0.32738533721382973	0.16838110510046594	0.252248235497869	0.0	0.5136292907529773	0.7510341748895939	0.2469763953398085	0.39626045079920263	0.0
id	0.36311841312214554	0.2693005926721096	0.3669933525049538	0.37591747119637364	0.12265938694414052	0.0	0.0	0.0	0.0	0.0	0.16556744445413063	0.20627728218667843	0.12508689678707458	1.0	0.0	0.0	0.0	0.12543773447332182	0.14175442124644905	0.2150051987182882	0.2685847211891698	0.0	0.0	0.0	0.12447504887602855	0.0	0.15169862338612672	0.5089950750759902	0.12663007624699474	0.1456199754888194	0.0	0.4480100029790514	0.44634382456837635	0.11835002475384643	0.47232782093202785	0.0
it	0.0	0.0	0.0	0.0	0.0	1.0	0.0	1.0	1.0	1.0	0.0	0.0	0.0	0.0	1.0	0.0	0.0	0.0	0.0	0.0	0.0	0.0	0.0	1.0	0.0	0.0	0.0	0.0	0.0	0.0	1.0	0.0	0.412181517456798	0.0	0.0	1.0
ja	0.0	0.0	0.0	0.0	0.0	1.0	1.0	1.0	1.0	0.0	0.0	0.0	0.0	0.0	0.0	1.0	1.0	0.0	0.0	0.0	0.0	0.0	0.0	0.0	0.0	1.0	0.0	0.0	0.0	0.0	0.0	0.0	0.4715380015628249	0.0	0.0	1.0
ko	0.0	0.0	0.0	0.0	0.0	1.0	1.0	1.0	1.0	0.0	0.0	0.0	0.0	0.0	0.0	1.0	1.0	0.0	0.0	0.0	0.0	0.0	0.0	0.0	0.0	1.0	0.0	0.0	0.0	0.0	0.0	0.0	0.6102153148733277	0.0	0.0	1.0
lv	0.490643170069868	0.2643603975364536	0.36509442904077216	0.40373594580137245	0.15090048183978694	0.0	0.0	0.0	0.0	0.0	0.1946001722630848	0.21295183805918008	0.16438139216863046	0.12543773447332182	0.0	0.0	0.0	1.0	0.1911109548003146	0.21064139018072475	0.24865753116128828	0.0	0.0	0.0	0.15288911626406143	0.0	0.1733461114044205	0.6167131210802119	0.159521835125337	0.21709537013727903	0.0	0.7234532828151787	0.4543902994688804	0.14691059206871046	0.5165524157200969	0.0
mk	1.0	0.3217245319240929	0.4471627195570181	1.0	0.18009102761269452	0.0	0.0	0.0	0.0	0.0	1.0	1.0	0.2526263964382294	0.14175442124644905	0.0	0.0	0.0	0.1911109548003146	1.0	1.0	1.0	0.0	0.0	0.0	0.16496489763529631	0.0	0.19250519730510204	1.0	0.2248113535934797	0.5409639376672983	0.0	1.0	0.7510341748895938	0.23534066851252086	0.6549329476340924	0.0
ml	1.0	0.3982965835405653	0.46264214511882	1.0	0.25756465617767726	0.0	0.0	0.0	0.0	0.0	1.0	1.0	0.2670800868224465	0.2150051987182882	0.0	0.0	0.0	0.21064139018072475	1.0	1.0	1.0	0.0	0.0	0.0	0.20416149734940822	0.0	0.241598305615838	1.0	0.1931638178336695	0.627146628430781	0.0	1.0	0.6286737270540138	0.2652042960000109	0.6549329476340924	0.0
mr	1.0	0.3200625510705599	0.45596564879996515	1.0	0.24398023145325484	0.0	0.0	0.0	0.0	0.0	1.0	1.0	0.2854847221587343	0.2685847211891698	0.0	0.0	0.0	0.24865753116128828	1.0	1.0	1.0	0.0	0.0	0.0	0.2709894690039539	0.0	0.24887428505651432	1.0	0.23988219464535127	0.5847459768547248	0.0	1.0	1.0	0.2728622040049066	0.6549329476340924	0.0
nl	0.0	0.0	0.0	0.0	0.0	0.0	0.0	0.0	0.0	0.0	0.0	0.0	0.0	0.0	0.0	0.0	0.0	0.0	0.0	0.0	0.0	1.0	0.0	0.0	0.0	0.0	0.0	0.0	0.0	0.0	0.0	0.0	0.29319282406987984	0.0	0.0	0.0
pl	0.0	0.0	0.0	0.0	0.0	0.0	0.0	0.0	0.0	0.0	0.0	0.0	0.0	0.0	0.0	0.0	0.0	0.0	0.0	0.0	0.0	0.0	0.0	0.0	0.0	0.0	0.0	0.0	0.0	0.0	0.0	0.0	0.3882092918768453	0.0	0.0	0.0
pt	0.0	0.0	0.0	0.0	0.0	1.0	0.0	1.0	1.0	1.0	0.0	0.0	0.0	0.0	1.0	0.0	0.0	0.0	0.0	0.0	0.0	0.0	0.0	1.0	0.0	0.0	0.0	0.0	0.0	0.0	1.0	0.0	0.39358013272720777	0.0	0.0	1.0
ro	0.2502153861549186	0.2585879184083676	0.23052711859068625	0.24195290691734217	0.15942615903698365	0.0	0.0	0.0	0.0	0.0	0.202243211954332	0.26202213826467124	0.15550887656297901	0.12447504887602855	0.0	0.0	0.0	0.15288911626406143	0.16496489763529631	0.20416149734940822	0.2709894690039539	0.0	0.0	0.0	1.0	0.0	0.16541698633480934	0.3293210773077638	0.15733745136680555	0.18501387429203345	0.0	0.3340667153043015	0.6290128041382893	0.17228677697031577	0.24116392847769366	0.0
ru	0.0	0.0	0.0	0.0	0.0	1.0	1.0	1.0	1.0	0.0	0.0	0.0	0.0	0.0	0.0	1.0	1.0	0.0	0.0	0.0	0.0	0.0	0.0	0.0	0.0	1.0	0.0	0.0	0.0	0.0	0.0	0.0	0.4099825486969266	0.0	0.0	1.0
sh	0.36168052034181325	0.25587180798658105	0.2907204398873988	0.29103332288934247	0.15929955497313458	0.0	0.0	0.0	0.0	0.0	0.2360485069418076	0.2508703154646859	0.17425738030678312	0.15169862338612672	0.0	0.0	0.0	0.1733461114044205	0.19250519730510204	0.241598305615838	0.24887428505651432	0.0	0.0	0.0	0.16541698633480934	0.0	1.0	0.33516709813139683	0.17527455277580337	0.21778575557920224	0.0	0.3227453311900531	0.624189979968684	0.16155850067705954	0.34974820437918364	0.0
si	1.0	0.32018411691025506	0.6701591524560107	1.0	0.6845485002822447	0.0	0.0	0.0	0.0	0.0	1.0	1.0	0.32738533721382973	0.5089950750759902	0.0	0.0	0.0	0.6167131210802119	1.0	1.0	1.0	0.0	0.0	0.0	0.3293210773077638	0.0	0.33516709813139683	1.0	0.6822977514629122	1.0	0.0	1.0	1.0	1.0	1.0	0.0
simple	0.27405517485495307	0.22346401740101554	0.3181703480169686	0.2413642799393475	0.17878548394784727	0.0	0.0	0.0	0.0	0.0	0.22478945265002284	0.18003541184799904	0.16838110510046594	0.12663007624699474	0.0	0.0	0.0	0.159521835125337	0.2248113535934797	0.1931638178336695	0.23988219464535127	0.0	0.0	0.0	0.15733745136680555	0.0	0.17527455277580337	0.6822977514629122	1.0	0.23747440235261277	0.0	0.5882745708346903	0.4093820009495154	0.15877148907678865	0.38031210013708233	0.0
sr	0.7155258672934657	0.31761895364020565	0.4610821250594445	1.0	0.19126228737742546	0.0	0.0	0.0	0.0	0.0	0.5782032259014134	0.6284056874597395	0.252248235497869	0.1456199754888194	0.0	0.0	0.0	0.21709537013727903	0.5409639376672983	0.627146628430781	0.5847459768547248	0.0	0.0	0.0	0.18501387429203345	0.0	0.21778575557920224	1.0	0.23747440235261277	1.0	0.0	1.0	0.624846693087927	0.257219430177275	0.6501445840862392	0.0
sv	0.0	0.0	0.0	0.0	0.0	1.0	0.0	1.0	1.0	1.0	0.0	0.0	0.0	0.0	1.0	0.0	0.0	0.0	0.0	0.0	0.0	0.0	0.0	1.0	0.0	0.0	0.0	0.0	0.0	0.0	1.0	0.0	0.5146982085296548	0.0	0.0	1.0
te	1.0	0.3338260688524166	0.7322034805959264	1.0	0.5157906115121744	0.0	0.0	0.0	0.0	0.0	1.0	1.0	0.5136292907529773	0.4480100029790514	0.0	0.0	0.0	0.7234532828151787	1.0	1.0	1.0	0.0	0.0	0.0	0.3340667153043015	0.0	0.3227453311900531	1.0	0.5882745708346903	1.0	0.0	1.0	0.7106922308883379	1.0	1.0	0.0
tr	1.0	0.33621980320004985	-1.0	1.0	0.4482832751323026	0.40048891001801734	0.646793650404393	0.29789865835795787	0.29278315240663927	0.3246462702698643	0.6400379234232124	0.6994017365373274	0.7510341748895939	0.44634382456837635	0.412181517456798	0.4715380015628249	0.6102153148733277	0.4543902994688804	0.7510341748895938	0.6286737270540138	1.0	0.29319282406987984	0.3882092918768453	0.39358013272720777	0.6290128041382893	0.4099825486969266	0.624189979968684	1.0	0.4093820009495154	0.624846693087927	0.5146982085296548	0.7106922308883379	1.0	0.45171746071631963	0.8216064286890065	0.46169550819769606
vi	0.7116768074483948	0.32185382849163696	0.399649764903717	1.0	0.16732777644961777	0.0	0.0	0.0	0.0	0.0	0.257056996282604	0.26932932647887076	0.2469763953398085	0.11835002475384643	0.0	0.0	0.0	0.14691059206871046	0.23534066851252086	0.2652042960000109	0.2728622040049066	0.0	0.0	0.0	0.17228677697031577	0.0	0.16155850067705954	1.0	0.15877148907678865	0.257219430177275	0.0	1.0	0.45171746071631963	1.0	0.5705826105710209	0.0
war	0.7248485669756152	0.2878843283981387	0.4738438168572689	0.7248485669756152	0.3792843553051004	0.0	0.0	0.0	0.0	0.0	0.6532002319725722	0.6532002319725722	0.39626045079920263	0.47232782093202785	0.0	0.0	0.0	0.5165524157200969	0.6549329476340924	0.6549329476340924	0.6549329476340924	0.0	0.0	0.0	0.24116392847769366	0.0	0.34974820437918364	1.0	0.38031210013708233	0.6501445840862392	0.0	1.0	0.8216064286890065	0.5705826105710209	1.0	0.0
zh	0.0	0.0	0.0	0.0	0.0	1.0	1.0	1.0	1.0	1.0	0.0	0.0	0.0	0.0	1.0	1.0	1.0	0.0	0.0	0.0	0.0	0.0	0.0	1.0	0.0	1.0	0.0	0.0	0.0	0.0	1.0	0.0	0.46169550819769606	0.0	0.0	1.0
