arz	bs	ceb	ckb	da	de	el	en	es	fr	he	hi	hu	id	it	ja	ko	lv	mk	ml	mr	nl	pl	pt	ro	ru	sh	si	simple	sr	sv	te	tr	vi	war	zh
arz	0.5	0.5	0.0	0.5	0.5	0.5	0.5	0.5	0.5	0.5	0.5	0.5	0.5	0.5	0.5	0.5	0.5	0.5	0.5	0.5	0.5	0.5	0.5	0.5	0.5	0.5	0.5	1.0	0.5	0.5	0.5	0.5	0.5	0.5	0.5	0.5
bs	0.5	0.0012876997943102148	1.0	1.0	0.2	0.0026687804031868736	0.012702597979935722	0.004210474025754428	0.006452195629552549	0.0017165555193948854	0.07692899408284024	1.0	0.013930870144546952	0.020031251281732217	0.013890818479938269	0.015385325680473372	0.013184960300106812	1.0	0.0011918951132300357	1.0	0.3333333333333333	0.001185882052274709	0.0012287593631941731	0.001233264595480456	0.009003492882148524	0.001218454230589857	0.0013898794136777287	0.3333333333333333	0.25	0.0011635917159137901	0.014926709957674315	0.5	0.14285714285714285	0.007699947461484322	0.25	0.002092851390136806
ceb	0.0	1.0	0.3333333333333333	0.0	1.0	0.5	0.0	0.3333333333333333	0.5	1.0	0.5	0.5	1.0	0.5	0.5	0.5	0.5	1.0	1.0	1.0	0.0	1.0	1.0	0.5	0.5	0.5	1.0	0.5	1.0	1.0	1.0	0.0	-1.0	0.5	1.0	0.5
ckb	0.5	1.0	0.0	1.0	0.0	1.0	1.0	1.0	0.0	1.0	0.0	0.0	0.0	0.0	0.0	1.0	0.0	0.0	1.0	0.0	0.3333333333333333	1.0	1.0	1.0	0.0	1.0	1.0	0.3333333333333333	0.0	1.0	1.0	0.5	0.125	0.0	0.25	1.0
da	0.5	0.2	1.0	0.0	0.2	0.25	0.5	0.25	0.25	0.25	0.3333333333333333	1.0	0.3333333333333333	0.5	0.25	0.25	0.25	1.0	0.3333333333333333	1.0	0.3333333333333333	0.25	0.25	0.25	0.3333333333333333	0.25	0.3333333333333333	0.3333333333333333	0.5	0.25	0.3333333333333333	0.5	0.16666666666666666	0.25	0.25	0.25
de	0.5	0.0026687804031868736	0.5	1.0	0.25	0.002589454065505471	0.01334062542311111	0.004743833341821326	0.006802813642463788	0.0038648982605684343	0.05555555555555555	1.0	0.014714538498056233	0.020838976996961807	0.013158067867036011	0.013513513513513514	0.013162743421745497	1.0	0.002702702702702703	1.0	0.3333333333333333	0.002696718877645629	0.0026385711600448334	0.0026247063605238322	0.009184846748445703	0.00282493058348495	0.0035342807127195994	0.3333333333333333	0.25	0.002674075652720981	0.01449338374291115	0.5	0.07142857142857142	0.00806503648543184	0.25	0.004291974433126415
el	0.5	0.012702597979935722	0.0	1.0	0.5	0.01334062542311111	0.013057731531994776	0.01360155576666054	0.015153581267217628	0.013593036330480314	0.2	1.0	0.021860288396186173	0.028659048163254687	0.03571811224489796	0.025642998027613412	0.022300013728941144	1.0	0.012658227848101266	1.0	0.3333333333333333	0.012843232633877513	0.012658548309565774	0.012821170282708743	0.018114966933732518	0.014707396626513838	0.014099202355895471	0.3333333333333333	1.0	0.01266383768690947	0.028577959183673465	0.5	0.125	0.01788045316395383	0.25	0.013891783758488041
en	0.5	0.004210474025754428	0.3333333333333333	1.0	0.25	0.004743833341821326	0.01360155576666054	0.004147199353892449	0.006623569185562036	0.004698678154640391	0.05000249999999999	1.0	0.013772970107461476	0.0196664530551016	0.012661593655023394	0.013159972645602492	0.012552875591233397	1.0	0.00425531914893617	1.0	0.3333333333333333	0.004199211210524344	0.003968931232741245	0.004016628957694278	0.008914173283016568	0.004386965393197907	0.004726031515209899	0.3333333333333333	0.25	0.004205426703396763	0.015877048123457044	0.5	0.05555555555555555	0.007647830588735696	0.25	0.004927589119124536
es	0.5	0.006452195629552549	0.5	0.0	0.25	0.006802813642463788	0.015153581267217628	0.006623569185562036	0.006139301407508905	0.006494476598161578	0.07692307692307693	1.0	0.014086490775639752	0.020001599999999998	0.016666944444444443	0.015873015873015872	0.012987518974531959	1.0	0.006493506493506494	1.0	0.3333333333333333	0.006410585141354372	0.006172839506172839	0.006289308176100629	0.009177595488679404	0.007246376811594203	0.007092248880841004	0.3333333333333333	0.25	0.006535990431030801	0.019230769230769232	0.5	0.07142857142857142	0.008621135552913198	0.25	0.006756802410518627
fr	0.5	0.0017165555193948854	1.0	1.0	0.25	0.0038648982605684343	0.013593036330480314	0.004698678154640391	0.006494476598161578	0.0018857752957701735	0.07142857142857142	1.0	0.01395809389645052	0.020054954023966013	0.013700882529555262	0.01428673469387755	0.012543276144900887	1.0	0.0017301038062283738	1.0	0.3333333333333333	0.0016999571645188046	0.0016783789694833932	0.0016838475127424696	0.008985036844434413	0.0017427796501718125	0.001732414251214253	0.3333333333333333	0.25	0.0017014183487654006	0.014928938740254399	0.5	0.06666666666666667	0.008144052389316914	0.25	0.002084749232457053
he	0.5	0.07692899408284024	0.5	0.0	0.3333333333333333	0.05555555555555555	0.2	0.05000249999999999	0.07692307692307693	0.07142857142857142	0.0500050025	1.0	0.25	0.5	0.0625	0.08333333333333333	0.1111111111111111	1.0	0.07692307692307693	1.0	0.3333333333333333	0.07692307692307693	0.05	0.05263157894736842	0.14287755102040817	0.05	0.1111111111111111	0.3333333333333333	0.5	0.07692307692307693	0.16666666666666666	0.5	0.1	0.14285714285714285	0.25	0.07142857142857142
hi	0.5	1.0	0.5	0.0	1.0	1.0	1.0	1.0	1.0	1.0	1.0	1.0	1.0	1.0	1.0	1.0	1.0	1.0	1.0	1.0	0.3333333333333333	1.0	1.0	1.0	1.0	1.0	0.0	0.3333333333333333	1.0	1.0	1.0	0.5	0.125	1.0	0.25	1.0
hu	0.5	0.013930870144546952	1.0	0.0	0.3333333333333333	0.014714538498056233	0.021860288396186173	0.013772970107461476	0.014086490775639752	0.01395809389645052	0.25	1.0	0.013856976269721901	0.022809708293110874	0.029415224913494808	0.02325960140670633	0.015225104587955344	1.0	0.014084507042253521	1.0	0.3333333333333333	0.013721749171058164	0.013699380934509287	0.014085102162269388	0.014306571623580195	0.015874023683547494	0.014941875267783712	0.3333333333333333	0.5	0.014089864710573894	0.027784723765432093	0.5	0.125	0.014724503700932983	0.25	0.01351552246165084
id	0.5	0.020031251281732217	0.5	0.0	0.5	0.020838976996961807	0.028659048163254687	0.0196664530551016	0.020001599999999998	0.020054954023966013	0.5	1.0	0.022809708293110874	0.019860641166386965	0.043478260869565216	0.026318559556786702	0.022287609055017133	1.0	0.02	1.0	0.3333333333333333	0.020021626828833246	0.0196078431372549	0.0200008	0.021914934874410427	0.022727272727272728	0.020848099832903214	0.3333333333333333	0.3333333333333333	0.020004401600400398	0.030308540863177226	0.5	0.1111111111111111	0.02175331758412287	0.25	0.0200008
it	0.5	0.013890818479938269	0.5	0.0	0.25	0.013158067867036011	0.03571811224489796	0.012661593655023394	0.016666944444444443	0.013700882529555262	0.0625	1.0	0.029415224913494808	0.043478260869565216	0.011378506871812438	0.021739130434782608	0.027783952161265432	1.0	0.014084507042253521	1.0	0.3333333333333333	0.013514609203798393	0.011904761904761904	0.012345679012345678	0.024400954788816178	0.0125	0.016666944444444443	0.3333333333333333	0.25	0.014084903788930767	0.02857142857142857	0.5	0.06666666666666667	0.023811224489795918	0.25	0.01428591836734694
ja	0.5	0.015385325680473372	0.5	1.0	0.25	0.013513513513513514	0.025642998027613412	0.013159972645602492	0.015873015873015872	0.01428673469387755	0.08333333333333333	1.0	0.02325960140670633	0.026318559556786702	0.021739130434782608	0.013166555922958102	0.021278859665006786	1.0	0.015625	1.0	0.3333333333333333	0.015625	0.013157894736842105	0.013333333333333334	0.02083897786545139	0.013513696128560994	0.017857461734693877	0.3333333333333333	0.5	0.015625244140625	0.022222222222222223	0.5	0.06666666666666667	0.021277501131733816	0.25	0.014492753623188406
ko	0.5	0.013184960300106812	0.5	0.0	0.25	0.013162743421745497	0.022300013728941144	0.012552875591233397	0.012987518974531959	0.012543276144900887	0.1111111111111111	1.0	0.015225104587955344	0.022287609055017133	0.027783952161265432	0.021278859665006786	0.012574987341723805	1.0	0.013333333333333334	1.0	0.3333333333333333	0.01317418630680785	0.012658868771030281	0.012500781249999999	0.01403862174984659	0.015151974288337923	0.013709711024592054	0.3333333333333333	0.5	0.013337601422933689	0.027780094136574073	0.5	0.07692307692307693	0.013903176899697342	0.25	0.01250140640625
lv	0.5	1.0	1.0	0.0	1.0	1.0	1.0	1.0	1.0	1.0	1.0	1.0	1.0	1.0	1.0	1.0	1.0	1.0	1.0	1.0	0.3333333333333333	1.0	1.0	1.0	1.0	1.0	0.0	0.3333333333333333	1.0	1.0	1.0	0.5	0.14285714285714285	1.0	0.25	1.0
mk	0.5	0.0011918951132300357	1.0	1.0	0.3333333333333333	0.002702702702702703	0.012658227848101266	0.00425531914893617	0.006493506493506494	0.0017301038062283738	0.07692307692307693	1.0	0.014084507042253521	0.02	0.014084507042253521	0.015625	0.013333333333333334	1.0	0.0011904761904761906	1.0	0.3333333333333333	0.001199040767386091	0.0012515644555694619	0.0012531328320802004	0.008928571428571428	0.0012406947890818859	0.001430615164520744	0.3333333333333333	0.25	0.0011947431302270011	0.015151515151515152	0.5	0.125	0.0078125	0.25	0.002145922746781116
ml	0.5	1.0	1.0	0.0	1.0	1.0	1.0	1.0	1.0	1.0	1.0	1.0	1.0	1.0	1.0	1.0	1.0	1.0	1.0	1.0	0.3333333333333333	1.0	1.0	1.0	1.0	1.0	0.0	0.3333333333333333	1.0	1.0	1.0	0.5	0.2	1.0	0.25	1.0
mr	0.5	0.3333333333333333	0.0	0.3333333333333333	0.3333333333333333	0.3333333333333333	0.3333333333333333	0.3333333333333333	0.3333333333333333	0.3333333333333333	0.3333333333333333	0.3333333333333333	0.3333333333333333	0.3333333333333333	0.3333333333333333	0.3333333333333333	0.3333333333333333	0.3333333333333333	0.3333333333333333	0.3333333333333333	0.3333333333333333	0.3333333333333333	0.3333333333333333	0.3333333333333333	0.3333333333333333	0.3333333333333333	0.3333333333333333	1.0	0.3333333333333333	0.3333333333333333	0.3333333333333333	0.5	0.3333333333333333	0.3333333333333333	0.3333333333333333	0.3333333333333333
nl	0.5	0.001185882052274709	1.0	1.0	0.25	0.002696718877645629	0.012843232633877513	0.004199211210524344	0.006410585141354372	0.0016999571645188046	0.07692307692307693	1.0	0.013721749171058164	0.020021626828833246	0.013514609203798393	0.015625	0.01317418630680785	1.0	0.001199040767386091	1.0	0.3333333333333333	0.0012445996848634876	0.0012301893371746621	0.001233156619600103	0.008970302916446187	0.001215295701202812	0.0014152698630086045	0.3333333333333333	0.25	0.0011845801265668457	0.014706963884083043	0.5	0.07142857142857142	0.0077553650631579235	0.25	0.0020881142254522943
pl	0.5	0.0012287593631941731	1.0	1.0	0.25	0.0026385711600448334	0.012658548309565774	0.003968931232741245	0.006172839506172839	0.0016783789694833932	0.05	1.0	0.013699380934509287	0.0196078431372549	0.011904761904761904	0.013157894736842105	0.012658868771030281	1.0	0.0012515644555694619	1.0	0.3333333333333333	0.0012301893371746621	0.001208866767229506	0.0012239947025344236	0.008773238073253309	0.0012484441264898278	0.00147939279962405	0.3333333333333333	0.25	0.0012346288721231515	0.014492753623188406	0.5	0.09090909090909091	0.007633762601247013	0.25	0.002066141315483915
pt	0.5	0.001233264595480456	0.5	1.0	0.25	0.0026247063605238322	0.012821170282708743	0.004016628957694278	0.006289308176100629	0.0016838475127424696	0.05263157894736842	1.0	0.014085102162269388	0.0200008	0.012345679012345678	0.013333333333333334	0.012500781249999999	1.0	0.0012531328320802004	1.0	0.3333333333333333	0.001233156619600103	0.0012239947025344236	0.0012168143536869977	0.008850732242148954	0.0012594474300325488	0.0014815561086419743	0.3333333333333333	0.25	0.0012391957622967555	0.014492753623188406	0.5	0.06250390624999999	0.007692485207100591	0.25	0.0020747017096813068
ro	0.5	0.009003492882148524	0.5	0.0	0.3333333333333333	0.009184846748445703	0.018114966933732518	0.008914173283016568	0.009177595488679404	0.008985036844434413	0.14287755102040817	1.0	0.014306571623580195	0.021914934874410427	0.024400954788816178	0.02083897786545139	0.01403862174984659	1.0	0.008928571428571428	1.0	0.3333333333333333	0.008970302916446187	0.008773238073253309	0.008850732242148954	0.009459067780520379	0.010991668639415648	0.009286600882968487	0.3333333333333333	0.3333333333333333	0.00893942571605726	0.024400361095776323	0.5	0.1	0.00947390973072321	0.25	0.008776164051785936
ru	0.5	0.001218454230589857	0.5	1.0	0.25	0.00282493058348495	0.014707396626513838	0.004386965393197907	0.007246376811594203	0.0017427796501718125	0.05	1.0	0.015874023683547494	0.022727272727272728	0.0125	0.013513696128560994	0.015151974288337923	1.0	0.0012406947890818859	1.0	0.3333333333333333	0.001215295701202812	0.0012484441264898278	0.0012594474300325488	0.010991668639415648	0.001199709730329102	0.0014707158391003455	0.3333333333333333	0.25	0.0012240531319617247	0.014492753623188406	0.5	0.06666666666666667	0.009346143768014672	0.25	0.0021645443301287455
sh	0.5	0.0013898794136777287	1.0	1.0	0.3333333333333333	0.0035342807127195994	0.014099202355895471	0.004726031515209899	0.007092248880841004	0.001732414251214253	0.1111111111111111	0.0	0.014941875267783712	0.020848099832903214	0.016666944444444443	0.017857461734693877	0.013709711024592054	0.0	0.001430615164520744	0.0	0.3333333333333333	0.0014152698630086045	0.00147939279962405	0.0014815561086419743	0.009286600882968487	0.0014707158391003455	0.0014244700081837123	0.3333333333333333	0.5	0.001389610731321495	0.016667222222222222	0.5	0.125	0.008336251042013888	0.25	0.002137007834757834
si	1.0	0.3333333333333333	0.5	0.3333333333333333	0.3333333333333333	0.3333333333333333	0.3333333333333333	0.3333333333333333	0.3333333333333333	0.3333333333333333	0.3333333333333333	0.3333333333333333	0.3333333333333333	0.3333333333333333	0.3333333333333333	0.3333333333333333	0.3333333333333333	0.3333333333333333	0.3333333333333333	0.3333333333333333	1.0	0.3333333333333333	0.3333333333333333	0.3333333333333333	0.3333333333333333	0.3333333333333333	0.3333333333333333	0.3333333333333333	0.3333333333333333	0.3333333333333333	0.3333333333333333	1.0	0.3333333333333333	0.3333333333333333	0.5	0.3333333333333333
simple	0.5	0.25	1.0	0.0	0.5	0.25	1.0	0.25	0.25	0.25	0.5	1.0	0.5	0.3333333333333333	0.25	0.5	0.5	1.0	0.25	1.0	0.3333333333333333	0.25	0.25	0.25	0.3333333333333333	0.25	0.5	0.3333333333333333	0.25	0.25	0.3333333333333333	0.5	0.1111111111111111	0.3333333333333333	0.25	0.25
sr	0.5	0.0011635917159137901	1.0	1.0	0.25	0.002674075652720981	0.01266383768690947	0.004205426703396763	0.006535990431030801	0.0017014183487654006	0.07692307692307693	1.0	0.014089864710573894	0.020004401600400398	0.014084903788930767	0.015625244140625	0.013337601422933689	1.0	0.0011947431302270011	1.0	0.3333333333333333	0.0011845801265668457	0.0012346288721231515	0.0012391957622967555	0.00893942571605726	0.0012240531319617247	0.001389610731321495	0.3333333333333333	0.25	0.001177548543366211	0.015151515151515152	0.5	0.1	0.007753320473589328	0.25	0.0021053739656554057
sv	0.5	0.014926709957674315	1.0	1.0	0.3333333333333333	0.01449338374291115	0.028577959183673465	0.015877048123457044	0.019230769230769232	0.014928938740254399	0.16666666666666666	1.0	0.027784723765432093	0.030308540863177226	0.02857142857142857	0.022222222222222223	0.027780094136574073	1.0	0.015151515151515152	1.0	0.3333333333333333	0.014706963884083043	0.014492753623188406	0.014492753623188406	0.024400361095776323	0.014492753623188406	0.016667222222222222	0.3333333333333333	0.3333333333333333	0.015151515151515152	0.014303694311052488	0.5	0.07692899408284024	0.024391433670434264	0.25	0.015873015873015872
te	0.5	0.5	0.0	0.5	0.5	0.5	0.5	0.5	0.5	0.5	0.5	0.5	0.5	0.5	0.5	0.5	0.5	0.5	0.5	0.5	0.5	0.5	0.5	0.5	0.5	0.5	0.5	1.0	0.5	0.5	0.5	0.5	0.5	0.5	0.5	0.5
tr	0.5	0.14285714285714285	-1.0	0.125	0.16666666666666666	0.07142857142857142	0.125	0.05555555555555555	0.07142857142857142	0.06666666666666667	0.1	0.125	0.125	0.1111111111111111	0.06666666666666667	0.06666666666666667	0.07692307692307693	0.14285714285714285	0.125	0.2	0.3333333333333333	0.07142857142857142	0.09090909090909091	0.06250390624999999	0.1	0.06666666666666667	0.125	0.3333333333333333	0.1111111111111111	0.1	0.07692899408284024	0.5	0.05557407716049382	0.1111111111111111	0.25	0.0625
vi	0.5	0.007699947461484322	0.5	0.0	0.25	0.00806503648543184	0.01788045316395383	0.007647830588735696	0.008621135552913198	0.008144052389316914	0.14285714285714285	1.0	0.014724503700932983	0.02175331758412287	0.023811224489795918	0.021277501131733816	0.013903176899697342	1.0	0.0078125	1.0	0.3333333333333333	0.0077553650631579235	0.007633762601247013	0.007692485207100591	0.00947390973072321	0.009346143768014672	0.008336251042013888	0.3333333333333333	0.3333333333333333	0.007753320473589328	0.024391433670434264	0.5	0.1111111111111111	0.007696979432298184	0.25	0.008130742415295194
war	0.5	0.25	1.0	0.25	0.25	0.25	0.25	0.25	0.25	0.25	0.25	0.25	0.25	0.25	0.25	0.25	0.25	0.25	0.25	0.25	0.3333333333333333	0.25	0.25	0.25	0.25	0.25	0.25	0.5	0.25	0.25	0.25	0.5	0.25	0.25	0.25006256256256254	0.25
zh	0.5	0.002092851390136806	0.5	1.0	0.25	0.004291974433126415	0.013891783758488041	0.004927589119124536	0.006756802410518627	0.002084749232457053	0.07142857142857142	1.0	0.01351552246165084	0.0200008	0.01428591836734694	0.014492753623188406	0.01250140640625	1.0	0.002145922746781116	1.0	0.3333333333333333	0.0020881142254522943	0.002066141315483915	0.0020747017096813068	0.008776164051785936	0.0021645443301287455	0.002137007834757834	0.3333333333333333	0.25	0.0021053739656554057	0.015873015873015872	0.5	0.0625	0.008130742415295194	0.25	0.0020558403957301008
