arz	bs	ceb	ckb	da	de	el	en	es	fr	he	hi	hu	id	it	ja	ko	lv	mk	ml	mr	nl	pl	pt	ro	ru	sh	si	simple	sr	sv	te	vi	war	zh
arz	0.3333333333333333	0.3333333333333333	0.5	0.058823529411764705	0.0	0.3333333333333333	0.3333333333333333	0.3333333333333333	0.3333333333333333	0.3333333333333333	0.3333333333333333	0.0	0.3333333333333333	0.5	0.3333333333333333	0.3333333333333333	0.3333333333333333	1.0	0.3333333333333333	0.041666666666666664	0.05	0.3333333333333333	0.3333333333333333	0.3333333333333333	0.0	0.3333333333333333	0.3333333333333333	0.05555864197530863	1.0	0.3333333333333333	0.3333333333333333	0.047619047619047616	1.0	0.07142857142857142	0.3333333333333333
bs	0.3333333333333333	0.02338142278588781	0.16666666666666666	0.019230769230769232	0.3333333333333333	0.025642998027613412	0.038461538461538464	0.025004375	0.025	0.02632202354570637	0.05555555555555555	0.0	0.0625	0.5	0.029425615057960208	0.08333333333333333	0.034482758620689655	0.05263157894736842	0.02564102564102564	0.011904761904761904	0.02174007561436673	0.0714387806122449	0.026317175208449443	0.04	0.25	0.02564102564102564	0.025661422755429982	0.021277954277953825	1.0	0.03333333333333333	0.06666666666666667	0.019230769230769232	0.06666666666666667	0.027777777777777776	0.03333333333333333
ceb	0.5	0.16666666666666666	0.125078187515625	0.2	0.16666666666666666	0.125	0.14285714285714285	0.125	0.125	0.125	0.125	0.125	0.14285714285714285	0.125	0.14285714285714285	0.125	0.125	0.2	0.14285714285714285	0.14285714285714285	0.16666666666666666	0.14285714285714285	0.125	0.125	0.125	0.125015625	0.16666666666666666	0.16666666666666666	0.14285714285714285	0.125	0.14285714285714285	0.25	0.14285714285714285	0.16666666666666666	0.14285714285714285
ckb	0.058823529411764705	0.019230769230769232	0.2	0.00961871431231509	0.012987012987012988	0.01	0.013333333333333334	0.009708737864077669	0.009900990099009901	0.010101112131415162	0.010752688172043012	0.014705882352941176	0.014084507042253521	0.011494252873563218	0.0100001	0.010526315789473684	0.010869565217391304	0.014925373134328358	0.015873015873015872	0.017543859649122806	0.029411764705882353	0.010416666666666666	0.010309278350515464	0.01	0.012987012987012988	0.010204185755935027	0.013513513513513514	0.02702702702702703	0.012345679012345678	0.012195121951219513	0.010869565217391304	0.02631578947368421	0.011494252873563218	0.034482758620689655	0.01086968336483932
da	0.0	0.3333333333333333	0.16666666666666666	0.012987012987012988	0.09090909090909091	0.25	0.3333333333333333	0.125	0.16666666666666666	0.25	0.3333333333333333	0.0	0.3333333333333333	0.0	0.25	0.3333333333333333	0.3333333333333333	1.0	0.3333333333333333	0.007246376811594203	0.01449359420331905	0.3333333333333333	0.125	0.3333333333333333	1.0	0.1111111111111111	0.3333333333333333	0.016393711367911852	1.0	0.2	0.16666666666666666	0.013333333333333334	0.0	0.023809523809523808	0.25
de	0.3333333333333333	0.025642998027613412	0.125	0.01	0.25	0.003990693734227582	0.022727272727272728	0.00826494091933611	0.008695727788279773	0.011365832128357695	0.011764705882352941	0.3333333333333333	0.05	0.2	0.01724464922711058	0.07692307692307693	0.030303030303030304	0.05	0.022222222222222223	0.00480778476331361	0.01098901098901099	0.028573877551020407	0.009091322314049586	0.025	0.14285714285714285	0.010752688172043012	0.025643655489809333	0.011904761904761904	0.125	0.014925373134328358	0.05	0.008403361344537815	0.06666666666666667	0.022222222222222223	0.025
el	0.3333333333333333	0.038461538461538464	0.14285714285714285	0.013333333333333334	0.3333333333333333	0.022727272727272728	0.019230769230769232	0.02	0.021739130434782608	0.03225806451612903	0.03125	0.0	0.05555555555555555	0.3333333333333333	0.04	0.09090909090909091	0.05555555555555555	0.1	0.03333333333333333	0.007874077748155496	0.014084705415592145	0.05263157894736842	0.021739130434782608	0.047619047619047616	0.3333333333333333	0.022222222222222223	0.038461538461538464	0.015873015873015872	0.5	0.027777777777777776	0.07692307692307693	0.012345679012345678	0.16666666666666666	0.023255813953488372	0.047619047619047616
en	0.3333333333333333	0.025004375	0.125	0.009708737864077669	0.125	0.00826494091933611	0.02	0.002475717182215722	0.005154639175257732	0.0100020003	0.011235955056179775	0.3333333333333333	0.041666666666666664	0.125	0.013701820604240944	0.06666666666666667	0.02857142857142857	0.047619047619047616	0.022222222222222223	0.0043861572791628195	0.010526869806094182	0.018518861454046638	0.004587850412423197	0.018518518518518517	0.07692899408284024	0.004672897196261682	0.025001249999999996	0.011364152892561982	0.1	0.010869565217391304	0.033334444444444444	0.008000128	0.0625	0.022222222222222223	0.02127659574468085
es	0.3333333333333333	0.025	0.125	0.009900990099009901	0.16666666666666666	0.008695727788279773	0.021739130434782608	0.005154639175257732	0.0012873724270641327	0.010101112131415162	0.011494252873563218	0.3333333333333333	0.047619047619047616	0.16666666666666666	0.013888888888888888	0.07142857142857142	0.029411764705882353	0.047619047619047616	0.022727272727272728	0.00454547520661157	0.010752688172043012	0.012658227848101266	0.008333333333333333	0.013333333333333334	0.1	0.007874015748031496	0.02564102564102564	0.011627906976744186	0.1111111111111111	0.013157894736842105	0.05	0.008333333333333333	0.06666666666666667	0.022222222222222223	0.022222222222222223
fr	0.3333333333333333	0.02632202354570637	0.125	0.010101112131415162	0.25	0.011365832128357695	0.03225806451612903	0.0100020003	0.010101112131415162	0.005805105383821332	0.017543859649122806	0.3333333333333333	0.05263157894736842	0.25006256256256254	0.009622417813060564	0.07142857142857142	0.034482758620689655	0.05555555555555555	0.025	0.004629693951474623	0.010869801512287334	0.031251953124999995	0.0133344	0.02564102564102564	0.14285714285714285	0.012048192771084338	0.02703652520087655	0.011764705882352941	0.125	0.020833333333333332	0.058823529411764705	0.00847457627118644	0.07142857142857142	0.022222222222222223	0.029411764705882353
he	0.3333333333333333	0.05555555555555555	0.125	0.010752688172043012	0.3333333333333333	0.011764705882352941	0.03125	0.011235955056179775	0.011494252873563218	0.017543859649122806	0.01020408163265306	0.3333333333333333	0.07142857142857142	0.25	0.029411764705882353	0.1111111111111111	0.07692307692307693	0.5	0.05	0.0056498132720482624	0.011764705882352941	0.04	0.015151515151515152	0.034482758620689655	0.2	0.016129032258064516	0.05555555555555555	0.01250046875	0.16666666666666666	0.027777777777777776	0.08333333333333333	0.00925934499314129	1.0	0.023809523809523808	0.0625
hi	0.0	0.0	0.125	0.014705882352941176	0.0	0.3333333333333333	0.0	0.3333333333333333	0.3333333333333333	0.3333333333333333	0.3333333333333333	0.3333333333333333	0.0	0.0	0.0	0.0	0.0	0.0	0.0	0.006802859919477994	0.012987518974531962	0.0	1.0	1.0	0.0	0.3333333333333333	0.0	0.01449317370300357	0.0	0.5	0.0	0.010869565217391304	0.0	0.024390243902439025	1.0
hu	0.3333333333333333	0.0625	0.14285714285714285	0.014084507042253521	0.3333333333333333	0.05	0.05555555555555555	0.041666666666666664	0.047619047619047616	0.05263157894736842	0.07142857142857142	0.0	0.03125	0.5	0.0625	0.1	0.08333333333333333	0.5	0.0625	0.00775199807703864	0.014084903788930767	0.07692307692307693	0.047619047619047616	0.0625	0.25	0.045454545454545456	0.06666666666666667	0.016393711367911852	1.0	0.08333333333333333	0.07142857142857142	0.011628042184964847	1.0	0.024390243902439025	0.07142857142857142
id	0.5	0.5	0.125	0.011494252873563218	0.0	0.2	0.3333333333333333	0.125	0.16666666666666666	0.25006256256256254	0.25	0.0	0.5	0.03620699119931313	0.25	0.5	0.5	0.0	0.3333333333333333	0.00584798741493109	0.012048192771084338	0.25	0.16666666666666666	0.16666666666666666	0.0	0.25	0.5	0.013157894736842105	1.0	0.3333333333333333	0.3333333333333333	0.009900990099009901	0.5	0.023255813953488372	0.3333333333333333
it	0.3333333333333333	0.029425615057960208	0.14285714285714285	0.0100001	0.25	0.01724464922711058	0.04	0.013701820604240944	0.013888888888888888	0.009622417813060564	0.029411764705882353	0.0	0.0625	0.25	0.004991935023519758	0.08333333333333333	0.034482758620689655	0.05555555555555555	0.02702702702702703	0.004695034054089797	0.011494649227110581	0.037039780521262	0.01695087618500431	0.034482758620689655	0.16669444444444442	0.01639344262295082	0.02858694694040816	0.012658548309565774	0.14285714285714285	0.030303030303030304	0.05555555555555555	0.008695727788279773	0.07692307692307693	0.022727272727272728	0.029411764705882353
ja	0.3333333333333333	0.08333333333333333	0.125	0.010526315789473684	0.3333333333333333	0.07692307692307693	0.09090909090909091	0.06666666666666667	0.07142857142857142	0.07142857142857142	0.1111111111111111	0.0	0.1	0.5	0.08333333333333333	0.06666666666666667	0.08333333333333333	0.5	0.08333333333333333	0.00497514912997203	0.010869801512287334	0.08333333333333333	0.07142857142857142	0.08333333333333333	1.0	0.07142857142857142	0.08333333333333333	0.011904903628117915	1.0	0.07692307692307693	0.1	0.008772006771314251	1.0	0.022222716049382713	0.07692307692307693
ko	0.3333333333333333	0.034482758620689655	0.125	0.010869565217391304	0.3333333333333333	0.030303030303030304	0.05555555555555555	0.02857142857142857	0.029411764705882353	0.034482758620689655	0.07692307692307693	0.0	0.08333333333333333	0.5	0.034482758620689655	0.08333333333333333	0.027777777777777776	0.05263157894736842	0.034482758620689655	0.0054945356840961235	0.011364023760330579	0.07142857142857142	0.030303030303030304	0.058823529411764705	0.25	0.030303030303030304	0.034482758620689655	0.01250015625	1.0	0.034482758620689655	0.08333333333333333	0.009708737864077669	0.06666666666666667	0.022727272727272728	0.03125
lv	1.0	0.05263157894736842	0.2	0.014925373134328358	1.0	0.05	0.1	0.047619047619047616	0.047619047619047616	0.05555555555555555	0.5	0.0	0.5	0.0	0.05555555555555555	0.5	0.05263157894736842	0.00847457627118644	0.05263157894736842	0.008849792466128907	0.01587326782564878	0.3333333333333333	0.043478260869565216	0.16666666666666666	0.5	0.04	0.05263157894736842	0.017543859649122806	0.0	0.05	0.3333333333333333	0.015625	0.07142857142857142	0.025	0.05263157894736842
mk	0.3333333333333333	0.02564102564102564	0.14285714285714285	0.015873015873015872	0.3333333333333333	0.022222222222222223	0.03333333333333333	0.022222222222222223	0.022727272727272728	0.025	0.05	0.0	0.0625	0.3333333333333333	0.02702702702702703	0.08333333333333333	0.034482758620689655	0.05263157894736842	0.02127659574468085	0.009708926383259497	0.018520919067215362	0.06666666666666667	0.022727272727272728	0.038461538461538464	0.25	0.022727272727272728	0.02631578947368421	0.018518861454046638	1.0	0.030303030303030304	0.07142857142857142	0.01694915254237288	0.06666666666666667	0.02631578947368421	0.03125
ml	0.041666666666666664	0.011904761904761904	0.14285714285714285	0.017543859649122806	0.007246376811594203	0.00480778476331361	0.007874077748155496	0.0043861572791628195	0.00454547520661157	0.004629693951474623	0.0056498132720482624	0.006802859919477994	0.00775199807703864	0.00584798741493109	0.004695034054089797	0.00497514912997203	0.0054945356840961235	0.008849792466128907	0.009708926383259497	0.004361841547287726	0.016666944444444443	0.004975173881834608	0.0049504950495049506	0.0046949018051973814	0.006711499482005315	0.004926351039821398	0.007299376631679898	0.018182479338842972	0.006451779438085327	0.006289347731497963	0.005263324099722991	0.014084507042253521	0.0058140886965927525	0.024390243902439025	0.00531960165799004
mr	0.05	0.02174007561436673	0.16666666666666666	0.029411764705882353	0.01449359420331905	0.01098901098901099	0.014084705415592145	0.010526869806094182	0.010752688172043012	0.010869801512287334	0.011764705882352941	0.012987518974531962	0.014084903788930767	0.012048192771084338	0.011494649227110581	0.010869801512287334	0.011364023760330579	0.01587326782564878	0.018520919067215362	0.016666944444444443	0.010561559519938491	0.011363636363636364	0.011363636363636364	0.011111604938271603	0.013513696128560994	0.011494649227110581	0.014925595901091559	0.02941349480968858	0.012048628247931483	0.01282051282051282	0.011494781344959702	0.020408579758433985	0.0112360813028658	0.03225806451612903	0.010989856418306968
nl	0.3333333333333333	0.0714387806122449	0.14285714285714285	0.010416666666666666	0.3333333333333333	0.028573877551020407	0.05263157894736842	0.018518861454046638	0.012658227848101266	0.031251953124999995	0.04	0.0	0.07692307692307693	0.25	0.037039780521262	0.08333333333333333	0.07142857142857142	0.3333333333333333	0.06666666666666667	0.004975173881834608	0.011363636363636364	0.0031476450739583075	0.023810090702947845	0.034482758620689655	0.3333333333333333	0.025	0.07142857142857142	0.012345831428135955	0.2	0.045454545454545456	0.058823529411764705	0.008695652173913044	1.0	0.022222222222222223	0.07142857142857142
pl	0.3333333333333333	0.026317175208449443	0.125	0.010309278350515464	0.125	0.009091322314049586	0.021739130434782608	0.004587850412423197	0.008333333333333333	0.0133344	0.015151515151515152	1.0	0.047619047619047616	0.16666666666666666	0.01695087618500431	0.07142857142857142	0.030303030303030304	0.043478260869565216	0.022727272727272728	0.0049504950495049506	0.011363636363636364	0.023810090702947845	0.00037878075240611864	0.021739130434782608	0.09090909090909091	0.002352941176470588	0.027779320987654316	0.012195270672218919	0.125	0.008403361344537815	0.047619047619047616	0.008771929824561403	0.06666666666666667	0.022727272727272728	0.023809523809523808
pt	0.3333333333333333	0.04	0.125	0.01	0.3333333333333333	0.025	0.047619047619047616	0.018518518518518517	0.013333333333333334	0.02564102564102564	0.034482758620689655	1.0	0.0625	0.16666666666666666	0.034482758620689655	0.08333333333333333	0.058823529411764705	0.16666666666666666	0.038461538461538464	0.0046949018051973814	0.011111604938271603	0.034482758620689655	0.021739130434782608	0.002544529262086514	0.3333333333333333	0.020833333333333332	0.043478260869565216	0.011765121107266433	0.5	0.038461538461538464	0.07142857142857142	0.00847457627118644	0.25	0.022727272727272728	0.05
ro	0.0	0.25	0.125	0.012987012987012988	1.0	0.14285714285714285	0.3333333333333333	0.07692899408284024	0.1	0.14285714285714285	0.2	0.0	0.25	0.0	0.16669444444444442	1.0	0.25	0.5	0.25	0.006711499482005315	0.013513696128560994	0.3333333333333333	0.09090909090909091	0.3333333333333333	0.04765308845580048	0.06666666666666667	0.33344444444444443	0.015384615384615385	0.0	0.2	1.0	0.012345679012345678	1.0	0.023809523809523808	0.2
ru	0.3333333333333333	0.02564102564102564	0.125015625	0.010204185755935027	0.1111111111111111	0.010752688172043012	0.022222222222222223	0.004672897196261682	0.007874015748031496	0.012048192771084338	0.016129032258064516	0.3333333333333333	0.045454545454545456	0.25	0.01639344262295082	0.07142857142857142	0.030303030303030304	0.04	0.022727272727272728	0.004926351039821398	0.011494649227110581	0.025	0.002352941176470588	0.020833333333333332	0.06666666666666667	0.0005104645227156713	0.02564102564102564	0.011905328798185939	0.16666666666666666	0.006993006993006993	0.017241379310344827	0.00854708159836365	0.06666666666666667	0.022222222222222223	0.022222222222222223
sh	0.3333333333333333	0.025661422755429982	0.16666666666666666	0.013513513513513514	0.3333333333333333	0.025643655489809333	0.038461538461538464	0.025001249999999996	0.02564102564102564	0.02703652520087655	0.05555555555555555	0.0	0.06666666666666667	0.5	0.02858694694040816	0.08333333333333333	0.034482758620689655	0.05263157894736842	0.02631578947368421	0.007299376631679898	0.014925595901091559	0.07142857142857142	0.027779320987654316	0.043478260869565216	0.33344444444444443	0.02564102564102564	0.02339343939000854	0.014925595901091559	1.0	0.034482758620689655	0.05882698961937716	0.012048483088982435	0.06666666666666667	0.023809523809523808	0.03333333333333333
si	0.05555864197530863	0.021277954277953825	0.16666666666666666	0.02702702702702703	0.016393711367911852	0.011904761904761904	0.015873015873015872	0.011364152892561982	0.011627906976744186	0.011764705882352941	0.01250046875	0.01449317370300357	0.016393711367911852	0.013157894736842105	0.012658548309565774	0.011904903628117915	0.01250015625	0.017543859649122806	0.018518861454046638	0.018182479338842972	0.02941349480968858	0.012345831428135955	0.012195270672218919	0.011765121107266433	0.015384615384615385	0.011905328798185939	0.014925595901091559	0.011386926880106554	0.013333511111111113	0.013157894736842105	0.01250015625	0.027777777777777776	0.01282051282051282	0.03571428571428571	0.011765536332179931
simple	1.0	1.0	0.14285714285714285	0.012345679012345678	1.0	0.125	0.5	0.1	0.1111111111111111	0.125	0.16666666666666666	0.0	1.0	1.0	0.14285714285714285	1.0	1.0	0.0	1.0	0.006451779438085327	0.012048628247931483	0.2	0.125	0.5	0.0	0.16666666666666666	1.0	0.013333511111111113	0.1	1.0	1.0	0.010989131747373506	1.0	0.023255813953488372	1.0
sr	0.3333333333333333	0.03333333333333333	0.125	0.012195121951219513	0.2	0.014925373134328358	0.027777777777777776	0.010869565217391304	0.013157894736842105	0.020833333333333332	0.027777777777777776	0.5	0.08333333333333333	0.3333333333333333	0.030303030303030304	0.07692307692307693	0.034482758620689655	0.05	0.030303030303030304	0.006289347731497963	0.01282051282051282	0.045454545454545456	0.008403361344537815	0.038461538461538464	0.2	0.006993006993006993	0.034482758620689655	0.013157894736842105	1.0	0.0049504950495049506	0.06666666666666667	0.01020408163265306	0.06666666666666667	0.023255813953488372	0.02631578947368421
sv	0.3333333333333333	0.06666666666666667	0.14285714285714285	0.010869565217391304	0.16666666666666666	0.05	0.07692307692307693	0.033334444444444444	0.05	0.058823529411764705	0.08333333333333333	0.0	0.07142857142857142	0.3333333333333333	0.05555555555555555	0.1	0.08333333333333333	0.3333333333333333	0.07142857142857142	0.005263324099722991	0.011494781344959702	0.058823529411764705	0.047619047619047616	0.07142857142857142	1.0	0.017241379310344827	0.05882698961937716	0.01250015625	1.0	0.06666666666666667	0.005962994579430284	0.00925943072702332	1.0	0.022222222222222223	0.1
te	0.047619047619047616	0.019230769230769232	0.25	0.02631578947368421	0.013333333333333334	0.008403361344537815	0.012345679012345678	0.008000128	0.008333333333333333	0.00847457627118644	0.00925934499314129	0.010869565217391304	0.011628042184964847	0.009900990099009901	0.008695727788279773	0.008772006771314251	0.009708737864077669	0.015625	0.01694915254237288	0.014084507042253521	0.020408579758433985	0.008695652173913044	0.008771929824561403	0.00847457627118644	0.012345679012345678	0.00854708159836365	0.012048483088982435	0.027777777777777776	0.010989131747373506	0.01020408163265306	0.00925943072702332	0.008007622982534662	0.009901088128614842	0.04	0.008849714151460568
vi	1.0	0.06666666666666667	0.14285714285714285	0.011494252873563218	0.0	0.06666666666666667	0.16666666666666666	0.0625	0.06666666666666667	0.07142857142857142	1.0	0.0	1.0	0.5	0.07692307692307693	1.0	0.06666666666666667	0.07142857142857142	0.06666666666666667	0.0058140886965927525	0.0112360813028658	1.0	0.06666666666666667	0.25	1.0	0.06666666666666667	0.06666666666666667	0.01282051282051282	1.0	0.06666666666666667	1.0	0.009901088128614842	0.0625	0.022727789256198346	0.06666666666666667
war	0.07142857142857142	0.027777777777777776	0.16666666666666666	0.034482758620689655	0.023809523809523808	0.022222222222222223	0.023255813953488372	0.022222222222222223	0.022222222222222223	0.022222222222222223	0.023809523809523808	0.024390243902439025	0.024390243902439025	0.023255813953488372	0.022727272727272728	0.022222716049382713	0.022727272727272728	0.025	0.02631578947368421	0.024390243902439025	0.03225806451612903	0.022222222222222223	0.022727272727272728	0.022727272727272728	0.023809523809523808	0.022222222222222223	0.023809523809523808	0.03571428571428571	0.023255813953488372	0.023255813953488372	0.022222222222222223	0.04	0.022727789256198346	0.022223703703703704	0.022222222222222223
zh	0.3333333333333333	0.03333333333333333	0.14285714285714285	0.01086968336483932	0.25	0.025	0.047619047619047616	0.02127659574468085	0.022222222222222223	0.029411764705882353	0.0625	1.0	0.07142857142857142	0.3333333333333333	0.029411764705882353	0.07692307692307693	0.03125	0.05263157894736842	0.03125	0.00531960165799004	0.010989856418306968	0.07142857142857142	0.023809523809523808	0.05	0.2	0.022222222222222223	0.03333333333333333	0.011765536332179931	1.0	0.02631578947368421	0.1	0.008849714151460568	0.06666666666666667	0.022222222222222223	0.019230769230769232
