arz	bs	ceb	ckb	da	de	el	en	es	fr	he	hi	hu	id	it	ja	ko	lv	mk	ml	mr	nl	pl	pt	ro	ru	sh	si	simple	sr	sv	te	tr	vi	war	zh
arz	1.0	0.7690990303325336	1.0	1.0	1.0	1.0	1.0	1.0	1.0	1.0	1.0	1.0	1.0	1.0	1.0	1.0	1.0	1.0	1.0	1.0	1.0	1.0	1.0	1.0	0.7690990303325336	1.0	0.7584325078215763	1.0	1.0	1.0	1.0	1.0	1.0	1.0	1.0	1.0
bs	0.7690990303325336	1.0	1.0	0.47492714674464326	0.1541244001147224	0.17327008628147164	0.20866938903303603	0.115257071752827	0.17328271566451475	0.15480258072631947	0.22464858351950237	0.2141755981613504	0.15753700612291205	0.14510359151231478	0.14338918807870357	0.22437043145328267	0.2255685714448553	0.19250133418054222	0.2349358366783469	0.2661471850721249	0.4843355231918279	0.16138649907892216	0.1392276888873346	0.15537439684773965	0.15125956563768442	0.21281624313535052	0.14082613305406314	0.41205656655614914	0.17992763008369958	0.1382767945511609	0.1491457603180532	0.33413591083080957	0.257113306412369	0.15139396589745288	0.281086074201427	0.21846505458222126
ceb	1.0	1.0	1.0	1.0	1.0	1.0	1.0	0.5020797777427737	0.7863954451402115	1.0	1.0	1.0	1.0	0.7863954451402115	1.0	1.0	1.0	1.0	1.0	1.0	1.0	1.0	1.0	1.0	0.5020797777427737	1.0	1.0	1.0	1.0	1.0	1.0	1.0	-1.0	1.0	1.0	1.0
ckb	1.0	0.47492714674464326	1.0	1.0	0.6193113617177751	0.6802458882942042	1.0	0.4922001274094982	0.6291358608399944	0.6532002319725722	1.0	1.0	0.526518980481495	0.4963676123146419	0.6143589292419388	1.0	1.0	1.0	1.0	1.0	1.0	0.6532002319725719	0.5233428410013384	0.6167131210802118	0.5815790210684466	1.0	0.6568318202362041	1.0	0.5912384651224016	0.611247971396453	0.6081387406547981	1.0	0.7863954451402115	0.3082723195222166	1.0	1.0
da	1.0	0.1541244001147224	1.0	0.6193113617177751	1.0	0.1106655449596121	0.16008817085105723	0.10332980228088642	0.10383127502018066	0.10301173541432108	0.15153261064873488	0.17964612288236237	0.11005950415455822	0.11668435044367133	0.09711311541823084	0.13232896527393664	0.14567047220858817	0.13778874178212666	0.15730485689735738	0.2732018297444018	0.4116315016035431	0.10605347521387382	0.10689024261680788	0.10578953062451037	0.11118055016074782	0.12975972843756522	0.10201740693967	0.5444387286807767	0.11541622694518322	0.09939140948011085	0.09819793555573027	0.41313642409243834	0.2590439387957159	0.11215655526374736	0.2747951684907139	0.13301199313803805
de	1.0	0.17327008628147164	1.0	0.6802458882942042	0.1106655449596121	1.0	0.14191721191950857	0.05445030993974495	0.05832281139905418	0.054264970287879584	0.17233403237039147	0.15153959719152935	0.07050975202456707	0.10085051380229604	0.06301977585282537	0.07118034419842244	0.13438184962631244	0.12073246156413694	0.2758116167664552	0.3397126969131139	0.6432357517002909	0.05830600080954475	0.06770899441283965	0.06609907448295788	0.10342426315856211	0.09474700598725637	0.061592443958948785	0.6143589292419388	0.10659112934183812	0.06032831326278607	0.0818226244889278	0.3556310296847146	0.24293329559489218	0.07758183239671203	0.425772291422481	0.07351644203320779
el	1.0	0.20866938903303603	1.0	1.0	0.16008817085105723	0.14191721191950857	1.0	0.14334570422288087	0.1357859713259178	0.119192165804337	1.0	1.0	0.12498813671884344	0.1555119564160862	0.1188769120834034	1.0	1.0	0.2223333126866178	1.0	1.0	1.0	0.1189808766420119	0.12722101361539326	0.16825120631697024	0.14504369900457892	0.6910619635498714	0.1413361093339344	1.0	0.16433383326689058	0.13604674162917618	0.1503794731512551	1.0	0.7106922308883379	0.13389829980357393	0.5715363983518331	1.0
en	1.0	0.115257071752827	0.5020797777427737	0.4922001274094982	0.10332980228088642	0.05445030993974495	0.14334570422288087	1.0	0.06575043043394764	0.06951452642241387	0.1422372543849341	0.14789226939114772	0.07809134700470334	0.11194703428387967	0.08503480026484093	0.12251518367573157	0.14494387499648007	0.10902717194789553	0.15144551481827712	0.16120420392527873	0.29893756603628313	0.07220588689673667	0.08669329333458693	0.07269059167176095	0.10193847492224523	0.13267395311025118	0.07449456372990276	0.37570853667703324	0.09982069930891008	0.07205897954034889	0.08573654422275126	0.2155481936009914	0.24644125233864733	0.0883208986590313	0.2402292571967742	0.12469024685308001
es	1.0	0.17328271566451475	0.7863954451402115	0.6291358608399944	0.10383127502018066	0.05832281139905418	0.1357859713259178	0.06575043043394764	1.0	0.060170913781449176	0.12161099601286444	0.13960527178181786	0.07514394721160744	0.09476450452711253	0.06637278522548448	0.07742147092044156	0.10719831162146921	0.1243631732996128	0.1743883548243703	0.2576264065101316	0.5572254391741426	0.06419156525716581	0.06798961600238486	0.07106283900161425	0.10032625838983039	0.0893219385034849	0.06538394544541969	0.7199285383279772	0.1040945637234519	0.0657324393187596	0.07745797654113576	0.3043075830280622	0.23395133614514824	0.08127339200602086	0.4197882208091139	0.08080754002038856
fr	1.0	0.15480258072631947	1.0	0.6532002319725722	0.10301173541432108	0.054264970287879584	0.119192165804337	0.06951452642241387	0.060170913781449176	1.0	0.12839486300018185	0.12717679360588674	0.07076590405715792	0.0931202429953932	0.07082332344494169	0.0840866690782472	0.10459649436658909	0.10877383999784748	0.18195836801814572	0.240002082952274	0.5677162923123092	0.06336876957615385	0.0724061627206393	0.06618851464831897	0.08690106217038472	0.09075708674398071	0.0641377816175009	0.5790144658109286	0.09905497596957152	0.06432639531689448	0.0750080564862162	0.43927247059157554	0.2237896959775247	0.07471801492934588	0.3684943280163242	0.08518683763890508
he	1.0	0.22464858351950237	1.0	1.0	0.15153261064873488	0.17233403237039147	1.0	0.1422372543849341	0.12161099601286444	0.12839486300018185	1.0	0.695194325776467	0.1445677969183331	0.16332836512436646	0.13091871687430473	0.4539400802235708	0.6147282317046172	0.24231480852221127	0.6967033415961661	0.700276933133712	1.0	0.13859072993742916	0.12201298065652556	0.15244684476839257	0.14742002267060839	0.5012972701677569	0.14090986896632302	1.0	0.17417080541806096	0.13407073672015224	0.14294552868083468	1.0	0.6994017365373274	0.1325318676289777	0.5709097422559894	0.43938907548551437
hi	1.0	0.2141755981613504	1.0	1.0	0.17964612288236237	0.15153959719152935	1.0	0.14789226939114772	0.13960527178181786	0.12717679360588674	0.695194325776467	1.0	0.1397192434292795	0.16691506785410606	0.12575372720106506	1.0	1.0	0.21877525903906267	1.0	1.0	1.0	0.1471922467461647	0.13532582061974444	0.1915649041806629	0.1329664030024909	1.0	0.13566261853710768	1.0	0.1550381967095383	0.13190930670837278	0.1524878361346569	1.0	0.6994017365373274	0.12876873267802524	0.5728802829949159	1.0
hu	1.0	0.15753700612291205	1.0	0.526518980481495	0.11005950415455822	0.07050975202456707	0.12498813671884344	0.07809134700470334	0.07514394721160744	0.07076590405715792	0.1445677969183331	0.1397192434292795	1.0	0.10030486113424657	0.07864338288229186	0.09854610342686686	0.1217717484007336	0.11300563797751714	0.18553834900674213	0.20556286192081075	0.359694608447989	0.07419776609480884	0.08053397837463658	0.08071271363122387	0.09928142979246965	0.10342410898119407	0.07528863953311678	0.7199285383279772	0.10443381391328307	0.07690230766714487	0.08645303659715779	0.30390310635394874	0.7510341748895938	0.08036464142806628	0.4288393301506301	0.09850698995627405
id	1.0	0.14510359151231478	0.7863954451402115	0.4963676123146419	0.11668435044367133	0.10085051380229604	0.1555119564160862	0.11194703428387967	0.09476450452711253	0.0931202429953932	0.16332836512436646	0.16691506785410606	0.10030486113424657	1.0	0.10369881271144338	0.15461627541225056	0.16213708526474388	0.1150018045778429	0.20291348489251204	0.19700320210452346	0.432513506247513	0.09873607408569438	0.10118457953245222	0.11490859883059956	0.10926588935050713	0.15406401939624678	0.09522746958259944	0.5591529537510579	0.12102412108952461	0.10013485093600258	0.10792883219753283	0.2808613995521576	0.38582027141675906	0.10318717464173578	0.3228814567497529	0.15328424597780563
it	1.0	0.14338918807870357	1.0	0.6143589292419388	0.09711311541823084	0.06301977585282537	0.1188769120834034	0.08503480026484093	0.06637278522548448	0.07082332344494169	0.13091871687430473	0.12575372720106506	0.07864338288229186	0.10369881271144338	1.0	0.11167627207015905	0.1265092483485334	0.10259080182676844	0.15927700669547576	0.22017095172671938	0.3275701357219315	0.07339589785084955	0.08424305150490427	0.07695454447096477	0.09473329212850524	0.11977507379123957	0.0769887903481729	0.5354749398491014	0.09804959768836798	0.07675342743825765	0.08450800443574845	0.3028120261439968	0.25714244812040016	0.08237095842493736	0.2911693070944647	0.11230198865395197
ja	1.0	0.22437043145328267	1.0	1.0	0.13232896527393664	0.07118034419842244	1.0	0.12251518367573157	0.07742147092044156	0.0840866690782472	0.4539400802235708	1.0	0.09854610342686686	0.15461627541225056	0.11167627207015905	1.0	1.0	0.15012027736611544	1.0	1.0	1.0	0.08571444717438532	0.10804688325785224	0.09369519632854997	0.13658327531659534	0.47240278107101663	0.09001135952193282	1.0	0.13155370405776426	0.08636513195932322	0.10143886634219956	1.0	0.4797894832051865	0.10876602925369623	0.5703103187478452	0.6829196033032378
ko	1.0	0.2255685714448553	1.0	1.0	0.14567047220858817	0.13438184962631244	1.0	0.14494387499648007	0.10719831162146921	0.10459649436658909	0.6147282317046172	1.0	0.1217717484007336	0.16213708526474388	0.1265092483485334	1.0	1.0	0.16017311117764285	1.0	1.0	1.0	0.12072276986341304	0.11604186730913432	0.14967758933421924	0.1492775326985411	0.5625415736688015	0.1143785707284324	1.0	0.16320667929215854	0.1107226460130759	0.12068489646737117	1.0	0.3548312033950263	0.12265932954261392	0.5703103187478452	1.0
lv	1.0	0.19250133418054222	1.0	1.0	0.13778874178212666	0.12073246156413694	0.2223333126866178	0.10902717194789553	0.1243631732996128	0.10877383999784748	0.24231480852221127	0.21877525903906267	0.11300563797751714	0.1150018045778429	0.10259080182676844	0.15012027736611544	0.16017311117764285	1.0	0.2699934256422131	0.39419818637384296	0.29631545335872544	0.10918322785194907	0.10856264767966338	0.13009580416918953	0.11251026773491962	0.16509392502908224	0.11679267496405069	1.0	0.17036454372718365	0.11193821749483292	0.11603219073962434	0.48358617813682386	0.6395215194884023	0.11947880286775855	0.4292406968144634	0.1515981815903877
mk	1.0	0.2349358366783469	1.0	1.0	0.15730485689735738	0.2758116167664552	1.0	0.15144551481827712	0.1743883548243703	0.18195836801814572	0.6967033415961661	1.0	0.18553834900674213	0.20291348489251204	0.15927700669547576	1.0	1.0	0.2699934256422131	1.0	1.0	1.0	0.1946259908640245	0.1700992989122808	0.25084642833674053	0.17845887341516417	0.6954089837405419	0.1629721094030415	1.0	0.2554577344352856	0.17797617902825416	0.19881748717735842	1.0	1.0	0.19375089837782827	0.5751631327282978	1.0
ml	1.0	0.2661471850721249	1.0	1.0	0.2732018297444018	0.3397126969131139	1.0	0.16120420392527873	0.2576264065101316	0.240002082952274	0.700276933133712	1.0	0.20556286192081075	0.19700320210452346	0.22017095172671938	1.0	1.0	0.39419818637384296	1.0	1.0	1.0	0.24855406855737017	0.19133222810364897	0.2908682336134013	0.22100840070218009	1.0	0.2207885714699912	1.0	0.26198338336268207	0.2946986250805187	0.23886387448639254	1.0	0.363033293287408	0.2473876455961899	0.5788602239955584	1.0
mr	1.0	0.4843355231918279	1.0	1.0	0.4116315016035431	0.6432357517002909	1.0	0.29893756603628313	0.5572254391741426	0.5677162923123092	1.0	1.0	0.359694608447989	0.432513506247513	0.3275701357219315	1.0	1.0	0.29631545335872544	1.0	1.0	1.0	0.5264666420102364	0.33352933963906517	0.6052104383549938	0.5753817189822343	1.0	0.6024121817672692	1.0	0.3567153233263442	0.3465529822428421	0.31408401574476225	1.0	1.0	0.39158961483257004	0.7322034805959264	1.0
nl	1.0	0.16138649907892216	1.0	0.6532002319725719	0.10605347521387382	0.05830600080954475	0.1189808766420119	0.07220588689673667	0.06419156525716581	0.06336876957615385	0.13859072993742916	0.1471922467461647	0.07419776609480884	0.09873607408569438	0.07339589785084955	0.08571444717438532	0.12072276986341304	0.10918322785194907	0.1946259908640245	0.24855406855737017	0.5264666420102364	1.0	0.07573697790029713	0.07505252091141522	0.09647944863046984	0.10389341238454045	0.0708552830667126	0.7199285383279772	0.09686608946525378	0.06956806192397896	0.08227058679833203	0.37395188496976184	0.2664829912822697	0.08185423970875155	0.3913861076303556	0.08744540927016906
pl	1.0	0.1392276888873346	1.0	0.5233428410013384	0.10689024261680788	0.06770899441283965	0.12722101361539326	0.08669329333458693	0.06798961600238486	0.0724061627206393	0.12201298065652556	0.13532582061974444	0.08053397837463658	0.10118457953245222	0.08424305150490427	0.10804688325785224	0.11604186730913432	0.10856264767966338	0.1700992989122808	0.19133222810364897	0.33352933963906517	0.07573697790029713	1.0	0.07949311663069746	0.0941230159411466	0.11260860067454935	0.07529553536790284	0.6853550664366564	0.09870622980008718	0.07462409364951478	0.08298296693931465	0.25594920344389244	0.23402198718022194	0.08406616288387045	0.32370617504812416	0.11036559493000866
pt	1.0	0.15537439684773965	1.0	0.6167131210802118	0.10578953062451037	0.06609907448295788	0.16825120631697024	0.07269059167176095	0.07106283900161425	0.06618851464831897	0.15244684476839257	0.1915649041806629	0.08071271363122387	0.11490859883059956	0.07695454447096477	0.09369519632854997	0.14967758933421924	0.13009580416918953	0.25084642833674053	0.2908682336134013	0.6052104383549938	0.07505252091141522	0.07949311663069746	1.0	0.0906106890109336	0.07752088009966068	0.058888000553213686	0.653200231972572	0.12908116317673088	0.05801273661485167	0.07254148757623431	0.3838653344691574	0.25042302136532757	0.09194602612828837	0.44687786896044385	0.10512155135324293
ro	0.7690990303325336	0.15125956563768442	0.5020797777427737	0.5815790210684466	0.11118055016074782	0.10342426315856211	0.14504369900457892	0.10193847492224523	0.10032625838983039	0.08690106217038472	0.14742002267060839	0.1329664030024909	0.09928142979246965	0.10926588935050713	0.09473329212850524	0.13658327531659534	0.1492775326985411	0.11251026773491962	0.17845887341516417	0.22100840070218009	0.5753817189822343	0.09647944863046984	0.0941230159411466	0.0906106890109336	1.0	0.12407340073663006	0.08450024496952381	0.542119059094049	0.1304602577431817	0.08713670298846207	0.08895116959860272	0.24172950598460183	0.7106922308883378	0.09422867008961149	0.3711858302346537	0.13067739685714375
ru	1.0	0.21281624313535052	1.0	1.0	0.12975972843756522	0.09474700598725637	0.6910619635498714	0.13267395311025118	0.0893219385034849	0.09075708674398071	0.5012972701677569	1.0	0.10342410898119407	0.15406401939624678	0.11977507379123957	0.47240278107101663	0.5625415736688015	0.16509392502908224	0.6954089837405419	1.0	1.0	0.10389341238454045	0.11260860067454935	0.07752088009966068	0.12407340073663006	1.0	0.08899598237591878	1.0	0.15312876005885998	0.0838233047105082	0.09412008654725999	1.0	0.26032829691115345	0.11622640632791728	0.5449347650477097	0.49490268732374987
sh	0.7584325078215763	0.14082613305406314	1.0	0.6568318202362041	0.10201740693967	0.061592443958948785	0.1413361093339344	0.07449456372990276	0.06538394544541969	0.0641377816175009	0.14090986896632302	0.13566261853710768	0.07528863953311678	0.09522746958259944	0.0769887903481729	0.09001135952193282	0.1143785707284324	0.11679267496405069	0.1629721094030415	0.2207885714699912	0.6024121817672692	0.0708552830667126	0.07529553536790284	0.058888000553213686	0.08450024496952381	0.08899598237591878	1.0	0.559065360234924	0.12036509451759535	0.05971412587099107	0.0710742259671915	0.2699291669824814	0.5735314034897658	0.07826401301272616	0.27347302187691624	0.09251405650642044
si	1.0	0.41205656655614914	1.0	1.0	0.5444387286807767	0.6143589292419388	1.0	0.37570853667703324	0.7199285383279772	0.5790144658109286	1.0	1.0	0.7199285383279772	0.5591529537510579	0.5354749398491014	1.0	1.0	1.0	1.0	1.0	1.0	0.7199285383279772	0.6853550664366564	0.653200231972572	0.542119059094049	1.0	0.559065360234924	1.0	0.6568318202362041	0.49068527430325504	0.3808126986496096	1.0	1.0	0.5901654686514951	0.7322034805959264	1.0
simple	1.0	0.17992763008369958	1.0	0.5912384651224016	0.11541622694518322	0.10659112934183812	0.16433383326689058	0.09982069930891008	0.1040945637234519	0.09905497596957152	0.17417080541806096	0.1550381967095383	0.10443381391328307	0.12102412108952461	0.09804959768836798	0.13155370405776426	0.16320667929215854	0.17036454372718365	0.2554577344352856	0.26198338336268207	0.3567153233263442	0.09686608946525378	0.09870622980008718	0.12908116317673088	0.1304602577431817	0.15312876005885998	0.12036509451759535	0.6568318202362041	1.0	0.1199656231442582	0.11596676357061385	0.4574925511518473	0.2812814579023996	0.10368824976084699	0.38648815471335424	0.13592530443209322
sr	1.0	0.1382767945511609	1.0	0.611247971396453	0.09939140948011085	0.06032831326278607	0.13604674162917618	0.07205897954034889	0.0657324393187596	0.06432639531689448	0.13407073672015224	0.13190930670837278	0.07690230766714487	0.10013485093600258	0.07675342743825765	0.08636513195932322	0.1107226460130759	0.11193821749483292	0.17797617902825416	0.2946986250805187	0.3465529822428421	0.06956806192397896	0.07462409364951478	0.05801273661485167	0.08713670298846207	0.0838233047105082	0.05971412587099107	0.49068527430325504	0.1199656231442582	1.0	0.06894632628619592	0.19300333714579354	0.6786291688147437	0.08300481945488691	0.42118803065144106	0.08932815170596713
sv	1.0	0.1491457603180532	1.0	0.6081387406547981	0.09819793555573027	0.0818226244889278	0.1503794731512551	0.08573654422275126	0.07745797654113576	0.0750080564862162	0.14294552868083468	0.1524878361346569	0.08645303659715779	0.10792883219753283	0.08450800443574845	0.10143886634219956	0.12068489646737117	0.11603219073962434	0.19881748717735842	0.23886387448639254	0.31408401574476225	0.08227058679833203	0.08298296693931465	0.07254148757623431	0.08895116959860272	0.09412008654725999	0.0710742259671915	0.3808126986496096	0.11596676357061385	0.06894632628619592	1.0	0.2925588446010531	0.4371174617679823	0.08973159433069453	0.3652151289042216	0.10783736728062743
te	1.0	0.33413591083080957	1.0	1.0	0.41313642409243834	0.3556310296847146	1.0	0.2155481936009914	0.3043075830280622	0.43927247059157554	1.0	1.0	0.30390310635394874	0.2808613995521576	0.3028120261439968	1.0	1.0	0.48358617813682386	1.0	1.0	1.0	0.37395188496976184	0.25594920344389244	0.3838653344691574	0.24172950598460183	1.0	0.2699291669824814	1.0	0.4574925511518473	0.19300333714579354	0.2925588446010531	1.0	0.7106922308883379	0.3120346630978714	0.5747129628734963	1.0
tr	1.0	0.257113306412369	-1.0	0.7863954451402115	0.2590439387957159	0.24293329559489218	0.7106922308883379	0.24644125233864733	0.23395133614514824	0.2237896959775247	0.6994017365373274	0.6994017365373274	0.7510341748895938	0.38582027141675906	0.25714244812040016	0.4797894832051865	0.3548312033950263	0.6395215194884023	1.0	0.363033293287408	1.0	0.2664829912822697	0.23402198718022194	0.25042302136532757	0.7106922308883378	0.26032829691115345	0.5735314034897658	1.0	0.2812814579023996	0.6786291688147437	0.4371174617679823	0.7106922308883379	1.0	0.30940743620493083	1.0	0.2964174847352194
vi	1.0	0.15139396589745288	1.0	0.3082723195222166	0.11215655526374736	0.07758183239671203	0.13389829980357393	0.0883208986590313	0.08127339200602086	0.07471801492934588	0.1325318676289777	0.12876873267802524	0.08036464142806628	0.10318717464173578	0.08237095842493736	0.10876602925369623	0.12265932954261392	0.11947880286775855	0.19375089837782827	0.2473876455961899	0.39158961483257004	0.08185423970875155	0.08406616288387045	0.09194602612828837	0.09422867008961149	0.11622640632791728	0.07826401301272616	0.5901654686514951	0.10368824976084699	0.08300481945488691	0.08973159433069453	0.3120346630978714	0.30940743620493083	1.0	0.2717715814818902	0.10563451226553836
war	1.0	0.281086074201427	1.0	1.0	0.2747951684907139	0.425772291422481	0.5715363983518331	0.2402292571967742	0.4197882208091139	0.3684943280163242	0.5709097422559894	0.5728802829949159	0.4288393301506301	0.3228814567497529	0.2911693070944647	0.5703103187478452	0.5703103187478452	0.4292406968144634	0.5751631327282978	0.5788602239955584	0.7322034805959264	0.3913861076303556	0.32370617504812416	0.44687786896044385	0.3711858302346537	0.5449347650477097	0.27347302187691624	0.7322034805959264	0.38648815471335424	0.42118803065144106	0.3652151289042216	0.5747129628734963	1.0	0.2717715814818902	1.0	0.5426853171891299
zh	1.0	0.21846505458222126	1.0	1.0	0.13301199313803805	0.07351644203320779	1.0	0.12469024685308001	0.08080754002038856	0.08518683763890508	0.43938907548551437	1.0	0.09850698995627405	0.15328424597780563	0.11230198865395197	0.6829196033032378	1.0	0.1515981815903877	1.0	1.0	1.0	0.08744540927016906	0.11036559493000866	0.10512155135324293	0.13067739685714375	0.49490268732374987	0.09251405650642044	1.0	0.13592530443209322	0.08932815170596713	0.10783736728062743	1.0	0.2964174847352194	0.10563451226553836	0.5426853171891299	1.0
