arz	bs	ceb	ckb	da	de	el	en	es	fr	he	hi	hu	id	it	ja	ko	lv	mk	ml	mr	nl	pl	pt	ro	ru	sh	si	simple	sr	sv	te	vi	war	zh
arz	1.0	0.7495060196705011	0.0	1.0	1.0	1.0	1.0	1.0	1.0	1.0	1.0	1.0	1.0	0.5020797777427737	1.0	1.0	1.0	1.0	1.0	1.0	1.0	1.0	0.7863954451402115	1.0	1.0	1.0	1.0	1.0	1.0	1.0	1.0	1.0	0.7863954451402115	1.0	1.0
bs	0.7495060196705011	1.0	1.0	0.6943271507020822	0.3749173606276335	0.34323144042355336	0.5750274306892204	0.32956052080695586	0.3375470744427644	0.3324440424177769	0.4197401445744629	0.4705757850475616	0.4541439652735152	0.24285901053889278	0.3038093574897509	0.4147772643592839	0.34323144042355336	0.4416557251413187	0.47339290714430365	0.5623648983656566	0.6978955566455194	0.4944985837837313	0.3944316163187102	0.3326545360760314	0.4257272164075373	0.4189690484862407	0.3658273202730916	1.0	0.5059738408614146	0.4387715877568591	0.47552169098989144	0.7126076878862918	0.40452821961807306	0.5578327288267166	0.40807425190799074
ceb	0.0	1.0	1.0	1.0	1.0	1.0	1.0	1.0	1.0	1.0	1.0	1.0	1.0	1.0	1.0	1.0	1.0	1.0	1.0	1.0	1.0	1.0	1.0	1.0	1.0	1.0	1.0	1.0	1.0	1.0	1.0	1.0	1.0	1.0	1.0
ckb	1.0	0.6943271507020822	1.0	1.0	0.41055547717987523	1.0	1.0	1.0	1.0	0.7376607345031153	1.0	1.0	1.0	0.34683762330931917	1.0	1.0	1.0	1.0	1.0	1.0	1.0	0.7376607345031152	0.7376607345031153	1.0	0.7376607345031153	1.0	0.6128508099341461	1.0	0.7411828468492556	0.7376607345031153	0.7376607345031153	1.0	0.7376607345031153	1.0	1.0
da	1.0	0.3749173606276335	1.0	0.41055547717987523	1.0	0.36328787123936906	0.3767328100941259	0.2498933190997595	0.30110870925837646	0.22394425937722243	0.3511675474138722	0.3860000916365426	0.5508455538065214	0.2346462143910063	0.24870367918008707	0.29902240635108424	0.33315272696351317	0.5854340927606403	0.728099120889861	0.5780965534243105	0.6161562425375515	0.27214093840628595	0.2387638019686333	0.2717983021991002	0.2764365991009491	0.250970077727786	0.2544569103903165	1.0	0.3741692826103825	0.247769819935289	0.2513838223413793	1.0	0.3343621517856833	0.39206438533218013	0.32919446181129314
de	1.0	0.34323144042355336	1.0	1.0	0.36328787123936906	1.0	0.6052104383549938	0.14017579301110564	0.23822935511806498	0.16951038611426011	0.45370847083664223	0.6475250169846577	0.4527150695948379	0.21003720591858555	0.1473318702112065	0.26325982739010223	0.4070435677085836	0.5034181000947787	1.0	0.7210092110599263	0.7347168825662656	0.20205267214802197	0.22706248371085988	0.2468142820070878	0.3140927897789189	0.2998776809854521	0.21208911042094228	1.0	0.35833697076884546	0.2164442775160021	0.273243930515747	1.0	0.29008299166377094	0.6524007805500078	0.3628433150779079
el	1.0	0.5750274306892204	1.0	1.0	0.3767328100941259	0.6052104383549938	1.0	0.6423162003593037	0.5539028676859222	0.5331958230649944	1.0	1.0	0.7322034805959264	0.2898702180566762	0.4434648070643054	1.0	1.0	1.0	1.0	1.0	1.0	0.5788148614446593	0.4150452841634198	0.5582681216144212	0.5528876584216992	1.0	0.3974234967669085	1.0	0.549345043446075	0.5144921630112118	0.6783645284344529	1.0	0.5828763145002701	0.6395657813917609	1.0
en	1.0	0.32956052080695586	1.0	1.0	0.2498933190997595	0.14017579301110564	0.6423162003593037	1.0	0.1375843826184205	0.12028462052229545	0.4709179650814246	0.7155258672934657	0.4692539946120029	0.1949831739476379	0.14158634134723666	0.2349740824624926	0.43523669585032576	0.511351130970379	0.6845485002822446	1.0	0.7347168825662657	0.19063722458113413	0.1544197034356521	0.17066600621739092	0.3175214025413932	0.26349018717872313	0.18856580048440894	0.7510341748895937	0.3439262471079134	0.18169956904589107	0.2584831861763493	1.0	0.21092385257374646	0.6395657813917609	0.30728940095516777
es	1.0	0.3375470744427644	1.0	1.0	0.30110870925837646	0.23822935511806498	0.5539028676859222	0.1375843826184205	1.0	0.18093504262624294	0.529266460249104	0.6067636116293127	0.4037695158583494	0.2121639738828221	0.20019648906540838	0.28274422160576573	0.4700905243925993	0.4808996063589319	0.6193113617177751	0.6549329476340925	1.0	0.20173120428070077	0.24121826696147722	0.2316699567116539	0.31989197599095526	0.31629134007509263	0.2161088620325683	1.0	0.39674060918902476	0.2335438546284213	0.2825707153636777	1.0	0.26620205311847034	0.6395657813917609	0.3460120946118309
fr	1.0	0.3324440424177769	1.0	0.7376607345031153	0.22394425937722243	0.16951038611426011	0.5331958230649944	0.12028462052229545	0.18093504262624294	1.0	0.38751233030886445	0.5425423073556399	0.3757460169119993	0.21230039773437887	0.1598211467784094	0.22164124327741375	0.4161441644199671	0.4679904236860399	0.5828763145002701	0.5882745708346901	0.7347168825662656	0.20552784584082692	0.1728229221516571	0.20253447480156683	0.2987761926948547	0.2869673454884224	0.1931051176245479	1.0	0.3822604863365712	0.212117273682871	0.2666920131954178	1.0	0.2555275493788672	0.6395657813917609	0.27834733918629945
he	1.0	0.4197401445744629	1.0	1.0	0.3511675474138722	0.45370847083664223	1.0	0.4709179650814246	0.529266460249104	0.38751233030886445	1.0	0.7171176902274347	0.5263453387350943	0.28477648654084764	0.3541604398387861	0.6370562647493825	0.7116768074483946	0.5379397754450405	0.7248485669756152	0.7221793916855702	0.7347168825662657	0.4864441220216689	0.2493895203665917	0.4368452004055336	0.36296751187794923	0.5940642723969021	0.39378552981911	0.7584325078215763	0.4324791173585759	0.28542727206851404	0.5854682073316644	1.0	0.4272193150327756	0.6395657813917609	0.6383829424521856
hi	1.0	0.4705757850475616	1.0	1.0	0.3860000916365426	0.6475250169846577	1.0	0.7155258672934657	0.6067636116293127	0.5425423073556399	0.7171176902274347	1.0	0.6190458324167819	0.23732115815523644	0.3233462695517179	1.0	1.0	0.6638546162332061	1.0	1.0	1.0	0.5582681216144212	0.5957374634936713	0.6487871090048528	0.3802117637299351	1.0	0.4559890909133852	1.0	0.4640962768425773	0.3603208697862982	0.6409969758691181	1.0	0.4859013906069192	1.0	1.0
hu	1.0	0.4541439652735152	1.0	1.0	0.5508455538065214	0.4527150695948379	0.7322034805959264	0.4692539946120029	0.4037695158583494	0.3757460169119993	0.5263453387350943	0.6190458324167819	1.0	0.36697631426104693	0.29065391673590296	0.5226417174762124	0.5621981406597992	0.6928997443627297	0.5888579337747817	0.625957132744244	0.7510341748895938	0.4319601267515382	0.4264475324605201	0.4008743128547603	0.37889594964297413	0.46655838519891907	0.3868582963709357	0.7690990303325336	0.48606781016668454	0.4418946544871139	0.4509728076887585	0.7455134344225701	0.5415859849388936	0.5878443823958859	0.4632255574670529
id	0.5020797777427737	0.24285901053889278	1.0	0.34683762330931917	0.2346462143910063	0.21003720591858555	0.2898702180566762	0.1949831739476379	0.2121639738828221	0.21230039773437887	0.28477648654084764	0.23732115815523644	0.36697631426104693	1.0	0.19501255677205587	0.1946718199157285	0.25898670704948357	0.27962916663895493	0.26921954337394455	0.25341985032342257	0.31489566950337833	0.16843600918180332	0.1828836242615837	0.20716895927558937	0.19226375375534166	0.1692057789408948	0.22225441272670518	0.42541513363573474	0.2269618040465578	0.18384389242895174	0.19640932897272495	0.3621577122837849	0.16904813261974563	0.3385292717302168	0.2039576541861734
it	1.0	0.3038093574897509	1.0	1.0	0.24870367918008707	0.1473318702112065	0.4434648070643054	0.14158634134723666	0.20019648906540838	0.1598211467784094	0.3541604398387861	0.3233462695517179	0.29065391673590296	0.19501255677205587	1.0	0.1892950903895982	0.28012068921465577	0.5233680084820113	0.3819749950923644	0.6115158990465742	1.0	0.17894551845538412	0.15528097178823677	0.17863801725460296	0.2718558135978554	0.19572057397298354	0.23280379559959083	1.0	0.39727215040868175	0.23592295363064747	0.23666278613842548	1.0	0.2902395571534631	0.6395657813917609	0.1884106647856152
ja	1.0	0.4147772643592839	1.0	1.0	0.29902240635108424	0.26325982739010223	1.0	0.2349740824624926	0.28274422160576573	0.22164124327741375	0.6370562647493825	1.0	0.5226417174762124	0.1946718199157285	0.1892950903895982	1.0	1.0	0.535256047632424	1.0	1.0	1.0	0.2617795664319952	0.19565883812811663	0.2815767603792385	0.33017518781560035	1.0	0.2590363905738001	1.0	0.3996292575243259	0.2492570139345787	0.2974111023506588	1.0	0.3056927740748324	0.6395657813917609	1.0
ko	1.0	0.34323144042355336	1.0	1.0	0.33315272696351317	0.4070435677085836	1.0	0.43523669585032576	0.4700905243925993	0.4161441644199671	0.7116768074483946	1.0	0.5621981406597992	0.25898670704948357	0.28012068921465577	1.0	1.0	0.5322870716671168	1.0	1.0	1.0	0.40862647523556617	0.26185672485520683	0.4438641130105029	0.3624666993982685	1.0	0.3547566782835807	1.0	0.4031288683133548	0.24525306583939124	0.5026822788756273	1.0	0.36005534244144694	0.6395657813917609	1.0
lv	1.0	0.4416557251413187	1.0	1.0	0.5854340927606403	0.5034181000947787	1.0	0.511351130970379	0.4808996063589319	0.4679904236860399	0.5379397754450405	0.6638546162332061	0.6928997443627297	0.27962916663895493	0.5233680084820113	0.535256047632424	0.5322870716671168	1.0	0.728099120889861	0.6701591524560107	0.7376607345031153	0.49295421201080514	0.3016633863432572	0.5505638267984209	0.3974714881749906	0.535256047632424	0.4758212087287844	1.0	0.5064212775707622	0.35768007760170173	0.5685995449003894	1.0	0.4693350537237256	1.0	0.5322870716671168
mk	1.0	0.47339290714430365	1.0	1.0	0.728099120889861	1.0	1.0	0.6845485002822446	0.6193113617177751	0.5828763145002701	0.7248485669756152	1.0	0.5888579337747817	0.26921954337394455	0.3819749950923644	1.0	1.0	0.728099120889861	1.0	1.0	1.0	0.6589257440209709	0.594461461275062	0.661251134120194	0.4000997612874393	1.0	0.5214318984870833	1.0	0.5392009041139618	0.38665161957425587	0.7263875964832448	1.0	0.7248485669756152	1.0	1.0
ml	1.0	0.5623648983656566	1.0	1.0	0.5780965534243105	0.7210092110599263	1.0	1.0	0.6549329476340925	0.5882745708346901	0.7221793916855702	1.0	0.625957132744244	0.25341985032342257	0.6115158990465742	1.0	1.0	0.6701591524560107	1.0	1.0	1.0	0.6193113617177751	0.5553323750567747	0.5901654686514952	0.605267323142456	1.0	0.44981167573143327	1.0	0.5706184609412532	0.38802047505689724	0.6870335990673101	1.0	0.5955447537859498	0.6524007805500078	1.0
mr	1.0	0.6978955566455194	1.0	1.0	0.6161562425375515	0.7347168825662656	1.0	0.7347168825662657	1.0	0.7347168825662656	0.7347168825662657	1.0	0.7510341748895938	0.31489566950337833	1.0	1.0	1.0	0.7376607345031153	1.0	1.0	1.0	1.0	0.7900608149332319	1.0	0.6908587525207898	1.0	0.7347168825662657	1.0	0.7347168825662657	0.4076738337198827	1.0	1.0	0.6161562425375515	1.0	1.0
nl	1.0	0.4944985837837313	1.0	0.7376607345031152	0.27214093840628595	0.20205267214802197	0.5788148614446593	0.19063722458113413	0.20173120428070077	0.20552784584082692	0.4864441220216689	0.5582681216144212	0.4319601267515382	0.16843600918180332	0.17894551845538412	0.2617795664319952	0.40862647523556617	0.49295421201080514	0.6589257440209709	0.6193113617177751	1.0	1.0	0.24678836541854715	0.22242883290505883	0.30725334174960717	0.30821484986712444	0.2261298580815536	1.0	0.3892277523775005	0.24863918895217277	0.3009523305093588	0.7510341748895938	0.2473169835307805	0.6395657813917609	0.3268586524730689
pl	0.7863954451402115	0.3944316163187102	1.0	0.7376607345031153	0.2387638019686333	0.22706248371085988	0.4150452841634198	0.1544197034356521	0.24121826696147722	0.1728229221516571	0.2493895203665917	0.5957374634936713	0.4264475324605201	0.1828836242615837	0.15528097178823677	0.19565883812811663	0.26185672485520683	0.3016633863432572	0.594461461275062	0.5553323750567747	0.7900608149332319	0.24678836541854715	1.0	0.17942022862325896	0.27273967244938063	0.2625728712291251	0.22347420974993903	1.0	0.29638971149538773	0.20123258460469953	0.29730304237599037	0.7455134344225701	0.2258291074909593	0.5811824348635611	0.23058886520899333
pt	1.0	0.3326545360760314	1.0	1.0	0.2717983021991002	0.2468142820070878	0.5582681216144212	0.17066600621739092	0.2316699567116539	0.20253447480156683	0.4368452004055336	0.6487871090048528	0.4008743128547603	0.20716895927558937	0.17863801725460296	0.2815767603792385	0.4438641130105029	0.5505638267984209	0.661251134120194	0.5901654686514952	1.0	0.22242883290505883	0.17942022862325896	1.0	0.30450787899892157	0.2978999408069939	0.3095987361612886	1.0	0.3627913028337656	0.24913146879346257	0.27269076572504086	1.0	0.2500441564949658	0.6395657813917609	0.3145952284112805
ro	1.0	0.4257272164075373	1.0	0.7376607345031153	0.2764365991009491	0.3140927897789189	0.5528876584216992	0.3175214025413932	0.31989197599095526	0.2987761926948547	0.36296751187794923	0.3802117637299351	0.37889594964297413	0.19226375375534166	0.2718558135978554	0.33017518781560035	0.3624666993982685	0.3974714881749906	0.4000997612874393	0.605267323142456	0.6908587525207898	0.30725334174960717	0.27273967244938063	0.30450787899892157	1.0	0.3232728604738696	0.33667379028237304	1.0	0.31641710920458704	0.2659395265650497	0.3739320362654431	1.0	0.29930094574541743	0.6395657813917609	0.2680104711044775
ru	1.0	0.4189690484862407	1.0	1.0	0.250970077727786	0.2998776809854521	1.0	0.26349018717872313	0.31629134007509263	0.2869673454884224	0.5940642723969021	1.0	0.46655838519891907	0.1692057789408948	0.19572057397298354	1.0	1.0	0.535256047632424	1.0	1.0	1.0	0.30821484986712444	0.2625728712291251	0.2978999408069939	0.3232728604738696	1.0	0.31922627810978155	1.0	0.37128188854574584	0.2847944965264257	0.31244867815095095	1.0	0.319510858246548	0.6395657813917609	1.0
sh	1.0	0.3658273202730916	1.0	0.6128508099341461	0.2544569103903165	0.21208911042094228	0.3974234967669085	0.18856580048440894	0.2161088620325683	0.1931051176245479	0.39378552981911	0.4559890909133852	0.3868582963709357	0.22225441272670518	0.23280379559959083	0.2590363905738001	0.3547566782835807	0.4758212087287844	0.5214318984870833	0.44981167573143327	0.7347168825662657	0.2261298580815536	0.22347420974993903	0.3095987361612886	0.33667379028237304	0.31922627810978155	1.0	1.0	0.37082261582581	0.15881406312508195	0.29488937956468453	0.7510341748895937	0.23306358541849015	0.6395657813917609	0.28371598246899826
si	1.0	1.0	1.0	1.0	1.0	1.0	1.0	0.7510341748895937	1.0	1.0	0.7584325078215763	1.0	0.7690990303325336	0.42541513363573474	1.0	1.0	1.0	1.0	1.0	1.0	1.0	1.0	1.0	1.0	1.0	1.0	1.0	1.0	0.7510341748895938	0.43526109167898114	1.0	1.0	1.0	1.0	1.0
simple	1.0	0.5059738408614146	1.0	0.7411828468492556	0.3741692826103825	0.35833697076884546	0.549345043446075	0.3439262471079134	0.39674060918902476	0.3822604863365712	0.4324791173585759	0.4640962768425773	0.48606781016668454	0.2269618040465578	0.39727215040868175	0.3996292575243259	0.4031288683133548	0.5064212775707622	0.5392009041139618	0.5706184609412532	0.7347168825662657	0.3892277523775005	0.29638971149538773	0.3627913028337656	0.31641710920458704	0.37128188854574584	0.37082261582581	0.7510341748895938	1.0	0.31272434163195156	0.41982664266444636	1.0	0.3619638796221596	0.6395657813917609	0.3724778275694749
sr	1.0	0.4387715877568591	1.0	0.7376607345031153	0.247769819935289	0.2164442775160021	0.5144921630112118	0.18169956904589107	0.2335438546284213	0.212117273682871	0.28542727206851404	0.3603208697862982	0.4418946544871139	0.18384389242895174	0.23592295363064747	0.2492570139345787	0.24525306583939124	0.35768007760170173	0.38665161957425587	0.38802047505689724	0.4076738337198827	0.24863918895217277	0.20123258460469953	0.24913146879346257	0.2659395265650497	0.2847944965264257	0.15881406312508195	0.43526109167898114	0.31272434163195156	1.0	0.3213851943436268	1.0	0.21457129685300344	0.5811824348635611	0.24901994297595503
sv	1.0	0.47552169098989144	1.0	0.7376607345031153	0.2513838223413793	0.273243930515747	0.6783645284344529	0.2584831861763493	0.2825707153636777	0.2666920131954178	0.5854682073316644	0.6409969758691181	0.4509728076887585	0.19640932897272495	0.23666278613842548	0.2974111023506588	0.5026822788756273	0.5685995449003894	0.7263875964832448	0.6870335990673101	1.0	0.3009523305093588	0.29730304237599037	0.27269076572504086	0.3739320362654431	0.31244867815095095	0.29488937956468453	1.0	0.41982664266444636	0.3213851943436268	1.0	1.0	0.33385889131014085	0.6395657813917609	0.32941321758855424
te	1.0	0.7126076878862918	1.0	1.0	1.0	1.0	1.0	1.0	1.0	1.0	1.0	1.0	0.7455134344225701	0.3621577122837849	1.0	1.0	1.0	1.0	1.0	1.0	1.0	0.7510341748895938	0.7455134344225701	1.0	1.0	1.0	0.7510341748895937	1.0	1.0	1.0	1.0	1.0	0.7510341748895938	1.0	1.0
vi	0.7863954451402115	0.40452821961807306	1.0	0.7376607345031153	0.3343621517856833	0.29008299166377094	0.5828763145002701	0.21092385257374646	0.26620205311847034	0.2555275493788672	0.4272193150327756	0.4859013906069192	0.5415859849388936	0.16904813261974563	0.2902395571534631	0.3056927740748324	0.36005534244144694	0.4693350537237256	0.7248485669756152	0.5955447537859498	0.6161562425375515	0.2473169835307805	0.2258291074909593	0.2500441564949658	0.29930094574541743	0.319510858246548	0.23306358541849015	1.0	0.3619638796221596	0.21457129685300344	0.33385889131014085	0.7510341748895938	1.0	0.5811824348635611	0.3165531618041487
war	1.0	0.5578327288267166	1.0	1.0	0.39206438533218013	0.6524007805500078	0.6395657813917609	0.6395657813917609	0.6395657813917609	0.6395657813917609	0.6395657813917609	1.0	0.5878443823958859	0.3385292717302168	0.6395657813917609	0.6395657813917609	0.6395657813917609	1.0	1.0	0.6524007805500078	1.0	0.6395657813917609	0.5811824348635611	0.6395657813917609	0.6395657813917609	0.6395657813917609	0.6395657813917609	1.0	0.6395657813917609	0.5811824348635611	0.6395657813917609	1.0	0.5811824348635611	1.0	0.6395657813917609
zh	1.0	0.40807425190799074	1.0	1.0	0.32919446181129314	0.3628433150779079	1.0	0.30728940095516777	0.3460120946118309	0.27834733918629945	0.6383829424521856	1.0	0.4632255574670529	0.2039576541861734	0.1884106647856152	1.0	1.0	0.5322870716671168	1.0	1.0	1.0	0.3268586524730689	0.23058886520899333	0.3145952284112805	0.2680104711044775	1.0	0.28371598246899826	1.0	0.3724778275694749	0.24901994297595503	0.32941321758855424	1.0	0.3165531618041487	0.6395657813917609	1.0
