arz	bs	ceb	ckb	da	de	el	en	es	fr	he	hi	hu	id	it	ja	ko	lv	mk	ml	mr	nl	pl	pt	ro	ru	sh	si	simple	sr	sv	te	vi	war	zh
arz	1.0	0.3797958971132712	0.0	1.0	0.2674788903885893	1.0	1.0	0.2857142857142857	1.0	0.5	1.0	1.0	1.0	0.5	0.3090169943749474	1.0	1.0	1.0	1.0	1.0	1.0	0.585786437626905	0.5	0.585786437626905	1.0	1.0	0.585786437626905	1.0	1.0	1.0	1.0	1.0	1.0	1.0	1.0
bs	0.3797958971132712	1.0	0.0	0.5	0.09590836289426181	0.13367660240019172	0.15894454156034005	0.07447960469787447	0.13192136053297493	0.1268268489487802	0.14184812878937275	0.2612038749637414	0.1584693830492905	0.10456435556373392	0.06977774575646661	0.16265941452915686	0.14053719616945776	0.1886378647726465	0.1757340838011157	0.353889367864523	0.38742588672279304	0.10490656828803087	0.1380262631157473	0.1374203627757835	0.11486967886443204	0.12077134402462537	0.10320904159048837	1.0	0.179128784747792	0.1117927451273296	0.13843491933222035	0.585786437626905	0.17100799366294794	0.3333333333333333	0.1365270594958143
ceb	0.0	0.0	1.0	0.0	1.0	1.0	1.0	1.0	1.0	1.0	1.0	1.0	1.0	1.0	1.0	1.0	1.0	1.0	1.0	0.0	1.0	0.585786437626905	1.0	1.0	1.0	1.0	1.0	0.0	1.0	1.0	1.0	0.0	1.0	0.0	1.0
ckb	1.0	0.5	0.0	1.0	0.4364916731037085	1.0	1.0	1.0	1.0	0.585786437626905	1.0	1.0	1.0	0.585786437626905	0.585786437626905	1.0	1.0	1.0	1.0	1.0	1.0	0.5	0.585786437626905	1.0	1.0	1.0	1.0	1.0	1.0	1.0	1.0	1.0	1.0	1.0	1.0
da	0.2674788903885893	0.09590836289426181	1.0	0.4364916731037085	1.0	0.009667190817862287	0.021147093476201802	0.018094703436820857	0.008970164154626734	0.008730829373964135	0.012069714586516032	0.1055201911221516	0.018216230670978918	0.010567820488119887	0.021036367079942594	0.0112456840252417	0.010841206612517553	0.06081450615360211	0.1	0.16597681693032765	0.21551468935838852	0.01247339994589609	0.010354716984470071	0.009751413636565781	0.015713653455976116	0.008556970838230413	0.012908747463227932	0.5	0.026796372648875078	0.010680539331369096	0.010079285621664404	0.585786437626905	0.014655707140132746	0.29429805508554946	0.010064925789988754
de	1.0	0.13367660240019172	1.0	1.0	0.009667190817862287	1.0	0.14086133350250726	0.003310501679781407	0.02663914536549072	0.004805941370961603	0.08648470824606558	0.185812113189084	0.15438708879488486	0.017763257693597285	0.004021882548664828	0.05616058112572695	0.07920089454208838	0.2118949818756026	0.17507960357339145	0.34833147735478825	0.33333333333333326	0.0056548723411456205	0.012812503136089832	0.008173806998344224	0.13299282904102766	0.022940148576006722	0.03267691267324899	1.0	0.15174115516527187	0.07457303036595331	0.020726502674675542	0.585786437626905	0.09806011758437244	1.0	0.0625
el	1.0	0.15894454156034005	1.0	1.0	0.021147093476201802	0.14086133350250726	1.0	0.008297364629352868	0.10786987019664887	0.0640723303495776	1.0	1.0	0.585786437626905	0.07938137456736481	0.008172453972236314	1.0	1.0	0.44948974278317805	1.0	1.0	1.0	0.012941427806966933	0.1380262631157473	0.0740314354794584	0.38742588672279304	1.0	0.07279795937095576	1.0	0.23166247903554	0.32449979983983984	0.08413421726415848	1.0	1.0	1.0	1.0
en	0.2857142857142857	0.07447960469787447	1.0	1.0	0.018094703436820857	0.003310501679781407	0.008297364629352868	1.0	0.0030975237650844242	0.006273904446476784	0.006136294049657875	0.03962910564087524	0.008179812736323367	0.005210380938914539	0.01899853169014869	0.004512686612719984	0.0047057907378306296	0.03390662937282536	0.015689058650788748	0.054978299627295245	0.056438971264992775	0.014724741709036628	0.004258918501731644	0.005560268029587288	0.008215575866720566	0.002340453128737575	0.0064881859954002054	0.26427884169111276	0.020658934876977588	0.004422196189092902	0.005504607414481609	0.3333333333333333	0.006930105797262477	1.0	0.004537920650289622
es	1.0	0.13192136053297493	1.0	1.0	0.008970164154626734	0.02663914536549072	0.10786987019664887	0.0030975237650844242	1.0	0.003777126507325223	0.07494937701133753	0.2612038749637414	0.11978243827074593	0.005966611433186642	0.003604122550521837	0.039203565909825884	0.049052257976328485	0.2303268468157938	0.1886378647726465	0.3244997998398398	0.28172904669025317	0.005104352195414304	0.02263339491565835	0.004995529660616703	0.09043092359144499	0.012836796125667595	0.021051256046645758	0.585786437626905	0.11244755145625523	0.04552851834261489	0.016099611093957158	0.585786437626905	0.10074938846606682	1.0	0.040686983244240166
fr	0.5	0.1268268489487802	1.0	0.585786437626905	0.008730829373964135	0.004805941370961603	0.0640723303495776	0.006273904446476784	0.003777126507325223	1.0	0.02028695573905074	0.17331935664757372	0.06479303888942434	0.005964326973950188	0.006174164275980308	0.010662402709290184	0.013628030683052055	0.14118784806383944	0.13616022344521683	0.21239994067041815	0.2898979485566356	0.006611078772653585	0.007050700697671388	0.005081011703106358	0.05433072852664461	0.003192450018130062	0.013486869851123637	0.44948974278317805	0.10245158724709724	0.00835946781741318	0.010691841568952427	0.5	0.04423197507666913	1.0	0.010720094878998025
he	1.0	0.14184812878937275	1.0	1.0	0.012069714586516032	0.08648470824606558	1.0	0.006136294049657875	0.07494937701133753	0.02028695573905074	1.0	1.0	0.585786437626905	0.03944034159834329	0.0070069579062346475	1.0	1.0	0.44948974278317805	1.0	1.0	1.0	0.009345882679364051	0.0768410292601865	0.03790982443158005	0.3660254037844386	1.0	0.06299421012777986	1.0	0.19292728076790167	0.32449979983983984	0.05577974816839163	1.0	1.0	1.0	1.0
hi	1.0	0.2612038749637414	1.0	1.0	0.1055201911221516	0.185812113189084	1.0	0.03962910564087524	0.2612038749637414	0.17331935664757372	1.0	1.0	1.0	0.22646721143623746	0.044200035145470475	1.0	1.0	1.0	1.0	1.0	1.0	0.12769271191181897	0.2958163163244893	0.2	0.585786437626905	1.0	0.2791745113185196	1.0	0.25	1.0	0.21393876913398135	1.0	1.0	1.0	1.0
hu	1.0	0.1584693830492905	1.0	1.0	0.018216230670978918	0.15438708879488486	0.585786437626905	0.008179812736323367	0.11978243827074593	0.06479303888942434	0.585786437626905	1.0	1.0	0.07345123042872957	0.009451701235455724	0.585786437626905	0.585786437626905	0.5	1.0	1.0	1.0	0.026371759526490495	0.11978243827074593	0.07208082907518726	0.44948974278317805	0.5	0.09559823688375425	1.0	0.23441237831492118	0.32037724101704074	0.10642342175357311	1.0	0.5	1.0	0.585786437626905
id	0.5	0.10456435556373392	1.0	0.585786437626905	0.010567820488119887	0.017763257693597285	0.07938137456736481	0.005210380938914539	0.005966611433186642	0.005964326973950188	0.03944034159834329	0.22646721143623746	0.07345123042872957	1.0	0.005498759392571496	0.031432015502028794	0.02635455708271765	0.14268739470996927	0.1098789303367091	0.26533119314590375	0.4142135623730951	0.006658446171200521	0.018258298792919403	0.006067500274330279	0.06186758646140674	0.006339293231230653	0.02658871039035013	0.585786437626905	0.10710461314257713	0.01577536523625299	0.02694597603225445	0.5	0.05898035728540396	0.585786437626905	0.022733914036398295
it	0.3090169943749474	0.06977774575646661	1.0	0.585786437626905	0.021036367079942594	0.004021882548664828	0.008172453972236314	0.01899853169014869	0.003604122550521837	0.006174164275980308	0.0070069579062346475	0.044200035145470475	0.009451701235455724	0.005498759392571496	1.0	0.005343743121047148	0.005209706783728541	0.04419703450821136	0.016473695027856717	0.07927293447787669	0.07525470484963005	0.014810216697970446	0.004810891635136352	0.005423046345651793	0.00895893073220886	0.0033208588856083183	0.006192111036223458	0.5	0.018320045038421686	0.00484278433093186	0.0060101582130499724	0.585786437626905	0.008293958938772562	0.5	0.005491817929049437
ja	1.0	0.16265941452915686	1.0	1.0	0.0112456840252417	0.05616058112572695	1.0	0.004512686612719984	0.039203565909825884	0.010662402709290184	1.0	1.0	0.585786437626905	0.031432015502028794	0.005343743121047148	1.0	1.0	0.44948974278317805	1.0	1.0	1.0	0.007164674252716177	0.04998804264351909	0.017769272150693665	0.34833147735478825	1.0	0.03538142125564739	1.0	0.1757340838011157	0.3090169943749474	0.03839330573429839	1.0	1.0	1.0	1.0
ko	1.0	0.14053719616945776	1.0	1.0	0.010841206612517553	0.07920089454208838	1.0	0.0047057907378306296	0.049052257976328485	0.013628030683052055	1.0	1.0	0.585786437626905	0.02635455708271765	0.005209706783728541	1.0	1.0	0.4142135623730951	1.0	1.0	1.0	0.00786691778462353	0.06560477611105177	0.02188451163432108	0.3660254037844386	1.0	0.03902100860784394	1.0	0.15331120368114004	0.2843646522044218	0.03075243736902203	1.0	1.0	1.0	1.0
lv	1.0	0.1886378647726465	1.0	1.0	0.06081450615360211	0.2118949818756026	0.44948974278317805	0.03390662937282536	0.2303268468157938	0.14118784806383944	0.44948974278317805	1.0	0.5	0.14268739470996927	0.04419703450821136	0.44948974278317805	0.4142135623730951	1.0	0.585786437626905	1.0	1.0	0.07162563710668096	0.2240092377397959	0.17331935664757372	0.38742588672279304	0.3430703308172536	0.20521309615767264	1.0	0.2674788903885893	0.4142135623730951	0.18018909981882894	1.0	0.4142135623730951	1.0	0.4142135623730951
mk	1.0	0.1757340838011157	1.0	1.0	0.1	0.17507960357339145	1.0	0.015689058650788748	0.1886378647726465	0.13616022344521683	1.0	1.0	1.0	0.1098789303367091	0.016473695027856717	1.0	1.0	0.585786437626905	1.0	1.0	1.0	0.07738968302969966	0.22646721143623746	0.11076982044265109	0.5	1.0	0.1343715892188287	1.0	0.4142135623730951	0.585786437626905	0.1774053291584318	1.0	1.0	1.0	1.0
ml	1.0	0.353889367864523	0.0	1.0	0.16597681693032765	0.34833147735478825	1.0	0.054978299627295245	0.3244997998398398	0.21239994067041815	1.0	1.0	1.0	0.26533119314590375	0.07927293447787669	1.0	1.0	1.0	1.0	1.0	1.0	0.2216368750839041	0.4142135623730951	0.2742918851774318	0.585786437626905	1.0	0.32449979983983984	1.0	0.4142135623730951	0.585786437626905	0.2402530733520421	1.0	1.0	1.0	1.0
mr	1.0	0.38742588672279304	1.0	1.0	0.21551468935838852	0.33333333333333326	1.0	0.056438971264992775	0.28172904669025317	0.2898979485566356	1.0	1.0	1.0	0.4142135623730951	0.07525470484963005	1.0	1.0	1.0	1.0	1.0	1.0	0.23371479611805132	0.4364916731037085	0.3090169943749474	0.585786437626905	1.0	0.353889367864523	1.0	0.38742588672279304	1.0	0.38742588672279304	1.0	1.0	1.0	1.0
nl	0.585786437626905	0.10490656828803087	0.585786437626905	0.5	0.01247339994589609	0.0056548723411456205	0.012941427806966933	0.014724741709036628	0.005104352195414304	0.006611078772653585	0.009345882679364051	0.12769271191181897	0.026371759526490495	0.006658446171200521	0.014810216697970446	0.007164674252716177	0.00786691778462353	0.07162563710668096	0.07738968302969966	0.2216368750839041	0.23371479611805132	1.0	0.007150134612392269	0.0065868742452865545	0.012986558558756424	0.0049646688832906535	0.009288021677034276	0.44948974278317805	0.07366577983633707	0.006622508140411393	0.008698372478454144	0.585786437626905	0.016612496036548085	0.36602540378443865	0.007766323038433066
pl	0.5	0.1380262631157473	1.0	0.585786437626905	0.010354716984470071	0.012812503136089832	0.1380262631157473	0.004258918501731644	0.02263339491565835	0.007050700697671388	0.0768410292601865	0.2958163163244893	0.11978243827074593	0.018258298792919403	0.004810891635136352	0.04998804264351909	0.06560477611105177	0.2240092377397959	0.22646721143623746	0.4142135623730951	0.4364916731037085	0.007150134612392269	1.0	0.010836650508765106	0.10662635876100238	0.009975465852162047	0.039062296515046814	1.0	0.14763410387308015	0.056141972429004414	0.03281575785826749	1.0	0.1097859053299371	0.585786437626905	0.0654971239613476
pt	0.585786437626905	0.1374203627757835	1.0	1.0	0.009751413636565781	0.008173806998344224	0.0740314354794584	0.005560268029587288	0.004995529660616703	0.005081011703106358	0.03790982443158005	0.2	0.07208082907518726	0.006067500274330279	0.005423046345651793	0.017769272150693665	0.02188451163432108	0.17331935664757372	0.11076982044265109	0.2742918851774318	0.3090169943749474	0.0065868742452865545	0.010836650508765106	1.0	0.0784664545680826	0.004459518380885866	0.020683743058704997	1.0	0.10724249129292775	0.016304037715115762	0.02005209593836406	0.5	0.0646782215686706	1.0	0.019422793469282242
ro	1.0	0.11486967886443204	1.0	1.0	0.015713653455976116	0.13299282904102766	0.38742588672279304	0.008215575866720566	0.09043092359144499	0.05433072852664461	0.3660254037844386	0.585786437626905	0.44948974278317805	0.06186758646140674	0.00895893073220886	0.34833147735478825	0.3660254037844386	0.38742588672279304	0.5	0.585786437626905	0.585786437626905	0.012986558558756424	0.10662635876100238	0.0784664545680826	1.0	0.2898979485566356	0.08121718060468396	1.0	0.1987625491245426	0.27429188517743175	0.08413421726415848	1.0	0.3660254037844386	1.0	0.4142135623730951
ru	1.0	0.12077134402462537	1.0	1.0	0.008556970838230413	0.022940148576006722	1.0	0.002340453128737575	0.012836796125667595	0.003192450018130062	1.0	1.0	0.5	0.006339293231230653	0.0033208588856083183	1.0	1.0	0.3430703308172536	1.0	1.0	1.0	0.0049646688832906535	0.009975465852162047	0.004459518380885866	0.2898979485566356	1.0	0.013107491068565584	1.0	0.15438708879488486	0.24336073281110826	0.01098444753291256	1.0	1.0	1.0	1.0
sh	0.585786437626905	0.10320904159048837	1.0	1.0	0.012908747463227932	0.03267691267324899	0.07279795937095576	0.0064881859954002054	0.021051256046645758	0.013486869851123637	0.06299421012777986	0.2791745113185196	0.09559823688375425	0.02658871039035013	0.006192111036223458	0.03538142125564739	0.03902100860784394	0.20521309615767264	0.1343715892188287	0.32449979983983984	0.353889367864523	0.009288021677034276	0.039062296515046814	0.020683743058704997	0.08121718060468396	0.013107491068565584	1.0	0.585786437626905	0.14923419446018063	0.01529993025763642	0.04439274919519593	1.0	0.06824616252805184	1.0	0.04227573085828657
si	1.0	1.0	0.0	1.0	0.5	1.0	1.0	0.26427884169111276	0.585786437626905	0.44948974278317805	1.0	1.0	1.0	0.585786437626905	0.5	1.0	1.0	1.0	1.0	1.0	1.0	0.44948974278317805	1.0	1.0	1.0	1.0	0.585786437626905	1.0	0.585786437626905	1.0	1.0	1.0	1.0	1.0	1.0
simple	1.0	0.179128784747792	1.0	1.0	0.026796372648875078	0.15174115516527187	0.23166247903554	0.020658934876977588	0.11244755145625523	0.10245158724709724	0.19292728076790167	0.25	0.23441237831492118	0.10710461314257713	0.018320045038421686	0.1757340838011157	0.15331120368114004	0.2674788903885893	0.4142135623730951	0.4142135623730951	0.38742588672279304	0.07366577983633707	0.14763410387308015	0.10724249129292775	0.1987625491245426	0.15438708879488486	0.14923419446018063	0.585786437626905	1.0	0.1876127897984334	0.12256538371419255	0.585786437626905	0.20342651452257512	0.585786437626905	0.17491720310721423
sr	1.0	0.1117927451273296	1.0	1.0	0.010680539331369096	0.07457303036595331	0.32449979983983984	0.004422196189092902	0.04552851834261489	0.00835946781741318	0.32449979983983984	1.0	0.32037724101704074	0.01577536523625299	0.00484278433093186	0.3090169943749474	0.2843646522044218	0.4142135623730951	0.585786437626905	0.585786437626905	1.0	0.006622508140411393	0.056141972429004414	0.016304037715115762	0.27429188517743175	0.24336073281110826	0.01529993025763642	1.0	0.1876127897984334	1.0	0.04487246120818746	1.0	0.5	1.0	0.2958163163244893
sv	1.0	0.13843491933222035	1.0	1.0	0.010079285621664404	0.020726502674675542	0.08413421726415848	0.005504607414481609	0.016099611093957158	0.010691841568952427	0.05577974816839163	0.21393876913398135	0.10642342175357311	0.02694597603225445	0.0060101582130499724	0.03839330573429839	0.03075243736902203	0.18018909981882894	0.1774053291584318	0.2402530733520421	0.38742588672279304	0.008698372478454144	0.03281575785826749	0.02005209593836406	0.08413421726415848	0.01098444753291256	0.04439274919519593	1.0	0.12256538371419255	0.04487246120818746	1.0	0.585786437626905	0.06879004867314614	0.585786437626905	0.032740927048463646
te	1.0	0.585786437626905	0.0	1.0	0.585786437626905	0.585786437626905	1.0	0.3333333333333333	0.585786437626905	0.5	1.0	1.0	1.0	0.5	0.585786437626905	1.0	1.0	1.0	1.0	1.0	1.0	0.585786437626905	1.0	0.5	1.0	1.0	1.0	1.0	0.585786437626905	1.0	0.585786437626905	1.0	1.0	1.0	1.0
vi	1.0	0.17100799366294794	1.0	1.0	0.014655707140132746	0.09806011758437244	1.0	0.006930105797262477	0.10074938846606682	0.04423197507666913	1.0	1.0	0.5	0.05898035728540396	0.008293958938772562	1.0	1.0	0.4142135623730951	1.0	1.0	1.0	0.016612496036548085	0.1097859053299371	0.0646782215686706	0.3660254037844386	1.0	0.06824616252805184	1.0	0.20342651452257512	0.5	0.06879004867314614	1.0	1.0	1.0	1.0
war	1.0	0.3333333333333333	0.0	1.0	0.29429805508554946	1.0	1.0	1.0	1.0	1.0	1.0	1.0	1.0	0.585786437626905	0.5	1.0	1.0	1.0	1.0	1.0	1.0	0.36602540378443865	0.585786437626905	1.0	1.0	1.0	1.0	1.0	0.585786437626905	1.0	0.585786437626905	1.0	1.0	1.0	1.0
zh	1.0	0.1365270594958143	1.0	1.0	0.010064925789988754	0.0625	1.0	0.004537920650289622	0.040686983244240166	0.010720094878998025	1.0	1.0	0.585786437626905	0.022733914036398295	0.005491817929049437	1.0	1.0	0.4142135623730951	1.0	1.0	1.0	0.007766323038433066	0.0654971239613476	0.019422793469282242	0.4142135623730951	1.0	0.04227573085828657	1.0	0.17491720310721423	0.2958163163244893	0.032740927048463646	1.0	1.0	1.0	1.0
