arz	bs	ceb	ckb	da	de	el	en	es	fr	he	hi	hu	id	it	ja	ko	lv	mk	ml	mr	nl	pl	pt	ro	ru	sh	si	simple	sr	sv	te	vi	war	zh
arz	1.0	0.06595744680851064	0.015625	0.05862068965517241	0.035440613026819924	0.00897021887334051	0.036016949152542374	0.005132540196784401	0.010723296888141295	0.009720062208398134	0.022749273959341725	0.04295942720763723	0.0375	0.026737967914438502	0.01051953628166595	0.017168885774351786	0.027101769911504425	0.04927007299270073	0.04975485826350508	0.045454545454545456	0.07518796992481203	0.015399120050282841	0.010922871154703521	0.012213359920239282	0.045174537987679675	0.012583461736004109	0.039959016393442626	0.0703125	0.03299492385786802	0.027413587604290822	0.019073004912769333	0.06481481481481481	0.02766798418972332	0.07865168539325842	0.019948552205910144
bs	0.06595744680851064	1.0	0.014285714285714285	0.1	0.11465872130291305	0.03453829634931997	0.12543849474837296	0.020443016725264784	0.040506323713885455	0.03767547871561927	0.0778364254203682	0.1267207991029179	0.11381337836432273	0.09838360505055391	0.0399824233737858	0.06081335193862691	0.0858676034446288	0.13342696629213482	0.13279421957009757	0.11898913335906704	0.09046882229352023	0.05851491098941073	0.041737011358320905	0.04751371845148742	0.10853822684852836	0.0480688175698541	0.1493250658832962	0.09437751004016064	0.10614407873229986	0.09538599585621528	0.0710657077006009	0.09312982670026486	0.09459951728783117	0.08294930875576037	0.07464272709031591
ceb	0.015625	0.014285714285714285	1.0	0.02336448598130841	0.005964214711729622	0.0014393666786613889	0.0077951002227171495	0.0008077198512093034	0.001687051876845213	0.0015600624024961	0.003913894324853229	0.010075566750629723	0.007625272331154684	0.005479452054794521	0.0015079707022834985	0.0028208744710860366	0.004469273743016759	0.01016260162601626	0.01206896551724138	0.015151515151515152	0.030927835051546393	0.0022109917877447885	0.0017905102954341987	0.00200300450676014	0.008456659619450317	0.0020639834881320948	0.006369426751592357	0.03333333333333333	0.006108202443280977	0.0048367593712212815	0.002797761790567546	0.015503875968992248	0.004704301075268817	0.06382978723404255	0.0030621172353455816
ckb	0.05862068965517241	0.1	0.02336448598130841	1.0	0.07291666666666667	0.017966223499820338	0.07861635220125786	0.010376453349851777	0.02127211457455771	0.019268197742312185	0.04501452081316554	0.07852193995381063	0.07230142566191446	0.05823293172690763	0.021514629948364887	0.03328661527680449	0.050716648291069456	0.11964285714285715	0.09545454545454546	0.10288808664259928	0.10445075757575757	0.03018867924528302	0.021642124051762607	0.02498750624687656	0.077	0.02521452663426457	0.07459412806888856	0.11935483870967742	0.0680672268907563	0.048292108362779744	0.03645007923930269	0.09947643979057591	0.057236842105263155	0.12083333333333333	0.03986135181975736
da	0.035440613026819924	0.11465872130291305	0.005964214711729622	0.07291666666666667	1.0	0.07911784403804181	0.15583303607680563	0.04827983847290761	0.09378512881741963	0.08774250415055802	0.16592727939474997	0.14939017972542298	0.18158980485062642	0.16085481921160524	0.09295489378430198	0.13520159822335573	0.17596147840464965	0.14726383581411506	0.1376987003572723	0.1163575042158516	0.06581430164545699	0.13118558759741955	0.09202383906660522	0.11000027043839175	0.17493294640109044	0.104705452954676	0.15911785775033038	0.05776515151515151	0.1810865674358404	0.1507524693441016	0.1551373807302357	0.06805807622504537	0.15346424636946773	0.041666666666666664	0.15585039499978048
de	0.00897021887334051	0.03453829634931997	0.0014393666786613889	0.017966223499820338	0.07911784403804181	1.0	0.0704883167766808	0.23307358004906037	0.2698578328035497	0.2591869272512172	0.14951520337801125	0.061811488468511436	0.07446946119261032	0.10951689320268376	0.2562483358827446	0.18787327957457406	0.1350080458685193	0.040630615369397445	0.04677188416919069	0.03715175871085572	0.016349263384836506	0.21542713998399185	0.26333250546091985	0.23494156289877505	0.0762520336005777	0.21336909578362875	0.07177538943103456	0.015091627739849083	0.08604145894565056	0.12055771045464898	0.17919838639178262	0.02138724081073635	0.1086177072512882	0.008096437567470314	0.15239591121135163
el	0.036016949152542374	0.12543849474837296	0.0077951002227171495	0.07861635220125786	0.15583303607680563	0.0704883167766808	1.0	0.04397372351846161	0.08456817405369488	0.0771937694308317	0.14516041707803334	0.166128124879412	0.1571106672812004	0.15917083918282973	0.08119725710174729	0.12396489222864934	0.16041974046855256	0.16079294849110423	0.15769078815627824	0.11557990525659369	0.07540679618065879	0.11165481323286457	0.08392605035974465	0.09708850494673735	0.18063208529767621	0.0928081594018501	0.15661090738020045	0.06680212531042001	0.17016631427779674	0.1428904227001989	0.13304907573494573	0.08231707317073171	0.15459654898538908	0.04777777777777778	0.13900196321087474
en	0.005132540196784401	0.020443016725264784	0.0008077198512093034	0.010376453349851777	0.04827983847290761	0.23307358004906037	0.04397372351846161	1.0	0.22523008347388543	0.2213755902100093	0.10113608733091953	0.039582052856033424	0.04486073658850817	0.07105310880376321	0.21544821207517073	0.13689062243283248	0.08921223708279123	0.024491676314622454	0.02850276512645012	0.022974735043621	0.009577839352998907	0.15097848540327397	0.2048536174074778	0.1910908138480562	0.04613833529146079	0.17424814133104768	0.0455241669680393	0.00887086943266117	0.056889715690678105	0.08069160702404578	0.12177271347676674	0.012593189603062663	0.07445510792181785	0.004533548257102559	0.11367981333945774
es	0.010723296888141295	0.040506323713885455	0.001687051876845213	0.02127211457455771	0.09378512881741963	0.2698578328035497	0.08456817405369488	0.22523008347388543	1.0	0.2752312079420901	0.1797422483813832	0.07558519459535136	0.08848054470448033	0.13251101419360567	0.2860679699378945	0.21939434598888477	0.16470248861491807	0.04985275557425326	0.057100428434539684	0.046261033887128954	0.019659070124857056	0.2433312925028196	0.2683660917714392	0.2896903103757633	0.08939783812444298	0.23867593410087912	0.0873757848996377	0.018120522545301308	0.10453071811575776	0.14616493574240053	0.2100718937682428	0.025252525252525252	0.1364983202941012	0.009489666807254323	0.18945897087027613
fr	0.009720062208398134	0.03767547871561927	0.0015600624024961	0.019268197742312185	0.08774250415055802	0.2591869272512172	0.0771937694308317	0.2213755902100093	0.2752312079420901	1.0	0.16362337102008226	0.06822852909257227	0.0808228043094899	0.11936482671215959	0.2587470828068217	0.20075525545479947	0.1508045765525815	0.04552181755369941	0.052848843170314644	0.04193244721699413	0.01792970984914325	0.2276919890456355	0.24436740398241935	0.25067081077867803	0.08409709651618025	0.21439320886659938	0.07940297723940574	0.016556291390728478	0.09866277687161189	0.1286428697659042	0.19632036512867437	0.022948269155970438	0.1236782228207317	0.008785372861668389	0.1679858365196548
he	0.022749273959341725	0.0778364254203682	0.003913894324853229	0.04501452081316554	0.16592727939474997	0.14951520337801125	0.14516041707803334	0.10113608733091953	0.1797422483813832	0.16362337102008226	1.0	0.13198587580220444	0.1487409558302537	0.18509166208506883	0.17416258297679227	0.2100322960846281	0.22685093290988487	0.09862134841372933	0.10953876404607334	0.0824735541683586	0.041182170542635656	0.21292920077596286	0.17135932237796794	0.20201404648417878	0.1551955652767963	0.17875323517330535	0.15032119401314203	0.038915596617601	0.18186983074774815	0.19302050621143935	0.2327389157965683	0.052054497500243394	0.19724503115302114	0.02048780487804878	0.21698206190690011
hi	0.04295942720763723	0.1267207991029179	0.010075566750629723	0.07852193995381063	0.14939017972542298	0.061811488468511436	0.166128124879412	0.039582052856033424	0.07558519459535136	0.06822852909257227	0.13198587580220444	1.0	0.1506607674855816	0.1625493588580837	0.071386504095165	0.11133362240783848	0.1509188406436295	0.15597069653033474	0.1466154876087868	0.15418074324324327	0.09302749459375965	0.0999762368998294	0.07223674331020731	0.0877747996421079	0.16548090338470067	0.0826786373697319	0.14956603729385307	0.08348456868738326	0.16801747739630205	0.13428941524796448	0.11861930679798399	0.10726213231390039	0.1622999237804878	0.05112219451371571	0.12909965428381387
hu	0.0375	0.11381337836432273	0.007625272331154684	0.07230142566191446	0.18158980485062642	0.07446946119261032	0.1571106672812004	0.04486073658850817	0.08848054470448033	0.0808228043094899	0.1487409558302537	0.1506607674855816	1.0	0.15731538387719934	0.08469515446427842	0.11810424372835909	0.1555878929709517	0.14469955976020982	0.1415406899180484	0.11574984547957522	0.07386724857046152	0.11914663110962957	0.08972879638374356	0.10248205309116239	0.17411881688895126	0.09892953306331473	0.15537462303859118	0.06288659793814433	0.16161428768701583	0.14902897766224965	0.13293915698425657	0.08651911468812877	0.1538631029426008	0.044372294372294376	0.1383932571469532
id	0.026737967914438502	0.09838360505055391	0.005479452054794521	0.05823293172690763	0.16085481921160524	0.10951689320268376	0.15917083918282973	0.07105310880376321	0.13251101419360567	0.11936482671215959	0.18509166208506883	0.1625493588580837	0.15731538387719934	1.0	0.12792094766860476	0.16364074644981283	0.19146793278217802	0.11895674300254452	0.12327500033770548	0.10870058948120549	0.05612530796122559	0.1669804741980474	0.12418171906232964	0.15250556214309233	0.16464088397790055	0.14243289470330162	0.16434775767425927	0.05121293800539083	0.170929129145131	0.18135190471013118	0.18397580531564112	0.06697612732095491	0.1969504055663151	0.029371584699453553	0.17426412706672997
it	0.01051953628166595	0.0399824233737858	0.0015079707022834985	0.021514629948364887	0.09295489378430198	0.2562483358827446	0.08119725710174729	0.21544821207517073	0.2860679699378945	0.2587470828068217	0.17416258297679227	0.071386504095165	0.08469515446427842	0.12792094766860476	1.0	0.20844874610352485	0.1576182703306937	0.04935207412035358	0.056128020033281815	0.045638779670932376	0.018728076787558046	0.23857163781832016	0.25124392375507315	0.2772722867748664	0.0874171693783826	0.22668532046039977	0.0857524239676332	0.016985633249502436	0.1026058838861015	0.1399073045321921	0.20052211565664024	0.024695172067382302	0.12759162852117428	0.009478672985781991	0.18264998051311684
ja	0.017168885774351786	0.06081335193862691	0.0028208744710860366	0.03328661527680449	0.13520159822335573	0.18787327957457406	0.12396489222864934	0.13689062243283248	0.21939434598888477	0.20075525545479947	0.2100322960846281	0.11133362240783848	0.11810424372835909	0.16364074644981283	0.20844874610352485	1.0	0.21749532728202645	0.0747938633123795	0.08410017830208617	0.06964825874472423	0.03237156931738212	0.22413378869342182	0.2027260723402064	0.23313086389662044	0.12178641519506454	0.2008396451918979	0.11987038512658368	0.029571876358498905	0.15295140084722414	0.16818811547640983	0.23246620709871949	0.03988803358992302	0.17243187769705742	0.015867418899858956	0.22120417619522884
ko	0.027101769911504425	0.0858676034446288	0.004469273743016759	0.050716648291069456	0.17596147840464965	0.1350080458685193	0.16041974046855256	0.08921223708279123	0.16470248861491807	0.1508045765525815	0.22685093290988487	0.1509188406436295	0.1555878929709517	0.19146793278217802	0.1576182703306937	0.21749532728202645	1.0	0.10467587672688629	0.11150422613773428	0.09663697448521229	0.04907013298952686	0.19675320885788064	0.15181927413565693	0.18592272570738233	0.16965726932364053	0.1714732676397909	0.16370834461366415	0.044444498970279606	0.20032620975106957	0.1993949346634818	0.21969249323619566	0.05616139585605234	0.211615597452291	0.024553571428571428	0.21829854420435352
lv	0.04927007299270073	0.13342696629213482	0.01016260162601626	0.11964285714285715	0.14726383581411506	0.040630615369397445	0.16079294849110423	0.024491676314622454	0.04985275557425326	0.04552181755369941	0.09862134841372933	0.15597069653033474	0.14469955976020982	0.11895674300254452	0.04935207412035358	0.0747938633123795	0.10467587672688629	1.0	0.1627503035378955	0.1573441247002398	0.11635923930966253	0.07008392603741885	0.051035638467675656	0.058100192172343974	0.15715959618700656	0.05673111151459758	0.1370352765445199	0.10473714189274715	0.13236911220771197	0.10612255045350365	0.083376727499876	0.1060555509216782	0.1240506329113924	0.08064516129032258	0.08798386872869736
mk	0.04975485826350508	0.13279421957009757	0.01206896551724138	0.09545454545454546	0.1376987003572723	0.04677188416919069	0.15769078815627824	0.02850276512645012	0.057100428434539684	0.052848843170314644	0.10953876404607334	0.1466154876087868	0.1415406899180484	0.12327500033770548	0.056128020033281815	0.08410017830208617	0.11150422613773428	0.1627503035378955	1.0	0.1247437034006183	0.08211299313893654	0.07775655819842224	0.05597179374173645	0.06714244542923017	0.16336142429349873	0.06451460150346652	0.1399603900562851	0.08359133126934984	0.13824517670276024	0.11531208186596162	0.09737881402183551	0.08309859154929577	0.12832327824064635	0.06418918918918919	0.09970726523815032
ml	0.045454545454545456	0.11898913335906704	0.015151515151515152	0.10288808664259928	0.1163575042158516	0.03715175871085572	0.11557990525659369	0.022974735043621	0.046261033887128954	0.04193244721699413	0.0824735541683586	0.15418074324324327	0.11574984547957522	0.10870058948120549	0.045638779670932376	0.06964825874472423	0.09663697448521229	0.1573441247002398	0.1247437034006183	1.0	0.11368148081910043	0.062445639706733364	0.04468406267321933	0.05296480648882353	0.13497207443478013	0.0517145605773358	0.12273559432297883	0.10510739995195374	0.12047099640097758	0.08864095614759097	0.07376602598832552	0.125	0.10758890743999719	0.0876068376068376	0.07965364458794466
mr	0.07518796992481203	0.09046882229352023	0.030927835051546393	0.10445075757575757	0.06581430164545699	0.016349263384836506	0.07540679618065879	0.009577839352998907	0.019659070124857056	0.01792970984914325	0.041182170542635656	0.09302749459375965	0.07386724857046152	0.05612530796122559	0.018728076787558046	0.03237156931738212	0.04907013298952686	0.11635923930966253	0.08211299313893654	0.11368148081910043	1.0	0.027755824896108384	0.019702646115337397	0.02252038574370336	0.07489878542510121	0.022414608577228778	0.06780062307282682	0.11611416175174565	0.07121697157715108	0.046330869929739074	0.034628771456071225	0.14327485380116958	0.059905403689229794	0.14220183486238533	0.03984496897290508
nl	0.015399120050282841	0.05851491098941073	0.0022109917877447885	0.03018867924528302	0.13118558759741955	0.21542713998399185	0.11165481323286457	0.15097848540327397	0.2433312925028196	0.2276919890456355	0.21292920077596286	0.0999762368998294	0.11914663110962957	0.1669804741980474	0.23857163781832016	0.22413378869342182	0.19675320885788064	0.07008392603741885	0.07775655819842224	0.062445639706733364	0.027755824896108384	1.0	0.22403244417256338	0.2468064694837565	0.11760423280364136	0.22290816660451362	0.1165484697842569	0.025554377024528303	0.1392304779871103	0.1743052577901487	0.24484931666814636	0.0361180904522613	0.16355579602161863	0.014222503160556258	0.2077188817886484
pl	0.010922871154703521	0.041737011358320905	0.0017905102954341987	0.021642124051762607	0.09202383906660522	0.26333250546091985	0.08392605035974465	0.2048536174074778	0.2683660917714392	0.24436740398241935	0.17135932237796794	0.07223674331020731	0.08972879638374356	0.12418171906232964	0.25124392375507315	0.2027260723402064	0.15181927413565693	0.051035638467675656	0.05597179374173645	0.04468406267321933	0.019702646115337397	0.22403244417256338	1.0	0.24328908650349546	0.08780814343935563	0.21652849680667852	0.0869646292568878	0.01830357142857143	0.10125957023344856	0.1405983599996752	0.19073498036542252	0.025389755011135856	0.1254351666451427	0.009843400447427294	0.17435040969082968
pt	0.012213359920239282	0.04751371845148742	0.00200300450676014	0.02498750624687656	0.11000027043839175	0.23494156289877505	0.09708850494673735	0.1910908138480562	0.2896903103757633	0.25067081077867803	0.20201404648417878	0.0877747996421079	0.10248205309116239	0.15250556214309233	0.2772722867748664	0.23313086389662044	0.18592272570738233	0.058100192172343974	0.06714244542923017	0.05296480648882353	0.02252038574370336	0.2468064694837565	0.24328908650349546	1.0	0.10792260613483297	0.23939414867688416	0.10283502315885992	0.0212714938205266	0.12437310993301197	0.15943656178485288	0.22780141049582672	0.029451878552160717	0.15613579645067374	0.011011011011011011	0.2071754797919722
ro	0.045174537987679675	0.10853822684852836	0.008456659619450317	0.077	0.17493294640109044	0.0762520336005777	0.18063208529767621	0.04613833529146079	0.08939783812444298	0.08409709651618025	0.1551955652767963	0.16548090338470067	0.17411881688895126	0.16464088397790055	0.0874171693783826	0.12178641519506454	0.16965726932364053	0.15715959618700656	0.16336142429349873	0.13497207443478013	0.07489878542510121	0.11760423280364136	0.08780814343935563	0.10792260613483297	1.0	0.10286153819754272	0.16330833660325442	0.0655241935483871	0.1734442737048091	0.16405832753402708	0.13888404437819776	0.07833655705996131	0.16613551775137608	0.04411764705882353	0.1411470447830659
ru	0.012583461736004109	0.0480688175698541	0.0020639834881320948	0.02521452663426457	0.104705452954676	0.21336909578362875	0.0928081594018501	0.17424814133104768	0.23867593410087912	0.21439320886659938	0.17875323517330535	0.0826786373697319	0.09892953306331473	0.14243289470330162	0.22668532046039977	0.2008396451918979	0.1714732676397909	0.05673111151459758	0.06451460150346652	0.0517145605773358	0.022414608577228778	0.22290816660451362	0.21652849680667852	0.23939414867688416	0.10286153819754272	1.0	0.09983704723307095	0.02166216328363043	0.1130601742811545	0.15738631590597044	0.19977034499449645	0.030079170424210804	0.1419910480481085	0.011609907120743035	0.17871064913409423
sh	0.039959016393442626	0.1493250658832962	0.006369426751592357	0.07459412806888856	0.15911785775033038	0.07177538943103456	0.15661090738020045	0.0455241669680393	0.0873757848996377	0.07940297723940574	0.15032119401314203	0.14956603729385307	0.15537462303859118	0.16434775767425927	0.0857524239676332	0.11987038512658368	0.16370834461366415	0.1370352765445199	0.1399603900562851	0.12273559432297883	0.06780062307282682	0.1165484697842569	0.0869646292568878	0.10283502315885992	0.16330833660325442	0.09983704723307095	1.0	0.06878628284158238	0.1686538374045742	0.23536366991538746	0.13691834835796762	0.0812133072407045	0.155639506352351	0.04449152542372881	0.13611900336326477
si	0.0703125	0.09437751004016064	0.03333333333333333	0.11935483870967742	0.05776515151515151	0.015091627739849083	0.06680212531042001	0.00887086943266117	0.018120522545301308	0.016556291390728478	0.038915596617601	0.08348456868738326	0.06288659793814433	0.05121293800539083	0.016985633249502436	0.029571876358498905	0.044444498970279606	0.10473714189274715	0.08359133126934984	0.10510739995195374	0.11611416175174565	0.025554377024528303	0.01830357142857143	0.0212714938205266	0.0655241935483871	0.02166216328363043	0.06878628284158238	1.0	0.06426479641924158	0.045418596581222374	0.03184692340021693	0.1016949152542373	0.0519202496842396	0.13333333333333333	0.03717127331745044
simple	0.03299492385786802	0.10614407873229986	0.006108202443280977	0.0680672268907563	0.1810865674358404	0.08604145894565056	0.17016631427779674	0.056889715690678105	0.10453071811575776	0.09866277687161189	0.18186983074774815	0.16801747739630205	0.16161428768701583	0.170929129145131	0.1026058838861015	0.15295140084722414	0.20032620975106957	0.13236911220771197	0.13824517670276024	0.12047099640097758	0.07121697157715108	0.1392304779871103	0.10125957023344856	0.12437310993301197	0.1734442737048091	0.1130601742811545	0.1686538374045742	0.06426479641924158	1.0	0.15918787393963635	0.1625298540075184	0.07508250825082509	0.1858357440618402	0.037456445993031356	0.1738786619150376
sr	0.027413587604290822	0.09538599585621528	0.0048367593712212815	0.048292108362779744	0.1507524693441016	0.12055771045464898	0.1428904227001989	0.08069160702404578	0.14616493574240053	0.1286428697659042	0.19302050621143935	0.13428941524796448	0.14902897766224965	0.18135190471013118	0.1399073045321921	0.16818811547640983	0.1993949346634818	0.10612255045350365	0.11531208186596162	0.08864095614759097	0.046330869929739074	0.1743052577901487	0.1405983599996752	0.15943656178485288	0.16405832753402708	0.15738631590597044	0.23536366991538746	0.045418596581222374	0.15918787393963635	1.0	0.18513037427671575	0.05737704918032787	0.16804977185333375	0.025934861278648975	0.1815070462175846
sv	0.019073004912769333	0.0710657077006009	0.002797761790567546	0.03645007923930269	0.1551373807302357	0.17919838639178262	0.13304907573494573	0.12177271347676674	0.2100718937682428	0.19632036512867437	0.2327389157965683	0.11861930679798399	0.13293915698425657	0.18397580531564112	0.20052211565664024	0.23246620709871949	0.21969249323619566	0.083376727499876	0.09737881402183551	0.07376602598832552	0.034628771456071225	0.24484931666814636	0.19073498036542252	0.22780141049582672	0.13888404437819776	0.19977034499449645	0.13691834835796762	0.03184692340021693	0.1625298540075184	0.18513037427671575	1.0	0.04264565006988754	0.1775905357205976	0.018	0.21287214035832344
te	0.06481481481481481	0.09312982670026486	0.015503875968992248	0.09947643979057591	0.06805807622504537	0.02138724081073635	0.08231707317073171	0.012593189603062663	0.025252525252525252	0.022948269155970438	0.052054497500243394	0.10726213231390039	0.08651911468812877	0.06697612732095491	0.024695172067382302	0.03988803358992302	0.05616139585605234	0.1060555509216782	0.08309859154929577	0.125	0.14327485380116958	0.0361180904522613	0.025389755011135856	0.029451878552160717	0.07833655705996131	0.030079170424210804	0.0812133072407045	0.1016949152542373	0.07508250825082509	0.05737704918032787	0.04264565006988754	1.0	0.06584093872229466	0.08620689655172414	0.0489779658667776
vi	0.02766798418972332	0.09459951728783117	0.004704301075268817	0.057236842105263155	0.15346424636946773	0.1086177072512882	0.15459654898538908	0.07445510792181785	0.1364983202941012	0.1236782228207317	0.19724503115302114	0.1622999237804878	0.1538631029426008	0.1969504055663151	0.12759162852117428	0.17243187769705742	0.211615597452291	0.1240506329113924	0.12832327824064635	0.10758890743999719	0.059905403689229794	0.16355579602161863	0.1254351666451427	0.15613579645067374	0.16613551775137608	0.1419910480481085	0.155639506352351	0.0519202496842396	0.1858357440618402	0.16804977185333375	0.1775905357205976	0.06584093872229466	1.0	0.02956989247311828	0.19471505903703928
war	0.07865168539325842	0.08294930875576037	0.06382978723404255	0.12083333333333333	0.041666666666666664	0.008096437567470314	0.04777777777777778	0.004533548257102559	0.009489666807254323	0.008785372861668389	0.02048780487804878	0.05112219451371571	0.044372294372294376	0.029371584699453553	0.009478672985781991	0.015867418899858956	0.024553571428571428	0.08064516129032258	0.06418918918918919	0.0876068376068376	0.14220183486238533	0.014222503160556258	0.009843400447427294	0.011011011011011011	0.04411764705882353	0.011609907120743035	0.04449152542372881	0.13333333333333333	0.037456445993031356	0.025934861278648975	0.018	0.08620689655172414	0.02956989247311828	1.0	0.019702276707530646
zh	0.019948552205910144	0.07464272709031591	0.0030621172353455816	0.03986135181975736	0.15585039499978048	0.15239591121135163	0.13900196321087474	0.11367981333945774	0.18945897087027613	0.1679858365196548	0.21698206190690011	0.12909965428381387	0.1383932571469532	0.17426412706672997	0.18264998051311684	0.22120417619522884	0.21829854420435352	0.08798386872869736	0.09970726523815032	0.07965364458794466	0.03984496897290508	0.2077188817886484	0.17435040969082968	0.2071754797919722	0.1411470447830659	0.17871064913409423	0.13611900336326477	0.03717127331745044	0.1738786619150376	0.1815070462175846	0.21287214035832344	0.0489779658667776	0.19471505903703928	0.019702276707530646	1.0
