arz	bs	ceb	ckb	da	de	el	en	es	fr	he	hi	hu	id	it	ja	ko	lv	mk	ml	mr	nl	pl	pt	ro	ru	sh	si	simple	sr	sv	te	vi	war	zh
arz	1.0	0.5482354428591034	0.72653347084664	0.7353064525096813	0.5332444759190977	0.5765812944383589	0.40548484906711135	0.41870461192429986	0.3612507774378611	0.4663393829427629	0.5278963812226319	1.0	0.3889215486889541	0.5080074041750441	0.5403056657261908	0.5057206386522726	0.49368825493952634	0.4999494495080893	0.5112636920327011	0.551157235591871	0.6984495687415971	0.3024100991014976	0.5119135190685895	0.34500271403802324	0.4970484078772622	0.3827162216972609	0.42523025575330947	1.0	0.32841771938522085	0.3892180457564781	0.362010005122219	1.0	0.31187644320554375	0.6994017365373274	0.29481851278152005
bs	0.5482354428591034	1.0	0.665341188847767	0.48469824698156355	0.5065208180728565	0.3403394896285401	0.33094074433207904	0.31284118878923467	0.3555967956702462	0.48391762996062276	0.5047836988489941	0.7488841381451602	0.4877678342795976	0.6002270150524645	0.37986800534987486	0.49717318901653834	0.4813682618823073	0.4869869422686596	0.44684504022801214	0.4617199682536479	0.5684085946346679	0.32012252155160686	0.4043602936498623	0.5074262996131802	0.5300867853797945	0.3830698873154661	0.5634841373783233	1.0	0.4514149690353435	0.3190605268132715	0.344570249605952	1.0	0.31407548749716185	0.7068627781729269	0.5710079315972593
ceb	0.72653347084664	0.665341188847767	1.0	0.6704675947063354	1.0	1.0	0.5136535434336095	0.7105872722972744	0.44930756545688116	0.7584325078215763	0.8219255483478826	1.0	0.39186074469659166	0.7584325078215763	0.6571702826516209	0.8740997399575429	0.7937406527738057	0.6571702826516209	0.4109354929389252	0.6740131150071089	0.8252244849082945	0.44930756545688116	0.7265334708466399	0.370271972470354	0.3708501470293017	0.4576444201675777	0.7435826756480514	1.0	0.6704675947063355	0.6011515419312928	0.7584325078215763	1.0	0.4034424539710522	1.0	0.43325890041831117
ckb	0.7353064525096813	0.48469824698156355	0.6704675947063354	1.0	0.5041731704651556	0.4459038297128799	0.3339780634485703	0.3952597604256628	0.39020256327419434	0.48635831012415365	0.4420064081611522	0.6723191802055581	0.4709809917720771	0.50808200536677	0.4666894101001856	0.46041621504033436	0.4671943741102018	0.5478361071992277	0.4035954643876837	0.527564453340448	0.6478630733984344	0.3893392455531462	0.4674713108873905	0.4472876640483877	0.37571221390392573	0.4218400224710973	0.4917536769740862	1.0	0.3389211656557238	0.4349835114117906	0.4422188309664081	1.0	0.32531566212689195	0.5954452052454872	0.48018859841660305
da	0.5332444759190977	0.5065208180728565	1.0	0.5041731704651556	1.0	0.24513533898936157	0.3140903425967164	0.26111367851897865	0.23326896315917872	0.2543158447876742	0.3995952666981916	0.7690990303325336	0.48800549777131025	0.4893186980559012	0.24524919904707848	0.2998181621989255	0.2509908173687318	0.29855762966905336	0.3799214727428016	0.5299840027690923	0.8137822343553781	0.23463477745328817	0.23548881938770497	0.3910066712191623	0.39922177094748557	0.25477202602270344	0.5571396765202588	1.0	0.4740048154849779	0.3219171525731232	0.23664256454295934	1.0	0.3145653009663797	1.0	0.3412556697922816
de	0.5765812944383589	0.3403394896285401	1.0	0.4459038297128799	0.24513533898936157	1.0	0.4132931238470737	0.23152561329487403	0.1938676046725999	0.2622529087805626	0.33064089381682343	0.8943504275997423	0.34492655305858927	0.39299999227207155	0.2635364016566983	0.22011818913201756	0.32111413559856095	0.3302283257824331	0.27409842777338433	0.48333034214282905	0.8137822343553781	0.24878118276577513	0.27229966400317784	0.318584228966372	0.3188115433381296	0.2593267130415869	0.34377431374309575	1.0	0.3132341066630642	0.29050443246791763	0.22711770102653248	1.0	0.30454953263576395	0.629896233114065	0.31999656600748366
el	0.40548484906711135	0.33094074433207904	0.5136535434336095	0.3339780634485703	0.3140903425967164	0.4132931238470737	1.0	0.352104006021784	0.2884157165951137	0.3451281185385934	0.37139014753450644	0.831486122127227	0.39806806103594866	0.37332231438396796	0.39481259003235175	0.3797243673637117	0.37239446872882315	0.46138223689614644	0.36036566366936856	0.44476491727933964	0.45509375218082115	0.3107217977886463	0.33312179590536894	0.3295453782104324	0.3719861100073634	0.2704237532753493	0.42669036845827396	1.0	0.30773786029707306	0.25207261635099704	0.31114461645098423	1.0	0.29056915035831116	0.40527446817768703	0.41286018395675655
en	0.41870461192429986	0.31284118878923467	0.7105872722972744	0.3952597604256628	0.26111367851897865	0.23152561329487403	0.352104006021784	1.0	0.21576327138836848	0.2585268671837268	0.30412202139079425	0.5263825220994708	0.3284902047530806	0.3552449351606832	0.2504880807748104	0.24510696431011356	0.32957110753232116	0.25767377120451007	0.34552018601546514	0.3932810364824839	0.7467225743422677	0.2385954508532937	0.2915238846650535	0.3193024877088967	0.3392929948291314	0.27456049141135197	0.3145727974738954	1.0	0.336025593063223	0.2710060094521236	0.28871689953348323	1.0	0.28680717047160115	0.5590443661684836	0.29735611371471316
es	0.3612507774378611	0.3555967956702462	0.44930756545688116	0.39020256327419434	0.23326896315917872	0.1938676046725999	0.2884157165951137	0.21576327138836848	1.0	0.19911304789738263	0.2338642910301713	0.7014783639259007	0.24651191102013845	0.33107906577473656	0.20344912876012766	0.19833732233790857	0.2690461196645279	0.33786625564105843	0.34588021873247127	0.4610055742873227	0.3614818590046153	0.20217665287164827	0.21908024200326412	0.23483322519904867	0.3139587568132683	0.19896674213515098	0.3723368963163728	1.0	0.27396769678219834	0.30754903644056664	0.2055636861084602	1.0	0.2529369698563854	0.3245277995274576	0.25208518860523477
fr	0.4663393829427629	0.48391762996062276	0.7584325078215763	0.48635831012415365	0.2543158447876742	0.2622529087805626	0.3451281185385934	0.2585268671837268	0.19911304789738263	1.0	0.3382080413541246	0.6698766910334878	0.2990194572731069	0.33140902013920936	0.2660226269510223	0.246879111264545	0.3281323906496185	0.3206498329357695	0.3424288900432686	0.4354890357292117	0.7104808940272956	0.24639902634762112	0.3208983765235872	0.30141000470335283	0.2939165694806459	0.2841492942233684	0.3030722954203448	1.0	0.318741521937457	0.23539649823405695	0.3108699442210041	1.0	0.25647901074586515	0.6248318231235794	0.35190970395873755
he	0.5278963812226319	0.5047836988489941	0.8219255483478826	0.4420064081611522	0.3995952666981916	0.33064089381682343	0.37139014753450644	0.30412202139079425	0.2338642910301713	0.3382080413541246	1.0	0.6743202287441529	0.4303639267723646	0.39855424766698366	0.3448919700858559	0.3388183092994448	0.37766492527753437	0.41314574977253976	0.3830649885124852	0.45825933096234034	0.754290611743877	0.29715835758073034	0.35481174319736813	0.43491676212616576	0.3590994778363125	0.263151712229635	0.5266703960674709	1.0	0.34217496588149815	0.38526243134875426	0.3519161831383381	1.0	0.29890984575376706	0.6120587601690521	0.3476792267333255
hi	1.0	0.7488841381451602	1.0	0.6723191802055581	0.7690990303325336	0.8943504275997423	0.831486122127227	0.5263825220994708	0.7014783639259007	0.6698766910334878	0.6743202287441529	1.0	0.6109960858658509	0.6359063390179345	1.0	0.8943504275997423	0.4377695703313957	0.8943504275997423	0.5303097953616406	0.7985715235464772	1.0	0.4465035558168418	1.0	0.37821604459563263	0.42330338454299465	0.4465035558168418	0.5189930366359539	1.0	0.5020797777427737	0.6723191802055581	0.6110156395532155	1.0	0.4539722079604152	1.0	0.5964480005084731
hu	0.3889215486889541	0.4877678342795976	0.39186074469659166	0.4709809917720771	0.48800549777131025	0.34492655305858927	0.39806806103594866	0.3284902047530806	0.24651191102013845	0.2990194572731069	0.4303639267723646	0.6109960858658509	1.0	0.4448878979596347	0.3558335644954187	0.3786635675780018	0.457387329931402	0.42995282756499914	0.36465878144220937	0.42393688386466427	0.3601239501458021	0.3354703845152822	0.36496606433755624	0.4208295803485864	0.4156219848106807	0.28153994515957886	0.5230795184936665	1.0	0.4507180481385017	0.37483643855196036	0.29965272736938964	1.0	0.3088365577127816	0.5757559665843395	0.5099966153311913
id	0.5080074041750441	0.6002270150524645	0.7584325078215763	0.50808200536677	0.4893186980559012	0.39299999227207155	0.37332231438396796	0.3552449351606832	0.33107906577473656	0.33140902013920936	0.39855424766698366	0.6359063390179345	0.4448878979596347	1.0	0.384541419662213	0.45514316941277233	0.545332411413693	0.4862010890615499	0.375640227291443	0.46049144432869327	0.7768439408287532	0.29333241866751664	0.3282413259337003	0.411459771143485	0.37783806226405864	0.353190370567295	0.6736555517899288	1.0	0.3989706831727705	0.3537873850148536	0.32068032436465577	1.0	0.2880230030992759	0.7517500705534185	0.5018539771595383
it	0.5403056657261908	0.37986800534987486	0.6571702826516209	0.4666894101001856	0.24524919904707848	0.2635364016566983	0.39481259003235175	0.2504880807748104	0.20344912876012766	0.2660226269510223	0.3448919700858559	1.0	0.3558335644954187	0.384541419662213	1.0	0.2967743545206816	0.35115656605822493	0.3853860086416969	0.40251435431972876	0.5051627880855816	0.6601633433810487	0.2755177076611425	0.2782149026972304	0.3039783731904562	0.3919501007127481	0.25415715048478493	0.4199554728138334	1.0	0.3207745398589568	0.30448905356988515	0.25818825411780455	1.0	0.27327051944616143	0.6607770664520256	0.3489055267569814
ja	0.5057206386522726	0.49717318901653834	0.8740997399575429	0.46041621504033436	0.2998181621989255	0.22011818913201756	0.3797243673637117	0.24510696431011356	0.19833732233790857	0.246879111264545	0.3388183092994448	0.8943504275997423	0.3786635675780018	0.45514316941277233	0.2967743545206816	1.0	0.4183593281338543	0.41298897158854747	0.36246913483250176	0.4966237934222401	0.8462832346392702	0.2633538051283795	0.28702155325543793	0.37351984218040374	0.3245708097936398	0.29288938974367956	0.5078524503012463	1.0	0.3781787461986919	0.34968874886564333	0.2877566128751917	1.0	0.2958476523107574	0.6933547965906317	0.4142946086164915
ko	0.49368825493952634	0.4813682618823073	0.7937406527738057	0.4671943741102018	0.2509908173687318	0.32111413559856095	0.37239446872882315	0.32957110753232116	0.2690461196645279	0.3281323906496185	0.37766492527753437	0.4377695703313957	0.457387329931402	0.545332411413693	0.35115656605822493	0.4183593281338543	1.0	0.3940541758079319	0.39372119735695377	0.31727927801536543	0.6805634766608086	0.30578583674819604	0.3355030015679812	0.3965735875584672	0.40189095342605957	0.24077478469413027	0.4746123534958059	1.0	0.3906404922561423	0.32449178547706325	0.29720705037074674	1.0	0.28045092882380346	0.5893252678115751	0.4215174836233282
lv	0.4999494495080893	0.4869869422686596	0.6571702826516209	0.5478361071992277	0.29855762966905336	0.3302283257824331	0.46138223689614644	0.25767377120451007	0.33786625564105843	0.3206498329357695	0.41314574977253976	0.8943504275997423	0.42995282756499914	0.4862010890615499	0.3853860086416969	0.41298897158854747	0.3940541758079319	1.0	0.3624068980043232	0.47581426725491416	0.6929936790164453	0.30068669534066783	0.4146946510189113	0.4194376884980368	0.4124741397528802	0.4090867374955191	0.4456223402409413	1.0	0.4329798783171785	0.25329605979405057	0.33707810649303055	1.0	0.2762227338017054	0.6121235439087237	0.4217214344700762
mk	0.5112636920327011	0.44684504022801214	0.4109354929389252	0.4035954643876837	0.3799214727428016	0.27409842777338433	0.36036566366936856	0.34552018601546514	0.34588021873247127	0.3424288900432686	0.3830649885124852	0.5303097953616406	0.36465878144220937	0.375640227291443	0.40251435431972876	0.36246913483250176	0.39372119735695377	0.3624068980043232	1.0	0.44934972371949916	0.5808860952784005	0.26931529054982106	0.32942891596391505	0.3631007726695009	0.38928061373784795	0.31376929217233196	0.3922432293826926	1.0	0.436780866980923	0.34517278182182703	0.31304965949661756	1.0	0.25910658626346733	0.5382122252705294	0.3699685574064131
ml	0.551157235591871	0.4617199682536479	0.6740131150071089	0.527564453340448	0.5299840027690923	0.48333034214282905	0.44476491727933964	0.3932810364824839	0.4610055742873227	0.4354890357292117	0.45825933096234034	0.7985715235464772	0.42393688386466427	0.46049144432869327	0.5051627880855816	0.4966237934222401	0.31727927801536543	0.47581426725491416	0.44934972371949916	1.0	0.6307123596312342	0.39062648893174967	0.3912784665358731	0.3630253541445582	0.4085744699434682	0.39835109046728695	0.4849173517505651	1.0	0.30830536883751825	0.46213936452396165	0.48564123272435256	1.0	0.3808223289032835	0.4988628496237814	0.3692234204627896
mr	0.6984495687415971	0.5684085946346679	0.8252244849082945	0.6478630733984344	0.8137822343553781	0.8137822343553781	0.45509375218082115	0.7467225743422677	0.3614818590046153	0.7104808940272956	0.754290611743877	1.0	0.3601239501458021	0.7768439408287532	0.6601633433810487	0.8462832346392702	0.6805634766608086	0.6929936790164453	0.5808860952784005	0.6307123596312342	1.0	0.34341296402663185	0.7409364272064579	0.34983826847149024	0.41340234171258233	0.4317867184011486	0.6617476620561248	1.0	0.4201358487401621	0.5165864885269332	0.4227532971334208	1.0	0.35268955298488186	0.8137822343553781	0.3542130506383277
nl	0.3024100991014976	0.32012252155160686	0.44930756545688116	0.3893392455531462	0.23463477745328817	0.24878118276577513	0.3107217977886463	0.2385954508532937	0.20217665287164827	0.24639902634762112	0.29715835758073034	0.4465035558168418	0.3354703845152822	0.29333241866751664	0.2755177076611425	0.2633538051283795	0.30578583674819604	0.30068669534066783	0.26931529054982106	0.39062648893174967	0.34341296402663185	1.0	0.26288494291362574	0.3227170987795979	0.25820109422060245	0.2803906353323216	0.32023461627447597	1.0	0.25648931504888994	0.31233427843696	0.27569107661529635	1.0	0.27949136311609407	0.3416780741714758	0.2824541316147572
pl	0.5119135190685895	0.4043602936498623	0.7265334708466399	0.4674713108873905	0.23548881938770497	0.27229966400317784	0.33312179590536894	0.2915238846650535	0.21908024200326412	0.3208983765235872	0.35481174319736813	1.0	0.36496606433755624	0.3282413259337003	0.2782149026972304	0.28702155325543793	0.3355030015679812	0.4146946510189113	0.32942891596391505	0.3912784665358731	0.7409364272064579	0.26288494291362574	1.0	0.36595669448840334	0.3098369678349683	0.26496733281401585	0.41893974677854773	1.0	0.31633797112495793	0.32599079135330983	0.3166224932463633	1.0	0.2803037592432873	0.3356266438643401	0.3297670522191975
pt	0.34500271403802324	0.5074262996131802	0.370271972470354	0.4472876640483877	0.3910066712191623	0.318584228966372	0.3295453782104324	0.3193024877088967	0.23483322519904867	0.30141000470335283	0.43491676212616576	0.37821604459563263	0.4208295803485864	0.411459771143485	0.3039783731904562	0.37351984218040374	0.3965735875584672	0.4194376884980368	0.3631007726695009	0.3630253541445582	0.34983826847149024	0.3227170987795979	0.36595669448840334	1.0	0.3656825312388522	0.28324443821719253	0.5668218613073084	1.0	0.34771486999241863	0.360156625480101	0.417519029975579	1.0	0.29049717475958675	0.6321366946748811	0.41452434659138154
ro	0.4970484078772622	0.5300867853797945	0.3708501470293017	0.37571221390392573	0.39922177094748557	0.3188115433381296	0.3719861100073634	0.3392929948291314	0.3139587568132683	0.2939165694806459	0.3590994778363125	0.42330338454299465	0.4156219848106807	0.37783806226405864	0.3919501007127481	0.3245708097936398	0.40189095342605957	0.4124741397528802	0.38928061373784795	0.4085744699434682	0.41340234171258233	0.25820109422060245	0.3098369678349683	0.3656825312388522	1.0	0.4102840238718539	0.46417449867510013	1.0	0.3035367002682942	0.2957062031960681	0.30423583707802465	1.0	0.28589027646325915	0.55185512349522	0.3773004174674438
ru	0.3827162216972609	0.3830698873154661	0.4576444201675777	0.4218400224710973	0.25477202602270344	0.2593267130415869	0.2704237532753493	0.27456049141135197	0.19896674213515098	0.2841492942233684	0.263151712229635	0.4465035558168418	0.28153994515957886	0.353190370567295	0.25415715048478493	0.29288938974367956	0.24077478469413027	0.4090867374955191	0.31376929217233196	0.39835109046728695	0.4317867184011486	0.2803906353323216	0.26496733281401585	0.28324443821719253	0.4102840238718539	1.0	0.3992182762754384	1.0	0.2923042774909689	0.3582732944883881	0.3053741109469548	1.0	0.25309636906041544	0.42086015539690247	0.2733653045329647
sh	0.42523025575330947	0.5634841373783233	0.7435826756480514	0.4917536769740862	0.5571396765202588	0.34377431374309575	0.42669036845827396	0.3145727974738954	0.3723368963163728	0.3030722954203448	0.5266703960674709	0.5189930366359539	0.5230795184936665	0.6736555517899288	0.4199554728138334	0.5078524503012463	0.4746123534958059	0.4456223402409413	0.3922432293826926	0.4849173517505651	0.6617476620561248	0.32023461627447597	0.41893974677854773	0.5668218613073084	0.46417449867510013	0.3992182762754384	1.0	1.0	0.45020845612944943	0.28193142193842907	0.3600863675591327	1.0	0.3182056050010358	0.6883625932264718	0.5835514195970974
si	1.0	1.0	1.0	1.0	1.0	1.0	1.0	1.0	1.0	1.0	1.0	1.0	1.0	1.0	1.0	1.0	1.0	1.0	1.0	1.0	1.0	1.0	1.0	1.0	1.0	1.0	1.0	1.0	1.0	1.0	1.0	1.0	1.0	1.0	1.0
simple	0.32841771938522085	0.4514149690353435	0.6704675947063355	0.3389211656557238	0.4740048154849779	0.3132341066630642	0.30773786029707306	0.336025593063223	0.27396769678219834	0.318741521937457	0.34217496588149815	0.5020797777427737	0.4507180481385017	0.3989706831727705	0.3207745398589568	0.3781787461986919	0.3906404922561423	0.4329798783171785	0.436780866980923	0.30830536883751825	0.4201358487401621	0.25648931504888994	0.31633797112495793	0.34771486999241863	0.3035367002682942	0.2923042774909689	0.45020845612944943	1.0	1.0	0.3606231442337347	0.2934950039708993	1.0	0.22271686948499245	0.3483129852110831	0.3712183096919191
sr	0.3892180457564781	0.3190605268132715	0.6011515419312928	0.4349835114117906	0.3219171525731232	0.29050443246791763	0.25207261635099704	0.2710060094521236	0.30754903644056664	0.23539649823405695	0.38526243134875426	0.6723191802055581	0.37483643855196036	0.3537873850148536	0.30448905356988515	0.34968874886564333	0.32449178547706325	0.25329605979405057	0.34517278182182703	0.46213936452396165	0.5165864885269332	0.31233427843696	0.32599079135330983	0.360156625480101	0.2957062031960681	0.3582732944883881	0.28193142193842907	1.0	0.3606231442337347	1.0	0.3014076620686728	1.0	0.26802216188318306	0.5727014513594765	0.36401784446696456
sv	0.362010005122219	0.344570249605952	0.7584325078215763	0.4422188309664081	0.23664256454295934	0.22711770102653248	0.31114461645098423	0.28871689953348323	0.2055636861084602	0.3108699442210041	0.3519161831383381	0.6110156395532155	0.29965272736938964	0.32068032436465577	0.25818825411780455	0.2877566128751917	0.29720705037074674	0.33707810649303055	0.31304965949661756	0.48564123272435256	0.4227532971334208	0.27569107661529635	0.3166224932463633	0.417519029975579	0.30423583707802465	0.3053741109469548	0.3600863675591327	1.0	0.2934950039708993	0.3014076620686728	1.0	1.0	0.2568720729918706	0.3914587300268177	0.30535405967567475
te	1.0	1.0	1.0	1.0	1.0	1.0	1.0	1.0	1.0	1.0	1.0	1.0	1.0	1.0	1.0	1.0	1.0	1.0	1.0	1.0	1.0	1.0	1.0	1.0	1.0	1.0	1.0	1.0	1.0	1.0	1.0	1.0	1.0	1.0	1.0
vi	0.31187644320554375	0.31407548749716185	0.4034424539710522	0.32531566212689195	0.3145653009663797	0.30454953263576395	0.29056915035831116	0.28680717047160115	0.2529369698563854	0.25647901074586515	0.29890984575376706	0.4539722079604152	0.3088365577127816	0.2880230030992759	0.27327051944616143	0.2958476523107574	0.28045092882380346	0.2762227338017054	0.25910658626346733	0.3808223289032835	0.35268955298488186	0.27949136311609407	0.2803037592432873	0.29049717475958675	0.28589027646325915	0.25309636906041544	0.3182056050010358	1.0	0.22271686948499245	0.26802216188318306	0.2568720729918706	1.0	1.0	0.3355821233817649	0.27615662672364294
war	0.6994017365373274	0.7068627781729269	1.0	0.5954452052454872	1.0	0.629896233114065	0.40527446817768703	0.5590443661684836	0.3245277995274576	0.6248318231235794	0.6120587601690521	1.0	0.5757559665843395	0.7517500705534185	0.6607770664520256	0.6933547965906317	0.5893252678115751	0.6121235439087237	0.5382122252705294	0.4988628496237814	0.8137822343553781	0.3416780741714758	0.3356266438643401	0.6321366946748811	0.55185512349522	0.42086015539690247	0.6883625932264718	1.0	0.3483129852110831	0.5727014513594765	0.3914587300268177	1.0	0.3355821233817649	1.0	0.4727750904048404
zh	0.29481851278152005	0.5710079315972593	0.43325890041831117	0.48018859841660305	0.3412556697922816	0.31999656600748366	0.41286018395675655	0.29735611371471316	0.25208518860523477	0.35190970395873755	0.3476792267333255	0.5964480005084731	0.5099966153311913	0.5018539771595383	0.3489055267569814	0.4142946086164915	0.4215174836233282	0.4217214344700762	0.3699685574064131	0.3692234204627896	0.3542130506383277	0.2824541316147572	0.3297670522191975	0.41452434659138154	0.3773004174674438	0.2733653045329647	0.5835514195970974	1.0	0.3712183096919191	0.36401784446696456	0.30535405967567475	1.0	0.27615662672364294	0.4727750904048404	1.0
