arz	bs	ceb	ckb	da	de	el	en	es	fr	he	hi	hu	id	it	ja	ko	lv	mk	ml	mr	nl	pl	pt	ro	ru	sh	si	simple	sr	sv	te	vi	war	zh
arz	1.0	0.0	0.0	0.0	1.0	1.0	1.0	1.0	1.0	1.0	0.0	1.0	1.0	1.0	1.0	1.0	1.0	1.0	0.0	1.0	0.0	1.0	1.0	1.0	1.0	1.0	1.0	0.0	1.0	1.0	1.0	0.0	1.0	0.0	1.0
bs	0.0	0.5	1.0	1.0	0.5	0.5	1.0	0.5	0.5	0.5	0.5	0.5	0.5	0.5	0.5	0.5	0.5	0.5	0.5	1.0	1.0	0.5	0.5	0.5	0.5	0.5	0.5	0.0	0.5	0.5	0.5	0.2	0.5	0.0	0.5
ceb	0.0	1.0	1.0	1.0	1.0	1.0	1.0	1.0	1.0	1.0	1.0	1.0	1.0	1.0	1.0	1.0	1.0	1.0	0.0	1.0	0.0	1.0	1.0	1.0	1.0	0.0	1.0	0.0	1.0	1.0	1.0	1.0	1.0	0.0	1.0
ckb	0.0	1.0	1.0	0.25	0.25	0.25	1.0	0.25	0.25	0.25	0.3333333333333333	0.3333333333333333	0.3333333333333333	0.25	0.25	0.25	0.25	0.5	1.0	0.0	1.0	0.25	0.25	0.25	0.25	0.25	0.25	0.5	0.5	0.25	0.25	0.16666666666666666	0.5	0.0	0.25
da	1.0	0.5	1.0	0.25	0.04775091243752909	0.05557407716049382	0.2	0.04763719274376417	0.058826993083048444	0.05556481481481482	0.125	0.16666666666666666	0.14287755102040817	0.08334027777777778	0.05002250999999999	0.07142857142857142	0.06666666666666667	0.16666666666666666	0.5	0.5	0.5	0.06667111111111111	0.07692307692307693	0.052637121886429356	0.125	0.07142857142857142	0.10004000999999998	0.5	0.125	0.1	0.058830449826989616	0.125	0.125	1.0	0.07692307692307693
de	1.0	0.5	1.0	0.25	0.05557407716049382	0.021317866128794445	0.08333333333333333	0.022733473140495866	0.026317174515235454	0.026317174515235454	0.058823529411764705	0.125	0.06666666666666667	0.047621315192743756	0.027032870708546382	0.043478260869565216	0.047619047619047616	0.14285714285714285	0.5	0.5	0.5	0.029411764705882353	0.03333333333333333	0.029412629757785465	0.08333333333333333	0.030303030303030304	0.05555864197530863	0.5	0.1	0.05	0.047621315192743756	0.1	0.09090909090909091	1.0	0.041666666666666664
el	1.0	1.0	1.0	1.0	0.2	0.08333333333333333	0.05263157894736842	0.058823529411764705	0.058823529411764705	0.058823529411764705	0.14285714285714285	0.25	0.09090909090909091	0.125	0.058823529411764705	0.08333333333333333	0.1	0.25	1.0	0.5	1.0	0.1	0.1	0.07692307692307693	0.14285714285714285	0.08333333333333333	0.125	0.5	0.16666666666666666	0.1111111111111111	0.1	0.16666666666666666	0.2	1.0	0.09090909090909091
en	1.0	0.5	1.0	0.25	0.04763719274376417	0.022733473140495866	0.058823529411764705	0.012518006621906285	0.01786224777073023	0.01754786149615297	0.05	0.1111111111111111	0.05263989196675899	0.04545867768595041	0.018204322675739883	0.030303030303030304	0.038461538461538464	0.14285714285714285	0.5	0.5	0.5	0.025001875625625624	0.033335555555555556	0.020842452693578126	0.06667111111111111	0.023809523809523808	0.04167882465451389	0.5	0.08333333333333333	0.045454545454545456	0.035719387755102035	0.09090909090909091	0.08333333333333333	1.0	0.034482758620689655
es	1.0	0.5	1.0	0.25	0.058826993083048444	0.026317174515235454	0.058823529411764705	0.01786224777073023	0.017266982227515344	0.02040816326530612	0.05555555555555555	0.1111111111111111	0.05263434903047091	0.05	0.02273192407128099	0.03225806451612903	0.04	0.14285714285714285	0.5	0.5	0.5	0.031250976562500005	0.037037037037037035	0.024393218322427124	0.06666666666666667	0.02702702702702703	0.05000249999999999	0.5	0.08333333333333333	0.047619047619047616	0.043478260869565216	0.09090909090909091	0.09090909090909091	1.0	0.037037037037037035
fr	1.0	0.5	1.0	0.25	0.05556481481481482	0.026317174515235454	0.058823529411764705	0.01754786149615297	0.02040816326530612	0.015909382921376333	0.05555555555555555	0.1111111111111111	0.05555864197530863	0.047619047619047616	0.022226667654320985	0.033334444444444444	0.041666666666666664	0.14285714285714285	0.5	0.5	0.5	0.02857142857142857	0.038463017751479284	0.025001875	0.07142857142857142	0.02631578947368421	0.052637119113573404	0.5	0.09090909090909091	0.05	0.041666666666666664	0.1	0.1	1.0	0.04
he	0.0	0.5	1.0	0.3333333333333333	0.125	0.058823529411764705	0.14285714285714285	0.05	0.05555555555555555	0.05555555555555555	0.05	0.16666666666666666	0.1111111111111111	0.09090909090909091	0.0625	0.06666666666666667	0.07142857142857142	0.25	0.5	1.0	0.5	0.08333333333333333	0.06666666666666667	0.06666666666666667	0.125	0.058823529411764705	0.07692307692307693	0.5	0.125	0.1	0.1	0.1	0.1111111111111111	1.0	0.07692307692307693
hi	1.0	0.5	1.0	0.3333333333333333	0.16666666666666666	0.125	0.25	0.1111111111111111	0.1111111111111111	0.1111111111111111	0.16666666666666666	0.1111111111111111	0.2	0.14285714285714285	0.1111111111111111	0.1111111111111111	0.1111111111111111	0.2	0.5	0.5	1.0	0.14285714285714285	0.125	0.125	0.2	0.1111111111111111	0.125	0.5	0.14285714285714285	0.16666666666666666	0.14285714285714285	0.125	0.16666666666666666	0.0	0.1111111111111111
hu	1.0	0.5	1.0	0.3333333333333333	0.14287755102040817	0.06666666666666667	0.09090909090909091	0.05263989196675899	0.05263434903047091	0.05555864197530863	0.1111111111111111	0.2	0.052670379504155124	0.1	0.05263434903047091	0.07692307692307693	0.09090909090909091	0.16666666666666666	0.5	0.5	0.5	0.07142857142857142	0.07142857142857142	0.07142857142857142	0.1	0.06666666666666667	0.08334722222222221	0.5	0.14285714285714285	0.09090909090909091	0.125	0.16666666666666666	0.2	1.0	0.09090909090909091
id	1.0	0.5	1.0	0.25	0.08334027777777778	0.047621315192743756	0.125	0.04545867768595041	0.05	0.047619047619047616	0.09090909090909091	0.14285714285714285	0.1	0.04351798488847637	0.045456611570247926	0.05555555555555555	0.058823529411764705	0.16666666666666666	0.5	0.5	0.5	0.05263157894736842	0.05555555555555555	0.045456611570247926	0.08333333333333333	0.05555555555555555	0.06667111111111111	0.5	0.1111111111111111	0.07142857142857142	0.06667111111111111	0.1111111111111111	0.125015625	1.0	0.058823529411764705
it	1.0	0.5	1.0	0.25	0.05002250999999999	0.027032870708546382	0.058823529411764705	0.018204322675739883	0.02273192407128099	0.022226667654320985	0.0625	0.1111111111111111	0.05263434903047091	0.045456611570247926	0.017085243423731515	0.04	0.043478260869565216	0.14285714285714285	0.5	0.5	0.5	0.0312548828125	0.03571811224489796	0.02326663872958843	0.07142857142857142	0.03125	0.05265097784210527	0.5	0.09090909090909091	0.05	0.04167013888888889	0.09090909090909091	0.09091735537190083	1.0	0.038461538461538464
ja	1.0	0.5	1.0	0.25	0.07142857142857142	0.043478260869565216	0.08333333333333333	0.030303030303030304	0.03225806451612903	0.033334444444444444	0.06666666666666667	0.1111111111111111	0.07692307692307693	0.05555555555555555	0.04	0.027027757487216943	0.038461538461538464	0.14285714285714285	0.5	0.5	0.5	0.043478260869565216	0.05	0.038461538461538464	0.08333333333333333	0.038461538461538464	0.05263157894736842	0.5	0.08333333333333333	0.06666666666666667	0.0625	0.1	0.1111111111111111	1.0	0.03571428571428571
ko	1.0	0.5	1.0	0.25	0.06666666666666667	0.047619047619047616	0.1	0.038461538461538464	0.04	0.041666666666666664	0.07142857142857142	0.1111111111111111	0.09090909090909091	0.058823529411764705	0.043478260869565216	0.038461538461538464	0.03448394768133174	0.14285714285714285	0.5	0.5	0.5	0.05	0.05000249999999999	0.045454545454545456	0.08333333333333333	0.043478260869565216	0.06666666666666667	0.5	0.08333333333333333	0.07142857142857142	0.05555555555555555	0.1	0.1111111111111111	1.0	0.041666666666666664
lv	1.0	0.5	1.0	0.5	0.16666666666666666	0.14285714285714285	0.25	0.14285714285714285	0.14285714285714285	0.14285714285714285	0.25	0.2	0.16666666666666666	0.16666666666666666	0.14285714285714285	0.14285714285714285	0.14285714285714285	0.14285714285714285	0.5	0.5	0.5	0.14285714285714285	0.14285714285714285	0.14285714285714285	0.16666666666666666	0.14285714285714285	0.16666666666666666	0.5	0.14285714285714285	0.16666666666666666	0.16666666666666666	0.16666666666666666	0.2	1.0	0.16666666666666666
mk	0.0	0.5	0.0	1.0	0.5	0.5	1.0	0.5	0.5	0.5	0.5	0.5	0.5	0.5	0.5	0.5	0.5	0.5	0.3333333333333333	1.0	1.0	0.5	0.5	0.5	0.5	0.3333333333333333	0.5	0.5	0.5	0.5	0.5	0.2	0.5	0.0	0.5
ml	1.0	1.0	1.0	0.0	0.5	0.5	0.5	0.5	0.5	0.5	1.0	0.5	0.5	0.5	0.5	0.5	0.5	0.5	1.0	0.5	0.0	0.5	0.5	0.5	0.5	0.5	0.5	0.5	0.5	0.5	0.5	0.2	0.5	0.0	0.5
mr	0.0	1.0	0.0	1.0	0.5	0.5	1.0	0.5	0.5	0.5	0.5	1.0	0.5	0.5	0.5	0.5	0.5	0.5	1.0	0.0	0.5	0.5	0.5	0.5	0.5	0.5	0.5	1.0	0.5	0.5	0.5	0.25	0.5	1.0	1.0
nl	1.0	0.5	1.0	0.25	0.06667111111111111	0.029411764705882353	0.1	0.025001875625625624	0.031250976562500005	0.02857142857142857	0.08333333333333333	0.14285714285714285	0.07142857142857142	0.05263157894736842	0.0312548828125	0.043478260869565216	0.05	0.14285714285714285	0.5	0.5	0.5	0.02129743867769353	0.03571428571428571	0.03333555666666667	0.07692307692307693	0.03225806451612903	0.05263157894736842	0.5	0.1	0.05555555555555555	0.05263157894736842	0.1	0.125	1.0	0.047619047619047616
pl	1.0	0.5	1.0	0.25	0.07692307692307693	0.03333333333333333	0.1	0.033335555555555556	0.037037037037037035	0.038463017751479284	0.06666666666666667	0.125	0.07142857142857142	0.05555555555555555	0.03571811224489796	0.05	0.05000249999999999	0.14285714285714285	0.5	0.5	0.5	0.03571428571428571	0.027044564646457266	0.038461538461538464	0.08333333333333333	0.03333333333333333	0.05555555555555555	0.5	0.09090909090909091	0.058823529411764705	0.05263157894736842	0.1	0.125	1.0	0.047619047619047616
pt	1.0	0.5	1.0	0.25	0.052637121886429356	0.029412629757785465	0.07692307692307693	0.020842452693578126	0.024393218322427124	0.025001875	0.06666666666666667	0.125	0.07142857142857142	0.045456611570247926	0.02326663872958843	0.038461538461538464	0.045454545454545456	0.14285714285714285	0.5	0.5	0.5	0.03333555666666667	0.038461538461538464	0.020462450606188103	0.07142857142857142	0.031250976562500005	0.047621315192743756	0.5	0.09090909090909091	0.05	0.045456611570247926	0.09090909090909091	0.09090909090909091	1.0	0.041666666666666664
ro	1.0	0.5	1.0	0.25	0.125	0.08333333333333333	0.14285714285714285	0.06667111111111111	0.06666666666666667	0.07142857142857142	0.125	0.2	0.1	0.08333333333333333	0.07142857142857142	0.08333333333333333	0.08333333333333333	0.16666666666666666	0.5	0.5	0.5	0.07692307692307693	0.08333333333333333	0.07142857142857142	0.06670226227562676	0.07142857142857142	0.1	0.5	0.14285714285714285	0.08333333333333333	0.09090909090909091	0.16666666666666666	0.2	1.0	0.08333333333333333
ru	1.0	0.5	0.0	0.25	0.07142857142857142	0.030303030303030304	0.08333333333333333	0.023809523809523808	0.02702702702702703	0.02631578947368421	0.058823529411764705	0.1111111111111111	0.06666666666666667	0.05555555555555555	0.03125	0.038461538461538464	0.043478260869565216	0.14285714285714285	0.3333333333333333	0.5	0.5	0.03225806451612903	0.03333333333333333	0.031250976562500005	0.07142857142857142	0.020408996251561846	0.05555555555555555	0.5	0.08333333333333333	0.05263157894736842	0.05	0.1	0.1111111111111111	1.0	0.04
sh	1.0	0.5	1.0	0.25	0.10004000999999998	0.05555864197530863	0.125	0.04167882465451389	0.05000249999999999	0.052637119113573404	0.07692307692307693	0.125	0.08334722222222221	0.06667111111111111	0.05265097784210527	0.05263157894736842	0.06666666666666667	0.16666666666666666	0.5	0.5	0.5	0.05263157894736842	0.05555555555555555	0.047621315192743756	0.1	0.05555555555555555	0.04179032762719457	0.5	0.1111111111111111	0.06666666666666667	0.09092561983471073	0.1	0.125	1.0	0.0625
si	0.0	0.0	0.0	0.5	0.5	0.5	0.5	0.5	0.5	0.5	0.5	0.5	0.5	0.5	0.5	0.5	0.5	0.5	0.5	0.5	1.0	0.5	0.5	0.5	0.5	0.5	0.5	0.5	0.5	0.5	0.5	0.5	0.5	1.0	0.5
simple	1.0	0.5	1.0	0.5	0.125	0.1	0.16666666666666666	0.08333333333333333	0.08333333333333333	0.09090909090909091	0.125	0.14285714285714285	0.14285714285714285	0.1111111111111111	0.09090909090909091	0.08333333333333333	0.08333333333333333	0.14285714285714285	0.5	0.5	0.5	0.1	0.09090909090909091	0.09090909090909091	0.14285714285714285	0.08333333333333333	0.1111111111111111	0.5	0.08335416666666667	0.125	0.1	0.1111111111111111	0.14285714285714285	1.0	0.09090909090909091
sr	1.0	0.5	1.0	0.25	0.1	0.05	0.1111111111111111	0.045454545454545456	0.047619047619047616	0.05	0.1	0.16666666666666666	0.09090909090909091	0.07142857142857142	0.05	0.06666666666666667	0.07142857142857142	0.16666666666666666	0.5	0.5	0.5	0.05555555555555555	0.058823529411764705	0.05	0.08333333333333333	0.05263157894736842	0.06666666666666667	0.5	0.125	0.045454545454545456	0.07142857142857142	0.1	0.14285714285714285	1.0	0.0625
sv	1.0	0.5	1.0	0.25	0.058830449826989616	0.047621315192743756	0.1	0.035719387755102035	0.043478260869565216	0.041666666666666664	0.1	0.14285714285714285	0.125	0.06667111111111111	0.04167013888888889	0.0625	0.05555555555555555	0.16666666666666666	0.5	0.5	0.5	0.05263157894736842	0.05263157894736842	0.045456611570247926	0.09090909090909091	0.05	0.09092561983471073	0.5	0.1	0.07142857142857142	0.032290358007352866	0.1	0.14285714285714285	1.0	0.0625
te	0.0	0.2	1.0	0.16666666666666666	0.125	0.1	0.16666666666666666	0.09090909090909091	0.09090909090909091	0.1	0.1	0.125	0.16666666666666666	0.1111111111111111	0.09090909090909091	0.1	0.1	0.16666666666666666	0.2	0.2	0.25	0.1	0.1	0.09090909090909091	0.16666666666666666	0.1	0.1	0.5	0.1111111111111111	0.1	0.1	0.09090909090909091	0.1111111111111111	0.5	0.1
vi	1.0	0.5	1.0	0.5	0.125	0.09090909090909091	0.2	0.08333333333333333	0.09090909090909091	0.1	0.1111111111111111	0.16666666666666666	0.2	0.125015625	0.09091735537190083	0.1111111111111111	0.1111111111111111	0.2	0.5	0.5	0.5	0.125	0.125	0.09090909090909091	0.2	0.1111111111111111	0.125	0.5	0.14285714285714285	0.14285714285714285	0.14285714285714285	0.1111111111111111	0.08334722222222221	1.0	0.125
war	0.0	0.0	0.0	0.0	1.0	1.0	1.0	1.0	1.0	1.0	1.0	0.0	1.0	1.0	1.0	1.0	1.0	1.0	0.0	0.0	1.0	1.0	1.0	1.0	1.0	1.0	1.0	1.0	1.0	1.0	1.0	0.5	1.0	1.0	0.0
zh	1.0	0.5	1.0	0.25	0.07692307692307693	0.041666666666666664	0.09090909090909091	0.034482758620689655	0.037037037037037035	0.04	0.07692307692307693	0.1111111111111111	0.09090909090909091	0.058823529411764705	0.038461538461538464	0.03571428571428571	0.041666666666666664	0.16666666666666666	0.5	0.5	1.0	0.047619047619047616	0.047619047619047616	0.041666666666666664	0.08333333333333333	0.04	0.0625	0.5	0.09090909090909091	0.0625	0.0625	0.1	0.125	0.0	0.030303030303030304
