arz	bs	ceb	ckb	da	de	el	en	es	fr	he	hi	hu	id	it	ja	ko	lv	mk	ml	mr	nl	pl	pt	ro	ru	sh	si	simple	sr	sv	te	vi	war	zh
arz	1.0	0.0	0.0	0.0	1.0	1.0	1.0	1.0	1.0	1.0	0.0	1.0	1.0	1.0	1.0	1.0	1.0	1.0	0.0	1.0	0.0	1.0	1.0	1.0	1.0	1.0	1.0	0.0	1.0	1.0	1.0	0.0	1.0	0.0	1.0
bs	0.0	1.0	1.0	1.0	1.0	1.0	1.0	1.0	1.0	1.0	1.0	1.0	1.0	1.0	1.0	1.0	1.0	1.0	1.0	1.0	1.0	1.0	1.0	1.0	1.0	1.0	1.0	0.0	0.585786437626905	1.0	1.0	1.0	1.0	0.0	1.0
ceb	0.0	1.0	1.0	1.0	1.0	1.0	1.0	1.0	1.0	1.0	1.0	1.0	1.0	1.0	1.0	1.0	1.0	1.0	0.0	1.0	0.0	1.0	1.0	1.0	1.0	0.0	1.0	0.0	1.0	1.0	1.0	1.0	1.0	0.0	1.0
ckb	0.0	1.0	1.0	1.0	0.585786437626905	0.585786437626905	1.0	0.5	1.0	1.0	1.0	1.0	1.0	1.0	0.39564392373896007	1.0	1.0	1.0	1.0	0.0	1.0	1.0	1.0	0.585786437626905	1.0	1.0	0.585786437626905	1.0	1.0	1.0	1.0	1.0	1.0	0.0	1.0
da	1.0	1.0	1.0	0.585786437626905	1.0	0.08045365426670793	0.39564392373896	0.11807965377556236	0.08273211779267392	0.0937558664754052	0.20799159651347807	0.31451985913875646	0.30528189970704067	0.1504217792724669	0.10970114740347746	0.11591908091717261	0.1132302776184611	0.2989350844248255	1.0	0.585786437626905	0.585786437626905	0.10943760455139022	0.13122197716763584	0.07303816273312567	0.2549184724070716	0.12537377298221222	0.20631044894230896	1.0	0.252650308587072	0.17202299365704737	0.09444457464876883	1.0	0.2989350844248255	1.0	0.12389934309929541
de	1.0	1.0	1.0	0.585786437626905	0.08045365426670793	1.0	0.28989794855663564	0.04909936839717813	0.04051029500003729	0.042932260813175006	0.15022110482233486	0.27718637277259645	0.22901628833426058	0.11811981170658838	0.05060993119893093	0.09769632160397455	0.10282814220708918	0.5	1.0	0.585786437626905	1.0	0.052831309410260326	0.06560907781116172	0.04862212257951734	0.26968623182294527	0.050160557985232106	0.08291139714592276	1.0	0.2708131845707603	0.18660549686337075	0.1274658314860675	0.585786437626905	0.2553967929896867	1.0	0.09081740706168784
el	1.0	1.0	1.0	1.0	0.39564392373896	0.28989794855663564	1.0	0.079976821963134	0.2097188436578299	0.28989794855663564	1.0	1.0	0.353889367864523	0.5	0.08170061329833704	1.0	1.0	1.0	1.0	1.0	1.0	0.4364916731037085	0.44948974278317805	0.2958163163244893	0.4364916731037085	1.0	0.2449655295864104	1.0	1.0	1.0	0.39564392373896	1.0	0.585786437626905	1.0	1.0
en	1.0	1.0	1.0	0.5	0.11807965377556236	0.04909936839717813	0.079976821963134	1.0	0.028844264024945204	0.038159135610926126	0.06287545438381104	0.20942771453851886	0.0662256424201394	0.0632815397646982	0.10932597717759415	0.037543885662257484	0.04915527279268299	0.3483314773547883	1.0	1.0	1.0	0.03321203539609178	0.04399966480769247	0.062350808126245855	0.08840747167731816	0.029131718474018686	0.11065780978255427	1.0	0.12869959859918143	0.056108524259789794	0.04890037647297694	0.3430703308172536	0.1173221972843356	1.0	0.04370197565354273
es	1.0	1.0	1.0	1.0	0.08273211779267392	0.04051029500003729	0.2097188436578299	0.028844264024945204	1.0	0.03717202740424948	0.20342651452257512	0.585786437626905	0.17425575685951322	0.15511784463218828	0.03317580324532316	0.13000160101627029	0.20942771453851886	0.585786437626905	1.0	1.0	1.0	0.10362335912845909	0.15870639528706376	0.033747225524091984	0.20211929788176028	0.09226461008560503	0.06999603889602328	1.0	0.38742588672279304	0.17100799366294794	0.12322669491947313	0.585786437626905	0.5	1.0	0.21290885543182675
fr	1.0	1.0	1.0	1.0	0.0937558664754052	0.042932260813175006	0.28989794855663564	0.038159135610926126	0.03717202740424948	1.0	0.34833147735478825	0.5	0.19367338768973055	0.16071347325176186	0.03134075351020771	0.1724594701810533	0.2187841884486319	0.585786437626905	1.0	1.0	1.0	0.09273494061124232	0.1525625027277469	0.03821333727647708	0.23156573164840064	0.053803787436574046	0.07392705724188126	1.0	0.4142135623730951	0.203075234310397	0.14775639836255644	1.0	0.5	1.0	0.1488174884609694
he	0.0	1.0	1.0	1.0	0.20799159651347807	0.15022110482233486	1.0	0.06287545438381104	0.20342651452257512	0.34833147735478825	1.0	1.0	0.36602540378443865	0.2708131845707603	0.08228858368063004	1.0	1.0	1.0	1.0	1.0	1.0	0.44948974278317805	0.39564392373896	0.3090169943749474	0.585786437626905	1.0	0.12208127266088137	1.0	0.585786437626905	1.0	0.585786437626905	1.0	0.5	1.0	1.0
hi	1.0	1.0	1.0	1.0	0.31451985913875646	0.27718637277259645	1.0	0.20942771453851886	0.585786437626905	0.5	1.0	1.0	1.0	0.585786437626905	0.23582845781094	1.0	0.585786437626905	1.0	1.0	1.0	1.0	0.585786437626905	0.5	0.4364916731037085	0.585786437626905	1.0	0.3430703308172536	1.0	0.585786437626905	1.0	0.585786437626905	1.0	1.0	0.0	1.0
hu	1.0	1.0	1.0	1.0	0.30528189970704067	0.22901628833426058	0.353889367864523	0.0662256424201394	0.17425575685951322	0.19367338768973055	0.36602540378443865	1.0	1.0	0.34833147735478825	0.07189334881659158	0.3430703308172536	0.44948974278317805	1.0	1.0	1.0	1.0	0.2402530733520421	0.28436465220442186	0.18933139574356017	0.3797958971132712	0.28172904669025317	0.14909731684302274	1.0	0.44948974278317805	0.4142135623730951	0.5	1.0	0.585786437626905	1.0	0.44948974278317805
id	1.0	1.0	1.0	1.0	0.1504217792724669	0.11811981170658838	0.5	0.0632815397646982	0.15511784463218828	0.16071347325176186	0.2708131845707603	0.585786437626905	0.34833147735478825	1.0	0.05918785708567881	0.2025519956555797	0.20942771453851886	0.5	1.0	1.0	1.0	0.21594030529939418	0.1827439976315568	0.09478996586183762	0.33286679078077314	0.18781636508971358	0.1282592518479485	1.0	0.38742588672279304	0.3660254037844386	0.25237830515907816	0.585786437626905	0.37926872769071385	1.0	0.22966848451216434
it	1.0	1.0	1.0	0.39564392373896007	0.10970114740347746	0.05060993119893093	0.08170061329833704	0.10932597717759415	0.03317580324532316	0.03134075351020771	0.08228858368063004	0.23582845781094	0.07189334881659158	0.05918785708567881	1.0	0.053304026416792556	0.05552938835955008	0.3090169943749474	1.0	1.0	0.585786437626905	0.03846750843960762	0.04759768237770077	0.06482489893901447	0.09316617508461399	0.04025199525400224	0.09703806874048318	0.585786437626905	0.20386840968093525	0.06570092437670307	0.05333824719501472	0.44948974278317805	0.2122464917394056	1.0	0.05227619385915421
ja	1.0	1.0	1.0	1.0	0.11591908091717261	0.09769632160397455	1.0	0.037543885662257484	0.13000160101627029	0.1724594701810533	1.0	1.0	0.3430703308172536	0.2025519956555797	0.053304026416792556	1.0	0.585786437626905	1.0	1.0	1.0	1.0	0.1683604963286918	0.29429805508554946	0.0725850991629007	0.36602540378443865	0.585786437626905	0.1	1.0	0.44948974278317805	1.0	0.2958163163244893	1.0	0.5	1.0	1.0
ko	1.0	1.0	1.0	1.0	0.1132302776184611	0.10282814220708918	1.0	0.04915527279268299	0.20942771453851886	0.2187841884486319	1.0	0.585786437626905	0.44948974278317805	0.20942771453851886	0.05552938835955008	0.585786437626905	1.0	1.0	1.0	1.0	1.0	0.28172904669025317	0.3655636559687688	0.10074077426903619	0.36602540378443865	0.585786437626905	0.12931586373476808	1.0	0.44948974278317805	1.0	0.28436465220442186	1.0	0.5	1.0	0.585786437626905
lv	1.0	1.0	1.0	1.0	0.2989350844248255	0.5	1.0	0.3483314773547883	0.585786437626905	0.585786437626905	1.0	1.0	1.0	0.5	0.3090169943749474	1.0	1.0	1.0	1.0	1.0	1.0	0.585786437626905	0.585786437626905	0.39564392373896007	1.0	1.0	0.5	1.0	0.5	1.0	1.0	1.0	0.585786437626905	1.0	1.0
mk	0.0	1.0	0.0	1.0	1.0	1.0	1.0	1.0	1.0	1.0	1.0	1.0	1.0	1.0	1.0	1.0	1.0	1.0	1.0	1.0	1.0	1.0	1.0	1.0	1.0	1.0	1.0	1.0	0.585786437626905	1.0	1.0	1.0	1.0	0.0	1.0
ml	1.0	1.0	1.0	0.0	0.585786437626905	0.585786437626905	1.0	1.0	1.0	1.0	1.0	1.0	1.0	1.0	1.0	1.0	1.0	1.0	1.0	1.0	0.0	1.0	0.585786437626905	1.0	1.0	1.0	1.0	1.0	1.0	1.0	1.0	1.0	1.0	0.0	1.0
mr	0.0	1.0	0.0	1.0	0.585786437626905	1.0	1.0	1.0	1.0	1.0	1.0	1.0	1.0	1.0	0.585786437626905	1.0	1.0	1.0	1.0	0.0	1.0	1.0	1.0	1.0	1.0	1.0	1.0	1.0	1.0	1.0	1.0	1.0	1.0	1.0	1.0
nl	1.0	1.0	1.0	1.0	0.10943760455139022	0.052831309410260326	0.4364916731037085	0.03321203539609178	0.10362335912845909	0.09273494061124232	0.44948974278317805	0.585786437626905	0.2402530733520421	0.21594030529939418	0.03846750843960762	0.1683604963286918	0.28172904669025317	0.585786437626905	1.0	1.0	1.0	1.0	0.16952084719853724	0.08017281460017531	0.38742588672279304	0.18001097668719743	0.07275607226890149	1.0	0.4142135623730951	0.29429805508554946	0.2303268468157938	0.5	0.585786437626905	1.0	0.2612038749637415
pl	1.0	1.0	1.0	1.0	0.13122197716763584	0.06560907781116172	0.44948974278317805	0.04399966480769247	0.15870639528706376	0.1525625027277469	0.39564392373896	0.5	0.28436465220442186	0.1827439976315568	0.04759768237770077	0.29429805508554946	0.3655636559687688	0.585786437626905	1.0	0.585786437626905	1.0	0.16952084719853724	1.0	0.09673156596750596	0.44948974278317805	0.2449655295864104	0.07817954123862543	1.0	0.4142135623730951	0.44948974278317805	0.21712927295533244	1.0	0.5	1.0	0.28172904669025317
pt	1.0	1.0	1.0	0.585786437626905	0.07303816273312567	0.04862212257951734	0.2958163163244893	0.062350808126245855	0.033747225524091984	0.03821333727647708	0.3090169943749474	0.4364916731037085	0.18933139574356017	0.09478996586183762	0.06482489893901447	0.0725850991629007	0.10074077426903619	0.39564392373896007	1.0	1.0	1.0	0.08017281460017531	0.09673156596750596	1.0	0.1856154626682773	0.04833476674401625	0.06543657017277375	1.0	0.30552726787943424	0.15225881209433406	0.08397944933965057	0.2674788903885893	0.3333333333333333	1.0	0.08196075368570659
ro	1.0	1.0	1.0	1.0	0.2549184724070716	0.26968623182294527	0.4364916731037085	0.08840747167731816	0.20211929788176028	0.23156573164840064	0.585786437626905	0.585786437626905	0.3797958971132712	0.33286679078077314	0.09316617508461399	0.36602540378443865	0.36602540378443865	1.0	1.0	1.0	1.0	0.38742588672279304	0.44948974278317805	0.1856154626682773	1.0	0.2474401533514073	0.27429188517743175	1.0	0.44948974278317805	0.36602540378443865	0.44948974278317805	1.0	0.585786437626905	1.0	0.29429805508554946
ru	1.0	1.0	0.0	1.0	0.12537377298221222	0.050160557985232106	1.0	0.029131718474018686	0.09226461008560503	0.053803787436574046	1.0	1.0	0.28172904669025317	0.18781636508971358	0.04025199525400224	0.585786437626905	0.585786437626905	1.0	1.0	1.0	1.0	0.18001097668719743	0.2449655295864104	0.04833476674401625	0.2474401533514073	1.0	0.08707249696570547	1.0	0.44948974278317805	1.0	0.2063099139372659	1.0	0.5	1.0	0.585786437626905
sh	1.0	1.0	1.0	0.585786437626905	0.20631044894230896	0.08291139714592276	0.2449655295864104	0.11065780978255427	0.06999603889602328	0.07392705724188126	0.12208127266088137	0.3430703308172536	0.14909731684302274	0.1282592518479485	0.09703806874048318	0.1	0.12931586373476808	0.5	1.0	1.0	1.0	0.07275607226890149	0.07817954123862543	0.06543657017277375	0.27429188517743175	0.08707249696570547	1.0	1.0	0.19324589906439057	0.12015029468766564	0.25916160155900453	0.12219988139184167	0.24117152185510726	1.0	0.11834554519037926
si	0.0	0.0	0.0	1.0	1.0	1.0	1.0	1.0	1.0	1.0	1.0	1.0	1.0	1.0	0.585786437626905	1.0	1.0	1.0	1.0	1.0	1.0	1.0	1.0	1.0	1.0	1.0	1.0	1.0	1.0	1.0	1.0	1.0	1.0	1.0	1.0
simple	1.0	0.585786437626905	1.0	1.0	0.252650308587072	0.2708131845707603	1.0	0.12869959859918143	0.38742588672279304	0.4142135623730951	0.585786437626905	0.585786437626905	0.44948974278317805	0.38742588672279304	0.20386840968093525	0.44948974278317805	0.44948974278317805	0.5	0.585786437626905	1.0	1.0	0.4142135623730951	0.4142135623730951	0.30552726787943424	0.44948974278317805	0.44948974278317805	0.19324589906439057	1.0	1.0	0.5	0.5	1.0	0.5	1.0	0.44948974278317805
sr	1.0	1.0	1.0	1.0	0.17202299365704737	0.18660549686337075	1.0	0.056108524259789794	0.17100799366294794	0.203075234310397	1.0	1.0	0.4142135623730951	0.3660254037844386	0.06570092437670307	1.0	1.0	1.0	1.0	1.0	1.0	0.29429805508554946	0.44948974278317805	0.15225881209433406	0.36602540378443865	1.0	0.12015029468766564	1.0	0.5	1.0	0.32449979983983984	0.29429805508554946	0.5	1.0	1.0
sv	1.0	1.0	1.0	1.0	0.09444457464876883	0.1274658314860675	0.39564392373896	0.04890037647297694	0.12322669491947313	0.14775639836255644	0.585786437626905	0.585786437626905	0.5	0.25237830515907816	0.05333824719501472	0.2958163163244893	0.28436465220442186	1.0	1.0	1.0	1.0	0.2303268468157938	0.21712927295533244	0.08397944933965057	0.44948974278317805	0.2063099139372659	0.25916160155900453	1.0	0.5	0.32449979983983984	1.0	0.5	0.585786437626905	1.0	0.26968623182294527
te	0.0	1.0	1.0	1.0	1.0	0.585786437626905	1.0	0.3430703308172536	0.585786437626905	1.0	1.0	1.0	1.0	0.585786437626905	0.44948974278317805	1.0	1.0	1.0	1.0	1.0	1.0	0.5	1.0	0.2674788903885893	1.0	1.0	0.12219988139184167	1.0	1.0	0.29429805508554946	0.5	1.0	0.585786437626905	1.0	1.0
vi	1.0	1.0	1.0	1.0	0.2989350844248255	0.2553967929896867	0.585786437626905	0.1173221972843356	0.5	0.5	0.5	1.0	0.585786437626905	0.37926872769071385	0.2122464917394056	0.5	0.5	0.585786437626905	1.0	1.0	1.0	0.585786437626905	0.5	0.3333333333333333	0.585786437626905	0.5	0.24117152185510726	1.0	0.5	0.5	0.585786437626905	0.585786437626905	1.0	1.0	0.585786437626905
war	0.0	0.0	0.0	0.0	1.0	1.0	1.0	1.0	1.0	1.0	1.0	0.0	1.0	1.0	1.0	1.0	1.0	1.0	0.0	0.0	1.0	1.0	1.0	1.0	1.0	1.0	1.0	1.0	1.0	1.0	1.0	1.0	1.0	1.0	0.0
zh	1.0	1.0	1.0	1.0	0.12389934309929541	0.09081740706168784	1.0	0.04370197565354273	0.21290885543182675	0.1488174884609694	1.0	1.0	0.44948974278317805	0.22966848451216434	0.05227619385915421	1.0	0.585786437626905	1.0	1.0	1.0	1.0	0.2612038749637415	0.28172904669025317	0.08196075368570659	0.29429805508554946	0.585786437626905	0.11834554519037926	1.0	0.44948974278317805	1.0	0.26968623182294527	1.0	0.585786437626905	0.0	1.0
