arz	bs	ceb	ckb	da	de	el	en	es	fr	he	hi	hu	id	it	ja	ko	lv	mk	ml	mr	nl	pl	pt	ro	ru	sh	si	simple	sr	sv	te	vi	war	zh
arz	1.0	0.21490947927855147	0.585786437626905	0.585786437626905	0.20521309615767264	0.16381024013125614	0.1951941016011038	0.11606619483971768	0.15815511491062575	0.13853768235555425	0.1646939286512606	0.1760091140269026	0.1417374030335042	0.2008390199171533	0.11725362066232069	0.13089813761734692	0.13918546143426822	0.23441237831492112	0.1404296735815434	0.2303268468157938	0.17877978264389754	0.17151308576402147	0.15974667297574377	0.12027370322216947	0.15585972716790494	0.1021305508447104	0.18151291824946006	0.25	0.15974667297574377	0.15331120368114	0.09349812130783444	0.38742588672279304	0.14794976728674608	0.44948974278317805	0.06744818077748588
bs	0.21490947927855147	1.0	0.3483314773547883	0.07866915251621209	0.01254428262578357	0.006986707610726756	0.013140411981981603	0.011225347581884586	0.006994405487343075	0.007892497637916435	0.008297686360975814	0.013259683577320729	0.01266605504972536	0.009369297549776563	0.010863847444010541	0.013060751228945226	0.009391221016790414	0.019814726078251577	0.01636277759599769	0.026299398398114408	0.036055399917618594	0.0074448953863996	0.007436235699278698	0.010827936888620193	0.012158434546106892	0.014512005328684721	0.010419767315971877	0.04963382991618407	0.010752611245716807	0.008288671226230048	0.012202148382470029	0.11619909846829495	0.009413112566384265	0.11519216806670013	0.01610117547563336
ceb	0.585786437626905	0.3483314773547883	1.0	0.4364916731037085	0.3266316347104093	0.2989350844248255	0.3405424265831667	0.2989350844248255	0.28989794855663564	0.28989794855663564	0.28989794855663564	0.3090169943749474	0.3266316347104093	0.2989350844248255	0.2989350844248255	0.3139485079232126	0.28989794855663564	0.3483314773547883	0.3266316347104093	0.2989350844248255	0.3483314773547883	0.2989350844248255	0.2989350844248255	0.28989794855663564	0.2989350844248255	0.2989350844248255	0.3266316347104093	0.32037724101704074	0.31451985913875646	0.2989350844248255	0.28989794855663564	0.4364916731037085	0.3266316347104093	0.3266316347104093	0.30383243470068705
ckb	0.585786437626905	0.07866915251621209	0.4364916731037085	1.0	0.13616022344521683	0.12910941082283195	0.08791790818872885	0.025094409866058938	0.1190571961576627	0.08757538938503641	0.08304483954671356	0.10574942204866943	0.11606619483971768	0.10483141096129316	0.041364830750016054	0.030158885886165127	0.0853799803854618	0.1304671093148702	0.07311678379609624	0.05698654207362246	0.10435223109709847	0.1301521958455223	0.12565642000104116	0.03703828984232131	0.10612126228013989	0.04470589678073705	0.071984611958757	0.10791593790470638	0.09094354640184565	0.11628796611075475	0.053214665986731045	0.2008390199171533	0.11637704693894593	0.38742588672279304	0.01576079571386817
da	0.20521309615767264	0.01254428262578357	0.3266316347104093	0.13616022344521683	1.0	0.0035507525196994175	0.0062911389345091375	0.004804301204853732	0.0034511527932138794	0.004435351392841737	0.004645630609843172	0.007046599872128132	0.005712029772928647	0.007650477707763634	0.004686038806846746	0.004522186158527825	0.004778959512192905	0.014773344385062774	0.007912438291364156	0.011380334615358876	0.018311223888289974	0.00375572948602466	0.003835708048726198	0.004686689195351379	0.00812504431580727	0.004801694806464529	0.006333125133785602	0.03665658694035699	0.005012010485328694	0.005981441319869228	0.004651442183046264	0.09674036644268627	0.0058477224283286396	0.2632403810669918	0.004280950104913336
de	0.16381024013125614	0.006986707610726756	0.2989350844248255	0.12910941082283195	0.0035507525196994175	1.0	0.003520579909205458	0.0033140298235388886	0.003706487288125661	0.00416156286895739	0.0033168496368579533	0.0039047868823151176	0.0033122047300189164	0.0029455073091001712	0.0037956302382772884	0.0037234491479894625	0.0033794530250597994	0.006761226954865808	0.005014383672026167	0.006572324999142594	0.014458524978435184	0.003039259184302999	0.0037248723512429086	0.003983140604326727	0.0036275685235185387	0.003798943639204033	0.0034758638961378736	0.018651878199714964	0.00339529397342174	0.003002616813702837	0.0038942890870096772	0.05950561592166696	0.0030440904994317383	0.28172904669025317	0.003786478555248339
el	0.1951941016011038	0.013140411981981603	0.3405424265831667	0.08791790818872885	0.0062911389345091375	0.003520579909205458	1.0	0.013658998646879467	0.0033759354977410646	0.00850503179540304	0.005449150331530053	0.010223345508072985	0.008561560151981734	0.0051241829183662	0.013794664880424034	0.013560033936891473	0.009227756785385819	0.010097989937759858	0.011903099160035065	0.012138559792991544	0.01962794899355787	0.0036431188744944823	0.0036379585687549404	0.014866808276870057	0.006580913627362927	0.013953805393971883	0.008779569512688773	0.0423127399504517	0.008700899108652956	0.005932291047156881	0.011947865289416966	0.0546002136197128	0.006629834545704399	0.18660549686337075	0.014364654346076706
en	0.11606619483971768	0.011225347581884586	0.2989350844248255	0.025094409866058938	0.004804301204853732	0.0033140298235388886	0.013658998646879467	1.0	0.004031853800961751	0.004444071511403423	0.007449184967269465	0.01057190706479904	0.012088749078394015	0.005138417955276138	0.004832792647306912	0.006677919612934721	0.009786692967702529	0.008295340405164229	0.01491293950955629	0.011227952300443182	0.015264331560290462	0.0037498849167355267	0.003705552998418224	0.005473539518641195	0.005985108535800563	0.00554825186629939	0.012622816231885343	0.01833510259331319	0.013068412034727925	0.008510110941450393	0.00670643047133338	0.01472048539963544	0.010413622051258002	0.21604850763119507	0.008546457982460589
es	0.15815511491062575	0.006994405487343075	0.28989794855663564	0.1190571961576627	0.0034511527932138794	0.003706487288125661	0.0033759354977410646	0.004031853800961751	1.0	0.003774378594156954	0.0029791184033310246	0.003899344205928887	0.003295696466822907	0.0025954986783957253	0.0037042062518302943	0.0035779016185846883	0.0030127810293153474	0.006360553633862853	0.004654269064461738	0.00623011161098097	0.014098320849835547	0.0030105785293313473	0.003227420773637086	0.003703204664246603	0.003433593850551603	0.003989153913022862	0.00321819451184116	0.018609768071735925	0.0029363102899050775	0.0029109515744676117	0.0034002018742774875	0.05746723681662957	0.002751549502875248	0.30552726787943424	0.0031825603656127767
fr	0.13853768235555425	0.007892497637916435	0.28989794855663564	0.08757538938503641	0.004435351392841737	0.00416156286895739	0.00850503179540304	0.004444071511403423	0.003774378594156954	1.0	0.008683523524067314	0.007362107994502776	0.008944071050800322	0.004900572606910945	0.005484035037323755	0.0073687663050456065	0.01193842967102113	0.007298708024859562	0.007173791511157123	0.008343905352366931	0.014226082198115527	0.004084790973439586	0.003776916673411133	0.005995442172350526	0.005401602144120054	0.006791024816508615	0.00945635372401851	0.018685542502147195	0.008610214288305999	0.006946764444148238	0.009678662284619832	0.03778488466826245	0.008395996912868669	0.24179033438163736	0.00961269620413161
he	0.1646939286512606	0.008297686360975814	0.28989794855663564	0.08304483954671356	0.004645630609843172	0.0033168496368579533	0.005449150331530053	0.007449184967269465	0.0029791184033310246	0.008683523524067314	1.0	0.005924284589041441	0.005954074682722984	0.004220087907385873	0.008152333479790871	0.00693448519563385	0.007778488475668532	0.009130382222259625	0.005753472827484956	0.007764994311090951	0.015470516431599735	0.0031133216892814917	0.003289312978747717	0.007955527792866105	0.005199864838092945	0.00842073046091234	0.005611322595089565	0.020467051464424235	0.00632594599486982	0.0054151914800389	0.007950573144351552	0.04791345538869572	0.0055076726997863425	0.2204812092115424	0.007120424515504594
hi	0.1760091140269026	0.013259683577320729	0.3090169943749474	0.10574942204866943	0.007046599872128132	0.0039047868823151176	0.010223345508072985	0.01057190706479904	0.003899344205928887	0.007362107994502776	0.005924284589041441	1.0	0.008977656702036547	0.00545232439281694	0.00950797790266949	0.011413006959967152	0.00818609278921946	0.011878279891370453	0.011188136803436829	0.01065599257693624	0.018526940739429256	0.0041483380317319804	0.004161466089153378	0.010505883034089575	0.007215709190690786	0.01191763802285777	0.009007207905872831	0.032059012051165604	0.007869128643355481	0.006179696202781661	0.010727290517165824	0.041968606389237315	0.006012411812488116	0.21822796141133347	0.010960528326947381
hu	0.1417374030335042	0.01266605504972536	0.3266316347104093	0.11606619483971768	0.005712029772928647	0.0033122047300189164	0.008561560151981734	0.012088749078394015	0.003295696466822907	0.008944071050800322	0.005954074682722984	0.008977656702036547	1.0	0.005155486096635299	0.01126551208806696	0.01128254953440293	0.008000906833765416	0.012501460559363974	0.010156060986221575	0.01255351636907806	0.01965293909730459	0.003487731014878666	0.0032619108929818276	0.012891596791586258	0.006589207281982204	0.011551277891953916	0.008749378780281794	0.04406607574715928	0.007251917397126818	0.0057868033461665564	0.00997569988931066	0.0543141891310223	0.0065509709432681916	0.23166247903554	0.011681397560092878
id	0.2008390199171533	0.009369297549776563	0.2989350844248255	0.10483141096129316	0.007650477707763634	0.0029455073091001712	0.0051241829183662	0.005138417955276138	0.0025954986783957253	0.004900572606910945	0.004220087907385873	0.00545232439281694	0.005155486096635299	1.0	0.004882528128482811	0.004735832249859646	0.004576836737333468	0.01046983334915696	0.0066346303213965525	0.008514990703954629	0.016209024577963718	0.0030528024417338794	0.002960117913631141	0.0050085958586393795	0.006417863737603883	0.004788817189489756	0.004938362465688234	0.02310396702548531	0.0044199062080623915	0.004092393901478527	0.004655443642841159	0.06332645799530322	0.0043611440474963644	0.34833147735478825	0.004878820870958728
it	0.11725362066232069	0.010863847444010541	0.2989350844248255	0.041364830750016054	0.004686038806846746	0.0037956302382772884	0.013794664880424034	0.004832792647306912	0.0037042062518302943	0.005484035037323755	0.008152333479790871	0.00950797790266949	0.01126551208806696	0.004882528128482811	1.0	0.00906238711295637	0.012485474786122625	0.008042563287293872	0.012284330802241403	0.010410588613584222	0.01546171662278351	0.003955209793412229	0.004017109866596348	0.006037916093531377	0.005688333719001105	0.007300438107734592	0.01150762681456653	0.020454640320538186	0.012023477223425531	0.007468622168516465	0.009212721997481447	0.019525216381022968	0.010070994273282256	0.16265941452915686	0.00988966002668093
ja	0.13089813761734692	0.013060751228945226	0.3139485079232126	0.030158885886165127	0.004522186158527825	0.0037234491479894625	0.013560033936891473	0.006677919612934721	0.0035779016185846883	0.0073687663050456065	0.00693448519563385	0.011413006959967152	0.01128254953440293	0.004735832249859646	0.00906238711295637	1.0	0.013359679035771168	0.008053910807332084	0.013540475271513626	0.01270910487582133	0.01582622914608484	0.00366590740670479	0.003644481273241191	0.009492361045829832	0.005956418911848113	0.011310018136513042	0.011579246525114946	0.01902399452799543	0.011989904375514306	0.006736857066126388	0.010964743424462815	0.018014254982966098	0.008867184690977234	0.15082329980793807	0.011695446795669705
ko	0.13918546143426822	0.009391221016790414	0.28989794855663564	0.0853799803854618	0.004778959512192905	0.0033794530250597994	0.009227756785385819	0.009786692967702529	0.0030127810293153474	0.01193842967102113	0.007778488475668532	0.00818609278921946	0.008000906833765416	0.004576836737333468	0.012485474786122625	0.013359679035771168	1.0	0.008670683379839835	0.0077823747367412825	0.008161638508534696	0.015207420629521374	0.003176646250745442	0.0031764434153213825	0.012527846838719974	0.005520000185209397	0.01223461586352485	0.00827148313528083	0.020628025816072253	0.009281075500084194	0.0058857346686805425	0.012149532819325105	0.05045627421357233	0.007048179843388197	0.1896812679802183	0.012968578714140934
lv	0.23441237831492112	0.019814726078251577	0.3483314773547883	0.1304671093148702	0.014773344385062774	0.006761226954865808	0.010097989937759858	0.008295340405164229	0.006360553633862853	0.007298708024859562	0.009130382222259625	0.011878279891370453	0.012501460559363974	0.01046983334915696	0.008042563287293872	0.008053910807332084	0.008670683379839835	1.0	0.011642571637539158	0.018496225245944485	0.022984130151543186	0.0073014182865764644	0.006826043394826043	0.00853473593143789	0.012798186479075867	0.009242727418080913	0.013519859829792863	0.03805932672073953	0.011626941186679039	0.010950566791869159	0.008265496245594283	0.09965581335570424	0.009155373027616903	0.21822796141133347	0.008519483982295243
mk	0.1404296735815434	0.01636277759599769	0.3266316347104093	0.07311678379609624	0.007912438291364156	0.005014383672026167	0.011903099160035065	0.01491293950955629	0.004654269064461738	0.007173791511157123	0.005753472827484956	0.011188136803436829	0.010156060986221575	0.0066346303213965525	0.012284330802241403	0.013540475271513626	0.0077823747367412825	0.011642571637539158	1.0	0.016565307647638954	0.03495999490772838	0.005092686534996864	0.005124185346639903	0.013962043650054289	0.0073681047515840314	0.01746700669877449	0.010612242990409994	0.055562205374905915	0.008673717983134821	0.006660146024967144	0.01395634042224092	0.06330907728314704	0.00700377429264613	0.12320764454039637	0.021452986464623163
ml	0.2303268468157938	0.026299398398114408	0.2989350844248255	0.05698654207362246	0.011380334615358876	0.006572324999142594	0.012138559792991544	0.011227952300443182	0.00623011161098097	0.008343905352366931	0.007764994311090951	0.01065599257693624	0.01255351636907806	0.008514990703954629	0.010410588613584222	0.01270910487582133	0.008161638508534696	0.018496225245944485	0.016565307647638954	1.0	0.025007077027338034	0.006920157433642475	0.0068658344739136925	0.011070835831257776	0.009593643027049336	0.012708863931021995	0.01212416321693628	0.03972781952760476	0.010497986311789678	0.008618352577207285	0.011802479658215072	0.05056252609216227	0.008484097430134532	0.12809248424016279	0.014807532017916677
mr	0.17877978264389754	0.036055399917618594	0.3483314773547883	0.10435223109709847	0.018311223888289974	0.014458524978435184	0.01962794899355787	0.015264331560290462	0.014098320849835547	0.014226082198115527	0.015470516431599735	0.018526940739429256	0.01965293909730459	0.016209024577963718	0.01546171662278351	0.01582622914608484	0.015207420629521374	0.022984130151543186	0.03495999490772838	0.025007077027338034	1.0	0.01519039574735992	0.015074435903077462	0.015180208082011863	0.018716972384206585	0.01652546738381672	0.02074172449111876	0.0695836391689888	0.01650841419156922	0.01754647124022743	0.015652112590039794	0.05182600982781238	0.015469277317344545	0.08824576037717174	0.021388827026204937
nl	0.17151308576402147	0.0074448953863996	0.2989350844248255	0.1301521958455223	0.00375572948602466	0.003039259184302999	0.0036431188744944823	0.0037498849167355267	0.0030105785293313473	0.004084790973439586	0.0031133216892814917	0.0041483380317319804	0.003487731014878666	0.0030528024417338794	0.003955209793412229	0.00366590740670479	0.003176646250745442	0.0073014182865764644	0.005092686534996864	0.006920157433642475	0.01519039574735992	1.0	0.002957413395370528	0.003829970947611258	0.0038721449003817116	0.003656476715466551	0.003262256470836058	0.019501594540290202	0.003157147894377782	0.0028643875751810286	0.003588976640481516	0.060880431916023096	0.003103726225911764	0.38742588672279304	0.0036209920443428835
pl	0.15974667297574377	0.007436235699278698	0.2989350844248255	0.12565642000104116	0.003835708048726198	0.0037248723512429086	0.0036379585687549404	0.003705552998418224	0.003227420773637086	0.003776916673411133	0.003289312978747717	0.004161466089153378	0.0032619108929818276	0.002960117913631141	0.004017109866596348	0.003644481273241191	0.0031764434153213825	0.006826043394826043	0.005124185346639903	0.0068658344739136925	0.015074435903077462	0.002957413395370528	1.0	0.0039132417266671705	0.0037921424852093307	0.003811548037686792	0.0034593274998897137	0.02042164632178192	0.003171495029521068	0.002908687287587228	0.0035900727326682895	0.060175991183667274	0.0030744594283270933	0.27195617308673004	0.003545744154057451
pt	0.12027370322216947	0.010827936888620193	0.28989794855663564	0.03703828984232131	0.004686689195351379	0.003983140604326727	0.014866808276870057	0.005473539518641195	0.003703204664246603	0.005995442172350526	0.007955527792866105	0.010505883034089575	0.012891596791586258	0.0050085958586393795	0.006037916093531377	0.009492361045829832	0.012527846838719974	0.00853473593143789	0.013962043650054289	0.011070835831257776	0.015180208082011863	0.003829970947611258	0.0039132417266671705	1.0	0.005695110242773462	0.007550597486922035	0.013360536808766194	0.01868552595103575	0.013115411594053118	0.007704457655539661	0.009530638273837497	0.0227075690232933	0.009850693718377067	0.16240307747230665	0.009779814027987124
ro	0.15585972716790494	0.012158434546106892	0.2989350844248255	0.10612126228013989	0.00812504431580727	0.0036275685235185387	0.006580913627362927	0.005985108535800563	0.003433593850551603	0.005401602144120054	0.005199864838092945	0.007215709190690786	0.006589207281982204	0.006417863737603883	0.005688333719001105	0.005956418911848113	0.005520000185209397	0.012798186479075867	0.0073681047515840314	0.009593643027049336	0.018716972384206585	0.0038721449003817116	0.0037921424852093307	0.005695110242773462	1.0	0.005551273757152445	0.006119500267192583	0.029628225525952658	0.006329104547494507	0.005490212268327532	0.00586794456121105	0.0771916093502257	0.005783671202316833	0.19204411937679794	0.006165898530703783
ru	0.1021305508447104	0.014512005328684721	0.2989350844248255	0.04470589678073705	0.004801694806464529	0.003798943639204033	0.013953805393971883	0.00554825186629939	0.003989153913022862	0.006791024816508615	0.00842073046091234	0.01191763802285777	0.011551277891953916	0.004788817189489756	0.007300438107734592	0.011310018136513042	0.01223461586352485	0.009242727418080913	0.01746700669877449	0.012708863931021995	0.01652546738381672	0.003656476715466551	0.003811548037686792	0.007550597486922035	0.005551273757152445	1.0	0.013111103330073422	0.01951333334031376	0.01232152151506645	0.007328505776998492	0.008895428959555432	0.015299823412935027	0.009999374718527571	0.12293434053496569	0.011503456813368498
sh	0.18151291824946006	0.010419767315971877	0.3266316347104093	0.071984611958757	0.006333125133785602	0.0034758638961378736	0.008779569512688773	0.012622816231885343	0.00321819451184116	0.00945635372401851	0.005611322595089565	0.009007207905872831	0.008749378780281794	0.004938362465688234	0.01150762681456653	0.011579246525114946	0.00827148313528083	0.013519859829792863	0.010612242990409994	0.01212416321693628	0.02074172449111876	0.003262256470836058	0.0034593274998897137	0.013360536808766194	0.006119500267192583	0.013111103330073422	1.0	0.02557339211634513	0.0080806325576457	0.0059796628628905266	0.011742654760394707	0.049330898880220936	0.006423729595728957	0.1467614860213248	0.011374626179637496
si	0.25	0.04963382991618407	0.32037724101704074	0.10791593790470638	0.03665658694035699	0.018651878199714964	0.0423127399504517	0.01833510259331319	0.018609768071735925	0.018685542502147195	0.020467051464424235	0.032059012051165604	0.04406607574715928	0.02310396702548531	0.020454640320538186	0.01902399452799543	0.020628025816072253	0.03805932672073953	0.055562205374905915	0.03972781952760476	0.0695836391689888	0.019501594540290202	0.02042164632178192	0.01868552595103575	0.029628225525952658	0.01951333334031376	0.02557339211634513	1.0	0.0230158478079157	0.021359245156822432	0.020069918730227492	0.12994151655209632	0.022353084174031125	0.1757340838011157	0.019530028616125954
simple	0.15974667297574377	0.010752611245716807	0.31451985913875646	0.09094354640184565	0.005012010485328694	0.00339529397342174	0.008700899108652956	0.013068412034727925	0.0029363102899050775	0.008610214288305999	0.00632594599486982	0.007869128643355481	0.007251917397126818	0.0044199062080623915	0.012023477223425531	0.011989904375514306	0.009281075500084194	0.011626941186679039	0.008673717983134821	0.010497986311789678	0.01650841419156922	0.003157147894377782	0.003171495029521068	0.013115411594053118	0.006329104547494507	0.01232152151506645	0.0080806325576457	0.0230158478079157	1.0	0.0051394197312263	0.0112305737791129	0.0627473566954688	0.0060848746571426	0.14794976728674605	0.011858368394445413
sr	0.15331120368114	0.008288671226230048	0.2989350844248255	0.11628796611075475	0.005981441319869228	0.003002616813702837	0.005932291047156881	0.008510110941450393	0.0029109515744676117	0.006946764444148238	0.0054151914800389	0.006179696202781661	0.0057868033461665564	0.004092393901478527	0.007468622168516465	0.006736857066126388	0.0058857346686805425	0.010950566791869159	0.006660146024967144	0.008618352577207285	0.01754647124022743	0.0028643875751810286	0.002908687287587228	0.007704457655539661	0.005490212268327532	0.007328505776998492	0.0059796628628905266	0.021359245156822432	0.0051394197312263	1.0	0.006770941185171953	0.07404274039192836	0.004984548016301563	0.3203772410170407	0.006661673574412507
sv	0.09349812130783444	0.012202148382470029	0.28989794855663564	0.053214665986731045	0.004651442183046264	0.0038942890870096772	0.011947865289416966	0.00670643047133338	0.0034002018742774875	0.009678662284619832	0.007950573144351552	0.010727290517165824	0.00997569988931066	0.004655443642841159	0.009212721997481447	0.010964743424462815	0.012149532819325105	0.008265496245594283	0.01395634042224092	0.011802479658215072	0.015652112590039794	0.003588976640481516	0.0035900727326682895	0.009530638273837497	0.00586794456121105	0.008895428959555432	0.011742654760394707	0.020069918730227492	0.0112305737791129	0.006770941185171953	1.0	0.01873082583935198	0.0077395604547823675	0.1332650125085627	0.01195626159877438
te	0.38742588672279304	0.11619909846829495	0.4364916731037085	0.2008390199171533	0.09674036644268627	0.05950561592166696	0.0546002136197128	0.01472048539963544	0.05746723681662957	0.03778488466826245	0.04791345538869572	0.041968606389237315	0.0543141891310223	0.06332645799530322	0.019525216381022968	0.018014254982966098	0.05045627421357233	0.09965581335570424	0.06330907728314704	0.05056252609216227	0.05182600982781238	0.060880431916023096	0.060175991183667274	0.0227075690232933	0.0771916093502257	0.015299823412935027	0.049330898880220936	0.12994151655209632	0.0627473566954688	0.07404274039192836	0.01873082583935198	1.0	0.062077623030229574	0.2674788903885893	0.01235412477417112
vi	0.14794976728674608	0.009413112566384265	0.3266316347104093	0.11637704693894593	0.0058477224283286396	0.0030440904994317383	0.006629834545704399	0.010413622051258002	0.002751549502875248	0.008395996912868669	0.0055076726997863425	0.006012411812488116	0.0065509709432681916	0.0043611440474963644	0.010070994273282256	0.008867184690977234	0.007048179843388197	0.009155373027616903	0.00700377429264613	0.008484097430134532	0.015469277317344545	0.003103726225911764	0.0030744594283270933	0.009850693718377067	0.005783671202316833	0.009999374718527571	0.006423729595728957	0.022353084174031125	0.0060848746571426	0.004984548016301563	0.0077395604547823675	0.062077623030229574	1.0	0.18274399763155683	0.008611141280470924
war	0.44948974278317805	0.11519216806670013	0.3266316347104093	0.38742588672279304	0.2632403810669918	0.28172904669025317	0.18660549686337075	0.21604850763119507	0.30552726787943424	0.24179033438163736	0.2204812092115424	0.21822796141133347	0.23166247903554	0.34833147735478825	0.16265941452915686	0.15082329980793807	0.1896812679802183	0.21822796141133347	0.12320764454039637	0.12809248424016279	0.08824576037717174	0.38742588672279304	0.27195617308673004	0.16240307747230665	0.19204411937679794	0.12293434053496569	0.1467614860213248	0.1757340838011157	0.14794976728674605	0.3203772410170407	0.1332650125085627	0.2674788903885893	0.18274399763155683	1.0	0.06954543910258232
zh	0.06744818077748588	0.01610117547563336	0.30383243470068705	0.01576079571386817	0.004280950104913336	0.003786478555248339	0.014364654346076706	0.008546457982460589	0.0031825603656127767	0.00961269620413161	0.007120424515504594	0.010960528326947381	0.011681397560092878	0.004878820870958728	0.00988966002668093	0.011695446795669705	0.012968578714140934	0.008519483982295243	0.021452986464623163	0.014807532017916677	0.021388827026204937	0.0036209920443428835	0.003545744154057451	0.009779814027987124	0.006165898530703783	0.011503456813368498	0.011374626179637496	0.019530028616125954	0.011858368394445413	0.006661673574412507	0.01195626159877438	0.01235412477417112	0.008611141280470924	0.06954543910258232	1.0
