arz	bs	ceb	ckb	da	de	el	en	es	fr	he	hi	hu	id	it	ja	ko	lv	mk	ml	mr	nl	pl	pt	ro	ru	sh	si	simple	sr	sv	te	vi	war	zh
arz	1.0	0.0	0.0	0.0	1.0	1.0	0.0	1.0	1.0	1.0	1.0	0.0	1.0	1.0	1.0	1.0	1.0	0.0	1.0	0.0	0.0	1.0	1.0	1.0	1.0	1.0	0.0	0.0	1.0	0.0	1.0	0.0	1.0	0.0	1.0
bs	0.0	1.0	0.0	1.0	1.0	1.0	1.0	0.585786437626905	1.0	1.0	1.0	1.0	1.0	1.0	1.0	1.0	1.0	1.0	1.0	1.0	0.0	1.0	1.0	1.0	0.0	1.0	1.0	0.0	1.0	1.0	1.0	0.0	1.0	0.0	1.0
ceb	0.0	0.0	1.0	0.0	1.0	1.0	0.0	1.0	1.0	1.0	1.0	0.0	0.0	1.0	1.0	1.0	1.0	1.0	1.0	1.0	0.0	1.0	0.585786437626905	1.0	1.0	1.0	0.0	0.0	1.0	1.0	1.0	0.0	1.0	0.0	1.0
ckb	0.0	1.0	0.0	1.0	1.0	1.0	1.0	0.5	1.0	1.0	1.0	1.0	1.0	1.0	1.0	1.0	1.0	1.0	1.0	1.0	0.0	1.0	1.0	1.0	0.0	1.0	0.0	0.0	1.0	1.0	1.0	0.0	1.0	0.0	1.0
da	1.0	1.0	1.0	1.0	1.0	0.17227977819471055	1.0	0.05075220223970095	0.3726822671238253	0.21498516621900873	1.0	1.0	0.5	0.26533119314590375	0.06798379880423851	0.39564392373896007	1.0	1.0	0.4142135623730951	1.0	0.0	0.16202097927744855	0.23874775399470893	0.20041808276169437	1.0	0.3090169943749474	1.0	0.0	1.0	1.0	0.055530224519089344	0.0	1.0	1.0	0.585786437626905
de	1.0	1.0	1.0	1.0	0.17227977819471055	1.0	0.3090169943749474	0.006415353044176156	0.08040059077908678	0.009049124176356473	0.5	1.0	0.09739349822872652	0.04081956274078101	0.011748989097152503	0.13100580420257674	0.3090169943749474	1.0	0.44948974278317805	1.0	0.0	0.012738454035287604	0.019481547864333225	0.017257131289236206	0.44948974278317805	0.015765183469937716	0.3203772410170407	0.0	0.23441237831492112	0.585786437626905	0.021449069041895755	0.0	1.0	1.0	0.179128784747792
el	0.0	1.0	0.0	1.0	1.0	0.3090169943749474	1.0	0.01838781849680523	0.585786437626905	0.19292728076790167	1.0	1.0	0.3660254037844386	0.3430703308172536	0.03462699351871343	1.0	1.0	1.0	1.0	1.0	0.0	0.3430703308172536	0.1809073112342927	0.09633139677755011	0.585786437626905	1.0	1.0	0.0	1.0	1.0	0.22584440001865322	0.0	1.0	1.0	1.0
en	1.0	0.585786437626905	1.0	0.5	0.05075220223970095	0.006415353044176156	0.01838781849680523	1.0	0.005486452966762511	0.020695026456942846	0.05941646873495158	0.2958163163244893	0.029474791553008643	0.03091216130103083	0.03151244907455294	0.007771596435558936	0.016504300749791104	0.5	0.022413159680314088	0.4364916731037085	1.0	0.011676901274352348	0.019457845266541908	0.03144182862310508	0.1404139858610594	0.00408011091603026	0.1467614860213248	1.0	0.05621788724994114	0.13777278039754226	0.030011155628286268	0.0	0.05068610161982984	1.0	0.006209768348583974
es	1.0	1.0	1.0	1.0	0.3726822671238253	0.08040059077908678	0.585786437626905	0.005486452966762511	1.0	0.009250671010886875	1.0	1.0	0.11711263137789422	0.05423558967692237	0.01230082449326122	0.25728427444747215	0.5	1.0	0.4142135623730951	1.0	0.0	0.040156168392301725	0.04177072894200554	0.012585956433751365	0.44948974278317805	0.12809248424016279	0.44948974278317805	0.0	0.2989350844248255	0.5	0.030002051416915986	0.0	1.0	1.0	0.3090169943749474
fr	1.0	1.0	1.0	1.0	0.21498516621900873	0.009049124176356473	0.19292728076790167	0.020695026456942846	0.009250671010886875	1.0	0.14484369890102808	0.585786437626905	0.09222272161950718	0.04019517566297744	0.0186574546322862	0.013788243670659292	0.1380262631157473	0.36602540378443865	0.16139047779640892	0.585786437626905	0.0	0.013455164429933853	0.016146777175249497	0.01594991527842288	0.24336073281110826	0.006664228463850919	0.26533119314590375	1.0	0.21712927295533244	0.3333333333333333	0.030271948365530255	1.0	0.3090169943749474	1.0	0.02709231416190353
he	1.0	1.0	1.0	1.0	1.0	0.5	1.0	0.05941646873495158	1.0	0.14484369890102808	1.0	1.0	0.44948974278317805	0.38742588672279304	0.06098285398062309	1.0	1.0	1.0	1.0	1.0	0.0	0.3090169943749474	0.2958163163244893	0.18660549686337075	0.5	1.0	1.0	0.0	1.0	1.0	0.16587901066821226	0.0	1.0	1.0	1.0
hi	0.0	1.0	0.0	1.0	1.0	1.0	1.0	0.2958163163244893	1.0	0.585786437626905	1.0	1.0	1.0	1.0	0.23329952500316292	1.0	1.0	1.0	1.0	1.0	1.0	0.585786437626905	0.5	0.4142135623730951	1.0	1.0	1.0	0.0	1.0	1.0	0.585786437626905	1.0	1.0	1.0	1.0
hu	1.0	1.0	0.0	1.0	0.5	0.09739349822872652	0.3660254037844386	0.029474791553008643	0.11711263137789422	0.09222272161950718	0.44948974278317805	1.0	1.0	0.40453726661826384	0.03887814183739111	0.1842574582922436	0.32449979983983984	0.585786437626905	0.36602540378443865	1.0	0.0	0.14836525686118301	0.17826035697019474	0.1370355991881696	1.0	0.09708231133180277	0.44948974278317805	0.0	0.44948974278317805	1.0	0.14563724729671734	0.0	0.5	1.0	0.2402530733520421
id	1.0	1.0	1.0	1.0	0.26533119314590375	0.04081956274078101	0.3430703308172536	0.03091216130103083	0.05423558967692237	0.04019517566297744	0.38742588672279304	1.0	0.40453726661826384	1.0	0.05131263492559558	0.10018572037914208	0.08410172374191824	1.0	0.29429805508554946	1.0	0.0	0.04805147974427457	0.07220166053409421	0.06731273093507455	0.5	0.03440938774347128	1.0	1.0	0.585786437626905	1.0	0.1701447502976413	0.0	0.28436465220442186	1.0	0.06927592669941171
it	1.0	1.0	1.0	1.0	0.06798379880423851	0.011748989097152503	0.03462699351871343	0.03151244907455294	0.01230082449326122	0.0186574546322862	0.06098285398062309	0.23329952500316292	0.03887814183739111	0.05131263492559558	1.0	0.017985591762214734	0.03524863333226617	0.27429188517743175	0.05193788902639198	1.0	0.0	0.015343578089924002	0.018251658225980377	0.03205907236881134	0.09984744326821127	0.009785700934389473	0.09004392055084172	1.0	0.07456886825739897	0.08088843303933727	0.0386566419948815	0.0	0.0949871727323499	1.0	0.021267989988358816
ja	1.0	1.0	1.0	1.0	0.39564392373896007	0.13100580420257674	1.0	0.007771596435558936	0.25728427444747215	0.013788243670659292	1.0	1.0	0.1842574582922436	0.10018572037914208	0.017985591762214734	1.0	1.0	1.0	1.0	1.0	0.0	0.07744397572921136	0.06138539492627972	0.024987627062800312	0.5	1.0	0.5	0.0	0.3090169943749474	1.0	0.03150265671753229	1.0	1.0	1.0	0.585786437626905
ko	1.0	1.0	1.0	1.0	1.0	0.3090169943749474	1.0	0.016504300749791104	0.5	0.1380262631157473	1.0	1.0	0.32449979983983984	0.08410172374191824	0.03524863333226617	1.0	1.0	1.0	1.0	1.0	0.0	0.1774053291584318	0.1680743603534397	0.09382224609216946	0.585786437626905	1.0	1.0	0.0	0.353889367864523	1.0	0.15402579489467522	0.0	1.0	1.0	1.0
lv	0.0	1.0	1.0	1.0	1.0	1.0	1.0	0.5	1.0	0.36602540378443865	1.0	1.0	0.585786437626905	1.0	0.27429188517743175	1.0	1.0	1.0	1.0	1.0	0.0	1.0	0.5	0.585786437626905	1.0	1.0	1.0	0.0	1.0	1.0	0.28989794855663564	0.0	1.0	1.0	1.0
mk	1.0	1.0	1.0	1.0	0.4142135623730951	0.44948974278317805	1.0	0.022413159680314088	0.4142135623730951	0.16139047779640892	1.0	1.0	0.36602540378443865	0.29429805508554946	0.05193788902639198	1.0	1.0	1.0	1.0	1.0	0.0	0.20521309615767264	0.1505069098623927	0.22966848451216434	1.0	1.0	0.44948974278317805	0.0	1.0	1.0	0.1827439976315568	0.0	1.0	1.0	1.0
ml	0.0	1.0	1.0	1.0	1.0	1.0	1.0	0.4364916731037085	1.0	0.585786437626905	1.0	1.0	1.0	1.0	1.0	1.0	1.0	1.0	1.0	1.0	0.0	1.0	1.0	1.0	1.0	1.0	1.0	0.0	1.0	1.0	0.585786437626905	0.0	1.0	1.0	1.0
mr	0.0	0.0	0.0	0.0	0.0	0.0	0.0	1.0	0.0	0.0	0.0	1.0	0.0	0.0	0.0	0.0	0.0	0.0	0.0	0.0	1.0	0.0	0.0	0.0	0.0	0.0	0.0	0.0	0.0	0.0	0.0	0.0	0.0	0.0	0.0
nl	1.0	1.0	1.0	1.0	0.16202097927744855	0.012738454035287604	0.3430703308172536	0.011676901274352348	0.040156168392301725	0.013455164429933853	0.3090169943749474	0.585786437626905	0.14836525686118301	0.04805147974427457	0.015343578089924002	0.07744397572921136	0.1774053291584318	1.0	0.20521309615767264	1.0	0.0	1.0	0.03226782277803376	0.038011794270266346	0.38742588672279304	0.023726570800409477	0.2958163163244893	0.0	0.27429188517743175	0.4142135623730951	0.031164670412926757	0.0	0.30216947925196225	1.0	0.04744429351604652
pl	1.0	1.0	0.585786437626905	1.0	0.23874775399470893	0.019481547864333225	0.1809073112342927	0.019457845266541908	0.04177072894200554	0.016146777175249497	0.2958163163244893	0.5	0.17826035697019474	0.07220166053409421	0.018251658225980377	0.06138539492627972	0.1680743603534397	0.5	0.1505069098623927	1.0	0.0	0.03226782277803376	1.0	0.026522067889218445	0.26968623182294527	0.01324401936709032	0.2449655295864104	0.0	0.26968623182294527	0.3333333333333333	0.03558272598085579	1.0	0.3660254037844386	1.0	0.13423167976942954
pt	1.0	1.0	1.0	1.0	0.20041808276169437	0.017257131289236206	0.09633139677755011	0.03144182862310508	0.012585956433751365	0.01594991527842288	0.18660549686337075	0.4142135623730951	0.1370355991881696	0.06731273093507455	0.03205907236881134	0.024987627062800312	0.09382224609216946	0.585786437626905	0.22966848451216434	1.0	0.0	0.038011794270266346	0.026522067889218445	1.0	0.34833147735478825	0.012035752440566068	0.27429188517743175	0.0	0.18202870639518687	0.4364916731037085	0.032742235356972946	0.0	0.26968623182294527	1.0	0.04790065320947635
ro	1.0	0.0	1.0	0.0	1.0	0.44948974278317805	0.585786437626905	0.1404139858610594	0.44948974278317805	0.24336073281110826	0.5	1.0	1.0	0.5	0.09984744326821127	0.5	0.585786437626905	1.0	1.0	1.0	0.0	0.38742588672279304	0.26968623182294527	0.34833147735478825	1.0	0.44948974278317805	0.5	0.0	1.0	0.585786437626905	0.27429188517743175	0.0	1.0	1.0	0.5
ru	1.0	1.0	1.0	1.0	0.3090169943749474	0.015765183469937716	1.0	0.00408011091603026	0.12809248424016279	0.006664228463850919	1.0	1.0	0.09708231133180277	0.03440938774347128	0.009785700934389473	1.0	1.0	1.0	1.0	1.0	0.0	0.023726570800409477	0.01324401936709032	0.012035752440566068	0.44948974278317805	1.0	0.3660254037844386	1.0	0.3660254037844386	1.0	0.021942952351757944	1.0	1.0	1.0	1.0
sh	0.0	1.0	0.0	0.0	1.0	0.3203772410170407	1.0	0.1467614860213248	0.44948974278317805	0.26533119314590375	1.0	1.0	0.44948974278317805	1.0	0.09004392055084172	0.5	1.0	1.0	0.44948974278317805	1.0	0.0	0.2958163163244893	0.2449655295864104	0.27429188517743175	0.5	0.3660254037844386	1.0	0.0	1.0	0.44948974278317805	0.32037724101704074	0.0	1.0	1.0	0.4142135623730951
si	0.0	0.0	0.0	0.0	0.0	0.0	0.0	1.0	0.0	1.0	0.0	0.0	0.0	1.0	1.0	0.0	0.0	0.0	0.0	0.0	0.0	0.0	0.0	0.0	0.0	1.0	0.0	1.0	0.0	0.0	1.0	0.0	0.0	0.0	0.0
simple	1.0	1.0	1.0	1.0	1.0	0.23441237831492112	1.0	0.05621788724994114	0.2989350844248255	0.21712927295533244	1.0	1.0	0.44948974278317805	0.585786437626905	0.07456886825739897	0.3090169943749474	0.353889367864523	1.0	1.0	1.0	0.0	0.27429188517743175	0.26968623182294527	0.18202870639518687	1.0	0.3660254037844386	1.0	0.0	1.0	1.0	0.2815429907304882	0.0	1.0	0.0	0.44948974278317805
sr	0.0	1.0	1.0	1.0	1.0	0.585786437626905	1.0	0.13777278039754226	0.5	0.3333333333333333	1.0	1.0	1.0	1.0	0.08088843303933727	1.0	1.0	1.0	1.0	1.0	0.0	0.4142135623730951	0.3333333333333333	0.4364916731037085	0.585786437626905	1.0	0.44948974278317805	0.0	1.0	1.0	0.36602540378443865	0.0	1.0	1.0	1.0
sv	1.0	1.0	1.0	1.0	0.055530224519089344	0.021449069041895755	0.22584440001865322	0.030011155628286268	0.030002051416915986	0.030271948365530255	0.16587901066821226	0.585786437626905	0.14563724729671734	0.1701447502976413	0.0386566419948815	0.03150265671753229	0.15402579489467522	0.28989794855663564	0.1827439976315568	0.585786437626905	0.0	0.031164670412926757	0.03558272598085579	0.032742235356972946	0.27429188517743175	0.021942952351757944	0.32037724101704074	1.0	0.2815429907304882	0.36602540378443865	1.0	0.0	0.3430703308172536	1.0	0.050178089053054535
te	0.0	0.0	0.0	0.0	0.0	0.0	0.0	0.0	0.0	1.0	0.0	1.0	0.0	0.0	0.0	1.0	0.0	0.0	0.0	0.0	0.0	0.0	1.0	0.0	0.0	1.0	0.0	0.0	0.0	0.0	0.0	1.0	0.0	0.0	0.0
vi	1.0	1.0	1.0	1.0	1.0	1.0	1.0	0.05068610161982984	1.0	0.3090169943749474	1.0	1.0	0.5	0.28436465220442186	0.0949871727323499	1.0	1.0	1.0	1.0	1.0	0.0	0.30216947925196225	0.3660254037844386	0.26968623182294527	1.0	1.0	1.0	0.0	1.0	1.0	0.3430703308172536	0.0	1.0	1.0	1.0
war	0.0	0.0	0.0	0.0	1.0	1.0	1.0	1.0	1.0	1.0	1.0	1.0	1.0	1.0	1.0	1.0	1.0	1.0	1.0	1.0	0.0	1.0	1.0	1.0	1.0	1.0	1.0	0.0	0.0	1.0	1.0	0.0	1.0	1.0	1.0
zh	1.0	1.0	1.0	1.0	0.585786437626905	0.179128784747792	1.0	0.006209768348583974	0.3090169943749474	0.02709231416190353	1.0	1.0	0.2402530733520421	0.06927592669941171	0.021267989988358816	0.585786437626905	1.0	1.0	1.0	1.0	0.0	0.04744429351604652	0.13423167976942954	0.04790065320947635	0.5	1.0	0.4142135623730951	0.0	0.44948974278317805	1.0	0.050178089053054535	0.0	1.0	1.0	1.0
