arz	bs	ceb	ckb	da	de	el	en	es	fr	he	hi	hu	id	it	ja	ko	lv	mk	ml	mr	nl	pl	pt	ro	ru	sh	si	simple	sr	sv	te	vi	war	zh
arz	1.0	0.0	0.0	0.0	1.0	1.0	0.0	1.0	1.0	1.0	1.0	0.0	1.0	1.0	1.0	1.0	1.0	0.0	1.0	0.0	0.0	1.0	1.0	1.0	1.0	1.0	0.0	0.0	1.0	0.0	1.0	0.0	1.0	0.0	1.0
bs	0.0	1.0	0.0	1.0	1.0	1.0	1.0	0.7584325078215763	1.0	1.0	1.0	1.0	1.0	1.0	0.5020797777427737	1.0	1.0	1.0	1.0	1.0	0.0	1.0	1.0	1.0	0.0	1.0	1.0	0.0	1.0	1.0	1.0	0.0	1.0	0.0	1.0
ceb	0.0	0.0	1.0	0.0	1.0	1.0	0.0	1.0	1.0	1.0	1.0	0.0	0.0	1.0	1.0	1.0	1.0	1.0	1.0	1.0	0.0	1.0	0.7863954451402115	1.0	1.0	1.0	0.0	0.0	1.0	1.0	1.0	0.0	1.0	0.0	1.0
ckb	0.0	1.0	0.0	1.0	1.0	1.0	1.0	0.6841174893561723	1.0	1.0	1.0	1.0	1.0	1.0	1.0	1.0	1.0	1.0	1.0	1.0	0.0	1.0	1.0	1.0	0.0	1.0	0.0	0.0	1.0	1.0	1.0	0.0	1.0	0.0	1.0
da	1.0	1.0	1.0	1.0	1.0	0.34934980117229214	1.0	0.2288806335978817	0.5281470548227946	0.43883375934576635	1.0	1.0	0.6994017365373274	0.46348452272997737	0.3370007888852883	0.5716981509095984	1.0	1.0	0.5982000748211033	1.0	0.0	0.32104603363307366	0.4281204803388265	0.4522763557563115	1.0	0.5136658929876047	1.0	0.0	1.0	1.0	0.23378957478514345	0.0	1.0	1.0	0.7221793916855703
de	1.0	1.0	1.0	1.0	0.34934980117229214	1.0	0.48717295232550617	0.09239680926656567	0.20795975787266766	0.11494499067899014	0.6452450558286369	1.0	0.2461445494787335	0.17428594271563258	0.18995190844690266	0.2762061739735434	0.47659263823237197	1.0	0.5932464233149596	1.0	0.0	0.11436413483120601	0.16487410526222493	0.16400257785665817	0.5978465182276975	0.12315196503683898	0.4840968673603866	0.0	0.33012447285739405	0.7179915061657697	0.18158968022710759	0.0	1.0	1.0	0.3568587926606145
el	0.0	1.0	0.0	1.0	1.0	0.48717295232550617	1.0	0.2016458420673736	0.7051132249825859	0.37881480071220996	1.0	1.0	0.5368759443448842	0.5685180774128831	0.3062100859371529	1.0	1.0	1.0	1.0	1.0	0.0	0.5226807899354994	0.3635290558728118	0.3430077308402135	0.7510341748895939	1.0	1.0	0.0	1.0	1.0	0.44556145559823446	0.0	1.0	1.0	1.0
en	1.0	0.7584325078215763	1.0	0.6841174893561723	0.2288806335978817	0.09239680926656567	0.2016458420673736	1.0	0.13239962808305136	0.1001723623602428	0.2643425171942095	0.4923519769580259	0.15015359529449135	0.16097064927693996	0.14924138601549444	0.17027891941156956	0.20154825059719847	0.6216387126951446	0.2065165179356185	0.6161562425375515	0.5660160774121898	0.10225829134225402	0.12256725818240528	0.12171472036427829	0.3602518918631754	0.15324734340069865	0.3403505430527201	1.0	0.2290822580413511	0.2589022426226635	0.13615763823897187	0.0	0.27144877004998114	1.0	0.16729999870760057
es	1.0	1.0	1.0	1.0	0.5281470548227946	0.20795975787266766	0.7051132249825859	0.13239962808305136	1.0	0.13221223589542613	1.0	1.0	0.3280896056797383	0.20992234422171838	0.23072240811126005	0.40892275614803975	0.631819049930899	1.0	0.6151258053192913	1.0	0.0	0.18508961494573592	0.17568246653967431	0.15283998528056209	0.59862929599179	0.25588692786412803	0.6193113617177751	0.0	0.36520712603085825	0.7744097047377118	0.2253054478597044	0.0	1.0	1.0	0.455560013975511
fr	1.0	1.0	1.0	1.0	0.43883375934576635	0.11494499067899014	0.37881480071220996	0.1001723623602428	0.13221223589542613	1.0	0.3505559107175332	0.7322034805959263	0.22040940906871595	0.18342304271260002	0.12933955245656648	0.15082442206622115	0.34203959122848765	0.5831180815426569	0.21368659839585372	0.7510341748895938	0.0	0.11397226476808392	0.11496835534428655	0.14349007451434914	0.41166922953123325	0.1287045812053183	0.4975605542762923	1.0	0.360164643119354	0.5029629516846241	0.16723088010608922	1.0	0.4568788270134714	1.0	0.17809897604839348
he	1.0	1.0	1.0	1.0	1.0	0.6452450558286369	1.0	0.2643425171942095	1.0	0.3505559107175332	1.0	1.0	0.6585785515191102	0.33033499532963906	0.2876130924376026	1.0	1.0	1.0	1.0	1.0	0.0	0.5311336304434713	0.4986002760061943	0.29378790517093384	0.6994017365373274	1.0	1.0	0.0	1.0	1.0	0.35740812308614245	0.0	1.0	1.0	1.0
hi	0.0	1.0	0.0	1.0	1.0	1.0	1.0	0.4923519769580259	1.0	0.7322034805959263	1.0	1.0	1.0	0.44930756545688116	0.30231929198433455	1.0	1.0	1.0	1.0	1.0	1.0	0.7510341748895939	0.6841174893561723	0.6241295092803865	1.0	1.0	1.0	0.0	1.0	1.0	0.7376607345031153	1.0	1.0	1.0	1.0
hu	1.0	1.0	0.0	1.0	0.6994017365373274	0.2461445494787335	0.5368759443448842	0.15015359529449135	0.3280896056797383	0.22040940906871595	0.6585785515191102	1.0	1.0	0.3057108396234277	0.23355545641815995	0.30870686659567187	0.5496179653036555	0.7510341748895938	0.5649879395951223	1.0	0.0	0.2978302798625226	0.33789647839508674	0.32179517442092437	1.0	0.30458805539876527	0.6149006977912083	0.0	0.627497033516281	1.0	0.2977334392206437	0.0	0.6908587525207898	1.0	0.47801977953219094
id	1.0	1.0	1.0	1.0	0.46348452272997737	0.17428594271563258	0.5685180774128831	0.16097064927693996	0.20992234422171838	0.18342304271260002	0.33033499532963906	0.44930756545688116	0.3057108396234277	1.0	0.2380420048854986	0.22793405263875183	0.21168061012115735	1.0	0.2913615577956332	1.0	0.0	0.20727342249427694	0.2016846715691104	0.1862005253611875	0.660489913725291	0.19485496538310404	0.41691170415342604	1.0	0.3113394214606653	1.0	0.3350300231118728	0.0	0.24188063116956382	1.0	0.20191819458070476
it	1.0	0.5020797777427737	1.0	1.0	0.3370007888852883	0.18995190844690266	0.3062100859371529	0.14924138601549444	0.23072240811126005	0.12933955245656648	0.2876130924376026	0.30231929198433455	0.23355545641815995	0.2380420048854986	1.0	0.2930244887061683	0.2813763325368474	0.2976774400831023	0.3386724640069685	0.44930756545688116	0.0	0.1562739445489744	0.16882829479628383	0.16019509471136434	0.43409939058214553	0.2605667691261704	0.33140173819220864	1.0	0.30041969517993045	0.4248027069957069	0.20424131848637944	0.0	0.4242833074730191	1.0	0.253760503575085
ja	1.0	1.0	1.0	1.0	0.5716981509095984	0.2762061739735434	1.0	0.17027891941156956	0.40892275614803975	0.15082442206622115	1.0	1.0	0.30870686659567187	0.22793405263875183	0.2930244887061683	1.0	1.0	1.0	1.0	1.0	0.0	0.2120807290878133	0.23914521718304174	0.1691016938025976	0.661251134120194	1.0	0.6501445840862392	0.0	0.37542036392999845	1.0	0.20543419805426927	1.0	1.0	1.0	0.6970944785904607
ko	1.0	1.0	1.0	1.0	1.0	0.47659263823237197	1.0	0.20154825059719847	0.631819049930899	0.34203959122848765	1.0	1.0	0.5496179653036555	0.21168061012115735	0.2813763325368474	1.0	1.0	1.0	1.0	1.0	0.0	0.3097029612381879	0.35441184876876075	0.3006220617007954	0.7347168825662656	1.0	1.0	0.0	0.5075157255948106	1.0	0.36582826873157676	0.0	1.0	1.0	1.0
lv	0.0	1.0	1.0	1.0	1.0	1.0	1.0	0.6216387126951446	1.0	0.5831180815426569	1.0	1.0	0.7510341748895938	1.0	0.2976774400831023	1.0	1.0	1.0	1.0	1.0	0.0	1.0	0.6786291688147437	0.7376607345031153	1.0	1.0	1.0	0.0	1.0	1.0	0.5274122423130284	0.0	1.0	1.0	1.0
mk	1.0	1.0	1.0	1.0	0.5982000748211033	0.5932464233149596	1.0	0.2065165179356185	0.6151258053192913	0.21368659839585372	1.0	1.0	0.5649879395951223	0.2913615577956332	0.3386724640069685	1.0	1.0	1.0	1.0	1.0	0.0	0.35809456144848356	0.34257733920491956	0.49596462769101657	1.0	1.0	0.5973484481370076	0.0	1.0	1.0	0.4061328915573754	0.0	1.0	1.0	1.0
ml	0.0	1.0	1.0	1.0	1.0	1.0	1.0	0.6161562425375515	1.0	0.7510341748895938	1.0	1.0	1.0	1.0	0.44930756545688116	1.0	1.0	1.0	1.0	1.0	0.0	1.0	1.0	1.0	1.0	1.0	1.0	0.0	1.0	1.0	0.7584325078215763	0.0	1.0	1.0	1.0
mr	0.0	0.0	0.0	0.0	0.0	0.0	0.0	0.5660160774121898	0.0	0.0	0.0	1.0	0.0	0.0	0.0	0.0	0.0	0.0	0.0	0.0	1.0	0.0	0.0	0.0	0.0	0.0	0.0	0.0	0.0	0.0	0.0	0.0	0.0	0.0	0.0
nl	1.0	1.0	1.0	1.0	0.32104603363307366	0.11436413483120601	0.5226807899354994	0.10225829134225402	0.18508961494573592	0.11397226476808392	0.5311336304434713	0.7510341748895939	0.2978302798625226	0.20727342249427694	0.1562739445489744	0.2120807290878133	0.3097029612381879	1.0	0.35809456144848356	1.0	0.0	1.0	0.14658332783535324	0.171714612829778	0.539917522349216	0.1539710387829046	0.35977044015129617	0.0	0.30649073080884576	0.5672595898114168	0.20274501202995698	0.0	0.3554101560625866	1.0	0.18381805199486742
pl	1.0	1.0	0.7863954451402115	1.0	0.4281204803388265	0.16487410526222493	0.3635290558728118	0.12256725818240528	0.17568246653967431	0.11496835534428655	0.4986002760061943	0.6841174893561723	0.33789647839508674	0.2016846715691104	0.16882829479628383	0.23914521718304174	0.35441184876876075	0.6786291688147437	0.34257733920491956	1.0	0.0	0.14658332783535324	1.0	0.1651945758865586	0.30350681218622577	0.16245720988268905	0.450617336416076	0.0	0.2903778598693214	0.5593758731212701	0.2013883038847549	1.0	0.3816472353992007	1.0	0.27804668720493897
pt	1.0	1.0	1.0	1.0	0.4522763557563115	0.16400257785665817	0.3430077308402135	0.12171472036427829	0.15283998528056209	0.14349007451434914	0.29378790517093384	0.6241295092803865	0.32179517442092437	0.1862005253611875	0.16019509471136434	0.1691016938025976	0.3006220617007954	0.7376607345031153	0.49596462769101657	1.0	0.0	0.171714612829778	0.1651945758865586	1.0	0.556942998771099	0.16277283440152296	0.32675785771871846	0.0	0.4463002722660793	0.6030419283415577	0.19319806326576772	0.0	0.47587701968974816	1.0	0.2322714538537128
ro	1.0	0.0	1.0	0.0	1.0	0.5978465182276975	0.7510341748895939	0.3602518918631754	0.59862929599179	0.41166922953123325	0.6994017365373274	1.0	1.0	0.660489913725291	0.43409939058214553	0.661251134120194	0.7347168825662656	1.0	1.0	1.0	0.0	0.539917522349216	0.30350681218622577	0.556942998771099	1.0	0.6084370696808219	0.6640237664404941	0.0	1.0	0.7455134344225701	0.5324519708890824	0.0	1.0	1.0	0.6701591524560107
ru	1.0	1.0	1.0	1.0	0.5136658929876047	0.12315196503683898	1.0	0.15324734340069865	0.25588692786412803	0.1287045812053183	1.0	1.0	0.30458805539876527	0.19485496538310404	0.2605667691261704	1.0	1.0	1.0	1.0	1.0	0.0	0.1539710387829046	0.16245720988268905	0.16277283440152296	0.6084370696808219	1.0	0.5376480694352547	1.0	0.3698641182419943	1.0	0.22332483076645557	1.0	1.0	1.0	1.0
sh	0.0	1.0	0.0	0.0	1.0	0.4840968673603866	1.0	0.3403505430527201	0.6193113617177751	0.4975605542762923	1.0	1.0	0.6149006977912083	0.41691170415342604	0.33140173819220864	0.6501445840862392	1.0	1.0	0.5973484481370076	1.0	0.0	0.35977044015129617	0.450617336416076	0.32675785771871846	0.6640237664404941	0.5376480694352547	1.0	0.0	0.41691170415342604	0.593659722556896	0.5081965784620324	0.0	1.0	1.0	0.5615807088367776
si	0.0	0.0	0.0	0.0	0.0	0.0	0.0	1.0	0.0	1.0	0.0	0.0	0.0	1.0	1.0	0.0	0.0	0.0	0.0	0.0	0.0	0.0	0.0	0.0	0.0	1.0	0.0	1.0	0.0	0.0	1.0	0.0	0.0	0.0	0.0
simple	1.0	1.0	1.0	1.0	1.0	0.33012447285739405	1.0	0.2290822580413511	0.36520712603085825	0.360164643119354	1.0	1.0	0.627497033516281	0.3113394214606653	0.30041969517993045	0.37542036392999845	0.5075157255948106	1.0	1.0	1.0	0.0	0.30649073080884576	0.2903778598693214	0.4463002722660793	1.0	0.3698641182419943	0.41691170415342604	0.0	1.0	1.0	0.3403212727882057	0.0	0.4010555046174902	0.0	0.5828763145002701
sr	0.0	1.0	1.0	1.0	1.0	0.7179915061657697	1.0	0.2589022426226635	0.7744097047377118	0.5029629516846241	1.0	1.0	1.0	1.0	0.4248027069957069	1.0	1.0	1.0	1.0	1.0	0.0	0.5672595898114168	0.5593758731212701	0.6030419283415577	0.7455134344225701	1.0	0.593659722556896	0.0	1.0	1.0	0.3121279305312175	0.0	1.0	1.0	1.0
sv	1.0	1.0	1.0	1.0	0.23378957478514345	0.18158968022710759	0.44556145559823446	0.13615763823897187	0.2253054478597044	0.16723088010608922	0.35740812308614245	0.7376607345031153	0.2977334392206437	0.3350300231118728	0.20424131848637944	0.20543419805426927	0.36582826873157676	0.5274122423130284	0.4061328915573754	0.7584325078215763	0.0	0.20274501202995698	0.2013883038847549	0.19319806326576772	0.5324519708890824	0.22332483076645557	0.5081965784620324	1.0	0.3403212727882057	0.3121279305312175	1.0	0.0	0.5293017193226109	1.0	0.29381423720109706
te	0.0	0.0	0.0	0.0	0.0	0.0	0.0	0.0	0.0	1.0	0.0	1.0	0.0	0.0	0.0	1.0	0.0	0.0	0.0	0.0	0.0	0.0	1.0	0.0	0.0	1.0	0.0	0.0	0.0	0.0	0.0	1.0	0.0	0.0	0.0
vi	1.0	1.0	1.0	1.0	1.0	1.0	1.0	0.27144877004998114	1.0	0.4568788270134714	1.0	1.0	0.6908587525207898	0.24188063116956382	0.4242833074730191	1.0	1.0	1.0	1.0	1.0	0.0	0.3554101560625866	0.3816472353992007	0.47587701968974816	1.0	1.0	1.0	0.0	0.4010555046174902	1.0	0.5293017193226109	0.0	1.0	1.0	1.0
war	0.0	0.0	0.0	0.0	1.0	1.0	1.0	1.0	1.0	1.0	1.0	1.0	1.0	1.0	1.0	1.0	1.0	1.0	1.0	1.0	0.0	1.0	1.0	1.0	1.0	1.0	1.0	0.0	0.0	1.0	1.0	0.0	1.0	1.0	1.0
zh	1.0	1.0	1.0	1.0	0.7221793916855703	0.3568587926606145	1.0	0.16729999870760057	0.455560013975511	0.17809897604839348	1.0	1.0	0.47801977953219094	0.20191819458070476	0.253760503575085	0.6970944785904607	1.0	1.0	1.0	1.0	0.0	0.18381805199486742	0.27804668720493897	0.2322714538537128	0.6701591524560107	1.0	0.5615807088367776	0.0	0.5828763145002701	1.0	0.29381423720109706	0.0	1.0	1.0	1.0
