arz	bs	ceb	ckb	da	de	el	en	es	fr	he	hi	hu	id	it	ja	ko	lv	mk	ml	mr	nl	pl	pt	ro	ru	sh	si	simple	sr	sv	te	vi	war	zh
arz	1.0	0.2	1.0	0.3726822671238253	0.15546670990392525	0.11295090542378315	0.13428719412094478	0.09963174968368561	0.10681913416794131	0.10407693092548037	0.122828568570857	0.13054447932948754	0.1482675827043134	0.13727019597372123	0.10472433390272518	0.095511861535128	0.10361445552484372	0.20519976080347516	0.14118784806383944	0.1959691289492878	0.1736862902461722	0.11476280872257703	0.11533640921041903	0.09579908546926602	0.12931586373476808	0.09084124229779707	0.12935727919154708	0.22646721143623746	0.13483281240733097	0.12318225841652766	0.09846097365900405	0.20751998128563437	0.13079074932337365	0.39564392373896007	0.10064949273815435
bs	0.2	1.0	0.28172904669025317	0.11978243827074593	0.010829436682041666	0.006842293442957902	0.01335480367267529	0.011795418936106411	0.006904915277290197	0.008076156439426366	0.00828136725289725	0.012256381006728633	0.013217830592776788	0.008975993475004957	0.010543351725664599	0.012511929772073363	0.009351079693735167	0.022945559345419156	0.01624368505701082	0.025907326383768473	0.04089732547683191	0.006951493575713411	0.00700509412448712	0.012868802436489316	0.012693780919810705	0.015469852744896994	0.010457740513203459	0.061328121718748387	0.010508159137648703	0.008411692129281131	0.012425011917725038	0.08329520536610999	0.009514192420464685	0.18200213598171075	0.017518444052502535
ceb	1.0	0.28172904669025317	1.0	0.5	0.31451985913875646	0.2576674052298064	0.2636541189343806	0.26872198052621415	0.2636541189343806	0.2636541189343806	0.2636541189343806	0.2521127429279827	0.2576674052298064	0.26872198052621415	0.29429805508554946	0.2576674052298064	0.2636541189343806	0.3483314773547883	0.2636541189343806	0.3266316347104093	0.32037724101704074	0.31451985913875646	0.2636541189343806	0.2636541189343806	0.2576674052298064	0.24529073257367956	0.31451985913875646	0.28989794855663564	0.2636541189343806	0.2636541189343806	0.29429805508554946	0.585786437626905	0.2636541189343806	0.31451985913875646	0.2636541189343806
ckb	0.3726822671238253	0.11978243827074593	0.5	1.0	0.13714545216567495	0.12178632452799958	0.04982333100997215	0.021091331546802698	0.10640094748436069	0.07886910500531472	0.10278272788720848	0.07695250906658155	0.10618806366408406	0.11760095104740739	0.03768597465717077	0.04027934233103901	0.053556497423754006	0.125149088499955	0.083423672052858	0.09842520575158094	0.06678842177044268	0.1463924816619788	0.11272899475729212	0.03324868625146271	0.09833135168287999	0.018213713732096664	0.08922697092358442	0.10175304114196662	0.09038145148057743	0.11476280872257703	0.04487336231067463	0.1757340838011157	0.08370234879316589	0.44948974278317805	0.0165687916916709
da	0.15546670990392525	0.010829436682041666	0.31451985913875646	0.13714545216567495	1.0	0.0036152869068960926	0.006603174350724722	0.005026330895385852	0.003704740388512959	0.004734954308265548	0.004688611664207216	0.0076098018417932786	0.005424972010729707	0.010066342855654834	0.004910935741793083	0.004895408433267444	0.005043000585419931	0.01789853865622874	0.008357320343309415	0.011631009935397665	0.020967657624532274	0.003714516116845959	0.003916774416883196	0.004780710028352024	0.007635550700660553	0.004735319021626015	0.006323981545644874	0.03392225946090616	0.0053721430915987314	0.005750720550300997	0.00471450742242308	0.08112695554772802	0.005467127201461936	0.25355482027512377	0.0049514950893000875
de	0.11295090542378315	0.006842293442957902	0.2576674052298064	0.12178632452799958	0.0036152869068960926	1.0	0.0035256993032471502	0.003843754309507789	0.003766128648519571	0.00413851483316551	0.0033153263558816596	0.003904838096632181	0.003272227537090818	0.0028171218226030934	0.0038062840808339537	0.003941490908337949	0.003104910109952134	0.007059183994684034	0.004757080252975425	0.006646476831740409	0.015051202647843263	0.0031918808917555533	0.0036767704641928194	0.003817454214868576	0.003559191843822604	0.004072999359807939	0.00326902574123984	0.018728326060444292	0.0029028424998853598	0.003037426582605252	0.0034814485669926953	0.039276698271667965	0.002899307834682302	0.4142135623730951	0.0034082663827782454
el	0.13428719412094478	0.01335480367267529	0.2636541189343806	0.04982333100997215	0.006603174350724722	0.0035256993032471502	1.0	0.013808708701556306	0.0032787082877034648	0.008486312839558613	0.005877069721618161	0.009462358931211707	0.008927826979467968	0.005134009521475544	0.011863596831831394	0.015079474641684522	0.007676942635335154	0.009726836548621196	0.010070550347873516	0.01250503912781796	0.019384274530280625	0.0037447212531025163	0.0035737723247300625	0.014592319054585787	0.006598182505909707	0.013588565487870949	0.008699287620417105	0.03213186299154294	0.008321288752039673	0.006272790755150417	0.012061372973342485	0.04932332353206201	0.006787300171298116	0.14584445002217805	0.015712704789148244
en	0.09963174968368561	0.011795418936106411	0.26872198052621415	0.021091331546802698	0.005026330895385852	0.003843754309507789	0.013808708701556306	1.0	0.003578711350525868	0.0044405120383128995	0.00858498135475051	0.012281314607201615	0.011734796110856722	0.005401772189935431	0.004832863345338244	0.006768657674810221	0.009647322195009573	0.008211933225215916	0.014471148547138034	0.011291125542098638	0.014177932384145334	0.0039340559116980145	0.0038067046891241416	0.005465127192101623	0.006217343589818052	0.005549205461374372	0.013092710962540222	0.018226298830322157	0.01201512271781541	0.009065598991915013	0.009158725929642822	0.014174920017837425	0.011661714789087015	0.14476761637453606	0.008584286077532541
es	0.10681913416794131	0.006904915277290197	0.2636541189343806	0.10640094748436069	0.003704740388512959	0.003766128648519571	0.0032787082877034648	0.003578711350525868	1.0	0.0038737569229534497	0.003146008224399073	0.003735912755240777	0.003292891994151388	0.002858387460185605	0.003816821937133788	0.0036607450364996826	0.0030409133784681662	0.006641681374504528	0.004782748379798256	0.006281428511742682	0.01398713128784655	0.0029444306246934728	0.003442621986915298	0.0033997425178400637	0.0033836522110804617	0.003510528062271951	0.0033368186274550828	0.018304230965483642	0.0030200504863945716	0.0028939343165349032	0.00345853810364744	0.0397219236050795	0.0029031792999122848	0.2928060946961875	0.0032597154573884538
fr	0.10407693092548037	0.008076156439426366	0.2636541189343806	0.07886910500531472	0.004734954308265548	0.00413851483316551	0.008486312839558613	0.0044405120383128995	0.0038737569229534497	1.0	0.008824364296331875	0.007647553543887661	0.007541039751269614	0.004976903950601811	0.005478760539602868	0.00754886644841142	0.009197047641017541	0.007726008875678499	0.009252115479342309	0.007349478878661975	0.015132887020070887	0.003909303530148719	0.003734547967349101	0.0054144359470520735	0.005131905479711188	0.006972286334702355	0.007788584987308313	0.020198872752442077	0.007504056334665169	0.007448445961121142	0.009532835338211221	0.03640585762445667	0.008230118446956635	0.23582845781094	0.008380915458338599
he	0.122828568570857	0.00828136725289725	0.2636541189343806	0.10278272788720848	0.004688611664207216	0.0033153263558816596	0.005877069721618161	0.00858498135475051	0.003146008224399073	0.008824364296331875	1.0	0.005618160069346572	0.005627845257644694	0.00438846211857856	0.009193714291159194	0.008757120516351923	0.007793703197967426	0.008676127857813886	0.006061009717192863	0.00828551274283922	0.016942022502475916	0.003202602521727237	0.003179856081677798	0.009420049584201243	0.005239472520422434	0.010208014687532015	0.005724926880798617	0.02483386687567257	0.0054687533703055196	0.005494875913883512	0.009243190921083553	0.04905690939328387	0.006141612114816368	0.27195617308673	0.0075430578707776025
hi	0.13054447932948754	0.012256381006728633	0.2521127429279827	0.07695250906658155	0.0076098018417932786	0.003904838096632181	0.009462358931211707	0.012281314607201615	0.003735912755240777	0.007647553543887661	0.005618160069346572	1.0	0.008887391922329322	0.005126153984473573	0.010068617924846795	0.012544206258312615	0.007943508242426931	0.01305615731779644	0.00968367144042351	0.010510694695233082	0.01824672893692008	0.0040993823476830156	0.003981537782600754	0.0111537874833905	0.006851050787032009	0.012310478738153361	0.009300766245992376	0.03547830590778102	0.008718183031442148	0.006101480901981062	0.01087385459119279	0.0397517467379333	0.006703099148959481	0.18018909981882894	0.012636087092447918
hu	0.1482675827043134	0.013217830592776788	0.2576674052298064	0.10618806366408406	0.005424972010729707	0.003272227537090818	0.008927826979467968	0.011734796110856722	0.003292891994151388	0.007541039751269614	0.005627845257644694	0.008887391922329322	1.0	0.005092045339201154	0.010272210911417974	0.011911895734986234	0.007876637471297628	0.013217125822732871	0.010258884063781237	0.012940505635809658	0.019806433504699916	0.0035142149945089113	0.0033790871969691582	0.010434017949214476	0.00687420175215642	0.011571200949399252	0.008165819725787714	0.045453170457743684	0.007472055638592826	0.005701345457630412	0.010966295941696208	0.061960698488297355	0.006066544055205384	0.22772999919644132	0.012573371759581868
id	0.13727019597372123	0.008975993475004957	0.26872198052621415	0.11760095104740739	0.010066342855654834	0.0028171218226030934	0.005134009521475544	0.005401772189935431	0.002858387460185605	0.004976903950601811	0.00438846211857856	0.005126153984473573	0.005092045339201154	1.0	0.00535845310396794	0.005074470549913389	0.004461071824641191	0.010199202996390372	0.00682990446155028	0.008363924997760891	0.016226868429276828	0.0031044388037459137	0.0029053543615369572	0.0053691128782174845	0.005982671587292988	0.005361048937966021	0.0048237816069432275	0.024379339789161916	0.004997629366158069	0.004382907944965562	0.0049848328773623996	0.058146247215680846	0.004588060501135929	0.24336073281110826	0.005063749582291767
it	0.10472433390272518	0.010543351725664599	0.29429805508554946	0.03768597465717077	0.004910935741793083	0.0038062840808339537	0.011863596831831394	0.004832863345338244	0.003816821937133788	0.005478760539602868	0.009193714291159194	0.010068617924846795	0.010272210911417974	0.00535845310396794	1.0	0.008975019203029184	0.011622784756755405	0.008443140349450469	0.010780745861901492	0.010908653240960667	0.01692355692628537	0.00399666597365065	0.004427802710179578	0.005696009730767301	0.005902499028101182	0.007296174977818477	0.010785252961747017	0.022098799173263496	0.011658329091372852	0.007639088517157161	0.009089206910806296	0.027956262651959846	0.010278244134659189	0.15288747713394032	0.009708223602913124
ja	0.095511861535128	0.012511929772073363	0.2576674052298064	0.04027934233103901	0.004895408433267444	0.003941490908337949	0.015079474641684522	0.006768657674810221	0.0036607450364996826	0.00754886644841142	0.008757120516351923	0.012544206258312615	0.011911895734986234	0.005074470549913389	0.008975019203029184	1.0	0.010414792194629229	0.008498227675035733	0.01557226072101256	0.011580657044041851	0.015445844692904095	0.003404212613351404	0.003767320083043062	0.009482493259537554	0.006347858478044314	0.011350096948750017	0.011118937689463457	0.019039767368683676	0.011489200029049164	0.007445014378997306	0.010923010706910506	0.02203620522808536	0.009313106639314036	0.10222770489491162	0.011663058866992974
ko	0.10361445552484372	0.009351079693735167	0.2636541189343806	0.053556497423754006	0.005043000585419931	0.003104910109952134	0.007676942635335154	0.009647322195009573	0.0030409133784681662	0.009197047641017541	0.007793703197967426	0.007943508242426931	0.007876637471297628	0.004461071824641191	0.011622784756755405	0.010414792194629229	1.0	0.008695117198711534	0.008080945317780945	0.009409773807419338	0.015216899905655638	0.00304395999154687	0.0029401146771491074	0.009929157835358419	0.00611301735848217	0.011479079276713858	0.007539577680545491	0.022580297373943587	0.008514870204423437	0.006212745464836846	0.012061988650800581	0.043159058627819304	0.007237828257684144	0.20799159651347807	0.010796310617045482
lv	0.20519976080347516	0.022945559345419156	0.3483314773547883	0.125149088499955	0.01789853865622874	0.007059183994684034	0.009726836548621196	0.008211933225215916	0.006641681374504528	0.007726008875678499	0.008676127857813886	0.01305615731779644	0.013217125822732871	0.010199202996390372	0.008443140349450469	0.008498227675035733	0.008695117198711534	1.0	0.011893622617732073	0.015600638508291395	0.02432370621735355	0.00739143779929237	0.007157272346624194	0.0087738453127879	0.01262851992174303	0.009119119768121044	0.013975816378255275	0.04461490705561152	0.01106835061507125	0.01135510265520979	0.008327126291525802	0.09621847576313775	0.009382781240226583	0.24257131419419417	0.008496647402723672
mk	0.14118784806383944	0.01624368505701082	0.2636541189343806	0.083423672052858	0.008357320343309415	0.004757080252975425	0.010070550347873516	0.014471148547138034	0.004782748379798256	0.009252115479342309	0.006061009717192863	0.00968367144042351	0.010258884063781237	0.00682990446155028	0.010780745861901492	0.01557226072101256	0.008080945317780945	0.011893622617732073	1.0	0.0191382254669894	0.028067621844155354	0.0051058796922052	0.005019727212402749	0.013219419131549446	0.00737428829732324	0.017800433952373112	0.01037129236510521	0.04883985788645507	0.008848153933882628	0.006526206867410852	0.012581988921532016	0.08499283198360966	0.007315378533279337	0.16502618927924417	0.016666147162763708
ml	0.1959691289492878	0.025907326383768473	0.3266316347104093	0.09842520575158094	0.011631009935397665	0.006646476831740409	0.01250503912781796	0.011291125542098638	0.006281428511742682	0.007349478878661975	0.00828551274283922	0.010510694695233082	0.012940505635809658	0.008363924997760891	0.010908653240960667	0.011580657044041851	0.009409773807419338	0.015600638508291395	0.0191382254669894	1.0	0.02542670577788673	0.00691916112698595	0.00684046518566753	0.010904312462186292	0.010080284592620796	0.011306310747374013	0.01170425363486654	0.05345514230718344	0.010207696381844798	0.009276932254105969	0.010144932255946662	0.05904741256506494	0.008739368750721547	0.13833239685076654	0.013174411982175177
mr	0.1736862902461722	0.04089732547683191	0.32037724101704074	0.06678842177044268	0.020967657624532274	0.015051202647843263	0.019384274530280625	0.014177932384145334	0.01398713128784655	0.015132887020070887	0.016942022502475916	0.01824672893692008	0.019806433504699916	0.016226868429276828	0.01692355692628537	0.015445844692904095	0.015216899905655638	0.02432370621735355	0.028067621844155354	0.02542670577788673	1.0	0.015221290954728415	0.015230550502064219	0.015445800689990593	0.01795509820488436	0.017203179294346376	0.021487915635263147	0.06386500308777487	0.0166584066222328	0.01742710267201556	0.017328945240762728	0.03256832266807845	0.015667241678861202	0.10997220198634608	0.018919514644589835
nl	0.11476280872257703	0.006951493575713411	0.31451985913875646	0.1463924816619788	0.003714516116845959	0.0031918808917555533	0.0037447212531025163	0.0039340559116980145	0.0029444306246934728	0.003909303530148719	0.003202602521727237	0.0040993823476830156	0.0035142149945089113	0.0031044388037459137	0.00399666597365065	0.003404212613351404	0.00304395999154687	0.00739143779929237	0.0051058796922052	0.00691916112698595	0.015221290954728415	1.0	0.0029058749894507775	0.0036627288937230162	0.00398017977093485	0.003668578540473461	0.003465643245646786	0.02081687225205472	0.003077544631814	0.002828490247513166	0.0035232102381243754	0.04509281153031795	0.0031299516929989765	0.3660254037844386	0.0034427111087598316
pl	0.11533640921041903	0.00700509412448712	0.2636541189343806	0.11272899475729212	0.003916774416883196	0.0036767704641928194	0.0035737723247300625	0.0038067046891241416	0.003442621986915298	0.003734547967349101	0.003179856081677798	0.003981537782600754	0.0033790871969691582	0.0029053543615369572	0.004427802710179578	0.003767320083043062	0.0029401146771491074	0.007157272346624194	0.005019727212402749	0.00684046518566753	0.015230550502064219	0.0029058749894507775	1.0	0.0037439766587098193	0.0037469711853285116	0.003926779013932762	0.0035053698336870026	0.019835611411786736	0.003087132301352375	0.0032378012315283987	0.0035030175608251122	0.04211416354353359	0.0030536583174665785	0.34833147735478825	0.0035475509540308175
pt	0.09579908546926602	0.012868802436489316	0.2636541189343806	0.03324868625146271	0.004780710028352024	0.003817454214868576	0.014592319054585787	0.005465127192101623	0.0033997425178400637	0.0054144359470520735	0.009420049584201243	0.0111537874833905	0.010434017949214476	0.0053691128782174845	0.005696009730767301	0.009482493259537554	0.009929157835358419	0.0087738453127879	0.013219419131549446	0.010904312462186292	0.015445800689990593	0.0036627288937230162	0.0037439766587098193	1.0	0.006272854496995413	0.007499717336702359	0.012241202902726641	0.018850990813257563	0.011417662827579939	0.008078075490735033	0.009544714956737789	0.027480897602159483	0.010943643057076662	0.18464218557642828	0.009967900057979076
ro	0.12931586373476808	0.012693780919810705	0.2576674052298064	0.09833135168287999	0.007635550700660553	0.003559191843822604	0.006598182505909707	0.006217343589818052	0.0033836522110804617	0.005131905479711188	0.005239472520422434	0.006851050787032009	0.00687420175215642	0.005982671587292988	0.005902499028101182	0.006347858478044314	0.00611301735848217	0.01262851992174303	0.00737428829732324	0.010080284592620796	0.01795509820488436	0.00398017977093485	0.0037469711853285116	0.006272854496995413	1.0	0.006377690334986402	0.007024030439471285	0.030304292562839088	0.006480994217122984	0.005697443763969359	0.006655638505919659	0.06713912712932012	0.005612643523889721	0.2204812092115424	0.006282689669163766
ru	0.09084124229779707	0.015469852744896994	0.24529073257367956	0.018213713732096664	0.004735319021626015	0.004072999359807939	0.013588565487870949	0.005549205461374372	0.003510528062271951	0.006972286334702355	0.010208014687532015	0.012310478738153361	0.011571200949399252	0.005361048937966021	0.007296174977818477	0.011350096948750017	0.011479079276713858	0.009119119768121044	0.017800433952373112	0.011306310747374013	0.017203179294346376	0.003668578540473461	0.003926779013932762	0.007499717336702359	0.006377690334986402	1.0	0.01328346087998181	0.01950185158649031	0.01130618566284063	0.0075252743185147885	0.01084656001935427	0.012903261167502114	0.00898179734061308	0.1321043617028332	0.01146081561873976
sh	0.12935727919154708	0.010457740513203459	0.31451985913875646	0.08922697092358442	0.006323981545644874	0.00326902574123984	0.008699287620417105	0.013092710962540222	0.0033368186274550828	0.007788584987308313	0.005724926880798617	0.009300766245992376	0.008165819725787714	0.0048237816069432275	0.010785252961747017	0.011118937689463457	0.007539577680545491	0.013975816378255275	0.01037129236510521	0.01170425363486654	0.021487915635263147	0.003465643245646786	0.0035053698336870026	0.012241202902726641	0.007024030439471285	0.01328346087998181	1.0	0.027101865808430672	0.007995742435739283	0.006168991598378723	0.0111751017617773	0.06665770790533772	0.006577996244834767	0.21604850763119507	0.01151600758000674
si	0.22646721143623746	0.061328121718748387	0.28989794855663564	0.10175304114196662	0.03392225946090616	0.018728326060444292	0.03213186299154294	0.018226298830322157	0.018304230965483642	0.020198872752442077	0.02483386687567257	0.03547830590778102	0.045453170457743684	0.024379339789161916	0.022098799173263496	0.019039767368683676	0.022580297373943587	0.04461490705561152	0.04883985788645507	0.05345514230718344	0.06386500308777487	0.02081687225205472	0.019835611411786736	0.018850990813257563	0.030304292562839088	0.01950185158649031	0.027101865808430672	1.0	0.02446071819556007	0.02853120447971467	0.021854098008565945	0.11878170769433578	0.022383704673844727	0.12171293628377122	0.020544740136767554
simple	0.13483281240733097	0.010508159137648703	0.2636541189343806	0.09038145148057743	0.0053721430915987314	0.0029028424998853598	0.008321288752039673	0.01201512271781541	0.0030200504863945716	0.007504056334665169	0.0054687533703055196	0.008718183031442148	0.007472055638592826	0.004997629366158069	0.011658329091372852	0.011489200029049164	0.008514870204423437	0.01106835061507125	0.008848153933882628	0.010207696381844798	0.0166584066222328	0.003077544631814	0.003087132301352375	0.011417662827579939	0.006480994217122984	0.01130618566284063	0.007995742435739283	0.02446071819556007	1.0	0.0058078701249903945	0.010940430669079222	0.05078896678254173	0.006606861647412428	0.19117391480835716	0.011007356310881301
sr	0.12318225841652766	0.008411692129281131	0.2636541189343806	0.11476280872257703	0.005750720550300997	0.003037426582605252	0.006272790755150417	0.009065598991915013	0.0028939343165349032	0.007448445961121142	0.005494875913883512	0.006101480901981062	0.005701345457630412	0.004382907944965562	0.007639088517157161	0.007445014378997306	0.006212745464836846	0.01135510265520979	0.006526206867410852	0.009276932254105969	0.01742710267201556	0.002828490247513166	0.0032378012315283987	0.008078075490735033	0.005697443763969359	0.0075252743185147885	0.006168991598378723	0.02853120447971467	0.0058078701249903945	1.0	0.007447045009301831	0.04956494991169105	0.005474829410361928	0.22772999919644132	0.007190803270650478
sv	0.09846097365900405	0.012425011917725038	0.29429805508554946	0.04487336231067463	0.00471450742242308	0.0034814485669926953	0.012061372973342485	0.009158725929642822	0.00345853810364744	0.009532835338211221	0.009243190921083553	0.01087385459119279	0.010966295941696208	0.0049848328773623996	0.009089206910806296	0.010923010706910506	0.012061988650800581	0.008327126291525802	0.012581988921532016	0.010144932255946662	0.017328945240762728	0.0035232102381243754	0.0035030175608251122	0.009544714956737789	0.006655638505919659	0.01084656001935427	0.0111751017617773	0.021854098008565945	0.010940430669079222	0.007447045009301831	1.0	0.021740950281387294	0.009930450516041356	0.12710034496777267	0.011934101686811372
te	0.20751998128563437	0.08329520536610999	0.585786437626905	0.1757340838011157	0.08112695554772802	0.039276698271667965	0.04932332353206201	0.014174920017837425	0.0397219236050795	0.03640585762445667	0.04905690939328387	0.0397517467379333	0.061960698488297355	0.058146247215680846	0.027956262651959846	0.02203620522808536	0.043159058627819304	0.09621847576313775	0.08499283198360966	0.05904741256506494	0.03256832266807845	0.04509281153031795	0.04211416354353359	0.027480897602159483	0.06713912712932012	0.012903261167502114	0.06665770790533772	0.11878170769433578	0.05078896678254173	0.04956494991169105	0.021740950281387294	1.0	0.04451770141305718	0.3726822671238253	0.014163395520950644
vi	0.13079074932337365	0.009514192420464685	0.2636541189343806	0.08370234879316589	0.005467127201461936	0.002899307834682302	0.006787300171298116	0.011661714789087015	0.0029031792999122848	0.008230118446956635	0.006141612114816368	0.006703099148959481	0.006066544055205384	0.004588060501135929	0.010278244134659189	0.009313106639314036	0.007237828257684144	0.009382781240226583	0.007315378533279337	0.008739368750721547	0.015667241678861202	0.0031299516929989765	0.0030536583174665785	0.010943643057076662	0.005612643523889721	0.00898179734061308	0.006577996244834767	0.022383704673844727	0.006606861647412428	0.005474829410361928	0.009930450516041356	0.04451770141305718	1.0	0.21239994067041815	0.008354015770506143
war	0.39564392373896007	0.18200213598171075	0.31451985913875646	0.44948974278317805	0.25355482027512377	0.4142135623730951	0.14584445002217805	0.14476761637453606	0.2928060946961875	0.23582845781094	0.27195617308673	0.18018909981882894	0.22772999919644132	0.24336073281110826	0.15288747713394032	0.10222770489491162	0.20799159651347807	0.24257131419419417	0.16502618927924417	0.13833239685076654	0.10997220198634608	0.3660254037844386	0.34833147735478825	0.18464218557642828	0.2204812092115424	0.1321043617028332	0.21604850763119507	0.12171293628377122	0.19117391480835716	0.22772999919644132	0.12710034496777267	0.3726822671238253	0.21239994067041815	1.0	0.08856789862488415
zh	0.10064949273815435	0.017518444052502535	0.2636541189343806	0.0165687916916709	0.0049514950893000875	0.0034082663827782454	0.015712704789148244	0.008584286077532541	0.0032597154573884538	0.008380915458338599	0.0075430578707776025	0.012636087092447918	0.012573371759581868	0.005063749582291767	0.009708223602913124	0.011663058866992974	0.010796310617045482	0.008496647402723672	0.016666147162763708	0.013174411982175177	0.018919514644589835	0.0034427111087598316	0.0035475509540308175	0.009967900057979076	0.006282689669163766	0.01146081561873976	0.01151600758000674	0.020544740136767554	0.011007356310881301	0.007190803270650478	0.011934101686811372	0.014163395520950644	0.008354015770506143	0.08856789862488415	1.0
