arz	bs	ceb	ckb	da	de	el	en	es	fr	he	hi	hu	id	it	ja	ko	lv	mk	ml	mr	nl	pl	pt	ro	ru	sh	si	simple	sr	sv	te	vi	war	zh
arz	1.0	0.5	0.0	1.0	0.2449655295864104	0.585786437626905	1.0	0.4142135623730951	1.0	0.36602540378443865	1.0	1.0	1.0	0.44948974278317805	0.22966848451216434	1.0	1.0	1.0	1.0	1.0	1.0	0.44948974278317805	0.585786437626905	0.36602540378443865	1.0	1.0	0.5	1.0	0.585786437626905	1.0	0.585786437626905	1.0	1.0	1.0	1.0
bs	0.5	1.0	0.0	0.585786437626905	0.13650942989104425	0.10097416535837671	0.1757340838011157	0.07318060698297797	0.09847145690262248	0.12280190089146097	0.13367660240019172	0.32449979983983984	0.22522719139308142	0.09454626016770565	0.06315784197045152	0.18001097668719743	0.1774053291584318	0.25355482027512377	0.23166247903554	0.585786437626905	0.44948974278317805	0.13764658936132898	0.15934399740800514	0.11599256484874365	0.19442892566301143	0.122828568570857	0.09634621424498141	0.585786437626905	0.2843646522044218	0.12217390482172756	0.18400240527946554	1.0	0.2	0.5	0.1325111158688
ceb	0.0	0.0	1.0	0.0	1.0	1.0	1.0	1.0	1.0	1.0	1.0	1.0	1.0	1.0	1.0	1.0	1.0	1.0	1.0	0.0	1.0	1.0	1.0	1.0	1.0	1.0	1.0	0.0	1.0	1.0	1.0	0.0	1.0	0.0	1.0
ckb	1.0	0.585786437626905	0.0	1.0	0.39564392373896007	0.585786437626905	1.0	0.5	1.0	1.0	1.0	1.0	1.0	1.0	0.585786437626905	1.0	1.0	1.0	1.0	1.0	1.0	1.0	1.0	1.0	1.0	1.0	1.0	1.0	1.0	1.0	1.0	1.0	1.0	1.0	1.0
da	0.2449655295864104	0.13650942989104425	1.0	0.39564392373896007	1.0	0.010026080731291525	0.022963403709769	0.01680913169456506	0.009177730084717468	0.00935440160091612	0.014587160959550994	0.1001591231794274	0.02214732295270973	0.01089920993398454	0.016613033569154514	0.01088066437616222	0.011078847235058054	0.07037374532347497	0.10331135933893755	0.12452454040547825	0.13628215610069397	0.012292618295787509	0.010823971376204713	0.010084892634620934	0.017751867802722286	0.008709420404630576	0.013645467711476704	0.5	0.04594349182179315	0.010701794480753708	0.010635135133915712	0.585786437626905	0.016125986923124117	0.44948974278317805	0.01067002894829785
de	0.585786437626905	0.10097416535837671	1.0	0.585786437626905	0.010026080731291525	1.0	0.13840926619852625	0.0033240235820072433	0.02442319906597817	0.005372094503600658	0.10242164802219866	0.28436465220442186	0.14201473202245873	0.016298075297631703	0.004012806614376935	0.06768793818739711	0.08255555416690967	0.27429188517743175	0.24336073281110826	0.28989794855663564	0.38742588672279304	0.005439202995190858	0.02520761881637614	0.00906704950514404	0.12874039567579135	0.033392881323204046	0.029335445030176682	1.0	0.12849622184722817	0.06381215729685083	0.028355202746472817	0.585786437626905	0.11621389497419159	0.585786437626905	0.07625414366782654
el	1.0	0.1757340838011157	1.0	1.0	0.022963403709769	0.13840926619852625	1.0	0.008633790989633404	0.10872448055540301	0.05431899163693366	1.0	1.0	0.5	0.06930571404640776	0.00897462961085097	1.0	1.0	0.585786437626905	1.0	1.0	1.0	0.018963518501598393	0.09917731364776042	0.08270931562630669	0.4142135623730951	1.0	0.06842885300781966	1.0	0.17253779651421453	0.38742588672279304	0.10151653489096339	1.0	1.0	1.0	1.0
en	0.4142135623730951	0.07318060698297797	1.0	0.5	0.01680913169456506	0.0033240235820072433	0.008633790989633404	1.0	0.0028532429403622774	0.006456917974248882	0.006183564958589722	0.03633249027722375	0.008422839941037775	0.00549743408882582	0.01874151733228866	0.004245129686197184	0.004765537521456856	0.03223400419815849	0.017114859125801518	0.08881671236778509	0.09467313234236649	0.01721812928847613	0.0039610571507622955	0.005279991863119891	0.00784063938408726	0.002511945526096828	0.006056144884985585	0.26427884169111276	0.021812248112550902	0.004200314079939238	0.005441062727957194	0.36602540378443865	0.006989462568363439	0.3266316347104093	0.004565402604328947
es	1.0	0.09847145690262248	1.0	1.0	0.009177730084717468	0.02442319906597817	0.10872448055540301	0.0028532429403622774	1.0	0.003757397505468574	0.0890418601493428	0.24660605559646726	0.1508906849579797	0.00649589398685634	0.0035408839276691467	0.05399155381678181	0.0599035813388909	0.3203772410170407	0.20342651452257512	0.38742588672279304	0.36602540378443865	0.00504565477398605	0.02862363346948812	0.005028000521816611	0.1111111111111111	0.015132127598841067	0.022511674242448192	1.0	0.12019138672581775	0.046056811161700885	0.022592224518256893	1.0	0.08538147378298264	0.585786437626905	0.05997926630008168
fr	0.36602540378443865	0.12280190089146097	1.0	1.0	0.00935440160091612	0.005372094503600658	0.05431899163693366	0.006456917974248882	0.003757397505468574	1.0	0.03495418769728348	0.1975496259559987	0.059305283508055404	0.006050157711162405	0.005864432821302512	0.009841467586261565	0.015106247670025308	0.17025921636942778	0.1399755881284967	0.21551468935838852	0.3333333333333333	0.005277910382930999	0.006630481605622863	0.005036780960594458	0.06739292652544907	0.0031951904119532993	0.014783364400783127	0.585786437626905	0.09657506275623133	0.01015896983457867	0.011368281437776332	0.585786437626905	0.04662549444725928	0.585786437626905	0.01683366385610496
he	1.0	0.13367660240019172	1.0	1.0	0.014587160959550994	0.10242164802219866	1.0	0.006183564958589722	0.0890418601493428	0.03495418769728348	1.0	1.0	0.5	0.05152266203808251	0.0068253222078531245	1.0	1.0	0.44948974278317805	1.0	1.0	1.0	0.008875641663072576	0.07929097608144636	0.027986074173497737	0.3660254037844386	1.0	0.04324531234336331	1.0	0.14400538349637873	0.5	0.056429447138775256	1.0	1.0	1.0	1.0
hi	1.0	0.32449979983983984	1.0	1.0	0.1001591231794274	0.28436465220442186	1.0	0.03633249027722375	0.24660605559646726	0.1975496259559987	1.0	1.0	0.585786437626905	0.1774053291584318	0.055502679343523355	1.0	1.0	1.0	1.0	1.0	1.0	0.14285714285714285	0.23582845781094	0.1886378647726465	0.5	1.0	0.23800671553691075	1.0	0.2204812092115424	1.0	0.1809073112342927	1.0	1.0	1.0	1.0
hu	1.0	0.22522719139308142	1.0	1.0	0.02214732295270973	0.14201473202245873	0.5	0.008422839941037775	0.1508906849579797	0.059305283508055404	0.5	0.585786437626905	1.0	0.0844613020973339	0.009279987585638298	0.5	0.585786437626905	0.585786437626905	1.0	0.585786437626905	1.0	0.016052449043338836	0.10945304053256437	0.07145534581632258	0.38742588672279304	0.44948974278317805	0.08734932523055458	1.0	0.17358241318593381	0.44948974278317805	0.09251645413996572	1.0	0.585786437626905	1.0	0.585786437626905
id	0.44948974278317805	0.09454626016770565	1.0	1.0	0.01089920993398454	0.016298075297631703	0.06930571404640776	0.00549743408882582	0.00649589398685634	0.006050157711162405	0.05152266203808251	0.1774053291584318	0.0844613020973339	1.0	0.005079848730441754	0.024174772404765836	0.02663700587305294	0.16265941452915686	0.1506217166217102	0.20521309615767264	0.38742588672279304	0.006537367029128848	0.02050348263266321	0.006766296557916221	0.05045019171894894	0.005778799644256304	0.025819496595001313	0.4364916731037085	0.09892562819559712	0.026572198484734084	0.0264479964745181	0.585786437626905	0.05457289139680874	1.0	0.02106249496108601
it	0.22966848451216434	0.06315784197045152	1.0	0.585786437626905	0.016613033569154514	0.004012806614376935	0.00897462961085097	0.01874151733228866	0.0035408839276691467	0.005864432821302512	0.0068253222078531245	0.055502679343523355	0.009279987585638298	0.005079848730441754	1.0	0.005134341726512896	0.005085396291223636	0.03413067855636686	0.01672430386263251	0.06484157054036693	0.1303639547600728	0.015280038832457628	0.004585008839908018	0.005389104974308762	0.008875902043125574	0.0031064574606024303	0.006675269809880991	0.5	0.02735023406544278	0.004905445690364318	0.00583147905516973	0.39564392373896007	0.008200074753711333	0.44948974278317805	0.005324123645175757
ja	1.0	0.18001097668719743	1.0	1.0	0.01088066437616222	0.06768793818739711	1.0	0.004245129686197184	0.05399155381678181	0.009841467586261565	1.0	1.0	0.5	0.024174772404765836	0.005134341726512896	1.0	1.0	0.5	1.0	1.0	1.0	0.00660463695814128	0.055210875011282724	0.016695283459838825	0.3333333333333333	1.0	0.039654589370836324	1.0	0.1417374030335042	0.4142135623730951	0.05347243563437248	1.0	1.0	1.0	1.0
ko	1.0	0.1774053291584318	1.0	1.0	0.011078847235058054	0.08255555416690967	1.0	0.004765537521456856	0.0599035813388909	0.015106247670025308	1.0	1.0	0.585786437626905	0.02663700587305294	0.005085396291223636	1.0	1.0	0.5	1.0	1.0	1.0	0.008138582676080057	0.048497883326384966	0.019717176721294423	0.34833147735478825	1.0	0.039936053244558324	1.0	0.13507810593582123	0.44948974278317805	0.04590819162028032	1.0	1.0	1.0	1.0
lv	1.0	0.25355482027512377	1.0	1.0	0.07037374532347497	0.27429188517743175	0.585786437626905	0.03223400419815849	0.3203772410170407	0.17025921636942778	0.44948974278317805	1.0	0.585786437626905	0.16265941452915686	0.03413067855636686	0.5	0.5	1.0	0.585786437626905	1.0	1.0	0.11447933581724978	0.21551468935838852	0.1983555576735248	0.38742588672279304	0.38742588672279304	0.156159660795834	1.0	0.26533119314590375	0.44948974278317805	0.179128784747792	1.0	1.0	1.0	0.44948974278317805
mk	1.0	0.23166247903554	1.0	1.0	0.10331135933893755	0.24336073281110826	1.0	0.017114859125801518	0.20342651452257512	0.1399755881284967	1.0	1.0	1.0	0.1506217166217102	0.01672430386263251	1.0	1.0	0.585786437626905	1.0	1.0	1.0	0.12849622184722817	0.18368518446174903	0.1757340838011157	0.5	1.0	0.11581435626820338	1.0	0.2	0.585786437626905	0.1987625491245426	1.0	1.0	1.0	1.0
ml	1.0	0.585786437626905	0.0	1.0	0.12452454040547825	0.28989794855663564	1.0	0.08881671236778509	0.38742588672279304	0.21551468935838852	1.0	1.0	0.585786437626905	0.20521309615767264	0.06484157054036693	1.0	1.0	1.0	1.0	1.0	1.0	0.20658711810431302	0.26968623182294527	0.25	0.585786437626905	1.0	0.21089672205953397	1.0	0.3660254037844386	0.585786437626905	0.2	1.0	1.0	1.0	1.0
mr	1.0	0.44948974278317805	1.0	1.0	0.13628215610069397	0.38742588672279304	1.0	0.09467313234236649	0.36602540378443865	0.3333333333333333	1.0	1.0	1.0	0.38742588672279304	0.1303639547600728	1.0	1.0	1.0	1.0	1.0	1.0	0.20942771453851886	0.36602540378443865	0.3430703308172536	0.585786437626905	1.0	0.3090169943749474	1.0	0.21498516621900868	0.585786437626905	0.33333333333333326	1.0	1.0	1.0	1.0
nl	0.44948974278317805	0.13764658936132898	1.0	1.0	0.012292618295787509	0.005439202995190858	0.018963518501598393	0.01721812928847613	0.00504565477398605	0.005277910382930999	0.008875641663072576	0.14285714285714285	0.016052449043338836	0.006537367029128848	0.015280038832457628	0.00660463695814128	0.008138582676080057	0.11447933581724978	0.12849622184722817	0.20658711810431302	0.20942771453851886	1.0	0.006783491764981131	0.006009023663610772	0.018823720845422557	0.004861635982040068	0.008704188255081631	1.0	0.06301897043815097	0.006446930481096591	0.008223511398067847	0.5	0.01853513920035215	0.4364916731037085	0.007398283401834558
pl	0.585786437626905	0.15934399740800514	1.0	1.0	0.010823971376204713	0.02520761881637614	0.09917731364776042	0.0039610571507622955	0.02862363346948812	0.006630481605622863	0.07929097608144636	0.23582845781094	0.10945304053256437	0.02050348263266321	0.004585008839908018	0.055210875011282724	0.048497883326384966	0.21551468935838852	0.18368518446174903	0.26968623182294527	0.36602540378443865	0.006783491764981131	1.0	0.012981095463224339	0.10248155374272822	0.019273514354292455	0.03613529738899167	1.0	0.11718851276519608	0.05110689198082938	0.0366071271813181	1.0	0.09144524005491274	1.0	0.0571766201478041
pt	0.36602540378443865	0.11599256484874365	1.0	1.0	0.010084892634620934	0.00906704950514404	0.08270931562630669	0.005279991863119891	0.005028000521816611	0.005036780960594458	0.027986074173497737	0.1886378647726465	0.07145534581632258	0.006766296557916221	0.005389104974308762	0.016695283459838825	0.019717176721294423	0.1983555576735248	0.1757340838011157	0.25	0.3430703308172536	0.006009023663610772	0.012981095463224339	1.0	0.07188891980259786	0.004754924860883212	0.015646113658382355	0.5	0.10372381354584363	0.01356043705983748	0.018842424510549623	0.5	0.06526218535756072	0.5	0.01549336779335126
ro	1.0	0.19442892566301143	1.0	1.0	0.017751867802722286	0.12874039567579135	0.4142135623730951	0.00784063938408726	0.1111111111111111	0.06739292652544907	0.3660254037844386	0.5	0.38742588672279304	0.05045019171894894	0.008875902043125574	0.3333333333333333	0.34833147735478825	0.38742588672279304	0.5	0.585786437626905	0.585786437626905	0.018823720845422557	0.10248155374272822	0.07188891980259786	1.0	0.2989350844248255	0.059427114233698466	1.0	0.15366717774838984	0.2898979485566356	0.0887207587759528	1.0	0.3660254037844386	0.585786437626905	0.34833147735478825
ru	1.0	0.122828568570857	1.0	1.0	0.008709420404630576	0.033392881323204046	1.0	0.002511945526096828	0.015132127598841067	0.0031951904119532993	1.0	1.0	0.44948974278317805	0.005778799644256304	0.0031064574606024303	1.0	1.0	0.38742588672279304	1.0	1.0	1.0	0.004861635982040068	0.019273514354292455	0.004754924860883212	0.2989350844248255	1.0	0.012824250041724777	1.0	0.131657717156152	0.2216368750839041	0.014166565580767032	1.0	1.0	1.0	1.0
sh	0.5	0.09634621424498141	1.0	1.0	0.013645467711476704	0.029335445030176682	0.06842885300781966	0.006056144884985585	0.022511674242448192	0.014783364400783127	0.04324531234336331	0.23800671553691075	0.08734932523055458	0.025819496595001313	0.006675269809880991	0.039654589370836324	0.039936053244558324	0.156159660795834	0.11581435626820338	0.21089672205953397	0.3090169943749474	0.008704188255081631	0.03613529738899167	0.015646113658382355	0.059427114233698466	0.012824250041724777	1.0	0.585786437626905	0.113132961769505	0.017755770673363893	0.03596878789061397	1.0	0.09716687394348715	1.0	0.040793306251497186
si	1.0	0.585786437626905	0.0	1.0	0.5	1.0	1.0	0.26427884169111276	1.0	0.585786437626905	1.0	1.0	1.0	0.4364916731037085	0.5	1.0	1.0	1.0	1.0	1.0	1.0	1.0	1.0	0.5	1.0	1.0	0.585786437626905	1.0	1.0	1.0	1.0	1.0	1.0	1.0	1.0
simple	0.585786437626905	0.2843646522044218	1.0	1.0	0.04594349182179315	0.12849622184722817	0.17253779651421453	0.021812248112550902	0.12019138672581775	0.09657506275623133	0.14400538349637873	0.2204812092115424	0.17358241318593381	0.09892562819559712	0.02735023406544278	0.1417374030335042	0.13507810593582123	0.26533119314590375	0.2	0.3660254037844386	0.21498516621900868	0.06301897043815097	0.11718851276519608	0.10372381354584363	0.15366717774838984	0.131657717156152	0.113132961769505	1.0	1.0	0.14146178098635465	0.1113675412735168	0.5	0.14763410387308012	0.585786437626905	0.1393161703394676
sr	1.0	0.12217390482172756	1.0	1.0	0.010701794480753708	0.06381215729685083	0.38742588672279304	0.004200314079939238	0.046056811161700885	0.01015896983457867	0.5	1.0	0.44948974278317805	0.026572198484734084	0.004905445690364318	0.4142135623730951	0.44948974278317805	0.44948974278317805	0.585786437626905	0.585786437626905	0.585786437626905	0.006446930481096591	0.05110689198082938	0.01356043705983748	0.2898979485566356	0.2216368750839041	0.017755770673363893	1.0	0.14146178098635465	1.0	0.04693063248884119	1.0	0.585786437626905	1.0	0.4142135623730951
sv	0.585786437626905	0.18400240527946554	1.0	1.0	0.010635135133915712	0.028355202746472817	0.10151653489096339	0.005441062727957194	0.022592224518256893	0.011368281437776332	0.056429447138775256	0.1809073112342927	0.09251645413996572	0.0264479964745181	0.00583147905516973	0.05347243563437248	0.04590819162028032	0.179128784747792	0.1987625491245426	0.2	0.33333333333333326	0.008223511398067847	0.0366071271813181	0.018842424510549623	0.0887207587759528	0.014166565580767032	0.03596878789061397	1.0	0.1113675412735168	0.04693063248884119	1.0	0.585786437626905	0.08815170219611887	1.0	0.03899453843815407
te	1.0	1.0	0.0	1.0	0.585786437626905	0.585786437626905	1.0	0.36602540378443865	1.0	0.585786437626905	1.0	1.0	1.0	0.585786437626905	0.39564392373896007	1.0	1.0	1.0	1.0	1.0	1.0	0.5	1.0	0.5	1.0	1.0	1.0	1.0	0.5	1.0	0.585786437626905	1.0	1.0	1.0	1.0
vi	1.0	0.2	1.0	1.0	0.016125986923124117	0.11621389497419159	1.0	0.006989462568363439	0.08538147378298264	0.04662549444725928	1.0	1.0	0.585786437626905	0.05457289139680874	0.008200074753711333	1.0	1.0	1.0	1.0	1.0	1.0	0.01853513920035215	0.09144524005491274	0.06526218535756072	0.3660254037844386	1.0	0.09716687394348715	1.0	0.14763410387308012	0.585786437626905	0.08815170219611887	1.0	1.0	1.0	1.0
war	1.0	0.5	0.0	1.0	0.44948974278317805	0.585786437626905	1.0	0.3266316347104093	0.585786437626905	0.585786437626905	1.0	1.0	1.0	1.0	0.44948974278317805	1.0	1.0	1.0	1.0	1.0	1.0	0.4364916731037085	1.0	0.5	0.585786437626905	1.0	1.0	1.0	0.585786437626905	1.0	1.0	1.0	1.0	1.0	1.0
zh	1.0	0.1325111158688	1.0	1.0	0.01067002894829785	0.07625414366782654	1.0	0.004565402604328947	0.05997926630008168	0.01683366385610496	1.0	1.0	0.585786437626905	0.02106249496108601	0.005324123645175757	1.0	1.0	0.44948974278317805	1.0	1.0	1.0	0.007398283401834558	0.0571766201478041	0.01549336779335126	0.34833147735478825	1.0	0.040793306251497186	1.0	0.1393161703394676	0.4142135623730951	0.03899453843815407	1.0	1.0	1.0	1.0
