arz	bs	ceb	ckb	da	de	el	en	es	fr	he	hi	hu	id	it	ja	ko	lv	mk	ml	mr	nl	pl	pt	ro	ru	sh	si	simple	sr	sv	te	vi	war	zh
arz	1.0	0.023255813953488372	0.0	0.07142857142857142	0.0220125786163522	0.01206140350877193	0.0302652750698062	0.00975609756097561	0.008976660682226212	0.013082117029219626	0.03047580155389416	0.05263157894736842	0.015748031496062992	0.03437785954870238	0.009823182711198428	0.01607142857142857	0.020102155480641537	0.03865719991822742	0.07142857142857142	0.075	0.08943089430894309	0.008241758241758242	0.013043478260869565	0.017141866244542985	0.01801477050733373	0.014970059880239521	0.07142857142857142	0.04054054054054054	0.05102040816326531	0.02	0.019148936170212766	0.0	0.024027319110643246	0.07352941176470588	0.018041113458752756
bs	0.023255813953488372	1.0	0.0	0.03424657534246575	0.19655054236504632	0.08260155722057964	0.16980804792571147	0.043887572807189114	0.060203064456485045	0.06940401846320934	0.237858450320366	0.021052631578947368	0.13343234377969282	0.28945526793446447	0.07353721078558806	0.11889903641104616	0.11560025489505457	0.35138333162340546	0.10640533175744443	0.027616270348436025	0.04881351080578217	0.0647435101027853	0.10191641983459102	0.06706320765311852	0.10930777482824637	0.10794793186306507	0.058659328476401644	0.059322033898305086	0.1142708814028611	0.32017935732136144	0.15332426425505824	0.0	0.09342821635696533	0.10185185185185185	0.10628673032213595
ceb	0.0	0.0	0.5	0.0	0.0031645569620253164	0.002036659877800407	0.0058823529411764705	0.0013623978201634877	0.0019342359767891683	0.0019011406844106464	0.004464285714285714	0.006578947368421052	0.006024096385542169	0.0027247956403269754	0.00196078431372549	0.0032679738562091504	0.0034129692832764505	0.006024096385542169	0.004629629629629629	0.0	0.018867924528301886	0.0031446540880503146	0.0026109660574412533	0.002398081534772182	0.005988023952095809	0.0016051364365971107	0.004149377593360996	0.0	0.010869565217391304	0.0015873015873015873	0.0037313432835820895	0.0	0.00510204081632653	0.0	0.003472222222222222
ckb	0.07142857142857142	0.03424657534246575	0.0	1.0	0.016778523489932886	0.0066815144766146995	0.015544041450777202	0.003667481662591687	0.00546448087431694	0.006632742969070316	0.02032520325203252	0.14285714285714285	0.01020408163265306	0.023148148148148147	0.005988023952095809	0.009191176470588236	0.01020408163265306	0.0465586257821305	0.08333333333333333	0.2857142857142857	0.22727272727272727	0.00558659217877095	0.008928571428571428	0.006880733944954129	0.010033444816053512	0.009202453987730062	0.05555555555555555	0.0625	0.027472527472527472	0.028735632183908046	0.01327433628318584	0.0	0.01598969730123997	0.15	0.009146341463414634
da	0.0220125786163522	0.19655054236504632	0.0031645569620253164	0.016778523489932886	1.0	0.12526289749094324	0.2013722292969121	0.09089798504779951	0.1060042513080948	0.12299438363837292	0.22030694824827843	0.010135135135135136	0.18301507221227048	0.2237734777087093	0.12981053967715403	0.15403030526044276	0.157758621735717	0.1855340923230061	0.05252320532228508	0.013422818791946308	0.02705321479190826	0.12286458483912213	0.14306707975266997	0.10351846305724713	0.12022334487207327	0.14517991302953998	0.023170267802799755	0.040372670807453416	0.14731296364059746	0.1828715292763631	0.23767635223021263	0.0	0.12846061739157835	0.050955414012738856	0.15671039245637924
de	0.01206140350877193	0.08260155722057964	0.002036659877800407	0.0066815144766146995	0.12526289749094324	1.0	0.18017356097427845	0.2653710603970195	0.29565728389949153	0.3163399879238598	0.13026007386201469	0.0033407572383073497	0.24263486587759472	0.10533640814014646	0.3097428021607242	0.25881248980035904	0.18601733236683457	0.059410393422569166	0.02221276743018576	0.005567928730512249	0.010119684034149845	0.2851239720093687	0.2707709668136596	0.2314013291269099	0.22893477169621626	0.28564311217308447	0.014444444444444444	0.013131313131313131	0.0899544276482722	0.08744840954223534	0.1642889609790313	0.0	0.09873426295109838	0.01524390243902439	0.2683429495447767
el	0.0302652750698062	0.16980804792571147	0.0058823529411764705	0.015544041450777202	0.2013722292969121	0.18017356097427845	1.0	0.11720677280642795	0.1529435988560237	0.17866243393050543	0.25207803183373606	0.007772020725388601	0.21494582785295493	0.20166275934031686	0.1770116825953196	0.2374049283727948	0.20635950279199194	0.14935844238748805	0.05218784838350055	0.013298671743050983	0.023878314869187546	0.14965596161365463	0.21209600935170345	0.1563256463948263	0.20862094189309607	0.2276431494590928	0.022841977934889155	0.03428571428571429	0.14679684081019262	0.15774337919810624	0.1930295944096567	0.0	0.1160563280093504	0.03757225433526012	0.209287128001744
en	0.00975609756097561	0.043887572807189114	0.0013623978201634877	0.003667481662591687	0.09089798504779951	0.2653710603970195	0.11720677280642795	1.0	0.30750976991520795	0.27018550857047796	0.07503949515007297	0.0018337408312958435	0.15200074126336283	0.06633136034544486	0.3004533506150456	0.16604846035209114	0.12873807618624955	0.032948830987903736	0.01287893768613563	0.003056234718826406	0.005533487290006996	0.2670293242494251	0.2016590137904448	0.19785162541968832	0.14952224298883196	0.19666323795172738	0.007936507936507936	0.011580381471389645	0.05435402322327017	0.05349494479929263	0.13615631255276311	0.0	0.09826597040228222	0.010899182561307902	0.2007561850243076
es	0.008976660682226212	0.060203064456485045	0.0019342359767891683	0.00546448087431694	0.1060042513080948	0.29565728389949153	0.1529435988560237	0.30750976991520795	1.0	0.3028636899747262	0.1099055801879207	0.00273224043715847	0.2029416949588424	0.08616195942094569	0.3439710557215545	0.22115009746588693	0.16352019896894113	0.04794184737978649	0.019090909090909092	0.004553734061930784	0.007259528130671506	0.25283458752066823	0.24988454055287126	0.2564476786653698	0.19399274184907986	0.2674103034903296	0.010889292196007259	0.013461538461538462	0.07258064516129033	0.06825160791731354	0.13404666618532385	0.0	0.0812807881773399	0.015473887814313346	0.24163784142232417
fr	0.013082117029219626	0.06940401846320934	0.0019011406844106464	0.006632742969070316	0.12299438363837292	0.3163399879238598	0.17866243393050543	0.27018550857047796	0.3028636899747262	1.0	0.13386974575205907	0.0033112582781456954	0.24867860930779365	0.10127386915507641	0.3345330198386115	0.25575555370951264	0.1903467507814858	0.05856300890658282	0.020966092059666538	0.005518763796909493	0.008883152480806894	0.25753568829655304	0.26568926681155464	0.25534284719805084	0.2520954740048312	0.27876064051874405	0.009855997967088949	0.015180265654648957	0.08150319213800808	0.0757776237516729	0.15031443680366174	0.0	0.09322273486050091	0.015209125475285171	0.23357727795066338
he	0.03047580155389416	0.237858450320366	0.004464285714285714	0.02032520325203252	0.22030694824827843	0.13026007386201469	0.25207803183373606	0.07503949515007297	0.1099055801879207	0.13386974575205907	1.0	0.012469237313782255	0.17764652528829955	0.24827475729329126	0.11935549278321089	0.19470037264499843	0.18628125331448692	0.24408068879257688	0.0741533670688984	0.016260162601626018	0.03397039328325232	0.10625055164362052	0.1677036601113571	0.12273474642827854	0.1660300477375688	0.18642363648958715	0.03176993067590988	0.02850877192982456	0.1803337761685205	0.2323384845267587	0.1830667176411857	0.0	0.1032723006407217	0.03333333333333333	0.1712719831994051
hi	0.05263157894736842	0.021052631578947368	0.006578947368421052	0.14285714285714285	0.010135135135135136	0.0033407572383073497	0.007772020725388601	0.0018337408312958435	0.00273224043715847	0.0033112582781456954	0.012469237313782255	1.0	0.006147540983606557	0.014018691588785047	0.0029940119760479044	0.003676470588235294	0.00510204081632653	0.02830188679245283	0.06818181818181818	0.16666666666666666	0.09090909090909091	0.002793296089385475	0.004464285714285714	0.0034403669724770644	0.005016722408026756	0.004601226993865031	0.03125	0.05421686746987952	0.016666666666666666	0.01763588452409959	0.00663716814159292	0.0	0.009433962264150943	0.06172839506172839	0.004573170731707317
hu	0.015748031496062992	0.13343234377969282	0.006024096385542169	0.01020408163265306	0.18301507221227048	0.24263486587759472	0.21494582785295493	0.15200074126336283	0.2029416949588424	0.24867860930779365	0.17764652528829955	0.006147540983606557	1.0	0.17020798552296462	0.2362470774280256	0.24527529761904762	0.17099044976086283	0.1150060543158623	0.04118091048284488	0.010312836043628064	0.018566735480580642	0.2007120114507381	0.24038266317174498	0.21733350835808907	0.26058665240356305	0.23817291128518725	0.014011041228644156	0.03197674418604651	0.11205278141296157	0.1296830421728324	0.1850439610148681	0.0	0.13293314400409978	0.03529411764705882	0.19680745716763878
id	0.03437785954870238	0.28945526793446447	0.0027247956403269754	0.023148148148148147	0.2237734777087093	0.10533640814014646	0.20166275934031686	0.06633136034544486	0.08616195942094569	0.10127386915507641	0.24827475729329126	0.014018691588785047	0.17020798552296462	1.0	0.09765974084003574	0.17482583019722206	0.1711408156207834	0.28479861266502576	0.07284793350783784	0.018709796253790132	0.03801155487878402	0.08762101149368973	0.13005247800417694	0.09842963820781088	0.13434418790961006	0.14836594139818618	0.03577903739999595	0.01891891891891892	0.1487687062868753	0.2508366514400176	0.15932170798171588	0.0	0.13879157146483878	0.021798365122615803	0.15300515620945268
it	0.009823182711198428	0.07353721078558806	0.00196078431372549	0.005988023952095809	0.12981053967715403	0.3097428021607242	0.1770116825953196	0.3004533506150456	0.3439710557215545	0.3345330198386115	0.11935549278321089	0.0029940119760479044	0.2362470774280256	0.09765974084003574	1.0	0.2471029135258182	0.17812566445649597	0.05486832337567851	0.02098080088105546	0.00499001996007984	0.008049129203088652	0.2658389144569492	0.2855158264474099	0.25092473747981825	0.2124259210105255	0.27982169113882077	0.012980571725654828	0.011650485436893204	0.08182181258665172	0.0762867101523658	0.15542866663064428	0.0	0.10143232275005969	0.013671875	0.2536036036036036
ja	0.01607142857142857	0.11889903641104616	0.0032679738562091504	0.009191176470588236	0.15403030526044276	0.25881248980035904	0.2374049283727948	0.16604846035209114	0.22115009746588693	0.25575555370951264	0.19470037264499843	0.003676470588235294	0.24527529761904762	0.17482583019722206	0.2471029135258182	1.0	0.24031040725578362	0.09809991809991811	0.028960105728686916	0.007352941176470588	0.013091940607053057	0.19714602010018598	0.24333286316074096	0.2137793099095285	0.23091605860670358	0.29223876132162824	0.01638439905887594	0.020967741935483872	0.12280986407936716	0.11428324640923973	0.18955569362936997	0.0	0.13593052167203173	0.024429967426710098	0.27276528649764253
ko	0.020102155480641537	0.11560025489505457	0.0034129692832764505	0.01020408163265306	0.157758621735717	0.18601733236683457	0.20635950279199194	0.12873807618624955	0.16352019896894113	0.1903467507814858	0.18628125331448692	0.00510204081632653	0.17099044976086283	0.1711408156207834	0.17812566445649597	0.24031040725578362	1.0	0.09428899341619174	0.03224051959193684	0.008503401360544218	0.015508793850603775	0.1430607252838454	0.18663624480540472	0.1684580172443851	0.16930440988490744	0.20880312133806742	0.015101276290828709	0.02364864864864865	0.12368125375842678	0.11211928246756815	0.16183140114193967	0.0	0.10100847571563015	0.027303754266211604	0.21211606272851155
lv	0.03865719991822742	0.35138333162340546	0.006024096385542169	0.0465586257821305	0.1855340923230061	0.059410393422569166	0.14935844238748805	0.032948830987903736	0.04794184737978649	0.05856300890658282	0.24408068879257688	0.02830188679245283	0.1150060543158623	0.28479861266502576	0.05486832337567851	0.09809991809991811	0.09428899341619174	1.0	0.11958133413301346	0.03756114605171209	0.07760908156591609	0.05002416111667288	0.08209858124600332	0.060714176332428496	0.09177369273244132	0.08723369845393074	0.06857786016949152	0.0625	0.1297144146296149	0.3326448931778881	0.11955975358220983	0.0	0.08148485905104204	0.08333333333333333	0.0832553233568462
mk	0.07142857142857142	0.10640533175744443	0.004629629629629629	0.08333333333333333	0.05252320532228508	0.02221276743018576	0.05218784838350055	0.01287893768613563	0.019090909090909092	0.020966092059666538	0.0741533670688984	0.06818181818181818	0.04118091048284488	0.07284793350783784	0.02098080088105546	0.028960105728686916	0.03224051959193684	0.11958133413301346	1.0	0.08695652173913043	0.1226309921962096	0.019625895525131054	0.03160280355607145	0.025572803705434743	0.035326993296637424	0.02912235450082988	0.08064516129032258	0.025423728813559324	0.07168066204210784	0.09548441735823678	0.039662123425739285	0.0	0.0326975311144444	0.049107142857142856	0.03391867309319586
ml	0.075	0.027616270348436025	0.0	0.2857142857142857	0.013422818791946308	0.005567928730512249	0.013298671743050983	0.003056234718826406	0.004553734061930784	0.005518763796909493	0.016260162601626018	0.16666666666666666	0.010312836043628064	0.018709796253790132	0.00499001996007984	0.007352941176470588	0.008503401360544218	0.03756114605171209	0.08695652173913043	1.0	0.26639344262295084	0.004655493482309125	0.00744047619047619	0.005733944954128441	0.008402140643474536	0.007731024717259265	0.058823529411764705	0.043478260869565216	0.027777777777777776	0.02318230419673884	0.00881057268722467	0.0	0.0125	0.06060606060606061	0.007621951219512195
mr	0.08943089430894309	0.04881351080578217	0.018867924528301886	0.22727272727272727	0.02705321479190826	0.010119684034149845	0.023878314869187546	0.005533487290006996	0.007259528130671506	0.008883152480806894	0.03397039328325232	0.09090909090909091	0.018566735480580642	0.03801155487878402	0.008049129203088652	0.013091940607053057	0.015508793850603775	0.07760908156591609	0.1226309921962096	0.26639344262295084	1.0	0.00845794522645949	0.013576330012717252	0.010412201203939066	0.015368118234123197	0.012318914969293293	0.07809523809523809	0.038461538461538464	0.04945054945054945	0.04870005900933736	0.015390589165383224	0.0	0.022305218383649756	0.056451612903225805	0.013754439902642397
nl	0.008241758241758242	0.0647435101027853	0.0031446540880503146	0.00558659217877095	0.12286458483912213	0.2851239720093687	0.14965596161365463	0.2670293242494251	0.25283458752066823	0.25753568829655304	0.10625055164362052	0.002793296089385475	0.2007120114507381	0.08762101149368973	0.2658389144569492	0.19714602010018598	0.1430607252838454	0.05002416111667288	0.019625895525131054	0.004655493482309125	0.00845794522645949	1.0	0.23257908507252764	0.2706704883752101	0.18478003454406872	0.23412094140737355	0.009242144177449169	0.021806853582554516	0.06799714618836512	0.06812872419896919	0.18148106731659897	0.0	0.1154108485978072	0.025157232704402517	0.22731349770823453
pl	0.013043478260869565	0.10191641983459102	0.0026109660574412533	0.008928571428571428	0.14306707975266997	0.2707709668136596	0.21209600935170345	0.2016590137904448	0.24988454055287126	0.26568926681155464	0.1677036601113571	0.004464285714285714	0.24038266317174498	0.13005247800417694	0.2855158264474099	0.24333286316074096	0.18663624480540472	0.08209858124600332	0.03160280355607145	0.00744047619047619	0.013576330012717252	0.23257908507252764	1.0	0.219281367403015	0.21938626135378522	0.2905103683218016	0.01780752681824483	0.016795865633074936	0.1052805069832826	0.11765498411107674	0.17099100750353663	0.0	0.10024864674974408	0.020887728459530026	0.23863775483646585
pt	0.017141866244542985	0.06706320765311852	0.002398081534772182	0.006880733944954129	0.10351846305724713	0.2314013291269099	0.1563256463948263	0.19785162541968832	0.2564476786653698	0.25534284719805084	0.12273474642827854	0.0034403669724770644	0.21733350835808907	0.09842963820781088	0.25092473747981825	0.2137793099095285	0.1684580172443851	0.060714176332428496	0.025572803705434743	0.005733944954128441	0.010412201203939066	0.2706704883752101	0.219281367403015	1.0	0.2118027155787795	0.2118902981884687	0.01020408163265306	0.016666666666666666	0.0819727581373933	0.07219353743023739	0.13358131013689933	0.0	0.08067082920738125	0.019184652278177457	0.1980903826514575
ro	0.01801477050733373	0.10930777482824637	0.005988023952095809	0.010033444816053512	0.12022334487207327	0.22893477169621626	0.20862094189309607	0.14952224298883196	0.19399274184907986	0.2520954740048312	0.1660300477375688	0.005016722408026756	0.26058665240356305	0.13434418790961006	0.2124259210105255	0.23091605860670358	0.16930440988490744	0.09177369273244132	0.035326993296637424	0.008402140643474536	0.015368118234123197	0.18478003454406872	0.21938626135378522	0.2118027155787795	1.0	0.25107001267358864	0.013114754098360656	0.03488372093023256	0.09692544539783703	0.10112962308603991	0.1460785228209714	0.0	0.09807002116220545	0.044642857142857144	0.22242453098015094
ru	0.014970059880239521	0.10794793186306507	0.0016051364365971107	0.009202453987730062	0.14517991302953998	0.28564311217308447	0.2276431494590928	0.19666323795172738	0.2674103034903296	0.27876064051874405	0.18642363648958715	0.004601226993865031	0.23817291128518725	0.14836594139818618	0.27982169113882077	0.29223876132162824	0.20880312133806742	0.08723369845393074	0.02912235450082988	0.007731024717259265	0.012318914969293293	0.23412094140737355	0.2905103683218016	0.2118902981884687	0.25107001267358864	1.0	0.015151515151515152	0.013643659711075442	0.11207323358814093	0.10360116252330727	0.1772105756237651	0.0	0.11967063011891446	0.012841091492776886	0.28140052258305337
sh	0.07142857142857142	0.058659328476401644	0.004149377593360996	0.05555555555555555	0.023170267802799755	0.014444444444444444	0.022841977934889155	0.007936507936507936	0.010889292196007259	0.009855997967088949	0.03176993067590988	0.03125	0.014011041228644156	0.03577903739999595	0.012980571725654828	0.01638439905887594	0.015101276290828709	0.06857786016949152	0.08064516129032258	0.058823529411764705	0.07809523809523809	0.009242144177449169	0.01780752681824483	0.01020408163265306	0.013114754098360656	0.015151515151515152	1.0	0.028688524590163935	0.025252525252525252	0.06895401895401895	0.017456850114050924	0.0	0.012194809793390016	0.030991735537190084	0.015060240963855422
si	0.04054054054054054	0.059322033898305086	0.0	0.0625	0.040372670807453416	0.013131313131313131	0.03428571428571429	0.011580381471389645	0.013461538461538462	0.015180265654648957	0.02850877192982456	0.05421686746987952	0.03197674418604651	0.01891891891891892	0.011650485436893204	0.020967741935483872	0.02364864864864865	0.0625	0.025423728813559324	0.043478260869565216	0.038461538461538464	0.021806853582554516	0.016795865633074936	0.016666666666666666	0.03488372093023256	0.013643659711075442	0.028688524590163935	0.5	0.061855670103092786	0.020440251572327043	0.025830258302583026	0.03225806451612903	0.035175879396984924	0.1111111111111111	0.024054982817869417
simple	0.05102040816326531	0.1142708814028611	0.010869565217391304	0.027472527472527472	0.14731296364059746	0.0899544276482722	0.14679684081019262	0.05435402322327017	0.07258064516129033	0.08150319213800808	0.1803337761685205	0.016666666666666666	0.11205278141296157	0.1487687062868753	0.08182181258665172	0.12280986407936716	0.12368125375842678	0.1297144146296149	0.07168066204210784	0.027777777777777776	0.04945054945054945	0.06799714618836512	0.1052805069832826	0.0819727581373933	0.09692544539783703	0.11207323358814093	0.025252525252525252	0.061855670103092786	1.0	0.12103558498147332	0.12247196271839986	0.0	0.0879509641302094	0.06842105263157895	0.11134008378703844
sr	0.02	0.32017935732136144	0.0015873015873015873	0.028735632183908046	0.1828715292763631	0.08744840954223534	0.15774337919810624	0.05349494479929263	0.06825160791731354	0.0757776237516729	0.2323384845267587	0.01763588452409959	0.1296830421728324	0.2508366514400176	0.0762867101523658	0.11428324640923973	0.11211928246756815	0.3326448931778881	0.09548441735823678	0.02318230419673884	0.04870005900933736	0.06812872419896919	0.11765498411107674	0.07219353743023739	0.10112962308603991	0.10360116252330727	0.06895401895401895	0.020440251572327043	0.12103558498147332	1.0	0.13055988061886728	0.0	0.08088829265478045	0.022151898734177215	0.10581655480984341
sv	0.019148936170212766	0.15332426425505824	0.0037313432835820895	0.01327433628318584	0.23767635223021263	0.1642889609790313	0.1930295944096567	0.13615631255276311	0.13404666618532385	0.15031443680366174	0.1830667176411857	0.00663716814159292	0.1850439610148681	0.15932170798171588	0.15542866663064428	0.18955569362936997	0.16183140114193967	0.11955975358220983	0.039662123425739285	0.00881057268722467	0.015390589165383224	0.18148106731659897	0.17099100750353663	0.13358131013689933	0.1460785228209714	0.1772105756237651	0.017456850114050924	0.025830258302583026	0.12247196271839986	0.13055988061886728	1.0	0.0	0.17502030469346067	0.029850746268656716	0.17534233930777174
te	0.0	0.0	0.0	0.0	0.0	0.0	0.0	0.0	0.0	0.0	0.0	0.0	0.0	0.0	0.0	0.0	0.0	0.0	0.0	0.0	0.0	0.0	0.0	0.0	0.0	0.0	0.0	0.03225806451612903	0.0	0.0	0.0	0.0	0.0	0.03333333333333333	0.0
vi	0.024027319110643246	0.09342821635696533	0.00510204081632653	0.01598969730123997	0.12846061739157835	0.09873426295109838	0.1160563280093504	0.09826597040228222	0.0812807881773399	0.09322273486050091	0.1032723006407217	0.009433962264150943	0.13293314400409978	0.13879157146483878	0.10143232275005969	0.13593052167203173	0.10100847571563015	0.08148485905104204	0.0326975311144444	0.0125	0.022305218383649756	0.1154108485978072	0.10024864674974408	0.08067082920738125	0.09807002116220545	0.11967063011891446	0.012194809793390016	0.035175879396984924	0.0879509641302094	0.08088829265478045	0.17502030469346067	0.0	1.0	0.04081632653061224	0.12794940800277121
war	0.07352941176470588	0.10185185185185185	0.0	0.15	0.050955414012738856	0.01524390243902439	0.03757225433526012	0.010899182561307902	0.015473887814313346	0.015209125475285171	0.03333333333333333	0.06172839506172839	0.03529411764705882	0.021798365122615803	0.013671875	0.024429967426710098	0.027303754266211604	0.08333333333333333	0.049107142857142856	0.06060606060606061	0.056451612903225805	0.025157232704402517	0.020887728459530026	0.019184652278177457	0.044642857142857144	0.012841091492776886	0.030991735537190084	0.1111111111111111	0.06842105263157895	0.022151898734177215	0.029850746268656716	0.03333333333333333	0.04081632653061224	0.5	0.027777777777777776
zh	0.018041113458752756	0.10628673032213595	0.003472222222222222	0.009146341463414634	0.15671039245637924	0.2683429495447767	0.209287128001744	0.2007561850243076	0.24163784142232417	0.23357727795066338	0.1712719831994051	0.004573170731707317	0.19680745716763878	0.15300515620945268	0.2536036036036036	0.27276528649764253	0.21211606272851155	0.0832553233568462	0.03391867309319586	0.007621951219512195	0.013754439902642397	0.22731349770823453	0.23863775483646585	0.1980903826514575	0.22242453098015094	0.28140052258305337	0.015060240963855422	0.024054982817869417	0.11134008378703844	0.10581655480984341	0.17534233930777174	0.0	0.12794940800277121	0.027777777777777776	1.0
