arz	bs	ceb	ckb	da	de	el	en	es	fr	he	hi	hu	id	it	ja	ko	lv	mk	ml	mr	nl	pl	pt	ro	ru	sh	si	simple	sr	sv	te	vi	war	zh
arz	0.0	0.0	0.0	0.0	0.0	0.0	0.0	0.0	0.0	0.0	0.0	0.0	0.0	0.0	0.0	0.0	0.0	0.0	0.0	0.0	0.0	0.0	0.0	0.0	0.0	0.0	0.0	0.0	0.0	0.0	0.0	0.0	0.0	0.0	0.0
bs	0.0	1.0	0.0	0.0	0.0	0.0042656916514320535	0.0	0.0007541478129713424	0.0	0.003567787971457696	0.0	0.0	0.0	0.0	0.002246273228507249	0.0	0.0	0.0	0.0	0.0006901311249137336	0.0009737098344693282	0.0	2.7364086005322314e-05	0.0	0.0	0.0	0.07555555555555556	0.0033783783783783786	0.0	0.0	0.0	0.0	0.0	0.0	0.0
ceb	0.0	0.0	1.0	0.0	0.0	0.0	0.0	0.0	0.0	0.0	0.00016597510373443983	0.0	0.0004987531172069825	0.0	0.0	0.0	0.0	0.0	0.0	0.0	0.0	0.0	0.0	0.0	0.0	0.0	0.0	0.0	0.0	0.0	0.0	0.0	0.0	0.0	0.0
ckb	0.0	0.0	0.0	1.0	0.0	0.0	0.00043782837127845885	3.5110510331267664e-06	6.477522995206633e-05	0.0	0.00033030553261767135	0.0	0.0	0.0	0.0	3.619778469557663e-05	0.0	0.0	0.0	0.0	0.0	0.0	6.989585517578807e-05	0.0	0.0	1.753063478428554e-05	0.0	0.0	0.0	0.0	5.0787201625190454e-05	0.0	0.00026455026455026457	0.0	0.0
da	0.0	0.0	0.0	0.0	0.0	0.0	0.0	0.0	0.0	0.0	0.0	0.0	0.0	0.0	0.0	0.0	0.0	0.0	0.0	0.0010799136069114472	0.0	0.0	0.0	0.0	0.0	0.0	0.0	0.0007727975270479134	0.0	0.0	0.0	0.0	0.0	0.0	0.0
de	0.0	0.0042656916514320535	0.0	0.0	0.0	1.0	0.0	0.0010790812394018807	0.0	0.002860775588048315	0.0	0.0	0.0	0.0	0.001643655489809336	0.0	0.0	0.0	0.0	4.432427640618767e-05	0.0	0.0	3.393004980931312e-05	0.0	0.0	0.0	0.003003003003003003	0.0	0.0	0.0	0.0	0.0	0.0	0.0	0.0
el	0.0	0.0	0.0	0.00043782837127845885	0.0	0.0	0.0	0.0	0.0	0.0	0.0	0.0	0.0	0.0	0.0	0.0	0.0	0.0	0.0	0.0010050251256281408	0.0	0.0	0.0	0.0	0.0	0.0	0.0	0.00041186161449752884	0.0	0.0	0.0	0.0008453085376162299	0.0	0.0	0.0
en	0.0	0.0007541478129713424	0.0	3.5110510331267664e-06	0.0	0.0010790812394018807	0.0	1.0	0.0	0.0025007355104442485	0.0	0.0	0.0	0.0001832508704416346	0.002260583641594739	0.0	0.0	0.0	0.0	5.253866845998655e-05	1.0522845096704947e-05	0.00040672451193058567	0.00022517600153649508	0.0	0.00019642506383814575	0.0	0.001691411388836685	0.0	0.0	0.0	0.0	1.0530158373581938e-05	0.0	0.0	0.0
es	0.0	0.0	0.0	6.477522995206633e-05	0.0	0.0	0.0	0.0	1.0	0.0005099439061703213	0.0	0.0	0.0	0.0	0.00020408163265306123	0.0	0.0	0.0	0.0	0.00018588512299398972	6.361727845282778e-05	0.0	0.0	0.0	0.0	0.0	0.0	6.417661404184315e-05	0.0	0.0	0.0	0.0	0.0	0.0	0.0
fr	0.0	0.003567787971457696	0.0	0.0	0.0	0.002860775588048315	0.0	0.0025007355104442485	0.0005099439061703213	1.0	0.0	0.0	0.0	0.0	0.010077153204219808	0.0	0.0	0.0	0.0	0.00011852554225435582	1.9918334827208444e-05	0.0002475860361475613	4.739946235466986e-05	0.0	0.0	0.0	0.004034291477559254	0.0	0.0	0.0	0.0	3.999520057593089e-05	0.0	0.0	0.0
he	0.0	0.0	0.00016597510373443983	0.00033030553261767135	0.0	0.0	0.0	0.0	0.0	0.0	0.0	0.0	0.0	0.0	0.0	0.0	0.0	0.0	0.0	0.0004439840165754033	0.00015780337699226762	0.0	0.0	0.0	0.0	0.0	0.0	0.00016129032258064516	0.0	0.0	0.0	0.00016289297931259162	0.0	0.0	0.0
hi	0.0	0.0	0.0	0.0	0.0	0.0	0.0	0.0	0.0	0.0	0.0	0.0	0.0	0.0	0.0	0.0	0.0	0.0	0.0	0.0008435259384226065	0.001026167265264238	0.0	0.0	0.0	0.0	0.0	0.0	0.0005515719801434088	0.0	0.0	0.0	0.0005707762557077625	0.0	0.0	0.0
hu	0.0	0.0	0.0004987531172069825	0.0	0.0	0.0	0.0	0.0	0.0	0.0	0.0	0.0	0.0	0.0	0.0	0.0	0.0	0.0	0.0	0.0010960906101571063	0.0012958963282937365	0.0	0.0	0.0	0.0	0.0	0.0	0.0	0.0	0.0	0.0	0.00047192071731949034	0.0	0.0	0.0
id	0.0	0.0	0.0	0.0	0.0	0.0	0.0	0.0001832508704416346	0.0	0.0	0.0	0.0	0.0	1.0	0.00019774569903104609	0.0	0.0	0.0	0.0	0.0	0.001564945226917058	0.0	0.0	0.0	0.0	0.0	0.001579778830963665	0.00041288191577208916	0.0	0.0	0.0	0.0	0.0	0.0	0.0
it	0.0	0.002246273228507249	0.0	0.0	0.0	0.001643655489809336	0.0	0.002260583641594739	0.00020408163265306123	0.010077153204219808	0.0	0.0	0.0	0.00019774569903104609	1.0	0.0	0.0	0.0	0.0	8.44138303619665e-05	6.801448708574926e-05	0.00028665615594094884	5.311414894535218e-05	0.0	0.0	0.0	0.004277856997351803	0.0	0.0	0.0	0.0	1.7060188344479325e-05	0.0	0.0	0.0
ja	0.0	0.0	0.0	3.619778469557663e-05	0.0	0.0	0.0	0.0	0.0	0.0	0.0	0.0	0.0	0.0	0.0	0.0	0.0	0.0	0.0	0.0002471489602090174	0.00010750761512273786	0.0	0.0	0.0	0.0	0.0	0.0	7.202275919190464e-05	0.0	0.0	0.0	0.0	0.0	0.0	0.0
ko	0.0	0.0	0.0	0.0	0.0	0.0	0.0	0.0	0.0	0.0	0.0	0.0	0.0	0.0	0.0	0.0	0.0	0.0	0.0	0.00013642564802182812	0.00014475969889982628	0.0	0.0	0.0	0.0	0.0	0.0	0.0002954209748892171	0.0	0.0	0.0	0.0002981070204203309	0.0	0.0	0.0
lv	0.0	0.0	0.0	0.0	0.0	0.0	0.0	0.0	0.0	0.0	0.0	0.0	0.0	0.0	0.0	0.0	0.0	0.0	0.0	0.0016	0.0	0.0	0.0	0.0	0.0	0.0	0.0	0.004347826086956522	0.0	0.0	0.0	0.0	0.0	0.0	0.0
mk	0.0	0.0	0.0	0.0	0.0	0.0	0.0	0.0	0.0	0.0	0.0	0.0	0.0	0.0	0.0	0.0	0.0	0.0	0.0	0.0023651844843897824	0.0	0.0	0.0	0.0	0.0	0.0	0.0	0.0	0.0	0.0	0.0	0.0	0.0	0.0	0.0
ml	0.0	0.0006901311249137336	0.0	0.0	0.0010799136069114472	4.432427640618767e-05	0.0010050251256281408	5.253866845998655e-05	0.00018588512299398972	0.00011852554225435582	0.0004439840165754033	0.0008435259384226065	0.0010960906101571063	0.0	8.44138303619665e-05	0.0002471489602090174	0.00013642564802182812	0.0016	0.0023651844843897824	1.0	0.002849002849002849	0.00012405408758218582	0.00019989339019189765	0.0001274426508071368	0.001487357461576599	0.00019052237771927393	0.0027210884353741495	0.0	0.0013747594171020072	0.00022177866489243733	0.00019617459538989702	0.0	0.00022306491188935982	0.0	0.0003140374751386999
mr	0.0	0.0009737098344693282	0.0	0.0	0.0	0.0	0.0	1.0522845096704947e-05	6.361727845282778e-05	1.9918334827208444e-05	0.00015780337699226762	0.001026167265264238	0.0012958963282937365	0.001564945226917058	6.801448708574926e-05	0.00010750761512273786	0.00014475969889982628	0.0	0.0	0.002849002849002849	1.0	0.0	6.854949273375377e-05	0.0	0.0006261740763932373	3.489000924585245e-05	0.0	0.006072874493927126	0.0006215040397762585	0.0	0.0001502328609344484	0.0	0.0004926108374384236	0.0	0.00021246458923512748
nl	0.0	0.0	0.0	0.0	0.0	0.0	0.0	0.00040672451193058567	0.0	0.0002475860361475613	0.0	0.0	0.0	0.0	0.00028665615594094884	0.0	0.0	0.0	0.0	0.00012405408758218582	0.0	1.0	6.745317063628576e-06	0.0	0.0	0.0	0.00039154267815191856	0.0	0.0	0.0	0.0	0.0	0.0	0.0	0.0
pl	0.0	2.7364086005322314e-05	0.0	6.989585517578807e-05	0.0	3.393004980931312e-05	0.0	0.00022517600153649508	0.0	4.739946235466986e-05	0.0	0.0	0.0	0.0	5.311414894535218e-05	0.0	0.0	0.0	0.0	0.00019989339019189765	6.854949273375377e-05	6.745317063628576e-06	1.0	0.0	0.0	0.0	1.3679796991812641e-05	0.0	0.0	0.0	0.0	6.949270326615705e-05	0.0	0.0	0.0
pt	0.0	0.0	0.0	0.0	0.0	0.0	0.0	0.0	0.0	0.0	0.0	0.0	0.0	0.0	0.0	0.0	0.0	0.0	0.0	0.0001274426508071368	0.0	0.0	0.0	0.0	0.0	0.0	0.0	0.00012897401173663506	0.0	0.0	0.0	2.1521575379317765e-05	0.0	0.0	0.0
ro	0.0	0.0	0.0	0.0	0.0	0.0	0.0	0.00019642506383814575	0.0	0.0	0.0	0.0	0.0	0.0	0.0	0.0	0.0	0.0	0.0	0.001487357461576599	0.0006261740763932373	0.0	0.0	0.0	1.0	0.0	0.0	0.0	0.0	0.0	0.0	0.0	0.0	0.0	0.0
ru	0.0	0.0	0.0	1.753063478428554e-05	0.0	0.0	0.0	0.0	0.0	0.0	0.0	0.0	0.0	0.0	0.0	0.0	0.0	0.0	0.0	0.00019052237771927393	3.489000924585245e-05	0.0	0.0	0.0	0.0	0.0	0.0	3.497359493582345e-05	0.0	0.0	0.0	5.2517330719137316e-05	0.0	0.0	0.0
sh	0.0	0.07555555555555556	0.0	0.0	0.0	0.003003003003003003	0.0	0.001691411388836685	0.0	0.004034291477559254	0.0	0.0	0.0	0.001579778830963665	0.004277856997351803	0.0	0.0	0.0	0.0	0.0027210884353741495	0.0	0.00039154267815191856	1.3679796991812641e-05	0.0	0.0	0.0	1.0	0.0004187604690117253	0.0	0.0	0.0	0.0	0.0	0.0	0.0
si	0.0	0.0033783783783783786	0.0	0.0	0.0007727975270479134	0.0	0.00041186161449752884	0.0	6.417661404184315e-05	0.0	0.00016129032258064516	0.0005515719801434088	0.0	0.00041288191577208916	0.0	7.202275919190464e-05	0.0002954209748892171	0.004347826086956522	0.0	0.0	0.006072874493927126	0.0	0.0	0.00012897401173663506	0.0	3.497359493582345e-05	0.0004187604690117253	1.0	0.0006491398896462187	0.00025316455696202533	5.041847332862761e-05	0.006734006734006734	0.0	0.0	0.00014232342999466287
simple	0.0	0.0	0.0	0.0	0.0	0.0	0.0	0.0	0.0	0.0	0.0	0.0	0.0	0.0	0.0	0.0	0.0	0.0	0.0	0.0013747594171020072	0.0006215040397762585	0.0	0.0	0.0	0.0	0.0	0.0	0.0006491398896462187	0.0	0.0	0.0	0.0	0.0	0.0	0.0
sr	0.0	0.0	0.0	0.0	0.0	0.0	0.0	0.0	0.0	0.0	0.0	0.0	0.0	0.0	0.0	0.0	0.0	0.0	0.0	0.00022177866489243733	0.0	0.0	0.0	0.0	0.0	0.0	0.0	0.00025316455696202533	0.0	0.0	0.0	0.00025713551041398817	0.0	0.0	0.0
sv	0.0	0.0	0.0	5.0787201625190454e-05	0.0	0.0	0.0	0.0	0.0	0.0	0.0	0.0	0.0	0.0	0.0	0.0	0.0	0.0	0.0	0.00019617459538989702	0.0001502328609344484	0.0	0.0	0.0	0.0	0.0	0.0	5.041847332862761e-05	0.0	0.0	1.0	0.00020232675771370763	0.0	0.0	0.0
te	0.0	0.0	0.0	0.0	0.0	0.0	0.0008453085376162299	1.0530158373581938e-05	0.0	3.999520057593089e-05	0.00016289297931259162	0.0005707762557077625	0.00047192071731949034	0.0	1.7060188344479325e-05	0.0	0.0002981070204203309	0.0	0.0	0.0	0.0	0.0	6.949270326615705e-05	2.1521575379317765e-05	0.0	5.2517330719137316e-05	0.0	0.006734006734006734	0.0	0.00025713551041398817	0.00020232675771370763	1.0	0.0	0.0	0.00010697093956141915
vi	0.0	0.0	0.0	0.00026455026455026457	0.0	0.0	0.0	0.0	0.0	0.0	0.0	0.0	0.0	0.0	0.0	0.0	0.0	0.0	0.0	0.00022306491188935982	0.0004926108374384236	0.0	0.0	0.0	0.0	0.0	0.0	0.0	0.0	0.0	0.0	0.0	0.0	0.0	0.0
war	0.0	0.0	0.0	0.0	0.0	0.0	0.0	0.0	0.0	0.0	0.0	0.0	0.0	0.0	0.0	0.0	0.0	0.0	0.0	0.0	0.0	0.0	0.0	0.0	0.0	0.0	0.0	0.0	0.0	0.0	0.0	0.0	0.0	1.0	0.0
zh	0.0	0.0	0.0	0.0	0.0	0.0	0.0	0.0	0.0	0.0	0.0	0.0	0.0	0.0	0.0	0.0	0.0	0.0	0.0	0.0003140374751386999	0.00021246458923512748	0.0	0.0	0.0	0.0	0.0	0.0	0.00014232342999466287	0.0	0.0	0.0	0.00010697093956141915	0.0	0.0	0.0
