arz	bs	ceb	ckb	da	de	el	en	es	fr	he	hi	hu	id	it	ja	ko	lv	mk	ml	mr	nl	pl	pt	ro	ru	sh	si	simple	sr	sv	te	vi	war	zh
arz	1.0	0.6972954930026792	1.0	0.6568318202362041	0.0	1.0	1.0	1.0	1.0	1.0	1.0	0.0	1.0	0.5660160774121898	0.7863954451402115	1.0	1.0	1.0	1.0	0.4179826083364674	0.36302366575306005	1.0	1.0	1.0	0.0	1.0	0.5020797777427737	0.346037688955578	1.0	1.0	1.0	0.48559209541517623	1.0	0.7263875964832448	1.0
bs	0.6972954930026792	1.0	0.5155729592481951	0.1961724321246416	0.749506019670501	0.21542101628942165	0.3624062906154252	0.20075186856409924	0.37542189594315023	0.27993326809149166	0.3800508245341967	0.0	0.2609358217945468	0.5084267432279024	0.2741487033735213	0.3892270396393496	0.4145375323388633	0.4103956189083851	0.379396300538181	0.15047277149867389	0.2363837780208049	0.40836040518702144	0.2781202031088071	0.3474573166776648	0.7690990303325336	0.3824034100411158	0.3068375526051703	0.22609863945411846	1.0	0.37693765215170844	0.3555856632678707	0.23818453066026346	0.29853704730320646	0.37534267184587616	0.39249826275463817
ceb	1.0	0.5155729592481951	1.0	0.5987071395986557	0.6530901126588677	0.5528880938058808	0.5222627742549064	0.3781347220250995	0.5108628890792595	0.5528880938058808	0.5752639211367688	0.5116214264215831	0.5417856879952071	0.511766132443758	0.629533639762198	0.5528880938058808	0.5528880938058808	0.641521583802158	0.6260556635700716	0.629533639762198	0.5350919257457826	0.629533639762198	0.5528880938058808	0.5106697650833893	0.5528880938058808	0.5528880938058808	0.6530901126588677	0.5166568353505717	0.522538154895432	0.5528880938058808	0.629533639762198	0.6743202287441529	0.5704427358174062	0.6530901126588677	0.5704427358174062
ckb	0.6568318202362041	0.1961724321246416	0.5987071395986557	1.0	0.2431192977077303	0.23832386439208142	0.20022973355074836	0.15756689058448575	0.25017808028975197	0.1708649610188137	0.20437482373343974	0.24829770312374946	0.23546194920828786	0.2467190749763468	0.16026097243778697	0.15053562859152497	0.1937640595764463	0.23791552157342763	0.19412588646732995	0.2451821769713983	0.26098485421466205	0.2261856798636412	0.22473107108386517	0.16620363429485668	0.23931226879896939	0.16411028346030748	0.22952420231461038	0.29420225185440446	0.2079331168713645	0.24215018126035898	0.12635147102218533	0.42292008688716026	0.20548006618969317	0.6334134137277927	0.1783899357804722
da	0.0	0.749506019670501	0.6530901126588677	0.2431192977077303	1.0	0.46959601155582775	1.0	1.0	1.0	1.0	1.0	0.0	1.0	0.0	0.4695960115558277	1.0	1.0	1.0	1.0	0.1293982884214703	0.1834944479378928	1.0	0.6908587525207898	1.0	1.0	1.0	1.0	0.18665348536120485	1.0	1.0	1.0	0.18932355673111917	0.0	0.4422936556054066	1.0
de	1.0	0.21542101628942165	0.5528880938058808	0.23832386439208142	0.46959601155582775	1.0	0.2800673680593476	0.12341913440777962	0.15675902544058962	0.13907650168351546	0.1744783001652606	0.5020797777427737	0.5585962284130149	0.6250310284714217	0.19052988647266078	0.5974678685557102	0.33275228719183486	0.3798144924656429	0.2000787754327248	0.10077220815696318	0.16913458397233708	0.24324575393040973	0.1254035291026658	0.24773842550663874	0.6395657813917608	0.18580133887494193	0.2178702123421635	0.18058437522596046	0.41691170415342604	0.1702949035785271	0.466557271724944	0.16244984416186187	0.3893540111452552	0.5180127117638832	0.20783288160051344
el	1.0	0.3624062906154252	0.5222627742549064	0.20022973355074836	1.0	0.2800673680593476	1.0	0.23968545822185194	0.6313914578726703	0.30107820606863855	1.0	0.0	1.0	0.818737281890724	0.30559820325690334	1.0	1.0	1.0	1.0	0.11101025190910789	0.14279239774179792	0.571540056837904	0.3304412824642468	1.0	1.0	1.0	0.3282425162723128	0.18947127234577463	1.0	1.0	0.728099120889861	0.1833872905897741	1.0	0.21407699249153733	1.0
en	1.0	0.20075186856409924	0.3781347220250995	0.15756689058448575	1.0	0.12341913440777962	0.23968545822185194	1.0	0.15199351536502123	0.14315271132507465	0.1707840470035648	0.7863954451402115	0.2466703150498393	0.49392580168713046	0.17760214557652648	0.4510143198737404	0.31987269180437483	0.437046140459085	0.16583969667121637	0.08345640659990969	0.13231423898726782	0.16220180968120204	0.10728900611670127	0.22446483918768131	0.338457203171134	0.15530240895689293	0.22166469917674955	0.13965212711593622	0.790060814933232	0.1826506987043333	0.28688661059793125	0.11707795935491572	0.48049952533355433	0.27819629210091623	0.22879662466122136
es	1.0	0.37542189594315023	0.5108628890792595	0.25017808028975197	1.0	0.15675902544058962	0.6313914578726703	0.15199351536502123	1.0	0.216439518701688	0.5396029284838763	1.0	1.0	0.5020313421784851	0.31338739525676407	1.0	1.0	1.0	1.0	0.09809372244609635	0.17896625535193297	0.2129955503785059	0.13690411281883685	0.5761073000459279	0.5570260267770091	0.45459898836724905	0.3775303864964747	0.1724397041803791	1.0	0.698544274326245	0.7189258117174852	0.12931777614960235	1.0	0.49530672636081685	1.0
fr	1.0	0.27993326809149166	0.5528880938058808	0.1708649610188137	1.0	0.13907650168351546	0.30107820606863855	0.14315271132507465	0.216439518701688	1.0	0.228573691447932	0.4520806193667602	0.346168001725222	0.8618973059466463	0.1968003230387425	0.5303943831706858	0.369993780817711	0.44356838344039357	0.303665645658617	0.08838731952891189	0.16223948002654345	0.18103070082848652	0.17168835647293113	0.2508208266161234	0.5691307896559942	0.24517770450189952	0.2863875931826668	0.16646377450393643	0.5423153687358192	0.27967355770954405	0.4139454140003852	0.11595330220235908	0.5103968156218467	0.30546811162020054	0.31113645843814514
he	1.0	0.3800508245341967	0.5752639211367688	0.20437482373343974	1.0	0.1744783001652606	1.0	0.1707840470035648	0.5396029284838763	0.228573691447932	1.0	1.0	1.0	0.7425273223468494	0.32443363700837047	1.0	1.0	1.0	1.0	0.10327421179126046	0.17501080161429727	0.32520028932093376	0.25049821859416316	1.0	1.0	1.0	0.3621172375031431	0.15728060013096715	1.0	1.0	0.7300208629885034	0.12557446238181716	1.0	0.4224019269552793	1.0
hi	0.0	0.0	0.5116214264215831	0.24829770312374946	0.0	0.5020797777427737	0.0	0.7863954451402115	1.0	0.4520806193667602	1.0	1.0	0.0	0.0	0.0	0.0	0.0	0.0	0.0	0.10755477765372962	0.15371621178433056	0.0	1.0	1.0	0.0	1.0	0.0	0.18223366436990193	0.0	1.0	0.0	0.13580302296957772	0.0	0.2933114366663402	1.0
hu	1.0	0.2609358217945468	0.5417856879952071	0.23546194920828786	1.0	0.5585962284130149	1.0	0.2466703150498393	1.0	0.346168001725222	1.0	0.0	1.0	0.5660160774121898	0.2412843085157828	1.0	1.0	1.0	1.0	0.11389724823962534	0.1447707658738787	0.593659722556896	0.4876220769765525	1.0	0.6983438190355966	1.0	0.523315675861403	0.19662132744651975	1.0	1.0	0.7263875964832448	0.18776815186298795	1.0	0.37980982094665694	1.0
id	0.5660160774121898	0.5084267432279024	0.511766132443758	0.2467190749763468	0.0	0.6250310284714217	0.818737281890724	0.49392580168713046	0.5020313421784851	0.8618973059466463	0.7425273223468494	0.0	0.5660160774121898	1.0	0.7597150553286022	0.5660160774121898	0.5660160774121898	0.0	0.9105569812821471	0.10928755171786712	0.1761346343413639	0.7015838265496533	0.5020313421784851	0.7522624579242487	0.0	0.8618973059466463	1.0	0.17937487368240482	1.0	0.818737281890724	0.9105569812821471	0.14911314570070477	0.5660160774121898	0.41136571261805804	0.4702762018265766
it	0.7863954451402115	0.2741487033735213	0.629533639762198	0.16026097243778697	0.4695960115558277	0.19052988647266078	0.30559820325690334	0.17760214557652648	0.31338739525676407	0.1968003230387425	0.32443363700837047	0.0	0.2412843085157828	0.7597150553286022	1.0	0.39495057640976877	0.24966823038818628	0.42732483731289866	0.32555985843350466	0.08845143886026831	0.1435328117949952	0.2533301050061775	0.21352495612666925	0.26021078363383154	0.34251629984131704	0.33268516839835993	0.27829006200625905	0.16086469672433015	0.6669741129147666	0.3216754645043161	0.43345801830582753	0.10622969026858045	0.478185647753396	0.405253221913551	0.3064781705885984
ja	1.0	0.3892270396393496	0.5528880938058808	0.15053562859152497	1.0	0.5974678685557102	1.0	0.4510143198737404	1.0	0.5303943831706858	1.0	0.0	1.0	0.5660160774121898	0.39495057640976877	1.0	1.0	1.0	1.0	0.09300536396848123	0.13789823749509603	0.6701591524560107	0.6290808149140177	1.0	1.0	1.0	0.39020795263848757	0.14880626681615186	1.0	1.0	0.7347168825662656	0.11078304306134458	1.0	0.30328496385242454	1.0
ko	1.0	0.4145375323388633	0.5528880938058808	0.1937640595764463	1.0	0.33275228719183486	1.0	0.31987269180437483	1.0	0.369993780817711	1.0	0.0	1.0	0.5660160774121898	0.24966823038818628	1.0	1.0	1.0	1.0	0.09627305592535154	0.16235560767206447	0.574421462997928	0.38336008229119817	1.0	1.0	1.0	0.3888044139142913	0.1579892701096198	1.0	1.0	0.7300208629885034	0.15940501934986026	1.0	0.40941632611678636	1.0
lv	1.0	0.4103956189083851	0.641521583802158	0.23791552157342763	1.0	0.3798144924656429	1.0	0.437046140459085	1.0	0.44356838344039357	1.0	0.0	1.0	0.0	0.42732483731289866	1.0	1.0	1.0	1.0	0.12222997030452373	0.17526717300845696	0.7863954451402115	0.4982243199095968	1.0	1.0	1.0	0.35227686980065115	0.21773105755090005	0.0	1.0	1.0	0.2426959409558924	1.0	0.36042855132825585	1.0
mk	1.0	0.379396300538181	0.6260556635700716	0.19412588646732995	1.0	0.2000787754327248	1.0	0.16583969667121637	1.0	0.303665645658617	1.0	0.0	1.0	0.9105569812821471	0.32555985843350466	1.0	1.0	1.0	1.0	0.12162005002842968	0.1772952650535234	0.5587409239958888	0.28215594692790497	1.0	1.0	1.0	0.3807845407008072	0.20319829884810164	1.0	1.0	0.7263875964832448	0.20062584697315627	1.0	0.2433429927399308	1.0
ml	0.4179826083364674	0.15047277149867389	0.629533639762198	0.2451821769713983	0.1293982884214703	0.10077220815696318	0.11101025190910789	0.08345640659990969	0.09809372244609635	0.08838731952891189	0.10327421179126046	0.10755477765372962	0.11389724823962534	0.10928755171786712	0.08845143886026831	0.09300536396848123	0.09627305592535154	0.12222997030452373	0.12162005002842968	1.0	0.17027900301767657	0.10008032365057766	0.10022892944198715	0.0841562083416797	0.12206117451545619	0.09058719065665011	0.11725923458702145	0.19993620355393668	0.10540641391972656	0.10169002221364505	0.09722927480209129	0.20556481314587052	0.09966834084591057	0.2934430610692614	0.09896385055157618
mr	0.36302366575306005	0.2363837780208049	0.5350919257457826	0.26098485421466205	0.1834944479378928	0.16913458397233708	0.14279239774179792	0.13231423898726782	0.17896625535193297	0.16223948002654345	0.17501080161429727	0.15371621178433056	0.1447707658738787	0.1761346343413639	0.1435328117949952	0.13789823749509603	0.16235560767206447	0.17526717300845696	0.1772952650535234	0.17027900301767657	1.0	0.17313914893458654	0.17863664929553744	0.14793072266549012	0.16219116199560965	0.14890717443618923	0.1613974941146206	0.1947351398149916	0.15282273111146105	0.15903022879698997	0.15455471629300604	0.21026370703692568	0.1587476884444501	0.2937904051369997	0.13662745745131824
nl	1.0	0.40836040518702144	0.629533639762198	0.2261856798636412	1.0	0.24324575393040973	0.571540056837904	0.16220180968120204	0.2129955503785059	0.18103070082848652	0.32520028932093376	0.0	0.593659722556896	0.7015838265496533	0.2533301050061775	0.6701591524560107	0.574421462997928	0.7863954451402115	0.5587409239958888	0.10008032365057766	0.17313914893458654	1.0	0.17051341678014315	0.35746183407989324	0.5020797777427737	0.2985655652127688	0.3895003320539886	0.1669327812259005	0.7584325078215763	0.5808852645006567	0.49471438440712534	0.1282379530323099	1.0	0.4569279391230926	0.5819274293967763
pl	1.0	0.2781202031088071	0.5528880938058808	0.22473107108386517	0.6908587525207898	0.1254035291026658	0.3304412824642468	0.10728900611670127	0.13690411281883685	0.17168835647293113	0.25049821859416316	1.0	0.4876220769765525	0.5020313421784851	0.21352495612666925	0.6290808149140177	0.38336008229119817	0.4982243199095968	0.28215594692790497	0.10022892944198715	0.17863664929553744	0.17051341678014315	1.0	0.2903690542103124	0.3875626862910747	0.11843485891985894	0.3156959367696473	0.16481359473768267	1.0	0.1499869805329049	0.44581256258445057	0.13130213681989902	1.0	0.46790886531519765	0.29367628189780265
pt	1.0	0.3474573166776648	0.5106697650833893	0.16620363429485668	1.0	0.24773842550663874	1.0	0.22446483918768131	0.5761073000459279	0.2508208266161234	1.0	1.0	1.0	0.7522624579242487	0.26021078363383154	1.0	1.0	1.0	1.0	0.0841562083416797	0.14793072266549012	0.35746183407989324	0.2903690542103124	1.0	1.0	1.0	0.4274651007978705	0.14272480533785578	1.0	1.0	0.7263875964832449	0.12801386136299053	1.0	0.3309702016174325	1.0
ro	0.0	0.7690990303325336	0.5528880938058808	0.23931226879896939	1.0	0.6395657813917608	1.0	0.338457203171134	0.5570260267770091	0.5691307896559942	1.0	0.0	0.6983438190355966	0.0	0.34251629984131704	1.0	1.0	1.0	1.0	0.12206117451545619	0.16219116199560965	0.5020797777427737	0.3875626862910747	1.0	1.0	0.3786684137186119	0.7863954451402115	0.1841294960987813	0.0	1.0	1.0	0.22365561389649533	1.0	0.39157148686117177	1.0
ru	1.0	0.3824034100411158	0.5528880938058808	0.16411028346030748	1.0	0.18580133887494193	1.0	0.15530240895689293	0.45459898836724905	0.24517770450189952	1.0	1.0	1.0	0.8618973059466463	0.33268516839835993	1.0	1.0	1.0	1.0	0.09058719065665011	0.14890717443618923	0.2985655652127688	0.11843485891985894	1.0	0.3786684137186119	1.0	0.36181408482742156	0.15964381323653357	1.0	1.0	0.29572437065727225	0.12535931647495094	1.0	0.29681636175083587	1.0
sh	0.5020797777427737	0.3068375526051703	0.6530901126588677	0.22952420231461038	1.0	0.2178702123421635	0.3282425162723128	0.22166469917674955	0.3775303864964747	0.2863875931826668	0.3621172375031431	0.0	0.523315675861403	1.0	0.27829006200625905	0.39020795263848757	0.3888044139142913	0.35227686980065115	0.3807845407008072	0.11725923458702145	0.1613974941146206	0.3895003320539886	0.3156959367696473	0.4274651007978705	0.7863954451402115	0.36181408482742156	1.0	0.16248421123310328	1.0	0.3542459640558914	0.3723979216887396	0.16163725199059478	0.4398727072463338	0.3931098849249232	0.38249224229782086
si	0.346037688955578	0.22609863945411846	0.5166568353505717	0.29420225185440446	0.18665348536120485	0.18058437522596046	0.18947127234577463	0.13965212711593622	0.1724397041803791	0.16646377450393643	0.15728060013096715	0.18223366436990193	0.19662132744651975	0.17937487368240482	0.16086469672433015	0.14880626681615186	0.1579892701096198	0.21773105755090005	0.20319829884810164	0.19993620355393668	0.1947351398149916	0.1669327812259005	0.16481359473768267	0.14272480533785578	0.1841294960987813	0.15964381323653357	0.16248421123310328	1.0	0.17269827859962344	0.17206039903249315	0.1443424564243348	0.24846567664271896	0.15884870463090667	0.2782520537649887	0.1268571025516915
simple	1.0	1.0	0.522538154895432	0.2079331168713645	1.0	0.41691170415342604	1.0	0.790060814933232	1.0	0.5423153687358192	1.0	0.0	1.0	1.0	0.6669741129147666	1.0	1.0	0.0	1.0	0.10540641391972656	0.15282273111146105	0.7584325078215763	1.0	1.0	0.0	1.0	1.0	0.17269827859962344	1.0	1.0	1.0	0.1702418801657637	1.0	0.40038880523940995	1.0
sr	1.0	0.37693765215170844	0.5528880938058808	0.24215018126035898	1.0	0.1702949035785271	1.0	0.1826506987043333	0.698544274326245	0.27967355770954405	1.0	1.0	1.0	0.818737281890724	0.3216754645043161	1.0	1.0	1.0	1.0	0.10169002221364505	0.15903022879698997	0.5808852645006567	0.1499869805329049	1.0	1.0	1.0	0.3542459640558914	0.17206039903249315	1.0	1.0	0.6612511341201941	0.17458940319310268	1.0	0.39589723151559414	1.0
sv	1.0	0.3555856632678707	0.629533639762198	0.12635147102218533	1.0	0.466557271724944	0.728099120889861	0.28688661059793125	0.7189258117174852	0.4139454140003852	0.7300208629885034	0.0	0.7263875964832448	0.9105569812821471	0.43345801830582753	0.7347168825662656	0.7300208629885034	1.0	0.7263875964832448	0.09722927480209129	0.15455471629300604	0.49471438440712534	0.44581256258445057	0.7263875964832449	1.0	0.29572437065727225	0.3723979216887396	0.1443424564243348	1.0	0.6612511341201941	1.0	0.10811010729006558	1.0	0.275120242610786	0.7347168825662656
te	0.48559209541517623	0.23818453066026346	0.6743202287441529	0.42292008688716026	0.18932355673111917	0.16244984416186187	0.1833872905897741	0.11707795935491572	0.12931777614960235	0.11595330220235908	0.12557446238181716	0.13580302296957772	0.18776815186298795	0.14911314570070477	0.10622969026858045	0.11078304306134458	0.15940501934986026	0.2426959409558924	0.20062584697315627	0.20556481314587052	0.21026370703692568	0.1282379530323099	0.13130213681989902	0.12801386136299053	0.22365561389649533	0.12535931647495094	0.16163725199059478	0.24846567664271896	0.1702418801657637	0.17458940319310268	0.10811010729006558	1.0	0.17318178681443092	0.48420419681983307	0.11099292238394551
vi	1.0	0.29853704730320646	0.5704427358174062	0.20548006618969317	0.0	0.3893540111452552	1.0	0.48049952533355433	1.0	0.5103968156218467	1.0	0.0	1.0	0.5660160774121898	0.478185647753396	1.0	1.0	1.0	1.0	0.09966834084591057	0.1587476884444501	1.0	1.0	1.0	1.0	1.0	0.4398727072463338	0.15884870463090667	1.0	1.0	1.0	0.17318178681443092	1.0	0.38745887462421846	1.0
war	0.7263875964832448	0.37534267184587616	0.6530901126588677	0.6334134137277927	0.4422936556054066	0.5180127117638832	0.21407699249153733	0.27819629210091623	0.49530672636081685	0.30546811162020054	0.4224019269552793	0.2933114366663402	0.37980982094665694	0.41136571261805804	0.405253221913551	0.30328496385242454	0.40941632611678636	0.36042855132825585	0.2433429927399308	0.2934430610692614	0.2937904051369997	0.4569279391230926	0.46790886531519765	0.3309702016174325	0.39157148686117177	0.29681636175083587	0.3931098849249232	0.2782520537649887	0.40038880523940995	0.39589723151559414	0.275120242610786	0.48420419681983307	0.38745887462421846	1.0	0.30184560652863573
zh	1.0	0.39249826275463817	0.5704427358174062	0.1783899357804722	1.0	0.20783288160051344	1.0	0.22879662466122136	1.0	0.31113645843814514	1.0	1.0	1.0	0.4702762018265766	0.3064781705885984	1.0	1.0	1.0	1.0	0.09896385055157618	0.13662745745131824	0.5819274293967763	0.29367628189780265	1.0	1.0	1.0	0.38249224229782086	0.1268571025516915	1.0	1.0	0.7347168825662656	0.11099292238394551	1.0	0.30184560652863573	1.0
