arz	bs	ceb	ckb	da	de	el	en	es	fr	he	hi	hu	id	it	ja	ko	lv	mk	ml	mr	nl	pl	pt	ro	ru	sh	si	simple	sr	sv	te	tr	vi	war	zh
arz	1.0	0.5183673469387755	0.515748031496063	0.699724517906336	0.5182186234817814	0.5164835164835164	0.6967418546365916	0.5135135135135135	0.5164835164835164	0.5140186915887851	0.6991869918699187	0.7005649717514124	0.5166051660516605	0.5163636363636364	0.5179282868525896	0.6974358974358974	0.6936936936936937	0.5183673469387755	0.699724517906336	0.699724517906336	0.699724517906336	0.5182186234817814	0.5175097276264592	0.5175097276264592	0.5177865612648221	0.6974358974358974	0.5183673469387755	0.7407407407407407	0.5179282868525896	0.6991869918699187	0.5151515151515151	0.7030716723549488	0.5263157894736842	0.5175097276264592	0.5183673469387755	0.5171102661596958
bs	0.5183673469387755	1.0	0.9189246020461661	0.6666666666666666	0.9681052422577742	0.8950970896428121	0.656084656084656	0.782569421646765	0.8768166136768174	0.7984665760399088	0.664804469273743	0.6638176638176638	0.7690960645490695	0.891119722733461	0.9662254191812074	0.6586021505376344	0.6446078431372549	0.8778447533521958	0.6666666666666666	0.6666666666666666	0.6666666666666666	0.9754592314987217	0.9389203498910877	0.7232765716843467	0.9515909618766382	0.6586021505376344	0.7276564463730999	0.5580524344569289	0.9645122792965068	0.664804469273743	0.8404876981278919	0.6385542168674699	0.5959435275402665	0.9145683476871405	0.666966584189348	0.687632268105754
ceb	0.515748031496063	0.9189246020461661	1.0	0.6575342465753424	0.9197102815234002	0.9090716485445562	0.6596858638743456	0.7911845976822968	0.8882783345721493	0.8082960590458146	0.6594005449591281	0.6546961325966851	0.7657176104570559	0.9036306017432248	0.9280632343328052	0.6622340425531914	0.6480582524271845	0.8361705940684749	0.6575342465753424	0.6575342465753424	0.6575342465753424	0.9260065504304179	0.9438663854860015	0.719958702905701	0.9245040342639639	0.6622340425531914	0.7099897996425196	0.5543478260869565	0.9364928204746671	0.6594005449591281	0.8516540977930357	0.6334310850439883	-1.0	0.9200430569161272	0.6577848715673371	0.6923076923076923
ckb	0.699724517906336	0.6666666666666666	0.6575342465753424	1.0	0.6657303370786517	0.6544502617801047	0.9763779527559056	0.6334841628959276	0.6544502617801047	0.6372093023255814	0.99581589958159	0.9936034115138592	0.6552631578947369	0.6536458333333334	0.663888888888889	0.9819639278557114	0.9511754068716095	0.6666666666666666	1.0	1.0	1.0	0.6657303370786517	0.6612021857923497	0.6612021857923497	0.6629834254143646	0.9819639278557114	0.6666666666666666	0.7740259740259741	0.663888888888889	0.99581589958159	0.645320197044335	0.9380530973451326	0.5348837209302326	0.6612021857923497	0.6666666666666666	0.6586021505376344
da	0.5182186234817814	0.9681052422577742	0.9197102815234002	0.6657303370786517	1.0	0.8956785571661557	0.6569920844327176	0.7834448437268223	0.8776288898548313	0.7989193029905396	0.6657381615598886	0.6628895184135978	0.7696266307266276	0.8915009706893735	0.9661212498324413	0.6595174262734586	0.6454767726161369	0.8716313445406881	0.6657303370786517	0.6657303370786517	0.6657303370786517	0.9642164164168383	0.9395067261167785	0.7246179462694388	0.9520131518194379	0.6595174262734586	0.7255231300879824	0.5576208178438662	0.9643597323530149	0.6657381615598886	0.8405383607909785	0.6396396396396395	0.582089552238806	0.915562478293358	0.6660318541543556	0.6890237828791106
de	0.5164835164835164	0.8950970896428121	0.9090716485445562	0.6544502617801047	0.8956785571661557	1.0	0.6649746192893401	0.8179622414279968	0.9063298315934509	0.8364363996235619	0.65625	0.6517150395778364	0.7838680978110333	0.9165822980139179	0.9044765465999786	0.6590330788804072	0.6563981042654029	0.8169846409795037	0.6544502617801047	0.6544502617801047	0.6544502617801047	0.9020807139638708	0.917771982887476	0.7117999804917601	0.9102166331006147	0.6624040920716113	0.7017989229639428	0.5525423728813559	0.9116203601156085	0.65625	0.8836863934826192	0.6312849162011173	0.5394736842105263	0.8944853733551216	0.6546432737657669	0.6857048484732995
el	0.6967418546365916	0.656084656084656	0.6596858638743456	0.9763779527559056	0.6569920844327176	0.6649746192893401	1.0	0.6431718061674009	0.6649746192893401	0.6470588235294118	0.9803921568627451	0.9702970297029704	0.6624365482233503	0.6624685138539043	0.6570680628272252	0.9865642994241843	0.9734513274336283	0.656084656084656	0.9763779527559056	0.9763779527559056	0.9763779527559056	0.6569920844327176	0.6614583333333334	0.6597402597402597	0.6596858638743456	0.9941972920696325	0.656084656084656	0.7648456057007126	0.6587926509186351	0.9803921568627451	0.6555023923444976	0.9256198347107438	0.5576923076923077	0.6614583333333334	0.656084656084656	0.6606683804627249
en	0.5135135135135135	0.782569421646765	0.7911845976822968	0.6334841628959276	0.7834448437268223	0.8179622414279968	0.6431718061674009	1.0	0.8021148389258842	0.86805437564234	0.6351351351351351	0.6309794988610479	0.7190270222191759	0.8204666325939858	0.7946055439953431	0.6407982261640798	0.6545842217484008	0.7342683613090392	0.6334841628959276	0.6334841628959276	0.6334841628959276	0.7867889325754953	0.7979764714492197	0.672506124191584	0.7930508279568228	0.6407982261640798	0.6619531554026861	0.543661971830986	0.7937309253591993	0.6351351351351351	0.8440882020776405	0.6124401913875598	0.5460042081550603	0.7841351577098278	0.6335881496461736	0.6579660795992349
es	0.5164835164835164	0.8768166136768174	0.8882783345721493	0.6544502617801047	0.8776288898548313	0.9063298315934509	0.6649746192893401	0.8021148389258842	1.0	0.819942553463155	0.65625	0.6517150395778364	0.7753280455424355	0.9016097462300825	0.8844865397021084	0.6590330788804072	0.6563981042654029	0.808867214760189	0.6544502617801047	0.6544502617801047	0.6544502617801047	0.8824567508546912	0.8975642131143832	0.7102924814039581	0.889848012718601	0.6624040920716113	0.6998978387197695	0.5525423728813559	0.8917244340837985	0.65625	0.8643475280610058	0.6312849162011173	0.550561797752809	0.8772226837681201	0.6546072797780573	0.6863069269945351
fr	0.5140186915887851	0.7984665760399088	0.8082960590458146	0.6372093023255814	0.7989193029905396	0.8364363996235619	0.6470588235294118	0.86805437564234	0.819942553463155	1.0	0.638888888888889	0.6346604215456675	0.7297204460492628	0.8398013769407986	0.8105151464608785	0.6446469248291572	0.6557734204793028	0.7468922824556232	0.6372093023255814	0.6372093023255814	0.6372093023255814	0.802954318382516	0.8146466934683742	0.6770816174581106	0.8092683363621896	0.6446469248291572	0.6686531067286845	0.5451895043731778	0.8098714655834302	0.638888888888889	0.8654375492492525	0.6157635467980295	0.5458937198067633	0.7995196331744241	0.6374099650050493	0.6634556766836406
he	0.6991869918699187	0.664804469273743	0.6594005449591281	0.99581589958159	0.6657381615598886	0.65625	0.9803921568627451	0.6351351351351351	0.65625	0.638888888888889	1.0	0.9894736842105263	0.6570680628272252	0.655440414507772	0.6657458563535912	0.9860279441117764	0.9549549549549549	0.664804469273743	0.99581589958159	0.99581589958159	0.99581589958159	0.663888888888889	0.6630434782608696	0.6630434782608696	0.6648351648351649	0.9860279441117764	0.664804469273743	0.7723785166240409	0.6657458563535912	1.0	0.6470588235294118	0.9427312775330396	0.5555555555555556	0.6630434782608696	0.664804469273743	0.6604278074866311
hi	0.7005649717514124	0.6638176638176638	0.6546961325966851	0.9936034115138592	0.6628895184135978	0.6517150395778364	0.9702970297029704	0.6309794988610479	0.6517150395778364	0.6346604215456675	0.9894736842105263	1.0	0.6525198938992043	0.6509186351706038	0.6610644257703081	0.9758064516129034	0.9454545454545454	0.6638176638176638	0.9936034115138592	0.9936034115138592	0.9936034115138592	0.6628895184135978	0.6584022038567493	0.6584022038567493	0.6601671309192201	0.9758064516129034	0.6638176638176638	0.776595744680851	0.6610644257703081	0.9894736842105263	0.6426799007444168	0.9351230425055929	0.5636363636363636	0.6584022038567493	0.6638176638176638	0.6558265582655826
hu	0.5166051660516605	0.7690960645490695	0.7657176104570559	0.6552631578947369	0.7696266307266276	0.7838680978110333	0.6624365482233503	0.7190270222191759	0.7753280455424355	0.7297204460492628	0.6570680628272252	0.6525198938992043	1.0	0.7722043557817739	0.7714140770321423	0.6564885496183206	0.655581947743468	0.7478501004017398	0.6552631578947369	0.6552631578947369	0.6552631578947369	0.7712482883933043	0.7704284656566024	0.6993642620711397	0.7762918837008085	0.659846547314578	0.6939716752477839	0.552901023890785	0.7759308176386268	0.6570680628272252	0.755266822080257	0.6320224719101124	0.5441176470588236	0.7658920119540422	0.6554976566014469	0.6813185762550628
id	0.5163636363636364	0.891119722733461	0.9036306017432248	0.6536458333333334	0.8915009706893735	0.9165822980139179	0.6624685138539043	0.8204666325939858	0.9016097462300825	0.8398013769407986	0.655440414507772	0.6509186351706038	0.7722043557817739	1.0	0.9088640216569716	0.6598984771573604	0.657210401891253	0.8142754327909322	0.6536458333333334	0.6536458333333334	0.6536458333333334	0.8977086500220852	0.9135878495168381	0.710307396892671	0.9053503588618802	0.6615776081424937	0.69995012970995	0.5521885521885521	0.9077682265195312	0.655440414507772	0.8875477210767079	0.6305555555555556	0.5839987946361307	0.8911286647518356	0.6538632541608302	0.686750951731917
it	0.5179282868525896	0.9662254191812074	0.9280632343328052	0.663888888888889	0.9661212498324413	0.9044765465999786	0.6570680628272252	0.7946055439953431	0.8844865397021084	0.8105151464608785	0.6657458563535912	0.6610644257703081	0.7714140770321423	0.9088640216569716	1.0	0.6613333333333333	0.6472019464720196	0.8669380531145757	0.663888888888889	0.663888888888889	0.663888888888889	0.9629605409210045	0.9483890261326795	0.7234781342247072	0.9612671120870906	0.6595744680851063	0.7214873403589214	0.5567765567765568	0.974351551824495	0.6657458563535912	0.8549258840898354	0.6398809523809524	0.5585214950886592	0.923019895817245	0.6641665738149644	0.6912671816143964
ja	0.6974358974358974	0.6586021505376344	0.6622340425531914	0.9819639278557114	0.6595174262734586	0.6590330788804072	0.9865642994241843	0.6407982261640798	0.6590330788804072	0.6446469248291572	0.9860279441117764	0.9758064516129034	0.6564885496183206	0.6598984771573604	0.6613333333333333	1.0	0.9645390070921985	0.6586021505376344	0.9819639278557114	0.9819639278557114	0.9819639278557114	0.6595174262734586	0.6640211640211641	0.662269129287599	0.6604774535809019	0.9921875	0.6586021505376344	0.7669902912621359	0.6613333333333333	0.9860279441117764	0.6514423076923077	0.9305263157894738	0.5700934579439253	0.6640211640211641	0.6586021505376344	0.6666666666666666
ko	0.6936936936936937	0.6446078431372549	0.6480582524271845	0.9511754068716095	0.6454767726161369	0.6563981042654029	0.9734513274336283	0.6545842217484008	0.6563981042654029	0.6557734204793028	0.9549549549549549	0.9454545454545454	0.655581947743468	0.657210401891253	0.6472019464720196	0.9645390070921985	1.0	0.6446078431372549	0.9511754068716095	0.9511754068716095	0.9511754068716095	0.6454767726161369	0.6497584541062803	0.6497584541062803	0.6480582524271845	0.9679715302491102	0.6446078431372549	0.7553648068669528	0.6472019464720196	0.9549549549549549	0.6613272311212816	0.9035916824196597	0.5797101449275363	0.6497584541062803	0.6446078431372549	0.6507177033492824
lv	0.5183673469387755	0.8778447533521958	0.8361705940684749	0.6666666666666666	0.8716313445406881	0.8169846409795037	0.656084656084656	0.7342683613090392	0.808867214760189	0.7468922824556232	0.664804469273743	0.6638176638176638	0.7478501004017398	0.8142754327909322	0.8669380531145757	0.6586021505376344	0.6446078431372549	1.0	0.6666666666666666	0.6666666666666666	0.6666666666666666	0.8748970283457352	0.8485927356894137	0.7181782133993906	0.8576483002224154	0.6586021505376344	0.7223555539635348	0.5580524344569289	0.8657151932335808	0.664804469273743	0.7769044429138874	0.6385542168674699	0.5728900255754475	0.836514967912135	0.666886679592426	0.6862588678346194
mk	0.699724517906336	0.6666666666666666	0.6575342465753424	1.0	0.6657303370786517	0.6544502617801047	0.9763779527559056	0.6334841628959276	0.6544502617801047	0.6372093023255814	0.99581589958159	0.9936034115138592	0.6552631578947369	0.6536458333333334	0.663888888888889	0.9819639278557114	0.9511754068716095	0.6666666666666666	1.0	1.0	1.0	0.6657303370786517	0.6612021857923497	0.6612021857923497	0.6629834254143646	0.9819639278557114	0.6666666666666666	0.7740259740259741	0.663888888888889	0.99581589958159	0.645320197044335	0.9380530973451326	0.5535714285714286	0.6612021857923497	0.6666666666666666	0.6586021505376344
ml	0.699724517906336	0.6666666666666666	0.6575342465753424	1.0	0.6657303370786517	0.6544502617801047	0.9763779527559056	0.6334841628959276	0.6544502617801047	0.6372093023255814	0.99581589958159	0.9936034115138592	0.6552631578947369	0.6536458333333334	0.663888888888889	0.9819639278557114	0.9511754068716095	0.6666666666666666	1.0	1.0	1.0	0.6657303370786517	0.6612021857923497	0.6612021857923497	0.6629834254143646	0.9819639278557114	0.6666666666666666	0.7740259740259741	0.663888888888889	0.99581589958159	0.645320197044335	0.9380530973451326	0.5737704918032787	0.6612021857923497	0.6666666666666666	0.6586021505376344
mr	0.699724517906336	0.6666666666666666	0.6575342465753424	1.0	0.6657303370786517	0.6544502617801047	0.9763779527559056	0.6334841628959276	0.6544502617801047	0.6372093023255814	0.99581589958159	0.9936034115138592	0.6552631578947369	0.6536458333333334	0.663888888888889	0.9819639278557114	0.9511754068716095	0.6666666666666666	1.0	1.0	1.0	0.6657303370786517	0.6612021857923497	0.6612021857923497	0.6629834254143646	0.9819639278557114	0.6666666666666666	0.7740259740259741	0.663888888888889	0.99581589958159	0.645320197044335	0.9380530973451326	0.5238095238095238	0.6612021857923497	0.6666666666666666	0.6586021505376344
nl	0.5182186234817814	0.9754592314987217	0.9260065504304179	0.6657303370786517	0.9642164164168383	0.9020807139638708	0.6569920844327176	0.7867889325754953	0.8824567508546912	0.802954318382516	0.663888888888889	0.6628895184135978	0.7712482883933043	0.8977086500220852	0.9629605409210045	0.6595174262734586	0.6454767726161369	0.8748970283457352	0.6657303370786517	0.6657303370786517	0.6657303370786517	1.0	0.9463581490447203	0.7240547601568142	0.9591161781972266	0.6595174262734586	0.725382951356408	0.5576208178438662	0.9610769744920289	0.663888888888889	0.8458263328630579	0.6377245508982036	0.5316280571967549	0.9220115586513298	0.6659891443329661	0.6890392111597958
pl	0.5175097276264592	0.9389203498910877	0.9438663854860015	0.6612021857923497	0.9395067261167785	0.917771982887476	0.6614583333333334	0.7979764714492197	0.8975642131143832	0.8146466934683742	0.6630434782608696	0.6584022038567493	0.7704284656566024	0.9135878495168381	0.9483890261326795	0.6640211640211641	0.6497584541062803	0.8485927356894137	0.6612021857923497	0.6612021857923497	0.6612021857923497	0.9463581490447203	1.0	0.7238358275700107	0.9452409601251754	0.6640211640211641	0.7155869757324451	0.5555555555555556	0.9469289195897252	0.6630434782608696	0.8589996685204964	0.6374269005847952	0.5428571428571428	0.9284814773748902	0.6614473889372664	0.6942181601073787
pt	0.5175097276264592	0.7232765716843467	0.719958702905701	0.6612021857923497	0.7246179462694388	0.7117999804917601	0.6597402597402597	0.672506124191584	0.7102924814039581	0.6770816174581106	0.6630434782608696	0.6584022038567493	0.6993642620711397	0.710307396892671	0.7234781342247072	0.662269129287599	0.6497584541062803	0.7181782133993906	0.6612021857923497	0.6612021857923497	0.6612021857923497	0.7240547601568142	0.7238358275700107	1.0	0.7246414733703986	0.662269129287599	0.69420713142821	0.5555555555555556	0.726952300499471	0.6630434782608696	0.6929922018657181	0.6374269005847952	0.5542857142857143	0.7258972132728096	0.6613880384131129	0.683962721231331
ro	0.5177865612648221	0.9515909618766382	0.9245040342639639	0.6629834254143646	0.9520131518194379	0.9102166331006147	0.6596858638743456	0.7930508279568228	0.889848012718601	0.8092683363621896	0.6648351648351649	0.6601671309192201	0.7762918837008085	0.9053503588618802	0.9612671120870906	0.6604774535809019	0.6480582524271845	0.8576483002224154	0.6629834254143646	0.6629834254143646	0.6629834254143646	0.9591161781972266	0.9452409601251754	0.7246414733703986	1.0	0.6622340425531914	0.719002582059709	0.5563636363636364	0.9595216746196367	0.6648351648351649	0.8522814216325149	0.6390532544378698	0.5483870967741935	0.9204769994295848	0.6632677167386438	0.6897067836129702
ru	0.6974358974358974	0.6586021505376344	0.6622340425531914	0.9819639278557114	0.6595174262734586	0.6624040920716113	0.9941972920696325	0.6407982261640798	0.6624040920716113	0.6446469248291572	0.9860279441117764	0.9758064516129034	0.659846547314578	0.6615776081424937	0.6595744680851063	0.9921875	0.9679715302491102	0.6586021505376344	0.9819639278557114	0.9819639278557114	0.9819639278557114	0.6595174262734586	0.6640211640211641	0.662269129287599	0.6622340425531914	1.0	0.6586021505376344	0.7669902912621359	0.6613333333333333	0.9860279441117764	0.6530120481927711	0.9305263157894738	0.5549132947976879	0.6640211640211641	0.6586021505376344	0.6631853785900783
sh	0.5183673469387755	0.7276564463730999	0.7099897996425196	0.6666666666666666	0.7255231300879824	0.7017989229639428	0.656084656084656	0.6619531554026861	0.6998978387197695	0.6686531067286845	0.664804469273743	0.6638176638176638	0.6939716752477839	0.69995012970995	0.7214873403589214	0.6586021505376344	0.6446078431372549	0.7223555539635348	0.6666666666666666	0.6666666666666666	0.6666666666666666	0.725382951356408	0.7155869757324451	0.69420713142821	0.719002582059709	0.6586021505376344	1.0	0.5580524344569289	0.7210651697449766	0.664804469273743	0.6837106134693741	0.6385542168674699	0.5666666666666667	0.7142722762180899	0.6668869795109055	0.6781566195441604
si	0.7407407407407407	0.5580524344569289	0.5543478260869565	0.7740259740259741	0.5576208178438662	0.5525423728813559	0.7648456057007126	0.543661971830986	0.5525423728813559	0.5451895043731778	0.7723785166240409	0.776595744680851	0.552901023890785	0.5521885521885521	0.5567765567765568	0.7669902912621359	0.7553648068669528	0.5580524344569289	0.7740259740259741	0.7740259740259741	0.7740259740259741	0.5576208178438662	0.5555555555555556	0.5555555555555556	0.5563636363636364	0.7669902912621359	0.5580524344569289	1.0	0.5567765567765568	0.7723785166240409	0.54858934169279	0.7936507936507936	0.5116279069767442	0.5555555555555556	0.5580524344569289	0.5543859649122806
simple	0.5179282868525896	0.9645122792965068	0.9364928204746671	0.663888888888889	0.9643597323530149	0.9116203601156085	0.6587926509186351	0.7937309253591993	0.8917244340837985	0.8098714655834302	0.6657458563535912	0.6610644257703081	0.7759308176386268	0.9077682265195312	0.974351551824495	0.6613333333333333	0.6472019464720196	0.8657151932335808	0.663888888888889	0.663888888888889	0.663888888888889	0.9610769744920289	0.9469289195897252	0.726952300499471	0.9595216746196367	0.6613333333333333	0.7210651697449766	0.5567765567765568	1.0	0.6657458563535912	0.8538274956324621	0.6398809523809524	0.5825864276568502	0.9308563572827901	0.6641375710965284	0.6913609725043596
sr	0.6991869918699187	0.664804469273743	0.6594005449591281	0.99581589958159	0.6657381615598886	0.65625	0.9803921568627451	0.6351351351351351	0.65625	0.638888888888889	1.0	0.9894736842105263	0.6570680628272252	0.655440414507772	0.6657458563535912	0.9860279441117764	0.9549549549549549	0.664804469273743	0.99581589958159	0.99581589958159	0.99581589958159	0.663888888888889	0.6630434782608696	0.6630434782608696	0.6648351648351649	0.9860279441117764	0.664804469273743	0.7723785166240409	0.6657458563535912	1.0	0.6470588235294118	0.9427312775330396	0.5531914893617021	0.6630434782608696	0.664804469273743	0.6604278074866311
sv	0.5151515151515151	0.8404876981278919	0.8516540977930357	0.645320197044335	0.8405383607909785	0.8836863934826192	0.6555023923444976	0.8440882020776405	0.8643475280610058	0.8654375492492525	0.6470588235294118	0.6426799007444168	0.755266822080257	0.8875477210767079	0.8549258840898354	0.6514423076923077	0.6613272311212816	0.7769044429138874	0.645320197044335	0.645320197044335	0.645320197044335	0.8458263328630579	0.8589996685204964	0.6929922018657181	0.8522814216325149	0.6530120481927711	0.6837106134693741	0.54858934169279	0.8538274956324621	0.6470588235294118	1.0	0.6230366492146596	0.5607476635514019	0.8405489373868293	0.6454909335682303	0.6741582672099508
te	0.7030716723549488	0.6385542168674699	0.6334310850439883	0.9380530973451326	0.6396396396396395	0.6312849162011173	0.9256198347107438	0.6124401913875598	0.6312849162011173	0.6157635467980295	0.9427312775330396	0.9351230425055929	0.6320224719101124	0.6305555555555556	0.6398809523809524	0.9305263157894738	0.9035916824196597	0.6385542168674699	0.9380530973451326	0.9380530973451326	0.9380530973451326	0.6377245508982036	0.6374269005847952	0.6374269005847952	0.6390532544378698	0.9305263157894738	0.6385542168674699	0.7936507936507936	0.6398809523809524	0.9427312775330396	0.6230366492146596	1.0	0.5576923076923077	0.6374269005847952	0.6385542168674699	0.6350574712643678
tr	0.5263157894736842	0.5959435275402665	-1.0	0.5348837209302326	0.582089552238806	0.5394736842105263	0.5576923076923077	0.5460042081550603	0.550561797752809	0.5458937198067633	0.5555555555555556	0.5636363636363636	0.5441176470588236	0.5839987946361307	0.5585214950886592	0.5700934579439253	0.5797101449275363	0.5728900255754475	0.5535714285714286	0.5737704918032787	0.5238095238095238	0.5316280571967549	0.5428571428571428	0.5542857142857143	0.5483870967741935	0.5549132947976879	0.5666666666666667	0.5116279069767442	0.5825864276568502	0.5531914893617021	0.5607476635514019	0.5576923076923077	1.0	0.5764705882352942	0.5238095238095238	0.5773195876288659
vi	0.5175097276264592	0.9145683476871405	0.9200430569161272	0.6612021857923497	0.915562478293358	0.8944853733551216	0.6614583333333334	0.7841351577098278	0.8772226837681201	0.7995196331744241	0.6630434782608696	0.6584022038567493	0.7658920119540422	0.8911286647518356	0.923019895817245	0.6640211640211641	0.6497584541062803	0.836514967912135	0.6612021857923497	0.6612021857923497	0.6612021857923497	0.9220115586513298	0.9284814773748902	0.7258972132728096	0.9204769994295848	0.6640211640211641	0.7142722762180899	0.5555555555555556	0.9308563572827901	0.6630434782608696	0.8405489373868293	0.6374269005847952	0.5764705882352942	1.0	0.6614459509456136	0.6936560599642005
war	0.5183673469387755	0.666966584189348	0.6577848715673371	0.6666666666666666	0.6660318541543556	0.6546432737657669	0.656084656084656	0.6335881496461736	0.6546072797780573	0.6374099650050493	0.664804469273743	0.6638176638176638	0.6554976566014469	0.6538632541608302	0.6641665738149644	0.6586021505376344	0.6446078431372549	0.666886679592426	0.6666666666666666	0.6666666666666666	0.6666666666666666	0.6659891443329661	0.6614473889372664	0.6613880384131129	0.6632677167386438	0.6586021505376344	0.6668869795109055	0.5580524344569289	0.6641375710965284	0.664804469273743	0.6454909335682303	0.6385542168674699	0.5238095238095238	0.6614459509456136	1.0	0.6589788909149916
zh	0.5171102661596958	0.687632268105754	0.6923076923076923	0.6586021505376344	0.6890237828791106	0.6857048484732995	0.6606683804627249	0.6579660795992349	0.6863069269945351	0.6634556766836406	0.6604278074866311	0.6558265582655826	0.6813185762550628	0.686750951731917	0.6912671816143964	0.6666666666666666	0.6507177033492824	0.6862588678346194	0.6586021505376344	0.6586021505376344	0.6586021505376344	0.6890392111597958	0.6942181601073787	0.683962721231331	0.6897067836129702	0.6631853785900783	0.6781566195441604	0.5543859649122806	0.6913609725043596	0.6604278074866311	0.6741582672099508	0.6350574712643678	0.5773195876288659	0.6936560599642005	0.6589788909149916	1.0
