arz	bs	ceb	ckb	da	de	el	en	es	fr	he	hi	hu	id	it	ja	ko	lv	mk	ml	mr	nl	pl	pt	ro	ru	sh	si	simple	sr	sv	te	tr	vi	war	zh
arz	1.0	0.8400929675293944	0.8671744742442358	1.0	0.8587868145973598	0.8464594597447825	1.0	0.8575823012986955	0.7373195989232284	0.7654004110010416	1.0	1.0	0.5817469606029169	0.8665494898706226	0.9546819787031797	1.0	1.0	0.6454567214164629	1.0	1.0	1.0	0.9245471784492586	0.8794730867934439	0.32926168248865745	0.8146435090904864	1.0	0.5663820919865947	1.0	0.9138771546921388	1.0	0.8349996759369145	1.0	1.0	0.7743203578326588	1.0	0.6497062083042456
bs	0.8400929675293944	1.0	0.7561562578818626	0.8390901675780917	0.7677983771585561	0.7277302015378864	0.8390901675780917	0.6378500677197755	0.6605946416114185	0.6393820422437746	0.8390901675780917	0.8398037251835723	0.4347849895526834	0.7232693910435866	0.8068261267351063	0.8390901675780917	0.8390901675780917	0.5627196774755293	0.8390901675780917	0.8390901675780917	0.8390901675780917	0.7975842316919076	0.7580577370411788	0.33480970727586173	0.7624124994055118	0.8390901675780917	0.32823208030561285	0.8941461765814603	0.7966404577424093	0.8390901675780917	0.6837670805485582	0.8523523198924312	0.48309446789914784	0.679273169299387	0.42737968206102056	0.25571681479462927
ceb	0.8671744742442358	0.7561562578818626	1.0	0.7984398172434364	0.7444001187412261	0.7102814621372566	0.7958672237971817	0.6240245961334563	0.6491893529429001	0.6304983134912253	0.7980582980758757	0.7993030167622943	0.43284945055983076	0.7073714207608593	0.77578643995977	0.7958672237971817	0.7958672237971816	0.5580582389660305	0.7984398172434364	0.7984398172434364	0.7984398172434364	0.7671742246666955	0.7340728969878105	0.3310599746467622	0.7429426083252682	0.7958672237971816	0.32768032476814485	0.8476062008203896	0.7685463598305566	0.7980582980758757	0.6679597053989472	0.8091513154606415	-1.0	0.6648710175053466	0.4493618422515443	0.25977685034903036
ckb	1.0	0.8390901675780917	0.7984398172434364	1.0	0.8066677107972728	0.7594100278374746	1.0	0.650779407779163	0.6801713508003362	0.6540323050867888	1.0	1.0	0.4374493009590924	0.7550023206043992	0.8755725388729636	1.0	1.0	0.5685974348917285	1.0	1.0	1.0	0.856515038575026	0.7955819453854241	0.33496804338787695	0.8090028325792419	1.0	0.3296843464497785	1.0	0.8581678425484225	1.0	0.7015245330163151	1.0	0.7863954451402115	0.6967608501199708	0.42950893856045713	0.25631705976345326
da	0.8587868145973598	0.7677983771585561	0.7444001187412261	0.8066677107972728	1.0	0.7168918871528763	0.8066711781613817	0.6311746815984084	0.6565845282574342	0.6319280615366993	0.8066711781613817	0.8077826472646654	0.4342623311873069	0.7161148022240454	0.7822133834198788	0.8066711781613817	0.8066711781613817	0.5563555552642536	0.8066677107972728	0.8066677107972728	0.8066677107972728	0.7725125783063014	0.7394215599210847	0.3320078315191322	0.7489392774589442	0.8066711781613817	0.32908931271973435	0.8377774449438321	0.7711674430181862	0.8066711781613817	0.6711803494999041	0.8144991507615101	0.4480734496260061	0.66544363219624	0.42599539763876443	0.25631277276794995
de	0.8464594597447825	0.7277302015378864	0.7102814621372566	0.7594100278374746	0.7168918871528763	1.0	0.7543234820320889	0.6067933171338128	0.6268182808069698	0.6102362403994351	0.7589749016318219	0.7611876508332429	0.42148048879982314	0.6836305667418175	0.7439736525560239	0.7582358797746724	0.7536751728781066	0.5497151188036391	0.7594100278374746	0.7594100278374746	0.7594100278374746	0.7416041036689495	0.7092263287667462	0.3311437908600378	0.7148672127104353	0.7573231570091556	0.3293574473429385	0.8188548862651857	0.7361532012861055	0.7589749016318219	0.6464649150147649	0.7790781588086244	0.34229194176358985	0.6454992018123715	0.42383998448533305	0.25718948478296894
el	1.0	0.8390901675780917	0.7958672237971817	1.0	0.8066711781613817	0.7543234820320889	1.0	0.6389896606375762	0.6704288535448553	0.6486817536825932	1.0	1.0	0.4307913487299602	0.7490205280643367	0.8743789911408105	1.0	1.0	0.5685974348917285	1.0	1.0	1.0	0.8561378909501293	0.7935072204982178	0.33339010846049255	0.8080483264205922	1.0	0.3296843464497785	1.0	0.8574953435772257	1.0	0.6935610655355666	1.0	0.7106922308883379	0.6936201467913069	0.42950893856045713	0.25828544849532326
en	0.8575823012986955	0.6378500677197755	0.6240245961334563	0.650779407779163	0.6311746815984084	0.6067933171338128	0.6389896606375762	1.0	0.5743331095511803	0.540856351274926	0.6490825136820131	0.6519127594028366	0.40759879754522527	0.6038274710367721	0.640675944042145	0.6432477143866481	0.6315757334487561	0.5195666714945087	0.650779407779163	0.650779407779163	0.650779407779163	0.6393526173517801	0.6247655272365267	0.32427931823719053	0.6289337400958147	0.6427078492099356	0.3242537074240888	0.7507177080721378	0.6396803190394676	0.6490825136820131	0.5756065239941386	0.6656798513825493	0.22936336664795617	0.587481497642734	0.4130524867226898	0.2527968699197832
es	0.7373195989232284	0.6605946416114185	0.6491893529429001	0.6801713508003362	0.6565845282574342	0.6268182808069698	0.6704288535448553	0.5743331095511803	1.0	0.5743350333448637	0.679048403914573	0.6805656966120464	0.4144391380408276	0.6281105704415126	0.6693750372220608	0.6750437148419677	0.6683889421570298	0.5234851932502375	0.6801713508003362	0.6801713508003362	0.6801713508003362	0.6636187991844599	0.6466940782689153	0.3275134500308503	0.6544307467581949	0.673448605919125	0.3257930738567837	0.7412258679203934	0.6702055919599056	0.679048403914573	0.6062181785808634	0.6969234544613565	0.40283306759707127	0.6093450962940274	0.41584801015387857	0.25598092541460415
fr	0.7654004110010416	0.6393820422437746	0.6304983134912253	0.6540323050867888	0.6319280615366993	0.6102362403994351	0.6486817536825932	0.540856351274926	0.5743350333448637	1.0	0.6534871144438097	0.6549740818648183	0.4113192606017711	0.6088236283316404	0.6460719408220986	0.6503588720513188	0.6427088897748833	0.5223690680972052	0.6540323050867888	0.6540323050867888	0.6540323050867888	0.6426447564554535	0.6244866867282559	0.3259129132925298	0.6294411420274529	0.650972024991366	0.31896657861359823	0.7299906898700863	0.643406805365558	0.6534871144438097	0.5819815408436388	0.6777467305583859	0.34050137623439464	0.588519660350768	0.4118555184881326	0.25232112286962505
he	1.0	0.8390901675780917	0.7980582980758757	1.0	0.8066711781613817	0.7589749016318219	1.0	0.6490825136820131	0.679048403914573	0.6534871144438097	1.0	1.0	0.4364569751515111	0.7550992276629224	0.8743789911408105	1.0	1.0	0.5685974348917285	1.0	1.0	1.0	0.856515038575026	0.7946825133560018	0.33416845762134695	0.8076786188140621	1.0	0.3296843464497785	1.0	0.8573068925033815	1.0	0.7009587675566751	1.0	0.7455134344225701	0.6948704226165551	0.42950893856045713	0.2577282331142372
hi	1.0	0.8398037251835723	0.7993030167622943	1.0	0.8077826472646654	0.7611876508332429	1.0	0.6519127594028366	0.6805656966120464	0.6549740818648183	1.0	1.0	0.43932350538834336	0.7553393109728781	0.8758674722926088	1.0	1.0	0.569744361834094	1.0	1.0	1.0	0.8589838081815174	0.7966366847679971	0.33571532172517643	0.8100402669794371	1.0	0.3293381727108838	1.0	0.8594874248139447	1.0	0.7032401394394614	1.0	0.6978955566455195	0.6979992561612325	0.4300253223228943	0.26144795651299907
hu	0.5817469606029169	0.4347849895526834	0.43284945055983076	0.4374493009590924	0.4342623311873069	0.42148048879982314	0.4307913487299602	0.40759879754522527	0.4144391380408276	0.4113192606017711	0.4364569751515111	0.43932350538834336	1.0	0.42330118207699513	0.43528213591808246	0.4344254151578099	0.4292227075704512	0.4013153932623666	0.4374493009590924	0.4374493009590924	0.4374493009590924	0.43366528276447125	0.4310379009981591	0.29636690431875673	0.4310194143812145	0.4329436038788146	0.2959504045027587	0.5117486419861165	0.43278401323767035	0.4364569751515111	0.41592768253038853	0.465184641666054	0.7510341748895938	0.42534145413341384	0.3548045973827754	0.24483586810127533
id	0.8665494898706226	0.7232693910435866	0.7073714207608593	0.7550023206043992	0.7161148022240454	0.6836305667418175	0.7490205280643367	0.6038274710367721	0.6281105704415126	0.6088236283316404	0.7550992276629224	0.7553393109728781	0.42330118207699513	1.0	0.735300111206296	0.7509838899452131	0.7467444284286034	0.5457928700993067	0.7550023206043992	0.7550023206043992	0.7550023206043992	0.7297268907779686	0.7022203297536336	0.32857013391465184	0.7156198068676896	0.7498467727241649	0.3296653255854916	0.8260250243049703	0.7314987539036052	0.7550992276629224	0.6383438096417814	0.7740400748311874	0.3914085582452002	0.6429376553497649	0.4189801607361575	0.25613381126828383
it	0.9546819787031797	0.8068261267351063	0.77578643995977	0.8755725388729636	0.7822133834198788	0.7439736525560239	0.8743789911408105	0.640675944042145	0.6693750372220608	0.6460719408220986	0.8743789911408105	0.8758674722926088	0.43528213591808246	0.735300111206296	1.0	0.8739399280128252	0.8739399280128252	0.5658159758834145	0.8755725388729636	0.8755725388729636	0.8755725388729636	0.8196591081496779	0.7724202756216412	0.33277412783847554	0.7837029069102651	0.8743789911408105	0.33004121146089754	0.8937710847125971	0.8163620596912647	0.8743789911408105	0.6889696299445219	0.8819705279195257	0.43884272597859797	0.6829152783716974	0.42737833258159663	0.25678215605174903
ja	1.0	0.8390901675780917	0.7958672237971817	1.0	0.8066711781613817	0.7582358797746724	1.0	0.6432477143866481	0.6750437148419677	0.6503588720513188	1.0	1.0	0.4344254151578099	0.7509838899452131	0.8739399280128252	1.0	1.0	0.5685974348917285	1.0	1.0	1.0	0.8561378909501293	0.7935072204982178	0.3333901084604926	0.807751512613515	1.0	0.3296843464497785	1.0	0.8574953435772257	1.0	0.6959835615484654	1.0	0.4603456609728389	0.6936201467913069	0.42950893856045713	0.2561427674626567
ko	1.0	0.8390901675780917	0.7958672237971816	1.0	0.8066711781613817	0.7536751728781066	1.0	0.6315757334487561	0.6683889421570298	0.6427088897748833	1.0	1.0	0.4292227075704512	0.7467444284286034	0.8739399280128252	1.0	1.0	0.5685974348917285	1.0	1.0	1.0	0.8561378909501293	0.7935072204982178	0.3340866730753167	0.8080483264205921	1.0	0.3296843464497785	1.0	0.8574953435772257	1.0	0.6884342075961581	1.0	0.5244434925552225	0.6936201467913069	0.42950893856045713	0.2575438914321159
lv	0.6454567214164629	0.5627196774755293	0.5580582389660305	0.5685974348917285	0.5563555552642536	0.5497151188036391	0.5685974348917285	0.5195666714945087	0.5234851932502375	0.5223690680972052	0.5685974348917285	0.569744361834094	0.4013153932623666	0.5457928700993067	0.5658159758834145	0.5685974348917285	0.5685974348917285	1.0	0.5685974348917285	0.5685974348917285	0.5685974348917285	0.5638618185278071	0.5541913259447647	0.3181656969138362	0.5579893365537687	0.5685974348917285	0.3151874208484523	0.6341847259419855	0.5629921153710623	0.5685974348917285	0.5367296829531115	0.5886811671817295	0.6434951398727462	0.5306996708841748	0.3981390440203238	0.2511949338921052
mk	1.0	0.8390901675780917	0.7984398172434364	1.0	0.8066677107972728	0.7594100278374746	1.0	0.650779407779163	0.6801713508003362	0.6540323050867888	1.0	1.0	0.4374493009590924	0.7550023206043992	0.8755725388729636	1.0	1.0	0.5685974348917285	1.0	1.0	1.0	0.856515038575026	0.7955819453854241	0.33496804338787695	0.8090028325792419	1.0	0.3296843464497785	1.0	0.8581678425484225	1.0	0.7015245330163151	1.0	0.7510341748895938	0.6967608501199708	0.42950893856045713	0.25631705976345326
ml	1.0	0.8390901675780917	0.7984398172434364	1.0	0.8066677107972728	0.7594100278374746	1.0	0.650779407779163	0.6801713508003362	0.6540323050867888	1.0	1.0	0.4374493009590924	0.7550023206043992	0.8755725388729636	1.0	1.0	0.5685974348917285	1.0	1.0	1.0	0.856515038575026	0.7955819453854241	0.33496804338787695	0.8090028325792419	1.0	0.3296843464497785	1.0	0.8581678425484225	1.0	0.7015245330163151	1.0	0.6742609581833431	0.6967608501199708	0.42950893856045713	0.25631705976345326
mr	1.0	0.8390901675780917	0.7984398172434364	1.0	0.8066677107972728	0.7594100278374746	1.0	0.650779407779163	0.6801713508003362	0.6540323050867888	1.0	1.0	0.4374493009590924	0.7550023206043992	0.8755725388729636	1.0	1.0	0.5685974348917285	1.0	1.0	1.0	0.856515038575026	0.7955819453854241	0.33496804338787695	0.8090028325792419	1.0	0.3296843464497785	1.0	0.8581678425484225	1.0	0.7015245330163151	1.0	1.0	0.6967608501199707	0.42950893856045713	0.25631705976345326
nl	0.9245471784492586	0.7975842316919076	0.7671742246666955	0.856515038575026	0.7725125783063014	0.7416041036689495	0.8561378909501293	0.6393526173517801	0.6636187991844599	0.6426447564554535	0.856515038575026	0.8589838081815174	0.43366528276447125	0.7297268907779686	0.8196591081496779	0.8561378909501293	0.8561378909501293	0.5638618185278071	0.856515038575026	0.856515038575026	0.856515038575026	1.0	0.7629419053187239	0.3330163535224765	0.774755649193454	0.8561378909501293	0.32890255558050435	0.9166145921017828	0.8103679132274768	0.856515038575026	0.6873216324391559	0.8617373383654681	0.30668153292137823	0.6795690342687195	0.4273999709876621	0.25587600878652556
pl	0.8794730867934439	0.7580577370411788	0.7340728969878105	0.7955819453854241	0.7394215599210847	0.7092263287667462	0.7935072204982178	0.6247655272365267	0.6466940782689153	0.6244866867282559	0.7946825133560018	0.7966366847679971	0.4310379009981591	0.7022203297536336	0.7724202756216412	0.7935072204982178	0.7935072204982178	0.5541913259447647	0.7955819453854241	0.7955819453854241	0.7955819453854241	0.7629419053187239	1.0	0.33175732099798605	0.7388489547085445	0.7935072204982178	0.3282114158317361	0.8559339712815023	0.7676493808226077	0.7946825133560018	0.6637808124357832	0.8099730235501917	0.3664875454956335	0.66416448081983	0.42628259519951656	0.256944912917652
pt	0.32926168248865745	0.33480970727586173	0.3310599746467622	0.33496804338787695	0.3320078315191322	0.3311437908600378	0.33339010846049255	0.32427931823719053	0.3275134500308503	0.3259129132925298	0.33416845762134695	0.33571532172517643	0.29636690431875673	0.32857013391465184	0.33277412783847554	0.3333901084604926	0.3340866730753167	0.3181656969138362	0.33496804338787695	0.33496804338787695	0.33496804338787695	0.3330163535224765	0.33175732099798605	1.0	0.33084566642946156	0.3333901084604926	0.26438854528023753	0.3766512512667073	0.33395919220043774	0.33416845762134695	0.327971279054614	0.3469749107163151	0.34450144276922656	0.3273651275393187	0.3017254054114096	0.2246865595961203
ro	0.8146435090904864	0.7624124994055118	0.7429426083252682	0.8090028325792419	0.7489392774589442	0.7148672127104353	0.8080483264205922	0.6289337400958147	0.6544307467581949	0.6294411420274529	0.8076786188140621	0.8100402669794371	0.4310194143812145	0.7156198068676896	0.7837029069102651	0.807751512613515	0.8080483264205921	0.5579893365537687	0.8090028325792419	0.8090028325792419	0.8090028325792419	0.774755649193454	0.7388489547085445	0.33084566642946156	1.0	0.8080483264205921	0.3297117567195181	0.8630871359577086	0.7755207923051713	0.8076786188140621	0.6709082340856494	0.819185859462931	0.5936476255764596	0.6672562193116234	0.4266493890450431	0.25645215009278816
ru	1.0	0.8390901675780917	0.7958672237971816	1.0	0.8066711781613817	0.7573231570091556	1.0	0.6427078492099356	0.673448605919125	0.650972024991366	1.0	1.0	0.4329436038788146	0.7498467727241649	0.8743789911408105	1.0	1.0	0.5685974348917285	1.0	1.0	1.0	0.8561378909501293	0.7935072204982178	0.3333901084604926	0.8080483264205921	1.0	0.3296843464497785	1.0	0.8574953435772257	1.0	0.6955491788942781	1.0	0.40388125653088713	0.6936201467913069	0.42950893856045713	0.25828544849532326
sh	0.5663820919865947	0.32823208030561285	0.32768032476814485	0.3296843464497785	0.32908931271973435	0.3293574473429385	0.3296843464497785	0.3242537074240888	0.3257930738567837	0.31896657861359823	0.3296843464497785	0.3293381727108838	0.2959504045027587	0.3296653255854916	0.33004121146089754	0.3296843464497785	0.3296843464497785	0.3151874208484523	0.3296843464497785	0.3296843464497785	0.3296843464497785	0.32890255558050435	0.3282114158317361	0.26438854528023753	0.3297117567195181	0.3296843464497785	1.0	0.32326734986070366	0.32922732958773865	0.3296843464497785	0.3242972430612236	0.3475006905361124	0.36573891439689876	0.3251901430651614	0.296365927633113	0.22354988382325547
si	1.0	0.8941461765814603	0.8476062008203896	1.0	0.8377774449438321	0.8188548862651857	1.0	0.7507177080721378	0.7412258679203934	0.7299906898700863	1.0	1.0	0.5117486419861165	0.8260250243049703	0.8937710847125971	1.0	1.0	0.6341847259419855	1.0	1.0	1.0	0.9166145921017828	0.8559339712815023	0.3766512512667073	0.8630871359577086	1.0	0.32326734986070366	1.0	0.9100045951529259	1.0	0.7807747146255493	1.0	1.0	0.7913549379348284	1.0	0.304809832667386
simple	0.9138771546921388	0.7966404577424093	0.7685463598305566	0.8581678425484225	0.7711674430181862	0.7361532012861055	0.8574953435772257	0.6396803190394676	0.6702055919599056	0.643406805365558	0.8573068925033815	0.8594874248139447	0.43278401323767035	0.7314987539036052	0.8163620596912647	0.8574953435772257	0.8574953435772257	0.5629921153710623	0.8581678425484225	0.8581678425484225	0.8581678425484225	0.8103679132274768	0.7676493808226077	0.33395919220043774	0.7755207923051713	0.8574953435772257	0.32922732958773865	0.9100045951529259	1.0	0.8573068925033815	0.6840298783140422	0.8654516930896351	0.2751749521532208	0.6774504644224698	0.428508992308392	0.2581988840573634
sr	1.0	0.8390901675780917	0.7980582980758757	1.0	0.8066711781613817	0.7589749016318219	1.0	0.6490825136820131	0.679048403914573	0.6534871144438097	1.0	1.0	0.4364569751515111	0.7550992276629224	0.8743789911408105	1.0	1.0	0.5685974348917285	1.0	1.0	1.0	0.856515038575026	0.7946825133560018	0.33416845762134695	0.8076786188140621	1.0	0.3296843464497785	1.0	0.8573068925033815	1.0	0.7009587675566751	1.0	0.5286612877834113	0.6948704226165551	0.42950893856045713	0.2577282331142372
sv	0.8349996759369145	0.6837670805485582	0.6679597053989472	0.7015245330163151	0.6711803494999041	0.6464649150147649	0.6935610655355666	0.5756065239941386	0.6062181785808634	0.5819815408436388	0.7009587675566751	0.7032401394394614	0.41592768253038853	0.6383438096417814	0.6889696299445219	0.6959835615484654	0.6884342075961581	0.5367296829531115	0.7015245330163151	0.7015245330163151	0.7015245330163151	0.6873216324391559	0.6637808124357832	0.327971279054614	0.6709082340856494	0.6955491788942781	0.3242972430612236	0.7807747146255493	0.6840298783140422	0.7009587675566751	1.0	0.7248373439230649	0.40718490358405196	0.6210177903138405	0.4144423847328638	0.2547550066122218
te	1.0	0.8523523198924312	0.8091513154606415	1.0	0.8144991507615101	0.7790781588086244	1.0	0.6656798513825493	0.6969234544613565	0.6777467305583859	1.0	1.0	0.465184641666054	0.7740400748311874	0.8819705279195257	1.0	1.0	0.5886811671817295	1.0	1.0	1.0	0.8617373383654681	0.8099730235501917	0.3469749107163151	0.819185859462931	1.0	0.3475006905361124	1.0	0.8654516930896351	1.0	0.7248373439230649	1.0	0.7510341748895938	0.7168112443538806	0.47646049057033096	0.2679731820509556
tr	1.0	0.48309446789914784	-1.0	0.7863954451402115	0.4480734496260061	0.34229194176358985	0.7106922308883379	0.22936336664795617	0.40283306759707127	0.34050137623439464	0.7455134344225701	0.6978955566455195	0.7510341748895938	0.3914085582452002	0.43884272597859797	0.4603456609728389	0.5244434925552225	0.6434951398727462	0.7510341748895938	0.6742609581833431	1.0	0.30668153292137823	0.3664875454956335	0.34450144276922656	0.5936476255764596	0.40388125653088713	0.36573891439689876	1.0	0.2751749521532208	0.5286612877834113	0.40718490358405196	0.7510341748895938	1.0	0.4441756152644327	1.0	0.4298990245308404
vi	0.7743203578326588	0.679273169299387	0.6648710175053466	0.6967608501199708	0.66544363219624	0.6454992018123715	0.6936201467913069	0.587481497642734	0.6093450962940274	0.588519660350768	0.6948704226165551	0.6979992561612325	0.42534145413341384	0.6429376553497649	0.6829152783716974	0.6936201467913069	0.6936201467913069	0.5306996708841748	0.6967608501199708	0.6967608501199708	0.6967608501199707	0.6795690342687195	0.66416448081983	0.3273651275393187	0.6672562193116234	0.6936201467913069	0.3251901430651614	0.7913549379348284	0.6774504644224698	0.6948704226165551	0.6210177903138405	0.7168112443538806	0.4441756152644327	1.0	0.41911067547358893	0.2564419045957486
war	1.0	0.42737968206102056	0.4493618422515443	0.42950893856045713	0.42599539763876443	0.42383998448533305	0.42950893856045713	0.4130524867226898	0.41584801015387857	0.4118555184881326	0.42950893856045713	0.4300253223228943	0.3548045973827754	0.4189801607361575	0.42737833258159663	0.42950893856045713	0.42950893856045713	0.3981390440203238	0.42950893856045713	0.42950893856045713	0.42950893856045713	0.4273999709876621	0.42628259519951656	0.3017254054114096	0.4266493890450431	0.42950893856045713	0.296365927633113	1.0	0.428508992308392	0.42950893856045713	0.4144423847328638	0.47646049057033096	1.0	0.41911067547358893	1.0	0.24005261343089893
zh	0.6497062083042456	0.25571681479462927	0.25977685034903036	0.25631705976345326	0.25631277276794995	0.25718948478296894	0.25828544849532326	0.2527968699197832	0.25598092541460415	0.25232112286962505	0.2577282331142372	0.26144795651299907	0.24483586810127533	0.25613381126828383	0.25678215605174903	0.2561427674626567	0.2575438914321159	0.2511949338921052	0.25631705976345326	0.25631705976345326	0.25631705976345326	0.25587600878652556	0.256944912917652	0.2246865595961203	0.25645215009278816	0.25828544849532326	0.22354988382325547	0.304809832667386	0.2581988840573634	0.2577282331142372	0.2547550066122218	0.2679731820509556	0.4298990245308404	0.2564419045957486	0.24005261343089893	1.0
