arz	bs	ceb	ckb	da	de	el	en	es	fr	he	hi	hu	id	it	ja	ko	lv	mk	ml	mr	nl	pl	pt	ro	ru	sh	si	simple	sr	sv	te	vi	war	zh
arz	1.0	0.3333333333333333	0.0	1.0	0.29100374853272853	0.17827181267990128	0.16528858048617429	0.13128055276253456	0.29429805508554946	0.10428047811251075	0.2651174395627081	1.0	0.2448491360898244	0.1520928063401609	0.22753715570049485	0.24336073281110826	0.13034945214301255	0.21551468935838852	0.44948974278317805	0.585786437626905	0.2791745113185196	0.28989794855663564	0.3151150884352446	0.16742756018219512	0.109559309384333	0.26533119314590375	0.44948974278317805	1.0	0.27792629762666365	0.3430703308172536	0.24254820451590545	0.0	0.3187431112039258	1.0	0.17722217245920055
bs	0.3333333333333333	1.0	0.0	0.28172904669025317	0.09315449749003513	0.07266081461379688	0.09289958726078708	0.042632432869255325	0.021577404074043006	0.0971872557639503	0.1049448308294997	0.49851311685382416	0.09202065933292879	0.10004227733835303	0.06396930133527078	0.08726140744420008	0.0789622354931626	0.13998151009109777	0.1308318762038902	0.32881309020609956	0.3148389658270472	0.08611843939501043	0.07804100768926592	0.05046367325812045	0.08707522661781922	0.08596241548440978	0.147363000603407	1.0	0.04672474878941209	0.1027851722172432	0.08032327334434441	0.0	0.04506937738495101	1.0	0.057885239369613
ceb	0.0	0.0	1.0	0.0	1.0	1.0	1.0	1.0	1.0	1.0	1.0	1.0	1.0	1.0	1.0	1.0	1.0	1.0	1.0	0.0	1.0	1.0	1.0	1.0	1.0	1.0	1.0	0.0	1.0	1.0	1.0	0.0	1.0	0.0	1.0
ckb	1.0	0.28172904669025317	0.0	1.0	0.29845524420134995	0.40453726661826384	0.29429805508554946	0.585786437626905	0.585786437626905	0.2708131845707603	0.4142135623730951	1.0	0.5	0.2402530733520421	0.5	0.4364916731037085	0.3597752501562547	0.2651174395627081	0.585786437626905	0.5	0.23716853256478385	0.44948974278317805	0.44948974278317805	0.585786437626905	0.1907435698305462	0.40453726661826384	0.585786437626905	1.0	0.585786437626905	0.2553967929896867	0.3726822671238253	0.0	1.0	1.0	0.44948974278317805
da	0.29100374853272853	0.09315449749003513	1.0	0.29845524420134995	1.0	0.05284123229896163	0.08678688115914081	0.04601336189278093	0.01176680134145567	0.05954545433312397	0.09821727187725869	0.4625414945524146	0.06180707625152607	0.10517266691777877	0.05301586129850715	0.07606639036081325	0.08147877825171734	0.10418700348669017	0.09656633329642267	0.37926872769071385	0.15980189750890428	0.05376280325421028	0.06176329580001898	0.054679175831816404	0.06894458169804234	0.08340517866236064	0.2816908704841858	0.39564392373896007	0.02386249971061265	0.09388056627851699	0.053180977366904886	0.0	0.0775540382471565	0.44948974278317805	0.05443543402604039
de	0.17827181267990128	0.07266081461379688	1.0	0.40453726661826384	0.05284123229896163	1.0	0.04758004841455091	0.01831636693738992	0.00436578673569909	0.019523504193037902	0.06503672559683465	0.585786437626905	0.04205050020839152	0.07490559040103852	0.019087334716150314	0.030835251830724764	0.04234979962588342	0.060923589864075194	0.06405339355537766	0.5	0.14224543658769573	0.022026803853548615	0.027579360876659124	0.029389615991534047	0.02864859244393969	0.026209179605637106	0.15768916253320922	0.585786437626905	0.016044083091681257	0.06440712907862013	0.04736150395613672	0.0	0.06061526641580877	0.585786437626905	0.032741023686748756
el	0.16528858048617429	0.09289958726078708	1.0	0.29429805508554946	0.08678688115914081	0.04758004841455091	1.0	0.04008420307089807	0.008103149612240504	0.05084278354122937	0.08566625135826308	0.585786437626905	0.056548984436981246	0.10055172649469353	0.045479690944520715	0.0517967992389074	0.050831804152433054	0.12223602628511264	0.09690539759454307	0.5	0.15178491008547268	0.04703927744641499	0.04990282209521286	0.04566346984602829	0.04560869660134978	0.04945049322564323	0.23166247903554	1.0	0.020941713626371938	0.1139838456916004	0.07125884178325335	0.0	0.06936703613823042	1.0	0.0507435358185292
en	0.13128055276253456	0.042632432869255325	1.0	0.585786437626905	0.04601336189278093	0.01831636693738992	0.04008420307089807	1.0	0.003963726497338875	0.015405256358068496	0.03851560184531833	0.5	0.04093554430228531	0.045795664744880164	0.01684635358054862	0.02972273313276754	0.040899195839281546	0.03874784084436559	0.06311382027116791	0.585786437626905	0.14116026847009797	0.022136647527195723	0.025486483034488167	0.024081576828920155	0.026203866115653722	0.025032680532425272	0.15168002421806756	0.39564392373896	0.014856463116620427	0.04541129969494931	0.03465009031098837	0.0	0.05385063965743032	0.32449979983983984	0.02449384472832577
es	0.29429805508554946	0.021577404074043006	1.0	0.585786437626905	0.01176680134145567	0.00436578673569909	0.008103149612240504	0.003963726497338875	1.0	0.0046282280502515346	0.011221786127191588	0.585786437626905	0.006065176236311226	0.014024358801574268	0.004410694916673315	0.005767992002226851	0.006738023388219071	0.025352780420044865	0.06131684668938133	0.585786437626905	0.15737805306275918	0.0044307058919055686	0.004973914850803112	0.004406528001094788	0.00618542691571281	0.004803356424007639	0.20740043656140392	0.585786437626905	0.08092044290312927	0.017051896270237586	0.008125080295134809	0.0	0.013058179473798708	0.36602540378443865	0.0048291306957048445
fr	0.10428047811251075	0.0971872557639503	1.0	0.2708131845707603	0.05954545433312397	0.019523504193037902	0.05084278354122937	0.015405256358068496	0.0046282280502515346	1.0	0.0824544559134503	0.585786437626905	0.02939129196654021	0.10110599469379225	0.018039646989718036	0.027726451260122117	0.044787885533637585	0.1286956523430605	0.16571079316185655	0.5	0.1869504171504272	0.020982745594636375	0.02490445012072795	0.022625970779981346	0.026313836265294967	0.02437196995405603	0.15441813132932447	1.0	0.01763438206163556	0.12031223845035656	0.06058660989953073	0.0	0.08641388776915536	0.5	0.025289920178827724
he	0.2651174395627081	0.1049448308294997	1.0	0.4142135623730951	0.09821727187725869	0.06503672559683465	0.08566625135826308	0.03851560184531833	0.011221786127191588	0.0824544559134503	1.0	0.585786437626905	0.09195100572041966	0.11419715364879376	0.07314106866710864	0.07853207812013475	0.08137695670910812	0.11452041383375777	0.13072021912509912	0.44948974278317805	0.1598418295511983	0.07898428572588943	0.07435667348478014	0.049484221030369716	0.06309574047698549	0.07038758541686485	0.20033338387636118	1.0	0.02454881174785363	0.11858546262859375	0.09134517702289201	0.0	0.05689517425133623	1.0	0.07779338635921201
hi	1.0	0.49851311685382416	1.0	1.0	0.4625414945524146	0.585786437626905	0.585786437626905	0.5	0.585786437626905	0.585786437626905	0.585786437626905	1.0	0.585786437626905	0.40453726661826384	0.5	0.585786437626905	0.5	0.37926872769071385	1.0	1.0	1.0	0.585786437626905	0.5	0.585786437626905	0.44948974278317805	0.5	1.0	1.0	0.585786437626905	0.40453726661826384	0.585786437626905	0.0	0.5	1.0	0.585786437626905
hu	0.2448491360898244	0.09202065933292879	1.0	0.5	0.06180707625152607	0.04205050020839152	0.056548984436981246	0.04093554430228531	0.006065176236311226	0.02939129196654021	0.09195100572041966	0.585786437626905	1.0	0.09980803618377836	0.04034555362475661	0.04962031355879148	0.05241715233185721	0.1132890137921973	0.10999618783896536	0.5	0.14945193138499321	0.04451156784027178	0.047832718152361876	0.04684155314803118	0.037857985024574395	0.048429384067524665	0.3597752501562547	1.0	0.021896338262500682	0.11659596082580886	0.05964781581849738	0.0	0.05987355340973494	1.0	0.051106043434547964
id	0.1520928063401609	0.10004227733835303	1.0	0.2402530733520421	0.10517266691777877	0.07490559040103852	0.10055172649469353	0.045795664744880164	0.014024358801574268	0.10110599469379225	0.11419715364879376	0.40453726661826384	0.09980803618377836	1.0	0.08940991193906883	0.08302575856511547	0.08853625674775986	0.12606398864896232	0.11839187525330327	0.319768262066329	0.28561492806405353	0.08995296863459881	0.08386333061164095	0.06039501352133355	0.0741905693985503	0.09208341309866132	0.17410506691638936	0.585786437626905	0.0300148422772523	0.1313233510211375	0.1048834284256019	0.0	0.07725979988895722	0.44948974278317805	0.07114602016335964
it	0.22753715570049485	0.06396930133527078	1.0	0.5	0.05301586129850715	0.019087334716150314	0.045479690944520715	0.01684635358054862	0.004410694916673315	0.018039646989718036	0.07314106866710864	0.5	0.04034555362475661	0.08940991193906883	1.0	0.030614818649791598	0.04149273843753455	0.05983708956890535	0.06720232143586226	0.5	0.15891598463463874	0.021328438832228864	0.025822068184348866	0.027278788138820318	0.028191451591366393	0.025549723306196887	0.15055030429441008	0.39564392373896007	0.015820132978892613	0.08191559250518843	0.04596363253618003	0.0	0.05888056965483969	1.0	0.031898951776957035
ja	0.24336073281110826	0.08726140744420008	1.0	0.4364916731037085	0.07606639036081325	0.030835251830724764	0.0517967992389074	0.02972273313276754	0.005767992002226851	0.027726451260122117	0.07853207812013475	0.585786437626905	0.04962031355879148	0.08302575856511547	0.030614818649791598	1.0	0.04571115389802816	0.12319401368299823	0.08515429896965994	0.4364916731037085	0.17213888177013426	0.034476802365147684	0.03330228910214475	0.03387789342227137	0.035442119903639525	0.032533534846104294	0.16293633381572747	1.0	0.018575562109608916	0.12057841300396835	0.060837655315592806	0.0	0.058441585928978655	1.0	0.03432234068023013
ko	0.13034945214301255	0.0789622354931626	1.0	0.3597752501562547	0.08147877825171734	0.04234979962588342	0.050831804152433054	0.040899195839281546	0.006738023388219071	0.044787885533637585	0.08137695670910812	0.5	0.05241715233185721	0.08853625674775986	0.04149273843753455	0.04571115389802816	1.0	0.12076910499753904	0.09234448796891012	0.44948974278317805	0.15235754985924368	0.04435245836443205	0.04597155942723078	0.04206289487666245	0.04389228284282609	0.04503857843804682	0.205358545210817	1.0	0.017696467223537512	0.10342504127541491	0.06693206136534227	0.0	0.06878831846242162	1.0	0.044731552088302706
lv	0.21551468935838852	0.13998151009109777	1.0	0.2651174395627081	0.10418700348669017	0.060923589864075194	0.12223602628511264	0.03874784084436559	0.025352780420044865	0.1286956523430605	0.11452041383375777	0.37926872769071385	0.1132890137921973	0.12606398864896232	0.05983708956890535	0.12319401368299823	0.12076910499753904	1.0	0.11657483592060573	0.31264808514230086	0.47282337416896064	0.11853475144617806	0.11718315751966456	0.04814755388894408	0.10265763515678662	0.08578319742417842	0.15145262635614423	1.0	0.045025999529275315	0.1330334370066607	0.08700525611854977	0.0	0.05162761544141845	1.0	0.078959287241272
mk	0.44948974278317805	0.1308318762038902	1.0	0.585786437626905	0.09656633329642267	0.06405339355537766	0.09690539759454307	0.06311382027116791	0.06131684668938133	0.16571079316185655	0.13072021912509912	1.0	0.10999618783896536	0.11839187525330327	0.06720232143586226	0.08515429896965994	0.09234448796891012	0.11657483592060573	1.0	0.585786437626905	0.20873876719656634	0.10967513957042613	0.09579229229880326	0.06171512682872438	0.18349571839162693	0.07364460607321718	0.3638371391560647	1.0	0.15115761380826293	0.1344485292410936	0.075333104420342	0.0	0.14813014773199143	1.0	0.06558892325441514
ml	0.585786437626905	0.32881309020609956	0.0	0.5	0.37926872769071385	0.5	0.5	0.585786437626905	0.585786437626905	0.5	0.44948974278317805	1.0	0.5	0.319768262066329	0.5	0.4364916731037085	0.44948974278317805	0.31264808514230086	0.585786437626905	1.0	0.22382656312641838	0.5	0.40453726661826384	0.585786437626905	0.26105968475175495	0.5	0.585786437626905	1.0	0.585786437626905	0.2894658029692371	0.585786437626905	0.0	0.5	1.0	0.585786437626905
mr	0.2791745113185196	0.3148389658270472	1.0	0.23716853256478385	0.15980189750890428	0.14224543658769573	0.15178491008547268	0.14116026847009797	0.15737805306275918	0.1869504171504272	0.1598418295511983	1.0	0.14945193138499321	0.28561492806405353	0.15891598463463874	0.17213888177013426	0.15235754985924368	0.47282337416896064	0.20873876719656634	0.22382656312641838	1.0	0.14509778709559298	0.15528197976223157	0.1417175575974784	0.41154834148092256	0.1635104796352011	0.37926872769071385	1.0	0.14064497963140699	0.21139989821440272	0.17785288245494496	0.0	0.16793042293012775	1.0	0.14224543658769573
nl	0.28989794855663564	0.08611843939501043	1.0	0.44948974278317805	0.05376280325421028	0.022026803853548615	0.04703927744641499	0.022136647527195723	0.0044307058919055686	0.020982745594636375	0.07898428572588943	0.585786437626905	0.04451156784027178	0.08995296863459881	0.021328438832228864	0.034476802365147684	0.04435245836443205	0.11853475144617806	0.10967513957042613	0.5	0.14509778709559298	1.0	0.03030451977708483	0.02927695390779095	0.03174646711641718	0.028951379281625354	0.25	0.5	0.01830042226705487	0.11495747963595178	0.038149783366197294	0.0	0.052571559599575865	0.5	0.035232569060118214
pl	0.3151150884352446	0.07804100768926592	1.0	0.44948974278317805	0.06176329580001898	0.027579360876659124	0.04990282209521286	0.025486483034488167	0.004973914850803112	0.02490445012072795	0.07435667348478014	0.5	0.047832718152361876	0.08386333061164095	0.025822068184348866	0.03330228910214475	0.04597155942723078	0.11718315751966456	0.09579229229880326	0.40453726661826384	0.15528197976223157	0.03030451977708483	1.0	0.029623274239840052	0.03347873430261323	0.02835158531366571	0.13909122032956447	0.585786437626905	0.01786384642929172	0.07230734531885671	0.058312165118434206	0.0	0.06744524967093932	1.0	0.032411975256927586
pt	0.16742756018219512	0.05046367325812045	1.0	0.585786437626905	0.054679175831816404	0.029389615991534047	0.04566346984602829	0.024081576828920155	0.004406528001094788	0.022625970779981346	0.049484221030369716	0.585786437626905	0.04684155314803118	0.06039501352133355	0.027278788138820318	0.03387789342227137	0.04206289487666245	0.04814755388894408	0.06171512682872438	0.585786437626905	0.1417175575974784	0.02927695390779095	0.029623274239840052	1.0	0.029852975692357585	0.03283192303780305	0.28989794855663564	0.585786437626905	0.0179540748542945	0.04571543337708267	0.05368747538283508	0.0	0.058600580822693114	0.4364916731037085	0.03469092158255741
ro	0.109559309384333	0.08707522661781922	1.0	0.1907435698305462	0.06894458169804234	0.02864859244393969	0.04560869660134978	0.026203866115653722	0.00618542691571281	0.026313836265294967	0.06309574047698549	0.44948974278317805	0.037857985024574395	0.0741905693985503	0.028191451591366393	0.035442119903639525	0.04389228284282609	0.10265763515678662	0.18349571839162693	0.26105968475175495	0.41154834148092256	0.03174646711641718	0.03347873430261323	0.029852975692357585	1.0	0.03094506255523751	0.1584460066961252	1.0	0.023092680824138605	0.0915996314501924	0.05288516270256659	0.0	0.05818334026492658	1.0	0.034356163233979276
ru	0.26533119314590375	0.08596241548440978	1.0	0.40453726661826384	0.08340517866236064	0.026209179605637106	0.04945049322564323	0.025032680532425272	0.004803356424007639	0.02437196995405603	0.07038758541686485	0.5	0.048429384067524665	0.09208341309866132	0.025549723306196887	0.032533534846104294	0.04503857843804682	0.08578319742417842	0.07364460607321718	0.5	0.1635104796352011	0.028951379281625354	0.02835158531366571	0.03283192303780305	0.03094506255523751	1.0	0.26427884169111276	1.0	0.017572937222875628	0.11334872538581803	0.05740904201033679	0.0	0.05866341099934456	1.0	0.02947395362387567
sh	0.44948974278317805	0.147363000603407	1.0	0.585786437626905	0.2816908704841858	0.15768916253320922	0.23166247903554	0.15168002421806756	0.20740043656140392	0.15441813132932447	0.20033338387636118	1.0	0.3597752501562547	0.17410506691638936	0.15055030429441008	0.16293633381572747	0.205358545210817	0.15145262635614423	0.3638371391560647	0.585786437626905	0.37926872769071385	0.25	0.13909122032956447	0.28989794855663564	0.1584460066961252	0.26427884169111276	1.0	1.0	0.44948974278317805	0.10898661630787045	0.3797958971132712	0.0	0.585786437626905	0.585786437626905	0.20456671683562952
si	1.0	1.0	0.0	1.0	0.39564392373896007	0.585786437626905	1.0	0.39564392373896	0.585786437626905	1.0	1.0	1.0	1.0	0.585786437626905	0.39564392373896007	1.0	1.0	1.0	1.0	1.0	1.0	0.5	0.585786437626905	0.585786437626905	1.0	1.0	1.0	1.0	0.585786437626905	1.0	1.0	1.0	1.0	1.0	1.0
simple	0.27792629762666365	0.04672474878941209	1.0	0.585786437626905	0.02386249971061265	0.016044083091681257	0.020941713626371938	0.014856463116620427	0.08092044290312927	0.01763438206163556	0.02454881174785363	0.585786437626905	0.021896338262500682	0.0300148422772523	0.015820132978892613	0.018575562109608916	0.017696467223537512	0.045025999529275315	0.15115761380826293	0.585786437626905	0.14064497963140699	0.01830042226705487	0.01786384642929172	0.0179540748542945	0.023092680824138605	0.017572937222875628	0.44948974278317805	0.585786437626905	1.0	0.03807679714566773	0.021226807737329666	0.0	0.04130946311411664	0.5	0.0172668429069756
sr	0.3430703308172536	0.1027851722172432	1.0	0.2553967929896867	0.09388056627851699	0.06440712907862013	0.1139838456916004	0.04541129969494931	0.017051896270237586	0.12031223845035656	0.11858546262859375	0.40453726661826384	0.11659596082580886	0.1313233510211375	0.08191559250518843	0.12057841300396835	0.10342504127541491	0.1330334370066607	0.1344485292410936	0.2894658029692371	0.21139989821440272	0.11495747963595178	0.07230734531885671	0.04571543337708267	0.0915996314501924	0.11334872538581803	0.10898661630787045	1.0	0.03807679714566773	1.0	0.12726302626538294	0.0	0.04647325770603336	1.0	0.07039555814678686
sv	0.24254820451590545	0.08032327334434441	1.0	0.3726822671238253	0.053180977366904886	0.04736150395613672	0.07125884178325335	0.03465009031098837	0.008125080295134809	0.06058660989953073	0.09134517702289201	0.585786437626905	0.05964781581849738	0.1048834284256019	0.04596363253618003	0.060837655315592806	0.06693206136534227	0.08700525611854977	0.075333104420342	0.585786437626905	0.17785288245494496	0.038149783366197294	0.058312165118434206	0.05368747538283508	0.05288516270256659	0.05740904201033679	0.3797958971132712	1.0	0.021226807737329666	0.12726302626538294	1.0	0.0	0.058169233684951735	1.0	0.05256765780438317
te	0.0	0.0	0.0	0.0	0.0	0.0	0.0	0.0	0.0	0.0	0.0	0.0	0.0	0.0	0.0	0.0	0.0	0.0	0.0	0.0	0.0	0.0	0.0	0.0	0.0	0.0	0.0	1.0	0.0	0.0	0.0	0.0	0.0	1.0	0.0
vi	0.3187431112039258	0.04506937738495101	1.0	1.0	0.0775540382471565	0.06061526641580877	0.06936703613823042	0.05385063965743032	0.013058179473798708	0.08641388776915536	0.05689517425133623	0.5	0.05987355340973494	0.07725979988895722	0.05888056965483969	0.058441585928978655	0.06878831846242162	0.05162761544141845	0.14813014773199143	0.5	0.16793042293012775	0.052571559599575865	0.06744524967093932	0.058600580822693114	0.05818334026492658	0.05866341099934456	0.585786437626905	1.0	0.04130946311411664	0.04647325770603336	0.058169233684951735	0.0	1.0	1.0	0.0713660471422897
war	1.0	1.0	0.0	1.0	0.44948974278317805	0.585786437626905	1.0	0.32449979983983984	0.36602540378443865	0.5	1.0	1.0	1.0	0.44948974278317805	1.0	1.0	1.0	1.0	1.0	1.0	1.0	0.5	1.0	0.4364916731037085	1.0	1.0	0.585786437626905	1.0	0.5	1.0	1.0	1.0	1.0	1.0	1.0
zh	0.17722217245920055	0.057885239369613	1.0	0.44948974278317805	0.05443543402604039	0.032741023686748756	0.0507435358185292	0.02449384472832577	0.0048291306957048445	0.025289920178827724	0.07779338635921201	0.585786437626905	0.051106043434547964	0.07114602016335964	0.031898951776957035	0.03432234068023013	0.044731552088302706	0.078959287241272	0.06558892325441514	0.585786437626905	0.14224543658769573	0.035232569060118214	0.032411975256927586	0.03469092158255741	0.034356163233979276	0.02947395362387567	0.20456671683562952	1.0	0.0172668429069756	0.07039555814678686	0.05256765780438317	0.0	0.0713660471422897	1.0	1.0
