arz	bs	ceb	ckb	da	de	el	en	es	fr	he	hi	hu	id	it	ja	ko	lv	mk	ml	mr	nl	pl	pt	ro	ru	sh	si	simple	sr	sv	te	tr	vi	war	zh
arz	1.0	1.0	0.0	1.0	1.0	1.0	1.0	1.0	1.0	1.0	1.0	1.0	1.0	1.0	0.5660160774121898	1.0	1.0	1.0	1.0	1.0	1.0	1.0	1.0	1.0	1.0	1.0	1.0	1.0	1.0	1.0	1.0	1.0	0.8216064286890065	1.0	0.8216064286890065	1.0
bs	1.0	1.0	1.0	0.42995415895150896	0.4195719298829873	0.4243010378097183	0.44930756545688116	0.44308671748828815	0.4208812337678027	0.44425515363545015	0.4417255608795031	0.43526109167898114	0.4250893646991926	0.41413998784888373	0.35640544268145	0.4208812337678027	0.4208812337678027	0.44930756545688116	0.44930756545688116	0.44930756545688116	1.0	0.4493138454907212	0.42529063263507405	0.4208812337678027	0.4143164713973621	0.42995415895150896	0.39569592480639415	0.5020797777427737	0.36010079697393477	0.4205796012014384	0.4208812337678027	1.0	0.39885259358159464	0.4208812337678027	0.44650355581684187	0.4208812337678027
ceb	0.0	1.0	1.0	0.0	1.0	1.0	0.0	1.0	1.0	1.0	1.0	1.0	1.0	1.0	1.0	1.0	1.0	1.0	1.0	1.0	0.0	1.0	1.0	1.0	1.0	1.0	1.0	1.0	1.0	1.0	1.0	0.0	-1.0	1.0	1.0	1.0
ckb	1.0	0.42995415895150896	0.0	1.0	0.6994017365373274	0.6044414021866646	1.0	0.7347168825662656	1.0	0.7411828468492556	1.0	1.0	0.7510341748895938	0.6994017365373274	0.42995415895150885	1.0	1.0	1.0	1.0	1.0	1.0	0.6786291688147438	1.0	0.7411828468492556	0.7411828468492556	1.0	0.6141010628511292	1.0	0.42489828324440815	0.6994017365373274	1.0	1.0	0.6333404237489202	1.0	0.7690990303325336	1.0
da	1.0	0.4195719298829873	1.0	0.6994017365373274	1.0	0.6014017102680222	1.0	0.5616751758586385	0.5616751758586385	0.5675884488404302	0.6067253066550435	0.6994017365373274	0.6333404237489202	0.6604928506158132	0.3742566069767834	0.5693860189509429	0.5693860189509429	1.0	1.0	1.0	1.0	0.5561406052391944	0.5693860189509429	0.6161562425375515	0.7455134344225701	0.5616751758586385	0.6659525223993906	1.0	0.44976667314248725	0.8523100170540392	0.7376607345031153	1.0	0.5921567071625392	0.6204120806044474	0.7690990303325336	0.6223041007404059
de	1.0	0.4243010378097183	1.0	0.6044414021866646	0.6014017102680222	1.0	1.0	0.27267455390302725	0.3664850369376287	0.31685841082845306	0.4844785540584665	0.728099120889861	0.537770050968327	0.5583715391743692	0.2466062520406014	0.3847481569381882	0.4871522947658325	1.0	1.0	1.0	1.0	0.33806900538402623	0.4798741926992274	0.3651872005920803	0.7300208629885034	0.36669202541483553	0.6141010628511291	1.0	0.3910029993716016	0.6638546162332061	0.4713595795013829	1.0	0.5500411296208334	0.7763354016084121	0.7690990303325336	0.4596424377663212
el	1.0	0.44930756545688116	0.0	1.0	1.0	1.0	1.0	0.7347168825662656	1.0	0.7376607345031153	1.0	1.0	0.74551343442257	0.6489945642238909	0.40247961061326976	1.0	1.0	1.0	1.0	1.0	1.0	1.0	1.0	0.6786291688147437	1.0	1.0	0.6964586824468321	1.0	0.42489828324440826	0.7411828468492555	0.7347168825662656	1.0	0.6333404237489202	1.0	0.7690990303325336	1.0
en	1.0	0.44308671748828815	1.0	0.7347168825662656	0.5616751758586385	0.27267455390302725	0.7347168825662656	1.0	0.33912632100535933	0.2365662790100648	0.4875978697160654	0.7263875964832449	0.5467978565673282	0.6071076970947259	0.2687070248720252	0.317969128740642	0.5467088425160406	1.0	1.0	1.0	1.0	0.291495719200287	0.4046788070233069	0.31098842205189303	0.5699203497602633	0.32036734673168943	0.5594066550916459	1.0	0.38731320470747294	0.6005596236014678	0.39283001689645913	1.0	0.4999322114599257	0.5904506347892131	0.7690990303325336	0.4058524869865684
es	1.0	0.4208812337678027	1.0	1.0	0.5616751758586385	0.3664850369376287	1.0	0.33912632100535933	1.0	0.36887446375580246	0.5369483018910296	0.7300208629885034	0.5681242258663405	0.7376607345031153	0.3129546731577745	0.5062999629399836	0.5346413381483737	0.7510341748895938	0.7455134344225701	1.0	1.0	0.3493258848184528	0.4751920645349997	0.48570679952570694	0.7322034805959263	0.4938025240260872	0.6715895942009565	1.0	0.4008060426670639	0.6483618101972173	0.48610385307023907	1.0	0.5257709951850499	1.0	0.7690990303325336	0.5026939001397694
fr	1.0	0.44425515363545015	1.0	0.7411828468492556	0.5675884488404302	0.31685841082845306	0.7376607345031153	0.2365662790100648	0.36887446375580246	1.0	0.6252463372080429	0.7300208629885035	0.5370245212004989	0.4625823995597804	0.268518623002595	0.5060591527926348	0.5633784306649207	0.7455134344225701	0.7411828468492556	0.7584325078215763	1.0	0.37579179645622296	0.4394201724058952	0.31579743590587994	0.6483618101972173	0.4194372411079114	0.5577510556346559	0.7863954451402115	0.39045281783943864	0.5685430765086736	0.4437778089175855	1.0	0.5088913495271284	0.5819274293967764	0.7690990303325336	0.4900268988381741
he	1.0	0.4417255608795031	1.0	1.0	0.6067253066550435	0.4844785540584665	1.0	0.4875978697160654	0.5369483018910296	0.6252463372080429	1.0	1.0	0.616531178706057	0.6408960407335635	0.3606468300205786	1.0	1.0	1.0	1.0	1.0	1.0	0.5397327087069904	0.583133552931004	0.5855860097405515	1.0	1.0	0.6571702826516209	1.0	0.41532722239818626	1.0	1.0	1.0	0.6067253066550435	1.0	0.7690990303325336	1.0
hi	1.0	0.43526109167898114	1.0	1.0	0.6994017365373274	0.728099120889861	1.0	0.7263875964832449	0.7300208629885034	0.7300208629885035	1.0	1.0	0.7411828468492556	0.6994017365373274	0.39640901033933645	1.0	1.0	1.0	1.0	1.0	1.0	0.5863089236503652	0.7347168825662656	0.7300208629885034	1.0	1.0	0.7419870372398617	1.0	0.41691170415342604	0.6841174893561723	0.7376607345031153	1.0	0.6204120806044474	1.0	0.7690990303325336	1.0
hu	1.0	0.4250893646991926	1.0	0.7510341748895938	0.6333404237489202	0.537770050968327	0.74551343442257	0.5467978565673282	0.5681242258663405	0.5370245212004989	0.616531178706057	0.7411828468492556	1.0	0.6538836485984505	0.45544070585645424	0.610966740925758	0.6126124094693752	0.7455134344225701	0.7455134344225701	0.7584325078215765	1.0	0.47319109728449166	0.5693792777034552	0.5669768984010781	0.6333404237489202	0.612612409469375	0.6193149353922697	0.7863954451402115	0.40023010801942227	0.5759532512305547	0.6144532717435798	1.0	0.5696364420648019	0.6248466930879271	0.6743202287441529	0.6144532717435799
id	1.0	0.41413998784888373	1.0	0.6994017365373274	0.6604928506158132	0.5583715391743692	0.6489945642238909	0.6071076970947259	0.7376607345031153	0.4625823995597804	0.6408960407335635	0.6994017365373274	0.6538836485984505	1.0	0.34464583432532453	0.6071076970947259	0.6786291688147438	0.7510341748895938	0.7510341748895938	0.7584325078215763	1.0	0.4844958766221413	0.4887064802095693	0.48928840818882025	0.630820813329942	0.6134663290495238	0.6404559479308103	1.0	0.4753444078731751	0.6536884134093788	0.5260169189971984	1.0	0.519014751345765	0.6908587525207897	0.7690990303325336	0.6134663290495238
it	0.5660160774121898	0.35640544268145	1.0	0.42995415895150885	0.3742566069767834	0.2466062520406014	0.40247961061326976	0.2687070248720252	0.3129546731577745	0.268518623002595	0.3606468300205786	0.39640901033933645	0.45544070585645424	0.34464583432532453	1.0	0.29754416861197513	0.3524138421973465	0.42995415895150885	0.42086015539690247	0.4576444201675777	0.5020797777427737	0.2942027496177595	0.32382266333737786	0.2593461442007131	0.38366166540208807	0.28873292640191317	0.40591112481459823	0.5020797777427737	0.3150552683693134	0.36941547698649213	0.32185365240360075	0.5660160774121898	0.3532667059504462	0.3985371830837068	0.45428656772856396	0.32158148791740965
ja	1.0	0.4208812337678027	1.0	1.0	0.5693860189509429	0.3847481569381882	1.0	0.317969128740642	0.5062999629399836	0.5060591527926348	1.0	1.0	0.610966740925758	0.6071076970947259	0.29754416861197513	1.0	1.0	1.0	1.0	1.0	1.0	0.37283611223497626	0.47615644797006873	0.4885202207763852	0.6667969795412325	1.0	0.6141010628511292	1.0	0.4036722532252986	0.6638546162332061	0.5582681216144212	1.0	0.5876277661521775	1.0	0.7690990303325336	1.0
ko	1.0	0.4208812337678027	1.0	1.0	0.5693860189509429	0.4871522947658325	1.0	0.5467088425160406	0.5346413381483737	0.5633784306649207	1.0	1.0	0.6126124094693752	0.6786291688147438	0.3524138421973465	1.0	1.0	1.0	1.0	1.0	1.0	0.4029626576726767	0.5751238670581347	0.5207149856945882	0.7300208629885034	1.0	0.6141010628511292	1.0	0.4036722532252986	0.6638546162332061	0.6167131210802118	1.0	0.5936597225568959	1.0	0.7690990303325336	1.0
lv	1.0	0.44930756545688116	1.0	1.0	1.0	1.0	1.0	1.0	0.7510341748895938	0.7455134344225701	1.0	1.0	0.7455134344225701	0.7510341748895938	0.42995415895150885	1.0	1.0	1.0	1.0	1.0	1.0	0.7455134344225701	1.0	1.0	1.0	1.0	0.6964586824468321	1.0	0.42489828324440826	0.74551343442257	1.0	1.0	0.6300331949870974	1.0	0.7690990303325336	1.0
mk	1.0	0.44930756545688116	1.0	1.0	1.0	1.0	1.0	1.0	0.7455134344225701	0.7411828468492556	1.0	1.0	0.7455134344225701	0.7510341748895938	0.42086015539690247	1.0	1.0	1.0	1.0	1.0	1.0	0.6908587525207898	1.0	1.0	1.0	1.0	0.6964586824468321	1.0	0.42489828324440815	0.7411828468492556	1.0	1.0	0.6204120806044474	1.0	0.7690990303325336	1.0
ml	1.0	0.44930756545688116	1.0	1.0	1.0	1.0	1.0	1.0	1.0	0.7584325078215763	1.0	1.0	0.7584325078215765	0.7584325078215763	0.4576444201675777	1.0	1.0	1.0	1.0	1.0	1.0	1.0	1.0	1.0	1.0	1.0	0.6571702826516209	1.0	0.44930756545688116	1.0	1.0	1.0	0.6571702826516209	1.0	0.7690990303325336	1.0
mr	1.0	1.0	0.0	1.0	1.0	1.0	1.0	1.0	1.0	1.0	1.0	1.0	1.0	1.0	0.5020797777427737	1.0	1.0	1.0	1.0	1.0	1.0	1.0	1.0	1.0	1.0	1.0	0.7863954451402115	1.0	0.5020797777427737	1.0	1.0	1.0	0.6972954930026792	1.0	0.7863954451402115	1.0
nl	1.0	0.4493138454907212	1.0	0.6786291688147438	0.5561406052391944	0.33806900538402623	1.0	0.291495719200287	0.3493258848184528	0.37579179645622296	0.5397327087069904	0.5863089236503652	0.47319109728449166	0.4844958766221413	0.2942027496177595	0.37283611223497626	0.4029626576726767	0.7455134344225701	0.6908587525207898	1.0	1.0	1.0	0.4587311052135073	0.3303288065141881	0.5198042674135266	0.3914157431025855	0.5585956636486616	1.0	0.3796286541216533	0.5053179199382535	0.45486312053483613	1.0	0.44034410641744964	0.5690555149823487	0.7690990303325336	0.4019406149650761
pl	1.0	0.42529063263507405	1.0	1.0	0.5693860189509429	0.4798741926992274	1.0	0.4046788070233069	0.4751920645349997	0.4394201724058952	0.583133552931004	0.7347168825662656	0.5693792777034552	0.4887064802095693	0.32382266333737786	0.47615644797006873	0.5751238670581347	1.0	1.0	1.0	1.0	0.4587311052135073	1.0	0.4174125967271004	0.6483618101972173	0.545359334473187	0.7419870372398618	1.0	0.3950217599212774	0.6667969795412325	0.5259694583399999	1.0	0.6216387126951446	0.728099120889861	0.7690990303325336	0.5539028676859222
pt	1.0	0.4208812337678027	1.0	0.7411828468492556	0.6161562425375515	0.3651872005920803	0.6786291688147437	0.31098842205189303	0.48570679952570694	0.31579743590587994	0.5855860097405515	0.7300208629885034	0.5669768984010781	0.48928840818882025	0.2593461442007131	0.4885202207763852	0.5207149856945882	1.0	1.0	1.0	1.0	0.3303288065141881	0.4174125967271004	1.0	0.6049963408257749	0.47051842103992586	0.5841051621307806	1.0	0.4036722532252986	0.5685430765086736	0.46632689724737536	1.0	0.4744299747073916	0.6638546162332061	0.7690990303325336	0.4198064717147
ro	1.0	0.4143164713973621	1.0	0.7411828468492556	0.7455134344225701	0.7300208629885034	1.0	0.5699203497602633	0.7322034805959263	0.6483618101972173	1.0	1.0	0.6333404237489202	0.630820813329942	0.38366166540208807	0.6667969795412325	0.7300208629885034	1.0	1.0	1.0	1.0	0.5198042674135266	0.6483618101972173	0.6049963408257749	1.0	0.7300208629885034	0.6990725184184158	1.0	0.41102862093085446	0.6786291688147438	0.6471810937748329	1.0	0.5502958354599241	0.7347168825662656	0.7690990303325336	0.6667969795412325
ru	1.0	0.42995415895150896	1.0	1.0	0.5616751758586385	0.36669202541483553	1.0	0.32036734673168943	0.4938025240260872	0.4194372411079114	1.0	1.0	0.612612409469375	0.6134663290495238	0.28873292640191317	1.0	1.0	1.0	1.0	1.0	1.0	0.3914157431025855	0.545359334473187	0.47051842103992586	0.7300208629885034	1.0	0.7419870372398617	1.0	0.4090188991180572	0.6589257440209708	0.6052104383549939	1.0	0.5706184609412531	1.0	0.7690990303325336	1.0
sh	1.0	0.39569592480639415	1.0	0.6141010628511292	0.6659525223993906	0.6141010628511291	0.6964586824468321	0.5594066550916459	0.6715895942009565	0.5577510556346559	0.6571702826516209	0.7419870372398617	0.6193149353922697	0.6404559479308103	0.40591112481459823	0.6141010628511292	0.6141010628511292	0.6964586824468321	0.6964586824468321	0.6571702826516209	0.7863954451402115	0.5585956636486616	0.7419870372398618	0.5841051621307806	0.6990725184184158	0.7419870372398617	1.0	1.0	0.3823704186035304	0.6448930075914744	0.6141010628511291	1.0	0.5768863940180455	0.6141010628511291	0.8133646609844958	0.6141010628511292
si	1.0	0.5020797777427737	1.0	1.0	1.0	1.0	1.0	1.0	1.0	0.7863954451402115	1.0	1.0	0.7863954451402115	1.0	0.5020797777427737	1.0	1.0	1.0	1.0	1.0	1.0	1.0	1.0	1.0	1.0	1.0	1.0	1.0	1.0	1.0	1.0	1.0	1.0	1.0	1.0	1.0
simple	1.0	0.36010079697393477	1.0	0.42489828324440815	0.44976667314248725	0.3910029993716016	0.42489828324440826	0.38731320470747294	0.4008060426670639	0.39045281783943864	0.41532722239818626	0.41691170415342604	0.40023010801942227	0.4753444078731751	0.3150552683693134	0.4036722532252986	0.4036722532252986	0.42489828324440826	0.42489828324440815	0.44930756545688116	0.5020797777427737	0.3796286541216533	0.3950217599212774	0.4036722532252986	0.41102862093085446	0.4090188991180572	0.3823704186035304	1.0	1.0	0.4006882052519915	0.3954737933482676	1.0	0.38126529920504504	0.41691170415342604	0.4465035558168418	0.4036722532252986
sr	1.0	0.4205796012014384	1.0	0.6994017365373274	0.8523100170540392	0.6638546162332061	0.7411828468492555	0.6005596236014678	0.6483618101972173	0.5685430765086736	1.0	0.6841174893561723	0.5759532512305547	0.6536884134093788	0.36941547698649213	0.6638546162332061	0.6638546162332061	0.74551343442257	0.7411828468492556	1.0	1.0	0.5053179199382535	0.6667969795412325	0.5685430765086736	0.6786291688147438	0.6589257440209708	0.6448930075914744	1.0	0.4006882052519915	1.0	0.60772229637827	1.0	0.5755251536569149	0.6841174893561722	0.7690990303325336	0.6638546162332061
sv	1.0	0.4208812337678027	1.0	1.0	0.7376607345031153	0.4713595795013829	0.7347168825662656	0.39283001689645913	0.48610385307023907	0.4437778089175855	1.0	0.7376607345031153	0.6144532717435798	0.5260169189971984	0.32185365240360075	0.5582681216144212	0.6167131210802118	1.0	1.0	1.0	1.0	0.45486312053483613	0.5259694583399999	0.46632689724737536	0.6471810937748329	0.6052104383549939	0.6141010628511291	1.0	0.3954737933482676	0.60772229637827	1.0	1.0	0.5255603097949675	1.0	0.7690990303325336	0.5295763332985679
te	1.0	1.0	0.0	1.0	1.0	1.0	1.0	1.0	1.0	1.0	1.0	1.0	1.0	1.0	0.5660160774121898	1.0	1.0	1.0	1.0	1.0	1.0	1.0	1.0	1.0	1.0	1.0	1.0	1.0	1.0	1.0	1.0	1.0	0.8216064286890065	1.0	0.8216064286890065	1.0
tr	0.8216064286890065	0.39885259358159464	-1.0	0.6333404237489202	0.5921567071625392	0.5500411296208334	0.6333404237489202	0.4999322114599257	0.5257709951850499	0.5088913495271284	0.6067253066550435	0.6204120806044474	0.5696364420648019	0.519014751345765	0.3532667059504462	0.5876277661521775	0.5936597225568959	0.6300331949870974	0.6204120806044474	0.6571702826516209	0.6972954930026792	0.44034410641744964	0.6216387126951446	0.4744299747073916	0.5502958354599241	0.5706184609412531	0.5768863940180455	1.0	0.38126529920504504	0.5755251536569149	0.5255603097949675	0.8216064286890065	1.0	0.6286737270540138	0.831486122127227	0.5372629133330594
vi	1.0	0.4208812337678027	1.0	1.0	0.6204120806044474	0.7763354016084121	1.0	0.5904506347892131	1.0	0.5819274293967764	1.0	1.0	0.6248466930879271	0.6908587525207897	0.3985371830837068	1.0	1.0	1.0	1.0	1.0	1.0	0.5690555149823487	0.728099120889861	0.6638546162332061	0.7347168825662656	1.0	0.6141010628511291	1.0	0.41691170415342604	0.6841174893561722	1.0	1.0	0.6286737270540138	1.0	0.7690990303325336	1.0
war	0.8216064286890065	0.44650355581684187	1.0	0.7690990303325336	0.7690990303325336	0.7690990303325336	0.7690990303325336	0.7690990303325336	0.7690990303325336	0.7690990303325336	0.7690990303325336	0.7690990303325336	0.6743202287441529	0.7690990303325336	0.45428656772856396	0.7690990303325336	0.7690990303325336	0.7690990303325336	0.7690990303325336	0.7690990303325336	0.7863954451402115	0.7690990303325336	0.7690990303325336	0.7690990303325336	0.7690990303325336	0.7690990303325336	0.8133646609844958	1.0	0.4465035558168418	0.7690990303325336	0.7690990303325336	0.8216064286890065	0.831486122127227	0.7690990303325336	1.0	0.7690990303325336
zh	1.0	0.4208812337678027	1.0	1.0	0.6223041007404059	0.4596424377663212	1.0	0.4058524869865684	0.5026939001397694	0.4900268988381741	1.0	1.0	0.6144532717435799	0.6134663290495238	0.32158148791740965	1.0	1.0	1.0	1.0	1.0	1.0	0.4019406149650761	0.5539028676859222	0.4198064717147	0.6667969795412325	1.0	0.6141010628511292	1.0	0.4036722532252986	0.6638546162332061	0.5295763332985679	1.0	0.5372629133330594	1.0	0.7690990303325336	1.0
