arz	bs	ceb	ckb	da	de	el	en	es	fr	he	hi	hu	id	it	ja	ko	lv	mk	ml	mr	nl	pl	pt	ro	ru	sh	si	simple	sr	sv	te	vi	war	zh
arz	1.0	0.0	0.0	0.0	0.0003916960438699569	8e-05	0.00022904260192395785	7.807010695604653e-05	0.0	6.133213394938055e-05	0.0	0.0	0.0001335113484646195	0.00037965072133637056	0.0	0.0	0.00020431096128307284	0.0	0.0	0.0	0.0	3.124023742580444e-05	0.0	0.00011516756881262236	0.0001091077712010038	0.0003730415319572246	0.0	0.0	0.0	0.0	0.0	0.0	0.0	0.0	0.0
bs	0.0	1.0	0.0	0.0	0.032632030914555604	0.00833618038947728	0.032263092269326686	0.002805957263112454	0.002978850163836759	0.007560692275886511	0.055100368701351904	0.0	0.021912350597609563	0.08303808680248007	0.008311037741219331	0.013215859030837005	0.016538688718251624	0.16439499304589708	0.008112724167378309	0.0004380201489268506	0.006887645286267757	0.006491217764201375	0.013042296893397337	0.00560713300854858	0.016798160823449503	0.01688055281342547	0.0026189436927106066	0.0	0.0008456659619450317	0.11271477663230241	0.024781124795963793	0.0	0.010237963475373547	0.0	0.015322112594312246
ceb	0.0	0.0	0.0	0.0	0.0	0.0	0.0	0.0	0.0	0.0	0.0	0.0	0.0	0.0	0.0	0.0	0.0	0.0	0.0	0.0	0.0	0.0	0.0	0.0	0.0	0.0	0.0	0.0	0.0	0.0	0.0	0.0	0.0	0.0	0.0
ckb	0.0	0.0	0.0	1.0	0.0	0.0	0.0	0.0	0.0	2.0452825557850817e-05	0.0	0.0	0.0	0.0	0.0	0.0	0.00010238558410975735	0.0	0.0	0.0	0.0	0.0	0.0	0.0	0.0	0.0	0.0	0.0	0.0	0.0	0.0	0.0	0.0	0.0	0.0
da	0.0003916960438699569	0.032632030914555604	0.0	0.0	1.0	0.006775794981886489	0.018373092309971847	0.003460701416390167	0.0008301051466519093	0.007306562193927522	0.02466325175488522	0.0	0.015439309294057898	0.030054097375275497	0.006781750924784217	0.009914687572054416	0.010186478271584655	0.04180366369187412	0.0023032629558541267	0.0	0.0023228803716608595	0.006238521412121389	0.00900026471366805	0.004308023694130318	0.008496176720475786	0.008410589697027621	0.00039277297721916735	0.0	0.0019142419601837673	0.024473420260782346	0.01951844992164126	0.0	0.00515331100231899	0.0	0.00818018825638727
de	8e-05	0.00833618038947728	0.0	0.0	0.006775794981886489	1.0	0.012886908346380826	0.011342506507995537	0.0016985451591462965	0.028800375511298867	0.008807677139476798	0.0	0.019996931417173836	0.008758440863809587	0.017461995552477124	0.01591180623438688	0.012517638490600391	0.005874536680886775	0.00015928639694170118	0.0	0.00015956598053295037	0.01965280803540716	0.017221693625118936	0.009745378111116419	0.027336805337683796	0.017270471464019853	8.004482510205715e-05	0.0	0.0001592103168285305	0.007158627149260721	0.008372147868639821	0.0	0.0024612711741711308	0.0	0.012885633320857617
el	0.00022904260192395785	0.032263092269326686	0.0	0.0	0.018373092309971847	0.012886908346380826	1.0	0.005069155364576339	0.00258493353028065	0.015179252479023646	0.03441353599082306	0.0	0.01915774939592682	0.02930728241563055	0.01114633398097965	0.021545893719806763	0.018993283743771214	0.03391793514228988	0.0022655188038060714	0.0	0.0009095043201455207	0.009222734596366465	0.015405840423085767	0.00947131433894884	0.022376331479033104	0.01912298054731289	0.00022941041523285156	0.0	0.0018091361374943465	0.025033328395793215	0.017239423840308497	0.0	0.004571026722925457	0.0	0.015309476847938387
en	7.807010695604653e-05	0.002805957263112454	0.0	0.0	0.003460701416390167	0.011342506507995537	0.005069155364576339	1.0	0.001388576146513548	0.023270829040456076	0.0037375268855117942	0.0	0.008049025884935517	0.0034507292778370685	0.013061728395061728	0.008684077079107505	0.005745001564233099	0.0023690636731421074	0.00015580571027928172	0.0	3.898027598035394e-05	0.016595166216478646	0.009686859818554288	0.00628635215322249	0.01482194103835116	0.00821761689110158	0.0	0.0	0.00015576930565832002	0.0034191687146062615	0.004820959537187884	0.0	0.001969235342201085	0.0	0.007953473750392959
es	0.0	0.002978850163836759	0.0	0.0	0.0008301051466519093	0.0016985451591462965	0.00258493353028065	0.001388576146513548	1.0	0.0025072710861498344	0.0025329280648429585	0.0	0.002931175987806308	0.0016251354279523294	0.0024880150494568844	0.002466091245376079	0.0017535763728657129	0.00436241610738255	0.0	0.0	0.0	0.002120955035753242	0.002106107712365861	0.002056132414927521	0.00241783351489226	0.002973240832507433	0.0	0.0	0.0008525149190110827	0.0016402405686167304	0.001753463089601964	0.0	0.0008143322475570033	0.0	0.0027877339705296694
fr	6.133213394938055e-05	0.007560692275886511	0.0	2.0452825557850817e-05	0.007306562193927522	0.028800375511298867	0.015179252479023646	0.023270829040456076	0.0025072710861498344	1.0	0.013708287639041203	0.0	0.02562236133352744	0.008873479461714755	0.03172515557836659	0.021344796279483425	0.01801395300406095	0.007576809409524565	0.00026551745266640794	0.0	0.000143017672898151	0.035515837451668246	0.02429687915359668	0.01676559960426825	0.0645309835841143	0.023669916184035397	2.044613465824286e-05	0.0	0.0002654849184144424	0.007635082223962412	0.009240227045578834	0.0	0.002293166364234581	0.0	0.014885971987973895
he	0.0	0.055100368701351904	0.0	0.0	0.02466325175488522	0.008807677139476798	0.03441353599082306	0.0037375268855117942	0.0025329280648429585	0.013708287639041203	1.0	0.0	0.020230928648968718	0.049588359180547575	0.008873945874441933	0.020520296030500113	0.020345551429032778	0.0744489428699955	0.002717391304347826	0.0	0.004456633527596846	0.007340191885331176	0.015610176800344976	0.009454609121946948	0.020797271811300283	0.021188824301518847	0.0013869625520110957	0.0	0.003051881993896236	0.04648482520169036	0.022085889570552148	0.0	0.007122507122507123	0.0	0.015662388514248424
hi	0.0	0.0	0.0	0.0	0.0	0.0	0.0	0.0	0.0	0.0	0.0	1.0	0.0	0.0	0.0	0.0	0.0	0.0005246589716684155	0.0	0.0	0.01694915254237288	0.0	0.0	0.0	0.0	0.00012467273407305821	0.0	0.0	0.0	0.0	0.0	0.0	0.0	0.0	0.0
hu	0.0001335113484646195	0.021912350597609563	0.0	0.0	0.015439309294057898	0.019996931417173836	0.01915774939592682	0.008049025884935517	0.002931175987806308	0.02562236133352744	0.020230928648968718	0.0	1.0	0.020453624949372216	0.01836616711877974	0.020716893956330577	0.014182310363090684	0.025604551920341393	0.0005302226935312832	0.0002677734636497523	0.0006648052120728626	0.016331787738279237	0.020316589804312602	0.01465961998238329	0.03671320453156583	0.019349743319731473	0.0	0.0	0.0006623393826996954	0.01814495691839838	0.014853977844914401	0.0	0.005689576695493855	0.0	0.012498183403575062
id	0.00037965072133637056	0.08303808680248007	0.0	0.0	0.030054097375275497	0.008758440863809587	0.02930728241563055	0.0034507292778370685	0.0016251354279523294	0.008873479461714755	0.049588359180547575	0.0	0.020453624949372216	1.0	0.006919642857142857	0.01925293982015218	0.01725838264299803	0.09715812484819043	0.003354453969437197	0.00038255547054322876	0.004136893569010906	0.006048269845885432	0.011772974872605868	0.008319914117015567	0.016522504791008443	0.013343499809378575	0.00038066235249333843	0.0	0.001856665428889714	0.055114907463900756	0.014864675361099425	0.0	0.009634888438133874	0.0	0.01418835884258742
it	0.0	0.008311037741219331	0.0	0.0	0.006781750924784217	0.017461995552477124	0.01114633398097965	0.013061728395061728	0.0024880150494568844	0.03172515557836659	0.008873945874441933	0.0	0.01836616711877974	0.006919642857142857	1.0	0.0161835068955812	0.011804384485666104	0.006852099181232216	0.0002578981302385558	0.0001295756397797214	0.00032285142377477886	0.018055346830116576	0.018028192579579203	0.012481089258698942	0.02566425715467491	0.015676424735839252	6.472910868017347e-05	0.0	0.00019333634078752337	0.006538869949142123	0.0079392995326868	0.0	0.0029843619434164977	0.0	0.01309154831845307
ja	0.0	0.013215859030837005	0.0	0.0	0.009914687572054416	0.01591180623438688	0.021545893719806763	0.008684077079107505	0.002466091245376079	0.021344796279483425	0.020520296030500113	0.0	0.020716893956330577	0.01925293982015218	0.0161835068955812	1.0	0.019631589011409267	0.017127140892611577	0.0003170074496750674	0.00016043638697256537	0.0003181167488468268	0.011299285525271235	0.01754739814441307	0.011274110296115187	0.0246414913957935	0.02033364358845851	0.0	0.0	0.0017443704408499842	0.011717403790924756	0.012403245360440174	0.0	0.004625958234205657	0.0	0.016736066623959
ko	0.00020431096128307284	0.016538688718251624	0.0	0.00010238558410975735	0.010186478271584655	0.012517638490600391	0.018993283743771214	0.005745001564233099	0.0017535763728657129	0.01801395300406095	0.020345551429032778	0.0	0.014182310363090684	0.01725838264299803	0.011804384485666104	0.019631589011409267	1.0	0.01619221728910943	0.0009147271064132534	0.0	0.00030540568054565815	0.00974583444173055	0.012746108369040516	0.008593322386425834	0.020584095707248416	0.01477551486108734	0.00010221813349688235	0.0	0.0010158472165786266	0.014214115520499547	0.011810193321616872	0.0	0.002700756211739287	0.0	0.013991255465334166
lv	0.0	0.16439499304589708	0.0	0.0	0.04180366369187412	0.005874536680886775	0.03391793514228988	0.0023690636731421074	0.00436241610738255	0.007576809409524565	0.0744489428699955	0.0005246589716684155	0.025604551920341393	0.09715812484819043	0.006852099181232216	0.017127140892611577	0.01619221728910943	1.0	0.007606490872210953	0.0	0.014979338842975207	0.00519010617474346	0.011318989710009355	0.007341023929831251	0.018280280015849953	0.014304689894758353	0.0015625	0.0	0.003019627579265224	0.13723997970573312	0.024788202070913083	0.0	0.010172626387176326	0.0	0.011842900302114804
mk	0.0	0.008112724167378309	0.0	0.0	0.0023032629558541267	0.00015928639694170118	0.0022655188038060714	0.00015580571027928172	0.0	0.00026551745266640794	0.002717391304347826	0.0	0.0005302226935312832	0.003354453969437197	0.0002578981302385558	0.0003170074496750674	0.0009147271064132534	0.007606490872210953	1.0	0.011904761904761904	0.014492753623188406	0.00021833380119147875	0.00011129660545353366	0.0003433279926756695	0.0007630675314765357	0.0006175126590095097	0.0	0.0	0.0	0.006056018168054504	0.0006377551020408163	0.0	0.001379310344827586	0.0	0.0006112469437652812
ml	0.0	0.0004380201489268506	0.0	0.0	0.0	0.0	0.0	0.0	0.0	0.0	0.0	0.0	0.0002677734636497523	0.00038255547054322876	0.0001295756397797214	0.00016043638697256537	0.0	0.0	0.011904761904761904	1.0	0.03278688524590164	3.125976867771179e-05	0.0001122586439155815	0.0	2.7289597205545246e-05	0.0001246261216350947	0.0	0.0	0.0	0.0003875968992248062	0.0	0.0	0.0	0.0	0.0
mr	0.0	0.006887645286267757	0.0	0.0	0.0023228803716608595	0.00015956598053295037	0.0009095043201455207	3.898027598035394e-05	0.0	0.000143017672898151	0.004456633527596846	0.01694915254237288	0.0006648052120728626	0.004136893569010906	0.00032285142377477886	0.0003181167488468268	0.00030540568054565815	0.014979338842975207	0.014492753623188406	0.03278688524590164	1.0	0.00015605006085952374	0.00033478406427854036	0.00011470520761642578	0.0004361574528404754	0.0004952947003467063	0.0	0.0	0.0	0.006875477463712758	0.0002134927412467976	0.0	0.0014005602240896359	0.0	0.0006133088009812941
nl	3.124023742580444e-05	0.006491217764201375	0.0	0.0	0.006238521412121389	0.01965280803540716	0.009222734596366465	0.016595166216478646	0.002120955035753242	0.035515837451668246	0.007340191885331176	0.0	0.016331787738279237	0.006048269845885432	0.018055346830116576	0.011299285525271235	0.00974583444173055	0.00519010617474346	0.00021833380119147875	3.125976867771179e-05	0.00015605006085952374	1.0	0.015546615010182287	0.012832652247582977	0.030001951102372842	0.014864796306630816	3.1247070587132453e-05	0.0	0.00015591381084536468	0.005381192006748306	0.011073677234066055	0.0	0.0034895613982311533	0.0	0.01210717481707638
pl	0.0	0.013042296893397337	0.0	0.0	0.00900026471366805	0.017221693625118936	0.015405840423085767	0.009686859818554288	0.002106107712365861	0.02429687915359668	0.015610176800344976	0.0	0.020316589804312602	0.011772974872605868	0.018028192579579203	0.01754739814441307	0.012746108369040516	0.011318989710009355	0.00011129660545353366	0.0001122586439155815	0.00033478406427854036	0.015546615010182287	1.0	0.011400932803593021	0.025926343056650522	0.020007231529468483	0.0001120950566080036	0.0	0.0003337412392924686	0.012879322512350036	0.009625429040441726	0.0	0.0025365853658536586	0.0	0.01045158745809505
pt	0.00011516756881262236	0.00560713300854858	0.0	0.0	0.004308023694130318	0.009745378111116419	0.00947131433894884	0.00628635215322249	0.002056132414927521	0.01676559960426825	0.009454609121946948	0.0	0.01465961998238329	0.008319914117015567	0.012481089258698942	0.011274110296115187	0.008593322386425834	0.007341023929831251	0.0003433279926756695	0.0	0.00011470520761642578	0.012832652247582977	0.011400932803593021	1.0	0.01802287691858244	0.00980688903686664	0.0001152604887044721	0.0	0.00034309240622140897	0.005998209489704566	0.006286450049231235	0.0	0.0017976630380505342	0.0	0.007123834886817577
ro	0.0001091077712010038	0.016798160823449503	0.0	0.0	0.008496176720475786	0.027336805337683796	0.022376331479033104	0.01482194103835116	0.00241783351489226	0.0645309835841143	0.020797271811300283	0.0	0.03671320453156583	0.016522504791008443	0.02566425715467491	0.0246414913957935	0.020584095707248416	0.018280280015849953	0.0007630675314765357	2.7289597205545246e-05	0.0004361574528404754	0.030001951102372842	0.025926343056650522	0.01802287691858244	1.0	0.029813922386958427	2.7279919251439015e-05	0.0	0.0002995887463572732	0.014249877156231413	0.01253803121012857	0.0	0.0029816090134304335	0.0	0.02021110427415156
ru	0.0003730415319572246	0.01688055281342547	0.0	0.0	0.008410589697027621	0.017270471464019853	0.01912298054731289	0.00821761689110158	0.002973240832507433	0.023669916184035397	0.021188824301518847	0.00012467273407305821	0.019349743319731473	0.013343499809378575	0.015676424735839252	0.02033364358845851	0.01477551486108734	0.014304689894758353	0.0006175126590095097	0.0001246261216350947	0.0004952947003467063	0.014864796306630816	0.020007231529468483	0.00980688903686664	0.029813922386958427	1.0	0.00012442453651860148	0.0	0.0006170554115759595	0.013289989482742137	0.011921907505200832	0.0	0.0024549044721955387	0.0	0.01655907942744878
sh	0.0	0.0026189436927106066	0.0	0.0	0.00039277297721916735	8.004482510205715e-05	0.00022941041523285156	0.0	0.0	2.044613465824286e-05	0.0013869625520110957	0.0	0.0	0.00038066235249333843	6.472910868017347e-05	0.0	0.00010221813349688235	0.0015625	0.0	0.0	0.0	3.1247070587132453e-05	0.0001120950566080036	0.0001152604887044721	2.7279919251439015e-05	0.00012442453651860148	1.0	0.0	0.0	0.0019312475859405175	0.00043094160741219563	0.0	0.0	0.0	0.000308546744831842
si	0.0	0.0	0.0	0.0	0.0	0.0	0.0	0.0	0.0	0.0	0.0	0.0	0.0	0.0	0.0	0.0	0.0	0.0	0.0	0.0	0.0	0.0	0.0	0.0	0.0	0.0	0.0	0.0	0.0	0.0	0.0	0.0	0.0	0.0	0.0
simple	0.0	0.0008456659619450317	0.0	0.0	0.0019142419601837673	0.0001592103168285305	0.0018091361374943465	0.00015576930565832002	0.0008525149190110827	0.0002654849184144424	0.003051881993896236	0.0	0.0006623393826996954	0.001856665428889714	0.00019333634078752337	0.0017443704408499842	0.0010158472165786266	0.003019627579265224	0.0	0.0	0.0	0.00015591381084536468	0.0003337412392924686	0.00034309240622140897	0.0002995887463572732	0.0006170554115759595	0.0	0.0	1.0	0.0026345502446368085	0.00021222410865874363	0.0	0.0	0.0	0.0006106870229007634
sr	0.0	0.11271477663230241	0.0	0.0	0.024473420260782346	0.007158627149260721	0.025033328395793215	0.0034191687146062615	0.0016402405686167304	0.007635082223962412	0.04648482520169036	0.0	0.01814495691839838	0.055114907463900756	0.006538869949142123	0.011717403790924756	0.014214115520499547	0.13723997970573312	0.006056018168054504	0.0003875968992248062	0.006875477463712758	0.005381192006748306	0.012879322512350036	0.005998209489704566	0.014249877156231413	0.013289989482742137	0.0019312475859405175	0.0	0.0026345502446368085	1.0	0.017804154302670624	0.0	0.0056036678553234845	0.0	0.010502793296089385
sv	0.0	0.024781124795963793	0.0	0.0	0.01951844992164126	0.008372147868639821	0.017239423840308497	0.004820959537187884	0.001753463089601964	0.009240227045578834	0.022085889570552148	0.0	0.014853977844914401	0.014864675361099425	0.0079392995326868	0.012403245360440174	0.011810193321616872	0.024788202070913083	0.0006377551020408163	0.0	0.0002134927412467976	0.011073677234066055	0.009625429040441726	0.006286450049231235	0.01253803121012857	0.011921907505200832	0.00043094160741219563	0.0	0.00021222410865874363	0.017804154302670624	1.0	0.0	0.008577194752774974	0.0	0.00964776554109402
te	0.0	0.0	0.0	0.0	0.0	0.0	0.0	0.0	0.0	0.0	0.0	0.0	0.0	0.0	0.0	0.0	0.0	0.0	0.0	0.0	0.0	0.0	0.0	0.0	0.0	0.0	0.0	0.0	0.0	0.0	0.0	0.0	0.0	0.0	0.0
vi	0.0	0.010237963475373547	0.0	0.0	0.00515331100231899	0.0024612711741711308	0.004571026722925457	0.001969235342201085	0.0008143322475570033	0.002293166364234581	0.007122507122507123	0.0	0.005689576695493855	0.009634888438133874	0.0029843619434164977	0.004625958234205657	0.002700756211739287	0.010172626387176326	0.001379310344827586	0.0	0.0014005602240896359	0.0034895613982311533	0.0025365853658536586	0.0017976630380505342	0.0029816090134304335	0.0024549044721955387	0.0	0.0	0.0	0.0056036678553234845	0.008577194752774974	0.0	1.0	0.0	0.0030714102892244687
war	0.0	0.0	0.0	0.0	0.0	0.0	0.0	0.0	0.0	0.0	0.0	0.0	0.0	0.0	0.0	0.0	0.0	0.0	0.0	0.0	0.0	0.0	0.0	0.0	0.0	0.0	0.0	0.0	0.0	0.0	0.0	0.0	0.0	0.0	0.0
zh	0.0	0.015322112594312246	0.0	0.0	0.00818018825638727	0.012885633320857617	0.015309476847938387	0.007953473750392959	0.0027877339705296694	0.014885971987973895	0.015662388514248424	0.0	0.012498183403575062	0.01418835884258742	0.01309154831845307	0.016736066623959	0.013991255465334166	0.011842900302114804	0.0006112469437652812	0.0	0.0006133088009812941	0.01210717481707638	0.01045158745809505	0.007123834886817577	0.02021110427415156	0.01655907942744878	0.000308546744831842	0.0	0.0006106870229007634	0.010502793296089385	0.00964776554109402	0.0	0.0030714102892244687	0.0	1.0
