arz	bs	ceb	ckb	da	de	el	en	es	fr	he	hi	hu	id	it	ja	ko	lv	mk	ml	mr	nl	pl	pt	ro	ru	sh	si	simple	sr	sv	te	tr	vi	war	zh
arz	1.0	0.585786437626905	1.0	1.0	1.0	0.585786437626905	1.0	0.585786437626905	1.0	1.0	1.0	1.0	1.0	1.0	1.0	1.0	1.0	1.0	1.0	1.0	1.0	1.0	1.0	0.585786437626905	1.0	1.0	1.0	1.0	1.0	1.0	1.0	1.0	1.0	1.0	1.0	1.0
bs	0.585786437626905	1.0	1.0	0.30216947925196225	0.016209590872830144	0.011672223715898837	0.01709624083249339	0.03306950143376882	0.012433860138559016	0.012244938606687846	0.015552128190838904	0.016407121020579157	0.01414945314235857	0.03171557503467919	0.01807607196394049	0.01252238165070896	0.015566100561122133	0.016410059918098886	0.019919270302688176	0.028238270538888253	0.25	0.012801699027714717	0.01917549004194994	0.011332659552171647	0.01792078139003652	0.011259186065944737	0.01351141296384015	0.2012628451930092	0.017446480294516214	0.011408136611581556	0.012889843511582746	0.09598708942276947	0.12224740619545119	0.01503276205422616	0.05286397770990286	0.012446799840163648
ceb	1.0	1.0	1.0	1.0	1.0	1.0	1.0	1.0	1.0	1.0	1.0	1.0	1.0	1.0	1.0	1.0	1.0	1.0	1.0	1.0	1.0	1.0	1.0	1.0	1.0	1.0	1.0	1.0	1.0	1.0	1.0	1.0	-1.0	1.0	1.0	1.0
ckb	1.0	0.30216947925196225	1.0	1.0	0.2791745113185196	0.5	1.0	0.38742588672279304	0.585786437626905	0.585786437626905	1.0	1.0	0.5	0.20894541729001367	0.44948974278317805	1.0	1.0	1.0	1.0	1.0	1.0	0.44948974278317805	0.5	0.44948974278317805	0.4142135623730951	1.0	0.3090169943749474	1.0	0.44948974278317805	0.585786437626905	0.5	1.0	1.0	0.5	1.0	1.0
da	1.0	0.016209590872830144	1.0	0.2791745113185196	1.0	0.011252598129588297	0.030929139732604444	0.01193417475334378	0.012317475742696591	0.011079652182823625	0.027733528198834484	0.043944019398957576	0.013334781118022835	0.01217753797647297	0.011629497014022933	0.01274185834107156	0.02146312542823537	0.032662789101567634	0.06799364516629758	0.1066651504718996	0.44948974278317805	0.012459368599851754	0.011262840858272529	0.010612460720290125	0.012849045855697317	0.00999494006013198	0.010352424773308378	0.2240092377397959	0.03280651767163567	0.01007788552372425	0.010987014397155334	0.17176743283130236	0.1941685904093058	0.014022541615898396	0.1975496259559987	0.013623286052263053
de	0.585786437626905	0.011672223715898837	1.0	0.5	0.011252598129588297	1.0	0.05522148114968103	0.004675320491775198	0.003923405112770863	0.004246886032574555	0.060321773492678206	0.05528524910871155	0.0042759141896210875	0.005577310917030033	0.004278846557927086	0.002744324820618041	0.030681325148650615	0.032641797439034996	0.12948177659702817	0.1876127897984334	0.36602540378443865	0.003774594852997921	0.004533446633925242	0.004506176547385089	0.006344106579988446	0.007526732658606724	0.004037950851933078	0.585786437626905	0.009325443509908452	0.004032352310968242	0.005176187819113422	0.2222222222222222	0.16850415060343174	0.004620661204098589	0.252650308587072	0.0031606342022539513
el	1.0	0.01709624083249339	1.0	1.0	0.030929139732604444	0.05522148114968103	1.0	0.00638770964425733	0.034491862221295834	0.007863457691673752	0.4142135623730951	1.0	0.009682442186430607	0.00889283328002583	0.007026915889973026	0.585786437626905	1.0	0.0887207587759528	1.0	1.0	1.0	0.008989133042678153	0.007339134848379771	0.04044060682457178	0.011797384502136854	0.585786437626905	0.010296539725159108	1.0	0.042114195246564186	0.010447894134968478	0.017182646736276168	1.0	0.4364916731037085	0.00902447429870819	0.5	1.0
en	0.585786437626905	0.03306950143376882	1.0	0.38742588672279304	0.01193417475334378	0.004675320491775198	0.00638770964425733	1.0	0.006399488128707459	0.012582237550851375	0.006950142385030953	0.006440828812195387	0.010530917937346262	0.03886792737897527	0.014165082849293466	0.0025719536492459162	0.00554586360529081	0.007923533371766687	0.012355910556318989	0.02132632811698615	0.1898921977639714	0.01013043075460241	0.02085987812692613	0.005580473253911564	0.021317348252975914	0.0036118446306624406	0.013029381471737687	0.2674788903885893	0.010557807619091352	0.011521229508146592	0.011148034615199818	0.03617038265215717	0.12471753940482477	0.019449074654342962	0.13418269585087694	0.002811334377728627
es	1.0	0.012433860138559016	1.0	0.585786437626905	0.012317475742696591	0.003923405112770863	0.034491862221295834	0.006399488128707459	1.0	0.0060176062839307825	0.032249396527234374	0.03143755491231089	0.00578117681194487	0.0061513245224595805	0.006557418739092127	0.003483409417228238	0.01399550752433279	0.03422010783073877	0.09682998898940481	0.13074787165365429	0.39564392373896007	0.005445123499444141	0.005730327609577113	0.00589295108213907	0.0070878432418366374	0.00609405127909939	0.005658733920160233	0.38742588672279304	0.010250484383295861	0.005600080988913557	0.006167806667814795	0.19404996501286384	0.16056186254883698	0.006017170269268337	0.29893508442482547	0.0039134906071902915
fr	1.0	0.012244938606687846	1.0	0.585786437626905	0.011079652182823625	0.004246886032574555	0.007863457691673752	0.012582237550851375	0.0060176062839307825	1.0	0.011967146114156819	0.008616062089714839	0.007597191411100584	0.011355382007124886	0.01443516635595207	0.002505245393394336	0.005949130491220127	0.014535280942039786	0.02783759630056919	0.10240170366861281	0.2958163163244893	0.008338500969389453	0.01280850661279523	0.005189218943364986	0.010065391882169683	0.003895060197830098	0.010367710080789006	0.44948974278317805	0.009918123464809948	0.009330913536577565	0.007754869411972367	0.12027370322216947	0.13807713675155905	0.009188075091906103	0.2632403810669918	0.002807912407234159
he	1.0	0.015552128190838904	1.0	1.0	0.027733528198834484	0.060321773492678206	0.4142135623730951	0.006950142385030953	0.032249396527234374	0.011967146114156819	1.0	0.5	0.012446649769423892	0.00914382765145511	0.007724521298646277	0.32449979983983984	0.39564392373896007	0.09036324830924584	1.0	1.0	1.0	0.01346653893504524	0.007887794402152381	0.04309204707118387	0.011653327760624388	0.38742588672279304	0.012548007307769204	1.0	0.043981050093921864	0.020042311673381396	0.01776673050340551	1.0	0.5	0.010069692136166207	0.5	0.3430703308172536
hi	1.0	0.016407121020579157	1.0	1.0	0.043944019398957576	0.05528524910871155	1.0	0.006440828812195387	0.03143755491231089	0.008616062089714839	0.5	1.0	0.014005531850199584	0.009800539672631392	0.0074155171817496595	1.0	1.0	0.08709833432296658	1.0	1.0	1.0	0.011551716017332628	0.008562990989994865	0.05616475206140726	0.011459319592324255	0.585786437626905	0.015685845639424538	1.0	0.03869830891756399	0.013727442455884958	0.020731536636578052	1.0	0.5	0.010072810393698017	0.44948974278317805	1.0
hu	1.0	0.01414945314235857	1.0	0.5	0.013334781118022835	0.0042759141896210875	0.009682442186430607	0.010530917937346262	0.00578117681194487	0.007597191411100584	0.012446649769423892	0.014005531850199584	1.0	0.010087055218430629	0.009517435511766396	0.004607209578281795	0.008261094743492157	0.01399140095536848	0.04490948717665385	0.07982666831013084	0.25	0.007347762243799526	0.00913924258299099	0.0063854572470023315	0.00942182458973678	0.005825110857266219	0.009549113338565333	0.39564392373896007	0.011408011855379681	0.008284471675838186	0.008337282554004602	0.19248405980003655	0.585786437626905	0.009302701651201558	0.16484708315636035	0.004598013277527666
id	1.0	0.03171557503467919	1.0	0.20894541729001367	0.01217753797647297	0.005577310917030033	0.00889283328002583	0.03886792737897527	0.0061513245224595805	0.011355382007124886	0.00914382765145511	0.009800539672631392	0.010087055218430629	1.0	0.023839757177469872	0.00593319795540446	0.007494053264622468	0.010399810136183395	0.013920337478999954	0.02194480335168183	0.16484708315636032	0.008868652728165683	0.02370590023725682	0.007093843173563943	0.018971446465227262	0.007017951961590175	0.009936316930142516	0.32449979983983984	0.009984186652690848	0.008210150225148214	0.009326621817963395	0.05329831373078414	0.15222377295376815	0.014625311664382608	0.12059281324112443	0.0057711278257523155
it	1.0	0.01807607196394049	1.0	0.44948974278317805	0.011629497014022933	0.004278846557927086	0.007026915889973026	0.014165082849293466	0.006557418739092127	0.01443516635595207	0.007724521298646277	0.0074155171817496595	0.009517435511766396	0.023839757177469872	1.0	0.003023369099846031	0.005707242717915146	0.008503408379529702	0.01474285698190563	0.023210876172317298	0.22966848451216434	0.00940039346115423	0.02259104503433312	0.006119272427942304	0.0186932248272056	0.0041225431021578345	0.014200983169694936	0.3090169943749474	0.00977386856121685	0.010991305110887403	0.010614758864236159	0.10553583185968111	0.14038343066639838	0.01856533241445313	0.14884515401256526	0.0031774957563283964
ja	1.0	0.01252238165070896	1.0	1.0	0.01274185834107156	0.002744324820618041	0.585786437626905	0.0025719536492459162	0.003483409417228238	0.002505245393394336	0.32449979983983984	1.0	0.004607209578281795	0.00593319795540446	0.003023369099846031	1.0	1.0	0.03979447432334715	1.0	1.0	1.0	0.0031818077154193687	0.0033344138479237105	0.006326010319906211	0.006364538511674911	0.5	0.003187949853738724	1.0	0.012001948654612815	0.0032322265834456593	0.00560983184986752	1.0	0.3164309725825328	0.004447505971003034	0.44948974278317805	0.585786437626905
ko	1.0	0.015566100561122133	1.0	1.0	0.02146312542823537	0.030681325148650615	1.0	0.00554586360529081	0.01399550752433279	0.005949130491220127	0.39564392373896007	1.0	0.008261094743492157	0.007494053264622468	0.005707242717915146	1.0	1.0	0.06515624683988866	1.0	1.0	1.0	0.0069545775843478565	0.006173398985341183	0.026475486261435605	0.008268592451361845	0.585786437626905	0.0074679373182826485	1.0	0.025437834660971173	0.008841624112991912	0.009049448423425317	1.0	0.2402530733520421	0.007736771799963235	0.44948974278317805	1.0
lv	1.0	0.016410059918098886	1.0	1.0	0.032662789101567634	0.032641797439034996	0.0887207587759528	0.007923533371766687	0.03422010783073877	0.014535280942039786	0.09036324830924584	0.08709833432296658	0.01399140095536848	0.010399810136183395	0.008503408379529702	0.03979447432334715	0.06515624683988866	1.0	0.1482675827043134	0.1827439976315568	0.5	0.020505682443126318	0.008657593560884266	0.040452511104751586	0.012447035416448489	0.0565170811347233	0.012949070418640251	0.585786437626905	0.03471675444358163	0.01887251715642851	0.024035525003276586	0.28989794855663564	0.44948974278317805	0.010936719681350609	0.3660254037844386	0.03767966814228164
mk	1.0	0.019919270302688176	1.0	1.0	0.06799364516629758	0.12948177659702817	1.0	0.012355910556318989	0.09682998898940481	0.02783759630056919	1.0	1.0	0.04490948717665385	0.013920337478999954	0.01474285698190563	1.0	1.0	0.1482675827043134	1.0	1.0	1.0	0.05349202614670252	0.01741403950735689	0.11624350569540996	0.020711649148969714	1.0	0.029824506209790203	1.0	0.13565184163711103	0.047973473864486256	0.06492270516835834	1.0	0.585786437626905	0.04318447803657057	0.44948974278317805	1.0
ml	1.0	0.028238270538888253	1.0	1.0	0.1066651504718996	0.1876127897984334	1.0	0.02132632811698615	0.13074787165365429	0.10240170366861281	1.0	1.0	0.07982666831013084	0.02194480335168183	0.023210876172317298	1.0	1.0	0.1827439976315568	1.0	1.0	1.0	0.11285028951995753	0.03550476305869777	0.1809073112342927	0.035264785134091974	1.0	0.07697243537210795	1.0	0.1203444011494935	0.12898603601914022	0.07772473232727511	1.0	0.3266316347104093	0.05982208798984435	0.5	1.0
mr	1.0	0.25	1.0	1.0	0.44948974278317805	0.36602540378443865	1.0	0.1898921977639714	0.39564392373896007	0.2958163163244893	1.0	1.0	0.25	0.16484708315636032	0.22966848451216434	1.0	1.0	0.5	1.0	1.0	1.0	0.3430703308172536	0.2402530733520421	0.36602540378443865	0.32449979983983984	1.0	0.44948974278317805	1.0	0.585786437626905	0.28436465220442186	0.30216947925196225	1.0	1.0	0.3660254037844386	1.0	1.0
nl	1.0	0.012801699027714717	1.0	0.44948974278317805	0.012459368599851754	0.003774594852997921	0.008989133042678153	0.01013043075460241	0.005445123499444141	0.008338500969389453	0.01346653893504524	0.011551716017332628	0.007347762243799526	0.008868652728165683	0.00940039346115423	0.0031818077154193687	0.0069545775843478565	0.020505682443126318	0.05349202614670252	0.11285028951995753	0.3430703308172536	1.0	0.008367692506192506	0.005815528364319743	0.0077929944241153385	0.005004262662233341	0.007957690841380614	0.4142135623730951	0.010770863982562391	0.007162714761112164	0.007683544817153689	0.1774053291584318	0.07004214294009121	0.008660732284773518	0.3090169943749474	0.0033221148103221468
pl	1.0	0.01917549004194994	1.0	0.5	0.011262840858272529	0.004533446633925242	0.007339134848379771	0.02085987812692613	0.005730327609577113	0.01280850661279523	0.007887794402152381	0.008562990989994865	0.00913924258299099	0.02370590023725682	0.02259104503433312	0.0033344138479237105	0.006173398985341183	0.008657593560884266	0.01741403950735689	0.03550476305869777	0.2402530733520421	0.008367692506192506	1.0	0.00582675314428386	0.01525058153180801	0.0045632686292310385	0.01300207766523262	0.5	0.010919501630322813	0.010140504238846992	0.009924358065308012	0.0860608289586918	0.1588082040622477	0.017062668992374807	0.1856154626682773	0.0037450843641298514
pt	0.585786437626905	0.011332659552171647	1.0	0.44948974278317805	0.010612460720290125	0.004506176547385089	0.04044060682457178	0.005580473253911564	0.00589295108213907	0.005189218943364986	0.04309204707118387	0.05616475206140726	0.0063854572470023315	0.007093843173563943	0.006119272427942304	0.006326010319906211	0.026475486261435605	0.040452511104751586	0.11624350569540996	0.1809073112342927	0.36602540378443865	0.005815528364319743	0.00582675314428386	1.0	0.005933983790266727	0.0038759035567195706	0.005665813850386897	0.585786437626905	0.025310800449756546	0.0054503051183704306	0.005320851755626499	0.19292728076790167	0.16056186254883698	0.006295089613803815	0.2958163163244893	0.006994183926918633
ro	1.0	0.01792078139003652	1.0	0.4142135623730951	0.012849045855697317	0.006344106579988446	0.011797384502136854	0.021317348252975914	0.0070878432418366374	0.010065391882169683	0.011653327760624388	0.011459319592324255	0.00942182458973678	0.018971446465227262	0.0186932248272056	0.006364538511674911	0.008268592451361845	0.012447035416448489	0.020711649148969714	0.035264785134091974	0.32449979983983984	0.0077929944241153385	0.01525058153180801	0.005933983790266727	1.0	0.004968066324647569	0.011495435865050595	0.36602540378443865	0.014570436998879804	0.00954862071751493	0.010247900724303757	0.08168824389199247	0.5	0.012289044609811294	0.13853768235555425	0.00643048797826749
ru	1.0	0.011259186065944737	1.0	1.0	0.00999494006013198	0.007526732658606724	0.585786437626905	0.0036118446306624406	0.00609405127909939	0.003895060197830098	0.38742588672279304	0.585786437626905	0.005825110857266219	0.007017951961590175	0.0041225431021578345	0.5	0.585786437626905	0.0565170811347233	1.0	1.0	1.0	0.005004262662233341	0.0045632686292310385	0.0038759035567195706	0.004968066324647569	1.0	0.002568015988106712	1.0	0.01686319620302953	0.0025383660565842614	0.00424251866251799	1.0	0.16308953050448227	0.005843516508478677	0.5	0.585786437626905
sh	1.0	0.01351141296384015	1.0	0.3090169943749474	0.010352424773308378	0.004037950851933078	0.010296539725159108	0.013029381471737687	0.005658733920160233	0.010367710080789006	0.012548007307769204	0.015685845639424538	0.009549113338565333	0.009936316930142516	0.014200983169694936	0.003187949853738724	0.0074679373182826485	0.012949070418640251	0.029824506209790203	0.07697243537210795	0.44948974278317805	0.007957690841380614	0.01300207766523262	0.005665813850386897	0.011495435865050595	0.002568015988106712	1.0	0.3090169943749474	0.014191545420188665	0.012301277917028997	0.009885689531297712	0.1131961872960033	0.3797958971132712	0.010434986263940344	0.18660549686337075	0.0033670735853219658
si	1.0	0.2012628451930092	1.0	1.0	0.2240092377397959	0.585786437626905	1.0	0.2674788903885893	0.38742588672279304	0.44948974278317805	1.0	1.0	0.39564392373896007	0.32449979983983984	0.3090169943749474	1.0	1.0	0.585786437626905	1.0	1.0	1.0	0.4142135623730951	0.5	0.585786437626905	0.36602540378443865	1.0	0.3090169943749474	1.0	0.5	0.36602540378443865	0.3430703308172536	1.0	1.0	0.4142135623730951	1.0	1.0
simple	1.0	0.017446480294516214	1.0	0.44948974278317805	0.03280651767163567	0.009325443509908452	0.042114195246564186	0.010557807619091352	0.010250484383295861	0.009918123464809948	0.043981050093921864	0.03869830891756399	0.011408011855379681	0.009984186652690848	0.00977386856121685	0.012001948654612815	0.025437834660971173	0.03471675444358163	0.13565184163711103	0.1203444011494935	0.585786437626905	0.010770863982562391	0.010919501630322813	0.025310800449756546	0.014570436998879804	0.01686319620302953	0.014191545420188665	0.5	1.0	0.014904104428959437	0.02071875046158673	0.1951941016011038	0.15295783961613652	0.010344390062061474	0.19382373427098679	0.010334703838255785
sr	1.0	0.011408136611581556	1.0	0.585786437626905	0.01007788552372425	0.004032352310968242	0.010447894134968478	0.011521229508146592	0.005600080988913557	0.009330913536577565	0.020042311673381396	0.013727442455884958	0.008284471675838186	0.008210150225148214	0.010991305110887403	0.0032322265834456593	0.008841624112991912	0.01887251715642851	0.047973473864486256	0.12898603601914022	0.28436465220442186	0.007162714761112164	0.010140504238846992	0.0054503051183704306	0.00954862071751493	0.0025383660565842614	0.012301277917028997	0.36602540378443865	0.014904104428959437	1.0	0.007771983860152876	0.15174115516527187	0.353889367864523	0.007820489931673249	0.1907435698305462	0.0035211149655240957
sv	1.0	0.012889843511582746	1.0	0.5	0.010987014397155334	0.005176187819113422	0.017182646736276168	0.011148034615199818	0.006167806667814795	0.007754869411972367	0.01776673050340551	0.020731536636578052	0.008337282554004602	0.009326621817963395	0.010614758864236159	0.00560983184986752	0.009049448423425317	0.024035525003276586	0.06492270516835834	0.07772473232727511	0.30216947925196225	0.007683544817153689	0.009924358065308012	0.005320851755626499	0.010247900724303757	0.00424251866251799	0.009885689531297712	0.3430703308172536	0.02071875046158673	0.007771983860152876	1.0	0.12455606108103782	0.2958163163244893	0.009774270211457584	0.1907435698305462	0.00619343653573144
te	1.0	0.09598708942276947	1.0	1.0	0.17176743283130236	0.2222222222222222	1.0	0.03617038265215717	0.19404996501286384	0.12027370322216947	1.0	1.0	0.19248405980003655	0.05329831373078414	0.10553583185968111	1.0	1.0	0.28989794855663564	1.0	1.0	1.0	0.1774053291584318	0.0860608289586918	0.19292728076790167	0.08168824389199247	1.0	0.1131961872960033	1.0	0.1951941016011038	0.15174115516527187	0.12455606108103782	1.0	0.28989794855663564	0.17176743283130236	1.0	1.0
tr	1.0	0.12224740619545119	-1.0	1.0	0.1941685904093058	0.16850415060343174	0.4364916731037085	0.12471753940482477	0.16056186254883698	0.13807713675155905	0.5	0.5	0.585786437626905	0.15222377295376815	0.14038343066639838	0.3164309725825328	0.2402530733520421	0.44948974278317805	0.585786437626905	0.3266316347104093	1.0	0.07004214294009121	0.1588082040622477	0.16056186254883698	0.5	0.16308953050448227	0.3797958971132712	1.0	0.15295783961613652	0.353889367864523	0.2958163163244893	0.28989794855663564	1.0	0.2145646002858569	1.0	0.2211722256431405
vi	1.0	0.01503276205422616	1.0	0.5	0.014022541615898396	0.004620661204098589	0.00902447429870819	0.019449074654342962	0.006017170269268337	0.009188075091906103	0.010069692136166207	0.010072810393698017	0.009302701651201558	0.014625311664382608	0.01856533241445313	0.004447505971003034	0.007736771799963235	0.010936719681350609	0.04318447803657057	0.05982208798984435	0.3660254037844386	0.008660732284773518	0.017062668992374807	0.006295089613803815	0.012289044609811294	0.005843516508478677	0.010434986263940344	0.4142135623730951	0.010344390062061474	0.007820489931673249	0.009774270211457584	0.17176743283130236	0.2145646002858569	1.0	0.1959691289492878	0.004453882032316539
war	1.0	0.05286397770990286	1.0	1.0	0.1975496259559987	0.252650308587072	0.5	0.13418269585087694	0.29893508442482547	0.2632403810669918	0.5	0.44948974278317805	0.16484708315636035	0.12059281324112443	0.14884515401256526	0.44948974278317805	0.44948974278317805	0.3660254037844386	0.44948974278317805	0.5	1.0	0.3090169943749474	0.1856154626682773	0.2958163163244893	0.13853768235555425	0.5	0.18660549686337075	1.0	0.19382373427098679	0.1907435698305462	0.1907435698305462	1.0	1.0	0.1959691289492878	1.0	0.44948974278317805
zh	1.0	0.012446799840163648	1.0	1.0	0.013623286052263053	0.0031606342022539513	1.0	0.002811334377728627	0.0039134906071902915	0.002807912407234159	0.3430703308172536	1.0	0.004598013277527666	0.0057711278257523155	0.0031774957563283964	0.585786437626905	1.0	0.03767966814228164	1.0	1.0	1.0	0.0033221148103221468	0.0037450843641298514	0.006994183926918633	0.00643048797826749	0.585786437626905	0.0033670735853219658	1.0	0.010334703838255785	0.0035211149655240957	0.00619343653573144	1.0	0.2211722256431405	0.004453882032316539	0.44948974278317805	1.0
