arz	bs	ceb	ckb	da	de	el	en	es	fr	he	hi	hu	id	it	ja	ko	lv	mk	ml	mr	nl	pl	pt	ro	ru	sh	si	simple	sr	sv	te	vi	war	zh
arz	1.0	0.0004342162396873643	0.0	0.0	0.0	0.0	0.0004581901489117984	0.0	0.0	8.177785046920042e-05	0.0003455425017277125	0.0	0.0	0.00037965072133637056	0.0	0.00015992323684631377	0.0	0.0005184033177812338	0.009615384615384616	0.0	0.0	3.124023742580444e-05	0.0	0.0	2.7274710888064588e-05	0.00012431626056688214	0.0	0.0	0.0	0.0	0.0	0.0	0.0	0.0	0.0
bs	0.0004342162396873643	1.0	0.0	0.0	0.039550464663929114	0.009716045159083133	0.03419737663960025	0.0030224525043177895	0.0011894142134998512	0.008275372884361516	0.055100368701351904	0.0004385964912280702	0.023629489603024575	0.07873842082046757	0.007680054613721698	0.018917624521072797	0.017139479905437353	0.16148723640399557	0.005965061780997018	0.0004380201489268506	0.008189655172413794	0.00613659052205062	0.012034020991675715	0.005329902591435398	0.018527726166487846	0.01507686243594797	0.003056768558951965	0.0	0.0025412960609911056	0.1106791676194832	0.02311111111111111	0.0	0.012479201331114808	0.0	0.013439925848684973
ceb	0.0	0.0	0.0	0.0	0.0	0.0	0.0	0.0	0.0	0.0	0.0	0.0	0.0	0.0	0.0	0.0	0.0	0.0	0.0	0.0	0.0	0.0	0.0	0.0	0.0	0.0	0.0	0.0	0.0	0.0	0.0	0.0	0.0	0.0	0.0
ckb	0.0	0.0	0.0	1.0	0.0	0.0	0.0	0.0	0.0	0.0	0.0	0.0	0.0	0.0	6.479621590099139e-05	0.0	0.00010238558410975735	0.0	0.0	0.0	0.0	0.0	0.0	0.0	0.0	0.00012467273407305821	0.0	0.0	0.0	0.0	0.0	0.0	0.0	0.0	0.0
da	0.0	0.039550464663929114	0.0	0.0	1.0	0.007384037054440492	0.015214180206794683	0.0038188372176023414	0.0013842746400885937	0.00687265037593985	0.024857685009487665	0.0	0.015645636492939145	0.02696763883339992	0.006274158310458798	0.011664164453170112	0.011017018827591877	0.044747998115873766	0.0011503067484662577	0.00039478878799842083	0.002711076684740511	0.006678721418572095	0.00882223202470225	0.003587443946188341	0.008833831255794787	0.008121536403592585	0.0	0.0	0.0015308075009567547	0.03088413403310456	0.018647686832740214	0.0	0.006709677419354839	0.0	0.008745375042045072
de	0.0	0.009716045159083133	0.0	0.0	0.007384037054440492	1.0	0.012521069106669877	0.01158434519223105	0.0022166395744052016	0.0289556192679778	0.009338419045113771	0.0	0.018694452957401166	0.008691001470784864	0.017276570928706807	0.016463812214735928	0.011596707444631406	0.007706859104603097	0.00023894862604540023	0.0001602692523439378	0.00039901045407389675	0.018065254722381224	0.016834696595016168	0.011484902139063023	0.025727770120703337	0.01772503847872499	8.004482510205715e-05	0.0	0.000398120869495979	0.00790037493304767	0.008967022594537195	0.0	0.0020260492040520984	0.0	0.01549182524792281
el	0.0004581901489117984	0.03419737663960025	0.0	0.0	0.015214180206794683	0.012521069106669877	1.0	0.004967943338592192	0.0022148394241417496	0.014270200240059443	0.03012994430958161	0.0	0.020831532543867232	0.025210084033613446	0.012181390111577439	0.020461345429977802	0.018772563176895306	0.036146576023876636	0.001358080579447714	0.0	0.0015927189988623437	0.009867963863794302	0.014705882352941176	0.008609990691901956	0.02229982539286605	0.01736196823829507	0.00022941041523285156	0.0	0.0009037505648441031	0.022458628841607566	0.01551177536231884	0.0	0.004394445420987872	0.0	0.015691064549469134
en	0.0	0.0030224525043177895	0.0	0.0	0.0038188372176023414	0.01158434519223105	0.004967943338592192	1.0	0.0012382739212007505	0.02252635624862728	0.0039853283487338645	0.0	0.008879531307213475	0.00398647446164798	0.014539699809599169	0.00661036784008603	0.006546551675063331	0.0025883124931646677	0.00015580571027928172	0.0	0.0001559393395968968	0.01641572379220871	0.00933239716810017	0.006700364405783472	0.01618064853214904	0.008731921022624977	3.904419803217242e-05	0.0	0.00011682242990654206	0.0031333452020651594	0.0062260695854836024	0.0	0.0020809334472892127	0.0	0.006845658659130162
es	0.0	0.0011894142134998512	0.0	0.0	0.0013842746400885937	0.0022166395744052016	0.0022148394241417496	0.0012382739212007505	1.0	0.0024268436992318336	0.0020253164556962027	0.0	0.001991331849595877	0.0013539128080151638	0.0019408054342552159	0.002466091245376079	0.0015686998246747254	0.0030160857908847183	0.000856898029134533	0.0	0.0	0.0012108736453351092	0.0022066198595787363	0.0017471736896197327	0.0022580559466567488	0.002642007926023778	0.0	0.0	0.0	0.002188183807439825	0.0014022787028921998	0.0	0.0008143322475570033	0.0	0.0033204940895205206
fr	8.177785046920042e-05	0.008275372884361516	0.0	0.0	0.00687265037593985	0.0289556192679778	0.014270200240059443	0.02252635624862728	0.0024268436992318336	1.0	0.012182006609178545	0.0	0.02792317933940068	0.009486475891807135	0.03261951391787331	0.020815200281486694	0.017713700792865942	0.008136696501220505	0.0002450880274498591	2.0451570680628273e-05	0.00034739961172984573	0.03478717007203081	0.024187975120939877	0.01631672817814194	0.06422634748419848	0.023927748992515832	2.044613465824286e-05	0.0	0.0002654849184144424	0.007102745220811239	0.008992873571886429	0.0	0.0021932448059975274	0.0	0.01496039894397184
he	0.0003455425017277125	0.055100368701351904	0.0	0.0	0.024857685009487665	0.009338419045113771	0.03012994430958161	0.0039853283487338645	0.0020253164556962027	0.012182006609178545	1.0	0.0	0.02083539054014022	0.03766799167139882	0.008429287642554129	0.020177110189440645	0.020098474453143916	0.07035626260362984	0.004081632653061225	0.0	0.0037684138403562863	0.007806175552214641	0.016311383446966428	0.010250569476082005	0.01945404819650137	0.02013674253067341	0.0010398613518197574	0.0	0.0037326094333220224	0.04668587896253602	0.018199103626239305	0.0	0.005928385107896609	0.0	0.015772870662460567
hi	0.0	0.0004385964912280702	0.0	0.0	0.0	0.0	0.0	0.0	0.0	0.0	0.0	1.0	0.00013392259274139549	0.0	0.0	0.0	0.0	0.0005246589716684155	0.0	0.0	0.0	0.0	0.0	0.0	0.0	0.0	0.0	0.0	0.0	0.0	0.0	0.0	0.0	0.0	0.00015463120457708364
hu	0.0	0.023629489603024575	0.0	0.0	0.015645636492939145	0.018694452957401166	0.020831532543867232	0.008879531307213475	0.001991331849595877	0.02792317933940068	0.02083539054014022	0.00013392259274139549	1.0	0.021177424257776876	0.01836616711877974	0.021554295942720764	0.013526229122559397	0.02336499617862212	0.001193792280143255	0.0	0.0013304949441192123	0.016148556416926366	0.01968111609367215	0.016578416540595057	0.039547489983502236	0.01841136244082062	0.0	0.0	0.000794912559618442	0.01773229303880839	0.013578073925069148	0.0	0.005003411416875142	0.0	0.014857975236707939
id	0.00037965072133637056	0.07873842082046757	0.0	0.0	0.02696763883339992	0.008691001470784864	0.025210084033613446	0.00398647446164798	0.0013539128080151638	0.009486475891807135	0.03766799167139882	0.0	0.021177424257776876	1.0	0.00832634814193909	0.018196475872394334	0.02213047068538398	0.09982955928901875	0.0022338049143708115	0.0007654037504783774	0.003005259203606311	0.005551195977562705	0.012573639321199332	0.005980007140307033	0.015917384890131222	0.014407022230703177	0.0	0.0	0.002601263470828688	0.055114907463900756	0.015576761156328936	0.0	0.006826801517067004	0.0	0.014415018437814281
it	0.0	0.007680054613721698	0.0	6.479621590099139e-05	0.006274158310458798	0.017276570928706807	0.012181390111577439	0.014539699809599169	0.0019408054342552159	0.03261951391787331	0.008429287642554129	0.0	0.01836616711877974	0.00832634814193909	1.0	0.015421393081466204	0.01152008991289688	0.006559851387437594	0.00019341112758687384	0.0	6.45536117745788e-05	0.018208365541527098	0.01853944339820046	0.011248688352570828	0.023768799764081392	0.01682129541316223	0.0	0.0	0.00038674745391259507	0.00693279660069328	0.007028465284401827	0.0	0.0026851244107643653	0.0	0.01164079822616408
ja	0.00015992323684631377	0.018917624521072797	0.0	0.0	0.011664164453170112	0.016463812214735928	0.020461345429977802	0.00661036784008603	0.002466091245376079	0.020815200281486694	0.020177110189440645	0.0	0.021554295942720764	0.018196475872394334	0.015421393081466204	1.0	0.019436655620698445	0.015857160694219004	0.0011104060913705585	0.0	0.00015903307888040714	0.012826968436116927	0.01788956890174188	0.010656349691169483	0.024470093435610678	0.021943348870562925	0.0001601024655779699	0.0	0.0011093502377179081	0.01264803955386915	0.012025729467698332	0.0	0.006488347457627119	0.0	0.018367019570099456
ko	0.0	0.017139479905437353	0.0	0.00010238558410975735	0.011017018827591877	0.011596707444631406	0.018772563176895306	0.006546551675063331	0.0015686998246747254	0.017713700792865942	0.020098474453143916	0.0	0.013526229122559397	0.02213047068538398	0.01152008991289688	0.019436655620698445	1.0	0.016457680250783698	0.0003047232097511427	0.0	0.00030540568054565815	0.009696999008536262	0.012581344902386117	0.009366783523225241	0.020875954156492665	0.015296803652968037	0.00010221813349688235	0.0	0.0011175454637813674	0.013131976362442548	0.011383599184878083	0.0	0.0030619596541786743	0.0	0.013991255465334166
lv	0.0005184033177812338	0.16148723640399557	0.0	0.0	0.044747998115873766	0.007706859104603097	0.036146576023876636	0.0025883124931646677	0.0030160857908847183	0.008136696501220505	0.07035626260362984	0.0005246589716684155	0.02336499617862212	0.09982955928901875	0.006559851387437594	0.015857160694219004	0.016457680250783698	1.0	0.010167768174885612	0.0015731515469323545	0.014455343314403717	0.005219918735356052	0.012550341856326683	0.00686106346483705	0.01898014750588173	0.015757699785122276	0.0015625	0.0	0.0045362903225806455	0.13781725888324872	0.0217425308931644	0.0	0.007377805102981863	0.0	0.012822063626466675
mk	0.009615384615384616	0.005965061780997018	0.0	0.0	0.0011503067484662577	0.00023894862604540023	0.001358080579447714	0.00015580571027928172	0.000856898029134533	0.0002450880274498591	0.004081632653061225	0.0	0.001193792280143255	0.0022338049143708115	0.00019341112758687384	0.0011104060913705585	0.0003047232097511427	0.010167768174885612	1.0	0.0	0.037037037037037035	0.0003431387840409271	0.00033396415451408216	0.0006868918145392101	0.000899452151871133	0.0004939491232403062	0.0	0.0	0.005988023952095809	0.004914933837429111	0.0004250797024442083	0.0	0.0006891798759476223	0.0	0.0013763572411683743
ml	0.0	0.0004380201489268506	0.0	0.0	0.00039478878799842083	0.0001602692523439378	0.0	0.0	0.0	2.0451570680628273e-05	0.0	0.0	0.0	0.0007654037504783774	0.0	0.0	0.0	0.0015731515469323545	0.0	1.0	0.03278688524590164	0.0	0.0	0.0	8.18732601932209e-05	0.0	0.0	0.0	0.0	0.0011636927851047323	0.0	0.0	0.000727802037845706	0.0	0.0
mr	0.0	0.008189655172413794	0.0	0.0	0.002711076684740511	0.00039901045407389675	0.0015927189988623437	0.0001559393395968968	0.0	0.00034739961172984573	0.0037684138403562863	0.0	0.0013304949441192123	0.003005259203606311	6.45536117745788e-05	0.00015903307888040714	0.00030540568054565815	0.014455343314403717	0.037037037037037035	0.03278688524590164	1.0	0.00015605006085952374	0.0004464285714285714	0.0	0.0005998146027591471	0.0	0.013333333333333334	0.0	0.006896551724137931	0.0034259611724400457	0.0002134927412467976	0.0	0.0006997900629811056	0.0	0.000459911083857121
nl	3.124023742580444e-05	0.00613659052205062	0.0	0.0	0.006678721418572095	0.018065254722381224	0.009867963863794302	0.01641572379220871	0.0012108736453351092	0.03478717007203081	0.007806175552214641	0.0	0.016148556416926366	0.005551195977562705	0.018208365541527098	0.012826968436116927	0.009696999008536262	0.005219918735356052	0.0003431387840409271	0.0	0.00015605006085952374	1.0	0.015445741246585548	0.014045504440674584	0.029646522234891677	0.015328393056542483	0.0	0.0	0.0002494854362876567	0.005790775498326786	0.011241230735237253	0.0	0.003067115708443589	0.0	0.011627906976744186
pl	0.0	0.012034020991675715	0.0	0.0	0.00882223202470225	0.016834696595016168	0.014705882352941176	0.00933239716810017	0.0022066198595787363	0.024187975120939877	0.016311383446966428	0.0	0.01968111609367215	0.012573639321199332	0.01853944339820046	0.01788956890174188	0.012581344902386117	0.012550341856326683	0.00033396415451408216	0.0	0.0004464285714285714	0.015445741246585548	1.0	0.010121341077692794	0.025210462341871877	0.019515720997470183	0.0	0.0	0.0005563591854901524	0.012700652672429	0.00985148145383984	0.0	0.0028300966136430173	0.0	0.01405105877696418
pt	0.0	0.005329902591435398	0.0	0.0	0.003587443946188341	0.011484902139063023	0.008609990691901956	0.006700364405783472	0.0017471736896197327	0.01631672817814194	0.010250569476082005	0.0	0.016578416540595057	0.005980007140307033	0.011248688352570828	0.010656349691169483	0.009366783523225241	0.00686106346483705	0.0006868918145392101	0.0	0.0	0.014045504440674584	0.010121341077692794	1.0	0.01834326177363156	0.010479767385510055	0.0	0.0	0.0004575088642342445	0.005548098434004474	0.004840417486008168	0.0	0.0015976035946080878	0.0	0.008399440037330844
ro	2.7274710888064588e-05	0.018527726166487846	0.0	0.0	0.008833831255794787	0.025727770120703337	0.02229982539286605	0.01618064853214904	0.0022580559466567488	0.06422634748419848	0.01945404819650137	0.0	0.039547489983502236	0.015917384890131222	0.023768799764081392	0.024470093435610678	0.020875954156492665	0.01898014750588173	0.000899452151871133	8.18732601932209e-05	0.0005998146027591471	0.029646522234891677	0.025210462341871877	0.01834326177363156	1.0	0.028580640703806913	8.184422316191516e-05	0.0	0.0005448403617740002	0.013646937193073146	0.011545249534268066	0.0	0.0033257667740062293	0.0	0.02004211921156622
ru	0.00012431626056688214	0.01507686243594797	0.0	0.00012467273407305821	0.008121536403592585	0.01772503847872499	0.01736196823829507	0.008731921022624977	0.002642007926023778	0.023927748992515832	0.02013674253067341	0.0	0.01841136244082062	0.014407022230703177	0.01682129541316223	0.021943348870562925	0.015296803652968037	0.015757699785122276	0.0004939491232403062	0.0	0.0	0.015328393056542483	0.019515720997470183	0.010479767385510055	0.028580640703806913	1.0	0.0	0.0	0.0003701418877236274	0.010391839069501382	0.010789641943734015	0.0	0.004599422398117446	0.0	0.017987633501967398
sh	0.0	0.003056768558951965	0.0	0.0	0.0	8.004482510205715e-05	0.00022941041523285156	3.904419803217242e-05	0.0	2.044613465824286e-05	0.0010398613518197574	0.0	0.0	0.0	0.0	0.0001601024655779699	0.00010221813349688235	0.0015625	0.0	0.0	0.013333333333333334	0.0	0.0	0.0	8.184422316191516e-05	0.0	1.0	0.0	0.0	0.0019312475859405175	0.0	0.0	0.0	0.0	0.00015424957581366652
si	0.0	0.0	0.0	0.0	0.0	0.0	0.0	0.0	0.0	0.0	0.0	0.0	0.0	0.0	0.0	0.0	0.0	0.0	0.0	0.0	0.0	0.0	0.0	0.0	0.0	0.0	0.0	0.0	0.0	0.0	0.0	0.0	0.0	0.0	0.0
simple	0.0	0.0025412960609911056	0.0	0.0	0.0015308075009567547	0.000398120869495979	0.0009037505648441031	0.00011682242990654206	0.0	0.0002654849184144424	0.0037326094333220224	0.0	0.000794912559618442	0.002601263470828688	0.00038674745391259507	0.0011093502377179081	0.0011175454637813674	0.0045362903225806455	0.005988023952095809	0.0	0.006896551724137931	0.0002494854362876567	0.0005563591854901524	0.0004575088642342445	0.0005448403617740002	0.0003701418877236274	0.0	0.0	1.0	0.0015037593984962407	0.0010620220900594733	0.0	0.0	0.0	0.0010691919963341989
sr	0.0	0.1106791676194832	0.0	0.0	0.03088413403310456	0.00790037493304767	0.022458628841607566	0.0031333452020651594	0.002188183807439825	0.007102745220811239	0.04668587896253602	0.0	0.01773229303880839	0.055114907463900756	0.00693279660069328	0.01264803955386915	0.013131976362442548	0.13781725888324872	0.004914933837429111	0.0011636927851047323	0.0034259611724400457	0.005790775498326786	0.012700652672429	0.005548098434004474	0.013646937193073146	0.010391839069501382	0.0019312475859405175	0.0	0.0015037593984962407	1.0	0.016654904728299225	0.0	0.005859872611464968	0.0	0.012312513991493173
sv	0.0	0.02311111111111111	0.0	0.0	0.018647686832740214	0.008967022594537195	0.01551177536231884	0.0062260695854836024	0.0014022787028921998	0.008992873571886429	0.018199103626239305	0.0	0.013578073925069148	0.015576761156328936	0.007028465284401827	0.012025729467698332	0.011383599184878083	0.0217425308931644	0.0004250797024442083	0.0	0.0002134927412467976	0.011241230735237253	0.00985148145383984	0.004840417486008168	0.011545249534268066	0.010789641943734015	0.0	0.0	0.0010620220900594733	0.016654904728299225	1.0	0.0	0.00823806321452589	0.0	0.009464009464009463
te	0.0	0.0	0.0	0.0	0.0	0.0	0.0	0.0	0.0	0.0	0.0	0.0	0.0	0.0	0.0	0.0	0.0	0.0	0.0	0.0	0.0	0.0	0.0	0.0	0.0	0.0	0.0	0.0	0.0	0.0	0.0	0.0	0.0	0.0	0.0
vi	0.0	0.012479201331114808	0.0	0.0	0.006709677419354839	0.0020260492040520984	0.004394445420987872	0.0020809334472892127	0.0008143322475570033	0.0021932448059975274	0.005928385107896609	0.0	0.005003411416875142	0.006826801517067004	0.0026851244107643653	0.006488347457627119	0.0030619596541786743	0.007377805102981863	0.0006891798759476223	0.000727802037845706	0.0006997900629811056	0.003067115708443589	0.0028300966136430173	0.0015976035946080878	0.0033257667740062293	0.004599422398117446	0.0	0.0	0.0	0.005859872611464968	0.00823806321452589	0.0	1.0	0.0	0.0037136637213471637
war	0.0	0.0	0.0	0.0	0.0	0.0	0.0	0.0	0.0	0.0	0.0	0.0	0.0	0.0	0.0	0.0	0.0	0.0	0.0	0.0	0.0	0.0	0.0	0.0	0.0	0.0	0.0	0.0	0.0	0.0	0.0	0.0	0.0	0.0	0.0
zh	0.0	0.013439925848684973	0.0	0.0	0.008745375042045072	0.01549182524792281	0.015691064549469134	0.006845658659130162	0.0033204940895205206	0.01496039894397184	0.015772870662460567	0.00015463120457708364	0.014857975236707939	0.014415018437814281	0.01164079822616408	0.018367019570099456	0.013991255465334166	0.012822063626466675	0.0013763572411683743	0.0	0.000459911083857121	0.011627906976744186	0.01405105877696418	0.008399440037330844	0.02004211921156622	0.017987633501967398	0.00015424957581366652	0.0	0.0010691919963341989	0.012312513991493173	0.009464009464009463	0.0	0.0037136637213471637	0.0	1.0
