arz	bs	ceb	ckb	da	de	el	en	es	fr	he	hi	hu	id	it	ja	ko	lv	mk	ml	mr	nl	pl	pt	ro	ru	sh	si	simple	sr	sv	te	vi	war	zh
arz	1.0	0.5666666666666667	0.5263157894736842	0.56	0.5357142857142857	0.5245901639344263	0.5555555555555556	0.5109717868338558	0.5217391304347826	0.5209406742234653	0.5319563522992985	0.5256410256410257	0.5503009458297506	0.5303018545821371	0.5191638933552705	0.5220588235294117	0.5289256198347108	0.5797101449275363	0.5681818181818182	0.5587106676899463	0.5395567060346222	0.5309734513274337	0.5315315315315315	0.5321071656389539	0.5421686746987951	0.5202312138728323	0.5576923076923077	0.5135135135135135	0.5353299017313992	0.5552156177156178	0.5178571428571429	0.5348837209302326	0.5443037974683544	0.625	0.5251798561151079
bs	0.5666666666666667	1.0	0.5476190476190476	0.5666666666666667	0.5517241379310345	0.5317460317460317	0.5671641791044776	0.5156956825113093	0.5272727272727272	0.5240641711229946	0.55	0.55	0.5512820512820512	0.5343511450381679	0.5227272727272727	0.5285714285714286	0.536	0.5869565217391304	0.56	0.5576923076923077	0.5517241379310345	0.5338983050847458	0.5391304347826087	0.5354330708661417	0.5454545454545455	0.5254237288135593	0.5714285714285714	0.55	0.5425531914893617	0.5555555555555556	0.5294117647058824	0.5416666666666666	0.5542168674698795	0.5625	0.5314685314685315
ceb	0.5263157894736842	0.5476190476190476	1.0	0.5405405405405405	0.5838792932300972	0.5560072549878041	0.5431829615965118	0.5206543571376715	0.5411314566821536	0.5367686999926594	0.565752936988252	0.5529411764705883	0.5891141942369265	0.5440338144100553	0.5350057596313836	0.5384615384615384	0.5398591027067111	0.5926481620405101	0.5636363636363636	0.5473204104903079	0.5433651344319168	0.5545522949586156	0.561861520998865	0.5475255580317663	0.5604395604395604	0.5371042114970797	0.568039950062422	0.5208333333333334	0.5580488957127672	0.5549459041731066	0.5420552367288379	0.5178571428571429	0.5568181818181818	0.5384615384615384	0.5408286334554727
ckb	0.56	0.5666666666666667	0.5405405405405405	1.0	0.5385151620773788	0.5289256198347108	0.5384615384615384	0.5109717868338558	0.5185185185185185	0.5191256830601093	0.5306122448979592	0.5394736842105263	0.5405405405405405	0.5234375	0.5174418604651163	0.5220588235294117	0.5245901639344263	0.5714285714285714	0.5555555555555556	0.5593803786574871	0.5471698113207547	0.5263157894736842	0.5267857142857143	0.5241935483870968	0.5357142857142857	0.5172413793103449	0.5471698113207547	0.5277777777777778	0.5294673810274189	0.5471870711998781	0.5178571428571429	0.5476190476190476	0.5375	0.5555555555555556	0.5214285714285714
da	0.5357142857142857	0.5517241379310345	0.5838792932300972	0.5385151620773788	1.0	0.5949983401571318	0.584070796460177	0.5559325725682119	0.5888807607900512	0.583243556807823	0.6119573681136851	0.576	0.6297054338229393	0.5974873752925237	0.5796089385474861	0.5828571428571429	0.5915348641689875	0.5913978494623656	0.5714285714285714	0.5609272835347731	0.5548639516272452	0.6031145807920631	0.6155653981740938	0.605887162714636	0.6102624363493929	0.5834580746484749	0.5853658536585367	0.5376344086021506	0.6128041916535336	0.5897345132743362	0.583628553336414	0.5294117647058824	0.6041501304002722	0.5411764705882353	0.598841012317699
de	0.5245901639344263	0.5317460317460317	0.5560072549878041	0.5289256198347108	0.5949983401571318	1.0	0.5782312925170068	0.5773705218442315	0.6178174058832495	0.6202646365778504	0.6075949367088607	0.5723270440251572	0.6031689672007456	0.6007334963325184	0.6013214126530505	0.6139214046822743	0.595975537581377	0.5580337549375574	0.5597014925373135	0.5656957928802588	0.5556339742029691	0.6160767571041638	0.6160339101234931	0.6207929428416253	0.6042315680166147	0.6065369991225504	0.5658743451765795	0.5307692307692308	0.607579923446008	0.5836663518128316	0.5959392891992616	0.5367647058823529	0.5932635876499107	0.5327868852459017	0.617431244845141
el	0.5555555555555556	0.5671641791044776	0.5431829615965118	0.5384615384615384	0.584070796460177	0.5782312925170068	1.0	0.5411764705882353	0.5645161290322581	0.5576923076923077	0.5809755911808385	0.5849056603773585	0.580952380952381	0.5693342257067279	0.5612244897959184	0.5750000000000001	0.5689211326936578	0.5769230769230769	0.5679012345679012	0.5875	0.5747126436781609	0.5704225352112676	0.5714285714285714	0.5810810810810811	0.5789473684210527	0.5634517766497462	0.5747126436781609	0.5333333333333333	0.5810140046091118	0.5918367346938775	0.5625	0.5641025641025641	0.5871559633027523	0.5625	0.5696969696969697
en	0.5109717868338558	0.5156956825113093	0.5206543571376715	0.5109717868338558	0.5559325725682119	0.5773705218442315	0.5411764705882353	1.0	0.5956807508814953	0.6090026078485982	0.564292387396314	0.5500681198910081	0.5485319004258844	0.5833105634187661	0.5913777684632401	0.5843721534629814	0.5717919887561489	0.5258358662613982	0.525679758308157	0.5288723442890866	0.534281999730035	0.5716335546344375	0.5696319775398293	0.5766117595723792	0.5544724312648245	0.5997936107675752	0.533288948069241	0.5185185185185185	0.5602577738656299	0.5447424364599806	0.5901949542903783	0.5247352797159995	0.5519114090542663	0.5125000000000001	0.586000746666934
es	0.5217391304347826	0.5272727272727272	0.5411314566821536	0.5185185185185185	0.5888807607900512	0.6178174058832495	0.5645161290322581	0.5956807508814953	1.0	0.6261180679785331	0.5935747446610956	0.5634517766497462	0.5882352941176471	0.5944507534026	0.6000000000000001	0.6025641025641025	0.5973706955374608	0.5465116279069767	0.5428571428571428	0.5482233502538072	0.5457336194091434	0.616305277065361	0.6038961038961039	0.615469735531703	0.5808080808080808	0.6153846153846154	0.553072625698324	0.5266272189349113	0.5920669793955228	0.5691489361702128	0.585820895522388	0.5284090909090908	0.5824742268041238	0.5246913580246914	0.6136797860145204
fr	0.5209406742234653	0.5240641711229946	0.5367686999926594	0.5191256830601093	0.583243556807823	0.6202646365778504	0.5576923076923077	0.6090026078485982	0.6261180679785331	1.0	0.595403177376208	0.5641821054143329	0.5814103390486013	0.5982433961008717	0.5984664598370011	0.6046654714799452	0.6042198550341873	0.5412371134020618	0.5445415352087084	0.546801530064559	0.5530648429584599	0.6035973585318691	0.5991769547325103	0.6041532212140769	0.5779816513761468	0.6123827807723546	0.55	0.5263157894736842	0.5834687052078357	0.5635497556255737	0.583553759846525	0.5315461684267533	0.575065455963456	0.5217391304347826	0.6200892371313527
he	0.5319563522992985	0.55	0.565752936988252	0.5306122448979592	0.6119573681136851	0.6075949367088607	0.5809755911808385	0.564292387396314	0.5935747446610956	0.595403177376208	1.0	0.5711196243203164	0.6079295154185023	0.6045569620253164	0.5791832799103537	0.5884244977804529	0.5913347741072348	0.5740740740740741	0.5625	0.5554012774229381	0.5456773853452821	0.6053629088867051	0.597932719413644	0.6306011505779279	0.5998254656521858	0.599787524662316	0.5806211277546859	0.5327102803738317	0.6085802742149492	0.5871421793452475	0.5715123094958968	0.5258620689655172	0.605972701456533	0.5353535353535354	0.6057367068055743
hi	0.5256410256410257	0.55	0.5529411764705883	0.5394736842105263	0.576	0.5723270440251572	0.5849056603773585	0.5500681198910081	0.5634517766497462	0.5641821054143329	0.5711196243203164	1.0	0.5797893538286365	0.5817273763639325	0.556740614334471	0.5730994152046783	0.5671254219683199	0.5795454545454545	0.5652173913043479	0.602187189319699	0.6293152235427278	0.5612903225806452	0.5715968366145044	0.5644171779141104	0.5714285714285714	0.5634782608695652	0.5656565656565656	0.5411764705882353	0.5769230769230769	0.5740112994350283	0.564458048253511	0.5952380952380952	0.5737704918032787	0.5384615384615384	0.5629353636805443
hu	0.5503009458297506	0.5512820512820512	0.5891141942369265	0.5405405405405405	0.6297054338229393	0.6031689672007456	0.580952380952381	0.5485319004258844	0.5882352941176471	0.5814103390486013	0.6079295154185023	0.5797893538286365	1.0	0.5833961964505499	0.5729583015746128	0.5893772785204066	0.5909510618651893	0.5882352941176471	0.586780905752754	0.5709803921568627	0.5640133718829057	0.6074200558832661	0.6088045187212484	0.5987878787878788	0.6224788003641067	0.5862322751582356	0.6030130935478782	0.5445888304731673	0.6168991663524779	0.6009850031058657	0.5811805961426066	0.5268817204301075	0.5970062105207283	0.5540540540540541	0.5983220405788396
id	0.5303018545821371	0.5343511450381679	0.5440338144100553	0.5234375	0.5974873752925237	0.6007334963325184	0.5693342257067279	0.5833105634187661	0.5944507534026	0.5982433961008717	0.6045569620253164	0.5817273763639325	0.5833961964505499	1.0	0.5805700159262165	0.5986941580756013	0.5981889860786004	0.5579710144927537	0.5531914893617021	0.5549605573789371	0.5581364003953634	0.5925971095798525	0.5927289461573861	0.5980438648488441	0.591710182767624	0.6005352701737476	0.5607328011195573	0.5255474452554745	0.5888923057998646	0.5707374476987448	0.5714285714285714	0.5390070921985816	0.601510067114094	0.53125	0.6129895402578448
it	0.5191638933552705	0.5227272727272727	0.5350057596313836	0.5174418604651163	0.5796089385474861	0.6013214126530505	0.5612244897959184	0.5913777684632401	0.6000000000000001	0.5984664598370011	0.5791832799103537	0.556740614334471	0.5729583015746128	0.5805700159262165	1.0	0.6099257718650267	0.5815899581589958	0.5439560439560439	0.5434782608695652	0.5445193233392931	0.5422980185264707	0.5921052631578947	0.5929203539823009	0.5968331303288673	0.5869943201576446	0.601640838650866	0.5502645502645502	0.5280898876404494	0.5786701123148793	0.5669763759843339	0.6146757910427536	0.5268817204301075	0.58128078817734	0.5232558139534884	0.5922397160755544
ja	0.5220588235294117	0.5285714285714286	0.5384615384615384	0.5220588235294117	0.5828571428571429	0.6139214046822743	0.5750000000000001	0.5843721534629814	0.6025641025641025	0.6046654714799452	0.5884244977804529	0.5730994152046783	0.5893772785204066	0.5986941580756013	0.6099257718650267	1.0	0.605	0.5510204081632653	0.5599072404019583	0.5533333333333333	0.5544660846205507	0.596938775510204	0.5948717948717949	0.5908795471223398	0.5919535722688417	0.5946117036115105	0.5614563716258631	0.5314685314685315	0.6005388542257515	0.575001699177598	0.600137394092054	0.5369127516778524	0.6024096385542168	0.5294117647058824	0.6058542184809642
ko	0.5289256198347108	0.536	0.5398591027067111	0.5245901639344263	0.5915348641689875	0.595975537581377	0.5689211326936578	0.5717919887561489	0.5973706955374608	0.6042198550341873	0.5913347741072348	0.5671254219683199	0.5909510618651893	0.5981889860786004	0.5815899581589958	0.605	1.0	0.5606060606060607	0.5617039545866527	0.5428571428571428	0.5472816945576874	0.5868405453467694	0.5873352117310737	0.589186439446241	0.5860925099206349	0.5857740585774058	0.5642857142857143	0.5348837209302326	0.5990963054841854	0.5663200608673599	0.5787147494817538	0.5251798561151079	0.5961538461538461	0.5327868852459017	0.6245239908606246
lv	0.5797101449275363	0.5869565217391304	0.5926481620405101	0.5714285714285714	0.5913978494623656	0.5580337549375574	0.5769230769230769	0.5258358662613982	0.5465116279069767	0.5412371134020618	0.5740740740740741	0.5795454545454545	0.5882352941176471	0.5579710144927537	0.5439560439560439	0.5510204081632653	0.5606060606060607	1.0	0.6034482758620691	0.5774278215223096	0.5680337293982369	0.5645161290322581	0.5702479338842975	0.5659958567623556	0.5913978494623656	0.5484527761982501	0.609375	0.5471698113207547	0.5754168552233091	0.6097685067412872	0.5480225988700566	0.540983606557377	0.5888888888888889	0.5681818181818182	0.5533333333333333
mk	0.5681818181818182	0.56	0.5636363636363636	0.5555555555555556	0.5714285714285714	0.5597014925373135	0.5679012345679012	0.525679758308157	0.5428571428571428	0.5445415352087084	0.5625	0.5652173913043479	0.586780905752754	0.5531914893617021	0.5434782608695652	0.5599072404019583	0.5617039545866527	0.6034482758620691	1.0	0.5651981403586451	0.5503009458297506	0.5680000000000001	0.5666923670007711	0.5565934306889444	0.5915492957746479	0.5458516791850125	0.5970149253731343	0.5454545454545455	0.5705553219703096	0.5987096774193548	0.5414364640883979	0.53125	0.5859613428280773	0.5909090909090909	0.5531925177630624
ml	0.5587106676899463	0.5576923076923077	0.5473204104903079	0.5593803786574871	0.5609272835347731	0.5656957928802588	0.5875	0.5288723442890866	0.5482233502538072	0.546801530064559	0.5554012774229381	0.602187189319699	0.5709803921568627	0.5549605573789371	0.5445193233392931	0.5533333333333333	0.5428571428571428	0.5774278215223096	0.5651981403586451	1.0	0.622307089698394	0.5538461538461539	0.5590551181102362	0.551563711553373	0.5730978260869565	0.5528455284552846	0.5540540540540541	0.543859649122807	0.5665952146457331	0.5676901887709633	0.540983606557377	0.6034482758620691	0.5555555555555556	0.5625	0.5429429697707401
mr	0.5395567060346222	0.5517241379310345	0.5433651344319168	0.5471698113207547	0.5548639516272452	0.5556339742029691	0.5747126436781609	0.534281999730035	0.5457336194091434	0.5530648429584599	0.5456773853452821	0.6293152235427278	0.5640133718829057	0.5581364003953634	0.5422980185264707	0.5544660846205507	0.5472816945576874	0.5680337293982369	0.5503009458297506	0.622307089698394	1.0	0.549224369529422	0.5548690223337839	0.5453908544636361	0.5629139072847682	0.5541666666666667	0.5594349142280525	0.5483870967741935	0.5566265060240964	0.5608714224690303	0.5445562472853627	0.6093518393747474	0.5491730842065395	0.5454545454545455	0.5417313001824372
nl	0.5309734513274337	0.5338983050847458	0.5545522949586156	0.5263157894736842	0.6031145807920631	0.6160767571041638	0.5704225352112676	0.5716335546344375	0.616305277065361	0.6035973585318691	0.6053629088867051	0.5612903225806452	0.6074200558832661	0.5925971095798525	0.5921052631578947	0.596938775510204	0.5868405453467694	0.5645161290322581	0.5680000000000001	0.5538461538461539	0.549224369529422	1.0	0.6034482758620691	0.6067805519053877	0.6055685689948893	0.6021763602251406	0.5813953488372093	0.5327868852459017	0.5980762753097046	0.5888919016630514	0.5859030837004405	0.5267175572519084	0.5967051912393845	0.5350877192982456	0.6004873890242748
pl	0.5315315315315315	0.5391304347826087	0.561861520998865	0.5267857142857143	0.6155653981740938	0.6160339101234931	0.5714285714285714	0.5696319775398293	0.6038961038961039	0.5991769547325103	0.597932719413644	0.5715968366145044	0.6088045187212484	0.5927289461573861	0.5929203539823009	0.5948717948717949	0.5873352117310737	0.5702479338842975	0.5666923670007711	0.5590551181102362	0.5548690223337839	0.6034482758620691	1.0	0.6017941188302024	0.6100710135571336	0.6034648700673725	0.5736434108527132	0.5355648535564853	0.6072144288577155	0.5888354561996361	0.5866666666666667	0.53125	0.592675248077153	0.5357142857142857	0.5948595448975476
pt	0.5321071656389539	0.5354330708661417	0.5475255580317663	0.5241935483870968	0.605887162714636	0.6207929428416253	0.5810810810810811	0.5766117595723792	0.615469735531703	0.6041532212140769	0.6306011505779279	0.5644171779141104	0.5987878787878788	0.5980438648488441	0.5968331303288673	0.5908795471223398	0.589186439446241	0.5659958567623556	0.5565934306889444	0.551563711553373	0.5453908544636361	0.6067805519053877	0.6017941188302024	1.0	0.6090519989072033	0.6147643791435227	0.5714285714285714	0.5303030303030303	0.6106132898871174	0.5938952674320918	0.5843158134935726	0.5285714285714286	0.5875	0.532258064516129	0.6092785168453629
ro	0.5421686746987951	0.5454545454545455	0.5604395604395604	0.5357142857142857	0.6102624363493929	0.6042315680166147	0.5789473684210527	0.5544724312648245	0.5808080808080808	0.5779816513761468	0.5998254656521858	0.5714285714285714	0.6224788003641067	0.591710182767624	0.5869943201576446	0.5919535722688417	0.5860925099206349	0.5913978494623656	0.5915492957746479	0.5730978260869565	0.5629139072847682	0.6055685689948893	0.6100710135571336	0.6090519989072033	1.0	0.5922785246466735	0.5882352941176471	0.5319148936170213	0.5936577195998061	0.6118451025056948	0.58128078817734	0.5294117647058824	0.608533747090768	0.5476190476190476	0.5844766345297705
ru	0.5202312138728323	0.5254237288135593	0.5371042114970797	0.5172413793103449	0.5834580746484749	0.6065369991225504	0.5634517766497462	0.5997936107675752	0.6153846153846154	0.6123827807723546	0.599787524662316	0.5634782608695652	0.5862322751582356	0.6005352701737476	0.601640838650866	0.5946117036115105	0.5857740585774058	0.5484527761982501	0.5458516791850125	0.5528455284552846	0.5541666666666667	0.6021763602251406	0.6034648700673725	0.6147643791435227	0.5922785246466735	1.0	0.5526315789473684	0.5277777777777778	0.5947892823481891	0.5695104640108352	0.5978543264969282	0.532258064516129	0.5825065388605579	0.5229885057471265	0.6066127495247741
sh	0.5576923076923077	0.5714285714285714	0.568039950062422	0.5471698113207547	0.5853658536585367	0.5658743451765795	0.5747126436781609	0.533288948069241	0.553072625698324	0.55	0.5806211277546859	0.5656565656565656	0.6030130935478782	0.5607328011195573	0.5502645502645502	0.5614563716258631	0.5642857142857143	0.609375	0.5970149253731343	0.5540540540540541	0.5594349142280525	0.5813953488372093	0.5736434108527132	0.5714285714285714	0.5882352941176471	0.5526315789473684	1.0	0.5573770491803278	0.579108635097493	0.6292993630573248	0.54984375	0.5277777777777778	0.5858585858585859	0.5660377358490566	0.5652770548431363
si	0.5135135135135135	0.55	0.5208333333333334	0.5277777777777778	0.5376344086021506	0.5307692307692308	0.5333333333333333	0.5185185185185185	0.5266272189349113	0.5263157894736842	0.5327102803738317	0.5411764705882353	0.5445888304731673	0.5255474452554745	0.5280898876404494	0.5314685314685315	0.5348837209302326	0.5471698113207547	0.5454545454545455	0.543859649122807	0.5483870967741935	0.5327868852459017	0.5355648535564853	0.5303030303030303	0.5319148936170213	0.5277777777777778	0.5573770491803278	1.0	0.5353535353535354	0.5384615384615384	0.5257142857142857	0.5384615384615384	0.5333333333333333	0.5263157894736842	0.5342465753424658
simple	0.5353299017313992	0.5425531914893617	0.5580488957127672	0.5294673810274189	0.6128041916535336	0.607579923446008	0.5810140046091118	0.5602577738656299	0.5920669793955228	0.5834687052078357	0.6085802742149492	0.5769230769230769	0.6168991663524779	0.5888923057998646	0.5786701123148793	0.6005388542257515	0.5990963054841854	0.5754168552233091	0.5705553219703096	0.5665952146457331	0.5566265060240964	0.5980762753097046	0.6072144288577155	0.6106132898871174	0.5936577195998061	0.5947892823481891	0.579108635097493	0.5353535353535354	1.0	0.6021737647513586	0.5748745972839607	0.53873480428902	0.5980112261685862	0.5384615384615384	0.6107366787892591
sr	0.5552156177156178	0.5555555555555556	0.5549459041731066	0.5471870711998781	0.5897345132743362	0.5836663518128316	0.5918367346938775	0.5447424364599806	0.5691489361702128	0.5635497556255737	0.5871421793452475	0.5740112994350283	0.6009850031058657	0.5707374476987448	0.5669763759843339	0.575001699177598	0.5663200608673599	0.6097685067412872	0.5987096774193548	0.5676901887709633	0.5608714224690303	0.5888919016630514	0.5888354561996361	0.5938952674320918	0.6118451025056948	0.5695104640108352	0.6292993630573248	0.5384615384615384	0.6021737647513586	1.0	0.5577453685455263	0.5411764705882353	0.5943617854346124	0.5588235294117647	0.5796954413758791
sv	0.5178571428571429	0.5294117647058824	0.5420552367288379	0.5178571428571429	0.583628553336414	0.5959392891992616	0.5625	0.5901949542903783	0.585820895522388	0.583553759846525	0.5715123094958968	0.564458048253511	0.5811805961426066	0.5714285714285714	0.6146757910427536	0.600137394092054	0.5787147494817538	0.5480225988700566	0.5414364640883979	0.540983606557377	0.5445562472853627	0.5859030837004405	0.5866666666666667	0.5843158134935726	0.58128078817734	0.5978543264969282	0.54984375	0.5257142857142857	0.5748745972839607	0.5577453685455263	1.0	0.5274725274725275	0.5742574257425742	0.5207100591715976	0.5822075856352354
te	0.5348837209302326	0.5416666666666666	0.5178571428571429	0.5476190476190476	0.5294117647058824	0.5367647058823529	0.5641025641025641	0.5247352797159995	0.5284090909090908	0.5315461684267533	0.5258620689655172	0.5952380952380952	0.5268817204301075	0.5390070921985816	0.5268817204301075	0.5369127516778524	0.5251798561151079	0.540983606557377	0.53125	0.6034482758620691	0.6093518393747474	0.5267175572519084	0.53125	0.5285714285714286	0.5294117647058824	0.532258064516129	0.5277777777777778	0.5384615384615384	0.53873480428902	0.5411764705882353	0.5274725274725275	1.0	0.5306122448979592	0.5454545454545455	0.5266740162009299
vi	0.5443037974683544	0.5542168674698795	0.5568181818181818	0.5375	0.6041501304002722	0.5932635876499107	0.5871559633027523	0.5519114090542663	0.5824742268041238	0.575065455963456	0.605972701456533	0.5737704918032787	0.5970062105207283	0.601510067114094	0.58128078817734	0.6024096385542168	0.5961538461538461	0.5888888888888889	0.5859613428280773	0.5555555555555556	0.5491730842065395	0.5967051912393845	0.592675248077153	0.5875	0.608533747090768	0.5825065388605579	0.5858585858585859	0.5333333333333333	0.5980112261685862	0.5943617854346124	0.5742574257425742	0.5306122448979592	1.0	0.55	0.5942663378545007
war	0.625	0.5625	0.5384615384615384	0.5555555555555556	0.5411764705882353	0.5327868852459017	0.5625	0.5125000000000001	0.5246913580246914	0.5217391304347826	0.5353535353535354	0.5384615384615384	0.5540540540540541	0.53125	0.5232558139534884	0.5294117647058824	0.5327868852459017	0.5681818181818182	0.5909090909090909	0.5625	0.5454545454545455	0.5350877192982456	0.5357142857142857	0.532258064516129	0.5476190476190476	0.5229885057471265	0.5660377358490566	0.5263157894736842	0.5384615384615384	0.5588235294117647	0.5207100591715976	0.5454545454545455	0.55	1.0	0.5285714285714286
zh	0.5251798561151079	0.5314685314685315	0.5408286334554727	0.5214285714285714	0.598841012317699	0.617431244845141	0.5696969696969697	0.586000746666934	0.6136797860145204	0.6200892371313527	0.6057367068055743	0.5629353636805443	0.5983220405788396	0.6129895402578448	0.5922397160755544	0.6058542184809642	0.6245239908606246	0.5533333333333333	0.5531925177630624	0.5429429697707401	0.5417313001824372	0.6004873890242748	0.5948595448975476	0.6092785168453629	0.5844766345297705	0.6066127495247741	0.5652770548431363	0.5342465753424658	0.6107366787892591	0.5796954413758791	0.5822075856352354	0.5266740162009299	0.5942663378545007	0.5285714285714286	1.0
