arz	bs	ceb	ckb	da	de	el	en	es	fr	he	hi	hu	id	it	ja	ko	lv	mk	ml	mr	nl	pl	pt	ro	ru	sh	si	simple	sr	sv	te	vi	war	zh
arz	0.14302061244918388	0.25	0.5	0.3333333333333333	0.16666666666666666	0.16666666666666666	0.14285714285714285	0.14285714285714285	0.14285714285714285	0.14289795918367348	0.16669444444444442	0.25	0.14287755102040817	0.14289795918367348	0.16669444444444442	0.16666666666666666	0.14285714285714285	0.20003999999999997	0.16666666666666666	0.20003999999999997	0.25006249999999997	0.14285714285714285	0.14285714285714285	0.14289795918367348	0.14285714285714285	0.14285714285714285	0.16666666666666666	1.0	0.1667222222222222	0.14287755102040817	0.16666666666666666	0.3333333333333333	0.14285714285714285	0.16666666666666666	0.14285714285714285
bs	0.25	0.10001999999999998	0.25	0.25	0.1111111111111111	0.125	0.1111111111111111	0.10000999999999999	0.1111111111111111	0.1111111111111111	0.1	0.125	0.125	0.1111111111111111	0.125	0.125	0.1111111111111111	0.125	0.16666666666666666	0.16666666666666666	0.16666666666666666	0.125	0.1111111111111111	0.1111111111111111	0.125	0.1111111111111111	0.125	0.25	0.125	0.125	0.1	0.25	0.1111111111111111	0.25	0.1111111111111111
ceb	0.5	0.25	0.07735131899275183	0.3333333333333333	0.08339588198615282	0.07694675147928993	0.16669444444444442	0.0769467573964497	0.07692899408284024	0.07694082840236686	0.08338195833333334	0.1111111111111111	0.08338890972222221	0.09093388429752067	0.08334027777777778	0.09090909090909091	0.10000999999999999	0.11112345679012345	0.14285714285714285	0.20007999999999998	0.20012004	0.08334722222222221	0.07694674556213017	0.08334027777777778	0.09090909090909091	0.07692899408284024	0.125015625	0.5	0.10008009009010012	0.12503124999999998	0.07694675147928993	0.5	0.1	0.3333333333333333	0.09096696694214876
ckb	0.3333333333333333	0.25	0.3333333333333333	0.14289795918367348	0.16669444444444442	0.14285714285714285	0.2	0.14285714285714285	0.16666666666666666	0.14285714285714285	0.16666666666666666	0.16666666666666666	0.16666666666666666	0.16666666666666666	0.16666666666666666	0.16666666666666666	0.16666666666666666	0.16666666666666666	0.2	0.20003999999999997	0.2	0.16666666666666666	0.16666666666666666	0.16666666666666666	0.16666666666666666	0.16666666666666666	0.2	0.5	0.20007999999999998	0.16669444444444442	0.16666666666666666	0.25	0.16666666666666666	0.3333333333333333	0.16666666666666666
da	0.16666666666666666	0.1111111111111111	0.08339588198615282	0.16669444444444442	0.026385912492115002	0.033334444444444444	0.05263157894736842	0.026322024239612187	0.029412629757785465	0.028573877551020407	0.03448870392390012	0.05263157894736842	0.037046643348422496	0.03334	0.031251953124999995	0.034482758620689655	0.03448394768133174	0.058823529411764705	0.07142857142857142	0.08334027777777778	0.09093389256198348	0.033335555555555556	0.030304866850321393	0.031253906250000005	0.03703840877914952	0.02941349480968858	0.05882698961937716	0.14285714285714285	0.03705075994787517	0.050004999999999994	0.030304866850321393	0.16666666666666666	0.0400016	0.14285714285714285	0.030310378328741963
de	0.16666666666666666	0.125	0.07694675147928993	0.14285714285714285	0.033334444444444444	0.01760006029518504	0.043478260869565216	0.01786001339285714	0.0200008	0.018183140826446283	0.02941868685121107	0.043478260869565216	0.03448989655529489	0.026318559556786702	0.02174007561436673	0.022728305785123963	0.027779320987654316	0.06667111111111111	0.0625	0.06251953125	0.06668000444889334	0.024390838786436643	0.025001875	0.023258518658734448	0.031251953124999995	0.020835069444444444	0.05555864197530863	0.125	0.03031037649219467	0.04167187673784896	0.02325743645213629	0.1	0.035718113521684955	0.125	0.022735540290289773
el	0.14285714285714285	0.1111111111111111	0.16669444444444442	0.2	0.05263157894736842	0.043478260869565216	0.035723218114797194	0.03571428571428571	0.041666666666666664	0.041666666666666664	0.05000249999999999	0.05555555555555555	0.058823529411764705	0.047621315192743756	0.041666666666666664	0.041666666666666664	0.05000249999999999	0.08333333333333333	0.09090909090909091	0.07142857142857142	0.07692307692307693	0.05	0.05	0.041666666666666664	0.05555555555555555	0.04	0.07692307692307693	0.2	0.05263434903047091	0.05555555555555555	0.041666666666666664	0.1	0.05263157894736842	0.125	0.043478260869565216
en	0.14285714285714285	0.10000999999999999	0.0769467573964497	0.14285714285714285	0.026322024239612187	0.01786001339285714	0.03571428571428571	0.006475972819128309	0.013514609203798393	0.011767197508788928	0.02273553977376033	0.02941608996539792	0.030306704315886137	0.0166705572236125	0.01369938074685682	0.015874023683547494	0.019235208210059168	0.058823529411764705	0.058823529411764705	0.05263434903047091	0.04547107438016528	0.019231878698224854	0.020002799999999998	0.01785937531887755	0.026316481994459833	0.012822485207100592	0.04545867768595041	0.08333333333333333	0.02439797977513385	0.03333888888888889	0.014288981633265304	0.06250781641016015	0.027778549382716046	0.125	0.016136840792664673
es	0.14285714285714285	0.1111111111111111	0.07692899408284024	0.16666666666666666	0.029412629757785465	0.0200008	0.041666666666666664	0.013514609203798393	0.012997140503127011	0.015151744719926538	0.026316481994459833	0.04	0.030303030303030304	0.02325635478637101	0.018867924528301886	0.020833333333333332	0.02325635478637101	0.0625	0.06666666666666667	0.06250390624999999	0.06250390624999999	0.02083376736111111	0.023256895619253648	0.020000399999999998	0.03125	0.016666666666666666	0.05263157894736842	0.1111111111111111	0.02777932175925926	0.038461538461538464	0.021739130434782608	0.1	0.03125	0.125	0.01923224852071006
fr	0.14289795918367348	0.1111111111111111	0.07694082840236686	0.14285714285714285	0.028573877551020407	0.018183140826446283	0.041666666666666664	0.011767197508788928	0.015151744719926538	0.01140121065150238	0.0243938149922677	0.037039780521262	0.030305786043159776	0.020834201388888886	0.01852023353909465	0.01960938100730488	0.020409413578509786	0.0625	0.05882698961937716	0.05555864197530863	0.05000999999999999	0.02083376736111111	0.022224197530864197	0.020409829237817576	0.029411764705882353	0.016395055092717013	0.05	0.1	0.02778086496990818	0.03846450000296154	0.021741965973534973	0.08334027777777778	0.031250976562500005	0.125	0.017548169898430284
he	0.16669444444444442	0.1	0.08338195833333334	0.16666666666666666	0.03448870392390012	0.02941868685121107	0.05000249999999999	0.02273553977376033	0.026316481994459833	0.0243938149922677	0.022322405814938037	0.052637119113573404	0.03847189941272337	0.02857551102040816	0.02941349480968858	0.031251953124999995	0.03333888888888888	0.0625	0.07142857142857142	0.08335416666666667	0.09091735537190082	0.030305785123966943	0.03334000111111111	0.02500562812625	0.037039780521262	0.025006253125	0.05556173148148148	0.14285714285714285	0.03573342985587501	0.04763038548752834	0.03333777777777778	0.16666666666666666	0.035715561224489795	0.14285714285714285	0.02779167361265509
hi	0.25	0.125	0.1111111111111111	0.16666666666666666	0.05263157894736842	0.043478260869565216	0.05555555555555555	0.02941608996539792	0.04	0.037039780521262	0.052637119113573404	0.02943946888237805	0.05555864197530863	0.038463017751479284	0.043480151228733464	0.04	0.047621315192743756	0.07142857142857142	0.08333333333333333	0.06251171875	0.04763038775510204	0.05263157894736842	0.047621315192743756	0.047619047619047616	0.05555555555555555	0.038463017751479284	0.07692307692307693	0.14285714285714285	0.05	0.06250390624999999	0.040003199999999996	0.0625	0.05555555555555555	0.16666666666666666	0.04545867768595041
hu	0.14287755102040817	0.125	0.08338890972222221	0.16666666666666666	0.037046643348422496	0.03448989655529489	0.058823529411764705	0.030306704315886137	0.030303030303030304	0.030305786043159776	0.03847189941272337	0.05555864197530863	0.030413628651820252	0.03846449704142012	0.03571811224489796	0.03571811224489796	0.037039780521262	0.06666666666666667	0.07144388265306122	0.08335416666666667	0.08334722222222221	0.03448632937336861	0.034487516052318666	0.03448632580261593	0.03846893786982248	0.030306703397612485	0.055561728395061724	0.14287755102040817	0.0384778195325503	0.05000999999999999	0.03449108323424495	0.2	0.045456611570247926	0.125	0.032268473466182106
id	0.14289795918367348	0.1111111111111111	0.09093388429752067	0.16666666666666666	0.03334	0.026318559556786702	0.047621315192743756	0.0166705572236125	0.02325635478637101	0.020834201388888886	0.02857551102040816	0.038463017751479284	0.03846449704142012	0.016721289746043907	0.02564168310322156	0.025001249999999996	0.027029948867786705	0.0625	0.06666666666666667	0.06667555555555556	0.06251562890625	0.029414359861591695	0.029414359861591695	0.026317174515235454	0.033334444444444444	0.0212779538252603	0.058830449826989616	0.14285714285714285	0.03449108323424495	0.045456611570247926	0.02857142857142857	0.09090909090909091	0.0312509765625	0.125	0.02273450568233523
it	0.16669444444444442	0.125	0.08334027777777778	0.16666666666666666	0.031251953124999995	0.02174007561436673	0.041666666666666664	0.01369938074685682	0.018867924528301886	0.01852023353909465	0.02941349480968858	0.043480151228733464	0.03571811224489796	0.02564168310322156	0.01221716706939023	0.019231139053254437	0.02564102564102564	0.0625	0.0625	0.06250390624999999	0.06668000444444445	0.023809523809523808	0.023809523809523808	0.022728822314049588	0.028572244897959183	0.018182479338842972	0.05263157894736842	0.1	0.03125488378906251	0.038463017751479284	0.016950014363688596	0.1	0.030303030303030304	0.125	0.022224691358024688
ja	0.16666666666666666	0.125	0.09090909090909091	0.16666666666666666	0.034482758620689655	0.022728305785123963	0.041666666666666664	0.015874023683547494	0.020833333333333332	0.01960938100730488	0.031251953124999995	0.04	0.03571811224489796	0.025001249999999996	0.019231139053254437	0.01564577956961112	0.023809523809523808	0.06666666666666667	0.06250781641016015	0.0625	0.0625078125	0.02631578947368421	0.02702702702702703	0.027027757487216943	0.03225910509885536	0.021740076087429585	0.05555864197530863	0.1111111111111111	0.02941522577941263	0.041668404515626735	0.021277501131733816	0.09090909090909091	0.029411764705882353	0.125	0.022223209876543207
ko	0.14285714285714285	0.1111111111111111	0.10000999999999999	0.16666666666666666	0.03448394768133174	0.027779320987654316	0.05000249999999999	0.019235208210059168	0.02325635478637101	0.020409413578509786	0.03333888888888888	0.047621315192743756	0.037039780521262	0.027029948867786705	0.02564102564102564	0.023809523809523808	0.017585822060743432	0.0625	0.06250390624999999	0.08333333333333333	0.07693491124260354	0.031250976562500005	0.0312509765625	0.029413495674740484	0.03846745710059171	0.024390243902439025	0.05555555555555555	0.1111111111111111	0.032264308012486996	0.05000249999999999	0.027780092592592592	0.14285714285714285	0.03333333333333333	0.125	0.02128157718469941
lv	0.20003999999999997	0.125	0.11112345679012345	0.16666666666666666	0.058823529411764705	0.06667111111111111	0.08333333333333333	0.058823529411764705	0.0625	0.0625	0.0625	0.07142857142857142	0.06666666666666667	0.0625	0.0625	0.06666666666666667	0.0625	0.058847764709342554	0.08333333333333333	0.11112345679012345	0.11112345679012345	0.0625	0.058823529411764705	0.05882698961937716	0.058823529411764705	0.058830449826989616	0.07142857142857142	0.2	0.06667111111111111	0.0625078125	0.058823529411764705	0.2	0.0625	0.16666666666666666	0.0625
mk	0.16666666666666666	0.16666666666666666	0.14285714285714285	0.2	0.07142857142857142	0.0625	0.09090909090909091	0.058823529411764705	0.06666666666666667	0.05882698961937716	0.07142857142857142	0.08333333333333333	0.07144388265306122	0.06666666666666667	0.0625	0.06250781641016015	0.06250390624999999	0.08333333333333333	0.05562044453716376	0.125015625	0.14287755102040817	0.058823529411764705	0.06250390624999999	0.06667111111111111	0.0625078125	0.06251172657032032	0.07692307692307693	0.2	0.07144388265816837	0.0666755600044489	0.06666666666666667	0.25	0.06667111111111111	0.125	0.06250390624999999
ml	0.20003999999999997	0.16666666666666666	0.20007999999999998	0.20003999999999997	0.08334027777777778	0.06251953125	0.07142857142857142	0.05263434903047091	0.06250390624999999	0.05555864197530863	0.08335416666666667	0.06251171875	0.08335416666666667	0.06667555555555556	0.06250390624999999	0.0625	0.08333333333333333	0.11112345679012345	0.125015625	0.05276484832001139	0.07146940817858674	0.07142857142857142	0.06666666666666667	0.07143367346938775	0.07694082840236686	0.05557098765432098	0.125	0.2	0.07695859172189348	0.09092561983471074	0.06666666666666667	0.08333333333333333	0.09090909090909091	0.16666666666666666	0.07694082840236686
mr	0.25006249999999997	0.16666666666666666	0.20012004	0.2	0.09093389256198348	0.06668000444889334	0.07692307692307693	0.04547107438016528	0.06250390624999999	0.05000999999999999	0.09091735537190082	0.04763038775510204	0.08334722222222221	0.06251562890625	0.06668000444444445	0.0625078125	0.07693491124260354	0.11112345679012345	0.14287755102040817	0.07146940817858674	0.04567674739382369	0.07692899408284024	0.07143877551020407	0.07692899408284024	0.08336111806250696	0.050004999999999994	0.11112345679012345	0.16666666666666666	0.08336807639583332	0.10005003002002003	0.0625078125	0.07693491124260354	0.10001001001001	0.2	0.07694675147928993
nl	0.14285714285714285	0.125	0.08334722222222221	0.16666666666666666	0.033335555555555556	0.024390838786436643	0.05	0.019231878698224854	0.02083376736111111	0.02083376736111111	0.030305785123966943	0.05263157894736842	0.03448632937336861	0.029414359861591695	0.023809523809523808	0.02631578947368421	0.031250976562500005	0.0625	0.058823529411764705	0.07142857142857142	0.07692899408284024	0.018890021742998607	0.027777777777777776	0.026317174515235454	0.03225910509885536	0.022223703703703704	0.047619047619047616	0.125	0.03333666777777777	0.04167013888888889	0.02564102564102564	0.14285714285714285	0.035715561224489795	0.125	0.026322022853878812
pl	0.14285714285714285	0.1111111111111111	0.07694674556213017	0.16666666666666666	0.030304866850321393	0.025001875	0.05	0.020002799999999998	0.023256895619253648	0.022224197530864197	0.03334000111111111	0.047621315192743756	0.034487516052318666	0.029414359861591695	0.023809523809523808	0.02702702702702703	0.0312509765625	0.058823529411764705	0.06250390624999999	0.06666666666666667	0.07143877551020407	0.027777777777777776	0.019277489226796923	0.027780094135802465	0.031250976562500005	0.022224197530864197	0.05263157894736842	0.125015625	0.03226639334027055	0.04167013888888889	0.02564102564102564	0.125	0.03703840877914952	0.125	0.027784722993827157
pt	0.14289795918367348	0.1111111111111111	0.08334027777777778	0.16666666666666666	0.031253906250000005	0.023258518658734448	0.041666666666666664	0.01785937531887755	0.020000399999999998	0.020409829237817576	0.02500562812625	0.047619047619047616	0.03448632580261593	0.026317174515235454	0.022728822314049588	0.027027757487216943	0.029413495674740484	0.05882698961937716	0.06667111111111111	0.07143367346938775	0.07692899408284024	0.026317174515235454	0.027780094135802465	0.017284887003604987	0.030305785123966943	0.019231508875739642	0.05	0.125	0.02941869118339793	0.03846893787130325	0.025642340565417487	0.125	0.03571428571428571	0.125	0.023260142780421846
ro	0.14285714285714285	0.125	0.09090909090909091	0.16666666666666666	0.03703840877914952	0.031251953124999995	0.05555555555555555	0.026316481994459833	0.03125	0.029411764705882353	0.037039780521262	0.05555555555555555	0.03846893786982248	0.033334444444444444	0.028572244897959183	0.03225910509885536	0.03846745710059171	0.058823529411764705	0.0625078125	0.07694082840236686	0.08336111806250696	0.03225910509885536	0.031250976562500005	0.030305785123966943	0.02635949042053975	0.02778163657484645	0.05555555555555555	0.16666666666666666	0.041673611111111106	0.04167013888888889	0.030303030303030304	0.16666666666666666	0.040003199999999996	0.125	0.034489894173602854
ru	0.14285714285714285	0.1111111111111111	0.07692899408284024	0.16666666666666666	0.02941349480968858	0.020835069444444444	0.04	0.012822485207100592	0.016666666666666666	0.016395055092717013	0.025006253125	0.038463017751479284	0.030306703397612485	0.0212779538252603	0.018182479338842972	0.021740076087429585	0.024390243902439025	0.058830449826989616	0.06251172657032032	0.05557098765432098	0.050004999999999994	0.022223703703703704	0.022224197530864197	0.019231508875739642	0.02778163657484645	0.012090729523046684	0.05	0.1	0.02632063919875554	0.03703978326749246	0.01923224852071006	0.08333333333333333	0.030304866850321393	0.125	0.020005200400000003
sh	0.16666666666666666	0.125	0.125015625	0.2	0.05882698961937716	0.05555864197530863	0.07692307692307693	0.04545867768595041	0.05263157894736842	0.05	0.05556173148148148	0.07692307692307693	0.055561728395061724	0.058830449826989616	0.05263157894736842	0.05555864197530863	0.05555555555555555	0.07142857142857142	0.07692307692307693	0.125	0.11112345679012345	0.047619047619047616	0.05263157894736842	0.05	0.05555555555555555	0.05	0.045493828531006204	0.14285714285714285	0.05882698961937716	0.0500075	0.05555864197530863	0.25	0.058823529411764705	0.14285714285714285	0.050004999999999994
si	1.0	0.25	0.5	0.5	0.14285714285714285	0.125	0.2	0.08333333333333333	0.1111111111111111	0.1	0.14285714285714285	0.14285714285714285	0.14287755102040817	0.14285714285714285	0.1	0.1111111111111111	0.1111111111111111	0.2	0.2	0.2	0.16666666666666666	0.125	0.125015625	0.125	0.16666666666666666	0.1	0.14285714285714285	0.08334722222222221	0.14285714285714285	0.16666666666666666	0.1111111111111111	0.25	0.16666666666666666	0.5	0.1
simple	0.1667222222222222	0.125	0.10008009009010012	0.20007999999999998	0.03705075994787517	0.03031037649219467	0.05263434903047091	0.02439797977513385	0.02777932175925926	0.02778086496990818	0.03573342985587501	0.05	0.0384778195325503	0.03449108323424495	0.03125488378906251	0.02941522577941263	0.032264308012486996	0.06667111111111111	0.07144388265816837	0.07695859172189348	0.08336807639583332	0.03333666777777777	0.03226639334027055	0.02941869118339793	0.041673611111111106	0.02632063919875554	0.05882698961937716	0.14285714285714285	0.02455674887636609	0.045477297553762445	0.03226014568158169	0.125015625	0.0400016	0.14285714285714285	0.027793987658181325
sr	0.14287755102040817	0.125	0.12503124999999998	0.16669444444444442	0.050004999999999994	0.04167187673784896	0.05555555555555555	0.03333888888888889	0.038461538461538464	0.03846450000296154	0.04763038548752834	0.06250390624999999	0.05000999999999999	0.045456611570247926	0.038463017751479284	0.041668404515626735	0.05000249999999999	0.0625078125	0.0666755600044489	0.09092561983471074	0.10005003002002003	0.04167013888888889	0.04167013888888889	0.03846893787130325	0.04167013888888889	0.03703978326749246	0.0500075	0.16666666666666666	0.045477297553762445	0.033439232220296315	0.04545867768595041	0.14285714285714285	0.0500050025025025	0.125	0.0400144096080032
sv	0.16666666666666666	0.1	0.07694675147928993	0.16666666666666666	0.030304866850321393	0.02325743645213629	0.041666666666666664	0.014288981633265304	0.021739130434782608	0.021741965973534973	0.03333777777777778	0.040003199999999996	0.03449108323424495	0.02857142857142857	0.016950014363688596	0.021277501131733816	0.027780092592592592	0.058823529411764705	0.06666666666666667	0.06666666666666667	0.0625078125	0.02564102564102564	0.02564102564102564	0.025642340565417487	0.030303030303030304	0.01923224852071006	0.05555864197530863	0.1111111111111111	0.03226014568158169	0.04545867768595041	0.012529451608021332	0.1	0.03333333333333333	0.14285714285714285	0.025003750624999998
te	0.3333333333333333	0.25	0.5	0.25	0.16666666666666666	0.1	0.1	0.06250781641016015	0.1	0.08334027777777778	0.16666666666666666	0.0625	0.2	0.09090909090909091	0.1	0.09090909090909091	0.14285714285714285	0.2	0.25	0.08333333333333333	0.07693491124260354	0.14285714285714285	0.125	0.125	0.16666666666666666	0.08333333333333333	0.25	0.25	0.125015625	0.14285714285714285	0.1	0.0625469297578907	0.16666666666666666	0.25	0.125031265625
vi	0.14285714285714285	0.1111111111111111	0.1	0.16666666666666666	0.0400016	0.035718113521684955	0.05263157894736842	0.027778549382716046	0.03125	0.031250976562500005	0.035715561224489795	0.05555555555555555	0.045456611570247926	0.0312509765625	0.030303030303030304	0.029411764705882353	0.03333333333333333	0.0625	0.06667111111111111	0.09090909090909091	0.10001001001001	0.035715561224489795	0.03703840877914952	0.03571428571428571	0.040003199999999996	0.030304866850321393	0.058823529411764705	0.16666666666666666	0.0400016	0.0500050025025025	0.03333333333333333	0.16666666666666666	0.027810990773181367	0.125	0.031251953125
war	0.16666666666666666	0.25	0.3333333333333333	0.3333333333333333	0.14285714285714285	0.125	0.125	0.125	0.125	0.125	0.14285714285714285	0.16666666666666666	0.125	0.125	0.125	0.125	0.125	0.16666666666666666	0.125	0.16666666666666666	0.2	0.125	0.125	0.125	0.125	0.125	0.14285714285714285	0.5	0.14285714285714285	0.125	0.14285714285714285	0.25	0.125	0.125015625	0.125
zh	0.14285714285714285	0.1111111111111111	0.09096696694214876	0.16666666666666666	0.030310378328741963	0.022735540290289773	0.043478260869565216	0.016136840792664673	0.01923224852071006	0.017548169898430284	0.02779167361265509	0.04545867768595041	0.032268473466182106	0.02273450568233523	0.022224691358024688	0.022223209876543207	0.02128157718469941	0.0625	0.06250390624999999	0.07694082840236686	0.07694675147928993	0.026322022853878812	0.027784722993827157	0.023260142780421846	0.034489894173602854	0.020005200400000003	0.050004999999999994	0.1	0.027793987658181325	0.0400144096080032	0.025003750624999998	0.125031265625	0.031251953125	0.125	0.015272791209972028
