arz	bs	ceb	ckb	da	de	el	en	es	fr	he	hi	hu	id	it	ja	ko	lv	mk	ml	mr	nl	pl	pt	ro	ru	sh	si	simple	sr	sv	te	vi	war	zh
arz	1.0	1.0	0.585786437626905	1.0	0.3660254037844386	0.2692353105664306	0.25824569976124334	0.22461549888867144	0.252650308587072	0.2771788560498716	0.312382456964725	0.585786437626905	0.22806212859280198	0.2771788560498716	0.2853029657789964	0.2674788903885893	0.252650308587072	1.0	0.2553967929896867	0.35934098915336427	0.49851311685382416	0.252650308587072	0.25824569976124334	0.2642173211532418	0.23938850035923903	0.2474401533514073	0.3266316347104093	1.0	0.2449655295864104	0.23166247903554	0.30383243470068705	1.0	0.2410176379007698	0.27429188517743175	0.23775235293601998
bs	1.0	1.0	0.3090169943749474	1.0	0.3288130902060995	0.36602540378443865	0.585786437626905	0.20928116510020717	0.3333333333333333	0.4142135623730951	0.15093330459061793	0.585786437626905	0.2474401533514073	0.3483314773547883	0.39564392373896007	1.0	0.38742588672279304	0.585786437626905	1.0	0.2989350844248255	0.23800671553691075	0.585786437626905	0.3483314773547883	0.40453726661826384	0.3483314773547883	0.3380788308512194	0.5	1.0	0.168026337327542	0.2857142857142857	0.28989794855663564	1.0	0.4142135623730951	1.0	0.22966848451216434
ceb	0.585786437626905	0.3090169943749474	1.0	0.353889367864523	0.11792245107936908	0.09612444490266502	0.18646551042121137	0.09822371991622425	0.09413187232325523	0.0947417799867963	0.1064244066928466	0.13004672183153887	0.12127726530189939	0.11697253934893838	0.10188153543861342	0.10886898139200682	0.12071122695860867	0.13162454336267687	0.1652960191502465	0.24103818037323946	0.2518875591732447	0.10124567464911055	0.09495057776364174	0.10155036541157784	0.11255249855337317	0.09882450069953469	0.14727324143158538	0.585786437626905	0.16343653337724195	0.15202585261347873	0.09463463175141454	0.585786437626905	0.11834554519037926	0.38742588672279304	0.1353614943595273
ckb	1.0	1.0	0.353889367864523	1.0	0.5	0.44948974278317805	0.585786437626905	0.28989794855663564	0.5	0.44948974278317805	0.26351553509772824	0.5	0.38742588672279304	0.44948974278317805	0.4236911886691039	0.5	0.4142135623730951	0.5	0.5	0.5	0.29429805508554946	0.44948974278317805	0.5	0.5	0.3660254037844386	0.5	0.5	1.0	0.30282074146376114	0.28133685361327354	0.44948974278317805	0.585786437626905	0.4142135623730951	1.0	0.3333333333333333
da	0.3660254037844386	0.3288130902060995	0.11792245107936908	0.5	1.0	0.05018702704916134	0.14826758270431337	0.06780055604228696	0.04101098981130331	0.043002718458562635	0.05795991587550873	0.10477782979607683	0.08049792648456429	0.04848135592770811	0.044977108216170895	0.05077738681961861	0.05126944470768313	0.15082329980793807	0.17202972728656074	0.1183156365408909	0.12200766459035219	0.05036628155711867	0.04548872687229692	0.05093829595225755	0.05914309336977326	0.04235422268491138	0.1423580668477532	0.4142135623730951	0.07353822522185854	0.0750000768628149	0.04080118682656278	0.40453726661826384	0.0644659595503069	0.5	0.07489719203166557
de	0.2692353105664306	0.36602540378443865	0.09612444490266502	0.44948974278317805	0.05018702704916134	1.0	0.0845161994800683	0.050791666343865755	0.029284081742996855	0.030166287054536774	0.051811001568290396	0.09214427115204489	0.05134037572959144	0.04422023934910511	0.03005023252689579	0.03195055612590697	0.04472212152904322	0.17808088465125663	0.12187397207524495	0.08136608973657694	0.09096685522236751	0.035067668748719354	0.0431689421088994	0.04176778013905349	0.049685854134548804	0.037192950507378926	0.12988295169206257	0.3266316347104093	0.05266190384388764	0.06607746904972871	0.036305307936955106	0.35388936786452296	0.061887894508049344	0.2708131845707603	0.04795542743401334
el	0.25824569976124334	0.585786437626905	0.18646551042121137	0.585786437626905	0.14826758270431337	0.0845161994800683	1.0	0.06952218804487473	0.17706699104120874	0.1463924816619788	0.0839875317243421	0.2008390199171533	0.07945368988383537	0.12171567306760155	0.14922233332212426	0.22305031084103308	0.16130260861379025	0.3597752501562547	0.30552726787943424	0.0918430757852006	0.09864040534846706	0.21393876913398135	0.27429188517743175	0.1842574582922436	0.12422633866131062	0.13507810593582123	0.36602540378443865	1.0	0.06864907864666904	0.06572152689010761	0.18030816435569247	0.3726822671238253	0.2222222222222222	0.585786437626905	0.062018193571231596
en	0.22461549888867144	0.20928116510020717	0.09822371991622425	0.28989794855663564	0.06780055604228696	0.050791666343865755	0.06952218804487473	1.0	0.017449357947738144	0.03505868674403344	0.05888447636619307	0.039789123499406706	0.05853134829254802	0.06191212852976959	0.020238085932337772	0.020440897591881505	0.03749629679291383	0.15616186995602063	0.12254693329507207	0.07002370236727896	0.08123659553676614	0.027103025311637177	0.04943592403913637	0.05059587030828853	0.039790603848798484	0.04971284099639764	0.0812287365548362	0.2612038749637414	0.05700906409340436	0.05672760425800253	0.036748907983050194	0.12557186383315794	0.03784926887496721	0.2674788903885893	0.07176655769240643
es	0.252650308587072	0.3333333333333333	0.09413187232325523	0.5	0.04101098981130331	0.029284081742996855	0.17706699104120874	0.017449357947738144	1.0	0.021593430297270948	0.03527476967177065	0.1299205076419906	0.03815948120264926	0.034385295507999444	0.04654844702712193	0.0859097697692649	0.0494575303889654	0.26968623182294527	0.13350461988750356	0.07638561017850529	0.07516279513682586	0.07136612106772328	0.03259296931737563	0.026906558148030956	0.07088729847869443	0.023337569010472816	0.21239994067041815	0.5	0.0360292742570252	0.05076009082802346	0.03488280928103721	0.32037724101704074	0.09876951641722843	0.4142135623730951	0.024468702957743213
fr	0.2771788560498716	0.4142135623730951	0.0947417799867963	0.44948974278317805	0.043002718458562635	0.030166287054536774	0.1463924816619788	0.03505868674403344	0.021593430297270948	1.0	0.03593538172096304	0.10140377427930622	0.04598929841853016	0.03466110558845814	0.03233275522198634	0.03655594743052455	0.03476785266437428	0.22966848451216434	0.12274824551716458	0.07130553872210876	0.06174297295233978	0.037415532556625955	0.0339035726335852	0.03254213930768311	0.05845328201998587	0.030179267739490548	0.15267593412755867	0.35388936786452296	0.03737144897163888	0.05302189663269578	0.040210174267611254	0.2766608599139743	0.0858775031156167	0.4142135623730951	0.03765360328770012
he	0.312382456964725	0.15093330459061793	0.1064244066928466	0.26351553509772824	0.05795991587550873	0.051811001568290396	0.0839875317243421	0.05888447636619307	0.03527476967177065	0.03593538172096304	1.0	0.09458750454378785	0.09531316971710407	0.042553968227498684	0.040860124094522526	0.04403991759109179	0.04550292185994479	0.09926104394915623	0.11767406053290713	0.12350053344084713	0.1284762738503037	0.0432432629897923	0.04786930642671111	0.03631655924932207	0.05823211705979526	0.0373612443462099	0.07465074540495026	0.4142135623730951	0.08732045817605749	0.08565596982985911	0.04867211577996329	0.2685749256719011	0.05002035937799306	0.25824569976124334	0.08192982674927535
hi	0.585786437626905	0.585786437626905	0.13004672183153887	0.5	0.10477782979607683	0.09214427115204489	0.2008390199171533	0.039789123499406706	0.1299205076419906	0.10140377427930622	0.09458750454378785	1.0	0.07903742667008935	0.08004237382725506	0.12274942266209815	0.12710453284203183	0.14113746625965445	0.28989794855663564	0.18354977151239948	0.08673506134812639	0.06290807615609488	0.2061257833323215	0.13691597639265768	0.1424339656566283	0.14593533700330263	0.1296836027399214	0.3090169943749474	0.585786437626905	0.07164651032780886	0.0888765104560593	0.13178843422918177	0.16680123572378672	0.23371479611805132	0.585786437626905	0.062233566604713804
hu	0.22806212859280198	0.2474401533514073	0.12127726530189939	0.38742588672279304	0.08049792648456429	0.05134037572959144	0.07945368988383537	0.05853134829254802	0.03815948120264926	0.04598929841853016	0.09531316971710407	0.07903742667008935	1.0	0.05655849336529385	0.04483048191636305	0.047558940430168985	0.056041255343578456	0.11368669318368396	0.10695419678472477	0.13080614602489526	0.12022066499180424	0.04794373521109627	0.0496988692082177	0.048286295512940745	0.0575456100544414	0.03958975527357569	0.07567982840241334	0.26952570232358897	0.09105673811122982	0.13662929971643903	0.04560331208244692	0.39564392373896007	0.0629345542185773	0.24693857065004593	0.09191903854856054
id	0.2771788560498716	0.3483314773547883	0.11697253934893838	0.44948974278317805	0.04848135592770811	0.04422023934910511	0.12171567306760155	0.06191212852976959	0.034385295507999444	0.03466110558845814	0.042553968227498684	0.08004237382725506	0.05655849336529385	1.0	0.04245186676626344	0.033168048409871156	0.040390425531318656	0.18905299528192201	0.13252578599424245	0.09164995585137525	0.07982784060634815	0.06041798478075276	0.044506347157878844	0.04583471469148134	0.06739338067979983	0.03941343797690739	0.17191567329152066	0.5	0.05481097618235371	0.06487785451103194	0.05358122855419625	0.28172904669025317	0.0657653765234907	0.4142135623730951	0.05660399035496928
it	0.2853029657789964	0.39564392373896007	0.10188153543861342	0.4236911886691039	0.044977108216170895	0.03005023252689579	0.14922233332212426	0.020238085932337772	0.04654844702712193	0.03233275522198634	0.040860124094522526	0.12274942266209815	0.04483048191636305	0.04245186676626344	1.0	0.05167947179534775	0.045113165829899084	0.19404996501286384	0.12910941082283192	0.08850327976766205	0.08336440316018358	0.06811752684591198	0.036885027088753304	0.036525138576473666	0.05928565110152317	0.026976967725533634	0.1687684647602429	0.3726822671238253	0.04256969014090063	0.05100190308419521	0.02751436029144622	0.31604160750540605	0.09037127836841588	0.3726822671238253	0.028813180281178283
ja	0.2674788903885893	1.0	0.10886898139200682	0.5	0.05077738681961861	0.03195055612590697	0.22305031084103308	0.020440897591881505	0.0859097697692649	0.03655594743052455	0.04403991759109179	0.12710453284203183	0.047558940430168985	0.033168048409871156	0.05167947179534775	1.0	0.04324278158602385	0.2791745113185196	0.12894932379915836	0.07581944971304484	0.07790976895105413	0.09665825878146994	0.0461826349924811	0.05565434218120891	0.07725231382460145	0.03146688374131088	0.20797766346552385	0.4142135623730951	0.039024396284171696	0.05540835907060116	0.04677373543998913	0.2632403810669918	0.09021849399797721	0.5	0.027905073359130537
ko	0.252650308587072	0.38742588672279304	0.12071122695860867	0.4142135623730951	0.05126944470768313	0.04472212152904322	0.16130260861379025	0.03749629679291383	0.0494575303889654	0.03476785266437428	0.04550292185994479	0.14113746625965445	0.056041255343578456	0.040390425531318656	0.045113165829899084	0.04324278158602385	1.0	0.19404996501286384	0.12320018994966683	0.1267818037128327	0.10353150279416713	0.05899958300207912	0.05756979713160644	0.06245822303261047	0.09017133483210217	0.03953859834051182	0.15894454156034005	0.3483314773547883	0.04361297082992284	0.062425559385246056	0.0500011536121282	0.3597752501562547	0.09231677276207452	0.5	0.036734675755967096
lv	1.0	0.585786437626905	0.13162454336267687	0.5	0.15082329980793807	0.17808088465125663	0.3597752501562547	0.15616186995602063	0.26968623182294527	0.22966848451216434	0.09926104394915623	0.28989794855663564	0.11368669318368396	0.18905299528192201	0.19404996501286384	0.2791745113185196	0.19404996501286384	1.0	0.20139640334729444	0.1805217783354514	0.14540646969005988	0.2402530733520421	0.15829176144876983	0.19636040545626823	0.1900332398552315	0.179128784747792	0.2674788903885893	1.0	0.08930725903983634	0.09175201805116781	0.1856154626682773	1.0	0.23166247903554	0.44948974278317805	0.11220864027392359
mk	0.2553967929896867	1.0	0.1652960191502465	0.5	0.17202972728656074	0.12187397207524495	0.30552726787943424	0.12254693329507207	0.13350461988750356	0.12274824551716458	0.11767406053290713	0.18354977151239948	0.10695419678472477	0.13252578599424245	0.12910941082283192	0.12894932379915836	0.12320018994966683	0.20139640334729444	1.0	0.24472009032316608	0.19688248582306467	0.12504378923074008	0.11994452400116164	0.13233634743755673	0.12299165058509107	0.12468331340066348	0.16855212267069633	1.0	0.10494184360775871	0.1025802593200163	0.12920155423213536	1.0	0.1335943899078999	0.3483314773547883	0.11529054087776654
ml	0.35934098915336427	0.2989350844248255	0.24103818037323946	0.5	0.1183156365408909	0.08136608973657694	0.0918430757852006	0.07002370236727896	0.07638561017850529	0.07130553872210876	0.12350053344084713	0.08673506134812639	0.13080614602489526	0.09164995585137525	0.08850327976766205	0.07581944971304484	0.1267818037128327	0.1805217783354514	0.24472009032316608	1.0	0.1134044309893638	0.0943403125798233	0.09638251101464845	0.09662624964793434	0.11800423618641406	0.07019279513263274	0.2108696555657638	0.4364916731037085	0.116703457894486	0.12985003421193128	0.09237559620366112	0.14100081852247978	0.13984291481670527	0.3333333333333333	0.14071022991386678
mr	0.49851311685382416	0.23800671553691075	0.2518875591732447	0.29429805508554946	0.12200766459035219	0.09096685522236751	0.09864040534846706	0.08123659553676614	0.07516279513682586	0.06174297295233978	0.1284762738503037	0.06290807615609488	0.12022066499180424	0.07982784060634815	0.08336440316018358	0.07790976895105413	0.10353150279416713	0.14540646969005988	0.19688248582306467	0.1134044309893638	1.0	0.0993287556457327	0.09003379510973228	0.10326828129559684	0.11382173147060154	0.06530225407576286	0.13607222485791315	0.36602540378443865	0.11782300385269309	0.15864324234881705	0.08133828451342716	0.09354644656673004	0.12807806483802098	0.3333333333333333	0.1253360903395163
nl	0.252650308587072	0.585786437626905	0.10124567464911055	0.44948974278317805	0.05036628155711867	0.035067668748719354	0.21393876913398135	0.027103025311637177	0.07136612106772328	0.037415532556625955	0.0432432629897923	0.2061257833323215	0.04794373521109627	0.06041798478075276	0.06811752684591198	0.09665825878146994	0.05899958300207912	0.2402530733520421	0.12504378923074008	0.0943403125798233	0.0993287556457327	1.0	0.043436761998223015	0.04361419690111334	0.07192827339235866	0.046729304760118426	0.17384675566615063	0.585786437626905	0.04408428599527149	0.053090940447191474	0.04967409628284418	0.585786437626905	0.11008796498645346	0.5	0.03389364229936497
pl	0.25824569976124334	0.3483314773547883	0.09495057776364174	0.5	0.04548872687229692	0.0431689421088994	0.27429188517743175	0.04943592403913637	0.03259296931737563	0.0339035726335852	0.04786930642671111	0.13691597639265768	0.0496988692082177	0.044506347157878844	0.036885027088753304	0.0461826349924811	0.05756979713160644	0.15829176144876983	0.11994452400116164	0.09638251101464845	0.09003379510973228	0.043436761998223015	1.0	0.047198709654857944	0.05624076341533737	0.03280308208676835	0.1231381492831515	0.3950325357559503	0.04425691994224346	0.05509596161609328	0.04239375336643991	0.44948974278317805	0.09429416546531322	0.5	0.049669586479349034
pt	0.2642173211532418	0.40453726661826384	0.10155036541157784	0.5	0.05093829595225755	0.04176778013905349	0.1842574582922436	0.05059587030828853	0.026906558148030956	0.03254213930768311	0.03631655924932207	0.1424339656566283	0.048286295512940745	0.04583471469148134	0.036525138576473666	0.05565434218120891	0.06245822303261047	0.19636040545626823	0.13233634743755673	0.09662624964793434	0.10326828129559684	0.04361419690111334	0.047198709654857944	1.0	0.05293873218928799	0.037797308657841464	0.13143927813749226	0.5	0.04450581885313979	0.05183977580063026	0.046180889179448764	0.44948974278317805	0.11183865351283878	0.3726822671238253	0.0376107949536991
ro	0.23938850035923903	0.3483314773547883	0.11255249855337317	0.3660254037844386	0.05914309336977326	0.049685854134548804	0.12422633866131062	0.039790603848798484	0.07088729847869443	0.05845328201998587	0.05823211705979526	0.14593533700330263	0.0575456100544414	0.06739338067979983	0.05928565110152317	0.07725231382460145	0.09017133483210217	0.1900332398552315	0.12299165058509107	0.11800423618641406	0.11382173147060154	0.07192827339235866	0.05624076341533737	0.05293873218928799	1.0	0.04905556189768449	0.17001194913688775	0.5	0.057174752579444266	0.056643097130044236	0.0684329994939019	0.353889367864523	0.10036998864873944	0.3483314773547883	0.04766590478043055
ru	0.2474401533514073	0.3380788308512194	0.09882450069953469	0.5	0.04235422268491138	0.037192950507378926	0.13507810593582123	0.04971284099639764	0.023337569010472816	0.030179267739490548	0.0373612443462099	0.1296836027399214	0.03958975527357569	0.03941343797690739	0.026976967725533634	0.03146688374131088	0.03953859834051182	0.179128784747792	0.12468331340066348	0.07019279513263274	0.06530225407576286	0.046729304760118426	0.03280308208676835	0.037797308657841464	0.04905556189768449	1.0	0.16265941452915686	0.28989794855663564	0.03897842300447382	0.05164776606975695	0.028917224118894615	0.2674788903885893	0.08402106393157596	0.4142135623730951	0.03436161164680884
sh	0.3266316347104093	0.5	0.14727324143158538	0.5	0.1423580668477532	0.12988295169206257	0.36602540378443865	0.0812287365548362	0.21239994067041815	0.15267593412755867	0.07465074540495026	0.3090169943749474	0.07567982840241334	0.17191567329152066	0.1687684647602429	0.20797766346552385	0.15894454156034005	0.2674788903885893	0.16855212267069633	0.2108696555657638	0.13607222485791315	0.17384675566615063	0.1231381492831515	0.13143927813749226	0.17001194913688775	0.16265941452915686	1.0	0.44948974278317805	0.07370561319801579	0.07095672090035174	0.14623557658904304	1.0	0.20252082886140266	0.5	0.0859540461498547
si	1.0	1.0	0.585786437626905	1.0	0.4142135623730951	0.3266316347104093	1.0	0.2612038749637414	0.5	0.35388936786452296	0.4142135623730951	0.585786437626905	0.26952570232358897	0.5	0.3726822671238253	0.4142135623730951	0.3483314773547883	1.0	1.0	0.4364916731037085	0.36602540378443865	0.585786437626905	0.3950325357559503	0.5	0.5	0.28989794855663564	0.44948974278317805	1.0	0.19117391480835716	0.4364916731037085	0.3288130902060995	1.0	0.585786437626905	1.0	0.16666666666666666
simple	0.2449655295864104	0.168026337327542	0.16343653337724195	0.30282074146376114	0.07353822522185854	0.05266190384388764	0.06864907864666904	0.05700906409340436	0.0360292742570252	0.03737144897163888	0.08732045817605749	0.07164651032780886	0.09105673811122982	0.05481097618235371	0.04256969014090063	0.039024396284171696	0.04361297082992284	0.08930725903983634	0.10494184360775871	0.116703457894486	0.11782300385269309	0.04408428599527149	0.04425691994224346	0.04450581885313979	0.057174752579444266	0.03897842300447382	0.07370561319801579	0.19117391480835716	1.0	0.1284517573715901	0.04138463692428576	0.16314470035776854	0.052800380399366686	0.24693857065004593	0.10102859702558738
sr	0.23166247903554	0.2857142857142857	0.15202585261347873	0.28133685361327354	0.0750000768628149	0.06607746904972871	0.06572152689010761	0.05672760425800253	0.05076009082802346	0.05302189663269578	0.08565596982985911	0.0888765104560593	0.13662929971643903	0.06487785451103194	0.05100190308419521	0.05540835907060116	0.062425559385246056	0.09175201805116781	0.1025802593200163	0.12985003421193128	0.15864324234881705	0.053090940447191474	0.05509596161609328	0.05183977580063026	0.056643097130044236	0.05164776606975695	0.07095672090035174	0.4364916731037085	0.1284517573715901	1.0	0.05995774027611651	0.27792629762666365	0.06471703464743266	0.25205306402038624	0.12231004739854474
sv	0.30383243470068705	0.28989794855663564	0.09463463175141454	0.44948974278317805	0.04080118682656278	0.036305307936955106	0.18030816435569247	0.036748907983050194	0.03488280928103721	0.040210174267611254	0.04867211577996329	0.13178843422918177	0.04560331208244692	0.05358122855419625	0.02751436029144622	0.04677373543998913	0.0500011536121282	0.1856154626682773	0.12920155423213536	0.09237559620366112	0.08133828451342716	0.04967409628284418	0.04239375336643991	0.046180889179448764	0.0684329994939019	0.028917224118894615	0.14623557658904304	0.3288130902060995	0.04138463692428576	0.05995774027611651	1.0	0.31451985913875646	0.10590619362663344	0.5	0.033222922256739236
te	1.0	1.0	0.585786437626905	0.585786437626905	0.40453726661826384	0.35388936786452296	0.3726822671238253	0.12557186383315794	0.32037724101704074	0.2766608599139743	0.2685749256719011	0.16680123572378672	0.39564392373896007	0.28172904669025317	0.31604160750540605	0.2632403810669918	0.3597752501562547	1.0	1.0	0.14100081852247978	0.09354644656673004	0.585786437626905	0.44948974278317805	0.44948974278317805	0.353889367864523	0.2674788903885893	1.0	1.0	0.16314470035776854	0.27792629762666365	0.31451985913875646	1.0	0.40453726661826384	1.0	0.18030679077827255
vi	0.2410176379007698	0.4142135623730951	0.11834554519037926	0.4142135623730951	0.0644659595503069	0.061887894508049344	0.2222222222222222	0.03784926887496721	0.09876951641722843	0.0858775031156167	0.05002035937799306	0.23371479611805132	0.0629345542185773	0.0657653765234907	0.09037127836841588	0.09021849399797721	0.09231677276207452	0.23166247903554	0.1335943899078999	0.13984291481670527	0.12807806483802098	0.11008796498645346	0.09429416546531322	0.11183865351283878	0.10036998864873944	0.08402106393157596	0.20252082886140266	0.585786437626905	0.052800380399366686	0.06471703464743266	0.10590619362663344	0.40453726661826384	1.0	0.585786437626905	0.03923918396790754
war	0.27429188517743175	1.0	0.38742588672279304	1.0	0.5	0.2708131845707603	0.585786437626905	0.2674788903885893	0.4142135623730951	0.4142135623730951	0.25824569976124334	0.585786437626905	0.24693857065004593	0.4142135623730951	0.3726822671238253	0.5	0.5	0.44948974278317805	0.3483314773547883	0.3333333333333333	0.3333333333333333	0.5	0.5	0.3726822671238253	0.3483314773547883	0.4142135623730951	0.5	1.0	0.24693857065004593	0.25205306402038624	0.5	1.0	0.585786437626905	1.0	0.2928060946961875
zh	0.23775235293601998	0.22966848451216434	0.1353614943595273	0.3333333333333333	0.07489719203166557	0.04795542743401334	0.062018193571231596	0.07176655769240643	0.024468702957743213	0.03765360328770012	0.08192982674927535	0.062233566604713804	0.09191903854856054	0.05660399035496928	0.028813180281178283	0.027905073359130537	0.036734675755967096	0.11220864027392359	0.11529054087776654	0.14071022991386678	0.1253360903395163	0.03389364229936497	0.049669586479349034	0.0376107949536991	0.04766590478043055	0.03436161164680884	0.0859540461498547	0.16666666666666666	0.10102859702558738	0.12231004739854474	0.033222922256739236	0.18030679077827255	0.03923918396790754	0.2928060946961875	1.0
