arz	bs	ceb	ckb	da	de	el	en	es	fr	he	hi	hu	id	it	ja	ko	lv	mk	ml	mr	nl	pl	pt	ro	ru	sh	si	simple	sr	sv	te	vi	war	zh
arz	1.0	1.0	0.8216064286890065	1.0	0.6419052539167731	0.37362280260615466	0.547152107869302	0.41398376994733055	0.5160066622086582	0.5889107799159534	0.5676121489844206	0.7690990303325336	0.4832026881053235	0.5594421233634586	0.6541098222748314	0.40338234392750566	0.5113344467920987	1.0	0.3545938735414588	0.6879293076315746	0.8144477464340849	0.5305865554392483	0.547152107869302	0.47833813339844733	0.373152037888785	0.33454847722546993	0.5980125703117547	1.0	0.3548626111336626	0.3384949993870272	0.5151129078311064	1.0	0.2957116583623645	0.6235922620975046	0.48608747907240696
bs	1.0	1.0	0.5245242297082088	1.0	0.5576996601469466	0.3592906520039703	0.7376607345031153	0.49927430843817755	0.6123923173044795	0.5936094640721441	0.4614404899985879	0.7411828468492556	0.4266137511919008	0.5895532919960987	0.6239725949460845	1.0	0.5710354615372806	0.7411828468492555	1.0	0.5946631720202227	0.3951477667854387	0.7411828468492555	0.40016764237936225	0.4185185540533686	0.32176194814794284	0.5713827309531629	0.6546343046528068	1.0	0.443988878138949	0.3101223137862191	0.5088382320266983	1.0	0.3387806973159052	1.0	0.5073377193104632
ceb	0.8216064286890065	0.5245242297082088	1.0	0.8016071312619631	0.46921950144977803	0.526079005733823	0.5932365278966139	0.3984174629654732	0.5181091290962218	0.3765032620413079	0.4926850931420378	0.708190887541733	0.3420109760030206	0.5304508418007633	0.5136694641278923	0.6152843752749598	0.5769696847127617	0.647167744253212	0.6516403335532426	0.6976234683356108	0.4087735713387927	0.3782559288659338	0.5079529982485202	0.5241900084809036	0.32279807438889635	0.4257523240615334	0.6262332212195368	0.8216064286890065	0.30094459928413675	0.5329617908448278	0.5645572453875382	0.8216064286890065	0.4080970420433296	0.731495491211843	0.43067331682405896
ckb	1.0	1.0	0.8016071312619631	1.0	0.4877295215606324	0.3598188880514792	0.7584325078215765	0.5417564517103569	0.7106922308883378	0.6212845645194139	0.6105035309445898	0.7106922308883378	0.6443747484490869	0.6301948592026482	0.6523561979971341	0.7106922308883378	0.5945273383028995	0.7106922308883378	0.670237182162907	0.7175267847255112	0.5814584529474378	0.7397768966042049	0.7106922308883378	0.7106922308883378	0.6047079247719457	0.7106922308883378	0.6684560499369148	1.0	0.6052055912913713	0.4118118032884718	0.6274970335162812	0.7690990303325336	0.4149925615209556	1.0	0.6316153820606193
da	0.6419052539167731	0.5576996601469466	0.46921950144977803	0.4877295215606324	1.0	0.285572077827977	0.37996718581366007	0.2350477997610283	0.2885007026439322	0.23255703146556914	0.23490072766417616	0.32419539950552273	0.3202824313409754	0.23196215447613008	0.30627768772346226	0.27966008510909957	0.26903203067585063	0.3780984840658938	0.2606650391524744	0.3765591633982534	0.4635109063954989	0.29431660601820303	0.25232909099528555	0.2403474847032709	0.2292833430367536	0.1842282751021186	0.30546871954419763	0.5885628296732247	0.27923345355090506	0.2832062442052376	0.2560747097668627	0.4507391677606657	0.32331838837402377	0.6590675637199679	0.23187986672226285
de	0.37362280260615466	0.3592906520039703	0.526079005733823	0.3598188880514792	0.285572077827977	1.0	0.2590086150911191	0.21516327765225413	0.21875353295489422	0.16862272889419028	0.23722784323773274	0.2149082843887785	0.2564760323344036	0.20214509568305333	0.21406038341856584	0.2456993625778179	0.2550650302156257	0.24303394730613015	0.22557718445571587	0.3206328821124198	0.2671278898825318	0.23959886480604647	0.21523598248760045	0.20033136251169542	0.19375728295216235	0.20767360325362288	0.25678670650473484	0.5121399716599344	0.31149041729703875	0.2422459006479783	0.1977988035247618	0.38785170512304523	0.25542732256862394	0.3407170154182851	0.22889376211526888
el	0.547152107869302	0.7376607345031153	0.5932365278966139	0.7584325078215765	0.37996718581366007	0.2590086150911191	1.0	0.2954428764051601	0.3395015698336611	0.27927136693474186	0.40209212909637243	0.42909043938428093	0.3328532235916811	0.3509381260540122	0.3642227595323833	0.2746619765510003	0.42469358201778123	0.499970897423074	0.32141923880105455	0.39776999555760284	0.39829980958854694	0.27285330399683233	0.3193781147499752	0.3321685434576103	0.25390559052050915	0.36248418980967434	0.5497489806964266	1.0	0.3269626244576864	0.3290613535566867	0.2535466149568584	0.5515891761519046	0.40384651759042917	0.7411828468492556	0.2992320860076691
en	0.41398376994733055	0.49927430843817755	0.3984174629654732	0.5417564517103569	0.2350477997610283	0.21516327765225413	0.2954428764051601	1.0	0.19626863155297614	0.16973676052338235	0.26741387542887834	0.26503765009477853	0.23366727245576077	0.18583567558061	0.1808308780137567	0.20396480053273247	0.19563332348139212	0.3946324761817733	0.2446121335840471	0.3772770487457176	0.3423198733696824	0.20749771851901277	0.20856828840641023	0.17449938629796619	0.17977284055130474	0.1648948856952021	0.26350905624482535	0.4764830294358493	0.26589329932542294	0.23629288052274508	0.17633535309950357	0.32723103088872235	0.24327233598328535	0.34667632593799586	0.22543443223868237
es	0.5160066622086582	0.6123923173044795	0.5181091290962218	0.7106922308883378	0.2885007026439322	0.21875353295489422	0.3395015698336611	0.19626863155297614	1.0	0.1780298236081754	0.2754083365740497	0.35849637901318243	0.26695257310738146	0.22282625303801537	0.22849782482821035	0.2578270530208554	0.2337201148766324	0.4000856240958868	0.2731442722382839	0.3693006844039595	0.45167085750783587	0.23229108019230543	0.21156441741894644	0.18331209809456786	0.20731320473455014	0.20184056057503513	0.2968574923305815	0.6538836485984504	0.30979778745218106	0.2899927903122032	0.2085615067592755	0.48762606870495984	0.3086877341831781	0.5996097116407711	0.24579132504021145
fr	0.5889107799159534	0.5936094640721441	0.3765032620413079	0.6212845645194139	0.23255703146556914	0.16862272889419028	0.27927136693474186	0.16973676052338235	0.1780298236081754	1.0	0.1899368286365663	0.2499763333984022	0.21409858873419743	0.17453763464696792	0.22013315997381067	0.19091847555625813	0.1850404949119184	0.2705323274146112	0.20650902099206248	0.34608534603147073	0.2961245913593976	0.20200319611688705	0.18186124292322223	0.16610829786967526	0.17766877894989988	0.16918964293708044	0.22516016369695285	0.526591417451892	0.22318444765810122	0.21056893216148034	0.17645717390509666	0.5110194504732704	0.18433855560714174	0.3862009778397661	0.21706891159754457
he	0.5676121489844206	0.4614404899985879	0.4926850931420378	0.6105035309445898	0.23490072766417616	0.23722784323773274	0.40209212909637243	0.26741387542887834	0.2754083365740497	0.1899368286365663	1.0	0.3433261434955795	0.25648140817183085	0.24179397209748177	0.3114919099054129	0.23433711239456237	0.2603887470561222	0.32427046218606653	0.24043675740097983	0.3881047929353893	0.36343253213574234	0.23103073087014747	0.2780447056618689	0.1889667313796962	0.20109216539894512	0.24941299189984392	0.2886829395591872	0.6226968289068331	0.2674942825627574	0.25260266674953186	0.2432634963170001	0.4104395698884321	0.31407024366176445	0.47570392103328013	0.21787307006660311
hi	0.7690990303325336	0.7411828468492556	0.708190887541733	0.7106922308883378	0.32419539950552273	0.2149082843887785	0.42909043938428093	0.26503765009477853	0.35849637901318243	0.2499763333984022	0.3433261434955795	1.0	0.27813563004669595	0.3214693404314713	0.39680661180146104	0.3821195962041784	0.41061914034055236	0.47078835330438074	0.42599576666839806	0.3905242173589942	0.3720393491331078	0.3604130259115312	0.38849829650337164	0.3215579192132557	0.2933117860884435	0.35110389886379956	0.3454138996731494	0.7455134344225701	0.32088183564647776	0.3160196799247334	0.3502875777816583	0.3559849199476827	0.3367718087335883	0.7510341748895938	0.24616882826216613
hu	0.4832026881053235	0.4266137511919008	0.3420109760030206	0.6443747484490869	0.3202824313409754	0.2564760323344036	0.3328532235916811	0.23366727245576077	0.26695257310738146	0.21409858873419743	0.25648140817183085	0.27813563004669595	1.0	0.2782264112972829	0.2804396304996636	0.2318255596326072	0.26817634458333284	0.330889787921224	0.23851882811201028	0.40551066423476434	0.3579514470256523	0.24245448507958456	0.26975093625442303	0.2164747183219264	0.20283546189943533	0.2321533538102857	0.2722244124426986	0.5734010174592732	0.2424706918542257	0.2499834675668886	0.2539095255603184	0.7339023149005872	0.21845225492656523	0.510179889267053	0.23693192446600722
id	0.5594421233634586	0.5895532919960987	0.5304508418007633	0.6301948592026482	0.23196215447613008	0.20214509568305333	0.3509381260540122	0.18583567558061	0.22282625303801537	0.17453763464696792	0.24179397209748177	0.3214693404314713	0.2782264112972829	1.0	0.23238254507363873	0.18992181372035818	0.20786368422607873	0.3440542137627695	0.2521602402272043	0.3971379160035193	0.3974846697185241	0.25432434784768276	0.2354034164013865	0.21810179474782074	0.20273788840126084	0.16141790626048205	0.2643354598910904	0.6994017365373274	0.22617139070026207	0.27367064977499783	0.22634124292555538	0.37978344499931616	0.2368403014883306	0.5696327981433792	0.2180648733320169
it	0.6541098222748314	0.6239725949460845	0.5136694641278923	0.6523561979971341	0.30627768772346226	0.21406038341856584	0.3642227595323833	0.1808308780137567	0.22849782482821035	0.22013315997381067	0.3114919099054129	0.39680661180146104	0.2804396304996636	0.23238254507363873	1.0	0.22185588727755298	0.20822553229869495	0.40398862419340925	0.2724355021634748	0.37536024907497717	0.4344552095436368	0.23693749270906744	0.22726649518003175	0.19355121101813122	0.19940143866684282	0.19818811634790687	0.2878192348247177	0.5244354958060232	0.31520769999836773	0.3129406331996066	0.1811783116991518	0.6441940986396075	0.2607497285019505	0.5676798562313621	0.2123052737495236
ja	0.40338234392750566	1.0	0.6152843752749598	0.7106922308883378	0.27966008510909957	0.2456993625778179	0.2746619765510003	0.20396480053273247	0.2578270530208554	0.19091847555625813	0.23433711239456237	0.3821195962041784	0.2318255596326072	0.18992181372035818	0.22185588727755298	1.0	0.21348032227802877	0.41161588937982874	0.2792103001594128	0.34862468553435894	0.4126565110286835	0.24689234804169985	0.24644341891768182	0.19768781733129723	0.21298151212846342	0.19338584204652204	0.2954599659100902	0.563897814405725	0.2943330170997348	0.25784330883074214	0.22195892640538023	0.48978823537241467	0.23420011534974203	0.406678372199885	0.21804872725342359
ko	0.5113344467920987	0.5710354615372806	0.5769696847127617	0.5945273383028995	0.26903203067585063	0.2550650302156257	0.42469358201778123	0.19563332348139212	0.2337201148766324	0.1850404949119184	0.2603887470561222	0.41061914034055236	0.26817634458333284	0.20786368422607873	0.20822553229869495	0.21348032227802877	1.0	0.4093276528963619	0.26682619533114893	0.46133274311171385	0.4234440194796614	0.23654335268825613	0.20499619876476594	0.2555964778947946	0.2639575826862812	0.1825465645480982	0.2733973385193726	0.5652344894912853	0.30297732553666884	0.29440745181388983	0.19971624410059013	0.5118610008660612	0.2797862153752211	0.6575660918451188	0.20260535270358979
lv	1.0	0.7411828468492555	0.647167744253212	0.7106922308883378	0.3780984840658938	0.24303394730613015	0.499970897423074	0.3946324761817733	0.4000856240958868	0.2705323274146112	0.32427046218606653	0.47078835330438074	0.330889787921224	0.3440542137627695	0.40398862419340925	0.41161588937982874	0.4093276528963619	1.0	0.4332623096134084	0.4252232038738015	0.49497211085300025	0.3546869650029715	0.28218352800162877	0.3642789533175641	0.26870469599502167	0.249026360442464	0.3994431061057595	1.0	0.4146561981434308	0.34129930381564827	0.3005644455045526	1.0	0.28222455024395815	0.5921567071625392	0.2303319649379681
mk	0.3545938735414588	1.0	0.6516403335532426	0.670237182162907	0.2606650391524744	0.22557718445571587	0.32141923880105455	0.2446121335840471	0.2731442722382839	0.20650902099206248	0.24043675740097983	0.42599576666839806	0.23851882811201028	0.2521602402272043	0.2724355021634748	0.2792103001594128	0.26682619533114893	0.4332623096134084	1.0	0.33445719083311	0.47940366948138907	0.27723590449510926	0.24411361235918733	0.2929226947732702	0.24437337522948338	0.24342591814197898	0.29616789525137677	1.0	0.2770942450026395	0.2732178220553951	0.30717168909445425	1.0	0.25858739300552086	0.3463729423010151	0.22668157540343184
ml	0.6879293076315746	0.5946631720202227	0.6976234683356108	0.7175267847255112	0.3765591633982534	0.3206328821124198	0.39776999555760284	0.3772770487457176	0.3693006844039595	0.34608534603147073	0.3881047929353893	0.3905242173589942	0.40551066423476434	0.3971379160035193	0.37536024907497717	0.34862468553435894	0.46133274311171385	0.4252232038738015	0.33445719083311	1.0	0.38231405333484486	0.43880312738692134	0.4033889554827897	0.21167702909486102	0.4638858516360686	0.3164819777393199	0.4037477259287917	0.6704675947063355	0.24976779188320036	0.21273465952615436	0.30960031079345873	0.4154477396825323	0.34445947159217966	0.621894679145577	0.31393993847709645
mr	0.8144477464340849	0.3951477667854387	0.4087735713387927	0.5814584529474378	0.4635109063954989	0.2671278898825318	0.39829980958854694	0.3423198733696824	0.45167085750783587	0.2961245913593976	0.36343253213574234	0.3720393491331078	0.3579514470256523	0.3974846697185241	0.4344552095436368	0.4126565110286835	0.4234440194796614	0.49497211085300025	0.47940366948138907	0.38231405333484486	1.0	0.42115216745897655	0.4523340360926679	0.294839212402841	0.37961735292685866	0.32724951109261724	0.35101532407706076	0.4021786637838202	0.3375644975125939	0.4271294029698326	0.4119816852845816	0.4245855891997998	0.40451259663254197	0.7263088287689744	0.2780122953164539
nl	0.5305865554392483	0.7411828468492555	0.3782559288659338	0.7397768966042049	0.29431660601820303	0.23959886480604647	0.27285330399683233	0.20749771851901277	0.23229108019230543	0.20200319611688705	0.23103073087014747	0.3604130259115312	0.24245448507958456	0.25432434784768276	0.23693749270906744	0.24689234804169985	0.23654335268825613	0.3546869650029715	0.27723590449510926	0.43880312738692134	0.42115216745897655	1.0	0.2264290255678111	0.15929285373516136	0.1825007364570907	0.22463535187472092	0.254053469899791	0.7411828468492555	0.30714341237789744	0.2075010408541043	0.15151418445859396	0.7455134344225701	0.2644543100281681	0.6546343046528069	0.2311422227765228
pl	0.547152107869302	0.40016764237936225	0.5079529982485202	0.7106922308883378	0.25232909099528555	0.21523598248760045	0.3193781147499752	0.20856828840641023	0.21156441741894644	0.18186124292322223	0.2780447056618689	0.38849829650337164	0.26975093625442303	0.2354034164013865	0.22726649518003175	0.24644341891768182	0.20499619876476594	0.28218352800162877	0.24411361235918733	0.4033889554827897	0.4523340360926679	0.2264290255678111	1.0	0.22686370554294996	0.18083754306737412	0.16906422077514877	0.23318363290258873	0.6394076885758435	0.2629094299562993	0.26244171006972317	0.18715059434635103	0.7249168679245883	0.2231262780567733	0.6562661056221565	0.19497252497817794
pt	0.47833813339844733	0.4185185540533686	0.5241900084809036	0.7106922308883378	0.2403474847032709	0.20033136251169542	0.3321685434576103	0.17449938629796619	0.18331209809456786	0.16610829786967526	0.1889667313796962	0.3215579192132557	0.2164747183219264	0.21810179474782074	0.19355121101813122	0.19768781733129723	0.2555964778947946	0.3642789533175641	0.2929226947732702	0.21167702909486102	0.294839212402841	0.15929285373516136	0.22686370554294996	1.0	0.18778362389525496	0.16200074505195236	0.2774821192749757	0.42534549395239046	0.17274158767838435	0.28496872782539007	0.17658491013603925	0.4096423000047967	0.2878937547471214	0.40348049600950464	0.1845616971915881
ro	0.373152037888785	0.32176194814794284	0.32279807438889635	0.6047079247719457	0.2292833430367536	0.19375728295216235	0.25390559052050915	0.17977284055130474	0.20731320473455014	0.17766877894989988	0.20109216539894512	0.2933117860884435	0.20283546189943533	0.20273788840126084	0.19940143866684282	0.21298151212846342	0.2639575826862812	0.26870469599502167	0.24437337522948338	0.4638858516360686	0.37961735292685866	0.1825007364570907	0.18083754306737412	0.18778362389525496	1.0	0.16958081826275004	0.2726725664916207	0.37601168758039577	0.21795950627832936	0.18920367534926508	0.17876503634839191	0.6122251482914709	0.2258105977506197	0.3625354906313087	0.1874655547196619
ru	0.33454847722546993	0.5713827309531629	0.4257523240615334	0.7106922308883378	0.1842282751021186	0.20767360325362288	0.36248418980967434	0.1648948856952021	0.20184056057503513	0.16918964293708044	0.24941299189984392	0.35110389886379956	0.2321533538102857	0.16141790626048205	0.19818811634790687	0.19338584204652204	0.1825465645480982	0.249026360442464	0.24342591814197898	0.3164819777393199	0.32724951109261724	0.22463535187472092	0.16906422077514877	0.16200074505195236	0.16958081826275004	1.0	0.2160072618119926	0.39863157389778986	0.243155991743435	0.2115086353671968	0.17037025260947203	0.4797772847249113	0.17227871017041604	0.3257232981338657	0.23532390088004698
sh	0.5980125703117547	0.6546343046528068	0.6262332212195368	0.6684560499369148	0.30546871954419763	0.25678670650473484	0.5497489806964266	0.26350905624482535	0.2968574923305815	0.22516016369695285	0.2886829395591872	0.3454138996731494	0.2722244124426986	0.2643354598910904	0.2878192348247177	0.2954599659100902	0.2733973385193726	0.3994431061057595	0.29616789525137677	0.4037477259287917	0.35101532407706076	0.254053469899791	0.23318363290258873	0.2774821192749757	0.2726725664916207	0.2160072618119926	1.0	0.4004177962735557	0.4296492529373991	0.28336690447038737	0.24517622638135264	1.0	0.2490606513132254	0.6590675637199679	0.20405215824208056
si	1.0	1.0	0.8216064286890065	1.0	0.5885628296732247	0.5121399716599344	1.0	0.4764830294358493	0.6538836485984504	0.526591417451892	0.6226968289068331	0.7455134344225701	0.5734010174592732	0.6994017365373274	0.5244354958060232	0.563897814405725	0.5652344894912853	1.0	1.0	0.6704675947063355	0.4021786637838202	0.7411828468492555	0.6394076885758435	0.42534549395239046	0.37601168758039577	0.39863157389778986	0.4004177962735557	1.0	0.5288850679515191	0.4489371051714782	0.5134815355541489	1.0	0.7510341748895939	1.0	0.3653061405535725
simple	0.3548626111336626	0.443988878138949	0.30094459928413675	0.6052055912913713	0.27923345355090506	0.31149041729703875	0.3269626244576864	0.26589329932542294	0.30979778745218106	0.22318444765810122	0.2674942825627574	0.32088183564647776	0.2424706918542257	0.22617139070026207	0.31520769999836773	0.2943330170997348	0.30297732553666884	0.4146561981434308	0.2770942450026395	0.24976779188320036	0.3375644975125939	0.30714341237789744	0.2629094299562993	0.17274158767838435	0.21795950627832936	0.243155991743435	0.4296492529373991	0.5288850679515191	1.0	0.3230057685845104	0.26097361893241516	0.49825335301817275	0.3011916710975482	0.5360843428677452	0.2885891854374667
sr	0.3384949993870272	0.3101223137862191	0.5329617908448278	0.4118118032884718	0.2832062442052376	0.2422459006479783	0.3290613535566867	0.23629288052274508	0.2899927903122032	0.21056893216148034	0.25260266674953186	0.3160196799247334	0.2499834675668886	0.27367064977499783	0.3129406331996066	0.25784330883074214	0.29440745181388983	0.34129930381564827	0.2732178220553951	0.21273465952615436	0.4271294029698326	0.2075010408541043	0.26244171006972317	0.28496872782539007	0.18920367534926508	0.2115086353671968	0.28336690447038737	0.4489371051714782	0.3230057685845104	1.0	0.26777813073789175	0.30789094817526474	0.23413382305439948	0.4360057101607845	0.2870484439540524
sv	0.5151129078311064	0.5088382320266983	0.5645572453875382	0.6274970335162812	0.2560747097668627	0.1977988035247618	0.2535466149568584	0.17633535309950357	0.2085615067592755	0.17645717390509666	0.2432634963170001	0.3502875777816583	0.2539095255603184	0.22634124292555538	0.1811783116991518	0.22195892640538023	0.19971624410059013	0.3005644455045526	0.30717168909445425	0.30960031079345873	0.4119816852845816	0.15151418445859396	0.18715059434635103	0.17658491013603925	0.17876503634839191	0.17037025260947203	0.24517622638135264	0.5134815355541489	0.26097361893241516	0.26777813073789175	1.0	0.45168035153469627	0.23290580758925647	0.6590675637199679	0.24468084260396256
te	1.0	1.0	0.8216064286890065	0.7690990303325336	0.4507391677606657	0.38785170512304523	0.5515891761519046	0.32723103088872235	0.48762606870495984	0.5110194504732704	0.4104395698884321	0.3559849199476827	0.7339023149005872	0.37978344499931616	0.6441940986396075	0.48978823537241467	0.5118610008660612	1.0	1.0	0.4154477396825323	0.4245855891997998	0.7455134344225701	0.7249168679245883	0.4096423000047967	0.6122251482914709	0.4797772847249113	1.0	1.0	0.49825335301817275	0.30789094817526474	0.45168035153469627	1.0	0.3883140011697961	1.0	0.37699402746697663
vi	0.2957116583623645	0.3387806973159052	0.4080970420433296	0.4149925615209556	0.32331838837402377	0.25542732256862394	0.40384651759042917	0.24327233598328535	0.3086877341831781	0.18433855560714174	0.31407024366176445	0.3367718087335883	0.21845225492656523	0.2368403014883306	0.2607497285019505	0.23420011534974203	0.2797862153752211	0.28222455024395815	0.25858739300552086	0.34445947159217966	0.40451259663254197	0.2644543100281681	0.2231262780567733	0.2878937547471214	0.2258105977506197	0.17227871017041604	0.2490606513132254	0.7510341748895939	0.3011916710975482	0.23413382305439948	0.23290580758925647	0.3883140011697961	1.0	0.404318940363031	0.2570157427611781
war	0.6235922620975046	1.0	0.731495491211843	1.0	0.6590675637199679	0.3407170154182851	0.7411828468492556	0.34667632593799586	0.5996097116407711	0.3862009778397661	0.47570392103328013	0.7510341748895938	0.510179889267053	0.5696327981433792	0.5676798562313621	0.406678372199885	0.6575660918451188	0.5921567071625392	0.3463729423010151	0.621894679145577	0.7263088287689744	0.6546343046528069	0.6562661056221565	0.40348049600950464	0.3625354906313087	0.3257232981338657	0.6590675637199679	1.0	0.5360843428677452	0.4360057101607845	0.6590675637199679	1.0	0.404318940363031	1.0	0.5123716062841905
zh	0.48608747907240696	0.5073377193104632	0.43067331682405896	0.6316153820606193	0.23187986672226285	0.22889376211526888	0.2992320860076691	0.22543443223868237	0.24579132504021145	0.21706891159754457	0.21787307006660311	0.24616882826216613	0.23693192446600722	0.2180648733320169	0.2123052737495236	0.21804872725342359	0.20260535270358979	0.2303319649379681	0.22668157540343184	0.31393993847709645	0.2780122953164539	0.2311422227765228	0.19497252497817794	0.1845616971915881	0.1874655547196619	0.23532390088004698	0.20405215824208056	0.3653061405535725	0.2885891854374667	0.2870484439540524	0.24468084260396256	0.37699402746697663	0.2570157427611781	0.5123716062841905	1.0
