arz	bs	ceb	ckb	da	de	el	en	es	fr	he	hi	hu	id	it	ja	ko	lv	mk	ml	mr	nl	pl	pt	ro	ru	sh	si	simple	sr	sv	te	vi	war	zh
arz	1.0	0.6286737270540139	0.0	1.0	0.6375133742516033	0.5643198815449838	1.0	0.5244064416239907	0.718925811717485	0.718925811717485	1.0	1.0	1.0	0.5957374634936713	0.4811524187919069	1.0	1.0	1.0	1.0	1.0	1.0	0.5300509017025927	0.7210092110599264	1.0	1.0	1.0	0.6568318202362041	1.0	1.0	1.0	0.6568318202362041	1.0	1.0	1.0	1.0
bs	0.6286737270540139	1.0	0.0	0.7411828468492556	0.244449693157543	0.25633380439295417	0.32658025611348823	0.2309756179220182	0.25260671048765376	0.2454077654980026	0.280020654306042	0.4516016192960954	0.40487421614645663	0.24461383613516025	0.2183188663766428	0.33982477283035484	0.34678206587612737	0.4550989479984256	0.39506154316112885	0.5649879395951222	0.585120930900478	0.2705960714001688	0.34761298937142804	0.2376351799284384	0.3313939714599752	0.2573716976101381	0.23645523919852182	0.7455134344225701	0.4402377880042522	0.26661375997409764	0.327214467871954	1.0	0.3480780348373575	0.5973329889831545	0.32164653552252165
ceb	0.0	0.0	1.0	0.0	1.0	1.0	1.0	0.8216064286890065	1.0	1.0	1.0	1.0	1.0	1.0	1.0	1.0	1.0	1.0	1.0	0.0	1.0	1.0	1.0	1.0	1.0	1.0	1.0	0.0	1.0	1.0	1.0	0.0	1.0	0.0	1.0
ckb	1.0	0.7411828468492556	0.0	1.0	0.7376607345031153	1.0	1.0	0.6786291688147437	1.0	0.7347168825662656	1.0	1.0	1.0	0.7347168825662657	1.0	1.0	1.0	1.0	1.0	1.0	1.0	1.0	0.7376607345031153	0.7347168825662656	1.0	1.0	1.0	1.0	1.0	1.0	1.0	1.0	1.0	1.0	1.0
da	0.6375133742516033	0.244449693157543	1.0	0.7376607345031153	1.0	0.12459083656789917	0.16007262604819442	0.10201036299444796	0.12251278864238681	0.10739243969404792	0.14873798271511698	0.18578760381880668	0.1545974348243235	0.12937314143974493	0.11148094104017342	0.14410229419738657	0.14335642440297366	0.21289927601292918	0.2748982800807816	0.21562166776427924	0.1960483885466433	0.11067836308345293	0.13350614203388514	0.12011633208775359	0.15968432354548173	0.13981624579368176	0.12596195030001492	0.394938935853802	0.1483427286687788	0.13680506212746524	0.11597996621058862	0.6994017365373274	0.1462154327504079	0.5198569181510033	0.14146735128129534
de	0.5643198815449838	0.25633380439295417	1.0	1.0	0.12459083656789917	1.0	0.2958393101535043	0.07577395415769389	0.08535132319270837	0.07689739630908501	0.1953590854265065	0.5089079423314093	0.2334473733383508	0.10394922424130965	0.08630502975542187	0.16607803143375532	0.17805987555186167	0.37227459613698266	0.4425050035781899	0.40364689281816746	0.5278817474211202	0.0937122117666438	0.09657086165539314	0.08589039537632703	0.23265784638816944	0.10500997293924176	0.11464333113576136	1.0	0.27252016747655233	0.15707508560210925	0.10494796497566926	1.0	0.20709116968757446	0.7248485669756152	0.1697493237388952
el	1.0	0.32658025611348823	1.0	1.0	0.16007262604819442	0.2958393101535043	1.0	0.13298132593465053	0.19819746272062563	0.1783077757752555	1.0	1.0	1.0	0.19816833662843766	0.1431598235695734	1.0	1.0	0.7026445955663438	1.0	1.0	1.0	0.13700548212241684	0.22127921721356447	0.16744330276614583	0.5722693275190253	1.0	0.20831900384359428	1.0	0.37448922980736876	0.5666812221822982	0.20633763978077416	1.0	1.0	1.0	1.0
en	0.5244064416239907	0.2309756179220182	0.8216064286890065	0.6786291688147437	0.10201036299444796	0.07577395415769389	0.13298132593465053	1.0	0.06791856672543287	0.062144570506116506	0.12304727484680379	0.2134364208310545	0.13512477828011749	0.07513752641134944	0.08557951662316737	0.11430706541917501	0.11827832310350206	0.1838719567073244	0.1656390843138393	0.2849955546999549	0.27002566726567734	0.08155291445939854	0.08013206988044629	0.06985360622184744	0.130798583826043	0.1069351589185102	0.08795405878797714	0.6568318202362042	0.1551215166765732	0.11054447126619543	0.08529666465121283	0.6870335990673101	0.1268578217574505	0.5607371342276144	0.1158563911835838
es	0.718925811717485	0.25260671048765376	1.0	1.0	0.12251278864238681	0.08535132319270837	0.19819746272062563	0.06791856672543287	1.0	0.06671437725447411	0.17249374681756416	0.3994113048501763	0.22201824930955544	0.08057372723290288	0.08507786954737227	0.1534050454972668	0.15620028955094473	0.34530901805626457	0.32121439890070663	0.4634432077367142	0.5503459172233769	0.08468351527205403	0.09795951798915836	0.07315631587451739	0.20645002645373747	0.08995227888020023	0.10258503856960292	1.0	0.24535136793715462	0.1303677596178138	0.09739095759036244	1.0	0.19316916556016014	0.7234532828151787	0.1487274304055341
fr	0.718925811717485	0.2454077654980026	1.0	0.7347168825662656	0.10739243969404792	0.07689739630908501	0.1783077757752555	0.062144570506116506	0.06671437725447411	1.0	0.10810121062706321	0.26496092018463263	0.1784729834490732	0.07531613156087355	0.07411359059908006	0.1028438913536142	0.10835275042199038	0.2668527618413732	0.26239447813831646	0.3940385543761544	0.4193254912953769	0.08359924425151154	0.07914183373093092	0.06793359155813793	0.14718399649940406	0.07458271623523165	0.08717830066422845	1.0	0.17845873309077684	0.10346833403672484	0.07946815530185486	0.7248485669756152	0.14723476087019327	0.7234532828151788	0.10821111464323373
he	1.0	0.280020654306042	1.0	1.0	0.14873798271511698	0.1953590854265065	1.0	0.12304727484680379	0.17249374681756416	0.10810121062706321	1.0	1.0	0.6949853100792208	0.17610225122236958	0.14209941806241902	1.0	1.0	0.6249738127342558	1.0	1.0	1.0	0.11978576377617392	0.1779405791906856	0.12522174384356347	0.4674031523958243	1.0	0.16981981385532383	1.0	0.33118017416466666	0.5644971333729548	0.16316822199076228	1.0	1.0	1.0	1.0
hi	1.0	0.4516016192960954	1.0	1.0	0.18578760381880668	0.5089079423314093	1.0	0.2134364208310545	0.3994113048501763	0.26496092018463263	1.0	1.0	1.0	0.3156803479592471	0.2003429951377635	1.0	1.0	0.7106212328351247	1.0	1.0	1.0	0.23760548786481628	0.4282029177928615	0.343656558383693	1.0	1.0	0.38990513266593974	1.0	0.4548311257530106	0.6290879827974325	0.31357876006659174	1.0	1.0	1.0	1.0
hu	1.0	0.40487421614645663	1.0	1.0	0.1545974348243235	0.2334473733383508	1.0	0.13512477828011749	0.22201824930955544	0.1784729834490732	0.6949853100792208	1.0	1.0	0.20417642623382723	0.15162015667772888	0.6170691224431427	0.6166318940963457	0.7026445955663438	1.0	0.7128329397683223	1.0	0.1390477360055438	0.25926282500672615	0.21234855378181033	0.6205729016881213	0.6131849866518172	0.24860672715773	1.0	0.3478096679072676	0.504271762454567	0.2353013118467552	1.0	0.6204114017707753	1.0	0.6165259110563215
id	0.5957374634936713	0.24461383613516025	1.0	0.7347168825662657	0.12937314143974493	0.10394922424130965	0.19816833662843766	0.07513752641134944	0.08057372723290288	0.07531613156087355	0.17610225122236958	0.3156803479592471	0.20417642623382723	1.0	0.08643438385466197	0.14904977156134905	0.13748337581721248	0.29717935390945005	0.30724234542471285	0.4362372859651187	0.534170033507634	0.0887774540783254	0.10215425160492116	0.08047305761908465	0.1887749108395834	0.09399189259139928	0.11226186496111158	0.7263875964832448	0.2603326072356801	0.12076628802858454	0.10616766776148485	1.0	0.16587005658704462	1.0	0.14340414051030542
it	0.4811524187919069	0.2183188663766428	1.0	1.0	0.11148094104017342	0.08630502975542187	0.1431598235695734	0.08557951662316737	0.08507786954737227	0.07411359059908006	0.14209941806241902	0.2003429951377635	0.15162015667772888	0.08643438385466197	1.0	0.12400022378623027	0.13398485818085687	0.20465714922757094	0.1845956426197045	0.21535782187554553	0.2585812410082267	0.08601463673873579	0.09231820999138812	0.0795416950701782	0.1473063938774718	0.12031131160869503	0.09417711823404702	0.7300208629885034	0.16118152537650268	0.1254901664662602	0.09342157328441109	0.6542929874894597	0.12517625762550738	0.4672655384079561	0.1340098348091923
ja	1.0	0.33982477283035484	1.0	1.0	0.14410229419738657	0.16607803143375532	1.0	0.11430706541917501	0.1534050454972668	0.1028438913536142	1.0	1.0	0.6170691224431427	0.14904977156134905	0.12400022378623027	1.0	1.0	0.6252238429982291	1.0	1.0	1.0	0.11322321625516965	0.15354553880209346	0.12074534426289503	0.4848311728059541	1.0	0.17572670764822637	1.0	0.2962811692254902	0.4248043760622222	0.13608507744218393	1.0	1.0	1.0	1.0
ko	1.0	0.34678206587612737	1.0	1.0	0.14335642440297366	0.17805987555186167	1.0	0.11827832310350206	0.15620028955094473	0.10835275042199038	1.0	1.0	0.6166318940963457	0.13748337581721248	0.13398485818085687	1.0	1.0	0.7006662075775384	1.0	1.0	1.0	0.12423500724703897	0.17444584879110797	0.11751468378452726	0.436629693149349	1.0	0.1766786549632928	1.0	0.2798975412808432	0.46034760054156343	0.1261198378141162	1.0	1.0	1.0	1.0
lv	1.0	0.4550989479984256	1.0	1.0	0.21289927601292918	0.37227459613698266	0.7026445955663438	0.1838719567073244	0.34530901805626457	0.2668527618413732	0.6249738127342558	0.7106212328351247	0.7026445955663438	0.29717935390945005	0.20465714922757094	0.6252238429982291	0.7006662075775384	1.0	0.7075325319701221	1.0	1.0	0.19037164500860917	0.3407256567871191	0.3378712116552537	0.7010721865942467	0.4837488366741372	0.3431839532770546	1.0	0.4807785506761931	0.6221790382457661	0.30618822475134727	1.0	0.7019395434758631	1.0	0.6242557295398939
mk	1.0	0.39506154316112885	1.0	1.0	0.2748982800807816	0.4425050035781899	1.0	0.1656390843138393	0.32121439890070663	0.26239447813831646	1.0	1.0	1.0	0.30724234542471285	0.1845956426197045	1.0	1.0	0.7075325319701221	1.0	1.0	1.0	0.17768366737766467	0.33811232366387817	0.22123834253724742	0.6260089247738757	1.0	0.20751729623447504	1.0	0.523213542491226	0.6197907398271953	0.3431092039337997	1.0	1.0	1.0	1.0
ml	1.0	0.5649879395951222	0.0	1.0	0.21562166776427924	0.40364689281816746	1.0	0.2849955546999549	0.4634432077367142	0.3940385543761544	1.0	1.0	0.7128329397683223	0.4362372859651187	0.21535782187554553	1.0	1.0	1.0	1.0	1.0	1.0	0.30167702996309764	0.4834707098163663	0.48997082483189647	0.709195387537678	1.0	0.46928166747512906	1.0	0.6406217872018795	1.0	0.34902478167310746	1.0	1.0	1.0	1.0
mr	1.0	0.585120930900478	1.0	1.0	0.1960483885466433	0.5278817474211202	1.0	0.27002566726567734	0.5503459172233769	0.4193254912953769	1.0	1.0	1.0	0.534170033507634	0.2585812410082267	1.0	1.0	1.0	1.0	1.0	1.0	0.2953528917142401	0.5932464233149595	0.51419464106938	1.0	1.0	0.4654454501133206	1.0	0.5205485211775197	0.7079259635809066	0.3454318669572622	1.0	1.0	1.0	1.0
nl	0.5300509017025927	0.2705960714001688	1.0	1.0	0.11067836308345293	0.0937122117666438	0.13700548212241684	0.08155291445939854	0.08468351527205403	0.08359924425151154	0.11978576377617392	0.23760548786481628	0.1390477360055438	0.0887774540783254	0.08601463673873579	0.11322321625516965	0.12423500724703897	0.19037164500860917	0.17768366737766467	0.30167702996309764	0.2953528917142401	1.0	0.0994626497704096	0.08564967646656262	0.12481420349454857	0.10600019635582746	0.09971053929450277	0.550750233522508	0.1800486468900415	0.10835664816104759	0.09907501612469323	0.4002893761203699	0.15041069082525732	0.6441837135044263	0.11595956039303913
pl	0.7210092110599264	0.34761298937142804	1.0	0.7376607345031153	0.13350614203388514	0.09657086165539314	0.22127921721356447	0.08013206988044629	0.09795951798915836	0.07914183373093092	0.1779405791906856	0.4282029177928615	0.25926282500672615	0.10215425160492116	0.09231820999138812	0.15354553880209346	0.17444584879110797	0.3407256567871191	0.33811232366387817	0.4834707098163663	0.5932464233149595	0.0994626497704096	1.0	0.09328767290307091	0.21695119309792116	0.11031146325452268	0.13314532014261163	1.0	0.2550135880933783	0.14702042074679986	0.10727791481106377	1.0	0.2570206618156764	1.0	0.15011572852387797
pt	1.0	0.2376351799284384	1.0	0.7347168825662656	0.12011633208775359	0.08589039537632703	0.16744330276614583	0.06985360622184744	0.07315631587451739	0.06793359155813793	0.12522174384356347	0.343656558383693	0.21234855378181033	0.08047305761908465	0.0795416950701782	0.12074534426289503	0.11751468378452726	0.3378712116552537	0.22123834253724742	0.48997082483189647	0.51419464106938	0.08564967646656262	0.09328767290307091	1.0	0.16602442356893596	0.08343954385884486	0.09301165960591413	0.6638546162332061	0.22194454257156201	0.10521595042114931	0.09340360140324615	1.0	0.1882532053925761	0.585120930900478	0.12832014064675748
ro	1.0	0.3313939714599752	1.0	1.0	0.15968432354548173	0.23265784638816944	0.5722693275190253	0.130798583826043	0.20645002645373747	0.14718399649940406	0.4674031523958243	1.0	0.6205729016881213	0.1887749108395834	0.1473063938774718	0.4848311728059541	0.436629693149349	0.7010721865942467	0.6260089247738757	0.709195387537678	1.0	0.12481420349454857	0.21695119309792116	0.16602442356893596	1.0	0.41435788985217165	0.1728171621651916	1.0	0.34254745067911413	0.3893321060839495	0.20153277564338387	1.0	0.5369356027096557	1.0	0.45459898836724894
ru	1.0	0.2573716976101381	1.0	1.0	0.13981624579368176	0.10500997293924176	1.0	0.1069351589185102	0.08995227888020023	0.07458271623523165	1.0	1.0	0.6131849866518172	0.09399189259139928	0.12031131160869503	1.0	1.0	0.4837488366741372	1.0	1.0	1.0	0.10600019635582746	0.11031146325452268	0.08343954385884486	0.41435788985217165	1.0	0.11470354872702071	1.0	0.2682519873430633	0.3626732222021464	0.10722201464200318	1.0	1.0	1.0	1.0
sh	0.6568318202362041	0.23645523919852182	1.0	1.0	0.12596195030001492	0.11464333113576136	0.20831900384359428	0.08795405878797714	0.10258503856960292	0.08717830066422845	0.16981981385532383	0.38990513266593974	0.24860672715773	0.11226186496111158	0.09417711823404702	0.17572670764822637	0.1766786549632928	0.3431839532770546	0.20751729623447504	0.46928166747512906	0.4654454501133206	0.09971053929450277	0.13314532014261163	0.09301165960591413	0.1728171621651916	0.11470354872702071	1.0	1.0	0.26495331696978297	0.11835546789428947	0.13066680103833203	0.7411828468492556	0.21207831504500665	0.7248485669756152	0.15979120564490523
si	1.0	0.7455134344225701	0.0	1.0	0.394938935853802	1.0	1.0	0.6568318202362042	1.0	1.0	1.0	1.0	1.0	0.7263875964832448	0.7300208629885034	1.0	1.0	1.0	1.0	1.0	1.0	0.550750233522508	1.0	0.6638546162332061	1.0	1.0	1.0	1.0	0.7300208629885034	1.0	1.0	1.0	1.0	1.0	1.0
simple	1.0	0.4402377880042522	1.0	1.0	0.1483427286687788	0.27252016747655233	0.37448922980736876	0.1551215166765732	0.24535136793715462	0.17845873309077684	0.33118017416466666	0.4548311257530106	0.3478096679072676	0.2603326072356801	0.16118152537650268	0.2962811692254902	0.2798975412808432	0.4807785506761931	0.523213542491226	0.6406217872018795	0.5205485211775197	0.1800486468900415	0.2550135880933783	0.22194454257156201	0.34254745067911413	0.2682519873430633	0.26495331696978297	0.7300208629885034	1.0	0.34538510292752067	0.21045746119179126	0.6740515375688697	0.3059986771347793	1.0	0.29664253173914523
sr	1.0	0.26661375997409764	1.0	1.0	0.13680506212746524	0.15707508560210925	0.5666812221822982	0.11054447126619543	0.1303677596178138	0.10346833403672484	0.5644971333729548	0.6290879827974325	0.504271762454567	0.12076628802858454	0.1254901664662602	0.4248043760622222	0.46034760054156343	0.6221790382457661	0.6197907398271953	1.0	0.7079259635809066	0.10835664816104759	0.14702042074679986	0.10521595042114931	0.3893321060839495	0.3626732222021464	0.11835546789428947	1.0	0.34538510292752067	1.0	0.14502238200656228	1.0	0.5673772675987798	1.0	0.41819938010437346
sv	0.6568318202362041	0.327214467871954	1.0	1.0	0.11597996621058862	0.10494796497566926	0.20633763978077416	0.08529666465121283	0.09739095759036244	0.07946815530185486	0.16316822199076228	0.31357876006659174	0.2353013118467552	0.10616766776148485	0.09342157328441109	0.13608507744218393	0.1261198378141162	0.30618822475134727	0.3431092039337997	0.34902478167310746	0.3454318669572622	0.09907501612469323	0.10727791481106377	0.09340360140324615	0.20153277564338387	0.10722201464200318	0.13066680103833203	1.0	0.21045746119179126	0.14502238200656228	1.0	0.3985371830837068	0.2008183733405872	0.7234532828151788	0.13545577403284284
te	1.0	1.0	0.0	1.0	0.6994017365373274	1.0	1.0	0.6870335990673101	1.0	0.7248485669756152	1.0	1.0	1.0	1.0	0.6542929874894597	1.0	1.0	1.0	1.0	1.0	1.0	0.4002893761203699	1.0	1.0	1.0	1.0	0.7411828468492556	1.0	0.6740515375688697	1.0	0.3985371830837068	1.0	1.0	1.0	1.0
vi	1.0	0.3480780348373575	1.0	1.0	0.1462154327504079	0.20709116968757446	1.0	0.1268578217574505	0.19316916556016014	0.14723476087019327	1.0	1.0	0.6204114017707753	0.16587005658704462	0.12517625762550738	1.0	1.0	0.7019395434758631	1.0	1.0	1.0	0.15041069082525732	0.2570206618156764	0.1882532053925761	0.5369356027096557	1.0	0.21207831504500665	1.0	0.3059986771347793	0.5673772675987798	0.2008183733405872	1.0	1.0	1.0	1.0
war	1.0	0.5973329889831545	0.0	1.0	0.5198569181510033	0.7248485669756152	1.0	0.5607371342276144	0.7234532828151787	0.7234532828151788	1.0	1.0	1.0	1.0	0.4672655384079561	1.0	1.0	1.0	1.0	1.0	1.0	0.6441837135044263	1.0	0.585120930900478	1.0	1.0	0.7248485669756152	1.0	1.0	1.0	0.7234532828151788	1.0	1.0	1.0	1.0
zh	1.0	0.32164653552252165	1.0	1.0	0.14146735128129534	0.1697493237388952	1.0	0.1158563911835838	0.1487274304055341	0.10821111464323373	1.0	1.0	0.6165259110563215	0.14340414051030542	0.1340098348091923	1.0	1.0	0.6242557295398939	1.0	1.0	1.0	0.11595956039303913	0.15011572852387797	0.12832014064675748	0.45459898836724894	1.0	0.15979120564490523	1.0	0.29664253173914523	0.41819938010437346	0.13545577403284284	1.0	1.0	1.0	1.0
