arz	bs	ceb	ckb	da	de	el	en	es	fr	he	hi	hu	id	it	ja	ko	lv	mk	ml	mr	nl	pl	pt	ro	ru	sh	si	simple	sr	sv	te	vi	war	zh
arz	1.0	0.378561736770692	0.3125	0.2727272727272727	0.19047619047619047	0.11428571428571428	0.2762820512820513	0.11423611111111111	0.13793103448275862	0.1111111111111111	0.21052631578947367	0.16666666666666666	0.24084967320261438	0.2857142857142857	0.15784615384615386	0.1491862567811935	0.2222222222222222	0.2857142857142857	0.42613636363636365	0.4215686274509804	0.375	0.16	0.19047619047619047	0.2222222222222222	0.2830601092896175	0.1392363396971692	0.35119047619047616	0.0625	0.3076923076923077	0.3076923076923077	0.14814814814814814	0.0625	0.2378472222222222	0.3888888888888889	0.19047619047619047
bs	0.378561736770692	1.0	0.22727272727272727	0.4453227931488801	0.28252331860579283	0.1615676359039191	0.42549019607843136	0.17146936656282452	0.2056551724137931	0.16414141414141414	0.3275171624713959	0.18951048951048952	0.4081447963800905	0.45309810671256456	0.25514311270125223	0.21865079365079365	0.37373737373737376	0.44080234833659493	0.4807692307692308	0.35818181818181816	0.2803030303030303	0.2526086956521739	0.2669047619047619	0.344017094017094	0.4515723270440251	0.20599078341013827	0.5474422442244224	0.045454545454545456	0.4090909090909091	0.4935897435897436	0.22074915824915825	0.045454545454545456	0.3277777777777778	0.36363636363636365	0.319376026272578
ceb	0.3125	0.22727272727272727	0.5	0.2777777777777778	0.11904761904761904	0.07142857142857142	0.16666666666666666	0.06944444444444445	0.08620689655172414	0.06944444444444445	0.13157894736842105	0.14285714285714285	0.14705882352941177	0.17857142857142858	0.09615384615384616	0.08928571428571429	0.1388888888888889	0.17857142857142858	0.22727272727272727	0.35714285714285715	0.4166666666666667	0.1	0.11904761904761904	0.1388888888888889	0.16666666666666666	0.08064516129032258	0.20833333333333334	0.1	0.19230769230769232	0.19230769230769232	0.09259259259259259	0.1	0.1388888888888889	0.3125	0.11904761904761904
ckb	0.2727272727272727	0.4453227931488801	0.2777777777777778	1.0	0.21428571428571427	0.12857142857142856	0.30877192982456136	0.125	0.16925692083535698	0.1290650406504065	0.23684210526315788	0.2222222222222222	0.2864450127877238	0.33531746031746035	0.18479567307692307	0.16666666666666669	0.2608695652173913	0.32142857142857145	0.3333333333333333	0.45707070707070707	0.25	0.18	0.21428571428571427	0.2647058823529412	0.32307692307692304	0.15442054958183993	0.38306451612903225	0.05555555555555555	0.2857142857142857	0.34615384615384615	0.18137254901960784	0.05555555555555555	0.2635135135135135	0.35	0.22163865546218486
da	0.19047619047619047	0.28252331860579283	0.11904761904761904	0.21428571428571427	1.0	0.3059523809523809	0.37012987012987014	0.3049645390070922	0.3272849462365591	0.29500000000000004	0.30724637681159417	0.09523809523809523	0.40788415124698313	0.31158357771260997	0.33008166969147007	0.32575757575757575	0.3785278413424866	0.35374149659863946	0.2982683982683983	0.18666666666666665	0.14285714285714285	0.328781512605042	0.3892857142857143	0.32845744680851063	0.33448616600790515	0.3448825169255276	0.32788296041308085	0.023809523809523808	0.2818181818181818	0.32676518883415434	0.3738095238095238	0.023809523809523808	0.34782608695652173	0.19047619047619047	0.33653846153846156
de	0.11428571428571428	0.1615676359039191	0.07142857142857142	0.12857142857142856	0.3059523809523809	1.0	0.21944035346097202	0.42525641025641026	0.3	0.42275641025641025	0.2837742504409171	0.05714285714285714	0.24656084656084656	0.20657894736842106	0.38340461933276304	0.3790322580645161	0.24368686868686867	0.2	0.15714285714285714	0.1	0.09571428571428571	0.3395061728395061	0.2777777777777778	0.2361111111111111	0.22371967654986522	0.41386991386991384	0.17142857142857143	0.014285714285714285	0.18571428571428572	0.18571428571428572	0.36786786786786785	0.014285714285714285	0.2361111111111111	0.11428571428571428	0.28634920634920635
el	0.2762820512820513	0.42549019607843136	0.16666666666666666	0.30877192982456136	0.37012987012987014	0.21944035346097202	1.0	0.23117597292724196	0.2916395575797007	0.22083333333333335	0.37531645569620253	0.13333333333333333	0.38610526315789473	0.45625	0.3098030018761726	0.28438606847697756	0.4703856749311295	0.4395833333333333	0.3663461538461539	0.24114583333333334	0.2	0.3189873417721519	0.38839285714285715	0.42397660818713445	0.42780748663101603	0.2582398316970547	0.4421052631578948	0.03333333333333333	0.40576923076923077	0.3964285714285714	0.2986111111111111	0.03333333333333333	0.381578947368421	0.26666666666666666	0.40652557319223986
en	0.11423611111111111	0.17146936656282452	0.06944444444444445	0.125	0.3049645390070922	0.42525641025641026	0.23117597292724196	1.0	0.30903806701618414	0.474500203998368	0.2691798941798942	0.05555555555555555	0.2688622028141679	0.1999089253187614	0.389520202020202	0.38495415057915056	0.25353925353925355	0.20032679738562092	0.16706349206349208	0.09722222222222222	0.08333333333333333	0.3607357357357357	0.299561403508772	0.24388067312595615	0.22261904761904763	0.39680737376436015	0.18130081300813009	0.013888888888888888	0.18055555555555555	0.1861421477343265	0.337280701754386	0.013888888888888888	0.2581967213114754	0.1111111111111111	0.3018687832814227
es	0.13793103448275862	0.2056551724137931	0.08620689655172414	0.16925692083535698	0.3272849462365591	0.3	0.2916395575797007	0.30903806701618414	1.0	0.30120565410199557	0.30107526881720426	0.06896551724137931	0.33238916256157636	0.2524904214559387	0.31702025072324014	0.34060150375939846	0.29360730593607304	0.2230769230769231	0.1896551724137931	0.13351016799292661	0.10344827586206896	0.3181818181818182	0.3272849462365591	0.30416666666666664	0.27542741234424806	0.3711615487316422	0.2199400299850075	0.017241379310344827	0.22413793103448276	0.23576583801122694	0.34678522571819426	0.017241379310344827	0.29432234432234433	0.13793103448275862	0.3173611111111111
fr	0.1111111111111111	0.16414141414141414	0.06944444444444445	0.1290650406504065	0.29500000000000004	0.42275641025641025	0.22083333333333335	0.474500203998368	0.30120565410199557	1.0	0.2706916099773243	0.05990338164251208	0.25405982905982905	0.20153664302600474	0.37857836001940803	0.3810810810810811	0.23993381136238282	0.19832041343669252	0.15642741281427414	0.10106837606837607	0.08333333333333333	0.3540715372907154	0.30180180180180183	0.2384002499609436	0.22009803921568627	0.3783291976840364	0.17878787878787877	0.013888888888888888	0.18428689883913765	0.18055555555555555	0.33981693363844395	0.013888888888888888	0.26063829787234044	0.1111111111111111	0.28503820275972175
he	0.21052631578947367	0.3275171624713959	0.13157894736842105	0.23684210526315788	0.30724637681159417	0.2837742504409171	0.37531645569620253	0.2691798941798942	0.30107526881720426	0.2706916099773243	1.0	0.10526315789473684	0.3832298136645963	0.39384478144513824	0.3398268398268398	0.34854497354497355	0.4075010535187526	0.2857142857142857	0.2894736842105263	0.19441460794844254	0.1873065015479876	0.4034375	0.3768115942028985	0.4527777777777778	0.360989010989011	0.2875791139240506	0.352374839537869	0.02631578947368421	0.34210526315789475	0.3508771929824561	0.3603264281230383	0.02631578947368421	0.3890168970814132	0.21052631578947367	0.3853880022014309
hi	0.16666666666666666	0.18951048951048952	0.14285714285714285	0.2222222222222222	0.09523809523809523	0.05714285714285714	0.13333333333333333	0.05555555555555555	0.06896551724137931	0.05990338164251208	0.10526315789473684	1.0	0.12339418526031101	0.14285714285714285	0.07692307692307693	0.07800751879699247	0.1111111111111111	0.14285714285714285	0.125	0.2857142857142857	0.125	0.08	0.09523809523809523	0.1111111111111111	0.13333333333333333	0.06451612903225806	0.16666666666666666	0.125	0.10714285714285714	0.15384615384615385	0.07407407407407407	0.125	0.1111111111111111	0.16666666666666666	0.09523809523809523
hu	0.24084967320261438	0.4081447963800905	0.14705882352941177	0.2864450127877238	0.40788415124698313	0.24656084656084656	0.38610526315789473	0.2688622028141679	0.33238916256157636	0.25405982905982905	0.3832298136645963	0.12339418526031101	1.0	0.39849428868120457	0.3377470734983688	0.3191954022988506	0.42277070063694266	0.3526315789473684	0.35750999428897773	0.22608437314319665	0.1821524064171123	0.3340080971659919	0.37613636363636366	0.399822695035461	0.4377610693400167	0.28969742435608903	0.4355858045697618	0.029411764705882353	0.363036303630363	0.4160067873303167	0.2947232947232947	0.029411764705882353	0.4580896686159844	0.23529411764705882	0.34836769759450176
id	0.2857142857142857	0.45309810671256456	0.17857142857142858	0.33531746031746035	0.31158357771260997	0.20657894736842106	0.45625	0.1999089253187614	0.2524904214559387	0.20153664302600474	0.39384478144513824	0.14285714285714285	0.39849428868120457	1.0	0.2829293993677555	0.27	0.426984126984127	0.4407894736842105	0.4595238095238095	0.27380952380952384	0.2315270935960591	0.30586206896551726	0.3412698412698413	0.41241830065359475	0.4845238095238095	0.23265576668139637	0.4902152641878669	0.03571428571428571	0.4976190476190476	0.5059523809523809	0.2686932215234102	0.03571428571428571	0.4166666666666667	0.2857142857142857	0.34978070175438597
it	0.15784615384615386	0.25514311270125223	0.09615384615384616	0.18479567307692307	0.33008166969147007	0.38340461933276304	0.3098030018761726	0.389520202020202	0.31702025072324014	0.37857836001940803	0.3398268398268398	0.07692307692307693	0.3377470734983688	0.2829293993677555	1.0	0.4210526315789474	0.3455840455840456	0.24814814814814815	0.2257228587015821	0.15734265734265734	0.11538461538461539	0.4139610389610389	0.32668469686725266	0.3146160198183319	0.3044399821508255	0.3473262032085562	0.2641025641025641	0.019230769230769232	0.2759259259259259	0.2714285714285714	0.3384698275862069	0.019230769230769232	0.3028375733855186	0.15384615384615385	0.41602254428341384
ja	0.1491862567811935	0.21865079365079365	0.08928571428571429	0.16666666666666669	0.32575757575757575	0.3790322580645161	0.28438606847697756	0.38495415057915056	0.34060150375939846	0.3810810810810811	0.34854497354497355	0.07800751879699247	0.3191954022988506	0.27	0.4210526315789474	1.0	0.30912908930150307	0.22969348659003833	0.20673784977908688	0.1361111111111111	0.11363636363636363	0.4184227330779055	0.33042813455657494	0.30814104226082445	0.2566464859173467	0.3511904761904762	0.23847926267281105	0.017857142857142856	0.24278115501519756	0.24234693877551022	0.37452651515151514	0.017857142857142856	0.28137254901960784	0.14285714285714285	0.375915669108451
ko	0.2222222222222222	0.37373737373737376	0.1388888888888889	0.2608695652173913	0.3785278413424866	0.24368686868686867	0.4703856749311295	0.25353925353925355	0.29360730593607304	0.23993381136238282	0.4075010535187526	0.1111111111111111	0.42277070063694266	0.426984126984127	0.3455840455840456	0.30912908930150307	1.0	0.374020156774916	0.32982740021574974	0.19944444444444445	0.16666666666666666	0.34904697072838664	0.3947669977081742	0.46153846153846156	0.4057344854673998	0.2854662698412698	0.3893333333333333	0.027777777777777776	0.3809130913091309	0.36574074074074076	0.3222630173564753	0.027777777777777776	0.4277777777777778	0.2222222222222222	0.3801643954142332
lv	0.2857142857142857	0.44080234833659493	0.17857142857142858	0.32142857142857145	0.35374149659863946	0.2	0.4395833333333333	0.20032679738562092	0.2230769230769231	0.19832041343669252	0.2857142857142857	0.14285714285714285	0.3526315789473684	0.4407894736842105	0.24814814814814815	0.22969348659003833	0.374020156774916	1.0	0.3761904761904762	0.26666666666666666	0.21428571428571427	0.2717391304347826	0.29545454545454547	0.30666666666666664	0.3597904915390814	0.23413978494623655	0.45129870129870125	0.03571428571428571	0.3740530303030303	0.4131578947368421	0.24464285714285716	0.03571428571428571	0.3116279069767442	0.2857142857142857	0.31719367588932806
mk	0.42613636363636365	0.4807692307692308	0.22727272727272727	0.3333333333333333	0.2982683982683983	0.15714285714285714	0.3663461538461539	0.16706349206349208	0.1896551724137931	0.15642741281427414	0.2894736842105263	0.125	0.35750999428897773	0.4595238095238095	0.2257228587015821	0.20673784977908688	0.32982740021574974	0.3761904761904762	1.0	0.27702702702702703	0.2727272727272727	0.23851851851851852	0.27052545155993435	0.3177506775067751	0.40614035087719297	0.18477229601518028	0.4346153846153846	0.045454545454545456	0.46057692307692305	0.44529914529914527	0.2037037037037037	0.045454545454545456	0.33616780045351474	0.36363636363636365	0.2824527071102414
ml	0.4215686274509804	0.35818181818181816	0.35714285714285715	0.45707070707070707	0.18666666666666665	0.1	0.24114583333333334	0.09722222222222222	0.13351016799292661	0.10106837606837607	0.19441460794844254	0.2857142857142857	0.22608437314319665	0.27380952380952384	0.15734265734265734	0.1361111111111111	0.19944444444444445	0.26666666666666666	0.27702702702702703	1.0	0.3125	0.15041666666666667	0.1764705882352941	0.2147147147147147	0.26904761904761904	0.13832695462001093	0.3654371584699454	0.07142857142857142	0.21428571428571427	0.29554655870445345	0.12962962962962962	0.07142857142857142	0.2058080808080808	0.3333333333333333	0.18085106382978722
mr	0.375	0.2803030303030303	0.4166666666666667	0.25	0.14285714285714285	0.09571428571428571	0.2	0.08333333333333333	0.10344827586206896	0.08333333333333333	0.1873065015479876	0.125	0.1821524064171123	0.2315270935960591	0.11538461538461539	0.11363636363636363	0.16666666666666666	0.21428571428571427	0.2727272727272727	0.3125	1.0	0.12	0.14285714285714285	0.16666666666666666	0.2	0.0967741935483871	0.25	0.08333333333333333	0.23076923076923078	0.2507692307692308	0.1111111111111111	0.08333333333333333	0.16666666666666666	0.375	0.14285714285714285
nl	0.16	0.2526086956521739	0.1	0.18	0.328781512605042	0.3395061728395061	0.3189873417721519	0.3607357357357357	0.3181818181818182	0.3540715372907154	0.4034375	0.08	0.3340080971659919	0.30586206896551726	0.4139610389610389	0.4184227330779055	0.34904697072838664	0.2717391304347826	0.23851851851851852	0.15041666666666667	0.12	1.0	0.35185185185185186	0.3434065934065934	0.28034188034188035	0.3751515151515152	0.2640963855421687	0.02	0.26961538461538465	0.26892857142857146	0.36666666666666664	0.02	0.3044930176077717	0.16	0.4105894105894106
pl	0.19047619047619047	0.2669047619047619	0.11904761904761904	0.21428571428571427	0.3892857142857143	0.2777777777777778	0.38839285714285715	0.299561403508772	0.3272849462365591	0.30180180180180183	0.3768115942028985	0.09523809523809523	0.37613636363636366	0.3412698412698413	0.32668469686725266	0.33042813455657494	0.3947669977081742	0.29545454545454547	0.27052545155993435	0.1764705882352941	0.14285714285714285	0.35185185185185186	1.0	0.39688995215311	0.39691558441558444	0.31867283950617287	0.30897009966777406	0.023809523809523808	0.328042328042328	0.31799838579499595	0.3738095238095238	0.023809523809523808	0.42857142857142855	0.19047619047619047	0.33317001469867713
pt	0.2222222222222222	0.344017094017094	0.1388888888888889	0.2647058823529412	0.32845744680851063	0.2361111111111111	0.42397660818713445	0.24388067312595615	0.30416666666666664	0.2384002499609436	0.4527777777777778	0.1111111111111111	0.399822695035461	0.41241830065359475	0.3146160198183319	0.30814104226082445	0.46153846153846156	0.30666666666666664	0.3177506775067751	0.2147147147147147	0.16666666666666666	0.3434065934065934	0.39688995215311	1.0	0.4138755980861244	0.265625	0.39158576051779936	0.027777777777777776	0.3803418803418803	0.3923611111111111	0.30357142857142855	0.027777777777777776	0.41724137931034483	0.2222222222222222	0.3756038647342995
ro	0.2830601092896175	0.4515723270440251	0.16666666666666666	0.32307692307692304	0.33448616600790515	0.22371967654986522	0.42780748663101603	0.22261904761904763	0.27542741234424806	0.22009803921568627	0.360989010989011	0.13333333333333333	0.4377610693400167	0.4845238095238095	0.3044399821508255	0.2566464859173467	0.4057344854673998	0.3597904915390814	0.40614035087719297	0.26904761904761904	0.2	0.28034188034188035	0.39691558441558444	0.4138755980861244	1.0	0.26173746406898757	0.465	0.03333333333333333	0.4671171171171171	0.4793859649122807	0.2960704607046071	0.03333333333333333	0.4343137254901961	0.26666666666666666	0.34332148298628745
ru	0.1392363396971692	0.20599078341013827	0.08064516129032258	0.15442054958183993	0.3448825169255276	0.41386991386991384	0.2582398316970547	0.39680737376436015	0.3711615487316422	0.3783291976840364	0.2875791139240506	0.06451612903225806	0.28969742435608903	0.23265576668139637	0.3473262032085562	0.3511904761904762	0.2854662698412698	0.23413978494623655	0.18477229601518028	0.13832695462001093	0.0967741935483871	0.3751515151515152	0.31867283950617287	0.265625	0.26173746406898757	1.0	0.20901230462254738	0.016129032258064516	0.2173697270471464	0.2243833017077799	0.359983429991715	0.016129032258064516	0.27238175675675674	0.12903225806451613	0.3087121212121212
sh	0.35119047619047616	0.5474422442244224	0.20833333333333334	0.38306451612903225	0.32788296041308085	0.17142857142857143	0.4421052631578948	0.18130081300813009	0.2199400299850075	0.17878787878787877	0.352374839537869	0.16666666666666666	0.4355858045697618	0.4902152641878669	0.2641025641025641	0.23847926267281105	0.3893333333333333	0.45129870129870125	0.4346153846153846	0.3654371584699454	0.25	0.2640963855421687	0.30897009966777406	0.39158576051779936	0.465	0.20901230462254738	1.0	0.041666666666666664	0.42908902691511386	0.49578503688092734	0.2222222222222222	0.041666666666666664	0.3394308943089431	0.3333333333333333	0.33361847733105215
si	0.0625	0.045454545454545456	0.1	0.05555555555555555	0.023809523809523808	0.014285714285714285	0.03333333333333333	0.013888888888888888	0.017241379310344827	0.013888888888888888	0.02631578947368421	0.125	0.029411764705882353	0.03571428571428571	0.019230769230769232	0.017857142857142856	0.027777777777777776	0.03571428571428571	0.045454545454545456	0.07142857142857142	0.08333333333333333	0.02	0.023809523809523808	0.027777777777777776	0.03333333333333333	0.016129032258064516	0.041666666666666664	0.5	0.038461538461538464	0.038461538461538464	0.018518518518518517	0.5	0.027777777777777776	0.0625	0.023809523809523808
simple	0.3076923076923077	0.4090909090909091	0.19230769230769232	0.2857142857142857	0.2818181818181818	0.18571428571428572	0.40576923076923077	0.18055555555555555	0.22413793103448276	0.18428689883913765	0.34210526315789475	0.10714285714285714	0.363036303630363	0.4976190476190476	0.2759259259259259	0.24278115501519756	0.3809130913091309	0.3740530303030303	0.46057692307692305	0.21428571428571427	0.23076923076923078	0.26961538461538465	0.328042328042328	0.3803418803418803	0.4671171171171171	0.2173697270471464	0.42908902691511386	0.038461538461538464	1.0	0.47857142857142854	0.2518518518518518	0.038461538461538464	0.393719806763285	0.3076923076923077	0.32688492063492064
sr	0.3076923076923077	0.4935897435897436	0.19230769230769232	0.34615384615384615	0.32676518883415434	0.18571428571428572	0.3964285714285714	0.1861421477343265	0.23576583801122694	0.18055555555555555	0.3508771929824561	0.15384615384615385	0.4160067873303167	0.5059523809523809	0.2714285714285714	0.24234693877551022	0.36574074074074076	0.4131578947368421	0.44529914529914527	0.29554655870445345	0.2507692307692308	0.26892857142857146	0.31799838579499595	0.3923611111111111	0.4793859649122807	0.2243833017077799	0.49578503688092734	0.038461538461538464	0.47857142857142854	1.0	0.25094482237339377	0.038461538461538464	0.380718954248366	0.3076923076923077	0.33349641226353555
sv	0.14814814814814814	0.22074915824915825	0.09259259259259259	0.18137254901960784	0.3738095238095238	0.36786786786786785	0.2986111111111111	0.337280701754386	0.34678522571819426	0.33981693363844395	0.3603264281230383	0.07407407407407407	0.2947232947232947	0.2686932215234102	0.3384698275862069	0.37452651515151514	0.3222630173564753	0.24464285714285716	0.2037037037037037	0.12962962962962962	0.1111111111111111	0.36666666666666664	0.3738095238095238	0.30357142857142855	0.2960704607046071	0.359983429991715	0.2222222222222222	0.018518518518518517	0.2518518518518518	0.25094482237339377	1.0	0.018518518518518517	0.3128306878306878	0.14814814814814814	0.3408312400091345
te	0.0625	0.045454545454545456	0.1	0.05555555555555555	0.023809523809523808	0.014285714285714285	0.03333333333333333	0.013888888888888888	0.017241379310344827	0.013888888888888888	0.02631578947368421	0.125	0.029411764705882353	0.03571428571428571	0.019230769230769232	0.017857142857142856	0.027777777777777776	0.03571428571428571	0.045454545454545456	0.07142857142857142	0.08333333333333333	0.02	0.023809523809523808	0.027777777777777776	0.03333333333333333	0.016129032258064516	0.041666666666666664	0.5	0.038461538461538464	0.038461538461538464	0.018518518518518517	0.5	0.027777777777777776	0.0625	0.023809523809523808
vi	0.2378472222222222	0.3277777777777778	0.1388888888888889	0.2635135135135135	0.34782608695652173	0.2361111111111111	0.381578947368421	0.2581967213114754	0.29432234432234433	0.26063829787234044	0.3890168970814132	0.1111111111111111	0.4580896686159844	0.4166666666666667	0.3028375733855186	0.28137254901960784	0.4277777777777778	0.3116279069767442	0.33616780045351474	0.2058080808080808	0.16666666666666666	0.3044930176077717	0.42857142857142855	0.41724137931034483	0.4343137254901961	0.27238175675675674	0.3394308943089431	0.027777777777777776	0.393719806763285	0.380718954248366	0.3128306878306878	0.027777777777777776	1.0	0.2222222222222222	0.32217741935483873
war	0.3888888888888889	0.36363636363636365	0.3125	0.35	0.19047619047619047	0.11428571428571428	0.26666666666666666	0.1111111111111111	0.13793103448275862	0.1111111111111111	0.21052631578947367	0.16666666666666666	0.23529411764705882	0.2857142857142857	0.15384615384615385	0.14285714285714285	0.2222222222222222	0.2857142857142857	0.36363636363636365	0.3333333333333333	0.375	0.16	0.19047619047619047	0.2222222222222222	0.26666666666666666	0.12903225806451613	0.3333333333333333	0.0625	0.3076923076923077	0.3076923076923077	0.14814814814814814	0.0625	0.2222222222222222	0.5	0.19047619047619047
zh	0.19047619047619047	0.319376026272578	0.11904761904761904	0.22163865546218486	0.33653846153846156	0.28634920634920635	0.40652557319223986	0.3018687832814227	0.3173611111111111	0.28503820275972175	0.3853880022014309	0.09523809523809523	0.34836769759450176	0.34978070175438597	0.41602254428341384	0.375915669108451	0.3801643954142332	0.31719367588932806	0.2824527071102414	0.18085106382978722	0.14285714285714285	0.4105894105894106	0.33317001469867713	0.3756038647342995	0.34332148298628745	0.3087121212121212	0.33361847733105215	0.023809523809523808	0.32688492063492064	0.33349641226353555	0.3408312400091345	0.023809523809523808	0.32217741935483873	0.19047619047619047	1.0
