arz	bs	ceb	ckb	da	de	el	en	es	fr	he	hi	hu	id	it	ja	ko	lv	mk	ml	mr	nl	pl	pt	ro	ru	sh	si	simple	sr	sv	te	tr	vi	war	zh
arz	1.0	1.0	0.9359132176540286	1.0	1.0	1.0	1.0	1.0	1.0	1.0	1.0	1.0	1.0	1.0	1.0	1.0	1.0	1.0	1.0	1.0	1.0	1.0	1.0	1.0	1.0	1.0	1.0	1.0	1.0	1.0	1.0	0.0	1.0	1.0	1.0	1.0
bs	1.0	1.0	0.7528728107559947	1.0	0.7863954451402115	1.0	1.0	0.7690990303325336	1.0	1.0	1.0	1.0	1.0	1.0	1.0	1.0	1.0	1.0	1.0	1.0	1.0	0.7690990303325336	1.0	1.0	1.0	1.0	1.0	0.8862862844314919	1.0	1.0	0.7690990303325336	0.0	0.3247797563686928	1.0	0.4176640533523323	1.0
ceb	0.9359132176540286	0.7528728107559947	1.0	0.7948197592777162	0.7416811484756113	0.7034676319902655	0.7919643182971428	0.6159080819138724	0.6451739134218939	0.6213935845865296	0.7943899983137873	0.7954013395149806	0.43803607441372894	0.7055988375205718	0.7725321001068113	0.7919643182971428	0.7919643182971428	0.5537537914444234	0.7948197592777162	0.7948197592777162	0.7948197592777162	0.7648522429602084	0.7270518007887193	0.33327101893068495	0.7386185049653599	0.7919643182971428	0.33193850411006126	0.8363995286517865	0.7623558180206961	0.7943899983137873	0.6661122544653972	0.8009928113217085	-1.0	0.6644864344882357	0.41592203379335213	0.24197187777459164
ckb	1.0	1.0	0.7948197592777162	1.0	0.7690990303325336	1.0	1.0	0.4453061601151453	1.0	1.0	1.0	0.0	1.0	0.7690990303325336	0.7690990303325336	1.0	1.0	1.0	1.0	0.0	1.0	1.0	1.0	1.0	1.0	1.0	1.0	1.0	1.0	1.0	1.0	0.0	1.0	1.0	0.4213753172044634	1.0
da	1.0	0.7863954451402115	0.7416811484756113	0.7690990303325336	1.0	0.3032167161871724	0.5788071603082328	0.2774234848341763	0.3171479838381991	0.3100636359482363	0.6333404237489202	0.8216064286890065	0.39362273127122815	0.34614583582095193	0.32766186538064973	0.3239337445771885	0.6333404237489202	0.6467936504043929	0.32879134158665235	1.0	1.0	0.32864200602816784	0.3201907881542167	0.32879134158665235	0.5638978144057251	0.3171479838381991	0.33307473405294535	0.8666726998819504	0.6300331949870974	0.40500841196001947	0.41777186881290435	0.0	0.4604889480813403	0.7584325078215765	0.4169448986450449	0.3239337445771885
de	1.0	1.0	0.7034676319902655	1.0	0.3032167161871724	1.0	0.5649879395951222	0.2307895791045077	0.3547462004198257	0.2568410203108121	1.0	0.42489828324440815	0.36488024429665333	0.3271172349236584	0.25991782383906453	0.3222905206482071	0.6053368935022321	0.7411828468492555	0.5270897455843768	1.0	1.0	0.2595041320315454	0.4091064506189894	0.43540823006334023	0.6322105592350732	0.3103922123981809	0.30494490855690626	0.7912478994397668	0.5351101300233677	1.0	0.34391715975479964	0.0	0.32560125701141684	1.0	0.4159582295794354	0.3392967556199777
el	1.0	1.0	0.7919643182971428	1.0	0.5788071603082328	0.5649879395951222	1.0	0.25457203954546537	1.0	0.6221982196391784	1.0	1.0	1.0	0.6740515375688696	0.42035437800099623	1.0	1.0	1.0	1.0	1.0	1.0	0.3632904997684771	1.0	1.0	0.6740515375688696	1.0	0.5788071603082329	1.0	0.7376607345031153	1.0	0.6030419283415577	0.0	0.7106922308883379	1.0	0.4213753172044634	1.0
en	1.0	0.7690990303325336	0.6159080819138724	0.4453061601151453	0.2774234848341763	0.2307895791045077	0.25457203954546537	1.0	0.31753588115216325	0.22229966418098285	0.30561316270075073	0.4793283214137596	0.24564991722289095	0.2740039503816658	0.22142142434566134	0.3027137521766473	0.26898145628372666	0.6491379237378104	0.23739172669009811	0.7863954451402115	1.0	0.2506682558704602	0.30028113006760276	0.24455940149751568	0.34459200915285904	0.2720458490695454	0.23476325777072563	0.7365847159141083	0.3549548903895343	0.6608561673014658	0.29643928234881406	1.0	0.32507852701497497	0.40024981584867336	0.4070475435109516	0.2693118808874632
es	1.0	1.0	0.6451739134218939	1.0	0.3171479838381991	0.3547462004198257	1.0	0.31753588115216325	1.0	0.35892385456476056	1.0	1.0	0.6099843630663052	0.5689999317578647	0.2339535891582957	0.5637497650615567	1.0	1.0	1.0	1.0	1.0	0.3453944209027379	0.4984848224699924	1.0	0.6638546162332061	0.5362360728408976	0.29127594824031217	0.7535692874266765	0.5189556778174322	1.0	0.44861008798509244	0.0	0.33288538492956193	0.7300208629885034	0.4112194480866057	0.5974370869778001
fr	1.0	1.0	0.6213935845865296	1.0	0.3100636359482363	0.2568410203108121	0.6221982196391784	0.22229966418098285	0.35892385456476056	1.0	0.7347168825662656	0.6393565083471907	0.4166708624977876	0.42448391316216466	0.2197515377600955	0.3140787788949351	0.48885666429451713	0.799259194391266	0.27928085454565654	1.0	1.0	0.2695270754145844	0.3627475713945845	0.4752810348520416	0.6031722582632506	0.30789971192066035	0.2693731479939281	0.7210376628310159	0.43725949364974753	0.5043915076340338	0.36031066136221457	0.0	0.33988977318936325	0.6067253066550437	0.40752750321253367	0.3487777745486147
he	1.0	1.0	0.7943899983137873	1.0	0.6333404237489202	1.0	1.0	0.30561316270075073	1.0	0.7347168825662656	1.0	1.0	1.0	1.0	0.6497062083042456	1.0	1.0	1.0	1.0	1.0	1.0	0.7992591943912659	1.0	1.0	0.7347168825662656	1.0	0.6467936504043929	1.0	0.7411828468492556	1.0	0.6786291688147437	0.0	1.0	1.0	0.4213753172044634	1.0
hi	1.0	1.0	0.7954013395149806	0.0	0.8216064286890065	0.42489828324440815	1.0	0.4793283214137596	1.0	0.6393565083471907	1.0	1.0	1.0	1.0	1.0	1.0	1.0	1.0	1.0	1.0	1.0	0.6571702826516209	1.0	1.0	1.0	1.0	0.7863954451402115	1.0	1.0	1.0	0.7584325078215763	1.0	0.74551343442257	1.0	0.42192412119444817	1.0
hu	1.0	1.0	0.43803607441372894	1.0	0.39362273127122815	0.36488024429665333	1.0	0.24564991722289095	0.6099843630663052	0.4166708624977876	1.0	1.0	1.0	0.598501165787414	0.33837555505599376	0.5828528050767705	0.6532373005191721	1.0	0.5780965534243105	1.0	1.0	0.45828740442873744	1.0	0.5819274293967763	0.5757838917453462	0.5828528050767705	0.42086015539690247	0.5311203380509385	0.7376607345031153	1.0	0.6589895177841663	0.0	1.0	1.0	0.34392848901380696	0.6062251694307247
id	1.0	1.0	0.7055988375205718	0.7690990303325336	0.34614583582095193	0.3271172349236584	0.6740515375688696	0.2740039503816658	0.5689999317578647	0.42448391316216466	1.0	1.0	0.598501165787414	1.0	0.42782770289083366	0.37178420402156287	0.593659722556896	1.0	0.6108239160974152	1.0	1.0	0.5426900095437396	0.5276255908933624	0.6023380116311116	0.7100198980007999	0.35209027741081633	0.382996869357995	0.8434029085287796	0.5281167476833063	0.7455134344225701	0.5444775839702793	1.0	0.46526172993927645	1.0	0.41284556042613646	0.37621516491435536
it	1.0	1.0	0.7725321001068113	0.7690990303325336	0.32766186538064973	0.25991782383906453	0.42035437800099623	0.22142142434566134	0.2339535891582957	0.2197515377600955	0.6497062083042456	1.0	0.33837555505599376	0.42782770289083366	1.0	0.31293672505968323	0.5004168819637075	0.4188573149155171	0.3685337767822001	1.0	1.0	0.20047554585495556	0.3861359667775851	0.32258226109010757	0.28869666688322404	0.3305250910243765	0.28977509021366255	0.9204842811709065	0.46125405382348605	0.7376607345031152	0.25507487455498606	0.0	0.3533201746972401	0.6125615165530658	0.42093122836323016	0.2436177295058581
ja	1.0	1.0	0.7919643182971428	1.0	0.3239337445771885	0.3222905206482071	1.0	0.3027137521766473	0.5637497650615567	0.3140787788949351	1.0	1.0	0.5828528050767705	0.37178420402156287	0.31293672505968323	1.0	1.0	1.0	1.0	1.0	1.0	0.23495112701987747	0.5220796204774834	1.0	0.6638546162332061	1.0	0.27772670406961736	1.0	0.5545252434951492	1.0	0.4640646862071316	1.0	0.5707379740620411	1.0	0.4213753172044634	1.0
ko	1.0	1.0	0.7919643182971428	1.0	0.6333404237489202	0.6053368935022321	1.0	0.26898145628372666	1.0	0.48885666429451713	1.0	1.0	0.6532373005191721	0.593659722556896	0.5004168819637075	1.0	1.0	1.0	1.0	1.0	1.0	0.4143918124882235	0.7199285383279772	1.0	0.7322034805959263	1.0	0.4164147729249657	1.0	0.6016441419741768	1.0	0.5327891592464056	0.0	0.5550900774396188	1.0	0.4213753172044634	1.0
lv	1.0	1.0	0.5537537914444234	1.0	0.6467936504043929	0.7411828468492555	1.0	0.6491379237378104	1.0	0.799259194391266	1.0	1.0	1.0	1.0	0.4188573149155171	1.0	1.0	1.0	1.0	1.0	1.0	0.7455134344225701	1.0	1.0	1.0	1.0	0.7510341748895937	0.6183106084867871	1.0	1.0	0.74551343442257	0.0	0.41497818299264283	1.0	0.3913801489880283	1.0
mk	1.0	1.0	0.7948197592777162	1.0	0.32879134158665235	0.5270897455843768	1.0	0.23739172669009811	1.0	0.27928085454565654	1.0	1.0	0.5780965534243105	0.6108239160974152	0.3685337767822001	1.0	1.0	1.0	1.0	1.0	1.0	0.4384408299519301	0.5245014769816838	1.0	0.728099120889861	1.0	0.3510091188447774	1.0	0.7347168825662656	1.0	0.6003649167128491	0.0	0.7510341748895937	1.0	0.4213753172044634	1.0
ml	1.0	1.0	0.7948197592777162	0.0	1.0	1.0	1.0	0.7863954451402115	1.0	1.0	1.0	1.0	1.0	1.0	1.0	1.0	1.0	1.0	1.0	1.0	0.0	1.0	1.0	1.0	1.0	1.0	1.0	1.0	1.0	1.0	1.0	0.0	0.6219450393206837	1.0	0.4213753172044634	1.0
mr	1.0	1.0	0.7948197592777162	1.0	1.0	1.0	1.0	1.0	1.0	1.0	1.0	1.0	1.0	1.0	1.0	1.0	1.0	1.0	1.0	0.0	1.0	1.0	1.0	1.0	1.0	1.0	1.0	1.0	1.0	1.0	1.0	1.0	1.0	0.0	0.4213753172044634	1.0
nl	1.0	0.7690990303325336	0.7648522429602084	1.0	0.32864200602816784	0.2595041320315454	0.3632904997684771	0.2506682558704602	0.3453944209027379	0.2695270754145844	0.7992591943912659	0.6571702826516209	0.45828740442873744	0.5426900095437396	0.20047554585495556	0.23495112701987747	0.4143918124882235	0.7455134344225701	0.4384408299519301	1.0	1.0	1.0	0.35884294903013325	0.23694190698021844	0.6611406605131821	0.28839370484417687	0.2672294974362285	0.8899130399367882	0.4723958597315858	0.4888233938158428	0.2520609525491978	0.0	0.3551610296235148	0.4968034006615994	0.41907084948111606	0.2574794391397795
pl	1.0	1.0	0.7270518007887193	1.0	0.3201907881542167	0.4091064506189894	1.0	0.30028113006760276	0.4984848224699924	0.3627475713945845	1.0	1.0	1.0	0.5276255908933624	0.3861359667775851	0.5220796204774834	0.7199285383279772	1.0	0.5245014769816838	1.0	1.0	0.35884294903013325	1.0	0.5866241954474569	0.6499913553099702	0.51811800429329	0.2989900704399745	0.8645246953344192	0.6667969795412325	1.0	0.4683346719369072	0.0	0.42353042942212693	0.7322034805959263	0.41855298802069296	0.5823157937033149
pt	1.0	1.0	0.33327101893068495	1.0	0.32879134158665235	0.43540823006334023	1.0	0.24455940149751568	1.0	0.4752810348520416	1.0	1.0	0.5819274293967763	0.6023380116311116	0.32258226109010757	1.0	1.0	1.0	1.0	1.0	1.0	0.23694190698021844	0.5866241954474569	1.0	0.6638546162332062	1.0	0.3056865543243308	0.3707058628893945	0.6740515375688696	1.0	0.5553323750567747	0.0	0.46556964158005004	1.0	0.2883040046930534	1.0
ro	1.0	1.0	0.7386185049653599	1.0	0.5638978144057251	0.6322105592350732	0.6740515375688696	0.34459200915285904	0.6638546162332061	0.6031722582632506	0.7347168825662656	1.0	0.5757838917453462	0.7100198980007999	0.28869666688322404	0.6638546162332061	0.7322034805959263	1.0	0.728099120889861	1.0	1.0	0.6611406605131821	0.6499913553099702	0.6638546162332062	1.0	0.6612511341201941	0.5875091953341344	0.8599602219430347	0.6786291688147437	1.0	0.5680826202633872	0.0	0.7509111017040236	0.74551343442257	0.41933441331430915	0.6667969795412325
ru	1.0	1.0	0.7919643182971428	1.0	0.3171479838381991	0.3103922123981809	1.0	0.2720458490695454	0.5362360728408976	0.30789971192066035	1.0	1.0	0.5828528050767705	0.35209027741081633	0.3305250910243765	1.0	1.0	1.0	1.0	1.0	1.0	0.28839370484417687	0.51811800429329	1.0	0.6612511341201941	1.0	0.2810771918025861	1.0	0.5545252434951492	1.0	0.481613081282103	1.0	0.48611690487535464	1.0	0.4213753172044634	1.0
sh	1.0	1.0	0.33193850411006126	1.0	0.33307473405294535	0.30494490855690626	0.5788071603082329	0.23476325777072563	0.29127594824031217	0.2693731479939281	0.6467936504043929	0.7863954451402115	0.42086015539690247	0.382996869357995	0.28977509021366255	0.27772670406961736	0.4164147729249657	0.7510341748895937	0.3510091188447774	1.0	1.0	0.2672294974362285	0.2989900704399745	0.3056865543243308	0.5875091953341344	0.2810771918025861	1.0	0.38756250782814733	0.42086015539690247	0.33669544480288616	0.3559391645553638	0.0	0.6182810700573155	0.42376520285435	0.2883905554091307	0.27772670406961736
si	1.0	0.8862862844314919	0.8363995286517865	1.0	0.8666726998819504	0.7912478994397668	1.0	0.7365847159141083	0.7535692874266765	0.7210376628310159	1.0	1.0	0.5311203380509385	0.8434029085287796	0.9204842811709065	1.0	1.0	0.6183106084867871	1.0	1.0	1.0	0.8899130399367882	0.8645246953344192	0.3707058628893945	0.8599602219430347	1.0	0.38756250782814733	1.0	0.9028530793647711	1.0	0.775482128838144	1.0	1.0	0.7907859146517772	1.0	0.27783901135082756
simple	1.0	1.0	0.7623558180206961	1.0	0.6300331949870974	0.5351101300233677	0.7376607345031153	0.3549548903895343	0.5189556778174322	0.43725949364974753	0.7411828468492556	1.0	0.7376607345031153	0.5281167476833063	0.46125405382348605	0.5545252434951492	0.6016441419741768	1.0	0.7347168825662656	1.0	1.0	0.4723958597315858	0.6667969795412325	0.6740515375688696	0.6786291688147437	0.5545252434951492	0.42086015539690247	0.9028530793647711	1.0	1.0	0.5713122624534772	0.0	0.4431417931684587	0.7411828468492556	0.42000846834598554	0.5587409239958887
sr	1.0	1.0	0.7943899983137873	1.0	0.40500841196001947	1.0	1.0	0.6608561673014658	1.0	0.5043915076340338	1.0	1.0	1.0	0.7455134344225701	0.7376607345031152	1.0	1.0	1.0	1.0	1.0	1.0	0.4888233938158428	1.0	1.0	1.0	1.0	0.33669544480288616	1.0	1.0	1.0	0.6286737270540138	0.0	0.5666678629737886	1.0	0.4213753172044634	1.0
sv	1.0	0.7690990303325336	0.6661122544653972	1.0	0.41777186881290435	0.34391715975479964	0.6030419283415577	0.29643928234881406	0.44861008798509244	0.36031066136221457	0.6786291688147437	0.7584325078215763	0.6589895177841663	0.5444775839702793	0.25507487455498606	0.4640646862071316	0.5327891592464056	0.74551343442257	0.6003649167128491	1.0	1.0	0.2520609525491978	0.4683346719369072	0.5553323750567747	0.5680826202633872	0.481613081282103	0.3559391645553638	0.775482128838144	0.5713122624534772	0.6286737270540138	1.0	1.0	0.5440719833440403	1.0	0.41025097881330064	0.46647868451514474
te	0.0	0.0	0.8009928113217085	0.0	0.0	0.0	0.0	1.0	0.0	0.0	0.0	1.0	0.0	1.0	0.0	1.0	0.0	0.0	0.0	0.0	1.0	0.0	0.0	0.0	0.0	1.0	0.0	1.0	0.0	0.0	1.0	1.0	1.0	0.0	0.5122315460775358	0.0
tr	1.0	0.3247797563686928	-1.0	1.0	0.4604889480813403	0.32560125701141684	0.7106922308883379	0.32507852701497497	0.33288538492956193	0.33988977318936325	1.0	0.74551343442257	1.0	0.46526172993927645	0.3533201746972401	0.5707379740620411	0.5550900774396188	0.41497818299264283	0.7510341748895937	0.6219450393206837	1.0	0.3551610296235148	0.42353042942212693	0.46556964158005004	0.7509111017040236	0.48611690487535464	0.6182810700573155	1.0	0.4431417931684587	0.5666678629737886	0.5440719833440403	1.0	1.0	0.5928377205537055	1.0	0.5440516503357372
vi	1.0	1.0	0.6644864344882357	1.0	0.7584325078215765	1.0	1.0	0.40024981584867336	0.7300208629885034	0.6067253066550437	1.0	1.0	1.0	1.0	0.6125615165530658	1.0	1.0	1.0	1.0	1.0	0.0	0.4968034006615994	0.7322034805959263	1.0	0.74551343442257	1.0	0.42376520285435	0.7907859146517772	0.7411828468492556	1.0	1.0	0.0	0.5928377205537055	1.0	0.409072013739988	1.0
war	1.0	0.4176640533523323	0.41592203379335213	0.4213753172044634	0.4169448986450449	0.4159582295794354	0.4213753172044634	0.4070475435109516	0.4112194480866057	0.40752750321253367	0.4213753172044634	0.42192412119444817	0.34392848901380696	0.41284556042613646	0.42093122836323016	0.4213753172044634	0.4213753172044634	0.3913801489880283	0.4213753172044634	0.4213753172044634	0.4213753172044634	0.41907084948111606	0.41855298802069296	0.2883040046930534	0.41933441331430915	0.4213753172044634	0.2883905554091307	1.0	0.42000846834598554	0.4213753172044634	0.41025097881330064	0.5122315460775358	1.0	0.409072013739988	1.0	0.22699702184392764
zh	1.0	1.0	0.24197187777459164	1.0	0.3239337445771885	0.3392967556199777	1.0	0.2693118808874632	0.5974370869778001	0.3487777745486147	1.0	1.0	0.6062251694307247	0.37621516491435536	0.2436177295058581	1.0	1.0	1.0	1.0	1.0	1.0	0.2574794391397795	0.5823157937033149	1.0	0.6667969795412325	1.0	0.27772670406961736	0.27783901135082756	0.5587409239958887	1.0	0.46647868451514474	0.0	0.5440516503357372	1.0	0.22699702184392764	1.0
