arz	bs	ceb	ckb	da	de	el	en	es	fr	he	hi	hu	id	it	ja	ko	lv	mk	ml	mr	nl	pl	pt	ro	ru	sh	si	simple	sr	sv	te	vi	war	zh
arz	1.0	0.0	0.0	0.0	1.0	1.0	1.0	1.0	1.0	1.0	0.0	1.0	1.0	1.0	1.0	1.0	1.0	1.0	0.0	1.0	0.0	1.0	1.0	1.0	1.0	1.0	1.0	0.0	1.0	1.0	1.0	0.0	1.0	0.0	1.0
bs	0.0	1.0	1.0	1.0	1.0	1.0	1.0	0.5660160774121898	1.0	1.0	1.0	1.0	0.8216064286890065	1.0	0.5455381281950756	1.0	1.0	1.0	1.0	1.0	1.0	1.0	1.0	1.0	1.0	1.0	1.0	0.0	1.0	1.0	1.0	1.0	1.0	0.0	1.0
ceb	0.0	1.0	1.0	1.0	1.0	1.0	1.0	1.0	1.0	1.0	1.0	1.0	1.0	1.0	1.0	1.0	1.0	1.0	0.0	1.0	0.0	1.0	1.0	1.0	1.0	0.0	1.0	0.0	1.0	1.0	1.0	1.0	1.0	0.0	1.0
ckb	0.0	1.0	1.0	1.0	0.7720915961890814	1.0	1.0	0.7969956515021337	0.7690990303325336	1.0	1.0	1.0	1.0	0.7690990303325336	0.4805954866802148	1.0	1.0	1.0	1.0	0.0	1.0	0.4695960115558277	1.0	0.7690990303325336	0.7690990303325336	1.0	1.0	1.0	1.0	1.0	1.0	1.0	1.0	0.0	1.0
da	1.0	1.0	1.0	0.7720915961890814	1.0	0.2615913825169539	0.46769864429706104	0.2746293788518887	0.26611134274020004	0.2172574582652605	0.3081812699933617	0.6104846837456948	0.3490530162464918	0.23383202168724956	0.25956597007789506	0.2702616314041276	0.2439121800488048	0.6915046249513691	1.0	0.5660160774121898	1.0	0.21040221816213298	0.2621964310149913	0.22674169510998843	0.5516366027148288	0.29677469466733924	0.27637111046232415	1.0	0.33821264265693746	0.5270023833439482	0.21358073695557872	1.0	0.595312588567023	1.0	0.27167989347883614
de	1.0	1.0	1.0	1.0	0.2615913825169539	1.0	0.5240672239197538	0.21579748360265918	0.21507089605322993	0.1893040402500954	0.24400735487678263	0.7411828468492555	0.41566788148430817	0.25256832154272696	0.21016098191533136	0.39631708433051294	0.41734518586810515	0.6395657813917608	1.0	1.0	1.0	0.23263025089391193	0.2673055986459021	0.20611589382394993	0.3793292087372064	0.3087513545777992	0.2473842968403205	1.0	0.5470768359762093	0.39899934795589204	0.3655205747762289	1.0	0.47799397874097527	1.0	0.39591378369377744
el	1.0	1.0	1.0	1.0	0.46769864429706104	0.5240672239197538	1.0	0.3169724453070822	0.4373933187315588	0.4402804497344881	1.0	1.0	0.5607442502849977	0.5864924057903893	0.37062388633723936	1.0	1.0	1.0	1.0	1.0	1.0	0.40835358999755045	0.6786291688147437	0.41409055897219643	0.7455134344225701	1.0	0.6923311229799008	1.0	1.0	1.0	0.5572657870493425	1.0	1.0	1.0	1.0
en	1.0	0.5660160774121898	1.0	0.7969956515021337	0.2746293788518887	0.21579748360265918	0.3169724453070822	1.0	0.2505365122546933	0.21506956669060892	0.41439313775392494	0.3323853382047769	0.293579103148546	0.2886603783227934	0.2877536658782989	0.4373398481967917	0.44145379191429884	0.4402613633786811	0.5660160774121898	1.0	1.0	0.24850346499444456	0.2970605866081369	0.25721321105668177	0.41762642972460157	0.41516143398487215	0.26250120646815295	1.0	0.33918996779201044	0.36834427311593826	0.3283127860253167	0.36927742587916573	0.37280023709571564	1.0	0.3884123830783279
es	1.0	1.0	1.0	0.7690990303325336	0.26611134274020004	0.21507089605322993	0.4373933187315588	0.2505365122546933	1.0	0.21866888876021714	0.46430765999408924	0.6841174893561723	0.4037812503042657	0.2826256615470536	0.24740738918415375	0.3743409472561243	0.3578485380060063	0.8055567530094857	1.0	1.0	1.0	0.24089167258232103	0.27658997204779445	0.22822009236823543	0.3442825346783801	0.33029636430723774	0.2404858884680021	1.0	0.5215710612402171	0.33202334156588326	0.3112613954335186	0.7322034805959263	0.5827054103627977	1.0	0.35419838529271797
fr	1.0	1.0	1.0	1.0	0.2172574582652605	0.1893040402500954	0.4402804497344881	0.21506956669060892	0.21866888876021714	1.0	0.45745180703817684	0.6286737270540138	0.35547211196381134	0.3479556682246699	0.22121342634285615	0.23313632978926765	0.23358604435931837	0.6380732827477678	1.0	1.0	1.0	0.23191918384595003	0.2969635287097165	0.23500952794119442	0.3874682364832961	0.2853688153562307	0.2966740389532799	1.0	0.4336790605639492	0.4197295252320984	0.25106356670148067	0.6786291688147437	0.5427967153477745	1.0	0.3071743001508633
he	0.0	1.0	1.0	1.0	0.3081812699933617	0.24400735487678263	1.0	0.41439313775392494	0.46430765999408924	0.45745180703817684	1.0	1.0	0.6841174893561722	0.4103404141485592	0.30686934370184593	1.0	1.0	1.0	1.0	1.0	1.0	0.3428939767158523	0.7248485669756152	0.42553740014174385	0.6908587525207898	1.0	0.4882198882698817	1.0	0.7411828468492555	1.0	0.6504036062041291	1.0	0.7376607345031153	1.0	1.0
hi	1.0	1.0	1.0	1.0	0.6104846837456948	0.7411828468492555	1.0	0.3323853382047769	0.6841174893561723	0.6286737270540138	1.0	1.0	0.72653347084664	0.6300331949870974	0.4596112647725693	1.0	1.0	1.0	1.0	1.0	1.0	0.4354670521374121	1.0	0.6121235439087237	0.7584325078215763	1.0	0.36714535248455654	1.0	0.6395657813917608	1.0	1.0	1.0	1.0	0.0	1.0
hu	1.0	0.8216064286890065	1.0	1.0	0.3490530162464918	0.41566788148430817	0.5607442502849977	0.293579103148546	0.4037812503042657	0.35547211196381134	0.6841174893561722	0.72653347084664	1.0	0.34899771447775807	0.34747358349782087	0.7702858639467776	0.7215065243500479	0.7106922308883378	0.8216064286890065	1.0	1.0	0.36774268352688805	0.5652942594095139	0.46078051745440585	0.6380265062558595	0.5585992745831957	0.34079299524015794	1.0	0.5604921584415815	0.6413248438516836	0.5860543010197159	0.7510341748895937	0.7265334708466399	1.0	0.7318868896383709
id	1.0	1.0	1.0	0.7690990303325336	0.23383202168724956	0.25256832154272696	0.5864924057903893	0.2886603783227934	0.2826256615470536	0.3479556682246699	0.4103404141485592	0.6300331949870974	0.34899771447775807	1.0	0.2898605253261419	0.3421488150148735	0.3568950760265479	1.0	1.0	1.0	1.0	0.2579132852734596	0.3449061249366931	0.26796831885980477	0.24705632039489467	0.3368237066803483	0.22479604683177445	1.0	0.615773171291662	0.2624075415599876	0.3470914880633993	0.6223041007404059	0.6908587525207898	1.0	0.42188558166349255
it	1.0	0.5455381281950756	1.0	0.4805954866802148	0.25956597007789506	0.21016098191533136	0.37062388633723936	0.2877536658782989	0.24740738918415375	0.22121342634285615	0.30686934370184593	0.4596112647725693	0.34747358349782087	0.2898605253261419	1.0	0.3828933096193798	0.3327510517354551	0.37486058326058447	0.5455381281950756	1.0	0.5660160774121898	0.2333875102044677	0.30425253860383755	0.2394397896354438	0.30559717125000774	0.36934820755835596	0.26710356960377063	1.0	0.31803924790661364	0.37633014268252646	0.25931377479263934	0.40272781479378505	0.3525157008038304	1.0	0.3799469247528675
ja	1.0	1.0	1.0	1.0	0.2702616314041276	0.39631708433051294	1.0	0.4373398481967917	0.3743409472561243	0.23313632978926765	1.0	1.0	0.7702858639467776	0.3421488150148735	0.3828933096193798	1.0	0.6356288275679675	1.0	1.0	1.0	1.0	0.3085994303099932	0.718925811717485	0.2900274983253111	0.6608521442956614	1.0	0.2968296201403243	1.0	0.5343528227450526	1.0	0.49355125805606487	1.0	0.7376607345031153	1.0	0.7128329397683223
ko	1.0	1.0	1.0	1.0	0.2439121800488048	0.41734518586810515	1.0	0.44145379191429884	0.3578485380060063	0.23358604435931837	1.0	1.0	0.7215065243500479	0.3568950760265479	0.3327510517354551	0.6356288275679675	1.0	0.7455134344225701	1.0	1.0	1.0	0.287675874017568	0.5407111637978733	0.3398038379600648	0.5948536881036317	0.7162976956558117	0.2981667618651995	1.0	0.500926616480058	0.7263875964832448	0.45412454680883074	1.0	0.7376607345031153	1.0	0.7155258672934656
lv	1.0	1.0	1.0	1.0	0.6915046249513691	0.6395657813917608	1.0	0.4402613633786811	0.8055567530094857	0.6380732827477678	1.0	1.0	0.7106922308883378	1.0	0.37486058326058447	1.0	0.7455134344225701	1.0	1.0	1.0	1.0	0.6395657813917608	1.0	0.74551343442257	1.0	1.0	0.7106922308883379	1.0	0.6395657813917608	1.0	0.7510341748895938	1.0	1.0	1.0	1.0
mk	0.0	1.0	0.0	1.0	1.0	1.0	1.0	0.5660160774121898	1.0	1.0	1.0	1.0	0.8216064286890065	1.0	0.5455381281950756	1.0	1.0	1.0	1.0	1.0	1.0	1.0	1.0	1.0	1.0	1.0	1.0	1.0	1.0	1.0	1.0	1.0	1.0	0.0	1.0
ml	1.0	1.0	1.0	0.0	0.5660160774121898	1.0	1.0	1.0	1.0	1.0	1.0	1.0	1.0	1.0	1.0	1.0	1.0	1.0	1.0	1.0	0.0	1.0	1.0	1.0	1.0	1.0	1.0	1.0	1.0	1.0	1.0	1.0	1.0	0.0	1.0
mr	0.0	1.0	0.0	1.0	1.0	1.0	1.0	1.0	1.0	1.0	1.0	1.0	1.0	1.0	0.5660160774121898	1.0	1.0	1.0	1.0	0.0	1.0	1.0	1.0	1.0	1.0	1.0	1.0	1.0	1.0	1.0	1.0	1.0	1.0	1.0	1.0
nl	1.0	1.0	1.0	0.4695960115558277	0.21040221816213298	0.23263025089391193	0.40835358999755045	0.24850346499444456	0.24089167258232103	0.23191918384595003	0.3428939767158523	0.4354670521374121	0.36774268352688805	0.2579132852734596	0.2333875102044677	0.3085994303099932	0.287675874017568	0.6395657813917608	1.0	1.0	1.0	1.0	0.22350579996558437	0.2102362032058338	0.2938349209325892	0.25641103770582424	0.24878080273347053	1.0	0.5066354905452762	0.3236242334586051	0.26214000306506774	1.0	0.5720259430912219	1.0	0.3187386511326263
pl	1.0	1.0	1.0	1.0	0.2621964310149913	0.2673055986459021	0.6786291688147437	0.2970605866081369	0.27658997204779445	0.2969635287097165	0.7248485669756152	1.0	0.5652942594095139	0.3449061249366931	0.30425253860383755	0.718925811717485	0.5407111637978733	1.0	1.0	1.0	1.0	0.22350579996558437	1.0	0.2591638365710173	0.4439376925629389	0.39349960357706887	0.27658723280965214	1.0	0.5410229996946755	0.6094839682520681	0.43242714673379673	1.0	1.0	1.0	0.7179915061657696
pt	1.0	1.0	1.0	0.7690990303325336	0.22674169510998843	0.20611589382394993	0.41409055897219643	0.25721321105668177	0.22822009236823543	0.23500952794119442	0.42553740014174385	0.6121235439087237	0.46078051745440585	0.26796831885980477	0.2394397896354438	0.2900274983253111	0.3398038379600648	0.74551343442257	1.0	1.0	1.0	0.2102362032058338	0.2591638365710173	1.0	0.3864836092204757	0.317967761082654	0.22698610409529596	1.0	0.40890252014980305	0.3612258553185572	0.29464229698685546	0.5609335788544478	0.4304642711860931	1.0	0.3908533078090133
ro	1.0	1.0	1.0	0.7690990303325336	0.5516366027148288	0.3793292087372064	0.7455134344225701	0.41762642972460157	0.3442825346783801	0.3874682364832961	0.6908587525207898	0.7584325078215763	0.6380265062558595	0.24705632039489467	0.30559717125000774	0.6608521442956614	0.5948536881036317	1.0	1.0	1.0	1.0	0.2938349209325892	0.4439376925629389	0.3864836092204757	1.0	0.40184163611452983	0.548776068106912	1.0	0.7455134344225701	0.6456709016529334	0.379162590485648	1.0	1.0	1.0	0.6456709016529334
ru	1.0	1.0	0.0	1.0	0.29677469466733924	0.3087513545777992	1.0	0.41516143398487215	0.33029636430723774	0.2853688153562307	1.0	1.0	0.5585992745831957	0.3368237066803483	0.36934820755835596	1.0	0.7162976956558117	1.0	1.0	1.0	1.0	0.25641103770582424	0.39349960357706887	0.317967761082654	0.40184163611452983	1.0	0.27998295140995366	1.0	0.5343528227450526	1.0	0.48605913004824214	1.0	0.7376607345031153	1.0	1.0
sh	1.0	1.0	1.0	1.0	0.27637111046232415	0.2473842968403205	0.6923311229799008	0.26250120646815295	0.2404858884680021	0.2966740389532799	0.4882198882698817	0.36714535248455654	0.34079299524015794	0.22479604683177445	0.26710356960377063	0.2968296201403243	0.2981667618651995	0.7106922308883379	1.0	1.0	1.0	0.24878080273347053	0.27658723280965214	0.22698610409529596	0.548776068106912	0.27998295140995366	1.0	1.0	0.37188894193900673	0.5026362991944016	0.5102242230002705	0.4507365347897526	0.31364300750068347	1.0	0.26981584861706476
si	0.0	0.0	0.0	1.0	1.0	1.0	1.0	1.0	1.0	1.0	1.0	1.0	1.0	1.0	1.0	1.0	1.0	1.0	1.0	1.0	1.0	1.0	1.0	1.0	1.0	1.0	1.0	1.0	1.0	1.0	1.0	1.0	1.0	1.0	1.0
simple	1.0	1.0	1.0	1.0	0.33821264265693746	0.5470768359762093	1.0	0.33918996779201044	0.5215710612402171	0.4336790605639492	0.7411828468492555	0.6395657813917608	0.5604921584415815	0.615773171291662	0.31803924790661364	0.5343528227450526	0.500926616480058	0.6395657813917608	1.0	1.0	1.0	0.5066354905452762	0.5410229996946755	0.40890252014980305	0.7455134344225701	0.5343528227450526	0.37188894193900673	1.0	1.0	1.0	0.596758689454266	0.5312164824941406	1.0	1.0	0.5410229996946755
sr	1.0	1.0	1.0	1.0	0.5270023833439482	0.39899934795589204	1.0	0.36834427311593826	0.33202334156588326	0.4197295252320984	1.0	1.0	0.6413248438516836	0.2624075415599876	0.37633014268252646	1.0	0.7263875964832448	1.0	1.0	1.0	1.0	0.3236242334586051	0.6094839682520681	0.3612258553185572	0.6456709016529334	1.0	0.5026362991944016	1.0	1.0	1.0	0.5208835338536114	0.5895656374651358	1.0	1.0	1.0
sv	1.0	1.0	1.0	1.0	0.21358073695557872	0.3655205747762289	0.5572657870493425	0.3283127860253167	0.3112613954335186	0.25106356670148067	0.6504036062041291	1.0	0.5860543010197159	0.3470914880633993	0.25931377479263934	0.49355125805606487	0.45412454680883074	0.7510341748895938	1.0	1.0	1.0	0.26214000306506774	0.43242714673379673	0.29464229698685546	0.379162590485648	0.48605913004824214	0.5102242230002705	1.0	0.596758689454266	0.5208835338536114	1.0	0.5490104195333285	0.6994017365373272	1.0	0.5515731361886822
te	0.0	1.0	1.0	1.0	1.0	1.0	1.0	0.36927742587916573	0.7322034805959263	0.6786291688147437	1.0	1.0	0.7510341748895937	0.6223041007404059	0.40272781479378505	1.0	1.0	1.0	1.0	1.0	1.0	1.0	1.0	0.5609335788544478	1.0	1.0	0.4507365347897526	1.0	0.5312164824941406	0.5895656374651358	0.5490104195333285	1.0	1.0	1.0	1.0
vi	1.0	1.0	1.0	1.0	0.595312588567023	0.47799397874097527	1.0	0.37280023709571564	0.5827054103627977	0.5427967153477745	0.7376607345031153	1.0	0.7265334708466399	0.6908587525207898	0.3525157008038304	0.7376607345031153	0.7376607345031153	1.0	1.0	1.0	1.0	0.5720259430912219	1.0	0.4304642711860931	1.0	0.7376607345031153	0.31364300750068347	1.0	1.0	1.0	0.6994017365373272	1.0	1.0	1.0	0.7411828468492555
war	0.0	0.0	0.0	0.0	1.0	1.0	1.0	1.0	1.0	1.0	1.0	0.0	1.0	1.0	1.0	1.0	1.0	1.0	0.0	0.0	1.0	1.0	1.0	1.0	1.0	1.0	1.0	1.0	1.0	1.0	1.0	1.0	1.0	1.0	0.0
zh	1.0	1.0	1.0	1.0	0.27167989347883614	0.39591378369377744	1.0	0.3884123830783279	0.35419838529271797	0.3071743001508633	1.0	1.0	0.7318868896383709	0.42188558166349255	0.3799469247528675	0.7128329397683223	0.7155258672934656	1.0	1.0	1.0	1.0	0.3187386511326263	0.7179915061657696	0.3908533078090133	0.6456709016529334	1.0	0.26981584861706476	1.0	0.5410229996946755	1.0	0.5515731361886822	1.0	0.7411828468492555	0.0	1.0
