arz	bs	ceb	ckb	da	de	el	en	es	fr	he	hi	hu	id	it	ja	ko	lv	mk	ml	mr	nl	pl	pt	ro	ru	sh	si	simple	sr	sv	te	vi	war	zh
arz	0.5	0.03488372093023256	0.015625	0.05862068965517241	0.0	0.005952380952380952	0.028846153846153848	0.003667481662591687	0.0019305019305019305	0.008620689655172414	0.015306122448979591	0.0	0.046875	0.034482758620689655	0.007317073170731708	0.1	0.041666666666666664	0.004166666666666667	0.031914893617021274	0.045454545454545456	0.07518796992481203	0.0046875	0.0005384063173007897	0.003816793893129771	0.0	0.0007656967840735069	0.03488372093023256	0.0703125	0.041666666666666664	0.007425742574257425	0.008928571428571428	0.06481481481481481	0.027777777777777776	0.07865168539325842	0.028846153846153848
bs	0.03488372093023256	1.0	0.014285714285714285	0.1	0.029411764705882353	0.07708372910334346	0.18840579710144928	0.04910951353766485	0.02564102564102564	0.1079291453823769	0.07317073170731707	0.0	0.13559322033898305	0.014492753623188406	0.08138238999241096	0.13043478260869565	0.29	0.06690140845070422	0.38235294117647056	0.11898913335906704	0.08949416342412451	0.02025477894412834	0.00680759584378359	0.030413625304136254	0.03333333333333333	0.009933774834437087	0.44098057354301573	0.09493930779296962	0.009615384615384616	0.06976744186046512	0.04015924551638837	0.09252669039145907	0.17045454545454544	0.08294930875576037	0.23076923076923078
ceb	0.015625	0.014285714285714285	1.0	0.02336448598130841	0.005964214711729622	0.0014393666786613889	0.0077951002227171495	0.0008059641345960105	0.001687051876845213	0.0015600624024961	0.003913894324853229	0.010075566750629723	0.007625272331154684	0.005479452054794521	0.0015079707022834985	0.0028208744710860366	0.004469273743016759	0.01016260162601626	0.01206896551724138	0.015151515151515152	0.030927835051546393	0.0022109917877447885	0.0017905102954341987	0.00200300450676014	0.008456659619450317	0.0020639834881320948	0.006369426751592357	0.03333333333333333	0.006108202443280977	0.0048367593712212815	0.002797761790567546	0.015503875968992248	0.004704301075268817	0.06382978723404255	0.0030621172353455816
ckb	0.05862068965517241	0.1	0.02336448598130841	1.0	0.07291666666666667	0.017966223499820338	0.07861635220125786	0.010376453349851777	0.021336894000611995	0.019278212965451357	0.04501452081316554	0.07852193995381063	0.07230142566191446	0.05823293172690763	0.021514629948364887	0.033304714169152275	0.050716648291069456	0.11964285714285715	0.09545454545454546	0.10288808664259928	0.10303030303030303	0.03018867924528302	0.0216770719793505	0.02498750624687656	0.077	0.025223292258985258	0.07414829659318638	0.11935483870967742	0.0680672268907563	0.048292108362779744	0.03645007923930269	0.09947643979057591	0.057236842105263155	0.12083333333333333	0.03986135181975736
da	0.0	0.029411764705882353	0.005964214711729622	0.07291666666666667	0.5	0.007722007722007722	0.025	0.009708737864077669	0.0038363171355498722	0.011049723756906077	0.014150943396226415	0.0	0.0375	0.0	0.009433962264150943	0.06521739130434782	0.03409090909090909	0.00390625	0.02727272727272727	0.11662733691957529	0.06616419633497432	0.004573170731707317	0.0014342058085335247	0.003740648379052369	0.016129032258064516	0.0022947475777664456	0.029411764705882353	0.05815155027867547	0.025	0.01201923076923077	0.017341040462427744	0.06846359122910052	0.0	0.041666666666666664	0.03389830508474576
de	0.005952380952380952	0.07708372910334346	0.0014393666786613889	0.017966223499820338	0.007722007722007722	1.0	0.08461538461538462	0.11296267727153256	0.06291028446389496	0.13224626081454166	0.16037735849056603	0.005952380952380952	0.03787878787878788	0.00909090909090909	0.07333895039933055	0.025590551181102362	0.06470588235294118	0.02857142857142857	0.08858267716535433	0.03715175871085572	0.016394434583680124	0.032588454376163874	0.018801118030369136	0.03305785123966942	0.013157894736842105	0.021954674220963172	0.0776733765015015	0.015114352946648466	0.015748031496062992	0.08656330749354005	0.025291545189504376	0.021364452423698384	0.029644268774703556	0.008096437567470314	0.07575757575757576
el	0.028846153846153848	0.18840579710144928	0.0077951002227171495	0.07861635220125786	0.025	0.08461538461538462	0.5	0.06082725060827251	0.02937420178799489	0.07948717948717948	0.13559322033898305	0.0	0.13636363636363635	0.01948051948051948	0.05387931034482758	0.09821428571428571	0.12857142857142856	0.03125	0.21739130434782608	0.11557990525659369	0.07521186440677965	0.026912181303116147	0.0082378223495702	0.024764150943396228	0.02142857142857143	0.011444557477110885	0.18840579710144928	0.06680212531042001	0.016666666666666666	0.08256880733944955	0.03140096618357488	0.08231707317073171	0.04838709677419355	0.04777777777777778	0.12650602409638553
en	0.003667481662591687	0.04910951353766485	0.0008059641345960105	0.010376453349851777	0.009708737864077669	0.11296267727153256	0.06082725060827251	1.0	0.09787659768715763	0.10513898273676563	0.10645933014354067	0.003667481662591687	0.02877697841726619	0.009415634759230141	0.06818633832700109	0.018337408312958436	0.042682926829268296	0.020750988142292492	0.05474452554744526	0.02297998898407067	0.009577839352998907	0.04013555645926528	0.03669682134137823	0.03609625668449198	0.015587529976019185	0.04967502321262767	0.04920121327304663	0.008869114769644332	0.012224938875305624	0.08863198458574181	0.027515326729305727	0.01259669964353343	0.019559902200488997	0.004533548257102559	0.05676328502415459
es	0.0019305019305019305	0.02564102564102564	0.001687051876845213	0.021336894000611995	0.0038363171355498722	0.06291028446389496	0.02937420178799489	0.09787659768715763	1.0	0.058098591549295774	0.05520304568527919	0.0019305019305019305	0.0133248730964467	0.0037546933667083854	0.03956043956043956	0.008997429305912597	0.021822849807445442	0.012013729977116704	0.028205128205128206	0.046261033887128954	0.019627257438215036	0.03880157170923379	0.017426662794074933	0.03424657534246575	0.006345177664974619	0.024338827136834038	0.02496798975672215	0.018120522545301308	0.005784061696658098	0.042081949058693245	0.010810810810810811	0.025252525252525252	0.009640102827763496	0.009489666807254323	0.028698979591836735
fr	0.008620689655172414	0.1079291453823769	0.0015600624024961	0.019278212965451357	0.011049723756906077	0.13224626081454166	0.07948717948717948	0.10513898273676563	0.058098591549295774	1.0	0.1325581395348837	0.008620689655172414	0.05080213903743316	0.010101010101010102	0.19508554546888668	0.04	0.08011049723756906	0.032846715328467155	0.11049723756906077	0.04193244721699413	0.017919750681729647	0.03463203463203463	0.013018580815489142	0.036931818181818184	0.018617021276595744	0.02024390243902439	0.10657332433648223	0.016556291390728478	0.022727272727272728	0.07317073170731707	0.026399425721626114	0.022948269155970438	0.03977272727272727	0.008775351014040561	0.08854166666666667
he	0.015306122448979591	0.07317073170731707	0.003913894324853229	0.04501452081316554	0.014150943396226415	0.16037735849056603	0.13559322033898305	0.10645933014354067	0.05520304568527919	0.1325581395348837	0.5	0.015306122448979591	0.0603448275862069	0.01639344262295082	0.06319702602230483	0.04326923076923077	0.05371900826446281	0.004672897196261682	0.08	0.08262161455106228	0.041339998825463936	0.031806615776081425	0.01171043293115685	0.031385281385281384	0.021929824561403508	0.015538847117794486	0.07317073170731707	0.03907696500906963	0.029411764705882353	0.06818181818181818	0.023622047244094488	0.0519730510105871	0.004424778761061947	0.02048780487804878	0.05970149253731343
hi	0.0	0.0	0.010075566750629723	0.07852193995381063	0.0	0.005952380952380952	0.0	0.003667481662591687	0.0019305019305019305	0.008620689655172414	0.015306122448979591	0.5	0.0	0.0	0.0	0.0	0.0	0.0	0.0	0.15354676296921133	0.09354110487123031	0.0	0.0001793400286944046	0.0012658227848101266	0.0	0.0007656967840735069	0.0	0.0829326923076923	0.0	0.0049261083743842365	0.0	0.10726213231390039	0.0	0.05112219451371571	0.009259259259259259
hu	0.046875	0.13559322033898305	0.007625272331154684	0.07230142566191446	0.0375	0.03787878787878788	0.13636363636363635	0.02877697841726619	0.0133248730964467	0.05080213903743316	0.0603448275862069	0.0	0.5	0.017241379310344827	0.03619909502262444	0.13513513513513514	0.10714285714285714	0.006756756756756757	0.12698412698412698	0.11574984547957522	0.07429940044630455	0.019174041297935103	0.003754022166607079	0.019559902200488997	0.04081632653061224	0.00558659217877095	0.125	0.06288659793814433	0.012195121951219513	0.02702702702702703	0.03763440860215054	0.08651911468812877	0.010638297872340425	0.044372294372294376	0.1
id	0.034482758620689655	0.014492753623188406	0.005479452054794521	0.05823293172690763	0.0	0.00909090909090909	0.01948051948051948	0.009415634759230141	0.0037546933667083854	0.010101010101010102	0.01639344262295082	0.0	0.017241379310344827	1.0	0.008733624454148471	0.024390243902439025	0.016129032258064516	0.0	0.020833333333333332	0.10836501901140684	0.05632084955185255	0.005813953488372093	0.0010683760683760685	0.007228915662650603	0.0	0.0010085728693898135	0.014492753623188406	0.05141937896327688	0.013513513513513514	0.006607929515418502	0.007772020725388601	0.06697612732095491	0.023809523809523808	0.029371584699453553	0.01948051948051948
it	0.007317073170731708	0.08138238999241096	0.0015079707022834985	0.021514629948364887	0.009433962264150943	0.07333895039933055	0.05387931034482758	0.06818633832700109	0.03956043956043956	0.19508554546888668	0.06319702602230483	0.0	0.03619909502262444	0.008733624454148471	1.0	0.028846153846153848	0.06839622641509434	0.029508196721311476	0.08604651162790698	0.04564722276430856	0.01869406838753239	0.027323456670719577	0.010074669726216423	0.025483304042179262	0.013636363636363636	0.014503090822634332	0.0839918719701488	0.01696006869901245	0.016826923076923076	0.04411764705882353	0.025452615188619153	0.024695172067382302	0.03125	0.009478672985781991	0.07623318385650224
ja	0.1	0.13043478260869565	0.0028208744710860366	0.033304714169152275	0.06521739130434782	0.025590551181102362	0.09821428571428571	0.018337408312958436	0.008997429305912597	0.04	0.04326923076923077	0.0	0.13513513513513514	0.024390243902439025	0.028846153846153848	0.5	0.15384615384615385	0.007633587786259542	0.12	0.06966592221728223	0.03246116541815982	0.018575851393188854	0.002511661284535343	0.015151515151515152	0.014285714285714285	0.0035714285714285713	0.13043478260869565	0.029553870020314548	0.020833333333333332	0.031862745098039214	0.028901734104046242	0.03988803358992302	0.016666666666666666	0.015867418899858956	0.12037037037037036
ko	0.041666666666666664	0.29	0.004469273743016759	0.050716648291069456	0.03409090909090909	0.06470588235294118	0.12857142857142856	0.042682926829268296	0.021822849807445442	0.08011049723756906	0.05371900826446281	0.0	0.10714285714285714	0.016129032258064516	0.06839622641509434	0.15384615384615385	0.5	0.07037037037037037	0.26851851851851855	0.0969100865366867	0.04885286765432796	0.02046783625730994	0.0059160989602007885	0.02063106796116505	0.03773584905660377	0.008409785932721712	0.29	0.044370632818974416	0.011111111111111112	0.06937799043062201	0.03125	0.05616139585605234	0.20270270270270271	0.024553571428571428	0.2857142857142857
lv	0.004166666666666667	0.06690140845070422	0.01016260162601626	0.11964285714285715	0.00390625	0.02857142857142857	0.03125	0.020750988142292492	0.012013729977116704	0.032846715328467155	0.004672897196261682	0.0	0.006756756756756757	0.0	0.029508196721311476	0.007633587786259542	0.07037037037037037	0.5	0.06506849315068493	0.1573441247002398	0.11454545454545455	0.0034482758620689655	0.00399166955918084	0.005940594059405941	0.0072992700729927005	0.0060916179337231965	0.06690140845070422	0.10473714189274715	0.0	0.03333333333333333	0.00530035335689046	0.1060555509216782	0.058333333333333334	0.08064516129032258	0.06291390728476821
mk	0.031914893617021274	0.38235294117647056	0.01206896551724138	0.09545454545454546	0.02727272727272727	0.08858267716535433	0.21739130434782608	0.05474452554744526	0.028205128205128206	0.11049723756906077	0.08	0.0	0.12698412698412698	0.020833333333333332	0.08604651162790698	0.12	0.26851851851851855	0.06506849315068493	0.5	0.12498066916527181	0.08211299313893654	0.02130681818181818	0.007888131946934385	0.03140096618357488	0.03125	0.011213047910295617	0.36538461538461536	0.08391204967858652	0.008928571428571428	0.0763888888888889	0.03482587064676617	0.08309859154929577	0.15625	0.06418918918918919	0.23880597014925373
ml	0.045454545454545456	0.11898913335906704	0.015151515151515152	0.10288808664259928	0.11662733691957529	0.03715175871085572	0.11557990525659369	0.02297998898407067	0.046261033887128954	0.04193244721699413	0.08262161455106228	0.15354676296921133	0.11574984547957522	0.10836501901140684	0.04564722276430856	0.06966592221728223	0.0969100865366867	0.1573441247002398	0.12498066916527181	1.0	0.11368148081910043	0.06256973997402304	0.044750698242399224	0.05293294108885051	0.13472418164620223	0.051705900169366464	0.12222556430940801	0.10565325018347978	0.11978361669242658	0.0888628824352912	0.0737169727182421	0.12558343057176197	0.10770053946737522	0.0876068376068376	0.07956636324369593
mr	0.07518796992481203	0.08949416342412451	0.030927835051546393	0.10303030303030303	0.06616419633497432	0.016394434583680124	0.07521186440677965	0.009577839352998907	0.019627257438215036	0.017919750681729647	0.041339998825463936	0.09354110487123031	0.07429940044630455	0.05632084955185255	0.01869406838753239	0.03246116541815982	0.04885286765432796	0.11454545454545455	0.08211299313893654	0.11368148081910043	1.0	0.027821295628445826	0.019668366669615425	0.02250966923820056	0.07552535184114131	0.02237971369827533	0.06780062307282682	0.11611416175174565	0.07106164383561644	0.04645326893588789	0.034728951777640425	0.1444242790885259	0.059658855485474886	0.14220183486238533	0.0397564263865843
nl	0.0046875	0.02025477894412834	0.0022109917877447885	0.03018867924528302	0.004573170731707317	0.032588454376163874	0.026912181303116147	0.04013555645926528	0.03880157170923379	0.03463203463203463	0.031806615776081425	0.0	0.019174041297935103	0.005813953488372093	0.027323456670719577	0.018575851393188854	0.02046783625730994	0.0034482758620689655	0.02130681818181818	0.06256973997402304	0.027821295628445826	1.0	0.006857158559315104	0.021198830409356724	0.004437869822485207	0.008932559178204555	0.02005730659025788	0.025554377024528303	0.007692307692307693	0.022	0.018046709129511677	0.0361180904522613	0.0014925373134328358	0.014222503160556258	0.019553072625698324
pl	0.0005384063173007897	0.00680759584378359	0.0017905102954341987	0.0216770719793505	0.0014342058085335247	0.018801118030369136	0.0082378223495702	0.03669682134137823	0.017426662794074933	0.013018580815489142	0.01171043293115685	0.0001793400286944046	0.003754022166607079	0.0010683760683760685	0.010074669726216423	0.002511661284535343	0.0059160989602007885	0.00399166955918084	0.007888131946934385	0.044750698242399224	0.019668366669615425	0.006857158559315104	1.0	0.007341206511330993	0.001967095851216023	0.04918981481481482	0.0064481030622684675	0.01830357142857143	0.0014347202295552368	0.020738933426280935	0.003579952267303103	0.025389755011135856	0.002691065662002153	0.009843400447427294	0.0075107296137339056
pt	0.003816793893129771	0.030413625304136254	0.00200300450676014	0.02498750624687656	0.003740648379052369	0.03305785123966942	0.024764150943396228	0.03609625668449198	0.03424657534246575	0.036931818181818184	0.031385281385281384	0.0012658227848101266	0.019559902200488997	0.007228915662650603	0.025483304042179262	0.015151515151515152	0.02063106796116505	0.005940594059405941	0.03140096618357488	0.05293294108885051	0.02250966923820056	0.021198830409356724	0.007341206511330993	0.5	0.0036496350364963502	0.010416666666666666	0.02784503631961259	0.021292989489069925	0.0024937655860349127	0.022847100175746926	0.012797074954296161	0.02946263980303855	0.0049382716049382715	0.011011011011011011	0.023529411764705882
ro	0.0	0.03333333333333333	0.008456659619450317	0.077	0.016129032258064516	0.013157894736842105	0.02142857142857143	0.015587529976019185	0.006345177664974619	0.018617021276595744	0.021929824561403508	0.0	0.04081632653061224	0.0	0.013636363636363636	0.014285714285714285	0.03773584905660377	0.0072992700729927005	0.03125	0.13472418164620223	0.07552535184114131	0.004437869822485207	0.001967095851216023	0.0036496350364963502	1.0	0.003816793893129771	0.02459016393442623	0.0655241935483871	0.0	0.011467889908256881	0.0026595744680851063	0.07833655705996131	0.013888888888888888	0.04411764705882353	0.03676470588235294
ru	0.0007656967840735069	0.009933774834437087	0.0020639834881320948	0.025223292258985258	0.0022947475777664456	0.021954674220963172	0.011444557477110885	0.04967502321262767	0.024338827136834038	0.02024390243902439	0.015538847117794486	0.0007656967840735069	0.00558659217877095	0.0010085728693898135	0.014503090822634332	0.0035714285714285713	0.008409785932721712	0.0060916179337231965	0.011213047910295617	0.051705900169366464	0.02237971369827533	0.008932559178204555	0.04918981481481482	0.010416666666666666	0.003816793893129771	0.5	0.009933774834437087	0.02166216328363043	0.0015282730514518594	0.03543111992071358	0.01401643305944901	0.030070417535762978	0.003826530612244898	0.011609907120743035	0.011444557477110885
sh	0.03488372093023256	0.44098057354301573	0.006369426751592357	0.07414829659318638	0.029411764705882353	0.0776733765015015	0.18840579710144928	0.04920121327304663	0.02496798975672215	0.10657332433648223	0.07317073170731707	0.0	0.125	0.014492753623188406	0.0839918719701488	0.13043478260869565	0.29	0.06690140845070422	0.36538461538461536	0.12222556430940801	0.06780062307282682	0.02005730659025788	0.0064481030622684675	0.02784503631961259	0.02459016393442623	0.009933774834437087	1.0	0.06878628284158238	0.009615384615384616	0.06712962962962964	0.04381443298969072	0.0812133072407045	0.17045454545454544	0.04449152542372881	0.23076923076923078
si	0.0703125	0.09493930779296962	0.03333333333333333	0.11935483870967742	0.05815155027867547	0.015114352946648466	0.06680212531042001	0.008869114769644332	0.018120522545301308	0.016556291390728478	0.03907696500906963	0.0829326923076923	0.06288659793814433	0.05141937896327688	0.01696006869901245	0.029553870020314548	0.044370632818974416	0.10473714189274715	0.08391204967858652	0.10565325018347978	0.11611416175174565	0.025554377024528303	0.01830357142857143	0.021292989489069925	0.0655241935483871	0.02166216328363043	0.06878628284158238	1.0	0.0641025641025641	0.04529201430274136	0.03182171162140199	0.1016949152542373	0.05179282868525897	0.13333333333333333	0.037224654099152106
simple	0.041666666666666664	0.009615384615384616	0.006108202443280977	0.0680672268907563	0.025	0.015748031496062992	0.016666666666666666	0.012224938875305624	0.005784061696658098	0.022727272727272728	0.029411764705882353	0.0	0.012195121951219513	0.013513513513513514	0.016826923076923076	0.020833333333333332	0.011111111111111112	0.0	0.008928571428571428	0.11978361669242658	0.07106164383561644	0.007692307692307693	0.0014347202295552368	0.0024937655860349127	0.0	0.0015282730514518594	0.009615384615384616	0.0641025641025641	0.5	0.002369668246445498	0.002824858757062147	0.07508250825082509	0.02	0.037456445993031356	0.00819672131147541
sr	0.007425742574257425	0.06976744186046512	0.0048367593712212815	0.048292108362779744	0.01201923076923077	0.08656330749354005	0.08256880733944955	0.08863198458574181	0.042081949058693245	0.07317073170731707	0.06818181818181818	0.0049261083743842365	0.02702702702702703	0.006607929515418502	0.04411764705882353	0.031862745098039214	0.06937799043062201	0.03333333333333333	0.0763888888888889	0.0888628824352912	0.04645326893588789	0.022	0.020738933426280935	0.022847100175746926	0.011467889908256881	0.03543111992071358	0.06712962962962964	0.04529201430274136	0.002369668246445498	0.5	0.02112676056338028	0.05737704918032787	0.03694581280788178	0.025934861278648975	0.08796296296296297
sv	0.008928571428571428	0.04015924551638837	0.002797761790567546	0.03645007923930269	0.017341040462427744	0.025291545189504376	0.03140096618357488	0.027515326729305727	0.010810810810810811	0.026399425721626114	0.023622047244094488	0.0	0.03763440860215054	0.007772020725388601	0.025452615188619153	0.028901734104046242	0.03125	0.00530035335689046	0.03482587064676617	0.0737169727182421	0.034728951777640425	0.018046709129511677	0.003579952267303103	0.012797074954296161	0.0026595744680851063	0.01401643305944901	0.04381443298969072	0.03182171162140199	0.002824858757062147	0.02112676056338028	1.0	0.042620363062352014	0.00273224043715847	0.018	0.023809523809523808
te	0.06481481481481481	0.09252669039145907	0.015503875968992248	0.09947643979057591	0.06846359122910052	0.021364452423698384	0.08231707317073171	0.01259669964353343	0.025252525252525252	0.022948269155970438	0.0519730510105871	0.10726213231390039	0.08651911468812877	0.06697612732095491	0.024695172067382302	0.03988803358992302	0.05616139585605234	0.1060555509216782	0.08309859154929577	0.12558343057176197	0.1444242790885259	0.0361180904522613	0.025389755011135856	0.02946263980303855	0.07833655705996131	0.030070417535762978	0.0812133072407045	0.1016949152542373	0.07508250825082509	0.05737704918032787	0.042620363062352014	1.0	0.06584093872229466	0.08620689655172414	0.04899579435665918
vi	0.027777777777777776	0.17045454545454544	0.004704301075268817	0.057236842105263155	0.0	0.029644268774703556	0.04838709677419355	0.019559902200488997	0.009640102827763496	0.03977272727272727	0.004424778761061947	0.0	0.010638297872340425	0.023809523809523808	0.03125	0.016666666666666666	0.20270270270270271	0.058333333333333334	0.15625	0.10770053946737522	0.059658855485474886	0.0014925373134328358	0.002691065662002153	0.0049382716049382715	0.013888888888888888	0.003826530612244898	0.17045454545454544	0.05179282868525897	0.02	0.03694581280788178	0.00273224043715847	0.06584093872229466	0.5	0.02956989247311828	0.14150943396226415
war	0.07865168539325842	0.08294930875576037	0.06382978723404255	0.12083333333333333	0.041666666666666664	0.008096437567470314	0.04777777777777778	0.004533548257102559	0.009489666807254323	0.008775351014040561	0.02048780487804878	0.05112219451371571	0.044372294372294376	0.029371584699453553	0.009478672985781991	0.015867418899858956	0.024553571428571428	0.08064516129032258	0.06418918918918919	0.0876068376068376	0.14220183486238533	0.014222503160556258	0.009843400447427294	0.011011011011011011	0.04411764705882353	0.011609907120743035	0.04449152542372881	0.13333333333333333	0.037456445993031356	0.025934861278648975	0.018	0.08620689655172414	0.02956989247311828	1.0	0.019702276707530646
zh	0.028846153846153848	0.23076923076923078	0.0030621172353455816	0.03986135181975736	0.03389830508474576	0.07575757575757576	0.12650602409638553	0.05676328502415459	0.028698979591836735	0.08854166666666667	0.05970149253731343	0.009259259259259259	0.1	0.01948051948051948	0.07623318385650224	0.12037037037037036	0.2857142857142857	0.06291390728476821	0.23880597014925373	0.07956636324369593	0.0397564263865843	0.019553072625698324	0.0075107296137339056	0.023529411764705882	0.03676470588235294	0.011444557477110885	0.23076923076923078	0.037224654099152106	0.00819672131147541	0.08796296296296297	0.023809523809523808	0.04899579435665918	0.14150943396226415	0.019702276707530646	0.5
