arz	bs	ceb	ckb	da	de	el	en	es	fr	he	hi	hu	id	it	ja	ko	lv	mk	ml	mr	nl	pl	pt	ro	ru	sh	si	simple	sr	sv	te	tr	vi	war	zh
arz	1.0	0.585786437626905	0.0	1.0	1.0	1.0	1.0	1.0	1.0	1.0	1.0	1.0	1.0	1.0	1.0	1.0	1.0	1.0	1.0	1.0	1.0	1.0	1.0	1.0	1.0	1.0	1.0	1.0	0.585786437626905	1.0	1.0	1.0	1.0	1.0	1.0	1.0
bs	0.585786437626905	1.0	1.0	0.4142135623730951	0.5	0.32037724101704074	0.44948974278317805	0.3333333333333333	0.3333333333333333	0.3534797987848214	0.353889367864523	0.44948974278317805	0.353889367864523	0.3021694792519622	0.3380788308512194	0.3333333333333333	0.3333333333333333	0.44948974278317805	0.44948974278317805	0.44948974278317805	0.585786437626905	0.3090169943749474	0.353889367864523	0.3333333333333333	0.38742588672279304	0.353889367864523	0.2736842978732132	0.585786437626905	0.32037724101704074	0.44948974278317805	0.3333333333333333	0.585786437626905	0.4142135623730951	0.3333333333333333	0.5	0.3333333333333333
ceb	0.0	1.0	1.0	0.0	1.0	1.0	0.0	1.0	1.0	1.0	1.0	1.0	1.0	1.0	1.0	1.0	1.0	1.0	1.0	1.0	0.0	1.0	1.0	1.0	1.0	1.0	1.0	1.0	1.0	1.0	1.0	0.0	-1.0	1.0	1.0	1.0
ckb	1.0	0.4142135623730951	0.0	1.0	0.585786437626905	0.44948974278317805	1.0	0.5	0.4364916731037085	0.585786437626905	1.0	1.0	1.0	0.44948974278317805	1.0	1.0	1.0	1.0	1.0	1.0	1.0	0.44948974278317805	1.0	1.0	0.585786437626905	1.0	0.28172904669025317	1.0	0.585786437626905	1.0	1.0	1.0	1.0	1.0	0.585786437626905	1.0
da	1.0	0.5	1.0	0.585786437626905	1.0	0.34833147735478825	0.585786437626905	0.4142135623730951	0.3430703308172536	0.4142135623730951	0.4142135623730951	0.585786437626905	0.5	0.44948974278317805	0.44948974278317805	0.44948974278317805	0.44948974278317805	0.585786437626905	0.585786437626905	0.585786437626905	1.0	0.38742588672279304	0.44948974278317805	0.4142135623730951	0.44948974278317805	0.4142135623730951	0.3597752501562547	1.0	0.44948974278317805	0.5	0.4142135623730951	1.0	0.585786437626905	0.585786437626905	0.5	0.44948974278317805
de	1.0	0.32037724101704074	1.0	0.44948974278317805	0.34833147735478825	1.0	0.585786437626905	0.10856607263204085	0.1955803702461375	0.18898360171452122	0.32449979983983984	0.44948974278317805	0.5	0.3021694792519622	0.12948177659702817	0.24660605559646726	0.33333333333333326	0.585786437626905	0.585786437626905	0.585786437626905	0.585786437626905	0.11651106980622213	0.2898979485566356	0.20658711810431302	0.4142135623730951	0.1765633506768389	0.28172904669025317	1.0	0.38742588672279304	0.44948974278317805	0.2204812092115424	1.0	0.38742588672279304	0.4142135623730951	0.5	0.25355482027512377
el	1.0	0.44948974278317805	0.0	1.0	0.585786437626905	0.585786437626905	1.0	0.5	1.0	1.0	1.0	1.0	1.0	0.5	0.5	1.0	1.0	1.0	1.0	1.0	1.0	0.39564392373896007	0.585786437626905	0.585786437626905	1.0	1.0	0.585786437626905	1.0	0.585786437626905	1.0	0.585786437626905	1.0	1.0	1.0	0.585786437626905	1.0
en	1.0	0.3333333333333333	1.0	0.5	0.4142135623730951	0.10856607263204085	0.5	1.0	0.17826035697019474	0.13591382392920107	0.38742588672279304	0.3797958971132712	0.4142135623730951	0.3126480851423008	0.094634103505857	0.21089672205953397	0.2240092377397959	0.585786437626905	0.585786437626905	1.0	1.0	0.09559935513117172	0.21089672205953397	0.1951941016011038	0.4142135623730951	0.17253779651421453	0.27429188517743175	1.0	0.34833147735478825	0.38742588672279304	0.2193450929151803	1.0	0.2708131845707603	0.44948974278317805	0.585786437626905	0.1566130288262323
es	1.0	0.3333333333333333	1.0	0.4364916731037085	0.3430703308172536	0.1955803702461375	1.0	0.17826035697019474	1.0	0.24336073281110826	0.5	0.4364916731037085	0.585786437626905	0.3430703308172536	0.1680743603534397	0.2958163163244893	0.3164309725825328	1.0	1.0	1.0	1.0	0.18933139574356017	0.3090169943749474	0.2987074021818656	0.5	0.32449979983983984	0.29429805508554946	1.0	0.5	0.585786437626905	0.2632403810669918	1.0	0.2708131845707603	0.4364916731037085	0.585786437626905	0.3660254037844386
fr	1.0	0.3534797987848214	1.0	0.585786437626905	0.4142135623730951	0.18898360171452122	1.0	0.13591382392920107	0.24336073281110826	1.0	0.39564392373896007	1.0	0.44948974278317805	0.3090169943749474	0.13628215610069397	0.2791745113185196	0.2791745113185196	1.0	1.0	1.0	1.0	0.14669978037172737	0.3244997998398398	0.25355482027512377	0.4142135623730951	0.26533119314590375	0.28501689209703185	1.0	0.38742588672279304	0.5	0.2674788903885893	1.0	0.2857142857142857	0.5	0.585786437626905	0.25
he	1.0	0.353889367864523	1.0	1.0	0.4142135623730951	0.32449979983983984	1.0	0.38742588672279304	0.5	0.39564392373896007	1.0	1.0	1.0	0.36602540378443865	0.26533119314590375	1.0	1.0	1.0	1.0	1.0	1.0	0.25355482027512377	0.44948974278317805	0.44948974278317805	0.585786437626905	1.0	1.0	1.0	0.44948974278317805	0.585786437626905	0.5	1.0	0.585786437626905	1.0	0.585786437626905	1.0
hi	1.0	0.44948974278317805	1.0	1.0	0.585786437626905	0.44948974278317805	1.0	0.3797958971132712	0.4364916731037085	1.0	1.0	1.0	1.0	0.44948974278317805	0.44948974278317805	1.0	1.0	1.0	1.0	1.0	1.0	0.3430703308172536	1.0	1.0	0.585786437626905	1.0	0.353889367864523	1.0	0.5	1.0	1.0	1.0	0.585786437626905	1.0	0.585786437626905	1.0
hu	1.0	0.353889367864523	1.0	1.0	0.5	0.5	1.0	0.4142135623730951	0.585786437626905	0.44948974278317805	1.0	1.0	1.0	0.36602540378443865	0.34833147735478825	0.5	0.585786437626905	1.0	1.0	1.0	1.0	0.21912016549069163	0.44948974278317805	0.5	0.585786437626905	1.0	0.585786437626905	1.0	0.44948974278317805	1.0	0.44948974278317805	1.0	1.0	1.0	0.585786437626905	1.0
id	1.0	0.3021694792519622	1.0	0.44948974278317805	0.44948974278317805	0.3021694792519622	0.5	0.3126480851423008	0.3430703308172536	0.3090169943749474	0.36602540378443865	0.44948974278317805	0.36602540378443865	1.0	0.3084040807047699	0.32449979983983984	0.32449979983983984	0.5	0.5	0.5	1.0	0.31264808514230086	0.3090169943749474	0.2989350844248255	0.4142135623730951	0.32449979983983984	0.3126480851423008	0.585786437626905	0.38742588672279304	0.44948974278317805	0.3660254037844386	1.0	0.36602540378443865	0.38742588672279304	0.5	0.32449979983983984
it	1.0	0.3380788308512194	1.0	1.0	0.44948974278317805	0.12948177659702817	0.5	0.094634103505857	0.1680743603534397	0.13628215610069397	0.26533119314590375	0.44948974278317805	0.34833147735478825	0.3084040807047699	1.0	0.15707061676257178	0.2372732414640341	0.585786437626905	0.585786437626905	1.0	1.0	0.15092441342949695	0.21089672205953397	0.14700913454621645	0.38742588672279304	0.15707061676257178	0.353889367864523	1.0	0.34833147735478825	0.38742588672279304	0.20894541729001367	1.0	0.2958163163244893	0.5	0.585786437626905	0.1763964909601683
ja	1.0	0.3333333333333333	1.0	1.0	0.44948974278317805	0.24660605559646726	1.0	0.21089672205953397	0.2958163163244893	0.2791745113185196	1.0	1.0	0.5	0.32449979983983984	0.15707061676257178	1.0	1.0	1.0	1.0	1.0	1.0	0.15585972716790494	0.2958163163244893	0.3430703308172536	0.5	1.0	0.28172904669025317	1.0	0.4142135623730951	0.585786437626905	0.32449979983983984	1.0	0.4142135623730951	1.0	0.585786437626905	1.0
ko	1.0	0.3333333333333333	1.0	1.0	0.44948974278317805	0.33333333333333326	1.0	0.2240092377397959	0.3164309725825328	0.2791745113185196	1.0	1.0	0.585786437626905	0.32449979983983984	0.2372732414640341	1.0	1.0	1.0	1.0	1.0	1.0	0.15438708879488486	0.5	0.36602540378443865	0.5	1.0	0.28172904669025317	1.0	0.4142135623730951	0.585786437626905	0.36602540378443865	1.0	0.44948974278317805	1.0	0.585786437626905	1.0
lv	1.0	0.44948974278317805	1.0	1.0	0.585786437626905	0.585786437626905	1.0	0.585786437626905	1.0	1.0	1.0	1.0	1.0	0.5	0.585786437626905	1.0	1.0	1.0	1.0	1.0	1.0	0.39564392373896007	1.0	1.0	1.0	1.0	0.585786437626905	1.0	0.5	1.0	1.0	1.0	1.0	1.0	0.585786437626905	1.0
mk	1.0	0.44948974278317805	1.0	1.0	0.585786437626905	0.585786437626905	1.0	0.585786437626905	1.0	1.0	1.0	1.0	1.0	0.5	0.585786437626905	1.0	1.0	1.0	1.0	1.0	1.0	0.39564392373896007	1.0	1.0	1.0	1.0	0.585786437626905	1.0	0.5	0.585786437626905	1.0	1.0	0.585786437626905	1.0	0.585786437626905	1.0
ml	1.0	0.44948974278317805	1.0	1.0	0.585786437626905	0.585786437626905	1.0	1.0	1.0	1.0	1.0	1.0	1.0	0.5	1.0	1.0	1.0	1.0	1.0	1.0	1.0	0.585786437626905	1.0	1.0	1.0	1.0	1.0	1.0	0.585786437626905	1.0	1.0	1.0	1.0	1.0	0.585786437626905	1.0
mr	1.0	0.585786437626905	0.0	1.0	1.0	0.585786437626905	1.0	1.0	1.0	1.0	1.0	1.0	1.0	1.0	1.0	1.0	1.0	1.0	1.0	1.0	1.0	1.0	1.0	1.0	1.0	1.0	1.0	1.0	0.585786437626905	1.0	1.0	1.0	1.0	1.0	1.0	1.0
nl	1.0	0.3090169943749474	1.0	0.44948974278317805	0.38742588672279304	0.11651106980622213	0.39564392373896007	0.09559935513117172	0.18933139574356017	0.14669978037172737	0.25355482027512377	0.3430703308172536	0.21912016549069163	0.31264808514230086	0.15092441342949695	0.15585972716790494	0.15438708879488486	0.39564392373896007	0.39564392373896007	0.585786437626905	1.0	1.0	0.27195617308673004	0.1440053834963787	0.28989794855663564	0.1661140561654733	0.2853029657789964	0.585786437626905	0.2791745113185196	0.21089672205953397	0.1814789969137505	1.0	0.30552726787943424	0.32449979983983984	0.585786437626905	0.14956087350246788
pl	1.0	0.353889367864523	1.0	1.0	0.44948974278317805	0.2898979485566356	0.585786437626905	0.21089672205953397	0.3090169943749474	0.3244997998398398	0.44948974278317805	1.0	0.44948974278317805	0.3090169943749474	0.21089672205953397	0.2958163163244893	0.5	1.0	1.0	1.0	1.0	0.27195617308673004	1.0	0.3240749299922019	0.5	0.3660254037844386	0.353889367864523	1.0	0.44948974278317805	0.585786437626905	0.3333333333333333	1.0	0.5	0.5	0.585786437626905	0.3660254037844386
pt	1.0	0.3333333333333333	1.0	1.0	0.4142135623730951	0.20658711810431302	0.585786437626905	0.1951941016011038	0.2987074021818656	0.25355482027512377	0.44948974278317805	1.0	0.5	0.2989350844248255	0.14700913454621645	0.3430703308172536	0.36602540378443865	1.0	1.0	1.0	1.0	0.1440053834963787	0.3240749299922019	1.0	0.44948974278317805	0.3164309725825328	0.28172904669025317	1.0	0.4142135623730951	0.5	0.25	1.0	0.3430703308172536	1.0	0.585786437626905	0.3333333333333333
ro	1.0	0.38742588672279304	1.0	0.585786437626905	0.44948974278317805	0.4142135623730951	1.0	0.4142135623730951	0.5	0.4142135623730951	0.585786437626905	0.585786437626905	0.585786437626905	0.4142135623730951	0.38742588672279304	0.5	0.5	1.0	1.0	1.0	1.0	0.28989794855663564	0.5	0.44948974278317805	1.0	0.5	0.27429188517743175	1.0	0.585786437626905	0.44948974278317805	0.44948974278317805	1.0	0.5	0.5	0.585786437626905	0.5
ru	1.0	0.353889367864523	1.0	1.0	0.4142135623730951	0.1765633506768389	1.0	0.17253779651421453	0.32449979983983984	0.26533119314590375	1.0	1.0	1.0	0.32449979983983984	0.15707061676257178	1.0	1.0	1.0	1.0	1.0	1.0	0.1661140561654733	0.3660254037844386	0.3164309725825328	0.5	1.0	0.353889367864523	1.0	0.4142135623730951	0.5	0.28989794855663564	1.0	0.4142135623730951	1.0	0.585786437626905	1.0
sh	1.0	0.2736842978732132	1.0	0.28172904669025317	0.3597752501562547	0.28172904669025317	0.585786437626905	0.27429188517743175	0.29429805508554946	0.28501689209703185	1.0	0.353889367864523	0.585786437626905	0.3126480851423008	0.353889367864523	0.28172904669025317	0.28172904669025317	0.585786437626905	0.585786437626905	1.0	1.0	0.2853029657789964	0.353889367864523	0.28172904669025317	0.27429188517743175	0.353889367864523	1.0	1.0	0.4142135623730951	0.353889367864523	0.28172904669025317	1.0	0.28172904669025317	0.28172904669025317	0.585786437626905	0.28172904669025317
si	1.0	0.585786437626905	1.0	1.0	1.0	1.0	1.0	1.0	1.0	1.0	1.0	1.0	1.0	0.585786437626905	1.0	1.0	1.0	1.0	1.0	1.0	1.0	0.585786437626905	1.0	1.0	1.0	1.0	1.0	1.0	1.0	1.0	1.0	1.0	1.0	1.0	0.585786437626905	1.0
simple	0.585786437626905	0.32037724101704074	1.0	0.585786437626905	0.44948974278317805	0.38742588672279304	0.585786437626905	0.34833147735478825	0.5	0.38742588672279304	0.44948974278317805	0.5	0.44948974278317805	0.38742588672279304	0.34833147735478825	0.4142135623730951	0.4142135623730951	0.5	0.5	0.585786437626905	0.585786437626905	0.2791745113185196	0.44948974278317805	0.4142135623730951	0.585786437626905	0.4142135623730951	0.4142135623730951	1.0	1.0	0.44948974278317805	0.44948974278317805	0.585786437626905	0.5	0.5	0.5	0.4142135623730951
sr	1.0	0.44948974278317805	1.0	1.0	0.5	0.44948974278317805	1.0	0.38742588672279304	0.585786437626905	0.5	0.585786437626905	1.0	1.0	0.44948974278317805	0.38742588672279304	0.585786437626905	0.585786437626905	1.0	0.585786437626905	1.0	1.0	0.21089672205953397	0.585786437626905	0.5	0.44948974278317805	0.5	0.353889367864523	1.0	0.44948974278317805	1.0	0.39564392373896007	1.0	0.44948974278317805	0.585786437626905	0.585786437626905	0.585786437626905
sv	1.0	0.3333333333333333	1.0	1.0	0.4142135623730951	0.2204812092115424	0.585786437626905	0.2193450929151803	0.2632403810669918	0.2674788903885893	0.5	1.0	0.44948974278317805	0.3660254037844386	0.20894541729001367	0.32449979983983984	0.36602540378443865	1.0	1.0	1.0	1.0	0.1814789969137505	0.3333333333333333	0.25	0.44948974278317805	0.28989794855663564	0.28172904669025317	1.0	0.44948974278317805	0.39564392373896007	1.0	1.0	0.4142135623730951	0.585786437626905	0.585786437626905	0.36602540378443865
te	1.0	0.585786437626905	0.0	1.0	1.0	1.0	1.0	1.0	1.0	1.0	1.0	1.0	1.0	1.0	1.0	1.0	1.0	1.0	1.0	1.0	1.0	1.0	1.0	1.0	1.0	1.0	1.0	1.0	0.585786437626905	1.0	1.0	1.0	1.0	1.0	1.0	1.0
tr	1.0	0.4142135623730951	-1.0	1.0	0.585786437626905	0.38742588672279304	1.0	0.2708131845707603	0.2708131845707603	0.2857142857142857	0.585786437626905	0.585786437626905	1.0	0.36602540378443865	0.2958163163244893	0.4142135623730951	0.44948974278317805	1.0	0.585786437626905	1.0	1.0	0.30552726787943424	0.5	0.3430703308172536	0.5	0.4142135623730951	0.28172904669025317	1.0	0.5	0.44948974278317805	0.4142135623730951	1.0	1.0	0.585786437626905	0.585786437626905	0.29429805508554946
vi	1.0	0.3333333333333333	1.0	1.0	0.585786437626905	0.4142135623730951	1.0	0.44948974278317805	0.4364916731037085	0.5	1.0	1.0	1.0	0.38742588672279304	0.5	1.0	1.0	1.0	1.0	1.0	1.0	0.32449979983983984	0.5	1.0	0.5	1.0	0.28172904669025317	1.0	0.5	0.585786437626905	0.585786437626905	1.0	0.585786437626905	1.0	0.585786437626905	1.0
war	1.0	0.5	1.0	0.585786437626905	0.5	0.5	0.585786437626905	0.585786437626905	0.585786437626905	0.585786437626905	0.585786437626905	0.585786437626905	0.585786437626905	0.5	0.585786437626905	0.585786437626905	0.585786437626905	0.585786437626905	0.585786437626905	0.585786437626905	1.0	0.585786437626905	0.585786437626905	0.585786437626905	0.585786437626905	0.585786437626905	0.585786437626905	0.585786437626905	0.5	0.585786437626905	0.585786437626905	1.0	0.585786437626905	0.585786437626905	1.0	0.585786437626905
zh	1.0	0.3333333333333333	1.0	1.0	0.44948974278317805	0.25355482027512377	1.0	0.1566130288262323	0.3660254037844386	0.25	1.0	1.0	1.0	0.32449979983983984	0.1763964909601683	1.0	1.0	1.0	1.0	1.0	1.0	0.14956087350246788	0.3660254037844386	0.3333333333333333	0.5	1.0	0.28172904669025317	1.0	0.4142135623730951	0.585786437626905	0.36602540378443865	1.0	0.29429805508554946	1.0	0.585786437626905	1.0
