arz	bs	ceb	ckb	da	de	el	en	es	fr	he	hi	hu	id	it	ja	ko	lv	mk	ml	mr	nl	pl	pt	ro	ru	sh	si	simple	sr	sv	te	vi	war	zh
arz	1.0	0.5666666666666667	0.5263157894736842	0.56	0.5357142857142857	0.5260425679183249	0.5555555555555556	0.5109717868338558	0.5217391304347826	0.5191256830601093	0.5319563522992985	0.5256410256410257	0.547945205479452	0.5289268991138114	0.5174418604651163	0.5250059632662797	0.5328399629972248	0.5581395348837209	0.5681818181818182	0.5587106676899463	0.5370370370370371	0.5309734513274337	0.5336483293958826	0.5284552845528455	0.5463406292749657	0.5220417633410672	0.5576923076923077	0.5135135135135135	0.5343297524521252	0.5552156177156178	0.5192290125148443	0.5348837209302326	0.5443037974683544	0.625	0.5262188016584917
bs	0.5666666666666667	1.0	0.5476190476190476	0.5666666666666667	0.5517241379310345	0.5317460317460317	0.5671641791044776	0.515527950310559	0.5272727272727272	0.5240641711229946	0.55	0.55	0.5512820512820512	0.5343511450381679	0.5227272727272727	0.5285714285714286	0.536	0.5869565217391304	0.56	0.5576923076923077	0.5517241379310345	0.5338983050847458	0.5391304347826087	0.5373771892353695	0.5454545454545455	0.5254237288135593	0.5714285714285714	0.55	0.5425531914893617	0.5555555555555556	0.5294117647058824	0.5416666666666666	0.5542168674698795	0.5625	0.5320060685102872
ceb	0.5263157894736842	0.5476190476190476	1.0	0.5405405405405405	0.5722903288577544	0.5572270277046508	0.5394736842105263	0.5204906135088059	0.5411314566821536	0.5343915343915344	0.5645871820378002	0.5529411764705883	0.5873121425721506	0.5440338144100553	0.5350057596313836	0.5384615384615384	0.5398591027067111	0.5882352941176471	0.5636363636363636	0.549828178694158	0.5417207090358841	0.5522667665792431	0.5634604439385316	0.5475255580317663	0.5651317409505048	0.5378979126901053	0.568039950062422	0.5208333333333334	0.5589400839888804	0.5549459041731066	0.5386860338182546	0.5178571428571429	0.5622630213530234	0.5384615384615384	0.5408286334554727
ckb	0.56	0.5666666666666667	0.5405405405405405	1.0	0.5357142857142857	0.5289256198347108	0.5384615384615384	0.5109717868338558	0.5185185185185185	0.5191256830601093	0.5306122448979592	0.5394736842105263	0.5405405405405405	0.5234375	0.5174418604651163	0.5220588235294117	0.5245901639344263	0.5714285714285714	0.5555555555555556	0.5593803786574871	0.5499304105775922	0.5263157894736842	0.5289626672270085	0.5241935483870968	0.5357142857142857	0.5172413793103449	0.5471698113207547	0.5277777777777778	0.5274725274725275	0.5441176470588236	0.5178571428571429	0.5476190476190476	0.5375	0.5555555555555556	0.5214285714285714
da	0.5357142857142857	0.5517241379310345	0.5722903288577544	0.5357142857142857	1.0	0.5987750556792873	0.584070796460177	0.5542857142857143	0.5867346938775511	0.5841148643040917	0.6119573681136851	0.576	0.6261372705506784	0.5950930280106318	0.5809612692487168	0.5865331107401224	0.5900621118012422	0.5913978494623656	0.5741176470588235	0.5588235294117647	0.5519193348664426	0.6031145807920631	0.61723919151636	0.604404567699837	0.6102624363493929	0.5843255796807609	0.5853658536585367	0.5376344086021506	0.6108288960972723	0.591514290786437	0.5883814420538657	0.5294117647058824	0.6016260162601625	0.5411764705882353	0.5994153394996266
de	0.5260425679183249	0.5317460317460317	0.5572270277046508	0.5289256198347108	0.5987750556792873	1.0	0.5817911853112664	0.5773705218442315	0.6162441564364713	0.6227196214912879	0.6037735849056604	0.5769561224187479	0.5995764581311215	0.6036113499570077	0.6002276861072219	0.6181856451273416	0.5982178217821783	0.5580337549375574	0.56124894017031	0.5588235294117647	0.5577787550083064	0.6160767571041638	0.617268515113628	0.6219701216898065	0.6057254391672088	0.6042175037331099	0.5642857142857143	0.5307692307692308	0.6091891891891892	0.591139892560159	0.5930735930735931	0.5367647058823529	0.5901514510533886	0.5327868852459017	0.6142083150613232
el	0.5555555555555556	0.5671641791044776	0.5394736842105263	0.5384615384615384	0.584070796460177	0.5817911853112664	1.0	0.5411764705882353	0.5645161290322581	0.5587414855660071	0.5793650793650793	0.5849056603773585	0.580952380952381	0.567741935483871	0.5612244897959184	0.5750000000000001	0.5666666666666667	0.5769230769230769	0.5679012345679012	0.5875	0.5747126436781609	0.5704225352112676	0.5714285714285714	0.5810810810810811	0.5789473684210527	0.5634517766497462	0.5747126436781609	0.5333333333333333	0.5798319327731092	0.5952908029784665	0.5625	0.5641025641025641	0.5871559633027523	0.5625	0.5703088401640749
en	0.5109717868338558	0.515527950310559	0.5204906135088059	0.5109717868338558	0.5542857142857143	0.5773705218442315	0.5411764705882353	1.0	0.5946028644518757	0.6082115722189025	0.5632240745973438	0.5493197278911565	0.5494167289710055	0.5829282944678063	0.5921870260993058	0.5849869917869713	0.570842590210706	0.5258358662613982	0.525852096090438	0.5287009063444109	0.5346200327006468	0.5716335546344375	0.5698219066091723	0.5771892276397399	0.5552205588301775	0.5999855400974436	0.5331114808652246	0.5185185185185185	0.5607642314475336	0.5445656497979523	0.5894092594942956	0.524390243902439	0.5520988073511311	0.5125000000000001	0.5853495548753476
es	0.5217391304347826	0.5272727272727272	0.5411314566821536	0.5185185185185185	0.5867346938775511	0.6162441564364713	0.5645161290322581	0.5946028644518757	1.0	0.6283662477558348	0.5949225729600953	0.5669238883028923	0.5901639344262295	0.5930735930735931	0.6000000000000001	0.6025641025641025	0.5991969337470342	0.5465116279069767	0.5428571428571428	0.5454545454545455	0.5457336194091434	0.6132075471698113	0.6000000000000001	0.615469735531703	0.5835636783695697	0.6164623467600701	0.553072625698324	0.5266272189349113	0.59624469293787	0.5712465125891227	0.5872079870903525	0.5284090909090908	0.5857869042226584	0.5246913580246914	0.6143253323132829
fr	0.5191256830601093	0.5240641711229946	0.5343915343915344	0.5191256830601093	0.5841148643040917	0.6227196214912879	0.5587414855660071	0.6082115722189025	0.6283662477558348	1.0	0.5939655798416963	0.5631953205642849	0.5830639948287007	0.5997198505869797	0.5976498539185154	0.6027217646001417	0.6033640697038368	0.5412371134020618	0.5454966657289891	0.5459183673469388	0.5538363982244768	0.6046341641692858	0.5957446808510638	0.6016521426816128	0.5817920209287116	0.6136742017832698	0.55	0.5263157894736842	0.5840686802018318	0.5635497556255737	0.5800132898044087	0.5315461684267533	0.5740740740740741	0.5217391304347826	0.6182054898557013
he	0.5319563522992985	0.55	0.5645871820378002	0.5306122448979592	0.6119573681136851	0.6037735849056604	0.5793650793650793	0.5632240745973438	0.5949225729600953	0.5939655798416963	1.0	0.5711196243203164	0.6102337334175616	0.606399187404774	0.5791832799103537	0.5872205432395398	0.5872253449156872	0.5740740740740741	0.5653521126760563	0.5554012774229381	0.5456773853452821	0.603977962461481	0.596844692066708	0.6283240135327012	0.5998254656521858	0.5976107666717073	0.5775862068965517	0.5327102803738317	0.607809647211261	0.5848298676748582	0.5723510419724097	0.5258620689655172	0.6135604748948801	0.5353535353535354	0.6037218501370972
hi	0.5256410256410257	0.55	0.5529411764705883	0.5394736842105263	0.576	0.5769561224187479	0.5849056603773585	0.5493197278911565	0.5669238883028923	0.5631953205642849	0.5711196243203164	1.0	0.5775862068965517	0.5817273763639325	0.5550239234449761	0.5730994152046783	0.5652173913043479	0.5795454545454545	0.5652173913043479	0.5976881872004511	0.6264788732394366	0.5612903225806452	0.5715968366145044	0.5644171779141104	0.5714285714285714	0.5644599303135889	0.5656565656565656	0.5411764705882353	0.5790784557907845	0.5714285714285714	0.5615763546798029	0.5952380952380952	0.5737704918032787	0.5384615384615384	0.5629353636805443
hu	0.547945205479452	0.5512820512820512	0.5873121425721506	0.5405405405405405	0.6261372705506784	0.5995764581311215	0.580952380952381	0.5494167289710055	0.5901639344262295	0.5830639948287007	0.6102337334175616	0.5775862068965517	1.0	0.5855583007890333	0.5705188722904055	0.5876876699373448	0.5882352941176471	0.596524189760451	0.5819373634377276	0.5690463783220427	0.5640133718829057	0.6053995513266807	0.6088045187212484	0.5987878787878788	0.620368601986249	0.5862322751582356	0.6004083876541271	0.5421686746987951	0.6266116335475086	0.5993097650546436	0.5746743060944801	0.5268817204301075	0.6036389008158007	0.5540540540540541	0.6011144319885352
id	0.5289268991138114	0.5343511450381679	0.5440338144100553	0.5234375	0.5950930280106318	0.6036113499570077	0.567741935483871	0.5829282944678063	0.5930735930735931	0.5997198505869797	0.606399187404774	0.5817273763639325	0.5855583007890333	1.0	0.5835244648318042	0.5974213016939853	0.5960411232162038	0.5579710144927537	0.5531914893617021	0.5524475524475525	0.5571101843131979	0.5912390995741229	0.5905547913801009	0.6033188817461504	0.5944262295081967	0.6005352701737476	0.5578231292517006	0.5255474452554745	0.591095416831292	0.5763898058893437	0.5714285714285714	0.5390070921985816	0.601510067114094	0.53125	0.610909090909091
it	0.5174418604651163	0.5227272727272727	0.5350057596313836	0.5174418604651163	0.5809612692487168	0.6002276861072219	0.5612244897959184	0.5921870260993058	0.6000000000000001	0.5976498539185154	0.5791832799103537	0.5550239234449761	0.5705188722904055	0.5835244648318042	1.0	0.6099257718650267	0.5839817746087163	0.5439560439560439	0.5434782608695652	0.543010752688172	0.538860103626943	0.5971563981042654	0.5942061822301343	0.5956239870340356	0.5869943201576446	0.601640838650866	0.5502645502645502	0.5280898876404494	0.5794572357507797	0.5696345598392566	0.6135533612877045	0.5268817204301075	0.58128078817734	0.5232558139534884	0.5943348870562926
ja	0.5250059632662797	0.5285714285714286	0.5384615384615384	0.5220588235294117	0.5865331107401224	0.6181856451273416	0.5750000000000001	0.5849869917869713	0.6025641025641025	0.6027217646001417	0.5872205432395398	0.5730994152046783	0.5876876699373448	0.5974213016939853	0.6099257718650267	1.0	0.6100098090654015	0.5510204081632653	0.5540540540540541	0.5579761423372422	0.5528694836938325	0.596938775510204	0.598245056583482	0.5908795471223398	0.5919535722688417	0.5983868529595957	0.5584415584415584	0.5314685314685315	0.6015340182756498	0.5768444020182735	0.600137394092054	0.5369127516778524	0.6024096385542168	0.5294117647058824	0.6070620710807806
ko	0.5328399629972248	0.536	0.5398591027067111	0.5245901639344263	0.5900621118012422	0.5982178217821783	0.5666666666666667	0.570842590210706	0.5991969337470342	0.6033640697038368	0.5872253449156872	0.5652173913043479	0.5882352941176471	0.5960411232162038	0.5839817746087163	0.6100098090654015	1.0	0.5606060606060607	0.5617039545866527	0.5460793502030615	0.5448275862068965	0.5868405453467694	0.593993094554682	0.5904200120159484	0.5809594050582342	0.5914403032217309	0.5642857142857143	0.5348837209302326	0.6025842863508095	0.564935064935065	0.5756302521008404	0.5270501000048783	0.5961538461538461	0.5327868852459017	0.6221690846802933
lv	0.5581395348837209	0.5869565217391304	0.5882352941176471	0.5714285714285714	0.5913978494623656	0.5580337549375574	0.5769230769230769	0.5258358662613982	0.5465116279069767	0.5412371134020618	0.5740740740740741	0.5795454545454545	0.596524189760451	0.5579710144927537	0.5439560439560439	0.5510204081632653	0.5606060606060607	1.0	0.6034482758620691	0.5714285714285714	0.5708782742681048	0.5645161290322581	0.5727034448327509	0.5639097744360902	0.5913978494623656	0.547448596590805	0.609375	0.5471698113207547	0.5765809759670725	0.6061448982172208	0.5495670869893661	0.540983606557377	0.5888888888888889	0.5681818181818182	0.5544889537516985
mk	0.5681818181818182	0.56	0.5636363636363636	0.5555555555555556	0.5741176470588235	0.56124894017031	0.5679012345679012	0.525852096090438	0.5428571428571428	0.5454966657289891	0.5653521126760563	0.5652173913043479	0.5819373634377276	0.5531914893617021	0.5434782608695652	0.5540540540540541	0.5617039545866527	0.6034482758620691	1.0	0.5606060606060607	0.5526770293609672	0.5680000000000001	0.5645161290322581	0.5547445255474452	0.5915492957746479	0.5439544367396804	0.5970149253731343	0.5454545454545455	0.5705553219703096	0.5956354300385109	0.5414364640883979	0.53125	0.5806451612903225	0.5909090909090909	0.5531925177630624
ml	0.5587106676899463	0.5576923076923077	0.549828178694158	0.5593803786574871	0.5588235294117647	0.5588235294117647	0.5875	0.5287009063444109	0.5454545454545455	0.5459183673469388	0.5554012774229381	0.5976881872004511	0.5690463783220427	0.5524475524475525	0.543010752688172	0.5579761423372422	0.5460793502030615	0.5714285714285714	0.5606060606060607	1.0	0.6149008224479923	0.5538461538461539	0.560857129886049	0.551563711553373	0.5672404518558365	0.5510534846029174	0.5540540540540541	0.543859649122807	0.5656121681799781	0.5632183908045977	0.540983606557377	0.6158357771260997	0.5624227441285538	0.5625	0.5434588214253778
mr	0.5370370370370371	0.5517241379310345	0.5417207090358841	0.5499304105775922	0.5519193348664426	0.5577787550083064	0.5747126436781609	0.5346200327006468	0.5457336194091434	0.5538363982244768	0.5456773853452821	0.6264788732394366	0.5640133718829057	0.5571101843131979	0.538860103626943	0.5528694836938325	0.5448275862068965	0.5708782742681048	0.5526770293609672	0.6149008224479923	1.0	0.5510150849889145	0.5561935483870968	0.5465690907617942	0.5555555555555556	0.5533980582524272	0.5569620253164557	0.5511600237953599	0.5566265060240964	0.5531914893617021	0.5445562472853627	0.6093518393747474	0.5471698113207547	0.5454545454545455	0.5417313001824372
nl	0.5309734513274337	0.5338983050847458	0.5522667665792431	0.5263157894736842	0.6031145807920631	0.6160767571041638	0.5704225352112676	0.5716335546344375	0.6132075471698113	0.6046341641692858	0.603977962461481	0.5612903225806452	0.6053995513266807	0.5912390995741229	0.5971563981042654	0.596938775510204	0.5868405453467694	0.5645161290322581	0.5680000000000001	0.5538461538461539	0.5510150849889145	1.0	0.6034482758620691	0.6050155918345955	0.6085165569999466	0.6011537597083135	0.5813953488372093	0.5327868852459017	0.5980762753097046	0.5845070422535211	0.5859030837004405	0.5267175572519084	0.6001155920883637	0.5350877192982456	0.5974264075939824
pl	0.5336483293958826	0.5391304347826087	0.5634604439385316	0.5289626672270085	0.61723919151636	0.617268515113628	0.5714285714285714	0.5698219066091723	0.6000000000000001	0.5957446808510638	0.596844692066708	0.5715968366145044	0.6088045187212484	0.5905547913801009	0.5942061822301343	0.598245056583482	0.593993094554682	0.5727034448327509	0.5645161290322581	0.560857129886049	0.5561935483870968	0.6034482758620691	1.0	0.6044688674289871	0.6160365058670144	0.6017274472168906	0.5782184620358894	0.5333333333333333	0.6044887780548628	0.5888354561996361	0.5888671042536868	0.53125	0.5968615804470843	0.5357142857142857	0.59214995985424
pt	0.5284552845528455	0.5373771892353695	0.5475255580317663	0.5241935483870968	0.604404567699837	0.6219701216898065	0.5810810810810811	0.5771892276397399	0.615469735531703	0.6016521426816128	0.6283240135327012	0.5644171779141104	0.5987878787878788	0.6033188817461504	0.5956239870340356	0.5908795471223398	0.5904200120159484	0.5639097744360902	0.5547445255474452	0.551563711553373	0.5465690907617942	0.6050155918345955	0.6044688674289871	1.0	0.6055228610230874	0.6199855439103722	0.5754141238012206	0.5303030303030303	0.6097351945731593	0.5909825558713704	0.5843158134935726	0.5285714285714286	0.593030242339275	0.532258064516129	0.6076208586264902
ro	0.5463406292749657	0.5454545454545455	0.5651317409505048	0.5357142857142857	0.6102624363493929	0.6057254391672088	0.5789473684210527	0.5552205588301775	0.5835636783695697	0.5817920209287116	0.5998254656521858	0.5714285714285714	0.620368601986249	0.5944262295081967	0.5869943201576446	0.5919535722688417	0.5809594050582342	0.5913978494623656	0.5915492957746479	0.5672404518558365	0.5555555555555556	0.6085165569999466	0.6160365058670144	0.6055228610230874	1.0	0.5893288332784545	0.5882352941176471	0.5319148936170213	0.5946930395814477	0.6118451025056948	0.5853475365125793	0.5294117647058824	0.6016260162601625	0.5476190476190476	0.5810055865921787
ru	0.5220417633410672	0.5254237288135593	0.5378979126901053	0.5172413793103449	0.5843255796807609	0.6042175037331099	0.5634517766497462	0.5999855400974436	0.6164623467600701	0.6136742017832698	0.5976107666717073	0.5644599303135889	0.5862322751582356	0.6005352701737476	0.601640838650866	0.5983868529595957	0.5914403032217309	0.547448596590805	0.5439544367396804	0.5510534846029174	0.5533980582524272	0.6011537597083135	0.6017274472168906	0.6199855439103722	0.5893288332784545	1.0	0.5526315789473684	0.5277777777777778	0.5985366845064698	0.5711915988558143	0.5978543264969282	0.532258064516129	0.5804878048780487	0.5229885057471265	0.6052628958870558
sh	0.5576923076923077	0.5714285714285714	0.568039950062422	0.5471698113207547	0.5853658536585367	0.5642857142857143	0.5747126436781609	0.5331114808652246	0.553072625698324	0.55	0.5775862068965517	0.5656565656565656	0.6004083876541271	0.5578231292517006	0.5502645502645502	0.5584415584415584	0.5642857142857143	0.609375	0.5970149253731343	0.5540540540540541	0.5569620253164557	0.5813953488372093	0.5782184620358894	0.5754141238012206	0.5882352941176471	0.5526315789473684	1.0	0.5573770491803278	0.5802400223276585	0.6190476190476191	0.5483870967741935	0.5277777777777778	0.5914473684210526	0.5660377358490566	0.5652770548431363
si	0.5135135135135135	0.55	0.5208333333333334	0.5277777777777778	0.5376344086021506	0.5307692307692308	0.5333333333333333	0.5185185185185185	0.5266272189349113	0.5263157894736842	0.5327102803738317	0.5411764705882353	0.5421686746987951	0.5255474452554745	0.5280898876404494	0.5314685314685315	0.5348837209302326	0.5471698113207547	0.5454545454545455	0.543859649122807	0.5511600237953599	0.5327868852459017	0.5333333333333333	0.5303030303030303	0.5319148936170213	0.5277777777777778	0.5573770491803278	1.0	0.5353535353535354	0.5384615384615384	0.5257142857142857	0.5384615384615384	0.5333333333333333	0.5263157894736842	0.5347897494720926
simple	0.5343297524521252	0.5425531914893617	0.5589400839888804	0.5274725274725275	0.6108288960972723	0.6091891891891892	0.5798319327731092	0.5607642314475336	0.59624469293787	0.5840686802018318	0.607809647211261	0.5790784557907845	0.6266116335475086	0.591095416831292	0.5794572357507797	0.6015340182756498	0.6025842863508095	0.5765809759670725	0.5705553219703096	0.5656121681799781	0.5566265060240964	0.5980762753097046	0.6044887780548628	0.6097351945731593	0.5946930395814477	0.5985366845064698	0.5802400223276585	0.5353535353535354	1.0	0.6002357154189615	0.5762964779951351	0.5377358490566038	0.6025009750390016	0.5384615384615384	0.6149513422097374
sr	0.5552156177156178	0.5555555555555556	0.5549459041731066	0.5441176470588236	0.591514290786437	0.591139892560159	0.5952908029784665	0.5445656497979523	0.5712465125891227	0.5635497556255737	0.5848298676748582	0.5714285714285714	0.5993097650546436	0.5763898058893437	0.5696345598392566	0.5768444020182735	0.564935064935065	0.6061448982172208	0.5956354300385109	0.5632183908045977	0.5531914893617021	0.5845070422535211	0.5888354561996361	0.5909825558713704	0.6118451025056948	0.5711915988558143	0.6190476190476191	0.5384615384615384	0.6002357154189615	1.0	0.556648308418568	0.5411764705882353	0.5892857142857143	0.5588235294117647	0.5775319992613686
sv	0.5192290125148443	0.5294117647058824	0.5386860338182546	0.5178571428571429	0.5883814420538657	0.5930735930735931	0.5625	0.5894092594942956	0.5872079870903525	0.5800132898044087	0.5723510419724097	0.5615763546798029	0.5746743060944801	0.5714285714285714	0.6135533612877045	0.600137394092054	0.5756302521008404	0.5495670869893661	0.5414364640883979	0.540983606557377	0.5445562472853627	0.5859030837004405	0.5888671042536868	0.5843158134935726	0.5853475365125793	0.5978543264969282	0.5483870967741935	0.5257142857142857	0.5762964779951351	0.556648308418568	1.0	0.5274725274725275	0.5756885661496154	0.5207100591715976	0.5831612961134548
te	0.5348837209302326	0.5416666666666666	0.5178571428571429	0.5476190476190476	0.5294117647058824	0.5367647058823529	0.5641025641025641	0.524390243902439	0.5284090909090908	0.5315461684267533	0.5258620689655172	0.5952380952380952	0.5268817204301075	0.5390070921985816	0.5268817204301075	0.5369127516778524	0.5270501000048783	0.540983606557377	0.53125	0.6158357771260997	0.6093518393747474	0.5267175572519084	0.53125	0.5285714285714286	0.5294117647058824	0.532258064516129	0.5277777777777778	0.5384615384615384	0.5377358490566038	0.5411764705882353	0.5274725274725275	1.0	0.5306122448979592	0.5454545454545455	0.5256410256410257
vi	0.5443037974683544	0.5542168674698795	0.5622630213530234	0.5375	0.6016260162601625	0.5901514510533886	0.5871559633027523	0.5520988073511311	0.5857869042226584	0.5740740740740741	0.6135604748948801	0.5737704918032787	0.6036389008158007	0.601510067114094	0.58128078817734	0.6024096385542168	0.5961538461538461	0.5888888888888889	0.5806451612903225	0.5624227441285538	0.5471698113207547	0.6001155920883637	0.5968615804470843	0.593030242339275	0.6016260162601625	0.5804878048780487	0.5914473684210526	0.5333333333333333	0.6025009750390016	0.5892857142857143	0.5756885661496154	0.5306122448979592	1.0	0.55	0.5942663378545007
war	0.625	0.5625	0.5384615384615384	0.5555555555555556	0.5411764705882353	0.5327868852459017	0.5625	0.5125000000000001	0.5246913580246914	0.5217391304347826	0.5353535353535354	0.5384615384615384	0.5540540540540541	0.53125	0.5232558139534884	0.5294117647058824	0.5327868852459017	0.5681818181818182	0.5909090909090909	0.5625	0.5454545454545455	0.5350877192982456	0.5357142857142857	0.532258064516129	0.5476190476190476	0.5229885057471265	0.5660377358490566	0.5263157894736842	0.5384615384615384	0.5588235294117647	0.5207100591715976	0.5454545454545455	0.55	1.0	0.5285714285714286
zh	0.5262188016584917	0.5320060685102872	0.5408286334554727	0.5214285714285714	0.5994153394996266	0.6142083150613232	0.5703088401640749	0.5853495548753476	0.6143253323132829	0.6182054898557013	0.6037218501370972	0.5629353636805443	0.6011144319885352	0.610909090909091	0.5943348870562926	0.6070620710807806	0.6221690846802933	0.5544889537516985	0.5531925177630624	0.5434588214253778	0.5417313001824372	0.5974264075939824	0.59214995985424	0.6076208586264902	0.5810055865921787	0.6052628958870558	0.5652770548431363	0.5347897494720926	0.6149513422097374	0.5775319992613686	0.5831612961134548	0.5256410256410257	0.5942663378545007	0.5285714285714286	1.0
