arz	bs	ceb	ckb	da	de	el	en	es	fr	he	hi	hu	id	it	ja	ko	lv	mk	ml	mr	nl	pl	pt	ro	ru	sh	si	simple	sr	sv	te	tr	vi	war	zh
arz	0.1111111111111111	0.1111111111111111	0.125	0.1111111111111111	0.1111111111111111	0.1111111111111111	0.1111111111111111	0.1111111111111111	0.1111111111111111	0.1111111111111111	0.1111111111111111	0.1111111111111111	0.1111111111111111	0.1111111111111111	0.1111111111111111	0.1111111111111111	0.1111111111111111	0.1111111111111111	0.1111111111111111	0.1111111111111111	0.1111111111111111	0.1111111111111111	0.1111111111111111	0.1111111111111111	0.1111111111111111	0.1111111111111111	0.1111111111111111	0.16666666666666666	0.1111111111111111	0.1111111111111111	0.1111111111111111	0.125	0.5	0.1111111111111111	0.1111111111111111	0.1111111111111111
bs	0.1111111111111111	0.009554205180725762	0.009682585519702108	0.00847457627118644	0.00947482870452506	0.009426036952677963	0.00847457627118644	0.009241121698822215	0.009295830717055966	0.009253586228339607	0.00847457627118644	0.008695652173913044	0.008795223621162815	0.009418667981192144	0.009524541858630907	0.00847457627118644	0.00847457627118644	0.009066868299955549	0.00847457627118644	0.00847457627118644	0.00847457627118644	0.009514042644825908	0.009463911619291863	0.008622332569857099	0.00947589397830512	0.00847457627118644	0.008615200246961632	0.03225806451612903	0.009516018272034238	0.00847457627118644	0.009347630812429992	0.010869565217391304	0.09091735537190083	0.009333516266239053	0.008475222780810112	0.008542407531369818
ceb	0.125	0.009682585519702108	0.00924188208944631	0.008695652173913044	0.009582957922396091	0.00911668438452937	0.00819672131147541	0.008940364734165429	0.008993446498927997	0.00894827065410783	0.008547008547008548	0.008928571428571428	0.008642152383607724	0.009110354474702893	0.009558021798178027	0.00819672131147541	0.00819672131147541	0.009267488626530726	0.008695652173913044	0.008695652173913044	0.008695652173913044	0.009622678592718046	0.009223645974062113	0.008475580646588274	0.009439209083659816	0.00819672131147541	0.008831584767515726	0.03333333333333333	0.0094786513543164	0.008547008547008548	0.009039531465821161	0.01098901098901099	-1.0	0.009098103598736987	0.008696181625708885	0.00826248240957473
ckb	0.1111111111111111	0.00847457627118644	0.008695652173913044	0.00847457627118644	0.00847457627118644	0.00847457627118644	0.00847457627118644	0.00847457627118644	0.00847457627118644	0.00847457627118644	0.00847457627118644	0.008695652173913044	0.00847457627118644	0.00847457627118644	0.00847457627118644	0.00847457627118644	0.00847457627118644	0.00847457627118644	0.00847457627118644	0.00847457627118644	0.00847457627118644	0.00847457627118644	0.00847457627118644	0.00847457627118644	0.00847457627118644	0.00847457627118644	0.00847457627118644	0.03225806451612903	0.00847457627118644	0.00847457627118644	0.00847457627118644	0.010869565217391304	0.3333333333333333	0.00847457627118644	0.00847457627118644	0.00847457627118644
da	0.1111111111111111	0.00947482870452506	0.009582957922396091	0.00847457627118644	0.009454129284076218	0.00932810576739372	0.008403361344537815	0.009149628859230837	0.00920099207692011	0.009160148030246618	0.008403361344537815	0.008695652173913044	0.00871475177953402	0.009321317555246216	0.009426142713414139	0.008403361344537815	0.008403361344537815	0.009053420792327124	0.00847457627118644	0.00847457627118644	0.00847457627118644	0.009485699193456749	0.009366988773251593	0.008549204814241198	0.009379120764194693	0.008403361344537815	0.00861119333600522	0.03225806451612903	0.009417088695853459	0.008403361344537815	0.009253543931396078	0.010752688172043012	0.09090909090909091	0.009242018091522896	0.008475222780810112	0.008469114460084649
de	0.1111111111111111	0.009426036952677963	0.00911668438452937	0.00847457627118644	0.00932810576739372	0.008585828261172946	0.007692307692307693	0.008292844597895248	0.008456795598187329	0.00830396351175401	0.008333333333333333	0.008695652173913044	0.00798652935026942	0.008633500855093311	0.009304926088288264	0.008	0.007575757575757576	0.009026495524346069	0.00847457627118644	0.00847457627118644	0.00847457627118644	0.00936645529433402	0.008985530871200539	0.008268020988805967	0.009124243679942148	0.007874015748031496	0.008604885623383655	0.03225806451612903	0.009228670455376444	0.008333333333333333	0.008390191032131494	0.010638297872340425	0.05555555555555555	0.008861800517140335	0.008475222780810112	0.008063277205364703
el	0.1111111111111111	0.00847457627118644	0.00819672131147541	0.00847457627118644	0.008403361344537815	0.007692307692307693	0.007692307692307693	0.007692307692307693	0.007692307692307693	0.007692307692307693	0.008333333333333333	0.008695652173913044	0.0078125	0.007751937984496124	0.008333333333333333	0.008	0.007692307692307693	0.00847457627118644	0.00847457627118644	0.00847457627118644	0.00847457627118644	0.008403361344537815	0.008064516129032258	0.008130081300813009	0.00819672131147541	0.007874015748031496	0.00847457627118644	0.03225806451612903	0.008264462809917356	0.008333333333333333	0.007692307692307693	0.010638297872340425	0.16666666666666666	0.008064516129032258	0.00847457627118644	0.008
en	0.1111111111111111	0.009241121698822215	0.008940364734165429	0.00847457627118644	0.009149628859230837	0.008292844597895248	0.007692307692307693	0.007007230880148474	0.008198738064671956	0.007012160944266051	0.008333333333333333	0.008695652173913044	0.007879324906470616	0.008235436159965054	0.009050248928570084	0.007874015748031496	0.006896551724137931	0.008924201278882084	0.00847457627118644	0.00847457627118644	0.00847457627118644	0.009179300471279083	0.008807481501883294	0.008176346482844571	0.008947196083569201	0.007874015748031496	0.008581484287977247	0.03225806451612903	0.00904175517010559	0.008333333333333333	0.0076044902100552945	0.010638297872340425	0.05263157894736842	0.008710352884972067	0.00847500725366274	0.007927134968896679
es	0.1111111111111111	0.009295830717055966	0.008993446498927997	0.00847457627118644	0.00920099207692011	0.008456795598187329	0.007692307692307693	0.008198738064671956	0.008448298840275906	0.00820681404454532	0.008333333333333333	0.008695652173913044	0.008007887201305316	0.008456410767988738	0.009170858531056404	0.008	0.007575757575757576	0.008954245433282451	0.00847457627118644	0.00847457627118644	0.00847457627118644	0.009233619675552524	0.008859518531286121	0.008251849184816544	0.00899886380969879	0.007874015748031496	0.008586869995851669	0.03225806451612903	0.009098764360451551	0.008333333333333333	0.008281051495844549	0.010638297872340425	0.05555555555555555	0.008756748729104894	0.008475150962367135	0.008055491427376667
fr	0.1111111111111111	0.009253586228339607	0.00894827065410783	0.00847457627118644	0.009160148030246618	0.00830396351175401	0.007692307692307693	0.007012160944266051	0.00820681404454532	0.007257299729177279	0.008333333333333333	0.008695652173913044	0.007877091536190128	0.008245754677230314	0.00906138212820232	0.007874015748031496	0.006993006993006993	0.00892552909520544	0.00847457627118644	0.00847457627118644	0.00847457627118644	0.009190464419894327	0.00882004920329307	0.008247348378355992	0.008954627537142417	0.007874015748031496	0.008583558542027423	0.03225806451612903	0.009053527266915232	0.008333333333333333	0.007618908988098748	0.010638297872340425	0.05263434903047091	0.008719393541058615	0.008475222780810112	0.007926884318230461
he	0.1111111111111111	0.00847457627118644	0.008547008547008548	0.00847457627118644	0.008403361344537815	0.008333333333333333	0.008333333333333333	0.008333333333333333	0.008333333333333333	0.008333333333333333	0.008333333333333333	0.008695652173913044	0.008333333333333333	0.008333333333333333	0.008333333333333333	0.008333333333333333	0.008333333333333333	0.00847457627118644	0.00847457627118644	0.00847457627118644	0.00847457627118644	0.00847457627118644	0.008333333333333333	0.008333333333333333	0.008333333333333333	0.008333333333333333	0.00847457627118644	0.03225806451612903	0.008333333333333333	0.008333333333333333	0.008333333333333333	0.010638297872340425	0.14285714285714285	0.008333333333333333	0.00847457627118644	0.008333333333333333
hi	0.1111111111111111	0.008695652173913044	0.008928571428571428	0.008695652173913044	0.008695652173913044	0.008695652173913044	0.008695652173913044	0.008695652173913044	0.008695652173913044	0.008695652173913044	0.008695652173913044	0.008695652173913044	0.008695652173913044	0.008695652173913044	0.008695652173913044	0.008695652173913044	0.008695652173913044	0.008695652173913044	0.008695652173913044	0.008695652173913044	0.008695652173913044	0.008695652173913044	0.008695652173913044	0.008695652173913044	0.008695652173913044	0.008695652173913044	0.008695652173913044	0.03225806451612903	0.008695652173913044	0.008695652173913044	0.008695652173913044	0.011111111111111112	0.14285714285714285	0.008695652173913044	0.008695652173913044	0.008695652173913044
hu	0.1111111111111111	0.008795223621162815	0.008642152383607724	0.00847457627118644	0.00871475177953402	0.00798652935026942	0.0078125	0.007879324906470616	0.008007887201305316	0.007877091536190128	0.008333333333333333	0.008695652173913044	0.00796717702634438	0.008108343325213228	0.008657775742704111	0.008130081300813009	0.007633587786259542	0.008661233898912954	0.00847457627118644	0.00847457627118644	0.00847457627118644	0.008725845315883725	0.008504205026789148	0.008245180811505475	0.00850571025739627	0.008	0.00852195670705661	0.03225806451612903	0.008585763229088147	0.008333333333333333	0.00790583391726088	0.010638297872340425	0.16666666666666666	0.008464348723288575	0.008474791726515368	0.008153478858828134
id	0.1111111111111111	0.009418667981192144	0.009110354474702893	0.00847457627118644	0.009321317555246216	0.008633500855093311	0.007751937984496124	0.008235436159965054	0.008456410767988738	0.008245754677230314	0.008333333333333333	0.008695652173913044	0.008108343325213228	0.008526380182862588	0.009230438836970173	0.007936507936507936	0.007518796992481203	0.00902323487318327	0.00847457627118644	0.00847457627118644	0.00847457627118644	0.009359524612307794	0.008982154038933453	0.00826759765909635	0.00911816592552165	0.007874015748031496	0.00860387025904704	0.03225806451612903	0.009222272538281562	0.008333333333333333	0.008329748035555905	0.010638297872340425	0.07142857142857142	0.008860542867247106	0.008475150890548693	0.007999357021522801
it	0.1111111111111111	0.009524541858630907	0.009558021798178027	0.00847457627118644	0.009426142713414139	0.009304926088288264	0.008333333333333333	0.009050248928570084	0.009170858531056404	0.00906138212820232	0.008333333333333333	0.008695652173913044	0.008657775742704111	0.009230438836970173	0.009370488693554953	0.008264462809917356	0.008264462809917356	0.009079690199020104	0.00847457627118644	0.00847457627118644	0.00847457627118644	0.009536610771255165	0.00934686713435593	0.00848478699944188	0.009358116591802745	0.008333333333333333	0.00861802082324694	0.03225806451612903	0.009398584945977425	0.008333333333333333	0.009157682670097323	0.010638297872340425	0.058830449826989616	0.009212359822455364	0.008475222780810112	0.008332841284791255
ja	0.1111111111111111	0.00847457627118644	0.00819672131147541	0.00847457627118644	0.008403361344537815	0.008	0.008	0.007874015748031496	0.008	0.007874015748031496	0.008333333333333333	0.008695652173913044	0.008130081300813009	0.007936507936507936	0.008264462809917356	0.007874015748031496	0.007936507936507936	0.00847457627118644	0.00847457627118644	0.00847457627118644	0.00847457627118644	0.008403361344537815	0.008064516129032258	0.008130081300813009	0.008264462809917356	0.008	0.00847457627118644	0.03225806451612903	0.008264462809917356	0.008333333333333333	0.007936507936507936	0.010638297872340425	0.06666666666666667	0.008064516129032258	0.00847457627118644	0.007874015748031496
ko	0.1111111111111111	0.00847457627118644	0.00819672131147541	0.00847457627118644	0.008403361344537815	0.007575757575757576	0.007692307692307693	0.006896551724137931	0.007575757575757576	0.006993006993006993	0.008333333333333333	0.008695652173913044	0.007633587786259542	0.007518796992481203	0.008264462809917356	0.007936507936507936	0.006896551724137931	0.00847457627118644	0.00847457627118644	0.00847457627118644	0.00847457627118644	0.008403361344537815	0.008064516129032258	0.008064516129032258	0.00819672131147541	0.007874015748031496	0.00847457627118644	0.03225806451612903	0.008264462809917356	0.008333333333333333	0.0070921985815602835	0.010638297872340425	0.09090909090909091	0.008064516129032258	0.00847457627118644	0.007936507936507936
lv	0.1111111111111111	0.009066868299955549	0.009267488626530726	0.00847457627118644	0.009053420792327124	0.009026495524346069	0.00847457627118644	0.008924201278882084	0.008954245433282451	0.00892552909520544	0.00847457627118644	0.008695652173913044	0.008661233898912954	0.00902323487318327	0.009079690199020104	0.00847457627118644	0.00847457627118644	0.009097047232909132	0.00847457627118644	0.00847457627118644	0.00847457627118644	0.009073925502746697	0.009048311976708547	0.008563628420948865	0.00905584757573337	0.00847457627118644	0.008560341249639733	0.03225806451612903	0.009075328291641052	0.00847457627118644	0.008981372458868474	0.010869565217391304	0.14285714285714285	0.008975050569037845	0.00847500725366274	0.008514767976250361
mk	0.1111111111111111	0.00847457627118644	0.008695652173913044	0.00847457627118644	0.00847457627118644	0.00847457627118644	0.00847457627118644	0.00847457627118644	0.00847457627118644	0.00847457627118644	0.00847457627118644	0.008695652173913044	0.00847457627118644	0.00847457627118644	0.00847457627118644	0.00847457627118644	0.00847457627118644	0.00847457627118644	0.00847457627118644	0.00847457627118644	0.00847457627118644	0.00847457627118644	0.00847457627118644	0.00847457627118644	0.00847457627118644	0.00847457627118644	0.00847457627118644	0.03225806451612903	0.00847457627118644	0.00847457627118644	0.00847457627118644	0.010869565217391304	0.16666666666666666	0.00847457627118644	0.00847457627118644	0.00847457627118644
ml	0.1111111111111111	0.00847457627118644	0.008695652173913044	0.00847457627118644	0.00847457627118644	0.00847457627118644	0.00847457627118644	0.00847457627118644	0.00847457627118644	0.00847457627118644	0.00847457627118644	0.008695652173913044	0.00847457627118644	0.00847457627118644	0.00847457627118644	0.00847457627118644	0.00847457627118644	0.00847457627118644	0.00847457627118644	0.00847457627118644	0.00847457627118644	0.00847457627118644	0.00847457627118644	0.00847457627118644	0.00847457627118644	0.00847457627118644	0.00847457627118644	0.03225806451612903	0.00847457627118644	0.00847457627118644	0.00847457627118644	0.010869565217391304	0.1111111111111111	0.00847457627118644	0.00847457627118644	0.00847457627118644
mr	0.1111111111111111	0.00847457627118644	0.008695652173913044	0.00847457627118644	0.00847457627118644	0.00847457627118644	0.00847457627118644	0.00847457627118644	0.00847457627118644	0.00847457627118644	0.00847457627118644	0.008695652173913044	0.00847457627118644	0.00847457627118644	0.00847457627118644	0.00847457627118644	0.00847457627118644	0.00847457627118644	0.00847457627118644	0.00847457627118644	0.00847457627118644	0.00847457627118644	0.00847457627118644	0.00847457627118644	0.00847457627118644	0.00847457627118644	0.00847457627118644	0.03225806451612903	0.00847457627118644	0.00847457627118644	0.00847457627118644	0.010869565217391304	0.5	0.00847457627118644	0.00847457627118644	0.00847457627118644
nl	0.1111111111111111	0.009514042644825908	0.009622678592718046	0.00847457627118644	0.009485699193456749	0.00936645529433402	0.008403361344537815	0.009179300471279083	0.009233619675552524	0.009190464419894327	0.00847457627118644	0.008695652173913044	0.008725845315883725	0.009359524612307794	0.009536610771255165	0.008403361344537815	0.008403361344537815	0.009073925502746697	0.00847457627118644	0.00847457627118644	0.00847457627118644	0.00949631858118407	0.009406390212543424	0.008551901523175668	0.009416286039444327	0.008403361344537815	0.008616607701291665	0.03225806451612903	0.009527716106812282	0.00847457627118644	0.009285413458154689	0.010869565217391304	0.052645432132963986	0.00927613200107124	0.008475222780810112	0.008471125448145872
pl	0.1111111111111111	0.009463911619291863	0.009223645974062113	0.00847457627118644	0.009366988773251593	0.008985530871200539	0.008064516129032258	0.008807481501883294	0.008859518531286121	0.00882004920329307	0.008333333333333333	0.008695652173913044	0.008504205026789148	0.008982154038933453	0.00934686713435593	0.008064516129032258	0.008064516129032258	0.009048311976708547	0.00847457627118644	0.00847457627118644	0.00847457627118644	0.009406390212543424	0.009112464664777413	0.008341597710288157	0.009231594952949116	0.008064516129032258	0.008610012043315723	0.03225806451612903	0.009337344581223228	0.008333333333333333	0.008909803299036187	0.010638297872340425	0.05555555555555555	0.008966595733155324	0.008475222780810112	0.00813133308577142
pt	0.1111111111111111	0.008622332569857099	0.008475580646588274	0.00847457627118644	0.008549204814241198	0.008268020988805967	0.008130081300813009	0.008176346482844571	0.008251849184816544	0.008247348378355992	0.008333333333333333	0.008695652173913044	0.008245180811505475	0.00826759765909635	0.00848478699944188	0.008130081300813009	0.008064516129032258	0.008563628420948865	0.00847457627118644	0.00847457627118644	0.00847457627118644	0.008551901523175668	0.008341597710288157	0.008219897967577479	0.00840851284699439	0.008130081300813009	0.008495168113450456	0.03225806451612903	0.008415528514844386	0.008333333333333333	0.008257238178217474	0.010638297872340425	0.05263157894736842	0.008258461387071843	0.008474648089629418	0.008139345773034323
ro	0.1111111111111111	0.00947589397830512	0.009439209083659816	0.00847457627118644	0.009379120764194693	0.009124243679942148	0.00819672131147541	0.008947196083569201	0.00899886380969879	0.008954627537142417	0.008333333333333333	0.008695652173913044	0.00850571025739627	0.00911816592552165	0.009358116591802745	0.008264462809917356	0.00819672131147541	0.00905584757573337	0.00847457627118644	0.00847457627118644	0.00847457627118644	0.009416286039444327	0.009231594952949116	0.00840851284699439	0.009251726964385204	0.00819672131147541	0.008612825984679117	0.03225806451612903	0.009349380999743195	0.008333333333333333	0.009047084134541371	0.010638297872340425	0.16666666666666666	0.00910359551108625	0.008475222780810112	0.00832972259715646
ru	0.1111111111111111	0.00847457627118644	0.00819672131147541	0.00847457627118644	0.008403361344537815	0.007874015748031496	0.007874015748031496	0.007874015748031496	0.007874015748031496	0.007874015748031496	0.008333333333333333	0.008695652173913044	0.008	0.007874015748031496	0.008333333333333333	0.008	0.007874015748031496	0.00847457627118644	0.00847457627118644	0.00847457627118644	0.00847457627118644	0.008403361344537815	0.008064516129032258	0.008130081300813009	0.00819672131147541	0.007874015748031496	0.00847457627118644	0.03225806451612903	0.008264462809917356	0.008333333333333333	0.007874015748031496	0.010638297872340425	0.05263157894736842	0.008064516129032258	0.00847457627118644	0.008
sh	0.1111111111111111	0.008615200246961632	0.008831584767515726	0.00847457627118644	0.00861119333600522	0.008604885623383655	0.00847457627118644	0.008581484287977247	0.008586869995851669	0.008583558542027423	0.00847457627118644	0.008695652173913044	0.00852195670705661	0.00860387025904704	0.00861802082324694	0.00847457627118644	0.00847457627118644	0.008560341249639733	0.00847457627118644	0.00847457627118644	0.00847457627118644	0.008616607701291665	0.008610012043315723	0.008495168113450456	0.008612825984679117	0.00847457627118644	0.008621366569136936	0.03225806451612903	0.008616313772318179	0.00847457627118644	0.008598017666044877	0.010869565217391304	0.14287755102040817	0.008594603549537361	0.008474719908072392	0.008485435168085656
si	0.16666666666666666	0.03225806451612903	0.03333333333333333	0.03225806451612903	0.03225806451612903	0.03225806451612903	0.03225806451612903	0.03225806451612903	0.03225806451612903	0.03225806451612903	0.03225806451612903	0.03225806451612903	0.03225806451612903	0.03225806451612903	0.03225806451612903	0.03225806451612903	0.03225806451612903	0.03225806451612903	0.03225806451612903	0.03225806451612903	0.03225806451612903	0.03225806451612903	0.03225806451612903	0.03225806451612903	0.03225806451612903	0.03225806451612903	0.03225806451612903	0.03225806451612903	0.03225806451612903	0.03225806451612903	0.03225806451612903	0.03333333333333333	1.0	0.03225806451612903	0.03225806451612903	0.03225806451612903
simple	0.1111111111111111	0.009516018272034238	0.0094786513543164	0.00847457627118644	0.009417088695853459	0.009228670455376444	0.008264462809917356	0.00904175517010559	0.009098764360451551	0.009053527266915232	0.008333333333333333	0.008695652173913044	0.008585763229088147	0.009222272538281562	0.009398584945977425	0.008264462809917356	0.008264462809917356	0.009075328291641052	0.00847457627118644	0.00847457627118644	0.00847457627118644	0.009527716106812282	0.009337344581223228	0.008415528514844386	0.009349380999743195	0.008264462809917356	0.008616313772318179	0.03225806451612903	0.009361104300288713	0.008333333333333333	0.009149970076311142	0.010638297872340425	0.07142857142857142	0.009137687530802224	0.008475150962367135	0.008332147759751336
sr	0.1111111111111111	0.00847457627118644	0.008547008547008548	0.00847457627118644	0.008403361344537815	0.008333333333333333	0.008333333333333333	0.008333333333333333	0.008333333333333333	0.008333333333333333	0.008333333333333333	0.008695652173913044	0.008333333333333333	0.008333333333333333	0.008333333333333333	0.008333333333333333	0.008333333333333333	0.00847457627118644	0.00847457627118644	0.00847457627118644	0.00847457627118644	0.00847457627118644	0.008333333333333333	0.008333333333333333	0.008333333333333333	0.008333333333333333	0.00847457627118644	0.03225806451612903	0.008333333333333333	0.008333333333333333	0.008333333333333333	0.010638297872340425	0.1	0.008333333333333333	0.00847457627118644	0.008333333333333333
sv	0.1111111111111111	0.009347630812429992	0.009039531465821161	0.00847457627118644	0.009253543931396078	0.008390191032131494	0.007692307692307693	0.0076044902100552945	0.008281051495844549	0.007618908988098748	0.008333333333333333	0.008695652173913044	0.00790583391726088	0.008329748035555905	0.009157682670097323	0.007936507936507936	0.0070921985815602835	0.008981372458868474	0.00847457627118644	0.00847457627118644	0.00847457627118644	0.009285413458154689	0.008909803299036187	0.008257238178217474	0.009047084134541371	0.007874015748031496	0.008598017666044877	0.03225806451612903	0.009149970076311142	0.008333333333333333	0.007878296757862599	0.010638297872340425	0.07692307692307693	0.008801262855382326	0.008475079143924159	0.007994430531614262
te	0.125	0.010869565217391304	0.01098901098901099	0.010869565217391304	0.010752688172043012	0.010638297872340425	0.010638297872340425	0.010638297872340425	0.010638297872340425	0.010638297872340425	0.010638297872340425	0.011111111111111112	0.010638297872340425	0.010638297872340425	0.010638297872340425	0.010638297872340425	0.010638297872340425	0.010869565217391304	0.010869565217391304	0.010869565217391304	0.010869565217391304	0.010869565217391304	0.010638297872340425	0.010638297872340425	0.010638297872340425	0.010638297872340425	0.010869565217391304	0.03333333333333333	0.010638297872340425	0.010638297872340425	0.010638297872340425	0.010638297872340425	0.16666666666666666	0.010638297872340425	0.010869565217391304	0.010638297872340425
tr	0.5	0.09091735537190083	-1.0	0.3333333333333333	0.09090909090909091	0.05555555555555555	0.16666666666666666	0.05263157894736842	0.05555555555555555	0.05263434903047091	0.14285714285714285	0.14285714285714285	0.16666666666666666	0.07142857142857142	0.058830449826989616	0.06666666666666667	0.09090909090909091	0.14285714285714285	0.16666666666666666	0.1111111111111111	0.5	0.052645432132963986	0.05555555555555555	0.05263157894736842	0.16666666666666666	0.05263157894736842	0.14287755102040817	1.0	0.07142857142857142	0.1	0.07692307692307693	0.16666666666666666	0.05004002250999999	0.07692307692307693	0.5	0.06666666666666667
vi	0.1111111111111111	0.009333516266239053	0.009098103598736987	0.00847457627118644	0.009242018091522896	0.008861800517140335	0.008064516129032258	0.008710352884972067	0.008756748729104894	0.008719393541058615	0.008333333333333333	0.008695652173913044	0.008464348723288575	0.008860542867247106	0.009212359822455364	0.008064516129032258	0.008064516129032258	0.008975050569037845	0.00847457627118644	0.00847457627118644	0.00847457627118644	0.00927613200107124	0.008966595733155324	0.008258461387071843	0.00910359551108625	0.008064516129032258	0.008594603549537361	0.03225806451612903	0.009137687530802224	0.008333333333333333	0.008801262855382326	0.010638297872340425	0.07692307692307693	0.008972649781747348	0.008475150890548691	0.008122551927452237
war	0.1111111111111111	0.008475222780810112	0.008696181625708885	0.00847457627118644	0.008475222780810112	0.008475222780810112	0.00847457627118644	0.00847500725366274	0.008475150962367135	0.008475222780810112	0.00847457627118644	0.008695652173913044	0.008474791726515368	0.008475150890548693	0.008475222780810112	0.00847457627118644	0.00847457627118644	0.00847500725366274	0.00847457627118644	0.00847457627118644	0.00847457627118644	0.008475222780810112	0.008475222780810112	0.008474648089629418	0.008475222780810112	0.00847457627118644	0.008474719908072392	0.03225806451612903	0.008475150962367135	0.00847457627118644	0.008475079143924159	0.010869565217391304	0.5	0.008475150890548691	0.008475222780810112	0.008474648089629418
zh	0.1111111111111111	0.008542407531369818	0.00826248240957473	0.00847457627118644	0.008469114460084649	0.008063277205364703	0.008	0.007927134968896679	0.008055491427376667	0.007926884318230461	0.008333333333333333	0.008695652173913044	0.008153478858828134	0.007999357021522801	0.008332841284791255	0.007874015748031496	0.007936507936507936	0.008514767976250361	0.00847457627118644	0.00847457627118644	0.00847457627118644	0.008471125448145872	0.00813133308577142	0.008139345773034323	0.00832972259715646	0.008	0.008485435168085656	0.03225806451612903	0.008332147759751336	0.008333333333333333	0.007994430531614262	0.010638297872340425	0.06666666666666667	0.008122551927452237	0.008474648089629418	0.007945519687783571
