arz	bs	ceb	ckb	da	de	el	en	es	fr	he	hi	hu	id	it	ja	ko	lv	mk	ml	mr	nl	pl	pt	ro	ru	sh	si	simple	sr	sv	te	vi	war	zh
arz	1.0	0.5114771566842783	0.6666666666666666	0.5333333333333333	0.5107692307692308	0.5059588299024919	0.5146948011432982	0.5048408655433084	0.5044483985765125	0.506467343704569	0.5147974088657437	0.525	0.5077519379844961	0.5166301986526441	0.5048803038678223	0.507908611599297	0.5098304677408049	0.5183873737889604	0.5333333333333333	0.5348837209302326	0.5384615384615384	0.5041030699967917	0.5064377682403434	0.5084284217984261	0.5088353118981201	0.5074066319213607	0.5333333333333333	0.7017543859649122	0.5242718446601942	0.509903864278982	0.5093945720250522	0.5	0.5115606936416185	0.7289719626168224	0.5088235294117647
bs	0.5114771566842783	1.0	0.5	0.5165562913907285	0.5881699033982902	0.5384333155919099	0.5762403517797968	0.521197675437242	0.5285586013277497	0.533095481959573	0.6041121951838796	0.5102040816326531	0.5608617604716403	0.6308071190233787	0.5347626162297602	0.5541244917318808	0.5537958017695283	0.6595732343731879	0.5495646747689656	0.513448731909974	0.5231106589681139	0.5308674690569021	0.5469417331614976	0.531895629963145	0.5510026650554455	0.5502990754385798	0.5279711775663967	0.528	0.5524350396763653	0.6424371904098958	0.5693013652247232	0.5	0.5431566134703814	0.546218487394958	0.5481694418253847
ceb	0.6666666666666666	0.5	1.0	0.6666666666666666	0.501577287066246	0.5010162601626017	0.671875	0.5006802721088436	0.500965250965251	0.5009487666034156	0.6706231454005934	0.6724890829694323	0.5029940119760479	0.501358695652174	0.5009784735812133	0.6695652173913044	0.6696935300794551	0.5029940119760479	0.6707692307692308	0.6666666666666666	0.6832298136645962	0.5015673981191223	0.5013020833333334	0.5011961722488038	0.5029761904761905	0.6680919294494923	0.5020661157024793	0.6666666666666666	0.5053763440860215	0.5007923930269413	0.5018587360594796	0.6666666666666666	0.6711864406779662	0.6666666666666666	0.6697459584295612
ckb	0.5333333333333333	0.5165562913907285	0.6666666666666666	1.0	0.5082508250825083	0.5033185840707964	0.5076530612244897	0.5018270401948843	0.5027173913043478	0.5032894736842105	0.5099601593625498	0.5625	0.5050505050505051	0.5113122171945702	0.5029761904761905	0.5045537340619308	0.5050505050505051	0.5221238938053098	0.5420207743153919	0.6111111111111112	0.5985037406483791	0.5027777777777778	0.504424778761062	0.5034168564920273	0.5049738465098308	0.5045592705167173	0.5263157894736842	0.72	0.5133689839572192	0.5139664804469274	0.5065502183406114	0.5	0.5076923076923077	0.787878787878788	0.5045317220543807
da	0.5107692307692308	0.5881699033982902	0.501577287066246	0.5082508250825083	1.0	0.5565377027037353	0.5880272113622541	0.5417277055484343	0.5482724859117806	0.5556734478955123	0.5946464812458024	0.5050167224080268	0.579813877156793	0.5943393018653647	0.5583394225668135	0.568206305683735	0.5697167670355331	0.5827956722174689	0.5253247552500521	0.506723825830104	0.5131903810833325	0.5552700236389898	0.5639876538089552	0.5472624983460596	0.5545629056559349	0.5644053094912268	0.5111435675024807	0.5194029850746269	0.564345903629741	0.5815742690525215	0.5990109979144742	0.5	0.5575903262182318	0.5242424242424242	0.5692516749276002
de	0.5059588299024919	0.5384333155919099	0.5010162601626017	0.5033185840707964	0.5565377027037353	1.0	0.5783267724821932	0.6069299374725597	0.614610478469951	0.6270743416685357	0.5583776028835774	0.5016648168701443	0.6008211325431869	0.5486914358924851	0.622272738260556	0.6059667004988446	0.5802651948009269	0.5283510639076342	0.5109083365962507	0.5027685492801772	0.5050318658506144	0.6151068080054303	0.6103095295017039	0.596178914818157	0.5979412026539025	0.6152771639467827	0.5071193866374589	0.5064805583250249	0.5412112814327498	0.5407427062185455	0.5712245083358172	0.5	0.5449577397401782	0.5075075075075075	0.6087543324075562
el	0.5146948011432982	0.5762403517797968	0.671875	0.5076530612244897	0.5880272113622541	0.5783267724821932	1.0	0.5530565148802982	0.5669256371803123	0.5777944652896467	0.6068334961856767	0.5038560411311054	0.5916892005144435	0.5891103535678706	0.5767402691544014	0.5995824812240601	0.588390228172178	0.5672927998193229	0.52463899215656	0.5063938618925832	0.5116321677977349	0.5663183955198304	0.5898657477761754	0.5689061339904792	0.5896029369314829	0.5961712428386744	0.5111111111111111	0.6964618249534451	0.5643195252422132	0.5709844504421057	0.5828888650715495	0.5	0.5520315344962072	0.6992481203007519	0.5885326210763691
en	0.5048408655433084	0.521197675437242	0.5006802721088436	0.5018270401948843	0.5417277055484343	0.6069299374725597	0.5530565148802982	1.0	0.6179778991050047	0.6107340847343725	0.5350747253538307	0.50091519219036	0.5667696387827784	0.5313690841486676	0.6184822324182753	0.5721843768048168	0.5575533623034681	0.5162068767482872	0.5063590688648926	0.501533286722439	0.5027815026611466	0.6089055185875234	0.5856499518437385	0.5838333182834524	0.56698335070907	0.5834622023535263	0.5039469230539841	0.5057239057239057	0.5257887536786071	0.5257040404877529	0.5606698575612302	0.5	0.54487255900155	0.5053908355795148	0.5851118686016274
es	0.5044483985765125	0.5285586013277497	0.500965250965251	0.5027173913043478	0.5482724859117806	0.614610478469951	0.5669256371803123	0.6179778991050047	1.0	0.6167846145024111	0.5496335973314453	0.5013623978201636	0.584585497452352	0.5395809580072751	0.6285702689814016	0.5906900411616627	0.5702791886335097	0.5235750065236708	0.5093666369313113	0.5022665457842249	0.5036036036036037	0.6012315094477324	0.6003861027453705	0.6025287544019396	0.5815112492035274	0.606083974286434	0.5053859964093357	0.506641366223909	0.5340774391142493	0.532366702964119	0.5591974518962566	0.5	0.5375854214123007	0.5076190476190476	0.597666048268274
fr	0.506467343704569	0.533095481959573	0.5009487666034156	0.5032894736842105	0.5556734478955123	0.6270743416685357	0.5777944652896467	0.6107340847343725	0.6167846145024111	1.0	0.5604642232952524	0.5016501650165016	0.6041503644318456	0.5469339036579072	0.6329907795858521	0.605651042076887	0.5829736774047667	0.5281421292620885	0.5102731890167588	0.5027442371020856	0.5043936762005394	0.6092642850245814	0.6100101974196528	0.6047978339505513	0.6120135871316167	0.6142197391877267	0.5048700762973499	0.5074766355140187	0.5376945857456614	0.5359249445096715	0.5662817539079071	0.5	0.5427574753620781	0.5074906367041199	0.597702599847387
he	0.5147974088657437	0.6041121951838796	0.6706231454005934	0.5099601593625498	0.5946464812458024	0.5583776028835774	0.6068334961856767	0.5350747253538307	0.5496335973314453	0.5604642232952524	1.0	0.5060728744939271	0.5785316394381083	0.6062589583405773	0.5545575839841611	0.5842859492896894	0.5809244390541866	0.6116638119062897	0.5342986425339367	0.508089777254555	0.5161700174031881	0.5488694502955169	0.5742431859962126	0.5555272269553433	0.5733961692726246	0.5810170599080492	0.5151515151515151	0.6915351506456241	0.5768734016521627	0.6017715657327357	0.5792918221222155	0.5	0.5472500501568521	0.6956521739130435	0.5744825883420269
hi	0.525	0.5102040816326531	0.6724890829694323	0.5625	0.5050167224080268	0.5016648168701443	0.5038560411311054	0.50091519219036	0.5013623978201636	0.5016501650165016	0.5060728744939271	1.0	0.5030888785915663	0.5069124423963134	0.5014925373134328	0.5018315018315018	0.5025380710659899	0.5138999167496764	0.5319148936170213	0.5714285714285714	0.5416666666666666	0.5013927576601671	0.5022222222222222	0.5017142857142858	0.502495840266223	0.5022900763358779	0.5151515151515151	0.7131782945736435	0.5081967213114754	0.5085714285714286	0.5033514547831507	0.5	0.5046728971962617	0.7193675889328064	0.5022761760242792
hu	0.5077519379844961	0.5608617604716403	0.5029940119760479	0.5050505050505051	0.579813877156793	0.6008211325431869	0.5916892005144435	0.5667696387827784	0.584585497452352	0.6041503644318456	0.5785316394381083	0.5030888785915663	1.0	0.575278920289043	0.599382506554017	0.6033218837721286	0.5754151390557274	0.5537145353146098	0.5198532850083192	0.5051051411448527	0.5092591408574376	0.5860600270020421	0.6010863378281751	0.5917068899215812	0.6103033663836209	0.5997701783203723	0.506910559927836	0.5154929577464789	0.5504074877038148	0.5591782280643861	0.5799099910101203	0.5	0.5588801289450345	0.5170454545454546	0.5841745943117971
id	0.5166301986526441	0.6308071190233787	0.501358695652174	0.5113122171945702	0.5943393018653647	0.5486914358924851	0.5891103535678706	0.5313690841486676	0.5395809580072751	0.5469339036579072	0.6062589583405773	0.5069124423963134	0.575278920289043	1.0	0.5451038816288436	0.5779018927124036	0.57617778244166	0.6275174457525443	0.5342214769746709	0.5091900387351613	0.5184027241906336	0.5406807238256736	0.5590726228453637	0.5455694184963734	0.5614626831218236	0.5657924168318862	0.5170940170940171	0.5092838196286472	0.5650610184591603	0.6092039761644299	0.5717071140963161	0.5	0.5618988911747013	0.5106666666666667	0.5684108798275478
it	0.5048803038678223	0.5347626162297602	0.5009784735812133	0.5029761904761905	0.5583394225668135	0.622272738260556	0.5767402691544014	0.6184822324182753	0.6285702689814016	0.6329907795858521	0.5545575839841611	0.5014925373134328	0.599382506554017	0.5451038816288436	1.0	0.6018707119800151	0.5775897262027497	0.5264849878592499	0.5103446115635027	0.5024826216484608	0.5040267515020852	0.6086257806780063	0.6147999951711525	0.6020778075426236	0.5916295899323217	0.6123040083909806	0.5063913470993117	0.5057581573896353	0.5378920656240612	0.5358700798137914	0.5681946733472274	0.5	0.5463234895692224	0.5067437379576109	0.6034946385339658
ja	0.507908611599297	0.5541244917318808	0.6695652173913044	0.5045537340619308	0.568206305683735	0.6059667004988446	0.5995824812240601	0.5721843768048168	0.5906900411616627	0.605651042076887	0.5842859492896894	0.5018315018315018	0.6033218837721286	0.5779018927124036	0.6018707119800151	1.0	0.5999871615842738	0.545690310464579	0.5142026162802015	0.5036496350364964	0.5064286189172708	0.5842105272119593	0.6012923510468781	0.589951816330442	0.5978862451055978	0.6176555528290846	0.5080213903743316	0.6850477200424179	0.5545801732779573	0.5531749022737518	0.58144039974895	0.5	0.5597163426629951	0.688034188034188	0.6105435870792314
ko	0.5098304677408049	0.5537958017695283	0.6696935300794551	0.5050505050505051	0.5697167670355331	0.5802651948009269	0.588390228172178	0.5575533623034681	0.5702791886335097	0.5829736774047667	0.5809244390541866	0.5025380710659899	0.5754151390557274	0.57617778244166	0.5775897262027497	0.5999871615842738	1.0	0.5450248579488115	0.5157135148822662	0.5042158516020236	0.5076436197349741	0.5636429461821592	0.5814207287272658	0.5738110929818387	0.5754327840448223	0.5892188470361254	0.5074661450334373	0.6873614190687362	0.555132124854026	0.5521302836878431	0.5712681512410822	0.5	0.5460349885652767	0.6905027932960894	0.5894493533046017
lv	0.5183873737889604	0.6595732343731879	0.5029940119760479	0.5221238938053098	0.5827956722174689	0.5283510639076342	0.5672927998193229	0.5162068767482872	0.5235750065236708	0.5281421292620885	0.6116638119062897	0.5138999167496764	0.5537145353146098	0.6275174457525443	0.5264849878592499	0.545690310464579	0.5450248579488115	1.0	0.5551685343029147	0.5179975872291478	0.5372557188797896	0.5243326187221761	0.5387285711650481	0.5288650420065364	0.5433473097097253	0.5409224369777621	0.5321875116172443	0.5294117647058824	0.5584470805851762	0.6499066551245816	0.5559242204932897	0.5	0.5378136428241865	0.5384615384615384	0.539038797759638
mk	0.5333333333333333	0.5495646747689656	0.6707692307692308	0.5420207743153919	0.5253247552500521	0.5109083365962507	0.52463899215656	0.5063590688648926	0.5093666369313113	0.5102731890167588	0.5342986425339367	0.5319148936170213	0.5198532850083192	0.5342214769746709	0.5103446115635027	0.5142026162802015	0.5157135148822662	0.5551685343029147	1.0	0.54	0.5561072492552135	0.5096363451723773	0.5153442438700719	0.512394343843913	0.5171265887223416	0.5140977303086341	0.5373134328358209	0.6888888888888889	0.5308056872037915	0.5443808526858352	0.5191718057442033	0.5	0.5158527178190712	0.7089337175792507	0.5163055966823795
ml	0.5348837209302326	0.513448731909974	0.6666666666666666	0.6111111111111112	0.506723825830104	0.5027685492801772	0.5063938618925832	0.501533286722439	0.5022665457842249	0.5027442371020856	0.508089777254555	0.5714285714285714	0.5051051411448527	0.5091900387351613	0.5024826216484608	0.5036496350364964	0.5042158516020236	0.5179975872291478	0.54	1.0	0.6176470588235294	0.5023169601482854	0.5036927621861153	0.5028506271379704	0.5041528728972303	0.5038051750380518	0.5277777777777778	0.7042253521126761	0.5164277180406213	0.5114385631788448	0.5044217611678298	0.5	0.5061728395061729	0.7184466019417476	0.5037821482602118
mr	0.5384615384615384	0.5231106589681139	0.6832298136645962	0.5985037406483791	0.5131903810833325	0.5050318658506144	0.5116321677977349	0.5027815026611466	0.5036036036036037	0.5043936762005394	0.5161700174031881	0.5416666666666666	0.5092591408574376	0.5184027241906336	0.5040267515020852	0.5064286189172708	0.5076436197349741	0.5372557188797896	0.5561072492552135	0.6176470588235294	1.0	0.5041633284262542	0.506588579795022	0.5051840594766717	0.5075856534844698	0.506119186176575	0.5333333333333333	0.7	0.5273423390883478	0.5231888852133643	0.5078569791406862	0.5	0.5109388742304309	0.7150259067357513	0.5067859788296576
nl	0.5041030699967917	0.5308674690569021	0.5015673981191223	0.5027777777777778	0.5552700236389898	0.6151068080054303	0.5663183955198304	0.6089055185875234	0.6012315094477324	0.6092642850245814	0.5488694502955169	0.5013927576601671	0.5860600270020421	0.5406807238256736	0.6086257806780063	0.5842105272119593	0.5636429461821592	0.5243326187221761	0.5096363451723773	0.5023169601482854	0.5041633284262542	1.0	0.5972586548234102	0.6093397687565902	0.5823792977886948	0.5976840910461994	0.5045787545787546	0.510670731707317	0.5318595271214428	0.532290684871239	0.578588429689076	0.5	0.5519624802314131	0.5122699386503067	0.5944414778405411
pl	0.5064377682403434	0.5469417331614976	0.5013020833333334	0.504424778761062	0.5639876538089552	0.6103095295017039	0.5898657477761754	0.5856499518437385	0.6003861027453705	0.6100101974196528	0.5742431859962126	0.5022222222222222	0.6010863378281751	0.5590726228453637	0.6147999951711525	0.6012923510468781	0.5814207287272658	0.5387285711650481	0.5153442438700719	0.5036927621861153	0.506588579795022	0.5972586548234102	1.0	0.5923485052768771	0.5942619632942061	0.6170881182164437	0.5087209302325582	0.5082592121982211	0.5477579712921944	0.5533453532687022	0.5746553279547653	0.5	0.5460232006885538	0.510230179028133	0.598752633875986
pt	0.5084284217984261	0.531895629963145	0.5011961722488038	0.5034168564920273	0.5472624983460596	0.596178914818157	0.5689061339904792	0.5838333182834524	0.6025287544019396	0.6047978339505513	0.5555272269553433	0.5017142857142858	0.5917068899215812	0.5455694184963734	0.6020778075426236	0.589951816330442	0.5738110929818387	0.5288650420065364	0.512394343843913	0.5028506271379704	0.5051840594766717	0.6093397687565902	0.5923485052768771	1.0	0.5907213999345485	0.5894077614317219	0.5050505050505051	0.5081967213114754	0.5379646235201044	0.5344263519841979	0.5594227661905912	0.5	0.5372912457763936	0.5094117647058823	0.5837913308434999
ro	0.5088353118981201	0.5510026650554455	0.5029761904761905	0.5049738465098308	0.5545629056559349	0.5979412026539025	0.5896029369314829	0.56698335070907	0.5815112492035274	0.6120135871316167	0.5733961692726246	0.502495840266223	0.6103033663836209	0.5614626831218236	0.5916295899323217	0.5978862451055978	0.5754327840448223	0.5433473097097253	0.5171265887223416	0.5041528728972303	0.5075856534844698	0.5823792977886948	0.5942619632942061	0.5907213999345485	1.0	0.6058599952970223	0.50648648729775	0.5168539325842697	0.5442171750453476	0.5472006312315981	0.5652815315418154	0.5	0.5448552129757035	0.5213675213675213	0.5942551724971885
ru	0.5074066319213607	0.5502990754385798	0.6680919294494923	0.5045592705167173	0.5644053094912268	0.6152771639467827	0.5961712428386744	0.5834622023535263	0.606083974286434	0.6142197391877267	0.5810170599080492	0.5022900763358779	0.5997701783203723	0.5657924168318862	0.6123040083909806	0.6176555528290846	0.5892188470361254	0.5409224369777621	0.5140977303086341	0.5038051750380518	0.506119186176575	0.5976840910461994	0.6170881182164437	0.5894077614317219	0.6058599952970223	1.0	0.5074626865671642	0.6786850477200425	0.5504513373005409	0.5475152397009917	0.5760808348271435	0.5	0.5534007982611402	0.6779840848806366	0.6134387744835834
sh	0.5333333333333333	0.5279711775663967	0.5020661157024793	0.5263157894736842	0.5111435675024807	0.5071193866374589	0.5111111111111111	0.5039469230539841	0.5053859964093357	0.5048700762973499	0.5151515151515151	0.5151515151515151	0.506910559927836	0.5170940170940171	0.5063913470993117	0.5080213903743316	0.5074661450334373	0.5321875116172443	0.5373134328358209	0.5277777777777778	0.5333333333333333	0.5045787545787546	0.5087209302325582	0.5050505050505051	0.50648648729775	0.5074626865671642	1.0	0.5139442231075697	0.5123152709359606	0.5323515408231952	0.5084745762711864	0.5	0.5060323735625039	0.5150300601202404	0.5074581097761629
si	0.7017543859649122	0.528	0.6666666666666666	0.72	0.5194029850746269	0.5064805583250249	0.6964618249534451	0.5057239057239057	0.506641366223909	0.5074766355140187	0.6915351506456241	0.7131782945736435	0.5154929577464789	0.5092838196286472	0.5057581573896353	0.6850477200424179	0.6873614190687362	0.5294117647058824	0.6888888888888889	0.7042253521126761	0.7	0.510670731707317	0.5082592121982211	0.5081967213114754	0.5168539325842697	0.6786850477200425	0.5139442231075697	1.0	0.529126213592233	0.5100154083204931	0.512589928057554	0.6947368421052631	0.6972176759410802	0.7586206896551725	0.6877113866967305
simple	0.5242718446601942	0.5524350396763653	0.5053763440860215	0.5133689839572192	0.564345903629741	0.5412112814327498	0.5643195252422132	0.5257887536786071	0.5340774391142493	0.5376945857456614	0.5768734016521627	0.5081967213114754	0.5504074877038148	0.5650610184591603	0.5378920656240612	0.5545801732779573	0.555132124854026	0.5584470805851762	0.5308056872037915	0.5164277180406213	0.5273423390883478	0.5318595271214428	0.5477579712921944	0.5379646235201044	0.5442171750453476	0.5504513373005409	0.5123152709359606	0.529126213592233	1.0	0.5541498837011403	0.5545816697462113	0.5	0.5401301518438179	0.5320197044334976	0.5500461588934072
sr	0.509903864278982	0.6424371904098958	0.5007923930269413	0.5139664804469274	0.5815742690525215	0.5407427062185455	0.5709844504421057	0.5257040404877529	0.532366702964119	0.5359249445096715	0.6017715657327357	0.5085714285714286	0.5591782280643861	0.6092039761644299	0.5358700798137914	0.5531749022737518	0.5521302836878431	0.6499066551245816	0.5443808526858352	0.5114385631788448	0.5231888852133643	0.532290684871239	0.5533453532687022	0.5344263519841979	0.5472006312315981	0.5475152397009917	0.5323515408231952	0.5100154083204931	0.5541498837011403	1.0	0.5599903716987746	0.5	0.5374917828094429	0.5108359133126935	0.5487642085676145
sv	0.5093945720250522	0.5693013652247232	0.5018587360594796	0.5065502183406114	0.5990109979144742	0.5712245083358172	0.5828888650715495	0.5606698575612302	0.5591974518962566	0.5662817539079071	0.5792918221222155	0.5033514547831507	0.5799099910101203	0.5717071140963161	0.5681946733472274	0.58144039974895	0.5712681512410822	0.5559242204932897	0.5191718057442033	0.5044217611678298	0.5078569791406862	0.578588429689076	0.5746553279547653	0.5594227661905912	0.5652815315418154	0.5760808348271435	0.5084745762711864	0.512589928057554	0.5545816697462113	0.5599903716987746	1.0	0.5	0.5748387467823425	0.5144927536231884	0.5758202821251613
te	0.5	0.5	0.6666666666666666	0.5	0.5	0.5	0.5	0.5	0.5	0.5	0.5	0.5	0.5	0.5	0.5	0.5	0.5	0.5	0.5	0.5	0.5	0.5	0.5	0.5	0.5	0.5	0.5	0.6947368421052631	0.5	0.5	0.5	1.0	0.5	0.6956521739130435	0.5
vi	0.5115606936416185	0.5431566134703814	0.6711864406779662	0.5076923076923077	0.5575903262182318	0.5449577397401782	0.5520315344962072	0.54487255900155	0.5375854214123007	0.5427574753620781	0.5472500501568521	0.5046728971962617	0.5588801289450345	0.5618988911747013	0.5463234895692224	0.5597163426629951	0.5460349885652767	0.5378136428241865	0.5158527178190712	0.5061728395061729	0.5109388742304309	0.5519624802314131	0.5460232006885538	0.5372912457763936	0.5448552129757035	0.5534007982611402	0.5060323735625039	0.6972176759410802	0.5401301518438179	0.5374917828094429	0.5748387467823425	0.5	1.0	0.7019867549668874	0.5571611464677154
war	0.7289719626168224	0.546218487394958	0.6666666666666666	0.787878787878788	0.5242424242424242	0.5075075075075075	0.6992481203007519	0.5053908355795148	0.5076190476190476	0.5074906367041199	0.6956521739130435	0.7193675889328064	0.5170454545454546	0.5106666666666667	0.5067437379576109	0.688034188034188	0.6905027932960894	0.5384615384615384	0.7089337175792507	0.7184466019417476	0.7150259067357513	0.5122699386503067	0.510230179028133	0.5094117647058823	0.5213675213675213	0.6779840848806366	0.5150300601202404	0.7586206896551725	0.5320197044334976	0.5108359133126935	0.5144927536231884	0.6956521739130435	0.7019867549668874	1.0	0.6909090909090909
zh	0.5088235294117647	0.5481694418253847	0.6697459584295612	0.5045317220543807	0.5692516749276002	0.6087543324075562	0.5885326210763691	0.5851118686016274	0.597666048268274	0.597702599847387	0.5744825883420269	0.5022761760242792	0.5841745943117971	0.5684108798275478	0.6034946385339658	0.6105435870792314	0.5894493533046017	0.539038797759638	0.5163055966823795	0.5037821482602118	0.5067859788296576	0.5944414778405411	0.598752633875986	0.5837913308434999	0.5942551724971885	0.6134387744835834	0.5074581097761629	0.6877113866967305	0.5500461588934072	0.5487642085676145	0.5758202821251613	0.5	0.5571611464677154	0.6909090909090909	1.0
