arz	bs	ceb	ckb	da	de	el	en	es	fr	he	hi	hu	id	it	ja	ko	lv	mk	ml	mr	nl	pl	pt	ro	ru	sh	si	simple	sr	sv	te	vi	war	zh
arz	0.3333333333333333	0.3333333333333333	0.5	0.058823529411764705	0.0	0.3333333333333333	0.3333333333333333	0.3333333333333333	0.3333333333333333	0.3333333333333333	0.3333333333333333	0.0	0.3333333333333333	0.5	0.3333333333333333	0.3333333333333333	0.3333333333333333	1.0	0.3333333333333333	0.041666666666666664	0.05000249999999999	0.3333333333333333	0.3333333333333333	0.3333333333333333	0.0	0.3333333333333333	0.3333333333333333	0.05555555555555555	1.0	0.3333333333333333	0.3333333333333333	0.047619047619047616	1.0	0.07142857142857142	0.3333333333333333
bs	0.3333333333333333	0.02338144247029673	0.16666666666666666	0.019230769230769232	0.3333333333333333	0.025642340565417487	0.038461538461538464	0.025003125625	0.025	0.026324103880194596	0.05555555555555555	0.0	0.0625	0.5	0.02942561419204498	0.08333333333333333	0.034482758620689655	0.05263157894736842	0.02564102564102564	0.011904761904761904	0.021739130434782608	0.07143877551020407	0.026317174515235454	0.04	0.25	0.02564102564102564	0.025661422757401707	0.02127659574468085	1.0	0.03333333333333333	0.06666666666666667	0.019231139053254437	0.06666666666666667	0.027777777777777776	0.03333333333333333
ceb	0.5	0.16666666666666666	0.1250781719062813	0.2	0.16666666666666666	0.125	0.14285714285714285	0.125	0.125	0.125	0.125	0.125	0.14285714285714285	0.125015625	0.14285714285714285	0.125	0.125	0.2	0.14285714285714285	0.14287755102040817	0.16666666666666666	0.14285714285714285	0.125	0.125	0.125	0.125	0.16666666666666666	0.16666666666666666	0.14285714285714285	0.125	0.14285714285714285	0.25	0.14285714285714285	0.16666666666666666	0.14285714285714285
ckb	0.058823529411764705	0.019230769230769232	0.2	0.009618714775055657	0.012987012987012988	0.01	0.013333333333333334	0.009708737864077669	0.009901088128614842	0.010101112131415162	0.010752688172043012	0.014705882352941176	0.014084705415592145	0.011494252873563218	0.01	0.010526426592797785	0.010869565217391304	0.014925373134328358	0.015873015873015872	0.017544475223145582	0.029412629757785465	0.010416666666666666	0.010309278350515464	0.0100001	0.012987012987012988	0.01020408163265306	0.013513513513513514	0.02702702702702703	0.012345679012345678	0.012195121951219513	0.010869565217391304	0.02631578947368421	0.011494252873563218	0.034482758620689655	0.01086968336483932
da	0.0	0.3333333333333333	0.16666666666666666	0.012987012987012988	0.09090909090909091	0.25	0.3333333333333333	0.125	0.16666666666666666	0.25	0.3333333333333333	0.0	0.3333333333333333	0.0	0.25	0.3333333333333333	0.3333333333333333	1.0	0.3333333333333333	0.007246376811594203	0.014493383742911153	0.3333333333333333	0.125	0.3333333333333333	1.0	0.1111111111111111	0.3333333333333333	0.01639344262295082	1.0	0.2	0.16666666666666666	0.013333333333333334	0.0	0.023809523809523808	0.25
de	0.3333333333333333	0.025642340565417487	0.125	0.01	0.25	0.003990694312973996	0.022727272727272728	0.008265214124718256	0.008695652173913044	0.011364411286157025	0.011764705882352941	0.3333333333333333	0.05	0.20007999999999998	0.017243162901307965	0.07692307692307693	0.030303030303030304	0.05	0.022222222222222223	0.004807761649408285	0.010989131747373506	0.02857142857142857	0.009091239669421486	0.025	0.14285714285714285	0.010752688172043012	0.02564168310322156	0.011904761904761904	0.125	0.014925373134328358	0.05	0.008403502577501588	0.06666666666666667	0.022222222222222223	0.025
el	0.3333333333333333	0.038461538461538464	0.14285714285714285	0.013333333333333334	0.3333333333333333	0.022727272727272728	0.019230769230769232	0.02	0.021739130434782608	0.03225806451612903	0.03125	0.0	0.05555555555555555	0.3333333333333333	0.04	0.09090909090909091	0.05555555555555555	0.1	0.03333333333333333	0.007874077748155496	0.014084705415592145	0.05263157894736842	0.021739130434782608	0.047619047619047616	0.3333333333333333	0.022222222222222223	0.038461538461538464	0.01587326782564878	0.5	0.027777777777777776	0.07692307692307693	0.012345831428135955	0.16666666666666666	0.023255813953488372	0.047619047619047616
en	0.3333333333333333	0.025003125625	0.125	0.009708737864077669	0.125	0.008265214124718256	0.02	0.002475720378216744	0.005154665745562759	0.0100011004002001	0.011235955056179775	0.3333333333333333	0.041666666666666664	0.125	0.01370238450028148	0.06666666666666667	0.02857142857142857	0.047619047619047616	0.022222222222222223	0.0043860803324099725	0.01052653750703612	0.018519890260631	0.004587618971509174	0.018518518518518517	0.07692307692307693	0.004672897196261682	0.02500437625	0.011363636363636364	0.1	0.010869565217391304	0.033334444444444444	0.008	0.0625	0.022222222222222223	0.02127659574468085
es	0.3333333333333333	0.025	0.125	0.009901088128614842	0.16666666666666666	0.008695652173913044	0.021739130434782608	0.005154665745562759	0.0012873724419781155	0.010101010101010102	0.011494252873563218	0.3333333333333333	0.047619047619047616	0.16666666666666666	0.013888888888888888	0.07142857142857142	0.029411764705882353	0.047619047619047616	0.022727272727272728	0.004545495867768595	0.010752803792345937	0.012658227848101266	0.008333333333333333	0.013333333333333334	0.1	0.007874015748031496	0.02564102564102564	0.011627906976744186	0.1111111111111111	0.013157894736842105	0.05	0.008333402777777778	0.06666666666666667	0.022222222222222223	0.022222222222222223
fr	0.3333333333333333	0.026324103880194596	0.125	0.010101112131415162	0.25	0.011364411286157025	0.03225806451612903	0.0100011004002001	0.010101010101010102	0.005805110636083893	0.017543859649122806	0.3333333333333333	0.05263157894736842	0.25	0.009622694252868436	0.07142857142857142	0.034482758620689655	0.05555555555555555	0.025	0.004629736818415638	0.01086991965973535	0.03125	0.013334044444444443	0.02564102564102564	0.14285714285714285	0.012048192771084338	0.027033601168736304	0.011764982698961937	0.125	0.020833333333333332	0.058823529411764705	0.00847457627118644	0.07142857142857142	0.022222222222222223	0.029411764705882353
he	0.3333333333333333	0.05555555555555555	0.125	0.010752688172043012	0.3333333333333333	0.011764705882352941	0.03125	0.011235955056179775	0.011494252873563218	0.017543859649122806	0.01020408163265306	0.3333333333333333	0.07142857142857142	0.25	0.029411764705882353	0.1111111111111111	0.07692307692307693	0.5	0.05	0.005649749433432283	0.011764982698961937	0.04	0.015151515151515152	0.034482758620689655	0.2	0.016129032258064516	0.05555555555555555	0.0125	0.16666666666666666	0.027777777777777776	0.08333333333333333	0.00925934499314129	1.0	0.023809523809523808	0.0625
hi	0.0	0.0	0.125	0.014705882352941176	0.0	0.3333333333333333	0.0	0.3333333333333333	0.3333333333333333	0.3333333333333333	0.3333333333333333	0.3333333333333333	0.0	0.0	0.0	0.0	0.0	0.0	0.0	0.006802813642463788	0.012987181649519312	0.0	1.0	1.0	0.0	0.3333333333333333	0.0	0.014492753623188406	0.0	0.5	0.0	0.010869565217391304	0.0	0.024390243902439025	1.0
hu	0.3333333333333333	0.0625	0.14285714285714285	0.014084705415592145	0.3333333333333333	0.05	0.05555555555555555	0.041666666666666664	0.047619047619047616	0.05263157894736842	0.07142857142857142	0.0	0.03125	0.5	0.0625	0.1	0.08333333333333333	0.5	0.0625	0.00775211826212367	0.014084705415592145	0.07692307692307693	0.047619047619047616	0.0625	0.25	0.045454545454545456	0.06666666666666667	0.016393980112872884	1.0	0.08333333333333333	0.07142857142857142	0.011628177393185505	1.0	0.024390243902439025	0.07142857142857142
id	0.5	0.5	0.125015625	0.011494252873563218	0.0	0.20007999999999998	0.3333333333333333	0.125	0.16666666666666666	0.25	0.25	0.0	0.5	0.03620697026346938	0.25	0.5	0.5	0.0	0.3333333333333333	0.00584798741493109	0.012048337930033388	0.25	0.16666666666666666	0.16666666666666666	0.0	0.25	0.5	0.013157894736842105	1.0	0.3333333333333333	0.3333333333333333	0.009900990099009901	0.5	0.023255813953488372	0.3333333333333333
it	0.3333333333333333	0.02942561419204498	0.14285714285714285	0.01	0.25	0.017243162901307965	0.04	0.01370238450028148	0.013888888888888888	0.009622694252868436	0.029411764705882353	0.0	0.0625	0.25	0.00499194442191097	0.08333333333333333	0.034482758620689655	0.05555555555555555	0.02702702702702703	0.004694923846679451	0.01149451710926146	0.037039780521262	0.016950588911232405	0.034482758620689655	0.16666666666666666	0.01639344262295082	0.028591852257152658	0.012658388078833521	0.14285714285714285	0.030303030303030304	0.055561728395061724	0.008695803402646503	0.07692307692307693	0.022727272727272728	0.029411764705882353
ja	0.3333333333333333	0.08333333333333333	0.125	0.010526426592797785	0.3333333333333333	0.07692307692307693	0.09090909090909091	0.06666666666666667	0.07142857142857142	0.07142857142857142	0.1111111111111111	0.0	0.1	0.5	0.08333333333333333	0.06666666666666667	0.08333333333333333	0.5	0.08333333333333333	0.0049753719462389545	0.01087003792544908	0.08333333333333333	0.07142857142857142	0.08333333333333333	1.0	0.07142857142857142	0.08333333333333333	0.011904761904761904	1.0	0.07692307692307693	0.1	0.008772160664819945	1.0	0.022222222222222223	0.07692307692307693
ko	0.3333333333333333	0.034482758620689655	0.125	0.010869565217391304	0.3333333333333333	0.030303030303030304	0.05555555555555555	0.02857142857142857	0.029411764705882353	0.034482758620689655	0.07692307692307693	0.0	0.08333333333333333	0.5	0.034482758620689655	0.08333333333333333	0.027777777777777776	0.05263157894736842	0.034482758620689655	0.005494596063277382	0.011364023760330577	0.07142857142857142	0.030303030303030304	0.058823529411764705	0.25	0.030303030303030304	0.034482758620689655	0.01250015625	1.0	0.034482758620689655	0.08333333333333333	0.009708737864077669	0.06666666666666667	0.022727272727272728	0.03125
lv	1.0	0.05263157894736842	0.2	0.014925373134328358	1.0	0.05	0.1	0.047619047619047616	0.047619047619047616	0.05555555555555555	0.5	0.0	0.5	0.0	0.05555555555555555	0.5	0.05263157894736842	0.00847457627118644	0.05263157894736842	0.008849557522123894	0.01587326782564878	0.3333333333333333	0.043478260869565216	0.16666666666666666	0.5	0.04	0.05263157894736842	0.017543859649122806	0.0	0.05	0.3333333333333333	0.015625244140625	0.07142857142857142	0.025	0.05263157894736842
mk	0.3333333333333333	0.02564102564102564	0.14285714285714285	0.015873015873015872	0.3333333333333333	0.022222222222222223	0.03333333333333333	0.022222222222222223	0.022727272727272728	0.025	0.05	0.0	0.0625	0.3333333333333333	0.02702702702702703	0.08333333333333333	0.034482758620689655	0.05263157894736842	0.02127659574468085	0.009708832218022528	0.018518518518518517	0.06666666666666667	0.022727272727272728	0.038461538461538464	0.25	0.022727272727272728	0.02631578947368421	0.018518861454046638	1.0	0.030303030303030304	0.07142857142857142	0.01694915254237288	0.06666666666666667	0.02631578947368421	0.03125
ml	0.041666666666666664	0.011904761904761904	0.14287755102040817	0.017544475223145582	0.007246376811594203	0.004807761649408285	0.007874077748155496	0.0043860803324099725	0.004545495867768595	0.004629736818415638	0.005649749433432283	0.006802813642463788	0.00775211826212367	0.00584798741493109	0.004694923846679451	0.0049753719462389545	0.005494596063277382	0.008849557522123894	0.009708832218022528	0.004361841489890503	0.016666666666666666	0.00497514912997203	0.004950568571708657	0.0046950120126077275	0.006711499482005315	0.004926375306365115	0.007299429911023496	0.018182479338842972	0.006451821019771072	0.006289387286895297	0.0052633518282825765	0.014084507042253521	0.005814054894537587	0.024390243902439025	0.005319573421316291
mr	0.05000249999999999	0.021739130434782608	0.16666666666666666	0.029412629757785465	0.014493383742911153	0.010989131747373506	0.014084705415592145	0.01052653750703612	0.010752803792345937	0.01086991965973535	0.011764982698961937	0.012987181649519312	0.014084705415592145	0.012048337930033388	0.01149451710926146	0.01087003792544908	0.011364023760330577	0.01587326782564878	0.018518518518518517	0.016666666666666666	0.010561564083346528	0.011363636363636364	0.011364023760330577	0.011111481481481479	0.013513513513513514	0.011494517241379312	0.014925818667854755	0.029411764705882353	0.012048337930033388	0.01282084155161078	0.01149451710926146	0.020408996668054978	0.011236207549551824	0.03225806451612903	0.01098973565994445
nl	0.3333333333333333	0.07143877551020407	0.14285714285714285	0.010416666666666666	0.3333333333333333	0.02857142857142857	0.05263157894736842	0.018519890260631	0.012658227848101266	0.03125	0.04	0.0	0.07692307692307693	0.25	0.037039780521262	0.08333333333333333	0.07142857142857142	0.3333333333333333	0.06666666666666667	0.00497514912997203	0.011363636363636364	0.003147644599039395	0.023811791383219955	0.034482758620689655	0.3333333333333333	0.025	0.07142857142857142	0.012345831428135955	0.2	0.045454545454545456	0.058823529411764705	0.008695652173913044	1.0	0.022222222222222223	0.07142857142857142
pl	0.3333333333333333	0.026317174515235454	0.125	0.010309278350515464	0.125	0.009091239669421486	0.021739130434782608	0.004587618971509174	0.008333333333333333	0.013334044444444443	0.015151515151515152	1.0	0.047619047619047616	0.16666666666666666	0.016950588911232405	0.07142857142857142	0.030303030303030304	0.043478260869565216	0.022727272727272728	0.004950568571708657	0.011364023760330577	0.023811791383219955	0.00037878106991782204	0.021739130434782608	0.09091735537190083	0.002352941176470588	0.02778086496990818	0.012195121951219513	0.125	0.008403361344537815	0.047619047619047616	0.008771929824561403	0.06666666666666667	0.022727272727272728	0.023809523809523808
pt	0.3333333333333333	0.04	0.125	0.0100001	0.3333333333333333	0.025	0.047619047619047616	0.018518518518518517	0.013333333333333334	0.02564102564102564	0.034482758620689655	1.0	0.0625	0.16666666666666666	0.034482758620689655	0.08333333333333333	0.058823529411764705	0.16666666666666666	0.038461538461538464	0.0046950120126077275	0.011111481481481479	0.034482758620689655	0.021739130434782608	0.002544529262086514	0.3333333333333333	0.020833333333333332	0.043478260869565216	0.011765121107266433	0.5	0.038461538461538464	0.07142857142857142	0.008474648089629418	0.25	0.022727272727272728	0.05
ro	0.0	0.25	0.125	0.012987012987012988	1.0	0.14285714285714285	0.3333333333333333	0.07692307692307693	0.1	0.14285714285714285	0.2	0.0	0.25	0.0	0.16666666666666666	1.0	0.25	0.5	0.25	0.006711499482005315	0.013513513513513514	0.3333333333333333	0.09091735537190083	0.3333333333333333	0.04765308391384808	0.06666666666666667	0.3333333333333333	0.015384615384615385	0.0	0.2	1.0	0.012345679012345678	1.0	0.023809523809523808	0.2
ru	0.3333333333333333	0.02564102564102564	0.125	0.01020408163265306	0.1111111111111111	0.010752688172043012	0.022222222222222223	0.004672897196261682	0.007874015748031496	0.012048192771084338	0.016129032258064516	0.3333333333333333	0.045454545454545456	0.25	0.01639344262295082	0.07142857142857142	0.030303030303030304	0.04	0.022727272727272728	0.004926375306365115	0.011494517241379312	0.025	0.002352941176470588	0.020833333333333332	0.06666666666666667	0.0005104645227156713	0.02564102564102564	0.011905045351473922	0.16666666666666666	0.006993006993006993	0.017241379310344827	0.008547227701073854	0.06666666666666667	0.022222222222222223	0.022222222222222223
sh	0.3333333333333333	0.025661422757401707	0.16666666666666666	0.013513513513513514	0.3333333333333333	0.02564168310322156	0.038461538461538464	0.02500437625	0.02564102564102564	0.027033601168736304	0.05555555555555555	0.0	0.06666666666666667	0.5	0.028591852257152658	0.08333333333333333	0.034482758620689655	0.05263157894736842	0.02631578947368421	0.007299429911023496	0.014925818667854755	0.07142857142857142	0.02778086496990818	0.043478260869565216	0.3333333333333333	0.02564102564102564	0.023393455294831	0.014926041434617952	1.0	0.034482758620689655	0.05883391349480968	0.012048337930033388	0.06666666666666667	0.023809523809523808	0.03333333333333333
si	0.05555555555555555	0.02127659574468085	0.16666666666666666	0.02702702702702703	0.01639344262295082	0.011904761904761904	0.01587326782564878	0.011363636363636364	0.011627906976744186	0.011764982698961937	0.0125	0.014492753623188406	0.016393980112872884	0.013157894736842105	0.012658388078833521	0.011904761904761904	0.01250015625	0.017543859649122806	0.018518861454046638	0.018182479338842972	0.029411764705882353	0.012345831428135955	0.012195121951219513	0.011765121107266433	0.015384615384615385	0.011905045351473922	0.014926041434617952	0.011386927528359157	0.013333688888888888	0.013158067867036011	0.0125003125	0.027777777777777776	0.01282051282051282	0.03571428571428571	0.011764982698961937
simple	1.0	1.0	0.14285714285714285	0.012345679012345678	1.0	0.125	0.5	0.1	0.1111111111111111	0.125	0.16666666666666666	0.0	1.0	1.0	0.14285714285714285	1.0	1.0	0.0	1.0	0.006451821019771072	0.012048337930033388	0.2	0.125	0.5	0.0	0.16666666666666666	1.0	0.013333688888888888	0.1	1.0	1.0	0.01098901098901099	1.0	0.023255813953488372	1.0
sr	0.3333333333333333	0.03333333333333333	0.125	0.012195121951219513	0.2	0.014925373134328358	0.027777777777777776	0.010869565217391304	0.013157894736842105	0.020833333333333332	0.027777777777777776	0.5	0.08333333333333333	0.3333333333333333	0.030303030303030304	0.07692307692307693	0.034482758620689655	0.05	0.030303030303030304	0.006289387286895297	0.01282084155161078	0.045454545454545456	0.008403361344537815	0.038461538461538464	0.2	0.006993006993006993	0.034482758620689655	0.013158067867036011	1.0	0.0049504950495049506	0.06666666666666667	0.010204185755935027	0.06666666666666667	0.02325635478637101	0.02631578947368421
sv	0.3333333333333333	0.06666666666666667	0.14285714285714285	0.010869565217391304	0.16666666666666666	0.05	0.07692307692307693	0.033334444444444444	0.05	0.058823529411764705	0.08333333333333333	0.0	0.07142857142857142	0.3333333333333333	0.055561728395061724	0.1	0.08333333333333333	0.3333333333333333	0.07142857142857142	0.0052633518282825765	0.01149451710926146	0.058823529411764705	0.047619047619047616	0.07142857142857142	1.0	0.017241379310344827	0.05883391349480968	0.0125003125	1.0	0.06666666666666667	0.005962993512597389	0.009259259259259259	1.0	0.022222222222222223	0.1
te	0.047619047619047616	0.019231139053254437	0.25	0.02631578947368421	0.013333333333333334	0.008403502577501588	0.012345831428135955	0.008	0.008333402777777778	0.00847457627118644	0.00925934499314129	0.010869565217391304	0.011628177393185505	0.009900990099009901	0.008695803402646503	0.008772160664819945	0.009708737864077669	0.015625244140625	0.01694915254237288	0.014084507042253521	0.020408996668054978	0.008695652173913044	0.008771929824561403	0.008474648089629418	0.012345679012345678	0.008547227701073854	0.012048337930033388	0.027777777777777776	0.01098901098901099	0.010204185755935027	0.009259259259259259	0.00800762323821165	0.009901088128614842	0.04	0.00884963583679223
vi	1.0	0.06666666666666667	0.14285714285714285	0.011494252873563218	0.0	0.06666666666666667	0.16666666666666666	0.0625	0.06666666666666667	0.07142857142857142	1.0	0.0	1.0	0.5	0.07692307692307693	1.0	0.06666666666666667	0.07142857142857142	0.06666666666666667	0.005814054894537587	0.011236207549551824	1.0	0.06666666666666667	0.25	1.0	0.06666666666666667	0.06666666666666667	0.01282051282051282	1.0	0.06666666666666667	1.0	0.009901088128614842	0.0625	0.022727272727272728	0.06666666666666667
war	0.07142857142857142	0.027777777777777776	0.16666666666666666	0.034482758620689655	0.023809523809523808	0.022222222222222223	0.023255813953488372	0.022222222222222223	0.022222222222222223	0.022222222222222223	0.023809523809523808	0.024390243902439025	0.024390243902439025	0.023255813953488372	0.022727272727272728	0.022222222222222223	0.022727272727272728	0.025	0.02631578947368421	0.024390243902439025	0.03225806451612903	0.022222222222222223	0.022727272727272728	0.022727272727272728	0.023809523809523808	0.022222222222222223	0.023809523809523808	0.03571428571428571	0.023255813953488372	0.02325635478637101	0.022222222222222223	0.04	0.022727272727272728	0.022223703703703704	0.022222222222222223
zh	0.3333333333333333	0.03333333333333333	0.14285714285714285	0.01086968336483932	0.25	0.025	0.047619047619047616	0.02127659574468085	0.022222222222222223	0.029411764705882353	0.0625	1.0	0.07142857142857142	0.3333333333333333	0.029411764705882353	0.07692307692307693	0.03125	0.05263157894736842	0.03125	0.005319573421316291	0.01098973565994445	0.07142857142857142	0.023809523809523808	0.05	0.2	0.022222222222222223	0.03333333333333333	0.011764982698961937	1.0	0.02631578947368421	0.1	0.00884963583679223	0.06666666666666667	0.022222222222222223	0.019230769230769232
