arz	bs	ceb	ckb	da	de	el	en	es	fr	he	hi	hu	id	it	ja	ko	lv	mk	ml	mr	nl	pl	pt	ro	ru	sh	si	simple	sr	sv	te	vi	war	zh
arz	0.3333333333333333	0.3333333333333333	0.5	0.058823529411764705	0.0	0.3333333333333333	0.3333333333333333	0.3333333333333333	0.3333333333333333	0.3333333333333333	0.3333333333333333	0.0	0.3333333333333333	0.5	0.3333333333333333	0.3333333333333333	0.3333333333333333	1.0	0.3333333333333333	0.041666666666666664	0.05	0.3333333333333333	0.3333333333333333	0.3333333333333333	0.0	0.3333333333333333	0.3333333333333333	0.05555555555555555	1.0	0.3333333333333333	0.3333333333333333	0.047619047619047616	1.0	0.07142857142857142	0.3333333333333333
bs	0.3333333333333333	0.02338139545483997	0.16666666666666666	0.019230769230769232	0.3333333333333333	0.025642998027613412	0.038461538461538464	0.025004375625	0.025	0.02632202216066482	0.05555555555555555	0.0	0.0625	0.5002502502502503	0.02942734689100346	0.08333333333333333	0.034482758620689655	0.05263157894736842	0.02564102564102564	0.011904903628117915	0.02173960302457467	0.07142857142857142	0.026317174515235454	0.04	0.25	0.02564102564102564	0.025660109808030247	0.02127704843820733	1.0	0.03333333333333333	0.06666666666666667	0.019231139053254437	0.06666666666666667	0.027777777777777776	0.03333333333333333
ceb	0.5	0.16666666666666666	0.12507817190624998	0.2	0.16666666666666666	0.125	0.14285714285714285	0.125	0.125	0.125	0.125	0.125	0.14285714285714285	0.125	0.14285714285714285	0.125	0.125	0.2	0.14285714285714285	0.14285714285714285	0.16666666666666666	0.14285714285714285	0.125	0.125	0.125	0.125	0.16666666666666666	0.16669444444444442	0.14285714285714285	0.125	0.14285714285714285	0.25006249999999997	0.14285714285714285	0.16666666666666666	0.14285714285714285
ckb	0.058823529411764705	0.019230769230769232	0.2	0.00961871412731139	0.012987012987012988	0.01	0.013333333333333334	0.009708832123668583	0.009900990099009901	0.010101010101010102	0.010752688172043012	0.014705882352941176	0.014084507042253521	0.011494252873563218	0.01	0.010526315789473684	0.01086968336483932	0.014925373134328358	0.015873015873015872	0.017543859649122806	0.029411764705882353	0.010416666666666666	0.010309278350515464	0.01	0.012987012987012988	0.01020408163265306	0.013513513513513514	0.02702702702702703	0.012345831428135955	0.012195121951219513	0.010869565217391304	0.02631578947368421	0.011494252873563218	0.034482758620689655	0.010869565217391304
da	0.0	0.3333333333333333	0.16666666666666666	0.012987012987012988	0.09090909090909091	0.25	0.3333333333333333	0.125	0.16666666666666666	0.25	0.3333333333333333	0.0	0.3333333333333333	0.0	0.25	0.3333333333333333	0.3333333333333333	1.0	0.3333333333333333	0.007246429321571099	0.014492963663095989	0.3333333333333333	0.125	0.3333333333333333	1.0	0.1111111111111111	0.3333333333333333	0.016393711367911852	1.0	0.2	0.16666666666666666	0.013333333333333334	0.0	0.023809523809523808	0.25
de	0.3333333333333333	0.025642998027613412	0.125	0.01	0.25	0.0039906920670675595	0.022727272727272728	0.008265282426063794	0.008695652173913044	0.01136531521190612	0.011764705882352941	0.3333333333333333	0.05	0.20003999999999997	0.017244054696789538	0.07692307692307693	0.030303030303030304	0.05	0.022222222222222223	0.004807738535502959	0.010989252505736022	0.02857142857142857	0.00909107438016529	0.025	0.14285714285714285	0.010752688172043012	0.025643655489809333	0.011904903628117915	0.125	0.014925373134328358	0.05	0.008403431961019702	0.06666666666666667	0.022222222222222223	0.025
el	0.3333333333333333	0.038461538461538464	0.14285714285714285	0.013333333333333334	0.3333333333333333	0.022727272727272728	0.019230769230769232	0.02	0.021739130434782608	0.03225806451612903	0.03125	0.0	0.05555555555555555	0.3333333333333333	0.04	0.09090909090909091	0.05555555555555555	0.1	0.03333333333333333	0.007874077748155496	0.014084903788930767	0.05263157894736842	0.021739130434782608	0.047619047619047616	0.3333333333333333	0.022222222222222223	0.038461538461538464	0.01587351977828168	0.5	0.027777777777777776	0.07692307692307693	0.012345984149062949	0.16666666666666666	0.023255813953488372	0.047619047619047616
en	0.3333333333333333	0.025004375625	0.125	0.009708832123668583	0.125	0.008265282426063794	0.02	0.0024757183461130193	0.005154639175257732	0.0100025009006006	0.011235955056179775	0.3333333333333333	0.041666666666666664	0.125015625	0.013701445674798272	0.06666666666666667	0.02857142857142857	0.047619047619047616	0.022222222222222223	0.004386195752539243	0.010526426592797785	0.018518518518518517	0.00458774524452908	0.018518518518518517	0.07692307692307693	0.004672897196261682	0.025001249999999996	0.011363636363636364	0.1	0.010869565217391304	0.03333333333333333	0.008000064	0.0625	0.022222222222222223	0.02127659574468085
es	0.3333333333333333	0.025	0.125	0.009900990099009901	0.16666666666666666	0.008695652173913044	0.021739130434782608	0.005154639175257732	0.0012873724171209321	0.010101010101010102	0.011494252873563218	0.3333333333333333	0.047619047619047616	0.16666666666666666	0.013888888888888888	0.07142857142857142	0.029411764705882353	0.047619047619047616	0.022727272727272728	0.004545495867768595	0.010752688172043012	0.012658227848101266	0.008333333333333333	0.013333333333333334	0.1	0.007874015748031496	0.02564102564102564	0.011627906976744186	0.1111111111111111	0.013157894736842105	0.05	0.008333333333333333	0.06666666666666667	0.022222222222222223	0.022222222222222223
fr	0.3333333333333333	0.02632202216066482	0.125	0.010101010101010102	0.25	0.01136531521190612	0.03225806451612903	0.0100025009006006	0.010101010101010102	0.0058051084573765765	0.017543859649122806	0.3333333333333333	0.05263157894736842	0.25	0.009621212279123798	0.07142857142857142	0.034482758620689655	0.05555555555555555	0.025	0.0046297367969821675	0.010869801512287334	0.0312519541015625	0.013334755733333335	0.02564102564102564	0.14285714285714285	0.012048192771084338	0.02703725712417896	0.011764705882352941	0.125	0.020833333333333332	0.058823529411764705	0.00847457627118644	0.07142857142857142	0.022222222222222223	0.029411764705882353
he	0.3333333333333333	0.05555555555555555	0.125	0.010752688172043012	0.3333333333333333	0.011764705882352941	0.03125	0.011235955056179775	0.011494252873563218	0.017543859649122806	0.01020408163265306	0.3333333333333333	0.07142857142857142	0.25	0.029411764705882353	0.1111111111111111	0.07692307692307693	0.5	0.05	0.005649781352740273	0.011764705882352941	0.04	0.015151515151515152	0.034482758620689655	0.2	0.016129032258064516	0.05555555555555555	0.01250015625	0.16666666666666666	0.027777777777777776	0.08333333333333333	0.009259259259259259	1.0	0.023809523809523808	0.0625
hi	0.0	0.0	0.125	0.014705882352941176	0.0	0.3333333333333333	0.0	0.3333333333333333	0.3333333333333333	0.3333333333333333	0.3333333333333333	0.3333333333333333	0.0	0.0	0.0	0.0	0.0	0.0	0.0	0.006802859919477994	0.01298785629954461	0.0	1.0	1.0	0.0	0.3333333333333333	0.0	0.014492753623188406	0.0	0.5	0.0	0.01086968336483932	0.0	0.024390243902439025	1.0
hu	0.3333333333333333	0.0625	0.14285714285714285	0.014084507042253521	0.3333333333333333	0.05	0.05555555555555555	0.041666666666666664	0.047619047619047616	0.05263157894736842	0.07142857142857142	0.0	0.03125	0.5	0.0625	0.1	0.08333333333333333	0.5	0.0625	0.007752058169581156	0.014085102162269388	0.07692307692307693	0.047619047619047616	0.0625	0.25	0.045454545454545456	0.06666666666666667	0.016393711367911852	1.0	0.08333333333333333	0.07142857142857142	0.011627906976744186	1.0	0.024390243902439025	0.07142857142857142
id	0.5	0.5002502502502503	0.125	0.011494252873563218	0.0	0.20003999999999997	0.3333333333333333	0.125015625	0.16666666666666666	0.25	0.25	0.0	0.5	0.03620692702754133	0.25006249999999997	0.5	0.5	0.0	0.3333333333333333	0.00584798741493109	0.012048337930033388	0.25006256256256254	0.16666666666666666	0.16666666666666666	0.0	0.25	0.5	0.013157894736842105	1.0	0.3333333333333333	0.3333333333333333	0.009901088128614842	0.5	0.023255813953488372	0.3333333333333333
it	0.3333333333333333	0.02942734689100346	0.14285714285714285	0.01	0.25	0.017244054696789538	0.04	0.013701445674798272	0.013888888888888888	0.009621212279123798	0.029411764705882353	0.0	0.0625	0.25006249999999997	0.0049919459916995465	0.08333333333333333	0.034482758620689655	0.05555555555555555	0.02702702702702703	0.004694967929643589	0.01149451710926146	0.03704115363511659	0.016951163746049984	0.034482758620689655	0.16666666666666666	0.01639344262295082	0.02857959592000081	0.012658388078833521	0.14285714285714285	0.030303030303030304	0.05555555555555555	0.008695879017013233	0.07692307692307693	0.022727272727272728	0.029411764705882353
ja	0.3333333333333333	0.08333333333333333	0.125	0.010526315789473684	0.3333333333333333	0.07692307692307693	0.09090909090909091	0.06666666666666667	0.07142857142857142	0.07142857142857142	0.1111111111111111	0.0	0.1	0.5	0.08333333333333333	0.06666666666666667	0.08333333333333333	0.5	0.08333333333333333	0.004975347144872651	0.010870628662570889	0.08333333333333333	0.07142857142857142	0.08333333333333333	1.0	0.07142857142857142	0.08333333333333333	0.01190547052154195	1.0	0.07692307692307693	0.1	0.008772006771314251	1.0	0.022222222222222223	0.07692307692307693
ko	0.3333333333333333	0.034482758620689655	0.125	0.01086968336483932	0.3333333333333333	0.030303030303030304	0.05555555555555555	0.02857142857142857	0.029411764705882353	0.034482758620689655	0.07692307692307693	0.0	0.08333333333333333	0.5	0.034482758620689655	0.08333333333333333	0.027777777777777776	0.05263157894736842	0.034482758620689655	0.005494626252868011	0.011363894628099173	0.07142857142857142	0.030303030303030304	0.058823529411764705	0.25	0.030303030303030304	0.034482758620689655	0.01250015625	1.0	0.034482758620689655	0.08333333333333333	0.009708737864077669	0.06666666666666667	0.022727272727272728	0.03125
lv	1.0	0.05263157894736842	0.2	0.014925373134328358	1.0	0.05	0.1	0.047619047619047616	0.047619047619047616	0.05555555555555555	0.5	0.0	0.5	0.0	0.05555555555555555	0.5	0.05263157894736842	0.00847457627118644	0.05263157894736842	0.00884963583679223	0.01587326782564878	0.3333333333333333	0.043478260869565216	0.16666666666666666	0.5	0.04	0.05263157894736842	0.017543859649122806	0.0	0.05	0.3333333333333333	0.015625	0.07142857142857142	0.025	0.05263157894736842
mk	0.3333333333333333	0.02564102564102564	0.14285714285714285	0.015873015873015872	0.3333333333333333	0.022222222222222223	0.03333333333333333	0.022222222222222223	0.022727272727272728	0.025	0.05	0.0	0.0625	0.3333333333333333	0.02702702702702703	0.08333333333333333	0.034482758620689655	0.05263157894736842	0.02127659574468085	0.009708926383259497	0.01851920438957476	0.06666666666666667	0.022727272727272728	0.038461538461538464	0.25	0.022727272727272728	0.02631578947368421	0.018518861454046638	1.0	0.030303030303030304	0.07142857142857142	0.01694915254237288	0.06666666666666667	0.02631578947368421	0.03125
ml	0.041666666666666664	0.011904903628117915	0.14285714285714285	0.017543859649122806	0.007246429321571099	0.004807738535502959	0.007874077748155496	0.004386195752539243	0.004545495867768595	0.0046297367969821675	0.005649781352740273	0.006802859919477994	0.007752058169581156	0.00584798741493109	0.004694967929643589	0.004975347144872651	0.005494626252868011	0.00884963583679223	0.009708926383259497	0.004361840044707868	0.016666944444444443	0.00497514912997203	0.004950544064307421	0.004694857722233243	0.006711499482005315	0.004926448105996263	0.007299483243646439	0.01818214876033058	0.006451696149843913	0.006289387286895297	0.0052634072299168975	0.014084705415592145	0.0058140886965927525	0.024390838786436643	0.005319460191263016
mr	0.05	0.02173960302457467	0.16666666666666666	0.029411764705882353	0.014492963663095989	0.010989252505736022	0.014084903788930767	0.010526426592797785	0.010752688172043012	0.010869801512287334	0.011764705882352941	0.01298785629954461	0.014085102162269388	0.012048337930033388	0.01149451710926146	0.010870628662570889	0.011363894628099173	0.01587326782564878	0.01851920438957476	0.016666944444444443	0.010561559844660309	0.011363636363636364	0.011363894628099173	0.011111358024691357	0.013513513513513514	0.011495045580657948	0.014925818667854755	0.029411764705882353	0.012048192771084338	0.012820677186061802	0.011494913462808825	0.02040816326530612	0.011236207549551824	0.03225806451612903	0.010989735539186089
nl	0.3333333333333333	0.07142857142857142	0.14285714285714285	0.010416666666666666	0.3333333333333333	0.02857142857142857	0.05263157894736842	0.018518518518518517	0.012658227848101266	0.0312519541015625	0.04	0.0	0.07692307692307693	0.25006256256256254	0.03704115363511659	0.08333333333333333	0.07142857142857142	0.3333333333333333	0.06666666666666667	0.00497514912997203	0.011363636363636364	0.0031476418560770787	0.023810090702947845	0.034482758620689655	0.3333333333333333	0.025	0.07143367346938775	0.012345679012345678	0.2	0.045454545454545456	0.058823529411764705	0.008695652173913044	1.0	0.022222222222222223	0.07142857142857142
pl	0.3333333333333333	0.026317174515235454	0.125	0.010309278350515464	0.125	0.00909107438016529	0.021739130434782608	0.00458774524452908	0.008333333333333333	0.013334755733333335	0.015151515151515152	1.0	0.047619047619047616	0.16666666666666666	0.016951163746049984	0.07142857142857142	0.030303030303030304	0.043478260869565216	0.022727272727272728	0.004950544064307421	0.011363894628099173	0.023810090702947845	0.00037877985691362083	0.021739130434782608	0.09090909090909091	0.002352941176470588	0.027780864197530862	0.012195270672218919	0.125	0.008403361344537815	0.047619047619047616	0.008771929824561403	0.06666666666666667	0.022727272727272728	0.023809523809523808
pt	0.3333333333333333	0.04	0.125	0.01	0.3333333333333333	0.025	0.047619047619047616	0.018518518518518517	0.013333333333333334	0.02564102564102564	0.034482758620689655	1.0	0.0625	0.16666666666666666	0.034482758620689655	0.08333333333333333	0.058823529411764705	0.16666666666666666	0.038461538461538464	0.004694857722233243	0.011111358024691357	0.034482758620689655	0.021739130434782608	0.002544529262086514	0.3333333333333333	0.020833333333333332	0.043478260869565216	0.011764705882352941	0.5	0.038461538461538464	0.07142857142857142	0.008474648089629418	0.25	0.022727272727272728	0.05
ro	0.0	0.25	0.125	0.012987012987012988	1.0	0.14285714285714285	0.3333333333333333	0.07692307692307693	0.1	0.14285714285714285	0.2	0.0	0.25	0.0	0.16666666666666666	1.0	0.25	0.5	0.25	0.006711499482005315	0.013513513513513514	0.3333333333333333	0.09090909090909091	0.3333333333333333	0.04765307936961451	0.06666666666666667	0.3333333333333333	0.015384852071005919	0.0	0.2	1.0	0.012345679012345678	1.0	0.023809523809523808	0.2
ru	0.3333333333333333	0.02564102564102564	0.125	0.01020408163265306	0.1111111111111111	0.010752688172043012	0.022222222222222223	0.004672897196261682	0.007874015748031496	0.012048192771084338	0.016129032258064516	0.3333333333333333	0.045454545454545456	0.25	0.01639344262295082	0.07142857142857142	0.030303030303030304	0.04	0.022727272727272728	0.004926448105996263	0.011495045580657948	0.025	0.002352941176470588	0.020833333333333332	0.06666666666666667	0.0005104645227156713	0.02564102564102564	0.011904903628117915	0.16666666666666666	0.006993006993006993	0.017241379310344827	0.008547008547008548	0.06666666666666667	0.022222222222222223	0.022222222222222223
sh	0.3333333333333333	0.025660109808030247	0.16666666666666666	0.013513513513513514	0.3333333333333333	0.025643655489809333	0.038461538461538464	0.025001249999999996	0.02564102564102564	0.02703725712417896	0.05555555555555555	0.0	0.06666666666666667	0.5	0.02857959592000081	0.08333333333333333	0.034482758620689655	0.05263157894736842	0.02631578947368421	0.007299483243646439	0.014925818667854755	0.07143367346938775	0.027780864197530862	0.043478260869565216	0.3333333333333333	0.02564102564102564	0.02339348322761638	0.014925373134328358	1.0	0.034482758620689655	0.058823529411764705	0.012048337930033388	0.06666666666666667	0.023810090702947845	0.03333333333333333
si	0.05555555555555555	0.02127704843820733	0.16669444444444442	0.02702702702702703	0.016393711367911852	0.011904903628117915	0.01587351977828168	0.011363636363636364	0.011627906976744186	0.011764705882352941	0.01250015625	0.014492753623188406	0.016393711367911852	0.013157894736842105	0.012658388078833521	0.01190547052154195	0.01250015625	0.017543859649122806	0.018518861454046638	0.01818214876033058	0.029411764705882353	0.012345679012345678	0.012195270672218919	0.011764705882352941	0.015384852071005919	0.011904903628117915	0.014925373134328358	0.011386925058133423	0.013333333333333334	0.013157894736842105	0.0125	0.027777777777777776	0.012821005917159761	0.03571428571428571	0.011765536332179931
simple	1.0	1.0	0.14285714285714285	0.012345831428135955	1.0	0.125	0.5	0.1	0.1111111111111111	0.125	0.16666666666666666	0.0	1.0	1.0	0.14285714285714285	1.0	1.0	0.0	1.0	0.006451696149843913	0.012048192771084338	0.2	0.125	0.5	0.0	0.16666666666666666	1.0	0.013333333333333334	0.1	1.0	1.0	0.01098901098901099	1.0	0.023255813953488372	1.0
sr	0.3333333333333333	0.03333333333333333	0.125	0.012195121951219513	0.2	0.014925373134328358	0.027777777777777776	0.010869565217391304	0.013157894736842105	0.020833333333333332	0.027777777777777776	0.5	0.08333333333333333	0.3333333333333333	0.030303030303030304	0.07692307692307693	0.034482758620689655	0.05	0.030303030303030304	0.006289387286895297	0.012820677186061802	0.045454545454545456	0.008403361344537815	0.038461538461538464	0.2	0.006993006993006993	0.034482758620689655	0.013157894736842105	1.0	0.0049504950495049506	0.06666666666666667	0.01020408163265306	0.06666666666666667	0.023255813953488372	0.02631578947368421
sv	0.3333333333333333	0.06666666666666667	0.14285714285714285	0.010869565217391304	0.16666666666666666	0.05	0.07692307692307693	0.03333333333333333	0.05	0.058823529411764705	0.08333333333333333	0.0	0.07142857142857142	0.3333333333333333	0.05555555555555555	0.1	0.08333333333333333	0.3333333333333333	0.07142857142857142	0.0052634072299168975	0.011494913462808825	0.058823529411764705	0.047619047619047616	0.07142857142857142	1.0	0.017241379310344827	0.058823529411764705	0.0125	1.0	0.06666666666666667	0.005962993655315327	0.00925934499314129	1.0	0.022222222222222223	0.1
te	0.047619047619047616	0.019231139053254437	0.25006249999999997	0.02631578947368421	0.013333333333333334	0.008403431961019702	0.012345984149062949	0.008000064	0.008333333333333333	0.00847457627118644	0.009259259259259259	0.01086968336483932	0.011627906976744186	0.009901088128614842	0.008695879017013233	0.008772006771314251	0.009708737864077669	0.015625	0.01694915254237288	0.014084705415592145	0.02040816326530612	0.008695652173913044	0.008771929824561403	0.008474648089629418	0.012345679012345678	0.008547008547008548	0.012048337930033388	0.027777777777777776	0.01098901098901099	0.01020408163265306	0.00925934499314129	0.008007622918213317	0.009900990099009901	0.04	0.008849714151460568
vi	1.0	0.06666666666666667	0.14285714285714285	0.011494252873563218	0.0	0.06666666666666667	0.16666666666666666	0.0625	0.06666666666666667	0.07142857142857142	1.0	0.0	1.0	0.5	0.07692307692307693	1.0	0.06666666666666667	0.07142857142857142	0.06666666666666667	0.0058140886965927525	0.011236207549551824	1.0	0.06666666666666667	0.25	1.0	0.06666666666666667	0.06666666666666667	0.012821005917159761	1.0	0.06666666666666667	1.0	0.009900990099009901	0.0625	0.022727272727272728	0.06666666666666667
war	0.07142857142857142	0.027777777777777776	0.16666666666666666	0.034482758620689655	0.023809523809523808	0.022222222222222223	0.023255813953488372	0.022222222222222223	0.022222222222222223	0.022222222222222223	0.023809523809523808	0.024390243902439025	0.024390243902439025	0.023255813953488372	0.022727272727272728	0.022222222222222223	0.022727272727272728	0.025	0.02631578947368421	0.024390838786436643	0.03225806451612903	0.022222222222222223	0.022727272727272728	0.022727272727272728	0.023809523809523808	0.022222222222222223	0.023810090702947845	0.03571428571428571	0.023255813953488372	0.023255813953488372	0.022222222222222223	0.04	0.022727272727272728	0.022223703703703704	0.022222222222222223
zh	0.3333333333333333	0.03333333333333333	0.14285714285714285	0.010869565217391304	0.25	0.025	0.047619047619047616	0.02127659574468085	0.022222222222222223	0.029411764705882353	0.0625	1.0	0.07142857142857142	0.3333333333333333	0.029411764705882353	0.07692307692307693	0.03125	0.05263157894736842	0.03125	0.005319460191263016	0.010989735539186089	0.07142857142857142	0.023809523809523808	0.05	0.2	0.022222222222222223	0.03333333333333333	0.011765536332179931	1.0	0.02631578947368421	0.1	0.008849714151460568	0.06666666666666667	0.022222222222222223	0.019230769230769232
