arz	bs	ceb	ckb	da	de	el	en	es	fr	he	hi	hu	id	it	ja	ko	lv	mk	ml	mr	nl	pl	pt	ro	ru	sh	si	simple	sr	sv	te	vi	war	zh
arz	1.0	1.0	0.0	0.0	0.0	1.0	0.0	0.5	1.0	0.5	1.0	1.0	1.0	1.0	0.4364916731037085	1.0	1.0	0.0	1.0	0.0	0.0	1.0	1.0	1.0	1.0	1.0	1.0	0.0	0.0	1.0	1.0	0.0	1.0	0.0	1.0
bs	1.0	1.0	1.0	1.0	0.585786437626905	0.44948974278317805	1.0	0.2402530733520421	0.5	0.3660254037844386	0.585786437626905	1.0	1.0	0.44948974278317805	0.4142135623730951	0.585786437626905	1.0	1.0	1.0	1.0	0.0	0.3660254037844386	0.585786437626905	0.44948974278317805	0.38742588672279304	0.44948974278317805	0.3660254037844386	1.0	1.0	0.5	0.44948974278317805	1.0	1.0	1.0	0.585786437626905
ceb	0.0	1.0	1.0	0.0	1.0	1.0	0.0	1.0	1.0	1.0	1.0	1.0	1.0	1.0	1.0	1.0	1.0	1.0	1.0	1.0	0.0	1.0	1.0	1.0	1.0	1.0	1.0	1.0	1.0	1.0	1.0	0.0	1.0	1.0	1.0
ckb	0.0	1.0	0.0	1.0	0.585786437626905	1.0	1.0	0.585786437626905	1.0	1.0	1.0	1.0	1.0	1.0	1.0	1.0	1.0	1.0	0.0	1.0	1.0	0.5	1.0	1.0	1.0	1.0	1.0	1.0	1.0	1.0	1.0	1.0	1.0	1.0	1.0
da	0.0	0.585786437626905	1.0	0.585786437626905	1.0	0.10211103948240194	0.22547340809847535	0.03048154361138443	0.07272871320043443	0.07437776418946315	0.1552653218004957	0.20742607609621763	0.22584440001865322	0.12281875895167854	0.07721931488459167	0.17100799366294794	0.16139047779640892	0.585786437626905	0.27792629762666365	0.36602540378443865	1.0	0.09493978216731834	0.23302402810392372	0.07228350176387562	0.1662057509419643	0.07502535103270168	0.2270957142781439	0.44948974278317805	0.252650308587072	0.17379378377786506	0.08310317498173925	1.0	0.1652960191502465	1.0	0.08264086802916389
de	1.0	0.44948974278317805	1.0	1.0	0.10211103948240194	1.0	0.2708131845707603	0.0038246802771063322	0.062431909546305904	0.011375446850797345	0.15954492995986427	0.26533119314590375	0.21712927295533244	0.06442661456322862	0.047765214088611896	0.18030816435569247	0.26533119314590375	0.5	0.5	0.4142135623730951	0.585786437626905	0.0171365052195021	0.15438708879488486	0.09336995692475607	0.15894454156034005	0.07199131195830276	0.14107096095941454	0.5	0.26533119314590375	0.25355482027512377	0.07840411996357452	1.0	0.3090169943749474	0.585786437626905	0.11282329985847067
el	0.0	1.0	0.0	1.0	0.22547340809847535	0.2708131845707603	1.0	0.14713345700845937	0.585786437626905	0.2449655295864104	1.0	1.0	1.0	0.27429188517743175	0.32449979983983984	1.0	1.0	1.0	1.0	1.0	1.0	0.24336073281110826	0.585786437626905	0.585786437626905	0.44948974278317805	1.0	0.5	1.0	0.39564392373896007	1.0	0.3333333333333333	1.0	1.0	1.0	1.0
en	0.5	0.2402530733520421	1.0	0.585786437626905	0.03048154361138443	0.0038246802771063322	0.14713345700845937	1.0	0.002055225709375319	0.004706671417155201	0.013808391792744224	0.06599467260889823	0.05948348715197548	0.007143695776295161	0.0041158895836757884	0.009015644180068722	0.04441767220712615	0.44948974278317805	0.16462407202206505	0.28436465220442186	0.585786437626905	0.006495342953428484	0.030576049111807318	0.004449269901676461	0.041132713419673304	0.0024663324652100358	0.07560198761750074	0.5	0.1308766377344222	0.05632027195751935	0.02628632995122272	1.0	0.057085226152335244	0.5	0.0048881968417981364
es	1.0	0.5	1.0	1.0	0.07272871320043443	0.062431909546305904	0.585786437626905	0.002055225709375319	1.0	0.003941110192067468	0.585786437626905	0.5	0.44948974278317805	0.030282542353352353	0.012642829068173992	0.3090169943749474	0.5	1.0	1.0	0.585786437626905	1.0	0.02230568585084238	0.15225881209433406	0.16223290110168398	0.13170154241853835	0.20894541729001367	0.11827846204868848	1.0	0.2612038749637414	0.3660254037844386	0.08312371330262043	1.0	0.5	0.5	0.23874775399470893
fr	0.5	0.3660254037844386	1.0	1.0	0.07437776418946315	0.011375446850797345	0.2449655295864104	0.004706671417155201	0.003941110192067468	1.0	0.05960820923101335	0.15894454156034005	0.1566130288262323	0.014582998332240776	0.006163691789721228	0.04818468835031197	0.08307156242647419	0.585786437626905	0.32449979983983984	0.38742588672279304	1.0	0.015235129656821202	0.06638067842341466	0.028207796400013273	0.081074028942112	0.005874505350689269	0.11228286713263405	0.44948974278317805	0.25355482027512377	0.1271788280848025	0.0639540250908096	1.0	0.14972506706560876	0.5	0.04188977432670469
he	1.0	0.585786437626905	1.0	1.0	0.1552653218004957	0.15954492995986427	1.0	0.013808391792744224	0.585786437626905	0.05960820923101335	1.0	1.0	1.0	0.08725385844017292	0.11285028951995753	1.0	1.0	1.0	1.0	1.0	1.0	0.09180816889241337	0.34833147735478825	0.5	0.21551468935838852	1.0	0.2791745113185196	1.0	0.3090169943749474	0.4364916731037085	0.2372732414640341	1.0	1.0	0.585786437626905	1.0
hi	1.0	1.0	1.0	1.0	0.20742607609621763	0.26533119314590375	1.0	0.06599467260889823	0.5	0.15894454156034005	1.0	1.0	1.0	0.1918253663634734	0.2187841884486319	1.0	1.0	1.0	1.0	1.0	1.0	0.1827439976315568	0.32449979983983984	1.0	0.3660254037844386	1.0	0.36602540378443865	1.0	0.36602540378443865	0.39564392373896007	0.28436465220442186	1.0	1.0	0.5	1.0
hu	1.0	1.0	1.0	1.0	0.22584440001865322	0.21712927295533244	1.0	0.05948348715197548	0.44948974278317805	0.1566130288262323	1.0	1.0	1.0	0.1731621355286848	0.1809073112342927	1.0	1.0	1.0	1.0	1.0	1.0	0.1463924816619788	0.4142135623730951	1.0	0.38742588672279304	1.0	0.39564392373896	1.0	0.585786437626905	0.585786437626905	0.27429188517743175	1.0	1.0	1.0	1.0
id	1.0	0.44948974278317805	1.0	1.0	0.12281875895167854	0.06442661456322862	0.27429188517743175	0.007143695776295161	0.030282542353352353	0.014582998332240776	0.08725385844017292	0.1918253663634734	0.1731621355286848	1.0	0.034378113447702176	0.06516470250167694	0.0753412712356463	1.0	0.28172904669025317	0.28172904669025317	0.4364916731037085	0.04322560504063622	0.10276089425908323	0.022693713341474017	0.10838962679253066	0.028262587751182802	0.14901134778167874	0.39564392373896007	0.34833147735478825	0.11165537259015144	0.11099555840481118	1.0	0.12849622184722817	0.40453726661826384	0.037132784385394024
it	0.4364916731037085	0.4142135623730951	1.0	1.0	0.07721931488459167	0.047765214088611896	0.32449979983983984	0.0041158895836757884	0.012642829068173992	0.006163691789721228	0.11285028951995753	0.2187841884486319	0.1809073112342927	0.034378113447702176	1.0	0.13579648178933995	0.10721947313948095	0.5	0.3660254037844386	0.3660254037844386	1.0	0.035640431013795694	0.0923610375002681	0.05480866805613985	0.1261319836228832	0.016431874250581638	0.16893748062498007	0.3430703308172536	0.26533119314590375	0.1652960191502465	0.07624583517216668	0.585786437626905	0.23166247903554	0.5	0.08063375388365411
ja	1.0	0.585786437626905	1.0	1.0	0.17100799366294794	0.18030816435569247	1.0	0.009015644180068722	0.3090169943749474	0.04818468835031197	1.0	1.0	1.0	0.06516470250167694	0.13579648178933995	1.0	1.0	1.0	1.0	1.0	1.0	0.10341399374058384	0.2612038749637415	0.44948974278317805	0.3333333333333333	1.0	0.3660254037844386	1.0	0.32449979983983984	0.5	0.1339532340710256	1.0	1.0	0.585786437626905	1.0
ko	1.0	1.0	1.0	1.0	0.16139047779640892	0.26533119314590375	1.0	0.04441767220712615	0.5	0.08307156242647419	1.0	1.0	1.0	0.0753412712356463	0.10721947313948095	1.0	1.0	1.0	1.0	1.0	1.0	0.09790369010526287	0.34833147735478825	0.5	0.3090169943749474	1.0	0.26427884169111276	1.0	0.39564392373896007	1.0	0.17491720310721423	1.0	1.0	0.585786437626905	1.0
lv	0.0	1.0	1.0	1.0	0.585786437626905	0.5	1.0	0.44948974278317805	1.0	0.585786437626905	1.0	1.0	1.0	1.0	0.5	1.0	1.0	1.0	1.0	1.0	1.0	0.39564392373896007	1.0	1.0	1.0	1.0	1.0	1.0	0.585786437626905	1.0	1.0	1.0	1.0	1.0	1.0
mk	1.0	1.0	1.0	0.0	0.27792629762666365	0.5	1.0	0.16462407202206505	1.0	0.32449979983983984	1.0	1.0	1.0	0.28172904669025317	0.3660254037844386	1.0	1.0	1.0	1.0	1.0	1.0	0.44948974278317805	1.0	1.0	1.0	1.0	0.27792629762666365	1.0	0.585786437626905	1.0	0.44948974278317805	1.0	1.0	1.0	1.0
ml	0.0	1.0	1.0	1.0	0.36602540378443865	0.4142135623730951	1.0	0.28436465220442186	0.585786437626905	0.38742588672279304	1.0	1.0	1.0	0.28172904669025317	0.3660254037844386	1.0	1.0	1.0	1.0	1.0	1.0	0.252650308587072	0.585786437626905	1.0	0.5	1.0	0.585786437626905	1.0	0.585786437626905	0.585786437626905	0.44948974278317805	1.0	1.0	1.0	1.0
mr	0.0	0.0	0.0	1.0	1.0	0.585786437626905	1.0	0.585786437626905	1.0	1.0	1.0	1.0	1.0	0.4364916731037085	1.0	1.0	1.0	1.0	1.0	1.0	1.0	1.0	1.0	1.0	1.0	1.0	1.0	1.0	1.0	1.0	1.0	1.0	1.0	1.0	1.0
nl	1.0	0.3660254037844386	1.0	0.5	0.09493978216731834	0.0171365052195021	0.24336073281110826	0.006495342953428484	0.02230568585084238	0.015235129656821202	0.09180816889241337	0.1827439976315568	0.1463924816619788	0.04322560504063622	0.035640431013795694	0.10341399374058384	0.09790369010526287	0.39564392373896007	0.44948974278317805	0.252650308587072	1.0	1.0	0.0842972691555574	0.04454817121901354	0.11660068741046675	0.020546499828147123	0.1449453396893802	0.38742588672279304	0.27195617308673	0.12647791563025274	0.09174737048053264	1.0	0.17025921636942778	0.585786437626905	0.06571297335538104
pl	1.0	0.585786437626905	1.0	1.0	0.23302402810392372	0.15438708879488486	0.585786437626905	0.030576049111807318	0.15225881209433406	0.06638067842341466	0.34833147735478825	0.32449979983983984	0.4142135623730951	0.10276089425908323	0.0923610375002681	0.2612038749637415	0.34833147735478825	1.0	1.0	0.585786437626905	1.0	0.0842972691555574	1.0	0.20255199565557971	0.23727324146403408	0.14972506706560876	0.44948974278317805	1.0	0.5	0.4142135623730951	0.162232901101684	1.0	0.5	0.585786437626905	0.2193450929151803
pt	1.0	0.44948974278317805	1.0	1.0	0.07228350176387562	0.09336995692475607	0.585786437626905	0.004449269901676461	0.16223290110168398	0.028207796400013273	0.5	1.0	1.0	0.022693713341474017	0.05480866805613985	0.44948974278317805	0.5	1.0	1.0	1.0	1.0	0.04454817121901354	0.20255199565557971	1.0	0.17176743283130236	0.3660254037844386	0.20521309615767266	1.0	0.2449655295864104	0.30552726787943424	0.11968493821795323	1.0	1.0	1.0	0.38742588672279304
ro	1.0	0.38742588672279304	1.0	1.0	0.1662057509419643	0.15894454156034005	0.44948974278317805	0.041132713419673304	0.13170154241853835	0.081074028942112	0.21551468935838852	0.3660254037844386	0.38742588672279304	0.10838962679253066	0.1261319836228832	0.3333333333333333	0.3090169943749474	1.0	1.0	0.5	1.0	0.11660068741046675	0.23727324146403408	0.17176743283130236	1.0	0.1339532340710256	0.24257131419419417	0.585786437626905	0.3660254037844386	0.2240092377397959	0.2	1.0	0.38742588672279304	0.585786437626905	0.16952084719853724
ru	1.0	0.44948974278317805	1.0	1.0	0.07502535103270168	0.07199131195830276	1.0	0.0024663324652100358	0.20894541729001367	0.005874505350689269	1.0	1.0	1.0	0.028262587751182802	0.016431874250581638	1.0	1.0	1.0	1.0	1.0	1.0	0.020546499828147123	0.14972506706560876	0.3660254037844386	0.1339532340710256	1.0	0.12163968666033644	1.0	0.28989794855663564	0.32449979983983984	0.06765891744209784	1.0	1.0	0.585786437626905	0.585786437626905
sh	1.0	0.3660254037844386	1.0	1.0	0.2270957142781439	0.14107096095941454	0.5	0.07560198761750074	0.11827846204868848	0.11228286713263405	0.2791745113185196	0.36602540378443865	0.39564392373896	0.14901134778167874	0.16893748062498007	0.3660254037844386	0.26427884169111276	1.0	0.27792629762666365	0.585786437626905	1.0	0.1449453396893802	0.44948974278317805	0.20521309615767266	0.24257131419419417	0.12163968666033644	1.0	1.0	0.5	0.1463924816619788	0.2145646002858569	1.0	0.2989350844248255	1.0	0.2612038749637414
si	0.0	1.0	1.0	1.0	0.44948974278317805	0.5	1.0	0.5	1.0	0.44948974278317805	1.0	1.0	1.0	0.39564392373896007	0.3430703308172536	1.0	1.0	1.0	1.0	1.0	1.0	0.38742588672279304	1.0	1.0	0.585786437626905	1.0	1.0	1.0	0.585786437626905	1.0	1.0	1.0	1.0	1.0	1.0
simple	0.0	1.0	1.0	1.0	0.252650308587072	0.26533119314590375	0.39564392373896007	0.1308766377344222	0.2612038749637414	0.25355482027512377	0.3090169943749474	0.36602540378443865	0.585786437626905	0.34833147735478825	0.26533119314590375	0.32449979983983984	0.39564392373896007	0.585786437626905	0.585786437626905	0.585786437626905	1.0	0.27195617308673	0.5	0.2449655295864104	0.3660254037844386	0.28989794855663564	0.5	0.585786437626905	1.0	0.4142135623730951	0.2766967754673749	1.0	0.44948974278317805	1.0	0.24336073281110826
sr	1.0	0.5	1.0	1.0	0.17379378377786506	0.25355482027512377	1.0	0.05632027195751935	0.3660254037844386	0.1271788280848025	0.4364916731037085	0.39564392373896007	0.585786437626905	0.11165537259015144	0.1652960191502465	0.5	1.0	1.0	1.0	0.585786437626905	1.0	0.12647791563025274	0.4142135623730951	0.30552726787943424	0.2240092377397959	0.32449979983983984	0.1463924816619788	1.0	0.4142135623730951	1.0	0.24336073281110826	1.0	1.0	0.585786437626905	0.5
sv	1.0	0.44948974278317805	1.0	1.0	0.08310317498173925	0.07840411996357452	0.3333333333333333	0.02628632995122272	0.08312371330262043	0.0639540250908096	0.2372732414640341	0.28436465220442186	0.27429188517743175	0.11099555840481118	0.07624583517216668	0.1339532340710256	0.17491720310721423	1.0	0.44948974278317805	0.44948974278317805	1.0	0.09174737048053264	0.162232901101684	0.11968493821795323	0.2	0.06765891744209784	0.2145646002858569	1.0	0.2766967754673749	0.24336073281110826	1.0	1.0	0.23371479611805132	1.0	0.13004672183153887
te	0.0	1.0	0.0	1.0	1.0	1.0	1.0	1.0	1.0	1.0	1.0	1.0	1.0	1.0	0.585786437626905	1.0	1.0	1.0	1.0	1.0	1.0	1.0	1.0	1.0	1.0	1.0	1.0	1.0	1.0	1.0	1.0	1.0	1.0	1.0	1.0
vi	1.0	1.0	1.0	1.0	0.1652960191502465	0.3090169943749474	1.0	0.057085226152335244	0.5	0.14972506706560876	1.0	1.0	1.0	0.12849622184722817	0.23166247903554	1.0	1.0	1.0	1.0	1.0	1.0	0.17025921636942778	0.5	1.0	0.38742588672279304	1.0	0.2989350844248255	1.0	0.44948974278317805	1.0	0.23371479611805132	1.0	1.0	0.585786437626905	1.0
war	0.0	1.0	1.0	1.0	1.0	0.585786437626905	1.0	0.5	0.5	0.5	0.585786437626905	0.5	1.0	0.40453726661826384	0.5	0.585786437626905	0.585786437626905	1.0	1.0	1.0	1.0	0.585786437626905	0.585786437626905	1.0	0.585786437626905	0.585786437626905	1.0	1.0	1.0	0.585786437626905	1.0	1.0	0.585786437626905	1.0	0.585786437626905
zh	1.0	0.585786437626905	1.0	1.0	0.08264086802916389	0.11282329985847067	1.0	0.0048881968417981364	0.23874775399470893	0.04188977432670469	1.0	1.0	1.0	0.037132784385394024	0.08063375388365411	1.0	1.0	1.0	1.0	1.0	1.0	0.06571297335538104	0.2193450929151803	0.38742588672279304	0.16952084719853724	0.585786437626905	0.2612038749637414	1.0	0.24336073281110826	0.5	0.13004672183153887	1.0	1.0	0.585786437626905	1.0
