arz	bs	ceb	ckb	da	de	el	en	es	fr	he	hi	hu	id	it	ja	ko	lv	mk	ml	mr	nl	pl	pt	ro	ru	sh	si	simple	sr	sv	te	tr	vi	war	zh
arz	1.0	1.0	0.14400538349637873	1.0	1.0	1.0	1.0	1.0	1.0	1.0	1.0	1.0	1.0	1.0	1.0	1.0	1.0	1.0	0.0	1.0	1.0	1.0	1.0	1.0	1.0	1.0	1.0	0.0	1.0	1.0	1.0	1.0	1.0	1.0	1.0	1.0
bs	1.0	1.0	0.09903936829999967	1.0	1.0	0.39564392373896007	1.0	0.3726822671238253	0.39564392373896007	0.4364916731037085	0.4364916731037085	1.0	1.0	0.4364916731037085	0.39564392373896007	1.0	0.4364916731037085	1.0	1.0	1.0	1.0	0.4364916731037085	0.585786437626905	0.4364916731037085	1.0	0.39564392373896007	0.27429188517743175	0.0	1.0	0.5	0.4364916731037085	1.0	0.11166930467137946	1.0	1.0	0.4364916731037085
ceb	0.14400538349637873	0.09903936829999967	1.0	0.010779810781248135	0.09185839519823011	0.07819387992905318	0.01016547994619918	0.05931985198665627	0.06329869477433761	0.060275705512884754	0.010595559957769089	0.01106493200025257	0.041477419231161175	0.07676677944491281	0.10501475590586382	0.01016547994619918	0.01016547994619918	0.05259742484893714	0.010779810781248135	0.010779810781248135	0.010779810781248135	0.10207670718665857	0.08686918565838746	0.06214943036706332	0.09031323164855838	0.01016547994619918	0.06145531063755643	0.04039473562744812	0.10097763469184079	0.010595559957769089	0.06765189517564466	0.013602358096379519	-1.0	0.06771847052195562	0.010783543471907013	0.07444235129242076
ckb	1.0	1.0	0.010779810781248135	1.0	1.0	1.0	1.0	1.0	1.0	1.0	1.0	1.0	1.0	1.0	1.0	1.0	1.0	1.0	1.0	1.0	1.0	1.0	1.0	1.0	1.0	1.0	0.585786437626905	0.0	1.0	1.0	0.585786437626905	1.0	1.0	1.0	1.0	1.0
da	1.0	1.0	0.09185839519823011	1.0	1.0	0.4364916731037085	1.0	0.3797958971132712	1.0	0.4364916731037085	1.0	1.0	1.0	1.0	0.585786437626905	0.4364916731037085	1.0	1.0	1.0	1.0	1.0	1.0	1.0	0.44948974278317805	0.585786437626905	1.0	0.28989794855663564	1.0	1.0	1.0	1.0	1.0	0.2928060946961875	1.0	1.0	1.0
de	1.0	0.39564392373896007	0.07819387992905318	1.0	0.4364916731037085	1.0	1.0	0.05446363366830069	0.15874600733027255	0.17826035697019474	0.39564392373896007	1.0	0.44948974278317805	0.5	0.16374157403381479	0.44948974278317805	0.5	1.0	1.0	1.0	1.0	0.25728427444747215	0.16806736069334313	0.09195966279176457	0.5	0.23371479611805132	0.07841501749165475	1.0	0.44948974278317805	0.25355482027512377	0.34833147735478825	1.0	0.18261013188966888	0.585786437626905	1.0	0.3164309725825328
el	1.0	1.0	0.01016547994619918	1.0	1.0	1.0	1.0	0.585786437626905	1.0	1.0	1.0	1.0	1.0	1.0	1.0	1.0	1.0	1.0	1.0	1.0	1.0	1.0	1.0	0.585786437626905	1.0	1.0	0.4364916731037085	1.0	1.0	1.0	1.0	1.0	0.5	1.0	1.0	1.0
en	1.0	0.3726822671238253	0.05931985198665627	1.0	0.3797958971132712	0.05446363366830069	0.585786437626905	1.0	0.03202519878904979	0.041930747283785104	0.44948974278317805	0.585786437626905	0.44948974278317805	0.3483314773547883	0.07087406049278068	0.20942771453851886	0.4142135623730951	0.585786437626905	1.0	1.0	1.0	0.17411239489546831	0.02377204602204328	0.03703968225948223	0.4142135623730951	0.12659389107862953	0.06864922400678607	1.0	0.3660254037844386	0.14608721524372043	0.18627359303375404	1.0	0.10255309943860091	0.4142135623730951	1.0	0.24336073281110826
es	1.0	0.39564392373896007	0.06329869477433761	1.0	1.0	0.15874600733027255	1.0	0.03202519878904979	1.0	0.15585972716790494	0.585786437626905	1.0	0.5	1.0	0.15934399740800514	0.44948974278317805	0.585786437626905	1.0	1.0	1.0	1.0	0.31264808514230086	0.12397436152113826	0.08726953312859731	0.585786437626905	0.3244997998398398	0.07237982001823152	1.0	0.5	0.2204812092115424	0.28172904669025317	1.0	0.18660549686337075	1.0	1.0	0.44948974278317805
fr	1.0	0.4364916731037085	0.060275705512884754	1.0	0.4364916731037085	0.17826035697019474	1.0	0.041930747283785104	0.15585972716790494	1.0	0.5	1.0	1.0	0.585786437626905	0.1951941016011038	0.36602540378443865	0.585786437626905	1.0	1.0	1.0	1.0	0.2632403810669918	0.18933139574356017	0.08990358110199087	0.585786437626905	0.38742588672279304	0.0751015628403149	1.0	0.5	0.24257131419419417	0.2612038749637414	1.0	0.15621645517097552	0.4142135623730951	1.0	0.5
he	1.0	0.4364916731037085	0.010595559957769089	1.0	1.0	0.39564392373896007	1.0	0.44948974278317805	0.585786437626905	0.5	1.0	1.0	0.585786437626905	1.0	0.5	1.0	1.0	1.0	1.0	1.0	1.0	1.0	0.585786437626905	0.32449979983983984	1.0	1.0	0.20521309615767264	1.0	0.5	0.44948974278317805	1.0	1.0	0.585786437626905	1.0	1.0	1.0
hi	1.0	1.0	0.01106493200025257	1.0	1.0	1.0	1.0	0.585786437626905	1.0	1.0	1.0	1.0	1.0	1.0	1.0	1.0	1.0	1.0	1.0	1.0	1.0	1.0	1.0	0.585786437626905	1.0	1.0	0.4364916731037085	1.0	1.0	1.0	0.585786437626905	1.0	1.0	1.0	1.0	1.0
hu	1.0	1.0	0.041477419231161175	1.0	1.0	0.44948974278317805	1.0	0.44948974278317805	0.5	1.0	0.585786437626905	1.0	1.0	1.0	0.5	1.0	1.0	1.0	1.0	1.0	1.0	0.585786437626905	1.0	0.3726822671238253	1.0	0.585786437626905	0.36602540378443865	1.0	0.585786437626905	1.0	0.585786437626905	1.0	1.0	1.0	1.0	0.585786437626905
id	1.0	0.4364916731037085	0.07676677944491281	1.0	1.0	0.5	1.0	0.3483314773547883	1.0	0.585786437626905	1.0	1.0	1.0	1.0	1.0	1.0	1.0	1.0	1.0	1.0	1.0	1.0	0.585786437626905	0.585786437626905	1.0	1.0	0.2687959533979826	1.0	1.0	1.0	1.0	1.0	0.18333466834154644	1.0	1.0	1.0
it	1.0	0.39564392373896007	0.10501475590586382	1.0	0.585786437626905	0.16374157403381479	1.0	0.07087406049278068	0.15934399740800514	0.1951941016011038	0.5	1.0	0.5	1.0	1.0	0.4142135623730951	0.5	1.0	1.0	1.0	1.0	0.2553967929896867	0.17358241318593384	0.12580527500924846	0.585786437626905	0.25728427444747215	0.08563786063744523	1.0	0.5	0.2240092377397959	0.3090169943749474	1.0	0.15473372600536658	0.585786437626905	1.0	0.3660254037844386
ja	1.0	1.0	0.01016547994619918	1.0	0.4364916731037085	0.44948974278317805	1.0	0.20942771453851886	0.44948974278317805	0.36602540378443865	1.0	1.0	1.0	1.0	0.4142135623730951	1.0	1.0	1.0	1.0	1.0	1.0	0.5	0.585786437626905	0.16284330579153464	0.585786437626905	1.0	0.18740992571549211	1.0	1.0	0.585786437626905	0.585786437626905	1.0	0.3164309725825328	1.0	1.0	1.0
ko	1.0	0.4364916731037085	0.01016547994619918	1.0	1.0	0.5	1.0	0.4142135623730951	0.585786437626905	0.585786437626905	1.0	1.0	1.0	1.0	0.5	1.0	1.0	1.0	1.0	1.0	1.0	0.585786437626905	0.585786437626905	0.4142135623730951	1.0	1.0	0.26533119314590375	1.0	1.0	0.585786437626905	0.585786437626905	1.0	0.32449979983983984	1.0	1.0	1.0
lv	1.0	1.0	0.05259742484893714	1.0	1.0	1.0	1.0	0.585786437626905	1.0	1.0	1.0	1.0	1.0	1.0	1.0	1.0	1.0	1.0	1.0	1.0	1.0	1.0	1.0	1.0	1.0	1.0	0.4364916731037085	1.0	1.0	1.0	1.0	1.0	0.36602540378443865	1.0	1.0	1.0
mk	0.0	1.0	0.010779810781248135	1.0	1.0	1.0	1.0	1.0	1.0	1.0	1.0	1.0	1.0	1.0	1.0	1.0	1.0	1.0	1.0	0.0	1.0	1.0	1.0	1.0	1.0	1.0	1.0	0.0	1.0	1.0	1.0	0.0	1.0	1.0	0.0	1.0
ml	1.0	1.0	0.010779810781248135	1.0	1.0	1.0	1.0	1.0	1.0	1.0	1.0	1.0	1.0	1.0	1.0	1.0	1.0	1.0	0.0	1.0	1.0	1.0	1.0	1.0	1.0	1.0	1.0	1.0	1.0	1.0	0.585786437626905	1.0	0.3430703308172536	1.0	1.0	1.0
mr	1.0	1.0	0.010779810781248135	1.0	1.0	1.0	1.0	1.0	1.0	1.0	1.0	1.0	1.0	1.0	1.0	1.0	1.0	1.0	1.0	1.0	1.0	1.0	1.0	1.0	1.0	1.0	0.4364916731037085	1.0	1.0	1.0	1.0	1.0	1.0	1.0	1.0	1.0
nl	1.0	0.4364916731037085	0.10207670718665857	1.0	1.0	0.25728427444747215	1.0	0.17411239489546831	0.31264808514230086	0.2632403810669918	1.0	1.0	0.585786437626905	1.0	0.2553967929896867	0.5	0.585786437626905	1.0	1.0	1.0	1.0	1.0	0.29893508442482547	0.2008390199171533	0.585786437626905	0.4142135623730951	0.11024674936446296	1.0	0.5	0.34833147735478825	0.4142135623730951	1.0	0.0722497397912967	1.0	1.0	0.5
pl	1.0	0.585786437626905	0.08686918565838746	1.0	1.0	0.16806736069334313	1.0	0.02377204602204328	0.12397436152113826	0.18933139574356017	0.585786437626905	1.0	1.0	0.585786437626905	0.17358241318593384	0.585786437626905	0.585786437626905	1.0	1.0	1.0	1.0	0.29893508442482547	1.0	0.08627107719821908	0.5	0.3660254037844386	0.085296537673365	1.0	0.5	0.19382373427098679	0.3021694792519622	1.0	0.20521309615767264	0.5	1.0	0.5
pt	1.0	0.4364916731037085	0.06214943036706332	1.0	0.44948974278317805	0.09195966279176457	0.585786437626905	0.03703968225948223	0.08726953312859731	0.08990358110199087	0.32449979983983984	0.585786437626905	0.3726822671238253	0.585786437626905	0.12580527500924846	0.16284330579153464	0.4142135623730951	1.0	1.0	1.0	1.0	0.2008390199171533	0.08627107719821908	1.0	0.585786437626905	0.18740992571549211	0.10997220198634608	1.0	0.38742588672279304	0.24828371682826425	0.2193450929151803	1.0	0.18496477948239431	0.585786437626905	1.0	0.22966848451216434
ro	1.0	1.0	0.09031323164855838	1.0	0.585786437626905	0.5	1.0	0.4142135623730951	0.585786437626905	0.585786437626905	1.0	1.0	1.0	1.0	0.585786437626905	0.585786437626905	1.0	1.0	1.0	1.0	1.0	0.585786437626905	0.5	0.585786437626905	1.0	0.585786437626905	0.1985180292573379	1.0	1.0	0.44948974278317805	0.5	1.0	0.28989794855663564	0.585786437626905	1.0	1.0
ru	1.0	0.39564392373896007	0.01016547994619918	1.0	1.0	0.23371479611805132	1.0	0.12659389107862953	0.3244997998398398	0.38742588672279304	1.0	1.0	0.585786437626905	1.0	0.25728427444747215	1.0	1.0	1.0	1.0	1.0	1.0	0.4142135623730951	0.3660254037844386	0.18740992571549211	0.585786437626905	1.0	0.11562659600676829	1.0	0.5	0.3090169943749474	0.44948974278317805	1.0	0.20658711810431302	1.0	1.0	1.0
sh	1.0	0.27429188517743175	0.06145531063755643	0.585786437626905	0.28989794855663564	0.07841501749165475	0.4364916731037085	0.06864922400678607	0.07237982001823152	0.0751015628403149	0.20521309615767264	0.4364916731037085	0.36602540378443865	0.2687959533979826	0.08563786063744523	0.18740992571549211	0.26533119314590375	0.4364916731037085	1.0	1.0	0.4364916731037085	0.11024674936446296	0.085296537673365	0.10997220198634608	0.1985180292573379	0.11562659600676829	1.0	1.0	0.23321570675707815	0.06912300273011351	0.09620798984559276	1.0	0.3726822671238253	0.16352330136718948	1.0	0.13057680273413982
si	0.0	0.0	0.04039473562744812	0.0	1.0	1.0	1.0	1.0	1.0	1.0	1.0	1.0	1.0	1.0	1.0	1.0	1.0	1.0	0.0	1.0	1.0	1.0	1.0	1.0	1.0	1.0	1.0	1.0	1.0	1.0	1.0	0.0	1.0	1.0	0.0	1.0
simple	1.0	1.0	0.10097763469184079	1.0	1.0	0.44948974278317805	1.0	0.3660254037844386	0.5	0.5	0.5	1.0	0.585786437626905	1.0	0.5	1.0	1.0	1.0	1.0	1.0	1.0	0.5	0.5	0.38742588672279304	1.0	0.5	0.23321570675707815	1.0	1.0	0.4142135623730951	0.38742588672279304	1.0	0.16870812046433467	1.0	1.0	0.5
sr	1.0	0.5	0.010595559957769089	1.0	1.0	0.25355482027512377	1.0	0.14608721524372043	0.2204812092115424	0.24257131419419417	0.44948974278317805	1.0	1.0	1.0	0.2240092377397959	0.585786437626905	0.585786437626905	1.0	1.0	1.0	1.0	0.34833147735478825	0.19382373427098679	0.24828371682826425	0.44948974278317805	0.3090169943749474	0.06912300273011351	1.0	0.4142135623730951	1.0	0.44948974278317805	1.0	0.3797958971132712	0.585786437626905	1.0	0.36602540378443865
sv	1.0	0.4364916731037085	0.06765189517564466	0.585786437626905	1.0	0.34833147735478825	1.0	0.18627359303375404	0.28172904669025317	0.2612038749637414	1.0	0.585786437626905	0.585786437626905	1.0	0.3090169943749474	0.585786437626905	0.585786437626905	1.0	1.0	0.585786437626905	1.0	0.4142135623730951	0.3021694792519622	0.2193450929151803	0.5	0.44948974278317805	0.09620798984559276	1.0	0.38742588672279304	0.44948974278317805	1.0	0.585786437626905	0.3660254037844386	0.5	1.0	0.585786437626905
te	1.0	1.0	0.013602358096379519	1.0	1.0	1.0	1.0	1.0	1.0	1.0	1.0	1.0	1.0	1.0	1.0	1.0	1.0	1.0	0.0	1.0	1.0	1.0	1.0	1.0	1.0	1.0	1.0	0.0	1.0	1.0	0.585786437626905	1.0	0.5	1.0	1.0	1.0
tr	1.0	0.11166930467137946	-1.0	1.0	0.2928060946961875	0.18261013188966888	0.5	0.10255309943860091	0.18660549686337075	0.15621645517097552	0.585786437626905	1.0	1.0	0.18333466834154644	0.15473372600536658	0.3164309725825328	0.32449979983983984	0.36602540378443865	1.0	0.3430703308172536	1.0	0.0722497397912967	0.20521309615767264	0.18496477948239431	0.28989794855663564	0.20658711810431302	0.3726822671238253	1.0	0.16870812046433467	0.3797958971132712	0.3660254037844386	0.5	1.0	0.32449979983983984	1.0	0.2222222222222222
vi	1.0	1.0	0.06771847052195562	1.0	1.0	0.585786437626905	1.0	0.4142135623730951	1.0	0.4142135623730951	1.0	1.0	1.0	1.0	0.585786437626905	1.0	1.0	1.0	1.0	1.0	1.0	1.0	0.5	0.585786437626905	0.585786437626905	1.0	0.16352330136718948	1.0	1.0	0.585786437626905	0.5	1.0	0.32449979983983984	1.0	1.0	1.0
war	1.0	1.0	0.010783543471907013	1.0	1.0	1.0	1.0	1.0	1.0	1.0	1.0	1.0	1.0	1.0	1.0	1.0	1.0	1.0	0.0	1.0	1.0	1.0	1.0	1.0	1.0	1.0	1.0	0.0	1.0	1.0	1.0	1.0	1.0	1.0	1.0	1.0
zh	1.0	0.4364916731037085	0.07444235129242076	1.0	1.0	0.3164309725825328	1.0	0.24336073281110826	0.44948974278317805	0.5	1.0	1.0	0.585786437626905	1.0	0.3660254037844386	1.0	1.0	1.0	1.0	1.0	1.0	0.5	0.5	0.22966848451216434	1.0	1.0	0.13057680273413982	1.0	0.5	0.36602540378443865	0.585786437626905	1.0	0.2222222222222222	1.0	1.0	1.0
