arz	bs	ceb	ckb	da	de	el	en	es	fr	he	hi	hu	id	it	ja	ko	lv	mk	ml	mr	nl	pl	pt	ro	ru	sh	si	simple	sr	sv	te	tr	vi	war	zh
arz	0.2	0.25	1.0	0.3333333333333333	0.25	0.2	0.25	0.2	0.2	0.2	0.25	0.25	0.2	0.2	0.2	0.2	0.2	0.25	0.25	0.3333333333333333	1.0	0.25	0.25	0.2	0.25	0.2	0.2	1.0	0.25	0.2	0.2	0.5	0.5	0.25	0.3333333333333333	0.25
bs	0.25	0.008115372547153206	0.3333333333333333	0.07142857142857142	0.012196311719214752	0.008928970025510203	0.012987012987012988	0.008773007232994767	0.009434229263082947	0.009091322314049586	0.011904761904761904	0.013333333333333334	0.010101112131415162	0.010990339572636277	0.009616494267751477	0.009523809523809525	0.011494252873563218	0.0125	0.015625	0.02	0.07142857142857142	0.009709209162032236	0.009805363514033064	0.008695954631379961	0.01052753484764543	0.008695652173913044	0.008065101456815818	0.058823529411764705	0.013158240997229917	0.008064841376235756	0.009434585261658954	0.03571428571428571	0.09090909090909091	0.010870274220226843	0.03225806451612903	0.009433962264150943
ceb	1.0	0.3333333333333333	0.3333333333333333	0.5	0.3333333333333333	0.3333333333333333	0.5	0.3333333333333333	0.3333333333333333	0.3333333333333333	0.5	0.5	0.3333333333333333	0.3333333333333333	0.3333333333333333	0.5	0.5	0.3333333333333333	0.5	0.5	0.5	0.3333333333333333	0.3333333333333333	0.3333333333333333	0.3333333333333333	0.3333333333333333	0.3333333333333333	1.0	0.3333333333333333	0.3333333333333333	0.3333333333333333	0.5	-1.0	0.3333333333333333	0.3333333333333333	0.3333333333333333
ckb	0.3333333333333333	0.07142857142857142	0.5	0.05263157894736842	0.058823529411764705	0.05263157894736842	0.058823529411764705	0.05263157894736842	0.05263157894736842	0.05263157894736842	0.05263157894736842	0.08333333333333333	0.05555555555555555	0.05263157894736842	0.05263157894736842	0.05555555555555555	0.058823529411764705	0.07692307692307693	0.058823529411764705	0.07142857142857142	0.2	0.05263157894736842	0.05263157894736842	0.05555555555555555	0.0625	0.05555555555555555	0.058823529411764705	0.14285714285714285	0.05555555555555555	0.058823529411764705	0.05555555555555555	0.125	0.3333333333333333	0.058823529411764705	0.125	0.05555555555555555
da	0.25	0.012196311719214752	0.3333333333333333	0.058823529411764705	0.005860118204222601	0.0065360331496433	0.008928571428571428	0.006536289461318296	0.006896646848989299	0.006578947368421052	0.00847457627118644	0.010526315789473684	0.007143010204081632	0.007874325748651496	0.006896646896599334	0.006896551724137931	0.008064516129032258	0.009615661982248521	0.012987012987012988	0.016666666666666666	0.05	0.006756893718042366	0.0067570306793279765	0.006250039062500001	0.007752058169581156	0.006172839506172839	0.0059883466958298975	0.05555555555555555	0.01	0.005988023952095809	0.006410502958579881	0.024390243902439025	0.09090909090909091	0.007936570924666164	0.027777777777777776	0.007142857142857143
de	0.2	0.008928970025510203	0.3333333333333333	0.05263157894736842	0.0065360331496433	0.001299317191955863	0.004651162790697674	0.0013606367735665688	0.0020408246563931695	0.001636693355048336	0.005494505494505495	0.005050505050505051	0.002890190116609309	0.004149446462698645	0.001894011137654958	0.0018587360594795538	0.004219409282700422	0.0059524518140589575	0.009009009009009009	0.012658227848101266	0.037037037037037035	0.0020161737488618623	0.0022173735625685225	0.002816909343384249	0.004761950113378685	0.002785515320334262	0.0020243488665606713	0.05263157894736842	0.005405405405405406	0.0020121088705269846	0.003636376859504132	0.019230769230769232	0.05555555555555555	0.0028901984697116507	0.02631578947368421	0.00199203187250996
el	0.25	0.012987012987012988	0.5	0.058823529411764705	0.008928571428571428	0.004651162790697674	0.004608294930875576	0.004651162790697674	0.005405405405405406	0.0049261083743842365	0.007751937984496124	0.00909090909090909	0.005714285714285714	0.006622516556291391	0.005076142131979695	0.005076142131979695	0.0070921985815602835	0.008849557522123894	0.01282051282051282	0.016666666666666666	0.047619047619047616	0.005050505050505051	0.005555555555555556	0.00641025641025641	0.007751937984496124	0.006493506493506494	0.005813953488372093	0.05555555555555555	0.008849557522123894	0.005813953488372093	0.00684931506849315	0.02631578947368421	0.16666666666666666	0.006329113924050633	0.02857142857142857	0.005050505050505051
en	0.2	0.008773007232994767	0.3333333333333333	0.05263157894736842	0.006536289461318296	0.0013606367735665688	0.004651162790697674	0.0012736010202621447	0.0019532470703124997	0.001584984483666157	0.005494505494505495	0.005025125628140704	0.002785810204762532	0.004099217431470035	0.0018219416691285435	0.0017513134851138354	0.004081632653061225	0.005917334827211932	0.008771929824561403	0.012658227848101266	0.03571428571428571	0.001957157823384561	0.002169508001581034	0.002801191064661158	0.004608910849688887	0.0026041734483506942	0.0018118206817140567	0.05263157894736842	0.005376633136778818	0.0018020355912831847	0.0035339185281374466	0.018867924528301886	0.05263434903047091	0.0027935613744889355	0.02631578947368421	0.0019011406844106464
es	0.2	0.009434229263082947	0.3333333333333333	0.05263157894736842	0.006896646848989299	0.0020408246563931695	0.005405405405405406	0.0019532470703124997	0.0019548887652559794	0.0021598925311029113	0.0056179775280898875	0.006024096385542169	0.00331129117143985	0.004444503703703704	0.0022883923568746754	0.0023094688221709007	0.004424778761061947	0.006097635336109459	0.009345794392523364	0.012658227848101266	0.037037037037037035	0.0025907071330773974	0.002584046104334007	0.0034129925799951076	0.005050530558106316	0.003257328990228013	0.0027624690943499892	0.05263157894736842	0.005780380233218618	0.002754874059907869	0.003968269715293525	0.019230769230769232	0.05555555555555555	0.003289484504847645	0.02631578947368421	0.002570694087403599
fr	0.2	0.009091322314049586	0.3333333333333333	0.05263157894736842	0.006578947368421052	0.001636693355048336	0.0049261083743842365	0.001584984483666157	0.0021598925311029113	0.0015263049876759708	0.005649717514124294	0.005263157894736842	0.003048845553242118	0.0042737416904083565	0.0020748523785747482	0.001941747572815534	0.0041841004184100415	0.006024132675279431	0.008849557522123894	0.012658227848101266	0.03571428571428571	0.0021930786395814098	0.0023475721472866985	0.0030212666916147168	0.0047848950344543395	0.0028735632183908046	0.002272820247933884	0.05263157894736842	0.005814122498647918	0.002262499749186135	0.003690104982230634	0.019230769230769232	0.05263157894736842	0.003194990272433117	0.02631578947368421	0.002145922746781116
he	0.25	0.011904761904761904	0.5	0.05263157894736842	0.00847457627118644	0.005494505494505495	0.007751937984496124	0.005494505494505495	0.0056179775280898875	0.005649717514124294	0.005494716821639899	0.00980392156862745	0.006172839506172839	0.006993006993006993	0.005681818181818182	0.005813953488372093	0.007246376811594203	0.008849557522123894	0.011235955056179775	0.015151515151515152	0.047619047619047616	0.005952380952380952	0.005882387543252595	0.0064516129032258064	0.008064516129032258	0.0064516129032258064	0.006289308176100629	0.05263157894736842	0.00909090909090909	0.006289308176100629	0.006666666666666667	0.027777777777777776	0.14285714285714285	0.00641025641025641	0.027777777777777776	0.005952380952380952
hi	0.25	0.013333333333333334	0.5	0.08333333333333333	0.010526315789473684	0.005050505050505051	0.00909090909090909	0.005025125628140704	0.006024096385542169	0.005263157894736842	0.00980392156862745	0.005	0.00641025641025641	0.007352941176470588	0.005405405405405406	0.0053475935828877	0.008333333333333333	0.01	0.015151515151515152	0.01694915254237288	0.05555555555555555	0.005494505494505495	0.005988023952095809	0.006896551724137931	0.007874015748031496	0.00684931506849315	0.00641025641025641	0.07142857142857142	0.008695652173913044	0.00641025641025641	0.007936507936507936	0.024390243902439025	0.14285714285714285	0.006578947368421052	0.030303030303030304	0.005235602094240838
hu	0.2	0.010101112131415162	0.3333333333333333	0.05555555555555555	0.007143010204081632	0.002890190116609309	0.005714285714285714	0.002785810204762532	0.00331129117143985	0.003048845553242118	0.006172839506172839	0.00641025641025641	0.00278784532696368	0.004808015902366863	0.0031647372215991023	0.0032258064516129032	0.004830917874396135	0.006369507890786645	0.009615384615384616	0.013333333333333334	0.037037037037037035	0.003257382041188766	0.003401453098246101	0.0041494120280298205	0.005291089275216259	0.004	0.003533743722621097	0.05263157894736842	0.006329274154782887	0.00353364382124886	0.004545495867768595	0.020833333333333332	0.16666666666666666	0.004032306841831426	0.02631578947368421	0.0033222591362126247
id	0.2	0.010990339572636277	0.3333333333333333	0.05263157894736842	0.007874325748651496	0.004149446462698645	0.006622516556291391	0.004099217431470035	0.004444503703703704	0.0042737416904083565	0.006993006993006993	0.007352941176470588	0.004808015902366863	0.0041271829169071544	0.004348223081285444	0.0044444444444444444	0.005681818181818182	0.00775211826212367	0.010416666666666666	0.013888888888888888	0.043478260869565216	0.004525153088593599	0.004608698464609569	0.005319318696242643	0.00609797003271862	0.005128205128205128	0.0049508381776296444	0.05263157894736842	0.006896789536266349	0.004950789211866483	0.005586748228831809	0.022222222222222223	0.07142857142857142	0.005050862207937966	0.02631578947368421	0.004329004329004329
it	0.2	0.009616494267751477	0.3333333333333333	0.05263157894736842	0.006896646896599334	0.001894011137654958	0.005076142131979695	0.0018219416691285435	0.0022883923568746754	0.0020748523785747482	0.005681818181818182	0.005405405405405406	0.0031647372215991023	0.004348223081285444	0.001838277198295118	0.0022123893805309734	0.004366812227074236	0.00621137301801628	0.009009009009009009	0.01282051282051282	0.041666666666666664	0.0024391612254610344	0.0025319019836628808	0.0032574138717652175	0.004831174613176503	0.0031847133757961785	0.0026526887616179664	0.05263157894736842	0.005814021092482424	0.0026456216301335342	0.00396842718568909	0.0196078431372549	0.05882698961937716	0.0031647572804838963	0.02631578947368421	0.0024330900243309003
ja	0.2	0.009523809523809525	0.5	0.05555555555555555	0.006896551724137931	0.0018587360594795538	0.005076142131979695	0.0017513134851138354	0.0023094688221709007	0.001941747572815534	0.005813953488372093	0.0053475935828877	0.0032258064516129032	0.0044444444444444444	0.0022123893805309734	0.0017006831644222314	0.0041841004184100415	0.006172839506172839	0.008849557522123894	0.012658227848101266	0.03571428571428571	0.0023584905660377358	0.0025	0.0033444816053511705	0.0048543689320388345	0.003134796238244514	0.0024691358024691358	0.058823529411764705	0.005917159763313609	0.0024630541871921183	0.003952569169960474	0.0196078431372549	0.06666666666666667	0.003367003367003367	0.02702702702702703	0.0022172949002217295
ko	0.2	0.011494252873563218	0.5	0.058823529411764705	0.008064516129032258	0.004219409282700422	0.0070921985815602835	0.004081632653061225	0.004424778761061947	0.0041841004184100415	0.007246376811594203	0.008333333333333333	0.004830917874396135	0.005681818181818182	0.004366812227074236	0.0041841004184100415	0.004081632653061225	0.007194244604316547	0.01	0.013333333333333334	0.037037037037037035	0.004545454545454545	0.004608294930875576	0.0053475935828877	0.006211180124223602	0.005154639175257732	0.0048543689320388345	0.0625	0.008	0.004830917874396135	0.005434782608695652	0.025	0.09090909090909091	0.005405405405405406	0.02702702702702703	0.004405286343612335
lv	0.25	0.0125	0.3333333333333333	0.07692307692307693	0.009615661982248521	0.0059524518140589575	0.008849557522123894	0.005917334827211932	0.006097635336109459	0.006024132675279431	0.008849557522123894	0.01	0.006369507890786645	0.00775211826212367	0.00621137301801628	0.006172839506172839	0.007194244604316547	0.00592336270246669	0.0136986301369863	0.015873015873015872	0.043478260869565216	0.006172915714067978	0.006060716253443526	0.0070921985815602835	0.008064581165452655	0.007194244604316547	0.006802813642463788	0.07142857142857142	0.00980392156862745	0.0068027673654495815	0.0072992700729927005	0.02631578947368421	0.14287755102040817	0.0068027673654495815	0.02702702702702703	0.006289308176100629
mk	0.25	0.015625	0.5	0.058823529411764705	0.012987012987012988	0.009009009009009009	0.01282051282051282	0.008771929824561403	0.009345794392523364	0.008849557522123894	0.011235955056179775	0.015151515151515152	0.009615384615384616	0.010416666666666666	0.009009009009009009	0.008849557522123894	0.01	0.0136986301369863	0.008771929824561403	0.018867924528301886	0.0625	0.009259259259259259	0.009345794392523364	0.010638297872340425	0.010416666666666666	0.01	0.00980392156862745	0.07692307692307693	0.015151515151515152	0.00980392156862745	0.010638297872340425	0.05	0.16666666666666666	0.010638297872340425	0.03333333333333333	0.009433962264150943
ml	0.3333333333333333	0.02	0.5	0.07142857142857142	0.016666666666666666	0.012658227848101266	0.016666666666666666	0.012658227848101266	0.012658227848101266	0.012658227848101266	0.015151515151515152	0.01694915254237288	0.013333333333333334	0.013888888888888888	0.01282051282051282	0.012658227848101266	0.013333333333333334	0.015873015873015872	0.018867924528301886	0.012658227848101266	0.0625	0.012987012987012988	0.01282051282051282	0.014285714285714285	0.015873015873015872	0.014285714285714285	0.014492753623188406	0.07142857142857142	0.01694915254237288	0.014492753623188406	0.014492753623188406	0.043478260869565216	0.1111111111111111	0.013888888888888888	0.038461538461538464	0.012658227848101266
mr	1.0	0.07142857142857142	0.5	0.2	0.05	0.037037037037037035	0.047619047619047616	0.03571428571428571	0.037037037037037035	0.03571428571428571	0.047619047619047616	0.05555555555555555	0.037037037037037035	0.043478260869565216	0.041666666666666664	0.03571428571428571	0.037037037037037035	0.043478260869565216	0.0625	0.0625	0.03571428571428571	0.03571428571428571	0.037037037037037035	0.041666666666666664	0.05	0.04	0.038461538461538464	0.2	0.045454545454545456	0.038461538461538464	0.04	0.125	0.5	0.037037037037037035	0.09090909090909091	0.03571428571428571
nl	0.25	0.009709209162032236	0.3333333333333333	0.05263157894736842	0.006756893718042366	0.0020161737488618623	0.005050505050505051	0.001957157823384561	0.0025907071330773974	0.0021930786395814098	0.005952380952380952	0.005494505494505495	0.003257382041188766	0.004525153088593599	0.0024391612254610344	0.0023584905660377358	0.004545454545454545	0.006172915714067978	0.009259259259259259	0.012987012987012988	0.03571428571428571	0.001949835139526123	0.0028654526728023573	0.0033333666666666667	0.004902104959630911	0.003436426116838488	0.0027248847493188087	0.05263157894736842	0.006024205254753955	0.0027174725307183363	0.004048681342097068	0.02	0.05263989196675899	0.003533681279576471	0.02631578947368421	0.0024813895781637717
pl	0.25	0.009805363514033064	0.3333333333333333	0.05263157894736842	0.0067570306793279765	0.0022173735625685225	0.005555555555555556	0.002169508001581034	0.002584046104334007	0.0023475721472866985	0.005882387543252595	0.005988023952095809	0.003401453098246101	0.004608698464609569	0.0025319019836628808	0.0025	0.004608294930875576	0.006060716253443526	0.009345794392523364	0.01282051282051282	0.037037037037037035	0.0028654526728023573	0.00212974756141055	0.003571466836734694	0.005025403449407844	0.003424657534246575	0.0030488920378494945	0.05263157894736842	0.006211295860499209	0.0030304407805325988	0.004048746922585193	0.02	0.055561728395061724	0.0034485731272294886	0.02631578947368421	0.002777777777777778
pt	0.2	0.008695954631379961	0.3333333333333333	0.05555555555555555	0.006250039062500001	0.002816909343384249	0.00641025641025641	0.002801191064661158	0.0034129925799951076	0.0030212666916147168	0.0064516129032258064	0.006896551724137931	0.0041494120280298205	0.005319318696242643	0.0032574138717652175	0.0033444816053511705	0.0053475935828877	0.0070921985815602835	0.010638297872340425	0.014285714285714285	0.041666666666666664	0.0033333666666666667	0.003571466836734694	0.002009359482207394	0.004048664951072792	0.0025188916876574307	0.0020704405265571887	0.05263157894736842	0.007692366863905326	0.002070419093913558	0.003164627062970678	0.01639344262295082	0.05263434903047091	0.004651249367225527	0.027777777777777776	0.0034482758620689655
ro	0.25	0.01052753484764543	0.3333333333333333	0.0625	0.007752058169581156	0.004761950113378685	0.007751937984496124	0.004608910849688887	0.005050530558106316	0.0047848950344543395	0.008064516129032258	0.007874015748031496	0.005291089275216259	0.00609797003271862	0.004831174613176503	0.0048543689320388345	0.006211180124223602	0.008064581165452655	0.010416666666666666	0.015873015873015872	0.05	0.004902104959630911	0.005025403449407844	0.004048664951072792	0.0037083731246334824	0.0038910505836575876	0.0037315382044998888	0.05555555555555555	0.008695652173913044	0.0037454726675924753	0.0045872822153017415	0.0196078431372549	0.16669444444444442	0.005952558142006802	0.02857142857142857	0.004878048780487805
ru	0.2	0.008695652173913044	0.3333333333333333	0.05555555555555555	0.006172839506172839	0.002785515320334262	0.006493506493506494	0.0026041734483506942	0.003257328990228013	0.0028735632183908046	0.0064516129032258064	0.00684931506849315	0.004	0.005128205128205128	0.0031847133757961785	0.003134796238244514	0.005154639175257732	0.007194244604316547	0.01	0.014285714285714285	0.04	0.003436426116838488	0.003424657534246575	0.0025188916876574307	0.0038910505836575876	0.0018622251351566913	0.0019230769230769232	0.05	0.006993006993006993	0.0019157088122605363	0.0030864197530864196	0.015384615384615385	0.05263157894736842	0.004347826086956522	0.02857142857142857	0.0031746031746031746
sh	0.2	0.008065101456815818	0.3333333333333333	0.058823529411764705	0.0059883466958298975	0.0020243488665606713	0.005813953488372093	0.0018118206817140567	0.0027624690943499892	0.002272820247933884	0.006289308176100629	0.00641025641025641	0.003533743722621097	0.0049508381776296444	0.0026526887616179664	0.0024691358024691358	0.0048543689320388345	0.006802813642463788	0.00980392156862745	0.014492753623188406	0.038461538461538464	0.0027248847493188087	0.0030488920378494945	0.0020704405265571887	0.0037315382044998888	0.0019230769230769232	0.00130731430098603	0.05	0.00694458912037037	0.001298787323326024	0.002770159836097022	0.015151515151515152	0.14287755102040817	0.003891201986404033	0.027777777777777776	0.002638522427440633
si	1.0	0.058823529411764705	1.0	0.14285714285714285	0.05555555555555555	0.05263157894736842	0.05555555555555555	0.05263157894736842	0.05263157894736842	0.05263157894736842	0.05263157894736842	0.07142857142857142	0.05263157894736842	0.05263157894736842	0.05263157894736842	0.058823529411764705	0.0625	0.07142857142857142	0.07692307692307693	0.07142857142857142	0.2	0.05263157894736842	0.05263157894736842	0.05263157894736842	0.05555555555555555	0.05	0.05	0.05	0.058823529411764705	0.05	0.05263157894736842	0.1	1.0	0.05555555555555555	0.09090909090909091	0.05555555555555555
simple	0.25	0.013158240997229917	0.3333333333333333	0.05555555555555555	0.01	0.005405405405405406	0.008849557522123894	0.005376633136778818	0.005780380233218618	0.005814122498647918	0.00909090909090909	0.008695652173913044	0.006329274154782887	0.006896789536266349	0.005814021092482424	0.005917159763313609	0.008	0.00980392156862745	0.015151515151515152	0.01694915254237288	0.045454545454545456	0.006024205254753955	0.006211295860499209	0.007692366863905326	0.008695652173913044	0.006993006993006993	0.00694458912037037	0.058823529411764705	0.005386393173147385	0.0069446373456790115	0.007692366863905326	0.022727272727272728	0.07143877551020407	0.006097709696609161	0.02631578947368421	0.005813953488372093
sr	0.2	0.008064841376235756	0.3333333333333333	0.058823529411764705	0.005988023952095809	0.0020121088705269846	0.005813953488372093	0.0018020355912831847	0.002754874059907869	0.002262499749186135	0.006289308176100629	0.00641025641025641	0.00353364382124886	0.004950789211866483	0.0026456216301335342	0.0024630541871921183	0.004830917874396135	0.0068027673654495815	0.00980392156862745	0.014492753623188406	0.038461538461538464	0.0027174725307183363	0.0030304407805325988	0.002070419093913558	0.0037454726675924753	0.0019157088122605363	0.001298787323326024	0.05	0.0069446373456790115	0.0012959897166639081	0.0027549044160614404	0.015151515151515152	0.1	0.0038911262850308105	0.027777777777777776	0.0026246719160104987
sv	0.2	0.009434585261658954	0.3333333333333333	0.05555555555555555	0.006410502958579881	0.003636376859504132	0.00684931506849315	0.0035339185281374466	0.003968269715293525	0.003690104982230634	0.006666666666666667	0.007936507936507936	0.004545495867768595	0.005586748228831809	0.00396842718568909	0.003952569169960474	0.005434782608695652	0.0072992700729927005	0.010638297872340425	0.014492753623188406	0.04	0.004048681342097068	0.004048746922585193	0.003164627062970678	0.0045872822153017415	0.0030864197530864196	0.002770159836097022	0.05263157894736842	0.007692366863905326	0.0027549044160614404	0.002742378323118917	0.018867924528301886	0.07692307692307693	0.0050252013838034395	0.027777777777777776	0.004081632653061225
te	0.5	0.03571428571428571	0.5	0.125	0.024390243902439025	0.019230769230769232	0.02631578947368421	0.018867924528301886	0.019230769230769232	0.019230769230769232	0.027777777777777776	0.024390243902439025	0.020833333333333332	0.022222222222222223	0.0196078431372549	0.0196078431372549	0.025	0.02631578947368421	0.05	0.043478260869565216	0.125	0.02	0.02	0.01639344262295082	0.0196078431372549	0.015384615384615385	0.015151515151515152	0.1	0.022727272727272728	0.015151515151515152	0.018867924528301886	0.015151515151515152	0.16666666666666666	0.020833333333333332	0.0625	0.0196078431372549
tr	0.5	0.09090909090909091	-1.0	0.3333333333333333	0.09090909090909091	0.05555555555555555	0.16666666666666666	0.05263434903047091	0.05555555555555555	0.05263157894736842	0.14285714285714285	0.14285714285714285	0.16666666666666666	0.07142857142857142	0.05882698961937716	0.06666666666666667	0.09090909090909091	0.14287755102040817	0.16666666666666666	0.1111111111111111	0.5	0.05263989196675899	0.055561728395061724	0.05263434903047091	0.16669444444444442	0.05263157894736842	0.14287755102040817	1.0	0.07143877551020407	0.1	0.07692307692307693	0.16666666666666666	0.05004003752501	0.07692307692307693	0.5	0.06666666666666667
vi	0.25	0.010870274220226843	0.3333333333333333	0.058823529411764705	0.007936570924666164	0.0028901984697116507	0.006329113924050633	0.0027935613744889355	0.003289484504847645	0.003194990272433117	0.00641025641025641	0.006578947368421052	0.004032306841831426	0.005050862207937966	0.0031647572804838963	0.003367003367003367	0.005405405405405406	0.0068027673654495815	0.010638297872340425	0.013888888888888888	0.037037037037037035	0.003533681279576471	0.0034485731272294886	0.004651249367225527	0.005952558142006802	0.004347826086956522	0.003891201986404033	0.05555555555555555	0.006097709696609161	0.0038911262850308105	0.0050252013838034395	0.020833333333333332	0.07692307692307693	0.0027985420769112233	0.02631578947368421	0.003389830508474576
war	0.3333333333333333	0.03225806451612903	0.3333333333333333	0.125	0.027777777777777776	0.02631578947368421	0.02857142857142857	0.02631578947368421	0.02631578947368421	0.02631578947368421	0.027777777777777776	0.030303030303030304	0.02631578947368421	0.02631578947368421	0.02631578947368421	0.02702702702702703	0.02702702702702703	0.02702702702702703	0.03333333333333333	0.038461538461538464	0.09090909090909091	0.02631578947368421	0.02631578947368421	0.027777777777777776	0.02857142857142857	0.02857142857142857	0.027777777777777776	0.09090909090909091	0.02631578947368421	0.027777777777777776	0.027777777777777776	0.0625	0.5	0.02631578947368421	0.02631786703601108	0.02631578947368421
zh	0.25	0.009433962264150943	0.3333333333333333	0.05555555555555555	0.007142857142857143	0.00199203187250996	0.005050505050505051	0.0019011406844106464	0.002570694087403599	0.002145922746781116	0.005952380952380952	0.005235602094240838	0.0033222591362126247	0.004329004329004329	0.0024330900243309003	0.0022172949002217295	0.004405286343612335	0.006289308176100629	0.009433962264150943	0.012658227848101266	0.03571428571428571	0.0024813895781637717	0.002777777777777778	0.0034482758620689655	0.004878048780487805	0.0031746031746031746	0.002638522427440633	0.05555555555555555	0.005813953488372093	0.0026246719160104987	0.004081632653061225	0.0196078431372549	0.06666666666666667	0.003389830508474576	0.02631578947368421	0.0018832391713747645
