arz	bs	ceb	ckb	da	de	el	en	es	fr	he	hi	hu	id	it	ja	ko	lv	mk	ml	mr	nl	pl	pt	ro	ru	sh	si	simple	sr	sv	te	vi	war	zh
arz	1.0	0.0	0.0	0.0	1.0	1.0	1.0	1.0	1.0	1.0	1.0	1.0	1.0	1.0	1.0	1.0	1.0	1.0	0.0	1.0	0.0	1.0	1.0	1.0	1.0	1.0	1.0	0.0	1.0	1.0	1.0	0.0	1.0	0.0	1.0
bs	0.0	1.0	1.0	1.0	1.0	0.7248485669756152	1.0	0.7234532828151787	0.7248485669756152	0.661251134120194	1.0	1.0	1.0	0.38748272509441994	0.6638546162332061	0.728099120889861	1.0	1.0	1.0	1.0	1.0	0.6589257440209708	0.728099120889861	0.6468909830471344	1.0	0.6589257440209708	1.0	1.0	1.0	1.0	0.728099120889861	0.0	1.0	1.0	0.7263875964832448
ceb	0.0	1.0	1.0	0.0	0.0	1.0	1.0	1.0	1.0	1.0	1.0	0.0	0.0	1.0	1.0	1.0	1.0	0.0	0.0	0.0	0.0	1.0	1.0	1.0	1.0	1.0	0.0	0.0	0.0	1.0	1.0	0.0	1.0	0.0	1.0
ckb	0.0	1.0	0.0	1.0	1.0	1.0	1.0	1.0	1.0	1.0	1.0	1.0	1.0	1.0	1.0	1.0	1.0	1.0	1.0	1.0	1.0	1.0	1.0	1.0	1.0	1.0	1.0	1.0	1.0	1.0	1.0	0.0	1.0	1.0	1.0
da	1.0	1.0	0.0	1.0	1.0	0.5799374734601551	1.0	0.5449322149709735	0.7087564131141617	0.7087564131141618	0.7171176902274347	1.0	1.0	0.37414241249576247	0.7101264857596848	1.0	1.0	1.0	1.0	1.0	1.0	1.0	0.7101264857596848	1.0	1.0	0.7096516635440987	0.7234532828151788	1.0	1.0	1.0	0.5353157264065455	0.0	1.0	1.0	0.7141080454298697
de	1.0	0.7248485669756152	1.0	1.0	0.5799374734601551	1.0	0.7141080454298697	0.2067288092916058	0.3437027780520501	0.3050854576416639	0.581440303742378	1.0	0.6390933240567506	0.3257996158812804	0.2916719261227563	0.4550858271997658	0.4741923275052597	1.0	0.7347168825662656	1.0	1.0	0.42813691266052717	0.4005202500680699	0.3860872597261096	0.5311178529382695	0.39561668433661973	0.5255639539921774	1.0	0.7128329397683222	0.5644053808147855	0.35558336660869955	1.0	0.5348534820339864	0.7690990303325336	0.4034406256870178
el	1.0	1.0	1.0	1.0	1.0	0.7141080454298697	1.0	0.6347195024507913	1.0	1.0	1.0	1.0	0.7263875964832449	1.0	1.0	1.0	1.0	1.0	1.0	1.0	1.0	1.0	1.0	1.0	1.0	1.0	1.0	1.0	1.0	1.0	0.7171176902274347	0.0	1.0	0.7690990303325336	1.0
en	1.0	0.7234532828151787	1.0	1.0	0.5449322149709735	0.2067288092916058	0.6347195024507913	1.0	0.24541416329957788	0.2773480007367393	0.544234876888305	0.7147973711694584	0.5608300575692882	0.29791620222130516	0.27466820526169916	0.46855840401824406	0.42327132679139173	1.0	1.0	0.7248485669756152	1.0	0.33643136249172245	0.38040337162061627	0.28947260321127727	0.7071524664833438	0.3519500061846389	0.49950501099882216	1.0	0.6358400943144775	0.6318190499308988	0.3373036975918539	1.0	0.6287420897939836	0.7690990303325336	0.39816059092967043
es	1.0	0.7248485669756152	1.0	1.0	0.7087564131141617	0.3437027780520501	1.0	0.24541416329957788	1.0	0.33666742547083794	0.7034032621820071	1.0	0.6364353709769033	0.32700513741505055	0.3309401769181212	0.6217828714482424	0.625479553189859	1.0	1.0	1.0	1.0	0.44818322589282017	0.46655236265970895	0.3855672620720738	1.0	0.5095502157571934	0.5858104530884551	1.0	0.7122412578101112	0.708333613085342	0.46036277666707187	1.0	1.0	0.7690990303325336	0.5414537053038794
fr	1.0	0.661251134120194	1.0	1.0	0.7087564131141618	0.3050854576416639	1.0	0.2773480007367393	0.33666742547083794	1.0	0.6287420897939836	1.0	0.6383829424521855	0.32984591365992283	0.3289392311687002	0.4569219324692476	1.0	1.0	1.0	1.0	1.0	0.49161780695403373	0.4450110089586257	0.39381072617300095	0.6383829424521854	0.5098974053659552	0.6334134137277928	1.0	0.7101264857596847	0.6383829424521855	0.5036656802922518	1.0	1.0	0.7690990303325336	0.5148517597465935
he	1.0	1.0	1.0	1.0	0.7171176902274347	0.581440303742378	1.0	0.544234876888305	0.7034032621820071	0.6287420897939836	1.0	1.0	1.0	0.3640854630433679	1.0	1.0	1.0	1.0	1.0	1.0	1.0	1.0	1.0	0.6322610359138847	1.0	1.0	1.0	1.0	1.0	1.0	1.0	0.0	1.0	1.0	1.0
hi	1.0	1.0	0.0	1.0	1.0	1.0	1.0	0.7147973711694584	1.0	1.0	1.0	1.0	1.0	0.39493893585380213	1.0	1.0	1.0	1.0	1.0	1.0	1.0	1.0	1.0	0.7248485669756152	1.0	1.0	1.0	1.0	1.0	1.0	1.0	0.0	1.0	1.0	1.0
hu	1.0	1.0	0.0	1.0	1.0	0.6390933240567506	0.7263875964832449	0.5608300575692882	0.6364353709769033	0.6383829424521855	1.0	1.0	1.0	0.35939616280737846	0.6383829424521855	0.7134542832283587	0.7134542832283587	1.0	1.0	1.0	1.0	0.7111374370280844	0.7122412578101113	0.7111374370280844	0.6487871090048528	0.6398385892358057	1.0	1.0	1.0	0.7210092110599265	0.7106212328351245	0.0	1.0	0.7690990303325336	0.6406217872018793
id	1.0	0.38748272509441994	1.0	1.0	0.37414241249576247	0.3257996158812804	1.0	0.29791620222130516	0.32700513741505055	0.32984591365992283	0.3640854630433679	0.39493893585380213	0.35939616280737846	1.0	0.34024565130044593	0.35838767844668046	0.35965588092659956	0.41055547717987523	1.0	0.40105550461749023	1.0	0.34568173610272795	0.35850105981758384	0.37362609238622185	0.3731100656073554	0.3468338469724597	0.3585595222707125	1.0	0.3752587714976307	0.3725339152553279	0.3506674793066183	0.0	0.37126183832816523	0.7690990303325336	0.3505587085165582
it	1.0	0.6638546162332061	1.0	1.0	0.7101264857596848	0.2916719261227563	1.0	0.27466820526169916	0.3309401769181212	0.3289392311687002	1.0	1.0	0.6383829424521855	0.34024565130044593	1.0	0.6249738127342558	0.6280783374972718	1.0	1.0	1.0	1.0	0.3979152520397811	0.4617934552538079	0.36510435966284094	1.0	0.6205729016881216	1.0	1.0	0.5502994416633744	0.7111374370280846	0.42913349714230004	1.0	0.7128329397683223	0.7690990303325336	0.5797204875684809
ja	1.0	0.728099120889861	1.0	1.0	1.0	0.4550858271997658	1.0	0.46855840401824406	0.6217828714482424	0.4569219324692476	1.0	1.0	0.7134542832283587	0.35838767844668046	0.6249738127342558	1.0	1.0	1.0	1.0	1.0	1.0	1.0	0.6268516359385989	0.6249738127342565	0.7134542832283588	1.0	0.7179915061657696	1.0	0.7162976956558116	1.0	0.6268516359385985	1.0	1.0	0.7690990303325336	1.0
ko	1.0	1.0	1.0	1.0	1.0	0.4741923275052597	1.0	0.42327132679139173	0.625479553189859	1.0	1.0	1.0	0.7134542832283587	0.35965588092659956	0.6280783374972718	1.0	1.0	1.0	1.0	1.0	1.0	1.0	0.7034032621820071	0.7026445955663438	0.7147973711694585	1.0	0.718925811717485	1.0	0.718925811717485	1.0	0.633191676364495	1.0	1.0	0.7690990303325336	1.0
lv	1.0	1.0	0.0	1.0	1.0	1.0	1.0	1.0	1.0	1.0	1.0	1.0	1.0	0.41055547717987523	1.0	1.0	1.0	1.0	1.0	1.0	1.0	1.0	1.0	0.7300208629885034	1.0	1.0	1.0	1.0	1.0	1.0	1.0	0.0	1.0	0.7690990303325336	1.0
mk	0.0	1.0	0.0	1.0	1.0	0.7347168825662656	1.0	1.0	1.0	1.0	1.0	1.0	1.0	1.0	1.0	1.0	1.0	1.0	1.0	1.0	1.0	1.0	1.0	1.0	1.0	1.0	1.0	1.0	1.0	1.0	1.0	0.0	1.0	1.0	1.0
ml	1.0	1.0	0.0	1.0	1.0	1.0	1.0	0.7248485669756152	1.0	1.0	1.0	1.0	1.0	0.40105550461749023	1.0	1.0	1.0	1.0	1.0	1.0	1.0	1.0	1.0	0.7347168825662656	1.0	1.0	1.0	1.0	1.0	1.0	1.0	0.0	1.0	1.0	1.0
mr	0.0	1.0	0.0	1.0	1.0	1.0	1.0	1.0	1.0	1.0	1.0	1.0	1.0	1.0	1.0	1.0	1.0	1.0	1.0	1.0	1.0	1.0	1.0	1.0	1.0	1.0	1.0	1.0	1.0	1.0	1.0	0.0	1.0	1.0	1.0
nl	1.0	0.6589257440209708	1.0	1.0	1.0	0.42813691266052717	1.0	0.33643136249172245	0.44818322589282017	0.49161780695403373	1.0	1.0	0.7111374370280844	0.34568173610272795	0.3979152520397811	1.0	1.0	1.0	1.0	1.0	1.0	1.0	0.5730396866439336	0.5773741737395347	0.7116768074483948	0.6973656372342564	1.0	1.0	1.0	1.0	0.5473562209312711	0.0	1.0	0.7690990303325336	1.0
pl	1.0	0.728099120889861	1.0	1.0	0.7101264857596848	0.4005202500680699	1.0	0.38040337162061627	0.46655236265970895	0.4450110089586257	1.0	1.0	0.7122412578101113	0.35850105981758384	0.4617934552538079	0.6268516359385989	0.7034032621820071	1.0	1.0	1.0	1.0	0.5730396866439336	1.0	0.4700422018455447	0.7106212328351245	0.697365637234256	1.0	1.0	1.0	1.0	0.5436445581459768	1.0	1.0	0.7690990303325336	0.7019395434758634
pt	1.0	0.6468909830471344	1.0	1.0	1.0	0.3860872597261096	1.0	0.28947260321127727	0.3855672620720738	0.39381072617300095	0.6322610359138847	0.7248485669756152	0.7111374370280844	0.37362609238622185	0.36510435966284094	0.6249738127342565	0.7026445955663438	0.7300208629885034	1.0	0.7347168825662656	1.0	0.5773741737395347	0.4700422018455447	1.0	0.7122412578101112	0.472874907343771	0.6345279152703018	1.0	1.0	0.5932464233149597	0.5207912901833217	1.0	0.6398385892358057	0.7690990303325336	0.6260089247738756
ro	1.0	1.0	1.0	1.0	1.0	0.5311178529382695	1.0	0.7071524664833438	1.0	0.6383829424521854	1.0	1.0	0.6487871090048528	0.3731100656073554	1.0	0.7134542832283588	0.7147973711694585	1.0	1.0	1.0	1.0	0.7116768074483948	0.7106212328351245	0.7122412578101112	1.0	0.7096516635440986	0.7189258117174852	1.0	1.0	0.7179915061657698	0.6432357517002909	1.0	1.0	0.7690990303325336	1.0
ru	1.0	0.6589257440209708	1.0	1.0	0.7096516635440987	0.39561668433661973	1.0	0.3519500061846389	0.5095502157571934	0.5098974053659552	1.0	1.0	0.6398385892358057	0.3468338469724597	0.6205729016881216	1.0	1.0	1.0	1.0	1.0	1.0	0.6973656372342564	0.697365637234256	0.472874907343771	0.7096516635440986	1.0	1.0	1.0	1.0	1.0	0.5554828236617482	1.0	1.0	0.7690990303325336	1.0
sh	1.0	1.0	0.0	1.0	0.7234532828151788	0.5255639539921774	1.0	0.49950501099882216	0.5858104530884551	0.6334134137277928	1.0	1.0	1.0	0.3585595222707125	1.0	0.7179915061657696	0.718925811717485	1.0	1.0	1.0	1.0	1.0	1.0	0.6345279152703018	0.7189258117174852	1.0	1.0	1.0	1.0	1.0	0.6351230907290178	0.0	1.0	0.7690990303325336	1.0
si	0.0	1.0	0.0	1.0	1.0	1.0	1.0	1.0	1.0	1.0	1.0	1.0	1.0	1.0	1.0	1.0	1.0	1.0	1.0	1.0	1.0	1.0	1.0	1.0	1.0	1.0	1.0	1.0	1.0	1.0	1.0	0.0	1.0	1.0	1.0
simple	1.0	1.0	0.0	1.0	1.0	0.7128329397683222	1.0	0.6358400943144775	0.7122412578101112	0.7101264857596847	1.0	1.0	1.0	0.3752587714976307	0.5502994416633744	0.7162976956558116	0.718925811717485	1.0	1.0	1.0	1.0	1.0	1.0	1.0	1.0	1.0	1.0	1.0	1.0	1.0	0.718925811717485	0.0	0.7300208629885034	1.0	0.7179915061657696
sr	1.0	1.0	1.0	1.0	1.0	0.5644053808147855	1.0	0.6318190499308988	0.708333613085342	0.6383829424521855	1.0	1.0	0.7210092110599265	0.3725339152553279	0.7111374370280846	1.0	1.0	1.0	1.0	1.0	1.0	1.0	1.0	0.5932464233149597	0.7179915061657698	1.0	1.0	1.0	1.0	1.0	1.0	1.0	1.0	0.7690990303325336	1.0
sv	1.0	0.728099120889861	1.0	1.0	0.5353157264065455	0.35558336660869955	0.7171176902274347	0.3373036975918539	0.46036277666707187	0.5036656802922518	1.0	1.0	0.7106212328351245	0.3506674793066183	0.42913349714230004	0.6268516359385985	0.633191676364495	1.0	1.0	1.0	1.0	0.5473562209312711	0.5436445581459768	0.5207912901833217	0.6432357517002909	0.5554828236617482	0.6351230907290178	1.0	0.718925811717485	1.0	1.0	1.0	1.0	0.7690990303325336	0.6294438355475274
te	0.0	0.0	0.0	0.0	0.0	1.0	0.0	1.0	1.0	1.0	0.0	0.0	0.0	0.0	1.0	1.0	1.0	0.0	0.0	0.0	0.0	0.0	1.0	1.0	1.0	1.0	0.0	0.0	0.0	1.0	1.0	1.0	0.0	0.0	1.0
vi	1.0	1.0	1.0	1.0	1.0	0.5348534820339864	1.0	0.6287420897939836	1.0	1.0	1.0	1.0	1.0	0.37126183832816523	0.7128329397683223	1.0	1.0	1.0	1.0	1.0	1.0	1.0	1.0	0.6398385892358057	1.0	1.0	1.0	1.0	0.7300208629885034	1.0	1.0	0.0	1.0	0.7690990303325336	1.0
war	0.0	1.0	0.0	1.0	1.0	0.7690990303325336	0.7690990303325336	0.7690990303325336	0.7690990303325336	0.7690990303325336	1.0	1.0	0.7690990303325336	0.7690990303325336	0.7690990303325336	0.7690990303325336	0.7690990303325336	0.7690990303325336	1.0	1.0	1.0	0.7690990303325336	0.7690990303325336	0.7690990303325336	0.7690990303325336	0.7690990303325336	0.7690990303325336	1.0	1.0	0.7690990303325336	0.7690990303325336	0.0	0.7690990303325336	1.0	0.7690990303325336
zh	1.0	0.7263875964832448	1.0	1.0	0.7141080454298697	0.4034406256870178	1.0	0.39816059092967043	0.5414537053038794	0.5148517597465935	1.0	1.0	0.6406217872018793	0.3505587085165582	0.5797204875684809	1.0	1.0	1.0	1.0	1.0	1.0	1.0	0.7019395434758634	0.6260089247738756	1.0	1.0	1.0	1.0	0.7179915061657696	1.0	0.6294438355475274	1.0	1.0	0.7690990303325336	1.0
