arz	bs	ceb	ckb	da	de	el	en	es	fr	he	hi	hu	id	it	ja	ko	lv	mk	ml	mr	nl	pl	pt	ro	ru	sh	si	simple	sr	sv	te	vi	war	zh
arz	1.0	0.530938123752495	0.5076923076923077	0.5276872964169381	0.517113783533765	0.5044452347083926	0.5173824130879345	0.5025522970673606	0.5053047638859997	0.5048132460531383	0.5111216280170374	0.5207567218371872	0.5180722891566265	0.5131360409829432	0.5052050138092202	0.508448900616892	0.513233025270764	0.5234782608695653	0.5233785822021116	0.5217391304347826	0.534965034965035	0.5075827917053544	0.5054024255788313	0.506032996798818	0.5216110019646365	0.5062180347391048	0.5192118226600985	0.5328467153284672	0.515970515970516	0.5133410672853828	0.5093457943925234	0.5304347826086956	0.5134615384615385	0.5364583333333334	0.5097706032285472
bs	0.530938123752495	1.0	0.5070422535211268	0.5454545454545455	0.5513219284603421	0.5167044614926465	0.5557743563440525	0.5100154047406505	0.5194695426493707	0.5181573701050928	0.5359477124183006	0.556462035382784	0.5513164256516198	0.5449164115327856	0.5192213339774142	0.5287073315088073	0.5394041409627676	0.5588599752168526	0.5585761408400892	0.553663805503685	0.5413563628716477	0.5275913790120411	0.5200350847041304	0.5226705249718533	0.5487510072522159	0.5229329084515754	0.5649649376159065	0.5434505325582785	0.5478358412579709	0.5435047372000696	0.5331733158908144	0.5423452768729642	0.5436483174527585	0.5382978723404256	0.5347532934545832
ceb	0.5076923076923077	0.5070422535211268	1.0	0.5114155251141552	0.5029644268774703	0.5007186489399927	0.5038674033149171	0.5004026575397624	0.5008421052631579	0.5007788161993769	0.5019493177387914	0.5049875311720698	0.5037837837837837	0.502724795640327	0.500752850075285	0.5014064697609002	0.5022246941045606	0.5050301810865191	0.5059625212947189	0.5074626865671642	0.515	0.5011030570438072	0.5008936550491511	0.500999500249875	0.5041928721174004	0.5010298661174047	0.5031645569620253	0.5161290322580645	0.5030355594102341	0.5024067388688327	0.5013949780789159	0.5076335877862596	0.5023411371237458	0.53	0.5015263846489315
ckb	0.5276872964169381	0.5454545454545455	0.5114155251141552	1.0	0.5339805825242718	0.5088245675961878	0.5364431486880467	0.5051340843385504	0.5104313933582395	0.509451976322322	0.5215377489578509	0.5364025695931478	0.533713200379867	0.5275142314990512	0.510530749789385	0.5161167966795737	0.524134312696747	0.5534290271132376	0.5435684647302904	0.546644844517185	0.5467032967032968	0.5146520146520147	0.5105918322777899	0.5121891760117016	0.5357474466109563	0.5122976263626686	0.5345149253731344	0.5533141210374639	0.5318646734854445	0.5230337078651686	0.5175977030769495	0.5452380952380952	0.5270690728064716	0.5539033457249071	0.519185943908639
da	0.517113783533765	0.5513219284603421	0.5029644268774703	0.5339805825242718	1.0	0.5366994403695442	0.5677231241064962	0.5230334019514341	0.5428977453554766	0.5403414736611474	0.5711450292942237	0.5648959316358857	0.5767754131530729	0.5691169671752195	0.5425444361667687	0.5595188383794308	0.5749793701097701	0.5640636846095527	0.5609134889015367	0.5524438353618122	0.5311149610689607	0.5579205827346612	0.5422355373442207	0.5495767765542316	0.5747057030152974	0.5473879688668983	0.5686787515692865	0.5273052820053715	0.5769857147885349	0.5654778162261239	0.5672040139305196	0.5318606627017842	0.5666826759227911	0.52	0.5675338018847111
de	0.5044452347083926	0.5167044614926465	0.5007186489399927	0.5088245675961878	0.5366994403695442	1.0	0.532895362240021	0.5946167219952176	0.6064342289606762	0.6030997094825113	0.5651129629026654	0.5291046005370786	0.5346354954589672	0.5493989894999348	0.6022045196383973	0.5792562161832792	0.5595109809955785	0.5195117758294654	0.52236046027959	0.5179477291098689	0.5080431324023333	0.5886835453296341	0.6043642407003716	0.5952762399834939	0.5354215881409499	0.5880481196992663	0.5334564452165425	0.507457034287236	0.5395972910474996	0.5538188226608455	0.5761061282994837	0.5104706556934279	0.5490462409013844	0.5040157058718544	0.566256079497901
el	0.5173824130879345	0.5557743563440525	0.5038674033149171	0.5364431486880467	0.5677231241064962	0.532895362240021	1.0	0.5210645544050144	0.5390178862319833	0.5358680356418813	0.5636406375399714	0.5714500929155992	0.5682004315401485	0.5686047843566568	0.5375993986630943	0.5552436490315088	0.5692296326524193	0.5694274463657992	0.5679743417241315	0.5520757370133587	0.535421881568663	0.5501987449535092	0.5387502109711721	0.5442712568493516	0.5767220789689168	0.5425102113097794	0.5677395610835975	0.531219028741328	0.5732184767143084	0.5625223986591219	0.5587948694287532	0.5382727686020246	0.5670856863422178	0.5227995758218451	0.5610968273129141
en	0.5025522970673606	0.5100154047406505	0.5004026575397624	0.5051340843385504	0.5230334019514341	0.5946167219952176	0.5210645544050144	1.0	0.5920283681077187	0.5908537081503021	0.5459358308316776	0.5190466031293695	0.5214752109070205	0.5331720833119962	0.588968998356079	0.5603440286196691	0.5409862413367139	0.5119526708941343	0.5138532735922229	0.5112290891314631	0.5047445139402555	0.5656390441708249	0.5850850789926625	0.580450835712595	0.5220492850006767	0.5744211002803986	0.5217842938260607	0.5043947414165645	0.5269141522293539	0.5373381411971246	0.5543200402315583	0.50622008567596	0.5346537525338763	0.5022565439775348	0.5511455702331797
es	0.5053047638859997	0.5194695426493707	0.5008421052631579	0.5104313933582395	0.5428977453554766	0.6064342289606762	0.5390178862319833	0.5920283681077187	1.0	0.6081095702345505	0.5763400660192277	0.5351700647948621	0.5406580642122041	0.5585606169927564	0.6115212762371482	0.5902485899270669	0.5709058354861744	0.523794445936904	0.5269744540960174	0.5221132594895317	0.5096094234345939	0.5979035238798776	0.6058798287324441	0.6126116507468736	0.5410280483591613	0.5965467518068549	0.5402121635651552	0.5088990066225165	0.5473276223862542	0.5639218521426895	0.5871172222414929	0.5123152709359606	0.5601514222364105	0.5047002297890119	0.5798580860037557
fr	0.5048132460531383	0.5181573701050928	0.5007788161993769	0.509451976322322	0.5403414736611474	0.6030997094825113	0.5358680356418813	0.5908537081503021	0.6081095702345505	1.0	0.5703648132172234	0.5319612001916948	0.5373956208369908	0.5533119813993292	0.603263841538053	0.5839140772606574	0.5656073149985774	0.521790423307927	0.5250867534696102	0.5201202739023622	0.50880729953102	0.592827001024152	0.5983262358570395	0.6007410958352866	0.5388468543495715	0.5886070538249529	0.536779994363263	0.5081536368368454	0.5449240204305851	0.5569926064070153	0.5823271166365265	0.5112167300380228	0.555016314073336	0.504349507055867	0.5721785412622531
he	0.5111216280170374	0.5359477124183006	0.5019493177387914	0.5215377489578509	0.5711450292942237	0.5651129629026654	0.5636406375399714	0.5459358308316776	0.5763400660192277	0.5703648132172234	1.0	0.5583847478278017	0.5647494789204547	0.5782292755616104	0.5742236814527489	0.5869071623139519	0.5926602463394361	0.5450161856192786	0.5494696239806718	0.538031800601633	0.5199472028792234	0.5878557304629927	0.5731671444331237	0.5841585435165308	0.5674116182761545	0.5759092300635285	0.5657837435953592	0.5186915887850467	0.5769987357413956	0.5810951617287314	0.5946927066308871	0.5247026532479414	0.5823322777674886	0.510038240917782	0.589303488513211
hi	0.5207567218371872	0.556462035382784	0.5049875311720698	0.5364025695931478	0.5648959316358857	0.5291046005370786	0.5714500929155992	0.5190466031293695	0.5351700647948621	0.5319612001916948	0.5583847478278017	1.0	0.5654540707580596	0.5702702864964818	0.5332962862665783	0.5501345923810274	0.565698885091183	0.5675258634646965	0.5643144149902755	0.5668015222683169	0.5425984912934234	0.5454621293627477	0.53370721303269	0.5403756327254696	0.5712017297881685	0.5382510957275521	0.5654872845824744	0.5384505691495776	0.5721139487645166	0.5591594335312928	0.5530855430659716	0.5483193277310924	0.5701378442584975	0.5243179122182681	0.5572762513373081
hu	0.5180722891566265	0.5513164256516198	0.5037837837837837	0.533713200379867	0.5767754131530729	0.5346354954589672	0.5682004315401485	0.5214752109070205	0.5406580642122041	0.5373956208369908	0.5647494789204547	0.5654540707580596	1.0	0.5681056789023947	0.5390996979575288	0.5528640510303394	0.567432289761207	0.5631783420133202	0.5622145081927801	0.5518352550224057	0.5346692410460856	0.5533422980734187	0.5411415154296533	0.5465414080758655	0.5745856665271357	0.5450528873055829	0.5672016369576411	0.5295829291949564	0.569507590022004	0.5648079810343215	0.5588665089143477	0.5398148148148149	0.5668447519917754	0.5212435233160622	0.5608057577681692
id	0.5131360409829432	0.5449164115327856	0.502724795640327	0.5275142314990512	0.5691169671752195	0.5493989894999348	0.5686047843566568	0.5331720833119962	0.5585606169927564	0.5533119813993292	0.5782292755616104	0.5702702864964818	0.5681056789023947	1.0	0.556742358353322	0.5704221715140193	0.5805311520127809	0.5532662475749619	0.5551337402087948	0.5489861269162218	0.5264837268666241	0.5716676128723818	0.5552161339687306	0.5662255448060081	0.5708680068072628	0.5624255235658344	0.5708479709461431	0.5243589743589743	0.5730664191966062	0.5767772779836949	0.5778096357417215	0.531385954008701	0.582439961362273	0.5142667551426675	0.5742318444699696
it	0.5052050138092202	0.5192213339774142	0.500752850075285	0.510530749789385	0.5425444361667687	0.6022045196383973	0.5375993986630943	0.588968998356079	0.6115212762371482	0.603263841538053	0.5742236814527489	0.5332962862665783	0.5390996979575288	0.556742358353322	1.0	0.5866599990049043	0.5682580158192726	0.5235210713024958	0.526617573692293	0.5218154929512219	0.5091758185209319	0.5964233876996612	0.6005939322325625	0.6090676388764312	0.5401813232300295	0.59278162811355	0.5395351251493552	0.5083474187548414	0.5466214829227619	0.5613892096136243	0.5838136118726013	0.512041884816754	0.5566486906754955	0.5046948356807511	0.5775323599166635
ja	0.508448900616892	0.5287073315088073	0.5014064697609002	0.5161167966795737	0.5595188383794308	0.5792562161832792	0.5552436490315088	0.5603440286196691	0.5902485899270669	0.5839140772606574	0.5869071623139519	0.5501345923810274	0.5528640510303394	0.5704221715140193	0.5866599990049043	1.0	0.5895782924995974	0.5348121164405361	0.5388360610838024	0.5326118772262444	0.5157259023251278	0.591797076216663	0.5845572199469681	0.5949994059862261	0.5543800249015821	0.5839791869152507	0.5535883115591939	0.5143633152510385	0.5664290298721174	0.5720270009177512	0.5947694454332445	0.5191887316410269	0.5736870375725973	0.5078097882679625	0.5911158282788289
ko	0.513233025270764	0.5394041409627676	0.5022246941045606	0.524134312696747	0.5749793701097701	0.5595109809955785	0.5692296326524193	0.5409862413367139	0.5709058354861744	0.5656073149985774	0.5926602463394361	0.565698885091183	0.567432289761207	0.5805311520127809	0.5682580158192726	0.5895782924995974	1.0	0.5474207213911132	0.5501960079340487	0.5441653897253155	0.5233747279219041	0.5822210448938409	0.5659762751629588	0.5785857848474558	0.572593081309946	0.5732553832325571	0.5706038191584588	0.5212490258209043	0.5836587541176492	0.5833978298947626	0.5904484280721961	0.5266288290820866	0.5874637935492252	0.5119825708061002	0.5898836233712382
lv	0.5234782608695653	0.5588599752168526	0.5050301810865191	0.5534290271132376	0.5640636846095527	0.5195117758294654	0.5694274463657992	0.5119526708941343	0.523794445936904	0.521790423307927	0.5450161856192786	0.5675258634646965	0.5631783420133202	0.5532662475749619	0.5235210713024958	0.5348121164405361	0.5474207213911132	1.0	0.5704513759472347	0.5678271308523409	0.5517531645071707	0.5327273998576458	0.5242885734453341	0.5274489379054177	0.5681629793321131	0.5268357195801795	0.5604194968651666	0.547107438016529	0.5584016783901254	0.5479451399795018	0.5384779346061035	0.5476190476190476	0.5553974269934187	0.5373134328358209	0.5404131670759692
mk	0.5233785822021116	0.5585761408400892	0.5059625212947189	0.5435684647302904	0.5609134889015367	0.52236046027959	0.5679743417241315	0.5138532735922229	0.5269744540960174	0.5250867534696102	0.5494696239806718	0.5643144149902755	0.5622145081927801	0.5551337402087948	0.526617573692293	0.5388360610838024	0.5501960079340487	0.5704513759472347	1.0	0.5553711771428226	0.5379856250526305	0.5359825916147903	0.526537927574774	0.5314458400070984	0.5702991249260646	0.5303296006533976	0.561329133708796	0.5389435562650401	0.5606202473856488	0.5517150434522975	0.5444825770903623	0.5383615084525357	0.5569367530871607	0.5301587301587302	0.5452442717322777
ml	0.5217391304347826	0.553663805503685	0.5074626865671642	0.546644844517185	0.5524438353618122	0.5179477291098689	0.5520757370133587	0.5112290891314631	0.5221132594895317	0.5201202739023622	0.538031800601633	0.5668015222683169	0.5518352550224057	0.5489861269162218	0.5218154929512219	0.5326118772262444	0.5441653897253155	0.5678271308523409	0.5553711771428226	1.0	0.5511349493749147	0.5293602103418055	0.521389247590363	0.5251354275258676	0.5597330107515438	0.5245917889003572	0.5548436118799127	0.5476583567738151	0.5539060556226447	0.5407297850622159	0.5343660273231454	0.5555555555555556	0.54847801578354	0.5402750491159136	0.5368968463427483
mr	0.534965034965035	0.5413563628716477	0.515	0.5467032967032968	0.5311149610689607	0.5080431324023333	0.535421881568663	0.5047445139402555	0.5096094234345939	0.50880729953102	0.5199472028792234	0.5425984912934234	0.5346692410460856	0.5264837268666241	0.5091758185209319	0.5157259023251278	0.5233747279219041	0.5517531645071707	0.5379856250526305	0.5511349493749147	1.0	0.5134721371708512	0.5096458118770258	0.5110084824787603	0.535018991952882	0.5109460571182413	0.5317978109399252	0.5518168194586854	0.5333500873876241	0.5221504897287326	0.5167515946197956	0.5626598465473146	0.52810897927192	0.5622489959839357	0.5191508239865696
nl	0.5075827917053544	0.5275913790120411	0.5011030570438072	0.5146520146520147	0.5579205827346612	0.5886835453296341	0.5501987449535092	0.5656390441708249	0.5979035238798776	0.592827001024152	0.5878557304629927	0.5454621293627477	0.5533422980734187	0.5716676128723818	0.5964233876996612	0.591797076216663	0.5822210448938409	0.5327273998576458	0.5359825916147903	0.5293602103418055	0.5134721371708512	1.0	0.5916065427081001	0.5990560450106834	0.5527098795950842	0.5912124959423594	0.5521500975025531	0.512427124884934	0.5610913906717949	0.5744452128662833	0.5984840422394394	0.5174295240982116	0.5702205370821508	0.5070115300716734	0.5860596643623288
pl	0.5054024255788313	0.5200350847041304	0.5008936550491511	0.5105918322777899	0.5422355373442207	0.6043642407003716	0.5387502109711721	0.5850850789926625	0.6058798287324441	0.5983262358570395	0.5731671444331237	0.53370721303269	0.5411415154296533	0.5552161339687306	0.6005939322325625	0.5845572199469681	0.5659762751629588	0.5242885734453341	0.526537927574774	0.521389247590363	0.5096458118770258	0.5916065427081001	1.0	0.5980901796222905	0.5403193612774451	0.589112484472661	0.5400759156532345	0.5090052130134917	0.5459838141621799	0.5616182562424223	0.5801909808611538	0.512398782228432	0.5558063105599959	0.5048737261852015	0.5743958213536151
pt	0.506032996798818	0.5226705249718533	0.500999500249875	0.5121891760117016	0.5495767765542316	0.5952762399834939	0.5442712568493516	0.580450835712595	0.6126116507468736	0.6007410958352866	0.5841585435165308	0.5403756327254696	0.5465414080758655	0.5662255448060081	0.6090676388764312	0.5949994059862261	0.5785857848474558	0.5274489379054177	0.5314458400070984	0.5251354275258676	0.5110084824787603	0.5990560450106834	0.5980901796222905	1.0	0.5487398637938842	0.5970308841939302	0.5467025478649593	0.5104095159909694	0.5554322610336032	0.5688282912791551	0.5931501665034951	0.5142995637421232	0.5676495967073067	0.5054455445544555	0.5861797582216924
ro	0.5216110019646365	0.5487510072522159	0.5041928721174004	0.5357474466109563	0.5747057030152974	0.5354215881409499	0.5767220789689168	0.5220492850006767	0.5410280483591613	0.5388468543495715	0.5674116182761545	0.5712017297881685	0.5745856665271357	0.5708680068072628	0.5401813232300295	0.5543800249015821	0.572593081309946	0.5681629793321131	0.5702991249260646	0.5597330107515438	0.535018991952882	0.5527098795950842	0.5403193612774451	0.5487398637938842	1.0	0.5466803493022765	0.570245413777349	0.5307473982970672	0.573939235383897	0.5701754385964912	0.5609775953908204	0.536322869955157	0.5712900131446088	0.5211267605633803	0.5618904108740588
ru	0.5062180347391048	0.5229329084515754	0.5010298661174047	0.5122976263626686	0.5473879688668983	0.5880481196992663	0.5425102113097794	0.5744211002803986	0.5965467518068549	0.5886070538249529	0.5759092300635285	0.5382510957275521	0.5450528873055829	0.5624255235658344	0.59278162811355	0.5839791869152507	0.5732553832325571	0.5268357195801795	0.5303296006533976	0.5245917889003572	0.5109460571182413	0.5912124959423594	0.589112484472661	0.5970308841939302	0.5466803493022765	1.0	0.5454208734089002	0.5105937947645318	0.5508066932309115	0.5680694902983761	0.5836275217736198	0.5145921676228485	0.5622053428742625	0.5057383320581484	0.5761667097397999
sh	0.5192118226600985	0.5649649376159065	0.5031645569620253	0.5345149253731344	0.5686787515692865	0.5334564452165425	0.5677395610835975	0.5217842938260607	0.5402121635651552	0.536779994363263	0.5657837435953592	0.5654872845824744	0.5672016369576411	0.5708479709461431	0.5395351251493552	0.5535883115591939	0.5706038191584588	0.5604194968651666	0.561329133708796	0.5548436118799127	0.5317978109399252	0.5521500975025531	0.5400759156532345	0.5467025478649593	0.570245413777349	0.5454208734089002	1.0	0.5322332210342581	0.5725545864848037	0.5956933429996071	0.5603182632380467	0.537680716497022	0.5676368444692313	0.5212981744421906	0.5600029508612739
si	0.5328467153284672	0.5434505325582785	0.5161290322580645	0.5533141210374639	0.5273052820053715	0.507457034287236	0.531219028741328	0.5043947414165645	0.5088990066225165	0.5081536368368454	0.5186915887850467	0.5384505691495776	0.5295829291949564	0.5243589743589743	0.5083474187548414	0.5143633152510385	0.5212490258209043	0.547107438016529	0.5389435562650401	0.5476583567738151	0.5518168194586854	0.512427124884934	0.5090052130134917	0.5104095159909694	0.5307473982970672	0.5105937947645318	0.5322332210342581	1.0	0.5303028526080821	0.5217336526226419	0.5154217136183378	0.5461538461538461	0.5246913431297274	0.5588235294117647	0.5179233643049599
simple	0.515970515970516	0.5478358412579709	0.5030355594102341	0.5318646734854445	0.5769857147885349	0.5395972910474996	0.5732184767143084	0.5269141522293539	0.5473276223862542	0.5449240204305851	0.5769987357413956	0.5721139487645166	0.569507590022004	0.5730664191966062	0.5466214829227619	0.5664290298721174	0.5836587541176492	0.5584016783901254	0.5606202473856488	0.5539060556226447	0.5333500873876241	0.5610913906717949	0.5459838141621799	0.5554322610336032	0.573939235383897	0.5508066932309115	0.5725545864848037	0.5303028526080821	1.0	0.5688072455542126	0.5700910413483422	0.5350141187294083	0.5784774407482333	0.5180520570948783	0.5741618326990896
sr	0.5133410672853828	0.5435047372000696	0.5024067388688327	0.5230337078651686	0.5654778162261239	0.5538188226608455	0.5625223986591219	0.5373381411971246	0.5639218521426895	0.5569926064070153	0.5810951617287314	0.5591594335312928	0.5648079810343215	0.5767772779836949	0.5613892096136243	0.5720270009177512	0.5833978298947626	0.5479451399795018	0.5517150434522975	0.5407297850622159	0.5221504897287326	0.5744452128662833	0.5616182562424223	0.5688282912791551	0.5701754385964912	0.5680694902983761	0.5956933429996071	0.5217336526226419	0.5688072455542126	1.0	0.5781928983705389	0.5272032239676966	0.5719582575536741	0.5126396237507349	0.5768887198958412
sv	0.5093457943925234	0.5331733158908144	0.5013949780789159	0.5175977030769495	0.5672040139305196	0.5761061282994837	0.5587948694287532	0.5543200402315583	0.5871172222414929	0.5823271166365265	0.5946927066308871	0.5530855430659716	0.5588665089143477	0.5778096357417215	0.5838136118726013	0.5947694454332445	0.5904484280721961	0.5384779346061035	0.5444825770903623	0.5343660273231454	0.5167515946197956	0.5984840422394394	0.5801909808611538	0.5931501665034951	0.5609775953908204	0.5836275217736198	0.5603182632380467	0.5154217136183378	0.5700910413483422	0.5781928983705389	1.0	0.5204664580072671	0.5754915825400285	0.5088408644400786	0.5882404306228008
te	0.5304347826086956	0.5423452768729642	0.5076335877862596	0.5452380952380952	0.5318606627017842	0.5104706556934279	0.5382727686020246	0.50622008567596	0.5123152709359606	0.5112167300380228	0.5247026532479414	0.5483193277310924	0.5398148148148149	0.531385954008701	0.512041884816754	0.5191887316410269	0.5266288290820866	0.5476190476190476	0.5383615084525357	0.5555555555555556	0.5626598465473146	0.5174295240982116	0.512398782228432	0.5142995637421232	0.536322869955157	0.5145921676228485	0.537680716497022	0.5461538461538461	0.5350141187294083	0.5272032239676966	0.5204664580072671	1.0	0.5309598003537249	0.5396825396825397	0.5233667597898198
vi	0.5134615384615385	0.5436483174527585	0.5023411371237458	0.5270690728064716	0.5666826759227911	0.5490462409013844	0.5670856863422178	0.5346537525338763	0.5601514222364105	0.555016314073336	0.5823322777674886	0.5701378442584975	0.5668447519917754	0.582439961362273	0.5566486906754955	0.5736870375725973	0.5874637935492252	0.5553974269934187	0.5569367530871607	0.54847801578354	0.52810897927192	0.5702205370821508	0.5558063105599959	0.5676495967073067	0.5712900131446088	0.5622053428742625	0.5676368444692313	0.5246913431297274	0.5784774407482333	0.5719582575536741	0.5754915825400285	0.5309598003537249	1.0	0.5143603133159269	0.5816148179568841
war	0.5364583333333334	0.5382978723404256	0.53	0.5539033457249071	0.52	0.5040157058718544	0.5227995758218451	0.5022565439775348	0.5047002297890119	0.504349507055867	0.510038240917782	0.5243179122182681	0.5212435233160622	0.5142667551426675	0.5046948356807511	0.5078097882679625	0.5119825708061002	0.5373134328358209	0.5301587301587302	0.5402750491159136	0.5622489959839357	0.5070115300716734	0.5048737261852015	0.5054455445544555	0.5211267605633803	0.5057383320581484	0.5212981744421906	0.5588235294117647	0.5180520570948783	0.5126396237507349	0.5088408644400786	0.5396825396825397	0.5143603133159269	1.0	0.5096607986260198
zh	0.5097706032285472	0.5347532934545832	0.5015263846489315	0.519185943908639	0.5675338018847111	0.566256079497901	0.5610968273129141	0.5511455702331797	0.5798580860037557	0.5721785412622531	0.589303488513211	0.5572762513373081	0.5608057577681692	0.5742318444699696	0.5775323599166635	0.5911158282788289	0.5898836233712382	0.5404131670759692	0.5452442717322777	0.5368968463427483	0.5191508239865696	0.5860596643623288	0.5743958213536151	0.5861797582216924	0.5618904108740588	0.5761667097397999	0.5600029508612739	0.5179233643049599	0.5741618326990896	0.5768887198958412	0.5882404306228008	0.5233667597898198	0.5816148179568841	0.5096607986260198	1.0
