arz	bs	ceb	ckb	da	de	el	en	es	fr	he	hi	hu	id	it	ja	ko	lv	mk	ml	mr	nl	pl	pt	ro	ru	sh	si	simple	sr	sv	te	vi	war	zh
arz	1.0	0.2515464329853536	0.8216064286890065	0.6193113617177751	0.2739255004583128	0.2537772005725748	0.2521835729530461	0.2163601113976297	0.25451723715085695	0.2446460934297546	0.23509826409777596	0.29437944874300076	0.3569943499243266	0.3713966164487757	0.23242899000092873	0.2064182376658786	0.21736300017929036	0.5178082994489113	0.24197290833318105	0.4291630095153264	0.3581230980889593	0.2575457388161522	0.2678244466393658	0.2179823079547488	0.26211131606804833	0.20386567664511362	0.28001299543766245	0.4497562219653713	0.2767238146326087	0.2350792397564667	0.20478683474273726	0.5174108300502237	0.2591560924468199	0.6638546162332061	0.21796616787479542
bs	0.2515464329853536	1.0	0.8137822343553779	0.25433455460806853	0.13211973924953835	0.10765321522860108	0.09968221676022322	0.09358647703750256	0.11141492915294046	0.09665638094043401	0.09887427367634724	0.11496917755648312	0.10915341630352371	0.11053868174968398	0.08983045004682616	0.08992184804729406	0.10063918712000028	0.12091104995565613	0.11423973977789216	0.15279347314794792	0.16982855769852848	0.10729897358536514	0.11224315166548807	0.0919825514159723	0.11856922209573181	0.09187742302684705	0.0955239333239106	0.17760514337334324	0.10324426903688667	0.10444065800553658	0.09351149220958369	0.1945117180071358	0.10563037155612949	0.24612125265659698	0.09865966542809788
ceb	0.8216064286890065	0.8137822343553779	1.0	0.7584325078215765	0.6964586824468322	0.5260759383840906	0.6863225612388889	0.4839090784593595	0.5260759383840906	0.5260759383840906	0.5260759383840906	0.5260759383840906	0.6602659532130971	0.5500748754024609	0.5519609117480814	0.5260759383840906	0.5260759383840906	0.8252244849082945	0.6155930808484735	0.5519609117480814	0.5879511749463611	0.5519609117480814	0.5260759383840906	0.5260759383840906	0.5260759383840906	0.48528737413230766	0.6964586824468322	0.8137822343553779	0.6863225612388889	0.5260759383840906	0.5519609117480814	1.0	0.6144677980178022	0.6964586824468322	0.7132613931194554
ckb	0.6193113617177751	0.25433455460806853	0.7584325078215765	1.0	0.25584445562712815	0.211060994695112	0.21866003732760786	0.15334265629675128	0.22693588366262687	0.19549248067921873	0.21071106528023548	0.24502462405191835	0.22615486650747907	0.22785265690905615	0.17048517223743004	0.15020441676294596	0.18789099706992118	0.2565529593745337	0.18058160605834753	0.28698272930421076	0.2590005536982055	0.22318382651400126	0.22784936652908955	0.16765708103921945	0.2690192839894454	0.15107137459534942	0.24147591410715968	0.27566920540741957	0.22322196006784195	0.2381870342301153	0.16030379126237365	0.33416056407942996	0.2020123079591954	0.5264649939491727	0.1712976288670793
da	0.2739255004583128	0.13211973924953835	0.6964586824468322	0.25584445562712815	1.0	0.058950142717045705	0.08530187924973451	0.06024237203584968	0.05969435282137485	0.05645913827794502	0.0633565760323839	0.09736260035867957	0.08580999503026573	0.07453101337254046	0.059693933699712105	0.06679789710999195	0.06696406235129335	0.11806022290147186	0.11518085395651656	0.1215971642137685	0.17055690130987727	0.061679837291660405	0.05966344376847281	0.061888613374725475	0.0832188997917052	0.06670904171112982	0.08715610532218707	0.19773449792032102	0.07590332063827766	0.06943901803047557	0.06570540658539784	0.20644703434717612	0.07180062613067141	0.3018829687347269	0.0705086164972517
de	0.2537772005725748	0.10765321522860108	0.5260759383840906	0.211060994695112	0.058950142717045705	1.0	0.0696427044372773	0.03433211797798084	0.031288915407879564	0.035720042645132684	0.043796897669715666	0.0757942897051759	0.06698404019520382	0.04809605874880856	0.03731731532937437	0.04239072996437285	0.04724222270980304	0.09376310453402917	0.09829322247423909	0.10666816925412127	0.1811430054857543	0.03423318691071821	0.03177637989887722	0.03838749387403499	0.06168771145683515	0.040123528282892014	0.07091492109371794	0.16820741531130523	0.05905435334030013	0.04616377356342147	0.04350965978051643	0.16214020535155305	0.051316914159443824	0.48625989587222057	0.0477086678463389
el	0.2521835729530461	0.09968221676022322	0.6863225612388889	0.21866003732760786	0.08530187924973451	0.0696427044372773	1.0	0.07157973286080224	0.069891329102405	0.06747667294332704	0.07185880820341639	0.07962886815391378	0.08572545673787264	0.08015818704053695	0.0711371769962469	0.0757705768275675	0.07338662369296395	0.0970926722235941	0.09724209222494944	0.11373339880506102	0.16371711808416803	0.07484773354342443	0.07244122467518158	0.07322695094149421	0.08504054698074558	0.07736935406423621	0.08366193008401693	0.16575457609465225	0.07705514323636023	0.08134144912138087	0.07699964576421015	0.17310253508132378	0.07549761833833729	0.3048094683546894	0.0825912133884242
en	0.2163601113976297	0.09358647703750256	0.4839090784593595	0.15334265629675128	0.06024237203584968	0.03433211797798084	0.07157973286080224	1.0	0.0347463501287761	0.04280863195550819	0.0518493827378977	0.07080078013877021	0.0691167640521818	0.05250760539751276	0.045931671312126436	0.05603343170838794	0.05804358665031576	0.08418005966950198	0.08584140094037974	0.08214416631051263	0.13140454633553184	0.03906971857803746	0.03579013591512673	0.04850449440749216	0.06223262285609705	0.051595813994984585	0.06959471726057252	0.14092847745497297	0.063927729180535	0.05314992501935196	0.05720606295084386	0.12225305742148233	0.057983751622515935	0.2611566034096804	0.06291886442062314
es	0.25451723715085695	0.11141492915294046	0.5260759383840906	0.22693588366262687	0.05969435282137485	0.031288915407879564	0.069891329102405	0.0347463501287761	1.0	0.03623057524880756	0.042624888832974585	0.07504583841543945	0.06670437285609919	0.048122845567381244	0.03712580948156965	0.04216689428170416	0.04743140450409278	0.09084170562251123	0.09552101751588428	0.09760688111487961	0.17488660436138548	0.03422969531671283	0.03202559754405567	0.03790032835252608	0.062067617520374346	0.040045362398429166	0.06685163504109655	0.1572911061346404	0.057760953179306206	0.04747045428407318	0.043795797267505564	0.1596288919619722	0.04972272837464165	0.32717340832848074	0.04551704250484776
fr	0.2446460934297546	0.09665638094043401	0.5260759383840906	0.19549248067921873	0.05645913827794502	0.035720042645132684	0.06747667294332704	0.04280863195550819	0.03623057524880756	1.0	0.05006823496215207	0.06745730884069796	0.06459319971499218	0.050734758553928616	0.04751945741791061	0.05490608917398095	0.05436893397543645	0.08689458093689194	0.08253926510604377	0.08407588038910022	0.1698269555869983	0.03909141333158382	0.03719694258488195	0.04923228298467389	0.05799923111400873	0.05278062613241435	0.064499234410799	0.1455469257544152	0.05982017380051213	0.05126667127493547	0.05526480309886695	0.1415410971274781	0.054725986966382	0.37395866466085226	0.06014557556114137
he	0.23509826409777596	0.09887427367634724	0.5260759383840906	0.21071106528023548	0.0633565760323839	0.043796897669715666	0.07185880820341639	0.0518493827378977	0.042624888832974585	0.05006823496215207	1.0	0.07374042691579498	0.070844448546035	0.05825303650924366	0.05405071782527726	0.057799968444153145	0.05566524766941472	0.09123801580978742	0.09067093088240853	0.09648559744115123	0.1747799112882524	0.04568479527940507	0.04427930009996233	0.05385838425142226	0.06712714740616377	0.05683859716496546	0.06852414940694725	0.15966217226921178	0.06310561864445866	0.055152628441415066	0.05651821936797177	0.15932180195835668	0.05896801782532565	0.3243785963722404	0.06098198023370189
hi	0.29437944874300076	0.11496917755648312	0.5260759383840906	0.24502462405191835	0.09736260035867957	0.0757942897051759	0.07962886815391378	0.07080078013877021	0.07504583841543945	0.06745730884069796	0.07374042691579498	1.0	0.09150616157983318	0.07705289083261291	0.07033670904862574	0.07842916754403922	0.07294323736642784	0.11176721235548819	0.1006813974876692	0.10363225568419485	0.15271673470753008	0.07688805179537427	0.07785547481458845	0.07259426895946906	0.0878324094363615	0.07670008611969115	0.09275609837270633	0.14313300207110594	0.08130571035903847	0.07959242172215744	0.07591255285632088	0.14797000036840638	0.07680240524083956	0.23785977042246614	0.08425897399709976
hu	0.3569943499243266	0.10915341630352371	0.6602659532130971	0.22615486650747907	0.08580999503026573	0.06698404019520382	0.08572545673787264	0.0691167640521818	0.06670437285609919	0.06459319971499218	0.070844448546035	0.09150616157983318	1.0	0.08032048490259573	0.0702937155056217	0.07685632767980821	0.07194544690528841	0.10195533527309081	0.0984454308432679	0.12652732860580215	0.14924141256262846	0.06919664142178386	0.07129976678270165	0.07030550188464203	0.08350744284587916	0.07337236166891312	0.0844543828402417	0.19225856481676293	0.0797212064563494	0.0768877811170171	0.07443810094464086	0.16539754736664586	0.07908001326778814	0.3760830891666494	0.08290809619951607
id	0.3713966164487757	0.11053868174968398	0.5500748754024609	0.22785265690905615	0.07453101337254046	0.04809605874880856	0.08015818704053695	0.05250760539751276	0.048122845567381244	0.050734758553928616	0.05825303650924366	0.07705289083261291	0.08032048490259573	1.0	0.05543430830691215	0.06139070784621624	0.06397364778428172	0.10245578074693722	0.098974792093208	0.10796805557723778	0.1806687372056315	0.051477075705697754	0.050893279148005906	0.055152525520918136	0.07796276668265291	0.05782383466945004	0.08131708384957134	0.17342507016347364	0.07330030135629123	0.06509676305447704	0.060309455152131444	0.19242072982022865	0.06538908942542457	0.4255123577920441	0.06781222882307548
it	0.23242899000092873	0.08983045004682616	0.5519609117480814	0.17048517223743004	0.059693933699712105	0.03731731532937437	0.0711371769962469	0.045931671312126436	0.03712580948156965	0.04751945741791061	0.05405071782527726	0.07033670904862574	0.0702937155056217	0.05543430830691215	1.0	0.05952557471518068	0.05910805730116929	0.0822212510589971	0.08047425394776332	0.08728803841721783	0.1303713379088983	0.04076061322492153	0.03882816580778909	0.05195399361267022	0.06279463965464696	0.05661516868063075	0.06720309301887448	0.13920246105374137	0.06503981609291178	0.055220006732510075	0.059948989841245456	0.12828514895859505	0.059674387856163365	0.2781535282766465	0.0655936707579157
ja	0.2064182376658786	0.08992184804729406	0.5260759383840906	0.15020441676294596	0.06679789710999195	0.04239072996437285	0.0757705768275675	0.05603343170838794	0.04216689428170416	0.05490608917398095	0.057799968444153145	0.07842916754403922	0.07685632767980821	0.06139070784621624	0.05952557471518068	1.0	0.06308710046329312	0.08598671654820907	0.08931710816962862	0.089506590898582	0.1302800613546597	0.04606344198032956	0.04478364297354534	0.0603246883041395	0.07054248975884249	0.0655906927370777	0.0734254356250697	0.1345888208295199	0.06833699611587447	0.06067962689192887	0.06587488128704806	0.12135791491725867	0.06290285911096168	0.3578773713135599	0.07295592470590616
ko	0.21736300017929036	0.10063918712000028	0.5260759383840906	0.18789099706992118	0.06696406235129335	0.04724222270980304	0.07338662369296395	0.05804358665031576	0.04743140450409278	0.05436893397543645	0.05566524766941472	0.07294323736642784	0.07194544690528841	0.06397364778428172	0.05910805730116929	0.06308710046329312	1.0	0.09707664416393379	0.08864144981353352	0.09595607492684391	0.15417339676512176	0.0520084279233193	0.04881125731254218	0.060003054060603196	0.06837706743417027	0.06311563439815832	0.06874486940711337	0.16278471439902437	0.0633574063081835	0.058827970632562766	0.06307555590155507	0.14973645308312628	0.06055392314970364	0.3681833947713701	0.06693771118378374
lv	0.5178082994489113	0.12091104995565613	0.8252244849082945	0.2565529593745337	0.11806022290147186	0.09376310453402917	0.0970926722235941	0.08418005966950198	0.09084170562251123	0.08689458093689194	0.09123801580978742	0.11176721235548819	0.10195533527309081	0.10245578074693722	0.0822212510589971	0.08598671654820907	0.09707664416393379	1.0	0.11525609941251955	0.13596382881000124	0.16955992999101085	0.09757907648288919	0.09847695255507227	0.08472175877399868	0.10220855986013404	0.09153486805838239	0.10548846033311411	0.18487931906978222	0.1049108822084992	0.10575519029606659	0.08653198684849356	0.21179845107378845	0.0929810962571107	0.2609928452236606	0.09823198838714105
mk	0.24197290833318105	0.11423973977789216	0.6155930808484735	0.18058160605834753	0.11518085395651656	0.09829322247423909	0.09724209222494944	0.08584140094037974	0.09552101751588428	0.08253926510604377	0.09067093088240853	0.1006813974876692	0.0984454308432679	0.098974792093208	0.08047425394776332	0.08931710816962862	0.08864144981353352	0.11525609941251955	1.0	0.1206035922934737	0.19480626323290354	0.09765406354485248	0.09556069437332507	0.08371957599326785	0.10123515391783651	0.09115996386031616	0.09913106932261175	0.19795420081118287	0.09370281381312574	0.10191614739845958	0.08857380661123014	0.2099857993296463	0.08935196546191741	0.3395508714784997	0.096530886629769
ml	0.4291630095153264	0.15279347314794792	0.5519609117480814	0.28698272930421076	0.1215971642137685	0.10666816925412127	0.11373339880506102	0.08214416631051263	0.09760688111487961	0.08407588038910022	0.09648559744115123	0.10363225568419485	0.12652732860580215	0.10796805557723778	0.08728803841721783	0.089506590898582	0.09595607492684391	0.13596382881000124	0.1206035922934737	1.0	0.1886816585276118	0.10018570413542434	0.10024016512841924	0.08710854352667899	0.11513875229405582	0.09140748227785739	0.11421345806355127	0.18620050163465984	0.10682749052639026	0.11152452122946338	0.0906008875483296	0.14880372309032372	0.09210784793921509	0.39534886633339344	0.09911028729385322
mr	0.3581230980889593	0.16982855769852848	0.5879511749463611	0.2590005536982055	0.17055690130987727	0.1811430054857543	0.16371711808416803	0.13140454633553184	0.17488660436138548	0.1698269555869983	0.1747799112882524	0.15271673470753008	0.14924141256262846	0.1806687372056315	0.1303713379088983	0.1302800613546597	0.15417339676512176	0.16955992999101085	0.19480626323290354	0.1886816585276118	1.0	0.17525757754147683	0.15762422264781698	0.14993789764633844	0.17074284866194245	0.1493126493087067	0.15882723081362488	0.23291946792665388	0.15362035386852216	0.16384277314222565	0.13573347135352035	0.2441831688673087	0.15565545204503936	0.3026699732376323	0.1423569909005667
nl	0.2575457388161522	0.10729897358536514	0.5519609117480814	0.22318382651400126	0.061679837291660405	0.03423318691071821	0.07484773354342443	0.03906971857803746	0.03422969531671283	0.03909141333158382	0.04568479527940507	0.07688805179537427	0.06919664142178386	0.051477075705697754	0.04076061322492153	0.04606344198032956	0.0520084279233193	0.09757907648288919	0.09765406354485248	0.10018570413542434	0.17525757754147683	1.0	0.03556923767326038	0.04221732815922221	0.0641205002785417	0.04274875796671928	0.0742217814757136	0.16777702942393866	0.06490331358116616	0.05034022769506384	0.04665818322760864	0.15869889155514239	0.05522707189373397	0.47695758952248923	0.048827342012818645
pl	0.2678244466393658	0.11224315166548807	0.5260759383840906	0.22784936652908955	0.05966344376847281	0.03177637989887722	0.07244122467518158	0.03579013591512673	0.03202559754405567	0.03719694258488195	0.04427930009996233	0.07785547481458845	0.07129976678270165	0.050893279148005906	0.03882816580778909	0.04478364297354534	0.04881125731254218	0.09847695255507227	0.09556069437332507	0.10024016512841924	0.15762422264781698	0.03556923767326038	1.0	0.03991110707081341	0.06410346569813567	0.041319129295253075	0.06971454424876702	0.15884300138686158	0.06201659809499812	0.04895792693651009	0.045061227308911544	0.16217865115888044	0.05206537448088941	0.5030101873954974	0.04953015075977579
pt	0.2179823079547488	0.0919825514159723	0.5260759383840906	0.16765708103921945	0.061888613374725475	0.03838749387403499	0.07322695094149421	0.04850449440749216	0.03790032835252608	0.04923228298467389	0.05385838425142226	0.07259426895946906	0.07030550188464203	0.055152525520918136	0.05195399361267022	0.0603246883041395	0.060003054060603196	0.08472175877399868	0.08371957599326785	0.08710854352667899	0.14993789764633844	0.04221732815922221	0.03991110707081341	1.0	0.0629646455931316	0.05785422390765791	0.06863487044997281	0.13033920848864766	0.06568672029134524	0.05542026757001439	0.0605953375790378	0.13461682242282333	0.058511469103021845	0.3222852800331906	0.06723303585005881
ro	0.26211131606804833	0.11856922209573181	0.5260759383840906	0.2690192839894454	0.0832188997917052	0.06168771145683515	0.08504054698074558	0.06223262285609705	0.062067617520374346	0.05799923111400873	0.06712714740616377	0.0878324094363615	0.08350744284587916	0.07796276668265291	0.06279463965464696	0.07054248975884249	0.06837706743417027	0.10220855986013404	0.10123515391783651	0.11513875229405582	0.17074284866194245	0.0641205002785417	0.06410346569813567	0.0629646455931316	1.0	0.06606521286452137	0.0811632925537739	0.19006250612917844	0.07446275460826593	0.06793164732848173	0.06681409234875318	0.19914937108226544	0.072359927685167	0.4258880370146529	0.07598357068249362
ru	0.20386567664511362	0.09187742302684705	0.48528737413230766	0.15107137459534942	0.06670904171112982	0.040123528282892014	0.07736935406423621	0.051595813994984585	0.040045362398429166	0.05278062613241435	0.05683859716496546	0.07670008611969115	0.07337236166891312	0.05782383466945004	0.05661516868063075	0.0655906927370777	0.06311563439815832	0.09153486805838239	0.09115996386031616	0.09140748227785739	0.1493126493087067	0.04274875796671928	0.041319129295253075	0.05785422390765791	0.06606521286452137	1.0	0.07526845733088654	0.14398304984974947	0.06752724728059188	0.05732870610247848	0.06566873998024174	0.13325346955875844	0.06306631540026547	0.2912250020310728	0.07345446917556107
sh	0.28001299543766245	0.0955239333239106	0.6964586824468322	0.24147591410715968	0.08715610532218707	0.07091492109371794	0.08366193008401693	0.06959471726057252	0.06685163504109655	0.064499234410799	0.06852414940694725	0.09275609837270633	0.0844543828402417	0.08131708384957134	0.06720309301887448	0.0734254356250697	0.06874486940711337	0.10548846033311411	0.09913106932261175	0.11421345806355127	0.15882723081362488	0.0742217814757136	0.06971454424876702	0.06863487044997281	0.0811632925537739	0.07526845733088654	1.0	0.17153561114351612	0.07815297530103242	0.06073750636183344	0.07346557882533607	0.17628203368539935	0.0755079610465841	0.3090001535365659	0.08303516613948389
si	0.4497562219653713	0.17760514337334324	0.8137822343553779	0.27566920540741957	0.19773449792032102	0.16820741531130523	0.16575457609465225	0.14092847745497297	0.1572911061346404	0.1455469257544152	0.15966217226921178	0.14313300207110594	0.19225856481676293	0.17342507016347364	0.13920246105374137	0.1345888208295199	0.16278471439902437	0.18487931906978222	0.19795420081118287	0.18620050163465984	0.23291946792665388	0.16777702942393866	0.15884300138686158	0.13033920848864766	0.19006250612917844	0.14398304984974947	0.17153561114351612	1.0	0.17336660718696822	0.15247892671890403	0.15769883209839392	0.2625726352928618	0.14951876247801962	0.3777882248666027	0.14341286430468803
simple	0.2767238146326087	0.10324426903688667	0.6863225612388889	0.22322196006784195	0.07590332063827766	0.05905435334030013	0.07705514323636023	0.063927729180535	0.057760953179306206	0.05982017380051213	0.06310561864445866	0.08130571035903847	0.0797212064563494	0.07330030135629123	0.06503981609291178	0.06833699611587447	0.0633574063081835	0.1049108822084992	0.09370281381312574	0.10682749052639026	0.15362035386852216	0.06490331358116616	0.06201659809499812	0.06568672029134524	0.07446275460826593	0.06752724728059188	0.07815297530103242	0.17336660718696822	1.0	0.06911698062411595	0.06737735500465501	0.16695330539534697	0.06679348645351985	0.3545227702554004	0.07119359516214002
sr	0.2350792397564667	0.10444065800553658	0.5260759383840906	0.2381870342301153	0.06943901803047557	0.04616377356342147	0.08134144912138087	0.05314992501935196	0.04747045428407318	0.05126667127493547	0.055152628441415066	0.07959242172215744	0.0768877811170171	0.06509676305447704	0.055220006732510075	0.06067962689192887	0.058827970632562766	0.10575519029606659	0.10191614739845958	0.11152452122946338	0.16384277314222565	0.05034022769506384	0.04895792693651009	0.05542026757001439	0.06793164732848173	0.05732870610247848	0.06073750636183344	0.15247892671890403	0.06911698062411595	1.0	0.05938865766182454	0.1667701803377574	0.0640682632125573	0.3301200795439391	0.06506856651944545
sv	0.20478683474273726	0.09351149220958369	0.5519609117480814	0.16030379126237365	0.06570540658539784	0.04350965978051643	0.07699964576421015	0.05720606295084386	0.043795797267505564	0.05526480309886695	0.05651821936797177	0.07591255285632088	0.07443810094464086	0.060309455152131444	0.059948989841245456	0.06587488128704806	0.06307555590155507	0.08653198684849356	0.08857380661123014	0.0906008875483296	0.13573347135352035	0.04665818322760864	0.045061227308911544	0.0605953375790378	0.06681409234875318	0.06566873998024174	0.07346557882533607	0.15769883209839392	0.06737735500465501	0.05938865766182454	1.0	0.13655489434819446	0.06375935455643224	0.23012066394246875	0.07296162557387355
te	0.5174108300502237	0.1945117180071358	1.0	0.33416056407942996	0.20644703434717612	0.16214020535155305	0.17310253508132378	0.12225305742148233	0.1596288919619722	0.1415410971274781	0.15932180195835668	0.14797000036840638	0.16539754736664586	0.19242072982022865	0.12828514895859505	0.12135791491725867	0.14973645308312628	0.21179845107378845	0.2099857993296463	0.14880372309032372	0.2441831688673087	0.15869889155514239	0.16217865115888044	0.13461682242282333	0.19914937108226544	0.13325346955875844	0.17628203368539935	0.2625726352928618	0.16695330539534697	0.1667701803377574	0.13655489434819446	1.0	0.14579832599648027	0.6207536136439425	0.1356099814266317
vi	0.2591560924468199	0.10563037155612949	0.6144677980178022	0.2020123079591954	0.07180062613067141	0.051316914159443824	0.07549761833833729	0.057983751622515935	0.04972272837464165	0.054725986966382	0.05896801782532565	0.07680240524083956	0.07908001326778814	0.06538908942542457	0.059674387856163365	0.06290285911096168	0.06055392314970364	0.0929810962571107	0.08935196546191741	0.09210784793921509	0.15565545204503936	0.05522707189373397	0.05206537448088941	0.058511469103021845	0.072359927685167	0.06306631540026547	0.0755079610465841	0.14951876247801962	0.06679348645351985	0.0640682632125573	0.06375935455643224	0.14579832599648027	1.0	0.3128388483440047	0.06593090009361559
war	0.6638546162332061	0.24612125265659698	0.6964586824468322	0.5264649939491727	0.3018829687347269	0.48625989587222057	0.3048094683546894	0.2611566034096804	0.32717340832848074	0.37395866466085226	0.3243785963722404	0.23785977042246614	0.3760830891666494	0.4255123577920441	0.2781535282766465	0.3578773713135599	0.3681833947713701	0.2609928452236606	0.3395508714784997	0.39534886633339344	0.3026699732376323	0.47695758952248923	0.5030101873954974	0.3222852800331906	0.4258880370146529	0.2912250020310728	0.3090001535365659	0.3777882248666027	0.3545227702554004	0.3301200795439391	0.23012066394246875	0.6207536136439425	0.3128388483440047	1.0	0.1885079999475876
zh	0.21796616787479542	0.09865966542809788	0.7132613931194554	0.1712976288670793	0.0705086164972517	0.0477086678463389	0.0825912133884242	0.06291886442062314	0.04551704250484776	0.06014557556114137	0.06098198023370189	0.08425897399709976	0.08290809619951607	0.06781222882307548	0.0655936707579157	0.07295592470590616	0.06693771118378374	0.09823198838714105	0.096530886629769	0.09911028729385322	0.1423569909005667	0.048827342012818645	0.04953015075977579	0.06723303585005881	0.07598357068249362	0.07345446917556107	0.08303516613948389	0.14341286430468803	0.07119359516214002	0.06506856651944545	0.07296162557387355	0.1356099814266317	0.06593090009361559	0.1885079999475876	1.0
