arz	bs	ceb	ckb	da	de	el	en	es	fr	he	hi	hu	id	it	ja	ko	lv	mk	ml	mr	nl	pl	pt	ro	ru	sh	si	simple	sr	sv	te	vi	war	zh
arz	1.0	0.0	0.0	0.0	0.0	0.0	0.0	0.0	0.0	0.0	0.0	0.0005970149253731343	0.0	0.00043782837127845885	0.0	3.618992472495657e-05	0.00015076134479119553	0.0	0.0	0.0	0.0	0.0	0.0	0.0	0.0	1.752879103928202e-05	0.0	0.0	0.0	0.0	0.0	0.0	0.0	0.0	0.0
bs	0.0	1.0	0.0	0.0	0.0	4.437935472418231e-05	0.0010145417653026716	1.751399368095108e-05	0.00012413108242303873	9.882399446585631e-05	0.0	0.0012809564474807857	0.0014771048744460858	0.0006775067750677507	6.756186132927963e-05	0.00035345680757811396	0.0001369487811558477	0.0	0.0004784688995215311	0.002073255010366275	0.0009737098344693282	0.00012448649321548613	6.674676278200507e-05	0.00012751849018107625	0.0	0.00010396271204061476	0.0010284538909838875	0.0011235955056179776	0.0002767783005812344	0.0006697923643670462	0.00029469548133595285	0.0	0.0017985611510791368	0.0	0.00034928396786587494
ceb	0.0	0.0	1.0	0.0	0.0	0.0	0.0	0.0	0.0	0.0	0.0	0.0	0.0	0.0	0.0	0.0	0.0	0.0	0.0	0.0	0.0	0.0	0.0	0.0	0.0	0.0	0.0	0.0	0.0	0.0	0.0	0.0	0.0	0.0	0.0
ckb	0.0	0.0	0.0	1.0	0.0	0.0	0.0	0.0	6.477522995206633e-05	0.0	0.0	0.0	0.0	0.0	0.0	3.619778469557663e-05	0.0	0.0	0.0	0.0	0.0	0.0	0.0	0.0	0.0	1.753063478428554e-05	0.0	0.0	0.0	0.0	5.0787201625190454e-05	0.0	0.0	0.0	7.152308407538533e-05
da	0.0	0.0	0.0	0.0	1.0	0.00017441353449027645	0.0014885382554331646	4.5473307168691974e-05	0.00030279173984133713	0.00021571588257211774	0.0002803476310625175	0.000363901018922853	0.00032102728731942215	0.0	0.00015099657741091203	0.00013936311058462825	0.0007791195948578107	0.0	0.002008032128514056	0.0010799136069114472	0.0013986013986013986	0.0002370791844476055	0.0003900916715428126	0.00027397837678349386	0.0012536564981195152	0.0001204487576570996	0.0003009328919650918	0.0	0.00124595066035385	0.0004095004095004095	0.0005298906498386242	0.0	0.0006176652254478073	0.0	0.0006201336732584579
de	0.0	4.437935472418231e-05	0.0	0.0	0.00017441353449027645	1.0	0.0001246416552411816	0.0006266093580191311	0.0007258259630635232	0.0008932559178204555	0.0005030542579949694	0.00012790995139421848	0.0001259392972587213	0.0002909514111143439	0.0011342390626947526	0.0010737221693239603	0.0004224905819807767	0.0	0.0002155358220536253	0.000177320684457842	0.0	0.0004462293618920125	0.0006653544398547309	0.001013200980896022	8.657259111765215e-05	0.0009650180940892642	0.0001248491406217487	9.090495886550612e-05	0.00024271844660194174	0.0002344849148038143	0.000868683943825105	4.55767740759309e-05	0.00035212645252161666	0.0	0.001167142914637582
el	0.0	0.0010145417653026716	0.0	0.0	0.0014885382554331646	0.0001246416552411816	1.0	9.059138754647164e-05	0.0003967129498441485	0.00040293953988142066	0.0013318803729265045	0.0015475883415011606	0.0016497761018147536	0.00022266755733689602	0.00042818794156881474	0.0007042489687782957	0.001245753114382786	0.0007246376811594203	0.0005514199062586159	0.0013404825737265416	0.00156128024980484	0.0002089864158829676	0.00030273674013078225	0.0003087626850003088	0.0011344299489506524	0.0003882905088293885	0.000898069151324652	0.0	0.002529675034053318	0.00033233632436025255	0.0007767167725133641	0.0008453085376162299	0.0015037593984962407	0.0	0.0007959143065596604
en	0.0	1.751399368095108e-05	0.0	0.0	4.5473307168691974e-05	0.0006266093580191311	9.059138754647164e-05	1.0	0.0005566369793611008	0.001304479210610562	0.00019604875766997772	6.983386523460687e-05	9.06697354884832e-05	6.96856827280551e-05	0.0018327739676054283	0.0009966032173300006	0.00027807244302089664	1.752614901432938e-05	3.4946706272933774e-05	2.4517358289669085e-05	1.753819819567017e-05	0.000308205456606384	0.00044828347573582053	0.0014850167555862037	3.4958801052959086e-05	0.0016205840549767755	0.0001045445516606902	3.5092767731498214e-06	7.99555030244038e-05	0.00011437761248864889	0.0005916090121772855	7.020080941533256e-06	0.00011785462978047842	0.0	0.0009955249393402007
es	0.0	0.00012413108242303873	0.0	6.477522995206633e-05	0.00030279173984133713	0.0007258259630635232	0.0003967129498441485	0.0005566369793611008	1.0	0.00095048290663805	0.0008408857329720639	0.00029356505401596995	0.00017240388483420494	0.00039684789387153466	0.0012735919357242539	0.0012342516476095107	0.0010012287807764073	0.00018852510525985044	0.00011918240867647935	0.00012391573729863693	0.0	0.0003961790729409693	0.0005394652550659159	0.0013459386706017806	0.00011988970147464332	0.0011060264616830958	0.00028397796331004716	0.0	0.0003278688524590164	0.0006262394322095815	0.0015426808364758314	0.0	0.0005748027381512254	0.0	0.001317157712305026
fr	0.0	9.882399446585631e-05	0.0	0.0	0.00021571588257211774	0.0008932559178204555	0.00040293953988142066	0.001304479210610562	0.00095048290663805	1.0	0.0005010557961418703	0.0002717971616610689	0.00019275250578257516	0.00023023791250959325	0.0022655397532873444	0.0018879147593555228	0.0007087046650484577	0.00015874905742747152	0.00021460064770377306	5.925925925925926e-05	1.9918334827208444e-05	0.0005771349621364487	0.0008267298933050478	0.002353921466513905	0.0002932264685758968	0.002099875319902881	0.0002111851325666673	3.994647172788463e-05	0.00034107704551483687	0.0002796159940348588	0.0016852233281000187	0.0	0.00018648366403103088	0.0	0.001892598267049478
he	0.0	0.0	0.0	0.0	0.0002803476310625175	0.0005030542579949694	0.0013318803729265045	0.00019604875766997772	0.0008408857329720639	0.0005010557961418703	1.0	0.0005228074761469089	0.00024937655860349125	0.0006054001695120475	0.0005893208852220034	0.001072194424588992	0.0012701436850043662	0.000765814060346148	0.0008113590263691683	0.0	0.0006315124723713293	0.0009000900090009	0.00039438008380576783	0.0009556940250009557	0.0008223684210526315	0.0007780247697681804	0.0018259281801582471	0.0	0.0008972633467922835	0.0011246293834986198	0.0015603058199407083	0.0	0.0006147540983606558	0.0	0.0013272378705205723
hi	0.0005970149253731343	0.0012809564474807857	0.0	0.0	0.000363901018922853	0.00012790995139421848	0.0015475883415011606	6.983386523460687e-05	0.00029356505401596995	0.0002717971616610689	0.0005228074761469089	1.0	0.001101624896722666	0.0015499870834409714	9.979044007584074e-05	0.00044502259345474465	0.0008516851198442633	0.00046598322460391424	0.0019946808510638296	0.0012658227848101266	0.0005128205128205128	0.0004467776164414163	0.00012575452716297788	0.0003127215110703415	0.0010302197802197802	0.00037529853292391673	0.0018248175182481751	0.0005515719801434088	0.0013242109909512249	0.0	0.0007050860204945004	0.0	0.0013030528667163069	0.0	0.0008802518874631818
hu	0.0	0.0014771048744460858	0.0	0.0	0.00032102728731942215	0.0001259392972587213	0.0016497761018147536	9.06697354884832e-05	0.00017240388483420494	0.00019275250578257516	0.00024937655860349125	0.001101624896722666	1.0	0.0007073803348266918	0.000347233704818281	0.00040567951318458417	0.001165093790050099	0.0003979307600477517	0.0017777777777777779	0.0003650967506389193	0.0012958963282937365	0.000643915003219575	0.00012291807510294387	0.0004552414849149526	0.0018315018315018315	0.0004577667763046353	0.0007130972189208462	0.0	0.0004079967360261118	0.0006934812760055479	0.0010631904960014791	0.0	0.0010452961672473868	0.0	0.0006017651778550414
id	0.00043782837127845885	0.0006775067750677507	0.0	0.0	0.0	0.0002909514111143439	0.00022266755733689602	6.96856827280551e-05	0.00039684789387153466	0.00023023791250959325	0.0006054001695120475	0.0015499870834409714	0.0007073803348266918	1.0	0.00023053995751477925	0.0006372631225893007	0.0011331444759206798	0.0003629764065335753	0.0013819789939192924	0.0003354579000335458	0.0	0.0007322941730306517	0.0001816860465116279	0.0003293943261827315	0.0005678591709256105	0.0004727892879455617	0.001349527665317139	0.0	0.0007779074290159471	0.00033266799733865603	0.0006397367940047524	0.0	0.0006684491978609625	0.0	0.0005305743467303355
it	0.0	6.756186132927963e-05	0.0	0.0	0.00015099657741091203	0.0011342390626947526	0.00042818794156881474	0.0018327739676054283	0.0012735919357242539	0.0022655397532873444	0.0005893208852220034	9.979044007584074e-05	0.000347233704818281	0.00023053995751477925	1.0	0.0022352352235817316	0.0010457998831164836	0.00011863602467629313	0.0002839912463874643	8.44138303619665e-05	1.7002754446220287e-05	0.000684140111894916	0.000990398635450769	0.002581879034185991	0.00018404497389907642	0.0023343197063443164	0.00026363052182366414	3.408548639989093e-05	0.00045622667948446387	0.00040164513848724376	0.001974384286978038	0.0	0.0004661330247211239	0.0	0.0021799881724045966
ja	3.618992472495657e-05	0.00035345680757811396	0.0	3.619778469557663e-05	0.00013936311058462825	0.0010737221693239603	0.0007042489687782957	0.0009966032173300006	0.0012342516476095107	0.0018879147593555228	0.001072194424588992	0.00044502259345474465	0.00040567951318458417	0.0006372631225893007	0.0022352352235817316	1.0	0.0016702807243743772	0.00014234875444839857	0.0006216972334473111	0.00049442011583557	0.00017919220155538832	0.0012331163430931147	0.001243691851426658	0.002494779944138623	0.0005198045534878886	0.002155963846144734	0.0007051949360287451	7.202275919190464e-05	0.0008862047461187514	0.0006061959608205979	0.002716583895751093	3.60893572485474e-05	0.0009902571474205398	0.0	0.00321636370207076
ko	0.00015076134479119553	0.0001369487811558477	0.0	0.0	0.0007791195948578107	0.0004224905819807767	0.001245753114382786	0.00027807244302089664	0.0010012287807764073	0.0007087046650484577	0.0012701436850043662	0.0008516851198442633	0.001165093790050099	0.0011331444759206798	0.0010457998831164836	0.0016702807243743772	1.0	0.00014076576576576576	0.0008788449466415569	0.0005459260270233384	0.0004344048653344917	0.0006472026463397094	0.00047952431188261245	0.001248274166398729	0.0006354855109303507	0.0007237939390124933	0.0011375270162666364	0.0001476886722788362	0.0010542962572482868	0.0013527877089573872	0.0019468621163536417	0.00014903129657228018	0.0010652721286073987	0.0	0.0018573874684389238
lv	0.0	0.0	0.0	0.0	0.0	0.0	0.0007246376811594203	1.752614901432938e-05	0.00018852510525985044	0.00015874905742747152	0.000765814060346148	0.00046598322460391424	0.0003979307600477517	0.0003629764065335753	0.00011863602467629313	0.00014234875444839857	0.00014076576576576576	1.0	0.0026483050847457626	0.0	0.0012062726176115801	0.00012763241863433312	0.0002029495332160736	6.402458544080927e-05	0.0011160714285714285	8.693233187287016e-05	0.0007352941176470588	0.0	0.0005858230814294083	0.00023348120476301658	0.0002479789713832267	0.0	0.0007050528789659225	0.0	0.00010548894124265973
mk	0.0	0.0004784688995215311	0.0	0.0	0.002008032128514056	0.0002155358220536253	0.0005514199062586159	3.4946706272933774e-05	0.00011918240867647935	0.00021460064770377306	0.0008113590263691683	0.0019946808510638296	0.0017777777777777779	0.0013819789939192924	0.0002839912463874643	0.0006216972334473111	0.0008788449466415569	0.0026483050847457626	1.0	0.000944733112895607	0.0005896226415094339	0.00011491611123879568	0.00012779552715654952	0.00023053063961773828	0.001128668171557562	0.00032551525638609537	0.0008365867261572784	0.0012836970474967907	0.00023353573096683791	0.0001941747572815534	0.0009517011658339282	0.0	0.0009765625	0.0	0.0003413085770845421
ml	0.0	0.002073255010366275	0.0	0.0	0.0010799136069114472	0.000177320684457842	0.0013404825737265416	2.4517358289669085e-05	0.00012391573729863693	5.925925925925926e-05	0.0	0.0012658227848101266	0.0003650967506389193	0.0003354579000335458	8.44138303619665e-05	0.00049442011583557	0.0005459260270233384	0.0	0.000944733112895607	1.0	0.0009478672985781991	0.0	6.662225183211193e-05	8.495815810713224e-05	0.001487357461576599	0.00012123311395912712	0.0016989466530750934	0.0010893246187363835	0.0013747594171020072	0.00022177866489243733	0.00024523027122467996	0.0	0.0	0.0	0.0004187604690117253
mr	0.0	0.0009737098344693282	0.0	0.0	0.0013986013986013986	0.0	0.00156128024980484	1.753819819567017e-05	0.0	1.9918334827208444e-05	0.0006315124723713293	0.0005128205128205128	0.0012958963282937365	0.0	1.7002754446220287e-05	0.00017919220155538832	0.0004344048653344917	0.0012062726176115801	0.0005896226415094339	0.0009478672985781991	1.0	0.0	6.854949273375377e-05	6.429352135616468e-05	0.0006261740763932373	5.233592686926486e-05	0.000792393026941363	0.0020161290322580645	0.0006215040397762585	0.00024467824810374357	0.0001502328609344484	0.0	0.0002462447672986949	0.0	0.00021246458923512748
nl	0.0	0.00012448649321548613	0.0	0.0	0.0002370791844476055	0.0004462293618920125	0.0002089864158829676	0.000308205456606384	0.0003961790729409693	0.0005771349621364487	0.0009000900090009	0.0004467776164414163	0.000643915003219575	0.0007322941730306517	0.000684140111894916	0.0012331163430931147	0.0006472026463397094	0.00012763241863433312	0.00011491611123879568	0.0	0.0	1.0	0.000463284688441047	0.000727191363204117	0.00046511627906976747	0.0006066073539476141	0.0002098635886673662	0.0	0.0004891889247627434	0.0009925110529639988	0.0010761067201009314	0.0	0.0002711251694532309	0.0	0.0007380911826491796
pl	0.0	6.674676278200507e-05	0.0	0.0	0.0003900916715428126	0.0006653544398547309	0.00030273674013078225	0.00044828347573582053	0.0005394652550659159	0.0008267298933050478	0.00039438008380576783	0.00012575452716297788	0.00012291807510294387	0.0001816860465116279	0.000990398635450769	0.001243691851426658	0.00047952431188261245	0.0002029495332160736	0.00012779552715654952	6.662225183211193e-05	6.854949273375377e-05	0.000463284688441047	1.0	0.001139554087530966	0.0	0.000758150113722517	0.000424911982517907	6.919936336585703e-05	0.0002329509055966455	0.00022174178169521593	0.0008850340738118418	6.949270326615705e-05	0.0006109074752860158	0.0	0.0010437175320824536
pt	0.0	0.00012751849018107625	0.0	0.0	0.00027397837678349386	0.001013200980896022	0.0003087626850003088	0.0014850167555862037	0.0013459386706017806	0.002353921466513905	0.0009556940250009557	0.0003127215110703415	0.0004552414849149526	0.0003293943261827315	0.002581879034185991	0.002494779944138623	0.001248274166398729	6.402458544080927e-05	0.00023053063961773828	8.495815810713224e-05	6.429352135616468e-05	0.000727191363204117	0.001139554087530966	1.0	0.0003150400100812803	0.002560844302606435	0.000535751081805069	2.1493358552207367e-05	0.0006908322496749024	0.0004990717265885453	0.002110441370724079	0.0	0.0007591800855076518	0.0	0.002551054840930258
ro	0.0	0.0	0.0	0.0	0.0012536564981195152	8.657259111765215e-05	0.0011344299489506524	3.4958801052959086e-05	0.00011988970147464332	0.0002932264685758968	0.0008223684210526315	0.0010302197802197802	0.0018315018315018315	0.0005678591709256105	0.00018404497389907642	0.0005198045534878886	0.0006354855109303507	0.0011160714285714285	0.001128668171557562	0.001487357461576599	0.0006261740763932373	0.00046511627906976747	0.0	0.0003150400100812803	1.0	0.0003089015119012888	0.0011474469305794606	0.0	0.0002390628735357399	0.0	0.00033446414066606146	0.0	0.0003980891719745223	0.0	0.00047951774215645977
ru	1.752879103928202e-05	0.00010396271204061476	0.0	1.753063478428554e-05	0.0001204487576570996	0.0009650180940892642	0.0003882905088293885	0.0016205840549767755	0.0011060264616830958	0.002099875319902881	0.0007780247697681804	0.00037529853292391673	0.0004577667763046353	0.0004727892879455617	0.0023343197063443164	0.002155963846144734	0.0007237939390124933	8.693233187287016e-05	0.00032551525638609537	0.00012123311395912712	5.233592686926486e-05	0.0006066073539476141	0.000758150113722517	0.002560844302606435	0.0003089015119012888	1.0	0.0003716530112340569	3.497359493582345e-05	0.00041745984036335704	0.0005926608827354592	0.002078322702080937	0.0	0.0004775706475199262	0.0	0.0023839027556499678
sh	0.0	0.0010284538909838875	0.0	0.0	0.0003009328919650918	0.0001248491406217487	0.000898069151324652	0.0001045445516606902	0.00028397796331004716	0.0002111851325666673	0.0018259281801582471	0.0018248175182481751	0.0007130972189208462	0.001349527665317139	0.00026363052182366414	0.0007051949360287451	0.0011375270162666364	0.0007352941176470588	0.0008365867261572784	0.0016989466530750934	0.000792393026941363	0.0002098635886673662	0.000424911982517907	0.000535751081805069	0.0011474469305794606	0.0003716530112340569	1.0	0.0008378718056137411	0.001763668430335097	0.0018428547495392862	0.0006407322654462242	0.0004297378599054577	0.0015138772077375945	0.0	0.0007637390004980907
si	0.0	0.0011235955056179776	0.0	0.0	0.0	9.090495886550612e-05	0.0	3.5092767731498214e-06	0.0	3.994647172788463e-05	0.0	0.0005515719801434088	0.0	0.0	3.408548639989093e-05	7.202275919190464e-05	0.0001476886722788362	0.0	0.0012836970474967907	0.0010893246187363835	0.0020161290322580645	0.0	6.919936336585703e-05	2.1493358552207367e-05	0.0	3.497359493582345e-05	0.0008378718056137411	1.0	0.0006491398896462187	0.00025316455696202533	5.041847332862761e-05	0.0	0.00025484199796126404	0.0	0.00010673877463886715
simple	0.0	0.0002767783005812344	0.0	0.0	0.00124595066035385	0.00024271844660194174	0.002529675034053318	7.99555030244038e-05	0.0003278688524590164	0.00034107704551483687	0.0008972633467922835	0.0013242109909512249	0.0004079967360261118	0.0007779074290159471	0.00045622667948446387	0.0008862047461187514	0.0010542962572482868	0.0005858230814294083	0.00023353573096683791	0.0013747594171020072	0.0006215040397762585	0.0004891889247627434	0.0002329509055966455	0.0006908322496749024	0.0002390628735357399	0.00041745984036335704	0.001763668430335097	0.0006491398896462187	1.0	0.0010499475026248687	0.0011094838681045577	0.00033101621979476995	0.0006020469596628537	0.0	0.001038961038961039
sr	0.0	0.0006697923643670462	0.0	0.0	0.0004095004095004095	0.0002344849148038143	0.00033233632436025255	0.00011437761248864889	0.0006262394322095815	0.0002796159940348588	0.0011246293834986198	0.0	0.0006934812760055479	0.00033266799733865603	0.00040164513848724376	0.0006061959608205979	0.0013527877089573872	0.00023348120476301658	0.0001941747572815534	0.00022177866489243733	0.00024467824810374357	0.0009925110529639988	0.00022174178169521593	0.0004990717265885453	0.0	0.0005926608827354592	0.0018428547495392862	0.00025316455696202533	0.0010499475026248687	1.0	0.000854481756814492	0.00025713551041398817	0.0006656903208627346	0.0	0.000947268708556994
sv	0.0	0.00029469548133595285	0.0	5.0787201625190454e-05	0.0005298906498386242	0.000868683943825105	0.0007767167725133641	0.0005916090121772855	0.0015426808364758314	0.0016852233281000187	0.0015603058199407083	0.0007050860204945004	0.0010631904960014791	0.0006397367940047524	0.001974384286978038	0.002716583895751093	0.0019468621163536417	0.0002479789713832267	0.0009517011658339282	0.00024523027122467996	0.0001502328609344484	0.0010761067201009314	0.0008850340738118418	0.002110441370724079	0.00033446414066606146	0.002078322702080937	0.0006407322654462242	5.041847332862761e-05	0.0011094838681045577	0.000854481756814492	1.0	0.00010115314586283633	0.000941055693386945	0.0	0.0027817584084970075
te	0.0	0.0	0.0	0.0	0.0	4.55767740759309e-05	0.0008453085376162299	7.020080941533256e-06	0.0	0.0	0.0	0.0	0.0	0.0	0.0	3.60893572485474e-05	0.00014903129657228018	0.0	0.0	0.0	0.0	0.0	6.949270326615705e-05	0.0	0.0	0.0	0.0004297378599054577	0.0	0.00033101621979476995	0.00025713551041398817	0.00010115314586283633	1.0	0.0002588661661920787	0.0	0.00010697093956141915
vi	0.0	0.0017985611510791368	0.0	0.0	0.0006176652254478073	0.00035212645252161666	0.0015037593984962407	0.00011785462978047842	0.0005748027381512254	0.00018648366403103088	0.0006147540983606558	0.0013030528667163069	0.0010452961672473868	0.0006684491978609625	0.0004661330247211239	0.0009902571474205398	0.0010652721286073987	0.0007050528789659225	0.0009765625	0.0	0.0002462447672986949	0.0002711251694532309	0.0006109074752860158	0.0007591800855076518	0.0003980891719745223	0.0004775706475199262	0.0015138772077375945	0.00025484199796126404	0.0006020469596628537	0.0006656903208627346	0.000941055693386945	0.0002588661661920787	1.0	0.0	0.0010745891276864729
war	0.0	0.0	0.0	0.0	0.0	0.0	0.0	0.0	0.0	0.0	0.0	0.0	0.0	0.0	0.0	0.0	0.0	0.0	0.0	0.0	0.0	0.0	0.0	0.0	0.0	0.0	0.0	0.0	0.0	0.0	0.0	0.0	0.0	1.0	0.0
zh	0.0	0.00034928396786587494	0.0	7.152308407538533e-05	0.0006201336732584579	0.001167142914637582	0.0007959143065596604	0.0009955249393402007	0.001317157712305026	0.001892598267049478	0.0013272378705205723	0.0008802518874631818	0.0006017651778550414	0.0005305743467303355	0.0021799881724045966	0.00321636370207076	0.0018573874684389238	0.00010548894124265973	0.0003413085770845421	0.0004187604690117253	0.00021246458923512748	0.0007380911826491796	0.0010437175320824536	0.002551054840930258	0.00047951774215645977	0.0023839027556499678	0.0007637390004980907	0.00010673877463886715	0.001038961038961039	0.000947268708556994	0.0027817584084970075	0.00010697093956141915	0.0010745891276864729	0.0	1.0
