arz	bs	ceb	ckb	da	de	el	en	es	fr	he	hi	hu	id	it	ja	ko	lv	mk	ml	mr	nl	pl	pt	ro	ru	sh	si	simple	sr	sv	te	vi	war	zh
arz	1.0	0.6409174989605403	0.0	0.7863954451402115	0.4027079077418884	0.44029650516332836	0.33310446617739253	0.3848004036279777	0.5383523803219037	0.24418456575299322	0.3613424140791998	1.0	0.3218929639285105	0.5569707847821377	0.4922382124435992	0.270589590863015	0.262738950664884	0.6429575538832538	0.448035194225454	0.6775915738325127	0.6778906658989906	0.3652765885014718	0.45617321920726206	0.2847775966782094	0.5237587736790112	0.44894349947505496	0.7690990303325336	1.0	0.5707054117607808	0.6473167952898959	0.27873980337274384	0.0	0.5264233346452264	1.0	0.3802967795621907
bs	0.6409174989605403	1.0	0.0	0.7455134344225701	0.6070269561668532	0.4165456121802612	0.5770380091726527	0.2614369769989518	0.3945015416593607	0.42336858687955153	0.4533752093429223	0.26226950106451513	0.5645842797515097	0.5096833526690497	0.4929796027026817	0.5332337468635815	0.3775184296932933	0.6994017365373274	0.5383542206954599	0.7580369456426513	1.0	0.5706696405814071	0.4690129374810978	0.4988507764165271	0.4475059369031939	0.41151957697196917	0.3944331148254704	0.7584325078215763	0.6841174893561723	0.5986292959917902	0.4231022500059599	1.0	0.5214843988151024	1.0	0.38932977743942265
ceb	0.0	0.0	1.0	0.0	1.0	1.0	1.0	1.0	1.0	1.0	1.0	1.0	1.0	1.0	1.0	1.0	1.0	1.0	1.0	0.0	1.0	1.0	1.0	1.0	1.0	1.0	1.0	0.0	1.0	1.0	1.0	0.0	1.0	0.0	1.0
ckb	0.7863954451402115	0.7455134344225701	0.0	1.0	0.4407998127009084	0.32798179235622094	0.24858572969074016	0.3597940239283356	0.35526856722794486	0.330402084512819	0.2622650385938089	0.3099951360423764	0.3275984080021949	0.4746668172015302	0.27918036349746267	0.3248916558979572	0.25540793262269723	0.6518155124769265	0.5322358149420021	0.6704675947063355	1.0	0.3434666996279974	0.39626976935181885	0.35819293658154305	0.32994976599862413	0.3464799396876106	1.0	0.7690990303325336	0.3307123229848015	0.33064297467279574	0.2759466091803851	1.0	0.43120543215538687	1.0	0.3175867960822846
da	0.4027079077418884	0.6070269561668532	1.0	0.4407998127009084	1.0	0.3385168353095907	0.25525105743312176	0.2866916751915395	0.30585169136340246	0.24612831409051972	0.3367082350847464	0.3806776602640797	0.25549085836403546	0.4145704641678555	0.2707548952361854	0.3026107952025328	0.32157140661280015	0.5021826144829162	0.5713528532857757	0.4173572758001003	1.0	0.3740488688988114	0.2904233358825687	0.29740369412740036	0.49973580097437653	0.28256141928377687	0.7757163235351949	1.0	0.5384763414891263	0.49896623512082594	0.35067787673961076	1.0	0.3723303551590361	1.0	0.24579069735411604
de	0.44029650516332836	0.4165456121802612	1.0	0.32798179235622094	0.3385168353095907	1.0	0.2045911052344182	0.05697577034031803	0.09783140652531584	0.06416960039696978	0.09394466649678619	0.24957680563079038	0.15443454489039157	0.26102802663074	0.08071620918530825	0.07495548773735003	0.09644703317288048	0.4208983600756498	0.4583335499896221	0.3358755796240657	1.0	0.14513709789698673	0.09963708783634247	0.09413734315448816	0.22768400347895457	0.07771944461468185	0.35329109482364796	0.7455134344225701	0.4591583350589224	0.22025194869401665	0.15559910916878322	1.0	0.1430806295808662	1.0	0.08829281024805152
el	0.33310446617739253	0.5770380091726527	1.0	0.24858572969074016	0.25525105743312176	0.2045911052344182	1.0	0.1614698997468945	0.19986211424811143	0.1842576108415552	0.1967806306357632	0.36665288649541095	0.25006183753196715	0.42958399891224675	0.17759067859316552	0.17843096026602148	0.21042863891268893	0.5316859824083509	0.4875836463906632	0.42489828324440826	1.0	0.2343611982027351	0.20452017428373484	0.1886057576116178	0.22827369954345375	0.2016585205254742	0.38510773934030956	1.0	0.5082859739009671	0.23732802593055655	0.20074032437550293	1.0	0.2313863278820492	1.0	0.16114705637135168
en	0.3848004036279777	0.2614369769989518	1.0	0.3597940239283356	0.2866916751915395	0.05697577034031803	0.1614698997468945	1.0	0.07027429416389439	0.045822973858742275	0.08482628071575038	0.22899887545903402	0.1125535850465301	0.25183398066393475	0.06677361890786251	0.059059627530398076	0.07838250932203883	0.4314256438707033	0.4157257116465579	0.32118878516497956	1.0	0.10366680322309191	0.09064151962101714	0.07153513583507559	0.21075611899384092	0.05177820366845384	0.3449404558980977	0.7455134344225701	0.4149928571737147	0.20473068765227836	0.09075597889819349	1.0	0.12196366010436108	1.0	0.07200668363322432
es	0.5383523803219037	0.3945015416593607	1.0	0.35526856722794486	0.30585169136340246	0.09783140652531584	0.19986211424811143	0.07027429416389439	1.0	0.06872656785407696	0.10923924079521713	0.2608761936187525	0.15162615410295507	0.266289555170353	0.07858723988749466	0.09197427276446254	0.10191747443824117	0.47448685812656805	0.43922560655242876	0.3358755796240657	1.0	0.13353959267328266	0.10869702032556416	0.08700851262063782	0.26717938221432824	0.08824848614304591	0.3646413321757073	0.7455134344225701	0.40013069048991734	0.20442921802696065	0.15297284379934062	1.0	0.15393954144825137	1.0	0.08554861287001646
fr	0.24418456575299322	0.42336858687955153	1.0	0.330402084512819	0.24612831409051972	0.06416960039696978	0.1842576108415552	0.045822973858742275	0.06872656785407696	1.0	0.07999709397588108	0.2498471365298335	0.12272738284135792	0.24828050443403107	0.0690313033881569	0.06242846798197602	0.07843949538351432	0.46552406499636	0.4111381314463892	0.33642628029811805	1.0	0.10765608552429556	0.08856904748298966	0.07828668893749	0.24693889362577046	0.06300633552469255	0.3454149290021189	0.7455134344225701	0.39430741490674825	0.19929263805525554	0.11943656209733651	1.0	0.13844101849355897	1.0	0.07312658931997171
he	0.3613424140791998	0.4533752093429223	1.0	0.2622650385938089	0.3367082350847464	0.09394466649678619	0.1967806306357632	0.08482628071575038	0.10923924079521713	0.07999709397588108	1.0	0.28839651262979465	0.13966628727119348	0.27608981314109815	0.08133875521242032	0.09860833558057912	0.10870192421363306	0.3909966598317493	0.5084975215184663	0.36134161653101493	1.0	0.14493906477308685	0.1218116555361929	0.10301056805192059	0.23476064397725213	0.09815287478140579	0.3553208515492876	0.7455134344225701	0.389185759615224	0.21402530261038127	0.144256484163393	1.0	0.18283983827919592	1.0	0.08937057548794823
hi	1.0	0.26226950106451513	1.0	0.3099951360423764	0.3806776602640797	0.24957680563079038	0.36665288649541095	0.22899887545903402	0.2608761936187525	0.2498471365298335	0.28839651262979465	1.0	0.31245207300449196	0.3114694532329409	0.21547731984972993	0.27528026576967746	0.2723599132773041	0.4745744400177786	0.7302411309777489	0.4354670521374121	1.0	0.297464310134849	0.26805717755779807	0.23355164359521954	0.3891948486404588	0.23179492209567976	0.4417279130038318	0.7455134344225701	0.46793835867495076	0.24261243610549577	0.3004030840317401	1.0	0.315639827437563	1.0	0.23678912663936127
hu	0.3218929639285105	0.5645842797515097	1.0	0.3275984080021949	0.25549085836403546	0.15443454489039157	0.25006183753196715	0.1125535850465301	0.15162615410295507	0.12272738284135792	0.13966628727119348	0.31245207300449196	1.0	0.3308990477452962	0.13058406882568926	0.14953371064436566	0.14427993204051542	0.4682059758362981	0.4525656555409157	0.3616117461430868	1.0	0.20019818959811886	0.15511777688028408	0.13827384961026226	0.24355223523743724	0.13408307025892477	0.3239681894812403	0.7510341748895938	0.5040209956869433	0.28597009399154316	0.18504982481769122	1.0	0.2121704450890011	1.0	0.12739839706597406
id	0.5569707847821377	0.5096833526690497	1.0	0.4746668172015302	0.4145704641678555	0.26102802663074	0.42958399891224675	0.25183398066393475	0.266289555170353	0.24828050443403107	0.27608981314109815	0.3114694532329409	0.3308990477452962	1.0	0.2695851706558435	0.255719824287643	0.25856333556939354	0.6093076830919899	0.5158675341289577	0.49061072529359157	1.0	0.27431246803297704	0.28630443920644566	0.23808095165093746	0.3433896791384933	0.24418370057995464	0.5662889830780612	0.6624525348502385	0.41509005699667134	0.28675774378344254	0.30077664721839403	1.0	0.2747580695076389	1.0	0.19226164902896242
it	0.4922382124435992	0.4929796027026817	1.0	0.27918036349746267	0.2707548952361854	0.08071620918530825	0.17759067859316552	0.06677361890786251	0.07858723988749466	0.0690313033881569	0.08133875521242032	0.21547731984972993	0.13058406882568926	0.2695851706558435	1.0	0.07517872437695078	0.09096807579227338	0.35293329406890783	0.4791914553369056	0.3358755796240657	1.0	0.10667481982546284	0.08830351195546439	0.08122981154971015	0.1959072362793921	0.07704149580426034	0.3577849403077681	0.7455134344225701	0.3280284942158838	0.20437486393235374	0.12474920479191681	1.0	0.14482248310844137	1.0	0.07468320034016712
ja	0.270589590863015	0.5332337468635815	1.0	0.3248916558979572	0.3026107952025328	0.07495548773735003	0.17843096026602148	0.059059627530398076	0.09197427276446254	0.06242846798197602	0.09860833558057912	0.27528026576967746	0.14953371064436566	0.255719824287643	0.07517872437695078	1.0	0.08382749057568778	0.4082217074750015	0.44734855536672624	0.3358755796240657	1.0	0.11866036255148536	0.11219602970089237	0.09327682265164593	0.23127627100260154	0.07960393556400021	0.3729133285861269	0.7455134344225701	0.2683425767505567	0.19048360919067414	0.1279177310495382	1.0	0.16457803625346035	1.0	0.07880991898999151
ko	0.262738950664884	0.3775184296932933	1.0	0.25540793262269723	0.32157140661280015	0.09644703317288048	0.21042863891268893	0.07838250932203883	0.10191747443824117	0.07843949538351432	0.10870192421363306	0.2723599132773041	0.14427993204051542	0.25856333556939354	0.09096807579227338	0.08382749057568778	1.0	0.4159607006254745	0.468067427732552	0.3358755796240657	1.0	0.12538263095354707	0.12264082953807696	0.1065105461814061	0.2067828288130552	0.0927925588121955	0.3527743205307267	0.6590675637199679	0.3690164865289852	0.2179060878808926	0.1553360178750562	1.0	0.16604660490760398	1.0	0.09034153511481709
lv	0.6429575538832538	0.6994017365373274	1.0	0.6518155124769265	0.5021826144829162	0.4208983600756498	0.5316859824083509	0.4314256438707033	0.47448685812656805	0.46552406499636	0.3909966598317493	0.4745744400177786	0.4682059758362981	0.6093076830919899	0.35293329406890783	0.4082217074750015	0.4159607006254745	1.0	1.0	0.4276586530192112	1.0	0.5824485877687345	0.4349801147751703	0.40386870547725734	0.5421448374928309	0.44245832757040027	0.7455134344225701	0.7510341748895938	0.6290808149140177	0.5490442845220909	0.5143173601163755	1.0	0.33013033521193746	1.0	0.45006022898008835
mk	0.448035194225454	0.5383542206954599	1.0	0.5322358149420021	0.5713528532857757	0.4583335499896221	0.4875836463906632	0.4157257116465579	0.43922560655242876	0.4111381314463892	0.5084975215184663	0.7302411309777489	0.4525656555409157	0.5158675341289577	0.4791914553369056	0.44734855536672624	0.468067427732552	1.0	1.0	0.7863954451402115	1.0	0.49403380627588234	0.4652518378265646	0.3743370388054722	0.6608521442956614	0.4444782665221936	0.44793295158076557	0.7690990303325336	0.6715895942009565	0.49425823704742844	0.46257698192975855	1.0	0.5065045202486154	1.0	0.42213460720928225
ml	0.6775915738325127	0.7580369456426513	0.0	0.6704675947063355	0.4173572758001003	0.3358755796240657	0.42489828324440826	0.32118878516497956	0.3358755796240657	0.33642628029811805	0.36134161653101493	0.4354670521374121	0.3616117461430868	0.49061072529359157	0.3358755796240657	0.3358755796240657	0.3358755796240657	0.4276586530192112	0.7863954451402115	1.0	1.0	0.32728834988549543	0.3305746132019748	0.3533263237818667	0.3888870852650213	0.35639034358110516	0.6666984105496916	0.4362149676632122	0.4164147729249657	0.37430049829050005	0.34516609065217724	1.0	0.2907227924570682	1.0	0.3358755796240657
mr	0.6778906658989906	1.0	1.0	1.0	1.0	1.0	1.0	1.0	1.0	1.0	1.0	1.0	1.0	1.0	1.0	1.0	1.0	1.0	1.0	1.0	1.0	1.0	1.0	1.0	1.0	1.0	1.0	1.0	1.0	1.0	1.0	1.0	1.0	1.0	1.0
nl	0.3652765885014718	0.5706696405814071	1.0	0.3434666996279974	0.3740488688988114	0.14513709789698673	0.2343611982027351	0.10366680322309191	0.13353959267328266	0.10765608552429556	0.14493906477308685	0.297464310134849	0.20019818959811886	0.27431246803297704	0.10667481982546284	0.11866036255148536	0.12538263095354707	0.5824485877687345	0.49403380627588234	0.32728834988549543	1.0	1.0	0.1671786917557742	0.1452808278463114	0.3022132705176623	0.12099845577106001	0.37891568013329036	0.6590675637199679	0.48097289309058006	0.262897802516742	0.18763597395493328	1.0	0.17487356755132197	1.0	0.10048072277163822
pl	0.45617321920726206	0.4690129374810978	1.0	0.39626976935181885	0.2904233358825687	0.09963708783634247	0.20452017428373484	0.09064151962101714	0.10869702032556416	0.08856904748298966	0.1218116555361929	0.26805717755779807	0.15511777688028408	0.28630443920644566	0.08830351195546439	0.11219602970089237	0.12264082953807696	0.4349801147751703	0.4652518378265646	0.3305746132019748	1.0	0.1671786917557742	1.0	0.1116465055678195	0.23156684745368702	0.09942281562790037	0.354554755180227	0.7455134344225701	0.44053367890603945	0.23377068031185702	0.17484318636206184	1.0	0.17857804990045242	1.0	0.10329114208048723
pt	0.2847775966782094	0.4988507764165271	1.0	0.35819293658154305	0.29740369412740036	0.09413734315448816	0.1886057576116178	0.07153513583507559	0.08700851262063782	0.07828668893749	0.10301056805192059	0.23355164359521954	0.13827384961026226	0.23808095165093746	0.08122981154971015	0.09327682265164593	0.1065105461814061	0.40386870547725734	0.3743370388054722	0.3533263237818667	1.0	0.1452808278463114	0.1116465055678195	1.0	0.24653608523226034	0.08947445140068709	0.3617334527528437	0.7455134344225701	0.42422882873182655	0.1913479381121088	0.146998233061301	1.0	0.15796862506408	1.0	0.08465661090651906
ro	0.5237587736790112	0.4475059369031939	1.0	0.32994976599862413	0.49973580097437653	0.22768400347895457	0.22827369954345375	0.21075611899384092	0.26717938221432824	0.24693889362577046	0.23476064397725213	0.3891948486404588	0.24355223523743724	0.3433896791384933	0.1959072362793921	0.23127627100260154	0.2067828288130552	0.5421448374928309	0.6608521442956614	0.3888870852650213	1.0	0.3022132705176623	0.23156684745368702	0.24653608523226034	1.0	0.22797682748248627	0.37186653155216215	0.7510341748895938	0.6452450558286368	0.31309667626637505	0.25478786689712735	1.0	0.2776253446627128	1.0	0.17176995087693406
ru	0.44894349947505496	0.41151957697196917	1.0	0.3464799396876106	0.28256141928377687	0.07771944461468185	0.2016585205254742	0.05177820366845384	0.08824848614304591	0.06300633552469255	0.09815287478140579	0.23179492209567976	0.13408307025892477	0.24418370057995464	0.07704149580426034	0.07960393556400021	0.0927925588121955	0.44245832757040027	0.4444782665221936	0.35639034358110516	1.0	0.12099845577106001	0.09942281562790037	0.08947445140068709	0.22797682748248627	1.0	0.352422040501545	0.6572846022672738	0.4469761181603955	0.20985729973247874	0.136476939556417	1.0	0.13235303724089917	1.0	0.0824130347992781
sh	0.7690990303325336	0.3944331148254704	1.0	1.0	0.7757163235351949	0.35329109482364796	0.38510773934030956	0.3449404558980977	0.3646413321757073	0.3454149290021189	0.3553208515492876	0.4417279130038318	0.3239681894812403	0.5662889830780612	0.3577849403077681	0.3729133285861269	0.3527743205307267	0.7455134344225701	0.44793295158076557	0.6666984105496916	1.0	0.37891568013329036	0.354554755180227	0.3617334527528437	0.37186653155216215	0.352422040501545	1.0	0.7690990303325336	0.6538836485984504	0.31744635297495327	0.502715250900756	1.0	0.3714804989331934	1.0	0.36514644694340415
si	1.0	0.7584325078215763	0.0	0.7690990303325336	1.0	0.7455134344225701	1.0	0.7455134344225701	0.7455134344225701	0.7455134344225701	0.7455134344225701	0.7455134344225701	0.7510341748895938	0.6624525348502385	0.7455134344225701	0.7455134344225701	0.6590675637199679	0.7510341748895938	0.7690990303325336	0.4362149676632122	1.0	0.6590675637199679	0.7455134344225701	0.7455134344225701	0.7510341748895938	0.6572846022672738	0.7690990303325336	1.0	0.7690990303325336	0.7510341748895938	0.7510341748895938	1.0	0.6290128041382893	1.0	0.7455134344225701
simple	0.5707054117607808	0.6841174893561723	1.0	0.3307123229848015	0.5384763414891263	0.4591583350589224	0.5082859739009671	0.4149928571737147	0.40013069048991734	0.39430741490674825	0.389185759615224	0.46793835867495076	0.5040209956869433	0.41509005699667134	0.3280284942158838	0.2683425767505567	0.3690164865289852	0.6290808149140177	0.6715895942009565	0.4164147729249657	1.0	0.48097289309058006	0.44053367890603945	0.42422882873182655	0.6452450558286368	0.4469761181603955	0.6538836485984504	0.7690990303325336	1.0	0.5137059938810422	0.4272414408146785	1.0	0.3270804038524174	1.0	0.36117938832875784
sr	0.6473167952898959	0.5986292959917902	1.0	0.33064297467279574	0.49896623512082594	0.22025194869401665	0.23732802593055655	0.20473068765227836	0.20442921802696065	0.19929263805525554	0.21402530261038127	0.24261243610549577	0.28597009399154316	0.28675774378344254	0.20437486393235374	0.19048360919067414	0.2179060878808926	0.5490442845220909	0.49425823704742844	0.37430049829050005	1.0	0.262897802516742	0.23377068031185702	0.1913479381121088	0.31309667626637505	0.20985729973247874	0.31744635297495327	0.7510341748895938	0.5137059938810422	1.0	0.28511200942012427	1.0	0.30553978627551825	1.0	0.19450202396452532
sv	0.27873980337274384	0.4231022500059599	1.0	0.2759466091803851	0.35067787673961076	0.15559910916878322	0.20074032437550293	0.09075597889819349	0.15297284379934062	0.11943656209733651	0.144256484163393	0.3004030840317401	0.18504982481769122	0.30077664721839403	0.12474920479191681	0.1279177310495382	0.1553360178750562	0.5143173601163755	0.46257698192975855	0.34516609065217724	1.0	0.18763597395493328	0.17484318636206184	0.146998233061301	0.25478786689712735	0.136476939556417	0.502715250900756	0.7510341748895938	0.4272414408146785	0.28511200942012427	1.0	1.0	0.21535646780936063	1.0	0.12584243231149353
te	0.0	1.0	0.0	1.0	1.0	1.0	1.0	1.0	1.0	1.0	1.0	1.0	1.0	1.0	1.0	1.0	1.0	1.0	1.0	1.0	1.0	1.0	1.0	1.0	1.0	1.0	1.0	1.0	1.0	1.0	1.0	1.0	1.0	1.0	1.0
vi	0.5264233346452264	0.5214843988151024	1.0	0.43120543215538687	0.3723303551590361	0.1430806295808662	0.2313863278820492	0.12196366010436108	0.15393954144825137	0.13844101849355897	0.18283983827919592	0.315639827437563	0.2121704450890011	0.2747580695076389	0.14482248310844137	0.16457803625346035	0.16604660490760398	0.33013033521193746	0.5065045202486154	0.2907227924570682	1.0	0.17487356755132197	0.17857804990045242	0.15796862506408	0.2776253446627128	0.13235303724089917	0.3714804989331934	0.6290128041382893	0.3270804038524174	0.30553978627551825	0.21535646780936063	1.0	1.0	1.0	0.12699762635205075
war	1.0	1.0	0.0	1.0	1.0	1.0	1.0	1.0	1.0	1.0	1.0	1.0	1.0	1.0	1.0	1.0	1.0	1.0	1.0	1.0	1.0	1.0	1.0	1.0	1.0	1.0	1.0	1.0	1.0	1.0	1.0	1.0	1.0	1.0	1.0
zh	0.3802967795621907	0.38932977743942265	1.0	0.3175867960822846	0.24579069735411604	0.08829281024805152	0.16114705637135168	0.07200668363322432	0.08554861287001646	0.07312658931997171	0.08937057548794823	0.23678912663936127	0.12739839706597406	0.19226164902896242	0.07468320034016712	0.07880991898999151	0.09034153511481709	0.45006022898008835	0.42213460720928225	0.3358755796240657	1.0	0.10048072277163822	0.10329114208048723	0.08465661090651906	0.17176995087693406	0.0824130347992781	0.36514644694340415	0.7455134344225701	0.36117938832875784	0.19450202396452532	0.12584243231149353	1.0	0.12699762635205075	1.0	1.0
