arz	bs	ceb	ckb	da	de	el	en	es	fr	he	hi	hu	id	it	ja	ko	lv	mk	ml	mr	nl	pl	pt	ro	ru	sh	si	simple	sr	sv	te	vi	war	zh
arz	1.0	0.5113636363636364	0.6666666666666666	0.5333333333333333	0.5107692307692308	0.506020271089021	0.514876851364475	0.5048408655433084	0.5044483985765125	0.506462099995542	0.5148889679353625	0.525	0.5077519379844961	0.516832863901333	0.504863813229572	0.5079498639354264	0.5098039215686274	0.5185266471914874	0.5360561582641991	0.5348837209302326	0.5384615384615384	0.5040951316036327	0.5064377682403434	0.5083986562150056	0.5088564975646672	0.5074066319213607	0.5403624382207578	0.7017543859649122	0.5242718446601942	0.509903864278982	0.5093945720250522	0.5	0.511748356970982	0.7289719626168224	0.5088634187478787
bs	0.5113636363636364	1.0	0.5	0.5166732974592932	0.5886737872719181	0.5387674984406472	0.5759396907289229	0.5212171658358093	0.5288907067417213	0.5329566798578238	0.6051768273960889	0.5102040816326531	0.561216989427798	0.6274085301399952	0.5348433519126321	0.5538720359830013	0.5542544211675515	0.6643887623386484	0.5487982195845698	0.513448731909974	0.5240482741473197	0.5309908614350074	0.5471825461012458	0.5321025937981236	0.5511353057732812	0.5505049386082899	0.5277285781072597	0.528	0.5511487115802546	0.6449109661739532	0.5682239997349376	0.5	0.5427528887086965	0.546218487394958	0.5491330296266278
ceb	0.6666666666666666	0.5	1.0	0.6666666666666666	0.501577287066246	0.5010162601626017	0.671875	0.5006802721088436	0.500965250965251	0.5009487666034156	0.6706231454005934	0.6724890829694323	0.5029940119760479	0.501358695652174	0.5009784735812133	0.6695652173913044	0.6696935300794551	0.5029940119760479	0.6707692307692308	0.6666666666666666	0.6832298136645962	0.5015673981191223	0.5013020833333334	0.5011961722488038	0.5029761904761905	0.6680919294494923	0.5020661157024793	0.6666666666666666	0.5053763440860215	0.5007923930269413	0.5018587360594796	0.6666666666666666	0.6711864406779662	0.6666666666666666	0.6697459584295612
ckb	0.5333333333333333	0.5166732974592932	0.6666666666666666	1.0	0.5083529075735028	0.5033185840707964	0.5076530612244897	0.5018270401948843	0.5027173913043478	0.5032894736842105	0.5099601593625498	0.5625	0.5050846632272935	0.5114123287457615	0.5029761904761905	0.5045537340619308	0.5050505050505051	0.5221238938053098	0.5420207743153919	0.6111111111111112	0.5985037406483791	0.5027777777777778	0.504424778761062	0.5034168564920273	0.5049738465098308	0.5045592705167173	0.5263157894736842	0.72	0.5133689839572192	0.5139664804469274	0.5065502183406114	0.5	0.5076923076923077	0.787878787878788	0.5045317220543807
da	0.5107692307692308	0.5886737872719181	0.501577287066246	0.5083529075735028	1.0	0.5561252223230498	0.5864717477020384	0.5418111910446628	0.5477742892218106	0.5555593844924603	0.5939271804149471	0.5050167224080268	0.5795449739111711	0.5965461929626975	0.558235313637568	0.5683906453805369	0.5690313271811254	0.584408025651042	0.5254304701612502	0.506723825830104	0.5134957357441798	0.555529188469734	0.5631543906951633	0.5473428040271275	0.5542725627209169	0.564254391012319	0.5110410094637224	0.5194029850746269	0.5645894066628957	0.5809127380147415	0.6004182645476152	0.5	0.5577497703999419	0.5242424242424242	0.5692516749276002
de	0.506020271089021	0.5387674984406472	0.5010162601626017	0.5033185840707964	0.5561252223230498	1.0	0.5781279931145716	0.6069492884926376	0.6146661818430152	0.6265685652211974	0.5584385527624768	0.5016648168701443	0.6012014727730767	0.5483922927112946	0.6228976953172903	0.6063202247191012	0.5804771903925223	0.5282346375712286	0.5109083365962507	0.5027888029775626	0.5050318658506144	0.6156604086502375	0.6102572735159018	0.595943590692468	0.5979193662217434	0.6146314470828361	0.5071605569513005	0.5064805583250249	0.5412579122650139	0.540412706756479	0.5716445412062993	0.5	0.5448719707633918	0.5075075075075075	0.6094985958477541
el	0.514876851364475	0.5759396907289229	0.671875	0.5076530612244897	0.5864717477020384	0.5781279931145716	1.0	0.5527603952906086	0.5667481211362815	0.5779073665256697	0.6076001557229244	0.5038560411311054	0.5921341955297911	0.5875672990154827	0.57699267730975	0.5994125213040752	0.5886356906018757	0.5678082639572984	0.5248257082713736	0.5063938618925832	0.5116321677977349	0.566495007985557	0.5903388737016881	0.5688314715940945	0.5900358431916839	0.5965739639144727	0.5112909229035696	0.6964618249534451	0.5640321262880569	0.5712672695704045	0.5826616644942246	0.5	0.5521382190283403	0.6992481203007519	0.5894632994333229
en	0.5048408655433084	0.5212171658358093	0.5006802721088436	0.5018270401948843	0.5418111910446628	0.6069492884926376	0.5527603952906086	1.0	0.6180781018651182	0.6112502827279346	0.535235692700595	0.50091519219036	0.5673823851123945	0.531359074300592	0.618995432160425	0.5723490166164865	0.5576588707428204	0.5159550831110291	0.506379040794603	0.5015234613040829	0.5027322404371585	0.608879764441423	0.5853320019559016	0.5837039915699478	0.5672107131679167	0.5833204634656992	0.5039469230539841	0.5057239057239057	0.5257995179769072	0.5256746134546068	0.5605762607142241	0.5	0.5449716601595389	0.5053908355795148	0.5848557183806918
es	0.5044483985765125	0.5288907067417213	0.500965250965251	0.5027173913043478	0.5477742892218106	0.6146661818430152	0.5667481211362815	0.6180781018651182	1.0	0.6170511324609987	0.549939069781407	0.5013623978201636	0.585025288227492	0.5399749009147055	0.6284268027328197	0.5909762927489439	0.5703091532033603	0.5233918893089302	0.5095888694387117	0.5022665457842249	0.5036036036036037	0.6011440868761055	0.600241836589656	0.6023425798229184	0.5816726276273437	0.606245342572169	0.5053859964093357	0.506641366223909	0.5340774391142493	0.5320574784165514	0.5590880030649247	0.5	0.5379383764515178	0.5076190476190476	0.5973824619177425
fr	0.506462099995542	0.5329566798578238	0.5009487666034156	0.5032894736842105	0.5555593844924603	0.6265685652211974	0.5779073665256697	0.6112502827279346	0.6170511324609987	1.0	0.5603125565279058	0.5016501650165016	0.6046948540660213	0.5467887414856211	0.6331403074197411	0.6059173370656258	0.5827478107369389	0.5280378220636428	0.5102625558929939	0.5027545754445394	0.5044092682608309	0.608640744751664	0.6099393859435192	0.6049822008091723	0.6119610426268046	0.6139811986286241	0.5048700762973499	0.5074766355140187	0.5376945857456614	0.5357129788201243	0.5663057221134092	0.5	0.542745754077849	0.5074906367041199	0.5977671386791956
he	0.5148889679353625	0.6051768273960889	0.6706231454005934	0.5099601593625498	0.5939271804149471	0.5584385527624768	0.6076001557229244	0.535235692700595	0.549939069781407	0.5603125565279058	1.0	0.5060728744939271	0.5789528285344172	0.6063260124406715	0.5546247980112596	0.5854134589873425	0.5814589915759689	0.6101014214474578	0.5344921238457361	0.508089777254555	0.5160791011715727	0.548722568376704	0.5739353256913732	0.5557414179110601	0.5737625314525879	0.5815444270550038	0.5154273356219752	0.6915351506456241	0.5773237636851738	0.6015058028188154	0.579605324105701	0.5	0.5471088877965089	0.6956521739130435	0.5762551765051462
hi	0.525	0.5102040816326531	0.6724890829694323	0.5625	0.5050167224080268	0.5016648168701443	0.5038560411311054	0.50091519219036	0.5013623978201636	0.5016501650165016	0.5060728744939271	1.0	0.5030888785915663	0.5069124423963134	0.5014925373134328	0.5018315018315018	0.5025380710659899	0.5138999167496764	0.5319148936170213	0.5714285714285714	0.5416666666666666	0.5013927576601671	0.5022222222222222	0.5017142857142858	0.502495840266223	0.5022900763358779	0.5151515151515151	0.7131782945736435	0.5081967213114754	0.5085714285714286	0.5032967032967033	0.5	0.5046728971962617	0.7193675889328064	0.5022761760242792
hu	0.5077519379844961	0.561216989427798	0.5029940119760479	0.5050846632272935	0.5795449739111711	0.6012014727730767	0.5921341955297911	0.5673823851123945	0.585025288227492	0.6046948540660213	0.5789528285344172	0.5030888785915663	1.0	0.5756403701279618	0.5993511318305494	0.6031093589421322	0.5752614827177575	0.5544023186355372	0.520032365913016	0.5050709939148074	0.5092591408574376	0.5861993479350494	0.6004470332386438	0.5914898696256946	0.6104807525182419	0.5994915957935304	0.5069448966089413	0.5154929577464789	0.5503673862568484	0.558587363075719	0.5799099910101203	0.5	0.5592337662378445	0.5170454545454546	0.5838074576481744
id	0.516832863901333	0.6274085301399952	0.501358695652174	0.5114123287457615	0.5965461929626975	0.5483922927112946	0.5875672990154827	0.531359074300592	0.5399749009147055	0.5467887414856211	0.6063260124406715	0.5069124423963134	0.5756403701279618	1.0	0.5449721740485051	0.576921403712297	0.5767953089214138	0.6289153837652601	0.5339036209780577	0.5091900387351613	0.5187048567870486	0.5406976233448574	0.558855574667579	0.5460187263682178	0.5612378997773265	0.5666971373255066	0.5173994327916706	0.5092838196286472	0.5649426985567817	0.6102071312432507	0.5711205895484823	0.5	0.5618988911747013	0.5106666666666667	0.5681262980527698
it	0.504863813229572	0.5348433519126321	0.5009784735812133	0.5029761904761905	0.558235313637568	0.6228976953172903	0.57699267730975	0.618995432160425	0.6284268027328197	0.6331403074197411	0.5546247980112596	0.5014925373134328	0.5993511318305494	0.5449721740485051	1.0	0.6020045175979338	0.5774706043855079	0.5266129093270041	0.5102774677305625	0.5024826216484608	0.5039775613059088	0.6084227472320464	0.6148465899218117	0.6018973124539682	0.5916564779362716	0.6124798957810933	0.5064079451964995	0.5057581573896353	0.5378175069205235	0.5360933929581452	0.5684200896561323	0.5	0.5461281795727347	0.5067437379576109	0.6036443492716508
ja	0.5079498639354264	0.5538720359830013	0.6695652173913044	0.5045537340619308	0.5683906453805369	0.6063202247191012	0.5994125213040752	0.5723490166164865	0.5909762927489439	0.6059173370656258	0.5854134589873425	0.5018315018315018	0.6031093589421322	0.576921403712297	0.6020045175979338	1.0	0.6000771881164559	0.545434230422573	0.5142864215166019	0.5036496350364964	0.5063470706114471	0.5838446006703505	0.601196812217764	0.5898583339945072	0.5982700495874462	0.6184596965364034	0.5080213903743316	0.6850477200424179	0.5547262743670948	0.5528623706181893	0.581564992741529	0.5	0.5600875321519577	0.688034188034188	0.611396169287578
ko	0.5098039215686274	0.5542544211675515	0.6696935300794551	0.5050505050505051	0.5690313271811254	0.5804771903925223	0.5886356906018757	0.5576588707428204	0.5703091532033603	0.5827478107369389	0.5814589915759689	0.5025380710659899	0.5752614827177575	0.5767953089214138	0.5774706043855079	0.6000771881164559	1.0	0.5449230857814438	0.5157135148822662	0.5042158516020236	0.5075387352242047	0.563909376320079	0.5807335650469815	0.5733290541571514	0.5753043820012146	0.5898049571049384	0.5074661450334373	0.6873614190687362	0.5550383194141136	0.5517107700935389	0.5715176745022827	0.5	0.5459546930819059	0.6905027932960894	0.5892567924251495
lv	0.5185266471914874	0.6643887623386484	0.5029940119760479	0.5221238938053098	0.584408025651042	0.5282346375712286	0.5678082639572984	0.5159550831110291	0.5233918893089302	0.5280378220636428	0.6101014214474578	0.5138999167496764	0.5544023186355372	0.6289153837652601	0.5266129093270041	0.545434230422573	0.5449230857814438	1.0	0.5554789363431016	0.518138107799667	0.5378439320673071	0.5242352982134909	0.5389434221277651	0.5292093960234735	0.5435771728854643	0.5413354002592194	0.5324822390200155	0.5294117647058824	0.5565756222927872	0.6525555073838801	0.5552154229552947	0.5	0.5374608155320578	0.5384615384615384	0.5394903062606732
mk	0.5360561582641991	0.5487982195845698	0.6707692307692308	0.5420207743153919	0.5254304701612502	0.5109083365962507	0.5248257082713736	0.506379040794603	0.5095888694387117	0.5102625558929939	0.5344921238457361	0.5319148936170213	0.520032365913016	0.5339036209780577	0.5102774677305625	0.5142864215166019	0.5157135148822662	0.5554789363431016	1.0	0.5434525219038598	0.5650857719475277	0.5096444446276629	0.5153442438700719	0.5124544236398519	0.5171411536937864	0.5141303535186843	0.5373134328358209	0.6888888888888889	0.5308056872037915	0.5443808526858352	0.5192863580434188	0.5	0.516036050187516	0.7089337175792507	0.5163463102574882
ml	0.5348837209302326	0.513448731909974	0.6666666666666666	0.6111111111111112	0.506723825830104	0.5027888029775626	0.5063938618925832	0.5015234613040829	0.5022665457842249	0.5027545754445394	0.508089777254555	0.5714285714285714	0.5050709939148074	0.5091900387351613	0.5024826216484608	0.5036496350364964	0.5042158516020236	0.518138107799667	0.5434525219038598	1.0	0.6116504854368933	0.5023169601482854	0.5037212413356741	0.5028506271379704	0.5041667453007268	0.5038368056411741	0.5277777777777778	0.7042253521126761	0.5135135135135135	0.5114385631788448	0.5043668122270742	0.5	0.5061728395061729	0.7184466019417476	0.5037821482602118
mr	0.5384615384615384	0.5240482741473197	0.6832298136645962	0.5985037406483791	0.5134957357441798	0.5050318658506144	0.5116321677977349	0.5027322404371585	0.5036036036036037	0.5044092682608309	0.5160791011715727	0.5416666666666666	0.5092591408574376	0.5187048567870486	0.5039775613059088	0.5063470706114471	0.5075387352242047	0.5378439320673071	0.5650857719475277	0.6116504854368933	1.0	0.5041712602948395	0.5067031224166921	0.5051547905068664	0.5075645936066008	0.5060874856089573	0.5333333333333333	0.7	0.5254444684373426	0.522877545622851	0.507691876773852	0.5	0.5111214978966759	0.7150259067357513	0.5068253370850284
nl	0.5040951316036327	0.5309908614350074	0.5015673981191223	0.5027777777777778	0.555529188469734	0.6156604086502375	0.566495007985557	0.608879764441423	0.6011440868761055	0.608640744751664	0.548722568376704	0.5013927576601671	0.5861993479350494	0.5406976233448574	0.6084227472320464	0.5838446006703505	0.563909376320079	0.5242352982134909	0.5096444446276629	0.5023169601482854	0.5041712602948395	1.0	0.5970319321220184	0.6095956455581152	0.5825424323917632	0.597710878859887	0.5045867099510106	0.510670731707317	0.5319124489965303	0.5322578974715431	0.5784421734636652	0.5	0.5519259501736925	0.5122699386503067	0.5949289036502068
pl	0.5064377682403434	0.5471825461012458	0.5013020833333334	0.504424778761062	0.5631543906951633	0.6102572735159018	0.5903388737016881	0.5853320019559016	0.600241836589656	0.6099393859435192	0.5739353256913732	0.5022222222222222	0.6004470332386438	0.558855574667579	0.6148465899218117	0.601196812217764	0.5807335650469815	0.5389434221277651	0.5153442438700719	0.5037212413356741	0.5067031224166921	0.5970319321220184	1.0	0.5917697700520554	0.5947663776729513	0.6171331170955549	0.5087789500713304	0.5082592121982211	0.5477246060209511	0.5538524916026046	0.5749483414447157	0.5	0.5459071718908602	0.510230179028133	0.5988459361350407
pt	0.5083986562150056	0.5321025937981236	0.5011961722488038	0.5034168564920273	0.5473428040271275	0.595943590692468	0.5688314715940945	0.5837039915699478	0.6023425798229184	0.6049822008091723	0.5557414179110601	0.5017142857142858	0.5914898696256946	0.5460187263682178	0.6018973124539682	0.5898583339945072	0.5733290541571514	0.5292093960234735	0.5124544236398519	0.5028506271379704	0.5051547905068664	0.6095956455581152	0.5917697700520554	1.0	0.5905596820677276	0.5892411990740266	0.5050799035592504	0.5081967213114754	0.5378984590426812	0.5342738931174225	0.5594227661905912	0.5	0.5375503814584884	0.5094117647058823	0.583768801646328
ro	0.5088564975646672	0.5511353057732812	0.5029761904761905	0.5049738465098308	0.5542725627209169	0.5979193662217434	0.5900358431916839	0.5672107131679167	0.5816726276273437	0.6119610426268046	0.5737625314525879	0.502495840266223	0.6104807525182419	0.5612378997773265	0.5916564779362716	0.5982700495874462	0.5753043820012146	0.5435771728854643	0.5171411536937864	0.5041667453007268	0.5075645936066008	0.5825424323917632	0.5947663776729513	0.5905596820677276	1.0	0.6057285236457798	0.5064934852819881	0.5168539325842697	0.5441526711835518	0.5469487929451792	0.5651112300244967	0.5	0.5449645725209827	0.5213675213675213	0.5946404444540171
ru	0.5074066319213607	0.5505049386082899	0.6680919294494923	0.5045592705167173	0.564254391012319	0.6146314470828361	0.5965739639144727	0.5833204634656992	0.606245342572169	0.6139811986286241	0.5815444270550038	0.5022900763358779	0.5994915957935304	0.5666971373255066	0.6124798957810933	0.6184596965364034	0.5898049571049384	0.5413354002592194	0.5141303535186843	0.5038368056411741	0.5060874856089573	0.597710878859887	0.6171331170955549	0.5892411990740266	0.6057285236457798	1.0	0.5074626865671642	0.6786850477200425	0.5504513373005409	0.5478265604498265	0.5765009960354296	0.5	0.5534007982611402	0.6779840848806366	0.6132310551534076
sh	0.5403624382207578	0.5277285781072597	0.5020661157024793	0.5263157894736842	0.5110410094637224	0.5071605569513005	0.5112909229035696	0.5039469230539841	0.5053859964093357	0.5048700762973499	0.5154273356219752	0.5151515151515151	0.5069448966089413	0.5173994327916706	0.5064079451964995	0.5080213903743316	0.5074661450334373	0.5324822390200155	0.5373134328358209	0.5277777777777778	0.5333333333333333	0.5045867099510106	0.5087789500713304	0.5050799035592504	0.5064934852819881	0.5074626865671642	1.0	0.5139442231075697	0.5123152709359606	0.5321331276463058	0.5084745762711864	0.5	0.5058479532163742	0.5150300601202404	0.5074581097761629
si	0.7017543859649122	0.528	0.6666666666666666	0.72	0.5194029850746269	0.5064805583250249	0.6964618249534451	0.5057239057239057	0.506641366223909	0.5074766355140187	0.6915351506456241	0.7131782945736435	0.5154929577464789	0.5092838196286472	0.5057581573896353	0.6850477200424179	0.6873614190687362	0.5294117647058824	0.6888888888888889	0.7042253521126761	0.7	0.510670731707317	0.5082592121982211	0.5081967213114754	0.5168539325842697	0.6786850477200425	0.5139442231075697	1.0	0.529126213592233	0.5100154083204931	0.512589928057554	0.6947368421052631	0.6972176759410802	0.7586206896551725	0.6877113866967305
simple	0.5242718446601942	0.5511487115802546	0.5053763440860215	0.5133689839572192	0.5645894066628957	0.5412579122650139	0.5640321262880569	0.5257995179769072	0.5340774391142493	0.5376945857456614	0.5773237636851738	0.5081967213114754	0.5503673862568484	0.5649426985567817	0.5378175069205235	0.5547262743670948	0.5550383194141136	0.5565756222927872	0.5308056872037915	0.5135135135135135	0.5254444684373426	0.5319124489965303	0.5477246060209511	0.5378984590426812	0.5441526711835518	0.5504513373005409	0.5123152709359606	0.529126213592233	1.0	0.5539194374610136	0.5545164194509002	0.5	0.5403303224193282	0.5320197044334976	0.5502770696261469
sr	0.509903864278982	0.6449109661739532	0.5007923930269413	0.5139664804469274	0.5809127380147415	0.540412706756479	0.5712672695704045	0.5256746134546068	0.5320574784165514	0.5357129788201243	0.6015058028188154	0.5085714285714286	0.558587363075719	0.6102071312432507	0.5360933929581452	0.5528623706181893	0.5517107700935389	0.6525555073838801	0.5443808526858352	0.5114385631788448	0.522877545622851	0.5322578974715431	0.5538524916026046	0.5342738931174225	0.5469487929451792	0.5478265604498265	0.5321331276463058	0.5100154083204931	0.5539194374610136	1.0	0.5597292779824664	0.5	0.5374186171329896	0.5108359133126935	0.5482984398997656
sv	0.5093945720250522	0.5682239997349376	0.5018587360594796	0.5065502183406114	0.6004182645476152	0.5716445412062993	0.5826616644942246	0.5605762607142241	0.5590880030649247	0.5663057221134092	0.579605324105701	0.5032967032967033	0.5799099910101203	0.5711205895484823	0.5684200896561323	0.581564992741529	0.5715176745022827	0.5552154229552947	0.5192863580434188	0.5043668122270742	0.507691876773852	0.5784421734636652	0.5749483414447157	0.5594227661905912	0.5651112300244967	0.5765009960354296	0.5084745762711864	0.512589928057554	0.5545164194509002	0.5597292779824664	1.0	0.5	0.5756111947813066	0.5144927536231884	0.5759398666763258
te	0.5	0.5	0.6666666666666666	0.5	0.5	0.5	0.5	0.5	0.5	0.5	0.5	0.5	0.5	0.5	0.5	0.5	0.5	0.5	0.5	0.5	0.5	0.5	0.5	0.5	0.5	0.5	0.5	0.6947368421052631	0.5	0.5	0.5	1.0	0.5	0.6956521739130435	0.5
vi	0.511748356970982	0.5427528887086965	0.6711864406779662	0.5076923076923077	0.5577497703999419	0.5448719707633918	0.5521382190283403	0.5449716601595389	0.5379383764515178	0.542745754077849	0.5471088877965089	0.5046728971962617	0.5592337662378445	0.5618988911747013	0.5461281795727347	0.5600875321519577	0.5459546930819059	0.5374608155320578	0.516036050187516	0.5061728395061729	0.5111214978966759	0.5519259501736925	0.5459071718908602	0.5375503814584884	0.5449645725209827	0.5534007982611402	0.5058479532163742	0.6972176759410802	0.5403303224193282	0.5374186171329896	0.5756111947813066	0.5	1.0	0.7019867549668874	0.5570819465656932
war	0.7289719626168224	0.546218487394958	0.6666666666666666	0.787878787878788	0.5242424242424242	0.5075075075075075	0.6992481203007519	0.5053908355795148	0.5076190476190476	0.5074906367041199	0.6956521739130435	0.7193675889328064	0.5170454545454546	0.5106666666666667	0.5067437379576109	0.688034188034188	0.6905027932960894	0.5384615384615384	0.7089337175792507	0.7184466019417476	0.7150259067357513	0.5122699386503067	0.510230179028133	0.5094117647058823	0.5213675213675213	0.6779840848806366	0.5150300601202404	0.7586206896551725	0.5320197044334976	0.5108359133126935	0.5144927536231884	0.6956521739130435	0.7019867549668874	1.0	0.6909090909090909
zh	0.5088634187478787	0.5491330296266278	0.6697459584295612	0.5045317220543807	0.5692516749276002	0.6094985958477541	0.5894632994333229	0.5848557183806918	0.5973824619177425	0.5977671386791956	0.5762551765051462	0.5022761760242792	0.5838074576481744	0.5681262980527698	0.6036443492716508	0.611396169287578	0.5892567924251495	0.5394903062606732	0.5163463102574882	0.5037821482602118	0.5068253370850284	0.5949289036502068	0.5988459361350407	0.583768801646328	0.5946404444540171	0.6132310551534076	0.5074581097761629	0.6877113866967305	0.5502770696261469	0.5482984398997656	0.5759398666763258	0.5	0.5570819465656932	0.6909090909090909	1.0
