arz	bs	ceb	ckb	da	de	el	en	es	fr	he	hi	hu	id	it	ja	ko	lv	mk	ml	mr	nl	pl	pt	ro	ru	sh	si	simple	sr	sv	te	vi	war	zh
arz	0.05562970687663281	0.25	0.0	0.3333333333333333	0.14285714285714285	0.09093388429752067	0.083361125	0.06250391016016016	0.1	0.0833472361250139	0.12503124999999998	0.5	0.125	0.125046875	0.1	0.11112345679012345	0.08333333333333333	0.20007999999999998	0.20004004004004003	0.3333333333333333	0.25	0.11112345679012345	0.1111111111111111	0.06666666666666667	0.09094217357025622	0.10000999999999999	0.25006249999999997	0.3333333333333333	0.1	0.25006249999999997	0.1111111111111111	0.0	0.125015625	0.2	0.08334027777777778
bs	0.25	0.01434307807522352	0.0	0.20003999999999997	0.017295355768645698	0.014314546643071642	0.016180439338303137	0.014301444711038593	0.015153810835629016	0.016497026418121372	0.017629530486585894	0.3333333333333333	0.016184911249805412	0.016763617374957185	0.014315165652363194	0.01643167656810902	0.01543663547705236	0.023040430777325056	0.0625703907110431	0.25006249999999997	0.1431639607177015	0.014976791017881871	0.01541948156929266	0.01726251281573548	0.016318024171869717	0.014960210281202434	0.11112345679012345	0.14285714285714285	0.033334444444444444	0.01834592985760292	0.01542067237225062	0.0	0.028589395924084895	0.09090909090909091	0.015179570325192572
ceb	0.0	0.0	0.5	0.0	1.0	0.5	0.5	0.5	0.5	0.5	0.5	1.0	0.5	0.5	0.5	0.5	0.5	1.0	1.0	0.0	0.5	0.5	0.5	0.5	0.5	0.5	0.5	0.0	0.5	1.0	0.5	0.0	0.5	0.0	0.5
ckb	0.3333333333333333	0.20003999999999997	0.0	0.16669444444444442	0.20003999999999997	0.16666666666666666	0.16666666666666666	0.16666666666666666	0.16666666666666666	0.16666666666666666	0.2	0.5	0.20003999999999997	0.20003999999999997	0.16666666666666666	0.2	0.16666666666666666	0.2	0.25006249999999997	0.25	0.20003999999999997	0.16666666666666666	0.16666666666666666	0.16666666666666666	0.16669444444444442	0.16666666666666666	0.5	0.3333333333333333	0.2	0.2	0.16666666666666666	0.0	0.2	0.16666666666666666	0.16666666666666666
da	0.14285714285714285	0.017295355768645698	1.0	0.20003999999999997	0.006874259653414828	0.00855344203769757	0.01053874207316404	0.0068535391261966595	0.008264667713953965	0.008647525587472983	0.012678770125725722	0.3333333333333333	0.00981768524368804	0.013360409703840179	0.007640703520431448	0.010427635751092889	0.009719873046296934	0.02049179980038317	0.06252735939064064	0.25006249999999997	0.12507817192192194	0.007590075812148223	0.009531434651975602	0.010210124325699397	0.011948858739045611	0.009623528112987065	0.14285714285714285	0.07692307692307693	0.01852023319615912	0.016988030703339603	0.008558345110837409	0.0	0.016134236993496358	0.0625	0.009016398427157454
de	0.09093388429752067	0.014314546643071642	0.5	0.16666666666666666	0.00855344203769757	0.0022908271169712526	0.006031254110185559	0.002311636380723052	0.002702936471877282	0.002955615472991477	0.00878333142576788	0.3333333333333333	0.004553381428408417	0.010650987679852333	0.0028052458168574142	0.00417231646822427	0.0050831087251843625	0.0200420962100598	0.0500075	0.20004004004004003	0.11116053088890125	0.002864697111328215	0.0037088130948670925	0.0036259999362018356	0.0044705337991058	0.0036277357626880455	0.07693491124260354	0.07692307692307693	0.012195716835217132	0.013177487400330234	0.006140884759651367	0.0	0.010103663401693705	0.06666666666666667	0.003749489436090484
el	0.083361125	0.016180439338303137	0.5	0.16666666666666666	0.01053874207316404	0.006031254110185559	0.005300623263394491	0.005323339352508432	0.005780781215543453	0.006088500357577491	0.009924764834348643	0.3333333333333333	0.007889112341362553	0.012220755471410603	0.00565719641254278	0.006906219851917805	0.007259580223554266	0.019683892432064698	0.05001751251001001	0.2	0.1111728518642099	0.0061112368328069	0.006545489324190852	0.006807722849647648	0.007242652623408978	0.006338700707765821	0.11114814814814815	0.08333333333333333	0.015625976562499998	0.01591443839896529	0.00885943740263445	0.0	0.015390297988402366	0.07692307692307693	0.006674185073874052
en	0.06250391016016016	0.014301444711038593	0.5	0.16666666666666666	0.0068535391261966595	0.002311636380723052	0.005323339352508432	0.0012619806245469142	0.001923243365388313	0.002318776305112062	0.008341257923756255	0.3333333333333333	0.004137685720968669	0.009442602443934587	0.0020516818474749948	0.0037487298624070214	0.004488753145894894	0.019252610223755927	0.04763038548752834	0.2	0.1111111111111111	0.002164117920589579	0.0030704327532016192	0.0028425968658399407	0.0040648249533251045	0.0031472171804332602	0.07692899408284024	0.058823529411764705	0.011236333796237848	0.011778977178006935	0.004548824898886014	0.0	0.006291761520826034	0.0625	0.0030886982944398154
es	0.1	0.015153810835629016	0.5	0.16666666666666666	0.008264667713953965	0.002702936471877282	0.005780781215543453	0.001923243365388313	0.001825107333119382	0.002653624974642782	0.008334097222222222	0.3333333333333333	0.004386484341335795	0.01052764542936288	0.002342106872741033	0.004000352032016016	0.004831174589838736	0.01923409800295858	0.047621315192743756	0.2	0.125	0.002747584870494203	0.0034015688254893798	0.003003156309462615	0.004238994667875754	0.003289776662049861	0.08333333333333333	0.07142857142857142	0.012345831428135955	0.01315841412742382	0.0061351951898829474	0.0	0.010101316192225282	0.0625	0.003508870421668206
fr	0.0833472361250139	0.016497026418121372	0.5	0.16666666666666666	0.008647525587472983	0.002955615472991477	0.006088500357577491	0.002318776305112062	0.002653624974642782	0.0024745900132435387	0.008591878560267312	0.3333333333333333	0.004514344673666766	0.01104300568747347	0.0027103069068854456	0.004222098594938416	0.005051319951880226	0.020151154005281738	0.05266205817451523	0.20008008008008007	0.12515648464090653	0.0031411882967140093	0.0037785761563433086	0.0034122817287712335	0.004447162648134375	0.003708265555864789	0.11112345679012345	0.0625	0.013159972299168975	0.014786124621788443	0.006556217342011797	0.0	0.010539076816335258	0.0625	0.004130251413377286
he	0.12503124999999998	0.017629530486585894	0.5	0.2	0.012678770125725722	0.00878333142576788	0.009924764834348643	0.008341257923756255	0.008334097222222222	0.008591878560267312	0.008394239664848932	0.3333333333333333	0.01089573785952247	0.014128886392864309	0.008559299682336898	0.009451885880066286	0.009281605415354048	0.0197363241354079	0.05559260802778086	0.25006256256256254	0.12507818753126562	0.008949824723534663	0.009023643170015028	0.009354713434283703	0.010078006926012295	0.008562377066858296	0.125046875	0.07692307692307693	0.017860651467474807	0.016458453450672792	0.01125391066413483	0.0	0.021286107292894072	0.06666666666666667	0.009022665484272479
hi	0.5	0.3333333333333333	1.0	0.5	0.3333333333333333	0.3333333333333333	0.3333333333333333	0.3333333333333333	0.3333333333333333	0.3333333333333333	0.3333333333333333	0.33344444444444443	0.33344444444444443	0.3333333333333333	0.3333333333333333	0.5	0.3333333333333333	0.33344444444444443	0.3333333333333333	0.5	0.5	0.3333333333333333	0.3333333333333333	0.3333333333333333	0.3333333333333333	0.3333333333333333	1.0	0.1111111111111111	0.3333333333333333	0.3333333333333333	0.3333333333333333	0.0	0.3333333333333333	0.1	0.3333333333333333
hu	0.125	0.016184911249805412	0.5	0.20003999999999997	0.00981768524368804	0.004553381428408417	0.007889112341362553	0.004137685720968669	0.004386484341335795	0.004514344673666766	0.01089573785952247	0.33344444444444443	0.004227733393482265	0.011793570578233058	0.004299780441127873	0.006071460526698298	0.007532899588528448	0.019696679291471807	0.050035015002499995	0.2	0.11119758025925926	0.0046219491395561	0.0054738126492067845	0.004980625635562299	0.005700828878888863	0.005595250826542026	0.14289795918367346	0.09090909090909091	0.016394248857833915	0.015663920181588464	0.008141201357157882	0.0	0.012055746410802296	0.08333333333333333	0.006376574474187361
id	0.125046875	0.016763617374957185	0.5	0.20003999999999997	0.013360409703840179	0.010650987679852333	0.012220755471410603	0.009442602443934587	0.01052764542936288	0.01104300568747347	0.014128886392864309	0.3333333333333333	0.011793570578233058	0.009579578514690715	0.010430681225716713	0.010656324298314923	0.010232376199974007	0.01976751529056909	0.06253127346096096	0.25006249999999997	0.12515645340659415	0.010777256115940987	0.011381487135925362	0.011506684647786244	0.012290754045568375	0.010545187207197408	0.125046875	0.07142857142857142	0.022224197530864197	0.017032296172396957	0.013008808465786488	0.0	0.017869586417411033	0.0625	0.010217842585719528
it	0.1	0.014315165652363194	0.5	0.16666666666666666	0.007640703520431448	0.0028052458168574142	0.00565719641254278	0.0020516818474749948	0.002342106872741033	0.0027103069068854456	0.008559299682336898	0.3333333333333333	0.004299780441127873	0.010430681225716713	0.0020594500414234463	0.004005222648827358	0.004909060281164487	0.019277120155115623	0.04762358276643991	0.2	0.12503124999999998	0.0028475415231501086	0.0033605201219123115	0.003249264190547964	0.00441097933279935	0.003452919913947554	0.07692899408284024	0.08333333333333333	0.012048628247931483	0.013355414280805847	0.005922977632371035	0.0	0.009094050578843141	0.07142857142857142	0.003653395337343298
ja	0.11112345679012345	0.01643167656810902	0.5	0.2	0.010427635751092889	0.00417231646822427	0.006906219851917805	0.0037487298624070214	0.004000352032016016	0.004222098594938416	0.009451885880066286	0.5	0.006071460526698298	0.010656324298314923	0.004005222648827358	0.003776849879977589	0.005627336191818418	0.02046034933860236	0.06252344923048048	0.25	0.142877571449	0.004492948272057717	0.005161503146522951	0.004811300667253213	0.005816387792457164	0.004658247240996812	0.1111111111111111	0.07692307692307693	0.014085300535608013	0.01590583510687545	0.007526720797003122	0.0	0.011116051482964323	0.06666666666666667	0.004836501605599534
ko	0.08333333333333333	0.01543663547705236	0.5	0.16666666666666666	0.009719873046296934	0.0050831087251843625	0.007259580223554266	0.004488753145894894	0.004831174589838736	0.005051319951880226	0.009281605415354048	0.3333333333333333	0.007532899588528448	0.010232376199974007	0.004909060281164487	0.005627336191818418	0.0035182407662656063	0.0196885183775829	0.05265373961218836	0.2	0.11112345679012345	0.005568548709901031	0.00599671463834527	0.005560807164663644	0.007040170314630551	0.005627777769645988	0.11113580246913579	0.07142857142857142	0.013158587257617727	0.015190641892059537	0.008075587039375692	0.0	0.013338846756800889	0.0625	0.00553079000122845
lv	0.20007999999999998	0.023040430777325056	1.0	0.2	0.02049179980038317	0.0200420962100598	0.019683892432064698	0.019252610223755927	0.01923409800295858	0.020151154005281738	0.0197363241354079	0.33344444444444443	0.019696679291471807	0.01976751529056909	0.019277120155115623	0.02046034933860236	0.0196885183775829	0.019571777553213064	0.07156148008765478	0.25012506256256256	0.12542333295331723	0.01968658833375993	0.019663746313475478	0.02003446090779517	0.020286033156250438	0.01928788692841689	0.1250782032188282	0.09090909090909091	0.03448394768133174	0.02107395727186155	0.020471662377328795	0.0	0.035744929880139074	0.07142857142857142	0.0196482942852352
mk	0.20004004004004003	0.0625703907110431	1.0	0.25006249999999997	0.06252735939064064	0.0500075	0.05001751251001001	0.04763038548752834	0.047621315192743756	0.05266205817451523	0.05559260802778086	0.3333333333333333	0.050035015002499995	0.06253127346096096	0.04762358276643991	0.06252344923048048	0.05265373961218836	0.07156148008765478	0.04562253959385283	0.25006256256256254	0.16683347236125018	0.04763946258957143	0.04763718820861678	0.04546487603305785	0.047691705342571646	0.052639891969531866	0.2	0.16666666666666666	0.07692307692307693	0.0588754948997683	0.05558025	0.0	0.09092561983471074	0.09090909090909091	0.045460743801652895
ml	0.3333333333333333	0.25006249999999997	0.0	0.25	0.25006249999999997	0.20004004004004003	0.2	0.2	0.2	0.20008008008008007	0.25006256256256254	0.5	0.2	0.25006249999999997	0.2	0.25	0.2	0.25012506256256256	0.25006256256256254	0.20016012012012013	0.20008008008008007	0.2	0.20003999999999997	0.2	0.20012004004004005	0.20003999999999997	0.5	0.16666666666666666	0.2	0.25012506256256256	0.25	0.0	0.25	0.125	0.2
mr	0.25	0.1431639607177015	0.5	0.20003999999999997	0.12507817192192194	0.11116053088890125	0.1111728518642099	0.1111111111111111	0.125	0.12515648464090653	0.12507818753126562	0.5	0.11119758025925926	0.12515645340659415	0.12503124999999998	0.142877571449	0.11112345679012345	0.12542333295331723	0.16683347236125018	0.20008008008008007	0.10059355120683876	0.11114817286422225	0.11116049382716049	0.11113580246913579	0.11142065688381055	0.12503126564064063	0.3333333333333333	0.2	0.11112345679012345	0.12517214106318858	0.14291838775510204	0.0	0.14291836734693877	0.14285714285714285	0.11113580246913579
nl	0.11112345679012345	0.014976791017881871	0.5	0.16666666666666666	0.007590075812148223	0.002864697111328215	0.0061112368328069	0.002164117920589579	0.002747584870494203	0.0031411882967140093	0.008949824723534663	0.3333333333333333	0.0046219491395561	0.010777256115940987	0.0028475415231501086	0.004492948272057717	0.005568548709901031	0.01968658833375993	0.04763946258957143	0.2	0.11114817286422225	0.001980140646602013	0.0036981979014321206	0.002981327927729665	0.004762929397817071	0.003725920924678677	0.10000999999999999	0.07142857142857142	0.01333546702222222	0.013926616469198471	0.005034764432496304	0.0	0.00775759113364846	0.0625	0.0037805893136596217
pl	0.1111111111111111	0.01541948156929266	0.5	0.16666666666666666	0.009531434651975602	0.0037088130948670925	0.006545489324190852	0.0030704327532016192	0.0034015688254893798	0.0037785761563433086	0.009023643170015028	0.3333333333333333	0.0054738126492067845	0.011381487135925362	0.0033605201219123115	0.005161503146522951	0.00599671463834527	0.019663746313475478	0.04763718820861678	0.20003999999999997	0.11116049382716049	0.0036981979014321206	0.003057215678768539	0.004332605557169189	0.005410466981670084	0.0042076915418050006	0.08334722222222221	0.07692307692307693	0.013514426588750912	0.013186525417547917	0.007150876234859045	0.0	0.01219898988786526	0.0625	0.004766738937712723
pt	0.06666666666666667	0.01726251281573548	0.5	0.16666666666666666	0.010210124325699397	0.0036259999362018356	0.006807722849647648	0.0028425968658399407	0.003003156309462615	0.0034122817287712335	0.009354713434283703	0.3333333333333333	0.004980625635562299	0.011506684647786244	0.003249264190547964	0.004811300667253213	0.005560807164663644	0.02003446090779517	0.04546487603305785	0.2	0.11113580246913579	0.002981327927729665	0.004332605557169189	0.002340055736855145	0.004735454207600984	0.0044877461261254425	0.11112345679012345	0.07142857142857142	0.013513878743608472	0.015640637949470466	0.007303161917311204	0.0	0.012197948096371208	0.0625	0.004697570103352664
ro	0.09094217357025622	0.016318024171869717	0.5	0.16669444444444442	0.011948858739045611	0.0044705337991058	0.007242652623408978	0.0040648249533251045	0.004238994667875754	0.004447162648134375	0.010078006926012295	0.3333333333333333	0.005700828878888863	0.012290754045568375	0.00441097933279935	0.005816387792457164	0.007040170314630551	0.020286033156250438	0.047691705342571646	0.20012004004004005	0.11142065688381055	0.004762929397817071	0.005410466981670084	0.004735454207600984	0.0038115475897701665	0.005005705464384337	0.125046890625	0.08333333333333333	0.015876039556563363	0.016534120445525335	0.008731334647447839	0.0	0.013537477065330773	0.06666666666666667	0.0053724450409425315
ru	0.10000999999999999	0.014960210281202434	0.5	0.16666666666666666	0.009623528112987065	0.0036277357626880455	0.006338700707765821	0.0031472171804332602	0.003289776662049861	0.003708265555864789	0.008562377066858296	0.3333333333333333	0.005595250826542026	0.010545187207197408	0.003452919913947554	0.004658247240996812	0.005627777769645988	0.01928788692841689	0.052639891969531866	0.20003999999999997	0.12503126564064063	0.003725920924678677	0.0042076915418050006	0.0044877461261254425	0.005005705464384337	0.003144861928798415	0.1	0.058823529411764705	0.013158760387811634	0.014953718297794714	0.00709854157602998	0.0	0.01087322932478745	0.0625	0.004333375034448309
sh	0.25006249999999997	0.11112345679012345	0.5	0.5	0.14285714285714285	0.07693491124260354	0.11114814814814815	0.07692899408284024	0.08333333333333333	0.11112345679012345	0.125046875	1.0	0.14289795918367346	0.125046875	0.07692899408284024	0.1111111111111111	0.11113580246913579	0.1250782032188282	0.2	0.5	0.3333333333333333	0.10000999999999999	0.08334722222222221	0.11112345679012345	0.125046890625	0.1	0.07151541850528083	0.07142857142857142	0.2	0.08334722222222221	0.125	0.0	0.25	0.06666666666666667	0.10000999999999999
si	0.3333333333333333	0.14285714285714285	0.0	0.3333333333333333	0.07692307692307693	0.07692307692307693	0.08333333333333333	0.058823529411764705	0.07142857142857142	0.0625	0.07692307692307693	0.1111111111111111	0.09090909090909091	0.07142857142857142	0.08333333333333333	0.07692307692307693	0.07142857142857142	0.09090909090909091	0.16666666666666666	0.16666666666666666	0.2	0.07142857142857142	0.07692307692307693	0.07142857142857142	0.08333333333333333	0.058823529411764705	0.07142857142857142	0.058823529411764705	0.08333333333333333	0.07692307692307693	0.07142857142857142	0.5	0.07142857142857142	0.16666666666666666	0.07142857142857142
simple	0.1	0.033334444444444444	0.5	0.2	0.01852023319615912	0.012195716835217132	0.015625976562499998	0.011236333796237848	0.012345831428135955	0.013159972299168975	0.017860651467474807	0.3333333333333333	0.016394248857833915	0.022224197530864197	0.012048628247931483	0.014085300535608013	0.013158587257617727	0.03448394768133174	0.07692307692307693	0.2	0.11112345679012345	0.01333546702222222	0.013514426588750912	0.013513878743608472	0.015876039556563363	0.013158760387811634	0.2	0.08333333333333333	0.011121861367047046	0.029415224913494808	0.01612955254942768	0.0	0.027027757487216943	0.07692307692307693	0.01315893351800554
sr	0.25006249999999997	0.01834592985760292	1.0	0.2	0.016988030703339603	0.013177487400330234	0.01591443839896529	0.011778977178006935	0.01315841412742382	0.014786124621788443	0.016458453450672792	0.3333333333333333	0.015663920181588464	0.017032296172396957	0.013355414280805847	0.01590583510687545	0.015190641892059537	0.02107395727186155	0.0588754948997683	0.25012506256256256	0.12517214106318858	0.013926616469198471	0.013186525417547917	0.015640637949470466	0.016534120445525335	0.014953718297794714	0.08334722222222221	0.07692307692307693	0.029415224913494808	0.011987118414477272	0.016428186669246607	0.0	0.03031956933885033	0.07142857142857142	0.01451084039638001
sv	0.1111111111111111	0.01542067237225062	0.5	0.16666666666666666	0.008558345110837409	0.006140884759651367	0.00885943740263445	0.004548824898886014	0.0061351951898829474	0.006556217342011797	0.01125391066413483	0.3333333333333333	0.008141201357157882	0.013008808465786488	0.005922977632371035	0.007526720797003122	0.008075587039375692	0.020471662377328795	0.05558025	0.25	0.14291838775510204	0.005034764432496304	0.007150876234859045	0.007303161917311204	0.008731334647447839	0.00709854157602998	0.125	0.07142857142857142	0.01612955254942768	0.016428186669246607	0.004517249963084788	0.0	0.010209186278426072	0.0625	0.007097333135558927
te	0.0	0.0	0.0	0.0	0.0	0.0	0.0	0.0	0.0	0.0	0.0	0.0	0.0	0.0	0.0	0.0	0.0	0.0	0.0	0.0	0.0	0.0	0.0	0.0	0.0	0.0	0.0	0.5	0.0	0.0	0.0	0.0	0.0	0.5	0.0
vi	0.125015625	0.028589395924084895	0.5	0.2	0.016134236993496358	0.010103663401693705	0.015390297988402366	0.006291761520826034	0.010101316192225282	0.010539076816335258	0.021286107292894072	0.3333333333333333	0.012055746410802296	0.017869586417411033	0.009094050578843141	0.011116051482964323	0.013338846756800889	0.035744929880139074	0.09092561983471074	0.25	0.14291836734693877	0.00775759113364846	0.01219898988786526	0.012197948096371208	0.013537477065330773	0.01087322932478745	0.25	0.07142857142857142	0.027027757487216943	0.03031956933885033	0.010209186278426072	0.0	0.006344004348842893	0.0625	0.010207102353394419
war	0.2	0.09090909090909091	0.0	0.16666666666666666	0.0625	0.06666666666666667	0.07692307692307693	0.0625	0.0625	0.0625	0.06666666666666667	0.1	0.08333333333333333	0.0625	0.07142857142857142	0.06666666666666667	0.0625	0.07142857142857142	0.09090909090909091	0.125	0.14285714285714285	0.0625	0.0625	0.0625	0.06666666666666667	0.0625	0.06666666666666667	0.16666666666666666	0.07692307692307693	0.07142857142857142	0.0625	0.5	0.0625	0.0625	0.0625
zh	0.08334027777777778	0.015179570325192572	0.5	0.16666666666666666	0.009016398427157454	0.003749489436090484	0.006674185073874052	0.0030886982944398154	0.003508870421668206	0.004130251413377286	0.009022665484272479	0.3333333333333333	0.006376574474187361	0.010217842585719528	0.003653395337343298	0.004836501605599534	0.00553079000122845	0.0196482942852352	0.045460743801652895	0.2	0.11113580246913579	0.0037805893136596217	0.004766738937712723	0.004697570103352664	0.0053724450409425315	0.004333375034448309	0.10000999999999999	0.07142857142857142	0.01315893351800554	0.01451084039638001	0.007097333135558927	0.0	0.010207102353394419	0.0625	0.0031101035681203723
