arz	bs	ceb	ckb	da	de	el	en	es	fr	he	hi	hu	id	it	ja	ko	lv	mk	ml	mr	nl	pl	pt	ro	ru	sh	si	simple	sr	sv	te	tr	vi	war	zh
arz	1.0	0.5555555555555556	0.6666666666666666	0.75	0.5416666666666666	0.5078125	0.75	0.5036231884057971	0.5096153846153846	0.5069444444444444	0.6938775510204082	0.7272727272727273	0.5238095238095238	0.5384615384615384	0.5104166666666666	0.6823529411764706	0.6875	0.782608695652174	0.7692307692307692	0.823529411764706	0.9090909090909091	0.5113636363636364	0.5131578947368421	0.5111111111111111	0.5357142857142857	0.6815642458100559	0.5555555555555556	0.7692307692307692	0.5357142857142857	0.5294117647058824	0.515625	1.0	0.5263157894736842	0.72	0.6000000000000001	0.6842105263157894
bs	0.5555555555555556	1.0	0.5068493150684932	0.6206896551724138	0.6356877323420075	0.5298507462686567	0.5806451612903225	0.5141843971631206	0.5363636363636364	0.5266666666666667	0.5405405405405405	0.5789473684210527	0.56	0.6060606060606061	0.5339805825242718	0.5333333333333333	0.5434782608695652	0.6000000000000001	0.5925925925925926	0.6190476190476191	0.5789473684210527	0.5425531914893617	0.5421686746987951	0.5416666666666666	0.6000000000000001	0.5275590551181103	0.7242798353909465	0.5789473684210527	0.6000000000000001	0.5714285714285714	0.5571428571428572	0.5555555555555556	0.5777777777777777	0.6000000000000001	0.6000000000000001	0.5370370370370371
ceb	0.6666666666666666	0.5068493150684932	1.0	0.6666666666666666	0.5024154589371981	0.5005688282138794	0.6666666666666666	0.5001778726431875	0.500381679389313	0.5001591849729385	0.670076726342711	0.6726457399103138	0.6696629213483146	0.5023148148148148	0.5007874015748032	0.6697247706422018	0.671304347826087	0.6739130434782609	0.6725663716814159	0.6751592356687898	0.6666666666666666	0.5005025125628141	0.5010989010989011	0.5010330578512396	0.5032258064516129	0.6679764243614931	0.5027027027027027	0.6902654867256638	0.5033557046979865	0.50187265917603	0.5009174311926605	0.6666666666666666	-1.0	0.6728538283062645	0.5185185185185185	0.5013123359580053
ckb	0.75	0.6206896551724138	0.6666666666666666	1.0	0.6000000000000001	0.5367647058823529	0.8333333333333334	0.5176056338028169	0.5398230088495575	0.525974025974026	0.7368421052631579	0.8571428571428571	0.5555555555555556	0.5945945945945946	0.5327102803738317	0.7333333333333333	0.7536231884057971	0.8717948717948718	0.8571428571428571	0.8571428571428571	0.787878787878788	0.5520833333333334	0.5465116279069767	0.54	0.6052631578947368	0.7225130890052356	0.6428571428571428	0.787878787878788	0.5897435897435898	0.5777777777777777	0.5540540540540541	0.75	0.5833333333333333	0.8666666666666667	0.5833333333333333	0.7317073170731707
da	0.5416666666666666	0.6356877323420075	0.5024154589371981	0.6000000000000001	1.0	0.5401459854014599	0.5675675675675675	0.5192982456140351	0.5486725663716814	0.5324675324675325	0.5657894736842105	0.5813953488372093	0.5740740740740741	0.5750000000000001	0.5471698113207547	0.5403225806451613	0.5520833333333334	0.5806451612903225	0.5757575757575757	0.5925925925925926	0.56	0.5510204081632653	0.5581395348837209	0.55	0.5853658536585366	0.5426356589147286	0.6312292358803987	0.56	0.5714285714285714	0.5869565217391304	0.56	0.5416666666666666	0.5576923076923077	0.5869565217391304	0.5769230769230769	0.5398230088495575
de	0.5078125	0.5298507462686567	0.5005688282138794	0.5367647058823529	0.5401459854014599	1.0	0.5367647058823529	0.5813953488372093	0.5876288659793815	0.5955555555555555	0.5792682926829268	0.5460992907801419	0.5608108108108109	0.539568345323741	0.6043956043956044	0.6010101010101011	0.5865921787709497	0.5263157894736842	0.5259259259259259	0.5190839694656488	0.5116279069767442	0.6033307567985383	0.5847953216374269	0.5911602209944752	0.5428571428571428	0.6039603960396039	0.5298507462686567	0.5116279069767442	0.5428571428571428	0.5486111111111112	0.5696969696969697	0.5078125	0.5472972972972973	0.5524475524475525	0.5153846153846153	0.5824742268041238
el	0.75	0.5806451612903225	0.6666666666666666	0.8333333333333334	0.5675675675675675	0.5367647058823529	1.0	0.5176056338028169	0.5350877192982456	0.5294117647058824	0.7777777777777779	0.8	0.5660377358490566	0.5945945945945946	0.5480769230769231	0.7415730337078651	0.7428571428571428	0.8717948717948718	0.8571428571428571	0.8571428571428571	0.787878787878788	0.5463917525773195	0.5595238095238095	0.5510204081632653	0.6052631578947368	0.7379679144385026	0.6000000000000001	0.787878787878788	0.5897435897435898	0.5909090909090909	0.5694444444444444	0.75	0.5833333333333333	0.8125	0.5833333333333333	0.7407407407407407
en	0.5036231884057971	0.5141843971631206	0.5001778726431875	0.5176056338028169	0.5192982456140351	0.5813953488372093	0.5176056338028169	1.0	0.573170731707317	0.5942857142857143	0.546925566343042	0.5243055555555556	0.5322033898305085	0.519163763066202	0.5714285714285714	0.5778443113772456	0.5628930817610063	0.5124555160142349	0.5141843971631206	0.5089605734767025	0.5054151624548736	0.5625	0.5576923076923077	0.558641975308642	0.5226480836236934	0.5850746268656717	0.5141843971631206	0.5054151624548736	0.5226480836236934	0.5275862068965518	0.5490196078431373	0.5036231884057971	0.5308219178082192	0.523972602739726	0.5071942446043165	0.5753846153846154
es	0.5096153846153846	0.5363636363636364	0.500381679389313	0.5398230088495575	0.5486725663716814	0.5876288659793815	0.5350877192982456	0.573170731707317	1.0	0.5922330097087379	0.5763888888888888	0.5508474576271186	0.5634920634920635	0.5384615384615384	0.593939393939394	0.5879120879120879	0.5923566878980892	0.5272727272727272	0.5315315315315315	0.5233644859813085	0.5142857142857143	0.5875	0.601366742596811	0.5900621118012422	0.5470085470085471	0.5851063829787234	0.5315315315315315	0.5142857142857143	0.5423728813559322	0.5491803278688525	0.5857142857142857	0.5096153846153846	0.5564516129032258	0.5583333333333333	0.5188679245283019	0.5976331360946746
fr	0.5069444444444444	0.5266666666666667	0.5001591849729385	0.525974025974026	0.5324675324675325	0.5955555555555555	0.5294117647058824	0.5942857142857143	0.5922330097087379	1.0	0.5628415300546448	0.5379746835443038	0.558282208588957	0.5354838709677419	0.6051282051282051	0.596244131455399	0.5885416666666666	0.5234899328859061	0.5266666666666667	0.5170068027210885	0.5103448275862069	0.5757575757575757	0.5775401069518716	0.5897435897435898	0.5384615384615384	0.593607305936073	0.5266666666666667	0.5103448275862069	0.5384615384615384	0.54375	0.5698324022346368	0.5069444444444444	0.5460122699386503	0.54375	0.5136986301369862	0.6019900497512438
he	0.6938775510204082	0.5405405405405405	0.670076726342711	0.7368421052631579	0.5657894736842105	0.5792682926829268	0.7777777777777779	0.546925566343042	0.5763888888888888	0.5628415300546448	1.0	0.7540983606557377	0.5714285714285714	0.55	0.5766423357664234	0.8148148148148148	0.8043478260869565	0.7428571428571428	0.7407407407407407	0.7326732673267327	0.7070707070707071	0.5769230769230769	0.5897435897435898	0.5757575757575757	0.5487804878048781	0.823529411764706	0.5333333333333333	0.7070707070707071	0.5625	0.5714285714285714	0.5779816513761468	0.6938775510204082	0.5555555555555556	0.7741935483870968	0.5294117647058824	0.803921568627451
hi	0.7272727272727273	0.5789473684210527	0.6726457399103138	0.8571428571428571	0.5813953488372093	0.5460992907801419	0.8	0.5243055555555556	0.5508474576271186	0.5379746835443038	0.7540983606557377	1.0	0.5666666666666667	0.5777777777777777	0.5545454545454546	0.7608695652173914	0.7671232876712328	0.8571428571428571	0.8461538461538461	0.8085106382978723	0.7555555555555555	0.5643564356435644	0.5543478260869565	0.5576923076923077	0.5869565217391304	0.7487179487179487	0.5945945945945946	0.7555555555555555	0.5869565217391304	0.5882352941176471	0.5555555555555556	0.7272727272727273	0.5714285714285714	0.8108108108108107	0.5625	0.7710843373493976
hu	0.5238095238095238	0.56	0.6696629213483146	0.5555555555555556	0.5740740740740741	0.5608108108108109	0.5660377358490566	0.5322033898305085	0.5634920634920635	0.558282208588957	0.5714285714285714	0.5666666666666667	1.0	0.5818181818181818	0.5726495726495727	0.5588235294117647	0.5688073394495413	0.574468085106383	0.5714285714285714	0.5555555555555556	0.5348837209302326	0.5727272727272728	0.5757575757575757	0.5765765765765766	0.5689655172413793	0.5524475524475525	0.56	0.5348837209302326	0.5892857142857143	0.5901639344262295	0.5795454545454545	0.5238095238095238	0.5588235294117647	0.5806451612903225	0.5454545454545455	0.5555555555555556
id	0.5384615384615384	0.6060606060606061	0.5023148148148148	0.5945945945945946	0.5750000000000001	0.539568345323741	0.5945945945945946	0.519163763066202	0.5384615384615384	0.5354838709677419	0.55	0.5777777777777777	0.5818181818181818	1.0	0.5566037735849056	0.5439999999999999	0.5510204081632653	0.59375	0.5882352941176471	0.5862068965517242	0.5555555555555556	0.5555555555555556	0.5697674418604651	0.56	0.5952380952380952	0.5378787878787878	0.6060606060606061	0.5555555555555556	0.5813953488372093	0.6101694915254238	0.5921958684009181	0.5384615384615384	0.5882352941176471	0.5833333333333333	0.5714285714285714	0.543859649122807
it	0.5104166666666666	0.5339805825242718	0.5007874015748032	0.5327102803738317	0.5471698113207547	0.6043956043956044	0.5480769230769231	0.5714285714285714	0.593939393939394	0.6051282051282051	0.5766423357664234	0.5545454545454546	0.5726495726495727	0.5566037735849056	1.0	0.5988372093023255	0.5855263157894737	0.5346534653465347	0.5392156862745098	0.5252525252525253	0.5154639175257733	0.5882352941176471	0.60431654676259	0.610738255033557	0.5555555555555556	0.6022727272727273	0.5339805825242718	0.5154639175257733	0.5504587155963303	0.5625	0.5954198473282443	0.5104166666666666	0.5652173913043479	0.5526315789473684	0.5204081632653061	0.5987654320987654
ja	0.6823529411764706	0.5333333333333333	0.6697247706422018	0.7333333333333333	0.5403225806451613	0.6010101010101011	0.7415730337078651	0.5778443113772456	0.5879120879120879	0.596244131455399	0.8148148148148148	0.7608695652173914	0.5588235294117647	0.5439999999999999	0.5988372093023255	1.0	0.8596491228070176	0.72	0.7272727272727273	0.7052023121387283	0.6900584795321637	0.5892857142857143	0.607843137254902	0.5952380952380952	0.5519999999999999	0.8550185873605949	0.5333333333333333	0.6900584795321637	0.5476190476190476	0.5538461538461539	0.576158940397351	0.6823529411764706	0.556390977443609	0.7741935483870968	0.5172413793103449	0.8688524590163935
ko	0.6875	0.5434782608695652	0.671304347826087	0.7536231884057971	0.5520833333333334	0.5865921787709497	0.7428571428571428	0.5628930817610063	0.5923566878980892	0.5885416666666666	0.8043478260869565	0.7671232876712328	0.5688073394495413	0.5510204081632653	0.5855263157894737	0.8596491228070176	1.0	0.7368421052631579	0.7462686567164178	0.7175572519083969	0.6976744186046512	0.5944055944055944	0.5939849624060151	0.589041095890411	0.5612244897959184	0.831275720164609	0.5434782608695652	0.6976744186046512	0.5612244897959184	0.5686274509803921	0.5703125	0.6875	0.5607476635514019	0.7837837837837838	0.5227272727272727	0.8363636363636364
lv	0.782608695652174	0.6000000000000001	0.6739130434782609	0.8717948717948718	0.5806451612903225	0.5263157894736842	0.8717948717948718	0.5124555160142349	0.5272727272727272	0.5234899328859061	0.7428571428571428	0.8571428571428571	0.574468085106383	0.59375	0.5346534653465347	0.72	0.7368421052631579	1.0	0.9677419354838709	0.9230769230769231	0.8333333333333334	0.5376344086021506	0.5365853658536585	0.5368421052631579	0.5882352941176471	0.717391304347826	0.625	0.8333333333333334	0.6060606060606061	0.5897435897435898	0.5507246376811594	0.782608695652174	0.5813953488372093	0.8070175438596492	0.6111111111111112	0.7261146496815286
mk	0.7692307692307692	0.5925925925925926	0.6725663716814159	0.8571428571428571	0.5757575757575757	0.5259259259259259	0.8571428571428571	0.5141843971631206	0.5315315315315315	0.5266666666666667	0.7407407407407407	0.8461538461538461	0.5714285714285714	0.5882352941176471	0.5392156862745098	0.7272727272727273	0.7462686567164178	0.9677419354838709	1.0	0.896551724137931	0.8148148148148148	0.5425531914893617	0.5421686746987951	0.5416666666666666	0.6000000000000001	0.7243243243243243	0.6153846153846154	0.8148148148148148	0.6000000000000001	0.6000000000000001	0.5492957746478874	0.7692307692307692	0.5909090909090909	0.8275862068965518	0.6000000000000001	0.7341772151898734
ml	0.823529411764706	0.6190476190476191	0.6751592356687898	0.8571428571428571	0.5925925925925926	0.5190839694656488	0.8571428571428571	0.5089605734767025	0.5233644859813085	0.5170068027210885	0.7326732673267327	0.8085106382978723	0.5555555555555556	0.5862068965517242	0.5252525252525253	0.7052023121387283	0.7175572519083969	0.9230769230769231	0.896551724137931	1.0	0.8888888888888888	0.5274725274725275	0.5316455696202532	0.5268817204301075	0.5806451612903225	0.7032967032967034	0.6190476190476191	0.8888888888888888	0.5806451612903225	0.5675675675675675	0.5373134328358209	0.823529411764706	0.5609756097560976	0.7924528301886793	0.6428571428571428	0.7096774193548386
mr	0.9090909090909091	0.5789473684210527	0.6666666666666666	0.787878787878788	0.56	0.5116279069767442	0.787878787878788	0.5054151624548736	0.5142857142857143	0.5103448275862069	0.7070707070707071	0.7555555555555555	0.5348837209302326	0.5555555555555556	0.5154639175257733	0.6900584795321637	0.6976744186046512	0.8333333333333334	0.8148148148148148	0.8888888888888888	1.0	0.5168539325842697	0.5194805194805194	0.5164835164835164	0.5517241379310345	0.6888888888888889	0.5789473684210527	0.75	0.5517241379310345	0.5428571428571428	0.5230769230769231	0.9090909090909091	0.5384615384615384	0.7450980392156863	0.6363636363636364	0.6928104575163399
nl	0.5113636363636364	0.5425531914893617	0.5005025125628141	0.5520833333333334	0.5510204081632653	0.6033307567985383	0.5463917525773195	0.5625	0.5875	0.5757575757575757	0.5769230769230769	0.5643564356435644	0.5727272727272728	0.5555555555555556	0.5882352941176471	0.5892857142857143	0.5944055944055944	0.5376344086021506	0.5425531914893617	0.5274725274725275	0.5168539325842697	1.0	0.5839416058394161	0.5982745686421606	0.56	0.5862068965517242	0.5425531914893617	0.5168539325842697	0.5656565656565656	0.5673076923076923	0.5736434108527132	0.5113636363636364	0.5721594542741419	0.5619047619047619	0.5222222222222223	0.5923566878980892
pl	0.5131578947368421	0.5421686746987951	0.5010989010989011	0.5465116279069767	0.5581395348837209	0.5847953216374269	0.5595238095238095	0.5576923076923077	0.601366742596811	0.5775401069518716	0.5897435897435898	0.5543478260869565	0.5757575757575757	0.5697674418604651	0.60431654676259	0.607843137254902	0.5939849624060151	0.5365853658536585	0.5421686746987951	0.5316455696202532	0.5194805194805194	0.5839416058394161	1.0	0.5955882352941176	0.5681818181818182	0.5925925925925926	0.5421686746987951	0.5194805194805194	0.5555555555555556	0.5698924731182795	0.5811965811965811	0.5131578947368421	0.5555555555555556	0.5698924731182795	0.5256410256410257	0.5838926174496645
pt	0.5111111111111111	0.5416666666666666	0.5010330578512396	0.54	0.55	0.5911602209944752	0.5510204081632653	0.558641975308642	0.5900621118012422	0.5897435897435898	0.5757575757575757	0.5576923076923077	0.5765765765765766	0.56	0.610738255033557	0.5952380952380952	0.589041095890411	0.5368421052631579	0.5416666666666666	0.5268817204301075	0.5164835164835164	0.5982745686421606	0.5955882352941176	1.0	0.5643564356435644	0.5852272727272727	0.5416666666666666	0.5164835164835164	0.5588235294117647	0.5660377358490566	0.6000000000000001	0.5111111111111111	0.5887696118909992	0.5660377358490566	0.5217391304347826	0.5949367088607594
ro	0.5357142857142857	0.6000000000000001	0.5032258064516129	0.6052631578947368	0.5853658536585366	0.5428571428571428	0.6052631578947368	0.5226480836236934	0.5470085470085471	0.5384615384615384	0.5487804878048781	0.5869565217391304	0.5689655172413793	0.5952380952380952	0.5555555555555556	0.5519999999999999	0.5612244897959184	0.5882352941176471	0.6000000000000001	0.5806451612903225	0.5517241379310345	0.56	0.5681818181818182	0.5643564356435644	1.0	0.5454545454545455	0.6176470588235294	0.5517241379310345	0.5777777777777777	0.6041666666666666	0.5789473684210527	0.5357142857142857	0.5961538461538461	0.6041666666666666	0.5666666666666667	0.5575221238938053
ru	0.6815642458100559	0.5275590551181103	0.6679764243614931	0.7225130890052356	0.5426356589147286	0.6039603960396039	0.7379679144385026	0.5850746268656717	0.5851063829787234	0.593607305936073	0.823529411764706	0.7487179487179487	0.5524475524475525	0.5378787878787878	0.6022727272727273	0.8550185873605949	0.831275720164609	0.717391304347826	0.7243243243243243	0.7032967032967034	0.6888888888888889	0.5862068965517242	0.5925925925925926	0.5852272727272727	0.5454545454545455	1.0	0.5275590551181103	0.6888888888888889	0.5413533834586466	0.5597014925373135	0.5769230769230769	0.6815642458100559	0.5539568345323741	0.7537688442211056	0.5163934426229508	0.8482490272373542
sh	0.5555555555555556	0.7242798353909465	0.5027027027027027	0.6428571428571428	0.6312292358803987	0.5298507462686567	0.6000000000000001	0.5141843971631206	0.5315315315315315	0.5266666666666667	0.5333333333333333	0.5945945945945946	0.56	0.6060606060606061	0.5339805825242718	0.5333333333333333	0.5434782608695652	0.625	0.6153846153846154	0.6190476190476191	0.5789473684210527	0.5425531914893617	0.5421686746987951	0.5416666666666666	0.6176470588235294	0.5275590551181103	1.0	0.5789473684210527	0.6000000000000001	0.5853658536585366	0.5571428571428572	0.5555555555555556	0.5909090909090909	0.6000000000000001	0.6000000000000001	0.5370370370370371
si	0.7692307692307692	0.5789473684210527	0.6902654867256638	0.787878787878788	0.56	0.5116279069767442	0.787878787878788	0.5054151624548736	0.5142857142857143	0.5103448275862069	0.7070707070707071	0.7555555555555555	0.5348837209302326	0.5555555555555556	0.5154639175257733	0.6900584795321637	0.6976744186046512	0.8333333333333334	0.8148148148148148	0.8888888888888888	0.75	0.5168539325842697	0.5194805194805194	0.5164835164835164	0.5517241379310345	0.6888888888888889	0.5789473684210527	1.0	0.5517241379310345	0.5428571428571428	0.5230769230769231	0.7692307692307692	0.5384615384615384	0.7450980392156863	0.5833333333333333	0.6928104575163399
simple	0.5357142857142857	0.6000000000000001	0.5033557046979865	0.5897435897435898	0.5714285714285714	0.5428571428571428	0.5897435897435898	0.5226480836236934	0.5423728813559322	0.5384615384615384	0.5625	0.5869565217391304	0.5892857142857143	0.5813953488372093	0.5504587155963303	0.5476190476190476	0.5612244897959184	0.6060606060606061	0.6000000000000001	0.5806451612903225	0.5517241379310345	0.5656565656565656	0.5555555555555556	0.5588235294117647	0.5777777777777777	0.5413533834586466	0.6000000000000001	0.5517241379310345	1.0	0.6041666666666666	0.5714285714285714	0.5357142857142857	0.5849056603773585	0.5800000000000001	0.5666666666666667	0.5526315789473684
sr	0.5294117647058824	0.5714285714285714	0.50187265917603	0.5777777777777777	0.5869565217391304	0.5486111111111112	0.5909090909090909	0.5275862068965518	0.5491803278688525	0.54375	0.5714285714285714	0.5882352941176471	0.5901639344262295	0.6101694915254238	0.5625	0.5538461538461539	0.5686274509803921	0.5897435897435898	0.6000000000000001	0.5675675675675675	0.5428571428571428	0.5673076923076923	0.5698924731182795	0.5660377358490566	0.6041666666666666	0.5597014925373135	0.5853658536585366	0.5428571428571428	0.6041666666666666	1.0	0.573170731707317	0.5294117647058824	0.5862068965517242	0.5818181818181818	0.5555555555555556	0.5593220338983051
sv	0.515625	0.5571428571428572	0.5009174311926605	0.5540540540540541	0.56	0.5696969696969697	0.5694444444444444	0.5490196078431373	0.5857142857142857	0.5698324022346368	0.5779816513761468	0.5555555555555556	0.5795454545454545	0.5921958684009181	0.5954198473282443	0.576158940397351	0.5703125	0.5507246376811594	0.5492957746478874	0.5373134328358209	0.5230769230769231	0.5736434108527132	0.5811965811965811	0.6000000000000001	0.5789473684210527	0.5769230769230769	0.5571428571428572	0.5230769230769231	0.5714285714285714	0.573170731707317	1.0	0.515625	0.5764705882352942	0.573170731707317	0.5303030303030303	0.5785714285714285
te	1.0	0.5555555555555556	0.6666666666666666	0.75	0.5416666666666666	0.5078125	0.75	0.5036231884057971	0.5096153846153846	0.5069444444444444	0.6938775510204082	0.7272727272727273	0.5238095238095238	0.5384615384615384	0.5104166666666666	0.6823529411764706	0.6875	0.782608695652174	0.7692307692307692	0.823529411764706	0.9090909090909091	0.5113636363636364	0.5131578947368421	0.5111111111111111	0.5357142857142857	0.6815642458100559	0.5555555555555556	0.7692307692307692	0.5357142857142857	0.5294117647058824	0.515625	1.0	0.5263157894736842	0.72	0.6000000000000001	0.6842105263157894
tr	0.5263157894736842	0.5777777777777777	-1.0	0.5833333333333333	0.5576923076923077	0.5472972972972973	0.5833333333333333	0.5308219178082192	0.5564516129032258	0.5460122699386503	0.5555555555555556	0.5714285714285714	0.5588235294117647	0.5882352941176471	0.5652173913043479	0.556390977443609	0.5607476635514019	0.5813953488372093	0.5909090909090909	0.5609756097560976	0.5384615384615384	0.5721594542741419	0.5555555555555556	0.5887696118909992	0.5961538461538461	0.5539568345323741	0.5909090909090909	0.5384615384615384	0.5849056603773585	0.5862068965517242	0.5764705882352942	0.5263157894736842	1.0	0.576271186440678	0.55	0.5666666666666667
vi	0.72	0.6000000000000001	0.6728538283062645	0.8666666666666667	0.5869565217391304	0.5524475524475525	0.8125	0.523972602739726	0.5583333333333333	0.54375	0.7741935483870968	0.8108108108108107	0.5806451612903225	0.5833333333333333	0.5526315789473684	0.7741935483870968	0.7837837837837838	0.8070175438596492	0.8275862068965518	0.7924528301886793	0.7450980392156863	0.5619047619047619	0.5698924731182795	0.5660377358490566	0.6041666666666666	0.7537688442211056	0.6000000000000001	0.7450980392156863	0.5800000000000001	0.5818181818181818	0.573170731707317	0.72	0.576271186440678	1.0	0.5555555555555556	0.7586206896551725
war	0.6000000000000001	0.6000000000000001	0.5185185185185185	0.5833333333333333	0.5769230769230769	0.5153846153846153	0.5833333333333333	0.5071942446043165	0.5188679245283019	0.5136986301369862	0.5294117647058824	0.5625	0.5454545454545455	0.5714285714285714	0.5204081632653061	0.5172413793103449	0.5227272727272727	0.6111111111111112	0.6000000000000001	0.6428571428571428	0.6363636363636364	0.5222222222222223	0.5256410256410257	0.5217391304347826	0.5666666666666667	0.5163934426229508	0.6000000000000001	0.5833333333333333	0.5666666666666667	0.5555555555555556	0.5303030303030303	0.6000000000000001	0.55	0.5555555555555556	1.0	0.5192307692307692
zh	0.6842105263157894	0.5370370370370371	0.5013123359580053	0.7317073170731707	0.5398230088495575	0.5824742268041238	0.7407407407407407	0.5753846153846154	0.5976331360946746	0.6019900497512438	0.803921568627451	0.7710843373493976	0.5555555555555556	0.543859649122807	0.5987654320987654	0.8688524590163935	0.8363636363636364	0.7261146496815286	0.7341772151898734	0.7096774193548386	0.6928104575163399	0.5923566878980892	0.5838926174496645	0.5949367088607594	0.5575221238938053	0.8482490272373542	0.5370370370370371	0.6928104575163399	0.5526315789473684	0.5593220338983051	0.5785714285714285	0.6842105263157894	0.5666666666666667	0.7586206896551725	0.5192307692307692	1.0
