arz	bs	ceb	ckb	da	de	el	en	es	fr	he	hi	hu	id	it	ja	ko	lv	mk	ml	mr	nl	pl	pt	ro	ru	sh	si	simple	sr	sv	te	tr	vi	war	zh
arz	0.5	0.038135593220338986	0.032520325203252036	0.038135593220338986	0.037815126050420166	0.03409090909090909	0.03461538461538462	0.027777777777777776	0.03409090909090909	0.028846153846153848	0.0375	0.0391304347826087	0.03435114503816794	0.03383458646616541	0.0371900826446281	0.03543307086614173	0.03103448275862069	0.038135593220338986	0.038135593220338986	0.038135593220338986	0.038135593220338986	0.037815126050420166	0.036290322580645164	0.036290322580645164	0.036885245901639344	0.03543307086614173	0.038135593220338986	0.08823529411764706	0.0371900826446281	0.0375	0.03125	0.042105263157894736	0.05555555555555555	0.036290322580645164	0.038135593220338986	0.03543307086614173
bs	0.038135593220338986	1.0	0.8410482561537962	0.5	0.9380432462469875	0.7990894418917565	0.45384615384615384	0.5779456712334983	0.7633598640803776	0.6088175621901184	0.49166666666666664	0.4872881355932203	0.5966728881805218	0.7875750907685808	0.9322567914524975	0.4645669291338583	0.4068965517241379	0.7829712530173359	0.5	0.5	0.5	0.9518679288353712	0.8811214122428246	0.5502184102851388	0.9035201234517335	0.4645669291338583	0.5718172331544424	0.13135593220338984	0.9298859666058406	0.49166666666666664	0.6921351101732233	0.38333333333333336	0.21778846153846154	0.8405087967722538	0.5003374831258437	0.5002759285417919
ceb	0.032520325203252036	0.8410482561537962	1.0	0.46	0.8421684648381647	0.8245998898460518	0.46923076923076923	0.598241940409196	0.7892228886379169	0.6278907697266587	0.468	0.448	0.5937231274667607	0.8124420342687313	0.858065953654189	0.48031496062992124	0.4206896551724138	0.7010883708322039	0.46	0.46	0.46	0.8546634702604639	0.890819650937298	0.5475128604464581	0.8537518590886863	0.48031496062992124	0.5225311410064774	0.12195121951219512	0.8754300109812028	0.468	0.7146413520132127	0.364	-1.0	0.8463093539307456	0.46032615786040443	0.5152236609521554
ckb	0.038135593220338986	0.5	0.46	0.5	0.4957983193277311	0.44696969696969696	0.45384615384615384	0.36419753086419754	0.44696969696969696	0.3782051282051282	0.49166666666666664	0.4872881355932203	0.45038167938931295	0.44360902255639095	0.48760330578512395	0.4645669291338583	0.4068965517241379	0.5	0.5	0.5	0.5	0.4957983193277311	0.47580645161290325	0.47580645161290325	0.48360655737704916	0.4645669291338583	0.5	0.13135593220338984	0.48760330578512395	0.49166666666666664	0.4097222222222222	0.38333333333333336	0.075	0.47580645161290325	0.5	0.4645669291338583
da	0.037815126050420166	0.9380432462469875	0.8421684648381647	0.4957983193277311	1.0	0.8001904009968526	0.4576923076923077	0.5793235424361427	0.7660996922046646	0.6110421212261887	0.49583333333333335	0.4831932773109244	0.6011800098290163	0.788587975781458	0.9330810987532885	0.468503937007874	0.4103448275862069	0.7698933912858645	0.4957983193277311	0.4957983193277311	0.4957983193277311	0.9303041396462357	0.8815511957347647	0.5541231593675935	0.9057698706714878	0.468503937007874	0.5660985364423526	0.13025210084033614	0.9307047647961413	0.49583333333333335	0.6928681113169994	0.3875	0.19642857142857142	0.8414512247195374	0.49613855825106395	0.5041010743270927
de	0.03409090909090909	0.7990894418917565	0.8245998898460518	0.44696969696969696	0.8001904009968526	1.0	0.49242424242424243	0.6515303344034751	0.8228224004939394	0.6866338667669466	0.45454545454545453	0.4356060606060606	0.6360143567197424	0.8399967240581259	0.8146140899694492	0.4664179104477612	0.45517241379310347	0.6675839730886443	0.44696969696969696	0.44696969696969696	0.44696969696969696	0.8108223197246152	0.8435822079039634	0.5276137817822655	0.8270154541893673	0.4810606060606061	0.5041915308643402	0.11742424242424243	0.829878430452047	0.45454545454545453	0.7818894952251023	0.3560606060606061	0.08571428571428572	0.8011253719236664	0.4471950527098296	0.4979827618697737
el	0.03461538461538462	0.45384615384615384	0.46923076923076923	0.45384615384615384	0.4576923076923077	0.49242424242424243	0.5	0.4012345679012346	0.49242424242424243	0.4166666666666667	0.46153846153846156	0.4423076923076923	0.48120300751879697	0.48134328358208955	0.4580152671755725	0.4734848484848485	0.4482758620689655	0.45384615384615384	0.45384615384615384	0.45384615384615384	0.45384615384615384	0.4576923076923077	0.47692307692307695	0.46946564885496184	0.46923076923076923	0.48846153846153845	0.45384615384615384	0.11923076923076924	0.4653846153846154	0.46153846153846156	0.4513888888888889	0.36153846153846153	0.13043478260869565	0.47692307692307695	0.45384615384615384	0.4734848484848485
en	0.027777777777777776	0.5779456712334983	0.598241940409196	0.36419753086419754	0.5793235424361427	0.6515303344034751	0.4012345679012346	1.0	0.6266899382122663	0.7593191847672431	0.37037037037037035	0.3549382716049383	0.5004711320239071	0.6557041473239815	0.6000605473739113	0.39197530864197533	0.44753086419753085	0.5026780945862565	0.36419753086419754	0.36419753086419754	0.36419753086419754	0.5856514753352595	0.6096617938791625	0.42606545665617396	0.5979494327168005	0.39197530864197533	0.40072330042437687	0.09567901234567901	0.5990324373200224	0.37037037037037035	0.7069433958746936	0.29012345679012347	0.09978341584158415	0.5862069906111738	0.36432710482501435	0.41335831451081945
es	0.03409090909090909	0.7633598640803776	0.7892228886379169	0.44696969696969696	0.7660996922046646	0.8228224004939394	0.49242424242424243	0.6266899382122663	1.0	0.658197207511517	0.45454545454545453	0.4356060606060606	0.6199630978649407	0.8151461977230312	0.7777001279700495	0.4664179104477612	0.45517241379310347	0.6537158062358297	0.44696969696969696	0.44696969696969696	0.44696969696969696	0.7741682416207876	0.8038676736864427	0.5253728931207511	0.790891220545812	0.4810606060606061	0.50228068816538	0.11742424242424243	0.7922564425518304	0.45454545454545453	0.7460084321070005	0.3560606060606061	0.1125	0.7700087437524777	0.4472630811562893	0.4975084143655241
fr	0.028846153846153848	0.6088175621901184	0.6278907697266587	0.3782051282051282	0.6110421212261887	0.6866338667669466	0.4166666666666667	0.7593191847672431	0.658197207511517	1.0	0.38461538461538464	0.3685897435897436	0.5232638698437823	0.6927754990904562	0.6319117550337777	0.40705128205128205	0.4525316455696203	0.5266310632687816	0.3782051282051282	0.3782051282051282	0.3782051282051282	0.6172036143438357	0.6401727780691042	0.4374736354985686	0.6308109835103248	0.40705128205128205	0.41870881765010737	0.09935897435897435	0.6305839423356282	0.38461538461538464	0.746169244456611	0.30128205128205127	0.10267673301304049	0.6163495100013424	0.3783698638044912	0.43044736557394786
he	0.0375	0.49166666666666664	0.468	0.49166666666666664	0.49583333333333335	0.45454545454545453	0.46153846153846156	0.37037037037037035	0.45454545454545453	0.38461538461538464	0.5	0.4791666666666667	0.4580152671755725	0.45112781954887216	0.49586776859504134	0.47244094488188976	0.41379310344827586	0.49166666666666664	0.49166666666666664	0.49166666666666664	0.49166666666666664	0.48760330578512395	0.4838709677419355	0.4838709677419355	0.4918032786885246	0.47244094488188976	0.49166666666666664	0.12916666666666668	0.49586776859504134	0.5	0.4166666666666667	0.39166666666666666	0.125	0.4838709677419355	0.49166666666666664	0.47244094488188976
hi	0.0391304347826087	0.4872881355932203	0.448	0.4872881355932203	0.4831932773109244	0.4356060606060606	0.4423076923076923	0.3549382716049383	0.4356060606060606	0.3685897435897436	0.4791666666666667	0.5	0.4389312977099237	0.4323308270676692	0.47520661157024796	0.452755905511811	0.39655172413793105	0.4872881355932203	0.4872881355932203	0.4872881355932203	0.4872881355932203	0.4831932773109244	0.4637096774193548	0.4637096774193548	0.4713114754098361	0.452755905511811	0.4872881355932203	0.13478260869565217	0.47520661157024796	0.4791666666666667	0.3993055555555556	0.37815126050420167	0.14583333333333334	0.4637096774193548	0.4872881355932203	0.452755905511811
hu	0.03435114503816794	0.5966728881805218	0.5937231274667607	0.45038167938931295	0.6011800098290163	0.6360143567197424	0.48120300751879697	0.5004711320239071	0.6199630978649407	0.5232638698437823	0.4580152671755725	0.4389312977099237	1.0	0.6125975612797048	0.6019124967251768	0.45555555555555555	0.4517241379310345	0.5667453157529493	0.45038167938931295	0.45038167938931295	0.45038167938931295	0.6017140012327533	0.6033087125256824	0.5087379471581863	0.6142378612477757	0.4699248120300752	0.4982617963483773	0.1183206106870229	0.6118254490612969	0.4580152671755725	0.5805199183233164	0.35877862595419846	0.0967741935483871	0.5963667212015613	0.4506548039341054	0.4819173151236038
id	0.03383458646616541	0.7875750907685808	0.8124420342687313	0.44360902255639095	0.788587975781458	0.8399967240581259	0.48134328358208955	0.6557041473239815	0.8151461977230312	0.6927754990904562	0.45112781954887216	0.4323308270676692	0.6125975612797048	1.0	0.82105918778583	0.4701492537313433	0.4586206896551724	0.6581392964631665	0.44360902255639095	0.44360902255639095	0.44360902255639095	0.7995733234110949	0.8315522495615482	0.523079411786644	0.8157192228473991	0.4774436090225564	0.49931784442610067	0.11654135338345864	0.8186181473100227	0.45112781954887216	0.789108104129868	0.3533834586466165	0.20270270270270271	0.7909976282989353	0.44389533673848675	0.5019433491136295
it	0.0371900826446281	0.9322567914524975	0.858065953654189	0.48760330578512395	0.9330810987532885	0.8146140899694492	0.4580152671755725	0.6000605473739113	0.7777001279700495	0.6319117550337777	0.49586776859504134	0.47520661157024796	0.6019124967251768	0.82105918778583	1.0	0.4763779527559055	0.41724137931034483	0.7587125773083028	0.48760330578512395	0.48760330578512395	0.48760330578512395	0.9265156973069494	0.8991086494493463	0.5535081062435322	0.9225572154269384	0.46875	0.5557090388022812	0.128099173553719	0.9495644526249812	0.49586776859504134	0.7195422240921119	0.3884297520661157	0.12878787878787878	0.8529828214471629	0.4879183877064235	0.5121542639750788
ja	0.03543307086614173	0.4645669291338583	0.48031496062992124	0.4645669291338583	0.468503937007874	0.4664179104477612	0.4734848484848485	0.39197530864197533	0.4664179104477612	0.40705128205128205	0.47244094488188976	0.452755905511811	0.45555555555555555	0.4701492537313433	0.4763779527559055	0.5	0.4315068493150685	0.4645669291338583	0.4645669291338583	0.4645669291338583	0.4645669291338583	0.468503937007874	0.4881889763779528	0.48046875	0.47265625	0.4844961240310077	0.4645669291338583	0.1220472440944882	0.4763779527559055	0.47244094488188976	0.43448275862068964	0.3700787401574803	0.16304347826086957	0.4881889763779528	0.4645669291338583	0.5
ko	0.03103448275862069	0.4068965517241379	0.4206896551724138	0.4068965517241379	0.4103448275862069	0.45517241379310347	0.4482758620689655	0.44753086419753085	0.45517241379310347	0.4525316455696203	0.41379310344827586	0.39655172413793105	0.4517241379310345	0.4586206896551724	0.41724137931034483	0.4315068493150685	0.5	0.4068965517241379	0.4068965517241379	0.4068965517241379	0.4068965517241379	0.4103448275862069	0.42758620689655175	0.42758620689655175	0.4206896551724138	0.4379310344827586	0.4068965517241379	0.10689655172413794	0.41724137931034483	0.41379310344827586	0.47635135135135137	0.32413793103448274	0.1896551724137931	0.42758620689655175	0.4068965517241379	0.4315068493150685
lv	0.038135593220338986	0.7829712530173359	0.7010883708322039	0.5	0.7698933912858645	0.6675839730886443	0.45384615384615384	0.5026780945862565	0.6537158062358297	0.5266310632687816	0.49166666666666664	0.4872881355932203	0.5667453157529493	0.6581392964631665	0.7587125773083028	0.4645669291338583	0.4068965517241379	1.0	0.5	0.5	0.5	0.775973204648832	0.7285533339856703	0.54255653321447	0.7443678030517896	0.4645669291338583	0.566397034041119	0.13135593220338984	0.7589595670526319	0.49166666666666664	0.5886388933892579	0.38333333333333336	0.14	0.7105933976012173	0.5003714250340473	0.4965419955080935
mk	0.038135593220338986	0.5	0.46	0.5	0.4957983193277311	0.44696969696969696	0.45384615384615384	0.36419753086419754	0.44696969696969696	0.3782051282051282	0.49166666666666664	0.4872881355932203	0.45038167938931295	0.44360902255639095	0.48760330578512395	0.4645669291338583	0.4068965517241379	0.5	0.5	0.5	0.5	0.4957983193277311	0.47580645161290325	0.47580645161290325	0.48360655737704916	0.4645669291338583	0.5	0.13135593220338984	0.48760330578512395	0.49166666666666664	0.4097222222222222	0.38333333333333336	0.12	0.47580645161290325	0.5	0.4645669291338583
ml	0.038135593220338986	0.5	0.46	0.5	0.4957983193277311	0.44696969696969696	0.45384615384615384	0.36419753086419754	0.44696969696969696	0.3782051282051282	0.49166666666666664	0.4872881355932203	0.45038167938931295	0.44360902255639095	0.48760330578512395	0.4645669291338583	0.4068965517241379	0.5	0.5	0.5	0.5	0.4957983193277311	0.47580645161290325	0.47580645161290325	0.48360655737704916	0.4645669291338583	0.5	0.13135593220338984	0.48760330578512395	0.49166666666666664	0.4097222222222222	0.38333333333333336	0.17307692307692307	0.47580645161290325	0.5	0.4645669291338583
mr	0.038135593220338986	0.5	0.46	0.5	0.4957983193277311	0.44696969696969696	0.45384615384615384	0.36419753086419754	0.44696969696969696	0.3782051282051282	0.49166666666666664	0.4872881355932203	0.45038167938931295	0.44360902255639095	0.48760330578512395	0.4645669291338583	0.4068965517241379	0.5	0.5	0.5	0.5	0.4957983193277311	0.47580645161290325	0.47580645161290325	0.48360655737704916	0.4645669291338583	0.5	0.13135593220338984	0.48760330578512395	0.49166666666666664	0.4097222222222222	0.38333333333333336	0.05	0.47580645161290325	0.5	0.4645669291338583
nl	0.037815126050420166	0.9518679288353712	0.8546634702604639	0.4957983193277311	0.9303041396462357	0.8108223197246152	0.4576923076923077	0.5856514753352595	0.7741682416207876	0.6172036143438357	0.48760330578512395	0.4831932773109244	0.6017140012327533	0.7995733234110949	0.9265156973069494	0.468503937007874	0.4103448275862069	0.775973204648832	0.4957983193277311	0.4957983193277311	0.4957983193277311	1.0	0.895768203157532	0.5541315847221742	0.9199666861154505	0.468503937007874	0.5666816344858554	0.13025210084033614	0.9232262728379081	0.48760330578512395	0.7021619779111317	0.38016528925619836	0.06714483590932155	0.8509884706970688	0.4961268824118433	0.5042079081270076
pl	0.036290322580645164	0.8811214122428246	0.890819650937298	0.47580645161290325	0.8815511957347647	0.8435822079039634	0.47692307692307695	0.6096617938791625	0.8038676736864427	0.6401727780691042	0.4838709677419355	0.4637096774193548	0.6033087125256824	0.8315522495615482	0.8991086494493463	0.4881889763779528	0.42758620689655175	0.7285533339856703	0.47580645161290325	0.47580645161290325	0.47580645161290325	0.895768203157532	1.0	0.556165845837175	0.8931261133341939	0.4881889763779528	0.5400753195374316	0.125	0.8969031342706049	0.4838709677419355	0.7296424300135467	0.3790322580645161	0.09632731958762887	0.8652330141358868	0.4761220196353436	0.5234986309271986
pt	0.036290322580645164	0.5502184102851388	0.5475128604464581	0.47580645161290325	0.5541231593675935	0.5276137817822655	0.46946564885496184	0.42606545665617396	0.5253728931207511	0.4374736354985686	0.4838709677419355	0.4637096774193548	0.5087379471581863	0.523079411786644	0.5535081062435322	0.48046875	0.42758620689655175	0.54255653321447	0.47580645161290325	0.47580645161290325	0.47580645161290325	0.5541315847221742	0.556165845837175	1.0	0.5580518398191963	0.48046875	0.5137451565066254	0.125	0.5625570906920009	0.4838709677419355	0.47765640731185505	0.3790322580645161	0.126105216622458	0.5649342975842437	0.4762318025274077	0.5045144368049294
ro	0.036885245901639344	0.9035201234517335	0.8537518590886863	0.48360655737704916	0.9057698706714878	0.8270154541893673	0.46923076923076923	0.5979494327168005	0.790891220545812	0.6308109835103248	0.4918032786885246	0.4713114754098361	0.6142378612477757	0.8157192228473991	0.9225572154269384	0.47265625	0.4206896551724138	0.7443678030517896	0.48360655737704916	0.48360655737704916	0.48360655737704916	0.9199666861154505	0.8931261133341939	0.5580518398191963	1.0	0.48031496062992124	0.5499886278146159	0.12704918032786885	0.9206798614418985	0.4918032786885246	0.7162073043161868	0.38524590163934425	0.10714285714285714	0.8486017120825982	0.4838940582754895	0.506672992338252
ru	0.03543307086614173	0.4645669291338583	0.48031496062992124	0.4645669291338583	0.468503937007874	0.4810606060606061	0.48846153846153845	0.39197530864197533	0.4810606060606061	0.40705128205128205	0.47244094488188976	0.452755905511811	0.4699248120300752	0.4774436090225564	0.46875	0.4844961240310077	0.4379310344827586	0.4645669291338583	0.4645669291338583	0.4645669291338583	0.4645669291338583	0.468503937007874	0.4881889763779528	0.48046875	0.48031496062992124	0.5	0.4645669291338583	0.1220472440944882	0.4763779527559055	0.47244094488188976	0.4409722222222222	0.3700787401574803	0.12337662337662338	0.4881889763779528	0.4645669291338583	0.4844961240310077
sh	0.038135593220338986	0.5718172331544424	0.5225311410064774	0.5	0.5660985364423526	0.5041915308643402	0.45384615384615384	0.40072330042437687	0.50228068816538	0.41870881765010737	0.49166666666666664	0.4872881355932203	0.4982617963483773	0.49931784442610067	0.5557090388022812	0.4645669291338583	0.4068965517241379	0.566397034041119	0.5	0.5	0.5	0.5666816344858554	0.5400753195374316	0.5137451565066254	0.5499886278146159	0.4645669291338583	1.0	0.13135593220338984	0.5557420406022271	0.49166666666666664	0.45693424608638006	0.38333333333333336	0.12962962962962962	0.5392788565978092	0.5007444168734492	0.4886773381794186
si	0.08823529411764706	0.13135593220338984	0.12195121951219512	0.13135593220338984	0.13025210084033614	0.11742424242424243	0.11923076923076924	0.09567901234567901	0.11742424242424243	0.09935897435897435	0.12916666666666668	0.13478260869565217	0.1183206106870229	0.11654135338345864	0.128099173553719	0.1220472440944882	0.10689655172413794	0.13135593220338984	0.13135593220338984	0.13135593220338984	0.13135593220338984	0.13025210084033614	0.125	0.125	0.12704918032786885	0.1220472440944882	0.13135593220338984	0.5	0.128099173553719	0.12916666666666668	0.1076388888888889	0.15789473684210525	0.023809523809523808	0.125	0.13135593220338984	0.1220472440944882
simple	0.0371900826446281	0.9298859666058406	0.8754300109812028	0.48760330578512395	0.9307047647961413	0.829878430452047	0.4653846153846154	0.5990324373200224	0.7922564425518304	0.6305839423356282	0.49586776859504134	0.47520661157024796	0.6118254490612969	0.8186181473100227	0.9495644526249812	0.4763779527559055	0.41724137931034483	0.7589595670526319	0.48760330578512395	0.48760330578512395	0.48760330578512395	0.9232262728379081	0.8969031342706049	0.5625570906920009	0.9206798614418985	0.4763779527559055	0.5557420406022271	0.128099173553719	1.0	0.49586776859504134	0.7174644643495126	0.3884297520661157	0.19145690312738367	0.869450923391885	0.4879207661025843	0.5120847443905141
sr	0.0375	0.49166666666666664	0.468	0.49166666666666664	0.49583333333333335	0.45454545454545453	0.46153846153846156	0.37037037037037035	0.45454545454545453	0.38461538461538464	0.5	0.4791666666666667	0.4580152671755725	0.45112781954887216	0.49586776859504134	0.47244094488188976	0.41379310344827586	0.49166666666666664	0.49166666666666664	0.49166666666666664	0.49166666666666664	0.48760330578512395	0.4838709677419355	0.4838709677419355	0.4918032786885246	0.47244094488188976	0.49166666666666664	0.12916666666666668	0.49586776859504134	0.5	0.4166666666666667	0.39166666666666666	0.11904761904761904	0.4838709677419355	0.49166666666666664	0.47244094488188976
sv	0.03125	0.6921351101732233	0.7146413520132127	0.4097222222222222	0.6928681113169994	0.7818894952251023	0.4513888888888889	0.7069433958746936	0.7460084321070005	0.746169244456611	0.4166666666666667	0.3993055555555556	0.5805199183233164	0.789108104129868	0.7195422240921119	0.43448275862068964	0.47635135135135137	0.5886388933892579	0.4097222222222222	0.4097222222222222	0.4097222222222222	0.7021619779111317	0.7296424300135467	0.47765640731185505	0.7162073043161868	0.4409722222222222	0.45693424608638006	0.1076388888888889	0.7174644643495126	0.4166666666666667	1.0	0.3263888888888889	0.13829787234042554	0.6990418821602984	0.40992724828982224	0.46126743986562774
te	0.042105263157894736	0.38333333333333336	0.364	0.38333333333333336	0.3875	0.3560606060606061	0.36153846153846153	0.29012345679012347	0.3560606060606061	0.30128205128205127	0.39166666666666666	0.37815126050420167	0.35877862595419846	0.3533834586466165	0.3884297520661157	0.3700787401574803	0.32413793103448274	0.38333333333333336	0.38333333333333336	0.38333333333333336	0.38333333333333336	0.38016528925619836	0.3790322580645161	0.3790322580645161	0.38524590163934425	0.3700787401574803	0.38333333333333336	0.15789473684210525	0.3884297520661157	0.39166666666666666	0.3263888888888889	0.5	0.13043478260869565	0.3790322580645161	0.38333333333333336	0.3700787401574803
tr	0.05555555555555555	0.21778846153846154	-1.0	0.075	0.19642857142857142	0.08571428571428572	0.13043478260869565	0.09978341584158415	0.1125	0.10267673301304049	0.125	0.14583333333333334	0.0967741935483871	0.20270270270270271	0.12878787878787878	0.16304347826086957	0.1896551724137931	0.14	0.12	0.17307692307692307	0.05	0.06714483590932155	0.09632731958762887	0.126105216622458	0.10714285714285714	0.12337662337662338	0.12962962962962962	0.023809523809523808	0.19145690312738367	0.11904761904761904	0.13829787234042554	0.13043478260869565	1.0	0.18055555555555555	0.05	0.18292682926829268
vi	0.036290322580645164	0.8405087967722538	0.8463093539307456	0.47580645161290325	0.8414512247195374	0.8011253719236664	0.47692307692307695	0.5862069906111738	0.7700087437524777	0.6163495100013424	0.4838709677419355	0.4637096774193548	0.5963667212015613	0.7909976282989353	0.8529828214471629	0.4881889763779528	0.42758620689655175	0.7105933976012173	0.47580645161290325	0.47580645161290325	0.47580645161290325	0.8509884706970688	0.8652330141358868	0.5649342975842437	0.8486017120825982	0.4881889763779528	0.5392788565978092	0.125	0.869450923391885	0.4838709677419355	0.6990418821602984	0.3790322580645161	0.18055555555555555	1.0	0.476125151318106	0.5234062997050322
war	0.038135593220338986	0.5003374831258437	0.46032615786040443	0.5	0.49613855825106395	0.4471950527098296	0.45384615384615384	0.36432710482501435	0.4472630811562893	0.3783698638044912	0.49166666666666664	0.4872881355932203	0.4506548039341054	0.44389533673848675	0.4879183877064235	0.4645669291338583	0.4068965517241379	0.5003714250340473	0.5	0.5	0.5	0.4961268824118433	0.4761220196353436	0.4762318025274077	0.4838940582754895	0.4645669291338583	0.5007444168734492	0.13135593220338984	0.4879207661025843	0.49166666666666664	0.40992724828982224	0.38333333333333336	0.05	0.476125151318106	1.0	0.46500133399919275
zh	0.03543307086614173	0.5002759285417919	0.5152236609521554	0.4645669291338583	0.5041010743270927	0.4979827618697737	0.4734848484848485	0.41335831451081945	0.4975084143655241	0.43044736557394786	0.47244094488188976	0.452755905511811	0.4819173151236038	0.5019433491136295	0.5121542639750788	0.5	0.4315068493150685	0.4965419955080935	0.4645669291338583	0.4645669291338583	0.4645669291338583	0.5042079081270076	0.5234986309271986	0.5045144368049294	0.506672992338252	0.4844961240310077	0.4886773381794186	0.1220472440944882	0.5120847443905141	0.47244094488188976	0.46126743986562774	0.3700787401574803	0.18292682926829268	0.5234062997050322	0.46500133399919275	1.0
