arz	bs	ceb	ckb	da	de	el	en	es	fr	he	hi	hu	id	it	ja	ko	lv	mk	ml	mr	nl	pl	pt	ro	ru	sh	si	simple	sr	sv	te	vi	war	zh
arz	1.0	0.0	0.0	0.0	1.0	1.0	1.0	1.0	1.0	1.0	0.0	1.0	1.0	1.0	1.0	1.0	1.0	1.0	0.0	1.0	0.0	1.0	1.0	1.0	1.0	1.0	1.0	0.0	1.0	1.0	1.0	0.0	1.0	0.0	1.0
bs	0.0	1.0	1.0	1.0	1.0	0.585786437626905	1.0	1.0	1.0	1.0	1.0	1.0	1.0	1.0	1.0	1.0	1.0	1.0	1.0	1.0	1.0	1.0	1.0	1.0	1.0	1.0	1.0	0.0	1.0	1.0	1.0	1.0	1.0	0.0	1.0
ceb	0.0	1.0	1.0	1.0	1.0	1.0	1.0	1.0	1.0	1.0	1.0	1.0	1.0	1.0	1.0	1.0	1.0	1.0	0.0	1.0	0.0	1.0	1.0	1.0	1.0	0.0	1.0	0.0	1.0	1.0	1.0	1.0	1.0	0.0	1.0
ckb	0.0	1.0	1.0	1.0	0.5	0.5	1.0	0.3266316347104093	1.0	0.585786437626905	1.0	1.0	0.585786437626905	1.0	0.5	1.0	1.0	1.0	1.0	0.0	1.0	1.0	0.585786437626905	0.585786437626905	1.0	1.0	0.5	1.0	1.0	1.0	1.0	1.0	1.0	0.0	1.0
da	1.0	1.0	1.0	0.5	1.0	0.08088034308660383	0.585786437626905	0.12694125289925526	0.08522081433316589	0.07278371304750446	0.23582845781094	0.4364916731037085	0.2	0.11313209035830576	0.12365660358672229	0.10862847864413237	0.09137768480894683	0.25824569976124334	1.0	1.0	0.585786437626905	0.10495555634425105	0.11863750683713684	0.0693078037994993	0.21089672205953397	0.11060039876245885	0.1590289821939793	1.0	0.162232901101684	0.16240307747230665	0.07961318083666322	1.0	0.2402530733520421	1.0	0.12998356649024212
de	1.0	0.585786437626905	1.0	0.5	0.08088034308660383	1.0	0.36602540378443865	0.04452615132493182	0.04941707159949944	0.04936917636923009	0.1898921977639714	0.36602540378443865	0.2402530733520421	0.12671173092547652	0.054886658300167396	0.11050996952001324	0.1442970426795824	0.5	0.585786437626905	1.0	1.0	0.05627184559784848	0.058656984043472866	0.05126472899099951	0.21551468935838852	0.06756315701840813	0.09315506098076629	1.0	0.38742588672279304	0.14745468145240584	0.12801114219422652	0.5	0.38742588672279304	1.0	0.10459476890575997
el	1.0	1.0	1.0	1.0	0.585786437626905	0.36602540378443865	1.0	0.06898754769504915	0.27429188517743175	0.25	1.0	1.0	0.28989794855663564	0.5	0.09188942814050755	1.0	0.585786437626905	1.0	1.0	1.0	1.0	0.39564392373896007	0.5	0.3660254037844386	0.585786437626905	1.0	0.22966848451216434	1.0	0.585786437626905	1.0	0.5	1.0	1.0	1.0	1.0
en	1.0	1.0	1.0	0.3266316347104093	0.12694125289925526	0.04452615132493182	0.06898754769504915	1.0	0.0269420742605607	0.02991605155585645	0.06409693590365309	0.16240307747230667	0.0701512666031277	0.05872706110994715	0.11107578982128878	0.03870032484972884	0.04878326082194112	0.19803190560151412	1.0	0.5	0.585786437626905	0.031066553775934324	0.04343595759916324	0.0493663130847603	0.08439705746771577	0.030505196226258087	0.14342134686525826	1.0	0.12100225940585654	0.0575344756873098	0.04483886327981197	0.3090169943749474	0.11388359763260737	1.0	0.0438614140647447
es	1.0	1.0	1.0	1.0	0.08522081433316589	0.04941707159949944	0.27429188517743175	0.0269420742605607	1.0	0.042664251553076134	0.2958163163244893	0.585786437626905	0.1566130288262323	0.17253779651421453	0.029898176181561972	0.1498238584501424	0.23874775399470893	0.585786437626905	1.0	1.0	0.585786437626905	0.10279728110680902	0.14268602801255417	0.03655682771690791	0.22746221195425345	0.14342762372277806	0.06445548276062825	1.0	0.38742588672279304	0.16855212267069633	0.13469707108175275	0.585786437626905	0.4142135623730951	1.0	0.2012628451930092
fr	1.0	1.0	1.0	0.585786437626905	0.07278371304750446	0.04936917636923009	0.25	0.02991605155585645	0.042664251553076134	1.0	0.26968623182294527	0.585786437626905	0.15143323323844607	0.12692100427106903	0.033462701561667835	0.11519216806670013	0.17475528550455577	0.44948974278317805	1.0	1.0	1.0	0.06761255548732502	0.12753389848460323	0.03897789036310946	0.22105656221702155	0.07199131195830276	0.07432458353537344	1.0	0.2928060946961875	0.12237847476499869	0.17490129375076	0.4364916731037085	0.3483314773547883	1.0	0.15894454156034005
he	0.0	1.0	1.0	1.0	0.23582845781094	0.1898921977639714	1.0	0.06409693590365309	0.2958163163244893	0.26968623182294527	1.0	1.0	0.585786437626905	0.5	0.08713713489543432	1.0	1.0	1.0	1.0	1.0	1.0	0.38742588672279304	0.4142135623730951	0.27429188517743175	0.5	0.4364916731037085	0.10542649822871229	1.0	1.0	1.0	0.5	1.0	0.5	1.0	1.0
hi	1.0	1.0	1.0	1.0	0.4364916731037085	0.36602540378443865	1.0	0.16240307747230667	0.585786437626905	0.585786437626905	1.0	1.0	1.0	0.585786437626905	0.2	1.0	1.0	1.0	1.0	1.0	1.0	1.0	0.585786437626905	0.585786437626905	1.0	1.0	0.23166247903554	1.0	0.5	1.0	0.585786437626905	1.0	1.0	0.0	1.0
hu	1.0	1.0	1.0	0.585786437626905	0.2	0.2402530733520421	0.28989794855663564	0.0701512666031277	0.1566130288262323	0.15143323323844607	0.585786437626905	1.0	1.0	0.3660254037844386	0.06949794187701751	0.28989794855663564	0.3430703308172536	1.0	1.0	1.0	1.0	0.2843646522044218	0.2958163163244893	0.2061257833323215	0.3333333333333333	0.30216947925196225	0.16881966169957016	1.0	0.585786437626905	0.4142135623730951	0.5	1.0	1.0	1.0	0.36602540378443865
id	1.0	1.0	1.0	1.0	0.11313209035830576	0.12671173092547652	0.5	0.05872706110994715	0.17253779651421453	0.12692100427106903	0.5	0.585786437626905	0.3660254037844386	1.0	0.06361254244153115	0.21239994067041815	0.26533119314590375	1.0	1.0	1.0	1.0	0.14267284571804792	0.19917226553439166	0.133327945073481	0.3090169943749474	0.23800671553691075	0.10182507229173575	1.0	0.4364916731037085	0.30216947925196225	0.21287878277187985	1.0	0.5	1.0	0.20799159651347807
it	1.0	1.0	1.0	0.5	0.12365660358672229	0.054886658300167396	0.09188942814050755	0.11107578982128878	0.029898176181561972	0.033462701561667835	0.08713713489543432	0.2	0.06949794187701751	0.06361254244153115	1.0	0.051289668401615245	0.056296398295435014	0.3797958971132712	1.0	1.0	1.0	0.04041261453807783	0.04723602179951558	0.049698978575512906	0.09286303886819358	0.043245725994931525	0.09518609954835693	1.0	0.11429374533721724	0.06870904624319261	0.05236278403712805	0.5	0.1712041424795454	1.0	0.046051122569289414
ja	1.0	1.0	1.0	1.0	0.10862847864413237	0.11050996952001324	1.0	0.03870032484972884	0.1498238584501424	0.11519216806670013	1.0	1.0	0.28989794855663564	0.21239994067041815	0.051289668401615245	1.0	0.585786437626905	1.0	1.0	1.0	1.0	0.17100799366294794	0.27429188517743175	0.12556198186509598	0.39564392373896007	0.585786437626905	0.0625815430506782	1.0	0.44948974278317805	1.0	0.2459454694465688	1.0	0.585786437626905	1.0	1.0
ko	1.0	1.0	1.0	1.0	0.09137768480894683	0.1442970426795824	0.585786437626905	0.04878326082194112	0.23874775399470893	0.17475528550455577	1.0	1.0	0.3430703308172536	0.26533119314590375	0.056296398295435014	0.585786437626905	1.0	1.0	1.0	1.0	1.0	0.19146256355088964	0.27429188517743175	0.1757340838011157	0.39564392373896007	0.5	0.08984403241994986	1.0	0.44948974278317805	1.0	0.19248405980003655	1.0	0.585786437626905	1.0	0.585786437626905
lv	1.0	1.0	1.0	1.0	0.25824569976124334	0.5	1.0	0.19803190560151412	0.585786437626905	0.44948974278317805	1.0	1.0	1.0	1.0	0.3797958971132712	1.0	1.0	1.0	1.0	1.0	1.0	0.39564392373896007	0.5	0.585786437626905	1.0	1.0	0.27792629762666365	1.0	0.5	1.0	0.585786437626905	1.0	1.0	1.0	1.0
mk	0.0	1.0	0.0	1.0	1.0	0.585786437626905	1.0	1.0	1.0	1.0	1.0	1.0	1.0	1.0	1.0	1.0	1.0	1.0	1.0	1.0	1.0	1.0	1.0	1.0	1.0	1.0	1.0	1.0	1.0	1.0	1.0	1.0	1.0	0.0	1.0
ml	1.0	1.0	1.0	0.0	1.0	1.0	1.0	0.5	1.0	1.0	1.0	1.0	1.0	1.0	1.0	1.0	1.0	1.0	1.0	1.0	0.0	1.0	1.0	1.0	1.0	1.0	0.585786437626905	1.0	1.0	1.0	1.0	1.0	1.0	0.0	1.0
mr	0.0	1.0	0.0	1.0	0.585786437626905	1.0	1.0	0.585786437626905	0.585786437626905	1.0	1.0	1.0	1.0	1.0	1.0	1.0	1.0	1.0	1.0	0.0	1.0	1.0	1.0	1.0	1.0	1.0	1.0	1.0	1.0	1.0	1.0	1.0	1.0	1.0	1.0
nl	1.0	1.0	1.0	1.0	0.10495555634425105	0.05627184559784848	0.39564392373896007	0.031066553775934324	0.10279728110680902	0.06761255548732502	0.38742588672279304	1.0	0.2843646522044218	0.14267284571804792	0.04041261453807783	0.17100799366294794	0.19146256355088964	0.39564392373896007	1.0	1.0	1.0	1.0	0.11574540245547278	0.07501547130423153	0.27429188517743175	0.13957875683699938	0.06487613641023036	1.0	0.2521127429279827	0.26427884169111276	0.15908939837788041	0.585786437626905	0.5	1.0	0.18151291824946006
pl	1.0	1.0	1.0	0.585786437626905	0.11863750683713684	0.058656984043472866	0.5	0.04343595759916324	0.14268602801255417	0.12753389848460323	0.4142135623730951	0.585786437626905	0.2958163163244893	0.19917226553439166	0.04723602179951558	0.27429188517743175	0.27429188517743175	0.5	1.0	1.0	1.0	0.11574540245547278	1.0	0.1060878539025194	0.2989350844248255	0.2193450929151803	0.08121832842083324	1.0	0.3660254037844386	0.32449979983983984	0.16873567376418233	0.39564392373896007	0.5	1.0	0.2958163163244893
pt	1.0	1.0	1.0	0.585786437626905	0.0693078037994993	0.05126472899099951	0.3660254037844386	0.0493663130847603	0.03655682771690791	0.03897789036310946	0.27429188517743175	0.585786437626905	0.2061257833323215	0.133327945073481	0.049698978575512906	0.12556198186509598	0.1757340838011157	0.585786437626905	1.0	1.0	1.0	0.07501547130423153	0.1060878539025194	1.0	0.21616865831146223	0.05625138132196099	0.06221102925431817	0.585786437626905	0.44948974278317805	0.1438395573112005	0.1446529282239526	0.3333333333333333	0.2553967929896867	1.0	0.11748264768180318
ro	1.0	1.0	1.0	1.0	0.21089672205953397	0.21551468935838852	0.585786437626905	0.08439705746771577	0.22746221195425345	0.22105656221702155	0.5	1.0	0.3333333333333333	0.3090169943749474	0.09286303886819358	0.39564392373896007	0.39564392373896007	1.0	1.0	1.0	1.0	0.27429188517743175	0.2989350844248255	0.21616865831146223	1.0	0.2661832955178855	0.1737710787523017	1.0	1.0	0.27718637277259645	0.3483314773547883	1.0	1.0	1.0	0.27718637277259645
ru	1.0	1.0	0.0	1.0	0.11060039876245885	0.06756315701840813	1.0	0.030505196226258087	0.14342762372277806	0.07199131195830276	0.4364916731037085	1.0	0.30216947925196225	0.23800671553691075	0.043245725994931525	0.585786437626905	0.5	1.0	1.0	1.0	1.0	0.13957875683699938	0.2193450929151803	0.05625138132196099	0.2661832955178855	1.0	0.07516844421854885	1.0	0.44948974278317805	1.0	0.27405284787612055	1.0	0.585786437626905	1.0	0.585786437626905
sh	1.0	1.0	1.0	0.5	0.1590289821939793	0.09315506098076629	0.22966848451216434	0.14342134686525826	0.06445548276062825	0.07432458353537344	0.10542649822871229	0.23166247903554	0.16881966169957016	0.10182507229173575	0.09518609954835693	0.0625815430506782	0.08984403241994986	0.27792629762666365	1.0	0.585786437626905	1.0	0.06487613641023036	0.08121832842083324	0.06221102925431817	0.1737710787523017	0.07516844421854885	1.0	1.0	0.1907435698305462	0.08709187275883641	0.12188903872984042	0.1138147715085739	0.1794799889580394	1.0	0.09746465591417187
si	0.0	0.0	0.0	1.0	1.0	1.0	1.0	1.0	1.0	1.0	1.0	1.0	1.0	1.0	1.0	1.0	1.0	1.0	1.0	1.0	1.0	1.0	1.0	0.585786437626905	1.0	1.0	1.0	1.0	1.0	1.0	1.0	1.0	1.0	1.0	1.0
simple	1.0	1.0	1.0	1.0	0.162232901101684	0.38742588672279304	0.585786437626905	0.12100225940585654	0.38742588672279304	0.2928060946961875	1.0	0.5	0.585786437626905	0.4364916731037085	0.11429374533721724	0.44948974278317805	0.44948974278317805	0.5	1.0	1.0	1.0	0.2521127429279827	0.3660254037844386	0.44948974278317805	1.0	0.44948974278317805	0.1907435698305462	1.0	1.0	1.0	0.38742588672279304	0.5	1.0	1.0	0.44948974278317805
sr	1.0	1.0	1.0	1.0	0.16240307747230665	0.14745468145240584	1.0	0.0575344756873098	0.16855212267069633	0.12237847476499869	1.0	1.0	0.4142135623730951	0.30216947925196225	0.06870904624319261	1.0	1.0	1.0	1.0	1.0	1.0	0.26427884169111276	0.32449979983983984	0.1438395573112005	0.27718637277259645	1.0	0.08709187275883641	1.0	1.0	1.0	0.38742588672279304	0.44948974278317805	1.0	1.0	1.0
sv	1.0	1.0	1.0	1.0	0.07961318083666322	0.12801114219422652	0.5	0.04483886327981197	0.13469707108175275	0.17490129375076	0.5	0.585786437626905	0.5	0.21287878277187985	0.05236278403712805	0.2459454694465688	0.19248405980003655	0.585786437626905	1.0	1.0	1.0	0.15908939837788041	0.16873567376418233	0.1446529282239526	0.3483314773547883	0.27405284787612055	0.12188903872984042	1.0	0.38742588672279304	0.38742588672279304	1.0	0.585786437626905	0.44948974278317805	1.0	0.2158344610587697
te	0.0	1.0	1.0	1.0	1.0	0.5	1.0	0.3090169943749474	0.585786437626905	0.4364916731037085	1.0	1.0	1.0	1.0	0.5	1.0	1.0	1.0	1.0	1.0	1.0	0.585786437626905	0.39564392373896007	0.3333333333333333	1.0	1.0	0.1138147715085739	1.0	0.5	0.44948974278317805	0.585786437626905	1.0	1.0	1.0	1.0
vi	1.0	1.0	1.0	1.0	0.2402530733520421	0.38742588672279304	1.0	0.11388359763260737	0.4142135623730951	0.3483314773547883	0.5	1.0	1.0	0.5	0.1712041424795454	0.585786437626905	0.585786437626905	1.0	1.0	1.0	1.0	0.5	0.5	0.2553967929896867	1.0	0.585786437626905	0.1794799889580394	1.0	1.0	1.0	0.44948974278317805	1.0	1.0	1.0	0.585786437626905
war	0.0	0.0	0.0	0.0	1.0	1.0	1.0	1.0	1.0	1.0	1.0	0.0	1.0	1.0	1.0	1.0	1.0	1.0	0.0	0.0	1.0	1.0	1.0	1.0	1.0	1.0	1.0	1.0	1.0	1.0	1.0	1.0	1.0	1.0	0.0
zh	1.0	1.0	1.0	1.0	0.12998356649024212	0.10459476890575997	1.0	0.0438614140647447	0.2012628451930092	0.15894454156034005	1.0	1.0	0.36602540378443865	0.20799159651347807	0.046051122569289414	1.0	0.585786437626905	1.0	1.0	1.0	1.0	0.18151291824946006	0.2958163163244893	0.11748264768180318	0.27718637277259645	0.585786437626905	0.09746465591417187	1.0	0.44948974278317805	1.0	0.2158344610587697	1.0	0.585786437626905	0.0	1.0
