arz	bs	ceb	ckb	da	de	el	en	es	fr	he	hi	hu	id	it	ja	ko	lv	mk	ml	mr	nl	pl	pt	ro	ru	sh	si	simple	sr	sv	te	tr	vi	war	zh
arz	1.0	1.0	0.0	1.0	1.0	1.0	1.0	1.0	1.0	1.0	1.0	1.0	1.0	0.585786437626905	1.0	1.0	1.0	1.0	1.0	1.0	1.0	1.0	1.0	1.0	1.0	1.0	1.0	1.0	1.0	1.0	1.0	1.0	1.0	1.0	1.0	1.0
bs	1.0	1.0	1.0	1.0	0.5	0.027815579622437577	0.07311441799828537	0.02752776756985131	0.00909081898074884	0.011305045343776262	0.14014675455354708	1.0	0.11610809157351676	0.14459218866469523	0.01986890926445647	0.020454934184906074	0.10339552550640228	1.0	0.001635710238540301	1.0	1.0	0.01584326207640825	0.0030573688092705633	0.001881351972207498	0.060385792215389957	0.004421734804725226	0.009972788047738762	1.0	0.585786437626905	0.010092197290638814	0.020950988586137958	1.0	0.39564392373896007	0.0540787814671121	0.585786437626905	0.009563211176696923
ceb	0.0	1.0	1.0	0.0	1.0	1.0	0.0	1.0	1.0	1.0	1.0	1.0	1.0	1.0	1.0	1.0	1.0	1.0	1.0	1.0	0.0	1.0	1.0	1.0	1.0	1.0	1.0	1.0	1.0	1.0	1.0	0.0	-1.0	1.0	1.0	1.0
ckb	1.0	1.0	0.0	1.0	0.0	1.0	1.0	1.0	0.0	1.0	0.0	0.0	0.0	0.0	0.0	1.0	0.0	0.0	1.0	0.0	1.0	1.0	1.0	1.0	0.0	1.0	1.0	1.0	0.0	1.0	1.0	1.0	1.0	0.0	0.585786437626905	1.0
da	1.0	0.5	1.0	0.0	1.0	0.585786437626905	0.585786437626905	0.3430703308172536	1.0	0.39564392373896007	1.0	1.0	0.585786437626905	1.0	1.0	1.0	0.44948974278317805	1.0	1.0	1.0	0.585786437626905	0.585786437626905	1.0	1.0	0.3660254037844386	1.0	1.0	1.0	1.0	1.0	1.0	1.0	0.585786437626905	1.0	1.0	1.0
de	1.0	0.027815579622437577	1.0	1.0	0.585786437626905	1.0	0.022470798372063533	0.022098690711105394	0.009491902479610724	0.024660577814847984	0.3164309725825327	1.0	0.022489153301775158	0.028808568093885076	0.02875361940138872	0.0428590019412824	0.02069004607896783	1.0	0.0036999758476579537	1.0	1.0	0.018526472206896107	0.003626905410590065	0.003406486654222426	0.01731846740465745	0.004094217154732286	0.02686918813732403	1.0	0.585786437626905	0.024760821687270708	0.03273970770912254	1.0	0.4142135623730951	0.020103893752590106	0.585786437626905	0.006552541624596424
el	1.0	0.07311441799828537	0.0	1.0	0.585786437626905	0.022470798372063533	1.0	0.08016621715428292	0.022011602318021486	0.08228235938276679	0.2612038749637414	1.0	0.16628097291211993	0.18032988651623325	0.04555963255516742	0.03269210299857608	0.14117571339413137	1.0	0.0183862353023802	1.0	1.0	0.06948769788804243	0.018400996666056005	0.018643393965532613	0.09366957158051177	0.021393064970505297	0.039966276429779415	1.0	1.0	0.02096518108688889	0.03668464874725349	1.0	0.585786437626905	0.08617299884790214	0.585786437626905	0.020287590155732112
en	1.0	0.02752776756985131	1.0	1.0	0.3430703308172536	0.022098690711105394	0.08016621715428292	1.0	0.008876565608250358	0.048136434059466354	0.06012530970129578	1.0	0.11416242292580804	0.14243143178493553	0.019444509406397272	0.017665069077953524	0.10926110064106859	1.0	0.006620519498946977	1.0	1.0	0.024895261940202678	0.006192357305887212	0.006260341159328634	0.06171183185441428	0.006861315376811938	0.04407638000062362	1.0	0.3090169943749474	0.019500153362434984	0.02316388840092877	1.0	0.27429188517743175	0.05811664430702172	0.585786437626905	0.007734304019287928
es	1.0	0.00909081898074884	1.0	0.0	1.0	0.009491902479610724	0.022011602318021486	0.008876565608250358	1.0	0.008764031747635305	0.5	1.0	0.01832005550916206	0.026453250473085287	0.06261963786334598	0.10223499640571075	0.01734446983575929	1.0	0.07004803450700002	1.0	1.0	0.00889021129347724	0.05493448048197283	0.05778906610674192	0.012355360190373716	0.061397599115049176	0.00910817637518775	1.0	1.0	0.009101122528927325	0.05898254306343824	1.0	0.585786437626905	0.012280602926959837	0.585786437626905	0.04060148393785566
fr	1.0	0.011305045343776262	1.0	1.0	0.39564392373896007	0.024660577814847984	0.08228235938276679	0.048136434059466354	0.008764031747635305	1.0	0.09045351695226429	1.0	0.1075615229424447	0.13508033529649455	0.021348042272781236	0.019450436379057974	0.10595648669426366	1.0	0.002727999642887299	1.0	1.0	0.01183345712221975	0.0032856690944282137	0.0026673046516539054	0.062114761404741974	0.004397333831959442	0.010787760865345768	1.0	0.5	0.011569676538643851	0.022709467152296256	1.0	0.44948974278317805	0.06135024854384216	0.585786437626905	0.008130474281986481
he	1.0	0.14014675455354708	1.0	0.0	1.0	0.3164309725825327	0.2612038749637414	0.06012530970129578	0.5	0.09045351695226429	1.0	1.0	0.585786437626905	1.0	0.4142135623730951	1.0	0.16039776255003638	1.0	0.585786437626905	1.0	1.0	0.199502021824356	0.5	0.3797958971132712	0.16202097927744855	0.3430703308172536	0.4142135623730951	1.0	1.0	0.585786437626905	0.5	1.0	0.585786437626905	0.353889367864523	0.585786437626905	1.0
hi	1.0	1.0	1.0	0.0	1.0	1.0	1.0	1.0	1.0	1.0	1.0	1.0	1.0	1.0	1.0	1.0	1.0	1.0	1.0	1.0	1.0	1.0	1.0	1.0	1.0	1.0	0.0	1.0	1.0	1.0	1.0	1.0	0.585786437626905	1.0	0.585786437626905	1.0
hu	1.0	0.11610809157351676	1.0	0.0	0.585786437626905	0.022489153301775158	0.16628097291211993	0.11416242292580804	0.01832005550916206	0.1075615229424447	0.585786437626905	1.0	1.0	0.1672634555841657	0.03790179231800591	0.03016560096253928	0.1233696252722971	1.0	0.018240257791157306	1.0	1.0	0.0891584647746536	0.01776695224784009	0.01824543457483755	0.09247780861359933	0.020612603299600924	0.04130959328697657	1.0	1.0	0.01967379605005841	0.036504550427889644	1.0	0.585786437626905	0.08360035145252291	0.585786437626905	0.017630721293776293
id	0.585786437626905	0.14459218866469523	1.0	0.0	1.0	0.028808568093885076	0.18032988651623325	0.14243143178493553	0.026453250473085287	0.13508033529649455	1.0	1.0	0.1672634555841657	1.0	0.05388802080171244	0.035227294972540193	0.1580232459312358	1.0	0.026379189030612416	1.0	0.585786437626905	0.07641005225101123	0.025931404214174395	0.02639269727793711	0.1345731990643491	0.030261595191274512	0.03759240675992998	0.36602540378443865	0.585786437626905	0.027457468134914034	0.04169451718464864	0.585786437626905	0.2674788903885893	0.08885778998296534	0.3333333333333333	0.026515931520837286
it	1.0	0.01986890926445647	1.0	0.0	1.0	0.02875361940138872	0.04555963255516742	0.019444509406397272	0.06261963786334598	0.021348042272781236	0.4142135623730951	1.0	0.03790179231800591	0.05388802080171244	1.0	0.08531538977713539	0.03779596107913656	1.0	0.04558931528479113	1.0	1.0	0.01903111651391601	0.027821462797771358	0.029405798099508162	0.03274192995045464	0.030199767571187888	0.023423725688351858	1.0	1.0	0.03612844399390227	0.1482675827043134	1.0	0.3333333333333333	0.03225129652396825	0.585786437626905	0.04202391067865028
ja	1.0	0.020454934184906074	1.0	1.0	1.0	0.0428590019412824	0.03269210299857608	0.017665069077953524	0.10223499640571075	0.019450436379057974	1.0	1.0	0.03016560096253928	0.035227294972540193	0.08531538977713539	1.0	0.028379694495810133	1.0	0.13864068688307518	1.0	1.0	0.021278244226093777	0.09655200652850987	0.10250154657765372	0.027779452842991447	0.09374999999999999	0.024844479366007987	1.0	1.0	0.05291249343556586	0.08625345911236278	1.0	0.5	0.028405205874820698	0.585786437626905	0.0882603605927049
ko	1.0	0.10339552550640228	1.0	0.0	0.44948974278317805	0.02069004607896783	0.14117571339413137	0.10926110064106859	0.01734446983575929	0.10595648669426366	0.16039776255003638	1.0	0.1233696252722971	0.1580232459312358	0.03779596107913656	0.028379694495810133	1.0	1.0	0.017730241104347278	1.0	1.0	0.1038310703038797	0.0168573382401564	0.01663646454174806	0.09273558828594174	0.020266996682965145	0.041831184825075515	1.0	0.585786437626905	0.019741204119928128	0.03834105480934628	1.0	0.585786437626905	0.11014120942732392	0.585786437626905	0.016763715208726795
lv	1.0	1.0	1.0	0.0	1.0	1.0	1.0	1.0	1.0	1.0	1.0	1.0	1.0	1.0	1.0	1.0	1.0	1.0	1.0	1.0	1.0	1.0	1.0	1.0	1.0	1.0	0.0	1.0	1.0	1.0	1.0	1.0	0.585786437626905	1.0	0.585786437626905	1.0
mk	1.0	0.001635710238540301	1.0	1.0	1.0	0.0036999758476579537	0.0183862353023802	0.006620519498946977	0.07004803450700002	0.002727999642887299	0.585786437626905	1.0	0.018240257791157306	0.026379189030612416	0.04558931528479113	0.13864068688307518	0.017730241104347278	1.0	1.0	1.0	1.0	0.0016751866553670646	0.0018211126632906543	0.003605876758988611	0.011995144660725321	0.0017198797781036847	0.002172222601551002	1.0	1.0	0.0017972319783573082	0.04105516620196609	1.0	0.585786437626905	0.011052350792599345	0.585786437626905	0.003003519228125734
ml	1.0	1.0	1.0	0.0	1.0	1.0	1.0	1.0	1.0	1.0	1.0	1.0	1.0	1.0	1.0	1.0	1.0	1.0	1.0	1.0	1.0	1.0	1.0	1.0	1.0	1.0	0.0	1.0	1.0	1.0	1.0	1.0	1.0	1.0	0.585786437626905	1.0
mr	1.0	1.0	0.0	1.0	0.585786437626905	1.0	1.0	1.0	1.0	1.0	1.0	1.0	1.0	0.585786437626905	1.0	1.0	1.0	1.0	1.0	1.0	1.0	1.0	1.0	1.0	1.0	1.0	1.0	1.0	1.0	1.0	1.0	1.0	1.0	1.0	0.585786437626905	1.0
nl	1.0	0.01584326207640825	1.0	1.0	0.585786437626905	0.018526472206896107	0.06948769788804243	0.024895261940202678	0.00889021129347724	0.01183345712221975	0.199502021824356	1.0	0.0891584647746536	0.07641005225101123	0.01903111651391601	0.021278244226093777	0.1038310703038797	1.0	0.0016751866553670646	1.0	1.0	1.0	0.003091669748966227	0.0019213846106030167	0.059987047605244356	0.004465993739162317	0.010503451385659831	1.0	1.0	0.010760256979568995	0.021740832812510793	1.0	0.3660254037844386	0.05474391141224749	0.585786437626905	0.00902688066050195
pl	1.0	0.0030573688092705633	1.0	1.0	1.0	0.003626905410590065	0.018400996666056005	0.006192357305887212	0.05493448048197283	0.0032856690944282137	0.5	1.0	0.01776695224784009	0.025931404214174395	0.027821462797771358	0.09655200652850987	0.0168573382401564	1.0	0.0018211126632906543	1.0	1.0	0.003091669748966227	1.0	0.0019195501570205408	0.011803175644314608	0.0025678779639512015	0.0031583797659909775	1.0	1.0	0.0031722616369341725	0.0384002850628408	1.0	0.585786437626905	0.010798506631833822	0.585786437626905	0.002955352962787759
pt	1.0	0.001881351972207498	1.0	1.0	1.0	0.003406486654222426	0.018643393965532613	0.006260341159328634	0.05778906610674192	0.0026673046516539054	0.3797958971132712	1.0	0.01824543457483755	0.02639269727793711	0.029405798099508162	0.10250154657765372	0.01663646454174806	1.0	0.003605876758988611	1.0	1.0	0.0019213846106030167	0.0019195501570205408	1.0	0.011905663697764999	0.0018251941790093178	0.002283282329753517	1.0	1.0	0.0020692451251949225	0.037734851901755205	1.0	0.38742588672279304	0.01088941456335743	0.585786437626905	0.00267433581445297
ro	1.0	0.060385792215389957	1.0	0.0	0.3660254037844386	0.01731846740465745	0.09366957158051177	0.06171183185441428	0.012355360190373716	0.062114761404741974	0.16202097927744855	1.0	0.09247780861359933	0.1345731990643491	0.03274192995045464	0.027779452842991447	0.09273558828594174	1.0	0.011995144660725321	1.0	1.0	0.059987047605244356	0.011803175644314608	0.011905663697764999	1.0	0.014776149111810438	0.04640893387982647	1.0	0.353889367864523	0.018033778357900217	0.03302380743763573	1.0	0.585786437626905	0.0629467984166054	0.585786437626905	0.011914917247962148
ru	1.0	0.004421734804725226	1.0	1.0	1.0	0.004094217154732286	0.021393064970505297	0.006861315376811938	0.061397599115049176	0.004397333831959442	0.3430703308172536	1.0	0.020612603299600924	0.030261595191274512	0.030199767571187888	0.09374999999999999	0.020266996682965145	1.0	0.0017198797781036847	1.0	1.0	0.004465993739162317	0.0025678779639512015	0.0018251941790093178	0.014776149111810438	1.0	0.004244232062637095	1.0	1.0	0.004363047348549379	0.05276582847934412	1.0	0.5	0.012380671225904789	0.585786437626905	0.003618055817376267
sh	1.0	0.009972788047738762	1.0	1.0	1.0	0.02686918813732403	0.039966276429779415	0.04407638000062362	0.00910817637518775	0.010787760865345768	0.4142135623730951	0.0	0.04130959328697657	0.03759240675992998	0.023423725688351858	0.024844479366007987	0.041831184825075515	0.0	0.002172222601551002	0.0	1.0	0.010503451385659831	0.0031583797659909775	0.002283282329753517	0.04640893387982647	0.004244232062637095	1.0	0.585786437626905	1.0	0.0100918631466134	0.02445610893715834	1.0	0.3090169943749474	0.05421026108253941	0.585786437626905	0.008881340591560937
si	1.0	1.0	1.0	1.0	1.0	1.0	1.0	1.0	1.0	1.0	1.0	1.0	1.0	0.36602540378443865	1.0	1.0	1.0	1.0	1.0	1.0	1.0	1.0	1.0	1.0	1.0	1.0	0.585786437626905	1.0	1.0	1.0	1.0	1.0	1.0	1.0	1.0	1.0
simple	1.0	0.585786437626905	1.0	0.0	1.0	0.585786437626905	1.0	0.3090169943749474	1.0	0.5	1.0	1.0	1.0	0.585786437626905	1.0	1.0	0.585786437626905	1.0	1.0	1.0	1.0	1.0	1.0	1.0	0.353889367864523	1.0	1.0	1.0	1.0	1.0	1.0	1.0	0.5	1.0	0.585786437626905	1.0
sr	1.0	0.010092197290638814	1.0	1.0	1.0	0.024760821687270708	0.02096518108688889	0.019500153362434984	0.009101122528927325	0.011569676538643851	0.585786437626905	1.0	0.01967379605005841	0.027457468134914034	0.03612844399390227	0.05291249343556586	0.019741204119928128	1.0	0.0017972319783573082	1.0	1.0	0.010760256979568995	0.0031722616369341725	0.0020692451251949225	0.018033778357900217	0.004363047348549379	0.0100918631466134	1.0	1.0	1.0	0.0380391804834104	1.0	0.44948974278317805	0.02046120424173213	0.585786437626905	0.009167131316286931
sv	1.0	0.020950988586137958	1.0	1.0	1.0	0.03273970770912254	0.03668464874725349	0.02316388840092877	0.05898254306343824	0.022709467152296256	0.5	1.0	0.036504550427889644	0.04169451718464864	0.1482675827043134	0.08625345911236278	0.03834105480934628	1.0	0.04105516620196609	1.0	1.0	0.021740832812510793	0.0384002850628408	0.037734851901755205	0.03302380743763573	0.05276582847934412	0.02445610893715834	1.0	1.0	0.0380391804834104	1.0	1.0	0.44948974278317805	0.036909201711729754	0.585786437626905	0.04237162468210178
te	1.0	1.0	0.0	1.0	1.0	1.0	1.0	1.0	1.0	1.0	1.0	1.0	1.0	0.585786437626905	1.0	1.0	1.0	1.0	1.0	1.0	1.0	1.0	1.0	1.0	1.0	1.0	1.0	1.0	1.0	1.0	1.0	1.0	1.0	1.0	1.0	1.0
tr	1.0	0.39564392373896007	-1.0	1.0	0.585786437626905	0.4142135623730951	0.585786437626905	0.27429188517743175	0.585786437626905	0.44948974278317805	0.585786437626905	0.585786437626905	0.585786437626905	0.2674788903885893	0.3333333333333333	0.5	0.585786437626905	0.585786437626905	0.585786437626905	1.0	1.0	0.3660254037844386	0.585786437626905	0.38742588672279304	0.585786437626905	0.5	0.3090169943749474	1.0	0.5	0.44948974278317805	0.44948974278317805	1.0	1.0	1.0	0.585786437626905	0.44948974278317805
vi	1.0	0.0540787814671121	1.0	0.0	1.0	0.020103893752590106	0.08617299884790214	0.05811664430702172	0.012280602926959837	0.06135024854384216	0.353889367864523	1.0	0.08360035145252291	0.08885778998296534	0.03225129652396825	0.028405205874820698	0.11014120942732392	1.0	0.011052350792599345	1.0	1.0	0.05474391141224749	0.010798506631833822	0.01088941456335743	0.0629467984166054	0.012380671225904789	0.05421026108253941	1.0	1.0	0.02046120424173213	0.036909201711729754	1.0	1.0	1.0	0.585786437626905	0.011675812755849365
war	1.0	0.585786437626905	1.0	0.585786437626905	1.0	0.585786437626905	0.585786437626905	0.585786437626905	0.585786437626905	0.585786437626905	0.585786437626905	0.585786437626905	0.585786437626905	0.3333333333333333	0.585786437626905	0.585786437626905	0.585786437626905	0.585786437626905	0.585786437626905	0.585786437626905	0.585786437626905	0.585786437626905	0.585786437626905	0.585786437626905	0.585786437626905	0.585786437626905	0.585786437626905	1.0	0.585786437626905	0.585786437626905	0.585786437626905	1.0	0.585786437626905	0.585786437626905	1.0	0.585786437626905
zh	1.0	0.009563211176696923	1.0	1.0	1.0	0.006552541624596424	0.020287590155732112	0.007734304019287928	0.04060148393785566	0.008130474281986481	1.0	1.0	0.017630721293776293	0.026515931520837286	0.04202391067865028	0.0882603605927049	0.016763715208726795	1.0	0.003003519228125734	1.0	1.0	0.00902688066050195	0.002955352962787759	0.00267433581445297	0.011914917247962148	0.003618055817376267	0.008881340591560937	1.0	1.0	0.009167131316286931	0.04237162468210178	1.0	0.44948974278317805	0.011675812755849365	0.585786437626905	1.0
