arz	bs	ceb	ckb	da	de	el	en	es	fr	he	hi	hu	id	it	ja	ko	lv	mk	ml	mr	nl	pl	pt	ro	ru	sh	si	simple	sr	sv	te	vi	war	zh
arz	1.0	0.029850746268656716	0.0	0.0	0.0	0.019230769230769232	0.019230769230769232	0.0	0.0	0.0	0.02702702702702703	0.0	0.0	0.0	0.008	0.012658227848101266	0.022988505747126436	0.05555555555555555	0.038461538461538464	0.0	0.0	0.027777777777777776	0.0	0.0	0.016129032258064516	0.0	0.017543859649122806	0.0	0.043478260869565216	0.037037037037037035	0.0	0.0	0.03125	0.0	0.007575757575757576
bs	0.029850746268656716	1.0	0.0	0.027777777777777776	0.052083333333333336	0.008849557522123894	0.16326530612244897	0.027777777777777776	0.06611570247933884	0.034482758620689655	0.07608695652173914	0.015384615384615385	0.14285714285714285	0.13414634146341464	0.08092485549132948	0.05223880597014925	0.13636363636363635	0.06666666666666667	0.11392405063291139	0.0945945945945946	0.03076923076923077	0.031578947368421054	0.07446808510638298	0.058823529411764705	0.10714285714285714	0.027777777777777776	0.20202020202020202	0.0	0.0759493670886076	0.12658227848101267	0.02247191011235955	0.0	0.06818181818181818	0.0	0.0898876404494382
ceb	0.0	0.0	0.0	0.0	0.0	0.0	0.0	0.0	0.0	0.0	0.0	0.0	0.0	0.0	0.0	0.0	0.0	0.0	0.0	0.0	0.0	0.0	0.0	0.0	0.0	0.0	0.0	0.0	0.0	0.0	0.0	0.0	0.0	0.0	0.0
ckb	0.0	0.027777777777777776	0.0	1.0	0.022727272727272728	0.0	0.03571428571428571	0.006060606060606061	0.013888888888888888	0.0	0.0	0.0	0.02127659574468085	0.05714285714285714	0.007692307692307693	0.011904761904761904	0.021739130434782608	0.043478260869565216	0.03225806451612903	0.08695652173913043	0.0	0.024390243902439025	0.046511627906976744	0.029411764705882353	0.030303030303030304	0.0	0.06779661016949153	0.0	0.0	0.03125	0.029411764705882353	0.0	0.0	0.0	0.03759398496240601
da	0.0	0.052083333333333336	0.0	0.022727272727272728	1.0	0.0	0.024096385542168676	0.021164021164021163	0.010101010101010102	0.013422818791946308	0.0	0.0	0.0603448275862069	0.015873015873015872	0.05333333333333334	0.037037037037037035	0.03418803418803419	0.02	0.07272727272727272	0.0	0.0	0.029850746268656716	0.07462686567164178	0.06593406593406594	0.05555555555555555	0.0	0.022727272727272728	0.0	0.0	0.0	0.01639344262295082	0.0	0.04838709677419355	0.0	0.018518518518518517
de	0.019230769230769232	0.008849557522123894	0.0	0.0	0.0	1.0	0.031578947368421054	0.014778325123152709	0.008928571428571428	0.0379746835443038	0.024691358024691357	0.0	0.007407407407407408	0.013157894736842105	0.030120481927710843	0.03305785123966942	0.046875	0.0	0.02857142857142857	0.031746031746031744	0.0	0.012345679012345678	0.024096385542168676	0.028037383177570093	0.018867924528301886	0.021505376344086023	0.05102040816326531	0.0	0.029850746268656716	0.028169014084507043	0.0273972602739726	0.0	0.02631578947368421	0.0	0.028901734104046242
el	0.019230769230769232	0.16326530612244897	0.0	0.03571428571428571	0.024096385542168676	0.031578947368421054	1.0	0.004878048780487805	0.046296296296296294	0.0379746835443038	0.0375	0.0	0.12396694214876033	0.11594202898550725	0.03636363636363636	0.041666666666666664	0.08064516129032258	0.04918032786885246	0.043478260869565216	0.04838709677419355	0.02	0.0379746835443038	0.036585365853658534	0.03773584905660377	0.10204081632653061	0.03260869565217391	0.14444444444444443	0.0	0.06153846153846154	0.08955223880597014	0.0273972602739726	0.0	0.05405405405405406	0.0	0.08536585365853659
en	0.0	0.027777777777777776	0.0	0.006060606060606061	0.021164021164021163	0.014778325123152709	0.004878048780487805	1.0	0.023148148148148147	0.034220532319391636	0.0213903743315508	0.0	0.042735042735042736	0.022099447513812154	0.056818181818181816	0.04017857142857143	0.029787234042553193	0.01775147928994083	0.022727272727272728	0.005813953488372093	0.0	0.0	0.021164021164021163	0.0430622009569378	0.009345794392523364	0.030456852791878174	0.03940886699507389	0.0	0.011428571428571429	0.0111731843575419	0.016666666666666666	0.0	0.02197802197802198	0.0	0.06319702602230483
es	0.0	0.06611570247933884	0.0	0.013888888888888888	0.010101010101010102	0.008928571428571428	0.046296296296296294	0.023148148148148147	1.0	0.028735632183908046	0.020833333333333332	0.0	0.04861111111111111	0.05747126436781609	0.027624309392265192	0.029411764705882353	0.027586206896551724	0.01282051282051282	0.03571428571428571	0.012658227848101266	0.015384615384615385	0.010416666666666666	0.030927835051546393	0.05042016806722689	0.06956521739130435	0.047619047619047616	0.06306306306306306	0.0	0.024390243902439025	0.023255813953488372	0.0	0.0	0.02197802197802198	0.0	0.03763440860215054
fr	0.0	0.034482758620689655	0.0	0.0	0.013422818791946308	0.0379746835443038	0.0379746835443038	0.034220532319391636	0.028735632183908046	1.0	0.006756756756756757	0.0	0.035897435897435895	0.02142857142857143	0.048672566371681415	0.026881720430107527	0.015228426395939087	0.0	0.0072992700729927005	0.0234375	0.0	0.03496503496503497	0.006666666666666667	0.029239766081871343	0.03571428571428571	0.03205128205128205	0.005952380952380952	0.0	0.007462686567164179	0.014598540145985401	0.014388489208633094	0.0	0.014084507042253521	0.0	0.03389830508474576
he	0.02702702702702703	0.07608695652173914	0.0	0.0	0.0	0.024691358024691357	0.0375	0.0213903743315508	0.020833333333333332	0.006756756756756757	1.0	0.0	0.05217391304347826	0.05084745762711865	0.02631578947368421	0.047619047619047616	0.08181818181818182	0.020833333333333332	0.03636363636363636	0.0	0.0	0.03076923076923077	0.014492753623188406	0.05555555555555555	0.0449438202247191	0.02564102564102564	0.060240963855421686	0.0	0.038461538461538464	0.05454545454545454	0.01694915254237288	0.0	0.03278688524590164	0.0	0.05161290322580645
hi	0.0	0.015384615384615385	0.0	0.0	0.0	0.0	0.0	0.0	0.0	0.0	0.0	1.0	0.0	0.0	0.0	0.0	0.011764705882352941	0.0	0.0	0.0	0.0	0.0	0.0	0.01639344262295082	0.0	0.0	0.0	0.0	0.0	0.0	0.0	0.0	0.0	0.0	0.007751937984496124
hu	0.0	0.14285714285714285	0.0	0.02127659574468085	0.0603448275862069	0.007407407407407408	0.12396694214876033	0.042735042735042736	0.04861111111111111	0.035897435897435895	0.05217391304347826	0.0	1.0	0.045454545454545456	0.034653465346534656	0.03821656050955414	0.11688311688311688	0.04081632653061224	0.028037383177570093	0.04040404040404041	0.0	0.01694915254237288	0.0603448275862069	0.07246376811594203	0.12307692307692308	0.023076923076923078	0.11904761904761904	0.0	0.038834951456310676	0.04716981132075472	0.008928571428571428	0.0	0.07407407407407407	0.0	0.09090909090909091
id	0.0	0.13414634146341464	0.0	0.05714285714285714	0.015873015873015872	0.013157894736842105	0.11594202898550725	0.022099447513812154	0.05747126436781609	0.02142857142857143	0.05084745762711865	0.0	0.045454545454545456	1.0	0.006711409395973154	0.0297029702970297	0.0660377358490566	0.023809523809523808	0.02	0.023255813953488372	0.0	0.016666666666666666	0.06666666666666667	0.047058823529411764	0.03571428571428571	0.027777777777777776	0.1388888888888889	0.0	0.11627906976744186	0.0196078431372549	0.018867924528301886	0.0	0.05555555555555555	0.0	0.039735099337748346
it	0.008	0.08092485549132948	0.0	0.007692307692307693	0.05333333333333334	0.030120481927710843	0.03636363636363636	0.056818181818181816	0.027624309392265192	0.048672566371681415	0.02631578947368421	0.0	0.034653465346534656	0.006711409395973154	1.0	0.042105263157894736	0.06701030927835051	0.022388059701492536	0.04316546762589928	0.03759398496240601	0.0	0.03333333333333333	0.025974025974025976	0.028089887640449437	0.07100591715976332	0.01818181818181818	0.05389221556886228	0.0	0.028985507246376812	0.03546099290780142	0.020689655172413793	0.0	0.02027027027027027	0.0	0.11061946902654868
ja	0.012658227848101266	0.05223880597014925	0.0	0.011904761904761904	0.037037037037037035	0.03305785123966942	0.041666666666666664	0.04017857142857143	0.029411764705882353	0.026881720430107527	0.047619047619047616	0.0	0.03821656050955414	0.0297029702970297	0.042105263157894736	1.0	0.03870967741935484	0.02247191011235955	0.01020408163265306	0.01098901098901099	0.0	0.018691588785046728	0.037037037037037035	0.014814814814814815	0.046511627906976744	0.025210084033613446	0.056910569105691054	0.0	0.010526315789473684	0.030927835051546393	0.0	0.0	0.019417475728155338	0.0	0.08465608465608465
ko	0.022988505747126436	0.13636363636363635	0.0	0.021739130434782608	0.03418803418803419	0.046875	0.08064516129032258	0.029787234042553193	0.027586206896551724	0.015228426395939087	0.08181818181818182	0.011764705882352941	0.11688311688311688	0.0660377358490566	0.06701030927835051	0.03870967741935484	1.0	0.041666666666666664	0.018867924528301886	0.06315789473684211	0.011627906976744186	0.03508771929824561	0.06140350877192982	0.057971014492753624	0.058823529411764705	0.0234375	0.09448818897637795	0.0	0.029411764705882353	0.05825242718446602	0.027777777777777776	0.0	0.06542056074766354	0.0	0.09743589743589744
lv	0.05555555555555555	0.06666666666666667	0.0	0.043478260869565216	0.02	0.0	0.04918032786885246	0.01775147928994083	0.01282051282051282	0.0	0.020833333333333332	0.0	0.04081632653061224	0.023809523809523808	0.022388059701492536	0.02247191011235955	0.041666666666666664	1.0	0.08571428571428572	0.03333333333333333	0.0	0.0	0.0	0.05555555555555555	0.027777777777777776	0.0	0.09523809523809523	0.0	0.029411764705882353	0.08333333333333333	0.0	0.0	0.0	0.0	0.02127659574468085
mk	0.038461538461538464	0.11392405063291139	0.0	0.03225806451612903	0.07272727272727272	0.02857142857142857	0.043478260869565216	0.022727272727272728	0.03571428571428571	0.0072992700729927005	0.03636363636363636	0.0	0.028037383177570093	0.02	0.04316546762589928	0.01020408163265306	0.018867924528301886	0.08571428571428572	1.0	0.02631578947368421	0.041666666666666664	0.0	0.03508771929824561	0.012048192771084338	0.1232876712328767	0.014705882352941176	0.1	0.0	0.04878048780487805	0.044444444444444446	0.06521739130434782	0.0	0.0196078431372549	0.0	0.0410958904109589
ml	0.0	0.0945945945945946	0.0	0.08695652173913043	0.0	0.031746031746031744	0.04838709677419355	0.005813953488372093	0.012658227848101266	0.0234375	0.0	0.0	0.04040404040404041	0.023255813953488372	0.03759398496240601	0.01098901098901099	0.06315789473684211	0.03333333333333333	0.02631578947368421	1.0	0.0	0.0	0.0	0.0547945205479452	0.041666666666666664	0.01639344262295082	0.07692307692307693	0.0	0.02857142857142857	0.08108108108108109	0.024390243902439025	0.0	0.046511627906976744	0.0	0.013986013986013986
mr	0.0	0.03076923076923077	0.0	0.0	0.0	0.0	0.02	0.0	0.015384615384615385	0.0	0.0	0.0	0.0	0.0	0.0	0.0	0.011627906976744186	0.0	0.041666666666666664	0.0	1.0	0.0	0.0	0.0	0.03389830508474576	0.0	0.0	0.0	0.0	0.0	0.0	0.0	0.0	0.0	0.0
nl	0.027777777777777776	0.031578947368421054	0.0	0.024390243902439025	0.029850746268656716	0.012345679012345678	0.0379746835443038	0.0	0.010416666666666666	0.03496503496503497	0.03076923076923077	0.0	0.01694915254237288	0.016666666666666666	0.03333333333333333	0.018691588785046728	0.03508771929824561	0.0	0.0	0.0	0.0	1.0	0.045454545454545456	0.03296703296703297	0.045454545454545456	0.025974025974025976	0.023529411764705882	0.0	0.019230769230769232	0.05555555555555555	0.0	0.0	0.03333333333333333	0.0	0.058823529411764705
pl	0.0	0.07446808510638298	0.0	0.046511627906976744	0.07462686567164178	0.024096385542168676	0.036585365853658534	0.021164021164021163	0.030927835051546393	0.006666666666666667	0.014492753623188406	0.0	0.0603448275862069	0.06666666666666667	0.025974025974025976	0.037037037037037035	0.06140350877192982	0.0	0.03508771929824561	0.0	0.0	0.045454545454545456	1.0	0.05434782608695652	0.010638297872340425	0.0	0.058823529411764705	0.0	0.01818181818181818	0.0	0.03333333333333333	0.0	0.06557377049180328	0.0	0.03125
pt	0.0	0.058823529411764705	0.0	0.029411764705882353	0.06593406593406594	0.028037383177570093	0.03773584905660377	0.0430622009569378	0.05042016806722689	0.029239766081871343	0.05555555555555555	0.01639344262295082	0.07246376811594203	0.047058823529411764	0.028089887640449437	0.014814814814814815	0.057971014492753624	0.05555555555555555	0.012048192771084338	0.0547945205479452	0.0	0.03296703296703297	0.05434782608695652	1.0	0.05263157894736842	0.01904761904761905	0.07476635514018691	0.0	0.05194805194805195	0.0759493670886076	0.023529411764705882	0.0	0.022727272727272728	0.0	0.07954545454545454
ro	0.016129032258064516	0.10714285714285714	0.0	0.030303030303030304	0.05555555555555555	0.018867924528301886	0.10204081632653061	0.009345794392523364	0.06956521739130435	0.03571428571428571	0.0449438202247191	0.0	0.12307692307692308	0.03571428571428571	0.07100591715976332	0.046511627906976744	0.058823529411764705	0.027777777777777776	0.1232876712328767	0.041666666666666664	0.03389830508474576	0.045454545454545456	0.010638297872340425	0.05263157894736842	1.0	0.029411764705882353	0.1414141414141414	0.0	0.0821917808219178	0.07792207792207792	0.036585365853658534	0.0	0.03529411764705882	0.0	0.07428571428571429
ru	0.0	0.027777777777777776	0.0	0.0	0.0	0.021505376344086023	0.03260869565217391	0.030456852791878174	0.047619047619047616	0.03205128205128205	0.02564102564102564	0.0	0.023076923076923078	0.027777777777777776	0.01818181818181818	0.025210084033613446	0.0234375	0.0	0.014705882352941176	0.01639344262295082	0.0	0.025974025974025976	0.0	0.01904761904761905	0.029411764705882353	1.0	0.010101010101010102	0.0	0.0	0.0	0.0	0.0	0.013513513513513514	0.0	0.023391812865497075
sh	0.017543859649122806	0.20202020202020202	0.0	0.06779661016949153	0.022727272727272728	0.05102040816326531	0.14444444444444443	0.03940886699507389	0.06306306306306306	0.005952380952380952	0.060240963855421686	0.0	0.11904761904761904	0.1388888888888889	0.05389221556886228	0.056910569105691054	0.09448818897637795	0.09523809523809523	0.1	0.07692307692307693	0.0	0.023529411764705882	0.058823529411764705	0.07476635514018691	0.1414141414141414	0.010101010101010102	1.0	0.0	0.1044776119402985	0.0684931506849315	0.05263157894736842	0.0	0.05063291139240506	0.0	0.06395348837209303
si	0.0	0.0	0.0	0.0	0.0	0.0	0.0	0.0	0.0	0.0	0.0	0.0	0.0	0.0	0.0	0.0	0.0	0.0	0.0	0.0	0.0	0.0	0.0	0.0	0.0	0.0	0.0	0.0	0.0	0.0	0.0	0.0	0.0	0.0	0.0
simple	0.043478260869565216	0.0759493670886076	0.0	0.0	0.0	0.029850746268656716	0.06153846153846154	0.011428571428571429	0.024390243902439025	0.007462686567164179	0.038461538461538464	0.0	0.038834951456310676	0.11627906976744186	0.028985507246376812	0.010526315789473684	0.029411764705882353	0.029411764705882353	0.04878048780487805	0.02857142857142857	0.0	0.019230769230769232	0.01818181818181818	0.05194805194805195	0.0821917808219178	0.0	0.1044776119402985	0.0	1.0	0.07317073170731707	0.0	0.0	0.0425531914893617	0.0	0.034722222222222224
sr	0.037037037037037035	0.12658227848101267	0.0	0.03125	0.0	0.028169014084507043	0.08955223880597014	0.0111731843575419	0.023255813953488372	0.014598540145985401	0.05454545454545454	0.0	0.04716981132075472	0.0196078431372549	0.03546099290780142	0.030927835051546393	0.05825242718446602	0.08333333333333333	0.044444444444444446	0.08108108108108109	0.0	0.05555555555555555	0.0	0.0759493670886076	0.07792207792207792	0.0	0.0684931506849315	0.0	0.07317073170731707	1.0	0.06382978723404255	0.0	0.06	0.0	0.0851063829787234
sv	0.0	0.02247191011235955	0.0	0.029411764705882353	0.01639344262295082	0.0273972602739726	0.0273972602739726	0.016666666666666666	0.0	0.014388489208633094	0.01694915254237288	0.0	0.008928571428571428	0.018867924528301886	0.020689655172413793	0.0	0.027777777777777776	0.0	0.06521739130434782	0.024390243902439025	0.0	0.0	0.03333333333333333	0.023529411764705882	0.036585365853658534	0.0	0.05263157894736842	0.0	0.0	0.06382978723404255	1.0	0.0	0.03773584905660377	0.0	0.05442176870748299
te	0.0	0.0	0.0	0.0	0.0	0.0	0.0	0.0	0.0	0.0	0.0	0.0	0.0	0.0	0.0	0.0	0.0	0.0	0.0	0.0	0.0	0.0	0.0	0.0	0.0	0.0	0.0	0.0	0.0	0.0	0.0	0.0	0.0	0.0	0.0
vi	0.03125	0.06818181818181818	0.0	0.0	0.04838709677419355	0.02631578947368421	0.05405405405405406	0.02197802197802198	0.02197802197802198	0.014084507042253521	0.03278688524590164	0.0	0.07407407407407407	0.05555555555555555	0.02027027027027027	0.019417475728155338	0.06542056074766354	0.0	0.0196078431372549	0.046511627906976744	0.0	0.03333333333333333	0.06557377049180328	0.022727272727272728	0.03529411764705882	0.013513513513513514	0.05063291139240506	0.0	0.0425531914893617	0.06	0.03773584905660377	0.0	1.0	0.0	0.046357615894039736
war	0.0	0.0	0.0	0.0	0.0	0.0	0.0	0.0	0.0	0.0	0.0	0.0	0.0	0.0	0.0	0.0	0.0	0.0	0.0	0.0	0.0	0.0	0.0	0.0	0.0	0.0	0.0	0.0	0.0	0.0	0.0	0.0	0.0	0.0	0.0
zh	0.007575757575757576	0.0898876404494382	0.0	0.03759398496240601	0.018518518518518517	0.028901734104046242	0.08536585365853659	0.06319702602230483	0.03763440860215054	0.03389830508474576	0.05161290322580645	0.007751937984496124	0.09090909090909091	0.039735099337748346	0.11061946902654868	0.08465608465608465	0.09743589743589744	0.02127659574468085	0.0410958904109589	0.013986013986013986	0.0	0.058823529411764705	0.03125	0.07954545454545454	0.07428571428571429	0.023391812865497075	0.06395348837209303	0.0	0.034722222222222224	0.0851063829787234	0.05442176870748299	0.0	0.046357615894039736	0.0	1.0
