arz	bs	ceb	ckb	da	de	el	en	es	fr	he	hi	hu	id	it	ja	ko	lv	mk	ml	mr	nl	pl	pt	ro	ru	sh	si	simple	sr	sv	te	tr	vi	war	zh
arz	1.0	0.12729683913915313	0.14342762372277804	1.0	0.12769271191181897	0.12890399203517383	1.0	0.13507810593582123	0.1327673435381234	0.13143927813749226	1.0	1.0	0.13879564861321142	0.13057680273413985	0.14285714285714285	1.0	1.0	0.1380262631157473	1.0	1.0	1.0	0.126516536980057	0.12769271191181894	0.23371479611805132	0.12690480173057767	1.0	0.22772999919644132	1.0	0.14285714285714285	1.0	0.13187730439473622	1.0	1.0	0.1301521958455223	1.0	0.585786437626905
bs	0.12729683913915313	1.0	0.09956788255850388	0.010426388824429596	0.09956788255850386	0.08594045653751464	0.010426388824429596	0.06251630228611521	0.06754768186857141	0.06395949746162069	0.010426388824429596	0.010696166288780406	0.0420335307958655	0.08586114151392452	0.12191797880794784	0.010426388824429596	0.010426388824429597	0.05163672122228534	0.010426388824429597	0.010426388824429596	0.010426388824429596	0.1163783971893497	0.0967788504837054	0.06374419279587193	0.09981965005266237	0.010426388824429596	0.059579444565250224	0.038882646210846805	0.11778171262704058	0.010426388824429596	0.07294717038940841	0.013343756007097035	0.11805118285102527	0.07227435822570234	0.010429571093550211	0.07893887359797878
ceb	0.14342762372277804	0.09956788255850388	1.0	0.010778755677419913	0.09139827527601006	0.0780755073482403	0.01016565682720199	0.059142993013774965	0.0631674907773225	0.06073413334318108	0.010595760339903686	0.011062193286761108	0.0414987236425681	0.07756404953878179	0.10576303925938374	0.01016565682720199	0.010165656827201988	0.05270315520572162	0.010778755677419913	0.010778755677419913	0.010778755677419913	0.10241718512755671	0.0863002008493863	0.06231390753601071	0.09070955937005272	0.010165656827201988	0.0593874799727948	0.04045209940571441	0.1008143000657402	0.010595760339903686	0.06743455522716883	0.013595983923512996	-1.0	0.06710789761717442	0.010782487267780059	0.05206739390826388
ckb	1.0	0.010426388824429596	0.010778755677419913	1.0	0.010489186506251701	0.01060539212034133	1.0	0.011070872890501224	0.010925169296162317	0.011022032898596337	1.0	1.0	0.012637735529821146	0.010606597947277193	0.010379178839896815	1.0	1.0	0.01159123104715117	1.0	1.0	1.0	0.010401281531115941	0.010506138799084578	0.011608074469531247	0.010486466235727685	1.0	0.011713348340898603	1.0	0.010398061228625879	1.0	0.010800766082609095	1.0	1.0	0.010820136608040746	0.3203772410170407	0.010993934092761365
da	0.12769271191181897	0.09956788255850386	0.09139827527601006	0.010489186506251701	1.0	0.08139625364554498	0.010400713024264726	0.06082299687808565	0.06462542528967737	0.06240481740007217	0.010400713024264726	0.010760656421296224	0.041942938304435656	0.08099641051850101	0.10668331962242153	0.010400713024264726	0.010400713024264725	0.05179521580769345	0.010489186506251701	0.010489186506251701	0.010489186506251701	0.10385107763686346	0.08935661861201868	0.06307297188638049	0.0915669605438085	0.010400713024264725	0.05943879845900819	0.03924448808240343	0.10349558588618975	0.010400713024264725	0.0697726042473354	0.013286733041699887	0.19868093383850086	0.0691241723944385	0.010492426846133936	0.07630737245004818
de	0.12890399203517383	0.08594045653751464	0.0780755073482403	0.01060539212034133	0.08139625364554498	1.0	0.009632184394617686	0.05319620142350532	0.057795641101454784	0.05470992974598688	0.010430208899132272	0.010880400821108062	0.03876860963533995	0.06883184912250465	0.08891198533508764	0.01001400251848676	0.009486384460414558	0.05113770756500021	0.01060539212034133	0.01060539212034133	0.010605392120341332	0.08789348976317907	0.07685099477596853	0.06045750717836654	0.0797849182361775	0.009856364406659381	0.05878648584464528	0.03971424576429956	0.08707522661781919	0.010430208899132272	0.06007680074219771	0.013295855025983516	0.16740282516135552	0.06321370276389784	0.010608537720621746	0.05185274163575181
el	1.0	0.010426388824429596	0.01016565682720199	1.0	0.010400713024264726	0.009632184394617686	1.0	0.010057908230220519	0.009921640959699801	0.010007753145433926	1.0	1.0	0.011679146926279348	0.009713361744199314	0.010206766285143599	1.0	1.0	0.01159123104715117	1.0	1.0	1.0	0.010314448699187335	0.010000673468930393	0.01112605322642237	0.010145200219861589	1.0	0.011713348340898603	1.0	0.010142037011627945	1.0	0.009807889201558395	1.0	0.585786437626905	0.010299512943294764	0.3203772410170407	0.01116124856108838
en	0.13507810593582123	0.06251630228611521	0.059142993013774965	0.011070872890501224	0.06082299687808565	0.05319620142350532	0.010057908230220519	1.0	0.049683959291307186	0.04166820757435257	0.01089061600063582	0.011358444962106369	0.040297916597009736	0.05258864321213625	0.06148471316182733	0.010294732536157536	0.009022196115666306	0.049591958980985694	0.011070872890501224	0.011070872890501224	0.011070872890501224	0.06242706560460406	0.05828830908609592	0.0569454743978596	0.05909275777857239	0.010297489647949822	0.056779546935653125	0.04107579974238511	0.06113370708178876	0.01089061600063582	0.04690343176390799	0.013873970020920098	0.11432382437559602	0.05393921028296382	0.011074452954889766	0.050771332503214014
es	0.1327673435381234	0.06754768186857141	0.0631674907773225	0.010925169296162317	0.06462542528967737	0.057795641101454784	0.009921640959699801	0.049683959291307186	1.0	0.05050504215926068	0.010746409982641385	0.011208796410610945	0.0401775726341164	0.057286967334316236	0.06745336924921229	0.01031518795784943	0.009770155135332755	0.050220404835235634	0.010925169296162317	0.010925169296162317	0.010925169296162317	0.06765189517564466	0.06279393134187965	0.05818138988118555	0.06419259568715253	0.01015382624487871	0.057160483903674744	0.04105173034381145	0.06622737855365181	0.010746409982641385	0.053319392088401196	0.013695590488707986	0.16105739648589343	0.05617464997212825	0.010928609310230339	0.05139627255498799
fr	0.13143927813749226	0.06395949746162069	0.06073413334318108	0.011022032898596337	0.06240481740007217	0.05470992974598688	0.010007753145433926	0.04166820757435257	0.05050504215926068	1.0	0.010840041330960955	0.011307408118686137	0.040183370579724216	0.05386820203651441	0.06332193531834822	0.010240233611125369	0.009107762921709993	0.049914387314033686	0.011022032898596337	0.011022032898596337	0.011022032898596337	0.06387971890154666	0.05980818791531443	0.05813801561860975	0.06059142125217479	0.010241499592730359	0.05728946341679864	0.041294374595702225	0.06291516400370124	0.010840041330960955	0.047603209965764594	0.013802759151956306	0.13220931987054504	0.054571761139058914	0.011025565600804024	0.05083494081614818
he	1.0	0.010426388824429596	0.010595760339903686	1.0	0.010400713024264726	0.010430208899132272	1.0	0.01089061600063582	0.010746409982641385	0.010840041330960955	1.0	1.0	0.012432320246147094	0.010431546921079634	0.010206766285143599	1.0	1.0	0.01159123104715117	1.0	1.0	1.0	0.010401281531115941	0.010331492111021731	0.011410494954307623	0.01031315538022015	1.0	0.011713348340898603	1.0	0.010226338833764914	1.0	0.010623321016323857	1.0	0.36602540378443865	0.010638297872340424	0.3203772410170407	0.011632681982794449
hi	1.0	0.010696166288780406	0.011062193286761108	1.0	0.010760656421296224	0.010880400821108062	1.0	0.011358444962106369	0.011208796410610945	0.011307408118686137	1.0	1.0	0.012971506221970498	0.010881486171201086	0.01064662327706334	1.0	1.0	0.011890558214826728	1.0	1.0	1.0	0.010669057010594065	0.010778755677419913	0.011917589016833482	0.010758977417695582	1.0	0.012028327113219963	1.0	0.010667011696944024	1.0	0.011080948623090482	1.0	0.39564392373896007	0.011097956624232502	0.3203772410170407	0.011313505863028228
hu	0.13879564861321142	0.0420335307958655	0.0414987236425681	0.012637735529821146	0.041942938304435656	0.03876860963533995	0.011679146926279348	0.040297916597009736	0.0401775726341164	0.040183370579724216	0.012432320246147094	0.012971506221970498	1.0	0.03933386647961144	0.04116595532327591	0.012140713908728243	0.011411183794333531	0.04653636084944662	0.012637735529821146	0.012637735529821146	0.012637735529821146	0.04156712221609511	0.040932881515866604	0.051615545160503984	0.04080061809151024	0.01195372760636617	0.052977246873716445	0.04194305820643464	0.04088593159874472	0.012432320246147094	0.039159340918504676	0.015840605925896912	0.36602540378443865	0.042142585158192414	0.012641339920103793	0.050288566162751736
id	0.13057680273413985	0.08586114151392452	0.07756404953878179	0.010606597947277193	0.08099641051850101	0.06883184912250465	0.009713361744199314	0.05258864321213625	0.057286967334316236	0.05386820203651441	0.010431546921079634	0.010881486171201086	0.03933386647961144	1.0	0.08856117054576591	0.009940271874130123	0.009423525736849587	0.051073349534622	0.010606597947277193	0.010606597947277193	0.010606597947277193	0.08713733449821778	0.07629487451569823	0.06052335730925007	0.07917664010216718	0.00986427157502178	0.05880297374800685	0.03961676780812888	0.08617976880738258	0.010431546921079634	0.05957534153738109	0.01328673304169989	0.20846672670545388	0.06295319668510349	0.010609948755545153	0.05197852236414782
it	0.14285714285714285	0.12191797880794784	0.10576303925938374	0.010379178839896815	0.10668331962242153	0.08891198533508764	0.010206766285143599	0.06148471316182733	0.06745336924921229	0.06332193531834822	0.010206766285143599	0.01064662327706334	0.04116595532327591	0.08856117054576591	1.0	0.010122770592421443	0.010122770592421443	0.05174082686893683	0.010379178839896815	0.010379178839896815	0.010379178839896815	0.13073680244468125	0.10252002018478658	0.06359698398276586	0.10656691688349014	0.010206766285143599	0.05969514995863865	0.03881148747089104	0.13029807907909932	0.010206766285143599	0.07300711323254196	0.013010006357218168	0.15810288929542846	0.07267337170625496	0.010382317914272524	0.05377936589742457
ja	1.0	0.010426388824429596	0.01016565682720199	1.0	0.010400713024264726	0.01001400251848676	1.0	0.010294732536157536	0.01031518795784943	0.010240233611125369	1.0	1.0	0.012140713908728243	0.009940271874130123	0.010122770592421443	1.0	1.0	0.01159123104715117	1.0	1.0	1.0	0.010314448699187335	0.010000673468930393	0.01112605322642237	0.010228140144025837	1.0	0.011713348340898603	1.0	0.010142037011627945	1.0	0.010118930512541638	1.0	0.22547340809847535	0.010299512943294764	0.3203772410170407	0.010956152221030116
ko	1.0	0.010426388824429597	0.010165656827201988	1.0	0.010400713024264725	0.009486384460414558	1.0	0.009022196115666306	0.009770155135332755	0.009107762921709993	1.0	1.0	0.011411183794333531	0.009423525736849587	0.010122770592421443	1.0	1.0	0.01159123104715117	1.0	1.0	1.0	0.010314448699187335	0.010000673468930393	0.011039506457165204	0.01014520021986159	1.0	0.011713348340898603	1.0	0.010142037011627945	1.0	0.009045631827298159	1.0	0.28989794855663564	0.010299512943294764	0.3203772410170407	0.011050167150490063
lv	0.1380262631157473	0.05163672122228534	0.05270315520572162	0.01159123104715117	0.05179521580769345	0.05113770756500021	0.01159123104715117	0.049591958980985694	0.050220404835235634	0.049914387314033686	0.01159123104715117	0.011890558214826728	0.04653636084944662	0.051073349534622	0.05174082686893683	0.01159123104715117	0.01159123104715117	1.0	0.01159123104715117	0.01159123104715117	0.01159123104715117	0.0518203773676289	0.05136084215257541	0.057227098350631236	0.05127529484784206	0.01159123104715117	0.05535016433494301	0.043492588959134486	0.05169077622343953	0.01159123104715117	0.05022040483523564	0.01484779195040804	0.2928060946961875	0.05071195840311884	0.011595075667302574	0.054751687185314646
mk	1.0	0.010426388824429597	0.010778755677419913	1.0	0.010489186506251701	0.01060539212034133	1.0	0.011070872890501224	0.010925169296162317	0.011022032898596337	1.0	1.0	0.012637735529821146	0.010606597947277193	0.010379178839896815	1.0	1.0	0.01159123104715117	1.0	1.0	1.0	0.010401281531115941	0.010506138799084578	0.011608074469531247	0.010486466235727685	1.0	0.011713348340898603	1.0	0.010398061228625879	1.0	0.010800766082609095	1.0	0.585786437626905	0.010820136608040746	0.3203772410170407	0.010993934092761365
ml	1.0	0.010426388824429596	0.010778755677419913	1.0	0.010489186506251701	0.01060539212034133	1.0	0.011070872890501224	0.010925169296162317	0.011022032898596337	1.0	1.0	0.012637735529821146	0.010606597947277193	0.010379178839896815	1.0	1.0	0.01159123104715117	1.0	1.0	1.0	0.010401281531115941	0.010506138799084578	0.011608074469531247	0.010486466235727685	1.0	0.011713348340898603	1.0	0.010398061228625879	1.0	0.010800766082609095	1.0	0.5	0.010820136608040746	0.3203772410170407	0.010993934092761365
mr	1.0	0.010426388824429596	0.010778755677419913	1.0	0.010489186506251701	0.010605392120341332	1.0	0.011070872890501224	0.010925169296162317	0.011022032898596337	1.0	1.0	0.012637735529821146	0.010606597947277193	0.010379178839896815	1.0	1.0	0.01159123104715117	1.0	1.0	1.0	0.010401281531115941	0.010506138799084578	0.011608074469531247	0.010486466235727685	1.0	0.011713348340898603	1.0	0.010398061228625879	1.0	0.010800766082609095	1.0	1.0	0.010820136608040747	0.3203772410170407	0.010993934092761365
nl	0.126516536980057	0.1163783971893497	0.10241718512755671	0.010401281531115941	0.10385107763686346	0.08789348976317907	0.010314448699187335	0.06242706560460406	0.06765189517564466	0.06387971890154666	0.010401281531115941	0.010669057010594065	0.04156712221609511	0.08713733449821778	0.13073680244468125	0.010314448699187335	0.010314448699187335	0.0518203773676289	0.010401281531115941	0.010401281531115941	0.010401281531115941	1.0	0.1002010429232901	0.06350319861034719	0.10321390571536802	0.010314448699187335	0.059616537808340274	0.03893371743906547	0.1239778944010706	0.010401281531115941	0.07349217976429917	0.013321736936148165	0.06666097929001152	0.07184770677750967	0.01040463324747636	0.05358806095389983
pl	0.12769271191181894	0.0967788504837054	0.0863002008493863	0.010506138799084578	0.08935661861201868	0.07685099477596853	0.010000673468930393	0.05828830908609592	0.06279393134187965	0.05980818791531443	0.010331492111021731	0.010778755677419913	0.040932881515866604	0.07629487451569823	0.10252002018478658	0.010000673468930393	0.010000673468930393	0.05136084215257541	0.010506138799084578	0.010506138799084578	0.010506138799084578	0.1002010429232901	1.0	0.06170145297925268	0.08817158192737551	0.010000673468930393	0.059032940870653985	0.03937092576409445	0.09972500533454606	0.010331492111021731	0.06666771200957332	0.013165596198496624	0.16893238825915027	0.0666223675809076	0.010509394935895125	0.052332929495685424
pt	0.23371479611805132	0.06374419279587193	0.06231390753601071	0.011608074469531247	0.06307297188638049	0.06045750717836654	0.01112605322642237	0.0569454743978596	0.05818138988118555	0.05813801561860975	0.011410494954307623	0.011917589016833482	0.051615545160503984	0.06052335730925007	0.06359698398276586	0.01112605322642237	0.011039506457165204	0.057227098350631236	0.011608074469531247	0.011608074469531247	0.011608074469531247	0.06350319861034719	0.06170145297925268	1.0	0.06213765344756092	0.01112605322642237	0.0696613158212747	0.04114826641229167	0.06288493437158559	0.011410494954307623	0.05900924691363325	0.01467611622133508	0.1661092312630292	0.058853772321690395	0.011611814803858972	0.06288530122101721
ro	0.12690480173057767	0.09981965005266237	0.09070955937005272	0.010486466235727685	0.0915669605438085	0.0797849182361775	0.010145200219861589	0.05909275777857239	0.06419259568715253	0.06059142125217479	0.01031315538022015	0.010758977417695582	0.04080061809151024	0.07917664010216718	0.10656691688349014	0.010228140144025837	0.01014520021986159	0.05127529484784206	0.010486466235727685	0.010486466235727685	0.010486466235727685	0.10321390571536802	0.08817158192737551	0.06213765344756092	1.0	0.01014520021986159	0.05907464654166532	0.03927598171642262	0.10293460003039243	0.01031315538022015	0.06817075178363269	0.013145216950575637	0.35388936786452296	0.06815131631574158	0.010489704045522361	0.05347893776454146
ru	1.0	0.010426388824429596	0.010165656827201988	1.0	0.010400713024264725	0.009856364406659381	1.0	0.010297489647949822	0.01015382624487871	0.010241499592730359	1.0	1.0	0.01195372760636617	0.00986427157502178	0.010206766285143599	1.0	1.0	0.01159123104715117	1.0	1.0	1.0	0.010314448699187335	0.010000673468930393	0.01112605322642237	0.01014520021986159	1.0	0.011713348340898603	1.0	0.010142037011627945	1.0	0.010038096111826537	1.0	0.17983341921194707	0.010299512943294764	0.3203772410170407	0.01116124856108838
sh	0.22772999919644132	0.059579444565250224	0.0593874799727948	0.011713348340898603	0.05943879845900819	0.05878648584464528	0.011713348340898603	0.056779546935653125	0.057160483903674744	0.05728946341679864	0.011713348340898603	0.012028327113219963	0.052977246873716445	0.05880297374800685	0.05969514995863865	0.011713348340898603	0.011713348340898603	0.05535016433494301	0.011713348340898603	0.011713348340898603	0.011713348340898603	0.059616537808340274	0.059032940870653985	0.0696613158212747	0.05907464654166532	0.011713348340898603	1.0	0.04006205084954796	0.05957089446989527	0.011713348340898603	0.05785761700036542	0.015159025882275426	0.28436465220442186	0.05802139164001286	0.01171737472727927	0.06511572339690626
si	1.0	0.038882646210846805	0.04045209940571441	1.0	0.03924448808240343	0.03971424576429956	1.0	0.04107579974238511	0.04105173034381145	0.041294374595702225	1.0	1.0	0.04194305820643464	0.03961676780812888	0.03881148747089104	1.0	1.0	0.043492588959134486	1.0	1.0	1.0	0.03893371743906547	0.03937092576409445	0.04114826641229167	0.03927598171642262	1.0	0.04006205084954796	1.0	0.038882646210846805	1.0	0.04031484047461903	1.0	1.0	0.04039473562744812	1.0	0.04203878627298593
simple	0.14285714285714285	0.11778171262704058	0.1008143000657402	0.010398061228625879	0.10349558588618975	0.08707522661781919	0.010142037011627945	0.06113370708178876	0.06622737855365181	0.06291516400370124	0.010226338833764914	0.010667011696944024	0.04088593159874472	0.08617976880738258	0.13029807907909932	0.010142037011627945	0.010142037011627945	0.05169077622343953	0.010398061228625879	0.010398061228625879	0.010398061228625879	0.1239778944010706	0.09972500533454606	0.06288493437158559	0.10293460003039243	0.010142037011627945	0.05957089446989527	0.038882646210846805	1.0	0.010226338833764914	0.07233261400606425	0.013030506707460988	0.13936114908359967	0.07135028548814772	0.01040140982090276	0.053377273287673166
sr	1.0	0.010426388824429596	0.010595760339903686	1.0	0.010400713024264725	0.010430208899132272	1.0	0.01089061600063582	0.010746409982641385	0.010840041330960955	1.0	1.0	0.012432320246147094	0.010431546921079634	0.010206766285143599	1.0	1.0	0.01159123104715117	1.0	1.0	1.0	0.010401281531115941	0.010331492111021731	0.011410494954307623	0.01031315538022015	1.0	0.011713348340898603	1.0	0.010226338833764914	1.0	0.010623321016323857	1.0	0.35873311676042496	0.010638297872340424	0.3203772410170407	0.011632681982794449
sv	0.13187730439473622	0.07294717038940841	0.06743455522716883	0.010800766082609095	0.0697726042473354	0.06007680074219771	0.009807889201558395	0.04690343176390799	0.053319392088401196	0.047603209965764594	0.010623321016323857	0.011080948623090482	0.039159340918504676	0.05957534153738109	0.07300711323254196	0.010118930512541638	0.009045631827298159	0.05022040483523564	0.010800766082609095	0.010800766082609095	0.010800766082609095	0.07349217976429917	0.06666771200957332	0.05900924691363325	0.06817075178363269	0.010038096111826537	0.05785761700036542	0.04031484047461903	0.07233261400606425	0.010623321016323857	1.0	0.013532733375616644	0.3090169943749474	0.058451367987084064	0.010803658306666429	0.05181087435205491
te	1.0	0.013343756007097035	0.013595983923512996	1.0	0.013286733041699887	0.013295855025983516	1.0	0.013873970020920098	0.013695590488707986	0.013802759151956306	1.0	1.0	0.015840605925896912	0.01328673304169989	0.013010006357218168	1.0	1.0	0.01484779195040804	1.0	1.0	1.0	0.013321736936148165	0.013165596198496624	0.01467611622133508	0.013145216950575637	1.0	0.015159025882275426	1.0	0.013030506707460988	1.0	0.013532733375616644	1.0	0.44948974278317805	0.013554138956017963	0.4142135623730951	0.014035642718277034
tr	1.0	0.11805118285102527	-1.0	1.0	0.19868093383850086	0.16740282516135552	0.585786437626905	0.11432382437559602	0.16105739648589343	0.13220931987054504	0.36602540378443865	0.39564392373896007	0.36602540378443865	0.20846672670545388	0.15810288929542846	0.22547340809847535	0.28989794855663564	0.2928060946961875	0.585786437626905	0.5	1.0	0.06666097929001152	0.16893238825915027	0.1661092312630292	0.35388936786452296	0.17983341921194707	0.28436465220442186	1.0	0.13936114908359967	0.35873311676042496	0.3090169943749474	0.44948974278317805	1.0	0.27429188517743175	0.585786437626905	0.19900804996708035
vi	0.1301521958455223	0.07227435822570234	0.06710789761717442	0.010820136608040746	0.0691241723944385	0.06321370276389784	0.010299512943294764	0.05393921028296382	0.05617464997212825	0.054571761139058914	0.010638297872340424	0.011097956624232502	0.042142585158192414	0.06295319668510349	0.07267337170625496	0.010299512943294764	0.010299512943294764	0.05071195840311884	0.010820136608040746	0.010820136608040746	0.010820136608040747	0.07184770677750967	0.0666223675809076	0.058853772321690395	0.06815131631574158	0.010299512943294764	0.05802139164001286	0.04039473562744812	0.07135028548814772	0.010638297872340424	0.058451367987084064	0.013554138956017963	0.27429188517743175	1.0	0.010823477972422743	0.05155561127495587
war	1.0	0.010429571093550211	0.010782487267780059	0.3203772410170407	0.010492426846133936	0.010608537720621746	0.3203772410170407	0.011074452954889766	0.010928609310230339	0.011025565600804024	0.3203772410170407	0.3203772410170407	0.012641339920103793	0.010609948755545153	0.010382317914272524	0.3203772410170407	0.3203772410170407	0.011595075667302574	0.3203772410170407	0.3203772410170407	0.3203772410170407	0.01040463324747636	0.010509394935895125	0.011611814803858972	0.010489704045522361	0.3203772410170407	0.01171737472727927	1.0	0.01040140982090276	0.3203772410170407	0.010803658306666429	0.4142135623730951	0.585786437626905	0.010823477972422743	1.0	0.010997342704124955
zh	0.585786437626905	0.07893887359797878	0.05206739390826388	0.010993934092761365	0.07630737245004818	0.05185274163575181	0.01116124856108838	0.050771332503214014	0.05139627255498799	0.05083494081614818	0.011632681982794449	0.011313505863028228	0.050288566162751736	0.05197852236414782	0.05377936589742457	0.010956152221030116	0.011050167150490063	0.054751687185314646	0.010993934092761365	0.010993934092761365	0.010993934092761365	0.05358806095389983	0.052332929495685424	0.06288530122101721	0.05347893776454146	0.01116124856108838	0.06511572339690626	0.04203878627298593	0.053377273287673166	0.011632681982794449	0.05181087435205491	0.014035642718277034	0.19900804996708035	0.05155561127495587	0.010997342704124955	1.0
