arz	bs	ceb	ckb	da	de	el	en	es	fr	he	hi	hu	id	it	ja	ko	lv	mk	ml	mr	nl	pl	pt	ro	ru	sh	si	simple	sr	sv	te	tr	vi	war	zh
arz	0.5	0.038135593220338986	0.032520325203252036	0.038135593220338986	0.037815126050420166	0.03409090909090909	0.03461538461538462	0.027777777777777776	0.03409090909090909	0.028846153846153848	0.0375	0.0391304347826087	0.03435114503816794	0.03383458646616541	0.0371900826446281	0.03543307086614173	0.03103448275862069	0.038135593220338986	0.038135593220338986	0.038135593220338986	0.038135593220338986	0.037815126050420166	0.036290322580645164	0.036290322580645164	0.036885245901639344	0.03543307086614173	0.038135593220338986	0.08823529411764706	0.0371900826446281	0.0375	0.03125	0.042105263157894736	0.05555555555555555	0.036290322580645164	0.038135593220338986	0.03543307086614173
bs	0.038135593220338986	1.0	0.841678148966593	0.5	0.93670805434261	0.7964311131801861	0.45384615384615384	0.5787898995504025	0.7623724545894357	0.6101739391213075	0.49166666666666664	0.4872881355932203	0.599391955960111	0.7892456296472683	0.9322567914524975	0.4645669291338583	0.4068965517241379	0.7825133416185394	0.5	0.5	0.5	0.9519355672937728	0.881240235574053	0.5505131964809384	0.9049510724588834	0.4645669291338583	0.5722010889833669	0.13135593220338984	0.93007966593313	0.49166666666666664	0.6919740618764187	0.38333333333333336	0.21778846153846154	0.8392396359480824	0.5002999625046869	0.5000381526876384
ceb	0.032520325203252036	0.841678148966593	1.0	0.46	0.8426824478116668	0.8233334757180639	0.46923076923076923	0.5971730831178204	0.7863894974748993	0.63112831422886	0.468	0.448	0.5931240906901692	0.8151675986064761	0.859547798203582	0.48031496062992124	0.4206896551724138	0.7013395701986306	0.46	0.46	0.46	0.8554721141374838	0.8906438311898145	0.5482012494557679	0.8547150342210807	0.48031496062992124	0.5221710058329777	0.12195121951219512	0.8758971110967492	0.468	0.7135885885885886	0.364	-1.0	0.8458016485673165	0.46032615786040443	0.5154152471628726
ckb	0.038135593220338986	0.5	0.46	0.5	0.4957983193277311	0.44696969696969696	0.45384615384615384	0.36419753086419754	0.44696969696969696	0.3782051282051282	0.49166666666666664	0.4872881355932203	0.45038167938931295	0.44360902255639095	0.48760330578512395	0.4645669291338583	0.4068965517241379	0.5	0.5	0.5	0.5	0.4957983193277311	0.47580645161290325	0.47580645161290325	0.48360655737704916	0.4645669291338583	0.5	0.13135593220338984	0.48760330578512395	0.49166666666666664	0.4097222222222222	0.38333333333333336	0.075	0.47580645161290325	0.5	0.4645669291338583
da	0.037815126050420166	0.93670805434261	0.8426824478116668	0.4957983193277311	1.0	0.7984375474573576	0.4576923076923077	0.580072762051367	0.7618646603743542	0.6121955821181655	0.49583333333333335	0.4831932773109244	0.6027946604574861	0.7908925525518156	0.9332099707584309	0.468503937007874	0.4103448275862069	0.7721505572632903	0.4957983193277311	0.4957983193277311	0.4957983193277311	0.9300424073428604	0.8826173998173392	0.5558653467473417	0.9061427141611205	0.468503937007874	0.5657145246247534	0.13025210084033614	0.9304474248228336	0.49583333333333335	0.6927878566935437	0.3875	0.19642857142857142	0.8401284099644496	0.49610073106130637	0.5034629839177772
de	0.03409090909090909	0.7964311131801861	0.8233334757180639	0.44696969696969696	0.7984375474573576	1.0	0.49242424242424243	0.6493738240456617	0.8246071003801811	0.687187269154111	0.45454545454545453	0.4356060606060606	0.6367728714904319	0.8399007874426366	0.8125680322287543	0.4664179104477612	0.45517241379310347	0.6667928137736006	0.44696969696969696	0.44696969696969696	0.44696969696969696	0.8095586336476728	0.8416892418121855	0.5267927777002187	0.8268122365573023	0.4810606060606061	0.5038376718220497	0.11742424242424243	0.8286527004590292	0.45454545454545453	0.7807674841053587	0.3560606060606061	0.08571428571428572	0.800879256121693	0.4471950527098296	0.4979488675350532
el	0.03461538461538462	0.45384615384615384	0.46923076923076923	0.45384615384615384	0.4576923076923077	0.49242424242424243	0.5	0.4012345679012346	0.49242424242424243	0.4166666666666667	0.46153846153846156	0.4423076923076923	0.48120300751879697	0.48134328358208955	0.4580152671755725	0.4734848484848485	0.4482758620689655	0.45384615384615384	0.45384615384615384	0.45384615384615384	0.45384615384615384	0.4576923076923077	0.47692307692307695	0.46946564885496184	0.46923076923076923	0.48846153846153845	0.45384615384615384	0.11923076923076924	0.4653846153846154	0.46153846153846156	0.4513888888888889	0.36153846153846153	0.13043478260869565	0.47692307692307695	0.45384615384615384	0.4734848484848485
en	0.027777777777777776	0.5787898995504025	0.5971730831178204	0.36419753086419754	0.580072762051367	0.6493738240456617	0.4012345679012346	1.0	0.6250280534687004	0.759706618456411	0.37037037037037035	0.3549382716049383	0.5011317021120942	0.6549118087026194	0.5993692620141331	0.39197530864197533	0.44753086419753085	0.5019043591093618	0.36419753086419754	0.36419753086419754	0.36419753086419754	0.5866855034394073	0.6094728295577442	0.42579266350059936	0.5973855893815367	0.39197530864197533	0.4009125797503985	0.09567901234567901	0.5980583837489548	0.37037037037037035	0.7069433958746936	0.29012345679012347	0.09895833333333333	0.5859273219654273	0.36437895321543123	0.4135446368020734
es	0.03409090909090909	0.7623724545894357	0.7863894974748993	0.44696969696969696	0.7618646603743542	0.8246071003801811	0.49242424242424243	0.6250280534687004	1.0	0.6600006409069545	0.45454545454545453	0.4356060606060606	0.6184309210362715	0.8145782739878681	0.7743848680330057	0.4664179104477612	0.45517241379310347	0.6527047902787548	0.44696969696969696	0.44696969696969696	0.44696969696969696	0.7732265778040426	0.8042170750105169	0.5251349527665317	0.7895468654705662	0.4810606060606061	0.502438446969697	0.11742424242424243	0.7881751715905699	0.45454545454545453	0.7462105659344419	0.3560606060606061	0.1125	0.7687387177438447	0.4472263893055972	0.49796694275224357
fr	0.028846153846153848	0.6101739391213075	0.63112831422886	0.3782051282051282	0.6121955821181655	0.687187269154111	0.4166666666666667	0.759706618456411	0.6600006409069545	1.0	0.38461538461538464	0.3685897435897436	0.5253299642385859	0.6919796994561135	0.6331407550667966	0.40705128205128205	0.4525316455696203	0.5279455484770689	0.3782051282051282	0.3782051282051282	0.3782051282051282	0.6185636760036021	0.6440326597611366	0.43805394693487637	0.6309814095475724	0.40705128205128205	0.41949026876737716	0.09935897435897435	0.6316075494322084	0.38461538461538464	0.7454021181023225	0.30128205128205127	0.10267673301304049	0.6175276706250157	0.3783973302918937	0.4299664849913458
he	0.0375	0.49166666666666664	0.468	0.49166666666666664	0.49583333333333335	0.45454545454545453	0.46153846153846156	0.37037037037037035	0.45454545454545453	0.38461538461538464	0.5	0.4791666666666667	0.4580152671755725	0.45112781954887216	0.49586776859504134	0.47244094488188976	0.41379310344827586	0.49166666666666664	0.49166666666666664	0.49166666666666664	0.49166666666666664	0.48760330578512395	0.4838709677419355	0.4838709677419355	0.4918032786885246	0.47244094488188976	0.49166666666666664	0.12916666666666668	0.49586776859504134	0.5	0.4166666666666667	0.39166666666666666	0.125	0.4838709677419355	0.49166666666666664	0.47244094488188976
hi	0.0391304347826087	0.4872881355932203	0.448	0.4872881355932203	0.4831932773109244	0.4356060606060606	0.4423076923076923	0.3549382716049383	0.4356060606060606	0.3685897435897436	0.4791666666666667	0.5	0.4389312977099237	0.4323308270676692	0.47520661157024796	0.452755905511811	0.39655172413793105	0.4872881355932203	0.4872881355932203	0.4872881355932203	0.4872881355932203	0.4831932773109244	0.4637096774193548	0.4637096774193548	0.4713114754098361	0.452755905511811	0.4872881355932203	0.13478260869565217	0.47520661157024796	0.4791666666666667	0.3993055555555556	0.37815126050420167	0.14583333333333334	0.4637096774193548	0.4872881355932203	0.452755905511811
hu	0.03435114503816794	0.599391955960111	0.5931240906901692	0.45038167938931295	0.6027946604574861	0.6367728714904319	0.48120300751879697	0.5011317021120942	0.6184309210362715	0.5253299642385859	0.4580152671755725	0.4389312977099237	1.0	0.610118910325788	0.6039541273444033	0.45555555555555555	0.4517241379310345	0.568261930915787	0.45038167938931295	0.45038167938931295	0.45038167938931295	0.604303536659383	0.603687776870636	0.5092795279337584	0.6148890986193727	0.4699248120300752	0.4966644782231322	0.1183206106870229	0.6135923209639486	0.4580152671755725	0.5791345680720854	0.35877862595419846	0.0967741935483871	0.5966374195127011	0.45056372927098054	0.48596042033392006
id	0.03383458646616541	0.7892456296472683	0.8151675986064761	0.44360902255639095	0.7908925525518156	0.8399007874426366	0.48134328358208955	0.6549118087026194	0.8145782739878681	0.6919796994561135	0.45112781954887216	0.4323308270676692	0.610118910325788	1.0	0.8234667536291072	0.4701492537313433	0.4586206896551724	0.6604213154156859	0.44360902255639095	0.44360902255639095	0.44360902255639095	0.8014044256983923	0.8327530638576088	0.5227624287254493	0.8181557834014137	0.4774436090225564	0.5000155766401376	0.11654135338345864	0.8201182010253143	0.45112781954887216	0.7885239982405119	0.3533834586466165	0.1891891891891892	0.7924925884636755	0.44386350785986467	0.5017421406023232
it	0.0371900826446281	0.9322567914524975	0.859547798203582	0.48760330578512395	0.9332099707584309	0.8125680322287543	0.4580152671755725	0.5993692620141331	0.7743848680330057	0.6331407550667966	0.49586776859504134	0.47520661157024796	0.6039541273444033	0.8234667536291072	1.0	0.4763779527559055	0.41724137931034483	0.7587657756023023	0.48760330578512395	0.48760330578512395	0.48760330578512395	0.9259440447465339	0.8995824473226368	0.5543798797761349	0.923798503970034	0.46875	0.5558675725634133	0.128099173553719	0.949435530673987	0.49586776859504134	0.7193384402297678	0.3884297520661157	0.12878787878787878	0.8532101015360583	0.4878833589952339	0.512228713542399
ja	0.03543307086614173	0.4645669291338583	0.48031496062992124	0.4645669291338583	0.468503937007874	0.4664179104477612	0.4734848484848485	0.39197530864197533	0.4664179104477612	0.40705128205128205	0.47244094488188976	0.452755905511811	0.45555555555555555	0.4701492537313433	0.4763779527559055	0.5	0.4315068493150685	0.4645669291338583	0.4645669291338583	0.4645669291338583	0.4645669291338583	0.468503937007874	0.4881889763779528	0.48046875	0.47265625	0.4844961240310077	0.4645669291338583	0.1220472440944882	0.4763779527559055	0.47244094488188976	0.43448275862068964	0.3700787401574803	0.16304347826086957	0.4881889763779528	0.4645669291338583	0.5
ko	0.03103448275862069	0.4068965517241379	0.4206896551724138	0.4068965517241379	0.4103448275862069	0.45517241379310347	0.4482758620689655	0.44753086419753085	0.45517241379310347	0.4525316455696203	0.41379310344827586	0.39655172413793105	0.4517241379310345	0.4586206896551724	0.41724137931034483	0.4315068493150685	0.5	0.4068965517241379	0.4068965517241379	0.4068965517241379	0.4068965517241379	0.4103448275862069	0.42758620689655175	0.42758620689655175	0.4206896551724138	0.4379310344827586	0.4068965517241379	0.10689655172413794	0.41724137931034483	0.41379310344827586	0.47635135135135137	0.32413793103448274	0.1896551724137931	0.42758620689655175	0.4068965517241379	0.4315068493150685
lv	0.038135593220338986	0.7825133416185394	0.7013395701986306	0.5	0.7721505572632903	0.6667928137736006	0.45384615384615384	0.5019043591093618	0.6527047902787548	0.5279455484770689	0.49166666666666664	0.4872881355932203	0.568261930915787	0.6604213154156859	0.7587657756023023	0.4645669291338583	0.4068965517241379	1.0	0.5	0.5	0.5	0.7759172901583768	0.7277929835994352	0.5445987643449408	0.743894267453818	0.4645669291338583	0.5646208981968865	0.13135593220338984	0.7581047602802063	0.49166666666666664	0.5880893709379571	0.38333333333333336	0.14	0.712588389309388	0.5003714250340473	0.49764963590077554
mk	0.038135593220338986	0.5	0.46	0.5	0.4957983193277311	0.44696969696969696	0.45384615384615384	0.36419753086419754	0.44696969696969696	0.3782051282051282	0.49166666666666664	0.4872881355932203	0.45038167938931295	0.44360902255639095	0.48760330578512395	0.4645669291338583	0.4068965517241379	0.5	0.5	0.5	0.5	0.4957983193277311	0.47580645161290325	0.47580645161290325	0.48360655737704916	0.4645669291338583	0.5	0.13135593220338984	0.48760330578512395	0.49166666666666664	0.4097222222222222	0.38333333333333336	0.12	0.47580645161290325	0.5	0.4645669291338583
ml	0.038135593220338986	0.5	0.46	0.5	0.4957983193277311	0.44696969696969696	0.45384615384615384	0.36419753086419754	0.44696969696969696	0.3782051282051282	0.49166666666666664	0.4872881355932203	0.45038167938931295	0.44360902255639095	0.48760330578512395	0.4645669291338583	0.4068965517241379	0.5	0.5	0.5	0.5	0.4957983193277311	0.47580645161290325	0.47580645161290325	0.48360655737704916	0.4645669291338583	0.5	0.13135593220338984	0.48760330578512395	0.49166666666666664	0.4097222222222222	0.38333333333333336	0.17307692307692307	0.47580645161290325	0.5	0.4645669291338583
mr	0.038135593220338986	0.5	0.46	0.5	0.4957983193277311	0.44696969696969696	0.45384615384615384	0.36419753086419754	0.44696969696969696	0.3782051282051282	0.49166666666666664	0.4872881355932203	0.45038167938931295	0.44360902255639095	0.48760330578512395	0.4645669291338583	0.4068965517241379	0.5	0.5	0.5	0.5	0.4957983193277311	0.47580645161290325	0.47580645161290325	0.48360655737704916	0.4645669291338583	0.5	0.13135593220338984	0.48760330578512395	0.49166666666666664	0.4097222222222222	0.38333333333333336	0.05	0.47580645161290325	0.5	0.4645669291338583
nl	0.037815126050420166	0.9519355672937728	0.8554721141374838	0.4957983193277311	0.9300424073428604	0.8095586336476728	0.4576923076923077	0.5866855034394073	0.7732265778040426	0.6185636760036021	0.48760330578512395	0.4831932773109244	0.604303536659383	0.8014044256983923	0.9259440447465339	0.468503937007874	0.4103448275862069	0.7759172901583768	0.4957983193277311	0.4957983193277311	0.4957983193277311	1.0	0.8962485962571086	0.5548315401907546	0.920155607035759	0.468503937007874	0.5663083454829185	0.13025210084033614	0.9229729207070121	0.48760330578512395	0.7023238755222672	0.38016528925619836	0.06702309255875971	0.8490266815942296	0.4961268824118433	0.5040145829840559
pl	0.036290322580645164	0.881240235574053	0.8906438311898145	0.47580645161290325	0.8826173998173392	0.8416892418121855	0.47692307692307695	0.6094728295577442	0.8042170750105169	0.6440326597611366	0.4838709677419355	0.4637096774193548	0.603687776870636	0.8327530638576088	0.8995824473226368	0.4881889763779528	0.42758620689655175	0.7277929835994352	0.47580645161290325	0.47580645161290325	0.47580645161290325	0.8962485962571086	1.0	0.5565602737911916	0.8937720080087839	0.4881889763779528	0.5400361804053011	0.125	0.8969622702354079	0.4838709677419355	0.7296831955922864	0.3790322580645161	0.09375	0.8652330141358868	0.4760869368523675	0.5231268106489815
pt	0.036290322580645164	0.5505131964809384	0.5482012494557679	0.47580645161290325	0.5558653467473417	0.5267927777002187	0.46946564885496184	0.42579266350059936	0.5251349527665317	0.43805394693487637	0.4838709677419355	0.4637096774193548	0.5092795279337584	0.5227624287254493	0.5543798797761349	0.48046875	0.42758620689655175	0.5445987643449408	0.47580645161290325	0.47580645161290325	0.47580645161290325	0.5548315401907546	0.5565602737911916	1.0	0.5577276769958354	0.48046875	0.5176287070273917	0.125	0.5631975073415912	0.4838709677419355	0.4780038368832702	0.3790322580645161	0.12179487179487179	0.5638783596989709	0.47601903664691686	0.5053031870860927
ro	0.036885245901639344	0.9049510724588834	0.8547150342210807	0.48360655737704916	0.9061427141611205	0.8268122365573023	0.46923076923076923	0.5973855893815367	0.7895468654705662	0.6309814095475724	0.4918032786885246	0.4713114754098361	0.6148890986193727	0.8181557834014137	0.923798503970034	0.47265625	0.4206896551724138	0.743894267453818	0.48360655737704916	0.48360655737704916	0.48360655737704916	0.920155607035759	0.8937720080087839	0.5577276769958354	1.0	0.48031496062992124	0.5502708512267075	0.12704918032786885	0.9205559407480366	0.4918032786885246	0.7159235247983906	0.38524590163934425	0.10714285714285714	0.8492236463510332	0.4838940582754895	0.5076978307804393
ru	0.03543307086614173	0.4645669291338583	0.48031496062992124	0.4645669291338583	0.468503937007874	0.4810606060606061	0.48846153846153845	0.39197530864197533	0.4810606060606061	0.40705128205128205	0.47244094488188976	0.452755905511811	0.4699248120300752	0.4774436090225564	0.46875	0.4844961240310077	0.4379310344827586	0.4645669291338583	0.4645669291338583	0.4645669291338583	0.4645669291338583	0.468503937007874	0.4881889763779528	0.48046875	0.48031496062992124	0.5	0.4645669291338583	0.1220472440944882	0.4763779527559055	0.47244094488188976	0.4409722222222222	0.3700787401574803	0.12337662337662338	0.4881889763779528	0.4645669291338583	0.4844961240310077
sh	0.038135593220338986	0.5722010889833669	0.5221710058329777	0.5	0.5657145246247534	0.5038376718220497	0.45384615384615384	0.4009125797503985	0.502438446969697	0.41949026876737716	0.49166666666666664	0.4872881355932203	0.4966644782231322	0.5000155766401376	0.5558675725634133	0.4645669291338583	0.4068965517241379	0.5646208981968865	0.5	0.5	0.5	0.5663083454829185	0.5400361804053011	0.5176287070273917	0.5502708512267075	0.4645669291338583	1.0	0.13135593220338984	0.5559016413423963	0.49166666666666664	0.4573112004082153	0.38333333333333336	0.12962962962962962	0.5394970199883098	0.5004960317460317	0.48763364005320775
si	0.08823529411764706	0.13135593220338984	0.12195121951219512	0.13135593220338984	0.13025210084033614	0.11742424242424243	0.11923076923076924	0.09567901234567901	0.11742424242424243	0.09935897435897435	0.12916666666666668	0.13478260869565217	0.1183206106870229	0.11654135338345864	0.128099173553719	0.1220472440944882	0.10689655172413794	0.13135593220338984	0.13135593220338984	0.13135593220338984	0.13135593220338984	0.13025210084033614	0.125	0.125	0.12704918032786885	0.1220472440944882	0.13135593220338984	0.5	0.128099173553719	0.12916666666666668	0.1076388888888889	0.15789473684210525	0.023809523809523808	0.125	0.13135593220338984	0.1220472440944882
simple	0.0371900826446281	0.93007966593313	0.8758971110967492	0.48760330578512395	0.9304474248228336	0.8286527004590292	0.4653846153846154	0.5980583837489548	0.7881751715905699	0.6316075494322084	0.49586776859504134	0.47520661157024796	0.6135923209639486	0.8201182010253143	0.949435530673987	0.4763779527559055	0.41724137931034483	0.7581047602802063	0.48760330578512395	0.48760330578512395	0.48760330578512395	0.9229729207070121	0.8969622702354079	0.5631975073415912	0.9205559407480366	0.4763779527559055	0.5559016413423963	0.128099173553719	1.0	0.49586776859504134	0.717667988337531	0.3884297520661157	0.19145690312738367	0.8698000051095139	0.4879207661025843	0.511785153035528
sr	0.0375	0.49166666666666664	0.468	0.49166666666666664	0.49583333333333335	0.45454545454545453	0.46153846153846156	0.37037037037037035	0.45454545454545453	0.38461538461538464	0.5	0.4791666666666667	0.4580152671755725	0.45112781954887216	0.49586776859504134	0.47244094488188976	0.41379310344827586	0.49166666666666664	0.49166666666666664	0.49166666666666664	0.49166666666666664	0.48760330578512395	0.4838709677419355	0.4838709677419355	0.4918032786885246	0.47244094488188976	0.49166666666666664	0.12916666666666668	0.49586776859504134	0.5	0.4166666666666667	0.39166666666666666	0.1369047619047619	0.4838709677419355	0.49166666666666664	0.47244094488188976
sv	0.03125	0.6919740618764187	0.7135885885885886	0.4097222222222222	0.6927878566935437	0.7807674841053587	0.4513888888888889	0.7069433958746936	0.7462105659344419	0.7454021181023225	0.4166666666666667	0.3993055555555556	0.5791345680720854	0.7885239982405119	0.7193384402297678	0.43448275862068964	0.47635135135135137	0.5880893709379571	0.4097222222222222	0.4097222222222222	0.4097222222222222	0.7023238755222672	0.7296831955922864	0.4780038368832702	0.7159235247983906	0.4409722222222222	0.4573112004082153	0.1076388888888889	0.717667988337531	0.4166666666666667	1.0	0.3263888888888889	0.13829787234042554	0.69772816226919	0.40986865225795116	0.46126743986562774
te	0.042105263157894736	0.38333333333333336	0.364	0.38333333333333336	0.3875	0.3560606060606061	0.36153846153846153	0.29012345679012347	0.3560606060606061	0.30128205128205127	0.39166666666666666	0.37815126050420167	0.35877862595419846	0.3533834586466165	0.3884297520661157	0.3700787401574803	0.32413793103448274	0.38333333333333336	0.38333333333333336	0.38333333333333336	0.38333333333333336	0.38016528925619836	0.3790322580645161	0.3790322580645161	0.38524590163934425	0.3700787401574803	0.38333333333333336	0.15789473684210525	0.3884297520661157	0.39166666666666666	0.3263888888888889	0.5	0.13043478260869565	0.3790322580645161	0.38333333333333336	0.3700787401574803
tr	0.05555555555555555	0.21778846153846154	-1.0	0.075	0.19642857142857142	0.08571428571428572	0.13043478260869565	0.09895833333333333	0.1125	0.10267673301304049	0.125	0.14583333333333334	0.0967741935483871	0.1891891891891892	0.12878787878787878	0.16304347826086957	0.1896551724137931	0.14	0.12	0.17307692307692307	0.05	0.06702309255875971	0.09375	0.12179487179487179	0.10714285714285714	0.12337662337662338	0.12962962962962962	0.023809523809523808	0.19145690312738367	0.1369047619047619	0.13829787234042554	0.13043478260869565	1.0	0.18055555555555555	0.05	0.18292682926829268
vi	0.036290322580645164	0.8392396359480824	0.8458016485673165	0.47580645161290325	0.8401284099644496	0.800879256121693	0.47692307692307695	0.5859273219654273	0.7687387177438447	0.6175276706250157	0.4838709677419355	0.4637096774193548	0.5966374195127011	0.7924925884636755	0.8532101015360583	0.4881889763779528	0.42758620689655175	0.712588389309388	0.47580645161290325	0.47580645161290325	0.47580645161290325	0.8490266815942296	0.8652330141358868	0.5638783596989709	0.8492236463510332	0.4881889763779528	0.5394970199883098	0.125	0.8698000051095139	0.4838709677419355	0.69772816226919	0.3790322580645161	0.18055555555555555	1.0	0.4760852916383972	0.5227376959282338
war	0.038135593220338986	0.5002999625046869	0.46032615786040443	0.5	0.49610073106130637	0.4471950527098296	0.45384615384615384	0.36437895321543123	0.4472263893055972	0.3783973302918937	0.49166666666666664	0.4872881355932203	0.45056372927098054	0.44386350785986467	0.4878833589952339	0.4645669291338583	0.4068965517241379	0.5003714250340473	0.5	0.5	0.5	0.4961268824118433	0.4760869368523675	0.47601903664691686	0.4838940582754895	0.4645669291338583	0.5004960317460317	0.13135593220338984	0.4879207661025843	0.49166666666666664	0.40986865225795116	0.38333333333333336	0.05	0.4760852916383972	1.0	0.46500133399919275
zh	0.03543307086614173	0.5000381526876384	0.5154152471628726	0.4645669291338583	0.5034629839177772	0.4979488675350532	0.4734848484848485	0.4135446368020734	0.49796694275224357	0.4299664849913458	0.47244094488188976	0.452755905511811	0.48596042033392006	0.5017421406023232	0.512228713542399	0.5	0.4315068493150685	0.49764963590077554	0.4645669291338583	0.4645669291338583	0.4645669291338583	0.5040145829840559	0.5231268106489815	0.5053031870860927	0.5076978307804393	0.4844961240310077	0.48763364005320775	0.1220472440944882	0.511785153035528	0.47244094488188976	0.46126743986562774	0.3700787401574803	0.18292682926829268	0.5227376959282338	0.46500133399919275	1.0
