arz	bs	ceb	ckb	da	de	el	en	es	fr	he	hi	hu	id	it	ja	ko	lv	mk	ml	mr	nl	pl	pt	ro	ru	sh	si	simple	sr	sv	te	tr	vi	war	zh
arz	0.1111111111111111	0.1111111111111111	0.125	0.1111111111111111	0.1111111111111111	0.1111111111111111	0.1111111111111111	0.1111111111111111	0.1111111111111111	0.1111111111111111	0.1111111111111111	0.1111111111111111	0.1111111111111111	0.1111111111111111	0.1111111111111111	0.1111111111111111	0.1111111111111111	0.1111111111111111	0.1111111111111111	0.1111111111111111	0.1111111111111111	0.1111111111111111	0.1111111111111111	0.1111111111111111	0.1111111111111111	0.1111111111111111	0.1111111111111111	0.16666666666666666	0.1111111111111111	0.1111111111111111	0.1111111111111111	0.125	0.5	0.1111111111111111	0.1111111111111111	0.1111111111111111
bs	0.1111111111111111	0.009554200605720842	0.009684770751112614	0.00847457627118644	0.0094738287609383	0.00942275585417923	0.00847457627118644	0.009241869168334726	0.009296364131772308	0.00925894095750333	0.00847457627118644	0.008695652173913044	0.008796683635740892	0.009422750605098923	0.009523730767372809	0.00847457627118644	0.00847457627118644	0.009068538698897642	0.00847457627118644	0.00847457627118644	0.00847457627118644	0.009514291391387264	0.009465744695724877	0.008623523655770892	0.009475064233144129	0.00847457627118644	0.00861592415155202	0.03225806451612903	0.00951610375249607	0.00847457627118644	0.009343193009363402	0.010869565217391304	0.09091735537190083	0.009336628708512849	0.00847515081873025	0.008544006152972617
ceb	0.125	0.009684770751112614	0.009241880664845142	0.008695652173913044	0.009582766652457072	0.00911576170903064	0.00819672131147541	0.008938929796829862	0.008992079197867823	0.008959219911822268	0.008547008547008548	0.008928571428571428	0.008640419328030407	0.00911451350768128	0.009559966810228991	0.00819672131147541	0.00819672131147541	0.00926954138716393	0.008695652173913044	0.008695652173913044	0.008695652173913044	0.00962215632396318	0.009223722655868528	0.00847687410372981	0.009441089767510206	0.00819672131147541	0.0088298443419461	0.03333333333333333	0.00947857843325162	0.008547008547008548	0.009035874628612732	0.01098901098901099	-1.0	0.009095957510475934	0.00869633270321361	0.00826309226836086
ckb	0.1111111111111111	0.00847457627118644	0.008695652173913044	0.00847457627118644	0.00847457627118644	0.00847457627118644	0.00847457627118644	0.00847457627118644	0.00847457627118644	0.00847457627118644	0.00847457627118644	0.008695652173913044	0.00847457627118644	0.00847457627118644	0.00847457627118644	0.00847457627118644	0.00847457627118644	0.00847457627118644	0.00847457627118644	0.00847457627118644	0.00847457627118644	0.00847457627118644	0.00847457627118644	0.00847457627118644	0.00847457627118644	0.00847457627118644	0.00847457627118644	0.03225806451612903	0.00847457627118644	0.00847457627118644	0.00847457627118644	0.010869565217391304	0.3333333333333333	0.00847457627118644	0.00847457627118644	0.00847457627118644
da	0.1111111111111111	0.0094738287609383	0.009582766652457072	0.00847457627118644	0.009454128332114519	0.009327848101962568	0.008403361344537815	0.009149677585723505	0.0091998170923484	0.009168200208718716	0.008403361344537815	0.008695652173913044	0.008717378291915087	0.00932723248172833	0.00942500583786952	0.008403361344537815	0.008403361344537815	0.009056487145433546	0.00847457627118644	0.00847457627118644	0.00847457627118644	0.009485617153421241	0.009368840319827825	0.008551028079751184	0.009377704818417786	0.008403361344537815	0.008610955452321434	0.03225806451612903	0.009416724546963138	0.008403361344537815	0.009247739158899914	0.010752688172043012	0.09090909090909091	0.009241719035439694	0.00847515081873025	0.00847019197013481
de	0.1111111111111111	0.00942275585417923	0.00911576170903064	0.00847457627118644	0.009327848101962568	0.008585818799500931	0.007692307692307693	0.008288739116220996	0.00845978203316086	0.008309868816849102	0.008333333333333333	0.008695652173913044	0.007987277581750591	0.008635405587683217	0.009303012724755387	0.008	0.007575757575757576	0.009025910516709295	0.00847457627118644	0.00847457627118644	0.00847457627118644	0.009364168501670529	0.008985356687561518	0.008267129288523047	0.009125494043258712	0.007874015748031496	0.008605180709054836	0.03225806451612903	0.0092284031742521	0.008333333333333333	0.008387850865414753	0.010638297872340425	0.05555555555555555	0.008864280812508734	0.008475079000287272	0.008063799055260768
el	0.1111111111111111	0.00847457627118644	0.00819672131147541	0.00847457627118644	0.008403361344537815	0.007692307692307693	0.007692307692307693	0.007692307692307693	0.007692307692307693	0.007692307692307693	0.008333333333333333	0.008695652173913044	0.0078125	0.007751937984496124	0.008333333333333333	0.008	0.007692307692307693	0.00847457627118644	0.00847457627118644	0.00847457627118644	0.00847457627118644	0.008403361344537815	0.008064516129032258	0.008130081300813009	0.00819672131147541	0.007874015748031496	0.00847457627118644	0.03225806451612903	0.008264462809917356	0.008333333333333333	0.007692307692307693	0.010638297872340425	0.16666666666666666	0.008064516129032258	0.00847457627118644	0.008
en	0.1111111111111111	0.009241869168334726	0.008938929796829862	0.00847457627118644	0.009149677585723505	0.008288739116220996	0.007692307692307693	0.007007220007669796	0.008195610084126182	0.007012938635599443	0.008333333333333333	0.008695652173913044	0.007875194432399025	0.008230019128485045	0.009045512377831699	0.007874015748031496	0.006896551724137931	0.008921311043203647	0.00847457627118644	0.00847457627118644	0.00847457627118644	0.009179332544273415	0.008808063732307518	0.008177689849810045	0.008942298379796477	0.007874015748031496	0.008580521091202978	0.03225806451612903	0.009039384383806552	0.008333333333333333	0.007605520550855517	0.010638297872340425	0.05263157894736842	0.008710848042502198	0.008475079000287274	0.007926754676494079
es	0.1111111111111111	0.009296364131772308	0.008992079197867823	0.00847457627118644	0.0091998170923484	0.00845978203316086	0.007692307692307693	0.008195610084126182	0.008448278343225629	0.008212697645978885	0.008333333333333333	0.008695652173913044	0.008007296694715907	0.008455574894642798	0.00917102422144104	0.008	0.007575757575757576	0.00895479047895331	0.00847457627118644	0.00847457627118644	0.00847457627118644	0.009234887052102205	0.008863756510237996	0.008249537739952791	0.009000889461149193	0.007874015748031496	0.008588266926618392	0.03225806451612903	0.009095281098762223	0.008333333333333333	0.008279344146985532	0.010638297872340425	0.05555555555555555	0.008756472737796778	0.008475079000287274	0.008056520531978077
fr	0.1111111111111111	0.00925894095750333	0.008959219911822268	0.00847457627118644	0.009168200208718716	0.008309868816849102	0.007692307692307693	0.007012938635599443	0.008212697645978885	0.007257340903214481	0.008333333333333333	0.008695652173913044	0.007881916362575708	0.008248950883559486	0.009065717135030203	0.007874015748031496	0.006993006993006993	0.008933122419190165	0.00847457627118644	0.00847457627118644	0.00847457627118644	0.00919661835592815	0.0088280198012484	0.008246939874959353	0.008961867517835962	0.007874015748031496	0.00858677861737022	0.03225806451612903	0.009059160637201205	0.008333333333333333	0.007620510741025435	0.010638297872340425	0.05263434903047091	0.008726099649588379	0.008475079000287274	0.007926940107983423
he	0.1111111111111111	0.00847457627118644	0.008547008547008548	0.00847457627118644	0.008403361344537815	0.008333333333333333	0.008333333333333333	0.008333333333333333	0.008333333333333333	0.008333333333333333	0.008333333333333333	0.008695652173913044	0.008333333333333333	0.008333333333333333	0.008333333333333333	0.008333333333333333	0.008333333333333333	0.00847457627118644	0.00847457627118644	0.00847457627118644	0.00847457627118644	0.00847457627118644	0.008333333333333333	0.008333333333333333	0.008333333333333333	0.008333333333333333	0.00847457627118644	0.03225806451612903	0.008333333333333333	0.008333333333333333	0.008333333333333333	0.010638297872340425	0.14285714285714285	0.008333333333333333	0.00847457627118644	0.008333333333333333
hi	0.1111111111111111	0.008695652173913044	0.008928571428571428	0.008695652173913044	0.008695652173913044	0.008695652173913044	0.008695652173913044	0.008695652173913044	0.008695652173913044	0.008695652173913044	0.008695652173913044	0.008695652173913044	0.008695652173913044	0.008695652173913044	0.008695652173913044	0.008695652173913044	0.008695652173913044	0.008695652173913044	0.008695652173913044	0.008695652173913044	0.008695652173913044	0.008695652173913044	0.008695652173913044	0.008695652173913044	0.008695652173913044	0.008695652173913044	0.008695652173913044	0.03225806451612903	0.008695652173913044	0.008695652173913044	0.008695652173913044	0.011111111111111112	0.14285714285714285	0.008695652173913044	0.008695652173913044	0.008695652173913044
hu	0.1111111111111111	0.008796683635740892	0.008640419328030407	0.00847457627118644	0.008717378291915087	0.007987277581750591	0.0078125	0.007875194432399025	0.008007296694715907	0.007881916362575708	0.008333333333333333	0.008695652173913044	0.007967234495702628	0.00810542277303324	0.00866159683333779	0.008130081300813009	0.007633587786259542	0.00866452251759921	0.00847457627118644	0.00847457627118644	0.00847457627118644	0.008728211534089494	0.008506289653471302	0.008245383307429082	0.008507665788175526	0.008	0.00852042938643076	0.03225806451612903	0.008589434070030485	0.008333333333333333	0.0079045061163543	0.010638297872340425	0.16666666666666666	0.00846747202796845	0.008474719908072394	0.008155279719503089
id	0.1111111111111111	0.009422750605098923	0.00911451350768128	0.00847457627118644	0.00932723248172833	0.008635405587683217	0.007751937984496124	0.008230019128485045	0.008455574894642798	0.008248950883559486	0.008333333333333333	0.008695652173913044	0.00810542277303324	0.008526377537494686	0.009236156216586378	0.007936507936507936	0.007518796992481203	0.009024904547959373	0.00847457627118644	0.00847457627118644	0.00847457627118644	0.009362685595258682	0.00898318813079635	0.008267470643781126	0.009123506096506886	0.007874015748031496	0.00860560762710753	0.03225806451612903	0.009226628654882711	0.008333333333333333	0.008330370660940983	0.010638297872340425	0.07142857142857142	0.008862316058714957	0.00847515081873025	0.008000126744282129
it	0.1111111111111111	0.009523730767372809	0.009559966810228991	0.00847457627118644	0.00942500583786952	0.009303012724755387	0.008333333333333333	0.009045512377831699	0.00917102422144104	0.009065717135030203	0.008333333333333333	0.008695652173913044	0.00866159683333779	0.009236156216586378	0.009370494288021232	0.008264462809917356	0.008264462809917356	0.009079403256377034	0.00847457627118644	0.00847457627118644	0.00847457627118644	0.009535892176283986	0.009347800351621534	0.008485582638457572	0.009357423974901191	0.008333333333333333	0.008617483491213758	0.03225806451612903	0.009398406348470554	0.008333333333333333	0.009152234872230356	0.010638297872340425	0.058823529411764705	0.009213862123143745	0.00847515081873025	0.00833555181628117
ja	0.1111111111111111	0.00847457627118644	0.00819672131147541	0.00847457627118644	0.008403361344537815	0.008	0.008	0.007874015748031496	0.008	0.007874015748031496	0.008333333333333333	0.008695652173913044	0.008130081300813009	0.007936507936507936	0.008264462809917356	0.007874015748031496	0.007936507936507936	0.00847457627118644	0.00847457627118644	0.00847457627118644	0.00847457627118644	0.008403361344537815	0.008064516129032258	0.008130081300813009	0.008264462809917356	0.008	0.00847457627118644	0.03225806451612903	0.008264462809917356	0.008333333333333333	0.007936507936507936	0.010638297872340425	0.06666666666666667	0.008064516129032258	0.00847457627118644	0.007874015748031496
ko	0.1111111111111111	0.00847457627118644	0.00819672131147541	0.00847457627118644	0.008403361344537815	0.007575757575757576	0.007692307692307693	0.006896551724137931	0.007575757575757576	0.006993006993006993	0.008333333333333333	0.008695652173913044	0.007633587786259542	0.007518796992481203	0.008264462809917356	0.007936507936507936	0.006896551724137931	0.00847457627118644	0.00847457627118644	0.00847457627118644	0.00847457627118644	0.008403361344537815	0.008064516129032258	0.008064516129032258	0.00819672131147541	0.007874015748031496	0.00847457627118644	0.03225806451612903	0.008264462809917356	0.008333333333333333	0.0070921985815602835	0.010638297872340425	0.09090909090909091	0.008064516129032258	0.00847457627118644	0.007936507936507936
lv	0.1111111111111111	0.009068538698897642	0.00926954138716393	0.00847457627118644	0.009056487145433546	0.009025910516709295	0.00847457627118644	0.008921311043203647	0.00895479047895331	0.008933122419190165	0.00847457627118644	0.008695652173913044	0.00866452251759921	0.009024904547959373	0.009079403256377034	0.00847457627118644	0.00847457627118644	0.0090970005752969	0.00847457627118644	0.00847457627118644	0.00847457627118644	0.00907579282504412	0.009048466920091319	0.008566048648239517	0.009051979244464466	0.00847457627118644	0.008558266215902633	0.03225806451612903	0.009075298435778464	0.00847457627118644	0.008977555750355637	0.010869565217391304	0.14285714285714285	0.00897890246348222	0.008475007181844296	0.008515855304894798
mk	0.1111111111111111	0.00847457627118644	0.008695652173913044	0.00847457627118644	0.00847457627118644	0.00847457627118644	0.00847457627118644	0.00847457627118644	0.00847457627118644	0.00847457627118644	0.00847457627118644	0.008695652173913044	0.00847457627118644	0.00847457627118644	0.00847457627118644	0.00847457627118644	0.00847457627118644	0.00847457627118644	0.00847457627118644	0.00847457627118644	0.00847457627118644	0.00847457627118644	0.00847457627118644	0.00847457627118644	0.00847457627118644	0.00847457627118644	0.00847457627118644	0.03225806451612903	0.00847457627118644	0.00847457627118644	0.00847457627118644	0.010869565217391304	0.16666666666666666	0.00847457627118644	0.00847457627118644	0.00847457627118644
ml	0.1111111111111111	0.00847457627118644	0.008695652173913044	0.00847457627118644	0.00847457627118644	0.00847457627118644	0.00847457627118644	0.00847457627118644	0.00847457627118644	0.00847457627118644	0.00847457627118644	0.008695652173913044	0.00847457627118644	0.00847457627118644	0.00847457627118644	0.00847457627118644	0.00847457627118644	0.00847457627118644	0.00847457627118644	0.00847457627118644	0.00847457627118644	0.00847457627118644	0.00847457627118644	0.00847457627118644	0.00847457627118644	0.00847457627118644	0.00847457627118644	0.03225806451612903	0.00847457627118644	0.00847457627118644	0.00847457627118644	0.010869565217391304	0.1111111111111111	0.00847457627118644	0.00847457627118644	0.00847457627118644
mr	0.1111111111111111	0.00847457627118644	0.008695652173913044	0.00847457627118644	0.00847457627118644	0.00847457627118644	0.00847457627118644	0.00847457627118644	0.00847457627118644	0.00847457627118644	0.00847457627118644	0.008695652173913044	0.00847457627118644	0.00847457627118644	0.00847457627118644	0.00847457627118644	0.00847457627118644	0.00847457627118644	0.00847457627118644	0.00847457627118644	0.00847457627118644	0.00847457627118644	0.00847457627118644	0.00847457627118644	0.00847457627118644	0.00847457627118644	0.00847457627118644	0.03225806451612903	0.00847457627118644	0.00847457627118644	0.00847457627118644	0.010869565217391304	0.5	0.00847457627118644	0.00847457627118644	0.00847457627118644
nl	0.1111111111111111	0.009514291391387264	0.00962215632396318	0.00847457627118644	0.009485617153421241	0.009364168501670529	0.008403361344537815	0.009179332544273415	0.009234887052102205	0.00919661835592815	0.00847457627118644	0.008695652173913044	0.008728211534089494	0.009362685595258682	0.009535892176283986	0.008403361344537815	0.008403361344537815	0.00907579282504412	0.00847457627118644	0.00847457627118644	0.00847457627118644	0.009496319751414121	0.009407599247527348	0.008553737449755596	0.009416546642310196	0.008403361344537815	0.008616288514158956	0.03225806451612903	0.009527075147777363	0.00847457627118644	0.009282646354408187	0.010869565217391304	0.05263434903047091	0.009271954980316311	0.008475222637173225	0.008473419938194823
pl	0.1111111111111111	0.009465744695724877	0.009223722655868528	0.00847457627118644	0.009368840319827825	0.008985356687561518	0.008064516129032258	0.008808063732307518	0.008863756510237996	0.0088280198012484	0.008333333333333333	0.008695652173913044	0.008506289653471302	0.00898318813079635	0.009347800351621534	0.008064516129032258	0.008064516129032258	0.009048466920091319	0.00847457627118644	0.00847457627118644	0.00847457627118644	0.009407599247527348	0.009112450039261226	0.008340351044164957	0.009232651982206509	0.008064516129032258	0.008609693146735178	0.03225806451612903	0.009339683686280156	0.008333333333333333	0.008906855684532559	0.010638297872340425	0.05555555555555555	0.00896532128363532	0.00847515081873025	0.00813047585711485
pt	0.1111111111111111	0.008623523655770892	0.00847687410372981	0.00847457627118644	0.008551028079751184	0.008267129288523047	0.008130081300813009	0.008177689849810045	0.008249537739952791	0.008246939874959353	0.008333333333333333	0.008695652173913044	0.008245383307429082	0.008267470643781126	0.008485582638457572	0.008130081300813009	0.008064516129032258	0.008566048648239517	0.00847457627118644	0.00847457627118644	0.00847457627118644	0.008553737449755596	0.008340351044164957	0.008219894967937286	0.008409659748758345	0.008130081300813009	0.008498776121068086	0.03225806451612903	0.008414814890151716	0.008333333333333333	0.008256806535832469	0.010638297872340425	0.05263157894736842	0.008255729394442069	0.008474648089629418	0.0081410025311241
ro	0.1111111111111111	0.009475064233144129	0.009441089767510206	0.00847457627118644	0.009377704818417786	0.009125494043258712	0.00819672131147541	0.008942298379796477	0.009000889461149193	0.008961867517835962	0.008333333333333333	0.008695652173913044	0.008507665788175526	0.009123506096506886	0.009357423974901191	0.008264462809917356	0.00819672131147541	0.009051979244464466	0.00847457627118644	0.00847457627118644	0.00847457627118644	0.009416546642310196	0.009232651982206509	0.008409659748758345	0.00925171509942777	0.00819672131147541	0.008611245503901806	0.03225806451612903	0.009348494136019323	0.008333333333333333	0.009044052728200516	0.010638297872340425	0.16666666666666666	0.00910497980133902	0.00847515081873025	0.008332355469465065
ru	0.1111111111111111	0.00847457627118644	0.00819672131147541	0.00847457627118644	0.008403361344537815	0.007874015748031496	0.007874015748031496	0.007874015748031496	0.007874015748031496	0.007874015748031496	0.008333333333333333	0.008695652173913044	0.008	0.007874015748031496	0.008333333333333333	0.008	0.007874015748031496	0.00847457627118644	0.00847457627118644	0.00847457627118644	0.00847457627118644	0.008403361344537815	0.008064516129032258	0.008130081300813009	0.00819672131147541	0.007874015748031496	0.00847457627118644	0.03225806451612903	0.008264462809917356	0.008333333333333333	0.007874015748031496	0.010638297872340425	0.05263157894736842	0.008064516129032258	0.00847457627118644	0.008
sh	0.1111111111111111	0.00861592415155202	0.0088298443419461	0.00847457627118644	0.008610955452321434	0.008605180709054836	0.00847457627118644	0.008580521091202978	0.008588266926618392	0.00858677861737022	0.00847457627118644	0.008695652173913044	0.00852042938643076	0.00860560762710753	0.008617483491213758	0.00847457627118644	0.00847457627118644	0.008558266215902633	0.00847457627118644	0.00847457627118644	0.00847457627118644	0.008616288514158956	0.008609693146735178	0.008498776121068086	0.008611245503901806	0.00847457627118644	0.008621341896561628	0.03225806451612903	0.008616586748464288	0.00847457627118644	0.00859532749302569	0.010869565217391304	0.14285714285714285	0.008594379732385601	0.008474719908072392	0.008484570397750527
si	0.16666666666666666	0.03225806451612903	0.03333333333333333	0.03225806451612903	0.03225806451612903	0.03225806451612903	0.03225806451612903	0.03225806451612903	0.03225806451612903	0.03225806451612903	0.03225806451612903	0.03225806451612903	0.03225806451612903	0.03225806451612903	0.03225806451612903	0.03225806451612903	0.03225806451612903	0.03225806451612903	0.03225806451612903	0.03225806451612903	0.03225806451612903	0.03225806451612903	0.03225806451612903	0.03225806451612903	0.03225806451612903	0.03225806451612903	0.03225806451612903	0.03225806451612903	0.03225806451612903	0.03225806451612903	0.03225806451612903	0.03333333333333333	1.0	0.03225806451612903	0.03225806451612903	0.03225806451612903
simple	0.1111111111111111	0.00951610375249607	0.00947857843325162	0.00847457627118644	0.009416724546963138	0.0092284031742521	0.008264462809917356	0.009039384383806552	0.009095281098762223	0.009059160637201205	0.008333333333333333	0.008695652173913044	0.008589434070030485	0.009226628654882711	0.009398406348470554	0.008264462809917356	0.008264462809917356	0.009075298435778464	0.00847457627118644	0.00847457627118644	0.00847457627118644	0.009527075147777363	0.009339683686280156	0.008414814890151716	0.009348494136019323	0.008264462809917356	0.008616586748464288	0.03225806451612903	0.009361104196540359	0.008333333333333333	0.009145448079108977	0.010638297872340425	0.07143367346938775	0.009138502050390417	0.008475222637173225	0.008334232248967404
sr	0.1111111111111111	0.00847457627118644	0.008547008547008548	0.00847457627118644	0.008403361344537815	0.008333333333333333	0.008333333333333333	0.008333333333333333	0.008333333333333333	0.008333333333333333	0.008333333333333333	0.008695652173913044	0.008333333333333333	0.008333333333333333	0.008333333333333333	0.008333333333333333	0.008333333333333333	0.00847457627118644	0.00847457627118644	0.00847457627118644	0.00847457627118644	0.00847457627118644	0.008333333333333333	0.008333333333333333	0.008333333333333333	0.008333333333333333	0.00847457627118644	0.03225806451612903	0.008333333333333333	0.008333333333333333	0.008333333333333333	0.010638297872340425	0.10000999999999999	0.008333333333333333	0.00847457627118644	0.008333333333333333
sv	0.1111111111111111	0.009343193009363402	0.009035874628612732	0.00847457627118644	0.009247739158899914	0.008387850865414753	0.007692307692307693	0.007605520550855517	0.008279344146985532	0.007620510741025435	0.008333333333333333	0.008695652173913044	0.0079045061163543	0.008330370660940983	0.009152234872230356	0.007936507936507936	0.0070921985815602835	0.008977555750355637	0.00847457627118644	0.00847457627118644	0.00847457627118644	0.009282646354408187	0.008906855684532559	0.008256806535832469	0.009044052728200516	0.007874015748031496	0.00859532749302569	0.03225806451612903	0.009145448079108977	0.008333333333333333	0.007878281409387176	0.010638297872340425	0.07692307692307693	0.008796188809897267	0.00847493536340132	0.007995266575267931
te	0.125	0.010869565217391304	0.01098901098901099	0.010869565217391304	0.010752688172043012	0.010638297872340425	0.010638297872340425	0.010638297872340425	0.010638297872340425	0.010638297872340425	0.010638297872340425	0.011111111111111112	0.010638297872340425	0.010638297872340425	0.010638297872340425	0.010638297872340425	0.010638297872340425	0.010869565217391304	0.010869565217391304	0.010869565217391304	0.010869565217391304	0.010869565217391304	0.010638297872340425	0.010638297872340425	0.010638297872340425	0.010638297872340425	0.010869565217391304	0.03333333333333333	0.010638297872340425	0.010638297872340425	0.010638297872340425	0.010638297872340425	0.16666666666666666	0.010638297872340425	0.010869565217391304	0.010638297872340425
tr	0.5	0.09091735537190083	-1.0	0.3333333333333333	0.09090909090909091	0.05555555555555555	0.16666666666666666	0.05263157894736842	0.05555555555555555	0.05263434903047091	0.14285714285714285	0.14285714285714285	0.16666666666666666	0.07142857142857142	0.058823529411764705	0.06666666666666667	0.09090909090909091	0.14285714285714285	0.16666666666666666	0.1111111111111111	0.5	0.05263434903047091	0.05555555555555555	0.05263157894736842	0.16666666666666666	0.05263157894736842	0.14285714285714285	1.0	0.07143367346938775	0.10000999999999999	0.07692307692307693	0.16666666666666666	0.0500400325200125	0.07692307692307693	0.5	0.06666666666666667
vi	0.1111111111111111	0.009336628708512849	0.009095957510475934	0.00847457627118644	0.009241719035439694	0.008864280812508734	0.008064516129032258	0.008710848042502198	0.008756472737796778	0.008726099649588379	0.008333333333333333	0.008695652173913044	0.00846747202796845	0.008862316058714957	0.009213862123143745	0.008064516129032258	0.008064516129032258	0.00897890246348222	0.00847457627118644	0.00847457627118644	0.00847457627118644	0.009271954980316311	0.00896532128363532	0.008255729394442069	0.00910497980133902	0.008064516129032258	0.008594379732385601	0.03225806451612903	0.009138502050390417	0.008333333333333333	0.008796188809897267	0.010638297872340425	0.07692307692307693	0.008972629698743077	0.008475079000287274	0.008122486156546802
war	0.1111111111111111	0.00847515081873025	0.00869633270321361	0.00847457627118644	0.00847515081873025	0.008475079000287272	0.00847457627118644	0.008475079000287274	0.008475079000287274	0.008475079000287274	0.00847457627118644	0.008695652173913044	0.008474719908072394	0.00847515081873025	0.00847515081873025	0.00847457627118644	0.00847457627118644	0.008475007181844296	0.00847457627118644	0.00847457627118644	0.00847457627118644	0.008475222637173225	0.00847515081873025	0.008474648089629418	0.00847515081873025	0.00847457627118644	0.008474719908072392	0.03225806451612903	0.008475222637173225	0.00847457627118644	0.00847493536340132	0.010869565217391304	0.5	0.008475079000287274	0.008475222637173225	0.008474648089629418
zh	0.1111111111111111	0.008544006152972617	0.00826309226836086	0.00847457627118644	0.00847019197013481	0.008063799055260768	0.008	0.007926754676494079	0.008056520531978077	0.007926940107983423	0.008333333333333333	0.008695652173913044	0.008155279719503089	0.008000126744282129	0.00833555181628117	0.007874015748031496	0.007936507936507936	0.008515855304894798	0.00847457627118644	0.00847457627118644	0.00847457627118644	0.008473419938194823	0.00813047585711485	0.0081410025311241	0.008332355469465065	0.008	0.008484570397750527	0.03225806451612903	0.008334232248967404	0.008333333333333333	0.007995266575267931	0.010638297872340425	0.06666666666666667	0.008122486156546802	0.008474648089629418	0.007945521022975197
