arz	bs	ceb	ckb	da	de	el	en	es	fr	he	hi	hu	id	it	ja	ko	lv	mk	ml	mr	nl	pl	pt	ro	ru	sh	si	simple	sr	sv	te	tr	vi	war	zh
arz	0.5	0.5	0.0	0.5	0.5	0.5	0.5	0.5	0.5	0.5	0.5	0.5	0.5	0.5	0.5	0.5	0.5	0.5	0.5	0.5	0.5	0.5	0.5	0.5	0.5	0.5	0.5	1.0	0.5	0.5	0.5	0.5	0.5	0.5	0.5	0.5
bs	0.5	0.05904927639172925	1.0	0.5	0.14289800004085718	0.06250390624999999	0.16666666666666666	0.058847771640152265	0.06668000889333778	0.06668	0.16666666666666666	0.2	0.16666666666666666	0.1111111111111111	0.07692307692307693	0.06666666666666667	0.1111111111111111	0.25	0.16666666666666666	0.14285714285714285	0.5	0.06253909377737112	0.0625	0.06251563282032031	0.2	0.058823529411764705	0.2	1.0	0.09091735537190083	0.14285714285714285	0.125	0.3333333333333333	0.09091735537190083	0.07692307692307693	0.5	0.07692307692307693
ceb	0.0	1.0	0.3333333333333333	0.0	1.0	0.5	0.0	0.3333333333333333	0.5	1.0	0.5	0.5	1.0	0.5	0.5	0.5	0.5	1.0	1.0	1.0	0.0	1.0	1.0	0.5	0.5	0.5	1.0	0.5	1.0	1.0	1.0	0.0	-1.0	0.5	1.0	0.5
ckb	0.5	0.5	0.0	0.3333333333333333	0.5	0.3333333333333333	0.3333333333333333	0.3333333333333333	0.3333333333333333	0.3333333333333333	0.5	0.5	1.0	0.3333333333333333	0.3333333333333333	0.3333333333333333	0.5	0.5	1.0	0.5	1.0	0.3333333333333333	0.3333333333333333	0.3333333333333333	1.0	0.3333333333333333	1.0	1.0	0.3333333333333333	0.5	0.3333333333333333	1.0	0.3333333333333333	0.3333333333333333	1.0	0.3333333333333333
da	0.5	0.14289800004085718	1.0	0.5	0.05271759580368195	0.058823529411764705	0.2	0.055561731484570984	0.05555864197530863	0.0625	0.08333333333333333	0.1111111111111111	0.14285714285714285	0.07143877551020407	0.07143877551020407	0.0625	0.07692307692307693	0.14285714285714285	0.125	0.125	0.5	0.052645432132963986	0.05555555555555555	0.058830453290660896	0.125	0.058823529411764705	0.125	1.0	0.07143367346938775	0.09090909090909091	0.06666666666666667	0.16666666666666666	0.09090909090909091	0.09090909090909091	0.5	0.07692307692307693
de	0.5	0.06250390624999999	0.5	0.3333333333333333	0.058823529411764705	0.009736342491863365	0.14285714285714285	0.013335289066666665	0.015384852071005919	0.013888888888888888	0.08333333333333333	0.1	0.0625	0.0400016	0.018519890260631	0.030303030303030304	0.0625	0.09090909090909091	0.1111111111111111	0.06666666666666667	1.0	0.010531747702160997	0.01250046875	0.016394248857833915	0.08334723612501391	0.015151515151515152	0.08333333333333333	1.0	0.03703840877914952	0.03571428571428571	0.02857142857142857	0.14285714285714285	0.05555555555555555	0.043478260869565216	0.5	0.034482758620689655
el	0.5	0.16666666666666666	0.0	0.3333333333333333	0.2	0.14285714285714285	0.1111111111111111	0.1111111111111111	0.125	0.125	0.25	0.2	0.3333333333333333	0.14285714285714285	0.125	0.14285714285714285	0.16666666666666666	0.3333333333333333	0.25	0.2	1.0	0.14285714285714285	0.125	0.1111111111111111	0.3333333333333333	0.14285714285714285	0.3333333333333333	1.0	0.14285714285714285	0.16666666666666666	0.16666666666666666	0.5	0.16666666666666666	0.16666666666666666	0.5	0.14285714285714285
en	0.5	0.058847771640152265	0.3333333333333333	0.3333333333333333	0.055561731484570984	0.013335289066666665	0.1111111111111111	0.010592213320338063	0.014086689545725053	0.013334933511289067	0.07142857142857142	0.09090909090909091	0.0625	0.03333333333333333	0.018869704521181915	0.025	0.05	0.08334027777777778	0.09090909090909091	0.06666666666666667	0.5	0.011124089647056192	0.012500781249999999	0.01408569728228526	0.07692307692307693	0.014925373134328358	0.07143367346938775	0.5	0.03226222684703434	0.037037037037037035	0.029411764705882353	0.1111111111111111	0.05263434903047091	0.03571428571428571	0.5	0.02857142857142857
es	0.5	0.06668000889333778	0.5	0.3333333333333333	0.05555864197530863	0.015384852071005919	0.125	0.014086689545725053	0.012844233185169892	0.014926486968144352	0.06666666666666667	0.09090909090909091	0.0625	0.03571683673469388	0.020835069444444444	0.027777777777777776	0.05263157894736842	0.09090909090909091	0.1	0.07142857142857142	0.5	0.012991231067971327	0.013889274691358023	0.015384852071005919	0.07692899408284024	0.017543859649122806	0.07142857142857142	1.0	0.037037037037037035	0.03333333333333333	0.027777777777777776	0.125	0.05555864197530863	0.038461538461538464	0.5	0.030303030303030304
fr	0.5	0.06668	1.0	0.3333333333333333	0.0625	0.013888888888888888	0.125	0.013334933511289067	0.014926486968144352	0.010786907982924478	0.07142857142857142	0.1	0.07692307692307693	0.03448394768133174	0.018183140826446283	0.02857142857142857	0.05555555555555555	0.08334027777777778	0.1111111111111111	0.08333333333333333	0.5	0.011501921394375877	0.0133344	0.015625244140625	0.07692899408284024	0.016129032258064516	0.07693491124260354	1.0	0.038461538461538464	0.038461538461538464	0.029412629757785465	0.1111111111111111	0.05263157894736842	0.041666666666666664	0.5	0.03125
he	0.5	0.16666666666666666	0.5	0.5	0.08333333333333333	0.08333333333333333	0.25	0.07142857142857142	0.06666666666666667	0.07142857142857142	0.06666666666666667	0.1111111111111111	0.14285714285714285	0.08333333333333333	0.09090909090909091	0.07692307692307693	0.09090909090909091	0.14285714285714285	0.14285714285714285	0.14285714285714285	0.5	0.06666666666666667	0.06666666666666667	0.08333333333333333	0.125	0.07692307692307693	0.14285714285714285	1.0	0.08333333333333333	0.1	0.08333333333333333	0.16666666666666666	0.14285714285714285	0.1	0.5	0.09090909090909091
hi	0.5	0.2	0.5	0.5	0.1111111111111111	0.1	0.2	0.09090909090909091	0.09090909090909091	0.1	0.1111111111111111	0.09090909090909091	0.14285714285714285	0.1	0.1	0.09090909090909091	0.1111111111111111	0.16666666666666666	0.14285714285714285	0.16666666666666666	1.0	0.09090909090909091	0.09090909090909091	0.09090909090909091	0.125	0.09090909090909091	0.14285714285714285	1.0	0.09090909090909091	0.1111111111111111	0.1	0.2	0.14285714285714285	0.125	0.5	0.1
hu	0.5	0.16666666666666666	1.0	1.0	0.14285714285714285	0.0625	0.3333333333333333	0.0625	0.0625	0.07692307692307693	0.14285714285714285	0.14285714285714285	0.058823529411764705	0.1	0.09090909090909091	0.08333333333333333	0.125	0.2	0.16666666666666666	0.2	1.0	0.058823529411764705	0.058823529411764705	0.0625	0.125	0.058823529411764705	0.14285714285714285	1.0	0.1111111111111111	0.08333333333333333	0.1111111111111111	0.25	0.16666666666666666	0.14285714285714285	0.5	0.1
id	0.5	0.1111111111111111	0.5	0.3333333333333333	0.07143877551020407	0.0400016	0.14285714285714285	0.03333333333333333	0.03571683673469388	0.03448394768133174	0.08333333333333333	0.1	0.1	0.03232062567913369	0.047619047619047616	0.05	0.07692307692307693	0.1111111111111111	0.1111111111111111	0.1	0.5	0.03335334668001445	0.034482758620689655	0.037039780521262	0.1111111111111111	0.038461538461538464	0.10000999999999999	1.0	0.05263157894736842	0.06666666666666667	0.047619047619047616	0.16666666666666666	0.07142857142857142	0.0625	0.5	0.05
it	0.5	0.07692307692307693	0.5	0.3333333333333333	0.07143877551020407	0.018519890260631	0.125	0.018869704521181915	0.020835069444444444	0.018183140826446283	0.09090909090909091	0.1	0.09090909090909091	0.047619047619047616	0.015922298265909834	0.04	0.07142857142857142	0.08333333333333333	0.14285714285714285	0.09090909090909091	1.0	0.017250600181332936	0.019231879068047335	0.02	0.07692899408284024	0.02127659574468085	0.11113580246913579	1.0	0.047621315192743756	0.045454545454545456	0.03448394768133174	0.125	0.058830449826989616	0.05263157894736842	0.5	0.034482758620689655
ja	0.5	0.06666666666666667	0.5	0.3333333333333333	0.0625	0.030303030303030304	0.14285714285714285	0.025	0.027777777777777776	0.02857142857142857	0.07692307692307693	0.09090909090909091	0.08333333333333333	0.05	0.04	0.024390243902439025	0.0625	0.125	0.09090909090909091	0.09090909090909091	0.5	0.025	0.02564102564102564	0.02857142857142857	0.09090909090909091	0.02857142857142857	0.1	1.0	0.05	0.05263157894736842	0.047619047619047616	0.14285714285714285	0.06666666666666667	0.05	0.5	0.04
ko	0.5	0.1111111111111111	0.5	0.5	0.07692307692307693	0.0625	0.16666666666666666	0.05	0.05263157894736842	0.05555555555555555	0.09090909090909091	0.1111111111111111	0.125	0.07692307692307693	0.07142857142857142	0.0625	0.05	0.16666666666666666	0.125	0.1	0.5	0.05263157894736842	0.05	0.058823529411764705	0.125	0.05555555555555555	0.1111111111111111	1.0	0.07692307692307693	0.07142857142857142	0.09090909090909091	0.14285714285714285	0.09090909090909091	0.09090909090909091	0.5	0.07142857142857142
lv	0.5	0.25	1.0	0.5	0.14285714285714285	0.09090909090909091	0.3333333333333333	0.08334027777777778	0.09090909090909091	0.08334027777777778	0.14285714285714285	0.16666666666666666	0.2	0.1111111111111111	0.08333333333333333	0.125	0.16666666666666666	0.0834167222569653	0.25	0.25	1.0	0.08333333333333333	0.08333333333333333	0.08333333333333333	0.16666666666666666	0.08333333333333333	0.16666666666666666	1.0	0.1	0.125	0.09090909090909091	0.25	0.14285714285714285	0.16666666666666666	0.5	0.1111111111111111
mk	0.5	0.16666666666666666	1.0	1.0	0.125	0.1111111111111111	0.25	0.09090909090909091	0.1	0.1111111111111111	0.14285714285714285	0.14285714285714285	0.16666666666666666	0.1111111111111111	0.14285714285714285	0.09090909090909091	0.125	0.25	0.09090909090909091	0.14285714285714285	1.0	0.09090909090909091	0.1	0.1	0.14285714285714285	0.1	0.14285714285714285	1.0	0.125	0.14285714285714285	0.125	0.3333333333333333	0.16666666666666666	0.14285714285714285	0.5	0.1111111111111111
ml	0.5	0.14285714285714285	1.0	0.5	0.125	0.06666666666666667	0.2	0.06666666666666667	0.07142857142857142	0.08333333333333333	0.14285714285714285	0.16666666666666666	0.2	0.1	0.09090909090909091	0.09090909090909091	0.1	0.25	0.14285714285714285	0.06666666666666667	1.0	0.07692307692307693	0.07142857142857142	0.07692307692307693	0.16666666666666666	0.07692307692307693	0.2	1.0	0.1111111111111111	0.1111111111111111	0.1111111111111111	0.25	0.1111111111111111	0.125	0.5	0.08333333333333333
mr	0.5	0.5	0.0	1.0	0.5	1.0	1.0	0.5	0.5	0.5	0.5	1.0	1.0	0.5	1.0	0.5	0.5	1.0	1.0	1.0	0.5	0.5	0.5	0.5	1.0	0.5	0.5	1.0	0.5	1.0	0.5	0.5	0.5	0.5	1.0	0.5
nl	0.5	0.06253909377737112	1.0	0.3333333333333333	0.052645432132963986	0.010531747702160997	0.14285714285714285	0.011124089647056192	0.012991231067971327	0.011501921394375877	0.06666666666666667	0.09090909090909091	0.058823529411764705	0.03335334668001445	0.017250600181332936	0.025	0.05263157894736842	0.08333333333333333	0.09090909090909091	0.07692307692307693	0.5	0.007304313136116969	0.011116051482222345	0.013336533689066846	0.07143367346938775	0.0136986301369863	0.07144897959183673	0.5	0.03226847242455775	0.033335555555555556	0.02564431360946745	0.1111111111111111	0.052645432132963986	0.034482758620689655	0.5	0.02857142857142857
pl	0.5	0.0625	1.0	0.3333333333333333	0.05555555555555555	0.01250046875	0.125	0.012500781249999999	0.013889274691358023	0.0133344	0.06666666666666667	0.09090909090909091	0.058823529411764705	0.034482758620689655	0.019231879068047335	0.02564102564102564	0.05	0.08333333333333333	0.1	0.07142857142857142	0.5	0.011116051482222345	0.010658593098029688	0.014925595901091559	0.07692899408284024	0.014492753623188406	0.07142857142857142	0.5	0.03333666666666667	0.03225806451612903	0.027777777777777776	0.1111111111111111	0.05555555555555555	0.037037037037037035	0.5	0.030303030303030304
pt	0.5	0.06251563282032031	0.5	0.3333333333333333	0.058830453290660896	0.016394248857833915	0.1111111111111111	0.01408569728228526	0.015384852071005919	0.015625244140625	0.08333333333333333	0.09090909090909091	0.0625	0.037039780521262	0.02	0.02857142857142857	0.058823529411764705	0.08333333333333333	0.1	0.07692307692307693	0.5	0.013336533689066846	0.014925595901091559	0.01300407053064788	0.07692307692307693	0.016666666666666666	0.07143367346938775	0.5	0.038463017751479284	0.038461538461538464	0.02857142857142857	0.14285714285714285	0.05263157894736842	0.045454545454545456	0.5	0.030303030303030304
ro	0.5	0.2	0.5	1.0	0.125	0.08334723612501391	0.3333333333333333	0.07692307692307693	0.07692899408284024	0.07692899408284024	0.125	0.125	0.125	0.1111111111111111	0.07692899408284024	0.09090909090909091	0.125	0.16666666666666666	0.14285714285714285	0.16666666666666666	1.0	0.07143367346938775	0.07692899408284024	0.07692307692307693	0.0714847500919747	0.07692307692307693	0.16666666666666666	1.0	0.1	0.09090909090909091	0.125	0.2	0.16666666666666666	0.125	0.5	0.1
ru	0.5	0.058823529411764705	0.5	0.3333333333333333	0.058823529411764705	0.015151515151515152	0.14285714285714285	0.014925373134328358	0.017543859649122806	0.016129032258064516	0.07692307692307693	0.09090909090909091	0.058823529411764705	0.038461538461538464	0.02127659574468085	0.02857142857142857	0.05555555555555555	0.08333333333333333	0.1	0.07692307692307693	0.5	0.0136986301369863	0.014492753623188406	0.016666666666666666	0.07692307692307693	0.013157894736842105	0.07692307692307693	0.5	0.03571428571428571	0.037037037037037035	0.030303030303030304	0.125	0.05263157894736842	0.045454545454545456	0.5	0.03333333333333333
sh	0.5	0.2	1.0	1.0	0.125	0.08333333333333333	0.3333333333333333	0.07143367346938775	0.07142857142857142	0.07693491124260354	0.14285714285714285	0.14285714285714285	0.14285714285714285	0.10000999999999999	0.11113580246913579	0.1	0.1111111111111111	0.16666666666666666	0.14285714285714285	0.2	0.5	0.07144897959183673	0.07142857142857142	0.07143367346938775	0.16666666666666666	0.07692307692307693	0.07152050517863272	1.0	0.1	0.1	0.1	0.2	0.14285714285714285	0.16666666666666666	0.5	0.1
si	1.0	1.0	0.5	1.0	1.0	1.0	1.0	0.5	1.0	1.0	1.0	1.0	1.0	1.0	1.0	1.0	1.0	1.0	1.0	1.0	1.0	0.5	0.5	0.5	1.0	0.5	1.0	0.5	0.5	1.0	1.0	1.0	1.0	1.0	1.0	0.5
simple	0.5	0.09091735537190083	1.0	0.3333333333333333	0.07143367346938775	0.03703840877914952	0.14285714285714285	0.03226222684703434	0.037037037037037035	0.038461538461538464	0.08333333333333333	0.09090909090909091	0.1111111111111111	0.05263157894736842	0.047621315192743756	0.05	0.07692307692307693	0.1	0.125	0.1111111111111111	0.5	0.03226847242455775	0.03333666666666667	0.038463017751479284	0.1	0.03571428571428571	0.1	0.5	0.03130281849730019	0.07142857142857142	0.05000249999999999	0.125	0.07142857142857142	0.058823529411764705	0.5	0.047619047619047616
sr	0.5	0.14285714285714285	1.0	0.5	0.09090909090909091	0.03571428571428571	0.16666666666666666	0.037037037037037035	0.03333333333333333	0.038461538461538464	0.1	0.1111111111111111	0.08333333333333333	0.06666666666666667	0.045454545454545456	0.05263157894736842	0.07142857142857142	0.125	0.14285714285714285	0.1111111111111111	1.0	0.033335555555555556	0.03225806451612903	0.038461538461538464	0.09090909090909091	0.037037037037037035	0.1	1.0	0.07142857142857142	0.031262703131841804	0.06666666666666667	0.25	0.1	0.1111111111111111	0.5	0.058823529411764705
sv	0.5	0.125	1.0	0.3333333333333333	0.06666666666666667	0.02857142857142857	0.16666666666666666	0.029411764705882353	0.027777777777777776	0.029412629757785465	0.08333333333333333	0.1	0.1111111111111111	0.047619047619047616	0.03448394768133174	0.047619047619047616	0.09090909090909091	0.09090909090909091	0.125	0.1111111111111111	0.5	0.02564431360946745	0.027777777777777776	0.02857142857142857	0.125	0.030303030303030304	0.1	1.0	0.05000249999999999	0.06666666666666667	0.02501313312812562	0.16666666666666666	0.07692307692307693	0.06666666666666667	0.5	0.05555555555555555
te	0.5	0.3333333333333333	0.0	1.0	0.16666666666666666	0.14285714285714285	0.5	0.1111111111111111	0.125	0.1111111111111111	0.16666666666666666	0.2	0.25	0.16666666666666666	0.125	0.14285714285714285	0.14285714285714285	0.25	0.3333333333333333	0.25	0.5	0.1111111111111111	0.1111111111111111	0.14285714285714285	0.2	0.125	0.2	1.0	0.125	0.25	0.16666666666666666	0.1111111111111111	0.16666666666666666	0.14285714285714285	0.5	0.14285714285714285
tr	0.5	0.09091735537190083	-1.0	0.3333333333333333	0.09090909090909091	0.05555555555555555	0.16666666666666666	0.05263434903047091	0.05555864197530863	0.05263157894736842	0.14285714285714285	0.14285714285714285	0.16666666666666666	0.07142857142857142	0.058830449826989616	0.06666666666666667	0.09090909090909091	0.14285714285714285	0.16666666666666666	0.1111111111111111	0.5	0.052645432132963986	0.05555555555555555	0.05263157894736842	0.16666666666666666	0.05263157894736842	0.14285714285714285	1.0	0.07142857142857142	0.1	0.07692307692307693	0.16666666666666666	0.05004002502001752	0.07692307692307693	0.5	0.06666666666666667
vi	0.5	0.07692307692307693	0.5	0.3333333333333333	0.09090909090909091	0.043478260869565216	0.16666666666666666	0.03571428571428571	0.038461538461538464	0.041666666666666664	0.1	0.125	0.14285714285714285	0.0625	0.05263157894736842	0.05	0.09090909090909091	0.16666666666666666	0.14285714285714285	0.125	0.5	0.034482758620689655	0.037037037037037035	0.045454545454545456	0.125	0.045454545454545456	0.16666666666666666	1.0	0.058823529411764705	0.1111111111111111	0.06666666666666667	0.14285714285714285	0.07692307692307693	0.034482758620689655	0.5	0.05
war	0.5	0.5	1.0	1.0	0.5	0.5	0.5	0.5	0.5	0.5	0.5	0.5	0.5	0.5	0.5	0.5	0.5	0.5	0.5	0.5	1.0	0.5	0.5	0.5	0.5	0.5	0.5	1.0	0.5	0.5	0.5	0.5	0.5	0.5	0.5	0.5
zh	0.5	0.07692307692307693	0.5	0.3333333333333333	0.07692307692307693	0.034482758620689655	0.14285714285714285	0.02857142857142857	0.030303030303030304	0.03125	0.09090909090909091	0.1	0.1	0.05	0.034482758620689655	0.04	0.07142857142857142	0.1111111111111111	0.1111111111111111	0.08333333333333333	0.5	0.02857142857142857	0.030303030303030304	0.030303030303030304	0.1	0.03333333333333333	0.1	0.5	0.047619047619047616	0.058823529411764705	0.05555555555555555	0.14285714285714285	0.06666666666666667	0.05	0.5	0.027777777777777776
