arz	bs	ceb	ckb	da	de	el	en	es	fr	he	hi	hu	id	it	ja	ko	lv	mk	ml	mr	nl	pl	pt	ro	ru	sh	si	simple	sr	sv	te	vi	war	zh
arz	1.0	0.0	0.0	0.0	1.0	1.0	1.0	1.0	1.0	1.0	1.0	1.0	1.0	1.0	1.0	1.0	1.0	1.0	0.0	1.0	0.0	1.0	1.0	1.0	1.0	1.0	1.0	0.0	1.0	1.0	1.0	0.0	1.0	0.0	1.0
bs	0.0	1.0	1.0	1.0	1.0	0.585786437626905	1.0	0.5	0.5	0.5	0.585786437626905	1.0	0.585786437626905	0.585786437626905	0.5	0.585786437626905	0.585786437626905	0.585786437626905	1.0	1.0	1.0	0.585786437626905	0.585786437626905	0.5	0.585786437626905	0.5	0.5	1.0	1.0	0.585786437626905	0.5	0.0	0.585786437626905	0.585786437626905	0.585786437626905
ceb	0.0	1.0	1.0	0.0	0.0	1.0	1.0	1.0	1.0	1.0	1.0	0.0	0.0	1.0	1.0	1.0	1.0	0.0	0.0	0.0	0.0	1.0	1.0	1.0	1.0	1.0	0.0	0.0	0.0	1.0	1.0	0.0	1.0	0.0	1.0
ckb	0.0	1.0	0.0	1.0	1.0	1.0	1.0	1.0	1.0	1.0	1.0	1.0	1.0	1.0	1.0	1.0	1.0	1.0	1.0	1.0	1.0	1.0	1.0	1.0	1.0	1.0	1.0	1.0	1.0	1.0	1.0	0.0	1.0	1.0	1.0
da	1.0	1.0	0.0	1.0	1.0	0.3597752501562547	1.0	0.3726822671238253	0.353889367864523	0.585786437626905	1.0	1.0	1.0	0.585786437626905	0.5	1.0	1.0	1.0	1.0	1.0	1.0	0.585786437626905	0.5	0.4364916731037085	1.0	0.5	0.5	1.0	1.0	1.0	0.585786437626905	0.0	0.585786437626905	0.585786437626905	0.5
de	1.0	0.585786437626905	1.0	1.0	0.3597752501562547	1.0	1.0	0.11803350620948265	0.2204812092115424	0.21089672205953394	0.585786437626905	1.0	0.5	0.4142135623730951	0.21604850763119507	0.3660254037844386	0.585786437626905	1.0	1.0	1.0	1.0	0.3203772410170407	0.3203772410170407	0.27429188517743175	1.0	0.3660254037844386	0.44948974278317805	1.0	0.585786437626905	1.0	0.21290885543182675	1.0	0.585786437626905	0.585786437626905	0.5
el	1.0	1.0	1.0	1.0	1.0	1.0	1.0	0.44948974278317805	1.0	1.0	1.0	1.0	1.0	1.0	1.0	1.0	1.0	1.0	1.0	1.0	1.0	1.0	1.0	1.0	1.0	1.0	0.5	1.0	1.0	1.0	1.0	0.0	1.0	0.585786437626905	1.0
en	1.0	0.5	1.0	1.0	0.3726822671238253	0.11803350620948265	0.44948974278317805	1.0	0.1515698420191941	0.14884515401256526	0.3660254037844386	0.585786437626905	0.4142135623730951	0.25	0.14923419446018063	0.26533119314590375	0.5	1.0	1.0	1.0	1.0	0.21822796141133347	0.23166247903554	0.18464218557642828	0.585786437626905	0.20894541729001367	0.4142135623730951	1.0	0.4142135623730951	1.0	0.2303268468157938	1.0	0.5	0.585786437626905	0.26968623182294527
es	1.0	0.5	1.0	1.0	0.353889367864523	0.2204812092115424	1.0	0.1515698420191941	1.0	0.21089672205953397	0.585786437626905	0.585786437626905	0.5	0.2928060946961875	0.2466060555964672	0.4142135623730951	0.3090169943749474	1.0	1.0	1.0	1.0	0.27429188517743175	0.252650308587072	0.2240092377397959	0.585786437626905	0.3090169943749474	0.5	1.0	0.5	0.585786437626905	0.3380788308512194	1.0	0.585786437626905	0.585786437626905	0.44948974278317805
fr	1.0	0.5	1.0	1.0	0.585786437626905	0.21089672205953394	1.0	0.14884515401256526	0.21089672205953397	1.0	0.5	1.0	0.5	0.30216947925196225	0.2632403810669918	0.585786437626905	0.38742588672279304	1.0	1.0	1.0	1.0	0.3090169943749474	0.29893508442482547	0.2612038749637414	0.585786437626905	0.3660254037844386	0.5	1.0	0.44948974278317805	0.585786437626905	0.2958163163244893	1.0	1.0	0.585786437626905	0.4142135623730951
he	1.0	0.585786437626905	1.0	1.0	1.0	0.585786437626905	1.0	0.3660254037844386	0.585786437626905	0.5	1.0	1.0	1.0	0.585786437626905	0.5	1.0	1.0	1.0	1.0	1.0	1.0	1.0	1.0	0.585786437626905	1.0	1.0	0.5	1.0	1.0	1.0	0.4142135623730951	0.0	1.0	0.585786437626905	1.0
hi	1.0	1.0	0.0	1.0	1.0	1.0	1.0	0.585786437626905	0.585786437626905	1.0	1.0	1.0	1.0	1.0	1.0	1.0	1.0	1.0	1.0	1.0	1.0	1.0	1.0	1.0	1.0	1.0	1.0	1.0	1.0	1.0	0.585786437626905	0.0	1.0	1.0	1.0
hu	1.0	0.585786437626905	0.0	1.0	1.0	0.5	1.0	0.4142135623730951	0.5	0.5	1.0	1.0	1.0	0.5	0.4142135623730951	0.585786437626905	0.585786437626905	1.0	1.0	1.0	1.0	0.5	0.5	0.585786437626905	0.585786437626905	0.585786437626905	0.585786437626905	1.0	0.585786437626905	0.585786437626905	0.35388936786452296	0.0	0.585786437626905	0.585786437626905	0.585786437626905
id	1.0	0.585786437626905	1.0	1.0	0.585786437626905	0.4142135623730951	1.0	0.25	0.2928060946961875	0.30216947925196225	0.585786437626905	1.0	0.5	1.0	0.35388936786452296	0.44948974278317805	0.5	1.0	0.5	1.0	1.0	0.44948974278317805	0.3483314773547883	0.38742588672279304	0.4364916731037085	0.36602540378443865	0.5	1.0	0.585786437626905	0.585786437626905	0.38742588672279304	0.0	0.44948974278317805	0.585786437626905	0.36602540378443865
it	1.0	0.5	1.0	1.0	0.5	0.21604850763119507	1.0	0.14923419446018063	0.2466060555964672	0.2632403810669918	0.5	1.0	0.4142135623730951	0.35388936786452296	1.0	0.3660254037844386	0.4142135623730951	1.0	1.0	1.0	1.0	0.26533119314590375	0.3090169943749474	0.3090169943749474	0.44948974278317805	0.33333333333333326	0.4142135623730951	1.0	0.44948974278317805	0.585786437626905	0.25	1.0	1.0	0.585786437626905	0.4142135623730951
ja	1.0	0.585786437626905	1.0	1.0	1.0	0.3660254037844386	1.0	0.26533119314590375	0.4142135623730951	0.585786437626905	1.0	1.0	0.585786437626905	0.44948974278317805	0.3660254037844386	1.0	1.0	1.0	1.0	1.0	1.0	0.5	0.44948974278317805	0.38742588672279304	1.0	1.0	0.5	1.0	0.585786437626905	1.0	0.5	1.0	1.0	0.585786437626905	1.0
ko	1.0	0.585786437626905	1.0	1.0	1.0	0.585786437626905	1.0	0.5	0.3090169943749474	0.38742588672279304	1.0	1.0	0.585786437626905	0.5	0.4142135623730951	1.0	1.0	1.0	1.0	1.0	1.0	1.0	0.585786437626905	0.44948974278317805	1.0	1.0	0.5	1.0	1.0	1.0	0.5	1.0	1.0	0.585786437626905	1.0
lv	1.0	0.585786437626905	0.0	1.0	1.0	1.0	1.0	1.0	1.0	1.0	1.0	1.0	1.0	1.0	1.0	1.0	1.0	1.0	1.0	1.0	1.0	1.0	0.585786437626905	1.0	1.0	1.0	0.585786437626905	1.0	1.0	1.0	1.0	0.0	1.0	0.585786437626905	1.0
mk	0.0	1.0	0.0	1.0	1.0	1.0	1.0	1.0	1.0	1.0	1.0	1.0	1.0	0.5	1.0	1.0	1.0	1.0	1.0	1.0	1.0	1.0	1.0	1.0	1.0	1.0	1.0	1.0	1.0	1.0	1.0	0.0	1.0	0.585786437626905	1.0
ml	1.0	1.0	0.0	1.0	1.0	1.0	1.0	1.0	1.0	1.0	1.0	1.0	1.0	1.0	1.0	1.0	1.0	1.0	1.0	1.0	1.0	1.0	1.0	1.0	1.0	1.0	0.585786437626905	1.0	1.0	1.0	1.0	0.0	1.0	1.0	1.0
mr	0.0	1.0	0.0	1.0	1.0	1.0	1.0	1.0	1.0	1.0	1.0	1.0	1.0	1.0	1.0	1.0	1.0	1.0	1.0	1.0	1.0	1.0	1.0	1.0	1.0	1.0	1.0	1.0	1.0	1.0	1.0	0.0	1.0	0.585786437626905	1.0
nl	1.0	0.585786437626905	1.0	1.0	0.585786437626905	0.3203772410170407	1.0	0.21822796141133347	0.27429188517743175	0.3090169943749474	1.0	1.0	0.5	0.44948974278317805	0.26533119314590375	0.5	1.0	1.0	1.0	1.0	1.0	1.0	0.38742588672279304	0.38742588672279304	0.585786437626905	0.4142135623730951	0.4142135623730951	1.0	0.44948974278317805	0.5	0.3164309725825327	0.0	1.0	0.585786437626905	1.0
pl	1.0	0.585786437626905	1.0	1.0	0.5	0.3203772410170407	1.0	0.23166247903554	0.252650308587072	0.29893508442482547	1.0	1.0	0.5	0.3483314773547883	0.3090169943749474	0.44948974278317805	0.585786437626905	0.585786437626905	1.0	1.0	1.0	0.38742588672279304	1.0	0.38742588672279304	1.0	0.5	0.44948974278317805	1.0	0.5	0.585786437626905	0.3333333333333333	1.0	0.585786437626905	0.585786437626905	0.44948974278317805
pt	1.0	0.5	1.0	1.0	0.4364916731037085	0.27429188517743175	1.0	0.18464218557642828	0.2240092377397959	0.2612038749637414	0.585786437626905	1.0	0.585786437626905	0.38742588672279304	0.3090169943749474	0.38742588672279304	0.44948974278317805	1.0	1.0	1.0	1.0	0.38742588672279304	0.38742588672279304	1.0	1.0	0.34833147735478825	0.585786437626905	1.0	0.585786437626905	0.585786437626905	0.4142135623730951	1.0	0.585786437626905	0.585786437626905	0.3660254037844386
ro	1.0	0.585786437626905	1.0	1.0	1.0	1.0	1.0	0.585786437626905	0.585786437626905	0.585786437626905	1.0	1.0	0.585786437626905	0.4364916731037085	0.44948974278317805	1.0	1.0	1.0	1.0	1.0	1.0	0.585786437626905	1.0	1.0	1.0	1.0	0.44948974278317805	1.0	1.0	1.0	0.44948974278317805	1.0	1.0	0.585786437626905	1.0
ru	1.0	0.5	1.0	1.0	0.5	0.3660254037844386	1.0	0.20894541729001367	0.3090169943749474	0.3660254037844386	1.0	1.0	0.585786437626905	0.36602540378443865	0.33333333333333326	1.0	1.0	1.0	1.0	1.0	1.0	0.4142135623730951	0.5	0.34833147735478825	1.0	1.0	0.44948974278317805	1.0	0.5	1.0	0.3164309725825328	1.0	1.0	0.585786437626905	1.0
sh	1.0	0.5	0.0	1.0	0.5	0.44948974278317805	0.5	0.4142135623730951	0.5	0.5	0.5	1.0	0.585786437626905	0.5	0.4142135623730951	0.5	0.5	0.585786437626905	1.0	0.585786437626905	1.0	0.4142135623730951	0.44948974278317805	0.585786437626905	0.44948974278317805	0.44948974278317805	1.0	1.0	0.585786437626905	0.44948974278317805	0.35388936786452296	0.0	0.585786437626905	0.585786437626905	0.5
si	0.0	1.0	0.0	1.0	1.0	1.0	1.0	1.0	1.0	1.0	1.0	1.0	1.0	1.0	1.0	1.0	1.0	1.0	1.0	1.0	1.0	1.0	1.0	1.0	1.0	1.0	1.0	1.0	1.0	1.0	1.0	0.0	1.0	1.0	1.0
simple	1.0	1.0	0.0	1.0	1.0	0.585786437626905	1.0	0.4142135623730951	0.5	0.44948974278317805	1.0	1.0	0.585786437626905	0.585786437626905	0.44948974278317805	0.585786437626905	1.0	1.0	1.0	1.0	1.0	0.44948974278317805	0.5	0.585786437626905	1.0	0.5	0.585786437626905	1.0	1.0	1.0	0.5	0.0	1.0	0.585786437626905	0.585786437626905
sr	1.0	0.585786437626905	1.0	1.0	1.0	1.0	1.0	1.0	0.585786437626905	0.585786437626905	1.0	1.0	0.585786437626905	0.585786437626905	0.585786437626905	1.0	1.0	1.0	1.0	1.0	1.0	0.5	0.585786437626905	0.585786437626905	1.0	1.0	0.44948974278317805	1.0	1.0	1.0	0.44948974278317805	1.0	1.0	0.585786437626905	1.0
sv	1.0	0.5	1.0	1.0	0.585786437626905	0.21290885543182675	1.0	0.2303268468157938	0.3380788308512194	0.2958163163244893	0.4142135623730951	0.585786437626905	0.35388936786452296	0.38742588672279304	0.25	0.5	0.5	1.0	1.0	1.0	1.0	0.3164309725825327	0.3333333333333333	0.4142135623730951	0.44948974278317805	0.3164309725825328	0.35388936786452296	1.0	0.5	0.44948974278317805	1.0	1.0	0.585786437626905	0.585786437626905	0.36602540378443865
te	0.0	0.0	0.0	0.0	0.0	1.0	0.0	1.0	1.0	1.0	0.0	0.0	0.0	0.0	1.0	1.0	1.0	0.0	0.0	0.0	0.0	0.0	1.0	1.0	1.0	1.0	0.0	0.0	0.0	1.0	1.0	1.0	0.0	0.0	1.0
vi	1.0	0.585786437626905	1.0	1.0	0.585786437626905	0.585786437626905	1.0	0.5	0.585786437626905	1.0	1.0	1.0	0.585786437626905	0.44948974278317805	1.0	1.0	1.0	1.0	1.0	1.0	1.0	1.0	0.585786437626905	0.585786437626905	1.0	1.0	0.585786437626905	1.0	1.0	1.0	0.585786437626905	0.0	1.0	0.585786437626905	1.0
war	0.0	0.585786437626905	0.0	1.0	0.585786437626905	0.585786437626905	0.585786437626905	0.585786437626905	0.585786437626905	0.585786437626905	0.585786437626905	1.0	0.585786437626905	0.585786437626905	0.585786437626905	0.585786437626905	0.585786437626905	0.585786437626905	0.585786437626905	1.0	0.585786437626905	0.585786437626905	0.585786437626905	0.585786437626905	0.585786437626905	0.585786437626905	0.585786437626905	1.0	0.585786437626905	0.585786437626905	0.585786437626905	0.0	0.585786437626905	1.0	0.585786437626905
zh	1.0	0.585786437626905	1.0	1.0	0.5	0.5	1.0	0.26968623182294527	0.44948974278317805	0.4142135623730951	1.0	1.0	0.585786437626905	0.36602540378443865	0.4142135623730951	1.0	1.0	1.0	1.0	1.0	1.0	1.0	0.44948974278317805	0.3660254037844386	1.0	1.0	0.5	1.0	0.585786437626905	1.0	0.36602540378443865	1.0	1.0	0.585786437626905	1.0
