arz	bs	ceb	ckb	da	de	el	en	es	fr	he	hi	hu	id	it	ja	ko	lv	mk	ml	mr	nl	pl	pt	ro	ru	sh	si	simple	sr	sv	te	vi	war	zh
arz	1.0	0.0	0.0	0.0	1.0	1.0	0.0	0.585786437626905	1.0	1.0	1.0	0.0	1.0	1.0	0.585786437626905	1.0	1.0	0.0	1.0	0.0	0.0	1.0	1.0	1.0	1.0	1.0	0.0	0.0	1.0	0.0	0.585786437626905	0.0	1.0	0.0	1.0
bs	0.0	1.0	0.0	1.0	1.0	0.585786437626905	1.0	1.0	1.0	1.0	1.0	1.0	1.0	1.0	0.585786437626905	1.0	1.0	1.0	1.0	1.0	0.0	1.0	1.0	1.0	0.0	1.0	1.0	0.0	1.0	1.0	1.0	0.0	1.0	0.0	1.0
ceb	0.0	0.0	1.0	0.0	1.0	1.0	0.0	1.0	1.0	1.0	1.0	0.0	0.0	1.0	1.0	1.0	1.0	1.0	1.0	1.0	0.0	1.0	1.0	1.0	1.0	1.0	0.0	0.0	1.0	1.0	1.0	0.0	1.0	0.0	1.0
ckb	0.0	1.0	0.0	1.0	1.0	1.0	1.0	0.3430703308172536	1.0	1.0	1.0	1.0	1.0	1.0	1.0	1.0	1.0	1.0	1.0	1.0	0.0	1.0	1.0	1.0	0.0	1.0	0.0	0.0	1.0	1.0	1.0	0.0	1.0	0.0	1.0
da	1.0	1.0	1.0	1.0	1.0	0.1907435698305462	1.0	0.04078796428856851	0.585786437626905	0.2958163163244893	1.0	1.0	0.585786437626905	0.20742607609621763	0.06092666706408471	1.0	1.0	1.0	1.0	1.0	0.0	0.1774053291584318	0.2466060555964672	0.2402530733520421	0.585786437626905	0.44948974278317805	1.0	0.0	0.585786437626905	0.4364916731037085	0.12961260798130744	0.0	1.0	1.0	1.0
de	1.0	0.585786437626905	1.0	1.0	0.1907435698305462	1.0	0.3164309725825327	0.006769979001719657	0.06720501694575565	0.009705078452680916	0.4142135623730951	1.0	0.10393570406850768	0.04239394209093088	0.011744420698609311	0.11850253745043801	0.2958163163244893	1.0	0.2402530733520421	0.5	0.0	0.011589384861889561	0.019669650654225553	0.015589939439539428	0.5	0.010899927630264176	0.2582456997612434	0.0	0.28172904669025317	0.2989350844248255	0.023637666222932546	0.0	0.585786437626905	1.0	0.13507810593582123
el	0.0	1.0	0.0	1.0	1.0	0.3164309725825327	1.0	0.017247249399882227	0.5	0.179128784747792	1.0	1.0	0.3164309725825328	0.27429188517743175	0.035106121215879534	1.0	1.0	1.0	1.0	1.0	0.0	0.3333333333333333	0.2449655295864104	0.12789210656028413	1.0	1.0	1.0	0.0	0.585786437626905	1.0	0.20856217852254144	0.0	1.0	1.0	1.0
en	0.585786437626905	1.0	1.0	0.3430703308172536	0.04078796428856851	0.006769979001719657	0.017247249399882227	1.0	0.005552017384359074	0.019522253430612885	0.12729683913915313	0.44948974278317805	0.03128714488291514	0.028001248546457795	0.03389222027362204	0.007754521380125574	0.017061207475124313	0.585786437626905	0.02226772366437694	1.0	1.0	0.012063523007936424	0.022819465234347736	0.04291226748137147	0.11636218529287669	0.004078104982097253	0.11899561938412906	1.0	0.08289261338017367	0.15585972716790494	0.030252501873849633	0.0	0.11336696073850488	1.0	0.00616230096508124
es	1.0	1.0	1.0	1.0	0.585786437626905	0.06720501694575565	0.5	0.005552017384359074	1.0	0.008861693007918184	0.585786437626905	1.0	0.17176743283130236	0.06917691906919866	0.012250945394864142	0.18822566650963438	0.44948974278317805	1.0	1.0	1.0	0.0	0.03014035188095074	0.02877425854602849	0.013894825667367033	0.44948974278317805	0.1607677430268676	0.3483314773547883	0.0	0.3126480851423008	1.0	0.03480852316227163	0.0	0.585786437626905	1.0	0.252650308587072
fr	1.0	1.0	1.0	1.0	0.2958163163244893	0.009705078452680916	0.179128784747792	0.019522253430612885	0.008861693007918184	1.0	0.24336073281110826	0.3333333333333333	0.10575556400913307	0.04874288112233207	0.01877232607381981	0.013376075558567593	0.09415681812860542	0.585786437626905	0.18464218557642828	1.0	0.0	0.013795440515628215	0.018322114492078517	0.015658435279386578	0.3660254037844386	0.0067714904330935	0.22340832503179264	1.0	0.19038733311557218	0.4142135623730951	0.027375722896779576	1.0	0.3090169943749474	1.0	0.03479571639238179
he	1.0	1.0	1.0	1.0	1.0	0.4142135623730951	1.0	0.12729683913915313	0.585786437626905	0.24336073281110826	1.0	1.0	0.5	0.3660254037844386	0.0695454391025823	1.0	1.0	1.0	1.0	1.0	0.0	0.4142135623730951	0.3430703308172536	0.1629170484829154	0.585786437626905	1.0	1.0	0.0	0.585786437626905	1.0	0.2063099139372659	0.0	1.0	1.0	1.0
hi	0.0	1.0	0.0	1.0	1.0	1.0	1.0	0.44948974278317805	1.0	0.3333333333333333	1.0	1.0	1.0	1.0	0.3430703308172536	1.0	1.0	1.0	1.0	1.0	1.0	1.0	0.5	0.36602540378443865	1.0	1.0	1.0	0.0	0.585786437626905	1.0	0.5	1.0	1.0	1.0	1.0
hu	1.0	1.0	0.0	1.0	0.585786437626905	0.10393570406850768	0.3164309725825328	0.03128714488291514	0.17176743283130236	0.10575556400913307	0.5	1.0	1.0	0.585786437626905	0.037194633677469495	0.2402530733520421	0.5	0.585786437626905	0.32449979983983984	1.0	0.0	0.14548268842493628	0.23611508615636423	0.20210660597023342	1.0	0.1039618177699677	0.585786437626905	0.0	1.0	0.3797958971132712	0.18181818181818182	0.0	0.585786437626905	1.0	0.2791745113185196
id	1.0	1.0	1.0	1.0	0.20742607609621763	0.04239394209093088	0.27429188517743175	0.028001248546457795	0.06917691906919866	0.04874288112233207	0.3660254037844386	1.0	0.585786437626905	1.0	0.04120278281239745	0.07377959042899215	0.11814465250770893	1.0	0.4142135623730951	0.5	0.0	0.08960267920084945	0.10744882586240007	0.059529918203734274	0.3380788308512194	0.03325178401940325	0.44948974278317805	1.0	0.26968623182294527	1.0	0.17379378377786506	0.0	0.5	1.0	0.06872262058422732
it	0.585786437626905	0.585786437626905	1.0	1.0	0.06092666706408471	0.011744420698609311	0.035106121215879534	0.03389222027362204	0.012250945394864142	0.01877232607381981	0.0695454391025823	0.3430703308172536	0.037194633677469495	0.04120278281239745	1.0	0.01801528841384352	0.034969563831969384	0.3333333333333333	0.059844871884964956	0.5	0.0	0.014904764411741099	0.018764903821081286	0.027224913968184758	0.11123994497832239	0.009757807266520863	0.11514558812473223	1.0	0.08443914873373017	0.10505430351996467	0.03245062733759735	0.0	0.07922133988538063	1.0	0.021850253904742295
ja	1.0	1.0	1.0	1.0	1.0	0.11850253745043801	1.0	0.007754521380125574	0.18822566650963438	0.013376075558567593	1.0	1.0	0.2402530733520421	0.07377959042899215	0.01801528841384352	1.0	1.0	1.0	1.0	1.0	0.0	0.059733735901580876	0.04843843726976081	0.024742969122885962	0.585786437626905	1.0	0.2989350844248255	0.0	0.3090169943749474	1.0	0.03129999921914252	1.0	1.0	1.0	0.585786437626905
ko	1.0	1.0	1.0	1.0	1.0	0.2958163163244893	1.0	0.017061207475124313	0.44948974278317805	0.09415681812860542	1.0	1.0	0.5	0.11814465250770893	0.034969563831969384	1.0	1.0	1.0	1.0	1.0	0.0	0.1482675827043134	0.25728427444747215	0.08097815936845763	0.585786437626905	1.0	1.0	0.0	0.44948974278317805	1.0	0.11519216806670013	0.0	1.0	1.0	1.0
lv	0.0	1.0	1.0	1.0	1.0	1.0	1.0	0.585786437626905	1.0	0.585786437626905	1.0	1.0	0.585786437626905	1.0	0.3333333333333333	1.0	1.0	1.0	1.0	1.0	0.0	0.585786437626905	0.585786437626905	1.0	0.585786437626905	1.0	1.0	0.0	0.585786437626905	1.0	0.585786437626905	0.0	1.0	1.0	1.0
mk	1.0	1.0	1.0	1.0	1.0	0.2402530733520421	1.0	0.02226772366437694	1.0	0.18464218557642828	1.0	1.0	0.32449979983983984	0.4142135623730951	0.059844871884964956	1.0	1.0	1.0	1.0	1.0	0.0	0.17639649096016832	0.21239994067041815	0.21089672205953397	0.585786437626905	1.0	0.5	0.0	1.0	1.0	0.15974667297574377	0.0	1.0	1.0	1.0
ml	0.0	1.0	1.0	1.0	1.0	0.5	1.0	1.0	1.0	1.0	1.0	1.0	1.0	0.5	0.5	1.0	1.0	1.0	1.0	1.0	0.0	1.0	0.585786437626905	1.0	1.0	1.0	1.0	0.0	1.0	1.0	0.585786437626905	0.0	1.0	1.0	1.0
mr	0.0	0.0	0.0	0.0	0.0	0.0	0.0	1.0	0.0	0.0	0.0	1.0	0.0	0.0	0.0	0.0	0.0	0.0	0.0	0.0	1.0	0.0	0.0	0.0	0.0	0.0	0.0	0.0	0.0	0.0	0.0	0.0	0.0	0.0	0.0
nl	1.0	1.0	1.0	1.0	0.1774053291584318	0.011589384861889561	0.3333333333333333	0.012063523007936424	0.03014035188095074	0.013795440515628215	0.4142135623730951	1.0	0.14548268842493628	0.08960267920084945	0.014904764411741099	0.059733735901580876	0.1482675827043134	0.585786437626905	0.17639649096016832	1.0	0.0	1.0	0.04441721208220296	0.03151851518832543	0.4142135623730951	0.020162118782247235	0.19795126013282632	0.0	0.25824569976124334	0.44948974278317805	0.03308186513920928	0.0	0.3430703308172536	1.0	0.05634825921543971
pl	1.0	1.0	1.0	1.0	0.2466060555964672	0.019669650654225553	0.2449655295864104	0.022819465234347736	0.02877425854602849	0.018322114492078517	0.3430703308172536	0.5	0.23611508615636423	0.10744882586240007	0.018764903821081286	0.04843843726976081	0.25728427444747215	0.585786437626905	0.21239994067041815	0.585786437626905	0.0	0.04441721208220296	1.0	0.03867321030476332	0.3164309725825327	0.01194083378558294	0.2372732414640341	0.0	0.21373148215577437	0.353889367864523	0.041564023692741585	1.0	0.4142135623730951	1.0	0.148748395941096
pt	1.0	1.0	1.0	1.0	0.2402530733520421	0.015589939439539428	0.12789210656028413	0.04291226748137147	0.013894825667367033	0.015658435279386578	0.1629170484829154	0.36602540378443865	0.20210660597023342	0.059529918203734274	0.027224913968184758	0.024742969122885962	0.08097815936845763	1.0	0.21089672205953397	1.0	0.0	0.03151851518832543	0.03867321030476332	1.0	0.3380788308512194	0.012232242184495734	0.27429188517743175	0.0	0.25355482027512377	0.44948974278317805	0.03603700739811184	0.0	0.2184498952542088	1.0	0.051885016796115825
ro	1.0	0.0	1.0	0.0	0.585786437626905	0.5	1.0	0.11636218529287669	0.44948974278317805	0.3660254037844386	0.585786437626905	1.0	1.0	0.3380788308512194	0.11123994497832239	0.585786437626905	0.585786437626905	0.585786437626905	0.585786437626905	1.0	0.0	0.4142135623730951	0.3164309725825327	0.3380788308512194	1.0	0.3333333333333333	0.585786437626905	0.0	0.585786437626905	0.585786437626905	0.44948974278317805	0.0	0.585786437626905	1.0	0.585786437626905
ru	1.0	1.0	1.0	1.0	0.44948974278317805	0.010899927630264176	1.0	0.004078104982097253	0.1607677430268676	0.0067714904330935	1.0	1.0	0.1039618177699677	0.03325178401940325	0.009757807266520863	1.0	1.0	1.0	1.0	1.0	0.0	0.020162118782247235	0.01194083378558294	0.012232242184495734	0.3333333333333333	1.0	0.2474401533514073	1.0	0.32449979983983984	1.0	0.01968478335030918	1.0	1.0	1.0	1.0
sh	0.0	1.0	0.0	0.0	1.0	0.2582456997612434	1.0	0.11899561938412906	0.3483314773547883	0.22340832503179264	1.0	1.0	0.585786437626905	0.44948974278317805	0.11514558812473223	0.2989350844248255	1.0	1.0	0.5	1.0	0.0	0.19795126013282632	0.2372732414640341	0.27429188517743175	0.585786437626905	0.2474401533514073	1.0	0.0	0.585786437626905	0.585786437626905	0.2565236958429578	0.0	1.0	1.0	0.36602540378443865
si	0.0	0.0	0.0	0.0	0.0	0.0	0.0	1.0	0.0	1.0	0.0	0.0	0.0	1.0	1.0	0.0	0.0	0.0	0.0	0.0	0.0	0.0	0.0	0.0	0.0	1.0	0.0	1.0	0.0	0.0	1.0	0.0	0.0	0.0	0.0
simple	1.0	1.0	1.0	1.0	0.585786437626905	0.28172904669025317	0.585786437626905	0.08289261338017367	0.3126480851423008	0.19038733311557218	0.585786437626905	0.585786437626905	1.0	0.26968623182294527	0.08443914873373017	0.3090169943749474	0.44948974278317805	0.585786437626905	1.0	1.0	0.0	0.25824569976124334	0.21373148215577437	0.25355482027512377	0.585786437626905	0.32449979983983984	0.585786437626905	0.0	1.0	1.0	0.2928060946961875	0.0	0.585786437626905	0.0	0.4142135623730951
sr	0.0	1.0	1.0	1.0	0.4364916731037085	0.2989350844248255	1.0	0.15585972716790494	1.0	0.4142135623730951	1.0	1.0	0.3797958971132712	1.0	0.10505430351996467	1.0	1.0	1.0	1.0	1.0	0.0	0.44948974278317805	0.353889367864523	0.44948974278317805	0.585786437626905	1.0	0.585786437626905	0.0	1.0	1.0	0.21393876913398135	0.0	1.0	1.0	1.0
sv	0.585786437626905	1.0	1.0	1.0	0.12961260798130744	0.023637666222932546	0.20856217852254144	0.030252501873849633	0.03480852316227163	0.027375722896779576	0.2063099139372659	0.5	0.18181818181818182	0.17379378377786506	0.03245062733759735	0.03129999921914252	0.11519216806670013	0.585786437626905	0.15974667297574377	0.585786437626905	0.0	0.03308186513920928	0.041564023692741585	0.03603700739811184	0.44948974278317805	0.01968478335030918	0.2565236958429578	1.0	0.2928060946961875	0.21393876913398135	1.0	0.0	0.32449979983983984	0.585786437626905	0.05278061859722386
te	0.0	0.0	0.0	0.0	0.0	0.0	0.0	0.0	0.0	1.0	0.0	1.0	0.0	0.0	0.0	1.0	0.0	0.0	0.0	0.0	0.0	0.0	1.0	0.0	0.0	1.0	0.0	0.0	0.0	0.0	0.0	1.0	0.0	0.0	0.0
vi	1.0	1.0	1.0	1.0	1.0	0.585786437626905	1.0	0.11336696073850488	0.585786437626905	0.3090169943749474	1.0	1.0	0.585786437626905	0.5	0.07922133988538063	1.0	1.0	1.0	1.0	1.0	0.0	0.3430703308172536	0.4142135623730951	0.2184498952542088	0.585786437626905	1.0	1.0	0.0	0.585786437626905	1.0	0.32449979983983984	0.0	1.0	1.0	1.0
war	0.0	0.0	0.0	0.0	1.0	1.0	1.0	1.0	1.0	1.0	1.0	1.0	1.0	1.0	1.0	1.0	1.0	1.0	1.0	1.0	0.0	1.0	1.0	1.0	1.0	1.0	1.0	0.0	0.0	1.0	0.585786437626905	0.0	1.0	1.0	1.0
zh	1.0	1.0	1.0	1.0	1.0	0.13507810593582123	1.0	0.00616230096508124	0.252650308587072	0.03479571639238179	1.0	1.0	0.2791745113185196	0.06872262058422732	0.021850253904742295	0.585786437626905	1.0	1.0	1.0	1.0	0.0	0.05634825921543971	0.148748395941096	0.051885016796115825	0.585786437626905	1.0	0.36602540378443865	0.0	0.4142135623730951	1.0	0.05278061859722386	0.0	1.0	1.0	1.0
