arz	bs	ceb	ckb	da	de	el	en	es	fr	he	hi	hu	id	it	ja	ko	lv	mk	ml	mr	nl	pl	pt	ro	ru	sh	si	simple	sr	sv	te	vi	war	zh
arz	1.0	0.5666666666666667	0.5263157894736842	0.56	0.5383602239051696	0.5245901639344263	0.5555555555555556	0.5109717868338558	0.5217391304347826	0.5191256830601093	0.5319563522992985	0.5256410256410257	0.5526770293609672	0.5275590551181103	0.5174418604651163	0.5220588235294117	0.5289256198347108	0.5581395348837209	0.5681818181818182	0.5531914893617021	0.5370370370370371	0.5309734513274337	0.5315315315315315	0.5284552845528455	0.5421686746987951	0.5202312138728323	0.5576923076923077	0.5135135135135135	0.5343297524521252	0.5552156177156178	0.5178571428571429	0.5348837209302326	0.5501756146512795	0.625	0.525698815566836
bs	0.5666666666666667	1.0	0.5517017828200972	0.5666666666666667	0.5517241379310345	0.5317460317460317	0.5671641791044776	0.515527950310559	0.5272727272727272	0.5240641711229946	0.55	0.55	0.5512820512820512	0.5343511450381679	0.5227272727272727	0.5285714285714286	0.536	0.5869565217391304	0.56	0.5576923076923077	0.5545310015898252	0.5338983050847458	0.5391304347826087	0.5354330708661417	0.5454545454545455	0.5254237288135593	0.5714285714285714	0.55	0.5425531914893617	0.5555555555555556	0.5294117647058824	0.5416666666666666	0.5542168674698795	0.5625	0.5314685314685315
ceb	0.5263157894736842	0.5517017828200972	1.0	0.5405405405405405	0.5780267295597484	0.5572270277046508	0.5431829615965118	0.5204906135088059	0.5389221556886228	0.5375657952774429	0.5634262213713394	0.5529411764705883	0.5855210819411297	0.5418339934084804	0.5337078651685393	0.5384615384615384	0.5398591027067111	0.5882352941176471	0.5705521472392638	0.5448354143019296	0.5400862068965517	0.5545522949586156	0.5586907449209932	0.5461538461538461	0.569903153712441	0.5371042114970797	0.568039950062422	0.5208333333333334	0.5571605447791993	0.5512820512820512	0.5420552367288379	0.5178571428571429	0.5595273557740046	0.5384615384615384	0.5398488826719562
ckb	0.56	0.5666666666666667	0.5405405405405405	1.0	0.5357142857142857	0.5304504504504505	0.5384615384615384	0.5109717868338558	0.5185185185185185	0.5191256830601093	0.5306122448979592	0.5394736842105263	0.5429461504227859	0.5234375	0.5174418604651163	0.5220588235294117	0.5245901639344263	0.5714285714285714	0.5555555555555556	0.5531914893617021	0.5471698113207547	0.5263157894736842	0.5267857142857143	0.5241935483870968	0.5357142857142857	0.5172413793103449	0.5471698113207547	0.5277777777777778	0.5274725274725275	0.5441176470588236	0.5178571428571429	0.5476190476190476	0.5375	0.5555555555555556	0.5214285714285714
da	0.5383602239051696	0.5517241379310345	0.5780267295597484	0.5357142857142857	1.0	0.5975108345371709	0.584070796460177	0.555016445133056	0.5867346938775511	0.5841148643040917	0.6156878106103263	0.5810327043261938	0.6243683100553101	0.5962877980824387	0.5769230769230769	0.5883885374023073	0.5915348641689875	0.5913978494623656	0.5795724465558195	0.5651826711918547	0.5548639516272452	0.6008912294915941	0.6223156355661154	0.604404567699837	0.608	0.5851956682254492	0.5853658536585367	0.5376344086021506	0.6098460159687144	0.5933048433048433	0.58128078817734	0.5294117647058824	0.6118511713367019	0.5411764705882353	0.598267784660414
de	0.5245901639344263	0.5317460317460317	0.5572270277046508	0.5304504504504505	0.5975108345371709	1.0	0.5782312925170068	0.5775594543108217	0.6146788990825688	0.62189913675602	0.6066350710900474	0.5723270440251572	0.601966690290574	0.6036113499570077	0.6002276861072219	0.6139214046822743	0.5970945745627039	0.556390977443609	0.56124894017031	0.5588235294117647	0.553505624515128	0.6160767571041638	0.6210022012171436	0.6219701216898065	0.6027450472614269	0.6088743714904393	0.5642857142857143	0.532304725168756	0.6099970230846256	0.5898810398002644	0.5949809850227711	0.5367647058823529	0.5917034272141161	0.5327868852459017	0.617431244845141
el	0.5555555555555556	0.5671641791044776	0.5431829615965118	0.5384615384615384	0.584070796460177	0.5782312925170068	1.0	0.5411764705882353	0.5645161290322581	0.5587414855660071	0.5793650793650793	0.5849056603773585	0.5836221184270002	0.567741935483871	0.5612244897959184	0.5750000000000001	0.5666666666666667	0.5769230769230769	0.5679012345679012	0.5938433264415346	0.5747126436781609	0.5704225352112676	0.5738942826321467	0.5810810810810811	0.5789473684210527	0.5634517766497462	0.5877034358047016	0.5333333333333333	0.5798319327731092	0.5918367346938775	0.5625	0.5641025641025641	0.5871559633027523	0.5625	0.5696969696969697
en	0.5109717868338558	0.515527950310559	0.5204906135088059	0.5109717868338558	0.555016445133056	0.5775594543108217	0.5411764705882353	1.0	0.5948181295545301	0.6093988977770193	0.562691433652801	0.5491329479768786	0.5487086380606556	0.5825465262238716	0.591579875445683	0.5841674944601513	0.5702744628956443	0.5258358662613982	0.5260245469075118	0.5290438934516627	0.5337757510158454	0.5720311135144129	0.5698219066091723	0.5768041204971035	0.5548462428629514	0.6003697674885955	0.533288948069241	0.5185185185185185	0.5614409342826033	0.54562809431904	0.5890171960393583	0.5247352797159995	0.5519114090542663	0.5125000000000001	0.585837812924267
es	0.5217391304347826	0.5272727272727272	0.5389221556886228	0.5185185185185185	0.5867346938775511	0.6146788990825688	0.5645161290322581	0.5948181295545301	1.0	0.625	0.5922330097087379	0.5634517766497462	0.5901639344262295	0.5986208779954939	0.6000000000000001	0.6025641025641025	0.5955555555555555	0.5465116279069767	0.5428571428571428	0.5454545454545455	0.5439560439560439	0.6132075471698113	0.6038961038961039	0.615469735531703	0.5835636783695697	0.6164623467600701	0.553072625698324	0.5266272189349113	0.5941484924323681	0.5691489361702128	0.585820895522388	0.5284090909090908	0.5824742268041238	0.5246913580246914	0.6123927550047664
fr	0.5191256830601093	0.5240641711229946	0.5375657952774429	0.5191256830601093	0.5841148643040917	0.62189913675602	0.5587414855660071	0.6093988977770193	0.625	1.0	0.5946835097923387	0.5631953205642849	0.5830639948287007	0.6012036108324974	0.5944055944055944	0.6017545896983837	0.6033640697038368	0.5412371134020618	0.5435897435897437	0.5459183673469388	0.5507630218186405	0.6025641025641025	0.6000412116216773	0.6024835314605891	0.5827524762853099	0.611739106382194	0.55	0.5263157894736842	0.5858760314718864	0.5635497556255737	0.5807179427844147	0.5315461684267533	0.575065455963456	0.5226762460709474	0.6234135667396061
he	0.5319563522992985	0.55	0.5634262213713394	0.5306122448979592	0.6156878106103263	0.6066350710900474	0.5793650793650793	0.562691433652801	0.5922330097087379	0.5946835097923387	1.0	0.5697290966807409	0.6067839195979899	0.6054766734279918	0.5791832799103537	0.5908472783590828	0.5872253449156872	0.5772451888809693	0.5667890426433211	0.5541701302299806	0.5476114902396445	0.6025993385195881	0.5936042389641405	0.6249389776135016	0.6039264140582098	0.5968886875094397	0.5775862068965517	0.5327102803738317	0.6062742333450829	0.5848298676748582	0.5706760316066725	0.5258620689655172	0.6089851781385215	0.5367691079624826	0.6057367068055743
hi	0.5256410256410257	0.55	0.5529411764705883	0.5394736842105263	0.5810327043261938	0.5723270440251572	0.5849056603773585	0.5491329479768786	0.5634517766497462	0.5631953205642849	0.5697290966807409	1.0	0.5820093724997143	0.584711082010149	0.556740614334471	0.5816466291279866	0.5652173913043479	0.5795454545454545	0.5652173913043479	0.5888888888888889	0.6293152235427278	0.5612903225806452	0.5715968366145044	0.5662125717446926	0.5748865355521937	0.5654450261780104	0.5656565656565656	0.5411764705882353	0.5779987569919205	0.5714285714285714	0.5630135141202353	0.603400987383434	0.5781938325991189	0.5384615384615384	0.565224463240078
hu	0.5526770293609672	0.5512820512820512	0.5855210819411297	0.5429461504227859	0.6243683100553101	0.601966690290574	0.5836221184270002	0.5487086380606556	0.5901639344262295	0.5830639948287007	0.6067839195979899	0.5820093724997143	1.0	0.5877364905403784	0.5693069306930693	0.5843373493975903	0.5923183711244794	0.5882352941176471	0.5843490980009752	0.5671254219683199	0.5654182328698881	0.6074200558832661	0.613358364377695	0.6028591352859136	0.6161908375225268	0.5853993140617344	0.6030130935478782	0.5421686746987951	0.6168991663524779	0.5976438404518178	0.5746743060944801	0.5268817204301075	0.6014116892144805	0.5540540540540541	0.5994358781496804
id	0.5275590551181103	0.5343511450381679	0.5418339934084804	0.5234375	0.5962877980824387	0.6036113499570077	0.567741935483871	0.5825465262238716	0.5986208779954939	0.6012036108324974	0.6054766734279918	0.584711082010149	0.5877364905403784	1.0	0.5815515024524976	0.5986941580756013	0.5981889860786004	0.559508895013781	0.5531914893617021	0.5549605573789371	0.5560877350044763	0.5898872994354856	0.5927289461573861	0.5969999112399775	0.5903614457831325	0.6020169604113288	0.5578231292517006	0.5255474452554745	0.5896248491267828	0.5729850354423733	0.5731343283582089	0.5390070921985816	0.6045531197301856	0.53125	0.6129895402578448
it	0.5174418604651163	0.5227272727272727	0.5337078651685393	0.5174418604651163	0.5769230769230769	0.6002276861072219	0.5612244897959184	0.591579875445683	0.6000000000000001	0.5944055944055944	0.5791832799103537	0.556740614334471	0.5693069306930693	0.5815515024524976	1.0	0.6099257718650267	0.5863933452168746	0.5439560439560439	0.5434782608695652	0.543010752688172	0.538860103626943	0.5921052631578947	0.5942061822301343	0.5968331303288673	0.5853658536585366	0.6008192990441511	0.5502645502645502	0.5280898876404494	0.5771022633404923	0.5683023595740239	0.6146757910427536	0.5286224799406648	0.5830552321821239	0.5232558139534884	0.5927621227292234
ja	0.5220588235294117	0.5285714285714286	0.5384615384615384	0.5220588235294117	0.5883885374023073	0.6139214046822743	0.5750000000000001	0.5841674944601513	0.6025641025641025	0.6017545896983837	0.5908472783590828	0.5816466291279866	0.5843373493975903	0.5986941580756013	0.6099257718650267	1.0	0.6066607681662469	0.5510204081632653	0.5540540540540541	0.5533333333333333	0.5512820512820512	0.596938775510204	0.5965536571693192	0.5954488791227366	0.5943307086614172	0.5936753473524087	0.5584415584415584	0.5314685314685315	0.604539398553483	0.5768444020182735	0.6014595859916464	0.5369127516778524	0.6052581804425949	0.5294117647058824	0.6113277479633991
ko	0.5289256198347108	0.536	0.5398591027067111	0.5245901639344263	0.5915348641689875	0.5970945745627039	0.5666666666666667	0.5702744628956443	0.5955555555555555	0.6033640697038368	0.5872253449156872	0.5652173913043479	0.5923183711244794	0.5981889860786004	0.5863933452168746	0.6066607681662469	1.0	0.5606060606060607	0.5617039545866527	0.5460793502030615	0.5472816945576874	0.5885850178359097	0.5899803739283133	0.5916587608552871	0.5792682926829268	0.5873818766419637	0.5642857142857143	0.5348837209302326	0.6008352338358559	0.5663200608673599	0.5766547580383241	0.5251798561151079	0.6021703743895822	0.5327868852459017	0.6268967913819066
lv	0.5581395348837209	0.5869565217391304	0.5882352941176471	0.5714285714285714	0.5913978494623656	0.556390977443609	0.5769230769230769	0.5258358662613982	0.5465116279069767	0.5412371134020618	0.5772451888809693	0.5795454545454545	0.5882352941176471	0.559508895013781	0.5439560439560439	0.5510204081632653	0.5606060606060607	1.0	0.6034482758620691	0.5774278215223096	0.5652173913043479	0.5645161290322581	0.5702479338842975	0.5659958567623556	0.5913978494623656	0.5464480874316939	0.609375	0.5471698113207547	0.5777498165041418	0.6025641025641025	0.5480225988700566	0.540983606557377	0.5888888888888889	0.5681818181818182	0.5539105408020913
mk	0.5681818181818182	0.56	0.5705521472392638	0.5555555555555556	0.5795724465558195	0.56124894017031	0.5679012345679012	0.5260245469075118	0.5428571428571428	0.5435897435897437	0.5667890426433211	0.5652173913043479	0.5843490980009752	0.5531914893617021	0.5434782608695652	0.5540540540540541	0.5617039545866527	0.6034482758620691	1.0	0.5651981403586451	0.547945205479452	0.5719138198757764	0.5688854489164087	0.5547445255474452	0.5874125874125874	0.543010752688172	0.5970149253731343	0.5454545454545455	0.5673076923076923	0.5987096774193548	0.5428427552940552	0.53125	0.5806451612903225	0.5909090909090909	0.5537545964776467
ml	0.5531914893617021	0.5576923076923077	0.5448354143019296	0.5531914893617021	0.5651826711918547	0.5588235294117647	0.5938433264415346	0.5290438934516627	0.5454545454545455	0.5459183673469388	0.5541701302299806	0.5888888888888889	0.5671254219683199	0.5549605573789371	0.543010752688172	0.5533333333333333	0.5460793502030615	0.5774278215223096	0.5651981403586451	1.0	0.610060478064702	0.5566488614000562	0.560857129886049	0.55	0.5672404518558365	0.5492730210016156	0.5540540540540541	0.543859649122807	0.5607476635514019	0.5676901887709633	0.540983606557377	0.6034482758620691	0.558968058968059	0.5625	0.5429429697707401
mr	0.5370370370370371	0.5545310015898252	0.5400862068965517	0.5471698113207547	0.5548639516272452	0.553505624515128	0.5747126436781609	0.5337757510158454	0.5439560439560439	0.5507630218186405	0.5476114902396445	0.6293152235427278	0.5654182328698881	0.5560877350044763	0.538860103626943	0.5512820512820512	0.5472816945576874	0.5652173913043479	0.547945205479452	0.610060478064702	1.0	0.549224369529422	0.5522388059701493	0.5465690907617942	0.5592105263157895	0.5557103064066853	0.5594349142280525	0.5483870967741935	0.5574324324324325	0.556238085151451	0.5435528740200152	0.6031746031746031	0.5491730842065395	0.5454545454545455	0.5412666075310218
nl	0.5309734513274337	0.5338983050847458	0.5545522949586156	0.5263157894736842	0.6008912294915941	0.6160767571041638	0.5704225352112676	0.5720311135144129	0.6132075471698113	0.6025641025641025	0.6025993385195881	0.5612903225806452	0.6074200558832661	0.5898872994354856	0.5921052631578947	0.596938775510204	0.5885850178359097	0.5645161290322581	0.5719138198757764	0.5566488614000562	0.549224369529422	1.0	0.6034482758620691	0.6032608695652174	0.6055685689948893	0.6011537597083135	0.5813953488372093	0.5327868852459017	0.599130173965207	0.5888919016630514	0.5886622760427732	0.5267175572519084	0.6001155920883637	0.5350877192982456	0.5974264075939824
pl	0.5315315315315315	0.5391304347826087	0.5586907449209932	0.5267857142857143	0.6223156355661154	0.6210022012171436	0.5738942826321467	0.5698219066091723	0.6038961038961039	0.6000412116216773	0.5936042389641405	0.5715968366145044	0.613358364377695	0.5927289461573861	0.5942061822301343	0.5965536571693192	0.5899803739283133	0.5702479338842975	0.5688854489164087	0.560857129886049	0.5522388059701493	0.6034482758620691	1.0	0.6031285276568296	0.6120466321243523	0.6017274472168906	0.5736434108527132	0.5333333333333333	0.6072144288577155	0.5888354561996361	0.5888671042536868	0.53125	0.5968615804470843	0.5357142857142857	0.5943156459211506
pt	0.5284552845528455	0.5354330708661417	0.5461538461538461	0.5241935483870968	0.604404567699837	0.6219701216898065	0.5810810810810811	0.5768041204971035	0.615469735531703	0.6024835314605891	0.6249389776135016	0.5662125717446926	0.6028591352859136	0.5969999112399775	0.5968331303288673	0.5954488791227366	0.5916587608552871	0.5659958567623556	0.5547445255474452	0.55	0.5465690907617942	0.6032608695652174	0.6031285276568296	1.0	0.6090519989072033	0.6164949688548155	0.5714285714285714	0.5303030303030303	0.6097351945731593	0.5880982751927236	0.5832953682611997	0.5285714285714286	0.5911752961533342	0.532258064516129	0.6120614713639512
ro	0.5421686746987951	0.5454545454545455	0.569903153712441	0.5357142857142857	0.608	0.6027450472614269	0.5789473684210527	0.5548462428629514	0.5835636783695697	0.5827524762853099	0.6039264140582098	0.5748865355521937	0.6161908375225268	0.5903614457831325	0.5853658536585366	0.5943307086614172	0.5792682926829268	0.5913978494623656	0.5874125874125874	0.5672404518558365	0.5592105263157895	0.6055685689948893	0.6120466321243523	0.6090519989072033	1.0	0.588352120971387	0.5882352941176471	0.5319148936170213	0.5946930395814477	0.6118451025056948	0.5826300777023704	0.5294117647058824	0.6016260162601625	0.5476190476190476	0.5856428852370947
ru	0.5202312138728323	0.5254237288135593	0.5371042114970797	0.5172413793103449	0.5851956682254492	0.6088743714904393	0.5634517766497462	0.6003697674885955	0.6164623467600701	0.611739106382194	0.5968886875094397	0.5654450261780104	0.5853993140617344	0.6020169604113288	0.6008192990441511	0.5936753473524087	0.5873818766419637	0.5464480874316939	0.543010752688172	0.5492730210016156	0.5557103064066853	0.6011537597083135	0.6017274472168906	0.6164949688548155	0.588352120971387	1.0	0.5546025815217391	0.5287269285376243	0.5985366845064698	0.5711915988558143	0.5985999005393826	0.5331916024448579	0.5804878048780487	0.5229885057471265	0.6075160018587639
sh	0.5576923076923077	0.5714285714285714	0.568039950062422	0.5471698113207547	0.5853658536585367	0.5642857142857143	0.5877034358047016	0.533288948069241	0.553072625698324	0.55	0.5775862068965517	0.5656565656565656	0.6030130935478782	0.5578231292517006	0.5502645502645502	0.5584415584415584	0.5642857142857143	0.609375	0.5970149253731343	0.5540540540540541	0.5594349142280525	0.5813953488372093	0.5736434108527132	0.5714285714285714	0.5882352941176471	0.5546025815217391	1.0	0.5573770491803278	0.5779816513761468	0.6258445945945946	0.5483870967741935	0.5277777777777778	0.5858585858585859	0.5660377358490566	0.5641025641025641
si	0.5135135135135135	0.55	0.5208333333333334	0.5277777777777778	0.5376344086021506	0.532304725168756	0.5333333333333333	0.5185185185185185	0.5266272189349113	0.5263157894736842	0.5327102803738317	0.5411764705882353	0.5421686746987951	0.5255474452554745	0.5280898876404494	0.5314685314685315	0.5348837209302326	0.5471698113207547	0.5454545454545455	0.543859649122807	0.5483870967741935	0.5327868852459017	0.5333333333333333	0.5303030303030303	0.5319148936170213	0.5287269285376243	0.5573770491803278	1.0	0.5353535353535354	0.5414673046251993	0.5257142857142857	0.5384615384615384	0.5333333333333333	0.5263157894736842	0.5342465753424658
simple	0.5343297524521252	0.5425531914893617	0.5571605447791993	0.5274725274725275	0.6098460159687144	0.6099970230846256	0.5798319327731092	0.5614409342826033	0.5941484924323681	0.5858760314718864	0.6062742333450829	0.5779987569919205	0.6168991663524779	0.5896248491267828	0.5771022633404923	0.604539398553483	0.6008352338358559	0.5777498165041418	0.5673076923076923	0.5607476635514019	0.5574324324324325	0.599130173965207	0.6072144288577155	0.6097351945731593	0.5946930395814477	0.5985366845064698	0.5779816513761468	0.5353535353535354	1.0	0.5973519195200072	0.5755846595143065	0.5377358490566038	0.5968992248062015	0.5384615384615384	0.6135400058627124
sr	0.5552156177156178	0.5555555555555556	0.5512820512820512	0.5441176470588236	0.5933048433048433	0.5898810398002644	0.5918367346938775	0.54562809431904	0.5691489361702128	0.5635497556255737	0.5848298676748582	0.5714285714285714	0.5976438404518178	0.5729850354423733	0.5683023595740239	0.5768444020182735	0.5663200608673599	0.6025641025641025	0.5987096774193548	0.5676901887709633	0.556238085151451	0.5888919016630514	0.5888354561996361	0.5880982751927236	0.6118451025056948	0.5711915988558143	0.6258445945945946	0.5414673046251993	0.5973519195200072	1.0	0.5588467614533965	0.5411764705882353	0.591812865497076	0.5588235294117647	0.5802388368664134
sv	0.5178571428571429	0.5294117647058824	0.5420552367288379	0.5178571428571429	0.58128078817734	0.5949809850227711	0.5625	0.5890171960393583	0.585820895522388	0.5807179427844147	0.5706760316066725	0.5630135141202353	0.5746743060944801	0.5731343283582089	0.6146757910427536	0.6014595859916464	0.5766547580383241	0.5480225988700566	0.5428427552940552	0.540983606557377	0.5435528740200152	0.5886622760427732	0.5888671042536868	0.5832953682611997	0.5826300777023704	0.5985999005393826	0.5483870967741935	0.5257142857142857	0.5755846595143065	0.5588467614533965	1.0	0.5274725274725275	0.5785723539318565	0.5207100591715976	0.5807828545249349
te	0.5348837209302326	0.5416666666666666	0.5178571428571429	0.5476190476190476	0.5294117647058824	0.5367647058823529	0.5641025641025641	0.5247352797159995	0.5284090909090908	0.5315461684267533	0.5258620689655172	0.603400987383434	0.5268817204301075	0.5390070921985816	0.5286224799406648	0.5369127516778524	0.5251798561151079	0.540983606557377	0.53125	0.6034482758620691	0.6031746031746031	0.5267175572519084	0.53125	0.5285714285714286	0.5294117647058824	0.5331916024448579	0.5277777777777778	0.5384615384615384	0.5377358490566038	0.5411764705882353	0.5274725274725275	1.0	0.5306122448979592	0.5454545454545455	0.5256410256410257
vi	0.5501756146512795	0.5542168674698795	0.5595273557740046	0.5375	0.6118511713367019	0.5917034272141161	0.5871559633027523	0.5519114090542663	0.5824742268041238	0.575065455963456	0.6089851781385215	0.5781938325991189	0.6014116892144805	0.6045531197301856	0.5830552321821239	0.6052581804425949	0.6021703743895822	0.5888888888888889	0.5806451612903225	0.558968058968059	0.5491730842065395	0.6001155920883637	0.5968615804470843	0.5911752961533342	0.6016260162601625	0.5804878048780487	0.5858585858585859	0.5333333333333333	0.5968992248062015	0.591812865497076	0.5785723539318565	0.5306122448979592	1.0	0.55	0.5948898352157008
war	0.625	0.5625	0.5384615384615384	0.5555555555555556	0.5411764705882353	0.5327868852459017	0.5625	0.5125000000000001	0.5246913580246914	0.5226762460709474	0.5367691079624826	0.5384615384615384	0.5540540540540541	0.53125	0.5232558139534884	0.5294117647058824	0.5327868852459017	0.5681818181818182	0.5909090909090909	0.5625	0.5454545454545455	0.5350877192982456	0.5357142857142857	0.532258064516129	0.5476190476190476	0.5229885057471265	0.5660377358490566	0.5263157894736842	0.5384615384615384	0.5588235294117647	0.5207100591715976	0.5454545454545455	0.55	1.0	0.5285714285714286
zh	0.525698815566836	0.5314685314685315	0.5398488826719562	0.5214285714285714	0.598267784660414	0.617431244845141	0.5696969696969697	0.585837812924267	0.6123927550047664	0.6234135667396061	0.6057367068055743	0.565224463240078	0.5994358781496804	0.6129895402578448	0.5927621227292234	0.6113277479633991	0.6268967913819066	0.5539105408020913	0.5537545964776467	0.5429429697707401	0.5412666075310218	0.5974264075939824	0.5943156459211506	0.6120614713639512	0.5856428852370947	0.6075160018587639	0.5641025641025641	0.5342465753424658	0.6135400058627124	0.5802388368664134	0.5807828545249349	0.5256410256410257	0.5948898352157008	0.5285714285714286	1.0
