arz	bs	ceb	ckb	da	de	el	en	es	fr	he	hi	hu	id	it	ja	ko	lv	mk	ml	mr	nl	pl	pt	ro	ru	sh	si	simple	sr	sv	te	vi	war	zh
arz	1.0	0.0	0.0	0.0	0.009259259259259259	0.0	0.0	0.0	0.0	0.0	0.004784688995215311	0.0	0.015873015873015872	0.0	0.0	0.0	0.0	0.0	0.0	0.0	0.0	0.0	0.0	0.0	0.0	0.0	0.0	0.0	0.0035087719298245615	0.00980392156862745	0.0	0.0	0.02	0.0	0.0018832391713747645
bs	0.0	1.0	0.0136986301369863	0.0	0.0	0.0	0.0	0.0	0.0	0.0	0.0	0.0	0.0	0.0	0.0	0.0	0.0	0.0	0.0	0.0	0.009259259259259259	0.0	0.0	0.0	0.0	0.0	0.0	0.0	0.0	0.0	0.0	0.0	0.0	0.0	0.0
ceb	0.0	0.0136986301369863	1.0	0.0	0.03592814371257485	0.020080321285140562	0.01282051282051282	0.0018159806295399517	0.0	0.0111731843575419	0.01858736059479554	0.0	0.03225806451612903	0.003745318352059925	0.0	0.0	0.004830917874396135	0.0	0.02197802197802198	0.008403361344537815	0.0056179775280898875	0.015151515151515152	0.01020408163265306	0.0	0.030534351145038167	0.0027548209366391185	0.011111111111111112	0.0	0.02040816326530612	0.0	0.015625	0.0	0.008771929824561403	0.0	0.008460236886632826
ckb	0.0	0.0	0.0	1.0	0.0	0.00546448087431694	0.0	0.0	0.0	0.0	0.0	0.0	0.008264462809917356	0.0	0.0	0.0	0.0	0.0	0.0	0.0	0.0	0.0	0.0	0.0	0.0	0.0	0.0	0.0	0.0	0.0	0.0	0.0	0.0	0.0	0.0
da	0.009259259259259259	0.0	0.03592814371257485	0.0	1.0	0.010714285714285714	0.0	0.002380952380952381	0.0	0.0103359173126615	0.02711864406779661	0.015267175572519083	0.018433179723502304	0.017123287671232876	0.0	0.01639344262295082	0.00423728813559322	0.0	0.025210084033613446	0.02054794520547945	0.014634146341463415	0.006172839506172839	0.027149321266968326	0.012295081967213115	0.0	0.010282776349614395	0.008403361344537815	0.0	0.01881720430107527	0.020833333333333332	0.0	0.0	0.02857142857142857	0.0	0.011326860841423949
de	0.0	0.0	0.020080321285140562	0.00546448087431694	0.010714285714285714	1.0	0.0	0.005698005698005698	0.0	0.012875536480686695	0.01856763925729443	0.0	0.016835016835016835	0.018867924528301886	0.00303951367781155	0.007547169811320755	0.009523809523809525	0.0	0.0049504950495049506	0.0	0.003472222222222222	0.00411522633744856	0.023255813953488372	0.018633540372670808	0.004098360655737705	0.014989293361884369	0.0	0.00546448087431694	0.024498886414253896	0.02973977695167286	0.005434782608695652	0.0	0.008968609865470852	0.0	0.02318840579710145
el	0.0	0.0	0.01282051282051282	0.0	0.0	0.0	1.0	0.0	0.0	0.0033783783783783786	0.0	0.0	0.007936507936507936	0.0	0.0	0.0	0.0	0.0	0.0	0.018518518518518517	0.0	0.0	0.007575757575757576	0.0	0.0	0.0	0.04	0.0	0.0	0.0	0.0	0.0	0.0	0.0	0.0
en	0.0	0.0	0.0018159806295399517	0.0	0.002380952380952381	0.005698005698005698	0.0	1.0	0.001218769043266301	0.010793308148947653	0.003937007874015748	0.0	0.002944640753828033	0.005652911249293386	0.0028968713789107765	0.0018018018018018018	0.0023323615160349854	0.0	0.0012484394506866417	0.0012277470841006752	0.002967359050445104	0.003048780487804878	0.004703115814226925	0.004648460197559558	0.0018259281801582471	0.008064516129032258	0.00125	0.0	0.010863661053775122	0.005995203836930456	0.0056785917092561046	0.0012554927809165098	0.0006153846153846154	0.0	0.01395572666025024
es	0.0	0.0	0.0	0.0	0.0	0.0	0.0	0.001218769043266301	1.0	0.0	0.0	0.0	0.00558659217877095	0.015873015873015872	0.0	0.0	0.0	0.0	0.0	0.0	0.0	0.0	0.010869565217391304	0.004878048780487805	0.00819672131147541	0.002849002849002849	0.0	0.0	0.011976047904191617	0.0	0.0	0.0	0.0	0.0	0.003436426116838488
fr	0.0	0.0	0.0111731843575419	0.0	0.0103359173126615	0.012875536480686695	0.0033783783783783786	0.010793308148947653	0.0	1.0	0.01026694045174538	0.003115264797507788	0.012345679012345678	0.0125	0.0	0.00267379679144385	0.0047169811320754715	0.0	0.0	0.0	0.0025252525252525255	0.0	0.012165450121654502	0.004608294930875576	0.014367816091954023	0.008665511265164644	0.0	0.0	0.014285714285714285	0.005221932114882507	0.004201680672268907	0.0033222591362126247	0.0030120481927710845	0.0034482758620689655	0.02648171500630517
he	0.004784688995215311	0.0	0.01858736059479554	0.0	0.02711864406779661	0.01856763925729443	0.0	0.003937007874015748	0.0	0.01026694045174538	1.0	0.004291845493562232	0.0189873417721519	0.015306122448979591	0.005747126436781609	0.014134275618374558	0.002967359050445104	0.00966183574879227	0.013636363636363636	0.008064516129032258	0.00980392156862745	0.0038022813688212928	0.006134969325153374	0.011627906976744186	0.019230769230769232	0.012295081967213115	0.0	0.0	0.02564102564102564	0.01020408163265306	0.007751937984496124	0.0	0.012396694214876033	0.0049504950495049506	0.025423728813559324
hi	0.0	0.0	0.0	0.0	0.015267175572519083	0.0	0.0	0.0	0.0	0.003115264797507788	0.004291845493562232	1.0	0.013333333333333334	0.013333333333333334	0.00558659217877095	0.02631578947368421	0.0	0.0	0.0	0.0	0.03731343283582089	0.0	0.006369426751592357	0.005649717514124294	0.010638297872340425	0.009345794392523364	0.0	0.0	0.003236245954692557	0.0	0.0045662100456621	0.023255813953488372	0.013513513513513514	0.0	0.01090909090909091
hu	0.015873015873015872	0.0	0.03225806451612903	0.008264462809917356	0.018433179723502304	0.016835016835016835	0.007936507936507936	0.002944640753828033	0.00558659217877095	0.012345679012345678	0.0189873417721519	0.013333333333333334	1.0	0.01935483870967742	0.0	0.0	0.011857707509881422	0.0	0.014388489208633094	0.005988023952095809	0.013392857142857142	0.01675977653631285	0.029288702928870293	0.023076923076923078	0.011049723756906077	0.007334963325183374	0.014598540145985401	0.0	0.028423772609819122	0.009389671361502348	0.003257328990228013	0.0	0.01875	0.0	0.0189873417721519
id	0.0	0.0	0.003745318352059925	0.0	0.017123287671232876	0.018867924528301886	0.0	0.005652911249293386	0.015873015873015872	0.0125	0.015306122448979591	0.013333333333333334	0.01935483870967742	1.0	0.005847953216374269	0.007168458781362007	0.012195121951219513	0.0049504950495049506	0.0	0.008264462809917356	0.006644518272425249	0.0038910505836575876	0.009404388714733543	0.002932551319648094	0.0	0.010351966873706004	0.0	0.0	0.017167381974248927	0.010416666666666666	0.005235602094240838	0.0	0.012711864406779662	0.0	0.019830028328611898
it	0.0	0.0	0.0	0.0	0.0	0.00303951367781155	0.0	0.0028968713789107765	0.0	0.0	0.005747126436781609	0.00558659217877095	0.0	0.005847953216374269	1.0	0.004310344827586207	0.014285714285714285	0.0	0.0	0.0	0.0	0.0	0.003663003663003663	0.010309278350515464	0.0	0.002277904328018223	0.0	0.0	0.0070921985815602835	0.008298755186721992	0.009009009009009009	0.006289308176100629	0.005263157894736842	0.0	0.009009009009009009
ja	0.0	0.0	0.0	0.0	0.01639344262295082	0.007547169811320755	0.0	0.0018018018018018018	0.0	0.00267379679144385	0.014134275618374558	0.02631578947368421	0.0	0.007168458781362007	0.004310344827586207	1.0	0.004545454545454545	0.0	0.0	0.0	0.0	0.0	0.004761904761904762	0.01762114537444934	0.0136986301369863	0.0026595744680851063	0.0	0.0	0.022535211267605635	0.011235955056179775	0.011111111111111112	0.0	0.007874015748031496	0.0	0.01839464882943144
ko	0.0	0.0	0.004830917874396135	0.0	0.00423728813559322	0.009523809523809525	0.0	0.0023323615160349854	0.0	0.0047169811320754715	0.002967359050445104	0.0	0.011857707509881422	0.012195121951219513	0.014285714285714285	0.004545454545454545	1.0	0.0	0.00641025641025641	0.01098901098901099	0.008298755186721992	0.01020408163265306	0.011583011583011582	0.014388489208633094	0.0	0.004694835680751174	0.0	0.0	0.019704433497536946	0.004347826086956522	0.0030959752321981426	0.0	0.017045454545454544	0.0	0.023255813953488372
lv	0.0	0.0	0.0	0.0	0.0	0.0	0.0	0.0	0.0	0.0	0.00966183574879227	0.0	0.0	0.0049504950495049506	0.0	0.0	0.0	1.0	0.0	0.018518518518518517	0.0	0.0	0.0	0.006578947368421052	0.0	0.0	0.0	0.0	0.010638297872340425	0.0	0.0	0.0	0.0	0.0	0.0018867924528301887
mk	0.0	0.0	0.02197802197802198	0.0	0.025210084033613446	0.0049504950495049506	0.0	0.0012484394506866417	0.0	0.0	0.013636363636363636	0.0	0.014388489208633094	0.0	0.0	0.0	0.00641025641025641	0.0	1.0	0.014705882352941176	0.0	0.012195121951219513	0.013793103448275862	0.0	0.012048192771084338	0.0	0.0	0.0	0.0	0.017543859649122806	0.004807692307692308	0.0	0.0	0.0	0.003683241252302026
ml	0.0	0.0	0.008403361344537815	0.0	0.02054794520547945	0.0	0.018518518518518517	0.0012277470841006752	0.0	0.0	0.008064516129032258	0.0	0.005988023952095809	0.008264462809917356	0.0	0.0	0.01098901098901099	0.018518518518518517	0.014705882352941176	1.0	0.019736842105263157	0.009174311926605505	0.005780346820809248	0.0	0.00909090909090909	0.0029498525073746312	0.0	0.0	0.0	0.014184397163120567	0.0	0.0	0.011111111111111112	0.0	0.005272407732864675
mr	0.0	0.009259259259259259	0.0056179775280898875	0.0	0.014634146341463415	0.003472222222222222	0.0	0.002967359050445104	0.0	0.0025252525252525255	0.00980392156862745	0.03731343283582089	0.013392857142857142	0.006644518272425249	0.0	0.0	0.008298755186721992	0.0	0.0	0.019736842105263157	1.0	0.005952380952380952	0.0	0.00796812749003984	0.011904761904761904	0.010126582278481013	0.008	0.0	0.0158311345646438	0.01	0.003401360544217687	0.0	0.006711409395973154	0.0	0.004777070063694267
nl	0.0	0.0	0.015151515151515152	0.0	0.006172839506172839	0.00411522633744856	0.0	0.003048780487804878	0.0	0.0	0.0038022813688212928	0.0	0.01675977653631285	0.0038910505836575876	0.0	0.0	0.01020408163265306	0.0	0.012195121951219513	0.009174311926605505	0.005952380952380952	1.0	0.0	0.0	0.008064516129032258	0.005681818181818182	0.0	0.0	0.011904761904761904	0.012903225806451613	0.008064516129032258	0.0	0.019417475728155338	0.0	0.006872852233676976
pl	0.0	0.0	0.01020408163265306	0.0	0.027149321266968326	0.023255813953488372	0.007575757575757576	0.004703115814226925	0.010869565217391304	0.012165450121654502	0.006134969325153374	0.006369426751592357	0.029288702928870293	0.009404388714733543	0.003663003663003663	0.004761904761904762	0.011583011583011582	0.0	0.013793103448275862	0.005780346820809248	0.0	0.0	1.0	0.014925373134328358	0.0106951871657754	0.004807692307692308	0.0	0.0	0.020202020202020204	0.0091324200913242	0.00641025641025641	0.0	0.018072289156626505	0.0	0.012461059190031152
pt	0.0	0.0	0.0	0.0	0.012295081967213115	0.018633540372670808	0.0	0.004648460197559558	0.004878048780487805	0.004608294930875576	0.011627906976744186	0.005649717514124294	0.023076923076923078	0.002932551319648094	0.010309278350515464	0.01762114537444934	0.014388489208633094	0.006578947368421052	0.0	0.0	0.00796812749003984	0.0	0.014925373134328358	1.0	0.014563106796116505	0.009216589861751152	0.0	0.0	0.016786570743405275	0.004166666666666667	0.003003003003003003	0.0	0.0106951871657754	0.0	0.0197869101978691
ro	0.0	0.0	0.030534351145038167	0.0	0.0	0.004098360655737705	0.0	0.0018259281801582471	0.00819672131147541	0.014367816091954023	0.019230769230769232	0.010638297872340425	0.011049723756906077	0.0	0.0	0.0136986301369863	0.0	0.0	0.012048192771084338	0.00909090909090909	0.011904761904761904	0.008064516129032258	0.0106951871657754	0.014563106796116505	1.0	0.002824858757062147	0.0	0.0	0.01488095238095238	0.01282051282051282	0.004	0.0	0.0	0.0	0.013816925734024179
ru	0.0	0.0	0.0027548209366391185	0.0	0.010282776349614395	0.014989293361884369	0.0	0.008064516129032258	0.002849002849002849	0.008665511265164644	0.012295081967213115	0.009345794392523364	0.007334963325183374	0.010351966873706004	0.002277904328018223	0.0026595744680851063	0.004694835680751174	0.0	0.0	0.0029498525073746312	0.010126582278481013	0.005681818181818182	0.004807692307692308	0.009216589861751152	0.002824858757062147	1.0	0.006472491909385114	0.0034129692832764505	0.02333931777378815	0.010443864229765013	0.010526315789473684	0.0033003300330033004	0.0	0.0	0.018726591760299626
sh	0.0	0.0	0.011111111111111112	0.0	0.008403361344537815	0.0	0.04	0.00125	0.0	0.0	0.0	0.0	0.014598540145985401	0.0	0.0	0.0	0.0	0.0	0.0	0.0	0.008	0.0	0.0	0.0	0.0	0.006472491909385114	1.0	0.0	0.0	0.017857142857142856	0.0	0.0	0.0	0.0	0.0
si	0.0	0.0	0.0	0.0	0.0	0.00546448087431694	0.0	0.0	0.0	0.0	0.0	0.0	0.0	0.0	0.0	0.0	0.0	0.0	0.0	0.0	0.0	0.0	0.0	0.0	0.0	0.0034129692832764505	0.0	1.0	0.0	0.010416666666666666	0.0	0.0	0.0	0.0	0.0
simple	0.0035087719298245615	0.0	0.02040816326530612	0.0	0.01881720430107527	0.024498886414253896	0.0	0.010863661053775122	0.011976047904191617	0.014285714285714285	0.02564102564102564	0.003236245954692557	0.028423772609819122	0.017167381974248927	0.0070921985815602835	0.022535211267605635	0.019704433497536946	0.010638297872340425	0.0	0.0	0.0158311345646438	0.011904761904761904	0.020202020202020204	0.016786570743405275	0.01488095238095238	0.02333931777378815	0.0	0.0	1.0	0.01634877384196185	0.0064794816414686825	0.0	0.0	0.0	0.03483870967741935
sr	0.00980392156862745	0.0	0.0	0.0	0.020833333333333332	0.02973977695167286	0.0	0.005995203836930456	0.0	0.005221932114882507	0.01020408163265306	0.0	0.009389671361502348	0.010416666666666666	0.008298755186721992	0.011235955056179775	0.004347826086956522	0.0	0.017543859649122806	0.014184397163120567	0.01	0.012903225806451613	0.0091324200913242	0.004166666666666667	0.01282051282051282	0.010443864229765013	0.017857142857142856	0.010416666666666666	0.01634877384196185	1.0	0.010714285714285714	0.0	0.0072992700729927005	0.0	0.016420361247947456
sv	0.0	0.0	0.015625	0.0	0.0	0.005434782608695652	0.0	0.0056785917092561046	0.0	0.004201680672268907	0.007751937984496124	0.0045662100456621	0.003257328990228013	0.005235602094240838	0.009009009009009009	0.011111111111111112	0.0030959752321981426	0.0	0.004807692307692308	0.0	0.003401360544217687	0.008064516129032258	0.00641025641025641	0.003003003003003003	0.004	0.010526315789473684	0.0	0.0	0.0064794816414686825	0.010714285714285714	1.0	0.0	0.013157894736842105	0.0	0.004231311706629055
te	0.0	0.0	0.0	0.0	0.0	0.0	0.0	0.0012554927809165098	0.0	0.0033222591362126247	0.0	0.023255813953488372	0.0	0.0	0.006289308176100629	0.0	0.0	0.0	0.0	0.0	0.0	0.0	0.0	0.0	0.0	0.0033003300330033004	0.0	0.0	0.0	0.0	0.0	1.0	0.0	0.0	0.0
vi	0.02	0.0	0.008771929824561403	0.0	0.02857142857142857	0.008968609865470852	0.0	0.0006153846153846154	0.0	0.0030120481927710845	0.012396694214876033	0.013513513513513514	0.01875	0.012711864406779662	0.005263157894736842	0.007874015748031496	0.017045454545454544	0.0	0.0	0.011111111111111112	0.006711409395973154	0.019417475728155338	0.018072289156626505	0.0106951871657754	0.0	0.0	0.0	0.0	0.0	0.0072992700729927005	0.013157894736842105	0.0	1.0	0.0	0.005319148936170213
war	0.0	0.0	0.0	0.0	0.0	0.0	0.0	0.0	0.0	0.0034482758620689655	0.0049504950495049506	0.0	0.0	0.0	0.0	0.0	0.0	0.0	0.0	0.0	0.0	0.0	0.0	0.0	0.0	0.0	0.0	0.0	0.0	0.0	0.0	0.0	0.0	1.0	0.0
zh	0.0018832391713747645	0.0	0.008460236886632826	0.0	0.011326860841423949	0.02318840579710145	0.0	0.01395572666025024	0.003436426116838488	0.02648171500630517	0.025423728813559324	0.01090909090909091	0.0189873417721519	0.019830028328611898	0.009009009009009009	0.01839464882943144	0.023255813953488372	0.0018867924528301887	0.003683241252302026	0.005272407732864675	0.004777070063694267	0.006872852233676976	0.012461059190031152	0.0197869101978691	0.013816925734024179	0.018726591760299626	0.0	0.0	0.03483870967741935	0.016420361247947456	0.004231311706629055	0.0	0.005319148936170213	0.0	1.0
