arz	bs	ceb	ckb	da	de	el	en	es	fr	he	hi	hu	id	it	ja	ko	lv	mk	ml	mr	nl	pl	pt	ro	ru	sh	si	simple	sr	sv	te	tr	vi	war	zh
arz	1.0	1.0	0.868315261639591	1.0	1.0	1.0	1.0	1.0	1.0	1.0	1.0	1.0	1.0	1.0	0.5660160774121898	1.0	1.0	1.0	1.0	1.0	1.0	1.0	1.0	1.0	1.0	1.0	1.0	1.0	1.0	1.0	1.0	0.0	1.0	1.0	1.0	1.0
bs	1.0	1.0	0.7608478519133032	1.0	1.0	1.0	1.0	0.4805954866802148	1.0	1.0	1.0	1.0	1.0	1.0	0.6987958953943715	1.0	1.0	1.0	1.0	1.0	1.0	1.0	1.0	1.0	1.0	1.0	1.0	0.8969913004047578	1.0	1.0	1.0	0.0	0.257113306412369	1.0	0.4193097408590961	1.0
ceb	0.868315261639591	0.7608478519133032	1.0	0.7960284398872572	0.7400594735248118	0.7040982998796166	0.7932838061678095	0.6253080105127858	0.6475325858587654	0.6340376227945055	0.795864200524744	0.7970951647657761	0.4336340385277117	0.7067278672212806	0.7739621783496579	0.7932838061678095	0.7932838061678095	0.5493922731549061	0.7960284398872572	0.7960284398872572	0.7960284398872572	0.7631852691192081	0.7398754534975615	0.3401606755648229	0.7390599969124644	0.7932838061678097	0.33001444790770185	0.8683183660232351	0.7647904853439136	0.795864200524744	0.6678751337713333	0.8097998336533688	-1.0	0.6628211994672081	0.4187340818083167	0.2456153275595484
ckb	1.0	1.0	0.7960284398872572	1.0	0.7690990303325336	0.4695960115558277	1.0	0.4780885305500072	1.0	1.0	1.0	0.0	1.0	1.0	0.42542612319071343	1.0	1.0	1.0	1.0	0.0	1.0	0.7863954451402115	1.0	1.0	1.0	1.0	1.0	1.0	1.0	1.0	1.0	0.0	0.7863954451402115	1.0	0.42137531720446353	1.0
da	1.0	1.0	0.7400594735248118	0.7690990303325336	1.0	0.375616405267777	0.6841174893561723	0.24504371116855578	0.6928997443627297	0.4693226017623719	0.5788907434914159	1.0	0.7455134344225701	0.5514316492964955	0.31975479930778883	0.6964150026889473	0.6908587525207898	1.0	0.534966482510901	1.0	1.0	0.43780419631813583	0.7004462574133484	0.45964844956763606	0.5191321494645963	0.44589384530512216	0.7703745118209504	0.8530957936956052	0.5875312393961631	1.0	0.48313510067737414	0.0	0.2590439387957159	0.7584325078215763	0.4184928263220385	0.6964150026889473
de	1.0	1.0	0.7040982998796166	0.4695960115558277	0.375616405267777	1.0	0.3857368684377282	0.17970987827793924	0.3205101172774308	0.21444206583834027	0.4053700319872855	0.7455134344225701	0.43057315444211447	0.3543419810580071	0.233312059777343	0.31260129791589053	0.38188625163878104	1.0	0.3537063568850503	1.0	1.0	0.2685945529512804	0.296679057182749	0.3619765489062434	0.38546693685367456	0.2624604408381279	0.3451964829503988	0.8329434614685781	0.49331454771999206	0.5490104195333285	0.33065560071319994	0.0	0.24293329559489218	0.4076738337198827	0.4181616236475865	0.31861558168674914
el	1.0	1.0	0.7932838061678095	1.0	0.6841174893561723	0.3857368684377282	1.0	0.23653038795110107	1.0	0.628370303282547	1.0	1.0	1.0	0.6110569957520272	0.2886962754566008	1.0	1.0	1.0	1.0	1.0	1.0	0.4056689206600855	1.0	1.0	0.7322034805959263	1.0	0.7173869854085879	1.0	0.5477634005405093	1.0	0.5787708180875706	0.0	0.7106922308883379	1.0	0.42137531720446353	1.0
en	1.0	0.4805954866802148	0.6253080105127858	0.4780885305500072	0.24504371116855578	0.17970987827793924	0.23653038795110107	1.0	0.2511704196643072	0.21514508637509977	0.4282503221463482	0.5207880756654887	0.3854144296454991	0.2291936490727647	0.18638580331767116	0.26775330148934645	0.33183139862227834	0.44815289749679565	0.29050962770071787	1.0	1.0	0.24963437565218266	0.23385913348562393	0.2598333321291834	0.31047198301363166	0.24886064779122538	0.3046201903514497	0.7302718228825044	0.4124444447538601	0.42380348276648877	0.20394163726234185	1.0	0.24644125233864733	0.31383017306521416	0.40001878676517744	0.2665994235612429
es	1.0	1.0	0.6475325858587654	1.0	0.6928997443627297	0.3205101172774308	1.0	0.2511704196643072	1.0	0.3695242496071632	1.0	1.0	0.5372629133330595	0.382200944214274	0.2270271740456255	0.5644053808147855	1.0	1.0	1.0	1.0	1.0	0.3238605362962373	0.5446398388363575	0.7141080454298698	0.6144532717435797	0.5917196795904757	0.4749814647422968	0.7705156504481523	0.48852840440060175	1.0	0.428134185416566	0.0	0.23395133614514824	1.0	0.40280041150585544	0.5967739643846041
fr	1.0	1.0	0.6340376227945055	1.0	0.4693226017623719	0.21444206583834027	0.628370303282547	0.21514508637509977	0.3695242496071632	1.0	1.0	1.0	0.49330908792772565	0.32590639959684076	0.2017680879231453	0.3075366261734016	0.5392618495789313	0.7411828468492556	0.5088232438238621	1.0	1.0	0.25488483056932176	0.3597636017202574	0.3735117081987108	0.5707612888713798	0.1938407845781575	0.428501909996635	0.7308002670031892	0.384230492374282	0.7347168825662657	0.3513348073380498	0.0	0.2237896959775247	1.0	0.40192764514100376	0.3114960834519607
he	1.0	1.0	0.795864200524744	1.0	0.5788907434914159	0.4053700319872855	1.0	0.4282503221463482	1.0	1.0	1.0	1.0	1.0	0.7376607345031152	0.42195116927216975	1.0	1.0	1.0	1.0	1.0	1.0	0.7188528768319351	0.7376607345031153	1.0	1.0	1.0	0.7510341748895937	1.0	1.0	1.0	1.0	0.0	0.6994017365373274	1.0	0.42137531720446353	1.0
hi	1.0	1.0	0.7970951647657761	0.0	1.0	0.7455134344225701	1.0	0.5207880756654887	1.0	1.0	1.0	1.0	0.7584325078215763	0.7130366778869269	0.6077793958257647	1.0	1.0	1.0	1.0	1.0	1.0	0.7584325078215765	0.7510341748895938	1.0	1.0	1.0	1.0	1.0	1.0	1.0	1.0	1.0	0.6994017365373274	1.0	0.42192412119444817	1.0
hu	1.0	1.0	0.4336340385277117	1.0	0.7455134344225701	0.43057315444211447	1.0	0.3854144296454991	0.5372629133330595	0.49330908792772565	1.0	0.7584325078215763	1.0	0.7347168825662656	0.32778485960730075	0.5311328932873984	0.7300208629885034	1.0	0.5706184609412531	1.0	1.0	0.29326432037348066	0.6667969795412325	0.5819274293967763	0.7411828468492556	0.5218408689234295	0.7411828468492556	0.5609332172736105	1.0	1.0	0.5232517731899373	0.0	0.7510341748895938	1.0	0.3606325460390075	0.5340299166199377
id	1.0	1.0	0.7067278672212806	1.0	0.5514316492964955	0.3543419810580071	0.6110569957520272	0.2291936490727647	0.382200944214274	0.32590639959684076	0.7376607345031152	0.7130366778869269	0.7347168825662656	1.0	0.29251338755740375	0.5220785967721326	0.616531178706057	1.0	0.5922033024827085	1.0	1.0	0.4287748080807922	0.474254452593243	0.5780965534243105	0.5973329889831545	0.5193333191370222	0.5485832517560879	0.789602983872823	0.4861185621512435	1.0	0.5945253910676754	1.0	0.38582027141675906	0.6391906500312812	0.41694286529173874	0.5740156597268594
it	0.5660160774121898	0.6987958953943715	0.7739621783496579	0.42542612319071343	0.31975479930778883	0.233312059777343	0.2886962754566008	0.18638580331767116	0.2270271740456255	0.2017680879231453	0.42195116927216975	0.6077793958257647	0.32778485960730075	0.29251338755740375	1.0	0.23360577955527065	0.27874595616419046	0.6365369636164233	0.2743483406985034	0.7495060196705011	1.0	0.2525058837875833	0.24341202698604902	0.21466512774557484	0.3571377748088006	0.21932327350608546	0.25856900976319036	0.9120301906280714	0.35741868682241723	0.6296338638408586	0.28382115318542017	0.0	0.25714244812040016	0.40835358999755045	0.42160348373916134	0.2313698409193234
ja	1.0	1.0	0.7932838061678095	1.0	0.6964150026889473	0.31260129791589053	1.0	0.26775330148934645	0.5644053808147855	0.3075366261734016	1.0	1.0	0.5311328932873984	0.5220785967721326	0.23360577955527065	1.0	1.0	1.0	1.0	1.0	1.0	0.337799852655442	0.5556156122029273	1.0	0.6144532717435797	1.0	0.44536767105884256	1.0	0.48852840440060175	1.0	0.4429495835821579	1.0	0.4797894832051865	1.0	0.42137531720446353	1.0
ko	1.0	1.0	0.7932838061678095	1.0	0.6908587525207898	0.38188625163878104	1.0	0.33183139862227834	1.0	0.5392618495789313	1.0	1.0	0.7300208629885034	0.616531178706057	0.27874595616419046	1.0	1.0	1.0	1.0	1.0	1.0	0.4744723172523404	0.653200231972572	1.0	1.0	1.0	0.6223041007404059	1.0	1.0	1.0	0.6030419283415577	0.0	0.3548312033950263	1.0	0.42137531720446353	1.0
lv	1.0	1.0	0.5493922731549061	1.0	1.0	1.0	1.0	0.44815289749679565	1.0	0.7411828468492556	1.0	1.0	1.0	1.0	0.6365369636164233	1.0	1.0	1.0	1.0	1.0	1.0	1.0	1.0	1.0	1.0	1.0	1.0	0.663801546468106	1.0	1.0	1.0	0.0	0.6395215194884023	1.0	0.38961497958125924	1.0
mk	1.0	1.0	0.7960284398872572	1.0	0.534966482510901	0.3537063568850503	1.0	0.29050962770071787	1.0	0.5088232438238621	1.0	1.0	0.5706184609412531	0.5922033024827085	0.2743483406985034	1.0	1.0	1.0	1.0	1.0	1.0	0.3599834831428151	0.5823157937033148	1.0	1.0	1.0	0.5655725354722921	1.0	0.5402079089032552	1.0	0.6221982196391784	0.0	1.0	1.0	0.42137531720446353	1.0
ml	1.0	1.0	0.7960284398872572	0.0	1.0	1.0	1.0	1.0	1.0	1.0	1.0	1.0	1.0	1.0	0.7495060196705011	1.0	1.0	1.0	1.0	1.0	0.0	1.0	0.7863954451402115	1.0	1.0	1.0	1.0	1.0	1.0	1.0	1.0	0.0	0.363033293287408	1.0	0.42137531720446353	1.0
mr	1.0	1.0	0.7960284398872572	1.0	1.0	1.0	1.0	1.0	1.0	1.0	1.0	1.0	1.0	1.0	1.0	1.0	1.0	1.0	1.0	0.0	1.0	1.0	1.0	1.0	1.0	1.0	1.0	1.0	1.0	1.0	1.0	1.0	1.0	0.0	0.42137531720446353	1.0
nl	1.0	1.0	0.7631852691192081	0.7863954451402115	0.43780419631813583	0.2685945529512804	0.4056689206600855	0.24963437565218266	0.3238605362962373	0.25488483056932176	0.7188528768319351	0.7584325078215765	0.29326432037348066	0.4287748080807922	0.2525058837875833	0.337799852655442	0.4744723172523404	1.0	0.3599834831428151	1.0	1.0	1.0	0.34017558481877974	0.3950673345364837	0.6499454401543354	0.2911853258866198	0.4464479103977238	0.9122443920623825	0.40443718328882183	0.6841174893561722	0.36460113015039686	0.0	0.2664829912822697	0.6908587525207898	0.4210448014422086	0.26150501132025245
pl	1.0	1.0	0.7398754534975615	1.0	0.7004462574133484	0.296679057182749	1.0	0.23385913348562393	0.5446398388363575	0.3597636017202574	0.7376607345031153	0.7510341748895938	0.6667969795412325	0.474254452593243	0.24341202698604902	0.5556156122029273	0.653200231972572	1.0	0.5823157937033148	0.7863954451402115	1.0	0.34017558481877974	1.0	0.5866241954474569	0.7322034805959263	0.5505854873933674	0.46264137028130853	0.8474942476824382	0.570698543259672	1.0	0.48912136222129504	0.0	0.23402198718022194	1.0	0.41592300203227056	0.5823157937033148
pt	1.0	1.0	0.3401606755648229	1.0	0.45964844956763606	0.3619765489062434	1.0	0.2598333321291834	0.7141080454298698	0.3735117081987108	1.0	1.0	0.5819274293967763	0.5780965534243105	0.21466512774557484	1.0	1.0	1.0	1.0	1.0	1.0	0.3950673345364837	0.5866241954474569	1.0	0.6144532717435797	1.0	0.531883562609063	0.38055724262234575	0.5339709454689523	1.0	0.5317918231074293	0.0	0.25042302136532757	1.0	0.29914379491982235	1.0
ro	1.0	1.0	0.7390599969124644	1.0	0.5191321494645963	0.38546693685367456	0.7322034805959263	0.31047198301363166	0.6144532717435797	0.5707612888713798	1.0	1.0	0.7411828468492556	0.5973329889831545	0.3571377748088006	0.6144532717435797	1.0	1.0	1.0	1.0	1.0	0.6499454401543354	0.7322034805959263	0.6144532717435797	1.0	0.612612409469375	0.8055567530094857	0.8753631329367503	0.507466305146643	1.0	0.5242064071533017	0.0	0.7106922308883378	1.0	0.41583431438713364	0.616531178706057
ru	1.0	1.0	0.7932838061678097	1.0	0.44589384530512216	0.2624604408381279	1.0	0.24886064779122538	0.5917196795904757	0.1938407845781575	1.0	1.0	0.5218408689234295	0.5193333191370222	0.21932327350608546	1.0	1.0	1.0	1.0	1.0	1.0	0.2911853258866198	0.5505854873933674	1.0	0.612612409469375	1.0	0.4485280942885953	1.0	0.48852840440060175	1.0	0.458179229115614	1.0	0.26032829691115345	1.0	0.42137531720446353	1.0
sh	1.0	1.0	0.33001444790770185	1.0	0.7703745118209504	0.3451964829503988	0.7173869854085879	0.3046201903514497	0.4749814647422968	0.428501909996635	0.7510341748895937	1.0	0.7411828468492556	0.5485832517560879	0.25856900976319036	0.44536767105884256	0.6223041007404059	1.0	0.5655725354722921	1.0	1.0	0.4464479103977238	0.46264137028130853	0.531883562609063	0.8055567530094857	0.4485280942885953	1.0	0.3552262849092711	0.6159304455225215	0.5598704182750972	0.38084359442074284	0.0	0.5735314034897658	0.6908587525207898	0.2876229518620994	0.44536767105884256
si	1.0	0.8969913004047578	0.8683183660232351	1.0	0.8530957936956052	0.8329434614685781	1.0	0.7302718228825044	0.7705156504481523	0.7308002670031892	1.0	1.0	0.5609332172736105	0.789602983872823	0.9120301906280714	1.0	1.0	0.663801546468106	1.0	1.0	1.0	0.9122443920623825	0.8474942476824382	0.38055724262234575	0.8753631329367503	1.0	0.3552262849092711	1.0	0.9037406225204161	1.0	0.8014792506243729	1.0	1.0	0.7865103482730259	0.7111374370280844	0.2253538828518226
simple	1.0	1.0	0.7647904853439136	1.0	0.5875312393961631	0.49331454771999206	0.5477634005405093	0.4124444447538601	0.48852840440060175	0.384230492374282	1.0	1.0	1.0	0.4861185621512435	0.35741868682241723	0.48852840440060175	1.0	1.0	0.5402079089032552	1.0	1.0	0.40443718328882183	0.570698543259672	0.5339709454689523	0.507466305146643	0.48852840440060175	0.6159304455225215	0.9037406225204161	1.0	0.7455134344225701	0.47165923349509353	0.0	0.2812814579023996	1.0	0.4185466403134772	0.5112555752262968
sr	1.0	1.0	0.795864200524744	1.0	1.0	0.5490104195333285	1.0	0.42380348276648877	1.0	0.7347168825662657	1.0	1.0	1.0	1.0	0.6296338638408586	1.0	1.0	1.0	1.0	1.0	1.0	0.6841174893561722	1.0	1.0	1.0	1.0	0.5598704182750972	1.0	0.7455134344225701	1.0	0.6223041007404059	0.0	0.6786291688147437	1.0	0.42137531720446353	1.0
sv	1.0	1.0	0.6678751337713333	1.0	0.48313510067737414	0.33065560071319994	0.5787708180875706	0.20394163726234185	0.428134185416566	0.3513348073380498	1.0	1.0	0.5232517731899373	0.5945253910676754	0.28382115318542017	0.4429495835821579	0.6030419283415577	1.0	0.6221982196391784	1.0	1.0	0.36460113015039686	0.48912136222129504	0.5317918231074293	0.5242064071533017	0.458179229115614	0.38084359442074284	0.8014792506243729	0.47165923349509353	0.6223041007404059	1.0	1.0	0.4371174617679823	0.6223041007404059	0.410038206684464	0.4461474000288698
te	0.0	0.0	0.8097998336533688	0.0	0.0	0.0	0.0	1.0	0.0	0.0	0.0	1.0	0.0	1.0	0.0	1.0	0.0	0.0	0.0	0.0	1.0	0.0	0.0	0.0	0.0	1.0	0.0	1.0	0.0	0.0	1.0	1.0	0.7106922308883379	0.0	0.4504757273424307	0.0
tr	1.0	0.257113306412369	-1.0	0.7863954451402115	0.2590439387957159	0.24293329559489218	0.7106922308883379	0.24644125233864733	0.23395133614514824	0.2237896959775247	0.6994017365373274	0.6994017365373274	0.7510341748895938	0.38582027141675906	0.25714244812040016	0.4797894832051865	0.3548312033950263	0.6395215194884023	1.0	0.363033293287408	1.0	0.2664829912822697	0.23402198718022194	0.25042302136532757	0.7106922308883378	0.26032829691115345	0.5735314034897658	1.0	0.2812814579023996	0.6786291688147437	0.4371174617679823	0.7106922308883379	1.0	0.30940743620493083	1.0	0.2964174847352194
vi	1.0	1.0	0.6628211994672081	1.0	0.7584325078215763	0.4076738337198827	1.0	0.31383017306521416	1.0	1.0	1.0	1.0	1.0	0.6391906500312812	0.40835358999755045	1.0	1.0	1.0	1.0	1.0	0.0	0.6908587525207898	1.0	1.0	1.0	1.0	0.6908587525207898	0.7865103482730259	1.0	1.0	0.6223041007404059	0.0	0.30940743620493083	1.0	0.4114442010047509	1.0
war	1.0	0.4193097408590961	0.4187340818083167	0.42137531720446353	0.4184928263220385	0.4181616236475865	0.42137531720446353	0.40001878676517744	0.40280041150585544	0.40192764514100376	0.42137531720446353	0.42192412119444817	0.3606325460390075	0.41694286529173874	0.42160348373916134	0.42137531720446353	0.42137531720446353	0.38961497958125924	0.42137531720446353	0.42137531720446353	0.42137531720446353	0.4210448014422086	0.41592300203227056	0.29914379491982235	0.41583431438713364	0.42137531720446353	0.2876229518620994	0.7111374370280844	0.4185466403134772	0.42137531720446353	0.410038206684464	0.4504757273424307	1.0	0.4114442010047509	1.0	0.23569798363041558
zh	1.0	1.0	0.2456153275595484	1.0	0.6964150026889473	0.31861558168674914	1.0	0.2665994235612429	0.5967739643846041	0.3114960834519607	1.0	1.0	0.5340299166199377	0.5740156597268594	0.2313698409193234	1.0	1.0	1.0	1.0	1.0	1.0	0.26150501132025245	0.5823157937033148	1.0	0.616531178706057	1.0	0.44536767105884256	0.2253538828518226	0.5112555752262968	1.0	0.4461474000288698	0.0	0.2964174847352194	1.0	0.23569798363041558	1.0
