arz	bs	ceb	ckb	da	de	el	en	es	fr	he	hi	hu	id	it	ja	ko	lv	mk	ml	mr	nl	pl	pt	ro	ru	sh	si	simple	sr	sv	te	tr	vi	war	zh
arz	1.0	0.585786437626905	0.0	1.0	1.0	1.0	1.0	1.0	1.0	1.0	1.0	1.0	1.0	1.0	1.0	1.0	1.0	1.0	1.0	1.0	1.0	1.0	1.0	1.0	1.0	1.0	1.0	1.0	1.0	1.0	1.0	1.0	0.585786437626905	1.0	1.0	1.0
bs	0.585786437626905	1.0	1.0	0.28989794855663564	0.28989794855663564	0.2945677663979473	0.3483314773547883	0.28172904669025317	0.28989794855663564	0.28989794855663564	0.3483314773547883	0.28989794855663564	0.3483314773547883	0.2915512255800579	0.28989794855663564	0.28989794855663564	0.28989794855663564	0.3483314773547883	0.3483314773547883	0.3483314773547883	0.4364916731037085	0.28172904669025317	0.28989794855663564	0.28989794855663564	0.28172904669025317	0.28989794855663564	0.29268883762519254	1.0	0.3483314773547883	0.28989794855663564	0.28989794855663564	0.585786437626905	0.2864345339439505	0.28989794855663564	0.4364916731037085	0.28989794855663564
ceb	0.0	1.0	1.0	0.0	1.0	1.0	0.0	1.0	1.0	1.0	1.0	1.0	1.0	1.0	1.0	1.0	1.0	1.0	1.0	1.0	0.0	1.0	1.0	1.0	1.0	1.0	1.0	1.0	1.0	1.0	1.0	0.0	-1.0	1.0	1.0	1.0
ckb	1.0	0.28989794855663564	0.0	1.0	0.585786437626905	0.5	1.0	0.5	0.585786437626905	1.0	1.0	1.0	1.0	0.44948974278317805	0.585786437626905	1.0	1.0	1.0	1.0	1.0	1.0	0.44948974278317805	1.0	1.0	0.585786437626905	1.0	0.3090169943749474	1.0	1.0	1.0	1.0	1.0	0.4364916731037085	1.0	1.0	1.0
da	1.0	0.28989794855663564	1.0	0.585786437626905	1.0	0.4142135623730951	1.0	0.4142135623730951	0.44948974278317805	0.44948974278317805	0.44948974278317805	0.585786437626905	1.0	0.5	0.44948974278317805	0.44948974278317805	0.44948974278317805	1.0	1.0	1.0	1.0	0.38742588672279304	0.4142135623730951	0.5	0.585786437626905	0.44948974278317805	0.39564392373896007	1.0	1.0	1.0	1.0	1.0	0.4364916731037085	0.585786437626905	1.0	0.5
de	1.0	0.2945677663979473	1.0	0.5	0.4142135623730951	1.0	0.585786437626905	0.09894831325092432	0.21290885543182675	0.14732056773523425	0.28172904669025317	0.585786437626905	0.38742588672279304	0.3660254037844386	0.1391566182723838	0.20799159651347807	0.3090169943749474	0.585786437626905	0.585786437626905	0.585786437626905	1.0	0.11801131624508678	0.2674788903885893	0.1983555576735248	0.4142135623730951	0.21089672205953397	0.28989794855663564	1.0	0.4142135623730951	0.5	0.25355482027512377	1.0	0.2958163163244893	0.44948974278317805	1.0	0.28172904669025317
el	1.0	0.3483314773547883	0.0	1.0	1.0	0.585786437626905	1.0	0.585786437626905	1.0	1.0	1.0	1.0	1.0	0.44948974278317805	1.0	1.0	1.0	1.0	1.0	1.0	1.0	0.39564392373896007	0.585786437626905	0.585786437626905	0.5	1.0	0.3483314773547883	1.0	1.0	0.585786437626905	1.0	1.0	0.5	1.0	1.0	1.0
en	1.0	0.28172904669025317	1.0	0.5	0.4142135623730951	0.09894831325092432	0.585786437626905	1.0	0.15620789749830466	0.13299282904102766	1.0	0.3266316347104093	0.3660254037844386	0.38742588672279304	0.08824576037717174	0.2025519956555797	0.26968623182294527	0.585786437626905	0.585786437626905	1.0	1.0	0.11562659600676829	0.21822796141133347	0.16413682272157978	0.4142135623730951	0.21239994067041815	0.3090169943749474	1.0	0.4142135623730951	0.3797958971132712	0.2	1.0	0.30216947925196225	0.5	1.0	0.2187841884486319
es	1.0	0.28989794855663564	1.0	0.585786437626905	0.44948974278317805	0.21290885543182675	1.0	0.15620789749830466	1.0	0.2402530733520421	0.585786437626905	1.0	0.585786437626905	0.44948974278317805	0.2	0.36602540378443865	0.44948974278317805	1.0	1.0	1.0	1.0	0.21270481139089367	0.3126480851423008	0.3333333333333333	0.585786437626905	0.3090169943749474	0.39564392373896007	1.0	0.585786437626905	0.4364916731037085	0.2612038749637414	1.0	0.39564392373896007	1.0	1.0	0.4142135623730951
fr	1.0	0.28989794855663564	1.0	1.0	0.44948974278317805	0.14732056773523425	1.0	0.13299282904102766	0.2402530733520421	1.0	0.32449979983983984	1.0	0.40453726661826384	0.29429805508554946	0.10381777819827047	0.252650308587072	0.29429805508554946	1.0	1.0	1.0	1.0	0.1576486389458083	0.2193450929151803	0.20386840968093525	0.5	0.2449655295864104	0.3090169943749474	1.0	0.5	0.4485068563421602	0.28172904669025317	1.0	0.3726822671238253	1.0	1.0	0.2474401533514073
he	1.0	0.3483314773547883	1.0	1.0	0.44948974278317805	0.28172904669025317	1.0	1.0	0.585786437626905	0.32449979983983984	1.0	1.0	0.585786437626905	0.585786437626905	0.3090169943749474	1.0	1.0	1.0	1.0	1.0	1.0	0.4142135623730951	0.44948974278317805	0.38742588672279304	0.5	1.0	0.4364916731037085	1.0	0.585786437626905	0.585786437626905	0.4364916731037085	1.0	0.5	1.0	1.0	1.0
hi	1.0	0.28989794855663564	1.0	1.0	0.585786437626905	0.585786437626905	1.0	0.3266316347104093	1.0	1.0	1.0	1.0	1.0	0.44948974278317805	0.5	1.0	1.0	1.0	1.0	1.0	1.0	0.4142135623730951	1.0	1.0	0.585786437626905	1.0	0.3266316347104093	1.0	0.585786437626905	1.0	0.585786437626905	1.0	0.4364916731037085	1.0	1.0	1.0
hu	1.0	0.3483314773547883	1.0	1.0	1.0	0.38742588672279304	1.0	0.3660254037844386	0.585786437626905	0.40453726661826384	0.585786437626905	1.0	1.0	0.4142135623730951	0.3660254037844386	0.585786437626905	0.585786437626905	1.0	1.0	1.0	1.0	0.4142135623730951	0.4142135623730951	0.5	0.585786437626905	0.585786437626905	0.3483314773547883	1.0	0.585786437626905	0.585786437626905	0.39564392373896007	1.0	0.5	1.0	1.0	0.585786437626905
id	1.0	0.2915512255800579	1.0	0.44948974278317805	0.5	0.3660254037844386	0.44948974278317805	0.38742588672279304	0.44948974278317805	0.29429805508554946	0.585786437626905	0.44948974278317805	0.4142135623730951	1.0	0.2612038749637414	0.38742588672279304	0.4142135623730951	0.5	0.5	0.585786437626905	0.585786437626905	0.3427032721697021	0.27429188517743175	0.27429188517743175	0.3660254037844386	0.4142135623730951	0.29429805508554946	1.0	0.5	0.44948974278317805	0.27429188517743175	1.0	0.3593409891533642	0.44948974278317805	0.585786437626905	0.4142135623730951
it	1.0	0.28989794855663564	1.0	0.585786437626905	0.44948974278317805	0.1391566182723838	1.0	0.08824576037717174	0.2	0.10381777819827047	0.3090169943749474	0.5	0.3660254037844386	0.2612038749637414	1.0	0.19636040545626823	0.24660605559646726	1.0	1.0	1.0	1.0	0.1558223643115561	0.20082658759311636	0.1655219585290672	0.38742588672279304	0.18001097668719743	0.31451985913875646	1.0	0.44948974278317805	0.3597752501562547	0.2240092377397959	1.0	0.2989350844248255	0.585786437626905	1.0	0.14142254470817353
ja	1.0	0.28989794855663564	1.0	1.0	0.44948974278317805	0.20799159651347807	1.0	0.2025519956555797	0.36602540378443865	0.252650308587072	1.0	1.0	0.585786437626905	0.38742588672279304	0.19636040545626823	1.0	1.0	1.0	1.0	1.0	1.0	0.1924840598000365	0.2958163163244893	0.26533119314590375	0.5	1.0	0.3090169943749474	1.0	0.5	0.4364916731037085	0.3430703308172536	1.0	0.3430703308172536	1.0	1.0	1.0
ko	1.0	0.28989794855663564	1.0	1.0	0.44948974278317805	0.3090169943749474	1.0	0.26968623182294527	0.44948974278317805	0.29429805508554946	1.0	1.0	0.585786437626905	0.4142135623730951	0.24660605559646726	1.0	1.0	1.0	1.0	1.0	1.0	0.17912878474779198	0.36602540378443865	0.38742588672279304	0.585786437626905	1.0	0.3090169943749474	1.0	0.5	0.4364916731037085	0.585786437626905	1.0	0.39564392373896007	1.0	1.0	1.0
lv	1.0	0.3483314773547883	1.0	1.0	1.0	0.585786437626905	1.0	0.585786437626905	1.0	1.0	1.0	1.0	1.0	0.5	1.0	1.0	1.0	1.0	1.0	1.0	1.0	0.5	1.0	1.0	0.585786437626905	1.0	0.3483314773547883	1.0	0.585786437626905	1.0	1.0	1.0	0.585786437626905	1.0	1.0	1.0
mk	1.0	0.3483314773547883	1.0	1.0	1.0	0.585786437626905	1.0	0.585786437626905	1.0	1.0	1.0	1.0	1.0	0.5	1.0	1.0	1.0	1.0	1.0	1.0	1.0	0.44948974278317805	1.0	1.0	0.585786437626905	1.0	0.3483314773547883	1.0	0.585786437626905	1.0	1.0	1.0	0.585786437626905	1.0	1.0	1.0
ml	1.0	0.3483314773547883	1.0	1.0	1.0	0.585786437626905	1.0	1.0	1.0	1.0	1.0	1.0	1.0	0.585786437626905	1.0	1.0	1.0	1.0	1.0	1.0	1.0	0.585786437626905	1.0	1.0	0.585786437626905	1.0	0.4364916731037085	1.0	1.0	1.0	1.0	1.0	0.585786437626905	1.0	1.0	1.0
mr	1.0	0.4364916731037085	0.0	1.0	1.0	1.0	1.0	1.0	1.0	1.0	1.0	1.0	1.0	0.585786437626905	1.0	1.0	1.0	1.0	1.0	1.0	1.0	1.0	1.0	1.0	1.0	1.0	1.0	1.0	1.0	1.0	1.0	1.0	0.585786437626905	1.0	1.0	1.0
nl	1.0	0.28172904669025317	1.0	0.44948974278317805	0.38742588672279304	0.11801131624508678	0.39564392373896007	0.11562659600676829	0.21270481139089367	0.1576486389458083	0.4142135623730951	0.4142135623730951	0.4142135623730951	0.3427032721697021	0.1558223643115561	0.1924840598000365	0.17912878474779198	0.5	0.44948974278317805	0.585786437626905	1.0	1.0	0.2553967929896867	0.18235495826717607	0.3333333333333333	0.22901628833426058	0.28989794855663564	0.585786437626905	0.3660254037844386	0.3430703308172536	0.22966848451216434	1.0	0.26968623182294527	0.4142135623730951	0.585786437626905	0.16952084719853724
pl	1.0	0.28989794855663564	1.0	1.0	0.4142135623730951	0.2674788903885893	0.585786437626905	0.21822796141133347	0.3126480851423008	0.2193450929151803	0.44948974278317805	1.0	0.4142135623730951	0.27429188517743175	0.20082658759311636	0.2958163163244893	0.36602540378443865	1.0	1.0	1.0	1.0	0.2553967929896867	1.0	0.2674788903885893	0.5	0.2958163163244893	0.3266316347104093	1.0	0.585786437626905	0.40453726661826384	0.30552726787943424	1.0	0.3483314773547883	0.5	1.0	0.44948974278317805
pt	1.0	0.28989794855663564	1.0	1.0	0.5	0.1983555576735248	0.585786437626905	0.16413682272157978	0.3333333333333333	0.20386840968093525	0.38742588672279304	1.0	0.5	0.27429188517743175	0.1655219585290672	0.26533119314590375	0.38742588672279304	1.0	1.0	1.0	1.0	0.18235495826717607	0.2674788903885893	1.0	0.5	0.2791745113185196	0.3090169943749474	1.0	0.5	0.4364916731037085	0.2466060555964672	1.0	0.3430703308172536	1.0	1.0	0.2791745113185196
ro	1.0	0.28172904669025317	1.0	0.585786437626905	0.585786437626905	0.4142135623730951	0.5	0.4142135623730951	0.585786437626905	0.5	0.5	0.585786437626905	0.585786437626905	0.3660254037844386	0.38742588672279304	0.5	0.585786437626905	0.585786437626905	0.585786437626905	0.585786437626905	1.0	0.3333333333333333	0.5	0.5	1.0	0.5	0.2989350844248255	1.0	0.585786437626905	0.40453726661826384	0.4142135623730951	1.0	0.3333333333333333	0.585786437626905	0.585786437626905	0.5
ru	1.0	0.28989794855663564	1.0	1.0	0.44948974278317805	0.21089672205953397	1.0	0.21239994067041815	0.3090169943749474	0.2449655295864104	1.0	1.0	0.585786437626905	0.4142135623730951	0.18001097668719743	1.0	1.0	1.0	1.0	1.0	1.0	0.22901628833426058	0.2958163163244893	0.2791745113185196	0.5	1.0	0.3266316347104093	1.0	0.585786437626905	0.4364916731037085	0.2742918851774318	1.0	0.36602540378443865	1.0	1.0	1.0
sh	1.0	0.29268883762519254	1.0	0.3090169943749474	0.39564392373896007	0.28989794855663564	0.3483314773547883	0.3090169943749474	0.39564392373896007	0.3090169943749474	0.4364916731037085	0.3266316347104093	0.3483314773547883	0.29429805508554946	0.31451985913875646	0.3090169943749474	0.3090169943749474	0.3483314773547883	0.3483314773547883	0.4364916731037085	1.0	0.28989794855663564	0.3266316347104093	0.3090169943749474	0.2989350844248255	0.3266316347104093	1.0	1.0	0.3266316347104093	0.3266316347104093	0.3090169943749474	1.0	0.2791745113185196	0.3090169943749474	0.4364916731037085	0.3090169943749474
si	1.0	1.0	1.0	1.0	1.0	1.0	1.0	1.0	1.0	1.0	1.0	1.0	1.0	1.0	1.0	1.0	1.0	1.0	1.0	1.0	1.0	0.585786437626905	1.0	1.0	1.0	1.0	1.0	1.0	1.0	1.0	1.0	1.0	1.0	1.0	1.0	1.0
simple	1.0	0.3483314773547883	1.0	1.0	1.0	0.4142135623730951	1.0	0.4142135623730951	0.585786437626905	0.5	0.585786437626905	0.585786437626905	0.585786437626905	0.5	0.44948974278317805	0.5	0.5	0.585786437626905	0.585786437626905	1.0	1.0	0.3660254037844386	0.585786437626905	0.5	0.585786437626905	0.585786437626905	0.3266316347104093	1.0	1.0	0.585786437626905	0.585786437626905	1.0	0.5	1.0	1.0	0.5
sr	1.0	0.28989794855663564	1.0	1.0	1.0	0.5	0.585786437626905	0.3797958971132712	0.4364916731037085	0.4485068563421602	0.585786437626905	1.0	0.585786437626905	0.44948974278317805	0.3597752501562547	0.4364916731037085	0.4364916731037085	1.0	1.0	1.0	1.0	0.3430703308172536	0.40453726661826384	0.4364916731037085	0.40453726661826384	0.4364916731037085	0.3266316347104093	1.0	0.585786437626905	1.0	0.585786437626905	1.0	0.4364916731037085	1.0	1.0	0.4364916731037085
sv	1.0	0.28989794855663564	1.0	1.0	1.0	0.25355482027512377	1.0	0.2	0.2612038749637414	0.28172904669025317	0.4364916731037085	0.585786437626905	0.39564392373896007	0.27429188517743175	0.2240092377397959	0.3430703308172536	0.585786437626905	1.0	1.0	1.0	1.0	0.22966848451216434	0.30552726787943424	0.2466060555964672	0.4142135623730951	0.2742918851774318	0.3090169943749474	1.0	0.585786437626905	0.585786437626905	1.0	1.0	0.3333333333333333	0.353889367864523	1.0	0.3430703308172536
te	1.0	0.585786437626905	0.0	1.0	1.0	1.0	1.0	1.0	1.0	1.0	1.0	1.0	1.0	1.0	1.0	1.0	1.0	1.0	1.0	1.0	1.0	1.0	1.0	1.0	1.0	1.0	1.0	1.0	1.0	1.0	1.0	1.0	0.585786437626905	1.0	1.0	1.0
tr	0.585786437626905	0.2864345339439505	-1.0	0.4364916731037085	0.4364916731037085	0.2958163163244893	0.5	0.30216947925196225	0.39564392373896007	0.3726822671238253	0.5	0.4364916731037085	0.5	0.3593409891533642	0.2989350844248255	0.3430703308172536	0.39564392373896007	0.585786437626905	0.585786437626905	0.585786437626905	0.585786437626905	0.26968623182294527	0.3483314773547883	0.3430703308172536	0.3333333333333333	0.36602540378443865	0.2791745113185196	1.0	0.5	0.4364916731037085	0.3333333333333333	0.585786437626905	1.0	0.4364916731037085	0.585786437626905	0.3430703308172536
vi	1.0	0.28989794855663564	1.0	1.0	0.585786437626905	0.44948974278317805	1.0	0.5	1.0	1.0	1.0	1.0	1.0	0.44948974278317805	0.585786437626905	1.0	1.0	1.0	1.0	1.0	1.0	0.4142135623730951	0.5	1.0	0.585786437626905	1.0	0.3090169943749474	1.0	1.0	1.0	0.353889367864523	1.0	0.4364916731037085	1.0	1.0	1.0
war	1.0	0.4364916731037085	1.0	1.0	1.0	1.0	1.0	1.0	1.0	1.0	1.0	1.0	1.0	0.585786437626905	1.0	1.0	1.0	1.0	1.0	1.0	1.0	0.585786437626905	1.0	1.0	0.585786437626905	1.0	0.4364916731037085	1.0	1.0	1.0	1.0	1.0	0.585786437626905	1.0	1.0	1.0
zh	1.0	0.28989794855663564	1.0	1.0	0.5	0.28172904669025317	1.0	0.2187841884486319	0.4142135623730951	0.2474401533514073	1.0	1.0	0.585786437626905	0.4142135623730951	0.14142254470817353	1.0	1.0	1.0	1.0	1.0	1.0	0.16952084719853724	0.44948974278317805	0.2791745113185196	0.5	1.0	0.3090169943749474	1.0	0.5	0.4364916731037085	0.3430703308172536	1.0	0.3430703308172536	1.0	1.0	1.0
