arz	bs	ceb	ckb	da	de	el	en	es	fr	he	hi	hu	id	it	ja	ko	lv	mk	ml	mr	nl	pl	pt	ro	ru	sh	si	simple	sr	sv	te	vi	war	zh
arz	1.0	0.0	0.0	0.0	0.0	0.0	0.0	3.510977069808757e-06	0.0	2.002803925495694e-05	0.0	0.0	0.0	0.0	0.0	0.0	0.0	0.0	0.0	0.0	0.0	0.0	0.0	0.0	0.0	0.0	0.0	0.0	0.0	0.0	0.0	0.0	0.0	0.0	3.5752592062924565e-05
bs	0.0	1.0	0.0	0.0	0.000547945205479452	0.0	0.0010145417653026716	2.101686603499308e-05	0.00024829298572315333	7.905763301446754e-05	0.00029717682020802375	0.0029940119760479044	0.0007380073800738007	0.0013559322033898306	0.0001351328524855999	0.0002827454584010744	0.00027393507738665936	0.0	0.0019166267369429804	0.0006901311249137336	0.0009737098344693282	0.0	6.674676278200507e-05	0.00023380874444704232	0.0010050251256281408	0.00019061481943578014	0.0013717421124828531	0.0033783783783783786	0.0002767783005812344	0.0002231644722160232	0.0002455675065075389	0.0	0.0002244668911335578	0.0	0.0002095411049800936
ceb	0.0	0.0	1.0	0.0	0.0	0.0	0.0	0.0	0.0	0.0	0.00016597510373443983	0.0	0.0004987531172069825	0.0	0.0	0.0	0.0	0.0	0.0	0.0	0.0	0.0	0.0	0.0	0.0	0.0	0.0	0.0	0.0	0.0	0.0	0.0	0.0	0.0	0.0
ckb	0.0	0.0	0.0	1.0	0.0	0.0	0.00043782837127845885	3.5110510331267664e-06	6.477522995206633e-05	0.0	0.00033030553261767135	0.0	0.0	0.0	0.0	3.619778469557663e-05	0.0	0.0	0.0	0.0	0.0	0.0	6.989585517578807e-05	0.0	0.0	1.753063478428554e-05	0.0	0.0	0.0	0.0	5.0787201625190454e-05	0.0	0.00026455026455026457	0.0	0.0
da	0.0	0.000547945205479452	0.0	0.0	1.0	0.00017441353449027645	0.000594883997620464	3.4979099987757316e-05	0.00030279173984133713	0.0001568750490234528	0.0007011639321273314	0.0007280669821623589	0.00032102728731942215	0.0002978850163836759	0.0002013389037096693	0.0004530721778831074	0.0007791195948578107	0.0006146281499692685	0.002008032128514056	0.0010799136069114472	0.0	0.00011852554225435582	0.0	0.00021073927337098542	0.0004175365344467641	0.00015486801803352032	0.0009033423667570009	0.0007727975270479134	0.0007471980074719801	0.0004095004095004095	0.0004816955684007707	0.0	0.0004116920543433512	0.0	0.0003788792064202804
de	0.0	0.0	0.0	0.0	0.00017441353449027645	1.0	0.00029087886972782047	0.0006266093580191311	0.0011025951324458788	0.0010469450144478412	0.00021553272505208708	0.00017055387370485653	0.0002519103199261063	0.000166237220513673	0.001271519216145801	0.0009723291334116598	0.0004929403894229076	0.0	8.620318089737511e-05	4.432427640618767e-05	0.0	0.000308885609362666	0.0007763329359248066	0.0012484394506866417	0.00017316017316017316	0.0010539950220957992	8.322929671244278e-05	0.0	0.00028318297665763176	0.0002344849148038143	0.000868683943825105	0.0	0.00023472341757295988	0.0	0.0010261362950443652
el	0.0	0.0010145417653026716	0.0	0.00043782837127845885	0.000594883997620464	0.00029087886972782047	1.0	9.407599947038697e-05	0.0005101173269852066	0.0001918354818907305	0.0009682885499878964	0.001805985552115583	0.001177856301531213	0.00089126559714795	0.0002469867615095831	0.0008385041086701325	0.000905694554511491	0.0007246376811594203	0.0013796909492273732	0.0010050251256281408	0.0	0.0005226298735235706	0.00018162005085361425	0.00041172595520421606	0.0014184397163120568	0.0003038538800452405	0.0004488330341113106	0.00041186161449752884	0.001165954139137194	0.0008312551953449709	0.000685275709260359	0.0008453085376162299	0.000667779632721202	0.0	0.0006631739505272233
en	3.510977069808757e-06	2.101686603499308e-05	0.0	3.5110510331267664e-06	3.4979099987757316e-05	0.0006266093580191311	9.407599947038697e-05	1.0	0.0005132837159074622	0.0013104709018612875	0.0002166899407714162	6.634194032717052e-05	0.0001011326860841424	9.059328146287244e-05	0.0016866063612489058	0.0009966032173300006	0.0002506016155221954	2.1031452537269487e-05	6.640083035985755e-05	5.253866845998655e-05	1.0522845096704947e-05	0.00024312404120096427	0.00044493658817271566	0.0013245073165421286	7.691258884278018e-05	0.001749753070860603	6.969393906658907e-05	0.0	0.00011124591953443583	0.00018371011237512913	0.0007461999684426445	1.0530158373581938e-05	0.0001698581511113576	0.0	0.0010243638540409553
es	0.0	0.00024829298572315333	0.0	6.477522995206633e-05	0.00030279173984133713	0.0011025951324458788	0.0005101173269852066	0.0005132837159074622	1.0	0.0008737640836974017	0.000513706626815486	0.00017611835153222966	0.0004023682244065069	0.0002834306445212856	0.0013142919082976532	0.0012808868394699458	0.0006369136981938948	6.283380458686774e-05	0.00029800929789009417	0.00018588512299398972	6.361727845282778e-05	0.0003961790729409693	0.0005394652550659159	0.0014433758777833638	5.9941257567583765e-05	0.0011752343555567846	0.00022716946842344388	6.417661404184315e-05	0.0003278688524590164	0.0002608378110490897	0.0013710368466152527	0.0	0.0004179728317659352	0.0	0.0011783461565120954
fr	2.002803925495694e-05	7.905763301446754e-05	0.0	0.0	0.0001568750490234528	0.0010469450144478412	0.0001918354818907305	0.0013104709018612875	0.0008737640836974017	1.0	0.0006263982102908277	0.00013588011491575433	0.0003084396807649304	0.00030700744493053955	0.002061684109315484	0.0017972356188826108	0.0008150970142641978	5.9524990575209825e-05	0.00025362884345247387	0.00011852554225435582	1.9918334827208444e-05	0.0005946342999055581	0.0007642874968804592	0.002280846100169762	0.00011726995543741693	0.001883856939341681	0.0003264146233751272	0.0	0.0003221222169587873	0.0003728560775540641	0.0015698134946352704	3.999520057593089e-05	0.00041035589047228233	0.0	0.0019054976181279773
he	0.0	0.00029717682020802375	0.00016597510373443983	0.00033030553261767135	0.0007011639321273314	0.00021553272505208708	0.0009682885499878964	0.0002166899407714162	0.000513706626815486	0.0006263982102908277	1.0	0.0009152719665271967	0.0006236746912810278	0.0003631521607553565	0.0008221388018490367	0.0013107721639656815	0.0012701436850043662	0.0	0.0005407597674733	0.0004439840165754033	0.00015780337699226762	0.0009000900090009	0.000641025641025641	0.0012619020305150855	0.0005480953685941354	0.0009528498149883276	0.0004862630683199611	0.00016129032258064516	0.0013464991023339318	0.0011246293834986198	0.0011307365383865558	0.00016289297931259162	0.0006147540983606558	0.0	0.001593108331366533
hi	0.0	0.0029940119760479044	0.0	0.0	0.0007280669821623589	0.00017055387370485653	0.001805985552115583	6.634194032717052e-05	0.00017611835153222966	0.00013588011491575433	0.0009152719665271967	1.0	0.0008259911894273128	0.0007743933918430562	0.000249513448774889	0.00044502259345474465	0.000608198515995621	0.00046598322460391424	0.00033189512114171923	0.0008435259384226065	0.001026167265264238	0.00022333891680625348	0.00012575452716297788	0.0003335765662462212	0.0010302197802197802	0.0002729164534506874	0.00078125	0.0005515719801434088	0.002208968411751712	0.0007406035919274209	0.0005169658802519034	0.0005707762557077625	0.0009304056568663938	0.0	0.0007108523458127412
hu	0.0	0.0007380073800738007	0.0004987531172069825	0.0	0.00032102728731942215	0.0002519103199261063	0.001177856301531213	0.0001011326860841424	0.0004023682244065069	0.0003084396807649304	0.0006236746912810278	0.0008259911894273128	1.0	0.0007073803348266918	0.000347233704818281	0.0005409791723018664	0.0005822077317186772	0.0007961783439490446	0.0011844832691738228	0.0010960906101571063	0.0012958963282937365	0.00021454623471358077	0.0001843884449907806	0.0005587632706276774	0.0006097560975609756	0.00032208848957450414	0.0009510223490252021	0.0	0.0014294465999591588	0.0005200208008320333	0.0008781254332855756	0.00047192071731949034	0.000870928409684724	0.0	0.0009029194395211183
id	0.0	0.0013559322033898306	0.0	0.0	0.0002978850163836759	0.000166237220513673	0.00089126559714795	9.059328146287244e-05	0.0002834306445212856	0.00030700744493053955	0.0003631521607553565	0.0007743933918430562	0.0007073803348266918	1.0	0.00032937533966831905	0.0006708257865432347	0.0010197144799456153	0.0018175209014903672	0.0011052777010223818	0.0	0.001564945226917058	0.00020911752404851526	0.00024226273393495245	0.0005147740142077627	0.0011363636363636363	0.0003545500590916765	0.0015748031496062992	0.00041288191577208916	0.00038880248833592535	0.0006655574043261231	0.0008226691042047532	0.0	0.0003341129301703976	0.0	0.0008292699107705576
it	0.0	0.0001351328524855999	0.0	0.0	0.0002013389037096693	0.001271519216145801	0.0002469867615095831	0.0016866063612489058	0.0013142919082976532	0.002061684109315484	0.0008221388018490367	0.000249513448774889	0.000347233704818281	0.00032937533966831905	1.0	0.0019669459962756053	0.0009380430269572037	0.0001525372021287414	0.00020044766645508302	8.44138303619665e-05	6.801448708574926e-05	0.0008362983912660037	0.0010317078203452782	0.0030710650185603308	0.00015057721264848586	0.002525712797812785	0.0002471495419495156	0.0	0.0003095369978169496	0.00048201288581114734	0.0018202561177269871	1.7060188344479325e-05	0.00045005223820622037	0.0	0.002284587730488229
ja	0.0	0.0002827454584010744	0.0	3.619778469557663e-05	0.0004530721778831074	0.0009723291334116598	0.0008385041086701325	0.0009966032173300006	0.0012808868394699458	0.0017972356188826108	0.0013107721639656815	0.00044502259345474465	0.0005409791723018664	0.0006708257865432347	0.0019669459962756053	1.0	0.0014355188375227046	0.0002847380410022779	0.0005180273518441774	0.0002471489602090174	0.00010750761512273786	0.0008886850328240117	0.0010282161645145864	0.0027667019285539914	0.000346476335666274	0.002488475986206733	0.0003356831151393085	7.202275919190464e-05	0.0008533543389786005	0.0008297166198621394	0.0025463650638713237	0.0	0.0007025611547550616	0.0	0.0037241927902520156
ko	0.0	0.00027393507738665936	0.0	0.0	0.0007791195948578107	0.0004929403894229076	0.000905694554511491	0.0002506016155221954	0.0006369136981938948	0.0008150970142641978	0.0012701436850043662	0.000608198515995621	0.0005822077317186772	0.0010197144799456153	0.0009380430269572037	0.0014355188375227046	1.0	0.0002815711671124877	0.0008788449466415569	0.00013642564802182812	0.00014475969889982628	0.000719165767709457	0.0007194589668569236	0.0011346659354375082	0.0011444557477110885	0.000928534332163485	0.0011375270162666364	0.0002954209748892171	0.0014766374854973104	0.0014495554696559723	0.0016027475672581567	0.0002981070204203309	0.0010652721286073987	0.0	0.002060957910014514
lv	0.0	0.0	0.0	0.0	0.0006146281499692685	0.0	0.0007246376811594203	2.1031452537269487e-05	6.283380458686774e-05	5.9524990575209825e-05	0.0	0.00046598322460391424	0.0007961783439490446	0.0018175209014903672	0.0001525372021287414	0.0002847380410022779	0.0002815711671124877	1.0	0.0010576414595452142	0.0016	0.0	0.00012763241863433312	0.0	0.00010671219720414043	0.0	0.00010432061201425715	0.0003675119441381845	0.004347826086956522	0.0011723329425556857	0.000700770847932726	0.0003472049997519964	0.0	0.0002349072116513977	0.0	0.0004572795384994196
mk	0.0	0.0019166267369429804	0.0	0.0	0.002008032128514056	8.620318089737511e-05	0.0013796909492273732	6.640083035985755e-05	0.00029800929789009417	0.00025362884345247387	0.0005407597674733	0.00033189512114171923	0.0011844832691738228	0.0011052777010223818	0.00020044766645508302	0.0005180273518441774	0.0008788449466415569	0.0010576414595452142	1.0	0.0023651844843897824	0.0	0.0005748447919061853	0.00019170554029011437	0.00020956891673826937	0.0015054572826496049	0.00027410402247652986	0.0005575689991636465	0.0	0.0011687704534829358	0.000971628449280995	0.0008088305262156248	0.0	0.0007810974419058778	0.0	0.0009562514941429596
ml	0.0	0.0006901311249137336	0.0	0.0	0.0010799136069114472	4.432427640618767e-05	0.0010050251256281408	5.253866845998655e-05	0.00018588512299398972	0.00011852554225435582	0.0004439840165754033	0.0008435259384226065	0.0010960906101571063	0.0	8.44138303619665e-05	0.0002471489602090174	0.00013642564802182812	0.0016	0.0023651844843897824	1.0	0.002849002849002849	0.00012405408758218582	0.00019989339019189765	0.0001274426508071368	0.001487357461576599	0.00019052237771927393	0.0027210884353741495	0.0	0.0013747594171020072	0.00022177866489243733	0.00019617459538989702	0.0	0.00022306491188935982	0.0	0.0003140374751386999
mr	0.0	0.0009737098344693282	0.0	0.0	0.0	0.0	0.0	1.0522845096704947e-05	6.361727845282778e-05	1.9918334827208444e-05	0.00015780337699226762	0.001026167265264238	0.0012958963282937365	0.001564945226917058	6.801448708574926e-05	0.00010750761512273786	0.00014475969889982628	0.0	0.0	0.002849002849002849	1.0	0.0	6.854949273375377e-05	0.0	0.0006261740763932373	3.489000924585245e-05	0.0	0.006072874493927126	0.0006215040397762585	0.0	0.0001502328609344484	0.0	0.0004926108374384236	0.0	0.00021246458923512748
nl	0.0	0.0	0.0	0.0	0.00011852554225435582	0.000308885609362666	0.0005226298735235706	0.00024312404120096427	0.0003961790729409693	0.0005946342999055581	0.0009000900090009	0.00022333891680625348	0.00021454623471358077	0.00020911752404851526	0.0008362983912660037	0.0008886850328240117	0.000719165767709457	0.00012763241863433312	0.0005748447919061853	0.00012405408758218582	0.0	1.0	0.0006950880444856349	0.0009324878776575904	0.00046511627906976747	0.0009958454572331057	0.000314828418511911	0.0	0.0005870841487279843	0.0004508972855983407	0.0011504063532118602	0.0	0.00036153289949385393	0.0	0.0010506886270055375
pl	0.0	6.674676278200507e-05	0.0	6.989585517578807e-05	0.0	0.0007763329359248066	0.00018162005085361425	0.00044493658817271566	0.0005394652550659159	0.0007642874968804592	0.000641025641025641	0.00012575452716297788	0.0001843884449907806	0.00024226273393495245	0.0010317078203452782	0.0010282161645145864	0.0007194589668569236	0.0	0.00019170554029011437	0.00019989339019189765	6.854949273375377e-05	0.0006950880444856349	1.0	0.0009577120589158039	0.00032158476974530485	0.0008565130091689016	0.00012136658777838462	0.0	0.00034946706272933774	0.0005545389009038984	0.0007964601769911505	6.949270326615705e-05	0.00027759271596713303	0.0	0.0010199724844632098
pt	0.0	0.00023380874444704232	0.0	0.0	0.00021073927337098542	0.0012484394506866417	0.00041172595520421606	0.0013245073165421286	0.0014433758777833638	0.002280846100169762	0.0012619020305150855	0.0003335765662462212	0.0005587632706276774	0.0005147740142077627	0.0030710650185603308	0.0027667019285539914	0.0011346659354375082	0.00010671219720414043	0.00020956891673826937	0.0001274426508071368	0.0	0.0009324878776575904	0.0009577120589158039	1.0	0.000189000189000189	0.002745653523750388	0.0004120652711389484	0.00012897401173663506	0.0005485240639538428	0.0005390189854464874	0.002399611202235587	2.1521575379317765e-05	0.0005392989114151603	0.0	0.002821769478985243
ro	0.0	0.0010050251256281408	0.0	0.0	0.0004175365344467641	0.00017316017316017316	0.0014184397163120568	7.691258884278018e-05	5.9941257567583765e-05	0.00011726995543741693	0.0005480953685941354	0.0010302197802197802	0.0006097560975609756	0.0011363636363636363	0.00015057721264848586	0.000346476335666274	0.0011444557477110885	0.0	0.0015054572826496049	0.001487357461576599	0.0006261740763932373	0.00046511627906976747	0.00032158476974530485	0.000189000189000189	1.0	0.0002574046744688884	0.0005733944954128441	0.0	0.0016758439071103662	0.000792393026941363	0.0006213258136978445	0.0	0.0001990049751243781	0.0	0.0005823313808104683
ru	0.0	0.00019061481943578014	0.0	1.753063478428554e-05	0.00015486801803352032	0.0010539950220957992	0.0003038538800452405	0.001749753070860603	0.0011752343555567846	0.001883856939341681	0.0009528498149883276	0.0002729164534506874	0.00032208848957450414	0.0003545500590916765	0.002525712797812785	0.002488475986206733	0.000928534332163485	0.00010432061201425715	0.00027410402247652986	0.00019052237771927393	3.489000924585245e-05	0.0009958454572331057	0.0008565130091689016	0.002745653523750388	0.0002574046744688884	1.0	0.0005744892959126776	3.497359493582345e-05	0.0003673462572425654	0.0006915060012842255	0.0019866424435702056	5.2517330719137316e-05	0.000642355964028066	0.0	0.0026560581735763527
sh	0.0	0.0013717421124828531	0.0	0.0	0.0009033423667570009	8.322929671244278e-05	0.0004488330341113106	6.969393906658907e-05	0.00022716946842344388	0.0003264146233751272	0.0004862630683199611	0.00078125	0.0009510223490252021	0.0015748031496062992	0.0002471495419495156	0.0003356831151393085	0.0011375270162666364	0.0003675119441381845	0.0005575689991636465	0.0027210884353741495	0.0	0.000314828418511911	0.00012136658777838462	0.0004120652711389484	0.0005733944954128441	0.0005744892959126776	1.0	0.0004187604690117253	0.0011750881316098707	0.0016750418760469012	0.0009155832265152902	0.0	0.0006722689075630252	0.0	0.0010296608762081908
si	0.0	0.0033783783783783786	0.0	0.0	0.0007727975270479134	0.0	0.00041186161449752884	0.0	6.417661404184315e-05	0.0	0.00016129032258064516	0.0005515719801434088	0.0	0.00041288191577208916	0.0	7.202275919190464e-05	0.0002954209748892171	0.004347826086956522	0.0	0.0	0.006072874493927126	0.0	0.0	0.00012897401173663506	0.0	3.497359493582345e-05	0.0004187604690117253	1.0	0.0006491398896462187	0.00025316455696202533	5.041847332862761e-05	0.006734006734006734	0.0	0.0	0.00014232342999466287
simple	0.0	0.0002767783005812344	0.0	0.0	0.0007471980074719801	0.00028318297665763176	0.001165954139137194	0.00011124591953443583	0.0003278688524590164	0.0003221222169587873	0.0013464991023339318	0.002208968411751712	0.0014294465999591588	0.00038880248833592535	0.0003095369978169496	0.0008533543389786005	0.0014766374854973104	0.0011723329425556857	0.0011687704534829358	0.0013747594171020072	0.0006215040397762585	0.0005870841487279843	0.00034946706272933774	0.0005485240639538428	0.0016758439071103662	0.0003673462572425654	0.0011750881316098707	0.0006491398896462187	1.0	0.0005997001499250374	0.0009318010382925856	0.0	0.0007526719855486979	0.0	0.0014616558937213758
sr	0.0	0.0002231644722160232	0.0	0.0	0.0004095004095004095	0.0002344849148038143	0.0008312551953449709	0.00018371011237512913	0.0002608378110490897	0.0003728560775540641	0.0011246293834986198	0.0007406035919274209	0.0005200208008320333	0.0006655574043261231	0.00048201288581114734	0.0008297166198621394	0.0014495554696559723	0.000700770847932726	0.000971628449280995	0.00022177866489243733	0.0	0.0004508972855983407	0.0005545389009038984	0.0005390189854464874	0.000792393026941363	0.0006915060012842255	0.0016750418760469012	0.00025316455696202533	0.0005997001499250374	1.0	0.0006834686031610423	0.00025713551041398817	0.0005324813631522897	0.0	0.0013899418751579479
sv	0.0	0.0002455675065075389	0.0	5.0787201625190454e-05	0.0004816955684007707	0.000868683943825105	0.000685275709260359	0.0007461999684426445	0.0013710368466152527	0.0015698134946352704	0.0011307365383865558	0.0005169658802519034	0.0008781254332855756	0.0008226691042047532	0.0018202561177269871	0.0025463650638713237	0.0016027475672581567	0.0003472049997519964	0.0008088305262156248	0.00019617459538989702	0.0001502328609344484	0.0011504063532118602	0.0007964601769911505	0.002399611202235587	0.0006213258136978445	0.0019866424435702056	0.0009155832265152902	5.041847332862761e-05	0.0009318010382925856	0.0006834686031610423	1.0	0.00020232675771370763	0.0006842285323297981	0.0	0.002464870330966777
te	0.0	0.0	0.0	0.0	0.0	0.0	0.0008453085376162299	1.0530158373581938e-05	0.0	3.999520057593089e-05	0.00016289297931259162	0.0005707762557077625	0.00047192071731949034	0.0	1.7060188344479325e-05	0.0	0.0002981070204203309	0.0	0.0	0.0	0.0	0.0	6.949270326615705e-05	2.1521575379317765e-05	0.0	5.2517330719137316e-05	0.0	0.006734006734006734	0.0	0.00025713551041398817	0.00020232675771370763	1.0	0.0	0.0	0.00010697093956141915
vi	0.0	0.0002244668911335578	0.0	0.00026455026455026457	0.0004116920543433512	0.00023472341757295988	0.000667779632721202	0.0001698581511113576	0.0004179728317659352	0.00041035589047228233	0.0006147540983606558	0.0009304056568663938	0.000870928409684724	0.0003341129301703976	0.00045005223820622037	0.0007025611547550616	0.0010652721286073987	0.0002349072116513977	0.0007810974419058778	0.00022306491188935982	0.0004926108374384236	0.00036153289949385393	0.00027759271596713303	0.0005392989114151603	0.0001990049751243781	0.000642355964028066	0.0006722689075630252	0.0	0.0007526719855486979	0.0005324813631522897	0.0006842285323297981	0.0	1.0	0.0	0.0014544074870368028
war	0.0	0.0	0.0	0.0	0.0	0.0	0.0	0.0	0.0	0.0	0.0	0.0	0.0	0.0	0.0	0.0	0.0	0.0	0.0	0.0	0.0	0.0	0.0	0.0	0.0	0.0	0.0	0.0	0.0	0.0	0.0	0.0	0.0	1.0	0.0
zh	3.5752592062924565e-05	0.0002095411049800936	0.0	0.0	0.0003788792064202804	0.0010261362950443652	0.0006631739505272233	0.0010243638540409553	0.0011783461565120954	0.0019054976181279773	0.001593108331366533	0.0007108523458127412	0.0009029194395211183	0.0008292699107705576	0.002284587730488229	0.0037241927902520156	0.002060957910014514	0.0004572795384994196	0.0009562514941429596	0.0003140374751386999	0.00021246458923512748	0.0010506886270055375	0.0010199724844632098	0.002821769478985243	0.0005823313808104683	0.0026560581735763527	0.0010296608762081908	0.00014232342999466287	0.0014616558937213758	0.0013899418751579479	0.002464870330966777	0.00010697093956141915	0.0014544074870368028	0.0	1.0
