arz	bs	ceb	ckb	da	de	el	en	es	fr	he	hi	hu	id	it	ja	ko	lv	mk	ml	mr	nl	pl	pt	ro	ru	sh	si	simple	sr	sv	te	vi	war	zh
arz	1.0	0.36982329486414467	1.0	0.6568318202362041	0.3293805859745461	0.29079360406227905	0.25666686665956356	0.2598329720300882	0.2885490828727859	0.26161658381986486	0.2652374950299525	0.2802835434969868	0.3745090762180794	0.3234884630765957	0.25994861846567924	0.2367216344811557	0.2642325262006424	0.35707745096939975	0.31015149999205655	0.4179826083364674	0.36302366575306005	0.31294187176313804	0.30151790139336343	0.2582329679680847	0.2887858043808435	0.184242121618721	0.32379576042545033	0.346037688955578	0.302929945366866	0.27142817675182473	0.27167900753739826	0.48559209541517623	0.2888534815507488	0.7263875964832448	0.2661327953904819
bs	0.36982329486414467	1.0	0.5155729592481951	0.1961724321246416	0.12224416372636598	0.11191587045632956	0.10806014288473045	0.09274829818489261	0.11295297875139518	0.09020116890589526	0.09909009913079027	0.12141922692044026	0.11999901356949892	0.11374957298118604	0.09789197447016987	0.10125870017654788	0.10605613976806759	0.1427814012924715	0.11727171840749907	0.15047277149867389	0.2363837780208049	0.10937859156959549	0.11160583916777787	0.10206426508242487	0.11406132640209982	0.09611841634152139	0.11317900652356193	0.22609863945411846	0.11640687662719965	0.10369891518414363	0.09548385249794888	0.23818453066026346	0.1116707931028639	0.37534267184587616	0.10410153295883112
ceb	1.0	0.5155729592481951	1.0	0.5987071395986557	0.6530901126588677	0.5528880938058808	0.5222627742549064	0.3781347220250995	0.5108628890792595	0.5528880938058808	0.5752639211367688	0.5116214264215831	0.5417856879952071	0.511766132443758	0.629533639762198	0.5528880938058808	0.5528880938058808	0.641521583802158	0.6260556635700716	0.629533639762198	0.5350919257457826	0.629533639762198	0.5528880938058808	0.5106697650833893	0.5528880938058808	0.5528880938058808	0.6530901126588677	0.5166568353505717	0.522538154895432	0.5528880938058808	0.629533639762198	0.6743202287441529	0.5704427358174062	0.6530901126588677	0.5704427358174062
ckb	0.6568318202362041	0.1961724321246416	0.5987071395986557	1.0	0.2431192977077303	0.23832386439208142	0.20022973355074836	0.15756689058448575	0.25017808028975197	0.1708649610188137	0.20437482373343974	0.24829770312374946	0.23546194920828786	0.2467190749763468	0.16026097243778697	0.15053562859152497	0.1937640595764463	0.23791552157342763	0.19412588646732995	0.2451821769713983	0.26098485421466205	0.2261856798636412	0.22473107108386517	0.16620363429485668	0.23931226879896939	0.16411028346030748	0.22952420231461038	0.29420225185440446	0.2079331168713645	0.24215018126035898	0.12635147102218533	0.42292008688716026	0.20548006618969317	0.6334134137277927	0.1783899357804722
da	0.3293805859745461	0.12224416372636598	0.6530901126588677	0.2431192977077303	1.0	0.06040528423863716	0.09021774160207369	0.06251938052587677	0.059407797848882844	0.05852752760946219	0.06313543482669554	0.09284067499844605	0.0879572642472969	0.07347347876445175	0.06416391757497591	0.06802361188324559	0.0691616549242046	0.10024831336447794	0.11062835630511378	0.1293982884214703	0.1834944479378928	0.06283198077050597	0.06411599571314444	0.06309724547067687	0.08587768928480978	0.06904890814449934	0.09355680252116683	0.18665348536120485	0.07571685222046237	0.07353520822846109	0.06790945684902769	0.18932355673111917	0.07538152115624709	0.4422936556054066	0.07482340857247698
de	0.29079360406227905	0.11191587045632956	0.5528880938058808	0.23832386439208142	0.06040528423863716	1.0	0.07086044279571146	0.034204634939293564	0.03127681205178242	0.035931365924291594	0.04431681379851585	0.07541450918126329	0.06888589801139666	0.04908787237935712	0.03758521571315216	0.04226197063274035	0.04720765711835366	0.08748259446608397	0.09380594030099038	0.10077220815696318	0.16913458397233708	0.034469652881082516	0.032059676072692035	0.03794462469077462	0.06003666464211849	0.039595182647247165	0.06841164983405826	0.18058437522596046	0.06061911355697493	0.04540138439515365	0.04292622246561393	0.16244984416186187	0.0524826488816429	0.5180127117638832	0.04678147430353006
el	0.25666686665956356	0.10806014288473045	0.5222627742549064	0.20022973355074836	0.09021774160207369	0.07086044279571146	1.0	0.0716549691133833	0.07027958190656035	0.06606600821048507	0.07049908969067538	0.08984784118292524	0.0863804756974242	0.07843745784986088	0.07161362401456513	0.07458323149842595	0.07230112337221759	0.0899535797773183	0.09243208021275243	0.11101025190910789	0.14279239774179792	0.07479042003271288	0.07446291394653096	0.07155690380563566	0.08408521333489456	0.07767157532224095	0.08553348771775882	0.18947127234577463	0.07787904436652236	0.07332696787222077	0.07285738093894703	0.1833872905897741	0.07878958993093245	0.21407699249153733	0.08242817181929785
en	0.2598329720300882	0.09274829818489261	0.3781347220250995	0.15756689058448575	0.06251938052587677	0.034204634939293564	0.0716549691133833	1.0	0.034844540284904364	0.042750128704093546	0.0517513070590544	0.071257816853763	0.06978320440619161	0.05326152353749094	0.04585346336381311	0.055945229065079774	0.058385276392088105	0.07673311209926018	0.08143182627289776	0.08345640659990969	0.13231423898726782	0.03929124020981868	0.03603370383803563	0.04865690455805992	0.06332564441240948	0.05155273622768044	0.06867260248680904	0.13965212711593622	0.06492047593521971	0.05343403173052295	0.05740239254324808	0.11707795935491572	0.05846237148804389	0.27819629210091623	0.06308425752112541
es	0.2885490828727859	0.11295297875139518	0.5108628890792595	0.25017808028975197	0.059407797848882844	0.03127681205178242	0.07027958190656035	0.034844540284904364	1.0	0.03599054600633541	0.04205955747391601	0.07280150268066808	0.06669398559636307	0.04766650520840753	0.037241724443973286	0.04193288177047344	0.04722432073006036	0.08449738505326293	0.09240932340506933	0.09809372244609635	0.17896625535193297	0.034124687565846766	0.03216360499034349	0.03815947168904825	0.06132656011581458	0.039987540482889876	0.06999965320166712	0.1724397041803791	0.062286037405387	0.04614649642090786	0.042621146635603666	0.12931777614960235	0.05123481545266861	0.49530672636081685	0.04617278199106811
fr	0.26161658381986486	0.09020116890589526	0.5528880938058808	0.1708649610188137	0.05852752760946219	0.035931365924291594	0.06606600821048507	0.042750128704093546	0.03599054600633541	1.0	0.05084744236459773	0.06736025489421597	0.06483935394695965	0.051872930520883535	0.047563399361820385	0.054991845587232135	0.054722358009482754	0.07796708918910582	0.07909396005442358	0.08838731952891189	0.16223948002654345	0.03963253647208123	0.03715852267865176	0.04943272084297229	0.06108924040636036	0.052489453416160486	0.06512863191648866	0.16646377450393643	0.06017083513066461	0.05127461768750237	0.05513286466350963	0.11595330220235908	0.055819833539736075	0.30546811162020054	0.060439308629005546
he	0.2652374950299525	0.09909009913079027	0.5752639211367688	0.20437482373343974	0.06313543482669554	0.04431681379851585	0.07049908969067538	0.0517513070590544	0.04205955747391601	0.05084744236459773	1.0	0.07416165113800915	0.07033318999317056	0.055639611003551005	0.05343065792652787	0.05670910257776486	0.0552471480738119	0.08581427921067494	0.08402767841660108	0.10327421179126046	0.17501080161429727	0.04494893848417717	0.04266282970674666	0.05367159045346764	0.0661706665716435	0.05684898987082692	0.0655739652662556	0.15728060013096715	0.061302530684975924	0.05428897903287502	0.055621632390953045	0.12557446238181716	0.05677133830950516	0.4224019269552793	0.060961845774589615
hi	0.2802835434969868	0.12141922692044026	0.5116214264215831	0.24829770312374946	0.09284067499844605	0.07541450918126329	0.08984784118292524	0.071257816853763	0.07280150268066808	0.06736025489421597	0.07416165113800915	1.0	0.0906148376728433	0.07714197437847858	0.07095640106467961	0.07652630386049651	0.07013696875026368	0.10024901874843535	0.09987545428776906	0.10755477765372962	0.15371621178433056	0.07387624925429061	0.0785249337140456	0.07114348723474351	0.08740106192776667	0.07722389879132872	0.08912219280740269	0.18223366436990193	0.0790746529781204	0.0754642764111573	0.07233451724906606	0.13580302296957772	0.07481005187322076	0.2933114366663402	0.0828692955689571
hu	0.3745090762180794	0.11999901356949892	0.5417856879952071	0.23546194920828786	0.0879572642472969	0.06888589801139666	0.0863804756974242	0.06978320440619161	0.06669398559636307	0.06483935394695965	0.07033318999317056	0.0906148376728433	1.0	0.07582084655030874	0.06930524355723083	0.07571675776311768	0.07112589391934084	0.09108403910692535	0.10192554193134042	0.11389724823962534	0.1447707658738787	0.06718591895147152	0.06811586164614249	0.06945645827762315	0.08868035470223772	0.07301904622150344	0.08404884695594196	0.19662132744651975	0.08182200275966106	0.07410869698407492	0.07199839674352669	0.18776815186298795	0.07852105449368837	0.37980982094665694	0.07996040876318576
id	0.3234884630765957	0.11374957298118604	0.511766132443758	0.2467190749763468	0.07347347876445175	0.04908787237935712	0.07843745784986088	0.05326152353749094	0.04766650520840753	0.051872930520883535	0.055639611003551005	0.07714197437847858	0.07582084655030874	1.0	0.0548979229095136	0.05955330916811368	0.05905130649105351	0.09616470073017841	0.0986644533049064	0.10928755171786712	0.1761346343413639	0.05204197710420538	0.047949412841352235	0.055303491261654875	0.07583711348775829	0.057065825354486704	0.07773902187348496	0.17937487368240482	0.06838031411326982	0.06152287620780702	0.058100362142692374	0.14911314570070477	0.06067863889541358	0.41136571261805804	0.06549461203914532
it	0.25994861846567924	0.09789197447016987	0.629533639762198	0.16026097243778697	0.06416391757497591	0.03758521571315216	0.07161362401456513	0.04585346336381311	0.037241724443973286	0.047563399361820385	0.05343065792652787	0.07095640106467961	0.06930524355723083	0.0548979229095136	1.0	0.05899607275847115	0.05975258877490893	0.07965457313978966	0.0833315113143487	0.08845143886026831	0.1435328117949952	0.04121516171138034	0.0389953147401071	0.05246303804023293	0.06338034229667298	0.05670045028990285	0.06881211170368098	0.16086469672433015	0.06578554437192508	0.05529179804952679	0.06012583777937497	0.10622969026858045	0.05920990161720542	0.405253221913551	0.06586063430718124
ja	0.2367216344811557	0.10125870017654788	0.5528880938058808	0.15053562859152497	0.06802361188324559	0.04226197063274035	0.07458323149842595	0.055945229065079774	0.04193288177047344	0.054991845587232135	0.05670910257776486	0.07652630386049651	0.07571675776311768	0.05955330916811368	0.05899607275847115	1.0	0.06248067065049163	0.08641396255064145	0.08920160366965424	0.09300536396848123	0.13789823749509603	0.045901852502776404	0.0429902673227879	0.060837105814753475	0.06995465116967316	0.06537824399284378	0.07564047450546701	0.14880626681615186	0.06877734312314929	0.058925365236938115	0.0657111304574605	0.11078304306134458	0.061640735629485396	0.30328496385242454	0.07279906052635415
ko	0.2642325262006424	0.10605613976806759	0.5528880938058808	0.1937640595764463	0.0691616549242046	0.04720765711835366	0.07230112337221759	0.058385276392088105	0.04722432073006036	0.054722358009482754	0.0552471480738119	0.07013696875026368	0.07112589391934084	0.05905130649105351	0.05975258877490893	0.06248067065049163	1.0	0.08520701140780011	0.08759434845894848	0.09627305592535154	0.16235560767206447	0.05103512622625533	0.04810876396696232	0.06050220856658295	0.06506091150053082	0.0629719175370992	0.06979776518823609	0.1579892701096198	0.06514460831781071	0.057072922093809084	0.0627172713616105	0.15940501934986026	0.060072748970045366	0.40941632611678636	0.06669216965690372
lv	0.35707745096939975	0.1427814012924715	0.641521583802158	0.23791552157342763	0.10024831336447794	0.08748259446608397	0.0899535797773183	0.07673311209926018	0.08449738505326293	0.07796708918910582	0.08581427921067494	0.10024901874843535	0.09108403910692535	0.09616470073017841	0.07965457313978966	0.08641396255064145	0.08520701140780011	1.0	0.10556430368596068	0.12222997030452373	0.17526717300845696	0.08589091675699362	0.08845832400007515	0.0815775782056371	0.10309953774757757	0.08273912576705321	0.10589117462100624	0.21773105755090005	0.09815774515106454	0.09959088469524378	0.08378346926386286	0.2426959409558924	0.0910816592032661	0.36042855132825585	0.08662051429812082
mk	0.31015149999205655	0.11727171840749907	0.6260556635700716	0.19412588646732995	0.11062835630511378	0.09380594030099038	0.09243208021275243	0.08143182627289776	0.09240932340506933	0.07909396005442358	0.08402767841660108	0.09987545428776906	0.10192554193134042	0.0986644533049064	0.0833315113143487	0.08920160366965424	0.08759434845894848	0.10556430368596068	1.0	0.12162005002842968	0.1772952650535234	0.09187954603270655	0.09455748116639594	0.08249732811761899	0.0997555807733649	0.08563509766103973	0.10628704664466204	0.20319829884810164	0.0907165254048362	0.09067797884034338	0.07964352165169884	0.20062584697315627	0.08526744996706721	0.2433429927399308	0.09249888008400654
ml	0.4179826083364674	0.15047277149867389	0.629533639762198	0.2451821769713983	0.1293982884214703	0.10077220815696318	0.11101025190910789	0.08345640659990969	0.09809372244609635	0.08838731952891189	0.10327421179126046	0.10755477765372962	0.11389724823962534	0.10928755171786712	0.08845143886026831	0.09300536396848123	0.09627305592535154	0.12222997030452373	0.12162005002842968	1.0	0.17027900301767657	0.10008032365057766	0.10022892944198715	0.0841562083416797	0.12206117451545619	0.09058719065665011	0.11725923458702145	0.19993620355393668	0.10540641391972656	0.10169002221364505	0.09722927480209129	0.20556481314587052	0.09966834084591057	0.2934430610692614	0.09896385055157618
mr	0.36302366575306005	0.2363837780208049	0.5350919257457826	0.26098485421466205	0.1834944479378928	0.16913458397233708	0.14279239774179792	0.13231423898726782	0.17896625535193297	0.16223948002654345	0.17501080161429727	0.15371621178433056	0.1447707658738787	0.1761346343413639	0.1435328117949952	0.13789823749509603	0.16235560767206447	0.17526717300845696	0.1772952650535234	0.17027900301767657	1.0	0.17313914893458654	0.17863664929553744	0.14793072266549012	0.16219116199560965	0.14890717443618923	0.1613974941146206	0.1947351398149916	0.15282273111146105	0.15903022879698997	0.15455471629300604	0.21026370703692568	0.1587476884444501	0.2937904051369997	0.13662745745131824
nl	0.31294187176313804	0.10937859156959549	0.629533639762198	0.2261856798636412	0.06283198077050597	0.034469652881082516	0.07479042003271288	0.03929124020981868	0.034124687565846766	0.03963253647208123	0.04494893848417717	0.07387624925429061	0.06718591895147152	0.05204197710420538	0.04121516171138034	0.045901852502776404	0.05103512622625533	0.08589091675699362	0.09187954603270655	0.10008032365057766	0.17313914893458654	1.0	0.035588015678805485	0.04165850953612918	0.062440579316781146	0.043701383488880766	0.06667871414509965	0.1669327812259005	0.060343473455442415	0.04976423952181069	0.04620738872982319	0.1282379530323099	0.05304373447372368	0.4569279391230926	0.05093993792163009
pl	0.30151790139336343	0.11160583916777787	0.5528880938058808	0.22473107108386517	0.06411599571314444	0.032059676072692035	0.07446291394653096	0.03603370383803563	0.03216360499034349	0.03715852267865176	0.04266282970674666	0.0785249337140456	0.06811586164614249	0.047949412841352235	0.0389953147401071	0.0429902673227879	0.04810876396696232	0.08845832400007515	0.09455748116639594	0.10022892944198715	0.17863664929553744	0.035588015678805485	1.0	0.03994852092367408	0.06510634229843473	0.041698461133069166	0.06622388048480149	0.16481359473768267	0.058842377153062696	0.047358871790669714	0.04455990730482196	0.13130213681989902	0.052635156148691305	0.46790886531519765	0.047602000243859084
pt	0.2582329679680847	0.10206426508242487	0.5106697650833893	0.16620363429485668	0.06309724547067687	0.03794462469077462	0.07155690380563566	0.04865690455805992	0.03815947168904825	0.04943272084297229	0.05367159045346764	0.07114348723474351	0.06945645827762315	0.055303491261654875	0.05246303804023293	0.060837105814753475	0.06050220856658295	0.0815775782056371	0.08249732811761899	0.0841562083416797	0.14793072266549012	0.04165850953612918	0.03994852092367408	1.0	0.06312806689964048	0.0579118102691077	0.07092450718555617	0.14272480533785578	0.06534708798276108	0.05523735277783726	0.06054044632781391	0.12801386136299053	0.059809399699792896	0.3309702016174325	0.0671529505968473
ro	0.2887858043808435	0.11406132640209982	0.5528880938058808	0.23931226879896939	0.08587768928480978	0.06003666464211849	0.08408521333489456	0.06332564441240948	0.06132656011581458	0.06108924040636036	0.0661706665716435	0.08740106192776667	0.08868035470223772	0.07583711348775829	0.06338034229667298	0.06995465116967316	0.06506091150053082	0.10309953774757757	0.0997555807733649	0.12206117451545619	0.16219116199560965	0.062440579316781146	0.06510634229843473	0.06312806689964048	1.0	0.06768987529998066	0.08795210643702629	0.1841294960987813	0.07627633658924858	0.07469210146482264	0.06706412325854652	0.22365561389649533	0.07427228985825118	0.39157148686117177	0.07605373355729095
ru	0.184242121618721	0.09611841634152139	0.5528880938058808	0.16411028346030748	0.06904890814449934	0.039595182647247165	0.07767157532224095	0.05155273622768044	0.039987540482889876	0.052489453416160486	0.05684898987082692	0.07722389879132872	0.07301904622150344	0.057065825354486704	0.05670045028990285	0.06537824399284378	0.0629719175370992	0.08273912576705321	0.08563509766103973	0.09058719065665011	0.14890717443618923	0.043701383488880766	0.041698461133069166	0.0579118102691077	0.06768987529998066	1.0	0.0749027379602034	0.15964381323653357	0.06870488244197974	0.05843637779928918	0.06534123462142652	0.12535931647495094	0.062232254150695256	0.29681636175083587	0.07330400306992567
sh	0.32379576042545033	0.11317900652356193	0.6530901126588677	0.22952420231461038	0.09355680252116683	0.06841164983405826	0.08553348771775882	0.06867260248680904	0.06999965320166712	0.06512863191648866	0.0655739652662556	0.08912219280740269	0.08404884695594196	0.07773902187348496	0.06881211170368098	0.07564047450546701	0.06979776518823609	0.10589117462100624	0.10628704664466204	0.11725923458702145	0.1613974941146206	0.06667871414509965	0.06622388048480149	0.07092450718555617	0.08795210643702629	0.0749027379602034	1.0	0.16248421123310328	0.07948017301229865	0.06317286168794571	0.07431728796415535	0.16163725199059478	0.07520855805992341	0.3931098849249232	0.08065910724092998
si	0.346037688955578	0.22609863945411846	0.5166568353505717	0.29420225185440446	0.18665348536120485	0.18058437522596046	0.18947127234577463	0.13965212711593622	0.1724397041803791	0.16646377450393643	0.15728060013096715	0.18223366436990193	0.19662132744651975	0.17937487368240482	0.16086469672433015	0.14880626681615186	0.1579892701096198	0.21773105755090005	0.20319829884810164	0.19993620355393668	0.1947351398149916	0.1669327812259005	0.16481359473768267	0.14272480533785578	0.1841294960987813	0.15964381323653357	0.16248421123310328	1.0	0.17269827859962344	0.17206039903249315	0.1443424564243348	0.24846567664271896	0.15884870463090667	0.2782520537649887	0.1268571025516915
simple	0.302929945366866	0.11640687662719965	0.522538154895432	0.2079331168713645	0.07571685222046237	0.06061911355697493	0.07787904436652236	0.06492047593521971	0.062286037405387	0.06017083513066461	0.061302530684975924	0.0790746529781204	0.08182200275966106	0.06838031411326982	0.06578554437192508	0.06877734312314929	0.06514460831781071	0.09815774515106454	0.0907165254048362	0.10540641391972656	0.15282273111146105	0.060343473455442415	0.058842377153062696	0.06534708798276108	0.07627633658924858	0.06870488244197974	0.07948017301229865	0.17269827859962344	1.0	0.06874090712649528	0.06800751412255193	0.1702418801657637	0.0657478429144609	0.40038880523940995	0.07359995269711689
sr	0.27142817675182473	0.10369891518414363	0.5528880938058808	0.24215018126035898	0.07353520822846109	0.04540138439515365	0.07332696787222077	0.05343403173052295	0.04614649642090786	0.05127461768750237	0.05428897903287502	0.0754642764111573	0.07410869698407492	0.06152287620780702	0.05529179804952679	0.058925365236938115	0.057072922093809084	0.09959088469524378	0.09067797884034338	0.10169002221364505	0.15903022879698997	0.04976423952181069	0.047358871790669714	0.05523735277783726	0.07469210146482264	0.05843637779928918	0.06317286168794571	0.17206039903249315	0.06874090712649528	1.0	0.05926506392691966	0.17458940319310268	0.06158011150243772	0.39589723151559414	0.06251332406933528
sv	0.27167900753739826	0.09548385249794888	0.629533639762198	0.12635147102218533	0.06790945684902769	0.04292622246561393	0.07285738093894703	0.05740239254324808	0.042621146635603666	0.05513286466350963	0.055621632390953045	0.07233451724906606	0.07199839674352669	0.058100362142692374	0.06012583777937497	0.0657111304574605	0.0627172713616105	0.08378346926386286	0.07964352165169884	0.09722927480209129	0.15455471629300604	0.04620738872982319	0.04455990730482196	0.06054044632781391	0.06706412325854652	0.06534123462142652	0.07431728796415535	0.1443424564243348	0.06800751412255193	0.05926506392691966	1.0	0.10811010729006558	0.06401731332295363	0.275120242610786	0.07262933246405054
te	0.48559209541517623	0.23818453066026346	0.6743202287441529	0.42292008688716026	0.18932355673111917	0.16244984416186187	0.1833872905897741	0.11707795935491572	0.12931777614960235	0.11595330220235908	0.12557446238181716	0.13580302296957772	0.18776815186298795	0.14911314570070477	0.10622969026858045	0.11078304306134458	0.15940501934986026	0.2426959409558924	0.20062584697315627	0.20556481314587052	0.21026370703692568	0.1282379530323099	0.13130213681989902	0.12801386136299053	0.22365561389649533	0.12535931647495094	0.16163725199059478	0.24846567664271896	0.1702418801657637	0.17458940319310268	0.10811010729006558	1.0	0.17318178681443092	0.48420419681983307	0.11099292238394551
vi	0.2888534815507488	0.1116707931028639	0.5704427358174062	0.20548006618969317	0.07538152115624709	0.0524826488816429	0.07878958993093245	0.05846237148804389	0.05123481545266861	0.055819833539736075	0.05677133830950516	0.07481005187322076	0.07852105449368837	0.06067863889541358	0.05920990161720542	0.061640735629485396	0.060072748970045366	0.0910816592032661	0.08526744996706721	0.09966834084591057	0.1587476884444501	0.05304373447372368	0.052635156148691305	0.059809399699792896	0.07427228985825118	0.062232254150695256	0.07520855805992341	0.15884870463090667	0.0657478429144609	0.06158011150243772	0.06401731332295363	0.17318178681443092	1.0	0.38745887462421846	0.06564396624439199
war	0.7263875964832448	0.37534267184587616	0.6530901126588677	0.6334134137277927	0.4422936556054066	0.5180127117638832	0.21407699249153733	0.27819629210091623	0.49530672636081685	0.30546811162020054	0.4224019269552793	0.2933114366663402	0.37980982094665694	0.41136571261805804	0.405253221913551	0.30328496385242454	0.40941632611678636	0.36042855132825585	0.2433429927399308	0.2934430610692614	0.2937904051369997	0.4569279391230926	0.46790886531519765	0.3309702016174325	0.39157148686117177	0.29681636175083587	0.3931098849249232	0.2782520537649887	0.40038880523940995	0.39589723151559414	0.275120242610786	0.48420419681983307	0.38745887462421846	1.0	0.30184560652863573
zh	0.2661327953904819	0.10410153295883112	0.5704427358174062	0.1783899357804722	0.07482340857247698	0.04678147430353006	0.08242817181929785	0.06308425752112541	0.04617278199106811	0.060439308629005546	0.060961845774589615	0.0828692955689571	0.07996040876318576	0.06549461203914532	0.06586063430718124	0.07279906052635415	0.06669216965690372	0.08662051429812082	0.09249888008400654	0.09896385055157618	0.13662745745131824	0.05093993792163009	0.047602000243859084	0.0671529505968473	0.07605373355729095	0.07330400306992567	0.08065910724092998	0.1268571025516915	0.07359995269711689	0.06251332406933528	0.07262933246405054	0.11099292238394551	0.06564396624439199	0.30184560652863573	1.0
