arz	bs	ceb	ckb	da	de	el	en	es	fr	he	hi	hu	id	it	ja	ko	lv	mk	ml	mr	nl	pl	pt	ro	ru	sh	si	simple	sr	sv	te	vi	war	zh
arz	1.0	0.585786437626905	0.585786437626905	1.0	0.3430703308172536	0.2766967754673749	0.252650308587072	0.24257131419419417	0.23800671553691075	0.25824569976124334	0.28989794855663564	1.0	0.22399016845387557	0.24257131419419417	0.2696862318229453	0.2766967754673749	0.24646267809007746	1.0	0.27517234597887186	0.31598501557746184	0.585786437626905	0.24257131419419417	0.25824569976124334	0.2474401533514073	0.24472009032316608	0.2474401533514073	0.4142135623730951	1.0	0.24984994988708106	0.23722086788582378	0.44948974278317805	1.0	0.24257131419419417	0.2955966556179922	0.20942771453851886
bs	0.585786437626905	1.0	0.32419763955231984	0.585786437626905	0.2989350844248255	0.2989350844248255	0.5	0.30216947925196225	0.5	0.4142135623730951	0.26968623182294527	0.5	0.27899410766263905	0.44948974278317805	0.5	0.4142135623730951	0.4142135623730951	0.5	0.38742588672279304	0.28989794855663564	0.2209289460626432	0.5	0.4142135623730951	0.4142135623730951	0.5	0.3483314773547883	0.44948974278317805	0.585786437626905	0.30216947925196225	0.2989350844248255	0.38742588672279304	0.585786437626905	0.44948974278317805	0.585786437626905	0.21089672205953397
ceb	0.585786437626905	0.32419763955231984	1.0	0.5	0.10539441187666439	0.0946234655077037	0.1907435698305462	0.09655320811215717	0.0947952052497822	0.09415914287615876	0.1991767293782004	0.1270146072645975	0.12335951377762201	0.1172347428442081	0.10298927942503744	0.10976714031347676	0.12132839347622089	0.12658213021678225	0.19273413624249877	0.2639759049116158	0.3796717189293072	0.10349458135637606	0.09404765975846206	0.10414409780008493	0.11167476494152555	0.09664509148914478	0.14591918002236726	0.585786437626905	0.14597977127415243	0.16071210670167746	0.09445119627995781	0.585786437626905	0.1253537041624904	0.353889367864523	0.1527260240438305
ckb	1.0	0.585786437626905	0.5	1.0	0.5	0.585786437626905	0.5	0.40453726661826384	0.585786437626905	0.5	0.38742588672279304	0.585786437626905	0.25	0.44948974278317805	0.585786437626905	0.44948974278317805	0.38742588672279304	0.5	0.585786437626905	0.27792629762666365	0.2989350844248255	0.5	0.5	0.585786437626905	0.5	0.44948974278317805	0.585786437626905	1.0	0.44948974278317805	0.5	0.5	0.585786437626905	0.585786437626905	1.0	0.23162563658989563
da	0.3430703308172536	0.2989350844248255	0.10539441187666439	0.5	1.0	0.05291936369329719	0.1212407323453382	0.05711671000687229	0.042365595257407004	0.04552120675357283	0.05320101121454346	0.13416923782533902	0.05158688388437128	0.05223226053755141	0.04324114079066913	0.05138432273544868	0.056030296421138326	0.16848325156289087	0.1467916732245784	0.11851885178439843	0.1103307985167213	0.058340400640715225	0.04431102456029	0.04701370407655196	0.07462709793374141	0.047020211264210604	0.16592820548465345	0.44948974278317805	0.06312342958826425	0.07599827146508994	0.04770649743064005	0.40453726661826384	0.07495408975690197	0.44948974278317805	0.06764527537310423
de	0.2766967754673749	0.2989350844248255	0.0946234655077037	0.585786437626905	0.05291936369329719	1.0	0.13231996486433337	0.05013496321869629	0.02747219550573637	0.03654578295258499	0.05189940645014929	0.12284011627021875	0.053382087769351785	0.04390299853137678	0.03076937128030563	0.033044288757171726	0.046607076024595434	0.23800671553691075	0.1269532381703106	0.09533087377928463	0.078785678447364	0.03528949599770052	0.042940291523383856	0.03932230052254662	0.045612913393590034	0.038048511414563425	0.1421806048313234	0.38742588672279304	0.044370772324013395	0.07374492568882737	0.03491216992115758	0.3333333333333333	0.07650581813556584	0.44948974278317805	0.0554481490260847
el	0.252650308587072	0.5	0.1907435698305462	0.5	0.1212407323453382	0.13231996486433337	1.0	0.0842972691555574	0.2612038749637414	0.16597681693032765	0.07478487609422815	0.2674788903885893	0.10207180862979062	0.22584440001865322	0.2	0.21604850763119507	0.14637541648824495	0.3333333333333333	0.17513329097987387	0.11241797485968902	0.08875900377927559	0.27429188517743175	0.10607720029881422	0.11773713085748996	0.1636978450110725	0.1376213949487087	0.28172904669025317	0.585786437626905	0.06377928649323425	0.06881523856875764	0.13983912577754518	0.2550052785013502	0.23582845781094	0.5	0.05720867268703632
en	0.24257131419419417	0.30216947925196225	0.09655320811215717	0.40453726661826384	0.05711671000687229	0.05013496321869629	0.0842972691555574	1.0	0.01762668767970614	0.04553637934083926	0.0696429829187078	0.04285118587072593	0.047543573132941705	0.06709964772803413	0.026229309680762307	0.022409921587112826	0.042576984277085644	0.1687444493055721	0.11979077225013418	0.07411176896491692	0.06614032360816449	0.027062504113010238	0.04078190781893165	0.03775714900975266	0.04260551267414922	0.047653913370587095	0.10681586680335087	0.22772999919644132	0.07636762499162927	0.05594255188320191	0.028052085374417602	0.15920429962345084	0.0418493549265233	0.44948974278317805	0.09119796264063194
es	0.23800671553691075	0.5	0.0947952052497822	0.585786437626905	0.042365595257407004	0.02747219550573637	0.2612038749637414	0.01762668767970614	1.0	0.019846785644240958	0.031775988208560625	0.1440053834963787	0.04106726650623849	0.03209523616957012	0.04596174629588641	0.09301055088932489	0.03881899889872238	0.28708594921778513	0.1512290518085545	0.0927354067466904	0.07320026860727774	0.05605368205129471	0.039086365195553745	0.0320535680183507	0.08563786063744523	0.023669104328304897	0.18462460531749023	0.44948974278317805	0.03441176276120056	0.04972649049437086	0.04286621848712668	0.3090169943749474	0.11490537152332962	0.585786437626905	0.02610142939133665
fr	0.25824569976124334	0.4142135623730951	0.09415914287615876	0.5	0.04552120675357283	0.03654578295258499	0.16597681693032765	0.04553637934083926	0.019846785644240958	1.0	0.04880233345479358	0.094938468559756	0.046080089962663495	0.03876847953643975	0.029559914201731985	0.029541167501042444	0.03402916059602599	0.2240092377397959	0.12001529844640851	0.07434162933426705	0.06983904454260642	0.03298618047022285	0.04324607212735665	0.038630425674413806	0.04703960927319137	0.042087955702095545	0.15225881209433406	0.4142135623730951	0.03874731617451928	0.05122101627473144	0.03801689201649306	0.19629960366827198	0.07639069917555869	0.44948974278317805	0.05429016496689542
he	0.28989794855663564	0.26968623182294527	0.1991767293782004	0.38742588672279304	0.05320101121454346	0.05189940645014929	0.07478487609422815	0.0696429829187078	0.031775988208560625	0.04880233345479358	1.0	0.09618329681790236	0.07666260893478728	0.057842933313524476	0.03740934386806966	0.041990500620132785	0.04991496491840903	0.1325273814400671	0.13521193170411192	0.12796505875195047	0.11380799516235472	0.04028393351868135	0.048228360763861305	0.03913588982264001	0.04562717115002991	0.053359250467064634	0.09718283676003102	0.5	0.0922502235922177	0.08199058728726058	0.050551943381739704	0.3597752501562547	0.04599984683567065	0.353889367864523	0.13187399813205164
hi	1.0	0.5	0.1270146072645975	0.585786437626905	0.13416923782533902	0.12284011627021875	0.2674788903885893	0.04285118587072593	0.1440053834963787	0.094938468559756	0.09618329681790236	1.0	0.0871396472120579	0.08787280847306662	0.1987625491245426	0.127957032054773	0.08871223914005938	0.3660254037844386	0.22947018234477365	0.08303853068582584	0.06160394776759485	0.22646721143623746	0.13569929549258627	0.12973190755680383	0.1995253393107056	0.07330143739248557	0.2989350844248255	0.5	0.061486815778011045	0.11811684356815093	0.11522335254749042	0.180776018740107	0.2216368750839041	0.585786437626905	0.061530264145609276
hu	0.22399016845387557	0.27899410766263905	0.12335951377762201	0.25	0.05158688388437128	0.053382087769351785	0.10207180862979062	0.047543573132941705	0.04106726650623849	0.046080089962663495	0.07666260893478728	0.0871396472120579	1.0	0.053238909300139414	0.049972074394682264	0.04918097075718301	0.058172031096668735	0.12346752509553721	0.10407165206817705	0.12944013814729233	0.11324234921627821	0.04700591155609219	0.0512264693481286	0.048542804015573045	0.05311612556369988	0.04945010964046054	0.07338338017002918	0.44948974278317805	0.0905754808333432	0.0923624166796047	0.04803069699953451	0.4364916731037085	0.06342750306762444	0.23371479611805132	0.07945853179492078
id	0.24257131419419417	0.44948974278317805	0.1172347428442081	0.44948974278317805	0.05223226053755141	0.04390299853137678	0.22584440001865322	0.06709964772803413	0.03209523616957012	0.03876847953643975	0.057842933313524476	0.08787280847306662	0.053238909300139414	1.0	0.03970759970985286	0.03641121035708811	0.05224441935184858	0.1900332398552315	0.138641206118489	0.09720129593365925	0.07635804014129509	0.04028796181675264	0.04891936447101516	0.04317102094799439	0.08257059374582805	0.0469014785385058	0.1788377977420068	0.38742588672279304	0.04479749980313925	0.0630671568911936	0.055868037500478855	0.3054265829344414	0.05940749076139536	0.5	0.06547387046162861
it	0.2696862318229453	0.5	0.10298927942503744	0.585786437626905	0.04324114079066913	0.03076937128030563	0.2	0.026229309680762307	0.04596174629588641	0.029559914201731985	0.03740934386806966	0.1987625491245426	0.049972074394682264	0.03970759970985286	1.0	0.04150452589885601	0.04575908171742133	0.2928060946961875	0.13883796671769622	0.09135905135314457	0.08182614677907389	0.05493280467941885	0.042247389225364126	0.040081530230841426	0.05228005121697807	0.026182579097962653	0.2169643641194521	0.44948974278317805	0.03934991997444398	0.04864982576964731	0.031601651701831115	0.31451985913875646	0.09162151306965112	0.4142135623730951	0.02926553024943024
ja	0.2766967754673749	0.4142135623730951	0.10976714031347676	0.44948974278317805	0.05138432273544868	0.033044288757171726	0.21604850763119507	0.022409921587112826	0.09301055088932489	0.029541167501042444	0.041990500620132785	0.127957032054773	0.04918097075718301	0.03641121035708811	0.04150452589885601	1.0	0.037892904609305535	0.2898979485566356	0.13316273796122705	0.09477211629913057	0.07356149708349169	0.07732522475958391	0.04266572850858011	0.05767278786036664	0.08582506305537814	0.03436744562186085	0.1765633506768389	0.35388936786452296	0.038728966824094366	0.055178251888324856	0.054137789008635945	0.2531422378252947	0.0952917415333906	0.5	0.028992638703418713
ko	0.24646267809007746	0.4142135623730951	0.12132839347622089	0.38742588672279304	0.056030296421138326	0.046607076024595434	0.14637541648824495	0.042576984277085644	0.03881899889872238	0.03402916059602599	0.04991496491840903	0.08871223914005938	0.058172031096668735	0.05224441935184858	0.04575908171742133	0.037892904609305535	1.0	0.1779738764024757	0.13787639495306434	0.13039669725334843	0.09813335858231736	0.07380492774018929	0.057132373000764965	0.06152719202794571	0.09483423949938005	0.04181856392488467	0.15260705306097969	0.38742588672279304	0.044097448711256454	0.07046977242174475	0.04567119231011857	0.4485068563421602	0.07769211717626055	0.4134900434704663	0.047682730583818896
lv	1.0	0.5	0.12658213021678225	0.5	0.16848325156289087	0.23800671553691075	0.3333333333333333	0.1687444493055721	0.28708594921778513	0.2240092377397959	0.1325273814400671	0.3660254037844386	0.12346752509553721	0.1900332398552315	0.2928060946961875	0.2898979485566356	0.1779738764024757	1.0	0.20686554033110677	0.16449072740645634	0.16265941452915686	0.21811614271537608	0.21238501982018376	0.19675422795565728	0.18961112625211746	0.13253467320031065	0.24025307335204216	0.5	0.09951503825792543	0.09885966357438074	0.18030816435569247	0.585786437626905	0.24336073281110826	1.0	0.08980557453822408
mk	0.27517234597887186	0.38742588672279304	0.19273413624249877	0.585786437626905	0.1467916732245784	0.1269532381703106	0.17513329097987387	0.11979077225013418	0.1512290518085545	0.12001529844640851	0.13521193170411192	0.22947018234477365	0.10407165206817705	0.138641206118489	0.13883796671769622	0.13316273796122705	0.13787639495306434	0.20686554033110677	1.0	0.22951773890270638	0.20521309615767264	0.1318851701157122	0.133146447264277	0.14776461419694728	0.11376540439611471	0.12403307801493647	0.1958903816827152	0.4356120478348471	0.09140919608928848	0.1242885564987	0.17145990729776905	0.5	0.14997908642200025	0.2857142857142857	0.09219963670561182
ml	0.31598501557746184	0.28989794855663564	0.2639759049116158	0.27792629762666365	0.11851885178439843	0.09533087377928463	0.11241797485968902	0.07411176896491692	0.0927354067466904	0.07434162933426705	0.12796505875195047	0.08303853068582584	0.12944013814729233	0.09720129593365925	0.09135905135314457	0.09477211629913057	0.13039669725334843	0.16449072740645634	0.22951773890270638	1.0	0.12492445500257081	0.11765830993744748	0.09712180760616716	0.10812665796094886	0.10747105009132996	0.08033508087405014	0.18541948236599776	0.2989350844248255	0.12892318496000735	0.14596138780123966	0.09531658848632929	0.16738709132338928	0.13723433448014163	0.3266316347104093	0.13846209737486728
mr	0.585786437626905	0.2209289460626432	0.3796717189293072	0.2989350844248255	0.1103307985167213	0.078785678447364	0.08875900377927559	0.06614032360816449	0.07320026860727774	0.06983904454260642	0.11380799516235472	0.06160394776759485	0.11324234921627821	0.07635804014129509	0.08182614677907389	0.07356149708349169	0.09813335858231736	0.16265941452915686	0.20521309615767264	0.12492445500257081	1.0	0.09076181579330816	0.08572189182439782	0.09656552764449185	0.09925079383820504	0.06631657678011783	0.16130260861379025	0.25511479956321215	0.11798477761625727	0.14464140689610344	0.07368205572292623	0.11921892725498555	0.14182541104211702	0.44948974278317805	0.11299819686490441
nl	0.24257131419419417	0.5	0.10349458135637606	0.5	0.058340400640715225	0.03528949599770052	0.27429188517743175	0.027062504113010238	0.05605368205129471	0.03298618047022285	0.04028393351868135	0.22646721143623746	0.04700591155609219	0.04028796181675264	0.05493280467941885	0.07732522475958391	0.07380492774018929	0.21811614271537608	0.1318851701157122	0.11765830993744748	0.09076181579330816	1.0	0.045230179960751425	0.05768032474683817	0.07881021091292138	0.03643627783621204	0.1367359461242002	0.32037724101704074	0.04222616714520346	0.05848552657980983	0.05269957704250401	0.5	0.11551901191877972	0.5	0.03452424345120898
pl	0.25824569976124334	0.4142135623730951	0.09404765975846206	0.5	0.04431102456029	0.042940291523383856	0.10607720029881422	0.04078190781893165	0.039086365195553745	0.04324607212735665	0.048228360763861305	0.13569929549258627	0.0512264693481286	0.04891936447101516	0.042247389225364126	0.04266572850858011	0.057132373000764965	0.21238501982018376	0.133146447264277	0.09712180760616716	0.08572189182439782	0.045230179960751425	1.0	0.04902322407817203	0.0534063385550348	0.03697276912055001	0.13382657858804145	0.44948974278317805	0.0579749566046747	0.06602529054012346	0.04606565831899572	0.3333333333333333	0.06762055869022944	0.38742588672279304	0.04625814238373408
pt	0.2474401533514073	0.4142135623730951	0.10414409780008493	0.585786437626905	0.04701370407655196	0.03932230052254662	0.11773713085748996	0.03775714900975266	0.0320535680183507	0.038630425674413806	0.03913588982264001	0.12973190755680383	0.048542804015573045	0.04317102094799439	0.040081530230841426	0.05767278786036664	0.06152719202794571	0.19675422795565728	0.14776461419694728	0.10812665796094886	0.09656552764449185	0.05768032474683817	0.04902322407817203	1.0	0.06832304211500871	0.036977299355973076	0.15077929937384157	0.5	0.04131957149424509	0.04927335382537891	0.04231936635299931	0.3797958971132712	0.10336857637693526	0.585786437626905	0.038324586856838615
ro	0.24472009032316608	0.5	0.11167476494152555	0.5	0.07462709793374141	0.045612913393590034	0.1636978450110725	0.04260551267414922	0.08563786063744523	0.04703960927319137	0.04562717115002991	0.1995253393107056	0.05311612556369988	0.08257059374582805	0.05228005121697807	0.08582506305537814	0.09483423949938005	0.18961112625211746	0.11376540439611471	0.10747105009132996	0.09925079383820504	0.07881021091292138	0.0534063385550348	0.06832304211500871	1.0	0.048732074238930716	0.16924207093623658	0.585786437626905	0.057657844390826746	0.06370871435223102	0.05482347514038541	0.585786437626905	0.10570891800646498	0.3483314773547883	0.0453734188606693
ru	0.2474401533514073	0.3483314773547883	0.09664509148914478	0.44948974278317805	0.047020211264210604	0.038048511414563425	0.1376213949487087	0.047653913370587095	0.023669104328304897	0.042087955702095545	0.053359250467064634	0.07330143739248557	0.04945010964046054	0.0469014785385058	0.026182579097962653	0.03436744562186085	0.04181856392488467	0.13253467320031065	0.12403307801493647	0.08033508087405014	0.06631657678011783	0.03643627783621204	0.03697276912055001	0.036977299355973076	0.048732074238930716	1.0	0.13479409488439018	0.34833147735478825	0.038976101367528486	0.05412346018640302	0.03281119994800098	0.23233995969073964	0.05758744513744729	0.5	0.053257949860350186
sh	0.4142135623730951	0.44948974278317805	0.14591918002236726	0.585786437626905	0.16592820548465345	0.1421806048313234	0.28172904669025317	0.10681586680335087	0.18462460531749023	0.15225881209433406	0.09718283676003102	0.2989350844248255	0.07338338017002918	0.1788377977420068	0.2169643641194521	0.1765633506768389	0.15260705306097969	0.24025307335204216	0.1958903816827152	0.18541948236599776	0.16130260861379025	0.1367359461242002	0.13382657858804145	0.15077929937384157	0.16924207093623658	0.13479409488439018	1.0	0.5	0.08073304046685138	0.07752385915031987	0.1876127897984334	1.0	0.21498516621900873	0.5	0.06991165991209855
si	1.0	0.585786437626905	0.585786437626905	1.0	0.44948974278317805	0.38742588672279304	0.585786437626905	0.22772999919644132	0.44948974278317805	0.4142135623730951	0.5	0.5	0.44948974278317805	0.38742588672279304	0.44948974278317805	0.35388936786452296	0.38742588672279304	0.5	0.4356120478348471	0.2989350844248255	0.25511479956321215	0.32037724101704074	0.44948974278317805	0.5	0.585786437626905	0.34833147735478825	0.5	1.0	0.3090169943749474	0.38742588672279304	0.38742588672279304	1.0	0.5	1.0	0.21979723016032493
simple	0.24984994988708106	0.30216947925196225	0.14597977127415243	0.44948974278317805	0.06312342958826425	0.044370772324013395	0.06377928649323425	0.07636762499162927	0.03441176276120056	0.03874731617451928	0.0922502235922177	0.061486815778011045	0.0905754808333432	0.04479749980313925	0.03934991997444398	0.038728966824094366	0.044097448711256454	0.09951503825792543	0.09140919608928848	0.12892318496000735	0.11798477761625727	0.04222616714520346	0.0579749566046747	0.04131957149424509	0.057657844390826746	0.038976101367528486	0.08073304046685138	0.3090169943749474	1.0	0.08189761678501477	0.04627145670809558	0.1984636557839131	0.05165255277245064	0.2791745113185196	0.10989578497892102
sr	0.23722086788582378	0.2989350844248255	0.16071210670167746	0.5	0.07599827146508994	0.07374492568882737	0.06881523856875764	0.05594255188320191	0.04972649049437086	0.05122101627473144	0.08199058728726058	0.11811684356815093	0.0923624166796047	0.0630671568911936	0.04864982576964731	0.055178251888324856	0.07046977242174475	0.09885966357438074	0.1242885564987	0.14596138780123966	0.14464140689610344	0.05848552657980983	0.06602529054012346	0.04927335382537891	0.06370871435223102	0.05412346018640302	0.07752385915031987	0.38742588672279304	0.08189761678501477	1.0	0.07073909761015068	0.3797958971132712	0.07630287642005443	0.3726822671238253	0.09328879685259153
sv	0.44948974278317805	0.38742588672279304	0.09445119627995781	0.5	0.04770649743064005	0.03491216992115758	0.13983912577754518	0.028052085374417602	0.04286621848712668	0.03801689201649306	0.050551943381739704	0.11522335254749042	0.04803069699953451	0.055868037500478855	0.031601651701831115	0.054137789008635945	0.04567119231011857	0.18030816435569247	0.17145990729776905	0.09531658848632929	0.07368205572292623	0.05269957704250401	0.04606565831899572	0.04231936635299931	0.05482347514038541	0.03281119994800098	0.1876127897984334	0.38742588672279304	0.04627145670809558	0.07073909761015068	1.0	0.23059194095374205	0.08684769413096424	0.5	0.03747339536212184
te	1.0	0.585786437626905	0.585786437626905	0.585786437626905	0.40453726661826384	0.3333333333333333	0.2550052785013502	0.15920429962345084	0.3090169943749474	0.19629960366827198	0.3597752501562547	0.180776018740107	0.4364916731037085	0.3054265829344414	0.31451985913875646	0.2531422378252947	0.4485068563421602	0.585786437626905	0.5	0.16738709132338928	0.11921892725498555	0.5	0.3333333333333333	0.3797958971132712	0.585786437626905	0.23233995969073964	1.0	1.0	0.1984636557839131	0.3797958971132712	0.23059194095374205	1.0	0.4364916731037085	1.0	0.20695735860641462
vi	0.24257131419419417	0.44948974278317805	0.1253537041624904	0.585786437626905	0.07495408975690197	0.07650581813556584	0.23582845781094	0.0418493549265233	0.11490537152332962	0.07639069917555869	0.04599984683567065	0.2216368750839041	0.06342750306762444	0.05940749076139536	0.09162151306965112	0.0952917415333906	0.07769211717626055	0.24336073281110826	0.14997908642200025	0.13723433448014163	0.14182541104211702	0.11551901191877972	0.06762055869022944	0.10336857637693526	0.10570891800646498	0.05758744513744729	0.21498516621900873	0.5	0.05165255277245064	0.07630287642005443	0.08684769413096424	0.4364916731037085	1.0	0.44948974278317805	0.041890819676690616
war	0.2955966556179922	0.585786437626905	0.353889367864523	1.0	0.44948974278317805	0.44948974278317805	0.5	0.44948974278317805	0.585786437626905	0.44948974278317805	0.353889367864523	0.585786437626905	0.23371479611805132	0.5	0.4142135623730951	0.5	0.4134900434704663	1.0	0.2857142857142857	0.3266316347104093	0.44948974278317805	0.5	0.38742588672279304	0.585786437626905	0.3483314773547883	0.5	0.5	1.0	0.2791745113185196	0.3726822671238253	0.5	1.0	0.44948974278317805	1.0	0.2766967754673749
zh	0.20942771453851886	0.21089672205953397	0.1527260240438305	0.23162563658989563	0.06764527537310423	0.0554481490260847	0.05720867268703632	0.09119796264063194	0.02610142939133665	0.05429016496689542	0.13187399813205164	0.061530264145609276	0.07945853179492078	0.06547387046162861	0.02926553024943024	0.028992638703418713	0.047682730583818896	0.08980557453822408	0.09219963670561182	0.13846209737486728	0.11299819686490441	0.03452424345120898	0.04625814238373408	0.038324586856838615	0.0453734188606693	0.053257949860350186	0.06991165991209855	0.21979723016032493	0.10989578497892102	0.09328879685259153	0.03747339536212184	0.20695735860641462	0.041890819676690616	0.2766967754673749	1.0
