arz	bs	ceb	ckb	da	de	el	en	es	fr	he	hi	hu	id	it	ja	ko	lv	mk	ml	mr	nl	pl	pt	ro	ru	sh	si	simple	sr	sv	te	vi	war	zh
arz	1.0	0.0	0.0	0.0	0.0	0.0	0.0	0.0	0.0	0.0	0.0	0.0	0.007874015748031496	0.0	0.0	0.0	0.006993006993006993	0.0	0.07407407407407407	0.01818181818181818	0.0	0.0	0.0	0.0	0.014285714285714285	0.0	0.0	0.0	0.0035087719298245615	0.0	0.0	0.0	0.0	0.125	0.0
bs	0.0	1.0	0.0136986301369863	0.0	0.0	0.0	0.0	0.0	0.0	0.0	0.0	0.0	0.008264462809917356	0.0	0.0	0.0	0.0	0.0	0.0	0.0	0.009259259259259259	0.015873015873015872	0.0	0.0	0.0	0.0	0.0	0.0	0.0	0.0	0.0	0.0	0.0	0.0	0.0
ceb	0.0	0.0136986301369863	1.0	0.0	0.02976190476190476	0.007936507936507936	0.0	0.0024227740763173833	0.007633587786259542	0.005555555555555556	0.022388059701492536	0.009708737864077669	0.054945054945054944	0.011320754716981131	0.0045662100456621	0.00641025641025641	0.004830917874396135	0.0	0.0449438202247191	0.02564102564102564	0.028735632183908046	0.022900763358778626	0.0	0.004608294930875576	0.007462686567164179	0.0055248618784530384	0.03409090909090909	0.0136986301369863	0.011560693641618497	0.024539877300613498	0.0	0.0	0.036036036036036036	0.0	0.013605442176870748
ckb	0.0	0.0	0.0	1.0	0.0	0.0	0.0	0.0	0.0	0.0	0.0	0.0	0.008264462809917356	0.0	0.0	0.0	0.0	0.0	0.0	0.02040816326530612	0.009259259259259259	0.0	0.0	0.0	0.0	0.0	0.0	0.0	0.0	0.0	0.0	0.0	0.0	0.0	0.0
da	0.0	0.0	0.02976190476190476	0.0	1.0	0.025362318840579712	0.0	0.005973715651135006	0.0	0.012953367875647668	0.020202020202020204	0.007575757575757576	0.023148148148148147	0.006779661016949152	0.012195121951219513	0.0	0.025974025974025976	0.0	0.0	0.013605442176870748	0.009708737864077669	0.0	0.013392857142857142	0.02066115702479339	0.018633540372670808	0.015503875968992248	0.0	0.0	0.0160857908847185	0.015544041450777202	0.01048951048951049	0.0	0.02127659574468085	0.0	0.01461038961038961
de	0.0	0.0	0.007936507936507936	0.0	0.025362318840579712	1.0	0.0	0.003981797497155859	0.008333333333333333	0.012875536480686695	0.015873015873015872	0.009433962264150943	0.006666666666666667	0.018867924528301886	0.006097560975609756	0.0037593984962406013	0.009523809523809525	0.0	0.0	0.008771929824561403	0.003472222222222222	0.02092050209205021	0.009836065573770493	0.012345679012345678	0.00823045267489712	0.017167381974248927	0.0	0.0	0.017699115044247787	0.014652014652014652	0.008174386920980926	0.0	0.004464285714285714	0.0	0.02467343976777939
el	0.0	0.0	0.0	0.0	0.0	0.0	1.0	0.0	0.0	0.0	0.0	0.0	0.007936507936507936	0.0	0.0	0.0	0.007042253521126761	0.0	0.0	0.0	0.0	0.0	0.007575757575757576	0.0	0.0	0.0	0.0	0.0	0.0035211267605633804	0.0	0.0	0.05555555555555555	0.0	0.0	0.0
en	0.0	0.0	0.0024227740763173833	0.0	0.005973715651135006	0.003981797497155859	0.0	1.0	0.001218769043266301	0.008073196986006458	0.0062006764374295375	0.0006195786864931846	0.004127358490566038	0.005084745762711864	0.005810575246949448	0.003006614552014432	0.005851375073142188	0.0	0.0	0.0012277470841006752	0.0047562425683709865	0.003048780487804878	0.0029342723004694834	0.002318840579710145	0.004270896888346553	0.008606777837547068	0.00125	0.0	0.008672086720867209	0.0023894862604540022	0.0056785917092561046	0.0006273525721455458	0.0012315270935960591	0.0	0.010067114093959731
es	0.0	0.0	0.007633587786259542	0.0	0.0	0.008333333333333333	0.0	0.001218769043266301	1.0	0.0028653295128939827	0.0	0.0	0.0	0.0	0.0	0.013986013986013986	0.010309278350515464	0.0	0.0	0.0	0.0	0.0	0.0	0.0	0.0	0.005714285714285714	0.0	0.0	0.011976047904191617	0.006493506493506494	0.0	0.0	0.0	0.0	0.0
fr	0.0	0.0	0.005555555555555556	0.0	0.012953367875647668	0.012875536480686695	0.0	0.008073196986006458	0.0028653295128939827	1.0	0.006134969325153374	0.0	0.012345679012345678	0.014613778705636743	0.006896551724137931	0.013513513513513514	0.011876484560570071	0.0	0.0032258064516129032	0.005952380952380952	0.015345268542199489	0.002849002849002849	0.012165450121654502	0.01160092807424594	0.0	0.015706806282722512	0.0	0.0	0.008880994671403197	0.007853403141361256	0.004201680672268907	0.0	0.00909090909090909	0.0	0.02132998745294856
he	0.0	0.0	0.022388059701492536	0.0	0.020202020202020204	0.015873015873015872	0.0	0.0062006764374295375	0.0	0.006134969325153374	1.0	0.012987012987012988	0.015772870662460567	0.02313624678663239	0.011560693641618497	0.01773049645390071	0.024242424242424242	0.0	0.0182648401826484	0.012145748987854251	0.006514657980456026	0.0038022813688212928	0.012345679012345678	0.02654867256637168	0.011450381679389313	0.012295081967213115	0.004545454545454545	0.0	0.02564102564102564	0.020618556701030927	0.005154639175257732	0.0	0.012396694214876033	0.0	0.022535211267605635
hi	0.0	0.0	0.009708737864077669	0.0	0.007575757575757576	0.009433962264150943	0.0	0.0006195786864931846	0.0	0.0	0.012987012987012988	1.0	0.006622516556291391	0.0	0.0	0.0	0.0	0.0	0.019230769230769232	0.02564102564102564	0.014598540145985401	0.0	0.006369426751592357	0.0	0.0	0.009345794392523364	0.0	0.0	0.009771986970684038	0.007936507936507936	0.0045662100456621	0.0	0.0	0.0	0.0054249547920434
hu	0.007874015748031496	0.008264462809917356	0.054945054945054944	0.008264462809917356	0.023148148148148147	0.006666666666666667	0.007936507936507936	0.004127358490566038	0.0	0.012345679012345678	0.015772870662460567	0.006622516556291391	1.0	0.01282051282051282	0.019011406844106463	0.01990049751243781	0.015873015873015872	0.0	0.0	0.012048192771084338	0.04128440366972477	0.0055248618784530384	0.012345679012345678	0.023076923076923078	0.028089887640449437	0.01728395061728395	0.022058823529411766	0.0	0.036458333333333336	0.03365384615384615	0.0	0.0	0.025157232704402517	0.0	0.022222222222222223
id	0.0	0.0	0.011320754716981131	0.0	0.006779661016949152	0.018867924528301886	0.0	0.005084745762711864	0.0	0.014613778705636743	0.02313624678663239	0.0	0.01282051282051282	1.0	0.011764705882352941	0.0035714285714285713	0.00911854103343465	0.0	0.009302325581395349	0.0	0.0033112582781456954	0.0	0.00625	0.002932551319648094	0.01171875	0.012448132780082987	0.0	0.0	0.017167381974248927	0.010416666666666666	0.0026109660574412533	0.009708737864077669	0.004201680672268907	0.0	0.018387553041018388
it	0.0	0.0	0.0045662100456621	0.0	0.012195121951219513	0.006097560975609756	0.0	0.005810575246949448	0.0	0.006896551724137931	0.011560693641618497	0.0	0.019011406844106463	0.011764705882352941	1.0	0.004310344827586207	0.0035335689045936395	0.0	0.0	0.005128205128205128	0.003937007874015748	0.0	0.0	0.00684931506849315	0.0	0.002277904328018223	0.006024096385542169	0.0	0.011876484560570071	0.004132231404958678	0.009009009009009009	0.0	0.005263157894736842	0.0	0.0074962518740629685
ja	0.0	0.0	0.00641025641025641	0.0	0.0	0.0037593984962406013	0.0	0.003006614552014432	0.013986013986013986	0.013513513513513514	0.01773049645390071	0.0	0.01990049751243781	0.0035714285714285713	0.004310344827586207	1.0	0.018433179723502304	0.0	0.0	0.007575757575757576	0.0	0.00684931506849315	0.0	0.004347826086956522	0.006802721088435374	0.0026595744680851063	0.0	0.0	0.013966480446927373	0.00558659217877095	0.0	0.0	0.015873015873015872	0.0	0.0049504950495049506
ko	0.006993006993006993	0.0	0.004830917874396135	0.0	0.025974025974025976	0.009523809523809525	0.007042253521126761	0.005851375073142188	0.010309278350515464	0.011876484560570071	0.024242424242424242	0.0	0.015873015873015872	0.00911854103343465	0.0035335689045936395	0.018433179723502304	1.0	0.0	0.0	0.0	0.02100840336134454	0.0	0.007692307692307693	0.0035587188612099642	0.005050505050505051	0.01182033096926714	0.0	0.0	0.014705882352941176	0.008733624454148471	0.0030959752321981426	0.006802721088435374	0.011299435028248588	0.007352941176470588	0.018518518518518517
lv	0.0	0.0	0.0	0.0	0.0	0.0	0.0	0.0	0.0	0.0	0.0	0.0	0.0	0.0	0.0	0.0	0.0	1.0	0.0	0.0	0.0	0.0	0.007575757575757576	0.0	0.0	0.0	0.0	0.0	0.0035211267605633804	0.0	0.0	0.0	0.0	0.0	0.0018867924528301887
mk	0.07407407407407407	0.0	0.0449438202247191	0.0	0.0	0.0	0.0	0.0	0.0	0.0032258064516129032	0.0182648401826484	0.019230769230769232	0.0	0.009302325581395349	0.0	0.0	0.0	0.0	1.0	0.06153846153846154	0.015873015873015872	0.0	0.00684931506849315	0.0	0.012048192771084338	0.006430868167202572	0.0	0.045454545454545456	0.003355704697986577	0.03571428571428571	0.004807692307692308	0.0	0.015873015873015872	0.0	0.003683241252302026
ml	0.01818181818181818	0.0	0.02564102564102564	0.02040816326530612	0.013605442176870748	0.008771929824561403	0.0	0.0012277470841006752	0.0	0.005952380952380952	0.012145748987854251	0.02564102564102564	0.012048192771084338	0.0	0.005128205128205128	0.007575757575757576	0.0	0.0	0.06153846153846154	1.0	0.05442176870748299	0.009174311926605505	0.0	0.0051813471502590676	0.00909090909090909	0.0029498525073746312	0.0	0.0	0.009287925696594427	0.02142857142857143	0.0	0.0	0.0	0.0	0.0017513134851138354
mr	0.0	0.009259259259259259	0.028735632183908046	0.009259259259259259	0.009708737864077669	0.003472222222222222	0.0	0.0047562425683709865	0.0	0.015345268542199489	0.006514657980456026	0.014598540145985401	0.04128440366972477	0.0033112582781456954	0.003937007874015748	0.0	0.02100840336134454	0.0	0.015873015873015872	0.05442176870748299	1.0	0.011976047904191617	0.004310344827586207	0.003968253968253968	0.0	0.012690355329949238	0.008	0.009259259259259259	0.007853403141361256	0.01507537688442211	0.003401360544217687	0.00847457627118644	0.0	0.0	0.006379585326953748
nl	0.0	0.015873015873015872	0.022900763358778626	0.0	0.0	0.02092050209205021	0.0	0.003048780487804878	0.0	0.002849002849002849	0.0038022813688212928	0.0	0.0055248618784530384	0.0	0.0	0.00684931506849315	0.0	0.0	0.0	0.009174311926605505	0.011976047904191617	1.0	0.0	0.014634146341463415	0.0	0.0028328611898017	0.0	0.0	0.0029498525073746312	0.00641025641025641	0.008064516129032258	0.0	0.019417475728155338	0.0	0.006872852233676976
pl	0.0	0.0	0.0	0.0	0.013392857142857142	0.009836065573770493	0.007575757575757576	0.0029342723004694834	0.0	0.012165450121654502	0.012345679012345678	0.006369426751592357	0.012345679012345678	0.00625	0.0	0.0	0.007692307692307693	0.007575757575757576	0.00684931506849315	0.0	0.004310344827586207	0.0	1.0	0.011152416356877323	0.0106951871657754	0.004807692307692308	0.0	0.0	0.02278481012658228	0.023148148148148147	0.00641025641025641	0.0	0.011976047904191617	0.0	0.014040561622464899
pt	0.0	0.0	0.004608294930875576	0.0	0.02066115702479339	0.012345679012345678	0.0	0.002318840579710145	0.0	0.01160092807424594	0.02654867256637168	0.0	0.023076923076923078	0.002932551319648094	0.00684931506849315	0.004347826086956522	0.0035587188612099642	0.0	0.0	0.0051813471502590676	0.003968253968253968	0.014634146341463415	0.011152416356877323	1.0	0.00966183574879227	0.018604651162790697	0.012269938650306749	0.0	0.021686746987951807	0.016877637130801686	0.003003003003003003	0.0	0.0	0.0	0.01669195751138088
ro	0.014285714285714285	0.0	0.007462686567164179	0.0	0.018633540372670808	0.00823045267489712	0.0	0.004270896888346553	0.0	0.0	0.011450381679389313	0.0	0.028089887640449437	0.01171875	0.0	0.006802721088435374	0.005050505050505051	0.0	0.012048192771084338	0.00909090909090909	0.0	0.0	0.0106951871657754	0.00966183574879227	1.0	0.0	0.0	0.0	0.011869436201780416	0.032679738562091505	0.004	0.0	0.0	0.0	0.00686106346483705
ru	0.0	0.0	0.0055248618784530384	0.0	0.015503875968992248	0.017167381974248927	0.0	0.008606777837547068	0.005714285714285714	0.015706806282722512	0.012295081967213115	0.009345794392523364	0.01728395061728395	0.012448132780082987	0.002277904328018223	0.0026595744680851063	0.01182033096926714	0.0	0.006430868167202572	0.0029498525073746312	0.012690355329949238	0.0028328611898017	0.004807692307692308	0.018604651162790697	0.0	1.0	0.0	0.0	0.014234875444839857	0.005194805194805195	0.0	0.0	0.0029940119760479044	0.0	0.01240694789081886
sh	0.0	0.0	0.03409090909090909	0.0	0.0	0.0	0.0	0.00125	0.0	0.0	0.004545454545454545	0.0	0.022058823529411766	0.0	0.006024096385542169	0.0	0.0	0.0	0.0	0.0	0.008	0.0	0.0	0.012269938650306749	0.0	0.0	1.0	0.0	0.0	0.017857142857142856	0.0	0.0	0.0	0.0	0.0036968576709796672
si	0.0	0.0	0.0136986301369863	0.0	0.0	0.0	0.0	0.0	0.0	0.0	0.0	0.0	0.0	0.0	0.0	0.0	0.0	0.0	0.045454545454545456	0.0	0.009259259259259259	0.0	0.0	0.0	0.0	0.0	0.0	1.0	0.0	0.0	0.0	0.0	0.0	0.0	0.0
simple	0.0035087719298245615	0.0	0.011560693641618497	0.0	0.0160857908847185	0.017699115044247787	0.0035211267605633804	0.008672086720867209	0.011976047904191617	0.008880994671403197	0.02564102564102564	0.009771986970684038	0.036458333333333336	0.017167381974248927	0.011876484560570071	0.013966480446927373	0.014705882352941176	0.0035211267605633804	0.003355704697986577	0.009287925696594427	0.007853403141361256	0.0029498525073746312	0.02278481012658228	0.021686746987951807	0.011869436201780416	0.014234875444839857	0.0	0.0	1.0	0.021917808219178082	0.015250544662309368	0.0	0.01904761904761905	0.0	0.038860103626943004
sr	0.0	0.0	0.024539877300613498	0.0	0.015544041450777202	0.014652014652014652	0.0	0.0023894862604540022	0.006493506493506494	0.007853403141361256	0.020618556701030927	0.007936507936507936	0.03365384615384615	0.010416666666666666	0.004132231404958678	0.00558659217877095	0.008733624454148471	0.0	0.03571428571428571	0.02142857142857143	0.01507537688442211	0.00641025641025641	0.023148148148148147	0.016877637130801686	0.032679738562091505	0.005194805194805195	0.017857142857142856	0.0	0.021917808219178082	1.0	0.0071174377224199285	0.0	0.0	0.0	0.018092105263157895
sv	0.0	0.0	0.0	0.0	0.01048951048951049	0.008174386920980926	0.0	0.0056785917092561046	0.0	0.004201680672268907	0.005154639175257732	0.0045662100456621	0.0	0.0026109660574412533	0.009009009009009009	0.0	0.0030959752321981426	0.0	0.004807692307692308	0.0	0.003401360544217687	0.008064516129032258	0.00641025641025641	0.003003003003003003	0.004	0.0	0.0	0.0	0.015250544662309368	0.0071174377224199285	1.0	0.0	0.004347826086956522	0.0	0.007072135785007072
te	0.0	0.0	0.0	0.0	0.0	0.0	0.05555555555555555	0.0006273525721455458	0.0	0.0	0.0	0.0	0.0	0.009708737864077669	0.0	0.0	0.006802721088435374	0.0	0.0	0.0	0.00847457627118644	0.0	0.0	0.0	0.0	0.0	0.0	0.0	0.0	0.0	0.0	1.0	0.0	0.0	0.001869158878504673
vi	0.0	0.0	0.036036036036036036	0.0	0.02127659574468085	0.004464285714285714	0.0	0.0012315270935960591	0.0	0.00909090909090909	0.012396694214876033	0.0	0.025157232704402517	0.004201680672268907	0.005263157894736842	0.015873015873015872	0.011299435028248588	0.0	0.015873015873015872	0.0	0.0	0.019417475728155338	0.011976047904191617	0.0	0.0	0.0029940119760479044	0.0	0.0	0.01904761904761905	0.0	0.004347826086956522	0.0	1.0	0.0	0.005319148936170213
war	0.125	0.0	0.0	0.0	0.0	0.0	0.0	0.0	0.0	0.0	0.0	0.0	0.0	0.0	0.0	0.0	0.007352941176470588	0.0	0.0	0.0	0.0	0.0	0.0	0.0	0.0	0.0	0.0	0.0	0.0	0.0	0.0	0.0	0.0	1.0	0.0
zh	0.0	0.0	0.013605442176870748	0.0	0.01461038961038961	0.02467343976777939	0.0	0.010067114093959731	0.0	0.02132998745294856	0.022535211267605635	0.0054249547920434	0.022222222222222223	0.018387553041018388	0.0074962518740629685	0.0049504950495049506	0.018518518518518517	0.0018867924528301887	0.003683241252302026	0.0017513134851138354	0.006379585326953748	0.006872852233676976	0.014040561622464899	0.01669195751138088	0.00686106346483705	0.01240694789081886	0.0036968576709796672	0.0	0.038860103626943004	0.018092105263157895	0.007072135785007072	0.001869158878504673	0.005319148936170213	0.0	1.0
