arz	bs	ceb	ckb	da	de	el	en	es	fr	he	hi	hu	id	it	ja	ko	lv	mk	ml	mr	nl	pl	pt	ro	ru	sh	si	simple	sr	sv	te	vi	war	zh
arz	1.0	0.4831948349989084	1.0	1.0	0.5292647290598123	0.6284056874597398	1.0	0.2652912178117909	0.493034114007375	0.4133548240111029	1.0	1.0	0.35133511975653325	0.4821610611999266	0.3809115522069199	1.0	1.0	1.0	1.0	1.0	1.0	0.49759386850761606	0.5127961357690374	0.40566056309950166	0.3144574989963826	1.0	0.4624545229588467	1.0	0.6073702174526665	1.0	0.37393948446826825	1.0	0.4486525410952072	1.0	1.0
bs	0.4831948349989084	1.0	0.3199480237738546	0.7347168825662656	0.21312887139175885	0.22661505005777172	0.2577700205848412	0.21224231665160195	0.2419975087024042	0.221863438864566	0.26605842588501266	0.48470543340459615	0.24315569094184306	0.260451338900702	0.19292379510367813	0.2512569923310063	0.2748285672188794	0.30503860197447297	0.4117056449453576	0.4931444644030526	0.554000932329893	0.2569674154489757	0.2493484008079781	0.24239445058934278	0.19957547121658206	0.24707202633740402	0.22176285251176356	1.0	0.23755289044378897	0.24380754147744205	0.2358828355050962	1.0	0.26236809249225584	0.4185740255132528	0.24707202633740402
ceb	1.0	0.3199480237738546	1.0	1.0	0.21529777772728753	0.25693939440443575	1.0	0.11997791248487584	0.24519585462856494	0.18152832286648785	1.0	1.0	0.16889548759068157	0.23834640675515725	0.17003634656757896	1.0	1.0	1.0	1.0	1.0	1.0	0.21654039317721677	0.21393827674595	0.21340963372867483	0.17033862311669673	1.0	0.26462156529966036	1.0	0.42248290776549136	1.0	0.1620407161368004	1.0	0.20059881655446843	0.7079259635809065	0.6948828394802083
ckb	1.0	0.7347168825662656	1.0	1.0	0.3841229725954142	0.7162976956558118	1.0	0.5788148614446592	0.6475250169846578	0.3764699521395027	1.0	1.0	0.5189514631813511	0.5421448374928308	0.5108207943379718	1.0	1.0	1.0	1.0	1.0	1.0	0.7681586082882943	0.7199285383279771	0.6487871090048527	0.3775948958321308	1.0	0.7248485669756152	1.0	0.728099120889861	1.0	0.7179915061657696	1.0	1.0	1.0	1.0
da	0.5292647290598123	0.21312887139175885	0.21529777772728753	0.3841229725954142	1.0	0.12210180651898392	0.15696535678032314	0.09727384834263923	0.12232053444761981	0.1113114792565899	0.1443691064401364	0.2354214201117352	0.10412375046311946	0.1365367294011291	0.09693891494206895	0.13515688660734937	0.15061348447624845	0.1720866509377773	0.20216411743186896	0.22665116757449044	0.39713689792682944	0.11772711572191102	0.11648913539212162	0.11374684896286237	0.11891190437438498	0.13037581433891612	0.12367856834655012	0.6016441419741769	0.15512469995351688	0.13388351379149768	0.1093301865262543	0.6532373005191721	0.13344284615232802	0.1927737775334126	0.14122817885200625
de	0.6284056874597398	0.22661505005777172	0.25693939440443575	0.7162976956558118	0.12210180651898392	1.0	0.19792444320917846	0.05522791985538255	0.06595123284153648	0.05372288050384115	0.20251160297250406	0.5138351530701022	0.08619266046716609	0.09543459400866397	0.057598109896178286	0.17566894933530153	0.24920018794498175	0.3045501110862922	0.38757491166154345	0.4923829260028169	0.6347195024507913	0.06436628632919193	0.07822978013081089	0.06999253772914242	0.1252918140597276	0.10223702193239927	0.08587142722834526	1.0	0.1619419553452991	0.277858543644896	0.07045025578939387	1.0	0.11455505962916056	0.542529172179422	0.1741004505412541
el	1.0	0.2577700205848412	1.0	1.0	0.15696535678032314	0.19792444320917846	1.0	0.10084102891987858	0.18088034926996002	0.11687464875047468	1.0	1.0	0.12917905073031283	0.1615009278540284	0.10618739691775891	1.0	1.0	0.39917742647605636	1.0	1.0	1.0	0.15258215357112098	0.186610565417657	0.150170106555637	0.16745243393134113	0.5608516840807173	0.15319159778033584	1.0	0.22425871714604162	0.6926859289439793	0.15855580015245882	1.0	0.2010691450166865	0.7039424865283901	1.0
en	0.2652912178117909	0.21224231665160195	0.11997791248487584	0.5788148614446592	0.09727384834263923	0.05522791985538255	0.10084102891987858	1.0	0.06311220298353282	0.05186924104315602	0.10470621873215477	0.2067749503907758	0.07470820706547365	0.07687333914437557	0.0567861846463395	0.10029530672682564	0.11938450773330987	0.2046263293881276	0.16800500184286593	0.21635950122957426	0.3995346327073833	0.06192593899140277	0.06805858972948228	0.06271991196043211	0.09851053146413058	0.09039173384367717	0.07544387737493898	1.0	0.13960073162174072	0.11862809749349852	0.06447611508235991	0.4885180534720768	0.08994406260152413	0.29870386555749906	0.09816920296829172
es	0.493034114007375	0.2419975087024042	0.24519585462856494	0.6475250169846578	0.12232053444761981	0.06595123284153648	0.18088034926996002	0.06311220298353282	1.0	0.05586668736040645	0.1785139843694372	0.4260613655723442	0.09396842345144928	0.09329631373016252	0.06306707341277625	0.1670903012735563	0.21518066031243233	0.29797957355573107	0.36907438613907095	0.34872287032505245	1.0	0.07339065673007322	0.08523594415542668	0.07237499257751831	0.12339294791092592	0.10682298976860809	0.08683744709905764	1.0	0.1621868128730229	0.21496757569602393	0.07440567814350618	1.0	0.11781981502082825	0.49552586109632285	0.17061427728193135
fr	0.4133548240111029	0.221863438864566	0.18152832286648785	0.3764699521395027	0.1113114792565899	0.05372288050384115	0.11687464875047468	0.05186924104315602	0.05586668736040645	1.0	0.11518994050825762	0.27984709186179535	0.07633351683864063	0.0811248258772839	0.05145262035233028	0.09954773027712582	0.14708010560408116	0.2524419978475749	0.24467518440230934	0.308974323870777	0.49406109145589905	0.05851429513709189	0.06441685092469392	0.06113121961583984	0.11079820577239584	0.07410332450053801	0.07382798256276993	0.7248485669756152	0.1522378148842006	0.13310273394760053	0.06210365046163169	1.0	0.10136769427266175	0.3067631106558173	0.09933348322404686
he	1.0	0.26605842588501266	1.0	1.0	0.1443691064401364	0.20251160297250406	1.0	0.10470621873215477	0.1785139843694372	0.11518994050825762	1.0	1.0	0.11798099063811475	0.14248138453591422	0.11154543139747405	1.0	1.0	0.35886136775194216	1.0	1.0	1.0	0.11160861071904661	0.14660916989840705	0.12689368945677132	0.15600770023457605	0.6082009391506125	0.1331858341320339	1.0	0.18241393437705902	1.0	0.11258131234005488	1.0	0.16074677043651664	0.7026445955663437	1.0
hi	1.0	0.48470543340459615	1.0	1.0	0.2354214201117352	0.5138351530701022	1.0	0.2067749503907758	0.4260613655723442	0.27984709186179535	1.0	1.0	0.283744043573165	0.3009148995001638	0.2908634150781248	1.0	1.0	0.5589284409954081	1.0	1.0	1.0	0.310283539085747	0.37307103780140455	0.31678804145024475	0.2539339246865132	1.0	0.28677967720237413	1.0	0.3383811116568305	1.0	0.3165763977141656	1.0	0.33798748197052114	0.7111374370280843	1.0
hu	0.35133511975653325	0.24315569094184306	0.16889548759068157	0.5189514631813511	0.10412375046311946	0.08619266046716609	0.12917905073031283	0.07470820706547365	0.09396842345144928	0.07633351683864063	0.11798099063811475	0.283744043573165	1.0	0.10072674105689755	0.07193781890461431	0.11047762962778981	0.12560885813208592	0.250300044990313	0.25085841339391196	0.21237284278241028	0.48057046684117233	0.08508095664062632	0.09154234194453187	0.08505059436589024	0.11808992487373231	0.09938059376149334	0.09674111977677045	1.0	0.15818020625303444	0.14649869186388062	0.08748184215091027	0.5287231560340434	0.11793131201091218	0.325464462501719	0.11083237236601962
id	0.4821610611999266	0.260451338900702	0.23834640675515725	0.5421448374928308	0.1365367294011291	0.09543459400866397	0.1615009278540284	0.07687333914437557	0.09329631373016252	0.0811248258772839	0.14248138453591422	0.3009148995001638	0.10072674105689755	1.0	0.07914639548363772	0.12911830067649088	0.17568975737017153	0.2810604864381087	0.2550277093955598	0.34218719199612907	0.5088770143563336	0.10175359601937436	0.09873871156513565	0.09147857403805874	0.13702555733027488	0.10506245200173142	0.10639079117771688	1.0	0.14063775632272985	0.1540055561451851	0.09175599689510165	0.7280991208898608	0.13102601947094578	0.3341686308402221	0.12925607093445723
it	0.3809115522069199	0.19292379510367813	0.17003634656757896	0.5108207943379718	0.09693891494206895	0.057598109896178286	0.10618739691775891	0.0567861846463395	0.06306707341277625	0.05145262035233028	0.11154543139747405	0.2908634150781248	0.07193781890461431	0.07914639548363772	1.0	0.0991041716786384	0.1325048787190188	0.20547970077696304	0.1894503776900501	0.2367106413281926	0.43000593158049594	0.06537380717973669	0.06770430441956747	0.06068005681598624	0.10364728107281435	0.07496079715797377	0.07393265135543033	0.7248485669756152	0.13203568363921453	0.12082238304050764	0.060720833989297354	1.0	0.10333117320905233	0.21378334485550296	0.10075814936417495
ja	1.0	0.2512569923310063	1.0	1.0	0.13515688660734937	0.17566894933530153	1.0	0.10029530672682564	0.1670903012735563	0.09954773027712582	1.0	1.0	0.11047762962778981	0.12911830067649088	0.0991041716786384	1.0	1.0	0.38021961397246395	1.0	1.0	1.0	0.12201054313642443	0.16140168106810487	0.11112570132922307	0.14394677535825204	0.5583649136907292	0.1314103871833322	1.0	0.18493846044328094	0.690825013654182	0.10983218113670483	1.0	0.15539489368193649	0.7021690135599067	1.0
ko	1.0	0.2748285672188794	1.0	1.0	0.15061348447624845	0.24920018794498175	1.0	0.11938450773330987	0.21518066031243233	0.14708010560408116	1.0	1.0	0.12560885813208592	0.17568975737017153	0.1325048787190188	1.0	1.0	0.3654515051136611	1.0	1.0	1.0	0.15555332324514395	0.2125724292609779	0.15124934849477947	0.16382867302576148	0.5621489601205814	0.17482957398910842	1.0	0.24093935299379532	0.6157218703772439	0.14551175323342272	1.0	0.1770440957332062	0.7042230825271825	1.0
lv	1.0	0.30503860197447297	1.0	1.0	0.1720866509377773	0.3045501110862922	0.39917742647605636	0.2046263293881276	0.29797957355573107	0.2524419978475749	0.35886136775194216	0.5589284409954081	0.250300044990313	0.2810604864381087	0.20547970077696304	0.38021961397246395	0.3654515051136611	1.0	0.4799944762442094	0.5890337101170955	0.7155258672934655	0.27256051610844134	0.27533228299507406	0.24904244248813542	0.23267511696060594	0.34813170930996423	0.25994965905689443	1.0	0.2256523164247723	0.3958713151893034	0.2700321977082336	1.0	0.23888380511473514	0.5244998928451271	0.38021961397246407
mk	1.0	0.4117056449453576	1.0	1.0	0.20216411743186896	0.38757491166154345	1.0	0.16800500184286593	0.36907438613907095	0.24467518440230934	1.0	1.0	0.25085841339391196	0.2550277093955598	0.1894503776900501	1.0	1.0	0.4799944762442094	1.0	1.0	1.0	0.33889325322929065	0.33771987712456525	0.2738027494610312	0.23408989241710804	0.6954089837405417	0.2873395802921893	1.0	0.25864889479472075	1.0	0.33416117711832266	1.0	0.27872778149833716	0.709195387537678	1.0
ml	1.0	0.4931444644030526	1.0	1.0	0.22665116757449044	0.4923829260028169	1.0	0.21635950122957426	0.34872287032505245	0.308974323870777	1.0	1.0	0.21237284278241028	0.34218719199612907	0.2367106413281926	1.0	1.0	0.5890337101170955	1.0	1.0	1.0	0.3423935413505495	0.36374450545352294	0.30905398230212944	0.18469527057822838	1.0	0.3312628462030686	1.0	0.37670736152829093	1.0	0.3037302459462792	1.0	0.2970997789629737	1.0	1.0
mr	1.0	0.554000932329893	1.0	1.0	0.39713689792682944	0.6347195024507913	1.0	0.3995346327073833	1.0	0.49406109145589905	1.0	1.0	0.48057046684117233	0.5088770143563336	0.43000593158049594	1.0	1.0	0.7155258672934655	1.0	1.0	1.0	0.5441500381407307	0.5874701180628488	0.4592189226635324	0.3262069281056231	1.0	0.4049778585349761	1.0	0.5858783259646646	1.0	0.5243118279808623	1.0	0.5127723789060611	1.0	1.0
nl	0.49759386850761606	0.2569674154489757	0.21654039317721677	0.7681586082882943	0.11772711572191102	0.06436628632919193	0.15258215357112098	0.06192593899140277	0.07339065673007322	0.05851429513709189	0.11160861071904661	0.310283539085747	0.08508095664062632	0.10175359601937436	0.06537380717973669	0.12201054313642443	0.15555332324514395	0.27256051610844134	0.33889325322929065	0.3423935413505495	0.5441500381407307	1.0	0.07633404137743575	0.07042196986111941	0.12703221133432005	0.09168798594950127	0.08255393120204103	1.0	0.15189345063178025	0.1702181637254309	0.06623865129971207	1.0	0.10932396387475496	0.38994878462181015	0.1301341191079874
pl	0.5127961357690374	0.2493484008079781	0.21393827674595	0.7199285383279771	0.11648913539212162	0.07822978013081089	0.186610565417657	0.06805858972948228	0.08523594415542668	0.06441685092469392	0.14660916989840705	0.37307103780140455	0.09154234194453187	0.09873871156513565	0.06770430441956747	0.16140168106810487	0.2125724292609779	0.27533228299507406	0.33771987712456525	0.36374450545352294	0.5874701180628488	0.07633404137743575	1.0	0.08077586576614024	0.13288158620421633	0.09974547496951972	0.08511851765336635	1.0	0.15834370524010072	0.19362666426323694	0.07882272535326278	0.7221793916855704	0.12272237626614448	0.39518225269843954	0.15264947966674913
pt	0.40566056309950166	0.24239445058934278	0.21340963372867483	0.6487871090048527	0.11374684896286237	0.06999253772914242	0.150170106555637	0.06271991196043211	0.07237499257751831	0.06113121961583984	0.12689368945677132	0.31678804145024475	0.08505059436589024	0.09147857403805874	0.06068005681598624	0.11112570132922307	0.15124934849477947	0.24904244248813542	0.2738027494610312	0.30905398230212944	0.4592189226635324	0.07042196986111941	0.08077586576614024	1.0	0.11963795994448036	0.08864917729403048	0.08855391767017305	1.0	0.1561188659811545	0.1660773870224654	0.06952090746446092	1.0	0.10948155600443754	0.3714393275247026	0.12018710490516628
ro	0.3144574989963826	0.19957547121658206	0.17033862311669673	0.3775948958321308	0.11891190437438498	0.1252918140597276	0.16745243393134113	0.09851053146413058	0.12339294791092592	0.11079820577239584	0.15600770023457605	0.2539339246865132	0.11808992487373231	0.13702555733027488	0.10364728107281435	0.14394677535825204	0.16382867302576148	0.23267511696060594	0.23408989241710804	0.18469527057822838	0.3262069281056231	0.12703221133432005	0.13288158620421633	0.11963795994448036	1.0	0.13326223232576057	0.12453133403005409	0.4000997612874393	0.15689879775331372	0.17245785283916765	0.11994208495665656	0.3661924213307142	0.14718688545701372	0.2556700630950342	0.14666761248966248
ru	1.0	0.24707202633740402	1.0	1.0	0.13037581433891612	0.10223702193239927	0.5608516840807173	0.09039173384367717	0.10682298976860809	0.07410332450053801	0.6082009391506125	1.0	0.09938059376149334	0.10506245200173142	0.07496079715797377	0.5583649136907292	0.5621489601205814	0.34813170930996423	0.6954089837405417	1.0	1.0	0.09168798594950127	0.09974547496951972	0.08864917729403048	0.13326223232576057	1.0	0.09715120075732522	1.0	0.16390460727283063	0.5624272765132186	0.0868129573149442	1.0	0.13092903952443452	0.7014961547481128	0.6863733250853317
sh	0.4624545229588467	0.22176285251176356	0.26462156529966036	0.7248485669756152	0.12367856834655012	0.08587142722834526	0.15319159778033584	0.07544387737493898	0.08683744709905764	0.07382798256276993	0.1331858341320339	0.28677967720237413	0.09674111977677045	0.10639079117771688	0.07393265135543033	0.1314103871833322	0.17482957398910842	0.25994965905689443	0.2873395802921893	0.3312628462030686	0.4049778585349761	0.08255393120204103	0.08511851765336635	0.08855391767017305	0.12453133403005409	0.09715120075732522	1.0	1.0	0.1622026833627306	0.14755618637656137	0.08824427218467615	1.0	0.12270818313029179	0.3431200504935336	0.11530916967658242
si	1.0	1.0	1.0	1.0	0.6016441419741769	1.0	1.0	1.0	1.0	0.7248485669756152	1.0	1.0	1.0	1.0	0.7248485669756152	1.0	1.0	1.0	1.0	1.0	1.0	1.0	1.0	1.0	0.4000997612874393	1.0	1.0	1.0	0.7347168825662656	1.0	1.0	1.0	0.5936597225568959	1.0	1.0
simple	0.6073702174526665	0.23755289044378897	0.42248290776549136	0.728099120889861	0.15512469995351688	0.1619419553452991	0.22425871714604162	0.13960073162174072	0.1621868128730229	0.1522378148842006	0.18241393437705902	0.3383811116568305	0.15818020625303444	0.14063775632272985	0.13203568363921453	0.18493846044328094	0.24093935299379532	0.2256523164247723	0.25864889479472075	0.37670736152829093	0.5858783259646646	0.15189345063178025	0.15834370524010072	0.1561188659811545	0.15689879775331372	0.16390460727283063	0.1622026833627306	0.7347168825662656	1.0	0.21248709160095788	0.1449118427852415	1.0	0.1790566672606317	0.379396059277653	0.17461603097601713
sr	1.0	0.24380754147744205	1.0	1.0	0.13388351379149768	0.277858543644896	0.6926859289439793	0.11862809749349852	0.21496757569602393	0.13310273394760053	1.0	1.0	0.14649869186388062	0.1540055561451851	0.12082238304050764	0.690825013654182	0.6157218703772439	0.3958713151893034	1.0	1.0	1.0	0.1702181637254309	0.19362666426323694	0.1660773870224654	0.17245785283916765	0.5624272765132186	0.14755618637656137	1.0	0.21248709160095788	1.0	0.14355723733287526	1.0	0.1891541094626875	0.7026445955663437	0.6129098098439166
sv	0.37393948446826825	0.2358828355050962	0.1620407161368004	0.7179915061657696	0.1093301865262543	0.07045025578939387	0.15855580015245882	0.06447611508235991	0.07440567814350618	0.06210365046163169	0.11258131234005488	0.3165763977141656	0.08748184215091027	0.09175599689510165	0.060720833989297354	0.10983218113670483	0.14551175323342272	0.2700321977082336	0.33416117711832266	0.3037302459462792	0.5243118279808623	0.06623865129971207	0.07882272535326278	0.06952090746446092	0.11994208495665656	0.0868129573149442	0.08824427218467615	1.0	0.1449118427852415	0.14355723733287526	1.0	0.5998186767392314	0.10657029433100665	0.40666302020643247	0.11189142526852766
te	1.0	1.0	1.0	1.0	0.6532373005191721	1.0	1.0	0.4885180534720768	1.0	1.0	1.0	1.0	0.5287231560340434	0.7280991208898608	1.0	1.0	1.0	1.0	1.0	1.0	1.0	1.0	0.7221793916855704	1.0	0.3661924213307142	1.0	1.0	1.0	1.0	1.0	0.5998186767392314	1.0	0.6638546162332061	1.0	1.0
vi	0.4486525410952072	0.26236809249225584	0.20059881655446843	1.0	0.13344284615232802	0.11455505962916056	0.2010691450166865	0.08994406260152413	0.11781981502082825	0.10136769427266175	0.16074677043651664	0.33798748197052114	0.11793131201091218	0.13102601947094578	0.10333117320905233	0.15539489368193649	0.1770440957332062	0.23888380511473514	0.27872778149833716	0.2970997789629737	0.5127723789060611	0.10932396387475496	0.12272237626614448	0.10948155600443754	0.14718688545701372	0.13092903952443452	0.12270818313029179	0.5936597225568959	0.1790566672606317	0.1891541094626875	0.10657029433100665	0.6638546162332061	1.0	0.3451278519160257	0.1455688426202962
war	1.0	0.4185740255132528	0.7079259635809065	1.0	0.1927737775334126	0.542529172179422	0.7039424865283901	0.29870386555749906	0.49552586109632285	0.3067631106558173	0.7026445955663437	0.7111374370280843	0.325464462501719	0.3341686308402221	0.21378334485550296	0.7021690135599067	0.7042230825271825	0.5244998928451271	0.709195387537678	1.0	1.0	0.38994878462181015	0.39518225269843954	0.3714393275247026	0.2556700630950342	0.7014961547481128	0.3431200504935336	1.0	0.379396059277653	0.7026445955663437	0.40666302020643247	1.0	0.3451278519160257	1.0	0.7019395434758628
zh	1.0	0.24707202633740402	0.6948828394802083	1.0	0.14122817885200625	0.1741004505412541	1.0	0.09816920296829172	0.17061427728193135	0.09933348322404686	1.0	1.0	0.11083237236601962	0.12925607093445723	0.10075814936417495	1.0	1.0	0.38021961397246407	1.0	1.0	1.0	0.1301341191079874	0.15264947966674913	0.12018710490516628	0.14666761248966248	0.6863733250853317	0.11530916967658242	1.0	0.17461603097601713	0.6129098098439166	0.11189142526852766	1.0	0.1455688426202962	0.7019395434758628	1.0
