arz	bs	ceb	ckb	da	de	el	en	es	fr	he	hi	hu	id	it	ja	ko	lv	mk	ml	mr	nl	pl	pt	ro	ru	sh	si	simple	sr	sv	te	vi	war	zh
arz	0.017857142857142856	0.07692307692307693	0.04	0.2	0.04	0.018518518518518517	0.023255813953488372	0.01818181818181818	0.01818181818181818	0.018518518518518517	0.02702702702702703	0.05263157894736842	0.024390243902439025	0.024390243902439025	0.018518518518518517	0.02857142857142857	0.03571428571428571	0.06666666666666667	0.0625	0.0625	0.1111111111111111	0.02127659574468085	0.019230769230769232	0.02	0.030303030303030304	0.018518518518518517	0.02857142857142857	0.3333333333333333	0.05263157894736842	0.027777777777777776	0.02	1.0	0.029411764705882353	0.058823529411764705	0.02631578947368421
bs	0.07692307692307693	0.020433185373633946	0.043478260869565216	0.1	0.025000625	0.021739130434782608	0.024390243902439025	0.02083376736111111	0.021739130434782608	0.02173960302457467	0.024390243902439025	0.047619047619047616	0.023809523809523808	0.024390243902439025	0.022223703703703704	0.022727272727272728	0.02631578947368421	0.03333333333333333	0.034482758620689655	0.043478260869565216	0.06666666666666667	0.022727272727272728	0.022727272727272728	0.022727272727272728	0.02631578947368421	0.022222222222222223	0.02127659574468085	0.2	0.029412629757785465	0.022727272727272728	0.022222222222222223	0.5	0.029412629757785465	0.038461538461538464	0.022222222222222223
ceb	0.04	0.043478260869565216	0.0044444641975308645	0.08333333333333333	0.015873015873015872	0.004651162790697674	0.012658227848101266	0.005050505050505051	0.006493506493506494	0.005813953488372093	0.010752688172043012	0.030303030303030304	0.009523809523809525	0.011235955056179775	0.0064516129032258064	0.009900990099009901	0.013888888888888888	0.02564102564102564	0.025	0.027777777777777776	0.07142857142857142	0.007142857142857143	0.007407407407407408	0.007518796992481203	0.015384615384615385	0.006622516556291391	0.011111111111111112	0.14285714285714285	0.022222222222222223	0.01282051282051282	0.0058823529411764705	0.25	0.0125	0.02631578947368421	0.009523809523809525
ckb	0.2	0.1	0.08333333333333333	0.043478260869565216	0.0625	0.043478260869565216	0.0625	0.043478260869565216	0.043478260869565216	0.045454545454545456	0.05	0.07692307692307693	0.05263157894736842	0.05555555555555555	0.045454545454545456	0.047619047619047616	0.05263157894736842	0.07142857142857142	0.07692307692307693	0.08333333333333333	0.125	0.05	0.05263157894736842	0.045454545454545456	0.05555555555555555	0.043478260869565216	0.06666666666666667	0.3333333333333333	0.07692307692307693	0.047619047619047616	0.047619047619047616	0.5	0.058823529411764705	0.07692307692307693	0.05555555555555555
da	0.04	0.025000625	0.015873015873015872	0.0625	0.005453335634585548	0.005555555555555556	0.010309278350515464	0.005525106071243246	0.005952416383219955	0.005882456747404844	0.0070921985815602835	0.017543859649122806	0.007194451632938253	0.008000064	0.00588242214532872	0.0064516129032258064	0.00847457627118644	0.015873015873015872	0.01694915254237288	0.015625	0.03225806451612903	0.006134969325153374	0.006211295860499209	0.006172953818015546	0.009901382315459268	0.0058823529411764705	0.007462797950545779	0.09090909090909091	0.0136986301369863	0.008849557522123894	0.005988023952095809	0.08333333333333333	0.009009252495738982	0.02040816326530612	0.0070921985815602835
de	0.018518518518518517	0.021739130434782608	0.004651162790697674	0.043478260869565216	0.005555555555555556	0.0007168716041746543	0.0038461538461538464	0.0011507585799584456	0.0017361171392746913	0.0014925373134328358	0.0036101083032490976	0.011764705882352941	0.003389853490376329	0.003745318352059925	0.0016000076799999997	0.003257328990228013	0.0049261083743842365	0.012987012987012988	0.00980392156862745	0.011627906976744186	0.02564102564102564	0.0022123893805309734	0.0022883347559027904	0.0022779095168663508	0.005813953488372093	0.0018726591760299626	0.0035714285714285713	0.07142857142857142	0.00980392156862745	0.004975124378109453	0.002403846153846154	0.05263157894736842	0.004651162790697674	0.017241379310344827	0.003048780487804878
el	0.023255813953488372	0.024390243902439025	0.012658227848101266	0.0625	0.010309278350515464	0.0038461538461538464	0.003703703703703704	0.0037593984962406013	0.004132231404958678	0.004166666666666667	0.006535947712418301	0.02040816326530612	0.0064516129032258064	0.006896551724137931	0.00411522633744856	0.006493506493506494	0.008064516129032258	0.015873015873015872	0.015873015873015872	0.018518518518518517	0.037037037037037035	0.0049504950495049506	0.005050505050505051	0.004784688995215311	0.00909090909090909	0.004405286343612335	0.006211180124223602	0.1111111111111111	0.014084507042253521	0.007692307692307693	0.0051813471502590676	0.125	0.008333333333333333	0.02	0.006329113924050633
en	0.01818181818181818	0.02083376736111111	0.005050505050505051	0.043478260869565216	0.005525106071243246	0.0011507585799584456	0.0037593984962406013	0.001028561073501991	0.0016233818940799458	0.0014306663330611272	0.003472222222222222	0.01098901098901099	0.0033114008157536954	0.00355878218360963	0.0015361856177781548	0.0031446540880503146	0.004784688995215311	0.01282051282051282	0.009259259259259259	0.010869565217391304	0.025	0.0021231692969288815	0.002252313123934745	0.002183429949848401	0.005814054894537587	0.0017921146953405018	0.0033113350291653874	0.06666666666666667	0.009523809523809525	0.004784688995215311	0.0023420026435728818	0.05	0.004524968776233083	0.016666666666666666	0.0031545741324921135
es	0.01818181818181818	0.021739130434782608	0.006493506493506494	0.043478260869565216	0.005952416383219955	0.0017361171392746913	0.004132231404958678	0.0016233818940799458	0.001566472612602971	0.0018484288354898336	0.003816793893129771	0.011627906976744186	0.00361013436901302	0.0038461538461538464	0.0019379882519079382	0.0033783783783783786	0.005	0.012987012987012988	0.009174311926605505	0.011494252873563218	0.02631578947368421	0.002531645569620253	0.002531645569620253	0.0024154764405236993	0.006024132675279431	0.0021413276231263384	0.0035971223021582736	0.06666666666666667	0.01	0.005	0.002702710007304602	0.058823529411764705	0.00510204081632653	0.01694915254237288	0.0035587188612099642
fr	0.018518518518518517	0.02173960302457467	0.005813953488372093	0.045454545454545456	0.005882456747404844	0.0014925373134328358	0.004166666666666667	0.0014306663330611272	0.0018484288354898336	0.0013430731050307078	0.0036101083032490976	0.011111111111111112	0.0034482996432818073	0.003717513577755974	0.0017636995355984181	0.003236245954692557	0.004975124378109453	0.012658227848101266	0.009345794392523364	0.011111111111111112	0.025	0.0022883347559027904	0.0023753138382202757	0.0023640941378982724	0.005952416383219955	0.0020408163265306124	0.0034483234244946496	0.06666666666666667	0.009804017685505576	0.004901960784313725	0.002512607004873614	0.05263157894736842	0.004672897196261682	0.016666666666666666	0.0033444816053511705
he	0.02702702702702703	0.024390243902439025	0.010752688172043012	0.05	0.0070921985815602835	0.0036101083032490976	0.006535947712418301	0.003472222222222222	0.003816793893129771	0.0036101083032490976	0.0034602076124567475	0.015151515151515152	0.005263157894736842	0.00558659217877095	0.003787878787878788	0.004629629629629629	0.006172839506172839	0.013888888888888888	0.013888888888888888	0.013333333333333334	0.034482758620689655	0.00398406374501992	0.004098360655737705	0.004081632653061225	0.007575757575757576	0.0038314176245210726	0.005128205128205128	0.09090909090909091	0.011363636363636364	0.00641025641025641	0.004291845493562232	0.125	0.006369426751592357	0.01818181818181818	0.0049261083743842365
hi	0.05263157894736842	0.047619047619047616	0.030303030303030304	0.07692307692307693	0.017543859649122806	0.011764705882352941	0.02040816326530612	0.01098901098901099	0.011627906976744186	0.011111111111111112	0.015151515151515152	0.01098901098901099	0.014705882352941176	0.014492753623188406	0.012345679012345678	0.01282051282051282	0.015384615384615385	0.02564102564102564	0.030303030303030304	0.02	0.03333333333333333	0.013333333333333334	0.012987012987012988	0.012987012987012988	0.02	0.012345679012345678	0.015151515151515152	0.09090909090909091	0.021739130434782608	0.016666666666666666	0.014492753623188406	0.058823529411764705	0.015151515151515152	0.03225806451612903	0.0136986301369863
hu	0.024390243902439025	0.023809523809523808	0.009523809523809525	0.05263157894736842	0.007194451632938253	0.003389853490376329	0.0064516129032258064	0.0033114008157536954	0.00361013436901302	0.0034482996432818073	0.005263157894736842	0.014705882352941176	0.003204789437728215	0.005347622179644828	0.0034722825038580245	0.004424778761061947	0.006289308176100629	0.014285714285714285	0.0125	0.013157894736842105	0.029411764705882353	0.004032258064516129	0.004098427841977963	0.003921599384851981	0.007407517146776407	0.003703703703703704	0.005128336620644313	0.07692307692307693	0.011904903628117915	0.006493506493506494	0.0040816992919616825	0.08333333333333333	0.0064516129032258064	0.017241379310344827	0.004739336492890996
id	0.024390243902439025	0.024390243902439025	0.011235955056179775	0.05555555555555555	0.008000064	0.003745318352059925	0.006896551724137931	0.00355878218360963	0.0038461538461538464	0.003717513577755974	0.00558659217877095	0.014492753623188406	0.005347622179644828	0.0035406010503586482	0.0037736276254894986	0.005076142131979695	0.006944444444444444	0.014285714285714285	0.01282051282051282	0.014285714285714285	0.029411764705882353	0.004545495867768595	0.0044643056441326535	0.004291845493562232	0.007752058169581156	0.004016064257028112	0.005714285714285714	0.07692307692307693	0.012987012987012988	0.006944444444444444	0.004608294930875576	0.07692307692307693	0.0068494558078438725	0.019230769230769232	0.005208333333333333
it	0.018518518518518517	0.022223703703703704	0.0064516129032258064	0.045454545454545456	0.00588242214532872	0.0016000076799999997	0.00411522633744856	0.0015361856177781548	0.0019379882519079382	0.0017636995355984181	0.003787878787878788	0.012345679012345678	0.0034722825038580245	0.0037736276254894986	0.0014553558577461401	0.003401360544217687	0.005	0.01282051282051282	0.009615384615384616	0.011494252873563218	0.02631578947368421	0.0023923731141686317	0.0025316583880788334	0.002403880824704142	0.0059525581065759635	0.0021598272138228943	0.0035087965527854726	0.06666666666666667	0.01	0.005076142131979695	0.002590713844666971	0.06666666666666667	0.005025201383803439	0.016666666666666666	0.0035087719298245615
ja	0.02857142857142857	0.022727272727272728	0.009900990099009901	0.047619047619047616	0.0064516129032258064	0.003257328990228013	0.006493506493506494	0.0031446540880503146	0.0033783783783783786	0.003236245954692557	0.004629629629629629	0.01282051282051282	0.004424778761061947	0.005076142131979695	0.003401360544217687	0.0030864197530864196	0.00558659217877095	0.0136986301369863	0.011904761904761904	0.011764705882352941	0.02631578947368421	0.0037593984962406013	0.00392156862745098	0.003676470588235294	0.006944444444444444	0.0034129692832764505	0.004672897196261682	0.07142857142857142	0.01098901098901099	0.006329113924050633	0.003703703703703704	0.058823529411764705	0.005813953488372093	0.017543859649122806	0.004149377593360996
ko	0.03571428571428571	0.02631578947368421	0.013888888888888888	0.05263157894736842	0.00847457627118644	0.0049261083743842365	0.008064516129032258	0.004784688995215311	0.005	0.004975124378109453	0.006172839506172839	0.015384615384615385	0.006289308176100629	0.006944444444444444	0.005	0.00558659217877095	0.004761904761904762	0.014925373134328358	0.01818181818181818	0.013513513513513514	0.02857142857142857	0.005291005291005291	0.0055248618784530384	0.005263157894736842	0.00847457627118644	0.004975124378109453	0.0064516129032258064	0.07142857142857142	0.012345679012345678	0.007874015748031496	0.005319148936170213	0.07692307692307693	0.007751937984496124	0.02040816326530612	0.005780346820809248
lv	0.06666666666666667	0.03333333333333333	0.02564102564102564	0.07142857142857142	0.015873015873015872	0.012987012987012988	0.015873015873015872	0.01282051282051282	0.012987012987012988	0.012658227848101266	0.013888888888888888	0.02564102564102564	0.014285714285714285	0.014285714285714285	0.01282051282051282	0.0136986301369863	0.014925373134328358	0.012661112481974041	0.022222222222222223	0.024390243902439025	0.041666666666666664	0.013157894736842105	0.013157894736842105	0.013157894736842105	0.017543859649122806	0.01282051282051282	0.014925373134328358	0.16666666666666666	0.018867924528301886	0.015384615384615385	0.013513513513513514	0.14285714285714285	0.015625	0.025	0.0136986301369863
mk	0.0625	0.034482758620689655	0.025	0.07692307692307693	0.01694915254237288	0.00980392156862745	0.015873015873015872	0.009259259259259259	0.009174311926605505	0.009345794392523364	0.013888888888888888	0.030303030303030304	0.0125	0.01282051282051282	0.009615384615384616	0.011904761904761904	0.01818181818181818	0.022222222222222223	0.008928571428571428	0.03225806451612903	0.05555555555555555	0.011627906976744186	0.011363636363636364	0.011363636363636364	0.01694915254237288	0.01	0.014925373134328358	0.2	0.02127659574468085	0.014492753623188406	0.012048192771084338	0.25	0.015625	0.02857142857142857	0.012987012987012988
ml	0.0625	0.043478260869565216	0.027777777777777776	0.08333333333333333	0.015625	0.011627906976744186	0.018518518518518517	0.010869565217391304	0.011494252873563218	0.011111111111111112	0.013333333333333334	0.02	0.013157894736842105	0.014285714285714285	0.011494252873563218	0.011764705882352941	0.013513513513513514	0.024390243902439025	0.03225806451612903	0.010869565217391304	0.038461538461538464	0.011904761904761904	0.012345679012345678	0.012048192771084338	0.016666666666666666	0.011904761904761904	0.0136986301369863	0.08333333333333333	0.021739130434782608	0.015873015873015872	0.012195121951219513	0.06666666666666667	0.013888888888888888	0.03333333333333333	0.012195121951219513
mr	0.1111111111111111	0.06666666666666667	0.07142857142857142	0.125	0.03225806451612903	0.02564102564102564	0.037037037037037035	0.025	0.02631578947368421	0.025	0.034482758620689655	0.03333333333333333	0.029411764705882353	0.029411764705882353	0.02631578947368421	0.02631578947368421	0.02857142857142857	0.041666666666666664	0.05555555555555555	0.038461538461538464	0.025	0.027777777777777776	0.027777777777777776	0.02702702702702703	0.034482758620689655	0.02564102564102564	0.03225806451612903	0.1111111111111111	0.037037037037037035	0.03333333333333333	0.02857142857142857	0.06666666666666667	0.03125	0.05263157894736842	0.02702702702702703
nl	0.02127659574468085	0.022727272727272728	0.007142857142857143	0.05	0.006134969325153374	0.0022123893805309734	0.0049504950495049506	0.0021231692969288815	0.002531645569620253	0.0022883347559027904	0.00398406374501992	0.013333333333333334	0.004032258064516129	0.004545495867768595	0.0023923731141686317	0.0037593984962406013	0.005291005291005291	0.013157894736842105	0.011627906976744186	0.011904761904761904	0.027777777777777776	0.0020232102258148942	0.002976190476190476	0.002824858757062147	0.0064935486591330745	0.002680965147453083	0.003937038874077748	0.07692307692307693	0.010526315789473684	0.005494505494505495	0.0030303122130394856	0.0625	0.00529103328574228	0.016666666666666666	0.003875968992248062
pl	0.019230769230769232	0.022727272727272728	0.007407407407407408	0.05263157894736842	0.006211295860499209	0.0022883347559027904	0.005050505050505051	0.002252313123934745	0.002531645569620253	0.0023753138382202757	0.004098360655737705	0.012987012987012988	0.004098427841977963	0.0044643056441326535	0.0025316583880788334	0.00392156862745098	0.0055248618784530384	0.013157894736842105	0.011363636363636364	0.012345679012345678	0.027777777777777776	0.002976190476190476	0.002186141440139471	0.002967359050445104	0.006289308176100629	0.0025974025974025974	0.004032290582726327	0.07142857142857142	0.010416666666666666	0.005235602094240838	0.0030864197530864196	0.058823529411764705	0.005494505494505495	0.016666666666666666	0.003952569169960474
pt	0.02	0.022727272727272728	0.007518796992481203	0.045454545454545456	0.006172953818015546	0.0022779095168663508	0.004784688995215311	0.002183429949848401	0.0024154764405236993	0.0023640941378982724	0.004081632653061225	0.012987012987012988	0.003921599384851981	0.004291845493562232	0.002403880824704142	0.003676470588235294	0.005263157894736842	0.013157894736842105	0.011363636363636364	0.012048192771084338	0.02702702702702703	0.002824858757062147	0.002967359050445104	0.002135967115073187	0.006410297501643656	0.0025974025974025974	0.003937007874015748	0.06666666666666667	0.01020408163265306	0.00558659217877095	0.002932602927391405	0.0625	0.005319205522861023	0.016666666666666666	0.003861003861003861
ro	0.030303030303030304	0.02631578947368421	0.015384615384615385	0.05555555555555555	0.009901382315459268	0.005813953488372093	0.00909090909090909	0.005814054894537587	0.006024132675279431	0.005952416383219955	0.007575757575757576	0.02	0.007407517146776407	0.007752058169581156	0.0059525581065759635	0.006944444444444444	0.00847457627118644	0.017543859649122806	0.01694915254237288	0.016666666666666666	0.034482758620689655	0.0064935486591330745	0.006289308176100629	0.006410297501643656	0.00572786864759384	0.006172839506172839	0.007407517146776407	0.08333333333333333	0.015625	0.008403361344537815	0.006329153981733697	0.1111111111111111	0.008928651147959184	0.02127659574468085	0.007142857142857143
ru	0.018518518518518517	0.022222222222222223	0.006622516556291391	0.043478260869565216	0.0058823529411764705	0.0018726591760299626	0.004405286343612335	0.0017921146953405018	0.0021413276231263384	0.0020408163265306124	0.0038314176245210726	0.012345679012345678	0.003703703703703704	0.004016064257028112	0.0021598272138228943	0.0034129692832764505	0.004975124378109453	0.01282051282051282	0.01	0.011904761904761904	0.02564102564102564	0.002680965147453083	0.0025974025974025974	0.0025974025974025974	0.006172839506172839	0.0017482670301726246	0.003787878787878788	0.07142857142857142	0.00980392156862745	0.00510204081632653	0.0027548209366391185	0.05555555555555555	0.005208333333333333	0.016666666666666666	0.003703703703703704
sh	0.02857142857142857	0.02127659574468085	0.011111111111111112	0.06666666666666667	0.007462797950545779	0.0035714285714285713	0.006211180124223602	0.0033113350291653874	0.0035971223021582736	0.0034483234244946496	0.005128205128205128	0.015151515151515152	0.005128336620644313	0.005714285714285714	0.0035087965527854726	0.004672897196261682	0.0064516129032258064	0.014925373134328358	0.014925373134328358	0.0136986301369863	0.03225806451612903	0.003937038874077748	0.004032290582726327	0.003937007874015748	0.007407517146776407	0.003787878787878788	0.003296120429497232	0.07692307692307693	0.012048337930033388	0.005952380952380952	0.0042373419994254525	0.08333333333333333	0.007042303114461417	0.01818181818181818	0.005
si	0.3333333333333333	0.2	0.14285714285714285	0.3333333333333333	0.09090909090909091	0.07142857142857142	0.1111111111111111	0.06666666666666667	0.06666666666666667	0.06666666666666667	0.09090909090909091	0.09090909090909091	0.07692307692307693	0.07692307692307693	0.06666666666666667	0.07142857142857142	0.07142857142857142	0.16666666666666666	0.2	0.08333333333333333	0.1111111111111111	0.07692307692307693	0.07142857142857142	0.06666666666666667	0.08333333333333333	0.07142857142857142	0.07692307692307693	0.06666666666666667	0.1	0.1111111111111111	0.07692307692307693	0.2	0.07692307692307693	0.16666666666666666	0.06666666666666667
simple	0.05263157894736842	0.029412629757785465	0.022222222222222223	0.07692307692307693	0.0136986301369863	0.00980392156862745	0.014084507042253521	0.009523809523809525	0.01	0.009804017685505576	0.011363636363636364	0.021739130434782608	0.011904903628117915	0.012987012987012988	0.01	0.01098901098901099	0.012345679012345678	0.018867924528301886	0.02127659574468085	0.021739130434782608	0.037037037037037035	0.010526315789473684	0.010416666666666666	0.01020408163265306	0.015625	0.00980392156862745	0.012048337930033388	0.1	0.00953089052698921	0.013157894736842105	0.010638297872340425	0.09090909090909091	0.013513513513513514	0.022222222222222223	0.010752688172043012
sr	0.027777777777777776	0.022727272727272728	0.01282051282051282	0.047619047619047616	0.008849557522123894	0.004975124378109453	0.007692307692307693	0.004784688995215311	0.005	0.004901960784313725	0.00641025641025641	0.016666666666666666	0.006493506493506494	0.006944444444444444	0.005076142131979695	0.006329113924050633	0.007874015748031496	0.015384615384615385	0.014492753623188406	0.015873015873015872	0.03333333333333333	0.005494505494505495	0.005235602094240838	0.00558659217877095	0.008403361344537815	0.00510204081632653	0.005952380952380952	0.1111111111111111	0.013157894736842105	0.004739403876822174	0.005714285714285714	0.1111111111111111	0.008403361344537815	0.01818181818181818	0.006172839506172839
sv	0.02	0.022222222222222223	0.0058823529411764705	0.047619047619047616	0.005988023952095809	0.002403846153846154	0.0051813471502590676	0.0023420026435728818	0.002702710007304602	0.002512607004873614	0.004291845493562232	0.014492753623188406	0.0040816992919616825	0.004608294930875576	0.002590713844666971	0.003703703703703704	0.005319148936170213	0.013513513513513514	0.012048192771084338	0.012195121951219513	0.02857142857142857	0.0030303122130394856	0.0030864197530864196	0.002932602927391405	0.006329153981733697	0.0027548209366391185	0.0042373419994254525	0.07692307692307693	0.010638297872340425	0.005714285714285714	0.002287722178144972	0.07142857142857142	0.005319148936170213	0.01694915254237288	0.00390625
te	1.0	0.5	0.25	0.5	0.08333333333333333	0.05263157894736842	0.125	0.05	0.058823529411764705	0.05263157894736842	0.125	0.058823529411764705	0.08333333333333333	0.07692307692307693	0.06666666666666667	0.058823529411764705	0.07692307692307693	0.14285714285714285	0.25	0.06666666666666667	0.06666666666666667	0.0625	0.058823529411764705	0.0625	0.1111111111111111	0.05555555555555555	0.08333333333333333	0.2	0.09090909090909091	0.1111111111111111	0.07142857142857142	0.05	0.07142857142857142	0.25	0.06666666666666667
vi	0.029411764705882353	0.029412629757785465	0.0125	0.058823529411764705	0.009009252495738982	0.004651162790697674	0.008333333333333333	0.004524968776233083	0.00510204081632653	0.004672897196261682	0.006369426751592357	0.015151515151515152	0.0064516129032258064	0.0068494558078438725	0.005025201383803439	0.005813953488372093	0.007751937984496124	0.015625	0.015625	0.013888888888888888	0.03125	0.00529103328574228	0.005494505494505495	0.005319205522861023	0.008928651147959184	0.005208333333333333	0.007042303114461417	0.07692307692307693	0.013513513513513514	0.008403361344537815	0.005319148936170213	0.07142857142857142	0.004530832015122515	0.017857142857142856	0.005917159763313609
war	0.058823529411764705	0.038461538461538464	0.02631578947368421	0.07692307692307693	0.02040816326530612	0.017241379310344827	0.02	0.016666666666666666	0.01694915254237288	0.016666666666666666	0.01818181818181818	0.03225806451612903	0.017241379310344827	0.019230769230769232	0.016666666666666666	0.017543859649122806	0.02040816326530612	0.025	0.02857142857142857	0.03333333333333333	0.05263157894736842	0.016666666666666666	0.016666666666666666	0.016666666666666666	0.02127659574468085	0.016666666666666666	0.01818181818181818	0.16666666666666666	0.022222222222222223	0.01818181818181818	0.01694915254237288	0.25	0.017857142857142856	0.016666944444444443	0.017241379310344827
zh	0.02631578947368421	0.022222222222222223	0.009523809523809525	0.05555555555555555	0.0070921985815602835	0.003048780487804878	0.006329113924050633	0.0031545741324921135	0.0035587188612099642	0.0033444816053511705	0.0049261083743842365	0.0136986301369863	0.004739336492890996	0.005208333333333333	0.0035087719298245615	0.004149377593360996	0.005780346820809248	0.0136986301369863	0.012987012987012988	0.012195121951219513	0.02702702702702703	0.003875968992248062	0.003952569169960474	0.003861003861003861	0.007142857142857143	0.003703703703703704	0.005	0.06666666666666667	0.010752688172043012	0.006172839506172839	0.00390625	0.06666666666666667	0.005917159763313609	0.017241379310344827	0.002932551319648094
