arz	bs	ceb	ckb	da	de	el	en	es	fr	he	hi	hu	id	it	ja	ko	lv	mk	ml	mr	nl	pl	pt	ro	ru	sh	si	simple	sr	sv	te	tr	vi	war	zh
arz	1.0	0.9245471784492588	0.8334628949804391	1.0	0.876667822129778	0.9027340293821389	1.0	0.8289912302574384	0.6711863859605557	0.7716014625808864	1.0	1.0	0.49519913945973026	0.8432273347278795	0.9999999999999998	1.0	1.0	0.6141300304631111	1.0	1.0	1.0	0.9999999999999998	0.9138771546921388	0.2971229681583851	0.866725317623669	1.0	0.398388478628423	1.0	0.8888377267196906	1.0	0.8238972788126367	1.0	1.0	0.8033526856728207	1.0	0.36285914037736666
bs	0.9245471784492588	1.0	0.7646751673238023	0.8447440073177624	0.7692106721274631	0.7353641274141595	0.8447440073177624	0.6329412594545136	0.6682001849741555	0.6439652684961139	0.8447440073177624	0.8461601477672712	0.4384496356172607	0.7379124769557985	0.8123926151565787	0.8447440073177624	0.8447440073177624	0.5643439563750572	0.8447440073177624	0.8447440073177624	0.8447440073177624	0.797026444263756	0.7588584396968275	0.33314303574902976	0.7678065755071415	0.8447440073177624	0.3163822125761914	0.8987830089450143	0.8031037440339803	0.8447440073177624	0.685609214812164	0.8519561782795336	0.48393221103635925	0.6781123128151034	0.4357405297648021	0.23366572590939858
ceb	0.8334628949804391	0.7646751673238023	1.0	0.8004161334952932	0.7427005472869068	0.7105671533916093	0.7947969967591637	0.6271726003468053	0.6522518368263669	0.6292295483285989	0.7988156918627343	0.8018572658639952	0.43426379850313945	0.7107640693006677	0.773827591979563	0.7947969967591637	0.7947969967591637	0.5612740630108768	0.8004161334952932	0.8004161334952932	0.8004161334952932	0.7646664624788327	0.7325608376222239	0.3338865796084609	0.745745805628546	0.7947969967591637	0.313732631259394	0.8430952050173783	0.7682738974016446	0.7988156918627343	0.6711638171266097	0.8165978670082235	-1.0	0.6665983667872991	0.43575534956464324	0.22971555367348606
ckb	1.0	0.8447440073177624	0.8004161334952932	1.0	0.80759193633136	0.7644380985302922	1.0	0.6485531107947299	0.6855376553258358	0.6576435019462672	1.0	1.0	0.4414663850126415	0.7676670295558962	0.8764752417832754	1.0	1.0	0.5704088904127622	1.0	1.0	1.0	0.8541611324349497	0.7929831265968075	0.3345283434812963	0.805197081538542	1.0	0.31670978842199937	1.0	0.860351500286644	1.0	0.7041592195285029	1.0	1.0	0.695532221571538	0.43894106704013647	0.23417309189456645
da	0.876667822129778	0.7692106721274631	0.7427005472869068	0.80759193633136	1.0	0.7168463422438635	0.805973738428507	0.6253139633758693	0.6570451641984943	0.6332521183549028	0.805973738428507	0.8070098049596444	0.43811508262683835	0.7183890494385483	0.7815303188254253	0.805973738428507	0.805973738428507	0.5580753949100256	0.80759193633136	0.80759193633136	0.80759193633136	0.7723480917626102	0.7347196138413379	0.3321249837559793	0.7453344204752994	0.805973738428507	0.3158418574689656	0.8702434078104814	0.7742807499524585	0.805973738428507	0.6681121294782448	0.8112515187882535	0.33775835937068444	0.6672804493522864	0.432046175997982	0.23417772062735787
de	0.9027340293821389	0.7353641274141595	0.7105671533916093	0.7644380985302922	0.7168463422438635	1.0	0.7547937104103584	0.6072643107545587	0.6333659615349946	0.610568317782335	0.7618407014680634	0.7667879407002477	0.4270174748632099	0.6925598986495513	0.747556132156013	0.757463945922259	0.7534133530855278	0.5488802923075679	0.7644380985302922	0.7644380985302922	0.7644380985302922	0.7354579037383575	0.7122053745546368	0.3299804362197586	0.7153666047782435	0.7563305999640817	0.3132335359925184	0.8582906207590931	0.7323063688011388	0.7618407014680634	0.651902009518276	0.7776000407121456	0.2868306725945932	0.6508790499898193	0.43196004462543236	0.23332425355818764
el	1.0	0.8447440073177624	0.7947969967591637	1.0	0.805973738428507	0.7547937104103584	1.0	0.6404988730099583	0.677215766462393	0.6484262991349099	1.0	1.0	0.43443812344475036	0.7569629935473979	0.874686934247734	1.0	1.0	0.5704088904127622	1.0	1.0	1.0	0.8546225011627987	0.7893241504592726	0.3338748832838817	0.8039908541251812	1.0	0.31670978842199937	1.0	0.8579403335499972	1.0	0.6984060686968039	1.0	0.7126076878862918	0.6942299141121289	0.43894106704013647	0.23437422103017913
en	0.8289912302574384	0.6329412594545136	0.6271726003468053	0.6485531107947299	0.6253139633758693	0.6072643107545587	0.6404988730099583	1.0	0.5738135937509392	0.5430529076929946	0.6461234792719325	0.6500457955802521	0.41013671322410666	0.6038262619537883	0.6374173686847069	0.644051123301472	0.6333753292870933	0.5206243751246689	0.6485531107947298	0.6485531107947299	0.6485531107947299	0.6374804609139233	0.6183296134570876	0.32731310000912145	0.624591427031728	0.6427888252158086	0.30840751983529324	0.7321479885074502	0.6362755304478025	0.6461234792719325	0.5800980748184656	0.6711912037140069	0.31302875658541046	0.5856423741232137	0.41690874464661976	0.23151990952300402
es	0.6711863859605557	0.6682001849741555	0.6522518368263669	0.6855376553258358	0.6570451641984943	0.6333659615349946	0.677215766462393	0.5738135937509392	1.0	0.5738960869182244	0.6840596436621723	0.6865054711640526	0.4180603705656658	0.6353160780193597	0.6738829710895962	0.6806207002492485	0.6746431920880414	0.5339033311090701	0.6855376553258358	0.6855376553258358	0.6855376553258358	0.6728940264642174	0.6505457970680649	0.32604056842609574	0.6530655374794773	0.6790376014506816	0.313594864480116	0.7506344504647247	0.6714499671690665	0.6840596436621724	0.6054161602614728	0.7052833275316197	0.2726703358380472	0.6049300224791568	0.42509957236808404	0.23382577506296975
fr	0.7716014625808864	0.6439652684961139	0.6292295483285989	0.6576435019462672	0.6332521183549028	0.610568317782335	0.6484262991349099	0.5430529076929946	0.5738960869182244	1.0	0.6560838165659904	0.6592912214067888	0.41355409591649683	0.6107539980495889	0.6457073001884438	0.6502000984195515	0.6406622957435985	0.5214352573439417	0.6576435019462672	0.6576435019462672	0.6576435019462672	0.6445301221746189	0.6283001662716726	0.32788501335317716	0.6259171520284926	0.6499873015455386	0.3099438375475237	0.7159562953128245	0.6453042529973295	0.6560838165659904	0.5829335463536441	0.6753047733460321	0.33244640121984903	0.5893242736171945	0.42240073055545707	0.23137397122735123
he	1.0	0.8447440073177624	0.7988156918627343	1.0	0.805973738428507	0.7618407014680634	1.0	0.6461234792719325	0.6840596436621723	0.6560838165659904	1.0	1.0	0.4392987716948156	0.7637987657473377	0.8746869342477344	1.0	1.0	0.5704088904127622	1.0	1.0	1.0	0.8541611324349498	0.7927267808767066	0.33325351157820166	0.8047612345781633	1.0	0.3167097884219993	1.0	0.8583719051160512	1.0	0.7032043492585702	1.0	0.6395657813917609	0.6954672217154244	0.43894106704013647	0.23556581112845845
hi	1.0	0.8461601477672712	0.8018572658639952	1.0	0.8070098049596444	0.7667879407002477	1.0	0.6500457955802521	0.6865054711640526	0.6592912214067888	1.0	1.0	0.4452324272802205	0.7696473705666628	0.876574038334432	1.0	1.0	0.5734440912183149	1.0	1.0	1.0	0.8549785325290494	0.7938958526884381	0.33478136158680355	0.8099364726285441	1.0	0.31852283211945887	1.0	0.8618594359112285	1.0	0.7079638525823385	1.0	0.5846701681620466	0.6974574571488962	0.45293059828543886	0.23548328512614936
hu	0.49519913945973026	0.4384496356172607	0.43426379850313945	0.4414663850126415	0.43811508262683835	0.4270174748632099	0.43443812344475036	0.41013671322410666	0.4180603705656658	0.41355409591649683	0.4392987716948156	0.4452324272802205	1.0	0.42656469052852425	0.4392287116130653	0.4371457222956438	0.43349540762013417	0.406096464930048	0.4414663850126415	0.4414663850126415	0.4414663850126415	0.4393036084692754	0.43173211186138033	0.29528874604338307	0.43552046046089865	0.4371690952931714	0.2852947408474328	0.5225314590234856	0.4352593479045896	0.4392987716948156	0.4209209133556714	0.4594384818807551	0.657312113971931	0.42471327500353767	0.35757797804316127	0.22521170460228587
id	0.8432273347278795	0.7379124769557985	0.7107640693006677	0.7676670295558962	0.7183890494385483	0.6925598986495513	0.7569629935473979	0.6038262619537883	0.6353160780193597	0.6107539980495889	0.7637987657473377	0.7696473705666628	0.42656469052852425	1.0	0.7455125254886857	0.7583915234721221	0.7537884750677716	0.5490919304227334	0.7676670295558962	0.7676670295558962	0.7676670295558962	0.7434092030910419	0.7106887760112638	0.3312655247887354	0.7150398059314085	0.7575995490739307	0.3148765934296729	0.8092023261465241	0.7379070192581582	0.7637987657473377	0.6461126016081101	0.7750327624991494	0.32368474289969945	0.6525995280048517	0.4330522968526706	0.23320162927208554
it	0.9999999999999998	0.8123926151565787	0.773827591979563	0.8764752417832754	0.7815303188254253	0.747556132156013	0.874686934247734	0.6374173686847069	0.6738829710895962	0.6457073001884438	0.8746869342477344	0.876574038334432	0.4392287116130653	0.7455125254886857	1.0	0.8743241337951698	0.8743241337951696	0.5660092400834611	0.8764752417832754	0.8764752417832756	0.8764752417832756	0.8161431016948957	0.7695450042084304	0.33210107962778757	0.7819334785521082	0.8746869342477344	0.31706120132823185	0.9116825651003441	0.8182837437299466	0.8746869342477344	0.6915758743035944	0.879612083073221	0.29537365193024573	0.6872734058796897	0.4374424074965614	0.23558695220847578
ja	1.0	0.8447440073177624	0.7947969967591637	1.0	0.805973738428507	0.757463945922259	1.0	0.644051123301472	0.6806207002492485	0.6502000984195515	1.0	1.0	0.4371457222956438	0.7583915234721221	0.8743241337951698	1.0	1.0	0.5704088904127622	1.0	1.0	1.0	0.8546225011627986	0.7893241504592727	0.3338748832838818	0.8039228312177531	1.0	0.3167097884219993	1.0	0.8579403335499972	1.0	0.7005018525672129	1.0	0.38658390711913376	0.6942299141121289	0.43894106704013647	0.23413708792652121
ko	1.0	0.8447440073177624	0.7947969967591637	1.0	0.805973738428507	0.7534133530855278	1.0	0.6333753292870933	0.6746431920880414	0.6406622957435985	1.0	1.0	0.43349540762013417	0.7537884750677716	0.8743241337951696	1.0	1.0	0.5704088904127622	1.0	1.0	1.0	0.8546225011627986	0.7893241504592727	0.33389256807309964	0.8039908541251811	1.0	0.3167097884219993	1.0	0.8579403335499972	1.0	0.6926336105935443	1.0	0.5320047131314173	0.6942299141121289	0.43894106704013647	0.2345597424169934
lv	0.6141300304631111	0.5643439563750572	0.5612740630108768	0.5704088904127622	0.5580753949100256	0.5488802923075679	0.5704088904127622	0.5206243751246689	0.5339033311090701	0.5214352573439417	0.5704088904127622	0.5734440912183149	0.406096464930048	0.5490919304227334	0.5660092400834611	0.5704088904127622	0.5704088904127622	1.0	0.5704088904127622	0.5704088904127622	0.5704088904127622	0.5629505808679427	0.5557573761215386	0.31868147662688995	0.5564528235116493	0.5704088904127622	0.3083304458268019	0.6815308697336311	0.5662635206315817	0.5704088904127622	0.5376516212740902	0.5954691661464404	0.4880864534512365	0.5304297169077774	0.40302382866143077	0.22817740378466925
mk	1.0	0.8447440073177624	0.8004161334952932	1.0	0.80759193633136	0.7644380985302922	1.0	0.6485531107947298	0.6855376553258358	0.6576435019462672	1.0	1.0	0.4414663850126415	0.7676670295558962	0.8764752417832754	1.0	1.0	0.5704088904127622	1.0	1.0	1.0	0.8541611324349497	0.7929831265968074	0.3345283434812963	0.805197081538542	1.0	0.3167097884219993	1.0	0.8603515002866438	1.0	0.7041592195285029	1.0	0.5982311734420862	0.695532221571538	0.43894106704013647	0.23417309189456645
ml	1.0	0.8447440073177624	0.8004161334952932	1.0	0.80759193633136	0.7644380985302922	1.0	0.6485531107947299	0.6855376553258358	0.6576435019462672	1.0	1.0	0.4414663850126415	0.7676670295558962	0.8764752417832756	1.0	1.0	0.5704088904127622	1.0	1.0	1.0	0.8541611324349497	0.7929831265968074	0.3345283434812963	0.805197081538542	1.0	0.31670978842199937	1.0	0.8603515002866438	1.0	0.7041592195285029	1.0	0.6035670054046118	0.695532221571538	0.43894106704013647	0.23417309189456645
mr	1.0	0.8447440073177624	0.8004161334952932	1.0	0.80759193633136	0.7644380985302922	1.0	0.6485531107947299	0.6855376553258358	0.6576435019462672	1.0	1.0	0.4414663850126415	0.7676670295558962	0.8764752417832756	1.0	1.0	0.5704088904127622	1.0	1.0	1.0	0.8541611324349497	0.7929831265968075	0.3345283434812963	0.805197081538542	1.0	0.31670978842199937	1.0	0.8603515002866438	1.0	0.7041592195285029	1.0	1.0	0.695532221571538	0.43894106704013647	0.23417309189456645
nl	0.9999999999999998	0.797026444263756	0.7646664624788327	0.8541611324349497	0.7723480917626102	0.7354579037383575	0.8546225011627987	0.6374804609139233	0.6728940264642174	0.6445301221746189	0.8541611324349498	0.8549785325290494	0.4393036084692754	0.7434092030910419	0.8161431016948957	0.8546225011627986	0.8546225011627986	0.5629505808679427	0.8541611324349497	0.8541611324349497	0.8541611324349497	1.0	0.7604001781671327	0.3331260839201326	0.7686117944237036	0.8546225011627986	0.31580659392360866	0.8863773249418141	0.80739500973561	0.8541611324349497	0.6875400265987709	0.8639697181345232	0.33557664849950686	0.6796008863164453	0.4384715217812369	0.2323736851528015
pl	0.9138771546921388	0.7588584396968275	0.7325608376222239	0.7929831265968075	0.7347196138413379	0.7122053745546368	0.7893241504592726	0.6183296134570876	0.6505457970680649	0.6283001662716726	0.7927267808767066	0.7938958526884381	0.43173211186138033	0.7106887760112638	0.7695450042084304	0.7893241504592727	0.7893241504592727	0.5557573761215386	0.7929831265968074	0.7929831265968074	0.7929831265968075	0.7604001781671327	1.0	0.3292889851509103	0.7356796425547992	0.7893241504592727	0.3151026391845105	0.8571967777998587	0.7655163428566604	0.7927267808767066	0.6662627295352687	0.8055948501750577	0.3223716135233103	0.661758957623577	0.4377141516826627	0.2345267423408745
pt	0.2971229681583851	0.33314303574902976	0.3338865796084609	0.3345283434812963	0.3321249837559793	0.3299804362197586	0.3338748832838817	0.32731310000912145	0.32604056842609574	0.32788501335317716	0.33325351157820166	0.33478136158680355	0.29528874604338307	0.3312655247887354	0.33210107962778757	0.3338748832838818	0.33389256807309964	0.31868147662688995	0.3345283434812963	0.3345283434812963	0.3345283434812963	0.3331260839201326	0.3292889851509103	1.0	0.33256070588730186	0.3338748832838818	0.24940303138153344	0.37906439949464465	0.33264610579360393	0.33325351157820166	0.3295729349930292	0.34630416890702964	0.33367385834722635	0.3305890389822553	0.3016859773043688	0.20998481768786162
ro	0.866725317623669	0.7678065755071415	0.745745805628546	0.805197081538542	0.7453344204752994	0.7153666047782435	0.8039908541251812	0.624591427031728	0.6530655374794773	0.6259171520284926	0.8047612345781633	0.8099364726285441	0.43552046046089865	0.7150398059314085	0.7819334785521082	0.8039228312177531	0.8039908541251811	0.5564528235116493	0.805197081538542	0.805197081538542	0.805197081538542	0.7686117944237036	0.7356796425547992	0.33256070588730186	1.0	0.8039908541251811	0.3158285326355258	0.8578611429682853	0.7726959386746078	0.8047612345781633	0.6747843206440854	0.8150244270043375	0.6020422654992481	0.6639312671819669	0.4343722252842282	0.2326750447794059
ru	1.0	0.8447440073177624	0.7947969967591637	1.0	0.805973738428507	0.7563305999640817	1.0	0.6427888252158086	0.6790376014506816	0.6499873015455386	1.0	1.0	0.4371690952931714	0.7575995490739307	0.8746869342477344	1.0	1.0	0.5704088904127622	1.0	1.0	1.0	0.8546225011627986	0.7893241504592727	0.3338748832838818	0.8039908541251811	1.0	0.3167097884219993	1.0	0.8579403335499972	1.0	0.6995569894468194	1.0	0.34554306442194704	0.6942299141121289	0.43894106704013647	0.23437422103017913
sh	0.398388478628423	0.3163822125761914	0.313732631259394	0.31670978842199937	0.3158418574689656	0.3132335359925184	0.31670978842199937	0.30840751983529324	0.313594864480116	0.3099438375475237	0.3167097884219993	0.31852283211945887	0.2852947408474328	0.3148765934296729	0.31706120132823185	0.3167097884219993	0.3167097884219993	0.3083304458268019	0.3167097884219993	0.31670978842199937	0.31670978842199937	0.31580659392360866	0.3151026391845105	0.24940303138153344	0.3158285326355258	0.3167097884219993	1.0	0.3621579423020542	0.31580603851619443	0.3167097884219993	0.3136466464077255	0.32369252502752666	0.49832607359407627	0.3120084113522862	0.27719968618936547	0.2070687596048695
si	1.0	0.8987830089450143	0.8430952050173783	1.0	0.8702434078104814	0.8582906207590931	1.0	0.7321479885074502	0.7506344504647247	0.7159562953128245	1.0	1.0	0.5225314590234856	0.8092023261465241	0.9116825651003441	1.0	1.0	0.6815308697336311	1.0	1.0	1.0	0.8863773249418141	0.8571967777998587	0.37906439949464465	0.8578611429682853	1.0	0.3621579423020542	1.0	0.9054519604393351	1.0	0.7835063727867202	1.0	1.0	0.7898771518766151	0.7111374370280844	0.2183520615809688
simple	0.8888377267196906	0.8031037440339803	0.7682738974016446	0.860351500286644	0.7742807499524585	0.7323063688011388	0.8579403335499972	0.6362755304478025	0.6714499671690665	0.6453042529973295	0.8583719051160512	0.8618594359112285	0.4352593479045896	0.7379070192581582	0.8182837437299466	0.8579403335499972	0.8579403335499972	0.5662635206315817	0.8603515002866438	0.8603515002866438	0.8603515002866438	0.80739500973561	0.7655163428566604	0.33264610579360393	0.7726959386746078	0.8579403335499972	0.31580603851619443	0.9054519604393351	1.0	0.8583719051160512	0.6888173629526655	0.8665822810953989	0.3992256028055105	0.6823712687453316	0.43738155589786504	0.23504686636708932
sr	1.0	0.8447440073177624	0.7988156918627343	1.0	0.805973738428507	0.7618407014680634	1.0	0.6461234792719325	0.6840596436621724	0.6560838165659904	1.0	1.0	0.4392987716948156	0.7637987657473377	0.8746869342477344	1.0	1.0	0.5704088904127622	1.0	1.0	1.0	0.8541611324349497	0.7927267808767066	0.33325351157820166	0.8047612345781633	1.0	0.3167097884219993	1.0	0.8583719051160512	1.0	0.7032043492585702	1.0	0.5123723345616854	0.6954672217154244	0.43894106704013647	0.23556581112845845
sv	0.8238972788126367	0.685609214812164	0.6711638171266097	0.7041592195285029	0.6681121294782448	0.651902009518276	0.6984060686968039	0.5800980748184656	0.6054161602614728	0.5829335463536441	0.7032043492585702	0.7079638525823385	0.4209209133556714	0.6461126016081101	0.6915758743035944	0.7005018525672129	0.6926336105935443	0.5376516212740902	0.7041592195285029	0.7041592195285029	0.7041592195285029	0.6875400265987709	0.6662627295352687	0.3295729349930292	0.6747843206440854	0.6995569894468194	0.3136466464077255	0.7835063727867202	0.6888173629526655	0.7032043492585702	1.0	0.7265478520221581	0.430461832005428	0.6211546601444029	0.42772764333238605	0.233459169955509
te	1.0	0.8519561782795336	0.8165978670082235	1.0	0.8112515187882535	0.7776000407121456	1.0	0.6711912037140069	0.7052833275316197	0.6753047733460321	1.0	1.0	0.4594384818807551	0.7750327624991494	0.879612083073221	1.0	1.0	0.5954691661464404	1.0	1.0	1.0	0.8639697181345232	0.8055948501750577	0.34630416890702964	0.8150244270043375	1.0	0.32369252502752666	1.0	0.8665822810953989	1.0	0.7265478520221581	1.0	1.0	0.7160557633434875	0.4909092167048256	0.25201978784025075
tr	1.0	0.48393221103635925	-1.0	1.0	0.33775835937068444	0.2868306725945932	0.7126076878862918	0.31302875658541046	0.2726703358380472	0.33244640121984903	0.6395657813917609	0.5846701681620466	0.657312113971931	0.32368474289969945	0.29537365193024573	0.38658390711913376	0.5320047131314173	0.4880864534512365	0.5982311734420862	0.6035670054046118	1.0	0.33557664849950686	0.3223716135233103	0.33367385834722635	0.6020422654992481	0.34554306442194704	0.49832607359407627	1.0	0.3992256028055105	0.5123723345616854	0.430461832005428	1.0	1.0	0.6332460537063271	1.0	0.4802904692981353
vi	0.8033526856728207	0.6781123128151034	0.6665983667872991	0.695532221571538	0.6672804493522864	0.6508790499898193	0.6942299141121289	0.5856423741232137	0.6049300224791568	0.5893242736171945	0.6954672217154244	0.6974574571488962	0.42471327500353767	0.6525995280048517	0.6872734058796897	0.6942299141121289	0.6942299141121289	0.5304297169077774	0.695532221571538	0.695532221571538	0.695532221571538	0.6796008863164453	0.661758957623577	0.3305890389822553	0.6639312671819669	0.6942299141121289	0.3120084113522862	0.7898771518766151	0.6823712687453316	0.6954672217154244	0.6211546601444029	0.7160557633434875	0.6332460537063271	1.0	0.4298756556662913	0.23312284246549286
war	1.0	0.4357405297648021	0.43575534956464324	0.43894106704013647	0.432046175997982	0.43196004462543236	0.43894106704013647	0.41690874464661976	0.42509957236808404	0.42240073055545707	0.43894106704013647	0.45293059828543886	0.35757797804316127	0.4330522968526706	0.4374424074965614	0.43894106704013647	0.43894106704013647	0.40302382866143077	0.43894106704013647	0.43894106704013647	0.43894106704013647	0.4384715217812369	0.4377141516826627	0.3016859773043688	0.4343722252842282	0.43894106704013647	0.27719968618936547	0.7111374370280844	0.43738155589786504	0.43894106704013647	0.42772764333238605	0.4909092167048256	1.0	0.4298756556662913	1.0	0.22318991219788542
zh	0.36285914037736666	0.23366572590939858	0.22971555367348606	0.23417309189456645	0.23417772062735787	0.23332425355818764	0.23437422103017913	0.23151990952300402	0.23382577506296975	0.23137397122735123	0.23556581112845845	0.23548328512614936	0.22521170460228587	0.23320162927208554	0.23558695220847578	0.23413708792652121	0.2345597424169934	0.22817740378466925	0.23417309189456645	0.23417309189456645	0.23417309189456645	0.2323736851528015	0.2345267423408745	0.20998481768786162	0.2326750447794059	0.23437422103017913	0.2070687596048695	0.2183520615809688	0.23504686636708932	0.23556581112845845	0.233459169955509	0.25201978784025075	0.4802904692981353	0.23312284246549286	0.22318991219788542	1.0
