arz	bs	ceb	ckb	da	de	el	en	es	fr	he	hi	hu	id	it	ja	ko	lv	mk	ml	mr	nl	pl	pt	ro	ru	sh	si	simple	sr	sv	te	tr	vi	war	zh
arz	1.0	0.38278390538625157	0.5642670943910084	1.0	0.25148540183549983	0.0	0.0	0.0	0.0	0.0	1.0	1.0	0.2753495345791544	0.3996432246522551	0.0	0.0	0.0	0.44786494486538864	1.0	1.0	1.0	0.0	0.0	0.0	0.2838488695462079	0.0	0.5891411690779456	1.0	0.37973592289834274	1.0	0.0	1.0	1.0	0.36892718019799464	0.6403847484256922	0.0
bs	0.38278390538625157	1.0	0.36834992086999346	0.45680225793241985	0.20198937577915654	0.0	0.0	0.0	0.0	0.0	0.3490178692803132	0.37915700931941204	0.23902337034133253	0.3180439858108586	0.0	0.0	0.0	0.30279082935155677	0.3189223456371947	0.3695783629418427	0.3741887567263296	0.0	0.0	0.0	0.17243634412319575	0.0	0.279876036684446	0.5416356023471844	0.2799418250884666	0.3470059165877032	0.0	0.5388829845784668	0.3503103719382835	0.2892001083650848	0.43468602441003096	0.0
ceb	0.5642670943910084	0.36834992086999346	1.0	0.5474432959530507	0.22062276389756838	0.0	0.0	0.0	0.0	0.0	0.3862188727135485	0.46650352880413176	0.23365789354224728	0.30012905535041956	0.0	0.0	0.0	0.3158025262747216	0.4469452327579215	0.4168152923476074	0.5016385478145081	0.0	0.0	0.0	0.2984648908229289	0.0	0.366853856580052	0.6701591524560107	0.3458257312565595	0.4144208215068449	0.0	0.7322034805959264	-1.0	0.30386316165482913	0.5221822795987447	0.0
ckb	1.0	0.45680225793241985	0.5474432959530507	1.0	0.25985241649614715	0.0	0.0	0.0	0.0	0.0	1.0	1.0	0.30866158962512724	0.3698482610779032	0.0	0.0	0.0	0.46784547804755894	1.0	1.0	1.0	0.0	0.0	0.0	0.2721721528339153	0.0	0.37204621799138915	1.0	0.3921071097618346	0.7128329397683223	0.0	1.0	1.0	0.36824406962257855	0.7763354016084122	0.0
da	0.25148540183549983	0.20198937577915654	0.22062276389756838	0.25985241649614715	1.0	0.0	0.0	0.0	0.0	0.0	0.1912824852062341	0.17252892082223018	0.17072878587920784	0.12936335061105766	0.0	0.0	0.0	0.13006602403882558	0.17047746818218146	0.1752728066703782	0.1990417603509725	0.0	0.0	0.0	0.1322552563311213	0.0	0.14132393942049193	0.2948004294547331	0.1425672763513273	0.17134545056951925	0.0	0.2949249710147286	0.3094581790050843	0.15760309311776172	0.27251825345861175	0.0
de	0.0	0.0	0.0	0.0	0.0	1.0	1.0	1.0	1.0	1.0	0.0	0.0	0.0	0.0	1.0	1.0	1.0	0.0	0.0	0.0	0.0	0.0	0.0	1.0	0.0	1.0	0.0	0.0	0.0	0.0	1.0	0.0	0.28970174711140495	0.0	0.0	1.0
el	0.0	0.0	0.0	0.0	0.0	1.0	1.0	1.0	1.0	0.0	0.0	0.0	0.0	0.0	0.0	1.0	1.0	0.0	0.0	0.0	0.0	0.0	0.0	0.0	0.0	1.0	0.0	0.0	0.0	0.0	0.0	0.0	0.7510341748895939	0.0	0.0	1.0
en	0.0	0.0	0.0	0.0	0.0	1.0	1.0	1.0	1.0	1.0	0.0	0.0	0.0	0.0	1.0	1.0	1.0	0.0	0.0	0.0	0.0	0.0	0.0	1.0	0.0	1.0	0.0	0.0	0.0	0.0	1.0	0.0	0.3529534237980739	0.0	0.0	1.0
es	0.0	0.0	0.0	0.0	0.0	1.0	1.0	1.0	1.0	1.0	0.0	0.0	0.0	0.0	1.0	1.0	1.0	0.0	0.0	0.0	0.0	0.0	0.0	1.0	0.0	1.0	0.0	0.0	0.0	0.0	1.0	0.0	0.37121714817296625	0.0	0.0	1.0
fr	0.0	0.0	0.0	0.0	0.0	1.0	0.0	1.0	1.0	1.0	0.0	0.0	0.0	0.0	1.0	0.0	0.0	0.0	0.0	0.0	0.0	0.0	0.0	1.0	0.0	0.0	0.0	0.0	0.0	0.0	1.0	0.0	0.3562867602852989	0.0	0.0	1.0
he	1.0	0.3490178692803132	0.3862188727135485	1.0	0.1912824852062341	0.0	0.0	0.0	0.0	0.0	1.0	1.0	0.27497539747870386	0.16241724040458358	0.0	0.0	0.0	0.2056686746098054	1.0	1.0	1.0	0.0	0.0	0.0	0.20238109307943505	0.0	0.2047337245062552	1.0	0.21585619058482533	0.7000881940917204	0.0	1.0	0.7455134344225701	0.3246961892808461	0.6291358608399945	0.0
hi	1.0	0.37915700931941204	0.46650352880413176	1.0	0.17252892082223018	0.0	0.0	0.0	0.0	0.0	1.0	1.0	0.2459617333145539	0.1781431548190486	0.0	0.0	0.0	0.28329787193879014	1.0	1.0	1.0	0.0	0.0	0.0	0.19069099167610154	0.0	0.22181258888099675	1.0	0.1798846437135304	1.0	0.0	1.0	0.7455134344225701	0.32671388797948175	0.6291358608399945	0.0
hu	0.2753495345791544	0.23902337034133253	0.23365789354224728	0.30866158962512724	0.17072878587920784	0.0	0.0	0.0	0.0	0.0	0.27497539747870386	0.2459617333145539	1.0	0.14786833717444486	0.0	0.0	0.0	0.1526714903164889	0.2650782248686006	0.26193646567518625	0.25191968371044765	0.0	0.0	0.0	0.1699594506328176	0.0	0.18152766201946244	0.3478735466147799	0.18558968603426487	0.2731732824541693	0.0	0.45494048918370095	0.7106922308883379	0.21947795253986369	0.29217666357389954	0.0
id	0.3996432246522551	0.3180439858108586	0.30012905535041956	0.3698482610779032	0.12936335061105766	0.0	0.0	0.0	0.0	0.0	0.16241724040458358	0.1781431548190486	0.14786833717444486	1.0	0.0	0.0	0.0	0.1328167205197647	0.14850313303908222	0.22268196777305221	0.1683761621341675	0.0	0.0	0.0	0.1293337377917465	0.0	0.13339678144623895	0.3259689177014131	0.12633987287376575	0.15600611369876335	0.0	0.46125185335228186	0.4918098023570912	0.14167017749889052	0.4899332400662134	0.0
it	0.0	0.0	0.0	0.0	0.0	1.0	0.0	1.0	1.0	1.0	0.0	0.0	0.0	0.0	1.0	0.0	0.0	0.0	0.0	0.0	0.0	0.0	0.0	1.0	0.0	0.0	0.0	0.0	0.0	0.0	1.0	0.0	0.3684358561078797	0.0	0.0	1.0
ja	0.0	0.0	0.0	0.0	0.0	1.0	1.0	1.0	1.0	0.0	0.0	0.0	0.0	0.0	0.0	1.0	1.0	0.0	0.0	0.0	0.0	0.0	0.0	0.0	0.0	1.0	0.0	0.0	0.0	0.0	0.0	0.0	0.49869846599931544	0.0	0.0	1.0
ko	0.0	0.0	0.0	0.0	0.0	1.0	1.0	1.0	1.0	0.0	0.0	0.0	0.0	0.0	0.0	1.0	1.0	0.0	0.0	0.0	0.0	0.0	0.0	0.0	0.0	1.0	0.0	0.0	0.0	0.0	0.0	0.0	0.6740515375688697	0.0	0.0	1.0
lv	0.44786494486538864	0.30279082935155677	0.3158025262747216	0.46784547804755894	0.13006602403882558	0.0	0.0	0.0	0.0	0.0	0.2056686746098054	0.28329787193879014	0.1526714903164889	0.1328167205197647	0.0	0.0	0.0	1.0	0.19869439668143762	0.287418904930359	0.2982067274263613	0.0	0.0	0.0	0.14338146014161746	0.0	0.16411880176302818	0.6167131210802118	0.1493345147590404	0.18177914163736533	0.0	0.6221982196391783	0.548405630617134	0.1698492617221887	0.5195184065391815	0.0
mk	1.0	0.3189223456371947	0.4469452327579215	1.0	0.17047746818218146	0.0	0.0	0.0	0.0	0.0	1.0	1.0	0.2650782248686006	0.14850313303908222	0.0	0.0	0.0	0.19869439668143762	1.0	1.0	1.0	0.0	0.0	0.0	0.17524313605822367	0.0	0.16805988631396296	1.0	0.19190382241029977	0.5747479002639628	0.0	1.0	0.7510341748895937	0.320124840664304	0.6315278236410585	0.0
ml	1.0	0.3695783629418427	0.4168152923476074	1.0	0.1752728066703782	0.0	0.0	0.0	0.0	0.0	1.0	1.0	0.26193646567518625	0.22268196777305221	0.0	0.0	0.0	0.287418904930359	1.0	1.0	1.0	0.0	0.0	0.0	0.24148579234347148	0.0	0.17001801698270527	1.0	0.24541380328195134	0.7019395434758626	0.0	1.0	0.6223041007404059	0.33583699487217755	0.7710370547764415	0.0
mr	1.0	0.3741887567263296	0.5016385478145081	1.0	0.1990417603509725	0.0	0.0	0.0	0.0	0.0	1.0	1.0	0.25191968371044765	0.1683761621341675	0.0	0.0	0.0	0.2982067274263613	1.0	1.0	1.0	0.0	0.0	0.0	0.21309617633155872	0.0	0.22969363523952932	1.0	0.2573480890439168	0.7042230825271826	0.0	1.0	1.0	0.3462306539339276	0.7710370547764415	0.0
nl	0.0	0.0	0.0	0.0	0.0	0.0	0.0	0.0	0.0	0.0	0.0	0.0	0.0	0.0	0.0	0.0	0.0	0.0	0.0	0.0	0.0	1.0	0.0	0.0	0.0	0.0	0.0	0.0	0.0	0.0	0.0	0.0	0.3623846269955256	0.0	0.0	0.0
pl	0.0	0.0	0.0	0.0	0.0	0.0	0.0	0.0	0.0	0.0	0.0	0.0	0.0	0.0	0.0	0.0	0.0	0.0	0.0	0.0	0.0	0.0	0.0	0.0	0.0	0.0	0.0	0.0	0.0	0.0	0.0	0.0	0.23713002700507202	0.0	0.0	0.0
pt	0.0	0.0	0.0	0.0	0.0	1.0	0.0	1.0	1.0	1.0	0.0	0.0	0.0	0.0	1.0	0.0	0.0	0.0	0.0	0.0	0.0	0.0	0.0	1.0	0.0	0.0	0.0	0.0	0.0	0.0	1.0	0.0	0.327346155952018	0.0	0.0	1.0
ro	0.2838488695462079	0.17243634412319575	0.2984648908229289	0.2721721528339153	0.1322552563311213	0.0	0.0	0.0	0.0	0.0	0.20238109307943505	0.19069099167610154	0.1699594506328176	0.1293337377917465	0.0	0.0	0.0	0.14338146014161746	0.17524313605822367	0.24148579234347148	0.21309617633155872	0.0	0.0	0.0	1.0	0.0	0.16156483036502087	0.4266649571799287	0.16401871503569276	0.18665949476295204	0.0	0.4781094265806775	0.6278350360215451	0.17833424550231022	0.4384729556890314	0.0
ru	0.0	0.0	0.0	0.0	0.0	1.0	1.0	1.0	1.0	0.0	0.0	0.0	0.0	0.0	0.0	1.0	1.0	0.0	0.0	0.0	0.0	0.0	0.0	0.0	0.0	1.0	0.0	0.0	0.0	0.0	0.0	0.0	0.41357962927046993	0.0	0.0	1.0
sh	0.5891411690779456	0.279876036684446	0.366853856580052	0.37204621799138915	0.14132393942049193	0.0	0.0	0.0	0.0	0.0	0.2047337245062552	0.22181258888099675	0.18152766201946244	0.13339678144623895	0.0	0.0	0.0	0.16411880176302818	0.16805988631396296	0.17001801698270527	0.22969363523952932	0.0	0.0	0.0	0.16156483036502087	0.0	1.0	0.7302324097399568	0.14273688488571357	0.1795228359283149	0.0	0.34910574027447316	0.6653831741459443	0.15326314602034594	0.5782702642299736	0.0
si	1.0	0.5416356023471844	0.6701591524560107	1.0	0.2948004294547331	0.0	0.0	0.0	0.0	0.0	1.0	1.0	0.3478735466147799	0.3259689177014131	0.0	0.0	0.0	0.6167131210802118	1.0	1.0	1.0	0.0	0.0	0.0	0.4266649571799287	0.0	0.7302324097399568	1.0	0.5179276045416688	1.0	0.0	1.0	1.0	0.3820730138700568	0.7834965055871609	0.0
simple	0.37973592289834274	0.2799418250884666	0.3458257312565595	0.3921071097618346	0.1425672763513273	0.0	0.0	0.0	0.0	0.0	0.21585619058482533	0.1798846437135304	0.18558968603426487	0.12633987287376575	0.0	0.0	0.0	0.1493345147590404	0.19190382241029977	0.24541380328195134	0.2573480890439168	0.0	0.0	0.0	0.16401871503569276	0.0	0.14273688488571357	0.5179276045416688	1.0	0.24111207829551504	0.0	0.449298176460214	0.4451463949871379	0.158124699446157	0.5131964136588937	0.0
sr	1.0	0.3470059165877032	0.4144208215068449	0.7128329397683223	0.17134545056951925	0.0	0.0	0.0	0.0	0.0	0.7000881940917204	1.0	0.2731732824541693	0.15600611369876335	0.0	0.0	0.0	0.18177914163736533	0.5747479002639628	0.7019395434758626	0.7042230825271826	0.0	0.0	0.0	0.18665949476295204	0.0	0.1795228359283149	1.0	0.24111207829551504	1.0	0.0	1.0	0.6119059359420476	0.3172147589317696	0.6249557894655311	0.0
sv	0.0	0.0	0.0	0.0	0.0	1.0	0.0	1.0	1.0	1.0	0.0	0.0	0.0	0.0	1.0	0.0	0.0	0.0	0.0	0.0	0.0	0.0	0.0	1.0	0.0	0.0	0.0	0.0	0.0	0.0	1.0	0.0	0.4500169127660441	0.0	0.0	1.0
te	1.0	0.5388829845784668	0.7322034805959264	1.0	0.2949249710147286	0.0	0.0	0.0	0.0	0.0	1.0	1.0	0.45494048918370095	0.46125185335228186	0.0	0.0	0.0	0.6221982196391783	1.0	1.0	1.0	0.0	0.0	0.0	0.4781094265806775	0.0	0.34910574027447316	1.0	0.449298176460214	1.0	0.0	1.0	1.0	0.3820730138700568	0.7322034805959263	0.0
tr	1.0	0.3503103719382835	-1.0	1.0	0.3094581790050843	0.28970174711140495	0.7510341748895939	0.3529534237980739	0.37121714817296625	0.3562867602852989	0.7455134344225701	0.7455134344225701	0.7106922308883379	0.4918098023570912	0.3684358561078797	0.49869846599931544	0.6740515375688697	0.548405630617134	0.7510341748895937	0.6223041007404059	1.0	0.3623846269955256	0.23713002700507202	0.327346155952018	0.6278350360215451	0.41357962927046993	0.6653831741459443	1.0	0.4451463949871379	0.6119059359420476	0.4500169127660441	1.0	1.0	0.5384010994775328	1.0	0.5043048701268016
vi	0.36892718019799464	0.2892001083650848	0.30386316165482913	0.36824406962257855	0.15760309311776172	0.0	0.0	0.0	0.0	0.0	0.3246961892808461	0.32671388797948175	0.21947795253986369	0.14167017749889052	0.0	0.0	0.0	0.1698492617221887	0.320124840664304	0.33583699487217755	0.3462306539339276	0.0	0.0	0.0	0.17833424550231022	0.0	0.15326314602034594	0.3820730138700568	0.158124699446157	0.3172147589317696	0.0	0.3820730138700568	0.5384010994775328	1.0	0.3484731039170501	0.0
war	0.6403847484256922	0.43468602441003096	0.5221822795987447	0.7763354016084122	0.27251825345861175	0.0	0.0	0.0	0.0	0.0	0.6291358608399945	0.6291358608399945	0.29217666357389954	0.4899332400662134	0.0	0.0	0.0	0.5195184065391815	0.6315278236410585	0.7710370547764415	0.7710370547764415	0.0	0.0	0.0	0.4384729556890314	0.0	0.5782702642299736	0.7834965055871609	0.5131964136588937	0.6249557894655311	0.0	0.7322034805959263	1.0	0.3484731039170501	1.0	0.0
zh	0.0	0.0	0.0	0.0	0.0	1.0	1.0	1.0	1.0	1.0	0.0	0.0	0.0	0.0	1.0	1.0	1.0	0.0	0.0	0.0	0.0	0.0	0.0	1.0	0.0	1.0	0.0	0.0	0.0	0.0	1.0	0.0	0.5043048701268016	0.0	0.0	1.0
