arz	bs	ceb	ckb	da	de	el	en	es	fr	he	hi	hu	id	it	ja	ko	lv	mk	ml	mr	nl	pl	pt	ro	ru	sh	si	simple	sr	sv	te	vi	war	zh
arz	1.0	1.0	0.0	1.0	1.0	1.0	1.0	1.0	1.0	1.0	1.0	1.0	1.0	1.0	1.0	1.0	1.0	1.0	0.0	1.0	0.0	0.585786437626905	1.0	1.0	1.0	1.0	0.585786437626905	0.0	1.0	1.0	1.0	0.0	1.0	1.0	1.0
bs	1.0	1.0	1.0	1.0	0.585786437626905	0.5	1.0	0.38742588672279304	0.5	0.3288130902060995	0.585786437626905	1.0	1.0	0.44948974278317805	0.44948974278317805	0.585786437626905	0.585786437626905	1.0	1.0	1.0	1.0	0.44948974278317805	0.40453726661826384	0.19503219490454768	1.0	0.585786437626905	0.11110759671305315	0.0	0.585786437626905	0.5	0.44948974278317805	1.0	1.0	1.0	0.585786437626905
ceb	0.0	1.0	1.0	1.0	1.0	1.0	1.0	1.0	1.0	1.0	1.0	1.0	1.0	1.0	1.0	1.0	1.0	1.0	0.0	1.0	0.0	1.0	1.0	1.0	1.0	0.0	1.0	0.0	1.0	1.0	1.0	1.0	1.0	0.0	1.0
ckb	1.0	1.0	1.0	1.0	1.0	0.585786437626905	1.0	0.24399845080999227	0.585786437626905	0.585786437626905	1.0	1.0	0.44948974278317805	0.585786437626905	0.585786437626905	1.0	1.0	0.585786437626905	1.0	1.0	1.0	0.36602540378443865	0.5	0.28989794855663564	1.0	1.0	0.1478864632408439	1.0	1.0	0.5	1.0	1.0	0.585786437626905	1.0	1.0
da	1.0	0.585786437626905	1.0	1.0	1.0	0.2256567601358503	0.585786437626905	0.07406466176667433	0.26105968475175495	0.1856154626682773	0.38742588672279304	0.585786437626905	0.2742918851774318	0.21189498187560254	0.09134854210806652	0.44948974278317805	0.5	0.44948974278317805	1.0	1.0	1.0	0.22772999919644132	0.24828371682826425	0.039846614577110376	0.5	0.34833147735478825	0.05141122110463202	1.0	0.3288130902060995	0.156159660795834	0.2553967929896867	0.585786437626905	0.5	1.0	0.5
de	1.0	0.5	1.0	0.585786437626905	0.2256567601358503	1.0	0.36602540378443865	0.016185774395318746	0.07940040657707839	0.047214146032944465	0.1951941016011038	0.38742588672279304	0.23441237831492112	0.12931586373476808	0.02468266475053368	0.16330595576157622	0.19636040545626823	0.3660254037844386	0.5	1.0	1.0	0.08817048899630708	0.09793838472881192	0.01866756217599407	0.2843646522044218	0.15548737703860027	0.03365618932021981	1.0	0.1774053291584318	0.05882101584294612	0.0965369509874369	0.585786437626905	0.25175647872610657	1.0	0.1757340838011157
el	1.0	1.0	1.0	1.0	0.585786437626905	0.36602540378443865	1.0	0.15438708879488486	0.5	0.21209649407822986	1.0	1.0	0.44948974278317805	0.3266316347104093	0.3164309725825328	1.0	1.0	0.585786437626905	1.0	1.0	1.0	0.20856217852254144	0.28989794855663564	0.07434999738953724	0.5	1.0	0.07798058359572019	1.0	0.5	0.3090169943749474	0.4142135623730951	1.0	1.0	1.0	1.0
en	1.0	0.38742588672279304	1.0	0.24399845080999227	0.07406466176667433	0.016185774395318746	0.15438708879488486	1.0	0.013500323307026748	0.01531046690581376	0.030086269547199684	0.15022110482233483	0.137420645116905	0.037018501690416955	0.02298164794705482	0.022302080624873582	0.03439989834897843	0.23371479611805132	0.2553967929896867	0.26533119314590375	0.4364916731037085	0.020057468005443037	0.017851113121637688	0.041230260095355596	0.09441387963324659	0.01758727652796864	0.04456975662023969	1.0	0.09640691991908953	0.027346472412698913	0.02065616681601095	0.32449979983983984	0.04765670391089981	0.585786437626905	0.024932531696162264
es	1.0	0.5	1.0	0.585786437626905	0.26105968475175495	0.07940040657707839	0.5	0.013500323307026748	1.0	0.03887533834557519	0.14037600977966974	0.3333333333333333	0.2612038749637414	0.1437155838813476	0.022688866044570412	0.13507810593582123	0.18660549686337075	0.3660254037844386	0.4364916731037085	0.5	1.0	0.08441007086617464	0.08329351211902233	0.01660127251558148	0.28436465220442186	0.1343715892188287	0.03500373151334683	1.0	0.1680743603534397	0.060173970972353705	0.07923431395731434	0.39564392373896007	0.1465239309143177	1.0	0.17491720310721423
fr	1.0	0.3288130902060995	1.0	0.585786437626905	0.1856154626682773	0.047214146032944465	0.21209649407822986	0.01531046690581376	0.03887533834557519	1.0	0.1233603071065848	0.38742588672279304	0.21498516621900873	0.1013215680749652	0.02513981002444194	0.12632380015122013	0.15102574277849928	0.3380788308512194	0.39564392373896007	0.36602540378443865	1.0	0.05507956232816408	0.049829512667529566	0.018130014136840133	0.193373824568466	0.08727986280124037	0.0340514139228698	1.0	0.16295845668556852	0.04898855999743249	0.07825034749000884	0.5	0.20575912324631343	1.0	0.12426283912236968
he	1.0	0.585786437626905	1.0	1.0	0.38742588672279304	0.1951941016011038	1.0	0.030086269547199684	0.14037600977966974	0.1233603071065848	1.0	1.0	0.27429188517743175	0.17684258135111194	0.06075472619218616	1.0	1.0	0.44948974278317805	1.0	1.0	1.0	0.15174115516527187	0.20521309615767266	0.025667982119892144	0.5	0.5	0.03743927312782558	1.0	0.2612038749637415	0.09543765259371806	0.20168959288722538	1.0	0.585786437626905	1.0	1.0
hi	1.0	1.0	1.0	1.0	0.585786437626905	0.38742588672279304	1.0	0.15022110482233483	0.3333333333333333	0.38742588672279304	1.0	1.0	0.36602540378443865	0.5	0.3333333333333333	1.0	1.0	0.585786437626905	1.0	1.0	1.0	0.32449979983983984	0.585786437626905	0.07391002619321582	0.585786437626905	1.0	0.08476857170675493	1.0	0.44948974278317805	0.36602540378443865	0.4142135623730951	1.0	1.0	1.0	1.0
hu	1.0	1.0	1.0	0.44948974278317805	0.2742918851774318	0.23441237831492112	0.44948974278317805	0.137420645116905	0.2612038749637414	0.21498516621900873	0.27429188517743175	0.36602540378443865	1.0	0.27195617308673004	0.23085668414761273	0.2958163163244893	0.2958163163244893	0.44948974278317805	0.5	0.5	0.585786437626905	0.25293290127782064	0.28708594921778513	0.11650088361851972	0.3430703308172536	0.2766967754673749	0.07266515025494677	1.0	0.3164309725825328	0.2312012851048204	0.27195617308673004	0.585786437626905	0.4142135623730951	1.0	0.3164309725825328
id	1.0	0.44948974278317805	1.0	0.585786437626905	0.21189498187560254	0.12931586373476808	0.3266316347104093	0.037018501690416955	0.1437155838813476	0.1013215680749652	0.17684258135111194	0.5	0.27195617308673004	1.0	0.077140899047939	0.16903426192449822	0.2474401533514073	0.3797958971132712	0.44948974278317805	0.44948974278317805	1.0	0.1362646261559987	0.14741289123713525	0.03040886231455619	0.252650308587072	0.1757340838011157	0.0414190150749953	1.0	0.2193450929151803	0.12435423790241928	0.1463924816619788	1.0	0.25824569976124334	1.0	0.2187841884486319
it	1.0	0.44948974278317805	1.0	0.585786437626905	0.09134854210806652	0.02468266475053368	0.3164309725825328	0.02298164794705482	0.022688866044570412	0.02513981002444194	0.06075472619218616	0.3333333333333333	0.23085668414761273	0.077140899047939	1.0	0.07263669959755374	0.05162828131621113	0.34833147735478825	0.4142135623730951	0.4142135623730951	1.0	0.0376685716733211	0.02661908242705228	0.026709704434404045	0.1393161703394676	0.03831528050767174	0.03536741571459758	1.0	0.12937449973539883	0.04428378514236668	0.03630774725260528	1.0	0.15191308535297487	1.0	0.05385345158441794
ja	1.0	0.585786437626905	1.0	1.0	0.44948974278317805	0.16330595576157622	1.0	0.022302080624873582	0.13507810593582123	0.12632380015122013	1.0	1.0	0.2958163163244893	0.16903426192449822	0.07263669959755374	1.0	1.0	0.44948974278317805	1.0	1.0	1.0	0.15225881209433406	0.20658711810431302	0.023627942336836127	0.44948974278317805	0.5	0.037583224214744186	1.0	0.30216947925196225	0.10250154657765372	0.1482675827043134	1.0	0.585786437626905	1.0	1.0
ko	1.0	0.585786437626905	1.0	1.0	0.5	0.19636040545626823	1.0	0.03439989834897843	0.18660549686337075	0.15102574277849928	1.0	1.0	0.2958163163244893	0.2474401533514073	0.05162828131621113	1.0	1.0	0.44948974278317805	1.0	1.0	1.0	0.18464218557642828	0.2240092377397959	0.02832264761634089	0.5	1.0	0.0424230219873971	1.0	0.3090169943749474	0.11741708448984602	0.1951941016011038	1.0	0.585786437626905	1.0	1.0
lv	1.0	1.0	1.0	0.585786437626905	0.44948974278317805	0.3660254037844386	0.585786437626905	0.23371479611805132	0.3660254037844386	0.3380788308512194	0.44948974278317805	0.585786437626905	0.44948974278317805	0.3797958971132712	0.34833147735478825	0.44948974278317805	0.44948974278317805	1.0	0.585786437626905	0.5	0.585786437626905	0.3660254037844386	0.3597752501562547	0.18393817121622674	0.4142135623730951	0.4142135623730951	0.08263410846733983	1.0	0.5	0.4142135623730951	0.38742588672279304	0.585786437626905	0.5	1.0	0.44948974278317805
mk	0.0	1.0	0.0	1.0	1.0	0.5	1.0	0.2553967929896867	0.4364916731037085	0.39564392373896007	1.0	1.0	0.5	0.44948974278317805	0.4142135623730951	1.0	1.0	0.585786437626905	1.0	1.0	1.0	0.585786437626905	0.585786437626905	0.14732056773523425	1.0	1.0	0.15055471221417036	1.0	0.585786437626905	0.585786437626905	1.0	1.0	1.0	1.0	1.0
ml	1.0	1.0	1.0	1.0	1.0	1.0	1.0	0.26533119314590375	0.5	0.36602540378443865	1.0	1.0	0.5	0.44948974278317805	0.4142135623730951	1.0	1.0	0.5	1.0	1.0	1.0	0.5	0.39564392373896007	0.13752076280197198	1.0	1.0	0.10000000000000002	1.0	0.39564392373896007	0.3797958971132712	0.5	1.0	0.585786437626905	1.0	1.0
mr	0.0	1.0	0.0	1.0	1.0	1.0	1.0	0.4364916731037085	1.0	1.0	1.0	1.0	0.585786437626905	1.0	1.0	1.0	1.0	0.585786437626905	1.0	1.0	1.0	1.0	0.4364916731037085	0.4364916731037085	1.0	1.0	0.2521127429279827	1.0	0.5	0.585786437626905	1.0	1.0	1.0	1.0	1.0
nl	0.585786437626905	0.44948974278317805	1.0	0.36602540378443865	0.22772999919644132	0.08817048899630708	0.20856217852254144	0.020057468005443037	0.08441007086617464	0.05507956232816408	0.15174115516527187	0.32449979983983984	0.25293290127782064	0.1362646261559987	0.0376685716733211	0.15225881209433406	0.18464218557642828	0.3660254037844386	0.585786437626905	0.5	1.0	1.0	0.09207237019501854	0.022072893479836386	0.21498516621900868	0.13895115919603923	0.035601477401510324	1.0	0.2216368750839041	0.06526184155275504	0.10665920343954755	0.44948974278317805	0.23874775399470893	1.0	0.15278212615814146
pl	1.0	0.40453726661826384	1.0	0.5	0.24828371682826425	0.09793838472881192	0.28989794855663564	0.017851113121637688	0.08329351211902233	0.049829512667529566	0.20521309615767266	0.585786437626905	0.28708594921778513	0.14741289123713525	0.02661908242705228	0.20658711810431302	0.2240092377397959	0.3597752501562547	0.585786437626905	0.39564392373896007	0.4364916731037085	0.09207237019501854	1.0	0.021269714827144216	0.26968623182294527	0.1683604963286918	0.03541971449692827	1.0	0.2012628451930092	0.06531447126114993	0.10593215452470447	0.4364916731037085	0.25824569976124334	1.0	0.22584440001865322
pt	1.0	0.19503219490454768	1.0	0.28989794855663564	0.039846614577110376	0.01866756217599407	0.07434999738953724	0.041230260095355596	0.01660127251558148	0.018130014136840133	0.025667982119892144	0.07391002619321582	0.11650088361851972	0.03040886231455619	0.026709704434404045	0.023627942336836127	0.02832264761634089	0.18393817121622674	0.14732056773523425	0.13752076280197198	0.4364916731037085	0.022072893479836386	0.021269714827144216	1.0	0.04434920830363512	0.022424903245674047	0.1054663351642116	1.0	0.04128182686053488	0.02589668468369188	0.022117561093578163	0.25728427444747215	0.03990842098576798	0.585786437626905	0.02522745185839365
ro	1.0	1.0	1.0	1.0	0.5	0.2843646522044218	0.5	0.09441387963324659	0.28436465220442186	0.193373824568466	0.5	0.585786437626905	0.3430703308172536	0.252650308587072	0.1393161703394676	0.44948974278317805	0.5	0.4142135623730951	1.0	1.0	1.0	0.21498516621900868	0.26968623182294527	0.04434920830363512	1.0	0.4142135623730951	0.05648331466143989	1.0	0.3726822671238253	0.203075234310397	0.27195617308673004	1.0	0.5	1.0	0.5
ru	1.0	0.585786437626905	0.0	1.0	0.34833147735478825	0.15548737703860027	1.0	0.01758727652796864	0.1343715892188287	0.08727986280124037	0.5	1.0	0.2766967754673749	0.1757340838011157	0.03831528050767174	0.5	1.0	0.4142135623730951	1.0	1.0	1.0	0.13895115919603923	0.1683604963286918	0.022424903245674047	0.4142135623730951	1.0	0.036326270778747234	1.0	0.30216947925196225	0.0657684861737549	0.14354258832573755	1.0	0.5	1.0	0.44948974278317805
sh	0.585786437626905	0.11110759671305315	1.0	0.1478864632408439	0.05141122110463202	0.03365618932021981	0.07798058359572019	0.04456975662023969	0.03500373151334683	0.0340514139228698	0.03743927312782558	0.08476857170675493	0.07266515025494677	0.0414190150749953	0.03536741571459758	0.037583224214744186	0.0424230219873971	0.08263410846733983	0.15055471221417036	0.10000000000000002	0.2521127429279827	0.035601477401510324	0.03541971449692827	0.1054663351642116	0.05648331466143989	0.036326270778747234	1.0	0.5	0.05930773776921596	0.03477606981537221	0.03654375223023935	0.11696132920126338	0.05689711216164667	0.39564392373896	0.03971152818618843
si	0.0	0.0	0.0	1.0	1.0	1.0	1.0	1.0	1.0	1.0	1.0	1.0	1.0	1.0	1.0	1.0	1.0	1.0	1.0	1.0	1.0	1.0	1.0	1.0	1.0	1.0	0.5	1.0	1.0	1.0	1.0	1.0	1.0	1.0	1.0
simple	1.0	0.585786437626905	1.0	1.0	0.3288130902060995	0.1774053291584318	0.5	0.09640691991908953	0.1680743603534397	0.16295845668556852	0.2612038749637415	0.44948974278317805	0.3164309725825328	0.2193450929151803	0.12937449973539883	0.30216947925196225	0.3090169943749474	0.5	0.585786437626905	0.39564392373896007	0.5	0.2216368750839041	0.2012628451930092	0.04128182686053488	0.3726822671238253	0.30216947925196225	0.05930773776921596	1.0	1.0	0.18400240527946554	0.2372732414640341	1.0	0.2928060946961875	1.0	0.32449979983983984
sr	1.0	0.5	1.0	0.5	0.156159660795834	0.05882101584294612	0.3090169943749474	0.027346472412698913	0.060173970972353705	0.04898855999743249	0.09543765259371806	0.36602540378443865	0.2312012851048204	0.12435423790241928	0.04428378514236668	0.10250154657765372	0.11741708448984602	0.4142135623730951	0.585786437626905	0.3797958971132712	0.585786437626905	0.06526184155275504	0.06531447126114993	0.02589668468369188	0.203075234310397	0.0657684861737549	0.03477606981537221	1.0	0.18400240527946554	1.0	0.0623508336715532	0.585786437626905	0.13390700336271227	1.0	0.10499266839576207
sv	1.0	0.44948974278317805	1.0	1.0	0.2553967929896867	0.0965369509874369	0.4142135623730951	0.02065616681601095	0.07923431395731434	0.07825034749000884	0.20168959288722538	0.4142135623730951	0.27195617308673004	0.1463924816619788	0.03630774725260528	0.1482675827043134	0.1951941016011038	0.38742588672279304	1.0	0.5	1.0	0.10665920343954755	0.10593215452470447	0.022117561093578163	0.27195617308673004	0.14354258832573755	0.03654375223023935	1.0	0.2372732414640341	0.0623508336715532	1.0	0.4364916731037085	0.24179033438163736	1.0	0.15331120368113998
te	0.0	1.0	1.0	1.0	0.585786437626905	0.585786437626905	1.0	0.32449979983983984	0.39564392373896007	0.5	1.0	1.0	0.585786437626905	1.0	1.0	1.0	1.0	0.585786437626905	1.0	1.0	1.0	0.44948974278317805	0.4364916731037085	0.25728427444747215	1.0	1.0	0.11696132920126338	1.0	1.0	0.585786437626905	0.4364916731037085	1.0	1.0	1.0	1.0
vi	1.0	1.0	1.0	0.585786437626905	0.5	0.25175647872610657	1.0	0.04765670391089981	0.1465239309143177	0.20575912324631343	0.585786437626905	1.0	0.4142135623730951	0.25824569976124334	0.15191308535297487	0.585786437626905	0.585786437626905	0.5	1.0	0.585786437626905	1.0	0.23874775399470893	0.25824569976124334	0.03990842098576798	0.5	0.5	0.05689711216164667	1.0	0.2928060946961875	0.13390700336271227	0.24179033438163736	1.0	1.0	1.0	0.585786437626905
war	1.0	1.0	0.0	1.0	1.0	1.0	1.0	0.585786437626905	1.0	1.0	1.0	1.0	1.0	1.0	1.0	1.0	1.0	1.0	1.0	1.0	1.0	1.0	1.0	0.585786437626905	1.0	1.0	0.39564392373896	1.0	1.0	1.0	1.0	1.0	1.0	1.0	1.0
zh	1.0	0.585786437626905	1.0	1.0	0.5	0.1757340838011157	1.0	0.024932531696162264	0.17491720310721423	0.12426283912236968	1.0	1.0	0.3164309725825328	0.2187841884486319	0.05385345158441794	1.0	1.0	0.44948974278317805	1.0	1.0	1.0	0.15278212615814146	0.22584440001865322	0.02522745185839365	0.5	0.44948974278317805	0.03971152818618843	1.0	0.32449979983983984	0.10499266839576207	0.15331120368113998	1.0	0.585786437626905	1.0	1.0
