arz	bs	ceb	ckb	da	de	el	en	es	fr	he	hi	hu	id	it	ja	ko	lv	mk	ml	mr	nl	pl	pt	ro	ru	sh	si	simple	sr	sv	te	vi	war	zh
arz	1.0	0.3569820893330583	0.4377367103295498	0.3866476992427882	0.3254183768851019	0.35945388283922236	0.3278375732822953	0.3218947484347885	0.3378945827186114	0.32511278363638685	0.34501234384591695	0.6775915738325127	0.3299662488948361	0.31716076167322127	0.25787621575614894	0.3342897703944102	0.32736697771954815	0.33579410866188636	0.30605792383468994	0.2883660789806733	0.4230047247421228	0.33516576306497814	0.26847071691088026	0.31995248509739804	0.3510866060678991	0.314560084088831	0.2787484882122286	1.0	0.3065901822142438	0.33998956107852263	0.3416161410231639	1.0	0.3215581344724064	0.36280827848404157	0.3083973359439268
bs	0.3569820893330583	1.0	0.8004187775767309	0.523042375237091	0.44710183078257304	0.596799742479074	0.43896939929212814	0.43425054324711126	0.32703899147504917	0.3359447264160708	0.35097506251583904	0.7118691428573722	0.49905166018628216	0.34942275776997755	0.4407748240612914	0.3229189754094513	0.47718360798019926	0.564713011510908	0.455511813698949	0.3139864752295522	0.7282787617134813	0.5453390332350159	0.410146791287023	0.4418818211261043	0.5388219647578557	0.49439992676335376	0.38318663148980214	1.0	0.41937096228279597	0.39328792780910543	0.4749266385885689	1.0	0.3306512028301906	0.7720019811214007	0.39431304088861735
ceb	0.4377367103295498	0.8004187775767309	1.0	1.0	0.6571702826516208	0.7584325078215763	0.6160658368967766	0.44530616011514534	0.6856333412409469	0.6984742482535099	0.7584325078215763	1.0	0.6511656877279239	0.72653347084664	0.39407912881778495	0.72653347084664	0.6713006231542128	1.0	0.48968298409928607	0.41251772746878534	0.7584325078215763	0.7584325078215763	0.44930756545688116	0.5845116048255897	0.7584325078215763	0.6571702826516209	0.67047492474174	1.0	0.6189218979444486	0.6691642534146238	1.0	1.0	0.7417180202570965	1.0	0.7005679812504009
ckb	0.3866476992427882	0.523042375237091	1.0	1.0	0.4913869583089393	0.5470576082000503	0.46357263063113774	0.4068431160945122	0.4157319390230963	0.4845026328516011	0.41393369598992485	0.7690990303325336	0.4411005090316457	0.3609119667902591	0.4060950838995196	0.28587865776678534	0.49678061428865244	0.5360063964287116	0.42667019978938386	0.32298501447854605	0.7584325078215763	0.5101512343792529	0.4916835493625138	0.46937024672371847	0.5688998217298072	0.4837052210527331	0.3159770260052832	1.0	0.33430880918545425	0.43948050074725903	0.5320568831595877	1.0	0.4374113734372132	0.6732501798654993	0.45644122141570764
da	0.3254183768851019	0.44710183078257304	0.6571702826516208	0.4913869583089393	1.0	0.21564395097739328	0.3842873701343402	0.19696310897029398	0.1894400913770021	0.21768827254240763	0.338422698880838	0.7690990303325336	0.26875847615010545	0.31845527704760845	0.3002467945109411	0.2612091319801391	0.35403520880401346	0.3789757391671009	0.3565838675930412	0.3219753245766445	0.5521802123207763	0.2514079272587732	0.23847206588897063	0.34118930279540727	0.24807915061162686	0.22049917188116805	0.4055584566531986	1.0	0.39976549843695924	0.39288246119016323	0.21131859599032332	1.0	0.19544924300442104	0.616093974985392	0.3989709552421633
de	0.35945388283922236	0.596799742479074	0.7584325078215763	0.5470576082000503	0.21564395097739328	1.0	0.38681306405730065	0.27382455517914334	0.2852845060967545	0.26278954656762255	0.2966578158112109	0.6743202287441529	0.41376876965961196	0.33079923225767355	0.29649383898940107	0.2901259725438162	0.3755095455606987	0.41625711118309217	0.4268311756731676	0.34836595502767886	0.6301948592026482	0.1963442833033686	0.3120239262323712	0.36190795273363036	0.4772323071662728	0.26369060858005683	0.48794038868823847	1.0	0.42333933512654875	0.4093558546380809	0.2988229984679962	1.0	0.22772063293399852	0.7257120346900999	0.3728203072710192
el	0.3278375732822953	0.43896939929212814	0.6160658368967766	0.46357263063113774	0.3842873701343402	0.38681306405730065	1.0	0.390656133629189	0.32760504294567816	0.2968285660879249	0.26013903840078756	0.7789859320309596	0.45912565450945614	0.30066888629290495	0.293061283278222	0.26889483251023516	0.4114071811559627	0.3934060167454649	0.44837031968500124	0.2739877722314037	0.4743720323698569	0.3996050530542226	0.35915700525537625	0.42307064429252056	0.36026761949002023	0.436148854057839	0.3328192242350661	1.0	0.3422217858698543	0.41537115970383587	0.42962859850278695	1.0	0.2518875361794811	0.609644941327705	0.4426177061543436
en	0.3218947484347885	0.43425054324711126	0.44530616011514534	0.4068431160945122	0.19696310897029398	0.27382455517914334	0.390656133629189	1.0	0.27894082512981944	0.2654309580692304	0.2673161028338192	0.4743346407196208	0.35155690816500346	0.27708308002258636	0.2967935970599051	0.27417962283303327	0.37627352713563256	0.43791713147814026	0.3758758305974671	0.3209327508181018	0.38524893465458726	0.19131910826930024	0.26415506432625147	0.33268716694818395	0.292687880201227	0.25701836996630595	0.3846591290163531	1.0	0.3317753771779604	0.3508799855720595	0.23588352341773547	1.0	0.21452151898595526	0.36397484112129364	0.3776976677019173
es	0.3378945827186114	0.32703899147504917	0.6856333412409469	0.4157319390230963	0.1894400913770021	0.2852845060967545	0.32760504294567816	0.27894082512981944	1.0	0.23570251201545955	0.24747316693622537	0.44702438380064136	0.2501432537836783	0.30938723194028384	0.2661674196123583	0.2979095124879805	0.3208866569513654	0.3541987783923622	0.2898416907725321	0.33730789854135684	0.5867163774952743	0.21774349430758744	0.27933028382129754	0.30826960187654034	0.3242129588447759	0.2581206203044276	0.30604129651822104	1.0	0.3087692054401848	0.27334331906472087	0.3437706752427569	1.0	0.20019129375143704	0.5259563616178108	0.33434944052340004
fr	0.32511278363638685	0.3359447264160708	0.6984742482535099	0.4845026328516011	0.21768827254240763	0.26278954656762255	0.2968285660879249	0.2654309580692304	0.23570251201545955	1.0	0.22956806300229102	0.5771783338786399	0.34565371451967075	0.24410638448563698	0.25490668310169085	0.2594277623045637	0.3090674207394733	0.3348032613996266	0.3319417426023545	0.29522997968894543	0.4584131665139209	0.2025047141244612	0.22512284497357346	0.2489754909134393	0.26721813983842646	0.2824214529333439	0.29726499843853044	1.0	0.2863591413247819	0.29978151104755524	0.2605260994535832	1.0	0.2246737682658737	0.38441901465978456	0.2529386566428418
he	0.34501234384591695	0.35097506251583904	0.7584325078215763	0.41393369598992485	0.338422698880838	0.2966578158112109	0.26013903840078756	0.2673161028338192	0.24747316693622537	0.22956806300229102	1.0	0.6698766910334878	0.29517724128657813	0.21770952544880431	0.22933314032876148	0.24279020018054534	0.26633586016846955	0.2838995857599458	0.46041210243561703	0.2993910715628305	0.6290066987253157	0.19940265324026468	0.3459878953787068	0.2874808863201986	0.2884882280381705	0.29075977529331354	0.3037215897902129	1.0	0.2352454653418412	0.2667427545941032	0.25921088820002236	1.0	0.2222808477417767	0.6239725949460845	0.2509178547711905
hi	0.6775915738325127	0.7118691428573722	1.0	0.7690990303325336	0.7690990303325336	0.6743202287441529	0.7789859320309596	0.4743346407196208	0.44702438380064136	0.5771783338786399	0.6698766910334878	1.0	0.8015341078191462	0.7609291486269607	0.44650355581684187	0.6743202287441529	0.4065120035020796	0.6972240803053354	0.7863954451402115	0.39521881589035185	1.0	0.7690990303325336	0.6763518472901804	0.5602676671742772	0.3924391102138107	0.8943504275997424	0.36448535679459887	1.0	0.7863954451402115	0.6075462103832093	0.7690990303325336	1.0	0.4675316643324271	0.7863954451402115	0.891516358459964
hu	0.3299662488948361	0.49905166018628216	0.6511656877279239	0.4411005090316457	0.26875847615010545	0.41376876965961196	0.45912565450945614	0.35155690816500346	0.2501432537836783	0.34565371451967075	0.29517724128657813	0.8015341078191462	1.0	0.3271494179617406	0.3026350615675558	0.36078305028578567	0.5116843965695967	0.474723931434627	0.4575524259021947	0.2927225283156002	0.5240225789039566	0.24868695053634304	0.33895410756847266	0.36457813302803627	0.43563268897579704	0.40920982048606747	0.37286690764731467	1.0	0.39709203369120233	0.4746883259902937	0.43554317741490584	1.0	0.22378830035094277	0.474384085536906	0.4047726803103655
id	0.31716076167322127	0.34942275776997755	0.72653347084664	0.3609119667902591	0.31845527704760845	0.33079923225767355	0.30066888629290495	0.27708308002258636	0.30938723194028384	0.24410638448563698	0.21770952544880431	0.7609291486269607	0.3271494179617406	1.0	0.3132463439499695	0.32425070331778477	0.28778217089424696	0.3408807443685206	0.32399586616528897	0.3322865519639259	0.719181357315466	0.25727261348231	0.30157672078360154	0.3471542322169395	0.28464505294596787	0.3213788390498815	0.28901407123523337	1.0	0.32739674396657475	0.32540924476868377	0.2923610868400132	1.0	0.23498597629085602	0.5865666734186661	0.311757215272915
it	0.25787621575614894	0.4407748240612914	0.39407912881778495	0.4060950838995196	0.3002467945109411	0.29649383898940107	0.293061283278222	0.2967935970599051	0.2661674196123583	0.25490668310169085	0.22933314032876148	0.44650355581684187	0.3026350615675558	0.3132463439499695	1.0	0.32429887382420824	0.3311004268171274	0.3005269959491169	0.4206547141311961	0.27018374168204645	0.33845820410622696	0.21098013129037355	0.27455149430408976	0.28198143324874025	0.337002849499804	0.29031891434693863	0.30651686422312235	1.0	0.4181268985778508	0.3450452912826289	0.29580071459010016	1.0	0.19699575410525016	0.5061703210992993	0.3694047071690085
ja	0.3342897703944102	0.3229189754094513	0.72653347084664	0.28587865776678534	0.2612091319801391	0.2901259725438162	0.26889483251023516	0.27417962283303327	0.2979095124879805	0.2594277623045637	0.24279020018054534	0.6743202287441529	0.36078305028578567	0.32425070331778477	0.32429887382420824	1.0	0.32772809768509753	0.2883647587197713	0.3618282232360012	0.35878275078570127	0.5615529459077877	0.2032788475005442	0.2800782517164118	0.31475566583036346	0.35502329284456374	0.29924248382615604	0.28197394197881764	1.0	0.4188992273876929	0.3514255354022751	0.24893619740459802	1.0	0.1961901698261145	0.34811625057755674	0.32687734578153216
ko	0.32736697771954815	0.47718360798019926	0.6713006231542128	0.49678061428865244	0.35403520880401346	0.3755095455606987	0.4114071811559627	0.37627352713563256	0.3208866569513654	0.3090674207394733	0.26633586016846955	0.4065120035020796	0.5116843965695967	0.28778217089424696	0.3311004268171274	0.32772809768509753	1.0	0.43774849097847857	0.5006944903708587	0.3356357991911309	0.44732296622929973	0.24215338031162154	0.32690731018900865	0.32851427852744036	0.43175852176592916	0.39915535976649275	0.38939036619435996	1.0	0.36677140308687456	0.4571188467672236	0.45003028615308877	1.0	0.22710185432655763	0.39596063608672766	0.39617213613013225
lv	0.33579410866188636	0.564713011510908	1.0	0.5360063964287116	0.3789757391671009	0.41625711118309217	0.3934060167454649	0.43791713147814026	0.3541987783923622	0.3348032613996266	0.2838995857599458	0.6972240803053354	0.474723931434627	0.3408807443685206	0.3005269959491169	0.2883647587197713	0.43774849097847857	1.0	0.4219622895325291	0.35077149716556866	0.6301948592026482	0.4623400185453865	0.3847538678990476	0.5170149287844298	0.4938467212518094	0.3793925963359049	0.4233538548086319	1.0	0.3769092238541147	0.4576117152141816	0.4586566605159574	1.0	0.344293060555895	0.641348049268612	0.517956563824306
mk	0.30605792383468994	0.455511813698949	0.48968298409928607	0.42667019978938386	0.3565838675930412	0.4268311756731676	0.44837031968500124	0.3758758305974671	0.2898416907725321	0.3319417426023545	0.46041210243561703	0.7863954451402115	0.4575524259021947	0.32399586616528897	0.4206547141311961	0.3618282232360012	0.5006944903708587	0.4219622895325291	1.0	0.32988576285717286	0.5758967224477479	0.2873485697657392	0.29523658462278357	0.3926364799042909	0.4153097734277955	0.41757261980268273	0.3596368386881078	1.0	0.4200081802334485	0.4597691548355335	0.4420156172600543	1.0	0.4452696267170038	0.5469664841399323	0.37846884332216135
ml	0.2883660789806733	0.3139864752295522	0.41251772746878534	0.32298501447854605	0.3219753245766445	0.34836595502767886	0.2739877722314037	0.3209327508181018	0.33730789854135684	0.29522997968894543	0.2993910715628305	0.39521881589035185	0.2927225283156002	0.3322865519639259	0.27018374168204645	0.35878275078570127	0.3356357991911309	0.35077149716556866	0.32988576285717286	1.0	0.3970313431484026	0.33049558956556885	0.3525921184847244	0.37710269090826914	0.3361436980760697	0.329947533947705	0.4057417880795265	1.0	0.348963232246473	0.3091082307206289	0.37073679183594777	1.0	0.29704274531499675	0.375236449188503	0.3044418319420302
mr	0.4230047247421228	0.7282787617134813	0.7584325078215763	0.7584325078215763	0.5521802123207763	0.6301948592026482	0.4743720323698569	0.38524893465458726	0.5867163774952743	0.4584131665139209	0.6290066987253157	1.0	0.5240225789039566	0.719181357315466	0.33845820410622696	0.5615529459077877	0.44732296622929973	0.6301948592026482	0.5758967224477479	0.3970313431484026	1.0	0.627497033516281	0.3544226726288792	0.48084904702860876	0.5966107766885941	0.5899826747533425	0.537548945698209	1.0	0.57289139068247	0.5486306699947219	0.7106922308883378	1.0	0.49656805729208037	0.7106922308883378	0.49815156659659066
nl	0.33516576306497814	0.5453390332350159	0.7584325078215763	0.5101512343792529	0.2514079272587732	0.1963442833033686	0.3996050530542226	0.19131910826930024	0.21774349430758744	0.2025047141244612	0.19940265324026468	0.7690990303325336	0.24868695053634304	0.25727261348231	0.21098013129037355	0.2032788475005442	0.24215338031162154	0.4623400185453865	0.2873485697657392	0.33049558956556885	0.627497033516281	1.0	0.23338392226333418	0.23004367544141627	0.264707430975224	0.1963692890400281	0.42709445146869557	1.0	0.30974085635295356	0.30258826848751363	0.19631663306013566	1.0	0.1958057518415045	0.7411828468492556	0.21589914218640682
pl	0.26847071691088026	0.410146791287023	0.44930756545688116	0.4916835493625138	0.23847206588897063	0.3120239262323712	0.35915700525537625	0.26415506432625147	0.27933028382129754	0.22512284497357346	0.3459878953787068	0.6763518472901804	0.33895410756847266	0.30157672078360154	0.27455149430408976	0.2800782517164118	0.32690731018900865	0.3847538678990476	0.29523658462278357	0.3525921184847244	0.3544226726288792	0.23338392226333418	1.0	0.3093477488884998	0.3474762245105456	0.3330758692196416	0.40758680395514535	1.0	0.33653634528581516	0.4081830701038833	0.3056805309083534	1.0	0.20686970541784774	0.3190310485454755	0.3675901701931599
pt	0.31995248509739804	0.4418818211261043	0.5845116048255897	0.46937024672371847	0.34118930279540727	0.36190795273363036	0.42307064429252056	0.33268716694818395	0.30826960187654034	0.2489754909134393	0.2874808863201986	0.5602676671742772	0.36457813302803627	0.3471542322169395	0.28198143324874025	0.31475566583036346	0.32851427852744036	0.5170149287844298	0.3926364799042909	0.37710269090826914	0.48084904702860876	0.23004367544141627	0.3093477488884998	1.0	0.4141175821663299	0.3654298567056262	0.4351499964212491	1.0	0.35059607123745734	0.4029109228765439	0.3541646975447987	1.0	0.21543165779217663	0.5615995632701183	0.44856615882629186
ro	0.3510866060678991	0.5388219647578557	0.7584325078215763	0.5688998217298072	0.24807915061162686	0.4772323071662728	0.36026761949002023	0.292687880201227	0.3242129588447759	0.26721813983842646	0.2884882280381705	0.3924391102138107	0.43563268897579704	0.28464505294596787	0.337002849499804	0.35502329284456374	0.43175852176592916	0.4938467212518094	0.4153097734277955	0.3361436980760697	0.5966107766885941	0.264707430975224	0.3474762245105456	0.4141175821663299	1.0	0.3802257481923476	0.5122979937966781	1.0	0.3352528022279217	0.4283136090139777	0.4611608591107234	1.0	0.3143125306924852	0.5370915857171843	0.3712802160427444
ru	0.314560084088831	0.49439992676335376	0.6571702826516209	0.4837052210527331	0.22049917188116805	0.26369060858005683	0.436148854057839	0.25701836996630595	0.2581206203044276	0.2824214529333439	0.29075977529331354	0.8943504275997424	0.40920982048606747	0.3213788390498815	0.29031891434693863	0.29924248382615604	0.39915535976649275	0.3793925963359049	0.41757261980268273	0.329947533947705	0.5899826747533425	0.1963692890400281	0.3330758692196416	0.3654298567056262	0.3802257481923476	1.0	0.4019528518905992	1.0	0.37095598755902365	0.4341407599583346	0.3291789987571518	1.0	0.22524361302714102	0.598124014622274	0.3197569141882421
sh	0.2787484882122286	0.38318663148980214	0.67047492474174	0.3159770260052832	0.4055584566531986	0.48794038868823847	0.3328192242350661	0.3846591290163531	0.30604129651822104	0.29726499843853044	0.3037215897902129	0.36448535679459887	0.37286690764731467	0.28901407123523337	0.30651686422312235	0.28197394197881764	0.38939036619435996	0.4233538548086319	0.3596368386881078	0.4057417880795265	0.537548945698209	0.42709445146869557	0.40758680395514535	0.4351499964212491	0.5122979937966781	0.4019528518905992	1.0	1.0	0.33709376487433423	0.3835442795401026	0.44464824223310445	1.0	0.3408534207067509	0.4437917162148635	0.35695242445204883
si	1.0	1.0	1.0	1.0	1.0	1.0	1.0	1.0	1.0	1.0	1.0	1.0	1.0	1.0	1.0	1.0	1.0	1.0	1.0	1.0	1.0	1.0	1.0	1.0	1.0	1.0	1.0	1.0	1.0	1.0	1.0	1.0	1.0	1.0	1.0
simple	0.3065901822142438	0.41937096228279597	0.6189218979444486	0.33430880918545425	0.39976549843695924	0.42333933512654875	0.3422217858698543	0.3317753771779604	0.3087692054401848	0.2863591413247819	0.2352454653418412	0.7863954451402115	0.39709203369120233	0.32739674396657475	0.4181268985778508	0.4188992273876929	0.36677140308687456	0.3769092238541147	0.4200081802334485	0.348963232246473	0.57289139068247	0.30974085635295356	0.33653634528581516	0.35059607123745734	0.3352528022279217	0.37095598755902365	0.33709376487433423	1.0	1.0	0.38221043030589846	0.36761777263512924	1.0	0.31271545656209626	0.4731415221821384	0.3394279529942398
sr	0.33998956107852263	0.39328792780910543	0.6691642534146238	0.43948050074725903	0.39288246119016323	0.4093558546380809	0.41537115970383587	0.3508799855720595	0.27334331906472087	0.29978151104755524	0.2667427545941032	0.6075462103832093	0.4746883259902937	0.32540924476868377	0.3450452912826289	0.3514255354022751	0.4571188467672236	0.4576117152141816	0.4597691548355335	0.3091082307206289	0.5486306699947219	0.30258826848751363	0.4081830701038833	0.4029109228765439	0.4283136090139777	0.4341407599583346	0.3835442795401026	1.0	0.38221043030589846	1.0	0.45654751433243596	1.0	0.35285961760344664	0.6050759120427568	0.4162370796099149
sv	0.3416161410231639	0.4749266385885689	1.0	0.5320568831595877	0.21131859599032332	0.2988229984679962	0.42962859850278695	0.23588352341773547	0.3437706752427569	0.2605260994535832	0.25921088820002236	0.7690990303325336	0.43554317741490584	0.2923610868400132	0.29580071459010016	0.24893619740459802	0.45003028615308877	0.4586566605159574	0.4420156172600543	0.37073679183594777	0.7106922308883378	0.19631663306013566	0.3056805309083534	0.3541646975447987	0.4611608591107234	0.3291789987571518	0.44464824223310445	1.0	0.36761777263512924	0.45654751433243596	1.0	1.0	0.2192557218208842	0.7411828468492556	0.2922783232818498
te	1.0	1.0	1.0	1.0	1.0	1.0	1.0	1.0	1.0	1.0	1.0	1.0	1.0	1.0	1.0	1.0	1.0	1.0	1.0	1.0	1.0	1.0	1.0	1.0	1.0	1.0	1.0	1.0	1.0	1.0	1.0	1.0	1.0	1.0	1.0
vi	0.3215581344724064	0.3306512028301906	0.7417180202570965	0.4374113734372132	0.19544924300442104	0.22772063293399852	0.2518875361794811	0.21452151898595526	0.20019129375143704	0.2246737682658737	0.2222808477417767	0.4675316643324271	0.22378830035094277	0.23498597629085602	0.19699575410525016	0.1961901698261145	0.22710185432655763	0.344293060555895	0.4452696267170038	0.29704274531499675	0.49656805729208037	0.1958057518415045	0.20686970541784774	0.21543165779217663	0.3143125306924852	0.22524361302714102	0.3408534207067509	1.0	0.31271545656209626	0.35285961760344664	0.2192557218208842	1.0	1.0	0.5030589577083382	0.22531550236475711
war	0.36280827848404157	0.7720019811214007	1.0	0.6732501798654993	0.616093974985392	0.7257120346900999	0.609644941327705	0.36397484112129364	0.5259563616178108	0.38441901465978456	0.6239725949460845	0.7863954451402115	0.474384085536906	0.5865666734186661	0.5061703210992993	0.34811625057755674	0.39596063608672766	0.641348049268612	0.5469664841399323	0.375236449188503	0.7106922308883378	0.7411828468492556	0.3190310485454755	0.5615995632701183	0.5370915857171843	0.598124014622274	0.4437917162148635	1.0	0.4731415221821384	0.6050759120427568	0.7411828468492556	1.0	0.5030589577083382	1.0	0.6014634057863477
zh	0.3083973359439268	0.39431304088861735	0.7005679812504009	0.45644122141570764	0.3989709552421633	0.3728203072710192	0.4426177061543436	0.3776976677019173	0.33434944052340004	0.2529386566428418	0.2509178547711905	0.891516358459964	0.4047726803103655	0.311757215272915	0.3694047071690085	0.32687734578153216	0.39617213613013225	0.517956563824306	0.37846884332216135	0.3044418319420302	0.49815156659659066	0.21589914218640682	0.3675901701931599	0.44856615882629186	0.3712802160427444	0.3197569141882421	0.35695242445204883	1.0	0.3394279529942398	0.4162370796099149	0.2922783232818498	1.0	0.22531550236475711	0.6014634057863477	1.0
