arz	bs	ceb	ckb	da	de	el	en	es	fr	he	hi	hu	id	it	ja	ko	lv	mk	ml	mr	nl	pl	pt	ro	ru	sh	si	simple	sr	sv	te	vi	war	zh
arz	1.0	0.38636363636363635	0.3125	0.2727272727272727	0.19047619047619047	0.1239010989010989	0.2762820512820513	0.1111111111111111	0.13793103448275862	0.11534839924670433	0.2240398293029872	0.16666666666666666	0.2465300727032386	0.2857142857142857	0.15784615384615386	0.14285714285714285	0.2222222222222222	0.2857142857142857	0.38286713286713286	0.35964912280701755	0.475	0.16	0.19047619047619047	0.2300347222222222	0.2830601092896175	0.12903225806451613	0.3421052631578947	0.0625	0.3076923076923077	0.3262108262108262	0.14814814814814814	0.0625	0.2222222222222222	0.3888888888888889	0.19810977826245002
bs	0.38636363636363635	1.0	0.22727272727272727	0.46132971506105835	0.28252331860579283	0.16607142857142856	0.4424242424242424	0.17636268343815514	0.21834369700395703	0.18532215647600264	0.3050986842105263	0.18951048951048952	0.4126766985864113	0.4335548172757475	0.24278846153846154	0.22650375939849623	0.365257048092869	0.44080234833659493	0.519406392694064	0.35818181818181816	0.2881118881118881	0.23041666666666666	0.28252331860579283	0.33945386064030136	0.45714285714285713	0.20100426049908704	0.5717353951890034	0.045454545454545456	0.38839285714285715	0.4935897435897436	0.20925925925925926	0.045454545454545456	0.33364544319600503	0.36363636363636365	0.3161904761904762
ceb	0.3125	0.22727272727272727	0.5	0.2777777777777778	0.11904761904761904	0.07142857142857142	0.16666666666666666	0.06944444444444445	0.08620689655172414	0.06944444444444445	0.13157894736842105	0.14285714285714285	0.14705882352941177	0.17857142857142858	0.09615384615384616	0.08928571428571429	0.1388888888888889	0.17857142857142858	0.22727272727272727	0.35714285714285715	0.4166666666666667	0.1	0.11904761904761904	0.1388888888888889	0.16666666666666666	0.08064516129032258	0.20833333333333334	0.1	0.19230769230769232	0.19230769230769232	0.09259259259259259	0.1	0.1388888888888889	0.3125	0.11904761904761904
ckb	0.2727272727272727	0.46132971506105835	0.2777777777777778	1.0	0.22564935064935063	0.12857142857142856	0.31785714285714284	0.13109756097560976	0.16925692083535698	0.125	0.23684210526315788	0.2222222222222222	0.2753441802252816	0.33531746031746035	0.1808288610614192	0.16071428571428573	0.2608695652173913	0.3668831168831169	0.3333333333333333	0.3888888888888889	0.25	0.18	0.21428571428571427	0.25	0.34838709677419355	0.14516129032258066	0.4181034482758621	0.05555555555555555	0.30357142857142855	0.36177884615384615	0.16666666666666666	0.05555555555555555	0.2635135135135135	0.35	0.23308270676691728
da	0.19047619047619047	0.28252331860579283	0.11904761904761904	0.22564935064935063	1.0	0.3059523809523809	0.34287317620650953	0.31048387096774194	0.321915530428999	0.30180180180180183	0.31470588235294117	0.09523809523809523	0.4127435064935065	0.31158357771260997	0.32668469686725266	0.34003115264797507	0.3693778110944528	0.35374149659863946	0.2982683982683983	0.16666666666666666	0.14285714285714285	0.32142857142857145	0.3967391304347826	0.334005376344086	0.34595959595959597	0.3643507030603805	0.31512605042016806	0.023809523809523808	0.2912457912457912	0.3358395989974937	0.35714285714285715	0.023809523809523808	0.39867354458364035	0.19047619047619047	0.32984420642648493
de	0.1239010989010989	0.16607142857142856	0.07142857142857142	0.12857142857142856	0.3059523809523809	1.0	0.21428571428571427	0.41515837104072395	0.3	0.4358974358974359	0.2837742504409171	0.05714285714285714	0.25413533834586466	0.20657894736842106	0.39596844872918496	0.4046610169491525	0.2595486111111111	0.2	0.15714285714285714	0.1	0.08571428571428572	0.3333333333333333	0.30246913580246915	0.2361111111111111	0.23855755894590844	0.4026445800639349	0.18132956152758134	0.014285714285714285	0.1930672268907563	0.18571428571428572	0.3611111111111111	0.014285714285714285	0.2426046176046176	0.11428571428571428	0.29521963824289404
el	0.2762820512820513	0.4424242424242424	0.16666666666666666	0.31785714285714284	0.34287317620650953	0.21428571428571427	1.0	0.23653846153846156	0.27696931350838344	0.21450617283950618	0.382051282051282	0.13333333333333333	0.3651821862348178	0.45625	0.31300141576215196	0.28438606847697756	0.44422572178477693	0.4486228813559322	0.375	0.26612021857923496	0.21000000000000002	0.3189873417721519	0.37543554006968644	0.3922305764411027	0.41700640652300525	0.2582398316970547	0.4597826086956522	0.03333333333333333	0.3977272727272727	0.4117647058823529	0.28453453453453453	0.03333333333333333	0.40266762797404465	0.26666666666666666	0.39328743545611017
en	0.1111111111111111	0.17636268343815514	0.06944444444444445	0.13109756097560976	0.31048387096774194	0.41515837104072395	0.23653846153846156	1.0	0.31146226955227296	0.4684412179874975	0.27732974910394265	0.05555555555555555	0.26197318007662834	0.2112042209807573	0.39152936206168143	0.37808072389570185	0.24682374682374683	0.20332018408941485	0.15557107386716326	0.10307017543859649	0.08333333333333333	0.3525413711583924	0.30224867724867727	0.24388067312595615	0.22261904761904763	0.3942052099946837	0.1863711001642036	0.013888888888888888	0.18626984126984128	0.1976984126984127	0.337280701754386	0.013888888888888888	0.26955307262569833	0.1111111111111111	0.2883862122992558
es	0.13793103448275862	0.21834369700395703	0.08620689655172414	0.16925692083535698	0.321915530428999	0.3	0.27696931350838344	0.31146226955227296	1.0	0.310023967291696	0.27934818756235447	0.06896551724137931	0.3137931034482758	0.2582332429290973	0.33129543952412427	0.32899159663865546	0.30069444444444443	0.2230769230769231	0.21375155795596176	0.13351016799292661	0.10344827586206896	0.3233901515151515	0.31150211795373084	0.2914634146341463	0.29809437386569876	0.3664021164021164	0.22444041137326073	0.017241379310344827	0.23633305298570229	0.23576583801122694	0.3291473892927958	0.017241379310344827	0.29432234432234433	0.13793103448275862	0.3085724043715847
fr	0.11534839924670433	0.18532215647600264	0.06944444444444445	0.125	0.30180180180180183	0.4358974358974359	0.21450617283950618	0.4684412179874975	0.310023967291696	1.0	0.2741628614916286	0.05555555555555555	0.27050264550264547	0.19796557120500782	0.37857836001940803	0.3895901395901396	0.2505630630630631	0.19832041343669252	0.16770315091210614	0.10497416020671835	0.08333333333333333	0.3647047397047397	0.29837807606263983	0.2384002499609436	0.24537037037037038	0.3652636671504596	0.1882716049382716	0.013888888888888888	0.18807435254803676	0.18785482562854824	0.3361416130253692	0.013888888888888888	0.25704225352112675	0.1111111111111111	0.3173554720639923
he	0.2240398293029872	0.3050986842105263	0.13157894736842105	0.23684210526315788	0.31470588235294117	0.2837742504409171	0.382051282051282	0.27732974910394265	0.27934818756235447	0.2741628614916286	1.0	0.10526315789473684	0.3786945812807882	0.3684210526315789	0.3464912280701754	0.343872870249017	0.4075010535187526	0.2857142857142857	0.3076555023923445	0.19441460794844254	0.15789473684210525	0.3953846153846154	0.39195327709279687	0.4647727272727273	0.3724719101123595	0.2875791139240506	0.33959899749373434	0.02631578947368421	0.3515392254220457	0.3599624060150376	0.36909323116219667	0.02631578947368421	0.40595238095238095	0.21052631578947367	0.3886734976460814
hi	0.16666666666666666	0.18951048951048952	0.14285714285714285	0.2222222222222222	0.09523809523809523	0.05714285714285714	0.13333333333333333	0.05555555555555555	0.06896551724137931	0.05555555555555555	0.10526315789473684	1.0	0.12339418526031101	0.1607142857142857	0.07692307692307693	0.07142857142857142	0.11699346405228758	0.14285714285714285	0.125	0.2857142857142857	0.125	0.08	0.09523809523809523	0.1111111111111111	0.13333333333333333	0.06451612903225806	0.16666666666666666	0.125	0.10714285714285714	0.15384615384615385	0.07407407407407407	0.125	0.12835249042145594	0.16666666666666666	0.0991140642303433
hu	0.2465300727032386	0.4126766985864113	0.14705882352941177	0.2753441802252816	0.4127435064935065	0.25413533834586466	0.3651821862348178	0.26197318007662834	0.3137931034482758	0.27050264550264547	0.3786945812807882	0.12339418526031101	1.0	0.40356394129979034	0.33219373219373216	0.30854180752760874	0.4445364238410596	0.3470394736842105	0.3735294117647059	0.21578334304018637	0.17647058823529413	0.3249336870026525	0.3892773892773893	0.4073741007194245	0.45042735042735044	0.2857320099255583	0.42611190817790534	0.029411764705882353	0.363036303630363	0.43185789167152006	0.3040629095674967	0.029411764705882353	0.4631087063453025	0.23529411764705882	0.3289800995024876
id	0.2857142857142857	0.4335548172757475	0.17857142857142858	0.33531746031746035	0.31158357771260997	0.20657894736842106	0.45625	0.2112042209807573	0.2582332429290973	0.19796557120500782	0.3684210526315789	0.1607142857142857	0.40356394129979034	1.0	0.286472148541114	0.25980392156862747	0.426984126984127	0.39939024390243905	0.42410714285714285	0.2616279069767442	0.21428571428571427	0.2883333333333334	0.3579234972677595	0.40633074935400515	0.5172995780590718	0.22580645161290322	0.4680451127819549	0.03571428571428571	0.5097402597402597	0.4842857142857143	0.25925925925925924	0.03571428571428571	0.4166666666666667	0.2857142857142857	0.35666666666666663
it	0.15784615384615386	0.24278846153846154	0.09615384615384616	0.1808288610614192	0.32668469686725266	0.39596844872918496	0.31300141576215196	0.39152936206168143	0.33129543952412427	0.37857836001940803	0.3464912280701754	0.07692307692307693	0.33219373219373216	0.286472148541114	1.0	0.42380952380952386	0.36534672970843185	0.251934770591487	0.23312119535141118	0.1419683257918552	0.11538461538461539	0.43084851390220513	0.3233318405732199	0.3026634382566586	0.2823806465424962	0.3504304160688666	0.2514792899408284	0.019230769230769232	0.2607913669064748	0.2714285714285714	0.3315263605442177	0.019230769230769232	0.29242569511025884	0.15384615384615385	0.4136604136604136
ja	0.14285714285714285	0.22650375939849623	0.08928571428571429	0.16071428571428573	0.34003115264797507	0.4046610169491525	0.28438606847697756	0.37808072389570185	0.32899159663865546	0.3895901395901396	0.343872870249017	0.07142857142857142	0.30854180752760874	0.25980392156862747	0.42380952380952386	1.0	0.31924723912553526	0.22969348659003833	0.20673784977908688	0.125	0.11363636363636363	0.42794404684450227	0.32575757575757575	0.3042974781266083	0.27287537333695355	0.35980629539951575	0.23015873015873015	0.017857142857142856	0.24278115501519756	0.24234693877551022	0.369375	0.017857142857142856	0.26666666666666666	0.14285714285714285	0.37868175287356326
ko	0.2222222222222222	0.365257048092869	0.1388888888888889	0.2608695652173913	0.3693778110944528	0.2595486111111111	0.44422572178477693	0.24682374682374683	0.30069444444444443	0.2505630630630631	0.4075010535187526	0.11699346405228758	0.4445364238410596	0.426984126984127	0.36534672970843185	0.31924723912553526	1.0	0.35756918068366794	0.3565759637188209	0.2204861111111111	0.16666666666666666	0.35370879120879123	0.4079153605015674	0.44887218045112787	0.4180393732422659	0.27337693798449614	0.40771349862258954	0.027777777777777776	0.3968253968253968	0.4061111111111111	0.30811688311688307	0.027777777777777776	0.4277777777777778	0.2222222222222222	0.39937247870909903
lv	0.2857142857142857	0.44080234833659493	0.17857142857142858	0.3668831168831169	0.35374149659863946	0.2	0.4486228813559322	0.20332018408941485	0.2230769230769231	0.19832041343669252	0.2857142857142857	0.14285714285714285	0.3470394736842105	0.39939024390243905	0.251934770591487	0.22969348659003833	0.35756918068366794	1.0	0.3333333333333333	0.25	0.21428571428571427	0.26063829787234044	0.3158627087198516	0.30666666666666664	0.36683006535947715	0.23413978494623655	0.46763392857142855	0.03571428571428571	0.3584558823529412	0.4131578947368421	0.23214285714285715	0.03571428571428571	0.32380952380952377	0.2857142857142857	0.31719367588932806
mk	0.38286713286713286	0.519406392694064	0.22727272727272727	0.3333333333333333	0.2982683982683983	0.15714285714285714	0.375	0.15557107386716326	0.21375155795596176	0.16770315091210614	0.3076555023923445	0.125	0.3735294117647059	0.42410714285714285	0.23312119535141118	0.20673784977908688	0.3565759637188209	0.3333333333333333	1.0	0.30714285714285716	0.293560606060606	0.22	0.27052545155993435	0.3305555555555556	0.40614035087719297	0.1774193548387097	0.4346153846153846	0.045454545454545456	0.5041580041580042	0.49624765478424016	0.2037037037037037	0.045454545454545456	0.33616780045351474	0.36363636363636365	0.27891156462585037
ml	0.35964912280701755	0.35818181818181816	0.35714285714285715	0.3888888888888889	0.16666666666666666	0.1	0.26612021857923496	0.10307017543859649	0.13351016799292661	0.10497416020671835	0.19441460794844254	0.2857142857142857	0.21578334304018637	0.2616279069767442	0.1419683257918552	0.125	0.2204861111111111	0.25	0.30714285714285716	1.0	0.34191176470588236	0.15041666666666667	0.18666666666666665	0.236697965571205	0.24703196347031964	0.1295698924731183	0.35618279569892475	0.07142857142857142	0.24369747899159663	0.28205128205128205	0.14182475158084915	0.07142857142857142	0.21770025839793283	0.3333333333333333	0.1845238095238095
mr	0.475	0.2881118881118881	0.4166666666666667	0.25	0.14285714285714285	0.08571428571428572	0.21000000000000002	0.08333333333333333	0.10344827586206896	0.08333333333333333	0.15789473684210525	0.125	0.17647058823529413	0.21428571428571427	0.11538461538461539	0.11363636363636363	0.16666666666666666	0.21428571428571427	0.293560606060606	0.34191176470588236	1.0	0.12	0.14285714285714285	0.16666666666666666	0.20833333333333334	0.10741249142072752	0.2590909090909091	0.08333333333333333	0.23076923076923078	0.2507692307692308	0.1111111111111111	0.08333333333333333	0.16666666666666666	0.375	0.14670329670329668
nl	0.16	0.23041666666666666	0.1	0.18	0.32142857142857145	0.3333333333333333	0.3189873417721519	0.3525413711583924	0.3233901515151515	0.3647047397047397	0.3953846153846154	0.08	0.3249336870026525	0.2883333333333334	0.43084851390220513	0.42794404684450227	0.35370879120879123	0.26063829787234044	0.22	0.15041666666666667	0.12	1.0	0.35185185185185186	0.3377926421404682	0.28034188034188035	0.3614718614718615	0.24	0.02	0.26	0.26892857142857146	0.37528735632183907	0.02	0.3044930176077717	0.16	0.3972736124634859
pl	0.19047619047619047	0.28252331860579283	0.11904761904761904	0.21428571428571427	0.3967391304347826	0.30246913580246915	0.37543554006968644	0.30224867724867727	0.31150211795373084	0.29837807606263983	0.39195327709279687	0.09523809523809523	0.3892773892773893	0.3579234972677595	0.3233318405732199	0.32575757575757575	0.4079153605015674	0.3158627087198516	0.27052545155993435	0.18666666666666665	0.14285714285714285	0.35185185185185186	1.0	0.43130745658835545	0.38492063492063494	0.31867283950617287	0.30897009966777406	0.023809523809523808	0.328042328042328	0.3358395989974937	0.36533957845433257	0.023809523809523808	0.4527649769585253	0.19047619047619047	0.33317001469867713
pt	0.2300347222222222	0.33945386064030136	0.1388888888888889	0.25	0.334005376344086	0.2361111111111111	0.3922305764411027	0.24388067312595615	0.2914634146341463	0.2384002499609436	0.4647727272727273	0.1111111111111111	0.4073741007194245	0.40633074935400515	0.3026634382566586	0.3042974781266083	0.44887218045112787	0.30666666666666664	0.3305555555555556	0.236697965571205	0.16666666666666666	0.3377926421404682	0.43130745658835545	1.0	0.39939450395901255	0.27514880952380955	0.3657407407407407	0.027777777777777776	0.3870851370851371	0.38580246913580246	0.3153361344537815	0.027777777777777776	0.4294117647058824	0.2222222222222222	0.387598814229249
ro	0.2830601092896175	0.45714285714285713	0.16666666666666666	0.34838709677419355	0.34595959595959597	0.23855755894590844	0.41700640652300525	0.22261904761904763	0.29809437386569876	0.24537037037037038	0.3724719101123595	0.13333333333333333	0.45042735042735044	0.5172995780590718	0.2823806465424962	0.27287537333695355	0.4180393732422659	0.36683006535947715	0.40614035087719297	0.24703196347031964	0.20833333333333334	0.28034188034188035	0.38492063492063494	0.39939450395901255	1.0	0.24674317617866007	0.4824742268041237	0.03333333333333333	0.46	0.4653846153846154	0.2898259705488621	0.03333333333333333	0.4224137931034483	0.26666666666666666	0.3711229946524064
ru	0.12903225806451613	0.20100426049908704	0.08064516129032258	0.14516129032258066	0.3643507030603805	0.4026445800639349	0.2582398316970547	0.3942052099946837	0.3664021164021164	0.3652636671504596	0.2875791139240506	0.06451612903225806	0.2857320099255583	0.22580645161290322	0.3504304160688666	0.35980629539951575	0.27337693798449614	0.23413978494623655	0.1774193548387097	0.1295698924731183	0.10741249142072752	0.3614718614718615	0.31867283950617287	0.27514880952380955	0.24674317617866007	1.0	0.20375246872942726	0.016129032258064516	0.2173697270471464	0.21692379616643293	0.35294117647058826	0.016129032258064516	0.265625	0.12903225806451613	0.3056302671687287
sh	0.3421052631578947	0.5717353951890034	0.20833333333333334	0.4181034482758621	0.31512605042016806	0.18132956152758134	0.4597826086956522	0.1863711001642036	0.22444041137326073	0.1882716049382716	0.33959899749373434	0.16666666666666666	0.42611190817790534	0.4680451127819549	0.2514792899408284	0.23015873015873015	0.40771349862258954	0.46763392857142855	0.4346153846153846	0.35618279569892475	0.2590909090909091	0.24	0.30897009966777406	0.3657407407407407	0.4824742268041237	0.20375246872942726	1.0	0.041666666666666664	0.4450959488272921	0.49578503688092734	0.2417027417027417	0.041666666666666664	0.3941441441441441	0.3333333333333333	0.3176910299003322
si	0.0625	0.045454545454545456	0.1	0.05555555555555555	0.023809523809523808	0.014285714285714285	0.03333333333333333	0.013888888888888888	0.017241379310344827	0.013888888888888888	0.02631578947368421	0.125	0.029411764705882353	0.03571428571428571	0.019230769230769232	0.017857142857142856	0.027777777777777776	0.03571428571428571	0.045454545454545456	0.07142857142857142	0.08333333333333333	0.02	0.023809523809523808	0.027777777777777776	0.03333333333333333	0.016129032258064516	0.041666666666666664	0.5	0.038461538461538464	0.038461538461538464	0.018518518518518517	0.5	0.027777777777777776	0.0625	0.023809523809523808
simple	0.3076923076923077	0.38839285714285715	0.19230769230769232	0.30357142857142855	0.2912457912457912	0.1930672268907563	0.3977272727272727	0.18626984126984128	0.23633305298570229	0.18807435254803676	0.3515392254220457	0.10714285714285714	0.363036303630363	0.5097402597402597	0.2607913669064748	0.24278115501519756	0.3968253968253968	0.3584558823529412	0.5041580041580042	0.24369747899159663	0.23076923076923078	0.26	0.328042328042328	0.3870851370851371	0.46	0.2173697270471464	0.4450959488272921	0.038461538461538464	1.0	0.47857142857142854	0.24074074074074073	0.038461538461538464	0.3715277777777778	0.3076923076923077	0.3233169129720854
sr	0.3262108262108262	0.4935897435897436	0.19230769230769232	0.36177884615384615	0.3358395989974937	0.18571428571428572	0.4117647058823529	0.1976984126984127	0.23576583801122694	0.18785482562854824	0.3599624060150376	0.15384615384615385	0.43185789167152006	0.4842857142857143	0.2714285714285714	0.24234693877551022	0.4061111111111111	0.4131578947368421	0.49624765478424016	0.28205128205128205	0.2507692307692308	0.26892857142857146	0.3358395989974937	0.38580246913580246	0.4653846153846154	0.21692379616643293	0.49578503688092734	0.038461538461538464	0.47857142857142854	1.0	0.25094482237339377	0.038461538461538464	0.3911111111111111	0.3076923076923077	0.3299319727891157
sv	0.14814814814814814	0.20925925925925926	0.09259259259259259	0.16666666666666666	0.35714285714285715	0.3611111111111111	0.28453453453453453	0.337280701754386	0.3291473892927958	0.3361416130253692	0.36909323116219667	0.07407407407407407	0.3040629095674967	0.25925925925925924	0.3315263605442177	0.369375	0.30811688311688307	0.23214285714285715	0.2037037037037037	0.14182475158084915	0.1111111111111111	0.37528735632183907	0.36533957845433257	0.3153361344537815	0.2898259705488621	0.35294117647058826	0.2417027417027417	0.018518518518518517	0.24074074074074073	0.25094482237339377	1.0	0.018518518518518517	0.32243935309973043	0.14814814814814814	0.34772043508447115
te	0.0625	0.045454545454545456	0.1	0.05555555555555555	0.023809523809523808	0.014285714285714285	0.03333333333333333	0.013888888888888888	0.017241379310344827	0.013888888888888888	0.02631578947368421	0.125	0.029411764705882353	0.03571428571428571	0.019230769230769232	0.017857142857142856	0.027777777777777776	0.03571428571428571	0.045454545454545456	0.07142857142857142	0.08333333333333333	0.02	0.023809523809523808	0.027777777777777776	0.03333333333333333	0.016129032258064516	0.041666666666666664	0.5	0.038461538461538464	0.038461538461538464	0.018518518518518517	0.5	0.027777777777777776	0.0625	0.023809523809523808
vi	0.2222222222222222	0.33364544319600503	0.1388888888888889	0.2635135135135135	0.39867354458364035	0.2426046176046176	0.40266762797404465	0.26955307262569833	0.29432234432234433	0.25704225352112675	0.40595238095238095	0.12835249042145594	0.4631087063453025	0.4166666666666667	0.29242569511025884	0.26666666666666666	0.4277777777777778	0.32380952380952377	0.33616780045351474	0.21770025839793283	0.16666666666666666	0.3044930176077717	0.4527649769585253	0.4294117647058824	0.4224137931034483	0.265625	0.3941441441441441	0.027777777777777776	0.3715277777777778	0.3911111111111111	0.32243935309973043	0.027777777777777776	1.0	0.2222222222222222	0.32883986928104575
war	0.3888888888888889	0.36363636363636365	0.3125	0.35	0.19047619047619047	0.11428571428571428	0.26666666666666666	0.1111111111111111	0.13793103448275862	0.1111111111111111	0.21052631578947367	0.16666666666666666	0.23529411764705882	0.2857142857142857	0.15384615384615385	0.14285714285714285	0.2222222222222222	0.2857142857142857	0.36363636363636365	0.3333333333333333	0.375	0.16	0.19047619047619047	0.2222222222222222	0.26666666666666666	0.12903225806451613	0.3333333333333333	0.0625	0.3076923076923077	0.3076923076923077	0.14814814814814814	0.0625	0.2222222222222222	0.5	0.19047619047619047
zh	0.19810977826245002	0.3161904761904762	0.11904761904761904	0.23308270676691728	0.32984420642648493	0.29521963824289404	0.39328743545611017	0.2883862122992558	0.3085724043715847	0.3173554720639923	0.3886734976460814	0.0991140642303433	0.3289800995024876	0.35666666666666663	0.4136604136604136	0.37868175287356326	0.39937247870909903	0.31719367588932806	0.27891156462585037	0.1845238095238095	0.14670329670329668	0.3972736124634859	0.33317001469867713	0.387598814229249	0.3711229946524064	0.3056302671687287	0.3176910299003322	0.023809523809523808	0.3233169129720854	0.3299319727891157	0.34772043508447115	0.023809523809523808	0.32883986928104575	0.19047619047619047	1.0
