arz	bs	ceb	ckb	da	de	el	en	es	fr	he	hi	hu	id	it	ja	ko	lv	mk	ml	mr	nl	pl	pt	ro	ru	sh	si	simple	sr	sv	te	vi	war	zh
arz	1.0	0.35388936786452296	1.0	1.0	0.26533119314590375	0.44948974278317805	1.0	0.14423856110165295	0.38742588672279304	0.18905299528192201	1.0	1.0	0.23166247903554	0.2240092377397959	0.22772999919644132	1.0	1.0	0.585786437626905	1.0	1.0	1.0	0.3164309725825328	0.2742918851774318	0.38742588672279304	0.2	1.0	0.4142135623730951	1.0	0.5	1.0	0.44948974278317805	1.0	0.2791745113185196	1.0	1.0
bs	0.35388936786452296	1.0	0.22646721143623746	0.44948974278317805	0.07100867207720064	0.08171475684970188	0.08567604681249286	0.06491422774248748	0.07204722002572099	0.07441669142868504	0.08295026921233913	0.23582845781094	0.07302640069400565	0.07797482603160469	0.07376404473707995	0.07611453966302106	0.097786877190169	0.15416998933807838	0.15267700571156523	0.2187841884486319	0.2225758785102318	0.07391002619321582	0.07483585910275607	0.07494937701133751	0.10382773130361952	0.07449845718949662	0.07061150823048049	1.0	0.11771296872086943	0.07673205091706357	0.07414324994572771	1.0	0.11268865367232477	0.171310475400854	0.07449845718949662
ceb	1.0	0.22646721143623746	1.0	1.0	0.05709070715537609	0.11433841851550565	1.0	0.007576984520067094	0.14972506706560876	0.05281724709035532	1.0	0.585786437626905	0.029656959330364677	0.08255555416690967	0.0497389372927	1.0	1.0	0.38742588672279304	1.0	1.0	1.0	0.1102221406577905	0.1384862707161357	0.07619421680124755	0.09944919923626441	0.585786437626905	0.08704668331836253	1.0	0.20386840968093525	1.0	0.06752224411684926	1.0	0.12120307524043789	1.0	0.585786437626905
ckb	1.0	0.44948974278317805	1.0	1.0	0.5	1.0	1.0	0.4142135623730951	1.0	0.3483314773547883	1.0	1.0	0.4142135623730951	0.5	0.38742588672279304	1.0	1.0	1.0	1.0	1.0	1.0	0.585786437626905	1.0	0.585786437626905	0.44948974278317805	1.0	0.585786437626905	1.0	0.5	1.0	0.585786437626905	1.0	0.585786437626905	1.0	1.0
da	0.26533119314590375	0.07100867207720064	0.05709070715537609	0.5	1.0	0.00730184280316804	0.015883592246701998	0.011957762367012684	0.00783011441946269	0.0077970083899548265	0.009600272968060864	0.07207522421598624	0.010987792072093305	0.011204136794018965	0.007805439704657785	0.008656957581435943	0.012072719080112336	0.050881291481793225	0.04790509369124819	0.048411767658503545	0.17507960357339145	0.008120340053734992	0.008160306049166743	0.008034735466050748	0.017420183947926077	0.007787133023207711	0.010122212827944541	0.585786437626905	0.02147612462658377	0.014283779658720719	0.008202062996979025	0.3430703308172536	0.013532161381495805	0.10151653489096339	0.010048115570024056
de	0.44948974278317805	0.08171475684970188	0.11433841851550565	1.0	0.00730184280316804	1.0	0.09633139677755012	0.001578923312041751	0.01803597696070324	0.001954812659791786	0.09793838472881193	0.3203772410170407	0.004571433596141253	0.00602518629613062	0.0021456055352981687	0.08370413393364952	0.14201473202245876	0.1886378647726465	0.27429188517743175	0.26533119314590375	0.44948974278317805	0.005239868690313322	0.008001771904581071	0.0043463341476871606	0.008104892298030986	0.04146529648208795	0.005952494176914132	0.585786437626905	0.07054765656397519	0.14328432723886902	0.003785695328083123	1.0	0.014519951114343725	0.44948974278317805	0.0844942272892202
el	1.0	0.08567604681249286	1.0	1.0	0.015883592246701998	0.09633139677755012	1.0	0.005027422831200954	0.0994491992362644	0.01982594502414761	1.0	1.0	0.011032399537333797	0.03562994875991911	0.00838338510409491	1.0	1.0	0.2958163163244893	1.0	1.0	1.0	0.057333477500685764	0.07879940008231048	0.03494055088340569	0.02661083194939698	1.0	0.025508935950603617	1.0	0.12043886815418244	0.585786437626905	0.038849327855153146	1.0	0.06642114858894749	0.585786437626905	1.0
en	0.14423856110165295	0.06491422774248748	0.007576984520067094	0.4142135623730951	0.011957762367012684	0.001578923312041751	0.005027422831200954	1.0	0.002197452857283485	0.005573775472565253	0.004813168419713119	0.06353861552754617	0.009901339800432342	0.007256886527572205	0.009117727841514359	0.004305680234338969	0.0069853189707520524	0.06252740087143531	0.04096270399469791	0.063281518016835	0.19636040545626823	0.0034432155011760324	0.0032738152365793453	0.0037568912988883954	0.010599290031690484	0.0024429133853062245	0.006775707920499859	1.0	0.024935396322959383	0.006839189924385175	0.0050965475220113065	0.4142135623730951	0.007305733220398194	0.11910511796722976	0.004262650822065923
es	0.38742588672279304	0.07204722002572099	0.14972506706560876	1.0	0.00783011441946269	0.01803597696070324	0.0994491992362644	0.002197452857283485	1.0	0.0027263404439069852	0.07884370070515072	0.30216947925196225	0.004858452368169094	0.0066479439436077795	0.002649445381390183	0.07146129987510616	0.11606619483971768	0.17025921636942778	0.19367338768973053	0.29893508442482547	0.5	0.006796589466328897	0.015665203692560272	0.004807385840328632	0.0086574714798858	0.036768119204252186	0.006119162583379478	1.0	0.07253665616182631	0.11811127418327012	0.004675839634102748	1.0	0.022140078253717152	0.44948974278317805	0.0707109526263356
fr	0.18905299528192201	0.07441669142868504	0.05281724709035532	0.3483314773547883	0.0077970083899548265	0.001954812659791786	0.01982594502414761	0.005573775472565253	0.0027263404439069852	1.0	0.010495593077612783	0.13752076280197198	0.004735650503938945	0.006061105644461412	0.004293384708466679	0.007773349761729539	0.03622482508909034	0.13265505186373677	0.125	0.1301521958455223	0.2958163163244893	0.0038476741746478675	0.003885380952168736	0.00413861602822867	0.008484314579456283	0.0031576650567217285	0.005768603472609323	1.0	0.05978929984979546	0.02597415825936423	0.004377319896723992	1.0	0.012501123076210008	0.1856154626682773	0.00804566606932973
he	1.0	0.08295026921233913	1.0	1.0	0.009600272968060864	0.09793838472881193	1.0	0.004813168419713119	0.07884370070515072	0.010495593077612783	1.0	1.0	0.008287356587426239	0.013586386552614285	0.006827420112734514	1.0	1.0	0.2612038749637414	1.0	1.0	1.0	0.029824372169191055	0.04988081777733153	0.032975269612608105	0.011908904787546084	0.585786437626905	0.016950253316008232	1.0	0.10488507762869706	0.5	0.028259592248483796	1.0	0.03702385434090289	0.585786437626905	1.0
hi	1.0	0.23582845781094	0.585786437626905	1.0	0.07207522421598624	0.3203772410170407	1.0	0.06353861552754617	0.30216947925196225	0.13752076280197198	1.0	1.0	0.10653601562893387	0.12077134402462537	0.12825349971651706	1.0	1.0	0.3333333333333333	1.0	1.0	1.0	0.20658711810431302	0.1699415124659845	0.16879264089884097	0.11268865367232479	1.0	0.15571044664402758	1.0	0.16015261286229274	1.0	0.2	1.0	0.125	1.0	1.0
hu	0.23166247903554	0.07302640069400565	0.029656959330364677	0.4142135623730951	0.010987792072093305	0.004571433596141253	0.011032399537333797	0.009901339800432342	0.004858452368169094	0.004735650503938945	0.008287356587426239	0.10653601562893387	1.0	0.008762528271314213	0.006494501716605495	0.006293674098848124	0.011158117699071516	0.10456435556373392	0.05716761071022377	0.097409748607283	0.1842574582922436	0.005610462764880345	0.0057137227501346775	0.005585602426662387	0.011631959437297938	0.005154845692650839	0.0083483832912056	0.4364916731037085	0.06372519832165491	0.012549192380560372	0.005966249840396579	0.44948974278317805	0.012136937972751588	0.13942101738017212	0.007364169417631215
id	0.2240092377397959	0.07797482603160469	0.08255555416690967	0.5	0.011204136794018965	0.00602518629613062	0.03562994875991911	0.007256886527572205	0.0066479439436077795	0.006061105644461412	0.013586386552614285	0.12077134402462537	0.008762528271314213	1.0	0.0066850126001616016	0.012023983281760693	0.03201539074820212	0.09279301762863411	0.08147393797853303	0.12057151363073154	0.26533119314590375	0.00854871820289875	0.008123710357588574	0.007862610305566068	0.013334664033698538	0.0072649669721656955	0.016813586106799328	1.0	0.07725993908491115	0.029757077890489286	0.008533894009901262	0.5	0.03076994620759606	0.1809073112342927	0.011661071497101095
it	0.22772999919644132	0.07376404473707995	0.0497389372927	0.38742588672279304	0.007805439704657785	0.0021456055352981687	0.00838338510409491	0.009117727841514359	0.002649445381390183	0.004293384708466679	0.006827420112734514	0.12825349971651706	0.006494501716605495	0.0066850126001616016	1.0	0.005649782286563315	0.03236117527454538	0.13122197716763584	0.09016116035187176	0.131657717156152	0.23582845781094	0.0037456608599429537	0.0036689910996977443	0.004106995587399169	0.008414871936125992	0.003068627680080446	0.0062197031184964184	0.585786437626905	0.062147950250393	0.027466062609234596	0.004922749669647997	0.44948974278317805	0.014531099013768084	0.16056186254883698	0.0062421348417972655
ja	1.0	0.07611453966302106	1.0	1.0	0.008656957581435943	0.08370413393364952	1.0	0.004305680234338969	0.07146129987510616	0.007773349761729539	1.0	1.0	0.006293674098848124	0.012023983281760693	0.005649782286563315	1.0	1.0	0.24660605559646726	1.0	1.0	1.0	0.03390334611288535	0.04683423060944896	0.023015303695741146	0.01064332122793865	0.585786437626905	0.009646722460047732	1.0	0.08750187292164367	0.585786437626905	0.013782038554972025	1.0	0.02666477273872083	0.585786437626905	1.0
ko	1.0	0.097786877190169	1.0	1.0	0.012072719080112336	0.14201473202245876	1.0	0.0069853189707520524	0.11606619483971768	0.03622482508909034	1.0	1.0	0.011158117699071516	0.03201539074820212	0.03236117527454538	1.0	1.0	0.2612038749637414	1.0	1.0	1.0	0.054010761123847784	0.0843908814983967	0.05766967909160975	0.018762108142374508	1.0	0.02450520164111756	1.0	0.09476439431879669	1.0	0.04643268634085051	1.0	0.05794302986459342	0.585786437626905	1.0
lv	0.585786437626905	0.15416998933807838	0.38742588672279304	1.0	0.050881291481793225	0.1886378647726465	0.2958163163244893	0.06252740087143531	0.17025921636942778	0.13265505186373677	0.2612038749637414	0.3333333333333333	0.10456435556373392	0.09279301762863411	0.13122197716763584	0.24660605559646726	0.2612038749637414	1.0	0.38742588672279304	0.44948974278317805	1.0	0.15174115516527187	0.18368518446174903	0.17050763999009447	0.11125838795358291	0.2012628451930092	0.15225881209433406	1.0	0.1512290518085545	0.26968623182294527	0.15105956730340453	1.0	0.13727019597372123	0.36602540378443865	0.23441237831492112
mk	1.0	0.15267700571156523	1.0	1.0	0.04790509369124819	0.27429188517743175	1.0	0.04096270399469791	0.19367338768973053	0.125	1.0	1.0	0.05716761071022377	0.08147393797853303	0.09016116035187176	1.0	1.0	0.38742588672279304	1.0	1.0	1.0	0.2402530733520421	0.2553967929896867	0.16330595576157622	0.061870646341148396	1.0	0.1442970426795824	1.0	0.2193450929151803	0.585786437626905	0.1907435698305462	1.0	0.16265941452915686	1.0	1.0
ml	1.0	0.2187841884486319	1.0	1.0	0.048411767658503545	0.26533119314590375	1.0	0.063281518016835	0.29893508442482547	0.1301521958455223	1.0	1.0	0.097409748607283	0.12057151363073154	0.131657717156152	1.0	1.0	0.44948974278317805	1.0	1.0	1.0	0.179128784747792	0.2070518364164892	0.1809073112342927	0.07416903613949721	1.0	0.1482675827043134	1.0	0.17379378377786506	0.585786437626905	0.16666666666666666	1.0	0.11309410860626547	1.0	1.0
mr	1.0	0.2225758785102318	1.0	1.0	0.17507960357339145	0.44948974278317805	1.0	0.19636040545626823	0.5	0.2958163163244893	1.0	1.0	0.1842574582922436	0.26533119314590375	0.23582845781094	1.0	1.0	1.0	1.0	1.0	1.0	0.585786437626905	0.5	0.25824569976124334	0.32449979983983984	1.0	0.36602540378443865	1.0	0.39564392373896007	1.0	0.44948974278317805	1.0	0.2958163163244893	1.0	1.0
nl	0.3164309725825328	0.07391002619321582	0.1102221406577905	0.585786437626905	0.008120340053734992	0.005239868690313322	0.057333477500685764	0.0034432155011760324	0.006796589466328897	0.0038476741746478675	0.029824372169191055	0.20658711810431302	0.005610462764880345	0.00854871820289875	0.0037456608599429537	0.03390334611288535	0.054010761123847784	0.15174115516527187	0.2402530733520421	0.179128784747792	0.585786437626905	1.0	0.01242791422261844	0.007303898024903109	0.009416885388956013	0.009062170738583616	0.006841214044065934	1.0	0.07112726978168595	0.0757703478097749	0.006391740271344099	1.0	0.020799460935807246	0.2989350844248255	0.026801141359233022
pl	0.2742918851774318	0.07483585910275607	0.1384862707161357	1.0	0.008160306049166743	0.008001771904581071	0.07879940008231048	0.0032738152365793453	0.015665203692560272	0.003885380952168736	0.04988081777733153	0.1699415124659845	0.0057137227501346775	0.008123710357588574	0.0036689910996977443	0.04683423060944896	0.0843908814983967	0.18368518446174903	0.2553967929896867	0.2070518364164892	0.5	0.01242791422261844	1.0	0.008011804825646417	0.009127092503045888	0.018906097208756103	0.0071469002811376465	0.5	0.07075175239978833	0.07195783113771413	0.006900529288967795	0.585786437626905	0.02304588276809062	0.2674788903885893	0.04645106950062143
pt	0.38742588672279304	0.07494937701133751	0.07619421680124755	0.585786437626905	0.008034735466050748	0.0043463341476871606	0.03494055088340569	0.0037568912988883954	0.004807385840328632	0.00413861602822867	0.032975269612608105	0.16879264089884097	0.005585602426662387	0.007862610305566068	0.004106995587399169	0.023015303695741146	0.05766967909160975	0.17050763999009447	0.16330595576157622	0.1809073112342927	0.25824569976124334	0.007303898024903109	0.008011804825646417	1.0	0.008855502983580846	0.006240519774506261	0.007106156644290087	0.585786437626905	0.06892548647313305	0.07197456555659683	0.005758362643111079	0.27792629762666365	0.016817701763989168	0.3090169943749474	0.01998248728253163
ro	0.2	0.10382773130361952	0.09944919923626441	0.44948974278317805	0.017420183947926077	0.008104892298030986	0.02661083194939698	0.010599290031690484	0.0086574714798858	0.008484314579456283	0.011908904787546084	0.11268865367232479	0.011631959437297938	0.013334664033698538	0.008414871936125992	0.01064332122793865	0.018762108142374508	0.11125838795358291	0.061870646341148396	0.07416903613949721	0.32449979983983984	0.009416885388956013	0.009127092503045888	0.008855502983580846	1.0	0.009007395422052271	0.01129624361013967	1.0	0.07156853524752646	0.015704073137448385	0.009342952234514035	0.585786437626905	0.01631364216478891	0.12601733235158985	0.01110069065522807
ru	1.0	0.07449845718949662	0.585786437626905	1.0	0.007787133023207711	0.04146529648208795	1.0	0.0024429133853062245	0.036768119204252186	0.0031576650567217285	0.585786437626905	1.0	0.005154845692650839	0.0072649669721656955	0.003068627680080446	0.585786437626905	1.0	0.2012628451930092	1.0	1.0	1.0	0.009062170738583616	0.018906097208756103	0.006240519774506261	0.009007395422052271	1.0	0.006341416338428785	1.0	0.07130403115929888	0.44948974278317805	0.004969571166086621	1.0	0.0186811163839421	0.585786437626905	1.0
sh	0.4142135623730951	0.07061150823048049	0.08704668331836253	0.585786437626905	0.010122212827944541	0.005952494176914132	0.025508935950603617	0.006775707920499859	0.006119162583379478	0.005768603472609323	0.016950253316008232	0.15571044664402758	0.0083483832912056	0.016813586106799328	0.0062197031184964184	0.009646722460047732	0.02450520164111756	0.15225881209433406	0.1442970426795824	0.1482675827043134	0.36602540378443865	0.006841214044065934	0.0071469002811376465	0.007106156644290087	0.01129624361013967	0.006341416338428785	1.0	1.0	0.0750710495027132	0.01754459956883195	0.007646616534996005	1.0	0.03554963881999446	0.17491720310721423	0.016385093828589544
si	1.0	1.0	1.0	1.0	0.585786437626905	0.585786437626905	1.0	1.0	1.0	1.0	1.0	1.0	0.4364916731037085	1.0	0.585786437626905	1.0	1.0	1.0	1.0	1.0	1.0	1.0	0.5	0.585786437626905	1.0	1.0	1.0	1.0	1.0	1.0	1.0	1.0	1.0	1.0	1.0
simple	0.5	0.11771296872086943	0.20386840968093525	0.5	0.02147612462658377	0.07054765656397519	0.12043886815418244	0.024935396322959383	0.07253665616182631	0.05978929984979546	0.10488507762869706	0.16015261286229274	0.06372519832165491	0.07725993908491115	0.062147950250393	0.08750187292164367	0.09476439431879669	0.1512290518085545	0.2193450929151803	0.17379378377786506	0.39564392373896007	0.07112726978168595	0.07075175239978833	0.06892548647313305	0.07156853524752646	0.07130403115929888	0.0750710495027132	1.0	1.0	0.11723411559796551	0.06941707504996686	0.585786437626905	0.08446005312489209	0.24336073281110826	0.07667774013050205
sr	1.0	0.07673205091706357	1.0	1.0	0.014283779658720719	0.14328432723886902	0.585786437626905	0.006839189924385175	0.11811127418327012	0.02597415825936423	0.5	1.0	0.012549192380560372	0.029757077890489286	0.027466062609234596	0.585786437626905	1.0	0.26968623182294527	0.585786437626905	0.585786437626905	1.0	0.0757703478097749	0.07195783113771413	0.07197456555659683	0.015704073137448385	0.44948974278317805	0.01754459956883195	1.0	0.11723411559796551	1.0	0.05990448873204987	1.0	0.06572777001504293	0.585786437626905	0.585786437626905
sv	0.44948974278317805	0.07414324994572771	0.06752224411684926	0.585786437626905	0.008202062996979025	0.003785695328083123	0.038849327855153146	0.0050965475220113065	0.004675839634102748	0.004377319896723992	0.028259592248483796	0.2	0.005966249840396579	0.008533894009901262	0.004922749669647997	0.013782038554972025	0.04643268634085051	0.15105956730340453	0.1907435698305462	0.16666666666666666	0.44948974278317805	0.006391740271344099	0.006900529288967795	0.005758362643111079	0.009342952234514035	0.004969571166086621	0.007646616534996005	1.0	0.06941707504996686	0.05990448873204987	1.0	0.5	0.016712549254712047	0.3203772410170407	0.017343181477202152
te	1.0	1.0	1.0	1.0	0.3430703308172536	1.0	1.0	0.4142135623730951	1.0	1.0	1.0	1.0	0.44948974278317805	0.5	0.44948974278317805	1.0	1.0	1.0	1.0	1.0	1.0	1.0	0.585786437626905	0.27792629762666365	0.585786437626905	1.0	1.0	1.0	0.585786437626905	1.0	0.5	1.0	0.5	1.0	1.0
vi	0.2791745113185196	0.11268865367232477	0.12120307524043789	0.585786437626905	0.013532161381495805	0.014519951114343725	0.06642114858894749	0.007305733220398194	0.022140078253717152	0.012501123076210008	0.03702385434090289	0.125	0.012136937972751588	0.03076994620759606	0.014531099013768084	0.02666477273872083	0.05794302986459342	0.13727019597372123	0.16265941452915686	0.11309410860626547	0.2958163163244893	0.020799460935807246	0.02304588276809062	0.016817701763989168	0.01631364216478891	0.0186811163839421	0.03554963881999446	1.0	0.08446005312489209	0.06572777001504293	0.016712549254712047	0.5	1.0	0.18464218557642828	0.02707849822940026
war	1.0	0.171310475400854	1.0	1.0	0.10151653489096339	0.44948974278317805	0.585786437626905	0.11910511796722976	0.44948974278317805	0.1856154626682773	0.585786437626905	1.0	0.13942101738017212	0.1809073112342927	0.16056186254883698	0.585786437626905	0.585786437626905	0.36602540378443865	1.0	1.0	1.0	0.2989350844248255	0.2674788903885893	0.3090169943749474	0.12601733235158985	0.585786437626905	0.17491720310721423	1.0	0.24336073281110826	0.585786437626905	0.3203772410170407	1.0	0.18464218557642828	1.0	0.585786437626905
zh	1.0	0.07449845718949662	0.585786437626905	1.0	0.010048115570024056	0.0844942272892202	1.0	0.004262650822065923	0.0707109526263356	0.00804566606932973	1.0	1.0	0.007364169417631215	0.011661071497101095	0.0062421348417972655	1.0	1.0	0.23441237831492112	1.0	1.0	1.0	0.026801141359233022	0.04645106950062143	0.01998248728253163	0.01110069065522807	1.0	0.016385093828589544	1.0	0.07667774013050205	0.585786437626905	0.017343181477202152	1.0	0.02707849822940026	0.585786437626905	1.0
