arz	bs	ceb	ckb	da	de	el	en	es	fr	he	hi	hu	id	it	ja	ko	lv	mk	ml	mr	nl	pl	pt	ro	ru	sh	si	simple	sr	sv	te	vi	war	zh
arz	1.0	0.0	0.0	0.0	1.0	1.0	0.0	0.7690990303325336	1.0	1.0	1.0	0.0	1.0	1.0	1.0	1.0	1.0	0.0	1.0	0.0	0.0	1.0	1.0	1.0	1.0	1.0	0.0	0.0	1.0	0.0	1.0	0.0	1.0	0.0	1.0
bs	0.0	1.0	0.0	1.0	1.0	1.0	1.0	1.0	1.0	1.0	1.0	1.0	1.0	1.0	1.0	1.0	1.0	1.0	1.0	1.0	0.0	1.0	1.0	1.0	0.0	1.0	1.0	0.0	1.0	1.0	1.0	0.0	1.0	0.0	1.0
ceb	0.0	0.0	1.0	0.0	1.0	1.0	0.0	1.0	1.0	1.0	1.0	0.0	0.0	0.8216064286890065	1.0	1.0	1.0	1.0	1.0	1.0	0.0	1.0	1.0	1.0	1.0	1.0	0.0	0.0	1.0	1.0	1.0	0.0	1.0	0.0	1.0
ckb	0.0	1.0	0.0	1.0	1.0	1.0	1.0	0.6585785515191102	1.0	0.7863954451402115	1.0	1.0	1.0	1.0	1.0	1.0	1.0	1.0	1.0	1.0	0.0	1.0	1.0	1.0	0.0	1.0	0.0	0.0	1.0	1.0	1.0	0.0	1.0	0.0	1.0
da	1.0	1.0	1.0	1.0	1.0	0.379480802496153	1.0	0.20313456640646815	0.5453111577010741	0.3067617698228306	0.7376607345031153	0.7690990303325336	1.0	0.48052786954958465	0.3413277446593339	0.5828763145002701	0.728099120889861	0.7510341748895938	1.0	1.0	0.0	0.3809517951496506	0.40141784303363587	0.2740276947915493	1.0	0.503456539347388	1.0	0.0	0.6524007805500077	1.0	0.2797900431288774	0.0	1.0	1.0	0.5642670943910083
de	1.0	1.0	1.0	1.0	0.379480802496153	1.0	0.28518891342415714	0.09602773757858758	0.13855216340065593	0.10142944648577233	0.5751238670581347	0.7411828468492556	0.26556297482066377	0.2910699172685262	0.17112469744227327	0.2868487161184892	0.5028613032934042	1.0	0.4788339713644344	1.0	0.0	0.11246033248938452	0.14132774948317395	0.14381656356080727	0.5475569161770586	0.11430619799740128	0.4439710174379226	0.0	0.290681118209084	1.0	0.1832429256561191	0.0	0.6487871090048528	1.0	0.32225791909180734
el	0.0	1.0	0.0	1.0	1.0	0.28518891342415714	1.0	0.2072837678056617	1.0	0.34151191812666704	1.0	1.0	0.456120924951685	0.34065060367871125	0.2736892970478131	1.0	1.0	1.0	1.0	1.0	0.0	0.4565250950031895	0.4571319047395117	0.33373684433648915	1.0	1.0	1.0	0.0	1.0	1.0	0.4559638147059683	0.0	1.0	1.0	1.0
en	0.7690990303325336	1.0	1.0	0.6585785515191102	0.20313456640646815	0.09602773757858758	0.2072837678056617	1.0	0.12909597844783638	0.09760239256954768	0.22455436010745888	0.38728882304646917	0.1573917342173815	0.17866529594637132	0.15161320603163864	0.1653507991473516	0.19754642960591107	0.6071076970947259	0.18803299346479102	0.7347168825662656	0.8216064286890065	0.10665874726348325	0.11458287476157926	0.12484392830575818	0.31727770452074755	0.14911610381304574	0.3116220071283016	1.0	0.2230510727321531	0.34230118834507406	0.14134616776286513	0.0	0.25651886420785125	1.0	0.1596146335712862
es	1.0	1.0	1.0	1.0	0.5453111577010741	0.13855216340065593	1.0	0.12909597844783638	1.0	0.12589683010322616	0.7128329397683223	1.0	0.30213367501969907	0.2790074211414777	0.24574352231156088	0.30718597668027825	0.6318190499308987	1.0	1.0	1.0	0.0	0.1396690663476826	0.17858701796358645	0.17322985161752308	0.5792947295049756	0.32753915148965707	0.5241126329501081	0.0	0.29858525259711866	1.0	0.2439937222206558	0.0	1.0	1.0	0.3765876574287559
fr	1.0	1.0	1.0	0.7863954451402115	0.3067617698228306	0.10142944648577233	0.34151191812666704	0.09760239256954768	0.12589683010322616	1.0	0.3666169556143945	1.0	0.19470960785082841	0.20141673907038343	0.14342866538291618	0.1250848475699433	0.27964620729524126	0.6639114613280095	0.2596690550772007	1.0	0.0	0.11841073349134464	0.13556323147205324	0.1473324116999834	0.3064626310213533	0.12779211482229189	0.3327682353127244	1.0	0.20372657357427956	0.3371809901205381	0.18317944889760765	1.0	0.4157065144333266	1.0	0.15987173015289666
he	1.0	1.0	1.0	1.0	0.7376607345031153	0.5751238670581347	1.0	0.22455436010745888	0.7128329397683223	0.3666169556143945	1.0	1.0	0.6841174893561723	0.6228156686972849	0.347076797553322	1.0	1.0	1.0	1.0	1.0	0.0	0.5901739027418343	0.3675010157258164	0.40044051183810797	0.6391906500312813	1.0	1.0	0.0	1.0	1.0	0.45269909181801643	0.0	1.0	1.0	1.0
hi	0.0	1.0	0.0	1.0	0.7690990303325336	0.7411828468492556	1.0	0.38728882304646917	1.0	1.0	1.0	1.0	1.0	0.7584325078215763	0.3563083638615057	1.0	1.0	1.0	1.0	1.0	1.0	1.0	0.7130366778869268	0.7347168825662656	1.0	1.0	0.7690990303325336	0.0	1.0	1.0	0.7376607345031153	1.0	1.0	1.0	1.0
hu	1.0	1.0	0.0	1.0	1.0	0.26556297482066377	0.456120924951685	0.1573917342173815	0.30213367501969907	0.19470960785082841	0.6841174893561723	1.0	1.0	0.46600337434686756	0.24148487542831834	0.34901458060493373	0.3890743896449626	1.0	0.7763354016084122	1.0	0.0	0.3354711136512861	0.3716985957911862	0.4291573028126552	1.0	0.27505716962793536	1.0	0.0	1.0	1.0	0.45181579542293326	0.0	0.7411828468492556	1.0	0.3630134120803478
id	1.0	1.0	0.8216064286890065	1.0	0.48052786954958465	0.2910699172685262	0.34065060367871125	0.17866529594637132	0.2790074211414777	0.20141673907038343	0.6228156686972849	0.7584325078215763	0.46600337434686756	1.0	0.24894957827808958	0.25908264393111985	0.29721263884662	0.7510341748895939	0.6436895599575894	0.7584325078215763	0.0	0.2320973814427282	0.2869493045296258	0.2588859628971003	1.0	0.22979667217790142	0.6908587525207898	1.0	0.4474876648469388	0.7992591943912659	0.31099704093520353	0.0	0.5751174025299157	1.0	0.22042986556317198
it	1.0	1.0	1.0	1.0	0.3413277446593339	0.17112469744227327	0.2736892970478131	0.15161320603163864	0.24574352231156088	0.14342866538291618	0.347076797553322	0.3563083638615057	0.24148487542831834	0.24894957827808958	1.0	0.2934930070936709	0.3009039197352583	0.6250321746780424	0.37081421117046875	1.0	0.0	0.15397308046829017	0.1631096774647893	0.17129097537688523	0.4765233541261329	0.27106780989704105	0.3376309620961524	1.0	0.22596385968632168	0.3441687611084742	0.17530926067164654	0.0	0.42109329715546107	1.0	0.2844771235235315
ja	1.0	1.0	1.0	1.0	0.5828763145002701	0.2868487161184892	1.0	0.1653507991473516	0.30718597668027825	0.1250848475699433	1.0	1.0	0.34901458060493373	0.25908264393111985	0.2934930070936709	1.0	1.0	1.0	1.0	1.0	0.0	0.2052228498849473	0.21909210757656677	0.19105898730629411	0.6186062402912476	1.0	0.5273222279398353	0.0	0.3007094715172779	1.0	0.250911916876448	1.0	1.0	1.0	1.0
ko	1.0	1.0	1.0	1.0	0.728099120889861	0.5028613032934042	1.0	0.19754642960591107	0.6318190499308987	0.27964620729524126	1.0	1.0	0.3890743896449626	0.29721263884662	0.3009039197352583	1.0	1.0	1.0	1.0	1.0	0.0	0.35175069972233364	0.2787241937180337	0.27693498761735996	0.7347168825662656	1.0	1.0	0.0	0.7234532828151788	1.0	0.3548975130848096	0.0	1.0	1.0	1.0
lv	0.0	1.0	1.0	1.0	0.7510341748895938	1.0	1.0	0.6071076970947259	1.0	0.6639114613280095	1.0	1.0	1.0	0.7510341748895939	0.6250321746780424	1.0	1.0	1.0	1.0	1.0	0.0	1.0	1.0	0.6131109307903289	1.0	1.0	1.0	0.0	1.0	1.0	0.6286737270540138	0.0	1.0	1.0	1.0
mk	1.0	1.0	1.0	1.0	1.0	0.4788339713644344	1.0	0.18803299346479102	1.0	0.2596690550772007	1.0	1.0	0.7763354016084122	0.6436895599575894	0.37081421117046875	1.0	1.0	1.0	1.0	1.0	0.0	0.5049396595088373	0.4671974419221262	0.30427665958223643	0.7455134344225701	1.0	0.6701591524560107	0.0	1.0	1.0	0.3597233826386622	0.0	1.0	1.0	1.0
ml	0.0	1.0	1.0	1.0	1.0	1.0	1.0	0.7347168825662656	1.0	1.0	1.0	1.0	1.0	0.7584325078215763	1.0	1.0	1.0	1.0	1.0	1.0	0.0	1.0	0.7510341748895939	0.7510341748895938	1.0	1.0	1.0	0.0	1.0	1.0	0.7584325078215763	0.0	1.0	1.0	1.0
mr	0.0	0.0	0.0	0.0	0.0	0.0	0.0	0.8216064286890065	0.0	0.0	0.0	1.0	0.0	0.0	0.0	0.0	0.0	0.0	0.0	0.0	1.0	0.0	0.0	0.0	0.0	0.0	0.0	0.0	0.0	0.0	0.0	0.0	0.0	0.0	0.0
nl	1.0	1.0	1.0	1.0	0.3809517951496506	0.11246033248938452	0.4565250950031895	0.10665874726348325	0.1396690663476826	0.11841073349134464	0.5901739027418343	1.0	0.3354711136512861	0.2320973814427282	0.15397308046829017	0.2052228498849473	0.35175069972233364	1.0	0.5049396595088373	1.0	0.0	1.0	0.16752547420778122	0.1698241751834318	0.5370444108174836	0.15216915556205757	0.4597269542548363	0.0	0.28662595944418406	0.658925744020971	0.2305301642919514	0.0	0.4668917139838752	1.0	0.2284386388725537
pl	1.0	1.0	1.0	1.0	0.40141784303363587	0.14132774948317395	0.4571319047395117	0.11458287476157926	0.17858701796358645	0.13556323147205324	0.3675010157258164	0.7130366778869268	0.3716985957911862	0.2869493045296258	0.1631096774647893	0.21909210757656677	0.2787241937180337	1.0	0.4671974419221262	0.7510341748895939	0.0	0.16752547420778122	1.0	0.18296731387968077	0.549512030269079	0.14535138855749305	0.4174800714430641	0.0	0.2560498563911765	0.5189810498149016	0.21762159194476738	1.0	0.28159681925101776	1.0	0.23745574361449218
pt	1.0	1.0	1.0	1.0	0.2740276947915493	0.14381656356080727	0.33373684433648915	0.12484392830575818	0.17322985161752308	0.1473324116999834	0.40044051183810797	0.7347168825662656	0.4291573028126552	0.2588859628971003	0.17129097537688523	0.19105898730629411	0.27693498761735996	0.6131109307903289	0.30427665958223643	0.7510341748895938	0.0	0.1698241751834318	0.18296731387968077	1.0	0.5722947504745644	0.1691869145088751	0.47384261812004136	0.0	0.3077400697383736	0.6964150026889472	0.14495358708525244	0.0	0.4279637970969128	1.0	0.1989880431241163
ro	1.0	0.0	1.0	0.0	1.0	0.5475569161770586	1.0	0.31727770452074755	0.5792947295049756	0.3064626310213533	0.6391906500312813	1.0	1.0	1.0	0.4765233541261329	0.6186062402912476	0.7347168825662656	1.0	0.7455134344225701	1.0	0.0	0.5370444108174836	0.549512030269079	0.5722947504745644	1.0	0.55916188768693	0.7510341748895938	0.0	1.0	0.7455134344225701	0.3124288623608858	0.0	1.0	1.0	0.6189014223491325
ru	1.0	1.0	1.0	1.0	0.503456539347388	0.11430619799740128	1.0	0.14911610381304574	0.32753915148965707	0.12779211482229189	1.0	1.0	0.27505716962793536	0.22979667217790142	0.27106780989704105	1.0	1.0	1.0	1.0	1.0	0.0	0.15216915556205757	0.14535138855749305	0.1691869145088751	0.55916188768693	1.0	0.48200212134457426	1.0	0.29812607573673805	1.0	0.23344711903454904	1.0	1.0	1.0	1.0
sh	0.0	1.0	0.0	0.0	1.0	0.4439710174379226	1.0	0.3116220071283016	0.5241126329501081	0.3327682353127244	1.0	0.7690990303325336	1.0	0.6908587525207898	0.3376309620961524	0.5273222279398353	1.0	1.0	0.6701591524560107	1.0	0.0	0.4597269542548363	0.4174800714430641	0.47384261812004136	0.7510341748895938	0.48200212134457426	1.0	0.0	0.41114745387270474	1.0	0.5151705692017837	0.0	1.0	1.0	1.0
si	0.0	0.0	0.0	0.0	0.0	0.0	0.0	1.0	0.0	1.0	0.0	0.0	0.0	1.0	1.0	0.0	0.0	0.0	0.0	0.0	0.0	0.0	0.0	0.0	0.0	1.0	0.0	1.0	0.0	0.0	1.0	0.0	0.0	0.0	0.0
simple	1.0	1.0	1.0	1.0	0.6524007805500077	0.290681118209084	1.0	0.2230510727321531	0.29858525259711866	0.20372657357427956	1.0	1.0	1.0	0.4474876648469388	0.22596385968632168	0.3007094715172779	0.7234532828151788	1.0	1.0	1.0	0.0	0.28662595944418406	0.2560498563911765	0.3077400697383736	1.0	0.29812607573673805	0.41114745387270474	0.0	1.0	1.0	0.4455259661754741	0.0	1.0	0.0	0.7221793916855703
sr	0.0	1.0	1.0	1.0	1.0	1.0	1.0	0.34230118834507406	1.0	0.3371809901205381	1.0	1.0	1.0	0.7992591943912659	0.3441687611084742	1.0	1.0	1.0	1.0	1.0	0.0	0.658925744020971	0.5189810498149016	0.6964150026889472	0.7455134344225701	1.0	1.0	0.0	1.0	1.0	0.4720110686284379	0.0	1.0	1.0	1.0
sv	1.0	1.0	1.0	1.0	0.2797900431288774	0.1832429256561191	0.4559638147059683	0.14134616776286513	0.2439937222206558	0.18317944889760765	0.45269909181801643	0.7376607345031153	0.45181579542293326	0.31099704093520353	0.17530926067164654	0.250911916876448	0.3548975130848096	0.6286737270540138	0.3597233826386622	0.7584325078215763	0.0	0.2305301642919514	0.21762159194476738	0.14495358708525244	0.3124288623608858	0.23344711903454904	0.5151705692017837	1.0	0.4455259661754741	0.4720110686284379	1.0	0.0	0.5730102617975067	1.0	0.3251456004416237
te	0.0	0.0	0.0	0.0	0.0	0.0	0.0	0.0	0.0	1.0	0.0	1.0	0.0	0.0	0.0	1.0	0.0	0.0	0.0	0.0	0.0	0.0	1.0	0.0	0.0	1.0	0.0	0.0	0.0	0.0	0.0	1.0	0.0	0.0	0.0
vi	1.0	1.0	1.0	1.0	1.0	0.6487871090048528	1.0	0.25651886420785125	1.0	0.4157065144333266	1.0	1.0	0.7411828468492556	0.5751174025299157	0.42109329715546107	1.0	1.0	1.0	1.0	1.0	0.0	0.4668917139838752	0.28159681925101776	0.4279637970969128	1.0	1.0	1.0	0.0	1.0	1.0	0.5730102617975067	0.0	1.0	1.0	1.0
war	0.0	0.0	0.0	0.0	1.0	1.0	1.0	1.0	1.0	1.0	1.0	1.0	1.0	1.0	1.0	1.0	1.0	1.0	1.0	1.0	0.0	1.0	1.0	1.0	1.0	1.0	1.0	0.0	0.0	1.0	1.0	0.0	1.0	1.0	1.0
zh	1.0	1.0	1.0	1.0	0.5642670943910083	0.32225791909180734	1.0	0.1596146335712862	0.3765876574287559	0.15987173015289666	1.0	1.0	0.3630134120803478	0.22042986556317198	0.2844771235235315	1.0	1.0	1.0	1.0	1.0	0.0	0.2284386388725537	0.23745574361449218	0.1989880431241163	0.6189014223491325	1.0	1.0	0.0	0.7221793916855703	1.0	0.3251456004416237	0.0	1.0	1.0	1.0
