arz	bs	ceb	ckb	da	de	el	en	es	fr	he	hi	hu	id	it	ja	ko	lv	mk	ml	mr	nl	pl	pt	ro	ru	sh	si	simple	sr	sv	te	vi	war	zh
arz	1.0	1.0	1.0	0.6193113617177751	0.0	1.0	1.0	1.0	1.0	1.0	1.0	0.0	1.0	0.5660160774121898	1.0	1.0	1.0	1.0	1.0	0.4181258870972058	0.3644558879793706	1.0	1.0	1.0	0.0	1.0	0.8755395908437883	0.2939361596275332	1.0	1.0	1.0	0.44749392357602774	1.0	0.6638546162332061	1.0
bs	1.0	1.0	0.6573121139719311	0.26292466501029776	0.49308086712953303	0.18756371738290428	0.2950022452241657	0.2092455816906355	0.26496243239189327	0.22743484381929382	0.31579036167366653	0.0	0.2773833358667341	0.5660160774121898	0.20589205510456923	0.4536163356687216	0.24365560909235442	0.3959544316233615	0.3197462973187856	0.13946577408457134	0.1668949528852566	0.2363574792267178	0.2654466468560014	0.3887463783786332	0.4470243838006413	0.25733614280520556	0.22554209097103478	0.2110526746742041	1.0	0.334199575301698	0.27693619263404595	0.20140370670568844	0.37475226372076464	0.34954459794030884	0.3743459950876626
ceb	1.0	0.6573121139719311	1.0	0.6704675947063354	0.6290066987253159	0.5607947037259086	0.6877287430139085	0.6536457131628082	0.6536457131628082	0.6536457131628082	0.6536457131628082	0.6536457131628082	0.6877287430139085	0.668717135303354	0.6820827727511621	0.4305015938863792	0.6536457131628082	0.72653347084664	0.6877287430139085	0.6820827727511621	0.46924508567409173	0.6820827727511621	0.6536457131628082	0.6536457131628082	0.6536457131628082	0.3926068289282653	0.6278350360215451	0.7279891124689024	0.6877287430139085	0.5790923120945847	0.5305703001197509	1.0	0.6031397580805801	0.7106922308883379	0.6988050530294629
ckb	0.6193113617177751	0.26292466501029776	0.6704675947063354	1.0	0.25284699212984035	0.2402744925642984	0.2095050812083076	0.17701313865524904	0.23440273997170505	0.17428531877472678	0.17632259507239556	0.23720630282457006	0.18508859057121305	0.22480648623552912	0.18518604498019425	0.16004805977571954	0.22161588979813196	0.2713670088672378	0.2209719058470635	0.2306851068065072	0.27508886821115863	0.23774137642886406	0.23653151517381957	0.15903290432130238	0.24035205033834794	0.1445637682829537	0.21195728772255598	0.28749351081922214	0.22240861881859228	0.23390011092614882	0.1598073056461415	0.36750303756264036	0.18130080587208577	0.5876310468429935	0.1714633959338423
da	0.0	0.49308086712953303	0.6290066987253159	0.25284699212984035	1.0	1.0	1.0	0.6248318231235794	1.0	0.672370045633007	1.0	0.0	1.0	0.0	0.7690990303325336	1.0	1.0	1.0	1.0	0.12204703432265623	0.19326306782149122	1.0	1.0	1.0	1.0	1.0	0.8755395908437883	0.190060617123964	1.0	1.0	1.0	0.2231852538919438	0.0	0.4496021813730768	1.0
de	1.0	0.18756371738290428	0.5607947037259086	0.2402744925642984	1.0	1.0	0.29707724880322994	0.12527932842617187	0.15725890504648865	0.14881164828888674	0.16954172675595103	1.0	0.5855860097405516	0.4497305408671748	0.21694279167118807	0.6667969795412325	0.2868451908437531	0.4931551393274025	0.27915742854975617	0.11040406208759306	0.18196639578988352	0.24041412344008006	0.12485282561653126	0.3570822257772519	0.36752739595307804	0.1925952780516424	0.22865769014771178	0.16173864600681814	0.6239725949460845	0.18882655085562114	0.47922680317997884	0.16983363029286233	0.6023380116311116	0.5177984191886754	0.2675134985769258
el	1.0	0.2950022452241657	0.6877287430139085	0.2095050812083076	1.0	0.29707724880322994	1.0	0.27961257257857225	0.6313914578726703	0.28752465703928853	1.0	0.0	1.0	0.818737281890724	0.33261618908591706	1.0	1.0	1.0	1.0	0.11878590959208007	0.18210997115617977	0.5506834362239733	0.26601121857218213	1.0	1.0	1.0	0.3611035331480181	0.1561141078328102	1.0	1.0	0.728099120889861	0.17487899927109513	1.0	0.3589924462014145	1.0
en	1.0	0.2092455816906355	0.6536457131628082	0.17701313865524904	0.6248318231235794	0.12527932842617187	0.27961257257857225	1.0	0.14719375325319256	0.15075145680337199	0.1796146568932877	0.5020797777427737	0.36541524197854724	0.5178440954518524	0.16032275778280797	0.5780965534243105	0.25670253065477455	0.3213414844264052	0.2672482782201823	0.08597931477196241	0.13602627943392298	0.1777751637236832	0.10343148563972711	0.20597845374050475	0.2901602425633218	0.15620519587789897	0.2443948255059861	0.13017485595745548	0.5598704182750972	0.16333753579287077	0.29912367586219946	0.12430371938835132	0.5418728951604267	0.2573258378861084	0.165886714118031
es	1.0	0.26496243239189327	0.6536457131628082	0.23440273997170505	1.0	0.15725890504648865	0.6313914578726703	0.14719375325319256	1.0	0.21274626792636425	0.6207370784164237	1.0	1.0	0.420930238704329	0.34283472799599296	1.0	0.7096516635440988	0.7179915061657696	0.7057511910252479	0.10879729664935603	0.16797413376582745	0.15944883060276457	0.1425218592963536	1.0	0.33422171971884407	0.48469353212293104	0.3796193497925299	0.1590769810820722	1.0	0.5422265016741682	0.4966891461476107	0.17479469030035308	1.0	0.5168847965086706	0.7054274448755341
fr	1.0	0.22743484381929382	0.6536457131628082	0.17428531877472678	0.672370045633007	0.14881164828888674	0.28752465703928853	0.15075145680337199	0.21274626792636425	1.0	0.22528276642912598	1.0	0.37458326768987443	0.48858131015887946	0.19057548621616965	0.30214894720938995	0.2494822709494752	0.37295589085861136	0.25539829731290703	0.09025646422058121	0.16266272953043612	0.23098215486014814	0.16690933511623204	0.23865989042423963	0.36445277459511766	0.2340783391194281	0.2320175052142528	0.13920516315301476	0.5765812944383589	0.24217990726153177	0.26377069918592694	0.14635265355710902	0.34952418599453305	0.4145552574464933	0.29280599555967074
he	1.0	0.31579036167366653	0.6536457131628082	0.17632259507239556	1.0	0.16954172675595103	1.0	0.1796146568932877	0.6207370784164237	0.22528276642912598	1.0	1.0	1.0	0.7745490465425965	0.3472257335866111	1.0	1.0	1.0	1.0	0.1065248103373091	0.16349379240782697	0.4863344220456612	0.19989356018345852	1.0	0.4377367103295498	1.0	0.32768971496741106	0.15954474304137692	1.0	1.0	0.7300208629885035	0.15485965775180704	1.0	0.2800274923493046	1.0
hi	0.0	0.0	0.6536457131628082	0.23720630282457006	0.0	1.0	0.0	0.5020797777427737	1.0	1.0	1.0	1.0	0.0	0.0	0.0	0.0	0.0	0.0	0.0	0.1081955165814261	0.16146982800635168	0.0	1.0	1.0	0.0	1.0	0.0	0.15765218653530857	0.0	1.0	0.0	0.18001057658577685	0.0	0.3622307095738154	1.0
hu	1.0	0.2773833358667341	0.6877287430139085	0.18508859057121305	1.0	0.5855860097405516	1.0	0.36541524197854724	1.0	0.37458326768987443	1.0	0.0	1.0	0.5660160774121898	0.4084740867294394	1.0	1.0	1.0	1.0	0.12035184124403643	0.17908127746421434	0.5929882866635887	0.5175949599068048	1.0	0.7690990303325336	1.0	0.47288763828550895	0.192166310618274	1.0	1.0	0.6638546162332062	0.19615447512116768	1.0	0.3091159773716416	1.0
id	0.5660160774121898	0.5660160774121898	0.668717135303354	0.22480648623552912	0.0	0.4497305408671748	0.818737281890724	0.5178440954518524	0.420930238704329	0.48858131015887946	0.7745490465425965	0.0	0.5660160774121898	1.0	0.5840490964668407	0.5660160774121898	0.5660160774121898	0.0	0.5526672884923863	0.10829640710067408	0.17274515803535784	0.7015838265496533	0.420930238704329	0.6407230268942554	0.0	0.48858131015887946	0.5084267432279024	0.16934407754052921	1.0	0.818737281890724	0.5526672884923863	0.18092650014664047	1.0	0.3855746768893685	0.5020797777427736
it	1.0	0.20589205510456923	0.6820827727511621	0.18518604498019425	0.7690990303325336	0.21694279167118807	0.33261618908591706	0.16032275778280797	0.34283472799599296	0.19057548621616965	0.3472257335866111	0.0	0.4084740867294394	0.5840490964668407	1.0	0.3993839343472323	0.3083726184398753	0.25594107002205846	0.29256266339261117	0.08990369709741317	0.15578236969354375	0.28110884924360763	0.23622964257943738	0.327029723558653	0.2914214529179982	0.341975430785131	0.241937246760269	0.13459462722157975	0.428767295490223	0.2673418466318118	0.4297146493597636	0.14080789660793916	0.42463403097016916	0.330260898628932	0.3198882991449804
ja	1.0	0.4536163356687216	0.4305015938863792	0.16004805977571954	1.0	0.6667969795412325	1.0	0.5780965534243105	1.0	0.30214894720938995	1.0	0.0	1.0	0.5660160774121898	0.3993839343472323	1.0	1.0	1.0	1.0	0.09248141572861049	0.1437379431487396	0.7004462574133484	0.7263875964832448	1.0	1.0	1.0	0.4031537722399094	0.13060534743361185	1.0	1.0	0.7347168825662656	0.1419299177973416	1.0	0.22432955905071775	1.0
ko	1.0	0.24365560909235442	0.6536457131628082	0.22161588979813196	1.0	0.2868451908437531	1.0	0.25670253065477455	0.7096516635440988	0.2494822709494752	1.0	0.0	1.0	0.5660160774121898	0.3083726184398753	1.0	1.0	1.0	1.0	0.09560955299290422	0.16193535318388325	0.618301806336478	0.35962966935297247	1.0	0.4695960115558277	1.0	0.39065318877559035	0.157589846676867	1.0	1.0	0.7300208629885034	0.15258291322813225	1.0	0.35915470678147376	1.0
lv	1.0	0.3959544316233615	0.72653347084664	0.2713670088672378	1.0	0.4931551393274025	1.0	0.3213414844264052	0.7179915061657696	0.37295589085861136	1.0	0.0	1.0	0.0	0.25594107002205846	1.0	1.0	1.0	1.0	0.12703149406906877	0.15526663245522868	1.0	0.4799424346994019	1.0	0.5660160774121898	1.0	0.40135352403220875	0.18052073708149588	0.0	1.0	1.0	0.22575631238456298	1.0	0.26084699247576726	1.0
mk	1.0	0.3197462973187856	0.6877287430139085	0.2209719058470635	1.0	0.27915742854975617	1.0	0.2672482782201823	0.7057511910252479	0.25539829731290703	1.0	0.0	1.0	0.5526672884923863	0.29256266339261117	1.0	1.0	1.0	1.0	0.13734231748522674	0.17468654293572577	0.5677671597732267	0.3095744505485068	1.0	0.4695960115558277	1.0	0.38594960965630715	0.1991968327730102	1.0	1.0	0.7263875964832448	0.21075199807359873	1.0	0.3100718668015943	1.0
ml	0.4181258870972058	0.13946577408457134	0.6820827727511621	0.2306851068065072	0.12204703432265623	0.11040406208759306	0.11878590959208007	0.08597931477196241	0.10879729664935603	0.09025646422058121	0.1065248103373091	0.1081955165814261	0.12035184124403643	0.10829640710067408	0.08990369709741317	0.09248141572861049	0.09560955299290422	0.12703149406906877	0.13734231748522674	1.0	0.19368480735666777	0.1073539854267676	0.10544128720601366	0.09420659555185731	0.11598507062672483	0.09517881597940087	0.10676767000899316	0.16073925983158074	0.10172289047517816	0.11307456587248398	0.0960148028472112	0.2007784516619677	0.11102434724263094	0.34793920564790803	0.10290426350418279
mr	0.3644558879793706	0.1668949528852566	0.46924508567409173	0.27508886821115863	0.19326306782149122	0.18196639578988352	0.18210997115617977	0.13602627943392298	0.16797413376582745	0.16266272953043612	0.16349379240782697	0.16146982800635168	0.17908127746421434	0.17274515803535784	0.15578236969354375	0.1437379431487396	0.16193535318388325	0.15526663245522868	0.17468654293572577	0.19368480735666777	1.0	0.17850034018058078	0.1825980917770728	0.15899781940183189	0.18772409476168628	0.13646021210012085	0.1742332722177468	0.20917602637226237	0.16732261024116846	0.18344395006578043	0.14848341115116154	0.22253254079469365	0.15924902128658824	0.3560959018647103	0.1443676584146754
nl	1.0	0.2363574792267178	0.6820827727511621	0.23774137642886406	1.0	0.24041412344008006	0.5506834362239733	0.1777751637236832	0.15944883060276457	0.23098215486014814	0.4863344220456612	0.0	0.5929882866635887	0.7015838265496533	0.28110884924360763	0.7004462574133484	0.618301806336478	1.0	0.5677671597732267	0.1073539854267676	0.17850034018058078	1.0	0.2297660060180025	0.37391917818085535	1.0	0.34552217114555983	0.36649822582856717	0.14524705148247724	1.0	0.47907529894339296	0.46361329377999505	0.17369059705198736	1.0	0.20169070630392189	0.6415182080453502
pl	1.0	0.2654466468560014	0.6536457131628082	0.23653151517381957	1.0	0.12485282561653126	0.26601121857218213	0.10343148563972711	0.1425218592963536	0.16690933511623204	0.19989356018345852	1.0	0.5175949599068048	0.420930238704329	0.23622964257943738	0.7263875964832448	0.35962966935297247	0.4799424346994019	0.3095744505485068	0.10544128720601366	0.1825980917770728	0.2297660060180025	1.0	0.33474129377207906	0.3080282464689978	0.12077933762756381	0.3092718586240731	0.15914818441479178	0.7411828468492556	0.15763026884687872	0.42448726845968404	0.16249127438315825	0.6200511349970952	0.4622860110743892	0.24949841559087918
pt	1.0	0.3887463783786332	0.6536457131628082	0.15903290432130238	1.0	0.3570822257772519	1.0	0.20597845374050475	1.0	0.23865989042423963	1.0	1.0	1.0	0.6407230268942554	0.327029723558653	1.0	1.0	1.0	1.0	0.09420659555185731	0.15899781940183189	0.37391917818085535	0.33474129377207906	1.0	0.5480953166963739	1.0	0.4080839221962018	0.13042700828964324	1.0	1.0	0.7263875964832448	0.13417331107806096	1.0	0.311786945341854	1.0
ro	0.0	0.4470243838006413	0.6536457131628082	0.24035205033834794	1.0	0.36752739595307804	1.0	0.2901602425633218	0.33422171971884407	0.36445277459511766	0.4377367103295498	0.0	0.7690990303325336	0.0	0.2914214529179982	1.0	0.4695960115558277	0.5660160774121898	0.4695960115558277	0.11598507062672483	0.18772409476168628	1.0	0.3080282464689978	0.5480953166963739	1.0	0.3566382685996727	0.46990208738340944	0.18033702225792192	0.0	0.4493075654568811	1.0	0.19149906641385722	1.0	0.37135180448423954	0.4493075654568811
ru	1.0	0.25733614280520556	0.3926068289282653	0.1445637682829537	1.0	0.1925952780516424	1.0	0.15620519587789897	0.48469353212293104	0.2340783391194281	1.0	1.0	1.0	0.48858131015887946	0.341975430785131	1.0	1.0	1.0	1.0	0.09517881597940087	0.13646021210012085	0.34552217114555983	0.12077933762756381	1.0	0.3566382685996727	1.0	0.36952248040742014	0.12148285398319171	1.0	1.0	0.28967301722218186	0.14048963649826238	1.0	0.16472604331971744	1.0
sh	0.8755395908437883	0.22554209097103478	0.6278350360215451	0.21195728772255598	0.8755395908437883	0.22865769014771178	0.3611035331480181	0.2443948255059861	0.3796193497925299	0.2320175052142528	0.32768971496741106	0.0	0.47288763828550895	0.5084267432279024	0.241937246760269	0.4031537722399094	0.39065318877559035	0.40135352403220875	0.38594960965630715	0.10676767000899316	0.1742332722177468	0.36649822582856717	0.3092718586240731	0.4080839221962018	0.46990208738340944	0.36952248040742014	1.0	0.18150382122764366	1.0	0.36810910852795914	0.2694993152637435	0.17025295744383287	0.4772196594809232	0.3189895270859273	0.3517828580007948
si	0.2939361596275332	0.2110526746742041	0.7279891124689024	0.28749351081922214	0.190060617123964	0.16173864600681814	0.1561141078328102	0.13017485595745548	0.1590769810820722	0.13920516315301476	0.15954474304137692	0.15765218653530857	0.192166310618274	0.16934407754052921	0.13459462722157975	0.13060534743361185	0.157589846676867	0.18052073708149588	0.1991968327730102	0.16073925983158074	0.20917602637226237	0.14524705148247724	0.15914818441479178	0.13042700828964324	0.18033702225792192	0.12148285398319171	0.18150382122764366	1.0	0.14414156051893973	0.17067996420836323	0.13923057178368536	0.20511681687190578	0.1653944104756025	0.23719227497559775	0.12802891684879797
simple	1.0	1.0	0.6877287430139085	0.22240861881859228	1.0	0.6239725949460845	1.0	0.5598704182750972	1.0	0.5765812944383589	1.0	0.0	1.0	1.0	0.428767295490223	1.0	1.0	0.0	1.0	0.10172289047517816	0.16732261024116846	1.0	0.7411828468492556	1.0	0.0	1.0	1.0	0.14414156051893973	1.0	1.0	1.0	0.1684786047264681	1.0	0.42729685577687354	1.0
sr	1.0	0.334199575301698	0.5790923120945847	0.23390011092614882	1.0	0.18882655085562114	1.0	0.16333753579287077	0.5422265016741682	0.24217990726153177	1.0	1.0	1.0	0.818737281890724	0.2673418466318118	1.0	1.0	1.0	1.0	0.11307456587248398	0.18344395006578043	0.47907529894339296	0.15763026884687872	1.0	0.4493075654568811	1.0	0.36810910852795914	0.17067996420836323	1.0	1.0	0.5149012147888727	0.18111258441336583	1.0	0.4630711855398457	1.0
sv	1.0	0.27693619263404595	0.5305703001197509	0.1598073056461415	1.0	0.47922680317997884	0.728099120889861	0.29912367586219946	0.4966891461476107	0.26377069918592694	0.7300208629885035	0.0	0.6638546162332062	0.5526672884923863	0.4297146493597636	0.7347168825662656	0.7300208629885034	1.0	0.7263875964832448	0.0960148028472112	0.14848341115116154	0.46361329377999505	0.42448726845968404	0.7263875964832448	1.0	0.28967301722218186	0.2694993152637435	0.13923057178368536	1.0	0.5149012147888727	1.0	0.11913647424327653	1.0	0.27892756810454805	0.7347168825662656
te	0.44749392357602774	0.20140370670568844	1.0	0.36750303756264036	0.2231852538919438	0.16983363029286233	0.17487899927109513	0.12430371938835132	0.17479469030035308	0.14635265355710902	0.15485965775180704	0.18001057658577685	0.19615447512116768	0.18092650014664047	0.14080789660793916	0.1419299177973416	0.15258291322813225	0.22575631238456298	0.21075199807359873	0.2007784516619677	0.22253254079469365	0.17369059705198736	0.16249127438315825	0.13417331107806096	0.19149906641385722	0.14048963649826238	0.17025295744383287	0.20511681687190578	0.1684786047264681	0.18111258441336583	0.11913647424327653	1.0	0.1651299047623505	0.47048231979015775	0.12855674349919233
vi	1.0	0.37475226372076464	0.6031397580805801	0.18130080587208577	0.0	0.6023380116311116	1.0	0.5418728951604267	1.0	0.34952418599453305	1.0	0.0	1.0	1.0	0.42463403097016916	1.0	1.0	1.0	1.0	0.11102434724263094	0.15924902128658824	1.0	0.6200511349970952	1.0	1.0	1.0	0.4772196594809232	0.1653944104756025	1.0	1.0	1.0	0.1651299047623505	1.0	0.3868169602445617	1.0
war	0.6638546162332061	0.34954459794030884	0.7106922308883379	0.5876310468429935	0.4496021813730768	0.5177984191886754	0.3589924462014145	0.2573258378861084	0.5168847965086706	0.4145552574464933	0.2800274923493046	0.3622307095738154	0.3091159773716416	0.3855746768893685	0.330260898628932	0.22432955905071775	0.35915470678147376	0.26084699247576726	0.3100718668015943	0.34793920564790803	0.3560959018647103	0.20169070630392189	0.4622860110743892	0.311786945341854	0.37135180448423954	0.16472604331971744	0.3189895270859273	0.23719227497559775	0.42729685577687354	0.4630711855398457	0.27892756810454805	0.47048231979015775	0.3868169602445617	1.0	0.24101455690750256
zh	1.0	0.3743459950876626	0.6988050530294629	0.1714633959338423	1.0	0.2675134985769258	1.0	0.165886714118031	0.7054274448755341	0.29280599555967074	1.0	1.0	1.0	0.5020797777427736	0.3198882991449804	1.0	1.0	1.0	1.0	0.10290426350418279	0.1443676584146754	0.6415182080453502	0.24949841559087918	1.0	0.4493075654568811	1.0	0.3517828580007948	0.12802891684879797	1.0	1.0	0.7347168825662656	0.12855674349919233	1.0	0.24101455690750256	1.0
