arz	bs	ceb	ckb	da	de	el	en	es	fr	he	hi	hu	id	it	ja	ko	lv	mk	ml	mr	nl	pl	pt	ro	ru	sh	si	simple	sr	sv	te	vi	war	zh
arz	0.0	0.0	0.0	0.0	0.0	0.0	0.0	0.0	0.0	0.0	0.0	0.0	0.0	0.0	0.0	0.0	0.0	0.0	0.0	0.0	0.0	0.0	0.0	0.0	0.0	0.0	0.0	0.0	0.0	0.0	0.0	0.0	0.0	0.0	0.0
bs	0.0	1.0	0.0	0.0	0.0	0.0024330900243309003	0.0	0.0005655042412818096	0.0	0.005104645227156712	0.0	0.0	0.0	0.0	0.002246273228507249	0.0	0.0	0.0	0.0	0.0	0.0009737098344693282	0.0007902015013828526	2.0522924106226655e-05	0.0	0.0	0.0	0.07079646017699115	0.0011235955056179776	0.0	0.0	0.0	0.0012062726176115801	0.0	0.0	0.0
ceb	0.0	0.0	1.0	0.0	0.0	0.0	0.0	0.0	0.0	0.0	0.0	0.0	0.0	0.0	0.0	0.0	0.0	0.0	0.0	0.0	0.0	0.0	0.0	0.0	0.0	0.0	0.0	0.005434782608695652	0.0	0.0	0.0	0.0	0.0	0.0	3.579994988007017e-05
ckb	0.0	0.0	0.0	1.0	0.0	0.0	0.0	3.5110510331267664e-06	0.0	0.0	0.0	0.0	0.0	0.0	1.7084379751593118e-05	3.619778469557663e-05	0.0	0.0	0.0	0.0012919896640826874	0.0	0.0	6.989585517578807e-05	0.0	0.0	0.0	0.0	0.0	0.0	0.0	0.0	0.0	0.0	0.0	3.576026319553712e-05
da	0.0	0.0	0.0	0.0	0.0	0.0	0.0	0.0	0.0	0.0	0.0	0.0	0.0	0.0	0.0	0.0	0.0	0.0	0.0	0.0010799136069114472	0.0	0.0	0.0	0.0	0.0	0.0	0.0	0.0	0.0	0.0	0.0	0.0	0.0	0.0	0.0
de	0.0	0.0024330900243309003	0.0	0.0	0.0	1.0	0.0	0.0013878180416345412	0.0	0.003179650238473768	0.0	0.0	0.0	0.0	0.0018083182640144665	0.0	0.0	0.0	0.0	8.865248226950355e-05	0.0	0.0008073196986006459	4.071633607263794e-05	0.0	0.0	0.0	0.001799640071985603	0.0	0.0	0.0	0.0	0.0	0.0	0.0	0.0
el	0.0	0.0	0.0	0.0	0.0	0.0	0.0	0.0	0.0	0.0	0.0	0.0	0.0	0.0	0.0	0.0	0.0	0.0	0.0	0.0	0.0	0.0	0.0	0.0	0.0	0.0	0.0	0.0	0.0	0.0	0.0	0.0	0.0	0.0	0.0
en	0.0	0.0005655042412818096	0.0	3.5110510331267664e-06	0.0	0.0013878180416345412	0.0	1.0	0.00018867924528301886	0.004125534109326654	0.0	0.0	0.0	0.0001832508704416346	0.001643047853768741	0.0	0.0	0.0	0.0	3.85278170839346e-05	2.8061412401039677e-05	0.0001355380862022228	0.0002450493410159613	0.0	0.0	0.0	0.0011269722013523666	1.0527904210108893e-05	0.0	0.0	0.0	3.5100281504257663e-06	0.0	0.0	0.0
es	0.0	0.0	0.0	0.0	0.0	0.0	0.0	0.00018867924528301886	1.0	0.0	0.0	0.0	0.0	0.0	0.0	0.0	0.0	0.0	0.0	0.00012391573729863693	6.361727845282778e-05	0.0	0.0	0.0	0.0	0.0	0.0	0.0	0.0	0.0	0.0	0.0	0.0	0.0	0.0
fr	0.0	0.005104645227156712	0.0	0.0	0.0	0.003179650238473768	0.0	0.004125534109326654	0.0	1.0	0.0	0.0	0.0	0.0	0.008965083359547028	0.0	0.0	0.0	0.0	0.00015804030027657053	3.9837463150346584e-05	0.0004952947003467063	3.3856300318926346e-05	0.0	0.0	0.0	0.004540867810292634	3.994647172788463e-05	0.0	0.0	0.0	1.999720039194513e-05	0.0	0.0	0.0
he	0.0	0.0	0.0	0.0	0.0	0.0	0.0	0.0	0.0	0.0	0.0	0.0	0.0	0.0	0.0	0.0	0.0	0.0	0.0	0.0004439840165754033	0.0	0.0	0.0	0.0	0.0	0.0	0.0	0.00032263268269075657	0.0	0.0	0.0	0.0	0.0	0.0	0.0
hi	0.0	0.0	0.0	0.0	0.0	0.0	0.0	0.0	0.0	0.0	0.0	0.0	0.0	0.0	0.0	0.0	0.0	0.0	0.0	0.0012658227848101266	0.001540041067761807	0.0	0.0	0.0	0.0	0.0	0.0	0.0005515719801434088	0.0	0.0	0.0	0.0	0.0	0.0	0.0
hu	0.0	0.0	0.0	0.0	0.0	0.0	0.0	0.0	0.0	0.0	0.0	0.0	0.0	0.0	0.0	0.0	0.0	0.0	0.0	0.0007304601899196494	0.00043159257660768235	0.0	0.0	0.0	0.0	0.0	0.0	0.00045871559633027525	0.0	0.0	0.0	0.0	0.0	0.0	0.0
id	0.0	0.0	0.0	0.0	0.0	0.0	0.0	0.0001832508704416346	0.0	0.0	0.0	0.0	0.0	1.0	0.0	0.0	0.0	0.0	0.0	0.0006711409395973154	0.00039077764751856197	0.0	0.0	0.0	0.0	0.0	0.0	0.0	0.0	0.0	0.0	0.00042354934349851756	0.0	0.0	0.0
it	0.0	0.002246273228507249	0.0	1.7084379751593118e-05	0.0	0.0018083182640144665	0.0	0.001643047853768741	0.0	0.008965083359547028	0.0	0.0	0.0	0.0	1.0	0.0	0.0	0.0	0.0	0.00011818335303055884	0.00013603822674171444	0.00043004587155963305	3.319568190569771e-05	0.0	0.0	0.0	0.0028478437754271765	1.7042452749799752e-05	0.0	0.0	0.0	1.7060188344479325e-05	0.0	0.0	0.0
ja	0.0	0.0	0.0	3.619778469557663e-05	0.0	0.0	0.0	0.0	0.0	0.0	0.0	0.0	0.0	0.0	0.0	0.0	0.0	0.0	0.0	0.0002471489602090174	0.00014334862385321102	0.0	0.0	0.0	0.0	0.0	0.0	0.00021609940572663426	0.0	0.0	0.0	7.218131947451999e-05	0.0	0.0	0.0
ko	0.0	0.0	0.0	0.0	0.0	0.0	0.0	0.0	0.0	0.0	0.0	0.0	0.0	0.0	0.0	0.0	0.0	0.0	0.0	0.0005459260270233384	0.0002895613146083683	0.0	0.0	0.0	0.0	0.0	0.0	0.00044319692716797166	0.0	0.0	0.0	0.0	0.0	0.0	0.0
lv	0.0	0.0	0.0	0.0	0.0	0.0	0.0	0.0	0.0	0.0	0.0	0.0	0.0	0.0	0.0	0.0	0.0	0.0	0.0	0.0	0.0036275695284159614	0.0	0.0	0.0	0.0	0.0	0.0	0.0	0.0	0.0	0.0	0.0	0.0	0.0	0.0
mk	0.0	0.0	0.0	0.0	0.0	0.0	0.0	0.0	0.0	0.0	0.0	0.0	0.0	0.0	0.0	0.0	0.0	0.0	0.0	0.0018912529550827422	0.0017709563164108619	0.0	0.0	0.0	0.0	0.0	0.0	0.002570694087403599	0.0	0.0	0.0	0.0	0.0	0.0	0.0
ml	0.0	0.0	0.0	0.0012919896640826874	0.0010799136069114472	8.865248226950355e-05	0.0	3.85278170839346e-05	0.00012391573729863693	0.00015804030027657053	0.0004439840165754033	0.0012658227848101266	0.0007304601899196494	0.0006711409395973154	0.00011818335303055884	0.0002471489602090174	0.0005459260270233384	0.0	0.0018912529550827422	1.0	0.002849002849002849	0.00012405408758218582	0.0001332533813045506	0.0002336696760488582	0.001984126984126984	8.659208202002009e-05	0.0006788866259334691	0.0010893246187363835	0.0010995052226498076	0.0	0.0003924261748258609	0.002336448598130841	0.0004462293618920125	0.0	0.0002791346824842987
mr	0.0	0.0009737098344693282	0.0	0.0	0.0	0.0	0.0	2.8061412401039677e-05	6.361727845282778e-05	3.9837463150346584e-05	0.0	0.001540041067761807	0.00043159257660768235	0.00039077764751856197	0.00013603822674171444	0.00014334862385321102	0.0002895613146083683	0.0036275695284159614	0.0017709563164108619	0.002849002849002849	1.0	0.0002618486514794449	0.0	8.572653236176597e-05	0.0012531328320802004	3.489000924585245e-05	0.0011890606420927466	0.0020161290322580645	0.00031065548306927616	0.0004894762604013706	0.0004508340429795121	0.004608294930875576	0.0004926108374384236	0.0	0.00017704755497326583
nl	0.0	0.0007902015013828526	0.0	0.0	0.0	0.0008073196986006459	0.0	0.0001355380862022228	0.0	0.0004952947003467063	0.0	0.0	0.0	0.0	0.00043004587155963305	0.0	0.0	0.0	0.0	0.00012405408758218582	0.0002618486514794449	1.0	6.745317063628576e-06	0.0	0.0	0.0	0.00039154267815191856	0.0	0.0	0.0	0.0	0.0	0.0	0.0	0.0
pl	0.0	2.0522924106226655e-05	0.0	6.989585517578807e-05	0.0	4.071633607263794e-05	0.0	0.0002450493410159613	0.0	3.3856300318926346e-05	0.0	0.0	0.0	0.0	3.319568190569771e-05	0.0	0.0	0.0	0.0	0.0001332533813045506	0.0	6.745317063628576e-06	1.0	0.0	0.0	0.0	3.420019425710338e-05	0.0	0.0	0.0	0.0	0.0	0.0	0.0	0.0
pt	0.0	0.0	0.0	0.0	0.0	0.0	0.0	0.0	0.0	0.0	0.0	0.0	0.0	0.0	0.0	0.0	0.0	0.0	0.0	0.0002336696760488582	8.572653236176597e-05	0.0	0.0	0.0	0.0	0.0	0.0	2.1493358552207367e-05	0.0	0.0	0.0	4.304407713498623e-05	0.0	0.0	0.0
ro	0.0	0.0	0.0	0.0	0.0	0.0	0.0	0.0	0.0	0.0	0.0	0.0	0.0	0.0	0.0	0.0	0.0	0.0	0.0	0.001984126984126984	0.0012531328320802004	0.0	0.0	0.0	1.0	0.0	0.0	0.0	0.0	0.0	0.0	0.0	0.0	0.0	0.0
ru	0.0	0.0	0.0	0.0	0.0	0.0	0.0	0.0	0.0	0.0	0.0	0.0	0.0	0.0	0.0	0.0	0.0	0.0	0.0	8.659208202002009e-05	3.489000924585245e-05	0.0	0.0	0.0	0.0	0.0	0.0	0.0	0.0	0.0	0.0	3.50109409190372e-05	0.0	0.0	0.0
sh	0.0	0.07079646017699115	0.0	0.0	0.0	0.001799640071985603	0.0	0.0011269722013523666	0.0	0.004540867810292634	0.0	0.0	0.0	0.0	0.0028478437754271765	0.0	0.0	0.0	0.0	0.0006788866259334691	0.0011890606420927466	0.00039154267815191856	3.420019425710338e-05	0.0	0.0	0.0	1.0	0.0	0.0	0.0	0.0	0.0004297378599054577	0.0	0.0	0.0
si	0.0	0.0011235955056179776	0.005434782608695652	0.0	0.0	0.0	0.0	1.0527904210108893e-05	0.0	3.994647172788463e-05	0.00032263268269075657	0.0005515719801434088	0.00045871559633027525	0.0	1.7042452749799752e-05	0.00021609940572663426	0.00044319692716797166	0.0	0.002570694087403599	0.0010893246187363835	0.0020161290322580645	0.0	0.0	2.1493358552207367e-05	0.0	0.0	0.0	1.0	0.0006491398896462187	0.0	5.041847332862761e-05	0.0	0.0	0.005494505494505495	7.115665136798663e-05
simple	0.0	0.0	0.0	0.0	0.0	0.0	0.0	0.0	0.0	0.0	0.0	0.0	0.0	0.0	0.0	0.0	0.0	0.0	0.0	0.0010995052226498076	0.00031065548306927616	0.0	0.0	0.0	0.0	0.0	0.0	0.0006491398896462187	0.0	0.0	0.0	0.00033101621979476995	0.0	0.0	0.0
sr	0.0	0.0	0.0	0.0	0.0	0.0	0.0	0.0	0.0	0.0	0.0	0.0	0.0	0.0	0.0	0.0	0.0	0.0	0.0	0.0	0.0004894762604013706	0.0	0.0	0.0	0.0	0.0	0.0	0.0	0.0	0.0	0.0	0.0	0.0	0.0	0.0
sv	0.0	0.0	0.0	0.0	0.0	0.0	0.0	0.0	0.0	0.0	0.0	0.0	0.0	0.0	0.0	0.0	0.0	0.0	0.0	0.0003924261748258609	0.0004508340429795121	0.0	0.0	0.0	0.0	0.0	0.0	5.041847332862761e-05	0.0	0.0	1.0	5.057401507105649e-05	0.0	0.0	0.0
te	0.0	0.0012062726176115801	0.0	0.0	0.0	0.0	0.0	3.5100281504257663e-06	0.0	1.999720039194513e-05	0.0	0.0	0.0	0.00042354934349851756	1.7060188344479325e-05	7.218131947451999e-05	0.0	0.0	0.0	0.002336448598130841	0.004608294930875576	0.0	0.0	4.304407713498623e-05	0.0	3.50109409190372e-05	0.0004297378599054577	0.0	0.00033101621979476995	0.0	5.057401507105649e-05	1.0	0.0	0.0	7.131141695785496e-05
vi	0.0	0.0	0.0	0.0	0.0	0.0	0.0	0.0	0.0	0.0	0.0	0.0	0.0	0.0	0.0	0.0	0.0	0.0	0.0	0.0004462293618920125	0.0004926108374384236	0.0	0.0	0.0	0.0	0.0	0.0	0.0	0.0	0.0	0.0	0.0	0.0	0.0	0.0
war	0.0	0.0	0.0	0.0	0.0	0.0	0.0	0.0	0.0	0.0	0.0	0.0	0.0	0.0	0.0	0.0	0.0	0.0	0.0	0.0	0.0	0.0	0.0	0.0	0.0	0.0	0.0	0.005494505494505495	0.0	0.0	0.0	0.0	0.0	1.0	0.0
zh	0.0	0.0	3.579994988007017e-05	3.576026319553712e-05	0.0	0.0	0.0	0.0	0.0	0.0	0.0	0.0	0.0	0.0	0.0	0.0	0.0	0.0	0.0	0.0002791346824842987	0.00017704755497326583	0.0	0.0	0.0	0.0	0.0	0.0	7.115665136798663e-05	0.0	0.0	0.0	7.131141695785496e-05	0.0	0.0	0.0
