arz	bs	ceb	ckb	da	de	el	en	es	fr	he	hi	hu	id	it	ja	ko	lv	mk	ml	mr	nl	pl	pt	ro	ru	sh	si	simple	sr	sv	te	vi	war	zh
arz	1.0	0.3333333333333333	0.0	1.0	0.2989350844248255	0.18526456798352492	0.14574620527426566	0.11724880094396888	0.23800671553691075	0.11105433301805569	0.2204812092115424	1.0	0.23140108409134633	0.2397329881295446	0.22584440001865322	0.1754842873571653	0.14164647123072666	0.24982482194565545	0.585786437626905	0.585786437626905	0.2958163163244893	0.1753954166216536	0.21027227809226168	0.12008294830056672	0.12913925291229428	0.1724429813605442	0.44948974278317805	1.0	0.23329952500316292	0.27429188517743175	0.19304733204660474	0.0	0.3164309725825328	1.0	0.1720012166691153
bs	0.3333333333333333	1.0	0.0	1.0	0.5	0.2553967929896867	0.585786437626905	0.14852340135977984	0.3333333333333333	0.24660605559646726	0.30216947925196225	0.22901628833426058	0.2989350844248255	0.5	0.23166247903554	0.4142135623730951	0.2187841884486319	0.585786437626905	0.3164309725825328	0.5	1.0	0.44948974278317805	0.30552726787943424	0.2766967754673749	0.3660254037844386	0.21239994067041815	0.44948974278317805	0.585786437626905	0.585786437626905	0.38742588672279304	0.3090169943749474	1.0	0.44948974278317805	1.0	0.21089672205953397
ceb	0.0	0.0	1.0	0.0	1.0	1.0	1.0	1.0	1.0	1.0	1.0	1.0	1.0	1.0	1.0	1.0	1.0	1.0	1.0	0.0	1.0	1.0	1.0	1.0	1.0	1.0	1.0	0.0	1.0	1.0	1.0	0.0	1.0	0.0	1.0
ckb	1.0	1.0	0.0	1.0	0.34833147735478825	0.18368518446174903	0.2989350844248255	0.11718851276519608	0.13260701844024733	0.1563858214841449	0.2	0.20521309615767264	0.18464218557642828	0.2766967754673749	0.21498516621900868	0.16736577623297264	0.1724594701810533	0.4142135623730951	0.25447023804938346	1.0	1.0	0.19281503279808007	0.18660549686337075	0.13194025594147912	0.24336073281110826	0.1552653218004957	0.585786437626905	0.585786437626905	0.38742588672279304	0.38742588672279304	0.1896812679802183	1.0	0.171310475400854	1.0	0.11398848601807596
da	0.2989350844248255	0.5	1.0	0.34833147735478825	1.0	0.13254305909220607	0.35388936786452296	0.1121550495895991	0.16855212267069633	0.122828568570857	0.16903426192449822	0.1773970044823618	0.25	0.28989794855663564	0.12167481174085994	0.141599379761988	0.12845566774346595	0.4142135623730951	0.36602540378443865	0.38742588672279304	1.0	0.16611405616547328	0.13727019597372123	0.14842730525387474	0.27195617308673004	0.13879564861321142	0.44948974278317805	0.585786437626905	0.34833147735478825	0.25824569976124334	0.1951941016011038	1.0	0.22772999919644132	1.0	0.09819981851164727
de	0.18526456798352492	0.2553967929896867	1.0	0.18368518446174903	0.13254305909220607	1.0	0.20695766943570684	0.011413185665743166	0.023751339118904945	0.004253429867208108	0.009556766733069797	0.028800118539999354	0.05654877079967796	0.05190344191911927	0.004312047019360137	0.00999885881456277	0.006206054054749213	0.32449979983983984	0.13027306813833342	0.17379378377786506	1.0	0.06102718163179649	0.043017971779879184	0.010339446643969994	0.14201473202245876	0.01996576024525007	0.203075234310397	0.585786437626905	0.2766967754673749	0.08047976749081136	0.08369880081830045	1.0	0.03275025345213402	1.0	0.004925645329606884
el	0.14574620527426566	0.585786437626905	1.0	0.2989350844248255	0.35388936786452296	0.20695766943570684	1.0	0.13254305909220607	0.1852891992413258	0.179128784747792	0.15139914214575603	0.17854832631144232	0.1907435698305462	0.23800671553691075	0.1339532340710256	0.17253779651421453	0.156234931905558	0.3797958971132712	0.2958163163244893	0.3597752501562547	1.0	0.2572842744474721	0.2216368750839041	0.16760090740494846	0.2958163163244893	0.18368518446174903	0.28989794855663564	0.585786437626905	0.27429188517743175	0.26533119314590375	0.2402530733520421	1.0	0.21040331845089688	1.0	0.15585972716790494
en	0.11724880094396888	0.14852340135977984	1.0	0.11718851276519608	0.1121550495895991	0.011413185665743166	0.13254305909220607	1.0	0.00573109840233196	0.0019501238904366708	0.005069640087880402	0.025683065681552014	0.025492649927872698	0.04840860643931007	0.0029658874197797287	0.00313131773725504	0.004011949421386232	0.28989794855663564	0.12127550239018872	0.17379378377786506	1.0	0.04492021427086656	0.030384064562778652	0.004007204747348658	0.12035619681577552	0.003565915132316724	0.17011071785351697	0.585786437626905	0.26533119314590375	0.06425069139458993	0.032464084316352816	1.0	0.016518291448474824	1.0	0.0032245644065291503
es	0.23800671553691075	0.3333333333333333	1.0	0.13260701844024733	0.16855212267069633	0.023751339118904945	0.1852891992413258	0.00573109840233196	1.0	0.00817993112408181	0.012095803720913062	0.030013645309027233	0.05436950175187139	0.05307956850567756	0.005579156361534974	0.010679288495132545	0.009818624390161183	0.2928060946961875	0.12763592142382107	0.17379378377786506	1.0	0.054242341319537826	0.03714512775829918	0.010454172913767129	0.13472338607037426	0.019179866489132752	0.18464218557642828	0.585786437626905	0.23727324146403408	0.07919807351819852	0.05929974096216139	1.0	0.05351925579556511	1.0	0.005743383447034984
fr	0.11105433301805569	0.24660605559646726	1.0	0.1563858214841449	0.122828568570857	0.004253429867208108	0.179128784747792	0.0019501238904366708	0.00817993112408181	1.0	0.006671170730215055	0.028537273886425303	0.03951453778567462	0.05162099281942916	0.0040370914724367985	0.005105081143381178	0.0050792045163169635	0.2928060946961875	0.122828568570857	0.17222832290855958	1.0	0.03281918342580918	0.020651813355605744	0.0074602992869125155	0.11153804368952847	0.004048669200961314	0.1827439976315568	0.585786437626905	0.24336073281110826	0.06868636320779756	0.03930010145561553	1.0	0.04254123122073622	1.0	0.0046124274468497236
he	0.2204812092115424	0.30216947925196225	1.0	0.2	0.16903426192449822	0.009556766733069797	0.15139914214575603	0.005069640087880402	0.012095803720913062	0.006671170730215055	1.0	0.043897014133689474	0.037322386204045474	0.06859590709231107	0.006981064371152346	0.009883030262180851	0.014939352048932241	0.25	0.16015261286229274	0.17379378377786506	1.0	0.03926647097776045	0.02096990575783536	0.024914239130250152	0.11829781716586539	0.008869162497280472	0.19382373427098673	0.585786437626905	0.2216368750839041	0.09051913677037238	0.045794042387058885	1.0	0.06515506906247116	1.0	0.008265937000485127
hi	1.0	0.22901628833426058	1.0	0.20521309615767264	0.1773970044823618	0.028800118539999354	0.17854832631144232	0.025683065681552014	0.030013645309027233	0.028537273886425303	0.043897014133689474	1.0	0.06343021675645037	0.12799217200711704	0.03286465982820832	0.04678996396431013	0.04077527991251306	0.2989350844248255	0.25355482027512377	0.3483314773547883	1.0	0.04474110522895971	0.035493916463907135	0.03861184582448347	0.12580527500924846	0.028954438667693837	0.38742588672279304	0.29429805508554946	0.18834314030891636	0.07723317915589785	0.04876951629907384	1.0	0.07180443419895906	1.0	0.027489163922048948
hu	0.23140108409134633	0.2989350844248255	1.0	0.18464218557642828	0.25	0.05654877079967796	0.1907435698305462	0.025492649927872698	0.05436950175187139	0.03951453778567462	0.037322386204045474	0.06343021675645037	1.0	0.1508906849579797	0.026368411026806978	0.05851856753051085	0.03680169461034484	0.30216947925196225	0.13684398741625295	0.18126989259043744	1.0	0.08023292671702309	0.06563357522004172	0.05331348599109792	0.14328432723886902	0.047195190697853474	0.19204411937679794	0.585786437626905	0.25355482027512377	0.14503446107483847	0.09796351589740672	1.0	0.08474898268627584	1.0	0.0323964668653925
id	0.2397329881295446	0.5	1.0	0.2766967754673749	0.28989794855663564	0.05190344191911927	0.23800671553691075	0.04840860643931007	0.05307956850567756	0.05162099281942916	0.06859590709231107	0.12799217200711704	0.1508906849579797	1.0	0.057249191817222156	0.059214151987077066	0.06038973278954709	0.4142135623730951	0.3164309725825327	0.38742588672279304	1.0	0.07981777276946342	0.06166040756726257	0.05349777172890959	0.19117391480835716	0.05026896004379605	0.3333333333333333	0.585786437626905	0.44948974278317805	0.17411239489546831	0.17253779651421453	1.0	0.1440053834963787	1.0	0.05300872016108701
it	0.22584440001865322	0.23166247903554	1.0	0.21498516621900868	0.12167481174085994	0.004312047019360137	0.1339532340710256	0.0029658874197797287	0.005579156361534974	0.0040370914724367985	0.006981064371152346	0.03286465982820832	0.026368411026806978	0.057249191817222156	1.0	0.005371142112612288	0.007657159100934982	0.2843646522044218	0.13287026010700917	0.17379378377786506	1.0	0.016929107018391978	0.007749808357380748	0.006714703368189745	0.0917777540742044	0.0043931295215109325	0.17540586300555752	0.585786437626905	0.2303268468157938	0.06530023739090927	0.030422782290758725	1.0	0.04345559943512566	1.0	0.00650669870809154
ja	0.1754842873571653	0.4142135623730951	1.0	0.16736577623297264	0.141599379761988	0.00999885881456277	0.17253779651421453	0.00313131773725504	0.010679288495132545	0.005105081143381178	0.009883030262180851	0.04678996396431013	0.05851856753051085	0.059214151987077066	0.005371142112612288	1.0	0.0076411834937151375	0.26533119314590375	0.1618099389409039	0.17379378377786506	1.0	0.03789938459319772	0.03921054615868511	0.0218937158054314	0.10911115445599891	0.009202977822566974	0.18311860342005779	0.585786437626905	0.2632403810669918	0.09099629076130754	0.041993728821233346	1.0	0.06026136017838452	1.0	0.006162267150288951
ko	0.14164647123072666	0.2187841884486319	1.0	0.1724594701810533	0.12845566774346595	0.006206054054749213	0.156234931905558	0.004011949421386232	0.009818624390161183	0.0050792045163169635	0.014939352048932241	0.04077527991251306	0.03680169461034484	0.06038973278954709	0.007657159100934982	0.0076411834937151375	1.0	0.24336073281110826	0.1730575753714725	0.17222832290855955	1.0	0.03262842286889833	0.02436135616561292	0.022624871699291477	0.10310703884553472	0.006301966990555548	0.1986512210252157	0.585786437626905	0.1886378647726465	0.07903685631510284	0.03982362421491856	1.0	0.051001285237633004	1.0	0.006886454167042905
lv	0.24982482194565545	0.585786437626905	1.0	0.4142135623730951	0.4142135623730951	0.32449979983983984	0.3797958971132712	0.28989794855663564	0.2928060946961875	0.2928060946961875	0.25	0.2989350844248255	0.30216947925196225	0.4142135623730951	0.2843646522044218	0.26533119314590375	0.24336073281110826	1.0	0.4364916731037085	0.38742588672279304	1.0	0.3164309725825328	0.28989794855663564	0.28436465220442186	0.3483314773547883	0.28172904669025317	0.39564392373896007	0.585786437626905	0.5	0.5	0.3660254037844386	1.0	0.3288130902060995	1.0	0.22901628833426058
mk	0.585786437626905	0.3164309725825328	1.0	0.25447023804938346	0.36602540378443865	0.13027306813833342	0.2958163163244893	0.12127550239018872	0.12763592142382107	0.122828568570857	0.16015261286229274	0.25355482027512377	0.13684398741625295	0.3164309725825327	0.13287026010700917	0.1618099389409039	0.1730575753714725	0.4364916731037085	1.0	0.585786437626905	1.0	0.18054705546755548	0.17854832631144232	0.15730101423796208	0.26533119314590375	0.12646137496925483	0.41319688409934685	0.5	0.39564392373896007	0.26105968475175495	0.1447169649973693	1.0	0.18400240527946554	1.0	0.1258867026870165
ml	0.585786437626905	0.5	0.0	1.0	0.38742588672279304	0.17379378377786506	0.3597752501562547	0.17379378377786506	0.17379378377786506	0.17222832290855958	0.17379378377786506	0.3483314773547883	0.18126989259043744	0.38742588672279304	0.17379378377786506	0.17379378377786506	0.17222832290855955	0.38742588672279304	0.585786437626905	1.0	1.0	0.17379378377786506	0.17379378377786506	0.18126989259043744	0.3333333333333333	0.17222832290855958	0.44948974278317805	0.585786437626905	0.2474401533514073	0.44948974278317805	0.24257131419419417	1.0	0.22772999919644132	1.0	0.16922835859105761
mr	0.2958163163244893	1.0	1.0	1.0	1.0	1.0	1.0	1.0	1.0	1.0	1.0	1.0	1.0	1.0	1.0	1.0	1.0	1.0	1.0	1.0	1.0	1.0	1.0	1.0	1.0	1.0	1.0	1.0	1.0	1.0	1.0	1.0	1.0	1.0	1.0
nl	0.1753954166216536	0.44948974278317805	1.0	0.19281503279808007	0.16611405616547328	0.06102718163179649	0.2572842744474721	0.04492021427086656	0.054242341319537826	0.03281918342580918	0.03926647097776045	0.04474110522895971	0.08023292671702309	0.07981777276946342	0.016929107018391978	0.03789938459319772	0.03262842286889833	0.3164309725825328	0.18054705546755548	0.17379378377786506	1.0	1.0	0.08219952049354372	0.054027241166507825	0.19367338768973055	0.05191882659359275	0.21712927295533244	0.585786437626905	0.2898979485566356	0.09708231133180277	0.09439065483539613	1.0	0.07556112022172805	1.0	0.010750996295107994
pl	0.21027227809226168	0.30552726787943424	1.0	0.18660549686337075	0.13727019597372123	0.043017971779879184	0.2216368750839041	0.030384064562778652	0.03714512775829918	0.020651813355605744	0.02096990575783536	0.035493916463907135	0.06563357522004172	0.06166040756726257	0.007749808357380748	0.03921054615868511	0.02436135616561292	0.28989794855663564	0.17854832631144232	0.17379378377786506	1.0	0.08219952049354372	1.0	0.03516636093366489	0.1774053291584318	0.04231709791214738	0.1838753050392743	0.585786437626905	0.3244997998398398	0.08758859058720105	0.10646829988265848	1.0	0.08251907429856101	1.0	0.008440109975381659
pt	0.12008294830056672	0.2766967754673749	1.0	0.13194025594147912	0.14842730525387474	0.010339446643969994	0.16760090740494846	0.004007204747348658	0.010454172913767129	0.0074602992869125155	0.024914239130250152	0.03861184582448347	0.05331348599109792	0.05349777172890959	0.006714703368189745	0.0218937158054314	0.022624871699291477	0.28436465220442186	0.15730101423796208	0.18126989259043744	1.0	0.054027241166507825	0.03516636093366489	1.0	0.10957945641640239	0.008689176548607902	0.203075234310397	0.585786437626905	0.2517564787261065	0.07634754475362815	0.0399359073862692	1.0	0.05903690063430022	1.0	0.006782288387436747
ro	0.12913925291229428	0.3660254037844386	1.0	0.24336073281110826	0.27195617308673004	0.14201473202245876	0.2958163163244893	0.12035619681577552	0.13472338607037426	0.11153804368952847	0.11829781716586539	0.12580527500924846	0.14328432723886902	0.19117391480835716	0.0917777540742044	0.10911115445599891	0.10310703884553472	0.3483314773547883	0.26533119314590375	0.3333333333333333	1.0	0.19367338768973055	0.1774053291584318	0.10957945641640239	1.0	0.12343679568760837	0.21089672205953397	0.585786437626905	0.44948974278317805	0.2791745113185196	0.18660549686337075	1.0	0.1443555994562128	1.0	0.08801787027860242
ru	0.1724429813605442	0.21239994067041815	1.0	0.1552653218004957	0.13879564861321142	0.01996576024525007	0.18368518446174903	0.003565915132316724	0.019179866489132752	0.004048669200961314	0.008869162497280472	0.028954438667693837	0.047195190697853474	0.05026896004379605	0.0043931295215109325	0.009202977822566974	0.006301966990555548	0.28172904669025317	0.12646137496925483	0.17222832290855958	1.0	0.05191882659359275	0.04231709791214738	0.008689176548607902	0.12343679568760837	1.0	0.1683445094526305	0.5	0.22522719139308142	0.07275754112072651	0.06841452615620511	1.0	0.03520909222945867	1.0	0.004804405347448447
sh	0.44948974278317805	0.44948974278317805	1.0	0.585786437626905	0.44948974278317805	0.203075234310397	0.28989794855663564	0.17011071785351697	0.18464218557642828	0.1827439976315568	0.19382373427098673	0.38742588672279304	0.19204411937679794	0.3333333333333333	0.17540586300555752	0.18311860342005779	0.1986512210252157	0.39564392373896007	0.41319688409934685	0.44948974278317805	1.0	0.21712927295533244	0.1838753050392743	0.203075234310397	0.21089672205953397	0.1683445094526305	1.0	0.585786437626905	0.585786437626905	0.16864819817796117	0.2020331186045411	1.0	0.27755172536235034	1.0	0.18581211318908403
si	1.0	0.585786437626905	0.0	0.585786437626905	0.585786437626905	0.585786437626905	0.585786437626905	0.585786437626905	0.585786437626905	0.585786437626905	0.585786437626905	0.29429805508554946	0.585786437626905	0.585786437626905	0.585786437626905	0.585786437626905	0.585786437626905	0.585786437626905	0.5	0.585786437626905	1.0	0.585786437626905	0.585786437626905	0.585786437626905	0.585786437626905	0.5	0.585786437626905	1.0	1.0	0.585786437626905	0.585786437626905	1.0	0.585786437626905	1.0	0.585786437626905
simple	0.23329952500316292	0.585786437626905	1.0	0.38742588672279304	0.34833147735478825	0.2766967754673749	0.27429188517743175	0.26533119314590375	0.23727324146403408	0.24336073281110826	0.2216368750839041	0.18834314030891636	0.25355482027512377	0.44948974278317805	0.2303268468157938	0.2632403810669918	0.1886378647726465	0.5	0.39564392373896007	0.2474401533514073	1.0	0.2898979485566356	0.3244997998398398	0.2517564787261065	0.44948974278317805	0.22522719139308142	0.585786437626905	1.0	1.0	0.4142135623730951	0.3090169943749474	1.0	0.23371479611805132	1.0	0.2070518364164892
sr	0.27429188517743175	0.38742588672279304	1.0	0.38742588672279304	0.25824569976124334	0.08047976749081136	0.26533119314590375	0.06425069139458993	0.07919807351819852	0.06868636320779756	0.09051913677037238	0.07723317915589785	0.14503446107483847	0.17411239489546831	0.06530023739090927	0.09099629076130754	0.07903685631510284	0.5	0.26105968475175495	0.44948974278317805	1.0	0.09708231133180277	0.08758859058720105	0.07634754475362815	0.2791745113185196	0.07275754112072651	0.16864819817796117	0.585786437626905	0.4142135623730951	1.0	0.12481442192361682	1.0	0.1907435698305462	1.0	0.07060319499641247
sv	0.19304733204660474	0.3090169943749474	1.0	0.1896812679802183	0.1951941016011038	0.08369880081830045	0.2402530733520421	0.032464084316352816	0.05929974096216139	0.03930010145561553	0.045794042387058885	0.04876951629907384	0.09796351589740672	0.17253779651421453	0.030422782290758725	0.041993728821233346	0.03982362421491856	0.3660254037844386	0.1447169649973693	0.24257131419419417	1.0	0.09439065483539613	0.10646829988265848	0.0399359073862692	0.18660549686337075	0.06841452615620511	0.2020331186045411	0.585786437626905	0.3090169943749474	0.12481442192361682	1.0	1.0	0.09313572721439413	1.0	0.022088367398775725
te	0.0	1.0	0.0	1.0	1.0	1.0	1.0	1.0	1.0	1.0	1.0	1.0	1.0	1.0	1.0	1.0	1.0	1.0	1.0	1.0	1.0	1.0	1.0	1.0	1.0	1.0	1.0	1.0	1.0	1.0	1.0	1.0	1.0	1.0	1.0
vi	0.3164309725825328	0.44948974278317805	1.0	0.171310475400854	0.22772999919644132	0.03275025345213402	0.21040331845089688	0.016518291448474824	0.05351925579556511	0.04254123122073622	0.06515506906247116	0.07180443419895906	0.08474898268627584	0.1440053834963787	0.04345559943512566	0.06026136017838452	0.051001285237633004	0.3288130902060995	0.18400240527946554	0.22772999919644132	1.0	0.07556112022172805	0.08251907429856101	0.05903690063430022	0.1443555994562128	0.03520909222945867	0.27755172536235034	0.585786437626905	0.23371479611805132	0.1907435698305462	0.09313572721439413	1.0	1.0	1.0	0.04161716097682914
war	1.0	1.0	0.0	1.0	1.0	1.0	1.0	1.0	1.0	1.0	1.0	1.0	1.0	1.0	1.0	1.0	1.0	1.0	1.0	1.0	1.0	1.0	1.0	1.0	1.0	1.0	1.0	1.0	1.0	1.0	1.0	1.0	1.0	1.0	1.0
zh	0.1720012166691153	0.21089672205953397	1.0	0.11398848601807596	0.09819981851164727	0.004925645329606884	0.15585972716790494	0.0032245644065291503	0.005743383447034984	0.0046124274468497236	0.008265937000485127	0.027489163922048948	0.0323964668653925	0.05300872016108701	0.00650669870809154	0.006162267150288951	0.006886454167042905	0.22901628833426058	0.1258867026870165	0.16922835859105761	1.0	0.010750996295107994	0.008440109975381659	0.006782288387436747	0.08801787027860242	0.004804405347448447	0.18581211318908403	0.585786437626905	0.2070518364164892	0.07060319499641247	0.022088367398775725	1.0	0.04161716097682914	1.0	1.0
