arz	bs	ceb	ckb	da	de	el	en	es	fr	he	hi	hu	id	it	ja	ko	lv	mk	ml	mr	nl	pl	pt	ro	ru	sh	si	simple	sr	sv	te	vi	war	zh
arz	1.0	1.0	0.0	0.0	1.0	1.0	0.585786437626905	0.585786437626905	0.585786437626905	0.0	1.0	0.0	1.0	1.0	0.585786437626905	0.585786437626905	0.585786437626905	1.0	1.0	0.0	0.0	0.585786437626905	0.585786437626905	1.0	1.0	0.585786437626905	1.0	0.0	1.0	0.585786437626905	1.0	0.0	0.585786437626905	0.0	0.5
bs	1.0	1.0	0.4364916731037085	0.585786437626905	0.28989794855663564	0.3090169943749474	0.585786437626905	0.3090169943749474	0.3090169943749474	0.4142135623730951	0.3266316347104093	0.585786437626905	0.3483314773547883	0.3090169943749474	0.2989350844248255	0.3090169943749474	0.3090169943749474	0.585786437626905	1.0	0.585786437626905	0.585786437626905	0.3090169943749474	0.3090169943749474	0.2989350844248255	0.2989350844248255	0.3090169943749474	0.36602540378443865	1.0	0.585786437626905	0.3090169943749474	0.3139485079232126	1.0	0.3090169943749474	0.585786437626905	0.3090169943749474
ceb	0.0	0.4364916731037085	1.0	0.4364916731037085	0.4364916731037085	0.4364916731037085	0.585786437626905	0.4364916731037085	0.4364916731037085	0.4364916731037085	0.585786437626905	0.585786437626905	0.4364916731037085	0.4364916731037085	0.4364916731037085	0.4364916731037085	0.4364916731037085	0.4364916731037085	0.4364916731037085	0.585786437626905	0.585786437626905	0.4364916731037085	0.4364916731037085	0.4364916731037085	0.4364916731037085	0.4364916731037085	0.4364916731037085	0.0	0.4364916731037085	0.4364916731037085	0.4364916731037085	1.0	0.4364916731037085	0.585786437626905	0.4364916731037085
ckb	0.0	0.585786437626905	0.4364916731037085	1.0	1.0	1.0	1.0	1.0	1.0	1.0	1.0	1.0	1.0	1.0	1.0	1.0	1.0	1.0	1.0	1.0	1.0	1.0	1.0	1.0	1.0	1.0	1.0	0.0	1.0	1.0	1.0	1.0	1.0	1.0	1.0
da	1.0	0.28989794855663564	0.4364916731037085	1.0	1.0	0.28172904669025317	0.5	0.1827439976315568	0.27429188517743175	0.26427884169111276	0.44948974278317805	0.585786437626905	0.4142135623730951	0.3126480851423008	0.2674788903885893	0.38742588672279304	0.28172904669025317	1.0	0.585786437626905	0.5	0.585786437626905	0.28172904669025317	0.2449655295864104	0.2449655295864104	0.27792629762666365	0.28172904669025317	0.44948974278317805	1.0	0.5	0.4142135623730951	0.2612038749637414	0.585786437626905	0.4142135623730951	1.0	0.38742588672279304
de	1.0	0.3090169943749474	0.4364916731037085	1.0	0.28172904669025317	1.0	1.0	0.06467961144985115	0.22340832503179264	0.17797387640247572	0.585786437626905	1.0	0.4142135623730951	0.2449655295864104	0.1683126986530049	0.3333333333333333	0.38742588672279304	1.0	1.0	1.0	1.0	0.34833147735478825	0.18060693768197789	0.2187841884486319	0.4142135623730951	0.26533119314590375	0.3660254037844386	1.0	0.4142135623730951	0.3021694792519622	0.20894541729001367	1.0	0.28989794855663564	1.0	0.38742588672279304
el	0.585786437626905	0.585786437626905	0.585786437626905	1.0	0.5	1.0	1.0	0.5	1.0	0.585786437626905	1.0	1.0	1.0	1.0	1.0	1.0	1.0	1.0	1.0	1.0	1.0	1.0	1.0	1.0	1.0	1.0	1.0	0.0	1.0	1.0	1.0	1.0	1.0	1.0	1.0
en	0.585786437626905	0.3090169943749474	0.4364916731037085	1.0	0.1827439976315568	0.06467961144985115	0.5	1.0	0.04882603488145382	0.030701283269606975	0.32449979983983984	0.44948974278317805	0.26692057453616547	0.18001097668719743	0.060146853048404135	0.11309410860626547	0.25728427444747215	0.585786437626905	0.585786437626905	0.4142135623730951	1.0	0.13205380782137424	0.10449890575965488	0.07355110541060694	0.3203772410170407	0.09542621431626427	0.08429000369417927	1.0	0.31604160750540605	0.07142857142857142	0.12968105598094337	1.0	0.05579976390501573	1.0	0.12015029468766564
es	0.585786437626905	0.3090169943749474	0.4364916731037085	1.0	0.27429188517743175	0.22340832503179264	1.0	0.04882603488145382	1.0	0.1797153602962883	0.585786437626905	1.0	0.585786437626905	0.2240092377397959	0.19292728076790167	0.4364916731037085	0.3483314773547883	1.0	1.0	1.0	1.0	0.585786437626905	0.2204812092115424	0.24025307335204216	0.44948974278317805	0.3090169943749474	0.3126480851423008	1.0	0.44948974278317805	0.4142135623730951	0.26533119314590375	1.0	0.20386840968093525	1.0	0.4364916731037085
fr	0.0	0.4142135623730951	0.4364916731037085	1.0	0.26427884169111276	0.17797387640247572	0.585786437626905	0.030701283269606975	0.1797153602962883	1.0	0.4142135623730951	1.0	0.4142135623730951	0.2402530733520421	0.15530226089890053	0.25728427444747215	0.44948974278317805	1.0	1.0	0.585786437626905	1.0	0.2402530733520421	0.19038733311557218	0.1983555576735248	0.44948974278317805	0.25	0.2843646522044218	1.0	0.3660254037844386	0.2958163163244893	0.2674788903885893	1.0	0.25000000000000006	1.0	0.32449979983983984
he	1.0	0.3266316347104093	0.585786437626905	1.0	0.44948974278317805	0.585786437626905	1.0	0.32449979983983984	0.585786437626905	0.4142135623730951	1.0	1.0	1.0	0.5	1.0	1.0	1.0	1.0	1.0	1.0	1.0	1.0	0.585786437626905	1.0	0.585786437626905	1.0	0.5	1.0	0.585786437626905	0.585786437626905	0.3430703308172536	1.0	1.0	1.0	1.0
hi	0.0	0.585786437626905	0.585786437626905	1.0	0.585786437626905	1.0	1.0	0.44948974278317805	1.0	1.0	1.0	1.0	1.0	0.585786437626905	1.0	1.0	1.0	1.0	1.0	1.0	1.0	1.0	1.0	0.585786437626905	1.0	1.0	1.0	1.0	1.0	1.0	1.0	1.0	1.0	1.0	1.0
hu	1.0	0.3483314773547883	0.4364916731037085	1.0	0.4142135623730951	0.4142135623730951	1.0	0.26692057453616547	0.585786437626905	0.4142135623730951	1.0	1.0	1.0	0.2857142857142857	0.44948974278317805	0.585786437626905	0.585786437626905	1.0	1.0	1.0	1.0	0.5	0.32037724101704074	0.3726822671238253	0.585786437626905	0.585786437626905	0.585786437626905	1.0	1.0	0.585786437626905	0.44948974278317805	1.0	0.44948974278317805	1.0	0.585786437626905
id	1.0	0.3090169943749474	0.4364916731037085	1.0	0.3126480851423008	0.2449655295864104	1.0	0.18001097668719743	0.2240092377397959	0.2402530733520421	0.5	0.585786437626905	0.2857142857142857	1.0	0.2187841884486319	0.24257131419419417	0.4142135623730951	0.585786437626905	1.0	0.585786437626905	1.0	0.25824569976124334	0.20799159651347807	0.2193450929151803	0.4142135623730951	0.25824569976124334	0.39564392373896007	1.0	0.39564392373896007	0.39564392373896007	0.2402530733520421	1.0	0.3164309725825328	1.0	0.22966848451216434
it	0.585786437626905	0.2989350844248255	0.4364916731037085	1.0	0.2674788903885893	0.1683126986530049	1.0	0.060146853048404135	0.19292728076790167	0.15530226089890053	1.0	1.0	0.44948974278317805	0.2187841884486319	1.0	0.28989794855663564	0.5	1.0	1.0	1.0	1.0	0.2958163163244893	0.2025519956555797	0.19404996501286384	0.44948974278317805	0.25728427444747215	0.3203772410170407	1.0	0.3333333333333333	0.2928060946961875	0.26533119314590375	1.0	0.23874775399470893	1.0	0.30216947925196225
ja	0.585786437626905	0.3090169943749474	0.4364916731037085	1.0	0.38742588672279304	0.3333333333333333	1.0	0.11309410860626547	0.4364916731037085	0.25728427444747215	1.0	1.0	0.585786437626905	0.24257131419419417	0.28989794855663564	1.0	1.0	1.0	1.0	1.0	1.0	1.0	0.30216947925196225	0.3660254037844386	0.5	1.0	1.0	1.0	0.585786437626905	0.3090169943749474	0.38742588672279304	1.0	0.25728427444747215	1.0	1.0
ko	0.585786437626905	0.3090169943749474	0.4364916731037085	1.0	0.28172904669025317	0.38742588672279304	1.0	0.25728427444747215	0.3483314773547883	0.44948974278317805	1.0	1.0	0.585786437626905	0.4142135623730951	0.5	1.0	1.0	1.0	1.0	1.0	1.0	1.0	0.3164309725825328	0.4142135623730951	0.5	1.0	1.0	1.0	1.0	1.0	0.44948974278317805	1.0	0.3090169943749474	1.0	1.0
lv	1.0	0.585786437626905	0.4364916731037085	1.0	1.0	1.0	1.0	0.585786437626905	1.0	1.0	1.0	1.0	1.0	0.585786437626905	1.0	1.0	1.0	1.0	1.0	1.0	1.0	1.0	1.0	1.0	0.585786437626905	1.0	1.0	1.0	1.0	1.0	0.585786437626905	1.0	0.585786437626905	1.0	1.0
mk	1.0	1.0	0.4364916731037085	1.0	0.585786437626905	1.0	1.0	0.585786437626905	1.0	1.0	1.0	1.0	1.0	1.0	1.0	1.0	1.0	1.0	1.0	1.0	1.0	1.0	1.0	1.0	1.0	1.0	1.0	0.0	1.0	0.585786437626905	1.0	1.0	1.0	1.0	1.0
ml	0.0	0.585786437626905	0.585786437626905	1.0	0.5	1.0	1.0	0.4142135623730951	1.0	0.585786437626905	1.0	1.0	1.0	0.585786437626905	1.0	1.0	1.0	1.0	1.0	1.0	1.0	1.0	1.0	1.0	1.0	1.0	1.0	1.0	1.0	1.0	1.0	1.0	1.0	1.0	1.0
mr	0.0	0.585786437626905	0.585786437626905	1.0	0.585786437626905	1.0	1.0	1.0	1.0	1.0	1.0	1.0	1.0	1.0	1.0	1.0	1.0	1.0	1.0	1.0	1.0	1.0	1.0	1.0	1.0	1.0	1.0	0.0	1.0	1.0	1.0	1.0	1.0	1.0	1.0
nl	0.585786437626905	0.3090169943749474	0.4364916731037085	1.0	0.28172904669025317	0.34833147735478825	1.0	0.13205380782137424	0.585786437626905	0.2402530733520421	1.0	1.0	0.5	0.25824569976124334	0.2958163163244893	1.0	1.0	1.0	1.0	1.0	1.0	1.0	0.2474401533514073	0.32449979983983984	0.5	0.585786437626905	0.5	1.0	0.5	0.38742588672279304	0.38742588672279304	1.0	0.4142135623730951	1.0	0.585786437626905
pl	0.585786437626905	0.3090169943749474	0.4364916731037085	1.0	0.2449655295864104	0.18060693768197789	1.0	0.10449890575965488	0.2204812092115424	0.19038733311557218	0.585786437626905	1.0	0.32037724101704074	0.20799159651347807	0.2025519956555797	0.30216947925196225	0.3164309725825328	1.0	1.0	1.0	1.0	0.2474401533514073	1.0	0.21089672205953397	0.35388936786452296	0.22966848451216434	0.4142135623730951	1.0	0.38742588672279304	0.44948974278317805	0.20893127466130293	0.585786437626905	0.3660254037844386	1.0	0.2474401533514073
pt	1.0	0.2989350844248255	0.4364916731037085	1.0	0.2449655295864104	0.2187841884486319	1.0	0.07355110541060694	0.24025307335204216	0.1983555576735248	1.0	0.585786437626905	0.3726822671238253	0.2193450929151803	0.19404996501286384	0.3660254037844386	0.4142135623730951	1.0	1.0	1.0	1.0	0.32449979983983984	0.21089672205953397	1.0	0.44948974278317805	0.2612038749637415	0.38742588672279304	1.0	0.5	0.2708131845707603	0.24575709890384886	1.0	0.2204812092115424	1.0	0.3090169943749474
ro	1.0	0.2989350844248255	0.4364916731037085	1.0	0.27792629762666365	0.4142135623730951	1.0	0.3203772410170407	0.44948974278317805	0.44948974278317805	0.585786437626905	1.0	0.585786437626905	0.4142135623730951	0.44948974278317805	0.5	0.5	0.585786437626905	1.0	1.0	1.0	0.5	0.35388936786452296	0.44948974278317805	1.0	0.5	0.585786437626905	1.0	0.585786437626905	0.5	0.585786437626905	1.0	0.44948974278317805	1.0	0.5
ru	0.585786437626905	0.3090169943749474	0.4364916731037085	1.0	0.28172904669025317	0.26533119314590375	1.0	0.09542621431626427	0.3090169943749474	0.25	1.0	1.0	0.585786437626905	0.25824569976124334	0.25728427444747215	1.0	1.0	1.0	1.0	1.0	1.0	0.585786437626905	0.22966848451216434	0.2612038749637415	0.5	1.0	0.585786437626905	1.0	0.585786437626905	0.5	0.3430703308172536	1.0	0.3660254037844386	1.0	1.0
sh	1.0	0.36602540378443865	0.4364916731037085	1.0	0.44948974278317805	0.3660254037844386	1.0	0.08429000369417927	0.3126480851423008	0.2843646522044218	0.5	1.0	0.585786437626905	0.39564392373896007	0.3203772410170407	1.0	1.0	1.0	1.0	1.0	1.0	0.5	0.4142135623730951	0.38742588672279304	0.585786437626905	0.585786437626905	1.0	1.0	0.585786437626905	0.1918253663634734	0.44948974278317805	1.0	0.3660254037844386	1.0	0.585786437626905
si	0.0	1.0	0.0	0.0	1.0	1.0	0.0	1.0	1.0	1.0	1.0	1.0	1.0	1.0	1.0	1.0	1.0	1.0	0.0	1.0	0.0	1.0	1.0	1.0	1.0	1.0	1.0	1.0	0.0	1.0	1.0	0.0	1.0	1.0	1.0
simple	1.0	0.585786437626905	0.4364916731037085	1.0	0.5	0.4142135623730951	1.0	0.31604160750540605	0.44948974278317805	0.3660254037844386	0.585786437626905	1.0	1.0	0.39564392373896007	0.3333333333333333	0.585786437626905	1.0	1.0	1.0	1.0	1.0	0.5	0.38742588672279304	0.5	0.585786437626905	0.585786437626905	0.585786437626905	0.0	1.0	0.585786437626905	0.5	1.0	0.5	1.0	0.585786437626905
sr	0.585786437626905	0.3090169943749474	0.4364916731037085	1.0	0.4142135623730951	0.3021694792519622	1.0	0.07142857142857142	0.4142135623730951	0.2958163163244893	0.585786437626905	1.0	0.585786437626905	0.39564392373896007	0.2928060946961875	0.3090169943749474	1.0	1.0	0.585786437626905	1.0	1.0	0.38742588672279304	0.44948974278317805	0.2708131845707603	0.5	0.5	0.1918253663634734	1.0	0.585786437626905	1.0	0.3288130902060995	1.0	0.38742588672279304	1.0	0.585786437626905
sv	1.0	0.3139485079232126	0.4364916731037085	1.0	0.2612038749637414	0.20894541729001367	1.0	0.12968105598094337	0.26533119314590375	0.2674788903885893	0.3430703308172536	1.0	0.44948974278317805	0.2402530733520421	0.26533119314590375	0.38742588672279304	0.44948974278317805	0.585786437626905	1.0	1.0	1.0	0.38742588672279304	0.20893127466130293	0.24575709890384886	0.585786437626905	0.3430703308172536	0.44948974278317805	1.0	0.5	0.3288130902060995	1.0	1.0	0.34833147735478825	1.0	0.4142135623730951
te	0.0	1.0	1.0	1.0	0.585786437626905	1.0	1.0	1.0	1.0	1.0	1.0	1.0	1.0	1.0	1.0	1.0	1.0	1.0	1.0	1.0	1.0	1.0	0.585786437626905	1.0	1.0	1.0	1.0	0.0	1.0	1.0	1.0	1.0	0.585786437626905	1.0	1.0
vi	0.585786437626905	0.3090169943749474	0.4364916731037085	1.0	0.4142135623730951	0.28989794855663564	1.0	0.05579976390501573	0.20386840968093525	0.25000000000000006	1.0	1.0	0.44948974278317805	0.3164309725825328	0.23874775399470893	0.25728427444747215	0.3090169943749474	0.585786437626905	1.0	1.0	1.0	0.4142135623730951	0.3660254037844386	0.2204812092115424	0.44948974278317805	0.3660254037844386	0.3660254037844386	1.0	0.5	0.38742588672279304	0.34833147735478825	0.585786437626905	1.0	1.0	0.3660254037844386
war	0.0	0.585786437626905	0.585786437626905	1.0	1.0	1.0	1.0	1.0	1.0	1.0	1.0	1.0	1.0	1.0	1.0	1.0	1.0	1.0	1.0	1.0	1.0	1.0	1.0	1.0	1.0	1.0	1.0	1.0	1.0	1.0	1.0	1.0	1.0	1.0	1.0
zh	0.5	0.3090169943749474	0.4364916731037085	1.0	0.38742588672279304	0.38742588672279304	1.0	0.12015029468766564	0.4364916731037085	0.32449979983983984	1.0	1.0	0.585786437626905	0.22966848451216434	0.30216947925196225	1.0	1.0	1.0	1.0	1.0	1.0	0.585786437626905	0.2474401533514073	0.3090169943749474	0.5	1.0	0.585786437626905	1.0	0.585786437626905	0.585786437626905	0.4142135623730951	1.0	0.3660254037844386	1.0	1.0
