arz	bs	ceb	ckb	da	de	el	en	es	fr	he	hi	hu	id	it	ja	ko	lv	mk	ml	mr	nl	pl	pt	ro	ru	sh	si	simple	sr	sv	te	vi	war	zh
arz	1.0	0.65857855151911	0.0	1.0	0.5607371342276144	1.0	1.0	0.32573770986080464	0.718925811717485	0.3773677598104613	1.0	1.0	1.0	0.7171176902274347	0.4897560783136443	1.0	1.0	1.0	1.0	1.0	1.0	0.6193113617177751	0.7210092110599264	0.6487871090048528	1.0	1.0	0.7221793916855703	1.0	1.0	1.0	1.0	1.0	1.0	1.0	1.0
bs	0.65857855151911	1.0	0.0	0.7411828468492556	0.15591898177042715	0.19165569138689342	0.2004429064301976	0.1719961669651862	0.1908395354974985	0.18654263237859198	0.19829865050623646	0.42683222811580396	0.24235993806947556	0.1791153133419389	0.2166183284596966	0.19848536958563134	0.1978204321033389	0.2558066324977016	0.44044255019570483	0.3893540111452552	0.31256675331948713	0.1850690706031512	0.20645421660374844	0.19356722804200913	0.19739372160577567	0.19316110504968595	0.18046932140493047	0.42489828324440815	0.3810791535564932	0.192922482436672	0.19380215587336372	1.0	0.20221775890561444	0.40105550461749023	0.19581265572982123
ceb	0.0	0.0	1.0	0.0	1.0	1.0	1.0	1.0	1.0	1.0	1.0	1.0	1.0	1.0	1.0	1.0	1.0	1.0	1.0	0.0	1.0	1.0	1.0	1.0	1.0	1.0	1.0	0.0	1.0	1.0	1.0	0.0	1.0	0.0	1.0
ckb	1.0	0.7411828468492556	0.0	1.0	0.7376607345031153	1.0	1.0	0.41278353443851135	1.0	1.0	1.0	1.0	1.0	1.0	0.5655691978846713	1.0	1.0	1.0	1.0	1.0	1.0	0.7376607345031153	0.7376607345031153	1.0	1.0	1.0	0.6786291688147437	1.0	1.0	1.0	0.7347168825662656	1.0	1.0	1.0	1.0
da	0.5607371342276144	0.15591898177042715	1.0	0.7376607345031153	1.0	0.12990300645738417	0.19381098206630362	0.10294242247350933	0.1257454566441241	0.11904711603459596	0.13398435088240965	0.25654746181950133	0.17958698295367653	0.13113764290206142	0.105608485443468	0.15781669626469486	0.14386504660777388	0.22068432206012695	0.19241041820953408	0.213105263252997	0.32918555813190176	0.11641498657125943	0.1318603924478968	0.1270101353878637	0.15559831002003527	0.13721475484185863	0.12672552325918415	0.728099120889861	0.18366921608394726	0.14097946640922665	0.11729969206576395	1.0	0.14187609425511727	0.6589257440209709	0.14371105865868722
de	1.0	0.19165569138689342	1.0	1.0	0.12990300645738417	1.0	0.2552394424436489	0.07567576209618754	0.08921402917198283	0.07304444858578382	0.1985661530146589	0.4819832219696471	0.22598390747241914	0.09825925057558475	0.09094700900385737	0.15151591023545521	0.17312883453349304	0.41020808947327764	0.3852302797957651	0.6512033254706828	0.49184202118281967	0.09669311834129612	0.09093141048067302	0.09011654485697453	0.2406243274676067	0.11028019851682934	0.12486114763957323	1.0	0.26870412876243444	0.18217097459507098	0.1124685508574014	1.0	0.24215362153250172	0.7248485669756152	0.15151239038502567
el	1.0	0.2004429064301976	1.0	1.0	0.19381098206630362	0.2552394424436489	1.0	0.12459444374847096	0.2321841520298738	0.14720105153547228	1.0	1.0	1.0	0.18989775918979304	0.15670198298523852	1.0	1.0	0.5114074159150346	1.0	1.0	1.0	0.15311817381027315	0.23437740281735417	0.21933779590111038	0.5381911667587383	1.0	0.20774140271036032	1.0	0.3830578537282348	0.5320286462024124	0.20224657230463428	1.0	1.0	1.0	1.0
en	0.32573770986080464	0.1719961669651862	1.0	0.41278353443851135	0.10294242247350933	0.07567576209618754	0.12459444374847096	1.0	0.07081063257138281	0.06223276936913138	0.12435899529159938	0.19449600801870878	0.13225936021294762	0.07527832645586538	0.08564905638677933	0.11981102383748249	0.12255946304602226	0.16268605451096574	0.15879837586035384	0.20675099382073853	0.24815535263373525	0.08431660639263037	0.08282012642870806	0.06868642532997224	0.12492368469885293	0.10654655948920431	0.09317806192358366	0.5772310162901533	0.13170553005227673	0.11596597926756776	0.08570370508686626	0.3841229725954143	0.1281560917001703	0.3788622865832764	0.11870761943470298
es	0.718925811717485	0.1908395354974985	1.0	1.0	0.1257454566441241	0.08921402917198283	0.2321841520298738	0.07081063257138281	1.0	0.06396717848276759	0.1630036551384828	0.4842778096922035	0.21018020273749213	0.08300093134278479	0.08197561814730542	0.1393013228816247	0.13860388590510483	0.2997708911269024	0.28282251768053784	0.5064619640000735	0.63139145787267	0.08945846392202539	0.09703356525518878	0.07226394278903002	0.18601884175990044	0.09320480036981285	0.11125500739456871	1.0	0.25368110599813654	0.13472785545840307	0.10137322208637539	1.0	0.20629575628983968	1.0	0.13386865569507417
fr	0.3773677598104613	0.18654263237859198	1.0	1.0	0.11904711603459596	0.07304444858578382	0.14720105153547228	0.06223276936913138	0.06396717848276759	1.0	0.14175494933098684	0.35712746532981526	0.1747089182167314	0.06823259422313986	0.06948055124878205	0.09915276355521199	0.11302709611429905	0.32228258315319164	0.2264188916765147	0.38651991631113175	0.43131461761745354	0.07877744016554418	0.08184074975629743	0.06555253261737441	0.18470706463316997	0.07322945881799485	0.100163304519685	0.7234532828151787	0.20675631437938952	0.1014171898118771	0.08812757482583307	0.7248485669756152	0.15977779416210805	1.0	0.10718734832353688
he	1.0	0.19829865050623646	1.0	1.0	0.13398435088240965	0.1985661530146589	1.0	0.12435899529159938	0.1630036551384828	0.14175494933098684	1.0	1.0	0.6182660505431204	0.14803826050122168	0.12602614068969772	1.0	1.0	0.5072355122353494	1.0	1.0	1.0	0.11822471644715205	0.187828651851301	0.14673435355582015	0.39999995884076395	1.0	0.1911144305225337	1.0	0.3669900326626507	0.5644971333729549	0.16676884339973952	1.0	1.0	1.0	1.0
hi	1.0	0.42683222811580396	1.0	1.0	0.25654746181950133	0.4819832219696471	1.0	0.19449600801870878	0.4842778096922035	0.35712746532981526	1.0	1.0	1.0	0.3947429340100306	0.1886818388353236	1.0	1.0	1.0	1.0	1.0	1.0	0.28624341197591807	0.524284662675886	0.28661629938068706	1.0	1.0	0.40071629648231993	1.0	0.5099414851839454	0.7034032621820069	0.34971056586124827	1.0	1.0	1.0	1.0
hu	1.0	0.24235993806947556	1.0	1.0	0.17958698295367653	0.22598390747241914	1.0	0.13225936021294762	0.21018020273749213	0.1747089182167314	0.6182660505431204	1.0	1.0	0.18916753725712837	0.14200907754425857	0.617069122443143	0.6166318940963458	0.7026445955663438	1.0	1.0	1.0	0.17802753214729622	0.23534631388310231	0.19432834703103968	0.47367684879365785	0.5649531737861198	0.2379520619896216	1.0	0.33539691596762317	0.5660354584196643	0.24019286860892322	1.0	0.6204114017707751	1.0	0.5687102105502514
id	0.7171176902274347	0.1791153133419389	1.0	1.0	0.13113764290206142	0.09825925057558475	0.18989775918979304	0.07527832645586538	0.08300093134278479	0.06823259422313986	0.14803826050122168	0.3947429340100306	0.18916753725712837	1.0	0.08500150601276225	0.1322966141063965	0.14247464828828577	0.3082032327344276	0.30289754285028747	0.4152402155458413	0.4347646742903763	0.09323763223658131	0.10666635213183014	0.08446543539245577	0.17901578849954541	0.10335528443708114	0.11567553658274535	0.6928997443627298	0.23364684160917565	0.12677946911256954	0.10903056881119887	0.7322034805959263	0.1589532204355339	1.0	0.12805732380373558
it	0.4897560783136443	0.2166183284596966	1.0	0.5655691978846713	0.105608485443468	0.09094700900385737	0.15670198298523852	0.08564905638677933	0.08197561814730542	0.06948055124878205	0.12602614068969772	0.1886818388353236	0.14200907754425857	0.08500150601276225	1.0	0.13024804535679188	0.13092139309119633	0.19473241251991338	0.16177260540043298	0.21316717792570664	0.273067044223547	0.08984177148935932	0.09442796952343781	0.08141832607677969	0.13492603576823092	0.11892822236102059	0.10129172468850323	0.6187498656830154	0.15196836482302953	0.12196547257384716	0.09705988250688108	0.6124514101884015	0.14058293306971809	0.5782279798404124	0.13335317546504752
ja	1.0	0.19848536958563134	1.0	1.0	0.15781669626469486	0.15151591023545521	1.0	0.11981102383748249	0.1393013228816247	0.09915276355521199	1.0	1.0	0.617069122443143	0.1322966141063965	0.13024804535679188	1.0	1.0	0.5787884469698927	1.0	1.0	1.0	0.12295897559041158	0.15684039945259887	0.1361884620091595	0.3932371446664636	1.0	0.14701963185021355	1.0	0.32691233586721613	0.47878469269312135	0.1478982680886059	1.0	1.0	1.0	1.0
ko	1.0	0.1978204321033389	1.0	1.0	0.14386504660777388	0.17312883453349304	1.0	0.12255946304602226	0.13860388590510483	0.11302709611429905	1.0	1.0	0.6166318940963458	0.14247464828828577	0.13092139309119633	1.0	1.0	0.5309060330381115	1.0	1.0	1.0	0.1206730336223824	0.16341767680921016	0.11932115467888905	0.40742084562828307	1.0	0.14845388208882632	1.0	0.2937584139808856	0.4345515756347071	0.1504443661434031	1.0	1.0	1.0	1.0
lv	1.0	0.2558066324977016	1.0	1.0	0.22068432206012695	0.41020808947327764	0.5114074159150346	0.16268605451096574	0.2997708911269024	0.32228258315319164	0.5072355122353494	1.0	0.7026445955663438	0.3082032327344276	0.19473241251991338	0.5787884469698927	0.5309060330381115	1.0	0.7075325319701226	1.0	1.0	0.17925860371166477	0.36995441451837346	0.29196547374988274	0.4847680589025839	0.4837488366741374	0.2929618170216018	1.0	0.4388584638258596	0.5309060330381115	0.3127106238733555	1.0	0.7019395434758627	1.0	0.48729706687962143
mk	1.0	0.44044255019570483	1.0	1.0	0.19241041820953408	0.3852302797957651	1.0	0.15879837586035384	0.28282251768053784	0.2264188916765147	1.0	1.0	1.0	0.30289754285028747	0.16177260540043298	1.0	1.0	0.7075325319701226	1.0	1.0	1.0	0.2714274918432363	0.3074218647486686	0.2771260260609478	0.546599646833287	1.0	0.29653753415326467	1.0	0.6383829424521856	0.6197907398271955	0.3274086205737352	1.0	1.0	1.0	1.0
ml	1.0	0.3893540111452552	0.0	1.0	0.213105263252997	0.6512033254706828	1.0	0.20675099382073853	0.5064619640000735	0.38651991631113175	1.0	1.0	1.0	0.4152402155458413	0.21316717792570664	1.0	1.0	1.0	1.0	1.0	1.0	0.31916996199523506	0.515768184755455	0.3101191705889114	0.709195387537678	1.0	0.41438922922123583	1.0	0.5297818339613779	1.0	0.4165598759112865	1.0	1.0	1.0	1.0
mr	1.0	0.31256675331948713	1.0	1.0	0.32918555813190176	0.49184202118281967	1.0	0.24815535263373525	0.63139145787267	0.43131461761745354	1.0	1.0	1.0	0.4347646742903763	0.273067044223547	1.0	1.0	1.0	1.0	1.0	1.0	0.37464038573028274	0.6370562647493825	0.32476248895604637	0.7106212328351245	1.0	0.504112261183611	1.0	0.5672380163919863	1.0	0.4979043651657701	1.0	1.0	1.0	1.0
nl	0.6193113617177751	0.1850690706031512	1.0	0.7376607345031153	0.11641498657125943	0.09669311834129612	0.15311817381027315	0.08431660639263037	0.08945846392202539	0.07877744016554418	0.11822471644715205	0.28624341197591807	0.17802753214729622	0.09323763223658131	0.08984177148935932	0.12295897559041158	0.1206730336223824	0.17925860371166477	0.2714274918432363	0.31916996199523506	0.37464038573028274	1.0	0.10109412886566035	0.09187023457915094	0.14350678928445262	0.1088088334789513	0.10081062527599517	1.0	0.2027895423999252	0.10832251898228455	0.09918746001613757	0.6282628746211543	0.13672210532239323	0.5747129628734963	0.1256418515843203
pl	0.7210092110599264	0.20645421660374844	1.0	0.7376607345031153	0.1318603924478968	0.09093141048067302	0.23437740281735417	0.08282012642870806	0.09703356525518878	0.08184074975629743	0.187828651851301	0.524284662675886	0.23534631388310231	0.10666635213183014	0.09442796952343781	0.15684039945259887	0.16341767680921016	0.36995441451837346	0.3074218647486686	0.515768184755455	0.6370562647493825	0.10109412886566035	1.0	0.0983799965743602	0.22212787961301433	0.10653334940429339	0.12542978052556716	1.0	0.24629962939278038	0.1551370098184866	0.11702470601751515	1.0	0.23445772133219597	0.7234532828151788	0.16690506560564317
pt	0.6487871090048528	0.19356722804200913	1.0	1.0	0.1270101353878637	0.09011654485697453	0.21933779590111038	0.06868642532997224	0.07226394278903002	0.06555253261737441	0.14673435355582015	0.28661629938068706	0.19432834703103968	0.08446543539245577	0.08141832607677969	0.1361884620091595	0.11932115467888905	0.29196547374988274	0.2771260260609478	0.3101191705889114	0.32476248895604637	0.09187023457915094	0.0983799965743602	1.0	0.18795183119834105	0.0838703990646715	0.10413763878519555	1.0	0.22456394884042427	0.12557252479697326	0.09963346155387282	0.40272781479378505	0.17465173385931365	0.7234532828151788	0.12896502520467878
ro	1.0	0.19739372160577567	1.0	1.0	0.15559831002003527	0.2406243274676067	0.5381911667587383	0.12492368469885293	0.18601884175990044	0.18470706463316997	0.39999995884076395	1.0	0.47367684879365785	0.17901578849954541	0.13492603576823092	0.3932371446664636	0.40742084562828307	0.4847680589025839	0.546599646833287	0.709195387537678	0.7106212328351245	0.14350678928445262	0.22212787961301433	0.18795183119834105	1.0	0.38891443242808466	0.1894985916420059	1.0	0.36691968383823886	0.3566295333701555	0.18841985221058663	1.0	0.44489790620466835	1.0	0.37625454490167815
ru	1.0	0.19316110504968595	1.0	1.0	0.13721475484185863	0.11028019851682934	1.0	0.10654655948920431	0.09320480036981285	0.07322945881799485	1.0	1.0	0.5649531737861198	0.10335528443708114	0.11892822236102059	1.0	1.0	0.4837488366741374	1.0	1.0	1.0	0.1088088334789513	0.10653334940429339	0.0838703990646715	0.38891443242808466	1.0	0.12519064773931846	1.0	0.28739978087949597	0.33821870744200466	0.1096811420909573	1.0	1.0	1.0	1.0
sh	0.7221793916855703	0.18046932140493047	1.0	0.6786291688147437	0.12672552325918415	0.12486114763957323	0.20774140271036032	0.09317806192358366	0.11125500739456871	0.100163304519685	0.1911144305225337	0.40071629648231993	0.2379520619896216	0.11567553658274535	0.10129172468850323	0.14701963185021355	0.14845388208882632	0.2929618170216018	0.29653753415326467	0.41438922922123583	0.504112261183611	0.10081062527599517	0.12542978052556716	0.10413763878519555	0.1894985916420059	0.12519064773931846	1.0	1.0	0.2791785433223686	0.1341057833256006	0.12966982102614108	0.629896233114065	0.21902201886733588	0.5780965534243105	0.13797368314815658
si	1.0	0.42489828324440815	0.0	1.0	0.728099120889861	1.0	1.0	0.5772310162901533	1.0	0.7234532828151787	1.0	1.0	1.0	0.6928997443627298	0.6187498656830154	1.0	1.0	1.0	1.0	1.0	1.0	1.0	1.0	1.0	1.0	1.0	1.0	1.0	1.0	1.0	1.0	1.0	1.0	1.0	1.0
simple	1.0	0.3810791535564932	1.0	1.0	0.18366921608394726	0.26870412876243444	0.3830578537282348	0.13170553005227673	0.25368110599813654	0.20675631437938952	0.3669900326626507	0.5099414851839454	0.33539691596762317	0.23364684160917565	0.15196836482302953	0.32691233586721613	0.2937584139808856	0.4388584638258596	0.6383829424521856	0.5297818339613779	0.5672380163919863	0.2027895423999252	0.24629962939278038	0.22456394884042427	0.36691968383823886	0.28739978087949597	0.2791785433223686	1.0	1.0	0.33222961906690573	0.21985796132151922	1.0	0.3600478455540387	1.0	0.331395735843599
sr	1.0	0.192922482436672	1.0	1.0	0.14097946640922665	0.18217097459507098	0.5320286462024124	0.11596597926756776	0.13472785545840307	0.1014171898118771	0.5644971333729549	0.7034032621820069	0.5660354584196643	0.12677946911256954	0.12196547257384716	0.47878469269312135	0.4345515756347071	0.5309060330381115	0.6197907398271955	1.0	1.0	0.10832251898228455	0.1551370098184866	0.12557252479697326	0.3566295333701555	0.33821870744200466	0.1341057833256006	1.0	0.33222961906690573	1.0	0.15923931765150603	1.0	0.5673772675987796	1.0	0.4343290344652684
sv	1.0	0.19380215587336372	1.0	0.7347168825662656	0.11729969206576395	0.1124685508574014	0.20224657230463428	0.08570370508686626	0.10137322208637539	0.08812757482583307	0.16676884339973952	0.34971056586124827	0.24019286860892322	0.10903056881119887	0.09705988250688108	0.1478982680886059	0.1504443661434031	0.3127106238733555	0.3274086205737352	0.4165598759112865	0.4979043651657701	0.09918746001613757	0.11702470601751515	0.09963346155387282	0.18841985221058663	0.1096811420909573	0.12966982102614108	1.0	0.21985796132151922	0.15923931765150603	1.0	0.7300208629885034	0.17415336764156944	0.6221982196391783	0.1469144908784471
te	1.0	1.0	0.0	1.0	1.0	1.0	1.0	0.3841229725954143	1.0	0.7248485669756152	1.0	1.0	1.0	0.7322034805959263	0.6124514101884015	1.0	1.0	1.0	1.0	1.0	1.0	0.6282628746211543	1.0	0.40272781479378505	1.0	1.0	0.629896233114065	1.0	1.0	1.0	0.7300208629885034	1.0	1.0	1.0	1.0
vi	1.0	0.20221775890561444	1.0	1.0	0.14187609425511727	0.24215362153250172	1.0	0.1281560917001703	0.20629575628983968	0.15977779416210805	1.0	1.0	0.6204114017707751	0.1589532204355339	0.14058293306971809	1.0	1.0	0.7019395434758627	1.0	1.0	1.0	0.13672210532239323	0.23445772133219597	0.17465173385931365	0.44489790620466835	1.0	0.21902201886733588	1.0	0.3600478455540387	0.5673772675987796	0.17415336764156944	1.0	1.0	1.0	1.0
war	1.0	0.40105550461749023	0.0	1.0	0.6589257440209709	0.7248485669756152	1.0	0.3788622865832764	1.0	1.0	1.0	1.0	1.0	1.0	0.5782279798404124	1.0	1.0	1.0	1.0	1.0	1.0	0.5747129628734963	0.7234532828151788	0.7234532828151788	1.0	1.0	0.5780965534243105	1.0	1.0	1.0	0.6221982196391783	1.0	1.0	1.0	1.0
zh	1.0	0.19581265572982123	1.0	1.0	0.14371105865868722	0.15151239038502567	1.0	0.11870761943470298	0.13386865569507417	0.10718734832353688	1.0	1.0	0.5687102105502514	0.12805732380373558	0.13335317546504752	1.0	1.0	0.48729706687962143	1.0	1.0	1.0	0.1256418515843203	0.16690506560564317	0.12896502520467878	0.37625454490167815	1.0	0.13797368314815658	1.0	0.331395735843599	0.4343290344652684	0.1469144908784471	1.0	1.0	1.0	1.0
