arz	bs	ceb	ckb	da	de	el	en	es	fr	he	hi	hu	id	it	ja	ko	lv	mk	ml	mr	nl	pl	pt	ro	ru	sh	si	simple	sr	sv	te	tr	vi	war	zh
arz	1.0	0.4364916731037085	1.0	1.0	1.0	1.0	1.0	1.0	1.0	1.0	1.0	1.0	1.0	1.0	1.0	1.0	1.0	1.0	1.0	1.0	1.0	1.0	1.0	1.0	1.0	1.0	0.585786437626905	1.0	1.0	1.0	1.0	1.0	1.0	1.0	1.0	1.0
bs	0.4364916731037085	1.0	1.0	0.2204812092115424	0.016218147117054812	0.011324504152582253	0.016843965740305222	0.03465521163968539	0.012049211002133547	0.011783006643292066	0.015496451604513016	0.017267187422504018	0.014236215427413481	0.029069518875506913	0.01781013642481524	0.012109061955113494	0.014878552886287626	0.015954046303838357	0.01988559701153929	0.02745648035902203	0.16308953050448227	0.013079594928980696	0.01824317830423047	0.011355372303194045	0.017863371026651892	0.0113086965309853	0.011234930737795292	0.2041350519664497	0.01766216568458534	0.010735530601337383	0.012889427911134862	0.056325733583374164	0.10927917782578497	0.014317924368778283	0.06516470250167694	0.01253675232469142
ceb	1.0	1.0	1.0	1.0	1.0	1.0	1.0	1.0	1.0	1.0	1.0	1.0	1.0	1.0	0.585786437626905	1.0	1.0	1.0	1.0	1.0	1.0	1.0	1.0	1.0	1.0	1.0	1.0	1.0	1.0	1.0	1.0	1.0	-1.0	0.585786437626905	1.0	1.0
ckb	1.0	0.2204812092115424	1.0	1.0	0.585786437626905	0.5	1.0	0.3660254037844386	0.5	0.4142135623730951	0.585786437626905	1.0	0.3266316347104093	0.2063099139372659	0.22772999919644132	1.0	1.0	0.585786437626905	1.0	1.0	1.0	0.44948974278317805	0.3430703308172536	0.5	0.28436465220442186	1.0	0.585786437626905	1.0	0.44948974278317805	0.3164309725825328	0.5	1.0	1.0	0.44948974278317805	1.0	1.0
da	1.0	0.016218147117054812	1.0	0.585786437626905	1.0	0.010245367960103682	0.02244134696970062	0.012890845553133716	0.010629221602881	0.01100217005838158	0.017433615847535004	0.04163766545437311	0.0116964635235071	0.013513621354211884	0.0131972201613219	0.010823492199557382	0.014473417241481839	0.021346637694977386	0.0973366881823024	0.10970636508126681	0.32449979983983984	0.010968658505548304	0.012263315869392387	0.009302275442312208	0.013127233526862696	0.009070807840653877	0.011348362910587804	0.4142135623730951	0.01972535172159548	0.009907805401371506	0.010236976107771805	0.15707061676257178	0.2240092377397959	0.014932839039197052	0.26968623182294527	0.011676253930521486
de	1.0	0.011324504152582253	1.0	0.5	0.010245367960103682	1.0	0.04222510699985883	0.004897237134932593	0.004035155515352656	0.004246674062830864	0.04285039472108614	0.0399556305169233	0.004609712194057124	0.005760020163819993	0.0043950418830564775	0.002803757964195644	0.02214751401080035	0.03156125285804872	0.11220805483670442	0.18368518446174903	0.36602540378443865	0.004336728360580824	0.004591097323195982	0.004990112758593368	0.006368886220298221	0.006902514059811816	0.00406673009447239	0.5	0.008885913690143956	0.004149933281569642	0.0052053705124267295	0.21712927295533244	0.15848231677084568	0.004510529639689976	0.3333333333333333	0.0030593906879851805
el	1.0	0.016843965740305222	1.0	1.0	0.02244134696970062	0.04222510699985883	1.0	0.0061283730481761	0.026869229895088127	0.007475213536082826	0.5	1.0	0.009534940828173038	0.008500692665586587	0.006799193992737271	1.0	1.0	0.06396914723977468	1.0	1.0	1.0	0.009360209132129805	0.007535970329319883	0.058883696566306654	0.011277290320588775	0.585786437626905	0.01044921254273574	1.0	0.04364571841619709	0.010756020093119207	0.018358428710475674	1.0	0.585786437626905	0.010898298735310105	0.44948974278317805	1.0
en	1.0	0.03465521163968539	1.0	0.3660254037844386	0.012890845553133716	0.004897237134932593	0.0061283730481761	1.0	0.007012254582421455	0.010910594063494022	0.006976063993690773	0.006711048015894	0.012884400049398781	0.036180408346137435	0.014372235371603558	0.0025675709511335204	0.005535954185467577	0.0077487371863097345	0.011855322204598177	0.020726546905564937	0.14548268842493628	0.010133450480866639	0.01977537549937699	0.005608475926951712	0.021419485788953987	0.0035999589747169073	0.013781476569427367	0.27429188517743175	0.010364211042536573	0.011118688229820282	0.011129548709707693	0.07434999738953721	0.11572727146986293	0.01639548421136942	0.08984403241994986	0.002805186876776228
es	1.0	0.012049211002133547	1.0	0.5	0.010629221602881	0.004035155515352656	0.026869229895088127	0.007012254582421455	1.0	0.0062611346905749096	0.038499968182222524	0.024835388268392492	0.005864884770663741	0.006377302355155554	0.006384019453774862	0.0031692867854142526	0.015251132759996473	0.027264453070700054	0.07989586177611413	0.13623334167497306	0.36602540378443865	0.005639234809326388	0.00604189884341647	0.00597136799624095	0.006766594754879696	0.005863852187249105	0.0057547424406343166	0.39564392373896007	0.011540734647997835	0.005623314053697548	0.006020133416882733	0.1951941016011038	0.15414663755928806	0.0055221466383500355	0.2517564787261065	0.0039004375728563367
fr	1.0	0.011783006643292066	1.0	0.4142135623730951	0.01100217005838158	0.004246674062830864	0.007475213536082826	0.010910594063494022	0.0062611346905749096	1.0	0.01029858734474778	0.008988292303196097	0.009042055494346226	0.010191270043853711	0.012767858722178909	0.0026748270522988656	0.006149159808184352	0.011408106507720037	0.027938506659097976	0.09024519331009168	0.2466060555964672	0.009459762799417088	0.013669024270228423	0.00518380975713782	0.009625080002121346	0.0037797609823120343	0.009961664292342411	0.585786437626905	0.01003260351387203	0.009026151859748713	0.00803517856705062	0.1879524791852023	0.14729813805308495	0.009010550474110705	0.19404996501286384	0.0028125031048846375
he	1.0	0.015496451604513016	1.0	0.585786437626905	0.017433615847535004	0.04285039472108614	0.5	0.006976063993690773	0.038499968182222524	0.01029858734474778	1.0	0.5	0.010137666900324836	0.009156656898709255	0.0077025411789585566	0.38742588672279304	0.5	0.08263232438108187	0.585786437626905	0.5	1.0	0.013538278184811126	0.008422840403045008	0.05234978953491117	0.012315508227568802	0.4142135623730951	0.010721772574720793	1.0	0.04118464594019525	0.011692078501583813	0.017629997817719057	1.0	0.585786437626905	0.010671602257957467	0.44948974278317805	0.38742588672279304
hi	1.0	0.017267187422504018	1.0	1.0	0.04163766545437311	0.0399556305169233	1.0	0.006711048015894	0.024835388268392492	0.008988292303196097	0.5	1.0	0.012164560165005419	0.009667317527743637	0.007247422359758994	1.0	1.0	0.10320904159048837	1.0	1.0	1.0	0.012933277101428081	0.007977441654866274	0.06185917418385635	0.01192881116534095	1.0	0.011833303626139966	1.0	0.04794713857828297	0.01302835519745158	0.01664423492035473	1.0	0.585786437626905	0.012109310275069337	0.5	1.0
hu	1.0	0.014236215427413481	1.0	0.3266316347104093	0.0116964635235071	0.004609712194057124	0.009534940828173038	0.012884400049398781	0.005864884770663741	0.009042055494346226	0.010137666900324836	0.012164560165005419	1.0	0.01022758101823509	0.011190933299060766	0.0044814053841909125	0.00691777262273798	0.012618329672723647	0.04240310330308925	0.09503982793372268	0.3430703308172536	0.0071723924180826844	0.011518898175012974	0.006162270707915785	0.00965478980823998	0.005675430028749548	0.009155240604936922	0.44948974278317805	0.011456102415246775	0.007496249479086508	0.008340757875238676	0.2070518364164892	0.585786437626905	0.009337735686973016	0.23874775399470893	0.00441260656561462
id	1.0	0.029069518875506913	1.0	0.2063099139372659	0.013513621354211884	0.005760020163819993	0.008500692665586587	0.036180408346137435	0.006377302355155554	0.010191270043853711	0.009156656898709255	0.009667317527743637	0.01022758101823509	1.0	0.02227032374545378	0.0059456789399982765	0.007508806062490562	0.010175325388148908	0.013922765500784463	0.019395798397133467	0.22772999919644132	0.008515383069951686	0.018167012118032795	0.007404436692193174	0.021107957211840504	0.006670529088597025	0.010325164998547048	0.23800671553691075	0.009732412637520062	0.008921335024870787	0.010670091011273678	0.056074530504615805	0.1645052894628505	0.011712658328274313	0.09464710756745298	0.005783346284802153
it	1.0	0.01781013642481524	0.585786437626905	0.22772999919644132	0.0131972201613219	0.0043950418830564775	0.006799193992737271	0.014372235371603558	0.006384019453774862	0.012767858722178909	0.0077025411789585566	0.007247422359758994	0.011190933299060766	0.02227032374545378	1.0	0.003026639388325293	0.005815110220262345	0.008586496706175319	0.014716037446281654	0.04078976817501756	0.2857142857142857	0.009280405904995421	0.01718119449898443	0.005192949228866419	0.017918509949155233	0.004339964118706883	0.014684868551130683	0.44948974278317805	0.010449895117457616	0.009948239631931014	0.00913955061278609	0.0926726848836171	0.1548569718446656	0.015041779014928999	0.10975937190381573	0.003345967927140027
ja	1.0	0.012109061955113494	1.0	1.0	0.010823492199557382	0.002803757964195644	1.0	0.0025675709511335204	0.0031692867854142526	0.0026748270522988656	0.38742588672279304	1.0	0.0044814053841909125	0.0059456789399982765	0.003026639388325293	1.0	1.0	0.03826507707349556	1.0	1.0	1.0	0.003146136811468042	0.0033192073692739376	0.007857166800915333	0.0064966919324562725	0.44948974278317805	0.0033192664498312915	1.0	0.010906799157208687	0.003352354232220867	0.005822485379018983	1.0	0.22772999919644132	0.004663096850662129	0.44948974278317805	0.585786437626905
ko	1.0	0.014878552886287626	1.0	1.0	0.014473417241481839	0.02214751401080035	1.0	0.005535954185467577	0.015251132759996473	0.006149159808184352	0.5	1.0	0.00691777262273798	0.007508806062490562	0.005815110220262345	1.0	1.0	0.047139916673515865	1.0	1.0	1.0	0.007195506475082833	0.0063937382520919414	0.051900984081183196	0.00854597822886768	0.585786437626905	0.006905663214592938	1.0	0.03170069602854348	0.007773032919161611	0.009908032696792435	1.0	0.5	0.00814433170629929	0.44948974278317805	1.0
lv	1.0	0.015954046303838357	1.0	0.585786437626905	0.021346637694977386	0.03156125285804872	0.06396914723977468	0.0077487371863097345	0.027264453070700054	0.011408106507720037	0.08263232438108187	0.10320904159048837	0.012618329672723647	0.010175325388148908	0.008586496706175319	0.03826507707349556	0.047139916673515865	1.0	0.18030816435569247	0.17100799366294797	0.44948974278317805	0.018254931249325344	0.00886063679425652	0.04353855333787415	0.011684234106766537	0.05114456280391815	0.013128998451102979	0.585786437626905	0.0493242703343883	0.020906233119433924	0.019702698441452185	0.29893508442482547	0.38742588672279304	0.010520324828316335	0.25921926045307553	0.039156071933423124
mk	1.0	0.01988559701153929	1.0	1.0	0.0973366881823024	0.11220805483670442	1.0	0.011855322204598177	0.07989586177611413	0.027938506659097976	0.585786437626905	1.0	0.04240310330308925	0.013922765500784463	0.014716037446281654	1.0	1.0	0.18030816435569247	1.0	1.0	1.0	0.06048792743812307	0.01895524848621086	0.125845968142326	0.019482790563162405	1.0	0.038109615121091324	1.0	0.122828568570857	0.0507839217870995	0.048498267572291365	1.0	0.4364916731037085	0.04255117966292821	0.44948974278317805	1.0
ml	1.0	0.02745648035902203	1.0	1.0	0.10970636508126681	0.18368518446174903	1.0	0.020726546905564937	0.13623334167497306	0.09024519331009168	0.5	1.0	0.09503982793372268	0.019395798397133467	0.04078976817501756	1.0	1.0	0.17100799366294797	1.0	1.0	1.0	0.11364188252699263	0.047267449467968695	0.1907435698305462	0.04731827659231727	1.0	0.1261319836228832	1.0	0.13565184163711103	0.11764705882352941	0.11476280872257703	1.0	0.36602540378443865	0.0848340152129639	0.585786437626905	1.0
mr	1.0	0.16308953050448227	1.0	1.0	0.32449979983983984	0.36602540378443865	1.0	0.14548268842493628	0.36602540378443865	0.2466060555964672	1.0	1.0	0.3430703308172536	0.22772999919644132	0.2857142857142857	1.0	1.0	0.44948974278317805	1.0	1.0	1.0	0.38742588672279304	0.19248405980003655	0.585786437626905	0.28172904669025317	1.0	0.32449979983983984	1.0	0.34833147735478825	0.585786437626905	0.3090169943749474	1.0	1.0	0.38742588672279304	1.0	1.0
nl	1.0	0.013079594928980696	1.0	0.44948974278317805	0.010968658505548304	0.004336728360580824	0.009360209132129805	0.010133450480866639	0.005639234809326388	0.009459762799417088	0.013538278184811126	0.012933277101428081	0.0071723924180826844	0.008515383069951686	0.009280405904995421	0.003146136811468042	0.007195506475082833	0.018254931249325344	0.06048792743812307	0.11364188252699263	0.38742588672279304	1.0	0.009558415302895803	0.005334015427449056	0.008160122730933044	0.005015598075707994	0.008750075460265386	0.4142135623730951	0.010891462197397271	0.008074885302321474	0.008391407434213466	0.21712927295533244	0.06548741020819361	0.0076502305376898614	0.25	0.0033688078503246797
pl	1.0	0.01824317830423047	1.0	0.3430703308172536	0.012263315869392387	0.004591097323195982	0.007535970329319883	0.01977537549937699	0.00604189884341647	0.013669024270228423	0.008422840403045008	0.007977441654866274	0.011518898175012974	0.018167012118032795	0.01718119449898443	0.0033192073692739376	0.0063937382520919414	0.00886063679425652	0.01895524848621086	0.047267449467968695	0.19248405980003655	0.009558415302895803	1.0	0.005587562979852107	0.0167181932225855	0.00456764415947988	0.011596114463180289	0.3430703308172536	0.010616307277861833	0.01081430379480272	0.009671734625779433	0.10597672907214978	0.16484708315636032	0.013613101298073147	0.20658711810431302	0.0037494119954658463
pt	1.0	0.011355372303194045	1.0	0.5	0.009302275442312208	0.004990112758593368	0.058883696566306654	0.005608475926951712	0.00597136799624095	0.00518380975713782	0.05234978953491117	0.06185917418385635	0.006162270707915785	0.007404436692193174	0.005192949228866419	0.007857166800915333	0.051900984081183196	0.04353855333787415	0.125845968142326	0.1907435698305462	0.585786437626905	0.005334015427449056	0.005587562979852107	1.0	0.005815556806614964	0.003968076095999745	0.005790749560872968	0.5	0.024175556188508626	0.00579610789344461	0.005342022550648594	0.13282360188829542	0.15623493190555798	0.0065165351199070135	0.3660254037844386	0.00795659101714035
ro	1.0	0.017863371026651892	1.0	0.28436465220442186	0.013127233526862696	0.006368886220298221	0.011277290320588775	0.021419485788953987	0.006766594754879696	0.009625080002121346	0.012315508227568802	0.01192881116534095	0.00965478980823998	0.021107957211840504	0.017918509949155233	0.0064966919324562725	0.00854597822886768	0.011684234106766537	0.019482790563162405	0.04731827659231727	0.28172904669025317	0.008160122730933044	0.0167181932225855	0.005815556806614964	1.0	0.005106168332464097	0.011787807628983285	0.3244997998398398	0.01271311889190915	0.008810632287195868	0.011580558219622028	0.05426399688830182	0.40453726661826384	0.011442008040562435	0.20342651452257512	0.006519080504043973
ru	1.0	0.0113086965309853	1.0	1.0	0.009070807840653877	0.006902514059811816	0.585786437626905	0.0035999589747169073	0.005863852187249105	0.0037797609823120343	0.4142135623730951	1.0	0.005675430028749548	0.006670529088597025	0.004339964118706883	0.44948974278317805	0.585786437626905	0.05114456280391815	1.0	1.0	1.0	0.005015598075707994	0.00456764415947988	0.003968076095999745	0.005106168332464097	1.0	0.0024758328550945293	1.0	0.02020190332972515	0.0026395757092365912	0.004064318868348854	1.0	0.15974667297574374	0.006156713792357194	0.5	0.5
sh	0.585786437626905	0.011234930737795292	1.0	0.585786437626905	0.011348362910587804	0.00406673009447239	0.01044921254273574	0.013781476569427367	0.0057547424406343166	0.009961664292342411	0.010721772574720793	0.011833303626139966	0.009155240604936922	0.010325164998547048	0.014684868551130683	0.0033192664498312915	0.006905663214592938	0.013128998451102979	0.038109615121091324	0.1261319836228832	0.32449979983983984	0.008750075460265386	0.011596114463180289	0.005790749560872968	0.011787807628983285	0.0024758328550945293	1.0	0.36602540378443865	0.013381907850198905	0.013583317074826533	0.009906597306679059	0.12544895006666704	0.31264808514230086	0.009765041430402896	0.1469205365318915	0.003401915122302527
si	1.0	0.2041350519664497	1.0	1.0	0.4142135623730951	0.5	1.0	0.27429188517743175	0.39564392373896007	0.585786437626905	1.0	1.0	0.44948974278317805	0.23800671553691075	0.44948974278317805	1.0	1.0	0.585786437626905	1.0	1.0	1.0	0.4142135623730951	0.3430703308172536	0.5	0.3244997998398398	1.0	0.36602540378443865	1.0	0.36602540378443865	0.5	0.5	1.0	1.0	0.5	1.0	1.0
simple	1.0	0.01766216568458534	1.0	0.44948974278317805	0.01972535172159548	0.008885913690143956	0.04364571841619709	0.010364211042536573	0.011540734647997835	0.01003260351387203	0.04118464594019525	0.04794713857828297	0.011456102415246775	0.009732412637520062	0.010449895117457616	0.010906799157208687	0.03170069602854348	0.0493242703343883	0.122828568570857	0.13565184163711103	0.34833147735478825	0.010891462197397271	0.010616307277861833	0.024175556188508626	0.01271311889190915	0.02020190332972515	0.013381907850198905	0.36602540378443865	1.0	0.018216481614481746	0.016028638597036193	0.21498516621900873	0.13840552649774157	0.010611560975532472	0.1894710940602016	0.010889871849315417
sr	1.0	0.010735530601337383	1.0	0.3164309725825328	0.009907805401371506	0.004149933281569642	0.010756020093119207	0.011118688229820282	0.005623314053697548	0.009026151859748713	0.011692078501583813	0.01302835519745158	0.007496249479086508	0.008921335024870787	0.009948239631931014	0.003352354232220867	0.007773032919161611	0.020906233119433924	0.0507839217870995	0.11764705882352941	0.585786437626905	0.008074885302321474	0.01081430379480272	0.00579610789344461	0.008810632287195868	0.0026395757092365912	0.013583317074826533	0.5	0.018216481614481746	1.0	0.00907621516074478	0.10238746510407729	0.44948974278317805	0.008435752862312136	0.2466060555964672	0.0035544447822459585
sv	1.0	0.012889427911134862	1.0	0.5	0.010236976107771805	0.0052053705124267295	0.018358428710475674	0.011129548709707693	0.006020133416882733	0.00803517856705062	0.017629997817719057	0.01664423492035473	0.008340757875238676	0.010670091011273678	0.00913955061278609	0.005822485379018983	0.009908032696792435	0.019702698441452185	0.048498267572291365	0.11476280872257703	0.3090169943749474	0.008391407434213466	0.009671734625779433	0.005342022550648594	0.011580558219622028	0.004064318868348854	0.009906597306679059	0.5	0.016028638597036193	0.00907621516074478	1.0	0.13231996486433337	0.252650308587072	0.008986217454676855	0.20521309615767264	0.0059440394226645335
te	1.0	0.056325733583374164	1.0	1.0	0.15707061676257178	0.21712927295533244	1.0	0.07434999738953721	0.1951941016011038	0.1879524791852023	1.0	1.0	0.2070518364164892	0.056074530504615805	0.0926726848836171	1.0	1.0	0.29893508442482547	1.0	1.0	1.0	0.21712927295533244	0.10597672907214978	0.13282360188829542	0.05426399688830182	1.0	0.12544895006666704	1.0	0.21498516621900873	0.10238746510407729	0.13231996486433337	1.0	0.585786437626905	0.18660549686337075	1.0	1.0
tr	1.0	0.10927917782578497	-1.0	1.0	0.2240092377397959	0.15848231677084568	0.585786437626905	0.11572727146986293	0.15414663755928806	0.14729813805308495	0.585786437626905	0.585786437626905	0.585786437626905	0.1645052894628505	0.1548569718446656	0.22772999919644132	0.5	0.38742588672279304	0.4364916731037085	0.36602540378443865	1.0	0.06548741020819361	0.16484708315636032	0.15623493190555798	0.40453726661826384	0.15974667297574374	0.31264808514230086	1.0	0.13840552649774157	0.44948974278317805	0.252650308587072	0.585786437626905	1.0	0.3090169943749474	1.0	0.28989794855663564
vi	1.0	0.014317924368778283	0.585786437626905	0.44948974278317805	0.014932839039197052	0.004510529639689976	0.010898298735310105	0.01639548421136942	0.0055221466383500355	0.009010550474110705	0.010671602257957467	0.012109310275069337	0.009337735686973016	0.011712658328274313	0.015041779014928999	0.004663096850662129	0.00814433170629929	0.010520324828316335	0.04255117966292821	0.0848340152129639	0.38742588672279304	0.0076502305376898614	0.013613101298073147	0.0065165351199070135	0.011442008040562435	0.006156713792357194	0.009765041430402896	0.5	0.010611560975532472	0.008435752862312136	0.008986217454676855	0.18660549686337075	0.3090169943749474	1.0	0.1951941016011038	0.004618014742772031
war	1.0	0.06516470250167694	1.0	1.0	0.26968623182294527	0.3333333333333333	0.44948974278317805	0.08984403241994986	0.2517564787261065	0.19404996501286384	0.44948974278317805	0.5	0.23874775399470893	0.09464710756745298	0.10975937190381573	0.44948974278317805	0.44948974278317805	0.25921926045307553	0.44948974278317805	0.585786437626905	1.0	0.25	0.20658711810431302	0.3660254037844386	0.20342651452257512	0.5	0.1469205365318915	1.0	0.1894710940602016	0.2466060555964672	0.20521309615767264	1.0	1.0	0.1951941016011038	1.0	0.44948974278317805
zh	1.0	0.01253675232469142	1.0	1.0	0.011676253930521486	0.0030593906879851805	1.0	0.002805186876776228	0.0039004375728563367	0.0028125031048846375	0.38742588672279304	1.0	0.00441260656561462	0.005783346284802153	0.003345967927140027	0.585786437626905	1.0	0.039156071933423124	1.0	1.0	1.0	0.0033688078503246797	0.0037494119954658463	0.00795659101714035	0.006519080504043973	0.5	0.003401915122302527	1.0	0.010889871849315417	0.0035544447822459585	0.0059440394226645335	1.0	0.28989794855663564	0.004618014742772031	0.44948974278317805	1.0
