arz	bs	ceb	ckb	da	de	el	en	es	fr	he	hi	hu	id	it	ja	ko	lv	mk	ml	mr	nl	pl	pt	ro	ru	sh	si	simple	sr	sv	te	vi	war	zh
arz	1.0	0.0004342162396873643	0.0	0.0	0.0	0.00024003840614498319	0.00022904260192395785	3.90335298021e-05	0.0	4.088725339875294e-05	0.0003455425017277125	0.0	0.00026705835224996664	0.00037965072133637056	0.00012940795858945326	0.0	0.00010214504596527068	0.0005184033177812338	0.0	0.0	0.012195121951219513	0.0	0.00011200716845878136	0.000230361667818475	8.182859636681032e-05	0.00012431626056688214	0.0	0.0	0.0	0.0	0.0004302925989672978	0.0	0.0	0.0	0.0
bs	0.0004342162396873643	1.0	0.0	0.0	0.0	0.0	0.0	0.0	0.0	0.0	0.0	0.0	0.0	0.0	0.0	0.0	0.0011037527593818985	0.0	0.0	0.0	0.0	0.0	0.0	0.0	0.0	0.0	0.0	0.0	0.0	0.0	0.0	0.0	0.0	0.0	0.0
ceb	0.0	0.0	0.0	0.0	0.0	0.0	0.0	0.0	0.0	0.0	0.0	0.0	0.0	0.0	0.0	0.0	0.0	0.0	0.0	0.0	0.0	0.0	0.0	0.0	0.0	0.0	0.0	0.0	0.0	0.0	0.0	0.0	0.0	0.0	0.0
ckb	0.0	0.0	0.0	1.0	0.0	0.0	0.0	0.0	0.0	0.0	0.0	0.0	0.0	0.0	0.0	0.0	0.0011013215859030838	0.0	0.0	0.0	0.0	0.004291845493562232	0.0	0.0	0.0	0.0007861635220125787	0.0	0.0	0.0	0.0	0.0	0.0	0.0	0.0	0.0
da	0.0	0.0	0.0	0.0	1.0	0.0	0.013333333333333334	0.0	0.0	0.0	0.0	0.0	0.0	0.0	0.0	0.0	0.0	0.0	0.0	0.0	0.0	0.0040650406504065045	0.0	0.0	0.0	0.0	0.0	0.0	0.0	0.0	0.0	0.0	0.0	0.0	0.0
de	0.00024003840614498319	0.0	0.0	0.0	0.0	1.0	0.0	0.0	0.0	0.0002973535533749628	0.0	0.0	0.0	0.0	0.0	0.0005122950819672131	0.0	0.0	0.0	0.0	0.0	0.0	0.0	0.0005611672278338945	0.0009950248756218905	0.0	0.0	0.0	0.0	0.0	0.0	0.0	0.0	0.0	0.0
el	0.00022904260192395785	0.0	0.0	0.0	0.013333333333333334	0.0	1.0	0.0	0.0	0.0	0.0	0.0	0.0	0.0	0.0	0.0009643201542912247	0.0	0.0	0.0	0.0	0.0	0.0	0.0	0.0	0.0	0.0	0.0	0.0	0.0	0.0	0.0	0.0	0.0	0.0	0.000757002271006813
en	3.90335298021e-05	0.0	0.0	0.0	0.0	0.0	0.0	1.0	0.00017476406850751484	0.0004039316009155783	0.0	0.0	0.0	0.0	0.00045201145095675755	0.00016616816218012627	0.0	0.0	0.0	0.0	0.0	0.0	0.0	0.0003420557550880794	0.0	0.0	0.0	0.0	0.0	0.0	0.0	0.0	0.0	0.0	0.00015867978419549348
es	0.0	0.0	0.0	0.0	0.0	0.0	0.0	0.00017476406850751484	1.0	0.00032071840923669016	0.0022091310751104565	0.0	0.0	0.0	0.0008594757198109154	0.0005858230814294083	0.0	0.0	0.0	0.0	0.0	0.0	0.0	0.0006506180871828237	0.0	0.0005125576627370579	0.0	0.0	0.0	0.0	0.0010214504596527069	0.0	0.0	0.0	0.0
fr	4.088725339875294e-05	0.0	0.0	0.0	0.0	0.0002973535533749628	0.0	0.0004039316009155783	0.00032071840923669016	1.0	0.0	0.0	0.0	0.0	0.000992063492063492	0.0	0.00030358227079538557	0.0	0.0	0.0	0.0	0.0	0.0	0.001234186979327368	0.00040535062829347385	0.001094391244870041	0.0	0.0	0.0	0.0	0.00037230081906180194	0.0	0.0	0.0	0.0005409791723018664
he	0.0003455425017277125	0.0	0.0	0.0	0.0	0.0	0.0	0.0	0.0022091310751104565	0.0	1.0	0.0	0.0	0.0	0.0004391743522178305	0.0	0.0013029315960912053	0.0	0.0	0.0	0.0	0.0	0.0008849557522123894	0.0013468013468013469	0.0	0.0	0.0	0.0	0.0015060240963855422	0.0	0.0	0.0	0.0	0.0	0.0010314595152140279
hi	0.0	0.0	0.0	0.0	0.0	0.0	0.0	0.0	0.0	0.0	0.0	1.0	0.0	0.005988023952095809	0.0	0.0	0.0	0.009009009009009009	0.0	0.0	0.0	0.0	0.0017271157167530224	0.0	0.0	0.0	0.0	0.0	0.0	0.005434782608695652	0.0	0.0	0.0	0.0	0.0
hu	0.00026705835224996664	0.0	0.0	0.0	0.0	0.0	0.0	0.0	0.0	0.0	0.0	0.0	1.0	0.0	0.0	0.0	0.0	0.0	0.0037174721189591076	0.0	0.0	0.0	0.0	0.0	0.0	0.0006724949562878278	0.0	0.0	0.0	0.003105590062111801	0.0	0.0	0.00211864406779661	0.0	0.0
id	0.00037965072133637056	0.0	0.0	0.0	0.0	0.0	0.0	0.0	0.0	0.0	0.0	0.005988023952095809	0.0	1.0	0.0	0.0	0.0010582010582010583	0.014084507042253521	0.0	0.0	0.0	0.0	0.0	0.0	0.0	0.0	0.0	0.0	0.0	0.0	0.0	0.0	0.0	0.0	0.0007412898443291327
it	0.00012940795858945326	0.0	0.0	0.0	0.0	0.0	0.0	0.00045201145095675755	0.0008594757198109154	0.000992063492063492	0.0004391743522178305	0.0	0.0	0.0	1.0	0.0007624857033930614	0.0	0.0	0.0	0.0	0.0	0.0	0.0009537434430138292	0.002449979583503471	0.0	0.0	0.0	0.0	0.0	0.0	0.0	0.0	0.0	0.0	0.0020668274199104374
ja	0.0	0.0	0.0	0.0	0.0	0.0005122950819672131	0.0009643201542912247	0.00016616816218012627	0.0005858230814294083	0.0	0.0	0.0	0.0	0.0	0.0007624857033930614	1.0	0.0010626992561105207	0.0	0.0	0.0	0.0	0.0008278145695364238	0.0006770480704129993	0.001091703056768559	0.0	0.0	0.0	0.0	0.0	0.0	0.000784313725490196	0.0	0.0	0.0	0.00043725404459991256
ko	0.00010214504596527068	0.0011037527593818985	0.0	0.0011013215859030838	0.0	0.0	0.0	0.0	0.0	0.00030358227079538557	0.0013029315960912053	0.0	0.0	0.0010582010582010583	0.0	0.0010626992561105207	1.0	0.0	0.0	0.0	0.0	0.0009191176470588235	0.0	0.0017533606078316774	0.0	0.0004701457451810061	0.0	0.0	0.0	0.0	0.0	0.0	0.0008992805755395684	0.0	0.0009233610341643582
lv	0.0005184033177812338	0.0	0.0	0.0	0.0	0.0	0.0	0.0	0.0	0.0	0.0	0.009009009009009009	0.0	0.014084507042253521	0.0	0.0	0.0	1.0	0.0	0.0	0.0	0.0	0.0	0.0	0.0	0.0	0.0	0.0	0.0	0.0	0.0	0.0	0.0	0.0	0.0
mk	0.0	0.0	0.0	0.0	0.0	0.0	0.0	0.0	0.0	0.0	0.0	0.0	0.0037174721189591076	0.0	0.0	0.0	0.0	0.0	1.0	0.0	0.0	0.0	0.0	0.0	0.0	0.0	0.0	0.0	0.0	0.0	0.0	0.0	0.003875968992248062	0.0	0.0
ml	0.0	0.0	0.0	0.0	0.0	0.0	0.0	0.0	0.0	0.0	0.0	0.0	0.0	0.0	0.0	0.0	0.0	0.0	0.0	1.0	0.0	0.0	0.0	0.0	0.0	0.0	0.0	0.06666666666666667	0.0	0.0	0.0	0.0	0.0	0.0	0.0
mr	0.012195121951219513	0.0	0.0	0.0	0.0	0.0	0.0	0.0	0.0	0.0	0.0	0.0	0.0	0.0	0.0	0.0	0.0	0.0	0.0	0.0	0.0	0.0	0.0	0.0	0.0	0.0	0.0	0.0	0.0	0.0	0.0	0.0	0.0	0.0	0.0
nl	0.0	0.0	0.0	0.004291845493562232	0.0040650406504065045	0.0	0.0	0.0	0.0	0.0	0.0	0.0	0.0	0.0	0.0	0.0008278145695364238	0.0009191176470588235	0.0	0.0	0.0	0.0	1.0	0.0	0.0	0.0	0.0	0.0	0.0	0.0	0.0	0.0	0.0	0.0	0.0	0.0
pl	0.00011200716845878136	0.0	0.0	0.0	0.0	0.0	0.0	0.0	0.0	0.0	0.0008849557522123894	0.0017271157167530224	0.0	0.0	0.0009537434430138292	0.0006770480704129993	0.0	0.0	0.0	0.0	0.0	0.0	1.0	0.0007651109410864575	0.0	0.0005810575246949448	0.0	0.0	0.0	0.0	0.0	0.0	0.0	0.0	0.0
pt	0.000230361667818475	0.0	0.0	0.0	0.0	0.0005611672278338945	0.0	0.0003420557550880794	0.0006506180871828237	0.001234186979327368	0.0013468013468013469	0.0	0.0	0.0	0.002449979583503471	0.001091703056768559	0.0017533606078316774	0.0	0.0	0.0	0.0	0.0	0.0007651109410864575	1.0	0.0	0.00048146364949446316	0.0	0.0	0.0	0.0	0.0018115942028985507	0.0	0.0	0.0	0.0
ro	8.182859636681032e-05	0.0	0.0	0.0	0.0	0.0009950248756218905	0.0	0.0	0.0	0.00040535062829347385	0.0	0.0	0.0	0.0	0.0	0.0	0.0	0.0	0.0	0.0	0.0	0.0	0.0	0.0	1.0	0.0007692307692307692	0.0	0.0	0.0	0.0	0.0	0.0	0.007042253521126761	0.0	0.0
ru	0.00012431626056688214	0.0	0.0	0.0007861635220125787	0.0	0.0	0.0	0.0	0.0005125576627370579	0.001094391244870041	0.0	0.0	0.0006724949562878278	0.0	0.0	0.0	0.0004701457451810061	0.0	0.0	0.0	0.0	0.0	0.0005810575246949448	0.00048146364949446316	0.0007692307692307692	1.0	0.0	0.0	0.0	0.0	0.0	0.0	0.0	0.0	0.0011862396204033216
sh	0.0	0.0	0.0	0.0	0.0	0.0	0.0	0.0	0.0	0.0	0.0	0.0	0.0	0.0	0.0	0.0	0.0	0.0	0.0	0.0	0.0	0.0	0.0	0.0	0.0	0.0	1.0	0.0	0.0	0.0	0.0	0.0	0.0	0.0	0.0
si	0.0	0.0	0.0	0.0	0.0	0.0	0.0	0.0	0.0	0.0	0.0	0.0	0.0	0.0	0.0	0.0	0.0	0.0	0.0	0.06666666666666667	0.0	0.0	0.0	0.0	0.0	0.0	0.0	1.0	0.0	0.0	0.0	0.0	0.0	0.0	0.0
simple	0.0	0.0	0.0	0.0	0.0	0.0	0.0	0.0	0.0	0.0	0.0015060240963855422	0.0	0.0	0.0	0.0	0.0	0.0	0.0	0.0	0.0	0.0	0.0	0.0	0.0	0.0	0.0	0.0	0.0	1.0	0.0	0.0	0.0	0.0	0.0	0.0
sr	0.0	0.0	0.0	0.0	0.0	0.0	0.0	0.0	0.0	0.0	0.0	0.005434782608695652	0.003105590062111801	0.0	0.0	0.0	0.0	0.0	0.0	0.0	0.0	0.0	0.0	0.0	0.0	0.0	0.0	0.0	0.0	1.0	0.0	0.0	0.0	0.0	0.0
sv	0.0004302925989672978	0.0	0.0	0.0	0.0	0.0	0.0	0.0	0.0010214504596527069	0.00037230081906180194	0.0	0.0	0.0	0.0	0.0	0.000784313725490196	0.0	0.0	0.0	0.0	0.0	0.0	0.0	0.0018115942028985507	0.0	0.0	0.0	0.0	0.0	0.0	1.0	0.0	0.0	0.0	0.0
te	0.0	0.0	0.0	0.0	0.0	0.0	0.0	0.0	0.0	0.0	0.0	0.0	0.0	0.0	0.0	0.0	0.0	0.0	0.0	0.0	0.0	0.0	0.0	0.0	0.0	0.0	0.0	0.0	0.0	0.0	0.0	0.0	0.0	0.0	0.0
vi	0.0	0.0	0.0	0.0	0.0	0.0	0.0	0.0	0.0	0.0	0.0	0.0	0.00211864406779661	0.0	0.0	0.0	0.0008992805755395684	0.0	0.003875968992248062	0.0	0.0	0.0	0.0	0.0	0.007042253521126761	0.0	0.0	0.0	0.0	0.0	0.0	0.0	1.0	0.0	0.0
war	0.0	0.0	0.0	0.0	0.0	0.0	0.0	0.0	0.0	0.0	0.0	0.0	0.0	0.0	0.0	0.0	0.0	0.0	0.0	0.0	0.0	0.0	0.0	0.0	0.0	0.0	0.0	0.0	0.0	0.0	0.0	0.0	0.0	0.0	0.0
zh	0.0	0.0	0.0	0.0	0.0	0.0	0.000757002271006813	0.00015867978419549348	0.0	0.0005409791723018664	0.0010314595152140279	0.0	0.0	0.0007412898443291327	0.0020668274199104374	0.00043725404459991256	0.0009233610341643582	0.0	0.0	0.0	0.0	0.0	0.0	0.0	0.0	0.0011862396204033216	0.0	0.0	0.0	0.0	0.0	0.0	0.0	0.0	1.0
