arz	bs	ceb	ckb	da	de	el	en	es	fr	he	hi	hu	id	it	ja	ko	lv	mk	ml	mr	nl	pl	pt	ro	ru	sh	si	simple	sr	sv	te	vi	war	zh
arz	1.0	1.0	0.0	1.0	1.0	1.0	1.0	1.0	1.0	1.0	1.0	1.0	1.0	1.0	1.0	1.0	1.0	1.0	0.0	1.0	0.0	1.0	1.0	1.0	1.0	1.0	0.585786437626905	0.0	1.0	1.0	1.0	0.0	1.0	1.0	1.0
bs	1.0	1.0	1.0	1.0	0.585786437626905	0.5	1.0	0.5	0.5	0.585786437626905	0.585786437626905	1.0	0.5	0.5	0.44948974278317805	0.585786437626905	0.585786437626905	0.585786437626905	1.0	1.0	1.0	0.585786437626905	0.585786437626905	0.2239762552453112	1.0	0.5	0.12997781798323116	0.0	1.0	0.44948974278317805	0.38742588672279304	1.0	0.585786437626905	1.0	0.585786437626905
ceb	0.0	1.0	1.0	1.0	1.0	1.0	1.0	1.0	1.0	1.0	1.0	1.0	1.0	1.0	1.0	1.0	1.0	1.0	0.0	1.0	0.0	1.0	1.0	1.0	1.0	0.0	1.0	0.0	1.0	1.0	1.0	1.0	1.0	0.0	1.0
ckb	1.0	1.0	1.0	1.0	1.0	1.0	1.0	0.2857142857142857	0.585786437626905	1.0	1.0	1.0	0.3430703308172536	1.0	0.39564392373896007	1.0	1.0	0.585786437626905	1.0	1.0	1.0	0.585786437626905	0.5	0.23669181907653403	1.0	1.0	0.15102574277849928	1.0	0.585786437626905	0.5	1.0	1.0	1.0	1.0	1.0
da	1.0	0.585786437626905	1.0	1.0	1.0	0.19581332489515024	0.585786437626905	0.07057772567800097	0.21712927295533244	0.19329916803145003	0.38742588672279304	1.0	0.26427884169111276	0.25728427444747215	0.14600036634471605	0.3164309725825328	0.4142135623730951	0.44948974278317805	1.0	0.585786437626905	1.0	0.2898979485566356	0.2498248219456554	0.04642311087456048	0.3660254037844386	0.3660254037844386	0.050751428232188395	1.0	0.3090169943749474	0.12840936948595374	0.19636040545626823	1.0	0.4142135623730951	1.0	0.4142135623730951
de	1.0	0.5	1.0	1.0	0.19581332489515024	1.0	0.5	0.0158226487153634	0.08178984414938996	0.05742131001932312	0.2216368750839041	0.5	0.18581211318908403	0.15278212615814146	0.024599175342036834	0.1486518372739164	0.22901628833426058	0.4142135623730951	0.585786437626905	0.44948974278317805	1.0	0.08912208340080117	0.11308729249147967	0.018036105636096745	0.3333333333333333	0.15776505912784203	0.033611349554263176	1.0	0.22901628833426058	0.05297534418407457	0.0827478944713656	0.585786437626905	0.2674788903885893	1.0	0.16089167649473737
el	1.0	1.0	1.0	1.0	0.585786437626905	0.5	1.0	0.16015261286229274	0.44948974278317805	0.2742918851774318	1.0	1.0	0.29429805508554946	0.29429805508554946	0.23441237831492112	1.0	1.0	0.5	1.0	1.0	1.0	0.4142135623730951	0.44948974278317805	0.07371463782001157	0.585786437626905	0.585786437626905	0.07525470484963005	1.0	0.44948974278317805	0.2612038749637414	0.44948974278317805	1.0	1.0	1.0	1.0
en	1.0	0.5	1.0	0.2857142857142857	0.07057772567800097	0.0158226487153634	0.16015261286229274	1.0	0.013751689686326802	0.015081116628408414	0.03563641475551911	0.19404996501286384	0.1478864632408439	0.03794572655917083	0.023941345268387686	0.023369022621557076	0.032420588401770666	0.2402530733520421	0.585786437626905	0.2791745113185196	0.5	0.02059688160768767	0.016919364467175273	0.03652338677450596	0.08124270816298094	0.01838249511684346	0.04278776570647368	1.0	0.07623018970369089	0.02920483754830225	0.020315387135988624	0.22400923773979584	0.06800864031317301	0.585786437626905	0.026354087086225973
es	1.0	0.5	1.0	0.585786437626905	0.21712927295533244	0.08178984414938996	0.44948974278317805	0.013751689686326802	1.0	0.047624151730544226	0.1827439976315568	0.36602540378443865	0.2240092377397959	0.13455016516525797	0.022258610748532016	0.16722520332754173	0.21239994067041815	0.4142135623730951	0.5	0.4364916731037085	1.0	0.06993706468030514	0.08456813895508576	0.01655864621445949	0.25355482027512377	0.11087875188578654	0.03478517610946787	1.0	0.2193450929151803	0.04341286735378393	0.0628938408236853	0.585786437626905	0.23874775399470888	1.0	0.2193450929151803
fr	1.0	0.585786437626905	1.0	1.0	0.19329916803145003	0.05742131001932312	0.2742918851774318	0.015081116628408414	0.047624151730544226	1.0	0.13074787165365426	0.32449979983983984	0.18947109406020157	0.14342762372277806	0.024153890367801287	0.11519216806670013	0.16597681693032765	0.34833147735478825	0.5	0.4142135623730951	0.585786437626905	0.0670289730038375	0.08104771158500243	0.01756107093539305	0.2592192604530755	0.07502535103270168	0.033850879707082795	1.0	0.1583512993162321	0.042321138083937296	0.08376230342011663	0.38742588672279304	0.2240092377397959	1.0	0.1907435698305462
he	1.0	0.585786437626905	1.0	1.0	0.38742588672279304	0.2216368750839041	1.0	0.03563641475551911	0.1827439976315568	0.13074787165365426	1.0	1.0	0.19612533584707845	0.26533119314590375	0.05673140112014719	1.0	1.0	0.5	1.0	1.0	1.0	0.1975496259559987	0.2466060555964672	0.026406333309565887	0.44948974278317805	0.5	0.037487070494395036	1.0	0.28436465220442186	0.08805795377509637	0.12627576003304583	1.0	1.0	1.0	1.0
hi	1.0	1.0	1.0	1.0	1.0	0.5	1.0	0.19404996501286384	0.36602540378443865	0.32449979983983984	1.0	1.0	0.36602540378443865	0.44948974278317805	0.26968623182294527	1.0	1.0	1.0	1.0	1.0	1.0	1.0	0.5	0.06373432375588027	0.4364916731037085	0.585786437626905	0.0920679632380053	1.0	0.585786437626905	0.2204812092115424	0.38742588672279304	1.0	0.585786437626905	1.0	1.0
hu	1.0	0.5	1.0	0.3430703308172536	0.26427884169111276	0.18581211318908403	0.29429805508554946	0.1478864632408439	0.2240092377397959	0.18947109406020157	0.19612533584707845	0.36602540378443865	1.0	0.2204812092115424	0.17068215196059522	0.2402530733520421	0.2474401533514073	0.44948974278317805	0.5	0.4142135623730951	0.585786437626905	0.20151854090012178	0.21712927295533244	0.09711678003660124	0.25	0.1951941016011038	0.07502960317735317	1.0	0.2928060946961875	0.1670671472030553	0.20151854090012178	0.5	0.2674788903885893	0.585786437626905	0.2240092377397959
id	1.0	0.5	1.0	1.0	0.25728427444747215	0.15278212615814146	0.29429805508554946	0.03794572655917083	0.13455016516525797	0.14342762372277806	0.26533119314590375	0.44948974278317805	0.2204812092115424	1.0	0.08965116447184594	0.23441237831492112	0.27429188517743175	0.4142135623730951	0.5	0.5	1.0	0.15954492995986427	0.16440202257687123	0.030063046552132724	0.2632403810669918	0.23156573164840064	0.04112956497583898	1.0	0.2817290466902531	0.12382704388800973	0.14328432723886902	0.585786437626905	0.33333333333333326	1.0	0.24336073281110826
it	1.0	0.44948974278317805	1.0	0.39564392373896007	0.14600036634471605	0.024599175342036834	0.23441237831492112	0.023941345268387686	0.022258610748532016	0.024153890367801287	0.05673140112014719	0.26968623182294527	0.17068215196059522	0.08965116447184594	1.0	0.043506931438399864	0.10972402513766669	0.2449655295864104	0.4142135623730951	0.28436465220442186	1.0	0.02913835243793547	0.02556786553053389	0.02630699224779553	0.16694518744560083	0.05083226427854764	0.03528832856974398	1.0	0.13076011789737726	0.04089936357590984	0.031289939512625715	0.4364916731037085	0.15042098700897008	1.0	0.08521186237892293
ja	1.0	0.585786437626905	1.0	1.0	0.3164309725825328	0.1486518372739164	1.0	0.023369022621557076	0.16722520332754173	0.11519216806670013	1.0	1.0	0.2402530733520421	0.23441237831492112	0.043506931438399864	1.0	1.0	0.5	1.0	1.0	1.0	0.12664554319029023	0.19292728076790167	0.024256450976727413	0.3430703308172536	0.5	0.03735776388152375	1.0	0.34833147735478825	0.07698479025066059	0.10171118008217982	1.0	0.585786437626905	1.0	1.0
ko	1.0	0.585786437626905	1.0	1.0	0.4142135623730951	0.22901628833426058	1.0	0.032420588401770666	0.21239994067041815	0.16597681693032765	1.0	1.0	0.2474401533514073	0.27429188517743175	0.10972402513766669	1.0	1.0	0.5	1.0	1.0	1.0	0.25728427444747215	0.24660605559646726	0.02906736415364716	0.36602540378443865	0.5	0.04212719767791501	1.0	0.28436465220442186	0.07598561026052977	0.14072212813513787	1.0	1.0	1.0	1.0
lv	1.0	0.585786437626905	1.0	0.585786437626905	0.44948974278317805	0.4142135623730951	0.5	0.2402530733520421	0.4142135623730951	0.34833147735478825	0.5	1.0	0.44948974278317805	0.4142135623730951	0.2449655295864104	0.5	0.5	1.0	1.0	1.0	1.0	0.44948974278317805	0.3380788308512194	0.20951439733002103	0.38742588672279304	0.4142135623730951	0.08326884145598731	1.0	0.44948974278317805	0.2989350844248255	0.3203772410170407	1.0	0.585786437626905	1.0	0.5
mk	0.0	1.0	0.0	1.0	1.0	0.585786437626905	1.0	0.585786437626905	0.5	0.5	1.0	1.0	0.5	0.5	0.4142135623730951	1.0	1.0	1.0	1.0	1.0	1.0	1.0	1.0	0.28436465220442186	1.0	0.585786437626905	0.16089167649473737	1.0	0.585786437626905	0.585786437626905	0.585786437626905	1.0	1.0	1.0	1.0
ml	1.0	1.0	1.0	1.0	0.585786437626905	0.44948974278317805	1.0	0.2791745113185196	0.4364916731037085	0.4142135623730951	1.0	1.0	0.4142135623730951	0.5	0.28436465220442186	1.0	1.0	1.0	1.0	1.0	1.0	0.5	0.36602540378443865	0.10484929033878544	0.5	0.585786437626905	0.09166246207273658	1.0	0.5	0.30901699437494745	0.38742588672279304	1.0	1.0	1.0	1.0
mr	0.0	1.0	0.0	1.0	1.0	1.0	1.0	0.5	1.0	0.585786437626905	1.0	1.0	0.585786437626905	1.0	1.0	1.0	1.0	1.0	1.0	1.0	1.0	1.0	1.0	0.4364916731037085	0.585786437626905	1.0	0.2222222222222222	1.0	0.585786437626905	0.585786437626905	1.0	1.0	1.0	1.0	1.0
nl	1.0	0.585786437626905	1.0	0.585786437626905	0.2898979485566356	0.08912208340080117	0.4142135623730951	0.02059688160768767	0.06993706468030514	0.0670289730038375	0.1975496259559987	1.0	0.20151854090012178	0.15954492995986427	0.02913835243793547	0.12664554319029023	0.25728427444747215	0.44948974278317805	1.0	0.5	1.0	1.0	0.09891617239822866	0.022708598680103352	0.29429805508554946	0.13531623023163863	0.03566545706160842	1.0	0.19636040545626823	0.07109735420426432	0.07829624289584962	0.585786437626905	0.32881309020609956	1.0	0.2612038749637415
pl	1.0	0.585786437626905	1.0	0.5	0.2498248219456554	0.11308729249147967	0.44948974278317805	0.016919364467175273	0.08456813895508576	0.08104771158500243	0.2466060555964672	0.5	0.21712927295533244	0.16440202257687123	0.02556786553053389	0.19292728076790167	0.24660605559646726	0.3380788308512194	1.0	0.36602540378443865	1.0	0.09891617239822866	1.0	0.01967732941625182	0.2612038749637415	0.1524674529724053	0.03556706021751791	1.0	0.23441237831492112	0.05753589209986581	0.0718209525924501	1.0	0.2928060946961875	0.585786437626905	0.19803190560151412
pt	1.0	0.2239762552453112	1.0	0.23669181907653403	0.04642311087456048	0.018036105636096745	0.07371463782001157	0.03652338677450596	0.01655864621445949	0.01756107093539305	0.026406333309565887	0.06373432375588027	0.09711678003660124	0.030063046552132724	0.02630699224779553	0.024256450976727413	0.02906736415364716	0.20951439733002103	0.28436465220442186	0.10484929033878544	0.4364916731037085	0.022708598680103352	0.01967732941625182	1.0	0.058253869523527596	0.02180229355135924	0.1097218703237164	1.0	0.04769561943006078	0.027964650241480836	0.02187985924459733	0.17305757537147254	0.036588152811307305	1.0	0.024821654820827477
ro	1.0	1.0	1.0	1.0	0.3660254037844386	0.3333333333333333	0.585786437626905	0.08124270816298094	0.25355482027512377	0.2592192604530755	0.44948974278317805	0.4364916731037085	0.25	0.2632403810669918	0.16694518744560083	0.3430703308172536	0.36602540378443865	0.38742588672279304	1.0	0.5	0.585786437626905	0.29429805508554946	0.2612038749637415	0.058253869523527596	1.0	0.32881309020609956	0.055515277212555635	1.0	0.4142135623730951	0.1907435698305462	0.2553967929896867	1.0	0.44948974278317805	1.0	0.3430703308172536
ru	1.0	0.5	0.0	1.0	0.3660254037844386	0.15776505912784203	0.585786437626905	0.01838249511684346	0.11087875188578654	0.07502535103270168	0.5	0.585786437626905	0.1951941016011038	0.23156573164840064	0.05083226427854764	0.5	0.5	0.4142135623730951	0.585786437626905	0.585786437626905	1.0	0.13531623023163863	0.1524674529724053	0.02180229355135924	0.32881309020609956	1.0	0.036538926686234846	1.0	0.28708594921778513	0.05296423539610638	0.10912851696680732	1.0	0.5	1.0	0.585786437626905
sh	0.585786437626905	0.12997781798323116	1.0	0.15102574277849928	0.050751428232188395	0.033611349554263176	0.07525470484963005	0.04278776570647368	0.03478517610946787	0.033850879707082795	0.037487070494395036	0.0920679632380053	0.07502960317735317	0.04112956497583898	0.03528832856974398	0.03735776388152375	0.04212719767791501	0.08326884145598731	0.16089167649473737	0.09166246207273658	0.2222222222222222	0.03566545706160842	0.03556706021751791	0.1097218703237164	0.055515277212555635	0.036538926686234846	1.0	1.0	0.06243172194553352	0.03519702123358249	0.036839266339719255	0.1256753344381948	0.056582425994704214	0.39564392373896007	0.03967083226294087
si	0.0	0.0	0.0	1.0	1.0	1.0	1.0	1.0	1.0	1.0	1.0	1.0	1.0	1.0	1.0	1.0	1.0	1.0	1.0	1.0	1.0	1.0	1.0	1.0	1.0	1.0	1.0	1.0	1.0	1.0	1.0	1.0	1.0	1.0	1.0
simple	1.0	1.0	1.0	0.585786437626905	0.3090169943749474	0.22901628833426058	0.44948974278317805	0.07623018970369089	0.2193450929151803	0.1583512993162321	0.28436465220442186	0.585786437626905	0.2928060946961875	0.2817290466902531	0.13076011789737726	0.34833147735478825	0.28436465220442186	0.44948974278317805	0.585786437626905	0.5	0.585786437626905	0.19636040545626823	0.23441237831492112	0.04769561943006078	0.4142135623730951	0.28708594921778513	0.06243172194553352	1.0	1.0	0.15941695521832744	0.16855212267069633	0.5	0.44948974278317805	0.585786437626905	0.28436465220442186
sr	1.0	0.44948974278317805	1.0	0.5	0.12840936948595374	0.05297534418407457	0.2612038749637414	0.02920483754830225	0.04341286735378393	0.042321138083937296	0.08805795377509637	0.2204812092115424	0.1670671472030553	0.12382704388800973	0.04089936357590984	0.07698479025066059	0.07598561026052977	0.2989350844248255	0.585786437626905	0.30901699437494745	0.585786437626905	0.07109735420426432	0.05753589209986581	0.027964650241480836	0.1907435698305462	0.05296423539610638	0.03519702123358249	1.0	0.15941695521832744	1.0	0.05528957642607036	0.44948974278317805	0.12043886815418244	1.0	0.07968883446610839
sv	1.0	0.38742588672279304	1.0	1.0	0.19636040545626823	0.0827478944713656	0.44948974278317805	0.020315387135988624	0.0628938408236853	0.08376230342011663	0.12627576003304583	0.38742588672279304	0.20151854090012178	0.14328432723886902	0.031289939512625715	0.10171118008217982	0.14072212813513787	0.3203772410170407	0.585786437626905	0.38742588672279304	1.0	0.07829624289584962	0.0718209525924501	0.02187985924459733	0.2553967929896867	0.10912851696680732	0.036839266339719255	1.0	0.16855212267069633	0.05528957642607036	1.0	0.3797958971132712	0.18163482541075254	1.0	0.1373774050248023
te	0.0	1.0	1.0	1.0	1.0	0.585786437626905	1.0	0.22400923773979584	0.585786437626905	0.38742588672279304	1.0	1.0	0.5	0.585786437626905	0.4364916731037085	1.0	1.0	1.0	1.0	1.0	1.0	0.585786437626905	1.0	0.17305757537147254	1.0	1.0	0.1256753344381948	1.0	0.5	0.44948974278317805	0.3797958971132712	1.0	1.0	1.0	1.0
vi	1.0	0.585786437626905	1.0	1.0	0.4142135623730951	0.2674788903885893	1.0	0.06800864031317301	0.23874775399470888	0.2240092377397959	1.0	0.585786437626905	0.2674788903885893	0.33333333333333326	0.15042098700897008	0.585786437626905	1.0	0.585786437626905	1.0	1.0	1.0	0.32881309020609956	0.2928060946961875	0.036588152811307305	0.44948974278317805	0.5	0.056582425994704214	1.0	0.44948974278317805	0.12043886815418244	0.18163482541075254	1.0	1.0	1.0	0.585786437626905
war	1.0	1.0	0.0	1.0	1.0	1.0	1.0	0.585786437626905	1.0	1.0	1.0	1.0	0.585786437626905	1.0	1.0	1.0	1.0	1.0	1.0	1.0	1.0	1.0	0.585786437626905	1.0	1.0	1.0	0.39564392373896007	1.0	0.585786437626905	1.0	1.0	1.0	1.0	1.0	1.0
zh	1.0	0.585786437626905	1.0	1.0	0.4142135623730951	0.16089167649473737	1.0	0.026354087086225973	0.2193450929151803	0.1907435698305462	1.0	1.0	0.2240092377397959	0.24336073281110826	0.08521186237892293	1.0	1.0	0.5	1.0	1.0	1.0	0.2612038749637415	0.19803190560151412	0.024821654820827477	0.3430703308172536	0.585786437626905	0.03967083226294087	1.0	0.28436465220442186	0.07968883446610839	0.1373774050248023	1.0	0.585786437626905	1.0	1.0
