arz	bs	ceb	ckb	da	de	el	en	es	fr	he	hi	hu	id	it	ja	ko	lv	mk	ml	mr	nl	pl	pt	ro	ru	sh	si	simple	sr	sv	te	vi	war	zh
arz	1.0	0.0	0.0	0.0	1.0	1.0	1.0	1.0	1.0	1.0	0.0	1.0	1.0	1.0	1.0	1.0	1.0	1.0	0.0	1.0	0.0	1.0	1.0	1.0	1.0	1.0	1.0	0.0	1.0	1.0	1.0	0.0	1.0	0.0	1.0
bs	0.0	1.0	1.0	1.0	1.0	1.0	1.0	1.0	1.0	0.8216064286890065	1.0	1.0	1.0	1.0	1.0	1.0	1.0	1.0	1.0	1.0	1.0	1.0	1.0	1.0	1.0	1.0	1.0	0.0	1.0	1.0	1.0	1.0	1.0	0.0	1.0
ceb	0.0	1.0	1.0	1.0	1.0	1.0	1.0	1.0	1.0	1.0	1.0	1.0	1.0	1.0	1.0	1.0	1.0	1.0	0.0	1.0	0.0	1.0	1.0	1.0	1.0	0.0	1.0	0.0	1.0	1.0	1.0	1.0	1.0	0.0	1.0
ckb	0.0	1.0	1.0	1.0	0.485421025949995	1.0	1.0	0.6430922276386255	0.7690990303325336	0.7690990303325336	1.0	1.0	1.0	1.0	0.7690990303325336	1.0	1.0	1.0	1.0	0.0	1.0	1.0	0.7690990303325336	0.7690990303325336	1.0	1.0	0.7690990303325336	1.0	1.0	1.0	1.0	1.0	1.0	0.0	1.0
da	1.0	1.0	1.0	0.485421025949995	1.0	0.22226162296573745	0.6704675947063354	0.25710348891631885	0.29542277463474315	0.27429778832110735	0.3638756213371943	0.3619438531239752	0.6420340903342372	0.3024173065533614	0.24226623318931026	0.288605339017916	0.2810189173795067	0.7176749122208206	1.0	1.0	0.8216064286890065	0.30857868042308734	0.28003563830625666	0.3007508103211247	0.40203288423908784	0.3158596125772327	0.318140124081816	1.0	0.6483822493131215	0.3679645981578622	0.32461908100962056	1.0	0.5614892562956179	1.0	0.27872114946172877
de	1.0	1.0	1.0	1.0	0.22226162296573745	1.0	0.3342392067377009	0.20155984308958355	0.22106622191521408	0.22421227386287018	0.5162569899161559	0.7411828468492556	0.41044853043659535	0.2974728037850903	0.2417498862030251	0.40913894356531777	0.41638950852933354	0.7455134344225701	1.0	1.0	1.0	0.2344915123460136	0.1989134524416729	0.17176292880960664	0.5788776975853104	0.21077049693842848	0.2554236200614649	1.0	0.576203166966615	0.34185587877600987	0.3319166794445839	1.0	0.5729963700113877	1.0	0.3840715433708922
el	1.0	1.0	1.0	1.0	0.6704675947063354	0.3342392067377009	1.0	0.32961113638592276	0.5461801650210423	0.6415552792939486	1.0	1.0	0.5498830412438557	0.7257120346900999	0.43415329748990955	1.0	1.0	1.0	1.0	1.0	1.0	0.5778491880535417	0.7347168825662656	0.3852549575330615	1.0	1.0	0.48264212278612456	1.0	1.0	1.0	0.7347168825662656	1.0	0.7584325078215765	1.0	1.0
en	1.0	1.0	1.0	0.6430922276386255	0.25710348891631885	0.20155984308958355	0.32961113638592276	1.0	0.17712466313145397	0.2376651881492733	0.3332103500644599	0.35510356185672964	0.3657740571301622	0.3234409427279837	0.28276133318657976	0.3729851157601277	0.30584447831214434	0.5381841341761517	1.0	0.8216064286890065	0.5660160774121898	0.23089301980996216	0.3054870018983752	0.2237677492428642	0.33825731407005505	0.37434530910747577	0.29850993855989144	1.0	0.31575799945335475	0.43595395336046794	0.3384019361903756	0.6474174536628079	0.3880417231750786	1.0	0.4227177016478552
es	1.0	1.0	1.0	0.7690990303325336	0.29542277463474315	0.22106622191521408	0.5461801650210423	0.17712466313145397	1.0	0.16613461490762638	0.5846121757015684	0.34272031014857335	0.24967754508810855	0.35357644068510524	0.22266480638482258	0.20530769161507834	0.41133485835265093	0.42489828324440826	1.0	1.0	1.0	0.2672116903618709	0.3093551298674562	0.19636538331875156	0.40821201221384623	0.19313484180456567	0.24601650558236887	1.0	0.33891989345547846	0.4587016343915969	0.38210180664447124	0.7322034805959263	0.6740515375688697	1.0	0.24496567206520223
fr	1.0	0.8216064286890065	1.0	0.7690990303325336	0.27429778832110735	0.22421227386287018	0.6415552792939486	0.2376651881492733	0.16613461490762638	1.0	0.4878874977692354	0.7173869854085879	0.3787296887269131	0.3244366580771685	0.22617127788171904	0.3479932595530463	0.4056516037927269	0.6994017365373274	0.8216064286890065	1.0	1.0	0.23278960029967422	0.28906022682613475	0.20727516911160032	0.4277407833122391	0.28745745452159466	0.3602832204448105	1.0	0.5398042811797237	0.4834910533590677	0.33145760746571196	0.6786291688147437	0.6836760621010344	1.0	0.38891284308587054
he	0.0	1.0	1.0	1.0	0.3638756213371943	0.5162569899161559	1.0	0.3332103500644599	0.5846121757015684	0.4878874977692354	1.0	1.0	0.5541667273998147	0.7322034805959264	0.38456354683003685	1.0	1.0	1.0	1.0	1.0	1.0	0.3970505397741425	0.42604054119215995	0.32911611164178034	0.35138105449389756	1.0	0.42117967297911757	1.0	0.7411828468492556	1.0	0.6376021219571719	1.0	1.0	1.0	1.0
hi	1.0	1.0	1.0	1.0	0.3619438531239752	0.7411828468492556	1.0	0.35510356185672964	0.34272031014857335	0.7173869854085879	1.0	1.0	1.0	1.0	0.3354902275807611	1.0	1.0	1.0	1.0	1.0	1.0	1.0	0.629896233114065	0.5687921877999842	1.0	1.0	0.5317374213785858	1.0	0.7455134344225701	1.0	0.6994017365373274	1.0	1.0	0.0	1.0
hu	1.0	1.0	1.0	1.0	0.6420340903342372	0.41044853043659535	0.5498830412438557	0.3657740571301622	0.24967754508810855	0.3787296887269131	0.5541667273998147	1.0	1.0	0.4800879838453276	0.33170413940993015	0.5647664640579516	0.6197078367465914	0.7510341748895938	1.0	1.0	0.8216064286890065	0.4895015850994181	0.46406242873815495	0.37838049221241027	0.601693321190544	0.49102494707181793	0.39685748152008576	1.0	0.7455134344225701	0.581818670085183	0.6374639328514361	0.8137822343553781	0.6684560499369148	1.0	0.6357637595949256
id	1.0	1.0	1.0	1.0	0.3024173065533614	0.2974728037850903	0.7257120346900999	0.3234409427279837	0.35357644068510524	0.3244366580771685	0.7322034805959264	1.0	0.4800879838453276	1.0	0.31110899897812494	0.462344205130944	0.5327024740752386	1.0	1.0	1.0	1.0	0.3935452871204012	0.3429125468944915	0.31137268247470923	0.49309177980728264	0.4061428622679088	0.3353667245535629	1.0	0.6538836485984505	0.5784677670455386	0.3755412727417193	0.7376607345031153	0.7411828468492555	1.0	0.4269318999857204
it	1.0	1.0	1.0	0.7690990303325336	0.24226623318931026	0.2417498862030251	0.43415329748990955	0.28276133318657976	0.22266480638482258	0.22617127788171904	0.38456354683003685	0.3354902275807611	0.33170413940993015	0.31110899897812494	1.0	0.3439883327221197	0.3330097369879027	0.414522408434072	1.0	1.0	1.0	0.2824259892394795	0.27005819533288966	0.2181405086873138	0.48067761123275515	0.3216800567180521	0.26724855531871333	1.0	0.39535503375969944	0.4047285137642654	0.2581434040460468	0.6016441419741769	0.2690125756922561	1.0	0.34066561691514824
ja	1.0	1.0	1.0	1.0	0.288605339017916	0.40913894356531777	1.0	0.3729851157601277	0.20530769161507834	0.3479932595530463	1.0	1.0	0.5647664640579516	0.462344205130944	0.3439883327221197	1.0	0.6351230907290178	1.0	1.0	1.0	1.0	0.456905962133955	0.4125599043124004	0.266670356740698	0.5402545833047074	0.7141080454298697	0.4122950582053952	1.0	0.5973484481370076	1.0	0.45877248418189015	1.0	0.7376607345031153	1.0	0.7128329397683223
ko	1.0	1.0	1.0	1.0	0.2810189173795067	0.41638950852933354	1.0	0.30584447831214434	0.41133485835265093	0.4056516037927269	1.0	1.0	0.6197078367465914	0.5327024740752386	0.3330097369879027	0.6351230907290178	1.0	1.0	1.0	1.0	1.0	0.40175635870469417	0.45124173301452253	0.4098813788323699	0.5402545833047074	1.0	0.3992781100442654	1.0	0.5973484481370076	1.0	0.4390319764141068	1.0	0.7376607345031153	1.0	0.7155258672934655
lv	1.0	1.0	1.0	1.0	0.7176749122208206	0.7455134344225701	1.0	0.5381841341761517	0.42489828324440826	0.6994017365373274	1.0	1.0	0.7510341748895938	1.0	0.414522408434072	1.0	1.0	1.0	1.0	1.0	1.0	0.7455134344225701	1.0	0.7455134344225701	1.0	1.0	0.6003836523381543	1.0	1.0	1.0	0.7510341748895938	1.0	0.7584325078215765	1.0	1.0
mk	0.0	1.0	0.0	1.0	1.0	1.0	1.0	1.0	1.0	0.8216064286890065	1.0	1.0	1.0	1.0	1.0	1.0	1.0	1.0	1.0	1.0	1.0	1.0	1.0	1.0	1.0	1.0	1.0	1.0	1.0	1.0	1.0	1.0	1.0	0.0	1.0
ml	1.0	1.0	1.0	0.0	1.0	1.0	1.0	0.8216064286890065	1.0	1.0	1.0	1.0	1.0	1.0	1.0	1.0	1.0	1.0	1.0	1.0	0.0	1.0	1.0	1.0	1.0	1.0	0.8216064286890065	1.0	1.0	1.0	1.0	1.0	1.0	0.0	1.0
mr	0.0	1.0	0.0	1.0	0.8216064286890065	1.0	1.0	0.5660160774121898	1.0	1.0	1.0	1.0	0.8216064286890065	1.0	1.0	1.0	1.0	1.0	1.0	0.0	1.0	1.0	1.0	0.8216064286890065	1.0	1.0	0.953225785585603	1.0	1.0	1.0	1.0	1.0	1.0	1.0	1.0
nl	1.0	1.0	1.0	1.0	0.30857868042308734	0.2344915123460136	0.5778491880535417	0.23089301980996216	0.2672116903618709	0.23278960029967422	0.3970505397741425	1.0	0.4895015850994181	0.3935452871204012	0.2824259892394795	0.456905962133955	0.40175635870469417	0.7455134344225701	1.0	1.0	1.0	1.0	0.3231538405741344	0.21195207605331967	0.34653510032345824	0.3125392938269533	0.3787189266394956	1.0	0.5017137174824184	0.49867703831627475	0.3341687108130763	0.6044414021866646	0.6562661056221564	1.0	0.4683989843423752
pl	1.0	1.0	1.0	0.7690990303325336	0.28003563830625666	0.1989134524416729	0.7347168825662656	0.3054870018983752	0.3093551298674562	0.28906022682613475	0.42604054119215995	0.629896233114065	0.46406242873815495	0.3429125468944915	0.27005819533288966	0.4125599043124004	0.45124173301452253	1.0	1.0	1.0	1.0	0.3231538405741344	1.0	0.24784913026429528	0.4188565252035989	0.3215561748168253	0.3025283316466455	0.8216064286890065	0.6740515375688696	0.5716981509095984	0.386545246932812	0.6786291688147438	0.5830800197445049	1.0	0.4422302412278947
pt	1.0	1.0	1.0	0.7690990303325336	0.3007508103211247	0.17176292880960664	0.3852549575330615	0.2237677492428642	0.19636538331875156	0.20727516911160032	0.32911611164178034	0.5687921877999842	0.37838049221241027	0.31137268247470923	0.2181405086873138	0.266670356740698	0.4098813788323699	0.7455134344225701	1.0	1.0	0.8216064286890065	0.21195207605331967	0.24784913026429528	1.0	0.3648292808035751	0.229946171980463	0.2905005958923167	1.0	0.535134426844325	0.3288355926214461	0.33955434672469853	0.28922379110278057	0.5212832584194946	1.0	0.2861841679986227
ro	1.0	1.0	1.0	1.0	0.40203288423908784	0.5788776975853104	1.0	0.33825731407005505	0.40821201221384623	0.4277407833122391	0.35138105449389756	1.0	0.601693321190544	0.49309177980728264	0.48067761123275515	0.5402545833047074	0.5402545833047074	1.0	1.0	1.0	1.0	0.34653510032345824	0.4188565252035989	0.3648292808035751	1.0	0.46298824052774556	0.4098080244895627	1.0	0.35797534024006966	0.5380129457918053	0.42473310136048364	1.0	0.7584325078215765	1.0	0.6342607171472346
ru	1.0	1.0	0.0	1.0	0.3158596125772327	0.21077049693842848	1.0	0.37434530910747577	0.19313484180456567	0.28745745452159466	1.0	1.0	0.49102494707181793	0.4061428622679088	0.3216800567180521	0.7141080454298697	1.0	1.0	1.0	1.0	1.0	0.3125392938269533	0.3215561748168253	0.229946171980463	0.46298824052774556	1.0	0.3720518424777292	1.0	0.5973484481370076	1.0	0.4553468370937901	1.0	0.7376607345031153	1.0	1.0
sh	1.0	1.0	1.0	0.7690990303325336	0.318140124081816	0.2554236200614649	0.48264212278612456	0.29850993855989144	0.24601650558236887	0.3602832204448105	0.42117967297911757	0.5317374213785858	0.39685748152008576	0.3353667245535629	0.26724855531871333	0.4122950582053952	0.3992781100442654	0.6003836523381543	1.0	0.8216064286890065	0.953225785585603	0.3787189266394956	0.3025283316466455	0.2905005958923167	0.4098080244895627	0.3720518424777292	1.0	1.0	0.524299301495882	0.49441901707360286	0.4579558593876055	0.6050310125230591	0.592703248603461	1.0	0.42709264713394024
si	0.0	0.0	0.0	1.0	1.0	1.0	1.0	1.0	1.0	1.0	1.0	1.0	1.0	1.0	1.0	1.0	1.0	1.0	1.0	1.0	1.0	1.0	0.8216064286890065	1.0	1.0	1.0	1.0	1.0	1.0	1.0	0.8216064286890065	1.0	1.0	1.0	1.0
simple	1.0	1.0	1.0	1.0	0.6483822493131215	0.576203166966615	1.0	0.31575799945335475	0.33891989345547846	0.5398042811797237	0.7411828468492556	0.7455134344225701	0.7455134344225701	0.6538836485984505	0.39535503375969944	0.5973484481370076	0.5973484481370076	1.0	1.0	1.0	1.0	0.5017137174824184	0.6740515375688696	0.535134426844325	0.35797534024006966	0.5973484481370076	0.524299301495882	1.0	1.0	1.0	0.5567239061620237	0.6841174893561722	0.6590675637199678	1.0	0.6016441419741768
sr	1.0	1.0	1.0	1.0	0.3679645981578622	0.34185587877600987	1.0	0.43595395336046794	0.4587016343915969	0.4834910533590677	1.0	1.0	0.581818670085183	0.5784677670455386	0.4047285137642654	1.0	1.0	1.0	1.0	1.0	1.0	0.49867703831627475	0.5716981509095984	0.3288355926214461	0.5380129457918053	1.0	0.49441901707360286	1.0	1.0	1.0	0.5625333491588992	0.6786291688147437	0.7455134344225701	1.0	1.0
sv	1.0	1.0	1.0	1.0	0.32461908100962056	0.3319166794445839	0.7347168825662656	0.3384019361903756	0.38210180664447124	0.33145760746571196	0.6376021219571719	0.6994017365373274	0.6374639328514361	0.3755412727417193	0.2581434040460468	0.45877248418189015	0.4390319764141068	0.7510341748895938	1.0	1.0	1.0	0.3341687108130763	0.386545246932812	0.33955434672469853	0.42473310136048364	0.4553468370937901	0.4579558593876055	0.8216064286890065	0.5567239061620237	0.5625333491588992	1.0	0.6786291688147438	0.6842521738550549	1.0	0.521152939568022
te	0.0	1.0	1.0	1.0	1.0	1.0	1.0	0.6474174536628079	0.7322034805959263	0.6786291688147437	1.0	1.0	0.8137822343553781	0.7376607345031153	0.6016441419741769	1.0	1.0	1.0	1.0	1.0	1.0	0.6044414021866646	0.6786291688147438	0.28922379110278057	1.0	1.0	0.6050310125230591	1.0	0.6841174893561722	0.6786291688147437	0.6786291688147438	1.0	1.0	1.0	1.0
vi	1.0	1.0	1.0	1.0	0.5614892562956179	0.5729963700113877	0.7584325078215765	0.3880417231750786	0.6740515375688697	0.6836760621010344	1.0	1.0	0.6684560499369148	0.7411828468492555	0.2690125756922561	0.7376607345031153	0.7376607345031153	0.7584325078215765	1.0	1.0	1.0	0.6562661056221564	0.5830800197445049	0.5212832584194946	0.7584325078215765	0.7376607345031153	0.592703248603461	1.0	0.6590675637199678	0.7455134344225701	0.6842521738550549	1.0	1.0	1.0	1.0
war	0.0	0.0	0.0	0.0	1.0	1.0	1.0	1.0	1.0	1.0	1.0	0.0	1.0	1.0	1.0	1.0	1.0	1.0	0.0	0.0	1.0	1.0	1.0	1.0	1.0	1.0	1.0	1.0	1.0	1.0	1.0	1.0	1.0	1.0	0.0
zh	1.0	1.0	1.0	1.0	0.27872114946172877	0.3840715433708922	1.0	0.4227177016478552	0.24496567206520223	0.38891284308587054	1.0	1.0	0.6357637595949256	0.4269318999857204	0.34066561691514824	0.7128329397683223	0.7155258672934655	1.0	1.0	1.0	1.0	0.4683989843423752	0.4422302412278947	0.2861841679986227	0.6342607171472346	1.0	0.42709264713394024	1.0	0.6016441419741768	1.0	0.521152939568022	1.0	1.0	0.0	1.0
