arz	bs	ceb	ckb	da	de	el	en	es	fr	he	hi	hu	id	it	ja	ko	lv	mk	ml	mr	nl	pl	pt	ro	ru	sh	si	simple	sr	sv	te	tr	vi	war	zh
arz	0.0	0.0	0.0	0.0	0.0	0.0	0.0	0.0	0.0	0.0	0.0	0.0	0.0	0.0	0.0	0.0	0.0	0.0	0.0	0.0	0.0	0.0	0.0	0.0	0.0	0.0	0.0	0.0	0.0	0.0	0.0	0.0	0.0	0.0	0.0	0.0
bs	0.0	1.0	0.7615244773406051	0.0	0.8839551709462335	0.7021289143126732	0.0	0.43112826811721355	0.6309041427275476	0.46522971152506154	0.0	0.0	0.29063228638046906	0.6864623243933589	0.8890484985293111	0.0	0.0	0.5646835258003216	0.0	0.0	0.0	0.9134928500637123	0.811937750344737	0.1465555068012286	0.8436865611043443	0.0	0.14278266050945926	0.0	0.8862452002194185	0.0	0.5636185969965027	0.0	0.02531645569620253	0.7219265566790847	0.0006749662516874156	0.06959734022903584
ceb	0.0	0.7615244773406051	1.0	0.0	0.7589663477185445	0.724247412982126	0.0	0.4427051539199442	0.6499248120300752	0.47890578069405293	0.0	0.0	0.2839070510686464	0.7092720217756414	0.7890410958904109	0.0	0.0	0.4823776602955131	0.0	0.0	0.0	0.7810961388960871	0.8115315082644629	0.14532037181579507	0.7719017777209362	0.0	0.12827468056249555	0.0	0.8091973352305801	0.0	0.5797123701315318	0.0	-1.0	0.7241672665401478	0.0005797941730685607	0.0707374758116534
ckb	0.0	0.0	0.0	0.0	0.0	0.0	0.0	0.0	0.0	0.0	0.0	0.0	0.0	0.0	0.0	0.0	0.0	0.0	0.0	0.0	0.0	0.0	0.0	0.0	0.0	0.0	0.0	0.0	0.0	0.0	0.0	0.0	0.0	0.0	0.0	0.0
da	0.0	0.8839551709462335	0.7589663477185445	0.0	1.0	0.6974616292798111	0.0	0.42732979237083535	0.6288053365676167	0.462046511627907	0.0	0.0	0.2904827586206897	0.6815593771787125	0.8834645669291339	0.0	0.0	0.5502183406113537	0.0	0.0	0.0	0.8772749459591381	0.8055573802798397	0.14856889938034817	0.836751269035533	0.0	0.13940617754842569	0.0	0.8779384552121171	0.0	0.5607129977847612	0.0	0.0	0.7165689930740543	0.0006804778466656586	0.0692811430272362
de	0.0	0.7021289143126732	0.724247412982126	0.0	0.6974616292798111	1.0	0.0	0.487101734005296	0.679161628375655	0.5293984314792148	0.0	0.0	0.29474462448401206	0.7321359277121792	0.7264724619215845	0.0	0.0	0.44193292198668216	0.0	0.0	0.0	0.7203319990581587	0.7454151286107693	0.12941548183254345	0.7299917734163827	0.0	0.11331175014282993	0.0	0.742476682114155	0.0	0.6427131626688167	0.0	0.003257328990228013	0.6650260910815939	0.00051513200257566	0.06319750015942861
el	0.0	0.0	0.0	0.0	0.0	0.0	0.0	0.0	0.0	0.0	0.0	0.0	0.0	0.0	0.0	0.0	0.0	0.0	0.0	0.0	0.0	0.0	0.0	0.0	0.0	0.0	0.0	0.0	0.0	0.0	0.0	0.0	0.0	0.0	0.0	0.0
en	0.0	0.43112826811721355	0.4427051539199442	0.0	0.42732979237083535	0.487101734005296	0.0	1.0	0.43618042226487524	0.5550947621614897	0.0	0.0	0.1950607756125796	0.4962174637774074	0.45629636056044764	0.0	0.0	0.2787513435207253	0.0	0.0	0.0	0.4409400663987419	0.4540175088844587	0.08751822249032323	0.4450102276189233	0.0	0.07592442917761164	0.0	0.451277158593174	0.0	0.5308408067028757	0.0	0.0	0.4077905999911571	0.000362844702467344	0.043298442685728876
es	0.0	0.6309041427275476	0.6499248120300752	0.0	0.6288053365676167	0.679161628375655	0.0	0.43618042226487524	1.0	0.4739156598620562	0.0	0.0	0.2808333891605815	0.6683719872669395	0.6513842877425462	0.0	0.0	0.41027806652806653	0.0	0.0	0.0	0.6464244834026146	0.6681418575444052	0.12800056481219996	0.6548513066987083	0.0	0.10912571793235482	0.0	0.6648506256361133	0.0	0.5768875192604006	0.0	0.006289308176100629	0.5988641914997558	0.0005133846718005134	0.06394009216589862
fr	0.0	0.46522971152506154	0.47890578069405293	0.0	0.462046511627907	0.5293984314792148	0.0	0.5550947621614897	0.4739156598620562	1.0	0.0	0.0	0.2082610912799592	0.5311188337771359	0.49283219996324207	0.0	0.0	0.3019269827116461	0.0	0.0	0.0	0.4751930457298747	0.49257573667999816	0.08942486085343228	0.47991153704386286	0.0	0.07967957276368491	0.0	0.4888735632183908	0.0	0.571078649683798	0.0	0.0	0.4384996726218314	0.0003844041735310269	0.04667892687148421
he	0.0	0.0	0.0	0.0	0.0	0.0	0.0	0.0	0.0	0.0	0.0	0.0	0.0	0.0	0.0	0.0	0.0	0.0	0.0	0.0	0.0	0.0	0.0	0.0	0.0	0.0	0.0	0.0	0.0	0.0	0.0	0.0	0.0	0.0	0.0	0.0
hi	0.0	0.0	0.0	0.0	0.0	0.0	0.0	0.0	0.0	0.0	0.0	0.0	0.0	0.0	0.0	0.0	0.0	0.0	0.0	0.0	0.0	0.0	0.0	0.0	0.0	0.0	0.0	0.0	0.0	0.0	0.0	0.0	0.0	0.0	0.0	0.0
hu	0.0	0.29063228638046906	0.2839070510686464	0.0	0.2904827586206897	0.29474462448401206	0.0	0.1950607756125796	0.2808333891605815	0.2082610912799592	0.0	0.0	1.0	0.28316388283708543	0.2950733752620545	0.0	0.0	0.23295144571740317	0.0	0.0	0.0	0.2953808752025932	0.28915583991643273	0.10018266123366587	0.29735152487961475	0.0	0.09256559766763849	0.0	0.2988703177644183	0.0	0.2469593100398054	0.0	0.0	0.2724707210385212	0.0005462490895848507	0.050055441153175985
id	0.0	0.6864623243933589	0.7092720217756414	0.0	0.6815593771787125	0.7321359277121792	0.0	0.4962174637774074	0.6683719872669395	0.5311188337771359	0.0	0.0	0.28316388283708543	1.0	0.7322439080725257	0.0	0.0	0.430521315615417	0.0	0.0	0.0	0.7039161163248755	0.7313734550075084	0.12824837581209395	0.7158327542274728	0.0	0.11162674024833814	0.0	0.7275616945038432	0.0	0.6546050971486248	0.0	0.0	0.6528476201613846	0.0005726283641916397	0.0639237710607686
it	0.0	0.8890484985293111	0.7890410958904109	0.0	0.8834645669291339	0.7264724619215845	0.0	0.45629636056044764	0.6513842877425462	0.49283219996324207	0.0	0.0	0.2950733752620545	0.7322439080725257	1.0	0.0	0.0	0.5436028447144928	0.0	0.0	0.0	0.885437024058225	0.83798055251465	0.14590943552277896	0.8712417866861353	0.0	0.13660782808902533	0.0	0.9152645039709247	0.0	0.5993776145291296	0.0	0.0	0.7448302770191182	0.0006301638425990758	0.06969486823855756
ja	0.0	0.0	0.0	0.0	0.0	0.0	0.0	0.0	0.0	0.0	0.0	0.0	0.0	0.0	0.0	0.0	0.0	0.0	0.0	0.0	0.0	0.0	0.0	0.0	0.0	0.0	0.0	0.0	0.0	0.0	0.0	0.0	0.0	0.0	0.0	0.0
ko	0.0	0.0	0.0	0.0	0.0	0.0	0.0	0.0	0.0	0.0	0.0	0.0	0.0	0.0	0.0	0.0	0.0	0.0	0.0	0.0	0.0	0.0	0.0	0.0	0.0	0.0	0.0	0.0	0.0	0.0	0.0	0.0	0.0	0.0	0.0	0.0
lv	0.0	0.5646835258003216	0.4823776602955131	0.0	0.5502183406113537	0.44193292198668216	0.0	0.2787513435207253	0.41027806652806653	0.3019269827116461	0.0	0.0	0.23295144571740317	0.430521315615417	0.5436028447144928	0.0	0.0	1.0	0.0	0.0	0.0	0.559790785985527	0.5070175438596491	0.13103897513842144	0.524053791764869	0.0	0.12671806905799532	0.0	0.5421778609551535	0.0	0.3569539640563441	0.0	0.0	0.46675200910319325	0.0007428500680945896	0.06567233206151
mk	0.0	0.0	0.0	0.0	0.0	0.0	0.0	0.0	0.0	0.0	0.0	0.0	0.0	0.0	0.0	0.0	0.0	0.0	0.0	0.0	0.0	0.0	0.0	0.0	0.0	0.0	0.0	0.0	0.0	0.0	0.0	0.0	0.0	0.0	0.0	0.0
ml	0.0	0.0	0.0	0.0	0.0	0.0	0.0	0.0	0.0	0.0	0.0	0.0	0.0	0.0	0.0	0.0	0.0	0.0	0.0	0.0	0.0	0.0	0.0	0.0	0.0	0.0	0.0	0.0	0.0	0.0	0.0	0.0	0.0	0.0	0.0	0.0
mr	0.0	0.0	0.0	0.0	0.0	0.0	0.0	0.0	0.0	0.0	0.0	0.0	0.0	0.0	0.0	0.0	0.0	0.0	0.0	0.0	0.0	0.0	0.0	0.0	0.0	0.0	0.0	0.0	0.0	0.0	0.0	0.0	0.0	0.0	0.0	0.0
nl	0.0	0.9134928500637123	0.7810961388960871	0.0	0.8772749459591381	0.7203319990581587	0.0	0.4409400663987419	0.6464244834026146	0.4751930457298747	0.0	0.0	0.2953808752025932	0.7039161163248755	0.885437024058225	0.0	0.0	0.559790785985527	0.0	0.0	0.0	1.0	0.8331803278688524	0.1484212787284313	0.8650273593190569	0.0	0.14151766245093764	0.0	0.8810150502800836	0.0	0.576641213549941	0.0	0.0004868549172346641	0.7384910909452209	0.000657126168224299	0.06955456249099035
pl	0.0	0.811937750344737	0.8115315082644629	0.0	0.8055573802798397	0.7454151286107693	0.0	0.4540175088844587	0.6681418575444052	0.49257573667999816	0.0	0.0	0.28915583991643273	0.7313734550075084	0.83798055251465	0.0	0.0	0.5070175438596491	0.0	0.0	0.0	0.8331803278688524	1.0	0.14447201543975738	0.8191915278315898	0.0	0.12822468793342578	0.0	0.8322701204974547	0.0	0.5966262358577107	0.0	0.0	0.7468074016158457	0.0005609704789285464	0.07143850862548692
pt	0.0	0.1465555068012286	0.14532037181579507	0.0	0.14856889938034817	0.12941548183254345	0.0	0.08751822249032323	0.12800056481219996	0.08942486085343228	0.0	0.0	0.10018266123366587	0.12824837581209395	0.14590943552277896	0.0	0.0	0.13103897513842144	0.0	0.0	0.0	0.1484212787284313	0.14447201543975738	1.0	0.14599929502996123	0.0	0.07243163340724317	0.0	0.14930772977109857	0.0	0.10792147015180915	0.0	0.0	0.14692746034190668	0.001276595744680851	0.04840649428743235
ro	0.0	0.8436865611043443	0.7719017777209362	0.0	0.836751269035533	0.7299917734163827	0.0	0.4450102276189233	0.6548513066987083	0.47991153704386286	0.0	0.0	0.29735152487961475	0.7158327542274728	0.8712417866861353	0.0	0.0	0.524053791764869	0.0	0.0	0.0	0.8650273593190569	0.8191915278315898	0.14599929502996123	1.0	0.0	0.13526811180832857	0.0	0.8648828099063807	0.0	0.5850301852041339	0.0	0.0	0.7297685972022486	0.0006469235192639448	0.06803348467650397
ru	0.0	0.0	0.0	0.0	0.0	0.0	0.0	0.0	0.0	0.0	0.0	0.0	0.0	0.0	0.0	0.0	0.0	0.0	0.0	0.0	0.0	0.0	0.0	0.0	0.0	0.0	0.0	0.0	0.0	0.0	0.0	0.0	0.0	0.0	0.0	0.0
sh	0.0	0.14278266050945926	0.12827468056249555	0.0	0.13940617754842569	0.11331175014282993	0.0	0.07592442917761164	0.10912571793235482	0.07967957276368491	0.0	0.0	0.09256559766763849	0.11162674024833814	0.13660782808902533	0.0	0.0	0.12671806905799532	0.0	0.0	0.0	0.14151766245093764	0.12822468793342578	0.07243163340724317	0.13526811180832857	0.0	1.0	0.0	0.13707580973793299	0.0	0.09524082897984959	0.0	0.0	0.1265088207985144	0.000992063492063492	0.044746436857805764
si	0.0	0.0	0.0	0.0	0.0	0.0	0.0	0.0	0.0	0.0	0.0	0.0	0.0	0.0	0.0	0.0	0.0	0.0	0.0	0.0	0.0	0.0	0.0	0.0	0.0	0.0	0.0	0.0	0.0	0.0	0.0	0.0	0.0	0.0	0.0	0.0
simple	0.0	0.8862452002194185	0.8091973352305801	0.0	0.8779384552121171	0.742476682114155	0.0	0.451277158593174	0.6648506256361133	0.4888735632183908	0.0	0.0	0.2988703177644183	0.7275616945038432	0.9152645039709247	0.0	0.0	0.5421778609551535	0.0	0.0	0.0	0.8810150502800836	0.8322701204974547	0.14930772977109857	0.8648828099063807	0.0	0.13707580973793299	0.0	1.0	0.0	0.5946511509212474	0.0	0.014492753623188406	0.7611202635914333	0.0006349206349206349	0.07014112058124913
sr	0.0	0.0	0.0	0.0	0.0	0.0	0.0	0.0	0.0	0.0	0.0	0.0	0.0	0.0	0.0	0.0	0.0	0.0	0.0	0.0	0.0	0.0	0.0	0.0	0.0	0.0	0.0	0.0	0.0	0.0	0.0	0.0	0.0	0.0	0.0	0.0
sv	0.0	0.5636185969965027	0.5797123701315318	0.0	0.5607129977847612	0.6427131626688167	0.0	0.5308408067028757	0.5768875192604006	0.571078649683798	0.0	0.0	0.2469593100398054	0.6546050971486248	0.5993776145291296	0.0	0.0	0.3569539640563441	0.0	0.0	0.0	0.576641213549941	0.5966262358577107	0.10792147015180915	0.5850301852041339	0.0	0.09524082897984959	0.0	0.5946511509212474	0.0	1.0	0.0	0.0	0.5314099581200559	0.0005272716620774503	0.05411819181570875
te	0.0	0.0	0.0	0.0	0.0	0.0	0.0	0.0	0.0	0.0	0.0	0.0	0.0	0.0	0.0	0.0	0.0	0.0	0.0	0.0	0.0	0.0	0.0	0.0	0.0	0.0	0.0	0.0	0.0	0.0	0.0	0.0	0.0	0.0	0.0	0.0
tr	0.0	0.02531645569620253	-1.0	0.0	0.0	0.003257328990228013	0.0	0.0	0.006289308176100629	0.0	0.0	0.0	0.0	0.0	0.0	0.0	0.0	0.0	0.0	0.0	0.0	0.0004868549172346641	0.0	0.0	0.0	0.0	0.0	0.0	0.014492753623188406	0.0	0.0	0.0	1.0	0.0	0.0	0.0
vi	0.0	0.7219265566790847	0.7241672665401478	0.0	0.7165689930740543	0.6650260910815939	0.0	0.4077905999911571	0.5988641914997558	0.4384996726218314	0.0	0.0	0.2724707210385212	0.6528476201613846	0.7448302770191182	0.0	0.0	0.46675200910319325	0.0	0.0	0.0	0.7384910909452209	0.7468074016158457	0.14692746034190668	0.7297685972022486	0.0	0.1265088207985144	0.0	0.7611202635914333	0.0	0.5314099581200559	0.0	0.0	1.0	0.0006373994104055454	0.07093696230251838
war	0.0	0.0006749662516874156	0.0005797941730685607	0.0	0.0006804778466656586	0.00051513200257566	0.0	0.000362844702467344	0.0005133846718005134	0.0003844041735310269	0.0	0.0	0.0005462490895848507	0.0005726283641916397	0.0006301638425990758	0.0	0.0	0.0007428500680945896	0.0	0.0	0.0	0.000657126168224299	0.0005609704789285464	0.001276595744680851	0.0006469235192639448	0.0	0.000992063492063492	0.0	0.0006349206349206349	0.0	0.0005272716620774503	0.0	0.0	0.0006373994104055454	1.0	0.0
zh	0.0	0.06959734022903584	0.0707374758116534	0.0	0.0692811430272362	0.06319750015942861	0.0	0.043298442685728876	0.06394009216589862	0.04667892687148421	0.0	0.0	0.050055441153175985	0.0639237710607686	0.06969486823855756	0.0	0.0	0.06567233206151	0.0	0.0	0.0	0.06955456249099035	0.07143850862548692	0.04840649428743235	0.06803348467650397	0.0	0.044746436857805764	0.0	0.07014112058124913	0.0	0.05411819181570875	0.0	0.0	0.07093696230251838	0.0	1.0
