arz	bs	ceb	ckb	da	de	el	en	es	fr	he	hi	hu	id	it	ja	ko	lv	mk	ml	mr	nl	pl	pt	ro	ru	sh	si	simple	sr	sv	te	vi	war	zh
arz	1.0	0.0	0.0	0.0	0.0	0.0	0.00022904260192395785	3.90335298021e-05	0.0	6.133213394938055e-05	0.0003455425017277125	0.0	0.0	0.00037965072133637056	0.00012940795858945326	0.0003198976327575176	0.0	0.0	0.0	0.0	0.0	3.124023742580444e-05	0.0	0.0	0.0001091077712010038	0.0	0.025	0.0	0.0	0.0003846153846153846	0.00021510002151000216	0.0	0.0	0.0	0.0
bs	0.0	1.0	0.0	0.0004385964912280702	0.04135094176228621	0.009094638949671772	0.029215229215229215	0.0029863634728168964	0.0017851829812555787	0.008295239596469104	0.05639868744872847	0.0004385964912280702	0.019987442444537463	0.08688888888888889	0.008253642987249545	0.017212526894573272	0.01722536519462974	0.15699281370923163	0.008112724167378309	0.0	0.006021505376344086	0.006609482404089067	0.012308806226807856	0.006532339681663447	0.017781961768782197	0.014377154111275233	0.003056768558951965	0.0	0.0008456659619450317	0.10789233576642336	0.023869532987398072	0.0	0.007728401876897599	0.0	0.011681702521397178
ceb	0.0	0.0	0.0	0.0	0.0	0.0	0.0	0.0	0.0	0.0	0.0	0.0	0.0	0.0	0.0	0.0	0.0	0.0	0.0	0.0	0.0	0.0	0.0	0.0	0.0	0.0	0.0	0.0	0.0	0.0	0.0	0.0	0.0	0.0	0.0
ckb	0.0	0.0004385964912280702	0.0	1.0	0.0003952569169960474	0.0	0.0	0.0	0.0	0.0	0.0	0.0	0.0	0.0	0.0	0.0	0.0	0.0	0.0	0.0	0.0	0.0	0.0	0.0	0.0	0.00012467273407305821	0.0	0.0	0.0	0.00038804811796662784	0.0	0.0	0.0	0.0	0.0
da	0.0	0.04135094176228621	0.0	0.0003952569169960474	1.0	0.006640729809498256	0.017167381974248927	0.0036039250669045496	0.0024944567627494456	0.008254578251833261	0.025246772968868642	0.0	0.017713529471648174	0.030260521042084168	0.006274158310458798	0.010497173837812896	0.011183290847792123	0.04401035537773594	0.0011503067484662577	0.0	0.001160092807424594	0.006590650608031262	0.009623874271587498	0.0032275416890801506	0.009015738904201334	0.009182209469153515	0.0	0.0	0.0	0.03338729259409146	0.02053622361665716	0.0	0.008270871026104937	0.0	0.008632286995515695
de	0.0	0.009094638949671772	0.0	0.0	0.006640729809498256	1.0	0.011790182868142445	0.012122178802137331	0.0023647650014779783	0.029335301320004697	0.009139325399434545	0.0	0.019423430791249235	0.00970354011911932	0.018018675226145316	0.01734827061126822	0.011826783114992722	0.007918710581639803	7.963685593692761e-05	0.0	0.00015956598053295037	0.020378189829263815	0.01582022898950069	0.010227978779333747	0.027874272799564725	0.017320958856518933	8.004482510205715e-05	0.0	0.00047778308647873863	0.008778395764926623	0.009920283436669619	0.0	0.0024612711741711308	0.0	0.012777332264100508
el	0.00022904260192395785	0.029215229215229215	0.0	0.0	0.017167381974248927	0.011790182868142445	1.0	0.006082398010618993	0.0016602102933038186	0.015179252479023646	0.03396875447900244	0.00023025558369790466	0.019949909318594007	0.0274822695035461	0.012129586979886382	0.019870743705990162	0.019656019656019656	0.0337468982630273	0.001358080579447714	0.0002300966405890474	0.0018206645425580337	0.01034540297013182	0.015950920245398775	0.0078282436831499	0.023601988061639902	0.01786449329052441	0.0004589261128958238	0.0	0.0018091361374943465	0.02382009172954579	0.013904589645037305	0.0	0.00421792618629174	0.0	0.015691064549469134
en	3.90335298021e-05	0.0029863634728168964	0.0	0.0	0.0036039250669045496	0.012122178802137331	0.006082398010618993	1.0	0.0010504595760645282	0.02353797955369902	0.0038791127411221217	0.0	0.008664083712132767	0.0034864278345014053	0.0145146135205974	0.008556217518063125	0.00571639838461976	0.002405598483743986	0.00015580571027928172	0.0	0.0001949317738791423	0.01636190341711381	0.008801169590643275	0.005990837542581933	0.01573286765785909	0.00876219054763691	3.904419803217242e-05	0.0	0.00015576930565832002	0.003383431868366693	0.005757263136876435	0.0	0.001969235342201085	0.0	0.007035396840353026
es	0.0	0.0017851829812555787	0.0	0.0	0.0024944567627494456	0.0023647650014779783	0.0016602102933038186	0.0010504595760645282	1.0	0.0024067388688327317	0.0030410542321338066	0.0	0.0017566459772807121	0.0013539128080151638	0.0029140359397765905	0.0019170204025742846	0.0018460402436773122	0.0013382402141184342	0.000856898029134533	0.0	0.0008733624454148472	0.0018477569442340897	0.002508277315139962	0.0017471736896197327	0.0016726403823178017	0.00275239458328746	0.0	0.0	0.0	0.0008194482381862879	0.0012267788293024886	0.0	0.0	0.0	0.0030540432877439916
fr	6.133213394938055e-05	0.008295239596469104	0.0	0.0	0.008254578251833261	0.029335301320004697	0.015179252479023646	0.02353797955369902	0.0024067388688327317	1.0	0.012182006609178545	2.0452825557850817e-05	0.02706150341685649	0.008992065824272701	0.032437204076719364	0.020607294945380484	0.018951171637513246	0.008096683931654462	0.00028594771241830067	4.090397791185193e-05	0.0002656368131755859	0.034033087013219464	0.023607544496590808	0.015653125330886246	0.06318131533480006	0.02389090778253517	4.0893105422425777e-05	0.0	0.00046980002859652346	0.007615356003210587	0.009621007753400366	0.0	0.002713054580274497	0.0	0.016040817824762323
he	0.0003455425017277125	0.05639868744872847	0.0	0.0	0.025246772968868642	0.009139325399434545	0.03396875447900244	0.0038791127411221217	0.0030410542321338066	0.012182006609178545	1.0	0.00034831069313827936	0.020734597156398103	0.03983308042488619	0.008484848484848486	0.019719887955182074	0.02150016165535079	0.0817481884057971	0.002036659877800407	0.0	0.003424657534246575	0.008272590535693625	0.016486836426413465	0.009012950647532377	0.020401838747998554	0.01746847267631948	0.00034638032559750607	0.0	0.0010152284263959391	0.04849884526558892	0.01750814332247557	0.0	0.005451528798293435	0.0	0.014889685903706118
hi	0.0	0.0004385964912280702	0.0	0.0	0.0	0.0	0.00023025558369790466	0.0	0.0	2.0452825557850817e-05	0.00034831069313827936	1.0	0.0	0.0	0.0	0.0	0.0	0.0005246589716684155	0.0	0.0	0.01694915254237288	0.0	0.0	0.0	0.0	0.0	0.0	0.0	0.0	0.0	0.0	0.0	0.0	0.0	0.0
hu	0.0	0.019987442444537463	0.0	0.0	0.017713529471648174	0.019423430791249235	0.019949909318594007	0.008664083712132767	0.0017566459772807121	0.02706150341685649	0.020734597156398103	0.0	1.0	0.02014373924486284	0.020999598733782158	0.018970391310816844	0.015497024335631372	0.02236038394415358	0.0014594666312856574	0.0	0.0011972861513901822	0.016803257564043092	0.021844963175633503	0.013193440975058115	0.03932703409599661	0.019752436133789835	0.0	0.0	0.00026483050847457627	0.02062798496087796	0.013832997987927566	0.0	0.004204067719577321	0.0	0.013602967920273514
id	0.00037965072133637056	0.08688888888888889	0.0	0.0	0.030260521042084168	0.00970354011911932	0.0274822695035461	0.0034864278345014053	0.0013539128080151638	0.008992065824272701	0.03983308042488619	0.0	0.02014373924486284	1.0	0.007706913883614431	0.02090069284064665	0.02069761688793601	0.09476490547746001	0.004477611940298508	0.0	0.0022522522522522522	0.006487272727272727	0.012217632064691923	0.005710716516462925	0.01691753672374932	0.01595795508838987	0.0007616146230007616	0.0	0.002228826151560178	0.06202661207778915	0.015576761156328936	0.0	0.007336200354161397	0.0	0.012717536813922356
it	0.00012940795858945326	0.008253642987249545	0.0	0.0	0.006274158310458798	0.018018675226145316	0.012129586979886382	0.0145146135205974	0.0029140359397765905	0.032437204076719364	0.008484848484848486	0.0	0.020999598733782158	0.007706913883614431	1.0	0.015707051762940735	0.012210796915167094	0.006969045821476276	0.000322393448965117	0.0	0.0001291155584247902	0.018405171488091402	0.017687643738239597	0.010866828899890912	0.026068451853165454	0.01796875	6.472910868017347e-05	0.0	0.00038674745391259507	0.00783435926133184	0.008293957977279581	0.0	0.0019079418077748629	0.0	0.014217570508961238
ja	0.0003198976327575176	0.017212526894573272	0.0	0.0	0.010497173837812896	0.01734827061126822	0.019870743705990162	0.008556217518063125	0.0019170204025742846	0.020607294945380484	0.019719887955182074	0.0	0.018970391310816844	0.02090069284064665	0.015707051762940735	1.0	0.01749141330619514	0.016618767962014246	0.0006342159505311559	0.0	0.0003181167488468268	0.01309545900379079	0.016863746304756785	0.012374218112591786	0.024714965222171762	0.019968508445462354	0.0	0.0	0.0007921419518377693	0.014982136683185432	0.013726771874124568	0.0	0.00502446119264842	0.0	0.017469348505489223
ko	0.0	0.01722536519462974	0.0	0.0	0.011183290847792123	0.011826783114992722	0.019656019656019656	0.00571639838461976	0.0018460402436773122	0.018951171637513246	0.02150016165535079	0.0	0.015497024335631372	0.02069761688793601	0.012210796915167094	0.01749141330619514	1.0	0.017787078210829192	0.000609632188579557	0.0	0.0008148299042574863	0.010258891846116622	0.013515714053085817	0.009477374821956831	0.020786133779117085	0.014717626925270963	0.00010221813349688235	0.0	0.0005076657528683116	0.015298568843559795	0.009893348301992703	0.0	0.002791032682092374	0.0	0.013105341987019471
lv	0.0	0.15699281370923163	0.0	0.0	0.04401035537773594	0.007918710581639803	0.0337468982630273	0.002405598483743986	0.0013382402141184342	0.008096683931654462	0.0817481884057971	0.0005246589716684155	0.02236038394415358	0.09476490547746001	0.006969045821476276	0.016618767962014246	0.017787078210829192	1.0	0.010681586978636826	0.0	0.014455343314403717	0.006503533883708499	0.012834925988382987	0.0067651262505955215	0.01776944605798173	0.013062557403816717	0.0020844189682126106	0.0	0.001507537688442211	0.14274789701758858	0.023824451410658306	0.0	0.010172626387176326	0.0	0.01331235628706281
mk	0.0	0.008112724167378309	0.0	0.0	0.0011503067484662577	7.963685593692761e-05	0.001358080579447714	0.00015580571027928172	0.000856898029134533	0.00028594771241830067	0.002036659877800407	0.0	0.0014594666312856574	0.004477611940298508	0.000322393448965117	0.0006342159505311559	0.000609632188579557	0.010681586978636826	1.0	0.0	0.05263157894736842	0.00018713742124633524	0.0006681514476614699	0.0003433279926756695	0.0009267335368512865	0.0007411067193675889	0.0	0.0	0.0	0.006436955698599016	0.0008505209440782479	0.0	0.0	0.0	0.0007641754546843956
ml	0.0	0.0	0.0	0.0	0.0	0.0	0.0002300966405890474	0.0	0.0	4.090397791185193e-05	0.0	0.0	0.0	0.0	0.0	0.0	0.0	0.0	0.0	1.0	0.03278688524590164	6.252149176279346e-05	0.0	0.0	2.7289597205545246e-05	0.0	0.0	0.0	0.0	0.0	0.0	0.0	0.0	0.0	0.0
mr	0.0	0.006021505376344086	0.0	0.0	0.001160092807424594	0.00015956598053295037	0.0018206645425580337	0.0001949317738791423	0.0008733624454148472	0.0002656368131755859	0.003424657534246575	0.01694915254237288	0.0011972861513901822	0.0022522522522522522	0.0001291155584247902	0.0003181167488468268	0.0008148299042574863	0.014455343314403717	0.05263157894736842	0.03278688524590164	1.0	0.00021848372296263927	0.0006697923643670462	0.00011470520761642578	0.0005998146027591471	0.0004952947003467063	0.0	0.0	0.0	0.005723006486074018	0.00042707666026051675	0.0	0.0006997900629811056	0.0	0.0001532567049808429
nl	3.124023742580444e-05	0.006609482404089067	0.0	0.0	0.006590650608031262	0.020378189829263815	0.01034540297013182	0.01636190341711381	0.0018477569442340897	0.034033087013219464	0.008272590535693625	0.0	0.016803257564043092	0.006487272727272727	0.018405171488091402	0.01309545900379079	0.010258891846116622	0.006503533883708499	0.00018713742124633524	6.252149176279346e-05	0.00021848372296263927	1.0	0.016026039207891273	0.015235906786222744	0.03142612381081203	0.014916286149162862	6.249609399412537e-05	0.0	0.00015591381084536468	0.005585942045851274	0.011073677234066055	0.0	0.0030369546260937547	0.0	0.013360739979445015
pl	0.0	0.012308806226807856	0.0	0.0	0.009623874271587498	0.01582022898950069	0.015950920245398775	0.008801169590643275	0.002508277315139962	0.023607544496590808	0.016486836426413465	0.0	0.021844963175633503	0.012217632064691923	0.017687643738239597	0.016863746304756785	0.013515714053085817	0.012834925988382987	0.0006681514476614699	0.0	0.0006697923643670462	0.016026039207891273	1.0	0.009134781109962083	0.024933615374229265	0.020191670182629136	0.0	0.0	0.0003337412392924686	0.012611341388129464	0.010228460504703598	0.0	0.002927971891469842	0.0	0.013449367088607595
pt	0.0	0.006532339681663447	0.0	0.0	0.0032275416890801506	0.010227978779333747	0.0078282436831499	0.005990837542581933	0.0017471736896197327	0.015653125330886246	0.009012950647532377	0.0	0.013193440975058115	0.005710716516462925	0.010866828899890912	0.012374218112591786	0.009477374821956831	0.0067651262505955215	0.0003433279926756695	0.0	0.00011470520761642578	0.015235906786222744	0.009134781109962083	1.0	0.019672721543205707	0.009501331396756234	0.0	0.0	0.00022870211549456832	0.00527822508498837	0.00430871570035528	0.0	0.0012976642044320223	0.0	0.008735662843424913
ro	0.0001091077712010038	0.017781961768782197	0.0	0.0	0.009015738904201334	0.027874272799564725	0.023601988061639902	0.01573286765785909	0.0016726403823178017	0.06318131533480006	0.020401838747998554	0.0	0.03932703409599661	0.01691753672374932	0.026068451853165454	0.024714965222171762	0.020786133779117085	0.01776944605798173	0.0009267335368512865	2.7289597205545246e-05	0.0005998146027591471	0.03142612381081203	0.024933615374229265	0.019672721543205707	1.0	0.028272781691762214	0.00010912860806460414	0.0	0.0006811432307985724	0.014564739361014099	0.012289653142324487	0.0	0.0030080743047126495	0.0	0.020621729763004002
ru	0.0	0.014377154111275233	0.0	0.00012467273407305821	0.009182209469153515	0.017320958856518933	0.01786449329052441	0.00876219054763691	0.00275239458328746	0.02389090778253517	0.01746847267631948	0.0	0.019752436133789835	0.01595795508838987	0.01796875	0.019968508445462354	0.014717626925270963	0.013062557403816717	0.0007411067193675889	0.0	0.0004952947003467063	0.014916286149162862	0.020191670182629136	0.009501331396756234	0.028272781691762214	1.0	0.0	0.0	0.0006170554115759595	0.00981419723677942	0.008693571542510768	0.0	0.002668944165688054	0.0	0.01613129471174078
sh	0.025	0.003056768558951965	0.0	0.0	0.0	8.004482510205715e-05	0.0004589261128958238	3.904419803217242e-05	0.0	4.0893105422425777e-05	0.00034638032559750607	0.0	0.0	0.0007616146230007616	6.472910868017347e-05	0.0	0.00010221813349688235	0.0020844189682126106	0.0	0.0	0.0	6.249609399412537e-05	0.0	0.0	0.00010912860806460414	0.0	1.0	0.0	0.0	0.002705836876691148	0.00043094160741219563	0.0	0.0	0.0	0.0
si	0.0	0.0	0.0	0.0	0.0	0.0	0.0	0.0	0.0	0.0	0.0	0.0	0.0	0.0	0.0	0.0	0.0	0.0	0.0	0.0	0.0	0.0	0.0	0.0	0.0	0.0	0.0	0.0	0.0	0.0	0.0	0.0	0.0	0.0	0.0
simple	0.0	0.0008456659619450317	0.0	0.0	0.0	0.00047778308647873863	0.0018091361374943465	0.00015576930565832002	0.0	0.00046980002859652346	0.0010152284263959391	0.0	0.00026483050847457627	0.002228826151560178	0.00038674745391259507	0.0007921419518377693	0.0005076657528683116	0.001507537688442211	0.0	0.0	0.0	0.00015591381084536468	0.0003337412392924686	0.00022870211549456832	0.0006811432307985724	0.0006170554115759595	0.0	0.0	1.0	0.0015037593984962407	0.0008494372478233171	0.0	0.0006863417982155113	0.0	0.0009163103237629811
sr	0.0003846153846153846	0.10789233576642336	0.0	0.00038804811796662784	0.03338729259409146	0.008778395764926623	0.02382009172954579	0.003383431868366693	0.0008194482381862879	0.007615356003210587	0.04849884526558892	0.0	0.02062798496087796	0.06202661207778915	0.00783435926133184	0.014982136683185432	0.015298568843559795	0.14274789701758858	0.006436955698599016	0.0	0.005723006486074018	0.005585942045851274	0.012611341388129464	0.00527822508498837	0.014564739361014099	0.00981419723677942	0.002705836876691148	0.0	0.0015037593984962407	1.0	0.016798418972332016	0.0	0.0061162079510703364	0.0	0.010389900569768741
sv	0.00021510002151000216	0.023869532987398072	0.0	0.0	0.02053622361665716	0.009920283436669619	0.013904589645037305	0.005757263136876435	0.0012267788293024886	0.009621007753400366	0.01750814332247557	0.0	0.013832997987927566	0.015576761156328936	0.008293957977279581	0.013726771874124568	0.009893348301992703	0.023824451410658306	0.0008505209440782479	0.0	0.00042707666026051675	0.011073677234066055	0.010228460504703598	0.00430871570035528	0.012289653142324487	0.008693571542510768	0.00043094160741219563	0.0	0.0008494372478233171	0.016798418972332016	1.0	0.0	0.007560483870967742	0.0	0.011396790663749089
te	0.0	0.0	0.0	0.0	0.0	0.0	0.0	0.0	0.0	0.0	0.0	0.0	0.0	0.0	0.0	0.0	0.0	0.0	0.0	0.0	0.0	0.0	0.0	0.0	0.0	0.0	0.0	0.0	0.0	0.0	0.0	0.0	0.0	0.0	0.0
vi	0.0	0.007728401876897599	0.0	0.0	0.008270871026104937	0.0024612711741711308	0.00421792618629174	0.001969235342201085	0.0	0.002713054580274497	0.005451528798293435	0.0	0.004204067719577321	0.007336200354161397	0.0019079418077748629	0.00502446119264842	0.002791032682092374	0.010172626387176326	0.0	0.0	0.0006997900629811056	0.0030369546260937547	0.002927971891469842	0.0012976642044320223	0.0030080743047126495	0.002668944165688054	0.0	0.0	0.0006863417982155113	0.0061162079510703364	0.007560483870967742	0.0	1.0	0.0	0.0038422131147540983
war	0.0	0.0	0.0	0.0	0.0	0.0	0.0	0.0	0.0	0.0	0.0	0.0	0.0	0.0	0.0	0.0	0.0	0.0	0.0	0.0	0.0	0.0	0.0	0.0	0.0	0.0	0.0	0.0	0.0	0.0	0.0	0.0	0.0	0.0	0.0
zh	0.0	0.011681702521397178	0.0	0.0	0.008632286995515695	0.012777332264100508	0.015691064549469134	0.007035396840353026	0.0030540432877439916	0.016040817824762323	0.014889685903706118	0.0	0.013602967920273514	0.012717536813922356	0.014217570508961238	0.017469348505489223	0.013105341987019471	0.01331235628706281	0.0007641754546843956	0.0	0.0001532567049808429	0.013360739979445015	0.013449367088607595	0.008735662843424913	0.020621729763004002	0.01613129471174078	0.0	0.0	0.0009163103237629811	0.010389900569768741	0.011396790663749089	0.0	0.0038422131147540983	0.0	1.0
