arz	bs	ceb	ckb	da	de	el	en	es	fr	he	hi	hu	id	it	ja	ko	lv	mk	ml	mr	nl	pl	pt	ro	ru	sh	si	simple	sr	sv	te	vi	war	zh
arz	1.0	0.5113636363636364	0.6666666666666666	0.5333333333333333	0.5107692307692308	0.5059588299024919	0.5146948011432982	0.5048408655433084	0.5044483985765125	0.506467343704569	0.5147974088657437	0.525	0.5077519379844961	0.5166301986526441	0.504896795583393	0.5079911229731294	0.5098039215686274	0.5182481751824817	0.5333333333333333	0.5348837209302326	0.5384615384615384	0.5040951316036327	0.5064377682403434	0.5083986562150056	0.5088564975646672	0.5073746312684366	0.5403624382207578	0.7017543859649122	0.5242718446601942	0.509903864278982	0.5094503808979007	0.5	0.5115606936416185	0.7289719626168224	0.5088235294117647
bs	0.5113636363636364	1.0	0.5	0.5166732974592932	0.5893951208644314	0.538610184264806	0.5754892869696604	0.5212756457787091	0.5285586013277497	0.533167687628778	0.6050346596788266	0.5103182273768614	0.5604747504928637	0.6309698752242295	0.5348595019746678	0.5539441427209918	0.5538721856222172	0.6612402630554671	0.5489258136164192	0.5133333333333333	0.5239308884791368	0.5309497242692987	0.5468882479569946	0.5321025937981236	0.5508389028763256	0.5502108954908801	0.5284570462455425	0.528	0.5512770747612763	0.6432880699245479	0.5686450915529462	0.5	0.5432374305076492	0.546218487394958	0.5484100216022263
ceb	0.6666666666666666	0.5	1.0	0.6666666666666666	0.501577287066246	0.5010162601626017	0.671875	0.5006802721088436	0.500965250965251	0.5009487666034156	0.6706231454005934	0.6724890829694323	0.5029940119760479	0.501358695652174	0.5009784735812133	0.6695652173913044	0.6696935300794551	0.5029940119760479	0.6707692307692308	0.6666666666666666	0.6832298136645962	0.5015673981191223	0.5013020833333334	0.5011961722488038	0.5029761904761905	0.6680919294494923	0.5020661157024793	0.6666666666666666	0.5053763440860215	0.5007923930269413	0.5018587360594796	0.6666666666666666	0.6711864406779662	0.6666666666666666	0.6697459584295612
ckb	0.5333333333333333	0.5166732974592932	0.6666666666666666	1.0	0.5083529075735028	0.5033185840707964	0.5076530612244897	0.5018270401948843	0.5027173913043478	0.5032894736842105	0.5099601593625498	0.5625	0.5050505050505051	0.5113122171945702	0.5029761904761905	0.5045537340619308	0.5050505050505051	0.5221238938053098	0.5384615384615384	0.6111111111111112	0.5925925925925926	0.5027777777777778	0.504424778761062	0.5034168564920273	0.5049668874172185	0.5045910077481781	0.5263157894736842	0.72	0.5133689839572192	0.5140689685068384	0.5065502183406114	0.5	0.5076923076923077	0.787878787878788	0.5045317220543807
da	0.5107692307692308	0.5893951208644314	0.501577287066246	0.5083529075735028	1.0	0.5563520108379354	0.5866719901274001	0.5419260256261684	0.5482724859117806	0.5559257543262647	0.5942539194955401	0.5050167224080268	0.5805883658436926	0.5964769795662085	0.5580618850057106	0.5680220855177767	0.5695056866493536	0.5834088519362097	0.5250078655964724	0.5066225165562913	0.5132921256107752	0.5553236241074926	0.5638486054258868	0.5467544424174944	0.554586460306993	0.5644958993356315	0.5110410094637224	0.5194029850746269	0.5639810426540285	0.5829018614708268	0.5998646219500715	0.5	0.5587083537047335	0.5242424242424242	0.5687478792667825
de	0.5059588299024919	0.538610184264806	0.5010162601626017	0.5033185840707964	0.5563520108379354	1.0	0.5781081226931225	0.6074334653497289	0.6146661818430152	0.6271320135856129	0.5582557430307278	0.5016648168701443	0.6011471089753527	0.5490508387872371	0.6224670349186763	0.6062023374883881	0.5803257491677475	0.5283898840922158	0.5108667684976815	0.5027685492801772	0.504991177172177	0.6153621922312066	0.6095787591117477	0.595943590692468	0.5980576905678254	0.6146867411312121	0.5071399709588141	0.5064805583250249	0.541304551133407	0.5407621305029794	0.5718547893707016	0.5	0.5450435357232192	0.5075075075075075	0.6083633444202317
el	0.5146948011432982	0.5754892869696604	0.671875	0.5076530612244897	0.5866719901274001	0.5781081226931225	1.0	0.5530973838620956	0.56651160593314	0.5781584161971245	0.6073443873944255	0.50391448964856	0.5917781460025274	0.5882631602099272	0.57704318545485	0.5995144856915036	0.5891518289199054	0.5681696465696465	0.5247634548012469	0.5064528599647303	0.511810626757619	0.5665391783153594	0.5899445494253587	0.5686573355237268	0.5901717879539455	0.5959413605341978	0.5112309715835517	0.6964618249534451	0.5643195252422132	0.5711258249935438	0.5825481306119311	0.5	0.5521382190283403	0.6992481203007519	0.5893990202305204
en	0.5048408655433084	0.5212756457787091	0.5006802721088436	0.5018270401948843	0.5419260256261684	0.6074334653497289	0.5530973838620956	1.0	0.6178348086515157	0.6111249117754769	0.5351954417850768	0.50091519219036	0.5670418070144517	0.5313690841486676	0.6189207320008349	0.5726270612484109	0.5574830455211912	0.5160228495383997	0.5063690546328173	0.5015234613040829	0.5027815026611466	0.6089377143340748	0.5852128597346007	0.5836542657810884	0.5670918418684432	0.5836546724838713	0.5039469230539841	0.5057239057239057	0.5258102827159642	0.5255961574699658	0.5606802591402466	0.5	0.54487255900155	0.5053908355795148	0.5846957383510217
es	0.5044483985765125	0.5285586013277497	0.500965250965251	0.5027173913043478	0.5482724859117806	0.6146661818430152	0.56651160593314	0.6178348086515157	1.0	0.6167693918584897	0.5500154909556014	0.5013623978201636	0.5845455492584432	0.5394235417436593	0.6287616592406142	0.5905946855790101	0.570578976099459	0.5229346561688079	0.5095888694387117	0.5022665457842249	0.5038250068226451	0.601329890239238	0.6004943478798515	0.6023425798229184	0.5813857945461064	0.6061243083037471	0.5053859964093357	0.506641366223909	0.5338345864661654	0.5320574784165514	0.5591427221246028	0.5	0.5375854214123007	0.5076190476190476	0.5980919329887949
fr	0.506467343704569	0.533167687628778	0.5009487666034156	0.5032894736842105	0.5559257543262647	0.6271320135856129	0.5781584161971245	0.6111249117754769	0.6167693918584897	1.0	0.5603853463307132	0.5016553119766611	0.6047013419969962	0.546870022807487	0.6330343845745064	0.6056643512670796	0.5830895743953707	0.5282190135709058	0.5102785057448269	0.5027545754445394	0.5044248612851305	0.6087002926917376	0.6098299823564667	0.6046389871702954	0.6117247039646061	0.6139547055586573	0.5048752878374254	0.5074766355140187	0.5377595235616429	0.535824518804229	0.566527524236249	0.5	0.5428688528177551	0.5074906367041199	0.597702599847387
he	0.5147974088657437	0.6050346596788266	0.6706231454005934	0.5099601593625498	0.5942539194955401	0.5582557430307278	0.6073443873944255	0.5351954417850768	0.5500154909556014	0.5603853463307132	1.0	0.5061620649156373	0.5785963978677139	0.6054554644350173	0.5543896201684123	0.5844735658660364	0.5816195492195375	0.6123695013287936	0.5339120998372219	0.508	0.5165340028847695	0.548895378797281	0.5742431859962126	0.5557682033944861	0.5738958701637664	0.5808311586160466	0.515243422502545	0.6915351506456241	0.5764237417134537	0.6022372163620362	0.579023375938543	0.5	0.5472500501568521	0.6956521739130435	0.5751548857163505
hi	0.525	0.5103182273768614	0.6724890829694323	0.5625	0.5050167224080268	0.5016648168701443	0.50391448964856	0.50091519219036	0.5013623978201636	0.5016553119766611	0.5061620649156373	1.0	0.5030549898167006	0.5069124423963134	0.5014925373134328	0.5018315018315018	0.5025380710659899	0.5138999167496764	0.5319148936170213	0.5714285714285714	0.5466012613875263	0.5013927576601671	0.5022222222222222	0.5017142857142858	0.502495840266223	0.5022900763358779	0.5151515151515151	0.7131782945736435	0.5081967213114754	0.5085714285714286	0.5032967032967033	0.5	0.5046728971962617	0.7193675889328064	0.5022761760242792
hu	0.5077519379844961	0.5604747504928637	0.5029940119760479	0.5050505050505051	0.5805883658436926	0.6011471089753527	0.5917781460025274	0.5670418070144517	0.5845455492584432	0.6047013419969962	0.5785963978677139	0.5030549898167006	1.0	0.5753446046754237	0.5999949708812264	0.6020489767491879	0.5755304351885095	0.5535837224036492	0.5199249025675553	0.5050709939148074	0.5093280698968451	0.5862951695071761	0.601285019595447	0.5912296553129966	0.6111743916904974	0.6000257731818623	0.5068762278978389	0.5154929577464789	0.5503272906528581	0.5599575891069689	0.5798265756729122	0.5	0.5587034779652839	0.5170454545454546	0.5840766460592468
id	0.5166301986526441	0.6309698752242295	0.501358695652174	0.5113122171945702	0.5964769795662085	0.5490508387872371	0.5882631602099272	0.5313690841486676	0.5394235417436593	0.546870022807487	0.6054554644350173	0.5069124423963134	0.5753446046754237	1.0	0.5451203495527239	0.5777508313849639	0.5762582543764928	0.6270818637186738	0.5343275130939998	0.509090909090909	0.51830209152539	0.5407905895871745	0.5588826964729375	0.545226328748825	0.56135829703797	0.5666065350959839	0.5172975874802752	0.5092838196286472	0.5651793879330512	0.6112856128552128	0.5703104625819109	0.5	0.5611071145160453	0.5106666666666667	0.5674870297670833
it	0.504896795583393	0.5348595019746678	0.5009784735812133	0.5029761904761905	0.5580618850057106	0.6224670349186763	0.57704318545485	0.6189207320008349	0.6287616592406142	0.6330343845745064	0.5543896201684123	0.5014925373134328	0.5999949708812264	0.5451203495527239	1.0	0.6021551200501835	0.5775897262027497	0.5265329511260556	0.5103278239487623	0.5024826216484608	0.5039775613059088	0.6087117202415944	0.6147844651569274	0.6022132499158707	0.591858215894247	0.6128640010555825	0.5064079451964995	0.5057581573896353	0.5378734240102025	0.536348835994056	0.5684039825599297	0.5	0.5460217056950372	0.5067437379576109	0.6040606024329251
ja	0.5079911229731294	0.5539441427209918	0.6695652173913044	0.5045537340619308	0.5680220855177767	0.6062023374883881	0.5995144856915036	0.5726270612484109	0.5905946855790101	0.6056643512670796	0.5844735658660364	0.5018315018315018	0.6020489767491879	0.5777508313849639	0.6021551200501835	1.0	0.599604849988082	0.5457269129582567	0.5142026162802015	0.5036496350364964	0.5063878414812399	0.5844249410296308	0.601029692300657	0.5904664992882811	0.597952958333469	0.6171740695759486	0.5080213903743316	0.6850477200424179	0.5547749918380991	0.5528623706181893	0.5817831590118436	0.5	0.5600050030583764	0.688034188034188	0.6107785445800703
ko	0.5098039215686274	0.5538721856222172	0.6696935300794551	0.5050505050505051	0.5695056866493536	0.5803257491677475	0.5891518289199054	0.5574830455211912	0.570578976099459	0.5830895743953707	0.5816195492195375	0.5025380710659899	0.5755304351885095	0.5762582543764928	0.5775897262027497	0.599604849988082	1.0	0.5447959240081072	0.5156595074539415	0.5042158516020236	0.5077223115705325	0.563939841517599	0.5808600257579317	0.5733825740283467	0.5752116828238704	0.5887897727903673	0.5074398256822338	0.6873614190687362	0.5550695843714171	0.5521055887578896	0.5708603100925139	0.5	0.5459546930819059	0.6905027932960894	0.5895992099086997
lv	0.5182481751824817	0.6612402630554671	0.5029940119760479	0.5221238938053098	0.5834088519362097	0.5283898840922158	0.5681696465696465	0.5160228495383997	0.5229346561688079	0.5282190135709058	0.6123695013287936	0.5138999167496764	0.5535837224036492	0.6270818637186738	0.5265329511260556	0.5457269129582567	0.5447959240081072	1.0	0.5547035811462199	0.5178571428571429	0.537991186670491	0.5243569544955006	0.5387285711650481	0.5288121042371401	0.5433319924099949	0.5405689696046667	0.5323348345246457	0.5294117647058824	0.5568866604659888	0.6536973511670601	0.5552154229552947	0.5	0.5382553289078141	0.5384615384615384	0.5396641648451531
mk	0.5333333333333333	0.5489258136164192	0.6707692307692308	0.5384615384615384	0.5250078655964724	0.5108667684976815	0.5247634548012469	0.5063690546328173	0.5095888694387117	0.5102785057448269	0.5339120998372219	0.5319148936170213	0.5199249025675553	0.5343275130939998	0.5103278239487623	0.5142026162802015	0.5156595074539415	0.5547035811462199	1.0	0.54	0.5673758865248227	0.5096201470340986	0.5152851409919588	0.512394343843913	0.5171557194857048	0.5142282479957017	0.5373134328358209	0.6888888888888889	0.5308056872037915	0.5446039316570102	0.5190573039733137	0.5	0.5156695156695157	0.7089337175792507	0.5164277566736987
ml	0.5348837209302326	0.5133333333333333	0.6666666666666666	0.6111111111111112	0.5066225165562913	0.5027685492801772	0.5064528599647303	0.5015234613040829	0.5022665457842249	0.5027545754445394	0.508	0.5714285714285714	0.5050709939148074	0.509090909090909	0.5024826216484608	0.5036496350364964	0.5042158516020236	0.5178571428571429	0.54	1.0	0.6116504854368933	0.5023327352258098	0.5036927621861153	0.5028506271379704	0.5041528728972303	0.5038051750380518	0.5277777777777778	0.7042253521126761	0.5135135135135135	0.5112359550561798	0.5043668122270742	0.5	0.5061728395061729	0.7184466019417476	0.5037821482602118
mr	0.5384615384615384	0.5239308884791368	0.6832298136645962	0.5925925925925926	0.5132921256107752	0.504991177172177	0.511810626757619	0.5027815026611466	0.5038250068226451	0.5044248612851305	0.5165340028847695	0.5466012613875263	0.5093280698968451	0.51830209152539	0.5039775613059088	0.5063878414812399	0.5077223115705325	0.537991186670491	0.5673758865248227	0.6116504854368933	1.0	0.504202990265138	0.5067604131537876	0.5051255249283912	0.5075435354762203	0.5061508907157943	0.5333333333333333	0.7	0.5235602094240838	0.5232927474854421	0.5076368665041668	0.5	0.5107563810204138	0.7150259067357513	0.5067859788296576
nl	0.5040951316036327	0.5309497242692987	0.5015673981191223	0.5027777777777778	0.5553236241074926	0.6153621922312066	0.5665391783153594	0.6089377143340748	0.601329890239238	0.6087002926917376	0.548895378797281	0.5013927576601671	0.5862951695071761	0.5407905895871745	0.6087117202415944	0.5844249410296308	0.563939841517599	0.5243569544955006	0.5096201470340986	0.5023327352258098	0.504202990265138	1.0	0.5974419027518711	0.6098791885164324	0.5827699846917388	0.5975144906363005	0.5045946655741252	0.510670731707317	0.5318507078327365	0.5322333095723719	0.5786250053024589	0.5	0.5519898809482203	0.5122699386503067	0.595076208184923
pl	0.5064377682403434	0.5468882479569946	0.5013020833333334	0.504424778761062	0.5638486054258868	0.6095787591117477	0.5899445494253587	0.5852128597346007	0.6004943478798515	0.6098299823564667	0.5742431859962126	0.5022222222222222	0.601285019595447	0.5588826964729375	0.6147844651569274	0.601029692300657	0.5808600257579317	0.5387285711650481	0.5152851409919588	0.5036927621861153	0.5067604131537876	0.5974419027518711	1.0	0.5911125833513259	0.5942619632942061	0.6170206322007001	0.5087209302325582	0.5082592121982211	0.5476578876711381	0.5532653636802723	0.5744601514937476	0.5	0.5460232006885538	0.510230179028133	0.5986360469289942
pt	0.5083986562150056	0.5321025937981236	0.5011961722488038	0.5034168564920273	0.5467544424174944	0.595943590692468	0.5686573355237268	0.5836542657810884	0.6023425798229184	0.6046389871702954	0.5557682033944861	0.5017142857142858	0.5912296553129966	0.545226328748825	0.6022132499158707	0.5904664992882811	0.5733825740283467	0.5288121042371401	0.512394343843913	0.5028506271379704	0.5051255249283912	0.6098791885164324	0.5911125833513259	1.0	0.5909217448083696	0.5889499413571656	0.5050505050505051	0.5081967213114754	0.5378984590426812	0.5341469104933387	0.5590461373944335	0.5	0.5373775965724205	0.5094117647058823	0.583926542552388
ro	0.5088564975646672	0.5508389028763256	0.5029761904761905	0.5049668874172185	0.554586460306993	0.5980576905678254	0.5901717879539455	0.5670918418684432	0.5813857945461064	0.6117247039646061	0.5738958701637664	0.502495840266223	0.6111743916904974	0.56135829703797	0.591858215894247	0.597952958333469	0.5752116828238704	0.5433319924099949	0.5171557194857048	0.5041528728972303	0.5075435354762203	0.5827699846917388	0.5942619632942061	0.5909217448083696	1.0	0.6057285236457798	0.5065004834596073	0.5168539325842697	0.544257497725307	0.5472846288714115	0.5653512299323463	0.5	0.5448317844974878	0.5213675213675213	0.5946896640688664
ru	0.5073746312684366	0.5502108954908801	0.6680919294494923	0.5045910077481781	0.5644958993356315	0.6146867411312121	0.5959413605341978	0.5836546724838713	0.6061243083037471	0.6139547055586573	0.5808311586160466	0.5022900763358779	0.6000257731818623	0.5666065350959839	0.6128640010555825	0.6171740695759486	0.5887897727903673	0.5405689696046667	0.5142282479957017	0.5038051750380518	0.5061508907157943	0.5975144906363005	0.6170206322007001	0.5889499413571656	0.6057285236457798	1.0	0.5074626865671642	0.6786850477200425	0.5504513373005409	0.547147771059804	0.5760545950855412	0.5	0.5532052206137659	0.6779840848806366	0.6131531966673992
sh	0.5403624382207578	0.5284570462455425	0.5020661157024793	0.5263157894736842	0.5110410094637224	0.5071399709588141	0.5112309715835517	0.5039469230539841	0.5053859964093357	0.5048752878374254	0.515243422502545	0.5151515151515151	0.5068762278978389	0.5172975874802752	0.5064079451964995	0.5080213903743316	0.5074398256822338	0.5323348345246457	0.5373134328358209	0.5277777777777778	0.5333333333333333	0.5045946655741252	0.5087209302325582	0.5050505050505051	0.5065004834596073	0.5074626865671642	1.0	0.5139442231075697	0.5123152709359606	0.532679496973132	0.5085859710746065	0.5	0.5058479532163742	0.5150300601202404	0.5074183976261127
si	0.7017543859649122	0.528	0.6666666666666666	0.72	0.5194029850746269	0.5064805583250249	0.6964618249534451	0.5057239057239057	0.506641366223909	0.5074766355140187	0.6915351506456241	0.7131782945736435	0.5154929577464789	0.5092838196286472	0.5057581573896353	0.6850477200424179	0.6873614190687362	0.5294117647058824	0.6888888888888889	0.7042253521126761	0.7	0.510670731707317	0.5082592121982211	0.5081967213114754	0.5168539325842697	0.6786850477200425	0.5139442231075697	1.0	0.529126213592233	0.5100154083204931	0.512589928057554	0.6947368421052631	0.6972176759410802	0.7586206896551725	0.6877113866967305
simple	0.5242718446601942	0.5512770747612763	0.5053763440860215	0.5133689839572192	0.5639810426540285	0.541304551133407	0.5643195252422132	0.5258102827159642	0.5338345864661654	0.5377595235616429	0.5764237417134537	0.5081967213114754	0.5503272906528581	0.5651793879330512	0.5378734240102025	0.5547749918380991	0.5550695843714171	0.5568866604659888	0.5308056872037915	0.5135135135135135	0.5235602094240838	0.5318507078327365	0.5476578876711381	0.5378984590426812	0.544257497725307	0.5504513373005409	0.5123152709359606	0.529126213592233	1.0	0.5539194374610136	0.5546469353994159	0.5	0.5403303224193282	0.5320197044334976	0.5502770696261469
sr	0.509903864278982	0.6432880699245479	0.5007923930269413	0.5140689685068384	0.5829018614708268	0.5407621305029794	0.5711258249935438	0.5255961574699658	0.5320574784165514	0.535824518804229	0.6022372163620362	0.5085714285714286	0.5599575891069689	0.6112856128552128	0.536348835994056	0.5528623706181893	0.5521055887578896	0.6536973511670601	0.5446039316570102	0.5112359550561798	0.5232927474854421	0.5322333095723719	0.5532653636802723	0.5341469104933387	0.5472846288714115	0.547147771059804	0.532679496973132	0.5100154083204931	0.5539194374610136	1.0	0.5592946624089976	0.5	0.5378579102246719	0.5108359133126935	0.5485312253603704
sv	0.5094503808979007	0.5686450915529462	0.5018587360594796	0.5065502183406114	0.5998646219500715	0.5718547893707016	0.5825481306119311	0.5606802591402466	0.5591427221246028	0.566527524236249	0.579023375938543	0.5032967032967033	0.5798265756729122	0.5703104625819109	0.5684039825599297	0.5817831590118436	0.5708603100925139	0.5552154229552947	0.5190573039733137	0.5043668122270742	0.5076368665041668	0.5786250053024589	0.5744601514937476	0.5590461373944335	0.5653512299323463	0.5760545950855412	0.5085859710746065	0.512589928057554	0.5546469353994159	0.5592946624089976	1.0	0.5	0.575390283599977	0.5144927536231884	0.5766284429042303
te	0.5	0.5	0.6666666666666666	0.5	0.5	0.5	0.5	0.5	0.5	0.5	0.5	0.5	0.5	0.5	0.5	0.5	0.5	0.5	0.5	0.5	0.5	0.5	0.5	0.5	0.5	0.5	0.5	0.6947368421052631	0.5	0.5	0.5	1.0	0.5	0.6956521739130435	0.5
vi	0.5115606936416185	0.5432374305076492	0.6711864406779662	0.5076923076923077	0.5587083537047335	0.5450435357232192	0.5521382190283403	0.54487255900155	0.5375854214123007	0.5428688528177551	0.5472500501568521	0.5046728971962617	0.5587034779652839	0.5611071145160453	0.5460217056950372	0.5600050030583764	0.5459546930819059	0.5382553289078141	0.5156695156695157	0.5061728395061729	0.5107563810204138	0.5519898809482203	0.5460232006885538	0.5373775965724205	0.5448317844974878	0.5532052206137659	0.5058479532163742	0.6972176759410802	0.5403303224193282	0.5378579102246719	0.575390283599977	0.5	1.0	0.7019867549668874	0.5571215437019574
war	0.7289719626168224	0.546218487394958	0.6666666666666666	0.787878787878788	0.5242424242424242	0.5075075075075075	0.6992481203007519	0.5053908355795148	0.5076190476190476	0.5074906367041199	0.6956521739130435	0.7193675889328064	0.5170454545454546	0.5106666666666667	0.5067437379576109	0.688034188034188	0.6905027932960894	0.5384615384615384	0.7089337175792507	0.7184466019417476	0.7150259067357513	0.5122699386503067	0.510230179028133	0.5094117647058823	0.5213675213675213	0.6779840848806366	0.5150300601202404	0.7586206896551725	0.5320197044334976	0.5108359133126935	0.5144927536231884	0.6956521739130435	0.7019867549668874	1.0	0.6909090909090909
zh	0.5088235294117647	0.5484100216022263	0.6697459584295612	0.5045317220543807	0.5687478792667825	0.6083633444202317	0.5893990202305204	0.5846957383510217	0.5980919329887949	0.597702599847387	0.5751548857163505	0.5022761760242792	0.5840766460592468	0.5674870297670833	0.6040606024329251	0.6107785445800703	0.5895992099086997	0.5396641648451531	0.5164277566736987	0.5037821482602118	0.5067859788296576	0.595076208184923	0.5986360469289942	0.583926542552388	0.5946896640688664	0.6131531966673992	0.5074183976261127	0.6877113866967305	0.5502770696261469	0.5485312253603704	0.5766284429042303	0.5	0.5571215437019574	0.6909090909090909	1.0
