arz	bs	ceb	ckb	da	de	el	en	es	fr	he	hi	hu	id	it	ja	ko	lv	mk	ml	mr	nl	pl	pt	ro	ru	sh	si	simple	sr	sv	te	vi	war	zh
arz	1.0	0.5303097953616406	1.0	0.6413391080843027	0.0	0.7863954451402115	1.0	1.0	1.0	0.7863954451402115	1.0	0.0	1.0	0.8216064286890065	0.7863954451402115	1.0	1.0	1.0	1.0	0.3384955903754543	0.3294425703339551	1.0	0.5020797777427737	1.0	0.0	1.0	1.0	0.4506442252064355	1.0	1.0	1.0	0.5337310636909411	1.0	0.7263875964832449	1.0
bs	0.5303097953616406	1.0	0.6037013996414655	0.2659753875201637	0.5020797777427737	0.25073271956860044	0.41262692815618174	0.24796342174641745	0.36346866761799	0.20758710667436578	0.3932660984268108	0.0	0.3565924689871377	0.8216064286890065	0.2701435979044006	0.36311753271338587	0.38079151300125985	0.4044896415167452	0.3649654132110571	0.13799707412561746	0.15501549472113582	0.32141011954716264	0.26393376245565325	0.352653766173288	0.7686211302775307	0.36985164927667463	0.2813388878960884	0.23256388341451434	1.0	0.3746422037537149	0.30357203083252227	0.19385676216582062	0.4164957977172098	0.32533055542735945	0.42595730095027373
ceb	1.0	0.6037013996414655	1.0	0.7265334708466399	0.6573121139719311	0.5060038195004856	0.5996750015041121	0.5481094133341239	0.5481094133341238	0.5481094133341238	0.5481094133341238	0.5481094133341239	0.5996750015041121	0.5644743484066911	0.6380732827477678	0.5586224056144835	0.6083205246688957	0.6856333412409469	0.43338942243014594	0.5764293418870677	0.38011388661649537	0.6380732827477678	0.5481094133341238	0.4796599088197495	0.5481094133341238	0.5321562555156019	0.657312113971931	0.6333559403165775	0.5996750015041121	0.5481094133341238	0.6380732827477678	1.0	0.5996750015041121	0.6573121139719311	0.6461432795904544
ckb	0.6413391080843027	0.2659753875201637	0.7265334708466399	1.0	0.2280532811227154	0.2547173030729333	0.2208207502446274	0.1437868482440127	0.2454677731414055	0.19506947022744234	0.19266015554653085	0.24242669236581627	0.2391425949699506	0.25899669841127254	0.1626490131631729	0.18061555370438742	0.18132107052020482	0.22514429756713705	0.20008174444949564	0.2702478599206814	0.2527507315417254	0.2429260288260196	0.2256436034496223	0.1711592986970257	0.18331884044539418	0.14536897569836846	0.19069122067938754	0.3428368162976629	0.25276519148370313	0.23899697931329553	0.17536876406000293	0.4273236426112925	0.2364316689078757	0.5876310468429936	0.14954523712758527
da	0.0	0.5020797777427737	0.6573121139719311	0.2280532811227154	1.0	1.0	1.0	0.42086015539690247	1.0	1.0	1.0	0.0	1.0	0.0	1.0	1.0	1.0	1.0	1.0	0.11227505148519684	0.16749498382525588	0.7863954451402115	1.0	1.0	1.0	1.0	0.517346181619858	0.20668691964363994	1.0	1.0	1.0	0.17379146881328705	0.0	0.4185579766642564	1.0
de	0.7863954451402115	0.25073271956860044	0.5060038195004856	0.2547173030729333	1.0	1.0	0.2354712504659387	0.12124566331050038	0.1635452640546886	0.15295369478533039	0.18616818754379302	1.0	0.3656443143709348	0.8013705730858415	0.21988995520852295	0.5753932445026374	0.3060626912731555	0.3672049429711228	0.26549437105390844	0.1005608252357275	0.17014139551127352	0.17625348123170995	0.13552923194975608	0.2680253924053986	0.7455134344225701	0.16900822274232283	0.23991530563908253	0.1874293775527794	0.629896233114065	0.20405923899587503	0.44506264199284223	0.14856556383287628	0.38999068030719186	0.45416095118293015	0.2722179201608055
el	1.0	0.41262692815618174	0.5996750015041121	0.2208207502446274	1.0	0.2354712504659387	1.0	0.2659398426448197	0.7051132249825861	0.325501617141473	1.0	0.0	1.0	0.8668818778977665	0.39314787472108925	1.0	1.0	1.0	1.0	0.1176334929801238	0.16716143490194843	0.3276967147539041	0.2268204821278184	1.0	1.0	1.0	0.3564396324216256	0.1878284117313609	1.0	1.0	0.6667969795412325	0.18388947534904004	1.0	0.3288968126133619	1.0
en	1.0	0.24796342174641745	0.5481094133341239	0.1437868482440127	0.42086015539690247	0.12124566331050038	0.2659398426448197	1.0	0.14922229624236394	0.14318366261404686	0.18620671183986787	0.517346181619858	0.44671844782411635	0.45214571455179714	0.17585298597850355	0.5780965534243105	0.32817987954668065	0.5156008954382976	0.2722424596349994	0.08439962068232108	0.14371315336459953	0.1919142780864312	0.11318013651211571	0.19588510720895905	0.3478429124820439	0.1579239767911356	0.24595192652774653	0.15119933102065128	0.6161562425375515	0.18801479439862126	0.32343964503997535	0.1192322762862122	0.5009356816423703	0.38359727106494645	0.27010995992755377
es	1.0	0.36346866761799	0.5481094133341238	0.2454677731414055	1.0	0.1635452640546886	0.7051132249825861	0.14922229624236394	1.0	0.22521950621619902	0.5735340092341724	1.0	1.0	0.5225564187776461	0.3152272667163487	1.0	1.0	1.0	1.0	0.09399687178940702	0.16788355921056494	0.1887254695252032	0.1502157320936584	0.5761073000459279	0.5219579512048792	0.5064461897873762	0.3452175635158218	0.17693193306403585	1.0	0.6985442743262449	0.535256047632424	0.14695887166954705	1.0	0.4381907524095338	1.0
fr	0.7863954451402115	0.20758710667436578	0.5481094133341238	0.19506947022744234	1.0	0.15295369478533039	0.325501617141473	0.14318366261404686	0.22521950621619902	1.0	0.26077893310525135	1.0	0.4038718061905777	0.7447795397399326	0.1949477803234432	0.569826242322618	0.24416183131320232	0.3823528783452986	0.22425186004799427	0.09105897916051077	0.14934646837995538	0.25993517390577897	0.1659053251094022	0.295366718685857	0.6316759486312533	0.23282350740705943	0.21236899696617442	0.15989825284243891	0.7257120346900999	0.21085587574236578	0.3988754338532916	0.12120388304620627	0.4368891633073435	0.3711859205869974	0.221830363178298
he	1.0	0.3932660984268108	0.5481094133341238	0.19266015554653085	1.0	0.18616818754379302	1.0	0.18620671183986787	0.5735340092341724	0.26077893310525135	1.0	1.0	1.0	0.8785236428974257	0.3522076135864118	1.0	1.0	1.0	1.0	0.09777504110754544	0.16509050359901412	0.28906397137764656	0.19286526666524365	1.0	1.0	1.0	0.39291595928123446	0.158523245885922	1.0	1.0	0.7300208629885035	0.1416968571518364	1.0	0.45501225647844507	1.0
hi	0.0	0.0	0.5481094133341239	0.24242669236581627	0.0	1.0	0.0	0.517346181619858	1.0	1.0	1.0	1.0	0.0	0.0	0.0	0.0	0.0	0.0	0.0	0.09514422030532445	0.15332365550977725	0.0	1.0	1.0	0.0	1.0	0.0	0.17929152044265703	0.0	1.0	0.0	0.1657517149756713	0.0	0.3625970606965821	1.0
hu	1.0	0.3565924689871377	0.5996750015041121	0.2391425949699506	1.0	0.3656443143709348	1.0	0.44671844782411635	1.0	0.4038718061905777	1.0	0.0	1.0	0.8216064286890065	0.3475605459113869	1.0	1.0	1.0	1.0	0.11575525262730614	0.1772234394611613	0.49985767181235136	0.37551057064571763	1.0	1.0	1.0	0.31900734174808626	0.18494196468352073	1.0	1.0	0.6638546162332061	0.17630189001536498	1.0	0.39056696813281	1.0
id	0.8216064286890065	0.8216064286890065	0.5644743484066911	0.25899669841127254	0.0	0.8013705730858415	0.8668818778977665	0.45214571455179714	0.5225564187776461	0.7447795397399326	0.8785236428974257	0.0	0.8216064286890065	1.0	0.3681523905809744	0.8216064286890065	0.8216064286890065	0.0	0.8236800042410135	0.10347652214931014	0.15962493842331163	0.5335977821936743	0.42057305236676207	0.5790780465373483	0.0	0.9109921879398074	0.8216064286890065	0.1717155778027224	1.0	0.8668818778977665	0.8236800042410135	0.1685534820095771	0.5660160774121898	0.41147187996504364	0.5333058520532318
it	0.7863954451402115	0.2701435979044006	0.6380732827477678	0.1626490131631729	1.0	0.21988995520852295	0.39314787472108925	0.17585298597850355	0.3152272667163487	0.1949477803234432	0.3522076135864118	0.0	0.3475605459113869	0.3681523905809744	1.0	0.4266266213384403	0.33225206942784263	0.3864537062665196	0.32430903377525117	0.08605413555383386	0.14153837551277965	0.26162487316764027	0.2030605159467329	0.32937562717881996	0.4415655184745411	0.32812091239826413	0.28539423527395746	0.16971592588542	0.7226721093182614	0.35237896565556204	0.3911637542418836	0.11364370457349268	0.46439594353546465	0.31904289493608295	0.33453580995514554
ja	1.0	0.36311753271338587	0.5586224056144835	0.18061555370438742	1.0	0.5753932445026374	1.0	0.5780965534243105	1.0	0.569826242322618	1.0	0.0	1.0	0.8216064286890065	0.4266266213384403	1.0	1.0	1.0	1.0	0.08829705989833943	0.1394243489491317	0.49574336197186053	0.3824426566302769	1.0	1.0	1.0	0.5313547174141249	0.166161624218253	1.0	1.0	1.0	0.12334254759155786	1.0	0.2971095165036461	1.0
ko	1.0	0.38079151300125985	0.6083205246688957	0.18132107052020482	1.0	0.3060626912731555	1.0	0.32817987954668065	1.0	0.24416183131320232	1.0	0.0	1.0	0.8216064286890065	0.33225206942784263	1.0	1.0	1.0	1.0	0.09051709815305463	0.1432992358963174	0.4713340573092352	0.3144094401161433	1.0	1.0	1.0	0.388714066390201	0.1674555305628969	1.0	1.0	1.0	0.1561474607936616	1.0	0.32417448283470696	1.0
lv	1.0	0.4044896415167452	0.6856333412409469	0.22514429756713705	1.0	0.3672049429711228	1.0	0.5156008954382976	1.0	0.3823528783452986	1.0	0.0	1.0	0.0	0.3864537062665196	1.0	1.0	1.0	1.0	0.10839699623301893	0.17942361446105157	1.0	0.3580819270537371	1.0	1.0	1.0	0.4682547636654013	0.22278950383291043	0.0	1.0	1.0	0.223852235097358	1.0	0.32295033958591685	1.0
mk	1.0	0.3649654132110571	0.43338942243014594	0.20008174444949564	1.0	0.26549437105390844	1.0	0.2722424596349994	1.0	0.22425186004799427	1.0	0.0	1.0	0.8236800042410135	0.32430903377525117	1.0	1.0	1.0	1.0	0.12176777999147934	0.1725875124481288	0.48023323883087105	0.22569193389539013	1.0	1.0	1.0	0.34173727599202325	0.18177988013000618	1.0	1.0	0.6638546162332061	0.19554030385755444	1.0	0.24218051344831729	1.0
ml	0.3384955903754543	0.13799707412561746	0.5764293418870677	0.2702478599206814	0.11227505148519684	0.1005608252357275	0.1176334929801238	0.08439962068232108	0.09399687178940702	0.09105897916051077	0.09777504110754544	0.09514422030532445	0.11575525262730614	0.10347652214931014	0.08605413555383386	0.08829705989833943	0.09051709815305463	0.10839699623301893	0.12176777999147934	1.0	0.16957215595455638	0.0993831034338449	0.10141496917331864	0.08538297437429532	0.11044804448924436	0.09095654555251555	0.10479957478031007	0.20398154731993037	0.09601158076238374	0.10289673333569613	0.09031189420561056	0.1809332915187359	0.08978729000183441	0.3645268095579576	0.09670150010737719
mr	0.3294425703339551	0.15501549472113582	0.38011388661649537	0.2527507315417254	0.16749498382525588	0.17014139551127352	0.16716143490194843	0.14371315336459953	0.16788355921056494	0.14934646837995538	0.16509050359901412	0.15332365550977725	0.1772234394611613	0.15962493842331163	0.14153837551277965	0.1394243489491317	0.1432992358963174	0.17942361446105157	0.1725875124481288	0.16957215595455638	1.0	0.16256205775906635	0.16836682802138112	0.13929358795927652	0.18190956402741573	0.13919461253954396	0.16922392464712588	0.23222857914742628	0.15218643966203518	0.16456317677904522	0.12707427690340514	0.203699943199406	0.16365846495833408	0.2796575513683132	0.13688500328287787
nl	1.0	0.32141011954716264	0.6380732827477678	0.2429260288260196	0.7863954451402115	0.17625348123170995	0.3276967147539041	0.1919142780864312	0.1887254695252032	0.25993517390577897	0.28906397137764656	0.0	0.49985767181235136	0.5335977821936743	0.26162487316764027	0.49574336197186053	0.4713340573092352	1.0	0.48023323883087105	0.0993831034338449	0.16256205775906635	1.0	0.16239807961786273	0.2846074854172317	1.0	0.25803287275190073	0.3594919470287902	0.1965008968908784	1.0	0.3041874859556239	0.4314815524899752	0.15006217736317015	1.0	0.5254696457152265	0.4845881751092829
pl	0.5020797777427737	0.26393376245565325	0.5481094133341238	0.2256436034496223	1.0	0.13552923194975608	0.2268204821278184	0.11318013651211571	0.1502157320936584	0.1659053251094022	0.19286526666524365	1.0	0.37551057064571763	0.42057305236676207	0.2030605159467329	0.3824426566302769	0.3144094401161433	0.3580819270537371	0.22569193389539013	0.10141496917331864	0.16836682802138112	0.16239807961786273	1.0	0.26862618630427804	0.5208060685335912	0.11975045446254654	0.2375624669897423	0.18175520497369071	1.0	0.16466900697374676	0.356307941422265	0.1515823247265341	0.5780965534243105	0.4197601063627897	0.17668114546359873
pt	1.0	0.352653766173288	0.4796599088197495	0.1711592986970257	1.0	0.2680253924053986	1.0	0.19588510720895905	0.5761073000459279	0.295366718685857	1.0	1.0	1.0	0.5790780465373483	0.32937562717881996	1.0	1.0	1.0	1.0	0.08538297437429532	0.13929358795927652	0.2846074854172317	0.26862618630427804	1.0	1.0	1.0	0.3316990916778741	0.15085169314991975	1.0	1.0	0.6638546162332061	0.13429930233836188	1.0	0.29523635716841357	1.0
ro	0.0	0.7686211302775307	0.5481094133341238	0.18331884044539418	1.0	0.7455134344225701	1.0	0.3478429124820439	0.5219579512048792	0.6316759486312533	1.0	0.0	1.0	0.0	0.4415655184745411	1.0	1.0	1.0	1.0	0.11044804448924436	0.18190956402741573	1.0	0.5208060685335912	1.0	1.0	0.5207587692782606	0.45627762828753365	0.20653841657057415	0.0	1.0	1.0	0.20154709639394613	1.0	0.4741111285777366	1.0
ru	1.0	0.36985164927667463	0.5321562555156019	0.14536897569836846	1.0	0.16900822274232283	1.0	0.1579239767911356	0.5064461897873762	0.23282350740705943	1.0	1.0	1.0	0.9109921879398074	0.32812091239826413	1.0	1.0	1.0	1.0	0.09095654555251555	0.13919461253954396	0.25803287275190073	0.11975045446254654	1.0	0.5207587692782606	1.0	0.3408424144225605	0.14179073020710603	1.0	1.0	0.27457123805670114	0.11794905290236501	1.0	0.3309638525773937	1.0
sh	1.0	0.2813388878960884	0.657312113971931	0.19069122067938754	0.517346181619858	0.23991530563908253	0.3564396324216256	0.24595192652774653	0.3452175635158218	0.21236899696617442	0.39291595928123446	0.0	0.31900734174808626	0.8216064286890065	0.28539423527395746	0.5313547174141249	0.388714066390201	0.4682547636654013	0.34173727599202325	0.10479957478031007	0.16922392464712588	0.3594919470287902	0.2375624669897423	0.3316990916778741	0.45627762828753365	0.3408424144225605	1.0	0.18413186863038286	1.0	0.3648633681661403	0.3166894457636613	0.16776442655704765	0.46107677431485633	0.40189539886462033	0.35526743275931133
si	0.4506442252064355	0.23256388341451434	0.6333559403165775	0.3428368162976629	0.20668691964363994	0.1874293775527794	0.1878284117313609	0.15119933102065128	0.17693193306403585	0.15989825284243891	0.158523245885922	0.17929152044265703	0.18494196468352073	0.1717155778027224	0.16971592588542	0.166161624218253	0.1674555305628969	0.22278950383291043	0.18177988013000618	0.20398154731993037	0.23222857914742628	0.1965008968908784	0.18175520497369071	0.15085169314991975	0.20653841657057415	0.14179073020710603	0.18413186863038286	1.0	0.16705769318533709	0.15703036933091744	0.15043252577762373	0.29626852730648606	0.1751395454417988	0.4080908955910677	0.14557926359243942
simple	1.0	1.0	0.5996750015041121	0.25276519148370313	1.0	0.629896233114065	1.0	0.6161562425375515	1.0	0.7257120346900999	1.0	0.0	1.0	1.0	0.7226721093182614	1.0	1.0	0.0	1.0	0.09601158076238374	0.15218643966203518	1.0	1.0	1.0	0.0	1.0	1.0	0.16705769318533709	1.0	1.0	1.0	0.16443133149184846	1.0	0.2961875791016319	1.0
sr	1.0	0.3746422037537149	0.5481094133341238	0.23899697931329553	1.0	0.20405923899587503	1.0	0.18801479439862126	0.6985442743262449	0.21085587574236578	1.0	1.0	1.0	0.8668818778977665	0.35237896565556204	1.0	1.0	1.0	1.0	0.10289673333569613	0.16456317677904522	0.3041874859556239	0.16466900697374676	1.0	1.0	1.0	0.3648633681661403	0.15703036933091744	1.0	1.0	1.0	0.1635159734792992	1.0	0.4669566631593899	1.0
sv	1.0	0.30357203083252227	0.6380732827477678	0.17536876406000293	1.0	0.44506264199284223	0.6667969795412325	0.32343964503997535	0.535256047632424	0.3988754338532916	0.7300208629885035	0.0	0.6638546162332061	0.8236800042410135	0.3911637542418836	1.0	1.0	1.0	0.6638546162332061	0.09031189420561056	0.12707427690340514	0.4314815524899752	0.356307941422265	0.6638546162332061	1.0	0.27457123805670114	0.3166894457636613	0.15043252577762373	1.0	1.0	1.0	0.12722485048838683	1.0	0.27902197470937024	1.0
te	0.5337310636909411	0.19385676216582062	1.0	0.4273236426112925	0.17379146881328705	0.14856556383287628	0.18388947534904004	0.1192322762862122	0.14695887166954705	0.12120388304620627	0.1416968571518364	0.1657517149756713	0.17630189001536498	0.1685534820095771	0.11364370457349268	0.12334254759155786	0.1561474607936616	0.223852235097358	0.19554030385755444	0.1809332915187359	0.203699943199406	0.15006217736317015	0.1515823247265341	0.13429930233836188	0.20154709639394613	0.11794905290236501	0.16776442655704765	0.29626852730648606	0.16443133149184846	0.1635159734792992	0.12722485048838683	1.0	0.1490102074107414	0.45665420893299086	0.12870238032657863
vi	1.0	0.4164957977172098	0.5996750015041121	0.2364316689078757	0.0	0.38999068030719186	1.0	0.5009356816423703	1.0	0.4368891633073435	1.0	0.0	1.0	0.5660160774121898	0.46439594353546465	1.0	1.0	1.0	1.0	0.08978729000183441	0.16365846495833408	1.0	0.5780965534243105	1.0	1.0	1.0	0.46107677431485633	0.1751395454417988	1.0	1.0	1.0	0.1490102074107414	1.0	0.3693346003323648	1.0
war	0.7263875964832449	0.32533055542735945	0.6573121139719311	0.5876310468429936	0.4185579766642564	0.45416095118293015	0.3288968126133619	0.38359727106494645	0.4381907524095338	0.3711859205869974	0.45501225647844507	0.3625970606965821	0.39056696813281	0.41147187996504364	0.31904289493608295	0.2971095165036461	0.32417448283470696	0.32295033958591685	0.24218051344831729	0.3645268095579576	0.2796575513683132	0.5254696457152265	0.4197601063627897	0.29523635716841357	0.4741111285777366	0.3309638525773937	0.40189539886462033	0.4080908955910677	0.2961875791016319	0.4669566631593899	0.27902197470937024	0.45665420893299086	0.3693346003323648	1.0	0.3192647548063141
zh	1.0	0.42595730095027373	0.6461432795904544	0.14954523712758527	1.0	0.2722179201608055	1.0	0.27010995992755377	1.0	0.221830363178298	1.0	1.0	1.0	0.5333058520532318	0.33453580995514554	1.0	1.0	1.0	1.0	0.09670150010737719	0.13688500328287787	0.4845881751092829	0.17668114546359873	1.0	1.0	1.0	0.35526743275931133	0.14557926359243942	1.0	1.0	1.0	0.12870238032657863	1.0	0.3192647548063141	1.0
