arz	bs	ceb	ckb	da	de	el	en	es	fr	he	hi	hu	id	it	ja	ko	lv	mk	ml	mr	nl	pl	pt	ro	ru	sh	si	simple	sr	sv	te	vi	war	zh
arz	0.0	0.0	0.0	0.0	0.0	0.0	0.0	0.0	0.0	0.0	0.0	0.0	0.0	0.0	0.0	0.0	0.0	0.0	0.0	0.0	0.0	0.0	0.0	0.0	0.0	0.0	0.0	0.004524886877828055	0.0	0.0	0.0	0.0	0.0	0.0	0.0
bs	0.0	1.0	0.0013986013986013986	0.0013404825737265416	0.0	0.0036540803897685747	0.0	0.0020766471587691147	0.0	0.004591836734693878	0.0	0.0	0.0	0.003278688524590164	0.002655771195097038	0.0	0.0	0.0	0.0	0.0006901311249137336	0.0	0.00039494470774091627	0.0	0.0	0.0	0.0	0.049891540130151846	0.0022497187851518562	0.0	0.0	0.001890359168241966	0.0012062726176115801	0.0	0.0	0.0
ceb	0.0	0.0013986013986013986	1.0	0.0	0.0	0.0	0.0	0.0	0.0	0.0	0.0	0.0	0.0	0.0004450378282153983	0.0	0.0	0.0	0.0	0.0	0.0	0.0	0.0	0.0	0.0	0.0	0.0	0.0	0.01092896174863388	0.0	0.0	0.0	0.0	0.0	0.0	0.0
ckb	0.0	0.0013404825737265416	0.0	1.0	0.0	0.0	0.00043782837127845885	0.0	0.0	2.0030446278343083e-05	0.0	0.0	0.0	0.0	0.0	0.0	0.0	0.0	0.0	0.0	0.0	0.0	6.989585517578807e-05	2.1560087965158897e-05	0.0	1.753063478428554e-05	0.0	0.0	0.0	0.0	0.00010157956219208695	0.0	0.0	0.0	0.0
da	0.0	0.0	0.0	0.0	0.0	0.0	0.0	0.0	0.0	0.0	0.0	0.0	0.0	0.0	0.0	0.0	0.0	0.0	0.0	0.0016207455429497568	0.0	0.0	0.0	0.0	0.0	0.0	0.0	0.0007727975270479134	0.0	0.0	0.0	0.0	0.0	0.0	0.0
de	0.0	0.0036540803897685747	0.0	0.0	0.0	1.0	0.0	0.0007705347511172754	0.0	0.0022236340533672173	0.0	0.0	0.0	0.0	0.0014790468364831552	0.0	0.0	0.0	0.0	8.865248226950355e-05	0.0001355197181189863	0.0	2.7143855648975658e-05	0.0	0.0	0.0	0.003003003003003003	0.0	0.0	0.0	0.0	0.0	0.0	0.0	0.0
el	0.0	0.0	0.0	0.00043782837127845885	0.0	0.0	0.0	0.0	0.0	0.0	0.0	0.0	0.0	0.0	0.0	0.0	0.0	0.0	0.0	0.0023482053002348204	0.00156128024980484	0.0	0.0	0.0	0.0	0.0	0.0	0.0	0.0	0.0	0.0	0.0	0.0	0.0	0.0
en	0.0	0.0020766471587691147	0.0	0.0	0.0	0.0007705347511172754	0.0	1.0	0.0	0.0023532872481247242	0.0	0.0	0.0	0.00036656891495601173	0.002982005141388175	0.0	0.0	0.0	0.0	2.1014804930073237e-05	1.4030509342565408e-05	0.00027111291853056796	0.00019867944396246282	0.0	0.0	0.0	0.001691411388836685	7.018578176433018e-06	0.0	0.0	0.00018604651162790697	0.0	0.0	0.0	0.0
es	0.0	0.0	0.0	0.0	0.0	0.0	0.0	0.0	1.0	0.0	0.0	0.0	0.0	0.0	0.0	0.0	0.0	0.0	0.0	0.00024786218862312553	0.0001908761213972132	0.0	0.0	0.0	0.0	0.0	0.0	6.417661404184315e-05	0.0	0.0	0.0	0.0	0.0	0.0	0.0
fr	0.0	0.004591836734693878	0.0	2.0030446278343083e-05	0.0	0.0022236340533672173	0.0	0.0023532872481247242	0.0	1.0	0.0	0.0	0.0	0.00047214353163361664	0.01151056449069694	0.0	0.0	0.0	0.0	0.00011852554225435582	5.9757385016831667e-05	0.0004952947003467063	5.417118093174431e-05	0.0	0.0	0.0	0.00606366851945427	3.994647172788463e-05	0.0	0.0	0.0004911591355599214	1.999720039194513e-05	0.0	0.0	0.0
he	0.0	0.0	0.0	0.0	0.0	0.0	0.0	0.0	0.0	0.0	0.0	0.0	0.0	0.0	0.0	0.0	0.0	0.0	0.0	0.0002959455460195324	0.00047355958958168905	0.0	0.0	0.0	0.0	0.0	0.0	0.00016129032258064516	0.0	0.0	0.0	0.0	0.0	0.0	0.0
hi	0.0	0.0	0.0	0.0	0.0	0.0	0.0	0.0	0.0	0.0	0.0	0.0	0.0	0.0	0.0	0.0	0.0	0.0	0.0	0.00042158516020236085	0.002054442732408834	0.0	0.0	0.0	0.0	0.0	0.0	0.0	0.0	0.0	0.0	0.001142204454597373	0.0	0.0	0.0
hu	0.0	0.0	0.0	0.0	0.0	0.0	0.0	0.0	0.0	0.0	0.0	0.0	0.0	0.0	0.0	0.0	0.0	0.0	0.0	0.0010960906101571063	0.0012958963282937365	0.0	0.0	0.0	0.0	0.0	0.0	0.0	0.0	0.0	0.0	0.00047192071731949034	0.0	0.0	0.0
id	0.0	0.003278688524590164	0.0004450378282153983	0.0	0.0	0.0	0.0	0.00036656891495601173	0.0	0.00047214353163361664	0.0	0.0	0.0	1.0	0.00039556962025316455	0.0	0.0	0.0	0.0	0.0003354579000335458	0.00039077764751856197	0.0	6.833868653044488e-06	0.0	0.0	0.0	0.0	0.00041288191577208916	0.0	0.0	0.0	0.0	0.0	0.00044543429844097997	0.0
it	0.0	0.002655771195097038	0.0	0.0	0.0	0.0014790468364831552	0.0	0.002982005141388175	0.0	0.01151056449069694	0.0	0.0	0.0	0.00039556962025316455	1.0	0.0	0.0	0.0	0.0	0.00010129830662997417	5.100999795960008e-05	0.00043004587155963305	7.303340946512987e-05	0.0	0.0	0.0	0.0024400162667751117	3.408548639989093e-05	0.0	0.0	0.00020100502512562814	1.7060188344479325e-05	0.0	1.7094017094017095e-05	0.0
ja	0.0	0.0	0.0	0.0	0.0	0.0	0.0	0.0	0.0	0.0	0.0	0.0	0.0	0.0	0.0	0.0	0.0	0.0	0.0	0.00010590602605288241	0.00014334862385321102	0.0	0.0	0.0	0.0	0.0	0.0	0.0002881532975542989	0.0	0.0	0.0	3.60893572485474e-05	0.0	0.0	0.0
ko	0.0	0.0	0.0	0.0	0.0	0.0	0.0	0.0	0.0	0.0	0.0	0.0	0.0	0.0	0.0	0.0	0.0	0.0	0.0	0.0006825006825006825	0.0002895613146083683	0.0	0.0	0.0	0.0	0.0	0.0	0.0	0.0	0.0	0.0	0.00014903129657228018	0.0	0.0	0.0
lv	0.0	0.0	0.0	0.0	0.0	0.0	0.0	0.0	0.0	0.0	0.0	0.0	0.0	0.0	0.0	0.0	0.0	0.0	0.0	0.0007993605115907274	0.0012062726176115801	0.0	0.0	0.0	0.0	0.0	0.0	0.002894356005788712	0.0	0.0	0.0	0.001584786053882726	0.0	0.0	0.0
mk	0.0	0.0	0.0	0.0	0.0	0.0	0.0	0.0	0.0	0.0	0.0	0.0	0.0	0.0	0.0	0.0	0.0	0.0	0.0	0.0014177693761814746	0.0011799410029498525	0.0	0.0	0.0	0.0	0.0	0.0	0.0	0.0	0.0	0.0	0.0	0.0	0.0	0.0
ml	0.0	0.0006901311249137336	0.0	0.0	0.0016207455429497568	8.865248226950355e-05	0.0023482053002348204	2.1014804930073237e-05	0.00024786218862312553	0.00011852554225435582	0.0002959455460195324	0.00042158516020236085	0.0010960906101571063	0.0003354579000335458	0.00010129830662997417	0.00010590602605288241	0.0006825006825006825	0.0007993605115907274	0.0014177693761814746	1.0	0.0009478672985781991	0.0004964010920824026	0.00019989339019189765	0.00014868625076998237	0.0004952947003467063	0.00022517061003914505	0.00033932813030200206	0.0	0.0008244023083264633	0.0006656312402928778	0.00014712373105781962	0.0011668611435239206	0.0	0.0	0.00038385036814739856
mr	0.0	0.0	0.0	0.0	0.0	0.0001355197181189863	0.00156128024980484	1.4030509342565408e-05	0.0001908761213972132	5.9757385016831667e-05	0.00047355958958168905	0.002054442732408834	0.0012958963282937365	0.00039077764751856197	5.100999795960008e-05	0.00014334862385321102	0.0002895613146083683	0.0012062726176115801	0.0011799410029498525	0.0009478672985781991	1.0	0.00013090718680455556	0.0	6.429352135616468e-05	0.0006261740763932373	8.722958827634333e-05	0.000792393026941363	0.0020161290322580645	0.00031065548306927616	0.00024467824810374357	0.0001502328609344484	0.0	0.0002462447672986949	0.0	0.0003541578127213486
nl	0.0	0.00039494470774091627	0.0	0.0	0.0	0.0	0.0	0.00027111291853056796	0.0	0.0004952947003467063	0.0	0.0	0.0	0.0	0.00043004587155963305	0.0	0.0	0.0	0.0	0.0004964010920824026	0.00013090718680455556	1.0	6.745317063628576e-06	0.0	0.0	0.0	0.0	0.0	0.0	0.0	0.0	0.0	0.0	0.0	0.0
pl	0.0	0.0	0.0	6.989585517578807e-05	0.0	2.7143855648975658e-05	0.0	0.00019867944396246282	0.0	5.417118093174431e-05	0.0	0.0	0.0	6.833868653044488e-06	7.303340946512987e-05	0.0	0.0	0.0	0.0	0.00019989339019189765	0.0	6.745317063628576e-06	1.0	0.0	0.0	0.0	2.7359968262436816e-05	0.0	0.0	0.0	0.0	0.0	0.0	0.0	0.0
pt	0.0	0.0	0.0	2.1560087965158897e-05	0.0	0.0	0.0	0.0	0.0	0.0	0.0	0.0	0.0	0.0	0.0	0.0	0.0	0.0	0.0	0.00014868625076998237	6.429352135616468e-05	0.0	0.0	0.0	0.0	0.0	0.0	2.1493358552207367e-05	0.0	0.0	0.0	2.1521575379317765e-05	0.0	0.0	0.0
ro	0.0	0.0	0.0	0.0	0.0	0.0	0.0	0.0	0.0	0.0	0.0	0.0	0.0	0.0	0.0	0.0	0.0	0.0	0.0	0.0004952947003467063	0.0006261740763932373	0.0	0.0	0.0	1.0	0.0	0.0	0.0013708019191226869	0.0	0.0	0.0	0.0	0.0	0.0	0.0
ru	0.0	0.0	0.0	1.753063478428554e-05	0.0	0.0	0.0	0.0	0.0	0.0	0.0	0.0	0.0	0.0	0.0	0.0	0.0	0.0	0.0	0.00022517061003914505	8.722958827634333e-05	0.0	0.0	0.0	0.0	0.0	0.0	5.246130978403427e-05	0.0	0.0	0.0	1.75051640233869e-05	0.0	0.0	0.0
sh	0.0	0.049891540130151846	0.0	0.0	0.0	0.003003003003003003	0.0	0.001691411388836685	0.0	0.00606366851945427	0.0	0.0	0.0	0.0	0.0024400162667751117	0.0	0.0	0.0	0.0	0.00033932813030200206	0.000792393026941363	0.0	2.7359968262436816e-05	0.0	0.0	0.0	1.0	0.0004187604690117253	0.0	0.0	0.0	0.0	0.0	0.0	0.0
si	0.004524886877828055	0.0022497187851518562	0.01092896174863388	0.0	0.0007727975270479134	0.0	0.0	7.018578176433018e-06	6.417661404184315e-05	3.994647172788463e-05	0.00016129032258064516	0.0	0.0	0.00041288191577208916	3.408548639989093e-05	0.0002881532975542989	0.0	0.002894356005788712	0.0	0.0	0.0020161290322580645	0.0	0.0	2.1493358552207367e-05	0.0013708019191226869	5.246130978403427e-05	0.0004187604690117253	1.0	0.0	0.0	0.0	0.0	0.00025484199796126404	0.0	0.00014232342999466287
simple	0.0	0.0	0.0	0.0	0.0	0.0	0.0	0.0	0.0	0.0	0.0	0.0	0.0	0.0	0.0	0.0	0.0	0.0	0.0	0.0008244023083264633	0.00031065548306927616	0.0	0.0	0.0	0.0	0.0	0.0	0.0	0.0	0.0	0.0	0.0	0.0	0.0	0.0
sr	0.0	0.0	0.0	0.0	0.0	0.0	0.0	0.0	0.0	0.0	0.0	0.0	0.0	0.0	0.0	0.0	0.0	0.0	0.0	0.0006656312402928778	0.00024467824810374357	0.0	0.0	0.0	0.0	0.0	0.0	0.0	0.0	0.0	0.0	0.00025713551041398817	0.0	0.0	0.0
sv	0.0	0.001890359168241966	0.0	0.00010157956219208695	0.0	0.0	0.0	0.00018604651162790697	0.0	0.0004911591355599214	0.0	0.0	0.0	0.0	0.00020100502512562814	0.0	0.0	0.0	0.0	0.00014712373105781962	0.0001502328609344484	0.0	0.0	0.0	0.0	0.0	0.0	0.0	0.0	0.0	1.0	0.00010115314586283633	0.0	0.0	0.0
te	0.0	0.0012062726176115801	0.0	0.0	0.0	0.0	0.0	0.0	0.0	1.999720039194513e-05	0.0	0.001142204454597373	0.00047192071731949034	0.0	1.7060188344479325e-05	3.60893572485474e-05	0.00014903129657228018	0.001584786053882726	0.0	0.0011668611435239206	0.0	0.0	0.0	2.1521575379317765e-05	0.0	1.75051640233869e-05	0.0	0.0	0.0	0.00025713551041398817	0.00010115314586283633	1.0	0.0	0.0	3.565443719470888e-05
vi	0.0	0.0	0.0	0.0	0.0	0.0	0.0	0.0	0.0	0.0	0.0	0.0	0.0	0.0	0.0	0.0	0.0	0.0	0.0	0.0	0.0002462447672986949	0.0	0.0	0.0	0.0	0.0	0.0	0.00025484199796126404	0.0	0.0	0.0	0.0	0.0	0.0	0.0
war	0.0	0.0	0.0	0.0	0.0	0.0	0.0	0.0	0.0	0.0	0.0	0.0	0.0	0.00044543429844097997	1.7094017094017095e-05	0.0	0.0	0.0	0.0	0.0	0.0	0.0	0.0	0.0	0.0	0.0	0.0	0.0	0.0	0.0	0.0	0.0	0.0	1.0	0.0
zh	0.0	0.0	0.0	0.0	0.0	0.0	0.0	0.0	0.0	0.0	0.0	0.0	0.0	0.0	0.0	0.0	0.0	0.0	0.0	0.00038385036814739856	0.0003541578127213486	0.0	0.0	0.0	0.0	0.0	0.0	0.00014232342999466287	0.0	0.0	0.0	3.565443719470888e-05	0.0	0.0	0.0
