arz	bs	ceb	ckb	da	de	el	en	es	fr	he	hi	hu	id	it	ja	ko	lv	mk	ml	mr	nl	pl	pt	ro	ru	sh	si	simple	sr	sv	te	vi	war	zh
arz	1.0	1.0	0.0	0.0	1.0	1.0	0.7863954451402115	0.7584325078215763	0.7690990303325336	0.0	1.0	0.0	1.0	1.0	0.7690990303325336	0.6743202287441529	1.0	1.0	1.0	0.0	0.0	1.0	0.7690990303325336	1.0	0.7863954451402115	0.7690990303325336	1.0	0.0	1.0	1.0	1.0	0.0	1.0	0.0	0.7584325078215763
bs	1.0	1.0	0.0	1.0	0.7863954451402115	0.7863954451402115	0.4381328355962901	0.44999824179503234	0.5490867153825423	0.0	0.7690990303325336	1.0	0.8216064286890065	0.4381328355962901	0.5628653954121835	0.4381328355962901	0.7863954451402115	0.7863954451402115	0.4381328355962901	0.8216064286890065	1.0	0.7863954451402115	0.6611443888434078	0.5560509466390009	0.4293143608648556	0.35795800698644675	0.7863954451402115	1.0	0.4381328355962901	0.4381328355962901	0.7863954451402115	1.0	1.0	0.7863954451402115	0.5143448611992179
ceb	0.0	0.0	1.0	0.0	1.0	1.0	1.0	1.0	1.0	0.0	1.0	0.0	0.0	0.0	1.0	1.0	1.0	1.0	0.0	0.0	0.0	1.0	1.0	1.0	1.0	1.0	1.0	0.0	0.0	0.0	1.0	0.0	1.0	0.0	1.0
ckb	0.0	1.0	0.0	1.0	1.0	1.0	1.0	1.0	1.0	0.0	0.7863954451402115	1.0	1.0	1.0	1.0	1.0	1.0	1.0	1.0	1.0	1.0	1.0	1.0	1.0	1.0	1.0	1.0	1.0	1.0	1.0	1.0	1.0	1.0	1.0	1.0
da	1.0	0.7863954451402115	1.0	1.0	1.0	0.3173792245837248	0.43624779774317335	0.13355671111625284	0.2539579751866754	0.0	0.3718169994273994	1.0	0.478323692152014	0.3348594132917692	0.2300595485863199	0.20740462109039523	0.47676507916148686	0.48958016655785025	0.6589895177841664	0.5193496779138033	1.0	0.23354303898448764	0.2872710327056303	0.31587794752914894	0.32974193866377477	0.20129699363268866	0.393379542707944	1.0	0.6423243677847312	0.5474661561011193	0.176675199232953	1.0	0.46233563629345337	1.0	0.3131369739682141
de	1.0	0.7863954451402115	1.0	1.0	0.3173792245837248	1.0	0.21439127934662144	0.056996380830731115	0.10068397763607463	0.0	0.21256545769077026	1.0	0.37517632372324256	0.23525553646658157	0.07394469871507406	0.13074878680591695	0.5818933927032197	0.3860560051364234	0.7189258117174852	0.2862001466390912	1.0	0.10592622212256018	0.0889210672007993	0.13692775538005986	0.2354981380566974	0.07950788305845806	0.35114219754960596	1.0	0.6692290567177889	0.3551558362569658	0.14068566995670675	1.0	0.30989628737360964	0.7455134344225701	0.15828995078258612
el	0.7863954451402115	0.4381328355962901	1.0	1.0	0.43624779774317335	0.21439127934662144	1.0	0.09130242398220643	0.12356575583377641	0.0	0.19885518804014055	1.0	0.5113592438447135	0.2618294218175436	0.14056707647262415	0.16562721263611843	0.46188399735431934	0.2680277556747854	0.6638546162332061	0.4213072989331919	1.0	0.1815661285463265	0.12425813286804506	0.18259542473280033	0.25379608853535274	0.1240665343541646	0.35004340568159303	1.0	0.5171881408032271	0.38525629434850844	0.22078428738589106	1.0	0.29189872027118585	1.0	0.1773675315742722
en	0.7584325078215763	0.44999824179503234	1.0	1.0	0.13355671111625284	0.056996380830731115	0.09130242398220643	1.0	0.04512520746260164	0.5790144658109286	0.11427050447373807	0.5419465106251543	0.21465955075938015	0.15682208364953218	0.03311684948579941	0.08474243410595188	0.2832814976304621	0.1546514173201523	0.4239911047828521	0.07811979528186054	1.0	0.047214272396056425	0.04267493043354031	0.04951788878841646	0.12114639286266765	0.04314406812822966	0.18900839200960343	1.0	0.26129220540374015	0.29172424005503295	0.07196246860316352	1.0	0.19742597867289835	0.6908587525207898	0.08021942619864529
es	0.7690990303325336	0.5490867153825423	1.0	1.0	0.2539579751866754	0.10068397763607463	0.12356575583377641	0.04512520746260164	1.0	1.0	0.18434804101453983	0.6248466930879271	0.3876684776731233	0.2197704793145605	0.04235029410295334	0.11792345983524645	0.47631795932479276	0.3998052925691757	0.7605527737255403	0.14708416496402263	1.0	0.07503561324663967	0.05546755160637252	0.07187267324305963	0.23472525038576916	0.06076008607064375	0.3141935475404718	1.0	0.4417472075311622	0.3250970233678496	0.12527540907098225	1.0	0.24832330725796875	1.0	0.1189127111537701
fr	0.0	0.0	0.0	0.0	0.0	0.0	0.0	0.5790144658109286	1.0	1.0	0.0	0.0	0.0	0.0	1.0	0.0	0.0	0.0	0.0	0.0	0.0	1.0	1.0	1.0	0.0	1.0	0.0	0.0	0.0	0.0	0.0	0.0	0.0	0.0	1.0
he	1.0	0.7690990303325336	1.0	0.7863954451402115	0.3718169994273994	0.21256545769077026	0.19885518804014055	0.11427050447373807	0.18434804101453983	0.0	1.0	1.0	0.493237402387457	0.23911147549256706	0.15500389468267267	0.170543520425825	0.5475267873209496	0.43560060613858587	1.0	0.4814736400706797	1.0	0.15974873747936957	0.17136005485680036	0.19509997332636173	0.2573215221707242	0.1521538376398996	0.3528792082758771	1.0	0.6779900968626266	0.40469098652878505	0.2466540597032363	1.0	0.38206130506805636	0.7584325078215763	0.19871590354239935
hi	0.0	1.0	0.0	1.0	1.0	1.0	1.0	0.5419465106251543	0.6248466930879271	0.0	1.0	1.0	1.0	1.0	0.6270179876991132	1.0	1.0	1.0	1.0	1.0	1.0	1.0	1.0	1.0	0.7863954451402115	0.7504457238506523	1.0	1.0	1.0	1.0	1.0	1.0	1.0	1.0	0.8252244849082945
hu	1.0	0.8216064286890065	0.0	1.0	0.478323692152014	0.37517632372324256	0.5113592438447135	0.21465955075938015	0.3876684776731233	0.0	0.493237402387457	1.0	1.0	0.6908587525207898	0.2873033815708384	0.4566577863697	0.7263875964832449	0.6589257440209708	1.0	0.4611285531700403	1.0	0.30536844282709946	0.2915719202929765	0.4186655436964551	0.33496997530299716	0.29248389908499123	0.6549329476340925	1.0	0.6443242360956813	0.58409608230073	0.3666829110114414	1.0	0.5768315136655064	1.0	0.3600467262026015
id	1.0	0.4381328355962901	0.0	1.0	0.3348594132917692	0.23525553646658157	0.2618294218175436	0.15682208364953218	0.2197704793145605	0.0	0.23911147549256706	1.0	0.6908587525207898	1.0	0.2076375078034192	0.24512672874093877	0.4768847410959906	0.39351351616569435	1.0	0.256380951425366	1.0	0.17325124901393377	0.1977348585679509	0.20257287257964465	0.35598396063942733	0.18874151362760402	0.4865495538200136	0.72653347084664	0.34256875674513987	0.4927186897562623	0.21698305116089184	1.0	0.2740610849579523	1.0	0.20953685125063765
it	0.7690990303325336	0.5628653954121835	1.0	1.0	0.2300595485863199	0.07394469871507406	0.14056707647262415	0.03311684948579941	0.04235029410295334	1.0	0.15500389468267267	0.6270179876991132	0.2873033815708384	0.2076375078034192	1.0	0.10828832773302337	0.3718230924552871	0.28872079199964173	0.5695225160024807	0.119599724179005	1.0	0.05804216496600475	0.043007867786546757	0.06825570638829734	0.1737253548865099	0.045533556737173596	0.22297288462351406	1.0	0.4397056164086181	0.31761203103709384	0.11884410640290448	1.0	0.24193221007717622	1.0	0.12181272777386154
ja	0.6743202287441529	0.4381328355962901	1.0	1.0	0.20740462109039523	0.13074878680591695	0.16562721263611843	0.08474243410595188	0.11792345983524645	0.0	0.170543520425825	1.0	0.4566577863697	0.24512672874093877	0.10828832773302337	1.0	0.2912603469538646	0.2012183569777386	0.5087242728173538	0.1964415176400137	1.0	0.12147438007847074	0.11491292997845479	0.11106185824327204	0.195905237087022	0.10308663951086174	0.18874132283057596	1.0	0.29756123600670326	0.40084475110495354	0.1564126899406765	0.7863954451402115	0.21815570087557784	1.0	0.13407835603629564
ko	1.0	0.7863954451402115	1.0	1.0	0.47676507916148686	0.5818933927032197	0.46188399735431934	0.2832814976304621	0.47631795932479276	0.0	0.5475267873209496	1.0	0.7263875964832449	0.4768847410959906	0.3718230924552871	0.2912603469538646	1.0	1.0	1.0	0.5831355373689101	1.0	0.3737564025346279	0.4602350553928862	0.4638624520855347	0.3720104910200187	0.281631519372978	0.6314395498907663	1.0	0.6421409926345868	0.661251134120194	0.461497421755917	1.0	0.464337160471692	1.0	0.3419105076573478
lv	1.0	0.7863954451402115	1.0	1.0	0.48958016655785025	0.3860560051364234	0.2680277556747854	0.1546514173201523	0.3998052925691757	0.0	0.43560060613858587	1.0	0.6589257440209708	0.39351351616569435	0.28872079199964173	0.2012183569777386	1.0	1.0	0.728099120889861	0.5787708180875706	1.0	0.24043272789249723	0.3070324606112504	0.3463802983519568	0.28210806283881257	0.27828116428286803	0.5292221005298896	1.0	0.651610424238932	0.3988391182230836	0.3149530730962944	1.0	0.641067915697607	1.0	0.3611928138313321
mk	1.0	0.4381328355962901	0.0	1.0	0.6589895177841664	0.7189258117174852	0.6638546162332061	0.4239911047828521	0.7605527737255403	0.0	1.0	1.0	1.0	1.0	0.5695225160024807	0.5087242728173538	1.0	0.728099120889861	1.0	0.7584325078215763	1.0	0.3722444978200125	1.0	0.7234532828151787	0.4356976906722634	0.6351230907290178	1.0	1.0	1.0	0.40517267554230313	0.6094839682520681	1.0	0.6128508099341461	1.0	0.5905282886393832
ml	0.0	0.8216064286890065	0.0	1.0	0.5193496779138033	0.2862001466390912	0.4213072989331919	0.07811979528186054	0.14708416496402263	0.0	0.4814736400706797	1.0	0.4611285531700403	0.256380951425366	0.119599724179005	0.1964415176400137	0.5831355373689101	0.5787708180875706	0.7584325078215763	1.0	1.0	0.17202696448817204	0.17738562215890158	0.19816096850742262	0.21039499800190503	0.1299072223087259	0.4399409013323615	0.7690990303325336	0.4286976167887959	0.5645425529155859	0.2780036670498097	1.0	0.4828673763308364	0.7690990303325336	0.18188186186501892
mr	0.0	1.0	0.0	1.0	1.0	1.0	1.0	1.0	1.0	0.0	1.0	1.0	1.0	1.0	1.0	1.0	1.0	1.0	1.0	1.0	1.0	1.0	1.0	1.0	1.0	1.0	1.0	1.0	1.0	1.0	1.0	1.0	1.0	1.0	1.0
nl	1.0	0.7863954451402115	1.0	1.0	0.23354303898448764	0.10592622212256018	0.1815661285463265	0.047214272396056425	0.07503561324663967	1.0	0.15974873747936957	1.0	0.30536844282709946	0.17325124901393377	0.05804216496600475	0.12147438007847074	0.3737564025346279	0.24043272789249723	0.3722444978200125	0.17202696448817204	1.0	1.0	0.06866004065686529	0.09291398884110538	0.1770560064266996	0.06206257606161322	0.31634092911245665	1.0	0.3084183144132717	0.29429621033340536	0.10235491739161323	1.0	0.22638552293290395	1.0	0.11801538143026646
pl	0.7690990303325336	0.6611443888434078	1.0	1.0	0.2872710327056303	0.0889210672007993	0.12425813286804506	0.04267493043354031	0.05546755160637252	1.0	0.17136005485680036	1.0	0.2915719202929765	0.1977348585679509	0.043007867786546757	0.11491292997845479	0.4602350553928862	0.3070324606112504	1.0	0.17738562215890158	1.0	0.06866004065686529	1.0	0.09524712636314278	0.19926653720367896	0.0526370220327411	0.28967320516574	1.0	0.4690544960851759	0.356575578589759	0.13206188664741017	1.0	0.27362139859523327	1.0	0.14573043862142568
pt	1.0	0.5560509466390009	1.0	1.0	0.31587794752914894	0.13692775538005986	0.18259542473280033	0.04951788878841646	0.07187267324305963	1.0	0.19509997332636173	1.0	0.4186655436964551	0.20257287257964465	0.06825570638829734	0.11106185824327204	0.4638624520855347	0.3463802983519568	0.7234532828151787	0.19816096850742262	1.0	0.09291398884110538	0.09524712636314278	1.0	0.2099650236556537	0.07633584596035263	0.2947741696297548	1.0	0.3366659303815499	0.35318133180074085	0.200939176398511	1.0	0.24166659607065605	1.0	0.13657642641362333
ro	0.7863954451402115	0.4293143608648556	1.0	1.0	0.32974193866377477	0.2354981380566974	0.25379608853535274	0.12114639286266765	0.23472525038576916	0.0	0.2573215221707242	0.7863954451402115	0.33496997530299716	0.35598396063942733	0.1737253548865099	0.195905237087022	0.3720104910200187	0.28210806283881257	0.4356976906722634	0.21039499800190503	1.0	0.1770560064266996	0.19926653720367896	0.2099650236556537	1.0	0.16920822438035035	0.2485039552053235	1.0	0.4786371897204298	0.38411411157657654	0.23579021428602884	0.7863954451402115	0.2809093608941474	1.0	0.22132165159159406
ru	0.7690990303325336	0.35795800698644675	1.0	1.0	0.20129699363268866	0.07950788305845806	0.1240665343541646	0.04314406812822966	0.06076008607064375	1.0	0.1521538376398996	0.7504457238506523	0.29248389908499123	0.18874151362760402	0.045533556737173596	0.10308663951086174	0.281631519372978	0.27828116428286803	0.6351230907290178	0.1299072223087259	1.0	0.06206257606161322	0.0526370220327411	0.07633584596035263	0.16920822438035035	1.0	0.23558024483061046	1.0	0.35474035906385964	0.3092149541017653	0.10309249199995497	1.0	0.21281331419032265	1.0	0.11708567574382232
sh	1.0	0.7863954451402115	1.0	1.0	0.393379542707944	0.35114219754960596	0.35004340568159303	0.18900839200960343	0.3141935475404718	0.0	0.3528792082758771	1.0	0.6549329476340925	0.4865495538200136	0.22297288462351406	0.18874132283057596	0.6314395498907663	0.5292221005298896	1.0	0.4399409013323615	1.0	0.31634092911245665	0.28967320516574	0.2947741696297548	0.2485039552053235	0.23558024483061046	1.0	1.0	0.6532002319725722	0.4669314689621849	0.3843224235089512	1.0	0.44048892200269224	1.0	0.2962618384569578
si	0.0	1.0	0.0	1.0	1.0	1.0	1.0	1.0	1.0	0.0	1.0	1.0	1.0	0.72653347084664	1.0	1.0	1.0	1.0	1.0	0.7690990303325336	1.0	1.0	1.0	1.0	1.0	1.0	1.0	1.0	1.0	1.0	0.7863954451402115	1.0	1.0	1.0	1.0
simple	1.0	0.4381328355962901	0.0	1.0	0.6423243677847312	0.6692290567177889	0.5171881408032271	0.26129220540374015	0.4417472075311622	0.0	0.6779900968626266	1.0	0.6443242360956813	0.34256875674513987	0.4397056164086181	0.29756123600670326	0.6421409926345868	0.651610424238932	1.0	0.4286976167887959	1.0	0.3084183144132717	0.4690544960851759	0.3366659303815499	0.4786371897204298	0.35474035906385964	0.6532002319725722	1.0	1.0	0.648714720091063	0.5316300361130853	1.0	0.41590813660359266	1.0	0.4789072903026388
sr	1.0	0.4381328355962901	0.0	1.0	0.5474661561011193	0.3551558362569658	0.38525629434850844	0.29172424005503295	0.3250970233678496	0.0	0.40469098652878505	1.0	0.58409608230073	0.4927186897562623	0.31761203103709384	0.40084475110495354	0.661251134120194	0.3988391182230836	0.40517267554230313	0.5645425529155859	1.0	0.29429621033340536	0.356575578589759	0.35318133180074085	0.38411411157657654	0.3092149541017653	0.4669314689621849	1.0	0.648714720091063	1.0	0.38827982523040244	1.0	0.5371022801759535	1.0	0.3023218157545324
sv	1.0	0.7863954451402115	1.0	1.0	0.176675199232953	0.14068566995670675	0.22078428738589106	0.07196246860316352	0.12527540907098225	0.0	0.2466540597032363	1.0	0.3666829110114414	0.21698305116089184	0.11884410640290448	0.1564126899406765	0.461497421755917	0.3149530730962944	0.6094839682520681	0.2780036670498097	1.0	0.10235491739161323	0.13206188664741017	0.200939176398511	0.23579021428602884	0.10309249199995497	0.3843224235089512	0.7863954451402115	0.5316300361130853	0.38827982523040244	1.0	0.7863954451402115	0.38466500674643705	0.7510341748895939	0.19496648989230136
te	0.0	1.0	0.0	1.0	1.0	1.0	1.0	1.0	1.0	0.0	1.0	1.0	1.0	1.0	1.0	0.7863954451402115	1.0	1.0	1.0	1.0	1.0	1.0	1.0	1.0	0.7863954451402115	1.0	1.0	1.0	1.0	1.0	0.7863954451402115	1.0	1.0	1.0	1.0
vi	1.0	1.0	1.0	1.0	0.46233563629345337	0.30989628737360964	0.29189872027118585	0.19742597867289835	0.24832330725796875	0.0	0.38206130506805636	1.0	0.5768315136655064	0.2740610849579523	0.24193221007717622	0.21815570087557784	0.464337160471692	0.641067915697607	0.6128508099341461	0.4828673763308364	1.0	0.22638552293290395	0.27362139859523327	0.24166659607065605	0.2809093608941474	0.21281331419032265	0.44048892200269224	1.0	0.41590813660359266	0.5371022801759535	0.38466500674643705	1.0	1.0	1.0	0.22976272846043636
war	0.0	0.7863954451402115	0.0	1.0	1.0	0.7455134344225701	1.0	0.6908587525207898	1.0	0.0	0.7584325078215763	1.0	1.0	1.0	1.0	1.0	1.0	1.0	1.0	0.7690990303325336	1.0	1.0	1.0	1.0	1.0	1.0	1.0	1.0	1.0	1.0	0.7510341748895939	1.0	1.0	1.0	1.0
zh	0.7584325078215763	0.5143448611992179	1.0	1.0	0.3131369739682141	0.15828995078258612	0.1773675315742722	0.08021942619864529	0.1189127111537701	1.0	0.19871590354239935	0.8252244849082945	0.3600467262026015	0.20953685125063765	0.12181272777386154	0.13407835603629564	0.3419105076573478	0.3611928138313321	0.5905282886393832	0.18188186186501892	1.0	0.11801538143026646	0.14573043862142568	0.13657642641362333	0.22132165159159406	0.11708567574382232	0.2962618384569578	1.0	0.4789072903026388	0.3023218157545324	0.19496648989230136	1.0	0.22976272846043636	1.0	1.0
