arz	bs	ceb	ckb	da	de	el	en	es	fr	he	hi	hu	id	it	ja	ko	lv	mk	ml	mr	nl	pl	pt	ro	ru	sh	si	simple	sr	sv	te	vi	war	zh
arz	0.20003999999999997	1.0	0.0	0.0	1.0	0.5	0.3333333333333333	0.2	0.25	0.0	0.5	0.0	1.0	1.0	0.25	0.25	0.3333333333333333	1.0	1.0	0.0	0.0	0.25	0.25	0.3333333333333333	0.3333333333333333	0.25	0.5	0.0	1.0	0.5	1.0	0.0	0.3333333333333333	0.0	0.2
bs	1.0	0.07172573477152841	0.0	1.0	0.3333333333333333	0.3333333333333333	0.25	0.07143367346938775	0.07692307692307693	0.0	0.25	1.0	0.5	0.25	0.09090909090909091	0.25	0.3333333333333333	0.3333333333333333	0.25	0.5	1.0	0.3333333333333333	0.14285714285714285	0.16666666666666666	0.25	0.14285714285714285	0.3333333333333333	1.0	0.25	0.25	0.3333333333333333	1.0	0.5	0.3333333333333333	0.2
ceb	0.0	0.0	1.0	0.0	1.0	1.0	1.0	1.0	1.0	0.0	1.0	0.0	0.0	0.0	1.0	1.0	1.0	1.0	0.0	0.0	0.0	1.0	1.0	1.0	1.0	1.0	1.0	0.0	0.0	0.0	1.0	0.0	1.0	0.0	1.0
ckb	0.0	1.0	0.0	0.25	1.0	0.25	0.3333333333333333	0.25	0.25	0.0	0.3333333333333333	1.0	0.5	0.5	0.3333333333333333	0.5	1.0	0.5	1.0	0.5	1.0	0.3333333333333333	0.5	0.3333333333333333	0.5	0.25	1.0	1.0	0.5	0.5	0.5	1.0	0.3333333333333333	1.0	0.3333333333333333
da	1.0	0.3333333333333333	1.0	1.0	0.005414654402968905	0.018518518518518517	0.03571428571428571	0.007751937984496124	0.012048192771084338	0.0	0.02702702702702703	0.3333333333333333	0.045454545454545456	0.07142857142857142	0.014084507042253521	0.020833333333333332	0.037037037037037035	0.037037037037037035	0.09090909090909091	0.07142857142857142	0.5	0.013157894736842105	0.01818181818181818	0.022222222222222223	0.03571428571428571	0.011764705882352941	0.03333333333333333	0.3333333333333333	0.0625	0.07692899408284024	0.010638297872340425	0.3333333333333333	0.038461538461538464	0.2	0.025
de	0.5	0.3333333333333333	1.0	0.25	0.018518518518518517	0.00103827067897422	0.011494252873563218	0.0018315186068510244	0.00280899665446282	0.0	0.010101010101010102	0.125	0.022222716049382713	0.03333333333333333	0.0025839926820637113	0.007633646057922033	0.025	0.015384615384615385	0.05	0.02127659574468085	0.5	0.004405325156707873	0.0033112582781456954	0.0053475935828877	0.013333333333333334	0.0030120481927710845	0.014492753623188406	0.3333333333333333	0.03225806451612903	0.03333333333333333	0.008064516129032258	0.3333333333333333	0.022222222222222223	0.14285714285714285	0.008771929824561403
el	0.3333333333333333	0.25	1.0	0.3333333333333333	0.03571428571428571	0.011494252873563218	0.003410839053415808	0.005154639175257732	0.0072992700729927005	0.0	0.018867924528301886	0.25	0.045454545454545456	0.034482758620689655	0.0072993233523363	0.016667222222222222	0.037037037037037035	0.02702702702702703	0.07142857142857142	0.043478260869565216	1.0	0.011363636363636364	0.008	0.01176484429065744	0.026317174515235454	0.008196788497715669	0.027777777777777776	0.5	0.05555555555555555	0.06667111111111111	0.019230769230769232	0.3333333333333333	0.03125	0.2	0.01639344262295082
en	0.2	0.07143367346938775	1.0	0.25	0.007751937984496124	0.0018315186068510244	0.005154639175257732	0.00018111797711640662	0.0006093860070311313	0.05263157894736842	0.005025150880028282	0.05263157894736842	0.011494252873563218	0.009009577144712278	0.0004955568383065785	0.00386106349040712	0.014492753623188406	0.007352941176470588	0.02631578947368421	0.003077084023668639	0.5	0.0013055051844378242	0.0010298883905133524	0.0016611516429178488	0.004348166408317581	0.0008985016576940492	0.008130081300813009	0.125	0.01282051282051282	0.02127704843820733	0.0031949290081556407	0.3333333333333333	0.013513513513513514	0.125	0.004484345150716886
es	0.25	0.07692307692307693	1.0	0.25	0.012048192771084338	0.00280899665446282	0.0072992700729927005	0.0006093860070311313	0.0003722952743862068	0.16666666666666666	0.006802721088435374	0.1	0.01639344262295082	0.015873015873015872	0.0008340297481707372	0.00497514912997203	0.016666666666666666	0.010101010101010102	0.037037037037037035	0.008130081300813009	0.5	0.0022471910112359553	0.0012787723785166241	0.002304147465437788	0.007575757575757576	0.0015361006698898776	0.00980392156862745	0.16666666666666666	0.01818181818181818	0.02564102564102564	0.004784688995215311	0.3333333333333333	0.016129032258064516	0.125	0.005494505494505495
fr	0.0	0.0	0.0	0.0	0.0	0.0	0.0	0.05263157894736842	0.16666666666666666	0.00203269798070345	0.0	0.0	0.0	0.0	0.07142857142857142	0.0	0.0	0.0	0.0	0.0	0.0	0.16666666666666666	0.5	0.5	0.0	0.2	0.0	0.0	0.0	0.0	0.0	0.0	0.0	0.0	0.5
he	0.5	0.25	1.0	0.3333333333333333	0.02702702702702703	0.010101010101010102	0.018867924528301886	0.005025150880028282	0.006802721088435374	0.0	0.0040198582959979695	0.25	0.038461538461538464	0.04	0.0064516129032258064	0.014705882352941176	0.02702702702702703	0.021739130434782608	0.06666666666666667	0.05263157894736842	0.5	0.009345881736396193	0.007751937984496124	0.00909090909090909	0.02127659574468085	0.006666666666666667	0.01694915254237288	0.3333333333333333	0.041666666666666664	0.038461538461538464	0.014285714285714285	0.3333333333333333	0.029411764705882353	0.2	0.011494384991412341
hi	0.0	1.0	0.0	1.0	0.3333333333333333	0.125	0.25	0.05263157894736842	0.1	0.0	0.25	0.05000999999999999	0.25	0.25	0.09091735537190083	0.2	0.25	0.25	0.5	0.5	1.0	0.25	0.25	0.1111111111111111	0.3333333333333333	0.09090909090909091	0.3333333333333333	0.5	0.5	0.5	0.3333333333333333	1.0	0.5	1.0	0.2
hu	1.0	0.5	0.0	0.5	0.045454545454545456	0.022222716049382713	0.045454545454545456	0.011494252873563218	0.01639344262295082	0.0	0.038461538461538464	0.25	0.009180292318999837	0.125	0.01694915254237288	0.03333333333333333	0.07142857142857142	0.0625	0.16666666666666666	0.058823529411764705	0.5	0.019230769230769232	0.016666666666666666	0.02564102564102564	0.041666666666666664	0.01694915254237288	0.05555555555555555	0.3333333333333333	0.06666666666666667	0.125	0.02702702702702703	0.3333333333333333	0.0625	0.3333333333333333	0.03571428571428571
id	1.0	0.25	0.0	0.5	0.07142857142857142	0.03333333333333333	0.034482758620689655	0.009009577144712278	0.015873015873015872	0.0	0.04	0.25	0.125	0.00881732873524629	0.014084705415592145	0.025642998027613412	0.07692307692307693	0.05263157894736842	0.14285714285714285	0.047619047619047616	1.0	0.023255813953488372	0.018868280526877893	0.02	0.05882698961937716	0.013889081790123457	0.058823529411764705	0.2	0.05555864197530863	0.08334027777777778	0.04	0.5	0.050004999999999994	0.25	0.02702702702702703
it	0.25	0.09090909090909091	1.0	0.3333333333333333	0.014084507042253521	0.0025839926820637113	0.0072993233523363	0.0004955568383065785	0.0008340297481707372	0.07142857142857142	0.0064516129032258064	0.09091735537190083	0.01694915254237288	0.014084705415592145	0.0001939727141237344	0.004807738535502959	0.017857142857142856	0.011235955056179775	0.037037037037037035	0.005494565873686753	0.5	0.002049188726148885	0.0013175300001215108	0.0023419258592983013	0.007462965025618178	0.0013736339210240307	0.009708737864077669	0.25	0.021739130434782608	0.024390243902439025	0.005181373996617359	0.3333333333333333	0.01639344262295082	0.14285714285714285	0.005988023952095809
ja	0.25	0.25	1.0	0.5	0.020833333333333332	0.007633646057922033	0.016667222222222222	0.00386106349040712	0.00497514912997203	0.0	0.014705882352941176	0.2	0.03333333333333333	0.025642998027613412	0.004807738535502959	0.003121547247644808	0.022727272727272728	0.019230769230769232	0.05555555555555555	0.02325743645213629	0.5	0.007194399875782826	0.006172877610120408	0.007092248880841004	0.01785873756377551	0.005181427689333942	0.02040816326530612	0.3333333333333333	0.029411764705882353	0.041666666666666664	0.010869565217391304	0.3333333333333333	0.02040816326530612	0.16666666666666666	0.00952408163265306
ko	0.3333333333333333	0.3333333333333333	1.0	1.0	0.037037037037037035	0.025	0.037037037037037035	0.014492753623188406	0.016666666666666666	0.0	0.02702702702702703	0.25	0.07142857142857142	0.07692307692307693	0.017857142857142856	0.022727272727272728	0.0123467460752934	0.05555555555555555	0.1	0.08333333333333333	1.0	0.024390243902439025	0.022222222222222223	0.022727272727272728	0.037037037037037035	0.01587326782564878	0.030303030303030304	0.3333333333333333	0.058823529411764705	0.06666666666666667	0.027777777777777776	0.3333333333333333	0.04	0.2	0.025
lv	1.0	0.3333333333333333	1.0	0.5	0.037037037037037035	0.015384615384615385	0.02702702702702703	0.007352941176470588	0.010101010101010102	0.0	0.021739130434782608	0.25	0.0625	0.05263157894736842	0.011235955056179775	0.019230769230769232	0.05555555555555555	0.007093506513756853	0.07692307692307693	0.07692307692307693	0.5	0.014285714285714285	0.011627906976744186	0.017543859649122806	0.03125	0.010638297872340425	0.030303030303030304	0.3333333333333333	0.05	0.07692307692307693	0.017543859649122806	0.5	0.05263157894736842	0.25	0.02040816326530612
mk	1.0	0.25	0.0	1.0	0.09090909090909091	0.05	0.07142857142857142	0.02631578947368421	0.037037037037037035	0.0	0.06666666666666667	0.5	0.16666666666666666	0.14285714285714285	0.037037037037037035	0.05555555555555555	0.1	0.07692307692307693	0.02631786703601108	0.2	1.0	0.043478260869565216	0.047619047619047616	0.0625	0.09090909090909091	0.038461538461538464	0.07692307692307693	1.0	0.1	0.08333333333333333	0.058823529411764705	1.0	0.1111111111111111	0.3333333333333333	0.058823529411764705
ml	0.0	0.5	0.0	0.5	0.07142857142857142	0.02127659574468085	0.043478260869565216	0.003077084023668639	0.008130081300813009	0.0	0.05263157894736842	0.5	0.058823529411764705	0.047619047619047616	0.005494565873686753	0.02325743645213629	0.08333333333333333	0.07692307692307693	0.2	0.0030512827901842173	1.0	0.013513696128560994	0.013333333333333334	0.014285714285714285	0.033334444444444444	0.008264462809917356	0.07142857142857142	0.25	0.058823529411764705	0.1111111111111111	0.04	0.5	0.0625	0.25	0.023255813953488372
mr	0.0	1.0	0.0	1.0	0.5	0.5	1.0	0.5	0.5	0.0	0.5	1.0	0.5	1.0	0.5	0.5	1.0	0.5	1.0	1.0	0.5	0.5	0.5	0.5	0.5	0.5	1.0	1.0	0.5	1.0	0.5	1.0	0.5	1.0	0.5
nl	0.25	0.3333333333333333	1.0	0.3333333333333333	0.013157894736842105	0.004405325156707873	0.011363636363636364	0.0013055051844378242	0.0022471910112359553	0.16666666666666666	0.009345881736396193	0.25	0.019230769230769232	0.023255813953488372	0.002049188726148885	0.007194399875782826	0.024390243902439025	0.014285714285714285	0.043478260869565216	0.013513696128560994	0.5	0.0006739462861688185	0.002801136140730802	0.00487807257584771	0.010753266273557636	0.0026455306402396353	0.015151515151515152	0.3333333333333333	0.02702702702702703	0.034482758620689655	0.005917229788872939	0.3333333333333333	0.019608227604767395	0.14285714285714285	0.007874015748031496
pl	0.25	0.14285714285714285	1.0	0.5	0.01818181818181818	0.0033112582781456954	0.008	0.0010298883905133524	0.0012787723785166241	0.5	0.007751937984496124	0.25	0.016666666666666666	0.018868280526877893	0.0013175300001215108	0.006172877610120408	0.022222222222222223	0.011627906976744186	0.047619047619047616	0.013333333333333334	0.5	0.002801136140730802	0.00046863095526590066	0.0036630170805994977	0.009345881736396193	0.001858763698677464	0.011627906976744186	0.25	0.02564102564102564	0.029411764705882353	0.00625	0.3333333333333333	0.019230769230769232	0.16666666666666666	0.007936570924666164
pt	0.3333333333333333	0.16666666666666666	1.0	0.3333333333333333	0.022222222222222223	0.0053475935828877	0.01176484429065744	0.0016611516429178488	0.002304147465437788	0.5	0.00909090909090909	0.1111111111111111	0.02564102564102564	0.02	0.0023419258592983013	0.007092248880841004	0.022727272727272728	0.017543859649122806	0.0625	0.014285714285714285	0.5	0.00487807257584771	0.0036630170805994977	0.0008903032633035054	0.011904903628117915	0.0030864483310470967	0.013333511111111113	0.3333333333333333	0.027777777777777776	0.03225806451612903	0.0100001	0.3333333333333333	0.019230769230769232	0.2	0.007633587786259542
ro	0.3333333333333333	0.25	1.0	0.5	0.03571428571428571	0.013333333333333334	0.026317174515235454	0.004348166408317581	0.007575757575757576	0.0	0.02127659574468085	0.3333333333333333	0.041666666666666664	0.05882698961937716	0.007462965025618178	0.01785873756377551	0.037037037037037035	0.03125	0.09090909090909091	0.033334444444444444	0.5	0.010753266273557636	0.009345881736396193	0.011904903628117915	0.0036368409917853506	0.007752238447208701	0.030303030303030304	0.3333333333333333	0.05555555555555555	0.05263157894736842	0.020833333333333332	0.3333333333333333	0.037039780521262	0.3333333333333333	0.01754478301015697
ru	0.25	0.14285714285714285	1.0	0.25	0.011764705882352941	0.0030120481927710845	0.008196788497715669	0.0008985016576940492	0.0015361006698898776	0.2	0.006666666666666667	0.09090909090909091	0.01694915254237288	0.013889081790123457	0.0013736339210240307	0.005181427689333942	0.01587326782564878	0.010638297872340425	0.038461538461538464	0.008264462809917356	0.5	0.0026455306402396353	0.001858763698677464	0.0030864483310470967	0.007752238447208701	0.00042473848115065374	0.010416666666666666	0.14285714285714285	0.022222222222222223	0.025	0.005102066847147022	0.3333333333333333	0.01639344262295082	0.14285714285714285	0.006369426751592357
sh	0.5	0.3333333333333333	1.0	1.0	0.03333333333333333	0.014492753623188406	0.027777777777777776	0.008130081300813009	0.00980392156862745	0.0	0.01694915254237288	0.3333333333333333	0.05555555555555555	0.058823529411764705	0.009708737864077669	0.02040816326530612	0.030303030303030304	0.030303030303030304	0.07692307692307693	0.07142857142857142	1.0	0.015151515151515152	0.011627906976744186	0.013333511111111113	0.030303030303030304	0.010416666666666666	0.007814880981567383	0.3333333333333333	0.05263157894736842	0.045454545454545456	0.020833333333333332	0.3333333333333333	0.04	0.2	0.018867924528301886
si	0.0	1.0	0.0	1.0	0.3333333333333333	0.3333333333333333	0.5	0.125	0.16666666666666666	0.0	0.3333333333333333	0.5	0.3333333333333333	0.2	0.25	0.3333333333333333	0.3333333333333333	0.3333333333333333	1.0	0.25	1.0	0.3333333333333333	0.25	0.3333333333333333	0.3333333333333333	0.14285714285714285	0.3333333333333333	0.125	0.5	0.3333333333333333	0.3333333333333333	0.5	0.3333333333333333	0.5	0.2
simple	1.0	0.25	0.0	0.5	0.0625	0.03225806451612903	0.05555555555555555	0.01282051282051282	0.01818181818181818	0.0	0.041666666666666664	0.5	0.06666666666666667	0.05555864197530863	0.021739130434782608	0.029411764705882353	0.058823529411764705	0.05	0.1	0.058823529411764705	0.5	0.02702702702702703	0.02564102564102564	0.027777777777777776	0.05555555555555555	0.022222222222222223	0.05263157894736842	0.5	0.010419379991645182	0.09090909090909091	0.034482758620689655	0.5	0.0625	0.16666666666666666	0.029411764705882353
sr	0.5	0.25	0.0	0.5	0.07692899408284024	0.03333333333333333	0.06667111111111111	0.02127704843820733	0.02564102564102564	0.0	0.038461538461538464	0.5	0.125	0.08334027777777778	0.024390243902439025	0.041666666666666664	0.06666666666666667	0.07692307692307693	0.08333333333333333	0.1111111111111111	1.0	0.034482758620689655	0.029411764705882353	0.03225806451612903	0.05263157894736842	0.025	0.045454545454545456	0.3333333333333333	0.09090909090909091	0.018203995407980886	0.05555555555555555	0.5	0.07142857142857142	0.2	0.034482758620689655
sv	1.0	0.3333333333333333	1.0	0.5	0.010638297872340425	0.008064516129032258	0.019230769230769232	0.0031949290081556407	0.004784688995215311	0.0	0.014285714285714285	0.3333333333333333	0.02702702702702703	0.04	0.005181373996617359	0.010869565217391304	0.027777777777777776	0.017543859649122806	0.058823529411764705	0.04	0.5	0.005917229788872939	0.00625	0.0100001	0.020833333333333332	0.005102066847147022	0.020833333333333332	0.3333333333333333	0.034482758620689655	0.05555555555555555	0.0020690525480735545	0.3333333333333333	0.03125	0.16666666666666666	0.013513696128560994
te	0.0	1.0	0.0	1.0	0.3333333333333333	0.3333333333333333	0.3333333333333333	0.3333333333333333	0.3333333333333333	0.0	0.3333333333333333	1.0	0.3333333333333333	0.5	0.3333333333333333	0.3333333333333333	0.3333333333333333	0.5	1.0	0.5	1.0	0.3333333333333333	0.3333333333333333	0.3333333333333333	0.3333333333333333	0.3333333333333333	0.3333333333333333	0.5	0.5	0.5	0.3333333333333333	0.3333333333333333	0.3333333333333333	0.5	0.3333333333333333
vi	0.3333333333333333	0.5	1.0	0.3333333333333333	0.038461538461538464	0.022222222222222223	0.03125	0.013513513513513514	0.016129032258064516	0.0	0.029411764705882353	0.5	0.0625	0.050004999999999994	0.01639344262295082	0.02040816326530612	0.04	0.05263157894736842	0.1111111111111111	0.0625	0.5	0.019608227604767395	0.019230769230769232	0.019230769230769232	0.037039780521262	0.01639344262295082	0.04	0.3333333333333333	0.0625	0.07142857142857142	0.03125	0.3333333333333333	0.01191752977779537	0.2	0.020000399999999998
war	0.0	0.3333333333333333	0.0	1.0	0.2	0.14285714285714285	0.2	0.125	0.125	0.0	0.2	1.0	0.3333333333333333	0.25	0.14285714285714285	0.16666666666666666	0.2	0.25	0.3333333333333333	0.25	1.0	0.14285714285714285	0.16666666666666666	0.2	0.3333333333333333	0.14285714285714285	0.2	0.5	0.16666666666666666	0.2	0.16666666666666666	0.5	0.2	0.125	0.2
zh	0.2	0.2	1.0	0.3333333333333333	0.025	0.008771929824561403	0.01639344262295082	0.004484345150716886	0.005494505494505495	0.5	0.011494384991412341	0.2	0.03571428571428571	0.02702702702702703	0.005988023952095809	0.00952408163265306	0.025	0.02040816326530612	0.058823529411764705	0.023255813953488372	0.5	0.007874015748031496	0.007936570924666164	0.007633587786259542	0.01754478301015697	0.006369426751592357	0.018867924528301886	0.2	0.029411764705882353	0.034482758620689655	0.013513696128560994	0.3333333333333333	0.020000399999999998	0.2	0.0035697965374713782
