arz	bs	ceb	ckb	da	de	el	en	es	fr	he	hi	hu	id	it	ja	ko	lv	mk	ml	mr	nl	pl	pt	ro	ru	sh	si	simple	sr	sv	te	vi	war	zh
arz	1.0	0.15230593122553104	0.585786437626905	0.30552726787943424	0.31451985913875646	0.30383243470068705	0.19574656382014105	0.23582845781094	0.24257131419419417	0.2857142857142857	0.24257131419419417	0.5	0.16121071200535164	0.2447684604775681	0.17752882053816882	0.2731156006211318	0.17288651209743477	0.25824569976124334	0.2213996396598822	0.20324639996926996	0.40453726661826384	0.2685749256719011	0.3282097382913062	0.1801443381588709	0.17047674611562716	0.29429805508554946	0.15494059190744802	1.0	0.23778363506226372	0.21922476476894656	0.31451985913875646	1.0	0.260205226099576	0.31451985913875646	0.15896679176845155
bs	0.15230593122553104	1.0	0.2184498952542088	0.14147588877737446	0.11209896219350667	0.10691575594528693	0.16436619272982633	0.11717648785946766	0.11118059537424656	0.11246501768941253	0.12306102624103075	0.28417262606775806	0.4193175054037127	0.1305113594378302	0.24957981817111277	0.13050125594171313	0.3555578642849542	0.11445258120038583	0.15979694076273387	0.33638166356107796	0.19114520636860824	0.10943514950580248	0.11719708960447289	0.2516067321452544	0.20508453903688703	0.10897403901574038	0.42300761454101543	1.0	0.13397184786340682	0.12541104301169534	0.10862123874053896	1.0	0.1139084140586378	0.14503446107483847	0.3961705237705364
ceb	0.585786437626905	0.2184498952542088	1.0	0.3797958971132712	0.585786437626905	1.0	0.27792629762666365	0.5	0.5	0.5	0.44948974278317805	0.585786437626905	0.24257131419419417	0.353889367864523	0.30383243470068705	0.4364916731037085	0.27792629762666365	0.585786437626905	0.3266316347104093	0.3660254037844386	0.4364916731037085	0.3797958971132712	0.4364916731037085	0.27792629762666365	0.25	1.0	0.36602540378443865	1.0	0.4364916731037085	0.3266316347104093	1.0	1.0	0.5	1.0	0.23845042223198504
ckb	0.30552726787943424	0.14147588877737446	0.3797958971132712	1.0	0.22901628833426058	0.25921926045307553	0.15599868558835106	0.2260391739871719	0.24336073281110826	0.2280833595701228	0.24940661603737216	0.585786437626905	0.13969416273334845	0.1886277181819988	0.15804113642542184	0.1962664883895213	0.14550154405533738	0.2482337868560469	0.20797766346552385	0.1850765734404149	0.32449979983983984	0.24336073281110826	0.19238760071157363	0.14498013028485204	0.15586978761321585	0.2402530733520421	0.14425760044167915	1.0	0.24801558871130594	0.20742511849451092	0.24254820451590545	1.0	0.2208571431676284	0.353889367864523	0.14458830087524538
da	0.31451985913875646	0.11209896219350667	0.585786437626905	0.22901628833426058	1.0	0.07193499537750192	0.09979155634408547	0.08438278187460725	0.09673427698177843	0.08047462726533404	0.10268652386707605	0.44948974278317805	0.08718197343829162	0.10818653076335034	0.08349442012763687	0.0885023020389053	0.08736123945233286	0.1345787619454375	0.1359733671751666	0.17670018711538196	0.3797958971132712	0.10771537123492811	0.10951063090231244	0.09265842293497759	0.09400337819767728	0.07122602632456206	0.10382259344187937	1.0	0.15172002010364735	0.12769434966130813	0.09568848602115762	1.0	0.110585868279935	0.5	0.08500765953245228
de	0.30383243470068705	0.10691575594528693	1.0	0.25921926045307553	0.07193499537750192	1.0	0.08610656294160325	0.04543716393814507	0.06572514781854018	0.04169919548063579	0.08159884451210997	0.585786437626905	0.0726231349730679	0.09446942233320309	0.05198035427231632	0.04984888141425743	0.07449294725829576	0.14849113419785384	0.12625787578545508	0.1744328890878361	0.40453726661826384	0.09628631916405116	0.09538922298030215	0.07255180902955748	0.08411642813897781	0.0732803626278793	0.09985025072350846	1.0	0.1282246420712983	0.12548680383981486	0.08983563904037309	1.0	0.11566455353157604	0.585786437626905	0.06328701794320635
el	0.19574656382014105	0.16436619272982633	0.27792629762666365	0.15599868558835106	0.09979155634408547	0.08610656294160325	1.0	0.09699241523444714	0.08928586722766137	0.09216209339310842	0.1078925538197645	0.585786437626905	0.22778140177354997	0.11137357742343158	0.3048287197320134	0.11575421408073198	0.3025128554238373	0.11160595683124044	0.16649502332931485	0.1847501306545878	0.26400656486920293	0.08696117739764023	0.10064784275293873	0.32839583170712205	0.1766873053676894	0.08704042115447351	0.17791141709302044	1.0	0.12098430241300645	0.14518509355662362	0.08567683145823363	1.0	0.09365302030383797	0.1821251058314344	0.284749966020081
en	0.23582845781094	0.11717648785946766	0.5	0.2260391739871719	0.08438278187460725	0.04543716393814507	0.09699241523444714	1.0	0.07137574451672311	0.09765103797696319	0.0889554660462287	0.5	0.09920208175997784	0.10363959791034368	0.09876398508044956	0.08007834991135028	0.09404410215673732	0.126370220615203	0.13439674426276177	0.18108537401435296	0.37198994904042215	0.0590593145305178	0.07137562176071452	0.08709536270175952	0.10155496620078099	0.046092574161992396	0.10905331443930234	1.0	0.12609862202945507	0.12870095730127487	0.052695983939131295	1.0	0.0869514954912112	0.3090169943749474	0.0936352562393441
es	0.24257131419419417	0.11118059537424656	0.5	0.24336073281110826	0.09673427698177843	0.06572514781854018	0.08928586722766137	0.07137574451672311	1.0	0.07657132693672798	0.09053914662615922	0.585786437626905	0.07481629372446494	0.10323361612659422	0.08711632852314494	0.07864885666067682	0.09332694374372541	0.16471535153574726	0.13586319419641088	0.17727095045251245	0.3413283892770492	0.0825206915452955	0.08291156266016776	0.08522266960649821	0.09117042686277255	0.06577448972642314	0.1037006506931692	1.0	0.12838697645591382	0.1270803766550233	0.0700538096541881	1.0	0.10819221157025988	0.3164309725825328	0.07863420594787929
fr	0.2857142857142857	0.11246501768941253	0.5	0.2280833595701228	0.08047462726533404	0.04169919548063579	0.09216209339310842	0.09765103797696319	0.07657132693672798	1.0	0.08363112228008344	0.44948974278317805	0.08132617550775409	0.1013140486864659	0.07837764269106018	0.07222410412902855	0.0902029928293644	0.15287699550484127	0.1310004828092683	0.18005466287817248	0.3797958971132712	0.0591812149698964	0.07603273663801363	0.08345212302631627	0.10086256238889739	0.047488039529577586	0.1049260029128153	1.0	0.1143815363773327	0.11535592859947695	0.05634465917882563	1.0	0.0981864789443639	0.5	0.08991912009540425
he	0.24257131419419417	0.12306102624103075	0.44948974278317805	0.24940661603737216	0.10268652386707605	0.08159884451210997	0.1078925538197645	0.0889554660462287	0.09053914662615922	0.08363112228008344	1.0	1.0	0.12180101768071859	0.10830816971247015	0.10445527563032647	0.0900395531250992	0.11096419508722605	0.1530950082321941	0.13987277278965277	0.17670018711538196	0.353889367864523	0.08143162586327408	0.09249019849260237	0.10379396659151045	0.11524431426488657	0.08764948995731724	0.12593269706047625	1.0	0.12755447810825393	0.13272850575834794	0.08101201328976178	1.0	0.1002817527500775	0.23497542908541053	0.10268297559088436
hi	0.5	0.28417262606775806	0.585786437626905	0.585786437626905	0.44948974278317805	0.585786437626905	0.585786437626905	0.5	0.585786437626905	0.44948974278317805	1.0	1.0	0.3288130902060995	0.40453726661826384	0.5	0.5	0.44948974278317805	0.5	1.0	0.31604160750540605	0.585786437626905	0.585786437626905	0.38742588672279304	0.3090169943749474	0.44948974278317805	0.585786437626905	0.44948974278317805	1.0	0.585786437626905	0.585786437626905	0.585786437626905	1.0	0.585786437626905	0.585786437626905	0.3427032721697021
hu	0.16121071200535164	0.4193175054037127	0.24257131419419417	0.13969416273334845	0.08718197343829162	0.0726231349730679	0.22778140177354997	0.09920208175997784	0.07481629372446494	0.08132617550775409	0.12180101768071859	0.3288130902060995	1.0	0.16016490706058262	0.1960451706570018	0.10342764362941961	0.3371948738397763	0.10085599821332504	0.16317525843308475	0.30848581698921396	0.21483387950063812	0.07988781655564753	0.08827148459480907	0.3018276938554049	0.32644705562158466	0.07239381353276216	0.37670284227893164	1.0	0.12444263948373362	0.11651623144318977	0.07591630154183741	1.0	0.08628806759880053	0.14354258832573755	0.33720316384265897
id	0.2447684604775681	0.1305113594378302	0.353889367864523	0.1886277181819988	0.10818653076335034	0.09446942233320309	0.11137357742343158	0.10363959791034368	0.10323361612659422	0.1013140486864659	0.10830816971247015	0.40453726661826384	0.16016490706058262	1.0	0.14748521944282464	0.10406040535491774	0.16469313260054935	0.14629032934903047	0.1605507216904008	0.19688029123203768	0.25087311299302983	0.09581505982381149	0.1015968272881138	0.16394867880536415	0.15150839180493966	0.09523292739209598	0.11886946869236407	1.0	0.12425797148597753	0.11133115492271821	0.09388350669042198	1.0	0.11101629747094767	0.1907435698305462	0.1614580350724425
it	0.17752882053816882	0.24957981817111277	0.30383243470068705	0.15804113642542184	0.08349442012763687	0.05198035427231632	0.3048287197320134	0.09876398508044956	0.08711632852314494	0.07837764269106018	0.10445527563032647	0.5	0.1960451706570018	0.14748521944282464	1.0	0.1053345587093498	0.26546297881510256	0.1023579369777206	0.15186623521028234	0.3005875790771426	0.2815429907304882	0.06234422050650946	0.08658004904312194	0.21207382489091928	0.1882716358195704	0.060688377121917894	0.2680314418399578	1.0	0.1122470377289514	0.1324255081657182	0.06309066509455104	1.0	0.09255769653995066	0.2158344610587697	0.2751665663007086
ja	0.2731156006211318	0.13050125594171313	0.4364916731037085	0.1962664883895213	0.0885023020389053	0.04984888141425743	0.11575421408073198	0.08007834991135028	0.07864885666067682	0.07222410412902855	0.0900395531250992	0.5	0.10342764362941961	0.10406040535491774	0.1053345587093498	1.0	0.13599550285027795	0.14346249625298346	0.13219887534874994	0.18097109500285807	0.3927526080529047	0.06114730223220308	0.08284823412226872	0.12133615218864391	0.10000643854091806	0.0587753312033253	0.11681696478859488	1.0	0.1247362429916866	0.12559207768285965	0.0634756437995666	1.0	0.09353584199164701	0.3333333333333333	0.10715243857695834
ko	0.17288651209743477	0.3555578642849542	0.27792629762666365	0.14550154405533738	0.08736123945233286	0.07449294725829576	0.3025128554238373	0.09404410215673732	0.09332694374372541	0.0902029928293644	0.11096419508722605	0.44948974278317805	0.3371948738397763	0.16469313260054935	0.26546297881510256	0.13599550285027795	1.0	0.102441227443297	0.19124995349226825	0.2955668227002641	0.2551539533920045	0.07440571162378928	0.08775830118686907	0.28836676832752983	0.22882635253488062	0.07491286453018789	0.35288991188641106	1.0	0.12301130962502926	0.12437694404119509	0.07403670201751779	1.0	0.09145154126958874	0.16343625225507505	0.29952413266025807
lv	0.25824569976124334	0.11445258120038583	0.585786437626905	0.2482337868560469	0.1345787619454375	0.14849113419785384	0.11160595683124044	0.126370220615203	0.16471535153574726	0.15287699550484127	0.1530950082321941	0.5	0.10085599821332504	0.14629032934903047	0.1023579369777206	0.14346249625298346	0.102441227443297	1.0	0.14640892314274076	0.18172740912602	0.40453726661826384	0.16362413599152606	0.14761340511896318	0.10915184053940542	0.10735707950460503	0.15769722157459623	0.10610640220268239	1.0	0.17106230243533782	0.13244120866320974	0.1685521226706963	1.0	0.17594165119050392	0.44948974278317805	0.09745704393675579
mk	0.2213996396598822	0.15979694076273387	0.3266316347104093	0.20797766346552385	0.1359733671751666	0.12625787578545508	0.16649502332931485	0.13439674426276177	0.13586319419641088	0.1310004828092683	0.13987277278965277	1.0	0.16317525843308475	0.1605507216904008	0.15186623521028234	0.13219887534874994	0.19124995349226825	0.14640892314274076	1.0	0.20245154812302882	0.3020512829658106	0.127324600320011	0.13052978978557359	0.15715377280778373	0.16000400216724847	0.12996893993127306	0.17288321648588295	1.0	0.15278737538893478	0.16262849124904494	0.12593173655363638	1.0	0.1462118093438001	0.2211722256431405	0.17902926648925935
ml	0.20324639996926996	0.33638166356107796	0.3660254037844386	0.1850765734404149	0.17670018711538196	0.1744328890878361	0.1847501306545878	0.18108537401435296	0.17727095045251245	0.18005466287817248	0.17670018711538196	0.31604160750540605	0.30848581698921396	0.19688029123203768	0.3005875790771426	0.18097109500285807	0.2955668227002641	0.18172740912602	0.20245154812302882	1.0	0.3164309725825327	0.1756069489551919	0.18732990971738955	0.2517333832352864	0.23331009656177615	0.1763813155999533	0.23807984488997608	1.0	0.20757670541814663	0.17463791286154928	0.1744328890878361	1.0	0.17941759690732495	0.203075234310397	0.28078285419214727
mr	0.40453726661826384	0.19114520636860824	0.4364916731037085	0.32449979983983984	0.3797958971132712	0.40453726661826384	0.26400656486920293	0.37198994904042215	0.3413283892770492	0.3797958971132712	0.353889367864523	0.585786437626905	0.21483387950063812	0.25087311299302983	0.2815429907304882	0.3927526080529047	0.2551539533920045	0.40453726661826384	0.3020512829658106	0.3164309725825327	1.0	0.41079721326696417	0.3090169943749474	0.31402774953051865	0.21232718985658802	0.4364916731037085	0.21582320688172674	1.0	0.3927526080529047	0.2761889479345214	0.4364916731037085	1.0	0.3797958971132712	0.4364916731037085	0.2158275660953233
nl	0.2685749256719011	0.10943514950580248	0.3797958971132712	0.24336073281110826	0.10771537123492811	0.09628631916405116	0.08696117739764023	0.0590593145305178	0.0825206915452955	0.0591812149698964	0.08143162586327408	0.585786437626905	0.07988781655564753	0.09581505982381149	0.06234422050650946	0.06114730223220308	0.07440571162378928	0.16362413599152606	0.127324600320011	0.1756069489551919	0.41079721326696417	1.0	0.10660033018206365	0.073142252543241	0.08941755000890544	0.09616143884459208	0.10274282791018412	1.0	0.13036909558177287	0.12531988551270434	0.13253992698511957	1.0	0.12054061529362191	0.3797958971132712	0.06615601177725974
pl	0.3282097382913062	0.11719708960447289	0.4364916731037085	0.19238760071157363	0.10951063090231244	0.09538922298030215	0.10064784275293873	0.07137562176071452	0.08291156266016776	0.07603273663801363	0.09249019849260237	0.38742588672279304	0.08827148459480907	0.1015968272881138	0.08658004904312194	0.08284823412226872	0.08775830118686907	0.14761340511896318	0.13052978978557359	0.18732990971738955	0.3090169943749474	0.10660033018206365	1.0	0.08348711597623393	0.09007880809735981	0.09617835319643865	0.10822659362726267	1.0	0.12940845511560267	0.12943759578122066	0.09665762588587903	1.0	0.09847167708060063	0.3333333333333333	0.09172181785772458
pt	0.1801443381588709	0.2516067321452544	0.27792629762666365	0.14498013028485204	0.09265842293497759	0.07255180902955748	0.32839583170712205	0.08709536270175952	0.08522266960649821	0.08345212302631627	0.10379396659151045	0.3090169943749474	0.3018276938554049	0.16394867880536415	0.21207382489091928	0.12133615218864391	0.28836676832752983	0.10915184053940542	0.15715377280778373	0.2517333832352864	0.31402774953051865	0.073142252543241	0.08348711597623393	1.0	0.22475229830490026	0.0739845868770016	0.24181142539905706	1.0	0.13613132603743533	0.12494863427540566	0.07316716483398839	1.0	0.08875503816985957	0.17011071785351697	0.2886147245451417
ro	0.17047674611562716	0.20508453903688703	0.25	0.15586978761321585	0.09400337819767728	0.08411642813897781	0.1766873053676894	0.10155496620078099	0.09117042686277255	0.10086256238889739	0.11524431426488657	0.44948974278317805	0.32644705562158466	0.15150839180493966	0.1882716358195704	0.10000643854091806	0.22882635253488062	0.10735707950460503	0.16000400216724847	0.23331009656177615	0.21232718985658802	0.08941755000890544	0.09007880809735981	0.22475229830490026	1.0	0.08396621602620356	0.242210742617815	1.0	0.12656629091472385	0.11629902713400958	0.08349170380549358	1.0	0.09351748407601974	0.17706699104120874	0.21945882463817687
ru	0.29429805508554946	0.10897403901574038	1.0	0.2402530733520421	0.07122602632456206	0.0732803626278793	0.08704042115447351	0.046092574161992396	0.06577448972642314	0.047488039529577586	0.08764948995731724	0.585786437626905	0.07239381353276216	0.09523292739209598	0.060688377121917894	0.0587753312033253	0.07491286453018789	0.15769722157459623	0.12996893993127306	0.1763813155999533	0.4364916731037085	0.09616143884459208	0.09617835319643865	0.0739845868770016	0.08396621602620356	1.0	0.10173434770221362	1.0	0.13088900582107046	0.12404446344449398	0.11074057099560283	1.0	0.11946605408484118	0.4364916731037085	0.06576063546888987
sh	0.15494059190744802	0.42300761454101543	0.36602540378443865	0.14425760044167915	0.10382259344187937	0.09985025072350846	0.17791141709302044	0.10905331443930234	0.1037006506931692	0.1049260029128153	0.12593269706047625	0.44948974278317805	0.37670284227893164	0.11886946869236407	0.2680314418399578	0.11681696478859488	0.35288991188641106	0.10610640220268239	0.17288321648588295	0.23807984488997608	0.21582320688172674	0.10274282791018412	0.10822659362726267	0.24181142539905706	0.242210742617815	0.10173434770221362	1.0	1.0	0.12777469339897163	0.12986583664714796	0.10036531063456108	1.0	0.10626671424101114	0.14213411430869038	0.3482512206728851
si	1.0	1.0	1.0	1.0	1.0	1.0	1.0	1.0	1.0	1.0	1.0	1.0	1.0	1.0	1.0	1.0	1.0	1.0	1.0	1.0	1.0	1.0	1.0	1.0	1.0	1.0	1.0	1.0	1.0	1.0	1.0	1.0	1.0	1.0	1.0
simple	0.23778363506226372	0.13397184786340682	0.4364916731037085	0.24801558871130594	0.15172002010364735	0.1282246420712983	0.12098430241300645	0.12609862202945507	0.12838697645591382	0.1143815363773327	0.12755447810825393	0.585786437626905	0.12444263948373362	0.12425797148597753	0.1122470377289514	0.1247362429916866	0.12301130962502926	0.17106230243533782	0.15278737538893478	0.20757670541814663	0.3927526080529047	0.13036909558177287	0.12940845511560267	0.13613132603743533	0.12656629091472385	0.13088900582107046	0.12777469339897163	1.0	1.0	0.13806977912912893	0.12959454017084707	1.0	0.13100425412940833	0.39564392373896007	0.12371842615911478
sr	0.21922476476894656	0.12541104301169534	0.3266316347104093	0.20742511849451092	0.12769434966130813	0.12548680383981486	0.14518509355662362	0.12870095730127487	0.1270803766550233	0.11535592859947695	0.13272850575834794	0.585786437626905	0.11651623144318977	0.11133115492271821	0.1324255081657182	0.12559207768285965	0.12437694404119509	0.13244120866320974	0.16262849124904494	0.17463791286154928	0.2761889479345214	0.12531988551270434	0.12943759578122066	0.12494863427540566	0.11629902713400958	0.12404446344449398	0.12986583664714796	1.0	0.13806977912912893	1.0	0.1232259776155436	1.0	0.11504566935361461	0.23800671553691075	0.12501427773904492
sv	0.31451985913875646	0.10862123874053896	1.0	0.24254820451590545	0.09568848602115762	0.08983563904037309	0.08567683145823363	0.052695983939131295	0.0700538096541881	0.05634465917882563	0.08101201328976178	0.585786437626905	0.07591630154183741	0.09388350669042198	0.06309066509455104	0.0634756437995666	0.07403670201751779	0.1685521226706963	0.12593173655363638	0.1744328890878361	0.4364916731037085	0.13253992698511957	0.09665762588587903	0.07316716483398839	0.08349170380549358	0.11074057099560283	0.10036531063456108	1.0	0.12959454017084707	0.1232259776155436	1.0	1.0	0.12228456750182846	0.585786437626905	0.06615863923878483
te	1.0	1.0	1.0	1.0	1.0	1.0	1.0	1.0	1.0	1.0	1.0	1.0	1.0	1.0	1.0	1.0	1.0	1.0	1.0	1.0	1.0	1.0	1.0	1.0	1.0	1.0	1.0	1.0	1.0	1.0	1.0	1.0	1.0	1.0	1.0
vi	0.260205226099576	0.1139084140586378	0.5	0.2208571431676284	0.110585868279935	0.11566455353157604	0.09365302030383797	0.0869514954912112	0.10819221157025988	0.0981864789443639	0.1002817527500775	0.585786437626905	0.08628806759880053	0.11101629747094767	0.09255769653995066	0.09353584199164701	0.09145154126958874	0.17594165119050392	0.1462118093438001	0.17941759690732495	0.3797958971132712	0.12054061529362191	0.09847167708060063	0.08875503816985957	0.09351748407601974	0.11946605408484118	0.10626671424101114	1.0	0.13100425412940833	0.11504566935361461	0.12228456750182846	1.0	1.0	0.30216947925196225	0.09264580121788582
war	0.31451985913875646	0.14503446107483847	1.0	0.353889367864523	0.5	0.585786437626905	0.1821251058314344	0.3090169943749474	0.3164309725825328	0.5	0.23497542908541053	0.585786437626905	0.14354258832573755	0.1907435698305462	0.2158344610587697	0.3333333333333333	0.16343625225507505	0.44948974278317805	0.2211722256431405	0.203075234310397	0.4364916731037085	0.3797958971132712	0.3333333333333333	0.17011071785351697	0.17706699104120874	0.4364916731037085	0.14213411430869038	1.0	0.39564392373896007	0.23800671553691075	0.585786437626905	1.0	0.30216947925196225	1.0	0.15894454156034005
zh	0.15896679176845155	0.3961705237705364	0.23845042223198504	0.14458830087524538	0.08500765953245228	0.06328701794320635	0.284749966020081	0.0936352562393441	0.07863420594787929	0.08991912009540425	0.10268297559088436	0.3427032721697021	0.33720316384265897	0.1614580350724425	0.2751665663007086	0.10715243857695834	0.29952413266025807	0.09745704393675579	0.17902926648925935	0.28078285419214727	0.2158275660953233	0.06615601177725974	0.09172181785772458	0.2886147245451417	0.21945882463817687	0.06576063546888987	0.3482512206728851	1.0	0.12371842615911478	0.12501427773904492	0.06615863923878483	1.0	0.09264580121788582	0.15894454156034005	1.0
