arz	bs	ceb	ckb	da	de	el	en	es	fr	he	hi	hu	id	it	ja	ko	lv	mk	ml	mr	nl	pl	pt	ro	ru	sh	si	simple	sr	sv	te	vi	war	zh
arz	1.0	0.23509115472034103	1.0	0.5812854445584267	0.3193415071731153	0.27926185333180636	0.3389580214317139	0.21891773500028852	0.2799771930890009	0.2923062279813871	0.270078798322718	0.3063808903396367	0.2892096251366003	0.3238991981665216	0.2765357447836839	0.23453404224978322	0.23366237037186333	0.3766924080445017	0.21527628260731635	0.4413769485100126	0.32980897183026475	0.292667553488925	0.2777417705638773	0.22467417749419505	0.26047512594761013	0.2315594958735163	0.275229129797891	0.4002831354739101	0.3342891476756962	0.3115065130153325	0.1913232337794225	0.45084863355484517	0.2902506599157652	0.5580875148419666	0.23087764504307295
bs	0.23509115472034103	1.0	1.0	0.2364502624593789	0.1232779928593367	0.10627992798245668	0.11735648363905536	0.08559061690407972	0.11322183534598451	0.09252684540206672	0.09825384668931562	0.12198048973873583	0.10703831285395037	0.12355766863974925	0.09864975856891205	0.09245491906142193	0.1026026194430715	0.15145862572065552	0.1286685532017229	0.1277094335505665	0.1794898662886384	0.10947873428370139	0.10910829556390894	0.09211545993175342	0.117601346464312	0.09561682917278283	0.10734637043361607	0.18929893304743445	0.10514153469037289	0.11526269747365489	0.09348893087141535	0.21379739454522267	0.11018371039903799	0.2999981439702366	0.10521814185601921
ceb	1.0	1.0	1.0	1.0	0.7510341748895938	0.5440059106743155	0.6572846022672738	0.5102798939826475	0.5440059106743155	0.5514172123865255	0.5440059106743155	0.5440059106743155	0.7455134344225701	0.5440059106743155	0.5680680226723739	0.471699961520146	0.4897007106171244	1.0	0.7455134344225701	0.641088808264664	0.4922457046638598	0.5139015958713483	0.5514172123865255	0.5514172123865255	0.3993815386306725	0.551366062778425	0.7510341748895938	0.7106922308883379	0.7455134344225701	0.5440059106743155	0.5680680226723739	0.44650355581684187	0.7455134344225701	0.7510341748895938	0.6590675637199679
ckb	0.5812854445584267	0.2364502624593789	1.0	1.0	0.2784111737742504	0.239035951888805	0.2573420941863778	0.1598789710222254	0.238026888185592	0.18034172934182854	0.19527343416443269	0.20830536698225022	0.23148052866171837	0.25235160719382954	0.1809733990647589	0.16835806250382276	0.19085602923172906	0.20718872724416185	0.2242886943068052	0.22785993890272482	0.1966474245266062	0.22442100267106382	0.2530657590384966	0.1711551164608207	0.19529395407546232	0.15891658971012426	0.17228094259716073	0.2967479226829251	0.21600259010255016	0.2626568650811114	0.1724937255213158	0.3196045925976517	0.17668795873849505	0.5353274603727075	0.14067634194370116
da	0.3193415071731153	0.1232779928593367	0.7510341748895938	0.2784111737742504	1.0	0.0594348415676913	0.08672139153475915	0.06201752898852007	0.061240817337464	0.06040307657014073	0.06168624326897059	0.0945629090409382	0.08192998192015119	0.07828815509875559	0.06479923815811321	0.06591206061831353	0.06718967815719196	0.10718599409927575	0.10304457916313163	0.12227685897924256	0.19393019790174174	0.060867041200225395	0.06285101310776216	0.06301048173653699	0.07603965571046213	0.0691383958767643	0.09149960505811358	0.21610060178596238	0.07501390327763814	0.07294535954189856	0.06779488903603677	0.1906382135713313	0.07327658512017439	0.41268647316833607	0.0742692812369422
de	0.27926185333180636	0.10627992798245668	0.5440059106743155	0.239035951888805	0.0594348415676913	1.0	0.0723585538481614	0.03428922843964603	0.03131268154442554	0.035691623469027725	0.04425393408810206	0.07729208021798543	0.06495763824468391	0.05018901091576019	0.03758471973276734	0.04298378563219696	0.047200032981619275	0.09472285226290558	0.09308909677503348	0.10552306460966468	0.17003195983856131	0.03386562054636227	0.032030027165114196	0.0387158731610237	0.05966181259487473	0.0398360000162538	0.06606900578710649	0.1925072470015692	0.059068458280514484	0.04694668581010206	0.043790749649798226	0.1635831062039374	0.050309807560131335	0.43814139407054564	0.047913018379701834
el	0.3389580214317139	0.11735648363905536	0.6572846022672738	0.2573420941863778	0.08672139153475915	0.0723585538481614	1.0	0.07103072804562319	0.0705387772590502	0.06703393110974128	0.06759290327958103	0.0874847814925168	0.08537320192115189	0.08128023903745393	0.07075433893162826	0.07670233889068588	0.07136114451539045	0.09597937416562712	0.09284405330408282	0.10960347921196088	0.15886187034292518	0.0707237250700399	0.07278369490102683	0.07316026633562729	0.07448586433782844	0.07806186442875593	0.0859130877264173	0.17937429493512977	0.07864910689041614	0.07645886271732744	0.07623322780894658	0.16996091525169624	0.078137186816178	0.34812091586753807	0.0841356618997
en	0.21891773500028852	0.08559061690407972	0.5102798939826475	0.1598789710222254	0.06201752898852007	0.03428922843964603	0.07103072804562319	1.0	0.034836781177333194	0.042753404576756505	0.051183661126624536	0.07157535261375664	0.06532808916925936	0.05279397635848795	0.04586318116533113	0.05566366452335013	0.0575089114303933	0.07773665811067444	0.08406230300916201	0.08859973119826796	0.1399815806176006	0.03855071110740873	0.03588523541088527	0.04830723360973564	0.06207938492604517	0.051514364847380874	0.06830717732652211	0.13016420006879714	0.06435601947051957	0.0533641330411649	0.05728748905020192	0.13057221377387712	0.05714446482426308	0.30167316490798035	0.0622282008025208
es	0.2799771930890009	0.11322183534598451	0.5440059106743155	0.238026888185592	0.061240817337464	0.03131268154442554	0.0705387772590502	0.034836781177333194	1.0	0.03606272646017326	0.042779611265857616	0.06996200179181354	0.06642236036404126	0.047226577402038096	0.03745784097037181	0.04156602591398791	0.04671959226708855	0.08918256037322418	0.09468377085391655	0.10251901555819186	0.1666464047629659	0.03438592431974079	0.03238730812084165	0.037899782606542066	0.06122754292943267	0.04035128654322848	0.06660343315755247	0.1788561952107012	0.06146811658961417	0.04580620985800009	0.04362925559398322	0.16245337462469056	0.04967405068618314	0.37206725124471307	0.04555186944197647
fr	0.2923062279813871	0.09252684540206672	0.5514172123865255	0.18034172934182854	0.06040307657014073	0.035691623469027725	0.06703393110974128	0.042753404576756505	0.03606272646017326	1.0	0.049463173724514684	0.06906819939578249	0.06422349155456768	0.05122590076227699	0.04759480837092838	0.05483329754618207	0.05478853591535864	0.08236428865403987	0.07939935942952232	0.09393101884146593	0.1563923079667904	0.0391570850106811	0.03728075110442019	0.04895950808001154	0.06094081494064479	0.05279888609799675	0.06443967312322357	0.1747371527566791	0.06019395771619195	0.05247972800837436	0.05505347315212363	0.1466383489784911	0.054904652248830864	0.22914532783769082	0.060313766436263
he	0.270078798322718	0.09825384668931562	0.5440059106743155	0.19527343416443269	0.06168624326897059	0.04425393408810206	0.06759290327958103	0.051183661126624536	0.042779611265857616	0.049463173724514684	1.0	0.07717595289556879	0.06769021634804209	0.05682072919728293	0.05315836220812593	0.056275419729794204	0.05402374253537998	0.0884110288669778	0.08180791809804266	0.10576237403467069	0.16774362403477386	0.04393897840204257	0.044022995171387164	0.05374918839804075	0.06387153784020436	0.05571547348475121	0.06618424084759744	0.18675533376650297	0.059543067953495246	0.054126051736860185	0.05662114528927841	0.1522142428930057	0.056825796830965614	0.3387505494461935	0.059908338376727446
hi	0.3063808903396367	0.12198048973873583	0.5440059106743155	0.20830536698225022	0.0945629090409382	0.07729208021798543	0.0874847814925168	0.07157535261375664	0.06996200179181354	0.06906819939578249	0.07717595289556879	1.0	0.09227412270364302	0.08047319852652227	0.07213728145998638	0.07631802223009579	0.07453173786847339	0.09918746029598521	0.10322404223605364	0.11888199925533166	0.1597328955353184	0.07547389002435045	0.07858877328224234	0.07420627016836434	0.08805618999254275	0.07780177859892952	0.08757426033228348	0.1870403326698435	0.07709747521432236	0.08141335094148185	0.07605011612813554	0.17921257781678146	0.0763591733884406	0.38756822703236915	0.08333658014349354
hu	0.2892096251366003	0.10703831285395037	0.7455134344225701	0.23148052866171837	0.08192998192015119	0.06495763824468391	0.08537320192115189	0.06532808916925936	0.06642236036404126	0.06422349155456768	0.06769021634804209	0.09227412270364302	1.0	0.07940172338334306	0.06867778181235994	0.07507068445282394	0.07053453507831522	0.09981371598018574	0.10141718930126989	0.10886330587220522	0.16689518764253497	0.06985771909528735	0.06426336433028514	0.06820029877734352	0.08382140757559974	0.07417704403984991	0.08773073099586816	0.21271233026011932	0.07544822845679326	0.07297271971224917	0.07413484784203946	0.1636068907905546	0.07290723515694925	0.2547576577919736	0.08061045679158232
id	0.3238991981665216	0.12355766863974925	0.5440059106743155	0.25235160719382954	0.07828815509875559	0.05018901091576019	0.08128023903745393	0.05279397635848795	0.047226577402038096	0.05122590076227699	0.05682072919728293	0.08047319852652227	0.07940172338334306	1.0	0.05540648019764083	0.06082796140256164	0.060511139259276474	0.09982527272983999	0.10126625580460215	0.11296386205909988	0.17076691786754208	0.05046681507740241	0.05006885454372923	0.05415153256073282	0.0773062606037668	0.05785022397828474	0.07688744874940066	0.1770132897866627	0.07230863306147677	0.059034836560167676	0.05898261378028148	0.17329215761123604	0.06074835178171913	0.40099248706813895	0.06452981623363467
it	0.2765357447836839	0.09864975856891205	0.5680680226723739	0.1809733990647589	0.06479923815811321	0.03758471973276734	0.07075433893162826	0.04586318116533113	0.03745784097037181	0.04759480837092838	0.05315836220812593	0.07213728145998638	0.06867778181235994	0.05540648019764083	1.0	0.05948497206474428	0.05891415651143337	0.08448919615622089	0.08181523662890092	0.0911369569720375	0.14831409815116553	0.04088634081207528	0.03893326136550036	0.05196166191458117	0.06692567177640678	0.05660617469759685	0.06859461297657439	0.15492067993183337	0.06504471191244278	0.05453911903942852	0.06036996576612737	0.13239352002200191	0.05882153937465758	0.31879100766358737	0.06654474551137468
ja	0.23453404224978322	0.09245491906142193	0.471699961520146	0.16835806250382276	0.06591206061831353	0.04298378563219696	0.07670233889068588	0.05566366452335013	0.04156602591398791	0.05483329754618207	0.056275419729794204	0.07631802223009579	0.07507068445282394	0.06082796140256164	0.05948497206474428	1.0	0.06199798307179007	0.08478349327984866	0.08506588237169585	0.09422631947596777	0.14378935707689663	0.04449814208544624	0.04325625028352737	0.06011294535773043	0.07050201168459211	0.06513653171333364	0.07417416818518374	0.1560846358203798	0.06765783572914547	0.062115060839887624	0.06555066525861472	0.13421279368335629	0.0627806249416216	0.2997367577396282	0.07276168238905296
ko	0.23366237037186333	0.1026026194430715	0.4897007106171244	0.19085602923172906	0.06718967815719196	0.047200032981619275	0.07136114451539045	0.0575089114303933	0.04671959226708855	0.05478853591535864	0.05402374253537998	0.07453173786847339	0.07053453507831522	0.060511139259276474	0.05891415651143337	0.06199798307179007	1.0	0.08820025913522937	0.08933598897833508	0.10281772296286494	0.1656962157161652	0.04957233056550495	0.047797839730730825	0.059812175664944345	0.06471448609697789	0.06228708028144087	0.06690475479411816	0.16806425595777194	0.06373424243400574	0.05803081604936494	0.06232233126933967	0.15387074410586993	0.05915273388245815	0.3034030838416613	0.06768758845246925
lv	0.3766924080445017	0.15145862572065552	1.0	0.20718872724416185	0.10718599409927575	0.09472285226290558	0.09597937416562712	0.07773665811067444	0.08918256037322418	0.08236428865403987	0.0884110288669778	0.09918746029598521	0.09981371598018574	0.09982527272983999	0.08448919615622089	0.08478349327984866	0.08820025913522937	1.0	0.10966487632865426	0.12467239321788881	0.17288549435267617	0.0930302366775865	0.09062375073441037	0.08110764801981893	0.09715398247235141	0.0865327545495656	0.11248334431719167	0.18837098023000812	0.09104818887800328	0.09832343198246649	0.08512016068313479	0.1952646489421042	0.08503304189182163	0.2587203721670806	0.09030631112752098
mk	0.21527628260731635	0.1286685532017229	0.7455134344225701	0.2242886943068052	0.10304457916313163	0.09308909677503348	0.09284405330408282	0.08406230300916201	0.09468377085391655	0.07939935942952232	0.08180791809804266	0.10322404223605364	0.10141718930126989	0.10126625580460215	0.08181523662890092	0.08506588237169585	0.08933598897833508	0.10966487632865426	1.0	0.12889610996968207	0.15372644172038086	0.0980261383575114	0.09450203169605294	0.08549706711367631	0.10009633668574282	0.090206999611573	0.10351183983126375	0.22182590906134902	0.09027405547032274	0.09283020937313034	0.08478831142355837	0.17170326437180655	0.09351054096536293	0.35412357243441805	0.09688252175718491
ml	0.4413769485100126	0.1277094335505665	0.641088808264664	0.22785993890272482	0.12227685897924256	0.10552306460966468	0.10960347921196088	0.08859973119826796	0.10251901555819186	0.09393101884146593	0.10576237403467069	0.11888199925533166	0.10886330587220522	0.11296386205909988	0.0911369569720375	0.09422631947596777	0.10281772296286494	0.12467239321788881	0.12889610996968207	1.0	0.17211855593809336	0.10878562363774351	0.10582215213980364	0.08930533003802138	0.11188553254856425	0.09401292413571777	0.11809512553175538	0.19796334626595152	0.11082718453550339	0.1152205960530953	0.09249612873384973	0.16456475400548765	0.0996047452965357	0.3518470630568554	0.099465310913326
mr	0.32980897183026475	0.1794898662886384	0.4922457046638598	0.1966474245266062	0.19393019790174174	0.17003195983856131	0.15886187034292518	0.1399815806176006	0.1666464047629659	0.1563923079667904	0.16774362403477386	0.1597328955353184	0.16689518764253497	0.17076691786754208	0.14831409815116553	0.14378935707689663	0.1656962157161652	0.17288549435267617	0.15372644172038086	0.17211855593809336	1.0	0.17501070699098212	0.18757925697443226	0.15391074723851114	0.16318763593040328	0.15610420634109617	0.17608859803654187	0.22130085900369095	0.1763131517013161	0.13140978804071135	0.15464646989000191	0.19787495670846222	0.16732450503012386	0.26390263437355016	0.14696165750492385
nl	0.292667553488925	0.10947873428370139	0.5139015958713483	0.22442100267106382	0.060867041200225395	0.03386562054636227	0.0707237250700399	0.03855071110740873	0.03438592431974079	0.0391570850106811	0.04393897840204257	0.07547389002435045	0.06985771909528735	0.05046681507740241	0.04088634081207528	0.04449814208544624	0.04957233056550495	0.0930302366775865	0.0980261383575114	0.10878562363774351	0.17501070699098212	1.0	0.03506708069141397	0.04189082379574959	0.06681964579457447	0.0429223869003007	0.0698153839285112	0.2075726649134962	0.0630180468578376	0.050186423142234114	0.046356837611538505	0.1729191494159709	0.05419261234907722	0.43914890753178887	0.05225327462165953
pl	0.2777417705638773	0.10910829556390894	0.5514172123865255	0.2530657590384966	0.06285101310776216	0.032030027165114196	0.07278369490102683	0.03588523541088527	0.03238730812084165	0.03728075110442019	0.044022995171387164	0.07858877328224234	0.06426336433028514	0.05006885454372923	0.03893326136550036	0.04325625028352737	0.047797839730730825	0.09062375073441037	0.09450203169605294	0.10582215213980364	0.18757925697443226	0.03506708069141397	1.0	0.0398462168733375	0.06389305525316356	0.041556863336155575	0.06551589169688911	0.19099472957440516	0.06093929868201323	0.04849831384926306	0.04528891401849643	0.16294395282211846	0.05353913157345173	0.5294806106574831	0.04745748231420008
pt	0.22467417749419505	0.09211545993175342	0.5514172123865255	0.1711551164608207	0.06301048173653699	0.0387158731610237	0.07316026633562729	0.04830723360973564	0.037899782606542066	0.04895950808001154	0.05374918839804075	0.07420627016836434	0.06820029877734352	0.05415153256073282	0.05196166191458117	0.06011294535773043	0.059812175664944345	0.08110764801981893	0.08549706711367631	0.08930533003802138	0.15391074723851114	0.04189082379574959	0.0398462168733375	1.0	0.0635074173243297	0.05794139827322726	0.06827939508902588	0.15445463488525604	0.06494088067324125	0.05625031210483314	0.06036644944048985	0.1390681579970151	0.059504070463221155	0.32756463443311057	0.06691286647035165
ro	0.26047512594761013	0.117601346464312	0.3993815386306725	0.19529395407546232	0.07603965571046213	0.05966181259487473	0.07448586433782844	0.06207938492604517	0.06122754292943267	0.06094081494064479	0.06387153784020436	0.08805618999254275	0.08382140757559974	0.0773062606037668	0.06692567177640678	0.07050201168459211	0.06471448609697789	0.09715398247235141	0.10009633668574282	0.11188553254856425	0.16318763593040328	0.06681964579457447	0.06389305525316356	0.0635074173243297	1.0	0.06794828350901301	0.08327455038885613	0.1858904550759302	0.07349842147573281	0.07254287294505782	0.06892155622373419	0.1715287145144419	0.07018721497365382	0.32428336459337065	0.07361905921351765
ru	0.2315594958735163	0.09561682917278283	0.551366062778425	0.15891658971012426	0.0691383958767643	0.0398360000162538	0.07806186442875593	0.051514364847380874	0.04035128654322848	0.05279888609799675	0.05571547348475121	0.07780177859892952	0.07417704403984991	0.05785022397828474	0.05660617469759685	0.06513653171333364	0.06228708028144087	0.0865327545495656	0.090206999611573	0.09401292413571777	0.15610420634109617	0.0429223869003007	0.041556863336155575	0.05794139827322726	0.06794828350901301	1.0	0.0735955719271747	0.15019959422463008	0.06952536490397018	0.05848384995763501	0.06538175459486238	0.12650115638420548	0.0626892645599805	0.2756492537142677	0.07358257899180763
sh	0.275229129797891	0.10734637043361607	0.7510341748895938	0.17228094259716073	0.09149960505811358	0.06606900578710649	0.0859130877264173	0.06830717732652211	0.06660343315755247	0.06443967312322357	0.06618424084759744	0.08757426033228348	0.08773073099586816	0.07688744874940066	0.06859461297657439	0.07417416818518374	0.06690475479411816	0.11248334431719167	0.10351183983126375	0.11809512553175538	0.17608859803654187	0.0698153839285112	0.06551589169688911	0.06827939508902588	0.08327455038885613	0.0735955719271747	1.0	0.18156680427113878	0.07361656103064533	0.06432683605412674	0.0712804829889079	0.17610373959108994	0.07732183864900367	0.30482424825173815	0.07866654015616126
si	0.4002831354739101	0.18929893304743445	0.7106922308883379	0.2967479226829251	0.21610060178596238	0.1925072470015692	0.17937429493512977	0.13016420006879714	0.1788561952107012	0.1747371527566791	0.18675533376650297	0.1870403326698435	0.21271233026011932	0.1770132897866627	0.15492067993183337	0.1560846358203798	0.16806425595777194	0.18837098023000812	0.22182590906134902	0.19796334626595152	0.22130085900369095	0.2075726649134962	0.19099472957440516	0.15445463488525604	0.1858904550759302	0.15019959422463008	0.18156680427113878	1.0	0.1838799519861743	0.18121201460033384	0.1780499481411973	0.2929343588695187	0.18328869504370032	0.4226374146047038	0.13980429068253464
simple	0.3342891476756962	0.10514153469037289	0.7455134344225701	0.21600259010255016	0.07501390327763814	0.059068458280514484	0.07864910689041614	0.06435601947051957	0.06146811658961417	0.06019395771619195	0.059543067953495246	0.07709747521432236	0.07544822845679326	0.07230863306147677	0.06504471191244278	0.06765783572914547	0.06373424243400574	0.09104818887800328	0.09027405547032274	0.11082718453550339	0.1763131517013161	0.0630180468578376	0.06093929868201323	0.06494088067324125	0.07349842147573281	0.06952536490397018	0.07361656103064533	0.1838799519861743	1.0	0.06756104595421235	0.06781381419060287	0.1729254419872554	0.06475131697008618	0.39085250747527445	0.07398623452118192
sr	0.3115065130153325	0.11526269747365489	0.5440059106743155	0.2626568650811114	0.07294535954189856	0.04694668581010206	0.07645886271732744	0.0533641330411649	0.04580620985800009	0.05247972800837436	0.054126051736860185	0.08141335094148185	0.07297271971224917	0.059034836560167676	0.05453911903942852	0.062115060839887624	0.05803081604936494	0.09832343198246649	0.09283020937313034	0.1152205960530953	0.13140978804071135	0.050186423142234114	0.04849831384926306	0.05625031210483314	0.07254287294505782	0.05848384995763501	0.06432683605412674	0.18121201460033384	0.06756104595421235	1.0	0.059109816039836595	0.1643234817725393	0.06213783171291481	0.44846654313479967	0.06467372648943887
sv	0.1913232337794225	0.09348893087141535	0.5680680226723739	0.1724937255213158	0.06779488903603677	0.043790749649798226	0.07623322780894658	0.05728748905020192	0.04362925559398322	0.05505347315212363	0.05662114528927841	0.07605011612813554	0.07413484784203946	0.05898261378028148	0.06036996576612737	0.06555066525861472	0.06232233126933967	0.08512016068313479	0.08478831142355837	0.09249612873384973	0.15464646989000191	0.046356837611538505	0.04528891401849643	0.06036644944048985	0.06892155622373419	0.06538175459486238	0.0712804829889079	0.1780499481411973	0.06781381419060287	0.059109816039836595	1.0	0.13024811512897908	0.0632416941747095	0.36483127777982705	0.07338991726179882
te	0.45084863355484517	0.21379739454522267	0.44650355581684187	0.3196045925976517	0.1906382135713313	0.1635831062039374	0.16996091525169624	0.13057221377387712	0.16245337462469056	0.1466383489784911	0.1522142428930057	0.17921257781678146	0.1636068907905546	0.17329215761123604	0.13239352002200191	0.13421279368335629	0.15387074410586993	0.1952646489421042	0.17170326437180655	0.16456475400548765	0.19787495670846222	0.1729191494159709	0.16294395282211846	0.1390681579970151	0.1715287145144419	0.12650115638420548	0.17610373959108994	0.2929343588695187	0.1729254419872554	0.1643234817725393	0.13024811512897908	1.0	0.1539585781408221	0.3585629827742334	0.13440123389514771
vi	0.2902506599157652	0.11018371039903799	0.7455134344225701	0.17668795873849505	0.07327658512017439	0.050309807560131335	0.078137186816178	0.05714446482426308	0.04967405068618314	0.054904652248830864	0.056825796830965614	0.0763591733884406	0.07290723515694925	0.06074835178171913	0.05882153937465758	0.0627806249416216	0.05915273388245815	0.08503304189182163	0.09351054096536293	0.0996047452965357	0.16732450503012386	0.05419261234907722	0.05353913157345173	0.059504070463221155	0.07018721497365382	0.0626892645599805	0.07732183864900367	0.18328869504370032	0.06475131697008618	0.06213783171291481	0.0632416941747095	0.1539585781408221	1.0	0.3022687108358478	0.06647588561033171
war	0.5580875148419666	0.2999981439702366	0.7510341748895938	0.5353274603727075	0.41268647316833607	0.43814139407054564	0.34812091586753807	0.30167316490798035	0.37206725124471307	0.22914532783769082	0.3387505494461935	0.38756822703236915	0.2547576577919736	0.40099248706813895	0.31879100766358737	0.2997367577396282	0.3034030838416613	0.2587203721670806	0.35412357243441805	0.3518470630568554	0.26390263437355016	0.43914890753178887	0.5294806106574831	0.32756463443311057	0.32428336459337065	0.2756492537142677	0.30482424825173815	0.4226374146047038	0.39085250747527445	0.44846654313479967	0.36483127777982705	0.3585629827742334	0.3022687108358478	1.0	0.23254202013838132
zh	0.23087764504307295	0.10521814185601921	0.6590675637199679	0.14067634194370116	0.0742692812369422	0.047913018379701834	0.0841356618997	0.0622282008025208	0.04555186944197647	0.060313766436263	0.059908338376727446	0.08333658014349354	0.08061045679158232	0.06452981623363467	0.06654474551137468	0.07276168238905296	0.06768758845246925	0.09030631112752098	0.09688252175718491	0.099465310913326	0.14696165750492385	0.05225327462165953	0.04745748231420008	0.06691286647035165	0.07361905921351765	0.07358257899180763	0.07866654015616126	0.13980429068253464	0.07398623452118192	0.06467372648943887	0.07338991726179882	0.13440123389514771	0.06647588561033171	0.23254202013838132	1.0
