arz	bs	ceb	ckb	da	de	el	en	es	fr	he	hi	hu	id	it	ja	ko	lv	mk	ml	mr	nl	pl	pt	ro	ru	sh	si	simple	sr	sv	te	vi	war	zh
arz	0.055629728521750174	0.25	0.0	0.3333333333333333	0.14289795918367348	0.09092562810744628	0.08333333333333333	0.0625	0.1	0.08335418056945836	0.12503128128128127	0.5	0.125015625	0.125046875	0.10000999999999999	0.1111111111111111	0.08334027777777778	0.2	0.2	0.3333333333333333	0.25	0.1111111111111111	0.1111358271852099	0.06667111111111111	0.0909504132231405	0.10000999999999999	0.25	0.3333333333333333	0.1	0.25	0.1111111111111111	0.0	0.125	0.2	0.08333333333333333
bs	0.25	0.020844191412331167	0.0	0.14285714285714285	0.08333333333333333	0.03225806451612903	0.125	0.02127659574468085	0.037037037037037035	0.034482758620689655	0.047619047619047616	0.05	0.047619047619047616	0.08333333333333333	0.038461538461538464	0.045454545454545456	0.03225806451612903	0.14285714285714285	0.1	0.2	1.0	0.058823529411764705	0.037037037037037035	0.037037037037037035	0.05	0.03125	0.1	0.2	0.1111111111111111	0.058823529411764705	0.03571428571428571	1.0	0.06666666666666667	1.0	0.030303030303030304
ceb	0.0	0.0	0.5	0.0	1.0	0.5	0.5	0.5	0.5	0.5	0.5	1.0	0.5	0.5	0.5	0.5	0.5	1.0	1.0	0.0	0.5	0.5	0.5	0.5	0.5	0.5	0.5	0.0	0.5	1.0	0.5	0.0	0.5	0.0	0.5
ckb	0.3333333333333333	0.14285714285714285	0.0	0.037074124884817594	0.07142857142857142	0.04	0.06666666666666667	0.037037037037037035	0.038463017751479284	0.038461538461538464	0.043478260869565216	0.06666666666666667	0.04	0.06666666666666667	0.045454545454545456	0.04	0.04	0.1	0.08333333333333333	0.2	1.0	0.041666666666666664	0.04166840277777777	0.038463017751479284	0.05555555555555555	0.038461538461538464	0.2	0.25	0.1111111111111111	0.0625	0.041666666666666664	1.0	0.045454545454545456	1.0	0.03703840877914952
da	0.14289795918367348	0.08333333333333333	1.0	0.07142857142857142	0.015883100784329803	0.018518518518518517	0.04	0.016129032258064516	0.018867924528301886	0.017857142857142856	0.020833333333333332	0.041666666666666664	0.025	0.045454545454545456	0.018867924528301886	0.02	0.02127659574468085	0.058823529411764705	0.1111111111111111	0.1111111111111111	1.0	0.022222222222222223	0.02	0.019230769230769232	0.034482758620689655	0.017543859649122806	0.14285714285714285	0.2	0.038461538461538464	0.03571428571428571	0.021739130434782608	1.0	0.030303030303030304	1.0	0.018518518518518517
de	0.09092562810744628	0.03225806451612903	0.5	0.04	0.018518518518518517	0.0011708930258218211	0.01694915254237288	0.0015174506828528073	0.00303951367781155	0.002066115702479339	0.003745332379469483	0.019230769230769232	0.005649717514124294	0.020833333333333332	0.003105590062111801	0.0030959752321981426	0.0034013721134712386	0.045454545454545456	0.045454545454545456	0.06666666666666667	0.5	0.00423728813559322	0.0033783783783783786	0.0035587188612099642	0.011235955056179775	0.0023148148148148147	0.047619047619047616	0.14285714285714285	0.022222222222222223	0.011764705882352941	0.005025125628140704	1.0	0.007194244604316547	1.0	0.003215434083601286
el	0.08333333333333333	0.125	0.5	0.06666666666666667	0.04	0.01694915254237288	0.013705389005066803	0.0136986301369863	0.016666666666666666	0.016129032258064516	0.017543859649122806	0.043480151228733464	0.020833333333333332	0.041666666666666664	0.01639344262295082	0.01818181818181818	0.019230769230769232	0.0625	0.08333333333333333	0.14285714285714285	1.0	0.020833333333333332	0.017857142857142856	0.016666666666666666	0.03125	0.016129032258064516	0.08333333333333333	0.25	0.037037037037037035	0.029411764705882353	0.02040816326530612	1.0	0.029411764705882353	1.0	0.01694915254237288
en	0.0625	0.02127659574468085	0.5	0.037037037037037035	0.016129032258064516	0.0015174506828528073	0.0136986301369863	0.0005555608634272479	0.002118657533754668	0.0013140639002902673	0.003039541393741743	0.017857142857142856	0.004098360655737705	0.019230769230769232	0.0022173243986017767	0.001968519437038874	0.0026178216057673857	0.038461538461538464	0.04	0.0625	0.5	0.0033333333333333335	0.0028653295128939827	0.0024449877750611247	0.009174311926605505	0.00149925262256428	0.04	0.14285714285714285	0.0196078431372549	0.01020408163265306	0.0027397260273972603	1.0	0.005586623388783122	1.0	0.002364066193853428
es	0.1	0.037037037037037035	0.5	0.038463017751479284	0.018867924528301886	0.00303951367781155	0.016666666666666666	0.002118657533754668	0.0020606063028787464	0.0026881864955486186	0.0044444641975308645	0.02040816326530612	0.006172839506172839	0.020833333333333332	0.003436426116838488	0.0035971223021582736	0.004081649312786339	0.041666666666666664	0.045454545454545456	0.06666666666666667	0.5	0.004739336492890996	0.004132231404958678	0.003636376859504132	0.012048192771084338	0.002915460394903484	0.041666666666666664	0.14285714285714285	0.020833333333333332	0.011111111111111112	0.0055248618784530384	1.0	0.008	1.0	0.003472222222222222
fr	0.08335418056945836	0.034482758620689655	0.5	0.038461538461538464	0.017857142857142856	0.002066115702479339	0.016129032258064516	0.0013140639002902673	0.0026881864955486186	0.0011770425406272757	0.003484320557491289	0.02	0.004901960784313725	0.020833333333333332	0.002801136140730802	0.0027027173119065014	0.0031645569620253164	0.04	0.043478260869565216	0.06666666666666667	0.5	0.0039525847927635175	0.003389830508474576	0.0031446738657489814	0.010869565217391304	0.0021231422505307855	0.04348015122873346	0.14285714285714285	0.021739130434782608	0.011111111111111112	0.0044843250417261555	1.0	0.006849361981610058	1.0	0.0029325857190770637
he	0.12503128128128127	0.047619047619047616	0.5	0.043478260869565216	0.020833333333333332	0.003745332379469483	0.017543859649122806	0.003039541393741743	0.0044444641975308645	0.003484320557491289	0.002973137674038722	0.023809523809523808	0.007042253521126761	0.02325635478637101	0.00409837745229777	0.0045045045045045045	0.00497514912997203	0.04	0.05263157894736842	0.07142857142857142	0.5	0.005988023952095809	0.004878048780487805	0.005025176131915861	0.014084507042253521	0.0038610187683546754	0.05	0.14285714285714285	0.023255813953488372	0.012820677186061802	0.006666666666666667	1.0	0.010101112131415162	1.0	0.004273540799181825
hi	0.5	0.05	1.0	0.06666666666666667	0.041666666666666664	0.019230769230769232	0.043480151228733464	0.017857142857142856	0.02040816326530612	0.02	0.023809523809523808	0.01757593179619631	0.02564102564102564	0.038461538461538464	0.02040816326530612	0.021739130434782608	0.021277501131733816	0.0625	0.09090909090909091	0.14285714285714285	1.0	0.025000625	0.020833333333333332	0.020833333333333332	0.038461538461538464	0.0196078431372549	0.1111111111111111	0.14285714285714285	0.05263157894736842	0.03125	0.024390243902439025	1.0	0.030303030303030304	1.0	0.018518861454046638
hu	0.125015625	0.047619047619047616	0.5	0.04	0.025	0.005649717514124294	0.020833333333333332	0.004098360655737705	0.006172839506172839	0.004901960784313725	0.007042253521126761	0.02564102564102564	0.004003875699892148	0.02857142857142857	0.006211180124223602	0.006535947712418301	0.006535990431030801	0.045454545454545456	0.05	0.07142857142857142	1.0	0.007633587786259542	0.007246376811594203	0.0070921985815602835	0.014084507042253521	0.005	0.05555555555555555	0.16666666666666666	0.02702702702702703	0.01639344262295082	0.00819672131147541	1.0	0.011363636363636364	1.0	0.006172915714067978
id	0.125046875	0.08333333333333333	0.5	0.06666666666666667	0.045454545454545456	0.020833333333333332	0.041666666666666664	0.019230769230769232	0.020833333333333332	0.020833333333333332	0.02325635478637101	0.038461538461538464	0.02857142857142857	0.01925446712393645	0.022222716049382713	0.022222222222222223	0.022727272727272728	0.06666666666666667	0.1	0.125	1.0	0.023809523809523808	0.022727272727272728	0.02040816326530612	0.04	0.020833333333333332	0.1	0.16666666666666666	0.045454545454545456	0.029411764705882353	0.027777777777777776	1.0	0.03333333333333333	1.0	0.020834201388888886
it	0.10000999999999999	0.038461538461538464	0.5	0.045454545454545456	0.018867924528301886	0.003105590062111801	0.01639344262295082	0.0022173243986017767	0.003436426116838488	0.002801136140730802	0.00409837745229777	0.02040816326530612	0.006211180124223602	0.022222716049382713	0.0021035934473633703	0.0035460992907801418	0.004201698326389379	0.041666666666666664	0.05	0.06667111556000445	0.5	0.005347622179644828	0.0040650406504065045	0.003968285462333082	0.011905045351473922	0.0030395321550983454	0.045456611570247926	0.14285714285714285	0.02040816326530612	0.011363894628099173	0.005847953216374269	1.0	0.008620763971462544	1.0	0.0035336063629212507
ja	0.1111111111111111	0.045454545454545456	0.5	0.04	0.02	0.0030959752321981426	0.01818181818181818	0.001968519437038874	0.0035971223021582736	0.0027027173119065014	0.0045045045045045045	0.021739130434782608	0.006535947712418301	0.022222222222222223	0.0035460992907801418	0.0019569549638145294	0.003831432304282086	0.04	0.05	0.06666666666666667	0.5	0.005025150880028282	0.004524907352429311	0.004273504273504274	0.012987012987012988	0.0031250195312499994	0.05	0.14285714285714285	0.023255813953488372	0.012345679012345678	0.005494505494505495	1.0	0.008928651147959184	1.0	0.0036900369003690036
ko	0.08334027777777778	0.03225806451612903	0.5	0.04	0.02127659574468085	0.0034013721134712386	0.019230769230769232	0.0026178216057673857	0.004081649312786339	0.0031645569620253164	0.00497514912997203	0.021277501131733816	0.006535990431030801	0.022727272727272728	0.004201698326389379	0.003831432304282086	0.002518143218485053	0.041666666666666664	0.05263434903047091	0.06666666666666667	0.5	0.0053475935828877	0.0048543689320388345	0.004739381415511781	0.012048192771084338	0.003401360544217687	0.05263157894736842	0.14285714285714285	0.023255813953488372	0.013157894736842105	0.006329113924050633	1.0	0.009009009009009009	1.0	0.003952600415566561
lv	0.2	0.14285714285714285	1.0	0.1	0.058823529411764705	0.045454545454545456	0.0625	0.038461538461538464	0.041666666666666664	0.04	0.04	0.0625	0.045454545454545456	0.06666666666666667	0.041666666666666664	0.04	0.041666666666666664	0.03847337426035503	0.14285714285714285	0.125	1.0	0.047619047619047616	0.041666666666666664	0.041666666666666664	0.05555555555555555	0.04	0.14285714285714285	0.16666666666666666	0.07142857142857142	0.058823529411764705	0.047619047619047616	1.0	0.05	1.0	0.04
mk	0.2	0.1	1.0	0.08333333333333333	0.1111111111111111	0.045454545454545456	0.08333333333333333	0.04	0.045454545454545456	0.043478260869565216	0.05263157894736842	0.09090909090909091	0.05	0.1	0.05	0.05	0.05263434903047091	0.14285714285714285	0.040044854462475285	0.3333333333333333	1.0	0.058823529411764705	0.05555555555555555	0.05000249999999999	0.08333333333333333	0.041666666666666664	0.125	0.25	0.14285714285714285	0.07143367346938775	0.05	1.0	0.058823529411764705	1.0	0.041666666666666664
ml	0.3333333333333333	0.2	0.0	0.2	0.1111111111111111	0.06666666666666667	0.14285714285714285	0.0625	0.06666666666666667	0.06666666666666667	0.07142857142857142	0.14285714285714285	0.07142857142857142	0.125	0.06667111556000445	0.06666666666666667	0.06666666666666667	0.125	0.3333333333333333	0.06255866022666029	1.0	0.06666666666666667	0.06666666666666667	0.07142857142857142	0.1	0.0625	0.2	0.2	0.1111111111111111	0.1111111111111111	0.07142857142857142	1.0	0.08333333333333333	1.0	0.06666666666666667
mr	0.25	1.0	0.5	1.0	1.0	0.5	1.0	0.5	0.5	0.5	0.5	1.0	1.0	1.0	0.5	0.5	0.5	1.0	1.0	1.0	0.5	0.5	0.5	0.5	1.0	0.5	1.0	1.0	1.0	1.0	0.5	1.0	0.5	1.0	0.5
nl	0.1111111111111111	0.058823529411764705	0.5	0.041666666666666664	0.022222222222222223	0.00423728813559322	0.020833333333333332	0.0033333333333333335	0.004739336492890996	0.0039525847927635175	0.005988023952095809	0.025000625	0.007633587786259542	0.023809523809523808	0.005347622179644828	0.005025150880028282	0.0053475935828877	0.047619047619047616	0.058823529411764705	0.06666666666666667	0.5	0.0032489369532182396	0.006060606060606061	0.0059171947760932745	0.014706098615916955	0.004098360655737705	0.058823529411764705	0.14285714285714285	0.02564102564102564	0.014705882352941176	0.006993006993006993	1.0	0.008771929824561403	1.0	0.0048543689320388345
pl	0.1111358271852099	0.037037037037037035	0.5	0.04166840277777777	0.02	0.0033783783783783786	0.017857142857142856	0.0028653295128939827	0.004132231404958678	0.003389830508474576	0.004878048780487805	0.020833333333333332	0.007246376811594203	0.022727272727272728	0.0040650406504065045	0.004524907352429311	0.0048543689320388345	0.041666666666666664	0.05555555555555555	0.06666666666666667	0.5	0.006060606060606061	0.0022345172425351206	0.004901984813533256	0.012195270672218919	0.0035335689045936395	0.05263157894736842	0.14285714285714285	0.02631578947368421	0.012987012987012988	0.006711409395973154	1.0	0.009433962264150943	1.0	0.004347844990548204
pt	0.06667111111111111	0.037037037037037035	0.5	0.038463017751479284	0.019230769230769232	0.0035587188612099642	0.016666666666666666	0.0024449877750611247	0.003636376859504132	0.0031446738657489814	0.005025176131915861	0.020833333333333332	0.0070921985815602835	0.02040816326530612	0.003968285462333082	0.004273504273504274	0.004739381415511781	0.041666666666666664	0.05000249999999999	0.07142857142857142	0.5	0.0059171947760932745	0.004901984813533256	0.0024086637065095827	0.013333333333333334	0.0035335689045936395	0.047619047619047616	0.14285714285714285	0.021739130434782608	0.012048192771084338	0.006451654526534859	1.0	0.009345794392523364	1.0	0.003952600415566561
ro	0.0909504132231405	0.05	0.5	0.05555555555555555	0.034482758620689655	0.011235955056179775	0.03125	0.009174311926605505	0.012048192771084338	0.010869565217391304	0.014084507042253521	0.038461538461538464	0.014084507042253521	0.04	0.011905045351473922	0.012987012987012988	0.012048192771084338	0.05555555555555555	0.08333333333333333	0.1	1.0	0.014706098615916955	0.012195270672218919	0.013333333333333334	0.008853867414676718	0.010309384631735573	0.06250390624999999	0.16666666666666666	0.04	0.02702702702702703	0.0136986301369863	1.0	0.017241379310344827	1.0	0.011111111111111112
ru	0.10000999999999999	0.03125	0.5	0.038461538461538464	0.017543859649122806	0.0023148148148148147	0.016129032258064516	0.00149925262256428	0.002915460394903484	0.0021231422505307855	0.0038610187683546754	0.0196078431372549	0.005	0.020833333333333332	0.0030395321550983454	0.0031250195312499994	0.003401360544217687	0.04	0.041666666666666664	0.0625	0.5	0.004098360655737705	0.0035335689045936395	0.0035335689045936395	0.010309384631735573	0.0013144855170257519	0.043478260869565216	0.14285714285714285	0.020833333333333332	0.011235955056179775	0.004901960784313725	1.0	0.006578947368421052	1.0	0.0030959944023234193
sh	0.25	0.1	0.5	0.2	0.14285714285714285	0.047619047619047616	0.08333333333333333	0.04	0.041666666666666664	0.04348015122873346	0.05	0.1111111111111111	0.05555555555555555	0.1	0.045456611570247926	0.05	0.05263157894736842	0.14285714285714285	0.125	0.2	1.0	0.058823529411764705	0.05263157894736842	0.047619047619047616	0.06250390624999999	0.043478260869565216	0.0400256128064	0.25	0.1111111111111111	0.043478260869565216	0.058823529411764705	1.0	0.08333333333333333	1.0	0.04762358276643991
si	0.3333333333333333	0.2	0.0	0.25	0.2	0.14285714285714285	0.25	0.14285714285714285	0.14285714285714285	0.14285714285714285	0.14285714285714285	0.14285714285714285	0.16666666666666666	0.16666666666666666	0.14285714285714285	0.14285714285714285	0.14285714285714285	0.16666666666666666	0.25	0.2	1.0	0.14285714285714285	0.14285714285714285	0.14285714285714285	0.16666666666666666	0.14285714285714285	0.25	0.14287755102040817	0.25	0.16666666666666666	0.16666666666666666	1.0	0.16666666666666666	1.0	0.14285714285714285
simple	0.1	0.1111111111111111	0.5	0.1111111111111111	0.038461538461538464	0.022222222222222223	0.037037037037037035	0.0196078431372549	0.020833333333333332	0.021739130434782608	0.023255813953488372	0.05263157894736842	0.02702702702702703	0.045454545454545456	0.02040816326530612	0.023255813953488372	0.023255813953488372	0.07142857142857142	0.14285714285714285	0.1111111111111111	1.0	0.02564102564102564	0.02631578947368421	0.021739130434782608	0.04	0.020833333333333332	0.1111111111111111	0.25	0.019234468195266273	0.037037037037037035	0.02631578947368421	1.0	0.03125	1.0	0.02127659574468085
sr	0.25	0.058823529411764705	1.0	0.0625	0.03571428571428571	0.011764705882352941	0.029411764705882353	0.01020408163265306	0.011111111111111112	0.011111111111111112	0.012820677186061802	0.03125	0.01639344262295082	0.029411764705882353	0.011363894628099173	0.012345679012345678	0.013157894736842105	0.058823529411764705	0.07143367346938775	0.1111111111111111	1.0	0.014705882352941176	0.012987012987012988	0.012048192771084338	0.02702702702702703	0.011235955056179775	0.043478260869565216	0.16666666666666666	0.037037037037037035	0.010212522495942213	0.014705882352941176	1.0	0.022727272727272728	1.0	0.011764705882352941
sv	0.1111111111111111	0.03571428571428571	0.5	0.041666666666666664	0.021739130434782608	0.005025125628140704	0.02040816326530612	0.0027397260273972603	0.0055248618784530384	0.0044843250417261555	0.006666666666666667	0.024390243902439025	0.00819672131147541	0.027777777777777776	0.005847953216374269	0.005494505494505495	0.006329113924050633	0.047619047619047616	0.05	0.07142857142857142	0.5	0.006993006993006993	0.006711409395973154	0.006451654526534859	0.0136986301369863	0.004901960784313725	0.058823529411764705	0.16666666666666666	0.02631578947368421	0.014705882352941176	0.00269740987875038	1.0	0.011494252873563218	1.0	0.005494505494505495
te	0.0	1.0	0.0	1.0	1.0	1.0	1.0	1.0	1.0	1.0	1.0	1.0	1.0	1.0	1.0	1.0	1.0	1.0	1.0	1.0	1.0	1.0	1.0	1.0	1.0	1.0	1.0	1.0	1.0	1.0	1.0	1.0	1.0	1.0	1.0
vi	0.125	0.06666666666666667	0.5	0.045454545454545456	0.030303030303030304	0.007194244604316547	0.029411764705882353	0.005586623388783122	0.008	0.006849361981610058	0.010101112131415162	0.030303030303030304	0.011363636363636364	0.03333333333333333	0.008620763971462544	0.008928651147959184	0.009009009009009009	0.05	0.058823529411764705	0.08333333333333333	0.5	0.008771929824561403	0.009433962264150943	0.009345794392523364	0.017241379310344827	0.006578947368421052	0.08333333333333333	0.16666666666666666	0.03125	0.022727272727272728	0.011494252873563218	1.0	0.005593811348384532	1.0	0.0078125
war	0.2	1.0	0.0	1.0	1.0	1.0	1.0	1.0	1.0	1.0	1.0	1.0	1.0	1.0	1.0	1.0	1.0	1.0	1.0	1.0	1.0	1.0	1.0	1.0	1.0	1.0	1.0	1.0	1.0	1.0	1.0	1.0	1.0	1.0	1.0
zh	0.08333333333333333	0.030303030303030304	0.5	0.03703840877914952	0.018518518518518517	0.003215434083601286	0.01694915254237288	0.002364066193853428	0.003472222222222222	0.0029325857190770637	0.004273540799181825	0.018518861454046638	0.006172915714067978	0.020834201388888886	0.0035336063629212507	0.0036900369003690036	0.003952600415566561	0.04	0.041666666666666664	0.06666666666666667	0.5	0.0048543689320388345	0.004347844990548204	0.003952600415566561	0.011111111111111112	0.0030959944023234193	0.04762358276643991	0.14285714285714285	0.02127659574468085	0.011764705882352941	0.005494505494505495	1.0	0.0078125	1.0	0.00233255801653754
