arz	bs	ceb	ckb	da	de	el	en	es	fr	he	hi	hu	id	it	ja	ko	lv	mk	ml	mr	nl	pl	pt	ro	ru	sh	si	simple	sr	sv	te	vi	war	zh
arz	1.0	0.15648201602361114	0.5	0.38742588672279304	0.2843646522044218	0.38742588672279304	0.17363590218519492	0.3333333333333333	0.34833147735478825	0.26533119314590375	0.2926275465933711	0.585786437626905	0.20505669822751957	0.2717239305923058	0.15948982668672973	0.3164309725825327	0.16273175282292762	0.30794491411916075	0.24472009032316608	0.2952885277553975	0.4142135623730951	0.3660254037844386	0.2791745113185196	0.19629773800625167	0.1666132566640567	0.3660254037844386	0.1637614426990209	1.0	0.2106615263331268	0.21009877287757947	0.38742588672279304	1.0	0.33333333333333326	0.44948974278317805	0.17642017677311195
bs	0.15648201602361114	1.0	0.22901628833426058	0.14517419216600516	0.12148731528475987	0.10755631995991055	0.35825235236770125	0.11575445058880196	0.1086520871734473	0.1271197212794739	0.1171837873985606	0.28409459088593214	0.16465687311614058	0.1144316108765898	0.20559339979402896	0.11341877218988466	0.19212849754927688	0.12563019240673162	0.1443190475065941	0.236069101508558	0.20156673531106437	0.11311858921377095	0.11600731840335174	0.18018721799011334	0.41568919414277744	0.10989680403291432	0.39188315848848376	1.0	0.14153017276402782	0.1500001971939737	0.10742055465892952	1.0	0.11890176563314561	0.14285714285714285	0.21350878870409198
ceb	0.5	0.22901628833426058	1.0	0.5	0.4142135623730951	0.585786437626905	0.3090169943749474	1.0	0.585786437626905	0.36602540378443865	0.39564392373896	1.0	0.26533119314590375	0.585786437626905	0.27718637277259645	1.0	0.2449655295864104	0.585786437626905	0.44948974278317805	0.30901699437494745	1.0	1.0	0.44948974278317805	0.44948974278317805	0.30383243470068705	0.585786437626905	0.21979723016032493	1.0	0.5	0.44948974278317805	1.0	1.0	0.585786437626905	1.0	0.2857142857142857
ckb	0.38742588672279304	0.14517419216600516	0.5	1.0	0.18163779041749706	0.22281267964860224	0.15384654782293103	0.21876774816653508	0.23582845781094	0.17814709054630262	0.2202501097970118	0.44948974278317805	0.1688792879541399	0.22265812309304364	0.1580046592240053	0.2128057122940767	0.15205929242452085	0.21189498187560254	0.21356090794295685	0.19626543140632904	0.5	0.23015446968895772	0.20336883153387675	0.16527106425158603	0.14473942597643333	0.2025519956555797	0.15085940456821317	1.0	0.23150658430425103	0.16672001686828639	0.23778363506226372	1.0	0.1933827760289223	0.44948974278317805	0.13997356313829215
da	0.2843646522044218	0.12148731528475987	0.4142135623730951	0.18163779041749706	1.0	0.06877865457595571	0.09813901913436304	0.09281280832931815	0.08342629548091259	0.08052663148079697	0.12478696336084677	0.5	0.08543085163140192	0.129059189284238	0.13245806891933715	0.0907577793629329	0.0854560178553373	0.12174004242958765	0.13456653448433833	0.19348583554649207	0.3660254037844386	0.08592147700998978	0.09184547325526786	0.09254190929196782	0.09332083183870477	0.07089158907142894	0.1183876597037047	1.0	0.14664786980156344	0.12329976149964827	0.07120062982722317	1.0	0.09805678651412643	0.32449979983983984	0.09405332264705826
de	0.38742588672279304	0.10755631995991055	0.585786437626905	0.22281267964860224	0.06877865457595571	1.0	0.08573008041679414	0.04528210215383305	0.06515098850121676	0.04381134435635825	0.08899083666701774	0.585786437626905	0.07195136958117891	0.11383448569583815	0.05534870159151088	0.049889560955436875	0.0746120313354946	0.1404143344450142	0.12546499641352568	0.19382373427098679	0.44948974278317805	0.08672841668164057	0.08391809267138475	0.08462224817651774	0.08395157996907068	0.06472320638442093	0.10513599378338517	1.0	0.14449086101458242	0.12357503632046364	0.09305888316665233	1.0	0.0867246626527711	0.585786437626905	0.0637605652354657
el	0.17363590218519492	0.35825235236770125	0.3090169943749474	0.15384654782293103	0.09813901913436304	0.08573008041679414	1.0	0.13668886712148398	0.0876987805065186	0.09850083765175441	0.09952101026294119	0.49851311685382416	0.23124238185677026	0.1298694233806518	0.21934950894918412	0.10082829400184612	0.3034134542623511	0.10281944680103465	0.14292888938827003	0.1909580640710349	0.24480181256421618	0.08925242945809543	0.10867587192710158	0.1531771384378077	0.22625847293636905	0.08705470763969973	0.30760702807382095	1.0	0.11532890887375391	0.13125977734194227	0.08574138355067389	1.0	0.10379657800449396	0.14342762372277806	0.2950025980947964
en	0.3333333333333333	0.11575445058880196	1.0	0.21876774816653508	0.09281280832931815	0.04528210215383305	0.13668886712148398	1.0	0.07880494191327339	0.06436916470988051	0.08585609033373943	0.5	0.09779454055098553	0.12055781150509752	0.09627909921689157	0.07653969244897948	0.11473931242734231	0.12228486274613491	0.13448770206226127	0.19738130052327013	0.44948974278317805	0.06390277782981996	0.0751050593677049	0.10480327028224688	0.1173451498242527	0.050840010876970806	0.12108619144977409	1.0	0.13109697888609073	0.11888154846689125	0.054215574402474154	1.0	0.09434617584672536	0.3430703308172536	0.09933981719745202
es	0.34833147735478825	0.1086520871734473	0.585786437626905	0.23582845781094	0.08342629548091259	0.06515098850121676	0.0876987805065186	0.07880494191327339	1.0	0.07283025684560825	0.08870564869821461	0.585786437626905	0.0804216421857542	0.11883594732438275	0.0740395462399013	0.08261433029303769	0.08559701083742373	0.147208710569336	0.13046120392754093	0.19382373427098679	0.44948974278317805	0.07748984476452639	0.08689646696074523	0.08525375972281585	0.08874964782174152	0.062250244875249	0.10878105139657399	1.0	0.14881020257876898	0.12699020873560848	0.0905353561064921	1.0	0.08842927091336313	0.5	0.07319718322255493
fr	0.26533119314590375	0.1271197212794739	0.36602540378443865	0.17814709054630262	0.08052663148079697	0.04381134435635825	0.09850083765175441	0.06436916470988051	0.07283025684560825	1.0	0.08679654334109345	0.5	0.08737882840580175	0.11417018631546666	0.08567102128241838	0.06607658538371312	0.09284067232985503	0.1280572030447014	0.13738945061409516	0.19727654675848785	0.3283682478404418	0.06637421596357315	0.07252585612108287	0.09334405883411713	0.11599918615820512	0.053151124833162346	0.12120194152070415	1.0	0.11539286012144213	0.12435616019619473	0.06303582489280493	1.0	0.08729215257564389	0.3164309725825328	0.08937047688717287
he	0.2926275465933711	0.1171837873985606	0.39564392373896	0.2202501097970118	0.12478696336084677	0.08899083666701774	0.09952101026294119	0.08585609033373943	0.08870564869821461	0.08679654334109345	1.0	0.585786437626905	0.09086739033660343	0.11496303464356346	0.08281864341059582	0.08870667662894426	0.08652048589831383	0.14618710236759333	0.13519441135250235	0.20164016962721124	0.28172904669025317	0.09422310961911468	0.09720165726157348	0.10189360502722902	0.0962661759343157	0.10201668117661299	0.11419346432176093	1.0	0.13370043228876083	0.12077837008158102	0.08593199238957953	1.0	0.11095770148162631	0.27429188517743175	0.08125703821423723
hi	0.585786437626905	0.28409459088593214	1.0	0.44948974278317805	0.5	0.585786437626905	0.49851311685382416	0.5	0.585786437626905	0.5	0.585786437626905	1.0	0.3726822671238253	0.40453726661826384	0.40453726661826384	0.5	0.37905490691606286	0.5	0.5	0.3726822671238253	1.0	0.585786437626905	0.5	0.3950325357559503	0.3090169943749474	0.585786437626905	0.37926872769071385	1.0	1.0	0.5	0.5	1.0	0.3483314773547883	0.585786437626905	0.3380788308512194
hu	0.20505669822751957	0.16465687311614058	0.26533119314590375	0.1688792879541399	0.08543085163140192	0.07195136958117891	0.23124238185677026	0.09779454055098553	0.0804216421857542	0.08737882840580175	0.09086739033660343	0.3726822671238253	1.0	0.12342024920402617	0.2740822900772784	0.09187962069925745	0.1738968109889461	0.1241983538267691	0.15629530622478446	0.26413476849637485	0.23166247903554	0.08548259766036345	0.08636308762035289	0.14818506923793578	0.22845227910109056	0.07320636542808408	0.20343434804219862	1.0	0.11342188700511466	0.11914599944954389	0.08039799453858333	1.0	0.10686256000897007	0.19367338768973055	0.2157356411321411
id	0.2717239305923058	0.1144316108765898	0.585786437626905	0.22265812309304364	0.129059189284238	0.11383448569583815	0.1298694233806518	0.12055781150509752	0.11883594732438275	0.11417018631546666	0.11496303464356346	0.40453726661826384	0.12342024920402617	1.0	0.13027760801002078	0.11688114003086758	0.12048405377486851	0.13320653625842352	0.13381374807584	0.21018017967257677	0.35388936786452296	0.11419086966686263	0.12617902378166482	0.11354789854163362	0.11778465193482841	0.11938196536275078	0.14243346057613063	1.0	0.1216699046315676	0.1421891583100112	0.12008978589635817	1.0	0.12137712621621569	0.3090169943749474	0.12222597580386935
it	0.15948982668672973	0.20559339979402896	0.27718637277259645	0.1580046592240053	0.13245806891933715	0.05534870159151088	0.21934950894918412	0.09627909921689157	0.0740395462399013	0.08567102128241838	0.08281864341059582	0.40453726661826384	0.2740822900772784	0.13027760801002078	1.0	0.13898315185444973	0.27307548097364975	0.1089367669848674	0.1774964985702666	0.21931562510095404	0.2060329818670814	0.0644082927309719	0.10376828150614215	0.13853139219756097	0.2242958540097133	0.05791369522906167	0.23858090399840629	1.0	0.10913671618854186	0.1250142305936113	0.06522615339871114	1.0	0.10076958261542014	0.14794976728674605	0.2833972506238826
ja	0.3164309725825327	0.11341877218988466	1.0	0.2128057122940767	0.0907577793629329	0.049889560955436875	0.10082829400184612	0.07653969244897948	0.08261433029303769	0.06607658538371312	0.08870667662894426	0.5	0.09187962069925745	0.11688114003086758	0.13898315185444973	1.0	0.09596840987498315	0.14273214855626368	0.13188378545436386	0.20286727666907922	0.3430703308172536	0.057837412230384314	0.09023936763037484	0.09616661820055147	0.09500113513187428	0.05963658309352282	0.11163106810470141	1.0	0.14501396611252737	0.1266758162935726	0.060793997628964015	1.0	0.10412372758365815	0.30216947925196225	0.11526761491995016
ko	0.16273175282292762	0.19212849754927688	0.2449655295864104	0.15205929242452085	0.0854560178553373	0.0746120313354946	0.3034134542623511	0.11473931242734231	0.08559701083742373	0.09284067232985503	0.08652048589831383	0.37905490691606286	0.1738968109889461	0.12048405377486851	0.27307548097364975	0.09596840987498315	1.0	0.10931933059004903	0.15198941272932084	0.22724543488361995	0.22734484916749534	0.08300103080918307	0.09351244573790936	0.14073650277741495	0.2180866374028142	0.07546185901868266	0.18640614724108198	1.0	0.10266935334844865	0.1275620628558663	0.07524572019225444	1.0	0.09841128927563561	0.1477240752770679	0.31900188568732973
lv	0.30794491411916075	0.12563019240673162	0.585786437626905	0.21189498187560254	0.12174004242958765	0.1404143344450142	0.10281944680103465	0.12228486274613491	0.147208710569336	0.1280572030447014	0.14618710236759333	0.5	0.1241983538267691	0.13320653625842352	0.1089367669848674	0.14273214855626368	0.10931933059004903	1.0	0.1652960191502465	0.21024550504726613	0.4485068563421602	0.1298012408845939	0.12272442751529605	0.12852635369802712	0.11820592073476838	0.1379736888172136	0.12300664006498722	1.0	0.17897419209173313	0.1470045051233388	0.15126038550168944	1.0	0.16540908752717526	0.31451985913875646	0.09977079573711614
mk	0.24472009032316608	0.1443190475065941	0.44948974278317805	0.21356090794295685	0.13456653448433833	0.12546499641352568	0.14292888938827003	0.13448770206226127	0.13046120392754093	0.13738945061409516	0.13519441135250235	0.5	0.15629530622478446	0.13381374807584	0.1774964985702666	0.13188378545436386	0.15198941272932084	0.1652960191502465	1.0	0.2834508389971603	0.3660254037844386	0.15564858234497142	0.13351171125675218	0.14835219753406664	0.17042400240825875	0.1292262348638737	0.1448019373641273	1.0	0.13215411381255632	0.14935290667469456	0.1270505806814468	1.0	0.13414549977221915	0.21712927295533244	0.16740462602011652
ml	0.2952885277553975	0.236069101508558	0.30901699437494745	0.19626543140632904	0.19348583554649207	0.19382373427098679	0.1909580640710349	0.19738130052327013	0.19382373427098679	0.19727654675848785	0.20164016962721124	0.3726822671238253	0.26413476849637485	0.21018017967257677	0.21931562510095404	0.20286727666907922	0.22724543488361995	0.21024550504726613	0.2834508389971603	1.0	0.30901699437494745	0.1998248050060972	0.20427023099782896	0.20968159160365388	0.24725067946484078	0.1996405556057145	0.23263443309606482	1.0	0.25709147726731607	0.22456175504243897	0.19738130052327013	1.0	0.20759929062299584	0.2791745113185196	0.22212462754860543
mr	0.4142135623730951	0.20156673531106437	1.0	0.5	0.3660254037844386	0.44948974278317805	0.24480181256421618	0.44948974278317805	0.44948974278317805	0.3283682478404418	0.28172904669025317	1.0	0.23166247903554	0.35388936786452296	0.2060329818670814	0.3430703308172536	0.22734484916749534	0.4485068563421602	0.3660254037844386	0.30901699437494745	1.0	0.5	0.3333333333333333	0.3090169943749474	0.2736842978732132	0.4142135623730951	0.19900804996708035	1.0	0.3084793492966736	0.27792629762666365	0.5	1.0	0.44948974278317805	0.5	0.23800671553691075
nl	0.3660254037844386	0.11311858921377095	1.0	0.23015446968895772	0.08592147700998978	0.08672841668164057	0.08925242945809543	0.06390277782981996	0.07748984476452639	0.06637421596357315	0.09422310961911468	0.585786437626905	0.08548259766036345	0.11419086966686263	0.0644082927309719	0.057837412230384314	0.08300103080918307	0.1298012408845939	0.15564858234497142	0.1998248050060972	0.5	1.0	0.08545480267550143	0.09749679948557793	0.10518557354358385	0.0834032316058583	0.11138464585630437	1.0	0.12329430969959455	0.1145056620727742	0.09379897052429347	1.0	0.10072211362499812	0.585786437626905	0.06933542833211714
pl	0.2791745113185196	0.11600731840335174	0.44948974278317805	0.20336883153387675	0.09184547325526786	0.08391809267138475	0.10867587192710158	0.0751050593677049	0.08689646696074523	0.07252585612108287	0.09720165726157348	0.5	0.08636308762035289	0.12617902378166482	0.10376828150614215	0.09023936763037484	0.09351244573790936	0.12272442751529605	0.13351171125675218	0.20427023099782896	0.3333333333333333	0.08545480267550143	1.0	0.08767868112939434	0.09443688507291667	0.08148850288907486	0.11556349538532222	1.0	0.12635015717957856	0.1191020562495655	0.08276105760235528	1.0	0.08080040620180783	0.3164309725825328	0.09835059273892975
pt	0.19629773800625167	0.18018721799011334	0.44948974278317805	0.16527106425158603	0.09254190929196782	0.08462224817651774	0.1531771384378077	0.10480327028224688	0.08525375972281585	0.09334405883411713	0.10189360502722902	0.3950325357559503	0.14818506923793578	0.11354789854163362	0.13853139219756097	0.09616661820055147	0.14073650277741495	0.12852635369802712	0.14835219753406664	0.20968159160365388	0.3090169943749474	0.09749679948557793	0.08767868112939434	1.0	0.16990524023918172	0.08798692786630795	0.1868756715669532	1.0	0.12140118527015123	0.12753625767957685	0.08653704920977577	1.0	0.10123257153820223	0.19803190560151412	0.2037575750596337
ro	0.1666132566640567	0.41568919414277744	0.30383243470068705	0.14473942597643333	0.09332083183870477	0.08395157996907068	0.22625847293636905	0.1173451498242527	0.08874964782174152	0.11599918615820512	0.0962661759343157	0.3090169943749474	0.22845227910109056	0.11778465193482841	0.2242958540097133	0.09500113513187428	0.2180866374028142	0.11820592073476838	0.17042400240825875	0.24725067946484078	0.2736842978732132	0.10518557354358385	0.09443688507291667	0.16990524023918172	1.0	0.08565279076521841	0.3595401427444273	1.0	0.11410245292481994	0.1240191111228461	0.08486797381655854	1.0	0.10703284411651566	0.15395385841142584	0.22375930703889693
ru	0.3660254037844386	0.10989680403291432	0.585786437626905	0.2025519956555797	0.07089158907142894	0.06472320638442093	0.08705470763969973	0.050840010876970806	0.062250244875249	0.053151124833162346	0.10201668117661299	0.585786437626905	0.07320636542808408	0.11938196536275078	0.05791369522906167	0.05963658309352282	0.07546185901868266	0.1379736888172136	0.1292262348638737	0.1996405556057145	0.4142135623730951	0.0834032316058583	0.08148850288907486	0.08798692786630795	0.08565279076521841	1.0	0.10851960102171228	1.0	0.14073553149443727	0.13123076423232097	0.09323958475213105	1.0	0.08913543768645033	0.44948974278317805	0.06852131377570167
sh	0.1637614426990209	0.39188315848848376	0.21979723016032493	0.15085940456821317	0.1183876597037047	0.10513599378338517	0.30760702807382095	0.12108619144977409	0.10878105139657399	0.12120194152070415	0.11419346432176093	0.37926872769071385	0.20343434804219862	0.14243346057613063	0.23858090399840629	0.11163106810470141	0.18640614724108198	0.12300664006498722	0.1448019373641273	0.23263443309606482	0.19900804996708035	0.11138464585630437	0.11556349538532222	0.1868756715669532	0.3595401427444273	0.10851960102171228	1.0	1.0	0.1288357486752583	0.14018910074751886	0.10706329251679185	1.0	0.11524945764286927	0.14251828359649232	0.29815186583769127
si	1.0	1.0	1.0	1.0	1.0	1.0	1.0	1.0	1.0	1.0	1.0	1.0	1.0	1.0	1.0	1.0	1.0	1.0	1.0	1.0	1.0	1.0	1.0	1.0	1.0	1.0	1.0	1.0	1.0	1.0	1.0	1.0	1.0	1.0	1.0
simple	0.2106615263331268	0.14153017276402782	0.5	0.23150658430425103	0.14664786980156344	0.14449086101458242	0.11532890887375391	0.13109697888609073	0.14881020257876898	0.11539286012144213	0.13370043228876083	1.0	0.11342188700511466	0.1216699046315676	0.10913671618854186	0.14501396611252737	0.10266935334844865	0.17897419209173313	0.13215411381255632	0.25709147726731607	0.3084793492966736	0.12329430969959455	0.12635015717957856	0.12140118527015123	0.11410245292481994	0.14073553149443727	0.1288357486752583	1.0	1.0	0.14722009628991434	0.1466826013360027	1.0	0.13694937197209345	0.2240092377397959	0.11050186734685928
sr	0.21009877287757947	0.1500001971939737	0.44948974278317805	0.16672001686828639	0.12329976149964827	0.12357503632046364	0.13125977734194227	0.11888154846689125	0.12699020873560848	0.12435616019619473	0.12077837008158102	0.5	0.11914599944954389	0.1421891583100112	0.1250142305936113	0.1266758162935726	0.1275620628558663	0.1470045051233388	0.14935290667469456	0.22456175504243897	0.27792629762666365	0.1145056620727742	0.1191020562495655	0.12753625767957685	0.1240191111228461	0.13123076423232097	0.14018910074751886	1.0	0.14722009628991434	1.0	0.12853354018232008	1.0	0.12988104471588252	0.17774575502392898	0.1199474229303939
sv	0.38742588672279304	0.10742055465892952	1.0	0.23778363506226372	0.07120062982722317	0.09305888316665233	0.08574138355067389	0.054215574402474154	0.0905353561064921	0.06303582489280493	0.08593199238957953	0.5	0.08039799453858333	0.12008978589635817	0.06522615339871114	0.060793997628964015	0.07524572019225444	0.15126038550168944	0.1270505806814468	0.19738130052327013	0.5	0.09379897052429347	0.08276105760235528	0.08653704920977577	0.08486797381655854	0.09323958475213105	0.10706329251679185	1.0	0.1466826013360027	0.12853354018232008	1.0	1.0	0.08764504487087212	0.5	0.06651895823877507
te	1.0	1.0	1.0	1.0	1.0	1.0	1.0	1.0	1.0	1.0	1.0	1.0	1.0	1.0	1.0	1.0	1.0	1.0	1.0	1.0	1.0	1.0	1.0	1.0	1.0	1.0	1.0	1.0	1.0	1.0	1.0	1.0	1.0	1.0	1.0
vi	0.33333333333333326	0.11890176563314561	0.585786437626905	0.1933827760289223	0.09805678651412643	0.0867246626527711	0.10379657800449396	0.09434617584672536	0.08842927091336313	0.08729215257564389	0.11095770148162631	0.3483314773547883	0.10686256000897007	0.12137712621621569	0.10076958261542014	0.10412372758365815	0.09841128927563561	0.16540908752717526	0.13414549977221915	0.20759929062299584	0.44948974278317805	0.10072211362499812	0.08080040620180783	0.10123257153820223	0.10703284411651566	0.08913543768645033	0.11524945764286927	1.0	0.13694937197209345	0.12988104471588252	0.08764504487087212	1.0	1.0	0.3430703308172536	0.09331370096625624
war	0.44948974278317805	0.14285714285714285	1.0	0.44948974278317805	0.32449979983983984	0.585786437626905	0.14342762372277806	0.3430703308172536	0.5	0.3164309725825328	0.27429188517743175	0.585786437626905	0.19367338768973055	0.3090169943749474	0.14794976728674605	0.30216947925196225	0.1477240752770679	0.31451985913875646	0.21712927295533244	0.2791745113185196	0.5	0.585786437626905	0.3164309725825328	0.19803190560151412	0.15395385841142584	0.44948974278317805	0.14251828359649232	1.0	0.2240092377397959	0.17774575502392898	0.5	1.0	0.3430703308172536	1.0	0.1757340838011157
zh	0.17642017677311195	0.21350878870409198	0.2857142857142857	0.13997356313829215	0.09405332264705826	0.0637605652354657	0.2950025980947964	0.09933981719745202	0.07319718322255493	0.08937047688717287	0.08125703821423723	0.3380788308512194	0.2157356411321411	0.12222597580386935	0.2833972506238826	0.11526761491995016	0.31900188568732973	0.09977079573711614	0.16740462602011652	0.22212462754860543	0.23800671553691075	0.06933542833211714	0.09835059273892975	0.2037575750596337	0.22375930703889693	0.06852131377570167	0.29815186583769127	1.0	0.11050186734685928	0.1199474229303939	0.06651895823877507	1.0	0.09331370096625624	0.1757340838011157	1.0
