arz	bs	ceb	ckb	da	de	el	en	es	fr	he	hi	hu	id	it	ja	ko	lv	mk	ml	mr	nl	pl	pt	ro	ru	sh	si	simple	sr	sv	te	tr	union	vi	war	zh
arz	1.0	0.06976744186046512	0.0	0.0	0.0	0.00946372239747634	0.05660377358490566	0.007177033492822967	0.0038412291933418692	0.017142857142857144	0.030612244897959183	0.0	0.08823529411764706	0.10344827586206896	0.014285714285714285	0.1875	0.08333333333333333	0.00819672131147541	0.06382978723404255	0.2857142857142857	0.0	0.009345794392523364	0.0010756543564001434	0.007633587786259542	0.0	0.0015136226034308778	0.06976744186046512	0.0	0.08333333333333333	0.01485148514851485	0.01775147928994083	0.3333333333333333	0.08333333333333333	0.0004961958319550116	0.05555555555555555	0.5	0.05172413793103448
bs	0.06976744186046512	1.0	0.6666666666666666	0.25	0.058823529411764705	0.12149532710280374	0.37142857142857144	0.09501187648456057	0.05102040816326531	0.2111111111111111	0.14634146341463414	0.0	0.26229508196721313	0.043478260869565216	0.16589861751152074	0.2553191489361702	0.58	0.13194444444444445	0.7647058823529411	0.42857142857142855	0.0	0.04	0.013600572655690766	0.06082725060827251	0.06557377049180328	0.019637462235649546	0.8297872340425532	0.2	0.019230769230769232	0.13953488372093023	0.07614213197969544	0.0	0.2	0.0071121402580218325	0.3409090909090909	0.0	0.44285714285714284
ceb	0.0	0.6666666666666666	1.0	0.3333333333333333	0.4	0.5	0.6666666666666666	0.375	0.6	0.42857142857142855	0.5	0.6666666666666666	0.3333333333333333	0.5	0.6	0.6666666666666666	0.5	0.6666666666666666	0.6666666666666666	0.6666666666666666	0.0	0.75	0.42857142857142855	0.4	0.6666666666666666	0.5	0.4	0.3333333333333333	0.5	0.4	1.0	0.0	0.5	0.25	0.3333333333333333	0.3333333333333333	0.4
ckb	0.0	0.25	0.3333333333333333	1.0	0.2	0.125	0.25	0.1111111111111111	0.1	0.09090909090909091	0.2222222222222222	0.3333333333333333	0.2222222222222222	0.15384615384615385	0.15384615384615385	0.15384615384615385	0.16666666666666666	0.4	0.14285714285714285	0.2857142857142857	0.0	0.13333333333333333	0.2	0.11764705882352941	0.2857142857142857	0.16666666666666666	0.2857142857142857	0.25	0.2222222222222222	0.4	0.15384615384615385	0.3333333333333333	0.18181818181818182	0.044444444444444446	0.2222222222222222	0.0	0.14285714285714285
da	0.0	0.058823529411764705	0.4	0.2	1.0	0.012345679012345678	0.04918032786885246	0.019002375296912115	0.007633587786259542	0.02197802197802198	0.02830188679245283	0.0	0.07142857142857142	0.0	0.018433179723502304	0.125	0.06818181818181818	0.007692307692307693	0.05454545454545454	0.4166666666666667	0.2	0.00911854103343465	0.0028653295128939827	0.007481296758104738	0.03125	0.0045362903225806455	0.058823529411764705	0.3	0.05	0.02403846153846154	0.034482758620689655	0.2	0.0967741935483871	0.0018193847171683757	0.0	0.1	0.078125
de	0.00946372239747634	0.12149532710280374	0.5	0.125	0.012345679012345678	1.0	0.13496932515337423	0.20491803278688525	0.11926605504587157	0.21782178217821782	0.25757575757575757	0.00946372239747634	0.06042296072507553	0.02064896755162242	0.3012345679012346	0.0438871473354232	0.103125	0.05048076923076923	0.14106583072100312	0.35294117647058826	0.125	0.059800664451827246	0.03706176961602671	0.061285500747384154	0.02108433734939759	0.04405086285195277	0.12149532710280374	0.1875	0.025078369905956112	0.14823008849557523	0.04291845493562232	0.125	0.05263157894736842	0.05243135957657956	0.04716981132075472	0.0625	0.13293051359516617
el	0.05660377358490566	0.37142857142857144	0.6666666666666666	0.25	0.04918032786885246	0.13496932515337423	1.0	0.12142857142857143	0.05972045743329098	0.15736040609137056	0.2689075630252101	0.0	0.2608695652173913	0.05128205128205128	0.11440677966101695	0.1896551724137931	0.2535211267605634	0.07453416149068323	0.42857142857142855	0.5	0.25	0.05352112676056338	0.016815742397137744	0.04941176470588235	0.041666666666666664	0.023127199597787834	0.37142857142857144	0.375	0.03278688524590164	0.16972477064220184	0.06220095693779904	0.25	0.16923076923076924	0.008766126364538537	0.09523809523809523	0.125	0.26136363636363635
en	0.007177033492822967	0.09501187648456057	0.375	0.1111111111111111	0.019002375296912115	0.20491803278688525	0.12142857142857143	1.0	0.19541375872382852	0.2028397565922921	0.20843091334894615	0.007177033492822967	0.06103286384976526	0.02054794520547945	0.1397459165154265	0.03579952267303103	0.08353221957040573	0.04466019417475728	0.10714285714285714	0.3888888888888889	0.1111111111111111	0.07883211678832117	0.07545271629778671	0.071334214002642	0.03286384976525822	0.10091743119266056	0.09501187648456057	0.16666666666666666	0.023923444976076555	0.17647058823529413	0.05575539568345324	0.1111111111111111	0.05250596658711217	1.0	0.03827751196172249	0.05555555555555555	0.12529550827423167
es	0.0038412291933418692	0.05102040816326531	0.6	0.1	0.007633587786259542	0.11926605504587157	0.05972045743329098	0.19541375872382852	1.0	0.11682242990654206	0.10984848484848485	0.0038412291933418692	0.02904040404040404	0.008717310087173101	0.08306010928961749	0.017879948914431672	0.04342273307790549	0.02502844141069397	0.05612244897959184	0.35	0.1	0.0772238514173998	0.034782608695652174	0.06824385805277525	0.013888888888888888	0.0489749430523918	0.049681528662420385	0.15	0.011508951406649617	0.08379272326350606	0.021505376344086023	0.1	0.022900763358778626	0.12917631491895468	0.01918158567774936	0.05	0.06337135614702155
fr	0.017142857142857144	0.2111111111111111	0.42857142857142855	0.09090909090909091	0.02197802197802198	0.21782178217821782	0.15736040609137056	0.2028397565922921	0.11682242990654206	1.0	0.2638888888888889	0.017142857142857144	0.10582010582010581	0.02512562814070352	0.3898916967509025	0.07909604519774012	0.15934065934065933	0.06498194945848375	0.21978021978021978	0.3181818181818182	0.09090909090909091	0.06896551724137931	0.02596053997923157	0.07372400756143667	0.03684210526315789	0.04052098408104197	0.20441988950276244	0.13636363636363635	0.04519774011299435	0.1458966565349544	0.05198776758409786	0.09090909090909091	0.08791208791208792	0.028944756864042343	0.07909604519774012	0.045454545454545456	0.18877551020408162
he	0.030612244897959183	0.14634146341463414	0.5	0.2222222222222222	0.02830188679245283	0.25757575757575757	0.2689075630252101	0.20843091334894615	0.10984848484848485	0.2638888888888889	1.0	0.030612244897959183	0.11864406779661017	0.040983606557377046	0.1323529411764706	0.08571428571428572	0.10743801652892562	0.009259259259259259	0.16	0.6	0.2222222222222222	0.06345177664974619	0.02339595887982985	0.06277056277056277	0.043478260869565216	0.031234506693108576	0.14634146341463414	0.3333333333333333	0.058823529411764705	0.13636363636363635	0.047058823529411764	0.2222222222222222	0.09009009009009009	0.01620906384386371	0.008849557522123894	0.1111111111111111	0.1386861313868613
hi	0.0	0.0	0.6666666666666666	0.3333333333333333	0.0	0.00946372239747634	0.0	0.007177033492822967	0.0038412291933418692	0.017142857142857144	0.030612244897959183	1.0	0.0	0.0	0.0	0.0	0.0	0.0	0.0	0.4444444444444444	0.3333333333333333	0.0	0.00035829451809387314	0.002531645569620253	0.0	0.0015136226034308778	0.0	0.5	0.0	0.009852216748768473	0.0	0.14285714285714285	0.0	0.0004961958319550116	0.0	0.0	0.016666666666666666
hu	0.08823529411764706	0.26229508196721313	0.3333333333333333	0.2222222222222222	0.07142857142857142	0.06042296072507553	0.2608695652173913	0.06103286384976526	0.02904040404040404	0.10582010582010581	0.11864406779661017	0.0	1.0	0.05	0.07964601769911504	0.25	0.20689655172413793	0.013157894736842105	0.24615384615384617	0.45454545454545453	0.2222222222222222	0.04411764705882353	0.00785433773652267	0.041463414634146344	0.07692307692307693	0.012048192771084338	0.24193548387096775	0.3333333333333333	0.023255813953488372	0.05357142857142857	0.0797872340425532	0.2222222222222222	0.16326530612244897	0.005623552762156798	0.02040816326530612	0.1111111111111111	0.19480519480519481
id	0.10344827586206896	0.043478260869565216	0.5	0.15384615384615385	0.0	0.02064896755162242	0.05128205128205128	0.02054794520547945	0.008717310087173101	0.02512562814070352	0.040983606557377046	0.0	0.05	1.0	0.021367521367521368	0.07142857142857142	0.04838709677419355	0.006756756756756757	0.05555555555555555	0.42857142857142855	0.15384615384615385	0.014492753623188406	0.0024902170046246885	0.016867469879518072	0.0	0.0024925224327018943	0.043478260869565216	0.23076923076923078	0.02631578947368421	0.01762114537444934	0.020618556701030927	0.15384615384615385	0.04	0.004796559708898445	0.046511627906976744	0.07692307692307693	0.06097560975609756
it	0.014285714285714285	0.16589861751152074	0.6	0.15384615384615385	0.018433179723502304	0.3012345679012346	0.11440677966101695	0.1397459165154265	0.08306010928961749	0.3898916967509025	0.1323529411764706	0.0	0.07964601769911504	0.021367521367521368	1.0	0.056074766355140186	0.14418604651162792	0.06451612903225806	0.17889908256880735	0.5384615384615384	0.15384615384615385	0.05357142857142857	0.021457765667574933	0.05235602094240838	0.02654867256637168	0.031044214487300093	0.1712962962962963	0.23076923076923078	0.03773584905660377	0.09283819628647215	0.04986149584487535	0.15384615384615385	0.04484304932735426	0.03473370823685081	0.07109004739336493	0.07692307692307693	0.16521739130434782
ja	0.1875	0.2553191489361702	0.6666666666666666	0.15384615384615385	0.125	0.0438871473354232	0.1896551724137931	0.03579952267303103	0.017879948914431672	0.07909604519774012	0.08571428571428572	0.0	0.25	0.07142857142857142	0.056074766355140186	1.0	0.3	0.014925373134328358	0.23529411764705882	0.42857142857142855	0.15384615384615385	0.036923076923076927	0.005376344086021506	0.030226700251889168	0.02702702702702703	0.007564296520423601	0.2553191489361702	0.23076923076923078	0.04	0.06341463414634146	0.05714285714285714	0.15384615384615385	0.21875	0.0026463777704267286	0.03225806451612903	0.07692307692307693	0.21311475409836064
ko	0.08333333333333333	0.58	0.5	0.16666666666666666	0.06818181818181818	0.103125	0.2535211267605634	0.08353221957040573	0.04342273307790549	0.15934065934065933	0.10743801652892562	0.0	0.20689655172413793	0.04838709677419355	0.14418604651162792	0.3	1.0	0.1386861313868613	0.5370370370370371	0.5833333333333334	0.16666666666666666	0.04081632653061224	0.01181948424068768	0.0412621359223301	0.07407407407407407	0.01662468513853904	0.58	0.25	0.022222222222222223	0.13875598086124402	0.06217616580310881	0.16666666666666666	0.20408163265306123	0.005954349983460139	0.40540540540540543	0.08333333333333333	0.5409836065573771
lv	0.00819672131147541	0.13194444444444445	0.6666666666666666	0.4	0.007692307692307693	0.05048076923076923	0.07453416149068323	0.04466019417475728	0.02502844141069397	0.06498194945848375	0.009259259259259259	0.0	0.013157894736842105	0.006756756756756757	0.06451612903225806	0.014925373134328358	0.1386861313868613	1.0	0.12837837837837837	0.7142857142857143	0.0	0.00684931506849315	0.008668515950069348	0.011834319526627219	0.014285714285714285	0.013989387361312108	0.13194444444444445	0.3333333333333333	0.0	0.06976744186046512	0.01048951048951049	0.4	0.02877697841726619	0.01984783327820046	0.11475409836065574	0.2	0.12658227848101267
mk	0.06382978723404255	0.7647058823529411	0.6666666666666666	0.14285714285714285	0.05454545454545454	0.14106583072100312	0.42857142857142855	0.10714285714285714	0.05612244897959184	0.21978021978021978	0.16	0.0	0.24615384615384617	0.05555555555555555	0.17889908256880735	0.23529411764705882	0.5370370370370371	0.12837837837837837	1.0	0.3	0.3333333333333333	0.042492917847025496	0.015759312320916905	0.06280193236714976	0.06153846153846154	0.02216624685138539	0.7307692307692307	0.2857142857142857	0.017857142857142856	0.1527777777777778	0.06930693069306931	0.14285714285714285	0.22807017543859648	0.007773734700628514	0.3125	0.16666666666666666	0.4583333333333333
ml	0.2857142857142857	0.42857142857142855	0.6666666666666666	0.2857142857142857	0.4166666666666667	0.35294117647058826	0.5	0.3888888888888889	0.35	0.3181818181818182	0.6	0.4444444444444444	0.45454545454545453	0.42857142857142855	0.5384615384615384	0.42857142857142855	0.5833333333333334	0.7142857142857143	0.3	1.0	0.0	0.29411764705882354	0.4166666666666667	0.4117647058823529	0.5555555555555556	0.5833333333333334	0.2727272727272727	0.25	0.45454545454545453	0.7142857142857143	0.5384615384615384	0.2857142857142857	0.5	0.15555555555555556	0.6	0.14285714285714285	0.5
mr	0.0	0.0	0.0	0.0	0.2	0.125	0.25	0.1111111111111111	0.1	0.09090909090909091	0.2222222222222222	0.3333333333333333	0.2222222222222222	0.15384615384615385	0.15384615384615385	0.15384615384615385	0.16666666666666666	0.0	0.3333333333333333	0.0	1.0	0.13333333333333333	0.2	0.11764705882352941	0.2857142857142857	0.16666666666666666	0.2857142857142857	0.25	0.2222222222222222	0.0	0.15384615384615385	0.0	0.18181818181818182	0.044444444444444446	0.2222222222222222	0.0	0.14285714285714285
nl	0.009345794392523364	0.04	0.75	0.13333333333333333	0.00911854103343465	0.059800664451827246	0.05352112676056338	0.07883211678832117	0.0772238514173998	0.06896551724137931	0.06345177664974619	0.0	0.04411764705882353	0.014492753623188406	0.05357142857142857	0.036923076923076927	0.04081632653061224	0.00684931506849315	0.042492917847025496	0.29411764705882354	0.13333333333333333	1.0	0.013689700130378096	0.042335766423357665	0.008823529411764706	0.017675651789659744	0.04	0.2	0.015337423312883436	0.043912175648702596	0.035940803382663845	0.13333333333333333	0.023809523809523808	0.05309295401918624	0.002976190476190476	0.06666666666666667	0.04120879120879121
pl	0.0010756543564001434	0.013600572655690766	0.42857142857142855	0.2	0.0028653295128939827	0.03706176961602671	0.016815742397137744	0.07545271629778671	0.034782608695652174	0.02596053997923157	0.02339595887982985	0.00035829451809387314	0.00785433773652267	0.0024902170046246885	0.021457765667574933	0.005376344086021506	0.01181948424068768	0.008668515950069348	0.015759312320916905	0.4166666666666667	0.2	0.013689700130378096	1.0	0.014668367346938776	0.003928571428571429	0.10184757505773671	0.012875536480686695	0.3	0.002866356144750985	0.041434540389972144	0.007150153217568948	0.2	0.006442376521116679	0.4612967251075091	0.005376344086021506	0.1	0.016422706176365584
pt	0.007633587786259542	0.06082725060827251	0.4	0.11764705882352941	0.007481296758104738	0.061285500747384154	0.04941176470588235	0.071334214002642	0.06824385805277525	0.07372400756143667	0.06277056277056277	0.002531645569620253	0.041463414634146344	0.016867469879518072	0.05235602094240838	0.030226700251889168	0.0412621359223301	0.011834319526627219	0.06280193236714976	0.4117647058823529	0.11764705882352941	0.042335766423357665	0.014668367346938776	1.0	0.007281553398058253	0.020627417275461968	0.05569007263922518	0.17647058823529413	0.004987531172069825	0.04569420035149385	0.025547445255474453	0.11764705882352941	0.024630541871921183	0.06500165398610652	0.009876543209876543	0.058823529411764705	0.053738317757009345
ro	0.0	0.06557377049180328	0.6666666666666666	0.2857142857142857	0.03125	0.02108433734939759	0.041666666666666664	0.03286384976525822	0.013888888888888888	0.03684210526315789	0.043478260869565216	0.0	0.07692307692307693	0.0	0.02654867256637168	0.02702702702702703	0.07407407407407407	0.014285714285714285	0.06153846153846154	0.5555555555555556	0.2857142857142857	0.008823529411764706	0.003928571428571429	0.007281553398058253	1.0	0.008048289738430584	0.04838709677419355	0.42857142857142855	0.0	0.0228310502283105	0.005263157894736842	0.2857142857142857	0.022727272727272728	0.0036387694343367515	0.02702702702702703	0.14285714285714285	0.06666666666666667
ru	0.0015136226034308778	0.019637462235649546	0.5	0.16666666666666666	0.0045362903225806455	0.04405086285195277	0.023127199597787834	0.10091743119266056	0.0489749430523918	0.04052098408104197	0.031234506693108576	0.0015136226034308778	0.012048192771084338	0.0024925224327018943	0.031044214487300093	0.007564296520423601	0.01662468513853904	0.013989387361312108	0.02216624685138539	0.5833333333333334	0.16666666666666666	0.017675651789659744	0.10184757505773671	0.020627417275461968	0.008048289738430584	1.0	0.019637462235649546	0.25	0.0030211480362537764	0.07058823529411765	0.02820267686424474	0.16666666666666666	0.010584677419354838	0.327820046311611	0.007564296520423601	0.08333333333333333	0.02512562814070352
sh	0.06976744186046512	0.8297872340425532	0.4	0.2857142857142857	0.058823529411764705	0.12149532710280374	0.37142857142857144	0.09501187648456057	0.049681528662420385	0.20441988950276244	0.14634146341463414	0.0	0.24193548387096775	0.043478260869565216	0.1712962962962963	0.2553191489361702	0.58	0.13194444444444445	0.7307692307692307	0.2727272727272727	0.2857142857142857	0.04	0.012875536480686695	0.05569007263922518	0.04838709677419355	0.019637462235649546	1.0	0.25	0.019230769230769232	0.13425925925925927	0.08717948717948718	0.125	0.2	0.0071121402580218325	0.3409090909090909	0.0	0.44285714285714284
si	0.0	0.2	0.3333333333333333	0.25	0.3	0.1875	0.375	0.16666666666666666	0.15	0.13636363636363635	0.3333333333333333	0.5	0.3333333333333333	0.23076923076923078	0.23076923076923078	0.23076923076923078	0.25	0.3333333333333333	0.2857142857142857	0.25	0.25	0.2	0.3	0.17647058823529413	0.42857142857142855	0.25	0.25	1.0	0.3333333333333333	0.3333333333333333	0.23076923076923078	0.25	0.2727272727272727	0.06666666666666667	0.3333333333333333	0.0	0.21428571428571427
simple	0.08333333333333333	0.019230769230769232	0.5	0.2222222222222222	0.05	0.025078369905956112	0.03278688524590164	0.023923444976076555	0.011508951406649617	0.04519774011299435	0.058823529411764705	0.0	0.023255813953488372	0.02631578947368421	0.03773584905660377	0.04	0.022222222222222223	0.0	0.017857142857142856	0.45454545454545453	0.2222222222222222	0.015337423312883436	0.002866356144750985	0.004987531172069825	0.0	0.0030211480362537764	0.019230769230769232	0.3333333333333333	1.0	0.004739336492890996	0.0056179775280898875	0.2222222222222222	0.06451612903225806	0.0016539861065167053	0.04	0.1111111111111111	0.030303030303030304
sr	0.01485148514851485	0.13953488372093023	0.4	0.4	0.02403846153846154	0.14823008849557523	0.16972477064220184	0.17647058823529413	0.08379272326350606	0.1458966565349544	0.13636363636363635	0.009852216748768473	0.05357142857142857	0.01762114537444934	0.09283819628647215	0.06341463414634146	0.13875598086124402	0.06976744186046512	0.1527777777777778	0.7142857142857143	0.0	0.043912175648702596	0.041434540389972144	0.04569420035149385	0.0228310502283105	0.07058823529411765	0.13425925925925927	0.3333333333333333	0.004739336492890996	1.0	0.042134831460674156	0.4	0.056338028169014086	0.03341051935163745	0.07389162561576355	0.2	0.18181818181818182
sv	0.01775147928994083	0.07614213197969544	1.0	0.15384615384615385	0.034482758620689655	0.04291845493562232	0.06220095693779904	0.05575539568345324	0.021505376344086023	0.05198776758409786	0.047058823529411764	0.0	0.0797872340425532	0.020618556701030927	0.04986149584487535	0.05714285714285714	0.06217616580310881	0.01048951048951049	0.06930693069306931	0.5384615384615384	0.15384615384615385	0.035940803382663845	0.007150153217568948	0.025547445255474453	0.005263157894736842	0.02820267686424474	0.08717948717948718	0.23076923076923078	0.0056179775280898875	0.042134831460674156	1.0	0.15384615384615385	0.03225806451612903	0.02795236520013232	0.005434782608695652	0.07692307692307693	0.05092592592592592
te	0.3333333333333333	0.0	0.0	0.3333333333333333	0.2	0.125	0.25	0.1111111111111111	0.1	0.09090909090909091	0.2222222222222222	0.14285714285714285	0.2222222222222222	0.15384615384615385	0.15384615384615385	0.15384615384615385	0.16666666666666666	0.4	0.14285714285714285	0.2857142857142857	0.0	0.13333333333333333	0.2	0.11764705882352941	0.2857142857142857	0.16666666666666666	0.125	0.25	0.2222222222222222	0.4	0.15384615384615385	1.0	0.18181818181818182	0.044444444444444446	0.2222222222222222	0.5	0.14285714285714285
tr	0.08333333333333333	0.2	0.5	0.18181818181818182	0.0967741935483871	0.05263157894736842	0.16923076923076924	0.05250596658711217	0.022900763358778626	0.08791208791208792	0.09009009009009009	0.0	0.16326530612244897	0.04	0.04484304932735426	0.21875	0.20408163265306123	0.02877697841726619	0.22807017543859648	0.5	0.18181818181818182	0.023809523809523808	0.006442376521116679	0.024630541871921183	0.022727272727272728	0.010584677419354838	0.2	0.2727272727272727	0.06451612903225806	0.056338028169014086	0.03225806451612903	0.18181818181818182	1.0	0.003804168044988422	0.08333333333333333	0.09090909090909091	0.17391304347826086
union	0.0004961958319550116	0.0071121402580218325	0.25	0.044444444444444446	0.0018193847171683757	0.05243135957657956	0.008766126364538537	1.0	0.12917631491895468	0.028944756864042343	0.01620906384386371	0.0004961958319550116	0.005623552762156798	0.004796559708898445	0.03473370823685081	0.0026463777704267286	0.005954349983460139	0.01984783327820046	0.007773734700628514	0.15555555555555556	0.044444444444444446	0.05309295401918624	0.4612967251075091	0.06500165398610652	0.0036387694343367515	0.327820046311611	0.0071121402580218325	0.06666666666666667	0.0016539861065167053	0.03341051935163745	0.02795236520013232	0.044444444444444446	0.003804168044988422	1.0	0.0026463777704267286	0.022222222222222223	0.00959311941779689
vi	0.05555555555555555	0.3409090909090909	0.3333333333333333	0.2222222222222222	0.0	0.04716981132075472	0.09523809523809523	0.03827751196172249	0.01918158567774936	0.07909604519774012	0.008849557522123894	0.0	0.02040816326530612	0.046511627906976744	0.07109004739336493	0.03225806451612903	0.40540540540540543	0.11475409836065574	0.3125	0.6	0.2222222222222222	0.002976190476190476	0.005376344086021506	0.009876543209876543	0.02702702702702703	0.007564296520423601	0.3409090909090909	0.3333333333333333	0.04	0.07389162561576355	0.005434782608695652	0.2222222222222222	0.08333333333333333	0.0026463777704267286	1.0	0.1111111111111111	0.2542372881355932
war	0.5	0.0	0.3333333333333333	0.0	0.1	0.0625	0.125	0.05555555555555555	0.05	0.045454545454545456	0.1111111111111111	0.0	0.1111111111111111	0.07692307692307693	0.07692307692307693	0.07692307692307693	0.08333333333333333	0.2	0.16666666666666666	0.14285714285714285	0.0	0.06666666666666667	0.1	0.058823529411764705	0.14285714285714285	0.08333333333333333	0.0	0.0	0.1111111111111111	0.2	0.07692307692307693	0.5	0.09090909090909091	0.022222222222222223	0.1111111111111111	1.0	0.07142857142857142
zh	0.05172413793103448	0.44285714285714284	0.4	0.14285714285714285	0.078125	0.13293051359516617	0.26136363636363635	0.12529550827423167	0.06337135614702155	0.18877551020408162	0.1386861313868613	0.016666666666666666	0.19480519480519481	0.06097560975609756	0.16521739130434782	0.21311475409836064	0.5409836065573771	0.12658227848101267	0.4583333333333333	0.5	0.14285714285714285	0.04120879120879121	0.016422706176365584	0.053738317757009345	0.06666666666666667	0.02512562814070352	0.44285714285714284	0.21428571428571427	0.030303030303030304	0.18181818181818182	0.05092592592592592	0.14285714285714285	0.17391304347826086	0.00959311941779689	0.2542372881355932	0.07142857142857142	1.0
