arz	bs	ceb	ckb	da	de	el	en	es	fr	he	hi	hu	id	it	ja	ko	lv	mk	ml	mr	nl	pl	pt	ro	ru	sh	si	simple	sr	sv	te	tr	union	vi	war	zh
arz	0.3333333333333333	0.3333333333333333	0.0	0.0	0.0	0.3333333333333333	0.3333333333333333	0.3333333333333333	0.3333333333333333	0.3333333333333333	0.3333333333333333	0.0	0.3333333333333333	0.3333333333333333	0.3333333333333333	0.3333333333333333	0.3333333333333333	1.0	0.3333333333333333	0.5	0.0	0.3333333333333333	0.3333333333333333	0.3333333333333333	0.0	0.3333333333333333	0.3333333333333333	0.0	1.0	0.3333333333333333	0.3333333333333333	1.0	0.5	0.3333333333333333	1.0	1.0	0.3333333333333333
bs	0.3333333333333333	0.023381834861889845	0.5	1.0	0.3333333333333333	0.025777517698316474	0.038461538461538464	0.025139310463063492	0.025000625	0.026333824153843697	0.05555555555555555	0.0	0.0625	0.33344444444444443	0.02793036650922825	0.08333333333333333	0.034482758620689655	0.05263157894736842	0.02564102564102564	0.3333333333333333	0.0	0.07148474494903068	0.026324110822750765	0.04	0.25	0.02564102564102564	0.025791566335870788	1.0	1.0	0.03333333333333333	0.0667334000711823	0.0	0.09090909090909091	0.023381834861889845	0.06666666666666667	0.0	0.03225806451612903
ceb	0.0	0.5	0.3333333333333333	1.0	0.5	0.3333333333333333	0.5	0.3333333333333333	0.3333333333333333	0.3333333333333333	0.5	0.5	1.0	0.5	0.3333333333333333	0.5	0.5	0.5	0.5	0.5	0.0	0.3333333333333333	0.3333333333333333	0.5	0.5	0.3333333333333333	0.5	1.0	0.5	0.5	0.3333333333333333	0.0	0.5	0.3333333333333333	0.5	1.0	0.5
ckb	0.0	1.0	1.0	0.5	0.5	0.5	0.5	0.5	0.5	0.5	0.5	0.5	0.5	0.5	0.5	0.5	0.5	0.5	1.0	0.5	0.0	0.5	0.5	0.5	0.5	0.5	0.5	1.0	0.5	0.5	0.5	1.0	0.5	0.5	0.5	0.0	0.5
da	0.0	0.3333333333333333	0.5	0.5	0.09090909090909091	0.25	0.3333333333333333	0.125	0.16666666666666666	0.25	0.3333333333333333	0.0	0.3333333333333333	0.0	0.25	0.3333333333333333	0.3333333333333333	1.0	0.3333333333333333	0.2	0.5	0.3333333333333333	0.125	0.3333333333333333	1.0	0.1111111111111111	0.3333333333333333	0.3333333333333333	1.0	0.2	0.16666666666666666	0.5	0.3333333333333333	0.09090909090909091	0.0	1.0	0.2
de	0.3333333333333333	0.025777517698316474	0.3333333333333333	0.5	0.25	0.003169198602608304	0.022727272727272728	0.008075488928136565	0.008547446855139163	0.011407387020182765	0.011764705882352941	0.3333333333333333	0.05	0.14287755102040817	0.008224960955677298	0.07142857142857142	0.030303030303030304	0.047619047619047616	0.022222222222222223	0.16666666666666666	0.5	0.027821908044676772	0.009029943631799577	0.024390243902439025	0.14297983722547133	0.010309278350515464	0.02578942487570031	0.3333333333333333	0.125	0.014925373134328358	0.05004003754004004	0.5	0.058823529411764705	0.003169198602608304	0.06666666666666667	1.0	0.022727272727272728
el	0.3333333333333333	0.038461538461538464	0.5	0.5	0.3333333333333333	0.022727272727272728	0.018867924528301886	0.0196078431372549	0.02127659574468085	0.03225806451612903	0.03125	0.0	0.05555555555555555	0.25	0.037037037037037035	0.09090909090909091	0.05555555555555555	0.08333333333333333	0.03333333333333333	0.2	0.5	0.05263157894736842	0.02127659574468085	0.047619047619047616	0.3333333333333333	0.021739130434782608	0.038461538461538464	0.3333333333333333	0.5	0.02702702702702703	0.07692307692307693	0.5	0.09090909090909091	0.018867924528301886	0.16666666666666666	1.0	0.043478260869565216
en	0.3333333333333333	0.025139310463063492	0.3333333333333333	0.5	0.125	0.008075488928136565	0.0196078431372549	1.0	0.005103056617399312	0.010031836462361221	0.011235955056179775	0.3333333333333333	0.038461538461538464	0.11112345679012345	0.013057984049605125	0.06666666666666667	0.02857142857142857	0.043478260869565216	0.022222222222222223	0.14285714285714285	0.5	0.018538817841529866	0.0044680881526722276	0.018518518518518517	0.07145409184694898	0.004545454545454545	0.02515252042903296	0.3333333333333333	0.1	0.010752688172043012	0.03227368888243082	0.5	0.045454545454545456	1.0	0.0625	1.0	0.018867924528301886
es	0.3333333333333333	0.025000625	0.3333333333333333	0.5	0.16666666666666666	0.008547446855139163	0.02127659574468085	0.005103056617399312	0.0012807936165495353	0.01	0.011494252873563218	0.3333333333333333	0.043478260869565216	0.14285714285714285	0.013158067867036011	0.07142857142857142	0.029411764705882353	0.045454545454545456	0.022727272727272728	0.14285714285714285	0.5	0.012658548309565774	0.008333958611250138	0.013333333333333334	0.09090909090909091	0.007751937984496124	0.02564168310322156	0.3333333333333333	0.1111111111111111	0.013157894736842105	0.05	0.5	0.05555555555555555	0.0012807936165495353	0.06666666666666667	1.0	0.02
fr	0.3333333333333333	0.026333824153843697	0.3333333333333333	0.5	0.25	0.011407387020182765	0.03225806451612903	0.010031836462361221	0.01	0.005772409597923359	0.017543859649122806	0.3333333333333333	0.05	0.2	0.009270462141849883	0.07142857142857142	0.034482758620689655	0.05555555555555555	0.025	0.14285714285714285	0.5	0.031279398833603936	0.013334578489600712	0.02564102564102564	0.14297983722547133	0.011904761904761904	0.027053396142472198	0.3333333333333333	0.125	0.020833333333333332	0.058844304512124586	0.5	0.0625	0.005772409597923359	0.07142857142857142	1.0	0.02702702702702703
he	0.3333333333333333	0.05555555555555555	0.5	0.5	0.3333333333333333	0.011764705882352941	0.03125	0.011235955056179775	0.011494252873563218	0.017543859649122806	0.01020408163265306	0.3333333333333333	0.07142857142857142	0.2	0.027777777777777776	0.1111111111111111	0.07692307692307693	0.5	0.05	0.16666666666666666	0.5	0.04	0.015151515151515152	0.034482758620689655	0.2	0.015873015873015872	0.05555555555555555	0.3333333333333333	0.16666666666666666	0.027777777777777776	0.08333333333333333	0.5	0.1	0.01020408163265306	1.0	1.0	0.05263157894736842
hi	0.0	0.0	0.5	0.5	0.0	0.3333333333333333	0.0	0.3333333333333333	0.3333333333333333	0.3333333333333333	0.3333333333333333	0.3333333333333333	0.0	0.0	0.0	0.0	0.0	0.0	0.0	0.25	0.5	0.0	1.0	1.0	0.0	0.3333333333333333	0.0	0.3333333333333333	0.0	0.5	0.0	1.0	0.0	0.3333333333333333	0.0	0.0	1.0
hu	0.3333333333333333	0.0625	1.0	0.5	0.3333333333333333	0.05	0.05555555555555555	0.038461538461538464	0.043478260869565216	0.05	0.07142857142857142	0.0	0.029411764705882353	0.3333333333333333	0.05555555555555555	0.1	0.08333333333333333	0.5	0.0625	0.2	0.5	0.06666666666666667	0.045454545454545456	0.058823529411764705	0.25	0.041666666666666664	0.06666666666666667	0.3333333333333333	1.0	0.08333333333333333	0.06666666666666667	0.5	0.125	0.029411764705882353	1.0	1.0	0.06666666666666667
id	0.3333333333333333	0.33344444444444443	0.5	0.5	0.0	0.14287755102040817	0.25	0.11112345679012345	0.14285714285714285	0.2	0.2	0.0	0.3333333333333333	0.03494573226861133	0.2	0.3333333333333333	0.3333333333333333	1.0	0.25	0.16666666666666666	0.5	0.20003999999999997	0.14287755102040817	0.14285714285714285	0.0	0.2	0.33344444444444443	0.3333333333333333	1.0	0.25	0.25006249999999997	0.5	0.5	0.03494573226861133	0.5	1.0	0.2
it	0.3333333333333333	0.02793036650922825	0.3333333333333333	0.5	0.25	0.008224960955677298	0.037037037037037035	0.013057984049605125	0.013158067867036011	0.009270462141849883	0.027777777777777776	0.0	0.05555555555555555	0.2	0.004876126817479969	0.08333333333333333	0.03225806451612903	0.05	0.02564102564102564	0.14285714285714285	0.5	0.03709344366757549	0.015876296810298854	0.03333333333333333	0.16666666666666666	0.015151515151515152	0.027178085802808758	0.3333333333333333	0.125	0.02857142857142857	0.0555802592716173	0.5	0.1	0.004876126817479969	0.06666666666666667	1.0	0.02631578947368421
ja	0.3333333333333333	0.08333333333333333	0.5	0.5	0.3333333333333333	0.07142857142857142	0.09090909090909091	0.06666666666666667	0.07142857142857142	0.07142857142857142	0.1111111111111111	0.0	0.1	0.3333333333333333	0.08333333333333333	0.0625	0.08333333333333333	0.5	0.08333333333333333	0.16666666666666666	0.5	0.08333333333333333	0.06666666666666667	0.08333333333333333	1.0	0.06666666666666667	0.08333333333333333	0.3333333333333333	1.0	0.07692307692307693	0.1	0.5	0.14285714285714285	0.0625	1.0	1.0	0.07692307692307693
ko	0.3333333333333333	0.034482758620689655	0.5	0.5	0.3333333333333333	0.030303030303030304	0.05555555555555555	0.02857142857142857	0.029411764705882353	0.034482758620689655	0.07692307692307693	0.0	0.08333333333333333	0.3333333333333333	0.03225806451612903	0.08333333333333333	0.027777777777777776	0.05263157894736842	0.034482758620689655	0.14285714285714285	0.5	0.07142857142857142	0.030303030303030304	0.058823529411764705	0.25	0.030303030303030304	0.034482758620689655	0.3333333333333333	1.0	0.034482758620689655	0.08333333333333333	0.5	0.1	0.027777777777777776	0.06666666666666667	1.0	0.030303030303030304
lv	1.0	0.05263157894736842	0.5	0.5	1.0	0.047619047619047616	0.08333333333333333	0.043478260869565216	0.045454545454545456	0.05555555555555555	0.5	0.0	0.5	1.0	0.05	0.5	0.05263157894736842	0.008333333333333333	0.05263157894736842	0.2	0.0	0.3333333333333333	0.04	0.16666666666666666	0.5	0.034482758620689655	0.05263157894736842	0.5	0.0	0.047619047619047616	0.3333333333333333	0.5	0.25	0.008333333333333333	0.07142857142857142	1.0	0.05
mk	0.3333333333333333	0.02564102564102564	0.5	1.0	0.3333333333333333	0.022222222222222223	0.03333333333333333	0.022222222222222223	0.022727272727272728	0.025	0.05	0.0	0.0625	0.25	0.02564102564102564	0.08333333333333333	0.034482758620689655	0.05263157894736842	0.02127659574468085	0.3333333333333333	0.5	0.06666666666666667	0.022727272727272728	0.038461538461538464	0.25	0.022727272727272728	0.02631578947368421	0.5	1.0	0.030303030303030304	0.07142857142857142	1.0	0.07692307692307693	0.02127659574468085	0.06666666666666667	1.0	0.030303030303030304
ml	0.5	0.3333333333333333	0.5	0.5	0.2	0.16666666666666666	0.2	0.14285714285714285	0.14285714285714285	0.14285714285714285	0.16666666666666666	0.25	0.2	0.16666666666666666	0.14285714285714285	0.16666666666666666	0.14285714285714285	0.2	0.3333333333333333	0.14285714285714285	0.0	0.2	0.2	0.14285714285714285	0.2	0.14285714285714285	0.3333333333333333	0.5	0.2	0.2	0.14285714285714285	0.5	0.16666666666666666	0.14285714285714285	0.16666666666666666	1.0	0.14285714285714285
mr	0.0	0.0	0.0	0.0	0.5	0.5	0.5	0.5	0.5	0.5	0.5	0.5	0.5	0.5	0.5	0.5	0.5	0.0	0.5	0.0	0.5	0.5	0.5	0.5	0.5	0.5	0.5	1.0	0.5	0.0	0.5	0.0	0.5	0.5	0.5	0.0	0.5
nl	0.3333333333333333	0.07148474494903068	0.3333333333333333	0.5	0.3333333333333333	0.027821908044676772	0.05263157894736842	0.018538817841529866	0.012658548309565774	0.031279398833603936	0.04	0.0	0.06666666666666667	0.20003999999999997	0.03709344366757549	0.08333333333333333	0.07142857142857142	0.3333333333333333	0.06666666666666667	0.2	0.5	0.003138001957752765	0.023820309548798272	0.034482758620689655	0.3333333333333333	0.025	0.07150517354088784	0.3333333333333333	0.2	0.045454545454545456	0.05884776471973703	0.5	0.125	0.003138001957752765	1.0	1.0	0.06666666666666667
pl	0.3333333333333333	0.026324110822750765	0.3333333333333333	0.5	0.125	0.009029943631799577	0.02127659574468085	0.0044680881526722276	0.008333958611250138	0.013334578489600712	0.015151515151515152	1.0	0.045454545454545456	0.14287755102040817	0.015876296810298854	0.06666666666666667	0.030303030303030304	0.04	0.022727272727272728	0.2	0.5	0.023820309548798272	0.000384955035553767	0.021739130434782608	0.09090909090909091	0.0022675736961451248	0.027790140458378167	0.3333333333333333	0.125	0.008403361344537815	0.047641741514757384	0.5	0.05555555555555555	0.000384955035553767	0.06666666666666667	1.0	0.021739130434782608
pt	0.3333333333333333	0.04	0.5	0.5	0.3333333333333333	0.024390243902439025	0.047619047619047616	0.018518518518518517	0.013333333333333334	0.02564102564102564	0.034482758620689655	1.0	0.058823529411764705	0.14285714285714285	0.03333333333333333	0.08333333333333333	0.058823529411764705	0.16666666666666666	0.038461538461538464	0.14285714285714285	0.5	0.034482758620689655	0.021739130434782608	0.002544529262086514	0.3333333333333333	0.020833333333333332	0.043478260869565216	0.3333333333333333	0.5	0.038461538461538464	0.07142857142857142	0.5	0.1	0.002544529262086514	0.25	1.0	0.043478260869565216
ro	0.0	0.25	0.5	0.5	1.0	0.14297983722547133	0.3333333333333333	0.07145409184694898	0.09090909090909091	0.14297983722547133	0.2	0.0	0.25	0.0	0.16666666666666666	1.0	0.25	0.5	0.25	0.2	0.5	0.3333333333333333	0.09090909090909091	0.3333333333333333	0.04548558894443646	0.0625	0.3333333333333333	0.3333333333333333	0.0	0.2	1.0	0.5	1.0	0.04548558894443646	1.0	1.0	0.2
ru	0.3333333333333333	0.02564102564102564	0.3333333333333333	0.5	0.1111111111111111	0.010309278350515464	0.021739130434782608	0.004545454545454545	0.007751937984496124	0.011904761904761904	0.015873015873015872	0.3333333333333333	0.041666666666666664	0.2	0.015151515151515152	0.06666666666666667	0.030303030303030304	0.034482758620689655	0.022727272727272728	0.14285714285714285	0.5	0.025	0.0022675736961451248	0.020833333333333332	0.0625	0.0005045408678102926	0.02564102564102564	0.3333333333333333	0.16666666666666666	0.006944444444444444	0.01694915254237288	0.5	0.047619047619047616	0.0005045408678102926	0.06666666666666667	1.0	0.02
sh	0.3333333333333333	0.025791566335870788	0.5	0.5	0.3333333333333333	0.02578942487570031	0.038461538461538464	0.02515252042903296	0.02564168310322156	0.027053396142472198	0.05555555555555555	0.0	0.06666666666666667	0.33344444444444443	0.027178085802808758	0.08333333333333333	0.034482758620689655	0.05263157894736842	0.02631578947368421	0.3333333333333333	0.5	0.07150517354088784	0.027790140458378167	0.043478260869565216	0.3333333333333333	0.02564102564102564	0.023393827668123025	0.5	1.0	0.034482758620689655	0.05887548448448448	1.0	0.09090909090909091	0.023393827668123025	0.06666666666666667	0.0	0.03225806451612903
si	0.0	1.0	1.0	1.0	0.3333333333333333	0.3333333333333333	0.3333333333333333	0.3333333333333333	0.3333333333333333	0.3333333333333333	0.3333333333333333	0.3333333333333333	0.3333333333333333	0.3333333333333333	0.3333333333333333	0.3333333333333333	0.3333333333333333	0.5	0.5	0.5	1.0	0.3333333333333333	0.3333333333333333	0.3333333333333333	0.3333333333333333	0.3333333333333333	0.5	0.3333333333333333	0.3333333333333333	0.5	0.3333333333333333	1.0	0.3333333333333333	0.3333333333333333	0.3333333333333333	0.0	0.3333333333333333
simple	1.0	1.0	0.5	0.5	1.0	0.125	0.5	0.1	0.1111111111111111	0.125	0.16666666666666666	0.0	1.0	1.0	0.125	1.0	1.0	0.0	1.0	0.2	0.5	0.2	0.125	0.5	0.0	0.16666666666666666	1.0	0.3333333333333333	0.1	1.0	1.0	0.5	0.5	0.1	1.0	1.0	0.5
sr	0.3333333333333333	0.03333333333333333	0.5	0.5	0.2	0.014925373134328358	0.02702702702702703	0.010752688172043012	0.013157894736842105	0.020833333333333332	0.027777777777777776	0.5	0.08333333333333333	0.25	0.02857142857142857	0.07692307692307693	0.034482758620689655	0.047619047619047616	0.030303030303030304	0.2	0.0	0.045454545454545456	0.008403361344537815	0.038461538461538464	0.2	0.006944444444444444	0.034482758620689655	0.5	1.0	0.0049504950495049506	0.06666666666666667	0.5	0.08333333333333333	0.0049504950495049506	0.06666666666666667	1.0	0.025
sv	0.3333333333333333	0.0667334000711823	0.3333333333333333	0.5	0.16666666666666666	0.05004003754004004	0.07692307692307693	0.03227368888243082	0.05	0.058844304512124586	0.08333333333333333	0.0	0.06666666666666667	0.25006249999999997	0.0555802592716173	0.1	0.08333333333333333	0.3333333333333333	0.07142857142857142	0.14285714285714285	0.5	0.05884776471973703	0.047641741514757384	0.07142857142857142	1.0	0.01694915254237288	0.05887548448448448	0.3333333333333333	1.0	0.06666666666666667	0.00592769836617932	0.5	0.16666666666666666	0.00592769836617932	1.0	1.0	0.09090909090909091
te	1.0	0.0	0.0	1.0	0.5	0.5	0.5	0.5	0.5	0.5	0.5	1.0	0.5	0.5	0.5	0.5	0.5	0.5	1.0	0.5	0.0	0.5	0.5	0.5	0.5	0.5	1.0	1.0	0.5	0.5	0.5	0.5	0.5	0.5	0.5	1.0	0.5
tr	0.5	0.09090909090909091	0.5	0.5	0.3333333333333333	0.058823529411764705	0.09090909090909091	0.045454545454545456	0.05555555555555555	0.0625	0.1	0.0	0.125	0.5	0.1	0.14285714285714285	0.1	0.25	0.07692307692307693	0.16666666666666666	0.5	0.125	0.05555555555555555	0.1	1.0	0.047619047619047616	0.09090909090909091	0.3333333333333333	0.5	0.08333333333333333	0.16666666666666666	0.5	0.043478260869565216	0.043478260869565216	0.3333333333333333	1.0	0.08333333333333333
union	0.3333333333333333	0.023381834861889845	0.3333333333333333	0.5	0.09090909090909091	0.003169198602608304	0.018867924528301886	1.0	0.0012807936165495353	0.005772409597923359	0.01020408163265306	0.3333333333333333	0.029411764705882353	0.03494573226861133	0.004876126817479969	0.0625	0.027777777777777776	0.008333333333333333	0.02127659574468085	0.14285714285714285	0.5	0.003138001957752765	0.000384955035553767	0.002544529262086514	0.04548558894443646	0.0005045408678102926	0.023393827668123025	0.3333333333333333	0.1	0.0049504950495049506	0.00592769836617932	0.5	0.043478260869565216	1.0	0.0625	1.0	0.017241379310344827
vi	1.0	0.06666666666666667	0.5	0.5	0.0	0.06666666666666667	0.16666666666666666	0.0625	0.06666666666666667	0.07142857142857142	1.0	0.0	1.0	0.5	0.06666666666666667	1.0	0.06666666666666667	0.07142857142857142	0.06666666666666667	0.16666666666666666	0.5	1.0	0.06666666666666667	0.25	1.0	0.06666666666666667	0.06666666666666667	0.3333333333333333	1.0	0.06666666666666667	1.0	0.5	0.3333333333333333	0.0625	0.0625	1.0	0.06666666666666667
war	1.0	0.0	1.0	0.0	1.0	1.0	1.0	1.0	1.0	1.0	1.0	0.0	1.0	1.0	1.0	1.0	1.0	1.0	1.0	1.0	0.0	1.0	1.0	1.0	1.0	1.0	0.0	0.0	1.0	1.0	1.0	1.0	1.0	1.0	1.0	1.0	1.0
zh	0.3333333333333333	0.03225806451612903	0.5	0.5	0.2	0.022727272727272728	0.043478260869565216	0.018867924528301886	0.02	0.02702702702702703	0.05263157894736842	1.0	0.06666666666666667	0.2	0.02631578947368421	0.07692307692307693	0.030303030303030304	0.05	0.030303030303030304	0.14285714285714285	0.5	0.06666666666666667	0.021739130434782608	0.043478260869565216	0.2	0.02	0.03225806451612903	0.3333333333333333	0.5	0.025	0.09090909090909091	0.5	0.08333333333333333	0.017241379310344827	0.06666666666666667	1.0	0.017241379310344827
