arz	bs	ceb	ckb	da	de	el	en	es	fr	he	hi	hu	id	it	ja	ko	lv	mk	ml	mr	nl	pl	pt	ro	ru	sh	si	simple	sr	sv	te	vi	war	zh
arz	1.0	0.029850746268656716	0.0	0.0	0.0	0.0	0.0	0.0	0.0	0.0	0.02702702702702703	0.0	0.011111111111111112	0.0	0.008	0.012658227848101266	0.011363636363636364	0.0	0.0	0.05263157894736842	0.0	0.027777777777777776	0.0	0.015625	0.016129032258064516	0.02040816326530612	0.0	0.0	0.043478260869565216	0.0	0.0	0.0	0.0	0.0	0.0
bs	0.029850746268656716	1.0	0.0	0.027777777777777776	0.052083333333333336	0.017857142857142856	0.16326530612244897	0.027777777777777776	0.05737704918032787	0.04046242774566474	0.08791208791208792	0.015384615384615385	0.14285714285714285	0.12048192771084337	0.0625	0.03676470588235294	0.16279069767441862	0.03896103896103896	0.07317073170731707	0.1095890410958904	0.015151515151515152	0.06521739130434782	0.041237113402061855	0.06779661016949153	0.1588785046728972	0.0673076923076923	0.2268041237113402	0.0	0.04938271604938271	0.1125	0.02247191011235955	0.0	0.044444444444444446	0.0	0.096045197740113
ceb	0.0	0.0	0.0	0.0	0.0	0.0	0.0	0.0	0.0	0.0	0.0	0.0	0.0	0.0	0.0	0.0	0.0	0.0	0.0	0.0	0.0	0.0	0.0	0.0	0.0	0.0	0.0	0.0	0.0	0.0	0.0	0.0	0.0	0.0	0.0
ckb	0.0	0.027777777777777776	0.0	1.0	0.022727272727272728	0.0	0.03571428571428571	0.006060606060606061	0.0	0.008130081300813009	0.023809523809523808	0.0	0.043478260869565216	0.05714285714285714	0.007692307692307693	0.0	0.044444444444444446	0.043478260869565216	0.10344827586206896	0.041666666666666664	0.0	0.0	0.0	0.04477611940298507	0.014925373134328358	0.018518518518518517	0.03278688524590164	0.0	0.03571428571428571	0.1	0.0	0.0	0.02702702702702703	0.0	0.0072992700729927005
da	0.0	0.052083333333333336	0.0	0.022727272727272728	1.0	0.011904761904761904	0.024096385542168676	0.03763440860215054	0.041666666666666664	0.027210884353741496	0.04477611940298507	0.0	0.05128205128205128	0.0	0.046357615894039736	0.027522935779816515	0.025423728813559324	0.02	0.017241379310344827	0.0196078431372549	0.0	0.029850746268656716	0.02857142857142857	0.031914893617021274	0.021505376344086023	0.012345679012345678	0.011235955056179775	0.0	0.01818181818181818	0.01694915254237288	0.03333333333333333	0.0	0.031746031746031744	0.0	0.03125
de	0.0	0.017857142857142856	0.0	0.0	0.011904761904761904	1.0	0.0	0.019801980198019802	0.008928571428571428	0.025	0.024691358024691357	0.0	0.014925373134328358	0.02666666666666667	0.023952095808383235	0.016260162601626018	0.022900763358778626	0.0	0.0	0.015625	0.0	0.012345679012345678	0.024096385542168676	0.028037383177570093	0.009345794392523364	0.010638297872340425	0.00980392156862745	0.0	0.014705882352941176	0.013888888888888888	0.013513513513513514	0.0	0.012987012987012988	0.0	0.028901734104046242
el	0.0	0.16326530612244897	0.0	0.03571428571428571	0.024096385542168676	0.0	1.0	0.024875621890547265	0.046296296296296294	0.018633540372670808	0.024691358024691357	0.02040816326530612	0.088	0.11594202898550725	0.05555555555555555	0.03305785123966942	0.15517241379310345	0.04918032786885246	0.014084507042253521	0.06557377049180328	0.02	0.0	0.04938271604938271	0.03773584905660377	0.09090909090909091	0.03260869565217391	0.07291666666666667	0.0	0.029850746268656716	0.04285714285714286	0.0273972602739726	0.0	0.05405405405405406	0.0	0.05325443786982249
en	0.0	0.027777777777777776	0.0	0.006060606060606061	0.03763440860215054	0.019801980198019802	0.024875621890547265	1.0	0.0091324200913242	0.046153846153846156	0.032432432432432434	0.0	0.03389830508474576	0.016483516483516484	0.03333333333333333	0.030973451327433628	0.029787234042553193	0.005847953216374269	0.01694915254237288	0.0	0.006329113924050633	0.02702702702702703	0.03208556149732621	0.0380952380952381	0.018867924528301886	0.020100502512562814	0.03940886699507389	0.0	0.023121387283236993	0.0	0.016666666666666666	0.0	0.005405405405405406	0.0	0.036231884057971016
es	0.0	0.05737704918032787	0.0	0.0	0.041666666666666664	0.008928571428571428	0.046296296296296294	0.0091324200913242	1.0	0.011299435028248588	0.0425531914893617	0.0	0.055944055944055944	0.022222222222222223	0.010869565217391304	0.021897810218978103	0.08759124087591241	0.01282051282051282	0.03571428571428571	0.012658227848101266	0.015384615384615385	0.031914893617021274	0.030927835051546393	0.016260162601626018	0.05128205128205128	0.018518518518518517	0.02608695652173913	0.0	0.012048192771084338	0.047619047619047616	0.0	0.0	0.0	0.0	0.0546448087431694
fr	0.0	0.04046242774566474	0.0	0.008130081300813009	0.027210884353741496	0.025	0.018633540372670808	0.046153846153846156	0.011299435028248588	1.0	0.02054794520547945	0.0	0.046632124352331605	0.007042253521126761	0.04405286343612335	0.032432432432432434	0.03626943005181347	0.007751937984496124	0.03759398496240601	0.015503875968992248	0.0	0.006802721088435374	0.027210884353741496	0.023255813953488372	0.017543859649122806	0.00625	0.03680981595092025	0.0	0.022727272727272728	0.014598540145985401	0.021739130434782608	0.0	0.02857142857142857	0.0	0.03829787234042553
he	0.02702702702702703	0.08791208791208792	0.0	0.023809523809523808	0.04477611940298507	0.024691358024691357	0.024691358024691357	0.032432432432432434	0.0425531914893617	0.02054794520547945	1.0	0.029411764705882353	0.1	0.06896551724137931	0.04	0.0	0.0625	0.020833333333333332	0.05555555555555555	0.08695652173913043	0.0	0.0	0.014492753623188406	0.05555555555555555	0.03333333333333333	0.0	0.1	0.0	0.058823529411764705	0.017543859649122806	0.01694915254237288	0.0	0.0	0.0	0.03821656050955414
hi	0.0	0.015384615384615385	0.0	0.0	0.0	0.0	0.02040816326530612	0.0	0.0	0.0	0.029411764705882353	1.0	0.011494252873563218	0.03571428571428571	0.0	0.0	0.0	0.06666666666666667	0.0	0.0625	0.0	0.0	0.0	0.0	0.0	0.0	0.018518518518518517	0.0	0.0	0.0	0.0	0.0	0.0	0.0	0.007751937984496124
hu	0.011111111111111112	0.14285714285714285	0.0	0.043478260869565216	0.05128205128205128	0.014925373134328358	0.088	0.03389830508474576	0.055944055944055944	0.046632124352331605	0.1	0.011494252873563218	1.0	0.06481481481481481	0.11170212765957446	0.04487179487179487	0.16216216216216217	0.05154639175257732	0.0784313725490196	0.04040404040404041	0.011363636363636364	0.061946902654867256	0.0423728813559322	0.15625	0.15873015873015872	0.031007751937984496	0.14634146341463414	0.0	0.028846153846153848	0.04716981132075472	0.018018018018018018	0.0	0.05454545454545454	0.0	0.07462686567164178
id	0.0	0.12048192771084337	0.0	0.05714285714285714	0.0	0.02666666666666667	0.11594202898550725	0.016483516483516484	0.022222222222222223	0.007042253521126761	0.06896551724137931	0.03571428571428571	0.06481481481481481	1.0	0.056338028169014086	0.0297029702970297	0.08653846153846154	0.075	0.0625	0.047619047619047616	0.034482758620689655	0.03389830508474576	0.015873015873015872	0.07228915662650602	0.0875	0.0136986301369863	0.10810810810810811	0.0	0.02127659574468085	0.10638297872340426	0.0	0.0	0.05555555555555555	0.0	0.04666666666666667
it	0.008	0.0625	0.0	0.007692307692307693	0.046357615894039736	0.023952095808383235	0.05555555555555555	0.03333333333333333	0.010869565217391304	0.04405286343612335	0.04	0.0	0.11170212765957446	0.056338028169014086	1.0	0.07608695652173914	0.07253886010362694	0.007352941176470588	0.03571428571428571	0.0072992700729927005	0.008130081300813009	0.0472972972972973	0.01935483870967742	0.06395348837209303	0.046242774566473986	0.024390243902439025	0.04142011834319527	0.0	0.02158273381294964	0.03546099290780142	0.027777777777777776	0.0	0.03424657534246575	0.0	0.07725321888412018
ja	0.012658227848101266	0.03676470588235294	0.0	0.0	0.027522935779816515	0.016260162601626018	0.03305785123966942	0.030973451327433628	0.021897810218978103	0.032432432432432434	0.0	0.0	0.04487179487179487	0.0297029702970297	0.07608695652173914	1.0	0.03205128205128205	0.0	0.03125	0.0	0.0	0.02830188679245283	0.01818181818181818	0.022388059701492536	0.030534351145038167	0.05172413793103448	0.04	0.0	0.02127659574468085	0.05263157894736842	0.05154639175257732	0.0	0.009615384615384616	0.0	0.08465608465608465
ko	0.011363636363636364	0.16279069767441862	0.0	0.044444444444444446	0.025423728813559324	0.022900763358778626	0.15517241379310345	0.029787234042553193	0.08759124087591241	0.03626943005181347	0.0625	0.0	0.16216216216216217	0.08653846153846154	0.07253886010362694	0.03205128205128205	1.0	0.030927835051546393	0.058823529411764705	0.07446808510638298	0.011627906976744186	0.07272727272727272	0.03418803418803419	0.06569343065693431	0.14285714285714285	0.03968253968253968	0.13008130081300814	0.0	0.05	0.06862745098039216	0.01834862385321101	0.0	0.05555555555555555	0.0	0.10880829015544041
lv	0.0	0.03896103896103896	0.0	0.043478260869565216	0.02	0.0	0.04918032786885246	0.005847953216374269	0.01282051282051282	0.007751937984496124	0.020833333333333332	0.06666666666666667	0.05154639175257732	0.075	0.007352941176470588	0.0	0.030927835051546393	1.0	0.02702702702702703	0.10714285714285714	0.0	0.043478260869565216	0.0	0.02702702702702703	0.0	0.016666666666666666	0.06153846153846154	0.0	0.029411764705882353	0.02631578947368421	0.0	0.0	0.047619047619047616	0.0	0.02857142857142857
mk	0.0	0.07317073170731707	0.0	0.10344827586206896	0.017241379310344827	0.0	0.014084507042253521	0.01694915254237288	0.03571428571428571	0.03759398496240601	0.05555555555555555	0.0	0.0784313725490196	0.0625	0.03571428571428571	0.03125	0.058823529411764705	0.02702702702702703	1.0	0.0	0.041666666666666664	0.01818181818181818	0.0	0.05	0.06493506493506493	0.014705882352941176	0.06944444444444445	0.0	0.10256410256410256	0.044444444444444446	0.0	0.0	0.0196078431372549	0.0	0.05555555555555555
ml	0.05263157894736842	0.1095890410958904	0.0	0.041666666666666664	0.0196078431372549	0.015625	0.06557377049180328	0.0	0.012658227848101266	0.015503875968992248	0.08695652173913043	0.0625	0.04040404040404041	0.047619047619047616	0.0072992700729927005	0.0	0.07446808510638298	0.10714285714285714	0.0	1.0	0.0	0.020833333333333332	0.04	0.013157894736842105	0.0273972602739726	0.01639344262295082	0.09375	0.0	0.16129032258064516	0.1111111111111111	0.0	0.0	0.0975609756097561	0.0	0.03571428571428571
mr	0.0	0.015151515151515152	0.0	0.0	0.0	0.0	0.02	0.006329113924050633	0.015384615384615385	0.0	0.0	0.0	0.011363636363636364	0.034482758620689655	0.008130081300813009	0.0	0.011627906976744186	0.0	0.041666666666666664	0.0	1.0	0.0	0.0	0.0	0.0	0.0	0.0	0.0	0.0	0.0	0.0	0.0	0.0	0.0	0.007692307692307693
nl	0.027777777777777776	0.06521739130434782	0.0	0.0	0.029850746268656716	0.012345679012345678	0.0	0.02702702702702703	0.031914893617021274	0.006802721088435374	0.0	0.0	0.061946902654867256	0.03389830508474576	0.0472972972972973	0.02830188679245283	0.07272727272727272	0.043478260869565216	0.01818181818181818	0.020833333333333332	0.0	1.0	0.0	0.03296703296703297	0.06976744186046512	0.025974025974025976	0.07407407407407407	0.0	0.019230769230769232	0.03636363636363636	0.03508771929824561	0.0	0.03333333333333333	0.0	0.03184713375796178
pl	0.0	0.041237113402061855	0.0	0.0	0.02857142857142857	0.024096385542168676	0.04938271604938271	0.03208556149732621	0.030927835051546393	0.027210884353741496	0.014492753623188406	0.0	0.0423728813559322	0.015873015873015872	0.01935483870967742	0.01818181818181818	0.03418803418803419	0.0	0.0	0.04	0.0	0.0	1.0	0.031914893617021274	0.03260869565217391	0.012345679012345678	0.022727272727272728	0.0	0.01818181818181818	0.01694915254237288	0.01639344262295082	0.0	0.06557377049180328	0.0	0.024844720496894408
pt	0.015625	0.06779661016949153	0.0	0.04477611940298507	0.031914893617021274	0.028037383177570093	0.03773584905660377	0.0380952380952381	0.016260162601626018	0.023255813953488372	0.05555555555555555	0.0	0.15625	0.07228915662650602	0.06395348837209303	0.022388059701492536	0.06569343065693431	0.02702702702702703	0.05	0.013157894736842105	0.0	0.03296703296703297	0.031914893617021274	1.0	0.08108108108108109	0.009433962264150943	0.09523809523809523	0.0	0.038461538461538464	0.08974358974358974	0.011627906976744186	0.0	0.046511627906976744	0.0	0.07954545454545454
ro	0.016129032258064516	0.1588785046728972	0.0	0.014925373134328358	0.021505376344086023	0.009345794392523364	0.09090909090909091	0.018867924528301886	0.05128205128205128	0.017543859649122806	0.03333333333333333	0.0	0.15873015873015872	0.0875	0.046242774566473986	0.030534351145038167	0.14285714285714285	0.0	0.06493506493506493	0.0273972602739726	0.0	0.06976744186046512	0.03260869565217391	0.08108108108108109	1.0	0.039603960396039604	0.1188118811881188	0.0	0.06756756756756757	0.0375	0.024096385542168676	0.0	0.08641975308641975	0.0	0.07428571428571429
ru	0.02040816326530612	0.0673076923076923	0.0	0.018518518518518517	0.012345679012345678	0.010638297872340425	0.03260869565217391	0.020100502512562814	0.018518518518518517	0.00625	0.0	0.0	0.031007751937984496	0.0136986301369863	0.024390243902439025	0.05172413793103448	0.03968253968253968	0.016666666666666666	0.014705882352941176	0.01639344262295082	0.0	0.025974025974025976	0.012345679012345678	0.009433962264150943	0.039603960396039604	1.0	0.02040816326530612	0.0	0.0	0.014492753623188406	0.014084507042253521	0.0	0.013513513513513514	0.0	0.03550295857988166
sh	0.0	0.2268041237113402	0.0	0.03278688524590164	0.011235955056179775	0.00980392156862745	0.07291666666666667	0.03940886699507389	0.02608695652173913	0.03680981595092025	0.1	0.018518518518518517	0.14634146341463414	0.10810810810810811	0.04142011834319527	0.04	0.13008130081300814	0.06153846153846154	0.06944444444444445	0.09375	0.0	0.07407407407407407	0.022727272727272728	0.09523809523809523	0.1188118811881188	0.02040816326530612	1.0	0.0	0.04225352112676056	0.08333333333333333	0.012658227848101266	0.0	0.024691358024691357	0.0	0.10240963855421686
si	0.0	0.0	0.0	0.0	0.0	0.0	0.0	0.0	0.0	0.0	0.0	0.0	0.0	0.0	0.0	0.0	0.0	0.0	0.0	0.0	0.0	0.0	0.0	0.0	0.0	0.0	0.0	0.0	0.0	0.0	0.0	0.0	0.0	0.0	0.0
simple	0.043478260869565216	0.04938271604938271	0.0	0.03571428571428571	0.01818181818181818	0.014705882352941176	0.029850746268656716	0.023121387283236993	0.012048192771084338	0.022727272727272728	0.058823529411764705	0.0	0.028846153846153848	0.02127659574468085	0.02158273381294964	0.02127659574468085	0.05	0.029411764705882353	0.10256410256410256	0.16129032258064516	0.0	0.019230769230769232	0.01818181818181818	0.038461538461538464	0.06756756756756757	0.0	0.04225352112676056	0.0	1.0	0.047619047619047616	0.0	0.0	0.08888888888888889	0.0	0.027586206896551724
sr	0.0	0.1125	0.0	0.1	0.01694915254237288	0.013888888888888888	0.04285714285714286	0.0	0.047619047619047616	0.014598540145985401	0.017543859649122806	0.0	0.04716981132075472	0.10638297872340426	0.03546099290780142	0.05263157894736842	0.06862745098039216	0.02631578947368421	0.044444444444444446	0.1111111111111111	0.0	0.03636363636363636	0.01694915254237288	0.08974358974358974	0.0375	0.014492753623188406	0.08333333333333333	0.0	0.047619047619047616	1.0	0.0	0.0	0.08163265306122448	0.0	0.04794520547945205
sv	0.0	0.02247191011235955	0.0	0.0	0.03333333333333333	0.013513513513513514	0.0273972602739726	0.016666666666666666	0.0	0.021739130434782608	0.01694915254237288	0.0	0.018018018018018018	0.0	0.027777777777777776	0.05154639175257732	0.01834862385321101	0.0	0.0	0.0	0.0	0.03508771929824561	0.01639344262295082	0.011627906976744186	0.024096385542168676	0.014084507042253521	0.012658227848101266	0.0	0.0	0.0	1.0	0.0	0.018518518518518517	0.0	0.019736842105263157
te	0.0	0.0	0.0	0.0	0.0	0.0	0.0	0.0	0.0	0.0	0.0	0.0	0.0	0.0	0.0	0.0	0.0	0.0	0.0	0.0	0.0	0.0	0.0	0.0	0.0	0.0	0.0	0.0	0.0	0.0	0.0	0.0	0.0	0.0	0.0
vi	0.0	0.044444444444444446	0.0	0.02702702702702703	0.031746031746031744	0.012987012987012988	0.05405405405405406	0.005405405405405406	0.0	0.02857142857142857	0.0	0.0	0.05454545454545454	0.05555555555555555	0.03424657534246575	0.009615384615384616	0.05555555555555555	0.047619047619047616	0.0196078431372549	0.0975609756097561	0.0	0.03333333333333333	0.06557377049180328	0.046511627906976744	0.08641975308641975	0.013513513513513514	0.024691358024691357	0.0	0.08888888888888889	0.08163265306122448	0.018518518518518517	0.0	1.0	0.0	0.039473684210526314
war	0.0	0.0	0.0	0.0	0.0	0.0	0.0	0.0	0.0	0.0	0.0	0.0	0.0	0.0	0.0	0.0	0.0	0.0	0.0	0.0	0.0	0.0	0.0	0.0	0.0	0.0	0.0	0.0	0.0	0.0	0.0	0.0	0.0	0.0	0.0
zh	0.0	0.096045197740113	0.0	0.0072992700729927005	0.03125	0.028901734104046242	0.05325443786982249	0.036231884057971016	0.0546448087431694	0.03829787234042553	0.03821656050955414	0.007751937984496124	0.07462686567164178	0.04666666666666667	0.07725321888412018	0.08465608465608465	0.10880829015544041	0.02857142857142857	0.05555555555555555	0.03571428571428571	0.007692307692307693	0.03184713375796178	0.024844720496894408	0.07954545454545454	0.07428571428571429	0.03550295857988166	0.10240963855421686	0.0	0.027586206896551724	0.04794520547945205	0.019736842105263157	0.0	0.039473684210526314	0.0	1.0
