arz	bs	ceb	ckb	da	de	el	en	es	fr	he	hi	hu	id	it	ja	ko	lv	mk	ml	mr	nl	pl	pt	ro	ru	sh	si	simple	sr	sv	te	tr	vi	war	zh
arz	1.0	1.0	0.0	1.0	1.0	1.0	1.0	1.0	1.0	1.0	1.0	1.0	1.0	1.0	1.0	1.0	1.0	1.0	1.0	1.0	1.0	1.0	1.0	1.0	1.0	1.0	1.0	1.0	1.0	1.0	1.0	1.0	1.0	1.0	1.0	1.0
bs	1.0	1.0	1.0	1.0	0.3430703308172536	0.024361573271562433	0.07309381702423028	0.0275291091285289	0.009105265813819178	0.011308842231469341	0.13079074932337362	1.0	0.07828279434581578	0.14491747777400557	0.019055363340289476	0.02078338724400459	0.1055788087991432	1.0	0.0016357370886998094	1.0	1.0	0.015848082128214373	0.0029416303306125605	0.0018891964865263764	0.052894439995851444	0.004577570263669363	0.009948864489415973	1.0	0.585786437626905	0.01006175490941787	0.020911732462986467	1.0	0.5	0.05313399136857222	1.0	0.00950111679498212
ceb	0.0	1.0	1.0	0.0	1.0	1.0	0.0	1.0	1.0	1.0	1.0	1.0	1.0	1.0	1.0	1.0	1.0	1.0	1.0	1.0	0.0	1.0	1.0	1.0	1.0	1.0	1.0	1.0	1.0	1.0	1.0	0.0	-1.0	1.0	1.0	1.0
ckb	1.0	1.0	0.0	1.0	0.0	1.0	1.0	1.0	0.0	1.0	0.0	0.0	0.0	0.0	0.0	1.0	0.0	0.0	1.0	0.0	1.0	1.0	1.0	1.0	0.0	1.0	1.0	1.0	0.0	1.0	1.0	1.0	1.0	0.0	1.0	1.0
da	1.0	0.3430703308172536	1.0	0.0	1.0	0.585786437626905	0.5	1.0	1.0	0.585786437626905	1.0	1.0	0.36602540378443865	1.0	0.585786437626905	1.0	0.39564392373896007	1.0	1.0	1.0	1.0	1.0	1.0	1.0	0.39564392373896007	1.0	1.0	1.0	1.0	1.0	1.0	1.0	0.585786437626905	0.585786437626905	1.0	1.0
de	1.0	0.024361573271562433	1.0	1.0	0.585786437626905	1.0	0.026276663625444882	0.0224759999301588	0.008824254174583131	0.02736511012360087	0.3164309725825328	1.0	0.024995672039505326	0.028314042591329133	0.026175784388955212	0.03910511921384328	0.02188292167496256	1.0	0.003710548584319717	1.0	1.0	0.019380221375594257	0.003656768671356845	0.0036016059850760935	0.021419365387676102	0.004041653620528204	0.023196751694557045	1.0	1.0	0.02014685447649399	0.036273887069017	1.0	0.4142135623730951	0.02291486722793928	1.0	0.006899679427630322
el	1.0	0.07309381702423028	0.0	1.0	0.5	0.026276663625444882	1.0	0.08079050235165469	0.02196934579649193	0.08170627667911483	0.2639626719759689	1.0	0.16543853254756913	0.19437175073651228	0.04573443172477916	0.03705175326327949	0.15028478101740755	1.0	0.018392570550398085	1.0	1.0	0.07403820654822649	0.018399733797613546	0.01864006737998026	0.09477869720877138	0.02138863611655569	0.04388305192189659	1.0	1.0	0.02006607768852224	0.036740384986936984	1.0	1.0	0.06892485212538207	1.0	0.020271316182056524
en	1.0	0.0275291091285289	1.0	1.0	1.0	0.0224759999301588	0.08079050235165469	1.0	0.008887108424929638	0.028302916785980604	0.06367783784450622	1.0	0.08023913058380978	0.14209220152216756	0.017278154468252305	0.017744348906513746	0.11118811151221127	1.0	0.006626906700094619	1.0	1.0	0.0248041528033081	0.006193052671525282	0.006263038360105815	0.06140090601966835	0.006846077405563827	0.02851708274930365	1.0	0.585786437626905	0.019127426540931244	0.022515213161029484	1.0	0.34833147735478825	0.07141766470480447	1.0	0.008522258892215043
es	1.0	0.009105265813819178	1.0	0.0	1.0	0.008824254174583131	0.02196934579649193	0.008887108424929638	1.0	0.00877578168631805	0.5	1.0	0.0209077616663655	0.026547532368222236	0.10625522466853564	0.12587994950112258	0.017359390707673863	1.0	0.05886683076735693	1.0	1.0	0.008872808380164682	0.04964829545391707	0.051330351478702005	0.012371047293717444	0.061652775065617955	0.009023620563047036	1.0	1.0	0.009356662701509269	0.08209341644495224	1.0	0.38742588672279304	0.011405538801209338	1.0	0.03564893659106146
fr	1.0	0.011308842231469341	1.0	1.0	0.585786437626905	0.02736511012360087	0.08170627667911483	0.028302916785980604	0.00877578168631805	1.0	0.09682041219128235	1.0	0.0819983681025004	0.1373128516453764	0.018953747932028715	0.019419053834365988	0.10755928043164481	1.0	0.002727870722728159	1.0	1.0	0.011836771251741023	0.003358873696036071	0.0026880269596828753	0.0626499275402345	0.004009735585983429	0.011641228447999747	1.0	0.585786437626905	0.011439313929085764	0.021867370029626656	1.0	0.38742588672279304	0.07463745822090226	1.0	0.00892839062047008
he	1.0	0.13079074932337362	1.0	0.0	1.0	0.3164309725825328	0.2639626719759689	0.06367783784450622	0.5	0.09682041219128235	1.0	1.0	0.38742588672279304	1.0	0.3660254037844386	0.5	0.1343715892188287	1.0	0.585786437626905	1.0	1.0	0.16300094558701095	0.5	0.585786437626905	0.1714766622469841	0.5	0.2958163163244893	1.0	1.0	0.4142135623730951	0.585786437626905	1.0	0.5	0.5	1.0	0.5
hi	1.0	1.0	1.0	0.0	1.0	1.0	1.0	1.0	1.0	1.0	1.0	1.0	1.0	1.0	1.0	1.0	1.0	1.0	1.0	1.0	1.0	1.0	1.0	1.0	1.0	1.0	0.0	1.0	1.0	1.0	1.0	1.0	1.0	1.0	1.0	1.0
hu	1.0	0.07828279434581578	1.0	0.0	0.36602540378443865	0.024995672039505326	0.16543853254756913	0.08023913058380978	0.0209077616663655	0.0819983681025004	0.38742588672279304	1.0	1.0	0.16416259059418792	0.03838518224595415	0.030262417098942486	0.08812604082270954	1.0	0.02080721807404078	1.0	1.0	0.063152635804319	0.0202776100710998	0.020831483184887898	0.07448009058518541	0.02057288656051819	0.04284648815606428	1.0	1.0	0.021668248482112736	0.036337326436870515	1.0	0.5	0.07284269220232416	1.0	0.02006766309394891
id	1.0	0.14491747777400557	1.0	0.0	1.0	0.028314042591329133	0.19437175073651228	0.14209220152216756	0.026547532368222236	0.1373128516453764	1.0	1.0	0.16416259059418792	1.0	0.05387069415803724	0.035110419403590595	0.15434102237094285	1.0	0.026398063058171824	1.0	1.0	0.0849606684009688	0.025886542225257568	0.026444468051584014	0.13578300958083342	0.030113141169945776	0.042199875708426066	0.585786437626905	1.0	0.026653369904757408	0.041157765275815966	1.0	0.3380788308512194	0.07975653970659463	0.585786437626905	0.02650945887102779
it	1.0	0.019055363340289476	1.0	0.0	0.585786437626905	0.026175784388955212	0.04573443172477916	0.017278154468252305	0.10625522466853564	0.018953747932028715	0.3660254037844386	1.0	0.03838518224595415	0.05387069415803724	1.0	0.14016114033363652	0.03485645486595023	1.0	0.06908818313135164	1.0	1.0	0.01834323755189222	0.04452505709221966	0.046185373508962124	0.032554345502492504	0.046700075463667653	0.02623055426442558	1.0	1.0	0.0387197633615413	0.15475109373611493	1.0	0.3333333333333333	0.03130587356206864	1.0	0.08016282896968625
ja	1.0	0.02078338724400459	1.0	1.0	1.0	0.03910511921384328	0.03705175326327949	0.017744348906513746	0.12587994950112258	0.019419053834365988	0.5	1.0	0.030262417098942486	0.035110419403590595	0.14016114033363652	1.0	0.02847906391579869	1.0	0.1065078323283785	1.0	1.0	0.02036982326837829	0.07871102875529136	0.07775869629907971	0.027856085651827248	0.079622360328933	0.027096938816780918	1.0	1.0	0.07325346979298361	0.10733249514263792	1.0	0.4142135623730951	0.028022063666041333	1.0	0.09217560210204276
ko	1.0	0.1055788087991432	1.0	0.0	0.39564392373896007	0.02188292167496256	0.15028478101740755	0.11118811151221127	0.017359390707673863	0.10755928043164481	0.1343715892188287	1.0	0.08812604082270954	0.15434102237094285	0.03485645486595023	0.02847906391579869	1.0	1.0	0.017734498379824732	1.0	1.0	0.08508358766481418	0.0168535291502308	0.016656313202191707	0.092405040988499	0.020155646763265603	0.04168815545963205	1.0	1.0	0.018181226505003565	0.03776290177696578	1.0	0.44948974278317805	0.10465735111017178	1.0	0.016692344912298637
lv	1.0	1.0	1.0	0.0	1.0	1.0	1.0	1.0	1.0	1.0	1.0	1.0	1.0	1.0	1.0	1.0	1.0	1.0	1.0	1.0	1.0	1.0	1.0	1.0	1.0	1.0	0.0	1.0	1.0	1.0	1.0	1.0	1.0	1.0	1.0	1.0
mk	1.0	0.0016357370886998094	1.0	1.0	1.0	0.003710548584319717	0.018392570550398085	0.006626906700094619	0.05886683076735693	0.002727870722728159	0.585786437626905	1.0	0.02080721807404078	0.026398063058171824	0.06908818313135164	0.1065078323283785	0.017734498379824732	1.0	1.0	1.0	1.0	0.0016753620887676075	0.001914399201795183	0.00412924062501563	0.011995144660725321	0.0016779002217721317	0.0021727723653568107	1.0	1.0	0.0016335082875533595	0.0566173712539469	1.0	1.0	0.010226969183722345	1.0	0.0028074312410564786
ml	1.0	1.0	1.0	0.0	1.0	1.0	1.0	1.0	1.0	1.0	1.0	1.0	1.0	1.0	1.0	1.0	1.0	1.0	1.0	1.0	1.0	1.0	1.0	1.0	1.0	1.0	0.0	1.0	1.0	1.0	1.0	1.0	1.0	1.0	1.0	1.0
mr	1.0	1.0	0.0	1.0	1.0	1.0	1.0	1.0	1.0	1.0	1.0	1.0	1.0	1.0	1.0	1.0	1.0	1.0	1.0	1.0	1.0	1.0	0.585786437626905	1.0	1.0	1.0	1.0	1.0	1.0	1.0	1.0	1.0	1.0	1.0	1.0	1.0
nl	1.0	0.015848082128214373	1.0	1.0	1.0	0.019380221375594257	0.07403820654822649	0.0248041528033081	0.008872808380164682	0.011836771251741023	0.16300094558701095	1.0	0.063152635804319	0.0849606684009688	0.01834323755189222	0.02036982326837829	0.08508358766481418	1.0	0.0016753620887676075	1.0	1.0	1.0	0.00298459538942751	0.0019229241500866778	0.060460798804514417	0.004668034697138621	0.01045227115833167	1.0	1.0	0.014607791740852617	0.020128484664433136	1.0	0.30552726787943424	0.05759127752763478	1.0	0.009363460407710317
pl	1.0	0.0029416303306125605	1.0	1.0	1.0	0.003656768671356845	0.018399733797613546	0.006193052671525282	0.04964829545391707	0.003358873696036071	0.5	1.0	0.0202776100710998	0.025886542225257568	0.04452505709221966	0.07871102875529136	0.0168535291502308	1.0	0.001914399201795183	1.0	0.585786437626905	0.00298459538942751	1.0	0.001973401907041797	0.011805995838210659	0.002546269125479293	0.0030270020454981816	1.0	1.0	0.0029169684797335743	0.04413311159871851	1.0	0.4142135623730951	0.009986035695784275	0.585786437626905	0.0029278101686239827
pt	1.0	0.0018891964865263764	1.0	1.0	1.0	0.0036016059850760935	0.01864006737998026	0.006263038360105815	0.051330351478702005	0.0026880269596828753	0.585786437626905	1.0	0.020831483184887898	0.026444468051584014	0.046185373508962124	0.07775869629907971	0.016656313202191707	1.0	0.00412924062501563	1.0	1.0	0.0019229241500866778	0.001973401907041797	1.0	0.011909781999856846	0.001837740678524979	0.0023409660963530413	1.0	1.0	0.001882284936719237	0.047571615178171565	1.0	0.2928060946961875	0.01006984095866469	1.0	0.002816504066736896
ro	1.0	0.052894439995851444	1.0	0.0	0.39564392373896007	0.021419365387676102	0.09477869720877138	0.06140090601966835	0.012371047293717444	0.0626499275402345	0.1714766622469841	1.0	0.07448009058518541	0.13578300958083342	0.032554345502492504	0.027856085651827248	0.092405040988499	1.0	0.011995144660725321	1.0	1.0	0.060460798804514417	0.011805995838210659	0.011909781999856846	1.0	0.01479212805041254	0.0438875196572659	0.585786437626905	0.44948974278317805	0.018361424846494116	0.03307992374278068	1.0	0.585786437626905	0.06228495262298691	1.0	0.011849554677989975
ru	1.0	0.004577570263669363	1.0	1.0	1.0	0.004041653620528204	0.02138863611655569	0.006846077405563827	0.061652775065617955	0.004009735585983429	0.5	1.0	0.02057288656051819	0.030113141169945776	0.046700075463667653	0.079622360328933	0.020155646763265603	1.0	0.0016779002217721317	1.0	1.0	0.004668034697138621	0.002546269125479293	0.001837740678524979	0.01479212805041254	1.0	0.0038051952879312907	1.0	1.0	0.004477705893232639	0.043792847665232205	1.0	0.38742588672279304	0.012368863129070717	1.0	0.0036008899016271296
sh	1.0	0.009948864489415973	1.0	1.0	1.0	0.023196751694557045	0.04388305192189659	0.02851708274930365	0.009023620563047036	0.011641228447999747	0.2958163163244893	0.0	0.04284648815606428	0.042199875708426066	0.02623055426442558	0.027096938816780918	0.04168815545963205	0.0	0.0021727723653568107	0.0	1.0	0.01045227115833167	0.0030270020454981816	0.0023409660963530413	0.0438875196572659	0.0038051952879312907	1.0	0.5	1.0	0.009760847005988543	0.02303157447850509	1.0	0.3430703308172536	0.04187650734150945	0.585786437626905	0.008902008805099218
si	1.0	1.0	1.0	1.0	1.0	1.0	1.0	1.0	1.0	1.0	1.0	1.0	1.0	0.585786437626905	1.0	1.0	1.0	1.0	1.0	1.0	1.0	1.0	1.0	1.0	0.585786437626905	1.0	0.5	1.0	1.0	1.0	0.585786437626905	1.0	1.0	1.0	1.0	1.0
simple	1.0	0.585786437626905	1.0	0.0	1.0	1.0	1.0	0.585786437626905	1.0	0.585786437626905	1.0	1.0	1.0	1.0	1.0	1.0	1.0	1.0	1.0	1.0	1.0	1.0	1.0	1.0	0.44948974278317805	1.0	1.0	1.0	1.0	1.0	1.0	1.0	0.36602540378443865	1.0	1.0	1.0
sr	1.0	0.01006175490941787	1.0	1.0	1.0	0.02014685447649399	0.02006607768852224	0.019127426540931244	0.009356662701509269	0.011439313929085764	0.4142135623730951	1.0	0.021668248482112736	0.026653369904757408	0.0387197633615413	0.07325346979298361	0.018181226505003565	1.0	0.0016335082875533595	1.0	1.0	0.014607791740852617	0.0029169684797335743	0.001882284936719237	0.018361424846494116	0.004477705893232639	0.009760847005988543	1.0	1.0	1.0	0.04878100003886653	1.0	0.585786437626905	0.0202741694426062	1.0	0.00931296192611549
sv	1.0	0.020911732462986467	1.0	1.0	1.0	0.036273887069017	0.036740384986936984	0.022515213161029484	0.08209341644495224	0.021867370029626656	0.585786437626905	1.0	0.036337326436870515	0.041157765275815966	0.15475109373611493	0.10733249514263792	0.03776290177696578	1.0	0.0566173712539469	1.0	1.0	0.020128484664433136	0.04413311159871851	0.047571615178171565	0.03307992374278068	0.043792847665232205	0.02303157447850509	0.585786437626905	1.0	0.04878100003886653	1.0	1.0	0.4142135623730951	0.03543701879773772	0.585786437626905	0.049432075719230806
te	1.0	1.0	0.0	1.0	1.0	1.0	1.0	1.0	1.0	1.0	1.0	1.0	1.0	1.0	1.0	1.0	1.0	1.0	1.0	1.0	1.0	1.0	1.0	1.0	1.0	1.0	1.0	1.0	1.0	1.0	1.0	1.0	1.0	1.0	1.0	1.0
tr	1.0	0.5	-1.0	1.0	0.585786437626905	0.4142135623730951	1.0	0.34833147735478825	0.38742588672279304	0.38742588672279304	0.5	1.0	0.5	0.3380788308512194	0.3333333333333333	0.4142135623730951	0.44948974278317805	1.0	1.0	1.0	1.0	0.30552726787943424	0.4142135623730951	0.2928060946961875	0.585786437626905	0.38742588672279304	0.3430703308172536	1.0	0.36602540378443865	0.585786437626905	0.4142135623730951	1.0	1.0	1.0	1.0	0.4142135623730951
vi	1.0	0.05313399136857222	1.0	0.0	0.585786437626905	0.02291486722793928	0.06892485212538207	0.07141766470480447	0.011405538801209338	0.07463745822090226	0.5	1.0	0.07284269220232416	0.07975653970659463	0.03130587356206864	0.028022063666041333	0.10465735111017178	1.0	0.010226969183722345	1.0	1.0	0.05759127752763478	0.009986035695784275	0.01006984095866469	0.06228495262298691	0.012368863129070717	0.04187650734150945	1.0	1.0	0.0202741694426062	0.03543701879773772	1.0	1.0	1.0	1.0	0.010723779865442151
war	1.0	1.0	1.0	1.0	1.0	1.0	1.0	1.0	1.0	1.0	1.0	1.0	1.0	0.585786437626905	1.0	1.0	1.0	1.0	1.0	1.0	1.0	1.0	0.585786437626905	1.0	1.0	1.0	0.585786437626905	1.0	1.0	1.0	0.585786437626905	1.0	1.0	1.0	1.0	1.0
zh	1.0	0.00950111679498212	1.0	1.0	1.0	0.006899679427630322	0.020271316182056524	0.008522258892215043	0.03564893659106146	0.00892839062047008	0.5	1.0	0.02006766309394891	0.02650945887102779	0.08016282896968625	0.09217560210204276	0.016692344912298637	1.0	0.0028074312410564786	1.0	1.0	0.009363460407710317	0.0029278101686239827	0.002816504066736896	0.011849554677989975	0.0036008899016271296	0.008902008805099218	1.0	1.0	0.00931296192611549	0.049432075719230806	1.0	0.4142135623730951	0.010723779865442151	1.0	1.0
