arz	bs	ceb	ckb	da	de	el	en	es	fr	he	hi	hu	id	it	ja	ko	lv	mk	ml	mr	nl	pl	pt	ro	ru	sh	si	simple	sr	sv	te	vi	war	zh
arz	1.0	1.0	0.0	0.0	1.0	1.0	1.0	0.7584325078215763	1.0	0.0	1.0	0.0	1.0	1.0	1.0	0.6983438190355966	1.0	1.0	1.0	0.0	0.0	0.7690990303325336	1.0	1.0	0.5480953166963739	1.0	1.0	0.0	1.0	1.0	1.0	0.0	1.0	0.0	0.7584325078215763
bs	1.0	1.0	0.5621607075923645	0.4695960115558277	0.3745978204452039	0.3745978204452039	0.4805954866802148	0.3710823004030209	0.3745978204452039	0.3275606871218209	0.3850161619435373	0.400553159053881	0.3757794517180615	0.3714880893774869	0.3745978204452039	0.3745978204452039	0.3745978204452039	0.38893058726134083	0.4100224906965569	0.4576444201675777	0.5020797777427737	0.3745978204452039	0.3805646746268661	0.3745978204452039	0.36176083280921606	0.3745978204452039	0.4356835548552988	1.0	0.38083995116727304	0.3715627441055895	0.3745978204452039	1.0	0.3745978204452039	0.4695960115558277	0.3745978204452039
ceb	0.0	0.5621607075923645	1.0	0.7863954451402115	0.7863954451402115	0.7863954451402115	0.8216064286890065	0.7863954451402115	0.7863954451402115	0.7863954451402115	0.8216064286890065	0.8216064286890065	0.7863954451402115	0.7863954451402115	0.7863954451402115	0.7863954451402115	0.7863954451402115	0.7863954451402115	0.7863954451402115	0.8216064286890065	0.8216064286890065	0.7863954451402115	0.7863954451402115	0.7863954451402115	0.7863954451402115	0.7863954451402115	0.7863954451402115	0.0	0.7863954451402115	0.6851283529839967	0.7863954451402115	1.0	0.7863954451402115	0.8216064286890065	0.7863954451402115
ckb	0.0	0.4695960115558277	0.7863954451402115	1.0	1.0	1.0	1.0	0.7584325078215763	1.0	0.4493075654568811	1.0	1.0	1.0	1.0	1.0	1.0	1.0	1.0	1.0	1.0	1.0	1.0	1.0	1.0	1.0	1.0	1.0	0.0	1.0	0.6571702826516209	1.0	1.0	1.0	1.0	1.0
da	1.0	0.3745978204452039	0.7863954451402115	1.0	1.0	0.4276744063741548	0.7411828468492555	0.40882489433342983	0.3608696591139065	0.32249400462197014	0.585120930900478	0.7347168825662658	0.5634660285948183	0.4979566139498202	0.464161997945564	0.4974570671603919	0.5956958091466629	1.0	0.7455134344225701	0.7411828468492555	0.7690990303325336	0.32783711260901727	0.43609354119620186	0.4481534748834871	0.4810292372030891	0.463382569732847	0.6144532717435798	1.0	0.48365729556852244	0.5040771132125297	0.4742708941013753	1.0	0.6638546162332061	1.0	0.4944713387230296
de	1.0	0.3745978204452039	0.7863954451402115	1.0	0.4276744063741548	1.0	1.0	0.24762026316677216	0.3028932811074849	0.27256914870797594	1.0	1.0	0.41141988276257063	0.4084693312782877	0.22150770972924533	0.38210967335531953	0.7128329397683224	1.0	1.0	0.7322034805959263	1.0	0.38648815017120136	0.36820610571014645	0.32485265328417884	0.5940353521915649	0.3378959098948188	0.3588356071092152	1.0	0.4992538718740368	0.5403070277419454	0.360029658081823	1.0	0.508285973900967	1.0	0.41861025207615693
el	1.0	0.4805954866802148	0.8216064286890065	1.0	0.7411828468492555	1.0	1.0	0.5490104195333285	0.41055547717987523	0.41055547717987523	1.0	1.0	1.0	0.7130366778869269	1.0	1.0	1.0	1.0	1.0	1.0	1.0	1.0	0.7411828468492555	1.0	1.0	1.0	1.0	0.0	1.0	0.6391906500312812	0.7411828468492556	1.0	1.0	1.0	1.0
en	0.7584325078215763	0.3710823004030209	0.7863954451402115	0.7584325078215763	0.40882489433342983	0.24762026316677216	0.5490104195333285	1.0	0.19039790289207875	0.18372533511526354	0.45816237513947267	0.7004462574133484	0.4163076197600277	0.3270802922032163	0.16871535006520744	0.30353124324600506	0.25542036531482487	0.6786291688147437	1.0	0.6740515375688696	0.7584325078215763	0.25784937422777854	0.3105026727118721	0.24378306985775433	0.4466230398748771	0.21144103317765706	0.2411594872667558	1.0	0.4962491969255108	0.23129333938745886	0.3005572750636634	1.0	0.17134511379514908	0.7690990303325336	0.3332219801127641
es	1.0	0.3745978204452039	0.7863954451402115	1.0	0.3608696591139065	0.3028932811074849	0.41055547717987523	0.19039790289207875	1.0	0.2496364136165105	0.37731033289228555	0.4053700319872855	0.3619511737814478	0.37972989595193923	0.226378022717845	0.36356524440850324	0.3725339152553279	1.0	0.42489828324440826	0.41055547717987523	0.44930756545688116	0.2980055741563312	0.32548936809097995	0.34854265421238995	0.3737871542753093	0.35838767844668046	0.6351230907290178	1.0	0.35839294647511205	0.34330257531922265	0.35086752501028534	0.4493075654568811	0.3158562637489767	1.0	0.36356524440850335
fr	0.0	0.3275606871218209	0.7863954451402115	0.4493075654568811	0.32249400462197014	0.27256914870797594	0.41055547717987523	0.18372533511526354	0.2496364136165105	1.0	0.37648229574047937	0.4010555046174902	0.3652918729618234	0.3330645727571903	0.2083133304613523	0.3435890399519549	0.3649747343286023	0.4076738337198827	0.74551343442257	0.4053700319872855	0.4493075654568811	0.3015860092397609	0.27522628018121126	0.2749762263340843	0.38255811498770237	0.2896412347572568	0.2905236084297943	1.0	0.3944914898432557	0.32203049708669274	0.3379683126834035	1.0	0.31745650505078965	0.46959601155582775	0.29559055955980496
he	1.0	0.3850161619435373	0.8216064286890065	1.0	0.585120930900478	1.0	1.0	0.45816237513947267	0.37731033289228555	0.37648229574047937	1.0	1.0	1.0	0.6338535089400197	0.37778871453768426	1.0	1.0	1.0	1.0	1.0	1.0	1.0	0.6501445840862392	0.6516104242389319	0.7248485669756152	1.0	1.0	1.0	0.7300208629885034	0.6144532717435797	0.6122131884607098	1.0	0.7210092110599264	1.0	1.0
hi	0.0	0.400553159053881	0.8216064286890065	1.0	0.7347168825662658	1.0	1.0	0.7004462574133484	0.4053700319872855	0.4010555046174902	1.0	1.0	1.0	0.6413656761191805	1.0	1.0	1.0	1.0	1.0	1.0	1.0	1.0	1.0	1.0	1.0	1.0	1.0	1.0	0.7411828468492556	0.7411828468492556	0.7322034805959264	1.0	1.0	1.0	1.0
hu	1.0	0.3757794517180615	0.7863954451402115	1.0	0.5634660285948183	0.41141988276257063	1.0	0.4163076197600277	0.3619511737814478	0.3652918729618234	1.0	1.0	1.0	0.6140268203477359	0.465398931680773	1.0	1.0	1.0	1.0	1.0	1.0	0.6357464214812706	0.4958863915390922	0.5921593538295752	0.7248485669756152	0.7171176902274349	1.0	1.0	0.590450634789213	0.7263875964832448	0.5921593538295751	1.0	0.6532002319725719	1.0	0.7155258672934656
id	1.0	0.3714880893774869	0.7863954451402115	1.0	0.4979566139498202	0.4084693312782877	0.7130366778869269	0.3270802922032163	0.37972989595193923	0.3330645727571903	0.6338535089400197	0.6413656761191805	0.6140268203477359	1.0	0.384423145066426	0.4861276295607746	0.5916043996939986	0.7376607345031153	1.0	0.7086478731641332	1.0	0.33718393392806567	0.45330658101915805	0.5151577221738095	0.5801831401349752	0.5208810962958919	0.6168816456971772	1.0	0.5108415762093738	0.5499848233029787	0.47780502417655046	1.0	0.5322918312221008	0.7690990303325336	0.49081653510111667
it	1.0	0.3745978204452039	0.7863954451402115	1.0	0.464161997945564	0.22150770972924533	1.0	0.16871535006520744	0.226378022717845	0.2083133304613523	0.37778871453768426	1.0	0.465398931680773	0.384423145066426	1.0	0.2726137106564321	0.4764126141271455	0.7347168825662656	1.0	1.0	1.0	0.23249956694398102	0.2418359667481405	0.25200876531688504	0.7189258117174852	0.27750656194398027	0.33065299536716075	1.0	0.2913886211599464	0.41686383988981773	0.26339611273284064	1.0	0.4236495613416817	1.0	0.41136653368500226
ja	0.6983438190355966	0.3745978204452039	0.7863954451402115	1.0	0.4974570671603919	0.38210967335531953	1.0	0.30353124324600506	0.36356524440850324	0.3435890399519549	1.0	1.0	1.0	0.4861276295607746	0.2726137106564321	1.0	1.0	1.0	1.0	1.0	1.0	0.3543776098997901	0.4981539234599152	0.49410827097605187	0.7199285383279772	1.0	0.6721406984335726	1.0	0.5828763145002701	0.5220796204774834	0.4640908127812973	1.0	0.5297818339613779	1.0	1.0
ko	1.0	0.3745978204452039	0.7863954451402115	1.0	0.5956958091466629	0.7128329397683224	1.0	0.25542036531482487	0.3725339152553279	0.3649747343286023	1.0	1.0	1.0	0.5916043996939986	0.4764126141271455	1.0	1.0	1.0	1.0	1.0	1.0	0.7147973711694583	0.5226807899354995	0.5517260065831702	0.7199285383279772	1.0	1.0	1.0	0.6638546162332061	0.5346892445990679	0.6037638397743439	1.0	0.6067636116293127	1.0	1.0
lv	1.0	0.38893058726134083	0.7863954451402115	1.0	1.0	1.0	1.0	0.6786291688147437	1.0	0.4076738337198827	1.0	1.0	1.0	0.7376607345031153	0.7347168825662656	1.0	1.0	1.0	1.0	1.0	1.0	1.0	0.6786291688147438	1.0	1.0	1.0	1.0	1.0	0.6908587525207898	0.6333404237489202	0.7347168825662656	1.0	1.0	1.0	1.0
mk	1.0	0.4100224906965569	0.7863954451402115	1.0	0.7455134344225701	1.0	1.0	1.0	0.42489828324440826	0.74551343442257	1.0	1.0	1.0	1.0	1.0	1.0	1.0	1.0	1.0	1.0	1.0	1.0	0.6994017365373274	0.74551343442257	1.0	1.0	1.0	0.0	1.0	0.7455134344225701	1.0	1.0	1.0	1.0	1.0
ml	0.0	0.4576444201675777	0.8216064286890065	1.0	0.7411828468492555	0.7322034805959263	1.0	0.6740515375688696	0.41055547717987523	0.4053700319872855	1.0	1.0	1.0	0.7086478731641332	1.0	1.0	1.0	1.0	1.0	1.0	1.0	1.0	0.7376607345031153	1.0	1.0	1.0	1.0	1.0	1.0	0.74551343442257	0.6786291688147437	1.0	1.0	1.0	1.0
mr	0.0	0.5020797777427737	0.8216064286890065	1.0	0.7690990303325336	1.0	1.0	0.7584325078215763	0.44930756545688116	0.4493075654568811	1.0	1.0	1.0	1.0	1.0	1.0	1.0	1.0	1.0	1.0	1.0	1.0	1.0	1.0	1.0	1.0	1.0	0.0	1.0	0.7690990303325336	1.0	1.0	1.0	1.0	1.0
nl	0.7690990303325336	0.3745978204452039	0.7863954451402115	1.0	0.32783711260901727	0.38648815017120136	1.0	0.25784937422777854	0.2980055741563312	0.3015860092397609	1.0	1.0	0.6357464214812706	0.33718393392806567	0.23249956694398102	0.3543776098997901	0.7147973711694583	1.0	1.0	1.0	1.0	1.0	0.46101745998290916	0.3508663526434357	0.7210092110599263	0.35296582097383755	0.3713900768550146	1.0	0.5444816937061564	0.35844776451356186	0.4744856534278663	1.0	0.4576799201014473	1.0	0.3634251613466013
pl	1.0	0.3805646746268661	0.7863954451402115	1.0	0.43609354119620186	0.36820610571014645	0.7411828468492555	0.3105026727118721	0.32548936809097995	0.27522628018121126	0.6501445840862392	1.0	0.4958863915390922	0.45330658101915805	0.2418359667481405	0.4981539234599152	0.5226807899354995	0.6786291688147438	0.6994017365373274	0.7376607345031153	1.0	0.46101745998290916	1.0	0.37215350990310614	0.5043028062946218	0.5130377540274135	0.531157381164757	1.0	0.4766831172018029	0.4773815512635674	0.4477831983552787	1.0	0.46225595753991305	1.0	0.48133259823289815
pt	1.0	0.3745978204452039	0.7863954451402115	1.0	0.4481534748834871	0.32485265328417884	1.0	0.24378306985775433	0.34854265421238995	0.2749762263340843	0.6516104242389319	1.0	0.5921593538295752	0.5151577221738095	0.25200876531688504	0.49410827097605187	0.5517260065831702	1.0	0.74551343442257	1.0	1.0	0.3508663526434357	0.37215350990310614	1.0	0.6393867611309196	0.46144735615475535	0.6297611505677415	1.0	0.6000128061209578	0.47377214628290937	0.4147490762263847	1.0	0.3969280732523767	1.0	0.5077466381426573
ro	0.5480953166963739	0.36176083280921606	0.7863954451402115	1.0	0.4810292372030891	0.5940353521915649	1.0	0.4466230398748771	0.3737871542753093	0.38255811498770237	0.7248485669756152	1.0	0.7248485669756152	0.5801831401349752	0.7189258117174852	0.7199285383279772	0.7199285383279772	1.0	1.0	1.0	1.0	0.7210092110599263	0.5043028062946218	0.6393867611309196	1.0	0.651610424238932	0.7263875964832449	1.0	0.6701591524560107	0.5693792777034552	0.5598966768396428	1.0	0.7221793916855703	1.0	0.7199285383279772
ru	1.0	0.3745978204452039	0.7863954451402115	1.0	0.463382569732847	0.3378959098948188	1.0	0.21144103317765706	0.35838767844668046	0.2896412347572568	1.0	1.0	0.7171176902274349	0.5208810962958919	0.27750656194398027	1.0	1.0	1.0	1.0	1.0	1.0	0.35296582097383755	0.5130377540274135	0.46144735615475535	0.651610424238932	1.0	0.6721406984335726	1.0	0.5828763145002701	0.5497866820887395	0.49410827097605187	1.0	0.571924162052103	1.0	1.0
sh	1.0	0.4356835548552988	0.7863954451402115	1.0	0.6144532717435798	0.3588356071092152	1.0	0.2411594872667558	0.6351230907290178	0.2905236084297943	1.0	1.0	1.0	0.6168816456971772	0.33065299536716075	0.6721406984335726	1.0	1.0	1.0	1.0	1.0	0.3713900768550146	0.531157381164757	0.6297611505677415	0.7263875964832449	0.6721406984335726	1.0	1.0	0.7300208629885034	0.27495171029197035	0.6632580827839315	1.0	0.5159856259981359	1.0	0.6735331144346389
si	0.0	1.0	0.0	0.0	1.0	1.0	0.0	1.0	1.0	1.0	1.0	1.0	1.0	1.0	1.0	1.0	1.0	1.0	0.0	1.0	0.0	1.0	1.0	1.0	1.0	1.0	1.0	1.0	0.0	1.0	1.0	0.0	1.0	1.0	1.0
simple	1.0	0.38083995116727304	0.7863954451402115	1.0	0.48365729556852244	0.4992538718740368	1.0	0.4962491969255108	0.35839294647511205	0.3944914898432557	0.7300208629885034	0.7411828468492556	0.590450634789213	0.5108415762093738	0.2913886211599464	0.5828763145002701	0.6638546162332061	0.6908587525207898	1.0	1.0	1.0	0.5444816937061564	0.4766831172018029	0.6000128061209578	0.6701591524560107	0.5828763145002701	0.7300208629885034	0.0	1.0	0.5722947504745644	0.5659831871433751	1.0	0.5936597225568959	1.0	0.5828763145002701
sr	1.0	0.3715627441055895	0.6851283529839967	0.6571702826516209	0.5040771132125297	0.5403070277419454	0.6391906500312812	0.23129333938745886	0.34330257531922265	0.32203049708669274	0.6144532717435797	0.7411828468492556	0.7263875964832448	0.5499848233029787	0.41686383988981773	0.5220796204774834	0.5346892445990679	0.6333404237489202	0.7455134344225701	0.74551343442257	0.7690990303325336	0.35844776451356186	0.4773815512635674	0.47377214628290937	0.5693792777034552	0.5497866820887395	0.27495171029197035	1.0	0.5722947504745644	1.0	0.5355814356232408	1.0	0.42123007110474503	0.7690990303325336	0.5995429945325681
sv	1.0	0.3745978204452039	0.7863954451402115	1.0	0.4742708941013753	0.360029658081823	0.7411828468492556	0.3005572750636634	0.35086752501028534	0.3379683126834035	0.6122131884607098	0.7322034805959264	0.5921593538295751	0.47780502417655046	0.26339611273284064	0.4640908127812973	0.6037638397743439	0.7347168825662656	1.0	0.6786291688147437	1.0	0.4744856534278663	0.4477831983552787	0.4147490762263847	0.5598966768396428	0.49410827097605187	0.6632580827839315	1.0	0.5659831871433751	0.5355814356232408	1.0	0.7690990303325336	0.48962030508450455	1.0	0.5246355735294805
te	0.0	1.0	1.0	1.0	1.0	1.0	1.0	1.0	0.4493075654568811	1.0	1.0	1.0	1.0	1.0	1.0	1.0	1.0	1.0	1.0	1.0	1.0	1.0	1.0	1.0	1.0	1.0	1.0	0.0	1.0	1.0	0.7690990303325336	1.0	1.0	1.0	1.0
vi	1.0	0.3745978204452039	0.7863954451402115	1.0	0.6638546162332061	0.508285973900967	1.0	0.17134511379514908	0.3158562637489767	0.31745650505078965	0.7210092110599264	1.0	0.6532002319725719	0.5322918312221008	0.4236495613416817	0.5297818339613779	0.6067636116293127	1.0	1.0	1.0	1.0	0.4576799201014473	0.46225595753991305	0.3969280732523767	0.7221793916855703	0.571924162052103	0.5159856259981359	1.0	0.5936597225568959	0.42123007110474503	0.48962030508450455	1.0	1.0	1.0	0.5171758824398858
war	0.0	0.4695960115558277	0.8216064286890065	1.0	1.0	1.0	1.0	0.7690990303325336	1.0	0.46959601155582775	1.0	1.0	1.0	0.7690990303325336	1.0	1.0	1.0	1.0	1.0	1.0	1.0	1.0	1.0	1.0	1.0	1.0	1.0	1.0	1.0	0.7690990303325336	1.0	1.0	1.0	1.0	1.0
zh	0.7584325078215763	0.3745978204452039	0.7863954451402115	1.0	0.4944713387230296	0.41861025207615693	1.0	0.3332219801127641	0.36356524440850335	0.29559055955980496	1.0	1.0	0.7155258672934656	0.49081653510111667	0.41136653368500226	1.0	1.0	1.0	1.0	1.0	1.0	0.3634251613466013	0.48133259823289815	0.5077466381426573	0.7199285383279772	1.0	0.6735331144346389	1.0	0.5828763145002701	0.5995429945325681	0.5246355735294805	1.0	0.5171758824398858	1.0	1.0
