arz	bs	ceb	ckb	da	de	el	en	es	fr	he	hi	hu	id	it	ja	ko	lv	mk	ml	mr	nl	pl	pt	ro	ru	sh	si	simple	sr	sv	te	vi	war	zh
arz	1.0	1.0	0.0	0.0	1.0	1.0	1.0	0.7584325078215763	1.0	0.0	1.0	0.0	1.0	1.0	1.0	1.0	1.0	1.0	1.0	0.0	0.0	0.7690990303325336	1.0	1.0	1.0	1.0	1.0	0.0	1.0	1.0	1.0	0.0	1.0	0.0	0.7584325078215763
bs	1.0	1.0	0.4787496259578498	0.8428085291297184	0.4241135729928352	0.4241135729928352	0.7690990303325336	0.4211580328302883	0.4241135729928352	0.42965337105335377	0.42975434618943076	0.44887650664214024	0.6189631788295555	0.40647477770363666	0.4241135729928352	0.4241135729928352	0.4241135729928352	0.7509111017040236	0.7105872722972744	0.72653347084664	0.7863954451402115	0.4241135729928352	0.4241135729928352	0.42426939445154305	0.40660476451469196	0.4241135729928352	0.43501065410201656	1.0	0.6193149353922696	0.40611383366132514	0.41334930209871124	1.0	0.4211580328302883	0.7509407156957146	0.4241135729928352
ceb	0.0	0.4787496259578498	1.0	0.4652282572823628	0.4652282572823628	0.4652282572823628	1.0	0.4652282572823628	0.4652282572823628	0.4652282572823628	1.0	1.0	0.4652282572823628	0.4652282572823628	0.4652282572823628	0.4652282572823628	0.4652282572823628	0.4652282572823628	0.4652282572823628	1.0	1.0	0.4652282572823628	0.4652282572823628	0.4652282572823628	0.4652282572823628	0.4652282572823628	0.4652282572823628	0.0	0.4652282572823628	0.4652282572823628	0.44168900485867363	1.0	0.4652282572823628	1.0	0.4652282572823628
ckb	0.0	0.8428085291297184	0.4652282572823628	1.0	1.0	1.0	1.0	1.0	1.0	1.0	1.0	1.0	1.0	1.0	1.0	1.0	1.0	1.0	1.0	1.0	1.0	1.0	1.0	0.7584325078215763	1.0	1.0	0.7584325078215765	0.0	1.0	1.0	0.7584325078215765	1.0	1.0	1.0	1.0
da	1.0	0.4241135729928352	0.4652282572823628	1.0	1.0	0.4048219360488052	0.7411828468492555	0.3078509968873806	0.43754020173186275	0.4095257144212263	0.6589257440209708	0.7347168825662656	0.6273097158089656	0.4927544599797875	0.41540463696677116	0.5622861214779106	0.4564812663973366	0.7376607345031153	1.0	0.7411828468492556	1.0	0.423261304513348	0.3991634320639785	0.43240542805818283	0.500297038905341	0.4326154781541147	0.5520732951241258	1.0	0.6499913553099703	0.5386847582102406	0.40721575929171594	0.7863954451402115	0.3110921812297317	1.0	0.5430185105327116
de	1.0	0.4241135729928352	0.4652282572823628	1.0	0.4048219360488052	1.0	1.0	0.18753118711986058	0.4306174233762409	0.2733961917983909	0.7171176902274347	1.0	0.59049000347534	0.49041759544760316	0.2893693615232136	0.5574091546057278	1.0	1.0	1.0	1.0	1.0	0.45104265746028693	0.39647690283367587	0.453744515054934	0.7179915061657697	0.4735765565483704	0.5279947697054185	1.0	0.6532002319725719	0.49309839197780636	0.3945587792742946	1.0	0.2820612967265402	1.0	0.4917485122346374
el	1.0	0.7690990303325336	1.0	1.0	0.7411828468492555	1.0	1.0	0.7347168825662656	0.7376607345031153	1.0	1.0	1.0	0.7455134344225701	1.0	0.7376607345031153	1.0	1.0	1.0	1.0	1.0	1.0	1.0	1.0	0.6908587525207898	1.0	1.0	1.0	0.0	1.0	0.7455134344225701	0.7411828468492555	1.0	1.0	1.0	1.0
en	0.7584325078215763	0.4211580328302883	0.4652282572823628	1.0	0.3078509968873806	0.18753118711986058	0.7347168825662656	1.0	0.2062263067372745	0.19688291022466084	0.2960098705311361	0.6701591524560107	0.3467938902811082	0.25885568798534647	0.21546843294446866	0.30263317700491055	0.29910785662126965	0.7347168825662656	0.7455134344225701	0.7322034805959264	0.44930756545688116	0.24488831100535485	0.27515207906086464	0.2160548063291765	0.504154115611086	0.27644876958835474	0.32643153919602097	1.0	0.48593842525693043	0.2908738690924835	0.26212792149756786	0.4493075654568811	0.19440695323016546	1.0	0.2835659658111197
es	1.0	0.4241135729928352	0.4652282572823628	1.0	0.43754020173186275	0.4306174233762409	0.7376607345031153	0.2062263067372745	1.0	0.3030773774635096	0.764516372081215	1.0	0.5913014301053446	0.30469076999916234	0.37788703827336534	0.5337798233807093	0.666341826352513	1.0	1.0	1.0	1.0	0.6278995011958853	0.40279065729962543	0.44770570172452107	0.6069108615366312	0.6113619035396677	0.6024121817672693	1.0	0.6549329476340925	0.5354795154277564	0.44384124895797683	1.0	0.26088862394506523	1.0	0.605993311107337
fr	0.0	0.42965337105335377	0.4652282572823628	1.0	0.4095257144212263	0.2733961917983909	1.0	0.19688291022466084	0.3030773774635096	1.0	1.0	0.7322034805959263	0.6165367530432769	0.29811481839539883	0.28277369675957015	0.4561503202891232	0.6414463581614512	1.0	1.0	1.0	1.0	0.3882700246967314	0.3487189157000546	0.40309985307127216	0.7210092110599264	0.36728536088976926	0.4502947428424265	1.0	0.5973524767815628	0.48385114273631036	0.40070144671088864	1.0	0.2777648526523142	1.0	0.39882550149263507
he	1.0	0.42975434618943076	1.0	1.0	0.6589257440209708	0.7171176902274347	1.0	0.2960098705311361	0.764516372081215	1.0	1.0	1.0	0.7248485669756152	0.6221982196391784	0.7179915061657698	1.0	1.0	1.0	1.0	1.0	1.0	1.0	0.7179915061657697	0.651610424238932	0.7248485669756152	1.0	0.7322034805959264	1.0	0.7300208629885034	0.6638546162332061	0.651610424238932	1.0	0.30366656725366203	1.0	1.0
hi	0.0	0.44887650664214024	1.0	1.0	0.7347168825662656	1.0	1.0	0.6701591524560107	1.0	0.7322034805959263	1.0	1.0	1.0	0.7322034805959264	0.7300208629885034	1.0	1.0	1.0	1.0	1.0	1.0	1.0	1.0	0.6740515375688696	1.0	1.0	1.0	1.0	1.0	0.7411828468492556	0.7322034805959264	1.0	1.0	1.0	1.0
hu	1.0	0.6189631788295555	0.4652282572823628	1.0	0.6273097158089656	0.59049000347534	0.7455134344225701	0.3467938902811082	0.5913014301053446	0.6165367530432769	0.7248485669756152	1.0	1.0	0.658239968881514	0.5495453462462169	0.6475250169846578	0.651610424238932	0.7411828468492555	0.7455134344225701	0.7376607345031153	1.0	0.5902137392623067	0.6288916957405414	0.5776321417328004	0.6015200458244364	0.6487871090048528	1.0	1.0	0.6024430681058949	0.6037841836404227	0.5566555729386353	1.0	0.2946997829279538	1.0	0.6463474082678704
id	1.0	0.40647477770363666	0.4652282572823628	1.0	0.4927544599797875	0.49041759544760316	1.0	0.25885568798534647	0.30469076999916234	0.29811481839539883	0.6221982196391784	0.7322034805959264	0.658239968881514	1.0	0.2987844465011189	0.4919752725967031	0.32354475777178343	0.7376607345031153	1.0	0.6841174893561722	1.0	0.49443611937593457	0.48807069307817813	0.31438065199539744	0.600847365589613	0.31475948712702606	0.5721026715027374	1.0	0.6024430681058948	0.5403016619161376	0.4707169753361673	1.0	0.46514328284439677	0.7690990303325336	0.48920524418824046
it	1.0	0.4241135729928352	0.4652282572823628	1.0	0.41540463696677116	0.2893693615232136	0.7376607345031153	0.21546843294446866	0.37788703827336534	0.28277369675957015	0.7179915061657698	0.7300208629885034	0.5495453462462169	0.2987844465011189	1.0	0.4254430335730721	0.5129633946471732	1.0	1.0	0.7322034805959263	0.7584325078215763	0.37936460925646	0.32515212047096925	0.41547655950890217	0.5950659482376811	0.4010113894719811	0.524272358525865	1.0	0.5973524767815627	0.4090176626661708	0.35955942349105896	1.0	0.28018812529620873	1.0	0.42017824274959276
ja	1.0	0.4241135729928352	0.4652282572823628	1.0	0.5622861214779106	0.5574091546057278	1.0	0.30263317700491055	0.5337798233807093	0.4561503202891232	1.0	1.0	0.6475250169846578	0.4919752725967031	0.4254430335730721	1.0	1.0	1.0	1.0	1.0	1.0	0.7091953875376782	0.574399484108173	0.5497865755389757	0.7199285383279772	1.0	0.7155258672934656	1.0	0.7221793916855703	0.5110763276649515	0.5513793617911535	1.0	0.2845404200479555	1.0	1.0
ko	1.0	0.4241135729928352	0.4652282572823628	1.0	0.4564812663973366	1.0	1.0	0.29910785662126965	0.666341826352513	0.6414463581614512	1.0	1.0	0.651610424238932	0.32354475777178343	0.5129633946471732	1.0	1.0	1.0	1.0	1.0	1.0	1.0	0.5083147452865999	0.5842884356596664	0.7199285383279772	1.0	0.7210092110599263	1.0	0.7263875964832449	0.6568318202362041	0.6452450558286368	1.0	0.7162976956558116	1.0	1.0
lv	1.0	0.7509111017040236	0.4652282572823628	1.0	0.7376607345031153	1.0	1.0	0.7347168825662656	1.0	1.0	1.0	1.0	0.7411828468492555	0.7376607345031153	1.0	1.0	1.0	1.0	1.0	1.0	1.0	1.0	0.7347168825662656	0.7347168825662656	1.0	1.0	0.7411828468492556	1.0	1.0	1.0	0.7347168825662658	1.0	0.7411828468492556	1.0	1.0
mk	1.0	0.7105872722972744	0.4652282572823628	1.0	1.0	1.0	1.0	0.7455134344225701	1.0	1.0	1.0	1.0	0.7455134344225701	1.0	1.0	1.0	1.0	1.0	1.0	1.0	1.0	1.0	1.0	1.0	1.0	1.0	1.0	0.0	0.7510341748895937	1.0	0.74551343442257	1.0	0.42995415895150896	1.0	1.0
ml	0.0	0.72653347084664	1.0	1.0	0.7411828468492556	1.0	1.0	0.7322034805959264	1.0	1.0	1.0	1.0	0.7376607345031153	0.6841174893561722	0.7322034805959263	1.0	1.0	1.0	1.0	1.0	1.0	1.0	1.0	0.6841174893561722	1.0	1.0	1.0	1.0	1.0	0.7455134344225701	0.7347168825662658	1.0	1.0	1.0	1.0
mr	0.0	0.7863954451402115	1.0	1.0	1.0	1.0	1.0	0.44930756545688116	1.0	1.0	1.0	1.0	1.0	1.0	0.7584325078215763	1.0	1.0	1.0	1.0	1.0	1.0	1.0	1.0	0.7584325078215763	1.0	1.0	1.0	0.0	1.0	1.0	0.7584325078215765	1.0	1.0	1.0	1.0
nl	0.7690990303325336	0.4241135729928352	0.4652282572823628	1.0	0.423261304513348	0.45104265746028693	1.0	0.24488831100535485	0.6278995011958853	0.3882700246967314	1.0	1.0	0.5902137392623067	0.49443611937593457	0.37936460925646	0.7091953875376782	1.0	1.0	1.0	1.0	1.0	1.0	0.4056185385632663	0.48707358620284075	0.7210092110599264	0.6358400943144777	0.6475250169846578	1.0	0.6568318202362041	0.5111227859918243	0.553929128833732	1.0	0.29089676893054317	1.0	0.6377047307628824
pl	1.0	0.4241135729928352	0.4652282572823628	1.0	0.3991634320639785	0.39647690283367587	1.0	0.27515207906086464	0.40279065729962543	0.3487189157000546	0.7179915061657697	1.0	0.6288916957405414	0.48807069307817813	0.32515212047096925	0.574399484108173	0.5083147452865999	0.7347168825662656	1.0	1.0	1.0	0.4056185385632663	1.0	0.4556247784629825	0.5900405749765117	0.43388379166680086	0.5592226882475393	1.0	0.7221793916855703	0.651610424238932	0.37693046847270595	1.0	0.28535857503554196	1.0	0.5123274810800017
pt	1.0	0.42426939445154305	0.4652282572823628	0.7584325078215763	0.43240542805818283	0.453744515054934	0.6908587525207898	0.2160548063291765	0.44770570172452107	0.40309985307127216	0.651610424238932	0.6740515375688696	0.5776321417328004	0.31438065199539744	0.41547655950890217	0.5497865755389757	0.5842884356596664	0.7347168825662656	1.0	0.6841174893561722	0.7584325078215763	0.48707358620284075	0.4556247784629825	1.0	0.5235327656325124	0.519301118582979	0.47289786298053016	1.0	0.564016412178674	0.46479814202114933	0.45648480658100815	0.7584325078215763	0.2774613820632118	0.7690990303325336	0.5614822091370846
ro	1.0	0.40660476451469196	0.4652282572823628	1.0	0.500297038905341	0.7179915061657697	1.0	0.504154115611086	0.6069108615366312	0.7210092110599264	0.7248485669756152	1.0	0.6015200458244364	0.600847365589613	0.5950659482376811	0.7199285383279772	0.7199285383279772	1.0	1.0	1.0	1.0	0.7210092110599264	0.5900405749765117	0.5235327656325124	1.0	0.7189258117174852	0.5707612888713798	1.0	0.7300208629885035	0.5420786510919647	0.6393867611309196	1.0	0.29753662296659417	1.0	0.7199285383279772
ru	1.0	0.4241135729928352	0.4652282572823628	1.0	0.4326154781541147	0.4735765565483704	1.0	0.27644876958835474	0.6113619035396677	0.36728536088976926	1.0	1.0	0.6487871090048528	0.31475948712702606	0.4010113894719811	1.0	1.0	1.0	1.0	1.0	1.0	0.6358400943144777	0.43388379166680086	0.519301118582979	0.7189258117174852	1.0	0.7155258672934656	1.0	0.7221793916855703	0.5389628049256019	0.5390551157371464	1.0	0.28915889055563115	1.0	1.0
sh	1.0	0.43501065410201656	0.4652282572823628	0.7584325078215765	0.5520732951241258	0.5279947697054185	1.0	0.32643153919602097	0.6024121817672693	0.4502947428424265	0.7322034805959264	1.0	1.0	0.5721026715027374	0.524272358525865	0.7155258672934656	0.7210092110599263	0.7411828468492556	1.0	1.0	1.0	0.6475250169846578	0.5592226882475393	0.47289786298053016	0.5707612888713798	0.7155258672934656	1.0	1.0	0.6070269561668532	0.34009628431312366	0.6115631241151683	1.0	0.6751883943659738	1.0	0.6475250169846577
si	0.0	1.0	0.0	0.0	1.0	1.0	0.0	1.0	1.0	1.0	1.0	1.0	1.0	1.0	1.0	1.0	1.0	1.0	0.0	1.0	0.0	1.0	1.0	1.0	1.0	1.0	1.0	1.0	0.0	1.0	1.0	0.0	1.0	1.0	1.0
simple	1.0	0.6193149353922696	0.4652282572823628	1.0	0.6499913553099703	0.6532002319725719	1.0	0.48593842525693043	0.6549329476340925	0.5973524767815628	0.7300208629885034	1.0	0.6024430681058949	0.6024430681058948	0.5973524767815627	0.7221793916855703	0.7263875964832449	1.0	0.7510341748895937	1.0	1.0	0.6568318202362041	0.7221793916855703	0.564016412178674	0.7300208629885035	0.7221793916855703	0.6070269561668532	0.0	1.0	0.5444681615831846	0.6443242360956813	1.0	0.5600074040454308	1.0	0.6568318202362041
sr	1.0	0.40611383366132514	0.4652282572823628	1.0	0.5386847582102406	0.49309839197780636	0.7455134344225701	0.2908738690924835	0.5354795154277564	0.48385114273631036	0.6638546162332061	0.7411828468492556	0.6037841836404227	0.5403016619161376	0.4090176626661708	0.5110763276649515	0.6568318202362041	1.0	1.0	0.7455134344225701	1.0	0.5111227859918243	0.651610424238932	0.46479814202114933	0.5420786510919647	0.5389628049256019	0.34009628431312366	1.0	0.5444681615831846	1.0	0.5705368295034322	1.0	0.38001657421974633	1.0	0.5389628049256018
sv	1.0	0.41334930209871124	0.44168900485867363	0.7584325078215765	0.40721575929171594	0.3945587792742946	0.7411828468492555	0.26212792149756786	0.44384124895797683	0.40070144671088864	0.651610424238932	0.7322034805959264	0.5566555729386353	0.4707169753361673	0.35955942349105896	0.5513793617911535	0.6452450558286368	0.7347168825662658	0.74551343442257	0.7347168825662658	0.7584325078215765	0.553929128833732	0.37693046847270595	0.45648480658100815	0.6393867611309196	0.5390551157371464	0.6115631241151683	1.0	0.6443242360956813	0.5705368295034322	1.0	1.0	0.2898854364557609	0.7690990303325336	0.5958243804128452
te	0.0	1.0	1.0	1.0	0.7863954451402115	1.0	1.0	0.4493075654568811	1.0	1.0	1.0	1.0	1.0	1.0	1.0	1.0	1.0	1.0	1.0	1.0	1.0	1.0	1.0	0.7584325078215763	1.0	1.0	1.0	0.0	1.0	1.0	1.0	1.0	1.0	1.0	1.0
vi	1.0	0.4211580328302883	0.4652282572823628	1.0	0.3110921812297317	0.2820612967265402	1.0	0.19440695323016546	0.26088862394506523	0.2777648526523142	0.30366656725366203	1.0	0.2946997829279538	0.46514328284439677	0.28018812529620873	0.2845404200479555	0.7162976956558116	0.7411828468492556	0.42995415895150896	1.0	1.0	0.29089676893054317	0.28535857503554196	0.2774613820632118	0.29753662296659417	0.28915889055563115	0.6751883943659738	1.0	0.5600074040454308	0.38001657421974633	0.2898854364557609	1.0	1.0	1.0	0.28837979972241806
war	0.0	0.7509407156957146	1.0	1.0	1.0	1.0	1.0	1.0	1.0	1.0	1.0	1.0	1.0	0.7690990303325336	1.0	1.0	1.0	1.0	1.0	1.0	1.0	1.0	1.0	0.7690990303325336	1.0	1.0	1.0	1.0	1.0	1.0	0.7690990303325336	1.0	1.0	1.0	1.0
zh	0.7584325078215763	0.4241135729928352	0.4652282572823628	1.0	0.5430185105327116	0.4917485122346374	1.0	0.2835659658111197	0.605993311107337	0.39882550149263507	1.0	1.0	0.6463474082678704	0.48920524418824046	0.42017824274959276	1.0	1.0	1.0	1.0	1.0	1.0	0.6377047307628824	0.5123274810800017	0.5614822091370846	0.7199285383279772	1.0	0.6475250169846577	1.0	0.6568318202362041	0.5389628049256018	0.5958243804128452	1.0	0.28837979972241806	1.0	1.0
