arz	bs	ceb	ckb	da	de	el	en	es	fr	he	hi	hu	id	it	ja	ko	lv	mk	ml	mr	nl	pl	pt	ro	ru	sh	si	simple	sr	sv	te	vi	war	zh
arz	1.0	0.0	0.0	0.0	0.0	0.0	0.00022904260192395785	7.807010695604653e-05	0.0	2.044320876604792e-05	0.0003455425017277125	0.0	0.0001335113484646195	0.0	6.469979296066253e-05	0.0	0.0	0.0	0.009615384615384616	0.0	0.012195121951219513	0.0	0.0	0.0	0.0001091077712010038	0.0	0.0	0.0	0.0	0.0003846153846153846	0.0	0.0	0.0	0.0	0.0
bs	0.0	1.0	0.0	0.0	0.0335195530726257	0.009854239375898173	0.03049634355064571	0.0027698838087701	0.0032777115613825984	0.007838503200393894	0.05531653349723417	0.0	0.020948989211270558	0.08088397790055249	0.0068781264211005	0.017212526894573272	0.017912970004224756	0.16148723640399557	0.006823027718550106	0.0004380201489268506	0.003001715265866209	0.006491217764201375	0.011942459060888446	0.005699577128148557	0.017436085115282062	0.01667982629293328	0.0013077593722755014	0.0	0.00042265426880811494	0.10839799178457325	0.023414344991108477	0.0	0.007728401876897599	0.0	0.014497796334957087
ceb	0.0	0.0	0.0	0.0	0.0	0.0	0.0	0.0	0.0	0.0	0.0	0.0	0.0	0.0	0.0	0.0	0.0	0.0	0.0	0.0	0.0	0.0	0.0	0.0	0.0	0.0	0.0	0.0	0.0	0.0	0.0	0.0	0.0	0.0	0.0
ckb	0.0	0.0	0.0	1.0	0.0	0.0	0.0	0.0	0.0	0.0	0.0	0.0	0.00013392259274139549	0.0	0.0	0.0	0.00010238558410975735	0.0	0.012345679012345678	0.25	0.01694915254237288	0.0	0.0	0.0	0.0	0.0	0.0	0.0	0.0	0.0	0.0	0.0	0.0	0.0	0.0
da	0.0	0.0335195530726257	0.0	0.0	1.0	0.005831099195710456	0.016866400355082113	0.0035323081314446786	0.0027723870252287217	0.007424966695400047	0.026415811478525276	0.0	0.014203104392817287	0.02676253245456361	0.006217790723728434	0.010613751730503	0.010103499260719566	0.04376470588235294	0.0015343306482546988	0.0	0.0023228803716608595	0.006649362769401266	0.008644262150480727	0.004939380332285586	0.00836636976780106	0.008989193841445921	0.00039277297721916735	0.0	0.0015308075009567547	0.026945505730947113	0.017055144968732235	0.0	0.007229537825974697	0.0	0.00965099315452811
de	0.0	0.009854239375898173	0.0	0.0	0.005831099195710456	1.0	0.012460121591524709	0.01188008292138415	0.0027352702003400607	0.028403854210305824	0.010202066741262424	0.0	0.01833035486341588	0.009433331103231418	0.01716534859142097	0.017071712064372316	0.012655922789766003	0.007212885154061625	0.00015928639694170118	0.0	0.00023936806829968882	0.019232091690544413	0.016496315664368908	0.009648913303080965	0.0276162182518097	0.017472451106919487	0.0	0.0	0.0003184713375796178	0.00959023539668701	0.008788486492863042	0.0	0.0026790239664035913	0.0	0.013427486224790027
el	0.00022904260192395785	0.03049634355064571	0.0	0.0	0.016866400355082113	0.012460121591524709	1.0	0.005069155364576339	0.002399852316780506	0.013961106984362799	0.03411697247706422	0.0	0.020655085990839168	0.024304021210782147	0.012181390111577439	0.021644603343318195	0.019950845742373862	0.03683424589347934	0.0022655188038060714	0.0	0.0011371389583807142	0.009419021422022172	0.016340621403912542	0.009157935584012417	0.02378097521982414	0.018955002472391628	0.0004589261128958238	0.0	0.00045167118337850043	0.023668639053254437	0.014592760180995475	0.0	0.004041468986118433	0.0	0.013595874355368026
en	7.807010695604653e-05	0.0027698838087701	0.0	0.0	0.0035323081314446786	0.01188008292138415	0.005069155364576339	1.0	0.0011631397268497673	0.02338329646777584	0.003772919605077574	0.0	0.008787185354691076	0.003700672526064833	0.01393797108612381	0.007247523499066367	0.006489255727906646	0.0024786760953561275	0.0	0.0	0.0	0.01655927266307706	0.009066713462607118	0.006611618818136405	0.016114285714285713	0.008671387421987519	0.0	0.0	0.00015576930565832002	0.003311965811965812	0.005723793677204659	0.0	0.0017831271592555443	0.0	0.0075733769090566274
es	0.0	0.0032777115613825984	0.0	0.0	0.0027723870252287217	0.0027352702003400607	0.002399852316780506	0.0011631397268497673	1.0	0.002286126819877271	0.0007585335018963338	0.0	0.0015220700152207	0.002168021680216802	0.0024271844660194173	0.0015056118258965235	0.0012915129151291514	0.003352329869259135	0.0	0.0	0.0	0.0018174107954201247	0.0022066198595787363	0.0016442297811119105	0.0019386535652635773	0.0036363636363636364	0.0	0.0	0.0	0.001366493577480186	0.001753463089601964	0.0	0.000407000407000407	0.0	0.0033204940895205206
fr	2.044320876604792e-05	0.007838503200393894	0.0	0.0	0.007424966695400047	0.028403854210305824	0.013961106984362799	0.02338329646777584	0.002286126819877271	1.0	0.012637427129386909	0.0	0.02722997849305581	0.008636390341343047	0.03398058252427184	0.022595306557833227	0.01801395300406095	0.008416873449131513	0.00018380475850097007	4.090397791185193e-05	0.00016345210853220007	0.0354362965997542	0.023897677549646584	0.01710700715737386	0.063736646395304	0.024056714108354176	6.134091234383625e-05	0.0	0.0002654849184144424	0.007694265520684457	0.009601961893982268	0.0	0.0024930692674365266	0.0	0.015835734077105163
he	0.0003455425017277125	0.05531653349723417	0.0	0.0	0.026415811478525276	0.010202066741262424	0.03411697247706422	0.003772919605077574	0.0007585335018963338	0.012637427129386909	1.0	0.0	0.017219325002459904	0.04319695528068506	0.009764439785954654	0.021895351448461713	0.020427937020589423	0.08003617454216595	0.003399048266485384	0.0	0.0010249402118209772	0.0076896392229417205	0.01710139920538953	0.007778360426498864	0.02029644166709704	0.02004120621839296	0.000693000693000693	0.0	0.0023720772619451034	0.04870067372473532	0.01750814332247557	0.0	0.005689900426742532	0.0	0.015
hi	0.0	0.0	0.0	0.0	0.0	0.0	0.0	0.0	0.0	0.0	0.0	1.0	0.00013392259274139549	0.0	0.0	0.0	0.0	0.0005246589716684155	0.012345679012345678	0.0	0.0	0.0	0.0	0.0	0.0	0.0	0.0	0.0	0.0	0.00038804811796662784	0.0	0.0	0.0	0.0	0.0
hu	0.0001335113484646195	0.020948989211270558	0.0	0.00013392259274139549	0.014203104392817287	0.01833035486341588	0.020655085990839168	0.008787185354691076	0.0015220700152207	0.02722997849305581	0.017219325002459904	0.00013392259274139549	1.0	0.019215210355987056	0.015971606033717833	0.0235390823494246	0.015257731958762887	0.024931656642974302	0.0013266118333775537	0.00013386880856760375	0.0005317734645041213	0.01759001341174043	0.0196176122563368	0.015298413497859481	0.03881300047103156	0.022040385376798206	0.0	0.0	0.00026483050847457627	0.019591919602070854	0.013748009053566938	0.0	0.00683526999316473	0.0	0.013234438627108784
id	0.0	0.08088397790055249	0.0	0.0	0.02676253245456361	0.009433331103231418	0.024304021210782147	0.003700672526064833	0.002168021680216802	0.008636390341343047	0.04319695528068506	0.0	0.019215210355987056	1.0	0.00725689404934688	0.02149046793760832	0.02255266418835192	0.09982955928901875	0.004477611940298508	0.0	0.004136893569010906	0.0063994415032869855	0.01168409031011157	0.007778969957081545	0.016048871401946573	0.013440091507006004	0.00038066235249333843	0.0	0.0011131725417439704	0.05575905575905576	0.015719298245614036	0.0	0.012201321809862735	0.0	0.014528386231560126
it	6.469979296066253e-05	0.0068781264211005	0.0	0.0	0.006217790723728434	0.01716534859142097	0.012181390111577439	0.01393797108612381	0.0024271844660194173	0.03398058252427184	0.009764439785954654	0.0	0.015971606033717833	0.00725689404934688	1.0	0.015707051762940735	0.010060523467874463	0.007261531311723016	0.00012893243940175349	0.0	0.0	0.018733350519893444	0.01853944339820046	0.011503421638188	0.025906735751295335	0.017571261226083563	6.472910868017347e-05	0.0	0.0001288825879623663	0.007214361612885185	0.0075848904962829014	0.0	0.0016093461286284794	0.0	0.012904120993478563
ja	0.0	0.017212526894573272	0.0	0.0	0.010613751730503	0.017071712064372316	0.021644603343318195	0.007247523499066367	0.0015056118258965235	0.022595306557833227	0.021895351448461713	0.0	0.0235390823494246	0.02149046793760832	0.015707051762940735	1.0	0.02125893769152196	0.016237821633774668	0.0001584786053882726	0.0	0.0006364359586316627	0.011433108376339818	0.016181012488250303	0.010244928421195468	0.024617002461700246	0.023117237418335847	0.0001601024655779699	0.0	0.0007921419518377693	0.013347140720285353	0.013159122725151656	0.0	0.005423280423280424	0.0	0.01779559118236473
ko	0.0	0.017912970004224756	0.0	0.00010238558410975735	0.010103499260719566	0.012655922789766003	0.019950845742373862	0.006489255727906646	0.0012915129151291514	0.01801395300406095	0.020427937020589423	0.0	0.015257731958762887	0.02255266418835192	0.010060523467874463	0.02125893769152196	1.0	0.016723281944081524	0.0005079752108097125	0.00010235414534288638	0.0006109979633401223	0.009526112185686653	0.01401107852720756	0.009090411258967198	0.02092087027300526	0.014254761090204128	0.00010221813349688235	0.0	0.0007108764090585965	0.012218122181221812	0.012237147478725648	0.0	0.003966107806021273	0.0	0.01342156189524939
lv	0.0	0.16148723640399557	0.0	0.0	0.04376470588235294	0.007212885154061625	0.03683424589347934	0.0024786760953561275	0.003352329869259135	0.008416873449131513	0.08003617454216595	0.0005246589716684155	0.024931656642974302	0.09982955928901875	0.007261531311723016	0.016237821633774668	0.016723281944081524	1.0	0.010681586978636826	0.0010482180293501049	0.015503875968992248	0.004862284680838448	0.012360707931454256	0.006477424271289769	0.018360984888513156	0.013890307425186396	0.001041124414367517	0.0	0.002011060834590246	0.1392630241423126	0.022702364177235007	0.0	0.007687576875768758	0.0	0.013557680668199975
mk	0.009615384615384616	0.006823027718550106	0.0	0.012345679012345678	0.0015343306482546988	0.00015928639694170118	0.0022655188038060714	0.0	0.0	0.00018380475850097007	0.003399048266485384	0.012345679012345678	0.0013266118333775537	0.004477611940298508	0.00012893243940175349	0.0001584786053882726	0.0005079752108097125	0.010681586978636826	1.0	0.011904761904761904	0.037037037037037035	0.00028073239963816713	0.0005567308762943993	0.0003433279926756695	0.0007357950674478812	0.00012344155042587335	0.0	0.0	0.0	0.004914933837429111	0.0006377551020408163	0.0	0.002070393374741201	0.0	0.0007641754546843956
ml	0.0	0.0004380201489268506	0.0	0.25	0.0	0.0	0.0	0.0	0.0	4.090397791185193e-05	0.0	0.0	0.00013386880856760375	0.0	0.0	0.0	0.00010235414534288638	0.0010482180293501049	0.011904761904761904	1.0	0.016129032258064516	0.0	0.00022454249466711575	0.0	2.7289597205545246e-05	0.0001246261216350947	0.0	0.0	0.0	0.0	0.0	0.0	0.000727802037845706	0.0	0.0
mr	0.012195121951219513	0.003001715265866209	0.0	0.01694915254237288	0.0023228803716608595	0.00023936806829968882	0.0011371389583807142	0.0	0.0	0.00016345210853220007	0.0010249402118209772	0.0	0.0005317734645041213	0.004136893569010906	0.0	0.0006364359586316627	0.0006109979633401223	0.015503875968992248	0.037037037037037035	0.016129032258064516	1.0	0.00018726591760299626	0.00033478406427854036	0.0003441945846718678	0.0005452562704471102	0.0002475860361475613	0.013333333333333334	0.0	0.013888888888888888	0.004190476190476191	0.0008545182653279214	0.0	0.0	0.0	0.00030656039239730225
nl	0.0	0.006491217764201375	0.0	0.0	0.006649362769401266	0.019232091690544413	0.009419021422022172	0.01655927266307706	0.0018174107954201247	0.0354362965997542	0.0076896392229417205	0.0	0.01759001341174043	0.0063994415032869855	0.018733350519893444	0.011433108376339818	0.009526112185686653	0.004862284680838448	0.00028073239963816713	0.0	0.00018726591760299626	1.0	0.014488439019549468	0.01432385895740274	0.029940119760479042	0.01574083477201178	3.1247070587132453e-05	0.0	0.00018710240738430833	0.005761508467671535	0.011688311688311689	0.0	0.0026751630647148996	0.0	0.012293679416642535
pl	0.0	0.011942459060888446	0.0	0.0	0.008644262150480727	0.016496315664368908	0.016340621403912542	0.009066713462607118	0.0022066198595787363	0.023897677549646584	0.01710139920538953	0.0	0.0196176122563368	0.01168409031011157	0.01853944339820046	0.016181012488250303	0.01401107852720756	0.012360707931454256	0.0005567308762943993	0.00022454249466711575	0.00033478406427854036	0.014488439019549468	1.0	0.011226252158894647	0.02465691788526434	0.019454315485153285	0.0	0.0	0.00011122233344455567	0.01323685139428168	0.00985148145383984	0.0	0.002634403356425017	0.0	0.012181470994929874
pt	0.0	0.005699577128148557	0.0	0.0	0.004939380332285586	0.009648913303080965	0.009157935584012417	0.006611618818136405	0.0016442297811119105	0.01710700715737386	0.007778360426498864	0.0	0.015298413497859481	0.007778969957081545	0.011503421638188	0.010244928421195468	0.009090411258967198	0.006477424271289769	0.0003433279926756695	0.0	0.0003441945846718678	0.01432385895740274	0.011226252158894647	1.0	0.01852642939047148	0.009929163891747896	0.0001152604887044721	0.0	0.00034309240622140897	0.005008496556658617	0.005296610169491525	0.0	0.0017976630380505342	0.0	0.008802934311437145
ro	0.0001091077712010038	0.017436085115282062	0.0	0.0	0.00836636976780106	0.0276162182518097	0.02378097521982414	0.016114285714285713	0.0019386535652635773	0.063736646395304	0.02029644166709704	0.0	0.03881300047103156	0.016048871401946573	0.025906735751295335	0.024617002461700246	0.02092087027300526	0.018360984888513156	0.0007357950674478812	2.7289597205545246e-05	0.0005452562704471102	0.029940119760479042	0.02465691788526434	0.01852642939047148	1.0	0.030336586153597713	2.7279919251439015e-05	0.0	0.0004630764620958296	0.012966215518132039	0.011570045348694692	0.0	0.003299284715073772	0.0	0.01992144986513983
ru	0.0	0.01667982629293328	0.0	0.0	0.008989193841445921	0.017472451106919487	0.018955002472391628	0.008671387421987519	0.0036363636363636364	0.024056714108354176	0.02004120621839296	0.0	0.022040385376798206	0.013440091507006004	0.017571261226083563	0.023117237418335847	0.014254761090204128	0.013890307425186396	0.00012344155042587335	0.0001246261216350947	0.0002475860361475613	0.01574083477201178	0.019454315485153285	0.009929163891747896	0.030336586153597713	1.0	0.000373366521468575	0.0	0.0011112483022595382	0.012999426495889888	0.010385875209714788	0.0	0.004706889174154899	0.0	0.015490292282890587
sh	0.0	0.0013077593722755014	0.0	0.0	0.00039277297721916735	0.0	0.0004589261128958238	0.0	0.0	6.134091234383625e-05	0.000693000693000693	0.0	0.0	0.00038066235249333843	6.472910868017347e-05	0.0001601024655779699	0.00010221813349688235	0.001041124414367517	0.0	0.0	0.013333333333333334	3.1247070587132453e-05	0.0	0.0001152604887044721	2.7279919251439015e-05	0.000373366521468575	1.0	0.0	0.0	0.0015444015444015444	0.0	0.0	0.0	0.0	0.0
si	0.0	0.0	0.0	0.0	0.0	0.0	0.0	0.0	0.0	0.0	0.0	0.0	0.0	0.0	0.0	0.0	0.0	0.0	0.0	0.0	0.0	0.0	0.0	0.0	0.0	0.0	0.0	0.0	0.0	0.0	0.0	0.0	0.0	0.0	0.0
simple	0.0	0.00042265426880811494	0.0	0.0	0.0015308075009567547	0.0003184713375796178	0.00045167118337850043	0.00015576930565832002	0.0	0.0002654849184144424	0.0023720772619451034	0.0	0.00026483050847457627	0.0011131725417439704	0.0001288825879623663	0.0007921419518377693	0.0007108764090585965	0.002011060834590246	0.0	0.0	0.013888888888888888	0.00018710240738430833	0.00011122233344455567	0.00034309240622140897	0.0004630764620958296	0.0011112483022595382	0.0	0.0	1.0	0.0015037593984962407	0.0008494372478233171	0.0	0.0006863417982155113	0.0	0.00030525030525030525
sr	0.0003846153846153846	0.10839799178457325	0.0	0.0	0.026945505730947113	0.00959023539668701	0.023668639053254437	0.003311965811965812	0.001366493577480186	0.007694265520684457	0.04870067372473532	0.00038804811796662784	0.019591919602070854	0.05575905575905576	0.007214361612885185	0.013347140720285353	0.012218122181221812	0.1392630241423126	0.004914933837429111	0.0	0.004190476190476191	0.005761508467671535	0.01323685139428168	0.005008496556658617	0.012966215518132039	0.012999426495889888	0.0015444015444015444	0.0	0.0015037593984962407	1.0	0.0169419737399407	0.0	0.0038138825324180014	0.0	0.010502793296089385
sv	0.0	0.023414344991108477	0.0	0.0	0.017055144968732235	0.008788486492863042	0.014592760180995475	0.005723793677204659	0.001753463089601964	0.009601961893982268	0.01750814332247557	0.0	0.013748009053566938	0.015719298245614036	0.0075848904962829014	0.013159122725151656	0.012237147478725648	0.022702364177235007	0.0006377551020408163	0.0	0.0008545182653279214	0.011688311688311689	0.00985148145383984	0.005296610169491525	0.011570045348694692	0.010385875209714788	0.0	0.0	0.0008494372478233171	0.0169419737399407	1.0	0.0	0.007729793312048395	0.0	0.008729653541875057
te	0.0	0.0	0.0	0.0	0.0	0.0	0.0	0.0	0.0	0.0	0.0	0.0	0.0	0.0	0.0	0.0	0.0	0.0	0.0	0.0	0.0	0.0	0.0	0.0	0.0	0.0	0.0	0.0	0.0	0.0	0.0	0.0	0.0	0.0	0.0
vi	0.0	0.007728401876897599	0.0	0.0	0.007229537825974697	0.0026790239664035913	0.004041468986118433	0.0017831271592555443	0.000407000407000407	0.0024930692674365266	0.005689900426742532	0.0	0.00683526999316473	0.012201321809862735	0.0016093461286284794	0.005423280423280424	0.003966107806021273	0.007687576875768758	0.002070393374741201	0.000727802037845706	0.0	0.0026751630647148996	0.002634403356425017	0.0017976630380505342	0.003299284715073772	0.004706889174154899	0.0	0.0	0.0006863417982155113	0.0038138825324180014	0.007729793312048395	0.0	1.0	0.0	0.004228058936579116
war	0.0	0.0	0.0	0.0	0.0	0.0	0.0	0.0	0.0	0.0	0.0	0.0	0.0	0.0	0.0	0.0	0.0	0.0	0.0	0.0	0.0	0.0	0.0	0.0	0.0	0.0	0.0	0.0	0.0	0.0	0.0	0.0	0.0	0.0	0.0
zh	0.0	0.014497796334957087	0.0	0.0	0.00965099315452811	0.013427486224790027	0.013595874355368026	0.0075733769090566274	0.0033204940895205206	0.015835734077105163	0.015	0.0	0.013234438627108784	0.014528386231560126	0.012904120993478563	0.01779559118236473	0.01342156189524939	0.013557680668199975	0.0007641754546843956	0.0	0.00030656039239730225	0.012293679416642535	0.012181470994929874	0.008802934311437145	0.01992144986513983	0.015490292282890587	0.0	0.0	0.00030525030525030525	0.010502793296089385	0.008729653541875057	0.0	0.004228058936579116	0.0	1.0
