arz	bs	ceb	ckb	da	de	el	en	es	fr	he	hi	hu	id	it	ja	ko	lv	mk	ml	mr	nl	pl	pt	ro	ru	sh	si	simple	sr	sv	te	tr	vi	war	zh
arz	1.0	1.0	0.0	1.0	1.0	1.0	1.0	1.0	1.0	1.0	1.0	1.0	1.0	1.0	1.0	1.0	1.0	1.0	1.0	1.0	1.0	1.0	1.0	1.0	1.0	1.0	0.585786437626905	1.0	1.0	1.0	1.0	1.0	1.0	1.0	1.0	1.0
bs	1.0	1.0	1.0	1.0	0.23441237831492112	0.07804565311128417	1.0	0.07996761677212018	0.08210333409012556	0.07818567745657663	0.30216947925196225	0.3797958971132712	0.3090169943749474	0.24828371682826425	0.09429768053333026	0.0804443609227879	0.2193450929151803	0.5	0.2553967929896867	0.2553967929896867	0.585786437626905	0.1650411344884977	0.07594307951201426	0.07843833687766111	0.3380788308512194	0.07159267662583015	0.3380788308512194	1.0	0.16817875003956187	0.32881309020609956	0.23582845781094	0.585786437626905	0.12420177084887657	0.09079126427811156	1.0	0.09456916629665493
ceb	0.0	1.0	1.0	0.0	1.0	1.0	0.0	1.0	1.0	1.0	1.0	1.0	1.0	0.585786437626905	1.0	1.0	1.0	1.0	1.0	1.0	0.0	1.0	1.0	1.0	1.0	1.0	1.0	1.0	1.0	1.0	1.0	0.0	-1.0	1.0	1.0	1.0
ckb	1.0	1.0	0.0	1.0	1.0	1.0	1.0	1.0	1.0	1.0	1.0	1.0	1.0	1.0	1.0	1.0	1.0	1.0	1.0	1.0	1.0	0.585786437626905	1.0	1.0	1.0	1.0	1.0	1.0	1.0	1.0	1.0	1.0	1.0	1.0	1.0	1.0
da	1.0	0.23441237831492112	1.0	1.0	1.0	0.1368607497962334	0.3797958971132712	0.10528993591794632	0.12444584824196171	0.16000381733566554	0.19707113830081235	0.44948974278317805	0.585786437626905	0.153053825137514	0.17723417414184134	0.14602640382184875	0.1779738764024757	0.3164309725825328	0.5	0.3333333333333333	0.585786437626905	0.07138155129921395	0.12382434562416768	0.13628215610069397	0.2989350844248255	0.12060474667237929	0.25173032643432497	1.0	0.12789210656028413	0.2240092377397959	0.14762582003549038	0.44948974278317805	0.1975496259559987	0.1975496259559987	1.0	0.17843295907368986
de	1.0	0.07804565311128417	1.0	1.0	0.1368607497962334	1.0	0.5	0.03065812003023468	0.02779264125844917	0.029998300345846617	0.23800671553691075	0.29429805508554946	0.3333333333333333	0.07138794405641971	0.03294292753539369	0.10618339355956022	0.25824569976124334	0.25	0.27792629762666365	0.2989350844248255	1.0	0.031185849412031667	0.021472126675196126	0.0293072988307119	0.2309914769493914	0.024622834561712943	0.16587047789211715	1.0	0.07371346670028892	0.08073108610933966	0.0753555235535423	1.0	0.18660549686337075	0.1751881400287486	1.0	0.12849622184722817
el	1.0	1.0	0.0	1.0	0.3797958971132712	0.5	1.0	0.36602540378443865	0.5	0.5	1.0	1.0	1.0	0.585786437626905	0.585786437626905	1.0	1.0	1.0	1.0	1.0	1.0	0.2612038749637414	0.5	1.0	0.585786437626905	1.0	0.585786437626905	1.0	0.29429805508554946	0.585786437626905	0.585786437626905	1.0	0.5	1.0	1.0	1.0
en	1.0	0.07996761677212018	1.0	1.0	0.10528993591794632	0.03065812003023468	0.36602540378443865	1.0	0.02192598069248144	0.03099268999798481	0.14408852405243158	0.26427884169111276	0.11651106980622213	0.059995565676942496	0.04712774955036333	0.033232267589755164	0.12127550239018872	0.16564984804337682	0.32449979983983984	0.16952084719853724	1.0	0.08650606725750358	0.019640680916959773	0.02103216103169022	0.1213832729491955	0.018662956427505897	0.13257126257699572	1.0	0.0538863535684608	0.06034819600955092	0.04120334610394521	0.2674788903885893	0.13916328890305457	0.049414153453130584	0.585786437626905	0.03910111845824674
es	1.0	0.08210333409012556	1.0	1.0	0.12444584824196171	0.02779264125844917	0.5	0.02192598069248144	1.0	0.023170353986919287	0.3430703308172536	0.39564392373896007	0.1662057509419643	0.05634311220370312	0.029727387665309597	0.08633338057890416	0.2553967929896867	0.20779258896842814	0.3483314773547883	0.4142135623730951	1.0	0.029051377769222748	0.02221357748171435	0.027151306119608757	0.2416788744322856	0.05741696521185104	0.14443111188089175	1.0	0.07994386413659244	0.13057680273413982	0.10513200466522045	0.5	0.20315949514177184	0.17573408380111571	1.0	0.17100799366294794
fr	1.0	0.07818567745657663	1.0	1.0	0.16000381733566554	0.029998300345846617	0.5	0.03099268999798481	0.023170353986919287	1.0	0.4142135623730951	0.585786437626905	0.3333333333333333	0.05553844137643874	0.04034075971139949	0.13957875683699938	0.26968623182294527	0.19008025609247944	0.585786437626905	0.39564392373896007	1.0	0.039527921005631135	0.020656655191674183	0.02423122909649601	0.22966848451216434	0.02171694892290665	0.20750615102872044	1.0	0.08580025063035324	0.14023861350959496	0.07779770174269397	0.585786437626905	0.14669978037172737	0.17639649096016832	1.0	0.0740108461093286
he	1.0	0.30216947925196225	1.0	1.0	0.19707113830081235	0.23800671553691075	1.0	0.14408852405243158	0.3430703308172536	0.4142135623730951	1.0	1.0	1.0	0.28436465220442186	0.25	1.0	1.0	0.353889367864523	1.0	1.0	1.0	0.08204932320450153	0.44948974278317805	1.0	0.3090169943749474	1.0	0.44948974278317805	1.0	0.22772999919644132	1.0	0.30383243470068705	1.0	1.0	1.0	1.0	1.0
hi	1.0	0.3797958971132712	1.0	1.0	0.44948974278317805	0.29429805508554946	1.0	0.26427884169111276	0.39564392373896007	0.585786437626905	1.0	1.0	1.0	0.3430703308172536	0.2857142857142857	1.0	1.0	0.353889367864523	1.0	1.0	1.0	0.1478864632408439	0.5	1.0	0.3090169943749474	1.0	0.28172904669025317	1.0	0.2211722256431405	0.585786437626905	0.4364916731037085	1.0	0.585786437626905	1.0	1.0	1.0
hu	1.0	0.3090169943749474	1.0	1.0	0.585786437626905	0.3333333333333333	1.0	0.11651106980622213	0.1662057509419643	0.3333333333333333	1.0	1.0	1.0	0.3021694792519622	0.36602540378443865	1.0	1.0	0.39564392373896007	1.0	1.0	1.0	0.07351368352865709	0.28989794855663564	0.5	0.29429805508554946	1.0	0.5	1.0	0.3483314773547883	0.585786437626905	0.585786437626905	1.0	1.0	1.0	1.0	1.0
id	1.0	0.24828371682826425	0.585786437626905	1.0	0.153053825137514	0.07138794405641971	0.585786437626905	0.059995565676942496	0.05634311220370312	0.05553844137643874	0.28436465220442186	0.3430703308172536	0.3021694792519622	1.0	0.12153714348603294	0.16139047779640892	0.3164309725825327	0.25355482027512377	0.3164309725825328	0.27792629762666365	1.0	0.07230701262444564	0.052831607547782836	0.060211178466317426	0.28009237446410085	0.05932141630483451	0.22543218286369138	1.0	0.0969340162992792	0.1834956963966701	0.10772222655733343	0.585786437626905	0.30552726787943424	0.1720229936570474	0.585786437626905	0.15352447281755405
it	1.0	0.09429768053333026	1.0	1.0	0.17723417414184134	0.03294292753539369	0.585786437626905	0.04712774955036333	0.029727387665309597	0.04034075971139949	0.25	0.2857142857142857	0.36602540378443865	0.12153714348603294	1.0	0.11533640921041903	0.24257131419419417	0.17607307085629648	0.585786437626905	0.36602540378443865	1.0	0.07645515314326529	0.02710752895095441	0.02804774352026901	0.19957255671740987	0.02940739673993645	0.2289971818757124	1.0	0.09254246981137088	0.15871756397167988	0.05852666934873706	0.4142135623730951	0.1809073112342927	0.14639248166197882	1.0	0.061446148649163874
ja	1.0	0.0804443609227879	1.0	1.0	0.14602640382184875	0.10618339355956022	1.0	0.033232267589755164	0.08633338057890416	0.13957875683699938	1.0	1.0	1.0	0.16139047779640892	0.11533640921041903	1.0	1.0	0.3164309725825328	1.0	1.0	1.0	0.033748124097026946	0.16879264089884097	0.18200213598171075	0.23800671553691075	1.0	0.2211722256431405	1.0	0.11917711421067116	0.3333333333333333	0.2612038749637414	1.0	0.3660254037844386	1.0	1.0	1.0
ko	1.0	0.2193450929151803	1.0	1.0	0.1779738764024757	0.25824569976124334	1.0	0.12127550239018872	0.2553967929896867	0.26968623182294527	1.0	1.0	1.0	0.3164309725825327	0.24257131419419417	1.0	1.0	0.39564392373896007	1.0	1.0	1.0	0.062113078724852416	0.3660254037844386	0.3090169943749474	0.29429805508554946	1.0	0.23845042223198504	1.0	0.2133188716600917	0.4142135623730951	0.28989794855663564	1.0	0.29429805508554946	1.0	1.0	1.0
lv	1.0	0.5	1.0	1.0	0.3164309725825328	0.25	1.0	0.16564984804337682	0.20779258896842814	0.19008025609247944	0.353889367864523	0.353889367864523	0.39564392373896007	0.25355482027512377	0.17607307085629648	0.3164309725825328	0.39564392373896007	1.0	1.0	1.0	1.0	0.1206998608101878	0.20360289812039084	0.20360289812039084	0.31264808514230086	0.2063099139372659	0.3726822671238253	1.0	0.26533119314590375	0.3164309725825328	0.20100820154529447	0.585786437626905	0.3430703308172536	0.5	1.0	0.2958163163244893
mk	1.0	0.2553967929896867	1.0	1.0	0.5	0.27792629762666365	1.0	0.32449979983983984	0.3483314773547883	0.585786437626905	1.0	1.0	1.0	0.3164309725825328	0.585786437626905	1.0	1.0	1.0	1.0	1.0	1.0	0.12403526232046581	0.585786437626905	0.585786437626905	0.3266316347104093	1.0	0.27718637277259645	1.0	0.25428627101618895	0.585786437626905	0.585786437626905	1.0	0.585786437626905	1.0	1.0	1.0
ml	1.0	0.2553967929896867	1.0	1.0	0.3333333333333333	0.2989350844248255	1.0	0.16952084719853724	0.4142135623730951	0.39564392373896007	1.0	1.0	1.0	0.27792629762666365	0.36602540378443865	1.0	1.0	1.0	1.0	1.0	1.0	0.12117414236022282	0.4364916731037085	0.3244997998398398	0.44948974278317805	1.0	0.4364916731037085	1.0	0.4142135623730951	0.39564392373896	0.5	1.0	0.4142135623730951	1.0	1.0	1.0
mr	1.0	0.585786437626905	0.0	1.0	0.585786437626905	1.0	1.0	1.0	1.0	1.0	1.0	1.0	1.0	1.0	1.0	1.0	1.0	1.0	1.0	1.0	1.0	1.0	1.0	1.0	1.0	1.0	1.0	1.0	1.0	1.0	1.0	1.0	1.0	1.0	1.0	1.0
nl	1.0	0.1650411344884977	1.0	0.585786437626905	0.07138155129921395	0.031185849412031667	0.2612038749637414	0.08650606725750358	0.029051377769222748	0.039527921005631135	0.08204932320450153	0.1478864632408439	0.07351368352865709	0.07230701262444564	0.07645515314326529	0.033748124097026946	0.062113078724852416	0.1206998608101878	0.12403526232046581	0.12117414236022282	1.0	1.0	0.018972113392534063	0.021052226993697548	0.10040050144019488	0.018412675727225398	0.10436968884027745	1.0	0.049191167986977855	0.042894273574019884	0.03594436597368747	0.1515698420191941	0.06769944663785674	0.04289740750255875	0.585786437626905	0.035919194127040976
pl	1.0	0.07594307951201426	1.0	1.0	0.12382434562416768	0.021472126675196126	0.5	0.019640680916959773	0.02221357748171435	0.020656655191674183	0.44948974278317805	0.5	0.28989794855663564	0.052831607547782836	0.02710752895095441	0.16879264089884097	0.3660254037844386	0.20360289812039084	0.585786437626905	0.4364916731037085	1.0	0.018972113392534063	1.0	0.03156672888998995	0.24002294646713998	0.058198571471709655	0.14064497963140699	1.0	0.06415253316442619	0.15174115516527187	0.10080697039979618	1.0	0.2037341583014049	0.24660605559646726	1.0	0.18660549686337075
pt	1.0	0.07843833687766111	1.0	1.0	0.13628215610069397	0.0293072988307119	1.0	0.02103216103169022	0.027151306119608757	0.02423122909649601	1.0	1.0	0.5	0.060211178466317426	0.02804774352026901	0.18200213598171075	0.3090169943749474	0.20360289812039084	0.585786437626905	0.3244997998398398	1.0	0.021052226993697548	0.03156672888998995	1.0	0.2402530733520421	0.04097678916677989	0.14146178098635465	1.0	0.07945797413008823	0.2240092377397959	0.10838367648248294	1.0	0.19457825032082	0.32449979983983984	1.0	0.14530287106967552
ro	1.0	0.3380788308512194	1.0	1.0	0.2989350844248255	0.2309914769493914	0.585786437626905	0.1213832729491955	0.2416788744322856	0.22966848451216434	0.3090169943749474	0.3090169943749474	0.29429805508554946	0.28009237446410085	0.19957255671740987	0.23800671553691075	0.29429805508554946	0.31264808514230086	0.3266316347104093	0.44948974278317805	1.0	0.10040050144019488	0.24002294646713998	0.2402530733520421	1.0	0.23166247903554	0.3721897513507093	1.0	0.24257131419419417	0.26427884169111276	0.4142135623730951	0.44948974278317805	0.44948974278317805	0.5	0.585786437626905	0.25824569976124334
ru	1.0	0.07159267662583015	1.0	1.0	0.12060474667237929	0.024622834561712943	1.0	0.018662956427505897	0.05741696521185104	0.02171694892290665	1.0	1.0	1.0	0.05932141630483451	0.02940739673993645	1.0	1.0	0.2063099139372659	1.0	1.0	1.0	0.018412675727225398	0.058198571471709655	0.04097678916677989	0.23166247903554	1.0	0.14923419446018063	1.0	0.07016382694745066	0.28989794855663564	0.13938167050812753	1.0	0.21089672205953397	1.0	1.0	1.0
sh	0.585786437626905	0.3380788308512194	1.0	1.0	0.25173032643432497	0.16587047789211715	0.585786437626905	0.13257126257699572	0.14443111188089175	0.20750615102872044	0.44948974278317805	0.28172904669025317	0.5	0.22543218286369138	0.2289971818757124	0.2211722256431405	0.23845042223198504	0.3726822671238253	0.27718637277259645	0.4364916731037085	1.0	0.10436968884027745	0.14064497963140699	0.14146178098635465	0.3721897513507093	0.14923419446018063	1.0	1.0	0.18234733455620653	0.24257131419419417	0.23800671553691075	0.585786437626905	0.3534797987848214	0.3333333333333333	1.0	0.1842574582922436
si	1.0	1.0	1.0	1.0	1.0	1.0	1.0	1.0	1.0	1.0	1.0	1.0	1.0	1.0	1.0	1.0	1.0	1.0	1.0	1.0	1.0	1.0	1.0	1.0	1.0	1.0	1.0	1.0	0.585786437626905	1.0	1.0	1.0	1.0	1.0	1.0	1.0
simple	1.0	0.16817875003956187	1.0	1.0	0.12789210656028413	0.07371346670028892	0.29429805508554946	0.0538863535684608	0.07994386413659244	0.08580025063035324	0.22772999919644132	0.2211722256431405	0.3483314773547883	0.0969340162992792	0.09254246981137088	0.11917711421067116	0.2133188716600917	0.26533119314590375	0.25428627101618895	0.4142135623730951	1.0	0.049191167986977855	0.06415253316442619	0.07945797413008823	0.24257131419419417	0.07016382694745066	0.18234733455620653	0.585786437626905	1.0	0.1834956963966701	0.15679756593381408	0.44948974278317805	0.24281804566287285	0.22646721143623746	1.0	0.09004949268938979
sr	1.0	0.32881309020609956	1.0	1.0	0.2240092377397959	0.08073108610933966	0.585786437626905	0.06034819600955092	0.13057680273413982	0.14023861350959496	1.0	0.585786437626905	0.585786437626905	0.1834956963966701	0.15871756397167988	0.3333333333333333	0.4142135623730951	0.3164309725825328	0.585786437626905	0.39564392373896	1.0	0.042894273574019884	0.15174115516527187	0.2240092377397959	0.26427884169111276	0.28989794855663564	0.24257131419419417	1.0	0.1834956963966701	1.0	0.24913693443350768	1.0	0.31451985913875646	0.5	1.0	0.38742588672279304
sv	1.0	0.23582845781094	1.0	1.0	0.14762582003549038	0.0753555235535423	0.585786437626905	0.04120334610394521	0.10513200466522045	0.07779770174269397	0.30383243470068705	0.4364916731037085	0.585786437626905	0.10772222655733343	0.05852666934873706	0.2612038749637414	0.28989794855663564	0.20100820154529447	0.585786437626905	0.5	1.0	0.03594436597368747	0.10080697039979618	0.10838367648248294	0.4142135623730951	0.13938167050812753	0.23800671553691075	1.0	0.15679756593381408	0.24913693443350768	1.0	1.0	0.3726822671238253	0.23497542908541053	1.0	0.30383243470068705
te	1.0	0.585786437626905	0.0	1.0	0.44948974278317805	1.0	1.0	0.2674788903885893	0.5	0.585786437626905	1.0	1.0	1.0	0.585786437626905	0.4142135623730951	1.0	1.0	0.585786437626905	1.0	1.0	1.0	0.1515698420191941	1.0	1.0	0.44948974278317805	1.0	0.585786437626905	1.0	0.44948974278317805	1.0	1.0	1.0	1.0	1.0	1.0	1.0
tr	1.0	0.12420177084887657	-1.0	1.0	0.1975496259559987	0.18660549686337075	0.5	0.13916328890305457	0.20315949514177184	0.14669978037172737	1.0	0.585786437626905	1.0	0.30552726787943424	0.1809073112342927	0.3660254037844386	0.29429805508554946	0.3430703308172536	0.585786437626905	0.4142135623730951	1.0	0.06769944663785674	0.2037341583014049	0.19457825032082	0.44948974278317805	0.21089672205953397	0.3534797987848214	1.0	0.24281804566287285	0.31451985913875646	0.3726822671238253	1.0	1.0	0.38742588672279304	1.0	0.34833147735478825
vi	1.0	0.09079126427811156	1.0	1.0	0.1975496259559987	0.1751881400287486	1.0	0.049414153453130584	0.17573408380111571	0.17639649096016832	1.0	1.0	1.0	0.1720229936570474	0.14639248166197882	1.0	1.0	0.5	1.0	1.0	1.0	0.04289740750255875	0.24660605559646726	0.32449979983983984	0.5	1.0	0.3333333333333333	1.0	0.22646721143623746	0.5	0.23497542908541053	1.0	0.38742588672279304	1.0	1.0	1.0
war	1.0	1.0	1.0	1.0	1.0	1.0	1.0	0.585786437626905	1.0	1.0	1.0	1.0	1.0	0.585786437626905	1.0	1.0	1.0	1.0	1.0	1.0	1.0	0.585786437626905	1.0	1.0	0.585786437626905	1.0	1.0	1.0	1.0	1.0	1.0	1.0	1.0	1.0	1.0	1.0
zh	1.0	0.09456916629665493	1.0	1.0	0.17843295907368986	0.12849622184722817	1.0	0.03910111845824674	0.17100799366294794	0.0740108461093286	1.0	1.0	1.0	0.15352447281755405	0.061446148649163874	1.0	1.0	0.2958163163244893	1.0	1.0	1.0	0.035919194127040976	0.18660549686337075	0.14530287106967552	0.25824569976124334	1.0	0.1842574582922436	1.0	0.09004949268938979	0.38742588672279304	0.30383243470068705	1.0	0.34833147735478825	1.0	1.0	1.0
