arz	bs	ceb	ckb	da	de	el	en	es	fr	he	hi	hu	id	it	ja	ko	lv	mk	ml	mr	nl	pl	pt	ro	ru	sh	si	simple	sr	sv	te	vi	war	zh
arz	0.0	0.0	0.0	0.0	0.0	0.0	0.0	0.0	0.0	0.0	0.0	0.0	0.0	0.0	0.0	0.0	0.0	0.0	0.0	0.0	0.0	0.0	0.0	0.0	0.0	0.0	0.0	0.0	0.0	0.0	0.0	0.0	0.0	0.0	0.0
bs	0.0	1.0	0.0	0.0	0.00145985401459854	0.000474158368895211	0.0	0.0	0.0	0.0	0.0	0.0	0.0009746588693957114	0.0	0.0	0.0	0.0	0.012987012987012988	0.0	0.0	0.0	0.0	0.0	0.0011273957158962795	0.002109704641350211	0.0	0.001488095238095238	0.0	0.0	0.0	0.0	0.0	0.0028653295128939827	0.0	0.0
ceb	0.0	0.0	1.0	0.0	0.0	0.0	0.0	0.0	0.0	0.0	0.0	0.0	0.0	0.0	0.0	0.0	0.0	0.0	0.0	0.0	0.0	0.0	0.0	0.0	0.0	0.0	0.0	0.0	0.0	0.0	0.0	0.0	0.0	0.0	0.0
ckb	0.0	0.0	0.0	0.0	0.0	0.0	0.0	0.0	0.0	0.0	0.0	0.0	0.0	0.0	0.0	0.0	0.0	0.0	0.0	0.0	0.0	0.0	0.0	0.0	0.0	0.0	0.0	0.0	0.0	0.0	0.0	0.0	0.0	0.0	0.0
da	0.0	0.00145985401459854	0.0	0.0	1.0	0.00037383177570093456	0.0	8.777319406653208e-05	0.0008012820512820513	0.0009797517962116264	0.0	0.0	0.005047318611987382	0.0016863406408094434	0.00028506271379703536	0.0	0.0	0.0	0.0	0.0	0.0	0.0014705882352941176	0.0	0.0	0.005797101449275362	0.0	0.0	0.0	0.001422475106685633	0.0	0.0019907100199071004	0.0	0.001092896174863388	0.0	0.0
de	0.0	0.000474158368895211	0.0	0.0	0.00037383177570093456	1.0	0.0	0.0005464054328311607	0.0	0.0011150758251561106	0.0	0.0	0.0006633499170812604	0.0007662835249042146	0.0018277822908204712	0.0	0.0	0.0	0.0	0.0	0.0	0.0003590664272890485	0.0	0.0006954102920723226	0.0	0.0	0.0	0.0	0.0	0.0	0.00034094783498124785	0.0	0.0	0.0	0.0
el	0.0	0.0	0.0	0.0	0.0	0.0	0.0	0.0	0.0	0.0	0.0	0.0	0.0	0.0	0.0	0.0	0.0	0.0	0.0	0.0	0.0	0.0	0.0	0.0	0.0	0.0	0.0	0.0	0.0	0.0	0.0	0.0	0.0	0.0	0.0
en	0.0	0.0	0.0	0.0	8.777319406653208e-05	0.0005464054328311607	0.0	1.0	0.0007028024246683651	0.001440703670003033	0.0	0.0	0.0007675251577690602	0.0003531696980399082	0.0016877017904314646	0.0	0.0	0.0	0.0	0.0	0.0	0.000608854483778377	0.000705903114797494	0.0006903693476009665	0.0003578137579389928	0.0	0.0005274725274725274	0.0	0.0	0.0	0.001116934444539909	0.0	0.000271370420624152	0.0	0.0
es	0.0	0.0	0.0	0.0	0.0008012820512820513	0.0	0.0	0.0007028024246683651	1.0	0.0	0.0	0.0	0.0012594458438287153	0.0	0.0002853067047075606	0.0	0.0	0.0	0.0	0.0	0.0	0.0	0.003355704697986577	0.0020718232044198894	0.0009643201542912247	0.0	0.0008097165991902834	0.0	0.0	0.0	0.0006640106241699867	0.0	0.0010964912280701754	0.0	0.0
fr	0.0	0.0	0.0	0.0	0.0009797517962116264	0.0011150758251561106	0.0	0.001440703670003033	0.0	1.0	0.0	0.0	0.000881575080811049	0.0010006671114076052	0.000752162467092892	0.0	0.0	0.0	0.0	0.0	0.0	0.0006303183107469272	0.000664451827242525	0.0018399264029438822	0.0014035087719298245	0.0	0.001969796454366382	0.0	0.0	0.0	0.0006022282445046673	0.0	0.0011005135730007337	0.0	0.0
he	0.0	0.0	0.0	0.0	0.0	0.0	0.0	0.0	0.0	0.0	0.0	0.0	0.0	0.0	0.0	0.0	0.0	0.0	0.0	0.0	0.0	0.0	0.0	0.0	0.0	0.0	0.0	0.0	0.0	0.0	0.0	0.0	0.0	0.0	0.0
hi	0.0	0.0	0.0	0.0	0.0	0.0	0.0	0.0	0.0	0.0	0.0	0.0	0.0	0.0	0.0	0.0	0.0	0.0	0.0	0.0	0.0	0.0	0.0	0.0	0.0	0.0	0.0	0.0	0.0	0.0	0.0	0.0	0.0	0.0	0.0
hu	0.0	0.0009746588693957114	0.0	0.0	0.005047318611987382	0.0006633499170812604	0.0	0.0007675251577690602	0.0012594458438287153	0.000881575080811049	0.0	0.0	1.0	0.002622950819672131	0.002343139807341838	0.0	0.0	0.0	0.0	0.0	0.0	0.0011757789535567313	0.000649772579597141	0.0016741071428571428	0.000724112961622013	0.0	0.0019023462270133164	0.0	0.0	0.0	0.0027085590465872156	0.0	0.0007961783439490446	0.0	0.0
id	0.0	0.0	0.0	0.0	0.0016863406408094434	0.0007662835249042146	0.0	0.0003531696980399082	0.0	0.0010006671114076052	0.0	0.0	0.002622950819672131	1.0	0.0005808887598024978	0.0	0.0	0.0	0.0	0.0	0.0	0.0023166023166023165	0.0	0.0007199424046076314	0.0010245901639344263	0.0	0.0017050298380221654	0.0	0.0	0.0	0.0013850415512465374	0.0	0.002352941176470588	0.0	0.0
it	0.0	0.0	0.0	0.0	0.00028506271379703536	0.0018277822908204712	0.0	0.0016877017904314646	0.0002853067047075606	0.000752162467092892	0.0	0.0	0.002343139807341838	0.0005808887598024978	1.0	0.0	0.0	0.0	0.0	0.0	0.0	0.000552944429084877	0.0	0.0008090614886731392	0.0006067961165048543	0.0	0.0008588605782994561	0.0	0.0006759040216289286	0.0	0.0007970244420828905	0.0	0.000630715862503942	0.0	0.0
ja	0.0	0.0	0.0	0.0	0.0	0.0	0.0	0.0	0.0	0.0	0.0	0.0	0.0	0.0	0.0	0.0	0.0	0.0	0.0	0.0	0.0	0.0	0.0	0.0	0.0	0.0	0.0	0.0	0.0	0.0	0.0	0.0	0.0	0.0	0.0
ko	0.0	0.0	0.0	0.0	0.0	0.0	0.0	0.0	0.0	0.0	0.0	0.0	0.0	0.0	0.0	0.0	0.0	0.0	0.0	0.0	0.0	0.0	0.0	0.0	0.0	0.0	0.0	0.0	0.0	0.0	0.0	0.0	0.0	0.0	0.0
lv	0.0	0.012987012987012988	0.0	0.0	0.0	0.0	0.0	0.0	0.0	0.0	0.0	0.0	0.0	0.0	0.0	0.0	0.0	1.0	0.0	0.0	0.0	0.0	0.0	0.0	0.0	0.0	0.0	0.0	0.0	0.0	0.0011098779134295228	0.0	0.0	0.0	0.0
mk	0.0	0.0	0.0	0.0	0.0	0.0	0.0	0.0	0.0	0.0	0.0	0.0	0.0	0.0	0.0	0.0	0.0	0.0	0.0	0.0	0.0	0.0	0.0	0.0	0.0	0.0	0.0	0.0	0.0	0.0	0.0	0.0	0.0	0.0	0.0
ml	0.0	0.0	0.0	0.0	0.0	0.0	0.0	0.0	0.0	0.0	0.0	0.0	0.0	0.0	0.0	0.0	0.0	0.0	0.0	0.0	0.0	0.0	0.0	0.0	0.0	0.0	0.0	0.0	0.0	0.0	0.0	0.0	0.0	0.0	0.0
mr	0.0	0.0	0.0	0.0	0.0	0.0	0.0	0.0	0.0	0.0	0.0	0.0	0.0	0.0	0.0	0.0	0.0	0.0	0.0	0.0	0.0	0.0	0.0	0.0	0.0	0.0	0.0	0.0	0.0	0.0	0.0	0.0	0.0	0.0	0.0
nl	0.0	0.0	0.0	0.0	0.0014705882352941176	0.0003590664272890485	0.0	0.000608854483778377	0.0	0.0006303183107469272	0.0	0.0	0.0011757789535567313	0.0023166023166023165	0.000552944429084877	0.0	0.0	0.0	0.0	0.0	0.0	1.0	0.0030651340996168583	0.0012804097311139564	0.0008695652173913044	0.0	0.000741839762611276	0.0	0.0	0.0	0.0018552875695732839	0.0	0.0	0.0	0.0
pl	0.0	0.0	0.0	0.0	0.0	0.0	0.0	0.000705903114797494	0.003355704697986577	0.000664451827242525	0.0	0.0	0.000649772579597141	0.0	0.0	0.0	0.0	0.0	0.0	0.0	0.0	0.0030651340996168583	1.0	0.0014295925661186562	0.0010131712259371835	0.0	0.0016891891891891893	0.0	0.0	0.0	0.0013745704467353953	0.0	0.0	0.0	0.0
pt	0.0	0.0011273957158962795	0.0	0.0	0.0	0.0006954102920723226	0.0	0.0006903693476009665	0.0020718232044198894	0.0018399264029438822	0.0	0.0	0.0016741071428571428	0.0007199424046076314	0.0008090614886731392	0.0	0.0	0.0	0.0	0.0	0.0	0.0012804097311139564	0.0014295925661186562	1.0	0.0024193548387096775	0.0	0.0	0.0	0.0	0.0	0.0005844535359438924	0.0	0.0008952551477170994	0.0	0.0
ro	0.0	0.002109704641350211	0.0	0.0	0.005797101449275362	0.0	0.0	0.0003578137579389928	0.0009643201542912247	0.0014035087719298245	0.0	0.0	0.000724112961622013	0.0010245901639344263	0.0006067961165048543	0.0	0.0	0.0	0.0	0.0	0.0	0.0008695652173913044	0.0010131712259371835	0.0024193548387096775	1.0	0.0	0.00390625	0.0	0.004073319755600814	0.0	0.0007704160246533128	0.0	0.0014204545454545455	0.0	0.0
ru	0.0	0.0	0.0	0.0	0.0	0.0	0.0	0.0	0.0	0.0	0.0	0.0	0.0	0.0	0.0	0.0	0.0	0.0	0.0	0.0	0.0	0.0	0.0	0.0	0.0	1.0	0.0	0.0	0.0	0.0	0.0	0.0	0.0	0.0	0.0
sh	0.0	0.001488095238095238	0.0	0.0	0.0	0.0	0.0	0.0005274725274725274	0.0008097165991902834	0.001969796454366382	0.0	0.0	0.0019023462270133164	0.0017050298380221654	0.0008588605782994561	0.0	0.0	0.0	0.0	0.0	0.0	0.000741839762611276	0.0016891891891891893	0.0	0.00390625	0.0	1.0	0.0	0.0	0.0	0.0006684491978609625	0.0	0.0022197558268590455	0.0	0.0
si	0.0	0.0	0.0	0.0	0.0	0.0	0.0	0.0	0.0	0.0	0.0	0.0	0.0	0.0	0.0	0.0	0.0	0.0	0.0	0.0	0.0	0.0	0.0	0.0	0.0	0.0	0.0	0.0	0.0	0.0	0.0	0.0	0.0	0.0	0.0
simple	0.0	0.0	0.0	0.0	0.001422475106685633	0.0	0.0	0.0	0.0	0.0	0.0	0.0	0.0	0.0	0.0006759040216289286	0.0	0.0	0.0	0.0	0.0	0.0	0.0	0.0	0.0	0.004073319755600814	0.0	0.0	0.0	1.0	0.0	0.0	0.0	0.0	0.0	0.0
sr	0.0	0.0	0.0	0.0	0.0	0.0	0.0	0.0	0.0	0.0	0.0	0.0	0.0	0.0	0.0	0.0	0.0	0.0	0.0	0.0	0.0	0.0	0.0	0.0	0.0	0.0	0.0	0.0	0.0	1.0	0.0	0.0	0.0	0.0	0.0
sv	0.0	0.0	0.0	0.0	0.0019907100199071004	0.00034094783498124785	0.0	0.001116934444539909	0.0006640106241699867	0.0006022282445046673	0.0	0.0	0.0027085590465872156	0.0013850415512465374	0.0007970244420828905	0.0	0.0	0.0011098779134295228	0.0	0.0	0.0	0.0018552875695732839	0.0013745704467353953	0.0005844535359438924	0.0007704160246533128	0.0	0.0006684491978609625	0.0	0.0	0.0	1.0	0.0	0.0	0.0	0.0
te	0.0	0.0	0.0	0.0	0.0	0.0	0.0	0.0	0.0	0.0	0.0	0.0	0.0	0.0	0.0	0.0	0.0	0.0	0.0	0.0	0.0	0.0	0.0	0.0	0.0	0.0	0.0	0.0	0.0	0.0	0.0	0.0	0.0	0.0	0.0
vi	0.0	0.0028653295128939827	0.0	0.0	0.001092896174863388	0.0	0.0	0.000271370420624152	0.0010964912280701754	0.0011005135730007337	0.0	0.0	0.0007961783439490446	0.002352941176470588	0.000630715862503942	0.0	0.0	0.0	0.0	0.0	0.0	0.0	0.0	0.0008952551477170994	0.0014204545454545455	0.0	0.0022197558268590455	0.0	0.0	0.0	0.0	0.0	1.0	0.0	0.0
war	0.0	0.0	0.0	0.0	0.0	0.0	0.0	0.0	0.0	0.0	0.0	0.0	0.0	0.0	0.0	0.0	0.0	0.0	0.0	0.0	0.0	0.0	0.0	0.0	0.0	0.0	0.0	0.0	0.0	0.0	0.0	0.0	0.0	1.0	0.0
zh	0.0	0.0	0.0	0.0	0.0	0.0	0.0	0.0	0.0	0.0	0.0	0.0	0.0	0.0	0.0	0.0	0.0	0.0	0.0	0.0	0.0	0.0	0.0	0.0	0.0	0.0	0.0	0.0	0.0	0.0	0.0	0.0	0.0	0.0	0.0
