arz	bs	ceb	ckb	da	de	el	en	es	fr	he	hi	hu	id	it	ja	ko	lv	mk	ml	mr	nl	pl	pt	ro	ru	sh	si	simple	sr	sv	te	vi	war	zh
arz	1.0	0.44948974278317805	1.0	1.0	0.3164309725825328	0.4142135623730951	1.0	0.12706116049625688	0.4142135623730951	0.23582845781094	1.0	1.0	0.18200213598171075	0.23800671553691075	0.23441237831492112	1.0	1.0	1.0	1.0	1.0	1.0	0.2958163163244893	0.2791745113185196	0.34833147735478825	0.2	1.0	0.3660254037844386	1.0	0.585786437626905	1.0	0.19636040545626823	1.0	0.26968623182294527	1.0	1.0
bs	0.44948974278317805	1.0	0.25	0.585786437626905	0.09563963019046359	0.07469063409066273	0.12037271684309245	0.06341004620035373	0.0707755857359643	0.06857734732977759	0.12346752509553724	0.22901628833426058	0.1026915995627137	0.11815801211733303	0.0740060295307352	0.07760139224270551	0.1243359412482223	0.16971157396101416	0.1757340838011157	0.24660605559646726	0.44948974278317805	0.07430375952358621	0.0743438334136602	0.07441085115811748	0.07945474731602323	0.07515614612481683	0.08253363519857952	1.0	0.14563307637703782	0.11417003203561367	0.07338640142104366	1.0	0.12898504231054142	0.19404996501286384	0.07515614612481683
ceb	1.0	0.25	1.0	1.0	0.0457603805708865	0.11476280872257703	1.0	0.007413211236100539	0.1325878204191017	0.06266341325096113	1.0	1.0	0.055401887076490804	0.10745035092526581	0.04049639441845429	1.0	1.0	0.4142135623730951	1.0	1.0	1.0	0.11197014577640294	0.11282329985847064	0.0918680748679569	0.09742194192288642	1.0	0.09824360210622114	1.0	0.19636040545626823	1.0	0.04904708739629904	1.0	0.15894454156034005	1.0	0.585786437626905
ckb	1.0	0.585786437626905	1.0	1.0	0.44948974278317805	1.0	1.0	0.2211722256431405	0.5	0.585786437626905	1.0	1.0	0.44948974278317805	0.585786437626905	0.44948974278317805	1.0	1.0	0.585786437626905	1.0	1.0	1.0	0.585786437626905	1.0	0.585786437626905	0.44948974278317805	1.0	0.5	1.0	1.0	1.0	0.44948974278317805	1.0	1.0	1.0	1.0
da	0.3164309725825328	0.09563963019046359	0.0457603805708865	0.44948974278317805	1.0	0.007629730639388672	0.01709320042965942	0.011271473696163244	0.008087028416351658	0.007787338265820855	0.009415434817457066	0.07677558504488809	0.01117515473728727	0.01156832226901734	0.008158967067999859	0.008565330299416541	0.01221846773315727	0.043608927114661536	0.05931637336189104	0.03809942969134546	0.2	0.00821601217481519	0.008284763626837128	0.008159485399772366	0.01664714059922626	0.00791556475749214	0.010646933290943643	0.4142135623730951	0.0287899651081054	0.014429737878547537	0.008202534185863693	0.44948974278317805	0.01320576993296389	0.12127550239018872	0.009616247835250842
de	0.4142135623730951	0.07469063409066273	0.11476280872257703	1.0	0.007629730639388672	1.0	0.10676232268609791	0.0015793795068429956	0.019292344910237427	0.002067000828923312	0.08863876788783946	0.27429188517743175	0.004630943179065684	0.005919106296090406	0.002137260006603205	0.07866695760470434	0.13402267464196424	0.20521309615767264	0.4142135623730951	0.2612038749637415	0.44948974278317805	0.0069827730787289976	0.01311781466160603	0.0038181721433723638	0.008352499893660268	0.039983343887204065	0.0062289201226026205	1.0	0.06905420749153074	0.13333333333333333	0.0038393573067284706	0.585786437626905	0.01209080159252207	0.585786437626905	0.09383852528904046
el	1.0	0.12037271684309245	1.0	1.0	0.01709320042965942	0.10676232268609791	1.0	0.004930615485955107	0.0994491992362644	0.01778883557585744	1.0	1.0	0.0144106341630901	0.0435744236629924	0.010068983311432786	1.0	1.0	0.27429188517743175	1.0	1.0	1.0	0.07220165895443349	0.07284423640594942	0.036863514714950016	0.039689807902347	1.0	0.034130369057703294	1.0	0.1399755881284967	1.0	0.04796293445618119	1.0	0.06469630910962	0.585786437626905	1.0
en	0.12706116049625688	0.06341004620035373	0.007413211236100539	0.2211722256431405	0.011271473696163244	0.0015793795068429956	0.004930615485955107	1.0	0.0021859616717078037	0.005594655857305318	0.004610141368387392	0.061138249885921106	0.010037261114589262	0.007680417168466351	0.008418988713068001	0.0042087065440270365	0.007261922460090387	0.08777854995713331	0.022439629091373113	0.04240026010029237	0.1907435698305462	0.00305568693709948	0.0031110869212886737	0.004246823972413012	0.010867813305013527	0.0023264596895406766	0.006308784278712506	0.44948974278317805	0.02965785409657838	0.0067423646203809105	0.004679633289227207	0.2958163163244893	0.0070075111621372985	0.11741708448984602	0.004300253699201848
es	0.4142135623730951	0.0707755857359643	0.1325878204191017	0.5	0.008087028416351658	0.019292344910237427	0.0994491992362644	0.0021859616717078037	1.0	0.002706323264944943	0.08358704747426675	0.27429188517743175	0.005023477649860854	0.006206249284177466	0.0026875148235672663	0.07239004156686935	0.1145075845522531	0.19675422795565728	0.21290885543182675	0.27429188517743175	0.36602540378443865	0.012904146989444776	0.018377075129614888	0.004578008820879697	0.00877446726312442	0.0337607535847441	0.00645332057327684	0.585786437626905	0.07915597204275507	0.11978243827074593	0.004821146129704987	1.0	0.016636717706188887	0.32881309020609956	0.07315899347536005
fr	0.23582845781094	0.06857734732977759	0.06266341325096113	0.585786437626905	0.007787338265820855	0.002067000828923312	0.01778883557585744	0.005594655857305318	0.002706323264944943	1.0	0.009392814839893229	0.16484708315636035	0.005160423415672182	0.00605963908208629	0.004378077866694834	0.007464280971944903	0.02900622014620405	0.11397853711935377	0.12057151363073154	0.12110671649727252	0.28436465220442186	0.003505826692577924	0.003965229219579688	0.004148943227777695	0.008761294652483296	0.0030463307284981102	0.005963717650662287	0.585786437626905	0.05933905806417563	0.02853794527243982	0.004507436506866281	0.585786437626905	0.011892685118968732	0.1809073112342927	0.007749083605237195
he	1.0	0.12346752509553724	1.0	1.0	0.009415434817457066	0.08863876788783946	1.0	0.004610141368387392	0.08358704747426675	0.009392814839893229	1.0	1.0	0.008901479883061099	0.020226784682286125	0.00825042740285188	1.0	1.0	0.2402530733520421	1.0	1.0	1.0	0.055426335180377054	0.0549949081283196	0.04018703604848904	0.013332990146300227	0.585786437626905	0.018960843338303068	1.0	0.10930610879182484	1.0	0.020822477609649174	1.0	0.031938685274508875	0.585786437626905	1.0
hi	1.0	0.22901628833426058	1.0	1.0	0.07677558504488809	0.27429188517743175	1.0	0.061138249885921106	0.27429188517743175	0.16484708315636035	1.0	1.0	0.15072240113145766	0.17176743283130236	0.12998356649024212	1.0	1.0	0.2791745113185196	1.0	1.0	1.0	0.1876127897984334	0.18181818181818182	0.2216368750839041	0.15267700571156523	1.0	0.1765633506768389	1.0	0.2372732414640341	1.0	0.16330595576157622	1.0	0.17176743283130236	1.0	1.0
hu	0.18200213598171075	0.1026915995627137	0.055401887076490804	0.44948974278317805	0.01117515473728727	0.004630943179065684	0.0144106341630901	0.010037261114589262	0.005023477649860854	0.005160423415672182	0.008901479883061099	0.15072240113145766	1.0	0.008822150769256873	0.00564219292256777	0.006301277797364691	0.01401506445561366	0.10113069765789216	0.07288596326446689	0.11391890072356342	0.38742588672279304	0.005679302402031893	0.005568080756202613	0.0055295189851539295	0.012642018716537992	0.005089302453264137	0.00887851091750459	1.0	0.07342400563572546	0.02175753243886795	0.005674035893431011	1.0	0.012415377922163191	0.1751881400287486	0.007395453306397174
id	0.23800671553691075	0.11815801211733303	0.10745035092526581	0.585786437626905	0.01156832226901734	0.005919106296090406	0.0435744236629924	0.007680417168466351	0.006206249284177466	0.00605963908208629	0.020226784682286125	0.17176743283130236	0.008822150769256873	1.0	0.006596904820783634	0.016942964707031535	0.04287739151881554	0.14146178098635465	0.10589757606331061	0.12849622184722817	0.5	0.009231751161700316	0.009047708559259234	0.007573116502404791	0.013394941302045545	0.0069118556375355154	0.014872214594372738	0.585786437626905	0.09512529962961071	0.048781661189156104	0.008963964256803243	1.0	0.030954537312134454	0.179128784747792	0.01408962098919158
it	0.23441237831492112	0.0740060295307352	0.04049639441845429	0.44948974278317805	0.008158967067999859	0.002137260006603205	0.010068983311432786	0.008418988713068001	0.0026875148235672663	0.004378077866694834	0.00825042740285188	0.12998356649024212	0.00564219292256777	0.006596904820783634	1.0	0.006203325888444754	0.02416586183957083	0.11447933581724978	0.08462632608958592	0.09626081836490331	0.26533119314590375	0.0034801740864997773	0.003697764396602968	0.003977833637912398	0.008913014615706432	0.0030083955750418888	0.0062039459775511605	0.4364916731037085	0.06599952920477929	0.024911335357595616	0.004530208318382914	1.0	0.012536967328830364	0.20799159651347807	0.006966706746774711
ja	1.0	0.07760139224270551	1.0	1.0	0.008565330299416541	0.07866695760470434	1.0	0.0042087065440270365	0.07239004156686935	0.007464280971944903	1.0	1.0	0.006301277797364691	0.016942964707031535	0.006203325888444754	1.0	1.0	0.22646721143623746	1.0	1.0	1.0	0.046133817416495505	0.05080902785134886	0.020612339285900685	0.010742906386228726	0.585786437626905	0.012139015988124368	1.0	0.10065475817065717	1.0	0.01338766916886882	1.0	0.0383398383164809	0.585786437626905	1.0
ko	1.0	0.1243359412482223	1.0	1.0	0.01221846773315727	0.13402267464196424	1.0	0.007261922460090387	0.1145075845522531	0.02900622014620405	1.0	1.0	0.01401506445561366	0.04287739151881554	0.02416586183957083	1.0	1.0	0.24660605559646726	1.0	1.0	1.0	0.07308367159759797	0.08125197407794996	0.06841248021560016	0.017548808331609374	0.585786437626905	0.046650160772602874	1.0	0.13344744727755592	1.0	0.03589198627954204	1.0	0.07333567823960027	0.585786437626905	1.0
lv	1.0	0.16971157396101416	0.4142135623730951	0.585786437626905	0.043608927114661536	0.20521309615767264	0.27429188517743175	0.08777854995713331	0.19675422795565728	0.11397853711935377	0.2402530733520421	0.2791745113185196	0.10113069765789216	0.14146178098635465	0.11447933581724978	0.22646721143623746	0.24660605559646726	1.0	0.28436465220442186	0.4142135623730951	0.585786437626905	0.17253779651421453	0.15295783961613652	0.14763410387308015	0.09087154921240917	0.21712927295533244	0.17253779651421453	1.0	0.16015261286229274	0.27429188517743175	0.14285297110396214	0.585786437626905	0.14064497963140699	0.4142135623730951	0.22901628833426058
mk	1.0	0.1757340838011157	1.0	1.0	0.05931637336189104	0.4142135623730951	1.0	0.022439629091373113	0.21290885543182675	0.12057151363073154	1.0	1.0	0.07288596326446689	0.10589757606331061	0.08462632608958592	1.0	1.0	0.28436465220442186	1.0	1.0	1.0	0.21089672205953397	0.15278212615814146	0.14146178098635465	0.07553280258491527	1.0	0.17411239489546831	1.0	0.26533119314590375	1.0	0.15395385841142584	1.0	0.1731621355286848	0.585786437626905	1.0
ml	1.0	0.24660605559646726	1.0	1.0	0.03809942969134546	0.2612038749637415	1.0	0.04240026010029237	0.27429188517743175	0.12110671649727252	1.0	1.0	0.11391890072356342	0.12849622184722817	0.09626081836490331	1.0	1.0	0.4142135623730951	1.0	1.0	1.0	0.25728427444747215	0.1876127897984334	0.1368227865524485	0.08526571655137657	1.0	0.18660549686337075	1.0	0.1975496259559987	1.0	0.13328452147738468	1.0	0.19367338768973053	1.0	1.0
mr	1.0	0.44948974278317805	1.0	1.0	0.2	0.44948974278317805	1.0	0.1907435698305462	0.36602540378443865	0.28436465220442186	1.0	1.0	0.38742588672279304	0.5	0.26533119314590375	1.0	1.0	0.585786437626905	1.0	1.0	1.0	1.0	0.32449979983983984	0.3430703308172536	0.21393876913398135	1.0	0.3430703308172536	1.0	0.3660254037844386	1.0	0.30901699437494745	1.0	0.25728427444747215	1.0	1.0
nl	0.2958163163244893	0.07430375952358621	0.11197014577640294	0.585786437626905	0.00821601217481519	0.0069827730787289976	0.07220165895443349	0.00305568693709948	0.012904146989444776	0.003505826692577924	0.055426335180377054	0.1876127897984334	0.005679302402031893	0.009231751161700316	0.0034801740864997773	0.046133817416495505	0.07308367159759797	0.17253779651421453	0.21089672205953397	0.25728427444747215	1.0	1.0	0.018658356100330984	0.0083689100552802	0.009992376023254267	0.016462131640924724	0.00761695541225462	0.585786437626905	0.07857904322020932	0.08470921289405749	0.006373409603570471	1.0	0.015790652131422764	0.2632403810669918	0.0485834144511533
pl	0.2791745113185196	0.0743438334136602	0.11282329985847064	1.0	0.008284763626837128	0.01311781466160603	0.07284423640594942	0.0031110869212886737	0.018377075129614888	0.003965229219579688	0.0549949081283196	0.18181818181818182	0.005568080756202613	0.009047708559259234	0.003697764396602968	0.05080902785134886	0.08125197407794996	0.15295783961613652	0.15278212615814146	0.1876127897984334	0.32449979983983984	0.018658356100330984	1.0	0.009914513446813754	0.009407845037407	0.019768870824028	0.008607132393851528	1.0	0.07680010648203002	0.0727661963586346	0.006160490226148955	0.585786437626905	0.017384814969712288	0.2449655295864104	0.044505527496810415
pt	0.34833147735478825	0.07441085115811748	0.0918680748679569	0.585786437626905	0.008159485399772366	0.0038181721433723638	0.036863514714950016	0.004246823972413012	0.004578008820879697	0.004148943227777695	0.04018703604848904	0.2216368750839041	0.0055295189851539295	0.007573116502404791	0.003977833637912398	0.020612339285900685	0.06841248021560016	0.14763410387308015	0.14146178098635465	0.1368227865524485	0.3430703308172536	0.0083689100552802	0.009914513446813754	1.0	0.010052637357969837	0.005468451013212907	0.008267473407806987	1.0	0.07165864432690819	0.07416569778718625	0.005453323138069353	1.0	0.016683404437411523	0.18727507600544926	0.029308913754535256
ro	0.2	0.07945474731602323	0.09742194192288642	0.44948974278317805	0.01664714059922626	0.008352499893660268	0.039689807902347	0.010867813305013527	0.00877446726312442	0.008761294652483296	0.013332990146300227	0.15267700571156523	0.012642018716537992	0.013394941302045545	0.008913014615706432	0.010742906386228726	0.017548808331609374	0.09087154921240917	0.07553280258491527	0.08526571655137657	0.21393876913398135	0.009992376023254267	0.009407845037407	0.010052637357969837	1.0	0.009151142040341152	0.012090199014122222	0.585786437626905	0.0930120652292088	0.018246098613104993	0.009444163471911326	0.5	0.022764869163583463	0.13895115919603923	0.011748878720559987
ru	1.0	0.07515614612481683	1.0	1.0	0.00791556475749214	0.039983343887204065	1.0	0.0023264596895406766	0.0337607535847441	0.0030463307284981102	0.585786437626905	1.0	0.005089302453264137	0.0069118556375355154	0.0030083955750418888	0.585786437626905	0.585786437626905	0.21712927295533244	1.0	1.0	1.0	0.016462131640924724	0.019768870824028	0.005468451013212907	0.009151142040341152	1.0	0.006797239166752	1.0	0.07589674473267179	0.44948974278317805	0.005209384180050396	1.0	0.015240987331596699	0.585786437626905	0.585786437626905
sh	0.3660254037844386	0.08253363519857952	0.09824360210622114	0.5	0.010646933290943643	0.0062289201226026205	0.034130369057703294	0.006308784278712506	0.00645332057327684	0.005963717650662287	0.018960843338303068	0.1765633506768389	0.00887851091750459	0.014872214594372738	0.0062039459775511605	0.012139015988124368	0.046650160772602874	0.17253779651421453	0.17411239489546831	0.18660549686337075	0.3430703308172536	0.00761695541225462	0.008607132393851528	0.008267473407806987	0.012090199014122222	0.006797239166752	1.0	0.585786437626905	0.08949576896174424	0.030086795092133096	0.010098947913585564	0.585786437626905	0.03754641182621059	0.21239994067041815	0.014011733533081046
si	1.0	1.0	1.0	1.0	0.4142135623730951	1.0	1.0	0.44948974278317805	0.585786437626905	0.585786437626905	1.0	1.0	1.0	0.585786437626905	0.4364916731037085	1.0	1.0	1.0	1.0	1.0	1.0	0.585786437626905	1.0	1.0	0.585786437626905	1.0	0.585786437626905	1.0	0.585786437626905	1.0	1.0	1.0	0.5	1.0	1.0
simple	0.585786437626905	0.14563307637703782	0.19636040545626823	1.0	0.0287899651081054	0.06905420749153074	0.1399755881284967	0.02965785409657838	0.07915597204275507	0.05933905806417563	0.10930610879182484	0.2372732414640341	0.07342400563572546	0.09512529962961071	0.06599952920477929	0.10065475817065717	0.13344744727755592	0.16015261286229274	0.26533119314590375	0.1975496259559987	0.3660254037844386	0.07857904322020932	0.07680010648203002	0.07165864432690819	0.0930120652292088	0.07589674473267179	0.08949576896174424	0.585786437626905	1.0	0.13100580420257674	0.07174136759626032	1.0	0.09986005351090564	0.1987625491245426	0.09211404642294407
sr	1.0	0.11417003203561367	1.0	1.0	0.014429737878547537	0.13333333333333333	1.0	0.0067423646203809105	0.11978243827074593	0.02853794527243982	1.0	1.0	0.02175753243886795	0.048781661189156104	0.024911335357595616	1.0	1.0	0.27429188517743175	1.0	1.0	1.0	0.08470921289405749	0.0727661963586346	0.07416569778718625	0.018246098613104993	0.44948974278317805	0.030086795092133096	1.0	0.13100580420257674	1.0	0.052213500336899074	1.0	0.0773851979097422	0.585786437626905	1.0
sv	0.19636040545626823	0.07338640142104366	0.04904708739629904	0.44948974278317805	0.008202534185863693	0.0038393573067284706	0.04796293445618119	0.004679633289227207	0.004821146129704987	0.004507436506866281	0.020822477609649174	0.16330595576157622	0.005674035893431011	0.008963964256803243	0.004530208318382914	0.01338766916886882	0.03589198627954204	0.14285297110396214	0.15395385841142584	0.13328452147738468	0.30901699437494745	0.006373409603570471	0.006160490226148955	0.005453323138069353	0.009444163471911326	0.005209384180050396	0.010098947913585564	1.0	0.07174136759626032	0.052213500336899074	1.0	0.585786437626905	0.021495576382357745	0.16462407202206505	0.010856130968031305
te	1.0	1.0	1.0	1.0	0.44948974278317805	0.585786437626905	1.0	0.2958163163244893	1.0	0.585786437626905	1.0	1.0	1.0	1.0	1.0	1.0	1.0	0.585786437626905	1.0	1.0	1.0	1.0	0.585786437626905	1.0	0.5	1.0	0.585786437626905	1.0	1.0	1.0	0.585786437626905	1.0	0.585786437626905	1.0	1.0
vi	0.26968623182294527	0.12898504231054142	0.15894454156034005	1.0	0.01320576993296389	0.01209080159252207	0.06469630910962	0.0070075111621372985	0.016636717706188887	0.011892685118968732	0.031938685274508875	0.17176743283130236	0.012415377922163191	0.030954537312134454	0.012536967328830364	0.0383398383164809	0.07333567823960027	0.14064497963140699	0.1731621355286848	0.19367338768973053	0.25728427444747215	0.015790652131422764	0.017384814969712288	0.016683404437411523	0.022764869163583463	0.015240987331596699	0.03754641182621059	0.5	0.09986005351090564	0.0773851979097422	0.021495576382357745	0.585786437626905	1.0	0.2449655295864104	0.03414802408943918
war	1.0	0.19404996501286384	1.0	1.0	0.12127550239018872	0.585786437626905	0.585786437626905	0.11741708448984602	0.32881309020609956	0.1809073112342927	0.585786437626905	1.0	0.1751881400287486	0.179128784747792	0.20799159651347807	0.585786437626905	0.585786437626905	0.4142135623730951	0.585786437626905	1.0	1.0	0.2632403810669918	0.2449655295864104	0.18727507600544926	0.13895115919603923	0.585786437626905	0.21239994067041815	1.0	0.1987625491245426	0.585786437626905	0.16462407202206505	1.0	0.2449655295864104	1.0	0.585786437626905
zh	1.0	0.07515614612481683	0.585786437626905	1.0	0.009616247835250842	0.09383852528904046	1.0	0.004300253699201848	0.07315899347536005	0.007749083605237195	1.0	1.0	0.007395453306397174	0.01408962098919158	0.006966706746774711	1.0	1.0	0.22901628833426058	1.0	1.0	1.0	0.0485834144511533	0.044505527496810415	0.029308913754535256	0.011748878720559987	0.585786437626905	0.014011733533081046	1.0	0.09211404642294407	1.0	0.010856130968031305	1.0	0.03414802408943918	0.585786437626905	1.0
