arz	bs	ceb	ckb	da	de	el	en	es	fr	he	hi	hu	id	it	ja	ko	lv	mk	ml	mr	nl	pl	pt	ro	ru	sh	si	simple	sr	sv	te	vi	war	zh
arz	1.0	0.0	0.0	0.0	1.0	1.0	0.0	0.7690990303325336	1.0	1.0	1.0	0.0	1.0	1.0	1.0	1.0	1.0	0.0	1.0	0.0	0.0	1.0	1.0	1.0	1.0	1.0	0.0	0.0	1.0	0.0	0.5660160774121898	0.0	1.0	0.0	1.0
bs	0.0	1.0	0.0	1.0	1.0	0.5020797777427737	1.0	0.388878943088341	1.0	1.0	1.0	1.0	1.0	0.8216064286890065	0.7863954451402115	1.0	1.0	1.0	1.0	1.0	0.0	1.0	1.0	1.0	0.0	1.0	1.0	0.0	1.0	1.0	1.0	0.0	1.0	0.0	1.0
ceb	0.0	0.0	1.0	0.0	1.0	1.0	0.0	0.5020797777427737	1.0	1.0	1.0	0.0	0.0	1.0	1.0	1.0	1.0	1.0	1.0	1.0	0.0	1.0	1.0	1.0	1.0	1.0	0.0	0.0	1.0	1.0	1.0	0.0	1.0	0.0	1.0
ckb	0.0	1.0	0.0	1.0	1.0	1.0	1.0	0.6102585468090401	1.0	1.0	1.0	1.0	1.0	1.0	0.8216064286890065	1.0	1.0	1.0	1.0	1.0	0.0	1.0	1.0	1.0	0.0	1.0	0.0	0.0	1.0	1.0	0.7863954451402115	0.0	1.0	0.0	1.0
da	1.0	1.0	1.0	1.0	1.0	0.30991024487917995	1.0	0.20689973960526933	0.5453111577010743	0.3562754856737474	0.7376607345031153	1.0	0.5747151843153976	0.36846079915129926	0.2707791502624022	0.6568318202362041	0.728099120889861	1.0	0.6589257440209708	1.0	0.0	0.3813360683021425	0.4027360367103312	0.330380886325516	1.0	0.6067636116293127	1.0	0.0	0.43526109167898114	1.0	0.3310752382098821	0.0	0.6391906500312812	1.0	0.7221793916855703
de	1.0	0.5020797777427737	1.0	1.0	0.30991024487917995	1.0	0.6129299101677939	0.09724372449940383	0.1829094707138221	0.1151744662909633	0.7147973711694584	1.0	0.2272338912385449	0.1839421421681332	0.1766562536159039	0.250114895050823	0.4803214788425502	1.0	0.35334701110288586	1.0	0.0	0.11346842924395065	0.1472150618805153	0.15723951797500788	1.0	0.11801528792011375	0.29469057263439064	0.0	0.358806589977993	0.3777887145376843	0.16297554618389135	0.0	0.7171176902274347	1.0	0.2600535700692488
el	0.0	1.0	0.0	1.0	1.0	0.6129299101677939	1.0	0.19802273313738383	0.3655923410850818	0.3278318022858619	1.0	1.0	0.525725516471902	0.4048541846576707	0.24166168626114448	1.0	1.0	1.0	1.0	1.0	0.0	0.49034386114369616	0.3020795203463435	0.24032754868279463	1.0	1.0	1.0	0.0	0.74551343442257	1.0	0.3634185198627928	0.0	1.0	1.0	1.0
en	0.7690990303325336	0.388878943088341	0.5020797777427737	0.6102585468090401	0.20689973960526933	0.09724372449940383	0.19802273313738383	1.0	0.1343260206425583	0.09800606513697485	0.26241924318494697	0.585307241463139	0.14741881368704082	0.1700418451984807	0.154106077597375	0.16749024155512054	0.1847580625495816	0.4048484168850539	0.20574730617252215	0.6113472178390282	1.0	0.09843828999197547	0.1068686888178968	0.11160324540069012	0.265768869477478	0.15207623443110652	0.2799104991506958	1.0	0.22728951684667412	0.3293415316871025	0.1390674427441597	0.0	0.21148722593940628	1.0	0.17002387039788305
es	1.0	1.0	1.0	1.0	0.5453111577010743	0.1829094707138221	0.3655923410850818	0.1343260206425583	1.0	0.12597894494271253	1.0	1.0	0.23304475846475461	0.2656849589479932	0.25358355299930607	0.29442153983499575	0.586738128924596	1.0	0.7116768074483945	1.0	0.0	0.17246785699845807	0.17201495635469274	0.15668155659753538	1.0	0.2632663326252378	0.5612583910855369	0.0	0.37050141005952797	1.0	0.19474901042636628	0.0	0.3731100656073554	1.0	0.5761073000459279
fr	1.0	1.0	1.0	1.0	0.3562754856737474	0.1151744662909633	0.3278318022858619	0.09800606513697485	0.12597894494271253	1.0	0.2830049273100636	0.6436895599575894	0.186929141315651	0.20124650660146784	0.13213393775470184	0.13454055454427274	0.25600385915057455	0.5895598144787592	0.34946160870592685	0.7510341748895938	0.0	0.11931938617644143	0.13072232776716738	0.13116166866248588	0.4460552557369064	0.1257388951124892	0.42656430195038175	1.0	0.4025952884813985	0.5336363521791775	0.16550042177866142	1.0	0.35364496198311024	1.0	0.2153828743678334
he	1.0	1.0	1.0	1.0	0.7376607345031153	0.7147973711694584	1.0	0.26241924318494697	1.0	0.2830049273100636	1.0	1.0	0.6128508099341461	0.6389816505292869	0.2701172884847433	1.0	1.0	1.0	1.0	1.0	0.0	0.6501445840862393	0.419206546539284	0.3331548590853625	1.0	1.0	1.0	0.0	0.7455134344225701	1.0	0.5332061369961656	0.0	1.0	1.0	1.0
hi	0.0	1.0	0.0	1.0	1.0	1.0	1.0	0.585307241463139	1.0	0.6436895599575894	1.0	1.0	1.0	0.8740997399575429	0.5788907434914159	1.0	1.0	1.0	1.0	1.0	1.0	1.0	1.0	1.0	1.0	1.0	1.0	0.0	1.0	1.0	0.6128508099341461	1.0	1.0	1.0	1.0
hu	1.0	1.0	0.0	1.0	0.5747151843153976	0.2272338912385449	0.525725516471902	0.14741881368704082	0.23304475846475461	0.186929141315651	0.6128508099341461	1.0	1.0	0.7411828468492556	0.20343546186536143	0.3242064381520868	0.3791333802353624	0.6467936504043927	0.5652106143249456	1.0	0.0	0.2373864137549887	0.3041225636796602	0.26595359623063847	1.0	0.21876860073104681	0.3277637885063415	0.0	0.4195719298829873	1.0	0.30608538952879094	0.0	0.7411828468492556	1.0	0.3345524324825847
id	1.0	0.8216064286890065	1.0	1.0	0.36846079915129926	0.1839421421681332	0.4048541846576707	0.1700418451984807	0.2656849589479932	0.20124650660146784	0.6389816505292869	0.8740997399575429	0.7411828468492556	1.0	0.2615166525338557	0.3230222844096286	0.32830896794221376	0.7651717825607337	0.601644141974177	0.6704675947063355	0.0	0.22891199800557224	0.1757674633960521	0.24735099148967574	0.35797534024006966	0.23923006022137364	0.7411828468492555	1.0	0.3693122950119785	0.7411828468492556	0.3304856678141184	0.0	0.4383820513970752	1.0	0.24790879903140808
it	1.0	0.7863954451402115	1.0	0.8216064286890065	0.2707791502624022	0.1766562536159039	0.24166168626114448	0.154106077597375	0.25358355299930607	0.13213393775470184	0.2701172884847433	0.5788907434914159	0.20343546186536143	0.2615166525338557	1.0	0.2769095288417974	0.2756787688581816	0.35776494955527294	0.2815572932727868	0.4576444201675777	0.0	0.16970914057171682	0.14445782394241202	0.15711150185048958	0.41087823424410747	0.26211577657147933	0.2828021472007035	1.0	0.2629835688949061	0.31554239780743365	0.18454836682646095	0.0	0.3104996685793219	1.0	0.25776318595255954
ja	1.0	1.0	1.0	1.0	0.6568318202362041	0.250114895050823	1.0	0.16749024155512054	0.29442153983499575	0.13454055454427274	1.0	1.0	0.3242064381520868	0.3230222844096286	0.2769095288417974	1.0	1.0	1.0	1.0	1.0	0.0	0.21783661198660975	0.20446890386862954	0.17725932593379848	0.7248485669756151	1.0	0.5453111577010743	0.0	0.3685080672595193	1.0	0.17992206629671975	1.0	1.0	1.0	1.0
ko	1.0	1.0	1.0	1.0	0.728099120889861	0.4803214788425502	1.0	0.1847580625495816	0.586738128924596	0.25600385915057455	1.0	1.0	0.3791333802353624	0.32830896794221376	0.2756787688581816	1.0	1.0	1.0	1.0	1.0	0.0	0.358447331766197	0.2342425445559684	0.252929686469245	1.0	1.0	1.0	0.0	0.6221982196391783	1.0	0.40883660734462685	0.0	1.0	1.0	1.0
lv	0.0	1.0	1.0	1.0	1.0	1.0	1.0	0.4048484168850539	1.0	0.5895598144787592	1.0	1.0	0.6467936504043927	0.7651717825607337	0.35776494955527294	1.0	1.0	1.0	1.0	1.0	0.0	1.0	0.5369473026780376	0.6841174893561722	1.0	1.0	1.0	0.0	0.7690990303325336	1.0	0.7376607345031153	0.0	1.0	1.0	1.0
mk	1.0	1.0	1.0	1.0	0.6589257440209708	0.35334701110288586	1.0	0.20574730617252215	0.7116768074483945	0.34946160870592685	1.0	1.0	0.5652106143249456	0.601644141974177	0.2815572932727868	1.0	1.0	1.0	1.0	1.0	0.0	0.3877982934379702	0.32464625196556063	0.42403246950604856	1.0	1.0	1.0	0.0	0.7510341748895939	1.0	0.3673572416284735	0.0	1.0	1.0	1.0
ml	0.0	1.0	1.0	1.0	1.0	1.0	1.0	0.6113472178390282	1.0	0.7510341748895938	1.0	1.0	1.0	0.6704675947063355	0.4576444201675777	1.0	1.0	1.0	1.0	1.0	0.0	1.0	0.4130061351254454	0.7106922308883379	1.0	1.0	1.0	0.0	1.0	1.0	1.0	0.0	1.0	1.0	1.0
mr	0.0	0.0	0.0	0.0	0.0	0.0	0.0	1.0	0.0	0.0	0.0	1.0	0.0	0.0	0.0	0.0	0.0	0.0	0.0	0.0	1.0	0.0	0.0	0.0	0.0	0.0	0.0	0.0	0.0	0.0	0.0	0.0	0.0	0.0	0.0
nl	1.0	1.0	1.0	1.0	0.3813360683021425	0.11346842924395065	0.49034386114369616	0.09843828999197547	0.17246785699845807	0.11931938617644143	0.6501445840862393	1.0	0.2373864137549887	0.22891199800557224	0.16970914057171682	0.21783661198660975	0.358447331766197	1.0	0.3877982934379702	1.0	0.0	1.0	0.15552151772924358	0.16617044576135584	0.6589257440209708	0.14177514894953414	0.5421617887416028	0.0	0.3832057358909526	0.3868925482431308	0.16673230125514985	0.0	0.3602994034400058	1.0	0.23429703820510644
pl	1.0	1.0	1.0	1.0	0.4027360367103312	0.1472150618805153	0.3020795203463435	0.1068686888178968	0.17201495635469274	0.13072232776716738	0.419206546539284	1.0	0.3041225636796602	0.1757674633960521	0.14445782394241202	0.20446890386862954	0.2342425445559684	0.5369473026780376	0.32464625196556063	0.4130061351254454	0.0	0.15552151772924358	1.0	0.14492472688735378	0.2911261093023233	0.13924593795153517	0.4829662742826801	0.0	0.4643469376949935	0.3802578063308078	0.17375284680069214	1.0	0.4422130857415622	1.0	0.2708746599150913
pt	1.0	1.0	1.0	1.0	0.330380886325516	0.15723951797500788	0.24032754868279463	0.11160324540069012	0.15668155659753538	0.13116166866248588	0.3331548590853625	1.0	0.26595359623063847	0.24735099148967574	0.15711150185048958	0.17725932593379848	0.252929686469245	0.6841174893561722	0.42403246950604856	0.7106922308883379	0.0	0.16617044576135584	0.14492472688735378	1.0	0.3960177441387637	0.15494879542501355	0.6163326624308246	0.0	0.2972573926985989	0.6030419283415577	0.16596177289539454	0.0	0.5497429308601349	1.0	0.17408035831430496
ro	1.0	0.0	1.0	0.0	1.0	1.0	1.0	0.265768869477478	1.0	0.4460552557369064	1.0	1.0	1.0	0.35797534024006966	0.41087823424410747	0.7248485669756151	1.0	1.0	1.0	1.0	0.0	0.6589257440209708	0.2911261093023233	0.3960177441387637	1.0	0.5604180666859991	1.0	0.0	1.0	1.0	0.625957132744244	0.0	1.0	1.0	1.0
ru	1.0	1.0	1.0	1.0	0.6067636116293127	0.11801528792011375	1.0	0.15207623443110652	0.2632663326252378	0.1257388951124892	1.0	1.0	0.21876860073104681	0.23923006022137364	0.26211577657147933	1.0	1.0	1.0	1.0	1.0	0.0	0.14177514894953414	0.13924593795153517	0.15494879542501355	0.5604180666859991	1.0	0.35396912506601835	1.0	0.366180569136384	1.0	0.19994267712881608	1.0	1.0	1.0	1.0
sh	0.0	1.0	0.0	0.0	1.0	0.29469057263439064	1.0	0.2799104991506958	0.5612583910855369	0.42656430195038175	1.0	1.0	0.3277637885063415	0.7411828468492555	0.2828021472007035	0.5453111577010743	1.0	1.0	1.0	1.0	0.0	0.5421617887416028	0.4829662742826801	0.6163326624308246	1.0	0.35396912506601835	1.0	0.0	0.7411828468492556	0.3904661345317612	0.7300208629885034	0.0	1.0	1.0	0.37680338430392424
si	0.0	0.0	0.0	0.0	0.0	0.0	0.0	1.0	0.0	1.0	0.0	0.0	0.0	1.0	1.0	0.0	0.0	0.0	0.0	0.0	0.0	0.0	0.0	0.0	0.0	1.0	0.0	1.0	0.0	0.0	1.0	0.0	0.0	0.0	0.0
simple	1.0	1.0	1.0	1.0	0.43526109167898114	0.358806589977993	0.74551343442257	0.22728951684667412	0.37050141005952797	0.4025952884813985	0.7455134344225701	1.0	0.4195719298829873	0.3693122950119785	0.2629835688949061	0.3685080672595193	0.6221982196391783	0.7690990303325336	0.7510341748895939	1.0	0.0	0.3832057358909526	0.4643469376949935	0.2972573926985989	1.0	0.366180569136384	0.7411828468492556	0.0	1.0	1.0	0.4259851048806771	0.0	0.6740515375688696	0.0	0.3844266976198335
sr	0.0	1.0	1.0	1.0	1.0	0.3777887145376843	1.0	0.3293415316871025	1.0	0.5336363521791775	1.0	1.0	1.0	0.7411828468492556	0.31554239780743365	1.0	1.0	1.0	1.0	1.0	0.0	0.3868925482431308	0.3802578063308078	0.6030419283415577	1.0	1.0	0.3904661345317612	0.0	1.0	1.0	0.49905987802084517	0.0	1.0	1.0	1.0
sv	0.5660160774121898	1.0	1.0	0.7863954451402115	0.3310752382098821	0.16297554618389135	0.3634185198627928	0.1390674427441597	0.19474901042636628	0.16550042177866142	0.5332061369961656	0.6128508099341461	0.30608538952879094	0.3304856678141184	0.18454836682646095	0.17992206629671975	0.40883660734462685	0.7376607345031153	0.3673572416284735	1.0	0.0	0.16673230125514985	0.17375284680069214	0.16596177289539454	0.625957132744244	0.19994267712881608	0.7300208629885034	1.0	0.4259851048806771	0.49905987802084517	1.0	0.0	0.5202726008132775	1.0	0.2896600334274028
te	0.0	0.0	0.0	0.0	0.0	0.0	0.0	0.0	0.0	1.0	0.0	1.0	0.0	0.0	0.0	1.0	0.0	0.0	0.0	0.0	0.0	0.0	1.0	0.0	0.0	1.0	0.0	0.0	0.0	0.0	0.0	1.0	0.0	0.0	0.0
vi	1.0	1.0	1.0	1.0	0.6391906500312812	0.7171176902274347	1.0	0.21148722593940628	0.3731100656073554	0.35364496198311024	1.0	1.0	0.7411828468492556	0.4383820513970752	0.3104996685793219	1.0	1.0	1.0	1.0	1.0	0.0	0.3602994034400058	0.4422130857415622	0.5497429308601349	1.0	1.0	1.0	0.0	0.6740515375688696	1.0	0.5202726008132775	0.0	1.0	1.0	1.0
war	0.0	0.0	0.0	0.0	1.0	1.0	1.0	1.0	1.0	1.0	1.0	1.0	1.0	1.0	1.0	1.0	1.0	1.0	1.0	1.0	0.0	1.0	1.0	1.0	1.0	1.0	1.0	0.0	0.0	1.0	1.0	0.0	1.0	1.0	1.0
zh	1.0	1.0	1.0	1.0	0.7221793916855703	0.2600535700692488	1.0	0.17002387039788305	0.5761073000459279	0.2153828743678334	1.0	1.0	0.3345524324825847	0.24790879903140808	0.25776318595255954	1.0	1.0	1.0	1.0	1.0	0.0	0.23429703820510644	0.2708746599150913	0.17408035831430496	1.0	1.0	0.37680338430392424	0.0	0.3844266976198335	1.0	0.2896600334274028	0.0	1.0	1.0	1.0
