arz	bs	ceb	ckb	da	de	el	en	es	fr	he	hi	hu	id	it	ja	ko	lv	mk	ml	mr	nl	pl	pt	ro	ru	sh	si	simple	sr	sv	te	vi	war	zh
arz	1.0	0.45310508519001097	0.7584325078215763	0.5973131203959099	0.3078975097583425	0.4782745193747479	0.4566404277142859	0.3958408841901	0.3530895742027923	0.31037901267831025	0.4854336046775246	0.7863954451402115	0.46310183346919853	0.3842977504812617	0.39506662875586274	0.49897845592614204	0.42714856126527234	0.5188927939249828	0.27806884678580923	0.4106523257153361	0.6290066987253158	0.340619497264128	0.47769061377139754	0.29929742164207696	0.5269823837871763	0.29533199776154373	0.40997145553430236	1.0	0.30075311402404764	0.47879766682436997	0.5389140264605137	1.0	0.392026073635334	0.6994017365373274	0.43761800949566587
bs	0.45310508519001097	1.0	0.695593823909448	0.44793493702277026	0.37051222727876093	0.6206583416525171	0.5048559764567643	0.3750141045383737	0.34342621763314635	0.32689061771478056	0.5533008708709692	0.6976018785178005	0.5230353516738326	0.5272837692697674	0.41176603237136616	0.523769307617772	0.49366525631911023	0.5415544369151098	0.2961032931407138	0.41298457340633665	0.665030552339163	0.4614113140905151	0.46663672867455036	0.31612899906940256	0.5678887857175867	0.30587435663713114	0.5079337186097868	1.0	0.4931946851875996	0.5142175145566944	0.613669420945888	1.0	0.2785596874619885	0.6929869399068506	0.5303240729600783
ceb	0.7584325078215763	0.695593823909448	1.0	0.6542995095836412	0.388878943088341	0.72653347084664	0.4029999283283098	0.6140484188241382	0.4100224906965569	0.44930756545688116	0.6569998762970467	1.0	0.6352959309682975	0.691153223811888	0.4100224906965569	0.7584325078215763	0.3946514430744052	0.7584325078215763	0.7720199480579506	0.40782899883517226	0.7584325078215765	0.3888789430883409	0.72653347084664	0.4576444201675777	0.7577119927011142	0.3693476374884171	0.6782299675234713	1.0	0.3946514430744052	0.6322181043977236	1.0	1.0	0.43307536609890934	1.0	0.5780692596358215
ckb	0.5973131203959099	0.44793493702277026	0.6542995095836412	1.0	0.3596909200883301	0.46911171280556335	0.4017191153546445	0.38321269942686664	0.37172957742310564	0.38035053378711775	0.41973621533812905	0.6723191802055581	0.3996838070325578	0.4240831519915277	0.37803895102974094	0.45342876818899125	0.40548530479414796	0.40792258081403787	0.4928902270770949	0.486794305068457	0.5523495618501276	0.46255097605935686	0.40903536835090987	0.2763591983694	0.4943548692976	0.27657382108707085	0.4099274708555282	1.0	0.42477500204724733	0.44846729600240565	0.42989206633893057	1.0	0.3272409077519279	0.5067480845144653	0.45369835323313806
da	0.3078975097583425	0.37051222727876093	0.388878943088341	0.3596909200883301	1.0	0.29954721515842864	0.3259761407969582	0.2715830204304939	0.28680132192794083	0.2680138015220793	0.3488856110737213	0.8943504275997423	0.38599243978162057	0.34924410438985715	0.27405456919731513	0.30113942932130133	0.3520459640472814	0.2901479440255364	0.24509401399606257	0.35463649584252965	0.3521564835258376	0.32281214821843845	0.2964949020848786	0.3386031954899412	0.3382936907759415	0.27729142842796856	0.3614974203316819	1.0	0.28966099697917147	0.2951596373672844	0.3250468410327586	1.0	0.26277409087599585	0.3416780741714758	0.33261610833223537
de	0.4782745193747479	0.6206583416525171	0.72653347084664	0.46911171280556335	0.29954721515842864	1.0	0.393651018716179	0.23322128787599833	0.2581238013977366	0.23038419190110718	0.37898262713409514	0.7690990303325336	0.4026504132760793	0.3997880854737505	0.259603421011552	0.2226292737499976	0.35647603544111917	0.44355109659035014	0.32067445978898274	0.39871780979395227	0.662260262028146	0.2170782139339631	0.24521897950537475	0.3754866753680347	0.4065671383103411	0.23478142922873463	0.46514227812717557	1.0	0.41767626979615485	0.4131702982125942	0.29788680077205515	1.0	0.3718154660201691	0.6908587525207897	0.3580186424320232
el	0.4566404277142859	0.5048559764567643	0.4029999283283098	0.4017191153546445	0.3259761407969582	0.393651018716179	1.0	0.3919802051905212	0.39214124193383637	0.38635420008727767	0.4361717757532969	0.5185838122410963	0.50803758814243	0.36917073268726214	0.36534253114527426	0.46047887711650826	0.4554447687210074	0.3898092842016802	0.29956996377111544	0.3469468487819128	0.5362041778953514	0.4327642279525236	0.41303977887091814	0.3175556288700825	0.3456376618480882	0.4313577216556515	0.42828250699583126	1.0	0.4343747023514754	0.47274034784390173	0.4052032391528138	1.0	0.33346881705321324	0.5974433972341469	0.36990391292370967
en	0.3958408841901	0.3750141045383737	0.6140484188241382	0.38321269942686664	0.2715830204304939	0.23322128787599833	0.3919802051905212	1.0	0.2832769669675061	0.23683008538753958	0.3604083405322399	0.6743202287441529	0.39098461826172715	0.32974586763837915	0.3316402042265126	0.25974958394942377	0.370312027226195	0.38215670761214576	0.3102702819014	0.36787708871319397	0.6558560691573024	0.2451514247157699	0.2218981876569166	0.3299580809271755	0.2785476867148676	0.293224166786307	0.34597307544100175	1.0	0.3282798477844648	0.32280618319928484	0.3546715231828566	1.0	0.2772137254148975	0.5553810808800049	0.32979541716716315
es	0.3530895742027923	0.34342621763314635	0.4100224906965569	0.37172957742310564	0.28680132192794083	0.2581238013977366	0.39214124193383637	0.2832769669675061	1.0	0.27628406364198754	0.33213464546118043	0.453601195752624	0.3518768562096032	0.3004739770001578	0.26024853872831877	0.2737719167996863	0.4022259742446948	0.3573461463151139	0.2739776295153646	0.35612774156393706	0.3940110828429201	0.3102610130312936	0.2593220956323884	0.3033232045674288	0.2815302235905171	0.2661753388103625	0.3283336341987804	1.0	0.3278299309780662	0.3145265985128185	0.2491292341049712	1.0	0.3342993486703049	0.3757794517180615	0.3405408284912148
fr	0.31037901267831025	0.32689061771478056	0.44930756545688116	0.38035053378711775	0.2680138015220793	0.23038419190110718	0.38635420008727767	0.23683008538753958	0.27628406364198754	1.0	0.3407501040531146	0.3969831344592704	0.3677124624325932	0.28841884276139645	0.2285311526950482	0.2351947254879495	0.36449291463756217	0.2991159920973512	0.2652097003553404	0.2962075265702556	0.4092524014257873	0.2522206991394134	0.227548903899637	0.32727392626702695	0.26252775216949187	0.24992274888585703	0.31910557382563576	1.0	0.2532508555852815	0.2928476315073738	0.29522288396871205	1.0	0.29193378618196153	0.3276803495723027	0.31149146293312946
he	0.4854336046775246	0.5533008708709692	0.6569998762970467	0.41973621533812905	0.3488856110737213	0.37898262713409514	0.4361717757532969	0.3604083405322399	0.33213464546118043	0.3407501040531146	1.0	0.4403547352276071	0.41346618513610933	0.39346595382453425	0.32841920948134457	0.3122575511520324	0.3857906842111099	0.4399202178386115	0.33714013395811004	0.3847595619118155	0.690673288683215	0.27543013838949126	0.2827369370651549	0.38184934011347943	0.34537237436758794	0.3095110465291495	0.4206614664960996	1.0	0.38370136796054066	0.3843381595341897	0.3663450115843943	1.0	0.3368419562321614	0.6240844285941702	0.3553769603897903
hi	0.7863954451402115	0.6976018785178005	1.0	0.6723191802055581	0.8943504275997423	0.7690990303325336	0.5185838122410963	0.6743202287441529	0.453601195752624	0.3969831344592704	0.4403547352276071	1.0	0.4227791380610367	0.6743202287441529	0.4385337322454638	0.6723191802055581	0.8943504275997423	0.674320228744153	0.8755395908437883	0.4510813722560275	1.0	0.6571850488062713	0.6743202287441529	0.3716402665745296	0.6063179175137124	0.3963187682951079	0.6907302047827748	1.0	0.5020797777427737	0.745846528445733	0.674320228744153	1.0	0.44650355581684187	1.0	0.801088375685964
hu	0.46310183346919853	0.5230353516738326	0.6352959309682975	0.3996838070325578	0.38599243978162057	0.4026504132760793	0.50803758814243	0.39098461826172715	0.3518768562096032	0.3677124624325932	0.41346618513610933	0.4227791380610367	1.0	0.41672311578891713	0.30082322807092765	0.26230415888533914	0.43144489065891767	0.39409374215524073	0.3166621109114714	0.35324878943376337	0.6456382420325146	0.3806628446413857	0.3542834128319908	0.3768038753800302	0.4058244096259499	0.37277287069613646	0.47122873354489364	1.0	0.42385025171928914	0.39013293738416355	0.441336950056542	1.0	0.2715208878798166	0.6194155866210413	0.3982412657797336
id	0.3842977504812617	0.5272837692697674	0.691153223811888	0.4240831519915277	0.34924410438985715	0.3997880854737505	0.36917073268726214	0.32974586763837915	0.3004739770001578	0.28841884276139645	0.39346595382453425	0.6743202287441529	0.41672311578891713	1.0	0.32224177483043714	0.28502002702329166	0.37360345077919876	0.4327077185363195	0.3338551822593515	0.45449847940781973	0.542053099267586	0.33692451135594104	0.38164066548153514	0.3181215044279453	0.33685363166329024	0.3705582857219965	0.3838043020833788	1.0	0.38742326672559674	0.37900140549633937	0.39485705437449314	1.0	0.30726871853673	0.5300470796028135	0.35212158360589507
it	0.39506662875586274	0.41176603237136616	0.4100224906965569	0.37803895102974094	0.27405456919731513	0.259603421011552	0.36534253114527426	0.3316402042265126	0.26024853872831877	0.2285311526950482	0.32841920948134457	0.4385337322454638	0.30082322807092765	0.32224177483043714	1.0	0.2799868384135943	0.33217813993458745	0.390665221471633	0.314478212767203	0.35519263942647394	0.40963022815324557	0.2516722720551945	0.2730431437751609	0.2857241142501195	0.3164529587032226	0.28143766987091845	0.3722943926665165	1.0	0.3456829648944742	0.3842506952008376	0.33251187041288977	1.0	0.2711840456234166	0.43115534298019836	0.36935395955598166
ja	0.49897845592614204	0.523769307617772	0.7584325078215763	0.45342876818899125	0.30113942932130133	0.2226292737499976	0.46047887711650826	0.25974958394942377	0.2737719167996863	0.2351947254879495	0.3122575511520324	0.6723191802055581	0.26230415888533914	0.28502002702329166	0.2799868384135943	1.0	0.37435808886914107	0.3660765930442639	0.307661950418875	0.46824356893798497	0.7592518462620192	0.2909556550094474	0.25841131520953425	0.29307732704728845	0.32236808988316934	0.29445213727330083	0.31893763857152707	1.0	0.2766292108527472	0.31355502042540073	0.28627279263913186	1.0	0.3400042172380865	0.7150677867865318	0.3739572259088757
ko	0.42714856126527234	0.49366525631911023	0.3946514430744052	0.40548530479414796	0.3520459640472814	0.35647603544111917	0.4554447687210074	0.370312027226195	0.4022259742446948	0.36449291463756217	0.3857906842111099	0.8943504275997423	0.43144489065891767	0.37360345077919876	0.33217813993458745	0.37435808886914107	1.0	0.43308289555870255	0.3366956070005674	0.41427144764492363	0.3682860271839523	0.3900011843909229	0.3783080460538105	0.31644520492999184	0.3365616555606273	0.3411830076596324	0.4664380755351085	1.0	0.38231399033404845	0.4157571872245032	0.3824788289476195	1.0	0.3242137839672384	0.5098984458267529	0.41627610117469493
lv	0.5188927939249828	0.5415544369151098	0.7584325078215763	0.40792258081403787	0.2901479440255364	0.44355109659035014	0.3898092842016802	0.38215670761214576	0.3573461463151139	0.2991159920973512	0.4399202178386115	0.674320228744153	0.39409374215524073	0.4327077185363195	0.390665221471633	0.3660765930442639	0.43308289555870255	1.0	0.2971159518691247	0.38736460490867775	0.5916293065124005	0.36550258755059817	0.35959758173478035	0.3422537365937202	0.3763100445131433	0.36589400226222535	0.41933283557111944	1.0	0.3931635300050076	0.39547142960207216	0.4439052928965259	1.0	0.247958459980673	0.7257120346900997	0.37319999109599467
mk	0.27806884678580923	0.2961032931407138	0.7720199480579506	0.4928902270770949	0.24509401399606257	0.32067445978898274	0.29956996377111544	0.3102702819014	0.2739776295153646	0.2652097003553404	0.33714013395811004	0.8755395908437883	0.3166621109114714	0.3338551822593515	0.314478212767203	0.307661950418875	0.3366956070005674	0.2971159518691247	1.0	0.3454047855904354	0.5331144650592311	0.26153802473406546	0.3133866648372051	0.3246888362537325	0.2673693353736967	0.233922357878189	0.2782260076338961	1.0	0.32032274384365056	0.3364990189635482	0.3576305093722885	1.0	0.23043512882219616	0.33122036682688155	0.32126169896366386
ml	0.4106523257153361	0.41298457340633665	0.40782899883517226	0.486794305068457	0.35463649584252965	0.39871780979395227	0.3469468487819128	0.36787708871319397	0.35612774156393706	0.2962075265702556	0.3847595619118155	0.4510813722560275	0.35324878943376337	0.45449847940781973	0.35519263942647394	0.46824356893798497	0.41427144764492363	0.38736460490867775	0.3454047855904354	1.0	0.3825966340475478	0.4786751847041989	0.41622775530484435	0.24454494471137303	0.4616269069560504	0.2665245356868273	0.37737522017384606	1.0	0.2804560008830432	0.5044443380996522	0.39813766993224586	1.0	0.4019836556767327	0.3656673613697383	0.4961330036477851
mr	0.6290066987253158	0.665030552339163	0.7584325078215765	0.5523495618501276	0.3521564835258376	0.662260262028146	0.5362041778953514	0.6558560691573024	0.3940110828429201	0.4092524014257873	0.690673288683215	1.0	0.6456382420325146	0.542053099267586	0.40963022815324557	0.7592518462620192	0.3682860271839523	0.5916293065124005	0.5331144650592311	0.3825966340475478	1.0	0.4008652357001435	0.5519992501999232	0.4362008049456414	0.6901209723843115	0.3772502043806517	0.5633826570525857	1.0	0.4668139614034118	0.5963134780001749	0.7106922308883378	1.0	0.4413768413425476	0.7106922308883378	0.5666691628444812
nl	0.340619497264128	0.4614113140905151	0.3888789430883409	0.46255097605935686	0.32281214821843845	0.2170782139339631	0.4327642279525236	0.2451514247157699	0.3102610130312936	0.2522206991394134	0.27543013838949126	0.6571850488062713	0.3806628446413857	0.33692451135594104	0.2516722720551945	0.2909556550094474	0.3900011843909229	0.36550258755059817	0.26153802473406546	0.4786751847041989	0.4008652357001435	1.0	0.2611200389577805	0.2688065907692134	0.3518615459489887	0.253077339056727	0.38788391862958466	1.0	0.29732292169519414	0.39994269487752715	0.29408542933042103	1.0	0.35047545524889073	0.34888850034920577	0.3118270836554187
pl	0.47769061377139754	0.46663672867455036	0.72653347084664	0.40903536835090987	0.2964949020848786	0.24521897950537475	0.41303977887091814	0.2218981876569166	0.2593220956323884	0.227548903899637	0.2827369370651549	0.6743202287441529	0.3542834128319908	0.38164066548153514	0.2730431437751609	0.25841131520953425	0.3783080460538105	0.35959758173478035	0.3133866648372051	0.41622775530484435	0.5519992501999232	0.2611200389577805	1.0	0.2544157084776976	0.32565425266378184	0.2554722479913759	0.40527176933810205	1.0	0.39478862603178877	0.3700379669946563	0.2437871813125931	1.0	0.3153864097142701	0.502068282297246	0.3462385137067015
pt	0.29929742164207696	0.31612899906940256	0.4576444201675777	0.2763591983694	0.3386031954899412	0.3754866753680347	0.3175556288700825	0.3299580809271755	0.3033232045674288	0.32727392626702695	0.38184934011347943	0.3716402665745296	0.3768038753800302	0.3181215044279453	0.2857241142501195	0.29307732704728845	0.31644520492999184	0.3422537365937202	0.3246888362537325	0.24454494471137303	0.4362008049456414	0.2688065907692134	0.2544157084776976	1.0	0.3013179254966986	0.3143678710310058	0.31208829507976166	1.0	0.30219323367049555	0.3319662276929266	0.36172246094142996	1.0	0.29764438417720046	0.37399359253612185	0.30723711738780685
ro	0.5269823837871763	0.5678887857175867	0.7577119927011142	0.4943548692976	0.3382936907759415	0.4065671383103411	0.3456376618480882	0.2785476867148676	0.2815302235905171	0.26252775216949187	0.34537237436758794	0.6063179175137124	0.4058244096259499	0.33685363166329024	0.3164529587032226	0.32236808988316934	0.3365616555606273	0.3763100445131433	0.2673693353736967	0.4616269069560504	0.6901209723843115	0.3518615459489887	0.32565425266378184	0.3013179254966986	1.0	0.3608456637330987	0.3820127588611908	1.0	0.3512745243816029	0.3615239526568898	0.37659254522429325	1.0	0.37160746066636763	0.6569515103239003	0.3476760145547195
ru	0.29533199776154373	0.30587435663713114	0.3693476374884171	0.27657382108707085	0.27729142842796856	0.23478142922873463	0.4313577216556515	0.293224166786307	0.2661753388103625	0.24992274888585703	0.3095110465291495	0.3963187682951079	0.37277287069613646	0.3705582857219965	0.28143766987091845	0.29445213727330083	0.3411830076596324	0.36589400226222535	0.233922357878189	0.2665245356868273	0.3772502043806517	0.253077339056727	0.2554722479913759	0.3143678710310058	0.3608456637330987	1.0	0.3994443940189674	1.0	0.4177251636683514	0.3598512144897538	0.3108370557045264	1.0	0.38668460140561217	0.32169677635675364	0.31038199148720425
sh	0.40997145553430236	0.5079337186097868	0.6782299675234713	0.4099274708555282	0.3614974203316819	0.46514227812717557	0.42828250699583126	0.34597307544100175	0.3283336341987804	0.31910557382563576	0.4206614664960996	0.6907302047827748	0.47122873354489364	0.3838043020833788	0.3722943926665165	0.31893763857152707	0.4664380755351085	0.41933283557111944	0.2782260076338961	0.37737522017384606	0.5633826570525857	0.38788391862958466	0.40527176933810205	0.31208829507976166	0.3820127588611908	0.3994443940189674	1.0	1.0	0.37159010532809145	0.3478107447885628	0.5087538972335127	1.0	0.25090186088009314	0.6063931314697018	0.4494373814812515
si	1.0	1.0	1.0	1.0	1.0	1.0	1.0	1.0	1.0	1.0	1.0	1.0	1.0	1.0	1.0	1.0	1.0	1.0	1.0	1.0	1.0	1.0	1.0	1.0	1.0	1.0	1.0	1.0	1.0	1.0	1.0	1.0	1.0	1.0	1.0
simple	0.30075311402404764	0.4931946851875996	0.3946514430744052	0.42477500204724733	0.28966099697917147	0.41767626979615485	0.4343747023514754	0.3282798477844648	0.3278299309780662	0.2532508555852815	0.38370136796054066	0.5020797777427737	0.42385025171928914	0.38742326672559674	0.3456829648944742	0.2766292108527472	0.38231399033404845	0.3931635300050076	0.32032274384365056	0.2804560008830432	0.4668139614034118	0.29732292169519414	0.39478862603178877	0.30219323367049555	0.3512745243816029	0.4177251636683514	0.37159010532809145	1.0	1.0	0.38434834363232556	0.3792149626241302	1.0	0.32619010707006424	0.5260717028144394	0.35178091596417144
sr	0.47879766682436997	0.5142175145566944	0.6322181043977236	0.44846729600240565	0.2951596373672844	0.4131702982125942	0.47274034784390173	0.32280618319928484	0.3145265985128185	0.2928476315073738	0.3843381595341897	0.745846528445733	0.39013293738416355	0.37900140549633937	0.3842506952008376	0.31355502042540073	0.4157571872245032	0.39547142960207216	0.3364990189635482	0.5044443380996522	0.5963134780001749	0.39994269487752715	0.3700379669946563	0.3319662276929266	0.3615239526568898	0.3598512144897538	0.3478107447885628	1.0	0.38434834363232556	1.0	0.3899757923507028	1.0	0.2911627944014809	0.6218290413922373	0.40974620624370145
sv	0.5389140264605137	0.613669420945888	1.0	0.42989206633893057	0.3250468410327586	0.29788680077205515	0.4052032391528138	0.3546715231828566	0.2491292341049712	0.29522288396871205	0.3663450115843943	0.674320228744153	0.441336950056542	0.39485705437449314	0.33251187041288977	0.28627279263913186	0.3824788289476195	0.4439052928965259	0.3576305093722885	0.39813766993224586	0.7106922308883378	0.29408542933042103	0.2437871813125931	0.36172246094142996	0.37659254522429325	0.3108370557045264	0.5087538972335127	1.0	0.3792149626241302	0.3899757923507028	1.0	1.0	0.3751646556327241	1.0	0.37967574988505964
te	1.0	1.0	1.0	1.0	1.0	1.0	1.0	1.0	1.0	1.0	1.0	1.0	1.0	1.0	1.0	1.0	1.0	1.0	1.0	1.0	1.0	1.0	1.0	1.0	1.0	1.0	1.0	1.0	1.0	1.0	1.0	1.0	1.0	1.0	1.0
vi	0.392026073635334	0.2785596874619885	0.43307536609890934	0.3272409077519279	0.26277409087599585	0.3718154660201691	0.33346881705321324	0.2772137254148975	0.3342993486703049	0.29193378618196153	0.3368419562321614	0.44650355581684187	0.2715208878798166	0.30726871853673	0.2711840456234166	0.3400042172380865	0.3242137839672384	0.247958459980673	0.23043512882219616	0.4019836556767327	0.4413768413425476	0.35047545524889073	0.3153864097142701	0.29764438417720046	0.37160746066636763	0.38668460140561217	0.25090186088009314	1.0	0.32619010707006424	0.2911627944014809	0.3751646556327241	1.0	1.0	0.39080448202527474	0.34783983648585637
war	0.6994017365373274	0.6929869399068506	1.0	0.5067480845144653	0.3416780741714758	0.6908587525207897	0.5974433972341469	0.5553810808800049	0.3757794517180615	0.3276803495723027	0.6240844285941702	1.0	0.6194155866210413	0.5300470796028135	0.43115534298019836	0.7150677867865318	0.5098984458267529	0.7257120346900997	0.33122036682688155	0.3656673613697383	0.7106922308883378	0.34888850034920577	0.502068282297246	0.37399359253612185	0.6569515103239003	0.32169677635675364	0.6063931314697018	1.0	0.5260717028144394	0.6218290413922373	1.0	1.0	0.39080448202527474	1.0	0.5373618898695696
zh	0.43761800949566587	0.5303240729600783	0.5780692596358215	0.45369835323313806	0.33261610833223537	0.3580186424320232	0.36990391292370967	0.32979541716716315	0.3405408284912148	0.31149146293312946	0.3553769603897903	0.801088375685964	0.3982412657797336	0.35212158360589507	0.36935395955598166	0.3739572259088757	0.41627610117469493	0.37319999109599467	0.32126169896366386	0.4961330036477851	0.5666691628444812	0.3118270836554187	0.3462385137067015	0.30723711738780685	0.3476760145547195	0.31038199148720425	0.4494373814812515	1.0	0.35178091596417144	0.40974620624370145	0.37967574988505964	1.0	0.34783983648585637	0.5373618898695696	1.0
