arz	bs	ceb	ckb	da	de	el	en	es	fr	he	hi	hu	id	it	ja	ko	lv	mk	ml	mr	nl	pl	pt	ro	ru	sh	si	simple	sr	sv	te	vi	war	zh
arz	1.0	0.0	0.0	0.0	1.0	1.0	1.0	1.0	1.0	1.0	1.0	1.0	1.0	1.0	1.0	1.0	1.0	1.0	0.0	1.0	0.0	1.0	1.0	1.0	1.0	1.0	1.0	0.0	1.0	1.0	1.0	0.0	1.0	0.0	1.0
bs	0.0	1.0	1.0	1.0	1.0	0.6931280881866329	0.7411828468492556	0.6589257440209709	0.661251134120194	0.661251134120194	0.6740515375688696	1.0	0.6740515375688696	0.7047404810937389	0.7263875964832448	0.6667969795412325	0.6786291688147437	0.7510341748895938	1.0	0.7455134344225701	1.0	0.6589257440209708	0.6667969795412325	0.728099120889861	0.6740515375688697	0.6589257440209708	0.6740515375688697	1.0	1.0	0.6786291688147437	0.6667969795412325	0.0	0.7411828468492555	0.7863954451402115	0.6638546162332061
ceb	0.0	1.0	1.0	0.0	0.0	1.0	1.0	1.0	1.0	1.0	1.0	0.0	0.0	1.0	1.0	1.0	1.0	0.0	0.0	0.0	0.0	1.0	1.0	1.0	1.0	1.0	0.0	0.0	0.0	1.0	1.0	0.0	1.0	0.0	1.0
ckb	0.0	1.0	0.0	1.0	1.0	1.0	1.0	1.0	1.0	1.0	1.0	1.0	1.0	1.0	1.0	1.0	1.0	1.0	1.0	1.0	1.0	1.0	1.0	1.0	1.0	1.0	1.0	1.0	1.0	1.0	1.0	0.0	1.0	1.0	1.0
da	1.0	1.0	0.0	1.0	1.0	0.5572817522165678	1.0	0.4788576159233768	0.5285922977261885	0.6364353709769035	0.7171176902274347	1.0	0.7199285383279771	0.7155258672934658	0.5637497650615567	0.7128329397683222	0.6005372740388509	1.0	1.0	1.0	1.0	0.7096516635440987	1.0	0.5497405758583842	0.7210092110599264	0.7096516635440984	1.0	1.0	1.0	0.6069108615366312	0.554095639816749	0.0	1.0	0.7863954451402115	0.7141080454298697
de	1.0	0.6931280881866329	1.0	1.0	0.5572817522165678	1.0	0.5469473244238096	0.20299467341170024	0.2601812493224684	0.2789092582244224	0.4872144301070416	1.0	0.5644612257079696	0.42277646088262827	0.29186110730652975	0.3365745792537185	0.5245337276068023	1.0	1.0	0.728099120889861	1.0	0.3367787665463373	0.40064475788839304	0.2777541248800575	0.5652099812215233	0.384465313706059	0.5072618200566499	1.0	0.6423162003593037	0.5964044785943999	0.3220435295364197	1.0	0.7075325319701222	0.7690990303325336	0.48353718003172386
el	1.0	0.7411828468492556	1.0	1.0	1.0	0.5469473244238096	1.0	0.6347195024507911	1.0	1.0	1.0	1.0	1.0	0.5850722921121673	1.0	1.0	1.0	1.0	1.0	1.0	1.0	0.7141080454298697	1.0	1.0	1.0	1.0	1.0	1.0	1.0	1.0	1.0	0.0	1.0	0.7690990303325336	1.0
en	1.0	0.6589257440209709	1.0	1.0	0.4788576159233768	0.20299467341170024	0.6347195024507911	1.0	0.2521869691324181	0.2557248076987887	0.33340167019328315	1.0	0.5066286584540476	0.3928279229925646	0.2801818655474303	0.4260223191567388	0.4911435739911482	1.0	1.0	1.0	1.0	0.3029507448250499	0.3755640512115734	0.2461828715706593	0.6289390364104469	0.27829618118474464	0.5924658130616859	1.0	0.46216790395123464	0.6318190499308989	0.32298878517170687	1.0	0.5543160305234947	0.7690990303325336	0.48801898137381666
es	1.0	0.661251134120194	1.0	1.0	0.5285922977261885	0.2601812493224684	1.0	0.2521869691324181	1.0	0.3869508180904495	1.0	1.0	0.5356760664316984	0.4663327121046129	0.43272330166261447	0.5409639376672984	0.5790916044961203	1.0	1.0	1.0	1.0	0.43995042041590504	0.46796151791568324	0.37318682740693215	0.7101264857596848	0.48801898137381655	0.5958243804128454	1.0	0.7122412578101113	1.0	0.47030609652017236	1.0	0.7079259635809066	0.7690990303325336	0.622156755513119
fr	1.0	0.661251134120194	1.0	1.0	0.6364353709769035	0.2789092582244224	1.0	0.2557248076987887	0.3869508180904495	1.0	0.6287420897939837	1.0	1.0	0.47047776629488497	0.38834702108334	0.5412063912821085	0.7008670319311907	1.0	1.0	1.0	1.0	0.42558793239231746	0.5074345986581401	0.4014916560054478	0.6314395498907664	0.4883923131020245	0.5988341345139977	1.0	0.6314395498907666	1.0	0.5132976695930958	1.0	0.7091953875376781	0.7690990303325336	0.5747479002639628
he	1.0	0.6740515375688696	1.0	1.0	0.7171176902274347	0.4872144301070416	1.0	0.33340167019328315	1.0	0.6287420897939837	1.0	1.0	1.0	0.5263245255014597	0.6341911409180053	1.0	1.0	1.0	1.0	1.0	1.0	0.7067849872559716	1.0	0.5389690374981919	1.0	1.0	0.7221793916855703	1.0	1.0	1.0	0.6347195024507917	0.0	1.0	0.7863954451402115	1.0
hi	1.0	1.0	0.0	1.0	1.0	1.0	1.0	1.0	1.0	1.0	1.0	1.0	1.0	0.728099120889861	0.7221793916855703	1.0	1.0	1.0	1.0	1.0	1.0	1.0	1.0	0.7248485669756151	1.0	1.0	1.0	1.0	1.0	1.0	1.0	0.0	1.0	1.0	1.0
hu	1.0	0.6740515375688696	0.0	1.0	0.7199285383279771	0.5644612257079696	1.0	0.5066286584540476	0.5356760664316984	1.0	1.0	1.0	1.0	0.543706453035392	0.7101264857596847	0.5778517793972971	0.7134542832283587	1.0	1.0	1.0	1.0	0.6398385892358057	0.7122412578101113	0.7111374370280842	1.0	1.0	0.7221793916855703	1.0	1.0	1.0	0.7106212328351245	0.0	1.0	0.7690990303325336	0.5751631327282979
id	1.0	0.7047404810937389	1.0	1.0	0.7155258672934658	0.42277646088262827	0.5850722921121673	0.3928279229925646	0.4663327121046129	0.47047776629488497	0.5263245255014597	0.728099120889861	0.543706453035392	1.0	0.5290069623883532	0.5389690374981917	0.5681488092951019	1.0	1.0	1.0	1.0	0.46705912354585855	0.5314735784462667	0.45079567151689687	0.7147973711694584	0.5530823371392852	0.6357464214812708	1.0	1.0	0.5505854873933674	0.48708499850359555	0.0	1.0	0.7690990303325336	0.5303272228281574
it	1.0	0.7263875964832448	1.0	1.0	0.5637497650615567	0.29186110730652975	1.0	0.2801818655474303	0.43272330166261447	0.38834702108334	0.6341911409180053	0.7221793916855703	0.7101264857596847	0.5290069623883532	1.0	0.7002769331337118	0.5821956524078238	1.0	1.0	1.0	1.0	0.5095623919348553	0.5484098039914551	0.4278533646148653	0.7116768074483948	0.4820581830803449	0.6423162003593036	1.0	1.0	1.0	0.5202068457285203	1.0	0.7128329397683224	0.7690990303325336	0.5797204875684809
ja	1.0	0.6667969795412325	1.0	1.0	0.7128329397683222	0.3365745792537185	1.0	0.4260223191567388	0.5409639376672984	0.5412063912821085	1.0	1.0	0.5778517793972971	0.5389690374981917	0.7002769331337118	1.0	1.0	1.0	1.0	1.0	1.0	0.5782032259014136	0.6268516359385987	0.5451988153818975	1.0	1.0	0.7179915061657696	1.0	0.6475250169846578	1.0	0.6268516359385993	1.0	1.0	0.7690990303325336	1.0
ko	1.0	0.6786291688147437	1.0	1.0	0.6005372740388509	0.5245337276068023	1.0	0.4911435739911482	0.5790916044961203	0.7008670319311907	1.0	1.0	0.7134542832283587	0.5681488092951019	0.5821956524078238	1.0	1.0	1.0	1.0	1.0	1.0	0.6298101507615226	0.7034032621820073	0.5494406852419117	1.0	1.0	1.0	1.0	1.0	1.0	1.0	1.0	1.0	0.7690990303325336	1.0
lv	1.0	0.7510341748895938	0.0	1.0	1.0	1.0	1.0	1.0	1.0	1.0	1.0	1.0	1.0	1.0	1.0	1.0	1.0	1.0	1.0	1.0	1.0	1.0	1.0	0.7300208629885034	1.0	1.0	1.0	1.0	1.0	1.0	1.0	0.0	1.0	0.7690990303325336	1.0
mk	0.0	1.0	0.0	1.0	1.0	1.0	1.0	1.0	1.0	1.0	1.0	1.0	1.0	1.0	1.0	1.0	1.0	1.0	1.0	1.0	1.0	1.0	1.0	1.0	1.0	1.0	1.0	1.0	1.0	1.0	1.0	0.0	1.0	0.7863954451402115	1.0
ml	1.0	0.7455134344225701	0.0	1.0	1.0	0.728099120889861	1.0	1.0	1.0	1.0	1.0	1.0	1.0	1.0	1.0	1.0	1.0	1.0	1.0	1.0	1.0	1.0	1.0	0.7347168825662657	1.0	1.0	1.0	1.0	1.0	1.0	1.0	0.0	1.0	1.0	1.0
mr	0.0	1.0	0.0	1.0	1.0	1.0	1.0	1.0	1.0	1.0	1.0	1.0	1.0	1.0	1.0	1.0	1.0	1.0	1.0	1.0	1.0	1.0	1.0	1.0	1.0	1.0	1.0	1.0	1.0	1.0	1.0	0.0	1.0	1.0	1.0
nl	1.0	0.6589257440209708	1.0	1.0	0.7096516635440987	0.3367787665463373	0.7141080454298697	0.3029507448250499	0.43995042041590504	0.42558793239231746	0.7067849872559716	1.0	0.6398385892358057	0.46705912354585855	0.5095623919348553	0.5782032259014136	0.6298101507615226	1.0	1.0	1.0	1.0	1.0	0.4886929874888843	0.47103822392130557	0.6328903638342454	0.5192076507172586	0.5887701885684133	1.0	0.7849099117830907	1.0	0.5417238889283494	0.0	1.0	0.7690990303325336	0.701715325743649
pl	1.0	0.6667969795412325	1.0	1.0	1.0	0.40064475788839304	1.0	0.3755640512115734	0.46796151791568324	0.5074345986581401	1.0	1.0	0.7122412578101113	0.5314735784462667	0.5484098039914551	0.6268516359385987	0.7034032621820073	1.0	1.0	1.0	1.0	0.4886929874888843	1.0	0.4350714012107294	1.0	0.6973656372342552	0.6398385892358057	1.0	1.0	0.7101264857596846	0.6265638846001176	1.0	1.0	0.7690990303325336	0.6271466284307807
pt	1.0	0.728099120889861	1.0	1.0	0.5497405758583842	0.2777541248800575	1.0	0.2461828715706593	0.37318682740693215	0.4014916560054478	0.5389690374981919	0.7248485669756151	0.7111374370280842	0.45079567151689687	0.4278533646148653	0.5451988153818975	0.5494406852419117	0.7300208629885034	1.0	0.7347168825662657	1.0	0.47103822392130557	0.4350714012107294	1.0	0.6334134137277926	0.4268725534070354	0.6432357517002909	1.0	0.7141080454298697	1.0	0.4710826817989421	1.0	0.6398385892358057	0.7690990303325336	0.5211017649627875
ro	1.0	0.6740515375688697	1.0	1.0	0.7210092110599264	0.5652099812215233	1.0	0.6289390364104469	0.7101264857596848	0.6314395498907664	1.0	1.0	1.0	0.7147973711694584	0.7116768074483948	1.0	1.0	1.0	1.0	1.0	1.0	0.6328903638342454	1.0	0.6334134137277926	1.0	1.0	1.0	1.0	1.0	1.0	1.0	1.0	1.0	0.7690990303325336	1.0
ru	1.0	0.6589257440209708	1.0	1.0	0.7096516635440984	0.384465313706059	1.0	0.27829618118474464	0.48801898137381655	0.4883923131020245	1.0	1.0	1.0	0.5530823371392852	0.4820581830803449	1.0	1.0	1.0	1.0	1.0	1.0	0.5192076507172586	0.6973656372342552	0.4268725534070354	1.0	1.0	0.5977755651747494	1.0	0.7128329397683223	1.0	0.47134119466216995	1.0	1.0	0.7690990303325336	1.0
sh	1.0	0.6740515375688697	0.0	1.0	1.0	0.5072618200566499	1.0	0.5924658130616859	0.5958243804128454	0.5988341345139977	0.7221793916855703	1.0	0.7221793916855703	0.6357464214812708	0.6423162003593036	0.7179915061657696	1.0	1.0	1.0	1.0	1.0	0.5887701885684133	0.6398385892358057	0.6432357517002909	1.0	0.5977755651747494	1.0	1.0	1.0	0.6475250169846578	0.6024121817672691	0.0	0.7248485669756152	0.7690990303325336	0.6487871090048528
si	0.0	1.0	0.0	1.0	1.0	1.0	1.0	1.0	1.0	1.0	1.0	1.0	1.0	1.0	1.0	1.0	1.0	1.0	1.0	1.0	1.0	1.0	1.0	1.0	1.0	1.0	1.0	1.0	1.0	1.0	1.0	0.0	1.0	1.0	1.0
simple	1.0	1.0	0.0	1.0	1.0	0.6423162003593037	1.0	0.46216790395123464	0.7122412578101113	0.6314395498907666	1.0	1.0	1.0	1.0	1.0	0.6475250169846578	1.0	1.0	1.0	1.0	1.0	0.7849099117830907	1.0	0.7141080454298697	1.0	0.7128329397683223	1.0	1.0	1.0	1.0	1.0	0.0	0.7300208629885034	0.7863954451402115	1.0
sr	1.0	0.6786291688147437	1.0	1.0	0.6069108615366312	0.5964044785943999	1.0	0.6318190499308989	1.0	1.0	1.0	1.0	1.0	0.5505854873933674	1.0	1.0	1.0	1.0	1.0	1.0	1.0	1.0	0.7101264857596846	1.0	1.0	1.0	0.6475250169846578	1.0	1.0	1.0	1.0	1.0	1.0	0.7690990303325336	1.0
sv	1.0	0.6667969795412325	1.0	1.0	0.554095639816749	0.3220435295364197	1.0	0.32298878517170687	0.47030609652017236	0.5132976695930958	0.6347195024507917	1.0	0.7106212328351245	0.48708499850359555	0.5202068457285203	0.6268516359385993	1.0	1.0	1.0	1.0	1.0	0.5417238889283494	0.6265638846001176	0.4710826817989421	1.0	0.47134119466216995	0.6024121817672691	1.0	1.0	1.0	1.0	1.0	1.0	0.7690990303325336	0.5838435887902772
te	0.0	0.0	0.0	0.0	0.0	1.0	0.0	1.0	1.0	1.0	0.0	0.0	0.0	0.0	1.0	1.0	1.0	0.0	0.0	0.0	0.0	0.0	1.0	1.0	1.0	1.0	0.0	0.0	0.0	1.0	1.0	1.0	0.0	0.0	1.0
vi	1.0	0.7411828468492555	1.0	1.0	1.0	0.7075325319701222	1.0	0.5543160305234947	0.7079259635809066	0.7091953875376781	1.0	1.0	1.0	1.0	0.7128329397683224	1.0	1.0	1.0	1.0	1.0	1.0	1.0	1.0	0.6398385892358057	1.0	1.0	0.7248485669756152	1.0	0.7300208629885034	1.0	1.0	0.0	1.0	0.7690990303325336	1.0
war	0.0	0.7863954451402115	0.0	1.0	0.7863954451402115	0.7690990303325336	0.7690990303325336	0.7690990303325336	0.7690990303325336	0.7690990303325336	0.7863954451402115	1.0	0.7690990303325336	0.7690990303325336	0.7690990303325336	0.7690990303325336	0.7690990303325336	0.7690990303325336	0.7863954451402115	1.0	1.0	0.7690990303325336	0.7690990303325336	0.7690990303325336	0.7690990303325336	0.7690990303325336	0.7690990303325336	1.0	0.7863954451402115	0.7690990303325336	0.7690990303325336	0.0	0.7690990303325336	1.0	0.7690990303325336
zh	1.0	0.6638546162332061	1.0	1.0	0.7141080454298697	0.48353718003172386	1.0	0.48801898137381666	0.622156755513119	0.5747479002639628	1.0	1.0	0.5751631327282979	0.5303272228281574	0.5797204875684809	1.0	1.0	1.0	1.0	1.0	1.0	0.701715325743649	0.6271466284307807	0.5211017649627875	1.0	1.0	0.6487871090048528	1.0	1.0	1.0	0.5838435887902772	1.0	1.0	0.7690990303325336	1.0
