arz	bs	ceb	ckb	da	de	el	en	es	fr	he	hi	hu	id	it	ja	ko	lv	mk	ml	mr	nl	pl	pt	ro	ru	sh	si	simple	sr	sv	te	vi	war	zh
arz	1.0	1.0	0.0	0.0	1.0	1.0	0.5020797777427737	0.4308507195827609	1.0	0.0	1.0	0.0	1.0	1.0	1.0	1.0	1.0	1.0	1.0	0.0	0.0	0.7690990303325336	1.0	1.0	0.7863954451402115	1.0	1.0	0.0	1.0	0.5660160774121898	1.0	0.0	1.0	0.0	0.7584325078215763
bs	1.0	1.0	0.0	1.0	0.749506019670501	0.749506019670501	0.7288729994683297	0.37855820457654227	0.4091960027826639	0.0	0.785797229686108	1.0	1.0	0.7288729994683297	0.3963416593204606	0.7288729994683297	0.749506019670501	0.8152567555866981	0.7288729994683297	0.8216064286890065	1.0	0.749506019670501	0.47115437361911083	0.6253111759766209	0.6658533043750765	0.5534030558439758	0.749506019670501	1.0	0.7288729994683297	0.7288729994683297	0.749506019670501	1.0	0.8216064286890065	0.749506019670501	0.7023573766183026
ceb	0.0	0.0	1.0	0.0	1.0	1.0	1.0	1.0	1.0	0.0	1.0	0.0	0.0	0.0	1.0	1.0	1.0	1.0	0.0	0.0	0.0	1.0	1.0	1.0	1.0	1.0	1.0	0.0	0.0	0.0	1.0	0.0	1.0	0.0	1.0
ckb	0.0	1.0	0.0	1.0	1.0	1.0	1.0	1.0	1.0	0.0	1.0	1.0	1.0	1.0	1.0	1.0	1.0	1.0	1.0	1.0	1.0	1.0	1.0	1.0	1.0	0.7690990303325336	1.0	1.0	1.0	1.0	1.0	1.0	1.0	1.0	1.0
da	1.0	0.749506019670501	1.0	1.0	1.0	0.26497509671323327	0.4676139073719656	0.12302520619477543	0.22329030217768392	0.0	0.3712769593535696	1.0	0.5099672163726364	0.4104901264134127	0.26013948414926935	0.2645339635669097	0.44513901354020907	0.4821524970066899	0.6499913553099702	0.5418164709004941	1.0	0.1789492131040475	0.3107984911801791	0.292946330918312	0.23238312816041945	0.17433782325362943	0.4761744814377843	1.0	0.6589257440209708	1.0	0.16307914498801188	1.0	0.41919712559499983	1.0	0.29967915362784814
de	1.0	0.749506019670501	1.0	1.0	0.26497509671323327	1.0	0.18571601897958584	0.05412467380551078	0.11406255853193645	0.0	0.19958950321297922	0.7411828468492555	0.3772752697816942	0.32793085187060084	0.07761807737096169	0.1367130038085342	0.5896644872662041	0.31553313399793637	0.3968329504768795	0.20863177345368716	1.0	0.11317016033656449	0.09138758413326968	0.12124511233925488	0.2139695403441794	0.08108401484247803	0.3161861663596036	1.0	0.5040319042024627	0.3230637532017091	0.145709691804835	1.0	0.36419671742727217	1.0	0.14101432850885662
el	0.5020797777427737	0.7288729994683297	1.0	1.0	0.4676139073719656	0.18571601897958584	1.0	0.09051182690844717	0.14940292091869195	0.0	0.2741453392203315	1.0	0.4527087509242854	0.3065656531145403	0.12925045014189718	0.19035894283749333	0.38022182617212513	0.3789654123481907	0.5609458318244082	0.34610643631584254	1.0	0.14656539232099342	0.12375439386712671	0.18390962166044253	0.2686488916479423	0.13514916226783602	0.453528296085747	1.0	0.6167131210802118	0.5423306194246892	0.21851655585472407	1.0	0.34881829198034253	1.0	0.20273730583383825
en	0.4308507195827609	0.37855820457654227	1.0	1.0	0.12302520619477543	0.05412467380551078	0.09051182690844717	1.0	0.045413901041221776	0.7199285383279773	0.09929453765046775	0.5579344934180888	0.20369353477650404	0.16131995347393774	0.03296761615860177	0.08045158477501818	0.2079295789364876	0.16275272056503573	0.3767260474371012	0.07841352702666336	1.0	0.0484439652047134	0.04115869025803487	0.0480082326986066	0.10755355765860475	0.043369150180898555	0.14156315524887847	1.0	0.2360679007451787	0.23220839973853385	0.07275370623111097	1.0	0.20780982643703022	0.7992591943912659	0.09181967738746534
es	1.0	0.4091960027826639	1.0	1.0	0.22329030217768392	0.11406255853193645	0.14940292091869195	0.045413901041221776	1.0	1.0	0.1608999082047303	0.7347168825662658	0.3763020805555281	0.218389050478247	0.04255370777879877	0.12077172045120074	0.4580780882343495	0.29691224866052934	0.7605527737255403	0.16188317854183	1.0	0.07752735721258544	0.05372164576922145	0.07641837947403837	0.22555166721215425	0.06083975860808882	0.3055868183363799	1.0	0.380738728010264	0.26333990761312975	0.1189990377508782	1.0	0.29587848564917263	1.0	0.12155451657014991
fr	0.0	0.0	0.0	0.0	0.0	0.0	0.0	0.7199285383279773	1.0	1.0	0.0	0.0	0.0	0.0	0.39157088354930186	0.0	0.0	0.0	0.0	0.0	0.0	1.0	1.0	1.0	0.0	1.0	0.0	0.0	0.0	0.0	0.0	0.0	0.0	0.0	1.0
he	1.0	0.785797229686108	1.0	1.0	0.3712769593535696	0.19958950321297922	0.2741453392203315	0.09929453765046775	0.1608999082047303	0.0	1.0	1.0	0.4722597500751027	0.33731098836438567	0.15022569175005174	0.2088423878467274	0.4282758276527587	0.27029051282051414	1.0	0.4801966762742143	1.0	0.17652998123867453	0.15734395463689665	0.18965904300763295	0.243211709343356	0.13470652994762927	0.25031565257983834	1.0	0.49649350074437437	0.338137495036358	0.2066997950688524	1.0	0.3860025240527848	1.0	0.15629034588428442
hi	0.0	1.0	0.0	1.0	1.0	0.7411828468492555	1.0	0.5579344934180888	0.7347168825662658	0.0	1.0	1.0	1.0	0.7690990303325336	0.6093096912777513	0.6684560499369149	1.0	0.7690990303325336	1.0	1.0	1.0	1.0	1.0	0.7376607345031152	0.8125806012482828	0.833606173141405	1.0	1.0	1.0	1.0	1.0	1.0	1.0	1.0	1.0
hu	1.0	1.0	0.0	1.0	0.5099672163726364	0.3772752697816942	0.4527087509242854	0.20369353477650404	0.3763020805555281	0.0	0.4722597500751027	1.0	1.0	0.6525523252915483	0.21312814387922663	0.4148213348476593	0.5571237302534613	0.5747129628734963	1.0	0.4552308291740936	1.0	0.34061495093461847	0.28271364589745607	0.38475496600062853	0.3018476801211784	0.29108798172088235	0.7210092110599264	1.0	0.5270931859815077	0.7411828468492555	0.3146781952572323	1.0	0.3762103695727198	1.0	0.4279568417371162
id	1.0	0.7288729994683297	0.0	1.0	0.4104901264134127	0.32793085187060084	0.3065656531145403	0.16131995347393774	0.218389050478247	0.0	0.33731098836438567	0.7690990303325336	0.6525523252915483	1.0	0.21532179087374712	0.20932256597060248	0.3747575227142372	0.4121667292549913	0.7455134344225701	0.28816377725350595	1.0	0.23977714448352097	0.21782068747694233	0.2047368447220777	0.30661227945542263	0.19519666842888078	0.34406421788659725	0.7584325078215763	0.47636562648136666	0.6070269561668532	0.31604323457391564	1.0	0.3291580372184705	1.0	0.245896572680377
it	1.0	0.3963416593204606	1.0	1.0	0.26013948414926935	0.07761807737096169	0.12925045014189718	0.03296761615860177	0.04255370777879877	0.39157088354930186	0.15022569175005174	0.6093096912777513	0.21312814387922663	0.21532179087374712	1.0	0.1077212906049332	0.5097435454275007	0.2887258494229764	0.5233958759023052	0.12454026020747004	1.0	0.059299331830856436	0.043172331954569654	0.0654712780636934	0.18589158237691353	0.04529625192161181	0.20852842537182717	1.0	0.36784508244744923	0.27410633925493305	0.10794875359180288	1.0	0.268454394712041	1.0	0.11822418114601509
ja	1.0	0.7288729994683297	1.0	1.0	0.2645339635669097	0.1367130038085342	0.19035894283749333	0.08045158477501818	0.12077172045120074	0.0	0.2088423878467274	0.6684560499369149	0.4148213348476593	0.20932256597060248	0.1077212906049332	1.0	0.301146770268713	0.2715208673982868	0.48452974335543547	0.22272124018661366	1.0	0.1184989027337184	0.11769814604466326	0.12119839782959718	0.2092162614622065	0.10244174736216567	0.27612156946883715	1.0	0.3278365168195448	0.328867200428761	0.16418345925846756	1.0	0.2597362663617234	0.7510341748895938	0.12193887638151045
ko	1.0	0.749506019670501	1.0	1.0	0.44513901354020907	0.5896644872662041	0.38022182617212513	0.2079295789364876	0.4580780882343495	0.0	0.4282758276527587	1.0	0.5571237302534613	0.3747575227142372	0.5097435454275007	0.301146770268713	1.0	0.7210092110599262	0.7347168825662656	0.6070269561668532	1.0	0.45216982524336796	0.4665903237993221	0.4034037250525686	0.3436116973832166	0.3620391101377566	0.5949224416307971	1.0	1.0	0.38919876360042965	0.506672844402193	1.0	0.43809402309075435	1.0	0.37448155723009674
lv	1.0	0.8152567555866981	1.0	1.0	0.4821524970066899	0.31553313399793637	0.3789654123481907	0.16275272056503573	0.29691224866052934	0.0	0.27029051282051414	0.7690990303325336	0.5747129628734963	0.4121667292549913	0.2887258494229764	0.2715208673982868	0.7210092110599262	1.0	1.0	0.5753932445026375	1.0	0.21807292278908758	0.2720444459462165	0.3206562758537384	0.2816256585640559	0.24364485588382603	0.4534946820723563	1.0	0.718925811717485	0.5863089236503654	0.3206880754752108	1.0	0.6143589292419387	1.0	0.3363493715761946
mk	1.0	0.7288729994683297	0.0	1.0	0.6499913553099702	0.3968329504768795	0.5609458318244082	0.3767260474371012	0.7605527737255403	0.0	1.0	1.0	1.0	0.7455134344225701	0.5233958759023052	0.48452974335543547	0.7347168825662656	1.0	1.0	0.7584325078215763	1.0	0.4265361646046083	0.662356386292268	0.6431915320584143	0.4446899878283106	0.5526983447704814	0.6468909830471344	1.0	1.0	0.5913800870748354	0.6197982467046056	1.0	0.6841174893561723	1.0	0.6885089115353018
ml	0.0	0.8216064286890065	0.0	1.0	0.5418164709004941	0.20863177345368716	0.34610643631584254	0.07841352702666336	0.16188317854183	0.0	0.4801966762742143	1.0	0.4552308291740936	0.28816377725350595	0.12454026020747004	0.22272124018661366	0.6070269561668532	0.5753932445026375	0.7584325078215763	1.0	1.0	0.17231012104222257	0.1745368549602456	0.15802431858806162	0.1944535915339572	0.1268858886454961	0.6129854204938541	1.0	0.47884232476767163	0.6128508099341461	0.3322876871885486	1.0	0.5005466561175774	1.0	0.24154133011190818
mr	0.0	1.0	0.0	1.0	1.0	1.0	1.0	1.0	1.0	0.0	1.0	1.0	1.0	1.0	1.0	1.0	1.0	1.0	1.0	1.0	1.0	1.0	1.0	1.0	0.8216064286890065	1.0	1.0	1.0	1.0	1.0	1.0	1.0	1.0	1.0	1.0
nl	0.7690990303325336	0.749506019670501	1.0	1.0	0.1789492131040475	0.11317016033656449	0.14656539232099342	0.0484439652047134	0.07752735721258544	1.0	0.17652998123867453	1.0	0.34061495093461847	0.23977714448352097	0.059299331830856436	0.1184989027337184	0.45216982524336796	0.21807292278908758	0.4265361646046083	0.17231012104222257	1.0	1.0	0.0723353070563482	0.11076859867900297	0.19668662141831383	0.06800456837115687	0.2794125674458142	1.0	0.3824102829843262	0.32932347934829037	0.11786119259780578	1.0	0.28903724456359803	1.0	0.1250570885221155
pl	1.0	0.47115437361911083	1.0	1.0	0.3107984911801791	0.09138758413326968	0.12375439386712671	0.04115869025803487	0.05372164576922145	1.0	0.15734395463689665	1.0	0.28271364589745607	0.21782068747694233	0.043172331954569654	0.11769814604466326	0.4665903237993221	0.2720444459462165	0.662356386292268	0.1745368549602456	1.0	0.0723353070563482	1.0	0.08148114675191426	0.1993551350621625	0.051316164507241295	0.27468204210882113	1.0	0.3640709004569274	0.29156345736854417	0.12710146583807894	1.0	0.2924588604794361	1.0	0.1326063924394527
pt	1.0	0.6253111759766209	1.0	1.0	0.292946330918312	0.12124511233925488	0.18390962166044253	0.0480082326986066	0.07641837947403837	1.0	0.18965904300763295	0.7376607345031152	0.38475496600062853	0.2047368447220777	0.0654712780636934	0.12119839782959718	0.4034037250525686	0.3206562758537384	0.6431915320584143	0.15802431858806162	1.0	0.11076859867900297	0.08148114675191426	1.0	0.18766970023188212	0.07650194266433258	0.19861437081395997	1.0	0.3644414557455739	0.317758398702846	0.19896418910566338	1.0	0.3140733973605494	1.0	0.12330684420835299
ro	0.7863954451402115	0.6658533043750765	1.0	1.0	0.23238312816041945	0.2139695403441794	0.2686488916479423	0.10755355765860475	0.22555166721215425	0.0	0.243211709343356	0.8125806012482828	0.3018476801211784	0.30661227945542263	0.18589158237691353	0.2092162614622065	0.3436116973832166	0.2816256585640559	0.4446899878283106	0.1944535915339572	0.8216064286890065	0.19668662141831383	0.1993551350621625	0.18766970023188212	1.0	0.1746993822373739	0.285033965486317	0.7863954451402115	0.3945252947322801	0.29906928988305337	0.2014412701921112	0.7863954451402115	0.3108693473102107	0.7495060196705011	0.19917309905098163
ru	1.0	0.5534030558439758	1.0	0.7690990303325336	0.17433782325362943	0.08108401484247803	0.13514916226783602	0.043369150180898555	0.06083975860808882	1.0	0.13470652994762927	0.833606173141405	0.29108798172088235	0.19519666842888078	0.04529625192161181	0.10244174736216567	0.3620391101377566	0.24364485588382603	0.5526983447704814	0.1268858886454961	1.0	0.06800456837115687	0.051316164507241295	0.07650194266433258	0.1746993822373739	1.0	0.228422267695006	1.0	0.41106095452218566	0.24502675599398135	0.10276261320253119	1.0	0.23969966029308307	1.0	0.11482641479062076
sh	1.0	0.749506019670501	1.0	1.0	0.4761744814377843	0.3161861663596036	0.453528296085747	0.14156315524887847	0.3055868183363799	0.0	0.25031565257983834	1.0	0.7210092110599264	0.34406421788659725	0.20852842537182717	0.27612156946883715	0.5949224416307971	0.4534946820723563	0.6468909830471344	0.6129854204938541	1.0	0.2794125674458142	0.27468204210882113	0.19861437081395997	0.285033965486317	0.228422267695006	1.0	1.0	0.5961684946801785	0.3423453078051455	0.3191004959630272	1.0	0.5483171677738148	1.0	0.24019295602983556
si	0.0	1.0	0.0	1.0	1.0	1.0	1.0	1.0	1.0	0.0	1.0	1.0	1.0	0.7584325078215763	1.0	1.0	1.0	1.0	1.0	1.0	1.0	1.0	1.0	1.0	0.7863954451402115	1.0	1.0	1.0	1.0	1.0	1.0	1.0	1.0	1.0	1.0
simple	1.0	0.7288729994683297	0.0	1.0	0.6589257440209708	0.5040319042024627	0.6167131210802118	0.2360679007451787	0.380738728010264	0.0	0.49649350074437437	1.0	0.5270931859815077	0.47636562648136666	0.36784508244744923	0.3278365168195448	1.0	0.718925811717485	1.0	0.47884232476767163	1.0	0.3824102829843262	0.3640709004569274	0.3644414557455739	0.3945252947322801	0.41106095452218566	0.5961684946801785	1.0	1.0	0.7322034805959263	0.5327570448784749	1.0	0.6109667409257579	1.0	0.3529695058293563
sr	0.5660160774121898	0.7288729994683297	0.0	1.0	1.0	0.3230637532017091	0.5423306194246892	0.23220839973853385	0.26333990761312975	0.0	0.338137495036358	1.0	0.7411828468492555	0.6070269561668532	0.27410633925493305	0.328867200428761	0.38919876360042965	0.5863089236503654	0.5913800870748354	0.6128508099341461	1.0	0.32932347934829037	0.29156345736854417	0.317758398702846	0.29906928988305337	0.24502675599398135	0.3423453078051455	1.0	0.7322034805959263	1.0	0.37374055684826984	1.0	0.38192301599816275	1.0	0.3200966574830934
sv	1.0	0.749506019670501	1.0	1.0	0.16307914498801188	0.145709691804835	0.21851655585472407	0.07275370623111097	0.1189990377508782	0.0	0.2066997950688524	1.0	0.3146781952572323	0.31604323457391564	0.10794875359180288	0.16418345925846756	0.506672844402193	0.3206880754752108	0.6197982467046056	0.3322876871885486	1.0	0.11786119259780578	0.12710146583807894	0.19896418910566338	0.2014412701921112	0.10276261320253119	0.3191004959630272	1.0	0.5327570448784749	0.37374055684826984	1.0	1.0	0.32785239751005435	1.0	0.1916377060703508
te	0.0	1.0	0.0	1.0	1.0	1.0	1.0	1.0	1.0	0.0	1.0	1.0	1.0	1.0	1.0	1.0	1.0	1.0	1.0	1.0	1.0	1.0	1.0	1.0	0.7863954451402115	1.0	1.0	1.0	1.0	1.0	1.0	1.0	1.0	1.0	1.0
vi	1.0	0.8216064286890065	1.0	1.0	0.41919712559499983	0.36419671742727217	0.34881829198034253	0.20780982643703022	0.29587848564917263	0.0	0.3860025240527848	1.0	0.3762103695727198	0.3291580372184705	0.268454394712041	0.2597362663617234	0.43809402309075435	0.6143589292419387	0.6841174893561723	0.5005466561175774	1.0	0.28903724456359803	0.2924588604794361	0.3140733973605494	0.3108693473102107	0.23969966029308307	0.5483171677738148	1.0	0.6109667409257579	0.38192301599816275	0.32785239751005435	1.0	1.0	1.0	0.23268287973217822
war	0.0	0.749506019670501	0.0	1.0	1.0	1.0	1.0	0.7992591943912659	1.0	0.0	1.0	1.0	1.0	1.0	1.0	0.7510341748895938	1.0	1.0	1.0	1.0	1.0	1.0	1.0	1.0	0.7495060196705011	1.0	1.0	1.0	1.0	1.0	1.0	1.0	1.0	1.0	1.0
zh	0.7584325078215763	0.7023573766183026	1.0	1.0	0.29967915362784814	0.14101432850885662	0.20273730583383825	0.09181967738746534	0.12155451657014991	1.0	0.15629034588428442	1.0	0.4279568417371162	0.245896572680377	0.11822418114601509	0.12193887638151045	0.37448155723009674	0.3363493715761946	0.6885089115353018	0.24154133011190818	1.0	0.1250570885221155	0.1326063924394527	0.12330684420835299	0.19917309905098163	0.11482641479062076	0.24019295602983556	1.0	0.3529695058293563	0.3200966574830934	0.1916377060703508	1.0	0.23268287973217822	1.0	1.0
