arz	bs	ceb	ckb	da	de	el	en	es	fr	he	hi	hu	id	it	ja	ko	lv	mk	ml	mr	nl	pl	pt	ro	ru	sh	si	simple	sr	sv	te	vi	war	zh
arz	1.0	1.0	0.0	0.0	1.0	1.0	1.0	0.585786437626905	1.0	0.0	1.0	0.0	1.0	1.0	1.0	1.0	1.0	1.0	1.0	0.0	0.0	0.585786437626905	1.0	1.0	0.585786437626905	1.0	1.0	0.0	1.0	1.0	1.0	0.0	1.0	0.0	0.585786437626905
bs	1.0	1.0	0.0	1.0	0.4364916731037085	0.4364916731037085	0.2791745113185196	0.08859052324271348	0.0950714645918821	0.0	0.3333333333333333	1.0	1.0	0.2791745113185196	0.11262982940619118	0.2791745113185196	0.4364916731037085	0.3430703308172536	0.2791745113185196	0.585786437626905	1.0	0.4364916731037085	0.18200213598171078	0.1918253663634734	0.29726995387084315	0.16039776255003638	0.4364916731037085	1.0	0.2791745113185196	0.2791745113185196	0.4364916731037085	1.0	0.585786437626905	0.4364916731037085	0.2372732414640341
ceb	0.0	0.0	1.0	0.0	1.0	1.0	1.0	1.0	1.0	0.0	1.0	0.0	0.0	0.0	1.0	1.0	1.0	1.0	0.0	0.0	0.0	1.0	1.0	1.0	1.0	1.0	1.0	0.0	0.0	0.0	1.0	0.0	1.0	0.0	1.0
ckb	0.0	1.0	0.0	1.0	1.0	1.0	1.0	1.0	1.0	0.0	1.0	1.0	1.0	1.0	1.0	1.0	1.0	1.0	1.0	1.0	1.0	1.0	1.0	1.0	1.0	0.585786437626905	1.0	1.0	1.0	1.0	1.0	1.0	1.0	1.0	1.0
da	1.0	0.4364916731037085	1.0	1.0	1.0	0.1315826318485192	0.2766967754673749	0.03445369719457991	0.08878469212997223	0.0	0.24336073281110826	1.0	0.3660254037844386	0.21209649407822986	0.11433841851550565	0.10532366932588164	0.3164309725825327	0.2791745113185196	0.5	0.3726822671238253	1.0	0.07940837117365897	0.16222842736315102	0.15022110482233483	0.0684140482216198	0.0738616338853657	0.3021694792519622	1.0	0.5	1.0	0.07200991185178861	1.0	0.2612038749637414	1.0	0.13543579037488937
de	1.0	0.4364916731037085	1.0	1.0	0.1315826318485192	1.0	0.0891065135278303	0.002572062685914954	0.04524288609555713	0.0	0.11787845042814334	0.585786437626905	0.20521309615767266	0.07350325870058103	0.00994107053079663	0.011111751489506671	0.44948974278317805	0.2898979485566356	0.44948974278317805	0.086510009420556	1.0	0.026713906169619984	0.02130466820832782	0.05152140812234133	0.017502099433136162	0.007434245464076742	0.17176743283130239	1.0	0.32037724101704074	0.18368518446174903	0.054225050550752545	1.0	0.1809073112342927	1.0	0.023513004247801755
el	1.0	0.2791745113185196	1.0	1.0	0.2766967754673749	0.0891065135278303	1.0	0.007697768375441728	0.025514886191675964	0.0	0.12593046796322582	1.0	0.2717239305923058	0.07973080285616471	0.022826039058556936	0.058298113634353	0.2612038749637414	0.17826035697019474	0.38742588672279304	0.15438708879488486	1.0	0.06040342082502206	0.02192584386622218	0.07594359632102902	0.03301824133867552	0.034185124472887886	0.29893508442482547	1.0	0.44948974278317805	0.38742588672279304	0.09299553361557057	1.0	0.19675422795565728	1.0	0.07042264979780331
en	0.585786437626905	0.08859052324271348	1.0	1.0	0.03445369719457991	0.002572062685914954	0.007697768375441728	1.0	0.0008758890954593304	0.585786437626905	0.015561669565694202	0.3593409891533642	0.07405468122253327	0.01200087763349109	0.00423424756667327	0.006111995370018181	0.1426309537586315	0.04844839334997364	0.2240092377397959	0.006217859456883808	1.0	0.005516790089939408	0.003648735692175633	0.0037173981786407	0.00651682153410008	0.007740291851439062	0.05978847853577299	1.0	0.12298647836632104	0.07429998828128472	0.005575448937091227	1.0	0.07938137456736481	0.5	0.00644207630521036
es	1.0	0.0950714645918821	1.0	1.0	0.08878469212997223	0.04524288609555713	0.025514886191675964	0.0008758890954593304	1.0	1.0	0.08621624608134518	0.585786437626905	0.2070518364164892	0.021921526478234036	0.0011479583497356304	0.006701332633739071	0.3597752501562547	0.1896812679802183	0.5	0.011054562255746024	1.0	0.0033136544488069986	0.001874109759691557	0.004304369998505684	0.010674069086331735	0.0021485842850118998	0.179128784747792	1.0	0.2553967929896867	0.11148968658655453	0.010946914081185958	1.0	0.11787845042814334	1.0	0.008276733357097018
fr	0.0	0.0	0.0	0.0	0.0	0.0	0.0	0.585786437626905	1.0	1.0	0.0	0.0	0.0	0.0	1.0	0.0	0.0	0.0	0.0	0.0	0.0	1.0	1.0	1.0	0.0	1.0	0.0	0.0	0.0	0.0	0.0	0.0	0.0	0.0	1.0
he	1.0	0.3333333333333333	1.0	1.0	0.24336073281110826	0.11787845042814334	0.12593046796322582	0.015561669565694202	0.08621624608134518	0.0	1.0	1.0	0.3164309725825328	0.12086664990668397	0.06222287754846714	0.0687973324842815	0.3055272678794342	0.2632403810669918	1.0	0.20942771453851886	1.0	0.06932193854247477	0.07728732325272662	0.09410566602322655	0.026582066895821415	0.057801520390591776	0.18727507600544932	1.0	0.3483314773547883	0.2553967929896867	0.15604697037861892	1.0	0.20799159651347807	1.0	0.038253015611381454
hi	0.0	1.0	0.0	1.0	1.0	0.585786437626905	1.0	0.3593409891533642	0.585786437626905	0.0	1.0	1.0	1.0	0.585786437626905	0.44948974278317805	0.5	1.0	0.585786437626905	1.0	1.0	1.0	1.0	1.0	0.585786437626905	0.585786437626905	0.5	1.0	1.0	1.0	1.0	1.0	1.0	1.0	1.0	1.0
hu	1.0	1.0	0.0	1.0	0.3660254037844386	0.20521309615767266	0.2717239305923058	0.07405468122253327	0.2070518364164892	0.0	0.3164309725825328	1.0	1.0	0.4142135623730951	0.16265941452915686	0.2466060555964672	0.40453726661826384	0.39564392373896007	1.0	0.2989350844248255	1.0	0.17383895567884547	0.15934399740800514	0.19255770101324873	0.11120717265553162	0.1380262631157473	0.585786437626905	1.0	0.3797958971132712	0.585786437626905	0.23561205756470063	1.0	0.4142135623730951	1.0	0.25
id	1.0	0.2791745113185196	0.0	1.0	0.21209649407822986	0.07350325870058103	0.07973080285616471	0.01200087763349109	0.021921526478234036	0.0	0.12086664990668397	0.585786437626905	0.4142135623730951	1.0	0.019168807043591207	0.03502080010198944	0.24117152185510726	0.11215504958959911	0.585786437626905	0.1365270594958143	1.0	0.036178573938110206	0.025298422516607477	0.02920160663773571	0.12923573588753912	0.018188641748078577	0.22547340809847535	0.585786437626905	0.19636040545626823	0.44948974278317805	0.06480795982888415	1.0	0.14666053852843497	1.0	0.0460287405867303
it	1.0	0.11262982940619118	1.0	1.0	0.11433841851550565	0.00994107053079663	0.022826039058556936	0.00423424756667327	0.0011479583497356304	1.0	0.06222287754846714	0.44948974278317805	0.16265941452915686	0.019168807043591207	1.0	0.006420348796955813	0.3660254037844386	0.17176743283130236	0.3660254037844386	0.007106434219589481	1.0	0.003275461031005169	0.0024842562079186842	0.004440386049756016	0.010501407279849986	0.002779529964057173	0.109259011377945	1.0	0.2449655295864104	0.0976781958169437	0.013751672377698181	1.0	0.11984140625918528	1.0	0.009286825460761353
ja	1.0	0.2791745113185196	1.0	1.0	0.10532366932588164	0.011111751489506671	0.058298113634353	0.006111995370018181	0.006701332633739071	0.0	0.0687973324842815	0.5	0.2466060555964672	0.03502080010198944	0.006420348796955813	1.0	0.13603863460387838	0.09601505296972405	0.3597752501562547	0.0920679632380053	1.0	0.01034961598819079	0.007963733348261429	0.010177748878978654	0.023737385171263756	0.007289541886823527	0.11519216806670013	1.0	0.14662201901801217	0.23302402810392372	0.03100963652788882	1.0	0.09402860840957245	0.585786437626905	0.01729288245467174
ko	1.0	0.4364916731037085	1.0	1.0	0.3164309725825327	0.44948974278317805	0.2612038749637414	0.1426309537586315	0.3597752501562547	0.0	0.3055272678794342	1.0	0.40453726661826384	0.24117152185510726	0.3660254037844386	0.13603863460387838	1.0	0.585786437626905	0.585786437626905	0.44948974278317805	1.0	0.20742607609621763	0.28436465220442186	0.25	0.06934549183324093	0.20894541729001367	0.44948974278317805	1.0	1.0	1.0	0.3430703308172536	1.0	0.28436465220442186	1.0	0.17411239489546831
lv	1.0	0.3430703308172536	1.0	1.0	0.2791745113185196	0.2898979485566356	0.17826035697019474	0.04844839334997364	0.1896812679802183	0.0	0.2632403810669918	0.585786437626905	0.39564392373896007	0.11215504958959911	0.17176743283130236	0.09601505296972405	0.585786437626905	1.0	1.0	0.36602540378443865	1.0	0.17176743283130236	0.15022110482233486	0.21239994067041815	0.04427278260897212	0.12233871653701035	0.2989350844248255	1.0	0.585786437626905	0.39564392373896007	0.1886378647726465	1.0	0.44948974278317805	1.0	0.1639607805437114
mk	1.0	0.2791745113185196	0.0	1.0	0.5	0.44948974278317805	0.38742588672279304	0.2240092377397959	0.5	0.0	1.0	1.0	1.0	0.585786437626905	0.3660254037844386	0.3597752501562547	0.585786437626905	1.0	1.0	0.585786437626905	1.0	0.28989794855663564	0.44948974278317805	0.5	0.14923419446018063	0.3797958971132712	0.5	1.0	1.0	0.39564392373896007	0.38742588672279304	1.0	0.5	1.0	0.44948974278317805
ml	0.0	0.585786437626905	0.0	1.0	0.3726822671238253	0.086510009420556	0.15438708879488486	0.006217859456883808	0.011054562255746024	0.0	0.20942771453851886	1.0	0.2989350844248255	0.1365270594958143	0.007106434219589481	0.0920679632380053	0.44948974278317805	0.36602540378443865	0.585786437626905	1.0	1.0	0.029321707930529257	0.024087137393779632	0.03862841335087577	0.06515881030690997	0.011768846602299517	0.3483314773547883	1.0	0.34833147735478825	0.44948974278317805	0.19292728076790167	1.0	0.2955966556179922	1.0	0.060517088385512216
mr	0.0	1.0	0.0	1.0	1.0	1.0	1.0	1.0	1.0	0.0	1.0	1.0	1.0	1.0	1.0	1.0	1.0	1.0	1.0	1.0	1.0	1.0	1.0	1.0	0.585786437626905	1.0	1.0	1.0	1.0	1.0	1.0	1.0	1.0	1.0	1.0
nl	0.585786437626905	0.4364916731037085	1.0	1.0	0.07940837117365897	0.026713906169619984	0.06040342082502206	0.005516790089939408	0.0033136544488069986	1.0	0.06932193854247477	1.0	0.17383895567884547	0.036178573938110206	0.003275461031005169	0.01034961598819079	0.20742607609621763	0.17176743283130236	0.28989794855663564	0.029321707930529257	1.0	1.0	0.0053729521649448315	0.03462595428305551	0.013630444603418607	0.004687881152984742	0.16118204467726513	1.0	0.24828371682826425	0.2176763447950745	0.023018115005970494	1.0	0.1138345160798926	1.0	0.014008627442058212
pl	1.0	0.18200213598171078	1.0	1.0	0.16222842736315102	0.02130466820832782	0.02192584386622218	0.003648735692175633	0.001874109759691557	1.0	0.07728732325272662	1.0	0.15934399740800514	0.025298422516607477	0.0024842562079186842	0.007963733348261429	0.28436465220442186	0.15022110482233486	0.44948974278317805	0.024087137393779632	1.0	0.0053729521649448315	1.0	0.0165472166219069	0.01240589205592989	0.0033694742132817173	0.15055471221417036	1.0	0.2402530733520421	0.12893815705920034	0.024505386356837598	1.0	0.13879564861321142	1.0	0.015275316102720978
pt	1.0	0.1918253663634734	1.0	1.0	0.15022110482233483	0.05152140812234133	0.07594359632102902	0.0037173981786407	0.004304369998505684	1.0	0.09410566602322655	0.585786437626905	0.19255770101324873	0.02920160663773571	0.004440386049756016	0.010177748878978654	0.25	0.21239994067041815	0.5	0.03862841335087577	1.0	0.03462595428305551	0.0165472166219069	1.0	0.015989094602015093	0.0054200309291812555	0.17100799366294794	1.0	0.25	0.14095437950752207	0.08140117675908523	1.0	0.14907170226431357	1.0	0.01487214390976792
ro	0.585786437626905	0.29726995387084315	1.0	1.0	0.0684140482216198	0.017502099433136162	0.03301824133867552	0.00651682153410008	0.010674069086331735	0.0	0.026582066895821415	0.585786437626905	0.11120717265553162	0.12923573588753912	0.010501407279849986	0.023737385171263756	0.06934549183324093	0.04427278260897212	0.14923419446018063	0.06515881030690997	0.585786437626905	0.013630444603418607	0.01240589205592989	0.015989094602015093	1.0	0.010987555533249371	0.055891486327408806	0.585786437626905	0.09246455849185635	0.10762453100942435	0.026418666898648795	0.585786437626905	0.07786228759647802	0.4364916731037085	0.023701395717936856
ru	1.0	0.16039776255003638	1.0	0.585786437626905	0.0738616338853657	0.007434245464076742	0.034185124472887886	0.007740291851439062	0.0021485842850118998	1.0	0.057801520390591776	0.5	0.1380262631157473	0.018188641748078577	0.002779529964057173	0.007289541886823527	0.20894541729001367	0.12233871653701035	0.3797958971132712	0.011768846602299517	1.0	0.004687881152984742	0.0033694742132817173	0.0054200309291812555	0.010987555533249371	1.0	0.10897775139583038	1.0	0.2449655295864104	0.10010116909669324	0.015315134649400142	1.0	0.10805797139448853	1.0	0.009818367337698407
sh	1.0	0.4364916731037085	1.0	1.0	0.3021694792519622	0.17176743283130239	0.29893508442482547	0.05978847853577299	0.179128784747792	0.0	0.18727507600544932	1.0	0.585786437626905	0.22547340809847535	0.109259011377945	0.11519216806670013	0.44948974278317805	0.2989350844248255	0.5	0.3483314773547883	1.0	0.16118204467726513	0.15055471221417036	0.17100799366294794	0.055891486327408806	0.10897775139583038	1.0	1.0	0.44948974278317805	0.28989794855663564	0.1798334192119471	1.0	0.4142135623730951	1.0	0.09786614734257228
si	0.0	1.0	0.0	1.0	1.0	1.0	1.0	1.0	1.0	0.0	1.0	1.0	1.0	0.585786437626905	1.0	1.0	1.0	1.0	1.0	1.0	1.0	1.0	1.0	1.0	0.585786437626905	1.0	1.0	1.0	1.0	1.0	1.0	1.0	1.0	1.0	1.0
simple	1.0	0.2791745113185196	0.0	1.0	0.5	0.32037724101704074	0.44948974278317805	0.12298647836632104	0.2553967929896867	0.0	0.3483314773547883	1.0	0.3797958971132712	0.19636040545626823	0.2449655295864104	0.14662201901801217	1.0	0.585786437626905	1.0	0.34833147735478825	1.0	0.24828371682826425	0.2402530733520421	0.25	0.09246455849185635	0.2449655295864104	0.44948974278317805	1.0	1.0	0.585786437626905	0.38742588672279304	1.0	0.5	1.0	0.1951941016011038
sr	1.0	0.2791745113185196	0.0	1.0	1.0	0.18368518446174903	0.38742588672279304	0.07429998828128472	0.11148968658655453	0.0	0.2553967929896867	1.0	0.585786437626905	0.44948974278317805	0.0976781958169437	0.23302402810392372	1.0	0.39564392373896007	0.39564392373896007	0.44948974278317805	1.0	0.2176763447950745	0.12893815705920034	0.14095437950752207	0.10762453100942435	0.10010116909669324	0.28989794855663564	1.0	0.585786437626905	1.0	0.5	1.0	0.5	1.0	0.20242054339632723
sv	1.0	0.4364916731037085	1.0	1.0	0.07200991185178861	0.054225050550752545	0.09299553361557057	0.005575448937091227	0.010946914081185958	0.0	0.15604697037861892	1.0	0.23561205756470063	0.06480795982888415	0.013751672377698181	0.03100963652788882	0.3430703308172536	0.1886378647726465	0.38742588672279304	0.19292728076790167	1.0	0.023018115005970494	0.024505386356837598	0.08140117675908523	0.026418666898648795	0.015315134649400142	0.1798334192119471	1.0	0.38742588672279304	0.5	1.0	1.0	0.2466060555964672	1.0	0.06147085747714857
te	0.0	1.0	0.0	1.0	1.0	1.0	1.0	1.0	1.0	0.0	1.0	1.0	1.0	1.0	1.0	1.0	1.0	1.0	1.0	1.0	1.0	1.0	1.0	1.0	0.585786437626905	1.0	1.0	1.0	1.0	1.0	1.0	1.0	1.0	1.0	1.0
vi	1.0	0.585786437626905	1.0	1.0	0.2612038749637414	0.1809073112342927	0.19675422795565728	0.07938137456736481	0.11787845042814334	0.0	0.20799159651347807	1.0	0.4142135623730951	0.14666053852843497	0.11984140625918528	0.09402860840957245	0.28436465220442186	0.44948974278317805	0.5	0.2955966556179922	1.0	0.1138345160798926	0.13879564861321142	0.14907170226431357	0.07786228759647802	0.10805797139448853	0.4142135623730951	1.0	0.5	0.5	0.2466060555964672	1.0	1.0	1.0	0.09291550648003637
war	0.0	0.4364916731037085	0.0	1.0	1.0	1.0	1.0	0.5	1.0	0.0	1.0	1.0	1.0	1.0	1.0	0.585786437626905	1.0	1.0	1.0	1.0	1.0	1.0	1.0	1.0	0.4364916731037085	1.0	1.0	1.0	1.0	1.0	1.0	1.0	1.0	1.0	1.0
zh	0.585786437626905	0.2372732414640341	1.0	1.0	0.13543579037488937	0.023513004247801755	0.07042264979780331	0.00644207630521036	0.008276733357097018	1.0	0.038253015611381454	1.0	0.25	0.0460287405867303	0.009286825460761353	0.01729288245467174	0.17411239489546831	0.1639607805437114	0.44948974278317805	0.060517088385512216	1.0	0.014008627442058212	0.015275316102720978	0.01487214390976792	0.023701395717936856	0.009818367337698407	0.09786614734257228	1.0	0.1951941016011038	0.20242054339632723	0.06147085747714857	1.0	0.09291550648003637	1.0	1.0
