arz	bs	ceb	ckb	da	de	el	en	es	fr	he	hi	hu	id	it	ja	ko	lv	mk	ml	mr	nl	pl	pt	ro	ru	sh	si	simple	sr	sv	te	vi	war	zh
arz	1.0	1.0	0.0	0.0	1.0	1.0	1.0	0.585786437626905	0.585786437626905	0.0	1.0	0.0	1.0	1.0	0.585786437626905	0.585786437626905	0.585786437626905	1.0	1.0	0.0	0.0	1.0	0.5	1.0	0.585786437626905	0.585786437626905	1.0	0.0	1.0	1.0	1.0	0.0	0.585786437626905	0.0	0.5
bs	1.0	1.0	0.5	1.0	0.24660605559646726	0.27429188517743175	0.585786437626905	0.2612038749637414	0.27429188517743175	0.27429188517743175	0.36602540378443865	0.39564392373896007	0.28989794855663564	0.2674788903885893	0.27429188517743175	0.27429188517743175	0.27429188517743175	0.4364916731037085	0.4364916731037085	0.585786437626905	1.0	0.27429188517743175	0.2853029657789964	0.2674788903885893	0.27429188517743175	0.27429188517743175	0.3266316347104093	1.0	0.4364916731037085	0.27429188517743175	0.27429188517743175	1.0	0.27429188517743175	1.0	0.27429188517743175
ceb	0.0	0.5	1.0	0.5	0.44948974278317805	0.5	0.585786437626905	0.5	0.5	0.5	0.585786437626905	0.585786437626905	0.5	0.5	0.5	0.5	0.5	0.5	0.5	0.585786437626905	0.585786437626905	0.5	0.5	0.5	0.5	0.5	0.5	0.0	0.5	0.5	0.5	1.0	0.5	0.585786437626905	0.5
ckb	0.0	1.0	0.5	1.0	0.5	1.0	1.0	1.0	1.0	1.0	1.0	1.0	1.0	0.585786437626905	1.0	1.0	1.0	1.0	1.0	1.0	1.0	1.0	1.0	0.585786437626905	1.0	1.0	1.0	0.0	1.0	1.0	1.0	1.0	1.0	1.0	1.0
da	1.0	0.24660605559646726	0.44948974278317805	0.5	1.0	0.31264808514230086	0.585786437626905	0.22901628833426058	0.2989350844248255	0.3333333333333333	0.44948974278317805	1.0	0.3483314773547883	0.26968623182294527	0.2791745113185196	0.3090169943749474	0.3430703308172536	0.5	0.585786437626905	1.0	1.0	0.31264808514230086	0.28989794855663564	0.2989350844248255	0.32881309020609956	0.3090169943749474	0.32881309020609956	1.0	0.5	0.3430703308172536	0.3126480851423008	1.0	0.36602540378443865	1.0	0.3090169943749474
de	1.0	0.27429188517743175	0.5	1.0	0.31264808514230086	1.0	1.0	0.07866066793903757	0.25728427444747215	0.20168959288722538	0.585786437626905	0.585786437626905	0.44948974278317805	0.26968623182294527	0.21822796141133347	0.3430703308172536	0.585786437626905	0.585786437626905	1.0	0.585786437626905	1.0	0.32037724101704074	0.22901628833426058	0.24336073281110826	0.44948974278317805	0.39564392373896007	0.44948974278317805	1.0	0.3726822671238253	0.3333333333333333	0.21498516621900873	1.0	0.2791745113185196	1.0	0.36602540378443865
el	1.0	0.585786437626905	0.585786437626905	1.0	0.585786437626905	1.0	1.0	0.5	1.0	1.0	1.0	1.0	1.0	0.5	1.0	1.0	1.0	1.0	1.0	1.0	1.0	1.0	1.0	0.585786437626905	1.0	1.0	0.585786437626905	0.0	1.0	1.0	1.0	1.0	1.0	1.0	1.0
en	0.585786437626905	0.2612038749637414	0.5	1.0	0.22901628833426058	0.07866066793903757	0.5	1.0	0.05159196864905752	0.05995091067523838	0.28436465220442186	0.44948974278317805	0.27429188517743175	0.1856154626682773	0.0792540863404417	0.10685977158763547	0.2402530733520421	1.0	0.585786437626905	0.5	1.0	0.09523809523809523	0.12227915515220968	0.10244164767277947	0.3021694792519622	0.10876570539697614	0.09078505344074062	1.0	0.24086407921112873	0.10274666523020129	0.12001558759023755	0.5	0.052210704083254386	1.0	0.11002561123629326
es	0.585786437626905	0.27429188517743175	0.5	1.0	0.2989350844248255	0.25728427444747215	1.0	0.05159196864905752	1.0	0.2118949818756026	0.585786437626905	0.585786437626905	0.4142135623730951	0.2553967929896867	0.24179033438163736	0.44948974278317805	0.5	1.0	1.0	0.585786437626905	1.0	0.3333333333333333	0.25921926045307553	0.2402530733520421	0.44948974278317805	0.4142135623730951	0.4142135623730951	1.0	0.35388936786452296	0.4142135623730951	0.29893508442482547	1.0	0.2222222222222222	1.0	0.4142135623730951
fr	0.0	0.27429188517743175	0.5	1.0	0.3333333333333333	0.20168959288722538	1.0	0.05995091067523838	0.2118949818756026	1.0	0.5	0.585786437626905	0.38742588672279304	0.24336073281110826	0.1757340838011157	0.28989794855663564	0.3430703308172536	1.0	1.0	1.0	1.0	0.28989794855663564	0.25	0.21712927295533244	0.44948974278317805	0.26968623182294527	0.3333333333333333	1.0	0.44948974278317805	0.2928060946961875	0.21089672205953397	1.0	0.24660605559646726	1.0	0.3090169943749474
he	1.0	0.36602540378443865	0.585786437626905	1.0	0.44948974278317805	0.585786437626905	1.0	0.28436465220442186	0.585786437626905	0.5	1.0	1.0	0.585786437626905	0.44948974278317805	0.585786437626905	1.0	1.0	1.0	1.0	1.0	1.0	1.0	0.36602540378443865	0.4364916731037085	1.0	1.0	0.585786437626905	1.0	1.0	1.0	0.585786437626905	1.0	0.39564392373896007	1.0	1.0
hi	0.0	0.39564392373896007	0.585786437626905	1.0	1.0	0.585786437626905	1.0	0.44948974278317805	0.585786437626905	0.585786437626905	1.0	1.0	0.585786437626905	0.585786437626905	1.0	1.0	1.0	1.0	1.0	1.0	1.0	1.0	0.5	0.4364916731037085	1.0	1.0	1.0	1.0	1.0	1.0	1.0	1.0	1.0	1.0	1.0
hu	1.0	0.28989794855663564	0.5	1.0	0.3483314773547883	0.44948974278317805	1.0	0.27429188517743175	0.4142135623730951	0.38742588672279304	0.585786437626905	0.585786437626905	1.0	0.4142135623730951	0.44948974278317805	0.5	0.5	0.585786437626905	1.0	0.585786437626905	1.0	0.4142135623730951	0.3333333333333333	0.353889367864523	0.585786437626905	0.5	1.0	1.0	0.44948974278317805	0.585786437626905	0.5	1.0	0.585786437626905	1.0	0.5
id	1.0	0.2674788903885893	0.5	0.585786437626905	0.26968623182294527	0.26968623182294527	0.5	0.1856154626682773	0.2553967929896867	0.24336073281110826	0.44948974278317805	0.585786437626905	0.4142135623730951	1.0	0.25355482027512377	0.28989794855663564	0.44948974278317805	0.585786437626905	1.0	0.585786437626905	0.585786437626905	0.2958163163244893	0.27195617308673004	0.28708594921778513	0.5	0.26968623182294527	0.4142135623730951	1.0	0.4142135623730951	0.4142135623730951	0.3660254037844386	1.0	0.38742588672279304	0.585786437626905	0.26968623182294527
it	0.585786437626905	0.27429188517743175	0.5	1.0	0.2791745113185196	0.21822796141133347	1.0	0.0792540863404417	0.24179033438163736	0.1757340838011157	0.585786437626905	1.0	0.44948974278317805	0.25355482027512377	1.0	0.4142135623730951	0.5	1.0	1.0	1.0	1.0	0.3126480851423008	0.21089672205953397	0.2216368750839041	0.5	0.27429188517743175	0.33333333333333326	1.0	0.44948974278317805	0.28172904669025317	0.2402530733520421	1.0	0.27195617308673004	1.0	0.4142135623730951
ja	0.585786437626905	0.27429188517743175	0.5	1.0	0.3090169943749474	0.3430703308172536	1.0	0.10685977158763547	0.44948974278317805	0.28989794855663564	1.0	1.0	0.5	0.28989794855663564	0.4142135623730951	1.0	1.0	1.0	1.0	1.0	1.0	0.585786437626905	0.4142135623730951	0.30216947925196225	0.585786437626905	1.0	0.5	1.0	0.5	0.585786437626905	0.2958163163244893	1.0	0.2742918851774318	1.0	1.0
ko	0.585786437626905	0.27429188517743175	0.5	1.0	0.3430703308172536	0.585786437626905	1.0	0.2402530733520421	0.5	0.3430703308172536	1.0	1.0	0.5	0.44948974278317805	0.5	1.0	1.0	1.0	1.0	1.0	1.0	1.0	0.44948974278317805	0.36602540378443865	0.585786437626905	1.0	0.585786437626905	1.0	0.5	1.0	1.0	1.0	0.44948974278317805	1.0	1.0
lv	1.0	0.4364916731037085	0.5	1.0	0.5	0.585786437626905	1.0	1.0	1.0	1.0	1.0	1.0	0.585786437626905	0.585786437626905	1.0	1.0	1.0	1.0	1.0	1.0	1.0	1.0	0.585786437626905	0.585786437626905	1.0	1.0	1.0	1.0	1.0	1.0	1.0	1.0	1.0	1.0	1.0
mk	1.0	0.4364916731037085	0.5	1.0	0.585786437626905	1.0	1.0	0.585786437626905	1.0	1.0	1.0	1.0	1.0	1.0	1.0	1.0	1.0	1.0	1.0	1.0	1.0	1.0	1.0	1.0	1.0	1.0	1.0	0.0	1.0	1.0	1.0	1.0	1.0	1.0	1.0
ml	0.0	0.585786437626905	0.585786437626905	1.0	1.0	0.585786437626905	1.0	0.5	0.585786437626905	1.0	1.0	1.0	0.585786437626905	0.585786437626905	1.0	1.0	1.0	1.0	1.0	1.0	1.0	1.0	0.585786437626905	0.4364916731037085	1.0	1.0	1.0	1.0	1.0	1.0	0.585786437626905	1.0	1.0	1.0	1.0
mr	0.0	1.0	0.585786437626905	1.0	1.0	1.0	1.0	1.0	1.0	1.0	1.0	1.0	1.0	0.585786437626905	1.0	1.0	1.0	1.0	1.0	1.0	1.0	1.0	1.0	0.585786437626905	1.0	1.0	1.0	0.0	1.0	1.0	1.0	1.0	1.0	1.0	1.0
nl	1.0	0.27429188517743175	0.5	1.0	0.31264808514230086	0.32037724101704074	1.0	0.09523809523809523	0.3333333333333333	0.28989794855663564	1.0	1.0	0.4142135623730951	0.2958163163244893	0.3126480851423008	0.585786437626905	1.0	1.0	1.0	1.0	1.0	1.0	0.3126480851423008	0.3126480851423008	0.585786437626905	0.5	0.5	1.0	0.5	0.5	0.4142135623730951	1.0	0.44948974278317805	1.0	0.585786437626905
pl	0.5	0.2853029657789964	0.5	1.0	0.28989794855663564	0.22901628833426058	1.0	0.12227915515220968	0.25921926045307553	0.25	0.36602540378443865	0.5	0.3333333333333333	0.27195617308673004	0.21089672205953397	0.4142135623730951	0.44948974278317805	0.585786437626905	1.0	0.585786437626905	1.0	0.3126480851423008	1.0	0.23166247903554	0.4142135623730951	0.3430703308172536	0.5	1.0	0.39564392373896007	0.3797958971132712	0.2766967754673749	1.0	0.34833147735478825	1.0	0.28989794855663564
pt	1.0	0.2674788903885893	0.5	0.585786437626905	0.2989350844248255	0.24336073281110826	0.585786437626905	0.10244164767277947	0.2402530733520421	0.21712927295533244	0.4364916731037085	0.4364916731037085	0.353889367864523	0.28708594921778513	0.2216368750839041	0.30216947925196225	0.36602540378443865	0.585786437626905	1.0	0.4364916731037085	0.585786437626905	0.3126480851423008	0.23166247903554	1.0	0.35388936786452296	0.3164309725825328	0.30552726787943424	1.0	0.35388936786452296	0.27429188517743175	0.28680701059046687	1.0	0.2372732414640341	0.585786437626905	0.2958163163244893
ro	0.585786437626905	0.27429188517743175	0.5	1.0	0.32881309020609956	0.44948974278317805	1.0	0.3021694792519622	0.44948974278317805	0.44948974278317805	1.0	1.0	0.585786437626905	0.5	0.5	0.585786437626905	0.585786437626905	1.0	1.0	1.0	1.0	0.585786437626905	0.4142135623730951	0.35388936786452296	1.0	0.5	0.585786437626905	1.0	0.585786437626905	0.585786437626905	0.5	1.0	0.585786437626905	1.0	0.585786437626905
ru	0.585786437626905	0.27429188517743175	0.5	1.0	0.3090169943749474	0.39564392373896007	1.0	0.10876570539697614	0.4142135623730951	0.26968623182294527	1.0	1.0	0.5	0.26968623182294527	0.27429188517743175	1.0	1.0	1.0	1.0	1.0	1.0	0.5	0.3430703308172536	0.3164309725825328	0.5	1.0	0.5	1.0	0.5	1.0	0.34833147735478825	1.0	0.2553967929896867	1.0	1.0
sh	1.0	0.3266316347104093	0.5	1.0	0.32881309020609956	0.44948974278317805	0.585786437626905	0.09078505344074062	0.4142135623730951	0.3333333333333333	0.585786437626905	1.0	1.0	0.4142135623730951	0.33333333333333326	0.5	0.585786437626905	1.0	1.0	1.0	1.0	0.5	0.5	0.30552726787943424	0.585786437626905	0.5	1.0	1.0	0.5	0.18660549686337075	0.4142135623730951	1.0	0.28172904669025317	1.0	0.4142135623730951
si	0.0	1.0	0.0	0.0	1.0	1.0	0.0	1.0	1.0	1.0	1.0	1.0	1.0	1.0	1.0	1.0	1.0	1.0	0.0	1.0	0.0	1.0	1.0	1.0	1.0	1.0	1.0	1.0	0.0	1.0	1.0	0.0	1.0	1.0	1.0
simple	1.0	0.4364916731037085	0.5	1.0	0.5	0.3726822671238253	1.0	0.24086407921112873	0.35388936786452296	0.44948974278317805	1.0	1.0	0.44948974278317805	0.4142135623730951	0.44948974278317805	0.5	0.5	1.0	1.0	1.0	1.0	0.5	0.39564392373896007	0.35388936786452296	0.585786437626905	0.5	0.5	0.0	1.0	0.585786437626905	0.44948974278317805	1.0	0.585786437626905	1.0	0.5
sr	1.0	0.27429188517743175	0.5	1.0	0.3430703308172536	0.3333333333333333	1.0	0.10274666523020129	0.4142135623730951	0.2928060946961875	1.0	1.0	0.585786437626905	0.4142135623730951	0.28172904669025317	0.585786437626905	1.0	1.0	1.0	1.0	1.0	0.5	0.3797958971132712	0.27429188517743175	0.585786437626905	1.0	0.18660549686337075	1.0	0.585786437626905	1.0	0.5	1.0	0.34833147735478825	1.0	0.5
sv	1.0	0.27429188517743175	0.5	1.0	0.3126480851423008	0.21498516621900873	1.0	0.12001558759023755	0.29893508442482547	0.21089672205953397	0.585786437626905	1.0	0.5	0.3660254037844386	0.2402530733520421	0.2958163163244893	1.0	1.0	1.0	0.585786437626905	1.0	0.4142135623730951	0.2766967754673749	0.28680701059046687	0.5	0.34833147735478825	0.4142135623730951	1.0	0.44948974278317805	0.5	1.0	1.0	0.3288130902060995	1.0	0.44948974278317805
te	0.0	1.0	1.0	1.0	1.0	1.0	1.0	0.5	1.0	1.0	1.0	1.0	1.0	1.0	1.0	1.0	1.0	1.0	1.0	1.0	1.0	1.0	1.0	1.0	1.0	1.0	1.0	0.0	1.0	1.0	1.0	1.0	1.0	1.0	1.0
vi	0.585786437626905	0.27429188517743175	0.5	1.0	0.36602540378443865	0.2791745113185196	1.0	0.052210704083254386	0.2222222222222222	0.24660605559646726	0.39564392373896007	1.0	0.585786437626905	0.38742588672279304	0.27195617308673004	0.2742918851774318	0.44948974278317805	1.0	1.0	1.0	1.0	0.44948974278317805	0.34833147735478825	0.2372732414640341	0.585786437626905	0.2553967929896867	0.28172904669025317	1.0	0.585786437626905	0.34833147735478825	0.3288130902060995	1.0	1.0	1.0	0.29429805508554946
war	0.0	1.0	0.585786437626905	1.0	1.0	1.0	1.0	1.0	1.0	1.0	1.0	1.0	1.0	0.585786437626905	1.0	1.0	1.0	1.0	1.0	1.0	1.0	1.0	1.0	0.585786437626905	1.0	1.0	1.0	1.0	1.0	1.0	1.0	1.0	1.0	1.0	1.0
zh	0.5	0.27429188517743175	0.5	1.0	0.3090169943749474	0.36602540378443865	1.0	0.11002561123629326	0.4142135623730951	0.3090169943749474	1.0	1.0	0.5	0.26968623182294527	0.4142135623730951	1.0	1.0	1.0	1.0	1.0	1.0	0.585786437626905	0.28989794855663564	0.2958163163244893	0.585786437626905	1.0	0.4142135623730951	1.0	0.5	0.5	0.44948974278317805	1.0	0.29429805508554946	1.0	1.0
