arz	bs	ceb	ckb	da	de	el	en	es	fr	he	hi	hu	id	it	ja	ko	lv	mk	ml	mr	nl	pl	pt	ro	ru	sh	si	simple	sr	sv	te	tr	vi	war	zh
arz	0.5	0.5	0.0	0.5	0.5	0.5	0.5	0.5	0.5	0.5	0.5	0.5	0.5	0.5	0.5	0.5	0.5	0.5	0.5	0.5	0.5	0.5	0.5	0.5	0.5	0.5	0.5	1.0	0.5	0.5	0.5	0.5	0.5	0.5	0.5	0.5
bs	0.5	0.05904933566405948	1.0	0.5	0.14291838775510204	0.0625078125	0.16666666666666666	0.058830449826989616	0.06667555555555556	0.06668000444889334	0.16666666666666666	0.2	0.16666666666666666	0.11114816049382716	0.07693491124260354	0.06666666666666667	0.1111111111111111	0.25	0.16666666666666666	0.14285714285714285	0.5	0.06255473050394535	0.0625078125	0.06251171875	0.2	0.058823529411764705	0.2	1.0	0.09091735537190083	0.14285714285714285	0.125	0.3333333333333333	0.09090909090909091	0.07692307692307693	0.5	0.07692307692307693
ceb	0.0	1.0	0.3333333333333333	0.0	1.0	0.5	0.0	0.3333333333333333	0.5	1.0	0.5	0.5	1.0	0.5	0.5	0.5	0.5	1.0	1.0	1.0	0.0	1.0	1.0	0.5	0.5	0.5	1.0	0.5	1.0	1.0	1.0	0.0	-1.0	0.5	1.0	0.5
ckb	0.5	0.5	0.0	0.3333333333333333	0.5	0.3333333333333333	0.3333333333333333	0.3333333333333333	0.3333333333333333	0.3333333333333333	0.5	0.5	1.0	0.3333333333333333	0.3333333333333333	0.3333333333333333	0.5	0.5	1.0	0.5	1.0	0.3333333333333333	0.3333333333333333	0.3333333333333333	1.0	0.3333333333333333	1.0	1.0	0.3333333333333333	0.5	0.3333333333333333	1.0	0.3333333333333333	0.3333333333333333	1.0	0.3333333333333333
da	0.5	0.14291838775510204	1.0	0.5	0.052717612490854146	0.05882698961937716	0.2	0.05555864197530863	0.05555864197530863	0.06250390624999999	0.08333333333333333	0.1111111111111111	0.14285714285714285	0.07143877551020407	0.07143367346938775	0.0625	0.07692307692307693	0.14287755102040817	0.125	0.125	0.5	0.05264820498614959	0.05555864197530863	0.05882698961937716	0.125	0.058823529411764705	0.125	1.0	0.07143367346938775	0.09090909090909091	0.06666666666666667	0.16666666666666666	0.09090909090909091	0.09090909090909091	0.5	0.07692307692307693
de	0.5	0.0625078125	0.5	0.3333333333333333	0.05882698961937716	0.009736338515453573	0.14285714285714285	0.01333493368888889	0.01538603573964497	0.013889853395061727	0.08333333333333333	0.1	0.0625	0.0400016	0.018519890260631	0.030303030303030304	0.0625	0.09090909090909091	0.1111111111111111	0.06666666666666667	1.0	0.010531747369197007	0.012500781249999999	0.016393980112872884	0.08333333333333333	0.015151515151515152	0.08334722222222221	1.0	0.03703840877914952	0.03571428571428571	0.02857142857142857	0.14285714285714285	0.05555555555555555	0.043478260869565216	0.5	0.034482758620689655
el	0.5	0.16666666666666666	0.0	0.3333333333333333	0.2	0.14285714285714285	0.1111111111111111	0.1111111111111111	0.125	0.125	0.25	0.2	0.3333333333333333	0.14285714285714285	0.125	0.14285714285714285	0.16666666666666666	0.3333333333333333	0.25	0.2	1.0	0.14285714285714285	0.125	0.1111111111111111	0.3333333333333333	0.14285714285714285	0.3333333333333333	1.0	0.14285714285714285	0.16666666666666666	0.16666666666666666	0.5	0.16666666666666666	0.16666666666666666	0.5	0.14285714285714285
en	0.5	0.058830449826989616	0.3333333333333333	0.3333333333333333	0.05555864197530863	0.01333493368888889	0.1111111111111111	0.010592209307521555	0.014085895655623883	0.01333493351111111	0.07142857142857142	0.09090909090909091	0.0625	0.03333666777777777	0.01887112922748309	0.025	0.05	0.08333333333333333	0.09090909090909091	0.06666666666666667	0.5	0.011122852980518306	0.01250187531265625	0.014085895853997223	0.07692899408284024	0.014925373134328358	0.07142857142857142	0.5	0.03226118626430801	0.037037037037037035	0.029412629757785465	0.1111111111111111	0.05263434903047091	0.03571428571428571	0.5	0.02857142857142857
es	0.5	0.06667555555555556	0.5	0.3333333333333333	0.05555864197530863	0.01538603573964497	0.125	0.014085895655623883	0.012844220982217042	0.014926041434617952	0.06666666666666667	0.09090909090909091	0.0625	0.035715561224489795	0.020835069444444444	0.027777777777777776	0.05263157894736842	0.09090909090909091	0.1	0.07142857142857142	0.5	0.012992581887672461	0.013889081790123457	0.015384852071005919	0.07692307692307693	0.017543859649122806	0.07143367346938775	1.0	0.037037037037037035	0.03333333333333333	0.027778549382716046	0.125	0.05555864197530863	0.038461538461538464	0.5	0.030303030303030304
fr	0.5	0.06668000444889334	1.0	0.3333333333333333	0.06250390624999999	0.013889853395061727	0.125	0.01333493351111111	0.014926041434617952	0.010786904261452195	0.07142857142857142	0.1	0.07692307692307693	0.03448394768133174	0.018184132561983472	0.02857142857142857	0.05555555555555555	0.08334027777777778	0.1111111111111111	0.08333333333333333	0.5	0.011499804466772623	0.013334222222222221	0.015625732421874997	0.07692307692307693	0.016129032258064516	0.07692899408284024	1.0	0.03846449704142012	0.038461538461538464	0.029411764705882353	0.1111111111111111	0.05263434903047091	0.041666666666666664	0.5	0.03125
he	0.5	0.16666666666666666	0.5	0.5	0.08333333333333333	0.08333333333333333	0.25	0.07142857142857142	0.06666666666666667	0.07142857142857142	0.06666666666666667	0.1111111111111111	0.14285714285714285	0.08333333333333333	0.09090909090909091	0.07692307692307693	0.09090909090909091	0.14285714285714285	0.14285714285714285	0.14285714285714285	0.5	0.06666666666666667	0.06666666666666667	0.08333333333333333	0.125	0.07692307692307693	0.14285714285714285	1.0	0.08333333333333333	0.1	0.08333333333333333	0.16666666666666666	0.14285714285714285	0.1	0.5	0.09090909090909091
hi	0.5	0.2	0.5	0.5	0.1111111111111111	0.1	0.2	0.09090909090909091	0.09090909090909091	0.1	0.1111111111111111	0.09090909090909091	0.14285714285714285	0.1	0.1	0.09090909090909091	0.1111111111111111	0.16666666666666666	0.14285714285714285	0.16666666666666666	1.0	0.09090909090909091	0.09090909090909091	0.09090909090909091	0.125	0.09090909090909091	0.14285714285714285	1.0	0.09090909090909091	0.1111111111111111	0.1	0.2	0.14285714285714285	0.125	0.5	0.1
hu	0.5	0.16666666666666666	1.0	1.0	0.14285714285714285	0.0625	0.3333333333333333	0.0625	0.0625	0.07692307692307693	0.14285714285714285	0.14285714285714285	0.058823529411764705	0.1	0.09090909090909091	0.08333333333333333	0.125	0.2	0.16666666666666666	0.2	1.0	0.058823529411764705	0.058823529411764705	0.0625	0.125	0.058823529411764705	0.14285714285714285	1.0	0.1111111111111111	0.08333333333333333	0.1111111111111111	0.25	0.16666666666666666	0.14285714285714285	0.5	0.1
id	0.5	0.11114816049382716	0.5	0.3333333333333333	0.07143877551020407	0.0400016	0.14285714285714285	0.03333666777777777	0.035715561224489795	0.03448394768133174	0.08333333333333333	0.1	0.1	0.032320607894217125	0.047625850340136056	0.05	0.07692307692307693	0.1111111111111111	0.1111111111111111	0.1	0.5	0.033345559999999996	0.03448394768133174	0.03703840877914952	0.1111111111111111	0.038461538461538464	0.10000999999999999	1.0	0.05263157894736842	0.06666666666666667	0.047621315192743756	0.16666666666666666	0.07142857142857142	0.0625	0.5	0.05
it	0.5	0.07693491124260354	0.5	0.3333333333333333	0.07143367346938775	0.018519890260631	0.125	0.01887112922748309	0.020835069444444444	0.018184132561983472	0.09090909090909091	0.1	0.09090909090909091	0.047625850340136056	0.015922297258140594	0.04	0.07142857142857142	0.08333333333333333	0.14285714285714285	0.09090909090909091	1.0	0.01725030291557699	0.01923224852071006	0.020000399999999998	0.07692307692307693	0.02127659574468085	0.1111111111111111	1.0	0.04762358276643991	0.04545661157024793	0.034482758620689655	0.125	0.058823529411764705	0.05263157894736842	0.5	0.034482758620689655
ja	0.5	0.06666666666666667	0.5	0.3333333333333333	0.0625	0.030303030303030304	0.14285714285714285	0.025	0.027777777777777776	0.02857142857142857	0.07692307692307693	0.09090909090909091	0.08333333333333333	0.05	0.04	0.024390243902439025	0.0625	0.125	0.09090909090909091	0.09090909090909091	0.5	0.025	0.02564102564102564	0.02857142857142857	0.09090909090909091	0.02857142857142857	0.1	1.0	0.05	0.05263157894736842	0.047619047619047616	0.14285714285714285	0.06666666666666667	0.05	0.5	0.04
ko	0.5	0.1111111111111111	0.5	0.5	0.07692307692307693	0.0625	0.16666666666666666	0.05	0.05263157894736842	0.05555555555555555	0.09090909090909091	0.1111111111111111	0.125	0.07692307692307693	0.07142857142857142	0.0625	0.05	0.16666666666666666	0.125	0.1	0.5	0.05263157894736842	0.05	0.058823529411764705	0.125	0.05555555555555555	0.1111111111111111	1.0	0.07692307692307693	0.07142857142857142	0.09090909090909091	0.14285714285714285	0.09090909090909091	0.09090909090909091	0.5	0.07142857142857142
lv	0.5	0.25	1.0	0.5	0.14287755102040817	0.09090909090909091	0.3333333333333333	0.08333333333333333	0.09090909090909091	0.08334027777777778	0.14285714285714285	0.16666666666666666	0.2	0.1111111111111111	0.08333333333333333	0.125	0.16666666666666666	0.08341673618061812	0.25	0.25	1.0	0.08334722222222221	0.08333333333333333	0.08333333333333333	0.16666666666666666	0.08333333333333333	0.16669444444444442	1.0	0.1	0.125	0.09090909090909091	0.25	0.14285714285714285	0.16666666666666666	0.5	0.1111111111111111
mk	0.5	0.16666666666666666	1.0	1.0	0.125	0.1111111111111111	0.25	0.09090909090909091	0.1	0.1111111111111111	0.14285714285714285	0.14285714285714285	0.16666666666666666	0.1111111111111111	0.14285714285714285	0.09090909090909091	0.125	0.25	0.09090909090909091	0.14285714285714285	1.0	0.09090909090909091	0.1	0.1	0.14285714285714285	0.1	0.14285714285714285	1.0	0.125	0.14285714285714285	0.125	0.3333333333333333	0.16666666666666666	0.14285714285714285	0.5	0.1111111111111111
ml	0.5	0.14285714285714285	1.0	0.5	0.125	0.06666666666666667	0.2	0.06666666666666667	0.07142857142857142	0.08333333333333333	0.14285714285714285	0.16666666666666666	0.2	0.1	0.09090909090909091	0.09090909090909091	0.1	0.25	0.14285714285714285	0.06666666666666667	1.0	0.07692307692307693	0.07142857142857142	0.07692307692307693	0.16666666666666666	0.07692307692307693	0.2	1.0	0.1111111111111111	0.1111111111111111	0.1111111111111111	0.25	0.1111111111111111	0.125	0.5	0.08333333333333333
mr	0.5	0.5	0.0	1.0	0.5	1.0	1.0	0.5	0.5	0.5	0.5	1.0	1.0	0.5	1.0	0.5	0.5	1.0	1.0	1.0	0.5	0.5	0.5	0.5	1.0	0.5	0.5	1.0	0.5	1.0	0.5	0.5	0.5	0.5	1.0	0.5
nl	0.5	0.06255473050394535	1.0	0.3333333333333333	0.05264820498614959	0.010531747369197007	0.14285714285714285	0.011122852980518306	0.012992581887672461	0.011499804466772623	0.06666666666666667	0.09090909090909091	0.058823529411764705	0.033345559999999996	0.01725030291557699	0.025	0.05263157894736842	0.08334722222222221	0.09090909090909091	0.07692307692307693	0.5	0.007304269086559224	0.011114568641975308	0.013336890311466666	0.07143367346938775	0.0136986301369863	0.07144897959183673	0.5	0.03226639334547764	0.03333666666666667	0.025642998027613412	0.1111111111111111	0.05263434903047091	0.034482758620689655	0.5	0.02857142857142857
pl	0.5	0.0625078125	1.0	0.3333333333333333	0.05555864197530863	0.012500781249999999	0.125	0.01250187531265625	0.013889081790123457	0.013334222222222221	0.06666666666666667	0.09090909090909091	0.058823529411764705	0.03448394768133174	0.01923224852071006	0.02564102564102564	0.05	0.08333333333333333	0.1	0.07142857142857142	0.5	0.011114568641975308	0.010658593214269646	0.014925818667854755	0.07692307692307693	0.014492753623188406	0.07142857142857142	0.5	0.03333333333333333	0.03225806451612903	0.027777777777777776	0.1111111111111111	0.05555864197530863	0.037037037037037035	0.5	0.030303030303030304
pt	0.5	0.06251171875	0.5	0.3333333333333333	0.05882698961937716	0.016393980112872884	0.1111111111111111	0.014085895853997223	0.015384852071005919	0.015625732421874997	0.08333333333333333	0.09090909090909091	0.0625	0.03703840877914952	0.020000399999999998	0.02857142857142857	0.058823529411764705	0.08333333333333333	0.1	0.07692307692307693	0.5	0.013336890311466666	0.014925818667854755	0.013004073237031634	0.07692307692307693	0.016666666666666666	0.07143367346938775	0.5	0.038461538461538464	0.038461538461538464	0.02857142857142857	0.14285714285714285	0.05263434903047091	0.045454545454545456	0.5	0.030303030303030304
ro	0.5	0.2	0.5	1.0	0.125	0.08333333333333333	0.3333333333333333	0.07692899408284024	0.07692307692307693	0.07692307692307693	0.125	0.125	0.125	0.1111111111111111	0.07692307692307693	0.09090909090909091	0.125	0.16666666666666666	0.14285714285714285	0.16666666666666666	1.0	0.07143367346938775	0.07692307692307693	0.07692307692307693	0.07148473983165306	0.07692307692307693	0.16669444444444442	1.0	0.10000999999999999	0.09090909090909091	0.125	0.2	0.16666666666666666	0.125	0.5	0.1
ru	0.5	0.058823529411764705	0.5	0.3333333333333333	0.058823529411764705	0.015151515151515152	0.14285714285714285	0.014925373134328358	0.017543859649122806	0.016129032258064516	0.07692307692307693	0.09090909090909091	0.058823529411764705	0.038461538461538464	0.02127659574468085	0.02857142857142857	0.05555555555555555	0.08333333333333333	0.1	0.07692307692307693	0.5	0.0136986301369863	0.014492753623188406	0.016666666666666666	0.07692307692307693	0.013157894736842105	0.07692307692307693	0.5	0.03571428571428571	0.037037037037037035	0.030303030303030304	0.125	0.05263157894736842	0.045454545454545456	0.5	0.03333333333333333
sh	0.5	0.2	1.0	1.0	0.125	0.08334722222222221	0.3333333333333333	0.07142857142857142	0.07143367346938775	0.07692899408284024	0.14285714285714285	0.14285714285714285	0.14285714285714285	0.10000999999999999	0.1111111111111111	0.1	0.1111111111111111	0.16669444444444442	0.14285714285714285	0.2	0.5	0.07144897959183673	0.07142857142857142	0.07143367346938775	0.16669444444444442	0.07692307692307693	0.07152051033690841	1.0	0.1	0.1	0.1	0.2	0.14287755102040817	0.16666666666666666	0.5	0.1
si	1.0	1.0	0.5	1.0	1.0	1.0	1.0	0.5	1.0	1.0	1.0	1.0	1.0	1.0	1.0	1.0	1.0	1.0	1.0	1.0	1.0	0.5	0.5	0.5	1.0	0.5	1.0	0.5	0.5	1.0	1.0	1.0	1.0	1.0	1.0	0.5
simple	0.5	0.09091735537190083	1.0	0.3333333333333333	0.07143367346938775	0.03703840877914952	0.14285714285714285	0.03226118626430801	0.037037037037037035	0.03846449704142012	0.08333333333333333	0.09090909090909091	0.1111111111111111	0.05263157894736842	0.04762358276643991	0.05	0.07692307692307693	0.1	0.125	0.1111111111111111	0.5	0.03226639334547764	0.03333333333333333	0.038461538461538464	0.10000999999999999	0.03571428571428571	0.1	0.5	0.03130281653830212	0.07142857142857142	0.05	0.125	0.07142857142857142	0.058823529411764705	0.5	0.047619047619047616
sr	0.5	0.14285714285714285	1.0	0.5	0.09090909090909091	0.03571428571428571	0.16666666666666666	0.037037037037037035	0.03333333333333333	0.038461538461538464	0.1	0.1111111111111111	0.08333333333333333	0.06666666666666667	0.04545661157024793	0.05263157894736842	0.07142857142857142	0.125	0.14285714285714285	0.1111111111111111	1.0	0.03333666666666667	0.03225806451612903	0.038461538461538464	0.09090909090909091	0.037037037037037035	0.1	1.0	0.07142857142857142	0.0312627001972666	0.06666666666666667	0.25	0.1	0.1111111111111111	0.5	0.058823529411764705
sv	0.5	0.125	1.0	0.3333333333333333	0.06666666666666667	0.02857142857142857	0.16666666666666666	0.029412629757785465	0.027778549382716046	0.029411764705882353	0.08333333333333333	0.1	0.1111111111111111	0.047621315192743756	0.034482758620689655	0.047619047619047616	0.09090909090909091	0.09090909090909091	0.125	0.1111111111111111	0.5	0.025642998027613412	0.027777777777777776	0.02857142857142857	0.125	0.030303030303030304	0.1	1.0	0.05	0.06666666666666667	0.025013130000624998	0.16666666666666666	0.07692307692307693	0.06666666666666667	0.5	0.05555555555555555
te	0.5	0.3333333333333333	0.0	1.0	0.16666666666666666	0.14285714285714285	0.5	0.1111111111111111	0.125	0.1111111111111111	0.16666666666666666	0.2	0.25	0.16666666666666666	0.125	0.14285714285714285	0.14285714285714285	0.25	0.3333333333333333	0.25	0.5	0.1111111111111111	0.1111111111111111	0.14285714285714285	0.2	0.125	0.2	1.0	0.125	0.25	0.16666666666666666	0.1111111111111111	0.16666666666666666	0.14285714285714285	0.5	0.14285714285714285
tr	0.5	0.09090909090909091	-1.0	0.3333333333333333	0.09090909090909091	0.05555555555555555	0.16666666666666666	0.05263434903047091	0.05555864197530863	0.05263434903047091	0.14285714285714285	0.14285714285714285	0.16666666666666666	0.07142857142857142	0.058823529411764705	0.06666666666666667	0.09090909090909091	0.14285714285714285	0.16666666666666666	0.1111111111111111	0.5	0.05263434903047091	0.05555864197530863	0.05263434903047091	0.16666666666666666	0.05263157894736842	0.14287755102040817	1.0	0.07142857142857142	0.1	0.07692307692307693	0.16666666666666666	0.050040032522522516	0.07692307692307693	0.5	0.06666666666666667
vi	0.5	0.07692307692307693	0.5	0.3333333333333333	0.09090909090909091	0.043478260869565216	0.16666666666666666	0.03571428571428571	0.038461538461538464	0.041666666666666664	0.1	0.125	0.14285714285714285	0.0625	0.05263157894736842	0.05	0.09090909090909091	0.16666666666666666	0.14285714285714285	0.125	0.5	0.034482758620689655	0.037037037037037035	0.045454545454545456	0.125	0.045454545454545456	0.16666666666666666	1.0	0.058823529411764705	0.1111111111111111	0.06666666666666667	0.14285714285714285	0.07692307692307693	0.034482758620689655	0.5	0.05
war	0.5	0.5	1.0	1.0	0.5	0.5	0.5	0.5	0.5	0.5	0.5	0.5	0.5	0.5	0.5	0.5	0.5	0.5	0.5	0.5	1.0	0.5	0.5	0.5	0.5	0.5	0.5	1.0	0.5	0.5	0.5	0.5	0.5	0.5	0.5	0.5
zh	0.5	0.07692307692307693	0.5	0.3333333333333333	0.07692307692307693	0.034482758620689655	0.14285714285714285	0.02857142857142857	0.030303030303030304	0.03125	0.09090909090909091	0.1	0.1	0.05	0.034482758620689655	0.04	0.07142857142857142	0.1111111111111111	0.1111111111111111	0.08333333333333333	0.5	0.02857142857142857	0.030303030303030304	0.030303030303030304	0.1	0.03333333333333333	0.1	0.5	0.047619047619047616	0.058823529411764705	0.05555555555555555	0.14285714285714285	0.06666666666666667	0.05	0.5	0.027777777777777776
