arz	bs	ceb	ckb	da	de	el	en	es	fr	he	hi	hu	id	it	ja	ko	lv	mk	ml	mr	nl	pl	pt	ro	ru	sh	si	simple	sr	sv	te	tr	vi	war	zh
arz	0.0	0.0	0.0	0.0	0.0	0.0	0.0	0.0	0.0	0.0	0.0	0.0	0.0	0.0	0.0	0.0	0.0	0.0	0.0	0.0	0.0	0.0	0.0	0.0	0.0	0.0	0.0	0.0	0.0	0.0	0.0	0.0	0.0	0.0	0.0	0.0
bs	0.0	1.0	0.762554407847723	0.0	0.8823529411764706	0.701025459688826	0.0	0.4298111057544813	0.6296229151559101	0.4638017449415259	0.0	0.0	0.29249364741432593	0.6887170842294948	0.8904709748083242	0.0	0.0	0.5653699912255046	0.0	0.0	0.0	0.9129511677282378	0.8137242013934534	0.1466393622467637	0.8435618106773124	0.0	0.1436344663088849	0.0	0.8836620104081073	0.0	0.5680540512661818	0.0	0.0125	0.7284808013355593	0.0006749662516874156	0.06967637062213684
ceb	0.0	0.762554407847723	1.0	0.0	0.7574791883454735	0.7222222222222222	0.0	0.44383836620701694	0.6488338542918971	0.47576889380735005	0.0	0.0	0.2850193256030921	0.7093710181860303	0.7897252852316909	0.0	0.0	0.48027072758037226	0.0	0.0	0.0	0.7815578019699326	0.813287662379629	0.14321127558608968	0.7702037947997189	0.0	0.12586366550324096	0.0	0.8074437839234945	0.0	0.5853921618984026	0.0	-1.0	0.7258613913271322	0.0006523157208088715	0.07081422018348624
ckb	0.0	0.0	0.0	0.0	0.0	0.0	0.0	0.0	0.0	0.0	0.0	0.0	0.0	0.0	0.0	0.0	0.0	0.0	0.0	0.0	0.0	0.0	0.0	0.0	0.0	0.0	0.0	0.0	0.0	0.0	0.0	0.0	0.0	0.0	0.0	0.0
da	0.0	0.8823529411764706	0.7574791883454735	0.0	1.0	0.6948603088530001	0.0	0.42476557707475243	0.6256506476213534	0.45858660851004596	0.0	0.0	0.2946793053345326	0.6832218668217505	0.883722522769294	0.0	0.0	0.548640395521303	0.0	0.0	0.0	0.8767514813523876	0.8072194095601288	0.14713033227731526	0.8361299052774019	0.0	0.14205397301349326	0.0	0.8778097587719298	0.0	0.5628869170449855	0.0	0.0	0.7203497296936529	0.0006804778466656586	0.06880392740255876
de	0.0	0.701025459688826	0.7222222222222222	0.0	0.6948603088530001	1.0	0.0	0.4876735740226447	0.6803226735811005	0.5260086846390447	0.0	0.0	0.2946648595367176	0.7305050952591936	0.7253733070957287	0.0	0.0	0.44008541793776695	0.0	0.0	0.0	0.7183090310442145	0.7437803664461745	0.1297724399494311	0.7285697510568342	0.0	0.1141604726510387	0.0	0.7415572232645403	0.0	0.6444534127024164	0.0	0.003257328990228013	0.6630537787254205	0.00051513200257566	0.062452204945195
el	0.0	0.0	0.0	0.0	0.0	0.0	0.0	0.0	0.0	0.0	0.0	0.0	0.0	0.0	0.0	0.0	0.0	0.0	0.0	0.0	0.0	0.0	0.0	0.0	0.0	0.0	0.0	0.0	0.0	0.0	0.0	0.0	0.0	0.0	0.0	0.0
en	0.0	0.4298111057544813	0.44383836620701694	0.0	0.42476557707475243	0.4876735740226447	0.0	1.0	0.43988628908812594	0.5560627437961656	0.0	0.0	0.19316156994943415	0.4913730669279598	0.4544666839961875	0.0	0.0	0.2737513382674673	0.0	0.0	0.0	0.43917975567190226	0.4542065796887868	0.08795574553683681	0.4453247431655929	0.0	0.07429637849288813	0.0	0.45228485874235125	0.0	0.5249979028604983	0.0	0.0	0.4065468039051111	0.000362844702467344	0.045166240409207165
es	0.0	0.6296229151559101	0.6488338542918971	0.0	0.6256506476213534	0.6803226735811005	0.0	0.43988628908812594	1.0	0.4692229605020303	0.0	0.0	0.2778371875417725	0.6690361103212965	0.6487508121197803	0.0	0.0	0.413676326929339	0.0	0.0	0.0	0.6449380040929337	0.6668459423927333	0.126251233610602	0.6526669466610667	0.0	0.10983397190293742	0.0	0.6627601052379813	0.0	0.5755118797146815	0.0	0.0	0.5982785984617263	0.0005133846718005134	0.06309806460896468
fr	0.0	0.4638017449415259	0.47576889380735005	0.0	0.45858660851004596	0.5260086846390447	0.0	0.5560627437961656	0.4692229605020303	1.0	0.0	0.0	0.2132725689999488	0.5302210193955796	0.4911878098035616	0.0	0.0	0.2987102831447349	0.0	0.0	0.0	0.4719261822376009	0.4878562918155989	0.09150778055127728	0.4781408191440405	0.0	0.07927610506085843	0.0	0.4877107548123306	0.0	0.5614128269818085	0.0	0.0	0.4402509833302117	0.0002745442565341533	0.047188700687266626
he	0.0	0.0	0.0	0.0	0.0	0.0	0.0	0.0	0.0	0.0	0.0	0.0	0.0	0.0	0.0	0.0	0.0	0.0	0.0	0.0	0.0	0.0	0.0	0.0	0.0	0.0	0.0	0.0	0.0	0.0	0.0	0.0	0.0	0.0	0.0	0.0
hi	0.0	0.0	0.0	0.0	0.0	0.0	0.0	0.0	0.0	0.0	0.0	0.0	0.0	0.0	0.0	0.0	0.0	0.0	0.0	0.0	0.0	0.0	0.0	0.0	0.0	0.0	0.0	0.0	0.0	0.0	0.0	0.0	0.0	0.0	0.0	0.0
hu	0.0	0.29249364741432593	0.2850193256030921	0.0	0.2946793053345326	0.2946648595367176	0.0	0.19316156994943415	0.2778371875417725	0.2132725689999488	0.0	0.0	1.0	0.2796016898008449	0.2932940791625777	0.0	0.0	0.23306356278985177	0.0	0.0	0.0	0.2955558557341618	0.28772662058171383	0.1029722496126215	0.2970045466702327	0.0	0.09624104139242358	0.0	0.29878451578808296	0.0	0.25138703950288505	0.0	0.0	0.2764331210191083	0.0007284647605172099	0.05289072426937738
id	0.0	0.6887170842294948	0.7093710181860303	0.0	0.6832218668217505	0.7305050952591936	0.0	0.4913730669279598	0.6690361103212965	0.5302210193955796	0.0	0.0	0.2796016898008449	1.0	0.7324439824439825	0.0	0.0	0.43172654510441116	0.0	0.0	0.0	0.7052991651205937	0.730174304513448	0.12733287560077397	0.713055041628122	0.0	0.11065162907268171	0.0	0.7274618585298197	0.0	0.6536036717607303	0.0	0.02702702702702703	0.6515921706105755	0.0005089706069474488	0.06278366111951589
it	0.0	0.8904709748083242	0.7897252852316909	0.0	0.883722522769294	0.7253733070957287	0.0	0.4544666839961875	0.6487508121197803	0.4911878098035616	0.0	0.0	0.2932940791625777	0.7324439824439825	1.0	0.0	0.0	0.5443492677535231	0.0	0.0	0.0	0.8858182798598004	0.8420135527589545	0.1458304617505169	0.8709934302209835	0.0	0.13613222679405818	0.0	0.9151356080489939	0.0	0.602074710000511	0.0	0.0	0.7480130293159609	0.0005601064202198418	0.07014014152906896
ja	0.0	0.0	0.0	0.0	0.0	0.0	0.0	0.0	0.0	0.0	0.0	0.0	0.0	0.0	0.0	0.0	0.0	0.0	0.0	0.0	0.0	0.0	0.0	0.0	0.0	0.0	0.0	0.0	0.0	0.0	0.0	0.0	0.0	0.0	0.0	0.0
ko	0.0	0.0	0.0	0.0	0.0	0.0	0.0	0.0	0.0	0.0	0.0	0.0	0.0	0.0	0.0	0.0	0.0	0.0	0.0	0.0	0.0	0.0	0.0	0.0	0.0	0.0	0.0	0.0	0.0	0.0	0.0	0.0	0.0	0.0	0.0	0.0
lv	0.0	0.5653699912255046	0.48027072758037226	0.0	0.548640395521303	0.44008541793776695	0.0	0.2737513382674673	0.413676326929339	0.2987102831447349	0.0	0.0	0.23306356278985177	0.43172654510441116	0.5443492677535231	0.0	0.0	1.0	0.0	0.0	0.0	0.5590088799770839	0.5082387898433279	0.1299349240780911	0.520890979524073	0.0	0.12860980523841503	0.0	0.5437829586455731	0.0	0.3585670286918463	0.0	0.0	0.46946918418240113	0.0004951107810372571	0.0648105360443623
mk	0.0	0.0	0.0	0.0	0.0	0.0	0.0	0.0	0.0	0.0	0.0	0.0	0.0	0.0	0.0	0.0	0.0	0.0	0.0	0.0	0.0	0.0	0.0	0.0	0.0	0.0	0.0	0.0	0.0	0.0	0.0	0.0	0.0	0.0	0.0	0.0
ml	0.0	0.0	0.0	0.0	0.0	0.0	0.0	0.0	0.0	0.0	0.0	0.0	0.0	0.0	0.0	0.0	0.0	0.0	0.0	0.0	0.0	0.0	0.0	0.0	0.0	0.0	0.0	0.0	0.0	0.0	0.0	0.0	0.0	0.0	0.0	0.0
mr	0.0	0.0	0.0	0.0	0.0	0.0	0.0	0.0	0.0	0.0	0.0	0.0	0.0	0.0	0.0	0.0	0.0	0.0	0.0	0.0	0.0	0.0	0.0	0.0	0.0	0.0	0.0	0.0	0.0	0.0	0.0	0.0	0.0	0.0	0.0	0.0
nl	0.0	0.9129511677282378	0.7815578019699326	0.0	0.8767514813523876	0.7183090310442145	0.0	0.43917975567190226	0.6449380040929337	0.4719261822376009	0.0	0.0	0.2955558557341618	0.7052991651205937	0.8858182798598004	0.0	0.0	0.5590088799770839	0.0	0.0	0.0	1.0	0.8331803278688524	0.14916177102736783	0.8640199851461752	0.0	0.14176663031624864	0.0	0.8782262955724779	0.0	0.5806915686173766	0.0	0.0014619883040935672	0.7402201299562392	0.0005110235070813257	0.06909221902017292
pl	0.0	0.8137242013934534	0.813287662379629	0.0	0.8072194095601288	0.7437803664461745	0.0	0.4542065796887868	0.6668459423927333	0.4878562918155989	0.0	0.0	0.28772662058171383	0.730174304513448	0.8420135527589545	0.0	0.0	0.5082387898433279	0.0	0.0	0.0	0.8331803278688524	1.0	0.14407772342038172	0.8198966408268734	0.0	0.13089114416794106	0.0	0.8357004519044545	0.0	0.6018509050005113	0.0	0.0	0.7494290375203915	0.0006311360448807854	0.0701730007642604
pt	0.0	0.1466393622467637	0.14321127558608968	0.0	0.14713033227731526	0.1297724399494311	0.0	0.08795574553683681	0.126251233610602	0.09150778055127728	0.0	0.0	0.1029722496126215	0.12733287560077397	0.1458304617505169	0.0	0.0	0.1299349240780911	0.0	0.0	0.0	0.14916177102736783	0.14407772342038172	1.0	0.14575697772765717	0.0	0.07084870848708487	0.0	0.1499477897667943	0.0	0.10766860664156111	0.0	0.0	0.14445981250960505	0.0	0.04903730445246691
ro	0.0	0.8435618106773124	0.7702037947997189	0.0	0.8361299052774019	0.7285697510568342	0.0	0.4453247431655929	0.6526669466610667	0.4781408191440405	0.0	0.0	0.2970045466702327	0.713055041628122	0.8709934302209835	0.0	0.0	0.520890979524073	0.0	0.0	0.0	0.8640199851461752	0.8198966408268734	0.14575697772765717	1.0	0.0	0.1327641408751334	0.0	0.864635198831574	0.0	0.5881991080125083	0.0	0.0	0.731353048940068	0.0005030904125341382	0.06795772150102859
ru	0.0	0.0	0.0	0.0	0.0	0.0	0.0	0.0	0.0	0.0	0.0	0.0	0.0	0.0	0.0	0.0	0.0	0.0	0.0	0.0	0.0	0.0	0.0	0.0	0.0	0.0	0.0	0.0	0.0	0.0	0.0	0.0	0.0	0.0	0.0	0.0
sh	0.0	0.1436344663088849	0.12586366550324096	0.0	0.14205397301349326	0.1141604726510387	0.0	0.07429637849288813	0.10983397190293742	0.07927610506085843	0.0	0.0	0.09624104139242358	0.11065162907268171	0.13613222679405818	0.0	0.0	0.12860980523841503	0.0	0.0	0.0	0.14176663031624864	0.13089114416794106	0.07084870848708487	0.1327641408751334	0.0	1.0	0.0	0.13723561239547466	0.0	0.09486370157819225	0.0	0.0	0.12842970082157806	0.0004957858205255329	0.0513675783855904
si	0.0	0.0	0.0	0.0	0.0	0.0	0.0	0.0	0.0	0.0	0.0	0.0	0.0	0.0	0.0	0.0	0.0	0.0	0.0	0.0	0.0	0.0	0.0	0.0	0.0	0.0	0.0	0.0	0.0	0.0	0.0	0.0	0.0	0.0	0.0	0.0
simple	0.0	0.8836620104081073	0.8074437839234945	0.0	0.8778097587719298	0.7415572232645403	0.0	0.45228485874235125	0.6627601052379813	0.4877107548123306	0.0	0.0	0.29878451578808296	0.7274618585298197	0.9151356080489939	0.0	0.0	0.5437829586455731	0.0	0.0	0.0	0.8782262955724779	0.8357004519044545	0.1499477897667943	0.864635198831574	0.0	0.13723561239547466	0.0	1.0	0.0	0.5971782026377671	0.0	0.014492753623188406	0.762397784225798	0.0006349206349206349	0.0705150604514641
sr	0.0	0.0	0.0	0.0	0.0	0.0	0.0	0.0	0.0	0.0	0.0	0.0	0.0	0.0	0.0	0.0	0.0	0.0	0.0	0.0	0.0	0.0	0.0	0.0	0.0	0.0	0.0	0.0	0.0	0.0	0.0	0.0	0.0	0.0	0.0	0.0
sv	0.0	0.5680540512661818	0.5853921618984026	0.0	0.5628869170449855	0.6444534127024164	0.0	0.5249979028604983	0.5755118797146815	0.5614128269818085	0.0	0.0	0.25138703950288505	0.6536036717607303	0.602074710000511	0.0	0.0	0.3585670286918463	0.0	0.0	0.0	0.5806915686173766	0.6018509050005113	0.10766860664156111	0.5881991080125083	0.0	0.09486370157819225	0.0	0.5971782026377671	0.0	1.0	0.0	0.0	0.5350608966053382	0.00041005213520004685	0.054606520354392264
te	0.0	0.0	0.0	0.0	0.0	0.0	0.0	0.0	0.0	0.0	0.0	0.0	0.0	0.0	0.0	0.0	0.0	0.0	0.0	0.0	0.0	0.0	0.0	0.0	0.0	0.0	0.0	0.0	0.0	0.0	0.0	0.0	0.0	0.0	0.0	0.0
tr	0.0	0.0125	-1.0	0.0	0.0	0.003257328990228013	0.0	0.0	0.0	0.0	0.0	0.0	0.0	0.02702702702702703	0.0	0.0	0.0	0.0	0.0	0.0	0.0	0.0014619883040935672	0.0	0.0	0.0	0.0	0.0	0.0	0.014492753623188406	0.0	0.0	0.0	1.0	0.0	0.0	0.0
vi	0.0	0.7284808013355593	0.7258613913271322	0.0	0.7203497296936529	0.6630537787254205	0.0	0.4065468039051111	0.5982785984617263	0.4402509833302117	0.0	0.0	0.2764331210191083	0.6515921706105755	0.7480130293159609	0.0	0.0	0.46946918418240113	0.0	0.0	0.0	0.7402201299562392	0.7494290375203915	0.14445981250960505	0.731353048940068	0.0	0.12842970082157806	0.0	0.762397784225798	0.0	0.5350608966053382	0.0	0.0	1.0	0.0006373994104055454	0.06826337962240599
war	0.0	0.0006749662516874156	0.0006523157208088715	0.0	0.0006804778466656586	0.00051513200257566	0.0	0.000362844702467344	0.0005133846718005134	0.0002745442565341533	0.0	0.0	0.0007284647605172099	0.0005089706069474488	0.0005601064202198418	0.0	0.0	0.0004951107810372571	0.0	0.0	0.0	0.0005110235070813257	0.0006311360448807854	0.0	0.0005030904125341382	0.0	0.0004957858205255329	0.0	0.0006349206349206349	0.0	0.00041005213520004685	0.0	0.0	0.0006373994104055454	1.0	0.0008688097306689834
zh	0.0	0.06967637062213684	0.07081422018348624	0.0	0.06880392740255876	0.062452204945195	0.0	0.045166240409207165	0.06309806460896468	0.047188700687266626	0.0	0.0	0.05289072426937738	0.06278366111951589	0.07014014152906896	0.0	0.0	0.0648105360443623	0.0	0.0	0.0	0.06909221902017292	0.0701730007642604	0.04903730445246691	0.06795772150102859	0.0	0.0513675783855904	0.0	0.0705150604514641	0.0	0.054606520354392264	0.0	0.0	0.06826337962240599	0.0008688097306689834	1.0
