arz	bs	ceb	ckb	da	de	el	en	es	fr	he	hi	hu	id	it	ja	ko	lv	mk	ml	mr	nl	pl	pt	ro	ru	sh	si	simple	sr	sv	te	vi	war	zh
arz	1.0	1.0	0.0	0.0	1.0	1.0	1.0	1.0	1.0	0.0	1.0	0.0	1.0	1.0	0.585786437626905	1.0	1.0	1.0	1.0	0.0	0.0	1.0	1.0	1.0	1.0	1.0	1.0	0.0	1.0	1.0	1.0	0.0	1.0	0.0	1.0
bs	1.0	1.0	0.44948974278317805	1.0	0.32037724101704074	0.3333333333333333	1.0	0.3333333333333333	0.3333333333333333	0.32037724101704074	0.5	0.5	0.353889367864523	0.3333333333333333	0.3333333333333333	0.3333333333333333	0.3333333333333333	0.39564392373896007	0.39564392373896007	1.0	1.0	0.3333333333333333	0.32037724101704074	0.32037724101704074	0.3333333333333333	0.3333333333333333	0.44948974278317805	1.0	0.39564392373896007	0.3333333333333333	0.3425542621941936	1.0	0.32037724101704074	1.0	0.3333333333333333
ceb	0.0	0.44948974278317805	1.0	0.44948974278317805	0.44948974278317805	0.44948974278317805	0.585786437626905	0.44948974278317805	0.44948974278317805	0.44948974278317805	0.585786437626905	0.585786437626905	0.44948974278317805	0.44948974278317805	0.44948974278317805	0.44948974278317805	0.44948974278317805	0.44948974278317805	0.44948974278317805	0.585786437626905	0.585786437626905	0.44948974278317805	0.44948974278317805	0.44948974278317805	0.44948974278317805	0.44948974278317805	0.44948974278317805	0.0	0.44948974278317805	0.44948974278317805	0.44948974278317805	1.0	0.4142135623730951	0.585786437626905	0.44948974278317805
ckb	0.0	1.0	0.44948974278317805	1.0	1.0	1.0	1.0	1.0	1.0	1.0	1.0	1.0	1.0	0.585786437626905	1.0	1.0	1.0	1.0	1.0	1.0	1.0	1.0	1.0	1.0	1.0	1.0	1.0	0.0	1.0	1.0	1.0	1.0	0.585786437626905	1.0	1.0
da	1.0	0.32037724101704074	0.44948974278317805	1.0	1.0	0.30552726787943424	0.585786437626905	0.21089672205953397	0.3164309725825328	0.25355482027512377	0.5	0.585786437626905	0.40453726661826384	0.3090169943749474	0.23654719877941746	0.3164309725825328	0.44948974278317805	1.0	1.0	1.0	1.0	0.3430703308172536	0.3164309725825327	0.3087618505583288	0.585786437626905	0.3164309725825328	0.5	1.0	0.585786437626905	0.585786437626905	0.30552726787943424	1.0	0.44948974278317805	1.0	0.3164309725825327
de	1.0	0.3333333333333333	0.44948974278317805	1.0	0.30552726787943424	1.0	1.0	0.058195207676831485	0.25	0.1779738764024757	0.5	1.0	0.38742588672279304	0.24179033438163733	0.16056186254883698	0.38742588672279304	0.44948974278317805	0.44948974278317805	1.0	1.0	1.0	0.38742588672279304	0.2	0.23727324146403408	0.5	0.2958163163244893	0.38742588672279304	1.0	0.4142135623730951	0.3380788308512194	0.2553967929896867	1.0	0.3660254037844386	1.0	0.38742588672279304
el	1.0	1.0	0.585786437626905	1.0	0.585786437626905	1.0	1.0	0.5	1.0	0.585786437626905	1.0	1.0	0.585786437626905	0.585786437626905	1.0	1.0	1.0	1.0	1.0	1.0	1.0	1.0	1.0	1.0	1.0	1.0	1.0	0.0	1.0	1.0	1.0	1.0	1.0	1.0	1.0
en	1.0	0.3333333333333333	0.44948974278317805	1.0	0.21089672205953397	0.058195207676831485	0.5	1.0	0.04506269359578673	0.06589323882107799	0.2474401533514073	0.585786437626905	0.2958163163244893	0.18660549686337075	0.06218116801347737	0.08182959905635435	0.22772999919644132	0.585786437626905	1.0	0.585786437626905	1.0	0.12178632452799958	0.09327187679274285	0.10520888618853338	0.27792629762666365	0.09837531795074314	0.0773995349852137	1.0	0.34833147735478825	0.07847553141525422	0.13208216249545937	1.0	0.07212107813863848	1.0	0.11814465250770893
es	1.0	0.3333333333333333	0.44948974278317805	1.0	0.3164309725825328	0.25	1.0	0.04506269359578673	1.0	0.1951941016011038	1.0	1.0	0.44948974278317805	0.25355482027512377	0.23371479611805132	0.44948974278317805	0.585786437626905	0.585786437626905	1.0	1.0	1.0	0.4142135623730951	0.23727324146403408	0.28172904669025317	0.5	0.38742588672279304	0.5	1.0	0.44948974278317805	0.38742588672279304	0.29893508442482547	1.0	0.21239994067041815	1.0	0.5
fr	0.0	0.32037724101704074	0.44948974278317805	1.0	0.25355482027512377	0.1779738764024757	0.585786437626905	0.06589323882107799	0.1951941016011038	1.0	0.38742588672279304	1.0	0.3483314773547883	0.2193450929151803	0.16138607781083864	0.26968623182294527	0.30216947925196225	1.0	1.0	0.585786437626905	1.0	0.2303268468157938	0.19675422795565728	0.2	0.5	0.2216368750839041	0.2766967754673749	1.0	0.34833147735478825	0.28989794855663564	0.25	1.0	0.28172904669025317	1.0	0.24336073281110826
he	1.0	0.5	0.585786437626905	1.0	0.5	0.5	1.0	0.2474401533514073	1.0	0.38742588672279304	1.0	1.0	0.585786437626905	0.5	0.5	1.0	1.0	1.0	1.0	1.0	1.0	1.0	0.5	0.585786437626905	1.0	1.0	1.0	1.0	0.585786437626905	1.0	0.5	1.0	0.44948974278317805	1.0	1.0
hi	0.0	0.5	0.585786437626905	1.0	0.585786437626905	1.0	1.0	0.585786437626905	1.0	1.0	1.0	1.0	0.585786437626905	0.5	0.5	1.0	1.0	1.0	1.0	1.0	1.0	1.0	0.585786437626905	0.585786437626905	1.0	1.0	1.0	1.0	1.0	1.0	1.0	1.0	0.585786437626905	1.0	1.0
hu	1.0	0.353889367864523	0.44948974278317805	1.0	0.40453726661826384	0.38742588672279304	0.585786437626905	0.2958163163244893	0.44948974278317805	0.3483314773547883	0.585786437626905	0.585786437626905	1.0	0.3380788308512194	0.2989350844248255	0.585786437626905	0.585786437626905	1.0	0.585786437626905	0.585786437626905	0.585786437626905	0.5	0.38742588672279304	0.5	0.5	0.585786437626905	0.585786437626905	1.0	0.5	0.585786437626905	0.44948974278317805	0.585786437626905	0.4142135623730951	1.0	0.585786437626905
id	1.0	0.3333333333333333	0.44948974278317805	0.585786437626905	0.3090169943749474	0.24179033438163733	0.585786437626905	0.18660549686337075	0.25355482027512377	0.2193450929151803	0.5	0.5	0.3380788308512194	1.0	0.2240092377397959	0.25728427444747215	0.2958163163244893	0.5	1.0	0.585786437626905	1.0	0.27429188517743175	0.2449655295864104	0.26968623182294527	0.36602540378443865	0.27429188517743175	0.39564392373896007	1.0	0.4142135623730951	0.38742588672279304	0.2766967754673749	1.0	0.3333333333333333	1.0	0.25728427444747215
it	0.585786437626905	0.3333333333333333	0.44948974278317805	1.0	0.23654719877941746	0.16056186254883698	1.0	0.06218116801347737	0.23371479611805132	0.16138607781083864	0.5	0.5	0.2989350844248255	0.2240092377397959	1.0	0.2553967929896867	0.44948974278317805	1.0	1.0	0.585786437626905	1.0	0.2612038749637415	0.1765633506768389	0.21393876913398135	0.44948974278317805	0.2449655295864104	0.3333333333333333	1.0	0.44948974278317805	0.3090169943749474	0.22966848451216434	1.0	0.3333333333333333	1.0	0.28172904669025317
ja	1.0	0.3333333333333333	0.44948974278317805	1.0	0.3164309725825328	0.38742588672279304	1.0	0.08182959905635435	0.44948974278317805	0.26968623182294527	1.0	1.0	0.585786437626905	0.25728427444747215	0.2553967929896867	1.0	1.0	1.0	1.0	1.0	1.0	1.0	0.2612038749637414	0.38742588672279304	0.585786437626905	1.0	0.585786437626905	1.0	0.5	0.585786437626905	0.4142135623730951	1.0	0.2958163163244893	1.0	1.0
ko	1.0	0.3333333333333333	0.44948974278317805	1.0	0.44948974278317805	0.44948974278317805	1.0	0.22772999919644132	0.585786437626905	0.30216947925196225	1.0	1.0	0.585786437626905	0.2958163163244893	0.44948974278317805	1.0	1.0	1.0	1.0	1.0	1.0	1.0	0.4142135623730951	0.585786437626905	0.585786437626905	1.0	0.585786437626905	1.0	0.5	0.585786437626905	0.5	1.0	0.3430703308172536	1.0	1.0
lv	1.0	0.39564392373896007	0.44948974278317805	1.0	1.0	0.44948974278317805	1.0	0.585786437626905	0.585786437626905	1.0	1.0	1.0	1.0	0.5	1.0	1.0	1.0	1.0	1.0	1.0	1.0	1.0	0.585786437626905	0.585786437626905	1.0	1.0	1.0	1.0	0.585786437626905	1.0	1.0	1.0	0.5	1.0	1.0
mk	1.0	0.39564392373896007	0.44948974278317805	1.0	1.0	1.0	1.0	1.0	1.0	1.0	1.0	1.0	0.585786437626905	1.0	1.0	1.0	1.0	1.0	1.0	1.0	1.0	1.0	0.585786437626905	1.0	1.0	1.0	1.0	0.0	1.0	1.0	0.585786437626905	1.0	0.585786437626905	1.0	1.0
ml	0.0	1.0	0.585786437626905	1.0	1.0	1.0	1.0	0.585786437626905	1.0	0.585786437626905	1.0	1.0	0.585786437626905	0.585786437626905	0.585786437626905	1.0	1.0	1.0	1.0	1.0	1.0	1.0	1.0	1.0	1.0	1.0	1.0	1.0	1.0	1.0	1.0	1.0	1.0	1.0	1.0
mr	0.0	1.0	0.585786437626905	1.0	1.0	1.0	1.0	1.0	1.0	1.0	1.0	1.0	0.585786437626905	1.0	1.0	1.0	1.0	1.0	1.0	1.0	1.0	1.0	1.0	1.0	1.0	1.0	1.0	0.0	1.0	1.0	1.0	1.0	1.0	1.0	1.0
nl	1.0	0.3333333333333333	0.44948974278317805	1.0	0.3430703308172536	0.38742588672279304	1.0	0.12178632452799958	0.4142135623730951	0.2303268468157938	1.0	1.0	0.5	0.27429188517743175	0.2612038749637415	1.0	1.0	1.0	1.0	1.0	1.0	1.0	0.25	0.3090169943749474	1.0	0.585786437626905	0.585786437626905	1.0	0.5	0.5	0.5	1.0	0.44948974278317805	1.0	1.0
pl	1.0	0.32037724101704074	0.44948974278317805	1.0	0.3164309725825327	0.2	1.0	0.09327187679274285	0.23727324146403408	0.19675422795565728	0.5	0.585786437626905	0.38742588672279304	0.2449655295864104	0.1765633506768389	0.2612038749637414	0.4142135623730951	0.585786437626905	0.585786437626905	1.0	1.0	0.25	1.0	0.2372732414640341	0.44948974278317805	0.2958163163244893	0.4142135623730951	1.0	0.4142135623730951	0.30216947925196225	0.29893508442482547	1.0	0.2766967754673749	1.0	0.2612038749637415
pt	1.0	0.32037724101704074	0.44948974278317805	1.0	0.3087618505583288	0.23727324146403408	1.0	0.10520888618853338	0.28172904669025317	0.2	0.585786437626905	0.585786437626905	0.5	0.26968623182294527	0.21393876913398135	0.38742588672279304	0.585786437626905	0.585786437626905	1.0	1.0	1.0	0.3090169943749474	0.2372732414640341	1.0	0.44948974278317805	0.30216947925196225	0.4142135623730951	1.0	0.4142135623730951	0.3203772410170407	0.32037724101704074	1.0	0.252650308587072	1.0	0.44948974278317805
ro	1.0	0.3333333333333333	0.44948974278317805	1.0	0.585786437626905	0.5	1.0	0.27792629762666365	0.5	0.5	1.0	1.0	0.5	0.36602540378443865	0.44948974278317805	0.585786437626905	0.585786437626905	1.0	1.0	1.0	1.0	1.0	0.44948974278317805	0.44948974278317805	1.0	0.585786437626905	0.5	1.0	0.5	0.585786437626905	0.5	1.0	0.38742588672279304	1.0	0.585786437626905
ru	1.0	0.3333333333333333	0.44948974278317805	1.0	0.3164309725825328	0.2958163163244893	1.0	0.09837531795074314	0.38742588672279304	0.2216368750839041	1.0	1.0	0.585786437626905	0.27429188517743175	0.2449655295864104	1.0	1.0	1.0	1.0	1.0	1.0	0.585786437626905	0.2958163163244893	0.30216947925196225	0.585786437626905	1.0	0.585786437626905	1.0	0.5	0.3430703308172536	0.4142135623730951	1.0	0.3430703308172536	1.0	1.0
sh	1.0	0.44948974278317805	0.44948974278317805	1.0	0.5	0.38742588672279304	1.0	0.0773995349852137	0.5	0.2766967754673749	1.0	1.0	0.585786437626905	0.39564392373896007	0.3333333333333333	0.585786437626905	0.585786437626905	1.0	1.0	1.0	1.0	0.585786437626905	0.4142135623730951	0.4142135623730951	0.5	0.585786437626905	1.0	1.0	1.0	0.179128784747792	0.5	1.0	0.3333333333333333	1.0	0.44948974278317805
si	0.0	1.0	0.0	0.0	1.0	1.0	0.0	1.0	1.0	1.0	1.0	1.0	1.0	1.0	1.0	1.0	1.0	1.0	0.0	1.0	0.0	1.0	1.0	1.0	1.0	1.0	1.0	1.0	0.0	1.0	1.0	0.0	1.0	1.0	1.0
simple	1.0	0.39564392373896007	0.44948974278317805	1.0	0.585786437626905	0.4142135623730951	1.0	0.34833147735478825	0.44948974278317805	0.34833147735478825	0.585786437626905	1.0	0.5	0.4142135623730951	0.44948974278317805	0.5	0.5	0.585786437626905	1.0	1.0	1.0	0.5	0.4142135623730951	0.4142135623730951	0.5	0.5	1.0	0.0	1.0	0.585786437626905	0.44948974278317805	1.0	0.44948974278317805	1.0	0.5
sr	1.0	0.3333333333333333	0.44948974278317805	1.0	0.585786437626905	0.3380788308512194	1.0	0.07847553141525422	0.38742588672279304	0.28989794855663564	1.0	1.0	0.585786437626905	0.38742588672279304	0.3090169943749474	0.585786437626905	0.585786437626905	1.0	1.0	1.0	1.0	0.5	0.30216947925196225	0.3203772410170407	0.585786437626905	0.3430703308172536	0.179128784747792	1.0	0.585786437626905	1.0	0.44948974278317805	1.0	0.3090169943749474	1.0	0.44948974278317805
sv	1.0	0.3425542621941936	0.44948974278317805	1.0	0.30552726787943424	0.2553967929896867	1.0	0.13208216249545937	0.29893508442482547	0.25	0.5	1.0	0.44948974278317805	0.2766967754673749	0.22966848451216434	0.4142135623730951	0.5	1.0	0.585786437626905	1.0	1.0	0.5	0.29893508442482547	0.32037724101704074	0.5	0.4142135623730951	0.5	1.0	0.44948974278317805	0.44948974278317805	1.0	1.0	0.34833147735478825	1.0	0.44948974278317805
te	0.0	1.0	1.0	1.0	1.0	1.0	1.0	1.0	1.0	1.0	1.0	1.0	0.585786437626905	1.0	1.0	1.0	1.0	1.0	1.0	1.0	1.0	1.0	1.0	1.0	1.0	1.0	1.0	0.0	1.0	1.0	1.0	1.0	1.0	1.0	1.0
vi	1.0	0.32037724101704074	0.4142135623730951	0.585786437626905	0.44948974278317805	0.3660254037844386	1.0	0.07212107813863848	0.21239994067041815	0.28172904669025317	0.44948974278317805	0.585786437626905	0.4142135623730951	0.3333333333333333	0.3333333333333333	0.2958163163244893	0.3430703308172536	0.5	0.585786437626905	1.0	1.0	0.44948974278317805	0.2766967754673749	0.252650308587072	0.38742588672279304	0.3430703308172536	0.3333333333333333	1.0	0.44948974278317805	0.3090169943749474	0.34833147735478825	1.0	1.0	1.0	0.3090169943749474
war	0.0	1.0	0.585786437626905	1.0	1.0	1.0	1.0	1.0	1.0	1.0	1.0	1.0	1.0	1.0	1.0	1.0	1.0	1.0	1.0	1.0	1.0	1.0	1.0	1.0	1.0	1.0	1.0	1.0	1.0	1.0	1.0	1.0	1.0	1.0	1.0
zh	1.0	0.3333333333333333	0.44948974278317805	1.0	0.3164309725825327	0.38742588672279304	1.0	0.11814465250770893	0.5	0.24336073281110826	1.0	1.0	0.585786437626905	0.25728427444747215	0.28172904669025317	1.0	1.0	1.0	1.0	1.0	1.0	1.0	0.2612038749637415	0.44948974278317805	0.585786437626905	1.0	0.44948974278317805	1.0	0.5	0.44948974278317805	0.44948974278317805	1.0	0.3090169943749474	1.0	1.0
