arz	bs	ceb	ckb	da	de	el	en	es	fr	he	hi	hu	id	it	ja	ko	lv	mk	ml	mr	nl	pl	pt	ro	ru	sh	si	simple	sr	sv	te	tr	vi	war	zh
arz	1.0	0.4593250513036037	1.0	1.0	1.0	1.0	1.0	1.0	1.0	0.7584325078215763	1.0	1.0	1.0	1.0	1.0	1.0	1.0	1.0	1.0	1.0	1.0	1.0	1.0	1.0	1.0	1.0	1.0	1.0	1.0	1.0	1.0	1.0	1.0	1.0	1.0	1.0
bs	0.4593250513036037	1.0	0.5020797777427737	0.2457587685994744	0.16846365004123992	0.18656993350281165	0.20916760868097634	0.13749490625927324	0.15873569014695263	0.14510288991107734	0.22635760043723405	0.20659396066701097	0.15108118621321934	0.15013030743608513	0.15227731014274867	0.21607836930528787	0.22180261974558496	0.18862524287455354	0.2273429445082333	0.18937591454236896	0.4097933260536449	0.1606999174011555	0.14807775901961304	0.1575193465405083	0.13583562655653092	0.20777157531540894	0.13307935704944882	0.39880843614295564	0.16722557239808616	0.14335016598496914	0.14136376206701562	0.3524532466469429	0.31271459155784703	0.14921686473777757	0.21108822918392844	0.21007729245503998
ceb	1.0	0.5020797777427737	1.0	1.0	1.0	1.0	1.0	1.0	1.0	1.0	1.0	1.0	1.0	1.0	1.0	1.0	1.0	0.7863954451402115	1.0	1.0	1.0	1.0	0.7863954451402115	1.0	1.0	1.0	1.0	1.0	1.0	1.0	1.0	1.0	-1.0	1.0	1.0	1.0
ckb	1.0	0.2457587685994744	1.0	1.0	0.585307241463139	0.7199285383279772	1.0	0.38081269864960954	1.0	1.0	1.0	1.0	0.5741663415467618	0.49274475561369613	0.5048805262876945	1.0	1.0	1.0	1.0	1.0	1.0	0.4995943057228088	0.30243328397276836	1.0	0.5332534364894806	1.0	0.6568318202362041	1.0	0.6167131210802118	0.5112673287850913	0.5912384651224017	1.0	1.0	0.6568318202362041	1.0	1.0
da	1.0	0.16846365004123992	1.0	0.585307241463139	1.0	0.11216554257088554	0.1605671145926462	0.10828633497433253	0.11622426170681961	0.10920881794791593	0.1588821854014863	0.19782238472927993	0.10887473024433875	0.12509001822905463	0.110840452905303	0.13660455848487116	0.16279551001156947	0.14046691706312758	0.19887915539992182	0.2573269911064789	0.5490382987829555	0.11226726686509299	0.10513177232165341	0.11252508082537586	0.1156332362723251	0.12812026996448178	0.1003007648515851	0.7210092110599262	0.15562053450223204	0.09989672899571996	0.10091032721580397	0.3463669047041913	0.2699958138100698	0.1251131494685572	0.4018409539789471	0.13819836355742718
de	1.0	0.18656993350281165	1.0	0.7199285383279772	0.11216554257088554	1.0	0.1455531684787147	0.053559364657285335	0.054300622213597875	0.05293877758003319	0.16462472391367725	0.15003437382129414	0.07079953470896036	0.1040709031419556	0.06153651630418413	0.06595494280513255	0.12203615489592157	0.1171657907923536	0.2350919870870539	0.32540647315692756	0.5719241620521028	0.05656351140192869	0.06629389269140497	0.06636829262614968	0.09606159824921644	0.08509047942592936	0.05807625778580558	0.6802458882942041	0.09791788037083214	0.05740044190379023	0.08144407237131188	0.3948641229470403	0.23140657859851238	0.07329330095044463	0.5269842779989724	0.06941130075786549
el	1.0	0.20916760868097634	1.0	1.0	0.1605671145926462	0.1455531684787147	1.0	0.14490455459579923	0.15470672796808838	0.11433102913658111	0.6350916114743043	1.0	0.12024618206748923	0.1618652305097447	0.13016065820047598	1.0	1.0	0.1891052713764749	1.0	1.0	1.0	0.12099517917112688	0.1284640120157225	0.17493877133230204	0.14174077449853215	1.0	0.12124852614629024	1.0	0.1603749274057599	0.13527780721261723	0.13912874649058654	1.0	0.6524007805500077	0.12325809287160423	0.6370562647493825	1.0
en	1.0	0.13749490625927324	1.0	0.38081269864960954	0.10828633497433253	0.053559364657285335	0.14490455459579923	1.0	0.06411172559253302	0.0687825950783009	0.14741299245793485	0.1509461938171187	0.08230241687736631	0.11510765739062796	0.0851866431786153	0.12241848294734124	0.14655153410961402	0.10937339124216164	0.14286214899063432	0.16035817183335827	0.26789265133919127	0.06974555578859643	0.08705152883449976	0.07590893608778565	0.09815480072738193	0.13435832846685195	0.07485731411285108	0.35599738218088595	0.09637050648452249	0.07145151764117268	0.08551778574121821	0.18745738778111987	0.22894288572379368	0.08493198547593098	0.25686337837835926	0.1242104351361273
es	1.0	0.15873569014695263	1.0	1.0	0.11622426170681961	0.054300622213597875	0.15470672796808838	0.06411172559253302	1.0	0.06116291544689342	0.14529543800551448	0.18696874724938137	0.07541815623860143	0.10116734676236758	0.06555327347650446	0.07906815854546495	0.11554162059883695	0.10713470981751945	0.24895769402511647	0.30023268732555575	0.5023079334280177	0.0629309748356001	0.06988447764986089	0.07715734207701463	0.09503461751662544	0.09606994225687575	0.06734169481858954	0.653200231972572	0.11218872511541356	0.06520676985906637	0.07877466236009516	0.45199953925554515	0.2348125341499921	0.07663343772303474	0.5247956054173878	0.08289373121484608
fr	0.7584325078215763	0.14510288991107734	1.0	1.0	0.10920881794791593	0.05293877758003319	0.11433102913658111	0.0687825950783009	0.06116291544689342	1.0	0.13007569515148926	0.1201739537467826	0.07149744144852709	0.09715708548668392	0.06872386674586542	0.08306137798804508	0.09902393790750576	0.09731021271037084	0.16908851344027861	0.21058380568503918	0.4852430431329511	0.06272681533097603	0.07118008496330971	0.07035533857927828	0.08939356344829494	0.09069935248822864	0.06622892693760438	0.6802458882942042	0.09810526930752182	0.06331391453336073	0.07345575410669451	0.3141714007409276	0.22724282367200782	0.07387632088513331	0.28970171841703773	0.08637586653557384
he	1.0	0.22635760043723405	1.0	1.0	0.1588821854014863	0.16462472391367725	0.6350916114743043	0.14741299245793485	0.14529543800551448	0.13007569515148926	1.0	0.6951943257764672	0.13626872675914037	0.1486502315514615	0.13013889137592924	0.5178066634965596	0.5666812221822983	0.209763816474772	0.6204114017707751	0.7002769331337121	1.0	0.13501941760645308	0.13373902043483404	0.16114910446768743	0.13359175411393961	0.6324377331643465	0.1476549721491924	1.0	0.18167153853212153	0.147415332725423	0.15650471856148673	1.0	0.39538311603482656	0.13519487295710403	0.6603966140677893	0.5494036768221855
hi	1.0	0.20659396066701097	1.0	1.0	0.19782238472927993	0.15003437382129414	1.0	0.1509461938171187	0.18696874724938137	0.1201739537467826	0.6951943257764672	1.0	0.1426427859914041	0.13622708850350326	0.12579017275257884	1.0	1.0	0.27431511607780557	1.0	1.0	1.0	0.12858834886792644	0.12899066604245554	0.17689963843120204	0.13617749005097524	1.0	0.14022826433645347	1.0	0.169775585001453	0.16157908713257016	0.15039190126164162	1.0	0.4004177962735557	0.1358625587366796	0.7558701509750564	1.0
hu	1.0	0.15108118621321934	1.0	0.5741663415467618	0.10887473024433875	0.07079953470896036	0.12024618206748923	0.08230241687736631	0.07541815623860143	0.07149744144852709	0.13626872675914037	0.1426427859914041	1.0	0.09901712867530826	0.08089860976384505	0.10313518985085736	0.10902345098689972	0.10889137716661836	0.1693902567419286	0.23721283326997486	0.35696275283997764	0.07260140663757376	0.07952690685703191	0.08715610471920442	0.09170869918737028	0.1069497448473457	0.07426004385868393	0.5672879301413053	0.10484875491196576	0.0799191275048994	0.08457519198801892	0.321893698786159	0.41908662411446124	0.08113412533512465	0.3876349618423314	0.10156973613866481
id	1.0	0.15013030743608513	1.0	0.49274475561369613	0.12509001822905463	0.1040709031419556	0.1618652305097447	0.11510765739062796	0.10116734676236758	0.09715708548668392	0.1486502315514615	0.13622708850350326	0.09901712867530826	1.0	0.10725090846151214	0.15685182159547464	0.15522088102837425	0.13349731235162202	0.16472601739152604	0.17151797920219866	0.24424537872816285	0.09928376247737436	0.10110832033889836	0.11569583355161447	0.10353915569059427	0.15662706667634238	0.09349395166036023	0.32935873692505874	0.12122454925342525	0.10500878569757392	0.1018069939170545	0.2169770940451028	0.2937179178976644	0.09807148967710042	0.23541013521629753	0.15906635973237962
it	1.0	0.15227731014274867	1.0	0.5048805262876945	0.110840452905303	0.06153651630418413	0.13016065820047598	0.0851866431786153	0.06555327347650446	0.06872386674586542	0.13013889137592924	0.12579017275257884	0.08089860976384505	0.10725090846151214	1.0	0.1095249223697984	0.12214765431856357	0.10756466533753706	0.17007617848869752	0.18964022729725602	0.4458653403605666	0.06937880738176223	0.08426596252487221	0.07737845268933465	0.09458615672576244	0.10924877713490953	0.07595389214322239	0.5111106493777388	0.10429421232640985	0.07419552492691985	0.08285834218453328	0.3176170385346539	0.22325476410271072	0.08285231646148322	0.35226884890546933	0.11204869541955138
ja	1.0	0.21607836930528787	1.0	1.0	0.13660455848487116	0.06595494280513255	1.0	0.12241848294734124	0.07906815854546495	0.08306137798804508	0.5178066634965596	1.0	0.10313518985085736	0.15685182159547464	0.1095249223697984	1.0	1.0	0.14456761965787746	1.0	1.0	1.0	0.08291522376194227	0.11179241552621835	0.09197882860471446	0.12547159778088846	0.4643816666219834	0.09368936388133078	1.0	0.14376670900477292	0.0836034660149526	0.10207797768597275	1.0	0.34051844771359635	0.10396612654977186	0.659688593498643	1.0
ko	1.0	0.22180261974558496	1.0	1.0	0.16279551001156947	0.12203615489592157	1.0	0.14655153410961402	0.11554162059883695	0.09902393790750576	0.5666812221822983	1.0	0.10902345098689972	0.15522088102837425	0.12214765431856357	1.0	1.0	0.17356656528218858	1.0	1.0	1.0	0.11682959676190247	0.1232375281976315	0.13579092498259435	0.1274280114079012	0.6110127792096903	0.11112919487068593	1.0	0.17304558775734571	0.10900852191523351	0.13276581186017503	1.0	0.3637145541279675	0.11955202910365503	0.659688593498643	1.0
lv	1.0	0.18862524287455354	0.7863954451402115	1.0	0.14046691706312758	0.1171657907923536	0.1891052713764749	0.10937339124216164	0.10713470981751945	0.09731021271037084	0.209763816474772	0.27431511607780557	0.10889137716661836	0.13349731235162202	0.10756466533753706	0.14456761965787746	0.17356656528218858	1.0	0.35487621072100073	0.33616216182907105	0.6017658765465163	0.10536878173062286	0.10317077583011326	0.1299303241610641	0.126054415820121	0.18710324474098428	0.11528269113231177	0.7263875964832448	0.1623947972257095	0.11311004951974787	0.12798028782274798	0.43486659388869026	0.4150927174943008	0.11815228669959119	0.44640950769110116	0.1561088103813584
mk	1.0	0.2273429445082333	1.0	1.0	0.19887915539992182	0.2350919870870539	1.0	0.14286214899063432	0.24895769402511647	0.16908851344027861	0.6204114017707751	1.0	0.1693902567419286	0.16472601739152604	0.17007617848869752	1.0	1.0	0.35487621072100073	1.0	1.0	1.0	0.21331860559178928	0.15440993443222867	0.21178229293708067	0.1544460842180133	1.0	0.1870528880747718	1.0	0.2593395926900831	0.21417826484899424	0.19680535938290253	1.0	0.41908662411446124	0.19870232818452482	0.6406217872018793	1.0
ml	1.0	0.18937591454236896	1.0	1.0	0.2573269911064789	0.32540647315692756	1.0	0.16035817183335827	0.30023268732555575	0.21058380568503918	0.7002769331337121	1.0	0.23721283326997486	0.17151797920219866	0.18964022729725602	1.0	1.0	0.33616216182907105	1.0	1.0	1.0	0.22824872168879254	0.20103128045879604	0.35003718727707106	0.22669910635032323	1.0	0.22730625975418065	1.0	0.27702079719888323	0.24965059317646018	0.17572373707017552	1.0	0.6590289336463361	0.25282733646932265	0.7614667272561387	1.0
mr	1.0	0.4097933260536449	1.0	1.0	0.5490382987829555	0.5719241620521028	1.0	0.26789265133919127	0.5023079334280177	0.4852430431329511	1.0	1.0	0.35696275283997764	0.24424537872816285	0.4458653403605666	1.0	1.0	0.6017658765465163	1.0	1.0	1.0	0.46558353658239243	0.382939438336641	0.48606029763419867	0.545376342806834	1.0	0.5290571398995615	1.0	0.37740233388976574	0.368221521316297	0.4632740577042202	1.0	1.0	0.4352659203623946	1.0	1.0
nl	1.0	0.1606999174011555	1.0	0.4995943057228088	0.11226726686509299	0.05656351140192869	0.12099517917112688	0.06974555578859643	0.0629309748356001	0.06272681533097603	0.13501941760645308	0.12858834886792644	0.07260140663757376	0.09928376247737436	0.06937880738176223	0.08291522376194227	0.11682959676190247	0.10536878173062286	0.21331860559178928	0.22824872168879254	0.46558353658239243	1.0	0.0718185850374968	0.07181664132570542	0.09763323718579853	0.08900655113832744	0.0661746143741053	0.6802458882942041	0.1064860351341974	0.06490398995928424	0.0767216780473895	0.3698564068794644	0.2601822781967488	0.0760441629284434	0.4108328756624217	0.08194905473816827
pl	1.0	0.14807775901961304	0.7863954451402115	0.30243328397276836	0.10513177232165341	0.06629389269140497	0.1284640120157225	0.08705152883449976	0.06988447764986089	0.07118008496330971	0.13373902043483404	0.12899066604245554	0.07952690685703191	0.10110832033889836	0.08426596252487221	0.11179241552621835	0.1232375281976315	0.10317077583011326	0.15440993443222867	0.20103128045879604	0.382939438336641	0.0718185850374968	1.0	0.0813531610404698	0.0944778316655107	0.1162342028774939	0.07849179644340372	0.47338255742271174	0.10350695521949793	0.07808600669587434	0.08546268420206825	0.2966789100296866	0.24500195325696325	0.08375054130088398	0.3592089083516129	0.11308061618018712
pt	1.0	0.1575193465405083	1.0	1.0	0.11252508082537586	0.06636829262614968	0.17493877133230204	0.07590893608778565	0.07715734207701463	0.07035533857927828	0.16114910446768743	0.17689963843120204	0.08715610471920442	0.11569583355161447	0.07737845268933465	0.09197882860471446	0.13579092498259435	0.1299303241610641	0.21178229293708067	0.35003718727707106	0.48606029763419867	0.07181664132570542	0.0813531610404698	1.0	0.08657657637930524	0.0782846196481262	0.060564797094760786	0.7199285383279772	0.11452267274146218	0.05916279306180755	0.06870201424113785	0.3455194724733659	0.22988454172842882	0.08886109715298232	0.5310973822009024	0.09675315700467439
ro	1.0	0.13583562655653092	1.0	0.5332534364894806	0.1156332362723251	0.09606159824921644	0.14174077449853215	0.09815480072738193	0.09503461751662544	0.08939356344829494	0.13359175411393961	0.13617749005097524	0.09170869918737028	0.10353915569059427	0.09458615672576244	0.12547159778088846	0.1274280114079012	0.126054415820121	0.1544460842180133	0.22669910635032323	0.545376342806834	0.09763323718579853	0.0944778316655107	0.08657657637930524	1.0	0.12136627936845984	0.0863491808657467	0.6549329476340925	0.1253788179015484	0.08253245719704626	0.08550117956071643	0.2738909541427545	0.4446676127221656	0.09866308193129027	0.32109514809458367	0.12425574540336
ru	1.0	0.20777157531540894	1.0	1.0	0.12812026996448178	0.08509047942592936	1.0	0.13435832846685195	0.09606994225687575	0.09069935248822864	0.6324377331643465	1.0	0.1069497448473457	0.15662706667634238	0.10924877713490953	0.4643816666219834	0.6110127792096903	0.18710324474098428	1.0	1.0	1.0	0.08900655113832744	0.1162342028774939	0.0782846196481262	0.12136627936845984	1.0	0.08550472485972381	1.0	0.1310353110841871	0.08211687190808595	0.09432557852929471	1.0	0.24585409629272487	0.11286158723870643	0.6611346385924656	0.48532167772506984
sh	1.0	0.13307935704944882	1.0	0.6568318202362041	0.1003007648515851	0.05807625778580558	0.12124852614629024	0.07485731411285108	0.06734169481858954	0.06622892693760438	0.1476549721491924	0.14022826433645347	0.07426004385868393	0.09349395166036023	0.07595389214322239	0.09368936388133078	0.11112919487068593	0.11528269113231177	0.1870528880747718	0.22730625975418065	0.5290571398995615	0.0661746143741053	0.07849179644340372	0.060564797094760786	0.0863491808657467	0.08550472485972381	1.0	0.622938511309098	0.10071359979205226	0.06017782299518101	0.06956093551439249	0.21384928347451543	0.3317796097574117	0.07658191616850595	0.4561032028347756	0.0928592572618655
si	1.0	0.39880843614295564	1.0	1.0	0.7210092110599262	0.6802458882942041	1.0	0.35599738218088595	0.653200231972572	0.6802458882942042	1.0	1.0	0.5672879301413053	0.32935873692505874	0.5111106493777388	1.0	1.0	0.7263875964832448	1.0	1.0	1.0	0.6802458882942041	0.47338255742271174	0.7199285383279772	0.6549329476340925	1.0	0.622938511309098	1.0	0.6568318202362041	0.5773372087697156	0.5492068642120143	1.0	1.0	0.5731353761479109	0.7865377663035592	1.0
simple	1.0	0.16722557239808616	1.0	0.6167131210802118	0.15562053450223204	0.09791788037083214	0.1603749274057599	0.09637050648452249	0.11218872511541356	0.09810526930752182	0.18167153853212153	0.169775585001453	0.10484875491196576	0.12122454925342525	0.10429421232640985	0.14376670900477292	0.17304558775734571	0.1623947972257095	0.2593395926900831	0.27702079719888323	0.37740233388976574	0.1064860351341974	0.10350695521949793	0.11452267274146218	0.1253788179015484	0.1310353110841871	0.10071359979205226	0.6568318202362041	1.0	0.10260764972340962	0.12016243565789583	0.33104076030205964	0.25829856191258516	0.10410797220104	0.3640116633209316	0.12415042933063725
sr	1.0	0.14335016598496914	1.0	0.5112673287850913	0.09989672899571996	0.05740044190379023	0.13527780721261723	0.07145151764117268	0.06520676985906637	0.06331391453336073	0.147415332725423	0.16157908713257016	0.0799191275048994	0.10500878569757392	0.07419552492691985	0.0836034660149526	0.10900852191523351	0.11311004951974787	0.21417826484899424	0.24965059317646018	0.368221521316297	0.06490398995928424	0.07808600669587434	0.05916279306180755	0.08253245719704626	0.08211687190808595	0.06017782299518101	0.5773372087697156	0.10260764972340962	1.0	0.0686079217835947	0.23561603842590698	0.36962203226560153	0.08032839090845602	0.33081575653412365	0.08933391340437845
sv	1.0	0.14136376206701562	1.0	0.5912384651224017	0.10091032721580397	0.08144407237131188	0.13912874649058654	0.08551778574121821	0.07877466236009516	0.07345575410669451	0.15650471856148673	0.15039190126164162	0.08457519198801892	0.1018069939170545	0.08285834218453328	0.10207797768597275	0.13276581186017503	0.12798028782274798	0.19680535938290253	0.17572373707017552	0.4632740577042202	0.0767216780473895	0.08546268420206825	0.06870201424113785	0.08550117956071643	0.09432557852929471	0.06956093551439249	0.5492068642120143	0.12016243565789583	0.0686079217835947	1.0	0.386125274961893	0.30810685472386606	0.09109984454850856	0.40221900668614186	0.0997408472463661
te	1.0	0.3524532466469429	1.0	1.0	0.3463669047041913	0.3948641229470403	1.0	0.18745738778111987	0.45199953925554515	0.3141714007409276	1.0	1.0	0.321893698786159	0.2169770940451028	0.3176170385346539	1.0	1.0	0.43486659388869026	1.0	1.0	1.0	0.3698564068794644	0.2966789100296866	0.3455194724733659	0.2738909541427545	1.0	0.21384928347451543	1.0	0.33104076030205964	0.23561603842590698	0.386125274961893	1.0	1.0	0.24592903215123704	0.7744097047377118	1.0
tr	1.0	0.31271459155784703	-1.0	1.0	0.2699958138100698	0.23140657859851238	0.6524007805500077	0.22894288572379368	0.2348125341499921	0.22724282367200782	0.39538311603482656	0.4004177962735557	0.41908662411446124	0.2937179178976644	0.22325476410271072	0.34051844771359635	0.3637145541279675	0.4150927174943008	0.41908662411446124	0.6590289336463361	1.0	0.2601822781967488	0.24500195325696325	0.22988454172842882	0.4446676127221656	0.24585409629272487	0.3317796097574117	1.0	0.25829856191258516	0.36962203226560153	0.30810685472386606	1.0	1.0	0.5364683061849675	1.0	0.28343957372193634
vi	1.0	0.14921686473777757	1.0	0.6568318202362041	0.1251131494685572	0.07329330095044463	0.12325809287160423	0.08493198547593098	0.07663343772303474	0.07387632088513331	0.13519487295710403	0.1358625587366796	0.08113412533512465	0.09807148967710042	0.08285231646148322	0.10396612654977186	0.11955202910365503	0.11815228669959119	0.19870232818452482	0.25282733646932265	0.4352659203623946	0.0760441629284434	0.08375054130088398	0.08886109715298232	0.09866308193129027	0.11286158723870643	0.07658191616850595	0.5731353761479109	0.10410797220104	0.08032839090845602	0.09109984454850856	0.24592903215123704	0.5364683061849675	1.0	0.30225450660179765	0.10579969168397411
war	1.0	0.21108822918392844	1.0	1.0	0.4018409539789471	0.5269842779989724	0.6370562647493825	0.25686337837835926	0.5247956054173878	0.28970171841703773	0.6603966140677893	0.7558701509750564	0.3876349618423314	0.23541013521629753	0.35226884890546933	0.659688593498643	0.659688593498643	0.44640950769110116	0.6406217872018793	0.7614667272561387	1.0	0.4108328756624217	0.3592089083516129	0.5310973822009024	0.32109514809458367	0.6611346385924656	0.4561032028347756	0.7865377663035592	0.3640116633209316	0.33081575653412365	0.40221900668614186	0.7744097047377118	1.0	0.30225450660179765	1.0	0.6590085086689784
zh	1.0	0.21007729245503998	1.0	1.0	0.13819836355742718	0.06941130075786549	1.0	0.1242104351361273	0.08289373121484608	0.08637586653557384	0.5494036768221855	1.0	0.10156973613866481	0.15906635973237962	0.11204869541955138	1.0	1.0	0.1561088103813584	1.0	1.0	1.0	0.08194905473816827	0.11308061618018712	0.09675315700467439	0.12425574540336	0.48532167772506984	0.0928592572618655	1.0	0.12415042933063725	0.08933391340437845	0.0997408472463661	1.0	0.28343957372193634	0.10579969168397411	0.6590085086689784	1.0
