arz	bs	ceb	ckb	da	de	el	en	es	fr	he	hi	hu	id	it	ja	ko	lv	mk	ml	mr	nl	pl	pt	ro	ru	sh	si	simple	sr	sv	te	tr	vi	war	zh
arz	1.0	0.5555555555555556	0.6666666666666666	0.75	0.5416666666666666	0.5078125	0.75	0.5036231884057971	0.5096153846153846	0.5069444444444444	0.6938775510204082	0.7272727272727273	0.5238095238095238	0.5384615384615384	0.5104166666666666	0.6823529411764706	0.6875	0.782608695652174	0.7692307692307692	0.823529411764706	0.9090909090909091	0.5113636363636364	0.5131578947368421	0.5111111111111111	0.5357142857142857	0.6815642458100559	0.5555555555555556	0.7692307692307692	0.5357142857142857	0.5294117647058824	0.515625	1.0	0.5263157894736842	0.72	0.6000000000000001	0.6842105263157894
bs	0.5555555555555556	1.0	0.5068493150684932	0.5002885170225043	0.5014392630972941	0.5889968424604269	0.5226545078367122	0.5640680859344762	0.5407708907268133	0.6466006372105852	0.503695281409892	0.5002885170225043	0.5204867720152399	0.5142511589212915	0.5196289515140639	0.5178789496035003	0.5213711563583935	0.5002885170225043	0.6630392537893509	0.5002885170225043	0.5789473684210527	0.6827581021103414	0.6590096066725264	0.6586361054864579	0.5330922758188499	0.660126085771168	0.6568522031950673	0.5789473684210527	0.5011520737327189	0.6727381566028796	0.5185895996405047	0.5555555555555556	0.5777777777777777	0.5352919990367395	0.6000000000000001	0.6078927628218938
ceb	0.6666666666666666	0.5068493150684932	1.0	0.6666666666666666	0.5024154589371981	0.5005688282138794	0.6666666666666666	0.5001778726431875	0.500381679389313	0.5001591849729385	0.670076726342711	0.6726457399103138	0.6696629213483146	0.5023148148148148	0.5007874015748032	0.6697247706422018	0.671304347826087	0.6739130434782609	0.6725663716814159	0.6751592356687898	0.6666666666666666	0.5005025125628141	0.5010989010989011	0.5010330578512396	0.5032258064516129	0.6679764243614931	0.5027027027027027	0.6902654867256638	0.5033557046979865	0.50187265917603	0.5009174311926605	0.6666666666666666	-1.0	0.6728538283062645	0.5185185185185185	0.5013123359580053
ckb	0.75	0.5002885170225043	0.6666666666666666	1.0	0.6666666666666666	0.5006418485237484	0.5031446540880503	0.5009746588693957	0.5	0.5004135649296939	0.5	0.6666666666666666	0.5	0.5	0.5	0.5032679738562091	0.5	0.6666666666666666	0.6671955573185244	0.6666666666666666	0.787878787878788	0.5002932551319648	0.5003013863773357	0.5003035822707954	0.5	0.5002988643156008	0.5003455425017277	0.787878787878788	0.6666666666666666	0.5002898550724637	0.5035460992907801	0.75	0.5833333333333333	0.5	0.5833333333333333	0.5005117707267145
da	0.5416666666666666	0.5014392630972941	0.5024154589371981	0.6666666666666666	1.0	0.5025510204081632	0.5060240963855421	0.5038610038610039	0.5060240963855421	0.5016474464579901	0.5319148936170213	0.75	0.5096774193548387	0.509090909090909	0.510989010989011	0.5126582278481012	0.511904761904762	0.75	0.6682483194938711	0.75	0.56	0.5011695906432748	0.501201923076923	0.5012106537530266	0.5063829787234042	0.50119189511323	0.5010323468685478	0.56	0.782608695652174	0.5011560693641618	0.5102040816326531	0.5416666666666666	0.5576923076923077	0.5074626865671642	0.5769230769230769	0.5020366598778004
de	0.5078125	0.5889968424604269	0.5005688282138794	0.5006418485237484	0.5025510204081632	1.0	0.546162596830403	0.6015155370539732	0.5768025078369906	0.5760284603899848	0.51125	0.5006418485237484	0.5415114822630952	0.5297350005417223	0.5433808327737206	0.5433272099938766	0.5456400691966699	0.5006418485237484	0.5886015325670498	0.5006418485237484	0.5116279069767442	0.5890464803866057	0.5925060468644294	0.5936854789528211	0.5647239913549478	0.5850938412164343	0.5737290918331398	0.5116279069767442	0.5025575447570332	0.5888748075010157	0.5406360424028268	0.5078125	0.5472972972972973	0.5694275376735309	0.5153846153846153	0.5770481617478237
el	0.75	0.5226545078367122	0.6666666666666666	0.5031446540880503	0.5060240963855421	0.546162596830403	1.0	0.571047028823227	0.579610013942938	0.5302208579831367	0.5129533678756477	0.5031446540880503	0.6102566556513221	0.5897811515070804	0.5465763039620074	0.5728854543711197	0.5960679263334131	0.5031446540880503	0.5224559408754974	0.5031446540880503	0.787878787878788	0.5226157969215269	0.5231966181165423	0.5226714916763431	0.6110727514069199	0.5197385291789279	0.5240710351157453	0.787878787878788	0.503030303030303	0.5225540716747015	0.568339452041862	0.75	0.5833333333333333	0.5852286677231435	0.5833333333333333	0.5348267844440434
en	0.5036231884057971	0.5640680859344762	0.5001778726431875	0.5009746588693957	0.5038610038610039	0.6015155370539732	0.571047028823227	1.0	0.610668444744032	0.5793016861151346	0.5188150872514161	0.5009746588693957	0.5706876404578121	0.5483172964346777	0.5653291556123579	0.5647968073206912	0.5735293704349484	0.5009746588693957	0.5600408788962697	0.5009746588693957	0.5054151624548736	0.564879078544278	0.5662320317100117	0.565974547890154	0.6209327073207608	0.5588940843074743	0.5640618761654017	0.5054151624548736	0.5038759689922481	0.5620847273258461	0.5540133625594121	0.5036231884057971	0.5308219178082192	0.6072966805001704	0.5071942446043165	0.5799679149928287
es	0.5096153846153846	0.5407708907268133	0.500381679389313	0.5	0.5060240963855421	0.5768025078369906	0.579610013942938	0.610668444744032	1.0	0.5558891639004145	0.5184135977337111	0.5015290519877675	0.5889779180936983	0.5665573952276334	0.5678733031674208	0.5759036144578312	0.5943388720585085	0.5015290519877675	0.5415766738660907	0.5015290519877675	0.5142857142857143	0.5416282290922037	0.5444566410537871	0.543849972421401	0.6238594815861971	0.5370967741935484	0.5432949516807339	0.5142857142857143	0.5060606060606061	0.5403494770984957	0.5628019323671498	0.5096153846153846	0.5564516129032258	0.6232064679001694	0.5188679245283019	0.5641247833622184
fr	0.5069444444444444	0.6466006372105852	0.5001591849729385	0.5004135649296939	0.5016474464579901	0.5760284603899848	0.5302208579831367	0.5793016861151346	0.5558891639004145	1.0	0.5056760780656873	0.5004135649296939	0.5293470723302558	0.5203104596815108	0.5278979533798429	0.527161919326767	0.5321275757615516	0.5004135649296939	0.6251082251082252	0.5004135649296939	0.5103448275862069	0.6438009806063524	0.6322661725084437	0.6320179997823789	0.5488853856922873	0.6257813419295006	0.6520379248643764	0.5103448275862069	0.5016501650165016	0.6309929639787034	0.5262189690899933	0.5069444444444444	0.5460122699386503	0.5464144013031157	0.5136986301369862	0.6423594246576088
he	0.6938775510204082	0.503695281409892	0.670076726342711	0.5	0.5319148936170213	0.51125	0.5129533678756477	0.5188150872514161	0.5184135977337111	0.5056760780656873	1.0	0.5121951219512195	0.5108695652173914	0.5071428571428571	0.54	0.5333333333333333	0.5233160621761658	0.5121951219512195	0.5038078500292912	0.5121951219512195	0.7070707070707071	0.5037602838395667	0.5059594755661502	0.5056988602279544	0.5134099616858238	0.5059101654846336	0.5030467163168585	0.7070707070707071	0.5217391304347826	0.5037121644774415	0.5172413793103449	0.6938775510204082	0.5555555555555556	0.511864406779661	0.5294117647058824	0.5069860279441117
hi	0.7272727272727273	0.5002885170225043	0.6726457399103138	0.6666666666666666	0.75	0.5006418485237484	0.5031446540880503	0.5009746588693957	0.5015290519877675	0.5004135649296939	0.5121951219512195	1.0	0.5033557046979865	0.5048543689320388	0.5028248587570622	0.5032679738562091	0.5030674846625767	1.0	0.6671955573185244	1.0	0.7555555555555555	0.5002932551319648	0.5003013863773357	0.5003035822707954	0.5021834061135371	0.5002988643156008	0.5	0.7555555555555555	0.7692307692307692	0.5002898550724637	0.5035460992907801	0.7272727272727273	0.5714285714285714	0.5019011406844106	0.5625	0.5005117707267145
hu	0.5238095238095238	0.5204867720152399	0.6696629213483146	0.5	0.5096774193548387	0.5415114822630952	0.6102566556513221	0.5706876404578121	0.5889779180936983	0.5293470723302558	0.5108695652173914	0.5033557046979865	1.0	0.633259406312293	0.5594223954642098	0.5845630670323806	0.675279510624496	0.5033557046979865	0.5202048947068867	0.5033557046979865	0.5348837209302326	0.5211149657125215	0.5215130138520193	0.5206934773198688	0.6597754580405473	0.5179282868525896	0.5226437520529439	0.5348837209302326	0.5064935064935064	0.5202478840254056	0.5731325480840912	0.5238095238095238	0.5588235294117647	0.6107255501147478	0.5454545454545455	0.5361624642973677
id	0.5384615384615384	0.5142511589212915	0.5023148148148148	0.5	0.509090909090909	0.5297350005417223	0.5897811515070804	0.5483172964346777	0.5665573952276334	0.5203104596815108	0.5071428571428571	0.5048543689320388	0.633259406312293	1.0	0.547049581455248	0.5894504093543953	0.6219598143641707	0.5048543689320388	0.5144341801385681	0.5048543689320388	0.5555555555555556	0.5144520753895487	0.5153581872543979	0.5150127603152587	0.5929841577105649	0.5128011951730426	0.5162832231345179	0.5555555555555556	0.5140186915887851	0.5142931734942687	0.5830696202531646	0.5384615384615384	0.5882352941176471	0.5780708913249664	0.5714285714285714	0.5246891619300138
it	0.5104166666666666	0.5196289515140639	0.5007874015748032	0.5	0.510989010989011	0.5433808327737206	0.5465763039620074	0.5653291556123579	0.5678733031674208	0.5278979533798429	0.54	0.5028248587570622	0.5594223954642098	0.547049581455248	1.0	0.5836173057844111	0.5599963367371151	0.5028248587570622	0.5198879551820729	0.5028248587570622	0.5154639175257733	0.520531820978572	0.524	0.5232624928202182	0.5568428960169786	0.5226244343891403	0.5192700341641393	0.5154639175257733	0.5111111111111111	0.5194304392551984	0.5622775800711745	0.5104166666666666	0.5652173913043479	0.5540568028681125	0.5204081632653061	0.532347504621072
ja	0.6823529411764706	0.5178789496035003	0.6697247706422018	0.5032679738562091	0.5126582278481012	0.5433272099938766	0.5728854543711197	0.5647968073206912	0.5759036144578312	0.527161919326767	0.5333333333333333	0.5032679738562091	0.5845630670323806	0.5894504093543953	0.5836173057844111	1.0	0.5891493251811148	0.5032679738562091	0.5180995475113122	0.5032679738562091	0.6900584795321637	0.5178626632128276	0.521914648212226	0.5217643644805572	0.5726825547975537	0.5212508675469929	0.5181582360570688	0.6900584795321637	0.5063291139240506	0.5176600441501104	0.5910931174089069	0.6823529411764706	0.556390977443609	0.5645968269920687	0.5172413793103449	0.5325779036827195
ko	0.6875	0.5213711563583935	0.671304347826087	0.5	0.511904761904762	0.5456400691966699	0.5960679263334131	0.5735293704349484	0.5943388720585085	0.5321275757615516	0.5233160621761658	0.5030674846625767	0.675279510624496	0.6219598143641707	0.5599963367371151	0.5891493251811148	1.0	0.5030674846625767	0.5212224108658744	0.5030674846625767	0.6976744186046512	0.5217674564068956	0.523107984857735	0.5235601820551602	0.6435806817224792	0.5188699679403678	0.5244266282361901	0.6976744186046512	0.5059523809523809	0.5213161563753205	0.5687005908046254	0.6875	0.5607476635514019	0.6125200642054575	0.5227272727272727	0.53903958745551
lv	0.782608695652174	0.5002885170225043	0.6739130434782609	0.6666666666666666	0.75	0.5006418485237484	0.5031446540880503	0.5009746588693957	0.5015290519877675	0.5004135649296939	0.5121951219512195	1.0	0.5033557046979865	0.5048543689320388	0.5028248587570622	0.5032679738562091	0.5030674846625767	1.0	0.6671955573185244	1.0	0.8333333333333334	0.5002932551319648	0.5003013863773357	0.5003035822707954	0.5021834061135371	0.5002988643156008	0.5	0.8333333333333334	0.7692307692307692	0.5002898550724637	0.5035460992907801	0.782608695652174	0.5813953488372093	0.5019011406844106	0.6111111111111112	0.5005117707267145
mk	0.7692307692307692	0.6630392537893509	0.6725663716814159	0.6671955573185244	0.6682483194938711	0.5886015325670498	0.5224559408754974	0.5600408788962697	0.5415766738660907	0.6251082251082252	0.5038078500292912	0.6671955573185244	0.5202048947068867	0.5144341801385681	0.5198879551820729	0.5180995475113122	0.5212224108658744	0.6671955573185244	1.0	0.6671955573185244	0.8148148148148148	0.6635294117647059	0.6573454115793619	0.6578322784810128	0.5311804008908686	0.6582875098193245	0.6440049443757726	0.8148148148148148	0.6687797147385103	0.6630307752239969	0.5188141391106044	0.7692307692307692	0.5909090909090909	0.5352811466372658	0.6000000000000001	0.606392694063927
ml	0.823529411764706	0.5002885170225043	0.6751592356687898	0.6666666666666666	0.75	0.5006418485237484	0.5031446540880503	0.5009746588693957	0.5015290519877675	0.5004135649296939	0.5121951219512195	1.0	0.5033557046979865	0.5048543689320388	0.5028248587570622	0.5032679738562091	0.5030674846625767	1.0	0.6671955573185244	1.0	0.8888888888888888	0.5002932551319648	0.5003013863773357	0.5003035822707954	0.5021834061135371	0.5002988643156008	0.5	0.8888888888888888	0.7692307692307692	0.5002898550724637	0.5035460992907801	0.823529411764706	0.5609756097560976	0.5019011406844106	0.6428571428571428	0.5005117707267145
mr	0.9090909090909091	0.5789473684210527	0.6666666666666666	0.787878787878788	0.56	0.5116279069767442	0.787878787878788	0.5054151624548736	0.5142857142857143	0.5103448275862069	0.7070707070707071	0.7555555555555555	0.5348837209302326	0.5555555555555556	0.5154639175257733	0.6900584795321637	0.6976744186046512	0.8333333333333334	0.8148148148148148	0.8888888888888888	1.0	0.5168539325842697	0.5194805194805194	0.5164835164835164	0.5517241379310345	0.6888888888888889	0.5789473684210527	0.75	0.5517241379310345	0.5428571428571428	0.5230769230769231	0.9090909090909091	0.5384615384615384	0.7450980392156863	0.6363636363636364	0.6928104575163399
nl	0.5113636363636364	0.6827581021103414	0.5005025125628141	0.5002932551319648	0.5011695906432748	0.5890464803866057	0.5226157969215269	0.564879078544278	0.5416282290922037	0.6438009806063524	0.5037602838395667	0.5002932551319648	0.5211149657125215	0.5144520753895487	0.520531820978572	0.5178626632128276	0.5217674564068956	0.5002932551319648	0.6635294117647059	0.5002932551319648	0.5168539325842697	1.0	0.6604005860667234	0.660532519579083	0.5334906330585828	0.6626004436936268	0.6530887811344731	0.5168539325842697	0.5011709601873536	0.6695116102337945	0.5191940398393416	0.5113636363636364	0.5648148148148149	0.5355332849095696	0.5222222222222223	0.6095473278627606
pl	0.5131578947368421	0.6590096066725264	0.5010989010989011	0.5003013863773357	0.501201923076923	0.5925060468644294	0.5231966181165423	0.5662320317100117	0.5444566410537871	0.6322661725084437	0.5059594755661502	0.5003013863773357	0.5215130138520193	0.5153581872543979	0.524	0.521914648212226	0.523107984857735	0.5003013863773357	0.6573454115793619	0.5003013863773357	0.5194805194805194	0.6604005860667234	1.0	0.6654483850785582	0.5327024551275036	0.6590786799622923	0.6398020882953238	0.5194805194805194	0.5012033694344163	0.658089180529507	0.5199537304800462	0.5131578947368421	0.5555555555555556	0.5369150632025083	0.5256410256410257	0.6128933473997199
pt	0.5111111111111111	0.6586361054864579	0.5010330578512396	0.5003035822707954	0.5012106537530266	0.5936854789528211	0.5226714916763431	0.565974547890154	0.543849972421401	0.6320179997823789	0.5056988602279544	0.5003035822707954	0.5206934773198688	0.5150127603152587	0.5232624928202182	0.5217643644805572	0.5235601820551602	0.5003035822707954	0.6578322784810128	0.5003035822707954	0.5164835164835164	0.660532519579083	0.6654483850785582	1.0	0.5324433007934439	0.657645593486384	0.6401900990223302	0.5164835164835164	0.5012121212121212	0.6582076373587246	0.5200931857891672	0.5111111111111111	0.5740740740740741	0.5370677364561199	0.5217391304347826	0.6127526829444055
ro	0.5357142857142857	0.5330922758188499	0.5032258064516129	0.5	0.5063829787234042	0.5647239913549478	0.6110727514069199	0.6209327073207608	0.6238594815861971	0.5488853856922873	0.5134099616858238	0.5021834061135371	0.6597754580405473	0.5929841577105649	0.5568428960169786	0.5726825547975537	0.6435806817224792	0.5021834061135371	0.5311804008908686	0.5021834061135371	0.5517241379310345	0.5334906330585828	0.5327024551275036	0.5324433007934439	1.0	0.5254858609316316	0.5375358383492704	0.5517241379310345	0.5064377682403434	0.5322984321093139	0.5636005822314015	0.5357142857142857	0.5961538461538461	0.6586740350534535	0.5666666666666667	0.5538755082388287
ru	0.6815642458100559	0.660126085771168	0.6679764243614931	0.5002988643156008	0.50119189511323	0.5850938412164343	0.5197385291789279	0.5588940843074743	0.5370967741935484	0.6257813419295006	0.5059101654846336	0.5002988643156008	0.5179282868525896	0.5128011951730426	0.5226244343891403	0.5212508675469929	0.5188699679403678	0.5002988643156008	0.6582875098193245	0.5002988643156008	0.6888888888888889	0.6626004436936268	0.6590786799622923	0.657645593486384	0.5254858609316316	1.0	0.6405240269023053	0.6888888888888889	0.5011933174224343	0.659277493125854	0.5197934595524957	0.6815642458100559	0.5539568345323741	0.529520223078322	0.5163934426229508	0.606398667687575
sh	0.5555555555555556	0.6568522031950673	0.5027027027027027	0.5003455425017277	0.5010323468685478	0.5737290918331398	0.5240710351157453	0.5640618761654017	0.5432949516807339	0.6520379248643764	0.5030467163168585	0.5	0.5226437520529439	0.5162832231345179	0.5192700341641393	0.5181582360570688	0.5244266282361901	0.5	0.6440049443757726	0.5	0.5789473684210527	0.6530887811344731	0.6398020882953238	0.6401900990223302	0.5375358383492704	0.6405240269023053	1.0	0.5789473684210527	0.5006887052341598	0.6511559724431706	0.519684870654176	0.5555555555555556	0.5909090909090909	0.538216281603967	0.6000000000000001	0.6209481137055134
si	0.7692307692307692	0.5789473684210527	0.6902654867256638	0.787878787878788	0.56	0.5116279069767442	0.787878787878788	0.5054151624548736	0.5142857142857143	0.5103448275862069	0.7070707070707071	0.7555555555555555	0.5348837209302326	0.5555555555555556	0.5154639175257733	0.6900584795321637	0.6976744186046512	0.8333333333333334	0.8148148148148148	0.8888888888888888	0.75	0.5168539325842697	0.5194805194805194	0.5164835164835164	0.5517241379310345	0.6888888888888889	0.5789473684210527	1.0	0.5517241379310345	0.5428571428571428	0.5230769230769231	0.7692307692307692	0.5384615384615384	0.7450980392156863	0.5833333333333333	0.6928104575163399
simple	0.5357142857142857	0.5011520737327189	0.5033557046979865	0.6666666666666666	0.782608695652174	0.5025575447570332	0.503030303030303	0.5038759689922481	0.5060606060606061	0.5016501650165016	0.5217391304347826	0.7692307692307692	0.5064935064935064	0.5140186915887851	0.5111111111111111	0.5063291139240506	0.5059523809523809	0.7692307692307692	0.6687797147385103	0.7692307692307692	0.5517241379310345	0.5011709601873536	0.5012033694344163	0.5012121212121212	0.5064377682403434	0.5011933174224343	0.5006887052341598	0.5517241379310345	1.0	0.5011574074074074	0.5103448275862069	0.5357142857142857	0.5849056603773585	0.5056179775280899	0.5666666666666667	0.5020408163265306
sr	0.5294117647058824	0.6727381566028796	0.50187265917603	0.5002898550724637	0.5011560693641618	0.5888748075010157	0.5225540716747015	0.5620847273258461	0.5403494770984957	0.6309929639787034	0.5037121644774415	0.5002898550724637	0.5202478840254056	0.5142931734942687	0.5194304392551984	0.5176600441501104	0.5213161563753205	0.5002898550724637	0.6630307752239969	0.5002898550724637	0.5428571428571428	0.6695116102337945	0.658089180529507	0.6582076373587246	0.5322984321093139	0.659277493125854	0.6511559724431706	0.5428571428571428	0.5011574074074074	1.0	0.5183537263626251	0.5294117647058824	0.5862068965517242	0.5350638057709194	0.5555555555555556	0.6074602859987825
sv	0.515625	0.5185895996405047	0.5009174311926605	0.5035460992907801	0.5102040816326531	0.5406360424028268	0.568339452041862	0.5540133625594121	0.5628019323671498	0.5262189690899933	0.5172413793103449	0.5035460992907801	0.5731325480840912	0.5830696202531646	0.5622775800711745	0.5910931174089069	0.5687005908046254	0.5035460992907801	0.5188141391106044	0.5035460992907801	0.5230769230769231	0.5191940398393416	0.5199537304800462	0.5200931857891672	0.5636005822314015	0.5197934595524957	0.519684870654176	0.5230769230769231	0.5103448275862069	0.5183537263626251	1.0	0.515625	0.5764705882352942	0.5575847904840688	0.5303030303030303	0.5299145299145299
te	1.0	0.5555555555555556	0.6666666666666666	0.75	0.5416666666666666	0.5078125	0.75	0.5036231884057971	0.5096153846153846	0.5069444444444444	0.6938775510204082	0.7272727272727273	0.5238095238095238	0.5384615384615384	0.5104166666666666	0.6823529411764706	0.6875	0.782608695652174	0.7692307692307692	0.823529411764706	0.9090909090909091	0.5113636363636364	0.5131578947368421	0.5111111111111111	0.5357142857142857	0.6815642458100559	0.5555555555555556	0.7692307692307692	0.5357142857142857	0.5294117647058824	0.515625	1.0	0.5263157894736842	0.72	0.6000000000000001	0.6842105263157894
tr	0.5263157894736842	0.5777777777777777	-1.0	0.5833333333333333	0.5576923076923077	0.5472972972972973	0.5833333333333333	0.5308219178082192	0.5564516129032258	0.5460122699386503	0.5555555555555556	0.5714285714285714	0.5588235294117647	0.5882352941176471	0.5652173913043479	0.556390977443609	0.5607476635514019	0.5813953488372093	0.5909090909090909	0.5609756097560976	0.5384615384615384	0.5648148148148149	0.5555555555555556	0.5740740740740741	0.5961538461538461	0.5539568345323741	0.5909090909090909	0.5384615384615384	0.5849056603773585	0.5862068965517242	0.5764705882352942	0.5263157894736842	1.0	0.576271186440678	0.55	0.5666666666666667
vi	0.72	0.5352919990367395	0.6728538283062645	0.5	0.5074626865671642	0.5694275376735309	0.5852286677231435	0.6072966805001704	0.6232064679001694	0.5464144013031157	0.511864406779661	0.5019011406844106	0.6107255501147478	0.5780708913249664	0.5540568028681125	0.5645968269920687	0.6125200642054575	0.5019011406844106	0.5352811466372658	0.5019011406844106	0.7450980392156863	0.5355332849095696	0.5369150632025083	0.5370677364561199	0.6586740350534535	0.529520223078322	0.538216281603967	0.7450980392156863	0.5056179775280899	0.5350638057709194	0.5575847904840688	0.72	0.576271186440678	1.0	0.5555555555555556	0.5562016924470219
war	0.6000000000000001	0.6000000000000001	0.5185185185185185	0.5833333333333333	0.5769230769230769	0.5153846153846153	0.5833333333333333	0.5071942446043165	0.5188679245283019	0.5136986301369862	0.5294117647058824	0.5625	0.5454545454545455	0.5714285714285714	0.5204081632653061	0.5172413793103449	0.5227272727272727	0.6111111111111112	0.6000000000000001	0.6428571428571428	0.6363636363636364	0.5222222222222223	0.5256410256410257	0.5217391304347826	0.5666666666666667	0.5163934426229508	0.6000000000000001	0.5833333333333333	0.5666666666666667	0.5555555555555556	0.5303030303030303	0.6000000000000001	0.55	0.5555555555555556	1.0	0.5192307692307692
zh	0.6842105263157894	0.6078927628218938	0.5013123359580053	0.5005117707267145	0.5020366598778004	0.5770481617478237	0.5348267844440434	0.5799679149928287	0.5641247833622184	0.6423594246576088	0.5069860279441117	0.5005117707267145	0.5361624642973677	0.5246891619300138	0.532347504621072	0.5325779036827195	0.53903958745551	0.5005117707267145	0.606392694063927	0.5005117707267145	0.6928104575163399	0.6095473278627606	0.6128933473997199	0.6127526829444055	0.5538755082388287	0.606398667687575	0.6209481137055134	0.6928104575163399	0.5020408163265306	0.6074602859987825	0.5299145299145299	0.6842105263157894	0.5666666666666667	0.5562016924470219	0.5192307692307692	1.0
