arz	bs	ceb	ckb	da	de	el	en	es	fr	he	hi	hu	id	it	ja	ko	lv	mk	ml	mr	nl	pl	pt	ro	ru	sh	si	simple	sr	sv	te	vi	war	zh
arz	1.0	0.0	0.0	0.0	0.0	0.0	0.000687442713107241	7.807010695604653e-05	0.0	2.044320876604792e-05	0.0	0.0	0.0	0.00037965072133637056	6.469979296066253e-05	0.0	0.00010214504596527068	0.0	0.0	0.0	0.0	3.124023742580444e-05	0.0	0.0	8.182859636681032e-05	0.0	0.0	0.0	0.0	0.0	0.0	0.0	0.0	0.0	0.00015408320493066256
bs	0.0	1.0	0.0	0.0	0.036637931034482756	0.009025641025641025	0.029695273631840796	0.0033112582781456954	0.0011894142134998512	0.007778959391862618	0.05618207914701661	0.0	0.023521999369946447	0.0785005512679162	0.007049860708397294	0.016969407265774377	0.01860150503086159	0.15380374862183022	0.00639386189258312	0.0	0.005156854318865492	0.006195677707305614	0.013501268575570859	0.004499127720135892	0.018474421038859087	0.014277274517526585	0.002181500872600349	0.0	0.0021168501270110076	0.09416535255688219	0.02462908011869436	0.0	0.008285004142502071	0.0	0.013322520852641335
ceb	0.0	0.0	0.0	0.0	0.0	0.0	0.0	0.0	0.0	0.0	0.0	0.0	0.0	0.0	0.0	0.0	0.0	0.0	0.0	0.0	0.0	0.0	0.0	0.0	0.0	0.0	0.0	0.0	0.0	0.0	0.0	0.0	0.0	0.0	0.0
ckb	0.0	0.0	0.0	1.0	0.0	0.0	0.0	0.0	0.0	0.0	0.0	0.0	0.0	0.0	0.0	0.0	0.0	0.0	0.0	0.0	0.0	0.0	0.0	0.0	2.7291831554815644e-05	0.0	0.0	0.0	0.0	0.0	0.0	0.0	0.0	0.0	0.0
da	0.0	0.036637931034482756	0.0	0.0	1.0	0.005965947177905885	0.017317939609236235	0.0029239766081871343	0.0022166805209199226	0.007109283196239718	0.026415811478525276	0.0	0.014511873350923483	0.0315008025682183	0.007459338194054963	0.010264098719870834	0.010186478271584655	0.045979721763734965	0.0011503067484662577	0.0	0.0023228803716608595	0.006443900163284348	0.009445621468926553	0.004127781765972721	0.008600046347555167	0.009375298957237157	0.0011792452830188679	0.0	0.0011476664116296864	0.03088413403310456	0.020390702980179667	0.0	0.006190353366004642	0.0	0.011353417266187051
de	0.0	0.009025641025641025	0.0	0.0	0.005965947177905885	1.0	0.01063510184461936	0.011315642680691688	0.0014766686355581807	0.028317694369973192	0.010069101678183614	0.0	0.018486365029108366	0.007209612817089452	0.018278667590937284	0.016077345065450003	0.012840360622894089	0.007212885154061625	0.00023894862604540023	0.0	0.00047885075818036713	0.01906857352401907	0.015965028984130002	0.010566073819085867	0.026628208343783964	0.01762398848235119	8.004482510205715e-05	0.0	0.0003184713375796178	0.009454838060752363	0.009026548672566371	0.0	0.002533844928690364	0.0	0.013481703402525145
el	0.000687442713107241	0.029695273631840796	0.0	0.0	0.017317939609236235	0.01063510184461936	1.0	0.0054066760695815706	0.0018450184501845018	0.014057678387748105	0.03263670197537933	0.0	0.020566885585896994	0.025361250368622825	0.01233683132838495	0.022138437741686	0.019950845742373862	0.03408902862816482	0.0031746031746031746	0.0	0.002048713862963806	0.009615384615384616	0.017589676626469007	0.008140797022794232	0.02334640065919249	0.016859939139731887	0.00022941041523285156	0.0	0.0009037505648441031	0.02564102564102564	0.01654765952623824	0.0	0.006163056876210601	0.0	0.01435676081448813
en	7.807010695604653e-05	0.0033112582781456954	0.0	0.0	0.0029239766081871343	0.011315642680691688	0.0054066760695815706	1.0	0.0013509963598153638	0.02329894357973981	0.004694007199830592	0.0	0.00838721483469562	0.0033793397837222536	0.013412043669416588	0.007598303045653137	0.005945269386129601	0.0029539404106341855	0.00011684973124561814	0.0	7.79635910030016e-05	0.015841933492105494	0.00977551438522551	0.006582040432534086	0.015219235286441342	0.009944120651324882	3.904419803217242e-05	0.0	3.89377774316642e-05	0.003276236601260639	0.005623398662363158	0.0	0.0017459138187221398	0.0	0.007921788060733709
es	0.0	0.0011894142134998512	0.0	0.0	0.0022166805209199226	0.0014766686355581807	0.0018450184501845018	0.0013509963598153638	1.0	0.002527379949452401	0.0030410542321338066	0.0	0.0022261277094317517	0.002168021680216802	0.0024880150494568844	0.002328767123287671	0.0014762871378483115	0.002008704385671242	0.0	0.0	0.0	0.0013624390686972055	0.002106107712365861	0.0018501387604070306	0.0019918731575173294	0.0036363636363636364	0.0	0.0	0.0	0.001366493577480186	0.0015778401122019635	0.0	0.0008143322475570033	0.0	0.0019896538002387586
fr	2.044320876604792e-05	0.007778959391862618	0.0	0.0	0.007109283196239718	0.028317694369973192	0.014057678387748105	0.02329894357973981	0.002527379949452401	1.0	0.012063268617905253	0.0	0.02640684756874886	0.008359927168784384	0.03278530601759681	0.02191283068537847	0.019287576020851432	0.007776697680877656	0.00026551745266640794	0.0	0.00028607625975724383	0.03409919067162748	0.023299458234481783	0.016981198756007915	0.06234940507240977	0.022970738370839024	2.044613465824286e-05	0.0	0.00034720094765435124	0.007378701583387157	0.009659101628086857	0.0	0.0025730527575546025	0.0	0.015239597278512351
he	0.0	0.05618207914701661	0.0	0.0	0.026415811478525276	0.010069101678183614	0.03263670197537933	0.004694007199830592	0.0030410542321338066	0.012063268617905253	1.0	0.0	0.021541501976284586	0.03845425269937488	0.008484848484848486	0.02292907721703945	0.02150016165535079	0.07324196809705684	0.004081632653061225	0.0	0.0030811365970558027	0.0075440067057837385	0.017628759073625995	0.009542987217650149	0.020691793030404793	0.01765860039241334	0.0013869625520110957	0.0	0.0020325203252032522	0.04829709447758322	0.017922606924643585	0.0	0.005689900426742532	0.0	0.01533108622376862
hi	0.0	0.0	0.0	0.0	0.0	0.0	0.0	0.0	0.0	0.0	0.0	1.0	0.0	0.0	0.0	0.0	0.0	0.0005246589716684155	0.0	0.0	0.0	0.0	0.0	0.0	0.0	0.0	0.0	0.0	0.011494252873563218	0.0	0.0	0.0	0.0	0.0	0.0
hu	0.0	0.023521999369946447	0.0	0.0	0.014511873350923483	0.018486365029108366	0.020566885585896994	0.00838721483469562	0.0022261277094317517	0.02640684756874886	0.021541501976284586	0.0	1.0	0.018906076230916995	0.018955237162943846	0.022393073076061806	0.014958775029446408	0.02526799387442573	0.0007955449482895784	0.0	0.0007978723404255319	0.016200901481004507	0.02273863068465767	0.014276729559748428	0.03688380074754931	0.020021074815595362	0.0	0.0	0.00026483050847457627	0.018661257606490872	0.01545049962213452	0.0	0.004318181818181818	0.0	0.011395804601872686
id	0.00037965072133637056	0.0785005512679162	0.0	0.0	0.0315008025682183	0.007209612817089452	0.025361250368622825	0.0033793397837222536	0.002168021680216802	0.008359927168784384	0.03845425269937488	0.0	0.018906076230916995	1.0	0.006975835705117473	0.017376294591484466	0.021792966815255076	0.0937046004842615	0.0018608113137327876	0.0	0.001876172607879925	0.005142209697568345	0.011239901650860555	0.006968641114982578	0.015969975410896856	0.015666794038975928	0.001142857142857143	0.0	0.0011131725417439704	0.051053484602917344	0.017575928008998876	0.0	0.010916476263010916	0.0	0.013848559303104758
it	6.469979296066253e-05	0.007049860708397294	0.0	0.0	0.007459338194054963	0.018278667590937284	0.01233683132838495	0.013412043669416588	0.0024880150494568844	0.03278530601759681	0.008484848484848486	0.0	0.018955237162943846	0.006975835705117473	1.0	0.017090004225550494	0.010425020048115477	0.006442999767819828	6.44620640752917e-05	0.0	6.45536117745788e-05	0.01744373162829618	0.017474916387959866	0.010103974509475096	0.026149329024375827	0.015764400173235167	0.0001942124684404739	0.0	0.00045123444852704185	0.006876502487840331	0.008091265453814453	0.0	0.0019676823087472423	0.0	0.013748090542980141
ja	0.0	0.016969407265774377	0.0	0.0	0.010264098719870834	0.016077345065450003	0.022138437741686	0.007598303045653137	0.002328767123287671	0.02191283068537847	0.02292907721703945	0.0	0.022393073076061806	0.017376294591484466	0.017090004225550494	1.0	0.019241796750557504	0.0177633224918689	0.0012692368713311123	0.0	0.0003181167488468268	0.012156364214206261	0.01891746330954625	0.01271849282459362	0.024445612693557637	0.02113786185153339	0.0	0.0	0.00015832805573147562	0.013930462813723232	0.012497668345457937	0.0	0.005423280423280424	0.0	0.017958790988535235
ko	0.00010214504596527068	0.01860150503086159	0.0	0.0	0.010186478271584655	0.012840360622894089	0.019950845742373862	0.005945269386129601	0.0014762871378483115	0.019287576020851432	0.02150016165535079	0.0	0.014958775029446408	0.021792966815255076	0.010425020048115477	0.019241796750557504	1.0	0.01840865468504624	0.000711309826237171	0.00010235414534288638	0.0008148299042574863	0.010405575452521538	0.014451809192654569	0.008207036165672704	0.020718778867725333	0.014659745593520051	0.00010221813349688235	0.0	0.0006092607636068237	0.014714344430743938	0.01081536624762975	0.0	0.0033330330600846773	0.0	0.014181295683138627
lv	0.0	0.15380374862183022	0.0	0.0	0.045979721763734965	0.007212885154061625	0.03408902862816482	0.0029539404106341855	0.002008704385671242	0.007776697680877656	0.07324196809705684	0.0005246589716684155	0.02526799387442573	0.0937046004842615	0.006442999767819828	0.0177633224918689	0.01840865468504624	1.0	0.010167768174885612	0.0005238344683080147	0.014979338842975207	0.005369008068343616	0.013499578138183182	0.007629219912263971	0.01787694745180882	0.013476263399693721	0.0026068821689259644	0.0	0.0025150905432595573	0.14566828520316893	0.021263289555972485	0.0	0.0107958050586058	0.0	0.014663111972855065
mk	0.0	0.00639386189258312	0.0	0.0	0.0011503067484662577	0.00023894862604540023	0.0031746031746031746	0.00011684973124561814	0.0	0.00026551745266640794	0.004081632653061225	0.0	0.0007955449482895784	0.0018608113137327876	6.44620640752917e-05	0.0012692368713311123	0.000711309826237171	0.010167768174885612	1.0	0.024096385542168676	0.029411764705882353	0.00021833380119147875	0.00033396415451408216	0.0003433279926756695	0.0007630675314765357	0.0004939491232403062	0.0	0.0	0.0	0.0045351473922902496	0.0014893617021276596	0.0	0.0	0.0	0.0007641754546843956
ml	0.0	0.0	0.0	0.0	0.0	0.0	0.0	0.0	0.0	0.0	0.0	0.0	0.0	0.0	0.0	0.0	0.00010235414534288638	0.0005238344683080147	0.024096385542168676	1.0	0.05	3.125976867771179e-05	0.0001122586439155815	0.0	0.0	0.0	0.0	0.0	0.0	0.0003875968992248062	0.0	0.0	0.0	0.0	0.0
mr	0.0	0.005156854318865492	0.0	0.0	0.0023228803716608595	0.00047885075818036713	0.002048713862963806	7.79635910030016e-05	0.0	0.00028607625975724383	0.0030811365970558027	0.0	0.0007978723404255319	0.001876172607879925	6.45536117745788e-05	0.0003181167488468268	0.0008148299042574863	0.014979338842975207	0.029411764705882353	0.05	1.0	0.0002497034771209189	0.0007815116668527409	0.00011470520761642578	0.00046342992666902923	0.0	0.0	0.0	0.006896551724137931	0.0034259611724400457	0.0002134927412467976	0.0	0.0	0.0	0.000459911083857121
nl	3.124023742580444e-05	0.006195677707305614	0.0	0.0	0.006443900163284348	0.01906857352401907	0.009615384615384616	0.015841933492105494	0.0013624390686972055	0.03409919067162748	0.0075440067057837385	0.0	0.016200901481004507	0.005142209697568345	0.01744373162829618	0.012156364214206261	0.010405575452521538	0.005369008068343616	0.00021833380119147875	3.125976867771179e-05	0.0002497034771209189	1.0	0.0164553815560527	0.01348925347828255	0.03093031290841082	0.016153611703748856	3.1247070587132453e-05	0.0	6.235969069593415e-05	0.00567371759434374	0.010794544751808294	0.0	0.003127443315089914	0.0	0.012027265310419243
pl	0.0	0.013501268575570859	0.0	0.0	0.009445621468926553	0.015965028984130002	0.017589676626469007	0.00977551438522551	0.002106107712365861	0.023299458234481783	0.017628759073625995	0.0	0.02273863068465767	0.011239901650860555	0.017474916387959866	0.01891746330954625	0.014451809192654569	0.013499578138183182	0.00033396415451408216	0.0001122586439155815	0.0007815116668527409	0.0164553815560527	1.0	0.01116803868516493	0.02382772108078946	0.019331526648599818	0.0	0.0	0.0005563591854901524	0.014938566251215415	0.010832212759599582	0.0	0.0033196641280999807	0.0	0.013984168865435357
pt	0.0	0.004499127720135892	0.0	0.0	0.004127781765972721	0.010566073819085867	0.008140797022794232	0.006582040432534086	0.0018501387604070306	0.016981198756007915	0.009542987217650149	0.0	0.014276729559748428	0.006968641114982578	0.010103974509475096	0.01271849282459362	0.008207036165672704	0.007629219912263971	0.0003433279926756695	0.0	0.00011470520761642578	0.01348925347828255	0.01116803868516493	1.0	0.019351499741229947	0.010847170039995153	0.0	0.0	0.00034309240622140897	0.005368166771047687	0.005372682557699584	0.0	0.001397624039133473	0.0	0.009341429238673517
ro	8.182859636681032e-05	0.018474421038859087	0.0	2.7291831554815644e-05	0.008600046347555167	0.026628208343783964	0.02334640065919249	0.015219235286441342	0.0019918731575173294	0.06234940507240977	0.020691793030404793	0.0	0.03688380074754931	0.015969975410896856	0.026149329024375827	0.024445612693557637	0.020718778867725333	0.01787694745180882	0.0007630675314765357	0.0	0.00046342992666902923	0.03093031290841082	0.02382772108078946	0.019351499741229947	1.0	0.02926806784660767	0.00010912860806460414	0.0	0.0004085746193446463	0.014328574384440306	0.012016577972876866	0.0	0.003219846925310108	0.0	0.020500923251739973
ru	0.0	0.014277274517526585	0.0	0.0	0.009375298957237157	0.01762398848235119	0.016859939139731887	0.009944120651324882	0.0036363636363636364	0.022970738370839024	0.01765860039241334	0.0	0.020021074815595362	0.015666794038975928	0.015764400173235167	0.02113786185153339	0.014659745593520051	0.013476263399693721	0.0004939491232403062	0.0	0.0	0.016153611703748856	0.019331526648599818	0.010847170039995153	0.02926806784660767	1.0	0.00012442453651860148	0.0	0.0003701418877236274	0.010391839069501382	0.010385875209714788	0.0	0.0037405151223682803	0.0	0.016630411900919233
sh	0.0	0.002181500872600349	0.0	0.0	0.0011792452830188679	8.004482510205715e-05	0.00022941041523285156	3.904419803217242e-05	0.0	2.044613465824286e-05	0.0013869625520110957	0.0	0.0	0.001142857142857143	0.0001942124684404739	0.0	0.00010221813349688235	0.0026068821689259644	0.0	0.0	0.0	3.1247070587132453e-05	0.0	0.0	0.00010912860806460414	0.00012442453651860148	1.0	0.0	0.0	0.00231839258114374	0.0	0.0	0.0	0.0	0.0
si	0.0	0.0	0.0	0.0	0.0	0.0	0.0	0.0	0.0	0.0	0.0	0.0	0.0	0.0	0.0	0.0	0.0	0.0	0.0	0.0	0.0	0.0	0.0	0.0	0.0	0.0	0.0	0.0	0.0	0.0	0.0	0.0	0.0	0.0	0.0
simple	0.0	0.0021168501270110076	0.0	0.0	0.0011476664116296864	0.0003184713375796178	0.0009037505648441031	3.89377774316642e-05	0.0	0.00034720094765435124	0.0020325203252032522	0.011494252873563218	0.00026483050847457627	0.0011131725417439704	0.00045123444852704185	0.00015832805573147562	0.0006092607636068237	0.0025150905432595573	0.0	0.0	0.006896551724137931	6.235969069593415e-05	0.0005563591854901524	0.00034309240622140897	0.0004085746193446463	0.0003701418877236274	0.0	0.0	1.0	0.00188040616773223	0.0014874628134296643	0.0	0.0013736263736263737	0.0	0.0006106870229007634
sr	0.0	0.09416535255688219	0.0	0.0	0.03088413403310456	0.009454838060752363	0.02564102564102564	0.003276236601260639	0.001366493577480186	0.007378701583387157	0.04829709447758322	0.0	0.018661257606490872	0.051053484602917344	0.006876502487840331	0.013930462813723232	0.014714344430743938	0.14566828520316893	0.0045351473922902496	0.0003875968992248062	0.0034259611724400457	0.00567371759434374	0.014938566251215415	0.005368166771047687	0.014328574384440306	0.010391839069501382	0.00231839258114374	0.0	0.00188040616773223	1.0	0.017085569048291442	0.0	0.007399846899719316	0.0	0.010389900569768741
sv	0.0	0.02462908011869436	0.0	0.0	0.020390702980179667	0.009026548672566371	0.01654765952623824	0.005623398662363158	0.0015778401122019635	0.009659101628086857	0.017922606924643585	0.0	0.01545049962213452	0.017575928008998876	0.008091265453814453	0.012497668345457937	0.01081536624762975	0.021263289555972485	0.0014893617021276596	0.0	0.0002134927412467976	0.010794544751808294	0.010832212759599582	0.005372682557699584	0.012016577972876866	0.010385875209714788	0.0	0.0	0.0014874628134296643	0.017085569048291442	1.0	0.0	0.007052896725440806	0.0	0.009004911770056395
te	0.0	0.0	0.0	0.0	0.0	0.0	0.0	0.0	0.0	0.0	0.0	0.0	0.0	0.0	0.0	0.0	0.0	0.0	0.0	0.0	0.0	0.0	0.0	0.0	0.0	0.0	0.0	0.0	0.0	0.0	0.0	0.0	0.0	0.0	0.0
vi	0.0	0.008285004142502071	0.0	0.0	0.006190353366004642	0.002533844928690364	0.006163056876210601	0.0017459138187221398	0.0008143322475570033	0.0025730527575546025	0.005689900426742532	0.0	0.004318181818181818	0.010916476263010916	0.0019676823087472423	0.005423280423280424	0.0033330330600846773	0.0107958050586058	0.0	0.0	0.0	0.003127443315089914	0.0033196641280999807	0.001397624039133473	0.003219846925310108	0.0037405151223682803	0.0	0.0	0.0013736263736263737	0.007399846899719316	0.007052896725440806	0.0	1.0	0.0	0.0061617458279845955
war	0.0	0.0	0.0	0.0	0.0	0.0	0.0	0.0	0.0	0.0	0.0	0.0	0.0	0.0	0.0	0.0	0.0	0.0	0.0	0.0	0.0	0.0	0.0	0.0	0.0	0.0	0.0	0.0	0.0	0.0	0.0	0.0	0.0	0.0	0.0
zh	0.00015408320493066256	0.013322520852641335	0.0	0.0	0.011353417266187051	0.013481703402525145	0.01435676081448813	0.007921788060733709	0.0019896538002387586	0.015239597278512351	0.01533108622376862	0.0	0.011395804601872686	0.013848559303104758	0.013748090542980141	0.017958790988535235	0.014181295683138627	0.014663111972855065	0.0007641754546843956	0.0	0.000459911083857121	0.012027265310419243	0.013984168865435357	0.009341429238673517	0.020500923251739973	0.016630411900919233	0.0	0.0	0.0006106870229007634	0.010389900569768741	0.009004911770056395	0.0	0.0061617458279845955	0.0	1.0
