arz	bs	ceb	ckb	da	de	el	en	es	fr	he	hi	hu	id	it	ja	ko	lv	mk	ml	mr	nl	pl	pt	ro	ru	sh	si	simple	sr	sv	te	vi	war	zh
arz	0.3333333333333333	0.3333333333333333	0.5	0.058823529411764705	0.0	0.3333333333333333	0.3333333333333333	0.3333333333333333	0.3333333333333333	0.3333333333333333	0.3333333333333333	0.0	0.3333333333333333	0.5	0.3333333333333333	0.3333333333333333	0.3333333333333333	1.0	0.3333333333333333	0.041666666666666664	0.05	0.3333333333333333	0.3333333333333333	0.3333333333333333	0.0	0.3333333333333333	0.3333333333333333	0.05555555555555555	1.0	0.3333333333333333	0.3333333333333333	0.047619047619047616	1.0	0.07142857142857142	0.3333333333333333
bs	0.3333333333333333	0.023381412955255827	0.16666666666666666	0.019231139053254437	0.3333333333333333	0.025642998027613412	0.038461538461538464	0.025003126250624997	0.025000625	0.026322024931440438	0.05555555555555555	0.0	0.0625	0.5002502502502503	0.029417820934256052	0.08333333333333333	0.034482758620689655	0.05263157894736842	0.02564102564102564	0.01190518707482993	0.021739130434782608	0.07142857142857142	0.026316481994459833	0.04	0.25	0.02564102564102564	0.025658133472061143	0.02127659574468085	1.0	0.03333333333333333	0.06666666666666667	0.019230769230769232	0.06666666666666667	0.027777777777777776	0.03333333333333333
ceb	0.5	0.16666666666666666	0.12507817189062498	0.2	0.16666666666666666	0.125	0.14285714285714285	0.125	0.125	0.125015625	0.125	0.125	0.14285714285714285	0.125	0.14285714285714285	0.125	0.125	0.2	0.14285714285714285	0.14285714285714285	0.16666666666666666	0.14285714285714285	0.125	0.125	0.125	0.125	0.16666666666666666	0.16666666666666666	0.14285714285714285	0.125	0.14285714285714285	0.25	0.14285714285714285	0.16666666666666666	0.14285714285714285
ckb	0.058823529411764705	0.019231139053254437	0.2	0.009618714219952014	0.012987012987012988	0.0100001	0.013333333333333334	0.009708737864077669	0.009900990099009901	0.010101010101010102	0.010752688172043012	0.014706098615916955	0.014084507042253521	0.011494252873563218	0.0100001	0.010526315789473684	0.010869565217391304	0.014925373134328358	0.015873015873015872	0.017543859649122806	0.029411764705882353	0.010416666666666666	0.010309278350515464	0.0100001	0.012987012987012988	0.01020408163265306	0.013513696128560994	0.02702702702702703	0.012345679012345678	0.012195121951219513	0.010869565217391304	0.02631578947368421	0.011494252873563218	0.034482758620689655	0.010869565217391304
da	0.0	0.3333333333333333	0.16666666666666666	0.012987012987012988	0.09090909090909091	0.25	0.3333333333333333	0.125	0.16666666666666666	0.25	0.3333333333333333	0.0	0.3333333333333333	0.0	0.25	0.3333333333333333	0.3333333333333333	1.0	0.3333333333333333	0.007246429321571099	0.014492753623188406	0.3333333333333333	0.125	0.3333333333333333	1.0	0.1111111111111111	0.3333333333333333	0.016393711367911852	1.0	0.2	0.16666666666666666	0.013333333333333334	0.0	0.023809523809523808	0.25
de	0.3333333333333333	0.025642998027613412	0.125	0.0100001	0.25	0.003990693134178245	0.022727272727272728	0.008265419028754864	0.008695652173913044	0.011364927944214877	0.011764705882352941	0.3333333333333333	0.05	0.2	0.017242865636147443	0.07692307692307693	0.030303030303030304	0.05	0.022222222222222223	0.004807715421597633	0.01098901098901099	0.028572244897959183	0.009091157024793387	0.025	0.14285714285714285	0.010752688172043012	0.025644970414201183	0.011904761904761904	0.125	0.014925373134328358	0.05	0.008403573193983474	0.06666666666666667	0.022222222222222223	0.025
el	0.3333333333333333	0.038461538461538464	0.14285714285714285	0.013333333333333334	0.3333333333333333	0.022727272727272728	0.019230769230769232	0.02	0.021739130434782608	0.03225806451612903	0.03125	0.0	0.05555555555555555	0.3333333333333333	0.04	0.09090909090909091	0.05555555555555555	0.1	0.03333333333333333	0.007874139748279498	0.014084903788930767	0.05263157894736842	0.021739130434782608	0.047619047619047616	0.3333333333333333	0.022222222222222223	0.038461538461538464	0.01587326782564878	0.5	0.027777777777777776	0.07692307692307693	0.012345679012345678	0.16666666666666666	0.023255813953488372	0.047619047619047616
en	0.3333333333333333	0.025003126250624997	0.125	0.009708737864077669	0.125	0.008265419028754864	0.02	0.002475719018701826	0.005154639175257732	0.010002400800500398	0.011235955056179775	0.3333333333333333	0.041666666666666664	0.125	0.013699943704259712	0.06666666666666667	0.02857142857142857	0.047619047619047616	0.022222222222222223	0.004386215008464143	0.010526648199445982	0.018518861454046638	0.004587808391549532	0.018518518518518517	0.07692307692307693	0.004672897196261682	0.025006876249999997	0.011363894628099173	0.1	0.010869565217391304	0.03333333333333333	0.008000064	0.0625	0.022222222222222223	0.02127659574468085
es	0.3333333333333333	0.025000625	0.125	0.009900990099009901	0.16666666666666666	0.008695652173913044	0.021739130434782608	0.005154639175257732	0.001287372420428705	0.010101010101010102	0.011494252873563218	0.3333333333333333	0.047619047619047616	0.16666666666666666	0.013888888888888888	0.07142857142857142	0.029411764705882353	0.047619047619047616	0.022727272727272728	0.00454547520661157	0.010752688172043012	0.012658227848101266	0.008333333333333333	0.013333333333333334	0.1	0.007874015748031496	0.02564102564102564	0.011627906976744186	0.1111111111111111	0.013157894736842105	0.05	0.008333333333333333	0.06666666666666667	0.022222222222222223	0.022222222222222223
fr	0.3333333333333333	0.026322024931440438	0.125015625	0.010101010101010102	0.25	0.011364927944214877	0.03225806451612903	0.010002400800500398	0.010101010101010102	0.005805110827650203	0.017543859649122806	0.3333333333333333	0.05263157894736842	0.25	0.009621491868995104	0.07142857142857142	0.034482758620689655	0.05555555555555555	0.025	0.004629758251886145	0.010870037807183364	0.0312529296875	0.013334756089066844	0.02564102564102564	0.14285714285714285	0.012048192771084338	0.02703287143900657	0.011764982698961937	0.125	0.020833333333333332	0.058823529411764705	0.008474719908072392	0.07142857142857142	0.022222222222222223	0.029411764705882353
he	0.3333333333333333	0.05555555555555555	0.125	0.010752688172043012	0.3333333333333333	0.011764705882352941	0.03125	0.011235955056179775	0.011494252873563218	0.017543859649122806	0.01020408163265306	0.3333333333333333	0.07142857142857142	0.25	0.029411764705882353	0.1111111111111111	0.07692307692307693	0.5	0.05	0.005649781352740273	0.011764705882352941	0.04	0.015151515151515152	0.034482758620689655	0.2	0.016129032258064516	0.05555555555555555	0.01250015625	0.16666666666666666	0.027777777777777776	0.08333333333333333	0.009259259259259259	1.0	0.023809523809523808	0.0625
hi	0.0	0.0	0.125	0.014706098615916955	0.0	0.3333333333333333	0.0	0.3333333333333333	0.3333333333333333	0.3333333333333333	0.3333333333333333	0.3333333333333333	0.0	0.0	0.0	0.0	0.0	0.0	0.0	0.006802859919477994	0.012987518974531959	0.0	1.0	1.0	0.0	0.3333333333333333	0.0	0.01449317370300357	0.0	0.5	0.0	0.01086968336483932	0.0	0.024390243902439025	1.0
hu	0.3333333333333333	0.0625	0.14285714285714285	0.014084507042253521	0.3333333333333333	0.05	0.05555555555555555	0.041666666666666664	0.047619047619047616	0.05263157894736842	0.07142857142857142	0.0	0.03125	0.5	0.0625	0.1	0.08333333333333333	0.5	0.0625	0.00775211826212367	0.014085102162269388	0.07692307692307693	0.047619047619047616	0.0625	0.25	0.045454545454545456	0.06666666666666667	0.016393980112872884	1.0	0.08333333333333333	0.07142857142857142	0.011628177393185505	1.0	0.024390243902439025	0.07142857142857142
id	0.5	0.5002502502502503	0.125	0.011494252873563218	0.0	0.2	0.3333333333333333	0.125	0.16666666666666666	0.25	0.25	0.0	0.5	0.03620700313539785	0.25012506256256256	0.5	0.5	0.0	0.3333333333333333	0.005848021613487911	0.012048192771084338	0.25	0.16666666666666666	0.16666666666666666	0.0	0.25	0.5	0.013158067867036011	1.0	0.3333333333333333	0.3333333333333333	0.009900990099009901	0.5	0.023255813953488372	0.3333333333333333
it	0.3333333333333333	0.029417820934256052	0.14285714285714285	0.0100001	0.25	0.017242865636147443	0.04	0.013699943704259712	0.013888888888888888	0.009621491868995104	0.029411764705882353	0.0	0.0625	0.25012506256256256	0.004991931580821205	0.08333333333333333	0.034482758620689655	0.05555555555555555	0.02702702702702703	0.004695012012607728	0.01149451710926146	0.037039780521262	0.016951163458776213	0.034482758620689655	0.16666666666666666	0.01639344262295082	0.028590208980408975	0.012658548309565774	0.14285714285714285	0.030303030303030304	0.05555555555555555	0.008695803402646503	0.07692307692307693	0.022727272727272728	0.029411764705882353
ja	0.3333333333333333	0.08333333333333333	0.125	0.010526315789473684	0.3333333333333333	0.07692307692307693	0.09090909090909091	0.06666666666666667	0.07142857142857142	0.07142857142857142	0.1111111111111111	0.0	0.1	0.5	0.08333333333333333	0.06666666666666667	0.08333333333333333	0.5	0.08333333333333333	0.0049752728892849185	0.010870037925330813	0.08333333333333333	0.07142857142857142	0.08333333333333333	1.0	0.07142857142857142	0.08333333333333333	0.011905328798185939	1.0	0.07692307692307693	0.1	0.008772083718067097	1.0	0.022222222222222223	0.07692307692307693
ko	0.3333333333333333	0.034482758620689655	0.125	0.010869565217391304	0.3333333333333333	0.030303030303030304	0.05555555555555555	0.02857142857142857	0.029411764705882353	0.034482758620689655	0.07692307692307693	0.0	0.08333333333333333	0.5	0.034482758620689655	0.08333333333333333	0.027777777777777776	0.05263157894736842	0.034482758620689655	0.005494565873686753	0.011364023760330577	0.07142857142857142	0.030303030303030304	0.058823529411764705	0.25	0.030303030303030304	0.034482758620689655	0.0125	1.0	0.034482758620689655	0.08333333333333333	0.009708737864077669	0.06666666666666667	0.022727272727272728	0.03125
lv	1.0	0.05263157894736842	0.2	0.014925373134328358	1.0	0.05	0.1	0.047619047619047616	0.047619047619047616	0.05555555555555555	0.5	0.0	0.5	0.0	0.05555555555555555	0.5	0.05263157894736842	0.00847457627118644	0.05263157894736842	0.00884963583679223	0.01587326782564878	0.3333333333333333	0.043478260869565216	0.16666666666666666	0.5	0.04	0.05263157894736842	0.017544475223145582	0.0	0.05	0.3333333333333333	0.015625	0.07142857142857142	0.025001249999999996	0.05263157894736842
mk	0.3333333333333333	0.02564102564102564	0.14285714285714285	0.015873015873015872	0.3333333333333333	0.022222222222222223	0.03333333333333333	0.022222222222222223	0.022727272727272728	0.025	0.05	0.0	0.0625	0.3333333333333333	0.02702702702702703	0.08333333333333333	0.034482758620689655	0.05263157894736842	0.02127659574468085	0.009708926383259497	0.01851954732510288	0.06666666666666667	0.022727272727272728	0.038461538461538464	0.25	0.022727272727272728	0.02631578947368421	0.018518518518518517	1.0	0.030303030303030304	0.07142857142857142	0.016949439816144784	0.06666666666666667	0.02631578947368421	0.03125
ml	0.041666666666666664	0.01190518707482993	0.14285714285714285	0.017543859649122806	0.007246429321571099	0.004807715421597633	0.007874139748279498	0.004386215008464143	0.00454547520661157	0.004629758251886145	0.005649781352740273	0.006802859919477994	0.00775211826212367	0.005848021613487911	0.004695012012607728	0.0049752728892849185	0.005494565873686753	0.00884963583679223	0.009708926383259497	0.004361840120875968	0.016666666666666666	0.004975173881834608	0.004950544064307421	0.00469498999316714	0.006711454438989235	0.004926351064087942	0.0072993233523363	0.01818181818181818	0.0064516129032258064	0.006289466397689965	0.005263407202216067	0.014084705415592145	0.005814054894537588	0.024390243902439025	0.00531940357627886
mr	0.05	0.021739130434782608	0.16666666666666666	0.029411764705882353	0.014492753623188406	0.01098901098901099	0.014084903788930767	0.010526648199445982	0.010752688172043012	0.010870037807183364	0.011764705882352941	0.012987518974531959	0.014085102162269388	0.012048192771084338	0.01149451710926146	0.010870037925330813	0.011364023760330577	0.01587326782564878	0.01851954732510288	0.016666666666666666	0.010561557838384078	0.011363765495867768	0.011363765495867768	0.011111481481481479	0.013513513513513514	0.011494252873563218	0.014925818667854755	0.029411764705882353	0.012048337930033388	0.012821334648257724	0.011495045712775796	0.02040816326530612	0.0112360813028658	0.03225806451612903	0.010989614901581934
nl	0.3333333333333333	0.07142857142857142	0.14285714285714285	0.010416666666666666	0.3333333333333333	0.028572244897959183	0.05263157894736842	0.018518861454046638	0.012658227848101266	0.0312529296875	0.04	0.0	0.07692307692307693	0.25	0.037039780521262	0.08333333333333333	0.07142857142857142	0.3333333333333333	0.06666666666666667	0.004975173881834608	0.011363765495867768	0.0031476428171627133	0.023809523809523808	0.034482758620689655	0.3333333333333333	0.025	0.07142857142857142	0.012345679012345678	0.2	0.045454545454545456	0.058823529411764705	0.008695652173913044	1.0	0.022222222222222223	0.07142857142857142
pl	0.3333333333333333	0.026316481994459833	0.125	0.010309278350515464	0.125	0.009091157024793387	0.021739130434782608	0.004587808391549532	0.008333333333333333	0.013334756089066844	0.015151515151515152	1.0	0.047619047619047616	0.16666666666666666	0.016951163458776213	0.07142857142857142	0.030303030303030304	0.043478260869565216	0.022727272727272728	0.004950544064307421	0.011363765495867768	0.023809523809523808	0.00037878058202439895	0.021739130434782608	0.09090909090909091	0.002352941176470588	0.027778549382716046	0.012195419393218321	0.125	0.008403361344537815	0.047619047619047616	0.008771929824561403	0.06666666666666667	0.022727272727272728	0.023809523809523808
pt	0.3333333333333333	0.04	0.125	0.0100001	0.3333333333333333	0.025	0.047619047619047616	0.018518518518518517	0.013333333333333334	0.02564102564102564	0.034482758620689655	1.0	0.0625	0.16666666666666666	0.034482758620689655	0.08333333333333333	0.058823529411764705	0.16666666666666666	0.038461538461538464	0.00469498999316714	0.011111481481481479	0.034482758620689655	0.021739130434782608	0.002544529262086514	0.3333333333333333	0.020833333333333332	0.043478260869565216	0.011764982698961937	0.5	0.038461538461538464	0.07142857142857142	0.00847493536340132	0.25	0.022727272727272728	0.05
ro	0.0	0.25	0.125	0.012987012987012988	1.0	0.14285714285714285	0.3333333333333333	0.07692307692307693	0.1	0.14285714285714285	0.2	0.0	0.25	0.0	0.16666666666666666	1.0	0.25	0.5	0.25	0.006711454438989235	0.013513513513513514	0.3333333333333333	0.09090909090909091	0.3333333333333333	0.04765307710658505	0.06666666666666667	0.3333333333333333	0.015384615384615385	0.0	0.2	1.0	0.012345831428135955	1.0	0.023809523809523808	0.2
ru	0.3333333333333333	0.02564102564102564	0.125	0.01020408163265306	0.1111111111111111	0.010752688172043012	0.022222222222222223	0.004672897196261682	0.007874015748031496	0.012048192771084338	0.016129032258064516	0.3333333333333333	0.045454545454545456	0.25	0.01639344262295082	0.07142857142857142	0.030303030303030304	0.04	0.022727272727272728	0.004926351064087942	0.011494252873563218	0.025	0.002352941176470588	0.020833333333333332	0.06666666666666667	0.0005104645227156713	0.02564102564102564	0.01190518707482993	0.16666666666666666	0.006993006993006993	0.017241379310344827	0.00854708159836365	0.06666666666666667	0.022222222222222223	0.022222222222222223
sh	0.3333333333333333	0.025658133472061143	0.16666666666666666	0.013513696128560994	0.3333333333333333	0.025644970414201183	0.038461538461538464	0.025006876249999997	0.02564102564102564	0.02703287143900657	0.05555555555555555	0.0	0.06666666666666667	0.5	0.028590208980408975	0.08333333333333333	0.034482758620689655	0.05263157894736842	0.02631578947368421	0.0072993233523363	0.014925818667854755	0.07142857142857142	0.027778549382716046	0.043478260869565216	0.3333333333333333	0.02564102564102564	0.023393458522809343	0.014925818667854755	1.0	0.034482758620689655	0.058823529411764705	0.012048337930033388	0.06666666666666667	0.023809523809523808	0.03333333333333333
si	0.05555555555555555	0.02127659574468085	0.16666666666666666	0.02702702702702703	0.016393711367911852	0.011904761904761904	0.01587326782564878	0.011363894628099173	0.011627906976744186	0.011764982698961937	0.01250015625	0.01449317370300357	0.016393980112872884	0.013158067867036011	0.012658548309565774	0.011905328798185939	0.0125	0.017544475223145582	0.018518518518518517	0.01818181818181818	0.029411764705882353	0.012345679012345678	0.012195419393218321	0.011764982698961937	0.015384615384615385	0.01190518707482993	0.014925818667854755	0.011386925717285334	0.013333511111111113	0.013158067867036011	0.01250015625	0.027778549382716046	0.012820677186061802	0.03571428571428571	0.011765398062283735
simple	1.0	1.0	0.14285714285714285	0.012345679012345678	1.0	0.125	0.5	0.1	0.1111111111111111	0.125	0.16666666666666666	0.0	1.0	1.0	0.14285714285714285	1.0	1.0	0.0	1.0	0.0064516129032258064	0.012048337930033388	0.2	0.125	0.5	0.0	0.16666666666666666	1.0	0.013333511111111113	0.1	1.0	1.0	0.010989131747373506	1.0	0.023255813953488372	1.0
sr	0.3333333333333333	0.03333333333333333	0.125	0.012195121951219513	0.2	0.014925373134328358	0.027777777777777776	0.010869565217391304	0.013157894736842105	0.020833333333333332	0.027777777777777776	0.5	0.08333333333333333	0.3333333333333333	0.030303030303030304	0.07692307692307693	0.034482758620689655	0.05	0.030303030303030304	0.006289466397689965	0.012821334648257724	0.045454545454545456	0.008403361344537815	0.038461538461538464	0.2	0.006993006993006993	0.034482758620689655	0.013158067867036011	1.0	0.0049504950495049506	0.06666666666666667	0.010204185755935027	0.06666666666666667	0.023255813953488372	0.02631578947368421
sv	0.3333333333333333	0.06666666666666667	0.14285714285714285	0.010869565217391304	0.16666666666666666	0.05	0.07692307692307693	0.03333333333333333	0.05	0.058823529411764705	0.08333333333333333	0.0	0.07142857142857142	0.3333333333333333	0.05555555555555555	0.1	0.08333333333333333	0.3333333333333333	0.07142857142857142	0.005263407202216067	0.011495045712775796	0.058823529411764705	0.047619047619047616	0.07142857142857142	1.0	0.017241379310344827	0.058823529411764705	0.01250015625	1.0	0.06666666666666667	0.00596299354877437	0.009259259259259259	1.0	0.022222222222222223	0.1
te	0.047619047619047616	0.019230769230769232	0.25	0.02631578947368421	0.013333333333333334	0.008403573193983474	0.012345679012345678	0.008000064	0.008333333333333333	0.008474719908072392	0.009259259259259259	0.01086968336483932	0.011628177393185505	0.009900990099009901	0.008695803402646503	0.008772083718067097	0.009708737864077669	0.015625	0.016949439816144784	0.014084705415592145	0.02040816326530612	0.008695652173913044	0.008771929824561403	0.00847493536340132	0.012345831428135955	0.00854708159836365	0.012048337930033388	0.027778549382716046	0.010989131747373506	0.010204185755935027	0.009259259259259259	0.008007624073291982	0.009900990099009901	0.04	0.008849792466128905
vi	1.0	0.06666666666666667	0.14285714285714285	0.011494252873563218	0.0	0.06666666666666667	0.16666666666666666	0.0625	0.06666666666666667	0.07142857142857142	1.0	0.0	1.0	0.5	0.07692307692307693	1.0	0.06666666666666667	0.07142857142857142	0.06666666666666667	0.005814054894537588	0.0112360813028658	1.0	0.06666666666666667	0.25	1.0	0.06666666666666667	0.06666666666666667	0.012820677186061802	1.0	0.06666666666666667	1.0	0.009900990099009901	0.0625	0.022727272727272728	0.06666666666666667
war	0.07142857142857142	0.027777777777777776	0.16666666666666666	0.034482758620689655	0.023809523809523808	0.022222222222222223	0.023255813953488372	0.022222222222222223	0.022222222222222223	0.022222222222222223	0.023809523809523808	0.024390243902439025	0.024390243902439025	0.023255813953488372	0.022727272727272728	0.022222222222222223	0.022727272727272728	0.025001249999999996	0.02631578947368421	0.024390243902439025	0.03225806451612903	0.022222222222222223	0.022727272727272728	0.022727272727272728	0.023809523809523808	0.022222222222222223	0.023809523809523808	0.03571428571428571	0.023255813953488372	0.023255813953488372	0.022222222222222223	0.04	0.022727272727272728	0.022223703703703704	0.022222222222222223
zh	0.3333333333333333	0.03333333333333333	0.14285714285714285	0.010869565217391304	0.25	0.025	0.047619047619047616	0.02127659574468085	0.022222222222222223	0.029411764705882353	0.0625	1.0	0.07142857142857142	0.3333333333333333	0.029411764705882353	0.07692307692307693	0.03125	0.05263157894736842	0.03125	0.00531940357627886	0.010989614901581934	0.07142857142857142	0.023809523809523808	0.05	0.2	0.022222222222222223	0.03333333333333333	0.011765398062283735	1.0	0.02631578947368421	0.1	0.008849792466128905	0.06666666666666667	0.022222222222222223	0.019230769230769232
