arz	bs	ceb	ckb	da	de	el	en	es	fr	he	hi	hu	id	it	ja	ko	lv	mk	ml	mr	nl	pl	pt	ro	ru	sh	si	simple	sr	sv	te	vi	war	zh
arz	1.0	0.0	0.0	0.0	1.0	1.0	1.0	1.0	1.0	1.0	1.0	1.0	1.0	1.0	1.0	1.0	1.0	1.0	0.0	1.0	0.0	1.0	1.0	1.0	1.0	1.0	1.0	0.0	1.0	1.0	1.0	0.0	1.0	0.0	1.0
bs	0.0	1.0	1.0	1.0	1.0	0.7248485669756152	0.7411828468492556	0.7234532828151788	0.661251134120194	0.661251134120194	0.7322034805959264	1.0	1.0	0.7300208629885035	0.645551999395154	0.728099120889861	0.7347168825662656	1.0	1.0	1.0	1.0	0.6589257440209708	0.6667969795412325	0.728099120889861	0.7322034805959264	0.6589257440209708	1.0	1.0	1.0	0.7347168825662656	0.6049963408257748	0.0	0.7411828468492556	1.0	0.6638546162332061
ceb	0.0	1.0	1.0	0.0	0.0	1.0	1.0	1.0	1.0	1.0	1.0	0.0	0.0	1.0	1.0	1.0	1.0	0.0	0.0	0.0	0.0	1.0	1.0	1.0	1.0	1.0	0.0	0.0	0.0	1.0	1.0	0.0	1.0	0.0	1.0
ckb	0.0	1.0	0.0	1.0	1.0	1.0	1.0	1.0	1.0	1.0	1.0	1.0	1.0	1.0	1.0	1.0	1.0	1.0	1.0	1.0	1.0	1.0	1.0	1.0	1.0	1.0	1.0	1.0	1.0	1.0	1.0	0.0	1.0	1.0	1.0
da	1.0	1.0	0.0	1.0	1.0	0.5599075427478946	1.0	0.5449322149709735	0.7087564131141618	0.7087564131141619	0.7171176902274345	1.0	1.0	0.7155258672934656	0.5532507453581366	0.7128329397683222	1.0	0.7411828468492555	1.0	1.0	1.0	0.7096516635440986	1.0	0.5852532531850113	1.0	0.7096516635440986	1.0	1.0	1.0	1.0	0.6293456853513547	0.0	1.0	1.0	1.0
de	1.0	0.7248485669756152	1.0	1.0	0.5599075427478946	1.0	1.0	0.24111470938024507	0.28664709528317445	0.30182522772836096	0.510550003765047	0.7263875964832448	0.7106212328351246	0.4422270707776566	0.3445852737056829	0.4311263159580601	0.5797204875684814	1.0	1.0	1.0	1.0	0.3505246924254044	0.40686645413495137	0.3412616915753135	0.7111374370280844	0.34518279825199616	0.6328903638342454	1.0	0.6726446088313931	0.7101264857596847	0.35013326430605196	1.0	0.5803390215308486	0.7690990303325336	0.4913637657438195
el	1.0	0.7411828468492556	1.0	1.0	1.0	1.0	1.0	1.0	1.0	0.7111374370280845	1.0	1.0	1.0	0.7179915061657695	0.7162976956558117	1.0	1.0	1.0	1.0	1.0	1.0	1.0	1.0	0.7155258672934656	1.0	1.0	1.0	1.0	1.0	1.0	1.0	0.0	1.0	0.7690990303325336	1.0
en	1.0	0.7234532828151788	1.0	1.0	0.5449322149709735	0.24111470938024507	1.0	1.0	0.2619803530147095	0.2506898281129036	0.6997218429280762	1.0	0.5958049757674044	0.45808833689159206	0.27263556734889166	0.4333262053497195	0.4507226094354869	1.0	1.0	1.0	1.0	0.3234498876317232	0.38586795346807123	0.2877136773783093	0.6509547273503357	0.43470172095236514	0.6364353709769036	1.0	0.635840094314478	0.7054274448755342	0.3841071294467093	1.0	0.7031439803509412	0.7690990303325336	0.4237310527813924
es	1.0	0.661251134120194	1.0	1.0	0.7087564131141618	0.28664709528317445	1.0	0.2619803530147095	1.0	0.3329811600672629	0.6290879827974325	1.0	0.7087564131141617	0.4635675500714847	0.34455779003435383	0.5747479002639634	0.5079050982551316	1.0	1.0	1.0	1.0	0.4785565402226441	0.4349630787430234	0.37888206982600453	1.0	0.43485970980055644	0.7106212328351245	1.0	0.6334134137277925	1.0	0.5184667676557874	1.0	1.0	0.7690990303325336	0.541453705303879
fr	1.0	0.661251134120194	1.0	1.0	0.7087564131141619	0.30182522772836096	0.7111374370280845	0.2506898281129036	0.3329811600672629	1.0	0.703143980350941	1.0	0.6383829424521856	0.4592626111261026	0.34005034404919643	0.5200008290383978	0.5514636443631259	0.7322034805959263	1.0	1.0	1.0	0.46498893180868617	0.4368154863581443	0.3904580117916094	0.7101264857596847	0.5706912346301566	0.5876310468429933	1.0	0.6383829424521856	0.7101264857596847	0.5219959740862357	1.0	0.7091953875376779	0.7690990303325336	0.5477591446964595
he	1.0	0.7322034805959264	1.0	1.0	0.7171176902274345	0.510550003765047	1.0	0.6997218429280762	0.6290879827974325	0.703143980350941	1.0	1.0	1.0	0.7101264857596851	0.6341911409180055	1.0	1.0	1.0	1.0	1.0	1.0	1.0	0.7075325319701226	0.5872806911783577	1.0	1.0	1.0	1.0	1.0	1.0	0.6347195024507913	0.0	1.0	1.0	1.0
hi	1.0	1.0	0.0	1.0	1.0	0.7263875964832448	1.0	1.0	1.0	1.0	1.0	1.0	1.0	0.728099120889861	0.7221793916855703	1.0	1.0	1.0	1.0	1.0	1.0	1.0	1.0	0.7248485669756152	1.0	1.0	1.0	1.0	1.0	1.0	1.0	0.0	1.0	1.0	1.0
hu	1.0	1.0	0.0	1.0	1.0	0.7106212328351246	1.0	0.5958049757674044	0.7087564131141617	0.6383829424521856	1.0	1.0	1.0	0.7155258672934658	0.6383829424521855	1.0	1.0	1.0	1.0	1.0	1.0	0.7111374370280845	1.0	0.5967739643846038	1.0	1.0	1.0	1.0	0.728099120889861	1.0	1.0	0.0	1.0	0.7690990303325336	1.0
id	1.0	0.7300208629885035	1.0	1.0	0.7155258672934656	0.4422270707776566	0.7179915061657695	0.45808833689159206	0.4635675500714847	0.4592626111261026	0.7101264857596851	0.728099120889861	0.7155258672934658	1.0	0.5026175000970712	0.555349969090408	0.5890337101170955	1.0	1.0	1.0	1.0	0.4635735099681928	0.4828359137115907	0.45357225781211985	1.0	0.5485711922098866	0.7147973711694585	1.0	1.0	0.7122412578101113	0.46124145899158053	0.0	1.0	0.7690990303325336	0.5857084650013972
it	1.0	0.645551999395154	1.0	1.0	0.5532507453581366	0.3445852737056829	0.7162976956558117	0.27263556734889166	0.34455779003435383	0.34005034404919643	0.6341911409180055	0.7221793916855703	0.6383829424521855	0.5026175000970712	1.0	0.7002769331337116	0.5494406852419116	0.7376607345031152	1.0	0.7322034805959264	1.0	0.4326252206179784	0.46830319151434807	0.4114602619161087	0.7116768074483948	0.5131225110406362	0.5714280088934294	1.0	0.5861031331768943	0.6398385892358055	0.39679610281911926	1.0	0.7128329397683222	0.7690990303325336	0.5211017649627879
ja	1.0	0.728099120889861	1.0	1.0	0.7128329397683222	0.4311263159580601	1.0	0.4333262053497195	0.5747479002639634	0.5200008290383978	1.0	1.0	1.0	0.555349969090408	0.7002769331337116	1.0	1.0	1.0	1.0	1.0	1.0	0.6247292497053565	0.6268516359385989	0.519540179215998	1.0	1.0	1.0	1.0	0.7162976956558118	1.0	0.5807252029124176	1.0	1.0	0.7690990303325336	1.0
ko	1.0	0.7347168825662656	1.0	1.0	1.0	0.5797204875684814	1.0	0.4507226094354869	0.5079050982551316	0.5514636443631259	1.0	1.0	1.0	0.5890337101170955	0.5494406852419116	1.0	1.0	1.0	1.0	1.0	1.0	0.7039424865283903	1.0	0.5494406852419115	1.0	1.0	1.0	1.0	1.0	1.0	0.7064293785686275	1.0	1.0	0.7690990303325336	1.0
lv	1.0	1.0	0.0	1.0	0.7411828468492555	1.0	1.0	1.0	1.0	0.7322034805959263	1.0	1.0	1.0	1.0	0.7376607345031152	1.0	1.0	1.0	1.0	1.0	1.0	1.0	1.0	1.0	1.0	1.0	1.0	1.0	1.0	1.0	1.0	0.0	1.0	0.7690990303325336	1.0
mk	0.0	1.0	0.0	1.0	1.0	1.0	1.0	1.0	1.0	1.0	1.0	1.0	1.0	1.0	1.0	1.0	1.0	1.0	1.0	1.0	1.0	1.0	1.0	1.0	1.0	1.0	1.0	1.0	1.0	1.0	1.0	0.0	1.0	1.0	1.0
ml	1.0	1.0	0.0	1.0	1.0	1.0	1.0	1.0	1.0	1.0	1.0	1.0	1.0	1.0	0.7322034805959264	1.0	1.0	1.0	1.0	1.0	1.0	1.0	1.0	1.0	1.0	1.0	1.0	1.0	1.0	1.0	1.0	0.0	1.0	1.0	1.0
mr	0.0	1.0	0.0	1.0	1.0	1.0	1.0	1.0	1.0	1.0	1.0	1.0	1.0	1.0	1.0	1.0	1.0	1.0	1.0	1.0	1.0	1.0	1.0	1.0	1.0	1.0	1.0	1.0	1.0	1.0	1.0	0.0	1.0	1.0	1.0
nl	1.0	0.6589257440209708	1.0	1.0	0.7096516635440986	0.3505246924254044	1.0	0.3234498876317232	0.4785565402226441	0.46498893180868617	1.0	1.0	0.7111374370280845	0.4635735099681928	0.4326252206179784	0.6247292497053565	0.7039424865283903	1.0	1.0	1.0	1.0	1.0	0.6238017907755443	0.45727865814570795	1.0	0.621246451342743	0.7134542832283586	1.0	0.6432357517002907	1.0	0.5417238889283492	0.0	1.0	0.7690990303325336	0.626851635938599
pl	1.0	0.6667969795412325	1.0	1.0	1.0	0.40686645413495137	1.0	0.38586795346807123	0.4349630787430234	0.4368154863581443	0.7075325319701226	1.0	1.0	0.4828359137115907	0.46830319151434807	0.6268516359385989	1.0	1.0	1.0	1.0	1.0	0.6238017907755443	1.0	0.4733014444276797	1.0	0.5741244469205403	0.632387956502984	1.0	0.7171176902274347	0.7101264857596846	0.5399005519062332	1.0	1.0	0.7690990303325336	0.5810779511747244
pt	1.0	0.728099120889861	1.0	1.0	0.5852532531850113	0.3412616915753135	0.7155258672934656	0.2877136773783093	0.37888206982600453	0.3904580117916094	0.5872806911783577	0.7248485669756152	0.5967739643846038	0.45357225781211985	0.4114602619161087	0.519540179215998	0.5494406852419115	1.0	1.0	1.0	1.0	0.45727865814570795	0.4733014444276797	1.0	0.7122412578101113	0.44451751180942195	0.7134542832283586	1.0	1.0	0.709195387537678	0.43072290122736273	1.0	0.6398385892358058	0.7690990303325336	0.5005794438341423
ro	1.0	0.7322034805959264	1.0	1.0	1.0	0.7111374370280844	1.0	0.6509547273503357	1.0	0.7101264857596847	1.0	1.0	1.0	1.0	0.7116768074483948	1.0	1.0	1.0	1.0	1.0	1.0	1.0	1.0	0.7122412578101113	1.0	1.0	1.0	1.0	1.0	1.0	0.7134542832283586	1.0	1.0	0.7690990303325336	1.0
ru	1.0	0.6589257440209708	1.0	1.0	0.7096516635440986	0.34518279825199616	1.0	0.43470172095236514	0.43485970980055644	0.5706912346301566	1.0	1.0	1.0	0.5485711922098866	0.5131225110406362	1.0	1.0	1.0	1.0	1.0	1.0	0.621246451342743	0.5741244469205403	0.44451751180942195	1.0	1.0	0.7116768074483948	1.0	1.0	1.0	0.5275676364273643	1.0	1.0	0.7690990303325336	1.0
sh	1.0	1.0	0.0	1.0	1.0	0.6328903638342454	1.0	0.6364353709769036	0.7106212328351245	0.5876310468429933	1.0	1.0	1.0	0.7147973711694585	0.5714280088934294	1.0	1.0	1.0	1.0	1.0	1.0	0.7134542832283586	0.632387956502984	0.7134542832283586	1.0	0.7116768074483948	1.0	1.0	1.0	0.7162976956558117	0.7141080454298697	0.0	1.0	0.7690990303325336	1.0
si	0.0	1.0	0.0	1.0	1.0	1.0	1.0	1.0	1.0	1.0	1.0	1.0	1.0	1.0	1.0	1.0	1.0	1.0	1.0	1.0	1.0	1.0	1.0	1.0	1.0	1.0	1.0	1.0	1.0	1.0	1.0	0.0	1.0	1.0	1.0
simple	1.0	1.0	0.0	1.0	1.0	0.6726446088313931	1.0	0.635840094314478	0.6334134137277925	0.6383829424521856	1.0	1.0	0.728099120889861	1.0	0.5861031331768943	0.7162976956558118	1.0	1.0	1.0	1.0	1.0	0.6432357517002907	0.7171176902274347	1.0	1.0	1.0	1.0	1.0	1.0	1.0	0.6393867611309197	0.0	1.0	1.0	0.7179915061657698
sr	1.0	0.7347168825662656	1.0	1.0	1.0	0.7101264857596847	1.0	0.7054274448755342	1.0	0.7101264857596847	1.0	1.0	1.0	0.7122412578101113	0.6398385892358055	1.0	1.0	1.0	1.0	1.0	1.0	1.0	0.7101264857596846	0.709195387537678	1.0	1.0	0.7162976956558117	1.0	1.0	1.0	1.0	1.0	1.0	0.7690990303325336	1.0
sv	1.0	0.6049963408257748	1.0	1.0	0.6293456853513547	0.35013326430605196	1.0	0.3841071294467093	0.5184667676557874	0.5219959740862357	0.6347195024507913	1.0	1.0	0.46124145899158053	0.39679610281911926	0.5807252029124176	0.7064293785686275	1.0	1.0	1.0	1.0	0.5417238889283492	0.5399005519062332	0.43072290122736273	0.7134542832283586	0.5275676364273643	0.7141080454298697	1.0	0.6393867611309197	1.0	1.0	1.0	1.0	0.7690990303325336	0.7036693256036726
te	0.0	0.0	0.0	0.0	0.0	1.0	0.0	1.0	1.0	1.0	0.0	0.0	0.0	0.0	1.0	1.0	1.0	0.0	0.0	0.0	0.0	0.0	1.0	1.0	1.0	1.0	0.0	0.0	0.0	1.0	1.0	1.0	0.0	0.0	1.0
vi	1.0	0.7411828468492556	1.0	1.0	1.0	0.5803390215308486	1.0	0.7031439803509412	1.0	0.7091953875376779	1.0	1.0	1.0	1.0	0.7128329397683222	1.0	1.0	1.0	1.0	1.0	1.0	1.0	1.0	0.6398385892358058	1.0	1.0	1.0	1.0	1.0	1.0	1.0	0.0	1.0	0.7690990303325336	1.0
war	0.0	1.0	0.0	1.0	1.0	0.7690990303325336	0.7690990303325336	0.7690990303325336	0.7690990303325336	0.7690990303325336	1.0	1.0	0.7690990303325336	0.7690990303325336	0.7690990303325336	0.7690990303325336	0.7690990303325336	0.7690990303325336	1.0	1.0	1.0	0.7690990303325336	0.7690990303325336	0.7690990303325336	0.7690990303325336	0.7690990303325336	0.7690990303325336	1.0	1.0	0.7690990303325336	0.7690990303325336	0.0	0.7690990303325336	1.0	0.7690990303325336
zh	1.0	0.6638546162332061	1.0	1.0	1.0	0.4913637657438195	1.0	0.4237310527813924	0.541453705303879	0.5477591446964595	1.0	1.0	1.0	0.5857084650013972	0.5211017649627879	1.0	1.0	1.0	1.0	1.0	1.0	0.626851635938599	0.5810779511747244	0.5005794438341423	1.0	1.0	1.0	1.0	0.7179915061657698	1.0	0.7036693256036726	1.0	1.0	0.7690990303325336	1.0
