arz	bs	ceb	ckb	da	de	el	en	es	fr	he	hi	hu	id	it	ja	ko	lv	mk	ml	mr	nl	pl	pt	ro	ru	sh	si	simple	sr	sv	te	vi	war	zh
arz	1.0	0.5	1.0	1.0	0.20856217852254144	0.39564392373896007	1.0	0.09186909241953438	0.5	0.2402530733520421	1.0	1.0	0.17379378377786506	0.19636040545626823	0.2	1.0	1.0	1.0	1.0	1.0	1.0	0.3333333333333333	0.2958163163244893	0.28436465220442186	0.1987625491245426	1.0	0.21089672205953397	1.0	0.44948974278317805	1.0	0.28436465220442186	1.0	0.3333333333333333	1.0	1.0
bs	0.5	1.0	0.1797153602962883	0.36602540378443865	0.08668776138957036	0.06074789991708309	0.08051995315993939	0.05773384229249957	0.0631019466875547	0.06539951156990492	0.09960560721809823	0.2187841884486319	0.06901475952176003	0.07830216941394741	0.061292909963042985	0.06784425033914183	0.0925615035270052	0.12696057464887334	0.18181818181818182	0.17253779651421453	0.25	0.06347630103076278	0.06358431920033306	0.0638593763401971	0.07046867984982122	0.06344750970948113	0.06790265786532457	1.0	0.12632380015122013	0.07576698610001031	0.06310939764490256	1.0	0.11370106616503843	0.14201473202245876	0.06344750970948113
ceb	1.0	0.1797153602962883	1.0	1.0	0.06109183487563988	0.13333333333333333	1.0	0.007937915004286868	0.15894454156034005	0.04624056073403712	0.585786437626905	1.0	0.05726695419686788	0.09196071325456735	0.035814441880115976	0.585786437626905	0.585786437626905	0.3660254037844386	1.0	1.0	1.0	0.11342177867462765	0.14548268842493628	0.10424667052311433	0.06781635093295392	0.585786437626905	0.06236432602651861	1.0	0.2139387691339814	0.5	0.04906260412849335	1.0	0.12777235233224574	1.0	0.585786437626905
ckb	1.0	0.36602540378443865	1.0	1.0	0.5	1.0	1.0	0.34833147735478825	1.0	0.5	1.0	1.0	0.585786437626905	0.3660254037844386	0.4142135623730951	1.0	1.0	0.585786437626905	1.0	1.0	1.0	0.585786437626905	0.585786437626905	0.585786437626905	0.585786437626905	1.0	1.0	1.0	0.5	1.0	0.585786437626905	1.0	0.585786437626905	1.0	1.0
da	0.20856217852254144	0.08668776138957036	0.06109183487563988	0.5	1.0	0.0074586164835731324	0.01848035388513292	0.012235498815503343	0.007959456778413476	0.00812131439091044	0.01028098023408966	0.07904400888854206	0.011256628842388816	0.011931434519717812	0.008557901153209549	0.008835506504234291	0.01270068169285458	0.06885568844700217	0.042170627533684384	0.07251892124786605	0.14732056773523425	0.008504756815028366	0.008864139078281945	0.008684100709039601	0.016400005778136918	0.007871331273177731	0.011152801950385703	1.0	0.04776252711370185	0.01470862675957838	0.008372600960309302	0.3483314773547883	0.014959144835056464	0.09402909933063254	0.01075907426184807
de	0.39564392373896007	0.06074789991708309	0.13333333333333333	1.0	0.0074586164835731324	1.0	0.09981534654330858	0.0016963941024007896	0.020332798038502804	0.0020552290529892224	0.10659245208837696	0.24336073281110826	0.004517802033417521	0.006518536532302207	0.002142071638501033	0.08296756330998213	0.1463924816619788	0.1991722655343916	0.25	0.3660254037844386	0.44948974278317805	0.006239463007768249	0.012753562058923815	0.0046239967409996054	0.008347772925239293	0.041879316483331715	0.006100562075684502	1.0	0.08815170219611887	0.15260705306097969	0.0040191783901867865	0.585786437626905	0.017220551804208548	0.31264808514230086	0.08030991799706293
el	1.0	0.08051995315993939	1.0	1.0	0.01848035388513292	0.09981534654330858	1.0	0.005193930543606799	0.09526197372720867	0.017327507724161598	1.0	1.0	0.011322583682298446	0.034555181818530796	0.008310361378783097	1.0	1.0	0.26533119314590375	1.0	1.0	1.0	0.07457303036595331	0.07893253299242564	0.04267443359716188	0.017375100180021856	1.0	0.018221741961439275	1.0	0.13712054634769197	1.0	0.047002692546523624	1.0	0.0832432963050263	0.585786437626905	1.0
en	0.09186909241953438	0.05773384229249957	0.007937915004286868	0.34833147735478825	0.012235498815503343	0.0016963941024007896	0.005193930543606799	1.0	0.0021816083634821626	0.0051338665303211975	0.004792774142426553	0.06216424418586446	0.00954892902962871	0.006915617418971877	0.007868066498827327	0.0042409184529167586	0.007237641009783328	0.07937005735935043	0.026674788115904374	0.055857613319847635	0.2612038749637414	0.003229488977006185	0.003131796034055422	0.0038333746791370045	0.011109632407871231	0.002424372691880814	0.00687512250629823	0.39564392373896007	0.031977022050701444	0.006916510962617004	0.004583136759451515	0.3660254037844386	0.006459955899497867	0.1311353731792769	0.004219378421958541
es	0.5	0.0631019466875547	0.15894454156034005	1.0	0.007959456778413476	0.020332798038502804	0.09526197372720867	0.0021816083634821626	1.0	0.0025926884484677873	0.09441387963324659	0.26533119314590375	0.004925436904994271	0.006801173597862042	0.0027702536173378417	0.07629703763587165	0.13402267464196424	0.2	0.2742918851774318	0.2402530733520421	0.4142135623730951	0.01463653075004728	0.015442539380086552	0.005737939350449875	0.008761251500254634	0.034131839252231275	0.00601497082452989	1.0	0.08512744655111212	0.1158457425543559	0.005019733533162134	0.585786437626905	0.021737432412817982	0.44948974278317805	0.08733715695092888
fr	0.2402530733520421	0.06539951156990492	0.04624056073403712	0.5	0.00812131439091044	0.0020552290529892224	0.017327507724161598	0.0051338665303211975	0.0025926884484677873	1.0	0.011129513582677787	0.15352447281755405	0.0047747805110972055	0.006253392036459894	0.004277641107387662	0.008247394739948297	0.03681144371110599	0.15438708879488486	0.09785171972967721	0.17100799366294794	0.28172904669025317	0.003729788869156782	0.004068028558780083	0.004031580411185994	0.009161542897310162	0.003077712474419785	0.005888312536209755	1.0	0.07464783398160285	0.05393157672393268	0.004523091943223892	1.0	0.01570820165902741	0.21822796141133347	0.0087314891223113
he	1.0	0.09960560721809823	0.585786437626905	1.0	0.01028098023408966	0.10659245208837696	1.0	0.004792774142426553	0.09441387963324659	0.011129513582677787	1.0	1.0	0.008476168850223191	0.016470341004367093	0.007037494545575678	1.0	1.0	0.2372732414640341	1.0	1.0	1.0	0.03962340980466744	0.053908562784313496	0.036173872934185586	0.012271437839390664	0.5	0.013857428600862224	1.0	0.10553583185968111	1.0	0.02065715053796188	1.0	0.039202615774656585	0.585786437626905	1.0
hi	1.0	0.2187841884486319	1.0	1.0	0.07904400888854206	0.24336073281110826	1.0	0.06216424418586446	0.26533119314590375	0.15352447281755405	1.0	1.0	0.09279826048897659	0.12923315790921636	0.10715379182812264	1.0	1.0	0.4142135623730951	1.0	1.0	1.0	0.1886378647726465	0.17774575502392898	0.2187841884486319	0.14763410387308012	1.0	0.19219040425836986	1.0	0.25728427444747215	1.0	0.1951941016011038	1.0	0.156159660795834	1.0	1.0
hu	0.17379378377786506	0.06901475952176003	0.05726695419686788	0.585786437626905	0.011256628842388816	0.004517802033417521	0.011322583682298446	0.00954892902962871	0.004925436904994271	0.0047747805110972055	0.008476168850223191	0.09279826048897659	1.0	0.009166158386218055	0.006351724410210655	0.006543209091172914	0.011004440234932952	0.07469068282957618	0.08699512700671046	0.09649670696298569	0.2041350519664497	0.005458332310043427	0.005652481634438963	0.005505816916654168	0.011918223228142226	0.0052425459880152195	0.008455802416031229	0.5	0.049098290124294564	0.012671493203451034	0.006289015021014187	0.44948974278317805	0.01138083726293979	0.11834554519037926	0.006893443557107575
id	0.19636040545626823	0.07830216941394741	0.09196071325456735	0.3660254037844386	0.011931434519717812	0.006518536532302207	0.034555181818530796	0.006915617418971877	0.006801173597862042	0.006253392036459894	0.016470341004367093	0.12923315790921636	0.009166158386218055	1.0	0.0065013837459504155	0.011895352370803391	0.029223127525673485	0.10582717199506239	0.12017494462146865	0.13472338607037426	0.2843646522044218	0.008671989250007285	0.009136703889318153	0.008003090527357159	0.012239018887936687	0.007187364477152526	0.01584752266726438	1.0	0.09026876607037417	0.027046270386167595	0.010187868923826565	0.585786437626905	0.027993435676277125	0.1907435698305462	0.01692906696163144
it	0.2	0.061292909963042985	0.035814441880115976	0.4142135623730951	0.008557901153209549	0.002142071638501033	0.008310361378783097	0.007868066498827327	0.0027702536173378417	0.004277641107387662	0.007037494545575678	0.10715379182812264	0.006351724410210655	0.0065013837459504155	1.0	0.005969373400959454	0.014642546770149058	0.13437158921882872	0.10710461314257712	0.08413421726415848	0.38742588672279304	0.0036183016088017893	0.0035745341063424235	0.003734265391440276	0.009188412917470986	0.0030526841312417423	0.006218634622968274	0.38742588672279304	0.07068655228122538	0.02493177309919773	0.004565182101848775	1.0	0.017420678584918865	0.2025519956555797	0.006301969838204047
ja	1.0	0.06784425033914183	0.585786437626905	1.0	0.008835506504234291	0.08296756330998213	1.0	0.0042409184529167586	0.07629703763587165	0.008247394739948297	1.0	1.0	0.006543209091172914	0.011895352370803391	0.005969373400959454	1.0	1.0	0.22901628833426058	1.0	1.0	1.0	0.040503414609542106	0.05361531838483339	0.026057133771611535	0.012092993243605467	0.585786437626905	0.009975657654378018	1.0	0.10838962679253066	0.585786437626905	0.009776647629733008	1.0	0.043154784952416377	0.585786437626905	1.0
ko	1.0	0.0925615035270052	0.585786437626905	1.0	0.01270068169285458	0.1463924816619788	1.0	0.007237641009783328	0.13402267464196424	0.03681144371110599	1.0	1.0	0.011004440234932952	0.029223127525673485	0.014642546770149058	1.0	1.0	0.2372732414640341	1.0	1.0	1.0	0.059021144097487634	0.08592554768043356	0.07000188179821323	0.014994026431015817	0.585786437626905	0.03348652478726686	1.0	0.11681063765238879	1.0	0.04255750352132517	1.0	0.05835518611442098	0.585786437626905	1.0
lv	1.0	0.12696057464887334	0.3660254037844386	0.585786437626905	0.06885568844700217	0.1991722655343916	0.26533119314590375	0.07937005735935043	0.2	0.15438708879488486	0.2372732414640341	0.4142135623730951	0.07469068282957618	0.10582717199506239	0.13437158921882872	0.22901628833426058	0.2372732414640341	1.0	0.32449979983983984	0.34833147735478825	0.44948974278317805	0.1466381569395148	0.16952084719853724	0.15600946442139954	0.07130600981526056	0.2240092377397959	0.14623959585024682	1.0	0.21089672205953397	0.25	0.15278212615814146	1.0	0.16783709937305324	0.31264808514230086	0.22901628833426058
mk	1.0	0.18181818181818182	1.0	1.0	0.042170627533684384	0.25	1.0	0.026674788115904374	0.2742918851774318	0.09785171972967721	1.0	1.0	0.08699512700671046	0.12017494462146865	0.10710461314257712	1.0	1.0	0.32449979983983984	1.0	1.0	1.0	0.13716325078743702	0.2016895928872254	0.18368518446174903	0.08277793871493427	1.0	0.16722520332754173	1.0	0.2025519956555797	1.0	0.16597681693032765	1.0	0.21089672205953397	0.585786437626905	1.0
ml	1.0	0.17253779651421453	1.0	1.0	0.07251892124786605	0.3660254037844386	1.0	0.055857613319847635	0.2402530733520421	0.17100799366294794	1.0	1.0	0.09649670696298569	0.13472338607037426	0.08413421726415848	1.0	1.0	0.34833147735478825	1.0	1.0	1.0	0.16736577623297264	0.27429188517743175	0.1552653218004957	0.08935026542230624	1.0	0.12849622184722817	1.0	0.25	1.0	0.1566130288262323	1.0	0.16139047779640894	1.0	1.0
mr	1.0	0.25	1.0	1.0	0.14732056773523425	0.44948974278317805	1.0	0.2612038749637414	0.4142135623730951	0.28172904669025317	1.0	1.0	0.2041350519664497	0.2843646522044218	0.38742588672279304	1.0	1.0	0.44948974278317805	1.0	1.0	1.0	0.34833147735478825	0.3660254037844386	0.5	0.24336073281110826	1.0	0.38742588672279304	1.0	0.4142135623730951	1.0	0.3430703308172536	1.0	0.2612038749637414	1.0	1.0
nl	0.3333333333333333	0.06347630103076278	0.11342177867462765	0.585786437626905	0.008504756815028366	0.006239463007768249	0.07457303036595331	0.003229488977006185	0.01463653075004728	0.003729788869156782	0.03962340980466744	0.1886378647726465	0.005458332310043427	0.008671989250007285	0.0036183016088017893	0.040503414609542106	0.059021144097487634	0.1466381569395148	0.13716325078743702	0.16736577623297264	0.34833147735478825	1.0	0.017595965330433457	0.009163117024649892	0.010052229200765778	0.016908955967233297	0.006766832677302272	1.0	0.08070853586610886	0.0804066468751667	0.006565344316082147	0.5	0.026253157632670533	0.21604850763119507	0.04153010875110813
pl	0.2958163163244893	0.06358431920033306	0.14548268842493628	0.585786437626905	0.008864139078281945	0.012753562058923815	0.07893253299242564	0.003131796034055422	0.015442539380086552	0.004068028558780083	0.053908562784313496	0.17774575502392898	0.005652481634438963	0.009136703889318153	0.0035745341063424235	0.05361531838483339	0.08592554768043356	0.16952084719853724	0.2016895928872254	0.27429188517743175	0.3660254037844386	0.017595965330433457	1.0	0.0182009968975394	0.009021267191180014	0.022772022687066053	0.007409927279694792	1.0	0.095357287350008	0.07465720069608871	0.006199535073438137	1.0	0.02588102012498228	0.23800671553691075	0.05397967403819551
pt	0.28436465220442186	0.0638593763401971	0.10424667052311433	0.585786437626905	0.008684100709039601	0.0046239967409996054	0.04267443359716188	0.0038333746791370045	0.005737939350449875	0.004031580411185994	0.036173872934185586	0.2187841884486319	0.005505816916654168	0.008003090527357159	0.003734265391440276	0.026057133771611535	0.07000188179821323	0.15600946442139954	0.18368518446174903	0.1552653218004957	0.5	0.009163117024649892	0.0182009968975394	1.0	0.009624871726598894	0.008418978569148087	0.006799695985792071	1.0	0.08317596549812699	0.07513975830625363	0.005850232785580255	1.0	0.023054203885009852	0.25	0.027232879021344608
ro	0.1987625491245426	0.07046867984982122	0.06781635093295392	0.585786437626905	0.016400005778136918	0.008347772925239293	0.017375100180021856	0.011109632407871231	0.008761251500254634	0.009161542897310162	0.012271437839390664	0.14763410387308012	0.011918223228142226	0.012239018887936687	0.009188412917470986	0.012092993243605467	0.014994026431015817	0.07130600981526056	0.08277793871493427	0.08935026542230624	0.24336073281110826	0.010052229200765778	0.009021267191180014	0.009624871726598894	1.0	0.009827265531811711	0.011759459687996503	1.0	0.08204719271948599	0.015448588515821154	0.009687779097304543	0.585786437626905	0.015016350950748644	0.14364225891061608	0.011728064968441221
ru	1.0	0.06344750970948113	0.585786437626905	1.0	0.007871331273177731	0.041879316483331715	1.0	0.002424372691880814	0.034131839252231275	0.003077712474419785	0.5	1.0	0.0052425459880152195	0.007187364477152526	0.0030526841312417423	0.585786437626905	0.585786437626905	0.2240092377397959	1.0	1.0	1.0	0.016908955967233297	0.022772022687066053	0.008418978569148087	0.009827265531811711	1.0	0.006702340024696938	1.0	0.08996046648350998	0.44948974278317805	0.004894855002444663	1.0	0.02852809916946174	0.585786437626905	0.585786437626905
sh	0.21089672205953397	0.06790265786532457	0.06236432602651861	1.0	0.011152801950385703	0.006100562075684502	0.018221741961439275	0.00687512250629823	0.00601497082452989	0.005888312536209755	0.013857428600862224	0.19219040425836986	0.008455802416031229	0.01584752266726438	0.006218634622968274	0.009975657654378018	0.03348652478726686	0.14623959585024682	0.16722520332754173	0.12849622184722817	0.38742588672279304	0.006766832677302272	0.007409927279694792	0.006799695985792071	0.011759459687996503	0.006702340024696938	1.0	0.585786437626905	0.0854552970982212	0.019569068176416512	0.008360499219270722	1.0	0.03930744379565634	0.1876127897984334	0.015917224852551703
si	1.0	1.0	1.0	1.0	1.0	1.0	1.0	0.39564392373896007	1.0	1.0	1.0	1.0	0.5	1.0	0.38742588672279304	1.0	1.0	1.0	1.0	1.0	1.0	1.0	1.0	1.0	1.0	1.0	0.585786437626905	1.0	0.5	1.0	1.0	1.0	0.585786437626905	1.0	1.0
simple	0.44948974278317805	0.12632380015122013	0.2139387691339814	0.5	0.04776252711370185	0.08815170219611887	0.13712054634769197	0.031977022050701444	0.08512744655111212	0.07464783398160285	0.10553583185968111	0.25728427444747215	0.049098290124294564	0.09026876607037417	0.07068655228122538	0.10838962679253066	0.11681063765238879	0.21089672205953397	0.2025519956555797	0.25	0.4142135623730951	0.08070853586610886	0.095357287350008	0.08317596549812699	0.08204719271948599	0.08996046648350998	0.0854552970982212	0.5	1.0	0.14602640382184875	0.08293766765125339	0.585786437626905	0.1102221406577905	0.27429188517743175	0.10270214532815182
sr	1.0	0.07576698610001031	0.5	1.0	0.01470862675957838	0.15260705306097969	1.0	0.006916510962617004	0.1158457425543559	0.05393157672393268	1.0	1.0	0.012671493203451034	0.027046270386167595	0.02493177309919773	0.585786437626905	1.0	0.25	1.0	1.0	1.0	0.0804066468751667	0.07465720069608871	0.07513975830625363	0.015448588515821154	0.44948974278317805	0.019569068176416512	1.0	0.14602640382184875	1.0	0.0487226296133226	1.0	0.07670488070394342	0.585786437626905	1.0
sv	0.28436465220442186	0.06310939764490256	0.04906260412849335	0.585786437626905	0.008372600960309302	0.0040191783901867865	0.047002692546523624	0.004583136759451515	0.005019733533162134	0.004523091943223892	0.02065715053796188	0.1951941016011038	0.006289015021014187	0.010187868923826565	0.004565182101848775	0.009776647629733008	0.04255750352132517	0.15278212615814146	0.16597681693032765	0.1566130288262323	0.3430703308172536	0.006565344316082147	0.006199535073438137	0.005850232785580255	0.009687779097304543	0.004894855002444663	0.008360499219270722	1.0	0.08293766765125339	0.0487226296133226	1.0	1.0	0.02232758268037608	0.2449655295864104	0.013059132075467394
te	1.0	1.0	1.0	1.0	0.3483314773547883	0.585786437626905	1.0	0.3660254037844386	0.585786437626905	1.0	1.0	1.0	0.44948974278317805	0.585786437626905	1.0	1.0	1.0	1.0	1.0	1.0	1.0	0.5	1.0	1.0	0.585786437626905	1.0	1.0	1.0	0.585786437626905	1.0	1.0	1.0	0.585786437626905	1.0	1.0
vi	0.3333333333333333	0.11370106616503843	0.12777235233224574	0.585786437626905	0.014959144835056464	0.017220551804208548	0.0832432963050263	0.006459955899497867	0.021737432412817982	0.01570820165902741	0.039202615774656585	0.156159660795834	0.01138083726293979	0.027993435676277125	0.017420678584918865	0.043154784952416377	0.05835518611442098	0.16783709937305324	0.21089672205953397	0.16139047779640894	0.2612038749637414	0.026253157632670533	0.02588102012498228	0.023054203885009852	0.015016350950748644	0.02852809916946174	0.03930744379565634	0.585786437626905	0.1102221406577905	0.07670488070394342	0.02232758268037608	0.585786437626905	1.0	0.23874775399470888	0.036848570513525754
war	1.0	0.14201473202245876	1.0	1.0	0.09402909933063254	0.31264808514230086	0.585786437626905	0.1311353731792769	0.44948974278317805	0.21822796141133347	0.585786437626905	1.0	0.11834554519037926	0.1907435698305462	0.2025519956555797	0.585786437626905	0.585786437626905	0.31264808514230086	0.585786437626905	1.0	1.0	0.21604850763119507	0.23800671553691075	0.25	0.14364225891061608	0.585786437626905	0.1876127897984334	1.0	0.27429188517743175	0.585786437626905	0.2449655295864104	1.0	0.23874775399470888	1.0	0.585786437626905
zh	1.0	0.06344750970948113	0.585786437626905	1.0	0.01075907426184807	0.08030991799706293	1.0	0.004219378421958541	0.08733715695092888	0.0087314891223113	1.0	1.0	0.006893443557107575	0.01692906696163144	0.006301969838204047	1.0	1.0	0.22901628833426058	1.0	1.0	1.0	0.04153010875110813	0.05397967403819551	0.027232879021344608	0.011728064968441221	0.585786437626905	0.015917224852551703	1.0	0.10270214532815182	1.0	0.013059132075467394	1.0	0.036848570513525754	0.585786437626905	1.0
