arz	bs	ceb	ckb	da	de	el	en	es	fr	he	hi	hu	id	it	ja	ko	lv	mk	ml	mr	nl	pl	pt	ro	ru	sh	si	simple	sr	sv	te	vi	war	zh
arz	1.0	0.3960177441387636	1.0	1.0	0.32226890996904356	0.3449574722114652	1.0	0.2289066899063297	0.6280783374972716	0.31796506561507054	1.0	1.0	0.29839762756082144	0.36429512426333877	0.3782992625092923	1.0	1.0	1.0	1.0	1.0	1.0	0.4766206323844135	0.492876115214503	0.4372747771601755	0.38536690726006034	1.0	0.4448054746214308	1.0	0.6143589292419388	1.0	0.4621290813716541	1.0	0.4847565853708224	1.0	1.0
bs	0.3960177441387636	1.0	0.2640562086017772	0.6212746690601335	0.21092802572386724	0.2248355321862467	0.2593881502687896	0.2022024832361833	0.2262087218509063	0.25584739357157843	0.25565904346265805	0.46604726808891495	0.2209662761568966	0.21533350166049356	0.2518347601620513	0.2667353991953381	0.26786098365394145	0.31500203970882545	0.35288519555219366	0.3381588783558729	0.36886476753445224	0.2499536711198701	0.2503679944501376	0.25407802601632523	0.2510294529037212	0.26259837727955615	0.20836444183523375	0.4493075654568811	0.29728774003764924	0.2202551368646955	0.2511983646261281	1.0	0.27204356975394156	0.3074213769217606	0.26259837727955615
ceb	1.0	0.2640562086017772	1.0	1.0	0.2560760015240312	0.22371499288445892	1.0	0.12100984010801641	0.2781684206884375	0.17723848065008768	0.6962087343736185	1.0	0.1974001798918262	0.2520472034389175	0.15427484866773736	0.6953009332395159	0.6991983135554172	0.5160932035169443	1.0	1.0	1.0	0.2224757417819023	0.2726981927303548	0.22207024827744606	0.2538969498661536	0.6912453074616124	0.18285735010217444	1.0	0.39754768082734054	0.6197015340359117	0.14178611957522333	1.0	0.2564641465771614	1.0	0.6948828394802079
ckb	1.0	0.6212746690601335	1.0	1.0	0.7744097047377118	1.0	1.0	0.5499910631171687	1.0	0.6487871090048527	1.0	1.0	0.7199285383279772	0.5585656438840699	0.5808852645006567	1.0	1.0	0.7263875964832449	1.0	1.0	1.0	0.718925811717485	0.7199285383279774	0.7171176902274347	0.7210092110599264	1.0	1.0	1.0	0.6667969795412325	1.0	0.3777887145376843	1.0	0.38449335854660405	1.0	1.0
da	0.32226890996904356	0.21092802572386724	0.2560760015240312	0.7744097047377118	1.0	0.11796713059047945	0.18727162985445694	0.09762917794822631	0.12237505928482727	0.11630101408664979	0.13463388856475828	0.2330447648087745	0.10817158801855947	0.12227517121633585	0.10459616539764816	0.12990726588056165	0.15783885502329967	0.23935752175346212	0.22411842778621455	0.22758291347191123	0.36070592762125203	0.11628036436062883	0.12318500780719388	0.10636160565596138	0.11676542778043957	0.13234646894744082	0.12358846748502186	1.0	0.19031884375084288	0.16091425207015164	0.10254407681743254	0.5343528227450525	0.12677948648488327	0.3182873804113757	0.14077600565426385
de	0.3449574722114652	0.2248355321862467	0.22371499288445892	1.0	0.11796713059047945	1.0	0.19387589825314852	0.05515871172031486	0.06818107723109064	0.05329029373743573	0.18494196063713553	0.3700699369121501	0.08830884794677407	0.10007787716045101	0.057868695037365164	0.1612000683521412	0.20760872953300272	0.3352424798423781	0.3941884822153463	0.4777728670347431	0.35755402134644937	0.06749108323352264	0.06991979293101311	0.07097320187792575	0.11917490449940753	0.10517032855449703	0.09176559060340599	1.0	0.18192379556876048	0.24404200865098724	0.06959642184906965	0.7199285383279773	0.10728185013762404	0.3254690808234445	0.15400340749146532
el	1.0	0.2593881502687896	1.0	1.0	0.18727162985445694	0.19387589825314852	1.0	0.11288713434110297	0.19189895811518237	0.12584307641976886	1.0	1.0	0.1336181591166125	0.14379721760571418	0.10759408658935998	1.0	1.0	0.4581977116227695	1.0	1.0	1.0	0.180000515445387	0.14942922573428025	0.1513808894056504	0.16213033750410258	1.0	0.1451020949323146	1.0	0.29492388528854774	1.0	0.15340265300231723	1.0	0.19145915755526755	0.7039424865283899	1.0
en	0.2289066899063297	0.2022024832361833	0.12100984010801641	0.5499910631171687	0.09762917794822631	0.05515871172031486	0.11288713434110297	1.0	0.06363191154181017	0.05369992853175878	0.1044931274235716	0.20733132554577635	0.07478377641460042	0.07893025124087305	0.05714818708074133	0.09855037347674463	0.11596455857295293	0.20351240865748751	0.16703262944564862	0.22566091918500977	0.337990159450219	0.06421663819358364	0.06497154126659628	0.06279327038258087	0.09410699760883855	0.09092780062525817	0.07246941138225527	0.5780965534243105	0.14470269514992923	0.1111740951518587	0.06479906219823718	0.5524062345113544	0.08660964311851015	0.3130834847402693	0.09621331729369081
es	0.6280783374972716	0.2262087218509063	0.2781684206884375	1.0	0.12237505928482727	0.06818107723109064	0.19189895811518237	0.06363191154181017	1.0	0.05991693307272885	0.18887353612280716	0.414931332481672	0.09147557846491788	0.1034658090751333	0.06251563000925522	0.16294504208593788	0.24560055236233827	0.3521542722029632	0.41312747907065944	0.379597633042906	0.5860814306126563	0.07527197293885667	0.07508282523070221	0.07183532959300021	0.11255024526098735	0.10817094427583879	0.08604854889317298	1.0	0.2020478743399531	0.21813779590072443	0.07202625105678877	0.7221793916855704	0.12092513299387471	0.5757149904020947	0.18136636376959286
fr	0.31796506561507054	0.25584739357157843	0.17723848065008768	0.6487871090048527	0.11630101408664979	0.05329029373743573	0.12584307641976886	0.05369992853175878	0.05991693307272885	1.0	0.10945549864764374	0.3037093522401817	0.07948714920717447	0.08072829342120426	0.05245497328282896	0.09852433220406147	0.14368129492234075	0.2850430539569011	0.2393437531678906	0.3096022231196221	0.4536211688810243	0.062115721043411405	0.06252956539909331	0.06216935337707518	0.10341058105136718	0.07430919539894547	0.07567296206664972	1.0	0.1864921027703647	0.16607733853935208	0.06505850474408412	1.0	0.09368029246710399	0.35596773357573275	0.10691117693720652
he	1.0	0.25565904346265805	0.6962087343736185	1.0	0.13463388856475828	0.18494196063713553	1.0	0.1044931274235716	0.18887353612280716	0.10945549864764374	1.0	1.0	0.11889404520414121	0.1393337819229852	0.1063993795489342	1.0	1.0	0.42739541114597795	1.0	1.0	1.0	0.13983123152541393	0.14606479547509643	0.13350129675163017	0.14600909090269745	0.6082009391506121	0.1219511542670144	1.0	0.24143267965770449	1.0	0.12062792228738528	1.0	0.13954224146738978	0.702644595566344	1.0
hi	1.0	0.46604726808891495	1.0	1.0	0.2330447648087745	0.3700699369121501	1.0	0.20733132554577635	0.414931332481672	0.3037093522401817	1.0	1.0	0.2599008863770656	0.30122463549392003	0.26456140063111505	1.0	1.0	0.606733315911998	1.0	1.0	1.0	0.28449037212383715	0.2875448234442468	0.42054832596804553	0.3087454617220001	1.0	0.29697143145200344	1.0	0.4394897018542937	1.0	0.25344420362702286	1.0	0.3120903352918038	1.0	1.0
hu	0.29839762756082144	0.2209662761568966	0.1974001798918262	0.7199285383279772	0.10817158801855947	0.08830884794677407	0.1336181591166125	0.07478377641460042	0.09147557846491788	0.07948714920717447	0.11889404520414121	0.2599008863770656	1.0	0.09987296650496903	0.07338873954558645	0.10781856177274385	0.1358597375054315	0.23282091421678028	0.21954345546906762	0.23993719838808067	0.4004627515276925	0.08664267411701525	0.08354315371533046	0.08260956366697672	0.10427235687888076	0.10017960054711975	0.09599672395962329	0.6667969795412325	0.1682060608483836	0.14657938933639578	0.07911864467319327	0.598401575819597	0.11244528139077388	0.29037871436129026	0.11367675903240644
id	0.36429512426333877	0.21533350166049356	0.2520472034389175	0.5585656438840699	0.12227517121633585	0.10007787716045101	0.14379721760571418	0.07893025124087305	0.1034658090751333	0.08072829342120426	0.1393337819229852	0.30122463549392003	0.09987296650496903	1.0	0.08033989781714417	0.13549904444233027	0.1664316731041414	0.2765357207936298	0.26139928143439173	0.2953250152076797	0.47282143412484456	0.1012504624551876	0.10288618617994487	0.09239094923800466	0.11869534598901889	0.11504329353055487	0.11001713213325177	1.0	0.21369859413404313	0.16230959951136892	0.09590996409530148	0.7280991208898611	0.12204734347845854	0.3527627739489711	0.13563178756587396
it	0.3782992625092923	0.2518347601620513	0.15427484866773736	0.5808852645006567	0.10459616539764816	0.057868695037365164	0.10759408658935998	0.05714818708074133	0.06251563000925522	0.05245497328282896	0.1063993795489342	0.26456140063111505	0.07338873954558645	0.08033989781714417	1.0	0.09395511960456422	0.14259827363077054	0.2532583287596436	0.23483976672061752	0.21232585604966275	0.535988322171216	0.062038032952601484	0.0657461914439904	0.06045764593046999	0.10115618658885525	0.0687947055897101	0.07273986220596883	0.583964608310683	0.15931443754717903	0.1284787217032314	0.060546138683903766	1.0	0.0990821918843228	0.35095679255641055	0.09235555871464446
ja	1.0	0.2667353991953381	0.6953009332395159	1.0	0.12990726588056165	0.1612000683521412	1.0	0.09855037347674463	0.16294504208593788	0.09852433220406147	1.0	1.0	0.10781856177274385	0.13549904444233027	0.09395511960456422	1.0	1.0	0.4060071416709373	1.0	1.0	1.0	0.13850742860874204	0.13202939357123622	0.11671431779479746	0.13390826468085412	0.6857732016127277	0.10796219634927136	1.0	0.2602560380075485	0.690825013654182	0.10097091586253995	1.0	0.1444417388397143	0.7021690135599069	1.0
ko	1.0	0.26786098365394145	0.6991983135554172	1.0	0.15783885502329967	0.20760872953300272	1.0	0.11596455857295293	0.24560055236233827	0.14368129492234075	1.0	1.0	0.1358597375054315	0.1664316731041414	0.14259827363077054	1.0	1.0	0.4304036196607654	1.0	1.0	1.0	0.17463947424382134	0.1736880168343278	0.16508127300665562	0.1440758447551303	0.6887099893921133	0.1524676212083302	1.0	0.24768458091467083	1.0	0.14004027429606644	1.0	0.1691178623786017	0.7042230825271829	1.0
lv	1.0	0.31500203970882545	0.5160932035169443	0.7263875964832449	0.23935752175346212	0.3352424798423781	0.4581977116227695	0.20351240865748751	0.3521542722029632	0.2850430539569011	0.42739541114597795	0.606733315911998	0.23282091421678028	0.2765357207936298	0.2532583287596436	0.4060071416709373	0.4304036196607654	1.0	0.558682713029228	0.5228880558958794	0.6721406984335728	0.280373542354433	0.31624448376267816	0.23254037755741755	0.2155200852072577	0.39675803152334416	0.29596321491477134	1.0	0.3659901326714207	0.4508829919512562	0.2189922994014592	1.0	0.2707035555620157	0.527523342671398	0.4060071416709373
mk	1.0	0.35288519555219366	1.0	1.0	0.22411842778621455	0.3941884822153463	1.0	0.16703262944564862	0.41312747907065944	0.2393437531678906	1.0	1.0	0.21954345546906762	0.26139928143439173	0.23483976672061752	1.0	1.0	0.558682713029228	1.0	1.0	1.0	0.19749971291170448	0.3484020214869151	0.26195244798882394	0.2581431701675461	1.0	0.3037966631813591	1.0	0.36768117436177994	1.0	0.30819961812030816	1.0	0.3766956736056017	0.7091953875376781	1.0
ml	1.0	0.3381588783558729	1.0	1.0	0.22758291347191123	0.4777728670347431	1.0	0.22566091918500977	0.379597633042906	0.3096022231196221	1.0	1.0	0.23993719838808067	0.2953250152076797	0.21232585604966275	1.0	1.0	0.5228880558958794	1.0	1.0	1.0	0.2630417732026828	0.40571403334240397	0.2957745897889794	0.2586168649461675	1.0	0.29042154232056383	1.0	0.4229793762287974	1.0	0.2384866943515376	1.0	0.3035967742100959	1.0	1.0
mr	1.0	0.36886476753445224	1.0	1.0	0.36070592762125203	0.35755402134644937	1.0	0.337990159450219	0.5860814306126563	0.4536211688810243	1.0	1.0	0.4004627515276925	0.47282143412484456	0.535988322171216	1.0	1.0	0.6721406984335728	1.0	1.0	1.0	0.5095609266986686	0.5016831154524368	0.6358400943144779	0.43211555432250837	1.0	0.354988380340736	1.0	0.5719241620521028	1.0	0.5077466381426574	1.0	0.4405860012584764	1.0	1.0
nl	0.4766206323844135	0.2499536711198701	0.2224757417819023	0.718925811717485	0.11628036436062883	0.06749108323352264	0.180000515445387	0.06421663819358364	0.07527197293885667	0.062115721043411405	0.13983123152541393	0.28449037212383715	0.08664267411701525	0.1012504624551876	0.062038032952601484	0.13850742860874204	0.17463947424382134	0.280373542354433	0.19749971291170448	0.2630417732026828	0.5095609266986686	1.0	0.07871030058552106	0.0733177203060893	0.11478738426406933	0.09884918712940617	0.08442490535148603	1.0	0.18413099394338878	0.1844849929630919	0.0733787765717757	0.6589257440209709	0.11200879329727678	0.3643160181064637	0.1363765262971352
pl	0.492876115214503	0.2503679944501376	0.2726981927303548	0.7199285383279774	0.12318500780719388	0.06991979293101311	0.14942922573428025	0.06497154126659628	0.07508282523070221	0.06252956539909331	0.14606479547509643	0.2875448234442468	0.08354315371533046	0.10288618617994487	0.0657461914439904	0.13202939357123622	0.1736880168343278	0.31624448376267816	0.3484020214869151	0.40571403334240397	0.5016831154524368	0.07871030058552106	1.0	0.07682315420035353	0.11640716029002625	0.09065685814578825	0.09036806650714861	1.0	0.20958732846861133	0.18091791731715498	0.07415252101002645	1.0	0.10191087590683529	0.38703399876230343	0.13836560082262372
pt	0.4372747771601755	0.25407802601632523	0.22207024827744606	0.7171176902274347	0.10636160565596138	0.07097320187792575	0.1513808894056504	0.06279327038258087	0.07183532959300021	0.06216935337707518	0.13350129675163017	0.42054832596804553	0.08260956366697672	0.09239094923800466	0.06045764593046999	0.11671431779479746	0.16508127300665562	0.23254037755741755	0.26195244798882394	0.2957745897889794	0.6358400943144779	0.0733177203060893	0.07682315420035353	1.0	0.10987088003027655	0.08949999398186081	0.08412547571973895	1.0	0.17855673712123496	0.15382596482549116	0.0702131868770943	1.0	0.107287911181933	0.388400951927316	0.12216740217521685
ro	0.38536690726006034	0.2510294529037212	0.2538969498661536	0.7210092110599264	0.11676542778043957	0.11917490449940753	0.16213033750410258	0.09410699760883855	0.11255024526098735	0.10341058105136718	0.14600909090269745	0.3087454617220001	0.10427235687888076	0.11869534598901889	0.10115618658885525	0.13390826468085412	0.1440758447551303	0.2155200852072577	0.2581431701675461	0.2586168649461675	0.43211555432250837	0.11478738426406933	0.11640716029002625	0.10987088003027655	1.0	0.12775310439837728	0.11358768850326671	1.0	0.23888333801914358	0.14828303370916934	0.10817086725926778	0.7376607345031153	0.12858659258385732	0.31767088126065135	0.13894872135123634
ru	1.0	0.26259837727955615	0.6912453074616124	1.0	0.13234646894744082	0.10517032855449703	1.0	0.09092780062525817	0.10817094427583879	0.07430919539894547	0.6082009391506121	1.0	0.10017960054711975	0.11504329353055487	0.0687947055897101	0.6857732016127277	0.6887099893921133	0.39675803152334416	1.0	1.0	1.0	0.09884918712940617	0.09065685814578825	0.08949999398186081	0.12775310439837728	1.0	0.10655430112596981	1.0	0.22819920804667207	0.5611027183051441	0.08487057671275859	1.0	0.1290804646355281	0.7014961547481128	0.6863733250853317
sh	0.4448054746214308	0.20836444183523375	0.18285735010217444	1.0	0.12358846748502186	0.09176559060340599	0.1451020949323146	0.07246941138225527	0.08604854889317298	0.07567296206664972	0.1219511542670144	0.29697143145200344	0.09599672395962329	0.11001713213325177	0.07273986220596883	0.10796219634927136	0.1524676212083302	0.29596321491477134	0.3037966631813591	0.29042154232056383	0.354988380340736	0.08442490535148603	0.09036806650714861	0.08412547571973895	0.11358768850326671	0.10655430112596981	1.0	0.39493893585380213	0.21221850677544624	0.1304033612473628	0.0848429632741762	0.39740733051235566	0.12744251336899728	0.3684518580346714	0.12124729119237779
si	1.0	0.4493075654568811	1.0	1.0	1.0	1.0	1.0	0.5780965534243105	1.0	1.0	1.0	1.0	0.6667969795412325	1.0	0.583964608310683	1.0	1.0	1.0	1.0	1.0	1.0	1.0	1.0	1.0	1.0	1.0	0.39493893585380213	1.0	0.6786291688147437	1.0	1.0	1.0	0.728099120889861	1.0	1.0
simple	0.6143589292419388	0.29728774003764924	0.39754768082734054	0.6667969795412325	0.19031884375084288	0.18192379556876048	0.29492388528854774	0.14470269514992923	0.2020478743399531	0.1864921027703647	0.24143267965770449	0.4394897018542937	0.1682060608483836	0.21369859413404313	0.15931443754717903	0.2602560380075485	0.24768458091467083	0.3659901326714207	0.36768117436177994	0.4229793762287974	0.5719241620521028	0.18413099394338878	0.20958732846861133	0.17855673712123496	0.23888333801914358	0.22819920804667207	0.21221850677544624	0.6786291688147437	1.0	0.2889366462998845	0.1910401149550338	0.7322034805959263	0.2253739024113922	0.414184141237002	0.24032729369696917
sr	1.0	0.2202551368646955	0.6197015340359117	1.0	0.16091425207015164	0.24404200865098724	1.0	0.1111740951518587	0.21813779590072443	0.16607733853935208	1.0	1.0	0.14657938933639578	0.16230959951136892	0.1284787217032314	0.690825013654182	1.0	0.4508829919512562	1.0	1.0	1.0	0.1844849929630919	0.18091791731715498	0.15382596482549116	0.14828303370916934	0.5611027183051441	0.1304033612473628	1.0	0.2889366462998845	1.0	0.13926796670390396	1.0	0.20863792528630612	0.702644595566344	1.0
sv	0.4621290813716541	0.2511983646261281	0.14178611957522333	0.3777887145376843	0.10254407681743254	0.06959642184906965	0.15340265300231723	0.06479906219823718	0.07202625105678877	0.06505850474408412	0.12062792228738528	0.25344420362702286	0.07911864467319327	0.09590996409530148	0.060546138683903766	0.10097091586253995	0.14004027429606644	0.2189922994014592	0.30819961812030816	0.2384866943515376	0.5077466381426574	0.0733787765717757	0.07415252101002645	0.0702131868770943	0.10817086725926778	0.08487057671275859	0.0848429632741762	1.0	0.1910401149550338	0.13926796670390396	1.0	1.0	0.10739542281695788	0.3089265639981126	0.09852747658944119
te	1.0	1.0	1.0	1.0	0.5343528227450525	0.7199285383279773	1.0	0.5524062345113544	0.7221793916855704	1.0	1.0	1.0	0.598401575819597	0.7280991208898611	1.0	1.0	1.0	1.0	1.0	1.0	1.0	0.6589257440209709	1.0	1.0	0.7376607345031153	1.0	0.39740733051235566	1.0	0.7322034805959263	1.0	1.0	1.0	0.7263875964832448	1.0	1.0
vi	0.4847565853708224	0.27204356975394156	0.2564641465771614	0.38449335854660405	0.12677948648488327	0.10728185013762404	0.19145915755526755	0.08660964311851015	0.12092513299387471	0.09368029246710399	0.13954224146738978	0.3120903352918038	0.11244528139077388	0.12204734347845854	0.0990821918843228	0.1444417388397143	0.1691178623786017	0.2707035555620157	0.3766956736056017	0.3035967742100959	0.4405860012584764	0.11200879329727678	0.10191087590683529	0.107287911181933	0.12858659258385732	0.1290804646355281	0.12744251336899728	0.728099120889861	0.2253739024113922	0.20863792528630612	0.10739542281695788	0.7263875964832448	1.0	0.2734001848053195	0.14583928834495188
war	1.0	0.3074213769217606	1.0	1.0	0.3182873804113757	0.3254690808234445	0.7039424865283899	0.3130834847402693	0.5757149904020947	0.35596773357573275	0.702644595566344	1.0	0.29037871436129026	0.3527627739489711	0.35095679255641055	0.7021690135599069	0.7042230825271829	0.527523342671398	0.7091953875376781	1.0	1.0	0.3643160181064637	0.38703399876230343	0.388400951927316	0.31767088126065135	0.7014961547481128	0.3684518580346714	1.0	0.414184141237002	0.702644595566344	0.3089265639981126	1.0	0.2734001848053195	1.0	0.7019395434758631
zh	1.0	0.26259837727955615	0.6948828394802079	1.0	0.14077600565426385	0.15400340749146532	1.0	0.09621331729369081	0.18136636376959286	0.10691117693720652	1.0	1.0	0.11367675903240644	0.13563178756587396	0.09235555871464446	1.0	1.0	0.4060071416709373	1.0	1.0	1.0	0.1363765262971352	0.13836560082262372	0.12216740217521685	0.13894872135123634	0.6863733250853317	0.12124729119237779	1.0	0.24032729369696917	1.0	0.09852747658944119	1.0	0.14583928834495188	0.7019395434758631	1.0
