arz	bs	ceb	ckb	da	de	el	en	es	fr	he	hi	hu	id	it	ja	ko	lv	mk	ml	mr	nl	pl	pt	ro	ru	sh	si	simple	sr	sv	te	vi	war	zh
arz	0.14302057159200018	0.25	0.5	0.3333333333333333	0.16666666666666666	0.16669444444444442	0.14285714285714285	0.14285714285714285	0.14285714285714285	0.14285714285714285	0.16669444444444445	0.25	0.14287755102040817	0.14287755102040817	0.16666666666666666	0.16666666666666666	0.14285714285714285	0.2	0.16666666666666666	0.20003999999999997	0.25	0.14285714285714285	0.14285714285714285	0.14285714285714285	0.14289795918367348	0.14287755102040817	0.16669444444444442	1.0	0.16666666666666666	0.14285714285714285	0.16666666666666666	0.3333333333333333	0.14285714285714285	0.16666666666666666	0.14287755102040817
bs	0.25	0.10001999999999998	0.25	0.25	0.1111111111111111	0.125	0.1111111111111111	0.1	0.1111111111111111	0.1111111111111111	0.10000999999999999	0.125	0.125	0.1111111111111111	0.125	0.125	0.11112345679012345	0.125	0.16666666666666666	0.16669444444444442	0.16666666666666666	0.125	0.1111111111111111	0.1111111111111111	0.125	0.1111111111111111	0.125	0.25	0.125	0.125	0.1	0.25	0.1111111111111111	0.25	0.1111111111111111
ceb	0.5	0.25	0.077351462674878	0.3333333333333333	0.08336111111111111	0.07694082840236686	0.16666666666666666	0.07694675147928993	0.07692899408284024	0.07694082840236686	0.08338890277777777	0.11113580246913579	0.08338195833333334	0.09093388429752067	0.08334722222222221	0.09091735537190083	0.10000999999999999	0.11112345679012345	0.14285714285714285	0.20007999999999998	0.20008004	0.08334027777777778	0.07694675147928993	0.083361125	0.09092561983471073	0.07693491124260354	0.125	0.5	0.10007008007008007	0.125046875	0.07692307692307693	0.5	0.1	0.3333333333333333	0.09097521487603306
ckb	0.3333333333333333	0.25	0.3333333333333333	0.14289797959183673	0.16666666666666666	0.14285714285714285	0.2	0.14285714285714285	0.16666666666666666	0.14285714285714285	0.16666666666666666	0.16666666666666666	0.16666666666666666	0.16666666666666666	0.16666666666666666	0.16666666666666666	0.16666666666666666	0.16666666666666666	0.2	0.2	0.2	0.16666666666666666	0.16666666666666666	0.16666666666666666	0.16666666666666666	0.16666666666666666	0.2	0.5	0.2	0.16666666666666666	0.16666666666666666	0.25	0.16666666666666666	0.3333333333333333	0.16669444444444442
da	0.16666666666666666	0.1111111111111111	0.08336111111111111	0.16666666666666666	0.026385906908837395	0.03333777889000111	0.05263157894736842	0.026318559556786702	0.029414359861591695	0.028573877551020407	0.03449703329726754	0.05263157894736842	0.037046640604939646	0.033337778888888885	0.031251953124999995	0.03448632580261593	0.034485137931034485	0.05882698961937716	0.07142857142857142	0.0833541736180625	0.09092561983471073	0.033334444444444444	0.030308540863177226	0.031251953125	0.037039780521262	0.029414359861591695	0.058830449826989616	0.14285714285714285	0.037045270233196155	0.050004999999999994	0.030303948576675847	0.16666666666666666	0.0400016	0.14285714285714285	0.030315890727273646
de	0.16669444444444442	0.125	0.07694082840236686	0.14285714285714285	0.03333777889000111	0.017600055367213152	0.043478260869565216	0.017860652424107462	0.02	0.018183801983471075	0.029416955017301037	0.04348015122873346	0.03449108442449584	0.02631994459833795	0.021742911625708884	0.022728305785123963	0.027780864197530862	0.06667111111111111	0.0625	0.0625078125	0.06667556	0.024390243902439025	0.025003125624999997	0.023256895619253648	0.0312529296875	0.020836371527777776	0.05555864197530863	0.125	0.030310379248853072	0.041673611111111106	0.023255813953488372	0.10000999999999999	0.035715561224489795	0.125	0.022730888946280992
el	0.14285714285714285	0.1111111111111111	0.16666666666666666	0.2	0.05263157894736842	0.043478260869565216	0.03572321683673469	0.035715561224489795	0.041666666666666664	0.04166840277777777	0.05	0.05555555555555555	0.058823529411764705	0.047619047619047616	0.041666666666666664	0.041666666666666664	0.05	0.08333333333333333	0.09090909090909091	0.07142857142857142	0.07692307692307693	0.05	0.05000249999999999	0.041666666666666664	0.05555555555555555	0.04	0.07692307692307693	0.2	0.05263434903047091	0.05555555555555555	0.041666666666666664	0.1	0.05263157894736842	0.125	0.043482041587901706
en	0.14285714285714285	0.1	0.07694675147928993	0.14285714285714285	0.026318559556786702	0.017860652424107462	0.035715561224489795	0.00647597038426142	0.013514061358655953	0.011767336332456885	0.02273243956663223	0.02941436072750951	0.030315890726355373	0.016671390000277776	0.013700694877275474	0.015874275636180397	0.01923335798816568	0.05882698961937716	0.058830449826989616	0.052637119113573404	0.04547315911366119	0.019231139053254437	0.0200024004	0.017859375	0.026319945290858723	0.012822485536160748	0.045454545454545456	0.08333333333333333	0.024401555628798935	0.03334000111111111	0.014287143061224491	0.0625	0.027780092592592592	0.125	0.016136580646722683
es	0.14285714285714285	0.1111111111111111	0.07692899408284024	0.16666666666666666	0.029414359861591695	0.02	0.041666666666666664	0.013514061358655953	0.012997140840112671	0.015151744719926538	0.026319252077562322	0.04	0.030303948576675847	0.02325743645213629	0.018867924528301886	0.02083376736111111	0.023255813953488372	0.0625	0.06666666666666667	0.06250390624999999	0.0625	0.020833333333333332	0.02325635478637101	0.0200008	0.03125	0.016666944444444443	0.05263434903047091	0.1111111111111111	0.027779320987654316	0.03846449704142012	0.02174007561436673	0.1	0.031250976562500005	0.125	0.019231508875739642
fr	0.14285714285714285	0.1111111111111111	0.07694082840236686	0.14285714285714285	0.028573877551020407	0.018183801983471075	0.04166840277777777	0.011767336332456885	0.015151744719926538	0.011401208561973887	0.02439321891731112	0.037037037037037035	0.030305785123966943	0.020834635416666667	0.01851954732510288	0.01960861207227989	0.020409829237817576	0.0625	0.058823529411764705	0.055561728395061724	0.05000249999999999	0.02083376736111111	0.022224691358024688	0.020410245730945437	0.029412629757785465	0.016394249395592853	0.05000249999999999	0.1	0.027782408179012345	0.03846745857988166	0.021741021267013706	0.08333333333333333	0.03125	0.125	0.017548477993228683
he	0.16669444444444445	0.10000999999999999	0.08338890277777777	0.16666666666666666	0.03449703329726754	0.029416955017301037	0.05	0.02273243956663223	0.026319252077562322	0.02439321891731112	0.022322433193226132	0.05263157894736842	0.038477813609467455	0.02857796081632653	0.029414361593427335	0.0312529296875	0.03333666666666667	0.0625	0.07143367346938775	0.08336112500694444	0.09094214876033059	0.030304866850321393	0.03334000111111111	0.025003124999999998	0.0370425253786022	0.025005625	0.05557099074074074	0.14285714285714285	0.03572704592219643	0.04762585260770975	0.03333777777777778	0.16666666666666666	0.03571811224489796	0.14285714285714285	0.02778781095756173
hi	0.25	0.125	0.11113580246913579	0.16666666666666666	0.05263157894736842	0.04348015122873346	0.05555555555555555	0.02941436072750951	0.04	0.037037037037037035	0.05263157894736842	0.029439474947276868	0.05555864197530863	0.038463017751479284	0.043478260869565216	0.04	0.047621315192743756	0.07142857142857142	0.08333333333333333	0.06250390624999999	0.047628117913832195	0.05263157894736842	0.047621315192743756	0.047621315192743756	0.05555555555555555	0.038465979291420115	0.07692307692307693	0.14285714285714285	0.05000249999999999	0.06250390624999999	0.04	0.0625	0.05555555555555555	0.16666666666666666	0.045454545454545456
hu	0.14287755102040817	0.125	0.08338195833333334	0.16666666666666666	0.037046640604939646	0.03449108442449584	0.058823529411764705	0.030315890726355373	0.030303948576675847	0.030305785123966943	0.038477813609467455	0.05555864197530863	0.030413641633301607	0.03846745710059171	0.03571811352168495	0.03571811224489796	0.03704115226337448	0.06667111111111111	0.07142857142857142	0.08336111111111111	0.08335416666666667	0.03448632580261593	0.03448632580261593	0.034482758620689655	0.038468934911242605	0.03030670431588613	0.055561728395061724	0.14285714285714285	0.03847485799260503	0.0500100025	0.03448394768133174	0.2	0.045454545454545456	0.125	0.032268471383975025
id	0.14287755102040817	0.1111111111111111	0.09093388429752067	0.16666666666666666	0.033337778888888885	0.02631994459833795	0.047619047619047616	0.016671390000277776	0.02325743645213629	0.020834635416666667	0.02857796081632653	0.038463017751479284	0.03846745710059171	0.016721288627420495	0.025643656147929652	0.025001249999999996	0.027029218407596787	0.06250390624999999	0.06666666666666667	0.06667555555555557	0.0625078125	0.029414359861591695	0.029411764705882353	0.02631994459833795	0.03333666666666667	0.021278406971933454	0.05882698961937716	0.14285714285714285	0.034492274674198575	0.045454545454545456	0.02857306122448979	0.09090909090909091	0.0312509765625	0.125	0.02273347262448347
it	0.16666666666666666	0.125	0.08334722222222221	0.16666666666666666	0.031251953124999995	0.021742911625708884	0.041666666666666664	0.013700694877275474	0.018867924528301886	0.01851954732510288	0.029414361593427335	0.043478260869565216	0.03571811352168495	0.025643656147929652	0.012217176766680882	0.019230769230769232	0.02564168310322156	0.0625	0.0625	0.06250390624999999	0.06667556000000001	0.023810657596371878	0.023810090702947845	0.022728822314049588	0.02857142857142857	0.01818214876033058	0.05263434903047091	0.1	0.0312529296875	0.038465976331360945	0.016950014363688596	0.1	0.030306703397612485	0.125	0.022223703703703704
ja	0.16666666666666666	0.125	0.09091735537190083	0.16666666666666666	0.03448632580261593	0.022728305785123963	0.041666666666666664	0.015874275636180397	0.02083376736111111	0.01960861207227989	0.0312529296875	0.04	0.03571811224489796	0.025001249999999996	0.019230769230769232	0.01564578104766781	0.023810090702947845	0.06667111111111111	0.0625	0.0625	0.0625	0.026317174515235454	0.027027757487216943	0.02702848794740686	0.03225806451612903	0.021739130434782608	0.05555555555555555	0.1111111111111111	0.029415225778546716	0.04166840277777777	0.02127659574468085	0.09090909090909091	0.029412629757785465	0.125	0.022225185185185185
ko	0.14285714285714285	0.11112345679012345	0.10000999999999999	0.16666666666666666	0.034485137931034485	0.027780864197530862	0.05	0.01923335798816568	0.023255813953488372	0.020409829237817576	0.03333666666666667	0.047621315192743756	0.03704115226337448	0.027029218407596787	0.02564168310322156	0.023810090702947845	0.017585823901233977	0.06250390624999999	0.06250390624999999	0.08334027777777778	0.07694082840236686	0.031250976562500005	0.0312509765625	0.029412629757785465	0.038463017751479284	0.02439202914931588	0.05555555555555555	0.1111111111111111	0.03226326951092612	0.05000249999999999	0.027778549382716046	0.14285714285714285	0.03333333333333333	0.125	0.02128021729289271
lv	0.2	0.125	0.11112345679012345	0.16666666666666666	0.05882698961937716	0.06667111111111111	0.08333333333333333	0.05882698961937716	0.0625	0.0625	0.0625	0.07142857142857142	0.06667111111111111	0.06250390624999999	0.0625	0.06667111111111111	0.06250390624999999	0.05884775432525951	0.08333333333333333	0.1111111111111111	0.11112345679012345	0.0625	0.058823529411764705	0.058823529411764705	0.05882698961937716	0.05882698961937716	0.07142857142857142	0.2	0.06667111111111111	0.06250390624999999	0.058823529411764705	0.2	0.0625	0.16666666666666666	0.0625
mk	0.16666666666666666	0.16666666666666666	0.14285714285714285	0.2	0.07142857142857142	0.0625	0.09090909090909091	0.058830449826989616	0.06666666666666667	0.058823529411764705	0.07143367346938775	0.08333333333333333	0.07142857142857142	0.06666666666666667	0.0625	0.0625	0.06250390624999999	0.08333333333333333	0.05562046927177495	0.125	0.14285714285714285	0.058823529411764705	0.0625078125	0.06666666666666667	0.06250390624999999	0.06250390624999999	0.07692307692307693	0.2	0.07143367346938775	0.06667111111111111	0.06667111556000445	0.25	0.06666666666666667	0.125	0.06251171875
ml	0.20003999999999997	0.16669444444444442	0.20007999999999998	0.2	0.0833541736180625	0.0625078125	0.07142857142857142	0.052637119113573404	0.06250390624999999	0.055561728395061724	0.08336112500694444	0.06250390624999999	0.08336111111111111	0.06667555555555557	0.06250390624999999	0.0625	0.08334027777777778	0.1111111111111111	0.125	0.0527648621954495	0.07145409694898469	0.07143367857653572	0.06668	0.07142857142857142	0.07692899408284024	0.055561731484570984	0.125	0.2	0.07695267455621302	0.09092561983471074	0.06667555555555556	0.08333333333333333	0.09091735537190082	0.16666666666666666	0.07694082840236686
mr	0.25	0.16666666666666666	0.20008004	0.2	0.09092561983471073	0.06667556	0.07692307692307693	0.04547315911366119	0.0625	0.05000249999999999	0.09094214876033059	0.047628117913832195	0.08335416666666667	0.0625078125	0.06667556000000001	0.0625	0.07694082840236686	0.11112345679012345	0.14285714285714285	0.07145409694898469	0.045676697491477694	0.07692899408284024	0.0714387806122449	0.07692307692307693	0.08338197919445833	0.0500075	0.1111111111111111	0.16666666666666666	0.08336807640974307	0.10005006006006006	0.06250390624999999	0.07692899408284024	0.10000999999999999	0.20003999999999997	0.07697635505327814
nl	0.14285714285714285	0.125	0.08334027777777778	0.16666666666666666	0.033334444444444444	0.024390243902439025	0.05	0.019231139053254437	0.020833333333333332	0.02083376736111111	0.030304866850321393	0.05263157894736842	0.03448632580261593	0.029414359861591695	0.023810657596371878	0.026317174515235454	0.031250976562500005	0.0625	0.058823529411764705	0.07143367857653572	0.07692899408284024	0.018890014966187973	0.027777777777777776	0.026319945290858723	0.03225806451612903	0.02222469185234617	0.047621315192743756	0.125	0.033334444444444444	0.04167013888888889	0.02564168310322156	0.14285714285714285	0.03571683673469388	0.125	0.02631786703601108
pl	0.14285714285714285	0.1111111111111111	0.07694675147928993	0.16666666666666666	0.030308540863177226	0.025003125624999997	0.05000249999999999	0.0200024004	0.02325635478637101	0.022224691358024688	0.03334000111111111	0.047621315192743756	0.03448632580261593	0.029411764705882353	0.023810090702947845	0.027027757487216943	0.0312509765625	0.058823529411764705	0.0625078125	0.06668	0.0714387806122449	0.027777777777777776	0.019277483261386976	0.027777777777777776	0.0312529296875	0.022224197530864197	0.05263157894736842	0.125	0.03227055463059313	0.041671875	0.02564365614727153	0.125	0.037037037037037035	0.125	0.0277862700625
pt	0.14285714285714285	0.1111111111111111	0.083361125	0.16666666666666666	0.031251953125	0.023256895619253648	0.041666666666666664	0.017859375	0.0200008	0.020410245730945437	0.025003124999999998	0.047621315192743756	0.034482758620689655	0.02631994459833795	0.022728822314049588	0.02702848794740686	0.029412629757785465	0.058823529411764705	0.06666666666666667	0.07142857142857142	0.07692307692307693	0.026319945290858723	0.027777777777777776	0.01728489239618595	0.030303030303030304	0.019232988905325443	0.05000249999999999	0.125	0.0294204160899654	0.038463017751479284	0.02564168310322156	0.125	0.03571811224489796	0.125	0.023259600865873448
ro	0.14289795918367348	0.125	0.09092561983471073	0.16666666666666666	0.037039780521262	0.0312529296875	0.05555555555555555	0.026319945290858723	0.03125	0.029412629757785465	0.0370425253786022	0.05555555555555555	0.038468934911242605	0.03333666666666667	0.02857142857142857	0.03225806451612903	0.038463017751479284	0.05882698961937716	0.06250390624999999	0.07692899408284024	0.08338197919445833	0.03225806451612903	0.0312529296875	0.030303030303030304	0.026359486951696272	0.027781636574074068	0.05555555555555555	0.16666666666666666	0.041666666666666664	0.041671875	0.030303030303030304	0.16666666666666666	0.04	0.125	0.03448870630321166
ru	0.14287755102040817	0.1111111111111111	0.07693491124260354	0.16666666666666666	0.029414359861591695	0.020836371527777776	0.04	0.012822485536160748	0.016666944444444443	0.016394249395592853	0.025005625	0.038465979291420115	0.03030670431588613	0.021278406971933454	0.01818214876033058	0.021739130434782608	0.02439202914931588	0.05882698961937716	0.06250390624999999	0.055561731484570984	0.0500075	0.02222469185234617	0.022224197530864197	0.019232988905325443	0.027781636574074068	0.01209073213851667	0.05	0.1	0.02632618213643006	0.03703840877914952	0.019231878698224854	0.08333333333333333	0.030303948576675847	0.125	0.020006001200399998
sh	0.16669444444444442	0.125	0.125	0.2	0.058830449826989616	0.05555864197530863	0.07692307692307693	0.045454545454545456	0.05263434903047091	0.05000249999999999	0.05557099074074074	0.07692307692307693	0.055561728395061724	0.05882698961937716	0.05263434903047091	0.05555555555555555	0.05555555555555555	0.07142857142857142	0.07692307692307693	0.125	0.1111111111111111	0.047621315192743756	0.05263157894736842	0.05000249999999999	0.05555555555555555	0.05	0.045493826469024806	0.14285714285714285	0.058823529411764705	0.05000249999999999	0.05555555555555555	0.25	0.058823529411764705	0.14285714285714285	0.050004999999999994
si	1.0	0.25	0.5	0.5	0.14285714285714285	0.125	0.2	0.08333333333333333	0.1111111111111111	0.1	0.14285714285714285	0.14285714285714285	0.14285714285714285	0.14285714285714285	0.1	0.1111111111111111	0.1111111111111111	0.2	0.2	0.2	0.16666666666666666	0.125	0.125	0.125	0.16666666666666666	0.1	0.14285714285714285	0.08334722222222221	0.14285714285714285	0.16666666666666666	0.1111111111111111	0.25	0.16666666666666666	0.5	0.1
simple	0.16666666666666666	0.125	0.10007008007008007	0.2	0.037045270233196155	0.030310379248853072	0.05263434903047091	0.024401555628798935	0.027779320987654316	0.027782408179012345	0.03572704592219643	0.05000249999999999	0.03847485799260503	0.034492274674198575	0.0312529296875	0.029415225778546716	0.03226326951092612	0.06667111111111111	0.07143367346938775	0.07695267455621302	0.08336807640974307	0.033334444444444444	0.03227055463059313	0.0294204160899654	0.041666666666666664	0.02632618213643006	0.058823529411764705	0.14285714285714285	0.024556751183027088	0.04546487603305784	0.03226118626430802	0.125	0.0400048	0.14285714285714285	0.027797859588750785
sr	0.14285714285714285	0.125	0.125046875	0.16666666666666666	0.050004999999999994	0.041673611111111106	0.05555555555555555	0.03334000111111111	0.03846449704142012	0.03846745857988166	0.04762585260770975	0.06250390624999999	0.0500100025	0.045454545454545456	0.038465976331360945	0.04166840277777777	0.05000249999999999	0.06250390624999999	0.06667111111111111	0.09092561983471074	0.10005006006006006	0.04167013888888889	0.041671875	0.038463017751479284	0.041671875	0.03703840877914952	0.05000249999999999	0.16666666666666666	0.04546487603305784	0.03343924118619004	0.045456611570247926	0.14285714285714285	0.05000249999999999	0.125	0.0400112016016016
sv	0.16666666666666666	0.1	0.07692307692307693	0.16666666666666666	0.030303948576675847	0.023255813953488372	0.041666666666666664	0.014287143061224491	0.02174007561436673	0.021741021267013706	0.03333777777777778	0.04	0.03448394768133174	0.02857306122448979	0.016950014363688596	0.02127659574468085	0.027778549382716046	0.058823529411764705	0.06667111556000445	0.06667555555555556	0.06250390624999999	0.02564168310322156	0.02564365614727153	0.02564168310322156	0.030303030303030304	0.019231878698224854	0.05555555555555555	0.1111111111111111	0.03226118626430802	0.045456611570247926	0.012529444847567621	0.1	0.033335555555555556	0.14285714285714285	0.025005625625
te	0.3333333333333333	0.25	0.5	0.25	0.16666666666666666	0.10000999999999999	0.1	0.0625	0.1	0.08333333333333333	0.16666666666666666	0.0625	0.2	0.09090909090909091	0.1	0.09090909090909091	0.14285714285714285	0.2	0.25	0.08333333333333333	0.07692899408284024	0.14285714285714285	0.125	0.125	0.16666666666666666	0.08333333333333333	0.25	0.25	0.125	0.14285714285714285	0.1	0.06254690626563672	0.16666666666666666	0.25006249999999997	0.12501564064064064
vi	0.14285714285714285	0.1111111111111111	0.1	0.16666666666666666	0.0400016	0.035715561224489795	0.05263157894736842	0.027780092592592592	0.031250976562500005	0.03125	0.03571811224489796	0.05555555555555555	0.045454545454545456	0.0312509765625	0.030306703397612485	0.029412629757785465	0.03333333333333333	0.0625	0.06666666666666667	0.09091735537190082	0.10000999999999999	0.03571683673469388	0.037037037037037035	0.03571811224489796	0.04	0.030303948576675847	0.058823529411764705	0.16666666666666666	0.0400048	0.05000249999999999	0.033335555555555556	0.16666666666666666	0.02781099849695298	0.125	0.031251953124999995
war	0.16666666666666666	0.25	0.3333333333333333	0.3333333333333333	0.14285714285714285	0.125	0.125	0.125	0.125	0.125	0.14285714285714285	0.16666666666666666	0.125	0.125	0.125	0.125	0.125	0.16666666666666666	0.125	0.16666666666666666	0.20003999999999997	0.125	0.125	0.125	0.125	0.125	0.14285714285714285	0.5	0.14285714285714285	0.125	0.14285714285714285	0.25006249999999997	0.125	0.125015625	0.125
zh	0.14287755102040817	0.1111111111111111	0.09097521487603306	0.16669444444444442	0.030315890727273646	0.022730888946280992	0.043482041587901706	0.016136580646722683	0.019231508875739642	0.017548477993228683	0.02778781095756173	0.045454545454545456	0.032268471383975025	0.02273347262448347	0.022223703703703704	0.022225185185185185	0.02128021729289271	0.0625	0.06251171875	0.07694082840236686	0.07697635505327814	0.02631786703601108	0.0277862700625	0.023259600865873448	0.03448870630321166	0.020006001200399998	0.050004999999999994	0.1	0.027797859588750785	0.0400112016016016	0.025005625625	0.12501564064064064	0.031251953124999995	0.125	0.015272747390035793
