arz	bs	ceb	ckb	da	de	el	en	es	fr	he	hi	hu	id	it	ja	ko	lv	mk	ml	mr	nl	pl	pt	ro	ru	sh	si	simple	sr	sv	te	vi	war	zh
arz	1.0	0.0	0.0	0.0	0.0	0.005291005291005291	0.0	0.0	0.0	0.0	0.004784688995215311	0.0	0.007874015748031496	0.0049261083743842365	0.0	0.0	0.0	0.0	0.0	0.01818181818181818	0.0	0.0	0.0	0.0	0.028985507246376812	0.0033444816053511705	0.038461538461538464	0.0	0.0	0.0	0.0	0.0	0.0	0.0	0.0018832391713747645
bs	0.0	1.0	0.0	0.0	0.0	0.0	0.0	0.0	0.0	0.0	0.0049261083743842365	0.0	0.0	0.0	0.0	0.0	0.0072992700729927005	0.0	0.0	0.02040816326530612	0.0	0.0	0.0	0.0	0.0	0.0	0.0	0.0	0.0	0.0	0.0	0.0	0.0	0.0	0.0
ceb	0.0	0.0	1.0	0.0	0.023668639053254437	0.01195219123505976	0.0	0.0024227740763173833	0.007633587786259542	0.008356545961002786	0.03007518796992481	0.0196078431372549	0.03783783783783784	0.011320754716981131	0.009174311926605505	0.00641025641025641	0.004830917874396135	0.01282051282051282	0.0	0.01694915254237288	0.011299435028248588	0.007518796992481203	0.020618556701030927	0.018691588785046728	0.015037593984962405	0.0055248618784530384	0.0	0.0	0.02040816326530612	0.018292682926829267	0.0	0.0	0.0	0.0	0.013605442176870748
ckb	0.0	0.0	0.0	1.0	0.0	0.0	0.0	0.0	0.0	0.0	0.0	0.0	0.0	0.0	0.0	0.0	0.0	0.0	0.0	0.0	0.0	0.0	0.0	0.0	0.0	0.0	0.0	0.0	0.0	0.0	0.0	0.0	0.0	0.0	0.0019047619047619048
da	0.0	0.0	0.023668639053254437	0.0	1.0	0.014336917562724014	0.0	0.002380952380952381	0.0189873417721519	0.007731958762886598	0.041237113402061855	0.0	0.03271028037383177	0.013651877133105802	0.008097165991902834	0.01639344262295082	0.00851063829787234	0.009345794392523364	0.0	0.02054794520547945	0.009708737864077669	0.006172839506172839	0.027149321266968326	0.00816326530612245	0.012345679012345678	0.007692307692307693	0.01694915254237288	0.0	0.0160857908847185	0.010309278350515464	0.003472222222222222	0.0	0.006993006993006993	0.0	0.022913256955810146
de	0.005291005291005291	0.0	0.01195219123505976	0.0	0.014336917562724014	1.0	0.0	0.006271379703534778	0.0	0.012875536480686695	0.015873015873015872	0.004694835680751174	0.023728813559322035	0.016129032258064516	0.024844720496894408	0.007547169811320755	0.012738853503184714	0.005319148936170213	0.0	0.008771929824561403	0.006968641114982578	0.0	0.0165016501650165	0.006134969325153374	0.012396694214876033	0.014989293361884369	0.005	0.0	0.017699115044247787	0.014652014652014652	0.0	0.0051813471502590676	0.004464285714285714	0.0	0.010014306151645207
el	0.0	0.0	0.0	0.0	0.0	0.0	1.0	0.0006293266205160479	0.0	0.0033783783783783786	0.0	0.0	0.0	0.0	0.0	0.0	0.0	0.0	0.0	0.0	0.0	0.0	0.007575757575757576	0.0	0.0	0.0	0.0	0.0	0.0035211267605633804	0.0	0.0	0.0	0.0	0.0	0.003780718336483932
en	0.0	0.0	0.0024227740763173833	0.0	0.002380952380952381	0.006271379703534778	0.0006293266205160479	1.0	0.001829268292682927	0.010248112189859764	0.005633802816901409	0.0018610421836228288	0.008288928359976317	0.009648127128263337	0.006395348837209302	0.003006614552014432	0.0040887850467289715	0.0006293266205160479	0.0012484394506866417	0.0012277470841006752	0.005353955978584176	0.0006082725060827251	0.0035231943628890195	0.0040650406504065045	0.003658536585365854	0.00644122383252818	0.0	0.0	0.01031487513572204	0.0035885167464114833	0.003968253968253968	0.0	0.0018484288354898336	0.0	0.01395572666025024
es	0.0	0.0	0.007633587786259542	0.0	0.0189873417721519	0.0	0.0	0.001829268292682927	1.0	0.0028653295128939827	0.019455252918287938	0.0	0.00558659217877095	0.011857707509881422	0.0	0.006944444444444444	0.0	0.0	0.0	0.009345794392523364	0.0	0.0	0.005405405405405406	0.00980392156862745	0.0	0.002849002849002849	0.01282051282051282	0.0	0.005952380952380952	0.013071895424836602	0.008130081300813009	0.0	0.00980392156862745	0.0	0.003436426116838488
fr	0.0	0.0	0.008356545961002786	0.0	0.007731958762886598	0.012875536480686695	0.0033783783783783786	0.010248112189859764	0.0028653295128939827	1.0	0.01026694045174538	0.0	0.007371007371007371	0.006211180124223602	0.006896551724137931	0.005361930294906166	0.009478672985781991	0.0	0.0	0.005952380952380952	0.0025252525252525255	0.002849002849002849	0.012165450121654502	0.01160092807424594	0.002840909090909091	0.0051813471502590676	0.003246753246753247	0.0	0.010676156583629894	0.010498687664041995	0.008438818565400843	0.0	0.0	0.0	0.01877346683354193
he	0.004784688995215311	0.0049261083743842365	0.03007518796992481	0.0	0.041237113402061855	0.015873015873015872	0.0	0.005633802816901409	0.019455252918287938	0.01026694045174538	1.0	0.0	0.03536977491961415	0.020512820512820513	0.008645533141210375	0.01056338028169014	0.008955223880597015	0.0	0.0045045045045045045	0.016260162601626018	0.013114754098360656	0.007633587786259542	0.018633540372670808	0.014577259475218658	0.01532567049808429	0.018556701030927835	0.023148148148148147	0.0	0.02127659574468085	0.01020408163265306	0.010362694300518135	0.0	0.012396694214876033	0.0	0.0182328190743338
hi	0.0	0.0	0.0196078431372549	0.0	0.0	0.004694835680751174	0.0	0.0018610421836228288	0.0	0.0	0.0	1.0	0.006622516556291391	0.004405286343612335	0.0	0.0	0.005988023952095809	0.0	0.0	0.012658227848101266	0.02962962962962963	0.0	0.006369426751592357	0.005649717514124294	0.0	0.009345794392523364	0.0	0.0	0.003236245954692557	0.007936507936507936	0.0	0.0	0.0	0.0	0.0
hu	0.007874015748031496	0.0	0.03783783783783784	0.0	0.03271028037383177	0.023728813559322035	0.0	0.008288928359976317	0.00558659217877095	0.007371007371007371	0.03536977491961415	0.006622516556291391	1.0	0.01282051282051282	0.011320754716981131	0.01485148514851485	0.011857707509881422	0.007936507936507936	0.0	0.024390243902439025	0.013392857142857142	0.01675977653631285	0.012345679012345678	0.0	0.028089887640449437	0.00980392156862745	0.014598540145985401	0.0	0.02313624678663239	0.018957345971563982	0.003257328990228013	0.0	0.0	0.0	0.015772870662460567
id	0.0049261083743842365	0.0	0.011320754716981131	0.0	0.013651877133105802	0.016129032258064516	0.0	0.009648127128263337	0.011857707509881422	0.006211180124223602	0.020512820512820513	0.004405286343612335	0.01282051282051282	1.0	0.011764705882352941	0.007168458781362007	0.00911854103343465	0.0049504950495049506	0.0	0.008264462809917356	0.006644518272425249	0.011764705882352941	0.0	0.017857142857142856	0.01171875	0.008264462809917356	0.004672897196261682	0.0	0.017167381974248927	0.0	0.005235602094240838	0.0	0.004201680672268907	0.0	0.01694915254237288
it	0.0	0.0	0.009174311926605505	0.0	0.008097165991902834	0.024844720496894408	0.0	0.006395348837209302	0.0	0.006896551724137931	0.008645533141210375	0.0	0.011320754716981131	0.011764705882352941	1.0	0.0	0.0035335689045936395	0.0	0.0	0.005128205128205128	0.007905138339920948	0.009615384615384616	0.003663003663003663	0.010309278350515464	0.0	0.002277904328018223	0.006024096385542169	0.0	0.0070921985815602835	0.0125	0.009009009009009009	0.0	0.0213903743315508	0.0	0.004484304932735426
ja	0.0	0.0	0.00641025641025641	0.0	0.01639344262295082	0.007547169811320755	0.0	0.003006614552014432	0.006944444444444444	0.005361930294906166	0.01056338028169014	0.0	0.01485148514851485	0.007168458781362007	0.0	1.0	0.004545454545454545	0.01098901098901099	0.0	0.0	0.0	0.013793103448275862	0.004761904761904762	0.008733624454148471	0.0	0.0	0.0	0.0	0.011142061281337047	0.00558659217877095	0.0	0.0	0.007874015748031496	0.0	0.009950248756218905
ko	0.0	0.0072992700729927005	0.004830917874396135	0.0	0.00851063829787234	0.012738853503184714	0.0	0.0040887850467289715	0.0	0.009478672985781991	0.008955223880597015	0.005988023952095809	0.011857707509881422	0.00911854103343465	0.0035335689045936395	0.004545454545454545	1.0	0.007042253521126761	0.00641025641025641	0.00546448087431694	0.0125	0.005076142131979695	0.0038314176245210726	0.0035587188612099642	0.005050505050505051	0.007058823529411765	0.0	0.0	0.012224938875305624	0.004347826086956522	0.0030959752321981426	0.0	0.0	0.0	0.012269938650306749
lv	0.0	0.0	0.01282051282051282	0.0	0.009345794392523364	0.005319148936170213	0.0	0.0006293266205160479	0.0	0.0	0.0	0.0	0.007936507936507936	0.0049504950495049506	0.0	0.01098901098901099	0.007042253521126761	1.0	0.0	0.0	0.008849557522123894	0.0	0.0	0.0	0.014492753623188406	0.003355704697986577	0.0	0.0	0.0035211267605633804	0.009900990099009901	0.0	0.0	0.0	0.0	0.0
mk	0.0	0.0	0.0	0.0	0.0	0.0	0.0	0.0012484394506866417	0.0	0.0	0.0045045045045045045	0.0	0.0	0.0	0.0	0.0	0.00641025641025641	0.0	1.0	0.0	0.0	0.0	0.013793103448275862	0.0	0.012048192771084338	0.003205128205128205	0.0	0.0	0.003355704697986577	0.008695652173913044	0.004807692307692308	0.0	0.0	0.0	0.005535055350553505
ml	0.01818181818181818	0.02040816326530612	0.01694915254237288	0.0	0.02054794520547945	0.008771929824561403	0.0	0.0012277470841006752	0.009345794392523364	0.005952380952380952	0.016260162601626018	0.012658227848101266	0.024390243902439025	0.008264462809917356	0.005128205128205128	0.0	0.00546448087431694	0.0	0.0	1.0	0.03333333333333333	0.009174311926605505	0.017543859649122806	0.0	0.00909090909090909	0.005917159763313609	0.0	0.0	0.01557632398753894	0.014184397163120567	0.008547008547008548	0.0	0.011111111111111112	0.0	0.005272407732864675
mr	0.0	0.0	0.011299435028248588	0.0	0.009708737864077669	0.006968641114982578	0.0	0.005353955978584176	0.0	0.0025252525252525255	0.013114754098360656	0.02962962962962963	0.013392857142857142	0.006644518272425249	0.007905138339920948	0.0	0.0125	0.008849557522123894	0.0	0.03333333333333333	1.0	0.005952380952380952	0.008658008658008658	0.0	0.04294478527607362	0.007575757575757576	0.0	0.0	0.013157894736842105	0.025380710659898477	0.003401360544217687	0.00847457627118644	0.006711409395973154	0.009345794392523364	0.014469453376205787
nl	0.0	0.0	0.007518796992481203	0.0	0.006172839506172839	0.0	0.0	0.0006082725060827251	0.0	0.002849002849002849	0.007633587786259542	0.0	0.01675977653631285	0.011764705882352941	0.009615384615384616	0.013793103448275862	0.005076142131979695	0.0	0.0	0.009174311926605505	0.005952380952380952	1.0	0.0	0.0297029702970297	0.0	0.014326647564469915	0.0125	0.0	0.0029498525073746312	0.012903225806451613	0.004016064257028112	0.0	0.019417475728155338	0.0	0.005145797598627788
pl	0.0	0.0	0.020618556701030927	0.0	0.027149321266968326	0.0165016501650165	0.007575757575757576	0.0035231943628890195	0.005405405405405406	0.012165450121654502	0.018633540372670808	0.006369426751592357	0.012345679012345678	0.0	0.003663003663003663	0.004761904761904762	0.0038314176245210726	0.0	0.013793103448275862	0.017543859649122806	0.008658008658008658	0.0	1.0	0.0	0.016129032258064516	0.00966183574879227	0.0	0.0	0.030612244897959183	0.013761467889908258	0.012903225806451613	0.0	0.0	0.0	0.017214397496087636
pt	0.0	0.0	0.018691588785046728	0.0	0.00816326530612245	0.006134969325153374	0.0	0.0040650406504065045	0.00980392156862745	0.01160092807424594	0.014577259475218658	0.005649717514124294	0.0	0.017857142857142856	0.010309278350515464	0.008733624454148471	0.0035587188612099642	0.0	0.0	0.0	0.0	0.0297029702970297	0.0	1.0	0.0	0.013888888888888888	0.006097560975609756	0.0	0.024154589371980676	0.004166666666666667	0.003003003003003003	0.0	0.016129032258064516	0.0	0.010558069381598794
ro	0.028985507246376812	0.0	0.015037593984962405	0.0	0.012345679012345678	0.012396694214876033	0.0	0.003658536585365854	0.0	0.002840909090909091	0.01532567049808429	0.0	0.028089887640449437	0.01171875	0.0	0.0	0.005050505050505051	0.014492753623188406	0.012048192771084338	0.00909090909090909	0.04294478527607362	0.0	0.016129032258064516	0.0	1.0	0.014285714285714285	0.0	0.0	0.0	0.01935483870967742	0.0	0.0	0.0	0.0	0.00859106529209622
ru	0.0033444816053511705	0.0	0.0055248618784530384	0.0	0.007692307692307693	0.014989293361884369	0.0	0.00644122383252818	0.002849002849002849	0.0051813471502590676	0.018556701030927835	0.009345794392523364	0.00980392156862745	0.008264462809917356	0.002277904328018223	0.0	0.007058823529411765	0.003355704697986577	0.003205128205128205	0.005917159763313609	0.007575757575757576	0.014326647564469915	0.00966183574879227	0.013888888888888888	0.014285714285714285	1.0	0.0	0.0	0.02702702702702703	0.0025906735751295338	0.006289308176100629	0.0	0.0029940119760479044	0.0	0.018726591760299626
sh	0.038461538461538464	0.0	0.0	0.0	0.01694915254237288	0.005	0.0	0.0	0.01282051282051282	0.003246753246753247	0.023148148148148147	0.0	0.014598540145985401	0.004672897196261682	0.006024096385542169	0.0	0.0	0.0	0.0	0.0	0.0	0.0125	0.0	0.006097560975609756	0.0	0.0	1.0	0.0	0.0	0.008849557522123894	0.0	0.0	0.0	0.0	0.0036968576709796672
si	0.0	0.0	0.0	0.0	0.0	0.0	0.0	0.0	0.0	0.0	0.0	0.0	0.0	0.0	0.0	0.0	0.0	0.0	0.0	0.0	0.0	0.0	0.0	0.0	0.0	0.0	0.0	1.0	0.0	0.0	0.0	0.0	0.0	0.0	0.0
simple	0.0	0.0	0.02040816326530612	0.0	0.0160857908847185	0.017699115044247787	0.0035211267605633804	0.01031487513572204	0.005952380952380952	0.010676156583629894	0.02127659574468085	0.003236245954692557	0.02313624678663239	0.017167381974248927	0.0070921985815602835	0.011142061281337047	0.012224938875305624	0.0035211267605633804	0.003355704697986577	0.01557632398753894	0.013157894736842105	0.0029498525073746312	0.030612244897959183	0.024154589371980676	0.0	0.02702702702702703	0.0	0.0	1.0	0.01358695652173913	0.0064794816414686825	0.0	0.009433962264150943	0.0	0.03350515463917526
sr	0.0	0.0	0.018292682926829267	0.0	0.010309278350515464	0.014652014652014652	0.0	0.0035885167464114833	0.013071895424836602	0.010498687664041995	0.01020408163265306	0.007936507936507936	0.018957345971563982	0.0	0.0125	0.00558659217877095	0.004347826086956522	0.009900990099009901	0.008695652173913044	0.014184397163120567	0.025380710659898477	0.012903225806451613	0.013761467889908258	0.004166666666666667	0.01935483870967742	0.0025906735751295338	0.008849557522123894	0.0	0.01358695652173913	1.0	0.0035460992907801418	0.0	0.0072992700729927005	0.0	0.011437908496732025
sv	0.0	0.0	0.0	0.0	0.003472222222222222	0.0	0.0	0.003968253968253968	0.008130081300813009	0.008438818565400843	0.010362694300518135	0.0	0.003257328990228013	0.005235602094240838	0.009009009009009009	0.0	0.0030959752321981426	0.0	0.004807692307692308	0.008547008547008548	0.003401360544217687	0.004016064257028112	0.012903225806451613	0.003003003003003003	0.0	0.006289308176100629	0.0	0.0	0.0064794816414686825	0.0035460992907801418	1.0	0.0	0.008733624454148471	0.0	0.012802275960170697
te	0.0	0.0	0.0	0.0	0.0	0.0051813471502590676	0.0	0.0	0.0	0.0	0.0	0.0	0.0	0.0	0.0	0.0	0.0	0.0	0.0	0.0	0.00847457627118644	0.0	0.0	0.0	0.0	0.0	0.0	0.0	0.0	0.0	0.0	1.0	0.0	0.08333333333333333	0.001869158878504673
vi	0.0	0.0	0.0	0.0	0.006993006993006993	0.004464285714285714	0.0	0.0018484288354898336	0.00980392156862745	0.0	0.012396694214876033	0.0	0.0	0.004201680672268907	0.0213903743315508	0.007874015748031496	0.0	0.0	0.0	0.011111111111111112	0.006711409395973154	0.019417475728155338	0.0	0.016129032258064516	0.0	0.0029940119760479044	0.0	0.0	0.009433962264150943	0.0072992700729927005	0.008733624454148471	0.0	1.0	0.0	0.0035398230088495575
war	0.0	0.0	0.0	0.0	0.0	0.0	0.0	0.0	0.0	0.0	0.0	0.0	0.0	0.0	0.0	0.0	0.0	0.0	0.0	0.0	0.009345794392523364	0.0	0.0	0.0	0.0	0.0	0.0	0.0	0.0	0.0	0.0	0.08333333333333333	0.0	1.0	0.0
zh	0.0018832391713747645	0.0	0.013605442176870748	0.0019047619047619048	0.022913256955810146	0.010014306151645207	0.003780718336483932	0.01395572666025024	0.003436426116838488	0.01877346683354193	0.0182328190743338	0.0	0.015772870662460567	0.01694915254237288	0.004484304932735426	0.009950248756218905	0.012269938650306749	0.0	0.005535055350553505	0.005272407732864675	0.014469453376205787	0.005145797598627788	0.017214397496087636	0.010558069381598794	0.00859106529209622	0.018726591760299626	0.0036968576709796672	0.0	0.03350515463917526	0.011437908496732025	0.012802275960170697	0.001869158878504673	0.0035398230088495575	0.0	1.0
