arz	bs	ceb	ckb	da	de	el	en	es	fr	he	hi	hu	id	it	ja	ko	lv	mk	ml	mr	nl	pl	pt	ro	ru	sh	si	simple	sr	sv	te	vi	war	zh
arz	1.0	0.029850746268656716	0.0	0.0	0.0	0.0	0.019230769230769232	0.0	0.014925373134328358	0.0	0.05555555555555555	0.0	0.02247191011235955	0.03225806451612903	0.008	0.012658227848101266	0.0	0.05555555555555555	0.038461538461538464	0.05263157894736842	0.0	0.0	0.02564102564102564	0.015625	0.016129032258064516	0.0	0.03571428571428571	0.0	0.043478260869565216	0.037037037037037035	0.0	0.0	0.0	0.0	0.023076923076923078
bs	0.029850746268656716	1.0	0.0	0.05714285714285714	0.07446808510638298	0.03636363636363636	0.14	0.04716981132075472	0.015748031496062992	0.0650887573964497	0.07608695652173914	0.0	0.10144927536231885	0.1625	0.0625	0.021739130434782608	0.13636363636363635	0.1267605633802817	0.14285714285714285	0.06578947368421052	0.015151515151515152	0.010309278350515464	0.041237113402061855	0.06779661016949153	0.13761467889908258	0.00909090909090909	0.29347826086956524	0.0	0.024096385542168676	0.14102564102564102	0.04597701149425287	0.0	0.08045977011494253	0.0	0.10227272727272728
ceb	0.0	0.0	0.0	0.0	0.0	0.0	0.0	0.0	0.0	0.0	0.0	0.0	0.0	0.0	0.0	0.0	0.0	0.0	0.0	0.0	0.0	0.0	0.0	0.0	0.0	0.0	0.0	0.0	0.0	0.0	0.0	0.0	0.0	0.0	0.0
ckb	0.0	0.05714285714285714	0.0	1.0	0.022727272727272728	0.017543859649122806	0.03571428571428571	0.012195121951219513	0.0	0.0	0.0	0.0	0.010526315789473684	0.05714285714285714	0.007692307692307693	0.024096385542168676	0.010752688172043012	0.043478260869565216	0.0	0.08695652173913043	0.0	0.024390243902439025	0.0	0.014492753623188406	0.030303030303030304	0.018518518518518517	0.06779661016949153	0.0	0.0	0.03125	0.029411764705882353	0.0	0.02702702702702703	0.0	0.014705882352941176
da	0.0	0.07446808510638298	0.0	0.022727272727272728	1.0	0.0	0.0625	0.03208556149732621	0.010101010101010102	0.0	0.0	0.0	0.08849557522123894	0.04918032786885246	0.046357615894039736	0.04672897196261682	0.07079646017699115	0.0851063829787234	0.05357142857142857	0.0196078431372549	0.0	0.045454545454545456	0.02857142857142857	0.05434782608695652	0.06741573033707865	0.012345679012345678	0.034482758620689655	0.0	0.01818181818181818	0.07142857142857142	0.05084745762711865	0.0	0.015625	0.0	0.04430379746835443
de	0.0	0.03636363636363636	0.0	0.017543859649122806	0.0	1.0	0.0425531914893617	0.019801980198019802	0.02727272727272727	0.031446540880503145	0.012195121951219513	0.0	0.046153846153846156	0.02666666666666667	0.08227848101265822	0.008064516129032258	0.046875	0.015873015873015872	0.014084507042253521	0.031746031746031744	0.02	0.0379746835443038	0.024096385542168676	0.018518518518518517	0.02857142857142857	0.021505376344086023	0.03	0.0	0.0	0.0	0.0	0.0	0.0	0.0	0.017142857142857144
el	0.019230769230769232	0.14	0.0	0.03571428571428571	0.0625	0.0425531914893617	1.0	0.03	0.046296296296296294	0.05128205128205128	0.024691358024691357	0.0	0.14285714285714285	0.08450704225352113	0.049079754601226995	0.008064516129032258	0.09836065573770492	0.06666666666666667	0.09090909090909091	0.031746031746031744	0.0	0.05128205128205128	0.04938271604938271	0.0891089108910891	0.125	0.010638297872340425	0.1839080459770115	0.0	0.0	0.10606060606060606	0.041666666666666664	0.0	0.04	0.0	0.09876543209876543
en	0.0	0.04716981132075472	0.0	0.012195121951219513	0.03208556149732621	0.019801980198019802	0.03	1.0	0.013761467889908258	0.06666666666666667	0.010582010582010581	0.0	0.03389830508474576	0.022099447513812154	0.025735294117647058	0.021929824561403508	0.03862660944206009	0.005847953216374269	0.011235955056179775	0.005813953488372093	0.0	0.016042780748663103	0.015789473684210527	0.03317535545023697	0.043478260869565216	0.03571428571428571	0.04455445544554455	0.0	0.017241379310344827	0.016853932584269662	0.011049723756906077	0.0	0.010869565217391304	0.0	0.06716417910447761
es	0.014925373134328358	0.015748031496062992	0.0	0.0	0.010101010101010102	0.02727272727272727	0.046296296296296294	0.013761467889908258	1.0	0.05917159763313609	0.020833333333333332	0.0	0.027210884353741496	0.01098901098901099	0.03910614525139665	0.007194244604316547	0.04195804195804196	0.0	0.023529411764705882	0.03896103896103896	0.015384615384615385	0.010416666666666666	0.030927835051546393	0.02459016393442623	0.01652892561983471	0.009174311926605505	0.02608695652173913	0.0	0.0	0.023255813953488372	0.011235955056179775	0.0	0.03333333333333333	0.0	0.03763440860215054
fr	0.0	0.0650887573964497	0.0	0.0	0.0	0.031446540880503145	0.05128205128205128	0.06666666666666667	0.05917159763313609	1.0	0.02054794520547945	0.0	0.046632124352331605	0.036231884057971016	0.06278026905829596	0.04945054945054945	0.06382978723404255	0.023622047244094488	0.022222222222222223	0.015503875968992248	0.008620689655172414	0.006802721088435374	0.04861111111111111	0.03529411764705882	0.05454545454545454	0.03870967741935484	0.049689440993788817	0.0	0.022727272727272728	0.022058823529411766	0.007142857142857143	0.0	0.02857142857142857	0.0	0.04721030042918455
he	0.05555555555555555	0.07608695652173914	0.0	0.0	0.0	0.012195121951219513	0.024691358024691357	0.010582010582010581	0.020833333333333332	0.02054794520547945	1.0	0.0	0.05217391304347826	0.08771929824561403	0.04	0.028037383177570093	0.02586206896551724	0.020833333333333332	0.05555555555555555	0.0	0.0	0.015151515151515152	0.029411764705882353	0.04395604395604396	0.02197802197802198	0.012658227848101266	0.047619047619047616	0.0	0.058823529411764705	0.03571428571428571	0.034482758620689655	0.0	0.03278688524590164	0.0	0.05161290322580645
hi	0.0	0.0	0.0	0.0	0.0	0.0	0.0	0.0	0.0	0.0	0.0	1.0	0.011494252873563218	0.0	0.0	0.0	0.0	0.0	0.0	0.0625	0.0	0.0	0.0	0.0	0.01694915254237288	0.0	0.0	0.0	0.0	0.0	0.0	0.0	0.034482758620689655	0.0	0.007751937984496124
hu	0.02247191011235955	0.10144927536231885	0.0	0.010526315789473684	0.08849557522123894	0.046153846153846156	0.14285714285714285	0.03389830508474576	0.027210884353741496	0.046632124352331605	0.05217391304347826	0.011494252873563218	1.0	0.045454545454545456	0.08854166666666667	0.04487179487179487	0.11688311688311688	0.04081632653061224	0.0784313725490196	0.04040404040404041	0.011363636363636364	0.09090909090909091	0.09821428571428571	0.08823529411764706	0.14960629921259844	0.05555555555555555	0.13709677419354838	0.0	0.028846153846153848	0.05714285714285714	0.02727272727272727	0.0	0.05454545454545454	0.0	0.08
id	0.03225806451612903	0.1625	0.0	0.05714285714285714	0.04918032786885246	0.02666666666666667	0.08450704225352113	0.022099447513812154	0.01098901098901099	0.036231884057971016	0.08771929824561403	0.0	0.045454545454545456	1.0	0.0273972602739726	0.0196078431372549	0.046296296296296294	0.023809523809523808	0.0625	0.047619047619047616	0.0	0.016666666666666666	0.04918032786885246	0.09876543209876543	0.07407407407407407	0.04225352112676056	0.05128205128205128	0.0	0.09090909090909091	0.08333333333333333	0.018867924528301886	0.0	0.05555555555555555	0.0	0.04666666666666667
it	0.008	0.0625	0.0	0.007692307692307693	0.046357615894039736	0.08227848101265822	0.049079754601226995	0.025735294117647058	0.03910614525139665	0.06278026905829596	0.04	0.0	0.08854166666666667	0.0273972602739726	1.0	0.042105263157894736	0.11290322580645161	0.007352941176470588	0.028368794326241134	0.029850746268656716	0.01639344262295082	0.06164383561643835	0.032679738562091505	0.03977272727272727	0.07100591715976332	0.024390243902439025	0.05389221556886228	0.0	0.014285714285714285	0.028169014084507043	0.0136986301369863	0.0	0.0	0.0	0.10572687224669604
ja	0.012658227848101266	0.021739130434782608	0.0	0.024096385542168676	0.04672897196261682	0.008064516129032258	0.008064516129032258	0.021929824561403508	0.007194244604316547	0.04945054945054945	0.028037383177570093	0.0	0.04487179487179487	0.0196078431372549	0.042105263157894736	1.0	0.045454545454545456	0.02247191011235955	0.0	0.01098901098901099	0.0	0.018691588785046728	0.01818181818181818	0.022388059701492536	0.030534351145038167	0.042735042735042736	0.015625	0.0	0.010526315789473684	0.0	0.02	0.0	0.0	0.0	0.05670103092783505
ko	0.0	0.13636363636363635	0.0	0.010752688172043012	0.07079646017699115	0.046875	0.09836065573770492	0.03862660944206009	0.04195804195804196	0.06382978723404255	0.02586206896551724	0.0	0.11688311688311688	0.046296296296296294	0.11290322580645161	0.045454545454545456	1.0	0.05263157894736842	0.038461538461538464	0.030612244897959183	0.0	0.05357142857142857	0.06140350877192982	0.11450381679389313	0.09923664122137404	0.007692307692307693	0.12096774193548387	0.0	0.039603960396039604	0.09	0.027777777777777776	0.0	0.03636363636363636	0.0	0.09183673469387756
lv	0.05555555555555555	0.1267605633802817	0.0	0.043478260869565216	0.0851063829787234	0.015873015873015872	0.06666666666666667	0.005847953216374269	0.0	0.023622047244094488	0.020833333333333332	0.0	0.04081632653061224	0.023809523809523808	0.007352941176470588	0.02247191011235955	0.05263157894736842	1.0	0.05555555555555555	0.0	0.0	0.0	0.0625	0.0410958904109589	0.07246376811594203	0.016666666666666666	0.078125	0.0	0.0	0.11428571428571428	0.025	0.0	0.023255813953488372	0.0	0.051094890510948905
mk	0.038461538461538464	0.14285714285714285	0.0	0.0	0.05357142857142857	0.014084507042253521	0.09090909090909091	0.011235955056179775	0.023529411764705882	0.022222222222222223	0.05555555555555555	0.0	0.0784313725490196	0.0625	0.028368794326241134	0.0	0.038461538461538464	0.05555555555555555	1.0	0.02631578947368421	0.0	0.01818181818181818	0.03508771929824561	0.05	0.0379746835443038	0.0	0.06944444444444445	0.0	0.0	0.09302325581395349	0.0	0.0	0.04	0.0	0.02702702702702703
ml	0.05263157894736842	0.06578947368421052	0.0	0.08695652173913043	0.0196078431372549	0.031746031746031744	0.031746031746031744	0.005813953488372093	0.03896103896103896	0.015503875968992248	0.0	0.0625	0.04040404040404041	0.047619047619047616	0.029850746268656716	0.01098901098901099	0.030612244897959183	0.0	0.02631578947368421	1.0	0.058823529411764705	0.020833333333333332	0.08333333333333333	0.0547945205479452	0.07142857142857142	0.0	0.06060606060606061	0.0	0.058823529411764705	0.02564102564102564	0.0	0.0	0.022727272727272728	0.0	0.04316546762589928
mr	0.0	0.015151515151515152	0.0	0.0	0.0	0.02	0.0	0.0	0.015384615384615385	0.008620689655172414	0.0	0.0	0.011363636363636364	0.0	0.01639344262295082	0.0	0.0	0.0	0.0	0.058823529411764705	1.0	0.0	0.0	0.0	0.016666666666666666	0.0	0.0	0.0	0.0	0.0	0.0	0.0	0.0	0.0	0.0
nl	0.0	0.010309278350515464	0.0	0.024390243902439025	0.045454545454545456	0.0379746835443038	0.05128205128205128	0.016042780748663103	0.010416666666666666	0.006802721088435374	0.015151515151515152	0.0	0.09090909090909091	0.016666666666666666	0.06164383561643835	0.018691588785046728	0.05357142857142857	0.0	0.01818181818181818	0.020833333333333332	0.0	1.0	0.029850746268656716	0.056179775280898875	0.022222222222222223	0.025974025974025976	0.03571428571428571	0.0	0.019230769230769232	0.0	0.03508771929824561	0.0	0.0	0.0	0.038461538461538464
pl	0.02564102564102564	0.041237113402061855	0.0	0.0	0.02857142857142857	0.024096385542168676	0.04938271604938271	0.015789473684210527	0.030927835051546393	0.04861111111111111	0.029411764705882353	0.0	0.09821428571428571	0.04918032786885246	0.032679738562091505	0.01818181818181818	0.06140350877192982	0.0625	0.03508771929824561	0.08333333333333333	0.0	0.029850746268656716	1.0	0.043010752688172046	0.04395604395604396	0.025	0.034482758620689655	0.0	0.037037037037037035	0.07142857142857142	0.01639344262295082	0.0	0.031746031746031744	0.0	0.04430379746835443
pt	0.015625	0.06779661016949153	0.0	0.014492753623188406	0.05434782608695652	0.018518518518518517	0.0891089108910891	0.03317535545023697	0.02459016393442623	0.03529411764705882	0.04395604395604396	0.0	0.08823529411764706	0.09876543209876543	0.03977272727272727	0.022388059701492536	0.11450381679389313	0.0410958904109589	0.05	0.0547945205479452	0.0	0.056179775280898875	0.043010752688172046	1.0	0.09090909090909091	0.038834951456310676	0.11650485436893204	0.0	0.1095890410958904	0.11842105263157894	0.011627906976744186	0.0	0.058823529411764705	0.0	0.08571428571428572
ro	0.016129032258064516	0.13761467889908258	0.0	0.030303030303030304	0.06741573033707865	0.02857142857142857	0.125	0.043478260869565216	0.01652892561983471	0.05454545454545454	0.02197802197802198	0.01694915254237288	0.14960629921259844	0.07407407407407407	0.07100591715976332	0.030534351145038167	0.09923664122137404	0.07246376811594203	0.0379746835443038	0.07142857142857142	0.016666666666666666	0.022222222222222223	0.04395604395604396	0.09090909090909091	1.0	0.039603960396039604	0.1414141414141414	0.0	0.05333333333333334	0.0641025641025641	0.024096385542168676	0.0	0.023255813953488372	0.0	0.11242603550295859
ru	0.0	0.00909090909090909	0.0	0.018518518518518517	0.012345679012345678	0.021505376344086023	0.010638297872340425	0.03571428571428571	0.009174311926605505	0.03870967741935484	0.012658227848101266	0.0	0.05555555555555555	0.04225352112676056	0.024390243902439025	0.042735042735042736	0.007692307692307693	0.016666666666666666	0.0	0.0	0.0	0.025974025974025976	0.025	0.038834951456310676	0.039603960396039604	1.0	0.02040816326530612	0.0	0.0	0.014492753623188406	0.014084507042253521	0.0	0.0	0.0	0.029411764705882353
sh	0.03571428571428571	0.29347826086956524	0.0	0.06779661016949153	0.034482758620689655	0.03	0.1839080459770115	0.04455445544554455	0.02608695652173913	0.049689440993788817	0.047619047619047616	0.0	0.13709677419354838	0.05128205128205128	0.05389221556886228	0.015625	0.12096774193548387	0.078125	0.06944444444444445	0.06060606060606061	0.0	0.03571428571428571	0.034482758620689655	0.11650485436893204	0.1414141414141414	0.02040816326530612	1.0	0.0	0.08823529411764706	0.16417910447761194	0.02564102564102564	0.0	0.07792207792207792	0.0	0.08284023668639054
si	0.0	0.0	0.0	0.0	0.0	0.0	0.0	0.0	0.0	0.0	0.0	0.0	0.0	0.0	0.0	0.0	0.0	0.0	0.0	0.0	0.0	0.0	0.0	0.0	0.0	0.0	0.0	0.0	0.0	0.0	0.0	0.0	0.0	0.0	0.0
simple	0.043478260869565216	0.024096385542168676	0.0	0.0	0.01818181818181818	0.0	0.0	0.017241379310344827	0.0	0.022727272727272728	0.058823529411764705	0.0	0.028846153846153848	0.09090909090909091	0.014285714285714285	0.010526315789473684	0.039603960396039604	0.0	0.0	0.058823529411764705	0.0	0.019230769230769232	0.037037037037037035	0.1095890410958904	0.05333333333333334	0.0	0.08823529411764706	0.0	1.0	0.047619047619047616	0.022222222222222223	0.0	0.0425531914893617	0.0	0.04195804195804196
sr	0.037037037037037035	0.14102564102564102	0.0	0.03125	0.07142857142857142	0.0	0.10606060606060606	0.016853932584269662	0.023255813953488372	0.022058823529411766	0.03571428571428571	0.0	0.05714285714285714	0.08333333333333333	0.028169014084507043	0.0	0.09	0.11428571428571428	0.09302325581395349	0.02564102564102564	0.0	0.0	0.07142857142857142	0.11842105263157894	0.0641025641025641	0.014492753623188406	0.16417910447761194	0.0	0.047619047619047616	1.0	0.02040816326530612	0.0	0.06	0.0	0.05517241379310345
sv	0.0	0.04597701149425287	0.0	0.029411764705882353	0.05084745762711865	0.0	0.041666666666666664	0.011049723756906077	0.011235955056179775	0.007142857142857143	0.034482758620689655	0.0	0.02727272727272727	0.018867924528301886	0.0136986301369863	0.02	0.027777777777777776	0.025	0.0	0.0	0.0	0.03508771929824561	0.01639344262295082	0.011627906976744186	0.024096385542168676	0.014084507042253521	0.02564102564102564	0.0	0.022222222222222223	0.02040816326530612	1.0	0.0	0.0	0.0	0.019736842105263157
te	0.0	0.0	0.0	0.0	0.0	0.0	0.0	0.0	0.0	0.0	0.0	0.0	0.0	0.0	0.0	0.0	0.0	0.0	0.0	0.0	0.0	0.0	0.0	0.0	0.0	0.0	0.0	0.0	0.0	0.0	0.0	0.0	0.0	0.0	0.0
vi	0.0	0.08045977011494253	0.0	0.02702702702702703	0.015625	0.0	0.04	0.010869565217391304	0.03333333333333333	0.02857142857142857	0.03278688524590164	0.034482758620689655	0.05454545454545454	0.05555555555555555	0.0	0.0	0.03636363636363636	0.023255813953488372	0.04	0.022727272727272728	0.0	0.0	0.031746031746031744	0.058823529411764705	0.023255813953488372	0.0	0.07792207792207792	0.0	0.0425531914893617	0.06	0.0	0.0	1.0	0.0	0.025974025974025976
war	0.0	0.0	0.0	0.0	0.0	0.0	0.0	0.0	0.0	0.0	0.0	0.0	0.0	0.0	0.0	0.0	0.0	0.0	0.0	0.0	0.0	0.0	0.0	0.0	0.0	0.0	0.0	0.0	0.0	0.0	0.0	0.0	0.0	0.0	0.0
zh	0.023076923076923078	0.10227272727272728	0.0	0.014705882352941176	0.04430379746835443	0.017142857142857144	0.09876543209876543	0.06716417910447761	0.03763440860215054	0.04721030042918455	0.05161290322580645	0.007751937984496124	0.08	0.04666666666666667	0.10572687224669604	0.05670103092783505	0.09183673469387756	0.051094890510948905	0.02702702702702703	0.04316546762589928	0.0	0.038461538461538464	0.04430379746835443	0.08571428571428572	0.11242603550295859	0.029411764705882353	0.08284023668639054	0.0	0.04195804195804196	0.05517241379310345	0.019736842105263157	0.0	0.025974025974025976	0.0	1.0
