arz	bs	ceb	ckb	da	de	el	en	es	fr	he	hi	hu	id	it	ja	ko	lv	mk	ml	mr	nl	pl	pt	ro	ru	sh	si	simple	sr	sv	te	tr	vi	war	zh
arz	0.5	0.038135593220338986	0.032520325203252036	0.038135593220338986	0.037815126050420166	0.03409090909090909	0.03461538461538462	0.027777777777777776	0.03409090909090909	0.028846153846153848	0.0375	0.0391304347826087	0.03435114503816794	0.03383458646616541	0.0371900826446281	0.03543307086614173	0.03103448275862069	0.038135593220338986	0.038135593220338986	0.038135593220338986	0.038135593220338986	0.037815126050420166	0.036290322580645164	0.036290322580645164	0.036885245901639344	0.03543307086614173	0.038135593220338986	0.08823529411764706	0.0371900826446281	0.0375	0.03125	0.042105263157894736	0.05555555555555555	0.036290322580645164	0.038135593220338986	0.03543307086614173
bs	0.038135593220338986	1.0	0.8424237299160866	0.5	0.9370414974409922	0.7970315453528035	0.45384615384615384	0.5788525144348438	0.76207669733241	0.6088514103455034	0.49166666666666664	0.4872881355932203	0.5982302163944765	0.7887044379624882	0.9325800372387237	0.4645669291338583	0.4068965517241379	0.782627769247642	0.5	0.5	0.5	0.9518679288353712	0.8826089491482303	0.5503447101881012	0.9052627376084272	0.4645669291338583	0.5721157431575807	0.13135593220338984	0.9294988067095915	0.49166666666666664	0.6930220624860446	0.38333333333333336	0.22419668938656281	0.8374002203366899	0.5003374831258437	0.49972144635994137
ceb	0.032520325203252036	0.8424237299160866	1.0	0.46	0.8434831738592723	0.8251074989789603	0.46923076923076923	0.5997879418866857	0.7856965438932653	0.628978142754947	0.468	0.448	0.5947956211377633	0.8150681823239545	0.8586353129607047	0.48031496062992124	0.4206896551724138	0.7018928086838535	0.46	0.46	0.46	0.8563401493021747	0.8911714950853595	0.5490539060598686	0.8527907747405927	0.48031496062992124	0.5231725219126345	0.12195121951219512	0.876364694471387	0.468	0.7144792058123512	0.364	-1.0	0.8468741730529901	0.4602536415682296	0.5148408998070232
ckb	0.038135593220338986	0.5	0.46	0.5	0.4957983193277311	0.44696969696969696	0.45384615384615384	0.36419753086419754	0.44696969696969696	0.3782051282051282	0.49166666666666664	0.4872881355932203	0.45038167938931295	0.44360902255639095	0.48760330578512395	0.4645669291338583	0.4068965517241379	0.5	0.5	0.5	0.5	0.4957983193277311	0.47580645161290325	0.47580645161290325	0.48360655737704916	0.4645669291338583	0.5	0.13135593220338984	0.48760330578512395	0.49166666666666664	0.4097222222222222	0.38333333333333336	0.075	0.47580645161290325	0.5	0.4645669291338583
da	0.037815126050420166	0.9370414974409922	0.8434831738592723	0.4957983193277311	1.0	0.7991878837948707	0.4576923076923077	0.5806357122775885	0.7641736872051832	0.6101963085293327	0.49583333333333335	0.4831932773109244	0.6008222897175799	0.7898122445477997	0.9334678206546496	0.468503937007874	0.4103448275862069	0.7700622233626275	0.4957983193277311	0.4957983193277311	0.4957983193277311	0.9308280425126165	0.8836861282897179	0.5546744181615071	0.9054593989255837	0.468503937007874	0.5661412363687613	0.13025210084033614	0.9306404165760476	0.49583333333333335	0.6940739165549713	0.3875	0.19642857142857142	0.8394971942024994	0.49613855825106395	0.5033435111908562
de	0.03409090909090909	0.7970315453528035	0.8251074989789603	0.44696969696969696	0.7991878837948707	1.0	0.49242424242424243	0.6518485260253839	0.8231594642032967	0.6861157795477242	0.45454545454545453	0.4356060606060606	0.6386568573967857	0.8396610389017957	0.8135648964452443	0.4664179104477612	0.45517241379310347	0.666397885216466	0.44696969696969696	0.44696969696969696	0.44696969696969696	0.809356788402267	0.8428649847045908	0.5265077698665297	0.8260003201024327	0.4810606060606061	0.5042977762883699	0.11742424242424243	0.8283977738722905	0.45454545454545453	0.7787390312243083	0.3560606060606061	0.08734295020939972	0.8016673400673401	0.447130644629518	0.4979488675350532
el	0.03461538461538462	0.45384615384615384	0.46923076923076923	0.45384615384615384	0.4576923076923077	0.49242424242424243	0.5	0.4012345679012346	0.49242424242424243	0.4166666666666667	0.46153846153846156	0.4423076923076923	0.48120300751879697	0.48134328358208955	0.4580152671755725	0.4734848484848485	0.4482758620689655	0.45384615384615384	0.45384615384615384	0.45384615384615384	0.45384615384615384	0.4576923076923077	0.47692307692307695	0.46946564885496184	0.46923076923076923	0.48846153846153845	0.45384615384615384	0.11923076923076924	0.4653846153846154	0.46153846153846156	0.4513888888888889	0.36153846153846153	0.13043478260869565	0.47692307692307695	0.45384615384615384	0.4734848484848485
en	0.027777777777777776	0.5788525144348438	0.5997879418866857	0.36419753086419754	0.5806357122775885	0.6518485260253839	0.4012345679012346	1.0	0.6275395216731233	0.7597389220194417	0.37037037037037035	0.3549382716049383	0.5022551511836192	0.6566889927826962	0.6020158179012346	0.39197530864197533	0.44753086419753085	0.502142231754765	0.36419753086419754	0.36419753086419754	0.36419753086419754	0.5871879226818846	0.6106396770676803	0.42677600310970526	0.5998668123339524	0.39197530864197533	0.40158966892747655	0.09567901234567901	0.5999775664683832	0.37037037037037035	0.7088349754960359	0.29012345679012347	0.09895833333333333	0.5876086772330592	0.3643530276765129	0.4134381506182922
es	0.03409090909090909	0.76207669733241	0.7856965438932653	0.44696969696969696	0.7641736872051832	0.8231594642032967	0.49242424242424243	0.6275395216731233	1.0	0.6591488635272444	0.45454545454545453	0.4356060606060606	0.6206036821376599	0.8134919135032526	0.7756006177058808	0.4664179104477612	0.45517241379310347	0.6520171180428423	0.44696969696969696	0.44696969696969696	0.44696969696969696	0.7725340972875252	0.8032195611385189	0.5256507446434602	0.7890500623163488	0.4810606060606061	0.5037830246074586	0.11742424242424243	0.7889187574671446	0.45454545454545453	0.7454026524473611	0.3560606060606061	0.1125	0.7695197947214076	0.44715302174787397	0.4974320698670094
fr	0.028846153846153848	0.6088514103455034	0.628978142754947	0.3782051282051282	0.6101963085293327	0.6861157795477242	0.4166666666666667	0.7597389220194417	0.6591488635272444	1.0	0.38461538461538464	0.3685897435897436	0.5254228069347677	0.6909441799391309	0.6320481104016014	0.40705128205128205	0.4525316455696203	0.5265990690942584	0.3782051282051282	0.3782051282051282	0.3782051282051282	0.6170339594307774	0.6413299541650364	0.4372997823877826	0.6293824981816338	0.40705128205128205	0.41804491458697063	0.09935897435897435	0.6309930469004688	0.38461538461538464	0.7441153283027369	0.30128205128205127	0.10106382978723404	0.6169549392624156	0.37842479979609966	0.4294864872348674
he	0.0375	0.49166666666666664	0.468	0.49166666666666664	0.49583333333333335	0.45454545454545453	0.46153846153846156	0.37037037037037035	0.45454545454545453	0.38461538461538464	0.5	0.4791666666666667	0.4580152671755725	0.45112781954887216	0.49586776859504134	0.47244094488188976	0.41379310344827586	0.49166666666666664	0.49166666666666664	0.49166666666666664	0.49166666666666664	0.48760330578512395	0.4838709677419355	0.4838709677419355	0.4918032786885246	0.47244094488188976	0.49166666666666664	0.12916666666666668	0.49586776859504134	0.5	0.4166666666666667	0.39166666666666666	0.125	0.4838709677419355	0.49166666666666664	0.47244094488188976
hi	0.0391304347826087	0.4872881355932203	0.448	0.4872881355932203	0.4831932773109244	0.4356060606060606	0.4423076923076923	0.3549382716049383	0.4356060606060606	0.3685897435897436	0.4791666666666667	0.5	0.4389312977099237	0.4323308270676692	0.47520661157024796	0.452755905511811	0.39655172413793105	0.4872881355932203	0.4872881355932203	0.4872881355932203	0.4872881355932203	0.4831932773109244	0.4637096774193548	0.4637096774193548	0.4713114754098361	0.452755905511811	0.4872881355932203	0.13478260869565217	0.47520661157024796	0.4791666666666667	0.3993055555555556	0.37815126050420167	0.14583333333333334	0.4637096774193548	0.4872881355932203	0.452755905511811
hu	0.03435114503816794	0.5982302163944765	0.5947956211377633	0.45038167938931295	0.6008222897175799	0.6386568573967857	0.48120300751879697	0.5022551511836192	0.6206036821376599	0.5254228069347677	0.4580152671755725	0.4389312977099237	1.0	0.6108140943435771	0.60216699824877	0.45555555555555555	0.4517241379310345	0.5708062767538811	0.45038167938931295	0.45038167938931295	0.45038167938931295	0.603379466919914	0.6041938899819183	0.5078119973801807	0.6145416093607081	0.4699248120300752	0.49523483437622773	0.1183206106870229	0.6129447912316378	0.4580152671755725	0.5807977265298823	0.35877862595419846	0.0967741935483871	0.5969987082805761	0.4506548039341054	0.48175018962445537
id	0.03383458646616541	0.7887044379624882	0.8150681823239545	0.44360902255639095	0.7898122445477997	0.8396610389017957	0.48134328358208955	0.6566889927826962	0.8134919135032526	0.6909441799391309	0.45112781954887216	0.4323308270676692	0.6108140943435771	1.0	0.8228636083003064	0.4701492537313433	0.4586206896551724	0.6607238043263451	0.44360902255639095	0.44360902255639095	0.44360902255639095	0.8005621322552771	0.8329535236425554	0.5235732056237506	0.8159176078034331	0.4774436090225564	0.500225238093664	0.11654135338345864	0.8200681152954745	0.45112781954887216	0.7858642696761005	0.3533834586466165	0.1891891891891892	0.7928792647270961	0.44386350785986467	0.5017756647800915
it	0.0371900826446281	0.9325800372387237	0.8586353129607047	0.48760330578512395	0.9334678206546496	0.8135648964452443	0.4580152671755725	0.6020158179012346	0.7756006177058808	0.6320481104016014	0.49586776859504134	0.47520661157024796	0.60216699824877	0.8228636083003064	1.0	0.4763779527559055	0.41724137931034483	0.7597246016337114	0.48760330578512395	0.48760330578512395	0.48760330578512395	0.92581710496242	0.8998788191311073	0.5540625647400041	0.9226192016562076	0.46875	0.5559865309613155	0.128099173553719	0.9489845770403578	0.49586776859504134	0.7203583998389118	0.3884297520661157	0.13116883116883116	0.8520748829953197	0.4879183877064235	0.5116336956943468
ja	0.03543307086614173	0.4645669291338583	0.48031496062992124	0.4645669291338583	0.468503937007874	0.4664179104477612	0.4734848484848485	0.39197530864197533	0.4664179104477612	0.40705128205128205	0.47244094488188976	0.452755905511811	0.45555555555555555	0.4701492537313433	0.4763779527559055	0.5	0.4315068493150685	0.4645669291338583	0.4645669291338583	0.4645669291338583	0.4645669291338583	0.468503937007874	0.4881889763779528	0.48046875	0.47265625	0.4844961240310077	0.4645669291338583	0.1220472440944882	0.4763779527559055	0.47244094488188976	0.43448275862068964	0.3700787401574803	0.16304347826086957	0.4881889763779528	0.4645669291338583	0.5
ko	0.03103448275862069	0.4068965517241379	0.4206896551724138	0.4068965517241379	0.4103448275862069	0.45517241379310347	0.4482758620689655	0.44753086419753085	0.45517241379310347	0.4525316455696203	0.41379310344827586	0.39655172413793105	0.4517241379310345	0.4586206896551724	0.41724137931034483	0.4315068493150685	0.5	0.4068965517241379	0.4068965517241379	0.4068965517241379	0.4068965517241379	0.4103448275862069	0.42758620689655175	0.42758620689655175	0.4206896551724138	0.4379310344827586	0.4068965517241379	0.10689655172413794	0.41724137931034483	0.41379310344827586	0.47635135135135137	0.32413793103448274	0.1896551724137931	0.42758620689655175	0.4068965517241379	0.4315068493150685
lv	0.038135593220338986	0.782627769247642	0.7018928086838535	0.5	0.7700622233626275	0.666397885216466	0.45384615384615384	0.502142231754765	0.6520171180428423	0.5265990690942584	0.49166666666666664	0.4872881355932203	0.5708062767538811	0.6607238043263451	0.7597246016337114	0.4645669291338583	0.4068965517241379	1.0	0.5	0.5	0.5	0.775861383682038	0.7289086906201867	0.5436686559081174	0.7448419288887174	0.4645669291338583	0.5626674107142857	0.13135593220338984	0.7578380215643942	0.49166666666666664	0.5901454740083231	0.38333333333333336	0.14	0.7109076777320934	0.5004333828628034	0.4978346912259666
mk	0.038135593220338986	0.5	0.46	0.5	0.4957983193277311	0.44696969696969696	0.45384615384615384	0.36419753086419754	0.44696969696969696	0.3782051282051282	0.49166666666666664	0.4872881355932203	0.45038167938931295	0.44360902255639095	0.48760330578512395	0.4645669291338583	0.4068965517241379	0.5	0.5	0.5	0.5	0.4957983193277311	0.47580645161290325	0.47580645161290325	0.48360655737704916	0.4645669291338583	0.5	0.13135593220338984	0.48760330578512395	0.49166666666666664	0.4097222222222222	0.38333333333333336	0.12	0.47580645161290325	0.5	0.4645669291338583
ml	0.038135593220338986	0.5	0.46	0.5	0.4957983193277311	0.44696969696969696	0.45384615384615384	0.36419753086419754	0.44696969696969696	0.3782051282051282	0.49166666666666664	0.4872881355932203	0.45038167938931295	0.44360902255639095	0.48760330578512395	0.4645669291338583	0.4068965517241379	0.5	0.5	0.5	0.5	0.4957983193277311	0.47580645161290325	0.47580645161290325	0.48360655737704916	0.4645669291338583	0.5	0.13135593220338984	0.48760330578512395	0.49166666666666664	0.4097222222222222	0.38333333333333336	0.17307692307692307	0.47580645161290325	0.5	0.4645669291338583
mr	0.038135593220338986	0.5	0.46	0.5	0.4957983193277311	0.44696969696969696	0.45384615384615384	0.36419753086419754	0.44696969696969696	0.3782051282051282	0.49166666666666664	0.4872881355932203	0.45038167938931295	0.44360902255639095	0.48760330578512395	0.4645669291338583	0.4068965517241379	0.5	0.5	0.5	0.5	0.4957983193277311	0.47580645161290325	0.47580645161290325	0.48360655737704916	0.4645669291338583	0.5	0.13135593220338984	0.48760330578512395	0.49166666666666664	0.4097222222222222	0.38333333333333336	0.05	0.47580645161290325	0.5	0.4645669291338583
nl	0.037815126050420166	0.9518679288353712	0.8563401493021747	0.4957983193277311	0.9308280425126165	0.809356788402267	0.4576923076923077	0.5871879226818846	0.7725340972875252	0.6170339594307774	0.48760330578512395	0.4831932773109244	0.603379466919914	0.8005621322552771	0.92581710496242	0.468503937007874	0.4103448275862069	0.775861383682038	0.4957983193277311	0.4957983193277311	0.4957983193277311	1.0	0.8966693537807908	0.5553266545683493	0.9203446045404553	0.468503937007874	0.5662668990589335	0.13025210084033614	0.9233530001580863	0.48760330578512395	0.7028099672615482	0.38016528925619836	0.06690140845070422	0.8501218849542944	0.4961268824118433	0.5035125900220073
pl	0.036290322580645164	0.8826089491482303	0.8911714950853595	0.47580645161290325	0.8836861282897179	0.8428649847045908	0.47692307692307695	0.6106396770676803	0.8032195611385189	0.6413299541650364	0.4838709677419355	0.4637096774193548	0.6041938899819183	0.8329535236425554	0.8998788191311073	0.4881889763779528	0.42758620689655175	0.7289086906201867	0.47580645161290325	0.47580645161290325	0.47580645161290325	0.8966693537807908	1.0	0.5566787082649152	0.893537031058307	0.4881889763779528	0.5402319303805968	0.125	0.8973764356691185	0.4838709677419355	0.7305402345811416	0.3790322580645161	0.09632731958762887	0.8641535458685752	0.4760518589891478	0.5229410941393748
pt	0.036290322580645164	0.5503447101881012	0.5490539060598686	0.47580645161290325	0.5546744181615071	0.5265077698665297	0.46946564885496184	0.42677600310970526	0.5256507446434602	0.4372997823877826	0.4838709677419355	0.4637096774193548	0.5078119973801807	0.5235732056237506	0.5540625647400041	0.48046875	0.42758620689655175	0.5436686559081174	0.47580645161290325	0.47580645161290325	0.47580645161290325	0.5553266545683493	0.5566787082649152	1.0	0.5579707647764989	0.48046875	0.5129486036365952	0.125	0.5627970797773572	0.4838709677419355	0.47832006063768	0.3790322580645161	0.12179487179487179	0.5643618476673584	0.4762318025274077	0.5075243727327691
ro	0.036885245901639344	0.9052627376084272	0.8527907747405927	0.48360655737704916	0.9054593989255837	0.8260003201024327	0.46923076923076923	0.5998668123339524	0.7890500623163488	0.6293824981816338	0.4918032786885246	0.4713114754098361	0.6145416093607081	0.8159176078034331	0.9226192016562076	0.47265625	0.4206896551724138	0.7448419288887174	0.48360655737704916	0.48360655737704916	0.48360655737704916	0.9203446045404553	0.893537031058307	0.5579707647764989	1.0	0.48031496062992124	0.5500692343855171	0.12704918032786885	0.9199987047995273	0.4918032786885246	0.7165318727818728	0.38524590163934425	0.12637362637362637	0.8484322487913236	0.4838940582754895	0.5069762386428166
ru	0.03543307086614173	0.4645669291338583	0.48031496062992124	0.4645669291338583	0.468503937007874	0.4810606060606061	0.48846153846153845	0.39197530864197533	0.4810606060606061	0.40705128205128205	0.47244094488188976	0.452755905511811	0.4699248120300752	0.4774436090225564	0.46875	0.4844961240310077	0.4379310344827586	0.4645669291338583	0.4645669291338583	0.4645669291338583	0.4645669291338583	0.468503937007874	0.4881889763779528	0.48046875	0.48031496062992124	0.5	0.4645669291338583	0.1220472440944882	0.4763779527559055	0.47244094488188976	0.4409722222222222	0.3700787401574803	0.12337662337662338	0.4881889763779528	0.4645669291338583	0.4844961240310077
sh	0.038135593220338986	0.5721157431575807	0.5231725219126345	0.5	0.5661412363687613	0.5042977762883699	0.45384615384615384	0.40158966892747655	0.5037830246074586	0.41804491458697063	0.49166666666666664	0.4872881355932203	0.49523483437622773	0.500225238093664	0.5559865309613155	0.4645669291338583	0.4068965517241379	0.5626674107142857	0.5	0.5	0.5	0.5662668990589335	0.5402319303805968	0.5129486036365952	0.5500692343855171	0.4645669291338583	1.0	0.13135593220338984	0.5555825294813407	0.49166666666666664	0.45734263671214703	0.38333333333333336	0.12962962962962962	0.5393224757652488	0.5	0.48798107725740525
si	0.08823529411764706	0.13135593220338984	0.12195121951219512	0.13135593220338984	0.13025210084033614	0.11742424242424243	0.11923076923076924	0.09567901234567901	0.11742424242424243	0.09935897435897435	0.12916666666666668	0.13478260869565217	0.1183206106870229	0.11654135338345864	0.128099173553719	0.1220472440944882	0.10689655172413794	0.13135593220338984	0.13135593220338984	0.13135593220338984	0.13135593220338984	0.13025210084033614	0.125	0.125	0.12704918032786885	0.1220472440944882	0.13135593220338984	0.5	0.128099173553719	0.12916666666666668	0.1076388888888889	0.15789473684210525	0.023809523809523808	0.125	0.13135593220338984	0.1220472440944882
simple	0.0371900826446281	0.9294988067095915	0.876364694471387	0.48760330578512395	0.9306404165760476	0.8283977738722905	0.4653846153846154	0.5999775664683832	0.7889187574671446	0.6309930469004688	0.49586776859504134	0.47520661157024796	0.6129447912316378	0.8200681152954745	0.9489845770403578	0.4763779527559055	0.41724137931034483	0.7578380215643942	0.48760330578512395	0.48760330578512395	0.48760330578512395	0.9233530001580863	0.8973764356691185	0.5627970797773572	0.9199987047995273	0.4763779527559055	0.5555825294813407	0.128099173553719	1.0	0.49586776859504134	0.7190138569277537	0.3884297520661157	0.19891640866873064	0.8688116574763046	0.4879207661025843	0.5112990311188054
sr	0.0375	0.49166666666666664	0.468	0.49166666666666664	0.49583333333333335	0.45454545454545453	0.46153846153846156	0.37037037037037035	0.45454545454545453	0.38461538461538464	0.5	0.4791666666666667	0.4580152671755725	0.45112781954887216	0.49586776859504134	0.47244094488188976	0.41379310344827586	0.49166666666666664	0.49166666666666664	0.49166666666666664	0.49166666666666664	0.48760330578512395	0.4838709677419355	0.4838709677419355	0.4918032786885246	0.47244094488188976	0.49166666666666664	0.12916666666666668	0.49586776859504134	0.5	0.4166666666666667	0.39166666666666666	0.1369047619047619	0.4838709677419355	0.49166666666666664	0.47244094488188976
sv	0.03125	0.6930220624860446	0.7144792058123512	0.4097222222222222	0.6940739165549713	0.7787390312243083	0.4513888888888889	0.7088349754960359	0.7454026524473611	0.7441153283027369	0.4166666666666667	0.3993055555555556	0.5807977265298823	0.7858642696761005	0.7203583998389118	0.43448275862068964	0.47635135135135137	0.5901454740083231	0.4097222222222222	0.4097222222222222	0.4097222222222222	0.7028099672615482	0.7305402345811416	0.47832006063768	0.7165318727818728	0.4409722222222222	0.45734263671214703	0.1076388888888889	0.7190138569277537	0.4166666666666667	1.0	0.3263888888888889	0.13829787234042554	0.6989621347077374	0.40986865225795116	0.4617554858934169
te	0.042105263157894736	0.38333333333333336	0.364	0.38333333333333336	0.3875	0.3560606060606061	0.36153846153846153	0.29012345679012347	0.3560606060606061	0.30128205128205127	0.39166666666666666	0.37815126050420167	0.35877862595419846	0.3533834586466165	0.3884297520661157	0.3700787401574803	0.32413793103448274	0.38333333333333336	0.38333333333333336	0.38333333333333336	0.38333333333333336	0.38016528925619836	0.3790322580645161	0.3790322580645161	0.38524590163934425	0.3700787401574803	0.38333333333333336	0.15789473684210525	0.3884297520661157	0.39166666666666666	0.3263888888888889	0.5	0.13043478260869565	0.3790322580645161	0.38333333333333336	0.3700787401574803
tr	0.05555555555555555	0.22419668938656281	-1.0	0.075	0.19642857142857142	0.08734295020939972	0.13043478260869565	0.09895833333333333	0.1125	0.10106382978723404	0.125	0.14583333333333334	0.0967741935483871	0.1891891891891892	0.13116883116883116	0.16304347826086957	0.1896551724137931	0.14	0.12	0.17307692307692307	0.05	0.06690140845070422	0.09632731958762887	0.12179487179487179	0.12637362637362637	0.12337662337662338	0.12962962962962962	0.023809523809523808	0.19891640866873064	0.1369047619047619	0.13829787234042554	0.13043478260869565	1.0	0.18055555555555555	0.05	0.18292682926829268
vi	0.036290322580645164	0.8374002203366899	0.8468741730529901	0.47580645161290325	0.8394971942024994	0.8016673400673401	0.47692307692307695	0.5876086772330592	0.7695197947214076	0.6169549392624156	0.4838709677419355	0.4637096774193548	0.5969987082805761	0.7928792647270961	0.8520748829953197	0.4881889763779528	0.42758620689655175	0.7109076777320934	0.47580645161290325	0.47580645161290325	0.47580645161290325	0.8501218849542944	0.8641535458685752	0.5643618476673584	0.8484322487913236	0.4881889763779528	0.5393224757652488	0.125	0.8688116574763046	0.4838709677419355	0.6989621347077374	0.3790322580645161	0.18055555555555555	1.0	0.47616501734995503	0.5225290996902138
war	0.038135593220338986	0.5003374831258437	0.4602536415682296	0.5	0.49613855825106395	0.447130644629518	0.45384615384615384	0.3643530276765129	0.44715302174787397	0.37842479979609966	0.49166666666666664	0.4872881355932203	0.4506548039341054	0.44386350785986467	0.4879183877064235	0.4645669291338583	0.4068965517241379	0.5004333828628034	0.5	0.5	0.5	0.4961268824118433	0.4760518589891478	0.4762318025274077	0.4838940582754895	0.4645669291338583	0.5	0.13135593220338984	0.4879207661025843	0.49166666666666664	0.40986865225795116	0.38333333333333336	0.05	0.47616501734995503	1.0	0.46500133399919275
zh	0.03543307086614173	0.49972144635994137	0.5148408998070232	0.4645669291338583	0.5033435111908562	0.4979488675350532	0.4734848484848485	0.4134381506182922	0.4974320698670094	0.4294864872348674	0.47244094488188976	0.452755905511811	0.48175018962445537	0.5017756647800915	0.5116336956943468	0.5	0.4315068493150685	0.4978346912259666	0.4645669291338583	0.4645669291338583	0.4645669291338583	0.5035125900220073	0.5229410941393748	0.5075243727327691	0.5069762386428166	0.4844961240310077	0.48798107725740525	0.1220472440944882	0.5112990311188054	0.47244094488188976	0.4617554858934169	0.3700787401574803	0.18292682926829268	0.5225290996902138	0.46500133399919275	1.0
