arz	bs	ceb	ckb	da	de	el	en	es	fr	he	hi	hu	id	it	ja	ko	lv	mk	ml	mr	nl	pl	pt	ro	ru	sh	si	simple	sr	sv	te	tr	vi	war	zh
arz	1.0	1.0	0.9024967606365161	1.0	1.0	1.0	1.0	1.0	1.0	1.0	1.0	1.0	1.0	1.0	1.0	1.0	1.0	1.0	0.0	1.0	1.0	1.0	1.0	1.0	1.0	1.0	1.0	0.0	1.0	1.0	1.0	1.0	1.0	1.0	1.0	1.0
bs	1.0	1.0	0.7631473682593441	1.0	0.7690990303325336	0.637467342791422	0.7863954451402115	0.42358220582996103	0.7257120346900997	0.6994017365373273	0.7584325078215763	0.7863954451402115	0.7690990303325336	0.6666984105496916	0.7257120346900997	0.7690990303325336	0.7690990303325336	0.7863954451402115	1.0	1.0	1.0	0.7106922308883378	0.7364248481899383	0.6212845645194138	0.72653347084664	0.7257120346900997	0.6781689558066553	0.0	0.7863954451402115	0.5886269667637702	0.7510341748895938	1.0	0.32450676055220123	0.7584325078215763	1.0	0.7510341748895938
ceb	0.9024967606365161	0.7631473682593441	1.0	0.8015110085913005	0.7426024822046026	0.7136315675467442	0.7981246226127383	0.6217770714845469	0.6445856598473425	0.6287559748922992	0.8006496489737016	0.8020838914418607	0.4410929580464458	0.7061950499552196	0.7802348555215669	0.7981246226127383	0.7981246226127383	0.5603581332275064	0.8015110085913005	0.8015110085913006	0.8015110085913006	0.7719064178078812	0.7410171425495377	0.32986092621257584	0.7443274903295188	0.7981246226127384	0.3158995433114195	0.8534626888086329	0.7693326483094409	0.8006496489737016	0.6671210363966643	0.8155937667255985	-1.0	0.6662442200884033	0.46197187327776634	0.24292182188721753
ckb	1.0	1.0	0.8015110085913005	1.0	1.0	1.0	1.0	0.7584325078215763	1.0	1.0	1.0	1.0	1.0	1.0	1.0	1.0	1.0	1.0	1.0	1.0	1.0	1.0	1.0	1.0	1.0	1.0	0.8216064286890065	0.0	1.0	1.0	1.0	1.0	0.7863954451402115	1.0	1.0	1.0
da	1.0	0.7690990303325336	0.7426024822046026	1.0	1.0	0.5600074040454307	0.7510341748895939	0.564485014345367	0.6667969795412325	0.661251134120194	0.7411828468492555	0.7510341748895939	0.6575660918451187	0.7510341748895939	0.7280991208898608	0.7347168825662656	0.7455134344225701	0.7584325078215763	1.0	1.0	1.0	0.6483618101972173	0.661251134120194	0.6049963408257749	0.7455134344225701	0.7376607345031153	0.6488615919074718	1.0	0.7455134344225701	0.7376607345031153	0.6523839999161463	1.0	0.30542544402765115	0.7411828468492555	1.0	0.7376607345031153
de	1.0	0.637467342791422	0.7136315675467442	1.0	0.5600074040454307	1.0	1.0	0.15913090928303128	0.27337693540498875	0.32222609010605924	0.718925811717485	1.0	0.6468909830471344	0.644540021981109	0.2939850354417836	0.5026014729879815	0.7210092110599264	1.0	1.0	1.0	1.0	0.35092045151318163	0.2995218274683712	0.24893118558822563	0.7234532828151787	0.47301824681910554	0.29135116763848834	1.0	0.6455519993951538	0.4099348912358248	0.40621045772323494	1.0	0.4067919660518075	0.6431593282664875	1.0	0.5517260065831702
el	1.0	0.7863954451402115	0.7981246226127383	1.0	0.7510341748895939	1.0	1.0	1.0	1.0	1.0	1.0	1.0	0.7584325078215765	1.0	1.0	1.0	1.0	1.0	1.0	1.0	1.0	1.0	1.0	1.0	1.0	1.0	0.6974253625788667	1.0	1.0	1.0	0.7584325078215763	1.0	0.6467936504043929	1.0	1.0	1.0
en	1.0	0.42358220582996103	0.6217770714845469	0.7584325078215763	0.564485014345367	0.15913090928303128	1.0	1.0	0.15928490838694254	0.1947105841052858	0.4056373029008352	1.0	0.6460242960363795	0.5486629224246725	0.2208303154385022	0.30573108152320994	0.3758257335837069	1.0	0.44930756545688116	1.0	1.0	0.31794966196963126	0.14501750890109572	0.1664338498809957	0.4765370526624783	0.1997125164516289	0.32017124783258905	1.0	0.538674629123623	0.2833466688816567	0.29079069174371847	1.0	0.3581642976370972	0.4531317065626335	1.0	0.44502525579915186
es	1.0	0.7257120346900997	0.6445856598473425	1.0	0.6667969795412325	0.27337693540498875	1.0	0.15928490838694254	1.0	0.38448303569950776	1.0	1.0	0.7322034805959264	0.6468909830471344	0.34668291990172867	0.6663418263525128	0.590165468651495	1.0	1.0	1.0	1.0	0.3951722640417349	0.2713906821921902	0.2102273953530278	0.6000128061209576	0.5256256978857798	0.3877840772538724	1.0	0.7263875964832449	0.36842508079698233	0.3688112999677003	1.0	0.3708562955473521	0.7210092110599264	1.0	0.5666293715118238
fr	1.0	0.6994017365373273	0.6287559748922992	1.0	0.661251134120194	0.32222609010605924	1.0	0.1947105841052858	0.38448303569950776	1.0	1.0	1.0	0.728099120889861	0.6443242360956812	0.37343703970438946	0.7116768074483948	0.7248485669756152	1.0	1.0	1.0	1.0	0.3786175998660455	0.3188409728372392	0.264367646416424	0.6421409926345868	0.5541029132206078	0.3753963613736678	1.0	0.7300208629885034	0.4046245675673767	0.4029217697905729	1.0	0.2611667347734997	1.0	1.0	1.0
he	1.0	0.7584325078215763	0.8006496489737016	1.0	0.7411828468492555	0.718925811717485	1.0	0.4056373029008352	1.0	1.0	1.0	1.0	0.7411828468492556	1.0	0.7199285383279774	1.0	1.0	1.0	1.0	1.0	1.0	0.6589257440209708	1.0	0.4893464913004103	1.0	1.0	0.3692520406910114	1.0	0.7322034805959264	0.7300208629885034	0.6638546162332061	1.0	0.7455134344225701	1.0	1.0	1.0
hi	1.0	0.7863954451402115	0.8020838914418607	1.0	0.7510341748895939	1.0	1.0	1.0	1.0	1.0	1.0	1.0	0.7584325078215765	1.0	1.0	1.0	1.0	1.0	1.0	1.0	1.0	1.0	1.0	1.0	1.0	1.0	0.6974253625788667	1.0	1.0	1.0	0.74551343442257	1.0	0.6380732827477678	1.0	1.0	1.0
hu	1.0	0.7690990303325336	0.4410929580464458	1.0	0.6575660918451187	0.6468909830471344	0.7584325078215765	0.6460242960363795	0.7322034805959264	0.728099120889861	0.7411828468492556	0.7584325078215765	1.0	0.7584325078215765	0.728099120889861	0.7411828468492555	0.7455134344225699	0.7584325078215765	1.0	1.0	1.0	0.6499913553099703	0.7300208629885034	0.728099120889861	0.7411828468492555	0.7347168825662658	0.5864593937423295	1.0	0.7376607345031152	1.0	0.8523100170540392	1.0	0.7106922308883379	0.74551343442257	1.0	0.7347168825662657
id	1.0	0.6666984105496916	0.7061950499552196	1.0	0.7510341748895939	0.644540021981109	1.0	0.5486629224246725	0.6468909830471344	0.6443242360956812	1.0	1.0	0.7584325078215765	1.0	0.6510253139194132	1.0	1.0	1.0	1.0	1.0	1.0	1.0	0.7300208629885035	0.5571146258868492	1.0	0.7300208629885035	0.6054612396734358	1.0	1.0	0.6572846022672738	0.8453349384065367	1.0	0.3114785232364913	0.7411828468492556	1.0	0.7411828468492555
it	1.0	0.7257120346900997	0.7802348555215669	1.0	0.7280991208898608	0.2939850354417836	1.0	0.2208303154385022	0.34668291990172867	0.37343703970438946	0.7199285383279774	1.0	0.728099120889861	0.6510253139194132	1.0	0.6423162003593036	0.7234532828151787	1.0	1.0	1.0	1.0	0.3789863998674114	0.31533345385754236	0.25722051368558857	0.6740147761467679	0.5120804230181351	0.366986360102282	1.0	0.6455519993951538	0.422353515722427	0.4583647214022601	1.0	0.3826609460030641	1.0	1.0	1.0
ja	1.0	0.7690990303325336	0.7981246226127383	1.0	0.7347168825662656	0.5026014729879815	1.0	0.30573108152320994	0.6663418263525128	0.7116768074483948	1.0	1.0	0.7411828468492555	1.0	0.6423162003593036	1.0	1.0	1.0	1.0	1.0	1.0	0.4515220353269749	0.5932464233149596	0.413404508060729	1.0	1.0	0.5773015845502918	1.0	0.7322034805959264	0.5777061017200021	0.5421448374928309	1.0	0.48582128408323166	1.0	1.0	1.0
ko	1.0	0.7690990303325336	0.7981246226127383	1.0	0.7455134344225701	0.7210092110599264	1.0	0.3758257335837069	0.590165468651495	0.7248485669756152	1.0	1.0	0.7455134344225699	1.0	0.7234532828151787	1.0	1.0	1.0	1.0	1.0	1.0	0.5998186767392315	1.0	0.5659241180136322	1.0	1.0	0.6147896179660541	1.0	1.0	1.0	0.661251134120194	1.0	0.6634518311496418	1.0	1.0	1.0
lv	1.0	0.7863954451402115	0.5603581332275064	1.0	0.7584325078215763	1.0	1.0	1.0	1.0	1.0	1.0	1.0	0.7584325078215765	1.0	1.0	1.0	1.0	1.0	1.0	1.0	1.0	1.0	1.0	1.0	1.0	1.0	0.6974253625788667	1.0	1.0	1.0	0.7584325078215763	1.0	0.6188647830726269	1.0	1.0	1.0
mk	0.0	1.0	0.8015110085913005	1.0	1.0	1.0	1.0	0.44930756545688116	1.0	1.0	1.0	1.0	1.0	1.0	1.0	1.0	1.0	1.0	1.0	0.0	1.0	1.0	1.0	1.0	1.0	1.0	0.4702762018265765	0.0	1.0	1.0	1.0	0.0	0.7510341748895938	1.0	0.0	1.0
ml	1.0	1.0	0.8015110085913006	1.0	1.0	1.0	1.0	1.0	1.0	1.0	1.0	1.0	1.0	1.0	1.0	1.0	1.0	1.0	0.0	1.0	1.0	1.0	1.0	1.0	1.0	1.0	0.7863954451402115	1.0	1.0	0.7863954451402115	1.0	1.0	0.7376607345031153	1.0	1.0	1.0
mr	1.0	1.0	0.8015110085913006	1.0	1.0	1.0	1.0	1.0	1.0	1.0	1.0	1.0	1.0	1.0	1.0	1.0	1.0	1.0	1.0	1.0	1.0	1.0	1.0	1.0	1.0	1.0	0.7863954451402115	1.0	1.0	1.0	0.7863954451402115	1.0	1.0	1.0	1.0	1.0
nl	1.0	0.7106922308883378	0.7719064178078812	1.0	0.6483618101972173	0.35092045151318163	1.0	0.31794966196963126	0.3951722640417349	0.3786175998660455	0.6589257440209708	1.0	0.6499913553099703	1.0	0.3789863998674114	0.4515220353269749	0.5998186767392315	1.0	1.0	1.0	1.0	1.0	0.3732095994029193	0.3161841368804638	0.6928997443627298	0.46451934115307114	0.27288178880565434	1.0	0.6227400380941496	0.4969397340396521	0.490393677209041	1.0	0.37746088779116793	0.6638546162332061	1.0	0.515811190206841
pl	1.0	0.7364248481899383	0.7410171425495377	1.0	0.661251134120194	0.2995218274683712	1.0	0.14501750890109572	0.2713906821921902	0.3188409728372392	1.0	1.0	0.7300208629885034	0.7300208629885035	0.31533345385754236	0.5932464233149596	1.0	1.0	1.0	1.0	1.0	0.3732095994029193	1.0	0.23723919030330173	1.0	0.5046521861465674	0.3552769741084512	1.0	0.728099120889861	0.3784030337163514	0.45025191999246805	1.0	0.39927239877140647	1.0	1.0	0.5310742086185168
pt	1.0	0.6212845645194138	0.32986092621257584	1.0	0.6049963408257749	0.24893118558822563	1.0	0.1664338498809957	0.2102273953530278	0.264367646416424	0.4893464913004103	1.0	0.728099120889861	0.5571146258868492	0.25722051368558857	0.413404508060729	0.5659241180136322	1.0	1.0	1.0	1.0	0.3161841368804638	0.23723919030330173	1.0	0.6031722582632507	0.35455971676016423	0.31513138309728883	1.0	0.5907385145885724	0.37162368412668756	0.34313725025483965	1.0	0.4406612214334959	0.5790144658109286	1.0	0.3753491910859439
ro	1.0	0.72653347084664	0.7443274903295188	1.0	0.7455134344225701	0.7234532828151787	1.0	0.4765370526624783	0.6000128061209576	0.6421409926345868	1.0	1.0	0.7411828468492555	1.0	0.6740147761467679	1.0	1.0	1.0	1.0	1.0	1.0	0.6928997443627298	1.0	0.6031722582632507	1.0	1.0	0.5223111626513662	1.0	0.74551343442257	0.5384889906994813	0.6740515375688696	1.0	0.6637329831288419	1.0	1.0	1.0
ru	1.0	0.7257120346900997	0.7981246226127384	1.0	0.7376607345031153	0.47301824681910554	1.0	0.1997125164516289	0.5256256978857798	0.5541029132206078	1.0	1.0	0.7347168825662658	0.7300208629885035	0.5120804230181351	1.0	1.0	1.0	1.0	1.0	1.0	0.46451934115307114	0.5046521861465674	0.35455971676016423	1.0	1.0	0.4342005879778574	1.0	0.7300208629885034	0.4789914234643272	0.4775093590742771	1.0	0.45933294687110227	1.0	1.0	1.0
sh	1.0	0.6781689558066553	0.3158995433114195	0.8216064286890065	0.6488615919074718	0.29135116763848834	0.6974253625788667	0.32017124783258905	0.3877840772538724	0.3753963613736678	0.3692520406910114	0.6974253625788667	0.5864593937423295	0.6054612396734358	0.366986360102282	0.5773015845502918	0.6147896179660541	0.6974253625788667	0.4702762018265765	0.7863954451402115	0.7863954451402115	0.27288178880565434	0.3552769741084512	0.31513138309728883	0.5223111626513662	0.4342005879778574	1.0	1.0	0.36037518935334045	0.33372105419335674	0.38018448083849044	1.0	0.32394245608578914	0.5486019055323831	1.0	0.5391561924236553
si	0.0	0.0	0.8534626888086329	0.0	1.0	1.0	1.0	1.0	1.0	1.0	1.0	1.0	1.0	1.0	1.0	1.0	1.0	1.0	0.0	1.0	1.0	1.0	1.0	1.0	1.0	1.0	1.0	1.0	1.0	1.0	1.0	0.0	1.0	1.0	0.0	1.0
simple	1.0	0.7863954451402115	0.7693326483094409	1.0	0.7455134344225701	0.6455519993951538	1.0	0.538674629123623	0.7263875964832449	0.7300208629885034	0.7322034805959264	1.0	0.7376607345031152	1.0	0.6455519993951538	0.7322034805959264	1.0	1.0	1.0	1.0	1.0	0.6227400380941496	0.728099120889861	0.5907385145885724	0.74551343442257	0.7300208629885034	0.36037518935334045	1.0	1.0	1.0	0.6083767342342433	1.0	0.47146055084144833	0.7411828468492555	1.0	0.7322034805959264
sr	1.0	0.5886269667637702	0.8006496489737016	1.0	0.7376607345031153	0.4099348912358248	1.0	0.2833466688816567	0.36842508079698233	0.4046245675673767	0.7300208629885034	1.0	1.0	0.6572846022672738	0.422353515722427	0.5777061017200021	1.0	1.0	1.0	0.7863954451402115	1.0	0.4969397340396521	0.3784030337163514	0.37162368412668756	0.5384889906994813	0.4789914234643272	0.33372105419335674	1.0	1.0	1.0	0.5173880623399499	1.0	0.6675879370773626	0.587357073581606	1.0	0.561341389266759
sv	1.0	0.7510341748895938	0.6671210363966643	1.0	0.6523839999161463	0.40621045772323494	0.7584325078215763	0.29079069174371847	0.3688112999677003	0.4029217697905729	0.6638546162332061	0.74551343442257	0.8523100170540392	0.8453349384065367	0.4583647214022601	0.5421448374928309	0.661251134120194	0.7584325078215763	1.0	1.0	0.7863954451402115	0.490393677209041	0.45025191999246805	0.34313725025483965	0.6740515375688696	0.4775093590742771	0.38018448083849044	1.0	0.6083767342342433	0.5173880623399499	1.0	1.0	0.4918579960438922	0.661251134120194	1.0	0.5453111577010742
te	1.0	1.0	0.8155937667255985	1.0	1.0	1.0	1.0	1.0	1.0	1.0	1.0	1.0	1.0	1.0	1.0	1.0	1.0	1.0	0.0	1.0	1.0	1.0	1.0	1.0	1.0	1.0	1.0	0.0	1.0	1.0	1.0	1.0	1.0	1.0	1.0	1.0
tr	1.0	0.32450676055220123	-1.0	0.7863954451402115	0.30542544402765115	0.4067919660518075	0.6467936504043929	0.3581642976370972	0.3708562955473521	0.2611667347734997	0.7455134344225701	0.6380732827477678	0.7106922308883379	0.3114785232364913	0.3826609460030641	0.48582128408323166	0.6634518311496418	0.6188647830726269	0.7510341748895938	0.7376607345031153	1.0	0.37746088779116793	0.39927239877140647	0.4406612214334959	0.6637329831288419	0.45933294687110227	0.32394245608578914	1.0	0.47146055084144833	0.6675879370773626	0.4918579960438922	1.0	1.0	0.549178852412765	1.0	0.4870654245384917
vi	1.0	0.7584325078215763	0.6662442200884033	1.0	0.7411828468492555	0.6431593282664875	1.0	0.4531317065626335	0.7210092110599264	1.0	1.0	1.0	0.74551343442257	0.7411828468492556	1.0	1.0	1.0	1.0	1.0	1.0	1.0	0.6638546162332061	1.0	0.5790144658109286	1.0	1.0	0.5486019055323831	1.0	0.7411828468492555	0.587357073581606	0.661251134120194	1.0	0.549178852412765	1.0	1.0	1.0
war	1.0	1.0	0.46197187327776634	1.0	1.0	1.0	1.0	1.0	1.0	1.0	1.0	1.0	1.0	1.0	1.0	1.0	1.0	1.0	0.0	1.0	1.0	1.0	1.0	1.0	1.0	1.0	1.0	0.0	1.0	1.0	1.0	1.0	1.0	1.0	1.0	1.0
zh	1.0	0.7510341748895938	0.24292182188721753	1.0	0.7376607345031153	0.5517260065831702	1.0	0.44502525579915186	0.5666293715118238	1.0	1.0	1.0	0.7347168825662657	0.7411828468492555	1.0	1.0	1.0	1.0	1.0	1.0	1.0	0.515811190206841	0.5310742086185168	0.3753491910859439	1.0	1.0	0.5391561924236553	1.0	0.7322034805959264	0.561341389266759	0.5453111577010742	1.0	0.4870654245384917	1.0	1.0	1.0
