arz	bs	ceb	ckb	da	de	el	en	es	fr	he	hi	hu	id	it	ja	ko	lv	mk	ml	mr	nl	pl	pt	ro	ru	sh	si	simple	sr	sv	te	vi	war	zh
arz	1.0	1.0	0.0	0.0	1.0	1.0	1.0	0.585786437626905	1.0	0.0	1.0	0.0	1.0	1.0	1.0	1.0	1.0	1.0	1.0	0.0	0.0	1.0	1.0	1.0	0.585786437626905	1.0	1.0	0.0	1.0	1.0	1.0	0.0	1.0	0.0	0.585786437626905
bs	1.0	1.0	0.0	1.0	0.585786437626905	0.585786437626905	0.36602540378443865	0.0858427658470324	0.09174737048053264	0.0	0.40453726661826384	1.0	0.585786437626905	0.3333333333333333	0.11497686110163649	0.36602540378443865	0.585786437626905	0.39564392373896007	0.36602540378443865	0.585786437626905	1.0	0.585786437626905	0.18913059711355598	0.24257131419419417	0.3425542621941936	0.19160741797296413	0.585786437626905	1.0	0.36602540378443865	0.36602540378443865	0.5	1.0	1.0	0.585786437626905	0.2674788903885893
ceb	0.0	0.0	1.0	0.0	1.0	1.0	1.0	1.0	1.0	0.0	1.0	0.0	0.0	0.0	1.0	1.0	1.0	1.0	0.0	0.0	0.0	1.0	1.0	1.0	1.0	1.0	1.0	0.0	0.0	0.0	1.0	0.0	1.0	0.0	1.0
ckb	0.0	1.0	0.0	1.0	1.0	1.0	1.0	1.0	1.0	0.0	1.0	1.0	1.0	1.0	1.0	1.0	1.0	1.0	1.0	1.0	1.0	1.0	1.0	1.0	1.0	1.0	1.0	1.0	1.0	1.0	1.0	1.0	0.585786437626905	1.0	1.0
da	1.0	0.585786437626905	1.0	1.0	1.0	0.14168214264269985	0.21604850763119512	0.030105737279441262	0.07824613682465467	0.0	0.21551468935838852	0.585786437626905	0.44948974278317805	0.2394964932707826	0.0650897688948329	0.09965389872278897	0.32881309020609956	0.3021694792519622	1.0	0.3660254037844386	1.0	0.08255367039007235	0.15042098700897008	0.171310475400854	0.05000600174351391	0.06599804891635709	0.2474401533514073	1.0	0.585786437626905	0.3726822671238253	0.0473267699953199	1.0	0.3430703308172536	1.0	0.14005538346603544
de	1.0	0.585786437626905	1.0	1.0	0.14168214264269985	1.0	0.09139128252590929	0.0026514252673311106	0.039598519762480425	0.0	0.12417165107349624	0.5	0.17284906144302098	0.05848666451653117	0.021917800716054307	0.01103110336615844	0.4142135623730951	0.2898979485566356	0.585786437626905	0.08341158655649444	1.0	0.01724676152874825	0.023563429887638744	0.05333540925230492	0.016970767889638007	0.005281631604510858	0.24496552958641032	1.0	0.3660254037844386	0.20467176209539642	0.02500450196887579	1.0	0.12359041908395198	1.0	0.03712273507473706
el	1.0	0.36602540378443865	1.0	1.0	0.21604850763119512	0.09139128252590929	1.0	0.008883756322664959	0.022967836775237487	0.0	0.13722025545089508	1.0	0.2489655093579841	0.06930686334806972	0.02695157838123784	0.08689657435581485	0.38742588672279304	0.23582845781094	0.585786437626905	0.2070518364164892	1.0	0.07558334202458696	0.029981641921042693	0.06241390099041409	0.036191469936965814	0.02533916124466545	0.24660605559646726	1.0	0.5	0.28436465220442186	0.14251828359649232	1.0	0.20941346507048056	1.0	0.10072192364895995
en	0.585786437626905	0.0858427658470324	1.0	1.0	0.030105737279441262	0.0026514252673311106	0.008883756322664959	1.0	0.0008794953561928136	1.0	0.029937165144720175	0.38742588672279304	0.09234863912389636	0.012134750437405027	0.0040221699006566455	0.005523804801826946	0.1380262631157473	0.06703350027631318	0.29893508442482547	0.0062315922628113085	1.0	0.0051474774436481964	0.0035038500625547628	0.003815943328027387	0.006119243996621044	0.00748542351713757	0.07253634775944452	1.0	0.11290432947166706	0.10562355377661414	0.005495190531569219	1.0	0.06264471626684441	1.0	0.006544694241515614
es	1.0	0.09174737048053264	1.0	1.0	0.07824613682465467	0.039598519762480425	0.022967836775237487	0.0008794953561928136	1.0	0.585786437626905	0.07951757069767088	0.44948974278317805	0.1774053291584318	0.020698000426192378	0.0011355736340888318	0.006521437957441196	0.44948974278317805	0.24179033438163733	0.585786437626905	0.01133476575237851	1.0	0.0032995960979217303	0.0018508014333061375	0.004236732438670202	0.009834345948749912	0.002081428949220652	0.19367338768973055	1.0	0.3203772410170407	0.17176743283130236	0.008800783045580234	1.0	0.08699512700671046	1.0	0.009106596814376481
fr	0.0	0.0	0.0	0.0	0.0	0.0	0.0	1.0	0.585786437626905	1.0	0.0	0.0	0.0	0.0	1.0	0.0	0.0	0.0	0.0	0.0	0.0	1.0	1.0	1.0	0.0	0.585786437626905	0.0	0.0	0.0	0.0	0.0	0.0	0.0	0.0	1.0
he	1.0	0.40453726661826384	1.0	1.0	0.21551468935838852	0.12417165107349624	0.13722025545089508	0.029937165144720175	0.07951757069767088	0.0	1.0	0.585786437626905	0.26968623182294527	0.09509124182090978	0.0659271683250343	0.06616068002765053	0.32881309020609956	0.25	0.585786437626905	0.3090169943749474	1.0	0.07043112227334004	0.07103403370452079	0.09063409256719612	0.02925794924781611	0.04543596854511481	0.21604850763119507	1.0	0.5	0.23441237831492112	0.12204200966078954	1.0	0.1569940562106229	0.585786437626905	0.06355473750487214
hi	0.0	1.0	0.0	1.0	0.585786437626905	0.5	1.0	0.38742588672279304	0.44948974278317805	0.0	0.585786437626905	1.0	0.585786437626905	0.585786437626905	0.585786437626905	1.0	0.585786437626905	0.585786437626905	1.0	1.0	1.0	0.5	0.585786437626905	0.5	0.585786437626905	0.44948974278317805	0.5	0.585786437626905	1.0	0.585786437626905	0.585786437626905	1.0	0.585786437626905	1.0	0.5
hu	1.0	0.585786437626905	0.0	1.0	0.44948974278317805	0.17284906144302098	0.2489655093579841	0.09234863912389636	0.1774053291584318	0.0	0.26968623182294527	0.585786437626905	1.0	0.40453726661826384	0.2016895928872254	0.17411239489546831	0.5	0.5	1.0	0.3660254037844386	1.0	0.1809073112342927	0.14328432723886902	0.2449655295864104	0.09788058157007404	0.1466997803717274	0.44948974278317805	1.0	0.44948974278317805	0.5	0.1948102957023263	1.0	0.5	1.0	0.19219040425836986
id	1.0	0.3333333333333333	0.0	1.0	0.2394964932707826	0.05848666451653117	0.06930686334806972	0.012134750437405027	0.020698000426192378	0.0	0.09509124182090978	0.585786437626905	0.40453726661826384	1.0	0.01859064865083111	0.03789694421724706	0.4142135623730951	0.17100799366294794	0.44948974278317805	0.15909973619927822	1.0	0.03556074858091319	0.028362719871830283	0.028998395640539545	0.15720311670828283	0.017268649323384316	0.1512290518085545	0.585786437626905	0.20658711810431302	0.2928060946961875	0.11476280872257703	1.0	0.16952084719853724	0.585786437626905	0.04958744606892607
it	1.0	0.11497686110163649	1.0	1.0	0.0650897688948329	0.021917800716054307	0.02695157838123784	0.0040221699006566455	0.0011355736340888318	1.0	0.0659271683250343	0.585786437626905	0.2016895928872254	0.01859064865083111	1.0	0.006694174473071092	0.3203772410170407	0.2008390199171533	0.44948974278317805	0.0072968565070048366	1.0	0.0029617081089634255	0.002396553836026235	0.004224219887527486	0.010500117549890256	0.0027600377016403594	0.15038761462725922	1.0	0.33333333333333326	0.14590502139090333	0.010789516905288668	1.0	0.07410701843525715	1.0	0.009776699219967272
ja	1.0	0.36602540378443865	1.0	1.0	0.09965389872278897	0.01103110336615844	0.08689657435581485	0.005523804801826946	0.006521437957441196	0.0	0.06616068002765053	1.0	0.17411239489546831	0.03789694421724706	0.006694174473071092	1.0	0.10405150910874718	0.12060474667237929	0.4142135623730951	0.0762927662187363	1.0	0.011119904278877754	0.008754731984422962	0.010101766066472652	0.0232189682565231	0.007037965679434357	0.09929786595369335	0.585786437626905	0.21551468935838852	0.16922835859105764	0.01992789066088479	1.0	0.08446130209733389	1.0	0.01838292986169496
ko	1.0	0.585786437626905	1.0	1.0	0.32881309020609956	0.4142135623730951	0.38742588672279304	0.1380262631157473	0.44948974278317805	0.0	0.32881309020609956	0.585786437626905	0.5	0.4142135623730951	0.3203772410170407	0.10405150910874718	1.0	0.585786437626905	1.0	0.4142135623730951	1.0	0.26533119314590375	0.38742588672279304	0.30552726787943424	0.05952829495778439	0.21089672205953397	0.4142135623730951	1.0	0.585786437626905	0.31615407452837835	0.2553967929896867	1.0	0.44948974278317805	1.0	0.25355482027512377
lv	1.0	0.39564392373896007	1.0	1.0	0.3021694792519622	0.2898979485566356	0.23582845781094	0.06703350027631318	0.24179033438163733	0.0	0.25	0.585786437626905	0.5	0.17100799366294794	0.2008390199171533	0.12060474667237929	0.585786437626905	1.0	0.585786437626905	0.5	1.0	0.1809073112342927	0.17684258135111194	0.21290885543182675	0.0477654249512633	0.11098274238203604	0.3660254037844386	1.0	0.5	0.36602540378443865	0.12973190755680383	1.0	0.4142135623730951	1.0	0.1145196978323357
mk	1.0	0.36602540378443865	0.0	1.0	1.0	0.585786437626905	0.585786437626905	0.29893508442482547	0.585786437626905	0.0	0.585786437626905	1.0	1.0	0.44948974278317805	0.44948974278317805	0.4142135623730951	1.0	0.585786437626905	1.0	0.5	1.0	0.585786437626905	0.44948974278317805	0.4364916731037085	0.23371479611805132	0.34833147735478825	0.585786437626905	1.0	1.0	0.39564392373896	0.44948974278317805	1.0	1.0	1.0	0.39564392373896007
ml	0.0	0.585786437626905	0.0	1.0	0.3660254037844386	0.08341158655649444	0.2070518364164892	0.0062315922628113085	0.01133476575237851	0.0	0.3090169943749474	1.0	0.3660254037844386	0.15909973619927822	0.0072968565070048366	0.0762927662187363	0.4142135623730951	0.5	0.5	1.0	1.0	0.026918365745150444	0.038821378815895036	0.04755974475746549	0.04732685472884257	0.01172741475369865	0.4142135623730951	1.0	0.21393876913398135	0.3090169943749474	0.1775126013355801	1.0	0.2791745113185196	0.585786437626905	0.10606136810808488
mr	0.0	1.0	0.0	1.0	1.0	1.0	1.0	1.0	1.0	0.0	1.0	1.0	1.0	1.0	1.0	1.0	1.0	1.0	1.0	1.0	1.0	1.0	1.0	1.0	1.0	1.0	1.0	1.0	1.0	1.0	1.0	1.0	1.0	1.0	1.0
nl	1.0	0.585786437626905	1.0	1.0	0.08255367039007235	0.01724676152874825	0.07558334202458696	0.0051474774436481964	0.0032995960979217303	1.0	0.07043112227334004	0.5	0.1809073112342927	0.03556074858091319	0.0029617081089634255	0.011119904278877754	0.26533119314590375	0.1809073112342927	0.585786437626905	0.026918365745150444	1.0	1.0	0.004519454999880649	0.0209156422530829	0.01438025278026002	0.004805482464324526	0.1683126986530049	1.0	0.28708594921778513	0.19292728076790167	0.015804515710882587	1.0	0.09953237089161339	0.585786437626905	0.026238959873803074
pl	1.0	0.18913059711355598	1.0	1.0	0.15042098700897008	0.023563429887638744	0.029981641921042693	0.0035038500625547628	0.0018508014333061375	1.0	0.07103403370452079	0.585786437626905	0.14328432723886902	0.028362719871830283	0.002396553836026235	0.008754731984422962	0.38742588672279304	0.17684258135111194	0.44948974278317805	0.038821378815895036	1.0	0.004519454999880649	1.0	0.018193270889109377	0.012237512819440775	0.0030883801063755333	0.16666666666666666	1.0	0.3090169943749474	0.15699405621062287	0.01633420716718327	1.0	0.11540874213641464	1.0	0.015871059200506302
pt	1.0	0.24257131419419417	1.0	1.0	0.171310475400854	0.05333540925230492	0.06241390099041409	0.003815943328027387	0.004236732438670202	1.0	0.09063409256719612	0.5	0.2449655295864104	0.028998395640539545	0.004224219887527486	0.010101766066472652	0.30552726787943424	0.21290885543182675	0.4364916731037085	0.04755974475746549	1.0	0.0209156422530829	0.018193270889109377	1.0	0.015314950187789608	0.006242162506021138	0.13727019597372123	1.0	0.3244997998398398	0.20521309615767264	0.06813435553562291	1.0	0.1075663731169891	1.0	0.01587373862326732
ro	0.585786437626905	0.3425542621941936	1.0	1.0	0.05000600174351391	0.016970767889638007	0.036191469936965814	0.006119243996621044	0.009834345948749912	0.0	0.02925794924781611	0.585786437626905	0.09788058157007404	0.15720311670828283	0.010500117549890256	0.0232189682565231	0.05952829495778439	0.0477654249512633	0.23371479611805132	0.04732685472884257	1.0	0.01438025278026002	0.012237512819440775	0.015314950187789608	1.0	0.010115463208500526	0.04050357713903151	1.0	0.1548242231105025	0.0794027346752328	0.029097678741148214	0.4364916731037085	0.06464982536592287	0.585786437626905	0.022899591976229077
ru	1.0	0.19160741797296413	1.0	1.0	0.06599804891635709	0.005281631604510858	0.02533916124466545	0.00748542351713757	0.002081428949220652	0.585786437626905	0.04543596854511481	0.44948974278317805	0.1466997803717274	0.017268649323384316	0.0027600377016403594	0.007037965679434357	0.21089672205953397	0.11098274238203604	0.34833147735478825	0.01172741475369865	1.0	0.004805482464324526	0.0030883801063755333	0.006242162506021138	0.010115463208500526	1.0	0.11970117094449112	1.0	0.2240092377397959	0.13989593640151518	0.011985857389184465	1.0	0.07996910055617161	1.0	0.011735973260652588
sh	1.0	0.585786437626905	1.0	1.0	0.2474401533514073	0.24496552958641032	0.24660605559646726	0.07253634775944452	0.19367338768973055	0.0	0.21604850763119507	0.5	0.44948974278317805	0.1512290518085545	0.15038761462725922	0.09929786595369335	0.4142135623730951	0.3660254037844386	0.585786437626905	0.4142135623730951	1.0	0.1683126986530049	0.16666666666666666	0.13727019597372123	0.04050357713903151	0.11970117094449112	1.0	1.0	0.44948974278317805	0.28989794855663564	0.18163482541075254	1.0	0.3164309725825327	1.0	0.125
si	0.0	1.0	0.0	1.0	1.0	1.0	1.0	1.0	1.0	0.0	1.0	0.585786437626905	1.0	0.585786437626905	1.0	0.585786437626905	1.0	1.0	1.0	1.0	1.0	1.0	1.0	1.0	1.0	1.0	1.0	1.0	1.0	1.0	1.0	1.0	1.0	1.0	1.0
simple	1.0	0.36602540378443865	0.0	1.0	0.585786437626905	0.3660254037844386	0.5	0.11290432947166706	0.3203772410170407	0.0	0.5	1.0	0.44948974278317805	0.20658711810431302	0.33333333333333326	0.21551468935838852	0.585786437626905	0.5	1.0	0.21393876913398135	1.0	0.28708594921778513	0.3090169943749474	0.3244997998398398	0.1548242231105025	0.2240092377397959	0.44948974278317805	1.0	1.0	0.39564392373896007	0.34833147735478825	1.0	0.36602540378443865	1.0	0.15438708879488486
sr	1.0	0.36602540378443865	0.0	1.0	0.3726822671238253	0.20467176209539642	0.28436465220442186	0.10562355377661414	0.17176743283130236	0.0	0.23441237831492112	0.585786437626905	0.5	0.2928060946961875	0.14590502139090333	0.16922835859105764	0.31615407452837835	0.36602540378443865	0.39564392373896	0.3090169943749474	1.0	0.19292728076790167	0.15699405621062287	0.20521309615767264	0.0794027346752328	0.13989593640151518	0.28989794855663564	1.0	0.39564392373896007	1.0	0.30552726787943424	1.0	0.28436465220442186	0.585786437626905	0.1951941016011038
sv	1.0	0.5	1.0	1.0	0.0473267699953199	0.02500450196887579	0.14251828359649232	0.005495190531569219	0.008800783045580234	0.0	0.12204200966078954	0.585786437626905	0.1948102957023263	0.11476280872257703	0.010789516905288668	0.01992789066088479	0.2553967929896867	0.12973190755680383	0.44948974278317805	0.1775126013355801	1.0	0.015804515710882587	0.01633420716718327	0.06813435553562291	0.029097678741148214	0.011985857389184465	0.18163482541075254	1.0	0.34833147735478825	0.30552726787943424	1.0	1.0	0.2025519956555797	0.585786437626905	0.06172524065578654
te	0.0	1.0	0.0	1.0	1.0	1.0	1.0	1.0	1.0	0.0	1.0	1.0	1.0	1.0	1.0	1.0	1.0	1.0	1.0	1.0	1.0	1.0	1.0	1.0	0.4364916731037085	1.0	1.0	1.0	1.0	1.0	1.0	1.0	1.0	1.0	1.0
vi	1.0	1.0	1.0	0.585786437626905	0.3430703308172536	0.12359041908395198	0.20941346507048056	0.06264471626684441	0.08699512700671046	0.0	0.1569940562106229	0.585786437626905	0.5	0.16952084719853724	0.07410701843525715	0.08446130209733389	0.44948974278317805	0.4142135623730951	1.0	0.2791745113185196	1.0	0.09953237089161339	0.11540874213641464	0.1075663731169891	0.06464982536592287	0.07996910055617161	0.3164309725825327	1.0	0.36602540378443865	0.28436465220442186	0.2025519956555797	1.0	1.0	1.0	0.10138906696106369
war	0.0	0.585786437626905	0.0	1.0	1.0	1.0	1.0	1.0	1.0	0.0	0.585786437626905	1.0	1.0	0.585786437626905	1.0	1.0	1.0	1.0	1.0	0.585786437626905	1.0	0.585786437626905	1.0	1.0	0.585786437626905	1.0	1.0	1.0	1.0	0.585786437626905	0.585786437626905	1.0	1.0	1.0	1.0
zh	0.585786437626905	0.2674788903885893	1.0	1.0	0.14005538346603544	0.03712273507473706	0.10072192364895995	0.006544694241515614	0.009106596814376481	1.0	0.06355473750487214	0.5	0.19219040425836986	0.04958744606892607	0.009776699219967272	0.01838292986169496	0.25355482027512377	0.1145196978323357	0.39564392373896007	0.10606136810808488	1.0	0.026238959873803074	0.015871059200506302	0.01587373862326732	0.022899591976229077	0.011735973260652588	0.125	1.0	0.15438708879488486	0.1951941016011038	0.06172524065578654	1.0	0.10138906696106369	1.0	1.0
