arz	bs	ceb	ckb	da	de	el	en	es	fr	he	hi	hu	id	it	ja	ko	lv	mk	ml	mr	nl	pl	pt	ro	ru	sh	si	simple	sr	sv	te	vi	war	zh
arz	1.0	0.17331163236077404	1.0	0.44948974278317805	0.1951941016011038	0.13838280108241804	0.1951941016011038	0.10228504132721317	0.13441406812917991	0.12097221717826216	0.15225881209433406	0.19675422795565722	0.18303758074463497	0.19255770101324873	0.11783205801449442	0.09581170767153864	0.12801010299449445	0.24660605559646726	0.15255229934515613	0.2240092377397959	0.22772999919644132	0.14064497963140699	0.13152651661238665	0.09463352184990685	0.14972506706560876	0.0942778376648056	0.15260705306097969	0.30216947925196225	0.15706876260418606	0.15075246881789542	0.1256684411548521	0.30552726787943424	0.16097446842180752	0.5	0.08242109859955789
bs	0.17331163236077404	1.0	0.5	0.09244641633589443	0.01162327341113189	0.006949542804531283	0.0120170467565588	0.010915812069638124	0.007154691399199392	0.008034197976507809	0.008826640649900387	0.012857329166568425	0.013162520169522544	0.009562520297557074	0.012592520421672809	0.012744025858526069	0.010278810362331404	0.019300759148853347	0.017474898745764748	0.026829560232906908	0.0411728182516772	0.0073189158811348635	0.0074564144372479884	0.012203819071550317	0.014346126991668425	0.013612453715103544	0.010179725439254833	0.0893647678510292	0.01174214346564946	0.008870435841119479	0.011735169936616711	0.062459737160788696	0.010003141963376748	0.19292728076790167	0.014739748382942916
ceb	1.0	0.5	1.0	0.585786437626905	0.4364916731037085	0.3333333333333333	0.41319688409934685	0.32037724101704074	0.3333333333333333	0.32037724101704074	0.3333333333333333	0.3333333333333333	0.39564392373896007	0.3333333333333333	0.36602540378443865	0.3333333333333333	0.3333333333333333	0.585786437626905	0.3164309725825328	0.3483314773547883	0.585786437626905	0.36602540378443865	0.3333333333333333	0.3333333333333333	0.32037724101704074	0.32037724101704074	0.4364916731037085	0.5	0.39564392373896007	0.3333333333333333	0.36602540378443865	0.585786437626905	0.39564392373896007	0.4364916731037085	0.39564392373896007
ckb	0.44948974278317805	0.09244641633589443	0.585786437626905	1.0	0.15295783961613652	0.12219988139184167	0.05900368661277613	0.04246807298847005	0.12389934309929541	0.06222754825533065	0.0937815864145477	0.06568514237604448	0.10801085013132487	0.11916849186025974	0.04534807879343714	0.0406348964172955	0.0971579976593233	0.09400180090500902	0.06702229285701822	0.08057101690287012	0.07343422408461528	0.10490656828803088	0.11738652753778328	0.026763262175113746	0.12082146419423595	0.022969514634197146	0.09170488580362006	0.125	0.09208945982425147	0.11705203696347845	0.04739056822796599	0.22584440001865322	0.10675599653181317	0.44948974278317805	0.017132162246104282
da	0.1951941016011038	0.01162327341113189	0.4364916731037085	0.15295783961613652	1.0	0.003529397128670955	0.0060345102878518915	0.004854974642235232	0.0036611440943520148	0.004665523605781697	0.004474538878479007	0.007565638298444063	0.00591907816744734	0.007236763314134245	0.004790534423982913	0.004648079287233143	0.005159772728066447	0.011050185480976374	0.008375934388515499	0.010533995376681106	0.019873863913530288	0.0038456149927454802	0.0038592592124380445	0.004809016787330391	0.008304576190052032	0.004845386630360815	0.00627725272547673	0.05388787588634479	0.005298937470259266	0.0062508638379298875	0.004974414958540676	0.10805797139448853	0.005947177591562084	0.25	0.0051634874417506105
de	0.13838280108241804	0.006949542804531283	0.3333333333333333	0.12219988139184167	0.003529397128670955	1.0	0.0033993310151952077	0.00334768098924053	0.0037774206268178377	0.0042664653593230675	0.0035101542655888453	0.003925653917260297	0.003230814022563486	0.002856611862562178	0.003862937020893612	0.003682963510448297	0.0029947218288057086	0.006941151984955183	0.005153977001150713	0.006333270042851341	0.014832618900976494	0.002994536367994399	0.0035786790596699413	0.00386460579271824	0.0034676532814617925	0.004174071212328338	0.0033535817750295323	0.02071903127270261	0.0030935380936631778	0.0028913121282437846	0.003723041232634139	0.05858176357624178	0.0031056774148629836	0.3021694792519622	0.0035522291026758445
el	0.1951941016011038	0.0120170467565588	0.41319688409934685	0.05900368661277613	0.0060345102878518915	0.0033993310151952077	1.0	0.012755515713000704	0.003323566255256989	0.008228584885062312	0.006259601040928498	0.009003470349663393	0.008212597317078	0.005220987305608339	0.011503347746429034	0.012544394607616369	0.007590148173076429	0.010044135253305761	0.011427765125289818	0.012627504936562579	0.019301915701480613	0.003768811864299665	0.003605245203481463	0.013625384681999706	0.006708342144791393	0.013861102800615914	0.009074216439097548	0.03705298292168708	0.008151755517513376	0.005131214303833129	0.012606540886387367	0.06698181898236272	0.007410634717981041	0.15541324630787623	0.01355491320289734
en	0.10228504132721317	0.010915812069638124	0.32037724101704074	0.04246807298847005	0.004854974642235232	0.00334768098924053	0.012755515713000704	1.0	0.003991903419316595	0.004442549148713912	0.008800686608335138	0.011519645880335237	0.012366778641691254	0.005311579410030076	0.004833906814130526	0.00678049078556249	0.011975200378133622	0.00843867856400677	0.014458452646259272	0.011807893258111596	0.014920905523683527	0.0038532388231839643	0.0042937322885494246	0.0054607275515215084	0.0071525565819245615	0.0055465284173188524	0.012962299266374967	0.01899629317428567	0.014912276382037449	0.007513221982389155	0.009086279666776711	0.016372558105941383	0.010092926962332554	0.15402579489467522	0.008573229954011363
es	0.13441406812917991	0.007154691399199392	0.3333333333333333	0.12389934309929541	0.0036611440943520148	0.0037774206268178377	0.003323566255256989	0.003991903419316595	1.0	0.0041759149384740495	0.0031136383170337614	0.0037694722570568136	0.003341956444675199	0.0027352131362762796	0.0029892950744267446	0.0035762264913703767	0.0030770461985314248	0.0065284094732932394	0.004907810338935224	0.006121489094054956	0.014420044691908405	0.002802098829139407	0.00341534161437556	0.0033210809346305515	0.003419685246959491	0.003614347386363112	0.0032274451482060857	0.020190851269188674	0.0030344031716438547	0.0028075029648911873	0.0034435325480129397	0.05746723681662957	0.0028877028464111467	0.2612038749637414	0.003315273607314311
fr	0.12097221717826216	0.008034197976507809	0.32037724101704074	0.06222754825533065	0.004665523605781697	0.0042664653593230675	0.008228584885062312	0.004442549148713912	0.0041759149384740495	1.0	0.008774695061089475	0.00872276508628682	0.008238058630724257	0.00483474234073681	0.005500346980305203	0.009272872780917782	0.011004181123458476	0.007440019170642985	0.008995293755578612	0.007845804551367994	0.01424387518669852	0.003778836819860021	0.003788995501445836	0.005965839339101412	0.005680133134758482	0.006979766947425942	0.009803381076396887	0.01883947376119911	0.009979669207539187	0.006799371293591907	0.009374710782296725	0.04133894923202715	0.00896304986774386	0.20894541729001367	0.009833936935362995
he	0.15225881209433406	0.008826640649900387	0.3333333333333333	0.0937815864145477	0.004474538878479007	0.0035101542655888453	0.006259601040928498	0.008800686608335138	0.0031136383170337614	0.008774695061089475	1.0	0.005852099837179783	0.005698351993285931	0.0041240652481565635	0.008293674985044191	0.007954660480224836	0.007018881654387318	0.007872180518604777	0.0062747041477789625	0.007737589574599794	0.016155722694514863	0.002995622508098314	0.003404831425153886	0.008955542555773183	0.00525552636423555	0.009090082689005782	0.005582183572422102	0.026285354562524413	0.0062711111594474095	0.005009189040922147	0.009312328678029084	0.062396098776732516	0.005838867222108446	0.24660605559646726	0.008133338994274023
hi	0.19675422795565722	0.012857329166568425	0.3333333333333333	0.06568514237604448	0.007565638298444063	0.003925653917260297	0.009003470349663393	0.011519645880335237	0.0037694722570568136	0.00872276508628682	0.005852099837179783	1.0	0.00868056186958389	0.005087352646001554	0.010899898739509882	0.010344658265891505	0.007709192743325393	0.012841721655508708	0.010463590614180576	0.011340044884918313	0.01813704396989821	0.004150047260552968	0.004093429290051508	0.010021828164948973	0.0073016096102234565	0.010090539013638756	0.009700047914438875	0.034782818074887895	0.00802275998809751	0.005710630860318137	0.01002746297410182	0.05115497762112821	0.006490050430505874	0.21519646388309702	0.01170927336255948
hu	0.18303758074463497	0.013162520169522544	0.39564392373896007	0.10801085013132487	0.00591907816744734	0.003230814022563486	0.008212597317078	0.012366778641691254	0.003341956444675199	0.008238058630724257	0.005698351993285931	0.00868056186958389	1.0	0.005246030442516314	0.012986837893426561	0.010264972631770229	0.007513818684782145	0.011743360709159035	0.009976239301383416	0.014220399318367586	0.019022385848781898	0.0034890901980204206	0.0035174342977787217	0.01095629412029979	0.006900572020491101	0.011873691426183544	0.007888878858724227	0.05450005469235359	0.008571852516823419	0.005507579354173755	0.010776693507013024	0.047800638911505586	0.006908289169162637	0.23582845781094	0.010524240615184314
id	0.19255770101324873	0.009562520297557074	0.3333333333333333	0.11916849186025974	0.007236763314134245	0.002856611862562178	0.005220987305608339	0.005311579410030076	0.0027352131362762796	0.00483474234073681	0.0041240652481565635	0.005087352646001554	0.005246030442516314	1.0	0.004790382889213182	0.005087013704528681	0.004290888515097437	0.009631076650568534	0.0068643727609094644	0.008078261838722739	0.016545707192922036	0.002882377314733619	0.003007987027371519	0.004969695368409942	0.005714836443163864	0.004987769339237406	0.00474369788742743	0.034851058939377955	0.004500396930451754	0.004127671727557611	0.004660552890534856	0.06443539296746206	0.004413367700179863	0.26968623182294527	0.004758207537923599
it	0.11783205801449442	0.012592520421672809	0.36602540378443865	0.04534807879343714	0.004790534423982913	0.003862937020893612	0.011503347746429034	0.004833906814130526	0.0029892950744267446	0.005500346980305203	0.008293674985044191	0.010899898739509882	0.012986837893426561	0.004790382889213182	1.0	0.009104228915674336	0.012138936978605866	0.008667154527442433	0.011679551635421902	0.011079409443053126	0.015822121073684508	0.0039541103165635395	0.0037346187558334946	0.006027244058117028	0.006254344825883088	0.007300964516780769	0.012402837748470537	0.024270545768448473	0.012745390249637263	0.007316963544704076	0.009896236088449277	0.020143043348714564	0.010366480750848233	0.19367338768973053	0.009752002868385073
ja	0.09581170767153864	0.012744025858526069	0.3333333333333333	0.0406348964172955	0.004648079287233143	0.003682963510448297	0.012544394607616369	0.00678049078556249	0.0035762264913703767	0.009272872780917782	0.007954660480224836	0.010344658265891505	0.010264972631770229	0.005087013704528681	0.009104228915674336	1.0	0.0120228391577579	0.009587027060592257	0.013923226183297483	0.012698522018188836	0.016167851114269133	0.003522422752447135	0.003542278429281225	0.009575044717721467	0.006743924546375105	0.008491839222135459	0.014224259769674216	0.01924425336308831	0.01644674566114974	0.0065963825871740885	0.010963766984311615	0.015043693986220314	0.009425174110956855	0.1576874152446502	0.011651959796419547
ko	0.12801010299449445	0.010278810362331404	0.3333333333333333	0.0971579976593233	0.005159772728066447	0.0029947218288057086	0.007590148173076429	0.011975200378133622	0.0030770461985314248	0.011004181123458476	0.007018881654387318	0.007709192743325393	0.007513818684782145	0.004290888515097437	0.012138936978605866	0.0120228391577579	1.0	0.008934718676222685	0.007936940917214133	0.00818137563359892	0.01540764995138151	0.0031542359346430253	0.003150673349396467	0.012581092419983725	0.005630325086932011	0.011796422219381916	0.00779378226639339	0.023470499074852432	0.009113755274804682	0.005457391806283004	0.011739280160036567	0.05064679818707147	0.007459545510595816	0.22637743188966133	0.013147073514359939
lv	0.24660605559646726	0.019300759148853347	0.585786437626905	0.09400180090500902	0.011050185480976374	0.006941151984955183	0.010044135253305761	0.00843867856400677	0.0065284094732932394	0.007440019170642985	0.007872180518604777	0.012841721655508708	0.011743360709159035	0.009631076650568534	0.008667154527442433	0.009587027060592257	0.008934718676222685	1.0	0.01131685141763695	0.01432730371618394	0.024900747829905253	0.006856533395550413	0.006783777706034398	0.008737928590428498	0.012342167413373632	0.009247827473517633	0.013553333488645864	0.051444057428219565	0.010736540930876191	0.00881232855819674	0.008525341744418559	0.10275115968796164	0.009115369026728836	0.22522719139308142	0.00905636523097261
mk	0.15255229934515613	0.017474898745764748	0.3164309725825328	0.06702229285701822	0.008375934388515499	0.005153977001150713	0.011427765125289818	0.014458452646259272	0.004907810338935224	0.008995293755578612	0.0062747041477789625	0.010463590614180576	0.009976239301383416	0.0068643727609094644	0.011679551635421902	0.013923226183297483	0.007936940917214133	0.01131685141763695	1.0	0.017598149999934965	0.03099152176737507	0.005234209546411155	0.005192086930161816	0.012400332418455362	0.007910560695430457	0.014138022086017856	0.0104187953862533	0.056503956763334515	0.008992701088899255	0.006213580805298112	0.013312652733676796	0.0684296584422556	0.007067474983834325	0.13608722898833464	0.018170011330375723
ml	0.2240092377397959	0.026829560232906908	0.3483314773547883	0.08057101690287012	0.010533995376681106	0.006333270042851341	0.012627504936562579	0.011807893258111596	0.006121489094054956	0.007845804551367994	0.007737589574599794	0.011340044884918313	0.014220399318367586	0.008078261838722739	0.011079409443053126	0.012698522018188836	0.00818137563359892	0.01432730371618394	0.017598149999934965	1.0	0.026849215787521336	0.006554150011965717	0.006885825733544306	0.011965090017390127	0.010201835944371697	0.012631937262099453	0.011415790341134121	0.04265311330708643	0.009959895194612581	0.009216056805568919	0.012907543683925753	0.0501747915800043	0.008273702364939739	0.13579648178933995	0.015327224380161026
mr	0.22772999919644132	0.0411728182516772	0.585786437626905	0.07343422408461528	0.019873863913530288	0.014832618900976494	0.019301915701480613	0.014920905523683527	0.014420044691908405	0.01424387518669852	0.016155722694514863	0.01813704396989821	0.019022385848781898	0.016545707192922036	0.015822121073684508	0.016167851114269133	0.01540764995138151	0.024900747829905253	0.03099152176737507	0.026849215787521336	1.0	0.01517901058485458	0.014816138831217365	0.015604347962898802	0.018930484835064317	0.016609455113925867	0.021809767474625374	0.07399215939968731	0.016738674234173346	0.0173828318164171	0.01608430579065484	0.03531471778606574	0.015604360929744692	0.13484129921095567	0.02302339310922272
nl	0.14064497963140699	0.0073189158811348635	0.36602540378443865	0.10490656828803088	0.0038456149927454802	0.002994536367994399	0.003768811864299665	0.0038532388231839643	0.002802098829139407	0.003778836819860021	0.002995622508098314	0.004150047260552968	0.0034890901980204206	0.002882377314733619	0.0039541103165635395	0.003522422752447135	0.0031542359346430253	0.006856533395550413	0.005234209546411155	0.006554150011965717	0.01517901058485458	1.0	0.0025426803287519127	0.00374238658876444	0.0037564807544190376	0.0033738502823771914	0.0034600305599676974	0.023296997399848324	0.003008146812918336	0.0028166067234290625	0.003355327328650858	0.06420743151949296	0.002937173922486186	0.3126480851423008	0.003504629065029573
pl	0.13152651661238665	0.0074564144372479884	0.3333333333333333	0.11738652753778328	0.0038592592124380445	0.0035786790596699413	0.003605245203481463	0.0042937322885494246	0.00341534161437556	0.003788995501445836	0.003404831425153886	0.004093429290051508	0.0035174342977787217	0.003007987027371519	0.0037346187558334946	0.003542278429281225	0.003150673349396467	0.006783777706034398	0.005192086930161816	0.006885825733544306	0.014816138831217365	0.0025426803287519127	1.0	0.0036369446278668085	0.003813177136433703	0.0038687751615013766	0.003608931142524907	0.02169975177492274	0.0030942535915309734	0.002832598410790601	0.0034251324040667952	0.06165584409421025	0.0030708025089115332	0.26968623182294527	0.0033692491637007777
pt	0.09463352184990685	0.012203819071550317	0.3333333333333333	0.026763262175113746	0.004809016787330391	0.00386460579271824	0.013625384681999706	0.0054607275515215084	0.0033210809346305515	0.005965839339101412	0.008955542555773183	0.010021828164948973	0.01095629412029979	0.004969695368409942	0.006027244058117028	0.009575044717721467	0.012581092419983725	0.008737928590428498	0.012400332418455362	0.011965090017390127	0.015604347962898802	0.00374238658876444	0.0036369446278668085	1.0	0.006751596055354363	0.0075143584904953575	0.01294520286312622	0.02028345049368459	0.0132768210963219	0.006888090875744186	0.009542064535249518	0.019840491965503956	0.00985223598969591	0.13432490162364444	0.009917715235231151
ro	0.14972506706560876	0.014346126991668425	0.32037724101704074	0.12082146419423595	0.008304576190052032	0.0034676532814617925	0.006708342144791393	0.0071525565819245615	0.003419685246959491	0.005680133134758482	0.00525552636423555	0.0073016096102234565	0.006900572020491101	0.005714836443163864	0.006254344825883088	0.006743924546375105	0.005630325086932011	0.012342167413373632	0.007910560695430457	0.010201835944371697	0.018930484835064317	0.0037564807544190376	0.003813177136433703	0.006751596055354363	1.0	0.00689189641177725	0.006703122907850989	0.04405157295067739	0.006225824494876378	0.005569969768573549	0.006369895977880618	0.0846199767843832	0.00584136070227689	0.17270594411526008	0.006395283482813086
ru	0.0942778376648056	0.013612453715103544	0.32037724101704074	0.022969514634197146	0.004845386630360815	0.004174071212328338	0.013861102800615914	0.0055465284173188524	0.003614347386363112	0.006979766947425942	0.009090082689005782	0.010090539013638756	0.011873691426183544	0.004987769339237406	0.007300964516780769	0.008491839222135459	0.011796422219381916	0.009247827473517633	0.014138022086017856	0.012631937262099453	0.016609455113925867	0.0033738502823771914	0.0038687751615013766	0.0075143584904953575	0.00689189641177725	1.0	0.013754259484251357	0.022407440710147494	0.015108759214537658	0.006829298880865736	0.010802565069527188	0.0203467050347489	0.01064429305016192	0.20521309615767264	0.01149435368565247
sh	0.15260705306097969	0.010179725439254833	0.4364916731037085	0.09170488580362006	0.00627725272547673	0.0033535817750295323	0.009074216439097548	0.012962299266374967	0.0032274451482060857	0.009803381076396887	0.005582183572422102	0.009700047914438875	0.007888878858724227	0.00474369788742743	0.012402837748470537	0.014224259769674216	0.00779378226639339	0.013553333488645864	0.0104187953862533	0.011415790341134121	0.021809767474625374	0.0034600305599676974	0.003608931142524907	0.01294520286312622	0.006703122907850989	0.013754259484251357	1.0	0.04555580503715983	0.008520216804948588	0.005585670499160824	0.012773232978393308	0.0512971784273703	0.006699000911592042	0.1975496259559987	0.014744368396931792
si	0.30216947925196225	0.0893647678510292	0.5	0.125	0.05388787588634479	0.02071903127270261	0.03705298292168708	0.01899629317428567	0.020190851269188674	0.01883947376119911	0.026285354562524413	0.034782818074887895	0.05450005469235359	0.034851058939377955	0.024270545768448473	0.01924425336308831	0.023470499074852432	0.051444057428219565	0.056503956763334515	0.04265311330708643	0.07399215939968731	0.023296997399848324	0.02169975177492274	0.02028345049368459	0.04405157295067739	0.022407440710147494	0.04555580503715983	1.0	0.027794618873963912	0.035010619175024876	0.023415839398764442	0.12060474667237929	0.023399391603795644	0.20942771453851886	0.01919001063046092
simple	0.15706876260418606	0.01174214346564946	0.39564392373896007	0.09208945982425147	0.005298937470259266	0.0030935380936631778	0.008151755517513376	0.014912276382037449	0.0030344031716438547	0.009979669207539187	0.0062711111594474095	0.00802275998809751	0.008571852516823419	0.004500396930451754	0.012745390249637263	0.01644674566114974	0.009113755274804682	0.010736540930876191	0.008992701088899255	0.009959895194612581	0.016738674234173346	0.003008146812918336	0.0030942535915309734	0.0132768210963219	0.006225824494876378	0.015108759214537658	0.008520216804948588	0.027794618873963912	1.0	0.005084727949376915	0.014345371913981962	0.06656937173249955	0.006836386385746425	0.15966587815641597	0.015211109292737897
sr	0.15075246881789542	0.008870435841119479	0.3333333333333333	0.11705203696347845	0.0062508638379298875	0.0028913121282437846	0.005131214303833129	0.007513221982389155	0.0028075029648911873	0.006799371293591907	0.005009189040922147	0.005710630860318137	0.005507579354173755	0.004127671727557611	0.007316963544704076	0.0065963825871740885	0.005457391806283004	0.00881232855819674	0.006213580805298112	0.009216056805568919	0.0173828318164171	0.0028166067234290625	0.002832598410790601	0.006888090875744186	0.005569969768573549	0.006829298880865736	0.005585670499160824	0.035010619175024876	0.005084727949376915	1.0	0.0062686498851008046	0.07471377460038102	0.005063001798249471	0.2632403810669918	0.006961380647036145
sv	0.1256684411548521	0.011735169936616711	0.36602540378443865	0.04739056822796599	0.004974414958540676	0.003723041232634139	0.012606540886387367	0.009086279666776711	0.0034435325480129397	0.009374710782296725	0.009312328678029084	0.01002746297410182	0.010776693507013024	0.004660552890534856	0.009896236088449277	0.010963766984311615	0.011739280160036567	0.008525341744418559	0.013312652733676796	0.012907543683925753	0.01608430579065484	0.003355327328650858	0.0034251324040667952	0.009542064535249518	0.006369895977880618	0.010802565069527188	0.012773232978393308	0.023415839398764442	0.014345371913981962	0.0062686498851008046	1.0	0.017762245533772873	0.008651451141270347	0.1144188761723528	0.012017989954859285
te	0.30552726787943424	0.062459737160788696	0.585786437626905	0.22584440001865322	0.10805797139448853	0.05858176357624178	0.06698181898236272	0.016372558105941383	0.05746723681662957	0.04133894923202715	0.062396098776732516	0.05115497762112821	0.047800638911505586	0.06443539296746206	0.020143043348714564	0.015043693986220314	0.05064679818707147	0.10275115968796164	0.0684296584422556	0.0501747915800043	0.03531471778606574	0.06420743151949296	0.06165584409421025	0.019840491965503956	0.0846199767843832	0.0203467050347489	0.0512971784273703	0.12060474667237929	0.06656937173249955	0.07471377460038102	0.017762245533772873	1.0	0.05839781467220334	0.4142135623730951	0.012211696200017169
vi	0.16097446842180752	0.010003141963376748	0.39564392373896007	0.10675599653181317	0.005947177591562084	0.0031056774148629836	0.007410634717981041	0.010092926962332554	0.0028877028464111467	0.00896304986774386	0.005838867222108446	0.006490050430505874	0.006908289169162637	0.004413367700179863	0.010366480750848233	0.009425174110956855	0.007459545510595816	0.009115369026728836	0.007067474983834325	0.008273702364939739	0.015604360929744692	0.002937173922486186	0.0030708025089115332	0.00985223598969591	0.00584136070227689	0.01064429305016192	0.006699000911592042	0.023399391603795644	0.006836386385746425	0.005063001798249471	0.008651451141270347	0.05839781467220334	1.0	0.20799159651347807	0.00901953797874957
war	0.5	0.19292728076790167	0.4364916731037085	0.44948974278317805	0.25	0.3021694792519622	0.15541324630787623	0.15402579489467522	0.2612038749637414	0.20894541729001367	0.24660605559646726	0.21519646388309702	0.23582845781094	0.26968623182294527	0.19367338768973053	0.1576874152446502	0.22637743188966133	0.22522719139308142	0.13608722898833464	0.13579648178933995	0.13484129921095567	0.3126480851423008	0.26968623182294527	0.13432490162364444	0.17270594411526008	0.20521309615767264	0.1975496259559987	0.20942771453851886	0.15966587815641597	0.2632403810669918	0.1144188761723528	0.4142135623730951	0.20799159651347807	1.0	0.10438245250105446
zh	0.08242109859955789	0.014739748382942916	0.39564392373896007	0.017132162246104282	0.0051634874417506105	0.0035522291026758445	0.01355491320289734	0.008573229954011363	0.003315273607314311	0.009833936935362995	0.008133338994274023	0.01170927336255948	0.010524240615184314	0.004758207537923599	0.009752002868385073	0.011651959796419547	0.013147073514359939	0.00905636523097261	0.018170011330375723	0.015327224380161026	0.02302339310922272	0.003504629065029573	0.0033692491637007777	0.009917715235231151	0.006395283482813086	0.01149435368565247	0.014744368396931792	0.01919001063046092	0.015211109292737897	0.006961380647036145	0.012017989954859285	0.012211696200017169	0.00901953797874957	0.10438245250105446	1.0
