arz	bs	ceb	ckb	da	de	el	en	es	fr	he	hi	hu	id	it	ja	ko	lv	mk	ml	mr	nl	pl	pt	ro	ru	sh	si	simple	sr	sv	te	vi	war	zh
arz	1.0	0.0013297872340425532	0.0	0.0	0.0	0.0	0.0	0.0	0.0	4.0056880770694385e-05	0.0	0.0	0.0009799118079372856	0.0	0.0	0.0	0.0	0.0	0.0007037297677691766	0.0	0.0	0.0	0.0	0.0	0.0	7.01188514532132e-05	0.0	0.0	0.00033967391304347825	0.00026232948583420777	5.077173030056864e-05	0.0	0.0	0.0	0.0
bs	0.0013297872340425532	1.0	0.0	0.0	0.0016456390565002743	0.00013314988238427057	0.0013531799729364006	1.751399368095108e-05	0.00012413108242303873	1.9763236427597383e-05	0.0001485663348685188	0.0008536064874093043	0.0011074197120708748	0.0010166045408336157	0.0001013462155634005	0.0001060108131029365	0.0006851192107426692	0.0008176614881439084	0.0014367816091954023	0.0027662517289073307	0.0	0.0	0.00026704052339942587	0.00010626315006482052	0.0005022601707684581	0.00012129193235375658	0.0027472527472527475	0.0011235955056179776	0.0016629711751662971	0.0006697923643670462	0.0005404077622205846	0.0	0.000449034575662326	0.0	0.000489065884161252
ceb	0.0	0.0	1.0	0.0	0.0	0.0	0.0	0.0	0.0	0.0	0.0	0.0	0.0	0.0	0.0	0.0	0.0	0.0	0.0	0.0	0.0	0.0	0.0	0.0	0.0	0.0	0.0	0.0	0.0	0.0	0.0	0.0	0.0	0.0	0.0
ckb	0.0	0.0	0.0	1.0	0.0	0.0	0.00043782837127845885	0.0	0.0	0.0	0.0	0.0	0.0	0.0	0.0	0.0	0.0001508978421608571	0.0	0.0	0.0	0.0	0.0	0.0	0.0	0.0	0.0	0.0	0.0	0.0	0.0	5.0787201625190454e-05	0.0	0.00026455026455026457	0.0	3.576026319553712e-05
da	0.0	0.0016456390565002743	0.0	0.0	1.0	0.00017441353449027645	0.001786777843954735	4.197521363634774e-05	0.00024221872350732712	0.00011765167261461234	0.0002803476310625175	0.0014571948998178506	0.0006422607578676942	0.0008941877794336811	0.00016777678975890475	0.0003136216329233021	0.00012976901116013495	0.0024630541871921183	0.00040096230954290296	0.0	0.0	0.0005929088106249259	6.499415052645263e-05	0.00021073927337098542	0.0004175365344467641	0.00022371364653243848	0.0003009328919650918	0.0	0.0007471980074719801	0.0004095004095004095	0.0007227174174897615	0.0	0.0004116920543433512	0.0	0.0006201336732584579
de	0.0	0.00013314988238427057	0.0	0.0	0.00017441353449027645	1.0	0.00016619577862722287	0.000633140671455473	0.0008065383374556403	0.0008094453903480615	0.0006109174542710317	0.00038382804503582393	0.00016792611251049538	0.0002078051618802211	0.001271519216145801	0.001256281407035176	0.0005986337065990563	4.477277815088426e-05	0.0001293103448275862	4.432427640618767e-05	0.0	0.00034321801208127403	0.0006376136615657573	0.0009838039440259606	0.00017316017316017316	0.0009523083955508152	0.000166472448809722	0.0	0.0001617992071838848	0.00027357642552858875	0.0009652975529707032	0.0	0.0005087067110154568	0.0	0.0009254415965879371
el	0.0	0.0013531799729364006	0.0	0.00043782837127845885	0.001786777843954735	0.00016619577862722287	1.0	8.71067999052278e-05	0.0004534119247336205	0.0002685902847057018	0.0004839099927413501	0.0010311936065996391	0.00047080979284369113	0.00022266755733689602	0.0001975796492961225	0.0006371349049327655	0.0013591573224600749	0.0007246376811594203	0.0016560861164780568	0.002012072434607646	0.00078003120124805	0.0003135123837391577	0.0004844667837461394	0.0006589243060703402	0.0011344299489506524	0.00035451414680262003	0.0002243661655822302	0.0	0.0005826374053214216	0.0	0.0010053925600950553	0.0	0.0011691999331885753	0.0	0.000961889283226641
en	0.0	1.751399368095108e-05	0.0	0.0	4.197521363634774e-05	0.000633140671455473	8.71067999052278e-05	1.0	0.000533292447579019	0.0014393096101595509	0.00022013022078373238	4.888268156424581e-05	6.625703545100118e-05	9.75626753079322e-05	0.0017362985616444352	0.0009356605218550431	0.00024373414440733126	2.80421333052912e-05	2.446243792656376e-05	3.5025165581470285e-05	1.0522845096704947e-05	0.0002739510244056119	0.0004884478732444313	0.0015243948545624472	4.8943005869664776e-05	0.0016000375100368653	7.666386727393742e-05	7.018578176433018e-06	0.00011124591953443583	0.00010744489116872314	0.000696857239590695	1.0530158373581938e-05	0.00014558916816588845	0.0	0.0009955249393402007
es	0.0	0.00012413108242303873	0.0	0.0	0.00024221872350732712	0.0008065383374556403	0.0004534119247336205	0.000533292447579019	1.0	0.000965828082601297	0.000513706626815486	0.00017611835153222966	0.0003448672261179446	5.667327854916407e-05	0.0009887847429159667	0.0013042060645582002	0.0010012287807764073	6.283380458686774e-05	0.00017878426698450536	0.00012391573729863693	6.361727845282778e-05	0.0006604728985953943	0.0005057316250842886	0.0013459386706017806	5.9941257567583765e-05	0.0010506670353217667	0.00028397796331004716	0.0	0.00027320911425605157	0.0004696060527002348	0.0009421841541755888	0.0	0.0005225206395652628	0.0	0.0009933239391069326
fr	4.0056880770694385e-05	1.9763236427597383e-05	0.0	0.0	0.00011765167261461234	0.0008094453903480615	0.0002685902847057018	0.0014393096101595509	0.000965828082601297	1.0	0.0005189599327141604	0.00023295995030187726	0.00032772347849555647	0.0002878139570581576	0.0020246283558908364	0.0016418238465217897	0.0005491585473870682	0.00011905706802127153	0.00025362884345247387	9.876933409714951e-05	3.9837463150346584e-05	0.0005246406211744955	0.0006862454575229658	0.0021138566950943947	7.817691435719032e-05	0.0018744669484615313	0.00015358034171626033	1.9972836941759208e-05	0.00026526204100193264	0.0004474606607502424	0.001584238269435723	1.999720039194513e-05	0.00048500223847186986	0.0	0.001621788601142975
he	0.0	0.0001485663348685188	0.0	0.0	0.0002803476310625175	0.0006109174542710317	0.0004839099927413501	0.00022013022078373238	0.000513706626815486	0.0005189599327141604	1.0	0.0009152719665271967	0.0008733624454148472	0.00048426150121065375	0.0006824350523458705	0.001459941006465453	0.001747279803033913	0.0	0.0006760411032990806	0.0005920663114268798	0.0	0.0005998800239952009	0.000739717920899497	0.001127912978646122	0.0004110152075626798	0.0008892700046051482	0.0007295719844357977	0.00032263268269075657	0.0010095344924284913	0.001226993865030675	0.0018729514593413454	0.0	0.0007172866072343478	0.0	0.002066115702479339
hi	0.0	0.0008536064874093043	0.0	0.0	0.0014571948998178506	0.00038382804503582393	0.0010311936065996391	4.888268156424581e-05	0.00017611835153222966	0.00023295995030187726	0.0009152719665271967	1.0	0.001101624896722666	0.00025799793601651185	0.00026615210592853815	0.0005820323199123528	0.0012171372930866603	0.00046598322460391424	0.002327901563019621	0.0021114864864864866	0.001026167265264238	0.00022333891680625348	0.00025154068670607473	0.00039614694966848756	0.0006865774116031583	0.0003582333975878951	0.0018248175182481751	0.0005515719801434088	0.0011032656663724624	0.00037016472330186933	0.0004699468960007519	0.0	0.0007441860465116279	0.0	0.0009141386782231853
hu	0.0009799118079372856	0.0011074197120708748	0.0	0.0	0.0006422607578676942	0.00016792611251049538	0.00047080979284369113	6.625703545100118e-05	0.0003448672261179446	0.00032772347849555647	0.0008733624454148472	0.001101624896722666	1.0	0.0009433962264150943	0.00033069329850030587	0.0003380434047731729	0.0009318578916715201	0.0003979307600477517	0.0026690391459074734	0.0003650967506389193	0.0	0.001073652566029633	0.0003073518564052127	0.00047594412829798244	0.00030478512648582747	0.00047472915006527527	0.002380952380952381	0.00045871559633027525	0.0008163265306122449	0.0008670019074041963	0.0005544261689151728	0.0	0.00034818941504178273	0.0	0.0010368239740459547
id	0.0	0.0010166045408336157	0.0	0.0	0.0008941877794336811	0.0002078051618802211	0.00022266755733689602	9.75626753079322e-05	5.667327854916407e-05	0.0002878139570581576	0.00048426150121065375	0.00025799793601651185	0.0009433962264150943	1.0	0.00019759917008348564	0.0007715272885847506	0.0004529498358056845	0.0	0.0005523336095001381	0.0003354579000335458	0.0	0.0006276150627615063	0.00024226273393495245	0.0004529731510459562	0.0008520306731042318	0.00040522059195974807	0.00044943820224719103	0.0	0.00019436345966958212	0.001165307141668054	0.0005482957141551677	0.0	0.0006684491978609625	0.0	0.00029837880847395816
it	0.0	0.0001013462155634005	0.0	0.0	0.00016777678975890475	0.001271519216145801	0.0001975796492961225	0.0017362985616444352	0.0009887847429159667	0.0020246283558908364	0.0006824350523458705	0.00026615210592853815	0.00033069329850030587	0.00019759917008348564	1.0	0.0017687375635640063	0.0008303093671197491	0.00010168629777137531	0.00018374062505219904	0.00013506896959259823	1.7002754446220287e-05	0.000744997871434653	0.0010179377132166832	0.0026969386876811107	0.00018404497389907642	0.002299528813529907	0.0004779326938923498	1.7042452749799752e-05	0.0004236252545824847	0.00040164513848724376	0.0017817314840925988	3.412095879894225e-05	0.000498296148652993	0.0	0.0024008350730688934
ja	0.0	0.0001060108131029365	0.0	0.0	0.0003136216329233021	0.001256281407035176	0.0006371349049327655	0.0009356605218550431	0.0013042060645582002	0.0016418238465217897	0.001459941006465453	0.0005820323199123528	0.0003380434047731729	0.0007715272885847506	0.0017687375635640063	1.0	0.0014355188375227046	0.0003559478892290169	0.00044892603080323224	0.000176522506619594	0.00010750761512273786	0.001032169275761225	0.0009085475194261806	0.0025491525423728813	0.0005198045534878886	0.002417204810711535	0.0005036091992613732	7.202275919190464e-05	0.0011819554796769322	0.0006700488178424428	0.002588914353620236	3.60893572485474e-05	0.0008943401047655552	0.0	0.0033795384309544033
ko	0.0	0.0006851192107426692	0.0	0.0001508978421608571	0.00012976901116013495	0.0005986337065990563	0.0013591573224600749	0.00024373414440733126	0.0010012287807764073	0.0005491585473870682	0.001747279803033913	0.0012171372930866603	0.0009318578916715201	0.0004529498358056845	0.0008303093671197491	0.0014355188375227046	1.0	0.00014076576576576576	0.0007532011046949536	0.0005459260270233384	0.0005792903692976104	0.0006472026463397094	0.0005275020380760562	0.0009453761651761236	0.0006354855109303507	0.0011018416496143555	0.0011375270162666364	0.0	0.0012654223347042075	0.0006759366550791811	0.0016791970385070412	0.0	0.0010652721286073987	0.00015165301789505612	0.0015667159892070676
lv	0.0	0.0008176614881439084	0.0	0.0	0.0024630541871921183	4.477277815088426e-05	0.0007246376811594203	2.80421333052912e-05	6.283380458686774e-05	0.00011905706802127153	0.0	0.00046598322460391424	0.0003979307600477517	0.0	0.00010168629777137531	0.0003559478892290169	0.00014076576576576576	1.0	0.0005285412262156448	0.003205128205128205	0.0012062726176115801	0.00012763241863433312	0.00013529053642697694	0.00014940345335410753	0.0005577244841048522	8.693233187287016e-05	0.0003675119441381845	0.001445086705202312	0.00029282576866764275	0.000700770847932726	9.917683229197659e-05	0.001584786053882726	0.0	0.0	0.00014065686757155918
mk	0.0007037297677691766	0.0014367816091954023	0.0	0.0	0.00040096230954290296	0.0001293103448275862	0.0016560861164780568	2.446243792656376e-05	0.00017878426698450536	0.00025362884345247387	0.0006760411032990806	0.002327901563019621	0.0026690391459074734	0.0005523336095001381	0.00018374062505219904	0.00044892603080323224	0.0007532011046949536	0.0005285412262156448	1.0	0.00047214353163361664	0.0011799410029498525	0.00022985863693828295	0.00012779552715654952	0.0003982560576842458	0.00037593984962406017	0.00029124051326857517	0.0013950892857142857	0.0012836970474967907	0.0018713450292397662	0.0007771517388770158	0.000856449540847885	0.0	0.0005857087075361187	0.0	0.0008195321837117978
ml	0.0	0.0027662517289073307	0.0	0.0	0.0	4.432427640618767e-05	0.002012072434607646	3.5025165581470285e-05	0.00012391573729863693	9.876933409714951e-05	0.0005920663114268798	0.0021114864864864866	0.0003650967506389193	0.0003354579000335458	0.00013506896959259823	0.000176522506619594	0.0005459260270233384	0.003205128205128205	0.00047214353163361664	1.0	0.002849002849002849	0.0003722546221615585	0.00033320005331200853	0.00014868625076998237	0.0024813895781637717	6.927246592660582e-05	0.0006788866259334691	0.0021810250817884407	0.0008244023083264633	0.0006656312402928778	0.00024523027122467996	0.0	0.0004462293618920125	0.0	0.00034894270360806757
mr	0.0	0.0	0.0	0.0	0.0	0.0	0.00078003120124805	1.0522845096704947e-05	6.361727845282778e-05	3.9837463150346584e-05	0.0	0.001026167265264238	0.0	0.0	1.7002754446220287e-05	0.00010750761512273786	0.0005792903692976104	0.0012062726176115801	0.0011799410029498525	0.002849002849002849	1.0	0.0002618486514794449	6.854949273375377e-05	8.572653236176597e-05	0.0012531328320802004	0.0001570242166236304	0.0011890606420927466	0.0	0.0012437810945273632	0.0004894762604013706	0.00025041318174988733	0.0	0.0	0.0	3.540449637103912e-05
nl	0.0	0.0	0.0	0.0	0.0005929088106249259	0.00034321801208127403	0.0003135123837391577	0.0002739510244056119	0.0006604728985953943	0.0005246406211744955	0.0005998800239952009	0.00022333891680625348	0.001073652566029633	0.0006276150627615063	0.000744997871434653	0.001032169275761225	0.0006472026463397094	0.00012763241863433312	0.00022985863693828295	0.0003722546221615585	0.0002618486514794449	1.0	0.0006487187804086928	0.0009511553740278632	0.0005814629608093965	0.0008245433896512025	0.000314828418511911	0.0	0.0005870841487279843	0.0003606853020739405	0.0013733714412976505	0.0	0.0002711251694532309	0.0	0.0011928429423459245
pl	0.0	0.00026704052339942587	0.0	0.0	6.499415052645263e-05	0.0006376136615657573	0.0004844667837461394	0.0004884478732444313	0.0005057316250842886	0.0006862454575229658	0.000739717920899497	0.00025154068670607473	0.0003073518564052127	0.00024226273393495245	0.0010179377132166832	0.0009085475194261806	0.0005275020380760562	0.00013529053642697694	0.00012779552715654952	0.00033320005331200853	6.854949273375377e-05	0.0006487187804086928	1.0	0.0009246569687763156	0.00019292604501607716	0.0008143551149925584	0.0003641881638846737	0.0	0.000407735321528425	0.0004990573361428413	0.0010326920807270151	0.0	0.00033312975403919826	0.0	0.0010199724844632098
pt	0.0	0.00010626315006482052	0.0	0.0	0.00021073927337098542	0.0009838039440259606	0.0006589243060703402	0.0015243948545624472	0.0013459386706017806	0.0021138566950943947	0.001127912978646122	0.00039614694966848756	0.00047594412829798244	0.0004529731510459562	0.0026969386876811107	0.0025491525423728813	0.0009453761651761236	0.00014940345335410753	0.0003982560576842458	0.00014868625076998237	8.572653236176597e-05	0.0009511553740278632	0.0009246569687763156	1.0	0.00023100993342713738	0.002823488317938368	0.0004945190801945109	4.298764105319721e-05	0.0007111652951335975	0.0005989458552946814	0.0021865225181451	0.0	0.0007591800855076518	0.0	0.002943638769613006
ro	0.0	0.0005022601707684581	0.0	0.0	0.0004175365344467641	0.00017316017316017316	0.0011344299489506524	4.8943005869664776e-05	5.9941257567583765e-05	7.817691435719032e-05	0.0004110152075626798	0.0006865774116031583	0.00030478512648582747	0.0008520306731042318	0.00018404497389907642	0.0005198045534878886	0.0006354855109303507	0.0005577244841048522	0.00037593984962406017	0.0024813895781637717	0.0012531328320802004	0.0005814629608093965	0.00019292604501607716	0.00023100993342713738	1.0	0.00013726600435819565	0.0011474469305794606	0.0006849315068493151	0.0014360938247965534	0.00039603960396039607	0.0002866698518872432	0.0	0.0001990049751243781	0.0	0.0006166072896684022
ru	7.01188514532132e-05	0.00012129193235375658	0.0	0.0	0.00022371364653243848	0.0009523083955508152	0.00035451414680262003	0.0016000375100368653	0.0010506670353217667	0.0018744669484615313	0.0008892700046051482	0.0003582333975878951	0.00047472915006527527	0.00040522059195974807	0.002299528813529907	0.002417204810711535	0.0011018416496143555	8.693233187287016e-05	0.00029124051326857517	6.927246592660582e-05	0.0001570242166236304	0.0008245433896512025	0.0008143551149925584	0.002823488317938368	0.00013726600435819565	1.0	0.00042235437221246116	3.497359493582345e-05	0.0004508716852581658	0.000707982086406744	0.002196221975292503	0.0	0.0006918021445866483	0.0	0.002241967267277898
sh	0.0	0.0027472527472527475	0.0	0.0	0.0003009328919650918	0.000166472448809722	0.0002243661655822302	7.666386727393742e-05	0.00028397796331004716	0.00015358034171626033	0.0007295719844357977	0.0018248175182481751	0.002380952380952381	0.00044943820224719103	0.0004779326938923498	0.0005036091992613732	0.0011375270162666364	0.0003675119441381845	0.0013950892857142857	0.0006788866259334691	0.0011890606420927466	0.000314828418511911	0.0003641881638846737	0.0004945190801945109	0.0011474469305794606	0.00042235437221246116	1.0	0.0004187604690117253	0.0021564399137424034	0.0016750418760469012	0.0008239494644328481	0.0	0.0011770640659155877	0.0	0.0008302062232258493
si	0.0	0.0011235955056179776	0.0	0.0	0.0	0.0	0.0	7.018578176433018e-06	0.0	1.9972836941759208e-05	0.00032263268269075657	0.0005515719801434088	0.00045871559633027525	0.0	1.7042452749799752e-05	7.202275919190464e-05	0.0	0.001445086705202312	0.0012836970474967907	0.0021810250817884407	0.0	0.0	0.0	4.298764105319721e-05	0.0006849315068493151	3.497359493582345e-05	0.0004187604690117253	1.0	0.0006491398896462187	0.0	0.0002521432173474534	0.0	0.00025484199796126404	0.0	0.00010673877463886715
simple	0.00033967391304347825	0.0016629711751662971	0.0	0.0	0.0007471980074719801	0.0001617992071838848	0.0005826374053214216	0.00011124591953443583	0.00027320911425605157	0.00026526204100193264	0.0010095344924284913	0.0011032656663724624	0.0008163265306122449	0.00019436345966958212	0.0004236252545824847	0.0011819554796769322	0.0012654223347042075	0.00029282576866764275	0.0018713450292397662	0.0008244023083264633	0.0012437810945273632	0.0005870841487279843	0.000407735321528425	0.0007111652951335975	0.0014360938247965534	0.0004508716852581658	0.0021564399137424034	0.0006491398896462187	1.0	0.0005997001499250374	0.0009762158324458644	0.0	0.0010540581237765397	0.0	0.0012665216120546878
sr	0.00026232948583420777	0.0006697923643670462	0.0	0.0	0.0004095004095004095	0.00027357642552858875	0.0	0.00010744489116872314	0.0004696060527002348	0.0004474606607502424	0.001226993865030675	0.00037016472330186933	0.0008670019074041963	0.001165307141668054	0.00040164513848724376	0.0006700488178424428	0.0006759366550791811	0.000700770847932726	0.0007771517388770158	0.0006656312402928778	0.0004894762604013706	0.0003606853020739405	0.0004990573361428413	0.0005989458552946814	0.00039603960396039607	0.000707982086406744	0.0016750418760469012	0.0	0.0005997001499250374	1.0	0.000982779985471948	0.0	0.001332267519317879	0.0	0.0013583093786524308
sv	5.077173030056864e-05	0.0005404077622205846	0.0	5.0787201625190454e-05	0.0007227174174897615	0.0009652975529707032	0.0010053925600950553	0.000696857239590695	0.0009421841541755888	0.001584238269435723	0.0018729514593413454	0.0004699468960007519	0.0005544261689151728	0.0005482957141551677	0.0017817314840925988	0.002588914353620236	0.0016791970385070412	9.917683229197659e-05	0.000856449540847885	0.00024523027122467996	0.00025041318174988733	0.0013733714412976505	0.0010326920807270151	0.0021865225181451	0.0002866698518872432	0.002196221975292503	0.0008239494644328481	0.0002521432173474534	0.0009762158324458644	0.000982779985471948	1.0	0.00010115314586283633	0.0007270239062566823	0.0	0.002950847314728944
te	0.0	0.0	0.0	0.0	0.0	0.0	0.0	1.0530158373581938e-05	0.0	1.999720039194513e-05	0.0	0.0	0.0	0.0	3.412095879894225e-05	3.60893572485474e-05	0.0	0.001584786053882726	0.0	0.0	0.0	0.0	0.0	0.0	0.0	0.0	0.0	0.0	0.0	0.0	0.00010115314586283633	1.0	0.0	0.0	0.00010697093956141915
vi	0.0	0.000449034575662326	0.0	0.00026455026455026457	0.0004116920543433512	0.0005087067110154568	0.0011691999331885753	0.00014558916816588845	0.0005225206395652628	0.00048500223847186986	0.0007172866072343478	0.0007441860465116279	0.00034818941504178273	0.0006684491978609625	0.000498296148652993	0.0008943401047655552	0.0010652721286073987	0.0	0.0005857087075361187	0.0004462293618920125	0.0	0.0002711251694532309	0.00033312975403919826	0.0007591800855076518	0.0001990049751243781	0.0006918021445866483	0.0011770640659155877	0.00025484199796126404	0.0010540581237765397	0.001332267519317879	0.0007270239062566823	0.0	1.0	0.0	0.0009480470231323473
war	0.0	0.0	0.0	0.0	0.0	0.0	0.0	0.0	0.0	0.0	0.0	0.0	0.0	0.0	0.0	0.0	0.00015165301789505612	0.0	0.0	0.0	0.0	0.0	0.0	0.0	0.0	0.0	0.0	0.0	0.0	0.0	0.0	0.0	0.0	1.0	0.0
zh	0.0	0.000489065884161252	0.0	3.576026319553712e-05	0.0006201336732584579	0.0009254415965879371	0.000961889283226641	0.0009955249393402007	0.0009933239391069326	0.001621788601142975	0.002066115702479339	0.0009141386782231853	0.0010368239740459547	0.00029837880847395816	0.0024008350730688934	0.0033795384309544033	0.0015667159892070676	0.00014065686757155918	0.0008195321837117978	0.00034894270360806757	3.540449637103912e-05	0.0011928429423459245	0.0010199724844632098	0.002943638769613006	0.0006166072896684022	0.002241967267277898	0.0008302062232258493	0.00010673877463886715	0.0012665216120546878	0.0013583093786524308	0.002950847314728944	0.00010697093956141915	0.0009480470231323473	0.0	1.0
