arz	bs	ceb	ckb	da	de	el	en	es	fr	he	hi	hu	id	it	ja	ko	lv	mk	ml	mr	nl	pl	pt	ro	ru	sh	si	simple	sr	sv	te	tr	vi	war	zh
arz	0.0	0.0	0.0	0.0	0.0	0.0	0.0	0.0	0.0	0.0	0.0	0.0	0.0	0.0	0.0	0.0	0.0	0.0	0.0	0.0	0.0	0.0	0.0	0.0	0.0	0.0	0.0	0.0	0.0	0.0	0.0	0.0	0.0	0.0	0.0	0.0
bs	0.0	1.0	0.0	0.0	0.0	0.0034157166478113307	0.0028828199220328247	0.01456225680933852	0.00017872502038582264	0.05453640500568828	0.0	0.0	0.002152379697349059	0.0006776874194551838	0.00011169565168827978	7.824113919098662e-05	0.0018957554916289169	0.0	0.0	0.0	0.0	0.04404619552878139	0.002131657308617829	0.0015254012468497147	0.009411740397132053	0.0029250935920804183	0.02361350614674306	0.0	0.0	0.015621584020669781	0.00010055528864954248	0.0	0.0	0.0015049741609215754	0.0	0.0018163804491413474
ceb	0.0	0.0	0.0	0.0	0.0	0.0	0.0	0.0	0.0	0.0	0.0	0.0	0.0	0.0	0.0	0.0	0.0	0.0	0.0	0.0	0.0	0.0	0.0	0.0	0.0	0.0	0.0	0.0	0.0	0.0	0.0	0.0	-1.0	0.0	0.0	0.0
ckb	0.0	0.0	0.0	0.0	0.0	0.0	0.0	0.0	0.0	0.0	0.0	0.0	0.0	0.0	0.0	0.0	0.0	0.0	0.0	0.0	0.0	0.0	0.0	0.0	0.0	0.0	0.0	0.0	0.0	0.0	0.0	0.0	0.0	0.0	0.0	0.0
da	0.0	0.0	0.0	0.0	0.0	0.0	0.0	0.0	0.0	0.0	0.0	0.0	0.0	0.0	0.0	0.0	0.0	0.0	0.0	0.0	0.0	0.0	0.0	0.0	0.0	0.0	0.0	0.0	0.0	0.0	0.0	0.0	0.0	0.0	0.0	0.0
de	0.0	0.0034157166478113307	0.0	0.0	0.0	1.0	0.007311910717721763	0.011318813239581546	0.000682360968952576	0.0033166408851367296	0.0	0.0	0.005403068943159715	0.002023121387283237	0.000682360968952576	0.0003487966515521451	0.005619292905642706	0.0	0.0	0.0	0.0	0.0034393809114359416	0.0008708904855214457	0.0007505629221916438	0.010837887067395264	0.00208649468892261	0.002695985509077889	0.0	0.0	0.0030872137895549268	0.00034423407917383823	0.0	0.0	0.005417956656346749	0.0	0.001137915339098771
el	0.0	0.0028828199220328247	0.0	0.0	0.0	0.007311910717721763	1.0	0.03106923489772795	0.0023752969121140144	0.005812878167358047	0.0	0.0	0.07159062263675321	0.03756345177664975	0.0019786307874950534	0.002438033319788704	0.046211714132187	0.0	0.0	0.0	0.0	0.0031701650061040443	0.0	0.0008342602892102336	0.07377295995182175	0.0012305168170631665	0.0034302375439499186	0.0	0.0	0.0029702970297029703	0.003605769230769231	0.0	0.0	0.020431990659661413	0.0	0.001503006012024048
en	0.0	0.01456225680933852	0.0	0.0	0.0	0.011318813239581546	0.03106923489772795	1.0	0.0011355286887983435	0.024363169640276124	6.72314105149926e-05	0.0	0.02692236769315877	0.010283780265555844	0.0011355286887983435	0.0010733212584691757	0.02053554709443855	0.0	0.0	0.0	0.0	0.013961298576683191	0.0021062767045796475	0.001059982541464023	0.08668512695358332	0.0019648636153490524	0.01093882153932901	0.0	0.0	0.007689504373177843	0.0012715834560299826	0.0	0.0	0.015210335391077452	0.0	0.0035374481580873383
es	0.0	0.00017872502038582264	0.0	0.0	0.0	0.000682360968952576	0.0023752969121140144	0.0011355286887983435	1.0	0.0002709586517097491	0.0	0.0	0.007235142118863049	0.003942181340341655	0.004366812227074236	0.0	0.0018879798615481435	0.0	0.0	0.0	0.0	0.00014392039146346477	0.0	0.0	0.00430622009569378	0.0	4.739561116640599e-05	0.0	0.0	7.756748371082842e-05	0.0	0.0	0.0	0.007594936708860759	0.0	0.0005899705014749262
fr	0.0	0.05453640500568828	0.0	0.0	0.0	0.0033166408851367296	0.005812878167358047	0.024363169640276124	0.0002709586517097491	1.0	0.0	0.0	0.00452061533552273	0.0016837057690494471	0.00025740723178843835	0.00012202066216546002	0.003885024631857202	0.0	0.0	0.0	0.0	0.04070113905300257	0.002483102949182701	0.001644912806247994	0.020345183728830433	0.003305632745518958	0.029302436797600157	0.0	0.0	0.013486595425571804	0.0001626170503977342	0.0	0.0	0.0025467120606921696	0.0	0.0038796379004626233
he	0.0	0.0	0.0	0.0	0.0	0.0	0.0	6.72314105149926e-05	0.0	0.0	1.0	0.0	0.0	0.0	0.0	0.0	0.0	0.0	0.0	0.0	0.0	0.0	0.0	0.0	0.0	0.0	0.0	0.0	0.0	0.0	0.0	0.0	0.0	0.0	0.0	0.0
hi	0.0	0.0	0.0	0.0	0.0	0.0	0.0	0.0	0.0	0.0	0.0	0.0	0.0	0.0	0.0	0.0	0.0	0.0	0.0	0.0	0.0	0.0	0.0	0.0	0.0	0.0	0.0	0.0	0.0	0.0	0.0	0.0	0.0	0.0	0.0	0.0
hu	0.0	0.002152379697349059	0.0	0.0	0.0	0.005403068943159715	0.07159062263675321	0.02692236769315877	0.007235142118863049	0.00452061533552273	0.0	0.0	1.0	0.07257019438444924	0.001541623843782117	0.0010626992561105207	0.11669477234401349	0.0	0.0	0.0	0.0	0.0027675460428073667	0.0005538631957906397	0.0016605778811026237	0.11817377846562016	0.0009313154831199069	0.0027244364371402205	0.0	0.0	0.0017138548022211557	0.0041797283176593526	0.0	0.0	0.03887303851640513	0.0	0.0026423957721667646
id	0.0	0.0006776874194551838	0.0	0.0	0.0	0.002023121387283237	0.03756345177664975	0.010283780265555844	0.003942181340341655	0.0016837057690494471	0.0	0.0	0.07257019438444924	1.0	0.003942181340341655	0.004310344827586207	0.05508684863523573	0.0	0.0	0.0	0.0	0.0009158627427036268	0.0	0.002738225629791895	0.03716608594657375	0.0	0.0012495950386448836	0.0	0.0	0.0009691367228268973	0.005457025920873124	0.0	0.0	0.018267530936947555	0.0	0.0008976660682226212
it	0.0	0.00011169565168827978	0.0	0.0	0.0	0.000682360968952576	0.0019786307874950534	0.0011355286887983435	0.004366812227074236	0.00025740723178843835	0.0	0.0	0.001541623843782117	0.003942181340341655	1.0	0.0	0.0025188916876574307	0.0	0.0	0.0	0.0	0.00014392039146346477	0.0	0.0	0.0020288817281298483	0.0	0.0002844410732909832	0.0	0.0	0.0001551470017841905	0.0049504950495049506	0.0	0.0	0.004205214465937763	0.0	0.0
ja	0.0	7.824113919098662e-05	0.0	0.0	0.0	0.0003487966515521451	0.002438033319788704	0.0010733212584691757	0.0	0.00012202066216546002	0.0	0.0	0.0010626992561105207	0.004310344827586207	0.0	1.0	0.000655307994757536	0.0	0.0	0.0	0.0	6.175762191983861e-05	0.0005470459518599562	0.0	0.0010814708002883922	0.0	0.0	0.0	0.0	0.0001559332605644784	0.0	0.0	0.0	0.0008865248226950354	0.0	0.0
ko	0.0	0.0018957554916289169	0.0	0.0	0.0	0.005619292905642706	0.046211714132187	0.02053554709443855	0.0018879798615481435	0.003885024631857202	0.0	0.0	0.11669477234401349	0.05508684863523573	0.0025188916876574307	0.000655307994757536	1.0	0.0	0.0	0.0	0.0	0.001702656143583991	0.0018461538461538461	0.0015065913370998117	0.08386093524380762	0.00127000254000508	0.0016946129147342134	0.0	0.0	0.0018976665729547371	0.003205128205128205	0.0	0.0	0.02650602409638554	0.0	0.0032808398950131233
lv	0.0	0.0	0.0	0.0	0.0	0.0	0.0	0.0	0.0	0.0	0.0	0.0	0.0	0.0	0.0	0.0	0.0	0.0	0.0	0.0	0.0	0.0	0.0	0.0	0.0	0.0	0.0	0.0	0.0	0.0	0.0	0.0	0.0	0.0	0.0	0.0
mk	0.0	0.0	0.0	0.0	0.0	0.0	0.0	0.0	0.0	0.0	0.0	0.0	0.0	0.0	0.0	0.0	0.0	0.0	0.0	0.0	0.0	0.0	0.0	0.0	0.0	0.0	0.0	0.0	0.0	0.0	0.0	0.0	0.0	0.0	0.0	0.0
ml	0.0	0.0	0.0	0.0	0.0	0.0	0.0	0.0	0.0	0.0	0.0	0.0	0.0	0.0	0.0	0.0	0.0	0.0	0.0	0.0	0.0	0.0	0.0	0.0	0.0	0.0	0.0	0.0	0.0	0.0	0.0	0.0	0.0	0.0	0.0	0.0
mr	0.0	0.0	0.0	0.0	0.0	0.0	0.0	0.0	0.0	0.0	0.0	0.0	0.0	0.0	0.0	0.0	0.0	0.0	0.0	0.0	0.0	0.0	0.0	0.0	0.0	0.0	0.0	0.0	0.0	0.0	0.0	0.0	0.0	0.0	0.0	0.0
nl	0.0	0.04404619552878139	0.0	0.0	0.0	0.0034393809114359416	0.0031701650061040443	0.013961298576683191	0.00014392039146346477	0.04070113905300257	0.0	0.0	0.0027675460428073667	0.0009158627427036268	0.00014392039146346477	6.175762191983861e-05	0.001702656143583991	0.0	0.0	0.0	0.0	1.0	0.0019318091292918028	0.0015513246700916692	0.009399097402366654	0.0030685103955624617	0.02044860691113003	0.0	0.0	0.013372121853253772	0.00012342631449024932	0.0	0.023255813953488372	0.0012917549702290846	0.0	0.001939456952053425
pl	0.0	0.002131657308617829	0.0	0.0	0.0	0.0008708904855214457	0.0	0.0021062767045796475	0.0	0.002483102949182701	0.0	0.0	0.0005538631957906397	0.0	0.0	0.0005470459518599562	0.0018461538461538461	0.0	0.0	0.0	0.0	0.0019318091292918028	1.0	0.0010141987829614604	0.0016927212984168077	0.001415762151958471	0.001275566307455465	0.0	0.0	0.002755390232141627	0.0	0.0	0.0	0.0017525411847178409	0.0	0.0008936550491510277
pt	0.0	0.0015254012468497147	0.0	0.0	0.0	0.0007505629221916438	0.0008342602892102336	0.001059982541464023	0.0	0.001644912806247994	0.0	0.0	0.0016605778811026237	0.002738225629791895	0.0	0.0	0.0015065913370998117	0.0	0.0	0.0	0.0	0.0015513246700916692	0.0010141987829614604	1.0	0.0013756613756613757	0.0010979961570134504	0.000948252506095909	0.0	0.0	0.0013628864500394519	0.0	0.0	0.0	0.001328609388839681	0.0	0.0007243752263672582
ro	0.0	0.009411740397132053	0.0	0.0	0.0	0.010837887067395264	0.07377295995182175	0.08668512695358332	0.00430622009569378	0.020345183728830433	0.0	0.0	0.11817377846562016	0.03716608594657375	0.0020288817281298483	0.0010814708002883922	0.08386093524380762	0.0	0.0	0.0	0.0	0.009399097402366654	0.0016927212984168077	0.0013756613756613757	1.0	0.001864628006712661	0.010043140638481449	0.0	0.0	0.006019204127454259	0.0019154794684544474	0.0	0.0	0.05227655986509275	0.0	0.005095801059926621
ru	0.0	0.0029250935920804183	0.0	0.0	0.0	0.00208649468892261	0.0012305168170631665	0.0019648636153490524	0.0	0.003305632745518958	0.0	0.0	0.0009313154831199069	0.0	0.0	0.0	0.00127000254000508	0.0	0.0	0.0	0.0	0.0030685103955624617	0.001415762151958471	0.0010979961570134504	0.001864628006712661	1.0	0.0027795595467179817	0.0	0.0	0.003423079454940425	0.0	0.0	0.0	0.000564652738565782	0.0	0.0004945598417408506
sh	0.0	0.02361350614674306	0.0	0.0	0.0	0.002695985509077889	0.0034302375439499186	0.01093882153932901	4.739561116640599e-05	0.029302436797600157	0.0	0.0	0.0027244364371402205	0.0012495950386448836	0.0002844410732909832	0.0	0.0016946129147342134	0.0	0.0	0.0	0.0	0.02044860691113003	0.001275566307455465	0.000948252506095909	0.010043140638481449	0.0027795595467179817	1.0	0.0	0.0	0.010686702987487277	9.491718475630013e-05	0.0	0.0	0.002134714084571013	0.0	0.0027996267164378083
si	0.0	0.0	0.0	0.0	0.0	0.0	0.0	0.0	0.0	0.0	0.0	0.0	0.0	0.0	0.0	0.0	0.0	0.0	0.0	0.0	0.0	0.0	0.0	0.0	0.0	0.0	0.0	0.0	0.0	0.0	0.0	0.0	0.0	0.0	0.0	0.0
simple	0.0	0.0	0.0	0.0	0.0	0.0	0.0	0.0	0.0	0.0	0.0	0.0	0.0	0.0	0.0	0.0	0.0	0.0	0.0	0.0	0.0	0.0	0.0	0.0	0.0	0.0	0.0	0.0	0.0	0.0	0.0	0.0	0.0	0.0	0.0	0.0
sr	0.0	0.015621584020669781	0.0	0.0	0.0	0.0030872137895549268	0.0029702970297029703	0.007689504373177843	7.756748371082842e-05	0.013486595425571804	0.0	0.0	0.0017138548022211557	0.0009691367228268973	0.0001551470017841905	0.0001559332605644784	0.0018976665729547371	0.0	0.0	0.0	0.0	0.013372121853253772	0.002755390232141627	0.0013628864500394519	0.006019204127454259	0.003423079454940425	0.010686702987487277	0.0	0.0	1.0	7.773027594247959e-05	0.0	0.0	0.001517779705117086	0.0	0.0016043526785714285
sv	0.0	0.00010055528864954248	0.0	0.0	0.0	0.00034423407917383823	0.003605769230769231	0.0012715834560299826	0.0	0.0001626170503977342	0.0	0.0	0.0041797283176593526	0.005457025920873124	0.0049504950495049506	0.0	0.003205128205128205	0.0	0.0	0.0	0.0	0.00012342631449024932	0.0	0.0	0.0019154794684544474	0.0	9.491718475630013e-05	0.0	0.0	7.773027594247959e-05	1.0	0.0	0.0625	0.0034393809114359416	0.0	0.0005995203836930455
te	0.0	0.0	0.0	0.0	0.0	0.0	0.0	0.0	0.0	0.0	0.0	0.0	0.0	0.0	0.0	0.0	0.0	0.0	0.0	0.0	0.0	0.0	0.0	0.0	0.0	0.0	0.0	0.0	0.0	0.0	0.0	0.0	0.0	0.0	0.0	0.0
tr	0.0	0.0	-1.0	0.0	0.0	0.0	0.0	0.0	0.0	0.0	0.0	0.0	0.0	0.0	0.0	0.0	0.0	0.0	0.0	0.0	0.0	0.023255813953488372	0.0	0.0	0.0	0.0	0.0	0.0	0.0	0.0	0.0625	0.0	1.0	0.0	0.0	0.0
vi	0.0	0.0015049741609215754	0.0	0.0	0.0	0.005417956656346749	0.020431990659661413	0.015210335391077452	0.007594936708860759	0.0025467120606921696	0.0	0.0	0.03887303851640513	0.018267530936947555	0.004205214465937763	0.0008865248226950354	0.02650602409638554	0.0	0.0	0.0	0.0	0.0012917549702290846	0.0017525411847178409	0.001328609388839681	0.05227655986509275	0.000564652738565782	0.002134714084571013	0.0	0.0	0.001517779705117086	0.0034393809114359416	0.0	0.0	1.0	0.0	0.0011290929619872036
war	0.0	0.0	0.0	0.0	0.0	0.0	0.0	0.0	0.0	0.0	0.0	0.0	0.0	0.0	0.0	0.0	0.0	0.0	0.0	0.0	0.0	0.0	0.0	0.0	0.0	0.0	0.0	0.0	0.0	0.0	0.0	0.0	0.0	0.0	1.0	0.0
zh	0.0	0.0018163804491413474	0.0	0.0	0.0	0.001137915339098771	0.001503006012024048	0.0035374481580873383	0.0005899705014749262	0.0038796379004626233	0.0	0.0	0.0026423957721667646	0.0008976660682226212	0.0	0.0	0.0032808398950131233	0.0	0.0	0.0	0.0	0.001939456952053425	0.0008936550491510277	0.0007243752263672582	0.005095801059926621	0.0004945598417408506	0.0027996267164378083	0.0	0.0	0.0016043526785714285	0.0005995203836930455	0.0	0.0	0.0011290929619872036	0.0	1.0
