arz	bs	ceb	ckb	da	de	el	en	es	fr	he	hi	hu	id	it	ja	ko	lv	mk	ml	mr	nl	pl	pt	ro	ru	sh	si	simple	sr	sv	te	tr	vi	war	zh
arz	1.0	0.5555555555555556	0.6666666666666666	0.75	0.5416666666666666	0.5078125	0.75	0.5036231884057971	0.5096153846153846	0.5069444444444444	0.6938775510204082	0.7272727272727273	0.5238095238095238	0.5384615384615384	0.5104166666666666	0.6823529411764706	0.6875	0.782608695652174	0.7692307692307692	0.823529411764706	0.9090909090909091	0.5113636363636364	0.5131578947368421	0.5111111111111111	0.5357142857142857	0.6815642458100559	0.5555555555555556	0.7692307692307692	0.5357142857142857	0.5294117647058824	0.515625	1.0	0.5263157894736842	0.72	0.6000000000000001	0.6842105263157894
bs	0.5555555555555556	1.0	0.5068493150684932	0.5002885170225043	0.5014392630972941	0.5890006034315207	0.5225950275072515	0.564132156692625	0.5407774227785136	0.6467288009630463	0.503695281409892	0.5002885170225043	0.520492709238718	0.5141924456418226	0.5196379984862767	0.5178879422694219	0.5214160158106174	0.5002885170225043	0.6630392537893509	0.5002885170225043	0.5789473684210527	0.6832315023607113	0.6589191442220019	0.6586265300673304	0.5329381631678237	0.6601924848388715	0.6567896845596172	0.5789473684210527	0.5011520737327189	0.6727868709469513	0.5185865951984769	0.5555555555555556	0.5777777777777777	0.5353014973718869	0.6000000000000001	0.607844039697759
ceb	0.6666666666666666	0.5068493150684932	1.0	0.6666666666666666	0.5024154589371981	0.5005688282138794	0.6666666666666666	0.5001778726431875	0.500381679389313	0.5001591849729385	0.670076726342711	0.6726457399103138	0.6696629213483146	0.5023148148148148	0.5007874015748032	0.6697247706422018	0.671304347826087	0.6739130434782609	0.6725663716814159	0.6751592356687898	0.6666666666666666	0.5005025125628141	0.5010989010989011	0.5010330578512396	0.5032258064516129	0.6679764243614931	0.5027027027027027	0.6902654867256638	0.5033557046979865	0.50187265917603	0.5009174311926605	0.6666666666666666	-1.0	0.6728538283062645	0.5185185185185185	0.5013123359580053
ckb	0.75	0.5002885170225043	0.6666666666666666	1.0	0.6666666666666666	0.5006418485237484	0.5031446540880503	0.5009746588693957	0.5	0.5004135649296939	0.5	0.6666666666666666	0.5	0.5	0.5	0.5032679738562091	0.5	0.6666666666666666	0.6671955573185244	0.6666666666666666	0.787878787878788	0.5002932551319648	0.5003013863773357	0.5003035822707954	0.5	0.5002988643156008	0.5003455425017277	0.787878787878788	0.6666666666666666	0.5002898550724637	0.5035460992907801	0.75	0.5833333333333333	0.5	0.5833333333333333	0.5005117707267145
da	0.5416666666666666	0.5014392630972941	0.5024154589371981	0.6666666666666666	1.0	0.5025510204081632	0.5060240963855421	0.5038610038610039	0.5060240963855421	0.5016474464579901	0.5319148936170213	0.75	0.5096774193548387	0.509090909090909	0.510989010989011	0.5126582278481012	0.511904761904762	0.75	0.6682483194938711	0.75	0.56	0.5011695906432748	0.501201923076923	0.5012106537530266	0.5063829787234042	0.50119189511323	0.5010323468685478	0.56	0.782608695652174	0.5011560693641618	0.5102040816326531	0.5416666666666666	0.5576923076923077	0.5074626865671642	0.5769230769230769	0.5020366598778004
de	0.5078125	0.5890006034315207	0.5005688282138794	0.5006418485237484	0.5025510204081632	1.0	0.5457071319604121	0.6018020050652715	0.5770294645654306	0.5760804897241545	0.51125	0.5006418485237484	0.541196495035857	0.5294114380745343	0.5434815206159536	0.5433272099938766	0.5456400691966699	0.5006418485237484	0.5886015325670498	0.5006418485237484	0.5116279069767442	0.5890599953712987	0.5924296887672059	0.5935093000262966	0.5641499054259188	0.5851586477129157	0.5737844120548995	0.5116279069767442	0.5025575447570332	0.588941519380444	0.5407366417551946	0.5078125	0.5472972972972973	0.5694275376735309	0.5153846153846153	0.5769724761586565
el	0.75	0.5225950275072515	0.6666666666666666	0.5031446540880503	0.5060240963855421	0.5457071319604121	1.0	0.5717646211046953	0.5797427251155239	0.5302577867848103	0.5129533678756477	0.5031446540880503	0.6125429456172867	0.5901217020520565	0.5463404297654779	0.5727524500956372	0.5971648471720358	0.5031446540880503	0.5224559408754974	0.5031446540880503	0.787878787878788	0.5227230390820621	0.5227403569372482	0.5228233476691241	0.6093324892983147	0.51962788983637	0.5240945085583227	0.787878787878788	0.503030303030303	0.5227158568470555	0.5676954525958441	0.75	0.5833333333333333	0.5836653829886694	0.5833333333333333	0.5343264331142631
en	0.5036231884057971	0.564132156692625	0.5001778726431875	0.5009746588693957	0.5038610038610039	0.6018020050652715	0.5717646211046953	1.0	0.6103203097719812	0.5793016861151346	0.5188150872514161	0.5009746588693957	0.5705901876632152	0.5483366665209116	0.5652225580704954	0.5649678678570468	0.5738917305409098	0.5009746588693957	0.5600408788962697	0.5009746588693957	0.5054151624548736	0.5648035981089535	0.5663668422633695	0.5655558686769058	0.6203005803918524	0.5588940843074743	0.5641328686009575	0.5054151624548736	0.5038759689922481	0.5619590698553739	0.5538697920185877	0.5036231884057971	0.5308219178082192	0.6073429238980651	0.5071942446043165	0.580172413221121
es	0.5096153846153846	0.5407774227785136	0.500381679389313	0.5	0.5060240963855421	0.5770294645654306	0.5797427251155239	0.6103203097719812	1.0	0.555880793326424	0.5184135977337111	0.5015290519877675	0.5905841619477094	0.5673989241714384	0.5692788608506149	0.5759036144578312	0.5943388720585085	0.5015290519877675	0.5415766738660907	0.5015290519877675	0.5142857142857143	0.5416644154305438	0.5444566410537871	0.543849972421401	0.6241377385509499	0.5370967741935484	0.5432390011581016	0.5142857142857143	0.5060606060606061	0.5403494770984957	0.5628019323671498	0.5096153846153846	0.5564516129032258	0.6258196326762009	0.5188679245283019	0.5643124854014729
fr	0.5069444444444444	0.6467288009630463	0.5001591849729385	0.5004135649296939	0.5016474464579901	0.5760804897241545	0.5302577867848103	0.5793016861151346	0.555880793326424	1.0	0.5056726094003241	0.5004135649296939	0.5292951533383502	0.5202958984358832	0.5279130516689068	0.5271656866166821	0.5321012170079986	0.5004135649296939	0.6251082251082252	0.5004135649296939	0.5103448275862069	0.6436619996964738	0.6322661725084437	0.6320713356695457	0.5486429970959494	0.6257453615351249	0.65169691027464	0.5103448275862069	0.5016501650165016	0.6309469355288551	0.5261964588623838	0.5069444444444444	0.5460122699386503	0.5464144013031157	0.5136986301369862	0.6424361524437608
he	0.6938775510204082	0.503695281409892	0.670076726342711	0.5	0.5319148936170213	0.51125	0.5129533678756477	0.5188150872514161	0.5184135977337111	0.5056726094003241	1.0	0.5121951219512195	0.5108695652173914	0.5071428571428571	0.54	0.5333333333333333	0.5233160621761658	0.5121951219512195	0.5038078500292912	0.5121951219512195	0.7070707070707071	0.5037550548815714	0.5059594755661502	0.5056988602279544	0.5134099616858238	0.5059101654846336	0.5030467163168585	0.7070707070707071	0.5217391304347826	0.5037121644774415	0.5172413793103449	0.6938775510204082	0.5555555555555556	0.511864406779661	0.5294117647058824	0.5069860279441117
hi	0.7272727272727273	0.5002885170225043	0.6726457399103138	0.6666666666666666	0.75	0.5006418485237484	0.5031446540880503	0.5009746588693957	0.5015290519877675	0.5004135649296939	0.5121951219512195	1.0	0.5033557046979865	0.5048543689320388	0.5028248587570622	0.5032679738562091	0.5030674846625767	1.0	0.6671955573185244	1.0	0.7555555555555555	0.5002932551319648	0.5003013863773357	0.5003035822707954	0.5021834061135371	0.5002988643156008	0.5	0.7555555555555555	0.7692307692307692	0.5002898550724637	0.5035460992907801	0.7272727272727273	0.5714285714285714	0.5019011406844106	0.5625	0.5005117707267145
hu	0.5238095238095238	0.520492709238718	0.6696629213483146	0.5	0.5096774193548387	0.541196495035857	0.6125429456172867	0.5705901876632152	0.5905841619477094	0.5292951533383502	0.5108695652173914	0.5033557046979865	1.0	0.6327752610612072	0.5591014371622244	0.5840194425156234	0.6804140249836261	0.5033557046979865	0.5202048947068867	0.5033557046979865	0.5348837209302326	0.5212659844194697	0.5212120795785876	0.5210533036548145	0.6593453839894067	0.5181779998497954	0.5226796662378623	0.5348837209302326	0.5064935064935064	0.5201738026347277	0.5727909402473551	0.5238095238095238	0.5588235294117647	0.6131680735516238	0.5454545454545455	0.5359941597881079
id	0.5384615384615384	0.5141924456418226	0.5023148148148148	0.5	0.509090909090909	0.5294114380745343	0.5901217020520565	0.5483366665209116	0.5673989241714384	0.5202958984358832	0.5071428571428571	0.5048543689320388	0.6327752610612072	1.0	0.5462672901138357	0.5894504093543953	0.6223239352289208	0.5048543689320388	0.5144341801385681	0.5048543689320388	0.5555555555555556	0.5144789847188797	0.5149210064365126	0.5154477064858465	0.5933387561812412	0.5127167630057804	0.5163325110725832	0.5555555555555556	0.5140186915887851	0.5143325743629514	0.5807722616233254	0.5384615384615384	0.5882352941176471	0.5782643391154374	0.5714285714285714	0.5245657386305612
it	0.5104166666666666	0.5196379984862767	0.5007874015748032	0.5	0.510989010989011	0.5434815206159536	0.5463404297654779	0.5652225580704954	0.5692788608506149	0.5279130516689068	0.54	0.5028248587570622	0.5591014371622244	0.5462672901138357	1.0	0.5815602836879433	0.5603905787864397	0.5028248587570622	0.5198879551820729	0.5028248587570622	0.5154639175257733	0.5205262510232361	0.524	0.5232624928202182	0.5571015342044218	0.5226244343891403	0.5192828136904144	0.5154639175257733	0.5111111111111111	0.51945136680128	0.5638393249538542	0.5104166666666666	0.5652173913043479	0.5543140235177401	0.5204081632653061	0.532347504621072
ja	0.6823529411764706	0.5178879422694219	0.6697247706422018	0.5032679738562091	0.5126582278481012	0.5433272099938766	0.5727524500956372	0.5649678678570468	0.5759036144578312	0.5271656866166821	0.5333333333333333	0.5032679738562091	0.5840194425156234	0.5894504093543953	0.5815602836879433	1.0	0.5882415004711055	0.5032679738562091	0.5180995475113122	0.5032679738562091	0.6900584795321637	0.5178737042772864	0.5220636217778382	0.5217643644805572	0.572643190643742	0.5211428571428571	0.5181582360570688	0.6900584795321637	0.5063291139240506	0.5177018267429523	0.5910931174089069	0.6823529411764706	0.556390977443609	0.5643146212838295	0.5172413793103449	0.5325779036827195
ko	0.6875	0.5214160158106174	0.671304347826087	0.5	0.511904761904762	0.5456400691966699	0.5971648471720358	0.5738917305409098	0.5943388720585085	0.5321012170079986	0.5233160621761658	0.5030674846625767	0.6804140249836261	0.6223239352289208	0.5603905787864397	0.5882415004711055	1.0	0.5030674846625767	0.5212224108658744	0.5030674846625767	0.6976744186046512	0.5216912506509745	0.5231920407343081	0.5235601820551602	0.6437505138169828	0.5190065975378438	0.5242430334941157	0.6976744186046512	0.5059523809523809	0.5212208491674248	0.5687005908046254	0.6875	0.5607476635514019	0.6117870207288985	0.5227272727272727	0.5387546854574177
lv	0.782608695652174	0.5002885170225043	0.6739130434782609	0.6666666666666666	0.75	0.5006418485237484	0.5031446540880503	0.5009746588693957	0.5015290519877675	0.5004135649296939	0.5121951219512195	1.0	0.5033557046979865	0.5048543689320388	0.5028248587570622	0.5032679738562091	0.5030674846625767	1.0	0.6671955573185244	1.0	0.8333333333333334	0.5002932551319648	0.5003013863773357	0.5003035822707954	0.5021834061135371	0.5002988643156008	0.5	0.8333333333333334	0.7692307692307692	0.5002898550724637	0.5035460992907801	0.782608695652174	0.5813953488372093	0.5019011406844106	0.6111111111111112	0.5005117707267145
mk	0.7692307692307692	0.6630392537893509	0.6725663716814159	0.6671955573185244	0.6682483194938711	0.5886015325670498	0.5224559408754974	0.5600408788962697	0.5415766738660907	0.6251082251082252	0.5038078500292912	0.6671955573185244	0.5202048947068867	0.5144341801385681	0.5198879551820729	0.5180995475113122	0.5212224108658744	0.6671955573185244	1.0	0.6671955573185244	0.8148148148148148	0.6635294117647059	0.6573454115793619	0.6578322784810128	0.5311804008908686	0.6582875098193245	0.6440049443757726	0.8148148148148148	0.6687797147385103	0.6630307752239969	0.5188141391106044	0.7692307692307692	0.5909090909090909	0.5352811466372658	0.6000000000000001	0.606392694063927
ml	0.823529411764706	0.5002885170225043	0.6751592356687898	0.6666666666666666	0.75	0.5006418485237484	0.5031446540880503	0.5009746588693957	0.5015290519877675	0.5004135649296939	0.5121951219512195	1.0	0.5033557046979865	0.5048543689320388	0.5028248587570622	0.5032679738562091	0.5030674846625767	1.0	0.6671955573185244	1.0	0.8888888888888888	0.5002932551319648	0.5003013863773357	0.5003035822707954	0.5021834061135371	0.5002988643156008	0.5	0.8888888888888888	0.7692307692307692	0.5002898550724637	0.5035460992907801	0.823529411764706	0.5609756097560976	0.5019011406844106	0.6428571428571428	0.5005117707267145
mr	0.9090909090909091	0.5789473684210527	0.6666666666666666	0.787878787878788	0.56	0.5116279069767442	0.787878787878788	0.5054151624548736	0.5142857142857143	0.5103448275862069	0.7070707070707071	0.7555555555555555	0.5348837209302326	0.5555555555555556	0.5154639175257733	0.6900584795321637	0.6976744186046512	0.8333333333333334	0.8148148148148148	0.8888888888888888	1.0	0.5168539325842697	0.5194805194805194	0.5164835164835164	0.5517241379310345	0.6888888888888889	0.5789473684210527	0.75	0.5517241379310345	0.5428571428571428	0.5230769230769231	0.9090909090909091	0.5384615384615384	0.7450980392156863	0.6363636363636364	0.6928104575163399
nl	0.5113636363636364	0.6832315023607113	0.5005025125628141	0.5002932551319648	0.5011695906432748	0.5890599953712987	0.5227230390820621	0.5648035981089535	0.5416644154305438	0.6436619996964738	0.5037550548815714	0.5002932551319648	0.5212659844194697	0.5144789847188797	0.5205262510232361	0.5178737042772864	0.5216912506509745	0.5002932551319648	0.6635294117647059	0.5002932551319648	0.5168539325842697	1.0	0.6603139074025804	0.6603833507760616	0.5334054799005407	0.662522967625174	0.653407994806449	0.5168539325842697	0.5011709601873536	0.6694311947655255	0.5191774068752995	0.5113636363636364	0.5721594542741419	0.5354812598265657	0.5222222222222223	0.609532499226088
pl	0.5131578947368421	0.6589191442220019	0.5010989010989011	0.5003013863773357	0.501201923076923	0.5924296887672059	0.5227403569372482	0.5663668422633695	0.5444566410537871	0.6322661725084437	0.5059594755661502	0.5003013863773357	0.5212120795785876	0.5149210064365126	0.524	0.5220636217778382	0.5231920407343081	0.5003013863773357	0.6573454115793619	0.5003013863773357	0.5194805194805194	0.6603139074025804	1.0	0.6647014676213007	0.5326460452157739	0.6589763431907568	0.6397301675964706	0.5194805194805194	0.5012033694344163	0.6586549303394829	0.5199537304800462	0.5131578947368421	0.5555555555555556	0.5371168729574356	0.5256410256410257	0.6128933473997199
pt	0.5111111111111111	0.6586265300673304	0.5010330578512396	0.5003035822707954	0.5012106537530266	0.5935093000262966	0.5228233476691241	0.5655558686769058	0.543849972421401	0.6320713356695457	0.5056988602279544	0.5003035822707954	0.5210533036548145	0.5154477064858465	0.5232624928202182	0.5217643644805572	0.5235601820551602	0.5003035822707954	0.6578322784810128	0.5003035822707954	0.5164835164835164	0.6603833507760616	0.6647014676213007	1.0	0.5324732608294347	0.6577642048740693	0.6400237421961453	0.5164835164835164	0.5012121212121212	0.6580214848801167	0.5200931857891672	0.5111111111111111	0.5740740740740741	0.5369401941055403	0.5217391304347826	0.6128886037320577
ro	0.5357142857142857	0.5329381631678237	0.5032258064516129	0.5	0.5063829787234042	0.5641499054259188	0.6093324892983147	0.6203005803918524	0.6241377385509499	0.5486429970959494	0.5134099616858238	0.5021834061135371	0.6593453839894067	0.5933387561812412	0.5571015342044218	0.572643190643742	0.6437505138169828	0.5021834061135371	0.5311804008908686	0.5021834061135371	0.5517241379310345	0.5334054799005407	0.5326460452157739	0.5324732608294347	1.0	0.5256657985468356	0.5373384497932074	0.5517241379310345	0.5064377682403434	0.5321235790247211	0.5632971055181605	0.5357142857142857	0.5961538461538461	0.6589058748992548	0.5666666666666667	0.5538444029001407
ru	0.6815642458100559	0.6601924848388715	0.6679764243614931	0.5002988643156008	0.50119189511323	0.5851586477129157	0.51962788983637	0.5588940843074743	0.5370967741935484	0.6257453615351249	0.5059101654846336	0.5002988643156008	0.5181779998497954	0.5127167630057804	0.5226244343891403	0.5211428571428571	0.5190065975378438	0.5002988643156008	0.6582875098193245	0.5002988643156008	0.6888888888888889	0.662522967625174	0.6589763431907568	0.6577642048740693	0.5256657985468356	1.0	0.6405940168143325	0.6888888888888889	0.5011933174224343	0.6598768423982407	0.5197934595524957	0.6815642458100559	0.5539568345323741	0.5294411176102904	0.5163934426229508	0.6058538496442171
sh	0.5555555555555556	0.6567896845596172	0.5027027027027027	0.5003455425017277	0.5010323468685478	0.5737844120548995	0.5240945085583227	0.5641328686009575	0.5432390011581016	0.65169691027464	0.5030467163168585	0.5	0.5226796662378623	0.5163325110725832	0.5192828136904144	0.5181582360570688	0.5242430334941157	0.5	0.6440049443757726	0.5	0.5789473684210527	0.653407994806449	0.6397301675964706	0.6400237421961453	0.5373384497932074	0.6405940168143325	1.0	0.5789473684210527	0.5006887052341598	0.6513946666061295	0.519684870654176	0.5555555555555556	0.5909090909090909	0.5384001494507007	0.6000000000000001	0.6208285304326983
si	0.7692307692307692	0.5789473684210527	0.6902654867256638	0.787878787878788	0.56	0.5116279069767442	0.787878787878788	0.5054151624548736	0.5142857142857143	0.5103448275862069	0.7070707070707071	0.7555555555555555	0.5348837209302326	0.5555555555555556	0.5154639175257733	0.6900584795321637	0.6976744186046512	0.8333333333333334	0.8148148148148148	0.8888888888888888	0.75	0.5168539325842697	0.5194805194805194	0.5164835164835164	0.5517241379310345	0.6888888888888889	0.5789473684210527	1.0	0.5517241379310345	0.5428571428571428	0.5230769230769231	0.7692307692307692	0.5384615384615384	0.7450980392156863	0.5833333333333333	0.6928104575163399
simple	0.5357142857142857	0.5011520737327189	0.5033557046979865	0.6666666666666666	0.782608695652174	0.5025575447570332	0.503030303030303	0.5038759689922481	0.5060606060606061	0.5016501650165016	0.5217391304347826	0.7692307692307692	0.5064935064935064	0.5140186915887851	0.5111111111111111	0.5063291139240506	0.5059523809523809	0.7692307692307692	0.6687797147385103	0.7692307692307692	0.5517241379310345	0.5011709601873536	0.5012033694344163	0.5012121212121212	0.5064377682403434	0.5011933174224343	0.5006887052341598	0.5517241379310345	1.0	0.5011574074074074	0.5103448275862069	0.5357142857142857	0.5849056603773585	0.5056179775280899	0.5666666666666667	0.5020408163265306
sr	0.5294117647058824	0.6727868709469513	0.50187265917603	0.5002898550724637	0.5011560693641618	0.588941519380444	0.5227158568470555	0.5619590698553739	0.5403494770984957	0.6309469355288551	0.5037121644774415	0.5002898550724637	0.5201738026347277	0.5143325743629514	0.51945136680128	0.5177018267429523	0.5212208491674248	0.5002898550724637	0.6630307752239969	0.5002898550724637	0.5428571428571428	0.6694311947655255	0.6586549303394829	0.6580214848801167	0.5321235790247211	0.6598768423982407	0.6513946666061295	0.5428571428571428	0.5011574074074074	1.0	0.5183746109741011	0.5294117647058824	0.5862068965517242	0.5351671284816392	0.5555555555555556	0.6073318195454094
sv	0.515625	0.5185865951984769	0.5009174311926605	0.5035460992907801	0.5102040816326531	0.5407366417551946	0.5676954525958441	0.5538697920185877	0.5628019323671498	0.5261964588623838	0.5172413793103449	0.5035460992907801	0.5727909402473551	0.5807722616233254	0.5638393249538542	0.5910931174089069	0.5687005908046254	0.5035460992907801	0.5188141391106044	0.5035460992907801	0.5230769230769231	0.5191774068752995	0.5199537304800462	0.5200931857891672	0.5632971055181605	0.5197934595524957	0.519684870654176	0.5230769230769231	0.5103448275862069	0.5183746109741011	1.0	0.515625	0.5967048710601719	0.5578513281155243	0.5303030303030303	0.5300828334468857
te	1.0	0.5555555555555556	0.6666666666666666	0.75	0.5416666666666666	0.5078125	0.75	0.5036231884057971	0.5096153846153846	0.5069444444444444	0.6938775510204082	0.7272727272727273	0.5238095238095238	0.5384615384615384	0.5104166666666666	0.6823529411764706	0.6875	0.782608695652174	0.7692307692307692	0.823529411764706	0.9090909090909091	0.5113636363636364	0.5131578947368421	0.5111111111111111	0.5357142857142857	0.6815642458100559	0.5555555555555556	0.7692307692307692	0.5357142857142857	0.5294117647058824	0.515625	1.0	0.5263157894736842	0.72	0.6000000000000001	0.6842105263157894
tr	0.5263157894736842	0.5777777777777777	-1.0	0.5833333333333333	0.5576923076923077	0.5472972972972973	0.5833333333333333	0.5308219178082192	0.5564516129032258	0.5460122699386503	0.5555555555555556	0.5714285714285714	0.5588235294117647	0.5882352941176471	0.5652173913043479	0.556390977443609	0.5607476635514019	0.5813953488372093	0.5909090909090909	0.5609756097560976	0.5384615384615384	0.5721594542741419	0.5555555555555556	0.5740740740740741	0.5961538461538461	0.5539568345323741	0.5909090909090909	0.5384615384615384	0.5849056603773585	0.5862068965517242	0.5967048710601719	0.5263157894736842	1.0	0.576271186440678	0.55	0.5666666666666667
vi	0.72	0.5353014973718869	0.6728538283062645	0.5	0.5074626865671642	0.5694275376735309	0.5836653829886694	0.6073429238980651	0.6258196326762009	0.5464144013031157	0.511864406779661	0.5019011406844106	0.6131680735516238	0.5782643391154374	0.5543140235177401	0.5643146212838295	0.6117870207288985	0.5019011406844106	0.5352811466372658	0.5019011406844106	0.7450980392156863	0.5354812598265657	0.5371168729574356	0.5369401941055403	0.6589058748992548	0.5294411176102904	0.5384001494507007	0.7450980392156863	0.5056179775280899	0.5351671284816392	0.5578513281155243	0.72	0.576271186440678	1.0	0.5555555555555556	0.555504761570598
war	0.6000000000000001	0.6000000000000001	0.5185185185185185	0.5833333333333333	0.5769230769230769	0.5153846153846153	0.5833333333333333	0.5071942446043165	0.5188679245283019	0.5136986301369862	0.5294117647058824	0.5625	0.5454545454545455	0.5714285714285714	0.5204081632653061	0.5172413793103449	0.5227272727272727	0.6111111111111112	0.6000000000000001	0.6428571428571428	0.6363636363636364	0.5222222222222223	0.5256410256410257	0.5217391304347826	0.5666666666666667	0.5163934426229508	0.6000000000000001	0.5833333333333333	0.5666666666666667	0.5555555555555556	0.5303030303030303	0.6000000000000001	0.55	0.5555555555555556	1.0	0.5192307692307692
zh	0.6842105263157894	0.607844039697759	0.5013123359580053	0.5005117707267145	0.5020366598778004	0.5769724761586565	0.5343264331142631	0.580172413221121	0.5643124854014729	0.6424361524437608	0.5069860279441117	0.5005117707267145	0.5359941597881079	0.5245657386305612	0.532347504621072	0.5325779036827195	0.5387546854574177	0.5005117707267145	0.606392694063927	0.5005117707267145	0.6928104575163399	0.609532499226088	0.6128933473997199	0.6128886037320577	0.5538444029001407	0.6058538496442171	0.6208285304326983	0.6928104575163399	0.5020408163265306	0.6073318195454094	0.5300828334468857	0.6842105263157894	0.5666666666666667	0.555504761570598	0.5192307692307692	1.0
