arz	bs	ceb	ckb	da	de	el	en	es	fr	he	hi	hu	id	it	ja	ko	lv	mk	ml	mr	nl	pl	pt	ro	ru	sh	si	simple	sr	sv	te	vi	war	zh
arz	1.0	0.0	0.0	0.0	1.0	1.0	1.0	1.0	1.0	1.0	1.0	0.0	1.0	1.0	1.0	1.0	1.0	1.0	1.0	0.0	1.0	1.0	1.0	1.0	1.0	1.0	0.0	1.0	1.0	1.0	1.0	0.0	1.0	1.0	1.0
bs	0.0	1.0	0.0	0.0	1.0	1.0	1.0	1.0	1.0	1.0	1.0	1.0	1.0	0.0	1.0	1.0	1.0	0.0	0.0	0.0	0.0	1.0	1.0	1.0	1.0	1.0	1.0	0.0	0.0	1.0	1.0	0.0	1.0	0.42989931215386495	1.0
ceb	0.0	0.0	1.0	0.0	0.0	1.0	0.0	1.0	1.0	1.0	0.0	0.0	0.0	0.0	0.0	1.0	0.0	0.0	0.0	0.0	0.0	1.0	1.0	1.0	0.0	0.0	0.0	0.0	0.0	0.0	1.0	0.0	0.0	1.0	0.0
ckb	0.0	0.0	0.0	1.0	0.0	1.0	0.0	1.0	1.0	1.0	1.0	0.0	0.0	0.0	1.0	1.0	0.0	0.0	0.0	0.0	0.0	1.0	0.0	0.0	0.0	1.0	1.0	0.0	1.0	0.0	0.0	0.0	1.0	0.8137822343553781	0.0
da	1.0	1.0	0.0	0.0	1.0	0.6144532717435797	1.0	0.4553478333325108	1.0	1.0	1.0	1.0	1.0	1.0	1.0	1.0	1.0	1.0	1.0	1.0	1.0	1.0	1.0	1.0	0.7495060196705011	1.0	1.0	1.0	1.0	1.0	1.0	0.0	1.0	0.7922673009352519	1.0
de	1.0	1.0	1.0	1.0	0.6144532717435797	1.0	1.0	0.12961517539233083	0.37862309834545294	0.2857705876891762	0.5110763276649515	0.0	0.728099120889861	1.0	0.523207721775262	0.4862253427843933	0.7322034805959263	1.0	1.0	1.0	1.0	0.5174027550197963	0.5852532531850112	0.5586948029842127	0.6213679618309852	0.4425301246444756	1.0	1.0	1.0	1.0	0.4269107281544494	0.0	1.0	0.7510341748895938	0.7189258117174853
el	1.0	1.0	0.0	0.0	1.0	1.0	1.0	1.0	1.0	1.0	1.0	0.0	1.0	1.0	1.0	1.0	1.0	1.0	1.0	1.0	1.0	1.0	1.0	1.0	0.540271464242908	1.0	0.0	1.0	1.0	1.0	1.0	0.0	1.0	0.8055567530094857	1.0
en	1.0	1.0	1.0	1.0	0.4553478333325108	0.12961517539233083	1.0	1.0	0.11392430842561697	0.15646619350379318	0.2686615619306996	1.0	0.728099120889861	0.372551589509186	0.3151806415679784	0.35622219922983833	0.6254303192325079	1.0	1.0	1.0	1.0	0.26788023400702865	0.40599480816528016	0.47851760027879875	0.4362490486172805	0.24926183174754543	1.0	1.0	0.7084467217334423	1.0	0.26468245027380394	1.0	0.6897980180502761	0.8055567530094857	0.4800583048677293
es	1.0	1.0	1.0	1.0	1.0	0.37862309834545294	1.0	0.11392430842561697	1.0	0.6223488869588086	1.0	1.0	1.0	1.0	0.5614722194590257	1.0	1.0	1.0	1.0	1.0	1.0	0.3209105559384156	0.7134542832283586	1.0	0.6612225512172148	1.0	1.0	1.0	1.0	1.0	1.0	0.0	1.0	0.684252173855055	1.0
fr	1.0	1.0	1.0	1.0	1.0	0.2857705876891762	1.0	0.15646619350379318	0.6223488869588086	1.0	0.7155258672934659	1.0	1.0	1.0	0.45969486252638053	1.0	1.0	1.0	1.0	1.0	1.0	1.0	0.7106212328351245	0.7122412578101113	0.6522244043419421	0.7045114748188588	1.0	1.0	1.0	1.0	0.6282447053341116	1.0	1.0	0.8055567530094857	0.7162976956558117
he	1.0	1.0	0.0	1.0	1.0	0.5110763276649515	1.0	0.2686615619306996	1.0	0.7155258672934659	1.0	0.0	1.0	1.0	0.7300208629885034	1.0	1.0	1.0	1.0	1.0	1.0	1.0	1.0	1.0	0.5076623078357309	1.0	1.0	1.0	1.0	1.0	0.7263875964832448	0.0	1.0	0.6859728630101755	1.0
hi	0.0	1.0	0.0	0.0	1.0	0.0	0.0	1.0	1.0	1.0	0.0	1.0	0.0	1.0	0.0	1.0	0.0	0.0	0.0	1.0	1.0	1.0	0.0	0.0	0.0	1.0	1.0	0.0	1.0	1.0	1.0	1.0	0.0	0.8137822343553781	0.0
hu	1.0	1.0	0.0	0.0	1.0	0.728099120889861	1.0	0.728099120889861	1.0	1.0	1.0	0.0	1.0	1.0	1.0	1.0	1.0	1.0	1.0	1.0	1.0	1.0	1.0	1.0	0.4425934364712151	1.0	1.0	1.0	1.0	1.0	1.0	0.0	1.0	0.7510341748895938	1.0
id	1.0	0.0	0.0	0.0	1.0	1.0	1.0	0.372551589509186	1.0	1.0	1.0	1.0	1.0	1.0	1.0	1.0	1.0	1.0	1.0	1.0	1.0	1.0	1.0	1.0	1.0	0.7376607345031153	1.0	1.0	1.0	1.0	1.0	0.0	1.0	0.6421005943535795	1.0
it	1.0	1.0	0.0	1.0	1.0	0.523207721775262	1.0	0.3151806415679784	0.5614722194590257	0.45969486252638053	0.7300208629885034	0.0	1.0	1.0	1.0	1.0	1.0	1.0	1.0	1.0	1.0	0.7221793916855703	0.6431915320584143	1.0	0.6195352625356713	0.7179915061657697	1.0	1.0	1.0	1.0	0.7155258672934656	0.0	1.0	0.8055567530094857	1.0
ja	1.0	1.0	1.0	1.0	1.0	0.4862253427843933	1.0	0.35622219922983833	1.0	1.0	1.0	1.0	1.0	1.0	1.0	1.0	1.0	1.0	1.0	1.0	1.0	1.0	1.0	1.0	0.8013748815581572	1.0	1.0	1.0	1.0	1.0	0.7147973711694583	0.0	1.0	0.8055567530094857	1.0
ko	1.0	1.0	0.0	0.0	1.0	0.7322034805959263	1.0	0.6254303192325079	1.0	1.0	1.0	0.0	1.0	1.0	1.0	1.0	1.0	1.0	1.0	1.0	1.0	1.0	0.7411828468492556	1.0	0.5249420373851402	1.0	1.0	1.0	1.0	1.0	0.7347168825662656	0.0	1.0	0.8055567530094857	1.0
lv	1.0	0.0	0.0	0.0	1.0	1.0	1.0	1.0	1.0	1.0	1.0	0.0	1.0	1.0	1.0	1.0	1.0	1.0	1.0	0.0	1.0	1.0	1.0	1.0	1.0	1.0	0.0	1.0	1.0	1.0	1.0	0.0	1.0	0.7584325078215763	1.0
mk	1.0	0.0	0.0	0.0	1.0	1.0	1.0	1.0	1.0	1.0	1.0	0.0	1.0	1.0	1.0	1.0	1.0	1.0	1.0	0.0	1.0	1.0	1.0	1.0	1.0	1.0	0.0	1.0	1.0	1.0	1.0	0.0	1.0	1.0	1.0
ml	0.0	0.0	0.0	0.0	1.0	1.0	1.0	1.0	1.0	1.0	1.0	1.0	1.0	1.0	1.0	1.0	1.0	0.0	0.0	1.0	1.0	1.0	1.0	1.0	0.0	1.0	1.0	0.0	1.0	0.0	1.0	1.0	1.0	0.7510341748895938	1.0
mr	1.0	0.0	0.0	0.0	1.0	1.0	1.0	1.0	1.0	1.0	1.0	1.0	1.0	1.0	1.0	1.0	1.0	1.0	1.0	1.0	1.0	1.0	1.0	1.0	1.0	1.0	0.0	1.0	1.0	1.0	1.0	0.0	1.0	1.0	1.0
nl	1.0	1.0	1.0	1.0	1.0	0.5174027550197963	1.0	0.26788023400702865	0.3209105559384156	1.0	1.0	1.0	1.0	1.0	0.7221793916855703	1.0	1.0	1.0	1.0	1.0	1.0	1.0	1.0	1.0	0.6671358189061294	0.7171176902274347	1.0	1.0	1.0	1.0	0.7162976956558116	1.0	1.0	0.8055567530094857	1.0
pl	1.0	1.0	1.0	0.0	1.0	0.5852532531850112	1.0	0.40599480816528016	0.7134542832283586	0.7106212328351245	1.0	0.0	1.0	1.0	0.6431915320584143	1.0	0.7411828468492556	1.0	1.0	1.0	1.0	1.0	1.0	1.0	0.6522244043419421	0.7122412578101112	1.0	1.0	1.0	1.0	0.6378122130953571	0.0	1.0	0.8055567530094857	1.0
pt	1.0	1.0	1.0	0.0	1.0	0.5586948029842127	1.0	0.47851760027879875	1.0	0.7122412578101113	1.0	0.0	1.0	1.0	1.0	1.0	1.0	1.0	1.0	1.0	1.0	1.0	1.0	1.0	0.953225785585603	1.0	1.0	1.0	1.0	1.0	1.0	0.0	1.0	0.8055567530094857	1.0
ro	1.0	1.0	0.0	0.0	0.7495060196705011	0.6213679618309852	0.540271464242908	0.4362490486172805	0.6612225512172148	0.6522244043419421	0.5076623078357309	0.0	0.4425934364712151	1.0	0.6195352625356713	0.8013748815581572	0.5249420373851402	1.0	1.0	0.0	1.0	0.6671358189061294	0.6522244043419421	0.953225785585603	1.0	0.6513780819622933	0.0	1.0	1.0	1.0	0.7736254513135445	0.0	0.8016071312619631	0.6408973935916424	0.7976809851311052
ru	1.0	1.0	0.0	1.0	1.0	0.4425301246444756	1.0	0.24926183174754543	1.0	0.7045114748188588	1.0	1.0	1.0	0.7376607345031153	0.7179915061657697	1.0	1.0	1.0	1.0	1.0	1.0	0.7171176902274347	0.7122412578101112	1.0	0.6513780819622933	1.0	1.0	1.0	1.0	1.0	0.7141080454298697	1.0	1.0	0.8055567530094857	1.0
sh	0.0	1.0	0.0	1.0	1.0	1.0	0.0	1.0	1.0	1.0	1.0	1.0	1.0	1.0	1.0	1.0	1.0	0.0	0.0	1.0	0.0	1.0	1.0	1.0	0.0	1.0	1.0	0.0	1.0	1.0	1.0	0.0	1.0	0.6852013012634359	1.0
si	1.0	0.0	0.0	0.0	1.0	1.0	1.0	1.0	1.0	1.0	1.0	0.0	1.0	1.0	1.0	1.0	1.0	1.0	1.0	0.0	1.0	1.0	1.0	1.0	1.0	1.0	0.0	1.0	1.0	1.0	1.0	0.0	1.0	1.0	1.0
simple	1.0	0.0	0.0	1.0	1.0	1.0	1.0	0.7084467217334423	1.0	1.0	1.0	1.0	1.0	1.0	1.0	1.0	1.0	1.0	1.0	1.0	1.0	1.0	1.0	1.0	1.0	1.0	1.0	1.0	1.0	1.0	1.0	0.0	1.0	0.6590321289836842	1.0
sr	1.0	1.0	0.0	0.0	1.0	1.0	1.0	1.0	1.0	1.0	1.0	1.0	1.0	1.0	1.0	1.0	1.0	1.0	1.0	0.0	1.0	1.0	1.0	1.0	1.0	1.0	1.0	1.0	1.0	1.0	1.0	0.0	1.0	0.8055567530094857	1.0
sv	1.0	1.0	1.0	0.0	1.0	0.4269107281544494	1.0	0.26468245027380394	1.0	0.6282447053341116	0.7263875964832448	1.0	1.0	1.0	0.7155258672934656	0.7147973711694583	0.7347168825662656	1.0	1.0	1.0	1.0	0.7162976956558116	0.6378122130953571	1.0	0.7736254513135445	0.7141080454298697	1.0	1.0	1.0	1.0	1.0	0.0	0.7376607345031152	0.8055567530094857	1.0
te	0.0	0.0	0.0	0.0	0.0	0.0	0.0	1.0	0.0	1.0	0.0	1.0	0.0	0.0	0.0	0.0	0.0	0.0	0.0	1.0	0.0	1.0	0.0	0.0	0.0	1.0	0.0	0.0	0.0	0.0	0.0	1.0	0.0	0.7690990303325336	0.0
vi	1.0	1.0	0.0	1.0	1.0	1.0	1.0	0.6897980180502761	1.0	1.0	1.0	0.0	1.0	1.0	1.0	1.0	1.0	1.0	1.0	1.0	1.0	1.0	1.0	1.0	0.8016071312619631	1.0	1.0	1.0	1.0	1.0	0.7376607345031152	0.0	1.0	0.6859728630101755	1.0
war	1.0	0.42989931215386495	1.0	0.8137822343553781	0.7922673009352519	0.7510341748895938	0.8055567530094857	0.8055567530094857	0.684252173855055	0.8055567530094857	0.6859728630101755	0.8137822343553781	0.7510341748895938	0.6421005943535795	0.8055567530094857	0.8055567530094857	0.8055567530094857	0.7584325078215763	1.0	0.7510341748895938	1.0	0.8055567530094857	0.8055567530094857	0.8055567530094857	0.6408973935916424	0.8055567530094857	0.6852013012634359	1.0	0.6590321289836842	0.8055567530094857	0.8055567530094857	0.7690990303325336	0.6859728630101755	1.0	0.8055567530094857
zh	1.0	1.0	0.0	0.0	1.0	0.7189258117174853	1.0	0.4800583048677293	1.0	0.7162976956558117	1.0	0.0	1.0	1.0	1.0	1.0	1.0	1.0	1.0	1.0	1.0	1.0	1.0	1.0	0.7976809851311052	1.0	1.0	1.0	1.0	1.0	1.0	0.0	1.0	0.8055567530094857	1.0
