arz	bs	ceb	ckb	da	de	el	en	es	fr	he	hi	hu	id	it	ja	ko	lv	mk	ml	mr	nl	pl	pt	ro	ru	sh	si	simple	sr	sv	te	tr	union	vi	war	zh
arz	1.0	1.0	0.14023796732789376	1.0	0.18348679900074247	0.1735004485906064	1.0	0.11500725856112394	0.6545079228333581	0.15996690906028704	1.0	1.0	0.6434232977340948	0.221459817236082	0.15955473016219626	1.0	1.0	1.0	1.0	1.0	1.0	0.15629814648766321	0.616201423736372	1.0	0.7385464480673621	1.0	0.2955045127846225	1.0	0.26437577957817565	1.0	0.20131417192318768	1.0	0.8042758990989095	0.12002900015350042	1.0	0.5566075083486234	1.0
bs	1.0	1.0	0.2788516644432403	1.0	0.18348679900074247	0.1735004485906064	1.0	0.11500725856112394	0.6545079228333581	0.15996690906028704	1.0	1.0	0.6434232977340948	0.221459817236082	0.15955473016219626	1.0	1.0	1.0	1.0	1.0	1.0	0.15629814648766321	0.616201423736372	1.0	0.7385464480673621	1.0	0.2955045127846225	0.1778033727957473	0.26437577957817565	1.0	0.20131417192318768	1.0	0.8042758990989095	0.12002900015350042	1.0	0.1780066621049942	1.0
ceb	0.14023796732789376	0.2788516644432403	1.0	0.14023796732789376	0.2751205333759382	0.2984873926147315	0.14023796732789376	0.2810613848949806	0.24755755056946552	0.1619700005016162	0.14023796732789376	0.14023796732789376	0.16146706397367286	0.3004991563594993	0.277349085138347	0.14023796732789376	0.14023796732789376	0.1841203886224492	0.14023796732789376	0.14023796732789376	0.14023796732789376	0.2960395119072585	0.21747821953677007	0.14885045759079743	0.2628565677835261	0.14023796732789376	0.15194862871478884	0.14023796732789376	0.30319468871697275	0.14023796732789376	0.28271647922617765	0.14023796732789376	0.2009839968659793	0.24516646791288868	0.23907777335076846	0.1399585275568212	0.14288122016221208
ckb	1.0	1.0	0.14023796732789376	1.0	0.18348679900074247	0.1735004485906064	1.0	0.11500725856112394	0.6545079228333581	0.15996690906028704	1.0	1.0	0.6434232977340948	0.221459817236082	0.15955473016219626	1.0	1.0	1.0	1.0	1.0	1.0	0.15629814648766321	0.616201423736372	1.0	0.7385464480673621	1.0	0.2955045127846225	1.0	0.26437577957817565	1.0	0.20131417192318768	1.0	0.8042758990989095	0.12002900015350042	1.0	0.5566075083486234	1.0
da	0.18348679900074247	0.18348679900074247	0.2751205333759382	0.18348679900074247	1.0	0.14498019363056464	0.18348679900074247	0.11363755729209854	0.18772101812991532	0.14273344276615574	0.18348679900074247	0.18348679900074247	0.18885453846687164	0.212193104633595	0.14854984608442667	0.18348679900074247	0.18348679900074247	0.18348679900074247	0.18348679900074247	0.18348679900074247	0.18348679900074247	0.15263690138534974	0.1817380430878933	0.18348679900074247	0.1827956914062589	0.18348679900074247	0.18411411648384912	0.1810954127879767	0.23666147931727807	0.18348679900074247	0.19845960206679353	0.18348679900074247	0.1829863365957016	0.11602385321656701	0.18348679900074247	0.18126758761247433	0.18348679900074247
de	0.1735004485906064	0.1735004485906064	0.2984873926147315	0.1735004485906064	0.14498019363056464	1.0	0.1735004485906064	1.0	1.0	0.14387229868332935	0.1735004485906064	0.1735004485906064	0.1763028034545788	0.17261395935638266	0.14247448034292873	1.0	0.1735004485906064	0.1735004485906064	0.1735004485906064	0.1735004485906064	0.1735004485906064	0.15331042383353533	0.17989425859290897	0.1735004485906064	0.17377238154172622	0.1735004485906064	0.1710897652058002	0.15632373960356633	0.17012658812807793	0.1735004485906064	0.19318585674078914	0.1735004485906064	0.1733714387730794	1.0	1.0	0.15672852229797035	0.1735004485906064
el	1.0	1.0	0.14023796732789376	1.0	0.18348679900074247	0.1735004485906064	1.0	0.11500725856112394	0.6545079228333581	0.15996690906028704	1.0	1.0	0.6434232977340948	0.221459817236082	0.15955473016219626	1.0	1.0	1.0	1.0	1.0	1.0	0.15629814648766321	0.616201423736372	1.0	0.7385464480673621	1.0	0.2955045127846225	1.0	0.26437577957817565	1.0	0.20131417192318768	1.0	0.8042758990989095	0.12002900015350042	1.0	0.5566075083486234	1.0
en	0.11500725856112394	0.11500725856112394	0.2810613848949806	0.11500725856112394	0.11363755729209854	1.0	0.11500725856112394	1.0	0.11605177497821494	0.11509444876683794	0.11500725856112394	0.11500725856112394	0.11571196196635218	0.11637118438340276	0.12198956611308462	1.0	0.11500725856112394	0.11500725856112394	0.11500725856112394	0.11500725856112394	0.11500725856112394	0.12209439885603218	0.11590350320019323	0.11500725856112394	0.11511351195869313	0.11500725856112394	0.11460326712891004	0.13926982932739423	0.11612801897077688	0.11500725856112394	0.11995970284158122	0.11500725856112394	0.11520526141006952	1.0	1.0	0.1397420371490613	0.11500725856112394
es	0.6545079228333581	0.6545079228333581	0.24755755056946552	0.6545079228333581	0.18772101812991532	1.0	0.6545079228333581	0.11605177497821494	1.0	0.1610794605132995	0.6545079228333581	0.6545079228333581	0.6056254768990116	0.22972166393316457	0.16063668418412325	0.6545079228333581	0.6545079228333581	0.6545079228333581	0.6545079228333581	0.6545079228333581	0.6545079228333581	0.15758799775736876	0.5484069396042888	0.6545079228333581	0.6092606510888512	0.6545079228333581	0.295437631054853	0.20490248380297674	0.27463905052781656	0.6545079228333581	0.21054039979081918	0.6545079228333581	0.6296388761016277	1.0	0.6545079228333581	0.2045563214202125	0.6545079228333581
fr	0.15996690906028704	0.15996690906028704	0.1619700005016162	0.15996690906028704	0.14273344276615574	0.14387229868332935	0.15996690906028704	0.11509444876683794	0.1610794605132995	1.0	0.15996690906028704	0.15996690906028704	0.16252742259185937	0.15296861336655468	0.14704248143373294	0.15996690906028704	0.15996690906028704	0.15996690906028704	0.15996690906028704	0.15996690906028704	0.15996690906028704	0.15693763726431065	0.15902217387461032	0.15996690906028704	0.15926565093102574	0.15996690906028704	0.15206788569338237	0.2935819100199253	0.15909592997455893	0.15996690906028704	0.15502268841561764	0.15996690906028704	0.1594260189443738	0.11590599178565124	0.15996690906028704	0.2865279499190512	0.15996690906028704
he	1.0	1.0	0.14023796732789376	1.0	0.18348679900074247	0.1735004485906064	1.0	0.11500725856112394	0.6545079228333581	0.15996690906028704	1.0	1.0	0.6434232977340948	0.221459817236082	0.15955473016219626	1.0	1.0	1.0	1.0	1.0	1.0	0.15629814648766321	0.616201423736372	1.0	0.7385464480673621	1.0	0.2955045127846225	1.0	0.26437577957817565	1.0	0.20131417192318768	1.0	0.8042758990989095	0.12002900015350042	1.0	0.5566075083486234	1.0
hi	1.0	1.0	0.14023796732789376	1.0	0.18348679900074247	0.1735004485906064	1.0	0.11500725856112394	0.6545079228333581	0.15996690906028704	1.0	1.0	0.6434232977340948	0.221459817236082	0.15955473016219626	1.0	1.0	1.0	1.0	1.0	1.0	0.15629814648766321	0.616201423736372	1.0	0.7385464480673621	1.0	0.2955045127846225	1.0	0.26437577957817565	1.0	0.20131417192318768	1.0	0.8042758990989095	0.12002900015350042	1.0	0.5566075083486234	1.0
hu	0.6434232977340948	0.6434232977340948	0.16146706397367286	0.6434232977340948	0.18885453846687164	0.1763028034545788	0.6434232977340948	0.11571196196635218	0.6056254768990116	0.16252742259185937	0.6434232977340948	0.6434232977340948	1.0	0.23011733485741614	0.16271906088737226	0.6434232977340948	0.6434232977340948	0.6434232977340948	0.6434232977340948	0.6434232977340948	0.6434232977340948	0.1592446355875053	0.5625857178364341	0.6434232977340948	0.6013132862998601	0.6434232977340948	0.2887142561505061	0.3300828950375102	0.2806110998780975	0.6434232977340948	0.21157844082769375	0.6434232977340948	0.6204276599192149	0.11999898874620141	0.6434232977340948	0.3180055441873412	0.6434232977340948
id	0.221459817236082	0.221459817236082	0.3004991563594993	0.221459817236082	0.212193104633595	0.17261395935638266	0.221459817236082	0.11637118438340276	0.22972166393316457	0.15296861336655468	0.221459817236082	0.221459817236082	0.23011733485741614	1.0	0.15403740726800308	0.221459817236082	0.221459817236082	0.221459817236082	0.221459817236082	0.221459817236082	0.221459817236082	0.16070087353395923	0.22032531861217708	0.221459817236082	0.22104922219115292	0.221459817236082	0.19389946229233782	0.14432888364240645	0.3351254253175549	0.221459817236082	0.22614047732646184	0.221459817236082	0.22093318188355776	0.11684960684122472	0.221459817236082	0.1447862137762999	0.221459817236082
it	0.15955473016219626	0.15955473016219626	0.277349085138347	0.15955473016219626	0.14854984608442667	0.14247448034292873	0.15955473016219626	0.12198956611308462	0.16063668418412325	0.14704248143373294	0.15955473016219626	0.15955473016219626	0.16271906088737226	0.15403740726800308	1.0	0.15955473016219626	0.15955473016219626	0.15955473016219626	0.15955473016219626	0.15955473016219626	0.15955473016219626	0.17075814567922223	0.15844026178552506	0.15955473016219626	0.15884553567295712	0.15955473016219626	0.15935129366098716	0.15074481459256905	0.1613213083356907	0.15955473016219626	0.15866617935983912	0.15955473016219626	0.15900048338499928	0.11562396628402175	0.15955473016219626	0.1511258064834667	0.15955473016219626
ja	1.0	1.0	0.14023796732789376	1.0	0.18348679900074247	1.0	1.0	1.0	0.6545079228333581	0.15996690906028704	1.0	1.0	0.6434232977340948	0.221459817236082	0.15955473016219626	1.0	1.0	1.0	1.0	1.0	1.0	0.15629814648766321	0.616201423736372	1.0	0.7385464480673621	1.0	0.2955045127846225	1.0	0.26437577957817565	1.0	0.20131417192318768	1.0	0.8042758990989095	1.0	1.0	0.5566075083486234	1.0
ko	1.0	1.0	0.14023796732789376	1.0	0.18348679900074247	0.1735004485906064	1.0	0.11500725856112394	0.6545079228333581	0.15996690906028704	1.0	1.0	0.6434232977340948	0.221459817236082	0.15955473016219626	1.0	1.0	1.0	1.0	1.0	1.0	0.15629814648766321	0.616201423736372	1.0	0.7385464480673621	1.0	0.2955045127846225	1.0	0.26437577957817565	1.0	0.20131417192318768	1.0	0.8042758990989095	0.12002900015350042	1.0	0.5566075083486234	1.0
lv	1.0	1.0	0.1841203886224492	1.0	0.18348679900074247	0.1735004485906064	1.0	0.11500725856112394	0.6545079228333581	0.15996690906028704	1.0	1.0	0.6434232977340948	0.221459817236082	0.15955473016219626	1.0	1.0	1.0	1.0	1.0	1.0	0.15629814648766321	0.616201423736372	1.0	0.7385464480673621	1.0	0.2955045127846225	0.3322026696162109	0.26437577957817565	1.0	0.20131417192318768	1.0	0.8042758990989095	0.12002900015350042	1.0	0.3230426563765938	1.0
mk	1.0	1.0	0.14023796732789376	1.0	0.18348679900074247	0.1735004485906064	1.0	0.11500725856112394	0.6545079228333581	0.15996690906028704	1.0	1.0	0.6434232977340948	0.221459817236082	0.15955473016219626	1.0	1.0	1.0	1.0	1.0	1.0	0.15629814648766321	0.616201423736372	1.0	0.7385464480673621	1.0	0.2955045127846225	1.0	0.26437577957817565	1.0	0.20131417192318768	1.0	0.8042758990989095	0.12002900015350042	1.0	0.5566075083486234	1.0
ml	1.0	1.0	0.14023796732789376	1.0	0.18348679900074247	0.1735004485906064	1.0	0.11500725856112394	0.6545079228333581	0.15996690906028704	1.0	1.0	0.6434232977340948	0.221459817236082	0.15955473016219626	1.0	1.0	1.0	1.0	1.0	1.0	0.15629814648766321	0.616201423736372	1.0	0.7385464480673621	1.0	0.2955045127846225	1.0	0.26437577957817565	1.0	0.20131417192318768	1.0	0.8042758990989095	0.12002900015350042	1.0	0.5566075083486234	1.0
mr	1.0	1.0	0.14023796732789376	1.0	0.18348679900074247	0.1735004485906064	1.0	0.11500725856112394	0.6545079228333581	0.15996690906028704	1.0	1.0	0.6434232977340948	0.221459817236082	0.15955473016219626	1.0	1.0	1.0	1.0	1.0	1.0	0.15629814648766321	0.616201423736372	1.0	0.7385464480673621	1.0	0.2955045127846225	1.0	0.26437577957817565	1.0	0.20131417192318768	1.0	0.8042758990989095	0.12002900015350042	1.0	0.5566075083486234	1.0
nl	0.15629814648766321	0.15629814648766321	0.2960395119072585	0.15629814648766321	0.15263690138534974	0.15331042383353533	0.15629814648766321	0.12209439885603218	0.15758799775736876	0.15693763726431065	0.15629814648766321	0.15629814648766321	0.1592446355875053	0.16070087353395923	0.17075814567922223	0.15629814648766321	0.15629814648766321	0.15629814648766321	0.15629814648766321	0.15629814648766321	0.15629814648766321	1.0	0.15538779169352906	0.15629814648766321	0.15597530017611977	0.15629814648766321	0.15311802059891638	0.1590717619256592	0.16063838541850475	0.15629814648766321	0.1620116544945053	0.15629814648766321	0.15586095951429263	0.1123412733605442	0.15629814648766321	0.159455352995013	0.15629814648766321
pl	0.616201423736372	0.616201423736372	0.21747821953677007	0.616201423736372	0.1817380430878933	0.17989425859290897	0.616201423736372	0.11590350320019323	0.5484069396042888	0.15902217387461032	0.616201423736372	0.616201423736372	0.5625857178364341	0.22032531861217708	0.15844026178552506	0.616201423736372	0.616201423736372	0.616201423736372	0.616201423736372	0.616201423736372	0.616201423736372	0.15538779169352906	1.0	0.616201423736372	0.5810391909027182	0.616201423736372	0.287504624964604	0.20206897842578259	0.25908797954205137	0.616201423736372	0.2069308527700351	0.616201423736372	0.5972848163581291	0.12027758554645764	0.616201423736372	0.20146825080419398	0.616201423736372
pt	1.0	1.0	0.14885045759079743	1.0	0.18348679900074247	0.1735004485906064	1.0	0.11500725856112394	0.6545079228333581	0.15996690906028704	1.0	1.0	0.6434232977340948	0.221459817236082	0.15955473016219626	1.0	1.0	1.0	1.0	1.0	1.0	0.15629814648766321	0.616201423736372	1.0	0.7385464480673621	1.0	0.2955045127846225	0.6629057986232617	0.26437577957817565	1.0	0.20131417192318768	1.0	0.8042758990989095	0.12002900015350042	1.0	0.5235703518433322	1.0
ro	0.7385464480673621	0.7385464480673621	0.2628565677835261	0.7385464480673621	0.1827956914062589	0.17377238154172622	0.7385464480673621	0.11511351195869313	0.6092606510888512	0.15926565093102574	0.7385464480673621	0.7385464480673621	0.6013132862998601	0.22104922219115292	0.15884553567295712	0.7385464480673621	0.7385464480673621	0.7385464480673621	0.7385464480673621	0.7385464480673621	0.7385464480673621	0.15597530017611977	0.5810391909027182	0.7385464480673621	1.0	0.7385464480673621	0.292476008976466	0.17960920594415544	0.2624273315336281	0.7385464480673621	0.20032272362892398	0.7385464480673621	0.7321141904506357	0.11991990330773475	0.7385464480673621	0.17972005642615999	0.7385464480673621
ru	1.0	1.0	0.14023796732789376	1.0	0.18348679900074247	0.1735004485906064	1.0	0.11500725856112394	0.6545079228333581	0.15996690906028704	1.0	1.0	0.6434232977340948	0.221459817236082	0.15955473016219626	1.0	1.0	1.0	1.0	1.0	1.0	0.15629814648766321	0.616201423736372	1.0	0.7385464480673621	1.0	0.2955045127846225	1.0	0.26437577957817565	1.0	0.20131417192318768	1.0	0.8042758990989095	0.12002900015350042	1.0	0.5566075083486234	1.0
sh	0.2955045127846225	0.2955045127846225	0.15194862871478884	0.2955045127846225	0.18411411648384912	0.1710897652058002	0.2955045127846225	0.11460326712891004	0.295437631054853	0.15206788569338237	0.2955045127846225	0.2955045127846225	0.2887142561505061	0.19389946229233782	0.15935129366098716	0.2955045127846225	0.2955045127846225	0.2955045127846225	0.2955045127846225	0.2955045127846225	0.2955045127846225	0.15311802059891638	0.287504624964604	0.2955045127846225	0.292476008976466	0.2955045127846225	1.0	0.12765254654732672	0.2165097773773854	0.2955045127846225	0.17892845655213907	0.2955045127846225	0.2935290019570546	0.11882266229967862	0.2955045127846225	0.12794644426628896	0.2955045127846225
si	1.0	0.1778033727957473	0.14023796732789376	1.0	0.1810954127879767	0.15632373960356633	1.0	0.13926982932739423	0.20490248380297674	0.2935819100199253	1.0	1.0	0.3300828950375102	0.14432888364240645	0.15074481459256905	1.0	1.0	0.3322026696162109	1.0	1.0	1.0	0.1590717619256592	0.20206897842578259	0.6629057986232617	0.17960920594415544	1.0	0.12765254654732672	1.0	0.14767750194317944	1.0	0.17041609237118238	1.0	0.2064008401109072	0.15869648058841868	0.2174750728335914	0.5566075083486234	0.8273815985842674
simple	0.26437577957817565	0.26437577957817565	0.30319468871697275	0.26437577957817565	0.23666147931727807	0.17012658812807793	0.26437577957817565	0.11612801897077688	0.27463905052781656	0.15909592997455893	0.26437577957817565	0.26437577957817565	0.2806110998780975	0.3351254253175549	0.1613213083356907	0.26437577957817565	0.26437577957817565	0.26437577957817565	0.26437577957817565	0.26437577957817565	0.26437577957817565	0.16063838541850475	0.25908797954205137	0.26437577957817565	0.2624273315336281	0.26437577957817565	0.2165097773773854	0.14767750194317944	1.0	0.26437577957817565	0.23927152532734236	0.26437577957817565	0.26315687558211487	0.11841012010554125	0.26437577957817565	0.14812367430698556	0.26437577957817565
sr	1.0	1.0	0.14023796732789376	1.0	0.18348679900074247	0.1735004485906064	1.0	0.11500725856112394	0.6545079228333581	0.15996690906028704	1.0	1.0	0.6434232977340948	0.221459817236082	0.15955473016219626	1.0	1.0	1.0	1.0	1.0	1.0	0.15629814648766321	0.616201423736372	1.0	0.7385464480673621	1.0	0.2955045127846225	1.0	0.26437577957817565	1.0	0.20131417192318768	1.0	0.8042758990989095	0.12002900015350042	1.0	0.5566075083486234	1.0
sv	0.20131417192318768	0.20131417192318768	0.28271647922617765	0.20131417192318768	0.19845960206679353	0.19318585674078914	0.20131417192318768	0.11995970284158122	0.21054039979081918	0.15502268841561764	0.20131417192318768	0.20131417192318768	0.21157844082769375	0.22614047732646184	0.15866617935983912	0.20131417192318768	0.20131417192318768	0.20131417192318768	0.20131417192318768	0.20131417192318768	0.20131417192318768	0.1620116544945053	0.2069308527700351	0.20131417192318768	0.20032272362892398	0.20131417192318768	0.17892845655213907	0.17041609237118238	0.23927152532734236	0.20131417192318768	1.0	0.20131417192318768	0.20058432886711922	0.11807877551229691	0.20131417192318768	0.17069117463526998	0.20131417192318768
te	1.0	1.0	0.14023796732789376	1.0	0.18348679900074247	0.1735004485906064	1.0	0.11500725856112394	0.6545079228333581	0.15996690906028704	1.0	1.0	0.6434232977340948	0.221459817236082	0.15955473016219626	1.0	1.0	1.0	1.0	1.0	1.0	0.15629814648766321	0.616201423736372	1.0	0.7385464480673621	1.0	0.2955045127846225	1.0	0.26437577957817565	1.0	0.20131417192318768	1.0	0.8042758990989095	0.12002900015350042	1.0	0.5566075083486234	1.0
tr	0.8042758990989095	0.8042758990989095	0.2009839968659793	0.8042758990989095	0.1829863365957016	0.1733714387730794	0.8042758990989095	0.11520526141006952	0.6296388761016277	0.1594260189443738	0.8042758990989095	0.8042758990989095	0.6204276599192149	0.22093318188355776	0.15900048338499928	0.8042758990989095	0.8042758990989095	0.8042758990989095	0.8042758990989095	0.8042758990989095	0.8042758990989095	0.15586095951429263	0.5972848163581291	0.8042758990989095	0.7321141904506357	0.8042758990989095	0.2935290019570546	0.2064008401109072	0.26315687558211487	0.8042758990989095	0.20058432886711922	0.8042758990989095	1.0	0.11998504811415163	0.8042758990989095	0.2053586418450384	0.8042758990989095
union	0.12002900015350042	0.12002900015350042	0.24516646791288868	0.12002900015350042	0.11602385321656701	1.0	0.12002900015350042	1.0	1.0	0.11590599178565124	0.12002900015350042	0.12002900015350042	0.11999898874620141	0.11684960684122472	0.11562396628402175	1.0	0.12002900015350042	0.12002900015350042	0.12002900015350042	0.12002900015350042	0.12002900015350042	0.1123412733605442	0.12027758554645764	0.12002900015350042	0.11991990330773475	0.12002900015350042	0.11882266229967862	0.15869648058841868	0.11841012010554125	0.12002900015350042	0.11807877551229691	0.12002900015350042	0.11998504811415163	1.0	1.0	0.15902812500084987	0.12002900015350042
vi	1.0	1.0	0.23907777335076846	1.0	0.18348679900074247	1.0	1.0	1.0	0.6545079228333581	0.15996690906028704	1.0	1.0	0.6434232977340948	0.221459817236082	0.15955473016219626	1.0	1.0	1.0	1.0	1.0	1.0	0.15629814648766321	0.616201423736372	1.0	0.7385464480673621	1.0	0.2955045127846225	0.2174750728335914	0.26437577957817565	1.0	0.20131417192318768	1.0	0.8042758990989095	1.0	1.0	0.2167631688087164	1.0
war	0.5566075083486234	0.1780066621049942	0.1399585275568212	0.5566075083486234	0.18126758761247433	0.15672852229797035	0.5566075083486234	0.1397420371490613	0.2045563214202125	0.2865279499190512	0.5566075083486234	0.5566075083486234	0.3180055441873412	0.1447862137762999	0.1511258064834667	0.5566075083486234	0.5566075083486234	0.3230426563765938	0.5566075083486234	0.5566075083486234	0.5566075083486234	0.159455352995013	0.20146825080419398	0.5235703518433322	0.17972005642615999	0.5566075083486234	0.12794644426628896	0.5566075083486234	0.14812367430698556	0.5566075083486234	0.17069117463526998	0.5566075083486234	0.2053586418450384	0.15902812500084987	0.2167631688087164	1.0	0.5523521878228691
zh	1.0	1.0	0.14288122016221208	1.0	0.18348679900074247	0.1735004485906064	1.0	0.11500725856112394	0.6545079228333581	0.15996690906028704	1.0	1.0	0.6434232977340948	0.221459817236082	0.15955473016219626	1.0	1.0	1.0	1.0	1.0	1.0	0.15629814648766321	0.616201423736372	1.0	0.7385464480673621	1.0	0.2955045127846225	0.8273815985842674	0.26437577957817565	1.0	0.20131417192318768	1.0	0.8042758990989095	0.12002900015350042	1.0	0.5523521878228691	1.0
