arz	bs	ceb	ckb	da	de	el	en	es	fr	he	hi	hu	id	it	ja	ko	lv	mk	ml	mr	nl	pl	pt	ro	ru	sh	si	simple	sr	sv	te	tr	vi	war	zh
arz	1.0	0.5660160774121898	0.0	1.0	1.0	1.0	1.0	1.0	1.0	1.0	1.0	1.0	1.0	1.0	1.0	1.0	1.0	1.0	1.0	1.0	1.0	1.0	1.0	1.0	1.0	1.0	1.0	1.0	1.0	1.0	1.0	1.0	1.0	1.0	1.0	1.0
bs	0.5660160774121898	1.0	1.0	0.3188006427565653	0.33270717455567506	0.30267658787696217	0.388878943088341	0.3004770336627101	0.30656244487820283	0.30656244487820283	0.3711355186296654	0.3415774091776649	0.3711355186296654	0.2838619951532197	0.31102781947330294	0.30656244487820283	0.30656244487820283	0.388878943088341	0.388878943088341	0.388878943088341	0.5020797777427737	0.3003004805440098	0.32028107275123824	0.30656244487820283	0.3188006427565653	0.32735498371107263	0.2770344259225395	0.45627762828753365	0.3321737252526784	0.3415774091776649	0.30656244487820283	0.5660160774121898	0.3138424244700989	0.30656244487820283	0.44650355581684187	0.30656244487820283
ceb	0.0	1.0	1.0	0.0	1.0	1.0	0.0	1.0	1.0	1.0	1.0	1.0	1.0	1.0	1.0	1.0	1.0	1.0	1.0	1.0	0.0	1.0	1.0	1.0	1.0	1.0	1.0	1.0	1.0	1.0	1.0	0.0	-1.0	1.0	1.0	1.0
ckb	1.0	0.3188006427565653	0.0	1.0	0.8055567530094857	0.6161562425375515	1.0	0.7347168825662656	1.0	1.0	1.0	1.0	1.0	0.5870104796194363	0.6395657813917609	1.0	1.0	1.0	1.0	1.0	1.0	0.32990020703520806	0.7411828468492556	1.0	1.0	1.0	0.3957158738686633	1.0	0.6994017365373274	0.74551343442257	1.0	1.0	0.7411828468492555	1.0	0.7690990303325336	1.0
da	1.0	0.33270717455567506	1.0	0.8055567530094857	1.0	0.5812185516423679	1.0	0.4920133161620589	0.5352281621198479	0.510623470187706	0.7347168825662656	0.8055567530094857	0.7411828468492555	0.5508119475579546	0.42952831949918796	0.7900608149332319	0.7900608149332319	1.0	1.0	1.0	1.0	0.5916163037540736	0.5793111346151747	0.5490104195333285	0.6590675637199678	0.5812185516423679	0.44364770558111744	1.0	0.7510341748895937	0.7411828468492556	0.5587802800950332	1.0	0.7510341748895938	0.7992591943912659	0.7690990303325336	0.7376607345031153
de	1.0	0.30267658787696217	1.0	0.6161562425375515	0.5812185516423679	1.0	0.7347168825662657	0.2503797587111103	0.34454907996249934	0.3076157542269614	0.48055080367182146	1.0	0.5372244044315119	0.39503725142721047	0.20810940644186418	0.3718162092452127	0.4114296806412557	1.0	1.0	1.0	1.0	0.19617001756772326	0.3756455679047764	0.27206077151063107	0.649329626804154	0.38634313285108896	0.38322660151488547	1.0	0.5167593663637736	0.526161842517368	0.49736591351075404	1.0	0.6084793482246811	0.5969819612641136	0.7690990303325336	0.4797954762417328
el	1.0	0.388878943088341	0.0	1.0	1.0	0.7347168825662657	1.0	0.7347168825662656	1.0	0.7376607345031153	1.0	1.0	1.0	0.5870104796194363	0.6161562425375515	1.0	1.0	1.0	1.0	1.0	1.0	0.6223041007404059	0.6786291688147438	1.0	1.0	1.0	0.43074675538099827	1.0	0.7455134344225701	0.7411828468492556	0.7347168825662656	1.0	0.7411828468492555	1.0	0.7690990303325336	1.0
en	1.0	0.3004770336627101	1.0	0.7347168825662656	0.4920133161620589	0.2503797587111103	0.7347168825662656	1.0	0.3183517076303296	0.2198027625741236	0.5346413381483737	0.7263875964832449	0.5649469719465992	0.3910853366897066	0.24232349865904837	0.2607200470972834	0.4548248130224118	0.7455134344225701	0.7411828468492556	0.7584325078215763	1.0	0.2351063992959405	0.26253356615916434	0.2733715920102818	0.5445848353914505	0.31962859431072815	0.4183571883631533	1.0	0.5334492012918614	0.5080753785357871	0.20321597614100959	1.0	0.49358866758569003	0.6144532717435799	0.6763518472901805	0.20611666856817792
es	1.0	0.30656244487820283	1.0	1.0	0.5352281621198479	0.34454907996249934	1.0	0.3183517076303296	1.0	0.3951666761141566	0.6084370696808219	1.0	0.6589257440209708	0.41075123492967724	0.3265688593361312	0.4514934074560791	0.5155757825109747	1.0	1.0	1.0	1.0	0.3224231170869808	0.46123070928945265	0.2725554951282495	0.6740515375688696	0.5536438376835796	0.4004177962735557	1.0	0.6044414021866646	1.0	0.33991997756309705	1.0	0.6638546162332061	0.7263875964832448	0.7690990303325336	0.510068949072907
fr	1.0	0.30656244487820283	1.0	1.0	0.510623470187706	0.3076157542269614	0.7376607345031153	0.2198027625741236	0.3951666761141566	1.0	0.4919073797941196	1.0	0.5610117157845331	0.39858467136664105	0.1968188011205103	0.4651538171098071	0.5633784306649205	1.0	1.0	1.0	1.0	0.3253058304666596	0.41506059055704	0.2374103170248751	0.6701591524560105	0.5020122603501355	0.3957158738686633	1.0	0.5818812394274148	0.5287801741160072	0.4118755356326954	1.0	0.661251134120194	0.6638546162332061	0.7690990303325336	0.4568890764755207
he	1.0	0.3711355186296654	1.0	1.0	0.7347168825662656	0.48055080367182146	1.0	0.5346413381483737	0.6084370696808219	0.4919073797941196	1.0	1.0	0.728099120889861	0.4211714650077918	0.49404663898467516	1.0	1.0	1.0	1.0	1.0	1.0	0.5118467836668475	0.5453111577010743	0.718925811717485	0.7411828468492555	1.0	0.44530616011514534	1.0	0.6786291688147437	1.0	0.6062251694307247	1.0	0.7106824291060084	1.0	0.7690990303325336	1.0
hi	1.0	0.3415774091776649	1.0	1.0	0.8055567530094857	1.0	1.0	0.7263875964832449	1.0	1.0	1.0	1.0	1.0	0.5870104796194363	0.5562664690839837	1.0	1.0	1.0	1.0	1.0	1.0	0.5863089236503652	0.7347168825662656	1.0	1.0	1.0	0.4102820671795996	1.0	0.6908587525207898	0.6223041007404059	1.0	1.0	1.0	1.0	0.7690990303325336	1.0
hu	1.0	0.3711355186296654	1.0	1.0	0.7411828468492555	0.5372244044315119	1.0	0.5649469719465992	0.6589257440209708	0.5610117157845331	0.728099120889861	1.0	1.0	0.41075123492967724	0.46066907243383237	0.7234532828151787	0.7248485669756152	1.0	1.0	1.0	1.0	0.6589257440209709	0.7248485669756152	0.5980572671881896	0.7411828468492555	0.7248485669756152	0.43074675538099827	1.0	0.6504036062041291	0.6110569957520273	0.7263875964832449	1.0	0.7411828468492555	0.7347168825662656	0.7690990303325336	0.7263875964832448
id	1.0	0.2838619951532197	1.0	0.5870104796194363	0.5508119475579546	0.39503725142721047	0.5870104796194363	0.3910853366897066	0.41075123492967724	0.39858467136664105	0.4211714650077918	0.5870104796194363	0.41075123492967724	1.0	0.40239631954643723	0.39503725142721047	0.4021975941462649	0.5996278340250925	0.5996278340250925	0.6172338136816629	1.0	0.39503725142721047	0.4074686598704693	0.3869627365035076	0.5774713179365476	0.4021975941462649	0.3682866360885981	0.7442101423359929	0.4130412482955418	0.5794640046835436	0.40040296498028777	1.0	0.4993653327656449	0.42013367566996224	0.831486122127227	0.4021975941462649
it	1.0	0.31102781947330294	1.0	0.6395657813917609	0.42952831949918796	0.20810940644186418	0.6161562425375515	0.24232349865904837	0.3265688593361312	0.1968188011205103	0.49404663898467516	0.5562664690839837	0.46066907243383237	0.40239631954643723	1.0	0.3639712755264717	0.3068365228268484	0.6395657813917608	0.629896233114065	0.6704675947063354	1.0	0.26055038836928424	0.2819054761107776	0.24534701085088792	0.5352880835662647	0.274888464401431	0.37502460393052417	0.7863954451402115	0.4677932224216069	0.48129961135688604	0.3424176316524332	1.0	0.5158101778230528	0.5913800870748354	0.7690990303325336	0.35156781153964983
ja	1.0	0.30656244487820283	1.0	1.0	0.7900608149332319	0.3718162092452127	1.0	0.2607200470972834	0.4514934074560791	0.4651538171098071	1.0	1.0	0.7234532828151787	0.39503725142721047	0.3639712755264717	1.0	1.0	1.0	1.0	1.0	1.0	0.3772849220290903	0.49672985480619164	0.29656282827603164	0.6667969795412325	1.0	0.3957158738686633	1.0	0.5818812394274148	0.5998186767392314	0.5505667795999561	1.0	0.6463864166156963	1.0	0.7690990303325336	1.0
ko	1.0	0.30656244487820283	1.0	1.0	0.7900608149332319	0.4114296806412557	1.0	0.4548248130224118	0.5155757825109747	0.5633784306649205	1.0	1.0	0.7248485669756152	0.4021975941462649	0.3068365228268484	1.0	1.0	1.0	1.0	1.0	1.0	0.4092641071268292	0.5556156122029273	0.5734694810503501	0.6701591524560105	1.0	0.3957158738686633	1.0	0.5818812394274148	0.5998186767392314	0.590165468651495	1.0	0.6667969795412325	1.0	0.7690990303325336	1.0
lv	1.0	0.388878943088341	1.0	1.0	1.0	1.0	1.0	0.7455134344225701	1.0	1.0	1.0	1.0	1.0	0.5996278340250925	0.6395657813917608	1.0	1.0	1.0	1.0	1.0	1.0	1.0	0.7510341748895938	1.0	1.0	1.0	0.43074675538099827	1.0	0.6994017365373274	0.6395657813917609	1.0	1.0	1.0	1.0	0.7690990303325336	1.0
mk	1.0	0.388878943088341	1.0	1.0	1.0	1.0	1.0	0.7411828468492556	1.0	1.0	1.0	1.0	1.0	0.5996278340250925	0.629896233114065	1.0	1.0	1.0	1.0	1.0	1.0	1.0	0.7455134344225701	1.0	0.7455134344225701	1.0	0.43074675538099827	1.0	0.6994017365373274	0.629896233114065	1.0	1.0	1.0	1.0	0.7690990303325336	1.0
ml	1.0	0.388878943088341	1.0	1.0	1.0	1.0	1.0	0.7584325078215763	1.0	1.0	1.0	1.0	1.0	0.6172338136816629	0.6704675947063354	1.0	1.0	1.0	1.0	1.0	1.0	1.0	0.7584325078215765	1.0	1.0	1.0	0.44530616011514534	1.0	1.0	1.0	1.0	1.0	1.0	1.0	0.7690990303325336	1.0
mr	1.0	0.5020797777427737	0.0	1.0	1.0	1.0	1.0	1.0	1.0	1.0	1.0	1.0	1.0	1.0	1.0	1.0	1.0	1.0	1.0	1.0	1.0	1.0	1.0	1.0	1.0	1.0	0.5480953166963739	1.0	1.0	1.0	1.0	1.0	1.0	1.0	1.0	1.0
nl	1.0	0.3003004805440098	1.0	0.32990020703520806	0.5916163037540736	0.19617001756772326	0.6223041007404059	0.2351063992959405	0.3224231170869808	0.3253058304666596	0.5118467836668475	0.5863089236503652	0.6589257440209709	0.39503725142721047	0.26055038836928424	0.3772849220290903	0.4092641071268292	1.0	1.0	1.0	1.0	1.0	0.4351519605167303	0.39903577050305405	0.60772229637827	0.39114090207512314	0.4183571883631533	1.0	0.4507069992140901	0.5148821905567429	0.550087031693073	1.0	0.48156291937120316	0.728099120889861	0.7690990303325336	0.38052983070654406
pl	1.0	0.32028107275123824	1.0	0.7411828468492556	0.5793111346151747	0.3756455679047764	0.6786291688147438	0.26253356615916434	0.46123070928945265	0.41506059055704	0.5453111577010743	0.7347168825662656	0.7248485669756152	0.4074686598704693	0.2819054761107776	0.49672985480619164	0.5556156122029273	0.7510341748895938	0.7455134344225701	0.7584325078215765	1.0	0.4351519605167303	1.0	0.4910140806231593	0.7047404810937389	0.5140737975143626	0.39713078892338655	1.0	0.6119059359420478	0.6468909830471344	0.48658794681135314	1.0	0.6093096912777513	0.6667969795412325	1.0	0.537158018847367
pt	1.0	0.30656244487820283	1.0	1.0	0.5490104195333285	0.27206077151063107	1.0	0.2733715920102818	0.2725554951282495	0.2374103170248751	0.718925811717485	1.0	0.5980572671881896	0.3869627365035076	0.24534701085088792	0.29656282827603164	0.5734694810503501	1.0	1.0	1.0	1.0	0.39903577050305405	0.4910140806231593	1.0	0.6667969795412325	0.3212702084169047	0.3957158738686633	1.0	0.5818812394274148	0.5579434330026996	0.28122745295218876	1.0	0.29571272319727004	1.0	0.7690990303325336	0.2870453440462286
ro	1.0	0.3188006427565653	1.0	1.0	0.6590675637199678	0.649329626804154	1.0	0.5445848353914505	0.6740515375688696	0.6701591524560105	0.7411828468492555	1.0	0.7411828468492555	0.5774713179365476	0.5352880835662647	0.6667969795412325	0.6701591524560105	1.0	0.7455134344225701	1.0	1.0	0.60772229637827	0.7047404810937389	0.6667969795412325	1.0	0.6701591524560107	0.3957158738686633	1.0	0.6994017365373274	0.6119059359420477	0.6483618101972173	1.0	0.6119059359420476	0.6786291688147438	0.7690990303325336	0.6667969795412325
ru	1.0	0.32735498371107263	1.0	1.0	0.5812185516423679	0.38634313285108896	1.0	0.31962859431072815	0.5536438376835796	0.5020122603501355	1.0	1.0	0.7248485669756152	0.4021975941462649	0.274888464401431	1.0	1.0	1.0	1.0	1.0	1.0	0.39114090207512314	0.5140737975143626	0.3212702084169047	0.6701591524560107	1.0	0.4102820671795996	1.0	0.6436895599575894	0.5944614612750622	0.56529982531984	1.0	0.6463864166156963	1.0	0.7690990303325336	1.0
sh	1.0	0.2770344259225395	1.0	0.3957158738686633	0.44364770558111744	0.38322660151488547	0.43074675538099827	0.4183571883631533	0.4004177962735557	0.3957158738686633	0.44530616011514534	0.4102820671795996	0.43074675538099827	0.3682866360885981	0.37502460393052417	0.3957158738686633	0.3957158738686633	0.43074675538099827	0.43074675538099827	0.44530616011514534	0.5480953166963739	0.4183571883631533	0.39713078892338655	0.3957158738686633	0.3957158738686633	0.4102820671795996	1.0	0.7863954451402115	0.3841465268788038	0.3912740064745632	0.3957158738686633	1.0	0.3833397905954945	0.3957158738686633	0.4396737880734749	0.3957158738686633
si	1.0	0.45627762828753365	1.0	1.0	1.0	1.0	1.0	1.0	1.0	1.0	1.0	1.0	1.0	0.7442101423359929	0.7863954451402115	1.0	1.0	1.0	1.0	1.0	1.0	1.0	1.0	1.0	1.0	1.0	0.7863954451402115	1.0	1.0	1.0	1.0	1.0	1.0	1.0	1.0	1.0
simple	1.0	0.3321737252526784	1.0	0.6994017365373274	0.7510341748895937	0.5167593663637736	0.7455134344225701	0.5334492012918614	0.6044414021866646	0.5818812394274148	0.6786291688147437	0.6908587525207898	0.6504036062041291	0.4130412482955418	0.4677932224216069	0.5818812394274148	0.5818812394274148	0.6994017365373274	0.6994017365373274	1.0	1.0	0.4507069992140901	0.6119059359420478	0.5818812394274148	0.6994017365373274	0.6436895599575894	0.3841465268788038	1.0	1.0	0.5593235221886825	0.542274495927059	1.0	0.561476878319608	0.6908587525207898	0.7690990303325336	0.5818812394274148
sr	1.0	0.3415774091776649	1.0	0.74551343442257	0.7411828468492556	0.526161842517368	0.7411828468492556	0.5080753785357871	1.0	0.5287801741160072	1.0	0.6223041007404059	0.6110569957520273	0.5794640046835436	0.48129961135688604	0.5998186767392314	0.5998186767392314	0.6395657813917609	0.629896233114065	1.0	1.0	0.5148821905567429	0.6468909830471344	0.5579434330026996	0.6119059359420477	0.5944614612750622	0.3912740064745632	1.0	0.5593235221886825	1.0	0.5616929536617625	1.0	0.6161562425375515	0.7376607345031153	0.7690990303325336	0.5998186767392314
sv	1.0	0.30656244487820283	1.0	1.0	0.5587802800950332	0.49736591351075404	0.7347168825662656	0.20321597614100959	0.33991997756309705	0.4118755356326954	0.6062251694307247	1.0	0.7263875964832449	0.40040296498028777	0.3424176316524332	0.5505667795999561	0.590165468651495	1.0	1.0	1.0	1.0	0.550087031693073	0.48658794681135314	0.28122745295218876	0.6483618101972173	0.56529982531984	0.3957158738686633	1.0	0.542274495927059	0.5616929536617625	1.0	1.0	0.5404560651727458	1.0	0.7690990303325336	0.42509914535272586
te	1.0	0.5660160774121898	0.0	1.0	1.0	1.0	1.0	1.0	1.0	1.0	1.0	1.0	1.0	1.0	1.0	1.0	1.0	1.0	1.0	1.0	1.0	1.0	1.0	1.0	1.0	1.0	1.0	1.0	1.0	1.0	1.0	1.0	1.0	1.0	1.0	1.0
tr	1.0	0.3138424244700989	-1.0	0.7411828468492555	0.7510341748895938	0.6084793482246811	0.7411828468492555	0.49358866758569003	0.6638546162332061	0.661251134120194	0.7106824291060084	1.0	0.7411828468492555	0.4993653327656449	0.5158101778230528	0.6463864166156963	0.6667969795412325	1.0	1.0	1.0	1.0	0.48156291937120316	0.6093096912777513	0.29571272319727004	0.6119059359420476	0.6463864166156963	0.3833397905954945	1.0	0.561476878319608	0.6161562425375515	0.5404560651727458	1.0	1.0	0.7376607345031153	0.7690990303325336	0.6427081323654562
vi	1.0	0.30656244487820283	1.0	1.0	0.7992591943912659	0.5969819612641136	1.0	0.6144532717435799	0.7263875964832448	0.6638546162332061	1.0	1.0	0.7347168825662656	0.42013367566996224	0.5913800870748354	1.0	1.0	1.0	1.0	1.0	1.0	0.728099120889861	0.6667969795412325	1.0	0.6786291688147438	1.0	0.3957158738686633	1.0	0.6908587525207898	0.7376607345031153	1.0	1.0	0.7376607345031153	1.0	0.7690990303325336	1.0
war	1.0	0.44650355581684187	1.0	0.7690990303325336	0.7690990303325336	0.7690990303325336	0.7690990303325336	0.6763518472901805	0.7690990303325336	0.7690990303325336	0.7690990303325336	0.7690990303325336	0.7690990303325336	0.831486122127227	0.7690990303325336	0.7690990303325336	0.7690990303325336	0.7690990303325336	0.7690990303325336	0.7690990303325336	1.0	0.7690990303325336	1.0	0.7690990303325336	0.7690990303325336	0.7690990303325336	0.4396737880734749	1.0	0.7690990303325336	0.7690990303325336	0.7690990303325336	1.0	0.7690990303325336	0.7690990303325336	1.0	0.7690990303325336
zh	1.0	0.30656244487820283	1.0	1.0	0.7376607345031153	0.4797954762417328	1.0	0.20611666856817792	0.510068949072907	0.4568890764755207	1.0	1.0	0.7263875964832448	0.4021975941462649	0.35156781153964983	1.0	1.0	1.0	1.0	1.0	1.0	0.38052983070654406	0.537158018847367	0.2870453440462286	0.6667969795412325	1.0	0.3957158738686633	1.0	0.5818812394274148	0.5998186767392314	0.42509914535272586	1.0	0.6427081323654562	1.0	0.7690990303325336	1.0
