arz	bs	ceb	ckb	da	de	el	en	es	fr	he	hi	hu	id	it	ja	ko	lv	mk	ml	mr	nl	pl	pt	ro	ru	sh	si	simple	sr	sv	te	vi	war	zh
arz	1.0	1.0	0.0	1.0	0.31239704049167016	1.0	1.0	0.5097079265008919	0.718925811717485	0.37247325467316533	1.0	1.0	1.0	0.6084370696808218	0.4435940020950793	1.0	1.0	1.0	1.0	1.0	1.0	0.5569675974578341	1.0	0.7171176902274347	1.0	1.0	0.7221793916855702	1.0	0.728099120889861	1.0	0.6568318202362041	1.0	1.0	1.0	1.0
bs	1.0	1.0	0.0	1.0	0.29205820620724093	0.2960237990149034	0.3352367060441679	0.25432146924934795	0.27978575107355436	0.26184009329519353	0.3349566799260671	0.5047050834281114	0.3985049247745597	0.2952375246386939	0.20252624232130234	0.32992668603889114	0.33184568429073635	0.4307423464941709	0.40132995477296834	0.5876277661521777	0.6221982196391784	0.2640997780083541	0.3134694722846904	0.293043980148474	0.311539437615746	0.3064201236103447	0.28232556826461025	0.6395657813917608	0.31933623997305743	0.32037161978251877	0.3019783405685862	1.0	0.3366133836480253	0.6740515375688697	0.32795483892271
ceb	0.0	0.0	1.0	0.0	1.0	1.0	1.0	1.0	1.0	1.0	1.0	1.0	1.0	1.0	1.0	1.0	1.0	1.0	1.0	0.0	1.0	1.0	0.8216064286890065	0.5660160774121898	1.0	1.0	1.0	0.0	1.0	1.0	1.0	0.0	1.0	0.0	1.0
ckb	1.0	1.0	0.0	1.0	0.7376607345031153	1.0	1.0	0.6044414021866646	1.0	0.7347168825662656	1.0	1.0	1.0	1.0	0.7347168825662656	1.0	1.0	1.0	1.0	1.0	1.0	1.0	0.7376607345031152	1.0	1.0	1.0	1.0	1.0	1.0	1.0	1.0	1.0	1.0	1.0	1.0
da	0.31239704049167016	0.29205820620724093	1.0	0.7376607345031153	1.0	0.13921924085773202	0.21872605301646142	0.0993330278042644	0.12706921933177845	0.11359069620032286	0.16592985738344804	0.25613095837155003	0.20689748236854236	0.1350268195869012	0.11095046112507333	0.14966472268704317	0.14237145578009758	0.2128246145634826	0.2555206423869522	0.24715545973631944	0.3442017857732149	0.12406371272989006	0.13626040850468132	0.12393838030515711	0.15296858653724504	0.14126559028514	0.13862115557027432	0.507194584168764	0.179748420795214	0.15470804538051972	0.12419762104836261	1.0	0.15376364703551748	0.6221982196391784	0.13643884475662388
de	1.0	0.2960237990149034	1.0	1.0	0.13921924085773202	1.0	0.30516364800668827	0.07853757455519993	0.08362311688815308	0.073349506299196	0.1832893211398744	0.4223851791747316	0.23635598747588843	0.0975972820074811	0.09235252650696978	0.15618233949675545	0.16645692028346706	0.33974710195799007	0.428761318762422	0.5349685402422322	0.5535126448624722	0.0966582477889765	0.09247612263760757	0.09397567921302259	0.24603124066497858	0.10226677520712397	0.12187682910480784	1.0	0.22499987886964476	0.15174236279944547	0.11192821570407405	1.0	0.21404695866479223	0.612612409469375	0.17204841874636678
el	1.0	0.3352367060441679	1.0	1.0	0.21872605301646142	0.30516364800668827	1.0	0.13458637160206224	0.19557875204425113	0.1539337764044122	1.0	1.0	1.0	0.18975299074482446	0.13382074036911068	1.0	1.0	0.7026445955663441	1.0	1.0	1.0	0.14932157807606883	0.1994668888189931	0.15154386847976223	0.5381911667587369	1.0	0.19094590494859964	1.0	0.410237362127597	0.5666812221822982	0.22356206884938717	1.0	1.0	1.0	1.0
en	0.5097079265008919	0.25432146924934795	1.0	0.6044414021866646	0.0993330278042644	0.07853757455519993	0.13458637160206224	1.0	0.06677679756078775	0.06169968238017249	0.12537245430660018	0.24954627736582946	0.13293524129984796	0.07429091678041026	0.08655646001186568	0.12214328038216778	0.12309968509588486	0.2187053637994808	0.16974123106722327	0.2627665162039616	0.26624796686135777	0.08467222475740495	0.08075814276057777	0.06834327476924033	0.1258316267034805	0.10873017067780534	0.08796923568306066	0.45460762414559736	0.14541870419623176	0.11060302659959334	0.08453038231011815	0.5473877559598654	0.1237508501949376	0.5418615014829912	0.12547652719478888
es	0.718925811717485	0.27978575107355436	1.0	1.0	0.12706921933177845	0.08362311688815308	0.19557875204425113	0.06677679756078775	1.0	0.06453879883221347	0.1536300303241107	0.3570717199005423	0.24135306045703206	0.07574990664814937	0.0792794996802621	0.13715882587058012	0.1449011764418986	0.37520278080073566	0.280684299707516	0.4971212419769645	0.5053311708534202	0.09288761010640628	0.09357121261035127	0.07153461188692323	0.19877253003215792	0.08569003330338772	0.1060588954241924	1.0	0.20781700528721805	0.12238380781800706	0.09456247063855987	0.728099120889861	0.20128668653161164	1.0	0.1461939261439693
fr	0.37247325467316533	0.26184009329519353	1.0	0.7347168825662656	0.11359069620032286	0.073349506299196	0.1539337764044122	0.06169968238017249	0.06453879883221347	1.0	0.14757866856826357	0.38244567908844335	0.17442757965899222	0.07293292900702497	0.0714666758464634	0.10735712127376379	0.10860318693679437	0.2649447650558541	0.2499419064011959	0.3768744038893697	0.500496338742086	0.08687792240809672	0.07118310381519431	0.06727291909551474	0.20113917367120168	0.07582845310885458	0.09693587343095336	0.3866516195742559	0.19001581480408597	0.11002681062395965	0.08607635828008088	0.7248485669756152	0.12715267119927565	0.7234532828151787	0.11001582378586706
he	1.0	0.3349566799260671	1.0	1.0	0.16592985738344804	0.1832893211398744	1.0	0.12537245430660018	0.1536300303241107	0.14757866856826357	1.0	1.0	0.6949853100792218	0.15803329233534286	0.13534186940314064	1.0	1.0	0.6249738127342557	1.0	1.0	1.0	0.1206835683705241	0.19396252534938413	0.14386303652830598	0.4218219146626527	1.0	0.1731613884889296	1.0	0.28150615941456575	0.5644971333729549	0.15673954914936142	1.0	1.0	1.0	1.0
hi	1.0	0.5047050834281114	1.0	1.0	0.25613095837155003	0.4223851791747316	1.0	0.24954627736582946	0.3570717199005423	0.38244567908844335	1.0	1.0	1.0	0.33070064128694526	0.2512895586682117	1.0	1.0	1.0	1.0	1.0	1.0	0.3153164824992921	0.38331763861081397	0.248845512692787	0.7064293785686272	1.0	0.3301702507263116	1.0	0.4700378561750711	1.0	0.3737941082819992	1.0	1.0	1.0	1.0
hu	1.0	0.3985049247745597	1.0	1.0	0.20689748236854236	0.23635598747588843	1.0	0.13293524129984796	0.24135306045703206	0.17442757965899222	0.6949853100792218	1.0	1.0	0.1907716617196895	0.13740815067619552	0.6940166471196018	0.6936610229131303	0.7026445955663438	0.7039424865283898	1.0	1.0	0.14670396614236117	0.24767361969184437	0.21139382893493947	0.48805554880080615	0.56495317378612	0.19316249797928978	1.0	0.3025416243859072	0.5660354584196642	0.19636270672102168	1.0	0.6967033415961644	1.0	0.6935746784206749
id	0.6084370696808218	0.2952375246386939	1.0	1.0	0.1350268195869012	0.0975972820074811	0.18975299074482446	0.07429091678041026	0.07574990664814937	0.07293292900702497	0.15803329233534286	0.33070064128694526	0.1907716617196895	1.0	0.08085720473493851	0.13311366788513196	0.12090324207066575	0.31540551877332884	0.23647472090575056	0.3233741186115968	0.48861542485408854	0.09074408742323195	0.10010012522306477	0.07501734680242375	0.18953131432495873	0.09149146270103758	0.11893403160014603	1.0	0.22074618557481185	0.12799542405046693	0.10332239236439854	0.40105550461749023	0.17106086553900027	1.0	0.12882429398705572
it	0.4435940020950793	0.20252624232130234	1.0	0.7347168825662656	0.11095046112507333	0.09235252650696978	0.13382074036911068	0.08655646001186568	0.0792794996802621	0.0714666758464634	0.13534186940314064	0.2512895586682117	0.13740815067619552	0.08085720473493851	1.0	0.1257238728552282	0.12459624211749334	0.1980656916698122	0.15476706421850056	0.25594658484313676	0.2767547975373855	0.08761134971148278	0.09377012618012355	0.07505744422343025	0.12907143111841177	0.1204885241282286	0.0976589635120758	0.6068415109520329	0.164575455703421	0.12371523643498959	0.09040931060244248	0.6667969795412325	0.1491572275314562	0.6505522366750781	0.13283937408290325
ja	1.0	0.32992668603889114	1.0	1.0	0.14966472268704317	0.15618233949675545	1.0	0.12214328038216778	0.13715882587058012	0.10735712127376379	1.0	1.0	0.6940166471196018	0.13311366788513196	0.1257238728552282	1.0	1.0	0.7004695573767599	1.0	1.0	1.0	0.11559410537061954	0.16458892652223173	0.1151446002242756	0.43558512570010255	1.0	0.15827464603794336	1.0	0.2748502553595368	0.5280535163968845	0.13921525339466265	1.0	1.0	1.0	1.0
ko	1.0	0.33184568429073635	1.0	1.0	0.14237145578009758	0.16645692028346706	1.0	0.12309968509588486	0.1449011764418986	0.10860318693679437	1.0	1.0	0.6936610229131303	0.12090324207066575	0.12459624211749334	1.0	1.0	0.7006662075775383	1.0	1.0	1.0	0.11653879413238624	0.16029049552970634	0.11667642674403324	0.414669642531807	1.0	0.14674230220616274	1.0	0.26657659211542123	0.4788590720890084	0.15471306124913717	1.0	1.0	1.0	1.0
lv	1.0	0.4307423464941709	1.0	1.0	0.2128246145634826	0.33974710195799007	0.7026445955663441	0.2187053637994808	0.37520278080073566	0.2649447650558541	0.6249738127342557	1.0	0.7026445955663438	0.31540551877332884	0.1980656916698122	0.7004695573767599	0.7006662075775383	1.0	0.7075325319701226	1.0	1.0	0.2500720077557622	0.33117888259332495	0.2712469849455931	0.5749819509195975	0.5409639376672983	0.28817394606670904	1.0	0.4878496384401429	0.5790916044961201	0.3247403964863603	1.0	0.701939543475863	1.0	0.624255729539894
mk	1.0	0.40132995477296834	1.0	1.0	0.2555206423869522	0.428761318762422	1.0	0.16974123106722327	0.280684299707516	0.2499419064011959	1.0	1.0	0.7039424865283898	0.23647472090575056	0.15476706421850056	1.0	1.0	0.7075325319701226	1.0	1.0	1.0	0.25402725728849257	0.34977740747158376	0.29277266300454147	0.6260089247738754	1.0	0.23501044709078836	1.0	0.7101264857596848	0.5724411160630981	0.3290392797281898	1.0	1.0	1.0	1.0
ml	1.0	0.5876277661521777	0.0	1.0	0.24715545973631944	0.5349685402422322	1.0	0.2627665162039616	0.4971212419769645	0.3768744038893697	1.0	1.0	1.0	0.3233741186115968	0.25594658484313676	1.0	1.0	1.0	1.0	1.0	1.0	0.3427049451951069	0.49377738591670883	0.5064619640000736	0.709195387537678	1.0	0.4804728402489333	1.0	0.5053989078148614	1.0	0.469323540049891	1.0	1.0	1.0	1.0
mr	1.0	0.6221982196391784	1.0	1.0	0.3442017857732149	0.5535126448624722	1.0	0.26624796686135777	0.5053311708534202	0.500496338742086	1.0	1.0	1.0	0.48861542485408854	0.2767547975373855	1.0	1.0	1.0	1.0	1.0	1.0	0.4279750312342396	0.43725398144617644	0.35418334437319593	0.6390933240567506	1.0	0.3583796963704128	1.0	0.5412697906679163	1.0	0.35379345144893426	1.0	1.0	1.0	1.0
nl	0.5569675974578341	0.2640997780083541	1.0	1.0	0.12406371272989006	0.0966582477889765	0.14932157807606883	0.08467222475740495	0.09288761010640628	0.08687792240809672	0.1206835683705241	0.3153164824992921	0.14670396614236117	0.09074408742323195	0.08761134971148278	0.11559410537061954	0.11653879413238624	0.2500720077557622	0.25402725728849257	0.3427049451951069	0.4279750312342396	1.0	0.10011364505061215	0.08832274318248748	0.15364185593444235	0.10957654504007242	0.10466052721438968	1.0	0.176063946482513	0.1072529190906489	0.09862226605375765	0.728099120889861	0.13202337876156806	0.5982000748211033	0.1177004493158131
pl	1.0	0.3134694722846904	0.8216064286890065	0.7376607345031152	0.13626040850468132	0.09247612263760757	0.1994668888189931	0.08075814276057777	0.09357121261035127	0.07118310381519431	0.19396252534938413	0.38331763861081397	0.24767361969184437	0.10010012522306477	0.09377012618012355	0.16458892652223173	0.16029049552970634	0.33117888259332495	0.34977740747158376	0.49377738591670883	0.43725398144617644	0.10011364505061215	1.0	0.09407218870790861	0.18326529580365702	0.10802059863649584	0.12203458354192037	1.0	0.2297340112468805	0.15389868845017393	0.11811153246747207	1.0	0.2351989348759477	1.0	0.16695773349556614
pt	0.7171176902274347	0.293043980148474	0.5660160774121898	1.0	0.12393838030515711	0.09397567921302259	0.15154386847976223	0.06834327476924033	0.07153461188692323	0.06727291909551474	0.14386303652830598	0.248845512692787	0.21139382893493947	0.07501734680242375	0.07505744422343025	0.1151446002242756	0.11667642674403324	0.2712469849455931	0.29277266300454147	0.5064619640000736	0.35418334437319593	0.08832274318248748	0.09407218870790861	1.0	0.1759522326385447	0.07948980100014459	0.09913298460559858	1.0	0.1991736071010079	0.1049001343634991	0.0964922614287925	0.7322034805959264	0.1412218037700354	1.0	0.1220936062704454
ro	1.0	0.311539437615746	1.0	1.0	0.15296858653724504	0.24603124066497858	0.5381911667587369	0.1258316267034805	0.19877253003215792	0.20113917367120168	0.4218219146626527	0.7064293785686272	0.48805554880080615	0.18953131432495873	0.12907143111841177	0.43558512570010255	0.414669642531807	0.5749819509195975	0.6260089247738754	0.709195387537678	0.6390933240567506	0.15364185593444235	0.18326529580365702	0.1759522326385447	1.0	0.38487157823248075	0.19290624378093324	0.7300208629885034	0.304653855162722	0.3856739314911056	0.17973402896520746	1.0	0.5474249245420989	1.0	0.43220533353635154
ru	1.0	0.3064201236103447	1.0	1.0	0.14126559028514	0.10226677520712397	1.0	0.10873017067780534	0.08569003330338772	0.07582845310885458	1.0	1.0	0.56495317378612	0.09149146270103758	0.1204885241282286	1.0	1.0	0.5409639376672983	1.0	1.0	1.0	0.10957654504007242	0.10802059863649584	0.07948980100014459	0.38487157823248075	1.0	0.11905731487713792	1.0	0.24091730057176078	0.36584231946985774	0.11025049956293087	1.0	1.0	1.0	1.0
sh	0.7221793916855702	0.28232556826461025	1.0	1.0	0.13862115557027432	0.12187682910480784	0.19094590494859964	0.08796923568306066	0.1060588954241924	0.09693587343095336	0.1731613884889296	0.3301702507263116	0.19316249797928978	0.11893403160014603	0.0976589635120758	0.15827464603794336	0.14674230220616274	0.28817394606670904	0.23501044709078836	0.4804728402489333	0.3583796963704128	0.10466052721438968	0.12203458354192037	0.09913298460559858	0.19290624378093324	0.11905731487713792	1.0	0.5904506347892131	0.2244497903968247	0.12327530054023601	0.11834351537291235	1.0	0.19317543661391767	0.7248485669756152	0.153212757050495
si	1.0	0.6395657813917608	0.0	1.0	0.507194584168764	1.0	1.0	0.45460762414559736	1.0	0.3866516195742559	1.0	1.0	1.0	1.0	0.6068415109520329	1.0	1.0	1.0	1.0	1.0	1.0	1.0	1.0	1.0	0.7300208629885034	1.0	0.5904506347892131	1.0	1.0	1.0	0.7263875964832448	1.0	1.0	1.0	1.0
simple	0.728099120889861	0.31933623997305743	1.0	1.0	0.179748420795214	0.22499987886964476	0.410237362127597	0.14541870419623176	0.20781700528721805	0.19001581480408597	0.28150615941456575	0.4700378561750711	0.3025416243859072	0.22074618557481185	0.164575455703421	0.2748502553595368	0.26657659211542123	0.4878496384401429	0.7101264857596848	0.5053989078148614	0.5412697906679163	0.176063946482513	0.2297340112468805	0.1991736071010079	0.304653855162722	0.24091730057176078	0.2244497903968247	1.0	1.0	0.2910880037171191	0.20687044493936535	0.7322034805959263	0.36745513084190473	1.0	0.25346742467312794
sr	1.0	0.32037161978251877	1.0	1.0	0.15470804538051972	0.15174236279944547	0.5666812221822982	0.11060302659959334	0.12238380781800706	0.11002681062395965	0.5644971333729549	1.0	0.5660354584196642	0.12799542405046693	0.12371523643498959	0.5280535163968845	0.4788590720890084	0.5790916044961201	0.5724411160630981	1.0	1.0	0.1072529190906489	0.15389868845017393	0.1049001343634991	0.3856739314911056	0.36584231946985774	0.12327530054023601	1.0	0.2910880037171191	1.0	0.15634714041136724	1.0	0.6926102492068328	1.0	0.5007379240484667
sv	0.6568318202362041	0.3019783405685862	1.0	1.0	0.12419762104836261	0.11192821570407405	0.22356206884938717	0.08453038231011815	0.09456247063855987	0.08607635828008088	0.15673954914936142	0.3737941082819992	0.19636270672102168	0.10332239236439854	0.09040931060244248	0.13921525339466265	0.15471306124913717	0.3247403964863603	0.3290392797281898	0.469323540049891	0.35379345144893426	0.09862226605375765	0.11811153246747207	0.0964922614287925	0.17973402896520746	0.11025049956293087	0.11834351537291235	0.7263875964832448	0.20687044493936535	0.15634714041136724	1.0	1.0	0.2097721749835151	0.7234532828151787	0.1349025077751555
te	1.0	1.0	0.0	1.0	1.0	1.0	1.0	0.5473877559598654	0.728099120889861	0.7248485669756152	1.0	1.0	1.0	0.40105550461749023	0.6667969795412325	1.0	1.0	1.0	1.0	1.0	1.0	0.728099120889861	1.0	0.7322034805959264	1.0	1.0	1.0	1.0	0.7322034805959263	1.0	1.0	1.0	1.0	1.0	1.0
vi	1.0	0.3366133836480253	1.0	1.0	0.15376364703551748	0.21404695866479223	1.0	0.1237508501949376	0.20128668653161164	0.12715267119927565	1.0	1.0	0.6967033415961644	0.17106086553900027	0.1491572275314562	1.0	1.0	0.701939543475863	1.0	1.0	1.0	0.13202337876156806	0.2351989348759477	0.1412218037700354	0.5474249245420989	1.0	0.19317543661391767	1.0	0.36745513084190473	0.6926102492068328	0.2097721749835151	1.0	1.0	1.0	1.0
war	1.0	0.6740515375688697	0.0	1.0	0.6221982196391784	0.612612409469375	1.0	0.5418615014829912	1.0	0.7234532828151787	1.0	1.0	1.0	1.0	0.6505522366750781	1.0	1.0	1.0	1.0	1.0	1.0	0.5982000748211033	1.0	1.0	1.0	1.0	0.7248485669756152	1.0	1.0	1.0	0.7234532828151787	1.0	1.0	1.0	1.0
zh	1.0	0.32795483892271	1.0	1.0	0.13643884475662388	0.17204841874636678	1.0	0.12547652719478888	0.1461939261439693	0.11001582378586706	1.0	1.0	0.6935746784206749	0.12882429398705572	0.13283937408290325	1.0	1.0	0.624255729539894	1.0	1.0	1.0	0.1177004493158131	0.16695773349556614	0.1220936062704454	0.43220533353635154	1.0	0.153212757050495	1.0	0.25346742467312794	0.5007379240484667	0.1349025077751555	1.0	1.0	1.0	1.0
