arz	bs	ceb	ckb	da	de	el	en	es	fr	he	hi	hu	id	it	ja	ko	lv	mk	ml	mr	nl	pl	pt	ro	ru	sh	si	simple	sr	sv	te	vi	war	zh
arz	1.0	0.0	0.0	0.0	1.0	1.0	0.0	1.0	1.0	1.0	1.0	0.0	1.0	1.0	0.585786437626905	1.0	1.0	0.0	1.0	0.0	0.0	1.0	1.0	0.585786437626905	1.0	1.0	0.0	0.0	1.0	0.0	1.0	0.0	1.0	0.0	1.0
bs	0.0	1.0	0.0	1.0	1.0	1.0	1.0	0.4364916731037085	1.0	1.0	1.0	1.0	1.0	1.0	0.585786437626905	1.0	1.0	1.0	1.0	1.0	0.0	1.0	1.0	1.0	0.0	1.0	1.0	0.0	1.0	1.0	1.0	0.0	1.0	0.0	1.0
ceb	0.0	0.0	1.0	0.0	1.0	1.0	0.0	1.0	1.0	1.0	1.0	0.0	0.0	1.0	1.0	1.0	1.0	1.0	1.0	1.0	0.0	1.0	1.0	1.0	1.0	1.0	0.0	0.0	1.0	1.0	1.0	0.0	1.0	0.0	1.0
ckb	0.0	1.0	0.0	1.0	1.0	1.0	1.0	0.585786437626905	1.0	1.0	1.0	1.0	1.0	1.0	1.0	1.0	1.0	1.0	1.0	1.0	0.0	1.0	1.0	1.0	0.0	1.0	0.0	0.0	1.0	1.0	1.0	0.0	1.0	0.0	1.0
da	1.0	1.0	1.0	1.0	1.0	0.20894541729001367	1.0	0.0552832040320063	0.4142135623730951	0.22281267964860224	1.0	1.0	0.585786437626905	0.25	0.07657682889972206	0.585786437626905	0.585786437626905	1.0	0.585786437626905	1.0	0.0	0.1879524791852023	0.24257131419419417	0.2553967929896867	0.585786437626905	0.38742588672279304	1.0	0.0	0.585786437626905	1.0	0.11826647876294484	0.0	1.0	1.0	0.585786437626905
de	1.0	1.0	1.0	1.0	0.20894541729001367	1.0	0.585786437626905	0.006311088321230058	0.05998213581082496	0.009709287566202604	0.5	0.585786437626905	0.12043886815418244	0.049406371858617425	0.011697855113431674	0.13205380782137427	0.2466060555964672	1.0	0.38742588672279304	1.0	0.0	0.00979310135601824	0.01699765595157681	0.01541703469463496	0.3090169943749474	0.01632810694854695	0.26533119314590375	0.0	0.26533119314590375	0.585786437626905	0.023783114608015434	0.0	0.585786437626905	1.0	0.20342651452257512
el	0.0	1.0	0.0	1.0	1.0	0.585786437626905	1.0	0.018823582518294774	0.44948974278317805	0.2070518364164892	1.0	1.0	0.32449979983983984	0.26427884169111276	0.037028246988725616	1.0	1.0	1.0	1.0	1.0	0.0	0.19675422795565728	0.3660254037844386	0.12444584824196174	1.0	1.0	1.0	0.0	0.39564392373896	1.0	0.1827439976315568	0.0	1.0	1.0	1.0
en	1.0	0.4364916731037085	1.0	0.585786437626905	0.0552832040320063	0.006311088321230058	0.018823582518294774	1.0	0.005549228588566503	0.016932918255886376	0.04606107901199448	0.22772999919644132	0.03555106260558499	0.026220781736255125	0.03048316043639912	0.007821681200652823	0.016727131215157183	0.44948974278317805	0.02158610782011348	0.5	1.0	0.014586592479384354	0.01953416839246921	0.03156962579317097	0.15191308535297485	0.004081270830165896	0.09997793796465083	1.0	0.08047125904064152	0.07410901651391638	0.0332311362942181	0.0	0.09102739286426219	1.0	0.0061662739592506415
es	1.0	1.0	1.0	1.0	0.4142135623730951	0.05998213581082496	0.44948974278317805	0.005549228588566503	1.0	0.009079511261837208	0.39564392373896007	1.0	0.13306825967044555	0.05068926298265812	0.012186391935577355	0.21239994067041815	0.5	0.585786437626905	0.585786437626905	1.0	0.0	0.030535267934188624	0.0308907936691196	0.01420263950854553	0.4142135623730951	0.13082140336733095	0.36602540378443865	0.0	0.36602540378443865	1.0	0.036336202497458885	0.0	1.0	1.0	0.3660254037844386
fr	1.0	1.0	1.0	1.0	0.22281267964860224	0.009709287566202604	0.2070518364164892	0.016932918255886376	0.009079511261837208	1.0	0.15366717774838984	0.24828371682826425	0.08352415416628044	0.03579189251192316	0.018194265054549172	0.012471123221976731	0.098149854321137	0.4142135623730951	0.21498516621900873	1.0	0.0	0.013911195287939345	0.017149643059510614	0.016405303122028567	0.2240092377397959	0.007149289274102803	0.2474401533514073	1.0	0.17826035697019474	0.36602540378443865	0.034101830841410725	1.0	0.25728427444747215	1.0	0.036082142694647594
he	1.0	1.0	1.0	1.0	1.0	0.5	1.0	0.04606107901199448	0.39564392373896007	0.15366717774838984	1.0	1.0	0.585786437626905	0.22772999919644132	0.08031494709393881	1.0	1.0	1.0	1.0	1.0	0.0	0.32449979983983984	0.2204812092115424	0.15331120368114	1.0	1.0	1.0	0.0	0.585786437626905	1.0	0.25	0.0	1.0	1.0	1.0
hi	0.0	1.0	0.0	1.0	1.0	0.585786437626905	1.0	0.22772999919644132	1.0	0.24828371682826425	1.0	1.0	1.0	0.585786437626905	0.32449979983983984	1.0	1.0	1.0	1.0	1.0	1.0	1.0	1.0	0.36602540378443865	1.0	1.0	0.585786437626905	0.0	0.585786437626905	1.0	0.585786437626905	1.0	1.0	1.0	1.0
hu	1.0	1.0	0.0	1.0	0.585786437626905	0.12043886815418244	0.32449979983983984	0.03555106260558499	0.13306825967044555	0.08352415416628044	0.585786437626905	1.0	1.0	0.585786437626905	0.04212248087183316	0.22966848451216434	0.44948974278317805	1.0	0.5	1.0	0.0	0.19643896536682112	0.15575305175595125	0.1875102340043623	1.0	0.10918065630756983	0.585786437626905	0.0	0.44948974278317805	1.0	0.16951848132111286	0.0	1.0	1.0	0.3660254037844386
id	1.0	1.0	1.0	1.0	0.25	0.049406371858617425	0.26427884169111276	0.026220781736255125	0.05068926298265812	0.03579189251192316	0.22772999919644132	0.585786437626905	0.585786437626905	1.0	0.043761158886312025	0.06109588267743736	0.09080596672292586	1.0	0.4142135623730951	0.585786437626905	0.0	0.06724139672160752	0.08903307599466037	0.05317119028765921	0.40453726661826384	0.035083522964676754	0.5	1.0	0.2193450929151803	0.585786437626905	0.1239659573012905	0.0	0.30216947925196225	1.0	0.09846343416354424
it	0.585786437626905	0.585786437626905	1.0	1.0	0.07657682889972206	0.011697855113431674	0.037028246988725616	0.03048316043639912	0.012186391935577355	0.018194265054549172	0.08031494709393881	0.32449979983983984	0.04212248087183316	0.043761158886312025	1.0	0.018021209864384435	0.03766624101585337	0.2857142857142857	0.05520592761169442	0.585786437626905	0.0	0.015203986486523746	0.017803663151169977	0.024509516115956982	0.13344744727755592	0.009746850504516047	0.09937769047300112	1.0	0.06938223192245782	0.07525470484963005	0.031541885881242016	0.0	0.1026016932750722	1.0	0.023099670437807546
ja	1.0	1.0	1.0	1.0	0.585786437626905	0.13205380782137427	1.0	0.007821681200652823	0.21239994067041815	0.012471123221976731	1.0	1.0	0.22966848451216434	0.06109588267743736	0.018021209864384435	1.0	1.0	1.0	1.0	1.0	0.0	0.03361046322017891	0.034338585025357755	0.023259248579832314	0.585786437626905	0.585786437626905	0.30216947925196225	0.0	0.32449979983983984	1.0	0.042806973496989774	1.0	1.0	1.0	1.0
ko	1.0	1.0	1.0	1.0	0.585786437626905	0.2466060555964672	1.0	0.016727131215157183	0.5	0.098149854321137	1.0	1.0	0.44948974278317805	0.09080596672292586	0.03766624101585337	1.0	1.0	1.0	1.0	1.0	0.0	0.16139047779640892	0.13548713261962084	0.06804241658419692	0.5	1.0	0.5	0.0	0.32449979983983984	1.0	0.15366717774838984	0.0	1.0	1.0	1.0
lv	0.0	1.0	1.0	1.0	1.0	1.0	1.0	0.44948974278317805	0.585786437626905	0.4142135623730951	1.0	1.0	1.0	1.0	0.2857142857142857	1.0	1.0	1.0	1.0	1.0	0.0	0.5	0.585786437626905	0.585786437626905	1.0	1.0	1.0	0.0	1.0	1.0	0.3797958971132712	0.0	1.0	1.0	1.0
mk	1.0	1.0	1.0	1.0	0.585786437626905	0.38742588672279304	1.0	0.02158610782011348	0.585786437626905	0.21498516621900873	1.0	1.0	0.5	0.4142135623730951	0.05520592761169442	1.0	1.0	1.0	1.0	1.0	0.0	0.23371479611805132	0.21393876913398135	0.2184498952542088	1.0	1.0	0.5	0.0	0.585786437626905	1.0	0.1639607805437114	0.0	1.0	1.0	1.0
ml	0.0	1.0	1.0	1.0	1.0	1.0	1.0	0.5	1.0	1.0	1.0	1.0	1.0	0.585786437626905	0.585786437626905	1.0	1.0	1.0	1.0	1.0	0.0	0.585786437626905	1.0	0.5	1.0	1.0	1.0	0.0	1.0	1.0	1.0	0.0	1.0	1.0	1.0
mr	0.0	0.0	0.0	0.0	0.0	0.0	0.0	1.0	0.0	0.0	0.0	1.0	0.0	0.0	0.0	0.0	0.0	0.0	0.0	0.0	1.0	0.0	0.0	0.0	0.0	0.0	0.0	0.0	0.0	0.0	0.0	0.0	0.0	0.0	0.0
nl	1.0	1.0	1.0	1.0	0.1879524791852023	0.00979310135601824	0.19675422795565728	0.014586592479384354	0.030535267934188624	0.013911195287939345	0.32449979983983984	1.0	0.19643896536682112	0.06724139672160752	0.015203986486523746	0.03361046322017891	0.16139047779640892	0.5	0.23371479611805132	0.585786437626905	0.0	1.0	0.033668277471473586	0.024863158084761458	0.2928060946961875	0.01383410167494858	0.30552726787943424	0.0	0.30216947925196225	0.36602540378443865	0.03304141591376614	0.0	0.28989794855663564	1.0	0.037902158266312796
pl	1.0	1.0	1.0	1.0	0.24257131419419417	0.01699765595157681	0.3660254037844386	0.01953416839246921	0.0308907936691196	0.017149643059510614	0.2204812092115424	1.0	0.15575305175595125	0.08903307599466037	0.017803663151169977	0.034338585025357755	0.13548713261962084	0.585786437626905	0.21393876913398135	1.0	0.0	0.033668277471473586	1.0	0.03174139768883847	0.38742588672279304	0.013200810160036337	0.17411239489546831	0.0	0.23166247903554	0.36602540378443865	0.04983157905100815	1.0	0.5	1.0	0.13122197716763584
pt	0.585786437626905	1.0	1.0	1.0	0.2553967929896867	0.01541703469463496	0.12444584824196174	0.03156962579317097	0.01420263950854553	0.016405303122028567	0.15331120368114	0.36602540378443865	0.1875102340043623	0.05317119028765921	0.024509516115956982	0.023259248579832314	0.06804241658419692	0.585786437626905	0.2184498952542088	0.5	0.0	0.024863158084761458	0.03174139768883847	1.0	0.29550740576348955	0.01177591268931856	0.26968623182294527	0.0	0.16666666666666666	0.4142135623730951	0.030127075955951776	0.0	0.20658711810431302	1.0	0.059371918071019436
ro	1.0	0.0	1.0	0.0	0.585786437626905	0.3090169943749474	1.0	0.15191308535297485	0.4142135623730951	0.2240092377397959	1.0	1.0	1.0	0.40453726661826384	0.13344744727755592	0.585786437626905	0.5	1.0	1.0	1.0	0.0	0.2928060946961875	0.38742588672279304	0.29550740576348955	1.0	0.3660254037844386	1.0	0.0	1.0	1.0	0.28989794855663564	0.0	1.0	1.0	0.5
ru	1.0	1.0	1.0	1.0	0.38742588672279304	0.01632810694854695	1.0	0.004081270830165896	0.13082140336733095	0.007149289274102803	1.0	1.0	0.10918065630756983	0.035083522964676754	0.009746850504516047	0.585786437626905	1.0	1.0	1.0	1.0	0.0	0.01383410167494858	0.013200810160036337	0.01177591268931856	0.3660254037844386	1.0	0.2553967929896867	1.0	0.3430703308172536	1.0	0.021958946956893176	1.0	1.0	1.0	1.0
sh	0.0	1.0	0.0	0.0	1.0	0.26533119314590375	1.0	0.09997793796465083	0.36602540378443865	0.2474401533514073	1.0	0.585786437626905	0.585786437626905	0.5	0.09937769047300112	0.30216947925196225	0.5	1.0	0.5	1.0	0.0	0.30552726787943424	0.17411239489546831	0.26968623182294527	1.0	0.2553967929896867	1.0	0.0	0.585786437626905	0.5	0.3244997998398398	0.0	1.0	1.0	0.4142135623730951
si	0.0	0.0	0.0	0.0	0.0	0.0	0.0	1.0	0.0	1.0	0.0	0.0	0.0	1.0	1.0	0.0	0.0	0.0	0.0	0.0	0.0	0.0	0.0	0.0	0.0	1.0	0.0	1.0	0.0	0.0	1.0	0.0	0.0	0.0	0.0
simple	1.0	1.0	1.0	1.0	0.585786437626905	0.26533119314590375	0.39564392373896	0.08047125904064152	0.36602540378443865	0.17826035697019474	0.585786437626905	0.585786437626905	0.44948974278317805	0.2193450929151803	0.06938223192245782	0.32449979983983984	0.32449979983983984	1.0	0.585786437626905	1.0	0.0	0.30216947925196225	0.23166247903554	0.16666666666666666	1.0	0.3430703308172536	0.585786437626905	0.0	1.0	1.0	0.26968623182294527	0.0	1.0	0.0	0.32449979983983984
sr	0.0	1.0	1.0	1.0	1.0	0.585786437626905	1.0	0.07410901651391638	1.0	0.36602540378443865	1.0	1.0	1.0	0.585786437626905	0.07525470484963005	1.0	1.0	1.0	1.0	1.0	0.0	0.36602540378443865	0.36602540378443865	0.4142135623730951	1.0	1.0	0.5	0.0	1.0	1.0	0.23166247903554	0.0	1.0	1.0	1.0
sv	1.0	1.0	1.0	1.0	0.11826647876294484	0.023783114608015434	0.1827439976315568	0.0332311362942181	0.036336202497458885	0.034101830841410725	0.25	0.585786437626905	0.16951848132111286	0.1239659573012905	0.031541885881242016	0.042806973496989774	0.15366717774838984	0.3797958971132712	0.1639607805437114	1.0	0.0	0.03304141591376614	0.04983157905100815	0.030127075955951776	0.28989794855663564	0.021958946956893176	0.3244997998398398	1.0	0.26968623182294527	0.23166247903554	1.0	0.0	0.2204812092115424	1.0	0.0894694070248956
te	0.0	0.0	0.0	0.0	0.0	0.0	0.0	0.0	0.0	1.0	0.0	1.0	0.0	0.0	0.0	1.0	0.0	0.0	0.0	0.0	0.0	0.0	1.0	0.0	0.0	1.0	0.0	0.0	0.0	0.0	0.0	1.0	0.0	0.0	0.0
vi	1.0	1.0	1.0	1.0	1.0	0.585786437626905	1.0	0.09102739286426219	1.0	0.25728427444747215	1.0	1.0	1.0	0.30216947925196225	0.1026016932750722	1.0	1.0	1.0	1.0	1.0	0.0	0.28989794855663564	0.5	0.20658711810431302	1.0	1.0	1.0	0.0	1.0	1.0	0.2204812092115424	0.0	1.0	1.0	1.0
war	0.0	0.0	0.0	0.0	1.0	1.0	1.0	1.0	1.0	1.0	1.0	1.0	1.0	1.0	1.0	1.0	1.0	1.0	1.0	1.0	0.0	1.0	1.0	1.0	1.0	1.0	1.0	0.0	0.0	1.0	1.0	0.0	1.0	1.0	1.0
zh	1.0	1.0	1.0	1.0	0.585786437626905	0.20342651452257512	1.0	0.0061662739592506415	0.3660254037844386	0.036082142694647594	1.0	1.0	0.3660254037844386	0.09846343416354424	0.023099670437807546	1.0	1.0	1.0	1.0	1.0	0.0	0.037902158266312796	0.13122197716763584	0.059371918071019436	0.5	1.0	0.4142135623730951	0.0	0.32449979983983984	1.0	0.0894694070248956	0.0	1.0	1.0	1.0
