arz	bs	ceb	ckb	da	de	el	en	es	fr	he	hi	hu	id	it	ja	ko	lv	mk	ml	mr	nl	pl	pt	ro	ru	sh	si	simple	sr	sv	te	tr	vi	war	zh
arz	0.0	0.0	0.0	0.0	0.0	0.0	0.0	0.0	0.0	0.0	0.0	0.0	0.0	0.0	0.0	0.0	0.0	0.0	0.0	0.0	0.0	0.0	0.0	0.0	0.0	0.0	0.0	0.0	0.0	0.0	0.0	0.0	0.0	0.0	0.0	0.0
bs	0.0	1.0	0.7635855434217369	0.0	0.8826197901899632	0.6996231303733365	0.0	0.43232207929051236	0.6304111245465538	0.45906189286705523	0.0	0.0	0.2944494119265424	0.6894045126773668	0.8895655148819706	0.0	0.0	0.5675477776964194	0.0	0.0	0.0	0.9120039612364716	0.8111052769755841	0.15042559436454359	0.8418170756438856	0.0	0.14406084557452836	0.0	0.8850818885767149	0.0	0.5636185969965027	0.0	0.0125	0.7276732078494194	0.0006749662516874156	0.0704673173617273
ceb	0.0	0.7635855434217369	1.0	0.0	0.7593098958333333	0.7202017832003754	0.0	0.4446579050779374	0.6511165954373082	0.4759050034586119	0.0	0.0	0.2827113683230227	0.7096680762324046	0.7883574294630915	0.0	0.0	0.4804711297637582	0.0	0.0	0.0	0.7827130073920373	0.8137565453487621	0.1451578573962398	0.7713354215943233	0.0	0.126666191460546	0.0	0.8074437839234945	0.0	0.5806831566548881	0.0	-1.0	0.727785428552692	0.0005797941730685607	0.06943450250536864
ckb	0.0	0.0	0.0	0.0	0.0	0.0	0.0	0.0	0.0	0.0	0.0	0.0	0.0	0.0	0.0	0.0	0.0	0.0	0.0	0.0	0.0	0.0	0.0	0.0	0.0	0.0	0.0	0.0	0.0	0.0	0.0	0.0	0.0	0.0	0.0	0.0
da	0.0	0.8826197901899632	0.7593098958333333	0.0	1.0	0.6952599929253626	0.0	0.42921190277350446	0.6248638838475499	0.45939922930498167	0.0	0.0	0.2914624887845952	0.683809412996684	0.8829488671366965	0.0	0.0	0.5485278080697928	0.0	0.0	0.0	0.8779296875	0.8046090210754383	0.14721485411140584	0.8338964724962833	0.0	0.13940617754842569	0.0	0.8778097587719298	0.0	0.5597487514802039	0.0	0.0	0.7213837318017897	0.0006804778466656586	0.06967914836596442
de	0.0	0.6996231303733365	0.7202017832003754	0.0	0.6952599929253626	1.0	0.0	0.4922002228507757	0.67616967467525	0.5257326338639653	0.0	0.0	0.2992272024729521	0.729068673565381	0.7247743577875492	0.0	0.0	0.43754187222120716	0.0	0.0	0.0	0.7186121728903264	0.744597364568082	0.13098778712902615	0.7274540867218213	0.0	0.11430205222695215	0.0	0.7406387342513917	0.0	0.6451173353520061	0.0	0.0	0.6632507996682857	0.0005795608216884538	0.06238450264449118
el	0.0	0.0	0.0	0.0	0.0	0.0	0.0	0.0	0.0	0.0	0.0	0.0	0.0	0.0	0.0	0.0	0.0	0.0	0.0	0.0	0.0	0.0	0.0	0.0	0.0	0.0	0.0	0.0	0.0	0.0	0.0	0.0	0.0	0.0	0.0	0.0
en	0.0	0.43232207929051236	0.4446579050779374	0.0	0.42921190277350446	0.4922002228507757	0.0	1.0	0.440579329657828	0.5560627437961656	0.0	0.0	0.19523373052245646	0.4959617110379898	0.456865127582017	0.0	0.0	0.27827346195169805	0.0	0.0	0.0	0.44068832983927325	0.4572384137601529	0.08642595289509365	0.4467732798814763	0.0	0.07548980004039588	0.0	0.45297846474470305	0.0	0.5273040409980677	0.0	0.0016501650165016502	0.4105972000708843	0.00046656298600311044	0.0446319018404908
es	0.0	0.6304111245465538	0.6511165954373082	0.0	0.6248638838475499	0.67616967467525	0.0	0.440579329657828	1.0	0.47159957480242176	0.0	0.0	0.2787773393084075	0.668941203229842	0.649627703581137	0.0	0.0	0.40963698941489707	0.0	0.0	0.0	0.6452350851845163	0.6672444710101614	0.12656889014243408	0.6551496214397308	0.0	0.10967650397275823	0.0	0.6648506256361133	0.0	0.572204014748054	0.0	0.006289308176100629	0.6005257045051654	0.0005867683731846853	0.06103690937814161
fr	0.0	0.45906189286705523	0.4759050034586119	0.0	0.45939922930498167	0.5257326338639653	0.0	0.5560627437961656	0.47159957480242176	1.0	0.0	0.0	0.20758371132969777	0.5300829875518672	0.48648030379283524	0.0	0.0	0.29845363371374933	0.0	0.0	0.0	0.47117956285160933	0.4880608643842523	0.09058105598301937	0.47793677817144437	0.0	0.07996794871794871	0.0	0.48566316465568654	0.0	0.5662655951693825	0.0	0.006472491909385114	0.43789444158758356	0.00016470846601515318	0.046565711195240674
he	0.0	0.0	0.0	0.0	0.0	0.0	0.0	0.0	0.0	0.0	0.0	0.0	0.0	0.0	0.0	0.0	0.0	0.0	0.0	0.0	0.0	0.0	0.0	0.0	0.0	0.0	0.0	0.0	0.0	0.0	0.0	0.0	0.0	0.0	0.0	0.0
hi	0.0	0.0	0.0	0.0	0.0	0.0	0.0	0.0	0.0	0.0	0.0	0.0	0.0	0.0	0.0	0.0	0.0	0.0	0.0	0.0	0.0	0.0	0.0	0.0	0.0	0.0	0.0	0.0	0.0	0.0	0.0	0.0	0.0	0.0	0.0	0.0
hu	0.0	0.2944494119265424	0.2827113683230227	0.0	0.2914624887845952	0.2992272024729521	0.0	0.19523373052245646	0.2787773393084075	0.20758371132969777	0.0	0.0	1.0	0.2774430654295698	0.29515822577474937	0.0	0.0	0.2336244541484716	0.0	0.0	0.0	0.2954683595596677	0.29025091479351806	0.09925593148954093	0.29900220987075604	0.0	0.09145187126838503	0.0	0.2989561310782241	0.0	0.2493076326575828	0.0	0.0	0.27166325883099485	0.0005462490895848507	0.05456570155902005
id	0.0	0.6894045126773668	0.7096680762324046	0.0	0.683809412996684	0.729068673565381	0.0	0.4959617110379898	0.668941203229842	0.5300829875518672	0.0	0.0	0.2774430654295698	1.0	0.7317439242625411	0.0	0.0	0.43017733694018634	0.0	0.0	0.0	0.7047061550944709	0.7327745664739884	0.12669993761696818	0.7161309006660874	0.0	0.11260356515189555	0.0	0.7270626299976889	0.0	0.6533535047907212	0.0	0.0	0.6494719029001575	0.0005726283641916397	0.06251575497857323
it	0.0	0.8895655148819706	0.7883574294630915	0.0	0.8829488671366965	0.7247743577875492	0.0	0.456865127582017	0.649627703581137	0.48648030379283524	0.0	0.0	0.29515822577474937	0.7317439242625411	1.0	0.0	0.0	0.544029283790317	0.0	0.0	0.0	0.8850559223824283	0.8382172988986926	0.14788732394366197	0.8722358722358723	0.0	0.1355778614247874	0.0	0.9159092439237865	0.0	0.5996224297158018	0.0	0.0	0.7452842461298296	0.0006301638425990758	0.0714037646731958
ja	0.0	0.0	0.0	0.0	0.0	0.0	0.0	0.0	0.0	0.0	0.0	0.0	0.0	0.0	0.0	0.0	0.0	0.0	0.0	0.0	0.0	0.0	0.0	0.0	0.0	0.0	0.0	0.0	0.0	0.0	0.0	0.0	0.0	0.0	0.0	0.0
ko	0.0	0.0	0.0	0.0	0.0	0.0	0.0	0.0	0.0	0.0	0.0	0.0	0.0	0.0	0.0	0.0	0.0	0.0	0.0	0.0	0.0	0.0	0.0	0.0	0.0	0.0	0.0	0.0	0.0	0.0	0.0	0.0	0.0	0.0	0.0	0.0
lv	0.0	0.5675477776964194	0.4804711297637582	0.0	0.5485278080697928	0.43754187222120716	0.0	0.27827346195169805	0.40963698941489707	0.29845363371374933	0.0	0.0	0.2336244541484716	0.43017733694018634	0.544029283790317	0.0	0.0	1.0	0.0	0.0	0.0	0.5602379416612915	0.5052908269865876	0.13337684943429068	0.523842528416967	0.0	0.13088829071332436	0.0	0.5424986134220743	0.0	0.3587138611186166	0.0	0.0	0.46612639510912063	0.0007428500680945896	0.06913351119359704
mk	0.0	0.0	0.0	0.0	0.0	0.0	0.0	0.0	0.0	0.0	0.0	0.0	0.0	0.0	0.0	0.0	0.0	0.0	0.0	0.0	0.0	0.0	0.0	0.0	0.0	0.0	0.0	0.0	0.0	0.0	0.0	0.0	0.0	0.0	0.0	0.0
ml	0.0	0.0	0.0	0.0	0.0	0.0	0.0	0.0	0.0	0.0	0.0	0.0	0.0	0.0	0.0	0.0	0.0	0.0	0.0	0.0	0.0	0.0	0.0	0.0	0.0	0.0	0.0	0.0	0.0	0.0	0.0	0.0	0.0	0.0	0.0	0.0
mr	0.0	0.0	0.0	0.0	0.0	0.0	0.0	0.0	0.0	0.0	0.0	0.0	0.0	0.0	0.0	0.0	0.0	0.0	0.0	0.0	0.0	0.0	0.0	0.0	0.0	0.0	0.0	0.0	0.0	0.0	0.0	0.0	0.0	0.0	0.0	0.0
nl	0.0	0.9120039612364716	0.7827130073920373	0.0	0.8779296875	0.7186121728903264	0.0	0.44068832983927325	0.6452350851845163	0.47117956285160933	0.0	0.0	0.2954683595596677	0.7047061550944709	0.8850559223824283	0.0	0.0	0.5602379416612915	0.0	0.0	0.0	1.0	0.8325794821370043	0.15031554790590934	0.8641458474004051	0.0	0.14019166545665748	0.0	0.8782262955724779	0.0	0.5774496231349023	0.0	0.000974184120798831	0.7431095171680946	0.0005840695042710083	0.07055767982108073
pl	0.0	0.8111052769755841	0.8137565453487621	0.0	0.8046090210754383	0.744597364568082	0.0	0.4572384137601529	0.6672444710101614	0.4880608643842523	0.0	0.0	0.29025091479351806	0.7327745664739884	0.8382172988986926	0.0	0.0	0.5052908269865876	0.0	0.0	0.0	0.8325794821370043	1.0	0.14462980835516337	0.8202494023389546	0.0	0.12767727178207527	0.0	0.8340428276573787	0.0	0.5998059541439004	0.0	0.005154639175257732	0.7463522668056279	0.0006311360448807854	0.07084260289210234
pt	0.0	0.15042559436454359	0.1451578573962398	0.0	0.14721485411140584	0.13098778712902615	0.0	0.08642595289509365	0.12656889014243408	0.09058105598301937	0.0	0.0	0.09925593148954093	0.12669993761696818	0.14788732394366197	0.0	0.0	0.13337684943429068	0.0	0.0	0.0	0.15031554790590934	0.14462980835516337	1.0	0.14794152955299766	0.0	0.07747524752475247	0.0	0.1497076837416481	0.0	0.10861744046599281	0.0	0.0	0.14419605131750787	0.00042517006802721087	0.058912845429699365
ro	0.0	0.8418170756438856	0.7713354215943233	0.0	0.8338964724962833	0.7274540867218213	0.0	0.4467732798814763	0.6551496214397308	0.47793677817144437	0.0	0.0	0.29900220987075604	0.7161309006660874	0.8722358722358723	0.0	0.0	0.523842528416967	0.0	0.0	0.0	0.8641458474004051	0.8202494023389546	0.14794152955299766	1.0	0.0	0.13228077661617238	0.0	0.8661218523686134	0.0	0.5852734994627232	0.0	0.038461538461538464	0.730221001700013	0.0005750017968806152	0.06939906236681347
ru	0.0	0.0	0.0	0.0	0.0	0.0	0.0	0.0	0.0	0.0	0.0	0.0	0.0	0.0	0.0	0.0	0.0	0.0	0.0	0.0	0.0	0.0	0.0	0.0	0.0	0.0	0.0	0.0	0.0	0.0	0.0	0.0	0.0	0.0	0.0	0.0
sh	0.0	0.14406084557452836	0.126666191460546	0.0	0.13940617754842569	0.11430205222695215	0.0	0.07548980004039588	0.10967650397275823	0.07996794871794871	0.0	0.0	0.09145187126838503	0.11260356515189555	0.1355778614247874	0.0	0.0	0.13088829071332436	0.0	0.0	0.0	0.14019166545665748	0.12767727178207527	0.07747524752475247	0.13228077661617238	0.0	1.0	0.0	0.13667649950835792	0.0	0.09505223280909195	0.0	0.030303030303030304	0.1265088207985144	0.000992063492063492	0.04752409438351612
si	0.0	0.0	0.0	0.0	0.0	0.0	0.0	0.0	0.0	0.0	0.0	0.0	0.0	0.0	0.0	0.0	0.0	0.0	0.0	0.0	0.0	0.0	0.0	0.0	0.0	0.0	0.0	0.0	0.0	0.0	0.0	0.0	0.0	0.0	0.0	0.0
simple	0.0	0.8850818885767149	0.8074437839234945	0.0	0.8778097587719298	0.7406387342513917	0.0	0.45297846474470305	0.6648506256361133	0.48566316465568654	0.0	0.0	0.2989561310782241	0.7270626299976889	0.9159092439237865	0.0	0.0	0.5424986134220743	0.0	0.0	0.0	0.8782262955724779	0.8340428276573787	0.1497076837416481	0.8661218523686134	0.0	0.13667649950835792	0.0	1.0	0.0	0.5949767726785441	0.0	0.014492753623188406	0.7633280548957508	0.000564334085778781	0.07103901552230457
sr	0.0	0.0	0.0	0.0	0.0	0.0	0.0	0.0	0.0	0.0	0.0	0.0	0.0	0.0	0.0	0.0	0.0	0.0	0.0	0.0	0.0	0.0	0.0	0.0	0.0	0.0	0.0	0.0	0.0	0.0	0.0	0.0	0.0	0.0	0.0	0.0
sv	0.0	0.5636185969965027	0.5806831566548881	0.0	0.5597487514802039	0.6451173353520061	0.0	0.5273040409980677	0.572204014748054	0.5662655951693825	0.0	0.0	0.2493076326575828	0.6533535047907212	0.5996224297158018	0.0	0.0	0.3587138611186166	0.0	0.0	0.0	0.5774496231349023	0.5998059541439004	0.10861744046599281	0.5852734994627232	0.0	0.09505223280909195	0.0	0.5949767726785441	0.0	1.0	0.0	0.0	0.5329158472207846	0.00046865846514352667	0.05430126201227278
te	0.0	0.0	0.0	0.0	0.0	0.0	0.0	0.0	0.0	0.0	0.0	0.0	0.0	0.0	0.0	0.0	0.0	0.0	0.0	0.0	0.0	0.0	0.0	0.0	0.0	0.0	0.0	0.0	0.0	0.0	0.0	0.0	0.0	0.0	0.0	0.0
tr	0.0	0.0125	-1.0	0.0	0.0	0.0	0.0	0.0016501650165016502	0.006289308176100629	0.006472491909385114	0.0	0.0	0.0	0.0	0.0	0.0	0.0	0.0	0.0	0.0	0.0	0.000974184120798831	0.005154639175257732	0.0	0.038461538461538464	0.0	0.030303030303030304	0.0	0.014492753623188406	0.0	0.0	0.0	1.0	0.0	0.0	0.0
vi	0.0	0.7276732078494194	0.727785428552692	0.0	0.7213837318017897	0.6632507996682857	0.0	0.4105972000708843	0.6005257045051654	0.43789444158758356	0.0	0.0	0.27166325883099485	0.6494719029001575	0.7452842461298296	0.0	0.0	0.46612639510912063	0.0	0.0	0.0	0.7431095171680946	0.7463522668056279	0.14419605131750787	0.730221001700013	0.0	0.1265088207985144	0.0	0.7633280548957508	0.0	0.5329158472207846	0.0	0.0	1.0	0.0005576800509878904	0.06759706845470138
war	0.0	0.0006749662516874156	0.0005797941730685607	0.0	0.0006804778466656586	0.0005795608216884538	0.0	0.00046656298600311044	0.0005867683731846853	0.00016470846601515318	0.0	0.0	0.0005462490895848507	0.0005726283641916397	0.0006301638425990758	0.0	0.0	0.0007428500680945896	0.0	0.0	0.0	0.0005840695042710083	0.0006311360448807854	0.00042517006802721087	0.0005750017968806152	0.0	0.000992063492063492	0.0	0.000564334085778781	0.0	0.00046865846514352667	0.0	0.0	0.0005576800509878904	1.0	0.0
zh	0.0	0.0704673173617273	0.06943450250536864	0.0	0.06967914836596442	0.06238450264449118	0.0	0.0446319018404908	0.06103690937814161	0.046565711195240674	0.0	0.0	0.05456570155902005	0.06251575497857323	0.0714037646731958	0.0	0.0	0.06913351119359704	0.0	0.0	0.0	0.07055767982108073	0.07084260289210234	0.058912845429699365	0.06939906236681347	0.0	0.04752409438351612	0.0	0.07103901552230457	0.0	0.05430126201227278	0.0	0.0	0.06759706845470138	0.0	1.0
