arz	bs	ceb	ckb	da	de	el	en	es	fr	he	hi	hu	id	it	ja	ko	lv	mk	ml	mr	nl	pl	pt	ro	ru	sh	si	simple	sr	sv	te	tr	vi	war	zh
arz	1.0	0.8820106286298445	0.9079229991726373	1.0	0.9138771546921388	0.9095674754350622	1.0	0.7556070901299664	0.7957003887709103	0.7765528068820783	1.0	1.0	0.7007538135661957	0.8444389321332464	0.9427142271269598	1.0	1.0	0.6047955904319218	1.0	1.0	1.0	0.9192169172855166	0.872914033219758	0.5406089058821931	0.9112438689462496	1.0	0.3210405481733474	1.0	0.9427142271269598	1.0	0.779428994834119	1.0	1.0	0.7878921648950883	1.0	0.45677250577751305
bs	0.8820106286298445	1.0	0.7585594735647101	0.8424134779955558	0.7597714191274498	0.7272852388701638	0.8424134779955558	0.6354902561660247	0.6661225493864464	0.6389462175659046	0.8424134779955558	0.8433941874479794	0.44096161741898604	0.7310755412754418	0.8062530689411652	0.8424134779955558	0.8424134779955557	0.562437524588909	0.8424134779955557	0.8424134779955558	0.8424134779955558	0.802517737595876	0.7599054550567548	0.3354751343881827	0.7608213029253797	0.8424134779955558	0.32560938850642634	0.8680135409163589	0.801752162423846	0.8424134779955558	0.6811615868437318	0.8528074228542529	0.31271459155784703	0.68109129722376	0.4193489506701765	0.26264618069305895
ceb	0.9079229991726373	0.7585594735647101	1.0	0.7974239084143635	0.7411363037637003	0.7017231493015071	0.7943840347297761	0.6243996409380317	0.6507709139314476	0.6352734824895829	0.7968732414534799	0.7987176608892222	0.43399148165737805	0.7105031172629838	0.7728287134409877	0.7943840347297761	0.7943840347297763	0.5539004926702435	0.7974239084143636	0.7974239084143635	0.7974239084143635	0.7656677437601633	0.7343818395425707	0.33643590049917466	0.7396480827349972	0.7943840347297763	0.32777629045572226	0.859811980121895	0.7663956901665747	0.7968732414534799	0.6596582763506125	0.8089371824365431	-1.0	0.6649371681596131	0.4279139896182153	0.25784691082211453
ckb	1.0	0.8424134779955558	0.7974239084143635	1.0	0.8018381473840877	0.7566011007975165	1.0	0.6443622320884557	0.6815675369647253	0.6551255508241306	1.0	1.0	0.4429664997706297	0.7573330811934738	0.8725308888933834	1.0	1.0	0.5676547995312946	1.0	1.0	1.0	0.8572125278902041	0.7972217007158329	0.3374289779942589	0.8024671898486452	1.0	0.3266703072016586	1.0	0.8583707333393185	1.0	0.7024384953902393	1.0	1.0	0.700502161917275	0.4213753172044636	0.2627112173079605
da	0.9138771546921388	0.7597714191274498	0.7411363037637003	0.8018381473840877	1.0	0.7152032684480742	0.801249395981524	0.6195401828860796	0.6540796747055457	0.6366393883817684	0.801249395981524	0.8058273179516131	0.4362004985542737	0.7119817820551655	0.7770285905171159	0.801249395981524	0.8012493959815241	0.5565763606258298	0.8018381473840877	0.8018381473840877	0.8018381473840877	0.7738227134054448	0.739810229760587	0.3340789144116075	0.7416364675272642	0.8012493959815241	0.323686648524316	0.8741802817700095	0.7716339233226758	0.8012493959815241	0.6680913436306826	0.8162227995070678	0.2699958138100698	0.6652818725313462	0.41772358630564854	0.26245659858223874
de	0.9095674754350622	0.7272852388701638	0.7017231493015071	0.7566011007975165	0.7152032684480742	1.0	0.7487249469301487	0.607742566239334	0.6282106705781988	0.6154898514727809	0.7552119287135655	0.7568630547539226	0.4271146428539034	0.6827764460322607	0.7385581914506475	0.7534206965835631	0.7485716905543994	0.5501851107624045	0.7566011007975165	0.7566011007975165	0.7566011007975162	0.7334850689995625	0.7086677334303793	0.33231451846997084	0.7029847562601291	0.7517656583121048	0.32332952927702374	0.8164191033084633	0.7313502836568376	0.7552119287135654	0.6461169971040547	0.7720463892018296	0.23140657859851238	0.643113296171882	0.4154096069483515	0.25820924698505027
el	1.0	0.8424134779955558	0.7943840347297761	1.0	0.801249395981524	0.7487249469301487	1.0	0.637149215753722	0.6745822474537256	0.6497273848088516	1.0	1.0	0.4362498595990299	0.7540357414801312	0.8728898384559481	1.0	1.0	0.5676547995312946	1.0	1.0	1.0	0.8574577394513917	0.7964542553126088	0.3347701224557402	0.801252063670132	1.0	0.3266703072016586	1.0	0.8571529434277204	1.0	0.6950621544641415	1.0	0.6524007805500077	0.6952862016966888	0.4213753172044636	0.25903352554219505
en	0.7556070901299664	0.6354902561660247	0.6243996409380317	0.6443622320884557	0.6195401828860796	0.607742566239334	0.637149215753722	1.0	0.5698116531212533	0.5474561883904705	0.6434324499737182	0.6464007270028329	0.41580504733095863	0.6069895479659156	0.633356783724661	0.6389777552510626	0.628030919707087	0.5163820075762873	0.6443622320884557	0.6443622320884557	0.6443622320884557	0.6328246645227874	0.6161371266868542	0.32585514875397753	0.620020553556351	0.6398702979432864	0.31765189709894853	0.694458989080052	0.6328683580006366	0.6434324499737182	0.5765877787916837	0.6662632444747427	0.22894288572379368	0.589845200209471	0.4047548210139832	0.2548044715574951
es	0.7957003887709103	0.6661225493864464	0.6507709139314476	0.6815675369647253	0.6540796747055457	0.6282106705781988	0.6745822474537256	0.5698116531212533	1.0	0.577082901330656	0.6802715874690529	0.6822693922090403	0.4202333995140435	0.628682994846087	0.6688566095646263	0.6774047677650826	0.6727735454887063	0.5225952765504869	0.6815675369647253	0.6815675369647253	0.6815675369647253	0.6683308388975295	0.6524398473057602	0.3307858533131807	0.6528078099177805	0.6764187277064058	0.3219709924774692	0.7358464174266515	0.6677260544371336	0.6802715874690529	0.6043509850901797	0.6962616625272879	0.2348125341499921	0.6085609858003292	0.4077509428458724	0.25652314461196973
fr	0.7765528068820783	0.6389462175659046	0.6352734824895829	0.6551255508241306	0.6366393883817684	0.6154898514727809	0.6497273848088516	0.5474561883904705	0.577082901330656	1.0	0.6549062814504635	0.655106318912904	0.41195927330353926	0.6121624387048218	0.646309951331302	0.6504541169760181	0.6422710191135702	0.5193839348782555	0.6551255508241305	0.6551255508241305	0.6551255508241305	0.6439419590926503	0.6311372976423695	0.32796475391044	0.632831466909258	0.6508108525702826	0.3214049019489427	0.7425337722518873	0.6455003806934916	0.6549062814504635	0.5772999130746336	0.6781975819267109	0.22724282367200782	0.5914738457706565	0.4032107596554008	0.2566488965067974
he	1.0	0.8424134779955558	0.7968732414534799	1.0	0.801249395981524	0.7552119287135655	1.0	0.6434324499737182	0.6802715874690529	0.6549062814504635	1.0	1.0	0.4388354357521515	0.7568035408337527	0.8728898384559484	1.0	1.0	0.5676547995312946	1.0	1.0	1.0	0.8572125278902041	0.797198742773997	0.3367004545486299	0.8022659665650222	1.0	0.3266703072016586	1.0	0.8574196622493936	1.0	0.7022123910127754	1.0	0.39538311603482656	0.6972348415137197	0.4213753172044636	0.2624544128558815
hi	1.0	0.8433941874479794	0.7987176608892222	1.0	0.8058273179516131	0.7568630547539226	1.0	0.6464007270028329	0.6822693922090403	0.655106318912904	1.0	1.0	0.4467341601478768	0.7608439198043677	0.875094285068056	1.0	1.0	0.5698940313738124	1.0	1.0	1.0	0.8576842977865272	0.7980739214791065	0.33784303997027093	0.8037225357462191	1.0	0.32760668905536133	1.0	0.8608206155382323	1.0	0.705143718666446	1.0	0.4004177962735557	0.7015226582190826	0.42192412119444817	0.2632999073625496
hu	0.7007538135661957	0.44096161741898604	0.43399148165737805	0.4429664997706297	0.4362004985542737	0.4271146428539034	0.4362498595990299	0.41580504733095863	0.4202333995140435	0.41195927330353926	0.4388354357521515	0.4467341601478768	1.0	0.4272273875530498	0.43756190731073324	0.4367574737055507	0.4337514262963993	0.4053367523163904	0.4429664997706297	0.4429664997706297	0.4429664997706297	0.4378869997022462	0.43275354268278565	0.29391891469920484	0.43057719933574645	0.43500414362455764	0.2924571219904192	0.5540402874845187	0.437062006072844	0.4388354357521515	0.41981459846074953	0.4603768508489051	0.41908662411446124	0.42533150669407915	0.35425067485704065	0.2421451436112117
id	0.8444389321332464	0.7310755412754418	0.7105031172629838	0.7573330811934738	0.7119817820551655	0.6827764460322607	0.7540357414801312	0.6069895479659156	0.628682994846087	0.6121624387048218	0.7568035408337527	0.7608439198043677	0.4272273875530498	1.0	0.7391251582149846	0.7543774930808371	0.7510825310331944	0.5519187545871382	0.7573330811934738	0.7573330811934738	0.7573330811934738	0.7333349341577277	0.7102750718618026	0.32963003663269813	0.7150323885016315	0.7550486651370949	0.32394977233565175	0.8193619046152758	0.7331886205262645	0.7568035408337527	0.6476349355478018	0.7696675932212819	0.2937179178976644	0.6428133727692569	0.41769508735006294	0.2567636995098727
it	0.9427142271269598	0.8062530689411652	0.7728287134409877	0.8725308888933834	0.7770285905171159	0.7385581914506475	0.8728898384559481	0.633356783724661	0.6688566095646263	0.646309951331302	0.8728898384559484	0.875094285068056	0.43756190731073324	0.7391251582149846	1.0	0.8725759873440726	0.8725759873440726	0.5628170094665241	0.8725308888933836	0.8725308888933836	0.8725308888933836	0.8159852092161963	0.7730236636344205	0.3358630394275389	0.7767419251150459	0.8728898384559484	0.3256620220505323	0.9210480805507444	0.8181635635296358	0.8728898384559484	0.689606684157609	0.8835006044798136	0.22325476410271072	0.6860912858503081	0.4196546614300274	0.26192888055824487
ja	1.0	0.8424134779955558	0.7943840347297761	1.0	0.801249395981524	0.7534206965835631	1.0	0.6389777552510626	0.6774047677650826	0.6504541169760181	1.0	1.0	0.4367574737055507	0.7543774930808371	0.8725759873440726	1.0	1.0	0.5676547995312946	1.0	1.0	1.0	0.8574577394513916	0.7964542553126086	0.3347701224557402	0.8016318163415246	1.0	0.3266703072016586	1.0	0.8571529434277204	1.0	0.6971611489852201	1.0	0.34051844771359635	0.6952862016966886	0.4213753172044636	0.258351817101414
ko	1.0	0.8424134779955557	0.7943840347297763	1.0	0.8012493959815241	0.7485716905543994	1.0	0.628030919707087	0.6727735454887063	0.6422710191135702	1.0	1.0	0.4337514262963993	0.7510825310331944	0.8725759873440726	1.0	1.0	0.5676547995312946	1.0	1.0	1.0	0.8574577394513916	0.7964542553126086	0.3346462474977685	0.801252063670132	1.0	0.3266703072016586	1.0	0.8571529434277203	1.0	0.6885647117381956	1.0	0.3637145541279675	0.6952862016966886	0.4213753172044636	0.25847217387200977
lv	0.6047955904319218	0.562437524588909	0.5539004926702435	0.5676547995312946	0.5565763606258298	0.5501851107624045	0.5676547995312946	0.5163820075762873	0.5225952765504869	0.5193839348782555	0.5676547995312946	0.5698940313738124	0.4053367523163904	0.5519187545871382	0.5628170094665241	0.5676547995312946	0.5676547995312946	1.0	0.5676547995312946	0.5676547995312946	0.5676547995312946	0.5642071762224492	0.5529964994817261	0.3182269114564859	0.5572593313344502	0.5676547995312946	0.31514772224337884	0.6328364598915718	0.5604190499755932	0.5676547995312946	0.5350495250790811	0.5800493897316945	0.4150927174943008	0.5319140787754892	0.397819092403668	0.2575653211336535
mk	1.0	0.8424134779955557	0.7974239084143636	1.0	0.8018381473840877	0.7566011007975165	1.0	0.6443622320884557	0.6815675369647253	0.6551255508241305	1.0	1.0	0.4429664997706297	0.7573330811934738	0.8725308888933836	1.0	1.0	0.5676547995312946	1.0	1.0	1.0	0.8572125278902042	0.7972217007158329	0.3374289779942589	0.8024671898486452	1.0	0.3266703072016586	1.0	0.8583707333393185	1.0	0.7024384953902392	1.0	0.41908662411446124	0.700502161917275	0.4213753172044636	0.2627112173079605
ml	1.0	0.8424134779955558	0.7974239084143635	1.0	0.8018381473840877	0.7566011007975165	1.0	0.6443622320884557	0.6815675369647253	0.6551255508241305	1.0	1.0	0.4429664997706297	0.7573330811934738	0.8725308888933836	1.0	1.0	0.5676547995312946	1.0	1.0	1.0	0.8572125278902041	0.7972217007158329	0.33742897799425897	0.8024671898486453	1.0	0.3266703072016586	1.0	0.8583707333393183	1.0	0.7024384953902393	1.0	0.6590289336463361	0.700502161917275	0.4213753172044636	0.2627112173079605
mr	1.0	0.8424134779955558	0.7974239084143635	1.0	0.8018381473840877	0.7566011007975162	1.0	0.6443622320884557	0.6815675369647253	0.6551255508241305	1.0	1.0	0.4429664997706297	0.7573330811934738	0.8725308888933836	1.0	1.0	0.5676547995312946	1.0	1.0	1.0	0.8572125278902041	0.7972217007158329	0.33742897799425897	0.8024671898486453	1.0	0.3266703072016586	1.0	0.8583707333393183	1.0	0.7024384953902393	1.0	1.0	0.700502161917275	0.4213753172044636	0.2627112173079605
nl	0.9192169172855166	0.802517737595876	0.7656677437601633	0.8572125278902041	0.7738227134054448	0.7334850689995625	0.8574577394513917	0.6328246645227874	0.6683308388975295	0.6439419590926503	0.8572125278902041	0.8576842977865272	0.4378869997022462	0.7333349341577277	0.8159852092161963	0.8574577394513916	0.8574577394513916	0.5642071762224492	0.8572125278902042	0.8572125278902041	0.8572125278902041	1.0	0.7669277986763141	0.33746019387081333	0.7702287016915712	0.8574577394513916	0.3256176284158927	0.9026350337807202	0.8109036191414184	0.8572125278902042	0.6857456385309807	0.8705329853674101	0.2601822781967488	0.6830036782876655	0.4191383255428755	0.2614930522766616
pl	0.872914033219758	0.7599054550567548	0.7343818395425707	0.7972217007158329	0.739810229760587	0.7086677334303793	0.7964542553126088	0.6161371266868542	0.6524398473057602	0.6311372976423695	0.797198742773997	0.7980739214791065	0.43275354268278565	0.7102750718618026	0.7730236636344205	0.7964542553126086	0.7964542553126086	0.5529964994817261	0.7972217007158329	0.7972217007158329	0.7972217007158329	0.7669277986763141	1.0	0.3324415576903052	0.7381043230571106	0.7964542553126086	0.3245417195395508	0.8732293847348537	0.7717127198264506	0.797198742773997	0.6624400852241421	0.8128839872408505	0.24500195325696325	0.6591655214527036	0.4176427637993251	0.2587736063399247
pt	0.5406089058821931	0.3354751343881827	0.33643590049917466	0.3374289779942589	0.3340789144116075	0.33231451846997084	0.3347701224557402	0.32585514875397753	0.3307858533131807	0.32796475391044	0.3367004545486299	0.33784303997027093	0.29391891469920484	0.32963003663269813	0.3358630394275389	0.3347701224557402	0.3346462474977685	0.3182269114564859	0.3374289779942589	0.33742897799425897	0.33742897799425897	0.33746019387081333	0.3324415576903052	1.0	0.33492061722416216	0.3347701224557402	0.2642755075541553	0.36632380906496514	0.3348775860358135	0.3367004545486299	0.3304773060734333	0.35045094418959555	0.22988454172842882	0.3316816275404371	0.29468458786155477	0.221766275143042
ro	0.9112438689462496	0.7608213029253797	0.7396480827349972	0.8024671898486452	0.7416364675272642	0.7029847562601291	0.801252063670132	0.620020553556351	0.6528078099177805	0.632831466909258	0.8022659665650222	0.8037225357462191	0.43057719933574645	0.7150323885016315	0.7767419251150459	0.8016318163415246	0.801252063670132	0.5572593313344502	0.8024671898486452	0.8024671898486453	0.8024671898486453	0.7702287016915712	0.7381043230571106	0.33492061722416216	1.0	0.801252063670132	0.323978360114343	0.8343293254941685	0.7730918892723758	0.8022659665650222	0.6669159580335966	0.813628742307984	0.4446676127221656	0.6688359605527461	0.4164160265611102	0.2613394403530808
ru	1.0	0.8424134779955558	0.7943840347297763	1.0	0.8012493959815241	0.7517656583121048	1.0	0.6398702979432864	0.6764187277064058	0.6508108525702826	1.0	1.0	0.43500414362455764	0.7550486651370949	0.8728898384559484	1.0	1.0	0.5676547995312946	1.0	1.0	1.0	0.8574577394513916	0.7964542553126086	0.3347701224557402	0.801252063670132	1.0	0.3266703072016586	1.0	0.8571529434277203	1.0	0.6969488536802532	1.0	0.24585409629272487	0.6952862016966886	0.4213753172044636	0.25903352554219505
sh	0.3210405481733474	0.32560938850642634	0.32777629045572226	0.3266703072016586	0.323686648524316	0.32332952927702374	0.3266703072016586	0.31765189709894853	0.3219709924774692	0.3214049019489427	0.3266703072016586	0.32760668905536133	0.2924571219904192	0.32394977233565175	0.3256620220505323	0.3266703072016586	0.3266703072016586	0.31514772224337884	0.3266703072016586	0.3266703072016586	0.3266703072016586	0.3256176284158927	0.3245417195395508	0.2642755075541553	0.323978360114343	0.3266703072016586	1.0	0.33698802653416027	0.32579066741273593	0.3266703072016586	0.320762949282679	0.33233054636903164	0.3317796097574117	0.32116077162663775	0.2878874406050928	0.22392787442062762
si	1.0	0.8680135409163589	0.859811980121895	1.0	0.8741802817700095	0.8164191033084633	1.0	0.694458989080052	0.7358464174266515	0.7425337722518873	1.0	1.0	0.5540402874845187	0.8193619046152758	0.9210480805507444	1.0	1.0	0.6328364598915718	1.0	1.0	1.0	0.9026350337807202	0.8732293847348537	0.36632380906496514	0.8343293254941685	1.0	0.33698802653416027	1.0	0.8904569858098129	1.0	0.775725332810171	1.0	1.0	0.7761811128031277	1.0	0.2964584939279149
simple	0.9427142271269598	0.801752162423846	0.7663956901665747	0.8583707333393185	0.7716339233226758	0.7313502836568376	0.8571529434277204	0.6328683580006366	0.6677260544371336	0.6455003806934916	0.8574196622493936	0.8608206155382323	0.437062006072844	0.7331886205262645	0.8181635635296358	0.8571529434277204	0.8571529434277203	0.5604190499755932	0.8583707333393185	0.8583707333393183	0.8583707333393183	0.8109036191414184	0.7717127198264506	0.3348775860358135	0.7730918892723758	0.8571529434277203	0.32579066741273593	0.8904569858098129	1.0	0.8574196622493936	0.683960613013679	0.8693138654744399	0.25829856191258516	0.6843146863382769	0.41902605453830755	0.2624639283271356
sr	1.0	0.8424134779955558	0.7968732414534799	1.0	0.8012493959815241	0.7552119287135654	1.0	0.6434324499737182	0.6802715874690529	0.6549062814504635	1.0	1.0	0.4388354357521515	0.7568035408337527	0.8728898384559484	1.0	1.0	0.5676547995312946	1.0	1.0	1.0	0.8572125278902042	0.797198742773997	0.3367004545486299	0.8022659665650222	1.0	0.3266703072016586	1.0	0.8574196622493936	1.0	0.7022123910127754	1.0	0.36962203226560153	0.6972348415137197	0.4213753172044636	0.2624544128558815
sv	0.779428994834119	0.6811615868437318	0.6596582763506125	0.7024384953902393	0.6680913436306826	0.6461169971040547	0.6950621544641415	0.5765877787916837	0.6043509850901797	0.5772999130746336	0.7022123910127754	0.705143718666446	0.41981459846074953	0.6476349355478018	0.689606684157609	0.6971611489852201	0.6885647117381956	0.5350495250790811	0.7024384953902392	0.7024384953902393	0.7024384953902393	0.6857456385309807	0.6624400852241421	0.3304773060734333	0.6669159580335966	0.6969488536802532	0.320762949282679	0.775725332810171	0.683960613013679	0.7022123910127754	1.0	0.7259719782905907	0.30810685472386606	0.6161158117036204	0.41025734225661326	0.25579543787444564
te	1.0	0.8528074228542529	0.8089371824365431	1.0	0.8162227995070678	0.7720463892018296	1.0	0.6662632444747427	0.6962616625272879	0.6781975819267109	1.0	1.0	0.4603768508489051	0.7696675932212819	0.8835006044798136	1.0	1.0	0.5800493897316945	1.0	1.0	1.0	0.8705329853674101	0.8128839872408505	0.35045094418959555	0.813628742307984	1.0	0.33233054636903164	1.0	0.8693138654744399	1.0	0.7259719782905907	1.0	1.0	0.717122519371665	0.46467225518601524	0.24302460704376627
tr	1.0	0.31271459155784703	-1.0	1.0	0.2699958138100698	0.23140657859851238	0.6524007805500077	0.22894288572379368	0.2348125341499921	0.22724282367200782	0.39538311603482656	0.4004177962735557	0.41908662411446124	0.2937179178976644	0.22325476410271072	0.34051844771359635	0.3637145541279675	0.4150927174943008	0.41908662411446124	0.6590289336463361	1.0	0.2601822781967488	0.24500195325696325	0.22988454172842882	0.4446676127221656	0.24585409629272487	0.3317796097574117	1.0	0.25829856191258516	0.36962203226560153	0.30810685472386606	1.0	1.0	0.5364683061849675	1.0	0.28343957372193634
vi	0.7878921648950883	0.68109129722376	0.6649371681596131	0.700502161917275	0.6652818725313462	0.643113296171882	0.6952862016966888	0.589845200209471	0.6085609858003292	0.5914738457706565	0.6972348415137197	0.7015226582190826	0.42533150669407915	0.6428133727692569	0.6860912858503081	0.6952862016966886	0.6952862016966886	0.5319140787754892	0.700502161917275	0.700502161917275	0.700502161917275	0.6830036782876655	0.6591655214527036	0.3316816275404371	0.6688359605527461	0.6952862016966886	0.32116077162663775	0.7761811128031277	0.6843146863382769	0.6972348415137197	0.6161158117036204	0.717122519371665	0.5364683061849675	1.0	0.41114166823722853	0.257856836276433
war	1.0	0.4193489506701765	0.4279139896182153	0.4213753172044636	0.41772358630564854	0.4154096069483515	0.4213753172044636	0.4047548210139832	0.4077509428458724	0.4032107596554008	0.4213753172044636	0.42192412119444817	0.35425067485704065	0.41769508735006294	0.4196546614300274	0.4213753172044636	0.4213753172044636	0.397819092403668	0.4213753172044636	0.4213753172044636	0.4213753172044636	0.4191383255428755	0.4176427637993251	0.29468458786155477	0.4164160265611102	0.4213753172044636	0.2878874406050928	1.0	0.41902605453830755	0.4213753172044636	0.41025734225661326	0.46467225518601524	1.0	0.41114166823722853	1.0	0.24393801118955966
zh	0.45677250577751305	0.26264618069305895	0.25784691082211453	0.2627112173079605	0.26245659858223874	0.25820924698505027	0.25903352554219505	0.2548044715574951	0.25652314461196973	0.2566488965067974	0.2624544128558815	0.2632999073625496	0.2421451436112117	0.2567636995098727	0.26192888055824487	0.258351817101414	0.25847217387200977	0.2575653211336535	0.2627112173079605	0.2627112173079605	0.2627112173079605	0.2614930522766616	0.2587736063399247	0.221766275143042	0.2613394403530808	0.25903352554219505	0.22392787442062762	0.2964584939279149	0.2624639283271356	0.2624544128558815	0.25579543787444564	0.24302460704376627	0.28343957372193634	0.257856836276433	0.24393801118955966	1.0
