arz	bs	ceb	ckb	da	de	el	en	es	fr	he	hi	hu	id	it	ja	ko	lv	mk	ml	mr	nl	pl	pt	ro	ru	sh	si	simple	sr	sv	te	tr	vi	war	zh
arz	0.5	0.038135593220338986	0.032520325203252036	0.038135593220338986	0.037815126050420166	0.03409090909090909	0.03461538461538462	0.027777777777777776	0.03409090909090909	0.028846153846153848	0.0375	0.0391304347826087	0.03435114503816794	0.03383458646616541	0.0371900826446281	0.03543307086614173	0.03103448275862069	0.038135593220338986	0.038135593220338986	0.038135593220338986	0.038135593220338986	0.037815126050420166	0.036290322580645164	0.036290322580645164	0.036885245901639344	0.03543307086614173	0.038135593220338986	0.08823529411764706	0.0371900826446281	0.0375	0.03125	0.042105263157894736	0.05555555555555555	0.036290322580645164	0.038135593220338986	0.03543307086614173
bs	0.038135593220338986	1.0	0.8417927717108684	0.5	0.9371082144227127	0.7967812621563652	0.45384615384615384	0.5803585705094537	0.7621752592429738	0.6077360746386558	0.49166666666666664	0.4872881355932203	0.5976063853525841	0.7883112788950744	0.9323860632261092	0.4645669291338583	0.4068965517241379	0.7837738888482098	0.5	0.5	0.5	0.9518002999459669	0.8813590901006954	0.551019248795175	0.904515095198992	0.4645669291338583	0.5720304227872641	0.13135593220338984	0.9301442500734813	0.49166666666666664	0.6915315207204735	0.38333333333333336	0.21778846153846154	0.8396430555376129	0.5003374831258437	0.4998005878147219
ceb	0.032520325203252036	0.8417927717108684	1.0	0.46	0.8436549479166666	0.8222221037213998	0.46923076923076923	0.5988721624155119	0.7876795098398661	0.628978142754947	0.468	0.448	0.5924835037103835	0.8134806546575557	0.8584644290172601	0.48031496062992124	0.4206896551724138	0.7002355648818791	0.46	0.46	0.46	0.8553565036960187	0.890878272674381	0.548769404888596	0.8539216790511299	0.48031496062992124	0.523333095730273	0.12195121951219512	0.8757218919617472	0.468	0.7139526894385552	0.364	-1.0	0.8478927142763459	0.4602898970865343	0.5150322118826056
ckb	0.038135593220338986	0.5	0.46	0.5	0.4957983193277311	0.44696969696969696	0.45384615384615384	0.36419753086419754	0.44696969696969696	0.3782051282051282	0.49166666666666664	0.4872881355932203	0.45038167938931295	0.44360902255639095	0.48760330578512395	0.4645669291338583	0.4068965517241379	0.5	0.5	0.5	0.5	0.4957983193277311	0.47580645161290325	0.47580645161290325	0.48360655737704916	0.4645669291338583	0.5	0.13135593220338984	0.48760330578512395	0.49166666666666664	0.4097222222222222	0.38333333333333336	0.075	0.47580645161290325	0.5	0.4645669291338583
da	0.037815126050420166	0.9371082144227127	0.8436549479166666	0.4957983193277311	1.0	0.798387572220257	0.4576923076923077	0.5818899020040362	0.7631895176813507	0.6111098710627472	0.49583333333333335	0.4831932773109244	0.5999297176747403	0.7892731275509736	0.9332099707584309	0.468503937007874	0.4103448275862069	0.7700622233626275	0.4957983193277311	0.4957983193277311	0.4957983193277311	0.9306315104166667	0.8821432202151385	0.5534461367331223	0.9046531542809285	0.468503937007874	0.5655014081019439	0.13025210084033614	0.9306404165760476	0.49583333333333335	0.6930688201845463	0.3875	0.19642857142857142	0.8405305755783142	0.49613855825106395	0.5033435111908562
de	0.03409090909090909	0.7967812621563652	0.8222221037213998	0.44696969696969696	0.798387572220257	1.0	0.49242424242424243	0.6535075188327952	0.8231594642032967	0.6859432400089057	0.45454545454545453	0.4356060606060606	0.6383354057477542	0.8387990426650433	0.8135149984426467	0.4664179104477612	0.45517241379310347	0.6657406330803005	0.44696969696969696	0.44696969696969696	0.44696969696969696	0.810063662202739	0.8419956519810108	0.527899908602107	0.8258482554821227	0.4810606060606061	0.504120723083173	0.11742424242424243	0.8286527004590292	0.45454545454545453	0.7808920010093363	0.3560606060606061	0.08571428571428572	0.8013223695311126	0.44725947738054117	0.4976101617700068
el	0.03461538461538462	0.45384615384615384	0.46923076923076923	0.45384615384615384	0.4576923076923077	0.49242424242424243	0.5	0.4012345679012346	0.49242424242424243	0.4166666666666667	0.46153846153846156	0.4423076923076923	0.48120300751879697	0.48134328358208955	0.4580152671755725	0.4734848484848485	0.4482758620689655	0.45384615384615384	0.45384615384615384	0.45384615384615384	0.45384615384615384	0.4576923076923077	0.47692307692307695	0.46946564885496184	0.46923076923076923	0.48846153846153845	0.45384615384615384	0.11923076923076924	0.4653846153846154	0.46153846153846156	0.4513888888888889	0.36153846153846153	0.13043478260869565	0.47692307692307695	0.45384615384615384	0.4734848484848485
en	0.027777777777777776	0.5803585705094537	0.5988721624155119	0.36419753086419754	0.5818899020040362	0.6535075188327952	0.4012345679012346	1.0	0.6276970722363213	0.7595128533795643	0.37037037037037035	0.3549382716049383	0.5019378529155493	0.6584746826794887	0.6018893539144653	0.39197530864197533	0.44753086419753085	0.5033342618400466	0.36419753086419754	0.36419753086419754	0.36419753086419754	0.5876281155369206	0.6113352562627925	0.4259290258302629	0.5999298498172814	0.39197530864197533	0.40194243088439546	0.09567901234567901	0.5999460224958083	0.37037037037037035	0.7080964649434782	0.29012345679012347	0.09978341584158415	0.5880146494181582	0.3644308123571991	0.41429125956222074
es	0.03409090909090909	0.7621752592429738	0.7876795098398661	0.44696969696969696	0.7631895176813507	0.8231594642032967	0.49242424242424243	0.6276970722363213	1.0	0.6588767104781339	0.45454545454545453	0.4356060606060606	0.6207319532362933	0.8159520830964024	0.7759416713394407	0.4664179104477612	0.45517241379310347	0.6517881916771455	0.44696969696969696	0.44696969696969696	0.44696969696969696	0.7733751183498339	0.8033192052020504	0.525690460108811	0.7896960228410774	0.4810606060606061	0.501807948956076	0.11742424242424243	0.79075864615139	0.45454545454545453	0.7444353407073603	0.3560606060606061	0.11564465408805032	0.7699598219495525	0.4472630811562893	0.49693636513683204
fr	0.028846153846153848	0.6077360746386558	0.628978142754947	0.3782051282051282	0.6111098710627472	0.6859432400089057	0.4166666666666667	0.7595128533795643	0.6588767104781339	1.0	0.38461538461538464	0.3685897435897436	0.5236636505366438	0.6913235450579849	0.6310606647169305	0.40705128205128205	0.4525316455696203	0.5274319450620029	0.3782051282051282	0.3782051282051282	0.3782051282051282	0.617000037836061	0.6414663296280235	0.43701027321443964	0.6299940301113632	0.40705128205128205	0.4181891025641026	0.09935897435897435	0.6306520951483561	0.38461538461538464	0.7446712591231528	0.30128205128205127	0.1043000757419266	0.6163831182296892	0.37828748243813576	0.4303341376489024
he	0.0375	0.49166666666666664	0.468	0.49166666666666664	0.49583333333333335	0.45454545454545453	0.46153846153846156	0.37037037037037035	0.45454545454545453	0.38461538461538464	0.5	0.4791666666666667	0.4580152671755725	0.45112781954887216	0.49586776859504134	0.47244094488188976	0.41379310344827586	0.49166666666666664	0.49166666666666664	0.49166666666666664	0.49166666666666664	0.48760330578512395	0.4838709677419355	0.4838709677419355	0.4918032786885246	0.47244094488188976	0.49166666666666664	0.12916666666666668	0.49586776859504134	0.5	0.4166666666666667	0.39166666666666666	0.125	0.4838709677419355	0.49166666666666664	0.47244094488188976
hi	0.0391304347826087	0.4872881355932203	0.448	0.4872881355932203	0.4831932773109244	0.4356060606060606	0.4423076923076923	0.3549382716049383	0.4356060606060606	0.3685897435897436	0.4791666666666667	0.5	0.4389312977099237	0.4323308270676692	0.47520661157024796	0.452755905511811	0.39655172413793105	0.4872881355932203	0.4872881355932203	0.4872881355932203	0.4872881355932203	0.4831932773109244	0.4637096774193548	0.4637096774193548	0.4713114754098361	0.452755905511811	0.4872881355932203	0.13478260869565217	0.47520661157024796	0.4791666666666667	0.3993055555555556	0.37815126050420167	0.14583333333333334	0.4637096774193548	0.4872881355932203	0.452755905511811
hu	0.03435114503816794	0.5976063853525841	0.5924835037103835	0.45038167938931295	0.5999297176747403	0.6383354057477542	0.48120300751879697	0.5019378529155493	0.6207319532362933	0.5236636505366438	0.4580152671755725	0.4389312977099237	1.0	0.6093097680089026	0.6021245674328293	0.45555555555555555	0.4517241379310345	0.5671939064635487	0.45038167938931295	0.45038167938931295	0.45038167938931295	0.6019326530622766	0.6037720739381124	0.5082745822861239	0.6151499598972101	0.4699248120300752	0.4961076150235055	0.1183206106870229	0.6113101266078144	0.4580152671755725	0.5795149274399025	0.35877862595419846	0.0967741935483871	0.5944782459568507	0.4506548039341054	0.4828384063350656
id	0.03383458646616541	0.7883112788950744	0.8134806546575557	0.44360902255639095	0.7892731275509736	0.8387990426650433	0.48134328358208955	0.6584746826794887	0.8159520830964024	0.6913235450579849	0.45112781954887216	0.4323308270676692	0.6093097680089026	1.0	0.8207591801763834	0.4701492537313433	0.4586206896551724	0.6586976910264841	0.44360902255639095	0.44360902255639095	0.44360902255639095	0.7997214985998671	0.8325526967708288	0.5223051926890812	0.816712066874397	0.4774436090225564	0.4999108051323387	0.11654135338345864	0.8184185330439573	0.45112781954887216	0.7884823079509162	0.3533834586466165	0.1891891891891892	0.7909013649839134	0.44389533673848675	0.50140713122063
it	0.0371900826446281	0.9323860632261092	0.8584644290172601	0.48760330578512395	0.9332099707584309	0.8135149984426467	0.4580152671755725	0.6018893539144653	0.7759416713394407	0.6310606647169305	0.49586776859504134	0.47520661157024796	0.6021245674328293	0.8207591801763834	1.0	0.4763779527559055	0.41724137931034483	0.7596179476802825	0.48760330578512395	0.48760330578512395	0.48760330578512395	0.9261345185682632	0.8991086494493463	0.553943661971831	0.9239228141667166	0.46875	0.5553922364975177	0.128099173553719	0.9497579006504178	0.49586776859504134	0.7199501037467898	0.3884297520661157	0.12878787878787878	0.8526421230649148	0.4879183877064235	0.5120798350925034
ja	0.03543307086614173	0.4645669291338583	0.48031496062992124	0.4645669291338583	0.468503937007874	0.4664179104477612	0.4734848484848485	0.39197530864197533	0.4664179104477612	0.40705128205128205	0.47244094488188976	0.452755905511811	0.45555555555555555	0.4701492537313433	0.4763779527559055	0.5	0.4315068493150685	0.4645669291338583	0.4645669291338583	0.4645669291338583	0.4645669291338583	0.468503937007874	0.4881889763779528	0.48046875	0.47265625	0.4844961240310077	0.4645669291338583	0.1220472440944882	0.4763779527559055	0.47244094488188976	0.43448275862068964	0.3700787401574803	0.16304347826086957	0.4881889763779528	0.4645669291338583	0.5
ko	0.03103448275862069	0.4068965517241379	0.4206896551724138	0.4068965517241379	0.4103448275862069	0.45517241379310347	0.4482758620689655	0.44753086419753085	0.45517241379310347	0.4525316455696203	0.41379310344827586	0.39655172413793105	0.4517241379310345	0.4586206896551724	0.41724137931034483	0.4315068493150685	0.5	0.4068965517241379	0.4068965517241379	0.4068965517241379	0.4068965517241379	0.4103448275862069	0.42758620689655175	0.42758620689655175	0.4206896551724138	0.4379310344827586	0.4068965517241379	0.10689655172413794	0.41724137931034483	0.41379310344827586	0.47635135135135137	0.32413793103448274	0.1896551724137931	0.42758620689655175	0.4068965517241379	0.4315068493150685
lv	0.038135593220338986	0.7837738888482098	0.7002355648818791	0.5	0.7700622233626275	0.6657406330803005	0.45384615384615384	0.5033342618400466	0.6517881916771455	0.5274319450620029	0.49166666666666664	0.4872881355932203	0.5671939064635487	0.6586976910264841	0.7596179476802825	0.4645669291338583	0.4068965517241379	1.0	0.5	0.5	0.5	0.7759172901583768	0.7284518651061971	0.5424948763300486	0.7455278215855327	0.4645669291338583	0.5654441453566622	0.13135593220338984	0.7588526124961611	0.49166666666666664	0.5890791527815304	0.38333333333333336	0.14	0.7088696491674635	0.5003714250340473	0.4991336847306568
mk	0.038135593220338986	0.5	0.46	0.5	0.4957983193277311	0.44696969696969696	0.45384615384615384	0.36419753086419754	0.44696969696969696	0.3782051282051282	0.49166666666666664	0.4872881355932203	0.45038167938931295	0.44360902255639095	0.48760330578512395	0.4645669291338583	0.4068965517241379	0.5	0.5	0.5	0.5	0.4957983193277311	0.47580645161290325	0.47580645161290325	0.48360655737704916	0.4645669291338583	0.5	0.13135593220338984	0.48760330578512395	0.49166666666666664	0.4097222222222222	0.38333333333333336	0.12	0.47580645161290325	0.5	0.4645669291338583
ml	0.038135593220338986	0.5	0.46	0.5	0.4957983193277311	0.44696969696969696	0.45384615384615384	0.36419753086419754	0.44696969696969696	0.3782051282051282	0.49166666666666664	0.4872881355932203	0.45038167938931295	0.44360902255639095	0.48760330578512395	0.4645669291338583	0.4068965517241379	0.5	0.5	0.5	0.5	0.4957983193277311	0.47580645161290325	0.47580645161290325	0.48360655737704916	0.4645669291338583	0.5	0.13135593220338984	0.48760330578512395	0.49166666666666664	0.4097222222222222	0.38333333333333336	0.17307692307692307	0.47580645161290325	0.5	0.4645669291338583
mr	0.038135593220338986	0.5	0.46	0.5	0.4957983193277311	0.44696969696969696	0.45384615384615384	0.36419753086419754	0.44696969696969696	0.3782051282051282	0.49166666666666664	0.4872881355932203	0.45038167938931295	0.44360902255639095	0.48760330578512395	0.4645669291338583	0.4068965517241379	0.5	0.5	0.5	0.5	0.4957983193277311	0.47580645161290325	0.47580645161290325	0.48360655737704916	0.4645669291338583	0.5	0.13135593220338984	0.48760330578512395	0.49166666666666664	0.4097222222222222	0.38333333333333336	0.05	0.47580645161290325	0.5	0.4645669291338583
nl	0.037815126050420166	0.9518002999459669	0.8553565036960187	0.4957983193277311	0.9306315104166667	0.810063662202739	0.4576923076923077	0.5876281155369206	0.7733751183498339	0.617000037836061	0.48760330578512395	0.4831932773109244	0.6019326530622766	0.7997214985998671	0.9261345185682632	0.468503937007874	0.4103448275862069	0.7759172901583768	0.4957983193277311	0.4957983193277311	0.4957983193277311	1.0	0.8961284507459215	0.554996483630374	0.9197778417329894	0.468503937007874	0.5658941520560599	0.13025210084033614	0.922719705163288	0.48760330578512395	0.7019192560118956	0.38016528925619836	0.06738850051110364	0.8513934682614667	0.4960903540798666	0.5037827769184143
pl	0.036290322580645164	0.8813590901006954	0.890878272674381	0.47580645161290325	0.8821432202151385	0.8419956519810108	0.47692307692307695	0.6113352562627925	0.8033192052020504	0.6414663296280235	0.4838709677419355	0.4637096774193548	0.6037720739381124	0.8325526967708288	0.8991086494493463	0.4881889763779528	0.42758620689655175	0.7284518651061971	0.47580645161290325	0.47580645161290325	0.47580645161290325	0.8961284507459215	1.0	0.5564418883045659	0.8941247011694773	0.4881889763779528	0.5396450875039409	0.125	0.8970214138286894	0.4838709677419355	0.7304585326275057	0.3790322580645161	0.09632731958762887	0.865176133402814	0.4761220196353436	0.5236102778240039
pt	0.036290322580645164	0.551019248795175	0.548769404888596	0.47580645161290325	0.5534461367331223	0.527899908602107	0.46946564885496184	0.4259290258302629	0.525690460108811	0.43701027321443964	0.4838709677419355	0.4637096774193548	0.5082745822861239	0.5223051926890812	0.553943661971831	0.48046875	0.42758620689655175	0.5424948763300486	0.47580645161290325	0.47580645161290325	0.47580645161290325	0.554996483630374	0.5564418883045659	1.0	0.5579707647764989	0.48046875	0.5145440753752795	0.125	0.5627570676772757	0.4838709677419355	0.4784466512674792	0.3790322580645161	0.12179487179487179	0.5640980256587539	0.47601903664691686	0.5099251727148497
ro	0.036885245901639344	0.904515095198992	0.8539216790511299	0.48360655737704916	0.9046531542809285	0.8258482554821227	0.46923076923076923	0.5999298498172814	0.7896960228410774	0.6299940301113632	0.4918032786885246	0.4713114754098361	0.6151499598972101	0.816712066874397	0.9239228141667166	0.47265625	0.4206896551724138	0.7455278215855327	0.48360655737704916	0.48360655737704916	0.48360655737704916	0.9197778417329894	0.8941247011694773	0.5579707647764989	1.0	0.48031496062992124	0.5497469456851354	0.12704918032786885	0.9208658042330872	0.4918032786885246	0.7162478608424727	0.38524590163934425	0.12637362637362637	0.8491105008500065	0.4838940582754895	0.5073557811834067
ru	0.03543307086614173	0.4645669291338583	0.48031496062992124	0.4645669291338583	0.468503937007874	0.4810606060606061	0.48846153846153845	0.39197530864197533	0.4810606060606061	0.40705128205128205	0.47244094488188976	0.452755905511811	0.4699248120300752	0.4774436090225564	0.46875	0.4844961240310077	0.4379310344827586	0.4645669291338583	0.4645669291338583	0.4645669291338583	0.4645669291338583	0.468503937007874	0.4881889763779528	0.48046875	0.48031496062992124	0.5	0.4645669291338583	0.1220472440944882	0.4763779527559055	0.47244094488188976	0.4409722222222222	0.3700787401574803	0.12337662337662338	0.4881889763779528	0.4645669291338583	0.4844961240310077
sh	0.038135593220338986	0.5720304227872641	0.523333095730273	0.5	0.5655014081019439	0.504120723083173	0.45384615384615384	0.40194243088439546	0.501807948956076	0.4181891025641026	0.49166666666666664	0.4872881355932203	0.4961076150235055	0.4999108051323387	0.5553922364975177	0.4645669291338583	0.4068965517241379	0.5654441453566622	0.5	0.5	0.5	0.5658941520560599	0.5396450875039409	0.5145440753752795	0.5497469456851354	0.4645669291338583	1.0	0.13135593220338984	0.5559415555393029	0.49166666666666664	0.45724833862676817	0.38333333333333336	0.1447811447811448	0.5390608620121604	0.5004960317460317	0.48832897632561634
si	0.08823529411764706	0.13135593220338984	0.12195121951219512	0.13135593220338984	0.13025210084033614	0.11742424242424243	0.11923076923076924	0.09567901234567901	0.11742424242424243	0.09935897435897435	0.12916666666666668	0.13478260869565217	0.1183206106870229	0.11654135338345864	0.128099173553719	0.1220472440944882	0.10689655172413794	0.13135593220338984	0.13135593220338984	0.13135593220338984	0.13135593220338984	0.13025210084033614	0.125	0.125	0.12704918032786885	0.1220472440944882	0.13135593220338984	0.5	0.128099173553719	0.12916666666666668	0.1076388888888889	0.15789473684210525	0.023809523809523808	0.125	0.13135593220338984	0.1220472440944882
simple	0.0371900826446281	0.9301442500734813	0.8757218919617472	0.48760330578512395	0.9306404165760476	0.8286527004590292	0.4653846153846154	0.5999460224958083	0.79075864615139	0.6306520951483561	0.49586776859504134	0.47520661157024796	0.6113101266078144	0.8184185330439573	0.9497579006504178	0.4763779527559055	0.41724137931034483	0.7588526124961611	0.48760330578512395	0.48760330578512395	0.48760330578512395	0.922719705163288	0.8970214138286894	0.5627570676772757	0.9208658042330872	0.4763779527559055	0.5559415555393029	0.128099173553719	1.0	0.49586776859504134	0.7176272752281609	0.3884297520661157	0.19145690312738367	0.869567253254327	0.48788547282801337	0.5118974605170578
sr	0.0375	0.49166666666666664	0.468	0.49166666666666664	0.49583333333333335	0.45454545454545453	0.46153846153846156	0.37037037037037035	0.45454545454545453	0.38461538461538464	0.5	0.4791666666666667	0.4580152671755725	0.45112781954887216	0.49586776859504134	0.47244094488188976	0.41379310344827586	0.49166666666666664	0.49166666666666664	0.49166666666666664	0.49166666666666664	0.48760330578512395	0.4838709677419355	0.4838709677419355	0.4918032786885246	0.47244094488188976	0.49166666666666664	0.12916666666666668	0.49586776859504134	0.5	0.4166666666666667	0.39166666666666666	0.11904761904761904	0.4838709677419355	0.49166666666666664	0.47244094488188976
sv	0.03125	0.6915315207204735	0.7139526894385552	0.4097222222222222	0.6930688201845463	0.7808920010093363	0.4513888888888889	0.7080964649434782	0.7444353407073603	0.7446712591231528	0.4166666666666667	0.3993055555555556	0.5795149274399025	0.7884823079509162	0.7199501037467898	0.43448275862068964	0.47635135135135137	0.5890791527815304	0.4097222222222222	0.4097222222222222	0.4097222222222222	0.7019192560118956	0.7304585326275057	0.4784466512674792	0.7162478608424727	0.4409722222222222	0.45724833862676817	0.1076388888888889	0.7176272752281609	0.4166666666666667	1.0	0.3263888888888889	0.13829787234042554	0.6970134791659479	0.409956551454794	0.46163338962682604
te	0.042105263157894736	0.38333333333333336	0.364	0.38333333333333336	0.3875	0.3560606060606061	0.36153846153846153	0.29012345679012347	0.3560606060606061	0.30128205128205127	0.39166666666666666	0.37815126050420167	0.35877862595419846	0.3533834586466165	0.3884297520661157	0.3700787401574803	0.32413793103448274	0.38333333333333336	0.38333333333333336	0.38333333333333336	0.38333333333333336	0.38016528925619836	0.3790322580645161	0.3790322580645161	0.38524590163934425	0.3700787401574803	0.38333333333333336	0.15789473684210525	0.3884297520661157	0.39166666666666666	0.3263888888888889	0.5	0.13043478260869565	0.3790322580645161	0.38333333333333336	0.3700787401574803
tr	0.05555555555555555	0.21778846153846154	-1.0	0.075	0.19642857142857142	0.08571428571428572	0.13043478260869565	0.09978341584158415	0.11564465408805032	0.1043000757419266	0.125	0.14583333333333334	0.0967741935483871	0.1891891891891892	0.12878787878787878	0.16304347826086957	0.1896551724137931	0.14	0.12	0.17307692307692307	0.05	0.06738850051110364	0.09632731958762887	0.12179487179487179	0.12637362637362637	0.12337662337662338	0.1447811447811448	0.023809523809523808	0.19145690312738367	0.11904761904761904	0.13829787234042554	0.13043478260869565	1.0	0.18055555555555555	0.05	0.18292682926829268
vi	0.036290322580645164	0.8396430555376129	0.8478927142763459	0.47580645161290325	0.8405305755783142	0.8013223695311126	0.47692307692307695	0.5880146494181582	0.7699598219495525	0.6163831182296892	0.4838709677419355	0.4637096774193548	0.5944782459568507	0.7909013649839134	0.8526421230649148	0.4881889763779528	0.42758620689655175	0.7088696491674635	0.47580645161290325	0.47580645161290325	0.47580645161290325	0.8513934682614667	0.865176133402814	0.5640980256587539	0.8491105008500065	0.4881889763779528	0.5390608620121604	0.125	0.869567253254327	0.4838709677419355	0.6970134791659479	0.3790322580645161	0.18055555555555555	1.0	0.4760852916383972	0.5219875106053035
war	0.038135593220338986	0.5003374831258437	0.4602898970865343	0.5	0.49613855825106395	0.44725947738054117	0.45384615384615384	0.3644308123571991	0.4472630811562893	0.37828748243813576	0.49166666666666664	0.4872881355932203	0.4506548039341054	0.44389533673848675	0.4879183877064235	0.4645669291338583	0.4068965517241379	0.5003714250340473	0.5	0.5	0.5	0.4960903540798666	0.4761220196353436	0.47601903664691686	0.4838940582754895	0.4645669291338583	0.5004960317460317	0.13135593220338984	0.48788547282801337	0.49166666666666664	0.409956551454794	0.38333333333333336	0.05	0.4760852916383972	1.0	0.4645669291338583
zh	0.03543307086614173	0.4998005878147219	0.5150322118826056	0.4645669291338583	0.5033435111908562	0.4976101617700068	0.4734848484848485	0.41429125956222074	0.49693636513683204	0.4303341376489024	0.47244094488188976	0.452755905511811	0.4828384063350656	0.50140713122063	0.5120798350925034	0.5	0.4315068493150685	0.4991336847306568	0.4645669291338583	0.4645669291338583	0.4645669291338583	0.5037827769184143	0.5236102778240039	0.5099251727148497	0.5073557811834067	0.4844961240310077	0.48832897632561634	0.1220472440944882	0.5118974605170578	0.47244094488188976	0.46163338962682604	0.3700787401574803	0.18292682926829268	0.5219875106053035	0.4645669291338583	1.0
