arz	bs	ceb	ckb	da	de	el	en	es	fr	he	hi	hu	id	it	ja	ko	lv	mk	ml	mr	nl	pl	pt	ro	ru	sh	si	simple	sr	sv	te	tr	vi	war	zh
arz	1.0	0.12729683913915313	0.14229378603797288	1.0	0.12729683913915313	0.12769271191181897	1.0	0.13413866172981218	0.13507810593582123	0.13413866172981218	1.0	1.0	0.13423167976942957	0.12973190755680383	0.126516536980057	1.0	1.0	0.13004672183153887	1.0	1.0	1.0	0.12690480173057767	0.12809248424016279	0.27718637277259645	0.12729683913915313	1.0	0.585786437626905	1.0	0.126516536980057	1.0	0.1327673435381234	1.0	1.0	0.13187730439473622	1.0	0.2474401533514073
bs	0.12729683913915313	1.0	0.09963063921356384	0.01042619793124406	0.0997880707722112	0.08596032073996367	0.01042619793124406	0.0629531966851035	0.06752878693223746	0.06326774804524535	0.01042619793124406	0.01069740346157629	0.041969391644167284	0.08603991985018136	0.12203618930588839	0.01042619793124406	0.01042619793124406	0.05180359884730828	0.01042619793124406	0.01042619793124406	0.01042619793124406	0.11668571835424374	0.09729972999153959	0.06349839318225262	0.0997880707722112	0.01042619793124406	0.06037508397058174	0.03912966497610856	0.11804745335647789	0.01042619793124406	0.07261426773273937	0.013350584122149185	0.11160881876504969	0.07240271209578555	0.01042998500814267	0.05551359024037851
ceb	0.14229378603797288	0.09963063921356384	1.0	0.010781288449173441	0.09190724787761616	0.07726208996655824	0.010166010617004041	0.05947274180354269	0.06336849504257287	0.060195901732851935	0.010596762421745917	0.011068129747926845	0.04151152228561437	0.07726208996655824	0.10472002913800256	0.010166010617004041	0.010166010617004041	0.05264140034311121	0.010781288449173441	0.01078128844917344	0.01078128844917344	0.10238297809057469	0.0861397402071291	0.06245132321783352	0.09010557174720212	0.010166010617004041	0.06102535882630286	0.040509711722596466	0.10074919604270462	0.010596762421745917	0.0674721994074154	0.01360746392436897	-1.0	0.06770894743205134	0.010785054704890436	0.054188702919988105
ckb	1.0	0.01042619793124406	0.010781288449173441	1.0	0.010489186506251701	0.010604588464972987	1.0	0.011055583146990736	0.01092363145980895	0.011034917944170376	1.0	1.0	0.012655489753693282	0.010614647356031811	0.010378990536978407	1.0	1.0	0.011591493659814748	1.0	1.0	1.0	0.010400713024264725	0.010509852010325912	0.011614806086942582	0.010486854715770795	1.0	0.011692872243659775	1.0	0.010398439931959037	1.0	0.010803951840239013	1.0	1.0	0.010817576264581321	0.2843646522044218	0.011805284784714501
da	0.12729683913915313	0.0997880707722112	0.09190724787761616	0.010489186506251701	1.0	0.08101294971488024	0.010401281531115941	0.0613295111345275	0.06508419673219397	0.06227183684866857	0.010401281531115941	0.010756250718367803	0.04176134832764495	0.08055375611251354	0.1064895347857989	0.010401281531115941	0.010401281531115941	0.051492042302617565	0.010489186506251701	0.0104891865062517	0.0104891865062517	0.1046101694059021	0.08917794006622712	0.0623451328187161	0.09056906410009559	0.010401281531115941	0.06019621474766569	0.039057125399329144	0.10346024484235196	0.010401281531115941	0.06981440874193447	0.013272492937963324	0.19900804996708035	0.06928709702166082	0.01049304290731389	0.05507873186903188
de	0.12769271191181897	0.08596032073996367	0.07726208996655824	0.010604588464972987	0.08101294971488024	1.0	0.009633688674518056	0.05401050545015486	0.05738416612568962	0.054381077886376195	0.01042944454710295	0.010878664938748905	0.03890979651896446	0.06839549102494831	0.0892671408403175	0.010014002518486761	0.009487246448165914	0.050917507240676084	0.010604588464972987	0.010604588464972987	0.010604588464972987	0.08812862112174882	0.07676677944491281	0.060314123417721625	0.07909968620978709	0.00985733160643919	0.05944788311651707	0.03972512173557918	0.08672585151862246	0.01042944454710295	0.06010320522924177	0.01327762989083364	0.1845136553088809	0.06324456843157296	0.010608574069823096	0.05335864702325365
el	1.0	0.01042619793124406	0.010166010617004041	1.0	0.010401281531115941	0.009633688674518056	1.0	0.010045767892269932	0.009917533256667697	0.010015017037646108	1.0	1.0	0.01167726684378278	0.009714133035473797	0.010206408208624729	1.0	1.0	0.011591493659814748	1.0	1.0	1.0	0.010313340110183537	0.010001347074405562	0.011133721465423109	0.01014414548715791	1.0	0.011692872243659775	1.0	0.010142037011627945	1.0	0.009811543695595224	1.0	0.4364916731037085	0.010298777061070614	0.2843646522044218	0.011104735710313212
en	0.13413866172981218	0.0629531966851035	0.05947274180354269	0.011055583146990736	0.0613295111345275	0.05401050545015486	0.010045767892269932	1.0	0.05019754018709983	0.041691974086490224	0.010875195674215462	0.011345128370359192	0.04023954891958859	0.053448070867314	0.06222770271703526	0.010282627590801468	0.009014547917740956	0.04978390713809507	0.011055583146990736	0.011055583146990736	0.011055583146990736	0.06262840021350825	0.05862195025794689	0.057280216037374536	0.05976918652268396	0.01027823640424046	0.05772055385441563	0.041294374595702225	0.06159122570276794	0.01087519567421546	0.047065261237316726	0.013852805077743044	0.14540481669394947	0.0543616356045673	0.011059912584087415	0.05196131795264645
es	0.13507810593582123	0.06752878693223746	0.06336849504257287	0.01092363145980895	0.06508419673219397	0.05738416612568962	0.009917533256667697	0.05019754018709983	1.0	0.050304514721680245	0.010740769038490713	0.011209983436928061	0.04033110615153281	0.05759747353396425	0.0678426464025095	0.010312047209581733	0.009769213450947445	0.05007612982674702	0.01092363145980895	0.01092363145980895	0.01092363145980895	0.06778524758643152	0.062486513274516965	0.05834018024393793	0.06411997607671478	0.010149598495539123	0.0580602616686795	0.040955880121031615	0.06698779978123272	0.010740769038490713	0.05307839174096768	0.013681288048935258	0.21625192352272835	0.05639617595605948	0.010927731648341984	0.05207100173754842
fr	0.13413866172981218	0.06326774804524535	0.060195901732851935	0.011034917944170376	0.06227183684866857	0.054381077886376195	0.010015017037646108	0.041691974086490224	0.050304514721680245	1.0	0.010850142737118982	0.01132328288498643	0.039945822468164166	0.0538871096240052	0.06271852376617722	0.010255093315557868	0.009107127617259349	0.04998941773462219	0.011034917944170376	0.011034917944170376	0.011034917944170376	0.06361073808939757	0.0592881512014854	0.057428941985767264	0.060476642039812054	0.010255456558741362	0.05763457295833193	0.041039711726781364	0.06280148740264825	0.010850142737118982	0.04749669313651963	0.013826820291806376	0.13366811535531375	0.05455210973616101	0.011037817440692913	0.05196546104029951
he	1.0	0.01042619793124406	0.010596762421745917	1.0	0.010401281531115941	0.01042944454710295	1.0	0.010875195674215462	0.010740769038490713	0.010850142737118982	1.0	1.0	0.012444336583214555	0.010438244790694709	0.01020640820862473	1.0	1.0	0.011591493659814748	1.0	1.0	1.0	0.010400713024264725	0.010335022520508432	0.011419710720848337	0.010312231879794772	1.0	0.011692872243659775	1.0	0.010225798626880469	1.0	0.010623321016323855	1.0	0.5	0.010641138489279533	0.2843646522044218	0.011592124003324687
hi	1.0	0.01069740346157629	0.011068129747926845	1.0	0.010756250718367803	0.010878664938748905	1.0	0.011345128370359192	0.011209983436928061	0.01132328288498643	1.0	1.0	0.01297962185079941	0.010886048204034235	0.01064682658084397	1.0	1.0	0.011888290357872484	1.0	1.0	1.0	0.010670080110298663	0.010781710752039061	0.011931961940567703	0.010756460390605104	1.0	0.012020847945488269	1.0	0.010667216175187372	1.0	0.01108530805217211	1.0	0.44948974278317805	0.01109956956199153	0.2843646522044218	0.012124864338218704
hu	0.13423167976942957	0.041969391644167284	0.04151152228561437	0.012655489753693282	0.04176134832764495	0.03890979651896446	0.01167726684378278	0.04023954891958859	0.04033110615153281	0.039945822468164166	0.012444336583214555	0.01297962185079941	1.0	0.039261611049238906	0.04106026391451478	0.0121488738976641	0.011411183794333533	0.04658176623226535	0.012655489753693282	0.012655489753693282	0.012655489753693282	0.04144764889548409	0.041023157725435785	0.05170720832661306	0.04087167498368283	0.011956321582383758	0.053195961965485095	0.04162897706321867	0.040740010404573354	0.012444336583214555	0.03924361016838054	0.015837914097547402	0.44948974278317805	0.04201138015655568	0.012659587482973154	0.050194385509189
id	0.12973190755680383	0.08603991985018136	0.07726208996655824	0.010614647356031811	0.08055375611251354	0.06839549102494831	0.009714133035473797	0.053448070867314	0.05759747353396425	0.0538871096240052	0.010438244790694709	0.010886048204034235	0.039261611049238906	1.0	0.08732448418971844	0.009945070264421449	0.009422821818656812	0.05092546385710706	0.010614647356031811	0.010614647356031811	0.010614647356031811	0.08672585151862246	0.07657137821109909	0.06000869425076386	0.07890068117961355	0.009865079502936512	0.0594863352720502	0.039649179566499604	0.08566384050738618	0.010438244790694709	0.05963974239036738	0.013304200297572183	0.16461975250168875	0.06269595559361917	0.010618644358136392	0.05302040123040036
it	0.126516536980057	0.12203618930588839	0.10472002913800256	0.010378990536978407	0.1064895347857989	0.0892671408403175	0.010206408208624729	0.06222770271703526	0.0678426464025095	0.06271852376617722	0.01020640820862473	0.01064682658084397	0.04106026391451478	0.08732448418971844	1.0	0.010122945245754323	0.010122945245754323	0.05183297215739197	0.010378990536978407	0.010378990536978407	0.010378990536978407	0.1316283982842411	0.10221247495637246	0.06300268096003357	0.10676114216423598	0.01020640820862473	0.06054071909646461	0.03884193555718095	0.130516860067409	0.010206408208624729	0.0731636771824849	0.013007404187122045	0.15480587365501994	0.07267337170625496	0.01038272620863817	0.05522907466010863
ja	1.0	0.01042619793124406	0.010166010617004041	1.0	0.010401281531115941	0.010014002518486761	1.0	0.010282627590801468	0.010312047209581733	0.010255093315557868	1.0	1.0	0.0121488738976641	0.009945070264421449	0.010122945245754323	1.0	1.0	0.011591493659814748	1.0	1.0	1.0	0.010313340110183537	0.010001347074405562	0.011133721465423109	0.010227779805561651	1.0	0.011692872243659775	1.0	0.010142037011627945	1.0	0.010121548273021091	1.0	0.3430703308172536	0.010298777061070614	0.2843646522044218	0.010917004258386693
ko	1.0	0.01042619793124406	0.010166010617004041	1.0	0.010401281531115941	0.009487246448165914	1.0	0.009014547917740956	0.009769213450947445	0.009107127617259349	1.0	1.0	0.011411183794333533	0.009422821818656812	0.010122945245754323	1.0	1.0	0.011591493659814748	1.0	1.0	1.0	0.010313340110183537	0.010001347074405562	0.01104137749917579	0.01014414548715791	1.0	0.011692872243659775	1.0	0.010142037011627945	1.0	0.009048745526826824	1.0	0.3430703308172536	0.010298777061070614	0.2843646522044218	0.01100824873725993
lv	0.13004672183153887	0.05180359884730828	0.05264140034311121	0.011591493659814748	0.051492042302617565	0.050917507240676084	0.011591493659814748	0.04978390713809507	0.05007612982674702	0.04998941773462219	0.011591493659814748	0.011888290357872484	0.04658176623226535	0.05092546385710706	0.05183297215739197	0.011591493659814748	0.011591493659814748	1.0	0.011591493659814748	0.011591493659814748	0.011591493659814748	0.05182877285522537	0.05154976515557227	0.05662445259657545	0.05157456409629369	0.011591493659814748	0.05605391039457927	0.04323686174843861	0.0518203773676289	0.011591493659814748	0.050443081652516764	0.014836728948306748	0.3797958971132712	0.050129136449382876	0.011595562579359085	0.05389746240934326
mk	1.0	0.01042619793124406	0.010781288449173441	1.0	0.010489186506251701	0.010604588464972987	1.0	0.011055583146990736	0.01092363145980895	0.011034917944170376	1.0	1.0	0.012655489753693282	0.010614647356031811	0.010378990536978407	1.0	1.0	0.011591493659814748	1.0	1.0	1.0	0.010400713024264725	0.010509852010325912	0.011614806086942582	0.010486854715770795	1.0	0.011692872243659775	1.0	0.010398439931959037	1.0	0.010803951840239013	1.0	0.44948974278317805	0.010817576264581321	0.2843646522044218	0.011805284784714501
ml	1.0	0.01042619793124406	0.01078128844917344	1.0	0.0104891865062517	0.010604588464972987	1.0	0.011055583146990736	0.01092363145980895	0.011034917944170376	1.0	1.0	0.012655489753693282	0.010614647356031811	0.010378990536978407	1.0	1.0	0.011591493659814748	1.0	1.0	1.0	0.010400713024264726	0.010509852010325912	0.011614806086942582	0.010486854715770795	1.0	0.011692872243659775	1.0	0.010398439931959037	1.0	0.010803951840239013	1.0	0.36602540378443865	0.010817576264581321	0.2843646522044218	0.011805284784714501
mr	1.0	0.01042619793124406	0.01078128844917344	1.0	0.0104891865062517	0.010604588464972987	1.0	0.011055583146990736	0.01092363145980895	0.011034917944170376	1.0	1.0	0.012655489753693282	0.010614647356031811	0.010378990536978407	1.0	1.0	0.011591493659814748	1.0	1.0	1.0	0.010400713024264726	0.010509852010325914	0.011614806086942582	0.010486854715770795	1.0	0.011692872243659775	1.0	0.010398439931959037	1.0	0.010803951840239013	1.0	1.0	0.010817576264581321	0.2843646522044218	0.011805284784714501
nl	0.12690480173057767	0.11668571835424374	0.10238297809057469	0.010400713024264725	0.1046101694059021	0.08812862112174882	0.010313340110183537	0.06262840021350825	0.06778524758643152	0.06361073808939757	0.010400713024264725	0.010670080110298663	0.04144764889548409	0.08672585151862246	0.1316283982842411	0.010313340110183537	0.010313340110183537	0.05182877285522537	0.010400713024264725	0.010400713024264726	0.010400713024264726	1.0	0.10042562701673594	0.06338249754466921	0.10349558588618973	0.010313340110183537	0.06039622444036064	0.03887245638591523	0.12416494740047027	0.010400713024264725	0.07334561894086329	0.013314155755708525	0.0662496983675239	0.0725317701981479	0.010404250059670635	0.0552897525838342
pl	0.12809248424016279	0.09729972999153959	0.0861397402071291	0.010509852010325912	0.08917794006622712	0.07676677944491281	0.010001347074405562	0.05862195025794689	0.062486513274516965	0.0592881512014854	0.010335022520508432	0.010781710752039061	0.041023157725435785	0.07657137821109909	0.10221247495637246	0.010001347074405562	0.010001347074405562	0.05154976515557227	0.010509852010325912	0.010509852010325912	0.010509852010325914	0.10042562701673594	1.0	0.06134251682361364	0.08873604096291747	0.010001347074405562	0.059828090169245236	0.03915046592948995	0.1001052697783789	0.010335022520508432	0.06687752420888461	0.013170995310923498	0.19547472009325886	0.06657711774418744	0.01051373133919446	0.05409232870392648
pt	0.27718637277259645	0.06349839318225262	0.06245132321783352	0.011614806086942582	0.0623451328187161	0.060314123417721625	0.011133721465423109	0.057280216037374536	0.05834018024393793	0.057428941985767264	0.011419710720848337	0.011931961940567703	0.05170720832661306	0.06000869425076386	0.06300268096003357	0.011133721465423109	0.01104137749917579	0.05662445259657545	0.011614806086942582	0.011614806086942582	0.011614806086942582	0.06338249754466921	0.06134251682361364	1.0	0.061873696776997444	0.011133721465423109	0.07004889644876282	0.04173603484932379	0.06250936264542452	0.011419710720848337	0.05905588398294611	0.01476147371994184	0.19247065252914483	0.059232156458824944	0.011619024071796874	0.06455092810199811
ro	0.12729683913915313	0.0997880707722112	0.09010557174720212	0.010486854715770795	0.09056906410009559	0.07909968620978709	0.01014414548715791	0.05976918652268396	0.06411997607671478	0.060476642039812054	0.010312231879794772	0.010756460390605104	0.04087167498368283	0.07890068117961355	0.10676114216423598	0.010227779805561651	0.01014414548715791	0.05157456409629369	0.010486854715770795	0.010486854715770795	0.010486854715770795	0.10349558588618973	0.08873604096291747	0.061873696776997444	1.0	0.01014414548715791	0.06005062562383847	0.0392970202196847	0.1033544468587213	0.010312231879794772	0.06834644098101243	0.013139849604810655	0.585786437626905	0.068219415073519	0.010490480712023272	0.05478464154944868
ru	1.0	0.01042619793124406	0.010166010617004041	1.0	0.010401281531115941	0.00985733160643919	1.0	0.01027823640424046	0.010149598495539123	0.010255456558741362	1.0	1.0	0.011956321582383758	0.009865079502936512	0.01020640820862473	1.0	1.0	0.011591493659814748	1.0	1.0	1.0	0.010313340110183537	0.010001347074405562	0.011133721465423109	0.01014414548715791	1.0	0.011692872243659775	1.0	0.010142037011627945	1.0	0.010041844555840356	1.0	0.21089672205953394	0.010298777061070612	0.2843646522044218	0.011104735710313212
sh	0.585786437626905	0.06037508397058174	0.06102535882630286	0.011692872243659775	0.06019621474766569	0.05944788311651707	0.011692872243659775	0.05772055385441563	0.0580602616686795	0.05763457295833193	0.011692872243659775	0.012020847945488269	0.053195961965485095	0.0594863352720502	0.06054071909646461	0.011692872243659775	0.011692872243659775	0.05605391039457927	0.011692872243659775	0.011692872243659775	0.011692872243659775	0.06039622444036064	0.059828090169245236	0.07004889644876282	0.06005062562383847	0.011692872243659775	1.0	0.03873442401700629	0.06053724335654771	0.011692872243659775	0.05867358546606982	0.013922428658667461	0.44948974278317805	0.05844650944857667	0.01169738635679182	0.06368889411209999
si	1.0	0.03912966497610856	0.040509711722596466	1.0	0.039057125399329144	0.03972512173557918	1.0	0.041294374595702225	0.040955880121031615	0.041039711726781364	1.0	1.0	0.04162897706321867	0.039649179566499604	0.03884193555718095	1.0	1.0	0.04323686174843861	1.0	1.0	1.0	0.03887245638591523	0.03915046592948995	0.04173603484932379	0.0392970202196847	1.0	0.03873442401700629	1.0	0.03899527298356134	1.0	0.040463601928343015	1.0	1.0	0.04041765142920348	1.0	0.0533543788813687
simple	0.126516536980057	0.11804745335647789	0.10074919604270462	0.010398439931959037	0.10346024484235196	0.08672585151862246	0.010142037011627945	0.06159122570276794	0.06698779978123272	0.06280148740264825	0.010225798626880469	0.010667216175187372	0.040740010404573354	0.08566384050738618	0.130516860067409	0.010142037011627945	0.010142037011627945	0.0518203773676289	0.010398439931959037	0.010398439931959037	0.010398439931959037	0.12416494740047027	0.1001052697783789	0.06250936264542452	0.1033544468587213	0.010142037011627945	0.06053724335654771	0.03899527298356134	1.0	0.010225798626880469	0.07206582684455504	0.01303088034258356	0.1991601653874931	0.07150740496415933	0.010401974639882055	0.05496934382310873
sr	1.0	0.01042619793124406	0.010596762421745917	1.0	0.010401281531115941	0.01042944454710295	1.0	0.01087519567421546	0.010740769038490713	0.010850142737118982	1.0	1.0	0.012444336583214555	0.010438244790694709	0.010206408208624729	1.0	1.0	0.011591493659814748	1.0	1.0	1.0	0.010400713024264725	0.010335022520508432	0.011419710720848337	0.010312231879794772	1.0	0.011692872243659775	1.0	0.010225798626880469	1.0	0.010623321016323855	1.0	0.36602540378443865	0.010641138489279533	0.2843646522044218	0.011592124003324687
sv	0.1327673435381234	0.07261426773273937	0.0674721994074154	0.010803951840239013	0.06981440874193447	0.06010320522924177	0.009811543695595224	0.047065261237316726	0.05307839174096768	0.04749669313651963	0.010623321016323855	0.01108530805217211	0.03924361016838054	0.05963974239036738	0.0731636771824849	0.010121548273021091	0.009048745526826824	0.050443081652516764	0.010803951840239013	0.010803951840239013	0.010803951840239013	0.07334561894086329	0.06687752420888461	0.05905588398294611	0.06834644098101243	0.010041844555840356	0.05867358546606982	0.040463601928343015	0.07206582684455504	0.010623321016323855	1.0	0.013528548137045994	0.27195617308673004	0.058234264836235665	0.010807741992388448	0.052709100981506274
te	1.0	0.013350584122149185	0.01360746392436897	1.0	0.013272492937963324	0.01327762989083364	1.0	0.013852805077743044	0.013681288048935258	0.013826820291806376	1.0	1.0	0.015837914097547402	0.013304200297572183	0.013007404187122045	1.0	1.0	0.014836728948306748	1.0	1.0	1.0	0.013314155755708525	0.013170995310923498	0.01476147371994184	0.013139849604810655	1.0	0.013922428658667461	1.0	0.01303088034258356	1.0	0.013528548137045994	1.0	1.0	0.013565090949648442	0.32449979983983984	0.01346057976539215
tr	1.0	0.11160881876504969	-1.0	1.0	0.19900804996708035	0.1845136553088809	0.4364916731037085	0.14540481669394947	0.21625192352272835	0.13366811535531375	0.5	0.44948974278317805	0.44948974278317805	0.16461975250168875	0.15480587365501994	0.3430703308172536	0.3430703308172536	0.3797958971132712	0.44948974278317805	0.36602540378443865	1.0	0.0662496983675239	0.19547472009325886	0.19247065252914483	0.585786437626905	0.21089672205953394	0.44948974278317805	1.0	0.1991601653874931	0.36602540378443865	0.27195617308673004	1.0	1.0	0.3164309725825328	1.0	0.2742918851774318
vi	0.13187730439473622	0.07240271209578555	0.06770894743205134	0.010817576264581321	0.06928709702166082	0.06324456843157296	0.010298777061070614	0.0543616356045673	0.05639617595605948	0.05455210973616101	0.010641138489279533	0.01109956956199153	0.04201138015655568	0.06269595559361917	0.07267337170625496	0.010298777061070614	0.010298777061070614	0.050129136449382876	0.010817576264581321	0.010817576264581321	0.010817576264581321	0.0725317701981479	0.06657711774418744	0.059232156458824944	0.068219415073519	0.010298777061070612	0.05844650944857667	0.04041765142920348	0.07150740496415933	0.010641138489279533	0.058234264836235665	0.013565090949648442	0.3164309725825328	1.0	0.010821307566198169	0.052997457675640416
war	1.0	0.01042998500814267	0.010785054704890436	0.2843646522044218	0.01049304290731389	0.010608574069823096	0.2843646522044218	0.011059912584087415	0.010927731648341984	0.011037817440692913	0.2843646522044218	0.2843646522044218	0.012659587482973154	0.010618644358136392	0.01038272620863817	0.2843646522044218	0.2843646522044218	0.011595562579359085	0.2843646522044218	0.2843646522044218	0.2843646522044218	0.010404250059670635	0.01051373133919446	0.011619024071796874	0.010490480712023272	0.2843646522044218	0.01169738635679182	1.0	0.010401974639882055	0.2843646522044218	0.010807741992388448	0.32449979983983984	1.0	0.010821307566198169	1.0	0.011809519914753716
zh	0.2474401533514073	0.05551359024037851	0.054188702919988105	0.011805284784714501	0.05507873186903188	0.05335864702325365	0.011104735710313212	0.05196131795264645	0.05207100173754842	0.05196546104029951	0.011592124003324687	0.012124864338218704	0.050194385509189	0.05302040123040036	0.05522907466010863	0.010917004258386693	0.01100824873725993	0.05389746240934326	0.011805284784714501	0.011805284784714501	0.011805284784714501	0.0552897525838342	0.05409232870392648	0.06455092810199811	0.05478464154944868	0.011104735710313212	0.06368889411209999	0.0533543788813687	0.05496934382310873	0.011592124003324687	0.052709100981506274	0.01346057976539215	0.2742918851774318	0.052997457675640416	0.011809519914753716	1.0
