arz	bs	ceb	ckb	da	de	el	en	es	fr	he	hi	hu	id	it	ja	ko	lv	mk	ml	mr	nl	pl	pt	ro	ru	sh	si	simple	sr	sv	te	vi	war	zh
arz	1.0	0.2958163163244893	0.0	0.585786437626905	0.29861489767424576	0.22693511550437695	0.17238125781635752	0.11199414098642403	0.28172904669025317	0.11639932257191224	0.20289113477078824	0.585786437626905	0.2894658029692371	0.2253392455309333	0.23582845781094	0.25	0.1826497805105061	0.243019621794552	0.3797958971132712	0.585786437626905	0.30850743136502556	0.2371851130752327	0.3090169943749474	0.1310053641340194	0.12167846957679092	0.24913693443350773	0.585786437626905	1.0	0.3084793492966736	0.35388936786452296	0.24177397092932237	0.0	0.44948974278317805	1.0	0.22520910646731804
bs	0.2958163163244893	1.0	0.0	0.25	0.09279091454606699	0.0621799253577603	0.09202588239303441	0.042915140903295006	0.021610649063268938	0.097539853826239	0.102406573568647	0.4142135623730951	0.09151837064958801	0.09994659830117265	0.061779358661304726	0.08678939226972136	0.08344275145045706	0.11847657515797014	0.21405520610687215	0.3660254037844386	0.4874073124449476	0.08237898100504855	0.07591931037144847	0.061202475406945844	0.08942826326977414	0.0844744724587671	0.1468558350812923	0.585786437626905	0.04180410656495194	0.1027577794302794	0.09059875046142951	0.0	0.0489602307406057	0.5	0.08484255766557319
ceb	0.0	0.0	1.0	0.0	1.0	1.0	1.0	1.0	1.0	1.0	1.0	1.0	1.0	1.0	1.0	1.0	1.0	1.0	1.0	0.0	1.0	1.0	1.0	1.0	1.0	1.0	1.0	0.0	1.0	1.0	1.0	0.0	1.0	0.0	1.0
ckb	0.585786437626905	0.25	0.0	1.0	0.585786437626905	0.44948974278317805	0.40453726661826384	0.40453726661826384	0.585786437626905	0.21841952509255685	0.5	1.0	0.35388936786452296	0.5	0.44948974278317805	0.44948974278317805	0.3726822671238253	0.2193450929151803	0.3483314773547883	0.585786437626905	0.23441237831492112	0.24304394258384912	0.585786437626905	0.585786437626905	0.20305130568782873	0.5	1.0	1.0	1.0	0.353889367864523	0.3483314773547883	0.0	0.4364916731037085	1.0	0.5
da	0.29861489767424576	0.09279091454606699	1.0	0.585786437626905	1.0	0.052879732181371625	0.06445850221655983	0.04616654043768839	0.011750251064838249	0.061601317291847334	0.10161357909955537	0.5	0.08561973906543838	0.10667731679280297	0.05433799473418636	0.0670300212585988	0.06098561854139184	0.12547483197616982	0.12603287105936198	0.585786437626905	0.16096227405294794	0.05295166633260613	0.08517240944524349	0.07810018346580552	0.06862055631019538	0.0851760192501412	0.21690026307310653	1.0	0.025186802578526426	0.11941907044994608	0.07137776924762085	0.0	0.06797027147133877	0.5	0.07612105076389067
de	0.22693511550437695	0.0621799253577603	1.0	0.44948974278317805	0.052879732181371625	1.0	0.04864329648740121	0.01825993135456388	0.004349178460662024	0.019520391845034568	0.07785018922311503	0.5	0.042236244670746714	0.08833502156272693	0.019268511685401397	0.03088656428743626	0.0426305066412008	0.06413324887653817	0.08329179576552027	0.3333333333333333	0.14772362042717635	0.021718975205968234	0.026921404963785187	0.0298980027304808	0.0284818851297562	0.025773088616218676	0.17534791014309853	1.0	0.016773869421771802	0.06456590051799019	0.042069842007837935	0.0	0.06315585126041487	1.0	0.03281645062628903
el	0.17238125781635752	0.09202588239303441	1.0	0.40453726661826384	0.06445850221655983	0.04864329648740121	1.0	0.04351334621135816	0.008100400983300676	0.05084363294854928	0.0859451615532393	0.5	0.056885876554472525	0.10096495523509556	0.04635287266819513	0.050751131511010066	0.05158968915376521	0.12173112790865391	0.13424089316487253	0.3333333333333333	0.15015703765594426	0.047465391917691724	0.05060607076818314	0.05184452300328608	0.04567395420482893	0.04949355792837147	0.16587328362691367	1.0	0.021029257245607474	0.08991613733713129	0.07314184425587987	0.0	0.07060743317066212	1.0	0.04978888506886106
en	0.11199414098642403	0.042915140903295006	1.0	0.40453726661826384	0.04616654043768839	0.01825993135456388	0.04351334621135816	1.0	0.004290653631226186	0.015375308955458293	0.07178655273576044	0.585786437626905	0.0414704780383319	0.05372280151744197	0.016809581479255552	0.029634727280652376	0.037521098478295906	0.038217368395999034	0.06172305921440947	0.3333333333333333	0.1411682450872066	0.022151458087362935	0.025362012897234307	0.024000748356898607	0.02615715765928502	0.025159994755378442	0.1661905877979372	0.4142135623730951	0.014354777323898291	0.05005235343957439	0.0348118112450119	0.0	0.04048750526279323	0.2857142857142857	0.021678348077591055
es	0.28172904669025317	0.021610649063268938	1.0	0.585786437626905	0.011750251064838249	0.004349178460662024	0.008100400983300676	0.004290653631226186	1.0	0.004796518945130019	0.011220437834486984	0.585786437626905	0.006074517303535504	0.014001302755550454	0.004343323215920099	0.0057734842526113725	0.0067390843575567926	0.025320294009356398	0.06034372815920428	0.3483314773547883	0.15438708879488486	0.004061587668822738	0.005046615915657443	0.004268586596204529	0.0061925149245778185	0.004825633969549704	0.20942771453851886	1.0	0.07983750936874542	0.01939405864956495	0.008953106987956047	0.0	0.013873127978983662	0.5	0.004787091341162226
fr	0.11639932257191224	0.097539853826239	1.0	0.21841952509255685	0.061601317291847334	0.019520391845034568	0.05084363294854928	0.015375308955458293	0.004796518945130019	1.0	0.08226003890315385	0.40453726661826384	0.029262884489715174	0.10067281198591342	0.018068474091258675	0.027675173074895896	0.03267401761588899	0.12556117665861927	0.13806045327768482	0.2730812315383911	0.2890475255693612	0.020987737723798063	0.02486939345183872	0.022423763614118512	0.026436158117986223	0.024364016673577512	0.15733980743880854	0.5	0.017623173329828514	0.08557187445317678	0.04272726930559295	0.0	0.06946922108051476	0.585786437626905	0.025315806585814806
he	0.20289113477078824	0.102406573568647	1.0	0.5	0.10161357909955537	0.07785018922311503	0.0859451615532393	0.07178655273576044	0.011220437834486984	0.08226003890315385	1.0	0.3726822671238253	0.07297578190807406	0.11222387327532893	0.07550361269439013	0.07623308024013438	0.06061851350844035	0.11587044852917493	0.15915932072467523	0.5	0.16014061605120852	0.07880776514163569	0.07961951611241047	0.06701743990586095	0.06295259479767028	0.06959936764201799	0.2004859492218317	1.0	0.024530615443351972	0.09464359244872154	0.08894412855933771	0.0	0.049653358153396485	1.0	0.07746077556039085
hi	0.585786437626905	0.4142135623730951	1.0	1.0	0.5	0.5	0.5	0.585786437626905	0.585786437626905	0.40453726661826384	0.3726822671238253	1.0	0.585786437626905	0.40453726661826384	0.585786437626905	0.585786437626905	0.585786437626905	0.3533135708365462	0.5	1.0	0.585786437626905	0.44948974278317805	0.585786437626905	0.585786437626905	0.44948974278317805	0.5	1.0	1.0	0.585786437626905	0.44948974278317805	0.5	0.0	0.585786437626905	1.0	0.585786437626905
hu	0.2894658029692371	0.09151837064958801	1.0	0.35388936786452296	0.08561973906543838	0.042236244670746714	0.056885876554472525	0.0414704780383319	0.006074517303535504	0.029262884489715174	0.07297578190807406	0.585786437626905	1.0	0.07538653280520645	0.04059018536246673	0.05027862567636486	0.056422979100137854	0.118166708356387	0.10739386878783751	0.3004897719770227	0.1546175939060424	0.04423776514375949	0.048149617897579676	0.03960680037094405	0.03762515501127972	0.04863167813557822	0.27950616338526374	1.0	0.021927671447338697	0.08524475409008496	0.06014219343450468	0.0	0.09663810713462986	1.0	0.05130911535923112
id	0.2253392455309333	0.09994659830117265	1.0	0.5	0.10667731679280297	0.08833502156272693	0.10096495523509556	0.05372280151744197	0.014001302755550454	0.10067281198591342	0.11222387327532893	0.40453726661826384	0.07538653280520645	1.0	0.08887821339866722	0.0818622186553583	0.08791599886774398	0.12132362138859991	0.2158684121108054	0.5	0.18968479748363462	0.0902252407475124	0.09749529776713067	0.0916805271346481	0.0738534727474427	0.09220541426452977	0.1620025225658486	1.0	0.02792062855553192	0.13410291045655384	0.09913610979601485	0.0	0.056978604771578414	0.5	0.08170979268365526
it	0.23582845781094	0.061779358661304726	1.0	0.44948974278317805	0.05433799473418636	0.019268511685401397	0.04635287266819513	0.016809581479255552	0.004343323215920099	0.018068474091258675	0.07550361269439013	0.585786437626905	0.04059018536246673	0.08887821339866722	1.0	0.030341131184990128	0.04184664026519524	0.09816424215735721	0.06313524796333427	0.34046900086915005	0.16014061605120852	0.02183169263391521	0.022817438769212637	0.02216359105504915	0.028324552033290443	0.022858423482979732	0.17717772219634173	0.585786437626905	0.016744113635885734	0.07178395521729937	0.04094704524147306	0.0	0.061071601218685205	0.44948974278317805	0.03209352876403889
ja	0.25	0.08678939226972136	1.0	0.44948974278317805	0.0670300212585988	0.03088656428743626	0.050751131511010066	0.029634727280652376	0.0057734842526113725	0.027675173074895896	0.07623308024013438	0.585786437626905	0.05027862567636486	0.0818622186553583	0.030341131184990128	1.0	0.044877312616940425	0.09927503984891643	0.10498871405456861	0.40453726661826384	0.17070415699959104	0.03444270203734539	0.046310969155030295	0.046126018951290884	0.035618504326675265	0.03213038260915431	0.23145844486143888	1.0	0.01873535334877337	0.07294012897946674	0.06150291198444491	0.0	0.055812457471602725	1.0	0.040534304826100875
ko	0.1826497805105061	0.08344275145045706	1.0	0.3726822671238253	0.06098561854139184	0.0426305066412008	0.05158968915376521	0.037521098478295906	0.0067390843575567926	0.03267401761588899	0.06061851350844035	0.585786437626905	0.056422979100137854	0.08791599886774398	0.04184664026519524	0.044877312616940425	1.0	0.12023763774533318	0.09226177655791995	0.3333333333333333	0.14647963010116793	0.04401505290541382	0.04740828283122974	0.04555890861669271	0.044114874890903766	0.04511220323307816	0.2343983724539589	1.0	0.017679364708743515	0.0849116440811839	0.05325843497308325	0.0	0.0930238863454628	1.0	0.0448595674176694
lv	0.243019621794552	0.11847657515797014	1.0	0.2193450929151803	0.12547483197616982	0.06413324887653817	0.12173112790865391	0.038217368395999034	0.025320294009356398	0.12556117665861927	0.11587044852917493	0.3533135708365462	0.118166708356387	0.12132362138859991	0.09816424215735721	0.09927503984891643	0.12023763774533318	1.0	0.1919100604268951	0.29893508442482547	0.445902906222806	0.12036456424683423	0.06333313285908371	0.06384139160968404	0.10293460003039238	0.09786605483005835	0.16731421688906561	1.0	0.044602018843147906	0.13253782723787064	0.0898886780040077	0.0	0.062055794685958565	1.0	0.08674122719125336
mk	0.3797958971132712	0.21405520610687215	1.0	0.3483314773547883	0.12603287105936198	0.08329179576552027	0.13424089316487253	0.06172305921440947	0.06034372815920428	0.13806045327768482	0.15915932072467523	0.5	0.10739386878783751	0.2158684121108054	0.06313524796333427	0.10498871405456861	0.09226177655791995	0.1919100604268951	1.0	0.3751064786605054	0.23119130271058486	0.12050120676847163	0.07512978942300205	0.05941590523356465	0.18016126796099094	0.07377710704425622	0.33216715835899796	1.0	0.10459665763181532	0.17687292405745	0.08862331805218532	0.0	0.1179081918831588	1.0	0.060978637651850666
ml	0.585786437626905	0.3660254037844386	0.0	0.585786437626905	0.585786437626905	0.3333333333333333	0.3333333333333333	0.3333333333333333	0.3483314773547883	0.2730812315383911	0.5	1.0	0.3004897719770227	0.5	0.34046900086915005	0.40453726661826384	0.3333333333333333	0.29893508442482547	0.3751064786605054	1.0	0.25641898840425353	0.25797866164736466	0.3483314773547883	0.3483314773547883	0.2773731152452739	0.3483314773547883	1.0	1.0	0.3751064786605054	0.5	0.5	0.0	0.40453726661826384	1.0	0.32037724101704074
mr	0.30850743136502556	0.4874073124449476	1.0	0.23441237831492112	0.16096227405294794	0.14772362042717635	0.15015703765594426	0.1411682450872066	0.15438708879488486	0.2890475255693612	0.16014061605120852	0.585786437626905	0.1546175939060424	0.18968479748363462	0.16014061605120852	0.17070415699959104	0.14647963010116793	0.445902906222806	0.23119130271058486	0.25641898840425353	1.0	0.17802672303267938	0.1406177340977407	0.14100081852247978	0.29020747650943585	0.16014061605120852	0.44948974278317805	1.0	0.13955985180135516	0.3030022704346633	0.19882309443410243	0.0	0.18378450940178942	1.0	0.1429356026740686
nl	0.2371851130752327	0.08237898100504855	1.0	0.24304394258384912	0.05295166633260613	0.021718975205968234	0.047465391917691724	0.022151458087362935	0.004061587668822738	0.020987737723798063	0.07880776514163569	0.44948974278317805	0.04423776514375949	0.0902252407475124	0.02183169263391521	0.03444270203734539	0.04401505290541382	0.12036456424683423	0.12050120676847163	0.25797866164736466	0.17802672303267938	1.0	0.03016419212795768	0.0292288512768899	0.031623789189216794	0.029039926113492702	0.15885496120077758	0.5	0.01796566268299256	0.07304154590266204	0.037886925239245285	0.0	0.052778058555356104	0.44948974278317805	0.035363658530673914
pl	0.3090169943749474	0.07591931037144847	1.0	0.585786437626905	0.08517240944524349	0.026921404963785187	0.05060607076818314	0.025362012897234307	0.005046615915657443	0.02486939345183872	0.07961951611241047	0.585786437626905	0.048149617897579676	0.09749529776713067	0.022817438769212637	0.046310969155030295	0.04740828283122974	0.06333313285908371	0.07512978942300205	0.3483314773547883	0.1406177340977407	0.03016419212795768	1.0	0.031384187542167284	0.03345094831449692	0.028224334915124057	0.1882248217377391	0.585786437626905	0.01839727312562166	0.06304170660141722	0.0571765783313856	0.0	0.07884736253272062	0.585786437626905	0.032068255986594574
pt	0.1310053641340194	0.061202475406945844	1.0	0.585786437626905	0.07810018346580552	0.0298980027304808	0.05184452300328608	0.024000748356898607	0.004268586596204529	0.022423763614118512	0.06701743990586095	0.585786437626905	0.03960680037094405	0.0916805271346481	0.02216359105504915	0.046126018951290884	0.04555890861669271	0.06384139160968404	0.05941590523356465	0.3483314773547883	0.14100081852247978	0.0292288512768899	0.031384187542167284	1.0	0.029653124620578536	0.03385526513095722	0.2661247839565929	0.5	0.018546048377791398	0.07279559642428211	0.056681118655513105	0.0	0.0516526411241402	0.3797958971132712	0.036212183942840176
ro	0.12167846957679092	0.08942826326977414	1.0	0.20305130568782873	0.06862055631019538	0.0284818851297562	0.04567395420482893	0.02615715765928502	0.0061925149245778185	0.026436158117986223	0.06295259479767028	0.44948974278317805	0.03762515501127972	0.0738534727474427	0.028324552033290443	0.035618504326675265	0.044114874890903766	0.10293460003039238	0.18016126796099094	0.2773731152452739	0.29020747650943585	0.031623789189216794	0.03345094831449692	0.029653124620578536	1.0	0.03110603471879183	0.15685337124155438	1.0	0.023179763830512373	0.09120666684726483	0.05251241487763597	0.0	0.05478695506555834	1.0	0.03469740477154714
ru	0.24913693443350773	0.0844744724587671	1.0	0.5	0.0851760192501412	0.025773088616218676	0.04949355792837147	0.025159994755378442	0.004825633969549704	0.024364016673577512	0.06959936764201799	0.5	0.04863167813557822	0.09220541426452977	0.022858423482979732	0.03213038260915431	0.04511220323307816	0.09786605483005835	0.07377710704425622	0.3483314773547883	0.16014061605120852	0.029039926113492702	0.028224334915124057	0.03385526513095722	0.03110603471879183	1.0	0.2482337868560469	1.0	0.017091990473988603	0.062269915001769864	0.045384301991777405	0.0	0.07985341694761065	1.0	0.03713891676379129
sh	0.585786437626905	0.1468558350812923	1.0	1.0	0.21690026307310653	0.17534791014309853	0.16587328362691367	0.1661905877979372	0.20942771453851886	0.15733980743880854	0.2004859492218317	1.0	0.27950616338526374	0.1620025225658486	0.17717772219634173	0.23145844486143888	0.2343983724539589	0.16731421688906561	0.33216715835899796	1.0	0.44948974278317805	0.15885496120077758	0.1882248217377391	0.2661247839565929	0.15685337124155438	0.2482337868560469	1.0	1.0	1.0	0.11584080181010853	0.26427884169111276	0.0	0.5	0.5	0.23638768451944597
si	1.0	0.585786437626905	0.0	1.0	1.0	1.0	1.0	0.4142135623730951	1.0	0.5	1.0	1.0	1.0	1.0	0.585786437626905	1.0	1.0	1.0	1.0	1.0	1.0	0.5	0.585786437626905	0.5	1.0	1.0	1.0	1.0	1.0	1.0	0.585786437626905	1.0	1.0	1.0	1.0
simple	0.3084793492966736	0.04180410656495194	1.0	1.0	0.025186802578526426	0.016773869421771802	0.021029257245607474	0.014354777323898291	0.07983750936874542	0.017623173329828514	0.024530615443351972	0.585786437626905	0.021927671447338697	0.02792062855553192	0.016744113635885734	0.01873535334877337	0.017679364708743515	0.044602018843147906	0.10459665763181532	0.3751064786605054	0.13955985180135516	0.01796566268299256	0.01839727312562166	0.018546048377791398	0.023179763830512373	0.017091990473988603	1.0	1.0	1.0	0.037819039088751255	0.02120986463707612	0.0	0.0374574428801639	1.0	0.017161049519963053
sr	0.35388936786452296	0.1027577794302794	1.0	0.353889367864523	0.11941907044994608	0.06456590051799019	0.08991613733713129	0.05005235343957439	0.01939405864956495	0.08557187445317678	0.09464359244872154	0.44948974278317805	0.08524475409008496	0.13410291045655384	0.07178395521729937	0.07294012897946674	0.0849116440811839	0.13253782723787064	0.17687292405745	0.5	0.3030022704346633	0.07304154590266204	0.06304170660141722	0.07279559642428211	0.09120666684726483	0.062269915001769864	0.11584080181010853	1.0	0.037819039088751255	1.0	0.07860241409114531	0.0	0.0638067388146891	1.0	0.06229892681140184
sv	0.24177397092932237	0.09059875046142951	1.0	0.3483314773547883	0.07137776924762085	0.042069842007837935	0.07314184425587987	0.0348118112450119	0.008953106987956047	0.04272726930559295	0.08894412855933771	0.5	0.06014219343450468	0.09913610979601485	0.04094704524147306	0.06150291198444491	0.05325843497308325	0.0898886780040077	0.08862331805218532	0.5	0.19882309443410243	0.037886925239245285	0.0571765783313856	0.056681118655513105	0.05251241487763597	0.045384301991777405	0.26427884169111276	0.585786437626905	0.02120986463707612	0.07860241409114531	1.0	0.0	0.07422902069826086	0.585786437626905	0.06210311535423398
te	0.0	0.0	0.0	0.0	0.0	0.0	0.0	0.0	0.0	0.0	0.0	0.0	0.0	0.0	0.0	0.0	0.0	0.0	0.0	0.0	0.0	0.0	0.0	0.0	0.0	0.0	0.0	1.0	0.0	0.0	0.0	0.0	0.0	1.0	0.0
vi	0.44948974278317805	0.0489602307406057	1.0	0.4364916731037085	0.06797027147133877	0.06315585126041487	0.07060743317066212	0.04048750526279323	0.013873127978983662	0.06946922108051476	0.049653358153396485	0.585786437626905	0.09663810713462986	0.056978604771578414	0.061071601218685205	0.055812457471602725	0.0930238863454628	0.062055794685958565	0.1179081918831588	0.40453726661826384	0.18378450940178942	0.052778058555356104	0.07884736253272062	0.0516526411241402	0.05478695506555834	0.07985341694761065	0.5	1.0	0.0374574428801639	0.0638067388146891	0.07422902069826086	0.0	1.0	1.0	0.05895404829573703
war	1.0	0.5	0.0	1.0	0.5	1.0	1.0	0.2857142857142857	0.5	0.585786437626905	1.0	1.0	1.0	0.5	0.44948974278317805	1.0	1.0	1.0	1.0	1.0	1.0	0.44948974278317805	0.585786437626905	0.3797958971132712	1.0	1.0	0.5	1.0	1.0	1.0	0.585786437626905	1.0	1.0	1.0	1.0
zh	0.22520910646731804	0.08484255766557319	1.0	0.5	0.07612105076389067	0.03281645062628903	0.04978888506886106	0.021678348077591055	0.004787091341162226	0.025315806585814806	0.07746077556039085	0.585786437626905	0.05130911535923112	0.08170979268365526	0.03209352876403889	0.040534304826100875	0.0448595674176694	0.08674122719125336	0.060978637651850666	0.32037724101704074	0.1429356026740686	0.035363658530673914	0.032068255986594574	0.036212183942840176	0.03469740477154714	0.03713891676379129	0.23638768451944597	1.0	0.017161049519963053	0.06229892681140184	0.06210311535423398	0.0	0.05895404829573703	1.0	1.0
