arz	bs	ceb	ckb	da	de	el	en	es	fr	he	hi	hu	id	it	ja	ko	lv	mk	ml	mr	nl	pl	pt	ro	ru	sh	si	simple	sr	sv	te	vi	war	zh
arz	1.0	0.023255813953488372	0.0	0.07142857142857142	0.0220125786163522	0.01206140350877193	0.03015075376884422	0.00975609756097561	0.008976660682226212	0.013102561491811292	0.03047580155389416	0.05263157894736842	0.015814787170295302	0.03437785954870238	0.009823182711198428	0.01607142857142857	0.020102155480641537	0.03865719991822742	0.07142857142857142	0.075	0.10208333333333333	0.008272999455166971	0.013043478260869565	0.017141866244542985	0.018028410094750827	0.014970059880239521	0.07142857142857142	0.04054054054054054	0.055565862708719854	0.02	0.01925648618096777	0.0	0.023668639053254437	0.07352941176470588	0.018041113458752756
bs	0.023255813953488372	1.0	0.0	0.03424657534246575	0.19822650802788971	0.08218714466306382	0.16747696414500662	0.04390559656459626	0.060650290063806	0.0695825479161093	0.23612023665380028	0.020833333333333332	0.13241482185132136	0.29361988373737447	0.07327925751525087	0.11651923028038334	0.11564303844608434	0.3529938271604938	0.10748283652475268	0.0273972602739726	0.05011048930980055	0.06495027883060084	0.10012901651843512	0.06775692144113196	0.10934771499331394	0.1075493951169789	0.059313778240947884	0.059322033898305086	0.1142708814028611	0.3211892871544225	0.15401336477233266	0.0	0.09328902737240673	0.10185185185185185	0.10581607478296363
ceb	0.0	0.0	0.5	0.0	0.0031645569620253164	0.002036659877800407	0.0058823529411764705	0.0013623978201634877	0.0019342359767891683	0.0019011406844106464	0.004464285714285714	0.006578947368421052	0.006024096385542169	0.0027247956403269754	0.00196078431372549	0.0032679738562091504	0.0034129692832764505	0.006024096385542169	0.004629629629629629	0.0	0.018867924528301886	0.0031446540880503146	0.0026109660574412533	0.002398081534772182	0.005988023952095809	0.0016051364365971107	0.004149377593360996	0.0	0.010869565217391304	0.0015873015873015873	0.0037313432835820895	0.0	0.00510204081632653	0.0	0.003472222222222222
ckb	0.07142857142857142	0.03424657534246575	0.0	1.0	0.016778523489932886	0.0066815144766146995	0.015544041450777202	0.003667481662591687	0.00546448087431694	0.006622516556291391	0.02032520325203252	0.14285714285714285	0.01020408163265306	0.023148148148148147	0.005988023952095809	0.009191176470588236	0.01020408163265306	0.046296296296296294	0.08333333333333333	0.2857142857142857	0.22727272727272727	0.00558659217877095	0.008928571428571428	0.006880733944954129	0.010033444816053512	0.009202453987730062	0.05555555555555555	0.0625	0.027472527472527472	0.028735632183908046	0.01327433628318584	0.0	0.015625	0.15	0.009146341463414634
da	0.0220125786163522	0.19822650802788971	0.0031645569620253164	0.016778523489932886	1.0	0.1257361334944937	0.20310724033331162	0.09045061858305953	0.1060042513080948	0.12324090996294315	0.2212852310936314	0.010135135135135136	0.18471883370134132	0.2248091219610207	0.12969772236035473	0.15338957016360463	0.15755062781400403	0.18343521123269677	0.053484740384471464	0.013422818791946308	0.027440361057382335	0.12242426922720512	0.14257779198264153	0.10257176735519485	0.12004146064388495	0.145518046044513	0.02258064516129032	0.040372670807453416	0.1476962514148745	0.18163150492264415	0.23869630630865962	0.0	0.12962578892790028	0.050955414012738856	0.15705030417479132
de	0.01206140350877193	0.08218714466306382	0.002036659877800407	0.0066815144766146995	0.1257361334944937	1.0	0.18102677543093867	0.26499507663024785	0.2954352598407196	0.3167274994422263	0.12986075822470194	0.0033407572383073497	0.24281756746304214	0.10665095117273686	0.310039708816366	0.2578455858399392	0.18661566537175295	0.05891617709030515	0.022411954738354965	0.005567928730512249	0.0101595914458985	0.28443473304801364	0.2701184368221621	0.232222456851184	0.22870911091045765	0.2850117062025027	0.01452449567723343	0.013131313131313131	0.08987477177382264	0.08684010074337853	0.16387161384560905	0.0	0.09887958925816503	0.01524390243902439	0.26837004363707295
el	0.03015075376884422	0.16747696414500662	0.0058823529411764705	0.015544041450777202	0.20310724033331162	0.18102677543093867	1.0	0.11690273879466138	0.15377677249916286	0.17890411096792982	0.2534106585761841	0.007772020725388601	0.21578445684363895	0.20082962513986058	0.17758160472838774	0.23656945174286215	0.20720437826157043	0.14807055527254204	0.05230130383018265	0.012953367875647668	0.02353686287652067	0.1497962717194266	0.21154979934360307	0.15702943720323065	0.20891503631981312	0.2276431494590928	0.022727272727272728	0.03428571428571429	0.1464575513685737	0.158046508758944	0.19297196699279728	0.0	0.11579098979832618	0.03757225433526012	0.20890675613317478
en	0.00975609756097561	0.04390559656459626	0.0013623978201634877	0.003667481662591687	0.09045061858305953	0.26499507663024785	0.11690273879466138	1.0	0.30756611421843155	0.27055153042159397	0.07530507164946058	0.0018337408312958435	0.1516777078391953	0.06650983408615231	0.3004533506150456	0.16625576542494563	0.12835153754940115	0.03296709972489087	0.012898415675652461	0.003056234718826406	0.005513995632495672	0.2674769973875178	0.201319489298124	0.19807305972046654	0.14959676360840785	0.1966934847820493	0.007956030035524022	0.011580381471389645	0.05439296554950761	0.05362000594583584	0.1363570424696703	0.0	0.09804261568009051	0.010899182561307902	0.20080366279968498
es	0.008976660682226212	0.060650290063806	0.0019342359767891683	0.00546448087431694	0.1060042513080948	0.2954352598407196	0.15377677249916286	0.30756611421843155	1.0	0.3029441399510492	0.1104134490761395	0.00273224043715847	0.2031767110354916	0.08534718813306284	0.34357589669271427	0.22059997211444615	0.16338160551416833	0.048277079465562894	0.019519358105476357	0.004553734061930784	0.007259528130671506	0.25277394115695334	0.2503373901698163	0.2564476786653698	0.19396611225452431	0.2674103034903296	0.010889292196007259	0.013461538461538462	0.07258064516129033	0.06811503323131231	0.13378332405517412	0.0	0.08189178614068002	0.015473887814313346	0.24203677562617038
fr	0.013102561491811292	0.0695825479161093	0.0019011406844106464	0.006622516556291391	0.12324090996294315	0.3167274994422263	0.17890411096792982	0.27055153042159397	0.3029441399510492	1.0	0.13385984801679673	0.0033112582781456954	0.24786600176679274	0.10139238585847425	0.33528016381438464	0.2553297409706178	0.19049683000848464	0.05879289410852276	0.020976307189542482	0.005528989582249807	0.008883152480806894	0.25795343292059897	0.2659337157425112	0.25505571656876075	0.25307593774940335	0.2785396250591426	0.009825327510917031	0.015180265654648957	0.0815644816634417	0.07581704454560106	0.15026681317145787	0.0	0.0930827581665759	0.015209125475285171	0.23346553920798646
he	0.03047580155389416	0.23612023665380028	0.004464285714285714	0.02032520325203252	0.2212852310936314	0.12986075822470194	0.2534106585761841	0.07530507164946058	0.1104134490761395	0.13385984801679673	1.0	0.012295081967213115	0.17835131359469228	0.24332119804078894	0.12002181929718161	0.19344582317852313	0.1861986344159519	0.243716799046574	0.07346938775510203	0.016260162601626018	0.03277053462203952	0.10606125125417104	0.16730987711497702	0.12330840041116224	0.16574026561172744	0.18594707129429144	0.03176993067590988	0.02850877192982456	0.1803337761685205	0.2287229472730539	0.1805687434759096	0.0	0.103510841888451	0.03333333333333333	0.1714375623106622
hi	0.05263157894736842	0.020833333333333332	0.006578947368421052	0.14285714285714285	0.010135135135135136	0.0033407572383073497	0.007772020725388601	0.0018337408312958435	0.00273224043715847	0.0033112582781456954	0.012295081967213115	1.0	0.006147540983606557	0.014018691588785047	0.0029940119760479044	0.003676470588235294	0.00510204081632653	0.02830188679245283	0.06818181818181818	0.16666666666666666	0.09090909090909091	0.002793296089385475	0.004464285714285714	0.0034403669724770644	0.005016722408026756	0.004601226993865031	0.03125	0.05421686746987952	0.016666666666666666	0.01744186046511628	0.00663716814159292	0.0	0.009433962264150943	0.06172839506172839	0.004573170731707317
hu	0.015814787170295302	0.13241482185132136	0.006024096385542169	0.01020408163265306	0.18471883370134132	0.24281756746304214	0.21578445684363895	0.1516777078391953	0.2031767110354916	0.24786600176679274	0.17835131359469228	0.006147540983606557	1.0	0.17015628557872958	0.2368353884496486	0.24569269065880875	0.1713483754289671	0.11595630658973839	0.04118091048284488	0.010312836043628064	0.01876628310898828	0.20075131173871816	0.24136918419067302	0.21663171886748134	0.2605622465336543	0.23911240491773833	0.014011041228644156	0.03197674418604651	0.11231803319278469	0.13045922404548552	0.18436250764693043	0.0	0.1332198609845032	0.03529411764705882	0.19651170952379282
id	0.03437785954870238	0.29361988373737447	0.0027247956403269754	0.023148148148148147	0.2248091219610207	0.10665095117273686	0.20082962513986058	0.06650983408615231	0.08534718813306284	0.10139238585847425	0.24332119804078894	0.014018691588785047	0.17015628557872958	1.0	0.09737844702467344	0.1758254444700993	0.17185464837284914	0.2819915447617818	0.07266074056476148	0.018518518518518517	0.038199877308225175	0.08705073891248935	0.12938607770216806	0.09896903761951568	0.1343967484973221	0.14802657779158604	0.035969658659924145	0.01891891891891892	0.1487687062868753	0.2512712848533744	0.15967985793455314	0.0	0.14007805209128701	0.021798365122615803	0.15272148315550294
it	0.009823182711198428	0.07327925751525087	0.00196078431372549	0.005988023952095809	0.12969772236035473	0.310039708816366	0.17758160472838774	0.3004533506150456	0.34357589669271427	0.33528016381438464	0.12002181929718161	0.0029940119760479044	0.2368353884496486	0.09737844702467344	1.0	0.2476268668386895	0.1782068100153995	0.05556992206662918	0.02107753138583714	0.005022411771429931	0.008016844061518558	0.26584985375772663	0.2856223325728924	0.25054231650487546	0.21221364770800383	0.27933458288598134	0.012948207171314742	0.011650485436893204	0.08185404777190475	0.07665229483452594	0.15517553002849743	0.0	0.1014622500746046	0.013671875	0.25327548434569064
ja	0.01607142857142857	0.11651923028038334	0.0032679738562091504	0.009191176470588236	0.15338957016360463	0.2578455858399392	0.23656945174286215	0.16625576542494563	0.22059997211444615	0.2553297409706178	0.19344582317852313	0.003676470588235294	0.24569269065880875	0.1758254444700993	0.2476268668386895	1.0	0.24011511307361036	0.09765447953721489	0.029277314253458687	0.007352941176470588	0.013091940607053057	0.1968239509156668	0.24353793113213582	0.2137793099095285	0.23040086778420402	0.29201913030102367	0.016304347826086956	0.020967741935483872	0.12249295713131401	0.1138164275029998	0.18955569362936997	0.0	0.1349316240645954	0.024429967426710098	0.27268376503714215
ko	0.020102155480641537	0.11564303844608434	0.0034129692832764505	0.01020408163265306	0.15755062781400403	0.18661566537175295	0.20720437826157043	0.12835153754940115	0.16338160551416833	0.19049683000848464	0.1861986344159519	0.00510204081632653	0.1713483754289671	0.17185464837284914	0.1782068100153995	0.24011511307361036	1.0	0.09380281930186253	0.032393036051572635	0.008503401360544218	0.015457861804527368	0.1429020906925899	0.18685598902087833	0.16779505036686979	0.16943917602391936	0.20970223058095244	0.015152395807192106	0.02364864864864865	0.12357966906190257	0.11132913720179882	0.1615123307166529	0.0	0.10073732903343854	0.027303754266211604	0.21189457056230732
lv	0.03865719991822742	0.3529938271604938	0.006024096385542169	0.046296296296296294	0.18343521123269677	0.05891617709030515	0.14807055527254204	0.03296709972489087	0.048277079465562894	0.05879289410852276	0.243716799046574	0.02830188679245283	0.11595630658973839	0.2819915447617818	0.05556992206662918	0.09765447953721489	0.09380281930186253	1.0	0.12060949550933191	0.03756114605171209	0.07995494438447458	0.05014349274757728	0.08262149386909408	0.06148394665905552	0.09154528241625096	0.08697415290895066	0.06883881965359782	0.0625	0.12819851287343548	0.3320679067382921	0.12069050487350783	0.0	0.0811732697153273	0.08333333333333333	0.0846042832591548
mk	0.07142857142857142	0.10748283652475268	0.004629629629629629	0.08333333333333333	0.053484740384471464	0.022411954738354965	0.05230130383018265	0.012898415675652461	0.019519358105476357	0.020976307189542482	0.07346938775510203	0.06818181818181818	0.04118091048284488	0.07266074056476148	0.02107753138583714	0.029277314253458687	0.032393036051572635	0.12060949550933191	1.0	0.09900471451021477	0.12633352049410446	0.01970390107275094	0.031491345753504325	0.025343787366765666	0.03535426204490953	0.02912235450082988	0.08064516129032258	0.025423728813559324	0.06865057763261356	0.09681568431568431	0.03987511563367253	0.0	0.03338813786384119	0.049107142857142856	0.03391867309319586
ml	0.075	0.0273972602739726	0.0	0.2857142857142857	0.013422818791946308	0.005567928730512249	0.012953367875647668	0.003056234718826406	0.004553734061930784	0.005528989582249807	0.016260162601626018	0.16666666666666666	0.010312836043628064	0.018518518518518517	0.005022411771429931	0.007352941176470588	0.008503401360544218	0.03756114605171209	0.09900471451021477	1.0	0.2838983050847458	0.004655493482309125	0.00744047619047619	0.005733944954128441	0.008361204013377926	0.007668711656441718	0.058823529411764705	0.043478260869565216	0.03333333333333333	0.02318230419673884	0.00891858737722251	0.0	0.012863901018922853	0.06060606060606061	0.007621951219512195
mr	0.10208333333333333	0.05011048930980055	0.018867924528301886	0.22727272727272727	0.027440361057382335	0.0101595914458985	0.02353686287652067	0.005513995632495672	0.007259528130671506	0.008883152480806894	0.03277053462203952	0.09090909090909091	0.01876628310898828	0.038199877308225175	0.008016844061518558	0.013091940607053057	0.015457861804527368	0.07995494438447458	0.12633352049410446	0.2838983050847458	1.0	0.00842673034393288	0.013353115727002967	0.010354835441336818	0.015272628135223554	0.012318914969293293	0.07142857142857142	0.038461538461538464	0.052898825312618414	0.048316048697582464	0.01581803082894786	0.0	0.02300746281578446	0.056451612903225805	0.013754439902642397
nl	0.008272999455166971	0.06495027883060084	0.0031446540880503146	0.00558659217877095	0.12242426922720512	0.28443473304801364	0.1497962717194266	0.2674769973875178	0.25277394115695334	0.25795343292059897	0.10606125125417104	0.002793296089385475	0.20075131173871816	0.08705073891248935	0.26584985375772663	0.1968239509156668	0.1429020906925899	0.05014349274757728	0.01970390107275094	0.004655493482309125	0.00842673034393288	1.0	0.2331086987782612	0.27069577881521306	0.18481094279261964	0.2339792473060684	0.009242144177449169	0.021806853582554516	0.06804392908326452	0.06811409664329983	0.18155074842744032	0.0	0.11548630120961137	0.025157232704402517	0.22682033299121906
pl	0.013043478260869565	0.10012901651843512	0.0026109660574412533	0.008928571428571428	0.14257779198264153	0.2701184368221621	0.21154979934360307	0.201319489298124	0.2503373901698163	0.2659337157425112	0.16730987711497702	0.004464285714285714	0.24136918419067302	0.12938607770216806	0.2856223325728924	0.24353793113213582	0.18685598902087833	0.08262149386909408	0.031491345753504325	0.00744047619047619	0.013353115727002967	0.2331086987782612	1.0	0.21887389647905048	0.2198591338476663	0.29001939029860496	0.017863586913259216	0.016795865633074936	0.10561458259540749	0.11631093013353187	0.17095329834114376	0.0	0.10044411106461008	0.020887728459530026	0.23793541042923227
pt	0.017141866244542985	0.06775692144113196	0.002398081534772182	0.006880733944954129	0.10257176735519485	0.232222456851184	0.15702943720323065	0.19807305972046654	0.2564476786653698	0.25505571656876075	0.12330840041116224	0.0034403669724770644	0.21663171886748134	0.09896903761951568	0.25054231650487546	0.2137793099095285	0.16779505036686979	0.06148394665905552	0.025343787366765666	0.005733944954128441	0.010354835441336818	0.27069577881521306	0.21887389647905048	1.0	0.21174550271284995	0.21185972021957905	0.01020408163265306	0.016666666666666666	0.0819727581373933	0.07309335747823927	0.13342894638170227	0.0	0.08072082908775238	0.019184652278177457	0.19691391503819133
ro	0.018028410094750827	0.10934771499331394	0.005988023952095809	0.010033444816053512	0.12004146064388495	0.22870911091045765	0.20891503631981312	0.14959676360840785	0.19396611225452431	0.25307593774940335	0.16574026561172744	0.005016722408026756	0.2605622465336543	0.1343967484973221	0.21221364770800383	0.23040086778420402	0.16943917602391936	0.09154528241625096	0.03535426204490953	0.008361204013377926	0.015272628135223554	0.18481094279261964	0.2198591338476663	0.21174550271284995	1.0	0.2510226857195964	0.013155676209941613	0.03488372093023256	0.09687093167639582	0.10077594302308372	0.14642597932247262	0.0	0.09787143716301203	0.044642857142857144	0.22279878308632037
ru	0.014970059880239521	0.1075493951169789	0.0016051364365971107	0.009202453987730062	0.145518046044513	0.2850117062025027	0.2276431494590928	0.1966934847820493	0.2674103034903296	0.2785396250591426	0.18594707129429144	0.004601226993865031	0.23911240491773833	0.14802657779158604	0.27933458288598134	0.29201913030102367	0.20970223058095244	0.08697415290895066	0.02912235450082988	0.007668711656441718	0.012318914969293293	0.2339792473060684	0.29001939029860496	0.21185972021957905	0.2510226857195964	1.0	0.015275955171425555	0.013643659711075442	0.11207323358814093	0.10268297775546918	0.17704887517483764	0.0	0.11891860361716379	0.012841091492776886	0.2814718800896779
sh	0.07142857142857142	0.059313778240947884	0.004149377593360996	0.05555555555555555	0.02258064516129032	0.01452449567723343	0.022727272727272728	0.007956030035524022	0.010889292196007259	0.009825327510917031	0.03176993067590988	0.03125	0.014011041228644156	0.035969658659924145	0.012948207171314742	0.016304347826086956	0.015152395807192106	0.06883881965359782	0.08064516129032258	0.058823529411764705	0.07142857142857142	0.009242144177449169	0.017863586913259216	0.01020408163265306	0.013155676209941613	0.015275955171425555	1.0	0.028688524590163935	0.025252525252525252	0.06876074523700922	0.017349091503365076	0.0	0.011834319526627219	0.030991735537190084	0.015137365751762255
si	0.04054054054054054	0.059322033898305086	0.0	0.0625	0.040372670807453416	0.013131313131313131	0.03428571428571429	0.011580381471389645	0.013461538461538462	0.015180265654648957	0.02850877192982456	0.05421686746987952	0.03197674418604651	0.01891891891891892	0.011650485436893204	0.020967741935483872	0.02364864864864865	0.0625	0.025423728813559324	0.043478260869565216	0.038461538461538464	0.021806853582554516	0.016795865633074936	0.016666666666666666	0.03488372093023256	0.013643659711075442	0.028688524590163935	0.5	0.061855670103092786	0.020440251572327043	0.025830258302583026	0.03225806451612903	0.035175879396984924	0.1111111111111111	0.024054982817869417
simple	0.055565862708719854	0.1142708814028611	0.010869565217391304	0.027472527472527472	0.1476962514148745	0.08987477177382264	0.1464575513685737	0.05439296554950761	0.07258064516129033	0.0815644816634417	0.1803337761685205	0.016666666666666666	0.11231803319278469	0.1487687062868753	0.08185404777190475	0.12249295713131401	0.12357966906190257	0.12819851287343548	0.06865057763261356	0.03333333333333333	0.052898825312618414	0.06804392908326452	0.10561458259540749	0.0819727581373933	0.09687093167639582	0.11207323358814093	0.025252525252525252	0.061855670103092786	1.0	0.12047018955840304	0.12225951325177964	0.0	0.08726415094339622	0.06842105263157895	0.11149284878098437
sr	0.02	0.3211892871544225	0.0015873015873015873	0.028735632183908046	0.18163150492264415	0.08684010074337853	0.158046508758944	0.05362000594583584	0.06811503323131231	0.07581704454560106	0.2287229472730539	0.01744186046511628	0.13045922404548552	0.2512712848533744	0.07665229483452594	0.1138164275029998	0.11132913720179882	0.3320679067382921	0.09681568431568431	0.02318230419673884	0.048316048697582464	0.06811409664329983	0.11631093013353187	0.07309335747823927	0.10077594302308372	0.10268297775546918	0.06876074523700922	0.020440251572327043	0.12047018955840304	1.0	0.13113613185576642	0.0	0.08088829265478045	0.022151898734177215	0.10615625699574659
sv	0.01925648618096777	0.15401336477233266	0.0037313432835820895	0.01327433628318584	0.23869630630865962	0.16387161384560905	0.19297196699279728	0.1363570424696703	0.13378332405517412	0.15026681317145787	0.1805687434759096	0.00663716814159292	0.18436250764693043	0.15967985793455314	0.15517553002849743	0.18955569362936997	0.1615123307166529	0.12069050487350783	0.03987511563367253	0.00891858737722251	0.01581803082894786	0.18155074842744032	0.17095329834114376	0.13342894638170227	0.14642597932247262	0.17704887517483764	0.017349091503365076	0.025830258302583026	0.12225951325177964	0.13113613185576642	1.0	0.0	0.17434272512023072	0.029850746268656716	0.17552606194730247
te	0.0	0.0	0.0	0.0	0.0	0.0	0.0	0.0	0.0	0.0	0.0	0.0	0.0	0.0	0.0	0.0	0.0	0.0	0.0	0.0	0.0	0.0	0.0	0.0	0.0	0.0	0.0	0.03225806451612903	0.0	0.0	0.0	0.0	0.0	0.03333333333333333	0.0
vi	0.023668639053254437	0.09328902737240673	0.00510204081632653	0.015625	0.12962578892790028	0.09887958925816503	0.11579098979832618	0.09804261568009051	0.08189178614068002	0.0930827581665759	0.103510841888451	0.009433962264150943	0.1332198609845032	0.14007805209128701	0.1014622500746046	0.1349316240645954	0.10073732903343854	0.0811732697153273	0.03338813786384119	0.012863901018922853	0.02300746281578446	0.11548630120961137	0.10044411106461008	0.08072082908775238	0.09787143716301203	0.11891860361716379	0.011834319526627219	0.035175879396984924	0.08726415094339622	0.08088829265478045	0.17434272512023072	0.0	1.0	0.04081632653061224	0.12756390788932953
war	0.07352941176470588	0.10185185185185185	0.0	0.15	0.050955414012738856	0.01524390243902439	0.03757225433526012	0.010899182561307902	0.015473887814313346	0.015209125475285171	0.03333333333333333	0.06172839506172839	0.03529411764705882	0.021798365122615803	0.013671875	0.024429967426710098	0.027303754266211604	0.08333333333333333	0.049107142857142856	0.06060606060606061	0.056451612903225805	0.025157232704402517	0.020887728459530026	0.019184652278177457	0.044642857142857144	0.012841091492776886	0.030991735537190084	0.1111111111111111	0.06842105263157895	0.022151898734177215	0.029850746268656716	0.03333333333333333	0.04081632653061224	0.5	0.027777777777777776
zh	0.018041113458752756	0.10581607478296363	0.003472222222222222	0.009146341463414634	0.15705030417479132	0.26837004363707295	0.20890675613317478	0.20080366279968498	0.24203677562617038	0.23346553920798646	0.1714375623106622	0.004573170731707317	0.19651170952379282	0.15272148315550294	0.25327548434569064	0.27268376503714215	0.21189457056230732	0.0846042832591548	0.03391867309319586	0.007621951219512195	0.013754439902642397	0.22682033299121906	0.23793541042923227	0.19691391503819133	0.22279878308632037	0.2814718800896779	0.015137365751762255	0.024054982817869417	0.11149284878098437	0.10615625699574659	0.17552606194730247	0.0	0.12756390788932953	0.027777777777777776	1.0
