arz	bs	ceb	ckb	da	de	el	en	es	fr	he	hi	hu	id	it	ja	ko	lv	mk	ml	mr	nl	pl	pt	ro	ru	sh	si	simple	sr	sv	te	tr	vi	war	zh
arz	1.0	0.585786437626905	1.0	1.0	0.585786437626905	1.0	1.0	1.0	1.0	1.0	1.0	1.0	1.0	1.0	1.0	1.0	1.0	1.0	1.0	1.0	1.0	0.585786437626905	1.0	1.0	1.0	1.0	1.0	1.0	1.0	1.0	1.0	1.0	1.0	1.0	1.0	1.0
bs	0.585786437626905	1.0	0.585786437626905	0.18822566650963435	0.016556348797848366	0.011601249753996732	0.01709941911646673	0.03156656611471121	0.013166972887806813	0.01209337691028775	0.01551429625176912	0.017181430986056862	0.013789324054749842	0.024718491544424452	0.018356372904624663	0.012403236622429014	0.015399694699355848	0.016371358583879437	0.020281614579165896	0.02713111261575446	0.22849890415642563	0.013154395627173986	0.014569279664423609	0.010890857700919425	0.023028162174829513	0.012054378457207611	0.011557752730736722	0.23800671553691075	0.017684347872553324	0.010715944526402732	0.012655866855776597	0.06366071663439693	0.1132475625011414	0.01570572494111617	0.05214718086707626	0.011816017223075298
ceb	1.0	0.585786437626905	1.0	1.0	1.0	1.0	1.0	1.0	1.0	1.0	1.0	1.0	1.0	1.0	1.0	1.0	1.0	1.0	1.0	1.0	1.0	0.585786437626905	1.0	1.0	1.0	1.0	1.0	1.0	1.0	1.0	1.0	1.0	-1.0	1.0	1.0	1.0
ckb	1.0	0.18822566650963435	1.0	1.0	0.3430703308172536	0.585786437626905	1.0	0.34833147735478825	0.585786437626905	0.5	1.0	1.0	0.4142135623730951	0.2612038749637414	0.28989794855663564	1.0	1.0	0.5	1.0	1.0	1.0	0.5	0.4142135623730951	1.0	0.39564392373896007	1.0	0.585786437626905	1.0	0.39564392373896007	0.5	0.585786437626905	1.0	1.0	0.44948974278317805	1.0	1.0
da	0.585786437626905	0.016556348797848366	1.0	0.3430703308172536	1.0	0.010800391855484322	0.0232704217176963	0.01215873832789213	0.0115859270209458	0.010961009738055026	0.0182838228916376	0.040175523476314506	0.01184212942009831	0.014479086762414599	0.012412162060381513	0.012248048694011247	0.016719293876311634	0.02492608164887561	0.05351286512216586	0.12043886815418244	0.4142135623730951	0.011212331698028988	0.01171283644678191	0.010138227724879306	0.01231126180121161	0.010169757165724895	0.009851667683439024	0.3266316347104093	0.023557538102752358	0.010021817805598663	0.010370345607071244	0.19367338768973055	0.17333475191094183	0.01348402614879334	0.23874775399470893	0.012395008084197932
de	1.0	0.011601249753996732	1.0	0.585786437626905	0.010800391855484322	1.0	0.05067826522583321	0.004794380905880814	0.003819288312965563	0.0043290872668760964	0.08039722688972267	0.05064651230284756	0.004223246203848957	0.005542498175517648	0.004398340075610175	0.0026946849308550247	0.03377378079857821	0.020014822464960634	0.15384615384615385	0.1987625491245426	0.585786437626905	0.00430990508963094	0.004105743304633633	0.004853800525993244	0.006527946155958114	0.008486757227089298	0.004127764428616509	1.0	0.009924829078444516	0.004035224462896247	0.005076301527803017	0.24336073281110826	0.16736577623297264	0.0042171495850252955	0.3660254037844386	0.0031831253689942195
el	1.0	0.01709941911646673	1.0	1.0	0.0232704217176963	0.05067826522583321	1.0	0.0065246550728056225	0.03953402752273371	0.008773292032171599	0.44948974278317805	1.0	0.009469144050034019	0.008995298223914821	0.007188569307667354	1.0	1.0	0.07891029596989835	1.0	1.0	1.0	0.01048965714446917	0.007831534410759552	0.04738376774019963	0.011030632027273855	1.0	0.009845177559655728	1.0	0.026145281829256527	0.01230009002965763	0.014182808370589465	1.0	1.0	0.009058621684743681	0.5	1.0
en	1.0	0.03156656611471121	1.0	0.34833147735478825	0.01215873832789213	0.004794380905880814	0.0065246550728056225	1.0	0.0071335315140853926	0.010682824955114755	0.007125093993176847	0.006735448305239342	0.016685289010372115	0.036752405715286846	0.015760638042136756	0.0025682007643036257	0.00527885548681341	0.008228411568443027	0.011498686950041123	0.017746951795875956	0.2012628451930092	0.0104819502918917	0.019838212377789	0.005815188997109162	0.023004637614627614	0.0036163885910061016	0.011681770610431255	0.30216947925196225	0.00968408872289406	0.012045046494594886	0.012637632981181968	0.07837300989492894	0.10919476080026345	0.020847593558491282	0.08762065125020864	0.002811989706871223
es	1.0	0.013166972887806813	1.0	0.585786437626905	0.0115859270209458	0.003819288312965563	0.03953402752273371	0.0071335315140853926	1.0	0.005830727281934418	0.04627746409749458	0.05867989292856158	0.005120074532945934	0.006183645032285187	0.006609697653377596	0.0032391052448253973	0.013838786386295933	0.0198804694676586	0.12528000045831353	0.1607677430268676	0.44948974278317805	0.005458364810551087	0.006146815926684476	0.005781892684371628	0.007320653504030682	0.006280017736584248	0.00564218236058895	0.585786437626905	0.01071147824165492	0.005572358947155991	0.0056809862128900665	0.2612038749637414	0.22890405674553568	0.00586465489251014	0.3090169943749474	0.0038310681542825104
fr	1.0	0.01209337691028775	1.0	0.5	0.010961009738055026	0.0043290872668760964	0.008773292032171599	0.010682824955114755	0.005830727281934418	1.0	0.012053772889002333	0.00960007196203954	0.008160406782495251	0.00963643782210181	0.010850070947216236	0.002704577376755132	0.006301723365616625	0.011585124561543045	0.03719072486692302	0.08869340238443449	0.27429188517743175	0.008283353291918333	0.010305073190734886	0.005227358780452097	0.009047783225289884	0.0039341012356388675	0.009446934646859532	0.36602540378443865	0.010122162354679385	0.009371808450929496	0.008140239790419817	0.16449072740645634	0.15741304565006056	0.009258856943815055	0.2025519956555797	0.0029105928169949097
he	1.0	0.01551429625176912	1.0	1.0	0.0182838228916376	0.08039722688972267	0.44948974278317805	0.007125093993176847	0.04627746409749458	0.012053772889002333	1.0	0.44948974278317805	0.010221138827183108	0.009310063021492824	0.007773161809916099	0.3660254037844386	0.5	0.07260228676817972	0.585786437626905	0.585786437626905	1.0	0.01863136231628002	0.00776367142738722	0.0638849772618132	0.011611312299828423	0.34833147735478825	0.009893390477324694	1.0	0.029782926456197272	0.01419885835175615	0.013238785901848626	0.585786437626905	0.39564392373896007	0.009188414721130949	0.44948974278317805	0.3660254037844386
hi	1.0	0.017181430986056862	1.0	1.0	0.040175523476314506	0.05064651230284756	1.0	0.006735448305239342	0.05867989292856158	0.00960007196203954	0.44948974278317805	1.0	0.013055968881773686	0.009630430294593673	0.007325843562956587	1.0	1.0	0.09908719752641515	1.0	1.0	1.0	0.01036420059627439	0.009059278122883768	0.0697497027185817	0.011309375737011271	1.0	0.011499777782926615	1.0	0.03651476073867764	0.014777742760700782	0.037714925606686385	1.0	0.5	0.01069563273937838	0.5	1.0
hu	1.0	0.013789324054749842	1.0	0.4142135623730951	0.01184212942009831	0.004223246203848957	0.009469144050034019	0.016685289010372115	0.005120074532945934	0.008160406782495251	0.010221138827183108	0.013055968881773686	1.0	0.011228236860600756	0.013446168884026772	0.004221606791058084	0.007177415618386837	0.011411966133645243	0.04885693739135393	0.09837531795074314	0.26968623182294527	0.008219561183670418	0.012726161699151795	0.006217174940839171	0.01106934538161494	0.005608499198243585	0.009859753840128006	0.44948974278317805	0.01181979765021108	0.00865468518836537	0.009177904009372854	0.1896812679802183	0.39564392373896007	0.009557430020941733	0.18368518446174903	0.004522333298687313
id	1.0	0.024718491544424452	1.0	0.2612038749637414	0.014479086762414599	0.005542498175517648	0.008995298223914821	0.036752405715286846	0.006183645032285187	0.00963643782210181	0.009310063021492824	0.009630430294593673	0.011228236860600756	1.0	0.01986313754469048	0.0059526840623105185	0.007459391222320469	0.010194556835304798	0.015088777678845056	0.021532108076553806	0.17716344731956749	0.008587682727126986	0.018099209123530097	0.007040206619258819	0.020463105047155847	0.0066641513156197535	0.010455178882651952	0.3430703308172536	0.010238119597955233	0.009748507576693016	0.009659008037229836	0.06729468566199329	0.14548268842493628	0.01590226610446144	0.14102429177663225	0.006189453691149775
it	1.0	0.018356372904624663	1.0	0.28989794855663564	0.012412162060381513	0.004398340075610175	0.007188569307667354	0.015760638042136756	0.006609697653377596	0.010850070947216236	0.007773161809916099	0.007325843562956587	0.013446168884026772	0.01986313754469048	1.0	0.0030208675382118687	0.005951999099919237	0.008988964167435975	0.018068679360577874	0.034667860965930414	0.2708131845707603	0.01037256679656781	0.01750374336319488	0.005706741728629164	0.01765395934774802	0.004152829190059728	0.014230667667309663	0.5	0.010127929107825475	0.012335836989264813	0.010302523155984868	0.12077134402462537	0.23441237831492112	0.016936572941133175	0.11038975572966028	0.003193178112253677
ja	1.0	0.012403236622429014	1.0	1.0	0.012248048694011247	0.0026946849308550247	1.0	0.0025682007643036257	0.0032391052448253973	0.002704577376755132	0.3660254037844386	1.0	0.004221606791058084	0.0059526840623105185	0.0030208675382118687	1.0	1.0	0.023755440474326005	1.0	1.0	1.0	0.003178320787347783	0.0033445776255894718	0.0063255767681493925	0.006427023770710299	0.44948974278317805	0.0031842569262148547	1.0	0.011745638991645985	0.003329444623375599	0.005549254300704086	1.0	0.3333333333333333	0.004406856256907248	0.5	1.0
ko	1.0	0.015399694699355848	1.0	1.0	0.016719293876311634	0.03377378079857821	1.0	0.00527885548681341	0.013838786386295933	0.006301723365616625	0.5	1.0	0.007177415618386837	0.007459391222320469	0.005951999099919237	1.0	1.0	0.039550038052526736	1.0	1.0	1.0	0.007293995213694858	0.006386477134334414	0.03354000281926422	0.008470449874580663	0.5	0.007265050195053518	1.0	0.025338542553482384	0.008300781028263817	0.008761314427864259	1.0	0.3164309725825328	0.00799143811912373	0.5	1.0
lv	1.0	0.016371358583879437	1.0	0.5	0.02492608164887561	0.020014822464960634	0.07891029596989835	0.008228411568443027	0.0198804694676586	0.011585124561543045	0.07260228676817972	0.09908719752641515	0.011411966133645243	0.010194556835304798	0.008988964167435975	0.023755440474326005	0.039550038052526736	1.0	0.14923419446018063	0.18368518446174903	0.5	0.013844170201182936	0.008832375434694442	0.03499335664595907	0.0119911729263655	0.039937648125661945	0.013977147784871129	0.585786437626905	0.039300331046180456	0.01565250006670809	0.02120067743522108	0.32449979983983984	0.3333333333333333	0.011463767750738693	0.20521309615767264	0.02477201428289574
mk	1.0	0.020281614579165896	1.0	1.0	0.05351286512216586	0.15384615384615385	1.0	0.011498686950041123	0.12528000045831353	0.03719072486692302	0.585786437626905	1.0	0.04885693739135393	0.015088777678845056	0.018068679360577874	1.0	1.0	0.14923419446018063	1.0	1.0	1.0	0.052491084932015625	0.01631654908254447	0.11978243827074593	0.01746253865165321	1.0	0.05829036315924428	1.0	0.11757024396623737	0.05212611404240994	0.047256704602411576	1.0	0.585786437626905	0.029883257267482633	0.585786437626905	1.0
ml	1.0	0.02713111261575446	1.0	1.0	0.12043886815418244	0.1987625491245426	1.0	0.017746951795875956	0.1607677430268676	0.08869340238443449	0.585786437626905	1.0	0.09837531795074314	0.021532108076553806	0.034667860965930414	1.0	1.0	0.18368518446174903	1.0	1.0	1.0	0.12077134402462537	0.048237215131564495	0.17740532915843182	0.06068971663349978	1.0	0.11123994497832239	1.0	0.10369418222795229	0.09917731364776043	0.10797555124058221	1.0	0.585786437626905	0.07611453966302106	0.585786437626905	1.0
mr	1.0	0.22849890415642563	1.0	1.0	0.4142135623730951	0.585786437626905	1.0	0.2012628451930092	0.44948974278317805	0.27429188517743175	1.0	1.0	0.26968623182294527	0.17716344731956749	0.2708131845707603	1.0	1.0	0.5	1.0	1.0	1.0	0.24210172369314836	0.21209649407822986	0.5	0.38742588672279304	1.0	0.39564392373896	1.0	0.4364916731037085	0.4142135623730951	0.33333333333333326	1.0	1.0	0.3090169943749474	0.585786437626905	1.0
nl	0.585786437626905	0.013154395627173986	0.585786437626905	0.5	0.011212331698028988	0.00430990508963094	0.01048965714446917	0.0104819502918917	0.005458364810551087	0.008283353291918333	0.01863136231628002	0.01036420059627439	0.008219561183670418	0.008587682727126986	0.01037256679656781	0.003178320787347783	0.007293995213694858	0.013844170201182936	0.052491084932015625	0.12077134402462537	0.24210172369314836	1.0	0.009202071170052553	0.0054687834207560945	0.009098836779119535	0.005033801132958867	0.00849299093385702	0.36602540378443865	0.010819247053198353	0.00750822285462403	0.0076681162941078735	0.1757340838011157	0.06633709694960545	0.00866275100539969	0.24002294646713998	0.0034211498269720816
pl	1.0	0.014569279664423609	1.0	0.4142135623730951	0.01171283644678191	0.004105743304633633	0.007831534410759552	0.019838212377789	0.006146815926684476	0.010305073190734886	0.00776367142738722	0.009059278122883768	0.012726161699151795	0.018099209123530097	0.01750374336319488	0.0033445776255894718	0.006386477134334414	0.008832375434694442	0.01631654908254447	0.048237215131564495	0.21209649407822986	0.009202071170052553	1.0	0.005705143278027219	0.015038472879292381	0.00460532580149003	0.012448745481349933	0.39564392373896007	0.010242955972701286	0.012027621575180045	0.010683182842237678	0.09464710756745298	0.1876127897984334	0.014978150125639432	0.15055471221417036	0.003763555313865389
pt	1.0	0.010890857700919425	1.0	1.0	0.010138227724879306	0.004853800525993244	0.04738376774019963	0.005815188997109162	0.005781892684371628	0.005227358780452097	0.0638849772618132	0.0697497027185817	0.006217174940839171	0.007040206619258819	0.005706741728629164	0.0063255767681493925	0.03354000281926422	0.03499335664595907	0.11978243827074593	0.17740532915843182	0.5	0.0054687834207560945	0.005705143278027219	1.0	0.005725780091937888	0.0039628435955568605	0.0060401064203233655	0.585786437626905	0.019027795815459436	0.005784580101557466	0.005119294719814879	0.20521309615767266	0.19292728076790167	0.006419226992152782	0.33333333333333326	0.006849439509868104
ro	1.0	0.023028162174829513	1.0	0.39564392373896007	0.01231126180121161	0.006527946155958114	0.011030632027273855	0.023004637614627614	0.007320653504030682	0.009047783225289884	0.011611312299828423	0.011309375737011271	0.01106934538161494	0.020463105047155847	0.01765395934774802	0.006427023770710299	0.008470449874580663	0.0119911729263655	0.01746253865165321	0.06068971663349978	0.38742588672279304	0.009098836779119535	0.015038472879292381	0.005725780091937888	1.0	0.0051079616311342085	0.012523443324020117	0.32449979983983984	0.013269477019101	0.009521358643996704	0.010358541386495595	0.11366948956266174	0.38742588672279304	0.012646476469023964	0.14037600977966974	0.006699150994455799
ru	1.0	0.012054378457207611	1.0	1.0	0.010169757165724895	0.008486757227089298	1.0	0.0036163885910061016	0.006280017736584248	0.0039341012356388675	0.34833147735478825	1.0	0.005608499198243585	0.0066641513156197535	0.004152829190059728	0.44948974278317805	0.5	0.039937648125661945	1.0	1.0	1.0	0.005033801132958867	0.00460532580149003	0.0039628435955568605	0.0051079616311342085	1.0	0.002580885514760882	1.0	0.016482251702933038	0.0025190058762063258	0.004027913912407151	1.0	0.20521309615767264	0.005805108809237917	0.5	0.4142135623730951
sh	1.0	0.011557752730736722	1.0	0.585786437626905	0.009851667683439024	0.004127764428616509	0.009845177559655728	0.011681770610431255	0.00564218236058895	0.009446934646859532	0.009893390477324694	0.011499777782926615	0.009859753840128006	0.010455178882651952	0.014230667667309663	0.0031842569262148547	0.007265050195053518	0.013977147784871129	0.05829036315924428	0.11123994497832239	0.39564392373896	0.00849299093385702	0.012448745481349933	0.0060401064203233655	0.012523443324020117	0.002580885514760882	1.0	0.585786437626905	0.013007437752802477	0.013314385338047643	0.01007887938817197	0.14251828359649232	0.35388936786452296	0.010108648625242658	0.2	0.0034477873813987454
si	1.0	0.23800671553691075	1.0	1.0	0.3266316347104093	1.0	1.0	0.30216947925196225	0.585786437626905	0.36602540378443865	1.0	1.0	0.44948974278317805	0.3430703308172536	0.5	1.0	1.0	0.585786437626905	1.0	1.0	1.0	0.36602540378443865	0.39564392373896007	0.585786437626905	0.32449979983983984	1.0	0.585786437626905	1.0	0.585786437626905	0.39564392373896007	0.38742588672279304	1.0	1.0	0.2958163163244893	1.0	1.0
simple	1.0	0.017684347872553324	1.0	0.39564392373896007	0.023557538102752358	0.009924829078444516	0.026145281829256527	0.00968408872289406	0.01071147824165492	0.010122162354679385	0.029782926456197272	0.03651476073867764	0.01181979765021108	0.010238119597955233	0.010127929107825475	0.011745638991645985	0.025338542553482384	0.039300331046180456	0.11757024396623737	0.10369418222795229	0.4364916731037085	0.010819247053198353	0.010242955972701286	0.019027795815459436	0.013269477019101	0.016482251702933038	0.013007437752802477	0.585786437626905	1.0	0.013491896778337552	0.016697860052435877	0.13175168477671106	0.20942771453851886	0.00992774627882449	0.1907435698305462	0.01053930622855653
sr	1.0	0.010715944526402732	1.0	0.5	0.010021817805598663	0.004035224462896247	0.01230009002965763	0.012045046494594886	0.005572358947155991	0.009371808450929496	0.01419885835175615	0.014777742760700782	0.00865468518836537	0.009748507576693016	0.012335836989264813	0.003329444623375599	0.008300781028263817	0.01565250006670809	0.05212611404240994	0.09917731364776043	0.4142135623730951	0.00750822285462403	0.012027621575180045	0.005784580101557466	0.009521358643996704	0.0025190058762063258	0.013314385338047643	0.39564392373896007	0.013491896778337552	1.0	0.010026036482573754	0.10664898190967771	0.3534797987848214	0.009252381587744317	0.18464218557642828	0.0034213342555415986
sv	1.0	0.012655866855776597	1.0	0.585786437626905	0.010370345607071244	0.005076301527803017	0.014182808370589465	0.012637632981181968	0.0056809862128900665	0.008140239790419817	0.013238785901848626	0.037714925606686385	0.009177904009372854	0.009659008037229836	0.010302523155984868	0.005549254300704086	0.008761314427864259	0.02120067743522108	0.047256704602411576	0.10797555124058221	0.33333333333333326	0.0076681162941078735	0.010683182842237678	0.005119294719814879	0.010358541386495595	0.004027913912407151	0.01007887938817197	0.38742588672279304	0.016697860052435877	0.010026036482573754	1.0	0.15072240113145766	0.28989794855663564	0.00928067766787016	0.2553967929896867	0.005859015297495594
te	1.0	0.06366071663439693	1.0	1.0	0.19367338768973055	0.24336073281110826	1.0	0.07837300989492894	0.2612038749637414	0.16449072740645634	0.585786437626905	1.0	0.1896812679802183	0.06729468566199329	0.12077134402462537	1.0	1.0	0.32449979983983984	1.0	1.0	1.0	0.1757340838011157	0.09464710756745298	0.20521309615767266	0.11366948956266174	1.0	0.14251828359649232	1.0	0.13175168477671106	0.10664898190967771	0.15072240113145766	1.0	0.5	0.11696132920126338	0.585786437626905	1.0
tr	1.0	0.1132475625011414	-1.0	1.0	0.17333475191094183	0.16736577623297264	1.0	0.10919476080026345	0.22890405674553568	0.15741304565006056	0.39564392373896007	0.5	0.39564392373896007	0.14548268842493628	0.23441237831492112	0.3333333333333333	0.3164309725825328	0.3333333333333333	0.585786437626905	0.585786437626905	1.0	0.06633709694960545	0.1876127897984334	0.19292728076790167	0.38742588672279304	0.20521309615767264	0.35388936786452296	1.0	0.20942771453851886	0.3534797987848214	0.28989794855663564	0.5	1.0	0.36602540378443865	1.0	0.3430703308172536
vi	1.0	0.01570572494111617	1.0	0.44948974278317805	0.01348402614879334	0.0042171495850252955	0.009058621684743681	0.020847593558491282	0.00586465489251014	0.009258856943815055	0.009188414721130949	0.01069563273937838	0.009557430020941733	0.01590226610446144	0.016936572941133175	0.004406856256907248	0.00799143811912373	0.011463767750738693	0.029883257267482633	0.07611453966302106	0.3090169943749474	0.00866275100539969	0.014978150125639432	0.006419226992152782	0.012646476469023964	0.005805108809237917	0.010108648625242658	0.2958163163244893	0.00992774627882449	0.009252381587744317	0.00928067766787016	0.11696132920126338	0.36602540378443865	1.0	0.16871963300535997	0.00442840230081981
war	1.0	0.05214718086707626	1.0	1.0	0.23874775399470893	0.3660254037844386	0.5	0.08762065125020864	0.3090169943749474	0.2025519956555797	0.44948974278317805	0.5	0.18368518446174903	0.14102429177663225	0.11038975572966028	0.5	0.5	0.20521309615767264	0.585786437626905	0.585786437626905	0.585786437626905	0.24002294646713998	0.15055471221417036	0.33333333333333326	0.14037600977966974	0.5	0.2	1.0	0.1907435698305462	0.18464218557642828	0.2553967929896867	0.585786437626905	1.0	0.16871963300535997	1.0	0.44948974278317805
zh	1.0	0.011816017223075298	1.0	1.0	0.012395008084197932	0.0031831253689942195	1.0	0.002811989706871223	0.0038310681542825104	0.0029105928169949097	0.3660254037844386	1.0	0.004522333298687313	0.006189453691149775	0.003193178112253677	1.0	1.0	0.02477201428289574	1.0	1.0	1.0	0.0034211498269720816	0.003763555313865389	0.006849439509868104	0.006699150994455799	0.4142135623730951	0.0034477873813987454	1.0	0.01053930622855653	0.0034213342555415986	0.005859015297495594	1.0	0.3430703308172536	0.00442840230081981	0.44948974278317805	1.0
