arz	bs	ceb	ckb	da	de	el	en	es	fr	he	hi	hu	id	it	ja	ko	lv	mk	ml	mr	nl	pl	pt	ro	ru	sh	si	simple	sr	sv	te	tr	vi	war	zh
arz	1.0	0.5183673469387755	0.515748031496063	0.699724517906336	0.5182186234817814	0.5164835164835164	0.6967418546365916	0.5135135135135135	0.5164835164835164	0.5140186915887851	0.6991869918699187	0.7005649717514124	0.5166051660516605	0.5163636363636364	0.5179282868525896	0.6974358974358974	0.6936936936936937	0.5183673469387755	0.699724517906336	0.699724517906336	0.699724517906336	0.5182186234817814	0.5175097276264592	0.5175097276264592	0.5177865612648221	0.6974358974358974	0.5183673469387755	0.7407407407407407	0.5179282868525896	0.6991869918699187	0.5151515151515151	0.7030716723549488	0.5263157894736842	0.5175097276264592	0.5183673469387755	0.5171102661596958
bs	0.5183673469387755	1.0	0.9191113833801844	0.6666666666666666	0.9675057315160528	0.8953469875170706	0.656084656084656	0.7829826217958873	0.874939036212814	0.7983049072082825	0.664804469273743	0.6638176638176638	0.7681856793788918	0.8911743950738171	0.9660226246529388	0.6586021505376344	0.6446078431372549	0.8782048652418263	0.6666666666666666	0.6666666666666666	0.6666666666666666	0.9755296413688124	0.9397517318091086	0.7232098436914453	0.9512255154391729	0.6586021505376344	0.7271736297068652	0.5580524344569289	0.9641066406937948	0.664804469273743	0.841068979687857	0.6385542168674699	0.5873015873015873	0.914859273046569	0.666966584189348	0.6887773183812282
ceb	0.515748031496063	0.9191113833801844	1.0	0.6575342465753424	0.9197728892710914	0.90800206253177	0.6596858638743456	0.7909954528764357	0.8864411485023855	0.8080511680945214	0.6594005449591281	0.6546961325966851	0.7673020063632007	0.9040180984517723	0.9280325611286225	0.6622340425531914	0.6480582524271845	0.8359788275522124	0.6575342465753424	0.6575342465753424	0.6575342465753424	0.9260689332841167	0.9441840187172736	0.7216647401365291	0.9246582892566979	0.6622340425531914	0.7093843676776669	0.5543478260869565	0.9369319746626273	0.6594005449591281	0.8521949139559186	0.6334310850439883	-1.0	0.919048162608981	0.6578162131255919	0.6924039486490244
ckb	0.699724517906336	0.6666666666666666	0.6575342465753424	1.0	0.6657303370786517	0.6544502617801047	0.9763779527559056	0.6334841628959276	0.6544502617801047	0.6372093023255814	0.99581589958159	0.9936034115138592	0.6552631578947369	0.6536458333333334	0.663888888888889	0.9819639278557114	0.9511754068716095	0.6666666666666666	1.0	1.0	1.0	0.6657303370786517	0.6612021857923497	0.6612021857923497	0.6629834254143646	0.9819639278557114	0.6666666666666666	0.7740259740259741	0.663888888888889	0.99581589958159	0.645320197044335	0.9380530973451326	0.5348837209302326	0.6612021857923497	0.6666666666666666	0.6586021505376344
da	0.5182186234817814	0.9675057315160528	0.9197728892710914	0.6657303370786517	1.0	0.896208954931058	0.6569920844327176	0.7827281957374748	0.8753692488397634	0.7992036762620232	0.6657381615598886	0.6628895184135978	0.7694683891266451	0.8916382917000762	0.9662909375975158	0.6595174262734586	0.6454767726161369	0.8713817358346742	0.6657303370786517	0.6657303370786517	0.6657303370786517	0.9642854885435871	0.9401494363831226	0.7245842245781919	0.9519463624129345	0.6595174262734586	0.7252813539943158	0.5576208178438662	0.9643257935564683	0.6657381615598886	0.8406083291237426	0.6396396396396395	0.582089552238806	0.9156275243986832	0.6659648267590602	0.6891229175606179
de	0.5164835164835164	0.8953469875170706	0.90800206253177	0.6544502617801047	0.896208954931058	1.0	0.6649746192893401	0.817405373189246	0.9063861709958045	0.8353594306637271	0.65625	0.6517150395778364	0.7831669990235467	0.9155885435078688	0.9046412294570041	0.6590330788804072	0.6563981042654029	0.8169280873464786	0.6544502617801047	0.6544502617801047	0.6544502617801047	0.9023592429185686	0.9181680137814587	0.7123957813852386	0.9104699711055992	0.6624040920716113	0.7010695207687349	0.5525423728813559	0.9119562170459854	0.65625	0.8857513813394828	0.6312849162011173	0.5394736842105263	0.8951697706055731	0.6546708562006068	0.6863258641522222
el	0.6967418546365916	0.656084656084656	0.6596858638743456	0.9763779527559056	0.6569920844327176	0.6649746192893401	1.0	0.6431718061674009	0.6649746192893401	0.6470588235294118	0.9803921568627451	0.9702970297029704	0.6624365482233503	0.6624685138539043	0.6570680628272252	0.9865642994241843	0.9734513274336283	0.656084656084656	0.9763779527559056	0.9763779527559056	0.9763779527559056	0.6569920844327176	0.6614583333333334	0.6597402597402597	0.6596858638743456	0.9941972920696325	0.656084656084656	0.7648456057007126	0.6587926509186351	0.9803921568627451	0.6555023923444976	0.9256198347107438	0.5576923076923077	0.6614583333333334	0.656084656084656	0.6606683804627249
en	0.5135135135135135	0.7829826217958873	0.7909954528764357	0.6334841628959276	0.7827281957374748	0.817405373189246	0.6431718061674009	1.0	0.801978066774046	0.8673115007929504	0.6351351351351351	0.6309794988610479	0.7189435640580509	0.8201398620725145	0.7939478340802022	0.6407982261640798	0.6545842217484008	0.7355710594791542	0.6334841628959276	0.6334841628959276	0.6334841628959276	0.787427516662099	0.7975591380546249	0.6728617015908589	0.7924829592137236	0.6407982261640798	0.6629214956940316	0.543661971830986	0.7937497517068738	0.6351351351351351	0.8445391470209678	0.6124401913875598	0.5460042081550603	0.7829974512410776	0.6336505580846346	0.6578389805726441
es	0.5164835164835164	0.874939036212814	0.8864411485023855	0.6544502617801047	0.8753692488397634	0.9063861709958045	0.6649746192893401	0.801978066774046	1.0	0.8190145683042657	0.65625	0.6517150395778364	0.7750765936378416	0.9010284890779512	0.8825291347284613	0.6590330788804072	0.6563981042654029	0.8081444821010163	0.6544502617801047	0.6544502617801047	0.6544502617801047	0.8805233607814188	0.8952882758316318	0.7108929631345177	0.8880692763162571	0.6624040920716113	0.701467188448474	0.5525423728813559	0.8894995813851285	0.65625	0.8645422423988658	0.6312849162011173	0.550561797752809	0.8755799232011604	0.6547015267474513	0.6856063449397222
fr	0.5140186915887851	0.7983049072082825	0.8080511680945214	0.6372093023255814	0.7992036762620232	0.8353594306637271	0.6470588235294118	0.8673115007929504	0.8190145683042657	1.0	0.638888888888889	0.6346604215456675	0.72981035193861	0.8385558876748688	0.8103332109093211	0.6446469248291572	0.6557734204793028	0.7464256136455745	0.6372093023255814	0.6372093023255814	0.6372093023255814	0.8025503494326687	0.8145853777774273	0.6770147051072577	0.8088403803507086	0.6446469248291572	0.6682331874657105	0.5451895043731778	0.8099119760116799	0.638888888888889	0.8647798742138365	0.6157635467980295	0.5458937198067633	0.7981917549423116	0.6373653623774675	0.6630464867090026
he	0.6991869918699187	0.664804469273743	0.6594005449591281	0.99581589958159	0.6657381615598886	0.65625	0.9803921568627451	0.6351351351351351	0.65625	0.638888888888889	1.0	0.9894736842105263	0.6570680628272252	0.655440414507772	0.6657458563535912	0.9860279441117764	0.9549549549549549	0.664804469273743	0.99581589958159	0.99581589958159	0.99581589958159	0.663888888888889	0.6630434782608696	0.6630434782608696	0.6648351648351649	0.9860279441117764	0.664804469273743	0.7723785166240409	0.6657458563535912	1.0	0.6470588235294118	0.9427312775330396	0.5555555555555556	0.6630434782608696	0.664804469273743	0.6604278074866311
hi	0.7005649717514124	0.6638176638176638	0.6546961325966851	0.9936034115138592	0.6628895184135978	0.6517150395778364	0.9702970297029704	0.6309794988610479	0.6517150395778364	0.6346604215456675	0.9894736842105263	1.0	0.6525198938992043	0.6509186351706038	0.6610644257703081	0.9758064516129034	0.9454545454545454	0.6638176638176638	0.9936034115138592	0.9936034115138592	0.9936034115138592	0.6628895184135978	0.6584022038567493	0.6584022038567493	0.6601671309192201	0.9758064516129034	0.6638176638176638	0.776595744680851	0.6610644257703081	0.9894736842105263	0.6426799007444168	0.9351230425055929	0.5636363636363636	0.6584022038567493	0.6638176638176638	0.6558265582655826
hu	0.5166051660516605	0.7681856793788918	0.7673020063632007	0.6552631578947369	0.7694683891266451	0.7831669990235467	0.6624365482233503	0.7189435640580509	0.7750765936378416	0.72981035193861	0.6570680628272252	0.6525198938992043	1.0	0.7719513284929551	0.7707523751348401	0.6564885496183206	0.655581947743468	0.7490894956551372	0.6552631578947369	0.6552631578947369	0.6552631578947369	0.7712792991241626	0.7700078587678938	0.7011804864172949	0.775795136845959	0.659846547314578	0.6928169965697994	0.552901023890785	0.7747383761613283	0.6570680628272252	0.7556716875231098	0.6320224719101124	0.5441176470588236	0.7649824405228223	0.6556540823392137	0.6795027813303425
id	0.5163636363636364	0.8911743950738171	0.9040180984517723	0.6536458333333334	0.8916382917000762	0.9155885435078688	0.6624685138539043	0.8201398620725145	0.9010284890779512	0.8385558876748688	0.655440414507772	0.6509186351706038	0.7719513284929551	1.0	0.9084236690642937	0.6598984771573604	0.657210401891253	0.8136349373247203	0.6536458333333334	0.6536458333333334	0.6536458333333334	0.89737998482993	0.9132260368356325	0.7101677486437101	0.9054056904199305	0.6615776081424937	0.6998672223163406	0.5521885521885521	0.9071621497943385	0.655440414507772	0.888413527776832	0.6305555555555556	0.5795454545454545	0.8899222927854571	0.6538904419347223	0.6871708051166291
it	0.5179282868525896	0.9660226246529388	0.9280325611286225	0.663888888888889	0.9662909375975158	0.9046412294570041	0.6570680628272252	0.7939478340802022	0.8825291347284613	0.8103332109093211	0.6657458563535912	0.6610644257703081	0.7707523751348401	0.9084236690642937	1.0	0.6613333333333333	0.6472019464720196	0.8664004860717325	0.663888888888889	0.663888888888889	0.663888888888889	0.9626954647195751	0.9490512595359241	0.7244869646878035	0.9614965859228366	0.6595744680851063	0.7213595515714176	0.5567765567765568	0.974418278883718	0.6657458563535912	0.855369068230077	0.6398809523809524	0.5570469798657718	0.9228929058777944	0.6641357084634817	0.6918252529057691
ja	0.6974358974358974	0.6586021505376344	0.6622340425531914	0.9819639278557114	0.6595174262734586	0.6590330788804072	0.9865642994241843	0.6407982261640798	0.6590330788804072	0.6446469248291572	0.9860279441117764	0.9758064516129034	0.6564885496183206	0.6598984771573604	0.6613333333333333	1.0	0.9645390070921985	0.6586021505376344	0.9819639278557114	0.9819639278557114	0.9819639278557114	0.6595174262734586	0.6640211640211641	0.662269129287599	0.6604774535809019	0.9921875	0.6586021505376344	0.7669902912621359	0.6613333333333333	0.9860279441117764	0.6514423076923077	0.9305263157894738	0.5700934579439253	0.6640211640211641	0.6586021505376344	0.6666666666666666
ko	0.6936936936936937	0.6446078431372549	0.6480582524271845	0.9511754068716095	0.6454767726161369	0.6563981042654029	0.9734513274336283	0.6545842217484008	0.6563981042654029	0.6557734204793028	0.9549549549549549	0.9454545454545454	0.655581947743468	0.657210401891253	0.6472019464720196	0.9645390070921985	1.0	0.6446078431372549	0.9511754068716095	0.9511754068716095	0.9511754068716095	0.6454767726161369	0.6497584541062803	0.6497584541062803	0.6480582524271845	0.9679715302491102	0.6446078431372549	0.7553648068669528	0.6472019464720196	0.9549549549549549	0.6613272311212816	0.9035916824196597	0.5797101449275363	0.6497584541062803	0.6446078431372549	0.6507177033492824
lv	0.5183673469387755	0.8782048652418263	0.8359788275522124	0.6666666666666666	0.8713817358346742	0.8169280873464786	0.656084656084656	0.7355710594791542	0.8081444821010163	0.7464256136455745	0.664804469273743	0.6638176638176638	0.7490894956551372	0.8136349373247203	0.8664004860717325	0.6586021505376344	0.6446078431372549	1.0	0.6666666666666666	0.6666666666666666	0.6666666666666666	0.8747564088174669	0.8493995709020549	0.717238781640051	0.8581839283402498	0.6586021505376344	0.723599698589831	0.5580524344569289	0.8660184665535973	0.664804469273743	0.7774329321227622	0.6385542168674699	0.5728900255754475	0.838623886107296	0.6669967405206916	0.6864633124632931
mk	0.699724517906336	0.6666666666666666	0.6575342465753424	1.0	0.6657303370786517	0.6544502617801047	0.9763779527559056	0.6334841628959276	0.6544502617801047	0.6372093023255814	0.99581589958159	0.9936034115138592	0.6552631578947369	0.6536458333333334	0.663888888888889	0.9819639278557114	0.9511754068716095	0.6666666666666666	1.0	1.0	1.0	0.6657303370786517	0.6612021857923497	0.6612021857923497	0.6629834254143646	0.9819639278557114	0.6666666666666666	0.7740259740259741	0.663888888888889	0.99581589958159	0.645320197044335	0.9380530973451326	0.5535714285714286	0.6612021857923497	0.6666666666666666	0.6586021505376344
ml	0.699724517906336	0.6666666666666666	0.6575342465753424	1.0	0.6657303370786517	0.6544502617801047	0.9763779527559056	0.6334841628959276	0.6544502617801047	0.6372093023255814	0.99581589958159	0.9936034115138592	0.6552631578947369	0.6536458333333334	0.663888888888889	0.9819639278557114	0.9511754068716095	0.6666666666666666	1.0	1.0	1.0	0.6657303370786517	0.6612021857923497	0.6612021857923497	0.6629834254143646	0.9819639278557114	0.6666666666666666	0.7740259740259741	0.663888888888889	0.99581589958159	0.645320197044335	0.9380530973451326	0.5737704918032787	0.6612021857923497	0.6666666666666666	0.6586021505376344
mr	0.699724517906336	0.6666666666666666	0.6575342465753424	1.0	0.6657303370786517	0.6544502617801047	0.9763779527559056	0.6334841628959276	0.6544502617801047	0.6372093023255814	0.99581589958159	0.9936034115138592	0.6552631578947369	0.6536458333333334	0.663888888888889	0.9819639278557114	0.9511754068716095	0.6666666666666666	1.0	1.0	1.0	0.6657303370786517	0.6612021857923497	0.6612021857923497	0.6629834254143646	0.9819639278557114	0.6666666666666666	0.7740259740259741	0.663888888888889	0.99581589958159	0.645320197044335	0.9380530973451326	0.5238095238095238	0.6612021857923497	0.6666666666666666	0.6586021505376344
nl	0.5182186234817814	0.9755296413688124	0.9260689332841167	0.6657303370786517	0.9642854885435871	0.9023592429185686	0.6569920844327176	0.787427516662099	0.8805233607814188	0.8025503494326687	0.663888888888889	0.6628895184135978	0.7712792991241626	0.89737998482993	0.9626954647195751	0.6595174262734586	0.6454767726161369	0.8747564088174669	0.6657303370786517	0.6657303370786517	0.6657303370786517	1.0	0.947384407398384	0.7240874458776345	0.958982915950153	0.6595174262734586	0.7254164569107202	0.5576208178438662	0.9608781704552344	0.663888888888889	0.8468973906643196	0.6377245508982036	0.5313531353135313	0.9218496375926544	0.6660215093891607	0.6891352097812656
pl	0.5175097276264592	0.9397517318091086	0.9441840187172736	0.6612021857923497	0.9401494363831226	0.9181680137814587	0.6614583333333334	0.7975591380546249	0.8952882758316318	0.8145853777774273	0.6630434782608696	0.6584022038567493	0.7700078587678938	0.9132260368356325	0.9490512595359241	0.6640211640211641	0.6497584541062803	0.8493995709020549	0.6612021857923497	0.6612021857923497	0.6612021857923497	0.947384407398384	1.0	0.7236150103398878	0.9454630186442917	0.6640211640211641	0.7153038139624119	0.5555555555555556	0.94708661674231	0.6630434782608696	0.8597540146290353	0.6374269005847952	0.5428571428571428	0.9286422806491702	0.6614473889372664	0.6944685594766508
pt	0.5175097276264592	0.7232098436914453	0.7216647401365291	0.6612021857923497	0.7245842245781919	0.7123957813852386	0.6597402597402597	0.6728617015908589	0.7108929631345177	0.6770147051072577	0.6630434782608696	0.6584022038567493	0.7011804864172949	0.7101677486437101	0.7244869646878035	0.662269129287599	0.6497584541062803	0.717238781640051	0.6612021857923497	0.6612021857923497	0.6612021857923497	0.7240874458776345	0.7236150103398878	1.0	0.7253851874693901	0.662269129287599	0.6940964384124864	0.5555555555555556	0.727432482759414	0.6630434782608696	0.6923002303771263	0.6374269005847952	0.5542857142857143	0.7249079664059228	0.6613880384131129	0.6836945127085875
ro	0.5177865612648221	0.9512255154391729	0.9246582892566979	0.6629834254143646	0.9519463624129345	0.9104699711055992	0.6596858638743456	0.7924829592137236	0.8880692763162571	0.8088403803507086	0.6648351648351649	0.6601671309192201	0.775795136845959	0.9054056904199305	0.9614965859228366	0.6604774535809019	0.6480582524271845	0.8581839283402498	0.6629834254143646	0.6629834254143646	0.6629834254143646	0.958982915950153	0.9454630186442917	0.7253851874693901	1.0	0.6622340425531914	0.7193274349477651	0.5563636363636364	0.9596856008372503	0.6648351648351649	0.8536905134586885	0.6390532544378698	0.5483870967741935	0.9203489425883633	0.6632677167386438	0.6898331954720147
ru	0.6974358974358974	0.6586021505376344	0.6622340425531914	0.9819639278557114	0.6595174262734586	0.6624040920716113	0.9941972920696325	0.6407982261640798	0.6624040920716113	0.6446469248291572	0.9860279441117764	0.9758064516129034	0.659846547314578	0.6615776081424937	0.6595744680851063	0.9921875	0.9679715302491102	0.6586021505376344	0.9819639278557114	0.9819639278557114	0.9819639278557114	0.6595174262734586	0.6640211640211641	0.662269129287599	0.6622340425531914	1.0	0.6586021505376344	0.7669902912621359	0.6613333333333333	0.9860279441117764	0.6530120481927711	0.9305263157894738	0.5549132947976879	0.6640211640211641	0.6586021505376344	0.6631853785900783
sh	0.5183673469387755	0.7271736297068652	0.7093843676776669	0.6666666666666666	0.7252813539943158	0.7010695207687349	0.656084656084656	0.6629214956940316	0.701467188448474	0.6682331874657105	0.664804469273743	0.6638176638176638	0.6928169965697994	0.6998672223163406	0.7213595515714176	0.6586021505376344	0.6446078431372549	0.723599698589831	0.6666666666666666	0.6666666666666666	0.6666666666666666	0.7254164569107202	0.7153038139624119	0.6940964384124864	0.7193274349477651	0.6586021505376344	1.0	0.5580524344569289	0.7215473892432809	0.664804469273743	0.6838576605625587	0.6385542168674699	0.5573770491803278	0.7154305565257226	0.6666666666666666	0.6797653953781516
si	0.7407407407407407	0.5580524344569289	0.5543478260869565	0.7740259740259741	0.5576208178438662	0.5525423728813559	0.7648456057007126	0.543661971830986	0.5525423728813559	0.5451895043731778	0.7723785166240409	0.776595744680851	0.552901023890785	0.5521885521885521	0.5567765567765568	0.7669902912621359	0.7553648068669528	0.5580524344569289	0.7740259740259741	0.7740259740259741	0.7740259740259741	0.5576208178438662	0.5555555555555556	0.5555555555555556	0.5563636363636364	0.7669902912621359	0.5580524344569289	1.0	0.5567765567765568	0.7723785166240409	0.54858934169279	0.7936507936507936	0.5116279069767442	0.5555555555555556	0.5580524344569289	0.5543859649122806
simple	0.5179282868525896	0.9641066406937948	0.9369319746626273	0.663888888888889	0.9643257935564683	0.9119562170459854	0.6587926509186351	0.7937497517068738	0.8894995813851285	0.8099119760116799	0.6657458563535912	0.6610644257703081	0.7747383761613283	0.9071621497943385	0.974418278883718	0.6613333333333333	0.6472019464720196	0.8660184665535973	0.663888888888889	0.663888888888889	0.663888888888889	0.9608781704552344	0.94708661674231	0.727432482759414	0.9596856008372503	0.6613333333333333	0.7215473892432809	0.5567765567765568	1.0	0.6657458563535912	0.8546215610262526	0.6398809523809524	0.5777777777777777	0.9314403299206068	0.6641686694726523	0.6916731515242662
sr	0.6991869918699187	0.664804469273743	0.6594005449591281	0.99581589958159	0.6657381615598886	0.65625	0.9803921568627451	0.6351351351351351	0.65625	0.638888888888889	1.0	0.9894736842105263	0.6570680628272252	0.655440414507772	0.6657458563535912	0.9860279441117764	0.9549549549549549	0.664804469273743	0.99581589958159	0.99581589958159	0.99581589958159	0.663888888888889	0.6630434782608696	0.6630434782608696	0.6648351648351649	0.9860279441117764	0.664804469273743	0.7723785166240409	0.6657458563535912	1.0	0.6470588235294118	0.9427312775330396	0.5531914893617021	0.6630434782608696	0.664804469273743	0.6604278074866311
sv	0.5151515151515151	0.841068979687857	0.8521949139559186	0.645320197044335	0.8406083291237426	0.8857513813394828	0.6555023923444976	0.8445391470209678	0.8645422423988658	0.8647798742138365	0.6470588235294118	0.6426799007444168	0.7556716875231098	0.888413527776832	0.855369068230077	0.6514423076923077	0.6613272311212816	0.7774329321227622	0.645320197044335	0.645320197044335	0.645320197044335	0.8468973906643196	0.8597540146290353	0.6923002303771263	0.8536905134586885	0.6530120481927711	0.6838576605625587	0.54858934169279	0.8546215610262526	0.6470588235294118	1.0	0.6230366492146596	0.5607476635514019	0.8409307698403249	0.6455153318756554	0.6741083599264189
te	0.7030716723549488	0.6385542168674699	0.6334310850439883	0.9380530973451326	0.6396396396396395	0.6312849162011173	0.9256198347107438	0.6124401913875598	0.6312849162011173	0.6157635467980295	0.9427312775330396	0.9351230425055929	0.6320224719101124	0.6305555555555556	0.6398809523809524	0.9305263157894738	0.9035916824196597	0.6385542168674699	0.9380530973451326	0.9380530973451326	0.9380530973451326	0.6377245508982036	0.6374269005847952	0.6374269005847952	0.6390532544378698	0.9305263157894738	0.6385542168674699	0.7936507936507936	0.6398809523809524	0.9427312775330396	0.6230366492146596	1.0	0.5576923076923077	0.6374269005847952	0.6385542168674699	0.6350574712643678
tr	0.5263157894736842	0.5873015873015873	-1.0	0.5348837209302326	0.582089552238806	0.5394736842105263	0.5576923076923077	0.5460042081550603	0.550561797752809	0.5458937198067633	0.5555555555555556	0.5636363636363636	0.5441176470588236	0.5795454545454545	0.5570469798657718	0.5700934579439253	0.5797101449275363	0.5728900255754475	0.5535714285714286	0.5737704918032787	0.5238095238095238	0.5313531353135313	0.5428571428571428	0.5542857142857143	0.5483870967741935	0.5549132947976879	0.5573770491803278	0.5116279069767442	0.5777777777777777	0.5531914893617021	0.5607476635514019	0.5576923076923077	1.0	0.5764705882352942	0.5238095238095238	0.5773195876288659
vi	0.5175097276264592	0.914859273046569	0.919048162608981	0.6612021857923497	0.9156275243986832	0.8951697706055731	0.6614583333333334	0.7829974512410776	0.8755799232011604	0.7981917549423116	0.6630434782608696	0.6584022038567493	0.7649824405228223	0.8899222927854571	0.9228929058777944	0.6640211640211641	0.6497584541062803	0.838623886107296	0.6612021857923497	0.6612021857923497	0.6612021857923497	0.9218496375926544	0.9286422806491702	0.7249079664059228	0.9203489425883633	0.6640211640211641	0.7154305565257226	0.5555555555555556	0.9314403299206068	0.6630434782608696	0.8409307698403249	0.6374269005847952	0.5764705882352942	1.0	0.6614111163485263	0.693129374733291
war	0.5183673469387755	0.666966584189348	0.6578162131255919	0.6666666666666666	0.6659648267590602	0.6546708562006068	0.656084656084656	0.6336505580846346	0.6547015267474513	0.6373653623774675	0.664804469273743	0.6638176638176638	0.6556540823392137	0.6538904419347223	0.6641357084634817	0.6586021505376344	0.6446078431372549	0.6669967405206916	0.6666666666666666	0.6666666666666666	0.6666666666666666	0.6660215093891607	0.6614473889372664	0.6613880384131129	0.6632677167386438	0.6586021505376344	0.6666666666666666	0.5580524344569289	0.6641686694726523	0.664804469273743	0.6455153318756554	0.6385542168674699	0.5238095238095238	0.6614111163485263	1.0	0.6586021505376344
zh	0.5171102661596958	0.6887773183812282	0.6924039486490244	0.6586021505376344	0.6891229175606179	0.6863258641522222	0.6606683804627249	0.6578389805726441	0.6856063449397222	0.6630464867090026	0.6604278074866311	0.6558265582655826	0.6795027813303425	0.6871708051166291	0.6918252529057691	0.6666666666666666	0.6507177033492824	0.6864633124632931	0.6586021505376344	0.6586021505376344	0.6586021505376344	0.6891352097812656	0.6944685594766508	0.6836945127085875	0.6898331954720147	0.6631853785900783	0.6797653953781516	0.5543859649122806	0.6916731515242662	0.6604278074866311	0.6741083599264189	0.6350574712643678	0.5773195876288659	0.693129374733291	0.6586021505376344	1.0
