arz	bs	ceb	ckb	da	de	el	en	es	fr	he	hi	hu	id	it	ja	ko	lv	mk	ml	mr	nl	pl	pt	ro	ru	sh	si	simple	sr	sv	te	vi	war	zh
arz	1.0	0.5	1.0	1.0	0.2958163163244893	0.44948974278317805	1.0	0.14354258832573755	0.44948974278317805	0.22646721143623746	1.0	1.0	0.2958163163244893	0.23371479611805132	0.126516536980057	1.0	1.0	1.0	1.0	1.0	1.0	0.44948974278317805	0.27429188517743175	0.3090169943749474	0.1834956963966701	1.0	0.2791745113185196	1.0	0.4142135623730951	1.0	0.3333333333333333	1.0	0.38742588672279304	1.0	1.0
bs	0.5	1.0	0.20521309615767264	0.585786437626905	0.08392388721502785	0.06283908914079354	0.09410566602322656	0.06770588390662524	0.07475705307634671	0.06484157054036695	0.11920114329784455	0.28989794855663564	0.08433363578841634	0.10664898190967771	0.08261439064988525	0.10382773130361952	0.12213064903189357	0.18163482541075254	0.21089672205953397	0.3333333333333333	0.36602540378443865	0.08357996758657145	0.0840080710676501	0.08343370246149946	0.11983128180135111	0.08360564001718991	0.076042784621684	0.585786437626905	0.141516769699476	0.08560353805995814	0.07989201283658104	1.0	0.14085847792197614	0.23441237831492112	0.08336842911475797
ceb	1.0	0.20521309615767264	1.0	1.0	0.055335002420666614	0.13068363810000083	1.0	0.007747390152241284	0.17100799366294794	0.04954584766553372	1.0	1.0	0.043153903930112716	0.09043092359144499	0.05591076037225968	1.0	1.0	0.38742588672279304	0.585786437626905	1.0	1.0	0.11034777731716484	0.1140024190419222	0.11497686110163649	0.08322831934547538	0.5	0.11366948956266174	1.0	0.1896812679802183	1.0	0.06012325917149865	1.0	0.11177870331193913	1.0	1.0
ckb	1.0	0.585786437626905	1.0	1.0	0.28436465220442186	0.585786437626905	1.0	0.27429188517743175	1.0	1.0	1.0	1.0	0.5	0.44948974278317805	0.4142135623730951	1.0	1.0	1.0	1.0	1.0	1.0	0.44948974278317805	0.585786437626905	0.36602540378443865	0.44948974278317805	1.0	0.585786437626905	1.0	0.585786437626905	1.0	0.39564392373896	1.0	1.0	1.0	1.0
da	0.2958163163244893	0.08392388721502785	0.055335002420666614	0.28436465220442186	1.0	0.007499381762422402	0.01783092987738641	0.010342897138643274	0.007948550033304875	0.00776856529563949	0.010026445211397233	0.06020532678004448	0.01103459391548972	0.011723236673675171	0.008312816073389538	0.00886047420947503	0.011624680170945898	0.05493064345583048	0.055777361252118206	0.051435565750378096	0.179128784747792	0.008100466307519405	0.008309808235955358	0.008363370712063938	0.015354175707231525	0.007912450791329625	0.011036300433192758	0.5	0.03517892782476623	0.013005360724724049	0.008397542442813415	0.3164309725825328	0.01438739403176052	0.06484157054036695	0.00972463125745737
de	0.44948974278317805	0.06283908914079354	0.13068363810000083	0.585786437626905	0.007499381762422402	1.0	0.09454693393445271	0.0015734177404264451	0.020207362972156268	0.0020058624344329234	0.1043220369455145	0.3333333333333333	0.004817765796025367	0.0060780744616216265	0.002119988685716384	0.11405820446888813	0.15295783961613652	0.19675422795565728	0.3090169943749474	0.3203772410170407	1.0	0.00534735191362876	0.007707803920612367	0.0043999852504814415	0.00826978075046257	0.04782693474325585	0.006145417521271809	1.0	0.0850713128191958	0.14415097937281632	0.003969561976238977	1.0	0.013596119293172148	0.25921926045307553	0.0934084597300509
el	1.0	0.09410566602322656	1.0	1.0	0.01783092987738641	0.09454693393445271	1.0	0.005094078647676371	0.0840260561571023	0.030516407146353206	1.0	1.0	0.012633298050667565	0.041139186798733664	0.008319540979244379	1.0	1.0	0.24660605559646726	1.0	1.0	1.0	0.06900959979686211	0.045602859351158695	0.039200003263947125	0.020926302678774378	0.5	0.03796429696051361	1.0	0.12027370322216947	0.585786437626905	0.04272118938434767	1.0	0.057669679091609735	0.585786437626905	1.0
en	0.14354258832573755	0.06770588390662524	0.007747390152241284	0.27429188517743175	0.010342897138643274	0.0015734177404264451	0.005094078647676371	1.0	0.0021903863311156942	0.005414531279282013	0.004760007212427495	0.04684051882497398	0.009801018480683312	0.007130112723988102	0.009062081204541822	0.00428688103850681	0.006904724539844107	0.063537093806984	0.03489519241182261	0.05701957948088524	0.21089672205953397	0.0033611454134777246	0.003238825362807256	0.00387844451128161	0.010229719794278579	0.002449758578331538	0.006554414001167969	0.3164309725825328	0.029201004108158665	0.006919517383456195	0.0050799187295048984	0.3430703308172536	0.007042100630634841	0.09715477955482756	0.00407783019340521
es	0.44948974278317805	0.07475705307634671	0.17100799366294794	1.0	0.007948550033304875	0.020207362972156268	0.0840260561571023	0.0021903863311156942	1.0	0.0026799357973346163	0.08654546957941132	0.38742588672279304	0.005077804044994048	0.006809750925436947	0.0025651502176404556	0.08086285328164007	0.1190571961576627	0.21189498187560254	0.2572842744474721	0.44948974278317805	0.585786437626905	0.008726193575955717	0.01592023294906145	0.004674598917449715	0.008670320606927113	0.03543613173287334	0.006273181103028342	1.0	0.08759379839999841	0.1261319836228832	0.0047844931052619145	1.0	0.015076472285412802	0.31264808514230086	0.08301951253873768
fr	0.22646721143623746	0.06484157054036695	0.04954584766553372	1.0	0.00776856529563949	0.0020058624344329234	0.030516407146353206	0.005414531279282013	0.0026799357973346163	1.0	0.012535971581638803	0.13390700336271227	0.005290740858669782	0.0064127326186536404	0.004486563931024956	0.008186222514996405	0.02173533904699153	0.12643933133274313	0.10717348303893878	0.14354258832573755	0.38742588672279304	0.0038168058210692386	0.003857495315528412	0.0039030803583789135	0.008564874229197727	0.003223418104419527	0.005594407775612329	1.0	0.0728915853165905	0.04391815434622629	0.004506594915246824	0.585786437626905	0.012751468055277675	0.2632403810669918	0.007760160151936012
he	1.0	0.11920114329784455	1.0	1.0	0.010026445211397233	0.1043220369455145	1.0	0.004760007212427495	0.08654546957941132	0.012535971581638803	1.0	1.0	0.009442699881945514	0.014703100555343393	0.00725109262759359	1.0	1.0	0.22646721143623746	1.0	1.0	1.0	0.03747401646105656	0.048214099952751534	0.026740849010022993	0.015705244309773703	0.5	0.023517747524116884	1.0	0.0989973355721063	0.5	0.03130527641770162	1.0	0.02881073595108669	0.585786437626905	1.0
hi	1.0	0.28989794855663564	1.0	1.0	0.06020532678004448	0.3333333333333333	1.0	0.04684051882497398	0.38742588672279304	0.13390700336271227	1.0	1.0	0.09704614015314712	0.14826758270431342	0.1121550495895991	1.0	1.0	0.44948974278317805	1.0	1.0	1.0	0.2	0.22646721143623746	0.15225881209433406	0.1560469703786189	1.0	0.17331935664757372	1.0	0.19427705374478668	1.0	0.28172904669025317	1.0	0.1983555576735248	1.0	1.0
hu	0.2958163163244893	0.08433363578841634	0.043153903930112716	0.5	0.01103459391548972	0.004817765796025367	0.012633298050667565	0.009801018480683312	0.005077804044994048	0.005290740858669782	0.009442699881945514	0.09704614015314712	1.0	0.009322812437892321	0.006324798468704262	0.006335067197295246	0.013704563303982488	0.10132304459785468	0.08085646224426307	0.12204428147722324	0.26533119314590375	0.005982281565995214	0.005997328976314923	0.005558355121582478	0.012264697822073711	0.005400158694636018	0.008296798792527607	0.585786437626905	0.06096617484242853	0.013423046211912164	0.006158033881279181	0.585786437626905	0.013526667628014829	0.1340922289038127	0.007700155749388129
id	0.23371479611805132	0.10664898190967771	0.09043092359144499	0.44948974278317805	0.011723236673675171	0.0060780744616216265	0.041139186798733664	0.007130112723988102	0.006809750925436947	0.0064127326186536404	0.014703100555343393	0.14826758270431342	0.009322812437892321	1.0	0.006634662461617885	0.0134406633183392	0.03603061923258019	0.122828568570857	0.10664898190967771	0.10823129994327185	0.26533119314590375	0.009200397546207743	0.008924403247803258	0.008646031671849363	0.012037394664640497	0.00721049039969897	0.017709609119286054	1.0	0.09036125851258985	0.028850274047338396	0.009206347127058607	0.39564392373896007	0.028767587113822893	0.19292728076790167	0.01988409554365763
it	0.126516536980057	0.08261439064988525	0.05591076037225968	0.4142135623730951	0.008312816073389538	0.002119988685716384	0.008319540979244379	0.009062081204541822	0.0025651502176404556	0.004486563931024956	0.00725109262759359	0.1121550495895991	0.006324798468704262	0.006634662461617885	1.0	0.005606241471140174	0.013998198955829742	0.11594845699412647	0.08709187275883641	0.11072738900951977	0.24660605559646726	0.0036140492859377833	0.0036149339222289103	0.003910053291128119	0.008663517657465139	0.003035709228754961	0.005878543506589099	0.4142135623730951	0.07034876516248792	0.024911965950267657	0.0046972196473388855	0.585786437626905	0.01276680451207622	0.2008390199171533	0.00600964125113687
ja	1.0	0.10382773130361952	1.0	1.0	0.00886047420947503	0.11405820446888813	1.0	0.00428688103850681	0.08086285328164007	0.008186222514996405	1.0	1.0	0.006335067197295246	0.0134406633183392	0.005606241471140174	1.0	1.0	0.24660605559646726	1.0	1.0	1.0	0.042327671132064676	0.042113013813005765	0.01693847465530355	0.010552882321576654	0.5	0.013208276244737456	1.0	0.10171118008217982	0.44948974278317805	0.01418108586900974	1.0	0.03254760947415473	0.585786437626905	1.0
ko	1.0	0.12213064903189357	1.0	1.0	0.011624680170945898	0.15295783961613652	1.0	0.006904724539844107	0.1190571961576627	0.02173533904699153	1.0	1.0	0.013704563303982488	0.03603061923258019	0.013998198955829742	1.0	1.0	0.27429188517743175	1.0	1.0	1.0	0.08220018449835163	0.08588426639569151	0.06033289968495018	0.028416645543285546	0.585786437626905	0.02888571259511045	1.0	0.11098274238203604	0.5	0.050056488236717746	1.0	0.06477688643076931	1.0	1.0
lv	1.0	0.18163482541075254	0.38742588672279304	1.0	0.05493064345583048	0.19675422795565728	0.24660605559646726	0.063537093806984	0.21189498187560254	0.12643933133274313	0.22646721143623746	0.44948974278317805	0.10132304459785468	0.122828568570857	0.11594845699412647	0.24660605559646726	0.27429188517743175	1.0	0.38742588672279304	0.3090169943749474	1.0	0.16952084719853724	0.19675422795565722	0.14215404226100398	0.10453163007228627	0.21822796141133347	0.13432490162364444	1.0	0.13100580420257674	0.27429188517743175	0.17797387640247572	1.0	0.15055471221417036	0.3483314773547883	0.2402530733520421
mk	1.0	0.21089672205953397	0.585786437626905	1.0	0.055777361252118206	0.3090169943749474	1.0	0.03489519241182261	0.2572842744474721	0.10717348303893878	1.0	1.0	0.08085646224426307	0.10664898190967771	0.08709187275883641	1.0	1.0	0.38742588672279304	1.0	1.0	1.0	0.1757340838011157	0.1680743603534397	0.16330595576157622	0.07291382208614378	1.0	0.18400240527946554	1.0	0.1409155867112616	1.0	0.15511784463218828	1.0	0.179128784747792	0.585786437626905	1.0
ml	1.0	0.3333333333333333	1.0	1.0	0.051435565750378096	0.3203772410170407	1.0	0.05701957948088524	0.44948974278317805	0.14354258832573755	1.0	1.0	0.12204428147722324	0.10823129994327185	0.11072738900951977	1.0	1.0	0.3090169943749474	1.0	1.0	1.0	0.16666666666666666	0.20799159651347807	0.18368518446174903	0.11366948956266174	1.0	0.13074787165365429	1.0	0.22646721143623746	0.585786437626905	0.20342651452257512	1.0	0.15295783961613652	1.0	1.0
mr	1.0	0.36602540378443865	1.0	1.0	0.179128784747792	1.0	1.0	0.21089672205953397	0.585786437626905	0.38742588672279304	1.0	1.0	0.26533119314590375	0.26533119314590375	0.24660605559646726	1.0	1.0	1.0	1.0	1.0	1.0	0.5	0.585786437626905	0.38742588672279304	0.22849890415642563	1.0	0.27429188517743175	1.0	0.28989794855663564	1.0	0.36602540378443865	1.0	0.44948974278317805	1.0	1.0
nl	0.44948974278317805	0.08357996758657145	0.11034777731716484	0.44948974278317805	0.008100466307519405	0.00534735191362876	0.06900959979686211	0.0033611454134777246	0.008726193575955717	0.0038168058210692386	0.03747401646105656	0.2	0.005982281565995214	0.009200397546207743	0.0036140492859377833	0.042327671132064676	0.08220018449835163	0.16952084719853724	0.1757340838011157	0.16666666666666666	0.5	1.0	0.014564941791683987	0.007588415417917126	0.009766835374124627	0.013591994027156579	0.007722296281485515	1.0	0.08923625778607343	0.08910651352783029	0.005384544650123801	1.0	0.01930363177083115	0.2449655295864104	0.04689903260413004
pl	0.27429188517743175	0.0840080710676501	0.1140024190419222	0.585786437626905	0.008309808235955358	0.007707803920612367	0.045602859351158695	0.003238825362807256	0.01592023294906145	0.003857495315528412	0.048214099952751534	0.22646721143623746	0.005997328976314923	0.008924403247803258	0.0036149339222289103	0.042113013813005765	0.08588426639569151	0.19675422795565722	0.1680743603534397	0.20799159651347807	0.585786437626905	0.014564941791683987	1.0	0.011004002770589709	0.00919781322632403	0.015399032391088922	0.007047879999777842	1.0	0.08805795377509637	0.08439557055777562	0.006300161286209051	1.0	0.01995868263652115	0.2402530733520421	0.052318117537473605
pt	0.3090169943749474	0.08343370246149946	0.11497686110163649	0.36602540378443865	0.008363370712063938	0.0043999852504814415	0.039200003263947125	0.00387844451128161	0.004674598917449715	0.0039030803583789135	0.026740849010022993	0.15225881209433406	0.005558355121582478	0.008646031671849363	0.003910053291128119	0.01693847465530355	0.06033289968495018	0.14215404226100398	0.16330595576157622	0.18368518446174903	0.38742588672279304	0.007588415417917126	0.011004002770589709	1.0	0.00938671649044007	0.005467114697299603	0.007835938141365264	0.5	0.07450377622833236	0.0704050089243783	0.0055335180660916255	0.44948974278317805	0.018294767773990146	0.21551468935838852	0.017311761861244425
ro	0.1834956963966701	0.11983128180135111	0.08322831934547538	0.44948974278317805	0.015354175707231525	0.00826978075046257	0.020926302678774378	0.010229719794278579	0.008670320606927113	0.008564874229197727	0.015705244309773703	0.1560469703786189	0.012264697822073711	0.012037394664640497	0.008663517657465139	0.010552882321576654	0.028416645543285546	0.10453163007228627	0.07291382208614378	0.11366948956266174	0.22849890415642563	0.009766835374124627	0.00919781322632403	0.00938671649044007	1.0	0.008951700437303306	0.012412514428740272	0.5	0.08349162510502155	0.014622799781472774	0.00917081529241136	1.0	0.02317459434265405	0.12426283912236968	0.011131944071934994
ru	1.0	0.08360564001718991	0.5	1.0	0.007912450791329625	0.04782693474325585	0.5	0.002449758578331538	0.03543613173287334	0.003223418104419527	0.5	1.0	0.005400158694636018	0.00721049039969897	0.003035709228754961	0.5	0.585786437626905	0.21822796141133347	1.0	1.0	1.0	0.013591994027156579	0.015399032391088922	0.005467114697299603	0.008951700437303306	1.0	0.00654922812766529	1.0	0.08943197629416405	0.3660254037844386	0.004921235288531251	1.0	0.016371384173270203	0.585786437626905	0.5
sh	0.2791745113185196	0.076042784621684	0.11366948956266174	0.585786437626905	0.011036300433192758	0.006145417521271809	0.03796429696051361	0.006554414001167969	0.006273181103028342	0.005594407775612329	0.023517747524116884	0.17331935664757372	0.008296798792527607	0.017709609119286054	0.005878543506589099	0.013208276244737456	0.02888571259511045	0.13432490162364444	0.18400240527946554	0.13074787165365429	0.27429188517743175	0.007722296281485515	0.007047879999777842	0.007835938141365264	0.012412514428740272	0.00654922812766529	1.0	1.0	0.0884032170775824	0.017665896496400397	0.008750480669252162	1.0	0.03363651270580269	0.1698149617743287	0.014943124997616387
si	1.0	0.585786437626905	1.0	1.0	0.5	1.0	1.0	0.3164309725825328	1.0	1.0	1.0	1.0	0.585786437626905	1.0	0.4142135623730951	1.0	1.0	1.0	1.0	1.0	1.0	1.0	1.0	0.5	0.5	1.0	1.0	1.0	1.0	1.0	1.0	1.0	1.0	1.0	1.0
simple	0.4142135623730951	0.141516769699476	0.1896812679802183	0.585786437626905	0.03517892782476623	0.0850713128191958	0.12027370322216947	0.029201004108158665	0.08759379839999841	0.0728915853165905	0.0989973355721063	0.19427705374478668	0.06096617484242853	0.09036125851258985	0.07034876516248792	0.10171118008217982	0.11098274238203604	0.13100580420257674	0.1409155867112616	0.22646721143623746	0.28989794855663564	0.08923625778607343	0.08805795377509637	0.07450377622833236	0.08349162510502155	0.08943197629416405	0.0884032170775824	1.0	1.0	0.11378012788321701	0.08383780418176218	0.5	0.09956280278132953	0.17100799366294794	0.09543765259371806
sr	1.0	0.08560353805995814	1.0	1.0	0.013005360724724049	0.14415097937281632	0.585786437626905	0.006919517383456195	0.1261319836228832	0.04391815434622629	0.5	1.0	0.013423046211912164	0.028850274047338396	0.024911965950267657	0.44948974278317805	0.5	0.27429188517743175	1.0	0.585786437626905	1.0	0.08910651352783029	0.08439557055777562	0.0704050089243783	0.014622799781472774	0.3660254037844386	0.017665896496400397	1.0	0.11378012788321701	1.0	0.05393492670874242	1.0	0.06577271587218825	0.585786437626905	0.5
sv	0.3333333333333333	0.07989201283658104	0.06012325917149865	0.39564392373896	0.008397542442813415	0.003969561976238977	0.04272118938434767	0.0050799187295048984	0.0047844931052619145	0.004506594915246824	0.03130527641770162	0.28172904669025317	0.006158033881279181	0.009206347127058607	0.0046972196473388855	0.01418108586900974	0.050056488236717746	0.17797387640247572	0.15511784463218828	0.20342651452257512	0.36602540378443865	0.005384544650123801	0.006300161286209051	0.0055335180660916255	0.00917081529241136	0.004921235288531251	0.008750480669252162	1.0	0.08383780418176218	0.05393492670874242	1.0	1.0	0.01855125761448724	0.2766967754673749	0.016088353175059595
te	1.0	1.0	1.0	1.0	0.3164309725825328	1.0	1.0	0.3430703308172536	1.0	0.585786437626905	1.0	1.0	0.585786437626905	0.39564392373896007	0.585786437626905	1.0	1.0	1.0	1.0	1.0	1.0	1.0	1.0	0.44948974278317805	1.0	1.0	1.0	1.0	0.5	1.0	1.0	1.0	1.0	1.0	1.0
vi	0.38742588672279304	0.14085847792197614	0.11177870331193913	1.0	0.01438739403176052	0.013596119293172148	0.057669679091609735	0.007042100630634841	0.015076472285412802	0.012751468055277675	0.02881073595108669	0.1983555576735248	0.013526667628014829	0.028767587113822893	0.01276680451207622	0.03254760947415473	0.06477688643076931	0.15055471221417036	0.179128784747792	0.15295783961613652	0.44948974278317805	0.01930363177083115	0.01995868263652115	0.018294767773990146	0.02317459434265405	0.016371384173270203	0.03363651270580269	1.0	0.09956280278132953	0.06577271587218825	0.01855125761448724	1.0	1.0	0.2193450929151803	0.021224123459284563
war	1.0	0.23441237831492112	1.0	1.0	0.06484157054036695	0.25921926045307553	0.585786437626905	0.09715477955482756	0.31264808514230086	0.2632403810669918	0.585786437626905	1.0	0.1340922289038127	0.19292728076790167	0.2008390199171533	0.585786437626905	1.0	0.3483314773547883	0.585786437626905	1.0	1.0	0.2449655295864104	0.2402530733520421	0.21551468935838852	0.12426283912236968	0.585786437626905	0.1698149617743287	1.0	0.17100799366294794	0.585786437626905	0.2766967754673749	1.0	0.2193450929151803	1.0	0.585786437626905
zh	1.0	0.08336842911475797	1.0	1.0	0.00972463125745737	0.0934084597300509	1.0	0.00407783019340521	0.08301951253873768	0.007760160151936012	1.0	1.0	0.007700155749388129	0.01988409554365763	0.00600964125113687	1.0	1.0	0.2402530733520421	1.0	1.0	1.0	0.04689903260413004	0.052318117537473605	0.017311761861244425	0.011131944071934994	0.5	0.014943124997616387	1.0	0.09543765259371806	0.5	0.016088353175059595	1.0	0.021224123459284563	0.585786437626905	1.0
