arz	bs	ceb	ckb	da	de	el	en	es	fr	he	hi	hu	id	it	ja	ko	lv	mk	ml	mr	nl	pl	pt	ro	ru	sh	si	simple	sr	sv	te	tr	vi	war	zh
arz	0.5	0.0625	0.032520325203252036	0.1	0.03125	0.0040650406504065045	0.05	0.0013774104683195593	0.004273504273504274	0.003968253968253968	0.021739130434782608	0.05555555555555555	0.03333333333333333	0.029411764705882353	0.005	0.010638297872340425	0.023809523809523808	0.1	0.0	0.125	0.16666666666666666	0.009433962264150943	0.0033112582781456954	0.005208333333333333	0.025	0.006944444444444444	0.02631578947368421	0.0	0.029411764705882353	0.016129032258064516	0.013157894736842105	0.25	0.05555555555555555	0.020833333333333332	0.5	0.0125
bs	0.0625	1.0	0.8408766233766234	0.09090909090909091	0.1	0.032520325203252036	0.1	0.011019283746556474	0.03418803418803419	0.027559055118110236	0.09615384615384616	0.10714285714285714	0.10526315789473684	0.125	0.04	0.0392156862745098	0.08	0.15	0.09090909090909091	0.045454545454545456	0.1111111111111111	0.05454545454545454	0.023026315789473683	0.03608247422680412	0.10869565217391304	0.05555555555555555	0.14285714285714285	0.0	0.06818181818181818	0.109375	0.075	0.05555555555555555	0.21153846153846154	0.09259259259259259	0.0625	0.07142857142857142
ceb	0.032520325203252036	0.8408766233766234	1.0	0.46	0.8427967479674797	0.8222725583991496	0.46923076923076923	0.5971416940650613	0.7854493427491387	0.629250487637257	0.468	0.448	0.5930813450831953	0.81462109449959	0.8575541497377726	0.48031496062992124	0.4206896551724138	0.7005864824597048	0.46	0.46	0.46	0.8557034250129736	0.8902923961496221	0.5482012494557679	0.8543748508890818	0.48031496062992124	0.5240970735189151	0.12195121951219512	0.8755467407455262	0.468	0.714560270602706	0.364	-1.0	0.8458016485673165	0.4602536415682296	0.5152236609521554
ckb	0.1	0.09090909090909091	0.46	0.5	0.05263157894736842	0.012	0.07692307692307693	0.006887052341597796	0.012605042016806723	0.01171875	0.038461538461538464	0.08333333333333333	0.08823529411764706	0.05	0.014705882352941176	0.030612244897959183	0.06521739130434782	0.125	0.05555555555555555	0.0625	0.16666666666666666	0.02727272727272727	0.013157894736842105	0.015306122448979591	0.06818181818181818	0.02027027027027027	0.045454545454545456	0.0	0.07894736842105263	0.029411764705882353	0.0375	0.08333333333333333	0.075	0.057692307692307696	0.1	0.03571428571428571
da	0.03125	0.1	0.8427967479674797	0.05263157894736842	1.0	0.051587301587301584	0.15	0.02203856749311295	0.05416666666666667	0.05905511811023622	0.12903225806451613	0.15789473684210525	0.17391304347826086	0.1111111111111111	0.06310679611650485	0.09433962264150944	0.11666666666666667	0.15625	0.08333333333333333	0.08823529411764706	0.09375	0.10526315789473684	0.049342105263157895	0.06565656565656566	0.1206896551724138	0.056962025316455694	0.14814814814814814	0.03125	0.1346153846153846	0.11842105263157894	0.1	0.029411764705882353	0.19642857142857142	0.125	0.03125	0.09574468085106383
de	0.0040650406504065045	0.032520325203252036	0.8222725583991496	0.012	0.051587301587301584	1.0	0.027777777777777776	0.14116094986807387	0.1936416184971098	0.1693548387096774	0.07936507936507936	0.03225806451612903	0.052	0.05555555555555555	0.196875	0.12962962962962962	0.07142857142857142	0.02032520325203252	0.02032520325203252	0.008	0.012195121951219513	0.13768115942028986	0.1989795918367347	0.18867924528301888	0.06299212598425197	0.17708333333333334	0.068	0.0040650406504065045	0.05555555555555555	0.1015625	0.11923076923076924	0.004032258064516129	0.08734295020939972	0.07874015748031496	0.0040650406504065045	0.1037037037037037
el	0.05	0.1	0.46923076923076923	0.07692307692307693	0.15	0.027777777777777776	0.5	0.013774104683195593	0.03361344537815126	0.027131782945736434	0.1111111111111111	0.23076923076923078	0.125	0.175	0.03398058252427184	0.07	0.12	0.25	0.07692307692307693	0.08333333333333333	0.15	0.05263157894736842	0.026143790849673203	0.03535353535353535	0.1	0.039473684210526314	0.08	0.05	0.11363636363636363	0.06944444444444445	0.05813953488372093	0.045454545454545456	0.13043478260869565	0.08620689655172414	0.05	0.06818181818181818
en	0.0013774104683195593	0.011019283746556474	0.5971416940650613	0.006887052341597796	0.02203856749311295	0.14116094986807387	0.013774104683195593	1.0	0.1561377049180328	0.133419689119171	0.03168044077134986	0.012396694214876033	0.019230769230769232	0.02197802197802198	0.11569148936170212	0.06473829201101929	0.028925619834710745	0.006887052341597796	0.006887052341597796	0.005509641873278237	0.004132231404958678	0.05466666666666667	0.17181445510635113	0.12743261591069094	0.0260989010989011	0.0862533692722372	0.026170798898071626	0.0013774104683195593	0.023415977961432508	0.043111586132403866	0.050824175824175824	0.0027548209366391185	0.09978341584158415	0.03305785123966942	0.0013774104683195593	0.05509641873278237
es	0.004273504273504274	0.03418803418803419	0.7854493427491387	0.012605042016806723	0.05416666666666667	0.1936416184971098	0.03361344537815126	0.1561377049180328	1.0	0.16758241758241757	0.09322033898305085	0.029411764705882353	0.045454545454545456	0.05371900826446281	0.20454545454545456	0.10740740740740741	0.075	0.021367521367521368	0.021367521367521368	0.017094017094017096	0.01282051282051282	0.11594202898550725	0.19072164948453607	0.2083654979076098	0.06611570247933884	0.15625	0.07627118644067797	0.004273504273504274	0.058333333333333334	0.10655737704918032	0.13008130081300814	0.008547008547008548	0.11564465408805032	0.07317073170731707	0.004273504273504274	0.12301587301587301
fr	0.003968253968253968	0.027559055118110236	0.629250487637257	0.01171875	0.05905511811023622	0.1693548387096774	0.027131782945736434	0.133419689119171	0.16758241758241757	1.0	0.06870229007633588	0.03571428571428571	0.05078125	0.05859375	0.17261904761904762	0.1048951048951049	0.056818181818181816	0.01984126984126984	0.015748031496062992	0.015873015873015872	0.011904761904761904	0.13028169014084506	0.1658653846153846	0.18944099378881987	0.06589147286821706	0.1513157894736842	0.06201550387596899	0.003968253968253968	0.04580152671755725	0.08148148148148149	0.12121212121212122	0.007936507936507936	0.10267673301304049	0.07251908396946564	0.003968253968253968	0.10583941605839416
he	0.021739130434782608	0.09615384615384616	0.468	0.038461538461538464	0.12903225806451613	0.07936507936507936	0.1111111111111111	0.03168044077134986	0.09322033898305085	0.06870229007633588	0.5	0.14	0.13333333333333333	0.14516129032258066	0.09134615384615384	0.13636363636363635	0.16666666666666666	0.10869565217391304	0.06	0.04	0.06521739130434782	0.13333333333333333	0.057692307692307696	0.10101010101010101	0.11428571428571428	0.10897435897435898	0.13636363636363635	0.021739130434782608	0.1896551724137931	0.14285714285714285	0.14893617021276595	0.020833333333333332	0.125	0.13513513513513514	0.021739130434782608	0.14285714285714285
hi	0.05555555555555555	0.10714285714285714	0.448	0.08333333333333333	0.15789473684210525	0.03225806451612903	0.23076923076923078	0.012396694214876033	0.029411764705882353	0.03571428571428571	0.14	0.5	0.13157894736842105	0.15	0.03431372549019608	0.07142857142857142	0.18181818181818182	0.2777777777777778	0.08333333333333333	0.09090909090909091	0.16666666666666666	0.06363636363636363	0.02631578947368421	0.041237113402061855	0.10416666666666667	0.0472972972972973	0.08333333333333333	0.05555555555555555	0.11904761904761904	0.08823529411764706	0.0875	0.05	0.14583333333333334	0.1346153846153846	0.05555555555555555	0.08333333333333333
hu	0.03333333333333333	0.10526315789473684	0.5930813450831953	0.08823529411764706	0.17391304347826086	0.052	0.125	0.019230769230769232	0.045454545454545456	0.05078125	0.13333333333333333	0.13157894736842105	1.0	0.09259259259259259	0.06372549019607843	0.07407407407407407	0.1206896551724138	0.16666666666666666	0.05555555555555555	0.058823529411764705	0.1	0.09649122807017543	0.03896103896103896	0.0663265306122449	0.14814814814814814	0.06493506493506493	0.10714285714285714	0.03333333333333333	0.1956521739130435	0.075	0.08888888888888889	0.03125	0.0967741935483871	0.109375	0.03333333333333333	0.1111111111111111
id	0.029411764705882353	0.125	0.81462109449959	0.05	0.1111111111111111	0.05555555555555555	0.175	0.02197802197802198	0.05371900826446281	0.05859375	0.14516129032258066	0.15	0.09259259259259259	1.0	0.05188679245283019	0.07142857142857142	0.15517241379310345	0.14705882352941177	0.05	0.05263157894736842	0.08823529411764706	0.08333333333333333	0.038461538461538464	0.0707070707070707	0.13793103448275862	0.07792207792207792	0.1	0.029411764705882353	0.10714285714285714	0.08536585365853659	0.09782608695652174	0.027777777777777776	0.1891891891891892	0.12121212121212122	0.029411764705882353	0.08163265306122448
it	0.005	0.04	0.8575541497377726	0.014705882352941176	0.06310679611650485	0.196875	0.03398058252427184	0.11569148936170212	0.20454545454545456	0.17261904761904762	0.09134615384615384	0.03431372549019608	0.06372549019607843	0.05188679245283019	1.0	0.11764705882352941	0.0761904761904762	0.025	0.025	0.02	0.015	0.15384615384615385	0.18579234972677597	0.19014084507042253	0.07142857142857142	0.16666666666666666	0.07766990291262135	0.005	0.06796116504854369	0.10091743119266056	0.11061946902654868	0.01	0.12878787878787878	0.08490566037735849	0.005	0.11403508771929824
ja	0.010638297872340425	0.0392156862745098	0.48031496062992124	0.030612244897959183	0.09433962264150944	0.12962962962962962	0.07	0.06473829201101929	0.10740740740740741	0.1048951048951049	0.13636363636363635	0.07142857142857142	0.07407407407407407	0.07142857142857142	0.11764705882352941	0.5	0.12962962962962962	0.05319148936170213	0.030612244897959183	0.02040816326530612	0.031914893617021274	0.11728395061728394	0.10736196319018405	0.13839285714285715	0.07758620689655173	0.15384615384615385	0.06896551724137931	0.010638297872340425	0.10377358490566038	0.09090909090909091	0.13432835820895522	0.010416666666666666	0.16304347826086957	0.12280701754385964	0.010638297872340425	0.13043478260869565
ko	0.023809523809523808	0.08	0.4206896551724138	0.06521739130434782	0.11666666666666667	0.07142857142857142	0.12	0.028925619834710745	0.075	0.056818181818181816	0.16666666666666666	0.18181818181818182	0.1206896551724138	0.15517241379310345	0.0761904761904762	0.12962962962962962	0.5	0.11904761904761904	0.041666666666666664	0.043478260869565216	0.07142857142857142	0.11666666666666667	0.04777070063694268	0.09693877551020408	0.12121212121212122	0.08125	0.10606060606060606	0.023809523809523808	0.15517241379310345	0.15	0.17045454545454544	0.022727272727272728	0.1896551724137931	0.125	0.023809523809523808	0.16304347826086957
lv	0.1	0.15	0.7005864824597048	0.125	0.15625	0.02032520325203252	0.25	0.006887052341597796	0.021367521367521368	0.01984126984126984	0.10869565217391304	0.2777777777777778	0.16666666666666666	0.14705882352941177	0.025	0.05319148936170213	0.11904761904761904	0.5	0.05555555555555555	0.14285714285714285	0.3	0.04716981132075472	0.016556291390728478	0.026041666666666668	0.125	0.034722222222222224	0.1	0.1	0.14705882352941177	0.0625	0.06578947368421052	0.08333333333333333	0.14	0.10416666666666667	0.1	0.0625
mk	0.0	0.09090909090909091	0.46	0.05555555555555555	0.08333333333333333	0.02032520325203252	0.07692307692307693	0.006887052341597796	0.021367521367521368	0.015748031496062992	0.06	0.08333333333333333	0.05555555555555555	0.05	0.025	0.030612244897959183	0.041666666666666664	0.05555555555555555	0.5	0.0	0.07142857142857142	0.02727272727272727	0.016556291390728478	0.020618556701030927	0.020833333333333332	0.034722222222222224	0.07142857142857142	0.0	0.05	0.08064516129032258	0.0375	0.0	0.12	0.017857142857142856	0.0	0.03571428571428571
ml	0.125	0.045454545454545456	0.46	0.0625	0.08823529411764706	0.008	0.08333333333333333	0.005509641873278237	0.017094017094017096	0.015873015873015872	0.04	0.09090909090909091	0.058823529411764705	0.05263157894736842	0.02	0.02040816326530612	0.043478260869565216	0.14285714285714285	0.0	0.5	0.2	0.01818181818181818	0.013245033112582781	0.015463917525773196	0.045454545454545456	0.013513513513513514	0.075	0.125	0.08333333333333333	0.046875	0.038461538461538464	0.25	0.17307692307692307	0.06	0.125	0.023809523809523808
mr	0.16666666666666666	0.1111111111111111	0.46	0.16666666666666666	0.09375	0.012195121951219513	0.15	0.004132231404958678	0.01282051282051282	0.011904761904761904	0.06521739130434782	0.16666666666666666	0.1	0.08823529411764706	0.015	0.031914893617021274	0.07142857142857142	0.3	0.07142857142857142	0.2	0.5	0.02830188679245283	0.009933774834437087	0.015625	0.075	0.020833333333333332	0.07894736842105263	0.16666666666666666	0.08823529411764706	0.04838709677419355	0.039473684210526314	0.125	0.05	0.0625	0.16666666666666666	0.0375
nl	0.009433962264150943	0.05454545454545454	0.8557034250129736	0.02727272727272727	0.10526315789473684	0.13768115942028986	0.05263157894736842	0.05466666666666667	0.11594202898550725	0.13028169014084506	0.13333333333333333	0.06363636363636363	0.09649122807017543	0.08333333333333333	0.15384615384615385	0.11728395061728394	0.11666666666666667	0.04716981132075472	0.02727272727272727	0.01818181818181818	0.02830188679245283	1.0	0.10355029585798817	0.14224137931034483	0.11864406779661017	0.15789473684210525	0.13100282485875706	0.009433962264150943	0.10344827586206896	0.12686567164179105	0.15	0.009259259259259259	0.06738850051110364	0.1111111111111111	0.009433962264150943	0.136986301369863
pl	0.0033112582781456954	0.023026315789473683	0.8902923961496221	0.013157894736842105	0.049342105263157895	0.1989795918367347	0.026143790849673203	0.17181445510635113	0.19072164948453607	0.1658653846153846	0.057692307692307696	0.02631578947368421	0.03896103896103896	0.038461538461538464	0.18579234972677597	0.10736196319018405	0.04777070063694268	0.016556291390728478	0.016556291390728478	0.013245033112582781	0.009933774834437087	0.10355029585798817	1.0	0.1852616184595385	0.04807692307692308	0.15976331360946747	0.05194805194805195	0.0033112582781456954	0.041935483870967745	0.07961783439490445	0.090625	0.006622516556291391	0.09375	0.060897435897435896	0.0033112582781456954	0.08950617283950617
pt	0.005208333333333333	0.03608247422680412	0.5482012494557679	0.015306122448979591	0.06565656565656566	0.18867924528301888	0.03535353535353535	0.12743261591069094	0.2083654979076098	0.18944099378881987	0.10101010101010101	0.041237113402061855	0.0663265306122449	0.0707070707070707	0.19014084507042253	0.13839285714285715	0.09693877551020408	0.026041666666666668	0.020618556701030927	0.015463917525773196	0.015625	0.14224137931034483	0.1852616184595385	1.0	0.06862745098039216	0.1511627906976744	0.06930693069306931	0.005208333333333333	0.08247422680412371	0.10476190476190476	0.14222746950019677	0.010416666666666666	0.13049052396878483	0.09405940594059406	0.005208333333333333	0.16019417475728157
ro	0.025	0.10869565217391304	0.8543748508890818	0.06818181818181818	0.1206896551724138	0.06299212598425197	0.1	0.0260989010989011	0.06611570247933884	0.06589147286821706	0.11428571428571428	0.10416666666666667	0.14814814814814814	0.13793103448275862	0.07142857142857142	0.07758620689655173	0.12121212121212122	0.125	0.020833333333333332	0.045454545454545456	0.075	0.11864406779661017	0.04807692307692308	0.06862745098039216	1.0	0.08974358974358974	0.16	0.025	0.11666666666666667	0.12195121951219512	0.11702127659574468	0.023809523809523808	0.10714285714285714	0.16666666666666666	0.025	0.1
ru	0.006944444444444444	0.05555555555555555	0.48031496062992124	0.02027027027027027	0.056962025316455694	0.17708333333333334	0.039473684210526314	0.0862533692722372	0.15625	0.1513157894736842	0.10897435897435898	0.0472972972972973	0.06493506493506493	0.07792207792207792	0.16666666666666666	0.15384615384615385	0.08125	0.034722222222222224	0.034722222222222224	0.013513513513513514	0.020833333333333332	0.15789473684210525	0.15976331360946747	0.1511627906976744	0.08974358974358974	0.5	0.08333333333333333	0.006944444444444444	0.07792207792207792	0.10588235294117647	0.15476190476190477	0.00684931506849315	0.12337662337662338	0.10759493670886076	0.006944444444444444	0.11538461538461539
sh	0.02631578947368421	0.14285714285714285	0.5240970735189151	0.045454545454545456	0.14814814814814814	0.068	0.08	0.026170798898071626	0.07627118644067797	0.06201550387596899	0.13636363636363635	0.08333333333333333	0.10714285714285714	0.1	0.07766990291262135	0.06896551724137931	0.10606060606060606	0.1	0.07142857142857142	0.075	0.07894736842105263	0.13100282485875706	0.05194805194805195	0.06930693069306931	0.16	0.08333333333333333	1.0	0.02631578947368421	0.14285714285714285	0.32137698603755416	0.14772727272727273	0.025	0.12962962962962962	0.15151515151515152	0.02631578947368421	0.10204081632653061
si	0.0	0.0	0.12195121951219512	0.0	0.03125	0.0040650406504065045	0.05	0.0013774104683195593	0.004273504273504274	0.003968253968253968	0.021739130434782608	0.05555555555555555	0.03333333333333333	0.029411764705882353	0.005	0.010638297872340425	0.023809523809523808	0.1	0.0	0.125	0.16666666666666666	0.009433962264150943	0.0033112582781456954	0.005208333333333333	0.025	0.006944444444444444	0.02631578947368421	0.5	0.029411764705882353	0.016129032258064516	0.013157894736842105	0.0	0.023809523809523808	0.020833333333333332	0.0	0.0125
simple	0.029411764705882353	0.06818181818181818	0.8755467407455262	0.07894736842105263	0.1346153846153846	0.05555555555555555	0.11363636363636363	0.023415977961432508	0.058333333333333334	0.04580152671755725	0.1896551724137931	0.11904761904761904	0.1956521739130435	0.10714285714285714	0.06796116504854369	0.10377358490566038	0.15517241379310345	0.14705882352941177	0.05	0.08333333333333333	0.08823529411764706	0.10344827586206896	0.041935483870967745	0.08247422680412371	0.11666666666666667	0.07792207792207792	0.14285714285714285	0.029411764705882353	1.0	0.1	0.125	0.058823529411764705	0.18421052631578946	0.12121212121212122	0.029411764705882353	0.11956521739130435
sr	0.016129032258064516	0.109375	0.468	0.029411764705882353	0.11842105263157894	0.1015625	0.06944444444444445	0.043111586132403866	0.10655737704918032	0.08148148148148149	0.14285714285714285	0.08823529411764706	0.075	0.08536585365853659	0.10091743119266056	0.09090909090909091	0.15	0.0625	0.08064516129032258	0.046875	0.04838709677419355	0.12686567164179105	0.07961783439490445	0.10476190476190476	0.12195121951219512	0.10588235294117647	0.32137698603755416	0.016129032258064516	0.1	1.0	0.17647058823529413	0.015625	0.11904761904761904	0.13953488372093023	0.016129032258064516	0.14545454545454545
sv	0.013157894736842105	0.075	0.714560270602706	0.0375	0.1	0.11923076923076924	0.05813953488372093	0.050824175824175824	0.13008130081300814	0.12121212121212122	0.14893617021276595	0.0875	0.08888888888888889	0.09782608695652174	0.11061946902654868	0.13432835820895522	0.17045454545454544	0.06578947368421052	0.0375	0.038461538461538464	0.039473684210526314	0.15	0.090625	0.14222746950019677	0.11702127659574468	0.15476190476190477	0.14772727272727273	0.013157894736842105	0.125	0.17647058823529413	1.0	0.02631578947368421	0.13829787234042554	0.1595744680851064	0.013157894736842105	0.18421052631578946
te	0.25	0.05555555555555555	0.364	0.08333333333333333	0.029411764705882353	0.004032258064516129	0.045454545454545456	0.0027548209366391185	0.008547008547008548	0.007936507936507936	0.020833333333333332	0.05	0.03125	0.027777777777777776	0.01	0.010416666666666666	0.022727272727272728	0.08333333333333333	0.0	0.25	0.125	0.009259259259259259	0.006622516556291391	0.010416666666666666	0.023809523809523808	0.00684931506849315	0.025	0.0	0.058823529411764705	0.015625	0.02631578947368421	0.5	0.13043478260869565	0.02	0.25	0.012195121951219513
tr	0.05555555555555555	0.21153846153846154	-1.0	0.075	0.19642857142857142	0.08734295020939972	0.13043478260869565	0.09978341584158415	0.11564465408805032	0.10267673301304049	0.125	0.14583333333333334	0.0967741935483871	0.1891891891891892	0.12878787878787878	0.16304347826086957	0.1896551724137931	0.14	0.12	0.17307692307692307	0.05	0.06738850051110364	0.09375	0.13049052396878483	0.10714285714285714	0.12337662337662338	0.12962962962962962	0.023809523809523808	0.18421052631578946	0.11904761904761904	0.13829787234042554	0.13043478260869565	1.0	0.18055555555555555	0.05	0.18292682926829268
vi	0.020833333333333332	0.09259259259259259	0.8458016485673165	0.057692307692307696	0.125	0.07874015748031496	0.08620689655172414	0.03305785123966942	0.07317073170731707	0.07251908396946564	0.13513513513513514	0.1346153846153846	0.109375	0.12121212121212122	0.08490566037735849	0.12280701754385964	0.125	0.10416666666666667	0.017857142857142856	0.06	0.0625	0.1111111111111111	0.060897435897435896	0.09405940594059406	0.16666666666666666	0.10759493670886076	0.15151515151515152	0.020833333333333332	0.12121212121212122	0.13953488372093023	0.1595744680851064	0.02	0.18055555555555555	0.5	0.020833333333333332	0.11538461538461539
war	0.5	0.0625	0.4602536415682296	0.1	0.03125	0.0040650406504065045	0.05	0.0013774104683195593	0.004273504273504274	0.003968253968253968	0.021739130434782608	0.05555555555555555	0.03333333333333333	0.029411764705882353	0.005	0.010638297872340425	0.023809523809523808	0.1	0.0	0.125	0.16666666666666666	0.009433962264150943	0.0033112582781456954	0.005208333333333333	0.025	0.006944444444444444	0.02631578947368421	0.0	0.029411764705882353	0.016129032258064516	0.013157894736842105	0.25	0.05	0.020833333333333332	0.5	0.0125
zh	0.0125	0.07142857142857142	0.5152236609521554	0.03571428571428571	0.09574468085106383	0.1037037037037037	0.06818181818181818	0.05509641873278237	0.12301587301587301	0.10583941605839416	0.14285714285714285	0.08333333333333333	0.1111111111111111	0.08163265306122448	0.11403508771929824	0.13043478260869565	0.16304347826086957	0.0625	0.03571428571428571	0.023809523809523808	0.0375	0.136986301369863	0.08950617283950617	0.16019417475728157	0.1	0.11538461538461539	0.10204081632653061	0.0125	0.11956521739130435	0.14545454545454545	0.18421052631578946	0.012195121951219513	0.18292682926829268	0.11538461538461539	0.0125	0.5
