arz	bs	ceb	ckb	da	de	el	en	es	fr	he	hi	hu	id	it	ja	ko	lv	mk	ml	mr	nl	pl	pt	ro	ru	sh	si	simple	sr	sv	te	vi	war	zh
arz	0.14302059202059203	0.25006249999999997	0.50025	0.33344444444444443	0.1667222222222222	0.16666666666666666	0.14287755102040817	0.14285714285714285	0.14285714285714285	0.14285714285714285	0.16675002777777773	0.25	0.14289797959183673	0.14287755102040817	0.16666666666666666	0.16666666666666666	0.14287755102040817	0.2	0.16672225	0.2	0.25	0.14287755102040817	0.14287755102040817	0.14287755102040817	0.14285714285714285	0.14285714285714285	0.16666666666666666	1.0	0.1667222222222222	0.14285714285714285	0.16666666666666666	0.3333333333333333	0.14285714285714285	0.16666666666666666	0.14289795918367346
bs	0.25006249999999997	0.10001999999999998	0.25	0.25	0.11112345679012345	0.125	0.1111111111111111	0.1	0.1111111111111111	0.1111111111111111	0.1	0.125	0.125	0.1111111111111111	0.125	0.125	0.1111111111111111	0.125	0.16669444444444442	0.16666666666666666	0.16666666666666666	0.125	0.11112345679012345	0.1111111111111111	0.125	0.1111111111111111	0.125	0.25	0.12503124999999998	0.125	0.1	0.25	0.1111111111111111	0.25	0.11112345679012345
ceb	0.50025	0.25	0.077351534349144	0.3333333333333333	0.08334027777777778	0.07695859763905326	0.16669444444444442	0.07695860357398819	0.07693491124260354	0.07694082840236686	0.0833680625	0.11113581481481481	0.08336111111111111	0.09091735537190083	0.08334027777777778	0.09090909090909091	0.10002000999999999	0.1111111111111111	0.14289795918367348	0.20003999999999997	0.20012	0.08334722916666666	0.07694083431952663	0.08335416666666667	0.09094215702479339	0.07693491124260354	0.12503124999999998	0.5	0.10010005001	0.125015625	0.07692899408284024	0.5	0.10000999999999999	0.3333333333333333	0.09090909090909091
ckb	0.33344444444444443	0.25	0.3333333333333333	0.14289797961226533	0.16666666666666666	0.14285714285714285	0.2	0.14285714285714285	0.16666666666666666	0.14285714285714285	0.16669444444444442	0.16666666666666666	0.16666666666666666	0.16666666666666666	0.16666666666666666	0.16666666666666666	0.16666666666666666	0.16666666666666666	0.2	0.2	0.2	0.16669444444444442	0.16666666666666666	0.16666666666666666	0.16666666666666666	0.1666944722500278	0.2	0.5	0.2	0.16666666666666666	0.16666666666666666	0.25	0.16666666666666666	0.3333333333333333	0.1666944722500278
da	0.1667222222222222	0.11112345679012345	0.08334027777777778	0.16666666666666666	0.02638592782838165	0.03333888888888888	0.05263157894736842	0.026321331024930752	0.02941349480968858	0.02857306122448979	0.03448751724137931	0.05263157894736842	0.037043897119341564	0.03333666666666667	0.0312529296875	0.034482758620689655	0.034487514863258024	0.058830449826989616	0.07143367346938775	0.08333333333333333	0.09092561983471074	0.03333333333333333	0.030306704315886137	0.03125488476758008	0.03703840877914952	0.029416091695501728	0.058823529411764705	0.14285714285714285	0.037043897119341564	0.050004999999999994	0.03030486776859504	0.16666666666666666	0.040003199999999996	0.14285714285714285	0.03031405601928742
de	0.16666666666666666	0.125	0.07695859763905326	0.14285714285714285	0.03333888888888888	0.01760006247198313	0.043482041587901706	0.01786065114795918	0.0200008	0.01818446347107438	0.02941349480968858	0.043478260869565216	0.03449108323424495	0.02632133033240997	0.02174054820415879	0.022727789256198346	0.027781635802469132	0.06666666666666667	0.0625	0.0625078125	0.06666666666666667	0.024392028554431885	0.025000625	0.02325743645213629	0.03125195410156249	0.02083593793446224	0.05555555555555555	0.125	0.0303122157943067	0.04167534895833333	0.023258518117901566	0.1	0.03571683673469388	0.125	0.02273398915289256
el	0.14287755102040817	0.1111111111111111	0.16669444444444442	0.2	0.05263157894736842	0.043482041587901706	0.035723215561224486	0.03571428571428571	0.041666666666666664	0.041666666666666664	0.05	0.05555864197530863	0.05882698961937716	0.047621315192743756	0.041666666666666664	0.041666666666666664	0.05	0.08333333333333333	0.09090909090909091	0.07143367346938775	0.07692307692307693	0.05	0.05	0.04166840277777777	0.05555555555555555	0.04	0.07692307692307693	0.2	0.05263157894736842	0.05555555555555555	0.041666666666666664	0.1	0.05263157894736842	0.125	0.043478260869565216
en	0.14285714285714285	0.1	0.07695860357398819	0.14285714285714285	0.026321331024930752	0.01786065114795918	0.03571428571428571	0.006475967702377552	0.013513696128560994	0.011766921107543253	0.02273398967045558	0.029412629757785465	0.030308540863177226	0.01667000083333333	0.013701821167386002	0.015874527840765932	0.01923335798816568	0.058823529411764705	0.058823529411764705	0.05264266482271468	0.045464882237609514	0.01923224852071006	0.020002400799999997	0.01786033195153061	0.026318559556786702	0.01282297912606854	0.045454545454545456	0.08333333333333333	0.024397979179060083	0.03333666666666667	0.014287959795918365	0.0625	0.027781636574074068	0.125	0.01614074610250026
es	0.14285714285714285	0.1111111111111111	0.07693491124260354	0.16666666666666666	0.02941349480968858	0.0200008	0.041666666666666664	0.013513696128560994	0.012997141684779232	0.015151744719926538	0.026317174515235454	0.04	0.030303948576675847	0.023255813953488372	0.018868280526877893	0.020833333333333332	0.02325635478637101	0.0625	0.06666666666666667	0.0625	0.06250390624999999	0.020833333333333332	0.023256896160086533	0.02	0.0312509765625	0.016667222222222222	0.05263157894736842	0.1111111111111111	0.027779320987654316	0.038461538461538464	0.021739130434782608	0.1	0.031250976562500005	0.125	0.019231508875739642
fr	0.14285714285714285	0.1111111111111111	0.07694082840236686	0.14285714285714285	0.02857306122448979	0.01818446347107438	0.041666666666666664	0.011766921107543253	0.015151744719926538	0.011401206890553545	0.0243955996430696	0.03703840877914952	0.030304866850321393	0.020835069444444444	0.018519890260631	0.019608227604767395	0.020409829237817576	0.0625	0.058823529411764705	0.055561728395061724	0.050004999999999994	0.020835069444444444	0.022223703703703704	0.020409829237817576	0.029414359861591695	0.016394786885514913	0.05	0.1	0.027780092592592592	0.038465977810650885	0.021739130434782608	0.08333333333333333	0.03125	0.125	0.017547245306248075
he	0.16675002777777773	0.1	0.0833680625	0.16669444444444442	0.03448751724137931	0.02941349480968858	0.05	0.02273398967045558	0.026317174515235454	0.0243955996430696	0.02232242075458739	0.052637119113573404	0.03847189793195266	0.028577959999999996	0.02941522577854671	0.0312519541015625	0.03333777777777778	0.0625	0.07143877551020407	0.08336111806250696	0.09094218185127274	0.030304866850321393	0.03333778	0.025006875624999994	0.037043897120714674	0.025003751250625626	0.05555555555555555	0.14285714285714285	0.03573343113649491	0.04762358503401361	0.03333333333333333	0.16666666666666666	0.035715561224489795	0.14285714285714285	0.027786267747685178
hi	0.25	0.125	0.11113581481481481	0.16666666666666666	0.05263157894736842	0.043478260869565216	0.05555864197530863	0.029412629757785465	0.04	0.03703840877914952	0.052637119113573404	0.029439471471469737	0.05555864197530863	0.038461538461538464	0.043478260869565216	0.04	0.047619047619047616	0.07142857142857142	0.08333333333333333	0.06250390624999999	0.04762358276643991	0.05263434903047091	0.04762358276643991	0.047619047619047616	0.05555864197530863	0.038461538461538464	0.07692307692307693	0.14285714285714285	0.050007502499999995	0.06251171875	0.0400016	0.0625	0.05555555555555555	0.16666666666666666	0.045456611570247926
hu	0.14289797959183673	0.125	0.08336111111111111	0.16666666666666666	0.037043897119341564	0.03449108323424495	0.05882698961937716	0.030308540863177226	0.030303948576675847	0.030304866850321393	0.03847189793195266	0.05555864197530863	0.030413631436177185	0.038465976331360945	0.03571683801020408	0.03571683673469388	0.037042524005486965	0.06666666666666667	0.07143367346938775	0.08336112500695139	0.08338893058335418	0.034487514863258024	0.034485136741973836	0.034485136741973836	0.03846597781213166	0.030310378328741963	0.05555864197530863	0.14285714285714285	0.038470417159763313	0.0500175025	0.034482758620689655	0.2	0.04545867768595041	0.125	0.032274726336117596
id	0.14287755102040817	0.1111111111111111	0.09091735537190083	0.16666666666666666	0.03333666666666667	0.02632133033240997	0.047621315192743756	0.01667000083333333	0.023255813953488372	0.020835069444444444	0.028577959999999996	0.038461538461538464	0.038465976331360945	0.0167212875011997	0.02564102564102564	0.025002499999999997	0.02702848794740686	0.0625	0.0666755600044489	0.06666666666666667	0.0625	0.029412629757785465	0.029415224913494808	0.026318559556786702	0.033334444444444444	0.02127840697148031	0.058823529411764705	0.14285714285714285	0.034487514863258024	0.0454586797541343	0.02857306122448979	0.09090909090909091	0.031251953124999995	0.125	0.02273088946332696
it	0.16666666666666666	0.125	0.08334027777777778	0.16666666666666666	0.0312529296875	0.02174054820415879	0.041666666666666664	0.013701821167386002	0.018868280526877893	0.018519890260631	0.02941522577854671	0.043478260869565216	0.03571683801020408	0.02564102564102564	0.012217171836965699	0.019231139053254437	0.02564168310322156	0.0625	0.0625	0.06251171875	0.06667555555555557	0.023810090702947845	0.023810657596371878	0.022728305785123963	0.02857142857142857	0.01818181818181818	0.05263157894736842	0.1	0.031256838868164064	0.03846449704142012	0.016949727377190464	0.1	0.030303948576675847	0.125	0.022223209876543207
ja	0.16666666666666666	0.125	0.09090909090909091	0.16666666666666666	0.034482758620689655	0.022727789256198346	0.041666666666666664	0.015874527840765932	0.020833333333333332	0.019608227604767395	0.0312519541015625	0.04	0.03571683673469388	0.025002499999999997	0.019231139053254437	0.015645781540360244	0.023809523809523808	0.06666666666666667	0.06250390624999999	0.06250390624999999	0.06250390624999999	0.02631578947368421	0.027029218407596787	0.027029218407596787	0.03226118626430802	0.02173960302457467	0.05555555555555555	0.1111111111111111	0.029415225778546716	0.04167013888888889	0.0212779538252603	0.09090909090909091	0.029411764705882353	0.125	0.022225186173333827
ko	0.14287755102040817	0.1111111111111111	0.10002000999999999	0.16666666666666666	0.034487514863258024	0.027781635802469132	0.05	0.01923335798816568	0.02325635478637101	0.020409829237817576	0.03333777777777778	0.047619047619047616	0.037042524005486965	0.02702848794740686	0.02564168310322156	0.023809523809523808	0.01758582111231813	0.0625	0.0625	0.08334722222222221	0.07693491124260354	0.031251953125	0.031251953125	0.02941349480968858	0.03846449704142012	0.024390838786436643	0.05555555555555555	0.1111111111111111	0.03226222788761707	0.05	0.027777777777777776	0.14285714285714285	0.033334444444444444	0.125	0.021280669986419195
lv	0.2	0.125	0.1111111111111111	0.16666666666666666	0.058830449826989616	0.06666666666666667	0.08333333333333333	0.058823529411764705	0.0625	0.0625	0.0625	0.07142857142857142	0.06666666666666667	0.0625	0.0625	0.06666666666666667	0.0625	0.05884776471280623	0.08333333333333333	0.1111111111111111	0.1111111111111111	0.0625	0.058823529411764705	0.058823529411764705	0.05882698961937716	0.05882698961937716	0.07142857142857142	0.2	0.06667111111111111	0.0625078125	0.058823529411764705	0.2	0.0625	0.16666666666666666	0.06250390624999999
mk	0.16672225	0.16669444444444442	0.14289795918367348	0.2	0.07143367346938775	0.0625	0.09090909090909091	0.058823529411764705	0.06666666666666667	0.058823529411764705	0.07143877551020407	0.08333333333333333	0.07143367346938775	0.0666755600044489	0.0625	0.06250390624999999	0.0625	0.08333333333333333	0.05562043523770067	0.125015625	0.14285714285714285	0.05882698961937716	0.06250390624999999	0.06667111111111111	0.0625	0.0625	0.07692307692307693	0.2	0.07143367346938775	0.0666755600044489	0.06666666666666667	0.25	0.06666666666666667	0.125	0.06251171875
ml	0.2	0.16666666666666666	0.20003999999999997	0.2	0.08333333333333333	0.0625078125	0.07143367346938775	0.05264266482271468	0.0625	0.055561728395061724	0.08336111806250696	0.06250390624999999	0.08336112500695139	0.06666666666666667	0.06251171875	0.06250390624999999	0.08334722222222221	0.1111111111111111	0.125015625	0.05276488453693126	0.0714796326836939	0.07143877551020407	0.06667111111111111	0.0714387806122449	0.07694676333137872	0.055561728395061724	0.125	0.2	0.0769526745621361	0.09091735537190083	0.06667111111111111	0.08334722222222221	0.09090909090909091	0.16666666666666666	0.07692307692307693
mr	0.25	0.16666666666666666	0.20012	0.2	0.09092561983471074	0.06666666666666667	0.07692307692307693	0.045464882237609514	0.06250390624999999	0.050004999999999994	0.09094218185127274	0.04762358276643991	0.08338893058335418	0.0625	0.06667555555555557	0.06250390624999999	0.07693491124260354	0.1111111111111111	0.14285714285714285	0.0714796326836939	0.045676703593501934	0.07693491124260354	0.07143367346938775	0.07692307692307693	0.08336112501390279	0.050007502499999995	0.11112345679012345	0.16666666666666666	0.08338893059031253	0.10001999999999998	0.0625078125	0.07693491124260354	0.10001999999999998	0.2	0.07697044379290532
nl	0.14287755102040817	0.125	0.08334722916666666	0.16669444444444442	0.03333333333333333	0.024392028554431885	0.05	0.01923224852071006	0.020833333333333332	0.020835069444444444	0.030304866850321393	0.05263434903047091	0.034487514863258024	0.029412629757785465	0.023810090702947845	0.02631578947368421	0.031251953125	0.0625	0.05882698961937716	0.07143877551020407	0.07693491124260354	0.018890026739104025	0.027779320987654316	0.02631578947368421	0.03225910509885536	0.022222716049382713	0.047621315192743756	0.125	0.03334111333333333	0.04167013888888889	0.02564168310322156	0.14285714285714285	0.03571683673469388	0.125	0.02631786703601108
pl	0.14287755102040817	0.11112345679012345	0.07694083431952663	0.16666666666666666	0.030306704315886137	0.025000625	0.05	0.020002400799999997	0.023256896160086533	0.022223703703703704	0.03333778	0.04762358276643991	0.034485136741973836	0.029415224913494808	0.023810657596371878	0.027029218407596787	0.031251953125	0.058823529411764705	0.06250390624999999	0.06667111111111111	0.07143367346938775	0.027779320987654316	0.019277483660164678	0.02778086574151235	0.031251953125	0.022223209876543207	0.05263157894736842	0.125	0.0322705535900104	0.04167013888888889	0.025642998027613412	0.125	0.03703840877914952	0.125	0.027784722993827157
pt	0.14287755102040817	0.1111111111111111	0.08335416666666667	0.16666666666666666	0.03125488476758008	0.02325743645213629	0.04166840277777777	0.01786033195153061	0.02	0.020409829237817576	0.025006875624999994	0.047619047619047616	0.034485136741973836	0.026318559556786702	0.022728305785123963	0.027029218407596787	0.02941349480968858	0.058823529411764705	0.06667111111111111	0.0714387806122449	0.07692307692307693	0.02631578947368421	0.02778086574151235	0.017284894183947866	0.030303948576675847	0.01923261871301775	0.05	0.125	0.029418685986159165	0.03846449704142012	0.02564102564102564	0.125	0.03571428571428571	0.125	0.02325851865873445
ro	0.14285714285714285	0.125	0.09094215702479339	0.16666666666666666	0.03703840877914952	0.03125195410156249	0.05555555555555555	0.026318559556786702	0.0312509765625	0.029414359861591695	0.037043897120714674	0.05555864197530863	0.03846597781213166	0.033334444444444444	0.02857142857142857	0.03226118626430802	0.03846449704142012	0.05882698961937716	0.0625	0.07694676333137872	0.08336112501390279	0.03225910509885536	0.031251953125	0.030303948576675847	0.026359500843073227	0.027778549382716046	0.05555864197530863	0.16666666666666666	0.04168577778646528	0.041666666666666664	0.030304866850321393	0.16666666666666666	0.0400016016016016	0.125	0.034488707492271106
ru	0.14285714285714285	0.1111111111111111	0.07693491124260354	0.1666944722500278	0.029416091695501728	0.02083593793446224	0.04	0.01282297912606854	0.016667222222222222	0.016394786885514913	0.025003751250625626	0.038461538461538464	0.030310378328741963	0.02127840697148031	0.01818181818181818	0.02173960302457467	0.024390838786436643	0.05882698961937716	0.0625	0.055561728395061724	0.050007502499999995	0.022222716049382713	0.022223209876543207	0.01923261871301775	0.027778549382716046	0.01209073667714277	0.05000249999999999	0.1	0.026324103187673822	0.037039780521262	0.019231508875739642	0.08333333333333333	0.030303030303030304	0.125	0.0200048020012008
sh	0.16666666666666666	0.125	0.12503124999999998	0.2	0.058823529411764705	0.05555555555555555	0.07692307692307693	0.045454545454545456	0.05263157894736842	0.05	0.05555555555555555	0.07692307692307693	0.05555864197530863	0.058823529411764705	0.05263157894736842	0.05555555555555555	0.05555555555555555	0.07142857142857142	0.07692307692307693	0.125	0.11112345679012345	0.047621315192743756	0.05263157894736842	0.05	0.05555864197530863	0.05000249999999999	0.045493834745896716	0.14285714285714285	0.058830449826989616	0.05000249999999999	0.05555555555555555	0.25	0.058823529411764705	0.14285714285714285	0.050007502499999995
si	1.0	0.25	0.5	0.5	0.14285714285714285	0.125	0.2	0.08333333333333333	0.1111111111111111	0.1	0.14285714285714285	0.14285714285714285	0.14285714285714285	0.14285714285714285	0.1	0.1111111111111111	0.1111111111111111	0.2	0.2	0.2	0.16666666666666666	0.125	0.125	0.125	0.16666666666666666	0.1	0.14285714285714285	0.08334722222222221	0.14285714285714285	0.16666666666666666	0.1111111111111111	0.25	0.16666666666666666	0.5	0.1
simple	0.1667222222222222	0.12503124999999998	0.10010005001	0.2	0.037043897119341564	0.0303122157943067	0.05263157894736842	0.024397979179060083	0.027779320987654316	0.027780092592592592	0.03573343113649491	0.050007502499999995	0.038470417159763313	0.034487514863258024	0.031256838868164064	0.029415225778546716	0.03226222788761707	0.06667111111111111	0.07143367346938775	0.0769526745621361	0.08338893059031253	0.03334111333333333	0.0322705535900104	0.029418685986159165	0.04168577778646528	0.026324103187673822	0.058830449826989616	0.14285714285714285	0.024556753016161618	0.045481425634312	0.03226326742976067	0.125	0.040008001601601596	0.14285714285714285	0.02780249385883492
sr	0.14285714285714285	0.125	0.125015625	0.16666666666666666	0.050004999999999994	0.04167534895833333	0.05555555555555555	0.03333666666666667	0.038461538461538464	0.038465977810650885	0.04762358503401361	0.06251171875	0.0500175025	0.0454586797541343	0.03846449704142012	0.04167013888888889	0.05	0.0625078125	0.0666755600044489	0.09091735537190083	0.10001999999999998	0.04167013888888889	0.04167013888888889	0.03846449704142012	0.041666666666666664	0.037039780521262	0.05000249999999999	0.16666666666666666	0.045481425634312	0.03343923555908102	0.04545867768595041	0.14287755102040817	0.05000249999999999	0.125	0.040012804803203204
sv	0.16666666666666666	0.1	0.07692899408284024	0.16666666666666666	0.03030486776859504	0.023258518117901566	0.041666666666666664	0.014287959795918365	0.021739130434782608	0.021739130434782608	0.03333333333333333	0.0400016	0.034482758620689655	0.02857306122448979	0.016949727377190464	0.0212779538252603	0.027777777777777776	0.058823529411764705	0.06666666666666667	0.06667111111111111	0.0625078125	0.02564168310322156	0.025642998027613412	0.02564102564102564	0.030304866850321393	0.019231508875739642	0.05555555555555555	0.1111111111111111	0.03226326742976067	0.04545867768595041	0.012529446265867179	0.1	0.033335555555555556	0.14285714285714285	0.02500437625
te	0.3333333333333333	0.25	0.5	0.25	0.16666666666666666	0.1	0.1	0.0625	0.1	0.08333333333333333	0.16666666666666666	0.0625	0.2	0.09090909090909091	0.1	0.09090909090909091	0.14285714285714285	0.2	0.25	0.08334722222222221	0.07693491124260354	0.14285714285714285	0.125	0.125	0.16666666666666666	0.08333333333333333	0.25	0.25	0.125	0.14287755102040817	0.1	0.06254691801567976	0.16666666666666666	0.25	0.125
vi	0.14285714285714285	0.1111111111111111	0.10000999999999999	0.16666666666666666	0.040003199999999996	0.03571683673469388	0.05263157894736842	0.027781636574074068	0.031250976562500005	0.03125	0.035715561224489795	0.05555555555555555	0.04545867768595041	0.031251953124999995	0.030303948576675847	0.029411764705882353	0.033334444444444444	0.0625	0.06666666666666667	0.09090909090909091	0.10001999999999998	0.03571683673469388	0.03703840877914952	0.03571428571428571	0.0400016016016016	0.030303030303030304	0.058823529411764705	0.16666666666666666	0.040008001601601596	0.05000249999999999	0.033335555555555556	0.16666666666666666	0.02781098768212967	0.125015625	0.0312548837890625
war	0.16666666666666666	0.25	0.3333333333333333	0.3333333333333333	0.14285714285714285	0.125	0.125	0.125	0.125	0.125	0.14285714285714285	0.16666666666666666	0.125	0.125	0.125	0.125	0.125	0.16666666666666666	0.125	0.16666666666666666	0.2	0.125	0.125	0.125	0.125	0.125	0.14285714285714285	0.5	0.14285714285714285	0.125	0.14285714285714285	0.25	0.125015625	0.125015625	0.125015625
zh	0.14289795918367346	0.11112345679012345	0.09090909090909091	0.1666944722500278	0.03031405601928742	0.02273398915289256	0.043478260869565216	0.01614074610250026	0.019231508875739642	0.017547245306248075	0.027786267747685178	0.045456611570247926	0.032274726336117596	0.02273088946332696	0.022223209876543207	0.022225186173333827	0.021280669986419195	0.06250390624999999	0.06251171875	0.07692307692307693	0.07697044379290532	0.02631786703601108	0.027784722993827157	0.02325851865873445	0.034488707492271106	0.0200048020012008	0.050007502499999995	0.1	0.02780249385883492	0.040012804803203204	0.02500437625	0.125	0.0312548837890625	0.125015625	0.015272800820609998
