arz	bs	ceb	ckb	da	de	el	en	es	fr	he	hi	hu	id	it	ja	ko	lv	mk	ml	mr	nl	pl	pt	ro	ru	sh	si	simple	sr	sv	te	vi	war	zh
arz	1.0	0.7185987212658609	0.8221725170212739	0.5478898498713498	0.3864238835647144	0.5138495003069985	0.6539770490567606	0.5144354844554145	0.62563487044813	0.62563487044813	0.5688552433543506	0.7485626851496747	0.4915068532428068	0.38282304069590173	0.5649391517793139	0.6072196471809559	0.6199672562935243	0.5899591329988276	0.418068521934099	0.3736515771084889	0.37384548065234857	0.5988313476428734	0.5514687321375568	0.626552866055706	0.4017140654521925	0.6565993314420218	0.6777469138817339	1.0	0.5122215372991396	0.31604405340586106	0.6080370739571177	0.8668818778977666	0.3822786955964238	0.5427680640073164	0.3640382957187813
bs	0.7185987212658609	1.0	0.7419376404947533	0.453601195752624	0.4620794313192561	0.6184156762582912	0.6841174893561722	0.5761473233381913	0.615770989928321	0.6438333265733426	0.27689407884049305	0.6720700522405457	0.4342581532573625	0.5575301555784221	0.6300807472510359	0.7249168679245882	0.6023743023781792	0.6562661056221565	0.6756406127345406	0.4344921903576951	0.39171252459223393	0.5770380091726526	0.5458894222242492	0.6876176982821586	0.3512114164399571	0.3934784353538285	0.6184156762582913	1.0	0.4830346828309301	0.5007120773777388	0.64245413871571	0.7690990303325336	0.5575312770633982	0.7690990303325336	0.3671905948675525
ceb	0.8221725170212739	0.7419376404947533	1.0	0.5202849046723863	0.4974078077976447	0.39072600682807357	0.7425662378100751	0.4068420967878437	0.6022704870503541	0.5583563508298224	0.33178702111612823	0.5223644944794703	0.5540151953214696	0.3902721777633377	0.5922874214106768	0.5828474183207922	0.5971623020804429	0.6295923192402829	0.5559441957213918	0.4701762406187384	0.5730373834680226	0.5669332019313919	0.45090873928798664	0.49309632876058423	0.4830835287437607	0.35085510237493417	0.6401294909347318	1.0	0.3213213588320413	0.4605868320711149	0.6143977086924494	0.953225785585603	0.5483253053391728	0.5480953166963739	0.28552975263596053
ckb	0.5478898498713498	0.453601195752624	0.5202849046723863	1.0	0.46994078297005365	0.41413998784888373	0.4576444201675777	0.4138486043852754	0.4417255608795031	0.41413998784888373	0.48955024524807045	0.4232429018965382	0.4275555948063201	0.34585198463640565	0.4417255608795031	0.4208454034943425	0.42379197765783655	0.4417255608795031	0.4869995667984163	0.3031295903306695	0.31154358281064026	0.4372685073619928	0.3830827285379533	0.4477722211152555	0.29230368639139376	0.7769834720425395	0.43713922800729815	1.0	0.709178945406903	0.38981777098840487	0.4417255608795031	0.4805954866802148	0.4237919776578365	0.517346181619858	0.509477452935319
da	0.3864238835647144	0.4620794313192561	0.4974078077976447	0.46994078297005365	1.0	0.24805104347193432	0.3142716094002182	0.1773567115773116	0.2346865680214211	0.21788634544365867	0.2143220507683058	0.299652748550903	0.30682962016846377	0.208830732108707	0.200747745922248	0.1908620704995995	0.21204823182170304	0.311439422826683	0.28354870160720064	0.3490079049121965	0.41645213135093023	0.24864164619815193	0.2149632814680219	0.21137394731771633	0.2210137907014436	0.19376278936870941	0.3233564717773909	0.41413998784888373	0.26540243445149714	0.2719758724548913	0.23742425278272805	0.7106258151102424	0.24522585377345393	0.582538051905643	0.22846636079534685
de	0.5138495003069985	0.6184156762582912	0.39072600682807357	0.41413998784888373	0.24805104347193432	1.0	0.3927220813828276	0.18893920778454432	0.19911306208977164	0.18010068649619723	0.2366657657323965	0.2924135930478847	0.26341141669769585	0.16041642332404965	0.2122224772906716	0.16767631273453817	0.23701343864147015	0.3872042675292898	0.30026802490284743	0.2707171506709931	0.3583675357218122	0.16929751702401472	0.14859814870021912	0.17362947702385234	0.21987587327387828	0.1872919995246972	0.3186619193381447	0.7411828468492556	0.2735557279891086	0.20361797450590208	0.1540022531531969	0.3650466712383772	0.2715241061498206	0.5663974036261076	0.19726338870706142
el	0.6539770490567606	0.6841174893561722	0.7425662378100751	0.4576444201675777	0.3142716094002182	0.3927220813828276	1.0	0.308644099784023	0.4995317090219497	0.38494533950913096	0.34372444631519156	0.5342230823346169	0.4393472796864571	0.23260321849452356	0.3210122635160974	0.4296576072370801	0.4373909290105802	0.562639599075877	0.41427010479044496	0.3322787283636523	0.38390727655358453	0.38660475013004675	0.3126647390912941	0.34780756122554907	0.37080749364172244	0.307306020106887	0.5285507379333246	1.0	0.40887104247336353	0.2661208853855485	0.4122735692406269	0.3630464182601689	0.2963715533442296	0.7411828468492556	0.3150036048307181
en	0.5144354844554145	0.5761473233381913	0.4068420967878437	0.4138486043852754	0.1773567115773116	0.18893920778454432	0.308644099784023	1.0	0.19491066600881818	0.15121833646892713	0.1859355719040197	0.2628717896645629	0.23820511374642597	0.1732086094872232	0.18119858266984573	0.1736606125665515	0.16366263473312134	0.28798348087288644	0.2712350950976601	0.2597881803024631	0.30739515029492553	0.1514065182296147	0.17324138714529383	0.18813542369623695	0.1846617046244774	0.1662364692816348	0.19822387104205622	0.2685274240172388	0.24004246248465516	0.25031190220331545	0.18090723872892295	0.29152256480939936	0.20723335493525152	0.5977667806498113	0.22756740998121266
es	0.62563487044813	0.615770989928321	0.6022704870503541	0.4417255608795031	0.2346865680214211	0.19911306208977164	0.4995317090219497	0.19491066600881818	1.0	0.1776640204071695	0.24881251575939772	0.3873238318045199	0.28019203772807827	0.23373097609737054	0.20996385322305103	0.20437139087086445	0.21042758659610716	0.47192497346683276	0.35233962359852566	0.3171598882675814	0.3914022236570575	0.1885528237492841	0.22064413183055462	0.18251062262461915	0.2402034420295766	0.17167369322992446	0.4006954467905972	0.7376607345031153	0.29208417706080747	0.32302876610173514	0.23992066427302583	0.35555863312327546	0.29270714012572435	0.7411828468492556	0.24120433953832549
fr	0.62563487044813	0.6438333265733426	0.5583563508298224	0.41413998784888373	0.21788634544365867	0.18010068649619723	0.38494533950913096	0.15121833646892713	0.1776640204071695	1.0	0.21163744801230303	0.33719125363631275	0.27057559486261307	0.1546498448537801	0.19248103654876184	0.17405706726477962	0.1410608099073779	0.4246023893599375	0.3318249024988624	0.2824034525706703	0.3607716275117617	0.17111157220949977	0.1755290333157853	0.1720381452064091	0.25042908178652906	0.17654011248315815	0.35310571010837016	0.46463260920259	0.2779339530912794	0.2839700064597661	0.17602637676602628	0.4718277832906685	0.24708220449323645	0.575783891745346	0.17138153143345922
he	0.5688552433543506	0.27689407884049305	0.33178702111612823	0.48955024524807045	0.2143220507683058	0.2366657657323965	0.34372444631519156	0.1859355719040197	0.24881251575939772	0.21163744801230303	1.0	0.3096115884602499	0.28665230561385224	0.20051995308698514	0.23803622158565513	0.26196924308718383	0.22454710022532534	0.33403435027393996	0.33753127747347567	0.3543722524518816	0.43994302390223344	0.2199358906713904	0.260284900370132	0.21096000111657537	0.25882956335840435	0.1916110620047188	0.2991810444207451	0.36656274161674457	0.27039596870652916	0.25880931687670183	0.25540316867878304	0.6329490453133492	0.2379261339868096	0.5783907539411323	0.21989037500944542
hi	0.7485626851496747	0.6720700522405457	0.5223644944794703	0.4232429018965382	0.299652748550903	0.2924135930478847	0.5342230823346169	0.2628717896645629	0.3873238318045199	0.33719125363631275	0.3096115884602499	1.0	0.3527836195338726	0.2526279284005605	0.38256508710022197	0.2905560115092377	0.35238000649838824	0.4321446554711748	0.4410854551207619	0.2386763822428187	0.3643076460815319	0.2980579755463352	0.28123694831676327	0.36622574800582036	0.2966666159176717	0.26034935321173	0.44634141508294933	0.74551343442257	0.31228878655556	0.38330005227335323	0.3544856153796212	0.29860719620210263	0.3099172893543305	1.0	0.24278792498547047
hu	0.4915068532428068	0.4342581532573625	0.5540151953214696	0.4275555948063201	0.30682962016846377	0.26341141669769585	0.4393472796864571	0.23820511374642597	0.28019203772807827	0.27057559486261307	0.28665230561385224	0.3527836195338726	1.0	0.26627793517957926	0.2931343188148208	0.22996628273791428	0.2691035868192894	0.390491799471693	0.3492344854898719	0.3204432412858236	0.3800370606714844	0.242937833423185	0.2929022715355395	0.2633895808768867	0.25111565924855356	0.24148070758784618	0.35373041338750577	0.7191367747727645	0.31659849498046727	0.2736309547607584	0.2879789482491325	0.6735300525054975	0.31435437423530677	0.6320945639276945	0.2760812724477455
id	0.38282304069590173	0.5575301555784221	0.3902721777633377	0.34585198463640565	0.208830732108707	0.16041642332404965	0.23260321849452356	0.1732086094872232	0.23373097609737054	0.1546498448537801	0.20051995308698514	0.2526279284005605	0.26627793517957926	1.0	0.18570673495240086	0.1610665437151189	0.18420443412618218	0.2134263882530866	0.2970156106520207	0.30444302419736013	0.3173137561157548	0.18131346976059645	0.17854013774772548	0.18839695563094846	0.16263908688646184	0.17823288007367594	0.2723029846783807	0.6380732827477678	0.21938971658775738	0.24112095669060707	0.19133762925293527	0.3223246219513982	0.2164586584479021	0.5586581871835101	0.20237262542678666
it	0.5649391517793139	0.6300807472510359	0.5922874214106768	0.4417255608795031	0.200747745922248	0.2122224772906716	0.3210122635160974	0.18119858266984573	0.20996385322305103	0.19248103654876184	0.23803622158565513	0.38256508710022197	0.2931343188148208	0.18570673495240086	1.0	0.17718043189039093	0.23138681102129582	0.45266346638408217	0.33766762843253095	0.3225121711495928	0.37817984970633756	0.19040842638726702	0.1937833584303509	0.17195917650632864	0.21272640748758279	0.17967621760433838	0.35561411523181885	0.5800352388177523	0.26971601371672904	0.25901704655269514	0.17595897088903903	0.3611301854800617	0.253989990706714	0.7304386475954315	0.22049497054765452
ja	0.6072196471809559	0.7249168679245882	0.5828474183207922	0.4208454034943425	0.1908620704995995	0.16767631273453817	0.4296576072370801	0.1736606125665515	0.20437139087086445	0.17405706726477962	0.26196924308718383	0.2905560115092377	0.22996628273791428	0.1610665437151189	0.17718043189039093	1.0	0.18409935378924044	0.44301660956834316	0.32520195950660946	0.3064663102977412	0.3853622617737477	0.21563322585712572	0.15045381632245916	0.20697361469137257	0.20445856781608188	0.18153174169929723	0.3456567977446833	0.6326788933738439	0.21253327404593023	0.2796840454501395	0.1948334322232513	0.34707296154912964	0.18158909422083203	0.7411828468492556	0.18470715336107832
ko	0.6199672562935243	0.6023743023781792	0.5971623020804429	0.42379197765783655	0.21204823182170304	0.23701343864147015	0.4373909290105802	0.16366263473312134	0.21042758659610716	0.1410608099073779	0.22454710022532534	0.35238000649838824	0.2691035868192894	0.18420443412618218	0.23138681102129582	0.18409935378924044	1.0	0.39872182770787323	0.32621206805515	0.25609227364241083	0.41986785350733424	0.24154022011598994	0.20931141284110044	0.20896218176680584	0.21987953183678263	0.18763016166535368	0.35030009624931424	0.526432208812148	0.25925567376228287	0.2936443443445781	0.2033404715846663	0.5691307896559942	0.2295413353213562	0.5757099667611998	0.17894145495730981
lv	0.5899591329988276	0.6562661056221565	0.6295923192402829	0.4417255608795031	0.311439422826683	0.3872042675292898	0.562639599075877	0.28798348087288644	0.47192497346683276	0.4246023893599375	0.33403435027393996	0.4321446554711748	0.390491799471693	0.2134263882530866	0.45266346638408217	0.44301660956834316	0.39872182770787323	1.0	0.48073715069570766	0.3478629110619999	0.38177803303754143	0.3848764177264712	0.40717803605585384	0.4374680253267328	0.2945234784063202	0.30175658389414434	0.47723924759998626	1.0	0.40358138584620185	0.3357586706177647	0.41401978152923696	1.0	0.3662392257794806	1.0	0.2711143356814682
mk	0.418068521934099	0.6756406127345406	0.5559441957213918	0.4869995667984163	0.28354870160720064	0.30026802490284743	0.41427010479044496	0.2712350950976601	0.35233962359852566	0.3318249024988624	0.33753127747347567	0.4410854551207619	0.3492344854898719	0.2970156106520207	0.33766762843253095	0.32520195950660946	0.32621206805515	0.48073715069570766	1.0	0.32280054412612325	0.3828015321861663	0.3016744544697943	0.24735516764846596	0.3027816547418097	0.22929780066982788	0.23318014983020008	0.39106773142686363	0.7584325078215765	0.3424462962456452	0.28722473117854763	0.41869710906270136	0.7686211302775307	0.2805264809630536	0.42003682897915706	0.26279178846776957
ml	0.3736515771084889	0.4344921903576951	0.4701762406187384	0.3031295903306695	0.3490079049121965	0.2707171506709931	0.3322787283636523	0.2597881803024631	0.3171598882675814	0.2824034525706703	0.3543722524518816	0.2386763822428187	0.3204432412858236	0.30444302419736013	0.3225121711495928	0.3064663102977412	0.25609227364241083	0.3478629110619999	0.32280054412612325	1.0	0.22245955353368052	0.34541260828804105	0.3135429807765596	0.31506269796043623	0.3718417685773278	0.2645269445213441	0.42155328208293136	0.6438319150297717	0.32949551895591417	0.30773054677596834	0.30735587733249103	0.24846413682329344	0.29826546976530754	0.3798919805080432	0.24665772643746636
mr	0.37384548065234857	0.39171252459223393	0.5730373834680226	0.31154358281064026	0.41645213135093023	0.3583675357218122	0.38390727655358453	0.30739515029492553	0.3914022236570575	0.3607716275117617	0.43994302390223344	0.3643076460815319	0.3800370606714844	0.3173137561157548	0.37817984970633756	0.3853622617737477	0.41986785350733424	0.38177803303754143	0.3828015321861663	0.22245955353368052	1.0	0.42686153235197327	0.33720740381260456	0.3637820362059288	0.29370916153123855	0.34982126720286805	0.5232334047969757	0.32369181452650564	0.32309911397774915	0.3657952381084358	0.3635029979363835	0.27374553484997705	0.3787956040290661	0.4626781901945825	0.31498678141490577
nl	0.5988313476428734	0.5770380091726526	0.5669332019313919	0.4372685073619928	0.24864164619815193	0.16929751702401472	0.38660475013004675	0.1514065182296147	0.1885528237492841	0.17111157220949977	0.2199358906713904	0.2980579755463352	0.242937833423185	0.18131346976059645	0.19040842638726702	0.21563322585712572	0.24154022011598994	0.3848764177264712	0.3016744544697943	0.34541260828804105	0.42686153235197327	1.0	0.1632711883417398	0.19784157147207895	0.20684428583700834	0.161442718490492	0.3157370122587005	0.6813557556905478	0.2530403669464528	0.26343313436051174	0.2160573961349221	0.6994017365373274	0.2554199764040685	0.6562661056221564	0.22616355294906704
pl	0.5514687321375568	0.5458894222242492	0.45090873928798664	0.3830827285379533	0.2149632814680219	0.14859814870021912	0.3126647390912941	0.17324138714529383	0.22064413183055462	0.1755290333157853	0.260284900370132	0.28123694831676327	0.2929022715355395	0.17854013774772548	0.1937833584303509	0.15045381632245916	0.20931141284110044	0.40717803605585384	0.24735516764846596	0.3135429807765596	0.33720740381260456	0.1632711883417398	1.0	0.22261739186966817	0.16965175689143824	0.18914072955578	0.33253580392482907	0.6562661056221564	0.2215802122739888	0.24233153092398071	0.17928381454762954	0.7736127515873525	0.30517007362699755	0.619369745875427	0.2134354540070462
pt	0.626552866055706	0.6876176982821586	0.49309632876058423	0.4477722211152555	0.21137394731771633	0.17362947702385234	0.34780756122554907	0.18813542369623695	0.18251062262461915	0.1720381452064091	0.21096000111657537	0.36622574800582036	0.2633895808768867	0.18839695563094846	0.17195917650632864	0.20697361469137257	0.20896218176680584	0.4374680253267328	0.3027816547418097	0.31506269796043623	0.3637820362059288	0.19784157147207895	0.22261739186966817	1.0	0.2431945666209421	0.18279935273255593	0.35738551620497305	0.42086015539690247	0.2848185324167049	0.2651517852673016	0.2177808564885316	0.39287011932812094	0.24624635031192077	0.575783891745346	0.22011656425282744
ro	0.4017140654521925	0.3512114164399571	0.4830835287437607	0.29230368639139376	0.2210137907014436	0.21987587327387828	0.37080749364172244	0.1846617046244774	0.2402034420295766	0.25042908178652906	0.25882956335840435	0.2966666159176717	0.25111565924855356	0.16263908688646184	0.21272640748758279	0.20445856781608188	0.21987953183678263	0.2945234784063202	0.22929780066982788	0.3718417685773278	0.29370916153123855	0.20684428583700834	0.16965175689143824	0.2431945666209421	1.0	0.2191452043505545	0.33400080955026007	0.4417255608795031	0.2643826273358153	0.2039450652921619	0.24081924718968414	0.3889305872613408	0.22880424311071199	0.4102141156408646	0.24993602084260977
ru	0.6565993314420218	0.3934784353538285	0.35085510237493417	0.7769834720425395	0.19376278936870941	0.1872919995246972	0.307306020106887	0.1662364692816348	0.17167369322992446	0.17654011248315815	0.1916110620047188	0.26034935321173	0.24148070758784618	0.17823288007367594	0.17967621760433838	0.18153174169929723	0.18763016166535368	0.30175658389414434	0.23318014983020008	0.2645269445213441	0.34982126720286805	0.161442718490492	0.18914072955578	0.18279935273255593	0.2191452043505545	1.0	0.312164150188081	0.5294441289055655	0.24260114818573936	0.2672228967702812	0.21365947523488046	0.4733497384968045	0.2115710674060279	0.6611832380397724	0.1937623780683663
sh	0.6777469138817339	0.6184156762582913	0.6401294909347318	0.43713922800729815	0.3233564717773909	0.3186619193381447	0.5285507379333246	0.19822387104205622	0.4006954467905972	0.35310571010837016	0.2991810444207451	0.44634141508294933	0.35373041338750577	0.2723029846783807	0.35561411523181885	0.3456567977446833	0.35030009624931424	0.47723924759998626	0.39106773142686363	0.42155328208293136	0.5232334047969757	0.3157370122587005	0.33253580392482907	0.35738551620497305	0.33400080955026007	0.312164150188081	1.0	0.6395657813917608	0.39642896569306024	0.2872216870716162	0.4390987771290347	1.0	0.34374664329342464	1.0	0.26660435182348313
si	1.0	1.0	1.0	1.0	0.41413998784888373	0.7411828468492556	1.0	0.2685274240172388	0.7376607345031153	0.46463260920259	0.36656274161674457	0.74551343442257	0.7191367747727645	0.6380732827477678	0.5800352388177523	0.6326788933738439	0.526432208812148	1.0	0.7584325078215765	0.6438319150297717	0.32369181452650564	0.6813557556905478	0.6562661056221564	0.42086015539690247	0.4417255608795031	0.5294441289055655	0.6395657813917608	1.0	0.5756088925557706	0.5572419100185739	0.403425576498752	0.7690990303325336	0.7510341748895938	1.0	0.4075554530502667
simple	0.5122215372991396	0.4830346828309301	0.3213213588320413	0.709178945406903	0.26540243445149714	0.2735557279891086	0.40887104247336353	0.24004246248465516	0.29208417706080747	0.2779339530912794	0.27039596870652916	0.31228878655556	0.31659849498046727	0.21938971658775738	0.26971601371672904	0.21253327404593023	0.25925567376228287	0.40358138584620185	0.3424462962456452	0.32949551895591417	0.32309911397774915	0.2530403669464528	0.2215802122739888	0.2848185324167049	0.2643826273358153	0.24260114818573936	0.39642896569306024	0.5756088925557706	1.0	0.27347914185752087	0.29835232092633984	0.5921189995330862	0.2818567405406788	0.4258679060581972	0.26072019375858435
sr	0.31604405340586106	0.5007120773777388	0.4605868320711149	0.38981777098840487	0.2719758724548913	0.20361797450590208	0.2661208853855485	0.25031190220331545	0.32302876610173514	0.2839700064597661	0.25880931687670183	0.38330005227335323	0.2736309547607584	0.24112095669060707	0.25901704655269514	0.2796840454501395	0.2936443443445781	0.3357586706177647	0.28722473117854763	0.30773054677596834	0.3657952381084358	0.26343313436051174	0.24233153092398071	0.2651517852673016	0.2039450652921619	0.2672228967702812	0.2872216870716162	0.5572419100185739	0.27347914185752087	1.0	0.290343779364322	0.34919030859776895	0.31340804842934145	0.3486613637103519	0.2502186327707022
sv	0.6080370739571177	0.64245413871571	0.6143977086924494	0.4417255608795031	0.23742425278272805	0.1540022531531969	0.4122735692406269	0.18090723872892295	0.23992066427302583	0.17602637676602628	0.25540316867878304	0.3544856153796212	0.2879789482491325	0.19133762925293527	0.17595897088903903	0.1948334322232513	0.2033404715846663	0.41401978152923696	0.41869710906270136	0.30735587733249103	0.3635029979363835	0.2160573961349221	0.17928381454762954	0.2177808564885316	0.24081924718968414	0.21365947523488046	0.4390987771290347	0.403425576498752	0.29835232092633984	0.290343779364322	1.0	0.7347168825662656	0.2522364438919243	1.0	0.27980314283696023
te	0.8668818778977666	0.7690990303325336	0.953225785585603	0.4805954866802148	0.7106258151102424	0.3650466712383772	0.3630464182601689	0.29152256480939936	0.35555863312327546	0.4718277832906685	0.6329490453133492	0.29860719620210263	0.6735300525054975	0.3223246219513982	0.3611301854800617	0.34707296154912964	0.5691307896559942	1.0	0.7686211302775307	0.24846413682329344	0.27374553484997705	0.6994017365373274	0.7736127515873525	0.39287011932812094	0.3889305872613408	0.4733497384968045	1.0	0.7690990303325336	0.5921189995330862	0.34919030859776895	0.7347168825662656	1.0	0.7510341748895938	1.0	0.27071433184026245
vi	0.3822786955964238	0.5575312770633982	0.5483253053391728	0.4237919776578365	0.24522585377345393	0.2715241061498206	0.2963715533442296	0.20723335493525152	0.29270714012572435	0.24708220449323645	0.2379261339868096	0.3099172893543305	0.31435437423530677	0.2164586584479021	0.253989990706714	0.18158909422083203	0.2295413353213562	0.3662392257794806	0.2805264809630536	0.29826546976530754	0.3787956040290661	0.2554199764040685	0.30517007362699755	0.24624635031192077	0.22880424311071199	0.2115710674060279	0.34374664329342464	0.7510341748895938	0.2818567405406788	0.31340804842934145	0.2522364438919243	0.7510341748895938	1.0	0.4159576248008741	0.2525178040317019
war	0.5427680640073164	0.7690990303325336	0.5480953166963739	0.517346181619858	0.582538051905643	0.5663974036261076	0.7411828468492556	0.5977667806498113	0.7411828468492556	0.575783891745346	0.5783907539411323	1.0	0.6320945639276945	0.5586581871835101	0.7304386475954315	0.7411828468492556	0.5757099667611998	1.0	0.42003682897915706	0.3798919805080432	0.4626781901945825	0.6562661056221564	0.619369745875427	0.575783891745346	0.4102141156408646	0.6611832380397724	1.0	1.0	0.4258679060581972	0.3486613637103519	1.0	1.0	0.4159576248008741	1.0	0.3612902479588324
zh	0.3640382957187813	0.3671905948675525	0.28552975263596053	0.509477452935319	0.22846636079534685	0.19726338870706142	0.3150036048307181	0.22756740998121266	0.24120433953832549	0.17138153143345922	0.21989037500944542	0.24278792498547047	0.2760812724477455	0.20237262542678666	0.22049497054765452	0.18470715336107832	0.17894145495730981	0.2711143356814682	0.26279178846776957	0.24665772643746636	0.31498678141490577	0.22616355294906704	0.2134354540070462	0.22011656425282744	0.24993602084260977	0.1937623780683663	0.26660435182348313	0.4075554530502667	0.26072019375858435	0.2502186327707022	0.27980314283696023	0.27071433184026245	0.2525178040317019	0.3612902479588324	1.0
