arz	bs	ceb	ckb	da	de	el	en	es	fr	he	hi	hu	id	it	ja	ko	lv	mk	ml	mr	nl	pl	pt	ro	ru	sh	si	simple	sr	sv	te	vi	war	zh
arz	1.0	0.5334400740271245	0.0	1.0	0.5738639999326026	0.2965038068599418	0.28454821123342083	0.37635035498351804	0.546077504610941	0.39430174627463627	0.35159136097880034	1.0	0.4882340507706818	0.3494248614783084	0.5512546366429061	0.41988717957155536	0.3763769053053908	0.8695599627011631	0.559598146903961	0.45627762828753365	0.459490240910958	0.4164663018273286	0.4695151731467394	0.42767921019930955	0.3868729435221101	0.3240545175584596	0.7453877901081187	1.0	0.39450361090146024	0.5656911353193129	0.5361562041422111	0.0	0.53667943454235	1.0	0.3225427917545004
bs	0.5334400740271245	1.0	0.0	0.6380732827477678	0.3909315599057118	0.35128965098763937	1.0	0.3195597333692104	0.4129053436306642	0.3786317032975727	0.35400524395397853	0.45439255002203405	0.36375649687499706	0.5740114061519864	0.31591535982400987	0.505111488516267	0.4509884442415643	1.0	0.7106824291060083	0.7584325078215763	1.0	0.5612437409544312	0.43056802303109326	0.4415867314049615	0.33784723719064647	0.250178104784424	0.7106824291060083	0.7584325078215763	0.4112637728193615	0.4797696866017872	0.43438227940939556	1.0	0.6117077793821935	1.0	0.33997169074638883
ceb	0.0	0.0	1.0	0.0	1.0	1.0	1.0	0.5660160774121898	1.0	1.0	1.0	1.0	1.0	1.0	1.0	1.0	1.0	1.0	1.0	0.0	1.0	1.0	1.0	1.0	1.0	1.0	1.0	0.0	1.0	1.0	1.0	0.0	1.0	0.0	1.0
ckb	1.0	0.6380732827477678	0.0	1.0	0.4855635824015893	0.22934324397124112	0.4678663175984142	0.24445733765908867	0.24538349980401392	0.23104974137010043	0.295623519411038	0.3960551097375334	0.30522386505568394	0.4965784554343785	0.2627143822190052	0.23779991817323262	0.23837347822084798	0.35674510185879393	0.4296411142235462	0.6695036579030706	1.0	0.23403731452859156	0.23314292789102306	0.24600356858301844	0.23975995311041345	0.23306525871148848	0.6571702826516209	0.7690990303325336	0.3751780377121209	0.5023384069361861	0.23379587861642448	1.0	0.26685068224782577	1.0	0.2556569262062749
da	0.5738639999326026	0.3909315599057118	1.0	0.4855635824015893	1.0	0.3031443165792234	0.32651610800494113	0.2720918458809493	0.26380167041502545	0.2563942255910394	0.2725697191464492	0.3580920226560974	0.38746416729615374	0.34316633938139424	0.2684820272295762	0.3011872096550642	0.2687684755313263	0.5453470479000716	0.65857855151911	0.40351057125099077	1.0	0.32262541531057437	0.3110055229934088	0.2715338773199049	0.33147277938462205	0.2736577770687164	0.74551343442257	0.7584325078215763	0.3063949309230753	0.3395967343257796	0.32561856393048205	1.0	0.3251716472279514	1.0	0.27109382387948444
de	0.2965038068599418	0.35128965098763937	1.0	0.22934324397124112	0.3031443165792234	1.0	0.3344449199914427	0.060635077541360244	0.08703516675176018	0.06693022631106563	0.09936704109312042	0.23682102824517479	0.13584233255574835	0.2249152042596217	0.08167579356171406	0.08342805731700292	0.08649569269036378	0.5701386151440995	0.39329474718045326	0.3739158543468268	1.0	0.14602291059025949	0.1130089425576142	0.09411470580042128	0.24262781040431491	0.08568805655446049	0.4520639088767951	0.7455134344225701	0.31171589561388463	0.20464717516974418	0.1724881980117827	1.0	0.15636795586203128	1.0	0.08358723901628096
el	0.28454821123342083	1.0	1.0	0.4678663175984142	0.32651610800494113	0.3344449199914427	1.0	0.24790621818960729	0.2905659797541564	0.27705659997665105	0.21630005465147514	0.3882522141102074	0.33065386133460456	0.3814496174861526	0.22496575331344548	0.33390231292523365	0.29673541016016636	0.5466270853162832	0.4898771406537016	0.37697348976800976	1.0	0.3716466748609672	0.3160935054864237	0.2732469078616669	0.3297196629116557	0.24981926996085357	0.6701591524560107	0.7690990303325336	0.3438141383628229	0.3085837990743277	0.3583820528678683	1.0	0.2718355943042714	1.0	0.3150470693083804
en	0.37635035498351804	0.3195597333692104	0.5660160774121898	0.24445733765908867	0.2720918458809493	0.060635077541360244	0.24790621818960729	1.0	0.06698084979866797	0.045871000322716536	0.08749281149877072	0.22675579442703517	0.10685330757564762	0.217253556055327	0.06804013529537	0.06356933801502755	0.07371373917846868	0.4593804768838958	0.35329450746819174	0.402676448521591	1.0	0.10856347715271612	0.09305910444948735	0.06768831487968271	0.20726431280216365	0.053142929137000056	0.4091001611335141	0.7455134344225701	0.3174489264776181	0.1941732335301481	0.09115371197585974	1.0	0.12716964494804517	1.0	0.06856002675602035
es	0.546077504610941	0.4129053436306642	1.0	0.24538349980401392	0.26380167041502545	0.08703516675176018	0.2905659797541564	0.06698084979866797	1.0	0.07238460253112523	0.090985860841744	0.24798135369875937	0.1114354717663941	0.22333623043541004	0.08222122850605663	0.08621787320445087	0.09408072749634243	0.5021981017872471	0.33154193341542065	0.3739158543468268	1.0	0.11422944656944369	0.10596439826260282	0.08457870044796974	0.21931973642157124	0.08412280404924283	0.39068554134869105	0.7455134344225701	0.30335479580967056	0.19317560094737532	0.12348053315135514	1.0	0.1452070593279333	1.0	0.07976286712587814
fr	0.39430174627463627	0.3786317032975727	1.0	0.23104974137010043	0.2563942255910394	0.06693022631106563	0.27705659997665105	0.045871000322716536	0.07238460253112523	1.0	0.0835476279120424	0.24216601960218465	0.11639177907467908	0.23485238219871107	0.07097481425393311	0.0670266985108086	0.07619102370706227	0.4465977386288427	0.3560301990048076	0.3739158543468268	0.8216064286890065	0.10888675462735692	0.09241715401104746	0.076242198194503	0.21549279749762099	0.06439256856666867	0.400037910429238	0.7455134344225701	0.29012488561666655	0.20277074497077593	0.12792154062881886	1.0	0.1303972760857431	1.0	0.07204963936842793
he	0.35159136097880034	0.35400524395397853	1.0	0.295623519411038	0.2725697191464492	0.09936704109312042	0.21630005465147514	0.08749281149877072	0.090985860841744	0.0835476279120424	1.0	0.25948981450666136	0.1234137164038067	0.27951563200764673	0.08595996406048466	0.09929180872669302	0.10098073623987852	0.45132453946396595	0.40374621605812205	0.37050389454828286	1.0	0.12323166976806252	0.10533992642256092	0.0999874503964205	0.25039172569599355	0.0953351770961002	0.44445500836570756	0.660489913725291	0.30309021813745973	0.2112310043844447	0.12790503629079938	1.0	0.13690993798746587	1.0	0.08394223109564176
hi	1.0	0.45439255002203405	1.0	0.3960551097375334	0.3580920226560974	0.23682102824517479	0.3882522141102074	0.22675579442703517	0.24798135369875937	0.24216601960218465	0.25948981450666136	1.0	0.27826756169212635	0.286695741750757	0.18508041107623477	0.2371588026570231	0.26831718236374963	0.4784594015131208	0.5167095327151038	0.47596011178301667	1.0	0.276548888343631	0.23958607140367094	0.23656311925019896	0.3262436415530879	0.2647501183032327	0.5930746959916408	0.6236815385159509	0.3235591944577604	0.3037858508478637	0.2533030764293656	1.0	0.28091193153555316	1.0	0.16723522232701768
hu	0.4882340507706818	0.36375649687499706	1.0	0.30522386505568394	0.38746416729615374	0.13584233255574835	0.33065386133460456	0.10685330757564762	0.1114354717663941	0.11639177907467908	0.1234137164038067	0.27826756169212635	1.0	0.32546968821781663	0.11741072391950577	0.13959475419825604	0.12390112836310387	0.5495705360974336	0.38207908305814897	0.36683064297144696	1.0	0.17588238032478878	0.16062660715982288	0.15627220931215446	0.225868157606303	0.1241900655262437	0.45667374899654817	0.7510341748895938	0.32158632159510653	0.23824309767251153	0.2093012042893881	1.0	0.18795991086975503	1.0	0.1217118477436568
id	0.3494248614783084	0.5740114061519864	1.0	0.4965784554343785	0.34316633938139424	0.2249152042596217	0.3814496174861526	0.217253556055327	0.22333623043541004	0.23485238219871107	0.27951563200764673	0.286695741750757	0.32546968821781663	1.0	0.20807902969926106	0.2535385637409814	0.23387742501352615	0.47104766618214444	0.560058770116508	0.5477412164876629	1.0	0.2763938623416995	0.2424689111144014	0.21609194703232568	0.31087375783615157	0.23327250234698682	0.7106824291060083	0.7510341748895938	0.35142615706193636	0.3097747555497191	0.2992826497112759	1.0	0.2961763053144095	1.0	0.2101123399421118
it	0.5512546366429061	0.31591535982400987	1.0	0.2627143822190052	0.2684820272295762	0.08167579356171406	0.22496575331344548	0.06804013529537	0.08222122850605663	0.07097481425393311	0.08595996406048466	0.18508041107623477	0.11741072391950577	0.20807902969926106	1.0	0.08155965069231615	0.0832717660990289	0.34146517968600204	0.32677325024627785	0.37859640729999466	1.0	0.11017569180281597	0.09032019594720692	0.08558732468621218	0.18061844416711298	0.07983999053050334	0.3445813622151814	0.7455134344225701	0.2201647514119141	0.17011297593364078	0.12345146063546682	1.0	0.13826768295317232	1.0	0.0737844782383385
ja	0.41988717957155536	0.505111488516267	1.0	0.23779991817323262	0.3011872096550642	0.08342805731700292	0.33390231292523365	0.06356933801502755	0.08621787320445087	0.0670266985108086	0.09929180872669302	0.2371588026570231	0.13959475419825604	0.2535385637409814	0.08155965069231615	1.0	0.08905992703426634	0.4027688621990411	0.3799606809234613	0.3150390435680743	1.0	0.12141304888940592	0.11530009589170978	0.09328573382408142	0.2527851017369812	0.09022617956690566	0.44996821686226346	0.7455134344225701	0.33787851781441924	0.2024903503483058	0.1435572171566812	1.0	0.16787628424200332	1.0	0.08466255133681917
ko	0.3763769053053908	0.4509884442415643	1.0	0.23837347822084798	0.2687684755313263	0.08649569269036378	0.29673541016016636	0.07371373917846868	0.09408072749634243	0.07619102370706227	0.10098073623987852	0.26831718236374963	0.12390112836310387	0.23387742501352615	0.0832717660990289	0.08905992703426634	1.0	0.521039807885403	0.4550257960624789	0.3752206901358633	1.0	0.12973652706046312	0.1078767067630597	0.09676163999643103	0.20276351273254747	0.08327268702314902	0.46222114105712997	0.7455134344225701	0.2930289881499315	0.20588613892532204	0.13274520672965487	1.0	0.1486359677405436	1.0	0.08218680742092606
lv	0.8695599627011631	1.0	1.0	0.35674510185879393	0.5453470479000716	0.5701386151440995	0.5466270853162832	0.4593804768838958	0.5021981017872471	0.4465977386288427	0.45132453946396595	0.4784594015131208	0.5495705360974336	0.47104766618214444	0.34146517968600204	0.4027688621990411	0.521039807885403	1.0	0.7455134344225701	0.62903935538748	1.0	0.6385770394251732	0.5016762226420617	0.5018445963584319	0.6186009666076627	0.51806961987925	0.8055567530094857	0.7510341748895938	0.7263875964832449	0.7221793916855703	0.5276559499991583	1.0	0.33922941100529	1.0	0.4892164731844267
mk	0.559598146903961	0.7106824291060083	1.0	0.4296411142235462	0.65857855151911	0.39329474718045326	0.4898771406537016	0.35329450746819174	0.33154193341542065	0.3560301990048076	0.40374621605812205	0.5167095327151038	0.38207908305814897	0.560058770116508	0.32677325024627785	0.3799606809234613	0.4550257960624789	0.7455134344225701	1.0	0.7863954451402115	1.0	0.4615005989922955	0.41769346146027125	0.3317971512882838	0.4176591434136033	0.3368886762074019	0.7411828468492555	1.0	0.5846701681620468	0.5511843405864659	0.3702082078091357	1.0	0.4977264123825647	1.0	0.3798854255286526
ml	0.45627762828753365	0.7584325078215763	0.0	0.6695036579030706	0.40351057125099077	0.3739158543468268	0.37697348976800976	0.402676448521591	0.3739158543468268	0.3739158543468268	0.37050389454828286	0.47596011178301667	0.36683064297144696	0.5477412164876629	0.37859640729999466	0.3150390435680743	0.3752206901358633	0.62903935538748	0.7863954451402115	1.0	1.0	0.3739158543468268	0.36712014269544846	0.3801831586471399	0.4122102471278408	0.37184317111313514	0.6704675947063355	0.4576444201675777	0.5402850768193507	0.5895013558232323	0.39973621350909044	1.0	0.3292605088075633	1.0	0.3739158543468268
mr	0.459490240910958	1.0	1.0	1.0	1.0	1.0	1.0	1.0	1.0	0.8216064286890065	1.0	1.0	1.0	1.0	1.0	1.0	1.0	1.0	1.0	1.0	1.0	1.0	1.0	1.0	1.0	1.0	1.0	1.0	1.0	1.0	1.0	1.0	1.0	1.0	1.0
nl	0.4164663018273286	0.5612437409544312	1.0	0.23403731452859156	0.32262541531057437	0.14602291059025949	0.3716466748609672	0.10856347715271612	0.11422944656944369	0.10888675462735692	0.12323166976806252	0.276548888343631	0.17588238032478878	0.2763938623416995	0.11017569180281597	0.12141304888940592	0.12973652706046312	0.6385770394251732	0.4615005989922955	0.3739158543468268	1.0	1.0	0.1606076139941154	0.13650280019895272	0.2774042950945947	0.12596224228603733	0.4741441789104756	0.7455134344225701	0.3461430365855138	0.22550536635562302	0.19791217039565703	1.0	0.17814323485192005	1.0	0.10532996011956088
pl	0.4695151731467394	0.43056802303109326	1.0	0.23314292789102306	0.3110055229934088	0.1130089425576142	0.3160935054864237	0.09305910444948735	0.10596439826260282	0.09241715401104746	0.10533992642256092	0.23958607140367094	0.16062660715982288	0.2424689111144014	0.09032019594720692	0.11530009589170978	0.1078767067630597	0.5016762226420617	0.41769346146027125	0.36712014269544846	1.0	0.1606076139941154	1.0	0.11189522442956812	0.2430047960675517	0.10803769614534621	0.48519858825731144	0.6590675637199679	0.31245989125482687	0.23712444675025882	0.19476917792612275	1.0	0.16674561611393332	1.0	0.09605752285245632
pt	0.42767921019930955	0.4415867314049615	1.0	0.24600356858301844	0.2715338773199049	0.09411470580042128	0.2732469078616669	0.06768831487968271	0.08457870044796974	0.076242198194503	0.0999874503964205	0.23656311925019896	0.15627220931215446	0.21609194703232568	0.08558732468621218	0.09328573382408142	0.09676163999643103	0.5018445963584319	0.3317971512882838	0.3801831586471399	1.0	0.13650280019895272	0.11189522442956812	1.0	0.2755017754234873	0.08878303095693103	0.39820706230194064	0.7455134344225701	0.282131844823514	0.19038626701838599	0.14228980157966403	1.0	0.16145085927904348	1.0	0.08301644106689843
ro	0.3868729435221101	0.33784723719064647	1.0	0.23975995311041345	0.33147277938462205	0.24262781040431491	0.3297196629116557	0.20726431280216365	0.21931973642157124	0.21549279749762099	0.25039172569599355	0.3262436415530879	0.225868157606303	0.31087375783615157	0.18061844416711298	0.2527851017369812	0.20276351273254747	0.6186009666076627	0.4176591434136033	0.4122102471278408	1.0	0.2774042950945947	0.2430047960675517	0.2755017754234873	1.0	0.24777752344585358	0.45068300881585815	0.7510341748895938	0.3510151506324242	0.29029163259928464	0.29471351473456925	1.0	0.23097645202696	1.0	0.20648183809100126
ru	0.3240545175584596	0.250178104784424	1.0	0.23306525871148848	0.2736577770687164	0.08568805655446049	0.24981926996085357	0.053142929137000056	0.08412280404924283	0.06439256856666867	0.0953351770961002	0.2647501183032327	0.1241900655262437	0.23327250234698682	0.07983999053050334	0.09022617956690566	0.08327268702314902	0.51806961987925	0.3368886762074019	0.37184317111313514	1.0	0.12596224228603733	0.10803769614534621	0.08878303095693103	0.24777752344585358	1.0	0.41817970799232557	0.7455134344225701	0.3198917819219035	0.18928219322638096	0.1426205372538482	1.0	0.1347322989204334	1.0	0.07912995539685164
sh	0.7453877901081187	0.7106824291060083	1.0	0.6571702826516209	0.74551343442257	0.4520639088767951	0.6701591524560107	0.4091001611335141	0.39068554134869105	0.400037910429238	0.44445500836570756	0.5930746959916408	0.45667374899654817	0.7106824291060083	0.3445813622151814	0.44996821686226346	0.46222114105712997	0.8055567530094857	0.7411828468492555	0.6704675947063355	1.0	0.4741441789104756	0.48519858825731144	0.39820706230194064	0.45068300881585815	0.41817970799232557	1.0	0.6743202287441529	0.672544634904323	0.3686768672684011	0.4915824779325729	1.0	0.4963002774707434	1.0	0.4043217589330934
si	1.0	0.7584325078215763	0.0	0.7690990303325336	0.7584325078215763	0.7455134344225701	0.7690990303325336	0.7455134344225701	0.7455134344225701	0.7455134344225701	0.660489913725291	0.6236815385159509	0.7510341748895938	0.7510341748895938	0.7455134344225701	0.7455134344225701	0.7455134344225701	0.7510341748895938	1.0	0.4576444201675777	1.0	0.7455134344225701	0.6590675637199679	0.7455134344225701	0.7510341748895938	0.7455134344225701	0.6743202287441529	1.0	1.0	0.7510341748895938	0.7510341748895938	1.0	0.7510341748895938	1.0	0.660489913725291
simple	0.39450361090146024	0.4112637728193615	1.0	0.3751780377121209	0.3063949309230753	0.31171589561388463	0.3438141383628229	0.3174489264776181	0.30335479580967056	0.29012488561666655	0.30309021813745973	0.3235591944577604	0.32158632159510653	0.35142615706193636	0.2201647514119141	0.33787851781441924	0.2930289881499315	0.7263875964832449	0.5846701681620468	0.5402850768193507	1.0	0.3461430365855138	0.31245989125482687	0.282131844823514	0.3510151506324242	0.3198917819219035	0.672544634904323	1.0	1.0	0.378579849880414	0.30888330194749014	1.0	0.28234698641589967	1.0	0.3123172165470766
sr	0.5656911353193129	0.4797696866017872	1.0	0.5023384069361861	0.3395967343257796	0.20464717516974418	0.3085837990743277	0.1941732335301481	0.19317560094737532	0.20277074497077593	0.2112310043844447	0.3037858508478637	0.23824309767251153	0.3097747555497191	0.17011297593364078	0.2024903503483058	0.20588613892532204	0.7221793916855703	0.5511843405864659	0.5895013558232323	1.0	0.22550536635562302	0.23712444675025882	0.19038626701838599	0.29029163259928464	0.18928219322638096	0.3686768672684011	0.7510341748895938	0.378579849880414	1.0	0.25474458591081095	1.0	0.24227757113711235	1.0	0.17832917891090383
sv	0.5361562041422111	0.43438227940939556	1.0	0.23379587861642448	0.32561856393048205	0.1724881980117827	0.3583820528678683	0.09115371197585974	0.12348053315135514	0.12792154062881886	0.12790503629079938	0.2533030764293656	0.2093012042893881	0.2992826497112759	0.12345146063546682	0.1435572171566812	0.13274520672965487	0.5276559499991583	0.3702082078091357	0.39973621350909044	1.0	0.19791217039565703	0.19476917792612275	0.14228980157966403	0.29471351473456925	0.1426205372538482	0.4915824779325729	0.7510341748895938	0.30888330194749014	0.25474458591081095	1.0	1.0	0.1833036733563133	1.0	0.12512514284533974
te	0.0	1.0	0.0	1.0	1.0	1.0	1.0	1.0	1.0	1.0	1.0	1.0	1.0	1.0	1.0	1.0	1.0	1.0	1.0	1.0	1.0	1.0	1.0	1.0	1.0	1.0	1.0	1.0	1.0	1.0	1.0	1.0	1.0	1.0	1.0
vi	0.53667943454235	0.6117077793821935	1.0	0.26685068224782577	0.3251716472279514	0.15636795586203128	0.2718355943042714	0.12716964494804517	0.1452070593279333	0.1303972760857431	0.13690993798746587	0.28091193153555316	0.18795991086975503	0.2961763053144095	0.13826768295317232	0.16787628424200332	0.1486359677405436	0.33922941100529	0.4977264123825647	0.3292605088075633	1.0	0.17814323485192005	0.16674561611393332	0.16145085927904348	0.23097645202696	0.1347322989204334	0.4963002774707434	0.7510341748895938	0.28234698641589967	0.24227757113711235	0.1833036733563133	1.0	1.0	1.0	0.1380099017561926
war	1.0	1.0	0.0	1.0	1.0	1.0	1.0	1.0	1.0	1.0	1.0	1.0	1.0	1.0	1.0	1.0	1.0	1.0	1.0	1.0	1.0	1.0	1.0	1.0	1.0	1.0	1.0	1.0	1.0	1.0	1.0	1.0	1.0	1.0	1.0
zh	0.3225427917545004	0.33997169074638883	1.0	0.2556569262062749	0.27109382387948444	0.08358723901628096	0.3150470693083804	0.06856002675602035	0.07976286712587814	0.07204963936842793	0.08394223109564176	0.16723522232701768	0.1217118477436568	0.2101123399421118	0.0737844782383385	0.08466255133681917	0.08218680742092606	0.4892164731844267	0.3798854255286526	0.3739158543468268	1.0	0.10532996011956088	0.09605752285245632	0.08301644106689843	0.20648183809100126	0.07912995539685164	0.4043217589330934	0.660489913725291	0.3123172165470766	0.17832917891090383	0.12512514284533974	1.0	0.1380099017561926	1.0	1.0
