arz	bs	ceb	ckb	da	de	el	en	es	fr	he	hi	hu	id	it	ja	ko	lv	mk	ml	mr	nl	pl	pt	ro	ru	sh	si	simple	sr	sv	te	tr	vi	war	zh
arz	0.5	0.5	0.0	0.5	0.5	0.5	0.5	0.5	0.5	0.5	0.5	0.5	0.5	0.5	0.5	0.5	0.5	0.5	0.5	0.5	0.5	0.5	0.5	0.5	0.5	0.5	0.5	1.0	0.5	0.5	0.5	0.5	0.5	0.5	0.5	0.5
bs	0.5	0.05904931129650517	1.0	0.5	0.14285714285714285	0.0625	0.16666666666666666	0.058844301038062284	0.06667555555555557	0.06667555555555557	0.16666666666666666	0.2	0.16666666666666666	0.11112345679012345	0.07692899408284024	0.06666666666666667	0.1111111111111111	0.25	0.16666666666666666	0.14285714285714285	0.5	0.062562566496215	0.0625	0.06251171875	0.2	0.058823529411764705	0.20003999999999997	1.0	0.0909421570247934	0.14285714285714285	0.125	0.3333333333333333	0.09090909090909091	0.07692307692307693	0.5	0.07692307692307693
ceb	0.0	1.0	0.3333333333333333	0.0	1.0	0.5	0.0	0.3333333333333333	0.5	1.0	0.5	0.5	1.0	0.5	0.5	0.5	0.5	1.0	1.0	1.0	0.0	1.0	1.0	0.5	0.5	0.5	1.0	0.5	1.0	1.0	1.0	0.0	-1.0	0.5	1.0	0.5
ckb	0.5	0.5	0.0	0.3333333333333333	0.5	0.3333333333333333	0.3333333333333333	0.3333333333333333	0.3333333333333333	0.3333333333333333	0.5	0.5	1.0	0.3333333333333333	0.3333333333333333	0.3333333333333333	0.5	0.5	1.0	0.5	1.0	0.3333333333333333	0.3333333333333333	0.3333333333333333	1.0	0.3333333333333333	1.0	1.0	0.3333333333333333	0.5	0.3333333333333333	1.0	0.3333333333333333	0.3333333333333333	1.0	0.3333333333333333
da	0.5	0.14285714285714285	1.0	0.5	0.05271758470954366	0.05882698961937716	0.2	0.05556790432407716	0.05555555555555555	0.06250391016016016	0.08333333333333333	0.1111111111111111	0.14285714285714285	0.07143367346938775	0.07142857142857142	0.0625	0.07692307692307693	0.14287755102040817	0.125	0.125	0.5	0.05265929086981718	0.055561728395061724	0.058823529411764705	0.125	0.058823529411764705	0.125	1.0	0.07143367346938775	0.09090909090909091	0.06666666666666667	0.16666666666666666	0.09090909090909091	0.09090909090909091	0.5	0.07692307692307693
de	0.5	0.0625	0.5	0.3333333333333333	0.05882698961937716	0.009736331969994242	0.14285714285714285	0.013334400177777777	0.015384615384615385	0.01388946759259259	0.08333333333333333	0.1	0.0625	0.0400016	0.01852091941015089	0.030303030303030304	0.0625	0.09090909090909091	0.1111111111111111	0.06666666666666667	1.0	0.010531525762438005	0.0125009375	0.016393711367911852	0.08333333333333333	0.015151515151515152	0.08334027777777778	1.0	0.03703840877914952	0.035715561224489795	0.02857142857142857	0.14285714285714285	0.05555864197530863	0.043478260869565216	0.5	0.034482758620689655
el	0.5	0.16666666666666666	0.0	0.3333333333333333	0.2	0.14285714285714285	0.1111111111111111	0.1111111111111111	0.125	0.125	0.25	0.2	0.3333333333333333	0.14285714285714285	0.125	0.14285714285714285	0.16666666666666666	0.3333333333333333	0.25	0.2	1.0	0.14285714285714285	0.125	0.1111111111111111	0.3333333333333333	0.14285714285714285	0.3333333333333333	1.0	0.14285714285714285	0.16666666666666666	0.16666666666666666	0.5	0.16666666666666666	0.16666666666666666	0.5	0.14285714285714285
en	0.5	0.058844301038062284	0.3333333333333333	0.3333333333333333	0.05556790432407716	0.013334400177777777	0.1111111111111111	0.010592210521274771	0.014085697679230312	0.01333582257777778	0.07142857142857142	0.09090909090909091	0.0625	0.03333666666666667	0.018871129227839442	0.025	0.05	0.08333333333333333	0.09090909090909091	0.06666666666666667	0.5	0.011124211001494702	0.01250187515625	0.014085102162269388	0.07692307692307693	0.014925373134328358	0.07143367346938775	0.5	0.03226014568158169	0.037037037037037035	0.029412629757785465	0.1111111111111111	0.05263434903047091	0.03571428571428571	0.5	0.02857142857142857
es	0.5	0.06667555555555557	0.5	0.3333333333333333	0.05555555555555555	0.015384615384615385	0.125	0.014085697679230312	0.012844224274804522	0.014925595901091559	0.06666666666666667	0.09090909090909091	0.0625	0.035715561224489795	0.020835069444444444	0.027777777777777776	0.05263157894736842	0.09090909090909091	0.1	0.07142857142857142	0.5	0.012991231574296002	0.013889274691358023	0.015384615384615385	0.07692307692307693	0.017543859649122806	0.07142857142857142	1.0	0.03703840877914952	0.03333333333333333	0.027777777777777776	0.125	0.05555864197530863	0.038461538461538464	0.5	0.030303030303030304
fr	0.5	0.06667555555555557	1.0	0.3333333333333333	0.06250391016016016	0.01388946759259259	0.125	0.01333582257777778	0.014925595901091559	0.010786898663923893	0.07142857142857142	0.1	0.07692307692307693	0.034485136741973836	0.018183140495867767	0.02857142857142857	0.05555555555555555	0.08333333333333333	0.1111111111111111	0.08333333333333333	0.5	0.011502053379576166	0.013333688888888888	0.015625244140625	0.07692307692307693	0.016129032258064516	0.07692899408284024	1.0	0.038461538461538464	0.038461538461538464	0.02941349480968858	0.1111111111111111	0.05263434903047091	0.041666666666666664	0.5	0.03125
he	0.5	0.16666666666666666	0.5	0.5	0.08333333333333333	0.08333333333333333	0.25	0.07142857142857142	0.06666666666666667	0.07142857142857142	0.06666666666666667	0.1111111111111111	0.14285714285714285	0.08333333333333333	0.09090909090909091	0.07692307692307693	0.09090909090909091	0.14285714285714285	0.14285714285714285	0.14285714285714285	0.5	0.06666666666666667	0.06666666666666667	0.08333333333333333	0.125	0.07692307692307693	0.14285714285714285	1.0	0.08333333333333333	0.1	0.08333333333333333	0.16666666666666666	0.14285714285714285	0.1	0.5	0.09090909090909091
hi	0.5	0.2	0.5	0.5	0.1111111111111111	0.1	0.2	0.09090909090909091	0.09090909090909091	0.1	0.1111111111111111	0.09090909090909091	0.14285714285714285	0.1	0.1	0.09090909090909091	0.1111111111111111	0.16666666666666666	0.14285714285714285	0.16666666666666666	1.0	0.09090909090909091	0.09090909090909091	0.09090909090909091	0.125	0.09090909090909091	0.14285714285714285	1.0	0.09090909090909091	0.1111111111111111	0.1	0.2	0.14285714285714285	0.125	0.5	0.1
hu	0.5	0.16666666666666666	1.0	1.0	0.14285714285714285	0.0625	0.3333333333333333	0.0625	0.0625	0.07692307692307693	0.14285714285714285	0.14285714285714285	0.058823529411764705	0.1	0.09090909090909091	0.08333333333333333	0.125	0.2	0.16666666666666666	0.2	1.0	0.058823529411764705	0.058823529411764705	0.0625	0.125	0.058823529411764705	0.14285714285714285	1.0	0.1111111111111111	0.08333333333333333	0.1111111111111111	0.25	0.16666666666666666	0.14285714285714285	0.5	0.1
id	0.5	0.11112345679012345	0.5	0.3333333333333333	0.07143367346938775	0.0400016	0.14285714285714285	0.03333666666666667	0.035715561224489795	0.034485136741973836	0.08333333333333333	0.1	0.1	0.03232061937503414	0.04762585487755102	0.05	0.07692307692307693	0.11112345679012345	0.1111111111111111	0.1	0.5	0.033346671112222226	0.034482758620689655	0.037037037037037035	0.11112345679012345	0.038461538461538464	0.1	1.0	0.052637119113573404	0.06666666666666667	0.047619047619047616	0.16666666666666666	0.07142857142857142	0.0625	0.5	0.05
it	0.5	0.07692899408284024	0.5	0.3333333333333333	0.07142857142857142	0.01852091941015089	0.125	0.018871129227839442	0.020835069444444444	0.018183140495867767	0.09090909090909091	0.1	0.09090909090909091	0.04762585487755102	0.015922301309608946	0.04	0.07142857142857142	0.08333333333333333	0.14285714285714285	0.09090909090909091	1.0	0.017249408740487516	0.019231508875739642	0.020000399999999998	0.07693491124260354	0.02127659574468085	0.11113580246913579	1.0	0.047619047619047616	0.045454545454545456	0.03448394768133174	0.125	0.058823529411764705	0.05263157894736842	0.5	0.034482758620689655
ja	0.5	0.06666666666666667	0.5	0.3333333333333333	0.0625	0.030303030303030304	0.14285714285714285	0.025	0.027777777777777776	0.02857142857142857	0.07692307692307693	0.09090909090909091	0.08333333333333333	0.05	0.04	0.024390243902439025	0.0625	0.125	0.09090909090909091	0.09090909090909091	0.5	0.025	0.02564102564102564	0.02857142857142857	0.09090909090909091	0.02857142857142857	0.1	1.0	0.05	0.05263157894736842	0.047619047619047616	0.14285714285714285	0.06666666666666667	0.05	0.5	0.04
ko	0.5	0.1111111111111111	0.5	0.5	0.07692307692307693	0.0625	0.16666666666666666	0.05	0.05263157894736842	0.05555555555555555	0.09090909090909091	0.1111111111111111	0.125	0.07692307692307693	0.07142857142857142	0.0625	0.05	0.16666666666666666	0.125	0.1	0.5	0.05263157894736842	0.05	0.058823529411764705	0.125	0.05555555555555555	0.1111111111111111	1.0	0.07692307692307693	0.07142857142857142	0.09090909090909091	0.14285714285714285	0.09090909090909091	0.09090909090909091	0.5	0.07142857142857142
lv	0.5	0.25	1.0	0.5	0.14287755102040817	0.09090909090909091	0.3333333333333333	0.08333333333333333	0.09090909090909091	0.08333333333333333	0.14285714285714285	0.16666666666666666	0.2	0.11112345679012345	0.08333333333333333	0.125	0.16666666666666666	0.08341676402797948	0.25	0.25	1.0	0.08334722222222221	0.08333333333333333	0.08333333333333333	0.16666666666666666	0.08333333333333333	0.16666666666666666	1.0	0.10000999999999999	0.125	0.09090909090909091	0.25	0.14285714285714285	0.16666666666666666	0.5	0.1111111111111111
mk	0.5	0.16666666666666666	1.0	1.0	0.125	0.1111111111111111	0.25	0.09090909090909091	0.1	0.1111111111111111	0.14285714285714285	0.14285714285714285	0.16666666666666666	0.1111111111111111	0.14285714285714285	0.09090909090909091	0.125	0.25	0.09090909090909091	0.14285714285714285	1.0	0.09090909090909091	0.1	0.1	0.14285714285714285	0.1	0.14285714285714285	1.0	0.125	0.14285714285714285	0.125	0.3333333333333333	0.16666666666666666	0.14285714285714285	0.5	0.1111111111111111
ml	0.5	0.14285714285714285	1.0	0.5	0.125	0.06666666666666667	0.2	0.06666666666666667	0.07142857142857142	0.08333333333333333	0.14285714285714285	0.16666666666666666	0.2	0.1	0.09090909090909091	0.09090909090909091	0.1	0.25	0.14285714285714285	0.06666666666666667	1.0	0.07692307692307693	0.07142857142857142	0.07692307692307693	0.16666666666666666	0.07692307692307693	0.2	1.0	0.1111111111111111	0.1111111111111111	0.1111111111111111	0.25	0.1111111111111111	0.125	0.5	0.08333333333333333
mr	0.5	0.5	0.0	1.0	0.5	1.0	1.0	0.5	0.5	0.5	0.5	1.0	1.0	0.5	1.0	0.5	0.5	1.0	1.0	1.0	0.5	0.5	0.5	0.5	1.0	0.5	0.5	1.0	0.5	1.0	0.5	0.5	0.5	0.5	1.0	0.5
nl	0.5	0.062562566496215	1.0	0.3333333333333333	0.05265929086981718	0.010531525762438005	0.14285714285714285	0.011124211001494702	0.012991231574296002	0.011502053379576166	0.06666666666666667	0.09090909090909091	0.058823529411764705	0.033346671112222226	0.017249408740487516	0.025	0.05263157894736842	0.08334722222222221	0.09090909090909091	0.07692307692307693	0.5	0.007304300560766086	0.011115310370493828	0.013337067733688888	0.07142857142857142	0.0136986301369863	0.07143367346938775	0.5	0.032265348595213315	0.033334444444444444	0.025643655489809333	0.1111111111111111	0.05264265927977839	0.034482758620689655	0.5	0.02857142857142857
pl	0.5	0.0625	1.0	0.3333333333333333	0.055561728395061724	0.0125009375	0.125	0.01250187515625	0.013889274691358023	0.013333688888888888	0.06666666666666667	0.09090909090909091	0.058823529411764705	0.034482758620689655	0.019231508875739642	0.02564102564102564	0.05	0.08333333333333333	0.1	0.07142857142857142	0.5	0.011115310370493828	0.010658593432089017	0.014925373134328358	0.07692307692307693	0.014492753623188406	0.07142857142857142	0.5	0.03333666666666667	0.03225806451612903	0.027777777777777776	0.1111111111111111	0.05555555555555555	0.037037037037037035	0.5	0.030303030303030304
pt	0.5	0.06251171875	0.5	0.3333333333333333	0.058823529411764705	0.016393711367911852	0.1111111111111111	0.014085102162269388	0.015384615384615385	0.015625244140625	0.08333333333333333	0.09090909090909091	0.0625	0.037037037037037035	0.020000399999999998	0.02857142857142857	0.058823529411764705	0.08333333333333333	0.1	0.07692307692307693	0.5	0.013337067733688888	0.014925373134328358	0.013004071712132281	0.07692307692307693	0.016666666666666666	0.07142857142857142	0.5	0.038463017751479284	0.038461538461538464	0.02857142857142857	0.14285714285714285	0.052637119113573404	0.045454545454545456	0.5	0.030303030303030304
ro	0.5	0.2	0.5	1.0	0.125	0.08333333333333333	0.3333333333333333	0.07692307692307693	0.07692307692307693	0.07692307692307693	0.125	0.125	0.125	0.11112345679012345	0.07693491124260354	0.09090909090909091	0.125	0.16666666666666666	0.14285714285714285	0.16666666666666666	1.0	0.07142857142857142	0.07692307692307693	0.07692307692307693	0.07148472448979593	0.07692307692307693	0.16669444444444442	1.0	0.1	0.09090909090909091	0.125	0.2	0.16666666666666666	0.125	0.5	0.1
ru	0.5	0.058823529411764705	0.5	0.3333333333333333	0.058823529411764705	0.015151515151515152	0.14285714285714285	0.014925373134328358	0.017543859649122806	0.016129032258064516	0.07692307692307693	0.09090909090909091	0.058823529411764705	0.038461538461538464	0.02127659574468085	0.02857142857142857	0.05555555555555555	0.08333333333333333	0.1	0.07692307692307693	0.5	0.0136986301369863	0.014492753623188406	0.016666666666666666	0.07692307692307693	0.013157894736842105	0.07692307692307693	0.5	0.03571428571428571	0.037037037037037035	0.030303030303030304	0.125	0.05263157894736842	0.045454545454545456	0.5	0.03333333333333333
sh	0.5	0.20003999999999997	1.0	1.0	0.125	0.08334027777777778	0.3333333333333333	0.07143367346938775	0.07142857142857142	0.07692899408284024	0.14285714285714285	0.14285714285714285	0.14285714285714285	0.1	0.11113580246913579	0.1	0.1111111111111111	0.16666666666666666	0.14285714285714285	0.2	0.5	0.07143367346938775	0.07142857142857142	0.07142857142857142	0.16669444444444442	0.07692307692307693	0.07152053591360771	1.0	0.10000999999999999	0.1	0.1	0.2	0.14285714285714285	0.16666666666666666	0.5	0.1
si	1.0	1.0	0.5	1.0	1.0	1.0	1.0	0.5	1.0	1.0	1.0	1.0	1.0	1.0	1.0	1.0	1.0	1.0	1.0	1.0	1.0	0.5	0.5	0.5	1.0	0.5	1.0	0.5	0.5	1.0	1.0	1.0	1.0	1.0	1.0	0.5
simple	0.5	0.0909421570247934	1.0	0.3333333333333333	0.07143367346938775	0.03703840877914952	0.14285714285714285	0.03226014568158169	0.03703840877914952	0.038461538461538464	0.08333333333333333	0.09090909090909091	0.1111111111111111	0.052637119113573404	0.047619047619047616	0.05	0.07692307692307693	0.10000999999999999	0.125	0.1111111111111111	0.5	0.032265348595213315	0.03333666666666667	0.038463017751479284	0.1	0.03571428571428571	0.10000999999999999	0.5	0.03130281260463593	0.07142857142857142	0.05	0.125	0.07142857142857142	0.058823529411764705	0.5	0.047619047619047616
sr	0.5	0.14285714285714285	1.0	0.5	0.09090909090909091	0.035715561224489795	0.16666666666666666	0.037037037037037035	0.03333333333333333	0.038461538461538464	0.1	0.1111111111111111	0.08333333333333333	0.06666666666666667	0.045454545454545456	0.05263157894736842	0.07142857142857142	0.125	0.14285714285714285	0.1111111111111111	1.0	0.033334444444444444	0.03225806451612903	0.038461538461538464	0.09090909090909091	0.037037037037037035	0.1	1.0	0.07142857142857142	0.03126269921875	0.06667111111111111	0.25	0.1	0.1111111111111111	0.5	0.058823529411764705
sv	0.5	0.125	1.0	0.3333333333333333	0.06666666666666667	0.02857142857142857	0.16666666666666666	0.029412629757785465	0.027777777777777776	0.02941349480968858	0.08333333333333333	0.1	0.1111111111111111	0.047619047619047616	0.03448394768133174	0.047619047619047616	0.09090909090909091	0.09090909090909091	0.125	0.1111111111111111	0.5	0.025643655489809333	0.027777777777777776	0.02857142857142857	0.125	0.030303030303030304	0.1	1.0	0.05	0.06667111111111111	0.02501313751063626	0.16666666666666666	0.07692307692307693	0.06666666666666667	0.5	0.05555555555555555
te	0.5	0.3333333333333333	0.0	1.0	0.16666666666666666	0.14285714285714285	0.5	0.1111111111111111	0.125	0.1111111111111111	0.16666666666666666	0.2	0.25	0.16666666666666666	0.125	0.14285714285714285	0.14285714285714285	0.25	0.3333333333333333	0.25	0.5	0.1111111111111111	0.1111111111111111	0.14285714285714285	0.2	0.125	0.2	1.0	0.125	0.25	0.16666666666666666	0.1111111111111111	0.16666666666666666	0.14285714285714285	0.5	0.14285714285714285
tr	0.5	0.09090909090909091	-1.0	0.3333333333333333	0.09090909090909091	0.05555864197530863	0.16666666666666666	0.05263434903047091	0.05555864197530863	0.05263434903047091	0.14285714285714285	0.14285714285714285	0.16666666666666666	0.07142857142857142	0.058823529411764705	0.06666666666666667	0.09090909090909091	0.14285714285714285	0.16666666666666666	0.1111111111111111	0.5	0.05264265927977839	0.05555555555555555	0.052637119113573404	0.16666666666666666	0.05263157894736842	0.14285714285714285	1.0	0.07142857142857142	0.1	0.07692307692307693	0.16666666666666666	0.05004003252752252	0.07692307692307693	0.5	0.06666666666666667
vi	0.5	0.07692307692307693	0.5	0.3333333333333333	0.09090909090909091	0.043478260869565216	0.16666666666666666	0.03571428571428571	0.038461538461538464	0.041666666666666664	0.1	0.125	0.14285714285714285	0.0625	0.05263157894736842	0.05	0.09090909090909091	0.16666666666666666	0.14285714285714285	0.125	0.5	0.034482758620689655	0.037037037037037035	0.045454545454545456	0.125	0.045454545454545456	0.16666666666666666	1.0	0.058823529411764705	0.1111111111111111	0.06666666666666667	0.14285714285714285	0.07692307692307693	0.034482758620689655	0.5	0.05
war	0.5	0.5	1.0	1.0	0.5	0.5	0.5	0.5	0.5	0.5	0.5	0.5	0.5	0.5	0.5	0.5	0.5	0.5	0.5	0.5	1.0	0.5	0.5	0.5	0.5	0.5	0.5	1.0	0.5	0.5	0.5	0.5	0.5	0.5	0.5	0.5
zh	0.5	0.07692307692307693	0.5	0.3333333333333333	0.07692307692307693	0.034482758620689655	0.14285714285714285	0.02857142857142857	0.030303030303030304	0.03125	0.09090909090909091	0.1	0.1	0.05	0.034482758620689655	0.04	0.07142857142857142	0.1111111111111111	0.1111111111111111	0.08333333333333333	0.5	0.02857142857142857	0.030303030303030304	0.030303030303030304	0.1	0.03333333333333333	0.1	0.5	0.047619047619047616	0.058823529411764705	0.05555555555555555	0.14285714285714285	0.06666666666666667	0.05	0.5	0.027777777777777776
