arz	bs	ceb	ckb	da	de	el	en	es	fr	he	hi	hu	id	it	ja	ko	lv	mk	ml	mr	nl	pl	pt	ro	ru	sh	si	simple	sr	sv	te	tr	vi	war	zh
arz	1.0	0.5183673469387755	0.515748031496063	0.699724517906336	0.5182186234817814	0.5164835164835164	0.6967418546365916	0.5135135135135135	0.5164835164835164	0.5140186915887851	0.6991869918699187	0.7005649717514124	0.5166051660516605	0.5163636363636364	0.5179282868525896	0.6974358974358974	0.6936936936936937	0.5183673469387755	0.699724517906336	0.699724517906336	0.699724517906336	0.5182186234817814	0.5175097276264592	0.5175097276264592	0.5177865612648221	0.6974358974358974	0.5183673469387755	0.7407407407407407	0.5179282868525896	0.6991869918699187	0.5151515151515151	0.7030716723549488	0.5263157894736842	0.5175097276264592	0.5183673469387755	0.5171102661596958
bs	0.5183673469387755	1.0	0.9188934792042251	0.6666666666666666	0.9681405307337924	0.8953747625611187	0.656084656084656	0.7806220009010542	0.8761898597862288	0.7984261526934906	0.664804469273743	0.6638176638176638	0.7701661644453611	0.8905460679034262	0.9661578115453112	0.6586021505376344	0.6446078431372549	0.8778447533521958	0.6666666666666666	0.6666666666666666	0.6666666666666666	0.9754944351632449	0.9398477552441626	0.7229763926449201	0.9517904146747457	0.6586021505376344	0.7272425642848679	0.5580524344569289	0.9642080183542155	0.664804469273743	0.8413715639656243	0.6385542168674699	0.5873015873015873	0.9157979595482829	0.6669332466948241	0.6882533940023234
ceb	0.515748031496063	0.9188934792042251	1.0	0.6575342465753424	0.9189596528225104	0.9084239667304902	0.6596858638743456	0.7899567708637202	0.8885948681217379	0.8076433460984467	0.6594005449591281	0.6546961325966851	0.7680660713914617	0.9035476099491119	0.9279098885846716	0.6622340425531914	0.6480582524271845	0.8364584088607504	0.6575342465753424	0.6575342465753424	0.6575342465753424	0.925944175980755	0.9434537816424053	0.7209555931767624	0.9250287113429848	0.6622340425531914	0.7094480487298557	0.5543478260869565	0.9361793908742702	0.6594005449591281	0.8518186213379093	0.6334310850439883	-1.0	0.9195292942606048	0.657753532995468	0.6924360400444939
ckb	0.699724517906336	0.6666666666666666	0.6575342465753424	1.0	0.6657303370786517	0.6544502617801047	0.9763779527559056	0.6334841628959276	0.6544502617801047	0.6372093023255814	0.99581589958159	0.9936034115138592	0.6552631578947369	0.6536458333333334	0.663888888888889	0.9819639278557114	0.9511754068716095	0.6666666666666666	1.0	1.0	1.0	0.6657303370786517	0.6612021857923497	0.6612021857923497	0.6629834254143646	0.9819639278557114	0.6666666666666666	0.7740259740259741	0.663888888888889	0.99581589958159	0.645320197044335	0.9380530973451326	0.5348837209302326	0.6612021857923497	0.6666666666666666	0.6586021505376344
da	0.5182186234817814	0.9681405307337924	0.9189596528225104	0.6657303370786517	1.0	0.8958180746484343	0.6569920844327176	0.7810923757332093	0.8766835719580229	0.7987568948206168	0.6657381615598886	0.6628895184135978	0.7702602485118402	0.8908972603969564	0.9661551826175425	0.6595174262734586	0.6454767726161369	0.8703847289817374	0.6657303370786517	0.6657303370786517	0.6657303370786517	0.9642509512432529	0.9399243877880579	0.7239441082566722	0.9516459260175408	0.6595174262734586	0.7247638045947202	0.5576208178438662	0.9643936735385518	0.6657381615598886	0.8414254878816486	0.6396396396396395	0.582089552238806	0.9168325466385099	0.6659983387702654	0.6894204928374676
de	0.5164835164835164	0.8953747625611187	0.9084239667304902	0.6544502617801047	0.8958180746484343	1.0	0.6649746192893401	0.8162747716304578	0.9057105601104531	0.8350699511656808	0.65625	0.6517150395778364	0.783225376017817	0.9156958725292124	0.9043119236904912	0.6590330788804072	0.6563981042654029	0.8175506082634716	0.6544502617801047	0.6544502617801047	0.6544502617801047	0.9020528705251207	0.918224617526014	0.71245257635081	0.9102729182506335	0.6624040920716113	0.7012937906748798	0.5525423728813559	0.9123483630419803	0.65625	0.8857754495899286	0.6312849162011173	0.5394736842105263	0.8939443005986804	0.6546432737657669	0.6859023224318224
el	0.6967418546365916	0.656084656084656	0.6596858638743456	0.9763779527559056	0.6569920844327176	0.6649746192893401	1.0	0.6431718061674009	0.6649746192893401	0.6470588235294118	0.9803921568627451	0.9702970297029704	0.6624365482233503	0.6624685138539043	0.6570680628272252	0.9865642994241843	0.9734513274336283	0.656084656084656	0.9763779527559056	0.9763779527559056	0.9763779527559056	0.6569920844327176	0.6614583333333334	0.6597402597402597	0.6596858638743456	0.9941972920696325	0.656084656084656	0.7648456057007126	0.6587926509186351	0.9803921568627451	0.6555023923444976	0.9256198347107438	0.5576923076923077	0.6614583333333334	0.656084656084656	0.6606683804627249
en	0.5135135135135135	0.7806220009010542	0.7899567708637202	0.6334841628959276	0.7810923757332093	0.8162747716304578	0.6431718061674009	1.0	0.8000487003889585	0.8677530568368179	0.6351351351351351	0.6309794988610479	0.7186307684296828	0.8188162261126914	0.7923176624013885	0.6407982261640798	0.6545842217484008	0.732264151520434	0.6334841628959276	0.6334841628959276	0.6334841628959276	0.7852530709708181	0.7964988020102851	0.6722553545643498	0.7903324547175364	0.6407982261640798	0.6624266703455066	0.543661971830986	0.7912536622424692	0.6351351351351351	0.843872702946236	0.6124401913875598	0.5455135118238227	0.7825355994472037	0.6335881496461736	0.658008456856094
es	0.5164835164835164	0.8761898597862288	0.8885948681217379	0.6544502617801047	0.8766835719580229	0.9057105601104531	0.6649746192893401	0.8000487003889585	1.0	0.8191199153636971	0.65625	0.6517150395778364	0.7754223820746752	0.9016374438487177	0.8836186187989635	0.6590330788804072	0.6563981042654029	0.8083852494401224	0.6544502617801047	0.6544502617801047	0.6544502617801047	0.8823427870288679	0.8970734778813583	0.7102609052018675	0.8897330405381003	0.6624040920716113	0.7008072051690378	0.5525423728813559	0.8902114653085824	0.65625	0.8648588403734536	0.6312849162011173	0.550561797752809	0.8771932947043701	0.6546701080757555	0.6860520042859158
fr	0.5140186915887851	0.7984261526934906	0.8076433460984467	0.6372093023255814	0.7987568948206168	0.8350699511656808	0.6470588235294118	0.8677530568368179	0.8191199153636971	1.0	0.638888888888889	0.6346604215456675	0.72999023019532	0.837934527381791	0.8108792627624962	0.6446469248291572	0.6557734204793028	0.7464680139838596	0.6372093023255814	0.6372093023255814	0.6372093023255814	0.8028532880235255	0.8143606325236881	0.6775503745120792	0.809186786020455	0.6446469248291572	0.6687194580186583	0.5451895043731778	0.8093856563518715	0.638888888888889	0.8635309277088733	0.6157635467980295	0.5458937198067633	0.7981710418418294	0.6374099650050493	0.6638881477107375
he	0.6991869918699187	0.664804469273743	0.6594005449591281	0.99581589958159	0.6657381615598886	0.65625	0.9803921568627451	0.6351351351351351	0.65625	0.638888888888889	1.0	0.9894736842105263	0.6570680628272252	0.655440414507772	0.6657458563535912	0.9860279441117764	0.9549549549549549	0.664804469273743	0.99581589958159	0.99581589958159	0.99581589958159	0.663888888888889	0.6630434782608696	0.6630434782608696	0.6648351648351649	0.9860279441117764	0.664804469273743	0.7723785166240409	0.6657458563535912	1.0	0.6470588235294118	0.9427312775330396	0.5555555555555556	0.6630434782608696	0.664804469273743	0.6604278074866311
hi	0.7005649717514124	0.6638176638176638	0.6546961325966851	0.9936034115138592	0.6628895184135978	0.6517150395778364	0.9702970297029704	0.6309794988610479	0.6517150395778364	0.6346604215456675	0.9894736842105263	1.0	0.6525198938992043	0.6509186351706038	0.6610644257703081	0.9758064516129034	0.9454545454545454	0.6638176638176638	0.9936034115138592	0.9936034115138592	0.9936034115138592	0.6628895184135978	0.6584022038567493	0.6584022038567493	0.6601671309192201	0.9758064516129034	0.6638176638176638	0.776595744680851	0.6610644257703081	0.9894736842105263	0.6426799007444168	0.9351230425055929	0.5636363636363636	0.6584022038567493	0.6638176638176638	0.6558265582655826
hu	0.5166051660516605	0.7701661644453611	0.7680660713914617	0.6552631578947369	0.7702602485118402	0.783225376017817	0.6624365482233503	0.7186307684296828	0.7754223820746752	0.72999023019532	0.6570680628272252	0.6525198938992043	1.0	0.7716142166014741	0.7725898905680042	0.6564885496183206	0.655581947743468	0.748924005653462	0.6552631578947369	0.6552631578947369	0.6552631578947369	0.7721175325342362	0.7709398207520477	0.6969365369411444	0.7773495858312077	0.659846547314578	0.6937789615927227	0.552901023890785	0.7763597694004465	0.6570680628272252	0.7555704304746081	0.6320224719101124	0.5441176470588236	0.7655669168186422	0.65534130548588	0.6802000174197944
id	0.5163636363636364	0.8905460679034262	0.9035476099491119	0.6536458333333334	0.8908972603969564	0.9156958725292124	0.6624685138539043	0.8188162261126914	0.9016374438487177	0.837934527381791	0.655440414507772	0.6509186351706038	0.7716142166014741	1.0	0.9080661966572278	0.6598984771573604	0.657210401891253	0.81369059258043	0.6536458333333334	0.6536458333333334	0.6536458333333334	0.8969421387494272	0.913615693136826	0.7098607156970578	0.9051844047576544	0.6615776081424937	0.6996462319225959	0.5521885521885521	0.9066668704683483	0.655440414507772	0.8881006805688046	0.6305555555555556	0.5795454545454545	0.8905110428547665	0.6538904419347223	0.686778925995325
it	0.5179282868525896	0.9661578115453112	0.9279098885846716	0.663888888888889	0.9661551826175425	0.9043119236904912	0.6570680628272252	0.7923176624013885	0.8836186187989635	0.8108792627624962	0.6657458563535912	0.6610644257703081	0.7725898905680042	0.9080661966572278	1.0	0.6613333333333333	0.6472019464720196	0.8668708207562246	0.663888888888889	0.663888888888889	0.663888888888889	0.9628942581863047	0.9491459398123233	0.7236670758724344	0.9615949653946675	0.6595744680851063	0.7215192946304148	0.5567765567765568	0.9744850150829797	0.6657458563535912	0.8559996472150337	0.6398809523809524	0.5570469798657718	0.9238143754018248	0.6641665738149644	0.6916701427367493
ja	0.6974358974358974	0.6586021505376344	0.6622340425531914	0.9819639278557114	0.6595174262734586	0.6590330788804072	0.9865642994241843	0.6407982261640798	0.6590330788804072	0.6446469248291572	0.9860279441117764	0.9758064516129034	0.6564885496183206	0.6598984771573604	0.6613333333333333	1.0	0.9645390070921985	0.6586021505376344	0.9819639278557114	0.9819639278557114	0.9819639278557114	0.6595174262734586	0.6640211640211641	0.662269129287599	0.6604774535809019	0.9921875	0.6586021505376344	0.7669902912621359	0.6613333333333333	0.9860279441117764	0.6514423076923077	0.9305263157894738	0.5700934579439253	0.6640211640211641	0.6586021505376344	0.6666666666666666
ko	0.6936936936936937	0.6446078431372549	0.6480582524271845	0.9511754068716095	0.6454767726161369	0.6563981042654029	0.9734513274336283	0.6545842217484008	0.6563981042654029	0.6557734204793028	0.9549549549549549	0.9454545454545454	0.655581947743468	0.657210401891253	0.6472019464720196	0.9645390070921985	1.0	0.6446078431372549	0.9511754068716095	0.9511754068716095	0.9511754068716095	0.6454767726161369	0.6497584541062803	0.6497584541062803	0.6480582524271845	0.9679715302491102	0.6446078431372549	0.7553648068669528	0.6472019464720196	0.9549549549549549	0.6613272311212816	0.9035916824196597	0.5797101449275363	0.6497584541062803	0.6446078431372549	0.6507177033492824
lv	0.5183673469387755	0.8778447533521958	0.8364584088607504	0.6666666666666666	0.8703847289817374	0.8175506082634716	0.656084656084656	0.732264151520434	0.8083852494401224	0.7464680139838596	0.664804469273743	0.6638176638176638	0.748924005653462	0.81369059258043	0.8668708207562246	0.6586021505376344	0.6446078431372549	1.0	0.6666666666666666	0.6666666666666666	0.6666666666666666	0.8740188972755188	0.8498844088971972	0.7166960225689845	0.8583849614098972	0.6586021505376344	0.7200342771449995	0.5580524344569289	0.8658836521830319	0.664804469273743	0.7772646984905354	0.6385542168674699	0.5614035087719298	0.8381808129954595	0.6671068377831882	0.6860545449463531
mk	0.699724517906336	0.6666666666666666	0.6575342465753424	1.0	0.6657303370786517	0.6544502617801047	0.9763779527559056	0.6334841628959276	0.6544502617801047	0.6372093023255814	0.99581589958159	0.9936034115138592	0.6552631578947369	0.6536458333333334	0.663888888888889	0.9819639278557114	0.9511754068716095	0.6666666666666666	1.0	1.0	1.0	0.6657303370786517	0.6612021857923497	0.6612021857923497	0.6629834254143646	0.9819639278557114	0.6666666666666666	0.7740259740259741	0.663888888888889	0.99581589958159	0.645320197044335	0.9380530973451326	0.5535714285714286	0.6612021857923497	0.6666666666666666	0.6586021505376344
ml	0.699724517906336	0.6666666666666666	0.6575342465753424	1.0	0.6657303370786517	0.6544502617801047	0.9763779527559056	0.6334841628959276	0.6544502617801047	0.6372093023255814	0.99581589958159	0.9936034115138592	0.6552631578947369	0.6536458333333334	0.663888888888889	0.9819639278557114	0.9511754068716095	0.6666666666666666	1.0	1.0	1.0	0.6657303370786517	0.6612021857923497	0.6612021857923497	0.6629834254143646	0.9819639278557114	0.6666666666666666	0.7740259740259741	0.663888888888889	0.99581589958159	0.645320197044335	0.9380530973451326	0.5737704918032787	0.6612021857923497	0.6666666666666666	0.6586021505376344
mr	0.699724517906336	0.6666666666666666	0.6575342465753424	1.0	0.6657303370786517	0.6544502617801047	0.9763779527559056	0.6334841628959276	0.6544502617801047	0.6372093023255814	0.99581589958159	0.9936034115138592	0.6552631578947369	0.6536458333333334	0.663888888888889	0.9819639278557114	0.9511754068716095	0.6666666666666666	1.0	1.0	1.0	0.6657303370786517	0.6612021857923497	0.6612021857923497	0.6629834254143646	0.9819639278557114	0.6666666666666666	0.7740259740259741	0.663888888888889	0.99581589958159	0.645320197044335	0.9380530973451326	0.5238095238095238	0.6612021857923497	0.6666666666666666	0.6586021505376344
nl	0.5182186234817814	0.9754944351632449	0.925944175980755	0.6657303370786517	0.9642509512432529	0.9020528705251207	0.6569920844327176	0.7852530709708181	0.8823427870288679	0.8028532880235255	0.663888888888889	0.6628895184135978	0.7721175325342362	0.8969421387494272	0.9628942581863047	0.6595174262734586	0.6454767726161369	0.8740188972755188	0.6657303370786517	0.6657303370786517	0.6657303370786517	1.0	0.9469351456196999	0.7243817502156761	0.958982915950153	0.6595174262734586	0.7254499655604295	0.5576208178438662	0.9610106973399026	0.663888888888889	0.8465478347636205	0.6377245508982036	0.5315593000585614	0.9219143991909768	0.6659891443329661	0.6890072175625405
pl	0.5175097276264592	0.9398477552441626	0.9434537816424053	0.6612021857923497	0.9399243877880579	0.918224617526014	0.6614583333333334	0.7964988020102851	0.8970734778813583	0.8143606325236881	0.6630434782608696	0.6584022038567493	0.7709398207520477	0.913615693136826	0.9491459398123233	0.6640211640211641	0.6497584541062803	0.8498844088971972	0.6612021857923497	0.6612021857923497	0.6612021857923497	0.9469351456196999	1.0	0.723488889544829	0.9453995627075897	0.6640211640211641	0.7154610983844466	0.5555555555555556	0.9474337354313147	0.6630434782608696	0.8597304212592765	0.6374269005847952	0.5428571428571428	0.9289318669478429	0.6614473889372664	0.6944059427013837
pt	0.5175097276264592	0.7229763926449201	0.7209555931767624	0.6612021857923497	0.7239441082566722	0.71245257635081	0.6597402597402597	0.6722553545643498	0.7102609052018675	0.6775503745120792	0.6630434782608696	0.6584022038567493	0.6969365369411444	0.7098607156970578	0.7236670758724344	0.662269129287599	0.6497584541062803	0.7166960225689845	0.6612021857923497	0.6612021857923497	0.6612021857923497	0.7243817502156761	0.723488889544829	1.0	0.7248353386808462	0.662269129287599	0.6928811409959247	0.5555555555555556	0.7275926845128291	0.6630434782608696	0.6925224990306359	0.6374269005847952	0.5542857142857143	0.7258618365382613	0.6613880384131129	0.6836945127085875
ro	0.5177865612648221	0.9517904146747457	0.9250287113429848	0.6629834254143646	0.9516459260175408	0.9102729182506335	0.6596858638743456	0.7903324547175364	0.8897330405381003	0.809186786020455	0.6648351648351649	0.6601671309192201	0.7773495858312077	0.9051844047576544	0.9615949653946675	0.6604774535809019	0.6480582524271845	0.8583849614098972	0.6629834254143646	0.6629834254143646	0.6629834254143646	0.958982915950153	0.9453995627075897	0.7248353386808462	1.0	0.6622340425531914	0.719522487619861	0.5563636363636364	0.959554455382905	0.6648351648351649	0.8531028260135024	0.6390532544378698	0.5483870967741935	0.920444981878566	0.663204519820665	0.690181067137307
ru	0.6974358974358974	0.6586021505376344	0.6622340425531914	0.9819639278557114	0.6595174262734586	0.6624040920716113	0.9941972920696325	0.6407982261640798	0.6624040920716113	0.6446469248291572	0.9860279441117764	0.9758064516129034	0.659846547314578	0.6615776081424937	0.6595744680851063	0.9921875	0.9679715302491102	0.6586021505376344	0.9819639278557114	0.9819639278557114	0.9819639278557114	0.6595174262734586	0.6640211640211641	0.662269129287599	0.6622340425531914	1.0	0.6586021505376344	0.7669902912621359	0.6613333333333333	0.9860279441117764	0.6530120481927711	0.9305263157894738	0.5549132947976879	0.6640211640211641	0.6586021505376344	0.6631853785900783
sh	0.5183673469387755	0.7272425642848679	0.7094480487298557	0.6666666666666666	0.7247638045947202	0.7012937906748798	0.656084656084656	0.6624266703455066	0.7008072051690378	0.6687194580186583	0.664804469273743	0.6638176638176638	0.6937789615927227	0.6996462319225959	0.7215192946304148	0.6586021505376344	0.6446078431372549	0.7200342771449995	0.6666666666666666	0.6666666666666666	0.6666666666666666	0.7254499655604295	0.7154610983844466	0.6928811409959247	0.719522487619861	0.6586021505376344	1.0	0.5580524344569289	0.7216117339124173	0.664804469273743	0.6839802481326286	0.6385542168674699	0.5573770491803278	0.7149738161247865	0.6666666666666666	0.6767006898098817
si	0.7407407407407407	0.5580524344569289	0.5543478260869565	0.7740259740259741	0.5576208178438662	0.5525423728813559	0.7648456057007126	0.543661971830986	0.5525423728813559	0.5451895043731778	0.7723785166240409	0.776595744680851	0.552901023890785	0.5521885521885521	0.5567765567765568	0.7669902912621359	0.7553648068669528	0.5580524344569289	0.7740259740259741	0.7740259740259741	0.7740259740259741	0.5576208178438662	0.5555555555555556	0.5555555555555556	0.5563636363636364	0.7669902912621359	0.5580524344569289	1.0	0.5567765567765568	0.7723785166240409	0.54858934169279	0.7936507936507936	0.5116279069767442	0.5555555555555556	0.5580524344569289	0.5543859649122806
simple	0.5179282868525896	0.9642080183542155	0.9361793908742702	0.663888888888889	0.9643936735385518	0.9123483630419803	0.6587926509186351	0.7912536622424692	0.8902114653085824	0.8093856563518715	0.6657458563535912	0.6610644257703081	0.7763597694004465	0.9066668704683483	0.9744850150829797	0.6613333333333333	0.6472019464720196	0.8658836521830319	0.663888888888889	0.663888888888889	0.663888888888889	0.9610106973399026	0.9474337354313147	0.7275926845128291	0.959554455382905	0.6613333333333333	0.7216117339124173	0.5567765567765568	1.0	0.6657458563535912	0.8542009895726458	0.6398809523809524	0.5777777777777777	0.9319600321678421	0.6641686694726523	0.6917043849327954
sr	0.6991869918699187	0.664804469273743	0.6594005449591281	0.99581589958159	0.6657381615598886	0.65625	0.9803921568627451	0.6351351351351351	0.65625	0.638888888888889	1.0	0.9894736842105263	0.6570680628272252	0.655440414507772	0.6657458563535912	0.9860279441117764	0.9549549549549549	0.664804469273743	0.99581589958159	0.99581589958159	0.99581589958159	0.663888888888889	0.6630434782608696	0.6630434782608696	0.6648351648351649	0.9860279441117764	0.664804469273743	0.7723785166240409	0.6657458563535912	1.0	0.6470588235294118	0.9427312775330396	0.5531914893617021	0.6630434782608696	0.664804469273743	0.6604278074866311
sv	0.5151515151515151	0.8413715639656243	0.8518186213379093	0.645320197044335	0.8414254878816486	0.8857754495899286	0.6555023923444976	0.843872702946236	0.8648588403734536	0.8635309277088733	0.6470588235294118	0.6426799007444168	0.7555704304746081	0.8881006805688046	0.8559996472150337	0.6514423076923077	0.6613272311212816	0.7772646984905354	0.645320197044335	0.645320197044335	0.645320197044335	0.8465478347636205	0.8597304212592765	0.6925224990306359	0.8531028260135024	0.6530120481927711	0.6839802481326286	0.54858934169279	0.8542009895726458	0.6470588235294118	1.0	0.6230366492146596	0.5607476635514019	0.8408114099385303	0.6454909335682303	0.6737342906992093
te	0.7030716723549488	0.6385542168674699	0.6334310850439883	0.9380530973451326	0.6396396396396395	0.6312849162011173	0.9256198347107438	0.6124401913875598	0.6312849162011173	0.6157635467980295	0.9427312775330396	0.9351230425055929	0.6320224719101124	0.6305555555555556	0.6398809523809524	0.9305263157894738	0.9035916824196597	0.6385542168674699	0.9380530973451326	0.9380530973451326	0.9380530973451326	0.6377245508982036	0.6374269005847952	0.6374269005847952	0.6390532544378698	0.9305263157894738	0.6385542168674699	0.7936507936507936	0.6398809523809524	0.9427312775330396	0.6230366492146596	1.0	0.5576923076923077	0.6374269005847952	0.6385542168674699	0.6350574712643678
tr	0.5263157894736842	0.5873015873015873	-1.0	0.5348837209302326	0.582089552238806	0.5394736842105263	0.5576923076923077	0.5455135118238227	0.550561797752809	0.5458937198067633	0.5555555555555556	0.5636363636363636	0.5441176470588236	0.5795454545454545	0.5570469798657718	0.5700934579439253	0.5797101449275363	0.5614035087719298	0.5535714285714286	0.5737704918032787	0.5238095238095238	0.5315593000585614	0.5428571428571428	0.5542857142857143	0.5483870967741935	0.5549132947976879	0.5573770491803278	0.5116279069767442	0.5777777777777777	0.5531914893617021	0.5607476635514019	0.5576923076923077	1.0	0.5764705882352942	0.5238095238095238	0.5773195876288659
vi	0.5175097276264592	0.9157979595482829	0.9195292942606048	0.6612021857923497	0.9168325466385099	0.8939443005986804	0.6614583333333334	0.7825355994472037	0.8771932947043701	0.7981710418418294	0.6630434782608696	0.6584022038567493	0.7655669168186422	0.8905110428547665	0.9238143754018248	0.6640211640211641	0.6497584541062803	0.8381808129954595	0.6612021857923497	0.6612021857923497	0.6612021857923497	0.9219143991909768	0.9289318669478429	0.7258618365382613	0.920444981878566	0.6640211640211641	0.7149738161247865	0.5555555555555556	0.9319600321678421	0.6630434782608696	0.8408114099385303	0.6374269005847952	0.5764705882352942	1.0	0.6615156311487685	0.693902120423996
war	0.5183673469387755	0.6669332466948241	0.657753532995468	0.6666666666666666	0.6659983387702654	0.6546432737657669	0.656084656084656	0.6335881496461736	0.6546701080757555	0.6374099650050493	0.664804469273743	0.6638176638176638	0.65534130548588	0.6538904419347223	0.6641665738149644	0.6586021505376344	0.6446078431372549	0.6671068377831882	0.6666666666666666	0.6666666666666666	0.6666666666666666	0.6659891443329661	0.6614473889372664	0.6613880384131129	0.663204519820665	0.6586021505376344	0.6666666666666666	0.5580524344569289	0.6641686694726523	0.664804469273743	0.6454909335682303	0.6385542168674699	0.5238095238095238	0.6615156311487685	1.0	0.6589788909149916
zh	0.5171102661596958	0.6882533940023234	0.6924360400444939	0.6586021505376344	0.6894204928374676	0.6859023224318224	0.6606683804627249	0.658008456856094	0.6860520042859158	0.6638881477107375	0.6604278074866311	0.6558265582655826	0.6802000174197944	0.686778925995325	0.6916701427367493	0.6666666666666666	0.6507177033492824	0.6860545449463531	0.6586021505376344	0.6586021505376344	0.6586021505376344	0.6890072175625405	0.6944059427013837	0.6836945127085875	0.690181067137307	0.6631853785900783	0.6767006898098817	0.5543859649122806	0.6917043849327954	0.6604278074866311	0.6737342906992093	0.6350574712643678	0.5773195876288659	0.693902120423996	0.6589788909149916	1.0
