arz	bs	ceb	ckb	da	de	el	en	es	fr	he	hi	hu	id	it	ja	ko	lv	mk	ml	mr	nl	pl	pt	ro	ru	sh	si	simple	sr	sv	te	tr	vi	war	zh
arz	0.5	0.038135593220338986	0.032520325203252036	0.038135593220338986	0.037815126050420166	0.03409090909090909	0.03461538461538462	0.027777777777777776	0.03409090909090909	0.028846153846153848	0.0375	0.0391304347826087	0.03435114503816794	0.03383458646616541	0.0371900826446281	0.03543307086614173	0.03103448275862069	0.038135593220338986	0.038135593220338986	0.038135593220338986	0.038135593220338986	0.037815126050420166	0.036290322580645164	0.036290322580645164	0.036885245901639344	0.03543307086614173	0.038135593220338986	0.08823529411764706	0.0371900826446281	0.0375	0.03125	0.042105263157894736	0.05555555555555555	0.036290322580645164	0.038135593220338986	0.03543307086614173
bs	0.038135593220338986	1.0	0.841162715167262	0.5	0.9377759048008478	0.7960812526298523	0.45384615384615384	0.575983541249501	0.7622245491373008	0.6101399683220818	0.49166666666666664	0.4872881355932203	0.5977845001667468	0.7867422939750117	0.933227192923872	0.4645669291338583	0.4068965517241379	0.78228458671344	0.5	0.5	0.5	0.9518002999459669	0.8822514946455555	0.5500080337986636	0.9055746136845748	0.4645669291338583	0.5713913302547297	0.13135593220338984	0.9294988067095915	0.49166666666666664	0.6922962247962248	0.38333333333333336	0.21153846153846154	0.8385489354473143	0.5002999625046869	0.4995632336423579
ceb	0.032520325203252036	0.841162715167262	1.0	0.46	0.8419402209226771	0.8225249206061317	0.46923076923076923	0.5954819782916491	0.7876298193199601	0.6295571160117958	0.468	0.448	0.5952256216732625	0.8130846919278394	0.8584644290172601	0.48031496062992124	0.4206896551724138	0.7010883708322039	0.46	0.46	0.46	0.8547789009849663	0.8901167807776773	0.5477151557457485	0.8537518590886863	0.48031496062992124	0.5226112337153841	0.12195121951219512	0.8749051000645578	0.468	0.7139931658074135	0.364	-1.0	0.8469872256796593	0.4602536415682296	0.5155686149721397
ckb	0.038135593220338986	0.5	0.46	0.5	0.4957983193277311	0.44696969696969696	0.45384615384615384	0.36419753086419754	0.44696969696969696	0.3782051282051282	0.49166666666666664	0.4872881355932203	0.45038167938931295	0.44360902255639095	0.48760330578512395	0.4645669291338583	0.4068965517241379	0.5	0.5	0.5	0.5	0.4957983193277311	0.47580645161290325	0.47580645161290325	0.48360655737704916	0.4645669291338583	0.5	0.13135593220338984	0.48760330578512395	0.49166666666666664	0.4097222222222222	0.38333333333333336	0.075	0.47580645161290325	0.5	0.4645669291338583
da	0.037815126050420166	0.9377759048008478	0.8419402209226771	0.4957983193277311	1.0	0.7976386501523451	0.4576923076923077	0.5777677158578556	0.764075162966878	0.6116862530648424	0.49583333333333335	0.4831932773109244	0.5999742877495879	0.7881481096419878	0.9335967985747297	0.468503937007874	0.4103448275862069	0.7688258289452095	0.4957983193277311	0.4957983193277311	0.4957983193277311	0.9299769970723546	0.8829733617113289	0.5538690886775668	0.9058319902298232	0.468503937007874	0.5655014081019439	0.13025210084033614	0.9302545123921652	0.49583333333333335	0.6933098072708337	0.3875	0.19642857142857142	0.8412784530100843	0.49610073106130637	0.5037020895704485
de	0.03409090909090909	0.7960812526298523	0.8225249206061317	0.44696969696969696	0.7976386501523451	1.0	0.49242424242424243	0.6491841436664615	0.8232558179440805	0.6854605441561963	0.45454545454545453	0.4356060606060606	0.6371728042644256	0.8380342641286072	0.8130163357972819	0.4664179104477612	0.45517241379310347	0.6662225004801796	0.44696969696969696	0.44696969696969696	0.44696969696969696	0.8088525901447976	0.8416381943779204	0.5279714855774332	0.8258482554821227	0.4810606060606061	0.5038023106349243	0.11742424242424243	0.8289077764751855	0.45454545454545453	0.7817646761644943	0.3560606060606061	0.08571428571428572	0.7988665893520607	0.4471950527098296	0.4980166605274755
el	0.03461538461538462	0.45384615384615384	0.46923076923076923	0.45384615384615384	0.4576923076923077	0.49242424242424243	0.5	0.4012345679012346	0.49242424242424243	0.4166666666666667	0.46153846153846156	0.4423076923076923	0.48120300751879697	0.48134328358208955	0.4580152671755725	0.4734848484848485	0.4482758620689655	0.45384615384615384	0.45384615384615384	0.45384615384615384	0.45384615384615384	0.4576923076923077	0.47692307692307695	0.46946564885496184	0.46923076923076923	0.48846153846153845	0.45384615384615384	0.11923076923076924	0.4653846153846154	0.46153846153846156	0.4513888888888889	0.36153846153846153	0.13043478260869565	0.47692307692307695	0.45384615384615384	0.4734848484848485
en	0.027777777777777776	0.575983541249501	0.5954819782916491	0.36419753086419754	0.5777677158578556	0.6491841436664615	0.4012345679012346	1.0	0.6228137524747694	0.7591256125474293	0.37037037037037035	0.3549382716049383	0.5005285148465436	0.6544055956164418	0.5984287172202867	0.39197530864197533	0.44753086419753085	0.4994763533557237	0.36419753086419754	0.36419753086419754	0.36419753086419754	0.5846828196907942	0.6083411034531374	0.4255473837531682	0.596104563957424	0.39197530864197533	0.4012373694925384	0.09567901234567901	0.596649079530035	0.37037037037037035	0.707103336083493	0.29012345679012347	0.09978341584158415	0.5854927235539075	0.36432710482501435	0.41325190438665615
es	0.03409090909090909	0.7622245491373008	0.7876298193199601	0.44696969696969696	0.764075162966878	0.8232558179440805	0.49242424242424243	0.6228137524747694	1.0	0.6592850155624722	0.45454545454545453	0.4356060606060606	0.6222752312857436	0.8152882996632996	0.7761854538812005	0.4664179104477612	0.45517241379310347	0.6521545452576575	0.44696969696969696	0.44696969696969696	0.44696969696969696	0.7738706412355589	0.8042670133807708	0.5252142438666767	0.7895965786196499	0.4810606060606061	0.5031890270315702	0.11742424242424243	0.789464901269253	0.45454545454545453	0.7463318960354532	0.3560606060606061	0.1125	0.7704982909595095	0.4472263893055972	0.49819650398407445
fr	0.028846153846153848	0.6101399683220818	0.6295571160117958	0.3782051282051282	0.6116862530648424	0.6854605441561963	0.4166666666666667	0.7591256125474293	0.6592850155624722	1.0	0.38461538461538464	0.3685897435897436	0.5249588779710339	0.6912545415860109	0.6340308940791256	0.40705128205128205	0.4525316455696203	0.5273036710552146	0.3782051282051282	0.3782051282051282	0.3782051282051282	0.6185636760036021	0.6427986155258882	0.43805394693487637	0.6321423922946765	0.40705128205128205	0.41813141813141813	0.09935897435897435	0.6315050617824823	0.38461538461538464	0.7451931620893768	0.30128205128205127	0.10106382978723404	0.6161143403537908	0.37845227231760625	0.43058896940586244
he	0.0375	0.49166666666666664	0.468	0.49166666666666664	0.49583333333333335	0.45454545454545453	0.46153846153846156	0.37037037037037035	0.45454545454545453	0.38461538461538464	0.5	0.4791666666666667	0.4580152671755725	0.45112781954887216	0.49586776859504134	0.47244094488188976	0.41379310344827586	0.49166666666666664	0.49166666666666664	0.49166666666666664	0.49166666666666664	0.48760330578512395	0.4838709677419355	0.4838709677419355	0.4918032786885246	0.47244094488188976	0.49166666666666664	0.12916666666666668	0.49586776859504134	0.5	0.4166666666666667	0.39166666666666666	0.125	0.4838709677419355	0.49166666666666664	0.47244094488188976
hi	0.0391304347826087	0.4872881355932203	0.448	0.4872881355932203	0.4831932773109244	0.4356060606060606	0.4423076923076923	0.3549382716049383	0.4356060606060606	0.3685897435897436	0.4791666666666667	0.5	0.4389312977099237	0.4323308270676692	0.47520661157024796	0.452755905511811	0.39655172413793105	0.4872881355932203	0.4872881355932203	0.4872881355932203	0.4872881355932203	0.4831932773109244	0.4637096774193548	0.4637096774193548	0.4713114754098361	0.452755905511811	0.4872881355932203	0.13478260869565217	0.47520661157024796	0.4791666666666667	0.3993055555555556	0.37815126050420167	0.14583333333333334	0.4637096774193548	0.4872881355932203	0.452755905511811
hu	0.03435114503816794	0.5977845001667468	0.5952256216732625	0.45038167938931295	0.5999742877495879	0.6371728042644256	0.48120300751879697	0.5005285148465436	0.6222752312857436	0.5249588779710339	0.4580152671755725	0.4389312977099237	1.0	0.6109301053110299	0.6034425133689839	0.45555555555555555	0.4517241379310345	0.5683182451931773	0.45038167938931295	0.45038167938931295	0.45038167938931295	0.6025894954565909	0.6033508087837459	0.5061224940410037	0.616151873070484	0.4699248120300752	0.4966644782231322	0.1183206106870229	0.6126861394585328	0.4580152671755725	0.579965041048476	0.35877862595419846	0.0967741935483871	0.5958710371179503	0.45047268776208327	0.4835944276282017
id	0.03383458646616541	0.7867422939750117	0.8130846919278394	0.44360902255639095	0.7881481096419878	0.8380342641286072	0.48134328358208955	0.6544055956164418	0.8152882996632996	0.6912545415860109	0.45112781954887216	0.4323308270676692	0.6109301053110299	1.0	0.8205093325418811	0.4701492537313433	0.4586206896551724	0.6588266752740437	0.44360902255639095	0.44360902255639095	0.44360902255639095	0.7989811374809135	0.8326528687309671	0.522445801691654	0.8160168347252761	0.4774436090225564	0.4995269802807841	0.11654135338345864	0.8179697381120989	0.45112781954887216	0.7866935946035101	0.3533834586466165	0.1891891891891892	0.7920097515027489	0.44389533673848675	0.5016751049293257
it	0.0371900826446281	0.933227192923872	0.8584644290172601	0.48760330578512395	0.9335967985747297	0.8130163357972819	0.4580152671755725	0.5984287172202867	0.7761854538812005	0.6340308940791256	0.49586776859504134	0.47520661157024796	0.6034425133689839	0.8205093325418811	1.0	0.4763779527559055	0.41724137931034483	0.7600447403784485	0.48760330578512395	0.48760330578512395	0.48760330578512395	0.9266428254099466	0.900175382036237	0.5536268285950869	0.924544860771885	0.46875	0.5559865309613155	0.128099173553719	0.9495644526249812	0.49586776859504134	0.7203583998389118	0.3884297520661157	0.12878787878787878	0.8537219146857701	0.4879183877064235	0.5118938533252708
ja	0.03543307086614173	0.4645669291338583	0.48031496062992124	0.4645669291338583	0.468503937007874	0.4664179104477612	0.4734848484848485	0.39197530864197533	0.4664179104477612	0.40705128205128205	0.47244094488188976	0.452755905511811	0.45555555555555555	0.4701492537313433	0.4763779527559055	0.5	0.4315068493150685	0.4645669291338583	0.4645669291338583	0.4645669291338583	0.4645669291338583	0.468503937007874	0.4881889763779528	0.48046875	0.47265625	0.4844961240310077	0.4645669291338583	0.1220472440944882	0.4763779527559055	0.47244094488188976	0.43448275862068964	0.3700787401574803	0.16304347826086957	0.4881889763779528	0.4645669291338583	0.5
ko	0.03103448275862069	0.4068965517241379	0.4206896551724138	0.4068965517241379	0.4103448275862069	0.45517241379310347	0.4482758620689655	0.44753086419753085	0.45517241379310347	0.4525316455696203	0.41379310344827586	0.39655172413793105	0.4517241379310345	0.4586206896551724	0.41724137931034483	0.4315068493150685	0.5	0.4068965517241379	0.4068965517241379	0.4068965517241379	0.4068965517241379	0.4103448275862069	0.42758620689655175	0.42758620689655175	0.4206896551724138	0.4379310344827586	0.4068965517241379	0.10689655172413794	0.41724137931034483	0.41379310344827586	0.47635135135135137	0.32413793103448274	0.1896551724137931	0.42758620689655175	0.4068965517241379	0.4315068493150685
lv	0.038135593220338986	0.78228458671344	0.7010883708322039	0.5	0.7688258289452095	0.6662225004801796	0.45384615384615384	0.4994763533557237	0.6521545452576575	0.5273036710552146	0.49166666666666664	0.4872881355932203	0.5683182451931773	0.6588266752740437	0.7600447403784485	0.4645669291338583	0.4068965517241379	1.0	0.5	0.5	0.5	0.7745777426660727	0.7285533339856703	0.5421252165618051	0.7450528412310354	0.4645669291338583	0.5625418433385405	0.13135593220338984	0.758478505009017	0.49166666666666664	0.5881992042503943	0.38333333333333336	0.14	0.7103840267660589	0.5004953560371517	0.496910697182836
mk	0.038135593220338986	0.5	0.46	0.5	0.4957983193277311	0.44696969696969696	0.45384615384615384	0.36419753086419754	0.44696969696969696	0.3782051282051282	0.49166666666666664	0.4872881355932203	0.45038167938931295	0.44360902255639095	0.48760330578512395	0.4645669291338583	0.4068965517241379	0.5	0.5	0.5	0.5	0.4957983193277311	0.47580645161290325	0.47580645161290325	0.48360655737704916	0.4645669291338583	0.5	0.13135593220338984	0.48760330578512395	0.49166666666666664	0.4097222222222222	0.38333333333333336	0.12	0.47580645161290325	0.5	0.4645669291338583
ml	0.038135593220338986	0.5	0.46	0.5	0.4957983193277311	0.44696969696969696	0.45384615384615384	0.36419753086419754	0.44696969696969696	0.3782051282051282	0.49166666666666664	0.4872881355932203	0.45038167938931295	0.44360902255639095	0.48760330578512395	0.4645669291338583	0.4068965517241379	0.5	0.5	0.5	0.5	0.4957983193277311	0.47580645161290325	0.47580645161290325	0.48360655737704916	0.4645669291338583	0.5	0.13135593220338984	0.48760330578512395	0.49166666666666664	0.4097222222222222	0.38333333333333336	0.17307692307692307	0.47580645161290325	0.5	0.4645669291338583
mr	0.038135593220338986	0.5	0.46	0.5	0.4957983193277311	0.44696969696969696	0.45384615384615384	0.36419753086419754	0.44696969696969696	0.3782051282051282	0.49166666666666664	0.4872881355932203	0.45038167938931295	0.44360902255639095	0.48760330578512395	0.4645669291338583	0.4068965517241379	0.5	0.5	0.5	0.5	0.4957983193277311	0.47580645161290325	0.47580645161290325	0.48360655737704916	0.4645669291338583	0.5	0.13135593220338984	0.48760330578512395	0.49166666666666664	0.4097222222222222	0.38333333333333336	0.05	0.47580645161290325	0.5	0.4645669291338583
nl	0.037815126050420166	0.9518002999459669	0.8547789009849663	0.4957983193277311	0.9299769970723546	0.8088525901447976	0.4576923076923077	0.5846828196907942	0.7738706412355589	0.6185636760036021	0.48760330578512395	0.4831932773109244	0.6025894954565909	0.7989811374809135	0.9266428254099466	0.468503937007874	0.4103448275862069	0.7745777426660727	0.4957983193277311	0.4957983193277311	0.4957983193277311	1.0	0.8960083367338525	0.5544195951911033	0.9195890738418735	0.468503937007874	0.56634979792978	0.13025210084033614	0.9230362459303726	0.48760330578512395	0.7021619779111317	0.38016528925619836	0.06726663854566405	0.8502950641481013	0.4960903540798666	0.5032041387951326
pl	0.036290322580645164	0.8822514946455555	0.8901167807776773	0.47580645161290325	0.8829733617113289	0.8416381943779204	0.47692307692307695	0.6083411034531374	0.8042670133807708	0.6427986155258882	0.4838709677419355	0.4637096774193548	0.6033508087837459	0.8326528687309671	0.900175382036237	0.4881889763779528	0.42758620689655175	0.7285533339856703	0.47580645161290325	0.47580645161290325	0.47580645161290325	0.8960083367338525	1.0	0.5561264329350315	0.8937132523895635	0.4881889763779528	0.5405846228272336	0.125	0.8969622702354079	0.4838709677419355	0.7294794092812658	0.3790322580645161	0.09375	0.8654037008079228	0.4760869368523675	0.5234614256412278
pt	0.036290322580645164	0.5500080337986636	0.5477151557457485	0.47580645161290325	0.5538690886775668	0.5279714855774332	0.46946564885496184	0.4255473837531682	0.5252142438666767	0.43805394693487637	0.4838709677419355	0.4637096774193548	0.5061224940410037	0.522445801691654	0.5536268285950869	0.48046875	0.42758620689655175	0.5421252165618051	0.47580645161290325	0.47580645161290325	0.47580645161290325	0.5544195951911033	0.5561264329350315	1.0	0.5577276769958354	0.48046875	0.5129486036365952	0.125	0.5637590439755934	0.4838709677419355	0.4778774484056962	0.3790322580645161	0.12179487179487179	0.5643178604365201	0.47601903664691686	0.5053031870860927
ro	0.036885245901639344	0.9055746136845748	0.8537518590886863	0.48360655737704916	0.9058319902298232	0.8258482554821227	0.46923076923076923	0.596104563957424	0.7895965786196499	0.6321423922946765	0.4918032786885246	0.4713114754098361	0.616151873070484	0.8160168347252761	0.924544860771885	0.47265625	0.4206896551724138	0.7450528412310354	0.48360655737704916	0.48360655737704916	0.48360655737704916	0.9195890738418735	0.8937132523895635	0.5577276769958354	1.0	0.48031496062992124	0.5508361426699093	0.12704918032786885	0.9206798614418985	0.4918032786885246	0.7162073043161868	0.38524590163934425	0.10714285714285714	0.8486017120825982	0.48385810258331624	0.5075077492184169
ru	0.03543307086614173	0.4645669291338583	0.48031496062992124	0.4645669291338583	0.468503937007874	0.4810606060606061	0.48846153846153845	0.39197530864197533	0.4810606060606061	0.40705128205128205	0.47244094488188976	0.452755905511811	0.4699248120300752	0.4774436090225564	0.46875	0.4844961240310077	0.4379310344827586	0.4645669291338583	0.4645669291338583	0.4645669291338583	0.4645669291338583	0.468503937007874	0.4881889763779528	0.48046875	0.48031496062992124	0.5	0.4645669291338583	0.1220472440944882	0.4763779527559055	0.47244094488188976	0.4409722222222222	0.3700787401574803	0.12337662337662338	0.4881889763779528	0.4645669291338583	0.4844961240310077
sh	0.038135593220338986	0.5713913302547297	0.5226112337153841	0.5	0.5655014081019439	0.5038023106349243	0.45384615384615384	0.4012373694925384	0.5031890270315702	0.41813141813141813	0.49166666666666664	0.4872881355932203	0.4966644782231322	0.4995269802807841	0.5559865309613155	0.4645669291338583	0.4068965517241379	0.5625418433385405	0.5	0.5	0.5	0.56634979792978	0.5405846228272336	0.5129486036365952	0.5508361426699093	0.4645669291338583	1.0	0.13135593220338984	0.5561012684098254	0.49166666666666664	0.4577201540887127	0.38333333333333336	0.12962962962962962	0.5399775746075557	0.5	0.48573095029787944
si	0.08823529411764706	0.13135593220338984	0.12195121951219512	0.13135593220338984	0.13025210084033614	0.11742424242424243	0.11923076923076924	0.09567901234567901	0.11742424242424243	0.09935897435897435	0.12916666666666668	0.13478260869565217	0.1183206106870229	0.11654135338345864	0.128099173553719	0.1220472440944882	0.10689655172413794	0.13135593220338984	0.13135593220338984	0.13135593220338984	0.13135593220338984	0.13025210084033614	0.125	0.125	0.12704918032786885	0.1220472440944882	0.13135593220338984	0.5	0.128099173553719	0.12916666666666668	0.1076388888888889	0.15789473684210525	0.023809523809523808	0.125	0.13135593220338984	0.1220472440944882
simple	0.0371900826446281	0.9294988067095915	0.8749051000645578	0.48760330578512395	0.9302545123921652	0.8289077764751855	0.4653846153846154	0.596649079530035	0.789464901269253	0.6315050617824823	0.49586776859504134	0.47520661157024796	0.6126861394585328	0.8179697381120989	0.9495644526249812	0.4763779527559055	0.41724137931034483	0.758478505009017	0.48760330578512395	0.48760330578512395	0.48760330578512395	0.9230362459303726	0.8969622702354079	0.5637590439755934	0.9206798614418985	0.4763779527559055	0.5561012684098254	0.128099173553719	1.0	0.49586776859504134	0.7172203726380597	0.3884297520661157	0.18421052631578946	0.8699164271265836	0.4879207661025843	0.5119349068150622
sr	0.0375	0.49166666666666664	0.468	0.49166666666666664	0.49583333333333335	0.45454545454545453	0.46153846153846156	0.37037037037037035	0.45454545454545453	0.38461538461538464	0.5	0.4791666666666667	0.4580152671755725	0.45112781954887216	0.49586776859504134	0.47244094488188976	0.41379310344827586	0.49166666666666664	0.49166666666666664	0.49166666666666664	0.49166666666666664	0.48760330578512395	0.4838709677419355	0.4838709677419355	0.4918032786885246	0.47244094488188976	0.49166666666666664	0.12916666666666668	0.49586776859504134	0.5	0.4166666666666667	0.39166666666666666	0.11904761904761904	0.4838709677419355	0.49166666666666664	0.47244094488188976
sv	0.03125	0.6922962247962248	0.7139931658074135	0.4097222222222222	0.6933098072708337	0.7817646761644943	0.4513888888888889	0.707103336083493	0.7463318960354532	0.7451931620893768	0.4166666666666667	0.3993055555555556	0.579965041048476	0.7866935946035101	0.7203583998389118	0.43448275862068964	0.47635135135135137	0.5881992042503943	0.4097222222222222	0.4097222222222222	0.4097222222222222	0.7021619779111317	0.7294794092812658	0.4778774484056962	0.7162073043161868	0.4409722222222222	0.4577201540887127	0.1076388888888889	0.7172203726380597	0.4166666666666667	1.0	0.3263888888888889	0.13829787234042554	0.6974103608579583	0.40992724828982224	0.4612369669853567
te	0.042105263157894736	0.38333333333333336	0.364	0.38333333333333336	0.3875	0.3560606060606061	0.36153846153846153	0.29012345679012347	0.3560606060606061	0.30128205128205127	0.39166666666666666	0.37815126050420167	0.35877862595419846	0.3533834586466165	0.3884297520661157	0.3700787401574803	0.32413793103448274	0.38333333333333336	0.38333333333333336	0.38333333333333336	0.38333333333333336	0.38016528925619836	0.3790322580645161	0.3790322580645161	0.38524590163934425	0.3700787401574803	0.38333333333333336	0.15789473684210525	0.3884297520661157	0.39166666666666666	0.3263888888888889	0.5	0.13043478260869565	0.3790322580645161	0.38333333333333336	0.3700787401574803
tr	0.05555555555555555	0.21153846153846154	-1.0	0.075	0.19642857142857142	0.08571428571428572	0.13043478260869565	0.09978341584158415	0.1125	0.10106382978723404	0.125	0.14583333333333334	0.0967741935483871	0.1891891891891892	0.12878787878787878	0.16304347826086957	0.1896551724137931	0.14	0.12	0.17307692307692307	0.05	0.06726663854566405	0.09375	0.12179487179487179	0.10714285714285714	0.12337662337662338	0.12962962962962962	0.023809523809523808	0.18421052631578946	0.11904761904761904	0.13829787234042554	0.13043478260869565	1.0	0.18055555555555555	0.05	0.18292682926829268
vi	0.036290322580645164	0.8385489354473143	0.8469872256796593	0.47580645161290325	0.8412784530100843	0.7988665893520607	0.47692307692307695	0.5854927235539075	0.7704982909595095	0.6161143403537908	0.4838709677419355	0.4637096774193548	0.5958710371179503	0.7920097515027489	0.8537219146857701	0.4881889763779528	0.42758620689655175	0.7103840267660589	0.47580645161290325	0.47580645161290325	0.47580645161290325	0.8502950641481013	0.8654037008079228	0.5643178604365201	0.8486017120825982	0.4881889763779528	0.5399775746075557	0.125	0.8699164271265836	0.4838709677419355	0.6974103608579583	0.3790322580645161	0.18055555555555555	1.0	0.47616501734995503	0.522862931864091
war	0.038135593220338986	0.5002999625046869	0.4602536415682296	0.5	0.49610073106130637	0.4471950527098296	0.45384615384615384	0.36432710482501435	0.4472263893055972	0.37845227231760625	0.49166666666666664	0.4872881355932203	0.45047268776208327	0.44389533673848675	0.4879183877064235	0.4645669291338583	0.4068965517241379	0.5004953560371517	0.5	0.5	0.5	0.4960903540798666	0.4760869368523675	0.47601903664691686	0.48385810258331624	0.4645669291338583	0.5	0.13135593220338984	0.4879207661025843	0.49166666666666664	0.40992724828982224	0.38333333333333336	0.05	0.47616501734995503	1.0	0.46500133399919275
zh	0.03543307086614173	0.4995632336423579	0.5155686149721397	0.4645669291338583	0.5037020895704485	0.4980166605274755	0.4734848484848485	0.41325190438665615	0.49819650398407445	0.43058896940586244	0.47244094488188976	0.452755905511811	0.4835944276282017	0.5016751049293257	0.5118938533252708	0.5	0.4315068493150685	0.496910697182836	0.4645669291338583	0.4645669291338583	0.4645669291338583	0.5032041387951326	0.5234614256412278	0.5053031870860927	0.5075077492184169	0.4844961240310077	0.48573095029787944	0.1220472440944882	0.5119349068150622	0.47244094488188976	0.4612369669853567	0.3700787401574803	0.18292682926829268	0.522862931864091	0.46500133399919275	1.0
