arz	bs	ceb	ckb	da	de	el	en	es	fr	he	hi	hu	id	it	ja	ko	lv	mk	ml	mr	nl	pl	pt	ro	ru	sh	si	simple	sr	sv	te	tr	vi	war	zh
arz	1.0	1.0	1.0	1.0	1.0	1.0	1.0	0.5	1.0	1.0	1.0	1.0	1.0	1.0	1.0	1.0	1.0	1.0	1.0	1.0	1.0	1.0	1.0	1.0	1.0	1.0	1.0	1.0	0.585786437626905	1.0	1.0	1.0	0.585786437626905	1.0	1.0	1.0
bs	1.0	1.0	1.0	0.2158344610587697	0.0164079706324498	0.011815541091439957	0.017467418413436908	0.032006392234147314	0.012605770301956115	0.012169631418666383	0.01573908350985089	0.017037259104433676	0.013609705147252744	0.03619790693642058	0.017127118057079404	0.012683541710800597	0.014910838717092447	0.01720998402099274	0.020056642088824926	0.030184646334894493	0.2553967929896867	0.01309894880153451	0.016743020756074214	0.012051962521708042	0.018813864966206295	0.012060751596996022	0.012331811507472295	0.13367660240019172	0.018996899334396706	0.011474744169909427	0.013034418192411436	0.1060878539025194	0.12350508930620797	0.014532036317868851	0.08481663387528747	0.01252536552599854
ceb	1.0	1.0	1.0	1.0	1.0	1.0	1.0	1.0	1.0	1.0	1.0	1.0	1.0	1.0	1.0	1.0	1.0	1.0	1.0	1.0	1.0	1.0	1.0	1.0	1.0	1.0	1.0	1.0	1.0	1.0	1.0	1.0	-1.0	1.0	1.0	1.0
ckb	1.0	0.2158344610587697	1.0	1.0	0.5	0.585786437626905	1.0	0.2402530733520421	0.4142135623730951	1.0	1.0	1.0	0.3164309725825328	0.2958163163244893	0.3090169943749474	1.0	1.0	0.5	1.0	1.0	1.0	0.34833147735478825	0.34833147735478825	0.5	0.5	1.0	0.44948974278317805	1.0	0.38742588672279304	0.5	0.39564392373896007	1.0	1.0	0.44948974278317805	1.0	1.0
da	1.0	0.0164079706324498	1.0	0.5	1.0	0.010281462062608897	0.021956194653631342	0.013178159060264346	0.01140495264311492	0.010958423230826731	0.02193306431720024	0.04039033327211791	0.012313421220083366	0.014180835129337693	0.012631791240335373	0.01236139897173124	0.014306776268519554	0.02862565727574704	0.0627620924462526	0.08750187292164367	0.22584440001865322	0.01179042279017395	0.012816339365186126	0.009183854735256175	0.0131709999818045	0.009336149090038036	0.010290537263964608	0.3430703308172536	0.028588317838077387	0.010284966316976167	0.010310924136049974	0.15707061676257178	0.18476421325034792	0.013656165920567965	0.16462407202206505	0.012793726301894796
de	1.0	0.011815541091439957	1.0	0.585786437626905	0.010281462062608897	1.0	0.04833427388145642	0.004847112743414096	0.0038547951340828154	0.00437051416091581	0.06333042230883601	0.04603634224652511	0.004518958936262212	0.0056030016889122986	0.004538459003266585	0.0027370771457840624	0.04072624202365414	0.02600848513691681	0.11484827991779242	0.17025921636942778	0.4142135623730951	0.004145148284379013	0.0040990699944506125	0.004720339498515974	0.0062933513348030715	0.005686090193165572	0.004328651738870081	0.5	0.008323189170670727	0.004255331806795978	0.004877934626166094	0.3090169943749474	0.16996263364682326	0.004674584396898562	0.3090169943749474	0.0031258164693001105
el	1.0	0.017467418413436908	1.0	1.0	0.021956194653631342	0.04833427388145642	1.0	0.006098944301557743	0.02988163927967318	0.008043294144039297	0.4142135623730951	1.0	0.009456813999438408	0.008536880607743031	0.006916663673963864	1.0	1.0	0.04514720872048031	1.0	1.0	1.0	0.009428210821717466	0.007309786379956854	0.061655203274685856	0.010651785728072098	1.0	0.009192908420798916	1.0	0.04732297117784386	0.012093632627829398	0.014420789816324745	1.0	0.5	0.00933616169992226	0.5	1.0
en	0.5	0.032006392234147314	1.0	0.2402530733520421	0.013178159060264346	0.004847112743414096	0.006098944301557743	1.0	0.0069822282931422345	0.011015083072229648	0.00706267752392601	0.006665343422546727	0.013850961712355777	0.03354767529277606	0.014295060436557703	0.00256476530668683	0.005271762212775692	0.007825749751933	0.011991388043726674	0.02079148505467926	0.20799159651347807	0.012521762450820817	0.022138944110077604	0.005992302719860973	0.02535936429404019	0.0035976120422875598	0.012351912989444642	0.25824569976124334	0.011476748807671612	0.012115264947500638	0.013301586845412232	0.05227368170111488	0.12169594959288853	0.019338919266868728	0.09075454042522706	0.0025644716564788583
es	1.0	0.012605770301956115	1.0	0.4142135623730951	0.01140495264311492	0.0038547951340828154	0.02988163927967318	0.0069822282931422345	1.0	0.005762284741304485	0.049234108353982765	0.04855877975698848	0.00517590422255823	0.006043506945906596	0.006095632338072672	0.003465959016976951	0.02346574964255123	0.026415848563847048	0.09009410830061464	0.10815240673485554	0.3164309725825327	0.004860614753651026	0.005710166703982177	0.006364820915924778	0.006440336798483237	0.00659036256043763	0.005298059250384627	0.585786437626905	0.009228187495365275	0.005276095624986511	0.005569421589803645	0.22901628833426058	0.20799159651347807	0.0053292301724356984	0.33333333333333326	0.0038718529725409604
fr	1.0	0.012169631418666383	1.0	1.0	0.010958423230826731	0.00437051416091581	0.008043294144039297	0.011015083072229648	0.005762284741304485	1.0	0.010805452405992332	0.011213784466521994	0.008533053589965534	0.008782843487293442	0.012257524578097714	0.0025701577432181003	0.007031974261716625	0.018108520994404673	0.054327467501752345	0.11285028951995753	0.32449979983983984	0.008427825012565242	0.012543342257267987	0.00529925748922938	0.008370627675743373	0.003933363759290369	0.010334190960004158	0.44948974278317805	0.009256758295718119	0.00936136869226999	0.007550540903171278	0.179128784747792	0.16139047779640892	0.008113632825245957	0.21393876913398135	0.0028337528284666695
he	1.0	0.01573908350985089	1.0	1.0	0.02193306431720024	0.06333042230883601	0.4142135623730951	0.00706267752392601	0.049234108353982765	0.010805452405992332	1.0	0.44948974278317805	0.011912031472674082	0.009140447197674904	0.008040207860168413	0.38742588672279304	0.44948974278317805	0.051092738983493015	1.0	0.5	1.0	0.01968105586804599	0.007965554789041707	0.06600786531161015	0.013204216578142651	0.29429805508554946	0.011973346550735738	1.0	0.05330922139197247	0.012771812396522838	0.012448355855797889	0.585786437626905	0.585786437626905	0.010046395624983087	0.5	0.38742588672279304
hi	1.0	0.017037259104433676	1.0	1.0	0.04039033327211791	0.04603634224652511	1.0	0.006665343422546727	0.04855877975698848	0.011213784466521994	0.44948974278317805	1.0	0.014596596461337596	0.009563889825467324	0.007597075758355452	1.0	1.0	0.0788880782666847	1.0	1.0	1.0	0.012042041927376426	0.008036617801610269	0.0583862022582947	0.010983061783412285	1.0	0.010087062018991384	1.0	0.03206898521491553	0.012519305292702032	0.03037412569411686	1.0	0.5	0.010623543180665156	0.44948974278317805	1.0
hu	1.0	0.013609705147252744	1.0	0.3164309725825328	0.012313421220083366	0.004518958936262212	0.009456813999438408	0.013850961712355777	0.00517590422255823	0.008533053589965534	0.011912031472674082	0.014596596461337596	1.0	0.010698702887908893	0.011596623731783683	0.004270167941701142	0.007260750148818877	0.014321255399738253	0.0413336041648595	0.086636859805422	0.3430703308172536	0.008075416030898662	0.011719756673286431	0.006049559809621212	0.009301401663747095	0.005664358472241233	0.010211902085568087	0.4142135623730951	0.010685547935686402	0.008912406472344352	0.008946878197037482	0.15954492995986427	0.585786437626905	0.009901476673779401	0.20658711810431302	0.004557424352469926
id	1.0	0.03619790693642058	1.0	0.2958163163244893	0.014180835129337693	0.0056030016889122986	0.008536880607743031	0.03354767529277606	0.006043506945906596	0.008782843487293442	0.009140447197674904	0.009563889825467324	0.010698702887908893	1.0	0.021573851307750837	0.005933798366833503	0.00720092149882062	0.010573944395244698	0.013969050680783537	0.023055114364564554	0.20386840968093525	0.00839093236952772	0.019222794385646794	0.007048373623314051	0.020057828283489714	0.006653987579494751	0.013293599275669931	0.2225758785102318	0.010341016542751593	0.011012538915268754	0.010832340210722291	0.05598982101270562	0.1825699418984291	0.013170977531066327	0.08773224897589461	0.005765378021484154
it	1.0	0.017127118057079404	1.0	0.3090169943749474	0.012631791240335373	0.004538459003266585	0.006916663673963864	0.014295060436557703	0.006095632338072672	0.012257524578097714	0.008040207860168413	0.007597075758355452	0.011596623731783683	0.021573851307750837	1.0	0.0028718468702486673	0.00577552555508734	0.008638476941597622	0.015242616617729089	0.045821246065529085	0.2708131845707603	0.010516898660455746	0.023863658383100332	0.005699924579473667	0.017674116387495425	0.004002672832279547	0.014650558811075541	0.25	0.010552621608402585	0.01190139598478303	0.011200942259029222	0.10290397182775128	0.1652960191502465	0.01876268933822864	0.18727507600544932	0.003187548445836927
ja	1.0	0.012683541710800597	1.0	1.0	0.01236139897173124	0.0027370771457840624	1.0	0.00256476530668683	0.003465959016976951	0.0025701577432181003	0.38742588672279304	1.0	0.004270167941701142	0.005933798366833503	0.0028718468702486673	1.0	0.585786437626905	0.028212238970307613	1.0	1.0	1.0	0.003034967925767185	0.0033289680893627857	0.006617928460795232	0.006411821107971284	0.44948974278317805	0.003270139953104756	1.0	0.010139227761976692	0.0032220175994229243	0.005457548526566099	1.0	0.2553967929896867	0.004390482537946959	0.44948974278317805	0.585786437626905
ko	1.0	0.014910838717092447	1.0	1.0	0.014306776268519554	0.04072624202365414	1.0	0.005271762212775692	0.02346574964255123	0.007031974261716625	0.44948974278317805	1.0	0.007260750148818877	0.00720092149882062	0.00577552555508734	0.585786437626905	1.0	0.03968167210589887	1.0	1.0	1.0	0.007181424984614883	0.00619806998667247	0.03867034973956581	0.008237667562238147	1.0	0.007264207806870965	1.0	0.04127602469577319	0.007697620957733989	0.009182310573751917	1.0	0.38742588672279304	0.007072656780995154	0.44948974278317805	1.0
lv	1.0	0.01720998402099274	1.0	0.5	0.02862565727574704	0.02600848513691681	0.04514720872048031	0.007825749751933	0.026415848563847048	0.018108520994404673	0.051092738983493015	0.0788880782666847	0.014321255399738253	0.010573944395244698	0.008638476941597622	0.028212238970307613	0.03968167210589887	1.0	0.1271283571603457	0.17331935664757372	0.4142135623730951	0.017220219400351525	0.00888202135221886	0.036807570701302646	0.012291589786539173	0.04261368126781334	0.01691814441601552	0.3333333333333333	0.04624448120543196	0.018137013703357744	0.014830956201290465	0.28436465220442186	0.4038740830864499	0.010656546097833728	0.22772999919644132	0.03035157249131767
mk	1.0	0.020056642088824926	1.0	1.0	0.0627620924462526	0.11484827991779242	1.0	0.011991388043726674	0.09009410830061464	0.054327467501752345	1.0	1.0	0.0413336041648595	0.013969050680783537	0.015242616617729089	1.0	1.0	0.1271283571603457	1.0	1.0	1.0	0.06864197440998684	0.02477656191369287	0.13049153224845791	0.01750067556849604	1.0	0.03569383236371485	1.0	0.11045582272443316	0.06638630076700956	0.04346599108461896	1.0	1.0	0.03406879392861991	0.5	1.0
ml	1.0	0.030184646334894493	1.0	1.0	0.08750187292164367	0.17025921636942778	1.0	0.02079148505467926	0.10815240673485554	0.11285028951995753	0.5	1.0	0.086636859805422	0.023055114364564554	0.045821246065529085	1.0	1.0	0.17331935664757372	1.0	1.0	1.0	0.11631975617439125	0.057227153432577185	0.2	0.04910405543058044	1.0	0.08233500539567441	1.0	0.13126534680162893	0.07877727855268139	0.09612014209694339	1.0	0.4142135623730951	0.05584670894916478	0.5	1.0
mr	1.0	0.2553967929896867	1.0	1.0	0.22584440001865322	0.4142135623730951	1.0	0.20799159651347807	0.3164309725825327	0.32449979983983984	1.0	1.0	0.3430703308172536	0.20386840968093525	0.2708131845707603	1.0	1.0	0.4142135623730951	1.0	1.0	1.0	0.36602540378443865	0.16713169773043432	0.5	0.3164309725825328	1.0	0.4142135623730951	1.0	0.36602540378443865	0.25728427444747215	0.3164309725825328	1.0	1.0	0.23800671553691075	0.585786437626905	1.0
nl	1.0	0.01309894880153451	1.0	0.34833147735478825	0.01179042279017395	0.004145148284379013	0.009428210821717466	0.012521762450820817	0.004860614753651026	0.008427825012565242	0.01968105586804599	0.012042041927376426	0.008075416030898662	0.00839093236952772	0.010516898660455746	0.003034967925767185	0.007181424984614883	0.017220219400351525	0.06864197440998684	0.11631975617439125	0.36602540378443865	1.0	0.009228163736885826	0.005749687307387243	0.007742200286575527	0.005051323865356969	0.008998775703883235	0.3090169943749474	0.009689852925353062	0.008862245663483372	0.007957144045183263	0.18464218557642828	0.07120244056271084	0.008263933386374562	0.2898979485566356	0.0033373166871326883
pl	1.0	0.016743020756074214	1.0	0.34833147735478825	0.012816339365186126	0.0040990699944506125	0.007309786379956854	0.022138944110077604	0.005710166703982177	0.012543342257267987	0.007965554789041707	0.008036617801610269	0.011719756673286431	0.019222794385646794	0.023863658383100332	0.0033289680893627857	0.00619806998667247	0.00888202135221886	0.02477656191369287	0.057227153432577185	0.16713169773043432	0.009228163736885826	1.0	0.005863655813140667	0.015358367469214073	0.004578951156733148	0.015045746875088174	0.3090169943749474	0.010629241206601508	0.010396939277199037	0.00996366541113929	0.10429940919118673	0.2204812092115424	0.0168476482226396	0.17040813118304995	0.003599850286348205
pt	1.0	0.012051962521708042	1.0	0.5	0.009183854735256175	0.004720339498515974	0.061655203274685856	0.005992302719860973	0.006364820915924778	0.00529925748922938	0.06600786531161015	0.0583862022582947	0.006049559809621212	0.007048373623314051	0.005699924579473667	0.006617928460795232	0.03867034973956581	0.036807570701302646	0.13049153224845791	0.2	0.5	0.005749687307387243	0.005863655813140667	1.0	0.005876721069257292	0.003809913630272429	0.006182429562346283	0.4364916731037085	0.02436728704232399	0.005979336413528257	0.005727972151191682	0.1731621355286848	0.20942771453851886	0.006474435860404975	0.3333333333333333	0.006547652142811352
ro	1.0	0.018813864966206295	1.0	0.5	0.0131709999818045	0.0062933513348030715	0.010651785728072098	0.02535936429404019	0.006440336798483237	0.008370627675743373	0.013204216578142651	0.010983061783412285	0.009301401663747095	0.020057828283489714	0.017674116387495425	0.006411821107971284	0.008237667562238147	0.012291589786539173	0.01750067556849604	0.04910405543058044	0.3164309725825328	0.007742200286575527	0.015358367469214073	0.005876721069257292	1.0	0.005345412958452361	0.013837669652089045	0.5	0.014594983371555043	0.01036238635384262	0.010950136163762489	0.09808335817127971	0.585786437626905	0.012792009729860655	0.18054705546755545	0.006414024238060802
ru	1.0	0.012060751596996022	1.0	1.0	0.009336149090038036	0.005686090193165572	1.0	0.0035976120422875598	0.00659036256043763	0.003933363759290369	0.29429805508554946	1.0	0.005664358472241233	0.006653987579494751	0.004002672832279547	0.44948974278317805	1.0	0.04261368126781334	1.0	1.0	1.0	0.005051323865356969	0.004578951156733148	0.003809913630272429	0.005345412958452361	1.0	0.0025615057058255256	1.0	0.01645159084354578	0.0026620538654189554	0.004229468174608573	1.0	0.2222222222222222	0.005924415339787799	0.5	0.585786437626905
sh	1.0	0.012331811507472295	1.0	0.44948974278317805	0.010290537263964608	0.004328651738870081	0.009192908420798916	0.012351912989444642	0.005298059250384627	0.010334190960004158	0.011973346550735738	0.010087062018991384	0.010211902085568087	0.013293599275669931	0.014650558811075541	0.003270139953104756	0.007264207806870965	0.01691814441601552	0.03569383236371485	0.08233500539567441	0.4142135623730951	0.008998775703883235	0.015045746875088174	0.006182429562346283	0.013837669652089045	0.0025615057058255256	1.0	0.29429805508554946	0.013334029834404982	0.0109671133819148	0.010242533128928607	0.08900958790582515	0.3726822671238253	0.01182661718788406	0.22646721143623746	0.003739726397913342
si	1.0	0.13367660240019172	1.0	1.0	0.3430703308172536	0.5	1.0	0.25824569976124334	0.585786437626905	0.44948974278317805	1.0	1.0	0.4142135623730951	0.2225758785102318	0.25	1.0	1.0	0.3333333333333333	1.0	1.0	1.0	0.3090169943749474	0.3090169943749474	0.4364916731037085	0.5	1.0	0.29429805508554946	1.0	0.44948974278317805	0.5	0.4142135623730951	1.0	1.0	0.3164309725825328	1.0	1.0
simple	0.585786437626905	0.018996899334396706	1.0	0.38742588672279304	0.028588317838077387	0.008323189170670727	0.04732297117784386	0.011476748807671612	0.009228187495365275	0.009256758295718119	0.05330922139197247	0.03206898521491553	0.010685547935686402	0.010341016542751593	0.010552621608402585	0.010139227761976692	0.04127602469577319	0.04624448120543196	0.11045582272443316	0.13126534680162893	0.36602540378443865	0.009689852925353062	0.010629241206601508	0.02436728704232399	0.014594983371555043	0.01645159084354578	0.013334029834404982	0.44948974278317805	1.0	0.011778712646325025	0.017397523224346165	0.25	0.163758604897349	0.010176331175292598	0.17161467957214654	0.009170345680941019
sr	1.0	0.011474744169909427	1.0	0.5	0.010284966316976167	0.004255331806795978	0.012093632627829398	0.012115264947500638	0.005276095624986511	0.00936136869226999	0.012771812396522838	0.012519305292702032	0.008912406472344352	0.011012538915268754	0.01190139598478303	0.0032220175994229243	0.007697620957733989	0.018137013703357744	0.06638630076700956	0.07877727855268139	0.25728427444747215	0.008862245663483372	0.010396939277199037	0.005979336413528257	0.01036238635384262	0.0026620538654189554	0.0109671133819148	0.5	0.011778712646325025	1.0	0.00935090768516145	0.07514858114791703	0.29280609469618757	0.00917278913833476	0.2791745113185196	0.0033657784460720103
sv	1.0	0.013034418192411436	1.0	0.39564392373896007	0.010310924136049974	0.004877934626166094	0.014420789816324745	0.013301586845412232	0.005569421589803645	0.007550540903171278	0.012448355855797889	0.03037412569411686	0.008946878197037482	0.010832340210722291	0.011200942259029222	0.005457548526566099	0.009182310573751917	0.014830956201290465	0.04346599108461896	0.09612014209694339	0.3164309725825328	0.007957144045183263	0.00996366541113929	0.005727972151191682	0.010950136163762489	0.004229468174608573	0.010242533128928607	0.4142135623730951	0.017397523224346165	0.00935090768516145	1.0	0.1365270594958143	0.28989794855663564	0.00955231290351187	0.1896812679802183	0.005470852105130621
te	1.0	0.1060878539025194	1.0	1.0	0.15707061676257178	0.3090169943749474	1.0	0.05227368170111488	0.22901628833426058	0.179128784747792	0.585786437626905	1.0	0.15954492995986427	0.05598982101270562	0.10290397182775128	1.0	1.0	0.28436465220442186	1.0	1.0	1.0	0.18464218557642828	0.10429940919118673	0.1731621355286848	0.09808335817127971	1.0	0.08900958790582515	1.0	0.25	0.07514858114791703	0.1365270594958143	1.0	0.5	0.1393161703394676	0.585786437626905	1.0
tr	0.585786437626905	0.12350508930620797	-1.0	1.0	0.18476421325034792	0.16996263364682326	0.5	0.12169594959288853	0.20799159651347807	0.16139047779640892	0.585786437626905	0.5	0.585786437626905	0.1825699418984291	0.1652960191502465	0.2553967929896867	0.38742588672279304	0.4038740830864499	1.0	0.4142135623730951	1.0	0.07120244056271084	0.2204812092115424	0.20942771453851886	0.585786437626905	0.2222222222222222	0.3726822671238253	1.0	0.163758604897349	0.29280609469618757	0.28989794855663564	0.5	1.0	0.4142135623730951	1.0	0.2612038749637414
vi	1.0	0.014532036317868851	1.0	0.44948974278317805	0.013656165920567965	0.004674584396898562	0.00933616169992226	0.019338919266868728	0.0053292301724356984	0.008113632825245957	0.010046395624983087	0.010623543180665156	0.009901476673779401	0.013170977531066327	0.01876268933822864	0.004390482537946959	0.007072656780995154	0.010656546097833728	0.03406879392861991	0.05584670894916478	0.23800671553691075	0.008263933386374562	0.0168476482226396	0.006474435860404975	0.012792009729860655	0.005924415339787799	0.01182661718788406	0.3164309725825328	0.010176331175292598	0.00917278913833476	0.00955231290351187	0.1393161703394676	0.4142135623730951	1.0	0.17731968524741584	0.00456934560065447
war	1.0	0.08481663387528747	1.0	1.0	0.16462407202206505	0.3090169943749474	0.5	0.09075454042522706	0.33333333333333326	0.21393876913398135	0.5	0.44948974278317805	0.20658711810431302	0.08773224897589461	0.18727507600544932	0.44948974278317805	0.44948974278317805	0.22772999919644132	0.5	0.5	0.585786437626905	0.2898979485566356	0.17040813118304995	0.3333333333333333	0.18054705546755545	0.5	0.22646721143623746	1.0	0.17161467957214654	0.2791745113185196	0.1896812679802183	0.585786437626905	1.0	0.17731968524741584	1.0	0.44948974278317805
zh	1.0	0.01252536552599854	1.0	1.0	0.012793726301894796	0.0031258164693001105	1.0	0.0025644716564788583	0.0038718529725409604	0.0028337528284666695	0.38742588672279304	1.0	0.004557424352469926	0.005765378021484154	0.003187548445836927	0.585786437626905	1.0	0.03035157249131767	1.0	1.0	1.0	0.0033373166871326883	0.003599850286348205	0.006547652142811352	0.006414024238060802	0.585786437626905	0.003739726397913342	1.0	0.009170345680941019	0.0033657784460720103	0.005470852105130621	1.0	0.2612038749637414	0.00456934560065447	0.44948974278317805	1.0
