arz	bs	ceb	ckb	da	de	el	en	es	fr	he	hi	hu	id	it	ja	ko	lv	mk	ml	mr	nl	pl	pt	ro	ru	sh	si	simple	sr	sv	te	tr	vi	war	zh
arz	1.0	1.0	1.0	1.0	1.0	1.0	1.0	0.6571702826516209	1.0	1.0	1.0	1.0	1.0	1.0	1.0	1.0	1.0	1.0	1.0	1.0	1.0	1.0	1.0	1.0	1.0	1.0	1.0	1.0	0.7690990303325336	1.0	1.0	1.0	0.8216064286890065	1.0	1.0	1.0
bs	1.0	1.0	0.5020797777427737	0.24107989791588336	0.16786589987802286	0.16606283929466398	0.22119147982748844	0.1323002725930843	0.15217673502405202	0.15325375491244098	0.22683389114744562	0.20852690589319192	0.15671382095812925	0.13631102755079105	0.14419169803964685	0.20707797681766996	0.21642786795074911	0.16338582955462716	0.22299789651334573	0.2553609256010292	0.31041589504059885	0.15437076932478397	0.1495241643834812	0.15687044984501	0.15350039988369008	0.20015393289129782	0.13267408728493185	0.29719821715708444	0.18172384109855058	0.13990566513056962	0.13005118974309438	0.3382220124295403	0.4083994955547829	0.1512614673661954	0.30207579445589006	0.20773380778776737
ceb	1.0	0.5020797777427737	1.0	1.0	1.0	1.0	1.0	1.0	1.0	1.0	1.0	1.0	1.0	1.0	1.0	1.0	1.0	1.0	1.0	1.0	1.0	1.0	1.0	1.0	1.0	1.0	1.0	1.0	1.0	1.0	1.0	1.0	-1.0	1.0	1.0	1.0
ckb	1.0	0.24107989791588336	1.0	1.0	0.7726520216574332	0.7199285383279772	1.0	0.43873672898194416	0.5882745708346903	1.0	1.0	1.0	0.5026050120332157	0.3012993672507285	0.5538019192093737	1.0	1.0	0.7808298169993729	1.0	1.0	1.0	0.5451590623117615	0.5758708078963319	0.6549329476340925	0.658925744020971	1.0	0.6845485002822447	1.0	0.6071771488579947	0.6568318202362042	0.5689913289739429	1.0	1.0	0.6193113617177752	1.0	1.0
da	1.0	0.16786589987802286	1.0	0.7726520216574332	1.0	0.11134465283053849	0.1699702608777707	0.10323275561670903	0.11101890538350269	0.10064788554652467	0.15867513995011273	0.1671480555695266	0.1112148751733898	0.1211270053168617	0.10737107643317736	0.13946987795155097	0.14763175674660176	0.13584273794369442	0.22923714291490951	0.23997832471110486	0.44999425951670496	0.10136869481075299	0.10320865934096217	0.1113091013752593	0.11234988909733096	0.12823951026868782	0.09448924876637634	0.3672735776278412	0.15475677541142016	0.0929710550816908	0.1003377176895316	0.37477576981407895	0.4871778992631849	0.11340644296849232	0.3852837056177982	0.1389147273013229
de	1.0	0.16606283929466398	1.0	0.7199285383279772	0.11134465283053849	1.0	0.15312762224376078	0.05483204145089563	0.0563396362258578	0.053293008395213004	0.1614762636289753	0.15778455444135545	0.07246228406322502	0.1068368398750948	0.06115829375067714	0.06937151860217199	0.13981830951820828	0.11182369347808949	0.22545493606491762	0.2951454283405164	0.571924162052103	0.0568120010783826	0.06554206240790207	0.06838016368915752	0.10025992113483333	0.0911155200013948	0.061411202388868935	0.6532002319725722	0.10565925120061861	0.06035890253099619	0.08368599818831707	0.4859549302704215	0.2438699838941237	0.07549445867480371	0.4679970618689439	0.07239894029352183
el	1.0	0.22119147982748844	1.0	1.0	0.1699702608777707	0.15312762224376078	1.0	0.14496340351829382	0.14140646503243617	0.1125050957657571	0.5330186143720125	1.0	0.12553229267339186	0.1583842826388521	0.11669634039480568	1.0	1.0	0.17176387429603893	1.0	1.0	1.0	0.12031200567533508	0.12199435597349154	0.17646071328475635	0.15054670305196655	1.0	0.13284431946996403	1.0	0.17789876697993584	0.14082615982697774	0.14625304159292624	1.0	0.7106922308883378	0.11757627014349706	0.6370562647493825	1.0
en	0.6571702826516209	0.1323002725930843	1.0	0.43873672898194416	0.10323275561670903	0.05483204145089563	0.14496340351829382	1.0	0.06468129563697737	0.06834029368923672	0.14537478350623548	0.1518307365932089	0.08269228186902225	0.11049140686298599	0.08348303807135268	0.1215261394776598	0.1394887369026987	0.11429693945974284	0.15293966332839978	0.1520630699125112	0.4169082490749412	0.07116636064455632	0.08523154237267704	0.07713090450025874	0.10411167800594986	0.13267104228218388	0.07368200976503825	0.477111949501347	0.09898374653225861	0.07320811056076999	0.08816450582833918	0.23155666408540604	0.32123840078015714	0.08608095112941146	0.2652174164601205	0.12415049520150882
es	1.0	0.15217673502405202	1.0	0.5882745708346903	0.11101890538350269	0.0563396362258578	0.14140646503243617	0.06468129563697737	1.0	0.06001514268513966	0.13661167552399198	0.17515083102461712	0.07766919746529044	0.1013607459312851	0.06595468999008902	0.079657774425392	0.132653440548943	0.12149060316457024	0.2016216261745106	0.23907369508735596	0.4945942442726628	0.06446553438282211	0.0687108476244185	0.07370971634132745	0.10168929461911602	0.09885295901403295	0.07011351787771443	0.7199285383279773	0.10494095342350845	0.0639890103972461	0.08335522227605202	0.38950315758739734	0.479225715586702	0.07299238030297737	0.4655968312111476	0.08524597361036487
fr	1.0	0.15325375491244098	1.0	1.0	0.10064788554652467	0.053293008395213004	0.1125050957657571	0.06834029368923672	0.06001514268513966	1.0	0.12686168097748812	0.12105177160360929	0.0715437889096965	0.09460473205339091	0.07006607050675821	0.08044846180015053	0.10527795706441681	0.10294139588775338	0.1757949272232765	0.18875428436955577	0.3665791645346861	0.06322420372482364	0.06950063986954223	0.07025326941729415	0.0909178580974068	0.08661413793922719	0.06368202619903432	0.6143589292419387	0.10160202157076316	0.06304826488260498	0.07512979532266789	0.28128435743339825	0.38165063217720374	0.07323420523232001	0.3338659293588555	0.08430978924541371
he	1.0	0.22683389114744562	1.0	1.0	0.15867513995011273	0.1614762636289753	0.5330186143720125	0.14537478350623548	0.13661167552399198	0.12686168097748812	1.0	0.5709880556583431	0.13053652327535403	0.15757819601616702	0.12793905753884932	0.5019225838790166	0.5666812221822983	0.165926740636912	1.0	0.6249738127342561	1.0	0.13948256032563025	0.13660032053522225	0.18117368270829307	0.16677036781557436	0.4159179296899912	0.13520561796747216	1.0	0.19385743681901718	0.12471068203546193	0.12761605719465627	0.7087564131141617	0.7455134344225701	0.128372577422077	0.6364353709769033	0.5022460528413153
hi	1.0	0.20852690589319192	1.0	1.0	0.1671480555695266	0.15778455444135545	1.0	0.1518307365932089	0.17515083102461712	0.12105177160360929	0.5709880556583431	1.0	0.1343469794435149	0.16171411839848035	0.13037497237450232	1.0	1.0	0.16892000712674027	1.0	1.0	1.0	0.13032680693092719	0.12601633662633924	0.15747899006788654	0.13249685882600212	1.0	0.13005563114960778	1.0	0.17253084042992298	0.13018503833964898	0.14492225965982533	1.0	0.6994017365373274	0.1231730811679909	0.5949224416307972	1.0
hu	1.0	0.15671382095812925	1.0	0.5026050120332157	0.1112148751733898	0.07246228406322502	0.12553229267339186	0.08269228186902225	0.07766919746529044	0.0715437889096965	0.13053652327535403	0.1343469794435149	1.0	0.09331807827245844	0.07858089142297578	0.10058748580039524	0.11755749770104745	0.10259139086771363	0.19392506416802632	0.23462735160153314	0.44078969940161433	0.07123969232587153	0.07870070912048091	0.0796584534239498	0.09587572874762638	0.09999571056502675	0.07426854220655695	0.5882745708346903	0.09733947585933635	0.07562351859148957	0.08284960709191376	0.3430828557380698	0.7510341748895938	0.08034460129651914	0.35987724590592446	0.09946850882898717
id	1.0	0.13631102755079105	1.0	0.3012993672507285	0.1211270053168617	0.1068368398750948	0.1583842826388521	0.11049140686298599	0.1013607459312851	0.09460473205339091	0.15757819601616702	0.16171411839848035	0.09331807827245844	1.0	0.10247336798228275	0.15551997579261342	0.15846360657892405	0.12199785705467557	0.18252859313979145	0.18609150222604465	0.40529918844142226	0.09763597768475078	0.10580536157891982	0.10718627287255406	0.10773076639635894	0.15312159504285613	0.10071051629050963	0.43971257056400986	0.1239027662819869	0.09031049513333168	0.09737117622931024	0.27734250057884274	0.42168134929315115	0.09206030075769753	0.28347593174747554	0.15648209688301465
it	1.0	0.14419169803964685	1.0	0.5538019192093737	0.10737107643317736	0.06115829375067714	0.11669634039480568	0.08348303807135268	0.06595468999008902	0.07006607050675821	0.12793905753884932	0.13037497237450232	0.07858089142297578	0.10247336798228275	1.0	0.10987212533875639	0.12245113803986389	0.10421643588464724	0.17063754051606242	0.2344469020294226	0.4646221025655294	0.07098983073920108	0.08304482432807876	0.07947923760591705	0.09347698286671015	0.11830936249078033	0.07751691611150072	0.4249812154644495	0.09990076156622807	0.07403197174027823	0.08582759089366725	0.2513959020277427	0.3787288227558595	0.08264561789129002	0.38809667578252877	0.1131822551538135
ja	1.0	0.20707797681766996	1.0	1.0	0.13946987795155097	0.06937151860217199	1.0	0.1215261394776598	0.079657774425392	0.08044846180015053	0.5019225838790166	1.0	0.10058748580039524	0.15551997579261342	0.10987212533875639	1.0	0.6873060046205763	0.14592233270528174	1.0	1.0	1.0	0.08554640430936375	0.10807205307064181	0.09550269370682497	0.13127640591727804	0.5576019237849819	0.08886662633108766	1.0	0.12586246962609976	0.08718036331404479	0.10467287960402208	1.0	0.48511156693152874	0.10724141788259443	0.5917196795904756	0.6829196033032404
ko	1.0	0.21642786795074911	1.0	1.0	0.14763175674660176	0.13981830951820828	1.0	0.1394887369026987	0.132653440548943	0.10527795706441681	0.5666812221822983	1.0	0.11755749770104745	0.15846360657892405	0.12245113803986389	0.6873060046205763	1.0	0.14328061592994892	1.0	1.0	1.0	0.11314892563019478	0.1220135634119675	0.13245238455654548	0.14601489139102108	1.0	0.11210954037751338	1.0	0.1665333935747136	0.11040679643107999	0.11808931915904045	1.0	0.6537994987585974	0.11613062000957114	0.5917196795904756	1.0
lv	1.0	0.16338582955462716	1.0	0.7808298169993729	0.13584273794369442	0.11182369347808949	0.17176387429603893	0.11429693945974284	0.12149060316457024	0.10294139588775338	0.165926740636912	0.16892000712674027	0.10259139086771363	0.12199785705467557	0.10421643588464724	0.14592233270528174	0.14328061592994892	1.0	0.20800560779552563	0.20144264368068496	0.5788148614446593	0.11260364319327928	0.10306728241120328	0.13570465100378684	0.12237733582022176	0.14548632486455856	0.10837693552939452	0.5392009041139618	0.12961294641276222	0.1121021942926907	0.11156822386078095	0.27686896206175277	0.7613868425334192	0.11105129644421258	0.3221289843858876	0.14294284804958046
mk	1.0	0.22299789651334573	1.0	1.0	0.22923714291490951	0.22545493606491762	1.0	0.15293966332839978	0.2016216261745106	0.1757949272232765	1.0	1.0	0.19392506416802632	0.18252859313979145	0.17063754051606242	1.0	1.0	0.20800560779552563	1.0	1.0	1.0	0.21049477497359353	0.1850036032219673	0.21902384779069936	0.1896249436477979	1.0	0.15768844823973077	1.0	0.2688865294175177	0.17585415732389048	0.17049033907288974	1.0	1.0	0.15101209764140178	0.6406217872018795	1.0
ml	1.0	0.2553609256010292	1.0	1.0	0.23997832471110486	0.2951454283405164	1.0	0.1520630699125112	0.23907369508735596	0.18875428436955577	0.6249738127342561	1.0	0.23462735160153314	0.18609150222604465	0.2344469020294226	1.0	1.0	0.20144264368068496	1.0	1.0	1.0	0.23354886991907745	0.19674390687262489	0.2947270077297817	0.2484625414858687	1.0	0.2415135444825222	1.0	0.28566875055385316	0.22509750525248884	0.20368557946172322	1.0	0.7350825144791149	0.19150522530612202	0.6442100898340134	1.0
mr	1.0	0.31041589504059885	1.0	1.0	0.44999425951670496	0.571924162052103	1.0	0.4169082490749412	0.4945942442726628	0.3665791645346861	1.0	1.0	0.44078969940161433	0.40529918844142226	0.4646221025655294	1.0	1.0	0.5788148614446593	1.0	1.0	1.0	0.5324485386717345	0.39353949111418646	0.6463474082678704	0.3782695517802508	1.0	0.6203445952057705	1.0	0.5430185105327116	0.49272816164504163	0.49034386114369616	1.0	1.0	0.4363599505682367	0.7322034805959263	1.0
nl	1.0	0.15437076932478397	1.0	0.5451590623117615	0.10136869481075299	0.0568120010783826	0.12031200567533508	0.07116636064455632	0.06446553438282211	0.06322420372482364	0.13948256032563025	0.13032680693092719	0.07123969232587153	0.09763597768475078	0.07098983073920108	0.08554640430936375	0.11314892563019478	0.11260364319327928	0.21049477497359353	0.23354886991907745	0.5324485386717345	1.0	0.07459770197493008	0.07416058439374983	0.09618283596120128	0.09750470221321014	0.06944618117706723	0.5209008737476388	0.09628557036720459	0.06849421587527477	0.07950722178002083	0.2961862091853105	0.2586638386678324	0.07810957864738062	0.44985818780762854	0.087160659177173
pl	1.0	0.1495241643834812	1.0	0.5758708078963319	0.10320865934096217	0.06554206240790207	0.12199435597349154	0.08523154237267704	0.0687108476244185	0.06950063986954223	0.13660032053522225	0.12601633662633924	0.07870070912048091	0.10580536157891982	0.08304482432807876	0.10807205307064181	0.1220135634119675	0.10306728241120328	0.1850036032219673	0.19674390687262489	0.39353949111418646	0.07459770197493008	1.0	0.07817397345445255	0.09643945193011792	0.10963155990306493	0.0794124799220767	0.3689631893201372	0.0997052608990754	0.07328444518206376	0.08450875561043007	0.25900466908819386	0.466721728113627	0.08119675556976268	0.353416260926648	0.11047689212029475
pt	1.0	0.15687044984501	1.0	0.6549329476340925	0.1113091013752593	0.06838016368915752	0.17646071328475635	0.07713090450025874	0.07370971634132745	0.07025326941729415	0.18117368270829307	0.15747899006788654	0.0796584534239498	0.10718627287255406	0.07947923760591705	0.09550269370682497	0.13245238455654548	0.13570465100378684	0.21902384779069936	0.2947270077297817	0.6463474082678704	0.07416058439374983	0.07817397345445255	1.0	0.0924833639199845	0.07707695621331546	0.05923741992764076	0.3753822895426547	0.12183222721838667	0.05866535630283489	0.07093057974563076	0.3076903197059338	0.4032873795453995	0.09140403106037855	0.4711980601728814	0.09510710182431437
ro	1.0	0.15350039988369008	1.0	0.658925744020971	0.11234988909733096	0.10025992113483333	0.15054670305196655	0.10411167800594986	0.10168929461911602	0.0909178580974068	0.16677036781557436	0.13249685882600212	0.09587572874762638	0.10773076639635894	0.09347698286671015	0.13127640591727804	0.14601489139102108	0.12237733582022176	0.1896249436477979	0.2484625414858687	0.3782695517802508	0.09618283596120128	0.09643945193011792	0.0924833639199845	1.0	0.12996956387123884	0.08146338709519545	0.37680338430392424	0.12650581302350603	0.08939554892835498	0.08933639561326827	0.25519646829036174	0.7510341748895938	0.0957379470830252	0.3219271166698108	0.13753867627549995
ru	1.0	0.20015393289129782	1.0	1.0	0.12823951026868782	0.0911155200013948	1.0	0.13267104228218388	0.09885295901403295	0.08661413793922719	0.4159179296899912	1.0	0.09999571056502675	0.15312159504285613	0.11830936249078033	0.5576019237849819	1.0	0.14548632486455856	1.0	1.0	1.0	0.09750470221321014	0.10963155990306493	0.07707695621331546	0.12996956387123884	1.0	0.08984193921090707	1.0	0.12225838671584474	0.0833174083841456	0.0977613645448097	1.0	0.476394805758223	0.10874142146726373	0.6370562647493825	0.6852580663193897
sh	1.0	0.13267408728493185	1.0	0.6845485002822447	0.09448924876637634	0.061411202388868935	0.13284431946996403	0.07368200976503825	0.07011351787771443	0.06368202619903432	0.13520561796747216	0.13005563114960778	0.07426854220655695	0.10071051629050963	0.07751691611150072	0.08886662633108766	0.11210954037751338	0.10837693552939452	0.15768844823973077	0.2415135444825222	0.6203445952057705	0.06944618117706723	0.0794124799220767	0.05923741992764076	0.08146338709519545	0.08984193921090707	1.0	0.4975935677078419	0.10617575335311763	0.0590962729335743	0.0708560165276887	0.25091535430755985	0.5750480382028254	0.07797458420276779	0.41301944397610535	0.09474713682138415
si	1.0	0.29719821715708444	1.0	1.0	0.3672735776278412	0.6532002319725722	1.0	0.477111949501347	0.7199285383279773	0.6143589292419387	1.0	1.0	0.5882745708346903	0.43971257056400986	0.4249812154644495	1.0	1.0	0.5392009041139618	1.0	1.0	1.0	0.5209008737476388	0.3689631893201372	0.3753822895426547	0.37680338430392424	1.0	0.4975935677078419	1.0	0.6193113617177751	0.3781306713599283	0.5591529537510578	1.0	1.0	0.5416537541518831	1.0	1.0
simple	0.7690990303325336	0.18172384109855058	1.0	0.6071771488579947	0.15475677541142016	0.10565925120061861	0.17789876697993584	0.09898374653225861	0.10494095342350845	0.10160202157076316	0.19385743681901718	0.17253084042992298	0.09733947585933635	0.1239027662819869	0.09990076156622807	0.12586246962609976	0.1665333935747136	0.12961294641276222	0.2688865294175177	0.28566875055385316	0.5430185105327116	0.09628557036720459	0.0997052608990754	0.12183222721838667	0.12650581302350603	0.12225838671584474	0.10617575335311763	0.6193113617177751	1.0	0.0987028068395944	0.11528048966422909	0.4076330271093401	0.36532333650901366	0.09581963753244035	0.3338120836160515	0.12482966172793868
sr	1.0	0.13990566513056962	1.0	0.6568318202362042	0.0929710550816908	0.06035890253099619	0.14082615982697774	0.07320811056076999	0.0639890103972461	0.06304826488260498	0.12471068203546193	0.13018503833964898	0.07562351859148957	0.09031049513333168	0.07403197174027823	0.08718036331404479	0.11040679643107999	0.1121021942926907	0.17585415732389048	0.22509750525248884	0.49272816164504163	0.06849421587527477	0.07328444518206376	0.05866535630283489	0.08939554892835498	0.0833174083841456	0.0590962729335743	0.3781306713599283	0.0987028068395944	1.0	0.06874037703224646	0.23488993501735883	0.5992739273167338	0.0758746988085433	0.46716621570928596	0.0907808432664114
sv	1.0	0.13005118974309438	1.0	0.5689913289739429	0.1003377176895316	0.08368599818831707	0.14625304159292624	0.08816450582833918	0.08335522227605202	0.07512979532266789	0.12761605719465627	0.14492225965982533	0.08284960709191376	0.09737117622931024	0.08582759089366725	0.10467287960402208	0.11808931915904045	0.11156822386078095	0.17049033907288974	0.20368557946172322	0.49034386114369616	0.07950722178002083	0.08450875561043007	0.07093057974563076	0.08933639561326827	0.0977613645448097	0.0708560165276887	0.5591529537510578	0.11528048966422909	0.06874037703224646	1.0	0.3079806550328978	0.4696100956336613	0.08708810240893114	0.28113333059954804	0.10044403218653597
te	1.0	0.3382220124295403	1.0	1.0	0.37477576981407895	0.4859549302704215	1.0	0.23155666408540604	0.38950315758739734	0.28128435743339825	0.7087564131141617	1.0	0.3430828557380698	0.27734250057884274	0.2513959020277427	1.0	1.0	0.27686896206175277	1.0	1.0	1.0	0.2961862091853105	0.25900466908819386	0.3076903197059338	0.25519646829036174	1.0	0.25091535430755985	1.0	0.4076330271093401	0.23488993501735883	0.3079806550328978	1.0	0.7106922308883379	0.2934316124837506	0.7234532828151787	1.0
tr	0.8216064286890065	0.4083994955547829	-1.0	1.0	0.4871778992631849	0.2438699838941237	0.7106922308883378	0.32123840078015714	0.479225715586702	0.38165063217720374	0.7455134344225701	0.6994017365373274	0.7510341748895938	0.42168134929315115	0.3787288227558595	0.48511156693152874	0.6537994987585974	0.7613868425334192	1.0	0.7350825144791149	1.0	0.2586638386678324	0.466721728113627	0.4032873795453995	0.7510341748895938	0.476394805758223	0.5750480382028254	1.0	0.36532333650901366	0.5992739273167338	0.4696100956336613	0.7106922308883379	1.0	0.6124514101884014	1.0	0.486544279239015
vi	1.0	0.1512614673661954	1.0	0.6193113617177752	0.11340644296849232	0.07549445867480371	0.11757627014349706	0.08608095112941146	0.07299238030297737	0.07323420523232001	0.128372577422077	0.1231730811679909	0.08034460129651914	0.09206030075769753	0.08264561789129002	0.10724141788259443	0.11613062000957114	0.11105129644421258	0.15101209764140178	0.19150522530612202	0.4363599505682367	0.07810957864738062	0.08119675556976268	0.09140403106037855	0.0957379470830252	0.10874142146726373	0.07797458420276779	0.5416537541518831	0.09581963753244035	0.0758746988085433	0.08708810240893114	0.2934316124837506	0.6124514101884014	1.0	0.30117014864492503	0.10588978744004322
war	1.0	0.30207579445589006	1.0	1.0	0.3852837056177982	0.4679970618689439	0.6370562647493825	0.2652174164601205	0.4655968312111476	0.3338659293588555	0.6364353709769033	0.5949224416307972	0.35987724590592446	0.28347593174747554	0.38809667578252877	0.5917196795904756	0.5917196795904756	0.3221289843858876	0.6406217872018795	0.6442100898340134	0.7322034805959263	0.44985818780762854	0.353416260926648	0.4711980601728814	0.3219271166698108	0.6370562647493825	0.41301944397610535	1.0	0.3338120836160515	0.46716621570928596	0.28113333059954804	0.7234532828151787	1.0	0.30117014864492503	1.0	0.5910055389828529
zh	1.0	0.20773380778776737	1.0	1.0	0.1389147273013229	0.07239894029352183	1.0	0.12415049520150882	0.08524597361036487	0.08430978924541371	0.5022460528413153	1.0	0.09946850882898717	0.15648209688301465	0.1131822551538135	0.6829196033032404	1.0	0.14294284804958046	1.0	1.0	1.0	0.087160659177173	0.11047689212029475	0.09510710182431437	0.13753867627549995	0.6852580663193897	0.09474713682138415	1.0	0.12482966172793868	0.0907808432664114	0.10044403218653597	1.0	0.486544279239015	0.10588978744004322	0.5910055389828529	1.0
