arz	bs	ceb	ckb	da	de	el	en	es	fr	he	hi	hu	id	it	ja	ko	lv	mk	ml	mr	nl	pl	pt	ro	ru	sh	si	simple	sr	sv	te	vi	war	zh
arz	1.0	0.15384615384615385	0.05555555555555555	0.13636363636363635	0.08155270655270655	0.05172413793103448	0.125	0.022435897435897436	0.045454545454545456	0.03977272727272727	0.06760973580195548	0.05405405405405406	0.10999761393462182	0.06079638752052545	0.039370384764865915	0.046153846153846156	0.06490001226843332	0.13157894736842105	0.1757518796992481	0.11904761904761904	0.08	0.0660377358490566	0.07488344988344989	0.0603448275862069	0.09210526315789473	0.04216867469879518	0.13043478260869565	0.027777777777777776	0.07318295739348371	0.12656765676567658	0.037037037037037035	0.075	0.09722222222222222	0.3333333333333333	0.05397192261599042
bs	0.15384615384615385	1.0	0.10526315789473684	0.15384615384615385	0.11538461538461539	0.06779661016949153	0.15517241379310345	0.032366938616938616	0.057692307692307696	0.05056179775280899	0.11357416529830322	0.1111111111111111	0.11428571428571428	0.07377049180327869	0.047619047619047616	0.06060606060606061	0.07758620689655173	0.21052631578947367	0.13636363636363635	0.13043478260869565	0.11538461538461539	0.07272727272727272	0.08490566037735849	0.07627118644067797	0.1	0.05357142857142857	0.16666666666666666	0.1111111111111111	0.09302325581395349	0.125	0.0625	0.09090909090909091	0.12162162162162163	0.14285714285714285	0.06716417910447761
ceb	0.05555555555555555	0.10526315789473684	1.0	0.08823529411764706	0.15969410706252812	0.11601137230427848	0.08571428571428572	0.04287805370482536	0.0882323783087142	0.07664141414141415	0.14741591468416734	0.12327542156361777	0.18440709617180207	0.09246907591559544	0.07920159902281938	0.08333333333333333	0.08818770226537216	0.2206959706959707	0.1625	0.0967942732648615	0.09185606060606061	0.13049095607235142	0.1326923076923077	0.11343200445611523	0.1375	0.07969066348036775	0.14814814814814814	0.043478260869565216	0.12384044526901669	0.11729776247848536	0.08708657587548638	0.037037037037037035	0.1282051282051282	0.08333333333333333	0.08426073131955486
ckb	0.13636363636363635	0.15384615384615385	0.08823529411764706	1.0	0.07692307692307693	0.06140350877192982	0.08333333333333333	0.022751554001554	0.038461538461538464	0.04149094033114652	0.06521739130434782	0.08571428571428572	0.08823529411764706	0.04918032786885246	0.03614457831325301	0.046153846153846156	0.05172413793103448	0.16666666666666666	0.125	0.11904761904761904	0.10416666666666667	0.05555555555555555	0.05660377358490566	0.05084745762711865	0.07692307692307693	0.03571428571428571	0.10416666666666667	0.058823529411764705	0.059931649579061434	0.0967741935483871	0.037037037037037035	0.10526315789473684	0.09244471744471745	0.125	0.04477611940298507
da	0.08155270655270655	0.11538461538461539	0.15969410706252812	0.07692307692307693	1.0	0.23976203652462647	0.20212765957446807	0.1250823792664797	0.21300154320987652	0.19747565096402306	0.28382464096749815	0.1830331618067467	0.316034771679933	0.22914987912973409	0.18383431085043989	0.19863013698630136	0.22395228884590587	0.2236842105263158	0.16666666666666666	0.1401360544217687	0.11466035689638174	0.2459016393442623	0.2984422940759972	0.25614754098360654	0.28482697426796805	0.19667780905465634	0.19767441860465115	0.08139534883720931	0.2759641584573465	0.20833333333333334	0.20113519091847265	0.0625	0.25859854431283	0.08974358974358974	0.2396995610023779
de	0.05172413793103448	0.06779661016949153	0.11601137230427848	0.06140350877192982	0.23976203652462647	1.0	0.19083146455062963	0.18291799135447734	0.30178571428571427	0.3109088746133714	0.26336898395721925	0.16911764705882354	0.2410382513661202	0.24585392269681175	0.25344679728214264	0.2894878706199461	0.2436724565756824	0.1271186440677966	0.13559322033898305	0.13994126284875183	0.1277882067137809	0.2991590624440866	0.2964340198321892	0.30322649572649574	0.26016660107569195	0.2672798216276477	0.14754098360655737	0.06557377049180328	0.26495726495726496	0.19595064303093498	0.23144079555966698	0.07936507936507936	0.21986892031735084	0.07017543859649122	0.2849372536912264
el	0.125	0.15517241379310345	0.08571428571428572	0.08333333333333333	0.20212765957446807	0.19083146455062963	1.0	0.08974358974358974	0.14814814814814814	0.13043478260869565	0.18867924528301888	0.20454545454545456	0.19318181818181818	0.15671641791044777	0.13953488372093023	0.17647058823529413	0.15384615384615385	0.18181818181818182	0.15714285714285714	0.2213804713804714	0.17567567567567569	0.16393442622950818	0.16666666666666666	0.1935483870967742	0.1875	0.14534883720930233	0.17567567567567569	0.07142857142857142	0.19	0.225	0.14285714285714285	0.14705882352941177	0.2111111111111111	0.14285714285714285	0.1619718309859155
en	0.022435897435897436	0.032366938616938616	0.04287805370482536	0.022751554001554	0.1250823792664797	0.18291799135447734	0.08974358974358974	1.0	0.23270440251572327	0.27269225155875054	0.14436467667062505	0.10928414831760556	0.10724155114614478	0.19598832650927783	0.22295125164690383	0.2024419968267838	0.16353507575317816	0.05448717948717949	0.05445204254761177	0.06120418436369356	0.07348901098901099	0.1662137382681207	0.1602842523315831	0.1783746101632728	0.12301289859146132	0.2454566367609846	0.07051282051282051	0.038461538461538464	0.13794264617617913	0.09704936854190586	0.21482743723899583	0.051909797672509535	0.11723646723646725	0.02564102564102564	0.20072786333012513
es	0.045454545454545456	0.057692307692307696	0.0882323783087142	0.038461538461538464	0.21300154320987652	0.30178571428571427	0.14814814814814814	0.23270440251572327	1.0	0.33620689655172414	0.23198198198198197	0.14534883720930233	0.21990369181380415	0.23068418856904463	0.2524154589371981	0.26153673835125446	0.23626373626373626	0.10256410256410256	0.09375	0.10467289719626169	0.10553188363208933	0.29681515823422694	0.25	0.29901960784313725	0.1927710843373494	0.3057471264367816	0.11875	0.05625	0.22099587464717377	0.16049382716049382	0.2072072072072072	0.060240963855421686	0.2024328249818446	0.05194805194805195	0.28657191864739034
fr	0.03977272727272727	0.05056179775280899	0.07664141414141415	0.04149094033114652	0.19747565096402306	0.3109088746133714	0.13043478260869565	0.27269225155875054	0.33620689655172414	1.0	0.23004258180188256	0.14366289555664863	0.19242610837438423	0.244149377593361	0.23620689655172414	0.25515621267220556	0.2575668238993711	0.0898876404494382	0.09550561797752809	0.10409978598180845	0.11878374538221084	0.25948901755353365	0.24169647419519671	0.25837778362475183	0.18620306324110672	0.2816054829053096	0.1111111111111111	0.05555555555555555	0.19888646538858915	0.1426064311594203	0.19274399944663484	0.06521739130434782	0.17999207083388397	0.045454545454545456	0.3025644329896907
he	0.06760973580195548	0.11357416529830322	0.14741591468416734	0.06521739130434782	0.28382464096749815	0.26336898395721925	0.18867924528301888	0.14436467667062505	0.23198198198198197	0.23004258180188256	1.0	0.16264367816091954	0.2611111111111111	0.2537974683544304	0.18711846549533637	0.20954045954045955	0.21584084084084085	0.17391304347826086	0.1451093951093951	0.12145748987854252	0.10811527581329561	0.25959328028293543	0.23162053509542074	0.3262322472848789	0.24679661941112324	0.23135435992578848	0.1836734693877551	0.07	0.2552979398951488	0.19783427495291903	0.16438824333561175	0.05454545454545454	0.26620012372409524	0.07608695652173914	0.2498314606741573
hi	0.05405405405405406	0.1111111111111111	0.12327542156361777	0.08571428571428572	0.1830331618067467	0.16911764705882354	0.20454545454545456	0.10928414831760556	0.14534883720930233	0.14366289555664863	0.16264367816091954	1.0	0.1836734693877551	0.19337911376004144	0.12365591397849462	0.17123287671232876	0.15	0.1891891891891892	0.15	0.21621621621621623	0.3110294117647059	0.13970588235294118	0.16472317491425773	0.15071218270072412	0.17198581560283688	0.14285714285714285	0.1511627906976744	0.08974358974358974	0.18181818181818182	0.16666666666666666	0.1404494382022472	0.23529411764705882	0.17307692307692307	0.08333333333333333	0.14102564102564102
hu	0.10999761393462182	0.11428571428571428	0.18440709617180207	0.08823529411764706	0.316034771679933	0.2410382513661202	0.19318181818181818	0.10724155114614478	0.21990369181380415	0.19242610837438423	0.2611111111111111	0.1836734693877551	1.0	0.19402985074626866	0.16467893872612566	0.2153985507246377	0.21822272215973001	0.21428571428571427	0.19638343379350576	0.1590909090909091	0.14850349358640108	0.2543859649122807	0.26510141093474426	0.24738448125544898	0.3087752525252525	0.2036971415072053	0.24686643164904035	0.09210526315789473	0.2917757417102967	0.23963361123299692	0.17919799498746866	0.056818181818181816	0.24025373331571298	0.12121212121212122	0.23343568196509373
id	0.06079638752052545	0.07377049180327869	0.09246907591559544	0.04918032786885246	0.22914987912973409	0.24585392269681175	0.15671641791044777	0.19598832650927783	0.23068418856904463	0.244149377593361	0.2537974683544304	0.19337911376004144	0.19402985074626866	1.0	0.19077811429703642	0.23988095238095236	0.23428030303030303	0.13114754098360656	0.12136243386243385	0.1234115663900415	0.12790108442282355	0.21713539870955031	0.21950635034747185	0.2404411764705882	0.22252621979024167	0.24684927983539093	0.13076923076923078	0.05384615384615385	0.20997257987601337	0.1705059646236117	0.1679721496953873	0.08461538461538462	0.25210084033613445	0.06666666666666667	0.2789309807991697
it	0.039370384764865915	0.047619047619047616	0.07920159902281938	0.03614457831325301	0.18383431085043989	0.25344679728214264	0.13953488372093023	0.22295125164690383	0.2524154589371981	0.23620689655172414	0.18711846549533637	0.12365591397849462	0.16467893872612566	0.19077811429703642	1.0	0.2765957446808511	0.19676678445229684	0.09963229541542795	0.09821428571428571	0.09411764705882353	0.08426966292134831	0.23305282842449743	0.23193734015345266	0.23087315130830488	0.21066704193639177	0.2534324942791762	0.11176470588235295	0.05952380952380952	0.18056351231706683	0.1511627906976744	0.28640776699029125	0.056818181818181816	0.19411764705882353	0.04878048780487805	0.21919175842460897
ja	0.046153846153846156	0.06060606060606061	0.08333333333333333	0.046153846153846156	0.19863013698630136	0.2894878706199461	0.17647058823529413	0.2024419968267838	0.26153673835125446	0.25515621267220556	0.20954045954045955	0.17123287671232876	0.2153985507246377	0.23988095238095236	0.2765957446808511	1.0	0.2727035187550807	0.11363636363636363	0.12121212121212122	0.11940298507462686	0.1169035153328347	0.24393098664817064	0.2365581675708258	0.21764705882352942	0.22171121969914726	0.2317334674643935	0.14215686274509803	0.0729781325928497	0.24641985994177354	0.1742218675179569	0.24410627653123104	0.07971014492753623	0.2615127654497733	0.0625	0.26801166747690813
ko	0.06490001226843332	0.07758620689655173	0.08818770226537216	0.05172413793103448	0.22395228884590587	0.2436724565756824	0.15384615384615385	0.16353507575317816	0.23626373626373626	0.2575668238993711	0.21584084084084085	0.15	0.21822272215973001	0.23428030303030303	0.19676678445229684	0.2727035187550807	1.0	0.13793103448275862	0.13879834854411124	0.09648224043715847	0.10055096418732781	0.20766627619419498	0.21358371358371359	0.2134479717813051	0.19348193923342896	0.21060011883541296	0.15740940465918896	0.07864963503649634	0.2349929186185859	0.15806430403050825	0.17976580939827727	0.05303030303030303	0.23809523809523808	0.07017543859649122	0.3153454956409429
lv	0.13157894736842105	0.21052631578947367	0.2206959706959707	0.16666666666666666	0.2236842105263158	0.1271186440677966	0.18181818181818182	0.05448717948717949	0.10256410256410256	0.0898876404494382	0.17391304347826086	0.1891891891891892	0.21428571428571427	0.13114754098360656	0.09963229541542795	0.11363636363636363	0.13793103448275862	1.0	0.2608695652173913	0.16666666666666666	0.15442477876106195	0.14814814814814814	0.16724941724941725	0.14984119782214156	0.2236842105263158	0.10240963855421686	0.28	0.10416666666666667	0.1744186046511628	0.26806451612903226	0.10625	0.08928571428571429	0.21621621621621623	0.15789473684210525	0.12129334424286883
mk	0.1757518796992481	0.13636363636363635	0.1625	0.125	0.16666666666666666	0.13559322033898305	0.15714285714285714	0.05445204254761177	0.09375	0.09550561797752809	0.1451093951093951	0.15	0.19638343379350576	0.12136243386243385	0.09821428571428571	0.12121212121212122	0.13879834854411124	0.2608695652173913	1.0	0.15285640761708696	0.10606060606060606	0.1574074074074074	0.14814814814814814	0.12901142573273722	0.20602409638554217	0.09733308114242481	0.25356125356125353	0.1	0.15723340790454884	0.23604465709728867	0.09036144578313253	0.06666666666666667	0.19230769230769232	0.2222222222222222	0.11856617647058823
ml	0.11904761904761904	0.13043478260869565	0.0967942732648615	0.11904761904761904	0.1401360544217687	0.13994126284875183	0.2213804713804714	0.06120418436369356	0.10467289719626169	0.10409978598180845	0.12145748987854252	0.21621621621621623	0.1590909090909091	0.1234115663900415	0.09411764705882353	0.11940298507462686	0.09648224043715847	0.16666666666666666	0.15285640761708696	1.0	0.27939348744717873	0.1206896551724138	0.13392857142857142	0.11370178468624063	0.14772727272727273	0.11010143702451394	0.12878787878787878	0.09615384615384616	0.14294183518872275	0.15182904068682346	0.09141337386018238	0.2693441414885777	0.125	0.1532738095238095	0.0911534345203347
mr	0.08	0.11538461538461539	0.09185606060606061	0.10416666666666667	0.11466035689638174	0.1277882067137809	0.17567567567567569	0.07348901098901099	0.10553188363208933	0.11878374538221084	0.10811527581329561	0.3110294117647059	0.14850349358640108	0.12790108442282355	0.08426966292134831	0.1169035153328347	0.10055096418732781	0.15442477876106195	0.10606060606060606	0.27939348744717873	1.0	0.10483870967741936	0.12540029112081513	0.09899905235726131	0.1339820359281437	0.12657563025210083	0.13257142857142856	0.10714285714285714	0.12157376039421004	0.12404761904761905	0.09472393608606233	0.26	0.10752237136465324	0.1	0.08825649178590356
nl	0.0660377358490566	0.07272727272727272	0.13049095607235142	0.05555555555555555	0.2459016393442623	0.2991590624440866	0.16393442622950818	0.1662137382681207	0.29681515823422694	0.25948901755353365	0.25959328028293543	0.13970588235294118	0.2543859649122807	0.21713539870955031	0.23305282842449743	0.24393098664817064	0.20766627619419498	0.14814814814814814	0.1574074074074074	0.1206896551724138	0.10483870967741936	1.0	0.26354336200883516	0.26512834153477854	0.2623655913978495	0.2486691778476481	0.19444444444444445	0.07017543859649122	0.2358499262536873	0.20659495871360278	0.2074468085106383	0.056451612903225805	0.2343158890290038	0.07547169811320754	0.23800432735140636
pl	0.07488344988344989	0.08490566037735849	0.1326923076923077	0.05660377358490566	0.2984422940759972	0.2964340198321892	0.16666666666666666	0.1602842523315831	0.25	0.24169647419519671	0.23162053509542074	0.16472317491425773	0.26510141093474426	0.21950635034747185	0.23193734015345266	0.2365581675708258	0.21358371358371359	0.16724941724941725	0.14814814814814814	0.13392857142857142	0.12540029112081513	0.26354336200883516	1.0	0.24694694694694697	0.28120966254840496	0.25483091787439616	0.17272727272727273	0.07142857142857142	0.25753768844221103	0.22325169191105382	0.20967741935483872	0.06666666666666667	0.23655537784886044	0.07692307692307693	0.22417058021511893
pt	0.0603448275862069	0.07627118644067797	0.11343200445611523	0.05084745762711865	0.25614754098360654	0.30322649572649574	0.1935483870967742	0.1783746101632728	0.29901960784313725	0.25837778362475183	0.3262322472848789	0.15071218270072412	0.24738448125544898	0.2404411764705882	0.23087315130830488	0.21764705882352942	0.2134479717813051	0.14984119782214156	0.12901142573273722	0.11370178468624063	0.09899905235726131	0.26512834153477854	0.24694694694694697	1.0	0.26430860805860806	0.2979085035161014	0.17592592592592593	0.06451612903225806	0.2687154950312845	0.21597994036324208	0.20303030303030303	0.06060606060606061	0.21746880570409982	0.06896551724137931	0.27147439483793967
ro	0.09210526315789473	0.1	0.1375	0.07692307692307693	0.28482697426796805	0.26016660107569195	0.1875	0.12301289859146132	0.1927710843373494	0.18620306324110672	0.24679661941112324	0.17198581560283688	0.3087752525252525	0.22252621979024167	0.21066704193639177	0.22171121969914726	0.19348193923342896	0.2236842105263158	0.20602409638554217	0.14772727272727273	0.1339820359281437	0.2623655913978495	0.28120966254840496	0.26430860805860806	1.0	0.21602606951871658	0.2204585537918871	0.06818181818181818	0.2271370420624152	0.2791375291375291	0.19411764705882353	0.0625	0.2598639455782313	0.10526315789473684	0.19504273504273503
ru	0.04216867469879518	0.05357142857142857	0.07969066348036775	0.03571428571428571	0.19667780905465634	0.2672798216276477	0.14534883720930233	0.2454566367609846	0.3057471264367816	0.2816054829053096	0.23135435992578848	0.14285714285714285	0.2036971415072053	0.24684927983539093	0.2534324942791762	0.2317334674643935	0.21060011883541296	0.10240963855421686	0.09733308114242481	0.11010143702451394	0.12657563025210083	0.2486691778476481	0.25483091787439616	0.2979085035161014	0.21602606951871658	1.0	0.11764705882352941	0.058823529411764705	0.2289516229324711	0.1608829941860465	0.23632628444343926	0.07061568225788097	0.19335747110430304	0.04819277108433735	0.25498830671244466
sh	0.13043478260869565	0.16666666666666666	0.14814814814814814	0.10416666666666667	0.19767441860465115	0.14754098360655737	0.17567567567567569	0.07051282051282051	0.11875	0.1111111111111111	0.1836734693877551	0.1511627906976744	0.24686643164904035	0.13076923076923078	0.11176470588235295	0.14215686274509803	0.15740940465918896	0.28	0.25356125356125353	0.12878787878787878	0.13257142857142856	0.19444444444444445	0.17272727272727273	0.17592592592592593	0.2204585537918871	0.11764705882352941	1.0	0.15462962962962962	0.18647179788484136	0.33543577981651373	0.10957004160887655	0.058823529411764705	0.21551379448220712	0.15217391304347827	0.15170566367811064
si	0.027777777777777776	0.1111111111111111	0.043478260869565216	0.058823529411764705	0.08139534883720931	0.06557377049180328	0.07142857142857142	0.038461538461538464	0.05625	0.05555555555555555	0.07	0.08974358974358974	0.09210526315789473	0.05384615384615385	0.05952380952380952	0.0729781325928497	0.07864963503649634	0.10416666666666667	0.1	0.09615384615384616	0.10714285714285714	0.07017543859649122	0.07142857142857142	0.06451612903225806	0.06818181818181818	0.058823529411764705	0.15462962962962962	1.0	0.07608695652173914	0.08854166666666666	0.05421686746987952	0.08333333333333333	0.07142857142857142	0.05555555555555555	0.07352941176470588
simple	0.07318295739348371	0.09302325581395349	0.12384044526901669	0.059931649579061434	0.2759641584573465	0.26495726495726496	0.19	0.13794264617617913	0.22099587464717377	0.19888646538858915	0.2552979398951488	0.18181818181818182	0.2917757417102967	0.20997257987601337	0.18056351231706683	0.24641985994177354	0.2349929186185859	0.1744186046511628	0.15723340790454884	0.14294183518872275	0.12157376039421004	0.2358499262536873	0.25753768844221103	0.2687154950312845	0.2271370420624152	0.2289516229324711	0.18647179788484136	0.07608695652173914	1.0	0.23128327417923691	0.17437739463601531	0.08336275686745286	0.2482960077896787	0.08333333333333333	0.2676236908631275
sr	0.12656765676567658	0.125	0.11729776247848536	0.0967741935483871	0.20833333333333334	0.19595064303093498	0.225	0.09704936854190586	0.16049382716049382	0.1426064311594203	0.19783427495291903	0.16666666666666666	0.23963361123299692	0.1705059646236117	0.1511627906976744	0.1742218675179569	0.15806430403050825	0.26806451612903226	0.23604465709728867	0.15182904068682346	0.12404761904761905	0.20659495871360278	0.22325169191105382	0.21597994036324208	0.2791375291375291	0.1608829941860465	0.33543577981651373	0.08854166666666666	0.23128327417923691	1.0	0.125	0.09446057087566521	0.23231667748215443	0.13859649122807016	0.1826029828726862
sv	0.037037037037037035	0.0625	0.08708657587548638	0.037037037037037035	0.20113519091847265	0.23144079555966698	0.14285714285714285	0.21482743723899583	0.2072072072072072	0.19274399944663484	0.16438824333561175	0.1404494382022472	0.17919799498746866	0.1679721496953873	0.28640776699029125	0.24410627653123104	0.17976580939827727	0.10625	0.09036144578313253	0.09141337386018238	0.09472393608606233	0.2074468085106383	0.20967741935483872	0.20303030303030303	0.19411764705882353	0.23632628444343926	0.10957004160887655	0.05421686746987952	0.17437739463601531	0.125	1.0	0.05813953488372093	0.17878541687823704	0.043209876543209874	0.195801752405526
te	0.075	0.09090909090909091	0.037037037037037035	0.10526315789473684	0.0625	0.07936507936507936	0.14705882352941177	0.051909797672509535	0.060240963855421686	0.06521739130434782	0.05454545454545454	0.23529411764705882	0.056818181818181816	0.08461538461538462	0.056818181818181816	0.07971014492753623	0.05303030303030303	0.08928571428571429	0.06666666666666667	0.2693441414885777	0.26	0.056451612903225805	0.06666666666666667	0.06060606060606061	0.0625	0.07061568225788097	0.058823529411764705	0.08333333333333333	0.08336275686745286	0.09446057087566521	0.05813953488372093	1.0	0.07447665056360708	0.1	0.05498863349330639
vi	0.09722222222222222	0.12162162162162163	0.1282051282051282	0.09244471744471745	0.25859854431283	0.21986892031735084	0.2111111111111111	0.11723646723646725	0.2024328249818446	0.17999207083388397	0.26620012372409524	0.17307692307692307	0.24025373331571298	0.25210084033613445	0.19411764705882353	0.2615127654497733	0.23809523809523808	0.21621621621621623	0.19230769230769232	0.125	0.10752237136465324	0.2343158890290038	0.23655537784886044	0.21746880570409982	0.2598639455782313	0.19335747110430304	0.21551379448220712	0.07142857142857142	0.2482960077896787	0.23231667748215443	0.17878541687823704	0.07447665056360708	1.0	0.1111111111111111	0.23123100303951366
war	0.3333333333333333	0.14285714285714285	0.08333333333333333	0.125	0.08974358974358974	0.07017543859649122	0.14285714285714285	0.02564102564102564	0.05194805194805195	0.045454545454545456	0.07608695652173914	0.08333333333333333	0.12121212121212122	0.06666666666666667	0.04878048780487805	0.0625	0.07017543859649122	0.15789473684210525	0.2222222222222222	0.1532738095238095	0.1	0.07547169811320754	0.07692307692307693	0.06896551724137931	0.10526315789473684	0.04819277108433735	0.15217391304347827	0.05555555555555555	0.08333333333333333	0.13859649122807016	0.043209876543209874	0.1	0.1111111111111111	1.0	0.06060606060606061
zh	0.05397192261599042	0.06716417910447761	0.08426073131955486	0.04477611940298507	0.2396995610023779	0.2849372536912264	0.1619718309859155	0.20072786333012513	0.28657191864739034	0.3025644329896907	0.2498314606741573	0.14102564102564102	0.23343568196509373	0.2789309807991697	0.21919175842460897	0.26801166747690813	0.3153454956409429	0.12129334424286883	0.11856617647058823	0.0911534345203347	0.08825649178590356	0.23800432735140636	0.22417058021511893	0.27147439483793967	0.19504273504273503	0.25498830671244466	0.15170566367811064	0.07352941176470588	0.2676236908631275	0.1826029828726862	0.195801752405526	0.05498863349330639	0.23123100303951366	0.06060606060606061	1.0
