arz	bs	ceb	ckb	da	de	el	en	es	fr	he	hi	hu	id	it	ja	ko	lv	mk	ml	mr	nl	pl	pt	ro	ru	sh	si	simple	sr	sv	te	vi	war	zh
arz	1.0	1.0	0.953225785585603	1.0	0.5794356622278263	0.4671058926590475	0.5037371528377083	0.4187634160188988	0.5037371528377083	0.47279215565966975	0.5882649949572331	1.0	0.4408099756921089	0.3583515995662847	0.4806077950833535	0.5174186973951815	0.5123243661589024	0.7584325078215763	0.4056765420291396	0.6550861529621861	0.6461761095307312	0.5037371528377083	0.5280787797714318	0.45974432716115093	0.32374135676741916	0.4127759253907437	0.4303604376035879	1.0	0.36070432185205675	0.4464813374168403	0.4056598092428143	0.7863954451402115	0.34085460106031784	0.5174186973951815	0.34678245323276724
bs	1.0	1.0	0.6945580065414473	1.0	0.5439641242960499	0.6709073670344394	0.6223041007404059	0.2988792204853015	0.6223041007404059	0.5189010068290041	0.39175723346860775	0.578218413056548	0.5275455121966903	0.573363739323406	0.7238346335704683	0.5771126808486902	0.5530552031186563	0.629896233114065	0.4296861704906565	0.6495668448353149	0.5223303463927285	0.5439488589696516	0.6105908016289052	0.49620122928163296	0.4416355645162819	0.520750422577384	0.6203949094209354	0.6743202287441529	0.44130723876582134	0.44176160148852783	0.5278065071891974	0.45214900698768057	0.3029759022189594	1.0	0.3903318304475701
ceb	0.953225785585603	0.6945580065414473	1.0	0.9502398268237077	0.453325376577437	0.4195271800415443	0.6280675514132956	0.35110421811462533	0.5725455160109179	0.49933421177336046	0.42906485294247937	0.544222790577673	0.4351338270096666	0.5045957292518948	0.41240947548488016	0.5691758535833747	0.54706404468448	0.551619524217605	0.4464197784202427	0.46335268361750953	0.5775990286616064	0.30995750105747816	0.36578769221628404	0.5391887016007669	0.33156267098485215	0.562566792038914	0.5466149856566463	0.6996186120897997	0.4915691903519583	0.4904235038734695	0.5574989274944852	0.953225785585603	0.4514148609376721	0.8016071312619629	0.46073056555962894
ckb	1.0	1.0	0.9502398268237077	1.0	0.6877211076125288	0.3568984459819289	1.0	0.5984156650797615	0.7826308559168679	0.7922673009352519	0.4675564507162038	0.6877211076125288	0.42215203804593165	0.6873490897654164	0.6877211076125288	0.8137822343553781	0.6887722645793194	0.6877211076125288	0.6060415966406654	0.7502477598910112	0.7454306967285165	0.8137822343553781	0.6877211076125288	0.6273477866538789	0.3618427308528138	0.7014443061616974	0.6199096467185394	1.0	0.5497326300451401	0.6883662425579579	0.7826308559168679	0.7690990303325336	0.38453609001626177	1.0	0.3708171521256247
da	0.5794356622278263	0.5439641242960499	0.453325376577437	0.6877211076125288	1.0	0.19848872579889484	0.22642831535497485	0.1891682948429113	0.2347943595971909	0.21664766198859164	0.2522768351580694	0.2647410792092523	0.2995783627319274	0.24018230678869562	0.23539995952498366	0.2748390454857211	0.17550580465332571	0.31010312967760667	0.25165355609774626	0.31751418201253073	0.27109578039396026	0.27641559449989883	0.24099465929883543	0.20538465321214885	0.24102374160890092	0.23200026538637833	0.25678921152650486	0.5399352715520509	0.2952662064756035	0.2679745686660449	0.2534181905806749	0.4498869745934272	0.21489444561714208	0.6590675637199679	0.2429156878067705
de	0.4671058926590475	0.6709073670344394	0.4195271800415443	0.3568984459819289	0.19848872579889484	1.0	0.37412525572589417	0.1925146112047288	0.22118942110045164	0.18798973729711554	0.250461127766878	0.27320243143054807	0.21694070264803214	0.22911362014531858	0.19762902827409523	0.20987524768177881	0.1751464748144855	0.28782844661432966	0.27674384588537077	0.282523389819168	0.23252925286825846	0.16431916114475897	0.2101156007840093	0.1722495072969561	0.21715582857710625	0.1941670640134291	0.2354446497582843	0.4228800880179231	0.24731334817270406	0.22505186473955108	0.15203546651592925	0.30269429291693717	0.22433906315393579	0.7582412092088253	0.20973845833043278
el	0.5037371528377083	0.6223041007404059	0.6280675514132956	1.0	0.22642831535497485	0.37412525572589417	1.0	0.2683181553601689	0.4538633083613043	0.36211855444590724	0.35872982768221784	0.4977391547779951	0.42982635672194897	0.37217346226265263	0.4426148089841381	0.3223732349296702	0.44806391105350296	0.5973484481370077	0.34411458770789977	0.36706922350535826	0.2544944810001655	0.36756245981311664	0.3728028119566916	0.3133307642830446	0.3016314437017481	0.3101810008840175	0.4982783026457988	0.6666984105496916	0.4161207735216998	0.3367426161905222	0.3763722966826239	0.5884029695463889	0.33849497247273763	0.7411828468492556	0.3710503259205995
en	0.4187634160188988	0.2988792204853015	0.35110421811462533	0.5984156650797615	0.1891682948429113	0.1925146112047288	0.2683181553601689	1.0	0.20500067831442081	0.15936704172685576	0.18477806758536303	0.19661525509290306	0.24668707111636606	0.1873244288592576	0.1690242120576139	0.17170657940862605	0.16637732227779473	0.2957248205114695	0.24015693402205196	0.2163828624426954	0.24994326078394127	0.16539118583876627	0.2017357206092472	0.16325237415932578	0.17429768222018766	0.16661615178465305	0.2329212100293356	0.5109354794892812	0.22548286488864783	0.1929518341374597	0.16860799341257635	0.3680494514445826	0.2070332165507884	0.4238031692469258	0.22205408108942373
es	0.5037371528377083	0.6223041007404059	0.5725455160109179	0.7826308559168679	0.2347943595971909	0.22118942110045164	0.4538633083613043	0.20500067831442081	1.0	0.18665558255384432	0.26676780946514705	0.3860486502535196	0.29810330215106545	0.2510337572190742	0.1832499353028938	0.2620750792305007	0.20020571342834714	0.4629190461617741	0.376051813566545	0.3029536227007558	0.4767765635330673	0.23350717074015054	0.2459853387355899	0.18500256320631953	0.20567329207979287	0.19523628553108233	0.3737014186037232	0.6538836485984505	0.28809519060363636	0.3243241042547616	0.24138705685645864	0.5584417543272628	0.2704693635728411	0.7411828468492556	0.2723764627308629
fr	0.47279215565966975	0.5189010068290041	0.49933421177336046	0.7922673009352519	0.21664766198859164	0.18798973729711554	0.36211855444590724	0.15936704172685576	0.18665558255384432	1.0	0.22224961698792614	0.2893970326614289	0.2564395541302478	0.18443468962741114	0.17780675380229277	0.18225160888073808	0.16110333358895268	0.38963369991017793	0.2620476362549667	0.27020599819618124	0.277835327851672	0.18733636418008423	0.2047297014850154	0.1716164150177417	0.19888032819941562	0.16563356598367857	0.28462086009440635	0.557087527011696	0.252834658318069	0.30569349073860547	0.17685632784217817	0.5500994652181214	0.24306401761528632	0.608511340529127	0.20682601823921434
he	0.5882649949572331	0.39175723346860775	0.42906485294247937	0.4675564507162038	0.2522768351580694	0.250461127766878	0.35872982768221784	0.18477806758536303	0.26676780946514705	0.22224961698792614	1.0	0.26134370587576367	0.2697487391550111	0.2430890394082846	0.26481026678386793	0.2724449697383303	0.18845960020437227	0.3515338680361641	0.360866317765072	0.3664719103638385	0.26091307197460745	0.27002693152963125	0.2503838643793178	0.18878121165276618	0.22335890831289884	0.23147474301298115	0.32747321141784086	0.5785776425954026	0.26838101290964334	0.27984082035580576	0.27995147884718463	0.3345094905599775	0.23306074128085513	0.6978960013309101	0.24429209856575126
hi	1.0	0.578218413056548	0.544222790577673	0.6877211076125288	0.2647410792092523	0.27320243143054807	0.4977391547779951	0.19661525509290306	0.3860486502535196	0.2893970326614289	0.26134370587576367	1.0	0.3984878648835288	0.23164641674395073	0.40877458631321073	0.28905246523940575	0.2620309167523471	0.5493751163995273	0.40461013431824094	0.2658583594639847	0.37993294261630534	0.3268108952252961	0.3423746556894383	0.20769065622778388	0.29993987772749636	0.271664931230008	0.45204107953054484	0.660489913725291	0.2900116677212723	0.3676572661047187	0.25761348168311216	0.47640491230943777	0.23132731184631558	0.7510341748895939	0.26681041747875894
hu	0.4408099756921089	0.5275455121966903	0.4351338270096666	0.42215203804593165	0.2995783627319274	0.21694070264803214	0.42982635672194897	0.24668707111636606	0.29810330215106545	0.2564395541302478	0.2697487391550111	0.3984878648835288	1.0	0.28545780141170835	0.29106981972643964	0.34320973135037014	0.19325363168543797	0.42870752368721465	0.3371051896369413	0.3898925618572501	0.22450500668031334	0.32770630234584847	0.26652167840020285	0.22925615909378283	0.22585739196070218	0.2564306034559495	0.2945847510986601	0.583914050395257	0.3023844057810565	0.3106808189702234	0.30258707366037335	0.47796917599454214	0.2695644939878341	0.6690097713308655	0.30570800215266464
id	0.3583515995662847	0.573363739323406	0.5045957292518948	0.6873490897654164	0.24018230678869562	0.22911362014531858	0.37217346226265263	0.1873244288592576	0.2510337572190742	0.18443468962741114	0.2430890394082846	0.23164641674395073	0.28545780141170835	1.0	0.23056621846213843	0.21598110836924794	0.19787053431992613	0.3843635966651074	0.3225371685224558	0.35275340923332893	0.2875640446139261	0.2659643019444997	0.16992105146545822	0.19240449707552174	0.2547198578313439	0.19170747988554937	0.36288173573512783	0.6223273964925999	0.28889517473085724	0.3083760352552749	0.2326049233907389	0.41811858422904385	0.254755756062742	0.37587022993186253	0.2375285410063773
it	0.4806077950833535	0.7238346335704683	0.41240947548488016	0.6877211076125288	0.23539995952498366	0.19762902827409523	0.4426148089841381	0.1690242120576139	0.1832499353028938	0.17780675380229277	0.26481026678386793	0.40877458631321073	0.29106981972643964	0.23056621846213843	1.0	0.18069844930189716	0.21423596855579424	0.40318676691163213	0.34914917015640107	0.28321150670926726	0.36547426673082284	0.18856071228108984	0.2100188605548684	0.1923020508300886	0.1833553508855708	0.16973171538818177	0.3301788730349361	0.5556785915690853	0.31115579389076176	0.3029404673521053	0.19613306399945848	0.5699719288341226	0.22569334064211907	0.6184156762582913	0.24568963530937687
ja	0.5174186973951815	0.5771126808486902	0.5691758535833747	0.8137822343553781	0.2748390454857211	0.20987524768177881	0.3223732349296702	0.17170657940862605	0.2620750792305007	0.18225160888073808	0.2724449697383303	0.28905246523940575	0.34320973135037014	0.21598110836924794	0.18069844930189716	1.0	0.21450657512712795	0.4424660975772052	0.37442450272750016	0.3097532922733127	0.2780895549405455	0.2205367321428415	0.2168601408944449	0.19422122329634767	0.21728087929583034	0.20723761167675667	0.37966322244516393	0.5705430500914418	0.2760344664682948	0.2921575004650739	0.19916285563421665	0.5311596965127438	0.2295669913407402	0.7411828468492556	0.24632619381460305
ko	0.5123243661589024	0.5530552031186563	0.54706404468448	0.6887722645793194	0.17550580465332571	0.1751464748144855	0.44806391105350296	0.16637732227779473	0.20020571342834714	0.16110333358895268	0.18845960020437227	0.2620309167523471	0.19325363168543797	0.19787053431992613	0.21423596855579424	0.21450657512712795	1.0	0.35101034704258693	0.25167297091185786	0.37779929326692563	0.2606536450164031	0.23824767488073012	0.17791648777911512	0.17451637350516677	0.2255133793573003	0.17404610921948271	0.4245988139842103	0.6199650236257643	0.2300021380133572	0.30101432058933625	0.20418831367678547	0.37445092491199966	0.24068264031242137	0.6813557556905478	0.18347004347096732
lv	0.7584325078215763	0.629896233114065	0.551619524217605	0.6877211076125288	0.31010312967760667	0.28782844661432966	0.5973484481370077	0.2957248205114695	0.4629190461617741	0.38963369991017793	0.3515338680361641	0.5493751163995273	0.42870752368721465	0.3843635966651074	0.40318676691163213	0.4424660975772052	0.35101034704258693	1.0	0.3882055804228638	0.42514280137670774	0.3237925178766001	0.33605056463104327	0.36686822115101136	0.3464725217287376	0.2490776889720619	0.3441052031053076	0.4794041124752788	0.6645255677228384	0.3388057600261145	0.40263882977285864	0.37179082292978655	0.40821408277206933	0.2523428494103069	0.7510341748895939	0.3914607842624745
mk	0.4056765420291396	0.4296861704906565	0.4464197784202427	0.6060415966406654	0.25165355609774626	0.27674384588537077	0.34411458770789977	0.24015693402205196	0.376051813566545	0.2620476362549667	0.360866317765072	0.40461013431824094	0.3371051896369413	0.3225371685224558	0.34914917015640107	0.37442450272750016	0.25167297091185786	0.3882055804228638	1.0	0.3923107105351175	0.4341885617873633	0.289884476486117	0.3602101329374197	0.33241171301181166	0.2906215928581686	0.30391806879158245	0.2928878280541736	0.5034710416645194	0.27775124884658653	0.23132397336694788	0.33251617951689716	0.41786153022478345	0.31236695243488205	0.3822304497962337	0.2018611550777445
ml	0.6550861529621861	0.6495668448353149	0.46335268361750953	0.7502477598910112	0.31751418201253073	0.282523389819168	0.36706922350535826	0.2163828624426954	0.3029536227007558	0.27020599819618124	0.3664719103638385	0.2658583594639847	0.3898925618572501	0.35275340923332893	0.28321150670926726	0.3097532922733127	0.37779929326692563	0.42514280137670774	0.3923107105351175	1.0	0.30808871336375776	0.35306127906222695	0.2783297447688295	0.33687988438769	0.2761841605832027	0.25223197084975935	0.5919245200654375	0.7417180202570965	0.33566425462797456	0.32741847925816986	0.32719951032968025	0.27135426489597464	0.3222682370990812	0.7363975229483768	0.3633827192130327
mr	0.6461761095307312	0.5223303463927285	0.5775990286616064	0.7454306967285165	0.27109578039396026	0.23252925286825846	0.2544944810001655	0.24994326078394127	0.4767765635330673	0.277835327851672	0.26091307197460745	0.37993294261630534	0.22450500668031334	0.2875640446139261	0.36547426673082284	0.2780895549405455	0.2606536450164031	0.3237925178766001	0.4341885617873633	0.30808871336375776	1.0	0.268484850051197	0.3846139804577552	0.2730624029998767	0.23233453155683342	0.37203838447026066	0.5120197562076149	0.654852640966837	0.3035825976563023	0.28829892033482246	0.2521469752874706	0.35872344102681114	0.22941978000003876	0.5901589760660289	0.2543451016864634
nl	0.5037371528377083	0.5439488589696516	0.30995750105747816	0.8137822343553781	0.27641559449989883	0.16431916114475897	0.36756245981311664	0.16539118583876627	0.23350717074015054	0.18733636418008423	0.27002693152963125	0.3268108952252961	0.32770630234584847	0.2659643019444997	0.18856071228108984	0.2205367321428415	0.23824767488073012	0.33605056463104327	0.289884476486117	0.35306127906222695	0.268484850051197	1.0	0.24911444779826022	0.19686307097082759	0.20002866790353807	0.18142141009414683	0.3227906403561518	0.5858271452743843	0.3038716546780146	0.28036828369171424	0.23977940975941864	0.3738534048978148	0.20625092934778835	0.409663145366445	0.30785082244027284
pl	0.5280787797714318	0.6105908016289052	0.36578769221628404	0.6877211076125288	0.24099465929883543	0.2101156007840093	0.3728028119566916	0.2017357206092472	0.2459853387355899	0.2047297014850154	0.2503838643793178	0.3423746556894383	0.26652167840020285	0.16992105146545822	0.2100188605548684	0.2168601408944449	0.17791648777911512	0.36686822115101136	0.3602101329374197	0.2783297447688295	0.3846139804577552	0.24911444779826022	1.0	0.1867168474786248	0.22284185490769426	0.20074932320549327	0.33181105579267917	0.5696364420648019	0.2648528026314082	0.2676727856848844	0.22166888944985166	0.3538069410599996	0.22607367918615667	0.6813557556905478	0.26121847409053456
pt	0.45974432716115093	0.49620122928163296	0.5391887016007669	0.6273477866538789	0.20538465321214885	0.1722495072969561	0.3133307642830446	0.16325237415932578	0.18500256320631953	0.1716164150177417	0.18878121165276618	0.20769065622778388	0.22925615909378283	0.19240449707552174	0.1923020508300886	0.19422122329634767	0.17451637350516677	0.3464725217287376	0.33241171301181166	0.33687988438769	0.2730624029998767	0.19686307097082759	0.1867168474786248	1.0	0.19023933961765133	0.17127919940318287	0.2998217228119812	0.6562661056221564	0.23517417194967827	0.2794344499333452	0.18495511337611786	0.5448497345993006	0.2407093004018897	0.5823388428173945	0.2050013012815439
ro	0.32374135676741916	0.4416355645162819	0.33156267098485215	0.3618427308528138	0.24102374160890092	0.21715582857710625	0.3016314437017481	0.17429768222018766	0.20567329207979287	0.19888032819941562	0.22335890831289884	0.29993987772749636	0.22585739196070218	0.2547198578313439	0.1833553508855708	0.21728087929583034	0.2255133793573003	0.2490776889720619	0.2906215928581686	0.2761841605832027	0.23233453155683342	0.20002866790353807	0.22284185490769426	0.19023933961765133	1.0	0.19211695611595525	0.2859630558055971	0.7510341748895938	0.22406064689380648	0.25203288741951047	0.18162865501657224	0.39408445887669596	0.23704293700260085	0.4178503095713648	0.1897733029241439
ru	0.4127759253907437	0.520750422577384	0.562566792038914	0.7014443061616974	0.23200026538637833	0.1941670640134291	0.3101810008840175	0.16661615178465305	0.19523628553108233	0.16563356598367857	0.23147474301298115	0.271664931230008	0.2564306034559495	0.19170747988554937	0.16973171538818177	0.20723761167675667	0.17404610921948271	0.3441052031053076	0.30391806879158245	0.25223197084975935	0.37203838447026066	0.18142141009414683	0.20074932320549327	0.17127919940318287	0.19211695611595525	1.0	0.29797890571151775	0.609895616649532	0.2648703467369463	0.29823212804233545	0.17565992812627465	0.5288726695974639	0.2308420333528315	0.6238981141904577	0.1978307493662313
sh	0.4303604376035879	0.6203949094209354	0.5466149856566463	0.6199096467185394	0.25678921152650486	0.2354446497582843	0.4982783026457988	0.2329212100293356	0.3737014186037232	0.28462086009440635	0.32747321141784086	0.45204107953054484	0.2945847510986601	0.36288173573512783	0.3301788730349361	0.37966322244516393	0.4245988139842103	0.4794041124752788	0.2928878280541736	0.5919245200654375	0.5120197562076149	0.3227906403561518	0.33181105579267917	0.2998217228119812	0.2859630558055971	0.29797890571151775	1.0	1.0	0.31970064774148205	0.30908762454198224	0.34421515950660564	0.40958130220172895	0.2554116827668679	0.5826642225130823	0.3302841634483299
si	1.0	0.6743202287441529	0.6996186120897997	1.0	0.5399352715520509	0.4228800880179231	0.6666984105496916	0.5109354794892812	0.6538836485984505	0.557087527011696	0.5785776425954026	0.660489913725291	0.583914050395257	0.6223273964925999	0.5556785915690853	0.5705430500914418	0.6199650236257643	0.6645255677228384	0.5034710416645194	0.7417180202570965	0.654852640966837	0.5858271452743843	0.5696364420648019	0.6562661056221564	0.7510341748895938	0.609895616649532	1.0	1.0	0.6852013012634358	0.6669869699732682	0.6142389593727882	0.7720915961890814	0.4205796012014385	1.0	0.3795959645770992
simple	0.36070432185205675	0.44130723876582134	0.4915691903519583	0.5497326300451401	0.2952662064756035	0.24731334817270406	0.4161207735216998	0.22548286488864783	0.28809519060363636	0.252834658318069	0.26838101290964334	0.2900116677212723	0.3023844057810565	0.28889517473085724	0.31115579389076176	0.2760344664682948	0.2300021380133572	0.3388057600261145	0.27775124884658653	0.33566425462797456	0.3035825976563023	0.3038716546780146	0.2648528026314082	0.23517417194967827	0.22406064689380648	0.2648703467369463	0.31970064774148205	0.6852013012634358	1.0	0.3103979065158029	0.2909783645383973	0.5211113557906004	0.2598794716989721	0.3671700951026284	0.2786572021668166
sr	0.4464813374168403	0.44176160148852783	0.4904235038734695	0.6883662425579579	0.2679745686660449	0.22505186473955108	0.3367426161905222	0.1929518341374597	0.3243241042547616	0.30569349073860547	0.27984082035580576	0.3676572661047187	0.3106808189702234	0.3083760352552749	0.3029404673521053	0.2921575004650739	0.30101432058933625	0.40263882977285864	0.23132397336694788	0.32741847925816986	0.28829892033482246	0.28036828369171424	0.2676727856848844	0.2794344499333452	0.25203288741951047	0.29823212804233545	0.30908762454198224	0.6669869699732682	0.3103979065158029	1.0	0.3082607039848873	0.5415494348837269	0.2777351956519436	0.3413926676850759	0.2813757827987827
sv	0.4056598092428143	0.5278065071891974	0.5574989274944852	0.7826308559168679	0.2534181905806749	0.15203546651592925	0.3763722966826239	0.16860799341257635	0.24138705685645864	0.17685632784217817	0.27995147884718463	0.25761348168311216	0.30258707366037335	0.2326049233907389	0.19613306399945848	0.19916285563421665	0.20418831367678547	0.37179082292978655	0.33251617951689716	0.32719951032968025	0.2521469752874706	0.23977940975941864	0.22166888944985166	0.18495511337611786	0.18162865501657224	0.17565992812627465	0.34421515950660564	0.6142389593727882	0.2909783645383973	0.3082607039848873	1.0	0.5583459061785315	0.20267840100659382	0.5883403156924213	0.22474857924941954
te	0.7863954451402115	0.45214900698768057	0.953225785585603	0.7690990303325336	0.4498869745934272	0.30269429291693717	0.5884029695463889	0.3680494514445826	0.5584417543272628	0.5500994652181214	0.3345094905599775	0.47640491230943777	0.47796917599454214	0.41811858422904385	0.5699719288341226	0.5311596965127438	0.37445092491199966	0.40821408277206933	0.41786153022478345	0.27135426489597464	0.35872344102681114	0.3738534048978148	0.3538069410599996	0.5448497345993006	0.39408445887669596	0.5288726695974639	0.40958130220172895	0.7720915961890814	0.5211113557906004	0.5415494348837269	0.5583459061785315	1.0	0.3067589924145263	0.45214900698768057	0.36728192248295327
vi	0.34085460106031784	0.3029759022189594	0.4514148609376721	0.38453609001626177	0.21489444561714208	0.22433906315393579	0.33849497247273763	0.2070332165507884	0.2704693635728411	0.24306401761528632	0.23306074128085513	0.23132731184631558	0.2695644939878341	0.254755756062742	0.22569334064211907	0.2295669913407402	0.24068264031242137	0.2523428494103069	0.31236695243488205	0.3222682370990812	0.22941978000003876	0.20625092934778835	0.22607367918615667	0.2407093004018897	0.23704293700260085	0.2308420333528315	0.2554116827668679	0.4205796012014385	0.2598794716989721	0.2777351956519436	0.20267840100659382	0.3067589924145263	1.0	0.4030636123812992	0.28444222264190727
war	0.5174186973951815	1.0	0.8016071312619629	1.0	0.6590675637199679	0.7582412092088253	0.7411828468492556	0.4238031692469258	0.7411828468492556	0.608511340529127	0.6978960013309101	0.7510341748895939	0.6690097713308655	0.37587022993186253	0.6184156762582913	0.7411828468492556	0.6813557556905478	0.7510341748895939	0.3822304497962337	0.7363975229483768	0.5901589760660289	0.409663145366445	0.6813557556905478	0.5823388428173945	0.4178503095713648	0.6238981141904577	0.5826642225130823	1.0	0.3671700951026284	0.3413926676850759	0.5883403156924213	0.45214900698768057	0.4030636123812992	1.0	0.41185879796431607
zh	0.34678245323276724	0.3903318304475701	0.46073056555962894	0.3708171521256247	0.2429156878067705	0.20973845833043278	0.3710503259205995	0.22205408108942373	0.2723764627308629	0.20682601823921434	0.24429209856575126	0.26681041747875894	0.30570800215266464	0.2375285410063773	0.24568963530937687	0.24632619381460305	0.18347004347096732	0.3914607842624745	0.2018611550777445	0.3633827192130327	0.2543451016864634	0.30785082244027284	0.26121847409053456	0.2050013012815439	0.1897733029241439	0.1978307493662313	0.3302841634483299	0.3795959645770992	0.2786572021668166	0.2813757827987827	0.22474857924941954	0.36728192248295327	0.28444222264190727	0.41185879796431607	1.0
