arz	bs	ceb	ckb	da	de	el	en	es	fr	he	hi	hu	id	it	ja	ko	lv	mk	ml	mr	nl	pl	pt	ro	ru	sh	si	simple	sr	sv	te	vi	war	zh
arz	0.3333333333333333	0.3333333333333333	0.5	0.058823529411764705	0.0	0.3333333333333333	0.3333333333333333	0.3333333333333333	0.3333333333333333	0.3333333333333333	0.3333333333333333	0.0	0.3333333333333333	0.5	0.3333333333333333	0.3333333333333333	0.3333333333333333	1.0	0.3333333333333333	0.041666666666666664	0.05	0.3333333333333333	0.3333333333333333	0.3333333333333333	0.0	0.3333333333333333	0.3333333333333333	0.05555555555555555	1.0	0.3333333333333333	0.3333333333333333	0.047619047619047616	1.0	0.07142857142857142	0.3333333333333333
bs	0.3333333333333333	0.02338141244098946	0.16666666666666666	0.019230769230769232	0.3333333333333333	0.025642998027613412	0.038461538461538464	0.025003751249999998	0.025	0.02632133033240997	0.05555555555555555	0.0	0.0625	0.5	0.029420416955882357	0.08333333333333333	0.034482758620689655	0.05263157894736842	0.02564102564102564	0.011904761904761904	0.02173960302457467	0.07143367346938775	0.02631856025000069	0.04	0.25	0.02564102564102564	0.025656158457600924	0.02127659574468085	1.0	0.03333333333333333	0.06666666666666667	0.019231139053254437	0.06666666666666667	0.027777777777777776	0.03333333333333333
ceb	0.5	0.16666666666666666	0.12507818753125	0.2	0.16666666666666666	0.125	0.14285714285714285	0.125	0.125	0.125	0.125	0.125	0.14285714285714285	0.125	0.14285714285714285	0.125	0.125	0.2	0.14285714285714285	0.14285714285714285	0.16666666666666666	0.14285714285714285	0.125	0.125	0.125	0.125	0.16666666666666666	0.16666666666666666	0.14285714285714285	0.125	0.14285714285714285	0.25	0.14285714285714285	0.16666666666666666	0.14285714285714285
ckb	0.058823529411764705	0.019230769230769232	0.2	0.009618714590144323	0.012987012987012988	0.01	0.013333333333333334	0.009708737864077669	0.009901088128614842	0.010101010101010102	0.010752688172043012	0.014705882352941176	0.014084903788930767	0.011494252873563218	0.01	0.010526315789473684	0.010869565217391304	0.014925373134328358	0.01587326782564878	0.017543859649122806	0.029411764705882353	0.010416666666666666	0.010309278350515464	0.01	0.012987012987012988	0.010204185755935027	0.013513513513513514	0.02702702702702703	0.012345831428135955	0.012195121951219513	0.01086968336483932	0.02631578947368421	0.011494252873563218	0.034482758620689655	0.010869565217391304
da	0.0	0.3333333333333333	0.16666666666666666	0.012987012987012988	0.09090909090909091	0.25	0.3333333333333333	0.125	0.16666666666666666	0.25	0.3333333333333333	0.0	0.3333333333333333	0.0	0.25	0.3333333333333333	0.3333333333333333	1.0	0.3333333333333333	0.007246429321571099	0.014492963663095989	0.3333333333333333	0.125	0.3333333333333333	1.0	0.1111111111111111	0.3333333333333333	0.01639344262295082	1.0	0.2	0.16666666666666666	0.013333511111111113	0.0	0.023809523809523808	0.25
de	0.3333333333333333	0.025642998027613412	0.125	0.01	0.25	0.00399069455289917	0.022727272727272728	0.00826514582337272	0.008695652173913044	0.011364540289256198	0.011764705882352941	0.3333333333333333	0.05	0.2	0.01724435285374554	0.07692307692307693	0.030303030303030304	0.05	0.022222222222222223	0.004807715421597633	0.010989131747373506	0.028572244897959183	0.009091157024793387	0.025	0.14285714285714285	0.010752688172043012	0.025643655489809333	0.011904761904761904	0.125	0.014925373134328358	0.05	0.008403361344537815	0.06666666666666667	0.022222222222222223	0.025
el	0.3333333333333333	0.038461538461538464	0.14285714285714285	0.013333333333333334	0.3333333333333333	0.022727272727272728	0.019230769230769232	0.02	0.021739130434782608	0.03225806451612903	0.03125	0.0	0.05555555555555555	0.3333333333333333	0.04	0.09090909090909091	0.05555555555555555	0.1	0.03333333333333333	0.007874077748155496	0.014084507042253521	0.05263157894736842	0.021739130434782608	0.047619047619047616	0.3333333333333333	0.022222222222222223	0.038461538461538464	0.01587326782564878	0.5	0.027777777777777776	0.07692307692307693	0.012345679012345678	0.16666666666666666	0.023255813953488372	0.047619047619047616
en	0.3333333333333333	0.025003751249999998	0.125	0.009708737864077669	0.125	0.00826514582337272	0.02	0.0024757188145166273	0.005154665745562759	0.0100014001	0.011235955056179775	0.3333333333333333	0.041666666666666664	0.125015625	0.01370219647232145	0.06666666666666667	0.02857142857142857	0.047619047619047616	0.022222222222222223	0.004386041859033549	0.010526648199445982	0.018520577161523662	0.004587576845383385	0.018518518518518517	0.07692307692307693	0.004672897196261682	0.02500625312750188	0.011363894628099173	0.1	0.010869565217391304	0.03333333333333333	0.008	0.0625	0.022222222222222223	0.02127659574468085
es	0.3333333333333333	0.025	0.125	0.009901088128614842	0.16666666666666666	0.008695652173913044	0.021739130434782608	0.005154665745562759	0.001287372440315111	0.010101010101010102	0.011494252873563218	0.3333333333333333	0.047619047619047616	0.16666666666666666	0.013888888888888888	0.07142857142857142	0.029411764705882353	0.047619047619047616	0.022727272727272728	0.00454547520661157	0.010752803792345937	0.012658227848101266	0.008333333333333333	0.013333333333333334	0.1	0.007874015748031496	0.02564102564102564	0.011628042184964847	0.1111111111111111	0.013157894736842105	0.05	0.008333333333333333	0.06666666666666667	0.022222222222222223	0.022222222222222223
fr	0.3333333333333333	0.02632133033240997	0.125	0.010101010101010102	0.25	0.011364540289256198	0.03225806451612903	0.0100014001	0.010101010101010102	0.005805118888470417	0.017543859649122806	0.3333333333333333	0.05263157894736842	0.25006249999999997	0.009622509435284397	0.07142857142857142	0.034482758620689655	0.05555555555555555	0.025	0.004629693930041152	0.010869919777882797	0.031250976562500005	0.013333866666666666	0.02564102564102564	0.14285714285714285	0.012048192771084338	0.027033601899196492	0.01176484429065744	0.125	0.020833333333333332	0.058823529411764705	0.008474648089629418	0.07142857142857142	0.022222222222222223	0.029411764705882353
he	0.3333333333333333	0.05555555555555555	0.125	0.010752688172043012	0.3333333333333333	0.011764705882352941	0.03125	0.011235955056179775	0.011494252873563218	0.017543859649122806	0.01020408163265306	0.3333333333333333	0.07142857142857142	0.25	0.029411764705882353	0.1111111111111111	0.07692307692307693	0.5	0.05	0.005649781352740273	0.011764705882352941	0.04	0.015151515151515152	0.034482758620689655	0.2	0.016129032258064516	0.05555555555555555	0.01250015625	0.16666666666666666	0.027777777777777776	0.08333333333333333	0.00925934499314129	1.0	0.023809523809523808	0.0625
hi	0.0	0.0	0.125	0.014705882352941176	0.0	0.3333333333333333	0.0	0.3333333333333333	0.3333333333333333	0.3333333333333333	0.3333333333333333	0.3333333333333333	0.0	0.0	0.0	0.0	0.0	0.0	0.0	0.0068030450738118375	0.012987181649519312	0.0	1.0	1.0	0.0	0.3333333333333333	0.0	0.014492963663095989	0.0	0.5	0.0	0.010869919659735348	0.0	0.024390243902439025	1.0
hu	0.3333333333333333	0.0625	0.14285714285714285	0.014084903788930767	0.3333333333333333	0.05	0.05555555555555555	0.041666666666666664	0.047619047619047616	0.05263157894736842	0.07142857142857142	0.0	0.03125	0.5	0.0625	0.1	0.08333333333333333	0.5	0.0625	0.007752058169581156	0.014085102162269388	0.07692307692307693	0.047619047619047616	0.0625	0.25	0.045454545454545456	0.06666666666666667	0.016393711367911852	1.0	0.08333333333333333	0.07142857142857142	0.011627906976744186	1.0	0.024390243902439025	0.07142857142857142
id	0.5	0.5	0.125	0.011494252873563218	0.0	0.2	0.3333333333333333	0.125015625	0.16666666666666666	0.25006249999999997	0.25	0.0	0.5	0.036206938868414404	0.2501250625	0.5	0.5	0.0	0.3333333333333333	0.00584798741493109	0.012048192771084338	0.25	0.16666666666666666	0.16666666666666666	0.0	0.25	0.5005005005005005	0.013157894736842105	1.0	0.3333333333333333	0.3333333333333333	0.009900990099009901	0.5	0.023255813953488372	0.3333333333333333
it	0.3333333333333333	0.029420416955882357	0.14285714285714285	0.01	0.25	0.01724435285374554	0.04	0.01370219647232145	0.013888888888888888	0.009622509435284397	0.029411764705882353	0.0	0.0625	0.2501250625	0.004991927338724643	0.08333333333333333	0.034482758620689655	0.05555555555555555	0.02702702702702703	0.0046950120126077275	0.011494913462808825	0.03703840877914952	0.01694972708991669	0.034482758620689655	0.16666666666666666	0.01639344262295082	0.028589396741228575	0.012658548309565774	0.14285714285714285	0.030303030303030304	0.05555555555555555	0.008695727788279773	0.07692307692307693	0.022727272727272728	0.029411764705882353
ja	0.3333333333333333	0.08333333333333333	0.125	0.010526315789473684	0.3333333333333333	0.07692307692307693	0.09090909090909091	0.06666666666666667	0.07142857142857142	0.07142857142857142	0.1111111111111111	0.0	0.1	0.5	0.08333333333333333	0.06666666666666667	0.08333333333333333	0.5	0.08333333333333333	0.004975248137422341	0.010870037807183364	0.08333333333333333	0.07142857142857142	0.08333333333333333	1.0	0.07142857142857142	0.08333333333333333	0.011905187216553285	1.0	0.07692307692307693	0.1	0.008772006771314251	1.0	0.022222222222222223	0.07692307692307693
ko	0.3333333333333333	0.034482758620689655	0.125	0.010869565217391304	0.3333333333333333	0.030303030303030304	0.05555555555555555	0.02857142857142857	0.029411764705882353	0.034482758620689655	0.07692307692307693	0.0	0.08333333333333333	0.5	0.034482758620689655	0.08333333333333333	0.027777777777777776	0.05263157894736842	0.034482758620689655	0.005494686632049268	0.011363765495867768	0.07142857142857142	0.030303030303030304	0.058823529411764705	0.25	0.030303030303030304	0.034482758620689655	0.01250015625	1.0	0.034482758620689655	0.08333333333333333	0.009708737864077669	0.06666666666666667	0.022727789256198346	0.03125
lv	1.0	0.05263157894736842	0.2	0.014925373134328358	1.0	0.05	0.1	0.047619047619047616	0.047619047619047616	0.05555555555555555	0.5	0.0	0.5	0.0	0.05555555555555555	0.5	0.05263157894736842	0.00847457627118644	0.05263157894736842	0.008849557522123894	0.01587326782564878	0.3333333333333333	0.043478260869565216	0.16666666666666666	0.5	0.04	0.05263157894736842	0.017544475223145582	0.0	0.05	0.3333333333333333	0.015625	0.07142857142857142	0.025	0.05263157894736842
mk	0.3333333333333333	0.02564102564102564	0.14285714285714285	0.01587326782564878	0.3333333333333333	0.022222222222222223	0.03333333333333333	0.022222222222222223	0.022727272727272728	0.025	0.05	0.0	0.0625	0.3333333333333333	0.02702702702702703	0.08333333333333333	0.034482758620689655	0.05263157894736842	0.02127659574468085	0.00970930342162315	0.01851954732510288	0.06666666666666667	0.022727272727272728	0.038461538461538464	0.25	0.022727272727272728	0.02631578947368421	0.018518861454046638	1.0	0.030303030303030304	0.07142857142857142	0.01694915254237288	0.06666666666666667	0.02631578947368421	0.03125
ml	0.041666666666666664	0.011904761904761904	0.14285714285714285	0.017543859649122806	0.007246429321571099	0.004807715421597633	0.007874077748155496	0.004386041859033549	0.00454547520661157	0.004629693930041152	0.005649781352740273	0.0068030450738118375	0.007752058169581156	0.00584798741493109	0.0046950120126077275	0.004975248137422341	0.005494686632049268	0.008849557522123894	0.00970930342162315	0.004361840617104038	0.016667500000000002	0.00497514912997203	0.004950519556906186	0.0046949018051973814	0.006711454438989235	0.004926351039821398	0.0072993233523363	0.01818181818181818	0.006451821019771072	0.006289387286895297	0.005263351800554016	0.014084507042253521	0.005814021092482424	0.024390243902439025	0.005319403661215511
mr	0.05	0.02173960302457467	0.16666666666666666	0.029411764705882353	0.014492963663095989	0.010989131747373506	0.014084507042253521	0.010526648199445982	0.010752803792345937	0.010869919777882797	0.011764705882352941	0.012987181649519312	0.014085102162269388	0.012048192771084338	0.011494913462808825	0.010870037807183364	0.011363765495867768	0.01587326782564878	0.01851954732510288	0.016667500000000002	0.010561551045229	0.011363636363636364	0.011363765495867768	0.011111851975308642	0.013513878743608472	0.011494781344959702	0.014925595901091559	0.029412629757785465	0.012048483088982435	0.01282051282051282	0.01149451710926146	0.020408579758433985	0.011236207675924882	0.03225806451612903	0.010989494143219416
nl	0.3333333333333333	0.07143367346938775	0.14285714285714285	0.010416666666666666	0.3333333333333333	0.028572244897959183	0.05263157894736842	0.018520577161523662	0.012658227848101266	0.031250976562500005	0.04	0.0	0.07692307692307693	0.25	0.03703840877914952	0.08333333333333333	0.07142857142857142	0.3333333333333333	0.06666666666666667	0.00497514912997203	0.011363636363636364	0.003147641027745981	0.023809523809523808	0.034482758620689655	0.3333333333333333	0.025	0.07142857142857142	0.012345679012345678	0.2	0.045454545454545456	0.058823529411764705	0.008695652173913044	1.0	0.022222222222222223	0.07142857142857142
pl	0.3333333333333333	0.02631856025000069	0.125	0.010309278350515464	0.125	0.009091157024793387	0.021739130434782608	0.004587576845383385	0.008333333333333333	0.013333866666666666	0.015151515151515152	1.0	0.047619047619047616	0.16666666666666666	0.01694972708991669	0.07142857142857142	0.030303030303030304	0.043478260869565216	0.022727272727272728	0.004950519556906186	0.011363765495867768	0.023809523809523808	0.0003787815685466834	0.021739130434782608	0.09090909090909091	0.002352941176470588	0.027780092592592592	0.012195270672218919	0.125	0.008403361344537815	0.047619047619047616	0.008771929824561403	0.06666666666666667	0.022727272727272728	0.023809523809523808
pt	0.3333333333333333	0.04	0.125	0.01	0.3333333333333333	0.025	0.047619047619047616	0.018518518518518517	0.013333333333333334	0.02564102564102564	0.034482758620689655	1.0	0.0625	0.16666666666666666	0.034482758620689655	0.08333333333333333	0.058823529411764705	0.16666666666666666	0.038461538461538464	0.0046949018051973814	0.011111851975308642	0.034482758620689655	0.021739130434782608	0.002544529262086514	0.3333333333333333	0.020833333333333332	0.043478260869565216	0.011764705882352941	0.5	0.038461538461538464	0.07142857142857142	0.008474648089629418	0.25	0.022727272727272728	0.05
ro	0.0	0.25	0.125	0.012987012987012988	1.0	0.14285714285714285	0.3333333333333333	0.07692307692307693	0.1	0.14285714285714285	0.2	0.0	0.25	0.0	0.16666666666666666	1.0	0.25	0.5	0.25	0.006711454438989235	0.013513878743608472	0.3333333333333333	0.09090909090909091	0.3333333333333333	0.04765308845352381	0.06666666666666667	0.3333333333333333	0.015384615384615385	0.0	0.2	1.0	0.012345679012345678	1.0	0.023809523809523808	0.2
ru	0.3333333333333333	0.02564102564102564	0.125	0.010204185755935027	0.1111111111111111	0.010752688172043012	0.022222222222222223	0.004672897196261682	0.007874015748031496	0.012048192771084338	0.016129032258064516	0.3333333333333333	0.045454545454545456	0.25	0.01639344262295082	0.07142857142857142	0.030303030303030304	0.04	0.022727272727272728	0.004926351039821398	0.011494781344959702	0.025	0.002352941176470588	0.020833333333333332	0.06666666666666667	0.0005104645227156713	0.02564102564102564	0.011905895691609977	0.16666666666666666	0.006993006993006993	0.017241379310344827	0.008547300752428957	0.06666666666666667	0.022222222222222223	0.022222222222222223
sh	0.3333333333333333	0.025656158457600924	0.16666666666666666	0.013513513513513514	0.3333333333333333	0.025643655489809333	0.038461538461538464	0.02500625312750188	0.02564102564102564	0.027033601899196492	0.05555555555555555	0.0	0.06666666666666667	0.5005005005005005	0.028589396741228575	0.08333333333333333	0.034482758620689655	0.05263157894736842	0.02631578947368421	0.0072993233523363	0.014925595901091559	0.07142857142857142	0.027780092592592592	0.043478260869565216	0.3333333333333333	0.02564102564102564	0.02339343396954315	0.014925595901091559	1.0	0.034482758620689655	0.058823529411764705	0.012048483088982435	0.06666666666666667	0.023809523809523808	0.03333333333333333
si	0.05555555555555555	0.02127659574468085	0.16666666666666666	0.02702702702702703	0.01639344262295082	0.011904761904761904	0.01587326782564878	0.011363894628099173	0.011628042184964847	0.01176484429065744	0.01250015625	0.014492963663095989	0.016393711367911852	0.013157894736842105	0.012658548309565774	0.011905187216553285	0.01250015625	0.017544475223145582	0.018518861454046638	0.01818181818181818	0.029412629757785465	0.012345679012345678	0.012195270672218919	0.011764705882352941	0.015384615384615385	0.011905895691609977	0.014925595901091559	0.011386927520452431	0.013333511111111113	0.013157894736842105	0.012500624999999998	0.027777777777777776	0.01282051282051282	0.03571428571428571	0.011764982698961937
simple	1.0	1.0	0.14285714285714285	0.012345831428135955	1.0	0.125	0.5	0.1	0.1111111111111111	0.125	0.16666666666666666	0.0	1.0	1.0	0.14285714285714285	1.0	1.0	0.0	1.0	0.006451821019771072	0.012048483088982435	0.2	0.125	0.5	0.0	0.16666666666666666	1.0	0.013333511111111113	0.1	1.0	1.0	0.01098901098901099	1.0	0.023255813953488372	1.0
sr	0.3333333333333333	0.03333333333333333	0.125	0.012195121951219513	0.2	0.014925373134328358	0.027777777777777776	0.010869565217391304	0.013157894736842105	0.020833333333333332	0.027777777777777776	0.5	0.08333333333333333	0.3333333333333333	0.030303030303030304	0.07692307692307693	0.034482758620689655	0.05	0.030303030303030304	0.006289387286895297	0.01282051282051282	0.045454545454545456	0.008403361344537815	0.038461538461538464	0.2	0.006993006993006993	0.034482758620689655	0.013157894736842105	1.0	0.0049504950495049506	0.06666666666666667	0.010204185755935027	0.06666666666666667	0.023255813953488372	0.02631578947368421
sv	0.3333333333333333	0.06666666666666667	0.14285714285714285	0.01086968336483932	0.16666666666666666	0.05	0.07692307692307693	0.03333333333333333	0.05	0.058823529411764705	0.08333333333333333	0.0	0.07142857142857142	0.3333333333333333	0.05555555555555555	0.1	0.08333333333333333	0.3333333333333333	0.07142857142857142	0.005263351800554016	0.01149451710926146	0.058823529411764705	0.047619047619047616	0.07142857142857142	1.0	0.017241379310344827	0.058823529411764705	0.012500624999999998	1.0	0.06666666666666667	0.005962993299406936	0.00925943072702332	1.0	0.022222222222222223	0.1
te	0.047619047619047616	0.019231139053254437	0.25	0.02631578947368421	0.013333511111111113	0.008403361344537815	0.012345679012345678	0.008	0.008333333333333333	0.008474648089629418	0.00925934499314129	0.010869919659735348	0.011627906976744186	0.009900990099009901	0.008695727788279773	0.008772006771314251	0.009708737864077669	0.015625	0.01694915254237288	0.014084507042253521	0.020408579758433985	0.008695652173913044	0.008771929824561403	0.008474648089629418	0.012345679012345678	0.008547300752428957	0.012048483088982435	0.027777777777777776	0.01098901098901099	0.010204185755935027	0.00925943072702332	0.008007622918215175	0.009901088128614842	0.04	0.00884994909546558
vi	1.0	0.06666666666666667	0.14285714285714285	0.011494252873563218	0.0	0.06666666666666667	0.16666666666666666	0.0625	0.06666666666666667	0.07142857142857142	1.0	0.0	1.0	0.5	0.07692307692307693	1.0	0.06666666666666667	0.07142857142857142	0.06666666666666667	0.005814021092482424	0.011236207675924882	1.0	0.06666666666666667	0.25	1.0	0.06666666666666667	0.06666666666666667	0.01282051282051282	1.0	0.06666666666666667	1.0	0.009901088128614842	0.0625	0.022727272727272728	0.06666666666666667
war	0.07142857142857142	0.027777777777777776	0.16666666666666666	0.034482758620689655	0.023809523809523808	0.022222222222222223	0.023255813953488372	0.022222222222222223	0.022222222222222223	0.022222222222222223	0.023809523809523808	0.024390243902439025	0.024390243902439025	0.023255813953488372	0.022727272727272728	0.022222222222222223	0.022727789256198346	0.025	0.02631578947368421	0.024390243902439025	0.03225806451612903	0.022222222222222223	0.022727272727272728	0.022727272727272728	0.023809523809523808	0.022222222222222223	0.023809523809523808	0.03571428571428571	0.023255813953488372	0.023255813953488372	0.022222222222222223	0.04	0.022727272727272728	0.022223704197530864	0.022222716049382713
zh	0.3333333333333333	0.03333333333333333	0.14285714285714285	0.010869565217391304	0.25	0.025	0.047619047619047616	0.02127659574468085	0.022222222222222223	0.029411764705882353	0.0625	1.0	0.07142857142857142	0.3333333333333333	0.029411764705882353	0.07692307692307693	0.03125	0.05263157894736842	0.03125	0.005319403661215511	0.010989494143219416	0.07142857142857142	0.023809523809523808	0.05	0.2	0.022222222222222223	0.03333333333333333	0.011764982698961937	1.0	0.02631578947368421	0.1	0.00884994909546558	0.06666666666666667	0.022222716049382713	0.019230769230769232
