arz	bs	ceb	ckb	da	de	el	en	es	fr	he	hi	hu	id	it	ja	ko	lv	mk	ml	mr	nl	pl	pt	ro	ru	sh	si	simple	sr	sv	te	vi	war	zh
arz	1.0	1.0	0.0	0.0	1.0	1.0	1.0	0.7584325078215763	1.0	0.0	1.0	0.0	1.0	1.0	1.0	1.0	1.0	1.0	1.0	0.0	0.0	0.7690990303325336	1.0	1.0	1.0	1.0	1.0	0.0	1.0	1.0	1.0	0.0	1.0	0.0	0.7584325078215763
bs	1.0	1.0	0.0	1.0	0.7863954451402115	0.7863954451402115	0.672370045633007	0.4879028432889167	0.5331921365020035	0.0	0.7509407156957146	1.0	0.8216064286890065	0.577926648694909	0.5491515759006366	0.672370045633007	0.7863954451402115	1.0	0.672370045633007	1.0	1.0	0.7863954451402115	0.38193111658023493	0.6426082293396091	0.6990252324829029	0.571041924719437	0.7863954451402115	1.0	0.672370045633007	0.672370045633007	0.7863954451402115	1.0	0.8216064286890065	0.7863954451402115	0.6606673429064904
ceb	0.0	0.0	1.0	0.0	1.0	1.0	1.0	1.0	1.0	0.0	1.0	0.0	0.0	0.0	1.0	1.0	1.0	1.0	0.0	0.0	0.0	1.0	1.0	1.0	1.0	1.0	1.0	0.0	0.0	0.0	1.0	0.0	1.0	0.0	1.0
ckb	0.0	1.0	0.0	1.0	1.0	1.0	1.0	1.0	1.0	0.0	1.0	1.0	1.0	1.0	1.0	1.0	1.0	1.0	1.0	1.0	1.0	1.0	1.0	1.0	1.0	1.0	1.0	1.0	1.0	1.0	1.0	1.0	1.0	1.0	1.0
da	1.0	0.7863954451402115	1.0	1.0	1.0	0.28829043707499774	0.4545979718420936	0.13060315564269623	0.21695612837240144	0.0	0.34262881613865603	1.0	0.563002637925802	0.440489610679093	0.24355562340652712	0.26321950116915044	0.5188848192311593	0.5256592881187794	1.0	0.4830323961117211	1.0	0.16941059209004658	0.28117437300607656	0.27530544741659896	0.29138135654273667	0.17089939846443486	0.44507748099695893	1.0	0.7234532828151788	0.2983719776155938	0.14493416376053522	1.0	0.37871285429514107	1.0	0.27258072606548966
de	1.0	0.7863954451402115	1.0	1.0	0.28829043707499774	1.0	0.20843847645556612	0.057286283942450285	0.11387366213242171	0.0	0.23860214704530566	0.629896233114065	0.3688968488036582	0.2249337408628675	0.07494496893799248	0.12853942168393123	0.5199337282181373	0.40386454581504894	0.5950659482376812	0.27935735430715164	1.0	0.1075388989963329	0.09358522608607713	0.12907615086624716	0.23767358084740137	0.08071348317832296	0.36885056821621104	1.0	0.5652099812215233	0.43601958396843826	0.15742697205589845	1.0	0.2664157213769896	1.0	0.15311374221199667
el	1.0	0.672370045633007	1.0	1.0	0.4545979718420936	0.20843847645556612	1.0	0.09643738706349872	0.14990558177128321	0.0	0.2709413906375718	1.0	0.5328788145580852	0.2504370729088663	0.14376939043413903	0.2160939944414862	0.3965560206171478	0.41013455640002794	0.7263875964832449	0.4553188900022854	1.0	0.1683083929480185	0.12316468722906962	0.17974943265083018	0.1910665155585253	0.1370362729430518	0.4324878299262389	1.0	0.5874657748838404	0.2965901999546057	0.28696242000713557	1.0	0.3687902049580478	1.0	0.20471005186292757
en	0.7584325078215763	0.4879028432889167	1.0	1.0	0.13060315564269623	0.057286283942450285	0.09643738706349872	1.0	0.04518329620731004	0.7199285383279772	0.10982400671458212	0.5462335032561348	0.17567878992142794	0.16980501425934327	0.03309977220758032	0.08763060170353597	0.29438237359516317	0.18754534996135572	0.5094121850174665	0.07751823219870567	1.0	0.04731817787123824	0.04123759199024868	0.049429360661604665	0.10249608700465458	0.043029944720808434	0.16323081736483896	0.7411828468492555	0.24487089420420405	0.17525977867964848	0.07121654788085979	1.0	0.172312355460549	0.6908587525207898	0.07824483749532596
es	1.0	0.5331921365020035	1.0	1.0	0.21695612837240144	0.11387366213242171	0.14990558177128321	0.04518329620731004	1.0	1.0	0.1928348263434752	1.0	0.32609684124661126	0.22881910697039026	0.04385033433560641	0.12442773249967766	0.5473562209312709	0.3673308664152796	0.7134542832283587	0.13162544818741617	1.0	0.07411546674880407	0.052141820089233765	0.07910630765923682	0.2342139255542986	0.06060444623007791	0.3570959803758937	1.0	0.5494406852419113	0.22991014243745478	0.12256848092896584	1.0	0.2734689387832523	1.0	0.11792102013659979
fr	0.0	0.0	0.0	0.0	0.0	0.0	0.0	0.7199285383279772	1.0	1.0	0.0	0.0	0.0	0.0	0.7263875964832448	0.0	0.0	0.0	0.0	0.0	0.0	1.0	1.0	1.0	0.0	1.0	0.0	0.0	0.0	0.0	0.0	0.0	0.0	0.0	1.0
he	1.0	0.7509407156957146	1.0	1.0	0.34262881613865603	0.23860214704530566	0.2709413906375718	0.10982400671458212	0.1928348263434752	0.0	1.0	1.0	0.46466295276678315	0.35475046100434626	0.1675103470075259	0.22342461603378713	0.4714778471410564	0.41402317693435836	0.661251134120194	0.4439548028307933	1.0	0.19846954219110008	0.17155967811071848	0.15937164809929366	0.2225665294619274	0.13387378470903616	0.3245682069731791	1.0	0.6721406984335726	0.26300720631172	0.20582152173686039	1.0	0.30478058045463685	1.0	0.18364408576201574
hi	0.0	1.0	0.0	1.0	1.0	0.629896233114065	1.0	0.5462335032561348	1.0	0.0	1.0	1.0	1.0	0.7690990303325336	1.0	1.0	1.0	1.0	1.0	1.0	1.0	1.0	1.0	1.0	1.0	0.6740515375688697	1.0	1.0	1.0	1.0	1.0	1.0	1.0	1.0	1.0
hu	1.0	0.8216064286890065	0.0	1.0	0.563002637925802	0.3688968488036582	0.5328788145580852	0.17567878992142794	0.32609684124661126	0.0	0.46466295276678315	1.0	1.0	0.5385105003674954	0.3291010444779805	0.3698825029481805	0.6024430681058947	0.6431915320584143	1.0	0.5972181462456895	1.0	0.26726300012977183	0.2891691473202499	0.45195556728657804	0.19504226530939855	0.29983666641138773	0.7210092110599264	1.0	0.7248485669756152	0.6908587525207897	0.37851544004311116	1.0	1.0	1.0	0.4692298067787154
id	1.0	0.577926648694909	0.0	1.0	0.440489610679093	0.2249337408628675	0.2504370729088663	0.16980501425934327	0.22881910697039026	0.0	0.35475046100434626	0.7690990303325336	0.5385105003674954	1.0	0.1749066086967929	0.248164211062462	0.5567468878602383	0.4471612126469186	0.6182702729239058	0.32401363192311033	1.0	0.18507745735674674	0.21558416067833175	0.1991244168070836	0.2884284788253776	0.1910266843971578	0.38468337527403496	0.7584325078215763	0.39434393816865304	0.32260102757901915	0.36105853660323484	1.0	0.24555172260485258	0.7690990303325336	0.24010481899442476
it	1.0	0.5491515759006366	1.0	1.0	0.24355562340652712	0.07494496893799248	0.14376939043413903	0.03309977220758032	0.04385033433560641	0.7263875964832448	0.1675103470075259	1.0	0.3291010444779805	0.1749066086967929	1.0	0.10404213225788578	0.47106508595417684	0.2989312293443573	0.6345279152703018	0.11545091115247666	1.0	0.05742387996432996	0.042021655891112425	0.06264893466466462	0.14672251100911235	0.04461636893801931	0.26669465379317214	1.0	0.42041730374496405	0.20461378397045865	0.11029374142490843	1.0	0.22800531007850744	1.0	0.11937512333870857
ja	1.0	0.672370045633007	1.0	1.0	0.26321950116915044	0.12853942168393123	0.2160939944414862	0.08763060170353597	0.12442773249967766	0.0	0.22342461603378713	1.0	0.3698825029481805	0.248164211062462	0.10404213225788578	1.0	0.3861298921664033	0.2616056613220553	0.5728822100368233	0.25801431487152254	1.0	0.1274833743020097	0.12024983169244294	0.1282861520850342	0.2110630156818451	0.10561516583871039	0.3147045640021504	1.0	0.3944924005862596	0.2534823715396232	0.14187373639437625	1.0	0.28287440165092226	1.0	0.12437624394082551
ko	1.0	0.7863954451402115	1.0	1.0	0.5188848192311593	0.5199337282181373	0.3965560206171478	0.29438237359516317	0.5473562209312709	0.0	0.4714778471410564	1.0	0.6024430681058947	0.5567468878602383	0.47106508595417684	0.3861298921664033	1.0	1.0	1.0	0.7834965055871609	1.0	0.43894716490894686	0.4797255229420803	0.3952735825546629	0.26524693219034534	0.3282763975661612	0.7101264857596847	1.0	1.0	0.2995646717286032	0.5078613347699631	1.0	0.48421036761150144	1.0	0.21316051626330382
lv	1.0	1.0	1.0	1.0	0.5256592881187794	0.40386454581504894	0.41013455640002794	0.18754534996135572	0.3673308664152796	0.0	0.41402317693435836	1.0	0.6431915320584143	0.4471612126469186	0.2989312293443573	0.2616056613220553	1.0	1.0	0.728099120889861	0.6790482717220994	1.0	0.2744872268100102	0.24667701895718339	0.30421748906127877	0.26978051802896674	0.26087487395924197	0.5103974130241068	1.0	0.7189258117174852	0.5936597225568959	0.32485938609397097	1.0	0.5665446450931801	1.0	0.30190428150191395
mk	1.0	0.672370045633007	0.0	1.0	1.0	0.5950659482376812	0.7263875964832449	0.5094121850174665	0.7134542832283587	0.0	0.661251134120194	1.0	1.0	0.6182702729239058	0.6345279152703018	0.5728822100368233	1.0	0.728099120889861	1.0	0.6932102371527455	1.0	0.6082499392575806	1.0	0.38665161957425587	0.2909450446021063	0.5464449520829799	1.0	1.0	1.0	0.606841510952033	0.6568318202362041	1.0	0.6157731712916621	1.0	0.30781143731260685
ml	0.0	1.0	0.0	1.0	0.4830323961117211	0.27935735430715164	0.4553188900022854	0.07751823219870567	0.13162544818741617	0.0	0.4439548028307933	1.0	0.5972181462456895	0.32401363192311033	0.11545091115247666	0.25801431487152254	0.7834965055871609	0.6790482717220994	0.6932102371527455	1.0	1.0	0.17544683680679501	0.1893302015726506	0.18431187966791748	0.27724808380733745	0.12316242334521528	0.43871431791792737	1.0	0.6128447598515699	0.5418383501710535	0.3871688602050742	1.0	0.4313021284755983	0.7690990303325336	0.25444975787188606
mr	0.0	1.0	0.0	1.0	1.0	1.0	1.0	1.0	1.0	0.0	1.0	1.0	1.0	1.0	1.0	1.0	1.0	1.0	1.0	1.0	1.0	1.0	1.0	1.0	0.8216064286890065	1.0	1.0	1.0	1.0	1.0	1.0	1.0	1.0	1.0	1.0
nl	0.7690990303325336	0.7863954451402115	1.0	1.0	0.16941059209004658	0.1075388989963329	0.1683083929480185	0.04731817787123824	0.07411546674880407	1.0	0.19846954219110008	1.0	0.26726300012977183	0.18507745735674674	0.05742387996432996	0.1274833743020097	0.43894716490894686	0.2744872268100102	0.6082499392575806	0.17544683680679501	1.0	1.0	0.06813743673054941	0.11059074806838315	0.20960619194493937	0.06584001369956269	0.32588924670939035	1.0	0.3555125337772996	0.20457131539362453	0.1155325941461071	1.0	0.23427380859400485	0.7455134344225701	0.11923115312790278
pl	1.0	0.38193111658023493	1.0	1.0	0.28117437300607656	0.09358522608607713	0.12316468722906962	0.04123759199024868	0.052141820089233765	1.0	0.17155967811071848	1.0	0.2891691473202499	0.21558416067833175	0.042021655891112425	0.12024983169244294	0.4797255229420803	0.24667701895718339	1.0	0.1893302015726506	1.0	0.06813743673054941	1.0	0.09627744996723726	0.16713452230500417	0.05236351844880361	0.27397240759314206	0.7690990303325336	0.44997854995907377	0.21196648792865555	0.1367245522081604	1.0	0.2324173568926011	1.0	0.12005034085232089
pt	1.0	0.6426082293396091	1.0	1.0	0.27530544741659896	0.12907615086624716	0.17974943265083018	0.049429360661604665	0.07910630765923682	1.0	0.15937164809929366	1.0	0.45195556728657804	0.1991244168070836	0.06264893466466462	0.1282861520850342	0.3952735825546629	0.30421748906127877	0.38665161957425587	0.18431187966791748	1.0	0.11059074806838315	0.09627744996723726	1.0	0.21779954012978328	0.0704395812940749	0.27220285395204646	1.0	0.4542432850666578	0.20752451224902782	0.16668378900793804	1.0	0.21979242560000803	1.0	0.12807311800320142
ro	1.0	0.6990252324829029	1.0	1.0	0.29138135654273667	0.23767358084740137	0.1910665155585253	0.10249608700465458	0.2342139255542986	0.0	0.2225665294619274	1.0	0.19504226530939855	0.2884284788253776	0.14672251100911235	0.2110630156818451	0.26524693219034534	0.26978051802896674	0.2909450446021063	0.27724808380733745	0.8216064286890065	0.20960619194493937	0.16713452230500417	0.21779954012978328	1.0	0.17318474029509853	0.28522173654901084	1.0	0.26022301754712945	0.1918516496845395	0.23125919124827143	1.0	0.21408720691474165	0.7863954451402115	0.17373047158188215
ru	1.0	0.571041924719437	1.0	1.0	0.17089939846443486	0.08071348317832296	0.1370362729430518	0.043029944720808434	0.06060444623007791	1.0	0.13387378470903616	0.6740515375688697	0.29983666641138773	0.1910266843971578	0.04461636893801931	0.10561516583871039	0.3282763975661612	0.26087487395924197	0.5464449520829799	0.12316242334521528	1.0	0.06584001369956269	0.05236351844880361	0.0704395812940749	0.17318474029509853	1.0	0.21890187816274206	1.0	0.3780283480233494	0.22145323453945812	0.10598379449170381	1.0	0.2102860697200064	1.0	0.12054079021861763
sh	1.0	0.7863954451402115	1.0	1.0	0.44507748099695893	0.36885056821621104	0.4324878299262389	0.16323081736483896	0.3570959803758937	0.0	0.3245682069731791	1.0	0.7210092110599264	0.38468337527403496	0.26669465379317214	0.3147045640021504	0.7101264857596847	0.5103974130241068	1.0	0.43871431791792737	1.0	0.32588924670939035	0.27397240759314206	0.27220285395204646	0.28522173654901084	0.21890187816274206	1.0	1.0	0.7199285383279771	0.38701187425475314	0.39217622588778245	1.0	0.42143254350949627	1.0	0.24517927554492078
si	0.0	1.0	0.0	1.0	1.0	1.0	1.0	0.7411828468492555	1.0	0.0	1.0	1.0	1.0	0.7584325078215763	1.0	1.0	1.0	1.0	1.0	1.0	1.0	1.0	0.7690990303325336	1.0	1.0	1.0	1.0	1.0	1.0	0.7863954451402115	1.0	1.0	1.0	1.0	1.0
simple	1.0	0.672370045633007	0.0	1.0	0.7234532828151788	0.5652099812215233	0.5874657748838404	0.24487089420420405	0.5494406852419113	0.0	0.6721406984335726	1.0	0.7248485669756152	0.39434393816865304	0.42041730374496405	0.3944924005862596	1.0	0.7189258117174852	1.0	0.6128447598515699	1.0	0.3555125337772996	0.44997854995907377	0.4542432850666578	0.26022301754712945	0.3780283480233494	0.7199285383279771	1.0	1.0	0.6357637595949256	0.615629848273166	1.0	0.6221982196391783	1.0	0.3727007531193664
sr	1.0	0.672370045633007	0.0	1.0	0.2983719776155938	0.43601958396843826	0.2965901999546057	0.17525977867964848	0.22991014243745478	0.0	0.26300720631172	1.0	0.6908587525207897	0.32260102757901915	0.20461378397045865	0.2534823715396232	0.2995646717286032	0.5936597225568959	0.606841510952033	0.5418383501710535	1.0	0.20457131539362453	0.21196648792865555	0.20752451224902782	0.1918516496845395	0.22145323453945812	0.38701187425475314	0.7863954451402115	0.6357637595949256	1.0	0.5369225329455698	0.8216064286890065	0.5438746029481685	0.7584325078215763	0.2287447582845715
sv	1.0	0.7863954451402115	1.0	1.0	0.14493416376053522	0.15742697205589845	0.28696242000713557	0.07121654788085979	0.12256848092896584	0.0	0.20582152173686039	1.0	0.37851544004311116	0.36105853660323484	0.11029374142490843	0.14187373639437625	0.5078613347699631	0.32485938609397097	0.6568318202362041	0.3871688602050742	1.0	0.1155325941461071	0.1367245522081604	0.16668378900793804	0.23125919124827143	0.10598379449170381	0.39217622588778245	1.0	0.615629848273166	0.5369225329455698	1.0	1.0	0.43257888572499853	1.0	0.1664155583139735
te	0.0	1.0	0.0	1.0	1.0	1.0	1.0	1.0	1.0	0.0	1.0	1.0	1.0	1.0	1.0	1.0	1.0	1.0	1.0	1.0	1.0	1.0	1.0	1.0	1.0	1.0	1.0	1.0	1.0	0.8216064286890065	1.0	1.0	1.0	1.0	1.0
vi	1.0	0.8216064286890065	1.0	1.0	0.37871285429514107	0.2664157213769896	0.3687902049580478	0.172312355460549	0.2734689387832523	0.0	0.30478058045463685	1.0	1.0	0.24555172260485258	0.22800531007850744	0.28287440165092226	0.48421036761150144	0.5665446450931801	0.6157731712916621	0.4313021284755983	1.0	0.23427380859400485	0.2324173568926011	0.21979242560000803	0.21408720691474165	0.2102860697200064	0.42143254350949627	1.0	0.6221982196391783	0.5438746029481685	0.43257888572499853	1.0	1.0	0.7584325078215765	0.20018709313122973
war	0.0	0.7863954451402115	0.0	1.0	1.0	1.0	1.0	0.6908587525207898	1.0	0.0	1.0	1.0	1.0	0.7690990303325336	1.0	1.0	1.0	1.0	1.0	0.7690990303325336	1.0	0.7455134344225701	1.0	1.0	0.7863954451402115	1.0	1.0	1.0	1.0	0.7584325078215763	1.0	1.0	0.7584325078215765	1.0	1.0
zh	0.7584325078215763	0.6606673429064904	1.0	1.0	0.27258072606548966	0.15311374221199667	0.20471005186292757	0.07824483749532596	0.11792102013659979	1.0	0.18364408576201574	1.0	0.4692298067787154	0.24010481899442476	0.11937512333870857	0.12437624394082551	0.21316051626330382	0.30190428150191395	0.30781143731260685	0.25444975787188606	1.0	0.11923115312790278	0.12005034085232089	0.12807311800320142	0.17373047158188215	0.12054079021861763	0.24517927554492078	1.0	0.3727007531193664	0.2287447582845715	0.1664155583139735	1.0	0.20018709313122973	1.0	1.0
