arz	bs	ceb	ckb	da	de	el	en	es	fr	he	hi	hu	id	it	ja	ko	lv	mk	ml	mr	nl	pl	pt	ro	ru	sh	si	simple	sr	sv	te	vi	war	zh
arz	1.0	0.0	0.0	0.0	1.0	1.0	1.0	1.0	1.0	1.0	1.0	1.0	1.0	1.0	1.0	1.0	1.0	1.0	0.0	1.0	0.0	1.0	1.0	1.0	1.0	1.0	1.0	0.0	1.0	1.0	1.0	0.0	1.0	0.0	1.0
bs	0.0	1.0	1.0	1.0	1.0	0.612612409469375	0.7411828468492556	0.610966740925758	0.7248485669756151	0.612612409469375	0.7322034805959263	1.0	1.0	0.6189014223491325	0.6144532717435797	0.616531178706057	0.7347168825662656	1.0	1.0	1.0	1.0	0.610966740925758	0.728099120889861	0.616531178706057	0.7322034805959263	0.610966740925758	1.0	1.0	1.0	0.7347168825662656	0.616531178706057	0.0	0.7411828468492556	0.7863954451402115	0.7263875964832448
ceb	0.0	1.0	1.0	0.0	0.0	1.0	1.0	1.0	1.0	1.0	1.0	0.0	0.0	1.0	1.0	1.0	1.0	0.0	0.0	0.0	0.0	1.0	1.0	1.0	1.0	1.0	0.0	0.0	0.0	1.0	1.0	0.0	1.0	0.0	1.0
ckb	0.0	1.0	0.0	1.0	1.0	1.0	1.0	1.0	1.0	1.0	1.0	1.0	1.0	1.0	1.0	1.0	1.0	1.0	1.0	1.0	1.0	1.0	1.0	1.0	1.0	1.0	1.0	1.0	1.0	1.0	1.0	0.0	1.0	1.0	1.0
da	1.0	1.0	0.0	1.0	1.0	0.5444014872945863	0.7263875964832448	0.5248288611283027	0.6364353709769036	0.7087564131141618	0.7171176902274348	0.7376607345031153	0.7199285383279772	0.7155258672934656	0.7101264857596847	0.7128329397683223	1.0	1.0	1.0	1.0	1.0	0.6377047307628825	0.6313252570397847	0.6383829424521854	1.0	0.7096516635440988	1.0	1.0	1.0	1.0	0.582768840582441	0.0	0.7199285383279773	0.7863954451402115	1.0
de	1.0	0.612612409469375	1.0	1.0	0.5444014872945863	1.0	1.0	0.2399010927421754	0.3386178646547744	0.36088377356303947	0.6274491802528726	1.0	1.0	0.5254522804504554	0.34756285670406006	0.5903767938654266	0.6260089247738754	1.0	1.0	1.0	1.0	0.38273413250981303	0.425414006594526	0.34780608597765283	0.6323879565029841	0.4155154015797259	0.5977755651747494	1.0	0.712832939768322	0.7101264857596847	0.42304132289240287	1.0	0.7075325319701224	0.7690990303325336	0.7416000267431755
el	1.0	0.7411828468492556	1.0	1.0	0.7263875964832448	1.0	1.0	0.7075325319701223	1.0	1.0	1.0	1.0	1.0	1.0	1.0	1.0	1.0	1.0	1.0	1.0	1.0	0.7141080454298698	1.0	1.0	1.0	1.0	1.0	1.0	1.0	1.0	0.7171176902274347	0.0	1.0	0.7690990303325336	1.0
en	1.0	0.610966740925758	1.0	1.0	0.5248288611283027	0.2399010927421754	0.7075325319701223	1.0	0.22922510305076255	0.23872562347334833	0.45412887901784577	0.7147973711694585	0.6327182690882293	0.3466819974994689	0.24535648143139638	0.4231245511167486	0.5182661882393467	1.0	1.0	1.0	1.0	0.3426506508597531	0.3593245356875007	0.27889745079357503	0.6577248380671775	0.3346299055266401	0.5513819809868914	1.0	0.635840094314478	0.7491494547543693	0.3513245288506098	1.0	0.5253229305258962	0.7690990303325336	0.4277054599012029
es	1.0	0.7248485669756151	1.0	1.0	0.6364353709769036	0.3386178646547744	1.0	0.22922510305076255	1.0	0.34207040362967495	0.5898000500704543	1.0	0.7087564131141616	0.5005794438341423	0.405281781206078	0.6217828714482421	0.7006662075775384	1.0	1.0	1.0	1.0	0.48555054161196204	0.4185377525021687	0.4021935059474317	0.7101264857596846	0.5095502157571935	0.5958243804128452	1.0	0.7122412578101112	1.0	0.48824715086225046	1.0	1.0	0.7690990303325336	0.5414537053038793
fr	1.0	0.612612409469375	1.0	1.0	0.7087564131141618	0.36088377356303947	1.0	0.23872562347334833	0.34207040362967495	1.0	0.5829952287296837	1.0	0.7101264857596848	0.40347130444642976	0.33469643929009724	0.4940390465544407	0.500133504316137	1.0	1.0	1.0	1.0	0.4151156066405375	0.4248865457558161	0.3639025613506375	0.585253253185011	0.47644440466446525	0.5988341345139977	1.0	0.6314395498907663	1.0	0.4695479563476606	1.0	0.7091953875376779	0.7690990303325336	0.47616981463811264
he	1.0	0.7322034805959263	1.0	1.0	0.7171176902274348	0.6274491802528726	1.0	0.45412887901784577	0.5898000500704543	0.5829952287296837	1.0	1.0	1.0	1.0	0.6341911409180058	1.0	1.0	1.0	1.0	1.0	1.0	1.0	0.7075325319701226	0.5872806911783577	1.0	1.0	0.7221793916855703	1.0	0.7199285383279773	1.0	0.7075325319701224	0.0	1.0	0.7863954451402115	1.0
hi	1.0	1.0	0.0	1.0	0.7376607345031153	1.0	1.0	0.7147973711694585	1.0	1.0	1.0	1.0	1.0	1.0	1.0	1.0	1.0	1.0	1.0	1.0	1.0	1.0	0.7248485669756152	1.0	1.0	1.0	1.0	1.0	1.0	1.0	1.0	0.0	1.0	1.0	1.0
hu	1.0	1.0	0.0	1.0	0.7199285383279772	1.0	1.0	0.6327182690882293	0.7087564131141616	0.7101264857596848	1.0	1.0	1.0	0.7155258672934657	0.7101264857596848	0.7134542832283588	0.7134542832283586	1.0	1.0	1.0	1.0	1.0	1.0	0.7111374370280844	1.0	1.0	0.7221793916855703	1.0	0.728099120889861	1.0	0.6317599454999943	0.0	0.7248485669756152	0.7690990303325336	0.7116768074483945
id	1.0	0.6189014223491325	1.0	1.0	0.7155258672934656	0.5254522804504554	1.0	0.3466819974994689	0.5005794438341423	0.40347130444642976	1.0	1.0	0.7155258672934657	1.0	0.525392959993972	0.6322610359138846	0.5890337101170956	1.0	1.0	1.0	1.0	0.5785693372103905	0.7051132249825859	0.5776369760182947	1.0	0.5485711922098868	0.6452450558286369	1.0	0.7162976956558117	1.0	0.5872806911783577	0.0	1.0	0.7690990303325336	0.5911450055830162
it	1.0	0.6144532717435797	1.0	1.0	0.7101264857596847	0.34756285670406006	1.0	0.24535648143139638	0.405281781206078	0.33469643929009724	0.6341911409180058	1.0	0.7101264857596848	0.525392959993972	1.0	0.5565440463915753	0.5975592557435517	1.0	1.0	1.0	1.0	0.4206373168330319	0.5133449659693979	0.3921535239937135	0.6328903638342454	0.46280598644217935	0.5572429854535734	1.0	0.5541564949918943	0.7111374370280844	0.4925779822621117	1.0	1.0	0.7690990303325336	0.5580853047639256
ja	1.0	0.616531178706057	1.0	1.0	0.7128329397683223	0.5903767938654266	1.0	0.4231245511167486	0.6217828714482421	0.4940390465544407	1.0	1.0	0.7134542832283588	0.6322610359138846	0.5565440463915753	1.0	1.0	1.0	1.0	1.0	1.0	0.5448697998109371	0.626851635938599	0.5784924135590312	1.0	1.0	0.7179915061657697	1.0	0.6475250169846577	1.0	0.5254990811839202	1.0	1.0	0.7690990303325336	1.0
ko	1.0	0.7347168825662656	1.0	1.0	1.0	0.6260089247738754	1.0	0.5182661882393467	0.7006662075775384	0.500133504316137	1.0	1.0	0.7134542832283586	0.5890337101170956	0.5975592557435517	1.0	1.0	1.0	1.0	1.0	1.0	1.0	1.0	0.5494406852419114	1.0	1.0	1.0	1.0	1.0	1.0	0.6331916763644949	1.0	1.0	0.7690990303325336	1.0
lv	1.0	1.0	0.0	1.0	1.0	1.0	1.0	1.0	1.0	1.0	1.0	1.0	1.0	1.0	1.0	1.0	1.0	1.0	1.0	1.0	1.0	1.0	1.0	1.0	1.0	1.0	1.0	1.0	0.7455134344225701	1.0	1.0	0.0	1.0	0.7690990303325336	1.0
mk	0.0	1.0	0.0	1.0	1.0	1.0	1.0	1.0	1.0	1.0	1.0	1.0	1.0	1.0	1.0	1.0	1.0	1.0	1.0	1.0	1.0	1.0	1.0	1.0	1.0	1.0	1.0	1.0	1.0	1.0	1.0	0.0	1.0	0.7863954451402115	1.0
ml	1.0	1.0	0.0	1.0	1.0	1.0	1.0	1.0	1.0	1.0	1.0	1.0	1.0	1.0	1.0	1.0	1.0	1.0	1.0	1.0	1.0	1.0	1.0	1.0	1.0	1.0	1.0	1.0	1.0	1.0	1.0	0.0	1.0	1.0	1.0
mr	0.0	1.0	0.0	1.0	1.0	1.0	1.0	1.0	1.0	1.0	1.0	1.0	1.0	1.0	1.0	1.0	1.0	1.0	1.0	1.0	1.0	1.0	1.0	1.0	1.0	1.0	1.0	1.0	1.0	1.0	1.0	0.0	1.0	0.8216064286890065	1.0
nl	1.0	0.610966740925758	1.0	1.0	0.6377047307628825	0.38273413250981303	0.7141080454298698	0.3426506508597531	0.48555054161196204	0.4151156066405375	1.0	1.0	1.0	0.5785693372103905	0.4206373168330319	0.5448697998109371	1.0	1.0	1.0	1.0	1.0	1.0	0.5389718333433731	0.5393004547552355	0.7116768074483948	0.5741244469205399	0.6432357517002909	1.0	0.5887701885684132	1.0	0.5159832212568136	0.0	1.0	0.7690990303325336	1.0
pl	1.0	0.728099120889861	1.0	1.0	0.6313252570397847	0.425414006594526	1.0	0.3593245356875007	0.4185377525021687	0.4248865457558161	0.7075325319701226	0.7248485669756152	1.0	0.7051132249825859	0.5133449659693979	0.626851635938599	1.0	1.0	1.0	1.0	1.0	0.5389718333433731	1.0	0.4603580916711045	0.7106212328351244	0.6973656372342565	0.6398385892358056	1.0	0.7171176902274345	0.7101264857596847	0.6230165187498616	1.0	1.0	0.7690990303325336	0.7019395434758626
pt	1.0	0.616531178706057	1.0	1.0	0.6383829424521854	0.34780608597765283	1.0	0.27889745079357503	0.4021935059474317	0.3639025613506375	0.5872806911783577	1.0	0.7111374370280844	0.5776369760182947	0.3921535239937135	0.5784924135590312	0.5494406852419114	1.0	1.0	1.0	1.0	0.5393004547552355	0.4603580916711045	1.0	0.6334134137277927	0.43522289686786125	0.6345279152703018	1.0	0.7141080454298698	0.7091953875376782	0.4895411967478175	1.0	1.0	0.7690990303325336	0.5211017649627876
ro	1.0	0.7322034805959263	1.0	1.0	1.0	0.6323879565029841	1.0	0.6577248380671775	0.7101264857596846	0.585253253185011	1.0	1.0	1.0	1.0	0.6328903638342454	1.0	1.0	1.0	1.0	1.0	1.0	0.7116768074483948	0.7106212328351244	0.6334134137277927	1.0	0.7096516635440981	0.651610424238932	1.0	0.7300208629885034	1.0	0.7134542832283587	1.0	1.0	0.7690990303325336	1.0
ru	1.0	0.610966740925758	1.0	1.0	0.7096516635440988	0.4155154015797259	1.0	0.3346299055266401	0.5095502157571935	0.47644440466446525	1.0	1.0	1.0	0.5485711922098868	0.46280598644217935	1.0	1.0	1.0	1.0	1.0	1.0	0.5741244469205399	0.6973656372342565	0.43522289686786125	0.7096516635440981	1.0	0.6406217872018793	1.0	0.7128329397683218	1.0	0.6242557295398938	1.0	1.0	0.7690990303325336	1.0
sh	1.0	1.0	0.0	1.0	1.0	0.5977755651747494	1.0	0.5513819809868914	0.5958243804128452	0.5988341345139977	0.7221793916855703	1.0	0.7221793916855703	0.6452450558286369	0.5572429854535734	0.7179915061657697	1.0	1.0	1.0	1.0	1.0	0.6432357517002909	0.6398385892358056	0.6345279152703018	0.651610424238932	0.6406217872018793	1.0	1.0	1.0	0.7162976956558117	0.7141080454298697	0.0	0.7248485669756152	0.7690990303325336	0.7171176902274348
si	0.0	1.0	0.0	1.0	1.0	1.0	1.0	1.0	1.0	1.0	1.0	1.0	1.0	1.0	1.0	1.0	1.0	1.0	1.0	1.0	1.0	1.0	1.0	1.0	1.0	1.0	1.0	1.0	1.0	1.0	1.0	0.0	1.0	1.0	1.0
simple	1.0	1.0	0.0	1.0	1.0	0.712832939768322	1.0	0.635840094314478	0.7122412578101112	0.6314395498907663	0.7199285383279773	1.0	0.728099120889861	0.7162976956558117	0.5541564949918943	0.6475250169846577	1.0	0.7455134344225701	1.0	1.0	1.0	0.5887701885684132	0.7171176902274345	0.7141080454298698	0.7300208629885034	0.7128329397683218	1.0	1.0	1.0	1.0	0.718925811717485	0.0	1.0	0.7863954451402115	0.7179915061657695
sr	1.0	0.7347168825662656	1.0	1.0	1.0	0.7101264857596847	1.0	0.7491494547543693	1.0	1.0	1.0	1.0	1.0	1.0	0.7111374370280844	1.0	1.0	1.0	1.0	1.0	1.0	1.0	0.7101264857596847	0.7091953875376782	1.0	1.0	0.7162976956558117	1.0	1.0	1.0	1.0	1.0	1.0	0.7690990303325336	1.0
sv	1.0	0.616531178706057	1.0	1.0	0.582768840582441	0.42304132289240287	0.7171176902274347	0.3513245288506098	0.48824715086225046	0.4695479563476606	0.7075325319701224	1.0	0.6317599454999943	0.5872806911783577	0.4925779822621117	0.5254990811839202	0.6331916763644949	1.0	1.0	1.0	1.0	0.5159832212568136	0.6230165187498616	0.4895411967478175	0.7134542832283587	0.6242557295398938	0.7141080454298697	1.0	0.718925811717485	1.0	1.0	1.0	1.0	0.7690990303325336	0.7036693256036723
te	0.0	0.0	0.0	0.0	0.0	1.0	0.0	1.0	1.0	1.0	0.0	0.0	0.0	0.0	1.0	1.0	1.0	0.0	0.0	0.0	0.0	0.0	1.0	1.0	1.0	1.0	0.0	0.0	0.0	1.0	1.0	1.0	0.0	0.0	1.0
vi	1.0	0.7411828468492556	1.0	1.0	0.7199285383279773	0.7075325319701224	1.0	0.5253229305258962	1.0	0.7091953875376779	1.0	1.0	0.7248485669756152	1.0	1.0	1.0	1.0	1.0	1.0	1.0	1.0	1.0	1.0	1.0	1.0	1.0	0.7248485669756152	1.0	1.0	1.0	1.0	0.0	1.0	0.7690990303325336	1.0
war	0.0	0.7863954451402115	0.0	1.0	0.7863954451402115	0.7690990303325336	0.7690990303325336	0.7690990303325336	0.7690990303325336	0.7690990303325336	0.7863954451402115	1.0	0.7690990303325336	0.7690990303325336	0.7690990303325336	0.7690990303325336	0.7690990303325336	0.7690990303325336	0.7863954451402115	1.0	0.8216064286890065	0.7690990303325336	0.7690990303325336	0.7690990303325336	0.7690990303325336	0.7690990303325336	0.7690990303325336	1.0	0.7863954451402115	0.7690990303325336	0.7690990303325336	0.0	0.7690990303325336	1.0	0.7690990303325336
zh	1.0	0.7263875964832448	1.0	1.0	1.0	0.7416000267431755	1.0	0.4277054599012029	0.5414537053038793	0.47616981463811264	1.0	1.0	0.7116768074483945	0.5911450055830162	0.5580853047639256	1.0	1.0	1.0	1.0	1.0	1.0	1.0	0.7019395434758626	0.5211017649627876	1.0	1.0	0.7171176902274348	1.0	0.7179915061657695	1.0	0.7036693256036723	1.0	1.0	0.7690990303325336	1.0
