arz	bs	ceb	ckb	da	de	el	en	es	fr	he	hi	hu	id	it	ja	ko	lv	mk	ml	mr	nl	pl	pt	ro	ru	sh	si	simple	sr	sv	te	tr	vi	war	zh
arz	1.0	1.0	0.0	1.0	1.0	1.0	1.0	1.0	1.0	1.0	1.0	1.0	1.0	1.0	1.0	1.0	1.0	1.0	1.0	1.0	1.0	1.0	1.0	1.0	1.0	1.0	1.0	1.0	1.0	1.0	1.0	1.0	1.0	1.0	1.0	1.0
bs	1.0	1.0	1.0	0.353889367864523	0.3726822671238253	0.3380788308512194	0.585786437626905	0.353889367864523	0.353889367864523	0.3380788308512194	0.585786437626905	0.39564392373896007	0.5	0.35388936786452296	0.39564392373896007	0.353889367864523	0.353889367864523	0.585786437626905	0.585786437626905	0.585786437626905	0.585786437626905	0.3380788308512194	0.39564392373896007	0.3380788308512194	0.3380788308512194	0.39564392373896007	0.3413283892770492	1.0	0.5	0.39564392373896007	0.3380788308512194	1.0	0.3380788308512194	0.353889367864523	0.5	0.353889367864523
ceb	0.0	1.0	1.0	0.0	1.0	1.0	0.0	1.0	1.0	1.0	1.0	1.0	1.0	1.0	1.0	1.0	1.0	1.0	1.0	1.0	0.0	1.0	1.0	1.0	1.0	1.0	1.0	1.0	1.0	1.0	1.0	0.0	-1.0	1.0	1.0	1.0
ckb	1.0	0.353889367864523	0.0	1.0	0.585786437626905	0.585786437626905	1.0	0.585786437626905	1.0	0.585786437626905	1.0	1.0	1.0	0.5	0.585786437626905	1.0	1.0	1.0	1.0	1.0	1.0	0.585786437626905	1.0	0.585786437626905	0.585786437626905	1.0	0.3090169943749474	1.0	1.0	0.585786437626905	0.585786437626905	1.0	0.5	1.0	0.585786437626905	1.0
da	1.0	0.3726822671238253	1.0	0.585786437626905	1.0	0.31451985913875646	0.585786437626905	0.31451985913875646	0.31451985913875646	0.3266316347104093	0.3266316347104093	0.585786437626905	0.39564392373896007	0.44948974278317805	0.3266316347104093	0.3483314773547883	0.3483314773547883	0.585786437626905	0.585786437626905	0.585786437626905	0.585786437626905	0.44948974278317805	0.3483314773547883	0.31451985913875646	0.40453726661826384	0.3266316347104093	0.3380788308512194	1.0	0.585786437626905	0.49851311685382416	0.35388936786452296	1.0	0.5	0.4364916731037085	0.5	0.3483314773547883
de	1.0	0.3380788308512194	1.0	0.585786437626905	0.31451985913875646	1.0	0.585786437626905	0.12253889499560386	0.1987625491245426	0.16244571072648886	0.32449979983983984	0.44948974278317805	0.38742588672279304	0.32881309020609956	0.11826143182266445	0.1876127897984334	0.3203772410170407	1.0	1.0	1.0	1.0	0.12481442192361682	0.22646721143623746	0.17983341921194707	0.5	0.14794976728674605	0.31604160750540605	1.0	0.3726822671238253	0.4142135623730951	0.34833147735478825	1.0	0.3660254037844386	0.44948974278317805	0.585786437626905	0.2372732414640341
el	1.0	0.585786437626905	0.0	1.0	0.585786437626905	0.585786437626905	1.0	0.585786437626905	1.0	1.0	1.0	1.0	1.0	0.585786437626905	0.44948974278317805	1.0	1.0	1.0	1.0	1.0	1.0	1.0	0.585786437626905	0.4364916731037085	1.0	1.0	0.353889367864523	1.0	1.0	0.585786437626905	0.585786437626905	1.0	0.5	1.0	0.585786437626905	1.0
en	1.0	0.353889367864523	1.0	0.585786437626905	0.31451985913875646	0.12253889499560386	0.585786437626905	1.0	0.14331295026072854	0.13143927813749226	0.3430703308172536	0.5	0.4142135623730951	0.3430703308172536	0.0874451161196293	0.22901628833426058	0.24660605559646726	1.0	1.0	1.0	1.0	0.09953997615149236	0.21498516621900873	0.17866393388158028	0.4364916731037085	0.1680743603534397	0.3090169943749474	1.0	0.3726822671238253	0.44948974278317805	0.21912016549069163	1.0	0.3660254037844386	0.585786437626905	0.585786437626905	0.21712927295533244
es	1.0	0.353889367864523	1.0	1.0	0.31451985913875646	0.1987625491245426	1.0	0.14331295026072854	1.0	0.24660605559646726	0.44948974278317805	1.0	0.44948974278317805	0.3430703308172536	0.21822796141133347	0.44948974278317805	0.36602540378443865	1.0	1.0	1.0	1.0	0.16666666666666666	0.3660254037844386	0.3021694792519622	0.4364916731037085	0.32449979983983984	0.3333333333333333	1.0	0.40453726661826384	0.5	0.2958163163244893	1.0	0.4142135623730951	1.0	0.585786437626905	0.44948974278317805
fr	1.0	0.3380788308512194	1.0	0.585786437626905	0.3266316347104093	0.16244571072648886	1.0	0.13143927813749226	0.24660605559646726	1.0	0.44948974278317805	1.0	0.44948974278317805	0.32449979983983984	0.1394735345528756	0.27429188517743175	0.2958163163244893	1.0	1.0	1.0	1.0	0.16223290110168398	0.28172904669025317	0.2240092377397959	0.40453726661826384	0.3660254037844386	0.2989350844248255	1.0	0.3726822671238253	0.44948974278317805	0.31264808514230086	1.0	0.34833147735478825	0.585786437626905	0.585786437626905	0.28436465220442186
he	1.0	0.585786437626905	1.0	1.0	0.3266316347104093	0.32449979983983984	1.0	0.3430703308172536	0.44948974278317805	0.44948974278317805	1.0	1.0	0.585786437626905	0.44948974278317805	0.21979723016032493	1.0	1.0	1.0	1.0	1.0	1.0	0.3333333333333333	0.44948974278317805	0.36602540378443865	1.0	1.0	0.39564392373896007	1.0	0.39564392373896007	0.585786437626905	0.44948974278317805	1.0	0.5	1.0	0.585786437626905	1.0
hi	1.0	0.39564392373896007	1.0	1.0	0.585786437626905	0.44948974278317805	1.0	0.5	1.0	1.0	1.0	1.0	1.0	0.5	0.44948974278317805	1.0	1.0	1.0	1.0	1.0	1.0	0.35388936786452296	1.0	0.585786437626905	0.585786437626905	1.0	0.32449979983983984	1.0	0.585786437626905	0.585786437626905	0.585786437626905	1.0	0.5	1.0	0.585786437626905	1.0
hu	1.0	0.5	1.0	1.0	0.39564392373896007	0.38742588672279304	1.0	0.4142135623730951	0.44948974278317805	0.44948974278317805	0.585786437626905	1.0	1.0	0.3483314773547883	0.3126480851423008	0.585786437626905	0.585786437626905	1.0	1.0	1.0	1.0	0.3726822671238253	0.5	0.44948974278317805	1.0	0.585786437626905	0.353889367864523	1.0	0.44948974278317805	0.5	0.44948974278317805	1.0	0.5	0.5	0.585786437626905	0.585786437626905
id	1.0	0.35388936786452296	1.0	0.5	0.44948974278317805	0.32881309020609956	0.585786437626905	0.3430703308172536	0.3430703308172536	0.32449979983983984	0.44948974278317805	0.5	0.3483314773547883	1.0	0.28989794855663564	0.3430703308172536	0.3430703308172536	0.585786437626905	0.585786437626905	0.585786437626905	1.0	0.3430703308172536	0.31264808514230086	0.28989794855663564	0.44948974278317805	0.4142135623730951	0.3021694792519622	1.0	0.5	0.44948974278317805	0.4134900434704663	1.0	0.34833147735478825	0.5	0.5	0.4142135623730951
it	1.0	0.39564392373896007	1.0	0.585786437626905	0.3266316347104093	0.11826143182266445	0.44948974278317805	0.0874451161196293	0.21822796141133347	0.1394735345528756	0.21979723016032493	0.44948974278317805	0.3126480851423008	0.28989794855663564	1.0	0.1346729513762342	0.26533119314590375	0.585786437626905	0.5	1.0	1.0	0.19404996501286384	0.2240092377397959	0.15395007261800345	0.3597752501562547	0.15974667297574374	0.33286679078077314	1.0	0.35388936786452296	0.3164309725825327	0.24336073281110826	1.0	0.3333333333333333	0.5	0.585786437626905	0.1498238584501424
ja	1.0	0.353889367864523	1.0	1.0	0.3483314773547883	0.1876127897984334	1.0	0.22901628833426058	0.44948974278317805	0.27429188517743175	1.0	1.0	0.585786437626905	0.3430703308172536	0.1346729513762342	1.0	1.0	1.0	1.0	1.0	1.0	0.19803190560151412	0.2958163163244893	0.23329952500316292	0.4364916731037085	1.0	0.3090169943749474	1.0	0.39564392373896007	0.5	0.4142135623730951	1.0	0.3660254037844386	1.0	0.585786437626905	1.0
ko	1.0	0.353889367864523	1.0	1.0	0.3483314773547883	0.3203772410170407	1.0	0.24660605559646726	0.36602540378443865	0.2958163163244893	1.0	1.0	0.585786437626905	0.3430703308172536	0.26533119314590375	1.0	1.0	1.0	1.0	1.0	1.0	0.18660549686337075	0.38742588672279304	0.38742588672279304	0.4364916731037085	1.0	0.3090169943749474	1.0	0.39564392373896007	0.5	0.39564392373896007	1.0	0.4142135623730951	1.0	0.585786437626905	1.0
lv	1.0	0.585786437626905	1.0	1.0	0.585786437626905	1.0	1.0	1.0	1.0	1.0	1.0	1.0	1.0	0.585786437626905	0.585786437626905	1.0	1.0	1.0	1.0	1.0	1.0	0.585786437626905	1.0	0.585786437626905	1.0	1.0	0.353889367864523	1.0	1.0	0.585786437626905	0.585786437626905	1.0	0.585786437626905	1.0	0.585786437626905	1.0
mk	1.0	0.585786437626905	1.0	1.0	0.585786437626905	1.0	1.0	1.0	1.0	1.0	1.0	1.0	1.0	0.585786437626905	0.5	1.0	1.0	1.0	1.0	1.0	1.0	0.585786437626905	0.585786437626905	0.585786437626905	1.0	1.0	0.353889367864523	1.0	1.0	0.585786437626905	0.585786437626905	1.0	0.5	1.0	0.585786437626905	1.0
ml	1.0	0.585786437626905	1.0	1.0	0.585786437626905	1.0	1.0	1.0	1.0	1.0	1.0	1.0	1.0	0.585786437626905	1.0	1.0	1.0	1.0	1.0	1.0	1.0	1.0	1.0	0.585786437626905	1.0	1.0	0.39564392373896007	1.0	1.0	1.0	0.585786437626905	1.0	1.0	1.0	0.585786437626905	1.0
mr	1.0	0.585786437626905	0.0	1.0	0.585786437626905	1.0	1.0	1.0	1.0	1.0	1.0	1.0	1.0	1.0	1.0	1.0	1.0	1.0	1.0	1.0	1.0	1.0	1.0	1.0	1.0	1.0	0.585786437626905	1.0	1.0	1.0	1.0	1.0	1.0	1.0	1.0	1.0
nl	1.0	0.3380788308512194	1.0	0.585786437626905	0.44948974278317805	0.12481442192361682	1.0	0.09953997615149236	0.16666666666666666	0.16223290110168398	0.3333333333333333	0.35388936786452296	0.3726822671238253	0.3430703308172536	0.19404996501286384	0.19803190560151412	0.18660549686337075	0.585786437626905	0.585786437626905	1.0	1.0	1.0	0.34833147735478825	0.17253779651421453	0.353889367864523	0.23166247903554	0.2989350844248255	1.0	0.3333333333333333	0.5	0.22547340809847535	1.0	0.28989794855663564	0.3483314773547883	0.585786437626905	0.20521309615767264
pl	1.0	0.39564392373896007	1.0	1.0	0.3483314773547883	0.22646721143623746	0.585786437626905	0.21498516621900873	0.3660254037844386	0.28172904669025317	0.44948974278317805	1.0	0.5	0.31264808514230086	0.2240092377397959	0.2958163163244893	0.38742588672279304	1.0	0.585786437626905	1.0	1.0	0.34833147735478825	1.0	0.2612038749637414	0.40453726661826384	0.3090169943749474	0.32449979983983984	1.0	0.39564392373896007	0.44948974278317805	0.353889367864523	1.0	0.4142135623730951	0.585786437626905	0.585786437626905	0.39564392373896007
pt	1.0	0.3380788308512194	1.0	0.585786437626905	0.31451985913875646	0.17983341921194707	0.4364916731037085	0.17866393388158028	0.3021694792519622	0.2240092377397959	0.36602540378443865	0.585786437626905	0.44948974278317805	0.28989794855663564	0.15395007261800345	0.23329952500316292	0.38742588672279304	0.585786437626905	0.585786437626905	0.585786437626905	1.0	0.17253779651421453	0.2612038749637414	1.0	0.353889367864523	0.28436465220442186	0.2989350844248255	1.0	0.3726822671238253	0.4142135623730951	0.27429188517743175	1.0	0.3021694792519622	0.5	0.5	0.28989794855663564
ro	1.0	0.3380788308512194	1.0	0.585786437626905	0.40453726661826384	0.5	1.0	0.4364916731037085	0.4364916731037085	0.40453726661826384	1.0	0.585786437626905	1.0	0.44948974278317805	0.3597752501562547	0.4364916731037085	0.4364916731037085	1.0	1.0	1.0	1.0	0.353889367864523	0.40453726661826384	0.353889367864523	1.0	0.4364916731037085	0.2989350844248255	1.0	1.0	0.3797958971132712	0.44948974278317805	1.0	0.3597752501562547	0.4364916731037085	0.585786437626905	0.4364916731037085
ru	1.0	0.39564392373896007	1.0	1.0	0.3266316347104093	0.14794976728674605	1.0	0.1680743603534397	0.32449979983983984	0.3660254037844386	1.0	1.0	0.585786437626905	0.4142135623730951	0.15974667297574374	1.0	1.0	1.0	1.0	1.0	1.0	0.23166247903554	0.3090169943749474	0.28436465220442186	0.4364916731037085	1.0	0.32449979983983984	1.0	0.39564392373896007	0.5	0.3164309725825327	1.0	0.3660254037844386	1.0	0.585786437626905	1.0
sh	1.0	0.3413283892770492	1.0	0.3090169943749474	0.3380788308512194	0.31604160750540605	0.353889367864523	0.3090169943749474	0.3333333333333333	0.2989350844248255	0.39564392373896007	0.32449979983983984	0.353889367864523	0.3021694792519622	0.33286679078077314	0.3090169943749474	0.3090169943749474	0.353889367864523	0.353889367864523	0.39564392373896007	0.585786437626905	0.2989350844248255	0.32449979983983984	0.2989350844248255	0.2989350844248255	0.32449979983983984	1.0	0.585786437626905	0.3333333333333333	0.31264808514230086	0.2989350844248255	1.0	0.28989794855663564	0.3090169943749474	0.5	0.3090169943749474
si	1.0	1.0	1.0	1.0	1.0	1.0	1.0	1.0	1.0	1.0	1.0	1.0	1.0	1.0	1.0	1.0	1.0	1.0	1.0	1.0	1.0	1.0	1.0	1.0	1.0	1.0	0.585786437626905	1.0	1.0	1.0	0.585786437626905	1.0	1.0	1.0	1.0	1.0
simple	1.0	0.5	1.0	1.0	0.585786437626905	0.3726822671238253	1.0	0.3726822671238253	0.40453726661826384	0.3726822671238253	0.39564392373896007	0.585786437626905	0.44948974278317805	0.5	0.35388936786452296	0.39564392373896007	0.39564392373896007	1.0	1.0	1.0	1.0	0.3333333333333333	0.39564392373896007	0.3726822671238253	1.0	0.39564392373896007	0.3333333333333333	1.0	1.0	0.5	0.40453726661826384	1.0	0.585786437626905	0.585786437626905	0.585786437626905	0.39564392373896007
sr	1.0	0.39564392373896007	1.0	0.585786437626905	0.49851311685382416	0.4142135623730951	0.585786437626905	0.44948974278317805	0.5	0.44948974278317805	0.585786437626905	0.585786437626905	0.5	0.44948974278317805	0.3164309725825327	0.5	0.5	0.585786437626905	0.585786437626905	1.0	1.0	0.5	0.44948974278317805	0.4142135623730951	0.3797958971132712	0.5	0.31264808514230086	1.0	0.5	1.0	0.4142135623730951	1.0	0.4142135623730951	0.5	0.585786437626905	0.5
sv	1.0	0.3380788308512194	1.0	0.585786437626905	0.35388936786452296	0.34833147735478825	0.585786437626905	0.21912016549069163	0.2958163163244893	0.31264808514230086	0.44948974278317805	0.585786437626905	0.44948974278317805	0.4134900434704663	0.24336073281110826	0.4142135623730951	0.39564392373896007	0.585786437626905	0.585786437626905	0.585786437626905	1.0	0.22547340809847535	0.353889367864523	0.27429188517743175	0.44948974278317805	0.3164309725825327	0.2989350844248255	0.585786437626905	0.40453726661826384	0.4142135623730951	1.0	1.0	0.38742588672279304	0.5	0.585786437626905	0.3430703308172536
te	1.0	1.0	0.0	1.0	1.0	1.0	1.0	1.0	1.0	1.0	1.0	1.0	1.0	1.0	1.0	1.0	1.0	1.0	1.0	1.0	1.0	1.0	1.0	1.0	1.0	1.0	1.0	1.0	1.0	1.0	1.0	1.0	1.0	1.0	1.0	1.0
tr	1.0	0.3380788308512194	-1.0	0.5	0.5	0.3660254037844386	0.5	0.3660254037844386	0.4142135623730951	0.34833147735478825	0.5	0.5	0.5	0.34833147735478825	0.3333333333333333	0.3660254037844386	0.4142135623730951	0.585786437626905	0.5	1.0	1.0	0.28989794855663564	0.4142135623730951	0.3021694792519622	0.3597752501562547	0.3660254037844386	0.28989794855663564	1.0	0.585786437626905	0.4142135623730951	0.38742588672279304	1.0	1.0	0.5	0.585786437626905	0.3660254037844386
vi	1.0	0.353889367864523	1.0	1.0	0.4364916731037085	0.44948974278317805	1.0	0.585786437626905	1.0	0.585786437626905	1.0	1.0	0.5	0.5	0.5	1.0	1.0	1.0	1.0	1.0	1.0	0.3483314773547883	0.585786437626905	0.5	0.4364916731037085	1.0	0.3090169943749474	1.0	0.585786437626905	0.5	0.5	1.0	0.5	1.0	0.585786437626905	1.0
war	1.0	0.5	1.0	0.585786437626905	0.5	0.585786437626905	0.585786437626905	0.585786437626905	0.585786437626905	0.585786437626905	0.585786437626905	0.585786437626905	0.585786437626905	0.5	0.585786437626905	0.585786437626905	0.585786437626905	0.585786437626905	0.585786437626905	0.585786437626905	1.0	0.585786437626905	0.585786437626905	0.5	0.585786437626905	0.585786437626905	0.5	1.0	0.585786437626905	0.585786437626905	0.585786437626905	1.0	0.585786437626905	0.585786437626905	1.0	0.585786437626905
zh	1.0	0.353889367864523	1.0	1.0	0.3483314773547883	0.2372732414640341	1.0	0.21712927295533244	0.44948974278317805	0.28436465220442186	1.0	1.0	0.585786437626905	0.4142135623730951	0.1498238584501424	1.0	1.0	1.0	1.0	1.0	1.0	0.20521309615767264	0.39564392373896007	0.28989794855663564	0.4364916731037085	1.0	0.3090169943749474	1.0	0.39564392373896007	0.5	0.3430703308172536	1.0	0.3660254037844386	1.0	0.585786437626905	1.0
