arz	bs	ceb	ckb	da	de	el	en	es	fr	he	hi	hu	id	it	ja	ko	lv	mk	ml	mr	nl	pl	pt	ro	ru	sh	si	simple	sr	sv	te	tr	vi	war	zh
arz	0.0	0.0	0.0	0.0	0.0	0.0	0.0	0.0	0.0	0.0	0.0	0.0	0.0	0.0	0.0	0.0	0.0	0.0	0.0	0.0	0.0	0.0	0.0	0.0	0.0	0.0	0.0	0.0	0.0	0.0	0.0	0.0	0.0	0.0	0.0	0.0
bs	0.0	1.0	0.0	0.0	0.0	0.003470295791042503	0.003156675987416987	0.015125118012905989	0.00011169565168827978	0.05367822773364335	0.0	0.0	0.0025927797675287293	0.0008222313581262014	3.3506075768406e-05	4.4707723259193026e-05	0.0015976905108202213	0.0	0.0	0.0	0.0	0.04331977069562718	0.00216469243786124	0.0014921908677918891	0.009432597735350028	0.0030345700843785136	0.02316766905448109	0.0	0.0	0.014945827581755167	0.00011172934683023843	0.0	0.0	0.0013720001327742063	0.0	0.002147340601255368
ceb	0.0	0.0	0.0	0.0	0.0	0.0	0.0	0.0	0.0	0.0	0.0	0.0	0.0	0.0	0.0	0.0	0.0	0.0	0.0	0.0	0.0	0.0	0.0	0.0	0.0	0.0	0.0	0.0	0.0	0.0	0.0	0.0	-1.0	0.0	0.0	0.0
ckb	0.0	0.0	0.0	0.0	0.0	0.0	0.0	0.0	0.0	0.0	0.0	0.0	0.0	0.0	0.0	0.0	0.0	0.0	0.0	0.0	0.0	0.0	0.0	0.0	0.0	0.0	0.0	0.0	0.0	0.0	0.0	0.0	0.0	0.0	0.0	0.0
da	0.0	0.0	0.0	0.0	0.0	0.0	0.0	0.0	0.0	0.0	0.0	0.0	0.0	0.0	0.0	0.0	0.0	0.0	0.0	0.0	0.0	0.0	0.0	0.0	0.0	0.0	0.0	0.0	0.0	0.0	0.0	0.0	0.0	0.0	0.0	0.0
de	0.0	0.003470295791042503	0.0	0.0	0.0	1.0	0.007893723527146708	0.011029831980797806	0.000682360968952576	0.0030799475753604194	0.0	0.0	0.00627298291152931	0.0037637521713954833	0.00034106412005457026	0.0003487966515521451	0.004208557400046762	0.0	0.0	0.0	0.0	0.0030473511486169714	0.001961639058413252	0.0015022533800701052	0.012590092144877291	0.0009473285335354301	0.0020628104740254274	0.0	0.0	0.002184809150494795	0.0010334137099552187	0.0	0.0	0.00567741935483871	0.0	0.0018219084491004327
el	0.0	0.003156675987416987	0.0	0.0	0.0	0.007893723527146708	1.0	0.02886045819696519	0.003169572107765452	0.005905901938245669	0.0	0.0	0.06835888414174415	0.03967446592065107	0.003169572107765452	0.002438033319788704	0.04818304172274562	0.0	0.0	0.0	0.0	0.0031109098426824705	0.0023889154323936935	0.00027793218454697053	0.07474382157926461	0.0012305168170631665	0.00321515840013718	0.0	0.0	0.0025070924325394208	0.004410585404971933	0.0	0.0	0.0234192037470726	0.0	0.0027589666415851516
en	0.0	0.015125118012905989	0.0	0.0	0.0	0.011029831980797806	0.02886045819696519	1.0	0.001269289865722493	0.025192968650550266	6.72314105149926e-05	0.0	0.025158004540713014	0.009560975609756097	0.0011355286887983435	0.0011404803434858447	0.02213053263315829	0.0	0.0	0.0	0.0	0.01379916853213943	0.0021062767045796475	0.0013097168516901583	0.08995904533258015	0.0022544655760448583	0.011337996389891697	0.0	0.0	0.007909892833709995	0.0008027292795504716	0.0	0.007692307692307693	0.014629182037908663	0.0	0.003659875564230816
es	0.0	0.00011169565168827978	0.0	0.0	0.0	0.000682360968952576	0.003169572107765452	0.001269289865722493	1.0	0.0001896556395459102	0.0	0.0	0.003604531410916581	0.0026246719160104987	0.004366812227074236	0.0	0.00315059861373661	0.0	0.0	0.0	0.0	8.223515141547254e-05	0.0005282620179609086	0.0	0.003945952409422456	0.0	0.00042672229861078187	0.0	0.0	0.00031034215222282567	0.0	0.0	0.0	0.0025188916876574307	0.0	0.0011806375442739079
fr	0.0	0.05367822773364335	0.0	0.0	0.0	0.0030799475753604194	0.005905901938245669	0.025192968650550266	0.0001896556395459102	1.0	0.0	0.0	0.004480548833993671	0.0016027583606071625	0.00014900908955446283	0.00012202066216546002	0.003911830282639751	0.0	0.0	0.0	0.0	0.039347384351167754	0.0025762927943480916	0.0017252908920690117	0.020421369637990468	0.0027773755775230024	0.029571003022330455	0.0	0.0	0.014104488111428974	0.00020327957717847947	0.0	0.0	0.002519837014797341	0.0	0.004214344776079592
he	0.0	0.0	0.0	0.0	0.0	0.0	0.0	6.72314105149926e-05	0.0	0.0	1.0	0.0	0.0	0.0	0.0	0.0	0.0	0.0	0.0	0.0	0.0	0.0	0.0	0.0	0.0	0.0	0.0	0.0	0.0	0.0	0.0	0.0	0.0	0.0	0.0	0.0
hi	0.0	0.0	0.0	0.0	0.0	0.0	0.0	0.0	0.0	0.0	0.0	0.0	0.0	0.0	0.0	0.0	0.0	0.0	0.0	0.0	0.0	0.0	0.0	0.0	0.0	0.0	0.0	0.0	0.0	0.0	0.0	0.0	0.0	0.0	0.0	0.0
hu	0.0	0.0025927797675287293	0.0	0.0	0.0	0.00627298291152931	0.06835888414174415	0.025158004540713014	0.003604531410916581	0.004480548833993671	0.0	0.0	1.0	0.06887645286267757	0.002056555269922879	0.003194888178913738	0.1182033096926714	0.0	0.0	0.0	0.0	0.0025280171984792084	0.0019412090959511925	0.0013280212483399733	0.11669242658423493	0.0009313154831199069	0.0024160955895273237	0.0	0.0	0.0015078821110349554	0.0036553524804177544	0.0	0.0	0.03628601921024546	0.0	0.003526300323244196
id	0.0	0.0008222313581262014	0.0	0.0	0.0	0.0037637521713954833	0.03967446592065107	0.009560975609756097	0.0026246719160104987	0.0016027583606071625	0.0	0.0	0.06887645286267757	1.0	0.003942181340341655	0.0028694404591104736	0.05299653293709757	0.0	0.0	0.0	0.0	0.0008140173792710474	0.0016501650165016502	0.0	0.03994410154885292	0.00032123353678124	0.0012495950386448836	0.0	0.0	0.0006707407959457445	0.006830601092896175	0.0	0.0	0.018267530936947555	0.14285714285714285	0.002697841726618705
it	0.0	3.3506075768406e-05	0.0	0.0	0.0	0.00034106412005457026	0.003169572107765452	0.0011355286887983435	0.004366812227074236	0.00014900908955446283	0.0	0.0	0.002056555269922879	0.003942181340341655	1.0	0.0	0.00315059861373661	0.0	0.0	0.0	0.0	0.00014392039146346477	0.0	0.0	0.0021484841250895203	0.0	0.00014220031284068824	0.0	0.0	0.00023273855702094648	0.0	0.0	0.0	0.0008382229673093043	0.0	0.0
ja	0.0	4.4707723259193026e-05	0.0	0.0	0.0	0.0003487966515521451	0.002438033319788704	0.0011404803434858447	0.0	0.00012202066216546002	0.0	0.0	0.003194888178913738	0.0028694404591104736	0.0	1.0	0.0013114754098360656	0.0	0.0	0.0	0.0	6.175762191983861e-05	0.0	0.0	0.0013221153846153847	0.0	4.754207473614148e-05	0.0	0.0	7.796055196070789e-05	0.0	0.0	0.0	0.0	0.0	0.0
ko	0.0	0.0015976905108202213	0.0	0.0	0.0	0.004208557400046762	0.04818304172274562	0.02213053263315829	0.00315059861373661	0.003911830282639751	0.0	0.0	0.1182033096926714	0.05299653293709757	0.00315059861373661	0.0013114754098360656	1.0	0.0	0.0	0.0	0.0	0.0019234236941756326	0.0012300123001230013	0.0011295180722891566	0.08337959364938381	0.00127000254000508	0.0023651211566781205	0.0	0.0	0.0013346445630795167	0.0025624599615631004	0.0	0.0	0.02857142857142857	0.0	0.0016377333770062235
lv	0.0	0.0	0.0	0.0	0.0	0.0	0.0	0.0	0.0	0.0	0.0	0.0	0.0	0.0	0.0	0.0	0.0	0.0	0.0	0.0	0.0	0.0	0.0	0.0	0.0	0.0	0.0	0.0	0.0	0.0	0.0	0.0	0.0	0.0	0.0	0.0
mk	0.0	0.0	0.0	0.0	0.0	0.0	0.0	0.0	0.0	0.0	0.0	0.0	0.0	0.0	0.0	0.0	0.0	0.0	0.0	0.0	0.0	0.0	0.0	0.0	0.0	0.0	0.0	0.0	0.0	0.0	0.0	0.0	0.0	0.0	0.0	0.0
ml	0.0	0.0	0.0	0.0	0.0	0.0	0.0	0.0	0.0	0.0	0.0	0.0	0.0	0.0	0.0	0.0	0.0	0.0	0.0	0.0	0.0	0.0	0.0	0.0	0.0	0.0	0.0	0.0	0.0	0.0	0.0	0.0	0.0	0.0	0.0	0.0
mr	0.0	0.0	0.0	0.0	0.0	0.0	0.0	0.0	0.0	0.0	0.0	0.0	0.0	0.0	0.0	0.0	0.0	0.0	0.0	0.0	0.0	0.0	0.0	0.0	0.0	0.0	0.0	0.0	0.0	0.0	0.0	0.0	0.0	0.0	0.0	0.0
nl	0.0	0.04331977069562718	0.0	0.0	0.0	0.0030473511486169714	0.0031109098426824705	0.01379916853213943	8.223515141547254e-05	0.039347384351167754	0.0	0.0	0.0025280171984792084	0.0008140173792710474	0.00014392039146346477	6.175762191983861e-05	0.0019234236941756326	0.0	0.0	0.0	0.0	1.0	0.0023310487727127827	0.001470617860956103	0.009955378571047625	0.0030093230006687384	0.019296470622736404	0.0	0.0	0.013037227977990383	0.00010285314627774464	0.0	0.0	0.0012715456343599886	0.0	0.0020195960807838434
pl	0.0	0.00216469243786124	0.0	0.0	0.0	0.001961639058413252	0.0023889154323936935	0.0021062767045796475	0.0005282620179609086	0.0025762927943480916	0.0	0.0	0.0019412090959511925	0.0016501650165016502	0.0	0.0	0.0012300123001230013	0.0	0.0	0.0	0.0	0.0023310487727127827	1.0	0.0010141987829614604	0.0021916716477385933	0.0016521123436393675	0.0020248261290606567	0.0	0.0	0.002479168101370429	0.0005359056806002144	0.0	0.0	0.00035001750087504374	0.1111111111111111	0.00029770765108663293
pt	0.0	0.0014921908677918891	0.0	0.0	0.0	0.0015022533800701052	0.00027793218454697053	0.0013097168516901583	0.0	0.0017252908920690117	0.0	0.0	0.0013280212483399733	0.0	0.0	0.0	0.0011295180722891566	0.0	0.0	0.0	0.0	0.001470617860956103	0.0010141987829614604	1.0	0.000951977998730696	0.0005486968449931413	0.0012647364379601608	0.0	0.0	0.0012910629751829005	0.0	0.0	0.0	0.0004424778761061947	0.0	0.0025399129172714078
ro	0.0	0.009432597735350028	0.0	0.0	0.0	0.012590092144877291	0.07474382157926461	0.08995904533258015	0.003945952409422456	0.020421369637990468	0.0	0.0	0.11669242658423493	0.03994410154885292	0.0021484841250895203	0.0013221153846153847	0.08337959364938381	0.0	0.0	0.0	0.0	0.009955378571047625	0.0021916716477385933	0.000951977998730696	1.0	0.0011179429849077697	0.010043140638481449	0.0	0.0	0.00717394423454015	0.003477218225419664	0.0	0.0	0.04873949579831933	0.0	0.0057107893126657145
ru	0.0	0.0030345700843785136	0.0	0.0	0.0	0.0009473285335354301	0.0012305168170631665	0.0022544655760448583	0.0	0.0027773755775230024	0.0	0.0	0.0009313154831199069	0.00032123353678124	0.0	0.0	0.00127000254000508	0.0	0.0	0.0	0.0	0.0030093230006687384	0.0016521123436393675	0.0005486968449931413	0.0011179429849077697	1.0	0.0028224426958604176	0.0	0.0	0.0026970135508485728	0.0	0.0	0.0	0.0	0.0	0.0009896091044037606
sh	0.0	0.02316766905448109	0.0	0.0	0.0	0.0020628104740254274	0.00321515840013718	0.011337996389891697	0.00042672229861078187	0.029571003022330455	0.0	0.0	0.0024160955895273237	0.0012495950386448836	0.00014220031284068824	4.754207473614148e-05	0.0023651211566781205	0.0	0.0	0.0	0.0	0.019296470622736404	0.0020248261290606567	0.0012647364379601608	0.010043140638481449	0.0028224426958604176	1.0	0.0	0.0	0.010626197318007662	0.00014238253440911248	0.0	0.0	0.0014069804384332593	0.0	0.002309673980634272
si	0.0	0.0	0.0	0.0	0.0	0.0	0.0	0.0	0.0	0.0	0.0	0.0	0.0	0.0	0.0	0.0	0.0	0.0	0.0	0.0	0.0	0.0	0.0	0.0	0.0	0.0	0.0	0.0	0.0	0.0	0.0	0.0	0.0	0.0	0.0	0.0
simple	0.0	0.0	0.0	0.0	0.0	0.0	0.0	0.0	0.0	0.0	0.0	0.0	0.0	0.0	0.0	0.0	0.0	0.0	0.0	0.0	0.0	0.0	0.0	0.0	0.0	0.0	0.0	0.0	0.0	0.0	0.0	0.0	0.0	0.0	0.0	0.0
sr	0.0	0.014945827581755167	0.0	0.0	0.0	0.002184809150494795	0.0025070924325394208	0.007909892833709995	0.00031034215222282567	0.014104488111428974	0.0	0.0	0.0015078821110349554	0.0006707407959457445	0.00023273855702094648	7.796055196070789e-05	0.0013346445630795167	0.0	0.0	0.0	0.0	0.013037227977990383	0.002479168101370429	0.0012910629751829005	0.00717394423454015	0.0026970135508485728	0.010626197318007662	0.0	0.0	1.0	0.00023322708543885564	0.0	0.0	0.001734981565820863	0.0	0.0014646394197238108
sv	0.0	0.00011172934683023843	0.0	0.0	0.0	0.0010334137099552187	0.004410585404971933	0.0008027292795504716	0.0	0.00020327957717847947	0.0	0.0	0.0036553524804177544	0.006830601092896175	0.0	0.0	0.0025624599615631004	0.0	0.0	0.0	0.0	0.00010285314627774464	0.0005359056806002144	0.0	0.003477218225419664	0.0	0.00014238253440911248	0.0	0.0	0.00023322708543885564	1.0	0.0	0.0	0.002577319587628866	0.0	0.0
te	0.0	0.0	0.0	0.0	0.0	0.0	0.0	0.0	0.0	0.0	0.0	0.0	0.0	0.0	0.0	0.0	0.0	0.0	0.0	0.0	0.0	0.0	0.0	0.0	0.0	0.0	0.0	0.0	0.0	0.0	0.0	0.0	0.0	0.0	0.0	0.0
tr	0.0	0.0	-1.0	0.0	0.0	0.0	0.0	0.007692307692307693	0.0	0.0	0.0	0.0	0.0	0.0	0.0	0.0	0.0	0.0	0.0	0.0	0.0	0.0	0.0	0.0	0.0	0.0	0.0	0.0	0.0	0.0	0.0	0.0	1.0	0.0	0.0	0.0
vi	0.0	0.0013720001327742063	0.0	0.0	0.0	0.00567741935483871	0.0234192037470726	0.014629182037908663	0.0025188916876574307	0.002519837014797341	0.0	0.0	0.03628601921024546	0.018267530936947555	0.0008382229673093043	0.0	0.02857142857142857	0.0	0.0	0.0	0.0	0.0012715456343599886	0.00035001750087504374	0.0004424778761061947	0.04873949579831933	0.0	0.0014069804384332593	0.0	0.0	0.001734981565820863	0.002577319587628866	0.0	0.0	1.0	0.0	0.0011290929619872036
war	0.0	0.0	0.0	0.0	0.0	0.0	0.0	0.0	0.0	0.0	0.0	0.0	0.0	0.14285714285714285	0.0	0.0	0.0	0.0	0.0	0.0	0.0	0.0	0.1111111111111111	0.0	0.0	0.0	0.0	0.0	0.0	0.0	0.0	0.0	0.0	0.0	1.0	0.0
zh	0.0	0.002147340601255368	0.0	0.0	0.0	0.0018219084491004327	0.0027589666415851516	0.003659875564230816	0.0011806375442739079	0.004214344776079592	0.0	0.0	0.003526300323244196	0.002697841726618705	0.0	0.0	0.0016377333770062235	0.0	0.0	0.0	0.0	0.0020195960807838434	0.00029770765108663293	0.0025399129172714078	0.0057107893126657145	0.0009896091044037606	0.002309673980634272	0.0	0.0	0.0014646394197238108	0.0	0.0	0.0	0.0011290929619872036	0.0	1.0
