arz	bs	ceb	ckb	da	de	el	en	es	fr	he	hi	hu	id	it	ja	ko	lv	mk	ml	mr	nl	pl	pt	ro	ru	sh	si	simple	sr	sv	te	vi	war	zh
arz	1.0	0.4794337071693057	0.0	0.5480953166963739	0.3119475964601413	0.28500941364440197	0.21974791745681438	0.2257538403029571	0.29402404823065953	0.23400931718093143	0.31342538975484097	1.0	0.29528447670713226	0.2996317772099356	0.2771630039056471	0.40861395742481194	0.2706589232386662	0.42034595648601963	0.39946977196380967	0.3752808403896674	0.5110620017969552	0.23185343378622322	0.30935387642740186	0.23751340701691362	0.2563298367349522	0.3104486435957988	0.7690990303325336	1.0	0.2773576658861839	0.3360993474921705	0.27326532941115295	0.0	0.2761723726507546	1.0	0.2883983706171424
bs	0.4794337071693057	1.0	0.0	0.6696414216605826	0.7011716713392849	0.44128967355932763	0.6376081690601685	0.24291136058512988	0.4188099938356244	0.39161003048025117	0.4528321891924519	0.4653218512359215	0.3507615105358815	0.616364618374634	0.3866050726092704	0.5286716828924359	0.3815872861998335	0.7262876433102552	0.6397005229086465	0.3731472380738947	1.0	0.4803845818542176	0.4125528562258684	0.42525997000712734	0.505010229875386	0.4125985558943437	0.6599892429650296	0.4493075654568811	1.0	0.5000032896674972	0.4911988357269308	1.0	0.5896049385463527	1.0	0.3184464414467014
ceb	0.0	0.0	1.0	0.0	1.0	1.0	1.0	1.0	1.0	1.0	1.0	1.0	1.0	1.0	1.0	1.0	1.0	1.0	1.0	0.0	1.0	1.0	1.0	1.0	1.0	1.0	1.0	0.0	1.0	1.0	1.0	0.0	1.0	0.0	1.0
ckb	0.5480953166963739	0.6696414216605826	0.0	1.0	0.34321997328086995	0.4331984891230652	0.4529567247494552	0.4077621476531318	0.3787673198634145	0.39551960538643527	0.4616734080261781	0.4494568413314377	0.4658944656882907	0.33257441707627355	0.4372838566798041	0.45024260657898574	0.37469148238462757	0.5482427773648924	0.4369239699102244	0.4355504369421089	1.0	0.41151892735367074	0.41169096241116765	0.4124578360292513	0.33850211397416624	0.397475058602703	0.7265334708466399	0.7690990303325336	0.6128508099341461	0.5356799610747852	0.4266015854613239	1.0	0.33764596760619703	1.0	0.2961978118005391
da	0.3119475964601413	0.7011716713392849	1.0	0.34321997328086995	1.0	0.2505399365648854	0.40887191580254917	0.2403271012483159	0.2958225453262099	0.24387436954594552	0.2886268985563644	0.34088143366001433	0.31069562738944245	0.44537839286009245	0.24582182114115053	0.26849366956007065	0.26641305372674595	0.5166468184129278	0.5825991073382504	0.29411616332212465	1.0	0.2960065207295415	0.29523156652800947	0.21143684837974763	0.44427751354567935	0.23911948217214554	1.0	0.7584325078215763	0.43982790934496957	0.46218386899066327	0.29055830126565135	1.0	0.3409031887425831	1.0	0.256841767057763
de	0.28500941364440197	0.44128967355932763	1.0	0.4331984891230652	0.2505399365648854	1.0	0.30940475501817116	0.05689720034523639	0.09262816961085993	0.06438581786008868	0.09177327566452335	0.20552134688183737	0.14559729533419805	0.2856401923634355	0.08130535908867159	0.08440001883113092	0.08352130743652035	0.5763160088008373	0.4219918061566284	0.28454055533519684	1.0	0.13325181604330485	0.0938340133278171	0.08701127032234285	0.23414414054110705	0.07525322509355063	0.4091564131812236	0.7455134344225701	0.5302474751823166	0.2279418595193474	0.1462745418198397	1.0	0.1576295909009594	1.0	0.08148418287952364
el	0.21974791745681438	0.6376081690601685	1.0	0.4529567247494552	0.40887191580254917	0.30940475501817116	1.0	0.22304845941100163	0.33759707775257725	0.32577506264833456	0.2882030785738981	0.36423999861339357	0.29013447639634826	0.36939330329521064	0.25739350019816576	0.3186353815702538	0.30035058797900244	0.5716064180618637	0.47845236756140136	0.6994017365373274	1.0	0.3374801419848033	0.294517572311365	0.2794748009983784	0.4623478771914839	0.2780498641597553	0.7300208629885034	0.7690990303325336	0.43133095946497363	0.4137617889099252	0.3886808845744545	1.0	0.38763412807823033	1.0	0.270631863208151
en	0.2257538403029571	0.24291136058512988	1.0	0.4077621476531318	0.2403271012483159	0.05689720034523639	0.22304845941100163	1.0	0.06634983417014795	0.04543619019968259	0.0804246593743297	0.17739898154196546	0.11029020423870725	0.2583571373069811	0.06609429744918342	0.059354584471973164	0.0716374552364317	0.5404263205744704	0.38161805566622736	0.2887660822272262	1.0	0.11339402578662916	0.0902589689755768	0.06967479039999644	0.21098735421955195	0.0523851613879162	0.27360931566521335	0.7455134344225701	0.29242396883552446	0.1767508943311789	0.09570713511897715	1.0	0.12363430326790932	1.0	0.07050921100655473
es	0.29402404823065953	0.4188099938356244	1.0	0.3787673198634145	0.2958225453262099	0.09262816961085993	0.33759707775257725	0.06634983417014795	1.0	0.07127715827449695	0.1054805436986754	0.2171757821608964	0.14394253044298008	0.27355017421159317	0.08189386985653044	0.0883838345976357	0.09850322554672206	0.5152984420801029	0.36695746500023957	0.28454055533519684	1.0	0.12611055372248914	0.11090395496806911	0.08388378024821079	0.2511919623403967	0.08122206208839208	0.38032708235901064	0.7455134344225701	0.3669694701337439	0.20818309368323498	0.15116415718333626	1.0	0.13014092006826913	1.0	0.08071376261544891
fr	0.23400931718093143	0.39161003048025117	1.0	0.39551960538643527	0.24387436954594552	0.06438581786008868	0.32577506264833456	0.04543619019968259	0.07127715827449695	1.0	0.0782254777120978	0.20759199407207568	0.11137835477994214	0.29514439891626537	0.06609314504433648	0.06713952650942732	0.07183555006618485	0.5100081917356514	0.38942125631559965	0.30026451288101363	1.0	0.1004436292700061	0.0948173596540319	0.07178860895880694	0.21077596459901202	0.05972282111180732	0.4230472097712786	0.7455134344225701	0.41504193692562524	0.2076701984248445	0.1132260417884667	1.0	0.12115867112610397	1.0	0.0695042053137202
he	0.31342538975484097	0.4528321891924519	1.0	0.4616734080261781	0.2886268985563644	0.09177327566452335	0.2882030785738981	0.0804246593743297	0.1054805436986754	0.0782254777120978	1.0	0.19182696415929754	0.14664153289536452	0.2958541856594869	0.08622487263283926	0.09107777763492143	0.0934531169673122	0.43597127515049644	0.4040495522468905	0.31508608785608505	1.0	0.14688121404605398	0.10407267641614233	0.10262803731663792	0.22501874859849486	0.09323452552060917	0.38376767611773005	0.6604899137252909	0.3755156602283208	0.2012715162967275	0.14017345244744692	1.0	0.1411215648444083	1.0	0.08855279002946556
hi	1.0	0.4653218512359215	1.0	0.4494568413314377	0.34088143366001433	0.20552134688183737	0.36423999861339357	0.17739898154196546	0.2171757821608964	0.20759199407207568	0.19182696415929754	1.0	0.2211653694654331	0.255894971149005	0.21187964123783878	0.20346007863257143	0.2084333375929903	0.46045487741694674	0.4576750709843881	0.41413998784888373	1.0	0.22709613387984184	0.2282582063504151	0.22551878176988976	0.34565318013106044	0.19749750777727504	0.5783774748473347	0.5405338535593291	0.4836597319514725	0.2503269213632201	0.28748429954182103	1.0	0.2555099002953565	1.0	0.17708961294387776
hu	0.29528447670713226	0.3507615105358815	1.0	0.4658944656882907	0.31069562738944245	0.14559729533419805	0.29013447639634826	0.11029020423870725	0.14394253044298008	0.11137835477994214	0.14664153289536452	0.2211653694654331	1.0	0.27658279611564385	0.11750358405083387	0.1434374304434889	0.14234661628531178	0.4927928253374925	0.450048668078496	0.2897042196257874	1.0	0.19219094758250216	0.16931062669007663	0.1552936004906689	0.2446971170965218	0.1268616798936686	0.33012568099385486	0.7510341748895938	0.31312481492200733	0.2600860495668551	0.17866036496883891	1.0	0.20022329977342787	1.0	0.13404744903683619
id	0.2996317772099356	0.616364618374634	1.0	0.33257441707627355	0.44537839286009245	0.2856401923634355	0.36939330329521064	0.2583571373069811	0.27355017421159317	0.29514439891626537	0.2958541856594869	0.255894971149005	0.27658279611564385	1.0	0.2956692682661728	0.3071016476345244	0.2597993284710362	0.4910840678542735	0.5541157983516303	0.35149404000937257	1.0	0.3257174484799475	0.273039786912691	0.25620147485383155	0.437742975932343	0.3028802670179352	0.5866939417842447	0.6624525348502385	0.43829007530115466	0.3338882184960433	0.33242698109440744	1.0	0.37075912476553075	1.0	0.26787546691287023
it	0.2771630039056471	0.3866050726092704	1.0	0.4372838566798041	0.24582182114115053	0.08130535908867159	0.25739350019816576	0.06609429744918342	0.08189386985653044	0.06609314504433648	0.08622487263283926	0.21187964123783878	0.11750358405083387	0.2956692682661728	1.0	0.07587741225482095	0.08522214950888592	0.5294466443153122	0.36292780710484424	0.2498928531920552	1.0	0.11579184500224834	0.08754686738029431	0.08246549122277036	0.21216786549563424	0.0754336813567356	0.3398974074502144	0.7455134344225701	0.303555992001275	0.17297989836203234	0.12792541485585798	1.0	0.12704187254187838	1.0	0.07496063789733612
ja	0.40861395742481194	0.5286716828924359	1.0	0.45024260657898574	0.26849366956007065	0.08440001883113092	0.3186353815702538	0.059354584471973164	0.0883838345976357	0.06713952650942732	0.09107777763492143	0.20346007863257143	0.1434374304434889	0.3071016476345244	0.07587741225482095	1.0	0.08800407663583824	0.5036301227153394	0.42358712449097924	0.2503656880791882	1.0	0.13305328450840367	0.10611548727106326	0.10055792698173564	0.2507826943133489	0.08379758477477445	0.45810575865722863	0.7455134344225701	0.30508413142336654	0.2197349595623521	0.1455854839941394	1.0	0.14462178570118836	1.0	0.07311063464908509
ko	0.2706589232386662	0.3815872861998335	1.0	0.37469148238462757	0.26641305372674595	0.08352130743652035	0.30035058797900244	0.0716374552364317	0.09850322554672206	0.07183555006618485	0.0934531169673122	0.2084333375929903	0.14234661628531178	0.2597993284710362	0.08522214950888592	0.08800407663583824	1.0	0.47990460787461264	0.3883769464394552	0.2794968377848656	1.0	0.13124949525779137	0.09808132726372873	0.09978499068001336	0.21200129538361057	0.08005284016284495	0.43776170717887275	0.7455134344225701	0.30721894106818487	0.22301313420908167	0.14683300391372198	1.0	0.1381637465264074	1.0	0.0823905690443502
lv	0.42034595648601963	0.7262876433102552	1.0	0.5482427773648924	0.5166468184129278	0.5763160088008373	0.5716064180618637	0.5404263205744704	0.5152984420801029	0.5100081917356514	0.43597127515049644	0.46045487741694674	0.4927928253374925	0.4910840678542735	0.5294466443153122	0.5036301227153394	0.47990460787461264	1.0	0.6994017365373274	0.30879646098997904	1.0	0.5639247918225904	0.5189581095723224	0.5153755004036115	0.36248613727979784	0.5668484739438538	0.74551343442257	0.7510341748895938	0.553381509005446	0.6568318202362041	0.5142033984570236	1.0	0.5349136160456688	1.0	0.5502143979012841
mk	0.39946977196380967	0.6397005229086465	1.0	0.4369239699102244	0.5825991073382504	0.4219918061566284	0.47845236756140136	0.38161805566622736	0.36695746500023957	0.38942125631559965	0.4040495522468905	0.4576750709843881	0.450048668078496	0.5541157983516303	0.36292780710484424	0.42358712449097924	0.3883769464394552	0.6994017365373274	1.0	0.5020797777427737	1.0	0.4326049117886654	0.4409422284568027	0.3893029755146831	0.5507933159239061	0.37859281998407573	0.6838870971815698	1.0	1.0	0.491274438248985	0.4070189717735782	1.0	0.4317427773500231	1.0	0.3023576553799072
ml	0.3752808403896674	0.3731472380738947	0.0	0.4355504369421089	0.29411616332212465	0.28454055533519684	0.6994017365373274	0.2887660822272262	0.28454055533519684	0.30026451288101363	0.31508608785608505	0.41413998784888373	0.2897042196257874	0.35149404000937257	0.2498928531920552	0.2503656880791882	0.2794968377848656	0.30879646098997904	0.5020797777427737	1.0	1.0	0.28454055533519684	0.28035175508599836	0.2805128971704056	0.26638823627869107	0.28425782768370683	0.5241726684798029	0.4493075654568811	0.6128508099341461	0.33102969473027166	0.3002300091070653	1.0	0.25024590141777414	1.0	0.28454055533519684
mr	0.5110620017969552	1.0	1.0	1.0	1.0	1.0	1.0	1.0	1.0	1.0	1.0	1.0	1.0	1.0	1.0	1.0	1.0	1.0	1.0	1.0	1.0	1.0	1.0	1.0	1.0	1.0	1.0	1.0	1.0	1.0	1.0	1.0	1.0	1.0	1.0
nl	0.23185343378622322	0.4803845818542176	1.0	0.41151892735367074	0.2960065207295415	0.13325181604330485	0.3374801419848033	0.11339402578662916	0.12611055372248914	0.1004436292700061	0.14688121404605398	0.22709613387984184	0.19219094758250216	0.3257174484799475	0.11579184500224834	0.13305328450840367	0.13124949525779137	0.5639247918225904	0.4326049117886654	0.28454055533519684	1.0	1.0	0.16041481771013397	0.1466099240843341	0.2803290447189636	0.1261305205906728	0.4763535219488245	0.7455134344225701	0.4799562456709684	0.2785402422866244	0.20413061573950123	1.0	0.1436124537924866	1.0	0.10188879598693168
pl	0.30935387642740186	0.4125528562258684	1.0	0.41169096241116765	0.29523156652800947	0.0938340133278171	0.294517572311365	0.0902589689755768	0.11090395496806911	0.0948173596540319	0.10407267641614233	0.2282582063504151	0.16931062669007663	0.273039786912691	0.08754686738029431	0.10611548727106326	0.09808132726372873	0.5189581095723224	0.4409422284568027	0.28035175508599836	1.0	0.16041481771013397	1.0	0.09708876288532374	0.2384749301370312	0.10417613388866628	0.454631971009568	0.7455134344225701	0.35620572616535795	0.24535834916267033	0.1753225672327078	1.0	0.14674430666004767	1.0	0.08717109485789845
pt	0.23751340701691362	0.42525997000712734	1.0	0.4124578360292513	0.21143684837974763	0.08701127032234285	0.2794748009983784	0.06967479039999644	0.08388378024821079	0.07178860895880694	0.10262803731663792	0.22551878176988976	0.1552936004906689	0.25620147485383155	0.08246549122277036	0.10055792698173564	0.09978499068001336	0.5153755004036115	0.3893029755146831	0.2805128971704056	1.0	0.1466099240843341	0.09708876288532374	1.0	0.25473042831200476	0.08400645149527693	0.36727193436280625	0.8602847163987823	0.3452406515422727	0.2166127618943532	0.1434830337895735	1.0	0.15464112379999945	1.0	0.08008930887222565
ro	0.2563298367349522	0.505010229875386	1.0	0.33850211397416624	0.44427751354567935	0.23414414054110705	0.4623478771914839	0.21098735421955195	0.2511919623403967	0.21077596459901202	0.22501874859849486	0.34565318013106044	0.2446971170965218	0.437742975932343	0.21216786549563424	0.2507826943133489	0.21200129538361057	0.36248613727979784	0.5507933159239061	0.26638823627869107	1.0	0.2803290447189636	0.2384749301370312	0.25473042831200476	1.0	0.22276250017326113	0.42008225196854904	0.7510341748895938	0.5769547446304741	0.2719017617316325	0.27527792678279367	1.0	0.31232610356450985	1.0	0.19036160790625892
ru	0.3104486435957988	0.4125985558943437	1.0	0.397475058602703	0.23911948217214554	0.07525322509355063	0.2780498641597553	0.0523851613879162	0.08122206208839208	0.05972282111180732	0.09323452552060917	0.19749750777727504	0.1268616798936686	0.3028802670179352	0.0754336813567356	0.08379758477477445	0.08005284016284495	0.5668484739438538	0.37859281998407573	0.28425782768370683	1.0	0.1261305205906728	0.10417613388866628	0.08400645149527693	0.22276250017326113	1.0	0.4446566297271928	0.7455134344225701	0.34492877176129083	0.20249671891566273	0.13131635926003027	1.0	0.12681051225998508	1.0	0.07801928154662682
sh	0.7690990303325336	0.6599892429650296	1.0	0.7265334708466399	1.0	0.4091564131812236	0.7300208629885034	0.27360931566521335	0.38032708235901064	0.4230472097712786	0.38376767611773005	0.5783774748473347	0.33012568099385486	0.5866939417842447	0.3398974074502144	0.45810575865722863	0.43776170717887275	0.74551343442257	0.6838870971815698	0.5241726684798029	1.0	0.4763535219488245	0.454631971009568	0.36727193436280625	0.42008225196854904	0.4446566297271928	1.0	0.7690990303325336	0.672544634904323	0.37794256993085346	0.4484239918271273	1.0	0.5663078453951772	1.0	0.4401655564717115
si	1.0	0.4493075654568811	0.0	0.7690990303325336	0.7584325078215763	0.7455134344225701	0.7690990303325336	0.7455134344225701	0.7455134344225701	0.7455134344225701	0.6604899137252909	0.5405338535593291	0.7510341748895938	0.6624525348502385	0.7455134344225701	0.7455134344225701	0.7455134344225701	0.7510341748895938	1.0	0.4493075654568811	1.0	0.7455134344225701	0.7455134344225701	0.8602847163987823	0.7510341748895938	0.7455134344225701	0.7690990303325336	1.0	1.0	0.7510341748895938	0.7510341748895938	1.0	0.6624525348502385	1.0	0.7455134344225701
simple	0.2773576658861839	1.0	1.0	0.6128508099341461	0.43982790934496957	0.5302474751823166	0.43133095946497363	0.29242396883552446	0.3669694701337439	0.41504193692562524	0.3755156602283208	0.4836597319514725	0.31312481492200733	0.43829007530115466	0.303555992001275	0.30508413142336654	0.30721894106818487	0.553381509005446	1.0	0.6128508099341461	1.0	0.4799562456709684	0.35620572616535795	0.3452406515422727	0.5769547446304741	0.34492877176129083	0.672544634904323	1.0	1.0	0.5054834727622066	0.5258811196115227	1.0	0.4066811710522172	1.0	0.3355683519476668
sr	0.3360993474921705	0.5000032896674972	1.0	0.5356799610747852	0.46218386899066327	0.2279418595193474	0.4137617889099252	0.1767508943311789	0.20818309368323498	0.2076701984248445	0.2012715162967275	0.2503269213632201	0.2600860495668551	0.3338882184960433	0.17297989836203234	0.2197349595623521	0.22301313420908167	0.6568318202362041	0.491274438248985	0.33102969473027166	1.0	0.2785402422866244	0.24535834916267033	0.2166127618943532	0.2719017617316325	0.20249671891566273	0.37794256993085346	0.7510341748895938	0.5054834727622066	1.0	0.2738922519681923	1.0	0.30815378836731644	1.0	0.18317656612293712
sv	0.27326532941115295	0.4911988357269308	1.0	0.4266015854613239	0.29055830126565135	0.1462745418198397	0.3886808845744545	0.09570713511897715	0.15116415718333626	0.1132260417884667	0.14017345244744692	0.28748429954182103	0.17866036496883891	0.33242698109440744	0.12792541485585798	0.1455854839941394	0.14683300391372198	0.5142033984570236	0.4070189717735782	0.3002300091070653	1.0	0.20413061573950123	0.1753225672327078	0.1434830337895735	0.27527792678279367	0.13131635926003027	0.4484239918271273	0.7510341748895938	0.5258811196115227	0.2738922519681923	1.0	1.0	0.24662082192643925	1.0	0.11463299317253137
te	0.0	1.0	0.0	1.0	1.0	1.0	1.0	1.0	1.0	1.0	1.0	1.0	1.0	1.0	1.0	1.0	1.0	1.0	1.0	1.0	1.0	1.0	1.0	1.0	1.0	1.0	1.0	1.0	1.0	1.0	1.0	1.0	1.0	1.0	1.0
vi	0.2761723726507546	0.5896049385463527	1.0	0.33764596760619703	0.3409031887425831	0.1576295909009594	0.38763412807823033	0.12363430326790932	0.13014092006826913	0.12115867112610397	0.1411215648444083	0.2555099002953565	0.20022329977342787	0.37075912476553075	0.12704187254187838	0.14462178570118836	0.1381637465264074	0.5349136160456688	0.4317427773500231	0.25024590141777414	1.0	0.1436124537924866	0.14674430666004767	0.15464112379999945	0.31232610356450985	0.12681051225998508	0.5663078453951772	0.6624525348502385	0.4066811710522172	0.30815378836731644	0.24662082192643925	1.0	1.0	1.0	0.112096764457445
war	1.0	1.0	0.0	1.0	1.0	1.0	1.0	1.0	1.0	1.0	1.0	1.0	1.0	1.0	1.0	1.0	1.0	1.0	1.0	1.0	1.0	1.0	1.0	1.0	1.0	1.0	1.0	1.0	1.0	1.0	1.0	1.0	1.0	1.0	1.0
zh	0.2883983706171424	0.3184464414467014	1.0	0.2961978118005391	0.256841767057763	0.08148418287952364	0.270631863208151	0.07050921100655473	0.08071376261544891	0.0695042053137202	0.08855279002946556	0.17708961294387776	0.13404744903683619	0.26787546691287023	0.07496063789733612	0.07311063464908509	0.0823905690443502	0.5502143979012841	0.3023576553799072	0.28454055533519684	1.0	0.10188879598693168	0.08717109485789845	0.08008930887222565	0.19036160790625892	0.07801928154662682	0.4401655564717115	0.7455134344225701	0.3355683519476668	0.18317656612293712	0.11463299317253137	1.0	0.112096764457445	1.0	1.0
