arz	bs	ceb	ckb	da	de	el	en	es	fr	he	hi	hu	id	it	ja	ko	lv	mk	ml	mr	nl	pl	pt	ro	ru	sh	si	simple	sr	sv	te	vi	war	zh
arz	1.0	0.6512667660208644	0.6190476190476191	0.6071428571428572	0.5800000000000001	0.5512820512820512	0.6052631578947368	0.55	0.5652662323073466	0.55	0.5961650203370134	0.5714285714285714	0.6071523885775286	0.6230088495575222	0.5692266808397555	0.5625	0.5948586118251928	0.6111111111111112	0.6485461441213655	0.6666666666666666	0.6363636363636364	0.5689655172413793	0.5800000000000001	0.5963302752293578	0.6111345423871783	0.5571428571428572	0.6387665198237885	0.5294117647058824	0.6176470588235294	0.6176470588235294	0.5645161290322581	0.5294117647058824	0.6016830294530154	0.64	0.5825404017520012
bs	0.6512667660208644	1.0	0.5925925925925926	0.6870937790157845	0.6185645933014354	0.5736162765259243	0.6961014560826679	0.5795700716547242	0.5876323881106935	0.5790158100061598	0.6358381502890174	0.5769230769230769	0.6746987951807228	0.6784359498103296	0.6143123501731332	0.5968739824161511	0.6547260686333534	0.6791171477079797	0.7213114754098361	0.6558704453441295	0.6126949973103819	0.601022146507666	0.6340984893074357	0.6659376708583926	0.6945282205945713	0.5906499429874572	0.7480185843126538	0.5217391304347826	0.6559485530546624	0.68352	0.5922246960095907	0.5217391304347826	0.6423185673892554	0.6333333333333333	0.6333401346663946
ceb	0.6190476190476191	0.5925925925925926	1.0	0.6086956521739131	0.5531914893617021	0.5333333333333333	0.5714285714285714	0.5324675324675325	0.5396825396825397	0.5324675324675325	0.5581395348837209	0.5625	0.5641025641025641	0.5757575757575757	0.543859649122807	0.540983606557377	0.5609756097560976	0.5757575757575757	0.5925925925925926	0.631578947368421	0.6470588235294118	0.5454545454545455	0.5531914893617021	0.5609756097560976	0.5714285714285714	0.5373134328358209	0.5862068965517242	0.75	0.5806451612903225	0.5806451612903225	0.5423728813559322	0.75	0.5609756097560976	0.896551724137931	0.5531914893617021
ckb	0.6071428571428572	0.6870937790157845	0.6086956521739131	1.0	0.5960264900662251	0.5569620253164557	0.6287262872628726	0.5574210879785091	0.5671641791044776	0.558055805580558	0.604114400401405	0.5909090909090909	0.6162962962962963	0.6322436849925707	0.5814100938371799	0.5692307692307692	0.6077586206896551	0.6216216216216216	0.6374501992031872	0.6745362563237775	0.6000000000000001	0.5842880523731588	0.5960264900662251	0.6051873198847263	0.6267281105990783	0.5692108667529108	0.6631578947368422	0.5263157894736842	0.62426614481409	0.6407766990291263	0.5809128630705394	0.5263157894736842	0.6195652173913043	0.6296296296296295	0.5932932072226998
da	0.5800000000000001	0.6185645933014354	0.5531914893617021	0.5960264900662251	1.0	0.6337371854613234	0.6345914558274575	0.6207888945319112	0.6211180124223603	0.6179194486323497	0.6153846153846154	0.5434782608695652	0.6570143379252179	0.6260480715483511	0.6307653104561285	0.6452674897119342	0.6389979688557887	0.625	0.6163891609533138	0.5777777777777777	0.5625	0.6330275229357799	0.6420382165605095	0.6394523326572008	0.6330988522769345	0.641203007518797	0.6281725888324873	0.5116279069767442	0.6071428571428572	0.6378986866791745	0.6447140381282496	0.5116279069767442	0.6478405315614618	0.5800000000000001	0.6318380743982495
de	0.5512820512820512	0.5736162765259243	0.5333333333333333	0.5569620253164557	0.6337371854613234	1.0	0.5882352941176471	0.6515792756270326	0.6221610461114935	0.6531665451281764	0.6067415730337079	0.5270270270270271	0.600339558573854	0.5923076923076923	0.6474458444540997	0.6564141035258814	0.5981639012886381	0.5886990801576872	0.5679012345679012	0.5454545454545455	0.5394736842105263	0.6298003072196621	0.613086038124678	0.5955056179775281	0.5947136563876652	0.6495390034186264	0.573170731707317	0.5070422535211268	0.5832012678288431	0.5783132530120483	0.6326530612244898	0.5070422535211268	0.5955056179775281	0.5512820512820512	0.6150049358341559
el	0.6052631578947368	0.6961014560826679	0.5714285714285714	0.6287262872628726	0.6345914558274575	0.5882352941176471	1.0	0.6016148428105137	0.6125415794012566	0.5968743309783773	0.6442922374429223	0.5588235294117647	0.6741016109045849	0.6785171680340322	0.6323051948051949	0.630055093189544	0.6939736346516008	0.6645184389545292	0.6527196652719666	0.6230936819172113	0.5833333333333333	0.6295585412667947	0.6411062225015713	0.673469387755102	0.6741573033707865	0.6128172766792876	0.6902457185405808	0.5161290322580645	0.6607387140902873	0.6593548387096775	0.6136762127410871	0.5161290322580645	0.6671850699844479	0.6052631578947368	0.672120830711139
en	0.55	0.5795700716547242	0.5324675324675325	0.5574210879785091	0.6207888945319112	0.6515792756270326	0.6016148428105137	1.0	0.623589164785553	0.6876404494382022	0.6121438144630267	0.5280748663101604	0.6197048111941729	0.5869289340101523	0.6564705882352941	0.6532042577423453	0.6113970244221951	0.5833672500339168	0.5716602473140077	0.5494903235337568	0.5384615384615384	0.6351729051350907	0.6187985150185622	0.6083092186854072	0.5992167101827677	0.6462203639473559	0.5889741800418702	0.5068493150684932	0.5783542277940784	0.5801661542487081	0.6258957654723127	0.5068493150684932	0.6019417475728156	0.55	0.6304431897285173
es	0.5652662323073466	0.5876323881106935	0.5396825396825397	0.5671641791044776	0.6211180124223603	0.6221610461114935	0.6125415794012566	0.623589164785553	1.0	0.6238940425760094	0.611385495191058	0.532258064516129	0.6260477692654349	0.5972222222222223	0.6370259667476181	0.630730319317104	0.6154319360224976	0.589041095890411	0.5835988596344122	0.561622464898596	0.546875	0.6246869409660107	0.625	0.6194643610291016	0.6117327907765344	0.6502463054187192	0.5915871851308389	0.5084745762711864	0.6000000000000001	0.6121232196091422	0.626553953257086	0.5084745762711864	0.6226495726495727	0.5606060606060607	0.6255672241669908
fr	0.55	0.5790158100061598	0.5324675324675325	0.558055805580558	0.6179194486323497	0.6531665451281764	0.5968743309783773	0.6876404494382022	0.6238940425760094	1.0	0.6043956043956044	0.528714676390155	0.6098894838783183	0.5861616658468601	0.6608797337411173	0.6443519055400347	0.6078343088698784	0.5866425992779783	0.5781263927266245	0.5511741682974559	0.5409511228533685	0.6315494928296608	0.6255996511120803	0.6056589344889116	0.5983009708737864	0.6370777226553272	0.5873153779322329	0.5068493150684932	0.581436230992353	0.5837332876242715	0.6293304994686504	0.5068493150684932	0.602510460251046	0.55	0.6250224698903469
he	0.5961650203370134	0.6358381502890174	0.5581395348837209	0.604114400401405	0.6153846153846154	0.6067415730337079	0.6442922374429223	0.6121438144630267	0.611385495191058	0.6043956043956044	1.0	0.5476190476190476	0.6485037963376508	0.6478784040531983	0.6430338004946414	0.6338891613536046	0.659131736526946	0.6111111111111112	0.632630410654828	0.5914467697907189	0.5681818181818182	0.6500551267916207	0.665083135391924	0.6817300232738557	0.6471551371264839	0.6144393241167435	0.6379794200187091	0.5128205128205129	0.6423791821561338	0.6343130553656869	0.6506364922206506	0.5128205128205129	0.6511173184357542	0.5869565217391304	0.6449698288653676
hi	0.5714285714285714	0.5769230769230769	0.5625	0.5909090909090909	0.5434782608695652	0.5270270270270271	0.5588235294117647	0.5280748663101604	0.532258064516129	0.528714676390155	0.5476190476190476	1.0	0.5561239843514897	0.5625	0.5357142857142857	0.5333333333333333	0.55	0.5625	0.5555555555555556	0.6111111111111112	0.5555555555555556	0.5370370370370371	0.5434782608695652	0.55	0.5640771895101435	0.5303030303030303	0.5774278215223096	0.5555555555555556	0.5483870967741935	0.5666666666666667	0.5344827586206896	0.5555555555555556	0.55	0.5714285714285714	0.5434782608695652
hu	0.6071523885775286	0.6746987951807228	0.5641025641025641	0.6162962962962963	0.6570143379252179	0.600339558573854	0.6741016109045849	0.6197048111941729	0.6260477692654349	0.6098894838783183	0.6485037963376508	0.5561239843514897	1.0	0.6773703211096332	0.6309766200940814	0.6149911964450406	0.6790750141003948	0.6315158777711204	0.6517139229792637	0.5989823116064937	0.5750000000000001	0.6339622641509434	0.643270024772915	0.6709844559585492	0.6818447168709866	0.6217979935716372	0.6992134062927496	0.5142857142857143	0.6438026474127557	0.6731352334748333	0.6280949974734714	0.5142857142857143	0.6706309877766765	0.5952380952380952	0.6537113730487416
id	0.6230088495575222	0.6784359498103296	0.5757575757575757	0.6322436849925707	0.6260480715483511	0.5923076923076923	0.6785171680340322	0.5869289340101523	0.5972222222222223	0.5861616658468601	0.6478784040531983	0.5625	0.6773703211096332	1.0	0.6185567010309279	0.6215139442231076	0.6866691986327383	0.6872146118721462	0.6661442006269592	0.6168224299065421	0.5882352941176471	0.609375	0.6438631790744467	0.6739233317557974	0.6744186046511628	0.6017347307553307	0.6768253968253968	0.5172413793103449	0.6967741935483871	0.7030545818728092	0.6029411764705882	0.5172413793103449	0.6700955180014695	0.6111111111111112	0.642915642915643
it	0.5692266808397555	0.6143123501731332	0.543859649122807	0.5814100938371799	0.6307653104561285	0.6474458444540997	0.6323051948051949	0.6564705882352941	0.6370259667476181	0.6608797337411173	0.6430338004946414	0.5357142857142857	0.6309766200940814	0.6185567010309279	1.0	0.6622073578595319	0.6448141592920354	0.5996279680490207	0.5969734060309336	0.5685393258426966	0.5566778900112234	0.6621157550883658	0.6257689390747451	0.6278852152214598	0.619449081803005	0.6407065435568045	0.6060166727075028	0.5094339622641509	0.6000000000000001	0.6151685393258427	0.6288279621612954	0.5094339622641509	0.6237326323695082	0.5666666666666667	0.667213392907641
ja	0.5625	0.5968739824161511	0.540983606557377	0.5692307692307692	0.6452674897119342	0.6564141035258814	0.630055093189544	0.6532042577423453	0.630730319317104	0.6443519055400347	0.6338891613536046	0.5333333333333333	0.6149911964450406	0.6215139442231076	0.6622073578595319	1.0	0.6326129666011787	0.5954198473282443	0.5961093098656786	0.5623471882640587	0.5522698875468555	0.662044464817786	0.6343042071197411	0.624516896244178	0.6135066582117945	0.6476516105812489	0.6046511627906977	0.5087719298245614	0.6016508712931825	0.6013493693165152	0.6482551421308066	0.5087719298245614	0.608772372069574	0.5625	0.6584726319239594
ko	0.5948586118251928	0.6547260686333534	0.5609756097560976	0.6077586206896551	0.6389979688557887	0.5981639012886381	0.6939736346516008	0.6113970244221951	0.6154319360224976	0.6078343088698784	0.659131736526946	0.55	0.6790750141003948	0.6866691986327383	0.6448141592920354	0.6326129666011787	1.0	0.6274509803921569	0.6427252206033245	0.602194133078941	0.575206611570248	0.6366373902132999	0.6675625972556232	0.6981934112646121	0.6763450042698548	0.6163226116178588	0.6702025072324013	0.5135135135135135	0.6563823351482153	0.6594457455113193	0.634044173648134	0.5135135135135135	0.6692759295499022	0.5909090909090909	0.6746423086250102
lv	0.6111111111111112	0.6791171477079797	0.5757575757575757	0.6216216216216216	0.625	0.5886990801576872	0.6645184389545292	0.5833672500339168	0.589041095890411	0.5866425992779783	0.6111111111111112	0.5625	0.6315158777711204	0.6872146118721462	0.5996279680490207	0.5954198473282443	0.6274509803921569	1.0	0.6354515050167224	0.6000000000000001	0.5882352941176471	0.6000000000000001	0.6370449678800857	0.6307053941908713	0.6469701537533916	0.5979089522979744	0.6624815361890695	0.5172413793103449	0.6393775372124493	0.6536312849162011	0.5942028985507246	0.5172413793103449	0.624113475177305	0.6111111111111112	0.6193167854509707
mk	0.6485461441213655	0.7213114754098361	0.5925925925925926	0.6374501992031872	0.6163891609533138	0.5679012345679012	0.6527196652719666	0.5716602473140077	0.5835988596344122	0.5781263927266245	0.632630410654828	0.5555555555555556	0.6517139229792637	0.6661442006269592	0.5969734060309336	0.5961093098656786	0.6427252206033245	0.6354515050167224	1.0	0.6190476190476191	0.6222547584187409	0.5901639344262295	0.610016155088853	0.6405469366289771	0.670440251572327	0.5801801801801801	0.6665412118931126	0.5217391304347826	0.6793943383805136	0.6766646670665867	0.5916746107403876	0.5217391304347826	0.6170212765957447	0.6333333333333333	0.6185147507629705
ml	0.6666666666666666	0.6558704453441295	0.631578947368421	0.6745362563237775	0.5777777777777777	0.5454545454545455	0.6230936819172113	0.5494903235337568	0.561622464898596	0.5511741682974559	0.5914467697907189	0.6111111111111112	0.5989823116064937	0.6168224299065421	0.5685393258426966	0.5623471882640587	0.602194133078941	0.6000000000000001	0.6190476190476191	1.0	0.6190476190476191	0.5614035087719298	0.5909090909090909	0.5948702101359704	0.6140677335318199	0.5556603773584905	0.646887159533074	0.5333333333333333	0.5882352941176471	0.6153846153846154	0.5573770491803278	0.5333333333333333	0.5890052356020942	0.625	0.5805805805805806
mr	0.6363636363636364	0.6126949973103819	0.6470588235294118	0.6000000000000001	0.5625	0.5394736842105263	0.5833333333333333	0.5384615384615384	0.546875	0.5409511228533685	0.5681818181818182	0.5555555555555556	0.5750000000000001	0.5882352941176471	0.5566778900112234	0.5522698875468555	0.575206611570248	0.5882352941176471	0.6222547584187409	0.6190476190476191	1.0	0.5535714285714286	0.5625	0.5714285714285714	0.5889655172413794	0.5441176470588236	0.6000000000000001	0.5384615384615384	0.59375	0.59375	0.5610200364298725	0.5384615384615384	0.5714285714285714	0.6363636363636364	0.5625
nl	0.5689655172413793	0.601022146507666	0.5454545454545455	0.5842880523731588	0.6330275229357799	0.6298003072196621	0.6295585412667947	0.6351729051350907	0.6246869409660107	0.6315494928296608	0.6500551267916207	0.5370370370370371	0.6339622641509434	0.609375	0.6621157550883658	0.662044464817786	0.6366373902132999	0.6000000000000001	0.5901639344262295	0.5614035087719298	0.5535714285714286	1.0	0.647887323943662	0.6315625	0.6182795698924731	0.6393987570458158	0.6008960238939705	0.5098039215686274	0.6101181460163586	0.6031746031746031	0.6410363560384454	0.5098039215686274	0.6267042783262812	0.5689655172413793	0.6624
pl	0.5800000000000001	0.6340984893074357	0.5531914893617021	0.5960264900662251	0.6420382165605095	0.613086038124678	0.6411062225015713	0.6187985150185622	0.625	0.6255996511120803	0.665083135391924	0.5434782608695652	0.643270024772915	0.6438631790744467	0.6257689390747451	0.6343042071197411	0.6675625972556232	0.6370449678800857	0.610016155088853	0.5909090909090909	0.5625	0.647887323943662	1.0	0.6611324711639287	0.6532951289398281	0.6190476190476191	0.6462140992167102	0.5116279069767442	0.6467391304347827	0.6311881188118811	0.6380789022298455	0.5116279069767442	0.6565656565656566	0.5800000000000001	0.6270358306188926
pt	0.5963302752293578	0.6659376708583926	0.5609756097560976	0.6051873198847263	0.6394523326572008	0.5955056179775281	0.673469387755102	0.6083092186854072	0.6194643610291016	0.6056589344889116	0.6817300232738557	0.55	0.6709844559585492	0.6739233317557974	0.6278852152214598	0.624516896244178	0.6981934112646121	0.6307053941908713	0.6405469366289771	0.5948702101359704	0.5714285714285714	0.6315625	0.6611324711639287	1.0	0.6738131699846861	0.6189351906504544	0.660919540229885	0.5135135135135135	0.6583639223911903	0.6571072319201995	0.6164383561643836	0.5135135135135135	0.6617647058823529	0.5909090909090909	0.6642165650770886
ro	0.6111345423871783	0.6945282205945713	0.5714285714285714	0.6267281105990783	0.6330988522769345	0.5947136563876652	0.6741573033707865	0.5992167101827677	0.6117327907765344	0.5983009708737864	0.6471551371264839	0.5640771895101435	0.6818447168709866	0.6744186046511628	0.619449081803005	0.6135066582117945	0.6763450042698548	0.6469701537533916	0.670440251572327	0.6140677335318199	0.5889655172413794	0.6182795698924731	0.6532951289398281	0.6738131699846861	1.0	0.6077765194412986	0.7072322670375522	0.5161290322580645	0.6733637747336377	0.6947683109118087	0.6220595922634605	0.5161290322580645	0.6666666666666666	0.6052631578947368	0.6645718774548312
ru	0.5571428571428572	0.5906499429874572	0.5373134328358209	0.5692108667529108	0.641203007518797	0.6495390034186264	0.6128172766792876	0.6462203639473559	0.6502463054187192	0.6370777226553272	0.6144393241167435	0.5303030303030303	0.6217979935716372	0.6017347307553307	0.6407065435568045	0.6476516105812489	0.6163226116178588	0.5979089522979744	0.5801801801801801	0.5556603773584905	0.5441176470588236	0.6393987570458158	0.6190476190476191	0.6189351906504544	0.6077765194412986	1.0	0.5949086884338683	0.5079365079365079	0.5866666666666667	0.5866666666666667	0.6360036551934206	0.5079365079365079	0.609857285097909	0.5571428571428572	0.6226479644201163
sh	0.6387665198237885	0.7480185843126538	0.5862068965517242	0.6631578947368422	0.6281725888324873	0.573170731707317	0.6902457185405808	0.5889741800418702	0.5915871851308389	0.5873153779322329	0.6379794200187091	0.5774278215223096	0.6992134062927496	0.6768253968253968	0.6060166727075028	0.6046511627906977	0.6702025072324013	0.6624815361890695	0.6665412118931126	0.646887159533074	0.6000000000000001	0.6008960238939705	0.6462140992167102	0.660919540229885	0.7072322670375522	0.5949086884338683	1.0	0.52	0.6700470843897138	0.7119386637458927	0.5997693194925029	0.52	0.6444099378881988	0.625	0.6388448111710568
si	0.5294117647058824	0.5217391304347826	0.75	0.5263157894736842	0.5116279069767442	0.5070422535211268	0.5161290322580645	0.5068493150684932	0.5084745762711864	0.5068493150684932	0.5128205128205129	0.5555555555555556	0.5142857142857143	0.5172413793103449	0.5094339622641509	0.5087719298245614	0.5135135135135135	0.5172413793103449	0.5217391304347826	0.5333333333333333	0.5384615384615384	0.5098039215686274	0.5116279069767442	0.5135135135135135	0.5161290322580645	0.5079365079365079	0.52	1.0	0.5185185185185185	0.5185185185185185	0.509090909090909	1.0	0.5135135135135135	0.72	0.5116279069767442
simple	0.6176470588235294	0.6559485530546624	0.5806451612903225	0.62426614481409	0.6071428571428572	0.5832012678288431	0.6607387140902873	0.5783542277940784	0.6000000000000001	0.581436230992353	0.6423791821561338	0.5483870967741935	0.6438026474127557	0.6967741935483871	0.6000000000000001	0.6016508712931825	0.6563823351482153	0.6393775372124493	0.6793943383805136	0.5882352941176471	0.59375	0.6101181460163586	0.6467391304347827	0.6583639223911903	0.6733637747336377	0.5866666666666667	0.6700470843897138	0.5185185185185185	1.0	0.6697892271662764	0.6212018906144497	0.5185185185185185	0.640928270042194	0.6176470588235294	0.6312772585669782
sr	0.6176470588235294	0.68352	0.5806451612903225	0.6407766990291263	0.6378986866791745	0.5783132530120483	0.6593548387096775	0.5801661542487081	0.6121232196091422	0.5837332876242715	0.6343130553656869	0.5666666666666667	0.6731352334748333	0.7030545818728092	0.6151685393258427	0.6013493693165152	0.6594457455113193	0.6536312849162011	0.6766646670665867	0.6153846153846154	0.59375	0.6031746031746031	0.6311881188118811	0.6571072319201995	0.6947683109118087	0.5866666666666667	0.7119386637458927	0.5185185185185185	0.6697892271662764	1.0	0.6042296072507553	0.5185185185185185	0.6643752527294784	0.6176470588235294	0.6335403726708074
sv	0.5645161290322581	0.5922246960095907	0.5423728813559322	0.5809128630705394	0.6447140381282496	0.6326530612244898	0.6136762127410871	0.6258957654723127	0.626553953257086	0.6293304994686504	0.6506364922206506	0.5344827586206896	0.6280949974734714	0.6029411764705882	0.6288279621612954	0.6482551421308066	0.634044173648134	0.5942028985507246	0.5916746107403876	0.5573770491803278	0.5610200364298725	0.6410363560384454	0.6380789022298455	0.6164383561643836	0.6220595922634605	0.6360036551934206	0.5997693194925029	0.509090909090909	0.6212018906144497	0.6042296072507553	1.0	0.509090909090909	0.6234256926952141	0.5645161290322581	0.6309897379357137
te	0.5294117647058824	0.5217391304347826	0.75	0.5263157894736842	0.5116279069767442	0.5070422535211268	0.5161290322580645	0.5068493150684932	0.5084745762711864	0.5068493150684932	0.5128205128205129	0.5555555555555556	0.5142857142857143	0.5172413793103449	0.5094339622641509	0.5087719298245614	0.5135135135135135	0.5172413793103449	0.5217391304347826	0.5333333333333333	0.5384615384615384	0.5098039215686274	0.5116279069767442	0.5135135135135135	0.5161290322580645	0.5079365079365079	0.52	1.0	0.5185185185185185	0.5185185185185185	0.509090909090909	1.0	0.5135135135135135	0.72	0.5116279069767442
vi	0.6016830294530154	0.6423185673892554	0.5609756097560976	0.6195652173913043	0.6478405315614618	0.5955056179775281	0.6671850699844479	0.6019417475728156	0.6226495726495727	0.602510460251046	0.6511173184357542	0.55	0.6706309877766765	0.6700955180014695	0.6237326323695082	0.608772372069574	0.6692759295499022	0.624113475177305	0.6170212765957447	0.5890052356020942	0.5714285714285714	0.6267042783262812	0.6565656565656566	0.6617647058823529	0.6666666666666666	0.609857285097909	0.6444099378881988	0.5135135135135135	0.640928270042194	0.6643752527294784	0.6234256926952141	0.5135135135135135	1.0	0.5909090909090909	0.6314171533968644
war	0.64	0.6333333333333333	0.896551724137931	0.6296296296296295	0.5800000000000001	0.5512820512820512	0.6052631578947368	0.55	0.5606060606060607	0.55	0.5869565217391304	0.5714285714285714	0.5952380952380952	0.6111111111111112	0.5666666666666667	0.5625	0.5909090909090909	0.6111111111111112	0.6333333333333333	0.625	0.6363636363636364	0.5689655172413793	0.5800000000000001	0.5909090909090909	0.6052631578947368	0.5571428571428572	0.625	0.72	0.6176470588235294	0.6176470588235294	0.5645161290322581	0.72	0.5909090909090909	1.0	0.5800000000000001
zh	0.5825404017520012	0.6333401346663946	0.5531914893617021	0.5932932072226998	0.6318380743982495	0.6150049358341559	0.672120830711139	0.6304431897285173	0.6255672241669908	0.6250224698903469	0.6449698288653676	0.5434782608695652	0.6537113730487416	0.642915642915643	0.667213392907641	0.6584726319239594	0.6746423086250102	0.6193167854509707	0.6185147507629705	0.5805805805805806	0.5625	0.6624	0.6270358306188926	0.6642165650770886	0.6645718774548312	0.6226479644201163	0.6388448111710568	0.5116279069767442	0.6312772585669782	0.6335403726708074	0.6309897379357137	0.5116279069767442	0.6314171533968644	0.5800000000000001	1.0
