arz	bs	ceb	ckb	da	de	el	en	es	fr	he	hi	hu	id	it	ja	ko	lv	mk	ml	mr	nl	pl	pt	ro	ru	sh	si	simple	sr	sv	te	vi	war	zh
arz	1.0	0.1611046054628617	0.4364916731037085	0.3726822671238253	0.32037724101704074	0.3483314773547883	0.2240092377397959	0.2432005499552144	0.30216947925196225	0.2402530733520421	0.19979185307340716	0.5	0.18547365426504628	0.23642231563381821	0.21657077641472244	0.23582845781094	0.19595764913092167	0.23582845781094	0.22251276167770798	0.23422970475444355	0.3797958971132712	0.3483314773547883	0.28989794855663564	0.1702236918375798	0.1456635526578745	0.28989794855663564	0.17734809780326924	1.0	0.27429188517743175	0.20658711810431302	0.30216947925196225	1.0	0.29276256580290705	0.36602540378443865	0.18028017768319832
bs	0.1611046054628617	1.0	0.25000000000000006	0.1617784376872238	0.12290820544327968	0.11722733032130003	0.24895034907762825	0.14883026707169292	0.11955975917837658	0.12942353415875274	0.14124151641283736	0.27792629762666365	0.348281224223826	0.15145674679024573	0.14707085639254958	0.13837305274379333	0.24537622987185695	0.12439970024766075	0.2064774764610519	0.4998442827608513	0.18487170508982456	0.11870977513850886	0.1386139692070953	0.25128194410663945	0.3466945270710464	0.12146982382129513	0.35054211072246755	1.0	0.13234593243760204	0.18047994731056888	0.12053648883836576	1.0	0.13300304801133617	0.15585972716790494	0.21355710089754776
ceb	0.4364916731037085	0.25000000000000006	1.0	1.0	1.0	0.585786437626905	0.36602540378443865	0.5	0.5	0.4364916731037085	0.3797958971132712	1.0	0.32449979983983984	0.30383243470068705	0.4142135623730951	0.39564392373896007	0.2989350844248255	0.353889367864523	0.39564392373896007	0.24257131419419417	1.0	1.0	0.585786437626905	0.27718637277259645	0.3164309725825328	0.585786437626905	0.2674788903885893	1.0	0.4364916731037085	0.3164309725825327	0.585786437626905	1.0	0.585786437626905	1.0	0.39564392373896007
ckb	0.3726822671238253	0.1617784376872238	1.0	1.0	0.2243520109640458	0.22552601701157443	0.1462082982295571	0.18693230249385362	0.21089672205953397	0.23050768785623318	0.1850918323024189	0.41319688409934685	0.15576902710116955	0.17771137312908264	0.18366242839957464	0.20377296565217137	0.1463736946649906	0.20185781377656042	0.22913467650300923	0.19425542723938788	1.0	0.21549904058881503	0.20285348090880115	0.14510879893289044	0.14649401731586448	0.22095665563292993	0.14716615221726528	1.0	0.33300151973035974	0.1814095147117791	0.2164932466079007	1.0	0.19636040545626823	0.44948974278317805	0.17618369510709664
da	0.32037724101704074	0.12290820544327968	1.0	0.2243520109640458	1.0	0.0838151148811219	0.09952204456850916	0.07527216796522254	0.09026871009362	0.0836445534910183	0.124430600787108	0.5	0.08333072985513913	0.10142421384757747	0.08880218658847461	0.09183420181921656	0.08444101748203978	0.15472504976722104	0.1275059044203105	0.16701317095672977	0.5	0.10281606340811979	0.1012070246294334	0.08768166839874506	0.09279516950228693	0.08293099398789336	0.10926041163454585	1.0	0.181487558302327	0.11098220197055725	0.09118671113560128	1.0	0.10188634908321176	0.585786437626905	0.0849805458552141
de	0.3483314773547883	0.11722733032130003	0.585786437626905	0.22552601701157443	0.0838151148811219	1.0	0.08147806168460163	0.0436395634534909	0.07629643814063855	0.04427176694618219	0.08547320714678142	0.585786437626905	0.07615132878577625	0.09387134978053017	0.0503428513672483	0.05492306966304525	0.07628309744232935	0.17826035697019474	0.12325201153317678	0.16751951839708049	0.44948974278317805	0.09827770081675358	0.09694319249327589	0.07031270746845224	0.08301027997125193	0.07154382819006189	0.10510060395752727	1.0	0.1434706439883859	0.10777938051508065	0.09253315831125561	1.0	0.09351111759995433	0.585786437626905	0.06699864317019139
el	0.2240092377397959	0.24895034907762825	0.36602540378443865	0.1462082982295571	0.09952204456850916	0.08147806168460163	1.0	0.12064166374188985	0.08495160222006173	0.08920149845887339	0.13972870976703639	0.3240749299922019	0.22979099960942148	0.14205121502368795	0.11115067906459371	0.1056503333077382	0.22095915177030914	0.09360395932765998	0.17087062643528692	0.22457825019285016	0.2958163163244893	0.08285113779811346	0.10018287522633668	0.28471313430576456	0.21572539654692485	0.08410865637099924	0.25116686190400983	1.0	0.12422364035262991	0.16833605133780655	0.08358022594155179	1.0	0.10990169507959646	0.16760090740494846	0.31785067089724117
en	0.2432005499552144	0.14883026707169292	0.5	0.18693230249385362	0.07527216796522254	0.0436395634534909	0.12064166374188985	1.0	0.06351019773792631	0.08091231589077177	0.10711887273288458	0.49851311685382416	0.17104549440979377	0.13676691841326896	0.23184044498947576	0.07861627843000411	0.16156762319783138	0.11525823667406737	0.17619416840692095	0.18444830650663172	0.4142135623730951	0.05664935596985401	0.07199862749930476	0.16306397419769889	0.16151002390104607	0.04925730756415963	0.135492571463176	1.0	0.11300114255366801	0.13372292285845702	0.051093547243729054	1.0	0.1294706954968621	0.21979723016032493	0.16006948614279295
es	0.30216947925196225	0.11955975917837658	0.5	0.21089672205953397	0.09026871009362	0.07629643814063855	0.08495160222006173	0.06351019773792631	1.0	0.06662198938883275	0.10195653233036626	0.585786437626905	0.08000466726044052	0.09527937216356566	0.06837465408981969	0.07470755854702035	0.07917626787787252	0.1921904042583698	0.12970970025154663	0.1703456204937664	0.3430703308172536	0.08771866464680307	0.09655534551182889	0.07444077087055169	0.0853381881200984	0.06849873891813581	0.10693576852152273	1.0	0.14215178628166494	0.11175274545542854	0.08833198907245556	1.0	0.09259135534929727	0.3430703308172536	0.08298699270447218
fr	0.2402530733520421	0.12942353415875274	0.4364916731037085	0.23050768785623318	0.0836445534910183	0.04427176694618219	0.08920149845887339	0.08091231589077177	0.06662198938883275	1.0	0.08856216410417453	0.585786437626905	0.08823414098926927	0.09997942231003117	0.08277775315714832	0.06737932655912242	0.08254260619768337	0.14901779812309676	0.13392364752654337	0.17488714587366355	0.3721897513507093	0.06434574625503511	0.09183272167158232	0.09361174741184877	0.09167059257677314	0.0571774931626975	0.11625820212227447	1.0	0.139955284696951	0.11834932878658601	0.056809152840731944	1.0	0.08147751208780799	0.28989794855663564	0.09946412192083243
he	0.19979185307340716	0.14124151641283736	0.3797958971132712	0.1850918323024189	0.124430600787108	0.08547320714678142	0.13972870976703639	0.10711887273288458	0.10195653233036626	0.08856216410417453	1.0	0.3333333333333333	0.09254023574955438	0.10964416238300774	0.10137686366074485	0.09081909749482893	0.11100703532367304	0.15690556205084955	0.13970552832400854	0.19406514425195778	0.2708131845707603	0.08382496794701698	0.10962557235917302	0.0962330207290751	0.11561400026894654	0.09011750546491101	0.12121525363190647	1.0	0.13600082011219267	0.12460939008336286	0.08718634716171689	1.0	0.10601267968089219	0.23166247903554	0.11742301709542408
hi	0.5	0.27792629762666365	1.0	0.41319688409934685	0.5	0.585786437626905	0.3240749299922019	0.49851311685382416	0.585786437626905	0.585786437626905	0.3333333333333333	1.0	0.3139485079232126	0.3333333333333333	0.34054242658316675	0.44948974278317805	0.4142135623730951	0.585786437626905	0.5	0.28989794855663564	1.0	0.585786437626905	0.5	0.44948974278317805	0.585786437626905	0.44948974278317805	0.37926872769071385	1.0	0.585786437626905	0.585786437626905	0.5	1.0	0.5	0.585786437626905	0.44948974278317805
hu	0.18547365426504628	0.348281224223826	0.32449979983983984	0.15576902710116955	0.08333072985513913	0.07615132878577625	0.22979099960942148	0.17104549440979377	0.08000466726044052	0.08823414098926927	0.09254023574955438	0.3139485079232126	1.0	0.23182012800192608	0.17503660054859457	0.0959374575259832	0.17902676045579013	0.10259894329671305	0.17740571591789747	0.4488360390597204	0.28989794855663564	0.08486440027110063	0.08345985133117091	0.3439024970238244	0.3400227473801207	0.07849472003541838	0.355751628607701	1.0	0.12005949671140535	0.17013006145817014	0.07751059560556246	1.0	0.09515910629112517	0.14923419446018063	0.3730114357852159
id	0.23642231563381821	0.15145674679024573	0.30383243470068705	0.17771137312908264	0.10142421384757747	0.09387134978053017	0.14205121502368795	0.13676691841326896	0.09527937216356566	0.09997942231003117	0.10964416238300774	0.3333333333333333	0.23182012800192608	1.0	0.1284201432952086	0.10679532524387605	0.14899822838014176	0.13417776210537877	0.1610306482817222	0.22587999335989503	0.2857142857142857	0.09500440920986289	0.10496062663748874	0.17629285722181842	0.18409448537229878	0.09586892434842617	0.14769808253649688	1.0	0.11633685916702034	0.1476954021289709	0.09564839197687128	1.0	0.1047674961568007	0.23166247903554	0.1624015913942219
it	0.21657077641472244	0.14707085639254958	0.4142135623730951	0.18366242839957464	0.08880218658847461	0.0503428513672483	0.11115067906459371	0.23184044498947576	0.06837465408981969	0.08277775315714832	0.10137686366074485	0.34054242658316675	0.17503660054859457	0.1284201432952086	1.0	0.08211089211611411	0.13184372575999626	0.13416660994822976	0.1398701812938551	0.19412919987720811	0.3326708590659174	0.05939535440613049	0.08050173456559734	0.16304170352097114	0.12410057775802301	0.05868786970042962	0.1294466645373442	1.0	0.1288349013410316	0.12398857456745559	0.061054606381566894	1.0	0.09335975379818699	0.2553967929896867	0.16396668719187163
ja	0.23582845781094	0.13837305274379333	0.39564392373896007	0.20377296565217137	0.09183420181921656	0.05492306966304525	0.1056503333077382	0.07861627843000411	0.07470755854702035	0.06737932655912242	0.09081909749482893	0.44948974278317805	0.0959374575259832	0.10679532524387605	0.08211089211611411	1.0	0.09656696219497628	0.11985385215551012	0.13101317277091673	0.18012075388395135	0.3259804096326177	0.0663860476697502	0.08957441829913994	0.08463154121010864	0.10321858816210366	0.06627353947435105	0.12380598826725694	1.0	0.13506291496106201	0.136904606277666	0.07132331548168308	1.0	0.10540951519919305	0.2588283628687876	0.08436357633867776
ko	0.19595764913092167	0.24537622987185695	0.2989350844248255	0.1463736946649906	0.08444101748203978	0.07628309744232935	0.22095915177030914	0.16156762319783138	0.07917626787787252	0.08254260619768337	0.11100703532367304	0.4142135623730951	0.17902676045579013	0.14899822838014176	0.13184372575999626	0.09656696219497628	1.0	0.09657706271794043	0.15528990619033964	0.2338799831051993	0.2815429907304882	0.07983939107021892	0.08908253171014806	0.16660224029893167	0.1937873960340023	0.07697316385405048	0.26798071649782296	1.0	0.1148100696582305	0.14417807476972544	0.07715722536154822	1.0	0.10537299998363434	0.14518338349164053	0.2135583653917329
lv	0.23582845781094	0.12439970024766075	0.353889367864523	0.20185781377656042	0.15472504976722104	0.17826035697019474	0.09360395932765998	0.11525823667406737	0.1921904042583698	0.14901779812309676	0.15690556205084955	0.585786437626905	0.10259894329671305	0.13417776210537877	0.13416660994822976	0.11985385215551012	0.09657706271794043	1.0	0.14818841137110966	0.17720721169954737	0.3090169943749474	0.18933139574356017	0.14964567631056058	0.10795390923084647	0.10652845370208697	0.13670161484946433	0.10926406080601876	1.0	0.19636040545626823	0.11947377491768081	0.18650470794741822	1.0	0.16556365341124699	0.3164309725825328	0.10544745738748224
mk	0.22251276167770798	0.2064774764610519	0.39564392373896007	0.22913467650300923	0.1275059044203105	0.12325201153317678	0.17087062643528692	0.17619416840692095	0.12970970025154663	0.13392364752654337	0.13970552832400854	0.5	0.17740571591789747	0.1610306482817222	0.1398701812938551	0.13101317277091673	0.15528990619033964	0.14818841137110966	1.0	0.24947532147307067	0.30160192667323976	0.12316950612552786	0.1346835841806006	0.17797163843889657	0.18188287814685736	0.12451666811490258	0.1637422214091285	1.0	0.13595976742874777	0.13833046235558555	0.12671889429172387	1.0	0.1254674603375598	0.203075234310397	0.17303699857839414
ml	0.23422970475444355	0.4998442827608513	0.24257131419419417	0.19425542723938788	0.16701317095672977	0.16751951839708049	0.22457825019285016	0.18444830650663172	0.1703456204937664	0.17488714587366355	0.19406514425195778	0.28989794855663564	0.4488360390597204	0.22587999335989503	0.19412919987720811	0.18012075388395135	0.2338799831051993	0.17720721169954737	0.24947532147307067	1.0	0.24257131419419417	0.16891591579753754	0.17489425310436943	0.4430733483231947	0.2979926538578119	0.1703456204937664	0.26551958040865403	1.0	0.2203989951799638	0.19882585675283837	0.16996213061141213	1.0	0.1765015117146783	0.2240092377397959	0.22109243323737995
mr	0.3797958971132712	0.18487170508982456	1.0	1.0	0.5	0.44948974278317805	0.2958163163244893	0.4142135623730951	0.3430703308172536	0.3721897513507093	0.2708131845707603	1.0	0.28989794855663564	0.2857142857142857	0.3326708590659174	0.3259804096326177	0.2815429907304882	0.3090169943749474	0.30160192667323976	0.24257131419419417	1.0	0.44948974278317805	0.3660254037844386	0.24725970328651137	0.24002294646713998	0.3797958971132712	0.2222222222222222	1.0	0.3333333333333333	0.2742918851774318	0.4485068563421602	1.0	0.44948974278317805	0.5	0.3090169943749474
nl	0.3483314773547883	0.11870977513850886	1.0	0.21549904058881503	0.10281606340811979	0.09827770081675358	0.08285113779811346	0.05664935596985401	0.08771866464680307	0.06434574625503511	0.08382496794701698	0.585786437626905	0.08486440027110063	0.09500440920986289	0.05939535440613049	0.0663860476697502	0.07983939107021892	0.18933139574356017	0.12316950612552786	0.16891591579753754	0.44948974278317805	1.0	0.09334839318583005	0.0734240156199293	0.09026535127238852	0.09057508401201504	0.1065550661158589	1.0	0.1445205882630244	0.10936119766602408	0.10333430452685935	1.0	0.1064837447397724	0.585786437626905	0.06955100378522763
pl	0.28989794855663564	0.1386139692070953	0.585786437626905	0.20285348090880115	0.1012070246294334	0.09694319249327589	0.10018287522633668	0.07199862749930476	0.09655534551182889	0.09183272167158232	0.10962557235917302	0.5	0.08345985133117091	0.10496062663748874	0.08050173456559734	0.08957441829913994	0.08908253171014806	0.14964567631056058	0.1346835841806006	0.17489425310436943	0.3660254037844386	0.09334839318583005	1.0	0.08941786431819437	0.09912139006089801	0.09872236509309525	0.12375864659520466	1.0	0.13598514904153253	0.12476696378582398	0.09874767194375071	1.0	0.08644737553843898	0.30216947925196225	0.08975046950499224
pt	0.1702236918375798	0.25128194410663945	0.27718637277259645	0.14510879893289044	0.08768166839874506	0.07031270746845224	0.28471313430576456	0.16306397419769889	0.07444077087055169	0.09361174741184877	0.0962330207290751	0.44948974278317805	0.3439024970238244	0.17629285722181842	0.16304170352097114	0.08463154121010864	0.16660224029893167	0.10795390923084647	0.17797163843889657	0.4430733483231947	0.24725970328651137	0.0734240156199293	0.08941786431819437	1.0	0.22067656269882893	0.07198754297415222	0.24074006926325722	1.0	0.12131460917074688	0.15974170143062374	0.07146791355918827	1.0	0.09717738951808483	0.1842574582922436	0.3151049493837404
ro	0.1456635526578745	0.3466945270710464	0.3164309725825328	0.14649401731586448	0.09279516950228693	0.08301027997125193	0.21572539654692485	0.16151002390104607	0.0853381881200984	0.09167059257677314	0.11561400026894654	0.585786437626905	0.3400227473801207	0.18409448537229878	0.12410057775802301	0.10321858816210366	0.1937873960340023	0.10652845370208697	0.18188287814685736	0.2979926538578119	0.24002294646713998	0.09026535127238852	0.09912139006089801	0.22067656269882893	1.0	0.08477398762341899	0.3530345761898498	1.0	0.11469968506908944	0.16590608550102778	0.08523179940748166	1.0	0.10443606827565455	0.156159660795834	0.2275949278905553
ru	0.28989794855663564	0.12146982382129513	0.585786437626905	0.22095665563292993	0.08293099398789336	0.07154382819006189	0.08410865637099924	0.04925730756415963	0.06849873891813581	0.0571774931626975	0.09011750546491101	0.44948974278317805	0.07849472003541838	0.09586892434842617	0.05868786970042962	0.06627353947435105	0.07697316385405048	0.13670161484946433	0.12451666811490258	0.1703456204937664	0.3797958971132712	0.09057508401201504	0.09872236509309525	0.07198754297415222	0.08477398762341899	1.0	0.1088305265341685	1.0	0.14004687048412637	0.10932286594142468	0.11014474044029104	1.0	0.09255005413922979	0.353889367864523	0.07293736301801824
sh	0.17734809780326924	0.35054211072246755	0.2674788903885893	0.14716615221726528	0.10926041163454585	0.10510060395752727	0.25116686190400983	0.135492571463176	0.10693576852152273	0.11625820212227447	0.12121525363190647	0.37926872769071385	0.355751628607701	0.14769808253649688	0.1294466645373442	0.12380598826725694	0.26798071649782296	0.10926406080601876	0.1637422214091285	0.26551958040865403	0.2222222222222222	0.1065550661158589	0.12375864659520466	0.24074006926325722	0.3530345761898498	0.1088305265341685	1.0	1.0	0.11065810879997107	0.18077878087404015	0.1078012455083333	1.0	0.1177280669024266	0.16879264089884097	0.2162580386716309
si	1.0	1.0	1.0	1.0	1.0	1.0	1.0	1.0	1.0	1.0	1.0	1.0	1.0	1.0	1.0	1.0	1.0	1.0	1.0	1.0	1.0	1.0	1.0	1.0	1.0	1.0	1.0	1.0	1.0	1.0	1.0	1.0	1.0	1.0	1.0
simple	0.27429188517743175	0.13234593243760204	0.4364916731037085	0.33300151973035974	0.181487558302327	0.1434706439883859	0.12422364035262991	0.11300114255366801	0.14215178628166494	0.139955284696951	0.13600082011219267	0.585786437626905	0.12005949671140535	0.11633685916702034	0.1288349013410316	0.13506291496106201	0.1148100696582305	0.19636040545626823	0.13595976742874777	0.2203989951799638	0.3333333333333333	0.1445205882630244	0.13598514904153253	0.12131460917074688	0.11469968506908944	0.14004687048412637	0.11065810879997107	1.0	1.0	0.13006607194319614	0.14662379104113538	1.0	0.1312621591942921	0.27429188517743175	0.11839238646669203
sr	0.20658711810431302	0.18047994731056888	0.3164309725825327	0.1814095147117791	0.11098220197055725	0.10777938051508065	0.16833605133780655	0.13372292285845702	0.11175274545542854	0.11834932878658601	0.12460939008336286	0.585786437626905	0.17013006145817014	0.1476954021289709	0.12398857456745559	0.136904606277666	0.14417807476972544	0.11947377491768081	0.13833046235558555	0.19882585675283837	0.2742918851774318	0.10936119766602408	0.12476696378582398	0.15974170143062374	0.16590608550102778	0.10932286594142468	0.18077878087404015	1.0	0.13006607194319614	1.0	0.11113975675905877	1.0	0.12188812733286554	0.25355482027512377	0.1875517295974566
sv	0.30216947925196225	0.12053648883836576	0.585786437626905	0.2164932466079007	0.09118671113560128	0.09253315831125561	0.08358022594155179	0.051093547243729054	0.08833198907245556	0.056809152840731944	0.08718634716171689	0.5	0.07751059560556246	0.09564839197687128	0.061054606381566894	0.07132331548168308	0.07715722536154822	0.18650470794741822	0.12671889429172387	0.16996213061141213	0.4485068563421602	0.10333430452685935	0.09874767194375071	0.07146791355918827	0.08523179940748166	0.11014474044029104	0.1078012455083333	1.0	0.14662379104113538	0.11113975675905877	1.0	1.0	0.09159965275281907	0.39564392373896007	0.0673502725709139
te	1.0	1.0	1.0	1.0	1.0	1.0	1.0	1.0	1.0	1.0	1.0	1.0	1.0	1.0	1.0	1.0	1.0	1.0	1.0	1.0	1.0	1.0	1.0	1.0	1.0	1.0	1.0	1.0	1.0	1.0	1.0	1.0	1.0	1.0	1.0
vi	0.29276256580290705	0.13300304801133617	0.585786437626905	0.19636040545626823	0.10188634908321176	0.09351111759995433	0.10990169507959646	0.1294706954968621	0.09259135534929727	0.08147751208780799	0.10601267968089219	0.5	0.09515910629112517	0.1047674961568007	0.09335975379818699	0.10540951519919305	0.10537299998363434	0.16556365341124699	0.1254674603375598	0.1765015117146783	0.44948974278317805	0.1064837447397724	0.08644737553843898	0.09717738951808483	0.10443606827565455	0.09255005413922979	0.1177280669024266	1.0	0.1312621591942921	0.12188812733286554	0.09159965275281907	1.0	1.0	0.44948974278317805	0.11094030462245681
war	0.36602540378443865	0.15585972716790494	1.0	0.44948974278317805	0.585786437626905	0.585786437626905	0.16760090740494846	0.21979723016032493	0.3430703308172536	0.28989794855663564	0.23166247903554	0.585786437626905	0.14923419446018063	0.23166247903554	0.2553967929896867	0.2588283628687876	0.14518338349164053	0.3164309725825328	0.203075234310397	0.2240092377397959	0.5	0.585786437626905	0.30216947925196225	0.1842574582922436	0.156159660795834	0.353889367864523	0.16879264089884097	1.0	0.27429188517743175	0.25355482027512377	0.39564392373896007	1.0	0.44948974278317805	1.0	0.17070721772550654
zh	0.18028017768319832	0.21355710089754776	0.39564392373896007	0.17618369510709664	0.0849805458552141	0.06699864317019139	0.31785067089724117	0.16006948614279295	0.08298699270447218	0.09946412192083243	0.11742301709542408	0.44948974278317805	0.3730114357852159	0.1624015913942219	0.16396668719187163	0.08436357633867776	0.2135583653917329	0.10544745738748224	0.17303699857839414	0.22109243323737995	0.3090169943749474	0.06955100378522763	0.08975046950499224	0.3151049493837404	0.2275949278905553	0.07293736301801824	0.2162580386716309	1.0	0.11839238646669203	0.1875517295974566	0.0673502725709139	1.0	0.11094030462245681	0.17070721772550654	1.0
