arz	bs	ceb	ckb	da	de	el	en	es	fr	he	hi	hu	id	it	ja	ko	lv	mk	ml	mr	nl	pl	pt	ro	ru	sh	si	simple	sr	sv	te	vi	war	zh
arz	1.0	0.0	0.0	0.0	1.0	1.0	1.0	1.0	1.0	1.0	1.0	1.0	1.0	1.0	1.0	1.0	1.0	1.0	0.0	1.0	0.0	1.0	1.0	1.0	1.0	1.0	1.0	0.0	1.0	1.0	1.0	0.0	1.0	0.0	1.0
bs	0.0	1.0	1.0	1.0	1.0	0.585786437626905	1.0	0.585786437626905	0.585786437626905	0.5	1.0	1.0	0.585786437626905	0.5	0.5	0.5	1.0	1.0	1.0	1.0	1.0	0.5	0.585786437626905	0.585786437626905	1.0	0.5	1.0	1.0	1.0	1.0	0.5	0.0	1.0	1.0	0.585786437626905
ceb	0.0	1.0	1.0	0.0	0.0	1.0	1.0	1.0	1.0	1.0	1.0	0.0	0.0	1.0	1.0	1.0	1.0	0.0	0.0	0.0	0.0	1.0	1.0	1.0	1.0	1.0	0.0	0.0	0.0	1.0	1.0	0.0	1.0	0.0	1.0
ckb	0.0	1.0	0.0	1.0	1.0	1.0	1.0	1.0	1.0	1.0	1.0	1.0	1.0	1.0	1.0	1.0	1.0	1.0	1.0	1.0	1.0	1.0	1.0	1.0	1.0	1.0	1.0	1.0	1.0	1.0	1.0	0.0	1.0	1.0	1.0
da	1.0	1.0	0.0	1.0	1.0	0.3660254037844386	1.0	0.38742588672279304	1.0	1.0	1.0	1.0	0.585786437626905	1.0	0.4142135623730951	0.585786437626905	0.585786437626905	1.0	1.0	1.0	1.0	0.585786437626905	0.585786437626905	1.0	1.0	1.0	1.0	1.0	1.0	1.0	0.5	0.0	1.0	1.0	1.0
de	1.0	0.585786437626905	1.0	1.0	0.3660254037844386	1.0	0.4364916731037085	0.12994151655209632	0.2372732414640341	0.20521309615767264	0.44948974278317805	0.5	0.44948974278317805	0.2791745113185196	0.2612038749637414	0.3430703308172536	0.34833147735478825	1.0	1.0	1.0	1.0	0.3333333333333333	0.3333333333333333	0.21290885543182675	0.4142135623730951	0.27429188517743175	0.30552726787943424	1.0	0.5	0.5	0.2193450929151803	1.0	0.5	1.0	0.28989794855663564
el	1.0	1.0	1.0	1.0	1.0	0.4364916731037085	1.0	1.0	0.585786437626905	0.585786437626905	1.0	1.0	0.585786437626905	1.0	1.0	1.0	1.0	1.0	1.0	1.0	1.0	1.0	1.0	0.5	1.0	1.0	0.585786437626905	1.0	1.0	1.0	1.0	0.0	1.0	1.0	1.0
en	1.0	0.585786437626905	1.0	1.0	0.38742588672279304	0.12994151655209632	1.0	1.0	0.15974667297574377	0.16056186254883698	0.30216947925196225	0.5	0.4142135623730951	0.20126284519300922	0.18400240527946554	0.23800671553691075	0.2708131845707603	1.0	1.0	1.0	1.0	0.23166247903554	0.2402530733520421	0.1827439976315568	0.5	0.2372732414640341	0.5	1.0	0.5	0.5	0.22281267964860224	1.0	0.34833147735478825	1.0	0.23800671553691075
es	1.0	0.585786437626905	1.0	1.0	1.0	0.2372732414640341	0.585786437626905	0.15974667297574377	1.0	0.2592192604530755	1.0	1.0	0.44948974278317805	0.28172904669025317	0.2070518364164892	0.5	0.585786437626905	1.0	1.0	1.0	1.0	0.44948974278317805	0.28989794855663564	0.24179033438163733	0.585786437626905	0.44948974278317805	0.585786437626905	1.0	0.585786437626905	1.0	0.3021694792519622	1.0	1.0	1.0	0.585786437626905
fr	1.0	0.5	1.0	1.0	1.0	0.20521309615767264	0.585786437626905	0.16056186254883698	0.2592192604530755	1.0	0.44948974278317805	0.585786437626905	0.5	0.27195617308673004	0.22772999919644132	1.0	0.585786437626905	1.0	1.0	1.0	1.0	0.3333333333333333	0.35388936786452296	0.2612038749637414	0.5	0.44948974278317805	0.5	1.0	0.585786437626905	0.585786437626905	0.2791745113185196	1.0	1.0	1.0	0.5
he	1.0	1.0	1.0	1.0	1.0	0.44948974278317805	1.0	0.30216947925196225	1.0	0.44948974278317805	1.0	1.0	0.585786437626905	0.5	0.585786437626905	1.0	1.0	1.0	1.0	1.0	1.0	1.0	1.0	0.585786437626905	1.0	1.0	0.585786437626905	1.0	0.585786437626905	1.0	0.585786437626905	0.0	1.0	1.0	1.0
hi	1.0	1.0	0.0	1.0	1.0	0.5	1.0	0.5	1.0	0.585786437626905	1.0	1.0	1.0	0.585786437626905	1.0	1.0	1.0	1.0	1.0	1.0	1.0	1.0	1.0	1.0	1.0	1.0	1.0	1.0	1.0	1.0	1.0	0.0	1.0	1.0	1.0
hu	1.0	0.585786437626905	0.0	1.0	0.585786437626905	0.44948974278317805	0.585786437626905	0.4142135623730951	0.44948974278317805	0.5	0.585786437626905	1.0	1.0	0.44948974278317805	0.44948974278317805	0.585786437626905	0.5	1.0	1.0	1.0	1.0	0.585786437626905	0.585786437626905	1.0	0.585786437626905	0.585786437626905	0.585786437626905	1.0	1.0	0.585786437626905	0.40453726661826384	0.0	1.0	1.0	0.585786437626905
id	1.0	0.5	1.0	1.0	1.0	0.2791745113185196	1.0	0.20126284519300922	0.28172904669025317	0.27195617308673004	0.5	0.585786437626905	0.44948974278317805	1.0	0.3660254037844386	0.36602540378443865	0.44948974278317805	0.585786437626905	1.0	0.585786437626905	1.0	0.38742588672279304	0.44948974278317805	0.30552726787943424	0.5	0.32449979983983984	0.3726822671238253	1.0	0.585786437626905	0.5	0.38742588672279304	0.0	0.585786437626905	1.0	0.36602540378443865
it	1.0	0.5	1.0	1.0	0.4142135623730951	0.2612038749637414	1.0	0.18400240527946554	0.2070518364164892	0.22772999919644132	0.585786437626905	1.0	0.44948974278317805	0.3660254037844386	1.0	0.44948974278317805	1.0	1.0	1.0	1.0	1.0	0.27195617308673004	0.34833147735478825	0.28172904669025317	0.585786437626905	0.3660254037844386	0.5	1.0	0.5	1.0	0.3090169943749474	1.0	0.585786437626905	1.0	0.5
ja	1.0	0.5	1.0	1.0	0.585786437626905	0.3430703308172536	1.0	0.23800671553691075	0.5	1.0	1.0	1.0	0.585786437626905	0.36602540378443865	0.44948974278317805	1.0	1.0	1.0	1.0	1.0	1.0	0.5	0.585786437626905	0.38742588672279304	0.585786437626905	1.0	0.585786437626905	1.0	0.585786437626905	1.0	0.3333333333333333	1.0	1.0	1.0	1.0
ko	1.0	1.0	1.0	1.0	0.585786437626905	0.34833147735478825	1.0	0.2708131845707603	0.585786437626905	0.585786437626905	1.0	1.0	0.5	0.44948974278317805	1.0	1.0	1.0	1.0	1.0	1.0	1.0	0.585786437626905	1.0	1.0	1.0	1.0	1.0	1.0	0.585786437626905	1.0	0.4364916731037085	1.0	1.0	1.0	1.0
lv	1.0	1.0	0.0	1.0	1.0	1.0	1.0	1.0	1.0	1.0	1.0	1.0	1.0	0.585786437626905	1.0	1.0	1.0	1.0	1.0	1.0	1.0	1.0	1.0	1.0	1.0	1.0	1.0	1.0	1.0	1.0	1.0	0.0	1.0	1.0	1.0
mk	0.0	1.0	0.0	1.0	1.0	1.0	1.0	1.0	1.0	1.0	1.0	1.0	1.0	1.0	1.0	1.0	1.0	1.0	1.0	1.0	1.0	1.0	1.0	0.585786437626905	1.0	1.0	1.0	1.0	1.0	1.0	1.0	0.0	1.0	1.0	1.0
ml	1.0	1.0	0.0	1.0	1.0	1.0	1.0	1.0	1.0	1.0	1.0	1.0	1.0	0.585786437626905	1.0	1.0	1.0	1.0	1.0	1.0	1.0	1.0	1.0	1.0	1.0	1.0	1.0	1.0	1.0	1.0	1.0	0.0	1.0	1.0	1.0
mr	0.0	1.0	0.0	1.0	1.0	1.0	1.0	1.0	1.0	1.0	1.0	1.0	1.0	1.0	1.0	1.0	1.0	1.0	1.0	1.0	1.0	1.0	1.0	1.0	1.0	1.0	1.0	1.0	1.0	1.0	1.0	0.0	1.0	1.0	1.0
nl	1.0	0.5	1.0	1.0	0.585786437626905	0.3333333333333333	1.0	0.23166247903554	0.44948974278317805	0.3333333333333333	1.0	1.0	0.585786437626905	0.38742588672279304	0.27195617308673004	0.5	0.585786437626905	1.0	1.0	1.0	1.0	1.0	0.4142135623730951	0.3660254037844386	0.585786437626905	0.5	0.585786437626905	1.0	0.5	1.0	0.4142135623730951	0.0	1.0	1.0	0.585786437626905
pl	1.0	0.585786437626905	1.0	1.0	0.585786437626905	0.3333333333333333	1.0	0.2402530733520421	0.28989794855663564	0.35388936786452296	1.0	1.0	0.585786437626905	0.44948974278317805	0.34833147735478825	0.585786437626905	1.0	1.0	1.0	1.0	1.0	0.4142135623730951	1.0	0.28172904669025317	0.585786437626905	0.5	0.585786437626905	1.0	0.585786437626905	1.0	0.5	1.0	1.0	1.0	1.0
pt	1.0	0.585786437626905	1.0	1.0	1.0	0.21290885543182675	0.5	0.1827439976315568	0.24179033438163733	0.2612038749637414	0.585786437626905	1.0	1.0	0.30552726787943424	0.28172904669025317	0.38742588672279304	1.0	1.0	0.585786437626905	1.0	1.0	0.3660254037844386	0.28172904669025317	1.0	0.5	0.3203772410170407	0.44948974278317805	1.0	0.585786437626905	0.585786437626905	0.3203772410170407	1.0	0.5	1.0	0.4142135623730951
ro	1.0	1.0	1.0	1.0	1.0	0.4142135623730951	1.0	0.5	0.585786437626905	0.5	1.0	1.0	0.585786437626905	0.5	0.585786437626905	0.585786437626905	1.0	1.0	1.0	1.0	1.0	0.585786437626905	0.585786437626905	0.5	1.0	1.0	0.585786437626905	1.0	1.0	1.0	1.0	1.0	1.0	1.0	1.0
ru	1.0	0.5	1.0	1.0	1.0	0.27429188517743175	1.0	0.2372732414640341	0.44948974278317805	0.44948974278317805	1.0	1.0	0.585786437626905	0.32449979983983984	0.3660254037844386	1.0	1.0	1.0	1.0	1.0	1.0	0.5	0.5	0.3203772410170407	1.0	1.0	0.5	1.0	0.585786437626905	1.0	0.38742588672279304	1.0	1.0	1.0	1.0
sh	1.0	1.0	0.0	1.0	1.0	0.30552726787943424	0.585786437626905	0.5	0.585786437626905	0.5	0.585786437626905	1.0	0.585786437626905	0.3726822671238253	0.5	0.585786437626905	1.0	1.0	1.0	1.0	1.0	0.585786437626905	0.585786437626905	0.44948974278317805	0.585786437626905	0.5	1.0	1.0	1.0	0.585786437626905	0.5	0.0	1.0	1.0	0.5
si	0.0	1.0	0.0	1.0	1.0	1.0	1.0	1.0	1.0	1.0	1.0	1.0	1.0	1.0	1.0	1.0	1.0	1.0	1.0	1.0	1.0	1.0	1.0	1.0	1.0	1.0	1.0	1.0	1.0	1.0	1.0	0.0	1.0	1.0	1.0
simple	1.0	1.0	0.0	1.0	1.0	0.5	1.0	0.5	0.585786437626905	0.585786437626905	0.585786437626905	1.0	1.0	0.585786437626905	0.5	0.585786437626905	0.585786437626905	1.0	1.0	1.0	1.0	0.5	0.585786437626905	0.585786437626905	1.0	0.585786437626905	1.0	1.0	1.0	1.0	0.585786437626905	0.0	1.0	1.0	0.585786437626905
sr	1.0	1.0	1.0	1.0	1.0	0.5	1.0	0.5	1.0	0.585786437626905	1.0	1.0	0.585786437626905	0.5	1.0	1.0	1.0	1.0	1.0	1.0	1.0	1.0	1.0	0.585786437626905	1.0	1.0	0.585786437626905	1.0	1.0	1.0	1.0	1.0	1.0	1.0	1.0
sv	1.0	0.5	1.0	1.0	0.5	0.2193450929151803	1.0	0.22281267964860224	0.3021694792519622	0.2791745113185196	0.585786437626905	1.0	0.40453726661826384	0.38742588672279304	0.3090169943749474	0.3333333333333333	0.4364916731037085	1.0	1.0	1.0	1.0	0.4142135623730951	0.5	0.3203772410170407	1.0	0.38742588672279304	0.5	1.0	0.585786437626905	1.0	1.0	1.0	0.585786437626905	1.0	0.39564392373896007
te	0.0	0.0	0.0	0.0	0.0	1.0	0.0	1.0	1.0	1.0	0.0	0.0	0.0	0.0	1.0	1.0	1.0	0.0	0.0	0.0	0.0	0.0	1.0	1.0	1.0	1.0	0.0	0.0	0.0	1.0	1.0	1.0	0.0	0.0	1.0
vi	1.0	1.0	1.0	1.0	1.0	0.5	1.0	0.34833147735478825	1.0	1.0	1.0	1.0	1.0	0.585786437626905	0.585786437626905	1.0	1.0	1.0	1.0	1.0	1.0	1.0	1.0	0.5	1.0	1.0	1.0	1.0	1.0	1.0	0.585786437626905	0.0	1.0	1.0	1.0
war	0.0	1.0	0.0	1.0	1.0	1.0	1.0	1.0	1.0	1.0	1.0	1.0	1.0	1.0	1.0	1.0	1.0	1.0	1.0	1.0	1.0	1.0	1.0	1.0	1.0	1.0	1.0	1.0	1.0	1.0	1.0	0.0	1.0	1.0	1.0
zh	1.0	0.585786437626905	1.0	1.0	1.0	0.28989794855663564	1.0	0.23800671553691075	0.585786437626905	0.5	1.0	1.0	0.585786437626905	0.36602540378443865	0.5	1.0	1.0	1.0	1.0	1.0	1.0	0.585786437626905	1.0	0.4142135623730951	1.0	1.0	0.5	1.0	0.585786437626905	1.0	0.39564392373896007	1.0	1.0	1.0	1.0
