arz	bs	ceb	ckb	da	de	el	en	es	fr	he	hi	hu	id	it	ja	ko	lv	mk	ml	mr	nl	pl	pt	ro	ru	sh	si	simple	sr	sv	te	vi	war	zh
arz	1.0	1.0	0.0	0.0	1.0	1.0	1.0	0.585786437626905	1.0	0.0	1.0	0.0	1.0	1.0	1.0	1.0	1.0	1.0	1.0	0.0	0.0	0.585786437626905	1.0	1.0	1.0	1.0	1.0	0.0	1.0	1.0	1.0	0.0	1.0	0.0	0.5
bs	1.0	1.0	0.0	1.0	0.39564392373896007	0.39564392373896007	0.28436465220442186	0.08605149297566622	0.0898274370725945	0.0	0.39564392373896007	1.0	0.5	0.2955966556179922	0.10642342175357314	0.28436465220442186	0.39564392373896007	0.353889367864523	0.28436465220442186	0.585786437626905	1.0	0.39564392373896007	0.18001097668719743	0.22192029974676855	0.2674788903885893	0.18001097668719743	0.39564392373896007	1.0	0.28436465220442186	0.28436465220442186	0.39564392373896007	1.0	0.585786437626905	0.39564392373896007	0.24257131419419417
ceb	0.0	0.0	1.0	0.0	1.0	1.0	1.0	1.0	1.0	0.0	1.0	0.0	0.0	0.0	1.0	1.0	1.0	1.0	0.0	0.0	0.0	1.0	1.0	1.0	1.0	1.0	1.0	0.0	0.0	0.0	1.0	0.0	1.0	0.0	1.0
ckb	0.0	1.0	0.0	1.0	1.0	1.0	1.0	1.0	1.0	0.0	1.0	1.0	1.0	1.0	1.0	1.0	1.0	1.0	1.0	1.0	1.0	1.0	1.0	1.0	1.0	1.0	1.0	1.0	1.0	0.585786437626905	1.0	1.0	1.0	1.0	1.0
da	1.0	0.39564392373896007	1.0	1.0	1.0	0.16879264089884097	0.25	0.02302998283045333	0.052548421126251806	0.0	0.2612038749637414	1.0	0.44948974278317805	0.28172904669025317	0.07836727066079999	0.11080923072672892	0.38742588672279304	0.3090169943749474	0.585786437626905	0.3021694792519622	1.0	0.06848101650794543	0.1301521958455223	0.16343625225507505	0.04790651150583658	0.06611920308637362	0.30216947925196225	1.0	0.4142135623730951	0.3430703308172536	0.04153666609908148	1.0	0.24828371682826425	1.0	0.1488740480332277
de	1.0	0.39564392373896007	1.0	1.0	0.16879264089884097	1.0	0.07872934734569315	0.002695511556610472	0.031191670368926543	0.0	0.11718851276519608	0.585786437626905	0.27195617308673004	0.09467751707841032	0.016455351474791186	0.013485648399176962	0.29429805508554946	0.20342651452257512	0.5	0.09227847903471194	1.0	0.01725586008711942	0.02469256665820549	0.04398330416271977	0.01835969830455304	0.005576308269676126	0.15438708879488486	1.0	0.2898979485566356	0.1774053291584318	0.051872034413597105	1.0	0.14713345700845937	1.0	0.029988401961099934
el	1.0	0.28436465220442186	1.0	1.0	0.25	0.07872934734569315	1.0	0.008098295813630732	0.028581690953125547	0.0	0.13423167976942957	1.0	0.3164309725825328	0.07529669322957673	0.028510322120913256	0.07443627456898148	0.4142135623730951	0.17826035697019474	0.40453726661826384	0.15191308535297487	1.0	0.08505207713429519	0.0283946945339652	0.07098634051355263	0.033908519074927916	0.02965229067186788	0.2402530733520421	1.0	0.5	0.44948974278317805	0.13957875683699938	1.0	0.17151308576402147	1.0	0.07576894704150809
en	0.585786437626905	0.08605149297566622	1.0	1.0	0.02302998283045333	0.002695511556610472	0.008098295813630732	1.0	0.0008268052172588978	0.585786437626905	0.02974666864410969	0.27429188517743175	0.09666885367611446	0.012215254636217482	0.0039257258798477785	0.005395523549132384	0.16711794911460473	0.07856742963388783	0.18541948236599776	0.005344963918035122	1.0	0.005789193707502519	0.0035739020949160883	0.003682748794721696	0.006186372080557484	0.006537115383436406	0.08234176438801968	0.585786437626905	0.14578395831246946	0.09540444077062236	0.005524099017999635	1.0	0.05835180446847762	0.585786437626905	0.006593277034374932
es	1.0	0.0898274370725945	1.0	1.0	0.052548421126251806	0.031191670368926543	0.028581690953125547	0.0008268052172588978	1.0	1.0	0.07098157716193258	0.585786437626905	0.1827439976315568	0.021092931633081336	0.001130070576719499	0.006803317126710529	0.585786437626905	0.23166247903554	0.585786437626905	0.01217742336048665	1.0	0.0032894405465990224	0.0018479204162258872	0.0041946500554628395	0.010649261578120314	0.0020643003986386852	0.19292728076790167	1.0	0.27429188517743175	0.11490537152332962	0.011489681757840242	1.0	0.08787137935375501	0.585786437626905	0.008113841107004669
fr	0.0	0.0	0.0	0.0	0.0	0.0	0.0	0.585786437626905	1.0	1.0	0.0	0.0	0.0	0.0	1.0	0.0	0.0	0.0	0.0	0.0	0.0	1.0	1.0	1.0	0.0	1.0	0.0	0.0	0.0	0.0	0.0	0.0	0.0	0.0	1.0
he	1.0	0.39564392373896007	1.0	1.0	0.2612038749637414	0.11718851276519608	0.13423167976942957	0.02974666864410969	0.07098157716193258	0.0	1.0	1.0	0.5	0.10034910914671565	0.07997682196313399	0.05840519032511732	0.38742588672279304	0.2449655295864104	0.585786437626905	0.28708594921778513	1.0	0.09142320504061716	0.08546667206622333	0.09931296705979727	0.02847627367519477	0.04646041548026064	0.2449655295864104	1.0	0.38742588672279304	0.19987385376205832	0.1252967632420472	1.0	0.21089672205953397	1.0	0.06333739590915304
hi	0.0	1.0	0.0	1.0	1.0	0.585786437626905	1.0	0.27429188517743175	0.585786437626905	0.0	1.0	1.0	1.0	1.0	0.585786437626905	0.585786437626905	1.0	1.0	1.0	1.0	1.0	1.0	1.0	1.0	0.585786437626905	1.0	1.0	1.0	1.0	1.0	1.0	1.0	1.0	1.0	1.0
hu	1.0	0.5	0.0	1.0	0.44948974278317805	0.27195617308673004	0.3164309725825328	0.09666885367611446	0.1827439976315568	0.0	0.5	1.0	1.0	0.585786437626905	0.17379378377786506	0.17411239489546831	0.585786437626905	0.585786437626905	1.0	0.24257131419419417	1.0	0.22646721143623746	0.20991366558572697	0.24336073281110826	0.08913426667269639	0.16118204467726513	0.5	1.0	0.585786437626905	1.0	0.2612038749637414	1.0	0.3164309725825328	1.0	0.27429188517743175
id	1.0	0.2955966556179922	0.0	1.0	0.28172904669025317	0.09467751707841032	0.07529669322957673	0.012215254636217482	0.021092931633081336	0.0	0.10034910914671565	1.0	0.585786437626905	1.0	0.018421761596002652	0.04194042296467079	0.23800671553691075	0.13100580420257674	0.4142135623730951	0.162063292922189	1.0	0.035524857092922406	0.028456852546550664	0.0310613059891451	0.1452095359237274	0.019178687316388297	0.21822796141133347	1.0	0.20942771453851886	0.28989794855663564	0.10448494430040242	1.0	0.1809073112342927	0.585786437626905	0.050287248001626754
it	1.0	0.10642342175357314	1.0	1.0	0.07836727066079999	0.016455351474791186	0.028510322120913256	0.0039257258798477785	0.001130070576719499	1.0	0.07997682196313399	0.585786437626905	0.17379378377786506	0.018421761596002652	1.0	0.0066152404405686385	0.2843646522044218	0.16903426192449822	0.38742588672279304	0.007212215179777807	1.0	0.0028356886338419362	0.0025067710058937773	0.004810047689896903	0.0097469240651126	0.0025681011379933617	0.1657488886375548	1.0	0.2303268468157938	0.11336696073850488	0.010019759830491906	1.0	0.08660294766732735	1.0	0.009719950406547214
ja	1.0	0.28436465220442186	1.0	1.0	0.11080923072672892	0.013485648399176962	0.07443627456898148	0.005395523549132384	0.006803317126710529	0.0	0.05840519032511732	0.585786437626905	0.17411239489546831	0.04194042296467079	0.0066152404405686385	1.0	0.13868490585006965	0.11909141985105977	0.3430703308172536	0.0777684389124905	1.0	0.011137085801081931	0.008878131833462762	0.01126895275929641	0.023508266597223316	0.00732915247025343	0.11711263137789422	1.0	0.2240092377397959	0.2187841884486319	0.023727579411104614	0.585786437626905	0.08664478396033161	1.0	0.016545069093216156
ko	1.0	0.39564392373896007	1.0	1.0	0.38742588672279304	0.29429805508554946	0.4142135623730951	0.16711794911460473	0.585786437626905	0.0	0.38742588672279304	1.0	0.585786437626905	0.23800671553691075	0.2843646522044218	0.13868490585006965	1.0	1.0	1.0	0.3430703308172536	1.0	0.3660254037844386	0.3483314773547883	0.3660254037844386	0.06150899438398844	0.15894454156034005	1.0	1.0	0.585786437626905	0.585786437626905	0.252650308587072	1.0	0.2225758785102318	1.0	0.25
lv	1.0	0.353889367864523	1.0	1.0	0.3090169943749474	0.20342651452257512	0.17826035697019474	0.07856742963388783	0.23166247903554	0.0	0.2449655295864104	1.0	0.585786437626905	0.13100580420257674	0.16903426192449822	0.11909141985105977	1.0	1.0	1.0	0.32881309020609956	1.0	0.1506217166217102	0.15894454156034005	0.23441237831492112	0.047920395630616994	0.1303639547600728	0.3164309725825328	1.0	0.40453726661826384	0.44948974278317805	0.1639607805437114	1.0	0.28989794855663564	1.0	0.12659389107862953
mk	1.0	0.28436465220442186	0.0	1.0	0.585786437626905	0.5	0.40453726661826384	0.18541948236599776	0.585786437626905	0.0	0.585786437626905	1.0	1.0	0.4142135623730951	0.38742588672279304	0.3430703308172536	1.0	1.0	1.0	0.4364916731037085	1.0	0.3483314773547883	0.585786437626905	0.5	0.3430703308172536	0.44948974278317805	1.0	1.0	1.0	0.585786437626905	0.5	1.0	0.585786437626905	1.0	0.32449979983983984
ml	0.0	0.585786437626905	0.0	1.0	0.3021694792519622	0.09227847903471194	0.15191308535297487	0.005344963918035122	0.01217742336048665	0.0	0.28708594921778513	1.0	0.24257131419419417	0.162063292922189	0.007212215179777807	0.0777684389124905	0.3430703308172536	0.32881309020609956	0.4364916731037085	1.0	1.0	0.023316545016064047	0.02308318606560813	0.02800392536067225	0.08339646613804055	0.011046381318789269	0.38742588672279304	1.0	0.3164309725825327	0.5	0.19393558839550695	1.0	0.2612038749637414	1.0	0.0837795837124958
mr	0.0	1.0	0.0	1.0	1.0	1.0	1.0	1.0	1.0	0.0	1.0	1.0	1.0	1.0	1.0	1.0	1.0	1.0	1.0	1.0	1.0	1.0	1.0	1.0	1.0	1.0	1.0	1.0	1.0	1.0	1.0	1.0	1.0	1.0	1.0
nl	0.585786437626905	0.39564392373896007	1.0	1.0	0.06848101650794543	0.01725586008711942	0.08505207713429519	0.005789193707502519	0.0032894405465990224	1.0	0.09142320504061716	1.0	0.22646721143623746	0.035524857092922406	0.0028356886338419362	0.011137085801081931	0.3660254037844386	0.1506217166217102	0.3483314773547883	0.023316545016064047	1.0	1.0	0.004786360158829132	0.022308266979910077	0.014453562498416327	0.00478580555970997	0.1879524791852023	1.0	0.2612038749637414	0.16023419654441862	0.02911231851058006	1.0	0.11834554519037926	1.0	0.015233309841059786
pl	1.0	0.18001097668719743	1.0	1.0	0.1301521958455223	0.02469256665820549	0.0283946945339652	0.0035739020949160883	0.0018479204162258872	1.0	0.08546667206622333	1.0	0.20991366558572697	0.028456852546550664	0.0025067710058937773	0.008878131833462762	0.3483314773547883	0.15894454156034005	0.585786437626905	0.02308318606560813	1.0	0.004786360158829132	1.0	0.017518229462311363	0.01236310605246557	0.0030014076080865713	0.16689866385884233	1.0	0.4142135623730951	0.1444142315964648	0.025129631371610197	1.0	0.1301521958455223	1.0	0.01960899417257778
pt	1.0	0.22192029974676855	1.0	1.0	0.16343625225507505	0.04398330416271977	0.07098634051355263	0.003682748794721696	0.0041946500554628395	1.0	0.09931296705979727	1.0	0.24336073281110826	0.0310613059891451	0.004810047689896903	0.01126895275929641	0.3660254037844386	0.23441237831492112	0.5	0.02800392536067225	1.0	0.022308266979910077	0.017518229462311363	1.0	0.015307274773487088	0.006276095456500993	0.18400240527946554	1.0	0.2928060946961875	0.15548737703860027	0.07354202959284534	1.0	0.12320002697811147	1.0	0.02135777616144031
ro	1.0	0.2674788903885893	1.0	1.0	0.04790651150583658	0.01835969830455304	0.033908519074927916	0.006186372080557484	0.010649261578120314	0.0	0.02847627367519477	0.585786437626905	0.08913426667269639	0.1452095359237274	0.0097469240651126	0.023508266597223316	0.06150899438398844	0.047920395630616994	0.3430703308172536	0.08339646613804055	1.0	0.014453562498416327	0.01236310605246557	0.015307274773487088	1.0	0.01096013011016435	0.04149770611861161	0.585786437626905	0.14180657455312567	0.1036190408085069	0.028701119794172145	0.585786437626905	0.0902412883963543	0.585786437626905	0.02257286380813388
ru	1.0	0.18001097668719743	1.0	1.0	0.06611920308637362	0.005576308269676126	0.02965229067186788	0.006537115383436406	0.0020643003986386852	1.0	0.04646041548026064	1.0	0.16118204467726513	0.019178687316388297	0.0025681011379933617	0.00732915247025343	0.15894454156034005	0.1303639547600728	0.44948974278317805	0.011046381318789269	1.0	0.00478580555970997	0.0030014076080865713	0.006276095456500993	0.01096013011016435	1.0	0.12117414236022284	1.0	0.24660605559646726	0.1141280565085234	0.012535718749267523	1.0	0.07564831409598341	1.0	0.011135998831901759
sh	1.0	0.39564392373896007	1.0	1.0	0.30216947925196225	0.15438708879488486	0.2402530733520421	0.08234176438801968	0.19292728076790167	0.0	0.2449655295864104	1.0	0.5	0.21822796141133347	0.1657488886375548	0.11711263137789422	1.0	0.3164309725825328	1.0	0.38742588672279304	1.0	0.1879524791852023	0.16689866385884233	0.18400240527946554	0.04149770611861161	0.12117414236022284	1.0	1.0	0.5	0.2791745113185196	0.21498516621900873	1.0	0.3090169943749474	1.0	0.1278809688886471
si	0.0	1.0	0.0	1.0	1.0	1.0	1.0	0.585786437626905	1.0	0.0	1.0	1.0	1.0	1.0	1.0	1.0	1.0	1.0	1.0	1.0	1.0	1.0	1.0	1.0	0.585786437626905	1.0	1.0	1.0	1.0	1.0	1.0	1.0	1.0	1.0	1.0
simple	1.0	0.28436465220442186	0.0	1.0	0.4142135623730951	0.2898979485566356	0.5	0.14578395831246946	0.27429188517743175	0.0	0.38742588672279304	1.0	0.585786437626905	0.20942771453851886	0.2303268468157938	0.2240092377397959	0.585786437626905	0.40453726661826384	1.0	0.3164309725825327	1.0	0.2612038749637414	0.4142135623730951	0.2928060946961875	0.14180657455312567	0.24660605559646726	0.5	1.0	1.0	1.0	0.24025307335204216	1.0	0.39564392373896007	1.0	0.2553967929896867
sr	1.0	0.28436465220442186	0.0	0.585786437626905	0.3430703308172536	0.1774053291584318	0.44948974278317805	0.09540444077062236	0.11490537152332962	0.0	0.19987385376205832	1.0	1.0	0.28989794855663564	0.11336696073850488	0.2187841884486319	0.585786437626905	0.44948974278317805	0.585786437626905	0.5	1.0	0.16023419654441862	0.1444142315964648	0.15548737703860027	0.1036190408085069	0.1141280565085234	0.2791745113185196	1.0	1.0	1.0	0.2989350844248255	1.0	0.2857142857142857	1.0	0.1383030380064344
sv	1.0	0.39564392373896007	1.0	1.0	0.04153666609908148	0.051872034413597105	0.13957875683699938	0.005524099017999635	0.011489681757840242	0.0	0.1252967632420472	1.0	0.2612038749637414	0.10448494430040242	0.010019759830491906	0.023727579411104614	0.252650308587072	0.1639607805437114	0.5	0.19393558839550695	1.0	0.02911231851058006	0.025129631371610197	0.07354202959284534	0.028701119794172145	0.012535718749267523	0.21498516621900873	1.0	0.24025307335204216	0.2989350844248255	1.0	1.0	0.19367338768973055	1.0	0.07822313007937413
te	0.0	1.0	0.0	1.0	1.0	1.0	1.0	1.0	1.0	0.0	1.0	1.0	1.0	1.0	1.0	0.585786437626905	1.0	1.0	1.0	1.0	1.0	1.0	1.0	1.0	0.585786437626905	1.0	1.0	1.0	1.0	1.0	1.0	1.0	0.585786437626905	1.0	1.0
vi	1.0	0.585786437626905	1.0	1.0	0.24828371682826425	0.14713345700845937	0.17151308576402147	0.05835180446847762	0.08787137935375501	0.0	0.21089672205953397	1.0	0.3164309725825328	0.1809073112342927	0.08660294766732735	0.08664478396033161	0.2225758785102318	0.28989794855663564	0.585786437626905	0.2612038749637414	1.0	0.11834554519037926	0.1301521958455223	0.12320002697811147	0.0902412883963543	0.07564831409598341	0.3090169943749474	1.0	0.39564392373896007	0.2857142857142857	0.19367338768973055	0.585786437626905	1.0	1.0	0.09357261545887154
war	0.0	0.39564392373896007	0.0	1.0	1.0	1.0	1.0	0.585786437626905	0.585786437626905	0.0	1.0	1.0	1.0	0.585786437626905	1.0	1.0	1.0	1.0	1.0	1.0	1.0	1.0	1.0	1.0	0.585786437626905	1.0	1.0	1.0	1.0	1.0	1.0	1.0	1.0	1.0	1.0
zh	0.5	0.24257131419419417	1.0	1.0	0.1488740480332277	0.029988401961099934	0.07576894704150809	0.006593277034374932	0.008113841107004669	1.0	0.06333739590915304	1.0	0.27429188517743175	0.050287248001626754	0.009719950406547214	0.016545069093216156	0.25	0.12659389107862953	0.32449979983983984	0.0837795837124958	1.0	0.015233309841059786	0.01960899417257778	0.02135777616144031	0.02257286380813388	0.011135998831901759	0.1278809688886471	1.0	0.2553967929896867	0.1383030380064344	0.07822313007937413	1.0	0.09357261545887154	1.0	1.0
