arz	bs	ceb	ckb	da	de	el	en	es	fr	he	hi	hu	id	it	ja	ko	lv	mk	ml	mr	nl	pl	pt	ro	ru	sh	si	simple	sr	sv	te	vi	war	zh
arz	1.0	1.0	0.0	0.0	1.0	1.0	1.0	0.7584325078215763	1.0	0.0	1.0	0.0	1.0	1.0	1.0	1.0	1.0	1.0	1.0	0.0	0.0	0.7690990303325336	1.0	1.0	1.0	1.0	1.0	0.0	1.0	1.0	1.0	0.0	1.0	0.0	0.8806414284346811
bs	1.0	1.0	0.0	1.0	0.5402714642429078	0.5402714642429078	0.7400709486366955	0.4444721110461195	0.4689471613928582	0.0	0.4530317685951677	1.0	0.953225785585603	0.6554510742046958	0.32179718008515357	0.7400709486366955	0.5402714642429078	0.8016071312619631	0.7400709486366955	0.8216064286890065	1.0	0.5402714642429078	0.4701384251870235	0.4330138378173033	0.416220616874489	0.4853882238725921	0.5402714642429078	1.0	0.7400709486366955	0.7400709486366955	0.5402714642429078	1.0	0.8216064286890065	0.5402714642429078	0.5134640701886651
ceb	0.0	0.0	1.0	0.0	1.0	1.0	1.0	1.0	1.0	0.0	1.0	0.0	0.0	0.0	1.0	1.0	1.0	1.0	0.0	0.0	0.0	1.0	1.0	1.0	1.0	1.0	1.0	0.0	0.0	0.0	1.0	0.0	1.0	0.0	1.0
ckb	0.0	1.0	0.0	1.0	1.0	1.0	1.0	1.0	1.0	0.0	1.0	1.0	1.0	1.0	1.0	1.0	1.0	1.0	1.0	1.0	1.0	1.0	1.0	1.0	1.0	1.0	1.0	1.0	1.0	1.0	1.0	1.0	1.0	1.0	1.0
da	1.0	0.5402714642429078	1.0	1.0	1.0	0.3224400406256149	0.4128918276474014	0.12869271907065158	0.20178119571844674	0.0	0.43724505304090294	1.0	0.592696806779724	0.5378078013357102	0.22787254463043366	0.2539992287791785	0.5501388452610351	0.5321981732448398	0.7322034805959263	0.3827428810428339	1.0	0.21594910485437402	0.30215037726341337	0.35019623622257506	0.2732703176718326	0.17157818004022585	0.5085304866736711	1.0	0.5721026715027374	0.4794975398431876	0.15934839054058578	1.0	0.4260235563529876	1.0	0.29488916585692243
de	1.0	0.5402714642429078	1.0	1.0	0.3224400406256149	1.0	0.22949627867168043	0.05489543433374069	0.1114894963594849	0.0	0.23255496383825625	0.7411828468492555	0.4227763329056051	0.28073199700142343	0.07557532798771684	0.14014062918510323	0.4486402119324772	0.33790157438435287	0.6393867611309196	0.20856421909689046	1.0	0.1080819479262988	0.09149669971682703	0.13075328974417708	0.23342510266876187	0.07387179847961489	0.2924406174386306	1.0	0.4439974255851173	0.37776528729941933	0.16573549788462263	1.0	0.23733748377431557	1.0	0.15255984285845908
el	1.0	0.7400709486366955	1.0	1.0	0.4128918276474014	0.22949627867168043	1.0	0.09568224057413381	0.15237763181726216	0.0	0.29358928026478565	1.0	0.50461268850276	0.3174756042183533	0.14370840909079133	0.19554656794931286	0.571924162052103	0.3549280754462092	0.5579434330026994	0.31482109833756255	1.0	0.2102224064919559	0.15294566242191837	0.21283942144683107	0.24171024222242218	0.13992468598510754	0.4151396277983316	1.0	0.6411621673688592	0.6015200458244364	0.2501244944335396	1.0	0.3246708233112244	1.0	0.18323048881681087
en	0.7584325078215763	0.4444721110461195	1.0	1.0	0.12869271907065158	0.05489543433374069	0.09568224057413381	1.0	0.044895435161667815	0.7199285383279772	0.1035800640909121	0.4885093042670269	0.21453539824055332	0.13671536212015942	0.03325033322711806	0.09224629607106091	0.29990175461504626	0.17890331950689958	0.37507529183867044	0.08197165656972423	1.0	0.0470529961438236	0.04138687955269209	0.04994703560615437	0.11562443719189805	0.04318150069167729	0.19182588856532892	0.7411828468492556	0.2596430756006337	0.2106164731400533	0.07187524030539011	1.0	0.18978226564342576	0.7411828468492555	0.08920910428204683
es	1.0	0.4689471613928582	1.0	1.0	0.20178119571844674	0.1114894963594849	0.15237763181726216	0.044895435161667815	1.0	1.0	0.18407525348486936	0.7347168825662656	0.3310875387473604	0.20308691397977177	0.04096901196049906	0.13181398475033726	0.701496154748113	0.35954265366898835	0.7134542832283586	0.14262000174480138	1.0	0.07485702506318222	0.05384683681693177	0.08127829597992707	0.23490002373725766	0.060096803682754364	0.33098818158257964	1.0	0.4419588438740353	0.31252558447869255	0.12399975832321292	1.0	0.2699671211543822	0.7411828468492555	0.11064636224174786
fr	0.0	0.0	0.0	0.0	0.0	0.0	0.0	0.7199285383279772	1.0	1.0	0.0	0.0	0.0	0.0	1.0	0.0	0.0	0.0	0.0	0.0	0.0	1.0	1.0	1.0	0.0	1.0	0.0	0.0	0.0	0.0	0.0	0.0	0.0	0.0	1.0
he	1.0	0.4530317685951677	1.0	1.0	0.43724505304090294	0.23255496383825625	0.29358928026478565	0.1035800640909121	0.18407525348486936	0.0	1.0	1.0	0.6351230907290178	0.3836801383989536	0.18157188741062202	0.19071926459129	0.5369618306538329	0.4149964251291447	0.7248485669756152	0.2865648158493704	1.0	0.20320207386343747	0.1785869650319173	0.20107067328170186	0.2655605039417564	0.13715792786152545	0.3703737431629319	1.0	0.5730732315325676	0.26726943719493607	0.21571508769451572	1.0	0.4017277199335246	1.0	0.1899256177477513
hi	0.0	1.0	0.0	1.0	1.0	0.7411828468492555	1.0	0.4885093042670269	0.7347168825662656	0.0	1.0	1.0	1.0	1.0	0.7322034805959263	0.7584325078215763	1.0	1.0	1.0	1.0	1.0	1.0	1.0	1.0	0.517346181619858	1.0	1.0	1.0	1.0	1.0	1.0	1.0	1.0	1.0	1.0
hu	1.0	0.953225785585603	0.0	1.0	0.592696806779724	0.4227763329056051	0.50461268850276	0.21453539824055332	0.3310875387473604	0.0	0.6351230907290178	1.0	1.0	0.7411828468492555	0.2992241637779834	0.41262949912953545	0.7263875964832449	0.7234532828151788	1.0	0.4837673211891437	1.0	0.3752339572682309	0.35228227042448057	0.4137494956138552	0.285834923294195	0.30949235175789774	0.7710370547764414	1.0	0.7248485669756152	1.0	0.33971001128482076	1.0	0.5370550151204904	1.0	0.42370109665238387
id	1.0	0.6554510742046958	0.0	1.0	0.5378078013357102	0.28073199700142343	0.3174756042183533	0.13671536212015942	0.20308691397977177	0.0	0.3836801383989536	1.0	0.7411828468492555	1.0	0.21544200423200624	0.18495434128485394	0.534797394434278	0.5583043462645078	0.7890441420804537	0.28446471204972446	1.0	0.2222091122396764	0.26695192679265684	0.26841846277250253	0.43462238604561965	0.21029484488834577	0.4508124744686191	0.44930756545688116	0.4681671059789791	0.5133326070364759	0.30611638512304945	1.0	0.4277452997148663	0.7690990303325336	0.31997453922320046
it	1.0	0.32179718008515357	1.0	1.0	0.22787254463043366	0.07557532798771684	0.14370840909079133	0.03325033322711806	0.04096901196049906	1.0	0.18157188741062202	0.7322034805959263	0.2992241637779834	0.21544200423200624	1.0	0.10913099859231956	0.4160606259387749	0.2833926756039058	0.527785131193352	0.11681949705236097	1.0	0.05840648536948916	0.043661677940240194	0.06867637976629634	0.18803819886125545	0.045881829244592894	0.2874833702020339	1.0	0.3658719357495017	0.250550956063687	0.11128468208744512	1.0	0.23747095762851977	1.0	0.10657902397105555
ja	1.0	0.7400709486366955	1.0	1.0	0.2539992287791785	0.14014062918510323	0.19554656794931286	0.09224629607106091	0.13181398475033726	0.0	0.19071926459129	0.7584325078215763	0.41262949912953545	0.18495434128485394	0.10913099859231956	1.0	0.38078079327507874	0.30410358347789324	0.565296331867085	0.2134338452896086	1.0	0.1312441080941103	0.12878678413303288	0.12537700112195135	0.19503713712327508	0.10169497475875561	0.2897239112207748	1.0	0.3823687800645732	0.3769231973509396	0.15325077425610398	0.7863954451402115	0.22815753909633818	1.0	0.11678227762135461
ko	1.0	0.5402714642429078	1.0	1.0	0.5501388452610351	0.4486402119324772	0.571924162052103	0.29990175461504626	0.701496154748113	0.0	0.5369618306538329	1.0	0.7263875964832449	0.534797394434278	0.4160606259387749	0.38078079327507874	1.0	1.0	1.0	0.5407226995860945	1.0	0.4970628345483077	0.4910790893722619	0.51151417554858	0.3439282924713376	0.3029602620221207	1.0	1.0	0.7221793916855703	0.29061730136905883	0.402351672491007	1.0	0.3986132027469507	1.0	0.404658278688847
lv	1.0	0.8016071312619631	1.0	1.0	0.5321981732448398	0.33790157438435287	0.3549280754462092	0.17890331950689958	0.35954265366898835	0.0	0.4149964251291447	1.0	0.7234532828151788	0.5583043462645078	0.2833926756039058	0.30410358347789324	1.0	1.0	1.0	0.6149571681927848	1.0	0.263782595511307	0.2738128433714954	0.384447710561188	0.28710736181629704	0.2568484801795121	0.4651149594722259	1.0	0.5478431983094014	0.6332460537063271	0.21959728022081218	1.0	0.478241777513195	1.0	0.26726191767472574
mk	1.0	0.7400709486366955	0.0	1.0	0.7322034805959263	0.6393867611309196	0.5579434330026994	0.37507529183867044	0.7134542832283586	0.0	0.7248485669756152	1.0	1.0	0.7890441420804537	0.527785131193352	0.565296331867085	1.0	1.0	1.0	0.6704675947063355	1.0	0.5551960157110536	0.7179915061657696	0.6109667409257579	0.5607442502849977	0.5894733892933004	1.0	1.0	1.0	0.3223330816369188	0.6568318202362041	1.0	0.7376607345031153	1.0	0.5382642136483882
ml	0.0	0.8216064286890065	0.0	1.0	0.3827428810428339	0.20856421909689046	0.31482109833756255	0.08197165656972423	0.14262000174480138	0.0	0.2865648158493704	1.0	0.4837673211891437	0.28446471204972446	0.11681949705236097	0.2134338452896086	0.5407226995860945	0.6149571681927848	0.6704675947063355	1.0	1.0	0.15547020409139892	0.17994472991651447	0.1677653786107532	0.2660134371179986	0.1453787872924639	0.654442593929421	1.0	0.5520310936119307	0.8453349384065367	0.26304938766655345	1.0	0.5112513051109565	1.0	0.263738811599167
mr	0.0	1.0	0.0	1.0	1.0	1.0	1.0	1.0	1.0	0.0	1.0	1.0	1.0	1.0	1.0	1.0	1.0	1.0	1.0	1.0	1.0	1.0	1.0	1.0	1.0	1.0	1.0	1.0	1.0	1.0	1.0	1.0	1.0	1.0	1.0
nl	0.7690990303325336	0.5402714642429078	1.0	1.0	0.21594910485437402	0.1080819479262988	0.2102224064919559	0.0470529961438236	0.07485702506318222	1.0	0.20320207386343747	1.0	0.3752339572682309	0.2222091122396764	0.05840648536948916	0.1312441080941103	0.4970628345483077	0.263782595511307	0.5551960157110536	0.15547020409139892	1.0	1.0	0.06964744649116941	0.107048787830838	0.2017665670794314	0.0636543014641843	0.3611206521570323	1.0	0.4156372335437827	0.355305722613669	0.11115874868198825	1.0	0.2522390713081527	1.0	0.12382618893220965
pl	1.0	0.4701384251870235	1.0	1.0	0.30215037726341337	0.09149669971682703	0.15294566242191837	0.04138687955269209	0.05384683681693177	1.0	0.1785869650319173	1.0	0.35228227042448057	0.26695192679265684	0.043661677940240194	0.12878678413303288	0.4910790893722619	0.2738128433714954	0.7179915061657696	0.17994472991651447	1.0	0.06964744649116941	1.0	0.09730272425838177	0.20368587998943452	0.054476565777441685	0.2730320971100365	1.0	0.5589284409954082	0.31543606107277594	0.128028782557879	1.0	0.28486333875062303	1.0	0.12897716224523698
pt	1.0	0.4330138378173033	1.0	1.0	0.35019623622257506	0.13075328974417708	0.21283942144683107	0.04994703560615437	0.08127829597992707	1.0	0.20107067328170186	1.0	0.4137494956138552	0.26841846277250253	0.06867637976629634	0.12537700112195135	0.51151417554858	0.384447710561188	0.6109667409257579	0.1677653786107532	1.0	0.107048787830838	0.09730272425838177	1.0	0.2223102151898797	0.07159035121284926	0.3012656796028386	1.0	0.46683553002158595	0.2543913810445275	0.19355102964471915	1.0	0.2554455647628078	1.0	0.14034602419594833
ro	1.0	0.416220616874489	1.0	1.0	0.2732703176718326	0.23342510266876187	0.24171024222242218	0.11562443719189805	0.23490002373725766	0.0	0.2655605039417564	0.517346181619858	0.285834923294195	0.43462238604561965	0.18803819886125545	0.19503713712327508	0.3439282924713376	0.28710736181629704	0.5607442502849977	0.2660134371179986	1.0	0.2017665670794314	0.20368587998943452	0.2223102151898797	1.0	0.14767349645959654	0.27187665789388743	0.517346181619858	0.26809143151872344	0.34995201073717824	0.22974902433763958	0.7863954451402115	0.3014249452675464	0.7863954451402115	0.19109703243035028
ru	1.0	0.4853882238725921	1.0	1.0	0.17157818004022585	0.07387179847961489	0.13992468598510754	0.04318150069167729	0.060096803682754364	1.0	0.13715792786152545	1.0	0.30949235175789774	0.21029484488834577	0.045881829244592894	0.10169497475875561	0.3029602620221207	0.2568484801795121	0.5894733892933004	0.1453787872924639	1.0	0.0636543014641843	0.054476565777441685	0.07159035121284926	0.14767349645959654	1.0	0.21605180591500317	1.0	0.32991346319854564	0.29023613284382094	0.10401561345986464	1.0	0.21802317688104658	1.0	0.11306494814373615
sh	1.0	0.5402714642429078	1.0	1.0	0.5085304866736711	0.2924406174386306	0.4151396277983316	0.19182588856532892	0.33098818158257964	0.0	0.3703737431629319	1.0	0.7710370547764414	0.4508124744686191	0.2874833702020339	0.2897239112207748	1.0	0.4651149594722259	1.0	0.654442593929421	1.0	0.3611206521570323	0.2730320971100365	0.3012656796028386	0.27187665789388743	0.21605180591500317	1.0	1.0	0.6532002319725719	0.3191718233692397	0.249056780390095	1.0	0.550283325647376	1.0	0.28337584807391186
si	0.0	1.0	0.0	1.0	1.0	1.0	1.0	0.7411828468492556	1.0	0.0	1.0	1.0	1.0	0.44930756545688116	1.0	1.0	1.0	1.0	1.0	1.0	1.0	1.0	1.0	1.0	0.517346181619858	1.0	1.0	1.0	1.0	1.0	1.0	1.0	1.0	1.0	1.0
simple	1.0	0.7400709486366955	0.0	1.0	0.5721026715027374	0.4439974255851173	0.6411621673688592	0.2596430756006337	0.4419588438740353	0.0	0.5730732315325676	1.0	0.7248485669756152	0.4681671059789791	0.3658719357495017	0.3823687800645732	0.7221793916855703	0.5478431983094014	1.0	0.5520310936119307	1.0	0.4156372335437827	0.5589284409954082	0.46683553002158595	0.26809143151872344	0.32991346319854564	0.6532002319725719	1.0	1.0	1.0	0.4709617364934631	1.0	0.5747129628734963	1.0	0.46248833977606363
sr	1.0	0.7400709486366955	0.0	1.0	0.4794975398431876	0.37776528729941933	0.6015200458244364	0.2106164731400533	0.31252558447869255	0.0	0.26726943719493607	1.0	1.0	0.5133326070364759	0.250550956063687	0.3769231973509396	0.29061730136905883	0.6332460537063271	0.3223330816369188	0.8453349384065367	1.0	0.355305722613669	0.31543606107277594	0.2543913810445275	0.34995201073717824	0.29023613284382094	0.3191718233692397	1.0	1.0	1.0	0.5198156745661833	1.0	0.4832966634251399	1.0	0.3203529670073117
sv	1.0	0.5402714642429078	1.0	1.0	0.15934839054058578	0.16573549788462263	0.2501244944335396	0.07187524030539011	0.12399975832321292	0.0	0.21571508769451572	1.0	0.33971001128482076	0.30611638512304945	0.11128468208744512	0.15325077425610398	0.402351672491007	0.21959728022081218	0.6568318202362041	0.26304938766655345	1.0	0.11115874868198825	0.128028782557879	0.19355102964471915	0.22974902433763958	0.10401561345986464	0.249056780390095	1.0	0.4709617364934631	0.5198156745661833	1.0	1.0	0.34500922571316645	1.0	0.19341837208984816
te	0.0	1.0	0.0	1.0	1.0	1.0	1.0	1.0	1.0	0.0	1.0	1.0	1.0	1.0	1.0	0.7863954451402115	1.0	1.0	1.0	1.0	1.0	1.0	1.0	1.0	0.7863954451402115	1.0	1.0	1.0	1.0	1.0	1.0	1.0	0.7863954451402115	1.0	1.0
vi	1.0	0.8216064286890065	1.0	1.0	0.4260235563529876	0.23733748377431557	0.3246708233112244	0.18978226564342576	0.2699671211543822	0.0	0.4017277199335246	1.0	0.5370550151204904	0.4277452997148663	0.23747095762851977	0.22815753909633818	0.3986132027469507	0.478241777513195	0.7376607345031153	0.5112513051109565	1.0	0.2522390713081527	0.28486333875062303	0.2554455647628078	0.3014249452675464	0.21802317688104658	0.550283325647376	1.0	0.5747129628734963	0.4832966634251399	0.34500922571316645	0.7863954451402115	1.0	1.0	0.23568806154130748
war	0.0	0.5402714642429078	0.0	1.0	1.0	1.0	1.0	0.7411828468492555	0.7411828468492555	0.0	1.0	1.0	1.0	0.7690990303325336	1.0	1.0	1.0	1.0	1.0	1.0	1.0	1.0	1.0	1.0	0.7863954451402115	1.0	1.0	1.0	1.0	1.0	1.0	1.0	1.0	1.0	1.0
zh	0.8806414284346811	0.5134640701886651	1.0	1.0	0.29488916585692243	0.15255984285845908	0.18323048881681087	0.08920910428204683	0.11064636224174786	1.0	0.1899256177477513	1.0	0.42370109665238387	0.31997453922320046	0.10657902397105555	0.11678227762135461	0.404658278688847	0.26726191767472574	0.5382642136483882	0.263738811599167	1.0	0.12382618893220965	0.12897716224523698	0.14034602419594833	0.19109703243035028	0.11306494814373615	0.28337584807391186	1.0	0.46248833977606363	0.3203529670073117	0.19341837208984816	1.0	0.23568806154130748	1.0	1.0
