arz	bs	ceb	ckb	da	de	el	en	es	fr	he	hi	hu	id	it	ja	ko	lv	mk	ml	mr	nl	pl	pt	ro	ru	sh	si	simple	sr	sv	te	vi	war	zh
arz	1.0	0.3944055944055944	0.3125	0.2727272727272727	0.19047619047619047	0.11428571428571428	0.2762820512820513	0.1111111111111111	0.13793103448275862	0.1111111111111111	0.2240398293029872	0.16666666666666666	0.23529411764705882	0.3018433179723502	0.15784615384615386	0.1491862567811935	0.2279040404040404	0.2857142857142857	0.38286713286713286	0.3333333333333333	0.475	0.16	0.2032967032967033	0.2222222222222222	0.2916666666666667	0.12903225806451613	0.3421052631578947	0.0625	0.3076923076923077	0.3076923076923077	0.14814814814814814	0.0625	0.2378472222222222	0.3888888888888889	0.19426406926406925
bs	0.3944055944055944	1.0	0.22727272727272727	0.422979797979798	0.2991388044579534	0.15714285714285714	0.47956989247311826	0.18134920634920637	0.2271551724137931	0.16414141414141414	0.3275171624713959	0.18951048951048952	0.39928698752228164	0.4669312169312169	0.2520008892841263	0.22254797441364604	0.36946532999164583	0.43339768339768336	0.4736286919831224	0.3729763387297634	0.2803030303030303	0.23041666666666666	0.29348370927318296	0.3533816425120773	0.45714285714285713	0.19130824372759858	0.5533333333333333	0.045454545454545456	0.39511754068716093	0.46575984990619135	0.22074915824915825	0.045454545454545456	0.3520671834625323	0.36363636363636365	0.3099273607748184
ceb	0.3125	0.22727272727272727	0.5	0.2777777777777778	0.11904761904761904	0.07142857142857142	0.16666666666666666	0.06944444444444445	0.08620689655172414	0.06944444444444445	0.13157894736842105	0.14285714285714285	0.14705882352941177	0.17857142857142858	0.09615384615384616	0.08928571428571429	0.1388888888888889	0.17857142857142858	0.22727272727272727	0.35714285714285715	0.4166666666666667	0.1	0.11904761904761904	0.1388888888888889	0.16666666666666666	0.08064516129032258	0.20833333333333334	0.1	0.19230769230769232	0.19230769230769232	0.09259259259259259	0.1	0.1388888888888889	0.3125	0.11904761904761904
ckb	0.2727272727272727	0.422979797979798	0.2777777777777778	1.0	0.22564935064935063	0.12857142857142856	0.3471698113207547	0.13109756097560976	0.15517241379310345	0.1290650406504065	0.23684210526315788	0.2222222222222222	0.2753441802252816	0.33531746031746035	0.18479567307692307	0.16666666666666669	0.2608695652173913	0.32142857142857145	0.36666666666666664	0.4097222222222222	0.25	0.18	0.22564935064935063	0.2572463768115942	0.3151515151515151	0.14516129032258066	0.4181034482758621	0.05555555555555555	0.2857142857142857	0.36177884615384615	0.18137254901960784	0.05555555555555555	0.2635135135135135	0.35	0.23308270676691728
da	0.19047619047619047	0.2991388044579534	0.11904761904761904	0.22564935064935063	1.0	0.3	0.3494318181818182	0.31048387096774194	0.321915530428999	0.3087899543378996	0.31470588235294117	0.09523809523809523	0.40311004784689	0.33782742681047767	0.32668469686725266	0.32575757575757575	0.3649201040505388	0.35374149659863946	0.2982683982683983	0.1764705882352941	0.14285714285714285	0.328781512605042	0.3892857142857143	0.32302631578947366	0.3289345063538612	0.3387096774193548	0.30897009966777406	0.023809523809523808	0.2818181818181818	0.34523809523809523	0.35714285714285715	0.023809523809523808	0.38061297220242335	0.19047619047619047	0.3265602322206096
de	0.11428571428571428	0.15714285714285714	0.07142857142857142	0.12857142857142856	0.3	1.0	0.21428571428571427	0.4278443499549027	0.3	0.41957318044274566	0.2714285714285714	0.05714285714285714	0.24656084656084656	0.2	0.38961038961038963	0.3958333333333333	0.24368686868686867	0.20793650793650795	0.1641851106639839	0.1078125	0.08571428571428572	0.3458333333333333	0.2777777777777778	0.2361111111111111	0.21895861148197596	0.3918918918918919	0.17633053221288517	0.014285714285714285	0.18571428571428572	0.18571428571428572	0.3611111111111111	0.014285714285714285	0.2426046176046176	0.11428571428571428	0.29521963824289404
el	0.2762820512820513	0.47956989247311826	0.16666666666666666	0.3471698113207547	0.3494318181818182	0.21428571428571427	1.0	0.2259212730318258	0.2916395575797007	0.21450617283950618	0.382051282051282	0.13333333333333333	0.3904923599320883	0.45625	0.3162393162393162	0.29751815980629537	0.46584699453551914	0.43084016393442626	0.3267857142857143	0.2575268817204301	0.2	0.3189873417721519	0.3818342151675485	0.3972672064777328	0.43337334933973587	0.24725463280713797	0.4786516853932584	0.03333333333333333	0.3977272727272727	0.4117647058823529	0.2914764079147641	0.03333333333333333	0.4100877192982456	0.26666666666666666	0.40993788819875776
en	0.1111111111111111	0.18134920634920637	0.06944444444444445	0.13109756097560976	0.31048387096774194	0.4278443499549027	0.2259212730318258	1.0	0.30425700090334235	0.4684412179874975	0.28291062801932365	0.05555555555555555	0.26197318007662834	0.20549416820135052	0.389520202020202	0.38264264264264264	0.25353925353925355	0.20941450432468398	0.16125235404896424	0.10012919896640828	0.08333333333333333	0.3720841006752609	0.30224867724867727	0.25629977803890847	0.23007246376811596	0.39162919862470247	0.19154228855721392	0.013888888888888888	0.19509043927648578	0.18898252184769038	0.3344722302995057	0.013888888888888888	0.2554347826086957	0.1111111111111111	0.29600556438791736
es	0.13793103448275862	0.2271551724137931	0.08620689655172414	0.15517241379310345	0.321915530428999	0.3	0.2916395575797007	0.30425700090334235	1.0	0.2983326443433926	0.30107526881720426	0.06896551724137931	0.32107547624789	0.26410658307210033	0.3372326203208556	0.32899159663865546	0.307981220657277	0.22965367965367967	0.20751231527093594	0.14017017465293327	0.10344827586206896	0.3693181818181818	0.31150211795373084	0.29562841530054645	0.26271905031091014	0.37601078167115903	0.23842808325566944	0.017241379310344827	0.23633305298570229	0.23576583801122694	0.3291473892927958	0.017241379310344827	0.29432234432234433	0.13793103448275862	0.3028716216216216
fr	0.1111111111111111	0.16414141414141414	0.06944444444444445	0.1290650406504065	0.3087899543378996	0.41957318044274566	0.21450617283950618	0.4684412179874975	0.2983326443433926	1.0	0.2741628614916286	0.05555555555555555	0.256729667812142	0.20153664302600474	0.3854473942969518	0.3783057250799186	0.23734394292769928	0.19832041343669252	0.16013071895424838	0.09722222222222222	0.08333333333333333	0.3540715372907154	0.29500000000000004	0.24434961277066541	0.22009803921568627	0.3652636671504596	0.1757028112449799	0.013888888888888888	0.18807435254803676	0.19158496732026142	0.34354590856703804	0.013888888888888888	0.25704225352112675	0.1111111111111111	0.29163779163779163
he	0.2240398293029872	0.3275171624713959	0.13157894736842105	0.23684210526315788	0.31470588235294117	0.2714285714285714	0.382051282051282	0.28291062801932365	0.30107526881720426	0.2741628614916286	1.0	0.10526315789473684	0.3786945812807882	0.4029038112522686	0.35333333333333333	0.36813186813186816	0.41220238095238093	0.2961309523809524	0.3076555023923445	0.19441460794844254	0.15789473684210525	0.4034375	0.3998682476943346	0.44697802197802194	0.36666666666666664	0.29407051282051283	0.3274173806609547	0.02631578947368421	0.34210526315789475	0.3508771929824561	0.3603264281230383	0.02631578947368421	0.3890168970814132	0.21052631578947367	0.3886734976460814
hi	0.16666666666666666	0.18951048951048952	0.14285714285714285	0.2222222222222222	0.09523809523809523	0.05714285714285714	0.13333333333333333	0.05555555555555555	0.06896551724137931	0.05555555555555555	0.10526315789473684	1.0	0.12339418526031101	0.14285714285714285	0.07692307692307693	0.07142857142857142	0.1111111111111111	0.14285714285714285	0.125	0.3169642857142857	0.125	0.08	0.09523809523809523	0.1111111111111111	0.13333333333333333	0.06451612903225806	0.16666666666666666	0.125	0.10714285714285714	0.15384615384615385	0.07407407407407407	0.125	0.1111111111111111	0.16666666666666666	0.09523809523809523
hu	0.23529411764705882	0.39928698752228164	0.14705882352941177	0.2753441802252816	0.40311004784689	0.24656084656084656	0.3904923599320883	0.26197318007662834	0.32107547624789	0.256729667812142	0.3786945812807882	0.12339418526031101	1.0	0.3838383838383838	0.32945956160241874	0.30854180752760874	0.44833333333333336	0.33094098883572565	0.35750999428897773	0.22608437314319665	0.17647058823529413	0.3294314381270903	0.40311004784689	0.41911764705882354	0.433665008291874	0.27798142717497554	0.391109115401886	0.029411764705882353	0.363036303630363	0.4160067873303167	0.3040629095674967	0.029411764705882353	0.4483253588516746	0.23529411764705882	0.3343802345058627
id	0.3018433179723502	0.4669312169312169	0.17857142857142858	0.33531746031746035	0.33782742681047767	0.2	0.45625	0.20549416820135052	0.26410658307210033	0.20153664302600474	0.4029038112522686	0.14285714285714285	0.3838383838383838	1.0	0.2829293993677555	0.25485436893203883	0.4219077568134172	0.375	0.42410714285714285	0.27380952380952384	0.21428571428571427	0.30586206896551726	0.3494623655913978	0.4250334672021419	0.5104166666666666	0.23265576668139637	0.4826254826254826	0.03571428571428571	0.47492401215805474	0.5174772036474165	0.25925925925925924	0.03571428571428571	0.39781746031746035	0.2857142857142857	0.36017897091722595
it	0.15784615384615386	0.2520008892841263	0.09615384615384616	0.18479567307692307	0.32668469686725266	0.38961038961038963	0.3162393162393162	0.389520202020202	0.3372326203208556	0.3854473942969518	0.35333333333333333	0.07692307692307693	0.32945956160241874	0.2829293993677555	1.0	0.4210526315789474	0.3566996315687415	0.251934770591487	0.22939560439560439	0.14954075774971295	0.11538461538461539	0.4205827067669173	0.3335236355332268	0.31157635467980294	0.27640211640211637	0.34425939050318927	0.2514792899408284	0.019230769230769232	0.25354609929078015	0.26773049645390073	0.3604991007194245	0.019230769230769232	0.3028375733855186	0.15384615384615385	0.4044129235618597
ja	0.1491862567811935	0.22254797441364604	0.08928571428571429	0.16666666666666669	0.32575757575757575	0.3958333333333333	0.29751815980629537	0.38264264264264264	0.32899159663865546	0.3783057250799186	0.36813186813186816	0.07142857142857142	0.30854180752760874	0.25485436893203883	0.4210526315789474	1.0	0.31583072100313475	0.22969348659003833	0.20153061224489796	0.125	0.10714285714285714	0.4328407224958949	0.33042813455657494	0.3042974781266083	0.2488981073373088	0.3469893742621015	0.23015873015873015	0.017857142857142856	0.24278115501519756	0.23214285714285715	0.37452651515151514	0.017857142857142856	0.27637540453074433	0.14285714285714285	0.37046861184792224
ko	0.2279040404040404	0.36946532999164583	0.1388888888888889	0.2608695652173913	0.3649201040505388	0.24368686868686867	0.46584699453551914	0.25353925353925355	0.307981220657277	0.23734394292769928	0.41220238095238093	0.1111111111111111	0.44833333333333336	0.4219077568134172	0.3566996315687415	0.31583072100313475	1.0	0.36293859649122806	0.3247863247863248	0.21506300114547539	0.17248062015503876	0.3399665551839465	0.42176186645213193	0.45725190839694657	0.42226720647773275	0.27734375	0.39381720430107525	0.027777777777777776	0.37081984897518877	0.3902373247033441	0.3222630173564753	0.027777777777777776	0.4480769230769231	0.2222222222222222	0.3937444543034605
lv	0.2857142857142857	0.43339768339768336	0.17857142857142858	0.32142857142857145	0.35374149659863946	0.20793650793650795	0.43084016393442626	0.20941450432468398	0.22965367965367967	0.19832041343669252	0.2961309523809524	0.14285714285714285	0.33094098883572565	0.375	0.251934770591487	0.22969348659003833	0.36293859649122806	1.0	0.3611111111111111	0.26666666666666666	0.24553571428571427	0.25	0.29545454545454547	0.3277777777777778	0.3597904915390814	0.22580645161290322	0.46763392857142855	0.03571428571428571	0.3584558823529412	0.42702702702702705	0.24464285714285716	0.03571428571428571	0.3365853658536585	0.2857142857142857	0.30974025974025976
mk	0.38286713286713286	0.4736286919831224	0.22727272727272727	0.36666666666666664	0.2982683982683983	0.1641851106639839	0.3267857142857143	0.16125235404896424	0.20751231527093594	0.16013071895424838	0.3076555023923445	0.125	0.35750999428897773	0.42410714285714285	0.22939560439560439	0.20153061224489796	0.3247863247863248	0.3611111111111111	1.0	0.2916666666666667	0.293560606060606	0.23851851851851852	0.27052545155993435	0.3305555555555556	0.3991341991341991	0.1774193548387097	0.44258639910813824	0.045454545454545456	0.4474671669793621	0.4571678321678322	0.21412037037037035	0.045454545454545456	0.3255555555555556	0.36363636363636365	0.29711602951039573
ml	0.3333333333333333	0.3729763387297634	0.35714285714285715	0.4097222222222222	0.1764705882352941	0.1078125	0.2575268817204301	0.10012919896640828	0.14017017465293327	0.09722222222222222	0.19441460794844254	0.3169642857142857	0.22608437314319665	0.27380952380952384	0.14954075774971295	0.125	0.21506300114547539	0.26666666666666666	0.2916666666666667	1.0	0.3125	0.17260869565217393	0.1764705882352941	0.20777777777777778	0.24703196347031964	0.12109994711792701	0.3301282051282052	0.07142857142857142	0.21428571428571427	0.28205128205128205	0.16809116809116809	0.07142857142857142	0.2058080808080808	0.3333333333333333	0.1997549019607843
mr	0.475	0.2803030303030303	0.4166666666666667	0.25	0.14285714285714285	0.08571428571428572	0.2	0.08333333333333333	0.10344827586206896	0.08333333333333333	0.15789473684210525	0.125	0.17647058823529413	0.21428571428571427	0.11538461538461539	0.10714285714285714	0.17248062015503876	0.24553571428571427	0.293560606060606	0.3125	1.0	0.12	0.14285714285714285	0.1747311827956989	0.20833333333333334	0.0967741935483871	0.2685185185185185	0.08333333333333333	0.23076923076923078	0.23076923076923078	0.1111111111111111	0.08333333333333333	0.18333333333333332	0.375	0.150609080841639
nl	0.16	0.23041666666666666	0.1	0.18	0.328781512605042	0.3458333333333333	0.3189873417721519	0.3720841006752609	0.3693181818181818	0.3540715372907154	0.4034375	0.08	0.3294314381270903	0.30586206896551726	0.4205827067669173	0.4328407224958949	0.3399665551839465	0.25	0.23851851851851852	0.17260869565217393	0.12	1.0	0.3592047930283224	0.3377926421404682	0.28034188034188035	0.3548951048951049	0.2704878048780488	0.02	0.26	0.26	0.38421052631578945	0.02	0.2962962962962963	0.16	0.40719602977667496
pl	0.2032967032967033	0.29348370927318296	0.11904761904761904	0.22564935064935063	0.3892857142857143	0.2777777777777778	0.3818342151675485	0.30224867724867727	0.31150211795373084	0.29500000000000004	0.3998682476943346	0.09523809523809523	0.40311004784689	0.3494623655913978	0.3335236355332268	0.33042813455657494	0.42176186645213193	0.29545454545454547	0.27052545155993435	0.1764705882352941	0.14285714285714285	0.3592047930283224	1.0	0.4375	0.36246200607902734	0.325	0.2913322632423756	0.023809523809523808	0.33782569631626236	0.31799838579499595	0.3738095238095238	0.023809523809523808	0.43638392857142855	0.19047619047619047	0.32011466794075494
pt	0.2222222222222222	0.3533816425120773	0.1388888888888889	0.2572463768115942	0.32302631578947366	0.2361111111111111	0.3972672064777328	0.25629977803890847	0.29562841530054645	0.24434961277066541	0.44697802197802194	0.1111111111111111	0.41911764705882354	0.4250334672021419	0.31157635467980294	0.3042974781266083	0.45725190839694657	0.3277777777777778	0.3305555555555556	0.20777777777777778	0.1747311827956989	0.3377926421404682	0.4375	1.0	0.4188797682279092	0.29013480392156865	0.37578616352201255	0.027777777777777776	0.39400584795321636	0.3990857946554149	0.3153361344537815	0.027777777777777776	0.41724137931034483	0.2222222222222222	0.387598814229249
ro	0.2916666666666667	0.45714285714285713	0.16666666666666666	0.3151515151515151	0.3289345063538612	0.21895861148197596	0.43337334933973587	0.23007246376811596	0.26271905031091014	0.22009803921568627	0.36666666666666664	0.13333333333333333	0.433665008291874	0.5104166666666666	0.27640211640211637	0.2488981073373088	0.42226720647773275	0.3597904915390814	0.3991341991341991	0.24703196347031964	0.20833333333333334	0.28034188034188035	0.36246200607902734	0.4188797682279092	1.0	0.24674317617866007	0.4947368421052632	0.03333333333333333	0.44632034632034634	0.4866666666666667	0.2960704607046071	0.03333333333333333	0.4532520325203252	0.26666666666666666	0.35841170323928945
ru	0.12903225806451613	0.19130824372759858	0.08064516129032258	0.14516129032258066	0.3387096774193548	0.3918918918918919	0.24725463280713797	0.39162919862470247	0.37601078167115903	0.3652636671504596	0.29407051282051283	0.06451612903225806	0.27798142717497554	0.23265576668139637	0.34425939050318927	0.3469893742621015	0.27734375	0.22580645161290322	0.1774193548387097	0.12109994711792701	0.0967741935483871	0.3548951048951049	0.325	0.29013480392156865	0.24674317617866007	1.0	0.19859889214727924	0.016129032258064516	0.20967741935483872	0.21692379616643293	0.36722689075630255	0.016129032258064516	0.27238175675675674	0.12903225806451613	0.29659971811134606
sh	0.3421052631578947	0.5533333333333333	0.20833333333333334	0.4181034482758621	0.30897009966777406	0.17633053221288517	0.4786516853932584	0.19154228855721392	0.23842808325566944	0.1757028112449799	0.3274173806609547	0.16666666666666666	0.391109115401886	0.4826254826254826	0.2514792899408284	0.23015873015873015	0.39381720430107525	0.46763392857142855	0.44258639910813824	0.3301282051282052	0.2685185185185185	0.2704878048780488	0.2913322632423756	0.37578616352201255	0.4947368421052632	0.19859889214727924	1.0	0.041666666666666664	0.42908902691511386	0.5524475524475525	0.22855133614627285	0.041666666666666664	0.35864978902953587	0.3333333333333333	0.3505291005291005
si	0.0625	0.045454545454545456	0.1	0.05555555555555555	0.023809523809523808	0.014285714285714285	0.03333333333333333	0.013888888888888888	0.017241379310344827	0.013888888888888888	0.02631578947368421	0.125	0.029411764705882353	0.03571428571428571	0.019230769230769232	0.017857142857142856	0.027777777777777776	0.03571428571428571	0.045454545454545456	0.07142857142857142	0.08333333333333333	0.02	0.023809523809523808	0.027777777777777776	0.03333333333333333	0.016129032258064516	0.041666666666666664	0.5	0.038461538461538464	0.038461538461538464	0.018518518518518517	0.5	0.027777777777777776	0.0625	0.023809523809523808
simple	0.3076923076923077	0.39511754068716093	0.19230769230769232	0.2857142857142857	0.2818181818181818	0.18571428571428572	0.3977272727272727	0.19509043927648578	0.23633305298570229	0.18807435254803676	0.34210526315789475	0.10714285714285714	0.363036303630363	0.47492401215805474	0.25354609929078015	0.24278115501519756	0.37081984897518877	0.3584558823529412	0.4474671669793621	0.21428571428571427	0.23076923076923078	0.26	0.33782569631626236	0.39400584795321636	0.44632034632034634	0.20967741935483872	0.42908902691511386	0.038461538461538464	1.0	0.46515679442508706	0.24074074074074073	0.038461538461538464	0.3715277777777778	0.3076923076923077	0.3341716968477532
sr	0.3076923076923077	0.46575984990619135	0.19230769230769232	0.36177884615384615	0.34523809523809523	0.18571428571428572	0.4117647058823529	0.18898252184769038	0.23576583801122694	0.19158496732026142	0.3508771929824561	0.15384615384615385	0.4160067873303167	0.5174772036474165	0.26773049645390073	0.23214285714285715	0.3902373247033441	0.42702702702702705	0.4571678321678322	0.28205128205128205	0.23076923076923078	0.26	0.31799838579499595	0.3990857946554149	0.4866666666666667	0.21692379616643293	0.5524475524475525	0.038461538461538464	0.46515679442508706	1.0	0.24074074074074073	0.038461538461538464	0.40192743764172334	0.3076923076923077	0.34077380952380953
sv	0.14814814814814814	0.22074915824915825	0.09259259259259259	0.18137254901960784	0.35714285714285715	0.3611111111111111	0.2914764079147641	0.3344722302995057	0.3291473892927958	0.34354590856703804	0.3603264281230383	0.07407407407407407	0.3040629095674967	0.25925925925925924	0.3604991007194245	0.37452651515151514	0.3222630173564753	0.24464285714285716	0.21412037037037035	0.16809116809116809	0.1111111111111111	0.38421052631578945	0.3738095238095238	0.3153361344537815	0.2960704607046071	0.36722689075630255	0.22855133614627285	0.018518518518518517	0.24074074074074073	0.24074074074074073	1.0	0.018518518518518517	0.32243935309973043	0.14814814814814814	0.34772043508447115
te	0.0625	0.045454545454545456	0.1	0.05555555555555555	0.023809523809523808	0.014285714285714285	0.03333333333333333	0.013888888888888888	0.017241379310344827	0.013888888888888888	0.02631578947368421	0.125	0.029411764705882353	0.03571428571428571	0.019230769230769232	0.017857142857142856	0.027777777777777776	0.03571428571428571	0.045454545454545456	0.07142857142857142	0.08333333333333333	0.02	0.023809523809523808	0.027777777777777776	0.03333333333333333	0.016129032258064516	0.041666666666666664	0.5	0.038461538461538464	0.038461538461538464	0.018518518518518517	0.5	0.027777777777777776	0.0625	0.023809523809523808
vi	0.2378472222222222	0.3520671834625323	0.1388888888888889	0.2635135135135135	0.38061297220242335	0.2426046176046176	0.4100877192982456	0.2554347826086957	0.29432234432234433	0.25704225352112675	0.3890168970814132	0.1111111111111111	0.4483253588516746	0.39781746031746035	0.3028375733855186	0.27637540453074433	0.4480769230769231	0.3365853658536585	0.3255555555555556	0.2058080808080808	0.18333333333333332	0.2962962962962963	0.43638392857142855	0.41724137931034483	0.4532520325203252	0.27238175675675674	0.35864978902953587	0.027777777777777776	0.3715277777777778	0.40192743764172334	0.32243935309973043	0.027777777777777776	1.0	0.2222222222222222	0.32883986928104575
war	0.3888888888888889	0.36363636363636365	0.3125	0.35	0.19047619047619047	0.11428571428571428	0.26666666666666666	0.1111111111111111	0.13793103448275862	0.1111111111111111	0.21052631578947367	0.16666666666666666	0.23529411764705882	0.2857142857142857	0.15384615384615385	0.14285714285714285	0.2222222222222222	0.2857142857142857	0.36363636363636365	0.3333333333333333	0.375	0.16	0.19047619047619047	0.2222222222222222	0.26666666666666666	0.12903225806451613	0.3333333333333333	0.0625	0.3076923076923077	0.3076923076923077	0.14814814814814814	0.0625	0.2222222222222222	0.5	0.19047619047619047
zh	0.19426406926406925	0.3099273607748184	0.11904761904761904	0.23308270676691728	0.3265602322206096	0.29521963824289404	0.40993788819875776	0.29600556438791736	0.3028716216216216	0.29163779163779163	0.3886734976460814	0.09523809523809523	0.3343802345058627	0.36017897091722595	0.4044129235618597	0.37046861184792224	0.3937444543034605	0.30974025974025976	0.29711602951039573	0.1997549019607843	0.150609080841639	0.40719602977667496	0.32011466794075494	0.387598814229249	0.35841170323928945	0.29659971811134606	0.3505291005291005	0.023809523809523808	0.3341716968477532	0.34077380952380953	0.34772043508447115	0.023809523809523808	0.32883986928104575	0.19047619047619047	1.0
