arz	bs	ceb	ckb	da	de	el	en	es	fr	he	hi	hu	id	it	ja	ko	lv	mk	ml	mr	nl	pl	pt	ro	ru	sh	si	simple	sr	sv	te	vi	war	zh
arz	1.0	0.6535703332497745	0.7105872722972745	0.6272459354959761	0.3905519121891816	0.43417514631003223	0.5287561694725789	0.5604473027931579	0.4615020624687053	0.41885843261902395	0.5041816493407449	1.0	0.5007845312178426	0.3310166978227534	0.3666319990416054	0.35597043629050235	0.3509152315062445	0.3042401119417926	0.4973145055170034	0.6029003093438955	0.5859058656862273	0.5558123355884498	0.31245954004832616	0.44229456782948706	0.4952152713514886	0.5062012155008716	0.532302359920638	1.0	0.6107836816145945	0.5807369437260838	0.5834591827118668	1.0	0.3256503221897913	0.686322561238889	0.5492648881718144
bs	0.6535703332497745	1.0	0.8583253976269879	0.526250659313847	0.35436767299293315	0.39775673440411413	0.47756150033296224	0.48026214220641983	0.3795376174283243	0.32077469438163486	0.5212976705190726	0.6123710387582811	0.36203629102530716	0.3257678606581022	0.40707447095958843	0.45975700418056953	0.47253560841822995	0.31381557321820924	0.49825852015984695	0.6647375305260158	0.6314692535410115	0.5879514383845117	0.28256283201900534	0.3667793524899924	0.46345527659747754	0.5126544785028958	0.5431785607711984	1.0	0.5052418880072043	0.3671154568037119	0.5807331667789734	1.0	0.29169930097308483	0.7214666464161874	0.47718187592751243
ceb	0.7105872722972745	0.8583253976269879	1.0	0.5983873344486663	0.7339023149005872	0.4493075654568811	0.6704675947063355	0.6704675947063354	0.5958330904689774	0.4668216279143079	0.7584325078215765	1.0	0.6968440556197488	0.72653347084664	0.4294392533325101	0.7584325078215765	0.4080375293444406	0.39186946170561754	0.6435393704644947	0.7525366051718148	0.7584325078215763	0.46911835708105454	0.7584325078215763	0.6336972417931689	0.6239135948582958	0.7584325078215763	0.47949570745379866	1.0	0.4576444201675777	0.6372769678336847	0.7584325078215763	1.0	0.46890216347620284	1.0	0.6642162377423815
ckb	0.6272459354959761	0.526250659313847	0.5983873344486663	1.0	0.470289139145873	0.3619967598773412	0.4561330480993021	0.41817057294149657	0.46040082908540403	0.26748184942066616	0.40666317478253816	0.6743202287441529	0.3392560735061537	0.29749719917750905	0.31607516513635203	0.5022083551447574	0.3350127397937994	0.3179484342252963	0.482866775279764	0.4786649361136285	0.5353345826269086	0.37778071323062035	0.3322036222597227	0.27553557662605743	0.428999327714684	0.48833524815853996	0.4227217480005645	1.0	0.33370529776737606	0.3358143864377609	0.44693878009105326	1.0	0.3273561266360155	0.5441786547397894	0.40013366532284195
da	0.3905519121891816	0.35436767299293315	0.7339023149005872	0.470289139145873	1.0	0.246006147624726	0.26696055136177793	0.3028969910185537	0.22848360911987078	0.2529550583694418	0.27116136479518055	0.7690990303325336	0.24723416562685335	0.2787131092284463	0.2792809956770884	0.22768427346346126	0.2514581460149871	0.23946139820752707	0.34850741873799246	0.5793272754652234	0.48068333147623526	0.27402674955965006	0.24391575635387558	0.2524425897304187	0.27758799408789614	0.2581954979668865	0.33509044456059667	1.0	0.34239121737268663	0.25120213669686686	0.2794321359030686	1.0	0.2314996221468597	0.41321936282888144	0.2761406729036847
de	0.43417514631003223	0.39775673440411413	0.4493075654568811	0.3619967598773412	0.246006147624726	1.0	0.3480871012709322	0.2267446477870077	0.27117003813627777	0.21420457949451277	0.27213812821404976	0.7690990303325336	0.3369172488797218	0.32091069501910996	0.2970899360710415	0.22579906546038966	0.3554105286896906	0.24110224209734793	0.33731658744236465	0.405277065378957	0.46519946658276556	0.25155668181201374	0.23194264699360115	0.2608867375163219	0.3738410668796869	0.2225333456891827	0.403062778784838	1.0	0.38338650607767855	0.2520902752504119	0.24309940029947147	1.0	0.25582796244816347	0.42086015539690247	0.32360649415257065
el	0.5287561694725789	0.47756150033296224	0.6704675947063355	0.4561330480993021	0.26696055136177793	0.3480871012709322	1.0	0.3294238076514587	0.41652139243450287	0.28122968352123606	0.3805192070129027	0.775742540377678	0.40340281461500255	0.3643240672060356	0.37828533035620937	0.3532686225049066	0.40137948741280977	0.38501563009553325	0.411235021822783	0.6025873267233187	0.4817232790472179	0.39430477062221553	0.29543697431523125	0.3273939709112767	0.36425952445585785	0.36369706058915013	0.48245658476912795	1.0	0.37822427854702145	0.2768270645996979	0.44370172327855356	1.0	0.23907542159194722	0.5704651394398939	0.3843720317650621
en	0.5604473027931579	0.48026214220641983	0.6704675947063354	0.41817057294149657	0.3028969910185537	0.2267446477870077	0.3294238076514587	1.0	0.22455928575967526	0.2650556196276336	0.26020119891375376	0.5775538787560041	0.37172922004332265	0.34329584261757806	0.25724199707720513	0.26396787585799164	0.35484923261068013	0.2445683695303324	0.38992713668655354	0.519749145856065	0.5899179356286968	0.2735774976477214	0.2768166545232018	0.26921787958339455	0.3861461442895752	0.27488557749353393	0.4798463201982668	1.0	0.30153135491924726	0.29166611951573107	0.2835363952864675	1.0	0.25086266118846906	0.6351938922881069	0.3279746718019148
es	0.4615020624687053	0.3795376174283243	0.5958330904689774	0.46040082908540403	0.22848360911987078	0.27117003813627777	0.41652139243450287	0.22455928575967526	1.0	0.2737558148798617	0.3644985180847198	0.6430716716072777	0.38550204764513474	0.3966945402606237	0.3375136892068143	0.25991251241660523	0.37732082079784823	0.3163618940036362	0.36358181422578195	0.4915024329212908	0.5243247790003864	0.30583137444368763	0.2526913644906565	0.29457765092762095	0.3454156787825477	0.28723863932397814	0.4145473551687569	1.0	0.38510684077294766	0.2675878300261555	0.2944908400604518	1.0	0.21236784950743717	0.49318742253255576	0.3507485990271696
fr	0.41885843261902395	0.32077469438163486	0.4668216279143079	0.26748184942066616	0.2529550583694418	0.21420457949451277	0.28122968352123606	0.2650556196276336	0.2737558148798617	1.0	0.23978025265217742	0.8943504275997424	0.3619079736979908	0.24874068789724538	0.2932789350266374	0.25293289446314127	0.271057957501773	0.23199389139390125	0.30826161390972806	0.4414189308415813	0.4224149442789287	0.2593283407943823	0.2150621283946264	0.2164929145143541	0.28624732484968995	0.2625815071284396	0.28939603902209615	1.0	0.26565728705915337	0.329156262763461	0.2882961569142185	1.0	0.23365513744575994	0.35887565672664595	0.2762793045282124
he	0.5041816493407449	0.5212976705190726	0.7584325078215765	0.40666317478253816	0.27116136479518055	0.27213812821404976	0.3805192070129027	0.26020119891375376	0.3644985180847198	0.23978025265217742	1.0	0.7636008900425729	0.3603207517676044	0.3344232114941555	0.3505044799071656	0.27910972830975794	0.3967716667414147	0.39120740326124936	0.4075050793989575	0.596616263802443	0.7320606857984924	0.31910488111864505	0.298601271588727	0.2932893798498303	0.40708732777405304	0.36991104587478646	0.5475324698401483	1.0	0.4145688951637564	0.28959783616224316	0.4297531296214838	1.0	0.23002982018029466	0.5624636184794186	0.40263695171731706
hi	1.0	0.6123710387582811	1.0	0.6743202287441529	0.7690990303325336	0.7690990303325336	0.775742540377678	0.5775538787560041	0.6430716716072777	0.8943504275997424	0.7636008900425729	1.0	0.6583930540054612	0.7690990303325336	0.7014783639259007	1.0	0.4536482884355203	0.7690990303325336	0.9999999999999996	0.4229419099391457	1.0	0.672319180205558	0.4470243838006412	0.7088323472494197	0.6286613931270821	0.8943504275997424	0.7919524378672337	1.0	0.7863954451402115	0.6111686335159966	0.672319180205558	1.0	0.6698766910334878	1.0	0.5907276160286806
hu	0.5007845312178426	0.36203629102530716	0.6968440556197488	0.3392560735061537	0.24723416562685335	0.3369172488797218	0.40340281461500255	0.37172922004332265	0.38550204764513474	0.3619079736979908	0.3603207517676044	0.6583930540054612	1.0	0.29702555964082317	0.3037630300264709	0.35151473963153296	0.4161607431920144	0.33412916666873566	0.3792857360441157	0.48562394312942847	0.7331092489474137	0.3375349388809766	0.3229287954545918	0.34119519563538725	0.3531097551861765	0.35183259041223514	0.41134396987619265	1.0	0.42092501321902237	0.24841884715872622	0.4051154479258971	1.0	0.24371908661345465	0.48959088174614335	0.37834085285261615
id	0.3310166978227534	0.3257678606581022	0.72653347084664	0.29749719917750905	0.2787131092284463	0.32091069501910996	0.3643240672060356	0.34329584261757806	0.3966945402606237	0.24874068789724538	0.3344232114941555	0.7690990303325336	0.29702555964082317	1.0	0.2929728573302802	0.31586815115958317	0.3508702940564285	0.2916357609822867	0.25503458071205143	0.6624544171530563	0.4253385068949252	0.35943040024797235	0.26660964110991314	0.3192579742553548	0.3208631597177114	0.34765145548446114	0.2928819993461087	1.0	0.2947483972855094	0.22549784605234166	0.3765882310237756	1.0	0.25516489588041374	0.38560902025902394	0.3479628233539371
it	0.3666319990416054	0.40707447095958843	0.4294392533325101	0.31607516513635203	0.2792809956770884	0.2970899360710415	0.37828533035620937	0.25724199707720513	0.3375136892068143	0.2932789350266374	0.3505044799071656	0.7014783639259007	0.3037630300264709	0.2929728573302802	1.0	0.3174860350196894	0.3975995183517688	0.37759155675340655	0.3560187090488229	0.35471389154842636	0.392230165701192	0.32966868578900604	0.2967780372332413	0.3233647807639918	0.3332355035259616	0.3074332368429392	0.38180686244191403	1.0	0.3758663669865351	0.27719659004087366	0.3679730093033025	1.0	0.2675514833979639	0.3511435218230978	0.37508629822659734
ja	0.35597043629050235	0.45975700418056953	0.7584325078215765	0.5022083551447574	0.22768427346346126	0.22579906546038966	0.3532686225049066	0.26396787585799164	0.25991251241660523	0.25293289446314127	0.27910972830975794	1.0	0.35151473963153296	0.31586815115958317	0.3174860350196894	1.0	0.33307655130163855	0.3452357895582276	0.38477429301775823	0.679217331183119	0.6263324602325806	0.24415853726609568	0.22952648164893497	0.2525926859069669	0.3539657559644185	0.25043496844920304	0.4058290132896018	1.0	0.4163858566597831	0.29307162649359164	0.24577618418760408	1.0	0.2233623267622794	0.6248318231235794	0.3465409004025711
ko	0.3509152315062445	0.47253560841822995	0.4080375293444406	0.3350127397937994	0.2514581460149871	0.3554105286896906	0.40137948741280977	0.35484923261068013	0.37732082079784823	0.271057957501773	0.3967716667414147	0.4536482884355203	0.4161607431920144	0.3508702940564285	0.3975995183517688	0.33307655130163855	1.0	0.43586297009565894	0.4137202922024556	0.36470105453585666	0.3475124376179916	0.4084427738800466	0.2827326894298419	0.29551834179892755	0.3708666857950682	0.3662780943076564	0.46921518281791513	1.0	0.37094328883929023	0.3036445267623246	0.46304418166687544	1.0	0.23540093209073604	0.3290522083241127	0.43817733130459596
lv	0.3042401119417926	0.31381557321820924	0.39186946170561754	0.3179484342252963	0.23946139820752707	0.24110224209734793	0.38501563009553325	0.2445683695303324	0.3163618940036362	0.23199389139390125	0.39120740326124936	0.7690990303325336	0.33412916666873566	0.2916357609822867	0.37759155675340655	0.3452357895582276	0.43586297009565894	1.0	0.3050392518197044	0.34523773217286313	0.3272454577120903	0.4087279318195048	0.31373313448791434	0.3306153869179075	0.4066490118499663	0.26149919846504294	0.4094538095729669	1.0	0.3868896787838658	0.31140572560317603	0.39811245654262234	1.0	0.2851370786380163	0.31310200891075185	0.4609293004999926
mk	0.4973145055170034	0.49825852015984695	0.6435393704644947	0.482866775279764	0.34850741873799246	0.33731658744236465	0.411235021822783	0.38992713668655354	0.36358181422578195	0.30826161390972806	0.4075050793989575	0.9999999999999996	0.3792857360441157	0.25503458071205143	0.3560187090488229	0.38477429301775823	0.4137202922024556	0.3050392518197044	1.0	0.5815875065652414	0.6257060517238381	0.41241581618419315	0.2775629295346662	0.3282721402263126	0.3770317257688435	0.44603307368143186	0.4587516547026905	1.0	0.4050532664686092	0.32402793936775587	0.49798194434571436	1.0	0.2753880303337152	0.543990588625734	0.37207773837499497
ml	0.6029003093438955	0.6647375305260158	0.7525366051718148	0.4786649361136285	0.5793272754652234	0.405277065378957	0.6025873267233187	0.519749145856065	0.4915024329212908	0.4414189308415813	0.596616263802443	0.4229419099391457	0.48562394312942847	0.6624544171530563	0.35471389154842636	0.679217331183119	0.36470105453585666	0.34523773217286313	0.5815875065652414	1.0	0.6610025071054186	0.4342633643442767	0.41026641302446154	0.5243359033846201	0.5257199448945086	0.6480044741869759	0.5909513771795195	1.0	0.3643519786307212	0.5876078183720711	0.715962216214448	1.0	0.38126320863595825	0.6475337013526791	0.6130160902244643
mr	0.5859058656862273	0.6314692535410115	0.7584325078215763	0.5353345826269086	0.48068333147623526	0.46519946658276556	0.4817232790472179	0.5899179356286968	0.5243247790003864	0.4224149442789287	0.7320606857984924	1.0	0.7331092489474137	0.4253385068949252	0.392230165701192	0.6263324602325806	0.3475124376179916	0.3272454577120903	0.6257060517238381	0.6610025071054186	1.0	0.5826352570580285	0.861584390647695	0.42422751278035403	0.5973772221885116	0.5723051456976083	0.6203480088162806	1.0	0.5868872073374884	0.5275761075163017	0.662260262028146	1.0	0.40593698799440103	0.7106922308883378	0.523438232324763
nl	0.5558123355884498	0.5879514383845117	0.46911835708105454	0.37778071323062035	0.27402674955965006	0.25155668181201374	0.39430477062221553	0.2735774976477214	0.30583137444368763	0.2593283407943823	0.31910488111864505	0.672319180205558	0.3375349388809766	0.35943040024797235	0.32966868578900604	0.24415853726609568	0.4084427738800466	0.4087279318195048	0.41241581618419315	0.4342633643442767	0.5826352570580285	1.0	0.2557968099654538	0.29752603801017613	0.4226529050785728	0.3084958795354605	0.494670528700597	1.0	0.4719296813640727	0.29165861003701005	0.31613893398949894	1.0	0.22653065061273017	0.6148122586105246	0.38090326495686083
pl	0.31245954004832616	0.28256283201900534	0.7584325078215763	0.3322036222597227	0.24391575635387558	0.23194264699360115	0.29543697431523125	0.2768166545232018	0.2526913644906565	0.2150621283946264	0.298601271588727	0.4470243838006412	0.3229287954545918	0.26660964110991314	0.2967780372332413	0.22952648164893497	0.2827326894298419	0.31373313448791434	0.2775629295346662	0.41026641302446154	0.861584390647695	0.2557968099654538	1.0	0.2608050966853668	0.3327497105939346	0.25262063449157324	0.37544519731371284	1.0	0.33982060643984546	0.2983173270374272	0.2660939399671705	1.0	0.2178534982203916	0.3143684372327545	0.31444281201457536
pt	0.44229456782948706	0.3667793524899924	0.6336972417931689	0.27553557662605743	0.2524425897304187	0.2608867375163219	0.3273939709112767	0.26921787958339455	0.29457765092762095	0.2164929145143541	0.2932893798498303	0.7088323472494197	0.34119519563538725	0.3192579742553548	0.3233647807639918	0.2525926859069669	0.29551834179892755	0.3306153869179075	0.3282721402263126	0.5243359033846201	0.42422751278035403	0.29752603801017613	0.2608050966853668	1.0	0.3553313153225659	0.28681874666913	0.4706076732438934	1.0	0.38789728835311693	0.24459367176336322	0.3118562969686105	1.0	0.23769709887061655	0.3679738687598207	0.31925332130974204
ro	0.4952152713514886	0.46345527659747754	0.6239135948582958	0.428999327714684	0.27758799408789614	0.3738410668796869	0.36425952445585785	0.3861461442895752	0.3454156787825477	0.28624732484968995	0.40708732777405304	0.6286613931270821	0.3531097551861765	0.3208631597177114	0.3332355035259616	0.3539657559644185	0.3708666857950682	0.4066490118499663	0.3770317257688435	0.5257199448945086	0.5973772221885116	0.4226529050785728	0.3327497105939346	0.3553313153225659	1.0	0.3444946096091303	0.4543839199180462	1.0	0.4176801245362899	0.28825356826754517	0.4182873738823595	1.0	0.26633879742404915	0.5628404126423312	0.41116474162750116
ru	0.5062012155008716	0.5126544785028958	0.7584325078215763	0.48833524815853996	0.2581954979668865	0.2225333456891827	0.36369706058915013	0.27488557749353393	0.28723863932397814	0.2625815071284396	0.36991104587478646	0.8943504275997424	0.35183259041223514	0.34765145548446114	0.3074332368429392	0.25043496844920304	0.3662780943076564	0.26149919846504294	0.44603307368143186	0.6480044741869759	0.5723051456976083	0.3084958795354605	0.25262063449157324	0.28681874666913	0.3444946096091303	1.0	0.42810078748090824	1.0	0.3325535095661705	0.2842483667234093	0.33013795703573756	1.0	0.23521409960327838	0.600601997118612	0.3239925754125896
sh	0.532302359920638	0.5431785607711984	0.47949570745379866	0.4227217480005645	0.33509044456059667	0.403062778784838	0.48245658476912795	0.4798463201982668	0.4145473551687569	0.28939603902209615	0.5475324698401483	0.7919524378672337	0.41134396987619265	0.2928819993461087	0.38180686244191403	0.4058290132896018	0.46921518281791513	0.4094538095729669	0.4587516547026905	0.5909513771795195	0.6203480088162806	0.494670528700597	0.37544519731371284	0.4706076732438934	0.4543839199180462	0.42810078748090824	1.0	1.0	0.4758030462082003	0.28307447307382255	0.5714657944347605	1.0	0.2749739475376726	0.6061619299212901	0.4396716676762414
si	1.0	1.0	1.0	1.0	1.0	1.0	1.0	1.0	1.0	1.0	1.0	1.0	1.0	1.0	1.0	1.0	1.0	1.0	1.0	1.0	1.0	1.0	1.0	1.0	1.0	1.0	1.0	1.0	1.0	1.0	1.0	1.0	1.0	1.0	1.0
simple	0.6107836816145945	0.5052418880072043	0.4576444201675777	0.33370529776737606	0.34239121737268663	0.38338650607767855	0.37822427854702145	0.30153135491924726	0.38510684077294766	0.26565728705915337	0.4145688951637564	0.7863954451402115	0.42092501321902237	0.2947483972855094	0.3758663669865351	0.4163858566597831	0.37094328883929023	0.3868896787838658	0.4050532664686092	0.3643519786307212	0.5868872073374884	0.4719296813640727	0.33982060643984546	0.38789728835311693	0.4176801245362899	0.3325535095661705	0.4758030462082003	1.0	1.0	0.2747181734392197	0.49439228577378663	1.0	0.2638786817006758	0.5107760471447992	0.35326290828502777
sr	0.5807369437260838	0.3671154568037119	0.6372769678336847	0.3358143864377609	0.25120213669686686	0.2520902752504119	0.2768270645996979	0.29166611951573107	0.2675878300261555	0.329156262763461	0.28959783616224316	0.6111686335159966	0.24841884715872622	0.22549784605234166	0.27719659004087366	0.29307162649359164	0.3036445267623246	0.31140572560317603	0.32402793936775587	0.5876078183720711	0.5275761075163017	0.29165861003701005	0.2983173270374272	0.24459367176336322	0.28825356826754517	0.2842483667234093	0.28307447307382255	1.0	0.2747181734392197	1.0	0.3018445841281356	1.0	0.2446297551265771	0.3683236890493889	0.29788210166803203
sv	0.5834591827118668	0.5807331667789734	0.7584325078215763	0.44693878009105326	0.2794321359030686	0.24309940029947147	0.44370172327855356	0.2835363952864675	0.2944908400604518	0.2882961569142185	0.4297531296214838	0.672319180205558	0.4051154479258971	0.3765882310237756	0.3679730093033025	0.24577618418760408	0.46304418166687544	0.39811245654262234	0.49798194434571436	0.715962216214448	0.662260262028146	0.31613893398949894	0.2660939399671705	0.3118562969686105	0.4182873738823595	0.33013795703573756	0.5714657944347605	1.0	0.49439228577378663	0.3018445841281356	1.0	1.0	0.23765281221636586	0.6908587525207898	0.4010401753416184
te	1.0	1.0	1.0	1.0	1.0	1.0	1.0	1.0	1.0	1.0	1.0	1.0	1.0	1.0	1.0	1.0	1.0	1.0	1.0	1.0	1.0	1.0	1.0	1.0	1.0	1.0	1.0	1.0	1.0	1.0	1.0	1.0	1.0	1.0	1.0
vi	0.3256503221897913	0.29169930097308483	0.46890216347620284	0.3273561266360155	0.2314996221468597	0.25582796244816347	0.23907542159194722	0.25086266118846906	0.21236784950743717	0.23365513744575994	0.23002982018029466	0.6698766910334878	0.24371908661345465	0.25516489588041374	0.2675514833979639	0.2233623267622794	0.23540093209073604	0.2851370786380163	0.2753880303337152	0.38126320863595825	0.40593698799440103	0.22653065061273017	0.2178534982203916	0.23769709887061655	0.26633879742404915	0.23521409960327838	0.2749739475376726	1.0	0.2638786817006758	0.2446297551265771	0.23765281221636586	1.0	1.0	0.35574308288652484	0.2462942169276836
war	0.686322561238889	0.7214666464161874	1.0	0.5441786547397894	0.41321936282888144	0.42086015539690247	0.5704651394398939	0.6351938922881069	0.49318742253255576	0.35887565672664595	0.5624636184794186	1.0	0.48959088174614335	0.38560902025902394	0.3511435218230978	0.6248318231235794	0.3290522083241127	0.31310200891075185	0.543990588625734	0.6475337013526791	0.7106922308883378	0.6148122586105246	0.3143684372327545	0.3679738687598207	0.5628404126423312	0.600601997118612	0.6061619299212901	1.0	0.5107760471447992	0.3683236890493889	0.6908587525207898	1.0	0.35574308288652484	1.0	0.6022118967409043
zh	0.5492648881718144	0.47718187592751243	0.6642162377423815	0.40013366532284195	0.2761406729036847	0.32360649415257065	0.3843720317650621	0.3279746718019148	0.3507485990271696	0.2762793045282124	0.40263695171731706	0.5907276160286806	0.37834085285261615	0.3479628233539371	0.37508629822659734	0.3465409004025711	0.43817733130459596	0.4609293004999926	0.37207773837499497	0.6130160902244643	0.523438232324763	0.38090326495686083	0.31444281201457536	0.31925332130974204	0.41116474162750116	0.3239925754125896	0.4396716676762414	1.0	0.35326290828502777	0.29788210166803203	0.4010401753416184	1.0	0.2462942169276836	0.6022118967409043	1.0
