arz	bs	ceb	ckb	da	de	el	en	es	fr	he	hi	hu	id	it	ja	ko	lv	mk	ml	mr	nl	pl	pt	ro	ru	sh	si	simple	sr	sv	te	tr	vi	war	zh
arz	1.0	1.0	1.0	1.0	1.0	1.0	1.0	1.0	1.0	1.0	1.0	1.0	1.0	1.0	1.0	1.0	1.0	1.0	1.0	1.0	1.0	1.0	0.585786437626905	1.0	1.0	1.0	1.0	1.0	1.0	1.0	1.0	1.0	0.585786437626905	1.0	1.0	1.0
bs	1.0	1.0	1.0	0.226969554074083	0.01552261815294529	0.01161515766563904	0.017010156400154956	0.029617359676240542	0.012305422779525708	0.012135987718147367	0.01508212452102088	0.01740839306931841	0.012710888336701857	0.026314652218993675	0.01439282174658806	0.011993798352619791	0.01475128204439152	0.015814912458629735	0.019214173039564297	0.028461033607383782	0.24257131419419417	0.012229793019416544	0.017212650015691243	0.01200753677261797	0.019256560801888988	0.011910457707314156	0.011522226676057106	0.3090169943749474	0.016478272931198447	0.011223048984389802	0.012676482605240747	0.0660689369478757	0.13193653257558574	0.015875146917854188	0.07850562823774855	0.011860086800436034
ceb	1.0	1.0	1.0	1.0	0.585786437626905	1.0	1.0	1.0	1.0	1.0	1.0	1.0	1.0	0.585786437626905	1.0	1.0	1.0	1.0	1.0	1.0	1.0	1.0	1.0	1.0	1.0	1.0	1.0	1.0	1.0	1.0	1.0	1.0	-1.0	1.0	1.0	1.0
ckb	1.0	0.226969554074083	1.0	1.0	0.5	0.585786437626905	1.0	0.28989794855663564	0.585786437626905	0.5	1.0	1.0	0.5	0.1438395573112005	0.38742588672279304	1.0	1.0	1.0	1.0	1.0	1.0	0.585786437626905	0.34833147735478825	1.0	0.3333333333333333	1.0	0.585786437626905	1.0	0.36602540378443865	0.5	0.4142135623730951	1.0	1.0	0.4142135623730951	1.0	1.0
da	1.0	0.01552261815294529	0.585786437626905	0.5	1.0	0.010320086349641646	0.027008784180650353	0.01227499615320932	0.01168199010578493	0.011060782462240602	0.020767162816830224	0.042866699446814906	0.013154055238755626	0.011193842385182722	0.012195762460448104	0.011969859340254506	0.023226329275503825	0.04540166078833138	0.06109404266562586	0.10510060395752727	0.2553967929896867	0.010809802186764987	0.011272030777063196	0.010555529172998814	0.012150631788251803	0.010049020934165294	0.009977292024416266	0.25428627101618895	0.032264504094154975	0.009826727837579565	0.010981903561797485	0.18660549686337075	0.2284989041564256	0.012270067840733	0.22281267964860224	0.015867162545762762
de	1.0	0.01161515766563904	1.0	0.585786437626905	0.010320086349641646	1.0	0.0543651869962406	0.0050117661067225665	0.003948262788834996	0.004486120538475322	0.07319422557833716	0.04802680600860912	0.004279564119638892	0.005582306228436686	0.004270211222029513	0.002799060563106904	0.03587680913103138	0.037169403594312325	0.11803350620948265	0.1975496259559987	0.4142135623730951	0.004185886560673372	0.00448301147001748	0.004769001402769533	0.006252331849533296	0.007594675121214889	0.004397939589730807	0.5	0.009347113856800246	0.004362198055562308	0.005275200170023024	0.26533119314590375	0.1442305756265959	0.004483576922577417	0.3333333333333333	0.0032185193834539435
el	1.0	0.017010156400154956	1.0	1.0	0.027008784180650353	0.0543651869962406	1.0	0.0058835362758178624	0.046662751083655765	0.009306763764437008	0.44948974278317805	1.0	0.011092731949054205	0.008418753760028937	0.00716781885115131	1.0	1.0	0.08096853112897742	1.0	1.0	1.0	0.009721101151511103	0.007335099000581406	0.05534496952694424	0.010301277540951344	1.0	0.008955550208710788	1.0	0.039642420466398605	0.010041269236833414	0.025110239627538722	1.0	0.585786437626905	0.009093658844347832	0.585786437626905	1.0
en	1.0	0.029617359676240542	1.0	0.28989794855663564	0.01227499615320932	0.0050117661067225665	0.0058835362758178624	1.0	0.006464071494182032	0.012057507286451654	0.007142980030762104	0.006710781773270954	0.013667644157954609	0.03897313459654112	0.014288738348004324	0.0025763674593389067	0.005356958238319414	0.007620824233595486	0.011448033020330537	0.019787990906981662	0.17253779651421453	0.009869010034655581	0.01988974771801056	0.006203577572837321	0.02813170775076496	0.0036112127490829315	0.011667969358755333	0.2958163163244893	0.009411412887784548	0.011748600828283481	0.010231450013846772	0.03775401127862841	0.13109144152134003	0.017173409736833817	0.09521991330841577	0.0028151032035605068
es	1.0	0.012305422779525708	1.0	0.585786437626905	0.01168199010578493	0.003948262788834996	0.046662751083655765	0.006464071494182032	1.0	0.0055517293180772755	0.05095476055551294	0.045299575689254856	0.005386743867378367	0.006049835956789265	0.005729484715934586	0.0033360199902509728	0.023193116347858984	0.03573728813761179	0.11769322328979212	0.17684258135111194	0.44948974278317805	0.005236424536254312	0.006280631353204981	0.006220578515401733	0.006480761070127789	0.0062684457636280186	0.0053212649213679976	0.5	0.010724514520529011	0.005303730119911938	0.006412436198421975	0.2	0.170303582283054	0.0053193676031932325	0.34833147735478825	0.0039532978158528746
fr	1.0	0.012135987718147367	1.0	0.5	0.011060782462240602	0.004486120538475322	0.009306763764437008	0.012057507286451654	0.0055517293180772755	1.0	0.013657468462803614	0.009666827627161064	0.00875409660165411	0.009329128630442551	0.014092774446603763	0.002591724388564772	0.006085907145468431	0.013505999707522785	0.07457303036595331	0.12368284214567765	0.34833147735478825	0.007863658568053575	0.011525523676940657	0.0054737298144961165	0.009108222520403556	0.003816450081066676	0.009270925400822045	0.36602540378443865	0.01077034570462733	0.008936518488921677	0.0074695026009269265	0.1607677430268676	0.14568821556539965	0.009422796972386007	0.21239994067041815	0.002912377434696449
he	1.0	0.01508212452102088	1.0	1.0	0.020767162816830224	0.07319422557833716	0.44948974278317805	0.007142980030762104	0.05095476055551294	0.013657468462803614	1.0	0.44948974278317805	0.012236209535116706	0.008855345568137522	0.007791177407853014	0.38742588672279304	0.44948974278317805	0.0780394295424138	0.585786437626905	0.585786437626905	1.0	0.024099799330308137	0.007964901215214584	0.06299897467874045	0.011906562308590718	0.3660254037844386	0.010483112582020187	1.0	0.042202666662503836	0.01968104033794937	0.01307714645284091	0.585786437626905	0.585786437626905	0.009523576331157227	0.44948974278317805	0.38742588672279304
hi	1.0	0.01740839306931841	1.0	1.0	0.042866699446814906	0.04802680600860912	1.0	0.006710781773270954	0.045299575689254856	0.009666827627161064	0.44948974278317805	1.0	0.013556383346289757	0.009914578878136359	0.007636319466375315	1.0	1.0	0.10622168463015835	1.0	1.0	1.0	0.01570153259919713	0.008251837160432178	0.07528764636874996	0.011429631458091402	1.0	0.012492931415122227	1.0	0.034271001014772554	0.01988191647091975	0.024537321170283566	1.0	0.5	0.010422763652131599	0.5	1.0
hu	1.0	0.012710888336701857	1.0	0.5	0.013154055238755626	0.004279564119638892	0.011092731949054205	0.013667644157954609	0.005386743867378367	0.00875409660165411	0.012236209535116706	0.013556383346289757	1.0	0.00973500360634532	0.011321763127746175	0.004222397317366265	0.007580442763940321	0.014349112282173894	0.03664372099934422	0.08649032875028057	0.34833147735478825	0.0074318264097618155	0.010717362289875711	0.006197652076677469	0.009525153870989799	0.00574204343149162	0.009293176690151901	0.44948974278317805	0.011948221814775579	0.008522618116469005	0.00856449541652704	0.17491720310721423	0.5	0.009747686491808518	0.19636040545626823	0.004502129855379122
id	1.0	0.026314652218993675	0.585786437626905	0.1438395573112005	0.011193842385182722	0.005582306228436686	0.008418753760028937	0.03897313459654112	0.006049835956789265	0.009329128630442551	0.008855345568137522	0.009914578878136359	0.00973500360634532	1.0	0.02161203095220413	0.005932700751870313	0.007442850077954463	0.010266647638344919	0.013960181009626408	0.02151463925364654	0.24336073281110826	0.007717819828655828	0.018274419998885596	0.006979308904254135	0.019576059786403473	0.006636999515958601	0.011006880854211523	0.3090169943749474	0.010334204625333725	0.009902927907950646	0.00844732709716793	0.0650797706564024	0.21290885543182675	0.01621099229395774	0.08172536947802089	0.005757738332535046
it	1.0	0.01439282174658806	1.0	0.38742588672279304	0.012195762460448104	0.004270211222029513	0.00716781885115131	0.014288738348004324	0.005729484715934586	0.014092774446603763	0.007791177407853014	0.007636319466375315	0.011321763127746175	0.02161203095220413	1.0	0.003030713771828094	0.00569112627083502	0.00909839619565396	0.01741779668587161	0.04101755161059149	0.32449979983983984	0.0092933149890752	0.020133209976750863	0.005560595926376403	0.014138167774878906	0.004212243248423382	0.012537791866003543	0.29429805508554946	0.009811737803493259	0.00997648449101653	0.008836831567368445	0.10245158724709724	0.13081877164219008	0.017042878887985027	0.18212510583143446	0.0033861263251808538
ja	1.0	0.011993798352619791	1.0	1.0	0.011969859340254506	0.002799060563106904	1.0	0.0025763674593389067	0.0033360199902509728	0.002591724388564772	0.38742588672279304	1.0	0.004222397317366265	0.005932700751870313	0.003030713771828094	1.0	1.0	0.04682704722829686	1.0	1.0	1.0	0.003232795810860736	0.0033272279080769317	0.006594304238808507	0.006190178628117764	0.44948974278317805	0.003218047615193093	1.0	0.011107248915979185	0.0033326338586965845	0.00564100580736508	1.0	0.2211722256431405	0.004192306392385832	0.44948974278317805	1.0
ko	1.0	0.01475128204439152	1.0	1.0	0.023226329275503825	0.03587680913103138	1.0	0.005356958238319414	0.023193116347858984	0.006085907145468431	0.44948974278317805	1.0	0.007580442763940321	0.007442850077954463	0.00569112627083502	1.0	1.0	0.05477579530757673	1.0	1.0	1.0	0.008086416250662717	0.006349418869467765	0.02912156906325571	0.008181333322266471	0.585786437626905	0.0073658463626179805	1.0	0.027037178076424393	0.008117699374450036	0.009466980453873028	1.0	0.5	0.007414446779308162	0.44948974278317805	1.0
lv	1.0	0.015814912458629735	1.0	1.0	0.04540166078833138	0.037169403594312325	0.08096853112897742	0.007620824233595486	0.03573728813761179	0.013505999707522785	0.0780394295424138	0.10622168463015835	0.014349112282173894	0.010266647638344919	0.00909839619565396	0.04682704722829686	0.05477579530757673	1.0	0.13231996486433337	0.156159660795834	0.36602540378443865	0.019659317142992218	0.008768038211209351	0.043948527506831835	0.011648235714760051	0.05665725057317222	0.013122321418704966	0.44948974278317805	0.04615849696881889	0.01670049312394278	0.01931608107372071	0.25	0.3483314773547883	0.010222936149948632	0.24828371682826425	0.04670781662516032
mk	1.0	0.019214173039564297	1.0	1.0	0.06109404266562586	0.11803350620948265	1.0	0.011448033020330537	0.11769322328979212	0.07457303036595331	0.585786437626905	1.0	0.03664372099934422	0.013960181009626408	0.01741779668587161	1.0	1.0	0.13231996486433337	1.0	1.0	1.0	0.08202426271870983	0.016222673828850207	0.15707061676257178	0.01719159270327667	1.0	0.03580914922054215	1.0	0.09535767393825997	0.03836272622093613	0.061943455133433856	1.0	0.585786437626905	0.023598438187306007	0.585786437626905	1.0
ml	1.0	0.028461033607383782	1.0	1.0	0.10510060395752727	0.1975496259559987	1.0	0.019787990906981662	0.17684258135111194	0.12368284214567765	0.585786437626905	1.0	0.08649032875028057	0.02151463925364654	0.04101755161059149	1.0	1.0	0.156159660795834	1.0	1.0	1.0	0.13989593640151518	0.03753611046011542	0.22901628833426058	0.055434921286322845	1.0	0.0763342726346666	1.0	0.10647163080431701	0.10187894689416398	0.10568949462496419	1.0	0.3660254037844386	0.058550242031699305	0.5	1.0
mr	1.0	0.24257131419419417	1.0	1.0	0.2553967929896867	0.4142135623730951	1.0	0.17253779651421453	0.44948974278317805	0.34833147735478825	1.0	1.0	0.34833147735478825	0.24336073281110826	0.32449979983983984	1.0	1.0	0.36602540378443865	1.0	1.0	1.0	0.3660254037844386	0.30216947925196225	0.585786437626905	0.30216947925196225	1.0	0.34833147735478825	1.0	0.4142135623730951	0.2474401533514073	0.353889367864523	1.0	1.0	0.2553967929896867	0.585786437626905	1.0
nl	1.0	0.012229793019416544	1.0	0.585786437626905	0.010809802186764987	0.004185886560673372	0.009721101151511103	0.009869010034655581	0.005236424536254312	0.007863658568053575	0.024099799330308137	0.01570153259919713	0.0074318264097618155	0.007717819828655828	0.0092933149890752	0.003232795810860736	0.008086416250662717	0.019659317142992218	0.08202426271870983	0.13989593640151518	0.3660254037844386	1.0	0.008438308634483535	0.0059607717802175695	0.007396028746896793	0.0055356934147968205	0.007317946611355155	0.27792629762666365	0.011516446226777801	0.006905437744339802	0.006873765503817743	0.1987625491245426	0.06897288370112958	0.007866839646123416	0.2303268468157938	0.003576415953429444
pl	0.585786437626905	0.017212650015691243	1.0	0.34833147735478825	0.011272030777063196	0.00448301147001748	0.007335099000581406	0.01988974771801056	0.006280631353204981	0.011525523676940657	0.007964901215214584	0.008251837160432178	0.010717362289875711	0.018274419998885596	0.020133209976750863	0.0033272279080769317	0.006349418869467765	0.008768038211209351	0.016222673828850207	0.03753611046011542	0.30216947925196225	0.008438308634483535	1.0	0.005657352428365579	0.016793652347749797	0.0045462341795546625	0.013616881168659582	0.2857142857142857	0.009790096266466458	0.010525832553908286	0.00959063337317169	0.10146113461128316	0.16184313026362004	0.013919088851743769	0.1283746802374098	0.0036041340395354133
pt	1.0	0.01200753677261797	1.0	1.0	0.010555529172998814	0.004769001402769533	0.05534496952694424	0.006203577572837321	0.006220578515401733	0.0054737298144961165	0.06299897467874045	0.07528764636874996	0.006197652076677469	0.006979308904254135	0.005560595926376403	0.006594304238808507	0.02912156906325571	0.043948527506831835	0.15707061676257178	0.22901628833426058	0.585786437626905	0.0059607717802175695	0.005657352428365579	1.0	0.0055017526912556	0.004090812766739921	0.00608061187349157	0.44948974278317805	0.02762498771326464	0.005697395143702141	0.005538334894595805	0.21290885543182675	0.16731736399201527	0.0064480007251229345	0.3203772410170407	0.007344863220099208
ro	1.0	0.019256560801888988	1.0	0.3333333333333333	0.012150631788251803	0.006252331849533296	0.010301277540951344	0.02813170775076496	0.006480761070127789	0.009108222520403556	0.011906562308590718	0.011429631458091402	0.009525153870989799	0.019576059786403473	0.014138167774878906	0.006190178628117764	0.008181333322266471	0.011648235714760051	0.01719159270327667	0.055434921286322845	0.30216947925196225	0.007396028746896793	0.016793652347749797	0.0055017526912556	1.0	0.004967449996567012	0.011688695641357221	0.32449979983983984	0.01384822459881503	0.010532159244914642	0.008906264860498187	0.08437916237349338	0.44948974278317805	0.013060762340312504	0.10222770489491162	0.006426275752808777
ru	1.0	0.011910457707314156	1.0	1.0	0.010049020934165294	0.007594675121214889	1.0	0.0036112127490829315	0.0062684457636280186	0.003816450081066676	0.3660254037844386	1.0	0.00574204343149162	0.006636999515958601	0.004212243248423382	0.44948974278317805	0.585786437626905	0.05665725057317222	1.0	1.0	1.0	0.0055356934147968205	0.0045462341795546625	0.004090812766739921	0.004967449996567012	1.0	0.0025684528976068315	1.0	0.02098426247245743	0.0023912701881536216	0.004100720392897569	1.0	0.18740992571549211	0.005798052612619955	0.44948974278317805	0.44948974278317805
sh	1.0	0.011522226676057106	1.0	0.585786437626905	0.009977292024416266	0.004397939589730807	0.008955550208710788	0.011667969358755333	0.0053212649213679976	0.009270925400822045	0.010483112582020187	0.012492931415122227	0.009293176690151901	0.011006880854211523	0.012537791866003543	0.003218047615193093	0.0073658463626179805	0.013122321418704966	0.03580914922054215	0.0763342726346666	0.34833147735478825	0.007317946611355155	0.013616881168659582	0.00608061187349157	0.011688695641357221	0.0025684528976068315	1.0	0.2857142857142857	0.016332050216089362	0.011222890802101825	0.00973521100962828	0.1004350253229543	0.36602540378443865	0.011043850637583974	0.2517564787261065	0.003512693821986881
si	1.0	0.3090169943749474	1.0	1.0	0.25428627101618895	0.5	1.0	0.2958163163244893	0.5	0.36602540378443865	1.0	1.0	0.44948974278317805	0.3090169943749474	0.29429805508554946	1.0	1.0	0.44948974278317805	1.0	1.0	1.0	0.27792629762666365	0.2857142857142857	0.44948974278317805	0.32449979983983984	1.0	0.2857142857142857	1.0	0.3430703308172536	0.4142135623730951	0.44948974278317805	1.0	1.0	0.4142135623730951	1.0	1.0
simple	1.0	0.016478272931198447	1.0	0.36602540378443865	0.032264504094154975	0.009347113856800246	0.039642420466398605	0.009411412887784548	0.010724514520529011	0.01077034570462733	0.042202666662503836	0.034271001014772554	0.011948221814775579	0.010334204625333725	0.009811737803493259	0.011107248915979185	0.027037178076424393	0.04615849696881889	0.09535767393825997	0.10647163080431701	0.4142135623730951	0.011516446226777801	0.009790096266466458	0.02762498771326464	0.01384822459881503	0.02098426247245743	0.016332050216089362	0.3430703308172536	1.0	0.015671418195083303	0.022667777139921352	0.19292728076790167	0.23973298812954466	0.010331791355194938	0.17606428625449935	0.010960781656183345
sr	1.0	0.011223048984389802	1.0	0.5	0.009826727837579565	0.004362198055562308	0.010041269236833414	0.011748600828283481	0.005303730119911938	0.008936518488921677	0.01968104033794937	0.01988191647091975	0.008522618116469005	0.009902927907950646	0.00997648449101653	0.0033326338586965845	0.008117699374450036	0.01670049312394278	0.03836272622093613	0.10187894689416398	0.2474401533514073	0.006905437744339802	0.010525832553908286	0.005697395143702141	0.010532159244914642	0.0023912701881536216	0.011222890802101825	0.4142135623730951	0.015671418195083303	1.0	0.008579985360492344	0.14923419446018063	0.44948974278317805	0.007806638218410154	0.20658711810431302	0.003500505111333154
sv	1.0	0.012676482605240747	1.0	0.4142135623730951	0.010981903561797485	0.005275200170023024	0.025110239627538722	0.010231450013846772	0.006412436198421975	0.0074695026009269265	0.01307714645284091	0.024537321170283566	0.00856449541652704	0.00844732709716793	0.008836831567368445	0.00564100580736508	0.009466980453873028	0.01931608107372071	0.061943455133433856	0.10568949462496419	0.353889367864523	0.006873765503817743	0.00959063337317169	0.005538334894595805	0.008906264860498187	0.004100720392897569	0.00973521100962828	0.44948974278317805	0.022667777139921352	0.008579985360492344	1.0	0.1584693830492905	0.2989350844248255	0.009802491401540298	0.27195617308673004	0.005973050237826457
te	1.0	0.0660689369478757	1.0	1.0	0.18660549686337075	0.26533119314590375	1.0	0.03775401127862841	0.2	0.1607677430268676	0.585786437626905	1.0	0.17491720310721423	0.0650797706564024	0.10245158724709724	1.0	1.0	0.25	1.0	1.0	1.0	0.1987625491245426	0.10146113461128316	0.21290885543182675	0.08437916237349338	1.0	0.1004350253229543	1.0	0.19292728076790167	0.14923419446018063	0.1584693830492905	1.0	1.0	0.12178632452799958	0.585786437626905	1.0
tr	0.585786437626905	0.13193653257558574	-1.0	1.0	0.2284989041564256	0.1442305756265959	0.585786437626905	0.13109144152134003	0.170303582283054	0.14568821556539965	0.585786437626905	0.5	0.5	0.21290885543182675	0.13081877164219008	0.2211722256431405	0.5	0.3483314773547883	0.585786437626905	0.3660254037844386	1.0	0.06897288370112958	0.16184313026362004	0.16731736399201527	0.44948974278317805	0.18740992571549211	0.36602540378443865	1.0	0.23973298812954466	0.44948974278317805	0.2989350844248255	1.0	1.0	0.32449979983983984	1.0	0.28989794855663564
vi	1.0	0.015875146917854188	1.0	0.4142135623730951	0.012270067840733	0.004483576922577417	0.009093658844347832	0.017173409736833817	0.0053193676031932325	0.009422796972386007	0.009523576331157227	0.010422763652131599	0.009747686491808518	0.01621099229395774	0.017042878887985027	0.004192306392385832	0.007414446779308162	0.010222936149948632	0.023598438187306007	0.058550242031699305	0.2553967929896867	0.007866839646123416	0.013919088851743769	0.0064480007251229345	0.013060762340312504	0.005798052612619955	0.011043850637583974	0.4142135623730951	0.010331791355194938	0.007806638218410154	0.009802491401540298	0.12178632452799958	0.32449979983983984	1.0	0.17491720310721423	0.004199261841835451
war	1.0	0.07850562823774855	1.0	1.0	0.22281267964860224	0.3333333333333333	0.585786437626905	0.09521991330841577	0.34833147735478825	0.21239994067041815	0.44948974278317805	0.5	0.19636040545626823	0.08172536947802089	0.18212510583143446	0.44948974278317805	0.44948974278317805	0.24828371682826425	0.585786437626905	0.5	0.585786437626905	0.2303268468157938	0.1283746802374098	0.3203772410170407	0.10222770489491162	0.44948974278317805	0.2517564787261065	1.0	0.17606428625449935	0.20658711810431302	0.27195617308673004	0.585786437626905	1.0	0.17491720310721423	1.0	0.44948974278317805
zh	1.0	0.011860086800436034	1.0	1.0	0.015867162545762762	0.0032185193834539435	1.0	0.0028151032035605068	0.0039532978158528746	0.002912377434696449	0.38742588672279304	1.0	0.004502129855379122	0.005757738332535046	0.0033861263251808538	1.0	1.0	0.04670781662516032	1.0	1.0	1.0	0.003576415953429444	0.0036041340395354133	0.007344863220099208	0.006426275752808777	0.44948974278317805	0.003512693821986881	1.0	0.010960781656183345	0.003500505111333154	0.005973050237826457	1.0	0.28989794855663564	0.004199261841835451	0.44948974278317805	1.0
