arz	bs	ceb	ckb	da	de	el	en	es	fr	he	hi	hu	id	it	ja	ko	lv	mk	ml	mr	nl	pl	pt	ro	ru	sh	si	simple	sr	sv	te	vi	war	zh
arz	1.0	0.3944055944055944	0.3125	0.3143939393939394	0.2032967032967033	0.11428571428571428	0.2762820512820513	0.11423611111111111	0.13793103448275862	0.11534839924670433	0.21052631578947367	0.16666666666666666	0.2465300727032386	0.3018433179723502	0.1619106699751861	0.14285714285714285	0.2279040404040404	0.3134920634920635	0.36363636363636365	0.3333333333333333	0.375	0.1738888888888889	0.19047619047619047	0.2300347222222222	0.2830601092896175	0.12903225806451613	0.37037037037037035	0.0625	0.3294314381270903	0.3076923076923077	0.14814814814814814	0.0625	0.2378472222222222	0.3888888888888889	0.19810977826245002
bs	0.3944055944055944	1.0	0.22727272727272727	0.45320855614973266	0.2991388044579534	0.17532467532467533	0.4666666666666667	0.17146936656282452	0.201559934318555	0.17300899165061015	0.3105263157894737	0.18181818181818182	0.39928698752228164	0.45309810671256456	0.239787049109083	0.21481092436974789	0.37807463952502124	0.4191729323308271	0.48809523809523814	0.35818181818181816	0.2881118881118881	0.24127659574468086	0.29348370927318296	0.37828282828282833	0.4628205128205128	0.20100426049908704	0.605072463768116	0.045454545454545456	0.40201465201465203	0.4935897435897436	0.22074915824915825	0.045454545454545456	0.34578544061302685	0.36363636363636365	0.31304112554112556
ceb	0.3125	0.22727272727272727	0.5	0.2777777777777778	0.11904761904761904	0.07142857142857142	0.16666666666666666	0.06944444444444445	0.08620689655172414	0.06944444444444445	0.13157894736842105	0.14285714285714285	0.14705882352941177	0.17857142857142858	0.09615384615384616	0.08928571428571429	0.1388888888888889	0.17857142857142858	0.22727272727272727	0.35714285714285715	0.4166666666666667	0.1	0.11904761904761904	0.1388888888888889	0.16666666666666666	0.08064516129032258	0.20833333333333334	0.1	0.19230769230769232	0.19230769230769232	0.09259259259259259	0.1	0.1388888888888889	0.3125	0.11904761904761904
ckb	0.3143939393939394	0.45320855614973266	0.2777777777777778	1.0	0.23754152823920266	0.13734335839598996	0.3471698113207547	0.12803030303030302	0.15517241379310345	0.125	0.24874686716791977	0.2222222222222222	0.2753441802252816	0.32142857142857145	0.18479567307692307	0.17276247848537007	0.2664835164835165	0.32142857142857145	0.3494623655913978	0.4097222222222222	0.25	0.18	0.21428571428571427	0.2647058823529412	0.3	0.15442054958183993	0.4276315789473684	0.05555555555555555	0.2857142857142857	0.39615384615384613	0.16666666666666666	0.05555555555555555	0.2635135135135135	0.35	0.21793534932221062
da	0.2032967032967033	0.2991388044579534	0.11904761904761904	0.23754152823920266	1.0	0.3059523809523809	0.33647450110864746	0.3132882882882883	0.3272849462365591	0.29500000000000004	0.31470588235294117	0.09523809523809523	0.3892773892773893	0.31158357771260997	0.32668469686725266	0.32117117117117117	0.3693778110944528	0.35374149659863946	0.2619047619047619	0.18666666666666665	0.14285714285714285	0.328781512605042	0.40441176470588236	0.33967391304347827	0.34015984015984013	0.3387096774193548	0.3029556650246305	0.023809523809523808	0.2818181818181818	0.31799838579499595	0.35714285714285715	0.023809523809523808	0.38061297220242335	0.19047619047619047	0.31695156695156695
de	0.11428571428571428	0.17532467532467533	0.07142857142857142	0.13734335839598996	0.3059523809523809	1.0	0.2300751879699248	0.4226942212016839	0.3136363636363636	0.41957318044274566	0.27752613240418117	0.05714285714285714	0.25413533834586466	0.20657894736842106	0.3864888123924269	0.383130081300813	0.24368686868686867	0.20793650793650795	0.1641851106639839	0.1	0.08571428571428572	0.3395061728395061	0.2960704607046071	0.25012980269989615	0.22857142857142856	0.4026445800639349	0.19163059163059162	0.014285714285714285	0.1930672268907563	0.19979879275653925	0.36786786786786785	0.014285714285714285	0.2426046176046176	0.11428571428571428	0.29222864482980093
el	0.2762820512820513	0.4666666666666667	0.16666666666666666	0.3471698113207547	0.33647450110864746	0.2300751879699248	1.0	0.21823432343234325	0.2866580728327425	0.22083333333333335	0.35609756097560974	0.13333333333333333	0.38610526315789473	0.4409722222222222	0.3066433566433566	0.28438606847697756	0.46138211382113825	0.4223790322580645	0.3342391304347826	0.23333333333333334	0.2	0.3189873417721519	0.37543554006968644	0.40240163515585076	0.42235294117647054	0.25268817204301075	0.4722222222222222	0.03333333333333333	0.38992537313432835	0.4197761194029851	0.2777777777777778	0.03333333333333333	0.43363844393592677	0.26666666666666666	0.3900769888793841
en	0.11423611111111111	0.17146936656282452	0.06944444444444445	0.12803030303030302	0.3132882882882883	0.4226942212016839	0.21823432343234325	1.0	0.30189951669101944	0.4664523905182804	0.2801051051051051	0.05555555555555555	0.25087904360056257	0.20549416820135052	0.39152936206168143	0.3803515905285817	0.2490430344507598	0.19736842105263158	0.1527777777777778	0.09722222222222222	0.08333333333333333	0.3663479052823315	0.31898907103825136	0.25126083020819867	0.22261904761904763	0.3890789473684211	0.18130081300813009	0.013888888888888888	0.18917624521072796	0.18898252184769038	0.34299231224127735	0.013888888888888888	0.2581967213114754	0.1111111111111111	0.3018687832814227
es	0.13793103448275862	0.201559934318555	0.08620689655172414	0.15517241379310345	0.3272849462365591	0.3136363636363636	0.2866580728327425	0.30189951669101944	1.0	0.2983326443433926	0.28461021505376344	0.06896551724137931	0.3067088904527328	0.2582332429290973	0.32837660203746305	0.32899159663865546	0.307981220657277	0.2230769230769231	0.20751231527093594	0.13351016799292661	0.10344827586206896	0.3341392649903288	0.321915530428999	0.29986225895316804	0.2842617152961981	0.3664021164021164	0.2199400299850075	0.017241379310344827	0.23016202742002492	0.22988505747126436	0.33489304812834225	0.017241379310344827	0.29432234432234433	0.13793103448275862	0.3028716216216216
fr	0.11534839924670433	0.17300899165061015	0.06944444444444445	0.125	0.29500000000000004	0.41957318044274566	0.22083333333333335	0.4664523905182804	0.2983326443433926	1.0	0.2848679098679099	0.05555555555555555	0.256729667812142	0.20153664302600474	0.3948948948948949	0.3810810810810811	0.2347802347802348	0.20225694444444445	0.15642741281427414	0.10106837606837607	0.08764367816091953	0.3472222222222222	0.29500000000000004	0.24135763670647392	0.20833333333333334	0.3717132124775437	0.18191056910569103	0.013888888888888888	0.1919191919191919	0.18785482562854824	0.3361416130253692	0.013888888888888888	0.26063829787234044	0.1111111111111111	0.2872194228126432
he	0.21052631578947367	0.3105263157894737	0.13157894736842105	0.24874686716791977	0.31470588235294117	0.27752613240418117	0.35609756097560974	0.2801051051051051	0.28461021505376344	0.2848679098679099	1.0	0.10526315789473684	0.3786945812807882	0.4122807017543859	0.35333333333333333	0.3392857142857143	0.4075010535187526	0.3069908814589665	0.2984022556390978	0.19441460794844254	0.15789473684210525	0.3875757575757576	0.39195327709279687	0.4527777777777778	0.3724719101123595	0.3007305194805195	0.34590995561192134	0.02631578947368421	0.3515392254220457	0.3599624060150376	0.3603264281230383	0.02631578947368421	0.3890168970814132	0.21052631578947367	0.3886734976460814
hi	0.16666666666666666	0.18181818181818182	0.14285714285714285	0.2222222222222222	0.09523809523809523	0.05714285714285714	0.13333333333333333	0.05555555555555555	0.06896551724137931	0.05555555555555555	0.10526315789473684	1.0	0.12339418526031101	0.14285714285714285	0.07692307692307693	0.07142857142857142	0.1111111111111111	0.14285714285714285	0.125	0.2857142857142857	0.125	0.08	0.09523809523809523	0.11930783242258651	0.13333333333333333	0.06451612903225806	0.16666666666666666	0.125	0.10714285714285714	0.15384615384615385	0.07407407407407407	0.125	0.1111111111111111	0.16666666666666666	0.0991140642303433
hu	0.2465300727032386	0.39928698752228164	0.14705882352941177	0.2753441802252816	0.3892773892773893	0.25413533834586466	0.38610526315789473	0.25087904360056257	0.3067088904527328	0.256729667812142	0.3786945812807882	0.12339418526031101	1.0	0.3886340468909276	0.3136230289695636	0.31559716830326556	0.43344155844155846	0.33619763694951665	0.36274509803921573	0.23139255702280911	0.1821524064171123	0.33866575901974133	0.38482280431432975	0.42314814814814816	0.45042735042735044	0.29781559563119125	0.4124649859943978	0.029411764705882353	0.390625	0.43735294117647056	0.3040629095674967	0.029411764705882353	0.48415942769545217	0.23529411764705882	0.35125215889464595
id	0.3018433179723502	0.45309810671256456	0.17857142857142858	0.32142857142857145	0.31158357771260997	0.20657894736842106	0.4409722222222222	0.20549416820135052	0.2582332429290973	0.20153664302600474	0.4122807017543859	0.14285714285714285	0.3886340468909276	1.0	0.286472148541114	0.26485148514851486	0.416926272066459	0.4125	0.43541033434650456	0.2865853658536585	0.21428571428571427	0.2883333333333334	0.3579234972677595	0.41241830065359475	0.5793427230046948	0.2469332121762835	0.5060362173038229	0.03571428571428571	0.47492401215805474	0.5059523809523809	0.25925925925925924	0.03571428571428571	0.4070707070707071	0.2857142857142857	0.3784722222222222
it	0.1619106699751861	0.239787049109083	0.09615384615384616	0.18479567307692307	0.32668469686725266	0.3864888123924269	0.3066433566433566	0.39152936206168143	0.32837660203746305	0.3948948948948949	0.35333333333333333	0.07692307692307693	0.3136230289695636	0.286472148541114	1.0	0.4294117647058824	0.3483199694539901	0.24814814814814815	0.2257228587015821	0.1419683257918552	0.11538461538461539	0.4343629343629343	0.3167550839964633	0.33035714285714285	0.28542204995693365	0.35357271743053054	0.2608897126969416	0.019230769230769232	0.2571428571428571	0.2569444444444444	0.3456075174825175	0.019230769230769232	0.3028375733855186	0.15384615384615385	0.40899697981243044
ja	0.14285714285714285	0.21481092436974789	0.08928571428571429	0.17276247848537007	0.32117117117117117	0.383130081300813	0.28438606847697756	0.3803515905285817	0.32899159663865546	0.3810810810810811	0.3392857142857143	0.07142857142857142	0.31559716830326556	0.26485148514851486	0.4294117647058824	1.0	0.31583072100313475	0.22413793103448276	0.21205357142857142	0.1361111111111111	0.10714285714285714	0.4328407224958949	0.33042813455657494	0.30814104226082445	0.2566464859173467	0.3554621848739496	0.23015873015873015	0.017857142857142856	0.23740601503759398	0.2640577507598784	0.37452651515151514	0.017857142857142856	0.2916666666666667	0.14285714285714285	0.37046861184792224
ko	0.2279040404040404	0.37807463952502124	0.1388888888888889	0.2664835164835165	0.3693778110944528	0.24368686868686867	0.46138211382113825	0.2490430344507598	0.307981220657277	0.2347802347802348	0.4075010535187526	0.1111111111111111	0.43344155844155846	0.416926272066459	0.3483199694539901	0.31583072100313475	1.0	0.3523093447905478	0.3247863247863248	0.20975056689342403	0.17248062015503876	0.35370879120879123	0.41706539074960125	0.4703125	0.40977443609022557	0.27734375	0.3893333333333333	0.027777777777777776	0.3809130913091309	0.4116161616161616	0.3222630173564753	0.027777777777777776	0.4377358490566038	0.2222222222222222	0.39937247870909903
lv	0.3134920634920635	0.4191729323308271	0.17857142857142858	0.32142857142857145	0.35374149659863946	0.20793650793650795	0.4223790322580645	0.19736842105263158	0.2230769230769231	0.20225694444444445	0.3069908814589665	0.14285714285714285	0.33619763694951665	0.4125	0.24814814814814815	0.22413793103448276	0.3523093447905478	1.0	0.34684684684684686	0.26666666666666666	0.21428571428571427	0.2717391304347826	0.3054545454545455	0.32054794520547947	0.37406793703396857	0.23413978494623655	0.4593406593406593	0.03571428571428571	0.34375	0.4131578947368421	0.24464285714285716	0.03571428571428571	0.32380952380952377	0.2857142857142857	0.31344015696533684
mk	0.36363636363636365	0.48809523809523814	0.22727272727272727	0.3494623655913978	0.2619047619047619	0.1641851106639839	0.3342391304347826	0.1527777777777778	0.20751231527093594	0.15642741281427414	0.2984022556390978	0.125	0.36274509803921573	0.43541033434650456	0.2257228587015821	0.21205357142857142	0.3247863247863248	0.34684684684684686	1.0	0.27702702702702703	0.2727272727272727	0.23851851851851852	0.27052545155993435	0.344017094017094	0.40614035087719297	0.18477229601518028	0.4507918552036199	0.045454545454545456	0.434981684981685	0.44529914529914527	0.21412037037037035	0.045454545454545456	0.3055555555555556	0.36363636363636365	0.2933732933732934
ml	0.3333333333333333	0.35818181818181816	0.35714285714285715	0.4097222222222222	0.18666666666666665	0.1	0.23333333333333334	0.09722222222222222	0.13351016799292661	0.10106837606837607	0.19441460794844254	0.2857142857142857	0.23139255702280911	0.2865853658536585	0.1419683257918552	0.1361111111111111	0.20975056689342403	0.26666666666666666	0.27702702702702703	1.0	0.3125	0.16127659574468087	0.1764705882352941	0.22916666666666669	0.28480392156862744	0.13832695462001093	0.3301282051282052	0.07142857142857142	0.22857142857142856	0.29554655870445345	0.12962962962962962	0.07142857142857142	0.19444444444444445	0.3333333333333333	0.17365967365967366
mr	0.375	0.2881118881118881	0.4166666666666667	0.25	0.14285714285714285	0.08571428571428572	0.2	0.08333333333333333	0.10344827586206896	0.08764367816091953	0.15789473684210525	0.125	0.1821524064171123	0.21428571428571427	0.11538461538461539	0.10714285714285714	0.17248062015503876	0.21428571428571427	0.2727272727272727	0.3125	1.0	0.13470588235294118	0.14285714285714285	0.1747311827956989	0.20833333333333334	0.0967741935483871	0.2685185185185185	0.08333333333333333	0.23076923076923078	0.27243589743589747	0.1111111111111111	0.08333333333333333	0.16666666666666666	0.375	0.14285714285714285
nl	0.1738888888888889	0.24127659574468086	0.1	0.18	0.328781512605042	0.3395061728395061	0.3189873417721519	0.3663479052823315	0.3341392649903288	0.3472222222222222	0.3875757575757576	0.08	0.33866575901974133	0.2883333333333334	0.4343629343629343	0.4328407224958949	0.35370879120879123	0.2717391304347826	0.23851851851851852	0.16127659574468087	0.13470588235294118	1.0	0.3592047930283224	0.3491452991452991	0.2979664014146773	0.3548951048951049	0.25785714285714284	0.02	0.26	0.2781818181818182	0.37528735632183907	0.02	0.3044930176077717	0.16	0.40719602977667496
pl	0.19047619047619047	0.29348370927318296	0.11904761904761904	0.21428571428571427	0.40441176470588236	0.2960704607046071	0.37543554006968644	0.31898907103825136	0.321915530428999	0.29500000000000004	0.39195327709279687	0.09523809523809523	0.38482280431432975	0.3579234972677595	0.3167550839964633	0.33042813455657494	0.41706539074960125	0.3054545454545455	0.27052545155993435	0.1764705882352941	0.14285714285714285	0.3592047930283224	1.0	0.4135375494071146	0.3791208791208791	0.31867283950617287	0.30897009966777406	0.023809523809523808	0.3585434173669468	0.34523809523809523	0.36533957845433257	0.023809523809523808	0.4527649769585253	0.19047619047619047	0.32984420642648493
pt	0.2300347222222222	0.37828282828282833	0.1388888888888889	0.2647058823529412	0.33967391304347827	0.25012980269989615	0.40240163515585076	0.25126083020819867	0.29986225895316804	0.24135763670647392	0.4527777777777778	0.11930783242258651	0.42314814814814816	0.41241830065359475	0.33035714285714285	0.30814104226082445	0.4703125	0.32054794520547947	0.344017094017094	0.22916666666666669	0.1747311827956989	0.3491452991452991	0.4135375494071146	1.0	0.40896159317211944	0.27034198113207547	0.40264026402640263	0.027777777777777776	0.3803418803418803	0.405982905982906	0.3214285714285714	0.027777777777777776	0.41724137931034483	0.2222222222222222	0.39695903493340035
ro	0.2830601092896175	0.4628205128205128	0.16666666666666666	0.3	0.34015984015984013	0.22857142857142856	0.42235294117647054	0.22261904761904763	0.2842617152961981	0.20833333333333334	0.3724719101123595	0.13333333333333333	0.45042735042735044	0.5793427230046948	0.28542204995693365	0.2566464859173467	0.40977443609022557	0.37406793703396857	0.40614035087719297	0.28480392156862744	0.20833333333333334	0.2979664014146773	0.3791208791208791	0.40896159317211944	1.0	0.26173746406898757	0.5075268817204301	0.03333333333333333	0.4530701754385965	0.4866666666666667	0.2837301587301587	0.03333333333333333	0.4532520325203252	0.26666666666666666	0.35841170323928945
ru	0.12903225806451613	0.20100426049908704	0.08064516129032258	0.15442054958183993	0.3387096774193548	0.4026445800639349	0.25268817204301075	0.3890789473684211	0.3664021164021164	0.3717132124775437	0.3007305194805195	0.06451612903225806	0.29781559563119125	0.2469332121762835	0.35357271743053054	0.3554621848739496	0.27734375	0.23413978494623655	0.18477229601518028	0.13832695462001093	0.0967741935483871	0.3548951048951049	0.31867283950617287	0.27034198113207547	0.26173746406898757	1.0	0.20901230462254738	0.016129032258064516	0.2173697270471464	0.23998044965786902	0.359983429991715	0.016129032258064516	0.27238175675675674	0.12903225806451613	0.31183088368717116
sh	0.37037037037037035	0.605072463768116	0.20833333333333334	0.4276315789473684	0.3029556650246305	0.19163059163059162	0.4722222222222222	0.18130081300813009	0.2199400299850075	0.18191056910569103	0.34590995561192134	0.16666666666666666	0.4124649859943978	0.5060362173038229	0.2608897126969416	0.23015873015873015	0.3893333333333333	0.4593406593406593	0.4507918552036199	0.3301282051282052	0.2685185185185185	0.25785714285714284	0.30897009966777406	0.40264026402640263	0.5075268817204301	0.20901230462254738	1.0	0.041666666666666664	0.42908902691511386	0.5267558528428093	0.23504273504273504	0.041666666666666664	0.37938596491228066	0.3333333333333333	0.33361847733105215
si	0.0625	0.045454545454545456	0.1	0.05555555555555555	0.023809523809523808	0.014285714285714285	0.03333333333333333	0.013888888888888888	0.017241379310344827	0.013888888888888888	0.02631578947368421	0.125	0.029411764705882353	0.03571428571428571	0.019230769230769232	0.017857142857142856	0.027777777777777776	0.03571428571428571	0.045454545454545456	0.07142857142857142	0.08333333333333333	0.02	0.023809523809523808	0.027777777777777776	0.03333333333333333	0.016129032258064516	0.041666666666666664	0.5	0.038461538461538464	0.038461538461538464	0.018518518518518517	0.5	0.027777777777777776	0.0625	0.023809523809523808
simple	0.3294314381270903	0.40201465201465203	0.19230769230769232	0.2857142857142857	0.2818181818181818	0.1930672268907563	0.38992537313432835	0.18917624521072796	0.23016202742002492	0.1919191919191919	0.3515392254220457	0.10714285714285714	0.390625	0.47492401215805474	0.2571428571428571	0.23740601503759398	0.3809130913091309	0.34375	0.434981684981685	0.22857142857142856	0.23076923076923078	0.26	0.3585434173669468	0.3803418803418803	0.4530701754385965	0.2173697270471464	0.42908902691511386	0.038461538461538464	1.0	0.47857142857142854	0.2518518518518518	0.038461538461538464	0.40555555555555556	0.3076923076923077	0.3341716968477532
sr	0.3076923076923077	0.4935897435897436	0.19230769230769232	0.39615384615384613	0.31799838579499595	0.19979879275653925	0.4197761194029851	0.18898252184769038	0.22988505747126436	0.18785482562854824	0.3599624060150376	0.15384615384615385	0.43735294117647056	0.5059523809523809	0.2569444444444444	0.2640577507598784	0.4116161616161616	0.4131578947368421	0.44529914529914527	0.29554655870445345	0.27243589743589747	0.2781818181818182	0.34523809523809523	0.405982905982906	0.4866666666666667	0.23998044965786902	0.5267558528428093	0.038461538461538464	0.47857142857142854	1.0	0.24074074074074073	0.038461538461538464	0.4131944444444444	0.3076923076923077	0.3264157014157014
sv	0.14814814814814814	0.22074915824915825	0.09259259259259259	0.16666666666666666	0.35714285714285715	0.36786786786786785	0.2777777777777778	0.34299231224127735	0.33489304812834225	0.3361416130253692	0.3603264281230383	0.07407407407407407	0.3040629095674967	0.25925925925925924	0.3456075174825175	0.37452651515151514	0.3222630173564753	0.24464285714285716	0.21412037037037035	0.12962962962962962	0.1111111111111111	0.37528735632183907	0.36533957845433257	0.3214285714285714	0.2837301587301587	0.359983429991715	0.23504273504273504	0.018518518518518517	0.2518518518518518	0.24074074074074073	1.0	0.018518518518518517	0.30357142857142855	0.14814814814814814	0.3547970912502932
te	0.0625	0.045454545454545456	0.1	0.05555555555555555	0.023809523809523808	0.014285714285714285	0.03333333333333333	0.013888888888888888	0.017241379310344827	0.013888888888888888	0.02631578947368421	0.125	0.029411764705882353	0.03571428571428571	0.019230769230769232	0.017857142857142856	0.027777777777777776	0.03571428571428571	0.045454545454545456	0.07142857142857142	0.08333333333333333	0.02	0.023809523809523808	0.027777777777777776	0.03333333333333333	0.016129032258064516	0.041666666666666664	0.5	0.038461538461538464	0.038461538461538464	0.018518518518518517	0.5	0.027777777777777776	0.0625	0.023809523809523808
vi	0.2378472222222222	0.34578544061302685	0.1388888888888889	0.2635135135135135	0.38061297220242335	0.2426046176046176	0.43363844393592677	0.2581967213114754	0.29432234432234433	0.26063829787234044	0.3890168970814132	0.1111111111111111	0.48415942769545217	0.4070707070707071	0.3028375733855186	0.2916666666666667	0.4377358490566038	0.32380952380952377	0.3055555555555556	0.19444444444444445	0.16666666666666666	0.3044930176077717	0.4527649769585253	0.41724137931034483	0.4532520325203252	0.27238175675675674	0.37938596491228066	0.027777777777777776	0.40555555555555556	0.4131944444444444	0.30357142857142855	0.027777777777777776	1.0	0.2222222222222222	0.3535958904109589
war	0.3888888888888889	0.36363636363636365	0.3125	0.35	0.19047619047619047	0.11428571428571428	0.26666666666666666	0.1111111111111111	0.13793103448275862	0.1111111111111111	0.21052631578947367	0.16666666666666666	0.23529411764705882	0.2857142857142857	0.15384615384615385	0.14285714285714285	0.2222222222222222	0.2857142857142857	0.36363636363636365	0.3333333333333333	0.375	0.16	0.19047619047619047	0.2222222222222222	0.26666666666666666	0.12903225806451613	0.3333333333333333	0.0625	0.3076923076923077	0.3076923076923077	0.14814814814814814	0.0625	0.2222222222222222	0.5	0.19047619047619047
zh	0.19810977826245002	0.31304112554112556	0.11904761904761904	0.21793534932221062	0.31695156695156695	0.29222864482980093	0.3900769888793841	0.3018687832814227	0.3028716216216216	0.2872194228126432	0.3886734976460814	0.0991140642303433	0.35125215889464595	0.3784722222222222	0.40899697981243044	0.37046861184792224	0.39937247870909903	0.31344015696533684	0.2933732933732934	0.17365967365967366	0.14285714285714285	0.40719602977667496	0.32984420642648493	0.39695903493340035	0.35841170323928945	0.31183088368717116	0.33361847733105215	0.023809523809523808	0.3341716968477532	0.3264157014157014	0.3547970912502932	0.023809523809523808	0.3535958904109589	0.19047619047619047	1.0
