arz	bs	ceb	ckb	da	de	el	en	es	fr	he	hi	hu	id	it	ja	ko	lv	mk	ml	mr	nl	pl	pt	ro	ru	sh	si	simple	sr	sv	te	vi	war	zh
arz	1.0	0.6512667660208644	0.6190476190476191	0.6071428571428572	0.5800000000000001	0.557076509410902	0.619410569105691	0.55	0.5606060606060607	0.55255382017729	0.5869565217391304	0.5714285714285714	0.599157229391625	0.6230088495575222	0.5692266808397555	0.5625	0.5909090909090909	0.6111111111111112	0.6645077720207253	0.6451612903225806	0.7118644067796611	0.5778513961192617	0.5800000000000001	0.5963302752293578	0.6052631578947368	0.5571428571428572	0.6318082788671023	0.5294117647058824	0.6176470588235294	0.6176470588235294	0.5645161290322581	0.5294117647058824	0.6016830294530154	0.64	0.5800000000000001
bs	0.6512667660208644	1.0	0.5925925925925926	0.6807727690892365	0.6223762757558252	0.5794475138121548	0.6877030162412993	0.5721022041890559	0.59303528330077	0.580884372425158	0.6483300589390962	0.582010582010582	0.6777070063694268	0.6936157517899761	0.6103025491752668	0.5893890675241158	0.6663602941176471	0.6791171477079797	0.6929133858267716	0.6666666666666666	0.6183496199782844	0.601022146507666	0.6301423279391695	0.6487926136363636	0.6906598114824336	0.5844302369311771	0.7773359840954274	0.5217391304347826	0.676841406768414	0.6996396986570587	0.5846153846153846	0.5217391304347826	0.6603682170542635	0.6333333333333333	0.6438498236880316
ceb	0.6190476190476191	0.5925925925925926	1.0	0.6086956521739131	0.5531914893617021	0.5333333333333333	0.5714285714285714	0.5324675324675325	0.5396825396825397	0.5324675324675325	0.5581395348837209	0.5625	0.5641025641025641	0.5757575757575757	0.543859649122807	0.540983606557377	0.5609756097560976	0.5757575757575757	0.5925925925925926	0.631578947368421	0.6470588235294118	0.5454545454545455	0.5531914893617021	0.5609756097560976	0.5714285714285714	0.5373134328358209	0.5862068965517242	0.75	0.5806451612903225	0.5806451612903225	0.5423728813559322	0.75	0.5609756097560976	0.896551724137931	0.5531914893617021
ckb	0.6071428571428572	0.6807727690892365	0.6086956521739131	1.0	0.5882352941176471	0.5569620253164557	0.6356164383561643	0.5555555555555556	0.5671641791044776	0.558055805580558	0.5957446808510638	0.5909090909090909	0.6123650637880275	0.6546153846153846	0.5788410554222951	0.5730685131195336	0.6157205240174672	0.638150289017341	0.625	0.6932409012131716	0.6000000000000001	0.576271186440678	0.5960264900662251	0.6051873198847263	0.6210045662100456	0.5633802816901409	0.6631578947368422	0.5263157894736842	0.62426614481409	0.6407766990291263	0.5714285714285714	0.5263157894736842	0.6195652173913043	0.6296296296296295	0.5958549222797928
da	0.5800000000000001	0.6223762757558252	0.5531914893617021	0.5882352941176471	1.0	0.6244260789715335	0.6393648140409528	0.6268376068376068	0.628930817610063	0.6179194486323497	0.6208425720620843	0.5434782608695652	0.6570143379252179	0.6260480715483511	0.6307653104561285	0.6307320997586484	0.652787384147185	0.6407035175879396	0.6295431810603535	0.5714285714285714	0.5709515859766277	0.638888888888889	0.6420382165605095	0.635264483627204	0.6416510318949343	0.6265060240963854	0.6238185255198487	0.5116279069767442	0.6137975499677627	0.6311881188118811	0.6380789022298455	0.5116279069767442	0.6414473684210527	0.5800000000000001	0.6318380743982495
de	0.557076509410902	0.5794475138121548	0.5333333333333333	0.5569620253164557	0.6244260789715335	1.0	0.5990220048899756	0.6495248245847766	0.6290883785664579	0.6505754832942228	0.6112096004363834	0.5270270270270271	0.6030013642564802	0.5877862595419847	0.6425799297726853	0.6564141035258814	0.6035523073000765	0.5833333333333333	0.5724161769789147	0.5547652916073968	0.5452411994784876	0.6446540880503144	0.6175402179553711	0.5987470473451781	0.5980066445182725	0.6407766990291263	0.582901866345575	0.5070422535211268	0.5783132530120483	0.582931292630178	0.6380351262349067	0.5070422535211268	0.6000870953694296	0.5512820512820512	0.6171371966319961
el	0.619410569105691	0.6877030162412993	0.5714285714285714	0.6356164383561643	0.6393648140409528	0.5990220048899756	1.0	0.5946680251316013	0.6192551999003612	0.5968743309783773	0.6544526901669759	0.5588235294117647	0.6674846625766871	0.6845493562231759	0.6346519417036299	0.6268952647539071	0.6903981264637002	0.6786106032906765	0.6468555632342778	0.6056755612028801	0.5833333333333333	0.6200378071833649	0.6459784673844206	0.6613226452905812	0.6741573033707865	0.6011831063420002	0.714175654853621	0.5161290322580645	0.6736401673640168	0.6714848883048621	0.6187389510901591	0.5161290322580645	0.6504927975739196	0.6052631578947368	0.6524129505192425
en	0.55	0.5721022041890559	0.5324675324675325	0.5555555555555556	0.6268376068376068	0.6495248245847766	0.5946680251316013	1.0	0.6200897867564534	0.6723427629772041	0.6101881970260223	0.5263157894736842	0.613472485768501	0.5850727387729285	0.6458333333333334	0.6568873617902296	0.6113970244221951	0.5853525728287503	0.5698504647716557	0.5460217263652378	0.5384615384615384	0.6351729051350907	0.6187985150185622	0.6032591985241366	0.594270917624211	0.6588035844030031	0.5808671713695802	0.5068493150684932	0.5821586790173178	0.5783124673969744	0.6258957654723127	0.5068493150684932	0.607843137254902	0.55	0.6263014330170195
es	0.5606060606060607	0.59303528330077	0.5396825396825397	0.5671641791044776	0.628930817610063	0.6290883785664579	0.6192551999003612	0.6200897867564534	1.0	0.6282736648847129	0.6152236463510332	0.532258064516129	0.6393005062126093	0.605078005506271	0.6348516817674072	0.622319270061608	0.6337556561085973	0.5934661076170511	0.5797101449275363	0.5538461538461539	0.546875	0.628736046092906	0.628930817610063	0.6225495390484264	0.6117327907765344	0.6426484907497565	0.6006207324643079	0.5084745762711864	0.5957446808510638	0.5996106424399741	0.626553953257086	0.5084745762711864	0.614422265954456	0.5606060606060607	0.6175604761295277
fr	0.55255382017729	0.580884372425158	0.5324675324675325	0.558055805580558	0.6179194486323497	0.6505754832942228	0.5968743309783773	0.6723427629772041	0.6282736648847129	1.0	0.6093389843111012	0.528714676390155	0.606228765571914	0.5885742509054989	0.6464584249890014	0.6421854478592067	0.6041620049228016	0.5840071877807727	0.5709507042253521	0.5465748107898312	0.5384615384615384	0.6342560067444147	0.6255996511120803	0.6056589344889116	0.6066447908121411	0.6370777226553272	0.5832614322691976	0.5068493150684932	0.5789427621214773	0.5788713241543431	0.6293304994686504	0.5068493150684932	0.6000000000000001	0.55	0.6202559871560451
he	0.5869565217391304	0.6483300589390962	0.5581395348837209	0.5957446808510638	0.6208425720620843	0.6112096004363834	0.6544526901669759	0.6101881970260223	0.6152236463510332	0.6093389843111012	1.0	0.5563234277816171	0.6485037963376508	0.6346153846153847	0.6351791530944626	0.6375632013811814	0.6628029504741834	0.618828932261768	0.632630410654828	0.5845323741007195	0.5681818181818182	0.6500551267916207	0.6349206349206349	0.6627073906485671	0.6562889165628892	0.6144393241167435	0.6426383981154299	0.5128205128205129	0.6501128668171557	0.6343130553656869	0.63682510383018	0.5128205128205129	0.6444567320984241	0.5869565217391304	0.6579876879604399
hi	0.5714285714285714	0.582010582010582	0.5625	0.5909090909090909	0.5434782608695652	0.5270270270270271	0.5588235294117647	0.5263157894736842	0.532258064516129	0.528714676390155	0.5563234277816171	1.0	0.5526315789473684	0.5625	0.5357142857142857	0.5333333333333333	0.55	0.5625	0.5555555555555556	0.6111111111111112	0.5555555555555556	0.5370370370370371	0.5434782608695652	0.55	0.5588235294117647	0.5303030303030303	0.5714285714285714	0.5555555555555556	0.5630914826498423	0.5666666666666667	0.5344827586206896	0.5555555555555556	0.55	0.5714285714285714	0.5434782608695652
hu	0.599157229391625	0.6777070063694268	0.5641025641025641	0.6123650637880275	0.6570143379252179	0.6030013642564802	0.6674846625766871	0.613472485768501	0.6393005062126093	0.606228765571914	0.6485037963376508	0.5526315789473684	1.0	0.6505474452554745	0.6546951263932396	0.6196671453915688	0.668517490283176	0.6315158777711204	0.6555981268624947	0.5989823116064937	0.5787390443878994	0.6273338312173263	0.6605426794799321	0.6709844559585492	0.6724237190558434	0.6217979935716372	0.6757560733763014	0.5142857142857143	0.6516443361753959	0.6457242582897034	0.6211894052973513	0.5142857142857143	0.6629653821032006	0.5952380952380952	0.6458923512747875
id	0.6230088495575222	0.6936157517899761	0.5757575757575757	0.6546153846153846	0.6260480715483511	0.5877862595419847	0.6845493562231759	0.5850727387729285	0.605078005506271	0.5885742509054989	0.6346153846153847	0.5625	0.6505474452554745	1.0	0.6134969325153374	0.6034816247582205	0.6548352046360014	0.6557734204793028	0.6661442006269592	0.6000000000000001	0.5882352941176471	0.609375	0.6504065040650406	0.6739233317557974	0.6960000000000001	0.6116825863335783	0.7059602649006622	0.5172413793103449	0.6868044515103339	0.732776617954071	0.6238377007607777	0.5172413793103449	0.6623093681917211	0.6111111111111112	0.6376929325751423
it	0.5692266808397555	0.6103025491752668	0.543859649122807	0.5788410554222951	0.6307653104561285	0.6425799297726853	0.6346519417036299	0.6458333333333334	0.6348516817674072	0.6464584249890014	0.6351791530944626	0.5357142857142857	0.6546951263932396	0.6134969325153374	1.0	0.66	0.6388440765939539	0.6130439646492896	0.5945257092198581	0.5615982241953384	0.5517241379310345	0.6649562584118438	0.6384112792297111	0.6193846153846154	0.619449081803005	0.6407065435568045	0.6144799705990445	0.5094339622641509	0.6025459688826025	0.6074895977808599	0.6288279621612954	0.5094339622641509	0.6211667913238594	0.5666666666666667	0.6636849507735584
ja	0.5625	0.5893890675241158	0.540983606557377	0.5730685131195336	0.6307320997586484	0.6564141035258814	0.6268952647539071	0.6568873617902296	0.622319270061608	0.6421854478592067	0.6375632013811814	0.5333333333333333	0.6196671453915688	0.6034816247582205	0.66	1.0	0.6276803118908383	0.5954198473282443	0.5925414364640883	0.5555555555555556	0.5483870967741935	0.654098731884058	0.6237072394590294	0.6273768043802888	0.6135066582117945	0.6309054255412394	0.5990783410138248	0.5087719298245614	0.6016508712931825	0.604987457577099	0.632183908045977	0.5087719298245614	0.6159143075745983	0.5625	0.6542695238715561
ko	0.5909090909090909	0.6663602941176471	0.5609756097560976	0.6157205240174672	0.652787384147185	0.6035523073000765	0.6903981264637002	0.6113970244221951	0.6337556561085973	0.6041620049228016	0.6628029504741834	0.55	0.668517490283176	0.6548352046360014	0.6388440765939539	0.6276803118908383	1.0	0.6354249404289118	0.6427252206033245	0.5986249407302038	0.575206611570248	0.633221015849245	0.6675625972556232	0.6663286004056795	0.6827586206896552	0.619235963727571	0.6702025072324013	0.5135135135135135	0.6689272503082614	0.6594457455113193	0.634044173648134	0.5135135135135135	0.6732283464566929	0.5909090909090909	0.6683215887251762
lv	0.6111111111111112	0.6791171477079797	0.5757575757575757	0.638150289017341	0.6407035175879396	0.5833333333333333	0.6786106032906765	0.5853525728287503	0.5934661076170511	0.5840071877807727	0.618828932261768	0.5625	0.6315158777711204	0.6557734204793028	0.6130439646492896	0.5954198473282443	0.6354249404289118	1.0	0.6354515050167224	0.6000000000000001	0.5882352941176471	0.6075949367088607	0.6215181058495821	0.6204081632653061	0.6413628212791394	0.5979089522979744	0.668903803131991	0.5172413793103449	0.6512749827705031	0.6882352941176471	0.5942028985507246	0.5172413793103449	0.6330935251798561	0.6111111111111112	0.6274119258060501
mk	0.6645077720207253	0.6929133858267716	0.5925925925925926	0.625	0.6295431810603535	0.5724161769789147	0.6468555632342778	0.5698504647716557	0.5797101449275363	0.5709507042253521	0.632630410654828	0.5555555555555556	0.6555981268624947	0.6661442006269592	0.5945257092198581	0.5925414364640883	0.6427252206033245	0.6354515050167224	1.0	0.6190476190476191	0.6381381381381382	0.6028708133971292	0.6037735849056604	0.6454689984101749	0.670440251572327	0.5801801801801801	0.6843122102009274	0.5217391304347826	0.6793943383805136	0.6670609107037256	0.5846153846153846	0.5217391304347826	0.6320201173512154	0.6333333333333333	0.6185147507629705
ml	0.6451612903225806	0.6666666666666666	0.631578947368421	0.6932409012131716	0.5714285714285714	0.5547652916073968	0.6056755612028801	0.5460217263652378	0.5538461538461539	0.5465748107898312	0.5845323741007195	0.6111111111111112	0.5989823116064937	0.6000000000000001	0.5615982241953384	0.5555555555555556	0.5986249407302038	0.6000000000000001	0.6190476190476191	1.0	0.6410958904109589	0.5679101774719305	0.5777777777777777	0.5813953488372093	0.6090808416389811	0.5507246376811594	0.6529209621993127	0.5333333333333333	0.5980066445182725	0.625	0.564873417721519	0.5333333333333333	0.6048387096774194	0.625	0.5852674066599395
mr	0.7118644067796611	0.6183496199782844	0.6470588235294118	0.6000000000000001	0.5709515859766277	0.5452411994784876	0.5833333333333333	0.5384615384615384	0.546875	0.5384615384615384	0.5681818181818182	0.5555555555555556	0.5787390443878994	0.5882352941176471	0.5517241379310345	0.5483870967741935	0.575206611570248	0.5882352941176471	0.6381381381381382	0.6410958904109589	1.0	0.5624675997926386	0.5625	0.5714285714285714	0.5833333333333333	0.5441176470588236	0.6131386861313869	0.5384615384615384	0.6102189781021898	0.59375	0.55	0.5384615384615384	0.5821596244131455	0.6363636363636364	0.5625
nl	0.5778513961192617	0.601022146507666	0.5454545454545455	0.576271186440678	0.638888888888889	0.6446540880503144	0.6200378071833649	0.6351729051350907	0.628736046092906	0.6342560067444147	0.6500551267916207	0.5370370370370371	0.6273338312173263	0.609375	0.6649562584118438	0.654098731884058	0.633221015849245	0.6075949367088607	0.6028708133971292	0.5679101774719305	0.5624675997926386	1.0	0.6359447004608295	0.6358345131351266	0.6141522029372497	0.6342652329749103	0.6136103698055662	0.5098039215686274	0.6031746031746031	0.6096256684491979	0.6410363560384454	0.5098039215686274	0.6267042783262812	0.5689655172413793	0.6543730242360378
pl	0.5800000000000001	0.6301423279391695	0.5531914893617021	0.5960264900662251	0.6420382165605095	0.6175402179553711	0.6459784673844206	0.6187985150185622	0.628930817610063	0.6255996511120803	0.6349206349206349	0.5434782608695652	0.6605426794799321	0.6504065040650406	0.6384112792297111	0.6237072394590294	0.6675625972556232	0.6215181058495821	0.6037735849056604	0.5777777777777777	0.5625	0.6359447004608295	1.0	0.6522413793103449	0.644431882419446	0.6285377358490566	0.6281725888324873	0.5116279069767442	0.6250820748522652	0.6246172688303735	0.631578947368421	0.5116279069767442	0.6770833333333333	0.5800000000000001	0.6294277929155313
pt	0.5963302752293578	0.6487926136363636	0.5609756097560976	0.6051873198847263	0.635264483627204	0.5987470473451781	0.6613226452905812	0.6032591985241366	0.6225495390484264	0.6056589344889116	0.6627073906485671	0.55	0.6709844559585492	0.6739233317557974	0.6193846153846154	0.6273768043802888	0.6663286004056795	0.6204081632653061	0.6454689984101749	0.5813953488372093	0.5714285714285714	0.6358345131351266	0.6522413793103449	1.0	0.6626506024096385	0.6189351906504544	0.6424581005586593	0.5135135135135135	0.6376333164042661	0.6471021611001965	0.620837297811608	0.5135135135135135	0.6569343065693432	0.5909090909090909	0.6550565770862801
ro	0.6052631578947368	0.6906598114824336	0.5714285714285714	0.6210045662100456	0.6416510318949343	0.5980066445182725	0.6741573033707865	0.594270917624211	0.6117327907765344	0.6066447908121411	0.6562889165628892	0.5588235294117647	0.6724237190558434	0.6960000000000001	0.619449081803005	0.6135066582117945	0.6827586206896552	0.6413628212791394	0.670440251572327	0.6090808416389811	0.5833333333333333	0.6141522029372497	0.644431882419446	0.6626506024096385	1.0	0.6148949713558243	0.698489010989011	0.5161290322580645	0.6791525944120356	0.6833284328138783	0.6175402179553711	0.5161290322580645	0.6666666666666666	0.6052631578947368	0.6553059643687065
ru	0.5571428571428572	0.5844302369311771	0.5373134328358209	0.5633802816901409	0.6265060240963854	0.6407766990291263	0.6011831063420002	0.6588035844030031	0.6426484907497565	0.6370777226553272	0.6144393241167435	0.5303030303030303	0.6217979935716372	0.6116825863335783	0.6407065435568045	0.6309054255412394	0.619235963727571	0.5979089522979744	0.5801801801801801	0.5507246376811594	0.5441176470588236	0.6342652329749103	0.6285377358490566	0.6189351906504544	0.6148949713558243	1.0	0.587913590374624	0.5079365079365079	0.5866666666666667	0.5916250480215136	0.6304347826086957	0.5079365079365079	0.609857285097909	0.5571428571428572	0.6248712490558264
sh	0.6318082788671023	0.7773359840954274	0.5862068965517242	0.6631578947368422	0.6238185255198487	0.582901866345575	0.714175654853621	0.5808671713695802	0.6006207324643079	0.5832614322691976	0.6426383981154299	0.5714285714285714	0.6757560733763014	0.7059602649006622	0.6144799705990445	0.5990783410138248	0.6702025072324013	0.668903803131991	0.6843122102009274	0.6529209621993127	0.6131386861313869	0.6136103698055662	0.6281725888324873	0.6424581005586593	0.698489010989011	0.587913590374624	1.0	0.52	0.6761695906432749	0.6749740394600207	0.5997693194925029	0.52	0.6545741324921135	0.625	0.647891857096878
si	0.5294117647058824	0.5217391304347826	0.75	0.5263157894736842	0.5116279069767442	0.5070422535211268	0.5161290322580645	0.5068493150684932	0.5084745762711864	0.5068493150684932	0.5128205128205129	0.5555555555555556	0.5142857142857143	0.5172413793103449	0.5094339622641509	0.5087719298245614	0.5135135135135135	0.5172413793103449	0.5217391304347826	0.5333333333333333	0.5384615384615384	0.5098039215686274	0.5116279069767442	0.5135135135135135	0.5161290322580645	0.5079365079365079	0.52	1.0	0.5185185185185185	0.5185185185185185	0.509090909090909	1.0	0.5135135135135135	0.72	0.5116279069767442
simple	0.6176470588235294	0.676841406768414	0.5806451612903225	0.62426614481409	0.6137975499677627	0.5783132530120483	0.6736401673640168	0.5821586790173178	0.5957446808510638	0.5789427621214773	0.6501128668171557	0.5630914826498423	0.6516443361753959	0.6868044515103339	0.6025459688826025	0.6016508712931825	0.6689272503082614	0.6512749827705031	0.6793943383805136	0.5980066445182725	0.6102189781021898	0.6031746031746031	0.6250820748522652	0.6376333164042661	0.6791525944120356	0.5866666666666667	0.6761695906432749	0.5185185185185185	1.0	0.6801426872770511	0.6129247168554297	0.5185185185185185	0.6581455805892548	0.6176470588235294	0.623354251261228
sr	0.6176470588235294	0.6996396986570587	0.5806451612903225	0.6407766990291263	0.6311881188118811	0.582931292630178	0.6714848883048621	0.5783124673969744	0.5996106424399741	0.5788713241543431	0.6343130553656869	0.5666666666666667	0.6457242582897034	0.732776617954071	0.6074895977808599	0.604987457577099	0.6594457455113193	0.6882352941176471	0.6670609107037256	0.625	0.59375	0.6096256684491979	0.6246172688303735	0.6471021611001965	0.6833284328138783	0.5916250480215136	0.6749740394600207	0.5185185185185185	0.6801426872770511	1.0	0.6191950464396285	0.5185185185185185	0.6728091728091729	0.6176470588235294	0.6388308977035491
sv	0.5645161290322581	0.5846153846153846	0.5423728813559322	0.5714285714285714	0.6380789022298455	0.6380351262349067	0.6187389510901591	0.6258957654723127	0.626553953257086	0.6293304994686504	0.63682510383018	0.5344827586206896	0.6211894052973513	0.6238377007607777	0.6288279621612954	0.632183908045977	0.634044173648134	0.5942028985507246	0.5846153846153846	0.564873417721519	0.55	0.6410363560384454	0.631578947368421	0.620837297811608	0.6175402179553711	0.6304347826086957	0.5997693194925029	0.509090909090909	0.6129247168554297	0.6191950464396285	1.0	0.509090909090909	0.6305732484076433	0.5645161290322581	0.636169303120992
te	0.5294117647058824	0.5217391304347826	0.75	0.5263157894736842	0.5116279069767442	0.5070422535211268	0.5161290322580645	0.5068493150684932	0.5084745762711864	0.5068493150684932	0.5128205128205129	0.5555555555555556	0.5142857142857143	0.5172413793103449	0.5094339622641509	0.5087719298245614	0.5135135135135135	0.5172413793103449	0.5217391304347826	0.5333333333333333	0.5384615384615384	0.5098039215686274	0.5116279069767442	0.5135135135135135	0.5161290322580645	0.5079365079365079	0.52	1.0	0.5185185185185185	0.5185185185185185	0.509090909090909	1.0	0.5135135135135135	0.72	0.5116279069767442
vi	0.6016830294530154	0.6603682170542635	0.5609756097560976	0.6195652173913043	0.6414473684210527	0.6000870953694296	0.6504927975739196	0.607843137254902	0.614422265954456	0.6000000000000001	0.6444567320984241	0.55	0.6629653821032006	0.6623093681917211	0.6211667913238594	0.6159143075745983	0.6732283464566929	0.6330935251798561	0.6320201173512154	0.6048387096774194	0.5821596244131455	0.6267042783262812	0.6770833333333333	0.6569343065693432	0.6666666666666666	0.609857285097909	0.6545741324921135	0.5135135135135135	0.6581455805892548	0.6728091728091729	0.6305732484076433	0.5135135135135135	1.0	0.5909090909090909	0.6469291338582677
war	0.64	0.6333333333333333	0.896551724137931	0.6296296296296295	0.5800000000000001	0.5512820512820512	0.6052631578947368	0.55	0.5606060606060607	0.55	0.5869565217391304	0.5714285714285714	0.5952380952380952	0.6111111111111112	0.5666666666666667	0.5625	0.5909090909090909	0.6111111111111112	0.6333333333333333	0.625	0.6363636363636364	0.5689655172413793	0.5800000000000001	0.5909090909090909	0.6052631578947368	0.5571428571428572	0.625	0.72	0.6176470588235294	0.6176470588235294	0.5645161290322581	0.72	0.5909090909090909	1.0	0.5800000000000001
zh	0.5800000000000001	0.6438498236880316	0.5531914893617021	0.5958549222797928	0.6318380743982495	0.6171371966319961	0.6524129505192425	0.6263014330170195	0.6175604761295277	0.6202559871560451	0.6579876879604399	0.5434782608695652	0.6458923512747875	0.6376929325751423	0.6636849507735584	0.6542695238715561	0.6683215887251762	0.6274119258060501	0.6185147507629705	0.5852674066599395	0.5625	0.6543730242360378	0.6294277929155313	0.6550565770862801	0.6553059643687065	0.6248712490558264	0.647891857096878	0.5116279069767442	0.623354251261228	0.6388308977035491	0.636169303120992	0.5116279069767442	0.6469291338582677	0.5800000000000001	1.0
