arz	bs	ceb	ckb	da	de	el	en	es	fr	he	hi	hu	id	it	ja	ko	lv	mk	ml	mr	nl	pl	pt	ro	ru	sh	si	simple	sr	sv	te	tr	vi	war	zh
arz	1.0	1.0	0.9244224351279882	1.0	1.0	1.0	1.0	1.0	1.0	1.0	1.0	1.0	1.0	1.0	1.0	1.0	1.0	1.0	0.0	1.0	1.0	1.0	1.0	1.0	1.0	1.0	1.0	0.0	1.0	1.0	1.0	1.0	0.8216064286890065	1.0	1.0	1.0
bs	1.0	1.0	0.7595436831598508	1.0	1.0	0.6239725949460844	1.0	0.6239725949460844	0.6239725949460844	0.6994017365373273	0.7584325078215763	1.0	1.0	0.7584325078215763	0.6239725949460844	1.0	0.7690990303325336	1.0	1.0	1.0	1.0	0.7510341748895938	0.6395657813917608	0.729267940738713	1.0	0.6239725949460844	0.3537185323438001	0.0	1.0	0.5811824348635611	0.7106922308883378	1.0	0.41065377964283445	0.7584325078215765	1.0	0.7510341748895938
ceb	0.9244224351279882	0.7595436831598508	1.0	0.7964387828205094	0.7433278712194598	0.7072399247152461	0.7946883777436335	0.6183313511457712	0.6474605329016536	0.6295765034128142	0.7964695731288064	0.7980704984749432	0.44442780701726153	0.7055866482590434	0.7704159420630611	0.7946883777436335	0.7946883777436335	0.5532694994527766	0.7964387828205092	0.7964387828205094	0.7964387828205094	0.7664783267552411	0.7363207984576433	0.3344098884057832	0.741431779009442	0.7946883777436335	0.3301490692819935	0.8662829476136215	0.7693673814078437	0.7964695731288064	0.6680956756853963	0.8113586855397549	-1.0	0.6697018940478223	0.4121296641164357	0.24939671210952694
ckb	1.0	1.0	0.7964387828205094	1.0	1.0	1.0	1.0	0.44930756545688116	1.0	1.0	1.0	1.0	1.0	1.0	1.0	1.0	1.0	1.0	1.0	1.0	1.0	1.0	1.0	1.0	1.0	1.0	0.5660160774121898	0.0	1.0	1.0	1.0	1.0	0.6972954930026792	1.0	1.0	1.0
da	1.0	1.0	0.7433278712194598	1.0	1.0	0.6667969795412325	0.7510341748895938	0.5406369659821628	0.6056469048251054	0.661251134120194	0.6908587525207897	0.7510341748895938	0.7411828468492556	0.7510341748895938	0.6042055995786251	0.6786291688147438	0.74551343442257	1.0	1.0	1.0	1.0	0.60772229637827	0.6020976172667597	0.5553478122364185	0.7455134344225701	0.6841174893561722	0.36641107856687133	1.0	0.7455134344225701	0.6149006977912083	0.7376607345031153	1.0	0.5000477256584446	0.7411828468492555	1.0	1.0
de	1.0	0.6239725949460844	0.7072399247152461	1.0	0.6667969795412325	1.0	0.7455134344225701	0.13167586023499725	0.2270651009160813	0.29084822293386897	0.3781306713599283	1.0	0.728099120889861	0.6455519993951538	0.2737891428339205	0.35036149136643974	0.38255811498770237	1.0	1.0	1.0	1.0	0.33381284334913036	0.2597356177161575	0.21427676612702432	0.7234532828151788	0.3242503045949884	0.31453602553731264	1.0	0.7263875964832448	0.31968928944039515	0.3304140773313589	1.0	0.3822961664028999	0.37923023290625757	1.0	0.3607710496430072
el	1.0	1.0	0.7946883777436335	1.0	0.7510341748895938	0.7455134344225701	1.0	0.7347168825662657	0.7411828468492555	1.0	1.0	1.0	1.0	1.0	1.0	1.0	1.0	1.0	1.0	1.0	1.0	1.0	1.0	0.8055567530094858	1.0	1.0	0.4805954866802148	1.0	1.0	1.0	1.0	1.0	0.6964586824468322	1.0	1.0	1.0
en	1.0	0.6239725949460844	0.6183313511457712	0.44930756545688116	0.5406369659821628	0.13167586023499725	0.7347168825662657	1.0	0.15868874947518347	0.19207675634850235	0.5586948029842126	0.6344997284121858	0.6455519993951538	0.6000128061209576	0.17986802279473196	0.35593671966043555	0.32094243984262044	1.0	1.0	1.0	1.0	0.29268999177822685	0.13777115850438862	0.15052044711605453	0.5461291062002468	0.25217441794564704	0.296913443105702	1.0	0.6568318202362041	0.38804926833650466	0.28837813932195466	1.0	0.3191964968974312	0.5497866820887395	1.0	0.42800119801303044
es	1.0	0.6239725949460844	0.6474605329016536	1.0	0.6056469048251054	0.2270651009160813	0.7411828468492555	0.15868874947518347	1.0	0.266410067325498	0.5732561451193058	0.7455134344225701	0.7322034805959263	0.5440719833440403	0.2454171884781718	0.6414463581614515	0.3819309189048563	1.0	1.0	1.0	1.0	0.3711969675558682	0.2662952818750315	0.225536456279972	0.6431915320584143	0.30747142022825225	0.3038891051974508	1.0	0.6445400219811089	0.4356303310549859	0.38311274628477365	1.0	0.41976344515017605	0.5901654686514951	1.0	0.5967739643846038
fr	1.0	0.6994017365373273	0.6295765034128142	1.0	0.661251134120194	0.29084822293386897	1.0	0.19207675634850235	0.266410067325498	1.0	0.6549329476340924	1.0	0.728099120889861	0.7248485669756152	0.3730235828993456	0.6406217872018793	1.0	1.0	1.0	1.0	1.0	0.40220553682274207	0.3392384849183684	0.2408488936047526	0.7221793916855703	0.47698732951555944	0.30437360484204823	1.0	0.649329626804154	0.4832546665369429	0.4803257001388415	1.0	0.3367489537573082	0.6532002319725719	1.0	0.7122412578101113
he	1.0	0.7584325078215763	0.7964695731288064	1.0	0.6908587525207897	0.3781306713599283	1.0	0.5586948029842126	0.5732561451193058	0.6549329476340924	1.0	1.0	1.0	1.0	0.653200231972572	1.0	1.0	1.0	1.0	1.0	1.0	0.6589257440209709	1.0	0.49459025016406694	1.0	1.0	0.30031766555209843	1.0	0.7322034805959264	0.6068415109520329	1.0	1.0	1.0	1.0	1.0	1.0
hi	1.0	1.0	0.7980704984749432	1.0	0.7510341748895938	1.0	1.0	0.6344997284121858	0.7455134344225701	1.0	1.0	1.0	1.0	1.0	1.0	1.0	1.0	1.0	1.0	1.0	1.0	1.0	1.0	0.7992591943912659	1.0	1.0	0.4805954866802148	1.0	1.0	1.0	1.0	1.0	0.7455134344225701	1.0	1.0	1.0
hu	1.0	1.0	0.44442780701726153	1.0	0.7411828468492556	0.728099120889861	1.0	0.6455519993951538	0.7322034805959263	0.728099120889861	1.0	1.0	1.0	1.0	0.728099120889861	0.7411828468492556	1.0	1.0	1.0	1.0	1.0	0.6499913553099703	0.7300208629885034	0.5741688370604161	0.7411828468492556	0.7347168825662656	0.42906226055454944	1.0	0.7376607345031153	0.7510341748895938	0.7411828468492555	1.0	1.0	0.7455134344225701	1.0	1.0
id	1.0	0.7584325078215763	0.7055866482590434	1.0	0.7510341748895938	0.6455519993951538	1.0	0.6000128061209576	0.5440719833440403	0.7248485669756152	1.0	1.0	1.0	1.0	0.7322034805959263	1.0	0.7376607345031153	1.0	1.0	1.0	1.0	0.6518155124769265	0.6483618101972173	0.5815492907985288	0.7411828468492556	0.7300208629885035	0.42791969492487647	1.0	1.0	0.6859728630101755	0.7376607345031153	1.0	0.4265580763491122	1.0	1.0	1.0
it	1.0	0.6239725949460844	0.7704159420630611	1.0	0.6042055995786251	0.2737891428339205	1.0	0.17986802279473196	0.2454171884781718	0.3730235828993456	0.653200231972572	1.0	0.728099120889861	0.7322034805959263	1.0	0.5999553063370197	0.7744097047377119	1.0	1.0	1.0	1.0	0.38999376523967666	0.2931241261340543	0.27945754271213585	1.0	0.5004192924398193	0.2570531495352061	1.0	0.7263875964832448	0.4583800497624733	0.44286601039795215	1.0	0.21793800506900565	0.7210092110599264	1.0	0.5875763180700756
ja	1.0	1.0	0.7946883777436335	1.0	0.6786291688147438	0.35036149136643974	1.0	0.35593671966043555	0.6414463581614515	0.6406217872018793	1.0	1.0	0.7411828468492556	1.0	0.5999553063370197	1.0	1.0	1.0	1.0	1.0	1.0	0.6143589292419388	0.5818502363030276	0.36820889434484344	1.0	1.0	0.32453308509104084	1.0	1.0	0.5764981346469275	0.6549329476340925	1.0	0.5421953856501169	1.0	1.0	1.0
ko	1.0	0.7690990303325336	0.7946883777436335	1.0	0.74551343442257	0.38255811498770237	1.0	0.32094243984262044	0.3819309189048563	1.0	1.0	1.0	1.0	0.7376607345031153	0.7744097047377119	1.0	1.0	1.0	1.0	1.0	1.0	0.6638546162332061	1.0	0.4561698453046555	1.0	1.0	0.3759020663245583	1.0	1.0	0.5845286780631758	0.7248485669756152	1.0	0.5611111396186202	1.0	1.0	1.0
lv	1.0	1.0	0.5532694994527766	1.0	1.0	1.0	1.0	1.0	1.0	1.0	1.0	1.0	1.0	1.0	1.0	1.0	1.0	1.0	1.0	1.0	1.0	1.0	1.0	0.8252244849082945	1.0	1.0	0.4805954866802148	1.0	1.0	1.0	1.0	1.0	0.5197809212400953	1.0	1.0	1.0
mk	0.0	1.0	0.7964387828205092	1.0	1.0	1.0	1.0	1.0	1.0	1.0	1.0	1.0	1.0	1.0	1.0	1.0	1.0	1.0	1.0	0.0	1.0	1.0	1.0	1.0	1.0	1.0	0.4582960478122589	0.0	1.0	0.7584325078215763	1.0	0.0	1.0	1.0	0.0	1.0
ml	1.0	1.0	0.7964387828205094	1.0	1.0	1.0	1.0	1.0	1.0	1.0	1.0	1.0	1.0	1.0	1.0	1.0	1.0	1.0	0.0	1.0	1.0	1.0	1.0	1.0	1.0	1.0	0.5020797777427737	1.0	1.0	1.0	1.0	1.0	0.7376607345031152	1.0	1.0	1.0
mr	1.0	1.0	0.7964387828205094	1.0	1.0	1.0	1.0	1.0	1.0	1.0	1.0	1.0	1.0	1.0	1.0	1.0	1.0	1.0	1.0	1.0	1.0	1.0	1.0	0.7863954451402115	1.0	1.0	0.5020797777427737	1.0	1.0	1.0	1.0	1.0	1.0	1.0	1.0	1.0
nl	1.0	0.7510341748895938	0.7664783267552411	1.0	0.60772229637827	0.33381284334913036	1.0	0.29268999177822685	0.3711969675558682	0.40220553682274207	0.6589257440209709	1.0	0.6499913553099703	0.6518155124769265	0.38999376523967666	0.6143589292419388	0.6638546162332061	1.0	1.0	1.0	1.0	1.0	0.4170654138954138	0.4020879269654821	0.7263875964832448	0.5135315452607038	0.3519177675870763	1.0	0.6070269561668532	0.48621795981984883	0.5803488248388556	1.0	0.3727902573125893	0.7263875964832449	1.0	0.5569458829978287
pl	1.0	0.6395657813917608	0.7363207984576433	1.0	0.6020976172667597	0.2597356177161575	1.0	0.13777115850438862	0.2662952818750315	0.3392384849183684	1.0	1.0	0.7300208629885034	0.6483618101972173	0.2931241261340543	0.5818502363030276	1.0	1.0	1.0	1.0	1.0	0.4170654138954138	1.0	0.22585963214982935	0.6443242360956813	0.5081357528347393	0.2472195050240232	1.0	0.8240243516608119	0.37831880754910624	0.5146052666706966	1.0	0.3970301002597822	0.7199285383279772	1.0	0.7122412578101113
pt	1.0	0.729267940738713	0.3344098884057832	1.0	0.5553478122364185	0.21427676612702432	0.8055567530094858	0.15052044711605453	0.225536456279972	0.2408488936047526	0.49459025016406694	0.7992591943912659	0.5741688370604161	0.5815492907985288	0.27945754271213585	0.36820889434484344	0.4561698453046555	0.8252244849082945	1.0	1.0	0.7863954451402115	0.4020879269654821	0.22585963214982935	1.0	0.7784614227396944	0.34694500895196295	0.27075207086715947	1.0	0.5258779031688927	0.4224596990727497	0.42868573555323236	1.0	0.42890861369381506	0.5169113040287814	1.0	0.42085253229988046
ro	1.0	1.0	0.741431779009442	1.0	0.7455134344225701	0.7234532828151788	1.0	0.5461291062002468	0.6431915320584143	0.7221793916855703	1.0	1.0	0.7411828468492556	0.7411828468492556	1.0	1.0	1.0	1.0	1.0	1.0	1.0	0.7263875964832448	0.6443242360956813	0.7784614227396944	1.0	1.0	0.3908640864334173	1.0	1.0	0.5806342278937944	1.0	1.0	0.6089855304912088	1.0	1.0	1.0
ru	1.0	0.6239725949460844	0.7946883777436335	1.0	0.6841174893561722	0.3242503045949884	1.0	0.25217441794564704	0.30747142022825225	0.47698732951555944	1.0	1.0	0.7347168825662656	0.7300208629885035	0.5004192924398193	1.0	1.0	1.0	1.0	1.0	1.0	0.5135315452607038	0.5081357528347393	0.34694500895196295	1.0	1.0	0.2806895236521939	1.0	0.7300208629885034	0.5000164103102902	0.5156131580720449	1.0	0.4297202898651192	1.0	1.0	1.0
sh	1.0	0.3537185323438001	0.3301490692819935	0.5660160774121898	0.36641107856687133	0.31453602553731264	0.4805954866802148	0.296913443105702	0.3038891051974508	0.30437360484204823	0.30031766555209843	0.4805954866802148	0.42906226055454944	0.42791969492487647	0.2570531495352061	0.32453308509104084	0.3759020663245583	0.4805954866802148	0.4582960478122589	0.5020797777427737	0.5020797777427737	0.3519177675870763	0.2472195050240232	0.27075207086715947	0.3908640864334173	0.2806895236521939	1.0	1.0	0.3013439832240015	0.29762177194550393	0.32710243235010983	1.0	0.33128655299767173	0.2608213110549121	1.0	0.29253715318133333
si	0.0	0.0	0.8662829476136215	0.0	1.0	1.0	1.0	1.0	1.0	1.0	1.0	1.0	1.0	1.0	1.0	1.0	1.0	1.0	0.0	1.0	1.0	1.0	1.0	1.0	1.0	1.0	1.0	1.0	1.0	1.0	1.0	0.0	1.0	1.0	0.0	1.0
simple	1.0	1.0	0.7693673814078437	1.0	0.7455134344225701	0.7263875964832448	1.0	0.6568318202362041	0.6445400219811089	0.649329626804154	0.7322034805959264	1.0	0.7376607345031153	1.0	0.7263875964832448	1.0	1.0	1.0	1.0	1.0	1.0	0.6070269561668532	0.8240243516608119	0.5258779031688927	1.0	0.7300208629885034	0.3013439832240015	1.0	1.0	0.6562661056221564	0.6499913553099702	1.0	0.3975574188664537	1.0	1.0	0.7322034805959263
sr	1.0	0.5811824348635611	0.7964695731288064	1.0	0.6149006977912083	0.31968928944039515	1.0	0.38804926833650466	0.4356303310549859	0.4832546665369429	0.6068415109520329	1.0	0.7510341748895938	0.6859728630101755	0.4583800497624733	0.5764981346469275	0.5845286780631758	1.0	0.7584325078215763	1.0	1.0	0.48621795981984883	0.37831880754910624	0.4224596990727497	0.5806342278937944	0.5000164103102902	0.29762177194550393	1.0	0.6562661056221564	1.0	0.5040537160272724	1.0	0.4932016633548239	0.5743948176910855	1.0	0.5730102617975067
sv	1.0	0.7106922308883378	0.6680956756853963	1.0	0.7376607345031153	0.3304140773313589	1.0	0.28837813932195466	0.38311274628477365	0.4803257001388415	1.0	1.0	0.7411828468492555	0.7376607345031153	0.44286601039795215	0.6549329476340925	0.7248485669756152	1.0	1.0	1.0	1.0	0.5803488248388556	0.5146052666706966	0.42868573555323236	1.0	0.5156131580720449	0.32710243235010983	1.0	0.6499913553099702	0.5040537160272724	1.0	1.0	0.5338560539201995	0.7248485669756151	1.0	0.6501445840862392
te	1.0	1.0	0.8113586855397549	1.0	1.0	1.0	1.0	1.0	1.0	1.0	1.0	1.0	1.0	1.0	1.0	1.0	1.0	1.0	0.0	1.0	1.0	1.0	1.0	1.0	1.0	1.0	1.0	0.0	1.0	1.0	1.0	1.0	1.0	1.0	1.0	1.0
tr	0.8216064286890065	0.41065377964283445	-1.0	0.6972954930026792	0.5000477256584446	0.3822961664028999	0.6964586824468322	0.3191964968974312	0.41976344515017605	0.3367489537573082	1.0	0.7455134344225701	1.0	0.4265580763491122	0.21793800506900565	0.5421953856501169	0.5611111396186202	0.5197809212400953	1.0	0.7376607345031152	1.0	0.3727902573125893	0.3970301002597822	0.42890861369381506	0.6089855304912088	0.4297202898651192	0.33128655299767173	1.0	0.3975574188664537	0.4932016633548239	0.5338560539201995	1.0	1.0	0.5885069364049977	1.0	0.5996576567648644
vi	1.0	0.7584325078215765	0.6697018940478223	1.0	0.7411828468492555	0.37923023290625757	1.0	0.5497866820887395	0.5901654686514951	0.6532002319725719	1.0	1.0	0.7455134344225701	1.0	0.7210092110599264	1.0	1.0	1.0	1.0	1.0	1.0	0.7263875964832449	0.7199285383279772	0.5169113040287814	1.0	1.0	0.2608213110549121	1.0	1.0	0.5743948176910855	0.7248485669756151	1.0	0.5885069364049977	1.0	1.0	1.0
war	1.0	1.0	0.4121296641164357	1.0	1.0	1.0	1.0	1.0	1.0	1.0	1.0	1.0	1.0	1.0	1.0	1.0	1.0	1.0	0.0	1.0	1.0	1.0	1.0	1.0	1.0	1.0	1.0	0.0	1.0	1.0	1.0	1.0	1.0	1.0	1.0	1.0
zh	1.0	0.7510341748895938	0.24939671210952694	1.0	1.0	0.3607710496430072	1.0	0.42800119801303044	0.5967739643846038	0.7122412578101113	1.0	1.0	1.0	1.0	0.5875763180700756	1.0	1.0	1.0	1.0	1.0	1.0	0.5569458829978287	0.7122412578101113	0.42085253229988046	1.0	1.0	0.29253715318133333	1.0	0.7322034805959263	0.5730102617975067	0.6501445840862392	1.0	0.5996576567648644	1.0	1.0	1.0
