arz	bs	ceb	ckb	da	de	el	en	es	fr	he	hi	hu	id	it	ja	ko	lv	mk	ml	mr	nl	pl	pt	ro	ru	sh	si	simple	sr	sv	te	tr	vi	war	zh
arz	1.0	0.5183673469387755	0.515748031496063	0.699724517906336	0.5182186234817814	0.5164835164835164	0.6967418546365916	0.5135135135135135	0.5164835164835164	0.5140186915887851	0.6991869918699187	0.7005649717514124	0.5166051660516605	0.5163636363636364	0.5179282868525896	0.6974358974358974	0.6936936936936937	0.5183673469387755	0.699724517906336	0.699724517906336	0.699724517906336	0.5182186234817814	0.5175097276264592	0.5175097276264592	0.5177865612648221	0.6974358974358974	0.5183673469387755	0.7407407407407407	0.5179282868525896	0.6991869918699187	0.5151515151515151	0.7030716723549488	0.5263157894736842	0.5175097276264592	0.5183673469387755	0.5171102661596958
bs	0.5183673469387755	1.0	0.9190802478850656	0.6666666666666666	0.9680346730227107	0.8961531640419497	0.656084656084656	0.782456806375107	0.8770162234504778	0.798507003479704	0.664804469273743	0.6638176638176638	0.7702292042404699	0.8911470580650949	0.9656510556914494	0.6586021505376344	0.6446078431372549	0.8778447533521958	0.6666666666666666	0.6666666666666666	0.6666666666666666	0.9758818432424924	0.9392079694198773	0.7233433119918921	0.951491266821605	0.6586021505376344	0.7276564463730999	0.5580524344569289	0.9641742234319238	0.664804469273743	0.8407201143084153	0.6385542168674699	0.5915909988156337	0.9161869452390641	0.666966584189348	0.6882861159236697
ceb	0.515748031496063	0.9190802478850656	1.0	0.6575342465753424	0.9194286521017894	0.9089025990490743	0.6596858638743456	0.7917904694013231	0.8884797389148213	0.8075007056359209	0.6594005449591281	0.6546961325966851	0.7670883404938322	0.9047386176020635	0.9279712208024931	0.6622340425531914	0.6480582524271845	0.836650395489231	0.6575342465753424	0.6575342465753424	0.6575342465753424	0.9259753621551882	0.9439616530135488	0.7212455302309513	0.9249669537198851	0.6622340425531914	0.7105962659153789	0.5543478260869565	0.9368692131352526	0.6594005449591281	0.8513956891588534	0.6334310850439883	-1.0	0.9190802223876913	0.6578162131255919	0.6917307158070191
ckb	0.699724517906336	0.6666666666666666	0.6575342465753424	1.0	0.6657303370786517	0.6544502617801047	0.9763779527559056	0.6334841628959276	0.6544502617801047	0.6372093023255814	0.99581589958159	0.9936034115138592	0.6552631578947369	0.6536458333333334	0.663888888888889	0.9819639278557114	0.9511754068716095	0.6666666666666666	1.0	1.0	1.0	0.6657303370786517	0.6612021857923497	0.6612021857923497	0.6629834254143646	0.9819639278557114	0.6666666666666666	0.7740259740259741	0.663888888888889	0.99581589958159	0.645320197044335	0.9380530973451326	0.5348837209302326	0.6612021857923497	0.6666666666666666	0.6586021505376344
da	0.5182186234817814	0.9680346730227107	0.9194286521017894	0.6657303370786517	1.0	0.896041393048859	0.6569920844327176	0.7822009777131266	0.8774855288491076	0.7994475859584068	0.6657381615598886	0.6628895184135978	0.77095843416661	0.8920780033578739	0.9659855425240709	0.6595174262734586	0.6454767726161369	0.871488693486856	0.6657303370786517	0.6657303370786517	0.6657303370786517	0.9645964356168542	0.9396994469093782	0.7239104492518783	0.9516459260175408	0.6595174262734586	0.7248672553757833	0.5576208178438662	0.9642579231293369	0.6657381615598886	0.8410517325480856	0.6396396396396395	0.582089552238806	0.917419921249359	0.6660318541543556	0.6889246767158002
de	0.5164835164835164	0.8961531640419497	0.9089025990490743	0.6544502617801047	0.896041393048859	1.0	0.6649746192893401	0.8175973110493674	0.9054293527425729	0.834945949931374	0.65625	0.6517150395778364	0.7839265793753063	0.9168243483471686	0.9043393566804381	0.6590330788804072	0.6563981042654029	0.8187416956843644	0.6544502617801047	0.6544502617801047	0.6544502617801047	0.9023313822833939	0.918536062914432	0.7117716338775874	0.9101040836797636	0.6624040920716113	0.7011255747966424	0.5525423728813559	0.9121522478968316	0.65625	0.8846216470688177	0.6312849162011173	0.540420250781016	0.8947418996516241	0.6546708562006068	0.6857894662447791
el	0.6967418546365916	0.656084656084656	0.6596858638743456	0.9763779527559056	0.6569920844327176	0.6649746192893401	1.0	0.6431718061674009	0.6649746192893401	0.6470588235294118	0.9803921568627451	0.9702970297029704	0.6624365482233503	0.6624685138539043	0.6570680628272252	0.9865642994241843	0.9734513274336283	0.656084656084656	0.9763779527559056	0.9763779527559056	0.9763779527559056	0.6569920844327176	0.6614583333333334	0.6597402597402597	0.6596858638743456	0.9941972920696325	0.656084656084656	0.7648456057007126	0.6587926509186351	0.9803921568627451	0.6555023923444976	0.9256198347107438	0.5576923076923077	0.6614583333333334	0.656084656084656	0.6606683804627249
en	0.5135135135135135	0.782456806375107	0.7917904694013231	0.6334841628959276	0.7822009777131266	0.8175973110493674	0.6431718061674009	1.0	0.8010219661651838	0.8672914407406519	0.6351351351351351	0.6309794988610479	0.7195281783736791	0.8197173687547645	0.7934599539685333	0.6407982261640798	0.6545842217484008	0.734702081044757	0.6334841628959276	0.6334841628959276	0.6334841628959276	0.7863575362149045	0.7973316855937347	0.6733852931298271	0.7916515545955471	0.6407982261640798	0.6632104853563056	0.543661971830986	0.7924715912181255	0.6351351351351351	0.8436573138223455	0.6124401913875598	0.5460042081550603	0.7837298325705953	0.6336505580846346	0.6579660795992349
es	0.5164835164835164	0.8770162234504778	0.8884797389148213	0.6544502617801047	0.8774855288491076	0.9054293527425729	0.6649746192893401	0.8010219661651838	1.0	0.818951373074347	0.65625	0.6517150395778364	0.7739470754901683	0.9026634534312005	0.8837305128681263	0.6590330788804072	0.6563981042654029	0.8095308562268426	0.6544502617801047	0.6544502617801047	0.6544502617801047	0.8830555442556415	0.8964968288811115	0.7113677453129715	0.8901643394803825	0.6624040920716113	0.7004306291570437	0.5525423728813559	0.8911243411492114	0.65625	0.8636181297849962	0.6312849162011173	0.550561797752809	0.878193628857497	0.6546701080757555	0.685574534283886
fr	0.5140186915887851	0.798507003479704	0.8075007056359209	0.6372093023255814	0.7994475859584068	0.834945949931374	0.6470588235294118	0.8672914407406519	0.818951373074347	1.0	0.638888888888889	0.6346604215456675	0.7295856287409731	0.837934527381791	0.8106567083810097	0.6446469248291572	0.6557734204793028	0.7472532900334794	0.6372093023255814	0.6372093023255814	0.6372093023255814	0.8028532880235255	0.8137075327271712	0.6771931674398988	0.808738552766863	0.6446469248291572	0.6693172127290975	0.5451895043731778	0.8098917202909767	0.638888888888889	0.8631717309728831	0.6157635467980295	0.5487835347762265	0.7992703195730019	0.6373430634043893	0.6636377010544848
he	0.6991869918699187	0.664804469273743	0.6594005449591281	0.99581589958159	0.6657381615598886	0.65625	0.9803921568627451	0.6351351351351351	0.65625	0.638888888888889	1.0	0.9894736842105263	0.6570680628272252	0.655440414507772	0.6657458563535912	0.9860279441117764	0.9549549549549549	0.664804469273743	0.99581589958159	0.99581589958159	0.99581589958159	0.663888888888889	0.6630434782608696	0.6630434782608696	0.6648351648351649	0.9860279441117764	0.664804469273743	0.7723785166240409	0.6657458563535912	1.0	0.6470588235294118	0.9427312775330396	0.5555555555555556	0.6630434782608696	0.664804469273743	0.6604278074866311
hi	0.7005649717514124	0.6638176638176638	0.6546961325966851	0.9936034115138592	0.6628895184135978	0.6517150395778364	0.9702970297029704	0.6309794988610479	0.6517150395778364	0.6346604215456675	0.9894736842105263	1.0	0.6525198938992043	0.6509186351706038	0.6610644257703081	0.9758064516129034	0.9454545454545454	0.6638176638176638	0.9936034115138592	0.9936034115138592	0.9936034115138592	0.6628895184135978	0.6584022038567493	0.6584022038567493	0.6601671309192201	0.9758064516129034	0.6638176638176638	0.776595744680851	0.6610644257703081	0.9894736842105263	0.6426799007444168	0.9351230425055929	0.5636363636363636	0.6584022038567493	0.6638176638176638	0.6558265582655826
hu	0.5166051660516605	0.7702292042404699	0.7670883404938322	0.6552631578947369	0.77095843416661	0.7839265793753063	0.6624365482233503	0.7195281783736791	0.7739470754901683	0.7295856287409731	0.6570680628272252	0.6525198938992043	1.0	0.7717827357349044	0.771474288093039	0.6564885496183206	0.655581947743468	0.7497936448613074	0.6552631578947369	0.6552631578947369	0.6552631578947369	0.7729575899261326	0.7712108130610648	0.7003025121662502	0.7761055291003952	0.659846547314578	0.6957755121975225	0.552901023890785	0.7761145960526737	0.6570680628272252	0.755469200558567	0.6320224719101124	0.5441176470588236	0.7655344224835602	0.6555758601392169	0.6801302294285582
id	0.5163636363636364	0.8911470580650949	0.9047386176020635	0.6536458333333334	0.8920780033578739	0.9168243483471686	0.6624685138539043	0.8197173687547645	0.9026634534312005	0.837934527381791	0.655440414507772	0.6509186351706038	0.7717827357349044	1.0	0.9082311489566616	0.6598984771573604	0.657210401891253	0.8141639698479857	0.6536458333333334	0.6536458333333334	0.6536458333333334	0.8976812520611517	0.913337333287335	0.7105868582190248	0.9048803135285289	0.6615776081424937	0.699618617935807	0.5521885521885521	0.9071621497943385	0.655440414507772	0.8879323156247239	0.6305555555555556	0.5795454545454545	0.8914659106541102	0.6538632541608302	0.6869748096699274
it	0.5179282868525896	0.9656510556914494	0.9279712208024931	0.663888888888889	0.9659855425240709	0.9043393566804381	0.6570680628272252	0.7934599539685333	0.8837305128681263	0.8106567083810097	0.6657458563535912	0.6610644257703081	0.771474288093039	0.9082311489566616	1.0	0.6613333333333333	0.6472019464720196	0.866534815322975	0.663888888888889	0.663888888888889	0.663888888888889	0.9625629813373976	0.9487673320086644	0.7236670758724344	0.9611687996848454	0.6595744680851063	0.7214553889176507	0.5567765567765568	0.9742848339034327	0.6657458563535912	0.8554857720142771	0.6398809523809524	0.5585214950886592	0.9234964195029097	0.6641665738149644	0.6912052292655144
ja	0.6974358974358974	0.6586021505376344	0.6622340425531914	0.9819639278557114	0.6595174262734586	0.6590330788804072	0.9865642994241843	0.6407982261640798	0.6590330788804072	0.6446469248291572	0.9860279441117764	0.9758064516129034	0.6564885496183206	0.6598984771573604	0.6613333333333333	1.0	0.9645390070921985	0.6586021505376344	0.9819639278557114	0.9819639278557114	0.9819639278557114	0.6595174262734586	0.6640211640211641	0.662269129287599	0.6604774535809019	0.9921875	0.6586021505376344	0.7669902912621359	0.6613333333333333	0.9860279441117764	0.6514423076923077	0.9305263157894738	0.5700934579439253	0.6640211640211641	0.6586021505376344	0.6666666666666666
ko	0.6936936936936937	0.6446078431372549	0.6480582524271845	0.9511754068716095	0.6454767726161369	0.6563981042654029	0.9734513274336283	0.6545842217484008	0.6563981042654029	0.6557734204793028	0.9549549549549549	0.9454545454545454	0.655581947743468	0.657210401891253	0.6472019464720196	0.9645390070921985	1.0	0.6446078431372549	0.9511754068716095	0.9511754068716095	0.9511754068716095	0.6454767726161369	0.6497584541062803	0.6497584541062803	0.6480582524271845	0.9679715302491102	0.6446078431372549	0.7553648068669528	0.6472019464720196	0.9549549549549549	0.6613272311212816	0.9035916824196597	0.5797101449275363	0.6497584541062803	0.6446078431372549	0.6507177033492824
lv	0.5183673469387755	0.8778447533521958	0.836650395489231	0.6666666666666666	0.871488693486856	0.8187416956843644	0.656084656084656	0.734702081044757	0.8095308562268426	0.7472532900334794	0.664804469273743	0.6638176638176638	0.7497936448613074	0.8141639698479857	0.866534815322975	0.6586021505376344	0.6446078431372549	1.0	0.6666666666666666	0.6666666666666666	0.6666666666666666	0.8749321902921425	0.8498844088971972	0.7186240668584019	0.858887956387587	0.6586021505376344	0.7215801338247397	0.5580524344569289	0.8664906476236289	0.664804469273743	0.7778177397438519	0.6385542168674699	0.5614035087719298	0.8383170933102034	0.6670517846090365	0.6867190396124001
mk	0.699724517906336	0.6666666666666666	0.6575342465753424	1.0	0.6657303370786517	0.6544502617801047	0.9763779527559056	0.6334841628959276	0.6544502617801047	0.6372093023255814	0.99581589958159	0.9936034115138592	0.6552631578947369	0.6536458333333334	0.663888888888889	0.9819639278557114	0.9511754068716095	0.6666666666666666	1.0	1.0	1.0	0.6657303370786517	0.6612021857923497	0.6612021857923497	0.6629834254143646	0.9819639278557114	0.6666666666666666	0.7740259740259741	0.663888888888889	0.99581589958159	0.645320197044335	0.9380530973451326	0.5535714285714286	0.6612021857923497	0.6666666666666666	0.6586021505376344
ml	0.699724517906336	0.6666666666666666	0.6575342465753424	1.0	0.6657303370786517	0.6544502617801047	0.9763779527559056	0.6334841628959276	0.6544502617801047	0.6372093023255814	0.99581589958159	0.9936034115138592	0.6552631578947369	0.6536458333333334	0.663888888888889	0.9819639278557114	0.9511754068716095	0.6666666666666666	1.0	1.0	1.0	0.6657303370786517	0.6612021857923497	0.6612021857923497	0.6629834254143646	0.9819639278557114	0.6666666666666666	0.7740259740259741	0.663888888888889	0.99581589958159	0.645320197044335	0.9380530973451326	0.5737704918032787	0.6612021857923497	0.6666666666666666	0.6586021505376344
mr	0.699724517906336	0.6666666666666666	0.6575342465753424	1.0	0.6657303370786517	0.6544502617801047	0.9763779527559056	0.6334841628959276	0.6544502617801047	0.6372093023255814	0.99581589958159	0.9936034115138592	0.6552631578947369	0.6536458333333334	0.663888888888889	0.9819639278557114	0.9511754068716095	0.6666666666666666	1.0	1.0	1.0	0.6657303370786517	0.6612021857923497	0.6612021857923497	0.6629834254143646	0.9819639278557114	0.6666666666666666	0.7740259740259741	0.663888888888889	0.99581589958159	0.645320197044335	0.9380530973451326	0.5238095238095238	0.6612021857923497	0.6666666666666666	0.6586021505376344
nl	0.5182186234817814	0.9758818432424924	0.9259753621551882	0.6657303370786517	0.9645964356168542	0.9023313822833939	0.6569920844327176	0.7863575362149045	0.8830555442556415	0.8028532880235255	0.663888888888889	0.6628895184135978	0.7729575899261326	0.8976812520611517	0.9625629813373976	0.6595174262734586	0.6454767726161369	0.8749321902921425	0.6657303370786517	0.6657303370786517	0.6657303370786517	1.0	0.9470313801272671	0.7246435549870697	0.9590828591633794	0.6595174262734586	0.7256846128155471	0.5576208178438662	0.9608119207189111	0.663888888888889	0.8467109249343086	0.6377245508982036	0.5316280571967549	0.9226273777866761	0.6660215093891607	0.6889432392803981
pl	0.5175097276264592	0.9392079694198773	0.9439616530135488	0.6612021857923497	0.9396994469093782	0.918536062914432	0.6614583333333334	0.7973316855937347	0.8964968288811115	0.8137075327271712	0.6630434782608696	0.6584022038567493	0.7712108130610648	0.913337333287335	0.9487673320086644	0.6640211640211641	0.6497584541062803	0.8498844088971972	0.6612021857923497	0.6612021857923497	0.6612021857923497	0.9470313801272671	1.0	0.7244990886122273	0.9455582185229926	0.6640211640211641	0.7151465986788736	0.5555555555555556	0.9471181624759535	0.6630434782608696	0.8598012052535685	0.6374269005847952	0.5443726124008228	0.9271649881456282	0.6614473889372664	0.6939992087357867
pt	0.5175097276264592	0.7233433119918921	0.7212455302309513	0.6612021857923497	0.7239104492518783	0.7117716338775874	0.6597402597402597	0.6733852931298271	0.7113677453129715	0.6771931674398988	0.6630434782608696	0.6584022038567493	0.7003025121662502	0.7105868582190248	0.7236670758724344	0.662269129287599	0.6497584541062803	0.7186240668584019	0.6612021857923497	0.6612021857923497	0.6612021857923497	0.7246435549870697	0.7244990886122273	1.0	0.7250616460212933	0.662269129287599	0.6916700918833527	0.5555555555555556	0.7271763066392409	0.6630434782608696	0.6924977954658139	0.6374269005847952	0.5569241338698597	0.7241325905069675	0.6612021857923497	0.6815563934482399
ro	0.5177865612648221	0.951491266821605	0.9249669537198851	0.6629834254143646	0.9516459260175408	0.9101040836797636	0.6596858638743456	0.7916515545955471	0.8901643394803825	0.808738552766863	0.6648351648351649	0.6601671309192201	0.7761055291003952	0.9048803135285289	0.9611687996848454	0.6604774535809019	0.6480582524271845	0.858887956387587	0.6629834254143646	0.6629834254143646	0.6629834254143646	0.9590828591633794	0.9455582185229926	0.7250616460212933	1.0	0.6622340425531914	0.7196200536291184	0.5563636363636364	0.9595872383860709	0.6648351648351649	0.8530558459707054	0.6390532544378698	0.5483870967741935	0.9216632167341079	0.6632677167386438	0.6893593897689199
ru	0.6974358974358974	0.6586021505376344	0.6622340425531914	0.9819639278557114	0.6595174262734586	0.6624040920716113	0.9941972920696325	0.6407982261640798	0.6624040920716113	0.6446469248291572	0.9860279441117764	0.9758064516129034	0.659846547314578	0.6615776081424937	0.6595744680851063	0.9921875	0.9679715302491102	0.6586021505376344	0.9819639278557114	0.9819639278557114	0.9819639278557114	0.6595174262734586	0.6640211640211641	0.662269129287599	0.6622340425531914	1.0	0.6586021505376344	0.7669902912621359	0.6613333333333333	0.9860279441117764	0.6530120481927711	0.9305263157894738	0.5549132947976879	0.6640211640211641	0.6586021505376344	0.6631853785900783
sh	0.5183673469387755	0.7276564463730999	0.7105962659153789	0.6666666666666666	0.7248672553757833	0.7011255747966424	0.656084656084656	0.6632104853563056	0.7004306291570437	0.6693172127290975	0.664804469273743	0.6638176638176638	0.6957755121975225	0.699618617935807	0.7214553889176507	0.6586021505376344	0.6446078431372549	0.7215801338247397	0.6666666666666666	0.6666666666666666	0.6666666666666666	0.7256846128155471	0.7151465986788736	0.6916700918833527	0.7196200536291184	0.6586021505376344	1.0	0.5580524344569289	0.7217082724364877	0.664804469273743	0.6836616118234966	0.6385542168674699	0.5573770491803278	0.7140620826268602	0.6666666666666666	0.6803522988672835
si	0.7407407407407407	0.5580524344569289	0.5543478260869565	0.7740259740259741	0.5576208178438662	0.5525423728813559	0.7648456057007126	0.543661971830986	0.5525423728813559	0.5451895043731778	0.7723785166240409	0.776595744680851	0.552901023890785	0.5521885521885521	0.5567765567765568	0.7669902912621359	0.7553648068669528	0.5580524344569289	0.7740259740259741	0.7740259740259741	0.7740259740259741	0.5576208178438662	0.5555555555555556	0.5555555555555556	0.5563636363636364	0.7669902912621359	0.5580524344569289	1.0	0.5567765567765568	0.7723785166240409	0.54858934169279	0.7936507936507936	0.5116279069767442	0.5555555555555556	0.5580524344569289	0.5543859649122806
simple	0.5179282868525896	0.9641742234319238	0.9368692131352526	0.663888888888889	0.9642579231293369	0.9121522478968316	0.6587926509186351	0.7924715912181255	0.8911243411492114	0.8098917202909767	0.6657458563535912	0.6610644257703081	0.7761145960526737	0.9071621497943385	0.9742848339034327	0.6613333333333333	0.6472019464720196	0.8664906476236289	0.663888888888889	0.663888888888889	0.663888888888889	0.9608119207189111	0.9471181624759535	0.7271763066392409	0.9595872383860709	0.6613333333333333	0.7217082724364877	0.5567765567765568	1.0	0.6657458563535912	0.853990859034563	0.6398809523809524	0.5777777777777777	0.9319600321678421	0.6641686694726523	0.6909867294512761
sr	0.6991869918699187	0.664804469273743	0.6594005449591281	0.99581589958159	0.6657381615598886	0.65625	0.9803921568627451	0.6351351351351351	0.65625	0.638888888888889	1.0	0.9894736842105263	0.6570680628272252	0.655440414507772	0.6657458563535912	0.9860279441117764	0.9549549549549549	0.664804469273743	0.99581589958159	0.99581589958159	0.99581589958159	0.663888888888889	0.6630434782608696	0.6630434782608696	0.6648351648351649	0.9860279441117764	0.664804469273743	0.7723785166240409	0.6657458563535912	1.0	0.6470588235294118	0.9427312775330396	0.5531914893617021	0.6630434782608696	0.664804469273743	0.6604278074866311
sv	0.5151515151515151	0.8407201143084153	0.8513956891588534	0.645320197044335	0.8410517325480856	0.8846216470688177	0.6555023923444976	0.8436573138223455	0.8636181297849962	0.8631717309728831	0.6470588235294118	0.6426799007444168	0.755469200558567	0.8879323156247239	0.8554857720142771	0.6514423076923077	0.6613272311212816	0.7778177397438519	0.645320197044335	0.645320197044335	0.645320197044335	0.8467109249343086	0.8598012052535685	0.6924977954658139	0.8530558459707054	0.6530120481927711	0.6836616118234966	0.54858934169279	0.853990859034563	0.6470588235294118	1.0	0.6230366492146596	0.5607476635514019	0.8406205045570766	0.6454665371050834	0.6738589343053853
te	0.7030716723549488	0.6385542168674699	0.6334310850439883	0.9380530973451326	0.6396396396396395	0.6312849162011173	0.9256198347107438	0.6124401913875598	0.6312849162011173	0.6157635467980295	0.9427312775330396	0.9351230425055929	0.6320224719101124	0.6305555555555556	0.6398809523809524	0.9305263157894738	0.9035916824196597	0.6385542168674699	0.9380530973451326	0.9380530973451326	0.9380530973451326	0.6377245508982036	0.6374269005847952	0.6374269005847952	0.6390532544378698	0.9305263157894738	0.6385542168674699	0.7936507936507936	0.6398809523809524	0.9427312775330396	0.6230366492146596	1.0	0.5576923076923077	0.6374269005847952	0.6385542168674699	0.6350574712643678
tr	0.5263157894736842	0.5915909988156337	-1.0	0.5348837209302326	0.582089552238806	0.540420250781016	0.5576923076923077	0.5460042081550603	0.550561797752809	0.5487835347762265	0.5555555555555556	0.5636363636363636	0.5441176470588236	0.5795454545454545	0.5585214950886592	0.5700934579439253	0.5797101449275363	0.5614035087719298	0.5535714285714286	0.5737704918032787	0.5238095238095238	0.5316280571967549	0.5443726124008228	0.5569241338698597	0.5483870967741935	0.5549132947976879	0.5573770491803278	0.5116279069767442	0.5777777777777777	0.5531914893617021	0.5607476635514019	0.5576923076923077	1.0	0.5764705882352942	0.5238095238095238	0.5773195876288659
vi	0.5175097276264592	0.9161869452390641	0.9190802223876913	0.6612021857923497	0.917419921249359	0.8947418996516241	0.6614583333333334	0.7837298325705953	0.878193628857497	0.7992703195730019	0.6630434782608696	0.6584022038567493	0.7655344224835602	0.8914659106541102	0.9234964195029097	0.6640211640211641	0.6497584541062803	0.8383170933102034	0.6612021857923497	0.6612021857923497	0.6612021857923497	0.9226273777866761	0.9271649881456282	0.7241325905069675	0.9216632167341079	0.6640211640211641	0.7140620826268602	0.5555555555555556	0.9319600321678421	0.6630434782608696	0.8406205045570766	0.6374269005847952	0.5764705882352942	1.0	0.6614459509456136	0.6937614930753905
war	0.5183673469387755	0.666966584189348	0.6578162131255919	0.6666666666666666	0.6660318541543556	0.6546708562006068	0.656084656084656	0.6336505580846346	0.6546701080757555	0.6373430634043893	0.664804469273743	0.6638176638176638	0.6555758601392169	0.6538632541608302	0.6641665738149644	0.6586021505376344	0.6446078431372549	0.6670517846090365	0.6666666666666666	0.6666666666666666	0.6666666666666666	0.6660215093891607	0.6614473889372664	0.6612021857923497	0.6632677167386438	0.6586021505376344	0.6666666666666666	0.5580524344569289	0.6641686694726523	0.664804469273743	0.6454665371050834	0.6385542168674699	0.5238095238095238	0.6614459509456136	1.0	0.6586021505376344
zh	0.5171102661596958	0.6882861159236697	0.6917307158070191	0.6586021505376344	0.6889246767158002	0.6857894662447791	0.6606683804627249	0.6579660795992349	0.685574534283886	0.6636377010544848	0.6604278074866311	0.6558265582655826	0.6801302294285582	0.6869748096699274	0.6912052292655144	0.6666666666666666	0.6507177033492824	0.6867190396124001	0.6586021505376344	0.6586021505376344	0.6586021505376344	0.6889432392803981	0.6939992087357867	0.6815563934482399	0.6893593897689199	0.6631853785900783	0.6803522988672835	0.5543859649122806	0.6909867294512761	0.6604278074866311	0.6738589343053853	0.6350574712643678	0.5773195876288659	0.6937614930753905	0.6586021505376344	1.0
