arz	bs	ceb	ckb	da	de	el	en	es	fr	he	hi	hu	id	it	ja	ko	lv	mk	ml	mr	nl	pl	pt	ro	ru	sh	si	simple	sr	sv	te	vi	war	zh
arz	1.0	0.5602676671742772	0.0	0.7863954451402115	0.5952788508761008	0.5169687835172552	0.3356504085917392	0.3305215916318041	0.5267959324382901	0.39709334177876426	0.40327638552832457	1.0	0.36363026335180804	0.6053783094413474	0.506973793050379	0.33854425914698616	0.43045043949330997	0.8437559693317658	0.7584325078215763	0.4440825068054273	0.640699128495628	0.34440681677023094	0.4074218498093123	0.4963876724625204	0.41163039608207025	0.3885569688205778	0.4318525141527191	1.0	0.5563547873555302	0.3724771780042817	0.3319806038870056	0.0	0.33340841335528953	1.0	0.41679239998169026
bs	0.5602676671742772	1.0	0.0	0.6212845645194138	0.38700295524828143	0.4565747218056804	0.8523100170540392	0.2894543541392587	0.4558311808594256	0.4677091642807215	0.40745274656056657	0.25585893036027685	0.374423856447287	0.6144374891581419	0.33460241282163217	0.45078919608380574	0.29670807872404037	1.0	0.35246661302730536	0.7584325078215765	1.0	0.6845485002822447	0.507093331764391	0.44593589523270244	0.565933207426236	0.3767336685786561	0.6044414021866646	0.7584325078215763	0.41055547717987523	0.46884323187999644	0.48616254672950215	1.0	0.3051271219653515	1.0	0.27575160649488967
ceb	0.0	0.0	1.0	0.0	1.0	1.0	1.0	1.0	1.0	1.0	1.0	1.0	1.0	1.0	1.0	1.0	1.0	1.0	1.0	0.0	1.0	1.0	1.0	1.0	1.0	1.0	1.0	0.0	1.0	1.0	1.0	0.0	1.0	0.0	1.0
ckb	0.7863954451402115	0.6212845645194138	0.0	1.0	0.44349243347426576	0.33288146709607574	0.49885803023579695	0.31735942576667164	0.30956515682656083	0.3447559400846841	0.3274007983386346	0.33357550176969636	0.32566275687847274	0.5824886071894475	0.31922228316625595	0.3273206541289601	0.3206933099495936	0.6135172533874084	0.30375845840800675	0.72653347084664	1.0	0.33984242321687835	0.33526419858932494	0.330206811553364	0.3848164963073741	0.34027957850429325	0.72653347084664	1.0	0.5332833930630667	0.48155580287703986	0.36359358715217177	1.0	0.3171846556926179	1.0	0.33914822434072717
da	0.5952788508761008	0.38700295524828143	1.0	0.44349243347426576	1.0	0.2895621149416581	0.4228851855954319	0.27482341136760097	0.2029941801481796	0.21439171556463832	0.2121067915529925	0.23803384476671544	0.362501302612327	0.26057154355281814	0.25212292618451526	0.2862338004868668	0.21555769363296368	0.5959186387543145	0.6290073102059636	0.5936094640721441	1.0	0.23305342581874722	0.21319850269862617	0.21407427619177594	0.4336918016864844	0.27812878270210234	0.6236815385159509	0.6704675947063355	0.4145377540201611	0.37935517951140163	0.26862857334396945	1.0	0.29425589327284146	1.0	0.28398849042073093
de	0.5169687835172552	0.4565747218056804	1.0	0.33288146709607574	0.2895621149416581	1.0	0.332815207779788	0.05826691928133334	0.0851365778080086	0.06643939657833514	0.08816590951140713	0.21926172055075663	0.14328876175195732	0.22161436929592154	0.08459306881341477	0.0926583878034506	0.09227620298935257	0.5066967186363367	0.24797026688129728	0.5108501552489102	1.0	0.12773107675349743	0.11323189174943579	0.09510523205293785	0.27073232935431973	0.0763770303054126	0.31567879173143065	0.7455134344225701	0.3620180913852348	0.22375277988312595	0.1637073978837547	1.0	0.15969672597348752	1.0	0.08760880434807887
el	0.3356504085917392	0.8523100170540392	1.0	0.49885803023579695	0.4228851855954319	0.332815207779788	1.0	0.24270951899559723	0.29814433422547276	0.2807897319703265	0.212119606932985	0.44862209511954193	0.36105747208753786	0.2553153834293951	0.23233919868646535	0.2945652230385348	0.35217045235348116	0.5129848833787022	0.6380724228221987	0.7211093634543723	1.0	0.4016390827759606	0.2950508623234438	0.2909915499989327	0.502048101151717	0.2839362396142445	0.3495803559238499	1.0	0.5042776513379461	0.4661473724606894	0.3420239343466692	1.0	0.2795219137361209	1.0	0.2785107860569871
en	0.3305215916318041	0.2894543541392587	1.0	0.31735942576667164	0.27482341136760097	0.05826691928133334	0.24270951899559723	1.0	0.06883354744840806	0.04705167853416918	0.07677323860483058	0.21463834122617978	0.10896538740773397	0.2111920444913847	0.06817198563267543	0.06332907737460065	0.07696710313212793	0.4466077869357391	0.28336404056394376	0.4563789959898124	1.0	0.10444180259602284	0.09491096211520371	0.07350763246726022	0.22962974119779353	0.051944849947602525	0.31201209605576463	0.7455134344225701	0.35623166577247606	0.21531918513768572	0.09985491876267537	1.0	0.1103792615702072	1.0	0.0704223996695354
es	0.5267959324382901	0.4558311808594256	1.0	0.30956515682656083	0.2029941801481796	0.0851365778080086	0.29814433422547276	0.06883354744840806	1.0	0.07235051687162047	0.0885997823104961	0.22339267119785544	0.14162086760537815	0.21684517433200243	0.08033680668784123	0.08638036531141474	0.09415242099773753	0.4988852270620295	0.2555458892357578	0.4472317024626928	1.0	0.13016268641009662	0.10773982236056893	0.07688791596602611	0.2646624741386073	0.07913088886782121	0.3130816945532484	0.7455134344225701	0.27554872201167396	0.2298424343876148	0.14463814508454975	1.0	0.1539363981735621	1.0	0.08407415991532176
fr	0.39709334177876426	0.4677091642807215	1.0	0.3447559400846841	0.21439171556463832	0.06643939657833514	0.2807897319703265	0.04705167853416918	0.07235051687162047	1.0	0.07996307469577775	0.230774101456566	0.10661293766657709	0.22034375029371017	0.0716729921343536	0.07251036861300919	0.0749455559108764	0.39146379562858896	0.308239250664563	0.5001781109911395	1.0	0.10847828864732406	0.09752850303937108	0.0775566452286621	0.2284097986879746	0.06386405320506225	0.3230473101972558	0.7455134344225701	0.3698546827870085	0.2085541154953766	0.11972421932590267	1.0	0.13329254881212652	1.0	0.07174119381080739
he	0.40327638552832457	0.40745274656056657	1.0	0.3274007983386346	0.2121067915529925	0.08816590951140713	0.212119606932985	0.07677323860483058	0.0885997823104961	0.07996307469577775	1.0	0.22813743044637103	0.13031880600296433	0.22213822027207877	0.07911522876464228	0.09245522507293487	0.10480378597434753	0.394611720009951	0.2501267431780997	0.47925085901799647	0.8216064286890065	0.13969827792647993	0.10828085046907344	0.09079415123605386	0.2669843232462166	0.09045681200013243	0.31611392516787956	0.7455134344225701	0.32798446410619847	0.20063660574265527	0.1479396310108988	1.0	0.18515837327211307	1.0	0.08744679656186395
hi	1.0	0.25585893036027685	1.0	0.33357550176969636	0.23803384476671544	0.21926172055075663	0.44862209511954193	0.21463834122617978	0.22339267119785544	0.230774101456566	0.22813743044637103	1.0	0.2564152595321811	0.2615919782960099	0.22910358587015184	0.23156291037656185	0.20527524264546806	0.45633345161180267	0.3312697586201364	0.49764254135817115	1.0	0.2592959373113071	0.1878388360212376	0.24111950008041003	0.33303153775479827	0.21543588046337708	0.40155369998373264	0.7138596700813201	0.44404871359347103	0.2691163749349488	0.2951594086938942	1.0	0.25366764647738577	1.0	0.18668473647671965
hu	0.36363026335180804	0.374423856447287	1.0	0.32566275687847274	0.362501302612327	0.14328876175195732	0.36105747208753786	0.10896538740773397	0.14162086760537815	0.10661293766657709	0.13031880600296433	0.2564152595321811	1.0	0.26603214638120787	0.13101064562827933	0.1378218311729516	0.1431906753072825	0.5369483018910297	0.2668323932869488	0.3789073544123239	1.0	0.18335651366402592	0.1633791844467643	0.146822513651187	0.3454150294787805	0.12548635922705934	0.3436617886258947	0.7510341748895939	0.4900823640260864	0.24474968197329458	0.18957123968224104	1.0	0.17916688647518225	1.0	0.12083186678813357
id	0.6053783094413474	0.6144374891581419	1.0	0.5824886071894475	0.26057154355281814	0.22161436929592154	0.2553153834293951	0.2111920444913847	0.21684517433200243	0.22034375029371017	0.22213822027207877	0.2615919782960099	0.26603214638120787	1.0	0.21744454631227167	0.23774651201885177	0.22944497091103036	0.2874384141744984	0.34791515028981485	0.5983729985274896	1.0	0.2488501318261706	0.23196914650253347	0.18318813169180487	0.3775460047724948	0.22247687122643195	0.5428134137092527	0.7510341748895939	0.45982323807552355	0.313089942624219	0.2597668547844789	1.0	0.21594493155322783	1.0	0.20691955040240365
it	0.506973793050379	0.33460241282163217	1.0	0.31922228316625595	0.25212292618451526	0.08459306881341477	0.23233919868646535	0.06817198563267543	0.08033680668784123	0.0716729921343536	0.07911522876464228	0.22910358587015184	0.13101064562827933	0.21744454631227167	1.0	0.07739228326995871	0.09152804389462683	0.43416938025543833	0.25369782814736974	0.5157135926970584	1.0	0.12324161429715005	0.09811029595131279	0.07770793571828279	0.21126392764913043	0.07631744569091656	0.3132236005483431	0.7455134344225701	0.284549690395474	0.17737114217823002	0.12226124198392999	1.0	0.1578382456878834	1.0	0.07849080809222045
ja	0.33854425914698616	0.45078919608380574	1.0	0.3273206541289601	0.2862338004868668	0.0926583878034506	0.2945652230385348	0.06332907737460065	0.08638036531141474	0.07251036861300919	0.09245522507293487	0.23156291037656185	0.1378218311729516	0.23774651201885177	0.07739228326995871	1.0	0.09104540962961134	0.4374756828432412	0.25350272791612055	0.45832536660085454	1.0	0.12911870084066743	0.11073415734757042	0.09419240032786588	0.27970524086977516	0.0844173234928385	0.46942468191284525	0.7455134344225701	0.32687452148540386	0.21110130155902512	0.1385470419672964	1.0	0.18818812196329246	1.0	0.08308917143416929
ko	0.43045043949330997	0.29670807872404037	1.0	0.3206933099495936	0.21555769363296368	0.09227620298935257	0.35217045235348116	0.07696710313212793	0.09415242099773753	0.0749455559108764	0.10480378597434753	0.20527524264546806	0.1431906753072825	0.22944497091103036	0.09152804389462683	0.09104540962961134	1.0	0.31780376886932254	0.2816956163268075	0.4618164347852244	1.0	0.13155082095110235	0.12104784721751681	0.09939822862775025	0.23040399135584363	0.08781199599388712	0.3181951748087184	0.7455134344225701	0.3597194393017779	0.22180662088365963	0.16028331672577964	1.0	0.1696893189650184	1.0	0.08750172869022374
lv	0.8437559693317658	1.0	1.0	0.6135172533874084	0.5959186387543145	0.5066967186363367	0.5129848833787022	0.4466077869357391	0.4988852270620295	0.39146379562858896	0.394611720009951	0.45633345161180267	0.5369483018910297	0.2874384141744984	0.43416938025543833	0.4374756828432412	0.31780376886932254	1.0	0.3628082784840416	0.6688083895376623	1.0	0.5081534147589033	0.48774966252214663	0.4728056858666711	0.5615807088367775	0.43257933741019067	0.5462959814668122	0.7510341748895939	0.5298497940827903	0.49928058775930234	0.5392225599451643	1.0	0.34118046882020286	1.0	0.4681456973749639
mk	0.7584325078215763	0.35246661302730536	1.0	0.30375845840800675	0.6290073102059636	0.24797026688129728	0.6380724228221987	0.28336404056394376	0.2555458892357578	0.308239250664563	0.2501267431780997	0.3312697586201364	0.2668323932869488	0.34791515028981485	0.25369782814736974	0.25350272791612055	0.2816956163268075	0.3628082784840416	1.0	0.5800877694710678	1.0	0.2772539069359604	0.2686143431524441	0.26134069662837156	0.34606263215983396	0.24102970014283298	0.39900168124723373	0.4759947003899991	0.3852506214163189	0.3227732724309224	0.2586163633424737	1.0	0.23328774390677742	1.0	0.2173314187260482
ml	0.4440825068054273	0.7584325078215765	0.0	0.72653347084664	0.5936094640721441	0.5108501552489102	0.7211093634543723	0.4563789959898124	0.4472317024626928	0.5001781109911395	0.47925085901799647	0.49764254135817115	0.3789073544123239	0.5983729985274896	0.5157135926970584	0.45832536660085454	0.4618164347852244	0.6688083895376623	0.5800877694710678	1.0	1.0	0.5001781109911395	0.5001781109911395	0.5613158069542659	0.596758689454266	0.4563789959898124	1.0	0.6645255677228384	0.6035351769835379	0.5323851740560358	0.48701389509990484	1.0	0.5222809981813948	1.0	0.4687233208128275
mr	0.640699128495628	1.0	1.0	1.0	1.0	1.0	1.0	1.0	1.0	1.0	0.8216064286890065	1.0	1.0	1.0	1.0	1.0	1.0	1.0	1.0	1.0	1.0	1.0	1.0	1.0	1.0	1.0	1.0	1.0	1.0	1.0	1.0	1.0	0.8216064286890065	1.0	1.0
nl	0.34440681677023094	0.6845485002822447	1.0	0.33984242321687835	0.23305342581874722	0.12773107675349743	0.4016390827759606	0.10444180259602284	0.13016268641009662	0.10847828864732406	0.13969827792647993	0.2592959373113071	0.18335651366402592	0.2488501318261706	0.12324161429715005	0.12911870084066743	0.13155082095110235	0.5081534147589033	0.2772539069359604	0.5001781109911395	1.0	1.0	0.1820675666313713	0.12771283067370381	0.3050602851462276	0.11857599524224888	0.510755903543239	0.7455134344225701	0.3914594731483273	0.2741265404209252	0.19326882423778183	1.0	0.1722703137371634	1.0	0.11304728696088064
pl	0.4074218498093123	0.507093331764391	1.0	0.33526419858932494	0.21319850269862617	0.11323189174943579	0.2950508623234438	0.09491096211520371	0.10773982236056893	0.09752850303937108	0.10828085046907344	0.1878388360212376	0.1633791844467643	0.23196914650253347	0.09811029595131279	0.11073415734757042	0.12104784721751681	0.48774966252214663	0.2686143431524441	0.5001781109911395	1.0	0.1820675666313713	1.0	0.11430828066910922	0.23753146695372412	0.10219912175338859	0.33186500126770213	0.7455134344225701	0.29166748618759375	0.2378474504962397	0.19751652478127676	1.0	0.18805677633217882	1.0	0.10223864906409774
pt	0.4963876724625204	0.44593589523270244	1.0	0.330206811553364	0.21407427619177594	0.09510523205293785	0.2909915499989327	0.07350763246726022	0.07688791596602611	0.0775566452286621	0.09079415123605386	0.24111950008041003	0.146822513651187	0.18318813169180487	0.07770793571828279	0.09419240032786588	0.09939822862775025	0.4728056858666711	0.26134069662837156	0.5613158069542659	1.0	0.12771283067370381	0.11430828066910922	1.0	0.2438876417517808	0.0888794293336339	0.31483067497682526	0.7455134344225701	0.3258958825930698	0.21382317232526366	0.13141940661617113	1.0	0.1539540897249133	1.0	0.08474273095781949
ro	0.41163039608207025	0.565933207426236	1.0	0.3848164963073741	0.4336918016864844	0.27073232935431973	0.502048101151717	0.22962974119779353	0.2646624741386073	0.2284097986879746	0.2669843232462166	0.33303153775479827	0.3454150294787805	0.3775460047724948	0.21126392764913043	0.27970524086977516	0.23040399135584363	0.5615807088367775	0.34606263215983396	0.596758689454266	1.0	0.3050602851462276	0.23753146695372412	0.2438876417517808	1.0	0.23460366932724103	0.6221982196391783	0.7510341748895939	0.48590484377465376	0.3684366549891747	0.2833248694526431	1.0	0.23153531028364194	1.0	0.19523194196196053
ru	0.3885569688205778	0.3767336685786561	1.0	0.34027957850429325	0.27812878270210234	0.0763770303054126	0.2839362396142445	0.051944849947602525	0.07913088886782121	0.06386405320506225	0.09045681200013243	0.21543588046337708	0.12548635922705934	0.22247687122643195	0.07631744569091656	0.0844173234928385	0.08781199599388712	0.43257933741019067	0.24102970014283298	0.4563789959898124	1.0	0.11857599524224888	0.10219912175338859	0.0888794293336339	0.23460366932724103	1.0	0.3000752572488773	0.7455134344225701	0.3730837782255293	0.21786685491976357	0.14829470236780304	1.0	0.14881388478634994	1.0	0.07790649435087407
sh	0.4318525141527191	0.6044414021866646	1.0	0.72653347084664	0.6236815385159509	0.31567879173143065	0.3495803559238499	0.31201209605576463	0.3130816945532484	0.3230473101972558	0.31611392516787956	0.40155369998373264	0.3436617886258947	0.5428134137092527	0.3132236005483431	0.46942468191284525	0.3181951748087184	0.5462959814668122	0.39900168124723373	1.0	1.0	0.510755903543239	0.33186500126770213	0.31483067497682526	0.6221982196391783	0.3000752572488773	1.0	0.6698766910334878	0.5713528532857757	0.31611643272641476	0.4954492627999387	1.0	0.30154483067906634	1.0	0.2780178836646188
si	1.0	0.7584325078215763	0.0	1.0	0.6704675947063355	0.7455134344225701	1.0	0.7455134344225701	0.7455134344225701	0.7455134344225701	0.7455134344225701	0.7138596700813201	0.7510341748895939	0.7510341748895939	0.7455134344225701	0.7455134344225701	0.7455134344225701	0.7510341748895939	0.4759947003899991	0.6645255677228384	1.0	0.7455134344225701	0.7455134344225701	0.7455134344225701	0.7510341748895939	0.7455134344225701	0.6698766910334878	1.0	0.7690990303325336	0.6290128041382893	0.7510341748895939	1.0	0.7510341748895939	1.0	0.7455134344225701
simple	0.5563547873555302	0.41055547717987523	1.0	0.5332833930630667	0.4145377540201611	0.3620180913852348	0.5042776513379461	0.35623166577247606	0.27554872201167396	0.3698546827870085	0.32798446410619847	0.44404871359347103	0.4900823640260864	0.45982323807552355	0.284549690395474	0.32687452148540386	0.3597194393017779	0.5298497940827903	0.3852506214163189	0.6035351769835379	1.0	0.3914594731483273	0.29166748618759375	0.3258958825930698	0.48590484377465376	0.3730837782255293	0.5713528532857757	0.7690990303325336	1.0	0.49758626928786653	0.4438219815585805	1.0	0.2302536332677414	1.0	0.3285144379743679
sr	0.3724771780042817	0.46884323187999644	1.0	0.48155580287703986	0.37935517951140163	0.22375277988312595	0.4661473724606894	0.21531918513768572	0.2298424343876148	0.2085541154953766	0.20063660574265527	0.2691163749349488	0.24474968197329458	0.313089942624219	0.17737114217823002	0.21110130155902512	0.22180662088365963	0.49928058775930234	0.3227732724309224	0.5323851740560358	1.0	0.2741265404209252	0.2378474504962397	0.21382317232526366	0.3684366549891747	0.21786685491976357	0.31611643272641476	0.6290128041382893	0.49758626928786653	1.0	0.24275992074028444	1.0	0.22814140154766055	1.0	0.17804695284330066
sv	0.3319806038870056	0.48616254672950215	1.0	0.36359358715217177	0.26862857334396945	0.1637073978837547	0.3420239343466692	0.09985491876267537	0.14463814508454975	0.11972421932590267	0.1479396310108988	0.2951594086938942	0.18957123968224104	0.2597668547844789	0.12226124198392999	0.1385470419672964	0.16028331672577964	0.5392225599451643	0.2586163633424737	0.48701389509990484	1.0	0.19326882423778183	0.19751652478127676	0.13141940661617113	0.2833248694526431	0.14829470236780304	0.4954492627999387	0.7510341748895939	0.4438219815585805	0.24275992074028444	1.0	1.0	0.21566206607477917	1.0	0.11547556360684087
te	0.0	1.0	0.0	1.0	1.0	1.0	1.0	1.0	1.0	1.0	1.0	1.0	1.0	1.0	1.0	1.0	1.0	1.0	1.0	1.0	1.0	1.0	1.0	1.0	1.0	1.0	1.0	1.0	1.0	1.0	1.0	1.0	1.0	1.0	1.0
vi	0.33340841335528953	0.3051271219653515	1.0	0.3171846556926179	0.29425589327284146	0.15969672597348752	0.2795219137361209	0.1103792615702072	0.1539363981735621	0.13329254881212652	0.18515837327211307	0.25366764647738577	0.17916688647518225	0.21594493155322783	0.1578382456878834	0.18818812196329246	0.1696893189650184	0.34118046882020286	0.23328774390677742	0.5222809981813948	0.8216064286890065	0.1722703137371634	0.18805677633217882	0.1539540897249133	0.23153531028364194	0.14881388478634994	0.30154483067906634	0.7510341748895939	0.2302536332677414	0.22814140154766055	0.21566206607477917	1.0	1.0	1.0	0.12976850462278025
war	1.0	1.0	0.0	1.0	1.0	1.0	1.0	1.0	1.0	1.0	1.0	1.0	1.0	1.0	1.0	1.0	1.0	1.0	1.0	1.0	1.0	1.0	1.0	1.0	1.0	1.0	1.0	1.0	1.0	1.0	1.0	1.0	1.0	1.0	1.0
zh	0.41679239998169026	0.27575160649488967	1.0	0.33914822434072717	0.28398849042073093	0.08760880434807887	0.2785107860569871	0.0704223996695354	0.08407415991532176	0.07174119381080739	0.08744679656186395	0.18668473647671965	0.12083186678813357	0.20691955040240365	0.07849080809222045	0.08308917143416929	0.08750172869022374	0.4681456973749639	0.2173314187260482	0.4687233208128275	1.0	0.11304728696088064	0.10223864906409774	0.08474273095781949	0.19523194196196053	0.07790649435087407	0.2780178836646188	0.7455134344225701	0.3285144379743679	0.17804695284330066	0.11547556360684087	1.0	0.12976850462278025	1.0	1.0
