arz	bs	ceb	ckb	da	de	el	en	es	fr	he	hi	hu	id	it	ja	ko	lv	mk	ml	mr	nl	pl	pt	ro	ru	sh	si	simple	sr	sv	te	vi	war	zh
arz	1.0	0.3655552058734977	1.0	1.0	0.35561609483330936	0.5980051856143439	1.0	0.23524361872059346	0.5821956524078241	0.4190969019481044	1.0	1.0	0.38851408933587916	0.48766396791895716	0.33975896002533185	1.0	1.0	0.7248485669756152	1.0	1.0	1.0	0.5091866185415498	0.6516190090474592	0.43202820163882194	0.38512480302800167	1.0	0.24837197645754858	1.0	0.4790453821727929	1.0	0.28650403596804735	1.0	0.4642954572830354	0.7221793916855703	1.0
bs	0.3655552058734977	1.0	0.4363347495831888	0.7347168825662657	0.15533982857823453	0.27224750041049983	0.28725223902795066	0.24416001917608782	0.2661810293875169	0.24667933203803488	0.30693667695193716	0.4189523008404937	0.2883840841450973	0.27659910391818254	0.18868757526038027	0.28292476228952645	0.3013797586210457	0.32226032302224694	0.3441528351530082	0.4504498149325213	0.5389828456734741	0.2786889316162722	0.2612708164568191	0.2784234039923508	0.28306520720396355	0.2763167693160655	0.24153666603220508	1.0	0.29738272344410277	0.2803383210146004	0.24732019301093208	1.0	0.33241468738104923	0.4202821595159718	0.2763167693160655
ceb	1.0	0.4363347495831888	1.0	1.0	0.1948911916678358	0.2551316441741098	1.0	0.12035153039753614	0.20456784615273502	0.161865543165082	1.0	1.0	0.15434925774974856	0.21281841428256845	0.1363763582547592	1.0	1.0	0.5517521910089713	1.0	1.0	1.0	0.22775247222080441	0.24723949228927947	0.1914955395528543	0.2558539265838438	0.6912453074616124	0.2692912533893977	1.0	0.49826781566119377	1.0	0.1645838807572208	1.0	0.28207468357586263	1.0	1.0
ckb	1.0	0.7347168825662657	1.0	1.0	0.5885918394673357	0.7162976956558116	1.0	0.625246337208043	0.6475250169846578	0.6750254037056732	1.0	1.0	0.6532002319725722	0.5689913289739431	0.6487871090048528	1.0	1.0	0.726387596483245	1.0	1.0	1.0	0.7189258117174852	0.6143589292419388	0.6487871090048528	0.7210092110599264	1.0	0.7248485669756152	1.0	1.0	1.0	0.5129155880924211	1.0	0.7221793916855703	1.0	1.0
da	0.35561609483330936	0.15533982857823453	0.1948911916678358	0.5885918394673357	1.0	0.12226292418285246	0.15387547427907722	0.09506322725306297	0.12057332926761145	0.10691760745121552	0.137003815118122	0.18079373850711658	0.10953412460645347	0.1220848882101915	0.1051674164551507	0.14105729849698426	0.1529329131849269	0.16684863456385998	0.22672931602843424	0.1761563076333726	0.3167186077822026	0.1119569797969594	0.11832815654572519	0.11538684586452232	0.12985224344241858	0.13108852940074225	0.11085594781259125	0.6110569957520273	0.15933299491530617	0.15654878247291468	0.11403088168398447	0.5329145214507353	0.12317092053321452	0.24061854153404952	0.13502846948237254
de	0.5980051856143439	0.27224750041049983	0.2551316441741098	0.7162976956558116	0.12226292418285246	1.0	0.2227943797489658	0.0552868425719994	0.06859914668791617	0.05392584143857883	0.19794912777241844	0.5400396776982149	0.09213709691653368	0.0909535969503592	0.05854313132836572	0.19004932372465408	0.2861068253647702	0.38088754936158675	0.5367673319475377	0.5135931104884868	0.5903211505754851	0.07268898845374486	0.08063013200518979	0.06845468863979727	0.1171806591663316	0.10736786766314842	0.09253841759190576	1.0	0.21480047184292753	0.25491765862668037	0.07170571862496466	0.7199285383279772	0.11117446193967612	0.5423019716846573	0.15185216058256149
el	1.0	0.28725223902795066	1.0	1.0	0.15387547427907722	0.2227943797489658	1.0	0.1013852255044467	0.15612897762390335	0.12033610349586289	1.0	1.0	0.1388181317983328	0.1531393947158225	0.1131088353801204	1.0	1.0	0.4423428553774955	1.0	1.0	1.0	0.1686684589205912	0.1648566550851307	0.1418702868494869	0.1582905145824695	0.6877137413724042	0.14622960466274254	1.0	0.22464825065638194	0.6926859289439793	0.14069439644310153	1.0	0.1991683653253488	1.0	1.0
en	0.23524361872059346	0.24416001917608782	0.12035153039753614	0.625246337208043	0.09506322725306297	0.0552868425719994	0.1013852255044467	1.0	0.06263699365269793	0.05309910432430284	0.09796967337931187	0.2315000748613577	0.07461822594472962	0.07609091317620913	0.0575618444473883	0.09617038359910157	0.10321215703148051	0.2164158991379138	0.16254874209535422	0.18650114058960782	0.5341700335076339	0.06250125822817375	0.06753658997138298	0.06033161522553946	0.09371427767109418	0.08915338867487307	0.07242008787625596	1.0	0.1294689237642183	0.10676898418435257	0.06450573778871638	0.5077529256209368	0.0875475357600662	0.2571266426846546	0.09521437013802823
es	0.5821956524078241	0.2661810293875169	0.20456784615273502	0.6475250169846578	0.12057332926761145	0.06859914668791617	0.15612897762390335	0.06263699365269793	1.0	0.05984620551828199	0.16679239563504122	0.31637836356012006	0.09033481077989673	0.09304932478094947	0.06025679277595598	0.14944097457329344	0.21273209875849444	0.3021010255029881	0.30040448563590744	0.42006753729908247	0.7079259635809065	0.07497269409259498	0.07919754328914852	0.07137491081834824	0.11632716673762243	0.1105352571448393	0.0873358965038149	1.0	0.2046500201705243	0.20085297616630396	0.07917652139716767	1.0	0.11308252444488934	0.36608297190224737	0.15895510658983628
fr	0.4190969019481044	0.24667933203803488	0.161865543165082	0.6750254037056732	0.10691760745121552	0.05392584143857883	0.12033610349586289	0.05309910432430284	0.05984620551828199	1.0	0.10462028174160976	0.260638761688574	0.0796512565806857	0.07259411628197193	0.05365246018807143	0.10185028064514215	0.12794181578772604	0.23988159749667276	0.2472244235292537	0.30443918013060056	0.3869890028979519	0.0606640812212452	0.06294665670140434	0.061453921862116644	0.10222096199479583	0.0729549844319136	0.07575556401185804	1.0	0.17317612628394224	0.13107379744397224	0.06380314297231628	0.4995943057228088	0.09940986586815938	0.33328225129183353	0.10408690098580789
he	1.0	0.30693667695193716	1.0	1.0	0.137003815118122	0.19794912777241844	1.0	0.09796967337931187	0.16679239563504122	0.10462028174160976	1.0	1.0	0.11441754739252592	0.14741240398936603	0.09279412087475249	1.0	1.0	0.41316026838295894	1.0	1.0	1.0	0.1415654144803978	0.1413753873479027	0.13070184223706383	0.14299027919273707	1.0	0.13166978755929187	1.0	0.19857490990065152	0.6133263652383122	0.12803109022823658	1.0	0.14171583794572817	0.702644595566344	1.0
hi	1.0	0.4189523008404937	1.0	1.0	0.18079373850711658	0.5400396776982149	1.0	0.2315000748613577	0.31637836356012006	0.260638761688574	1.0	1.0	0.24912953569964605	0.3192313591820867	0.2502230868240509	1.0	1.0	0.4902766649173755	1.0	1.0	1.0	0.3622484778783552	0.3400264986003867	0.28883143960754815	0.2757862285880347	1.0	0.2585908796926163	1.0	0.44738474034476705	0.7014961547481128	0.3397932497001232	1.0	0.27473146567328943	1.0	1.0
hu	0.38851408933587916	0.2883840841450973	0.15434925774974856	0.6532002319725722	0.10953412460645347	0.09213709691653368	0.1388181317983328	0.07461822594472962	0.09033481077989673	0.0796512565806857	0.11441754739252592	0.24912953569964605	1.0	0.09581774552617146	0.074758999793317	0.1030557584187472	0.149324815396654	0.2523491895360189	0.2361142364150546	0.2698517670634892	0.5015330069411187	0.08833577971430814	0.09286652683696132	0.08433046987556357	0.10807389473943356	0.10431712656436459	0.08896266703870916	0.6667969795412325	0.19613775183656917	0.14200973495514244	0.0864776001105789	0.6189014223491324	0.11570917957042225	0.23841785183558117	0.11110202670549954
id	0.48766396791895716	0.27659910391818254	0.21281841428256845	0.5689913289739431	0.1220848882101915	0.0909535969503592	0.1531393947158225	0.07609091317620913	0.09304932478094947	0.07259411628197193	0.14741240398936603	0.3192313591820867	0.09581774552617146	1.0	0.07510566677351772	0.11673003741086635	0.18088548336856455	0.2813033384966464	0.27624100147878244	0.3099623996496852	0.4925770556948515	0.10221041985218132	0.10165099399396564	0.08640567546423802	0.11758848439626207	0.10871564139121857	0.10977154037943318	0.6667969795412325	0.2042727960448862	0.15271110686888695	0.09312412174173415	0.728099120889861	0.12539146337883877	0.29410854444844653	0.1215171716793078
it	0.33975896002533185	0.18868757526038027	0.1363763582547592	0.6487871090048528	0.1051674164551507	0.05854313132836572	0.1131088353801204	0.0575618444473883	0.06025679277595598	0.05365246018807143	0.09279412087475249	0.2502230868240509	0.074758999793317	0.07510566677351772	1.0	0.09014446691412223	0.131857344648651	0.24612724424440877	0.1769659777448753	0.2539179694620335	0.4184970635124218	0.06157387799508971	0.06481432629986518	0.05954651922493479	0.10190876583764193	0.0724550686247396	0.07093406214761308	1.0	0.1633107931533216	0.11289698819389554	0.06188576678136385	0.6254303192325079	0.10103176811806394	0.3230413453538045	0.09717466428950873
ja	1.0	0.28292476228952645	1.0	1.0	0.14105729849698426	0.19004932372465408	1.0	0.09617038359910157	0.14944097457329344	0.10185028064514215	1.0	1.0	0.1030557584187472	0.11673003741086635	0.09014446691412223	1.0	1.0	0.4125928157664169	1.0	1.0	1.0	0.13370344999546188	0.133738065007976	0.11470623721002404	0.13240573263097344	0.6857732016127275	0.12693338375010985	1.0	0.20314698779991697	0.6131849866518172	0.11439570593115238	1.0	0.1417604064025152	0.702169013559907	1.0
ko	1.0	0.3013797586210457	1.0	1.0	0.1529329131849269	0.2861068253647702	1.0	0.10321215703148051	0.21273209875849444	0.12794181578772604	1.0	1.0	0.149324815396654	0.18088548336856455	0.131857344648651	1.0	1.0	0.43224342659132226	1.0	1.0	1.0	0.17682337800346587	0.191941330686587	0.16822880815483846	0.1415468420794312	1.0	0.15489375979505032	1.0	0.25938001714164816	0.6157218703772435	0.1366562252163056	1.0	0.17296516431111691	1.0	1.0
lv	0.7248485669756152	0.32226032302224694	0.5517521910089713	0.726387596483245	0.16684863456385998	0.38088754936158675	0.4423428553774955	0.2164158991379138	0.3021010255029881	0.23988159749667276	0.41316026838295894	0.4902766649173755	0.2523491895360189	0.2813033384966464	0.24612724424440877	0.4125928157664169	0.43224342659132226	1.0	0.5302474751823166	0.48183233682135035	1.0	0.3185314239284329	0.3179040191430405	0.26129648434421987	0.2804317410549532	0.4028398353240591	0.2148255962133346	1.0	0.34805309550341135	0.4268053436785454	0.2911726575265801	1.0	0.28932376355666545	0.5390848509186266	0.4125928157664169
mk	1.0	0.3441528351530082	1.0	1.0	0.22672931602843424	0.5367673319475377	1.0	0.16254874209535422	0.30040448563590744	0.2472244235292537	1.0	1.0	0.2361142364150546	0.27624100147878244	0.1769659777448753	1.0	1.0	0.5302474751823166	1.0	1.0	1.0	0.34650166653360687	0.32359263016085765	0.29248485901764304	0.2555155543571294	1.0	0.3710444347947524	1.0	0.43814948847702795	1.0	0.3464779614042396	1.0	0.34081398159115156	1.0	1.0
ml	1.0	0.4504498149325213	1.0	1.0	0.1761563076333726	0.5135931104884868	1.0	0.18650114058960782	0.42006753729908247	0.30443918013060056	1.0	1.0	0.2698517670634892	0.3099623996496852	0.2539179694620335	1.0	1.0	0.48183233682135035	1.0	1.0	1.0	0.32063257568708425	0.3615279564647747	0.3220364664364116	0.2405332615391014	1.0	0.195073143462448	1.0	0.4193254325303549	1.0	0.3019434591231064	1.0	0.25830519600529595	1.0	1.0
mr	1.0	0.5389828456734741	1.0	1.0	0.3167186077822026	0.5903211505754851	1.0	0.5341700335076339	0.7079259635809065	0.3869890028979519	1.0	1.0	0.5015330069411187	0.4925770556948515	0.4184970635124218	1.0	1.0	1.0	1.0	1.0	1.0	0.5379827973379059	0.6364353709769034	0.5917196795904757	0.2802477179816604	1.0	0.5126606007955509	1.0	0.4779385768748673	1.0	0.33850983784125166	1.0	0.46361477121461847	1.0	1.0
nl	0.5091866185415498	0.2786889316162722	0.22775247222080441	0.7189258117174852	0.1119569797969594	0.07268898845374486	0.1686684589205912	0.06250125822817375	0.07497269409259498	0.0606640812212452	0.1415654144803978	0.3622484778783552	0.08833577971430814	0.10221041985218132	0.06157387799508971	0.13370344999546188	0.17682337800346587	0.3185314239284329	0.34650166653360687	0.32063257568708425	0.5379827973379059	1.0	0.0768529509620594	0.07226586387152617	0.11366322461983261	0.09233819950601929	0.08696612186813525	0.728099120889861	0.19431339234908002	0.175810591201384	0.0751163480551849	0.7234532828151787	0.10752360564901332	0.41324792516436526	0.12671970063801388
pl	0.6516190090474592	0.2612708164568191	0.24723949228927947	0.6143589292419388	0.11832815654572519	0.08063013200518979	0.1648566550851307	0.06753658997138298	0.07919754328914852	0.06294665670140434	0.1413753873479027	0.3400264986003867	0.09286652683696132	0.10165099399396564	0.06481432629986518	0.133738065007976	0.191941330686587	0.3179040191430405	0.32359263016085765	0.3615279564647747	0.6364353709769034	0.0768529509620594	1.0	0.08248311944640108	0.11551206109866989	0.09579617394911018	0.09136916485877332	0.7263875964832448	0.21264552043329715	0.18951328324754482	0.07761769004477365	1.0	0.11281360342276547	0.3832228889972694	0.15104295497661052
pt	0.43202820163882194	0.2784234039923508	0.1914955395528543	0.6487871090048528	0.11538684586452232	0.06845468863979727	0.1418702868494869	0.06033161522553946	0.07137491081834824	0.061453921862116644	0.13070184223706383	0.28883143960754815	0.08433046987556357	0.08640567546423802	0.05954651922493479	0.11470623721002404	0.16822880815483846	0.26129648434421987	0.29248485901764304	0.3220364664364116	0.5917196795904757	0.07226586387152617	0.08248311944640108	1.0	0.11010335982023713	0.08905038983145394	0.08989640569879581	1.0	0.17556584989219604	0.15003160199466636	0.07005176834462772	1.0	0.10258784403177192	0.305717289830193	0.12641031288121923
ro	0.38512480302800167	0.28306520720396355	0.2558539265838438	0.7210092110599264	0.12985224344241858	0.1171806591663316	0.1582905145824695	0.09371427767109418	0.11632716673762243	0.10222096199479583	0.14299027919273707	0.2757862285880347	0.10807389473943356	0.11758848439626207	0.10190876583764193	0.13240573263097344	0.1415468420794312	0.2804317410549532	0.2555155543571294	0.2405332615391014	0.2802477179816604	0.11366322461983261	0.11551206109866989	0.11010335982023713	1.0	0.12065249630426203	0.12331414304086377	1.0	0.20416130232947902	0.15887149621468832	0.10757378673798364	0.7942219112853847	0.14506108333010218	0.268819698041363	0.13461327024815486
ru	1.0	0.2763167693160655	0.6912453074616124	1.0	0.13108852940074225	0.10736786766314842	0.6877137413724042	0.08915338867487307	0.1105352571448393	0.0729549844319136	1.0	1.0	0.10431712656436459	0.10871564139121857	0.0724550686247396	0.6857732016127275	1.0	0.4028398353240591	1.0	1.0	1.0	0.09233819950601929	0.09579617394911018	0.08905038983145394	0.12065249630426203	1.0	0.10396365912475573	1.0	0.21484455825439439	0.6109092988072496	0.09331351179267117	1.0	0.12962669705007246	0.7014961547481128	1.0
sh	0.24837197645754858	0.24153666603220508	0.2692912533893977	0.7248485669756152	0.11085594781259125	0.09253841759190576	0.14622960466274254	0.07242008787625596	0.0873358965038149	0.07575556401185804	0.13166978755929187	0.2585908796926163	0.08896266703870916	0.10977154037943318	0.07093406214761308	0.12693338375010985	0.15489375979505032	0.2148255962133346	0.3710444347947524	0.195073143462448	0.5126606007955509	0.08696612186813525	0.09136916485877332	0.08989640569879581	0.12331414304086377	0.10396365912475573	1.0	0.728099120889861	0.17350908606931623	0.13723045951652457	0.08527746491046322	1.0	0.12465425739619998	0.2426378312838945	0.1218966954558868
si	1.0	1.0	1.0	1.0	0.6110569957520273	1.0	1.0	1.0	1.0	1.0	1.0	1.0	0.6667969795412325	0.6667969795412325	1.0	1.0	1.0	1.0	1.0	1.0	1.0	0.728099120889861	0.7263875964832448	1.0	1.0	1.0	0.728099120889861	1.0	0.7347168825662656	1.0	0.728099120889861	1.0	1.0	1.0	1.0
simple	0.4790453821727929	0.29738272344410277	0.49826781566119377	1.0	0.15933299491530617	0.21480047184292753	0.22464825065638194	0.1294689237642183	0.2046500201705243	0.17317612628394224	0.19857490990065152	0.44738474034476705	0.19613775183656917	0.2042727960448862	0.1633107931533216	0.20314698779991697	0.25938001714164816	0.34805309550341135	0.43814948847702795	0.4193254325303549	0.4779385768748673	0.19431339234908002	0.21264552043329715	0.17556584989219604	0.20416130232947902	0.21484455825439439	0.17350908606931623	0.7347168825662656	1.0	0.2940620983280187	0.1861649802010074	1.0	0.2049157411006915	0.36147479171030256	0.25938389809738704
sr	1.0	0.2803383210146004	1.0	1.0	0.15654878247291468	0.25491765862668037	0.6926859289439793	0.10676898418435257	0.20085297616630396	0.13107379744397224	0.6133263652383122	0.7014961547481128	0.14200973495514244	0.15271110686888695	0.11289698819389554	0.6131849866518172	0.6157218703772435	0.4268053436785454	1.0	1.0	1.0	0.175810591201384	0.18951328324754482	0.15003160199466636	0.15887149621468832	0.6109092988072496	0.13723045951652457	1.0	0.2940620983280187	1.0	0.16522036332743545	1.0	0.22147742735936063	0.7026445955663441	0.6129098098439165
sv	0.28650403596804735	0.24732019301093208	0.1645838807572208	0.5129155880924211	0.11403088168398447	0.07170571862496466	0.14069439644310153	0.06450573778871638	0.07917652139716767	0.06380314297231628	0.12803109022823658	0.3397932497001232	0.0864776001105789	0.09312412174173415	0.06188576678136385	0.11439570593115238	0.1366562252163056	0.2911726575265801	0.3464779614042396	0.3019434591231064	0.33850983784125166	0.0751163480551849	0.07761769004477365	0.07005176834462772	0.10757378673798364	0.09331351179267117	0.08527746491046322	0.728099120889861	0.1861649802010074	0.16522036332743545	1.0	0.6638546162332061	0.11010551024918931	0.3634766201862173	0.12640882323753377
te	1.0	1.0	1.0	1.0	0.5329145214507353	0.7199285383279772	1.0	0.5077529256209368	1.0	0.4995943057228088	1.0	1.0	0.6189014223491324	0.728099120889861	0.6254303192325079	1.0	1.0	1.0	1.0	1.0	1.0	0.7234532828151787	1.0	1.0	0.7942219112853847	1.0	1.0	1.0	1.0	1.0	0.6638546162332061	1.0	0.6144532717435797	1.0	1.0
vi	0.4642954572830354	0.33241468738104923	0.28207468357586263	0.7221793916855703	0.12317092053321452	0.11117446193967612	0.1991683653253488	0.0875475357600662	0.11308252444488934	0.09940986586815938	0.14171583794572817	0.27473146567328943	0.11570917957042225	0.12539146337883877	0.10103176811806394	0.1417604064025152	0.17296516431111691	0.28932376355666545	0.34081398159115156	0.25830519600529595	0.46361477121461847	0.10752360564901332	0.11281360342276547	0.10258784403177192	0.14506108333010218	0.12962669705007246	0.12465425739619998	1.0	0.2049157411006915	0.22147742735936063	0.11010551024918931	0.6144532717435797	1.0	0.388986816062829	0.16850861494877228
war	0.7221793916855703	0.4202821595159718	1.0	1.0	0.24061854153404952	0.5423019716846573	1.0	0.2571266426846546	0.36608297190224737	0.33328225129183353	0.702644595566344	1.0	0.23841785183558117	0.29410854444844653	0.3230413453538045	0.702169013559907	1.0	0.5390848509186266	1.0	1.0	1.0	0.41324792516436526	0.3832228889972694	0.305717289830193	0.268819698041363	0.7014961547481128	0.2426378312838945	1.0	0.36147479171030256	0.7026445955663441	0.3634766201862173	1.0	0.388986816062829	1.0	0.7019395434758625
zh	1.0	0.2763167693160655	1.0	1.0	0.13502846948237254	0.15185216058256149	1.0	0.09521437013802823	0.15895510658983628	0.10408690098580789	1.0	1.0	0.11110202670549954	0.1215171716793078	0.09717466428950873	1.0	1.0	0.4125928157664169	1.0	1.0	1.0	0.12671970063801388	0.15104295497661052	0.12641031288121923	0.13461327024815486	1.0	0.1218966954558868	1.0	0.25938389809738704	0.6129098098439165	0.12640882323753377	1.0	0.16850861494877228	0.7019395434758625	1.0
