arz	bs	ceb	ckb	da	de	el	en	es	fr	he	hi	hu	id	it	ja	ko	lv	mk	ml	mr	nl	pl	pt	ro	ru	sh	si	simple	sr	sv	te	vi	war	zh
arz	1.0	1.0	0.0	0.0	1.0	1.0	1.0	0.7584325078215763	1.0	0.0	1.0	0.0	1.0	1.0	1.0	1.0	1.0	1.0	1.0	0.0	0.0	0.7690990303325336	1.0	1.0	0.6972954930026792	1.0	1.0	0.0	1.0	1.0	1.0	0.0	1.0	0.0	0.7584325078215763
bs	1.0	1.0	0.0	1.0	0.7361412429601099	0.7361412429601099	0.66014124328429	0.46301531206259994	0.5104502458749807	0.0	0.741517517361894	1.0	0.8216064286890065	0.6641870607291612	0.5594156301331136	0.7736380840876088	0.7361412429601099	0.7370499628693187	0.7736380840876088	0.5084267432279024	1.0	0.7361412429601099	0.6167577958869003	0.701523592077019	0.7328496969175289	0.6572402114540701	0.7361412429601099	1.0	0.7736380840876088	0.7736380840876088	0.7361412429601099	1.0	0.8216064286890065	0.7361412429601099	0.6554354222894176
ceb	0.0	0.0	1.0	0.0	1.0	1.0	1.0	1.0	1.0	0.0	1.0	0.0	0.0	0.0	1.0	1.0	1.0	1.0	0.0	0.0	0.0	1.0	1.0	1.0	1.0	1.0	1.0	0.0	0.0	0.0	1.0	0.0	1.0	0.0	1.0
ckb	0.0	1.0	0.0	1.0	1.0	1.0	1.0	0.4695960115558277	1.0	0.0	1.0	1.0	1.0	1.0	1.0	1.0	1.0	1.0	1.0	0.5660160774121898	1.0	1.0	1.0	1.0	0.5660160774121898	1.0	1.0	1.0	1.0	1.0	1.0	1.0	1.0	1.0	1.0
da	1.0	0.7361412429601099	1.0	1.0	1.0	0.29485509634635615	0.46836268813418347	0.13864736057413107	0.2369308199647877	0.0	0.44150328691520585	1.0	0.47108291316420686	0.4835844797507096	0.25145248001937837	0.23716707122492328	0.4549788532068316	0.461909623188912	0.7322034805959264	0.5350011098088305	1.0	0.23739860544465338	0.27526928557124364	0.288629017293705	0.2578917186610165	0.19856874313093953	0.49017090945614383	1.0	0.68703359906731	0.5259691489054468	0.16177643302114011	1.0	0.3855986834341944	0.7584325078215763	0.24386543555975582
de	1.0	0.7361412429601099	1.0	1.0	0.29485509634635615	1.0	0.21405362095734612	0.058028056141266854	0.11251670768719935	0.0	0.23357207483707726	1.0	0.3964017482051784	0.2835855896004921	0.07416803656210906	0.1362091994926887	0.5244998928451271	0.3493865612540121	0.718925811717485	0.26341644370178435	1.0	0.09563126542603806	0.09775063707945743	0.14146765749621473	0.23933861986490496	0.07518015696694703	0.37490720301698505	1.0	0.6398385892358057	0.40022871775129254	0.14256812109430414	1.0	0.3176728230584456	1.0	0.17394972033467848
el	1.0	0.66014124328429	1.0	1.0	0.46836268813418347	0.21405362095734612	1.0	0.09813760682096788	0.14563989426932478	0.0	0.2587991987175785	1.0	0.5625259894310393	0.26541503514290005	0.1382297660261974	0.22095907834822145	0.4769588519496018	0.36689094127894634	0.5155005111128071	0.4033380819027505	1.0	0.1747192823151837	0.15180494915727996	0.19693837232058603	0.23643008156482107	0.13318373249646354	0.42171591621141324	1.0	0.5028059987699194	0.5003549289875485	0.23900662997181382	1.0	0.3512483060731005	1.0	0.21709578846658723
en	0.7584325078215763	0.46301531206259994	1.0	0.4695960115558277	0.13864736057413107	0.058028056141266854	0.09813760682096788	1.0	0.045361205121239395	0.6069108615366313	0.1147078087142091	0.5464415361010273	0.20900514711364998	0.14811464797610616	0.033108983334588074	0.08344835234326262	0.32074965996883714	0.17888474540872365	0.43595084988172694	0.08126049531933342	1.0	0.047019302774957986	0.04179752731024115	0.050848329756195736	0.10308454985937279	0.042983516393536404	0.17943077640350125	1.0	0.24309112140050576	0.2525273904181878	0.06987849876576496	1.0	0.20314271371730303	0.7411828468492556	0.08840914776974633
es	1.0	0.5104502458749807	1.0	1.0	0.2369308199647877	0.11251670768719935	0.14563989426932478	0.045361205121239395	1.0	1.0	0.22314800693600428	0.7347168825662656	0.3517728786392617	0.2201378153929402	0.04181791414364431	0.12479213827397455	0.611333957953827	0.3157109083380675	0.55784917165614	0.14741383250709766	1.0	0.0774530280718603	0.05356234921347398	0.08202415849250509	0.225967027927625	0.061882003581632296	0.33036292627507	1.0	0.4065386506601548	0.3474294735248193	0.11223690026406384	1.0	0.2880621568298963	1.0	0.1255135099263298
fr	0.0	0.0	0.0	0.0	0.0	0.0	0.0	0.6069108615366313	1.0	1.0	0.0	0.0	0.0	0.0	0.726387596483245	0.0	0.0	0.0	0.0	0.0	0.0	1.0	1.0	1.0	0.0	1.0	0.0	0.0	0.0	0.0	0.0	0.0	0.0	0.0	1.0
he	1.0	0.741517517361894	1.0	1.0	0.44150328691520585	0.23357207483707726	0.2587991987175785	0.1147078087142091	0.22314800693600428	0.0	1.0	1.0	0.5096757884126759	0.29502961143432055	0.1441775011452297	0.2164736436047755	0.4957837909347809	0.49058346462629127	1.0	0.3524262350865724	1.0	0.22629636548395762	0.17522757018463658	0.17075334548838317	0.1743365308269815	0.14258687771750647	0.3614828458903736	1.0	0.49175598627374423	0.4217291634213839	0.21616885911232897	1.0	0.3699971446510346	1.0	0.1898070915375934
hi	0.0	1.0	0.0	1.0	1.0	1.0	1.0	0.5464415361010273	0.7347168825662656	0.0	1.0	1.0	1.0	1.0	0.7322034805959263	0.7584325078215763	1.0	1.0	1.0	0.5660160774121898	1.0	1.0	1.0	1.0	1.0	0.7322034805959263	1.0	1.0	1.0	1.0	1.0	1.0	1.0	1.0	1.0
hu	1.0	0.8216064286890065	0.0	1.0	0.47108291316420686	0.3964017482051784	0.5625259894310393	0.20900514711364998	0.3517728786392617	0.0	0.5096757884126759	1.0	1.0	0.6908587525207897	0.3196159893476789	0.45942321635732386	0.7263875964832448	1.0	0.7510341748895939	0.3373577482939998	1.0	0.32538779374119625	0.3433543919530145	0.4513412782249855	0.3313458487502267	0.24756680002133277	0.6549329476340925	1.0	1.0	0.7411828468492556	0.3738374734160095	1.0	0.8123994194805472	1.0	0.37973847242852127
id	1.0	0.6641870607291612	0.0	1.0	0.4835844797507096	0.2835855896004921	0.26541503514290005	0.14811464797610616	0.2201378153929402	0.0	0.29502961143432055	1.0	0.6908587525207897	1.0	0.2170048539182335	0.22939088998045953	0.6503071987762021	0.37594635473391547	0.6380732827477678	0.26732756514319533	1.0	0.26417546138328246	0.21653750066146202	0.209912841934584	0.3617713788170898	0.20851046497327005	0.4078633956723946	1.0	0.43924101961786816	0.3394579468185781	0.2728643320865161	1.0	0.292410176872891	0.6983438190355966	0.22121179534910473
it	1.0	0.5594156301331136	1.0	1.0	0.25145248001937837	0.07416803656210906	0.1382297660261974	0.033108983334588074	0.04181791414364431	0.726387596483245	0.1441775011452297	0.7322034805959263	0.3196159893476789	0.2170048539182335	1.0	0.10915533247083724	0.5429090744271114	0.2731841379623526	0.553485390191018	0.11612497767552307	1.0	0.058175295949229426	0.04352392228857617	0.06822681834953609	0.1851306648426547	0.045584754707076285	0.25791894542141036	1.0	0.448722190212195	0.3185016831973408	0.10542661563744735	1.0	0.2663409077171227	1.0	0.11372290771340975
ja	1.0	0.7736380840876088	1.0	1.0	0.23716707122492328	0.1362091994926887	0.22095907834822145	0.08344835234326262	0.12479213827397455	0.0	0.2164736436047755	0.7584325078215763	0.45942321635732386	0.22939088998045953	0.10915533247083724	1.0	0.3648601280160966	0.2922034459431574	0.5002643419761721	0.2459033970065568	1.0	0.11677221566623404	0.12396354642055933	0.1270106109235819	0.203763088329291	0.1015356326124609	0.34731246828439755	1.0	0.3933797378775779	0.41609776733150894	0.1559717181472806	1.0	0.24880271677808893	1.0	0.13161344185880114
ko	1.0	0.7361412429601099	1.0	1.0	0.4549788532068316	0.5244998928451271	0.4769588519496018	0.32074965996883714	0.611333957953827	0.0	0.4957837909347809	1.0	0.7263875964832448	0.6503071987762021	0.5429090744271114	0.3648601280160966	1.0	0.7210092110599264	1.0	0.3985371830837068	1.0	0.4700026743254014	0.4799122029187329	0.3379565027677981	0.30569919608817536	0.35073825326104413	1.0	1.0	0.6421409926345867	0.6147632118628419	0.45085943383785415	1.0	0.4526150641713901	1.0	0.3832139931843792
lv	1.0	0.7370499628693187	1.0	1.0	0.461909623188912	0.3493865612540121	0.36689094127894634	0.17888474540872365	0.3157109083380675	0.0	0.49058346462629127	1.0	1.0	0.37594635473391547	0.2731841379623526	0.2922034459431574	0.7210092110599264	1.0	0.6049963408257748	0.5936460449611882	1.0	0.323843621854333	0.31918798027927164	0.37867050617372183	0.24712900417834682	0.17697899101794523	0.5497405758583841	1.0	0.718925811717485	0.5315059200633128	0.31296214496470726	1.0	0.5882745708346903	1.0	0.2361540411174458
mk	1.0	0.7736380840876088	0.0	1.0	0.7322034805959264	0.718925811717485	0.5155005111128071	0.43595084988172694	0.55784917165614	0.0	1.0	1.0	0.7510341748895939	0.6380732827477678	0.553485390191018	0.5002643419761721	1.0	0.6049963408257748	1.0	0.44930756545688116	1.0	0.5921593538295751	0.5007085855940586	1.0	0.5883273321497463	0.5321023621033845	1.0	1.0	1.0	1.0	0.5293441005781199	1.0	0.7376607345031152	1.0	0.5288926227441266
ml	0.0	0.5084267432279024	0.0	0.5660160774121898	0.5350011098088305	0.26341644370178435	0.4033380819027505	0.08126049531933342	0.14741383250709766	0.0	0.3524262350865724	0.5660160774121898	0.3373577482939998	0.26732756514319533	0.11612497767552307	0.2459033970065568	0.3985371830837068	0.5936460449611882	0.44930756545688116	1.0	1.0	0.17768836274178962	0.19512289341801753	0.18143532514950017	0.21703940267620597	0.13412960472021507	0.566316014978222	0.4695960115558277	0.3822560626751031	0.4270964644203654	0.4165777259044961	0.5660160774121898	0.4675273112256723	0.4695960115558277	0.17408908810485607
mr	0.0	1.0	0.0	1.0	1.0	1.0	1.0	1.0	1.0	0.0	1.0	1.0	1.0	1.0	1.0	1.0	1.0	1.0	1.0	1.0	1.0	1.0	1.0	1.0	1.0	1.0	1.0	1.0	1.0	1.0	1.0	1.0	1.0	1.0	0.8216064286890065
nl	0.7690990303325336	0.7361412429601099	1.0	1.0	0.23739860544465338	0.09563126542603806	0.1747192823151837	0.047019302774957986	0.0774530280718603	1.0	0.22629636548395762	1.0	0.32538779374119625	0.26417546138328246	0.058175295949229426	0.11677221566623404	0.4700026743254014	0.323843621854333	0.5921593538295751	0.17768836274178962	1.0	1.0	0.0689325078616261	0.10445052116827744	0.15382037063230852	0.06655905249144228	0.3253372064430084	1.0	0.4294072855386136	0.3686986342980459	0.11397841126062191	1.0	0.2901647113219345	1.0	0.1375520461246695
pl	1.0	0.6167577958869003	1.0	1.0	0.27526928557124364	0.09775063707945743	0.15180494915727996	0.04179752731024115	0.05356234921347398	1.0	0.17522757018463658	1.0	0.3433543919530145	0.21653750066146202	0.04352392228857617	0.12396354642055933	0.4799122029187329	0.31918798027927164	0.5007085855940586	0.19512289341801753	1.0	0.0689325078616261	1.0	0.08776518848425803	0.16564964760027964	0.055537884105398796	0.25776749877953875	1.0	0.5168755053061871	0.3766020918674117	0.1061251291649908	1.0	0.2631806041176408	1.0	0.13384081243458085
pt	1.0	0.701523592077019	1.0	1.0	0.288629017293705	0.14146765749621473	0.19693837232058603	0.050848329756195736	0.08202415849250509	1.0	0.17075334548838317	1.0	0.4513412782249855	0.209912841934584	0.06822681834953609	0.1270106109235819	0.3379565027677981	0.37867050617372183	1.0	0.18143532514950017	1.0	0.10445052116827744	0.08776518848425803	1.0	0.19069976645557127	0.07545988012290522	0.24335468308147468	1.0	0.4646299489296927	0.29023042719021463	0.19581171253554008	1.0	0.2449199112966137	1.0	0.13461244234644118
ro	0.6972954930026792	0.7328496969175289	1.0	0.5660160774121898	0.2578917186610165	0.23933861986490496	0.23643008156482107	0.10308454985937279	0.225967027927625	0.0	0.1743365308269815	1.0	0.3313458487502267	0.3617713788170898	0.1851306648426547	0.203763088329291	0.30569919608817536	0.24712900417834682	0.5883273321497463	0.21703940267620597	1.0	0.15382037063230852	0.16564964760027964	0.19069976645557127	1.0	0.16163503347302677	0.29638883972554575	1.0	0.3167882034817014	0.3316209634741148	0.23743549358328997	1.0	0.2942288751409436	1.0	0.18260439476558263
ru	1.0	0.6572402114540701	1.0	1.0	0.19856874313093953	0.07518015696694703	0.13318373249646354	0.042983516393536404	0.061882003581632296	1.0	0.14258687771750647	0.7322034805959263	0.24756680002133277	0.20851046497327005	0.045584754707076285	0.1015356326124609	0.35073825326104413	0.17697899101794523	0.5321023621033845	0.13412960472021507	1.0	0.06655905249144228	0.055537884105398796	0.07545988012290522	0.16163503347302677	1.0	0.23737972948046468	0.7455134344225699	0.39745466147103925	0.27022287346114976	0.1021297972065955	1.0	0.22212852929340482	1.0	0.10972109928362839
sh	1.0	0.7361412429601099	1.0	1.0	0.49017090945614383	0.37490720301698505	0.42171591621141324	0.17943077640350125	0.33036292627507	0.0	0.3614828458903736	1.0	0.6549329476340925	0.4078633956723946	0.25791894542141036	0.34731246828439755	1.0	0.5497405758583841	1.0	0.566316014978222	1.0	0.3253372064430084	0.25776749877953875	0.24335468308147468	0.29638883972554575	0.23737972948046468	1.0	1.0	0.7199285383279774	0.5532521744473301	0.3824443677366108	1.0	0.5175638378997293	1.0	0.31841497072263175
si	0.0	1.0	0.0	1.0	1.0	1.0	1.0	1.0	1.0	0.0	1.0	1.0	1.0	1.0	1.0	1.0	1.0	1.0	1.0	0.4695960115558277	1.0	1.0	1.0	1.0	1.0	0.7455134344225699	1.0	1.0	1.0	1.0	1.0	1.0	1.0	1.0	1.0
simple	1.0	0.7736380840876088	0.0	1.0	0.68703359906731	0.6398385892358057	0.5028059987699194	0.24309112140050576	0.4065386506601548	0.0	0.49175598627374423	1.0	1.0	0.43924101961786816	0.448722190212195	0.3933797378775779	0.6421409926345867	0.718925811717485	1.0	0.3822560626751031	1.0	0.4294072855386136	0.5168755053061871	0.4646299489296927	0.3167882034817014	0.39745466147103925	0.7199285383279774	1.0	1.0	0.6673649639258981	0.6163171184300298	1.0	0.5545252434951492	1.0	0.33880804526130504
sr	1.0	0.7736380840876088	0.0	1.0	0.5259691489054468	0.40022871775129254	0.5003549289875485	0.2525273904181878	0.3474294735248193	0.0	0.4217291634213839	1.0	0.7411828468492556	0.3394579468185781	0.3185016831973408	0.41609776733150894	0.6147632118628419	0.5315059200633128	1.0	0.4270964644203654	1.0	0.3686986342980459	0.3766020918674117	0.29023042719021463	0.3316209634741148	0.27022287346114976	0.5532521744473301	1.0	0.6673649639258981	1.0	0.4820675732606236	1.0	0.4925993964475841	0.7584325078215765	0.34703912353090943
sv	1.0	0.7361412429601099	1.0	1.0	0.16177643302114011	0.14256812109430414	0.23900662997181382	0.06987849876576496	0.11223690026406384	0.0	0.21616885911232897	1.0	0.3738374734160095	0.2728643320865161	0.10542661563744735	0.1559717181472806	0.45085943383785415	0.31296214496470726	0.5293441005781199	0.4165777259044961	1.0	0.11397841126062191	0.1061251291649908	0.19581171253554008	0.23743549358328997	0.1021297972065955	0.3824443677366108	1.0	0.6163171184300298	0.4820675732606236	1.0	1.0	0.3551291969795342	1.0	0.1823401697760921
te	0.0	1.0	0.0	1.0	1.0	1.0	1.0	1.0	1.0	0.0	1.0	1.0	1.0	1.0	1.0	1.0	1.0	1.0	1.0	0.5660160774121898	1.0	1.0	1.0	1.0	1.0	1.0	1.0	1.0	1.0	1.0	1.0	1.0	1.0	1.0	1.0
vi	1.0	0.8216064286890065	1.0	1.0	0.3855986834341944	0.3176728230584456	0.3512483060731005	0.20314271371730303	0.2880621568298963	0.0	0.3699971446510346	1.0	0.8123994194805472	0.292410176872891	0.2663409077171227	0.24880271677808893	0.4526150641713901	0.5882745708346903	0.7376607345031152	0.4675273112256723	1.0	0.2901647113219345	0.2631806041176408	0.2449199112966137	0.2942288751409436	0.22212852929340482	0.5175638378997293	1.0	0.5545252434951492	0.4925993964475841	0.3551291969795342	1.0	1.0	1.0	0.23002154745192002
war	0.0	0.7361412429601099	0.0	1.0	0.7584325078215763	1.0	1.0	0.7411828468492556	1.0	0.0	1.0	1.0	1.0	0.6983438190355966	1.0	1.0	1.0	1.0	1.0	0.4695960115558277	1.0	1.0	1.0	1.0	1.0	1.0	1.0	1.0	1.0	0.7584325078215765	1.0	1.0	1.0	1.0	0.7584325078215763
zh	0.7584325078215763	0.6554354222894176	1.0	1.0	0.24386543555975582	0.17394972033467848	0.21709578846658723	0.08840914776974633	0.1255135099263298	1.0	0.1898070915375934	1.0	0.37973847242852127	0.22121179534910473	0.11372290771340975	0.13161344185880114	0.3832139931843792	0.2361540411174458	0.5288926227441266	0.17408908810485607	0.8216064286890065	0.1375520461246695	0.13384081243458085	0.13461244234644118	0.18260439476558263	0.10972109928362839	0.31841497072263175	1.0	0.33880804526130504	0.34703912353090943	0.1823401697760921	1.0	0.23002154745192002	0.7584325078215763	1.0
