arz	bs	ceb	ckb	da	de	el	en	es	fr	he	hi	hu	id	it	ja	ko	lv	mk	ml	mr	nl	pl	pt	ro	ru	sh	si	simple	sr	sv	te	vi	war	zh
arz	1.0	0.0004342162396873643	0.0	0.0	0.0003916960438699569	0.0	0.0004581901489117984	3.90335298021e-05	0.0	6.133213394938055e-05	0.0003455425017277125	0.0	0.0001335113484646195	0.00037965072133637056	6.469979296066253e-05	0.0	0.00020431096128307284	0.0005184033177812338	0.0	0.0	0.012195121951219513	0.0	0.00011200716845878136	0.0	8.182859636681032e-05	0.0	0.0	0.0	0.0	0.0003846153846153846	0.00021510002151000216	0.0	0.0	0.0	0.00015408320493066256
bs	0.0004342162396873643	1.0	0.0	0.0	0.034408602150537634	0.009854239375898173	0.02793729629054788	0.0031307351829860737	0.0026801667659321023	0.008692738311125128	0.05402087170042971	0.0	0.024274905422446407	0.07802512673572845	0.007221653588081429	0.016240745163601623	0.016710270908937463	0.16019955654101994	0.011568123393316195	0.0	0.005588993981083405	0.006077510275983558	0.014420460729185562	0.006810233756672188	0.018207979071288422	0.01688055281342547	0.0008714596949891067	0.0	0.0016927634363097758	0.11348005502063274	0.025237529691211402	0.0	0.006617038875103391	0.0	0.013674817475953182
ceb	0.0	0.0	0.0	0.0	0.0	0.0	0.0	0.0	0.0	0.0	0.0	0.0	0.0	0.0	0.0	0.0	0.0	0.0	0.0	0.0	0.0	0.0	0.0	0.0	0.0	0.0	0.0	0.0	0.0	0.0	0.0	0.0	0.0	0.0	0.0
ckb	0.0	0.0	0.0	1.0	0.0	0.0	0.0	3.906860446944835e-05	0.0	0.0	0.0	0.0	0.0	0.0	0.0	0.00016051364365971107	0.0	0.0	0.0	0.0	0.0	0.0	0.0	0.0	0.0	0.0	0.0	0.0	0.0	0.0	0.0	0.0	0.0	0.0	0.0
da	0.0003916960438699569	0.034408602150537634	0.0	0.0	1.0	0.005763688760806916	0.018071396830099246	0.003353310502283105	0.0011071132023249377	0.007385495435489558	0.024857685009487665	0.0	0.01595528455284553	0.030260521042084168	0.0061614294516327784	0.01178101178101178	0.011932192231731403	0.04204839088560019	0.002688172043010753	0.0	0.0023228803716608595	0.006443900163284348	0.008199612061364839	0.005210204814947898	0.008651989185013519	0.008796252031742996	0.0	0.0	0.0015308075009567547	0.027565392354124748	0.021847779523061547	0.0	0.00515331100231899	0.0	0.0102178306759488
de	0.0	0.009854239375898173	0.0	0.0	0.005763688760806916	1.0	0.01209459052891269	0.01177252192399681	0.0023647650014779783	0.028576217212771305	0.00967041641997237	8.014747134727899e-05	0.019371326348070535	0.009500869797939248	0.018836241512740017	0.01685057346306463	0.010953051856565013	0.008625525946704068	0.0003186235462800701	0.0	7.977662544874351e-05	0.02005047029135123	0.015965028984130002	0.010759372609028308	0.026220671499905982	0.01802830891482493	0.0	0.0	0.000398120869495979	0.008170372354674525	0.008610013563719997	0.0	0.0023161551823972205	0.0	0.014132762312633832
el	0.0004581901489117984	0.02793729629054788	0.0	0.0	0.018071396830099246	0.01209459052891269	1.0	0.004866751694972142	0.0029553010712966383	0.014850258306803667	0.03071867409629947	0.0	0.018366819004915064	0.023248969982342556	0.011456628477905073	0.01859344894026975	0.017523617220739886	0.03203963666391412	0.0020385050962627408	0.0002300966405890474	0.0011371389583807142	0.009531219607080334	0.01665259765175351	0.00868823209991467	0.022784557410596193	0.018703139161242482	0.0004589261128958238	0.0	0.002035738520696675	0.022307578667454572	0.01482235799954741	0.0	0.005101143359718558	0.0	0.01435676081448813
en	3.90335298021e-05	0.0031307351829860737	0.0	3.906860446944835e-05	0.003353310502283105	0.01177252192399681	0.004866751694972142	1.0	0.0013509963598153638	0.02384748604887704	0.003772919605077574	0.0	0.00783393281716759	0.002844242187222242	0.014313967861557478	0.0071837716383429855	0.006575202094956165	0.002442135957718243	3.8946876460507865e-05	0.0	3.898027598035394e-05	0.016308088741417957	0.009686859818554288	0.006020381192916507	0.015683138586069588	0.008731921022624977	0.0	0.0	0.00023367215796237878	0.0037051551533720476	0.005054871965414034	0.0	0.0018203432647299206	0.0	0.0070670268232929205
es	0.0	0.0026801667659321023	0.0	0.0	0.0011071132023249377	0.0023647650014779783	0.0029553010712966383	0.0013509963598153638	1.0	0.0022459292532285235	0.0030410542321338066	0.0	0.002931175987806308	0.0013539128080151638	0.0028531536453590724	0.003703703703703704	0.0012915129151291514	0.003352329869259135	0.0	0.0	0.0	0.0014837244511733535	0.0022066198595787363	0.001953125	0.0020450984037608563	0.002642007926023778	0.0	0.0	0.0	0.0016402405686167304	0.0008759635599159075	0.0	0.000407000407000407	0.0	0.0029208709506107276
fr	6.133213394938055e-05	0.008692738311125128	0.0	0.0	0.007385495435489558	0.028576217212771305	0.014850258306803667	0.02384748604887704	0.0022459292532285235	1.0	0.01234036727749203	0.0	0.026219956300072834	0.009189771725286568	0.03208933671341013	0.02183705626100658	0.018561928079040127	0.00817671224720662	0.0003472434993974304	2.0451570680628273e-05	0.00030651654167603243	0.0354362965997542	0.022376311181080077	0.01681949082171693	0.06480928194402948	0.024351613541872895	6.134091234383625e-05	0.0	0.0002654849184144424	0.008207478795714089	0.010040198539264349	0.0	0.002473075388911049	0.0	0.015109285609505647
he	0.0003455425017277125	0.05402087170042971	0.0	0.0	0.024857685009487665	0.00967041641997237	0.03071867409629947	0.003772919605077574	0.0030410542321338066	0.01234036727749203	1.0	0.0	0.02063382367459769	0.045983590917763786	0.00920769697303854	0.021895351448461713	0.019769224562252885	0.07541647906348492	0.004423273222184417	0.0003479471120389701	0.0027378507871321013	0.008214265054665356	0.017540827788818804	0.010250569476082005	0.020691793030404793	0.016329196603527107	0.0010398613518197574	0.0	0.0033921302578018998	0.05336426914153132	0.016542372881355932	0.0	0.006644518272425249	0.0	0.014228304550885196
hi	0.0	0.0	0.0	0.0	0.0	8.014747134727899e-05	0.0	0.0	0.0	0.0	0.0	1.0	0.00013392259274139549	0.0	0.0	0.0	0.0	0.0005246589716684155	0.0	0.0	0.0	0.0	0.0	0.0	2.7291831554815644e-05	0.0	0.0	0.0	0.0	0.0	0.00021616947686986597	0.0	0.0	0.0	0.00015463120457708364
hu	0.0001335113484646195	0.024274905422446407	0.0	0.0	0.01595528455284553	0.019371326348070535	0.018366819004915064	0.00783393281716759	0.002931175987806308	0.026219956300072834	0.02063382367459769	0.00013392259274139549	1.0	0.020970519704183975	0.017506442726384075	0.020716893956330577	0.015257731958762887	0.02448355011476664	0.0007955449482895784	0.00013386880856760375	0.0005317734645041213	0.018062651597254478	0.022610868207370394	0.013129790174645056	0.03891087243263614	0.022917905026088106	0.00013363624214887077	0.0	0.00026483050847457627	0.02145835452049222	0.014853977844914401	0.0	0.005346376976453191	0.0	0.013455524038111863
id	0.00037965072133637056	0.07802512673572845	0.0	0.0	0.030260521042084168	0.009500869797939248	0.023248969982342556	0.002844242187222242	0.0013539128080151638	0.009189771725286568	0.045983590917763786	0.0	0.020970519704183975	1.0	0.0075381093305042154	0.01972318339100346	0.020276953511374877	0.09317521781219748	0.0037285607755406414	0.0	0.0037593984962406013	0.006633692173407041	0.00999824592176811	0.009403546480386889	0.017049282271855728	0.015569777438150731	0.0	0.0	0.002973977695167286	0.05575905575905576	0.01728985099803205	0.0	0.008611955420466059	0.0	0.015549837789461908
it	6.469979296066253e-05	0.007221653588081429	0.0	0.0	0.0061614294516327784	0.018836241512740017	0.011456628477905073	0.014313967861557478	0.0028531536453590724	0.03208933671341013	0.00920769697303854	0.0	0.017506442726384075	0.0075381093305042154	1.0	0.01399550645946452	0.01111423183404887	0.005625797471291033	0.00038689708537529015	0.0	0.0	0.017836828435896887	0.01853944339820046	0.011291134989926125	0.025886524822695035	0.01699765848582083	6.472910868017347e-05	0.0	0.0001288825879623663	0.006538869949142123	0.009054781427637205	0.0	0.0021469465648854963	0.0	0.012342254888364998
ja	0.0	0.016240745163601623	0.0	0.00016051364365971107	0.01178101178101178	0.01685057346306463	0.01859344894026975	0.0071837716383429855	0.003703703703703704	0.02183705626100658	0.021895351448461713	0.0	0.020716893956330577	0.01972318339100346	0.01399550645946452	1.0	0.017685603409886126	0.0177633224918689	0.0006342159505311559	0.0	0.0004772510340439071	0.011566966649020646	0.016522264759218214	0.011274110296115187	0.02388287836450049	0.019166130301079883	0.0	0.0	0.0015855398763278896	0.012415220140246005	0.012970047587944388	0.0	0.0060886829913964265	0.0	0.01877557570408409
ko	0.00020431096128307284	0.016710270908937463	0.0	0.0	0.011932192231731403	0.010953051856565013	0.017523617220739886	0.006575202094956165	0.0012915129151291514	0.018561928079040127	0.019769224562252885	0.0	0.015257731958762887	0.020276953511374877	0.01111423183404887	0.017685603409886126	1.0	0.01716626002091321	0.0011182271017586662	0.0	0.00040724903278354713	0.009867943694674213	0.012471532371760113	0.007931298545016957	0.02148265539707695	0.016805761975534468	0.0	0.0	0.0006092607636068237	0.013298308980462978	0.011881327334083239	0.0	0.0024300243002430026	0.0	0.013231806266383723
lv	0.0005184033177812338	0.16019955654101994	0.0	0.0	0.04204839088560019	0.008625525946704068	0.03203963666391412	0.002442135957718243	0.003352329869259135	0.00817671224720662	0.07541647906348492	0.0005246589716684155	0.02448355011476664	0.09317521781219748	0.005625797471291033	0.0177633224918689	0.01716626002091321	1.0	0.01481103166496425	0.0010482180293501049	0.01288659793814433	0.006593210774850762	0.014641013608634445	0.008494798129235467	0.01895321173671689	0.015445990180032733	0.0020844189682126106	0.0	0.003524672708962739	0.13321536905965622	0.023182957393483708	0.0	0.008618036318867343	0.0	0.013925890046015984
mk	0.0	0.011568123393316195	0.0	0.0	0.002688172043010753	0.0003186235462800701	0.0020385050962627408	3.8946876460507865e-05	0.0	0.0003472434993974304	0.004423273222184417	0.0	0.0007955449482895784	0.0037285607755406414	0.00038689708537529015	0.0006342159505311559	0.0011182271017586662	0.01481103166496425	1.0	0.011904761904761904	0.037037037037037035	0.00028073239963816713	0.0006681514476614699	0.0004578230513906375	0.000872172254020169	0.0003704161007531794	0.020833333333333332	0.0	0.0	0.006056018168054504	0.0004250797024442083	0.0	0.0006891798759476223	0.0	0.0007641754546843956
ml	0.0	0.0	0.0	0.0	0.0	0.0	0.0002300966405890474	0.0	0.0	2.0451570680628273e-05	0.0003479471120389701	0.0	0.00013386880856760375	0.0	0.0	0.0	0.0	0.0010482180293501049	0.011904761904761904	1.0	0.06779661016949153	0.0	0.0	0.0001154334526145677	8.18732601932209e-05	0.0	0.0	0.0	0.0	0.0	0.0	0.0	0.000727802037845706	0.0	0.0
mr	0.012195121951219513	0.005588993981083405	0.0	0.0	0.0023228803716608595	7.977662544874351e-05	0.0011371389583807142	3.898027598035394e-05	0.0	0.00030651654167603243	0.0027378507871321013	0.0	0.0005317734645041213	0.0037593984962406013	0.0	0.0004772510340439071	0.00040724903278354713	0.01288659793814433	0.037037037037037035	0.06779661016949153	1.0	9.362419249133976e-05	0.0006697923643670462	0.0005737893045673629	0.0005998146027591471	0.0004952947003467063	0.0	0.0	0.006896551724137931	0.0061068702290076335	0.00042707666026051675	0.0	0.0014005602240896359	0.0	0.000459911083857121
nl	0.0	0.006077510275983558	0.0	0.0	0.006443900163284348	0.02005047029135123	0.009531219607080334	0.016308088741417957	0.0014837244511733535	0.0354362965997542	0.008214265054665356	0.0	0.018062651597254478	0.006633692173407041	0.017836828435896887	0.011566966649020646	0.009867943694674213	0.006593210774850762	0.00028073239963816713	0.0	9.362419249133976e-05	1.0	0.016026039207891273	0.01477967794282861	0.031162664903687232	0.016308489559518365	3.1247070587132453e-05	0.0	0.00012472715933894605	0.006171401956217979	0.011352963924645047	0.0	0.002886176417533522	0.0	0.01256023382573663
pl	0.00011200716845878136	0.014420460729185562	0.0	0.0	0.008199612061364839	0.015965028984130002	0.01665259765175351	0.009686859818554288	0.0022066198595787363	0.022376311181080077	0.017540827788818804	0.0	0.022610868207370394	0.00999824592176811	0.01853944339820046	0.016522264759218214	0.012471532371760113	0.014641013608634445	0.0006681514476614699	0.0	0.0006697923643670462	0.016026039207891273	1.0	0.011342699216950714	0.025279697454021564	0.021299704338381704	0.0001120950566080036	0.0	0.0002224694104560623	0.016106194690265488	0.010756704265332038	0.0	0.003711662434069154	0.0	0.012181470994929874
pt	0.0	0.006810233756672188	0.0	0.0	0.005210204814947898	0.010759372609028308	0.00868823209991467	0.006020381192916507	0.001953125	0.01681949082171693	0.010250569476082005	0.0	0.013129790174645056	0.009403546480386889	0.011291134989926125	0.011274110296115187	0.007931298545016957	0.008494798129235467	0.0004578230513906375	0.0001154334526145677	0.0005737893045673629	0.01477967794282861	0.011342699216950714	1.0	0.018915879442195232	0.010051468362095065	0.0	0.0	0.00022870211549456832	0.007531605845960728	0.006134040136312003	0.0	0.0008980243464378367	0.0	0.00792910447761194
ro	8.182859636681032e-05	0.018207979071288422	0.0	0.0	0.008651989185013519	0.026220671499905982	0.022784557410596193	0.015683138586069588	0.0020450984037608563	0.06480928194402948	0.020691793030404793	2.7291831554815644e-05	0.03891087243263614	0.017049282271855728	0.025886524822695035	0.02388287836450049	0.02148265539707695	0.01895321173671689	0.000872172254020169	8.18732601932209e-05	0.0005998146027591471	0.031162664903687232	0.025279697454021564	0.018915879442195232	1.0	0.029386682646875793	2.7279919251439015e-05	0.0	0.0005720979649658103	0.01417119213860874	0.012190336031395634	0.0	0.00340522133938706	0.0	0.02021110427415156
ru	0.0	0.01688055281342547	0.0	0.0	0.008796252031742996	0.01802830891482493	0.018703139161242482	0.008731921022624977	0.002642007926023778	0.024351613541872895	0.016329196603527107	0.0	0.022917905026088106	0.015569777438150731	0.01699765848582083	0.019166130301079883	0.016805761975534468	0.015445990180032733	0.0003704161007531794	0.0	0.0004952947003467063	0.016308489559518365	0.021299704338381704	0.010051468362095065	0.029386682646875793	1.0	0.00012442453651860148	0.0	0.0007405578869414959	0.012322093800745056	0.010466602748481943	0.0	0.0033116120072641812	0.0	0.01741573033707865
sh	0.0	0.0008714596949891067	0.0	0.0	0.0	0.0	0.0004589261128958238	0.0	0.0	6.134091234383625e-05	0.0010398613518197574	0.0	0.00013363624214887077	0.0	6.472910868017347e-05	0.0	0.0	0.0020844189682126106	0.020833333333333332	0.0	0.0	3.1247070587132453e-05	0.0001120950566080036	0.0	2.7279919251439015e-05	0.00012442453651860148	1.0	0.0	0.0	0.0011578541103820917	0.00021542438604049978	0.0	0.0	0.0	0.0
si	0.0	0.0	0.0	0.0	0.0	0.0	0.0	0.0	0.0	0.0	0.0	0.0	0.0	0.0	0.0	0.0	0.0	0.0	0.0	0.0	0.0	0.0	0.0	0.0	0.0	0.0	0.0	0.0	0.0	0.0	0.0	0.0	0.0	0.0	0.0
simple	0.0	0.0016927634363097758	0.0	0.0	0.0015308075009567547	0.000398120869495979	0.002035738520696675	0.00023367215796237878	0.0	0.0002654849184144424	0.0033921302578018998	0.0	0.00026483050847457627	0.002973977695167286	0.0001288825879623663	0.0015855398763278896	0.0006092607636068237	0.003524672708962739	0.0	0.0	0.006896551724137931	0.00012472715933894605	0.0002224694104560623	0.00022870211549456832	0.0005720979649658103	0.0007405578869414959	0.0	0.0	1.0	0.00188040616773223	0.0008494372478233171	0.0	0.0	0.0	0.00030525030525030525
sr	0.0003846153846153846	0.11348005502063274	0.0	0.0	0.027565392354124748	0.008170372354674525	0.022307578667454572	0.0037051551533720476	0.0016402405686167304	0.008207478795714089	0.05336426914153132	0.0	0.02145835452049222	0.05575905575905576	0.006538869949142123	0.012415220140246005	0.013298308980462978	0.13321536905965622	0.006056018168054504	0.0	0.0061068702290076335	0.006171401956217979	0.016106194690265488	0.007531605845960728	0.01417119213860874	0.012322093800745056	0.0011578541103820917	0.0	0.00188040616773223	1.0	0.018956005092658084	0.0	0.00637267397399949	0.0	0.010615711252653927
sv	0.00021510002151000216	0.025237529691211402	0.0	0.0	0.021847779523061547	0.008610013563719997	0.01482235799954741	0.005054871965414034	0.0008759635599159075	0.010040198539264349	0.016542372881355932	0.00021616947686986597	0.014853977844914401	0.01728985099803205	0.009054781427637205	0.012970047587944388	0.011881327334083239	0.023182957393483708	0.0004250797024442083	0.0	0.00042707666026051675	0.011352963924645047	0.010756704265332038	0.006134040136312003	0.012190336031395634	0.010466602748481943	0.00021542438604049978	0.0	0.0008494372478233171	0.018956005092658084	1.0	0.0	0.006208053691275168	0.0	0.010659620991253645
te	0.0	0.0	0.0	0.0	0.0	0.0	0.0	0.0	0.0	0.0	0.0	0.0	0.0	0.0	0.0	0.0	0.0	0.0	0.0	0.0	0.0	0.0	0.0	0.0	0.0	0.0	0.0	0.0	0.0	0.0	0.0	0.0	0.0	0.0	0.0
vi	0.0	0.006617038875103391	0.0	0.0	0.00515331100231899	0.0023161551823972205	0.005101143359718558	0.0018203432647299206	0.000407000407000407	0.002473075388911049	0.006644518272425249	0.0	0.005346376976453191	0.008611955420466059	0.0021469465648854963	0.0060886829913964265	0.0024300243002430026	0.008618036318867343	0.0006891798759476223	0.000727802037845706	0.0014005602240896359	0.002886176417533522	0.003711662434069154	0.0008980243464378367	0.00340522133938706	0.0033116120072641812	0.0	0.0	0.0	0.00637267397399949	0.006208053691275168	0.0	1.0	0.0	0.0030714102892244687
war	0.0	0.0	0.0	0.0	0.0	0.0	0.0	0.0	0.0	0.0	0.0	0.0	0.0	0.0	0.0	0.0	0.0	0.0	0.0	0.0	0.0	0.0	0.0	0.0	0.0	0.0	0.0	0.0	0.0	0.0	0.0	0.0	0.0	0.0	0.0
zh	0.00015408320493066256	0.013674817475953182	0.0	0.0	0.0102178306759488	0.014132762312633832	0.01435676081448813	0.0070670268232929205	0.0029208709506107276	0.015109285609505647	0.014228304550885196	0.00015463120457708364	0.013455524038111863	0.015549837789461908	0.012342254888364998	0.01877557570408409	0.013231806266383723	0.013925890046015984	0.0007641754546843956	0.0	0.000459911083857121	0.01256023382573663	0.012181470994929874	0.00792910447761194	0.02021110427415156	0.01741573033707865	0.0	0.0	0.00030525030525030525	0.010615711252653927	0.010659620991253645	0.0	0.0030714102892244687	0.0	1.0
