arz	bs	ceb	ckb	da	de	el	en	es	fr	he	hi	hu	id	it	ja	ko	lv	mk	ml	mr	nl	pl	pt	ro	ru	sh	si	simple	sr	sv	te	vi	war	zh
arz	1.0	0.0	0.0	0.0	1.0	1.0	0.0	0.7690990303325336	0.7690990303325336	0.5020797777427737	1.0	0.0	1.0	1.0	1.0	1.0	1.0	0.0	1.0	0.0	0.0	1.0	1.0	1.0	1.0	1.0	0.0	0.0	1.0	0.0	1.0	0.0	1.0	0.0	1.0
bs	0.0	1.0	0.0	1.0	1.0	1.0	1.0	1.0	1.0	1.0	1.0	1.0	1.0	1.0	0.8125806012482828	1.0	1.0	1.0	1.0	1.0	0.0	1.0	1.0	1.0	0.0	1.0	1.0	0.0	1.0	1.0	1.0	0.0	1.0	0.0	1.0
ceb	0.0	0.0	1.0	0.0	1.0	1.0	0.0	1.0	1.0	1.0	1.0	0.0	0.0	1.0	1.0	1.0	1.0	1.0	1.0	1.0	0.0	1.0	1.0	1.0	1.0	1.0	0.0	0.0	1.0	1.0	1.0	0.0	1.0	0.0	1.0
ckb	0.0	1.0	0.0	1.0	1.0	1.0	1.0	0.6627540619719052	1.0	1.0	1.0	1.0	1.0	1.0	0.5660160774121898	1.0	1.0	1.0	1.0	1.0	0.0	1.0	1.0	1.0	0.0	1.0	0.0	0.0	1.0	1.0	1.0	0.0	1.0	0.0	1.0
da	1.0	1.0	1.0	1.0	1.0	0.3467322059606074	1.0	0.24000134111547466	0.4851120265713085	0.2822337067319708	1.0	1.0	1.0	0.39907270545793705	0.3853427384586013	0.5716981509095984	1.0	1.0	0.5946953883470456	1.0	0.0	0.22828306578458496	0.3669366043483898	0.42146690822197275	1.0	0.4822667307769518	0.7863954451402115	0.0	1.0	1.0	0.33302802139719356	0.0	1.0	1.0	0.5716981509095984
de	1.0	1.0	1.0	1.0	0.3467322059606074	1.0	0.5654873513547887	0.10112450010432888	0.17335543333286332	0.11546669230403726	0.6452450558286368	0.7411828468492556	0.3407039884973581	0.23988190567644269	0.17693898349977122	0.2371534345880865	0.44815708241698504	0.7376607345031153	0.4629283430323541	0.7510341748895937	0.0	0.09805185093711304	0.13705643337552653	0.15678996867500522	0.56143971666465	0.12309494743953896	0.6088658241758966	0.0	0.35263914064347085	0.5392225599451642	0.203924386477433	0.0	0.37802317339358343	1.0	0.25683785961370886
el	0.0	1.0	0.0	1.0	1.0	0.5654873513547887	1.0	0.1904904025078876	0.5160236686375562	0.3949197779496023	1.0	1.0	0.5189556704465695	0.555129129337922	0.29300849529377077	1.0	1.0	1.0	1.0	1.0	0.0	0.2584389844885277	0.34292148477191553	0.2660020955737266	1.0	1.0	1.0	0.0	0.7455134344225701	1.0	0.36021581407068637	0.0	1.0	1.0	1.0
en	0.7690990303325336	1.0	1.0	0.6627540619719052	0.24000134111547466	0.10112450010432888	0.1904904025078876	1.0	0.12577044923944772	0.09659186288502739	0.2580345175679976	0.4557490822771486	0.18707994937183292	0.15105011662274884	0.15065218660969085	0.16420282106851686	0.1844370860181432	0.6436895599575894	0.19707140123103983	0.7347168825662658	1.0	0.1041245844219093	0.11269099964241307	0.1220412275884933	0.3805396437276289	0.14997738823852316	0.1995766456343914	1.0	0.18614714261441773	0.3639554068451732	0.1395699996262689	0.0	0.27375158171442837	1.0	0.16660523527477186
es	0.7690990303325336	1.0	1.0	1.0	0.4851120265713085	0.17335543333286332	0.5160236686375562	0.12577044923944772	1.0	0.1254426730065261	0.5704766118219916	1.0	0.3655364832126758	0.33036725349907015	0.22863372634578766	0.37180047453838805	0.6008181323319135	1.0	0.6406217872018795	1.0	0.0	0.18177479181965014	0.19222959593503347	0.15037485811929052	0.6568318202362041	0.28098375008265586	0.6421409926345868	0.0	0.3423158982205705	0.7234532828151788	0.21449061022626387	0.0	1.0	1.0	0.46837245625582685
fr	0.5020797777427737	1.0	1.0	1.0	0.2822337067319708	0.11546669230403726	0.3949197779496023	0.09659186288502739	0.1254426730065261	1.0	0.38541394546936353	0.7322034805959263	0.25592606603164086	0.19948392988183988	0.14962372051949194	0.17228695187581516	0.25304425534530095	1.0	0.2775175241917923	1.0	0.0	0.12193369639562075	0.129373173835035	0.1201936479228273	0.3407914741679766	0.11405526197287594	0.4238018317024751	1.0	0.29013496691984775	0.7234532828151787	0.19398672101217262	1.0	0.5815866676484372	1.0	0.20673324875436452
he	1.0	1.0	1.0	1.0	1.0	0.6452450558286368	1.0	0.2580345175679976	0.5704766118219916	0.38541394546936353	1.0	1.0	0.6841174893561722	0.5382054664633271	0.33867902025798374	1.0	1.0	1.0	1.0	1.0	0.0	0.3755810917174626	0.4329049084817385	0.3248889646035769	1.0	1.0	1.0	0.0	1.0	1.0	0.42845472290406994	0.0	1.0	1.0	1.0
hi	0.0	1.0	0.0	1.0	1.0	0.7411828468492556	1.0	0.4557490822771486	1.0	0.7322034805959263	1.0	1.0	1.0	1.0	0.3325139642225136	1.0	1.0	1.0	1.0	1.0	1.0	0.43526109167898114	1.0	0.6786291688147437	1.0	1.0	1.0	0.0	1.0	1.0	1.0	1.0	1.0	1.0	1.0
hu	1.0	1.0	0.0	1.0	1.0	0.3407039884973581	0.5189556704465695	0.18707994937183292	0.3655364832126758	0.25592606603164086	0.6841174893561722	1.0	1.0	0.7992591943912659	0.23379750800322868	0.48340996472002556	0.6254303192325079	1.0	0.5649879395951222	1.0	0.0	0.272662173629681	0.2938977501364144	0.19939240600178618	0.7690990303325336	0.34963940592471426	0.6538836485984504	0.0	1.0	0.5405960481006828	0.42685260090348015	0.0	1.0	1.0	0.56682622959115
id	1.0	1.0	1.0	1.0	0.39907270545793705	0.23988190567644269	0.555129129337922	0.15105011662274884	0.33036725349907015	0.19948392988183988	0.5382054664633271	1.0	0.7992591943912659	1.0	0.24887061700746796	0.30522531059008623	0.336816170978473	0.7732772909312525	0.4761903007712504	1.0	0.0	0.24915114770403946	0.24908018689046432	0.27530993514779906	1.0	0.24775605216450358	0.3771920222196024	1.0	0.4801963742490096	0.629896233114065	0.3484883563590535	0.0	0.5993388405810193	1.0	0.29448549209663105
it	1.0	0.8125806012482828	1.0	0.5660160774121898	0.3853427384586013	0.17693898349977122	0.29300849529377077	0.15065218660969085	0.22863372634578766	0.14962372051949194	0.33867902025798374	0.3325139642225136	0.23379750800322868	0.24887061700746796	1.0	0.2847673320765205	0.2767211331248432	0.3719700838258219	0.28587413444543247	0.6529389826482773	0.0	0.17473459434917832	0.1716269839707312	0.14636704136737222	0.25940254300712845	0.2718320747495134	0.369378920897887	1.0	0.25833087238264746	0.38390676643244437	0.2068011171271873	0.0	0.3205374998615339	1.0	0.31231055342166525
ja	1.0	1.0	1.0	1.0	0.5716981509095984	0.2371534345880865	1.0	0.16420282106851686	0.37180047453838805	0.17228695187581516	1.0	1.0	0.48340996472002556	0.30522531059008623	0.2847673320765205	1.0	1.0	1.0	1.0	1.0	0.0	0.19785032763936394	0.192569553375039	0.20274538692749425	0.661251134120194	1.0	0.26196139303662036	0.0	0.4050198469372266	1.0	0.22933936769234903	1.0	1.0	1.0	1.0
ko	1.0	1.0	1.0	1.0	1.0	0.44815708241698504	1.0	0.1844370860181432	0.6008181323319135	0.25304425534530095	1.0	1.0	0.6254303192325079	0.336816170978473	0.2767211331248432	1.0	1.0	1.0	1.0	1.0	0.0	0.3226855911083941	0.34303442830076564	0.2019560091488388	1.0	1.0	1.0	0.0	0.6589257440209709	1.0	0.31757120302444547	0.0	1.0	1.0	1.0
lv	0.0	1.0	1.0	1.0	1.0	0.7376607345031153	1.0	0.6436895599575894	1.0	1.0	1.0	1.0	1.0	0.7732772909312525	0.3719700838258219	1.0	1.0	1.0	1.0	1.0	0.0	0.41055547717987523	0.5598704182750971	0.6128508099341461	1.0	1.0	1.0	0.0	1.0	1.0	0.6131109307903289	0.0	1.0	1.0	1.0
mk	1.0	1.0	1.0	1.0	0.5946953883470456	0.4629283430323541	1.0	0.19707140123103983	0.6406217872018795	0.2775175241917923	1.0	1.0	0.5649879395951222	0.4761903007712504	0.28587413444543247	1.0	1.0	1.0	1.0	1.0	0.0	0.2858434642207585	0.3528148800556448	0.33784341447340005	1.0	1.0	0.28841079694095795	0.0	1.0	1.0	0.35892394794243937	0.0	1.0	1.0	1.0
ml	0.0	1.0	1.0	1.0	1.0	0.7510341748895937	1.0	0.7347168825662658	1.0	1.0	1.0	1.0	1.0	1.0	0.6529389826482773	1.0	1.0	1.0	1.0	1.0	0.0	0.4493075654568811	1.0	0.7106922308883379	1.0	1.0	1.0	0.0	1.0	1.0	0.7502477598910112	0.0	1.0	1.0	1.0
mr	0.0	0.0	0.0	0.0	0.0	0.0	0.0	1.0	0.0	0.0	0.0	1.0	0.0	0.0	0.0	0.0	0.0	0.0	0.0	0.0	1.0	0.0	0.0	0.0	0.0	0.0	0.0	0.0	0.0	0.0	0.0	0.0	0.0	0.0	0.0
nl	1.0	1.0	1.0	1.0	0.22828306578458496	0.09805185093711304	0.2584389844885277	0.1041245844219093	0.18177479181965014	0.12193369639562075	0.3755810917174626	0.43526109167898114	0.272662173629681	0.24915114770403946	0.17473459434917832	0.19785032763936394	0.3226855911083941	0.41055547717987523	0.2858434642207585	0.4493075654568811	0.0	1.0	0.15288625483995907	0.19385664703629674	0.31630184938819855	0.14418073383844954	0.36349886481792293	0.0	0.37958009107499746	0.3097861713704303	0.19330620794691636	0.0	0.369320383530008	0.5660160774121898	0.20290343655664575
pl	1.0	1.0	1.0	1.0	0.3669366043483898	0.13705643337552653	0.34292148477191553	0.11269099964241307	0.19222959593503347	0.129373173835035	0.4329049084817385	1.0	0.2938977501364144	0.24908018689046432	0.1716269839707312	0.192569553375039	0.34303442830076564	0.5598704182750971	0.3528148800556448	1.0	0.0	0.15288625483995907	1.0	0.18282428531624179	0.39486196150096003	0.13873725416994573	0.4771912026409945	0.0	0.38617518828342434	0.5905282886393833	0.22615908362094103	1.0	0.4640062229867981	1.0	0.2532814496396713
pt	1.0	1.0	1.0	1.0	0.42146690822197275	0.15678996867500522	0.2660020955737266	0.1220412275884933	0.15037485811929052	0.1201936479228273	0.3248889646035769	0.6786291688147437	0.19939240600178618	0.27530993514779906	0.14636704136737222	0.20274538692749425	0.2019560091488388	0.6128508099341461	0.33784341447340005	0.7106922308883379	0.0	0.19385664703629674	0.18282428531624179	1.0	0.6030419283415577	0.1581108734791186	0.6221982196391784	0.0	0.42126774976324866	0.6124514101884015	0.18251783328538268	0.0	0.4343342219774582	1.0	0.25374645947722163
ro	1.0	0.0	1.0	0.0	1.0	0.56143971666465	1.0	0.3805396437276289	0.6568318202362041	0.3407914741679766	1.0	1.0	0.7690990303325336	1.0	0.25940254300712845	0.661251134120194	1.0	1.0	1.0	1.0	0.0	0.31630184938819855	0.39486196150096003	0.6030419283415577	1.0	0.5763160088008373	1.0	0.0	1.0	0.7455134344225701	0.5794029628858844	0.0	0.7510341748895939	1.0	0.6701591524560107
ru	1.0	1.0	1.0	1.0	0.4822667307769518	0.12309494743953896	1.0	0.14997738823852316	0.28098375008265586	0.11405526197287594	1.0	1.0	0.34963940592471426	0.24775605216450358	0.2718320747495134	1.0	1.0	1.0	1.0	1.0	0.0	0.14418073383844954	0.13873725416994573	0.1581108734791186	0.5763160088008373	1.0	0.21686959140335713	1.0	0.3319720301123495	1.0	0.23613290582720808	1.0	1.0	1.0	1.0
sh	0.0	1.0	0.0	0.0	0.7863954451402115	0.6088658241758966	1.0	0.1995766456343914	0.6421409926345868	0.4238018317024751	1.0	1.0	0.6538836485984504	0.3771920222196024	0.369378920897887	0.26196139303662036	1.0	1.0	0.28841079694095795	1.0	0.0	0.36349886481792293	0.4771912026409945	0.6221982196391784	1.0	0.21686959140335713	1.0	0.0	0.7411828468492556	0.3181714955982686	0.4013749064672154	0.0	1.0	1.0	0.2686618886890522
si	0.0	0.0	0.0	0.0	0.0	0.0	0.0	1.0	0.0	1.0	0.0	0.0	0.0	1.0	1.0	0.0	0.0	0.0	0.0	0.0	0.0	0.0	0.0	0.0	0.0	1.0	0.0	1.0	0.0	0.0	1.0	0.0	0.0	0.0	0.0
simple	1.0	1.0	1.0	1.0	1.0	0.35263914064347085	0.7455134344225701	0.18614714261441773	0.3423158982205705	0.29013496691984775	1.0	1.0	1.0	0.4801963742490096	0.25833087238264746	0.4050198469372266	0.6589257440209709	1.0	1.0	1.0	0.0	0.37958009107499746	0.38617518828342434	0.42126774976324866	1.0	0.3319720301123495	0.7411828468492556	0.0	1.0	1.0	0.5824457318515305	0.0	0.6740515375688697	0.0	0.6193113617177751
sr	0.0	1.0	1.0	1.0	1.0	0.5392225599451642	1.0	0.3639554068451732	0.7234532828151788	0.7234532828151787	1.0	1.0	0.5405960481006828	0.629896233114065	0.38390676643244437	1.0	1.0	1.0	1.0	1.0	0.0	0.3097861713704303	0.5905282886393833	0.6124514101884015	0.7455134344225701	1.0	0.3181714955982686	0.0	1.0	1.0	0.4911526540218722	0.0	1.0	1.0	1.0
sv	1.0	1.0	1.0	1.0	0.33302802139719356	0.203924386477433	0.36021581407068637	0.1395699996262689	0.21449061022626387	0.19398672101217262	0.42845472290406994	1.0	0.42685260090348015	0.3484883563590535	0.2068011171271873	0.22933936769234903	0.31757120302444547	0.6131109307903289	0.35892394794243937	0.7502477598910112	0.0	0.19330620794691636	0.22615908362094103	0.18251783328538268	0.5794029628858844	0.23613290582720808	0.4013749064672154	1.0	0.5824457318515305	0.4911526540218722	1.0	0.0	0.5331481955588346	1.0	0.24004233876704464
te	0.0	0.0	0.0	0.0	0.0	0.0	0.0	0.0	0.0	1.0	0.0	1.0	0.0	0.0	0.0	1.0	0.0	0.0	0.0	0.0	0.0	0.0	1.0	0.0	0.0	1.0	0.0	0.0	0.0	0.0	0.0	1.0	0.0	0.0	0.0
vi	1.0	1.0	1.0	1.0	1.0	0.37802317339358343	1.0	0.27375158171442837	1.0	0.5815866676484372	1.0	1.0	1.0	0.5993388405810193	0.3205374998615339	1.0	1.0	1.0	1.0	1.0	0.0	0.369320383530008	0.4640062229867981	0.4343342219774582	0.7510341748895939	1.0	1.0	0.0	0.6740515375688697	1.0	0.5331481955588346	0.0	1.0	1.0	1.0
war	0.0	0.0	0.0	0.0	1.0	1.0	1.0	1.0	1.0	1.0	1.0	1.0	1.0	1.0	1.0	1.0	1.0	1.0	1.0	1.0	0.0	0.5660160774121898	1.0	1.0	1.0	1.0	1.0	0.0	0.0	1.0	1.0	0.0	1.0	1.0	1.0
zh	1.0	1.0	1.0	1.0	0.5716981509095984	0.25683785961370886	1.0	0.16660523527477186	0.46837245625582685	0.20673324875436452	1.0	1.0	0.56682622959115	0.29448549209663105	0.31231055342166525	1.0	1.0	1.0	1.0	1.0	0.0	0.20290343655664575	0.2532814496396713	0.25374645947722163	0.6701591524560107	1.0	0.2686618886890522	0.0	0.6193113617177751	1.0	0.24004233876704464	0.0	1.0	1.0	1.0
