arz	bs	ceb	ckb	da	de	el	en	es	fr	he	hi	hu	id	it	ja	ko	lv	mk	ml	mr	nl	pl	pt	ro	ru	sh	si	simple	sr	sv	te	vi	war	zh
arz	1.0	0.0	0.0	0.0	1.0	1.0	1.0	1.0	1.0	1.0	1.0	0.0	1.0	1.0	1.0	1.0	1.0	1.0	1.0	0.0	1.0	1.0	1.0	1.0	1.0	1.0	0.0	1.0	1.0	1.0	1.0	0.0	1.0	1.0	1.0
bs	0.0	1.0	0.0	0.0	1.0	1.0	1.0	1.0	1.0	1.0	1.0	1.0	1.0	0.0	1.0	1.0	1.0	0.0	0.0	0.0	0.0	1.0	1.0	1.0	1.0	1.0	1.0	0.0	0.0	1.0	1.0	0.0	1.0	0.6290066987253158	1.0
ceb	0.0	0.0	1.0	0.0	0.0	1.0	0.0	1.0	1.0	1.0	0.0	0.0	0.0	0.0	0.0	1.0	0.0	0.0	0.0	0.0	0.0	1.0	1.0	1.0	0.0	0.0	0.0	0.0	0.0	0.0	1.0	0.0	0.0	1.0	0.0
ckb	0.0	0.0	0.0	1.0	0.0	1.0	0.0	1.0	1.0	1.0	1.0	0.0	0.0	0.0	1.0	1.0	0.0	0.0	0.0	0.0	0.0	1.0	0.0	0.0	0.0	1.0	1.0	0.0	1.0	0.0	0.0	0.0	1.0	0.7510341748895938	0.0
da	1.0	1.0	0.0	0.0	1.0	1.0	1.0	0.3955288066781804	1.0	0.6030419283415577	1.0	1.0	1.0	1.0	1.0	1.0	1.0	1.0	1.0	1.0	1.0	1.0	1.0	1.0	0.8125806012482828	1.0	1.0	1.0	1.0	1.0	1.0	0.0	1.0	0.7292679407387131	1.0
de	1.0	1.0	1.0	1.0	1.0	1.0	1.0	0.15082115253114212	0.39183286820937063	0.31894797755178694	1.0	0.0	0.6468909830471344	1.0	0.5051676975127068	0.5263245255014597	1.0	1.0	1.0	1.0	1.0	0.5292664602491038	0.6383829424521854	0.7162976956558117	0.5956278222635838	0.5091866185415499	1.0	1.0	0.74551343442257	1.0	0.46214234802445325	0.0	1.0	0.7106922308883379	0.718925811717485
el	1.0	1.0	0.0	0.0	1.0	1.0	1.0	0.7347168825662656	1.0	1.0	1.0	0.0	1.0	1.0	1.0	1.0	1.0	1.0	1.0	1.0	1.0	1.0	1.0	1.0	0.8527592016360277	1.0	0.0	1.0	1.0	1.0	1.0	0.0	1.0	0.6994017365373274	1.0
en	1.0	1.0	1.0	1.0	0.3955288066781804	0.15082115253114212	0.7347168825662656	1.0	0.12191826565143608	0.14405304928750523	0.40695643460759806	1.0	0.5526460493176045	0.35752597897076926	0.29214400617669073	0.3229865487049996	1.0	1.0	1.0	1.0	1.0	0.253809460297775	0.38530646978710986	0.43960190567374413	0.4802927095951885	0.24569310800383787	1.0	1.0	0.648714720091063	1.0	0.2446254271628926	1.0	0.5780965534243105	0.6994017365373274	0.4463327123423919
es	1.0	1.0	1.0	1.0	1.0	0.39183286820937063	1.0	0.12191826565143608	1.0	0.405994510024021	1.0	1.0	1.0	1.0	0.5233791519748768	0.7128329397683222	1.0	1.0	1.0	1.0	1.0	0.483013067079557	1.0	0.7116768074483948	0.436814749020177	0.705751191025248	1.0	1.0	0.74551343442257	1.0	0.6309911181581389	0.0	1.0	0.6994017365373274	1.0
fr	1.0	1.0	1.0	1.0	0.6030419283415577	0.31894797755178694	1.0	0.14405304928750523	0.405994510024021	1.0	0.7155258672934656	1.0	1.0	0.728099120889861	0.4963073401836883	0.5457582013851965	1.0	1.0	1.0	1.0	1.0	0.45972101230690027	0.6390933240567507	0.5876310468429936	0.6862278701985123	0.46869870396890023	0.7510341748895937	1.0	0.7411828468492555	1.0	0.5069574348101161	1.0	0.7300208629885034	0.6994017365373274	1.0
he	1.0	1.0	0.0	1.0	1.0	1.0	1.0	0.40695643460759806	1.0	0.7155258672934656	1.0	0.0	1.0	1.0	1.0	1.0	1.0	1.0	1.0	1.0	1.0	1.0	1.0	0.7376607345031153	0.555061646758769	1.0	1.0	1.0	1.0	1.0	1.0	0.0	1.0	0.6994017365373274	1.0
hi	0.0	1.0	0.0	0.0	1.0	0.0	0.0	1.0	1.0	1.0	0.0	1.0	0.0	1.0	0.0	1.0	0.0	0.0	0.0	1.0	1.0	1.0	0.0	0.0	0.0	1.0	1.0	0.0	1.0	1.0	1.0	1.0	0.0	0.7510341748895938	0.0
hu	1.0	1.0	0.0	0.0	1.0	0.6468909830471344	1.0	0.5526460493176045	1.0	1.0	1.0	0.0	1.0	1.0	0.7347168825662656	1.0	1.0	1.0	1.0	1.0	1.0	1.0	1.0	0.7455134344225701	0.5797327577882725	1.0	1.0	1.0	1.0	1.0	1.0	0.0	1.0	0.7106922308883379	1.0
id	1.0	0.0	0.0	0.0	1.0	1.0	1.0	0.35752597897076926	1.0	0.728099120889861	1.0	1.0	1.0	1.0	1.0	1.0	1.0	1.0	1.0	1.0	1.0	1.0	1.0	1.0	1.0	0.7376607345031153	1.0	1.0	1.0	1.0	1.0	0.0	1.0	0.7013339132499982	1.0
it	1.0	1.0	0.0	1.0	1.0	0.5051676975127068	1.0	0.29214400617669073	0.5233791519748768	0.4963073401836883	1.0	0.0	0.7347168825662656	1.0	1.0	1.0	1.0	1.0	1.0	1.0	1.0	1.0	1.0	0.596639959243095	0.40054546257576246	0.7179915061657696	1.0	1.0	0.7690990303325336	1.0	0.7155258672934656	0.0	1.0	0.4015175658859531	1.0
ja	1.0	1.0	1.0	1.0	1.0	0.5263245255014597	1.0	0.3229865487049996	0.7128329397683222	0.5457582013851965	1.0	1.0	1.0	1.0	1.0	1.0	1.0	1.0	1.0	1.0	1.0	1.0	1.0	0.7248485669756151	0.6730238652492999	1.0	1.0	1.0	0.7455134344225701	1.0	1.0	0.0	1.0	0.6994017365373274	1.0
ko	1.0	1.0	0.0	0.0	1.0	1.0	1.0	1.0	1.0	1.0	1.0	0.0	1.0	1.0	1.0	1.0	1.0	1.0	1.0	1.0	1.0	1.0	1.0	1.0	0.7172940478297379	1.0	1.0	1.0	1.0	1.0	1.0	0.0	1.0	0.6994017365373274	1.0
lv	1.0	0.0	0.0	0.0	1.0	1.0	1.0	1.0	1.0	1.0	1.0	0.0	1.0	1.0	1.0	1.0	1.0	1.0	1.0	0.0	1.0	1.0	1.0	1.0	1.0	1.0	0.0	1.0	1.0	1.0	1.0	0.0	1.0	0.7584325078215763	1.0
mk	1.0	0.0	0.0	0.0	1.0	1.0	1.0	1.0	1.0	1.0	1.0	0.0	1.0	1.0	1.0	1.0	1.0	1.0	1.0	0.0	1.0	1.0	1.0	1.0	1.0	1.0	0.0	1.0	1.0	1.0	1.0	0.0	1.0	0.7690990303325336	1.0
ml	0.0	0.0	0.0	0.0	1.0	1.0	1.0	1.0	1.0	1.0	1.0	1.0	1.0	1.0	1.0	1.0	1.0	0.0	0.0	1.0	1.0	1.0	1.0	1.0	0.0	1.0	1.0	0.0	1.0	0.0	1.0	1.0	1.0	0.7106922308883379	1.0
mr	1.0	0.0	0.0	0.0	1.0	1.0	1.0	1.0	1.0	1.0	1.0	1.0	1.0	1.0	1.0	1.0	1.0	1.0	1.0	1.0	1.0	1.0	1.0	1.0	1.0	1.0	0.0	1.0	1.0	1.0	1.0	0.0	1.0	0.7690990303325336	1.0
nl	1.0	1.0	1.0	1.0	1.0	0.5292664602491038	1.0	0.253809460297775	0.483013067079557	0.45972101230690027	1.0	1.0	1.0	1.0	1.0	1.0	1.0	1.0	1.0	1.0	1.0	1.0	1.0	1.0	0.44312660728270353	0.5836411018279243	1.0	1.0	1.0	1.0	0.5823157937033148	1.0	1.0	0.4032771921501053	0.7300208629885034
pl	1.0	1.0	1.0	0.0	1.0	0.6383829424521854	1.0	0.38530646978710986	1.0	0.6390933240567507	1.0	0.0	1.0	1.0	1.0	1.0	1.0	1.0	1.0	1.0	1.0	1.0	1.0	0.6638546162332061	0.6862278701985123	1.0	1.0	1.0	1.0	1.0	1.0	0.0	1.0	0.6994017365373274	1.0
pt	1.0	1.0	1.0	0.0	1.0	0.7162976956558117	1.0	0.43960190567374413	0.7116768074483948	0.5876310468429936	0.7376607345031153	0.0	0.7455134344225701	1.0	0.596639959243095	0.7248485669756151	1.0	1.0	1.0	1.0	1.0	1.0	0.6638546162332061	1.0	0.8216064286890065	0.7221793916855703	1.0	1.0	1.0	1.0	1.0	0.0	1.0	0.6994017365373274	1.0
ro	1.0	1.0	0.0	0.0	0.8125806012482828	0.5956278222635838	0.8527592016360277	0.4802927095951885	0.436814749020177	0.6862278701985123	0.555061646758769	0.0	0.5797327577882725	1.0	0.40054546257576246	0.6730238652492999	0.7172940478297379	1.0	1.0	0.0	1.0	0.44312660728270353	0.6862278701985123	0.8216064286890065	1.0	0.6086533996310635	0.0	1.0	1.0	1.0	0.40333001630928417	0.0	0.749506019670501	0.5883778047992849	0.5255095498091948
ru	1.0	1.0	0.0	1.0	1.0	0.5091866185415499	1.0	0.24569310800383787	0.705751191025248	0.46869870396890023	1.0	1.0	1.0	0.7376607345031153	0.7179915061657696	1.0	1.0	1.0	1.0	1.0	1.0	0.5836411018279243	1.0	0.7221793916855703	0.6086533996310635	1.0	1.0	1.0	1.0	1.0	1.0	1.0	1.0	0.6994017365373274	1.0
sh	0.0	1.0	0.0	1.0	1.0	1.0	0.0	1.0	1.0	0.7510341748895937	1.0	1.0	1.0	1.0	1.0	1.0	1.0	0.0	0.0	1.0	0.0	1.0	1.0	1.0	0.0	1.0	1.0	0.0	1.0	1.0	1.0	0.0	1.0	0.40197986841551503	1.0
si	1.0	0.0	0.0	0.0	1.0	1.0	1.0	1.0	1.0	1.0	1.0	0.0	1.0	1.0	1.0	1.0	1.0	1.0	1.0	0.0	1.0	1.0	1.0	1.0	1.0	1.0	0.0	1.0	1.0	1.0	1.0	0.0	1.0	0.7863954451402115	1.0
simple	1.0	0.0	0.0	1.0	1.0	0.74551343442257	1.0	0.648714720091063	0.74551343442257	0.7411828468492555	1.0	1.0	1.0	1.0	0.7690990303325336	0.7455134344225701	1.0	1.0	1.0	1.0	1.0	1.0	1.0	1.0	1.0	1.0	1.0	1.0	1.0	1.0	0.7584325078215763	0.0	0.7690990303325336	0.7292679407387131	0.7690990303325336
sr	1.0	1.0	0.0	0.0	1.0	1.0	1.0	1.0	1.0	1.0	1.0	1.0	1.0	1.0	1.0	1.0	1.0	1.0	1.0	0.0	1.0	1.0	1.0	1.0	1.0	1.0	1.0	1.0	1.0	1.0	1.0	0.0	1.0	0.6994017365373274	1.0
sv	1.0	1.0	1.0	0.0	1.0	0.46214234802445325	1.0	0.2446254271628926	0.6309911181581389	0.5069574348101161	1.0	1.0	1.0	1.0	0.7155258672934656	1.0	1.0	1.0	1.0	1.0	1.0	0.5823157937033148	1.0	1.0	0.40333001630928417	1.0	1.0	1.0	0.7584325078215763	1.0	1.0	0.0	1.0	0.6212845645194139	0.7263875964832449
te	0.0	0.0	0.0	0.0	0.0	0.0	0.0	1.0	0.0	1.0	0.0	1.0	0.0	0.0	0.0	0.0	0.0	0.0	0.0	1.0	0.0	1.0	0.0	0.0	0.0	1.0	0.0	0.0	0.0	0.0	0.0	1.0	0.0	1.0	0.0
vi	1.0	1.0	0.0	1.0	1.0	1.0	1.0	0.5780965534243105	1.0	0.7300208629885034	1.0	0.0	1.0	1.0	1.0	1.0	1.0	1.0	1.0	1.0	1.0	1.0	1.0	1.0	0.749506019670501	1.0	1.0	1.0	0.7690990303325336	1.0	1.0	0.0	1.0	0.6994017365373274	1.0
war	1.0	0.6290066987253158	1.0	0.7510341748895938	0.7292679407387131	0.7106922308883379	0.6994017365373274	0.6994017365373274	0.6994017365373274	0.6994017365373274	0.6994017365373274	0.7510341748895938	0.7106922308883379	0.7013339132499982	0.4015175658859531	0.6994017365373274	0.6994017365373274	0.7584325078215763	0.7690990303325336	0.7106922308883379	0.7690990303325336	0.4032771921501053	0.6994017365373274	0.6994017365373274	0.5883778047992849	0.6994017365373274	0.40197986841551503	0.7863954451402115	0.7292679407387131	0.6994017365373274	0.6212845645194139	1.0	0.6994017365373274	1.0	0.6994017365373274
zh	1.0	1.0	0.0	0.0	1.0	0.718925811717485	1.0	0.4463327123423919	1.0	1.0	1.0	0.0	1.0	1.0	1.0	1.0	1.0	1.0	1.0	1.0	1.0	0.7300208629885034	1.0	1.0	0.5255095498091948	1.0	1.0	1.0	0.7690990303325336	1.0	0.7263875964832449	0.0	1.0	0.6994017365373274	1.0
