arz	bs	ceb	ckb	da	de	el	en	es	fr	he	hi	hu	id	it	ja	ko	lv	mk	ml	mr	nl	pl	pt	ro	ru	sh	si	simple	sr	sv	te	vi	war	zh
arz	0.3333333333333333	0.3333333333333333	0.5	0.058823529411764705	0.0	0.3333333333333333	0.3333333333333333	0.3333333333333333	0.3333333333333333	0.3333333333333333	0.3333333333333333	0.0	0.3333333333333333	0.5	0.3333333333333333	0.3333333333333333	0.3333333333333333	1.0	0.3333333333333333	0.041666666666666664	0.05	0.3333333333333333	0.3333333333333333	0.3333333333333333	0.0	0.3333333333333333	0.3333333333333333	0.05555555555555555	1.0	0.3333333333333333	0.3333333333333333	0.047619047619047616	1.0	0.07142857142857142	0.3333333333333333
bs	0.3333333333333333	0.023381404211833746	0.16666666666666666	0.019230769230769232	0.3333333333333333	0.025643656147271533	0.038461538461538464	0.025000625	0.025	0.026324793628808865	0.05555555555555555	0.0	0.0625	0.5	0.029423011245674743	0.08333333333333333	0.034482758620689655	0.05263157894736842	0.02564102564102564	0.011904761904761904	0.02173960302457467	0.07142857142857142	0.026317174515235454	0.04	0.25	0.02564102564102564	0.025656813286658125	0.02127659574468085	1.0	0.03333333333333333	0.06666666666666667	0.019230769230769232	0.06666666666666667	0.027777777777777776	0.03333333333333333
ceb	0.5	0.16666666666666666	0.125078140625	0.2	0.16666666666666666	0.125	0.14285714285714285	0.125	0.125	0.125	0.125	0.125	0.14285714285714285	0.125	0.14285714285714285	0.125	0.125	0.2	0.14287755102040817	0.14285714285714285	0.16666666666666666	0.14285714285714285	0.125	0.125015625	0.125	0.125	0.16666666666666666	0.16666666666666666	0.14285714285714285	0.125	0.14285714285714285	0.25	0.14285714285714285	0.16666666666666666	0.14285714285714285
ckb	0.058823529411764705	0.019230769230769232	0.2	0.009618713942400147	0.012987181649519312	0.01	0.013333333333333334	0.009708832123668583	0.009900990099009901	0.010101010101010102	0.010752803792345937	0.014705882352941176	0.014084705415592145	0.011494252873563218	0.0100001	0.010526426592797785	0.010869801512287334	0.014925595901091559	0.01587326782564878	0.017544167436134194	0.029411764705882353	0.010416666666666666	0.010309384631735573	0.01	0.012987012987012988	0.01020408163265306	0.013513696128560994	0.02702702702702703	0.012345831428135955	0.012195121951219513	0.01086968336483932	0.02631578947368421	0.011494252873563218	0.034482758620689655	0.010869565217391304
da	0.0	0.3333333333333333	0.16666666666666666	0.012987181649519312	0.09090909090909091	0.25	0.3333333333333333	0.125	0.16666666666666666	0.25	0.3333333333333333	0.0	0.3333333333333333	0.0	0.25	0.3333333333333333	0.3333333333333333	1.0	0.3333333333333333	0.007246534341524889	0.014492963663095989	0.3333333333333333	0.125	0.3333333333333333	1.0	0.1111111111111111	0.3333333333333333	0.016393711367911852	1.0	0.2	0.16666666666666666	0.013333688888888888	0.0	0.023809523809523808	0.25
de	0.3333333333333333	0.025643656147271533	0.125	0.01	0.25	0.003990692544556726	0.022727272727272728	0.00826487268629192	0.008695652173913044	0.011365056947314049	0.011764705882352941	0.3333333333333333	0.05	0.2	0.017244054994054694	0.07692307692307693	0.030303030303030304	0.05	0.022222222222222223	0.004807715421597633	0.01098901098901099	0.028572244897959183	0.009091487685950412	0.025	0.14285714285714285	0.010752688172043012	0.025643655489809333	0.011904761904761904	0.125	0.014925373134328358	0.05	0.008403361344537815	0.06666666666666667	0.022222222222222223	0.025
el	0.3333333333333333	0.038461538461538464	0.14285714285714285	0.013333333333333334	0.3333333333333333	0.022727272727272728	0.019230769230769232	0.02	0.021739130434782608	0.03225806451612903	0.03125	0.0	0.05555555555555555	0.3333333333333333	0.04	0.09090909090909091	0.05555555555555555	0.1	0.03333333333333333	0.007874077748155496	0.014085102162269388	0.05263157894736842	0.021739130434782608	0.047619047619047616	0.3333333333333333	0.022222222222222223	0.038461538461538464	0.01587351977828168	0.5	0.027777777777777776	0.07692307692307693	0.012345679012345678	0.16666666666666666	0.023255813953488372	0.047619047619047616
en	0.3333333333333333	0.025000625	0.125	0.009708832123668583	0.125	0.00826487268629192	0.02	0.002475720698756747	0.005154639175257732	0.010001399999999999	0.011235955056179775	0.3333333333333333	0.041666666666666664	0.125	0.01370313492268737	0.06666666666666667	0.02857142857142857	0.047619047619047616	0.022222222222222223	0.004386118825023084	0.010526869806094182	0.01851920438957476	0.00458751367729989	0.018518518518518517	0.07692307692307693	0.004672897196261682	0.025001250625625627	0.011364023760330577	0.1	0.010869565217391304	0.03333333333333333	0.008000128	0.0625	0.022222222222222223	0.02127659574468085
es	0.3333333333333333	0.025	0.125	0.009900990099009901	0.16666666666666666	0.008695652173913044	0.021739130434782608	0.005154639175257732	0.0012873724220933659	0.010101010101010102	0.011494252873563218	0.3333333333333333	0.047619047619047616	0.16666666666666666	0.013888888888888888	0.07142857142857142	0.029411764705882353	0.047619047619047616	0.022727272727272728	0.004545454545454545	0.010752688172043012	0.012658227848101266	0.008333333333333333	0.013333333333333334	0.1	0.007874015748031496	0.02564102564102564	0.011627906976744186	0.1111111111111111	0.013157894736842105	0.05	0.008333333333333333	0.06666666666666667	0.022222222222222223	0.022222222222222223
fr	0.3333333333333333	0.026324793628808865	0.125	0.010101010101010102	0.25	0.011365056947314049	0.03225806451612903	0.010001399999999999	0.010101010101010102	0.00580510477480599	0.017543859649122806	0.3333333333333333	0.05263157894736842	0.25006249999999997	0.00962269314256814	0.07142857142857142	0.034482758620689655	0.05555555555555555	0.025	0.004629693930041152	0.01086968336483932	0.03125	0.013333688888888888	0.02564102564102564	0.14285714285714285	0.012048192771084338	0.027036525201607015	0.011764705882352941	0.125	0.020833333333333332	0.058823529411764705	0.008474719908072394	0.07142857142857142	0.022222222222222223	0.029411764705882353
he	0.3333333333333333	0.05555555555555555	0.125	0.010752803792345937	0.3333333333333333	0.011764705882352941	0.03125	0.011235955056179775	0.011494252873563218	0.017543859649122806	0.01020408163265306	0.3333333333333333	0.07142857142857142	0.25	0.029411764705882353	0.1111111111111111	0.07692307692307693	0.5	0.05	0.005649749433432283	0.011765121107266433	0.04	0.015151515151515152	0.034482758620689655	0.2	0.016129032258064516	0.05555555555555555	0.0125	0.16666666666666666	0.027777777777777776	0.08333333333333333	0.009259259259259259	1.0	0.023809523809523808	0.0625
hi	0.0	0.0	0.125	0.014705882352941176	0.0	0.3333333333333333	0.0	0.3333333333333333	0.3333333333333333	0.3333333333333333	0.3333333333333333	0.3333333333333333	0.0	0.0	0.0	0.0	0.0	0.0	0.0	0.006802813688787125	0.012987518974531959	0.0	1.0	1.0	0.0	0.3333333333333333	0.0	0.01449338374291115	0.0	0.5	0.0	0.01086968336483932	0.0	0.024390243902439025	1.0
hu	0.3333333333333333	0.0625	0.14285714285714285	0.014084705415592145	0.3333333333333333	0.05	0.05555555555555555	0.041666666666666664	0.047619047619047616	0.05263157894736842	0.07142857142857142	0.0	0.03125	0.5	0.0625	0.1	0.08333333333333333	0.5	0.0625	0.007752298539751215	0.014085102162269388	0.07692307692307693	0.047619047619047616	0.0625	0.25	0.045454545454545456	0.06666666666666667	0.016393711367911852	1.0	0.08333333333333333	0.07142857142857142	0.011627906976744186	1.0	0.024390243902439025	0.07142857142857142
id	0.5	0.5	0.125	0.011494252873563218	0.0	0.2	0.3333333333333333	0.125	0.16666666666666666	0.25006249999999997	0.25	0.0	0.5	0.03620697175061765	0.25006249999999997	0.5	0.5	0.0	0.3333333333333333	0.005848055812044732	0.012048483088982435	0.25006249999999997	0.16666666666666666	0.16666666666666666	0.0	0.25	0.5	0.013158067867036011	1.0	0.3333333333333333	0.3333333333333333	0.009900990099009901	0.5	0.023255813953488372	0.3333333333333333
it	0.3333333333333333	0.029423011245674743	0.14285714285714285	0.0100001	0.25	0.017244054994054694	0.04	0.01370313492268737	0.013888888888888888	0.00962269314256814	0.029411764705882353	0.0	0.0625	0.25006249999999997	0.004991936272582543	0.08333333333333333	0.034482758620689655	0.05555555555555555	0.02702702702702703	0.004695034076131279	0.011494649227110581	0.03703840877914952	0.016951163458776213	0.034482758620689655	0.16666666666666666	0.01639344262295082	0.028585308572244898	0.012658388078833521	0.14285714285714285	0.030303030303030304	0.05555555555555555	0.008695652173913044	0.07692307692307693	0.022727272727272728	0.029411764705882353
ja	0.3333333333333333	0.08333333333333333	0.125	0.010526426592797785	0.3333333333333333	0.07692307692307693	0.09090909090909091	0.06666666666666667	0.07142857142857142	0.07142857142857142	0.1111111111111111	0.0	0.1	0.5	0.08333333333333333	0.06666666666666667	0.08333333333333333	0.5	0.08333333333333333	0.004975322393010073	0.01086968336483932	0.08333333333333333	0.07142857142857142	0.08333333333333333	1.0	0.07142857142857142	0.08333333333333333	0.011904903628117915	1.0	0.07692307692307693	0.1	0.008772006771314251	1.0	0.022222222222222223	0.07692307692307693
ko	0.3333333333333333	0.034482758620689655	0.125	0.010869801512287334	0.3333333333333333	0.030303030303030304	0.05555555555555555	0.02857142857142857	0.029411764705882353	0.034482758620689655	0.07692307692307693	0.0	0.08333333333333333	0.5	0.034482758620689655	0.08333333333333333	0.027777777777777776	0.05263157894736842	0.034482758620689655	0.005494505494505495	0.011363894628099173	0.07142857142857142	0.030303030303030304	0.058823529411764705	0.25	0.030303030303030304	0.034482758620689655	0.01250015625	1.0	0.034482758620689655	0.08333333333333333	0.009709020642850409	0.06666666666666667	0.022727272727272728	0.03125
lv	1.0	0.05263157894736842	0.2	0.014925595901091559	1.0	0.05	0.1	0.047619047619047616	0.047619047619047616	0.05555555555555555	0.5	0.0	0.5	0.0	0.05555555555555555	0.5	0.05263157894736842	0.00847457627118644	0.05263157894736842	0.008849792466128907	0.01587351977828168	0.3333333333333333	0.043478260869565216	0.16666666666666666	0.5	0.04	0.05263157894736842	0.017543859649122806	0.0	0.05	0.3333333333333333	0.015625	0.07142857142857142	0.025	0.05263157894736842
mk	0.3333333333333333	0.02564102564102564	0.14287755102040817	0.01587326782564878	0.3333333333333333	0.022222222222222223	0.03333333333333333	0.022222222222222223	0.022727272727272728	0.025	0.05	0.0	0.0625	0.3333333333333333	0.02702702702702703	0.08333333333333333	0.034482758620689655	0.05263157894736842	0.02127659574468085	0.009709114902441323	0.018518518518518517	0.06666666666666667	0.022727272727272728	0.038461538461538464	0.25	0.022727272727272728	0.02631578947368421	0.018518861454046638	1.0	0.030303030303030304	0.07142857142857142	0.01694972708991669	0.06666666666666667	0.02631578947368421	0.03125
ml	0.041666666666666664	0.011904761904761904	0.14285714285714285	0.017544167436134194	0.007246534341524889	0.004807715421597633	0.007874077748155496	0.004386118825023084	0.004545454545454545	0.004629693930041152	0.005649749433432283	0.006802813688787125	0.007752298539751215	0.005848055812044732	0.004695034076131279	0.004975322393010073	0.005494505494505495	0.008849792466128907	0.009709114902441323	0.0043618393963429595	0.016667777777777778	0.004975124378109453	0.0049504950495049506	0.004695034076153342	0.006711409395973154	0.004926253997913078	0.007299376631679898	0.018182479338842972	0.006451654526534859	0.006289347731497963	0.0052634072299168975	0.014084507042253521	0.005813987290427258	0.024390243902439025	0.00531943189791761
mr	0.05	0.02173960302457467	0.16666666666666666	0.029411764705882353	0.014492963663095989	0.01098901098901099	0.014085102162269388	0.010526869806094182	0.010752688172043012	0.01086968336483932	0.011765121107266433	0.012987518974531959	0.014085102162269388	0.012048483088982435	0.011494649227110581	0.01086968336483932	0.011363894628099173	0.01587351977828168	0.018518518518518517	0.016667777777777778	0.01056155984410353	0.011363765495867768	0.011364152892561982	0.011111234567901236	0.013513513513513514	0.011494913462808825	0.014925373134328358	0.029412629757785465	0.012048337930033388	0.012820677186061802	0.011494781344959702	0.02040816326530612	0.011236460042923871	0.03225806451612903	0.010990339451757033
nl	0.3333333333333333	0.07142857142857142	0.14285714285714285	0.010416666666666666	0.3333333333333333	0.028572244897959183	0.05263157894736842	0.01851920438957476	0.012658227848101266	0.03125	0.04	0.0	0.07692307692307693	0.25006249999999997	0.03703840877914952	0.08333333333333333	0.07142857142857142	0.3333333333333333	0.06666666666666667	0.004975124378109453	0.011363765495867768	0.0031476425996753913	0.023809523809523808	0.034482758620689655	0.3333333333333333	0.025	0.07142857142857142	0.012345679012345678	0.2	0.045454545454545456	0.058823529411764705	0.008695727788279773	1.0	0.022222222222222223	0.07142857142857142
pl	0.3333333333333333	0.026317174515235454	0.125	0.010309384631735573	0.125	0.009091487685950412	0.021739130434782608	0.00458751367729989	0.008333333333333333	0.013333688888888888	0.015151515151515152	1.0	0.047619047619047616	0.16666666666666666	0.016951163458776213	0.07142857142857142	0.030303030303030304	0.043478260869565216	0.022727272727272728	0.0049504950495049506	0.011364152892561982	0.023809523809523808	0.00037878025362115256	0.021739130434782608	0.09091735537190083	0.002352941176470588	0.027780092592592592	0.012195121951219513	0.125	0.008403361344537815	0.047619047619047616	0.008771929824561403	0.06666666666666667	0.022727272727272728	0.023809523809523808
pt	0.3333333333333333	0.04	0.125015625	0.01	0.3333333333333333	0.025	0.047619047619047616	0.018518518518518517	0.013333333333333334	0.02564102564102564	0.034482758620689655	1.0	0.0625	0.16666666666666666	0.034482758620689655	0.08333333333333333	0.058823529411764705	0.16666666666666666	0.038461538461538464	0.004695034076153342	0.011111234567901236	0.034482758620689655	0.021739130434782608	0.002544529262086514	0.3333333333333333	0.020833333333333332	0.043478260869565216	0.011765121107266433	0.5	0.038461538461538464	0.07142857142857142	0.00847457627118644	0.25	0.022727272727272728	0.05
ro	0.0	0.25	0.125	0.012987012987012988	1.0	0.14285714285714285	0.3333333333333333	0.07692307692307693	0.1	0.14285714285714285	0.2	0.0	0.25	0.0	0.16666666666666666	1.0	0.25	0.5	0.25	0.006711409395973154	0.013513513513513514	0.3333333333333333	0.09091735537190083	0.3333333333333333	0.04765308618822223	0.06666666666666667	0.3333333333333333	0.015384852071005919	0.0	0.2	1.0	0.012345679012345678	1.0	0.023809523809523808	0.2
ru	0.3333333333333333	0.02564102564102564	0.125	0.01020408163265306	0.1111111111111111	0.010752688172043012	0.022222222222222223	0.004672897196261682	0.007874015748031496	0.012048192771084338	0.016129032258064516	0.3333333333333333	0.045454545454545456	0.25	0.01639344262295082	0.07142857142857142	0.030303030303030304	0.04	0.022727272727272728	0.004926253997913078	0.011494913462808825	0.025	0.002352941176470588	0.020833333333333332	0.06666666666666667	0.0005104645227156713	0.02564102564102564	0.011904903628117915	0.16666666666666666	0.006993006993006993	0.017241379310344827	0.008547008547008548	0.06666666666666667	0.022222222222222223	0.022222222222222223
sh	0.3333333333333333	0.025656813286658125	0.16666666666666666	0.013513696128560994	0.3333333333333333	0.025643655489809333	0.038461538461538464	0.025001250625625627	0.02564102564102564	0.027036525201607015	0.05555555555555555	0.0	0.06666666666666667	0.5	0.028585308572244898	0.08333333333333333	0.034482758620689655	0.05263157894736842	0.02631578947368421	0.007299376631679898	0.014925373134328358	0.07142857142857142	0.027780092592592592	0.043478260869565216	0.3333333333333333	0.02564102564102564	0.023393453077969858	0.014925373134328358	1.0	0.034482758620689655	0.058823529411764705	0.012048337930033388	0.06666666666666667	0.023809523809523808	0.03333333333333333
si	0.05555555555555555	0.02127659574468085	0.16666666666666666	0.02702702702702703	0.016393711367911852	0.011904761904761904	0.01587351977828168	0.011364023760330577	0.011627906976744186	0.011764705882352941	0.0125	0.01449338374291115	0.016393711367911852	0.013158067867036011	0.012658388078833521	0.011904903628117915	0.01250015625	0.017543859649122806	0.018518861454046638	0.018182479338842972	0.029412629757785465	0.012345679012345678	0.012195121951219513	0.011765121107266433	0.015384852071005919	0.011904903628117915	0.014925373134328358	0.01138692765685157	0.013333333333333334	0.013158067867036011	0.012500624999999998	0.027777777777777776	0.01282084155161078	0.03571428571428571	0.011765259515570933
simple	1.0	1.0	0.14285714285714285	0.012345831428135955	1.0	0.125	0.5	0.1	0.1111111111111111	0.125	0.16666666666666666	0.0	1.0	1.0	0.14285714285714285	1.0	1.0	0.0	1.0	0.006451654526534859	0.012048337930033388	0.2	0.125	0.5	0.0	0.16666666666666666	1.0	0.013333333333333334	0.1	1.0	1.0	0.010989252505736022	1.0	0.023255813953488372	1.0
sr	0.3333333333333333	0.03333333333333333	0.125	0.012195121951219513	0.2	0.014925373134328358	0.027777777777777776	0.010869565217391304	0.013157894736842105	0.020833333333333332	0.027777777777777776	0.5	0.08333333333333333	0.3333333333333333	0.030303030303030304	0.07692307692307693	0.034482758620689655	0.05	0.030303030303030304	0.006289347731497963	0.012820677186061802	0.045454545454545456	0.008403361344537815	0.038461538461538464	0.2	0.006993006993006993	0.034482758620689655	0.013158067867036011	1.0	0.0049504950495049506	0.06666666666666667	0.010204185755935027	0.06666666666666667	0.023255813953488372	0.02631578947368421
sv	0.3333333333333333	0.06666666666666667	0.14285714285714285	0.01086968336483932	0.16666666666666666	0.05	0.07692307692307693	0.03333333333333333	0.05	0.058823529411764705	0.08333333333333333	0.0	0.07142857142857142	0.3333333333333333	0.05555555555555555	0.1	0.08333333333333333	0.3333333333333333	0.07142857142857142	0.0052634072299168975	0.011494781344959702	0.058823529411764705	0.047619047619047616	0.07142857142857142	1.0	0.017241379310344827	0.058823529411764705	0.012500624999999998	1.0	0.06666666666666667	0.005962993478020692	0.00925943072702332	1.0	0.022222222222222223	0.1
te	0.047619047619047616	0.019230769230769232	0.25	0.02631578947368421	0.013333688888888888	0.008403361344537815	0.012345679012345678	0.008000128	0.008333333333333333	0.008474719908072394	0.009259259259259259	0.01086968336483932	0.011627906976744186	0.009900990099009901	0.008695652173913044	0.008772006771314251	0.009709020642850409	0.015625	0.01694972708991669	0.014084507042253521	0.02040816326530612	0.008695727788279773	0.008771929824561403	0.00847457627118644	0.012345679012345678	0.008547008547008548	0.012048337930033388	0.027777777777777776	0.010989252505736022	0.010204185755935027	0.00925943072702332	0.00800762407245729	0.009901088128614842	0.04	0.00884963583679223
vi	1.0	0.06666666666666667	0.14285714285714285	0.011494252873563218	0.0	0.06666666666666667	0.16666666666666666	0.0625	0.06666666666666667	0.07142857142857142	1.0	0.0	1.0	0.5	0.07692307692307693	1.0	0.06666666666666667	0.07142857142857142	0.06666666666666667	0.005813987290427258	0.011236460042923871	1.0	0.06666666666666667	0.25	1.0	0.06666666666666667	0.06666666666666667	0.01282084155161078	1.0	0.06666666666666667	1.0	0.009901088128614842	0.0625	0.022727272727272728	0.06666666666666667
war	0.07142857142857142	0.027777777777777776	0.16666666666666666	0.034482758620689655	0.023809523809523808	0.022222222222222223	0.023255813953488372	0.022222222222222223	0.022222222222222223	0.022222222222222223	0.023809523809523808	0.024390243902439025	0.024390243902439025	0.023255813953488372	0.022727272727272728	0.022222222222222223	0.022727272727272728	0.025	0.02631578947368421	0.024390243902439025	0.03225806451612903	0.022222222222222223	0.022727272727272728	0.022727272727272728	0.023809523809523808	0.022222222222222223	0.023809523809523808	0.03571428571428571	0.023255813953488372	0.023255813953488372	0.022222222222222223	0.04	0.022727272727272728	0.022223703703703704	0.022222222222222223
zh	0.3333333333333333	0.03333333333333333	0.14285714285714285	0.010869565217391304	0.25	0.025	0.047619047619047616	0.02127659574468085	0.022222222222222223	0.029411764705882353	0.0625	1.0	0.07142857142857142	0.3333333333333333	0.029411764705882353	0.07692307692307693	0.03125	0.05263157894736842	0.03125	0.00531943189791761	0.010990339451757033	0.07142857142857142	0.023809523809523808	0.05	0.2	0.022222222222222223	0.03333333333333333	0.011765259515570933	1.0	0.02631578947368421	0.1	0.00884963583679223	0.06666666666666667	0.022222222222222223	0.019230769230769232
