arz	bs	ceb	ckb	da	de	el	en	es	fr	he	hi	hu	id	it	ja	ko	lv	mk	ml	mr	nl	pl	pt	ro	ru	sh	si	simple	sr	sv	te	vi	war	zh
arz	1.0	0.5114771566842783	0.6666666666666666	0.5333333333333333	0.5107692307692308	0.5059588299024919	0.5146341463414634	0.5048408655433084	0.5044483985765125	0.5064778314483774	0.5147058823529412	0.525	0.5077519379844961	0.5166301986526441	0.504863813229572	0.5079498639354264	0.5098304677408049	0.5185266471914874	0.5360561582641991	0.5348837209302326	0.5419776119402986	0.5041110086399792	0.5064664941627302	0.5083986562150056	0.5088564975646672	0.5074066319213607	0.5333333333333333	0.7017543859649122	0.5242718446601942	0.509903864278982	0.5095062020008424	0.5	0.5115606936416185	0.7289719626168224	0.5088235294117647
bs	0.5114771566842783	1.0	0.5	0.5165562913907285	0.5888900018921055	0.5387871691742195	0.5769431164878788	0.5212464041670063	0.5283927049754518	0.5330177438766991	0.6043957306772745	0.5102040816326531	0.5609585964907169	0.628698903658851	0.5348595019746678	0.5539080870053158	0.5540504965806635	0.6641779298719499	0.548543209388316	0.5133333333333333	0.5239308884791368	0.5307852393266619	0.5477720936412905	0.5319990917518277	0.5509792644971508	0.5506520780551515	0.528092560958331	0.528	0.5515339805825242	0.6454251623012078	0.5693013652247232	0.5	0.5438038238639441	0.546218487394958	0.548857373321842
ceb	0.6666666666666666	0.5	1.0	0.6666666666666666	0.501577287066246	0.5010162601626017	0.671875	0.5006802721088436	0.500965250965251	0.5009487666034156	0.6706231454005934	0.6724890829694323	0.5029940119760479	0.501358695652174	0.5009784735812133	0.6695652173913044	0.6696935300794551	0.5029940119760479	0.6707692307692308	0.6666666666666666	0.6832298136645962	0.5015673981191223	0.5013020833333334	0.5011961722488038	0.5029761904761905	0.6680919294494923	0.5020661157024793	0.6666666666666666	0.5053763440860215	0.5007923930269413	0.5018587360594796	0.6666666666666666	0.6711864406779662	0.6666666666666666	0.6697459584295612
ckb	0.5333333333333333	0.5165562913907285	0.6666666666666666	1.0	0.5082508250825083	0.5033185840707964	0.5076530612244897	0.5018270401948843	0.5027173913043478	0.5032894736842105	0.5099601593625498	0.5625	0.5050505050505051	0.5113122171945702	0.5029761904761905	0.5045537340619308	0.5050505050505051	0.5222668869991459	0.5384615384615384	0.6111111111111112	0.5925925925925926	0.5027777777777778	0.504424778761062	0.5034168564920273	0.5049738465098308	0.5045592705167173	0.5263157894736842	0.72	0.5133689839572192	0.5139664804469274	0.5065502183406114	0.5	0.5076923076923077	0.787878787878788	0.5045317220543807
da	0.5107692307692308	0.5888900018921055	0.501577287066246	0.5082508250825083	1.0	0.5560221977450738	0.5871230359239105	0.5417485745104094	0.5478572591197121	0.5556254154912785	0.5958272845725241	0.5051175097605396	0.5797130092021554	0.5959238500456845	0.5581659292513124	0.5683537678731252	0.569637593557079	0.5831021008746833	0.5250078655964724	0.5066225165562913	0.5132921256107752	0.5553414932299909	0.5640989419029684	0.5470752100329603	0.5542882491608009	0.5640733953397722	0.5111435675024807	0.5194029850746269	0.5642242308619093	0.5812433153064465	0.5995128352281865	0.5	0.5584683991085823	0.5242424242424242	0.5691076422595684
de	0.5059588299024919	0.5387871691742195	0.5010162601626017	0.5033185840707964	0.5560221977450738	1.0	0.5783068883944246	0.607133184745508	0.6147497558370898	0.6267541351859631	0.5587028227354234	0.5016648168701443	0.6007668375053253	0.5484919708559896	0.6220092438674104	0.6052608873837924	0.5807348219517188	0.5281764436425042	0.5108667684976815	0.5027685492801772	0.504991177172177	0.6146051702390908	0.6100309342776983	0.5957420321104125	0.597642909398474	0.6145577371577107	0.5071193866374589	0.5064805583250249	0.5413278735818012	0.5406456057243431	0.5712817491946673	0.5	0.5451293587252718	0.5075075075075075	0.6084024206165324
el	0.5146341463414634	0.5769431164878788	0.671875	0.5076530612244897	0.5871230359239105	0.5783068883944246	1.0	0.5528114277671999	0.5670440430018181	0.5778697278782168	0.606017855633229	0.5038560411311054	0.5913929085607973	0.5881636505729394	0.5765048873696752	0.5989371457299953	0.5885374810578339	0.5678598618965455	0.5248879765136967	0.5063938618925832	0.5117511266065848	0.5663183955198304	0.5909708901685224	0.5687817075495323	0.589950909514557	0.5964876207445439	0.5111111111111111	0.6964618249534451	0.5639603222836055	0.5715975795299215	0.5827752426388011	0.5	0.5523517118463004	0.6992481203007519	0.5887249340246659
en	0.5048408655433084	0.5212464041670063	0.5006802721088436	0.5018270401948843	0.5417485745104094	0.607133184745508	0.5528114277671999	1.0	0.6180065251496057	0.610674001861315	0.5351250172482407	0.50091519219036	0.5671585305778462	0.5311889645654081	0.6183983352858474	0.572204951601124	0.5574039603384704	0.5160325319097753	0.5063590688648926	0.5015234613040829	0.5027519441683045	0.6085065739913403	0.5855604935302537	0.584072225914774	0.5670608401579209	0.5835027118311507	0.5039469230539841	0.5057239057239057	0.5258102827159642	0.5255569382590504	0.5606594563681411	0.5	0.5449496345647711	0.5053908355795148	0.5845891336118804
es	0.5044483985765125	0.5283927049754518	0.500965250965251	0.5027173913043478	0.5478572591197121	0.6147497558370898	0.5670440430018181	0.6180065251496057	1.0	0.6168226743999147	0.5503979156395219	0.5013623978201636	0.5849052796771663	0.5396597005973904	0.6285702689814016	0.5909285648860826	0.570548983170158	0.5233003787262716	0.5093666369313113	0.5022665457842249	0.5036036036036037	0.6011768673609862	0.6003500297054769	0.6024915102797249	0.5817982061175424	0.606406796808563	0.5053859964093357	0.506641366223909	0.5340774391142493	0.5325214500648989	0.5594164781655645	0.5	0.5377030216179439	0.5076190476190476	0.5978079424345084
fr	0.5064778314483774	0.5330177438766991	0.5009487666034156	0.5032894736842105	0.5556254154912785	0.6267541351859631	0.5778697278782168	0.610674001861315	0.6168226743999147	1.0	0.5601730955812342	0.5016501650165016	0.604493797235936	0.5467423058631701	0.633090456959704	0.6058840373864988	0.5829736774047667	0.5283453721141745	0.5102678723994822	0.5027494062201641	0.5044092682608309	0.6090440661536535	0.6095791458923746	0.6049822008091723	0.612088040627952	0.6139944460210378	0.5048909231032276	0.5074766355140187	0.5377063914547429	0.5358300970226844	0.5665095338079724	0.5	0.5426871552498002	0.5074906367041199	0.5972576614526074
he	0.5147058823529412	0.6043957306772745	0.6706231454005934	0.5099601593625498	0.5958272845725241	0.5587028227354234	0.606017855633229	0.5351250172482407	0.5503979156395219	0.5601730955812342	1.0	0.5060728744939271	0.5793746313551614	0.6056561381773166	0.5542217580672629	0.5850371392254372	0.5817266369183296	0.6104912702979812	0.5343953656770456	0.508	0.5163519459990601	0.5490596495466666	0.5745233457418716	0.5561166497883199	0.5739792383340538	0.5811100551859818	0.515243422502545	0.6915351506456241	0.5764237417134537	0.6011739290973988	0.5795157174909856	0.5	0.5473206586570647	0.6956521739130435	0.5750132186946826
hi	0.525	0.5102040816326531	0.6724890829694323	0.5625	0.5051175097605396	0.5016648168701443	0.5038560411311054	0.50091519219036	0.5013623978201636	0.5016501650165016	0.5060728744939271	1.0	0.5030888785915663	0.5069124423963134	0.5014925373134328	0.5018315018315018	0.5025380710659899	0.5138999167496764	0.5319148936170213	0.5714285714285714	0.5416666666666666	0.5013927576601671	0.5022222222222222	0.5017142857142858	0.502495840266223	0.5022900763358779	0.5151515151515151	0.7131782945736435	0.5081967213114754	0.5086717761012369	0.5032967032967033	0.5	0.5046728971962617	0.7193675889328064	0.5022761760242792
hu	0.5077519379844961	0.5609585964907169	0.5029940119760479	0.5050505050505051	0.5797130092021554	0.6007668375053253	0.5913929085607973	0.5671585305778462	0.5849052796771663	0.604493797235936	0.5793746313551614	0.5030888785915663	1.0	0.5749835260522439	0.5993511318305494	0.6026052120472263	0.5749544161006971	0.5537145353146098	0.5197101090637252	0.5050709939148074	0.5092591408574376	0.5864781886157364	0.6019039814647428	0.5916200626958571	0.6107174278283367	0.6000257731818623	0.5068762278978389	0.5154929577464789	0.5503272906528581	0.5591470987450011	0.5805503068319977	0.5	0.559021530178286	0.5170454545454546	0.5843215783024469
id	0.5166301986526441	0.628698903658851	0.501358695652174	0.5113122171945702	0.5959238500456845	0.5484919708559896	0.5881636505729394	0.5311889645654081	0.5396597005973904	0.5467423058631701	0.6056561381773166	0.5069124423963134	0.5749835260522439	1.0	0.545285083533738	0.5774112319760818	0.5763387487927092	0.6264730637906509	0.5342214769746709	0.5091900387351613	0.51830209152539	0.5407314255526919	0.558936947981907	0.5458336276480296	0.5610533909162249	0.5657322048319893	0.5170940170940171	0.5092838196286472	0.5649426985567817	0.6074919337518034	0.5711656640919128	0.5	0.5623750306616221	0.5106666666666667	0.5676999592870402
it	0.504863813229572	0.5348595019746678	0.5009784735812133	0.5029761904761905	0.5581659292513124	0.6220092438674104	0.5765048873696752	0.6183983352858474	0.6285702689814016	0.633090456959704	0.5542217580672629	0.5014925373134328	0.5993511318305494	0.545285083533738	1.0	0.6019543335198052	0.5774044468269991	0.5261015960709067	0.5103446115635027	0.5024989782594584	0.5039775613059088	0.6087039065511245	0.6147689359272672	0.6021831463447418	0.591764054396292	0.6117609945719636	0.5064079451964995	0.5057581573896353	0.5377988704741483	0.535886024582629	0.5684523065872931	0.5	0.5462702093537342	0.5067437379576109	0.6037109112223636
ja	0.5079498639354264	0.5539080870053158	0.6695652173913044	0.5045537340619308	0.5683537678731252	0.6052608873837924	0.5989371457299953	0.572204951601124	0.5909285648860826	0.6058840373864988	0.5850371392254372	0.5018315018315018	0.6026052120472263	0.5774112319760818	0.6019543335198052	1.0	0.5999646591717647	0.546276540188896	0.5142445154840154	0.5036496350364964	0.5063063063063064	0.5845053867929266	0.601101303743993	0.5900219475298282	0.5981531873747848	0.6168534975598756	0.5080627072821193	0.6850477200424179	0.5547262743670948	0.551926890948368	0.5815961493333092	0.5	0.5600050030583764	0.688034188034188	0.6106610432291323
ko	0.5098304677408049	0.5540504965806635	0.6696935300794551	0.5050505050505051	0.569637593557079	0.5807348219517188	0.5885374810578339	0.5574039603384704	0.570548983170158	0.5829736774047667	0.5817266369183296	0.5025380710659899	0.5749544161006971	0.5763387487927092	0.5774044468269991	0.5999646591717647	1.0	0.5448976486780296	0.5156595074539415	0.5042158516020236	0.5077223115705325	0.5636733825979326	0.5806252139703539	0.5733290541571514	0.5751047593484702	0.5890042317709029	0.5074135090609555	0.6873614190687362	0.555132124854026	0.5519081088153376	0.5714269135543824	0.5	0.545927933168349	0.6905027932960894	0.5902423164815447
lv	0.5185266471914874	0.6641779298719499	0.5029940119760479	0.5222668869991459	0.5831021008746833	0.5281764436425042	0.5678598618965455	0.5160325319097753	0.5233003787262716	0.5283453721141745	0.6104912702979812	0.5138999167496764	0.5537145353146098	0.6264730637906509	0.5261015960709067	0.546276540188896	0.5448976486780296	1.0	0.5554789363431016	0.5178571428571429	0.5378439320673071	0.5241866515055149	0.5388896933227575	0.5292889260271261	0.5435695076462437	0.540834026805571	0.5320402702300919	0.5294117647058824	0.5573538701028469	0.6520809156007715	0.5544143008947338	0.5	0.5376371712919252	0.5384615384615384	0.5392123654087406
mk	0.5360561582641991	0.548543209388316	0.6707692307692308	0.5384615384615384	0.5250078655964724	0.5108667684976815	0.5248879765136967	0.5063590688648926	0.5093666369313113	0.5102678723994822	0.5343953656770456	0.5319148936170213	0.5197101090637252	0.5342214769746709	0.5103446115635027	0.5142445154840154	0.5156595074539415	0.5554789363431016	1.0	0.54	0.5583250249252243	0.5096525443403955	0.5153442438700719	0.512394343843913	0.5171047428034109	0.5141303535186843	0.5373134328358209	0.6888888888888889	0.5308056872037915	0.5447155397174183	0.5192863580434188	0.5	0.5158527178190712	0.7089337175792507	0.5163463102574882
ml	0.5348837209302326	0.5133333333333333	0.6666666666666666	0.6111111111111112	0.5066225165562913	0.5027685492801772	0.5063938618925832	0.5015234613040829	0.5022665457842249	0.5027494062201641	0.508	0.5714285714285714	0.5050709939148074	0.5091900387351613	0.5024989782594584	0.5036496350364964	0.5042158516020236	0.5178571428571429	0.54	1.0	0.6176470588235294	0.502324847563197	0.5036927621861153	0.5028506271379704	0.5041459369817579	0.5038368056411741	0.5277777777777778	0.7042253521126761	0.5135135135135135	0.5112359550561798	0.5043668122270742	0.5	0.5061728395061729	0.7184466019417476	0.5037821482602118
mr	0.5419776119402986	0.5239308884791368	0.6832298136645962	0.5925925925925926	0.5132921256107752	0.504991177172177	0.5117511266065848	0.5027519441683045	0.5036036036036037	0.5044092682608309	0.5163519459990601	0.5416666666666666	0.5092591408574376	0.51830209152539	0.5039775613059088	0.5063063063063064	0.5077223115705325	0.5378439320673071	0.5583250249252243	0.6176470588235294	1.0	0.504202990265138	0.5067317661659273	0.5051547905068664	0.5075435354762203	0.506119186176575	0.5333333333333333	0.7	0.5235602094240838	0.5231888852133643	0.5076368665041668	0.5	0.5107563810204138	0.7150259067357513	0.5067466266866567
nl	0.5041110086399792	0.5307852393266619	0.5015673981191223	0.5027777777777778	0.5553414932299909	0.6146051702390908	0.5663183955198304	0.6085065739913403	0.6011768673609862	0.6090440661536535	0.5490596495466666	0.5013927576601671	0.5864781886157364	0.5407314255526919	0.6087039065511245	0.5845053867929266	0.5636733825979326	0.5241866515055149	0.5096525443403955	0.502324847563197	0.504202990265138	1.0	0.597485549785977	0.6093580385470446	0.5824682689711045	0.5976840910461994	0.5045787545787546	0.510670731707317	0.5318507078327365	0.5323070800859261	0.5786067169177516	0.5	0.5520903735225678	0.5122699386503067	0.5948000719924832
pl	0.5064664941627302	0.5477720936412905	0.5013020833333334	0.504424778761062	0.5640989419029684	0.6100309342776983	0.5909708901685224	0.5855604935302537	0.6003500297054769	0.6095791458923746	0.5745233457418716	0.5022222222222222	0.6019039814647428	0.558936947981907	0.6147689359272672	0.601101303743993	0.5806252139703539	0.5388896933227575	0.5153442438700719	0.5036927621861153	0.5067317661659273	0.597485549785977	1.0	0.5919093611972858	0.5942697170352321	0.6170206322007001	0.5087789500713304	0.5082592121982211	0.5476578876711381	0.5540930396164646	0.5746553279547653	0.5	0.5459361744670607	0.510230179028133	0.5977979593242352
pt	0.5083986562150056	0.5319990917518277	0.5011961722488038	0.5034168564920273	0.5470752100329603	0.5957420321104125	0.5687817075495323	0.584072225914774	0.6024915102797249	0.6049822008091723	0.5561166497883199	0.5017142857142858	0.5916200626958571	0.5458336276480296	0.6021831463447418	0.5900219475298282	0.5733290541571514	0.5292889260271261	0.512394343843913	0.5028506271379704	0.5051547905068664	0.6093580385470446	0.5919093611972858	1.0	0.5904980985495992	0.5895952566768211	0.5050505050505051	0.5081967213114754	0.5378653829067902	0.5343501116760555	0.5594698804745194	0.5	0.5373775965724205	0.5094117647058823	0.5835661170931641
ro	0.5088564975646672	0.5509792644971508	0.5029761904761905	0.5049738465098308	0.5542882491608009	0.597642909398474	0.589950909514557	0.5670608401579209	0.5817982061175424	0.612088040627952	0.5739792383340538	0.502495840266223	0.6107174278283367	0.5610533909162249	0.591764054396292	0.5981531873747848	0.5751047593484702	0.5435695076462437	0.5171047428034109	0.5041459369817579	0.5075435354762203	0.5824682689711045	0.5942697170352321	0.5904980985495992	1.0	0.6058928721276755	0.50648648729775	0.5168539325842697	0.5441768583397592	0.5469335374687071	0.5651267077402953	0.5	0.5448395937663538	0.5213675213675213	0.5943862728468593
ru	0.5074066319213607	0.5506520780551515	0.6680919294494923	0.5045592705167173	0.5640733953397722	0.6145577371577107	0.5964876207445439	0.5835027118311507	0.606406796808563	0.6139944460210378	0.5811100551859818	0.5022900763358779	0.6000257731818623	0.5657322048319893	0.6117609945719636	0.6168534975598756	0.5890042317709029	0.540834026805571	0.5141303535186843	0.5038368056411741	0.506119186176575	0.5976840910461994	0.6170206322007001	0.5895952566768211	0.6058928721276755	1.0	0.5074626865671642	0.6786850477200425	0.5504513373005409	0.5477699303466259	0.5764221691307153	0.5	0.5539556866583257	0.6779840848806366	0.6128678846209821
sh	0.5333333333333333	0.528092560958331	0.5020661157024793	0.5263157894736842	0.5111435675024807	0.5071193866374589	0.5111111111111111	0.5039469230539841	0.5053859964093357	0.5048909231032276	0.515243422502545	0.5151515151515151	0.5068762278978389	0.5170940170940171	0.5064079451964995	0.5080627072821193	0.5074135090609555	0.5320402702300919	0.5373134328358209	0.5277777777777778	0.5333333333333333	0.5045787545787546	0.5087789500713304	0.5050505050505051	0.50648648729775	0.5074626865671642	1.0	0.5139442231075697	0.5123152709359606	0.5323515408231952	0.5084745762711864	0.5	0.5058479532163742	0.5150300601202404	0.5074183976261127
si	0.7017543859649122	0.528	0.6666666666666666	0.72	0.5194029850746269	0.5064805583250249	0.6964618249534451	0.5057239057239057	0.506641366223909	0.5074766355140187	0.6915351506456241	0.7131782945736435	0.5154929577464789	0.5092838196286472	0.5057581573896353	0.6850477200424179	0.6873614190687362	0.5294117647058824	0.6888888888888889	0.7042253521126761	0.7	0.510670731707317	0.5082592121982211	0.5081967213114754	0.5168539325842697	0.6786850477200425	0.5139442231075697	1.0	0.529126213592233	0.5100154083204931	0.512589928057554	0.6947368421052631	0.6972176759410802	0.7586206896551725	0.6877113866967305
simple	0.5242718446601942	0.5515339805825242	0.5053763440860215	0.5133689839572192	0.5642242308619093	0.5413278735818012	0.5639603222836055	0.5258102827159642	0.5340774391142493	0.5377063914547429	0.5764237417134537	0.5081967213114754	0.5503272906528581	0.5649426985567817	0.5377988704741483	0.5547262743670948	0.555132124854026	0.5573538701028469	0.5308056872037915	0.5135135135135135	0.5235602094240838	0.5318507078327365	0.5476578876711381	0.5378653829067902	0.5441768583397592	0.5504513373005409	0.5123152709359606	0.529126213592233	1.0	0.554034636618014	0.5545816697462113	0.5	0.5403303224193282	0.5320197044334976	0.5501846820721024
sr	0.509903864278982	0.6454251623012078	0.5007923930269413	0.5139664804469274	0.5812433153064465	0.5406456057243431	0.5715975795299215	0.5255569382590504	0.5325214500648989	0.5358300970226844	0.6011739290973988	0.5086717761012369	0.5591470987450011	0.6074919337518034	0.535886024582629	0.551926890948368	0.5519081088153376	0.6520809156007715	0.5447155397174183	0.5112359550561798	0.5231888852133643	0.5323070800859261	0.5540930396164646	0.5343501116760555	0.5469335374687071	0.5477699303466259	0.5323515408231952	0.5100154083204931	0.554034636618014	1.0	0.5593815315204316	0.5	0.5379311955713524	0.5108359133126935	0.5488641191107155
sv	0.5095062020008424	0.5693013652247232	0.5018587360594796	0.5065502183406114	0.5995128352281865	0.5712817491946673	0.5827752426388011	0.5606594563681411	0.5594164781655645	0.5665095338079724	0.5795157174909856	0.5032967032967033	0.5805503068319977	0.5711656640919128	0.5684523065872931	0.5815961493333092	0.5714269135543824	0.5544143008947338	0.5192863580434188	0.5043668122270742	0.5076368665041668	0.5786067169177516	0.5746553279547653	0.5594698804745194	0.5651267077402953	0.5764221691307153	0.5084745762711864	0.512589928057554	0.5545816697462113	0.5593815315204316	1.0	0.5	0.5749489695420942	0.5144927536231884	0.5755513983680828
te	0.5	0.5	0.6666666666666666	0.5	0.5	0.5	0.5	0.5	0.5	0.5	0.5	0.5	0.5	0.5	0.5	0.5	0.5	0.5	0.5	0.5	0.5	0.5	0.5	0.5	0.5	0.5	0.5	0.6947368421052631	0.5	0.5	0.5	1.0	0.5	0.6956521739130435	0.5
vi	0.5115606936416185	0.5438038238639441	0.6711864406779662	0.5076923076923077	0.5584683991085823	0.5451293587252718	0.5523517118463004	0.5449496345647711	0.5377030216179439	0.5426871552498002	0.5473206586570647	0.5046728971962617	0.559021530178286	0.5623750306616221	0.5462702093537342	0.5600050030583764	0.545927933168349	0.5376371712919252	0.5158527178190712	0.5061728395061729	0.5107563810204138	0.5520903735225678	0.5459361744670607	0.5373775965724205	0.5448395937663538	0.5539556866583257	0.5058479532163742	0.6972176759410802	0.5403303224193282	0.5379311955713524	0.5749489695420942	0.5	1.0	0.7019867549668874	0.5573196138497013
war	0.7289719626168224	0.546218487394958	0.6666666666666666	0.787878787878788	0.5242424242424242	0.5075075075075075	0.6992481203007519	0.5053908355795148	0.5076190476190476	0.5074906367041199	0.6956521739130435	0.7193675889328064	0.5170454545454546	0.5106666666666667	0.5067437379576109	0.688034188034188	0.6905027932960894	0.5384615384615384	0.7089337175792507	0.7184466019417476	0.7150259067357513	0.5122699386503067	0.510230179028133	0.5094117647058823	0.5213675213675213	0.6779840848806366	0.5150300601202404	0.7586206896551725	0.5320197044334976	0.5108359133126935	0.5144927536231884	0.6956521739130435	0.7019867549668874	1.0	0.6909090909090909
zh	0.5088235294117647	0.548857373321842	0.6697459584295612	0.5045317220543807	0.5691076422595684	0.6084024206165324	0.5887249340246659	0.5845891336118804	0.5978079424345084	0.5972576614526074	0.5750132186946826	0.5022761760242792	0.5843215783024469	0.5676999592870402	0.6037109112223636	0.6106610432291323	0.5902423164815447	0.5392123654087406	0.5163463102574882	0.5037821482602118	0.5067466266866567	0.5948000719924832	0.5977979593242352	0.5835661170931641	0.5943862728468593	0.6128678846209821	0.5074183976261127	0.6877113866967305	0.5501846820721024	0.5488641191107155	0.5755513983680828	0.5	0.5573196138497013	0.6909090909090909	1.0
