arz	bs	ceb	ckb	da	de	el	en	es	fr	he	hi	hu	id	it	ja	ko	lv	mk	ml	mr	nl	pl	pt	ro	ru	sh	si	simple	sr	sv	te	vi	war	zh
arz	1.0	0.585786437626905	0.0	1.0	0.5	0.585786437626905	1.0	0.2097188436578299	1.0	0.585786437626905	1.0	1.0	1.0	0.4364916731037085	0.32449979983983984	1.0	1.0	1.0	1.0	1.0	1.0	0.2742918851774318	1.0	0.585786437626905	1.0	1.0	0.585786437626905	1.0	1.0	1.0	0.585786437626905	1.0	1.0	1.0	1.0
bs	0.585786437626905	1.0	0.0	1.0	0.11519147131645421	0.1194584024218499	0.13752076280197198	0.09174514479666	0.11711263137789424	0.11937782200518396	0.13833239685076654	0.28172904669025317	0.18181818181818182	0.11149901960407381	0.08070742703234905	0.1393161703394676	0.13957875683699938	0.22966848451216434	0.156234931905558	0.39564392373896007	0.4142135623730951	0.1050140077775622	0.12849622184722817	0.10882074784320434	0.126516536980057	0.125	0.1087485224498161	1.0	0.2216368750839041	0.11772403115357771	0.13957875683699938	1.0	0.15990865468516838	0.585786437626905	0.12389934309929541
ceb	0.0	0.0	1.0	0.0	1.0	1.0	1.0	1.0	1.0	1.0	1.0	1.0	1.0	1.0	1.0	1.0	1.0	1.0	1.0	0.0	1.0	1.0	1.0	1.0	1.0	1.0	1.0	0.0	1.0	1.0	1.0	0.0	1.0	0.0	1.0
ckb	1.0	1.0	0.0	1.0	0.5	1.0	1.0	0.585786437626905	0.585786437626905	1.0	1.0	1.0	1.0	0.585786437626905	0.3483314773547883	1.0	1.0	1.0	1.0	1.0	1.0	1.0	1.0	0.585786437626905	1.0	1.0	0.585786437626905	1.0	1.0	1.0	1.0	1.0	1.0	1.0	1.0
da	0.5	0.11519147131645421	1.0	0.5	1.0	0.01048344210315222	0.026872297194290896	0.01564988369570024	0.009045048449155978	0.00935335673404839	0.012738395484155191	0.11619275891431294	0.020186280543975775	0.010669746342285406	0.01811307472065743	0.011286749579530127	0.011383153606222194	0.026883117884895242	0.10100309593311382	0.1548242231105025	0.1104422989713269	0.013460591109331036	0.011136250187934195	0.010091030949489443	0.015697650293767546	0.00874972917688932	0.01351378614861792	0.3430703308172536	0.04668087844099815	0.011115257387957728	0.010270259905205734	0.5	0.016268427194117186	0.585786437626905	0.010465407640368855
de	0.585786437626905	0.1194584024218499	1.0	1.0	0.01048344210315222	1.0	0.1111111111111111	0.0033865061134656853	0.02493190312034226	0.005246856772296778	0.06819261932460444	0.24025307335204216	0.12671020163537874	0.014471364850357991	0.004012059990177102	0.06428418080858156	0.07431302460996668	0.1876127897984334	0.23166247903554	0.38742588672279304	0.26968623182294527	0.005447775117782951	0.02132112990115337	0.007145452934948125	0.11178619159401541	0.022583903273444967	0.032869812039674276	0.585786437626905	0.14146178098635465	0.056268285683144646	0.026042755944107966	0.585786437626905	0.10405150910874718	0.585786437626905	0.06616976662747366
el	1.0	0.13752076280197198	1.0	1.0	0.026872297194290896	0.1111111111111111	1.0	0.008293480799659154	0.10815240673485554	0.052443206564382075	1.0	1.0	1.0	0.06869412398285482	0.009444532875164903	1.0	1.0	0.585786437626905	1.0	1.0	1.0	0.014726908320605794	0.10685977158763547	0.0527861633798329	0.33333333333333326	1.0	0.06995582247686107	1.0	0.20942771453851886	0.44948974278317805	0.11467753628408726	1.0	1.0	1.0	1.0
en	0.2097188436578299	0.09174514479666	1.0	0.585786437626905	0.01564988369570024	0.0033865061134656853	0.008293480799659154	1.0	0.0031588937045701846	0.005988295068017301	0.005976013204632177	0.028310349455227722	0.00805817017331836	0.005179920163398217	0.01758910605700614	0.004594366750582569	0.004720852393364217	0.036953786608778294	0.016064458915889243	0.06936540706703205	0.10886898139200682	0.016139298301425787	0.00398877918775337	0.0058464586684513695	0.008042688027514929	0.0025020820174554243	0.006588443233097586	0.3430703308172536	0.02620122512836064	0.004421326292918394	0.005410372316129599	1.0	0.006870828619500973	0.4142135623730951	0.004786203090578048
es	1.0	0.11711263137789424	1.0	0.585786437626905	0.009045048449155978	0.02493190312034226	0.10815240673485554	0.0031588937045701846	1.0	0.00371224146482742	0.06933980499453295	0.27429188517743175	0.13133048602716904	0.006498276078190685	0.003815603519181739	0.05733823822096892	0.05777172237849091	0.1907435698305462	0.17411239489546831	0.4142135623730951	0.4142135623730951	0.00504663016130451	0.019718191436676257	0.004281876577109706	0.09196071325456735	0.01377390027432269	0.019548741880649343	1.0	0.1247219569701368	0.04244757643921619	0.02257325129945983	1.0	0.09802528877961961	1.0	0.0530135109247653
fr	0.585786437626905	0.11937782200518396	1.0	1.0	0.00935335673404839	0.005246856772296778	0.052443206564382075	0.005988295068017301	0.00371224146482742	1.0	0.02199840303818974	0.179128784747792	0.05731682450240641	0.005924998581300772	0.0062202245799513976	0.008373795797800477	0.0078003232287566235	0.1392566943139006	0.10877859817144754	0.20203311860454104	0.4142135623730951	0.006038161844035965	0.006873550642051475	0.00520867306866693	0.047832133243275066	0.0033647820591532368	0.012783009511175423	0.4364916731037085	0.10398421801784359	0.007666781153341572	0.012464805479118574	1.0	0.02795057157290364	1.0	0.009146751659702678
he	1.0	0.13833239685076654	1.0	1.0	0.012738395484155191	0.06819261932460444	1.0	0.005976013204632177	0.06933980499453295	0.02199840303818974	1.0	1.0	0.585786437626905	0.05077834780411972	0.0069606323120574905	1.0	1.0	0.44948974278317805	1.0	1.0	1.0	0.008984123389203973	0.06274744322883866	0.029370658965633713	0.3203772410170407	1.0	0.06051739456775009	1.0	0.1907435698305462	0.44948974278317805	0.0563840919410496	1.0	1.0	1.0	1.0
hi	1.0	0.28172904669025317	1.0	1.0	0.11619275891431294	0.24025307335204216	1.0	0.028310349455227722	0.27429188517743175	0.179128784747792	1.0	1.0	1.0	0.15102574277849928	0.0427150819571371	1.0	1.0	0.585786437626905	1.0	1.0	1.0	0.1194584024218499	0.2791745113185196	0.1683604963286918	0.585786437626905	1.0	0.21498516621900873	1.0	0.26968623182294527	0.585786437626905	0.20658711810431302	1.0	1.0	1.0	1.0
hu	1.0	0.18181818181818182	1.0	1.0	0.020186280543975775	0.12671020163537874	1.0	0.00805817017331836	0.13133048602716904	0.05731682450240641	0.585786437626905	1.0	1.0	0.08585952705872904	0.009644031278253463	0.5	0.5	0.44948974278317805	1.0	0.585786437626905	0.585786437626905	0.02410642632737027	0.11433841851550565	0.07030355804709242	0.3660254037844386	0.44948974278317805	0.10801085013132486	1.0	0.23166247903554	0.38742588672279304	0.07680010648203002	1.0	0.585786437626905	1.0	0.44948974278317805
id	0.4364916731037085	0.11149901960407381	1.0	0.585786437626905	0.010669746342285406	0.014471364850357991	0.06869412398285482	0.005179920163398217	0.006498276078190685	0.005924998581300772	0.05077834780411972	0.15102574277849928	0.08585952705872904	1.0	0.005344889172532626	0.030385356779642665	0.02546491325658183	0.1680743603534397	0.17253779651421453	0.3203772410170407	0.3090169943749474	0.006666045026128576	0.020196931215697305	0.006742176968995234	0.0704050089243783	0.0056196963099246254	0.027598840457925607	0.585786437626905	0.12153007116878985	0.02561080176943906	0.026958092179041094	1.0	0.06179619368491929	1.0	0.017280513385774538
it	0.32449979983983984	0.08070742703234905	1.0	0.3483314773547883	0.01811307472065743	0.004012059990177102	0.009444532875164903	0.01758910605700614	0.003815603519181739	0.0062202245799513976	0.0069606323120574905	0.0427150819571371	0.009644031278253463	0.005344889172532626	1.0	0.005114904559110558	0.0052127970757328565	0.025277459695163727	0.016331615903984197	0.08057047000149797	0.09958601436548065	0.01579404173014237	0.0046405650915152825	0.005773122200987621	0.008704505303133896	0.003318066747959263	0.0070069859540381075	0.585786437626905	0.02019369567635789	0.004857359025376116	0.005905353241801635	0.585786437626905	0.007934764225410718	0.28172904669025317	0.00546759058764505
ja	1.0	0.1393161703394676	1.0	1.0	0.011286749579530127	0.06428418080858156	1.0	0.004594366750582569	0.05733823822096892	0.008373795797800477	1.0	1.0	0.5	0.030385356779642665	0.005114904559110558	1.0	1.0	0.44948974278317805	1.0	1.0	1.0	0.0066649464599819455	0.04525097137434614	0.02344359064914132	0.3203772410170407	1.0	0.031777055442320234	1.0	0.17100799366294794	0.3430703308172536	0.043506931438399864	1.0	1.0	1.0	1.0
ko	1.0	0.13957875683699938	1.0	1.0	0.011383153606222194	0.07431302460996668	1.0	0.004720852393364217	0.05777172237849091	0.0078003232287566235	1.0	1.0	0.5	0.02546491325658183	0.0052127970757328565	1.0	1.0	0.5	1.0	1.0	1.0	0.007926248250977227	0.04702251662700501	0.011322968227686296	0.3090169943749474	1.0	0.03905417327900711	1.0	0.1571856809867317	0.36602540378443865	0.03939742321899447	1.0	1.0	1.0	1.0
lv	1.0	0.22966848451216434	1.0	1.0	0.026883117884895242	0.1876127897984334	0.585786437626905	0.036953786608778294	0.1907435698305462	0.1392566943139006	0.44948974278317805	0.585786437626905	0.44948974278317805	0.1680743603534397	0.025277459695163727	0.44948974278317805	0.5	1.0	1.0	1.0	1.0	0.10836583166851102	0.176285532302019	0.1566130288262323	0.4142135623730951	0.38742588672279304	0.2070518364164892	1.0	0.28708594921778513	0.4142135623730951	0.20799159651347807	1.0	0.44948974278317805	1.0	0.4142135623730951
mk	1.0	0.156234931905558	1.0	1.0	0.10100309593311382	0.23166247903554	1.0	0.016064458915889243	0.17411239489546831	0.10877859817144754	1.0	1.0	1.0	0.17253779651421453	0.016331615903984197	1.0	1.0	1.0	1.0	1.0	1.0	0.085296537673365	0.2012628451930092	0.13340176474671567	0.4142135623730951	1.0	0.14548268842493628	1.0	0.28989794855663564	1.0	0.18822566650963438	1.0	1.0	1.0	1.0
ml	1.0	0.39564392373896007	0.0	1.0	0.1548242231105025	0.38742588672279304	1.0	0.06936540706703205	0.4142135623730951	0.20203311860454104	1.0	1.0	0.585786437626905	0.3203772410170407	0.08057047000149797	1.0	1.0	1.0	1.0	1.0	1.0	0.12636227365336414	0.28989794855663564	0.17151308576402147	1.0	1.0	0.26533119314590375	1.0	0.5	1.0	0.23166247903554	1.0	1.0	1.0	1.0
mr	1.0	0.4142135623730951	1.0	1.0	0.1104422989713269	0.26968623182294527	1.0	0.10886898139200682	0.4142135623730951	0.4142135623730951	1.0	1.0	0.585786437626905	0.3090169943749474	0.09958601436548065	1.0	1.0	1.0	1.0	1.0	1.0	0.1639607805437114	0.4142135623730951	0.4142135623730951	0.585786437626905	1.0	0.3090169943749474	1.0	0.3333333333333333	1.0	0.34833147735478825	1.0	1.0	1.0	1.0
nl	0.2742918851774318	0.1050140077775622	1.0	1.0	0.013460591109331036	0.005447775117782951	0.014726908320605794	0.016139298301425787	0.00504663016130451	0.006038161844035965	0.008984123389203973	0.1194584024218499	0.02410642632737027	0.006666045026128576	0.01579404173014237	0.0066649464599819455	0.007926248250977227	0.10836583166851102	0.085296537673365	0.12636227365336414	0.1639607805437114	1.0	0.006928573246451771	0.006176275646853717	0.014339524091654744	0.005052496988540312	0.009412296171777076	0.44948974278317805	0.06678912318362182	0.007044728897118777	0.008525131097193078	0.4142135623730951	0.014046277473288772	0.4142135623730951	0.0075912483748461655
pl	1.0	0.12849622184722817	1.0	1.0	0.011136250187934195	0.02132112990115337	0.10685977158763547	0.00398877918775337	0.019718191436676257	0.006873550642051475	0.06274744322883866	0.2791745113185196	0.11433841851550565	0.020196931215697305	0.0046405650915152825	0.04525097137434614	0.04702251662700501	0.176285532302019	0.2012628451930092	0.28989794855663564	0.4142135623730951	0.006928573246451771	1.0	0.009520687592542754	0.10128346927193199	0.01298963652758998	0.03453747203783902	1.0	0.12759338066860484	0.0359716521931683	0.02407692434870287	0.585786437626905	0.09036324830924583	1.0	0.043579890714858086
pt	0.585786437626905	0.10882074784320434	1.0	0.585786437626905	0.010091030949489443	0.007145452934948125	0.0527861633798329	0.0058464586684513695	0.004281876577109706	0.00520867306866693	0.029370658965633713	0.1683604963286918	0.07030355804709242	0.006742176968995234	0.005773122200987621	0.02344359064914132	0.011322968227686296	0.1566130288262323	0.13340176474671567	0.17151308576402147	0.4142135623730951	0.006176275646853717	0.009520687592542754	1.0	0.06492270516835835	0.00439211961977221	0.016182732242262778	0.585786437626905	0.11855739799122852	0.008593334044081238	0.022091117169122595	0.585786437626905	0.04605287267729502	0.44948974278317805	0.02435619757204298
ro	1.0	0.126516536980057	1.0	1.0	0.015697650293767546	0.11178619159401541	0.33333333333333326	0.008042688027514929	0.09196071325456735	0.047832133243275066	0.3203772410170407	0.585786437626905	0.3660254037844386	0.0704050089243783	0.008704505303133896	0.3203772410170407	0.3090169943749474	0.4142135623730951	0.4142135623730951	1.0	0.585786437626905	0.014339524091654744	0.10128346927193199	0.06492270516835835	1.0	0.25	0.0645920170228218	1.0	0.1896812679802183	0.28436465220442186	0.07703014384268818	1.0	0.34833147735478825	1.0	0.26533119314590375
ru	1.0	0.125	1.0	1.0	0.00874972917688932	0.022583903273444967	1.0	0.0025020820174554243	0.01377390027432269	0.0033647820591532368	1.0	1.0	0.44948974278317805	0.0056196963099246254	0.003318066747959263	1.0	1.0	0.38742588672279304	1.0	1.0	1.0	0.005052496988540312	0.01298963652758998	0.00439211961977221	0.25	1.0	0.012047735963342462	1.0	0.15384615384615385	0.2674788903885893	0.01607145070771108	1.0	1.0	1.0	1.0
sh	0.585786437626905	0.1087485224498161	1.0	0.585786437626905	0.01351378614861792	0.032869812039674276	0.06995582247686107	0.006588443233097586	0.019548741880649343	0.012783009511175423	0.06051739456775009	0.21498516621900873	0.10801085013132486	0.027598840457925607	0.0070069859540381075	0.031777055442320234	0.03905417327900711	0.2070518364164892	0.14548268842493628	0.26533119314590375	0.3090169943749474	0.009412296171777076	0.03453747203783902	0.016182732242262778	0.0645920170228218	0.012047735963342462	1.0	1.0	0.13004672183153887	0.021968982030104247	0.04138273024272768	0.585786437626905	0.08171475684970188	0.44948974278317805	0.041306621662812675
si	1.0	1.0	0.0	1.0	0.3430703308172536	0.585786437626905	1.0	0.3430703308172536	1.0	0.4364916731037085	1.0	1.0	1.0	0.585786437626905	0.585786437626905	1.0	1.0	1.0	1.0	1.0	1.0	0.44948974278317805	1.0	0.585786437626905	1.0	1.0	1.0	1.0	0.585786437626905	1.0	1.0	1.0	1.0	1.0	1.0
simple	1.0	0.2216368750839041	1.0	1.0	0.04668087844099815	0.14146178098635465	0.20942771453851886	0.02620122512836064	0.1247219569701368	0.10398421801784359	0.1907435698305462	0.26968623182294527	0.23166247903554	0.12153007116878985	0.02019369567635789	0.17100799366294794	0.1571856809867317	0.28708594921778513	0.28989794855663564	0.5	0.3333333333333333	0.06678912318362182	0.12759338066860484	0.11855739799122852	0.1896812679802183	0.15384615384615385	0.13004672183153887	0.585786437626905	1.0	0.19675422795565728	0.11606619483971768	1.0	0.1827439976315568	0.5	0.17253779651421453
sr	1.0	0.11772403115357771	1.0	1.0	0.011115257387957728	0.056268285683144646	0.44948974278317805	0.004421326292918394	0.04244757643921619	0.007666781153341572	0.44948974278317805	0.585786437626905	0.38742588672279304	0.02561080176943906	0.004857359025376116	0.3430703308172536	0.36602540378443865	0.4142135623730951	1.0	1.0	1.0	0.007044728897118777	0.0359716521931683	0.008593334044081238	0.28436465220442186	0.2674788903885893	0.021968982030104247	1.0	0.19675422795565728	1.0	0.04392712268197914	1.0	0.5	1.0	0.34833147735478825
sv	0.585786437626905	0.13957875683699938	1.0	1.0	0.010270259905205734	0.026042755944107966	0.11467753628408726	0.005410372316129599	0.02257325129945983	0.012464805479118574	0.0563840919410496	0.20658711810431302	0.07680010648203002	0.026958092179041094	0.005905353241801635	0.043506931438399864	0.03939742321899447	0.20799159651347807	0.18822566650963438	0.23166247903554	0.34833147735478825	0.008525131097193078	0.02407692434870287	0.022091117169122595	0.07703014384268818	0.01607145070771108	0.04138273024272768	1.0	0.11606619483971768	0.04392712268197914	1.0	1.0	0.08834013005000138	1.0	0.03645002223393425
te	1.0	1.0	0.0	1.0	0.5	0.585786437626905	1.0	1.0	1.0	1.0	1.0	1.0	1.0	1.0	0.585786437626905	1.0	1.0	1.0	1.0	1.0	1.0	0.4142135623730951	0.585786437626905	0.585786437626905	1.0	1.0	0.585786437626905	1.0	1.0	1.0	1.0	1.0	1.0	1.0	1.0
vi	1.0	0.15990865468516838	1.0	1.0	0.016268427194117186	0.10405150910874718	1.0	0.006870828619500973	0.09802528877961961	0.02795057157290364	1.0	1.0	0.585786437626905	0.06179619368491929	0.007934764225410718	1.0	1.0	0.44948974278317805	1.0	1.0	1.0	0.014046277473288772	0.09036324830924583	0.04605287267729502	0.34833147735478825	1.0	0.08171475684970188	1.0	0.1827439976315568	0.5	0.08834013005000138	1.0	1.0	1.0	1.0
war	1.0	0.585786437626905	0.0	1.0	0.585786437626905	0.585786437626905	1.0	0.4142135623730951	1.0	1.0	1.0	1.0	1.0	1.0	0.28172904669025317	1.0	1.0	1.0	1.0	1.0	1.0	0.4142135623730951	1.0	0.44948974278317805	1.0	1.0	0.44948974278317805	1.0	0.5	1.0	1.0	1.0	1.0	1.0	1.0
zh	1.0	0.12389934309929541	1.0	1.0	0.010465407640368855	0.06616976662747366	1.0	0.004786203090578048	0.0530135109247653	0.009146751659702678	1.0	1.0	0.44948974278317805	0.017280513385774538	0.00546759058764505	1.0	1.0	0.4142135623730951	1.0	1.0	1.0	0.0075912483748461655	0.043579890714858086	0.02435619757204298	0.26533119314590375	1.0	0.041306621662812675	1.0	0.17253779651421453	0.34833147735478825	0.03645002223393425	1.0	1.0	1.0	1.0
