arz	bs	ceb	ckb	da	de	el	en	es	fr	he	hi	hu	id	it	ja	ko	lv	mk	ml	mr	nl	pl	pt	ro	ru	sh	si	simple	sr	sv	te	tr	vi	war	zh
arz	1.0	1.0	0.0	1.0	1.0	1.0	1.0	1.0	1.0	1.0	1.0	1.0	1.0	1.0	1.0	1.0	1.0	1.0	1.0	1.0	1.0	1.0	1.0	1.0	1.0	1.0	1.0	1.0	1.0	1.0	1.0	1.0	1.0	1.0	1.0	1.0
bs	1.0	1.0	1.0	1.0	0.585786437626905	0.026027766611991097	0.07252093171731892	0.02747365678404789	0.009074423121000345	0.01129486525235121	0.12322669491947313	1.0	0.07724349071768968	0.1419651555411819	0.01940771180034243	0.020569381153317374	0.10605963676213512	1.0	0.0016357738043245062	1.0	1.0	0.015886030433204742	0.002886759980936009	0.0020263630120601036	0.060127834159170196	0.004149636079591964	0.009940658258824156	1.0	1.0	0.010074983030395425	0.021070564949793424	1.0	0.5	0.07107364428715306	0.585786437626905	0.00869159718432286
ceb	0.0	1.0	1.0	0.0	1.0	1.0	0.0	1.0	1.0	1.0	1.0	1.0	1.0	1.0	1.0	1.0	1.0	1.0	1.0	1.0	0.0	1.0	1.0	1.0	1.0	1.0	1.0	1.0	1.0	1.0	1.0	0.0	-1.0	1.0	1.0	1.0
ckb	1.0	1.0	0.0	1.0	0.0	1.0	1.0	1.0	0.0	1.0	0.0	0.0	0.0	0.0	0.0	1.0	0.0	0.0	1.0	0.0	1.0	1.0	1.0	1.0	0.0	1.0	1.0	1.0	0.0	1.0	1.0	1.0	0.585786437626905	0.0	0.585786437626905	1.0
da	1.0	0.585786437626905	1.0	0.0	1.0	0.39564392373896007	1.0	0.5	1.0	0.39564392373896007	1.0	1.0	0.4364916731037085	0.585786437626905	1.0	1.0	0.4364916731037085	1.0	1.0	1.0	1.0	0.585786437626905	1.0	1.0	0.3430703308172536	1.0	1.0	1.0	1.0	1.0	1.0	1.0	0.585786437626905	1.0	0.585786437626905	1.0
de	1.0	0.026027766611991097	1.0	1.0	0.39564392373896007	1.0	0.020694169198121837	0.021026576465595234	0.008763664767804316	0.02803513110225493	0.21393876913398135	1.0	0.023152625484681538	0.028827886562294697	0.028988706053001828	0.041865914109494404	0.01921693580930874	1.0	0.0037063108003919406	1.0	1.0	0.019901061028974213	0.0036561885907452586	0.003603391360389479	0.020084603454706654	0.004097215913656068	0.025196890978125504	0.585786437626905	1.0	0.023314472262864396	0.038240555795551356	1.0	0.3333333333333333	0.019514466464339783	0.585786437626905	0.007518289403322123
el	1.0	0.07252093171731892	0.0	1.0	1.0	0.020694169198121837	1.0	0.081602366378627	0.022063127567786164	0.08099743893876636	0.2553967929896867	1.0	0.16683481365763922	0.1542890287069701	0.04562717384989951	0.03267183191994378	0.1218388134307718	1.0	0.018394683764548413	1.0	1.0	0.057359881695144395	0.018432935937222783	0.018641190820198175	0.11117331019401666	0.021362977266904382	0.0439484586372924	1.0	1.0	0.020000886103658237	0.041748950597345354	1.0	1.0	0.0869126650067029	0.585786437626905	0.020307981382490067
en	1.0	0.02747365678404789	1.0	1.0	0.5	0.021026576465595234	0.081602366378627	1.0	0.008868634994585628	0.02832501883657533	0.06002918696595199	1.0	0.08032369928036774	0.14782731037204205	0.017355248294795036	0.017657915606799073	0.11016955863869145	1.0	0.006624222795143259	1.0	1.0	0.024901091439809613	0.0061957902399354245	0.006260101716884546	0.06183583977713239	0.006851764973258097	0.028209590747233462	1.0	0.39564392373896007	0.02025175790637408	0.021953530511548774	1.0	0.2928060946961875	0.07080826217937428	0.585786437626905	0.00825927556168388
es	1.0	0.009074423121000345	1.0	0.0	1.0	0.008763664767804316	0.022063127567786164	0.008868634994585628	1.0	0.008766068638229152	0.44948974278317805	1.0	0.020870110470089784	0.02647381757902292	0.0907032043003187	0.12567533443819484	0.017323779170229793	1.0	0.06972691561653295	1.0	1.0	0.008929623940262423	0.055029433756897186	0.0630975467633654	0.012364254701076612	0.07334834891398262	0.009483224959477305	1.0	1.0	0.008676337596941888	0.08641566836737075	1.0	0.3288130902060995	0.011465487844905302	0.585786437626905	0.02761040854003921
fr	1.0	0.01129486525235121	1.0	1.0	0.39564392373896007	0.02803513110225493	0.08099743893876636	0.02832501883657533	0.008766068638229152	1.0	0.10037251814914917	1.0	0.0819723966555536	0.13261800196206536	0.018927508057148105	0.019419511868960883	0.1060323868943986	1.0	0.0027285494552036177	1.0	1.0	0.011829262540584298	0.003305019073448955	0.002724659768595641	0.06256434926578776	0.004082079774526859	0.011677633383797535	1.0	0.5	0.009861613932225762	0.021289299884499346	1.0	0.32881309020609956	0.07352027972772138	0.585786437626905	0.008206233452774946
he	1.0	0.12322669491947313	1.0	0.0	1.0	0.21393876913398135	0.2553967929896867	0.06002918696595199	0.44948974278317805	0.10037251814914917	1.0	1.0	0.3164309725825328	0.585786437626905	0.3660254037844386	0.5	0.16189424969836874	1.0	0.585786437626905	1.0	1.0	0.21030508939723036	0.5	0.44948974278317805	0.17567868389971628	0.38742588672279304	0.4142135623730951	1.0	1.0	0.44948974278317805	1.0	1.0	0.39564392373896007	0.5	0.585786437626905	0.44948974278317805
hi	1.0	1.0	1.0	0.0	1.0	1.0	1.0	1.0	1.0	1.0	1.0	1.0	1.0	1.0	1.0	1.0	1.0	1.0	1.0	1.0	1.0	1.0	1.0	1.0	1.0	1.0	0.0	1.0	1.0	1.0	1.0	1.0	0.585786437626905	1.0	0.585786437626905	1.0
hu	1.0	0.07724349071768968	1.0	0.0	0.4364916731037085	0.023152625484681538	0.16683481365763922	0.08032369928036774	0.020870110470089784	0.0819723966555536	0.3164309725825328	1.0	1.0	0.16731889022257423	0.03821179993035953	0.029991847755537978	0.08794099637942886	1.0	0.02081181946274129	1.0	1.0	0.0673874944400351	0.020301617903063864	0.020817749172755633	0.07416304789406607	0.020532149573527895	0.046998079879284616	1.0	1.0	0.02432567355086693	0.03626521998606409	1.0	0.5	0.06781658735392992	0.585786437626905	0.020079133886525904
id	1.0	0.1419651555411819	1.0	0.0	0.585786437626905	0.028827886562294697	0.1542890287069701	0.14782731037204205	0.02647381757902292	0.13261800196206536	0.585786437626905	1.0	0.16731889022257423	1.0	0.05520018534652235	0.03506281197220044	0.14967734171755576	1.0	0.026431191202969592	1.0	1.0	0.07011813865792764	0.02599051872668082	0.026442813397987715	0.1349490805810502	0.030050844844467673	0.035642917411620914	1.0	0.585786437626905	0.02740199431726129	0.03821222812113048	1.0	0.39564392373896007	0.07082657109723935	0.585786437626905	0.026555444112652028
it	1.0	0.01940771180034243	1.0	0.0	1.0	0.028988706053001828	0.04562717384989951	0.017355248294795036	0.0907032043003187	0.018927508057148105	0.3660254037844386	1.0	0.03821179993035953	0.05520018534652235	1.0	0.10509069970697486	0.03775810422675078	1.0	0.04749000719055676	1.0	1.0	0.019105385290475146	0.036376453169481654	0.0388842553455538	0.032975409829163964	0.037868772834172434	0.02415691781673802	1.0	1.0	0.03896186463698172	0.14033539435813383	1.0	0.26968623182294527	0.03400525522592302	0.585786437626905	0.059536215070694
ja	1.0	0.020569381153317374	1.0	1.0	1.0	0.041865914109494404	0.03267183191994378	0.017657915606799073	0.12567533443819484	0.019419511868960883	0.5	1.0	0.029991847755537978	0.03506281197220044	0.10509069970697486	1.0	0.028630624965699136	1.0	0.12093866551354678	1.0	1.0	0.020499398628091182	0.10083899983091199	0.10699013617037781	0.027802037965735812	0.10553583185968113	0.024213605653223017	1.0	1.0	0.047827394867161685	0.11621351385085288	1.0	0.3430703308172536	0.030160925779304605	0.585786437626905	0.09988908055928988
ko	1.0	0.10605963676213512	1.0	0.0	0.4364916731037085	0.01921693580930874	0.1218388134307718	0.11016955863869145	0.017323779170229793	0.1060323868943986	0.16189424969836874	1.0	0.08794099637942886	0.14967734171755576	0.03775810422675078	0.028630624965699136	1.0	1.0	0.017722444103615786	1.0	1.0	0.08400542311714755	0.01688270648018864	0.01664194512531275	0.09267107654978743	0.02017090237581988	0.050735724957539044	1.0	0.585786437626905	0.019664649939520662	0.03512968874279335	1.0	0.3430703308172536	0.08552733086705305	0.585786437626905	0.016715887270561516
lv	1.0	1.0	1.0	0.0	1.0	1.0	1.0	1.0	1.0	1.0	1.0	1.0	1.0	1.0	1.0	1.0	1.0	1.0	1.0	1.0	1.0	1.0	1.0	1.0	1.0	1.0	0.0	1.0	1.0	1.0	1.0	1.0	0.585786437626905	1.0	0.585786437626905	1.0
mk	1.0	0.0016357738043245062	1.0	1.0	1.0	0.0037063108003919406	0.018394683764548413	0.006624222795143259	0.06972691561653295	0.0027285494552036177	0.585786437626905	1.0	0.02081181946274129	0.026431191202969592	0.04749000719055676	0.12093866551354678	0.017722444103615786	1.0	1.0	1.0	1.0	0.001675217263935262	0.0019169159498456916	0.0028773185137126738	0.011991652478234851	0.0017285090375513533	0.0021735193257145197	1.0	1.0	0.0017977003163143356	0.05258035737070888	1.0	0.585786437626905	0.010248833460838387	0.585786437626905	0.0030185825194067976
ml	1.0	1.0	1.0	0.0	1.0	1.0	1.0	1.0	1.0	1.0	1.0	1.0	1.0	1.0	1.0	1.0	1.0	1.0	1.0	1.0	1.0	1.0	1.0	1.0	1.0	1.0	0.0	1.0	1.0	1.0	1.0	1.0	1.0	1.0	0.585786437626905	1.0
mr	1.0	1.0	0.0	1.0	1.0	1.0	1.0	1.0	1.0	1.0	1.0	1.0	1.0	1.0	1.0	1.0	1.0	1.0	1.0	1.0	1.0	1.0	1.0	1.0	1.0	1.0	1.0	1.0	1.0	1.0	1.0	1.0	1.0	1.0	1.0	1.0
nl	1.0	0.015886030433204742	1.0	1.0	0.585786437626905	0.019901061028974213	0.057359881695144395	0.024901091439809613	0.008929623940262423	0.011829262540584298	0.21030508939723036	1.0	0.0673874944400351	0.07011813865792764	0.019105385290475146	0.020499398628091182	0.08400542311714755	1.0	0.001675217263935262	1.0	1.0	1.0	0.0029121947892693056	0.002060323394503396	0.05990343019463962	0.0041913331263052425	0.010463264440024867	1.0	0.585786437626905	0.010831797120294582	0.01977547828989868	1.0	0.3288130902060995	0.05760157755702928	0.585786437626905	0.008587799833221037
pl	1.0	0.002886759980936009	1.0	1.0	1.0	0.0036561885907452586	0.018432935937222783	0.0061957902399354245	0.055029433756897186	0.003305019073448955	0.5	1.0	0.020301617903063864	0.02599051872668082	0.036376453169481654	0.10083899983091199	0.01688270648018864	1.0	0.0019169159498456916	1.0	1.0	0.0029121947892693056	1.0	0.0020439039371259993	0.011812126301695624	0.002520629427924272	0.003016736901168451	1.0	1.0	0.0028329615854391197	0.05007677254956331	1.0	0.585786437626905	0.010028136421735027	0.585786437626905	0.003032982857043789
pt	1.0	0.0020263630120601036	1.0	1.0	1.0	0.003603391360389479	0.018641190820198175	0.006260101716884546	0.0630975467633654	0.002724659768595641	0.44948974278317805	1.0	0.020817749172755633	0.026442813397987715	0.0388842553455538	0.10699013617037781	0.01664194512531275	1.0	0.0028773185137126738	1.0	1.0	0.002060323394503396	0.0020439039371259993	1.0	0.011904543842973623	0.0020209974044764984	0.002400871408972815	1.0	1.0	0.0020331425358481635	0.05058007812311374	1.0	0.28989794855663564	0.010105819066675193	0.585786437626905	0.002902422683921084
ro	1.0	0.060127834159170196	1.0	0.0	0.3430703308172536	0.020084603454706654	0.11117331019401666	0.06183583977713239	0.012364254701076612	0.06256434926578776	0.17567868389971628	1.0	0.07416304789406607	0.1349490805810502	0.032975409829163964	0.027802037965735812	0.09267107654978743	1.0	0.011991652478234851	1.0	1.0	0.05990343019463962	0.011812126301695624	0.011904543842973623	1.0	0.01475551865477419	0.06043387235459004	0.585786437626905	0.4142135623730951	0.020292783523600186	0.0328406348316378	1.0	0.5	0.062400333917360516	0.585786437626905	0.01200184721865101
ru	1.0	0.004149636079591964	1.0	1.0	1.0	0.004097215913656068	0.021362977266904382	0.006851764973258097	0.07334834891398262	0.004082079774526859	0.38742588672279304	1.0	0.020532149573527895	0.030050844844467673	0.037868772834172434	0.10553583185968113	0.02017090237581988	1.0	0.0017285090375513533	1.0	1.0	0.0041913331263052425	0.002520629427924272	0.0020209974044764984	0.01475551865477419	1.0	0.004098751660329058	1.0	1.0	0.0041485406862506805	0.05125864794378681	1.0	0.3430703308172536	0.012377116627103476	0.585786437626905	0.003610690624463925
sh	1.0	0.009940658258824156	1.0	1.0	1.0	0.025196890978125504	0.0439484586372924	0.028209590747233462	0.009483224959477305	0.011677633383797535	0.4142135623730951	0.0	0.046998079879284616	0.035642917411620914	0.02415691781673802	0.024213605653223017	0.050735724957539044	0.0	0.0021735193257145197	0.0	1.0	0.010463264440024867	0.003016736901168451	0.002400871408972815	0.06043387235459004	0.004098751660329058	1.0	0.585786437626905	0.585786437626905	0.009792106733055464	0.023347047325421515	1.0	0.29429805508554946	0.059813008722431685	0.5	0.00854387906185718
si	1.0	1.0	1.0	1.0	1.0	0.585786437626905	1.0	1.0	1.0	1.0	1.0	1.0	1.0	1.0	1.0	1.0	1.0	1.0	1.0	1.0	1.0	1.0	1.0	1.0	0.585786437626905	1.0	0.585786437626905	1.0	1.0	1.0	1.0	1.0	1.0	1.0	0.585786437626905	1.0
simple	1.0	1.0	1.0	0.0	1.0	1.0	1.0	0.39564392373896007	1.0	0.5	1.0	1.0	1.0	0.585786437626905	1.0	1.0	0.585786437626905	1.0	1.0	1.0	1.0	0.585786437626905	1.0	1.0	0.4142135623730951	1.0	0.585786437626905	1.0	1.0	1.0	1.0	1.0	0.5	1.0	0.585786437626905	1.0
sr	1.0	0.010074983030395425	1.0	1.0	1.0	0.023314472262864396	0.020000886103658237	0.02025175790637408	0.008676337596941888	0.009861613932225762	0.44948974278317805	1.0	0.02432567355086693	0.02740199431726129	0.03896186463698172	0.047827394867161685	0.019664649939520662	1.0	0.0017977003163143356	1.0	1.0	0.010831797120294582	0.0028329615854391197	0.0020331425358481635	0.020292783523600186	0.0041485406862506805	0.009792106733055464	1.0	1.0	1.0	0.026920000293324964	1.0	0.5	0.020287317887587756	0.585786437626905	0.008358433397858142
sv	1.0	0.021070564949793424	1.0	1.0	1.0	0.038240555795551356	0.041748950597345354	0.021953530511548774	0.08641566836737075	0.021289299884499346	1.0	1.0	0.03626521998606409	0.03821222812113048	0.14033539435813383	0.11621351385085288	0.03512968874279335	1.0	0.05258035737070888	1.0	1.0	0.01977547828989868	0.05007677254956331	0.05058007812311374	0.0328406348316378	0.05125864794378681	0.023347047325421515	1.0	1.0	0.026920000293324964	1.0	1.0	0.3726822671238253	0.034538995739528684	0.585786437626905	0.05943619717784031
te	1.0	1.0	0.0	1.0	1.0	1.0	1.0	1.0	1.0	1.0	1.0	1.0	1.0	1.0	1.0	1.0	1.0	1.0	1.0	1.0	1.0	1.0	1.0	1.0	1.0	1.0	1.0	1.0	1.0	1.0	1.0	1.0	1.0	1.0	1.0	1.0
tr	1.0	0.5	-1.0	0.585786437626905	0.585786437626905	0.3333333333333333	1.0	0.2928060946961875	0.3288130902060995	0.32881309020609956	0.39564392373896007	0.585786437626905	0.5	0.39564392373896007	0.26968623182294527	0.3430703308172536	0.3430703308172536	0.585786437626905	0.585786437626905	1.0	1.0	0.3288130902060995	0.585786437626905	0.28989794855663564	0.5	0.3430703308172536	0.29429805508554946	1.0	0.5	0.5	0.3726822671238253	1.0	1.0	0.585786437626905	0.585786437626905	0.3430703308172536
vi	1.0	0.07107364428715306	1.0	0.0	1.0	0.019514466464339783	0.0869126650067029	0.07080826217937428	0.011465487844905302	0.07352027972772138	0.5	1.0	0.06781658735392992	0.07082657109723935	0.03400525522592302	0.030160925779304605	0.08552733086705305	1.0	0.010248833460838387	1.0	1.0	0.05760157755702928	0.010028136421735027	0.010105819066675193	0.062400333917360516	0.012377116627103476	0.059813008722431685	1.0	1.0	0.020287317887587756	0.034538995739528684	1.0	0.585786437626905	1.0	0.585786437626905	0.010939416043672918
war	1.0	0.585786437626905	1.0	0.585786437626905	0.585786437626905	0.585786437626905	0.585786437626905	0.585786437626905	0.585786437626905	0.585786437626905	0.585786437626905	0.585786437626905	0.585786437626905	0.585786437626905	0.585786437626905	0.585786437626905	0.585786437626905	0.585786437626905	0.585786437626905	0.585786437626905	1.0	0.585786437626905	0.585786437626905	0.585786437626905	0.585786437626905	0.585786437626905	0.5	0.585786437626905	0.585786437626905	0.585786437626905	0.585786437626905	1.0	0.585786437626905	0.585786437626905	1.0	0.585786437626905
zh	1.0	0.00869159718432286	1.0	1.0	1.0	0.007518289403322123	0.020307981382490067	0.00825927556168388	0.02761040854003921	0.008206233452774946	0.44948974278317805	1.0	0.020079133886525904	0.026555444112652028	0.059536215070694	0.09988908055928988	0.016715887270561516	1.0	0.0030185825194067976	1.0	1.0	0.008587799833221037	0.003032982857043789	0.002902422683921084	0.01200184721865101	0.003610690624463925	0.00854387906185718	1.0	1.0	0.008358433397858142	0.05943619717784031	1.0	0.3430703308172536	0.010939416043672918	0.585786437626905	1.0
