arz	bs	ceb	ckb	da	de	el	en	es	fr	he	hi	hu	id	it	ja	ko	lv	mk	ml	mr	nl	pl	pt	ro	ru	sh	si	simple	sr	sv	te	vi	war	zh
arz	1.0	0.517346181619858	1.0	0.5706691286496913	0.0	0.7863954451402115	1.0	1.0	1.0	1.0	1.0	0.0	1.0	0.953225785585603	0.5020797777427737	1.0	1.0	1.0	1.0	0.34829833222293966	0.4355143546480143	1.0	1.0	1.0	0.0	1.0	1.0	0.44889173659986276	1.0	1.0	0.7863954451402115	0.44084079496544426	1.0	0.6638546162332061	1.0
bs	0.517346181619858	1.0	0.6290128041382893	0.2583326019062301	1.0	0.20140391936210966	0.38022804407995536	0.24885428929441386	0.35645210308460523	0.23802642218483472	0.35373806644205896	0.0	0.2827905266832599	0.5608626864612628	0.2550267992577229	0.2759155587469077	0.4343183007719562	0.4403717726400836	0.34068425269111186	0.1722110608668898	0.1922223635312477	0.36622950214083777	0.22795893127242348	0.39426323182888606	0.6574918396081487	0.35344820816888195	0.25941697585533385	0.2176456827296475	1.0	0.37052990139817116	0.32627378657813383	0.20490190021130336	0.48866862443655934	0.3200814873819631	0.4453435214920759
ceb	1.0	0.6290128041382893	1.0	0.7584325078215763	0.7509111017040236	0.5916263039805834	0.7364248481899383	0.6231937579621237	0.5916263039805834	0.5300208146290283	0.5916263039805834	0.5281904410492247	0.7364248481899383	0.5916263039805834	0.655025952560462	0.39074656150450954	0.5916263039805834	0.6371824537369679	0.6387647240557925	0.6256902185712747	0.8137822343553781	0.6256902185712747	0.5916263039805834	0.5916263039805834	0.5916263039805834	0.5916263039805834	0.7509111017040236	0.7106922308883379	0.7364248481899383	0.5916263039805834	0.6256902185712747	1.0	0.7364248481899383	0.7509111017040236	0.6386341906074834
ckb	0.5706691286496913	0.2583326019062301	0.7584325078215763	1.0	0.25599796746436854	0.25827653912183435	0.1721950520375312	0.1630420416832067	0.21050852153194688	0.17274527347651925	0.22723140609371342	0.20420612628305804	0.2151579876327982	0.24730714455005323	0.1436585582102714	0.159684073142458	0.1903125386192045	0.23556344662082448	0.2339056419687776	0.21010472260072632	0.24963281854820804	0.2379621914143233	0.23051310934688132	0.16176962127915462	0.25198337853565783	0.11518312459993918	0.22520470712851498	0.3195984105498325	0.20739803043239954	0.249770945020848	0.17609800067974446	0.3305026978463708	0.19221026764930188	0.5691170853853889	0.13114029520775583
da	0.0	1.0	0.7509111017040236	0.25599796746436854	1.0	0.7690990303325336	1.0	0.41691170415342604	1.0	0.4695960115558277	1.0	0.0	1.0	0.0	0.7690990303325336	1.0	1.0	1.0	1.0	0.12358443185458304	0.18298882409085346	0.7863954451402115	0.7411828468492556	1.0	1.0	1.0	0.4557735640768249	0.21784326991870523	1.0	1.0	1.0	0.21572864172758158	0.0	0.44035340588939853	1.0
de	0.7863954451402115	0.20140391936210966	0.5916263039805834	0.25827653912183435	0.7690990303325336	1.0	0.29232840837766905	0.11678871786726622	0.12972171509963604	0.154663376901048	0.1526806421033493	1.0	0.45470609386655303	0.7955938587194169	0.18182811014799413	0.5259885739495911	0.37079122397188713	0.45495736955464783	0.21008383475171746	0.10945892178889953	0.15564423869682945	0.1806731209941836	0.11893833439964935	0.2704576010473193	0.7509438213743352	0.13180081675528682	0.20062845292392478	0.14776394868984655	1.0	0.21604636051162274	0.4691034112668423	0.14174958693861603	0.5408985128583079	0.507995277419504	0.216256768340229
el	1.0	0.38022804407995536	0.7364248481899383	0.1721950520375312	1.0	0.29232840837766905	1.0	0.2958564859891951	0.7051132249825859	0.25663862738609566	1.0	0.0	1.0	0.5480953166963739	0.2860727076566718	1.0	1.0	1.0	1.0	0.10890698622811192	0.17016547548854483	0.45844730658287436	0.3398031918423577	1.0	0.7863954451402115	1.0	0.25450619955853393	0.18551331905151694	1.0	1.0	0.6667969795412325	0.15522442314888224	1.0	0.22901992196425608	1.0
en	1.0	0.24885428929441386	0.6231937579621237	0.1630420416832067	0.41691170415342604	0.11678871786726622	0.2958564859891951	1.0	0.16218651067424902	0.146232072471622	0.20003443613879504	0.7863954451402115	0.5054507137922323	0.5460678687166575	0.18039550067313276	0.5653391105200538	0.3104236260802594	0.412946025157454	0.24596899277283943	0.08430403048490968	0.13443523833761653	0.19208363297353964	0.1044274596040243	0.2760390230329555	0.3041070611680126	0.15678386701715213	0.24887103407845207	0.1225826067364937	0.6786291688147437	0.20856577491916983	0.28030838627443927	0.11198130868044301	0.4473648415945876	0.3095807674116644	0.23800413830595968
es	1.0	0.35645210308460523	0.5916263039805834	0.21050852153194688	1.0	0.12972171509963604	0.7051132249825859	0.16218651067424902	1.0	0.23803973936486286	0.5735340092341731	1.0	1.0	0.759710720519584	0.29348297221367853	1.0	1.0	1.0	1.0	0.10130749751448556	0.16032963121336008	0.15912306188835018	0.16016015828848781	1.0	0.6492665986419108	0.5332532190400229	0.3289288815677291	0.1714335822851201	1.0	0.6985442743262448	0.6009239895369175	0.1406081623099437	1.0	0.40717795772436527	1.0
fr	1.0	0.23802642218483472	0.5300208146290283	0.17274527347651925	0.4695960115558277	0.154663376901048	0.25663862738609566	0.146232072471622	0.23803973936486286	1.0	0.2659171408917954	1.0	0.2805698290973186	0.69307396276923	0.188853461884233	0.4583793590611056	0.2938679941684906	0.3935496698282566	0.24587151611414276	0.08622959924934115	0.14953736132078685	0.23943684036854115	0.1522560921805706	0.25107323916676844	0.74551343442257	0.23027474711666654	0.21909235005774663	0.16323308858668398	0.36961350934586895	0.20996046738930652	0.2692206761035309	0.1317417048045584	0.457997904525468	0.35258496116964233	0.2981692355834955
he	1.0	0.35373806644205896	0.5916263039805834	0.22723140609371342	1.0	0.1526806421033493	1.0	0.20003443613879504	0.5735340092341731	0.2659171408917954	1.0	1.0	1.0	0.48187123550537525	0.31131138733303765	1.0	1.0	1.0	1.0	0.10663979945315431	0.1743984441793761	0.43757546550507875	0.23742085080550066	1.0	1.0	1.0	0.30621922845810245	0.16349013347817812	1.0	1.0	0.7300208629885034	0.12949956715931613	1.0	0.37879711140521255	1.0
hi	0.0	0.0	0.5281904410492247	0.20420612628305804	0.0	1.0	0.0	0.7863954451402115	1.0	1.0	1.0	1.0	0.0	0.0	0.0	0.0	0.0	0.0	0.0	0.10614383311553999	0.15336111836495187	0.0	1.0	1.0	0.0	1.0	0.0	0.1757189809953726	0.0	1.0	0.0	0.17362134762620376	0.0	0.38142316104999013	1.0
hu	1.0	0.2827905266832599	0.7364248481899383	0.2151579876327982	1.0	0.45470609386655303	1.0	0.5054507137922323	1.0	0.2805698290973186	1.0	0.0	1.0	0.953225785585603	0.2548704970341937	1.0	1.0	1.0	1.0	0.11524202451112078	0.16024906088689603	0.6332460537063271	0.4499918748874663	1.0	1.0	1.0	0.36621059626262265	0.22403405519508468	1.0	1.0	0.6638546162332061	0.16650641808575106	1.0	0.2869702095962833	1.0
id	0.953225785585603	0.5608626864612628	0.5916263039805834	0.24730714455005323	0.0	0.7955938587194169	0.5480953166963739	0.5460678687166575	0.759710720519584	0.69307396276923	0.48187123550537525	0.0	0.953225785585603	1.0	0.6544277086039967	0.953225785585603	0.953225785585603	0.0	0.8668818778977666	0.11272365253451375	0.17285737903724768	0.7677615777427221	0.759710720519584	0.6718710771936955	0.0	0.69307396276923	0.953225785585603	0.18019197902689307	1.0	0.5480953166963739	0.8668818778977666	0.16084391448446927	1.0	0.45529316573987255	0.7792655482385894
it	0.5020797777427737	0.2550267992577229	0.655025952560462	0.1436585582102714	0.7690990303325336	0.18182811014799413	0.2860727076566718	0.18039550067313276	0.29348297221367853	0.188853461884233	0.31131138733303765	0.0	0.2548704970341937	0.6544277086039967	1.0	0.30007158376458765	0.22515938873618663	0.4883830831235407	0.3000764131955875	0.08619585880738835	0.14296728601352887	0.311576774477211	0.2020496566807136	0.29484214671821335	0.380083248131402	0.28371708911364263	0.24707229929004465	0.15107670213631827	0.28186951626363055	0.23350550788096816	0.26568378540049253	0.1445314720928097	0.5891517092726315	0.36000978363259745	0.2760182531911767
ja	1.0	0.2759155587469077	0.39074656150450954	0.159684073142458	1.0	0.5259885739495911	1.0	0.5653391105200538	1.0	0.4583793590611056	1.0	0.0	1.0	0.953225785585603	0.30007158376458765	1.0	1.0	1.0	1.0	0.09324100943733249	0.13516864312828772	0.5838038838683439	0.5137561598322903	1.0	1.0	1.0	0.48655723919774874	0.14489822439212596	1.0	1.0	0.7106824291060083	0.12422857247915517	1.0	0.32392532794096296	1.0
ko	1.0	0.4343183007719562	0.5916263039805834	0.1903125386192045	1.0	0.37079122397188713	1.0	0.3104236260802594	1.0	0.2938679941684906	1.0	0.0	1.0	0.953225785585603	0.22515938873618663	1.0	1.0	1.0	1.0	0.10126447262740275	0.14602188127961327	0.5255482378195742	0.3497840361764382	1.0	0.6983438190355967	1.0	0.32259672894985986	0.15726771846030907	1.0	1.0	0.6701591524560107	0.13270096135798654	1.0	0.2585939664569529	1.0
lv	1.0	0.4403717726400836	0.6371824537369679	0.23556344662082448	1.0	0.45495736955464783	1.0	0.412946025157454	1.0	0.3935496698282566	1.0	0.0	1.0	0.0	0.4883830831235407	1.0	1.0	1.0	1.0	0.12923546215171686	0.16879242042612647	1.0	0.4534197712661551	1.0	1.0	1.0	0.3178793481396136	0.1971518258168939	0.0	1.0	1.0	0.24507342515856254	1.0	0.4066728001967578	1.0
mk	1.0	0.34068425269111186	0.6387647240557925	0.2339056419687776	1.0	0.21008383475171746	1.0	0.24596899277283943	1.0	0.24587151611414276	1.0	0.0	1.0	0.8668818778977666	0.3000764131955875	1.0	1.0	1.0	1.0	0.1297511064742919	0.20163834120341675	0.5198591358250696	0.2850433237689044	1.0	0.7690990303325336	1.0	0.33203457305380546	0.20869740553877203	1.0	1.0	0.6638546162332061	0.18729044476342488	1.0	0.37818019897702626	1.0
ml	0.34829833222293966	0.1722110608668898	0.6256902185712747	0.21010472260072632	0.12358443185458304	0.10945892178889953	0.10890698622811192	0.08430403048490968	0.10130749751448556	0.08622959924934115	0.10663979945315431	0.10614383311553999	0.11524202451112078	0.11272365253451375	0.08619585880738835	0.09324100943733249	0.10126447262740275	0.12923546215171686	0.1297511064742919	1.0	0.1679999815624994	0.11609255950701167	0.1020999626521722	0.0957213622503573	0.10703280449497958	0.09163533036429147	0.11573672069463141	0.21079222053729685	0.10340882602050545	0.10686684134923156	0.09661539905164275	0.17240482005087704	0.10975875177744007	0.33622100619673523	0.10091617138636659
mr	0.4355143546480143	0.1922223635312477	0.8137822343553781	0.24963281854820804	0.18298882409085346	0.15564423869682945	0.17016547548854483	0.13443523833761653	0.16032963121336008	0.14953736132078685	0.1743984441793761	0.15336111836495187	0.16024906088689603	0.17285737903724768	0.14296728601352887	0.13516864312828772	0.14602188127961327	0.16879242042612647	0.20163834120341675	0.1679999815624994	1.0	0.15972362145163246	0.1743047149003127	0.1340644605861077	0.17581825226595876	0.13634566119784516	0.17173935241422478	0.23667011414184208	0.15747617514482964	0.17787704015674877	0.1463829568638006	0.20604500637381862	0.1596605869302506	0.271582268616226	0.13278129151769935
nl	1.0	0.36622950214083777	0.6256902185712747	0.2379621914143233	0.7863954451402115	0.1806731209941836	0.45844730658287436	0.19208363297353964	0.15912306188835018	0.23943684036854115	0.43757546550507875	0.0	0.6332460537063271	0.7677615777427221	0.311576774477211	0.5838038838683439	0.5255482378195742	1.0	0.5198591358250696	0.11609255950701167	0.15972362145163246	1.0	0.23348302727577133	0.37983875686751034	0.7863954451402115	0.2797461718239922	0.4883906560706098	0.16678746699711347	0.7584325078215763	0.4250156562117188	0.5439115423642603	0.1352097770482107	1.0	0.27808433050109677	0.534975715303365
pl	1.0	0.22795893127242348	0.5916263039805834	0.23051310934688132	0.7411828468492556	0.11893833439964935	0.3398031918423577	0.1044274596040243	0.16016015828848781	0.1522560921805706	0.23742085080550066	1.0	0.4499918748874663	0.759710720519584	0.2020496566807136	0.5137561598322903	0.3497840361764382	0.4534197712661551	0.2850433237689044	0.1020999626521722	0.1743047149003127	0.23348302727577133	1.0	0.28632879839920433	0.5474389094251534	0.11485990516314194	0.26274060200833405	0.18285525374075698	0.7411828468492555	0.14212599439211815	0.4168446778396768	0.14934167272915866	0.5999428809637917	0.4747904066046738	0.34508923077167075
pt	1.0	0.39426323182888606	0.5916263039805834	0.16176962127915462	1.0	0.2704576010473193	1.0	0.2760390230329555	1.0	0.25107323916676844	1.0	1.0	1.0	0.6718710771936955	0.29484214671821335	1.0	1.0	1.0	1.0	0.0957213622503573	0.1340644605861077	0.37983875686751034	0.28632879839920433	1.0	1.0	1.0	0.3960416505825771	0.13877098256210474	1.0	1.0	0.6638546162332061	0.11423426779061066	1.0	0.2895228358187749	1.0
ro	0.0	0.6574918396081487	0.5916263039805834	0.25198337853565783	1.0	0.7509438213743352	0.7863954451402115	0.3041070611680126	0.6492665986419108	0.74551343442257	1.0	0.0	1.0	0.0	0.380083248131402	1.0	0.6983438190355967	1.0	0.7690990303325336	0.10703280449497958	0.17581825226595876	0.7863954451402115	0.5474389094251534	1.0	1.0	0.513303016000005	0.8125806012482828	0.21074319415935927	0.0	0.7339023149005872	1.0	0.19657282622686667	1.0	0.31855031926121313	0.6856333412409469
ru	1.0	0.35344820816888195	0.5916263039805834	0.11518312459993918	1.0	0.13180081675528682	1.0	0.15678386701715213	0.5332532190400229	0.23027474711666654	1.0	1.0	1.0	0.69307396276923	0.28371708911364263	1.0	1.0	1.0	1.0	0.09163533036429147	0.13634566119784516	0.2797461718239922	0.11485990516314194	1.0	0.513303016000005	1.0	0.35628370337531884	0.1459394317583784	1.0	1.0	0.29837511546251533	0.11009654273623502	1.0	0.37159200390841873	1.0
sh	1.0	0.25941697585533385	0.7509111017040236	0.22520470712851498	0.4557735640768249	0.20062845292392478	0.25450619955853393	0.24887103407845207	0.3289288815677291	0.21909235005774663	0.30621922845810245	0.0	0.36621059626262265	0.953225785585603	0.24707229929004465	0.48655723919774874	0.32259672894985986	0.3178793481396136	0.33203457305380546	0.11573672069463141	0.17173935241422478	0.4883906560706098	0.26274060200833405	0.3960416505825771	0.8125806012482828	0.35628370337531884	1.0	0.20101206431463886	1.0	0.3053246016812252	0.3091088175981546	0.14384828274046968	0.3023820838962616	0.3304935536397187	0.305513204327439
si	0.44889173659986276	0.2176456827296475	0.7106922308883379	0.3195984105498325	0.21784326991870523	0.14776394868984655	0.18551331905151694	0.1225826067364937	0.1714335822851201	0.16323308858668398	0.16349013347817812	0.1757189809953726	0.22403405519508468	0.18019197902689307	0.15107670213631827	0.14489822439212596	0.15726771846030907	0.1971518258168939	0.20869740553877203	0.21079222053729685	0.23667011414184208	0.16678746699711347	0.18285525374075698	0.13877098256210474	0.21074319415935927	0.1459394317583784	0.20101206431463886	1.0	0.15679795905784047	0.19683303267762003	0.15741343296297758	0.3145845436342054	0.1785463679459675	0.40535580712275954	0.13871933694755448
simple	1.0	1.0	0.7364248481899383	0.20739803043239954	1.0	1.0	1.0	0.6786291688147437	1.0	0.36961350934586895	1.0	0.0	1.0	1.0	0.28186951626363055	1.0	1.0	0.0	1.0	0.10340882602050545	0.15747617514482964	0.7584325078215763	0.7411828468492555	1.0	0.0	1.0	1.0	0.15679795905784047	1.0	1.0	1.0	0.17889731587923854	1.0	0.32768710229578846	1.0
sr	1.0	0.37052990139817116	0.5916263039805834	0.249770945020848	1.0	0.21604636051162274	1.0	0.20856577491916983	0.6985442743262448	0.20996046738930652	1.0	1.0	1.0	0.5480953166963739	0.23350550788096816	1.0	1.0	1.0	1.0	0.10686684134923156	0.17787704015674877	0.4250156562117188	0.14212599439211815	1.0	0.7339023149005872	1.0	0.3053246016812252	0.19683303267762003	1.0	1.0	0.5776153509808648	0.16959970473979122	1.0	0.45011051682836917	1.0
sv	0.7863954451402115	0.32627378657813383	0.6256902185712747	0.17609800067974446	1.0	0.4691034112668423	0.6667969795412325	0.28030838627443927	0.6009239895369175	0.2692206761035309	0.7300208629885034	0.0	0.6638546162332061	0.8668818778977666	0.26568378540049253	0.7106824291060083	0.6701591524560107	1.0	0.6638546162332061	0.09661539905164275	0.1463829568638006	0.5439115423642603	0.4168446778396768	0.6638546162332061	1.0	0.29837511546251533	0.3091088175981546	0.15741343296297758	1.0	0.5776153509808648	1.0	0.12958874919393812	1.0	0.3144959654896971	0.6786291688147437
te	0.44084079496544426	0.20490190021130336	1.0	0.3305026978463708	0.21572864172758158	0.14174958693861603	0.15522442314888224	0.11198130868044301	0.1406081623099437	0.1317417048045584	0.12949956715931613	0.17362134762620376	0.16650641808575106	0.16084391448446927	0.1445314720928097	0.12422857247915517	0.13270096135798654	0.24507342515856254	0.18729044476342488	0.17240482005087704	0.20604500637381862	0.1352097770482107	0.14934167272915866	0.11423426779061066	0.19657282622686667	0.11009654273623502	0.14384828274046968	0.3145845436342054	0.17889731587923854	0.16959970473979122	0.12958874919393812	1.0	0.14923776622456328	0.5116925260441867	0.12357257266776321
vi	1.0	0.48866862443655934	0.7364248481899383	0.19221026764930188	0.0	0.5408985128583079	1.0	0.4473648415945876	1.0	0.457997904525468	1.0	0.0	1.0	1.0	0.5891517092726315	1.0	1.0	1.0	1.0	0.10975875177744007	0.1596605869302506	1.0	0.5999428809637917	1.0	1.0	1.0	0.3023820838962616	0.1785463679459675	1.0	1.0	1.0	0.14923776622456328	1.0	0.373258506932579	1.0
war	0.6638546162332061	0.3200814873819631	0.7509111017040236	0.5691170853853889	0.44035340588939853	0.507995277419504	0.22901992196425608	0.3095807674116644	0.40717795772436527	0.35258496116964233	0.37879711140521255	0.38142316104999013	0.2869702095962833	0.45529316573987255	0.36000978363259745	0.32392532794096296	0.2585939664569529	0.4066728001967578	0.37818019897702626	0.33622100619673523	0.271582268616226	0.27808433050109677	0.4747904066046738	0.2895228358187749	0.31855031926121313	0.37159200390841873	0.3304935536397187	0.40535580712275954	0.32768710229578846	0.45011051682836917	0.3144959654896971	0.5116925260441867	0.373258506932579	1.0	0.2769897049783396
zh	1.0	0.4453435214920759	0.6386341906074834	0.13114029520775583	1.0	0.216256768340229	1.0	0.23800413830595968	1.0	0.2981692355834955	1.0	1.0	1.0	0.7792655482385894	0.2760182531911767	1.0	1.0	1.0	1.0	0.10091617138636659	0.13278129151769935	0.534975715303365	0.34508923077167075	1.0	0.6856333412409469	1.0	0.305513204327439	0.13871933694755448	1.0	1.0	0.6786291688147437	0.12357257266776321	1.0	0.2769897049783396	1.0
