arz	bs	ceb	ckb	da	de	el	en	es	fr	he	hi	hu	id	it	ja	ko	lv	mk	ml	mr	nl	pl	pt	ro	ru	sh	si	simple	sr	sv	te	tr	vi	war	zh
arz	0.5	0.038135593220338986	0.032520325203252036	0.038135593220338986	0.037815126050420166	0.03409090909090909	0.03461538461538462	0.027777777777777776	0.03409090909090909	0.028846153846153848	0.0375	0.0391304347826087	0.03435114503816794	0.03383458646616541	0.0371900826446281	0.03543307086614173	0.03103448275862069	0.038135593220338986	0.038135593220338986	0.038135593220338986	0.038135593220338986	0.037815126050420166	0.036290322580645164	0.036290322580645164	0.036885245901639344	0.03543307086614173	0.038135593220338986	0.08823529411764706	0.0371900826446281	0.0375	0.03125	0.042105263157894736	0.05555555555555555	0.036290322580645164	0.038135593220338986	0.03543307086614173
bs	0.038135593220338986	1.0	0.8415062707128469	0.5	0.937508715016286	0.7961312150632539	0.45384615384615384	0.5792597788038785	0.7615842450605621	0.6096647080019837	0.49166666666666664	0.4872881355932203	0.5955650869998718	0.788409534362835	0.9331624374703942	0.4645669291338583	0.4068965517241379	0.7836591258510872	0.5	0.5	0.5	0.95227390319185	0.8827877821414334	0.5510614600520315	0.904515095198992	0.4645669291338583	0.5720730797912006	0.13135593220338984	0.9296278246536946	0.49166666666666664	0.6909690101757632	0.38333333333333336	0.21153846153846154	0.8398737503176703	0.5003374831258437	0.49873414926521387
ceb	0.032520325203252036	0.8415062707128469	1.0	0.46	0.8437122208477115	0.8224744363188299	0.46923076923076923	0.5981789786878846	0.7865381392671607	0.6287400057684034	0.468	0.448	0.5928677024029723	0.8130352223773886	0.8589772768653727	0.48031496062992124	0.4206896551724138	0.7015909399159095	0.46	0.46	0.46	0.8552409232365146	0.8906438311898145	0.5481201764243363	0.8540349285506245	0.48031496062992124	0.5228115653040878	0.12195121951219512	0.875663500678426	0.468	0.7141146197931785	0.364	-1.0	0.8458016485673165	0.4602536415682296	0.515376918942363
ckb	0.038135593220338986	0.5	0.46	0.5	0.4957983193277311	0.44696969696969696	0.45384615384615384	0.36419753086419754	0.44696969696969696	0.3782051282051282	0.49166666666666664	0.4872881355932203	0.45038167938931295	0.44360902255639095	0.48760330578512395	0.4645669291338583	0.4068965517241379	0.5	0.5	0.5	0.5	0.4957983193277311	0.47580645161290325	0.47580645161290325	0.48360655737704916	0.4645669291338583	0.5	0.13135593220338984	0.48760330578512395	0.49166666666666664	0.4097222222222222	0.38333333333333336	0.075	0.47580645161290325	0.5	0.4645669291338583
da	0.037815126050420166	0.937508715016286	0.8437122208477115	0.4957983193277311	1.0	0.7985875085326671	0.4576923076923077	0.5807296237785969	0.7625020148291425	0.6109743839690922	0.49583333333333335	0.4831932773109244	0.5983292822325288	0.7888814756551785	0.9332744199940257	0.468503937007874	0.4103448275862069	0.7705128024876933	0.4957983193277311	0.4957983193277311	0.4957983193277311	0.9301732552464617	0.8833296044246417	0.5552692662595762	0.9057077595184779	0.468503937007874	0.5655866355817516	0.13025210084033614	0.9303831118680767	0.49583333333333335	0.692346751424538	0.3875	0.19642857142857142	0.8404156327543424	0.49610073106130637	0.5040212297926087
de	0.03409090909090909	0.7961312150632539	0.8224744363188299	0.44696969696969696	0.7985875085326671	1.0	0.49242424242424243	0.651339549959326	0.8239791778121075	0.6841534435605903	0.45454545454545453	0.4356060606060606	0.637533166042615	0.8379387619385197	0.8126178207048078	0.4664179104477612	0.45517241379310347	0.666485609663271	0.44696969696969696	0.44696969696969696	0.44696969696969696	0.809054198371379	0.8416892418121855	0.5269710538903326	0.8258989377402709	0.4810606060606061	0.5040499332952163	0.11742424242424243	0.8283468064749184	0.45454545454545453	0.7791935267257588	0.3560606060606061	0.08734295020939972	0.800830050445253	0.4472272629709848	0.4981522984046407
el	0.03461538461538462	0.45384615384615384	0.46923076923076923	0.45384615384615384	0.4576923076923077	0.49242424242424243	0.5	0.4012345679012346	0.49242424242424243	0.4166666666666667	0.46153846153846156	0.4423076923076923	0.48120300751879697	0.48134328358208955	0.4580152671755725	0.4734848484848485	0.4482758620689655	0.45384615384615384	0.45384615384615384	0.45384615384615384	0.45384615384615384	0.4576923076923077	0.47692307692307695	0.46946564885496184	0.46923076923076923	0.48846153846153845	0.45384615384615384	0.11923076923076924	0.4653846153846154	0.46153846153846156	0.4513888888888889	0.36153846153846153	0.13043478260869565	0.47692307692307695	0.45384615384615384	0.4734848484848485
en	0.027777777777777776	0.5792597788038785	0.5981789786878846	0.36419753086419754	0.5807296237785969	0.651339549959326	0.4012345679012346	1.0	0.6263443860508978	0.7585132689571332	0.37037037037037035	0.3549382716049383	0.5029775381786529	0.6564345899987636	0.6015102252379606	0.39197530864197533	0.44753086419753085	0.5044109041270304	0.36419753086419754	0.36419753086419754	0.36419753086419754	0.5871565009206317	0.6101661794781194	0.4265298345116688	0.5999613726794019	0.39197530864197533	0.40172529181715533	0.09567901234567901	0.6006722275609813	0.37037037037037035	0.7091243468588467	0.29012345679012347	0.1006112258953168	0.5871096602848885	0.36437895321543123	0.4135180111791135
es	0.03409090909090909	0.7615842450605621	0.7865381392671607	0.44696969696969696	0.7625020148291425	0.8239791778121075	0.49242424242424243	0.6263443860508978	1.0	0.6572141544704488	0.45454545454545453	0.4356060606060606	0.6206464334516809	0.8164268615452047	0.7747249163801697	0.4664179104477612	0.45517241379310347	0.6512393744727791	0.44696969696969696	0.44696969696969696	0.44696969696969696	0.7717934466943059	0.8016781186559866	0.525730181175384	0.789149375214949	0.4810606060606061	0.5031890270315702	0.11742424242424243	0.7899122807017543	0.45454545454545453	0.7466556257382015	0.3560606060606061	0.1125	0.767959164818921	0.4472263893055972	0.49663177581305473
fr	0.028846153846153848	0.6096647080019837	0.6287400057684034	0.3782051282051282	0.6109743839690922	0.6841534435605903	0.4166666666666667	0.7585132689571332	0.6572141544704488	1.0	0.38461538461538464	0.3685897435897436	0.5238483434315706	0.6911165719782366	0.6324233454739482	0.40705128205128205	0.4525316455696203	0.5269191529866852	0.3782051282051282	0.3782051282051282	0.3782051282051282	0.6179170203421092	0.6417392306164027	0.437444652286127	0.6301980992573343	0.40705128205128205	0.41775676951817864	0.09935897435897435	0.6301752879339877	0.38461538461538464	0.7440806088321616	0.30128205128205127	0.10106382978723404	0.6163159049149793	0.37831493987810905	0.4297122587150677
he	0.0375	0.49166666666666664	0.468	0.49166666666666664	0.49583333333333335	0.45454545454545453	0.46153846153846156	0.37037037037037035	0.45454545454545453	0.38461538461538464	0.5	0.4791666666666667	0.4580152671755725	0.45112781954887216	0.49586776859504134	0.47244094488188976	0.41379310344827586	0.49166666666666664	0.49166666666666664	0.49166666666666664	0.49166666666666664	0.48760330578512395	0.4838709677419355	0.4838709677419355	0.4918032786885246	0.47244094488188976	0.49166666666666664	0.12916666666666668	0.49586776859504134	0.5	0.4166666666666667	0.39166666666666666	0.125	0.4838709677419355	0.49166666666666664	0.47244094488188976
hi	0.0391304347826087	0.4872881355932203	0.448	0.4872881355932203	0.4831932773109244	0.4356060606060606	0.4423076923076923	0.3549382716049383	0.4356060606060606	0.3685897435897436	0.4791666666666667	0.5	0.4389312977099237	0.4323308270676692	0.47520661157024796	0.452755905511811	0.39655172413793105	0.4872881355932203	0.4872881355932203	0.4872881355932203	0.4872881355932203	0.4831932773109244	0.4637096774193548	0.4637096774193548	0.4713114754098361	0.452755905511811	0.4872881355932203	0.13478260869565217	0.47520661157024796	0.4791666666666667	0.3993055555555556	0.37815126050420167	0.14583333333333334	0.4637096774193548	0.4872881355932203	0.452755905511811
hu	0.03435114503816794	0.5955650869998718	0.5928677024029723	0.45038167938931295	0.5983292822325288	0.637533166042615	0.48120300751879697	0.5029775381786529	0.6206464334516809	0.5238483434315706	0.4580152671755725	0.4389312977099237	1.0	0.6113558387997085	0.5992522577546385	0.45555555555555555	0.4517241379310345	0.5664652777536928	0.45038167938931295	0.45038167938931295	0.45038167938931295	0.6007536842841954	0.6015456202530158	0.5113004844126126	0.6132418308582065	0.4699248120300752	0.4959487197154157	0.1183206106870229	0.610838464977067	0.4580152671755725	0.5803117239445645	0.35877862595419846	0.0967741935483871	0.5958260131357149	0.45056372927098054	0.4828384063350656
id	0.03383458646616541	0.788409534362835	0.8130352223773886	0.44360902255639095	0.7888814756551785	0.8379387619385197	0.48134328358208955	0.6564345899987636	0.8164268615452047	0.6911165719782366	0.45112781954887216	0.4323308270676692	0.6113558387997085	1.0	0.8218101171319235	0.4701492537313433	0.4586206896551724	0.6586547066150589	0.44360902255639095	0.44360902255639095	0.44360902255639095	0.8002157882528171	0.8319021431589717	0.5233262006945462	0.8163643099179165	0.4774436090225564	0.49984097937828126	0.11654135338345864	0.819117586959187	0.45112781954887216	0.7863201919100471	0.3533834586466165	0.19585585585585585	0.7927342187271207	0.44389533673848675	0.5007717752898503
it	0.0371900826446281	0.9331624374703942	0.8589772768653727	0.48760330578512395	0.9332744199940257	0.8126178207048078	0.4580152671755725	0.6015102252379606	0.7747249163801697	0.6324233454739482	0.49586776859504134	0.47520661157024796	0.5992522577546385	0.8218101171319235	1.0	0.4763779527559055	0.41724137931034483	0.7596712709736859	0.48760330578512395	0.48760330578512395	0.48760330578512395	0.9263250694061617	0.9003534115826132	0.5545783798728228	0.9231774478848895	0.46875	0.5558279308287235	0.128099173553719	0.9491777908672354	0.49586776859504134	0.7189718909782739	0.3884297520661157	0.1335725677830941	0.8532669400507713	0.4879183877064235	0.5111512158262147
ja	0.03543307086614173	0.4645669291338583	0.48031496062992124	0.4645669291338583	0.468503937007874	0.4664179104477612	0.4734848484848485	0.39197530864197533	0.4664179104477612	0.40705128205128205	0.47244094488188976	0.452755905511811	0.45555555555555555	0.4701492537313433	0.4763779527559055	0.5	0.4315068493150685	0.4645669291338583	0.4645669291338583	0.4645669291338583	0.4645669291338583	0.468503937007874	0.4881889763779528	0.48046875	0.47265625	0.4844961240310077	0.4645669291338583	0.1220472440944882	0.4763779527559055	0.47244094488188976	0.43448275862068964	0.3700787401574803	0.16304347826086957	0.4881889763779528	0.4645669291338583	0.5
ko	0.03103448275862069	0.4068965517241379	0.4206896551724138	0.4068965517241379	0.4103448275862069	0.45517241379310347	0.4482758620689655	0.44753086419753085	0.45517241379310347	0.4525316455696203	0.41379310344827586	0.39655172413793105	0.4517241379310345	0.4586206896551724	0.41724137931034483	0.4315068493150685	0.5	0.4068965517241379	0.4068965517241379	0.4068965517241379	0.4068965517241379	0.4103448275862069	0.42758620689655175	0.42758620689655175	0.4206896551724138	0.4379310344827586	0.4068965517241379	0.10689655172413794	0.41724137931034483	0.41379310344827586	0.47635135135135137	0.32413793103448274	0.1896551724137931	0.42758620689655175	0.4068965517241379	0.4315068493150685
lv	0.038135593220338986	0.7836591258510872	0.7015909399159095	0.5	0.7705128024876933	0.666485609663271	0.45384615384615384	0.5044109041270304	0.6512393744727791	0.5269191529866852	0.49166666666666664	0.4872881355932203	0.5664652777536928	0.6586547066150589	0.7596712709736859	0.4645669291338583	0.4068965517241379	1.0	0.5	0.5	0.5	0.7751353279910088	0.7278942748887653	0.5407126439998461	0.743894267453818	0.4645669291338583	0.5649372478709099	0.13135593220338984	0.758478505009017	0.49166666666666664	0.5896670542845295	0.38333333333333336	0.14	0.7093911425142335	0.5003714250340473	0.4980198750766757
mk	0.038135593220338986	0.5	0.46	0.5	0.4957983193277311	0.44696969696969696	0.45384615384615384	0.36419753086419754	0.44696969696969696	0.3782051282051282	0.49166666666666664	0.4872881355932203	0.45038167938931295	0.44360902255639095	0.48760330578512395	0.4645669291338583	0.4068965517241379	0.5	0.5	0.5	0.5	0.4957983193277311	0.47580645161290325	0.47580645161290325	0.48360655737704916	0.4645669291338583	0.5	0.13135593220338984	0.48760330578512395	0.49166666666666664	0.4097222222222222	0.38333333333333336	0.12	0.47580645161290325	0.5	0.4645669291338583
ml	0.038135593220338986	0.5	0.46	0.5	0.4957983193277311	0.44696969696969696	0.45384615384615384	0.36419753086419754	0.44696969696969696	0.3782051282051282	0.49166666666666664	0.4872881355932203	0.45038167938931295	0.44360902255639095	0.48760330578512395	0.4645669291338583	0.4068965517241379	0.5	0.5	0.5	0.5	0.4957983193277311	0.47580645161290325	0.47580645161290325	0.48360655737704916	0.4645669291338583	0.5	0.13135593220338984	0.48760330578512395	0.49166666666666664	0.4097222222222222	0.38333333333333336	0.17307692307692307	0.47580645161290325	0.5	0.4645669291338583
mr	0.038135593220338986	0.5	0.46	0.5	0.4957983193277311	0.44696969696969696	0.45384615384615384	0.36419753086419754	0.44696969696969696	0.3782051282051282	0.49166666666666664	0.4872881355932203	0.45038167938931295	0.44360902255639095	0.48760330578512395	0.4645669291338583	0.4068965517241379	0.5	0.5	0.5	0.5	0.4957983193277311	0.47580645161290325	0.47580645161290325	0.48360655737704916	0.4645669291338583	0.5	0.13135593220338984	0.48760330578512395	0.49166666666666664	0.4097222222222222	0.38333333333333336	0.05	0.47580645161290325	0.5	0.4645669291338583
nl	0.037815126050420166	0.95227390319185	0.8552409232365146	0.4957983193277311	0.9301732552464617	0.809054198371379	0.4576923076923077	0.5871565009206317	0.7717934466943059	0.6179170203421092	0.48760330578512395	0.4831932773109244	0.6007536842841954	0.8002157882528171	0.9263250694061617	0.468503937007874	0.4103448275862069	0.7751353279910088	0.4957983193277311	0.4957983193277311	0.4957983193277311	1.0	0.8969099601694808	0.5547491039426523	0.9194632710533741	0.468503937007874	0.5665156679722547	0.13025210084033614	0.9232896322253297	0.48760330578512395	0.7014342599709624	0.38016528925619836	0.06738850051110364	0.8517988425677848	0.4961268824118433	0.5025498594148415
pl	0.036290322580645164	0.8827877821414334	0.8906438311898145	0.47580645161290325	0.8833296044246417	0.8416892418121855	0.47692307692307695	0.6101661794781194	0.8016781186559866	0.6417392306164027	0.4838709677419355	0.4637096774193548	0.6015456202530158	0.8319021431589717	0.9003534115826132	0.4881889763779528	0.42758620689655175	0.7278942748887653	0.47580645161290325	0.47580645161290325	0.47580645161290325	0.8969099601694808	1.0	0.5567576918108026	0.8933608779857973	0.4881889763779528	0.5405062086417127	0.125	0.8969031342706049	0.4838709677419355	0.730050273056704	0.3790322580645161	0.09375	0.8660301232314012	0.4760869368523675	0.5230896570280431
pt	0.036290322580645164	0.5510614600520315	0.5481201764243363	0.47580645161290325	0.5552692662595762	0.5269710538903326	0.46946564885496184	0.4265298345116688	0.525730181175384	0.437444652286127	0.4838709677419355	0.4637096774193548	0.5113004844126126	0.5233262006945462	0.5545783798728228	0.48046875	0.42758620689655175	0.5407126439998461	0.47580645161290325	0.47580645161290325	0.47580645161290325	0.5547491039426523	0.5567576918108026	1.0	0.55837636916119	0.48046875	0.5117581876385127	0.125	0.5634380317433201	0.4838709677419355	0.478130283069184	0.3790322580645161	0.12179487179487179	0.5639662058371736	0.47580645161290325	0.5013830015685689
ro	0.036885245901639344	0.904515095198992	0.8540349285506245	0.48360655737704916	0.9057077595184779	0.8258989377402709	0.46923076923076923	0.5999613726794019	0.789149375214949	0.6301980992573343	0.4918032786885246	0.4713114754098361	0.6132418308582065	0.8163643099179165	0.9231774478848895	0.47265625	0.4206896551724138	0.743894267453818	0.48360655737704916	0.48360655737704916	0.48360655737704916	0.9194632710533741	0.8933608779857973	0.55837636916119	1.0	0.48031496062992124	0.5499886278146159	0.12704918032786885	0.9199987047995273	0.4918032786885246	0.7162073043161868	0.38524590163934425	0.12637362637362637	0.8495066396284425	0.48393001913668116	0.5073178026670928
ru	0.03543307086614173	0.4645669291338583	0.48031496062992124	0.4645669291338583	0.468503937007874	0.4810606060606061	0.48846153846153845	0.39197530864197533	0.4810606060606061	0.40705128205128205	0.47244094488188976	0.452755905511811	0.4699248120300752	0.4774436090225564	0.46875	0.4844961240310077	0.4379310344827586	0.4645669291338583	0.4645669291338583	0.4645669291338583	0.4645669291338583	0.468503937007874	0.4881889763779528	0.48046875	0.48031496062992124	0.5	0.4645669291338583	0.1220472440944882	0.4763779527559055	0.47244094488188976	0.4409722222222222	0.3700787401574803	0.12337662337662338	0.4881889763779528	0.4645669291338583	0.4844961240310077
sh	0.038135593220338986	0.5720730797912006	0.5228115653040878	0.5	0.5655866355817516	0.5040499332952163	0.45384615384615384	0.40172529181715533	0.5031890270315702	0.41775676951817864	0.49166666666666664	0.4872881355932203	0.4959487197154157	0.49984097937828126	0.5558279308287235	0.4645669291338583	0.4068965517241379	0.5649372478709099	0.5	0.5	0.5	0.5665156679722547	0.5405062086417127	0.5117581876385127	0.5499886278146159	0.4645669291338583	1.0	0.13135593220338984	0.5553832664923931	0.49166666666666664	0.45705983984902965	0.38333333333333336	0.12962962962962962	0.5397590391555125	0.5	0.484355847339663
si	0.08823529411764706	0.13135593220338984	0.12195121951219512	0.13135593220338984	0.13025210084033614	0.11742424242424243	0.11923076923076924	0.09567901234567901	0.11742424242424243	0.09935897435897435	0.12916666666666668	0.13478260869565217	0.1183206106870229	0.11654135338345864	0.128099173553719	0.1220472440944882	0.10689655172413794	0.13135593220338984	0.13135593220338984	0.13135593220338984	0.13135593220338984	0.13025210084033614	0.125	0.125	0.12704918032786885	0.1220472440944882	0.13135593220338984	0.5	0.128099173553719	0.12916666666666668	0.1076388888888889	0.15789473684210525	0.023809523809523808	0.125	0.13135593220338984	0.1220472440944882
simple	0.0371900826446281	0.9296278246536946	0.875663500678426	0.48760330578512395	0.9303831118680767	0.8283468064749184	0.4653846153846154	0.6006722275609813	0.7899122807017543	0.6301752879339877	0.49586776859504134	0.47520661157024796	0.610838464977067	0.819117586959187	0.9491777908672354	0.4763779527559055	0.41724137931034483	0.758478505009017	0.48760330578512395	0.48760330578512395	0.48760330578512395	0.9232896322253297	0.8969031342706049	0.5634380317433201	0.9199987047995273	0.4763779527559055	0.5553832664923931	0.128099173553719	1.0	0.49586776859504134	0.7171390419423045	0.3884297520661157	0.18421052631578946	0.8697418056256294	0.4879207661025843	0.5114858965831954
sr	0.0375	0.49166666666666664	0.468	0.49166666666666664	0.49583333333333335	0.45454545454545453	0.46153846153846156	0.37037037037037035	0.45454545454545453	0.38461538461538464	0.5	0.4791666666666667	0.4580152671755725	0.45112781954887216	0.49586776859504134	0.47244094488188976	0.41379310344827586	0.49166666666666664	0.49166666666666664	0.49166666666666664	0.49166666666666664	0.48760330578512395	0.4838709677419355	0.4838709677419355	0.4918032786885246	0.47244094488188976	0.49166666666666664	0.12916666666666668	0.49586776859504134	0.5	0.4166666666666667	0.39166666666666666	0.11904761904761904	0.4838709677419355	0.49166666666666664	0.47244094488188976
sv	0.03125	0.6909690101757632	0.7141146197931785	0.4097222222222222	0.692346751424538	0.7791935267257588	0.4513888888888889	0.7091243468588467	0.7466556257382015	0.7440806088321616	0.4166666666666667	0.3993055555555556	0.5803117239445645	0.7863201919100471	0.7189718909782739	0.43448275862068964	0.47635135135135137	0.5896670542845295	0.4097222222222222	0.4097222222222222	0.4097222222222222	0.7014342599709624	0.730050273056704	0.478130283069184	0.7162073043161868	0.4409722222222222	0.45705983984902965	0.1076388888888889	0.7171390419423045	0.4166666666666667	1.0	0.3263888888888889	0.13829787234042554	0.6979269219475966	0.40989794855774236	0.4609628696290153
te	0.042105263157894736	0.38333333333333336	0.364	0.38333333333333336	0.3875	0.3560606060606061	0.36153846153846153	0.29012345679012347	0.3560606060606061	0.30128205128205127	0.39166666666666666	0.37815126050420167	0.35877862595419846	0.3533834586466165	0.3884297520661157	0.3700787401574803	0.32413793103448274	0.38333333333333336	0.38333333333333336	0.38333333333333336	0.38333333333333336	0.38016528925619836	0.3790322580645161	0.3790322580645161	0.38524590163934425	0.3700787401574803	0.38333333333333336	0.15789473684210525	0.3884297520661157	0.39166666666666666	0.3263888888888889	0.5	0.13043478260869565	0.3790322580645161	0.38333333333333336	0.3700787401574803
tr	0.05555555555555555	0.21153846153846154	-1.0	0.075	0.19642857142857142	0.08734295020939972	0.13043478260869565	0.1006112258953168	0.1125	0.10106382978723404	0.125	0.14583333333333334	0.0967741935483871	0.19585585585585585	0.1335725677830941	0.16304347826086957	0.1896551724137931	0.14	0.12	0.17307692307692307	0.05	0.06738850051110364	0.09375	0.12179487179487179	0.12637362637362637	0.12337662337662338	0.12962962962962962	0.023809523809523808	0.18421052631578946	0.11904761904761904	0.13829787234042554	0.13043478260869565	1.0	0.18055555555555555	0.05	0.18292682926829268
vi	0.036290322580645164	0.8398737503176703	0.8458016485673165	0.47580645161290325	0.8404156327543424	0.800830050445253	0.47692307692307695	0.5871096602848885	0.767959164818921	0.6163159049149793	0.4838709677419355	0.4637096774193548	0.5958260131357149	0.7927342187271207	0.8532669400507713	0.4881889763779528	0.42758620689655175	0.7093911425142335	0.47580645161290325	0.47580645161290325	0.47580645161290325	0.8517988425677848	0.8660301232314012	0.5639662058371736	0.8495066396284425	0.4881889763779528	0.5397590391555125	0.125	0.8697418056256294	0.4838709677419355	0.6979269219475966	0.3790322580645161	0.18055555555555555	1.0	0.4760852916383972	0.5221956841230585
war	0.038135593220338986	0.5003374831258437	0.4602536415682296	0.5	0.49610073106130637	0.4472272629709848	0.45384615384615384	0.36437895321543123	0.4472263893055972	0.37831493987810905	0.49166666666666664	0.4872881355932203	0.45056372927098054	0.44389533673848675	0.4879183877064235	0.4645669291338583	0.4068965517241379	0.5003714250340473	0.5	0.5	0.5	0.4961268824118433	0.4760869368523675	0.47580645161290325	0.48393001913668116	0.4645669291338583	0.5	0.13135593220338984	0.4879207661025843	0.49166666666666664	0.40989794855774236	0.38333333333333336	0.05	0.4760852916383972	1.0	0.4645669291338583
zh	0.03543307086614173	0.49873414926521387	0.515376918942363	0.4645669291338583	0.5040212297926087	0.4981522984046407	0.4734848484848485	0.4135180111791135	0.49663177581305473	0.4297122587150677	0.47244094488188976	0.452755905511811	0.4828384063350656	0.5007717752898503	0.5111512158262147	0.5	0.4315068493150685	0.4980198750766757	0.4645669291338583	0.4645669291338583	0.4645669291338583	0.5025498594148415	0.5230896570280431	0.5013830015685689	0.5073178026670928	0.4844961240310077	0.484355847339663	0.1220472440944882	0.5114858965831954	0.47244094488188976	0.4609628696290153	0.3700787401574803	0.18292682926829268	0.5221956841230585	0.4645669291338583	1.0
