arz	bs	ceb	ckb	da	de	el	en	es	fr	he	hi	hu	id	it	ja	ko	lv	mk	ml	mr	nl	pl	pt	ro	ru	sh	si	simple	sr	sv	te	vi	war	zh
arz	1.0	0.5666666666666667	0.5263157894736842	0.56	0.5357142857142857	0.5245901639344263	0.5769230769230769	0.5109717868338558	0.5217391304347826	0.5191256830601093	0.5319563522992985	0.5326404676843131	0.5503009458297506	0.5303018545821371	0.5174418604651163	0.5220588235294117	0.5289256198347108	0.5581395348837209	0.5681818181818182	0.5531914893617021	0.5370370370370371	0.5309734513274337	0.5315315315315315	0.53027493775494	0.5463406292749657	0.5211349160393747	0.5576923076923077	0.5135135135135135	0.5333333333333333	0.5522388059701493	0.5178571428571429	0.5348837209302326	0.5501756146512795	0.625	0.5251798561151079
bs	0.5666666666666667	1.0	0.5476190476190476	0.5666666666666667	0.554695388757994	0.5317460317460317	0.5671641791044776	0.515527950310559	0.5272727272727272	0.5240641711229946	0.55	0.55	0.5512820512820512	0.5343511450381679	0.5227272727272727	0.5285714285714286	0.536	0.5869565217391304	0.56	0.5576923076923077	0.5517241379310345	0.5338983050847458	0.5391304347826087	0.5354330708661417	0.5454545454545455	0.5263644239099047	0.5714285714285714	0.55	0.5425531914893617	0.5555555555555556	0.5294117647058824	0.5416666666666666	0.5542168674698795	0.5625	0.5314685314685315
ceb	0.5263157894736842	0.5476190476190476	1.0	0.5405405405405405	0.5741897696212417	0.5596826995718962	0.5394736842105263	0.5208182038247398	0.5411314566821536	0.5343915343915344	0.5645871820378002	0.5529411764705883	0.5837409120951752	0.5462515705709898	0.5337078651685393	0.5403146509341199	0.5398591027067111	0.5882352941176471	0.5670731707317073	0.5448354143019296	0.5384615384615384	0.5522667665792431	0.5634604439385316	0.5489041776012483	0.5651317409505048	0.542709821705908	0.5752212389380531	0.5208333333333334	0.5562750176595244	0.562421679197995	0.5398044380943876	0.5178571428571429	0.5595273557740046	0.5384615384615384	0.5427988425579009
ckb	0.56	0.5666666666666667	0.5405405405405405	1.0	0.5357142857142857	0.5289256198347108	0.5384615384615384	0.5109717868338558	0.5228915662650603	0.5191256830601093	0.5306122448979592	0.5394736842105263	0.5429461504227859	0.5234375	0.5174418604651163	0.5220588235294117	0.5245901639344263	0.5714285714285714	0.5555555555555556	0.5531914893617021	0.5471698113207547	0.5263157894736842	0.5267857142857143	0.5241935483870968	0.5357142857142857	0.5172413793103449	0.5471698113207547	0.5277777777777778	0.5274725274725275	0.5441176470588236	0.5192724531146923	0.5476190476190476	0.5375	0.5555555555555556	0.5214285714285714
da	0.5357142857142857	0.554695388757994	0.5741897696212417	0.5357142857142857	1.0	0.6013196152985909	0.584070796460177	0.5561161611003302	0.5932203389830508	0.5823748448489864	0.6144392865868556	0.576	0.6297054338229393	0.5986917887115353	0.5809612692487168	0.5883885374023073	0.5915348641689875	0.5913978494623656	0.5768321513002365	0.5609272835347731	0.5548639516272452	0.6076110109782075	0.6189221121512315	0.608874281018899	0.6102624363493929	0.5869436421535955	0.5853658536585367	0.5376344086021506	0.6137966379663797	0.5987421383647799	0.583628553336414	0.5294117647058824	0.6016260162601625	0.5411764705882353	0.598841012317699
de	0.5245901639344263	0.5317460317460317	0.5596826995718962	0.5289256198347108	0.6013196152985909	1.0	0.5782312925170068	0.5775594543108217	0.6162441564364713	0.6210808112890785	0.6056782334384858	0.5723270440251572	0.6043760562127546	0.5997803002563165	0.6024191324218904	0.6139214046822743	0.595975537581377	0.5580337549375574	0.5597014925373135	0.5601845917190104	0.553505624515128	0.6145251396648045	0.6197526306073472	0.6172879913592774	0.6057254391672088	0.607314126734268	0.5658743451765795	0.5307692307692308	0.6091891891891892	0.591139892560159	0.5949809850227711	0.5367647058823529	0.5886075949367089	0.5327868852459017	0.6185130842319692
el	0.5769230769230769	0.5671641791044776	0.5394736842105263	0.5384615384615384	0.584070796460177	0.5782312925170068	1.0	0.5413607295120796	0.5645161290322581	0.5576923076923077	0.5793650793650793	0.5849056603773585	0.580952380952381	0.5693342257067279	0.5612244897959184	0.5750000000000001	0.5666666666666667	0.5769230769230769	0.5679012345679012	0.5875	0.5747126436781609	0.5704225352112676	0.5714285714285714	0.5832963915240713	0.5789473684210527	0.5634517766497462	0.5747126436781609	0.5333333333333333	0.5810140046091118	0.5918367346938775	0.5625	0.5641025641025641	0.5871559633027523	0.5625	0.5715365325821854
en	0.5109717868338558	0.515527950310559	0.5208182038247398	0.5109717868338558	0.5561161611003302	0.5775594543108217	0.5413607295120796	1.0	0.5950335505792274	0.6092006883653721	0.5632240745973438	0.5491329479768786	0.5490624552209781	0.5836933340624487	0.5919845041218403	0.5847819019754078	0.570653088705605	0.52600982527532	0.525852096090438	0.5293873258637031	0.5339443939566056	0.5718322649750347	0.5694421750399682	0.5762274223740809	0.5550333377366492	0.60075448730925	0.5329341317365269	0.5185185185185185	0.5614409342826033	0.5447424364599806	0.5882346318079845	0.5245627050716268	0.5519114090542663	0.5125000000000001	0.5848621100119035
es	0.5217391304347826	0.5272727272727272	0.5411314566821536	0.5228915662650603	0.5932203389830508	0.6162441564364713	0.5645161290322581	0.5950335505792274	1.0	0.6261180679785331	0.5949225729600953	0.5704390570885934	0.594059405940594	0.5930735930735931	0.6034816247582205	0.605078575867886	0.5955555555555555	0.5465116279069767	0.5428571428571428	0.5454545454545455	0.5439560439560439	0.6132075471698113	0.6058631921824105	0.615469735531703	0.5808080808080808	0.6197183098591549	0.553072625698324	0.5266272189349113	0.5910316825227468	0.5691489361702128	0.5872079870903525	0.5323157643691868	0.5891374772221097	0.5246913580246914	0.6149722381772927
fr	0.5191256830601093	0.5240641711229946	0.5343915343915344	0.5191256830601093	0.5823748448489864	0.6210808112890785	0.5576923076923077	0.6092006883653721	0.6261180679785331	1.0	0.5932493812386107	0.5631953205642849	0.5814103390486013	0.6004608141049187	0.5960233094262295	0.6027217646001417	0.6033640697038368	0.5422252360335924	0.5445415352087084	0.5459183673469388	0.5515281636776964	0.6035973585318691	0.6044001660440016	0.6008230452674898	0.579880576777659	0.6110967837011384	0.55	0.5263157894736842	0.5870871592711888	0.5635497556255737	0.5793103448275861	0.5306122448979592	0.575065455963456	0.5217391304347826	0.6200892371313527
he	0.5319563522992985	0.55	0.5645871820378002	0.5306122448979592	0.6144392865868556	0.6056782334384858	0.5793650793650793	0.5632240745973438	0.5949225729600953	0.5932493812386107	1.0	0.5711196243203164	0.6090794451450189	0.60825267447784	0.5772727272727273	0.5884244977804529	0.5882473382473383	0.5740740740740741	0.5639224501264399	0.5554012774229381	0.5466427270086869	0.6067542213883678	0.597932719413644	0.6283240135327012	0.6011862461050675	0.599060178869183	0.5821505799095734	0.5327102803738317	0.6093528578176665	0.5894728485233408	0.5731922398589065	0.5258620689655172	0.6105026764289669	0.5353535353535354	0.6057367068055743
hi	0.5326404676843131	0.55	0.5529411764705883	0.5394736842105263	0.576	0.5723270440251572	0.5849056603773585	0.5491329479768786	0.5704390570885934	0.5631953205642849	0.5711196243203164	1.0	0.5775862068965517	0.5802469135802469	0.5550239234449761	0.5730994152046783	0.5652173913043479	0.5795454545454545	0.5652173913043479	0.5932559115712887	0.6208821887213847	0.5646620175378029	0.5695364238410596	0.5662125717446926	0.5748865355521937	0.5634782608695652	0.5656565656565656	0.5411764705882353	0.5790784557907845	0.5740112994350283	0.5630135141202353	0.5952380952380952	0.5781938325991189	0.5384615384615384	0.5629353636805443
hu	0.5503009458297506	0.5512820512820512	0.5837409120951752	0.5429461504227859	0.6297054338229393	0.6043760562127546	0.580952380952381	0.5490624552209781	0.594059405940594	0.5814103390486013	0.6090794451450189	0.5775862068965517	1.0	0.5855583007890333	0.5705188722904055	0.5860077210974567	0.595072059507206	0.596524189760451	0.5795454545454545	0.5671254219683199	0.5654182328698881	0.6074200558832661	0.6058060030130954	0.5987878787878788	0.6141229853003733	0.5895879595361461	0.6056404975045552	0.5421686746987951	0.6236659325766559	0.6009850031058657	0.5768268226792846	0.5268817204301075	0.5970062105207283	0.5540540540540541	0.6028024128737023
id	0.5303018545821371	0.5343511450381679	0.5462515705709898	0.5234375	0.5986917887115353	0.5997803002563165	0.5693342257067279	0.5836933340624487	0.5930735930735931	0.6004608141049187	0.60825267447784	0.5802469135802469	0.5855583007890333	1.0	0.5815515024524976	0.5986941580756013	0.5971131231457426	0.5579710144927537	0.5588905398712234	0.5549605573789371	0.5581364003953634	0.5898872994354856	0.5916398713826367	0.6001427636666468	0.5944262295081967	0.6012752024814751	0.5578231292517006	0.5255474452554745	0.5903592171950723	0.5752503953610965	0.5722801788375559	0.5390070921985816	0.6030277544154752	0.53125	0.6103911832384643
it	0.5174418604651163	0.5227272727272727	0.5337078651685393	0.5174418604651163	0.5809612692487168	0.6024191324218904	0.5612244897959184	0.5919845041218403	0.6034816247582205	0.5960233094262295	0.5772727272727273	0.5550239234449761	0.5705188722904055	0.5815515024524976	1.0	0.6099257718650267	0.5839817746087163	0.5439560439560439	0.5434782608695652	0.543010752688172	0.5400012217222211	0.5937794533459001	0.5954975995847931	0.5980471928397071	0.5869943201576446	0.6024646280237335	0.5520836644521441	0.5280898876404494	0.5794572357507797	0.5656565656565656	0.6113207547169811	0.5268817204301075	0.5830552321821239	0.5232558139534884	0.5927621227292234
ja	0.5220588235294117	0.5285714285714286	0.5403146509341199	0.5220588235294117	0.5883885374023073	0.6139214046822743	0.5750000000000001	0.5847819019754078	0.605078575867886	0.6027217646001417	0.5884244977804529	0.5730994152046783	0.5860077210974567	0.5986941580756013	0.6099257718650267	1.0	0.6116982340561808	0.5510204081632653	0.5540540540540541	0.5533333333333333	0.5528694836938325	0.596938775510204	0.5965536571693192	0.5954488791227366	0.5895953757225434	0.5936753473524087	0.5614563716258631	0.5314685314685315	0.6025324860096747	0.5768444020182735	0.600137394092054	0.5369127516778524	0.6024096385542168	0.5326909841706814	0.6076678051963004
ko	0.5289256198347108	0.536	0.5398591027067111	0.5245901639344263	0.5915348641689875	0.595975537581377	0.5666666666666667	0.570653088705605	0.5955555555555555	0.6033640697038368	0.5882473382473383	0.5652173913043479	0.595072059507206	0.5971131231457426	0.5839817746087163	0.6116982340561808	1.0	0.5606060606060607	0.5617039545866527	0.544463479208846	0.5460518830356127	0.5885850178359097	0.5886548212887002	0.5929027186134523	0.5826604203908032	0.588189100047118	0.5642857142857143	0.5348837209302326	0.604343551702565	0.564935064935065	0.5756302521008404	0.5251798561151079	0.5981459523552872	0.5327868852459017	0.625708141605198
lv	0.5581395348837209	0.5869565217391304	0.5882352941176471	0.5714285714285714	0.5913978494623656	0.5580337549375574	0.5769230769230769	0.52600982527532	0.5465116279069767	0.5422252360335924	0.5740740740740741	0.5795454545454545	0.596524189760451	0.5579710144927537	0.5439560439560439	0.5510204081632653	0.5606060606060607	1.0	0.6034482758620691	0.5714285714285714	0.5652173913043479	0.5645161290322581	0.5727034448327509	0.5639097744360902	0.5913978494623656	0.5464480874316939	0.609375	0.5471698113207547	0.5765809759670725	0.6025641025641025	0.5495670869893661	0.540983606557377	0.5959073532718686	0.5681818181818182	0.5533333333333333
mk	0.5681818181818182	0.56	0.5670731707317073	0.5555555555555556	0.5768321513002365	0.5597014925373135	0.5679012345679012	0.525852096090438	0.5428571428571428	0.5445415352087084	0.5639224501264399	0.5652173913043479	0.5795454545454545	0.5588905398712234	0.5434782608695652	0.5540540540540541	0.5617039545866527	0.6034482758620691	1.0	0.5651981403586451	0.5503009458297506	0.5758819505521352	0.5666923670007711	0.5547445255474452	0.5874125874125874	0.5439544367396804	0.5970149253731343	0.5454545454545455	0.5705553219703096	0.6049543676662321	0.5428427552940552	0.53125	0.5806451612903225	0.5909090909090909	0.5543178185692836
ml	0.5531914893617021	0.5576923076923077	0.5448354143019296	0.5531914893617021	0.5609272835347731	0.5601845917190104	0.5875	0.5293873258637031	0.5454545454545455	0.5459183673469388	0.5554012774229381	0.5932559115712887	0.5671254219683199	0.5549605573789371	0.543010752688172	0.5533333333333333	0.544463479208846	0.5714285714285714	0.5651981403586451	1.0	0.622307089698394	0.559480079118395	0.5590551181102362	0.5531363400725765	0.5672404518558365	0.5492730210016156	0.5586739882041896	0.543859649122807	0.5636562734136361	0.5654454486765655	0.5422265543410151	0.6095791001451379	0.5555555555555556	0.5625	0.5424280964812459
mr	0.5370370370370371	0.5517241379310345	0.5384615384615384	0.5471698113207547	0.5548639516272452	0.553505624515128	0.5747126436781609	0.5339443939566056	0.5439560439560439	0.5515281636776964	0.5466427270086869	0.6208821887213847	0.5654182328698881	0.5581364003953634	0.5400012217222211	0.5528694836938325	0.5460518830356127	0.5652173913043479	0.5503009458297506	0.622307089698394	1.0	0.549224369529422	0.5522388059701493	0.5453908544636361	0.5629139072847682	0.5564853556485355	0.5569620253164557	0.5483870967741935	0.5574324324324325	0.556238085151451	0.5435528740200152	0.6031746031746031	0.5491730842065395	0.5454545454545455	0.5421967914229638
nl	0.5309734513274337	0.5338983050847458	0.5522667665792431	0.5263157894736842	0.6076110109782075	0.6145251396648045	0.5704225352112676	0.5718322649750347	0.6132075471698113	0.6035973585318691	0.6067542213883678	0.5646620175378029	0.6074200558832661	0.5898872994354856	0.5937794533459001	0.596938775510204	0.5885850178359097	0.5645161290322581	0.5758819505521352	0.559480079118395	0.549224369529422	1.0	0.6053914803569785	0.6139445833111737	0.6055685689948893	0.6011537597083135	0.5813953488372093	0.5327868852459017	0.5970260778599715	0.5933430470813224	0.5859030837004405	0.5267175572519084	0.5967051912393845	0.5350877192982456	0.5974264075939824
pl	0.5315315315315315	0.5391304347826087	0.5634604439385316	0.5267857142857143	0.6189221121512315	0.6197526306073472	0.5714285714285714	0.5694421750399682	0.6058631921824105	0.6044001660440016	0.597932719413644	0.5695364238410596	0.6058060030130954	0.5916398713826367	0.5954975995847931	0.5965536571693192	0.5886548212887002	0.5727034448327509	0.5666923670007711	0.5590551181102362	0.5522388059701493	0.6053914803569785	1.0	0.6004656016697438	0.6120466321243523	0.6034648700673725	0.5736434108527132	0.5333333333333333	0.6053946053946054	0.5857142857142857	0.5888671042536868	0.53125	0.5906040268456376	0.5357142857142857	0.5937727406444021
pt	0.53027493775494	0.5354330708661417	0.5489041776012483	0.5241935483870968	0.608874281018899	0.6172879913592774	0.5832963915240713	0.5762274223740809	0.615469735531703	0.6008230452674898	0.6283240135327012	0.5662125717446926	0.5987878787878788	0.6001427636666468	0.5980471928397071	0.5954488791227366	0.5929027186134523	0.5639097744360902	0.5547445255474452	0.5531363400725765	0.5453908544636361	0.6139445833111737	0.6004656016697438	1.0	0.6090519989072033	0.6147643791435227	0.5734144222415292	0.5303030303030303	0.6159354365370506	0.5909825558713704	0.5832953682611997	0.5285714285714286	0.5875	0.5341922695738355	0.6126211158140015
ro	0.5463406292749657	0.5454545454545455	0.5651317409505048	0.5357142857142857	0.6102624363493929	0.6057254391672088	0.5789473684210527	0.5550333377366492	0.5808080808080808	0.579880576777659	0.6011862461050675	0.5748865355521937	0.6141229853003733	0.5944262295081967	0.5869943201576446	0.5895953757225434	0.5826604203908032	0.5913978494623656	0.5874125874125874	0.5672404518558365	0.5629139072847682	0.6055685689948893	0.6120466321243523	0.6090519989072033	1.0	0.5912920188310437	0.592485549132948	0.5319148936170213	0.5936577195998061	0.6094849103698662	0.5826300777023704	0.5294117647058824	0.6050601666152422	0.5476190476190476	0.5833150195400212
ru	0.5211349160393747	0.5263644239099047	0.542709821705908	0.5172413793103449	0.5869436421535955	0.607314126734268	0.5634517766497462	0.60075448730925	0.6197183098591549	0.6110967837011384	0.599060178869183	0.5634782608695652	0.5895879595361461	0.6012752024814751	0.6024646280237335	0.5936753473524087	0.588189100047118	0.5464480874316939	0.5439544367396804	0.5492730210016156	0.5564853556485355	0.6011537597083135	0.6034648700673725	0.6147643791435227	0.5912920188310437	1.0	0.5526315789473684	0.5277777777777778	0.5929331230495621	0.5703497926285311	0.5993473364894057	0.532258064516129	0.5804878048780487	0.5229885057471265	0.6070640397040173
sh	0.5576923076923077	0.5714285714285714	0.5752212389380531	0.5471698113207547	0.5853658536585367	0.5658743451765795	0.5747126436781609	0.5329341317365269	0.553072625698324	0.55	0.5821505799095734	0.5656565656565656	0.6056404975045552	0.5578231292517006	0.5520836644521441	0.5614563716258631	0.5642857142857143	0.609375	0.5970149253731343	0.5586739882041896	0.5569620253164557	0.5813953488372093	0.5736434108527132	0.5734144222415292	0.592485549132948	0.5526315789473684	1.0	0.5573770491803278	0.5813758389261745	0.6258445945945946	0.5483870967741935	0.5277777777777778	0.5858585858585859	0.5825242718446602	0.5652770548431363
si	0.5135135135135135	0.55	0.5208333333333334	0.5277777777777778	0.5376344086021506	0.5307692307692308	0.5333333333333333	0.5185185185185185	0.5266272189349113	0.5263157894736842	0.5327102803738317	0.5411764705882353	0.5421686746987951	0.5255474452554745	0.5280898876404494	0.5314685314685315	0.5348837209302326	0.5471698113207547	0.5454545454545455	0.543859649122807	0.5483870967741935	0.5327868852459017	0.5333333333333333	0.5303030303030303	0.5319148936170213	0.5277777777777778	0.5573770491803278	1.0	0.5353535353535354	0.5384615384615384	0.5257142857142857	0.5384615384615384	0.5333333333333333	0.5263157894736842	0.5342465753424658
simple	0.5333333333333333	0.5425531914893617	0.5562750176595244	0.5274725274725275	0.6137966379663797	0.6091891891891892	0.5810140046091118	0.5614409342826033	0.5910316825227468	0.5870871592711888	0.6093528578176665	0.5790784557907845	0.6236659325766559	0.5903592171950723	0.5794572357507797	0.6025324860096747	0.604343551702565	0.5765809759670725	0.5705553219703096	0.5636562734136361	0.5574324324324325	0.5970260778599715	0.6053946053946054	0.6159354365370506	0.5936577195998061	0.5929331230495621	0.5813758389261745	0.5353535353535354	1.0	0.6002357154189615	0.5777254098360656	0.5377358490566038	0.6002477050852396	0.5384615384615384	0.6158958458932622
sr	0.5522388059701493	0.5555555555555556	0.562421679197995	0.5441176470588236	0.5987421383647799	0.591139892560159	0.5918367346938775	0.5447424364599806	0.5691489361702128	0.5635497556255737	0.5894728485233408	0.5740112994350283	0.6009850031058657	0.5752503953610965	0.5656565656565656	0.5768444020182735	0.564935064935065	0.6025641025641025	0.6049543676662321	0.5654454486765655	0.556238085151451	0.5933430470813224	0.5857142857142857	0.5909825558713704	0.6094849103698662	0.5703497926285311	0.6258445945945946	0.5384615384615384	0.6002357154189615	1.0	0.5577453685455263	0.5411764705882353	0.591812865497076	0.5588235294117647	0.5796954413758791
sv	0.5178571428571429	0.5294117647058824	0.5398044380943876	0.5192724531146923	0.583628553336414	0.5949809850227711	0.5625	0.5882346318079845	0.5872079870903525	0.5793103448275861	0.5731922398589065	0.5630135141202353	0.5768268226792846	0.5722801788375559	0.6113207547169811	0.600137394092054	0.5756302521008404	0.5495670869893661	0.5428427552940552	0.5422265543410151	0.5435528740200152	0.5859030837004405	0.5888671042536868	0.5832953682611997	0.5826300777023704	0.5993473364894057	0.5483870967741935	0.5257142857142857	0.5777254098360656	0.5577453685455263	1.0	0.5274725274725275	0.5742574257425742	0.5207100591715976	0.5831612961134548
te	0.5348837209302326	0.5416666666666666	0.5178571428571429	0.5476190476190476	0.5294117647058824	0.5367647058823529	0.5641025641025641	0.5245627050716268	0.5323157643691868	0.5306122448979592	0.5258620689655172	0.5952380952380952	0.5268817204301075	0.5390070921985816	0.5268817204301075	0.5369127516778524	0.5251798561151079	0.540983606557377	0.53125	0.6095791001451379	0.6031746031746031	0.5267175572519084	0.53125	0.5285714285714286	0.5294117647058824	0.532258064516129	0.5277777777777778	0.5384615384615384	0.5377358490566038	0.5411764705882353	0.5274725274725275	1.0	0.5306122448979592	0.5454545454545455	0.5256410256410257
vi	0.5501756146512795	0.5542168674698795	0.5595273557740046	0.5375	0.6016260162601625	0.5886075949367089	0.5871559633027523	0.5519114090542663	0.5891374772221097	0.575065455963456	0.6105026764289669	0.5781938325991189	0.5970062105207283	0.6030277544154752	0.5830552321821239	0.6024096385542168	0.5981459523552872	0.5959073532718686	0.5806451612903225	0.5555555555555556	0.5491730842065395	0.5967051912393845	0.5906040268456376	0.5875	0.6050601666152422	0.5804878048780487	0.5858585858585859	0.5333333333333333	0.6002477050852396	0.591812865497076	0.5742574257425742	0.5306122448979592	1.0	0.55	0.5967682020802377
war	0.625	0.5625	0.5384615384615384	0.5555555555555556	0.5411764705882353	0.5327868852459017	0.5625	0.5125000000000001	0.5246913580246914	0.5217391304347826	0.5353535353535354	0.5384615384615384	0.5540540540540541	0.53125	0.5232558139534884	0.5326909841706814	0.5327868852459017	0.5681818181818182	0.5909090909090909	0.5625	0.5454545454545455	0.5350877192982456	0.5357142857142857	0.5341922695738355	0.5476190476190476	0.5229885057471265	0.5825242718446602	0.5263157894736842	0.5384615384615384	0.5588235294117647	0.5207100591715976	0.5454545454545455	0.55	1.0	0.529104132051317
zh	0.5251798561151079	0.5314685314685315	0.5427988425579009	0.5214285714285714	0.598841012317699	0.6185130842319692	0.5715365325821854	0.5848621100119035	0.6149722381772927	0.6200892371313527	0.6057367068055743	0.5629353636805443	0.6028024128737023	0.6103911832384643	0.5927621227292234	0.6076678051963004	0.625708141605198	0.5533333333333333	0.5543178185692836	0.5424280964812459	0.5421967914229638	0.5974264075939824	0.5937727406444021	0.6126211158140015	0.5833150195400212	0.6070640397040173	0.5652770548431363	0.5342465753424658	0.6158958458932622	0.5796954413758791	0.5831612961134548	0.5256410256410257	0.5967682020802377	0.529104132051317	1.0
