arz	bs	ceb	ckb	da	de	el	en	es	fr	he	hi	hu	id	it	ja	ko	lv	mk	ml	mr	nl	pl	pt	ro	ru	sh	si	simple	sr	sv	te	vi	war	zh
arz	1.0	0.045454545454545456	0.0	0.0	0.0	0.0	0.06	0.0	0.030303030303030304	0.0	0.0	0.0	0.02247191011235955	0.03225806451612903	0.0	0.012658227848101266	0.0	0.0	0.038461538461538464	0.05263157894736842	0.2	0.0	0.0	0.031746031746031744	0.016129032258064516	0.0	0.07407407407407407	0.0	0.043478260869565216	0.07692307692307693	0.0	0.0	0.03125	0.0	0.007575757575757576
bs	0.045454545454545456	1.0	0.0	0.07246376811594203	0.030612244897959183	0.017857142857142856	0.2127659574468085	0.03255813953488372	0.08403361344537816	0.01694915254237288	0.07608695652173914	0.015384615384615385	0.216	0.13414634146341464	0.03888888888888889	0.07633587786259542	0.1450381679389313	0.1111111111111111	0.1282051282051282	0.14084507042253522	0.03076923076923077	0.031578947368421054	0.12222222222222222	0.11504424778761062	0.14814814814814814	0.01834862385321101	0.2268041237113402	0.0	0.11842105263157894	0.20270270270270271	0.03409090909090909	0.0	0.044444444444444446	0.0	0.0898876404494382
ceb	0.0	0.0	0.0	0.0	0.0	0.0	0.0	0.0	0.0	0.0	0.0	0.0	0.0	0.0	0.0	0.0	0.0	0.0	0.0	0.0	0.0	0.0	0.0	0.0	0.0	0.0	0.0	0.0	0.0	0.0	0.0	0.0	0.0	0.0	0.0
ckb	0.0	0.07246376811594203	0.0	1.0	0.022727272727272728	0.0	0.017543859649122806	0.012195121951219513	0.0	0.0	0.0	0.0	0.03225806451612903	0.027777777777777776	0.015503875968992248	0.011904761904761904	0.010752688172043012	0.0	0.06666666666666667	0.0	0.0	0.0	0.07142857142857142	0.029411764705882353	0.030303030303030304	0.0	0.06779661016949153	0.0	0.16	0.03125	0.0	0.0	0.05555555555555555	0.0	0.03759398496240601
da	0.0	0.030612244897959183	0.0	0.022727272727272728	1.0	0.011904761904761904	0.0	0.03763440860215054	0.0	0.027210884353741496	0.014492753623188406	0.0	0.06956521739130435	0.04918032786885246	0.025974025974025976	0.01818181818181818	0.07079646017699115	0.02	0.017241379310344827	0.0196078431372549	0.0	0.014705882352941176	0.014084507042253521	0.021052631578947368	0.021505376344086023	0.025	0.058823529411764705	0.0	0.037037037037037035	0.05263157894736842	0.0	0.0	0.0	0.0	0.03773584905660377
de	0.0	0.017857142857142856	0.0	0.0	0.011904761904761904	1.0	0.010309278350515464	0.03	0.018018018018018018	0.012345679012345678	0.024691358024691357	0.0	0.014925373134328358	0.04054054054054054	0.0058823529411764705	0.016260162601626018	0.03875968992248062	0.0	0.0	0.0	0.0	0.012345679012345678	0.0	0.03773584905660377	0.009345794392523364	0.0	0.019801980198019802	0.0	0.0	0.0	0.013513513513513514	0.0	0.012987012987012988	0.0	0.022988505747126436
el	0.06	0.2127659574468085	0.0	0.017543859649122806	0.0	0.010309278350515464	1.0	0.035175879396984924	0.046296296296296294	0.012345679012345678	0.07792207792207792	0.02040816326530612	0.0967741935483871	0.0547945205479452	0.017857142857142856	0.041666666666666664	0.06349206349206349	0.10344827586206896	0.058823529411764705	0.06557377049180328	0.02	0.025	0.0759493670886076	0.057692307692307696	0.125	0.03260869565217391	0.17045454545454544	0.0	0.078125	0.07352941176470588	0.0273972602739726	0.0	0.0	0.0	0.09876543209876543
en	0.0	0.03255813953488372	0.0	0.012195121951219513	0.03763440860215054	0.03	0.035175879396984924	1.0	0.004545454545454545	0.026415094339622643	0.026881720430107527	0.0	0.04721030042918455	0.01092896174863388	0.0449438202247191	0.030973451327433628	0.029787234042553193	0.01775147928994083	0.00558659217877095	0.011695906432748537	0.0	0.016042780748663103	0.03208556149732621	0.05314009661835749	0.023696682464454975	0.03571428571428571	0.04455445544554455	0.0	0.0	0.0	0.011049723756906077	0.0	0.005405405405405406	0.0	0.047619047619047616
es	0.030303030303030304	0.08403361344537816	0.0	0.0	0.0	0.018018018018018018	0.046296296296296294	0.004545454545454545	1.0	0.022857142857142857	0.031578947368421054	0.015625	0.07092198581560284	0.033707865168539325	0.01639344262295082	0.029411764705882353	0.04195804195804196	0.025974025974025976	0.03571428571428571	0.03896103896103896	0.015384615384615385	0.010416666666666666	0.010101010101010102	0.041666666666666664	0.06956521739130435	0.028037383177570093	0.04424778761061947	0.0	0.06329113924050633	0.060240963855421686	0.0	0.0	0.010869565217391304	0.0	0.04891304347826087
fr	0.0	0.01694915254237288	0.0	0.0	0.027210884353741496	0.012345679012345678	0.012345679012345678	0.026415094339622643	0.022857142857142857	1.0	0.027586206896551724	0.0	0.030612244897959183	0.02142857142857143	0.048672566371681415	0.04371584699453552	0.0582010582010582	0.007751937984496124	0.022222222222222223	0.007692307692307693	0.0	0.0136986301369863	0.02027027027027027	0.017341040462427744	0.029585798816568046	0.012578616352201259	0.024242424242424242	0.0	0.022727272727272728	0.0	0.014388489208633094	0.0	0.006993006993006993	0.0	0.05627705627705628
he	0.0	0.07608695652173914	0.0	0.0	0.014492753623188406	0.024691358024691357	0.07792207792207792	0.026881720430107527	0.031578947368421054	0.027586206896551724	1.0	0.0	0.05217391304347826	0.03333333333333333	0.04697986577181208	0.018518518518518517	0.10185185185185185	0.0425531914893617	0.017857142857142856	0.06382978723404255	0.0	0.015151515151515152	0.04477611940298507	0.06741573033707865	0.056818181818181816	0.03896103896103896	0.060240963855421686	0.0	0.0	0.03571428571428571	0.034482758620689655	0.0	0.0	0.0	0.04487179487179487
hi	0.0	0.015384615384615385	0.0	0.0	0.0	0.0	0.02040816326530612	0.0	0.015625	0.0	0.0	1.0	0.011494252873563218	0.03571428571428571	0.0	0.0	0.0	0.0	0.0	0.0	0.0	0.0	0.0	0.0	0.01694915254237288	0.0	0.0	0.0	0.0	0.041666666666666664	0.0	0.0	0.0	0.0	0.0
hu	0.02247191011235955	0.216	0.0	0.03225806451612903	0.06956521739130435	0.014925373134328358	0.0967741935483871	0.04721030042918455	0.07092198581560284	0.030612244897959183	0.05217391304347826	0.011494252873563218	1.0	0.09523809523809523	0.06091370558375635	0.07236842105263158	0.16216216216216217	0.04081632653061224	0.1	0.061855670103092786	0.011363636363636364	0.043478260869565216	0.06956521739130435	0.1297709923664122	0.140625	0.031007751937984496	0.1557377049180328	0.0	0.07	0.12121212121212122	0.018018018018018018	0.0	0.09433962264150944	0.0	0.08542713567839195
id	0.03225806451612903	0.13414634146341464	0.0	0.027777777777777776	0.04918032786885246	0.04054054054054054	0.0547945205479452	0.01092896174863388	0.033707865168539325	0.02142857142857143	0.03333333333333333	0.03571428571428571	0.09523809523809523	1.0	0.0273972602739726	0.0196078431372549	0.0761904761904762	0.023809523809523808	0.0851063829787234	0.0	0.0	0.016666666666666666	0.015873015873015872	0.05952380952380952	0.10126582278481013	0.0136986301369863	0.15492957746478872	0.0	0.02127659574468085	0.08333333333333333	0.038461538461538464	0.0	0.11764705882352941	0.0	0.06802721088435375
it	0.0	0.03888888888888889	0.0	0.015503875968992248	0.025974025974025976	0.0058823529411764705	0.017857142857142856	0.0449438202247191	0.01639344262295082	0.048672566371681415	0.04697986577181208	0.0	0.06091370558375635	0.0273972602739726	1.0	0.042105263157894736	0.06701030927835051	0.03007518796992481	0.050724637681159424	0.029850746268656716	0.008130081300813009	0.040268456375838924	0.025974025974025976	0.03977272727272727	0.07100591715976332	0.005988023952095809	0.047619047619047616	0.0	0.02158273381294964	0.02097902097902098	0.020689655172413793	0.0	0.03424657534246575	0.0	0.11061946902654868
ja	0.012658227848101266	0.07633587786259542	0.0	0.011904761904761904	0.01818181818181818	0.016260162601626018	0.041666666666666664	0.030973451327433628	0.029411764705882353	0.04371584699453552	0.018518518518518517	0.0	0.07236842105263158	0.0196078431372549	0.042105263157894736	1.0	0.06622516556291391	0.02247191011235955	0.042105263157894736	0.022222222222222223	0.012987012987012988	0.02830188679245283	0.04672897196261682	0.05384615384615385	0.0546875	0.008264462809917356	0.04	0.0	0.043478260869565216	0.041666666666666664	0.030303030303030304	0.0	0.019417475728155338	0.0	0.07329842931937172
ko	0.0	0.1450381679389313	0.0	0.010752688172043012	0.07079646017699115	0.03875968992248062	0.06349206349206349	0.029787234042553193	0.04195804195804196	0.0582010582010582	0.10185185185185185	0.0	0.16216216216216217	0.0761904761904762	0.06701030927835051	0.06622516556291391	1.0	0.030927835051546393	0.04854368932038835	0.07446808510638298	0.0	0.04424778761061947	0.04310344827586207	0.12307692307692308	0.09923664122137404	0.048	0.13934426229508196	0.0	0.039603960396039604	0.06862745098039216	0.037383177570093455	0.0	0.05555555555555555	0.0	0.09743589743589744
lv	0.0	0.1111111111111111	0.0	0.0	0.02	0.0	0.10344827586206896	0.01775147928994083	0.025974025974025976	0.007751937984496124	0.0425531914893617	0.0	0.04081632653061224	0.023809523809523808	0.03007518796992481	0.02247191011235955	0.030927835051546393	1.0	0.08571428571428572	0.14814814814814814	0.0	0.02127659574468085	0.02	0.05555555555555555	0.027777777777777776	0.016666666666666666	0.045454545454545456	0.0	0.029411764705882353	0.08333333333333333	0.0	0.0	0.0	0.0	0.02127659574468085
mk	0.038461538461538464	0.1282051282051282	0.0	0.06666666666666667	0.017241379310344827	0.0	0.058823529411764705	0.00558659217877095	0.03571428571428571	0.022222222222222223	0.017857142857142856	0.0	0.1	0.0851063829787234	0.050724637681159424	0.042105263157894736	0.04854368932038835	0.08571428571428572	1.0	0.05405405405405406	0.041666666666666664	0.0	0.05357142857142857	0.09090909090909091	0.10810810810810811	0.014705882352941176	0.11594202898550725	0.0	0.10256410256410256	0.11904761904761904	0.020833333333333332	0.0	0.04	0.0	0.034013605442176874
ml	0.05263157894736842	0.14084507042253522	0.0	0.0	0.0196078431372549	0.0	0.06557377049180328	0.011695906432748537	0.03896103896103896	0.007692307692307693	0.06382978723404255	0.0	0.061855670103092786	0.0	0.029850746268656716	0.022222222222222223	0.07446808510638298	0.14814814814814814	0.05405405405405406	1.0	0.058823529411764705	0.0	0.04	0.04054054054054054	0.013513513513513514	0.01639344262295082	0.09375	0.0	0.02857142857142857	0.05263157894736842	0.0	0.0	0.022727272727272728	0.0	0.04316546762589928
mr	0.2	0.03076923076923077	0.0	0.0	0.0	0.0	0.02	0.0	0.015384615384615385	0.0	0.0	0.0	0.011363636363636364	0.0	0.008130081300813009	0.012987012987012988	0.0	0.0	0.041666666666666664	0.058823529411764705	1.0	0.0	0.02702702702702703	0.0	0.0	0.0	0.01818181818181818	0.0	0.0	0.04	0.0	0.0	0.0	0.0	0.007692307692307693
nl	0.0	0.031578947368421054	0.0	0.0	0.014705882352941176	0.012345679012345678	0.025	0.016042780748663103	0.010416666666666666	0.0136986301369863	0.015151515151515152	0.0	0.043478260869565216	0.016666666666666666	0.040268456375838924	0.02830188679245283	0.04424778761061947	0.02127659574468085	0.0	0.0	0.0	1.0	0.0	0.03296703296703297	0.045454545454545456	0.0	0.04819277108433735	0.0	0.019230769230769232	0.017857142857142856	0.017241379310344827	0.0	0.0	0.0	0.04516129032258064
pl	0.0	0.12222222222222222	0.0	0.07142857142857142	0.014084507042253521	0.0	0.0759493670886076	0.03208556149732621	0.010101010101010102	0.02027027027027027	0.04477611940298507	0.0	0.06956521739130435	0.015873015873015872	0.025974025974025976	0.04672897196261682	0.04310344827586207	0.02	0.05357142857142857	0.04	0.02702702702702703	0.0	1.0	0.05434782608695652	0.04395604395604396	0.012345679012345678	0.07142857142857142	0.0	0.05660377358490566	0.07142857142857142	0.0	0.0	0.015625	0.0	0.04430379746835443
pt	0.031746031746031744	0.11504424778761062	0.0	0.029411764705882353	0.021052631578947368	0.03773584905660377	0.057692307692307696	0.05314009661835749	0.041666666666666664	0.017341040462427744	0.06741573033707865	0.0	0.1297709923664122	0.05952380952380952	0.03977272727272727	0.05384615384615385	0.12307692307692308	0.05555555555555555	0.09090909090909091	0.04054054054054054	0.0	0.03296703296703297	0.05434782608695652	1.0	0.061946902654867256	0.009433962264150943	0.08490566037735849	0.0	0.06578947368421052	0.08974358974358974	0.023529411764705882	0.0	0.07142857142857142	0.0	0.09826589595375723
ro	0.016129032258064516	0.14814814814814814	0.0	0.030303030303030304	0.021505376344086023	0.009345794392523364	0.125	0.023696682464454975	0.06956521739130435	0.029585798816568046	0.056818181818181816	0.01694915254237288	0.140625	0.10126582278481013	0.07100591715976332	0.0546875	0.09923664122137404	0.027777777777777776	0.10810810810810811	0.013513513513513514	0.0	0.045454545454545456	0.04395604395604396	0.061946902654867256	1.0	0.029411764705882353	0.18947368421052632	0.0	0.05333333333333334	0.10666666666666667	0.024096385542168676	0.0	0.060240963855421686	0.0	0.09941520467836257
ru	0.0	0.01834862385321101	0.0	0.0	0.025	0.0	0.03260869565217391	0.03571428571428571	0.028037383177570093	0.012578616352201259	0.03896103896103896	0.0	0.031007751937984496	0.0136986301369863	0.005988023952095809	0.008264462809917356	0.048	0.016666666666666666	0.014705882352941176	0.01639344262295082	0.0	0.0	0.012345679012345678	0.009433962264150943	0.029411764705882353	1.0	0.030927835051546393	0.0	0.0	0.029411764705882353	0.014084507042253521	0.0	0.0	0.0	0.011560693641618497
sh	0.07407407407407407	0.2268041237113402	0.0	0.06779661016949153	0.058823529411764705	0.019801980198019802	0.17045454545454544	0.04455445544554455	0.04424778761061947	0.024242424242424242	0.060240963855421686	0.0	0.1557377049180328	0.15492957746478872	0.047619047619047616	0.04	0.13934426229508196	0.045454545454545456	0.11594202898550725	0.09375	0.01818181818181818	0.04819277108433735	0.07142857142857142	0.08490566037735849	0.18947368421052632	0.030927835051546393	1.0	0.0	0.1044776119402985	0.09859154929577464	0.0	0.0	0.0641025641025641	0.0	0.10240963855421686
si	0.0	0.0	0.0	0.0	0.0	0.0	0.0	0.0	0.0	0.0	0.0	0.0	0.0	0.0	0.0	0.0	0.0	0.0	0.0	0.0	0.0	0.0	0.0	0.0	0.0	0.0	0.0	0.0	0.0	0.0	0.0	0.0	0.0	0.0	0.0
simple	0.043478260869565216	0.11842105263157894	0.0	0.16	0.037037037037037035	0.0	0.078125	0.0	0.06329113924050633	0.022727272727272728	0.0	0.0	0.07	0.02127659574468085	0.02158273381294964	0.043478260869565216	0.039603960396039604	0.029411764705882353	0.10256410256410256	0.02857142857142857	0.0	0.019230769230769232	0.05660377358490566	0.06578947368421052	0.05333333333333334	0.0	0.1044776119402985	0.0	1.0	0.15789473684210525	0.0	0.0	0.06521739130434782	0.0	0.04195804195804196
sr	0.07692307692307693	0.20270270270270271	0.0	0.03125	0.05263157894736842	0.0	0.07352941176470588	0.0	0.060240963855421686	0.0	0.03571428571428571	0.041666666666666664	0.12121212121212122	0.08333333333333333	0.02097902097902098	0.041666666666666664	0.06862745098039216	0.08333333333333333	0.11904761904761904	0.05263157894736842	0.04	0.017857142857142856	0.07142857142857142	0.08974358974358974	0.10666666666666667	0.029411764705882353	0.09859154929577464	0.0	0.15789473684210525	1.0	0.041666666666666664	0.0	0.019230769230769232	0.0	0.02
sv	0.0	0.03409090909090909	0.0	0.0	0.0	0.013513513513513514	0.0273972602739726	0.011049723756906077	0.0	0.014388489208633094	0.034482758620689655	0.0	0.018018018018018018	0.038461538461538464	0.020689655172413793	0.030303030303030304	0.037383177570093455	0.0	0.020833333333333332	0.0	0.0	0.017241379310344827	0.0	0.023529411764705882	0.024096385542168676	0.014084507042253521	0.0	0.0	0.0	0.041666666666666664	1.0	0.0	0.018518518518518517	0.0	0.019736842105263157
te	0.0	0.0	0.0	0.0	0.0	0.0	0.0	0.0	0.0	0.0	0.0	0.0	0.0	0.0	0.0	0.0	0.0	0.0	0.0	0.0	0.0	0.0	0.0	0.0	0.0	0.0	0.0	0.0	0.0	0.0	0.0	0.0	0.0	0.0	0.0
vi	0.03125	0.044444444444444446	0.0	0.05555555555555555	0.0	0.012987012987012988	0.0	0.005405405405405406	0.010869565217391304	0.006993006993006993	0.0	0.0	0.09433962264150944	0.11764705882352941	0.03424657534246575	0.019417475728155338	0.05555555555555555	0.0	0.04	0.022727272727272728	0.0	0.0	0.015625	0.07142857142857142	0.060240963855421686	0.0	0.0641025641025641	0.0	0.06521739130434782	0.019230769230769232	0.018518518518518517	0.0	1.0	0.0	0.07482993197278912
war	0.0	0.0	0.0	0.0	0.0	0.0	0.0	0.0	0.0	0.0	0.0	0.0	0.0	0.0	0.0	0.0	0.0	0.0	0.0	0.0	0.0	0.0	0.0	0.0	0.0	0.0	0.0	0.0	0.0	0.0	0.0	0.0	0.0	0.0	0.0
zh	0.007575757575757576	0.0898876404494382	0.0	0.03759398496240601	0.03773584905660377	0.022988505747126436	0.09876543209876543	0.047619047619047616	0.04891304347826087	0.05627705627705628	0.04487179487179487	0.0	0.08542713567839195	0.06802721088435375	0.11061946902654868	0.07329842931937172	0.09743589743589744	0.02127659574468085	0.034013605442176874	0.04316546762589928	0.007692307692307693	0.04516129032258064	0.04430379746835443	0.09826589595375723	0.09941520467836257	0.011560693641618497	0.10240963855421686	0.0	0.04195804195804196	0.02	0.019736842105263157	0.0	0.07482993197278912	0.0	1.0
