arz	bs	ceb	ckb	da	de	el	en	es	fr	he	hi	hu	id	it	ja	ko	lv	mk	ml	mr	nl	pl	pt	ro	ru	sh	si	simple	sr	sv	te	vi	war	zh
arz	1.0	1.0	0.0	1.0	0.5720108559822424	1.0	1.0	0.2988135037476108	0.7189258117174852	0.718925811717485	1.0	1.0	1.0	1.0	0.4672044975780983	1.0	1.0	1.0	1.0	1.0	1.0	0.3794128373677181	0.7210092110599264	0.7171176902274347	1.0	1.0	0.6568318202362041	1.0	0.728099120889861	1.0	1.0	1.0	1.0	1.0	1.0
bs	1.0	1.0	0.0	1.0	0.20671146671707183	0.21676250498860566	0.22093104470719574	0.18683278617074472	0.21601015809127982	0.21097876791663445	0.22026313403324937	0.2541416700297696	0.24837478351822073	0.21227991144727526	0.17461506071959554	0.22148963556313994	0.220763363611531	0.2555128091778288	0.35821555897162	0.661251134120194	0.31305148190978854	0.16724410639566015	0.2144838506796425	0.20057660085587412	0.21689909637231686	0.21282196016709792	0.20214205356918052	1.0	0.23171301021492044	0.21149836170723482	0.21615865390820108	1.0	0.2262977835826869	0.6740515375688696	0.21861310829209393
ceb	0.0	0.0	1.0	0.0	1.0	1.0	1.0	1.0	1.0	1.0	1.0	1.0	1.0	1.0	1.0	1.0	1.0	1.0	1.0	0.0	1.0	0.8216064286890065	1.0	1.0	1.0	1.0	1.0	0.0	1.0	1.0	1.0	0.0	1.0	0.0	1.0
ckb	1.0	1.0	0.0	1.0	1.0	1.0	1.0	0.7347168825662656	1.0	1.0	1.0	1.0	1.0	1.0	0.6786291688147437	1.0	1.0	1.0	1.0	1.0	1.0	0.3596441553755608	1.0	0.7347168825662656	1.0	1.0	1.0	1.0	0.7376607345031152	1.0	1.0	1.0	1.0	1.0	1.0
da	0.5720108559822424	0.20671146671707183	1.0	1.0	1.0	0.1353592976432549	0.20965914183152834	0.10488674806612452	0.12742075575398526	0.1224240875624704	0.15738417937904584	0.34575675792828847	0.20390714420918238	0.12798452021183512	0.10782079442346568	0.163302681524829	0.16070044019632132	0.23878714264431108	0.28050028246073266	0.3971673797449891	0.26041392792788687	0.1161443171405661	0.13148702809690313	0.12253525371153849	0.1491522493529699	0.14293462933620088	0.14230861457496294	0.6667969795412325	0.18687106716969668	0.15044527916125233	0.11523856923405532	1.0	0.16150033881116743	0.5377562564929546	0.15433215237471085
de	1.0	0.21676250498860566	1.0	1.0	0.1353592976432549	1.0	0.3193378041354139	0.07632578313202579	0.08363698148388288	0.07506506728895761	0.16713411023446523	0.4840538578358051	0.22767695503959048	0.09087637908921792	0.09161909406013963	0.16372215062825646	0.16679675013919656	0.43041964422283063	0.43911178606452705	0.5052355834856755	0.49295789878895085	0.09116947768731624	0.09033481624125535	0.08661722039715163	0.2401517197421685	0.1062709209877987	0.12295496433549334	0.728099120889861	0.258989927468559	0.15855074854896126	0.1153196104602819	1.0	0.2455692464195337	1.0	0.18100329202510562
el	1.0	0.22093104470719574	1.0	1.0	0.20965914183152834	0.3193378041354139	1.0	0.11204451138003388	0.21472366389628827	0.16635642782642837	1.0	1.0	1.0	0.17362670389589863	0.14375815934715078	1.0	1.0	0.5821956524078238	1.0	1.0	1.0	0.1593919772132177	0.20280742259889026	0.20480855483395427	0.5004074986600819	1.0	0.1937779523133738	1.0	0.3974318329074343	0.6921017685725067	0.2449793887675023	1.0	1.0	1.0	1.0
en	0.2988135037476108	0.18683278617074472	1.0	0.7347168825662656	0.10488674806612452	0.07632578313202579	0.11204451138003388	1.0	0.07150309619925195	0.06284331574461417	0.12302031990803833	0.18434205736286613	0.1231457188091039	0.07158657117017342	0.08503188352221297	0.11107186457564071	0.1220971429006607	0.1676302504697157	0.16338525140202917	0.25943991362997115	0.25459319285850524	0.08414321862157448	0.08033456552370742	0.06793734163014291	0.13366941570368363	0.10608559362519597	0.08865267621732413	0.38168676702457577	0.17128030164393468	0.11291690135442943	0.08214457231947606	0.5235524412496757	0.12825259960381108	0.6163326624308246	0.11976802934804795
es	0.7189258117174852	0.21601015809127982	1.0	1.0	0.12742075575398526	0.08363698148388288	0.21472366389628827	0.07150309619925195	1.0	0.06908199475779828	0.14505947086054258	0.4205180307826069	0.24619856426527054	0.08044393102087807	0.08380917017275971	0.15479949636328114	0.16906671707874651	0.4000316639972268	0.32252698198953483	0.6294438355475271	0.5541029132206079	0.0938133951200699	0.09884653487409592	0.07135215399635123	0.2179622132424619	0.09351218242395945	0.11258573185942485	1.0	0.2673322959471936	0.13531918957241496	0.09705475550660751	1.0	0.2159029148983046	0.7234532828151787	0.15708122014142167
fr	0.718925811717485	0.21097876791663445	1.0	1.0	0.1224240875624704	0.07506506728895761	0.16635642782642837	0.06284331574461417	0.06908199475779828	1.0	0.1381599249366287	0.35497601339347207	0.15938201333046811	0.07381242112398004	0.07054684437923392	0.09379556738144887	0.1155553384593079	0.3489750422590409	0.2227362864737716	0.4410145915227916	0.5395315952648028	0.07977946424733322	0.08054144286504981	0.06734263395066749	0.1720770958311082	0.07297460982182183	0.10002110174586334	0.5747129628734963	0.21463178429420812	0.10145554250834098	0.08429794632608209	1.0	0.15620668981312322	0.5747129628734963	0.1104432173671697
he	1.0	0.22026313403324937	1.0	1.0	0.15738417937904584	0.16713411023446523	1.0	0.12302031990803833	0.14505947086054258	0.1381599249366287	1.0	1.0	0.6949853100792212	0.15701383782571254	0.12132119400668274	1.0	1.0	0.5451988153818975	1.0	1.0	1.0	0.12056105401030691	0.18925280254692697	0.16122987027491997	0.5339927485566336	1.0	0.18540598991305152	1.0	0.3483755812783379	0.5025818235134051	0.13938607528623603	1.0	1.0	1.0	1.0
hi	1.0	0.2541416700297696	1.0	1.0	0.34575675792828847	0.4840538578358051	1.0	0.18434205736286613	0.4205180307826069	0.35497601339347207	1.0	1.0	1.0	0.2814953098949047	0.17340348176225745	1.0	1.0	1.0	1.0	1.0	1.0	0.22314330362660786	0.4387044578677918	0.3524108320234671	1.0	1.0	0.41398838247743325	1.0	0.4610451438853066	1.0	0.40407977572991527	1.0	1.0	1.0	1.0
hu	1.0	0.24837478351822073	1.0	1.0	0.20390714420918238	0.22767695503959048	1.0	0.1231457188091039	0.24619856426527054	0.15938201333046811	0.6949853100792212	1.0	1.0	0.2023901675084206	0.13536669538801882	0.6170691224431426	0.6936610229131303	0.6280783374972719	1.0	1.0	1.0	0.15947010485955881	0.2339755611900202	0.16855034683999923	0.6205729016881216	0.5649531737861199	0.23341755470861203	1.0	0.40737229189757346	0.5660354584196642	0.24289410898686212	1.0	0.6967033415961651	1.0	0.6165259110563218
id	1.0	0.21227991144727526	1.0	1.0	0.12798452021183512	0.09087637908921792	0.17362670389589863	0.07158657117017342	0.08044393102087807	0.07381242112398004	0.15701383782571254	0.2814953098949047	0.2023901675084206	1.0	0.08317868699004262	0.1260273155260878	0.13673039851961208	0.33201989917697	0.31777247205406617	0.32385606397229827	0.49946771803990225	0.09200620819971515	0.0917069428575617	0.08149265802098231	0.17062304666122935	0.09209764392940478	0.12211556124774192	0.7263875964832449	0.24336031083989634	0.1292277808833438	0.09503125715976825	0.7322034805959263	0.18220739984283466	0.6221982196391784	0.12983450016300238
it	0.4672044975780983	0.17461506071959554	1.0	0.6786291688147437	0.10782079442346568	0.09161909406013963	0.14375815934715078	0.08503188352221297	0.08380917017275971	0.07054684437923392	0.12132119400668274	0.17340348176225745	0.13536669538801882	0.08317868699004262	1.0	0.12929479191448603	0.13155480134247333	0.1408388370900684	0.16111179917573423	0.1906374456129332	0.2866550564691158	0.08935666661800178	0.09338158110344208	0.07840798540851472	0.12798013958152332	0.1217408430911073	0.09488998860051365	0.3885283555128246	0.15361297510722163	0.12199714785383159	0.09213870882657894	0.5445978184724408	0.13449497234673713	0.47104118912637816	0.12521123802750686
ja	1.0	0.22148963556313994	1.0	1.0	0.163302681524829	0.16372215062825646	1.0	0.11107186457564071	0.15479949636328114	0.09379556738144887	1.0	1.0	0.6170691224431426	0.1260273155260878	0.12929479191448603	1.0	1.0	0.5787884469698927	1.0	1.0	1.0	0.11036078114576785	0.1590070016158656	0.12674117039808902	0.42002310456272557	1.0	0.15371541969141736	1.0	0.3005429832882802	0.44440541057644734	0.15369179797774346	1.0	1.0	1.0	1.0
ko	1.0	0.220763363611531	1.0	1.0	0.16070044019632132	0.16679675013919656	1.0	0.1220971429006607	0.16906671707874651	0.1155553384593079	1.0	1.0	0.6936610229131303	0.13673039851961208	0.13155480134247333	1.0	1.0	0.5458815650768585	1.0	1.0	1.0	0.12552659202716956	0.15758422928597918	0.1406720980946459	0.4539621683863222	1.0	0.16666730655433054	1.0	0.3175094364257465	0.4603476005415635	0.1354523742640117	1.0	1.0	1.0	1.0
lv	1.0	0.2555128091778288	1.0	1.0	0.23878714264431108	0.43041964422283063	0.5821956524078238	0.1676302504697157	0.4000316639972268	0.3489750422590409	0.5451988153818975	1.0	0.6280783374972719	0.33201989917697	0.1408388370900684	0.5787884469698927	0.5458815650768585	1.0	1.0	1.0	1.0	0.17995010718658289	0.3183643710343334	0.3186718617274182	0.5414302504060392	0.5148517597465936	0.3194222831365274	1.0	0.45523274733715197	0.5790916044961201	0.35156482715160303	1.0	0.5481548567852603	1.0	0.5442348768883051
mk	1.0	0.35821555897162	1.0	1.0	0.28050028246073266	0.43911178606452705	1.0	0.16338525140202917	0.32252698198953483	0.2227362864737716	1.0	1.0	1.0	0.31777247205406617	0.16111179917573423	1.0	1.0	1.0	1.0	1.0	1.0	0.20027333309982467	0.3006992943261662	0.2394904651316188	0.5876038795069037	1.0	0.28855507228945687	1.0	0.5263245255014597	1.0	0.35037681174540086	1.0	1.0	1.0	1.0
ml	1.0	0.661251134120194	0.0	1.0	0.3971673797449891	0.5052355834856755	1.0	0.25943991362997115	0.6294438355475271	0.4410145915227916	1.0	1.0	1.0	0.32385606397229827	0.1906374456129332	1.0	1.0	1.0	1.0	1.0	1.0	0.25932375667415003	0.4700171377099323	0.489066325138565	0.7091953875376782	1.0	0.5023150845620902	1.0	0.5678371292944138	1.0	0.44884206497960993	1.0	1.0	1.0	1.0
mr	1.0	0.31305148190978854	1.0	1.0	0.26041392792788687	0.49295789878895085	1.0	0.25459319285850524	0.5541029132206079	0.5395315952648028	1.0	1.0	1.0	0.49946771803990225	0.2866550564691158	1.0	1.0	1.0	1.0	1.0	1.0	0.26642347920831033	0.516026673939118	0.49946771803990225	1.0	1.0	0.5764993373697345	1.0	0.5967739643846041	1.0	0.4865890717533953	1.0	1.0	1.0	1.0
nl	0.3794128373677181	0.16724410639566015	0.8216064286890065	0.3596441553755608	0.1161443171405661	0.09116947768731624	0.1593919772132177	0.08414321862157448	0.0938133951200699	0.07977946424733322	0.12056105401030691	0.22314330362660786	0.15947010485955881	0.09200620819971515	0.08935666661800178	0.11036078114576785	0.12552659202716956	0.17995010718658289	0.20027333309982467	0.25932375667415003	0.26642347920831033	1.0	0.10090292571621381	0.09133557503197916	0.1601631360079304	0.10736405622540629	0.10311561106736764	0.6290808149140177	0.18867317741494458	0.11849158014509116	0.10835883886237421	0.3945592495977248	0.12333337184160109	0.3344868134986331	0.121943654094736
pl	0.7210092110599264	0.2144838506796425	1.0	1.0	0.13148702809690313	0.09033481624125535	0.20280742259889026	0.08033456552370742	0.09884653487409592	0.08054144286504981	0.18925280254692697	0.4387044578677918	0.2339755611900202	0.0917069428575617	0.09338158110344208	0.1590070016158656	0.15758422928597918	0.3183643710343334	0.3006992943261662	0.4700171377099323	0.516026673939118	0.10090292571621381	1.0	0.08839040265420992	0.1977707001266717	0.10448798580065309	0.13914302753837984	0.6332460537063271	0.22822104760255574	0.14747507976011412	0.11814830785720848	0.7347168825662656	0.2114566380802643	0.7234532828151787	0.1680146459390986
pt	0.7171176902274347	0.20057660085587412	1.0	0.7347168825662656	0.12253525371153849	0.08661722039715163	0.20480855483395427	0.06793734163014291	0.07135215399635123	0.06734263395066749	0.16122987027491997	0.3524108320234671	0.16855034683999923	0.08149265802098231	0.07840798540851472	0.12674117039808902	0.1406720980946459	0.3186718617274182	0.2394904651316188	0.489066325138565	0.49946771803990225	0.09133557503197916	0.08839040265420992	1.0	0.1852502206751636	0.08459800138733205	0.0997184472167493	0.3421787137190205	0.2478500837439462	0.11332737098604329	0.09562080818812502	1.0	0.17841586255676792	1.0	0.12922056449943906
ro	1.0	0.21689909637231686	1.0	1.0	0.1491522493529699	0.2401517197421685	0.5004074986600819	0.13366941570368363	0.2179622132424619	0.1720770958311082	0.5339927485566336	1.0	0.6205729016881216	0.17062304666122935	0.12798013958152332	0.42002310456272557	0.4539621683863222	0.5414302504060392	0.5876038795069037	0.7091953875376782	1.0	0.1601631360079304	0.1977707001266717	0.1852502206751636	1.0	0.3713741269838588	0.2033732222768707	1.0	0.3530366423278993	0.41035392433974743	0.22658568148567665	1.0	0.5711397827209619	1.0	0.4901250188281514
ru	1.0	0.21282196016709792	1.0	1.0	0.14293462933620088	0.1062709209877987	1.0	0.10608559362519597	0.09351218242395945	0.07297460982182183	1.0	1.0	0.5649531737861199	0.09209764392940478	0.1217408430911073	1.0	1.0	0.5148517597465936	1.0	1.0	1.0	0.10736405622540629	0.10448798580065309	0.08459800138733205	0.3713741269838588	1.0	0.1125488764667449	1.0	0.30233562146101983	0.35220059809512577	0.1041769388511296	1.0	1.0	1.0	1.0
sh	0.6568318202362041	0.20214205356918052	1.0	1.0	0.14230861457496294	0.12295496433549334	0.1937779523133738	0.08865267621732413	0.11258573185942485	0.10002110174586334	0.18540598991305152	0.41398838247743325	0.23341755470861203	0.12211556124774192	0.09488998860051365	0.15371541969141736	0.16666730655433054	0.3194222831365274	0.28855507228945687	0.5023150845620902	0.5764993373697345	0.10311561106736764	0.13914302753837984	0.0997184472167493	0.2033732222768707	0.1125488764667449	1.0	0.7263875964832448	0.27913456082316546	0.13143482260278871	0.14906500595336628	0.7411828468492556	0.23197683190538776	0.7248485669756152	0.15526312336528814
si	1.0	1.0	0.0	1.0	0.6667969795412325	0.728099120889861	1.0	0.38168676702457577	1.0	0.5747129628734963	1.0	1.0	1.0	0.7263875964832449	0.3885283555128246	1.0	1.0	1.0	1.0	1.0	1.0	0.6290808149140177	0.6332460537063271	0.3421787137190205	1.0	1.0	0.7263875964832448	1.0	1.0	1.0	1.0	1.0	1.0	1.0	1.0
simple	0.728099120889861	0.23171301021492044	1.0	0.7376607345031152	0.18687106716969668	0.258989927468559	0.3974318329074343	0.17128030164393468	0.2673322959471936	0.21463178429420812	0.3483755812783379	0.4610451438853066	0.40737229189757346	0.24336031083989634	0.15361297510722163	0.3005429832882802	0.3175094364257465	0.45523274733715197	0.5263245255014597	0.5678371292944138	0.5967739643846041	0.18867317741494458	0.22822104760255574	0.2478500837439462	0.3530366423278993	0.30233562146101983	0.27913456082316546	1.0	1.0	0.3347096808074247	0.23248604952246824	0.6740515375688696	0.35571655550320364	0.728099120889861	0.3205534013877119
sr	1.0	0.21149836170723482	1.0	1.0	0.15044527916125233	0.15855074854896126	0.6921017685725067	0.11291690135442943	0.13531918957241496	0.10145554250834098	0.5025818235134051	1.0	0.5660354584196642	0.1292277808833438	0.12199714785383159	0.44440541057644734	0.4603476005415635	0.5790916044961201	1.0	1.0	1.0	0.11849158014509116	0.14747507976011412	0.11332737098604329	0.41035392433974743	0.35220059809512577	0.13143482260278871	1.0	0.3347096808074247	1.0	0.15843536298210992	1.0	0.5059463239812729	1.0	0.41028023139014547
sv	1.0	0.21615865390820108	1.0	1.0	0.11523856923405532	0.1153196104602819	0.2449793887675023	0.08214457231947606	0.09705475550660751	0.08429794632608209	0.13938607528623603	0.40407977572991527	0.24289410898686212	0.09503125715976825	0.09213870882657894	0.15369179797774346	0.1354523742640117	0.35156482715160303	0.35037681174540086	0.44884206497960993	0.4865890717533953	0.10835883886237421	0.11814830785720848	0.09562080818812502	0.22658568148567665	0.1041769388511296	0.14906500595336628	1.0	0.23248604952246824	0.15843536298210992	1.0	1.0	0.16834327922197723	1.0	0.12016844164744582
te	1.0	1.0	0.0	1.0	1.0	1.0	1.0	0.5235524412496757	1.0	1.0	1.0	1.0	1.0	0.7322034805959263	0.5445978184724408	1.0	1.0	1.0	1.0	1.0	1.0	0.3945592495977248	0.7347168825662656	1.0	1.0	1.0	0.7411828468492556	1.0	0.6740515375688696	1.0	1.0	1.0	1.0	1.0	1.0
vi	1.0	0.2262977835826869	1.0	1.0	0.16150033881116743	0.2455692464195337	1.0	0.12825259960381108	0.2159029148983046	0.15620668981312322	1.0	1.0	0.6967033415961651	0.18220739984283466	0.13449497234673713	1.0	1.0	0.5481548567852603	1.0	1.0	1.0	0.12333337184160109	0.2114566380802643	0.17841586255676792	0.5711397827209619	1.0	0.23197683190538776	1.0	0.35571655550320364	0.5059463239812729	0.16834327922197723	1.0	1.0	1.0	1.0
war	1.0	0.6740515375688696	0.0	1.0	0.5377562564929546	1.0	1.0	0.6163326624308246	0.7234532828151787	0.5747129628734963	1.0	1.0	1.0	0.6221982196391784	0.47104118912637816	1.0	1.0	1.0	1.0	1.0	1.0	0.3344868134986331	0.7234532828151787	1.0	1.0	1.0	0.7248485669756152	1.0	0.728099120889861	1.0	1.0	1.0	1.0	1.0	1.0
zh	1.0	0.21861310829209393	1.0	1.0	0.15433215237471085	0.18100329202510562	1.0	0.11976802934804795	0.15708122014142167	0.1104432173671697	1.0	1.0	0.6165259110563218	0.12983450016300238	0.12521123802750686	1.0	1.0	0.5442348768883051	1.0	1.0	1.0	0.121943654094736	0.1680146459390986	0.12922056449943906	0.4901250188281514	1.0	0.15526312336528814	1.0	0.3205534013877119	0.41028023139014547	0.12016844164744582	1.0	1.0	1.0	1.0
