arz	bs	ceb	ckb	da	de	el	en	es	fr	he	hi	hu	id	it	ja	ko	lv	mk	ml	mr	nl	pl	pt	ro	ru	sh	si	simple	sr	sv	te	vi	war	zh
arz	1.0	0.48141814169754954	0.641521583802158	0.6459188383803496	0.3322730916536702	0.583597080861026	0.31076555239885817	0.30938826605294956	0.3579240661663884	0.5197997865779417	0.4174829194739944	1.0	0.42090122442471084	0.4471373729122738	0.566616821261862	0.4639114369419613	0.42473882712936895	0.5319494794482084	0.4084596095163243	0.34555777784294184	0.6384378828200049	0.40001392759679494	0.3749317072558766	0.33941647340264824	0.3293619065194241	0.3262159273146219	0.5177886334247206	1.0	0.43875169796075014	0.38864934133732093	0.4809573250216231	1.0	0.5106019724715061	0.5659113719196304	0.2904055110010639
bs	0.48141814169754954	1.0	0.7642219883962117	0.42813794374915204	0.3309707022857181	0.578528575128943	0.36916594397873576	0.36744940122130415	0.4695530469236034	0.47226742506459257	0.5163284169392062	0.749247967656874	0.45280174581154353	0.4246953033454729	0.33819496128325083	0.5212135749947342	0.3856259923032688	0.4954422251550086	0.583273971904127	0.4041440012744243	0.7488205801456329	0.5516697823945058	0.31667621686797176	0.4538572222561993	0.40930424991249975	0.28981857867505767	0.5253669928143885	1.0	0.4145857360573313	0.5160362074646755	0.5831003771657106	1.0	0.5181498687891675	0.7097861871786817	0.49223250153056086
ceb	0.641521583802158	0.7642219883962117	1.0	0.8252244849082945	0.3946514430744052	0.7584325078215765	0.6697203943161915	0.388878943088341	1.0	1.0	0.6571702826516209	1.0	0.7739986712970147	0.6571702826516209	0.7078794801418026	0.7339023149005872	0.4551091063251506	0.8252244849082945	0.354644693062662	0.39426389278560253	0.7265334708466399	0.7584325078215763	0.39922546701311945	0.6435393704644948	0.39908165100258713	0.45764442016757784	0.6912473183405724	1.0	0.4576444201675777	0.6415215838021581	0.7584325078215763	1.0	0.7105872722972744	1.0	0.43752490938827526
ckb	0.6459188383803496	0.42813794374915204	0.8252244849082945	1.0	0.37652273011459386	0.4202582827762277	0.4111131670192214	0.32327762241157576	0.39889454478595066	0.5173698430013811	0.3828808964323652	0.4396737880734748	0.3286432984479378	0.5393551230936733	0.42085171341938304	0.45284614261842615	0.3467754076956463	0.42941740156698155	0.47613357347359886	0.38926471158491616	0.8206831466329795	0.4133933467019192	0.3061377964023342	0.42293041888988686	0.4085092505753966	0.2923400959032549	0.36217639326395373	1.0	0.37801894759165905	0.43912369863765044	0.3942386364702465	1.0	0.39637007969092913	0.6197475337760239	0.32302364488211943
da	0.3322730916536702	0.3309707022857181	0.3946514430744052	0.37652273011459386	1.0	0.20166371357268006	0.293969851812179	0.21763800781921722	0.23339639735823708	0.22269254441352024	0.24957301052309777	0.453601195752624	0.2654254022756445	0.2760351365597193	0.25603521032283083	0.23516479309890484	0.2452833510618162	0.27801221037142326	0.29987321935546135	0.3179757427202929	0.4040001415094107	0.2578181171093173	0.2065555593251442	0.2877218978374323	0.27506128318008904	0.19980773646474126	0.3234756616153266	1.0	0.24356160660873288	0.2948323490960918	0.22664545087367488	1.0	0.26872502361660344	0.3311099618737729	0.2654022648802946
de	0.583597080861026	0.578528575128943	0.7584325078215765	0.4202582827762277	0.20166371357268006	1.0	0.36413128196058814	0.21542851928945397	0.25057058040596436	0.20654136667586304	0.25433466852834413	0.7690990303325336	0.3295009304812962	0.35829561533569126	0.24566293631552438	0.2098961255859372	0.3300171289357355	0.42012233223933376	0.49948297087199933	0.4111369609931807	0.5575027879213481	0.2307319526023679	0.2234582323367861	0.2947617903338567	0.4579624095466762	0.17771377213599274	0.5128914902485493	1.0	0.3330337260343054	0.44877626958053146	0.23864510990097274	1.0	0.3102938910877217	0.6239725949460844	0.3441387008278283
el	0.31076555239885817	0.36916594397873576	0.6697203943161915	0.4111131670192214	0.293969851812179	0.36413128196058814	1.0	0.3697676222027061	0.3214092499302778	0.30145647411461485	0.34729692733054285	0.8531972356227476	0.3292602099040102	0.31460989239490444	0.2814979465003897	0.3499040879242977	0.332645460229148	0.4149938088794068	0.35687713741554816	0.44728979942839836	0.5721883127877976	0.37560918467759263	0.2653062755419161	0.3950569344846376	0.32968237220925156	0.22012303587337997	0.32760896189297345	1.0	0.280824541948184	0.35381510987920994	0.3693471800970873	1.0	0.2985089927934557	0.6009713922768108	0.39039281707131074
en	0.30938826605294956	0.36744940122130415	0.388878943088341	0.32327762241157576	0.21763800781921722	0.21542851928945397	0.3697676222027061	1.0	0.26659275853180187	0.23479185258624743	0.26698285674900335	0.7690990303325336	0.27740181303222744	0.3324261110464922	0.2545627728277353	0.24843339675206816	0.36031656726384437	0.3552285787663107	0.3593927376191807	0.3438893602048009	0.3544226726288792	0.2609557541687646	0.23576693841307442	0.3068530496980592	0.4151658578536112	0.19147757628421952	0.3275942687867463	1.0	0.27329421622290123	0.2898454144183748	0.28869452364998266	1.0	0.3437146293079282	0.3618687837234613	0.2837399699600589
es	0.3579240661663884	0.4695530469236034	1.0	0.39889454478595066	0.23339639735823708	0.25057058040596436	0.3214092499302778	0.26659275853180187	1.0	0.24990511959827336	0.2840995471624149	0.7690990303325336	0.32302307260388846	0.32071527702685937	0.3164801637049793	0.26642326732817484	0.35295901118757955	0.3985120324252476	0.44855579701615556	0.41546377934635925	0.4092524014257873	0.28328297221306503	0.2566825695114797	0.3225254427521273	0.38097392064576896	0.2057552605073312	0.5446544586908214	1.0	0.2662120953230998	0.4464456298849328	0.2633984637849002	1.0	0.30331213434348375	0.5774713179365476	0.36177027214993607
fr	0.5197997865779417	0.47226742506459257	1.0	0.5173698430013811	0.22269254441352024	0.20654136667586304	0.30145647411461485	0.23479185258624743	0.24990511959827336	1.0	0.2521756758374693	0.7690990303325336	0.325455285305346	0.25738065350737926	0.25652625483441865	0.24084097009227415	0.2664271401405821	0.3107803515199944	0.43416722818083703	0.41665108903866144	0.6290128041382893	0.2853606105240593	0.20819283277500325	0.2740028317974456	0.28604572007700324	0.17841945087518457	0.489461306085102	1.0	0.25425843328765496	0.3922601097513064	0.21650818973998412	1.0	0.2947769124170818	0.537914370286059	0.25163301175260744
he	0.4174829194739944	0.5163284169392062	0.6571702826516209	0.3828808964323652	0.24957301052309777	0.25433466852834413	0.34729692733054285	0.26698285674900335	0.2840995471624149	0.2521756758374693	1.0	0.7690990303325336	0.32246581898489934	0.23314781403600585	0.2648775033768981	0.21704219461662988	0.27358513775068627	0.24000369017264145	0.45496952537162105	0.4638585002738259	0.5519992501999232	0.2737764740869863	0.21248934630162375	0.29643407263623633	0.2326718656959462	0.18555247730459531	0.24960045779897966	1.0	0.22889358975027654	0.23034199183007376	0.26541766546174284	1.0	0.25165453966821155	0.5906316614109549	0.3156594263095173
hi	1.0	0.749247967656874	1.0	0.4396737880734748	0.453601195752624	0.7690990303325336	0.8531972356227476	0.7690990303325336	0.7690990303325336	0.7690990303325336	0.7690990303325336	1.0	0.6091144759343932	0.7690990303325336	0.8943504275997424	0.6063179175137124	0.5275765223875368	0.7690990303325336	0.8125806012482828	0.669697253145206	0.8216064286890065	0.6743202287441529	0.6051469583302327	0.6366108113959787	0.4608178015065737	0.7690990303325336	0.7105746295919234	1.0	1.0	0.6407168447009906	0.7690990303325336	1.0	0.7690990303325336	1.0	0.7531978310443476
hu	0.42090122442471084	0.45280174581154353	0.7739986712970147	0.3286432984479378	0.2654254022756445	0.3295009304812962	0.3292602099040102	0.27740181303222744	0.32302307260388846	0.325455285305346	0.32246581898489934	0.6091144759343932	1.0	0.3064032041026214	0.3784913063663802	0.34255629125036324	0.3187126265061142	0.38649036134106984	0.42749911103514204	0.3674964226367057	0.5680526243767385	0.36348932311597804	0.2307428386980525	0.3726975324310202	0.3861957392448664	0.2233634099748727	0.3849084396534231	1.0	0.2984025466153217	0.38304449686858966	0.3621267280226299	1.0	0.36372769949243683	0.624923809252082	0.4191107497119708
id	0.4471373729122738	0.4246953033454729	0.6571702826516209	0.5393551230936733	0.2760351365597193	0.35829561533569126	0.31460989239490444	0.3324261110464922	0.32071527702685937	0.25738065350737926	0.23314781403600585	0.7690990303325336	0.3064032041026214	1.0	0.3412985673180245	0.3109034099838914	0.3202484571149911	0.33287756694163334	0.4122320534012604	0.41736930454911725	0.6976657712572413	0.38078264019236374	0.23843276099868765	0.34572189985089635	0.3320308088512689	0.2242958569842214	0.3394375044243024	1.0	0.24830919222006897	0.3342960658546108	0.32282299007238946	1.0	0.25314740268210456	0.5681559580981462	0.3247450448363532
it	0.566616821261862	0.33819496128325083	0.7078794801418026	0.42085171341938304	0.25603521032283083	0.24566293631552438	0.2814979465003897	0.2545627728277353	0.3164801637049793	0.25652625483441865	0.2648775033768981	0.8943504275997424	0.3784913063663802	0.3412985673180245	1.0	0.25927146388304806	0.3961634195928194	0.33857038148393803	0.38052934098113306	0.39132025129128506	0.654479453086269	0.3281542838502636	0.24332762340269026	0.39571309683472433	0.38371582493915785	0.19827798865370777	0.341619098978972	1.0	0.2819493390147464	0.3495404674625492	0.31300100989037355	1.0	0.2593487062323986	0.5154662460261377	0.36796226937571014
ja	0.4639114369419613	0.5212135749947342	0.7339023149005872	0.45284614261842615	0.23516479309890484	0.2098961255859372	0.3499040879242977	0.24843339675206816	0.26642326732817484	0.24084097009227415	0.21704219461662988	0.6063179175137124	0.34255629125036324	0.3109034099838914	0.25927146388304806	1.0	0.31723956321104146	0.3586469525030622	0.4000475875733868	0.395220257924088	0.6052090234979672	0.2439632764855076	0.24755277587164803	0.306647486899561	0.336992818844875	0.1923754631283719	0.4902511720275136	1.0	0.2857012295882682	0.3637543320990919	0.2674292615020819	1.0	0.27179866369361855	0.634533084971012	0.2914749227338672
ko	0.42473882712936895	0.3856259923032688	0.4551091063251506	0.3467754076956463	0.2452833510618162	0.3300171289357355	0.332645460229148	0.36031656726384437	0.35295901118757955	0.2664271401405821	0.27358513775068627	0.5275765223875368	0.3187126265061142	0.3202484571149911	0.3961634195928194	0.31723956321104146	1.0	0.456487133136695	0.27368894844027314	0.35028547877567273	0.531832374153911	0.3086020721474034	0.2636123117808403	0.36490116784286214	0.326379489676785	0.2026538714919671	0.393132669973753	1.0	0.31682813696441436	0.33031019029117636	0.2980323960331952	1.0	0.2436938356184852	0.48794673854064774	0.3594711194781154
lv	0.5319494794482084	0.4954422251550086	0.8252244849082945	0.42941740156698155	0.27801221037142326	0.42012233223933376	0.4149938088794068	0.3552285787663107	0.3985120324252476	0.3107803515199944	0.24000369017264145	0.7690990303325336	0.38649036134106984	0.33287756694163334	0.33857038148393803	0.3586469525030622	0.456487133136695	1.0	0.4661488889093285	0.4327281050231288	0.6858682309930122	0.3755189313475143	0.29925043205523805	0.40388706010110265	0.4132523546595997	0.25237920491303306	0.41323776617218355	1.0	0.4211360467092054	0.42159249114550124	0.40546730531739933	1.0	0.36598213090756304	0.6592525238053315	0.4420291450172168
mk	0.4084596095163243	0.583273971904127	0.354644693062662	0.47613357347359886	0.29987321935546135	0.49948297087199933	0.35687713741554816	0.3593927376191807	0.44855579701615556	0.43416722818083703	0.45496952537162105	0.8125806012482828	0.42749911103514204	0.4122320534012604	0.38052934098113306	0.4000475875733868	0.27368894844027314	0.4661488889093285	1.0	0.3190427948707085	0.309442241856377	0.48635774394173886	0.3042084269712748	0.39130643054422976	0.3991994250158093	0.26141949467146525	0.48240616966978783	1.0	0.2953009947490632	0.4053426142375233	0.4713342665615707	1.0	0.5465820897263497	0.5222816750910291	0.3135303617256156
ml	0.34555777784294184	0.4041440012744243	0.39426389278560253	0.38926471158491616	0.3179757427202929	0.4111369609931807	0.44728979942839836	0.3438893602048009	0.41546377934635925	0.41665108903866144	0.4638585002738259	0.669697253145206	0.3674964226367057	0.41736930454911725	0.39132025129128506	0.395220257924088	0.35028547877567273	0.4327281050231288	0.3190427948707085	1.0	0.38467112320160335	0.432584227825051	0.30365510243323074	0.4095913594209963	0.37029114492841303	0.3202019718111979	0.3706645827958237	1.0	0.3124422387910598	0.4068248898880478	0.4394520382735251	1.0	0.4089783854835819	0.3778620912444146	0.3570181040175571
mr	0.6384378828200049	0.7488205801456329	0.7265334708466399	0.8206831466329795	0.4040001415094107	0.5575027879213481	0.5721883127877976	0.3544226726288792	0.4092524014257873	0.6290128041382893	0.5519992501999232	0.8216064286890065	0.5680526243767385	0.6976657712572413	0.654479453086269	0.6052090234979672	0.531832374153911	0.6858682309930122	0.309442241856377	0.38467112320160335	1.0	0.6290066987253159	0.36692219802874704	0.5152406056446465	0.3911501990348991	0.4128409970856663	0.7909265594120372	1.0	0.42781662285380434	0.6486888904378506	0.6290066987253159	1.0	0.6207086920219316	0.7106922308883379	0.3420468649935074
nl	0.40001392759679494	0.5516697823945058	0.7584325078215763	0.4133933467019192	0.2578181171093173	0.2307319526023679	0.37560918467759263	0.2609557541687646	0.28328297221306503	0.2853606105240593	0.2737764740869863	0.6743202287441529	0.36348932311597804	0.38078264019236374	0.3281542838502636	0.2439632764855076	0.3086020721474034	0.3755189313475143	0.48635774394173886	0.432584227825051	0.6290066987253159	1.0	0.2400853820439735	0.30914364967791563	0.37912582511403353	0.1971483222269483	0.4257114056262463	1.0	0.2612454377784459	0.40174185991971856	0.3284709871207402	1.0	0.303732600517752	0.5744284027918678	0.38943829815311626
pl	0.3749317072558766	0.31667621686797176	0.39922546701311945	0.3061377964023342	0.2065555593251442	0.2234582323367861	0.2653062755419161	0.23576693841307442	0.2566825695114797	0.20819283277500325	0.21248934630162375	0.6051469583302327	0.2307428386980525	0.23843276099868765	0.24332762340269026	0.24755277587164803	0.2636123117808403	0.29925043205523805	0.3042084269712748	0.30365510243323074	0.36692219802874704	0.2400853820439735	1.0	0.21208021965450777	0.2514089152789533	0.18356979201012955	0.29446756897452403	1.0	0.30353122819165435	0.28630712355018284	0.2273352277621664	1.0	0.23076426017269747	0.3638539210866265	0.26919930041688933
pt	0.33941647340264824	0.4538572222561993	0.6435393704644948	0.42293041888988686	0.2877218978374323	0.2947617903338567	0.3950569344846376	0.3068530496980592	0.3225254427521273	0.2740028317974456	0.29643407263623633	0.6366108113959787	0.3726975324310202	0.34572189985089635	0.39571309683472433	0.306647486899561	0.36490116784286214	0.40388706010110265	0.39130643054422976	0.4095913594209963	0.5152406056446465	0.30914364967791563	0.21208021965450777	1.0	0.3347915512955595	0.20433166651073387	0.4630718531326905	1.0	0.2661745456037582	0.44261032298054676	0.3212864136467577	1.0	0.2574966643773175	0.3996163798076013	0.37827784552915783
ro	0.3293619065194241	0.40930424991249975	0.39908165100258713	0.4085092505753966	0.27506128318008904	0.4579624095466762	0.32968237220925156	0.4151658578536112	0.38097392064576896	0.28604572007700324	0.2326718656959462	0.4608178015065737	0.3861957392448664	0.3320308088512689	0.38371582493915785	0.336992818844875	0.326379489676785	0.4132523546595997	0.3991994250158093	0.37029114492841303	0.3911501990348991	0.37912582511403353	0.2514089152789533	0.3347915512955595	1.0	0.20875600158855848	0.39126064704183894	1.0	0.2918060527026984	0.34192994924841513	0.3647864385326978	1.0	0.38872344029312506	0.3257338156298296	0.4152816191547642
ru	0.3262159273146219	0.28981857867505767	0.45764442016757784	0.2923400959032549	0.19980773646474126	0.17771377213599274	0.22012303587337997	0.19147757628421952	0.2057552605073312	0.17841945087518457	0.18555247730459531	0.7690990303325336	0.2233634099748727	0.2242958569842214	0.19827798865370777	0.1923754631283719	0.2026538714919671	0.25237920491303306	0.26141949467146525	0.3202019718111979	0.4128409970856663	0.1971483222269483	0.18356979201012955	0.20433166651073387	0.20875600158855848	1.0	0.2617048309406149	1.0	0.21792910558027484	0.27017655015871894	0.20646123262119515	1.0	0.19655455958258009	0.42534549395239046	0.2002945303814291
sh	0.5177886334247206	0.5253669928143885	0.6912473183405724	0.36217639326395373	0.3234756616153266	0.5128914902485493	0.32760896189297345	0.3275942687867463	0.5446544586908214	0.489461306085102	0.24960045779897966	0.7105746295919234	0.3849084396534231	0.3394375044243024	0.341619098978972	0.4902511720275136	0.393132669973753	0.41323776617218355	0.48240616966978783	0.3706645827958237	0.7909265594120372	0.4257114056262463	0.29446756897452403	0.4630718531326905	0.39126064704183894	0.2617048309406149	1.0	1.0	0.3792393450074387	0.46661523202403316	0.41861651182695503	1.0	0.44610109643620016	0.5776098516602729	0.4212796387155545
si	1.0	1.0	1.0	1.0	1.0	1.0	1.0	1.0	1.0	1.0	1.0	1.0	1.0	1.0	1.0	1.0	1.0	1.0	1.0	1.0	1.0	1.0	1.0	1.0	1.0	1.0	1.0	1.0	1.0	1.0	1.0	1.0	1.0	1.0	1.0
simple	0.43875169796075014	0.4145857360573313	0.4576444201675777	0.37801894759165905	0.24356160660873288	0.3330337260343054	0.280824541948184	0.27329421622290123	0.2662120953230998	0.25425843328765496	0.22889358975027654	1.0	0.2984025466153217	0.24830919222006897	0.2819493390147464	0.2857012295882682	0.31682813696441436	0.4211360467092054	0.2953009947490632	0.3124422387910598	0.42781662285380434	0.2612454377784459	0.30353122819165435	0.2661745456037582	0.2918060527026984	0.21792910558027484	0.3792393450074387	1.0	1.0	0.27517983842388166	0.26789484740556607	1.0	0.29275191173419607	0.4187990956350174	0.25958648156220687
sr	0.38864934133732093	0.5160362074646755	0.6415215838021581	0.43912369863765044	0.2948323490960918	0.44877626958053146	0.35381510987920994	0.2898454144183748	0.4464456298849328	0.3922601097513064	0.23034199183007376	0.6407168447009906	0.38304449686858966	0.3342960658546108	0.3495404674625492	0.3637543320990919	0.33031019029117636	0.42159249114550124	0.4053426142375233	0.4068248898880478	0.6486888904378506	0.40174185991971856	0.28630712355018284	0.44261032298054676	0.34192994924841513	0.27017655015871894	0.46661523202403316	1.0	0.27517983842388166	1.0	0.36711887367810225	1.0	0.36912620046663563	0.5172337661707818	0.397622715712059
sv	0.4809573250216231	0.5831003771657106	0.7584325078215763	0.3942386364702465	0.22664545087367488	0.23864510990097274	0.3693471800970873	0.28869452364998266	0.2633984637849002	0.21650818973998412	0.26541766546174284	0.7690990303325336	0.3621267280226299	0.32282299007238946	0.31300100989037355	0.2674292615020819	0.2980323960331952	0.40546730531739933	0.4713342665615707	0.4394520382735251	0.6290066987253159	0.3284709871207402	0.2273352277621664	0.3212864136467577	0.3647864385326978	0.20646123262119515	0.41861651182695503	1.0	0.26789484740556607	0.36711887367810225	1.0	1.0	0.35055246824556013	0.6239725949460844	0.3399120190411143
te	1.0	1.0	1.0	1.0	1.0	1.0	1.0	1.0	1.0	1.0	1.0	1.0	1.0	1.0	1.0	1.0	1.0	1.0	1.0	1.0	1.0	1.0	1.0	1.0	1.0	1.0	1.0	1.0	1.0	1.0	1.0	1.0	1.0	1.0	1.0
vi	0.5106019724715061	0.5181498687891675	0.7105872722972744	0.39637007969092913	0.26872502361660344	0.3102938910877217	0.2985089927934557	0.3437146293079282	0.30331213434348375	0.2947769124170818	0.25165453966821155	0.7690990303325336	0.36372769949243683	0.25314740268210456	0.2593487062323986	0.27179866369361855	0.2436938356184852	0.36598213090756304	0.5465820897263497	0.4089783854835819	0.6207086920219316	0.303732600517752	0.23076426017269747	0.2574966643773175	0.38872344029312506	0.19655455958258009	0.44610109643620016	1.0	0.29275191173419607	0.36912620046663563	0.35055246824556013	1.0	1.0	0.6251641209622628	0.27203749221500195
war	0.5659113719196304	0.7097861871786817	1.0	0.6197475337760239	0.3311099618737729	0.6239725949460844	0.6009713922768108	0.3618687837234613	0.5774713179365476	0.537914370286059	0.5906316614109549	1.0	0.624923809252082	0.5681559580981462	0.5154662460261377	0.634533084971012	0.48794673854064774	0.6592525238053315	0.5222816750910291	0.3778620912444146	0.7106922308883379	0.5744284027918678	0.3638539210866265	0.3996163798076013	0.3257338156298296	0.42534549395239046	0.5776098516602729	1.0	0.4187990956350174	0.5172337661707818	0.6239725949460844	1.0	0.6251641209622628	1.0	0.34372957504494905
zh	0.2904055110010639	0.49223250153056086	0.43752490938827526	0.32302364488211943	0.2654022648802946	0.3441387008278283	0.39039281707131074	0.2837399699600589	0.36177027214993607	0.25163301175260744	0.3156594263095173	0.7531978310443476	0.4191107497119708	0.3247450448363532	0.36796226937571014	0.2914749227338672	0.3594711194781154	0.4420291450172168	0.3135303617256156	0.3570181040175571	0.3420468649935074	0.38943829815311626	0.26919930041688933	0.37827784552915783	0.4152816191547642	0.2002945303814291	0.4212796387155545	1.0	0.25958648156220687	0.397622715712059	0.3399120190411143	1.0	0.27203749221500195	0.34372957504494905	1.0
