arz	bs	ceb	ckb	da	de	el	en	es	fr	he	hi	hu	id	it	ja	ko	lv	mk	ml	mr	nl	pl	pt	ro	ru	sh	si	simple	sr	sv	te	vi	war	zh
arz	1.0	0.3333333333333333	0.585786437626905	0.4364916731037085	0.3090169943749474	0.33773018484522777	0.26968623182294527	0.27429188517743175	0.26968623182294527	0.26968623182294527	0.30528189970704067	0.3797958971132712	0.25728427444747215	0.26533119314590375	0.3333333333333333	0.30901699437494745	0.24336073281110826	0.30216947925196225	0.3010461113285242	0.33020803257907955	0.3871932653997166	0.2632403810669918	0.2693003759299067	0.26968623182294527	0.2402530733520421	0.2717910461396254	0.26968623182294527	1.0	0.32165089728473717	0.24336073281110826	0.27899410766263905	0.4364916731037085	0.26517921582035225	0.3333333333333333	0.23995826130876305
bs	0.3333333333333333	1.0	0.4142135623730951	1.0	0.34794420077497773	0.2958163163244893	0.44948974278317805	0.18698390418772232	0.44948974278317805	0.28989794855663564	0.18089085164138025	0.4038740830864499	0.2989350844248255	0.21755501611523193	0.5	0.44948974278317805	0.4142135623730951	0.585786437626905	0.3726822671238253	0.28989794855663564	0.2402530733520421	0.44948974278317805	0.3164309725825327	0.4142135623730951	0.44948974278317805	0.3164309725825328	0.5	1.0	0.18125332651024675	0.3380788308512194	0.32449979983983984	0.5	0.44948974278317805	0.585786437626905	0.24718637924871675
ceb	0.585786437626905	0.4142135623730951	1.0	0.3430703308172536	0.10992290368477196	0.09637216777359121	0.18502951679940477	0.11993518718202288	0.09305100366818048	0.09359998455293009	0.109838401388762	0.1439636562790249	0.11585881137584148	0.11569703700918471	0.10124567464911055	0.10833016953673653	0.13096226448253684	0.14752627677498678	0.1633329159847119	0.2442316536655628	0.25667941837431874	0.10111617069070634	0.09459984177230092	0.10487198340744093	0.11015948966072774	0.09679610456075288	0.14588940731599698	1.0	0.14234975628078606	0.1706532591275466	0.09457774640082107	0.585786437626905	0.11855739799122852	0.36602540378443865	0.1291201227144637
ckb	0.4364916731037085	1.0	0.3430703308172536	1.0	0.44948974278317805	0.34833147735478825	0.585786437626905	0.44948974278317805	0.5	0.3797958971132712	0.28172904669025317	0.4142135623730951	0.44948974278317805	0.40453726661826384	0.585786437626905	0.585786437626905	0.585786437626905	0.5	0.3333333333333333	0.44948974278317805	0.3126480851423008	0.585786437626905	0.5	0.5	0.3380788308512194	0.40453726661826384	0.585786437626905	1.0	0.3430703308172536	0.40453726661826384	0.585786437626905	0.585786437626905	0.585786437626905	1.0	0.4142135623730951
da	0.3090169943749474	0.34794420077497773	0.10992290368477196	0.44948974278317805	1.0	0.06060147781235899	0.13332515215693536	0.053939257785375616	0.04628071028069754	0.04282097670290314	0.04982191141393972	0.1083250570584709	0.05197968754586794	0.05852764585722859	0.05013796939852839	0.07339699815146679	0.05463333302783449	0.13564307303802173	0.1576696164862833	0.14397491400490345	0.11489475739551039	0.058125374337758294	0.051742912398834794	0.05311373273327602	0.06429232594926183	0.04952747069767383	0.11437117019213774	0.40453726661826384	0.05396059194033064	0.07502697264523063	0.05789312108178279	0.40453726661826384	0.08934495390232698	0.44948974278317805	0.05599706407119524
de	0.33773018484522777	0.2958163163244893	0.09637216777359121	0.34833147735478825	0.06060147781235899	1.0	0.12789210656028413	0.07192423672784873	0.026575679339578023	0.03193698399975679	0.049694047227931575	0.10009216314763185	0.056669723246862695	0.044831755351814634	0.030468418139831355	0.032712928103639884	0.0467304375091648	0.17243277464438714	0.16161849426144312	0.09777511563032414	0.0925587769174926	0.03301100814108009	0.044340935268465685	0.04125479195819818	0.054105496703057976	0.03788012927514473	0.1328607817643993	0.38742588672279304	0.04468293931096891	0.05743922837827495	0.03174799690365694	0.3090169943749474	0.0639734544945422	0.3726822671238253	0.05566908848193424
el	0.26968623182294527	0.44948974278317805	0.18502951679940477	0.585786437626905	0.13332515215693536	0.12789210656028413	1.0	0.05609255923628388	0.33333333333333326	0.11573600688397494	0.07062393586359297	0.2222222222222222	0.08316011914718778	0.10380913614165413	0.25175647872610657	0.11862634892303923	0.12416184309733387	0.40453726661826384	0.23166247903554	0.12481442192361682	0.09535767393825997	0.21239994067041815	0.11741708448984602	0.12125134491858294	0.14858757526357158	0.1039753466132301	0.25921926045307553	1.0	0.06981471563354118	0.07486673800511416	0.19292728076790167	0.39564392373896007	0.22966848451216434	0.585786437626905	0.05755742397330732
en	0.27429188517743175	0.18698390418772232	0.11993518718202288	0.44948974278317805	0.053939257785375616	0.07192423672784873	0.05609255923628388	1.0	0.017501792958472515	0.04027133501670228	0.07895096099229675	0.04266374179134093	0.06287658744592772	0.0610952186168955	0.02199322302611904	0.022212172209368053	0.04976066547813834	0.13091964863189748	0.1255889676984673	0.07045637417950833	0.060379087412688104	0.025068430515159362	0.052748487531755525	0.04362890174881964	0.047993568449328915	0.04720032904279714	0.08868114385506094	0.2765217300618435	0.069564546980251	0.0630271396565675	0.03110367215885853	0.18594358782685685	0.0416592754664917	0.44948974278317805	0.09260367123842397
es	0.26968623182294527	0.44948974278317805	0.09305100366818048	0.5	0.04628071028069754	0.026575679339578023	0.33333333333333326	0.017501792958472515	1.0	0.02225531510305669	0.03403791516340242	0.13448544887859454	0.03843036824921225	0.03269937272284968	0.0743015519335537	0.07527933494949783	0.03887634616382023	0.24578124038657367	0.1860728253433459	0.10945304053256437	0.07341637825042786	0.08633868354120566	0.032516064021748885	0.031039193014384833	0.0462661633769128	0.02264644742951723	0.13477269425817878	0.585786437626905	0.03637894884958453	0.05288359904579093	0.05600427030628741	0.36602540378443865	0.07884286519419244	0.585786437626905	0.026088118712798536
fr	0.26968623182294527	0.28989794855663564	0.09359998455293009	0.3797958971132712	0.04282097670290314	0.03193698399975679	0.11573600688397494	0.04027133501670228	0.02225531510305669	1.0	0.036647239243811136	0.08127391768333599	0.040451956001412506	0.03416790417721094	0.026984214881183487	0.03163373515609091	0.03467707157351692	0.167130190554479	0.16354274296587346	0.07688506018105914	0.06526499161082529	0.03503089319589097	0.031672786704885804	0.03815497408673292	0.04482166350680946	0.030101322615869855	0.12327967955938726	0.3726822671238253	0.038660348794529356	0.05470400930731922	0.03811819544905278	0.2	0.06530540123490194	0.44948974278317805	0.03821952750854682
he	0.30528189970704067	0.18089085164138025	0.109838401388762	0.28172904669025317	0.04982191141393972	0.049694047227931575	0.07062393586359297	0.07895096099229675	0.03403791516340242	0.036647239243811136	1.0	0.08098031341898122	0.08674488256681841	0.05351132160777663	0.03956805968757561	0.039849050093291566	0.04957508796894761	0.12246832608177718	0.14273062753271373	0.1315556070583318	0.1343976379703822	0.0387791715417351	0.04931361469915353	0.04003548514043396	0.06424905447740006	0.034839697904364905	0.10836858872249529	0.44948974278317805	0.08275577553120646	0.08633557181779951	0.04592039815989079	0.2843646522044218	0.05230400755335937	0.32037724101704074	0.16295691486154742
hi	0.3797958971132712	0.4038740830864499	0.1439636562790249	0.4142135623730951	0.1083250570584709	0.10009216314763185	0.2222222222222222	0.04266374179134093	0.13448544887859454	0.08127391768333599	0.08098031341898122	1.0	0.09553687529457469	0.06520978271415559	0.14763410387308012	0.11519216806670013	0.11153425391343956	0.18126989259043744	0.22522719139308142	0.07832130221551725	0.05880010286882822	0.16971157396101416	0.12757880866998994	0.11902806600029031	0.1161883624061737	0.10735561464258175	0.20818122426922597	0.585786437626905	0.06549271594381459	0.08907504593276287	0.10954185830811096	0.1856154626682773	0.1395315942768424	0.44948974278317805	0.061438390411075655
hu	0.25728427444747215	0.2989350844248255	0.11585881137584148	0.44948974278317805	0.05197968754586794	0.056669723246862695	0.08316011914718778	0.06287658744592772	0.03843036824921225	0.040451956001412506	0.08674488256681841	0.09553687529457469	1.0	0.0548688768906373	0.048644999179264806	0.046196541585657266	0.05226045752189784	0.13108426637193618	0.12195468175240068	0.15478337006520743	0.11667395386968946	0.04575432320780005	0.049164712867745694	0.04748887370831196	0.06827758128295894	0.04054097918744011	0.09155799880761191	0.2225758785102318	0.10922727940969436	0.08677647320214979	0.04441284242906892	0.4485068563421602	0.061165082892001045	0.30552726787943424	0.09835254997225314
id	0.26533119314590375	0.21755501611523193	0.11569703700918471	0.40453726661826384	0.05852764585722859	0.044831755351814634	0.10380913614165413	0.0610952186168955	0.03269937272284968	0.03416790417721094	0.05351132160777663	0.06520978271415559	0.0548688768906373	1.0	0.03937174105183902	0.03484957680833084	0.04144840615057022	0.15223947953878214	0.15948394969494112	0.10329451422349341	0.08272301343936586	0.05405671106498767	0.050297855420432976	0.04542825961902283	0.058858195461370555	0.03502229792894212	0.11772466308353853	0.38742588672279304	0.059461064010173224	0.0672565984168039	0.041040659905523406	0.20139640334729444	0.04629272207552364	0.3380788308512194	0.05171083134509226
it	0.3333333333333333	0.5	0.10124567464911055	0.585786437626905	0.05013796939852839	0.030468418139831355	0.25175647872610657	0.02199322302611904	0.0743015519335537	0.026984214881183487	0.03956805968757561	0.14763410387308012	0.048644999179264806	0.03937174105183902	1.0	0.05898064410013102	0.0453777055795464	0.2612038749637415	0.1655219585290672	0.10103494938199692	0.08913084180831995	0.09059781810484498	0.032734272918815	0.035716670839177726	0.04851883950941012	0.02744631094232797	0.1599837720146072	0.5	0.04109189960835452	0.050688662279458896	0.03017243828904568	0.3483314773547883	0.08460381537481192	0.5	0.03119848162007955
ja	0.30901699437494745	0.44948974278317805	0.10833016953673653	0.585786437626905	0.07339699815146679	0.032712928103639884	0.11862634892303923	0.022212172209368053	0.07527933494949783	0.03163373515609091	0.039849050093291566	0.11519216806670013	0.046196541585657266	0.03484957680833084	0.05898064410013102	1.0	0.04205261658471708	0.28708594921778513	0.17072131784753455	0.09507769980829722	0.07506889986587334	0.08380669580558729	0.0417946586737026	0.057381258316690185	0.05091284704470784	0.033799568401621356	0.15815511491062575	0.3726822671238253	0.038365777061837435	0.05572895909836284	0.044484562101833526	0.28989794855663564	0.06946442495408245	0.40453726661826384	0.028932644828001387
ko	0.24336073281110826	0.4142135623730951	0.13096226448253684	0.585786437626905	0.05463333302783449	0.0467304375091648	0.12416184309733387	0.04976066547813834	0.03887634616382023	0.03467707157351692	0.04957508796894761	0.11153425391343956	0.05226045752189784	0.04144840615057022	0.0453777055795464	0.04205261658471708	1.0	0.2791745113185196	0.1521243402800792	0.1540093984767679	0.09611705895649165	0.06575911641644384	0.047286327103908524	0.051928039737558676	0.06338369214248127	0.04342487472460588	0.16022938967135705	0.3333333333333333	0.0453520364218029	0.06448185986701731	0.05576474382665675	0.4364916731037085	0.07884651160568391	0.3597752501562547	0.05947675805914745
lv	0.30216947925196225	0.585786437626905	0.14752627677498678	0.5	0.13564307303802173	0.17243277464438714	0.40453726661826384	0.13091964863189748	0.24578124038657367	0.167130190554479	0.12246832608177718	0.18126989259043744	0.13108426637193618	0.15223947953878214	0.2612038749637415	0.28708594921778513	0.2791745113185196	1.0	0.2372732414640341	0.21393876913398135	0.13057680273413982	0.25	0.19069228389610984	0.20521309615767266	0.1652960191502465	0.19675422795565728	0.25175647872610657	0.585786437626905	0.09119513204773921	0.10376449600627104	0.2612038749637415	0.4364916731037085	0.28708594921778513	0.585786437626905	0.11151942169239767
mk	0.3010461113285242	0.3726822671238253	0.1633329159847119	0.3333333333333333	0.1576696164862833	0.16161849426144312	0.23166247903554	0.1255889676984673	0.1860728253433459	0.16354274296587346	0.14273062753271373	0.22522719139308142	0.12195468175240068	0.15948394969494112	0.1655219585290672	0.17072131784753455	0.1521243402800792	0.2372732414640341	1.0	0.2397329881295446	0.18831426931243678	0.15888428986776829	0.14732056773523425	0.18139884753399882	0.1264046258101876	0.15309851378843564	0.18464218557642828	0.585786437626905	0.08668081641232822	0.10446669044960913	0.16971335215423222	0.5	0.18846070262313588	0.30383243470068705	0.0805084524204836
ml	0.33020803257907955	0.28989794855663564	0.2442316536655628	0.44948974278317805	0.14397491400490345	0.09777511563032414	0.12481442192361682	0.07045637417950833	0.10945304053256437	0.07688506018105914	0.1315556070583318	0.07832130221551725	0.15478337006520743	0.10329451422349341	0.10103494938199692	0.09507769980829722	0.1540093984767679	0.21393876913398135	0.2397329881295446	1.0	0.16373186021789876	0.13152421693112673	0.12099718244191418	0.11621905604909585	0.140127176965895	0.07607731466493119	0.2064934407562721	0.28989794855663564	0.11890206796191506	0.15473212681013893	0.10269492298672867	0.1363771856711474	0.1827439976315568	0.2958163163244893	0.12095992759855226
mr	0.3871932653997166	0.2402530733520421	0.25667941837431874	0.3126480851423008	0.11489475739551039	0.0925587769174926	0.09535767393825997	0.060379087412688104	0.07341637825042786	0.06526499161082529	0.1343976379703822	0.05880010286882822	0.11667395386968946	0.08272301343936586	0.08913084180831995	0.07506889986587334	0.09611705895649165	0.13057680273413982	0.18831426931243678	0.16373186021789876	1.0	0.10123283373757767	0.09392670359092978	0.09957850841814181	0.10762903341157909	0.06297289413952407	0.14748797239651673	0.44948974278317805	0.1438232124606413	0.17596533788754698	0.07564451993235795	0.12449833739858066	0.12406231703089761	0.2674788903885893	0.11481007108827335
nl	0.2632403810669918	0.44948974278317805	0.10111617069070634	0.585786437626905	0.058125374337758294	0.03301100814108009	0.21239994067041815	0.025068430515159362	0.08633868354120566	0.03503089319589097	0.0387791715417351	0.16971157396101416	0.04575432320780005	0.05405671106498767	0.09059781810484498	0.08380669580558729	0.06575911641644384	0.25	0.15888428986776829	0.13152421693112673	0.10123283373757767	1.0	0.05576818141580485	0.048439208597059885	0.05065002300729032	0.035569699744348045	0.13047024202020888	0.5	0.043899280739074856	0.056159186154358484	0.0753727465233713	0.3597752501562547	0.10052958559404744	0.44948974278317805	0.03659187788627096
pl	0.2693003759299067	0.3164309725825327	0.09459984177230092	0.5	0.051742912398834794	0.044340935268465685	0.11741708448984602	0.052748487531755525	0.032516064021748885	0.031672786704885804	0.04931361469915353	0.12757880866998994	0.049164712867745694	0.050297855420432976	0.032734272918815	0.0417946586737026	0.047286327103908524	0.19069228389610984	0.14732056773523425	0.12099718244191418	0.09392670359092978	0.05576818141580485	1.0	0.04598487807463471	0.05264564953066329	0.03191331303895723	0.12222437660663418	0.4142135623730951	0.06158944268490861	0.06142286894089002	0.0378537970764604	0.40453726661826384	0.07703376892205137	0.3726822671238253	0.056172715516869476
pt	0.26968623182294527	0.4142135623730951	0.10487198340744093	0.5	0.05311373273327602	0.04125479195819818	0.12125134491858294	0.04362890174881964	0.031039193014384833	0.03815497408673292	0.04003548514043396	0.11902806600029031	0.04748887370831196	0.04542825961902283	0.035716670839177726	0.057381258316690185	0.051928039737558676	0.20521309615767266	0.18139884753399882	0.11621905604909585	0.09957850841814181	0.048439208597059885	0.04598487807463471	1.0	0.04889304693358277	0.03870638790344663	0.12368648795405537	0.49851311685382416	0.04113084555462464	0.05259032418983269	0.04267957182181209	0.26968623182294527	0.08926751048024308	0.40453726661826384	0.047104420630961805
ro	0.2402530733520421	0.44948974278317805	0.11015948966072774	0.3380788308512194	0.06429232594926183	0.054105496703057976	0.14858757526357158	0.047993568449328915	0.0462661633769128	0.04482166350680946	0.06424905447740006	0.1161883624061737	0.06827758128295894	0.058858195461370555	0.04851883950941012	0.05091284704470784	0.06338369214248127	0.1652960191502465	0.1264046258101876	0.140127176965895	0.10762903341157909	0.05065002300729032	0.05264564953066329	0.04889304693358277	1.0	0.048130926628404354	0.11517712833077336	0.5	0.07046481092061692	0.06554399333370262	0.0549156439676804	0.377299923613704	0.0626051077194571	0.3380788308512194	0.06888644640090964
ru	0.2717910461396254	0.3164309725825328	0.09679610456075288	0.40453726661826384	0.04952747069767383	0.03788012927514473	0.1039753466132301	0.04720032904279714	0.02264644742951723	0.030101322615869855	0.034839697904364905	0.10735561464258175	0.04054097918744011	0.03502229792894212	0.02744631094232797	0.033799568401621356	0.04342487472460588	0.19675422795565728	0.15309851378843564	0.07607731466493119	0.06297289413952407	0.035569699744348045	0.03191331303895723	0.03870638790344663	0.048130926628404354	1.0	0.13080904755653566	0.3090169943749474	0.045007756236168005	0.05352383448808154	0.03108804863345449	0.252650308587072	0.0656706453915217	0.4142135623730951	0.04600820040913882
sh	0.26968623182294527	0.5	0.14588940731599698	0.585786437626905	0.11437117019213774	0.1328607817643993	0.25921926045307553	0.08868114385506094	0.13477269425817878	0.12327967955938726	0.10836858872249529	0.20818122426922597	0.09155799880761191	0.11772466308353853	0.1599837720146072	0.15815511491062575	0.16022938967135705	0.25175647872610657	0.18464218557642828	0.2064934407562721	0.14748797239651673	0.13047024202020888	0.12222437660663418	0.12368648795405537	0.11517712833077336	0.13080904755653566	1.0	0.5	0.07737405907083471	0.08934293722294288	0.13271888790931818	0.585786437626905	0.1852891992413258	0.44948974278317805	0.07368851344089596
si	1.0	1.0	1.0	1.0	0.40453726661826384	0.38742588672279304	1.0	0.2765217300618435	0.585786437626905	0.3726822671238253	0.44948974278317805	0.585786437626905	0.2225758785102318	0.38742588672279304	0.5	0.3726822671238253	0.3333333333333333	0.585786437626905	0.585786437626905	0.28989794855663564	0.44948974278317805	0.5	0.4142135623730951	0.49851311685382416	0.5	0.3090169943749474	0.5	1.0	0.3333333333333333	0.3380788308512194	0.38742588672279304	0.5	0.40453726661826384	1.0	0.22497540848346095
simple	0.32165089728473717	0.18125332651024675	0.14234975628078606	0.3430703308172536	0.05396059194033064	0.04468293931096891	0.06981471563354118	0.069564546980251	0.03637894884958453	0.038660348794529356	0.08275577553120646	0.06549271594381459	0.10922727940969436	0.059461064010173224	0.04109189960835452	0.038365777061837435	0.0453520364218029	0.09119513204773921	0.08668081641232822	0.11890206796191506	0.1438232124606413	0.043899280739074856	0.06158944268490861	0.04113084555462464	0.07046481092061692	0.045007756236168005	0.07737405907083471	0.3333333333333333	1.0	0.11168046609704906	0.04637767425168419	0.26729076543846114	0.054265428057711916	0.2739335927491396	0.16389426870046167
sr	0.24336073281110826	0.3380788308512194	0.1706532591275466	0.40453726661826384	0.07502697264523063	0.05743922837827495	0.07486673800511416	0.0630271396565675	0.05288359904579093	0.05470400930731922	0.08633557181779951	0.08907504593276287	0.08677647320214979	0.0672565984168039	0.050688662279458896	0.05572895909836284	0.06448185986701731	0.10376449600627104	0.10446669044960913	0.15473212681013893	0.17596533788754698	0.056159186154358484	0.06142286894089002	0.05259032418983269	0.06554399333370262	0.05352383448808154	0.08934293722294288	0.3380788308512194	0.11168046609704906	1.0	0.06440364847661915	0.268416611765665	0.06388490713037304	0.2708131845707603	0.12263407004421653
sv	0.27899410766263905	0.32449979983983984	0.09457774640082107	0.585786437626905	0.05789312108178279	0.03174799690365694	0.19292728076790167	0.03110367215885853	0.05600427030628741	0.03811819544905278	0.04592039815989079	0.10954185830811096	0.04441284242906892	0.041040659905523406	0.03017243828904568	0.044484562101833526	0.05576474382665675	0.2612038749637415	0.16971335215423222	0.10269492298672867	0.07564451993235795	0.0753727465233713	0.0378537970764604	0.04267957182181209	0.0549156439676804	0.03108804863345449	0.13271888790931818	0.38742588672279304	0.04637767425168419	0.06440364847661915	1.0	0.3726822671238253	0.08848710771418916	0.585786437626905	0.036375878750654136
te	0.4364916731037085	0.5	0.585786437626905	0.585786437626905	0.40453726661826384	0.3090169943749474	0.39564392373896007	0.18594358782685685	0.36602540378443865	0.2	0.2843646522044218	0.1856154626682773	0.4485068563421602	0.20139640334729444	0.3483314773547883	0.28989794855663564	0.4364916731037085	0.4364916731037085	0.5	0.1363771856711474	0.12449833739858066	0.3597752501562547	0.40453726661826384	0.26968623182294527	0.377299923613704	0.252650308587072	0.585786437626905	0.5	0.26729076543846114	0.268416611765665	0.3726822671238253	1.0	0.4364916731037085	0.585786437626905	0.2791745113185196
vi	0.26517921582035225	0.44948974278317805	0.11855739799122852	0.585786437626905	0.08934495390232698	0.0639734544945422	0.22966848451216434	0.0416592754664917	0.07884286519419244	0.06530540123490194	0.05230400755335937	0.1395315942768424	0.061165082892001045	0.04629272207552364	0.08460381537481192	0.06946442495408245	0.07884651160568391	0.28708594921778513	0.18846070262313588	0.1827439976315568	0.12406231703089761	0.10052958559404744	0.07703376892205137	0.08926751048024308	0.0626051077194571	0.0656706453915217	0.1852891992413258	0.40453726661826384	0.054265428057711916	0.06388490713037304	0.08848710771418916	0.4364916731037085	1.0	0.44948974278317805	0.042227303218100684
war	0.3333333333333333	0.585786437626905	0.36602540378443865	1.0	0.44948974278317805	0.3726822671238253	0.585786437626905	0.44948974278317805	0.585786437626905	0.44948974278317805	0.32037724101704074	0.44948974278317805	0.30552726787943424	0.3380788308512194	0.5	0.40453726661826384	0.3597752501562547	0.585786437626905	0.30383243470068705	0.2958163163244893	0.2674788903885893	0.44948974278317805	0.3726822671238253	0.40453726661826384	0.3380788308512194	0.4142135623730951	0.44948974278317805	1.0	0.2739335927491396	0.2708131845707603	0.585786437626905	0.585786437626905	0.44948974278317805	1.0	0.25511479956321215
zh	0.23995826130876305	0.24718637924871675	0.1291201227144637	0.4142135623730951	0.05599706407119524	0.05566908848193424	0.05755742397330732	0.09260367123842397	0.026088118712798536	0.03821952750854682	0.16295691486154742	0.061438390411075655	0.09835254997225314	0.05171083134509226	0.03119848162007955	0.028932644828001387	0.05947675805914745	0.11151942169239767	0.0805084524204836	0.12095992759855226	0.11481007108827335	0.03659187788627096	0.056172715516869476	0.047104420630961805	0.06888644640090964	0.04600820040913882	0.07368851344089596	0.22497540848346095	0.16389426870046167	0.12263407004421653	0.036375878750654136	0.2791745113185196	0.042227303218100684	0.25511479956321215	1.0
