arz	bs	ceb	ckb	da	de	el	en	es	fr	he	hi	hu	id	it	ja	ko	lv	mk	ml	mr	nl	pl	pt	ro	ru	sh	si	simple	sr	sv	te	vi	war	zh
arz	1.0	0.4691549324571424	0.0	0.5621607075923646	0.291477393400785	0.24978236434169598	0.25416123254463074	0.3656318041981726	0.2567395736918853	0.2858900105130227	0.3251472492380347	0.8216064286890065	0.31292270859055615	0.35283672671401084	0.2727045327342713	0.3343982194874735	0.25041193919239024	0.4202105372741332	0.39345909072205904	0.46991497196378373	0.33343782497148583	0.32996621366614953	0.32903027617290437	0.22949598284759593	0.28292538669618994	0.2719199197602936	0.3917885425884702	1.0	0.27227774826911927	0.4015254010756224	0.3947234412528079	0.0	0.27454413659455057	1.0	0.26580459627233377
bs	0.4691549324571424	1.0	0.0	0.4710394122887211	0.29788306299231937	0.2205038950570359	0.3201513053463242	0.19575097399394525	0.3204489283017703	0.40371344805764464	0.36970583791510914	0.7101719911449634	0.3401987221358834	0.41516342164235004	0.24404889952225006	0.2592141552616531	0.2760907339036022	0.4987604935383422	0.285121479819811	0.7039863092558195	0.5964080690486557	0.3143616635838723	0.2660711427106918	0.2233659011204736	0.46091469788004463	0.25139905037077875	0.4746149938643404	1.0	0.44967955122421943	0.45703459868362034	0.3003419654156881	0.0	0.27381305446349397	0.6740515375688696	0.2475184558791753
ceb	0.0	0.0	1.0	0.0	1.0	1.0	1.0	1.0	1.0	1.0	1.0	1.0	1.0	1.0	1.0	1.0	1.0	1.0	1.0	0.0	1.0	1.0	1.0	1.0	1.0	1.0	1.0	0.0	1.0	1.0	1.0	0.0	1.0	0.0	1.0
ckb	0.5621607075923646	0.4710394122887211	0.0	1.0	0.46922462701971657	0.4205796012014385	0.42433656900432537	0.5940628081432423	0.7510341748895939	0.5267136041849476	0.37054714223304414	0.8216064286890065	0.6328017431358097	0.6341242096540814	0.6309418697205755	0.6735300525054975	0.5528238341435424	0.7228575959338517	0.46987853773655197	0.6888348436947808	0.6088272081987847	0.38930918690412547	0.6604928506158132	0.4921704458847809	0.7460939706691755	0.3894728653730192	1.0	1.0	0.7584325078215763	0.48712958525750577	0.5492792537218314	0.0	0.741197578812125	1.0	0.6463811572211265
da	0.291477393400785	0.29788306299231937	1.0	0.46922462701971657	1.0	0.20179629562532378	0.2418907011191832	0.16613795018422425	0.20095029847973003	0.2638031861316795	0.2643436430453666	0.8080545640981812	0.24658333863606563	0.2798758401353024	0.2027377627797935	0.2256593285029267	0.24010657889663042	0.34225443164511915	0.2735422995053629	0.6130617900813257	0.3550824765668548	0.22850455600348837	0.2245899235570156	0.17456265652854364	0.291491413153633	0.22701073020640014	0.42639721559293153	0.3924269209875084	0.24975713159083607	0.30019820071163716	0.22575045839012614	0.0	0.20165545225153964	0.25940838059598936	0.20524094962865966
de	0.24978236434169598	0.2205038950570359	1.0	0.4205796012014385	0.20179629562532378	1.0	0.18915938141060568	0.1227023862374193	0.08149513719067943	0.17215992259224086	0.2142354534216359	0.42818026303783213	0.1808819950351733	0.20576775203908407	0.14056874982193546	0.16408806827398306	0.1833555002889252	0.25830811213063176	0.2777849316397226	0.456086457577518	0.5508790986174803	0.1551091480240396	0.15839472993020462	0.1447518191928841	0.20327843192339853	0.15686353754689425	0.26469662542564215	1.0	0.16895148596373313	0.2327213750691007	0.18854813651121227	0.0	0.1841226903750776	0.7248485669756152	0.1512332272343601
el	0.25416123254463074	0.3201513053463242	1.0	0.42433656900432537	0.2418907011191832	0.18915938141060568	1.0	0.1642605557286324	0.16562998497634557	0.25021368977704966	0.2722714935503853	0.7863954451402115	0.2401592315487353	0.28331608112620627	0.19457070678848257	0.2138645201665029	0.23108604592776663	0.333276103056265	0.25022017270951213	0.3843704990173265	0.5639724668665803	0.21780004387892815	0.20582187769606353	0.1731629874954863	0.27374108762870364	0.2048515996658738	0.3045723228648193	1.0	0.24608269857142584	0.3161689423632798	0.22492792205238973	0.0	0.1843545592796085	1.0	0.18859478216794887
en	0.3656318041981726	0.19575097399394525	1.0	0.5940628081432423	0.16613795018422425	0.1227023862374193	0.1642605557286324	1.0	0.06506897837901454	0.14067772153694963	0.17086265414736815	0.6851283529839967	0.1577844997084735	0.19106178573104216	0.11722396683367799	0.1484104379400992	0.1599530820026391	0.2300679478092458	0.2758662046496413	0.5939531013451479	0.5245332055842827	0.12765614004704226	0.1385627145991793	0.12256872493288734	0.16799298940997312	0.13882755696172497	0.4502394124052071	0.48814153399454163	0.14833412911524888	0.20842936279859725	0.15228818964970683	0.0	0.1508709360235855	0.6478335451567685	0.13425014514576517
es	0.2567395736918853	0.3204489283017703	1.0	0.7510341748895939	0.20095029847973003	0.08149513719067943	0.16562998497634557	0.06506897837901454	1.0	0.08612482924987289	0.20709555939601693	0.7863954451402115	0.13326530299380615	0.24703077040710558	0.07582025392510605	0.11284727248517042	0.12427716543348497	0.327942722888989	0.41772084813178634	0.7527044918685464	0.7752340751957976	0.09198145560144315	0.096803557103542	0.08888080248424833	0.13176642045198145	0.09866918490938045	0.4291943173610187	1.0	0.17077079863789613	0.34815107156041686	0.1556997414632326	0.0	0.18007588043170245	1.0	0.10630567527081024
fr	0.2858900105130227	0.40371344805764464	1.0	0.5267136041849476	0.2638031861316795	0.17215992259224086	0.25021368977704966	0.14067772153694963	0.08612482924987289	1.0	0.3045412124624799	0.4699149719637838	0.2330589498126116	0.32909290319682033	0.1657598576381393	0.20681265970985582	0.23262796445643025	0.4478559565610067	0.2812696597443844	0.4667819931139006	0.6161589362549603	0.20123436649448007	0.1946166709163282	0.1627319501647895	0.29644454542822213	0.1941326234731274	0.503169382674939	1.0	0.21984065895840194	0.37300171981016433	0.23819395161566806	0.0	0.19930184123806116	0.5607371342276143	0.18471395651963748
he	0.3251472492380347	0.36970583791510914	1.0	0.37054714223304414	0.2643436430453666	0.2142354534216359	0.2722714935503853	0.17086265414736815	0.20709555939601693	0.3045412124624799	1.0	0.5123656105495942	0.2823607337292961	0.327610004704788	0.22084324072698652	0.24347741234517592	0.25908140617996156	0.40326851852365053	0.2720967058990909	0.3471730404396724	0.37189963238879276	0.2582440131711581	0.23228000697407403	0.1843672650907682	0.33686054717034525	0.23060837874456688	0.2670306339083883	1.0	0.2550779062325093	0.3575466201775812	0.26758799287403207	0.0	0.2369092960093683	1.0	0.2154689737317858
hi	0.8216064286890065	0.7101719911449634	1.0	0.8216064286890065	0.8080545640981812	0.42818026303783213	0.7863954451402115	0.6851283529839967	0.7863954451402115	0.4699149719637838	0.5123656105495942	1.0	0.8515282304127918	0.6184643060251725	0.7863954451402115	0.8216064286890065	0.7863954451402115	0.7306845917244896	0.8919578755298917	0.8216064286890065	0.49111508534207776	0.4699149719637838	0.7863954451402115	0.7863954451402115	0.5803759348488133	0.7863954451402115	1.0	1.0	0.7863954451402115	0.47024542667055497	0.7863954451402115	0.0	0.7863954451402115	1.0	0.7863954451402115
hu	0.31292270859055615	0.3401987221358834	1.0	0.6328017431358097	0.24658333863606563	0.1808819950351733	0.2401592315487353	0.1577844997084735	0.13326530299380615	0.2330589498126116	0.2823607337292961	0.8515282304127918	1.0	0.3001596034966245	0.17899527084182254	0.21111689040873563	0.23879859866564898	0.31940918344221747	0.27671963719415216	0.6061915309181997	0.3451747995266102	0.2037420005094208	0.20000184389831863	0.16665910204505355	0.26698010969387326	0.20274420930096335	0.4939311794409487	1.0	0.2563478723465111	0.3123111393789595	0.23534990814605547	0.0	0.183288482559679	1.0	0.1869889330198931
id	0.35283672671401084	0.41516342164235004	1.0	0.6341242096540814	0.2798758401353024	0.20576775203908407	0.28331608112620627	0.19106178573104216	0.24703077040710558	0.32909290319682033	0.327610004704788	0.6184643060251725	0.3001596034966245	1.0	0.2260691598823262	0.24524322095508924	0.2672207133988297	0.45632294158305475	0.28725552346046973	0.5771344776863482	0.5490621068693379	0.2813609978314185	0.2593969058495643	0.1943826181851079	0.36895852410818325	0.24287840521656776	0.26916043643425464	1.0	0.3288748545353587	0.4027852120866014	0.2701457894761766	0.0	0.2185382409480625	0.6497788302270642	0.20657077389958137
it	0.2727045327342713	0.24404889952225006	1.0	0.6309418697205755	0.2027377627797935	0.14056874982193546	0.19457070678848257	0.11722396683367799	0.07582025392510605	0.1657598576381393	0.22084324072698652	0.7863954451402115	0.17899527084182254	0.2260691598823262	1.0	0.16562130563493777	0.18126012260549584	0.22267152093444192	0.2960885706512242	0.6810392921277043	0.6365643524390346	0.15616453782774356	0.15804537193000276	0.13899059321141224	0.19979684920338894	0.15448104293404968	0.47747384250659386	0.6067454105236015	0.18083351648807475	0.2108979113554848	0.1856196926238103	0.0	0.17174880432704723	0.6070429174104848	0.14835263290404005
ja	0.3343982194874735	0.2592141552616531	1.0	0.6735300525054975	0.2256593285029267	0.16408806827398306	0.2138645201665029	0.1484104379400992	0.11284727248517042	0.20681265970985582	0.24347741234517592	0.8216064286890065	0.21111689040873563	0.24524322095508924	0.16562130563493777	1.0	0.20065631782735174	0.28777827594854577	0.25910395980316187	0.6124501015898376	0.6022442636740611	0.1914607756221883	0.1859621346375964	0.1583457104101944	0.24167674319026192	0.17905682671282996	0.42095063322175313	1.0	0.20691694868088356	0.26778540297342956	0.20147446284662457	0.0	0.17466056663652024	1.0	0.17110179899472502
ko	0.25041193919239024	0.2760907339036022	1.0	0.5528238341435424	0.24010657889663042	0.1833555002889252	0.23108604592776663	0.1599530820026391	0.12427716543348497	0.23262796445643025	0.25908140617996156	0.7863954451402115	0.23879859866564898	0.2672207133988297	0.18126012260549584	0.20065631782735174	1.0	0.28652777578557154	0.2733589161169891	0.4565710694811528	0.5180136028054118	0.21178902114242673	0.2004885668437782	0.17305606161324882	0.2720863261874415	0.19247762630333623	0.30285744543481563	1.0	0.21173273545845256	0.30593982542078857	0.22473555799397096	0.0	0.20362676603272992	1.0	0.18257920162797814
lv	0.4202105372741332	0.4987604935383422	1.0	0.7228575959338517	0.34225443164511915	0.25830811213063176	0.333276103056265	0.2300679478092458	0.327942722888989	0.4478559565610067	0.40326851852365053	0.7306845917244896	0.31940918344221747	0.45632294158305475	0.22267152093444192	0.28777827594854577	0.28652777578557154	1.0	0.32943950270116085	0.6057120539818951	0.6079083691229069	0.3481199521173162	0.26003307407751675	0.2539833095618335	0.5229230478174001	0.2811688636326309	0.32485550554894244	1.0	0.45252525794666526	0.47242347417678004	0.3216459933689713	0.0	0.23199180287646043	1.0	0.23250206634709245
mk	0.39345909072205904	0.285121479819811	1.0	0.46987853773655197	0.2735422995053629	0.2777849316397226	0.25022017270951213	0.2758662046496413	0.41772084813178634	0.2812696597443844	0.2720967058990909	0.8919578755298917	0.27671963719415216	0.28725552346046973	0.2960885706512242	0.25910395980316187	0.2733589161169891	0.32943950270116085	1.0	0.42972558471004374	0.4560100655984558	0.2399693136293188	0.3607773800023382	0.3616468284058803	0.37356373168546225	0.21502613386592176	0.4703128753091942	1.0	0.4347679273238459	0.28173577916432163	0.2175874508004957	0.0	0.2664233424458888	1.0	0.35123884774901265
ml	0.46991497196378373	0.7039863092558195	0.0	0.6888348436947808	0.6130617900813257	0.456086457577518	0.3843704990173265	0.5939531013451479	0.7527044918685464	0.4667819931139006	0.3471730404396724	0.8216064286890065	0.6061915309181997	0.5771344776863482	0.6810392921277043	0.6124501015898376	0.4565710694811528	0.6057120539818951	0.42972558471004374	1.0	0.7378206010597298	0.37901686104536475	0.7527044918685464	0.4602384683494886	0.6482169117629264	0.36714254413585196	1.0	1.0	0.7527044918685464	0.7178872436224975	0.547075045452701	0.0	0.6130617900813257	1.0	0.6816179365297586
mr	0.33343782497148583	0.5964080690486557	1.0	0.6088272081987847	0.3550824765668548	0.5508790986174803	0.5639724668665803	0.5245332055842827	0.7752340751957976	0.6161589362549603	0.37189963238879276	0.49111508534207776	0.3451747995266102	0.5490621068693379	0.6365643524390346	0.6022442636740611	0.5180136028054118	0.6079083691229069	0.4560100655984558	0.7378206010597298	1.0	0.2822277862894792	0.6712444106267609	0.38162405981561665	0.6056419324167533	0.2977384977899602	0.45627762828753365	1.0	0.5669008626009536	0.5929378687519269	0.4350162325175071	0.0	0.5330200388983647	1.0	0.46536427844245504
nl	0.32996621366614953	0.3143616635838723	1.0	0.38930918690412547	0.22850455600348837	0.1551091480240396	0.21780004387892815	0.12765614004704226	0.09198145560144315	0.20123436649448007	0.2582440131711581	0.4699149719637838	0.2037420005094208	0.2813609978314185	0.15616453782774356	0.1914607756221883	0.21178902114242673	0.3481199521173162	0.2399693136293188	0.37901686104536475	0.2822277862894792	1.0	0.17719949762239698	0.14616943238824087	0.24434200704083212	0.17510939469654127	0.3123522079753968	0.5155005111128071	0.21679370715440757	0.2985289335504962	0.19952856943358133	0.0	0.19224625478267568	0.48346454127271016	0.16677063833632563
pl	0.32903027617290437	0.2660711427106918	1.0	0.6604928506158132	0.2245899235570156	0.15839472993020462	0.20582187769606353	0.1385627145991793	0.096803557103542	0.1946166709163282	0.23228000697407403	0.7863954451402115	0.20000184389831863	0.2593969058495643	0.15804537193000276	0.1859621346375964	0.2004885668437782	0.26003307407751675	0.3607773800023382	0.7527044918685464	0.6712444106267609	0.17719949762239698	1.0	0.15554552320825343	0.22977604810912053	0.17132096030650518	0.30502225320278786	1.0	0.20073729451900446	0.2425073015421381	0.20531859613374023	0.0	0.18883092226072778	0.6589257440209709	0.16699145450965888
pt	0.22949598284759593	0.2233659011204736	1.0	0.4921704458847809	0.17456265652854364	0.1447518191928841	0.1731629874954863	0.12256872493288734	0.08888080248424833	0.1627319501647895	0.1843672650907682	0.7863954451402115	0.16665910204505355	0.1943826181851079	0.13899059321141224	0.1583457104101944	0.17305606161324882	0.2539833095618335	0.3616468284058803	0.4602384683494886	0.38162405981561665	0.14616943238824087	0.15554552320825343	1.0	0.1862308918018131	0.15485742280158155	0.24693954358586714	0.7263875964832448	0.16326236758532736	0.2153770279870823	0.17255244740338405	0.0	0.14870929747894773	1.0	0.14753385619712123
ro	0.28292538669618994	0.46091469788004463	1.0	0.7460939706691755	0.291491413153633	0.20327843192339853	0.27374108762870364	0.16799298940997312	0.13176642045198145	0.29644454542822213	0.33686054717034525	0.5803759348488133	0.26698010969387326	0.36895852410818325	0.19979684920338894	0.24167674319026192	0.2720863261874415	0.5229230478174001	0.37356373168546225	0.6482169117629264	0.6056419324167533	0.24434200704083212	0.22977604810912053	0.1862308918018131	1.0	0.2212011447730964	0.3369229078834708	1.0	0.27769898266418214	0.4376958026330867	0.2679744311750132	0.0	0.1954092510828999	1.0	0.20390942847343058
ru	0.2719199197602936	0.25139905037077875	1.0	0.3894728653730192	0.22701073020640014	0.15686353754689425	0.2048515996658738	0.13882755696172497	0.09866918490938045	0.1941326234731274	0.23060837874456688	0.7863954451402115	0.20274420930096335	0.24287840521656776	0.15448104293404968	0.17905682671282996	0.19247762630333623	0.2811688636326309	0.21502613386592176	0.36714254413585196	0.2977384977899602	0.17510939469654127	0.17132096030650518	0.15485742280158155	0.2212011447730964	1.0	0.3796418344254511	1.0	0.1951943797967222	0.27098061052935496	0.21122154852781397	0.0	0.174170223086664	1.0	0.16191477728545928
sh	0.3917885425884702	0.4746149938643404	1.0	1.0	0.42639721559293153	0.26469662542564215	0.3045723228648193	0.4502394124052071	0.4291943173610187	0.503169382674939	0.2670306339083883	1.0	0.4939311794409487	0.26916043643425464	0.47747384250659386	0.42095063322175313	0.30285744543481563	0.32485550554894244	0.4703128753091942	1.0	0.45627762828753365	0.3123522079753968	0.30502225320278786	0.24693954358586714	0.3369229078834708	0.3796418344254511	1.0	1.0	0.40965616758559437	0.49269416268350996	0.6041670466558641	0.0	0.8428085291297184	0.3365253293492352	0.2640151186497091
si	1.0	1.0	0.0	1.0	0.3924269209875084	1.0	1.0	0.48814153399454163	1.0	1.0	1.0	1.0	1.0	1.0	0.6067454105236015	1.0	1.0	1.0	1.0	1.0	1.0	0.5155005111128071	1.0	0.7263875964832448	1.0	1.0	1.0	1.0	1.0	1.0	1.0	1.0	1.0	1.0	1.0
simple	0.27227774826911927	0.44967955122421943	1.0	0.7584325078215763	0.24975713159083607	0.16895148596373313	0.24608269857142584	0.14833412911524888	0.17077079863789613	0.21984065895840194	0.2550779062325093	0.7863954451402115	0.2563478723465111	0.3288748545353587	0.18083351648807475	0.20691694868088356	0.21173273545845256	0.45252525794666526	0.4347679273238459	0.7527044918685464	0.5669008626009536	0.21679370715440757	0.20073729451900446	0.16326236758532736	0.27769898266418214	0.1951943797967222	0.40965616758559437	1.0	1.0	0.385051022024016	0.21246492586787238	0.0	0.20622393410183965	1.0	0.18306416340755796
sr	0.4015254010756224	0.45703459868362034	1.0	0.48712958525750577	0.30019820071163716	0.2327213750691007	0.3161689423632798	0.20842936279859725	0.34815107156041686	0.37300171981016433	0.3575466201775812	0.47024542667055497	0.3123111393789595	0.4027852120866014	0.2108979113554848	0.26778540297342956	0.30593982542078857	0.47242347417678004	0.28173577916432163	0.7178872436224975	0.5929378687519269	0.2985289335504962	0.2425073015421381	0.2153770279870823	0.4376958026330867	0.27098061052935496	0.49269416268350996	1.0	0.385051022024016	1.0	0.29136123887615384	0.0	0.263961371473888	1.0	0.2224859591588355
sv	0.3947234412528079	0.3003419654156881	1.0	0.5492792537218314	0.22575045839012614	0.18854813651121227	0.22492792205238973	0.15228818964970683	0.1556997414632326	0.23819395161566806	0.26758799287403207	0.7863954451402115	0.23534990814605547	0.2701457894761766	0.1856196926238103	0.20147446284662457	0.22473555799397096	0.3216459933689713	0.2175874508004957	0.547075045452701	0.4350162325175071	0.19952856943358133	0.20531859613374023	0.17255244740338405	0.2679744311750132	0.21122154852781397	0.6041670466558641	1.0	0.21246492586787238	0.29136123887615384	1.0	0.0	0.20135600449769034	1.0	0.19127008039842552
te	0.0	0.0	0.0	0.0	0.0	0.0	0.0	0.0	0.0	0.0	0.0	0.0	0.0	0.0	0.0	0.0	0.0	0.0	0.0	0.0	0.0	0.0	0.0	0.0	0.0	0.0	0.0	1.0	0.0	0.0	0.0	0.0	0.0	1.0	0.0
vi	0.27454413659455057	0.27381305446349397	1.0	0.741197578812125	0.20165545225153964	0.1841226903750776	0.1843545592796085	0.1508709360235855	0.18007588043170245	0.19930184123806116	0.2369092960093683	0.7863954451402115	0.183288482559679	0.2185382409480625	0.17174880432704723	0.17466056663652024	0.20362676603272992	0.23199180287646043	0.2664233424458888	0.6130617900813257	0.5330200388983647	0.19224625478267568	0.18883092226072778	0.14870929747894773	0.1954092510828999	0.174170223086664	0.8428085291297184	1.0	0.20622393410183965	0.263961371473888	0.20135600449769034	0.0	1.0	1.0	0.18209612327404345
war	1.0	0.6740515375688696	0.0	1.0	0.25940838059598936	0.7248485669756152	1.0	0.6478335451567685	1.0	0.5607371342276143	1.0	1.0	1.0	0.6497788302270642	0.6070429174104848	1.0	1.0	1.0	1.0	1.0	1.0	0.48346454127271016	0.6589257440209709	1.0	1.0	1.0	0.3365253293492352	1.0	1.0	1.0	1.0	1.0	1.0	1.0	1.0
zh	0.26580459627233377	0.2475184558791753	1.0	0.6463811572211265	0.20524094962865966	0.1512332272343601	0.18859478216794887	0.13425014514576517	0.10630567527081024	0.18471395651963748	0.2154689737317858	0.7863954451402115	0.1869889330198931	0.20657077389958137	0.14835263290404005	0.17110179899472502	0.18257920162797814	0.23250206634709245	0.35123884774901265	0.6816179365297586	0.46536427844245504	0.16677063833632563	0.16699145450965888	0.14753385619712123	0.20390942847343058	0.16191477728545928	0.2640151186497091	1.0	0.18306416340755796	0.2224859591588355	0.19127008039842552	0.0	0.18209612327404345	1.0	1.0
