arz	bs	ceb	ckb	da	de	el	en	es	fr	he	hi	hu	id	it	ja	ko	lv	mk	ml	mr	nl	pl	pt	ro	ru	sh	si	simple	sr	sv	te	tr	vi	war	zh
arz	1.0	0.42542612319071343	1.0	1.0	1.0	1.0	1.0	0.7584325078215763	1.0	1.0	1.0	1.0	1.0	1.0	0.7584325078215763	1.0	1.0	1.0	1.0	1.0	1.0	1.0	1.0	1.0	1.0	1.0	1.0	1.0	0.7690990303325336	1.0	1.0	1.0	1.0	0.7690990303325336	1.0	1.0
bs	0.42542612319071343	1.0	1.0	0.47008819944903635	0.1669376129526286	0.16517313732983901	0.20661344317741528	0.14181528308086816	0.15217301380657886	0.15618296186932484	0.20824772000776545	0.18961098426556378	0.13487693259078856	0.15356625298749293	0.14345324278045188	0.21275819267644078	0.21905570886723955	0.1697469673136047	0.2180388371078852	0.24010776380546803	0.5433993074470913	0.1575910278893561	0.13331258860860765	0.17399156437872249	0.13587874110948192	0.2137547644377059	0.13974508230394167	0.45679124630876816	0.17108520927513107	0.14469730269618425	0.14500566428971126	0.2912172146574264	0.4210602596120258	0.1331879705413749	0.32899242890095715	0.2073382430620568
ceb	1.0	1.0	1.0	1.0	1.0	1.0	1.0	1.0	1.0	1.0	1.0	1.0	1.0	1.0	0.7863954451402115	1.0	1.0	1.0	1.0	1.0	1.0	1.0	1.0	1.0	1.0	1.0	1.0	1.0	1.0	1.0	1.0	1.0	-1.0	1.0	1.0	1.0
ckb	1.0	0.47008819944903635	1.0	1.0	0.6568318202362041	0.6143589292419388	1.0	0.5027105929482577	0.7199285383279773	1.0	1.0	1.0	0.6822977514629122	0.4986489837325465	0.3811979895113538	1.0	1.0	1.0	1.0	1.0	1.0	0.4933609897375133	0.6143589292419388	0.7210092110599264	0.5944614612750622	1.0	0.7221793916855703	1.0	0.6549329476340925	0.6568318202362041	0.7210092110599263	1.0	1.0	0.3833054619614883	1.0	1.0
da	1.0	0.1669376129526286	1.0	0.6568318202362041	1.0	0.11727590241303566	0.15710389284000995	0.10770065249415596	0.1255214089199989	0.10161631704432736	0.15839493658288623	0.19660877898216675	0.10614515399796898	0.12385025339751561	0.10657508007710857	0.14038602972410202	0.15366198996332403	0.15205121544454303	0.19660136071378367	0.25991989568929413	0.42891520187865806	0.1034929065750352	0.10737498913585848	0.11998533994589285	0.11457296688054645	0.13566436166930468	0.10070255818578538	0.5088611472246092	0.1470244951352076	0.09365339038735462	0.10717669008020068	0.42255213514505685	0.46366181059666645	0.10978294124314161	0.32122640878698133	0.14425953509132772
de	1.0	0.16517313732983901	1.0	0.6143589292419388	0.11727590241303566	1.0	0.15431084046488522	0.05354933473417975	0.05604708092248999	0.055172893692040294	0.16624710011533358	0.15481404780654376	0.0718961029361749	0.1115233028917411	0.060196906320802775	0.0657088987126708	0.12856727545426044	0.11169263207884383	0.24423663672225523	0.3339024436809279	0.7134542832283588	0.058712208595386194	0.06586218186775084	0.07017678901696162	0.10312846792644087	0.09815053398249915	0.060520736855338944	0.530660534155698	0.10986384273211491	0.05947830445438013	0.08245533854656122	0.43388203077393384	0.2703526727591012	0.07518461763962915	0.4669041266783441	0.07449324054062645
el	1.0	0.20661344317741528	1.0	1.0	0.15710389284000995	0.15431084046488522	1.0	0.14258915202536487	0.1479725827860672	0.11425610007880227	0.5330186143720125	1.0	0.11259795715360056	0.16010632881644934	0.12018662041790203	0.6888792142106733	1.0	0.17257240241207317	1.0	1.0	1.0	0.11723927777351435	0.12116354272254759	0.16765406727235785	0.15473072942031021	0.6910619635498714	0.11713248223036546	1.0	0.18336063975553268	0.15135263991303843	0.14269365644535742	1.0	0.7510341748895938	0.12512515700999174	0.5932464233149596	1.0
en	0.7584325078215763	0.14181528308086816	1.0	0.5027105929482577	0.10770065249415596	0.05354933473417975	0.14258915202536487	1.0	0.06493955468726156	0.06967727118403609	0.14523704767878406	0.14819991479271669	0.07969766736145482	0.11346068275252115	0.08449901669334078	0.12074560187914067	0.13945554226811285	0.1035897250242687	0.15132321018028155	0.1685928698596535	0.3946470776445913	0.07031531099202401	0.08622200198932467	0.0773599967824316	0.0985875691711555	0.13284718963683034	0.07377682854631949	0.455322287504897	0.1040626313290939	0.07221576547006033	0.08590832205326221	0.2857710212068845	0.2952844823891686	0.08538038375477414	0.3064494482315933	0.12408428706997865
es	1.0	0.15217301380657886	1.0	0.7199285383279773	0.1255214089199989	0.05604708092248999	0.1479725827860672	0.06493955468726156	1.0	0.05915430969702738	0.1591362538989066	0.16397294218933678	0.07327850785530803	0.10267241611362836	0.06601424520192078	0.07863186641082977	0.11695405136037748	0.10257022741095537	0.2430388117721504	0.3248278545583989	0.6011455215697226	0.06323589342290788	0.07174305284690075	0.07756905129259274	0.10108488131543153	0.09976570127031441	0.06769834099213888	1.0	0.114920656791997	0.06719059426945154	0.08385691976499475	0.35875416839267193	0.4029838611854752	0.07431203972576521	0.40111740387656664	0.08407259746593318
fr	1.0	0.15618296186932484	1.0	1.0	0.10161631704432736	0.055172893692040294	0.11425610007880227	0.06967727118403609	0.05915430969702738	1.0	0.12802385208629866	0.10604256168101789	0.07033035476343402	0.09719949491988643	0.07071563463510014	0.08448482521384534	0.11203138446353425	0.10332239345494225	0.16627068575149254	0.2405864003955987	0.4982059542338721	0.062199117013410056	0.0704871066179983	0.0699431454479028	0.08652653236751721	0.09400050687712422	0.064009409562659	0.4995943057228088	0.10336897624972388	0.06491450446968598	0.07803218726824157	0.36863571290462754	0.22250230453090697	0.0766283877436208	0.4037552722191503	0.08725172122130483
he	1.0	0.20824772000776545	1.0	1.0	0.15839493658288623	0.16624710011533358	0.5330186143720125	0.14523704767878406	0.1591362538989066	0.12802385208629866	1.0	0.6185254943607431	0.11676133378951864	0.1621242835817776	0.12313361409318589	0.4643333418334759	0.5320286462024124	0.20260889607586377	1.0	0.7002769331337121	1.0	0.13051770645018979	0.12512024842360148	0.1662167850708074	0.15666414306406068	0.4608301899593989	0.11964262462309497	1.0	0.18730284359019425	0.14799083110076328	0.13316049289737625	1.0	0.7455134344225701	0.13401837128775013	0.5924658130616858	0.4617866363588419
hi	1.0	0.18961098426556378	1.0	1.0	0.19660877898216675	0.15481404780654376	1.0	0.14819991479271669	0.16397294218933678	0.10604256168101789	0.6185254943607431	1.0	0.14237549356593732	0.16286031333500847	0.12225482554369181	1.0	1.0	0.21413498369590983	1.0	1.0	1.0	0.13749815459166825	0.13388046491931926	0.16559127812294105	0.15439201731920663	1.0	0.11767350828975168	1.0	0.18167596483166362	0.142762067423803	0.13976868262893694	1.0	0.7455134344225701	0.14146228835012598	0.594922441630797	1.0
hu	1.0	0.13487693259078856	1.0	0.6822977514629122	0.10614515399796898	0.0718961029361749	0.11259795715360056	0.07969766736145482	0.07327850785530803	0.07033035476343402	0.11676133378951864	0.14237549356593732	1.0	0.10325927994311614	0.07899398969839756	0.09450245330141879	0.1105527536738463	0.11069245264183997	0.176804414562255	0.2327738890877574	0.4604036124654907	0.07186445520580029	0.07519885001814314	0.08547514226328036	0.09484248383469011	0.10939551275527756	0.07456520257416203	0.5882745708346903	0.11097678748509043	0.07506900538664676	0.08128531650718103	0.24889375603124933	0.7510341748895938	0.07685947086142532	0.4211194481001342	0.09722867101434865
id	1.0	0.15356625298749293	1.0	0.4986489837325465	0.12385025339751561	0.1115233028917411	0.16010632881644934	0.11346068275252115	0.10267241611362836	0.09719949491988643	0.1621242835817776	0.16286031333500847	0.10325927994311614	1.0	0.09985842273564305	0.15833363828608935	0.16601313533354942	0.12857538577143343	0.19238230990833424	0.19838802701534192	0.44497927965338174	0.09582835219379537	0.10261325848862211	0.11167769212268908	0.11822850139101551	0.15733782982436445	0.08875401352273529	0.41225735050406787	0.1188696176926309	0.09857415209782128	0.10866050476793687	0.2583430835682767	0.38896289337658413	0.1023647625560435	0.3120487626790878	0.1560284425280832
it	0.7584325078215763	0.14345324278045188	0.7863954451402115	0.3811979895113538	0.10657508007710857	0.060196906320802775	0.12018662041790203	0.08449901669334078	0.06601424520192078	0.07071563463510014	0.12313361409318589	0.12225482554369181	0.07899398969839756	0.09985842273564305	1.0	0.1112377178765227	0.11745005293430641	0.10405622793651621	0.15953377869226149	0.19033031628606234	0.4455034399631011	0.07113647760962044	0.08412434093396258	0.0771975162460174	0.0950346006397361	0.11932736761424066	0.07580220234348431	0.27347281330948325	0.09661390224816037	0.0761989885918524	0.08501226881871062	0.2625354283112418	0.24396143425028907	0.0808253982165212	0.33412236030543313	0.1143348039732637
ja	1.0	0.21275819267644078	1.0	1.0	0.14038602972410202	0.0657088987126708	0.6888792142106733	0.12074560187914067	0.07863186641082977	0.08448482521384534	0.4643333418334759	1.0	0.09450245330141879	0.15833363828608935	0.1112377178765227	1.0	1.0	0.13757732459358338	1.0	1.0	1.0	0.0823885851361716	0.11037506469046293	0.10125915820611624	0.12393448311578131	0.6059306170826917	0.0876080985521708	1.0	0.13594280979694356	0.08760362772126207	0.10571568889869509	1.0	0.47110941208635065	0.10267218129197056	0.5917196795904757	0.6829196033032386
ko	1.0	0.21905570886723955	1.0	1.0	0.15366198996332403	0.12856727545426044	1.0	0.13945554226811285	0.11695405136037748	0.11203138446353425	0.5320286462024124	1.0	0.1105527536738463	0.16601313533354942	0.11745005293430641	1.0	1.0	0.16638600148282306	1.0	1.0	1.0	0.1160710704343667	0.1223016124036135	0.14717284838375627	0.133746373983481	0.6890092940382581	0.10658342428161831	1.0	0.1733285499617094	0.10831362152993189	0.12376881321209134	1.0	0.6413248438516836	0.11869214843009562	0.5917196795904757	1.0
lv	1.0	0.1697469673136047	1.0	1.0	0.15205121544454303	0.11169263207884383	0.17257240241207317	0.1035897250242687	0.10257022741095537	0.10332239345494225	0.20260889607586377	0.21413498369590983	0.11069245264183997	0.12857538577143343	0.10405622793651621	0.13757732459358338	0.16638600148282306	1.0	0.2853366518265454	0.36705759901572627	0.5409099584858093	0.10758678782942649	0.09785288583889862	0.12687607437066503	0.12809766547750873	0.15954102446622453	0.10851789703831825	1.0	0.15528301992394425	0.11286313500179967	0.11869692359565633	0.4565801593818139	0.5813720768070403	0.10818532993967415	0.40332653660996265	0.13717402885006805
mk	1.0	0.2180388371078852	1.0	1.0	0.19660136071378367	0.24423663672225523	1.0	0.15132321018028155	0.2430388117721504	0.16627068575149254	1.0	1.0	0.176804414562255	0.19238230990833424	0.15953377869226149	1.0	1.0	0.2853366518265454	1.0	1.0	1.0	0.19202579292842856	0.16484567343390477	0.19375734409739787	0.16502819385287992	1.0	0.1703275952816695	1.0	0.3183612853933984	0.19579557483738155	0.19908218876011785	1.0	1.0	0.18147231477486755	0.5977755651747494	1.0
ml	1.0	0.24010776380546803	1.0	1.0	0.25991989568929413	0.3339024436809279	1.0	0.1685928698596535	0.3248278545583989	0.2405864003955987	0.7002769331337121	1.0	0.2327738890877574	0.19838802701534192	0.19033031628606234	1.0	1.0	0.36705759901572627	1.0	1.0	1.0	0.25302878487959773	0.19974844683221157	0.34565349971932247	0.2082380819540538	1.0	0.17846682424106697	1.0	0.28165824136765477	0.2476502544126889	0.22443754265203708	1.0	0.7942219112853846	0.2096428396426467	0.6442100898340134	1.0
mr	1.0	0.5433993074470913	1.0	1.0	0.42891520187865806	0.7134542832283588	1.0	0.3946470776445913	0.6011455215697226	0.4982059542338721	1.0	1.0	0.4604036124654907	0.44497927965338174	0.4455034399631011	1.0	1.0	0.5409099584858093	1.0	1.0	1.0	0.3847764369742002	0.5331958230649944	0.7155258672934658	0.4238141773368863	1.0	0.5734694810503501	1.0	0.5338078100672441	0.5469473244238097	0.5893950634749558	1.0	1.0	0.5432677665452695	1.0	1.0
nl	1.0	0.1575910278893561	1.0	0.4933609897375133	0.1034929065750352	0.058712208595386194	0.11723927777351435	0.07031531099202401	0.06323589342290788	0.062199117013410056	0.13051770645018979	0.13749815459166825	0.07186445520580029	0.09582835219379537	0.07113647760962044	0.0823885851361716	0.1160710704343667	0.10758678782942649	0.19202579292842856	0.25302878487959773	0.3847764369742002	1.0	0.07369714154442725	0.07194767209727207	0.09499484002980516	0.091714957206153	0.06697883543116241	0.5233428410013383	0.10725957770123404	0.06525597458306981	0.07883428132077132	0.38743642742833245	0.375508569081916	0.07456419884772829	0.3677219920112704	0.08387597495890273
pl	1.0	0.13331258860860765	1.0	0.6143589292419388	0.10737498913585848	0.06586218186775084	0.12116354272254759	0.08622200198932467	0.07174305284690075	0.0704871066179983	0.12512024842360148	0.13388046491931926	0.07519885001814314	0.10261325848862211	0.08412434093396258	0.11037506469046293	0.1223016124036135	0.09785288583889862	0.16484567343390477	0.19974844683221157	0.5331958230649944	0.07369714154442725	1.0	0.08143972986315486	0.09561325400461379	0.11502196893283864	0.07610590589387234	0.5142598271803315	0.10699737908051155	0.07764929302210304	0.0851781533290648	0.23508919224287614	0.4154684767261715	0.0801128254373186	0.373535043387297	0.11114075394309951
pt	1.0	0.17399156437872249	1.0	0.7210092110599264	0.11998533994589285	0.07017678901696162	0.16765406727235785	0.0773599967824316	0.07756905129259274	0.0699431454479028	0.1662167850708074	0.16559127812294105	0.08547514226328036	0.11167769212268908	0.0771975162460174	0.10125915820611624	0.14717284838375627	0.12687607437066503	0.19375734409739787	0.34565349971932247	0.7155258672934658	0.07194767209727207	0.08143972986315486	1.0	0.08989038298145581	0.08234139295431922	0.061229531539980925	1.0	0.1299067785890914	0.06030913105496128	0.07280759337275827	0.3348613321707962	0.3242722046685231	0.09434161961183858	0.4995022406138181	0.09966322886305193
ro	1.0	0.13587874110948192	1.0	0.5944614612750622	0.11457296688054645	0.10312846792644087	0.15473072942031021	0.0985875691711555	0.10108488131543153	0.08652653236751721	0.15666414306406068	0.15439201731920663	0.09484248383469011	0.11822850139101551	0.0950346006397361	0.12393448311578131	0.133746373983481	0.12809766547750873	0.16502819385287992	0.2082380819540538	0.4238141773368863	0.09499484002980516	0.09561325400461379	0.08989038298145581	1.0	0.12311054461513742	0.08491620352870685	0.46112532029143105	0.12013993432600842	0.08169793441315913	0.09284250315676734	0.23540156630199718	0.7003218306054407	0.1032780007834322	0.31471433801607307	0.1249157037898338
ru	1.0	0.2137547644377059	1.0	1.0	0.13566436166930468	0.09815053398249915	0.6910619635498714	0.13284718963683034	0.09976570127031441	0.09400050687712422	0.4608301899593989	1.0	0.10939551275527756	0.15733782982436445	0.11932736761424066	0.6059306170826917	0.6890092940382581	0.15954102446622453	1.0	1.0	1.0	0.091714957206153	0.11502196893283864	0.08234139295431922	0.12311054461513742	1.0	0.08443946366102272	1.0	0.1574642202935028	0.08358886206926092	0.10091747343204299	1.0	0.4264413158682152	0.11176960671800362	0.5932464233149596	0.6852580663193895
sh	1.0	0.13974508230394167	1.0	0.7221793916855703	0.10070255818578538	0.060520736855338944	0.11713248223036546	0.07377682854631949	0.06769834099213888	0.064009409562659	0.11964262462309497	0.11767350828975168	0.07456520257416203	0.08875401352273529	0.07580220234348431	0.0876080985521708	0.10658342428161831	0.10851789703831825	0.1703275952816695	0.17846682424106697	0.5734694810503501	0.06697883543116241	0.07610590589387234	0.061229531539980925	0.08491620352870685	0.08443946366102272	1.0	0.5811553318769718	0.10161419364536356	0.05979569469424515	0.07145539890861786	0.2799725530841428	0.5991447849476882	0.07654750060712735	0.41123952151983584	0.08897130277806033
si	1.0	0.45679124630876816	1.0	1.0	0.5088611472246092	0.530660534155698	1.0	0.455322287504897	1.0	0.4995943057228088	1.0	1.0	0.5882745708346903	0.41225735050406787	0.27347281330948325	1.0	1.0	1.0	1.0	1.0	1.0	0.5233428410013383	0.5142598271803315	1.0	0.46112532029143105	1.0	0.5811553318769718	1.0	0.6568318202362041	0.6122131884607099	0.5233428410013383	1.0	1.0	0.312752882448817	1.0	1.0
simple	0.7690990303325336	0.17108520927513107	1.0	0.6549329476340925	0.1470244951352076	0.10986384273211491	0.18336063975553268	0.1040626313290939	0.114920656791997	0.10336897624972388	0.18730284359019425	0.18167596483166362	0.11097678748509043	0.1188696176926309	0.09661390224816037	0.13594280979694356	0.1733285499617094	0.15528301992394425	0.3183612853933984	0.28165824136765477	0.5338078100672441	0.10725957770123404	0.10699737908051155	0.1299067785890914	0.12013993432600842	0.1574642202935028	0.10161419364536356	0.6568318202362041	1.0	0.1253480181521075	0.11919665409157931	0.3258012322320678	0.3502416478391912	0.09926338155283788	0.38183920199965066	0.1324751192461438
sr	1.0	0.14469730269618425	1.0	0.6568318202362041	0.09365339038735462	0.05947830445438013	0.15135263991303843	0.07221576547006033	0.06719059426945154	0.06491450446968598	0.14799083110076328	0.142762067423803	0.07506900538664676	0.09857415209782128	0.0761989885918524	0.08760362772126207	0.10831362152993189	0.11286313500179967	0.19579557483738155	0.2476502544126889	0.5469473244238097	0.06525597458306981	0.07764929302210304	0.06030913105496128	0.08169793441315913	0.08358886206926092	0.05979569469424515	0.6122131884607099	0.1253480181521075	1.0	0.06982975297788441	0.21041014653696655	0.5864758331961866	0.07980874318039645	0.4244217855670011	0.08436719748839082
sv	1.0	0.14500566428971126	1.0	0.7210092110599263	0.10717669008020068	0.08245533854656122	0.14269365644535742	0.08590832205326221	0.08385691976499475	0.07803218726824157	0.13316049289737625	0.13976868262893694	0.08128531650718103	0.10866050476793687	0.08501226881871062	0.10571568889869509	0.12376881321209134	0.11869692359565633	0.19908218876011785	0.22443754265203708	0.5893950634749558	0.07883428132077132	0.0851781533290648	0.07280759337275827	0.09284250315676734	0.10091747343204299	0.07145539890861786	0.5233428410013383	0.11919665409157931	0.06982975297788441	1.0	0.2911009795273201	0.4423993033616711	0.0929521346888584	0.3172657154350388	0.11202367729621855
te	1.0	0.2912172146574264	1.0	1.0	0.42255213514505685	0.43388203077393384	1.0	0.2857710212068845	0.35875416839267193	0.36863571290462754	1.0	1.0	0.24889375603124933	0.2583430835682767	0.2625354283112418	1.0	1.0	0.4565801593818139	1.0	1.0	1.0	0.38743642742833245	0.23508919224287614	0.3348613321707962	0.23540156630199718	1.0	0.2799725530841428	1.0	0.3258012322320678	0.21041014653696655	0.2911009795273201	1.0	0.7510341748895938	0.3276382166860779	0.7234532828151787	1.0
tr	1.0	0.4210602596120258	-1.0	1.0	0.46366181059666645	0.2703526727591012	0.7510341748895938	0.2952844823891686	0.4029838611854752	0.22250230453090697	0.7455134344225701	0.7455134344225701	0.7510341748895938	0.38896289337658413	0.24396143425028907	0.47110941208635065	0.6413248438516836	0.5813720768070403	1.0	0.7942219112853846	1.0	0.375508569081916	0.4154684767261715	0.3242722046685231	0.7003218306054407	0.4264413158682152	0.5991447849476882	1.0	0.3502416478391912	0.5864758331961866	0.4423993033616711	0.7510341748895938	1.0	0.5446573531236031	1.0	0.49581677907590316
vi	0.7690990303325336	0.1331879705413749	1.0	0.3833054619614883	0.10978294124314161	0.07518461763962915	0.12512515700999174	0.08538038375477414	0.07431203972576521	0.0766283877436208	0.13401837128775013	0.14146228835012598	0.07685947086142532	0.1023647625560435	0.0808253982165212	0.10267218129197056	0.11869214843009562	0.10818532993967415	0.18147231477486755	0.2096428396426467	0.5432677665452695	0.07456419884772829	0.0801128254373186	0.09434161961183858	0.1032780007834322	0.11176960671800362	0.07654750060712735	0.312752882448817	0.09926338155283788	0.07980874318039645	0.0929521346888584	0.3276382166860779	0.5446573531236031	1.0	0.35673003779720597	0.10211007570573596
war	1.0	0.32899242890095715	1.0	1.0	0.32122640878698133	0.4669041266783441	0.5932464233149596	0.3064494482315933	0.40111740387656664	0.4037552722191503	0.5924658130616858	0.594922441630797	0.4211194481001342	0.3120487626790878	0.33412236030543313	0.5917196795904757	0.5917196795904757	0.40332653660996265	0.5977755651747494	0.6442100898340134	1.0	0.3677219920112704	0.373535043387297	0.4995022406138181	0.31471433801607307	0.5932464233149596	0.41123952151983584	1.0	0.38183920199965066	0.4244217855670011	0.3172657154350388	0.7234532828151787	1.0	0.35673003779720597	1.0	0.5910055389828529
zh	1.0	0.2073382430620568	1.0	1.0	0.14425953509132772	0.07449324054062645	1.0	0.12408428706997865	0.08407259746593318	0.08725172122130483	0.4617866363588419	1.0	0.09722867101434865	0.1560284425280832	0.1143348039732637	0.6829196033032386	1.0	0.13717402885006805	1.0	1.0	1.0	0.08387597495890273	0.11114075394309951	0.09966322886305193	0.1249157037898338	0.6852580663193895	0.08897130277806033	1.0	0.1324751192461438	0.08436719748839082	0.11202367729621855	1.0	0.49581677907590316	0.10211007570573596	0.5910055389828529	1.0
