arz	bs	ceb	ckb	da	de	el	en	es	fr	he	hi	hu	id	it	ja	ko	lv	mk	ml	mr	nl	pl	pt	ro	ru	sh	si	simple	sr	sv	te	vi	war	zh
arz	1.0	0.045454545454545456	0.0	0.0	0.02564102564102564	0.019230769230769232	0.0	0.00625	0.0	0.017094017094017096	0.0	0.0	0.011111111111111112	0.06666666666666667	0.0	0.0	0.011363636363636364	0.05555555555555555	0.0	0.05263157894736842	0.0	0.0	0.02564102564102564	0.031746031746031744	0.0	0.0	0.0	0.0	0.0	0.0	0.0	0.0	0.0	0.0	0.007575757575757576
bs	0.045454545454545456	1.0	0.0	0.08823529411764706	0.08602150537634409	0.02702702702702703	0.12871287128712872	0.04225352112676056	0.023809523809523808	0.046511627906976744	0.05319148936170213	0.0	0.16923076923076924	0.10714285714285714	0.08092485549132948	0.05223880597014925	0.2	0.0958904109589041	0.1891891891891892	0.125	0.015151515151515152	0.0425531914893617	0.052083333333333336	0.125	0.16981132075471697	0.027777777777777776	0.25263157894736843	0.0	0.0759493670886076	0.09876543209876543	0.02247191011235955	0.0	0.03296703296703297	0.0	0.096045197740113
ceb	0.0	0.0	0.0	0.0	0.0	0.0	0.0	0.0	0.0	0.0	0.0	0.0	0.0	0.0	0.0	0.0	0.0	0.0	0.0	0.0	0.0	0.0	0.0	0.0	0.0	0.0	0.0	0.0	0.0	0.0	0.0	0.0	0.0	0.0	0.0
ckb	0.0	0.08823529411764706	0.0	1.0	0.022727272727272728	0.0	0.017543859649122806	0.006060606060606061	0.0	0.0	0.0	0.0	0.054945054945054944	0.0	0.015503875968992248	0.011904761904761904	0.010752688172043012	0.09090909090909091	0.06666666666666667	0.13636363636363635	0.0	0.0	0.0	0.04477611940298507	0.046153846153846156	0.0	0.05	0.0	0.0	0.1	0.029411764705882353	0.0	0.0	0.0	0.014705882352941176
da	0.02564102564102564	0.08602150537634409	0.0	0.022727272727272728	1.0	0.036585365853658534	0.024096385542168676	0.026595744680851064	0.030927835051546393	0.02027027027027027	0.014492753623188406	0.0	0.07894736842105263	0.06666666666666667	0.01935483870967742	0.027522935779816515	0.07079646017699115	0.02	0.017241379310344827	0.0196078431372549	0.0	0.06153846153846154	0.043478260869565216	0.021052631578947368	0.05555555555555555	0.012345679012345678	0.046511627906976744	0.0	0.01818181818181818	0.05263157894736842	0.03333333333333333	0.0	0.015625	0.0	0.024844720496894408
de	0.019230769230769232	0.02702702702702703	0.0	0.0	0.036585365853658534	1.0	0.020833333333333332	0.014778325123152709	0.0	0.018633540372670808	0.024691358024691357	0.0	0.0	0.0	0.017857142857142856	0.016260162601626018	0.046875	0.03225806451612903	0.0	0.015625	0.0	0.012345679012345678	0.011904761904761904	0.018518518518518517	0.038461538461538464	0.010638297872340425	0.03	0.0	0.0	0.028169014084507043	0.0	0.0	0.02631578947368421	0.0	0.05952380952380952
el	0.0	0.12871287128712872	0.0	0.017543859649122806	0.024096385542168676	0.020833333333333332	1.0	0.05102040816326531	0.0	0.006134969325153374	0.0375	0.0	0.07086614173228346	0.08450704225352113	0.06875	0.041666666666666664	0.10743801652892562	0.03225806451612903	0.02857142857142857	0.031746031746031744	0.02	0.0379746835443038	0.011904761904761904	0.03773584905660377	0.08	0.021505376344086023	0.10752688172043011	0.0	0.014705882352941176	0.04285714285714286	0.013513513513513514	0.0	0.0684931506849315	0.0	0.0658682634730539
en	0.00625	0.04225352112676056	0.0	0.006060606060606061	0.026595744680851064	0.014778325123152709	0.05102040816326531	1.0	0.023148148148148147	0.058365758754863814	0.0213903743315508	0.0	0.03389830508474576	0.022099447513812154	0.03333333333333333	0.004310344827586207	0.04310344827586207	0.011764705882352941	0.01694915254237288	0.01764705882352941	0.0	0.03825136612021858	0.010471204188481676	0.03317535545023697	0.023696682464454975	0.025252525252525252	0.024271844660194174	0.0	0.011428571428571429	0.0111731843575419	0.005494505494505495	0.0	0.02197802197802198	0.0	0.043795620437956206
es	0.0	0.023809523809523808	0.0	0.0	0.030927835051546393	0.0	0.0	0.023148148148148147	1.0	0.028735632183908046	0.010309278350515464	0.0	0.03424657534246575	0.022222222222222223	0.01639344262295082	0.014492753623188406	0.034722222222222224	0.0	0.023529411764705882	0.0	0.0	0.031914893617021274	0.02040816326530612	0.02459016393442623	0.03361344537815126	0.018518518518518517	0.02608695652173913	0.0	0.024390243902439025	0.023255813953488372	0.011235955056179775	0.0	0.02197802197802198	0.0	0.03208556149732621
fr	0.017094017094017096	0.046511627906976744	0.0	0.0	0.02027027027027027	0.018633540372670808	0.006134969325153374	0.058365758754863814	0.028735632183908046	1.0	0.027586206896551724	0.0	0.035897435897435895	0.007042253521126761	0.04405286343612335	0.0213903743315508	0.030927835051546393	0.007751937984496124	0.014705882352941176	0.015503875968992248	0.0	0.020689655172413793	0.027210884353741496	0.04142011834319527	0.017543859649122806	0.025477707006369428	0.049689440993788817	0.0	0.007462686567164179	0.014598540145985401	0.0	0.0	0.006993006993006993	0.0	0.05172413793103448
he	0.0	0.05319148936170213	0.0	0.0	0.014492753623188406	0.024691358024691357	0.0375	0.0213903743315508	0.010309278350515464	0.027586206896551724	1.0	0.0	0.07079646017699115	0.06896551724137931	0.033112582781456956	0.018518518518518517	0.05309734513274336	0.0	0.05555555555555555	0.0	0.0	0.03076923076923077	0.014492753623188406	0.05555555555555555	0.03333333333333333	0.02564102564102564	0.060240963855421686	0.0	0.038461538461538464	0.0	0.034482758620689655	0.0	0.0	0.0	0.04487179487179487
hi	0.0	0.0	0.0	0.0	0.0	0.0	0.0	0.0	0.0	0.0	0.0	1.0	0.011494252873563218	0.0	0.0	0.0	0.0	0.0	0.0	0.0	0.0	0.0	0.0	0.0	0.01694915254237288	0.0	0.0	0.0	0.0	0.0	0.0	0.0	0.0	0.0	0.0
hu	0.011111111111111112	0.16923076923076924	0.0	0.054945054945054944	0.07894736842105263	0.0	0.07086614173228346	0.03389830508474576	0.03424657534246575	0.035897435897435895	0.07079646017699115	0.011494252873563218	1.0	0.10576923076923077	0.05555555555555555	0.04487179487179487	0.1390728476821192	0.05154639175257732	0.0891089108910891	0.061855670103092786	0.0	0.034482758620689655	0.05128205128205128	0.08029197080291971	0.12307692307692308	0.023076923076923078	0.09302325581395349	0.0	0.07	0.08823529411764706	0.046296296296296294	0.0	0.07407407407407407	0.0	0.08542713567839195
id	0.06666666666666667	0.10714285714285714	0.0	0.0	0.06666666666666667	0.0	0.08450704225352113	0.022099447513812154	0.022222222222222223	0.007042253521126761	0.06896551724137931	0.0	0.10576923076923077	1.0	0.041666666666666664	0.04	0.1188118811881188	0.023809523809523808	0.10869565217391304	0.047619047619047616	0.0	0.03389830508474576	0.015873015873015872	0.07228915662650602	0.0875	0.0	0.06493506493506493	0.0	0.14285714285714285	0.061224489795918366	0.018867924528301886	0.0	0.017857142857142856	0.0	0.053691275167785234
it	0.0	0.08092485549132948	0.0	0.015503875968992248	0.01935483870967742	0.017857142857142856	0.06875	0.03333333333333333	0.01639344262295082	0.04405286343612335	0.033112582781456956	0.0	0.05555555555555555	0.041666666666666664	1.0	0.042105263157894736	0.078125	0.03787878787878788	0.04316546762589928	0.022222222222222223	0.0	0.03333333333333333	0.032679738562091505	0.07017543859649122	0.05847953216374269	0.012048192771084338	0.06666666666666667	0.0	0.05185185185185185	0.013888888888888888	0.027777777777777776	0.0	0.013422818791946308	0.0	0.10572687224669604
ja	0.0	0.05223880597014925	0.0	0.011904761904761904	0.027522935779816515	0.016260162601626018	0.041666666666666664	0.004310344827586207	0.014492753623188406	0.0213903743315508	0.018518518518518517	0.0	0.04487179487179487	0.04	0.042105263157894736	1.0	0.06622516556291391	0.011111111111111112	0.020618556701030927	0.022222222222222223	0.0	0.018691588785046728	0.04672897196261682	0.04580152671755725	0.022727272727272728	0.016666666666666666	0.04838709677419355	0.0	0.0	0.030927835051546393	0.030303030303030304	0.0	0.029411764705882353	0.0	0.06217616580310881
ko	0.011363636363636364	0.2	0.0	0.010752688172043012	0.07079646017699115	0.046875	0.10743801652892562	0.04310344827586207	0.034722222222222224	0.030927835051546393	0.05309734513274336	0.0	0.1390728476821192	0.1188118811881188	0.078125	0.06622516556291391	1.0	0.010101010101010102	0.08	0.06315789473684211	0.011627906976744186	0.02608695652173913	0.05217391304347826	0.08148148148148149	0.11627906976744186	0.031496062992125984	0.17796610169491525	0.0	0.10526315789473684	0.04807692307692308	0.00909090909090909	0.0	0.05555555555555555	0.0	0.12041884816753927
lv	0.05555555555555555	0.0958904109589041	0.0	0.09090909090909091	0.02	0.03225806451612903	0.03225806451612903	0.011764705882352941	0.0	0.007751937984496124	0.0	0.0	0.05154639175257732	0.023809523809523808	0.03787878787878788	0.011111111111111112	0.010101010101010102	1.0	0.05555555555555555	0.06896551724137931	0.0	0.02127659574468085	0.04081632653061224	0.07042253521126761	0.04225352112676056	0.016666666666666666	0.078125	0.0	0.0	0.05405405405405406	0.0	0.0	0.0	0.0	0.014084507042253521
mk	0.0	0.1891891891891892	0.0	0.06666666666666667	0.017241379310344827	0.0	0.02857142857142857	0.01694915254237288	0.023529411764705882	0.014705882352941176	0.05555555555555555	0.0	0.0891089108910891	0.10869565217391304	0.04316546762589928	0.020618556701030927	0.08	0.05555555555555555	1.0	0.08333333333333333	0.041666666666666664	0.0	0.017241379310344827	0.09090909090909091	0.09333333333333334	0.029850746268656716	0.08450704225352113	0.0	0.10256410256410256	0.09302325581395349	0.020833333333333332	0.0	0.0	0.0	0.020134228187919462
ml	0.05263157894736842	0.125	0.0	0.13636363636363635	0.0196078431372549	0.015625	0.031746031746031744	0.01764705882352941	0.0	0.015503875968992248	0.0	0.0	0.061855670103092786	0.047619047619047616	0.022222222222222223	0.022222222222222223	0.06315789473684211	0.06896551724137931	0.08333333333333333	1.0	0.0	0.0	0.0	0.02666666666666667	0.08695652173913043	0.01639344262295082	0.14754098360655737	0.0	0.02857142857142857	0.1111111111111111	0.0	0.0	0.0	0.0	0.03571428571428571
mr	0.0	0.015151515151515152	0.0	0.0	0.0	0.0	0.02	0.0	0.0	0.0	0.0	0.0	0.0	0.0	0.0	0.0	0.011627906976744186	0.0	0.041666666666666664	0.0	1.0	0.0	0.0	0.016129032258064516	0.0	0.02127659574468085	0.0	0.0	0.047619047619047616	0.0	0.0	0.0	0.0	0.0	0.0
nl	0.0	0.0425531914893617	0.0	0.0	0.06153846153846154	0.012345679012345678	0.0379746835443038	0.03825136612021858	0.031914893617021274	0.020689655172413793	0.03076923076923077	0.0	0.034482758620689655	0.03389830508474576	0.03333333333333333	0.018691588785046728	0.02608695652173913	0.02127659574468085	0.0	0.0	0.0	1.0	0.0	0.021739130434782608	0.022222222222222223	0.025974025974025976	0.023529411764705882	0.0	0.0	0.03636363636363636	0.03508771929824561	0.0	0.01639344262295082	0.0	0.038461538461538464
pl	0.02564102564102564	0.052083333333333336	0.0	0.0	0.043478260869565216	0.011904761904761904	0.011904761904761904	0.010471204188481676	0.02040816326530612	0.027210884353741496	0.014492753623188406	0.0	0.05128205128205128	0.015873015873015872	0.032679738562091505	0.04672897196261682	0.05217391304347826	0.04081632653061224	0.017241379310344827	0.0	0.0	0.0	1.0	0.0898876404494382	0.03260869565217391	0.025	0.034482758620689655	0.0	0.037037037037037035	0.01694915254237288	0.01639344262295082	0.0	0.031746031746031744	0.0	0.03773584905660377
pt	0.031746031746031744	0.125	0.0	0.04477611940298507	0.021052631578947368	0.018518518518518517	0.03773584905660377	0.03317535545023697	0.02459016393442623	0.04142011834319527	0.05555555555555555	0.0	0.08029197080291971	0.07228915662650602	0.07017543859649122	0.04580152671755725	0.08148148148148149	0.07042253521126761	0.09090909090909091	0.02666666666666667	0.016129032258064516	0.021739130434782608	0.0898876404494382	1.0	0.08108108108108109	0.01904761904761905	0.12745098039215685	0.0	0.038461538461538464	0.024096385542168676	0.023529411764705882	0.0	0.046511627906976744	0.0	0.09195402298850575
ro	0.0	0.16981132075471697	0.0	0.046153846153846156	0.05555555555555555	0.038461538461538464	0.08	0.023696682464454975	0.03361344537815126	0.017543859649122806	0.03333333333333333	0.01694915254237288	0.12307692307692308	0.0875	0.05847953216374269	0.022727272727272728	0.11627906976744186	0.04225352112676056	0.09333333333333334	0.08695652173913043	0.0	0.022222222222222223	0.03260869565217391	0.08108108108108109	1.0	0.029411764705882353	0.18947368421052632	0.0	0.039473684210526314	0.1527777777777778	0.036585365853658534	0.0	0.07317073170731707	0.0	0.062146892655367235
ru	0.0	0.027777777777777776	0.0	0.0	0.012345679012345678	0.010638297872340425	0.021505376344086023	0.025252525252525252	0.018518518518518517	0.025477707006369428	0.02564102564102564	0.0	0.023076923076923078	0.0	0.012048192771084338	0.016666666666666666	0.031496062992125984	0.016666666666666666	0.029850746268656716	0.01639344262295082	0.02127659574468085	0.025974025974025976	0.025	0.01904761904761905	0.029411764705882353	1.0	0.02040816326530612	0.0	0.0	0.014492753623188406	0.0	0.0	0.013513513513513514	0.0	0.041666666666666664
sh	0.0	0.25263157894736843	0.0	0.05	0.046511627906976744	0.03	0.10752688172043011	0.024271844660194174	0.02608695652173913	0.049689440993788817	0.060240963855421686	0.0	0.09302325581395349	0.06493506493506493	0.06666666666666667	0.04838709677419355	0.17796610169491525	0.078125	0.08450704225352113	0.14754098360655737	0.0	0.023529411764705882	0.034482758620689655	0.12745098039215685	0.18947368421052632	0.02040816326530612	1.0	0.0	0.04225352112676056	0.13043478260869565	0.012658227848101266	0.0	0.05063291139240506	0.0	0.07017543859649122
si	0.0	0.0	0.0	0.0	0.0	0.0	0.0	0.0	0.0	0.0	0.0	0.0	0.0	0.0	0.0	0.0	0.0	0.0	0.0	0.0	0.0	0.0	0.0	0.0	0.0	0.0	0.0	0.0	0.0	0.0	0.0	0.0	0.0	0.0	0.0
simple	0.0	0.0759493670886076	0.0	0.0	0.01818181818181818	0.0	0.014705882352941176	0.011428571428571429	0.024390243902439025	0.007462686567164179	0.038461538461538464	0.0	0.07	0.14285714285714285	0.05185185185185185	0.0	0.10526315789473684	0.0	0.10256410256410256	0.02857142857142857	0.047619047619047616	0.0	0.037037037037037035	0.038461538461538464	0.039473684210526314	0.0	0.04225352112676056	0.0	1.0	0.023255813953488372	0.022222222222222223	0.0	0.020833333333333332	0.0	0.04195804195804196
sr	0.0	0.09876543209876543	0.0	0.1	0.05263157894736842	0.028169014084507043	0.04285714285714286	0.0111731843575419	0.023255813953488372	0.014598540145985401	0.0	0.0	0.08823529411764706	0.061224489795918366	0.013888888888888888	0.030927835051546393	0.04807692307692308	0.05405405405405406	0.09302325581395349	0.1111111111111111	0.0	0.03636363636363636	0.01694915254237288	0.024096385542168676	0.1527777777777778	0.014492753623188406	0.13043478260869565	0.0	0.023255813953488372	1.0	0.02040816326530612	0.0	0.0392156862745098	0.0	0.05517241379310345
sv	0.0	0.02247191011235955	0.0	0.029411764705882353	0.03333333333333333	0.0	0.013513513513513514	0.005494505494505495	0.011235955056179775	0.0	0.034482758620689655	0.0	0.046296296296296294	0.018867924528301886	0.027777777777777776	0.030303030303030304	0.00909090909090909	0.0	0.020833333333333332	0.0	0.0	0.03508771929824561	0.01639344262295082	0.023529411764705882	0.036585365853658534	0.0	0.012658227848101266	0.0	0.022222222222222223	0.02040816326530612	1.0	0.0	0.0	0.0	0.026490066225165563
te	0.0	0.0	0.0	0.0	0.0	0.0	0.0	0.0	0.0	0.0	0.0	0.0	0.0	0.0	0.0	0.0	0.0	0.0	0.0	0.0	0.0	0.0	0.0	0.0	0.0	0.0	0.0	0.0	0.0	0.0	0.0	0.0	0.0	0.0	0.0
vi	0.0	0.03296703296703297	0.0	0.0	0.015625	0.02631578947368421	0.0684931506849315	0.02197802197802198	0.02197802197802198	0.006993006993006993	0.0	0.0	0.07407407407407407	0.017857142857142856	0.013422818791946308	0.029411764705882353	0.05555555555555555	0.0	0.0	0.0	0.0	0.01639344262295082	0.031746031746031744	0.046511627906976744	0.07317073170731707	0.013513513513513514	0.05063291139240506	0.0	0.020833333333333332	0.0392156862745098	0.0	0.0	1.0	0.0	0.032679738562091505
war	0.0	0.0	0.0	0.0	0.0	0.0	0.0	0.0	0.0	0.0	0.0	0.0	0.0	0.0	0.0	0.0	0.0	0.0	0.0	0.0	0.0	0.0	0.0	0.0	0.0	0.0	0.0	0.0	0.0	0.0	0.0	0.0	0.0	0.0	0.0
zh	0.007575757575757576	0.096045197740113	0.0	0.014705882352941176	0.024844720496894408	0.05952380952380952	0.0658682634730539	0.043795620437956206	0.03208556149732621	0.05172413793103448	0.04487179487179487	0.0	0.08542713567839195	0.053691275167785234	0.10572687224669604	0.06217616580310881	0.12041884816753927	0.014084507042253521	0.020134228187919462	0.03571428571428571	0.0	0.038461538461538464	0.03773584905660377	0.09195402298850575	0.062146892655367235	0.041666666666666664	0.07017543859649122	0.0	0.04195804195804196	0.05517241379310345	0.026490066225165563	0.0	0.032679738562091505	0.0	1.0
