arz	bs	ceb	ckb	da	de	el	en	es	fr	he	hi	hu	id	it	ja	ko	lv	mk	ml	mr	nl	pl	pt	ro	ru	sh	si	simple	sr	sv	te	vi	war	zh
arz	1.0	0.0	0.0	0.0	0.0	0.0	0.0	3.510977069808757e-06	0.0	2.002803925495694e-05	0.0	0.0	0.0	0.0	1.7082628674900495e-05	3.618992472495657e-05	0.0	0.0	0.0	0.0	0.0	0.0	0.0	2.1557299301543504e-05	0.0	0.0	0.0	0.004524886877828055	0.00033967391304347825	0.00026232948583420777	0.00010154861640010154	0.0	0.0	0.0	7.150774071293217e-05
bs	0.0	1.0	0.0013986013986013986	0.0013404825737265416	0.0010964912280701754	8.876264867743653e-05	0.0003379520108144643	3.152563033746436e-05	0.0001862081807460741	5.929205288851118e-05	0.00029717682020802375	0.0008536064874093043	0.0007380073800738007	0.0006775067750677507	0.0001013462155634005	0.0002473935324262237	0.0006851192107426692	0.0016366612111292963	0.0004784688995215311	0.0006901311249137336	0.0	0.000249003984063745	6.674676278200507e-05	0.00014877473379949416	0.0005022601707684581	1.7325617658269516e-05	0.00034258307639602604	0.0022497187851518562	0.0008307947936859596	0.0002231644722160232	0.0003438282823321381	0.0012062726176115801	0.0002244668911335578	0.0	0.0002794076557697681
ceb	0.0	0.0013986013986013986	1.0	0.0	0.0	0.0	0.0	0.0	0.0	0.0	0.0	0.0	0.0	0.0004450378282153983	0.0	0.0	0.0	0.0	0.0	0.0	0.0	0.0	0.0	0.0	0.0	0.0	0.0	0.01092896174863388	0.0	0.0	0.0	0.0	0.0	0.0	0.0
ckb	0.0	0.0013404825737265416	0.0	1.0	0.0	0.0	0.00043782837127845885	0.0	0.0	2.0030446278343083e-05	0.0	0.0	0.0	0.0	0.0	0.0	0.0	0.0	0.0	0.0	0.0	0.0	6.989585517578807e-05	2.1560087965158897e-05	0.0	1.753063478428554e-05	0.0	0.0	0.0	0.0	0.00010157956219208695	0.0	0.0	0.0	0.0
da	0.0	0.0010964912280701754	0.0	0.0	1.0	4.35976806033919e-05	0.000594883997620464	5.246956765076256e-05	6.054368226675546e-05	0.00011765167261461234	0.00042058040095331557	0.0010924981791697013	0.0016072002571520412	0.0002978850163836759	0.00011743784182800389	0.0003833420456525527	0.0007791195948578107	0.0024630541871921183	0.001203852327447833	0.0016207455429497568	0.0	0.00011852554225435582	0.0001950078003120125	0.00037939465475086417	0.000835421888053467	0.00030978401170295156	0.0006020469596628537	0.0007727975270479134	0.00049800796812749	0.0004095004095004095	0.00038531933339755323	0.0	0.001442406758705955	0.0	0.00030997072498708454
de	0.0	8.876264867743653e-05	0.0	0.0	4.35976806033919e-05	1.0	0.0001246416552411816	0.0006004849568727788	0.0006182297126575814	0.0009211958797420652	0.00043115837884449555	0.00034116593458143204	0.00016792611251049538	0.00012467273407305821	0.0009096799920247234	0.0010534419188849722	0.0004224905819807767	0.00022390398996910126	8.620318089737511e-05	8.865248226950355e-05	0.0001355197181189863	0.0003775527715805732	0.0004989328380962941	0.0012631455261147993	0.00017316017316017316	0.0010667073031353576	0.0002080992217089108	0.0	0.0003236507808075087	0.0002344849148038143	0.0011344162583572688	0.0	0.00031298904538341156	0.0	0.0011469966797464533
el	0.0	0.0003379520108144643	0.0	0.00043782837127845885	0.000594883997620464	0.0001246416552411816	1.0	6.271536631000205e-05	0.00011331444759206799	0.000326164118109783	0.00024189646831156264	0.0015475883415011606	0.0007063809748057452	0.00089126559714795	0.0003293427964496847	0.00046938912358345067	0.000905694554511491	0.0014503263234227702	0.001103448275862069	0.0023482053002348204	0.00156128024980484	0.0013599748927712104	0.0004844667837461394	0.0004323211528564076	0.0011344299489506524	0.0004389593287298881	0.0017977528089887641	0.0	0.0013605442176870747	0.0013306719893546241	0.0009139097057210748	0.0	0.0011691999331885753	0.0	0.0007295397267542115
en	3.510977069808757e-06	3.152563033746436e-05	0.0	0.0	5.246956765076256e-05	0.0006004849568727788	6.271536631000205e-05	1.0	0.0006033293111379257	0.0013733879895873851	0.00025109380589416914	8.030978627121663e-05	5.9282197207459793e-05	0.00011150175441041705	0.0018006134342688546	0.0009581122305109078	0.00020939820329476057	2.1031452537269487e-05	5.941085401355267e-05	2.1014804930073237e-05	1.4030509342565408e-05	0.000301354382480352	0.000454977318042527	0.0016122494661125126	4.195085457386672e-05	0.0017057144364401565	7.317889102617714e-05	7.018578176433018e-06	0.00016340096510867902	8.66473038824924e-05	0.0006705431070469479	0.0	0.00019066107394183105	0.0	0.0009250368094232123
es	0.0	0.0001862081807460741	0.0	0.0	6.054368226675546e-05	0.0006182297126575814	0.00011331444759206799	0.0006033293111379257	1.0	0.0008737640836974017	0.0004202661685734298	0.0002348382551517642	0.0003448672261179446	0.00039684789387153466	0.0012735919357242539	0.00156078924686095	0.0007735007735007735	6.283380458686774e-05	0.00023839322963227844	0.00024786218862312553	0.0001908761213972132	0.0008367463777689699	0.0006069393397848738	0.00110242858532473	0.0004797313504437515	0.0013136788539189115	0.00028397796331004716	6.417661404184315e-05	0.00016390755613833797	0.0005740228565464698	0.0008564576909900651	0.0	0.00031344687075540695	0.0	0.0013402967139621944
fr	2.002803925495694e-05	5.929205288851118e-05	0.0	2.0030446278343083e-05	0.00011765167261461234	0.0009211958797420652	0.000326164118109783	0.0013733879895873851	0.0008737640836974017	1.0	0.00041154472417556854	0.00021354247553968009	0.00011564258731015342	0.00023023791250959325	0.002284076197521731	0.0015641360410553393	0.0005668833814593704	5.9524990575209825e-05	0.00023411436486723763	0.00011852554225435582	5.9757385016831667e-05	0.000682140171059766	0.0009828699803426004	0.0020929869318477637	0.0002736726874657909	0.001883856939341681	0.00023038820412394885	3.994647172788463e-05	0.0002273588480485032	0.0005780454604784724	0.001670795644408596	1.999720039194513e-05	0.0006716668532407926	0.0	0.0016733601070950468
he	0.0	0.00029717682020802375	0.0	0.0	0.00042058040095331557	0.00043115837884449555	0.00024189646831156264	0.00025109380589416914	0.0004202661685734298	0.00041154472417556854	1.0	0.0007844162635638645	0.0009982530571499876	0.0006054001695120475	0.0008531893770166295	0.0013406023773348825	0.001190665184949992	0.000765814060346148	0.0005407597674733	0.0002959455460195324	0.00047355958958168905	0.0010502625656414104	0.0006903693476009665	0.001166191905481102	0.0005480953685941354	0.0008892700046051482	0.0006079027355623101	0.00016129032258064516	0.0012341523617188377	0.001226993865030675	0.0015603058199407083	0.0	0.0009224146766424106	0.0	0.0018295561850802645
hi	0.0	0.0008536064874093043	0.0	0.0	0.0010924981791697013	0.00034116593458143204	0.0015475883415011606	8.030978627121663e-05	0.0002348382551517642	0.00021354247553968009	0.0007844162635638645	1.0	0.0008259911894273128	0.0007743933918430562	9.979044007584074e-05	0.0005477763702968263	0.0009734728644439036	0.0	0.0006640106241699867	0.00042158516020236085	0.002054442732408834	0.0006703161657915317	0.00025154068670607473	0.0002710140093395597	0.00034317089910775565	0.00020467337540508272	0.00078125	0.0	0.0011032656663724624	0.00037016472330186933	0.00042293233082706767	0.001142204454597373	0.0005580357142857143	0.0	0.0008463673911571535
hu	0.0	0.0007380073800738007	0.0	0.0	0.0016072002571520412	0.00016792611251049538	0.0007063809748057452	5.9282197207459793e-05	0.0003448672261179446	0.00011564258731015342	0.0009982530571499876	0.0008259911894273128	1.0	0.0004714757190004715	0.00031415343915343916	0.0004733247684089526	0.000815280689494526	0.0003979307600477517	0.0008880994671403197	0.0010960906101571063	0.0012958963282937365	0.000321853878339234	0.0001843884449907806	0.00037243947858472997	0.0009149130832570906	0.0005765154726579059	0.0019038553069966682	0.0	0.0016339869281045752	0.0003466204506065858	0.0009243852837862821	0.00047192071731949034	0.0010452961672473868	0.0	0.0010703057060672955
id	0.0	0.0006775067750677507	0.0004450378282153983	0.0	0.0002978850163836759	0.00012467273407305821	0.00089126559714795	0.00011150175441041705	0.00039684789387153466	0.00023023791250959325	0.0006054001695120475	0.0007743933918430562	0.0004714757190004715	1.0	0.00036232480772081224	0.0005030349776987827	0.0004529498358056845	0.0007262164124909223	0.0008287292817679558	0.0003354579000335458	0.00039077764751856197	0.0004183225266680611	0.00024226273393495245	0.0003499886768369259	0.0008520306731042318	0.000557262994359823	0.0008992805755395684	0.00041288191577208916	0.0007779074290159471	0.0004990850108135085	0.0008684126331185155	0.0	0.0006684491978609625	0.00044543429844097997	0.0006633059166887769
it	1.7082628674900495e-05	0.0001013462155634005	0.0	0.0	0.00011743784182800389	0.0009096799920247234	0.0003293427964496847	0.0018006134342688546	0.0012735919357242539	0.002284076197521731	0.0008531893770166295	9.979044007584074e-05	0.00031415343915343916	0.00036232480772081224	1.0	0.0019552845055341534	0.0008610880462527294	0.00010168629777137531	0.00021715526601520088	0.00010129830662997417	5.100999795960008e-05	0.0007906460490504645	0.0011969786607597375	0.002610641471904525	0.00015057721264848586	0.0025953284088640447	0.00034604356853310485	3.408548639989093e-05	0.0003910259543477198	0.00040164513848724376	0.001974384286978038	1.7060188344479325e-05	0.00041789221595383896	1.7094017094017095e-05	0.0023427080313134243
ja	3.618992472495657e-05	0.0002473935324262237	0.0	0.0	0.0003833420456525527	0.0010534419188849722	0.00046938912358345067	0.0009581122305109078	0.00156078924686095	0.0015641360410553393	0.0013406023773348825	0.0005477763702968263	0.0004733247684089526	0.0005030349776987827	0.0019552845055341534	1.0	0.0018757876842814855	0.00010675776662752215	0.00044892603080323224	0.00010590602605288241	0.00014334862385321102	0.000802614229203692	0.0011239716854792425	0.0025083725407780023	0.00045046605911500744	0.0019067244605509368	0.0004700194722352783	0.0002881532975542989	0.000689134643783021	0.0006381213706847042	0.002588914353620236	3.60893572485474e-05	0.000830405621207282	0.0	0.003270749381087479
ko	0.0	0.0006851192107426692	0.0	0.0	0.0007791195948578107	0.0004224905819807767	0.000905694554511491	0.00020939820329476057	0.0007735007735007735	0.0005668833814593704	0.001190665184949992	0.0009734728644439036	0.000815280689494526	0.0004529498358056845	0.0008610880462527294	0.0018757876842814855	1.0	0.0008451894633046908	0.0007532011046949536	0.0006825006825006825	0.0002895613146083683	0.0010071217897992951	0.0008154650549239699	0.0010589414367566136	0.0006354855109303507	0.0008655283657250767	0.0010236578707916288	0.0	0.001159848165331084	0.0009659036028204385	0.0020233641291898907	0.00014903129657228018	0.0017443550731660045	0.0	0.0017992396761368583
lv	0.0	0.0016366612111292963	0.0	0.0	0.0024630541871921183	0.00022390398996910126	0.0014503263234227702	2.1031452537269487e-05	6.283380458686774e-05	5.9524990575209825e-05	0.000765814060346148	0.0	0.0003979307600477517	0.0007262164124909223	0.00010168629777137531	0.00010675776662752215	0.0008451894633046908	1.0	0.0010576414595452142	0.0007993605115907274	0.0012062726176115801	0.0	0.000270617684865706	0.00014940345335410753	0.0011160714285714285	0.00010432061201425715	0.0	0.002894356005788712	0.00029282576866764275	0.00046707146193367583	9.917683229197659e-05	0.001584786053882726	0.0	0.0	0.00028135330941830204
mk	0.0	0.0004784688995215311	0.0	0.0	0.001203852327447833	8.620318089737511e-05	0.001103448275862069	5.941085401355267e-05	0.00023839322963227844	0.00023411436486723763	0.0005407597674733	0.0006640106241699867	0.0008880994671403197	0.0008287292817679558	0.00021715526601520088	0.00044892603080323224	0.0007532011046949536	0.0010576414595452142	1.0	0.0014177693761814746	0.0011799410029498525	0.0003448275862068965	0.00012779552715654952	0.0003772873042822109	0.00037593984962406017	0.00025696811882205815	0.0011157601115760112	0.0	0.0014028524666822538	0.0019451468585878235	0.0007612160426280984	0.0	0.0009765625	0.0	0.0007170172084130019
ml	0.0	0.0006901311249137336	0.0	0.0	0.0016207455429497568	8.865248226950355e-05	0.0023482053002348204	2.1014804930073237e-05	0.00024786218862312553	0.00011852554225435582	0.0002959455460195324	0.00042158516020236085	0.0010960906101571063	0.0003354579000335458	0.00010129830662997417	0.00010590602605288241	0.0006825006825006825	0.0007993605115907274	0.0014177693761814746	1.0	0.0009478672985781991	0.0004964010920824026	0.00019989339019189765	0.00014868625076998237	0.0004952947003467063	0.00022517061003914505	0.00033932813030200206	0.0	0.0008244023083264633	0.0006656312402928778	0.00014712373105781962	0.0011668611435239206	0.0	0.0	0.00038385036814739856
mr	0.0	0.0	0.0	0.0	0.0	0.0001355197181189863	0.00156128024980484	1.4030509342565408e-05	0.0001908761213972132	5.9757385016831667e-05	0.00047355958958168905	0.002054442732408834	0.0012958963282937365	0.00039077764751856197	5.100999795960008e-05	0.00014334862385321102	0.0002895613146083683	0.0012062726176115801	0.0011799410029498525	0.0009478672985781991	1.0	0.00013090718680455556	0.0	6.429352135616468e-05	0.0006261740763932373	8.722958827634333e-05	0.000792393026941363	0.0020161290322580645	0.00031065548306927616	0.00024467824810374357	0.0001502328609344484	0.0	0.0002462447672986949	0.0	0.0003541578127213486
nl	0.0	0.000249003984063745	0.0	0.0	0.00011852554225435582	0.0003775527715805732	0.0013599748927712104	0.000301354382480352	0.0008367463777689699	0.000682140171059766	0.0010502625656414104	0.0006703161657915317	0.000321853878339234	0.0004183225266680611	0.0007906460490504645	0.000802614229203692	0.0010071217897992951	0.0	0.0003448275862068965	0.0004964010920824026	0.00013090718680455556	1.0	0.000463284688441047	0.0009884924557509746	0.0001162385214460072	0.0008712563204978607	0.00010492078480747036	0.0	0.0007829320806420043	0.00018031013342949875	0.0011875603057967788	0.0	0.000813816800795732	0.0	0.0012212786503450822
pl	0.0	6.674676278200507e-05	0.0	6.989585517578807e-05	0.0001950078003120125	0.0004989328380962941	0.0004844667837461394	0.000454977318042527	0.0006069393397848738	0.0009828699803426004	0.0006903693476009665	0.00025154068670607473	0.0001843884449907806	0.00024226273393495245	0.0011969786607597375	0.0011239716854792425	0.0008154650549239699	0.000270617684865706	0.00012779552715654952	0.00019989339019189765	0.0	0.000463284688441047	1.0	0.0010072987879388355	0.00012860909266285126	0.001109534978441314	0.000424911982517907	0.0	0.0005242922055225446	0.0004990573361428413	0.0009440920489747751	0.0	0.0004997778764993336	0.0	0.0008537886872998933
pt	2.1557299301543504e-05	0.00014877473379949416	0.0	2.1560087965158897e-05	0.00037939465475086417	0.0012631455261147993	0.0004323211528564076	0.0016122494661125126	0.00110242858532473	0.0020929869318477637	0.001166191905481102	0.0002710140093395597	0.00037243947858472997	0.0003499886768369259	0.002610641471904525	0.0025083725407780023	0.0010589414367566136	0.00014940345335410753	0.0003772873042822109	0.00014868625076998237	6.429352135616468e-05	0.0009884924557509746	0.0010072987879388355	1.0	0.0003150400100812803	0.002570569405373945	0.0003914539423532563	2.1493358552207367e-05	0.0006298380706637681	0.0005390189854464874	0.002110441370724079	2.1521575379317765e-05	0.000499330896598558	0.0	0.002727002727002727
ro	0.0	0.0005022601707684581	0.0	0.0	0.000835421888053467	0.00017316017316017316	0.0011344299489506524	4.195085457386672e-05	0.0004797313504437515	0.0002736726874657909	0.0005480953685941354	0.00034317089910775565	0.0009149130832570906	0.0008520306731042318	0.00015057721264848586	0.00045046605911500744	0.0006354855109303507	0.0011160714285714285	0.00037593984962406017	0.0004952947003467063	0.0006261740763932373	0.0001162385214460072	0.00012860909266285126	0.0003150400100812803	1.0	0.00015442690459849004	0.0008603383997705764	0.0013708019191226869	0.0014360938247965534	0.00039603960396039607	0.00038226299694189603	0.0	0.0015942606616181746	0.0	0.0005137866072957698
ru	0.0	1.7325617658269516e-05	0.0	1.753063478428554e-05	0.00030978401170295156	0.0010667073031353576	0.0004389593287298881	0.0017057144364401565	0.0013136788539189115	0.001883856939341681	0.0008892700046051482	0.00020467337540508272	0.0005765154726579059	0.000557262994359823	0.0025953284088640447	0.0019067244605509368	0.0008655283657250767	0.00010432061201425715	0.00025696811882205815	0.00022517061003914505	8.722958827634333e-05	0.0008712563204978607	0.001109534978441314	0.002570569405373945	0.00015442690459849004	1.0	0.000456158134820071	5.246130978403427e-05	0.0005511206119108855	0.0007409358843481411	0.0023796759979602777	1.75051640233869e-05	0.0009061254077564335	0.0	0.0027981109799291616
sh	0.0	0.00034258307639602604	0.0	0.0	0.0006020469596628537	0.0002080992217089108	0.0017977528089887641	7.317889102617714e-05	0.00028397796331004716	0.00023038820412394885	0.0006079027355623101	0.00078125	0.0019038553069966682	0.0008992805755395684	0.00034604356853310485	0.0004700194722352783	0.0010236578707916288	0.0	0.0011157601115760112	0.00033932813030200206	0.000792393026941363	0.00010492078480747036	0.000424911982517907	0.0003914539423532563	0.0008603383997705764	0.000456158134820071	1.0	0.0004187604690117253	0.0009790483649892304	0.0018428547495392862	0.0009155832265152902	0.0	0.0011770640659155877	0.0	0.0011294180175391974
si	0.004524886877828055	0.0022497187851518562	0.01092896174863388	0.0	0.0007727975270479134	0.0	0.0	7.018578176433018e-06	6.417661404184315e-05	3.994647172788463e-05	0.00016129032258064516	0.0	0.0	0.00041288191577208916	3.408548639989093e-05	0.0002881532975542989	0.0	0.002894356005788712	0.0	0.0	0.0020161290322580645	0.0	0.0	2.1493358552207367e-05	0.0013708019191226869	5.246130978403427e-05	0.0004187604690117253	1.0	0.0	0.0	0.0	0.0	0.00025484199796126404	0.0	0.00014232342999466287
simple	0.00033967391304347825	0.0008307947936859596	0.0	0.0	0.00049800796812749	0.0003236507808075087	0.0013605442176870747	0.00016340096510867902	0.00016390755613833797	0.0002273588480485032	0.0012341523617188377	0.0011032656663724624	0.0016339869281045752	0.0007779074290159471	0.0003910259543477198	0.000689134643783021	0.001159848165331084	0.00029282576866764275	0.0014028524666822538	0.0008244023083264633	0.00031065548306927616	0.0007829320806420043	0.0005242922055225446	0.0006298380706637681	0.0014360938247965534	0.0005511206119108855	0.0009790483649892304	0.0	1.0	0.0005997001499250374	0.0012872297927116162	0.0	0.0013556258472661546	0.0	0.0013966026827763162
sr	0.00026232948583420777	0.0002231644722160232	0.0	0.0	0.0004095004095004095	0.0002344849148038143	0.0013306719893546241	8.66473038824924e-05	0.0005740228565464698	0.0005780454604784724	0.001226993865030675	0.00037016472330186933	0.0003466204506065858	0.0004990850108135085	0.00040164513848724376	0.0006381213706847042	0.0009659036028204385	0.00046707146193367583	0.0019451468585878235	0.0006656312402928778	0.00024467824810374357	0.00018031013342949875	0.0004990573361428413	0.0005390189854464874	0.00039603960396039607	0.0007409358843481411	0.0018428547495392862	0.0	0.0005997001499250374	1.0	0.0006834686031610423	0.00025713551041398817	0.0009322146757224664	0.0	0.0009156641722711629
sv	0.00010154861640010154	0.0003438282823321381	0.0	0.00010157956219208695	0.00038531933339755323	0.0011344162583572688	0.0009139097057210748	0.0006705431070469479	0.0008564576909900651	0.001670795644408596	0.0015603058199407083	0.00042293233082706767	0.0009243852837862821	0.0008684126331185155	0.001974384286978038	0.002588914353620236	0.0020233641291898907	9.917683229197659e-05	0.0007612160426280984	0.00014712373105781962	0.0001502328609344484	0.0011875603057967788	0.0009440920489747751	0.002110441370724079	0.00038226299694189603	0.0023796759979602777	0.0009155832265152902	0.0	0.0012872297927116162	0.0006834686031610423	1.0	0.00010115314586283633	0.001026694045174538	0.0	0.0030354131534569982
te	0.0	0.0012062726176115801	0.0	0.0	0.0	0.0	0.0	0.0	0.0	1.999720039194513e-05	0.0	0.001142204454597373	0.00047192071731949034	0.0	1.7060188344479325e-05	3.60893572485474e-05	0.00014903129657228018	0.001584786053882726	0.0	0.0011668611435239206	0.0	0.0	0.0	2.1521575379317765e-05	0.0	1.75051640233869e-05	0.0	0.0	0.0	0.00025713551041398817	0.00010115314586283633	1.0	0.0	0.0	3.565443719470888e-05
vi	0.0	0.0002244668911335578	0.0	0.0	0.001442406758705955	0.00031298904538341156	0.0011691999331885753	0.00019066107394183105	0.00031344687075540695	0.0006716668532407926	0.0009224146766424106	0.0005580357142857143	0.0010452961672473868	0.0006684491978609625	0.00041789221595383896	0.000830405621207282	0.0017443550731660045	0.0	0.0009765625	0.0	0.0002462447672986949	0.000813816800795732	0.0004997778764993336	0.000499330896598558	0.0015942606616181746	0.0009061254077564335	0.0011770640659155877	0.00025484199796126404	0.0013556258472661546	0.0009322146757224664	0.001026694045174538	0.0	1.0	0.0	0.0010113140762277985
war	0.0	0.0	0.0	0.0	0.0	0.0	0.0	0.0	0.0	0.0	0.0	0.0	0.0	0.00044543429844097997	1.7094017094017095e-05	0.0	0.0	0.0	0.0	0.0	0.0	0.0	0.0	0.0	0.0	0.0	0.0	0.0	0.0	0.0	0.0	0.0	0.0	1.0	0.0
zh	7.150774071293217e-05	0.0002794076557697681	0.0	0.0	0.00030997072498708454	0.0011469966797464533	0.0007295397267542115	0.0009250368094232123	0.0013402967139621944	0.0016733601070950468	0.0018295561850802645	0.0008463673911571535	0.0010703057060672955	0.0006633059166887769	0.0023427080313134243	0.003270749381087479	0.0017992396761368583	0.00028135330941830204	0.0007170172084130019	0.00038385036814739856	0.0003541578127213486	0.0012212786503450822	0.0008537886872998933	0.002727002727002727	0.0005137866072957698	0.0027981109799291616	0.0011294180175391974	0.00014232342999466287	0.0013966026827763162	0.0009156641722711629	0.0030354131534569982	3.565443719470888e-05	0.0010113140762277985	0.0	1.0
