arz	bs	ceb	ckb	da	de	el	en	es	fr	he	hi	hu	id	it	ja	ko	lv	mk	ml	mr	nl	pl	pt	ro	ru	sh	si	simple	sr	sv	te	tr	vi	war	zh
arz	0.5	0.125	0.0	0.1	0.09090909090909091	0.015873015873015872	0.1	0.0072992700729927005	0.0196078431372549	0.014084507042253521	0.03125	0.07142857142857142	0.05	0.08333333333333333	0.02127659574468085	0.017857142857142856	0.023809523809523808	0.14285714285714285	0.125	0.2	0.3333333333333333	0.023255813953488372	0.02702702702702703	0.022727272727272728	0.07692307692307693	0.01694915254237288	0.125	0.125	0.07692307692307693	0.0625	0.03225806451612903	0.5	0.05555555555555555	0.0625	0.25	0.02
bs	0.125	1.0	0.013888888888888888	0.0005773672055427252	0.002886836027713626	0.21460145715528492	0.04725609925316915	0.14264976158145357	0.08875654529621553	0.3628975208948364	0.0074455899198167235	0.0005773672055427252	0.04257835865102778	0.02926842084588449	0.040877759825223986	0.03708050665524419	0.04454276552686799	0.0005773672055427252	0.48385236447520186	0.0005773672055427252	0.1875	0.5096439688933313	0.4629142585376671	0.46264101681225445	0.06940456318308641	0.46748697029296554	0.42774889979945535	0.1875	0.0023094688221709007	0.5043051716142843	0.038639447007319756	0.125	0.18421052631578946	0.07569040630290015	0.25	0.2738219668261635
ceb	0.0	0.013888888888888888	0.5	0.0	0.0048543689320388345	0.0011389521640091116	0.0	0.00035587188612099647	0.0007639419404125286	0.0003184713375796178	0.0038461538461538464	0.006756756756756757	0.0033783783783783786	0.004651162790697674	0.0015772870662460567	0.0034482758620689655	0.005235602094240838	0.00819672131147541	0.006666666666666667	0.009615384615384616	0.0	0.001006036217303823	0.0022026431718061676	0.002070393374741201	0.006493506493506494	0.0014749262536873156	0.005434782608695652	0.02702702702702703	0.006756756756756757	0.0037593984962406013	0.001838235294117647	0.0	-1.0	0.006993006993006993	0.038461538461538464	0.002631578947368421
ckb	0.1	0.0005773672055427252	0.0	0.5	0.0	0.0012853470437017994	0.006329113924050633	0.001953125	0.0	0.0008278145695364238	0.0	0.0	0.0	0.0	0.0	0.006578947368421052	0.0	0.0	0.0005952380952380953	0.0	0.15	0.0005868544600938967	0.0006031363088057901	0.0006075334143377885	0.0	0.0005980861244019139	0.0006915629322268327	0.15	0.0	0.000580046403712297	0.007142857142857143	0.1	0.2	0.0	0.2	0.0010245901639344263
da	0.09090909090909091	0.002886836027713626	0.0048543689320388345	0.0	0.5	0.005128205128205128	0.012195121951219513	0.007782101167315175	0.012195121951219513	0.003305785123966942	0.06818181818181818	0.1	0.019736842105263157	0.018518518518518517	0.02247191011235955	0.025974025974025976	0.024390243902439025	0.1	0.0017814726840855108	0.1	0.13636363636363635	0.0023446658851113715	0.0024096385542168677	0.0024271844660194173	0.01293103448275862	0.0023894862604540022	0.0020689655172413794	0.13636363636363635	0.14285714285714285	0.002317497103128621	0.020833333333333332	0.09090909090909091	0.13043478260869565	0.015151515151515152	0.18181818181818182	0.00408997955010225
de	0.015873015873015872	0.21460145715528492	0.0011389521640091116	0.0012853470437017994	0.005128205128205128	1.0	0.09791552788113352	0.24918093213166467	0.18165201354150878	0.17810856802646158	0.023017902813299233	0.0012853470437017994	0.09063126390071116	0.06325171250081266	0.09510427275380297	0.09480355433600626	0.09902100427545882	0.0012853470437017994	0.21536670547147846	0.0012853470437017994	0.023809523809523808	0.21491847287752536	0.22640854904419977	0.2297423777568182	0.14429679140425122	0.2042579430964705	0.1717189806290513	0.023809523809523808	0.005141388174807198	0.21486730876225385	0.08846153846153847	0.015873015873015872	0.11489427860696518	0.15759419860731252	0.031746031746031744	0.18112804890968856
el	0.1	0.04725609925316915	0.0	0.006329113924050633	0.012195121951219513	0.09791552788113352	1.0	0.15536749013009338	0.1888861386138614	0.06357541930460756	0.026595744680851064	0.006329113924050633	0.24739315078755642	0.2036954466817671	0.10170873985417918	0.16911888288187343	0.22243788819875776	0.006329113924050633	0.04702380952380952	0.006329113924050633	0.15	0.04719744990525121	0.04836375884911804	0.047747227231983755	0.24364763342195875	0.04127080810046787	0.05045088952147609	0.15	0.006097560975609756	0.04671369753884108	0.15511069423659268	0.1	0.2	0.19248134278809126	0.2	0.07473631341034656
en	0.0072992700729927005	0.14264976158145357	0.00035587188612099647	0.001953125	0.007782101167315175	0.24918093213166467	0.15536749013009338	1.0	0.2822841822548469	0.1788008771625564	0.0390625	0.001953125	0.1548226096552515	0.10455407246258946	0.14965780617839453	0.14867214735854117	0.1657505969142556	0.001953125	0.13646922183507548	0.001953125	0.010948905109489052	0.1446166797989196	0.1521930594029321	0.150529991270732	0.266075326229816	0.13330353298761718	0.14371294850761798	0.010948905109489052	0.0078125	0.13912711600459896	0.1202401845201588	0.0072992700729927005	0.06953958450308816	0.26369077701196997	0.014598540145985401	0.18959856420535434
es	0.0196078431372549	0.08875654529621553	0.0007639419404125286	0.0	0.012195121951219513	0.18165201354150878	0.1888861386138614	0.2822841822548469	1.0	0.1257607768104385	0.03823529411764706	0.003067484662576687	0.2166933989829286	0.15375136034824916	0.15706806282722513	0.17897727272727273	0.23179836799951736	0.003067484662576687	0.09069493521790342	0.003067484662576687	0.029411764705882353	0.09086493850383935	0.09759036144578313	0.09613059250302297	0.326497812975208	0.08013937282229965	0.09477309301986697	0.029411764705882353	0.012269938650306749	0.08776814154002055	0.143646408839779	0.0196078431372549	0.12727272727272726	0.32752336889812106	0.0392156862745098	0.147117296222664
fr	0.014084507042253521	0.3628975208948364	0.0003184713375796178	0.0008278145695364238	0.003305785123966942	0.17810856802646158	0.06357541930460756	0.1788008771625564	0.1257607768104385	1.0	0.011475409836065573	0.0008278145695364238	0.06156609798645033	0.04219790001865839	0.059054127524641606	0.05743127985048338	0.06812523608061	0.0008278145695364238	0.33371824480369516	0.0008278145695364238	0.02112676056338028	0.3635742201593857	0.3572417274976111	0.35749236088351627	0.10358006738272814	0.33287667313656844	0.40307221419475153	0.02112676056338028	0.0033112582781456954	0.34304642904619875	0.055304651225305604	0.014084507042253521	0.11920849420849422	0.10172995965216715	0.028169014084507043	0.39411006586489006
he	0.03125	0.0074455899198167235	0.0038461538461538464	0.0	0.06818181818181818	0.023017902813299233	0.026595744680851064	0.0390625	0.03823529411764706	0.011475409836065573	1.0	0.025	0.022222222222222223	0.014492753623188406	0.08695652173913043	0.07142857142857142	0.04891304347826087	0.025	0.007674144037780401	0.025	0.046875	0.007566938300349243	0.012062726176115802	0.011529126213592233	0.027559055118110236	0.011961722488038277	0.006130790190735695	0.046875	0.045454545454545456	0.007479861910241657	0.03571428571428571	0.03125	0.125	0.024305555555555556	0.0625	0.01417004048582996
hi	0.07142857142857142	0.0005773672055427252	0.006756756756756757	0.0	0.1	0.0012853470437017994	0.006329113924050633	0.001953125	0.003067484662576687	0.0008278145695364238	0.025	0.5	0.006756756756756757	0.00980392156862745	0.005681818181818182	0.006578947368421052	0.006172839506172839	0.5	0.0005952380952380953	0.5	0.10714285714285714	0.0005868544600938967	0.0006031363088057901	0.0006075334143377885	0.0043859649122807015	0.0005980861244019139	0.0	0.10714285714285714	0.125	0.000580046403712297	0.007142857142857143	0.07142857142857142	0.16666666666666666	0.003816793893129771	0.14285714285714285	0.0010245901639344263
hu	0.05	0.04257835865102778	0.0033783783783783786	0.0	0.019736842105263157	0.09063126390071116	0.24739315078755642	0.1548226096552515	0.2166933989829286	0.06156609798645033	0.022222222222222223	0.006756756756756757	1.0	0.30858590712973644	0.13513208762886597	0.20173202760512154	0.4244654466198189	0.006756756756756757	0.042111506524317915	0.006756756756756757	0.075	0.04384471088153475	0.04466880827077712	0.043309993235763365	0.360412195489288	0.037655740386188054	0.04720857080775511	0.075	0.013157894736842105	0.042103489654959164	0.168232428670842	0.05	0.13333333333333333	0.26393297285002376	0.1	0.07802555448408872
id	0.08333333333333333	0.02926842084588449	0.004651162790697674	0.0	0.018518518518518517	0.06325171250081266	0.2036954466817671	0.10455407246258946	0.15375136034824916	0.04219790001865839	0.014492753623188406	0.00980392156862745	0.30858590712973644	1.0	0.10110902170465359	0.21563831848120882	0.2922552278077829	0.00980392156862745	0.029726516052318668	0.00980392156862745	0.125	0.029827375835509144	0.03117215290325853	0.031160374753032655	0.21252373492716078	0.026257888417263692	0.03349736083948437	0.125	0.028846153846153848	0.029378672047903235	0.18954359673024523	0.08333333333333333	0.25595238095238093	0.17825141252729731	0.16666666666666666	0.051798296239771606
it	0.02127659574468085	0.040877759825223986	0.0015772870662460567	0.0	0.02247191011235955	0.09510427275380297	0.10170873985417918	0.14965780617839453	0.15706806282722513	0.059054127524641606	0.08695652173913043	0.005681818181818182	0.13513208762886597	0.10110902170465359	1.0	0.19491525423728814	0.13659779170849037	0.005681818181818182	0.041423570595099185	0.005681818181818182	0.031914893617021274	0.042745731152722774	0.05042016806722689	0.04879518072289157	0.12858292388986742	0.04758723852332639	0.040041542385402445	0.031914893617021274	0.022727272727272728	0.04042558692729341	0.14475167028898012	0.02127659574468085	0.15	0.11948299397110682	0.0425531914893617	0.06946494572504577
ja	0.017857142857142856	0.03708050665524419	0.0034482758620689655	0.006578947368421052	0.025974025974025976	0.09480355433600626	0.16911888288187343	0.14867214735854117	0.17897727272727273	0.05743127985048338	0.07142857142857142	0.006578947368421052	0.20173202760512154	0.21563831848120882	0.19491525423728814	1.0	0.2139640176337424	0.006578947368421052	0.03755868544600939	0.006578947368421052	0.026785714285714284	0.037047329550262915	0.045838359469240045	0.04550970873786408	0.16949468044600657	0.0441527446300716	0.03768506056527591	0.026785714285714284	0.01282051282051282	0.036613272311212815	0.22277227722772278	0.017857142857142856	0.1271186440677966	0.146875	0.03571428571428571	0.07031084323902004
ko	0.023809523809523808	0.04454276552686799	0.005235602094240838	0.0	0.024390243902439025	0.09902100427545882	0.22243788819875776	0.1657505969142556	0.23179836799951736	0.06812523608061	0.04891304347826087	0.006172839506172839	0.4244654466198189	0.2922552278077829	0.13659779170849037	0.2139640176337424	1.0	0.006172839506172839	0.044326241134751775	0.006172839506172839	0.03571428571428571	0.04523218545158517	0.04814809880950795	0.04892005364105075	0.3352160081147125	0.039540103465076956	0.05102471614974771	0.03571428571428571	0.012048192771084338	0.04390525883013731	0.15780296911121636	0.023809523809523808	0.13829787234042554	0.2726733129718204	0.047619047619047616	0.08376938745641138
lv	0.14285714285714285	0.0005773672055427252	0.00819672131147541	0.0	0.1	0.0012853470437017994	0.006329113924050633	0.001953125	0.003067484662576687	0.0008278145695364238	0.025	0.5	0.006756756756756757	0.00980392156862745	0.005681818181818182	0.006578947368421052	0.006172839506172839	0.5	0.0005952380952380953	0.5	0.21428571428571427	0.0005868544600938967	0.0006031363088057901	0.0006075334143377885	0.0043859649122807015	0.0005980861244019139	0.0	0.21428571428571427	0.125	0.000580046403712297	0.007142857142857143	0.14285714285714285	0.19444444444444445	0.003816793893129771	0.2857142857142857	0.0010245901639344263
mk	0.125	0.48385236447520186	0.006666666666666667	0.0005952380952380953	0.0017814726840855108	0.21536670547147846	0.04702380952380952	0.13646922183507548	0.09069493521790342	0.33371824480369516	0.007674144037780401	0.0005952380952380953	0.042111506524317915	0.029726516052318668	0.041423570595099185	0.03755868544600939	0.044326241134751775	0.0005952380952380953	0.5	0.0005952380952380953	0.1875	0.486013986013986	0.4591954022988506	0.461271676300578	0.0665083135391924	0.4632183908045977	0.4045138888888889	0.1875	0.002380952380952381	0.4838150289017341	0.03909952606635071	0.125	0.2222222222222222	0.07591933570581258	0.25	0.2703016241299304
ml	0.2	0.0005773672055427252	0.009615384615384616	0.0	0.1	0.0012853470437017994	0.006329113924050633	0.001953125	0.003067484662576687	0.0008278145695364238	0.025	0.5	0.006756756756756757	0.00980392156862745	0.005681818181818182	0.006578947368421052	0.006172839506172839	0.5	0.0005952380952380953	0.5	0.3	0.0005868544600938967	0.0006031363088057901	0.0006075334143377885	0.0043859649122807015	0.0005980861244019139	0.0	0.3	0.125	0.000580046403712297	0.007142857142857143	0.2	0.1388888888888889	0.003816793893129771	0.4	0.0010245901639344263
mr	0.3333333333333333	0.1875	0.0	0.15	0.13636363636363635	0.023809523809523808	0.15	0.010948905109489052	0.029411764705882353	0.02112676056338028	0.046875	0.10714285714285714	0.075	0.125	0.031914893617021274	0.026785714285714284	0.03571428571428571	0.21428571428571427	0.1875	0.3	0.5	0.03488372093023256	0.04054054054054054	0.03409090909090909	0.11538461538461539	0.025423728813559324	0.1875	0.1	0.11538461538461539	0.09375	0.04838709677419355	0.3333333333333333	0.08333333333333333	0.09375	0.375	0.03
nl	0.023255813953488372	0.5096439688933313	0.001006036217303823	0.0005868544600938967	0.0023446658851113715	0.21491847287752536	0.04719744990525121	0.1446166797989196	0.09086493850383935	0.3635742201593857	0.007566938300349243	0.0005868544600938967	0.04384471088153475	0.029827375835509144	0.042745731152722774	0.037047329550262915	0.04523218545158517	0.0005868544600938967	0.486013986013986	0.0005868544600938967	0.03488372093023256	1.0	0.46928387691487633	0.47011445540616575	0.07023745240204739	0.4773752082747882	0.41833413963868177	0.03488372093023256	0.002347417840375587	0.4930111223751219	0.03985378678225035	0.023255813953488372	0.14893617021276595	0.07610208545854226	0.046511627906976744	0.279124636592762
pl	0.02702702702702703	0.4629142585376671	0.0022026431718061676	0.0006031363088057901	0.0024096385542168677	0.22640854904419977	0.04836375884911804	0.1521930594029321	0.09759036144578313	0.3572417274976111	0.012062726176115802	0.0006031363088057901	0.04466880827077712	0.03117215290325853	0.05042016806722689	0.045838359469240045	0.04814809880950795	0.0006031363088057901	0.4591954022988506	0.0006031363088057901	0.04054054054054054	0.46928387691487633	1.0	0.48939047580514644	0.07010309885700469	0.46424954774264593	0.3869453916338283	0.04054054054054054	0.0024125452352231603	0.46080642987060944	0.04156626506024096	0.02702702702702703	0.125	0.07988712704591742	0.05405405405405406	0.290516206482593
pt	0.022727272727272728	0.46264101681225445	0.002070393374741201	0.0006075334143377885	0.0024271844660194173	0.2297423777568182	0.047747227231983755	0.150529991270732	0.09613059250302297	0.35749236088351627	0.011529126213592233	0.0006075334143377885	0.043309993235763365	0.031160374753032655	0.04879518072289157	0.04550970873786408	0.04892005364105075	0.0006075334143377885	0.461271676300578	0.0006075334143377885	0.03409090909090909	0.47011445540616575	0.48939047580514644	1.0	0.06914984859628003	0.45950853565076105	0.3883442505143751	0.03409090909090909	0.002430133657351154	0.4602845582924542	0.041868932038834954	0.022727272727272728	0.17391304347826086	0.07932616889507774	0.045454545454545456	0.2910738884575745
ro	0.07692307692307693	0.06940456318308641	0.006493506493506494	0.0	0.01293103448275862	0.14429679140425122	0.24364763342195875	0.266075326229816	0.326497812975208	0.10358006738272814	0.027559055118110236	0.0043859649122807015	0.360412195489288	0.21252373492716078	0.12858292388986742	0.16949468044600657	0.3352160081147125	0.0043859649122807015	0.0665083135391924	0.0043859649122807015	0.11538461538461539	0.07023745240204739	0.07010309885700469	0.06914984859628003	1.0	0.05366747780331135	0.07916537226882055	0.11538461538461539	0.013043478260869565	0.0679205532638568	0.14455439158996472	0.07692307692307693	0.23809523809523808	0.4066654175536984	0.15384615384615385	0.11950487925942886
ru	0.01694915254237288	0.46748697029296554	0.0014749262536873156	0.0005980861244019139	0.0023894862604540022	0.2042579430964705	0.04127080810046787	0.13330353298761718	0.08013937282229965	0.33287667313656844	0.011961722488038277	0.0005980861244019139	0.037655740386188054	0.026257888417263692	0.04758723852332639	0.0441527446300716	0.039540103465076956	0.0005980861244019139	0.4632183908045977	0.0005980861244019139	0.025423728813559324	0.4773752082747882	0.46424954774264593	0.45950853565076105	0.05366747780331135	1.0	0.3881929652113567	0.025423728813559324	0.0023923444976076554	0.46476245166981217	0.04121863799283154	0.01694915254237288	0.12096774193548387	0.06235042566738213	0.03389830508474576	0.26909612764066954
sh	0.125	0.42774889979945535	0.005434782608695652	0.0006915629322268327	0.0020689655172413794	0.1717189806290513	0.05045088952147609	0.14371294850761798	0.09477309301986697	0.40307221419475153	0.006130790190735695	0.0	0.04720857080775511	0.03349736083948437	0.040041542385402445	0.03768506056527591	0.05102471614974771	0.0	0.4045138888888889	0.0	0.1875	0.41833413963868177	0.3869453916338283	0.3883442505143751	0.07916537226882055	0.3881929652113567	1.0	0.1875	0.001379310344827586	0.4215737086368104	0.04097515299892658	0.125	0.2222222222222222	0.08253827658190968	0.25	0.31627241259665884
si	0.125	0.1875	0.02702702702702703	0.15	0.13636363636363635	0.023809523809523808	0.15	0.010948905109489052	0.029411764705882353	0.02112676056338028	0.046875	0.10714285714285714	0.075	0.125	0.031914893617021274	0.026785714285714284	0.03571428571428571	0.21428571428571427	0.1875	0.3	0.1	0.03488372093023256	0.04054054054054054	0.03409090909090909	0.11538461538461539	0.025423728813559324	0.1875	0.5	0.11538461538461539	0.09375	0.04838709677419355	0.125	0.08333333333333333	0.09375	0.2	0.03
simple	0.07692307692307693	0.0023094688221709007	0.006756756756756757	0.0	0.14285714285714285	0.005141388174807198	0.006097560975609756	0.0078125	0.012269938650306749	0.0033112582781456954	0.045454545454545456	0.125	0.013157894736842105	0.028846153846153848	0.022727272727272728	0.01282051282051282	0.012048192771084338	0.125	0.002380952380952381	0.125	0.11538461538461539	0.002347417840375587	0.0024125452352231603	0.002430133657351154	0.013043478260869565	0.0023923444976076554	0.001379310344827586	0.11538461538461539	0.5	0.002320185614849188	0.02112676056338028	0.07692307692307693	0.20454545454545456	0.011363636363636364	0.15384615384615385	0.004098360655737705
sr	0.0625	0.5043051716142843	0.0037593984962406013	0.000580046403712297	0.002317497103128621	0.21486730876225385	0.04671369753884108	0.13912711600459896	0.08776814154002055	0.34304642904619875	0.007479861910241657	0.000580046403712297	0.042103489654959164	0.029378672047903235	0.04042558692729341	0.036613272311212815	0.04390525883013731	0.000580046403712297	0.4838150289017341	0.000580046403712297	0.09375	0.4930111223751219	0.46080642987060944	0.4602845582924542	0.0679205532638568	0.46476245166981217	0.4215737086368104	0.09375	0.002320185614849188	1.0	0.038222849108539285	0.0625	0.20833333333333334	0.07515844851388989	0.125	0.27230062389124754
sv	0.03225806451612903	0.038639447007319756	0.001838235294117647	0.007142857142857143	0.020833333333333332	0.08846153846153847	0.15511069423659268	0.1202401845201588	0.143646408839779	0.055304651225305604	0.03571428571428571	0.007142857142857143	0.168232428670842	0.18954359673024523	0.14475167028898012	0.22277227722772278	0.15780296911121636	0.007142857142857143	0.03909952606635071	0.007142857142857143	0.04838709677419355	0.03985378678225035	0.04156626506024096	0.041868932038834954	0.14455439158996472	0.04121863799283154	0.04097515299892658	0.04838709677419355	0.02112676056338028	0.038222849108539285	1.0	0.03225806451612903	0.18055555555555555	0.12984469045571795	0.06451612903225806	0.06363636363636363
te	0.5	0.125	0.0	0.1	0.09090909090909091	0.015873015873015872	0.1	0.0072992700729927005	0.0196078431372549	0.014084507042253521	0.03125	0.07142857142857142	0.05	0.08333333333333333	0.02127659574468085	0.017857142857142856	0.023809523809523808	0.14285714285714285	0.125	0.2	0.3333333333333333	0.023255813953488372	0.02702702702702703	0.022727272727272728	0.07692307692307693	0.01694915254237288	0.125	0.125	0.07692307692307693	0.0625	0.03225806451612903	0.5	0.05555555555555555	0.0625	0.25	0.02
tr	0.05555555555555555	0.18421052631578946	-1.0	0.2	0.13043478260869565	0.11489427860696518	0.2	0.06953958450308816	0.12727272727272726	0.11920849420849422	0.125	0.16666666666666666	0.13333333333333333	0.25595238095238093	0.15	0.1271186440677966	0.13829787234042554	0.19444444444444445	0.2222222222222222	0.1388888888888889	0.08333333333333333	0.14893617021276595	0.125	0.17391304347826086	0.23809523809523808	0.12096774193548387	0.2222222222222222	0.08333333333333333	0.20454545454545456	0.20833333333333334	0.18055555555555555	0.05555555555555555	1.0	0.18	0.1111111111111111	0.15384615384615385
vi	0.0625	0.07569040630290015	0.006993006993006993	0.0	0.015151515151515152	0.15759419860731252	0.19248134278809126	0.26369077701196997	0.32752336889812106	0.10172995965216715	0.024305555555555556	0.003816793893129771	0.26393297285002376	0.17825141252729731	0.11948299397110682	0.146875	0.2726733129718204	0.003816793893129771	0.07591933570581258	0.003816793893129771	0.09375	0.07610208545854226	0.07988712704591742	0.07932616889507774	0.4066654175536984	0.06235042566738213	0.08253827658190968	0.09375	0.011363636363636364	0.07515844851388989	0.12984469045571795	0.0625	0.18	1.0	0.125	0.12512230473782726
war	0.25	0.25	0.038461538461538464	0.2	0.18181818181818182	0.031746031746031744	0.2	0.014598540145985401	0.0392156862745098	0.028169014084507043	0.0625	0.14285714285714285	0.1	0.16666666666666666	0.0425531914893617	0.03571428571428571	0.047619047619047616	0.2857142857142857	0.25	0.4	0.375	0.046511627906976744	0.05405405405405406	0.045454545454545456	0.15384615384615385	0.03389830508474576	0.25	0.2	0.15384615384615385	0.125	0.06451612903225806	0.25	0.1111111111111111	0.125	1.0	0.04
zh	0.02	0.2738219668261635	0.002631578947368421	0.0010245901639344263	0.00408997955010225	0.18112804890968856	0.07473631341034656	0.18959856420535434	0.147117296222664	0.39411006586489006	0.01417004048582996	0.0010245901639344263	0.07802555448408872	0.051798296239771606	0.06946494572504577	0.07031084323902004	0.08376938745641138	0.0010245901639344263	0.2703016241299304	0.0010245901639344263	0.03	0.279124636592762	0.290516206482593	0.2910738884575745	0.11950487925942886	0.26909612764066954	0.31627241259665884	0.03	0.004098360655737705	0.27230062389124754	0.06363636363636363	0.02	0.15384615384615385	0.12512230473782726	0.04	1.0
