arz	bs	ceb	ckb	da	de	el	en	es	fr	he	hi	hu	id	it	ja	ko	lv	mk	ml	mr	nl	pl	pt	ro	ru	sh	si	simple	sr	sv	te	tr	vi	war	zh
arz	0.0	0.0	0.0	0.0	0.0	0.0	0.0	0.0	0.0	0.0	0.0	0.0	0.0	0.0	0.0	0.0	0.0	0.0	0.0	0.0	0.0	0.0	0.0	0.0	0.0	0.0	0.0	0.0	0.0	0.0	0.0	0.0	0.0	0.0	0.0	0.0
bs	0.0	1.0	0.0	0.0	0.0	0.0030665506742061765	0.003288180030587721	0.01463134649246544	0.0001675528349939681	0.053440092984212054	0.0	0.0	0.0022074085462951776	0.0008667148174898605	0.00012286658922348317	4.4707723259193026e-05	0.00182950349920097	0.0	0.0	0.0	0.0	0.04230289751048317	0.0018784603216451359	0.0015918286131193207	0.009776868301656694	0.0030783673736723177	0.022741167534320175	0.0	0.0	0.015530758453482249	0.00017877893984088674	0.0	0.0	0.001438482732674582	0.0	0.001981833195706028
ceb	0.0	0.0	0.0	0.0	0.0	0.0	0.0	0.0	0.0	0.0	0.0	0.0	0.0	0.0	0.0	0.0	0.0	0.0	0.0	0.0	0.0	0.0	0.0	0.0	0.0	0.0	0.0	0.0	0.0	0.0	0.0	0.0	-1.0	0.0	0.0	0.0
ckb	0.0	0.0	0.0	0.0	0.0	0.0	0.0	0.0	0.0	0.0	0.0	0.0	0.0	0.0	0.0	0.0	0.0	0.0	0.0	0.0	0.0	0.0	0.0	0.0	0.0	0.0	0.0	0.0	0.0	0.0	0.0	0.0	0.0	0.0	0.0	0.0
da	0.0	0.0	0.0	0.0	0.0	0.0	0.0	0.0	0.0	0.0	0.0	0.0	0.0	0.0	0.0	0.0	0.0	0.0	0.0	0.0	0.0	0.0	0.0	0.0	0.0	0.0	0.0	0.0	0.0	0.0	0.0	0.0	0.0	0.0	0.0	0.0
de	0.0	0.0030665506742061765	0.0	0.0	0.0	1.0	0.00499136110577846	0.01218674905595606	0.00034106412005457026	0.003356100630579845	0.0	0.0	0.00911062906724512	0.00405444540978859	0.000682360968952576	0.0003487966515521451	0.005148607535689211	0.0	0.0	0.0	0.0	0.003400164145855317	0.0010888501742160278	0.001001001001001001	0.011943836615609044	0.00208649468892261	0.0020628104740254274	0.0	0.0	0.003280797684142811	0.0	0.0	0.020833333333333332	0.0020570840833119054	0.0	0.00045485558335228563
el	0.0	0.003288180030587721	0.0	0.0	0.0	0.00499136110577846	1.0	0.027210076045627377	0.002772277227722772	0.005640165374403952	0.0	0.0	0.06487975951903807	0.03896984073195527	0.0019786307874950534	0.0020308692120227455	0.05357142857142857	0.0	0.0	0.0	0.0	0.0029529302911589267	0.001431980906921241	0.0008342602892102336	0.07853614275632624	0.0022582631903099977	0.0037745560607360383	0.0	0.0	0.0017800632911392405	0.0032038446135362435	0.0	0.0	0.02132632193981887	0.0	0.004018081366147665
en	0.0	0.01463134649246544	0.0	0.0	0.0	0.01218674905595606	0.027210076045627377	1.0	0.0011355286887983435	0.02426842099177949	0.0	0.0	0.02559852670349908	0.00988939492517892	0.0012024048096192384	0.0004692947170823277	0.020217147135904157	0.0	0.0	0.0	0.0	0.014204590898184436	0.0018651104025028578	0.001059982541464023	0.086838152459632	0.0027181770863454976	0.011024332478078214	0.0	0.0	0.007799686554652477	0.0009366428045761692	0.0	0.007692307692307693	0.015662804023939894	0.0	0.0039660748062725
es	0.0	0.0001675528349939681	0.0	0.0	0.0	0.00034106412005457026	0.002772277227722772	0.0011355286887983435	1.0	0.00029806259314456036	0.0	0.0	0.005675954592363261	0.0026246719160104987	0.0	0.0	0.0025188916876574307	0.0	0.0	0.0	0.0	0.00012335779929686054	0.0	0.0	0.004186102140892238	0.0	0.0002844410732909832	0.0	0.0	7.756748371082842e-05	0.0	0.0	0.0	0.0033613445378151263	0.0	0.0
fr	0.0	0.053440092984212054	0.0	0.0	0.0	0.003356100630579845	0.005640165374403952	0.02426842099177949	0.00029806259314456036	1.0	0.0	0.0	0.004320314784781857	0.0017511719381432189	0.00017610642246576084	0.0001084613403110129	0.004019067202542294	0.0	0.0	0.0	0.0	0.040010549241135236	0.0024165493799293623	0.0018994876733951335	0.02038327526132404	0.002935794310088337	0.029705338697401325	0.0	0.0	0.01448510438658222	0.00023038976527348622	0.0	0.03571428571428571	0.0024795271474715524	0.0	0.003906406239584027
he	0.0	0.0	0.0	0.0	0.0	0.0	0.0	0.0	0.0	0.0	1.0	0.0	0.0	0.0	0.0	0.0	0.0	0.0	0.0	0.0	0.0	0.0	0.0	0.0	0.0	0.0	0.0	0.0	0.0	0.0	0.0	0.0	0.0	0.0	0.0	0.0
hi	0.0	0.0	0.0	0.0	0.0	0.0	0.0	0.0	0.0	0.0	0.0	0.0	0.0	0.0	0.0	0.0	0.0	0.0	0.0	0.0	0.0	0.0	0.0	0.0	0.0	0.0	0.0	0.0	0.0	0.0	0.0	0.0	0.0	0.0	0.0	0.0
hu	0.0	0.0022074085462951776	0.0	0.0	0.0	0.00911062906724512	0.06487975951903807	0.02559852670349908	0.005675954592363261	0.004320314784781857	0.0	0.0	1.0	0.07396193771626297	0.004639175257731959	0.001594896331738437	0.10735785953177257	0.0	0.0	0.0	0.0	0.002109116956504437	0.001385809312638581	0.0006635700066357001	0.11398678414096916	0.0009313154831199069	0.002636319697702008	0.0	0.0	0.002126054454426994	0.003131524008350731	0.0	0.0	0.03151558073654391	0.0	0.004411764705882353
id	0.0	0.0008667148174898605	0.0	0.0	0.0	0.00405444540978859	0.03896984073195527	0.00988939492517892	0.0026246719160104987	0.0017511719381432189	0.0	0.0	0.07396193771626297	1.0	0.003942181340341655	0.004310344827586207	0.06726907630522089	0.0	0.0	0.0	0.0	0.001038104543234001	0.0008244023083264633	0.0016411378555798686	0.038492848005582045	0.00032123353678124	0.0008790191996298866	0.0	0.0	0.0008199165175909362	0.004087193460490463	0.0	0.08333333333333333	0.018267530936947555	0.0	0.001347103726986978
it	0.0	0.00012286658922348317	0.0	0.0	0.0	0.000682360968952576	0.0019786307874950534	0.0012024048096192384	0.0	0.00017610642246576084	0.0	0.0	0.004639175257731959	0.003942181340341655	1.0	0.0	0.0025188916876574307	0.0	0.0	0.0	0.0	4.111588512221697e-05	0.0	0.0	0.002507462686567164	0.00038774718883288094	0.00018960940462646946	0.0	0.0	7.756748371082842e-05	0.0049504950495049506	0.0	0.0	0.0016778523489932886	0.0	0.0005899705014749262
ja	0.0	4.4707723259193026e-05	0.0	0.0	0.0	0.0003487966515521451	0.0020308692120227455	0.0004692947170823277	0.0	0.0001084613403110129	0.0	0.0	0.001594896331738437	0.004310344827586207	0.0	1.0	0.000655307994757536	0.0	0.0	0.0	0.0	2.058502645175899e-05	0.0	0.0	0.0009611918779286315	0.0	0.0	0.0	0.0	0.0	0.0	0.0	0.0	0.0	0.0	0.0012277470841006752
ko	0.0	0.00182950349920097	0.0	0.0	0.0	0.005148607535689211	0.05357142857142857	0.020217147135904157	0.0025188916876574307	0.004019067202542294	0.0	0.0	0.10735785953177257	0.06726907630522089	0.0025188916876574307	0.000655307994757536	1.0	0.0	0.0	0.0	0.0	0.0017829239953523778	0.0012300123001230013	0.0007527286413248024	0.08506616257088846	0.001524390243902439	0.0021862312051041805	0.0	0.0	0.0014049877063575693	0.0025624599615631004	0.0	0.0	0.031060911657926585	0.0	0.003939592908732764
lv	0.0	0.0	0.0	0.0	0.0	0.0	0.0	0.0	0.0	0.0	0.0	0.0	0.0	0.0	0.0	0.0	0.0	0.0	0.0	0.0	0.0	0.0	0.0	0.0	0.0	0.0	0.0	0.0	0.0	0.0	0.0	0.0	0.0	0.0	0.0	0.0
mk	0.0	0.0	0.0	0.0	0.0	0.0	0.0	0.0	0.0	0.0	0.0	0.0	0.0	0.0	0.0	0.0	0.0	0.0	0.0	0.0	0.0	0.0	0.0	0.0	0.0	0.0	0.0	0.0	0.0	0.0	0.0	0.0	0.0	0.0	0.0	0.0
ml	0.0	0.0	0.0	0.0	0.0	0.0	0.0	0.0	0.0	0.0	0.0	0.0	0.0	0.0	0.0	0.0	0.0	0.0	0.0	0.0	0.0	0.0	0.0	0.0	0.0	0.0	0.0	0.0	0.0	0.0	0.0	0.0	0.0	0.0	0.0	0.0
mr	0.0	0.0	0.0	0.0	0.0	0.0	0.0	0.0	0.0	0.0	0.0	0.0	0.0	0.0	0.0	0.0	0.0	0.0	0.0	0.0	0.0	0.0	0.0	0.0	0.0	0.0	0.0	0.0	0.0	0.0	0.0	0.0	0.0	0.0	0.0	0.0
nl	0.0	0.04230289751048317	0.0	0.0	0.0	0.003400164145855317	0.0029529302911589267	0.014204590898184436	0.00012335779929686054	0.040010549241135236	0.0	0.0	0.002109116956504437	0.001038104543234001	4.111588512221697e-05	2.058502645175899e-05	0.0017829239953523778	0.0	0.0	0.0	0.0	1.0	0.0019318091292918028	0.001571503404924044	0.00932736382048822	0.003305329844374053	0.02005928273757117	0.0	0.0	0.01364019641882843	8.228082445386102e-05	0.0	0.0	0.0011503067484662577	0.0	0.0019194241727481754
pl	0.0	0.0018784603216451359	0.0	0.0	0.0	0.0010888501742160278	0.001431980906921241	0.0018651104025028578	0.0	0.0024165493799293623	0.0	0.0	0.001385809312638581	0.0008244023083264633	0.0	0.0	0.0012300123001230013	0.0	0.0	0.0	0.0	0.0019318091292918028	1.0	0.00033783783783783786	0.0026911193062892453	0.001415762151958471	0.002201285550761645	0.0	0.0	0.0022030981067125647	0.0	0.0	0.0	0.0017525411847178409	0.0	0.0
pt	0.0	0.0015918286131193207	0.0	0.0	0.0	0.001001001001001001	0.0008342602892102336	0.001059982541464023	0.0	0.0018994876733951335	0.0	0.0	0.0006635700066357001	0.0016411378555798686	0.0	0.0	0.0007527286413248024	0.0	0.0	0.0	0.0	0.001571503404924044	0.00033783783783783786	1.0	0.0011637748624629708	0.0010979961570134504	0.0017172036693931041	0.0	0.0	0.0014347202295552368	0.0	0.0	0.0	0.0008853474988933156	0.0	0.0007243752263672582
ro	0.0	0.009776868301656694	0.0	0.0	0.0	0.011943836615609044	0.07853614275632624	0.086838152459632	0.004186102140892238	0.02038327526132404	0.0	0.0	0.11398678414096916	0.038492848005582045	0.002507462686567164	0.0009611918779286315	0.08506616257088846	0.0	0.0	0.0	0.0	0.00932736382048822	0.0026911193062892453	0.0011637748624629708	1.0	0.0013978194017332962	0.010182596389492942	0.0	0.0	0.006211476898083998	0.002395496466642712	0.0	0.0	0.05074090704984284	0.0	0.005403201141808543
ru	0.0	0.0030783673736723177	0.0	0.0	0.0	0.00208649468892261	0.0022582631903099977	0.0027181770863454976	0.0	0.002935794310088337	0.0	0.0	0.0009313154831199069	0.00032123353678124	0.00038774718883288094	0.0	0.001524390243902439	0.0	0.0	0.0	0.0	0.003305329844374053	0.001415762151958471	0.0010979961570134504	0.0013978194017332962	1.0	0.0027795595467179817	0.0	0.0	0.0021696252465483235	0.0	0.0	0.0	0.0002822466836014677	0.0	0.002229378251176616
sh	0.0	0.022741167534320175	0.0	0.0	0.0	0.0020628104740254274	0.0037745560607360383	0.011024332478078214	0.0002844410732909832	0.029705338697401325	0.0	0.0	0.002636319697702008	0.0008790191996298866	0.00018960940462646946	0.0	0.0021862312051041805	0.0	0.0	0.0	0.0	0.02005928273757117	0.002201285550761645	0.0017172036693931041	0.010182596389492942	0.0027795595467179817	1.0	0.0	0.0	0.010777475077088884	9.491718475630013e-05	0.0	0.0	0.0015888147442008262	0.0	0.002665955745134631
si	0.0	0.0	0.0	0.0	0.0	0.0	0.0	0.0	0.0	0.0	0.0	0.0	0.0	0.0	0.0	0.0	0.0	0.0	0.0	0.0	0.0	0.0	0.0	0.0	0.0	0.0	0.0	0.0	0.0	0.0	0.0	0.0	0.0	0.0	0.0	0.0
simple	0.0	0.0	0.0	0.0	0.0	0.0	0.0	0.0	0.0	0.0	0.0	0.0	0.0	0.0	0.0	0.0	0.0	0.0	0.0	0.0	0.0	0.0	0.0	0.0	0.0	0.0	0.0	0.0	0.0	0.0	0.0	0.0	0.0	0.0	0.0	0.0
sr	0.0	0.015530758453482249	0.0	0.0	0.0	0.003280797684142811	0.0017800632911392405	0.007799686554652477	7.756748371082842e-05	0.01448510438658222	0.0	0.0	0.002126054454426994	0.0008199165175909362	7.756748371082842e-05	0.0	0.0014049877063575693	0.0	0.0	0.0	0.0	0.01364019641882843	0.0022030981067125647	0.0014347202295552368	0.006211476898083998	0.0021696252465483235	0.010777475077088884	0.0	0.0	1.0	0.00023322708543885564	0.0	0.0	0.001011341472224229	0.0	0.0017441049253523091
sv	0.0	0.00017877893984088674	0.0	0.0	0.0	0.0	0.0032038446135362435	0.0009366428045761692	0.0	0.00023038976527348622	0.0	0.0	0.003131524008350731	0.004087193460490463	0.0049504950495049506	0.0	0.0025624599615631004	0.0	0.0	0.0	0.0	8.228082445386102e-05	0.0	0.0	0.002395496466642712	0.0	9.491718475630013e-05	0.0	0.0	0.00023322708543885564	1.0	0.0	0.0	0.0034393809114359416	0.0	0.0
te	0.0	0.0	0.0	0.0	0.0	0.0	0.0	0.0	0.0	0.0	0.0	0.0	0.0	0.0	0.0	0.0	0.0	0.0	0.0	0.0	0.0	0.0	0.0	0.0	0.0	0.0	0.0	0.0	0.0	0.0	0.0	0.0	0.0	0.0	0.0	0.0
tr	0.0	0.0	-1.0	0.0	0.0	0.020833333333333332	0.0	0.007692307692307693	0.0	0.03571428571428571	0.0	0.0	0.0	0.08333333333333333	0.0	0.0	0.0	0.0	0.0	0.0	0.0	0.0	0.0	0.0	0.0	0.0	0.0	0.0	0.0	0.0	0.0	0.0	1.0	0.0	0.0	0.0
vi	0.0	0.001438482732674582	0.0	0.0	0.0	0.0020570840833119054	0.02132632193981887	0.015662804023939894	0.0033613445378151263	0.0024795271474715524	0.0	0.0	0.03151558073654391	0.018267530936947555	0.0016778523489932886	0.0	0.031060911657926585	0.0	0.0	0.0	0.0	0.0011503067484662577	0.0017525411847178409	0.0008853474988933156	0.05074090704984284	0.0002822466836014677	0.0015888147442008262	0.0	0.0	0.001011341472224229	0.0034393809114359416	0.0	0.0	1.0	0.0	0.002260738507912585
war	0.0	0.0	0.0	0.0	0.0	0.0	0.0	0.0	0.0	0.0	0.0	0.0	0.0	0.0	0.0	0.0	0.0	0.0	0.0	0.0	0.0	0.0	0.0	0.0	0.0	0.0	0.0	0.0	0.0	0.0	0.0	0.0	0.0	0.0	1.0	0.0
zh	0.0	0.001981833195706028	0.0	0.0	0.0	0.00045485558335228563	0.004018081366147665	0.0039660748062725	0.0	0.003906406239584027	0.0	0.0	0.004411764705882353	0.001347103726986978	0.0005899705014749262	0.0012277470841006752	0.003939592908732764	0.0	0.0	0.0	0.0	0.0019194241727481754	0.0	0.0007243752263672582	0.005403201141808543	0.002229378251176616	0.002665955745134631	0.0	0.0	0.0017441049253523091	0.0	0.0	0.0	0.002260738507912585	0.0	1.0
