arz	bs	ceb	ckb	da	de	el	en	es	fr	he	hi	hu	id	it	ja	ko	lv	mk	ml	mr	nl	pl	pt	ro	ru	sh	si	simple	sr	sv	te	vi	war	zh
arz	1.0	1.0	0.0	0.0	1.0	1.0	0.585786437626905	0.585786437626905	0.585786437626905	0.0	1.0	0.0	1.0	1.0	0.585786437626905	0.585786437626905	0.585786437626905	1.0	1.0	0.0	0.0	0.5	0.585786437626905	1.0	1.0	0.585786437626905	1.0	0.0	1.0	1.0	1.0	0.0	0.585786437626905	0.0	0.44948974278317805
bs	1.0	1.0	0.4625414945524146	0.585786437626905	0.31264808514230086	0.32449979983983984	1.0	0.2928060946961875	0.32449979983983984	0.353889367864523	0.3797958971132712	0.585786437626905	0.32449979983983984	0.32449979983983984	0.31264808514230086	0.32449979983983984	0.32449979983983984	0.5	0.39564392373896007	1.0	1.0	0.32449979983983984	0.33286679078077314	0.32449979983983984	0.31264808514230086	0.32449979983983984	0.4364916731037085	1.0	0.353889367864523	0.32449979983983984	0.32449979983983984	1.0	0.32449979983983984	1.0	0.32449979983983984
ceb	0.0	0.4625414945524146	1.0	0.4364916731037085	0.4364916731037085	0.4364916731037085	0.585786437626905	0.4364916731037085	0.4364916731037085	0.4364916731037085	0.585786437626905	0.585786437626905	0.4364916731037085	0.4364916731037085	0.4364916731037085	0.4364916731037085	0.4364916731037085	0.4364916731037085	0.4364916731037085	0.585786437626905	0.585786437626905	0.4364916731037085	0.4364916731037085	0.4364916731037085	0.4364916731037085	0.4364916731037085	0.4364916731037085	0.0	0.4364916731037085	0.4364916731037085	0.4364916731037085	1.0	0.4364916731037085	0.585786437626905	0.4364916731037085
ckb	0.0	0.585786437626905	0.4364916731037085	1.0	1.0	1.0	1.0	0.585786437626905	1.0	1.0	1.0	1.0	1.0	1.0	1.0	1.0	1.0	1.0	1.0	1.0	1.0	1.0	1.0	0.585786437626905	1.0	1.0	1.0	0.0	1.0	0.585786437626905	1.0	1.0	1.0	1.0	1.0
da	1.0	0.31264808514230086	0.4364916731037085	1.0	1.0	0.26968623182294527	1.0	0.2139387691339814	0.3090169943749474	0.3090169943749474	0.39564392373896007	0.5	0.5	0.25	0.2612038749637414	0.32449979983983984	0.3244997998398398	0.585786437626905	1.0	1.0	1.0	0.2989350844248255	0.25355482027512377	0.28989794855663564	0.30216947925196225	0.3090169943749474	0.3483314773547883	1.0	0.585786437626905	0.3726822671238253	0.2989350844248255	1.0	0.38742588672279304	1.0	0.32449979983983984
de	1.0	0.32449979983983984	0.4364916731037085	1.0	0.26968623182294527	1.0	1.0	0.0934234463542729	0.2928060946961875	0.1359000948135354	0.585786437626905	1.0	0.3483314773547883	0.2134217799668342	0.16462407202206505	0.26968623182294527	0.32449979983983984	1.0	1.0	1.0	1.0	0.2553967929896867	0.20342651452257512	0.21712927295533244	0.40453726661826384	0.28436465220442186	0.38742588672279304	1.0	0.3726822671238253	0.34833147735478825	0.22901628833426058	0.585786437626905	0.2928060946961875	1.0	0.30216947925196225
el	0.585786437626905	1.0	0.585786437626905	1.0	1.0	1.0	1.0	0.585786437626905	1.0	1.0	1.0	1.0	1.0	0.4364916731037085	1.0	1.0	1.0	1.0	1.0	1.0	1.0	1.0	1.0	0.585786437626905	1.0	1.0	1.0	0.0	1.0	1.0	1.0	1.0	0.585786437626905	1.0	1.0
en	0.585786437626905	0.2928060946961875	0.4364916731037085	0.585786437626905	0.2139387691339814	0.0934234463542729	0.585786437626905	1.0	0.0481670676389461	0.07498946357736645	0.3090169943749474	0.5	0.2612038749637415	0.17684258135111194	0.08027976381873014	0.1252238426491463	0.22646721143623746	0.44948974278317805	0.585786437626905	1.0	1.0	0.13254305909220607	0.12206173404875865	0.06248472443329439	0.25355482027512377	0.08641174439611057	0.08089623824088236	1.0	0.2791745113185196	0.08762450673351295	0.10721947313948092	1.0	0.05398851002993368	1.0	0.145663213157068
es	0.585786437626905	0.32449979983983984	0.4364916731037085	1.0	0.3090169943749474	0.2928060946961875	1.0	0.0481670676389461	1.0	0.1774053291584318	1.0	1.0	0.585786437626905	0.21712927295533244	0.21393876913398135	0.585786437626905	1.0	1.0	1.0	1.0	1.0	0.4142135623730951	0.22901628833426058	0.34833147735478825	0.4364916731037085	0.5	0.44948974278317805	1.0	0.39564392373896007	0.38742588672279304	0.2572842744474721	1.0	0.3090169943749474	1.0	0.4364916731037085
fr	0.0	0.353889367864523	0.4364916731037085	1.0	0.3090169943749474	0.1359000948135354	1.0	0.07498946357736645	0.1774053291584318	1.0	0.585786437626905	0.585786437626905	0.40453726661826384	0.21498516621900873	0.14563307637703782	0.18795247918520225	0.23669181907653403	1.0	1.0	1.0	1.0	0.2164786953860142	0.2372732414640341	0.2144598788702807	0.585786437626905	0.1907435698305462	0.3660254037844386	1.0	0.3726822671238253	0.34833147735478825	0.2118949818756026	1.0	0.2857142857142857	1.0	0.22547340809847535
he	1.0	0.3797958971132712	0.585786437626905	1.0	0.39564392373896007	0.585786437626905	1.0	0.3090169943749474	1.0	0.585786437626905	1.0	1.0	1.0	0.3430703308172536	0.3660254037844386	1.0	1.0	1.0	1.0	1.0	1.0	0.585786437626905	0.36602540378443865	0.585786437626905	0.585786437626905	1.0	1.0	1.0	1.0	1.0	0.44948974278317805	1.0	0.5	1.0	1.0
hi	0.0	0.585786437626905	0.585786437626905	1.0	0.5	1.0	1.0	0.5	1.0	0.585786437626905	1.0	1.0	1.0	0.5	0.5	1.0	1.0	1.0	1.0	1.0	1.0	1.0	0.585786437626905	1.0	1.0	1.0	0.585786437626905	1.0	1.0	1.0	1.0	1.0	0.5	1.0	1.0
hu	1.0	0.32449979983983984	0.4364916731037085	1.0	0.5	0.3483314773547883	1.0	0.2612038749637415	0.585786437626905	0.40453726661826384	1.0	1.0	1.0	0.26427884169111276	0.3126480851423008	0.585786437626905	0.585786437626905	1.0	1.0	1.0	1.0	0.44948974278317805	0.3380788308512194	0.5	0.585786437626905	0.585786437626905	0.585786437626905	1.0	0.39564392373896007	1.0	0.4142135623730951	1.0	0.5	1.0	0.585786437626905
id	1.0	0.32449979983983984	0.4364916731037085	1.0	0.25	0.2134217799668342	0.4364916731037085	0.17684258135111194	0.21712927295533244	0.21498516621900873	0.3430703308172536	0.5	0.26427884169111276	1.0	0.20386840968093525	0.21712927295533244	0.2708131845707603	0.585786437626905	0.585786437626905	0.5	0.585786437626905	0.21712927295533244	0.2134217799668342	0.21551468935838852	0.3597752501562547	0.21712927295533244	0.4142135623730951	1.0	0.30216947925196225	0.31264808514230086	0.2449655295864104	0.585786437626905	0.2815429907304882	1.0	0.21712927295533244
it	0.585786437626905	0.31264808514230086	0.4364916731037085	1.0	0.2612038749637414	0.16462407202206505	1.0	0.08027976381873014	0.21393876913398135	0.14563307637703782	0.3660254037844386	0.5	0.3126480851423008	0.20386840968093525	1.0	0.2240092377397959	0.32449979983983984	0.585786437626905	0.585786437626905	0.585786437626905	0.585786437626905	0.2553967929896867	0.1852891992413258	0.20942771453851886	0.3430703308172536	0.3333333333333333	0.27195617308673004	1.0	0.39564392373896007	0.25355482027512377	0.21895964223566153	0.585786437626905	0.34833147735478825	0.585786437626905	0.2612038749637415
ja	0.585786437626905	0.32449979983983984	0.4364916731037085	1.0	0.32449979983983984	0.26968623182294527	1.0	0.1252238426491463	0.585786437626905	0.18795247918520225	1.0	1.0	0.585786437626905	0.21712927295533244	0.2240092377397959	1.0	1.0	1.0	1.0	1.0	1.0	0.585786437626905	0.3164309725825328	0.32449979983983984	0.4364916731037085	1.0	0.4142135623730951	1.0	0.39564392373896007	0.4142135623730951	0.3090169943749474	1.0	0.32449979983983984	1.0	1.0
ko	0.585786437626905	0.32449979983983984	0.4364916731037085	1.0	0.3244997998398398	0.32449979983983984	1.0	0.22646721143623746	1.0	0.23669181907653403	1.0	1.0	0.585786437626905	0.2708131845707603	0.32449979983983984	1.0	1.0	1.0	1.0	1.0	1.0	1.0	0.3430703308172536	0.44948974278317805	0.4364916731037085	1.0	0.44948974278317805	1.0	0.585786437626905	0.585786437626905	0.4142135623730951	1.0	0.36602540378443865	1.0	1.0
lv	1.0	0.5	0.4364916731037085	1.0	0.585786437626905	1.0	1.0	0.44948974278317805	1.0	1.0	1.0	1.0	1.0	0.585786437626905	0.585786437626905	1.0	1.0	1.0	1.0	1.0	1.0	1.0	0.5	0.585786437626905	1.0	1.0	1.0	1.0	1.0	0.585786437626905	0.585786437626905	1.0	1.0	1.0	1.0
mk	1.0	0.39564392373896007	0.4364916731037085	1.0	1.0	1.0	1.0	0.585786437626905	1.0	1.0	1.0	1.0	1.0	0.585786437626905	0.585786437626905	1.0	1.0	1.0	1.0	1.0	1.0	1.0	1.0	1.0	1.0	1.0	1.0	0.0	1.0	1.0	1.0	1.0	0.585786437626905	1.0	1.0
ml	0.0	1.0	0.585786437626905	1.0	1.0	1.0	1.0	1.0	1.0	1.0	1.0	1.0	1.0	0.5	0.585786437626905	1.0	1.0	1.0	1.0	1.0	1.0	1.0	1.0	1.0	1.0	1.0	1.0	1.0	1.0	1.0	1.0	1.0	0.5	1.0	1.0
mr	0.0	1.0	0.585786437626905	1.0	1.0	1.0	1.0	1.0	1.0	1.0	1.0	1.0	1.0	0.585786437626905	0.585786437626905	1.0	1.0	1.0	1.0	1.0	1.0	1.0	1.0	1.0	1.0	1.0	1.0	0.0	1.0	1.0	1.0	1.0	0.585786437626905	1.0	1.0
nl	0.5	0.32449979983983984	0.4364916731037085	1.0	0.2989350844248255	0.2553967929896867	1.0	0.13254305909220607	0.4142135623730951	0.2164786953860142	0.585786437626905	1.0	0.44948974278317805	0.21712927295533244	0.2553967929896867	0.585786437626905	1.0	1.0	1.0	1.0	1.0	1.0	0.27195617308673004	0.28708594921778513	0.40453726661826384	0.585786437626905	0.5	1.0	0.39564392373896007	0.4142135623730951	0.31264808514230086	1.0	0.44948974278317805	1.0	0.585786437626905
pl	0.585786437626905	0.33286679078077314	0.4364916731037085	1.0	0.25355482027512377	0.20342651452257512	1.0	0.12206173404875865	0.22901628833426058	0.2372732414640341	0.36602540378443865	0.585786437626905	0.3380788308512194	0.2134217799668342	0.1852891992413258	0.3164309725825328	0.3430703308172536	0.5	1.0	1.0	1.0	0.27195617308673004	1.0	0.24179033438163736	0.3164309725825328	0.24660605559646726	0.32037724101704074	1.0	0.3726822671238253	0.3244997998398398	0.20521309615767264	1.0	0.3164309725825328	1.0	0.3164309725825328
pt	1.0	0.32449979983983984	0.4364916731037085	0.585786437626905	0.28989794855663564	0.21712927295533244	0.585786437626905	0.06248472443329439	0.34833147735478825	0.2144598788702807	0.585786437626905	1.0	0.5	0.21551468935838852	0.20942771453851886	0.32449979983983984	0.44948974278317805	0.585786437626905	1.0	1.0	1.0	0.28708594921778513	0.24179033438163736	1.0	0.3797958971132712	0.3660254037844386	0.3333333333333333	1.0	0.353889367864523	0.3090169943749474	0.2674788903885893	1.0	0.32881309020609956	1.0	0.3660254037844386
ro	1.0	0.31264808514230086	0.4364916731037085	1.0	0.30216947925196225	0.40453726661826384	1.0	0.25355482027512377	0.4364916731037085	0.585786437626905	0.585786437626905	1.0	0.585786437626905	0.3597752501562547	0.3430703308172536	0.4364916731037085	0.4364916731037085	1.0	1.0	1.0	1.0	0.40453726661826384	0.3164309725825328	0.3797958971132712	1.0	0.4364916731037085	0.40453726661826384	1.0	1.0	0.4236911886691039	0.3597752501562547	1.0	0.44948974278317805	1.0	0.4364916731037085
ru	0.585786437626905	0.32449979983983984	0.4364916731037085	1.0	0.3090169943749474	0.28436465220442186	1.0	0.08641174439611057	0.5	0.1907435698305462	1.0	1.0	0.585786437626905	0.21712927295533244	0.3333333333333333	1.0	1.0	1.0	1.0	1.0	1.0	0.585786437626905	0.24660605559646726	0.3660254037844386	0.4364916731037085	1.0	0.4142135623730951	1.0	0.39564392373896007	0.4142135623730951	0.2958163163244893	1.0	0.5	1.0	1.0
sh	1.0	0.4364916731037085	0.4364916731037085	1.0	0.3483314773547883	0.38742588672279304	1.0	0.08089623824088236	0.44948974278317805	0.3660254037844386	1.0	0.585786437626905	0.585786437626905	0.4142135623730951	0.27195617308673004	0.4142135623730951	0.44948974278317805	1.0	1.0	1.0	1.0	0.5	0.32037724101704074	0.3333333333333333	0.40453726661826384	0.4142135623730951	1.0	1.0	0.585786437626905	0.20342651452257512	0.3660254037844386	1.0	0.3090169943749474	1.0	0.38742588672279304
si	0.0	1.0	0.0	0.0	1.0	1.0	0.0	1.0	1.0	1.0	1.0	1.0	1.0	1.0	1.0	1.0	1.0	1.0	0.0	1.0	0.0	1.0	1.0	1.0	1.0	1.0	1.0	1.0	0.0	1.0	1.0	0.0	1.0	1.0	1.0
simple	1.0	0.353889367864523	0.4364916731037085	1.0	0.585786437626905	0.3726822671238253	1.0	0.2791745113185196	0.39564392373896007	0.3726822671238253	1.0	1.0	0.39564392373896007	0.30216947925196225	0.39564392373896007	0.39564392373896007	0.585786437626905	1.0	1.0	1.0	1.0	0.39564392373896007	0.3726822671238253	0.353889367864523	1.0	0.39564392373896007	0.585786437626905	0.0	1.0	0.5	0.3380788308512194	1.0	0.5	1.0	0.39564392373896007
sr	1.0	0.32449979983983984	0.4364916731037085	0.585786437626905	0.3726822671238253	0.34833147735478825	1.0	0.08762450673351295	0.38742588672279304	0.34833147735478825	1.0	1.0	1.0	0.31264808514230086	0.25355482027512377	0.4142135623730951	0.585786437626905	0.585786437626905	1.0	1.0	1.0	0.4142135623730951	0.3244997998398398	0.3090169943749474	0.4236911886691039	0.4142135623730951	0.20342651452257512	1.0	0.5	1.0	0.38742588672279304	1.0	0.28989794855663564	1.0	0.4142135623730951
sv	1.0	0.32449979983983984	0.4364916731037085	1.0	0.2989350844248255	0.22901628833426058	1.0	0.10721947313948092	0.2572842744474721	0.2118949818756026	0.44948974278317805	1.0	0.4142135623730951	0.2449655295864104	0.21895964223566153	0.3090169943749474	0.4142135623730951	0.585786437626905	1.0	1.0	1.0	0.31264808514230086	0.20521309615767264	0.2674788903885893	0.3597752501562547	0.2958163163244893	0.3660254037844386	1.0	0.3380788308512194	0.38742588672279304	1.0	1.0	0.3333333333333333	1.0	0.38742588672279304
te	0.0	1.0	1.0	1.0	1.0	0.585786437626905	1.0	1.0	1.0	1.0	1.0	1.0	1.0	0.585786437626905	0.585786437626905	1.0	1.0	1.0	1.0	1.0	1.0	1.0	1.0	1.0	1.0	1.0	1.0	0.0	1.0	1.0	1.0	1.0	0.585786437626905	1.0	1.0
vi	0.585786437626905	0.32449979983983984	0.4364916731037085	1.0	0.38742588672279304	0.2928060946961875	0.585786437626905	0.05398851002993368	0.3090169943749474	0.2857142857142857	0.5	0.5	0.5	0.2815429907304882	0.34833147735478825	0.32449979983983984	0.36602540378443865	1.0	0.585786437626905	0.5	0.585786437626905	0.44948974278317805	0.3164309725825328	0.32881309020609956	0.44948974278317805	0.5	0.3090169943749474	1.0	0.5	0.28989794855663564	0.3333333333333333	0.585786437626905	1.0	1.0	0.3333333333333333
war	0.0	1.0	0.585786437626905	1.0	1.0	1.0	1.0	1.0	1.0	1.0	1.0	1.0	1.0	1.0	0.585786437626905	1.0	1.0	1.0	1.0	1.0	1.0	1.0	1.0	1.0	1.0	1.0	1.0	1.0	1.0	1.0	1.0	1.0	1.0	1.0	1.0
zh	0.44948974278317805	0.32449979983983984	0.4364916731037085	1.0	0.32449979983983984	0.30216947925196225	1.0	0.145663213157068	0.4364916731037085	0.22547340809847535	1.0	1.0	0.585786437626905	0.21712927295533244	0.2612038749637415	1.0	1.0	1.0	1.0	1.0	1.0	0.585786437626905	0.3164309725825328	0.3660254037844386	0.4364916731037085	1.0	0.38742588672279304	1.0	0.39564392373896007	0.4142135623730951	0.38742588672279304	1.0	0.3333333333333333	1.0	1.0
