arz	bs	ceb	ckb	da	de	el	en	es	fr	he	hi	hu	id	it	ja	ko	lv	mk	ml	mr	nl	pl	pt	ro	ru	sh	si	simple	sr	sv	te	tr	vi	war	zh
arz	1.0	1.0	0.8671744742442358	1.0	1.0	1.0	1.0	1.0	1.0	0.5660160774121898	1.0	1.0	1.0	1.0	0.8216064286890065	1.0	1.0	1.0	1.0	1.0	1.0	1.0	1.0	1.0	1.0	1.0	1.0	1.0	1.0	1.0	1.0	0.0	1.0	1.0	1.0	1.0
bs	1.0	1.0	0.7561562578818626	1.0	0.7863954451402115	1.0	1.0	0.41451916354404916	1.0	0.4695960115558277	1.0	1.0	1.0	1.0	0.8428085291297184	1.0	1.0	1.0	1.0	1.0	1.0	1.0	1.0	1.0	1.0	1.0	0.7690990303325336	0.8941461765814603	1.0	1.0	0.7690990303325336	0.0	0.48309446789914784	1.0	0.42737968206102056	1.0
ceb	0.8671744742442358	0.7561562578818626	1.0	0.7984398172434364	0.7444001187412261	0.7102814621372566	0.7958672237971817	0.6240245961334563	0.6491893529429001	0.6304983134912253	0.7980582980758757	0.7993030167622943	0.43284945055983076	0.7073714207608593	0.77578643995977	0.7958672237971817	0.7958672237971816	0.5580582389660305	0.7984398172434364	0.7984398172434364	0.7984398172434364	0.7671742246666955	0.7340728969878105	0.3310599746467622	0.7429426083252682	0.7958672237971816	0.32768032476814485	0.8476062008203896	0.7685463598305566	0.7980582980758757	0.6679597053989472	0.8091513154606415	-1.0	0.6648710175053466	0.4493618422515443	0.25977685034903036
ckb	1.0	1.0	0.7984398172434364	1.0	1.0	1.0	1.0	0.4411096456566658	0.7690990303325336	0.7690990303325336	1.0	0.0	1.0	1.0	1.0	1.0	1.0	1.0	1.0	0.0	1.0	1.0	1.0	1.0	1.0	1.0	1.0	1.0	1.0	1.0	1.0	0.0	0.7863954451402115	1.0	0.42950893856045713	1.0
da	1.0	0.7863954451402115	0.7444001187412261	1.0	1.0	0.472116671483792	0.7376607345031153	0.31148688386531065	0.5497547962123392	0.4509778105929309	0.6908587525207898	1.0	0.7455134344225701	0.6035670054046118	0.43363059596884285	0.5445978184724408	0.6908587525207898	0.7510341748895938	0.5758753435654246	1.0	1.0	0.46340813409349835	0.5838038838683439	0.5698363501685829	0.6841174893561722	0.5570174674527478	0.5681432433501172	0.8377774449438321	1.0	0.7106922308883379	0.48418522573274075	0.0	0.4480734496260061	0.7584325078215763	0.42599539763876443	0.5445978184724408
de	1.0	1.0	0.7102814621372566	1.0	0.472116671483792	1.0	0.6254303192325079	0.19369091868470711	0.31969780619074495	0.2705555526751795	0.6786291688147437	1.0	0.5648956442922967	0.34489800656472946	0.25600737717925415	0.3330028920276265	0.5054914386516804	0.7992591943912659	0.5252056012775779	1.0	1.0	0.2855322930997616	0.3619515667877425	0.3937101580068685	0.5447069551666448	0.27135162616328934	0.45735315334341026	0.8188548862651857	0.4956869481632925	0.6492665986419108	0.3710481450721952	0.0	0.34229194176358985	0.6161562425375515	0.42383998448533305	0.3085659368308413
el	1.0	1.0	0.7958672237971817	1.0	0.7376607345031153	0.6254303192325079	1.0	0.3715638618651249	0.7263875964832448	0.5200556664202177	1.0	1.0	1.0	0.7322034805959263	0.44981517329514403	1.0	1.0	1.0	1.0	1.0	1.0	0.30289631280645174	0.7322034805959263	1.0	0.6740515375688696	1.0	0.6223041007404059	1.0	0.7376607345031153	1.0	0.6667969795412325	0.0	0.7106922308883379	1.0	0.42950893856045713	1.0
en	1.0	0.41451916354404916	0.6240245961334563	0.4411096456566658	0.31148688386531065	0.19369091868470711	0.3715638618651249	1.0	0.22981745949493812	0.1809027661872026	0.35867186468638973	0.30221473856396247	0.2331482273968761	0.2718579660244065	0.18684991397120893	0.23269394502338966	0.20674779617216107	0.40715213108080806	0.20786052083384757	0.4340113097924818	1.0	0.20621123805727007	0.21848831707411454	0.2310070404160669	0.24805915600677267	0.2323977929133228	0.2417143380878376	0.7507177080721378	0.2781350080486806	0.387792377430432	0.2200674038106634	1.0	0.22936336664795617	0.33135690139989027	0.4130524867226898	0.28321844089770026
es	1.0	1.0	0.6491893529429001	0.7690990303325336	0.5497547962123392	0.31969780619074495	0.7263875964832448	0.22981745949493812	1.0	0.39225345904075	1.0	1.0	0.6005596236014678	0.550087263538577	0.29375456181423526	0.6119147571437915	1.0	1.0	0.6475250169846578	1.0	1.0	0.3565917611614192	0.6370879244183066	0.6442100898340133	0.6638546162332061	0.7533226188229758	0.4661478890224742	0.7412258679203934	0.5507122338239765	0.7376607345031153	0.44342554886476704	0.0	0.40283306759707127	1.0	0.41584801015387857	0.6139986085577287
fr	0.5660160774121898	0.4695960115558277	0.6304983134912253	0.7690990303325336	0.4509778105929309	0.2705555526751795	0.5200556664202177	0.1809027661872026	0.39225345904075	1.0	0.5541889101836267	0.5715862519958487	0.439952445510391	0.39440233499069316	0.1803716948033179	0.3355053748878197	0.38749238146649034	0.5502047135044985	0.352321274252962	0.5020797777427737	1.0	0.25765906870842126	0.3762943183016772	0.4141534905880408	0.5106135770026826	0.261231932354994	0.29367880860164125	0.7299906898700863	0.4809089475218355	0.3328114861677493	0.40017107869401536	0.0	0.34050137623439464	0.5557628485043243	0.4118555184881326	0.36109421632365407
he	1.0	1.0	0.7980582980758757	1.0	0.6908587525207898	0.6786291688147437	1.0	0.35867186468638973	1.0	0.5541889101836267	1.0	1.0	1.0	1.0	0.7376607345031153	1.0	1.0	1.0	1.0	1.0	1.0	0.59354041928618	1.0	1.0	1.0	1.0	0.7510341748895938	1.0	0.629896233114065	1.0	1.0	0.0	0.7455134344225701	1.0	0.42950893856045713	1.0
hi	1.0	1.0	0.7993030167622943	0.0	1.0	1.0	1.0	0.30221473856396247	1.0	0.5715862519958487	1.0	1.0	1.0	0.6841174893561723	1.0	1.0	1.0	1.0	1.0	1.0	1.0	0.7584325078215763	1.0	1.0	1.0	1.0	1.0	1.0	0.6704675947063355	1.0	1.0	1.0	0.6978955566455195	1.0	0.4300253223228943	1.0
hu	1.0	1.0	0.43284945055983076	1.0	0.7455134344225701	0.5648956442922967	1.0	0.2331482273968761	0.6005596236014678	0.439952445510391	1.0	1.0	1.0	1.0	0.3176229985479326	0.5912384651224016	0.6380558066189798	1.0	0.661251134120194	1.0	1.0	0.3962566611184389	0.728099120889861	0.6638546162332061	1.0	0.6167131210802117	0.7411828468492556	0.5117486419861165	0.6841174893561722	1.0	0.6740515375688697	0.0	0.7510341748895938	0.7455134344225701	0.3548045973827754	0.5945264701686552
id	1.0	1.0	0.7073714207608593	1.0	0.6035670054046118	0.34489800656472946	0.7322034805959263	0.2718579660244065	0.550087263538577	0.39440233499069316	1.0	0.6841174893561723	1.0	1.0	0.3437863401466738	0.5160513548570136	0.728099120889861	1.0	0.7221793916855703	1.0	1.0	0.48948589364742723	0.6070500287077109	0.7248485669756152	1.0	0.5572147509958033	0.3726991090211237	0.8260250243049703	0.5464096208591555	0.42489828324440826	0.5044664508129517	1.0	0.3914085582452002	1.0	0.4189801607361575	0.5275437548752118
it	0.8216064286890065	0.8428085291297184	0.77578643995977	1.0	0.43363059596884285	0.25600737717925415	0.44981517329514403	0.18684991397120893	0.29375456181423526	0.1803716948033179	0.7376607345031153	1.0	0.3176229985479326	0.3437863401466738	1.0	0.230658197278913	0.45508475862116166	0.4980918348991145	0.2782581462982041	1.0	1.0	0.2930046024855275	0.36803885002607	0.3402148291404249	0.38359506348914135	0.2749563675388056	0.3905937639760478	0.8937710847125971	0.5145172496841813	0.8308610847896853	0.29806512789295175	0.0	0.43884272597859797	0.6675879370773626	0.42737833258159663	0.2802715841026501
ja	1.0	1.0	0.7958672237971817	1.0	0.5445978184724408	0.3330028920276265	1.0	0.23269394502338966	0.6119147571437915	0.3355053748878197	1.0	1.0	0.5912384651224016	0.5160513548570136	0.230658197278913	1.0	1.0	1.0	1.0	1.0	1.0	0.32576584190052016	0.6452450558286368	1.0	0.6638546162332061	1.0	0.4674621353645168	1.0	0.5507122338239765	1.0	0.4391230320815361	1.0	0.4603456609728389	1.0	0.42950893856045713	1.0
ko	1.0	1.0	0.7958672237971816	1.0	0.6908587525207898	0.5054914386516804	1.0	0.20674779617216107	1.0	0.38749238146649034	1.0	1.0	0.6380558066189798	0.728099120889861	0.45508475862116166	1.0	1.0	1.0	1.0	1.0	1.0	0.38500279341050386	0.7199285383279773	1.0	1.0	1.0	0.65857855151911	1.0	0.5973329889831545	1.0	0.625957132744244	0.0	0.5244434925552225	1.0	0.42950893856045713	1.0
lv	1.0	1.0	0.5580582389660305	1.0	0.7510341748895938	0.7992591943912659	1.0	0.40715213108080806	1.0	0.5502047135044985	1.0	1.0	1.0	1.0	0.4980918348991145	1.0	1.0	1.0	1.0	1.0	1.0	0.42489828324440826	1.0	1.0	1.0	1.0	0.7510341748895938	0.6341847259419855	0.7510341748895938	1.0	0.7455134344225701	0.0	0.6434951398727462	1.0	0.3981390440203238	1.0
mk	1.0	1.0	0.7984398172434364	1.0	0.5758753435654246	0.5252056012775779	1.0	0.20786052083384757	0.6475250169846578	0.352321274252962	1.0	1.0	0.661251134120194	0.7221793916855703	0.2782581462982041	1.0	1.0	1.0	1.0	1.0	1.0	0.337667550312604	0.7162976956558116	1.0	0.728099120889861	1.0	0.5889308832557032	1.0	0.6044414021866648	1.0	0.6589257440209708	0.0	0.7510341748895938	1.0	0.42950893856045713	1.0
ml	1.0	1.0	0.7984398172434364	0.0	1.0	1.0	1.0	0.4340113097924818	1.0	0.5020797777427737	1.0	1.0	1.0	1.0	1.0	1.0	1.0	1.0	1.0	1.0	0.0	0.7863954451402115	1.0	1.0	1.0	1.0	1.0	1.0	0.7863954451402115	1.0	1.0	0.0	0.6742609581833431	1.0	0.42950893856045713	1.0
mr	1.0	1.0	0.7984398172434364	1.0	1.0	1.0	1.0	1.0	1.0	1.0	1.0	1.0	1.0	1.0	1.0	1.0	1.0	1.0	1.0	0.0	1.0	1.0	1.0	1.0	1.0	1.0	1.0	1.0	1.0	1.0	1.0	1.0	1.0	0.0	0.42950893856045713	1.0
nl	1.0	1.0	0.7671742246666955	1.0	0.46340813409349835	0.2855322930997616	0.30289631280645174	0.20621123805727007	0.3565917611614192	0.25765906870842126	0.59354041928618	0.7584325078215763	0.3962566611184389	0.48948589364742723	0.2930046024855275	0.32576584190052016	0.38500279341050386	0.42489828324440826	0.337667550312604	0.7863954451402115	1.0	1.0	0.3368094288451644	0.30895773204830757	0.5458963087544526	0.3434260872767855	0.43572168997329225	0.9166145921017828	0.5588542006359319	0.7942219112853846	0.3668444056727485	0.0	0.30668153292137823	0.5239369434832611	0.4273999709876621	0.39376019485501335
pl	1.0	1.0	0.7340728969878105	1.0	0.5838038838683439	0.3619515667877425	0.7322034805959263	0.21848831707411454	0.6370879244183066	0.3762943183016772	1.0	1.0	0.728099120889861	0.6070500287077109	0.36803885002607	0.6452450558286368	0.7199285383279773	1.0	0.7162976956558116	1.0	1.0	0.3368094288451644	1.0	0.718925811717485	1.0	0.5988341345139978	0.529138637146417	0.8559339712815023	0.5863089236503652	1.0	0.4660845454167144	0.0	0.3664875454956335	1.0	0.42628259519951656	0.6475250169846578
pt	1.0	1.0	0.3310599746467622	1.0	0.5698363501685829	0.3937101580068685	1.0	0.2310070404160669	0.6442100898340133	0.4141534905880408	1.0	1.0	0.6638546162332061	0.7248485669756152	0.3402148291404249	1.0	1.0	1.0	1.0	1.0	1.0	0.30895773204830757	0.718925811717485	1.0	0.6638546162332061	1.0	0.5331204179143466	0.3766512512667073	0.6110569957520273	1.0	0.47667160508548	0.0	0.34450144276922656	1.0	0.3017254054114096	1.0
ro	1.0	1.0	0.7429426083252682	1.0	0.6841174893561722	0.5447069551666448	0.6740515375688696	0.24805915600677267	0.6638546162332061	0.5106135770026826	1.0	1.0	1.0	1.0	0.38359506348914135	0.6638546162332061	1.0	1.0	0.728099120889861	1.0	1.0	0.5458963087544526	1.0	0.6638546162332061	1.0	0.661251134120194	0.6395657813917608	0.8630871359577086	0.5676329340360837	1.0	0.5295355337297544	0.0	0.5936476255764596	1.0	0.4266493890450431	0.6667969795412325
ru	1.0	1.0	0.7958672237971816	1.0	0.5570174674527478	0.27135162616328934	1.0	0.2323977929133228	0.7533226188229758	0.261231932354994	1.0	1.0	0.6167131210802117	0.5572147509958033	0.2749563675388056	1.0	1.0	1.0	1.0	1.0	1.0	0.3434260872767855	0.5988341345139978	1.0	0.661251134120194	1.0	0.5019643854089956	1.0	0.5507122338239765	1.0	0.4488336740153622	1.0	0.40388125653088713	1.0	0.42950893856045713	1.0
sh	1.0	0.7690990303325336	0.32768032476814485	1.0	0.5681432433501172	0.45735315334341026	0.6223041007404059	0.2417143380878376	0.4661478890224742	0.29367880860164125	0.7510341748895938	1.0	0.7411828468492556	0.3726991090211237	0.3905937639760478	0.4674621353645168	0.65857855151911	0.7510341748895938	0.5889308832557032	1.0	1.0	0.43572168997329225	0.529138637146417	0.5331204179143466	0.6395657813917608	0.5019643854089956	1.0	0.32326734986070366	0.8523100170540392	0.6786291688147438	0.4568365903228573	0.0	0.36573891439689876	0.6908587525207898	0.296365927633113	0.4674621353645168
si	1.0	0.8941461765814603	0.8476062008203896	1.0	0.8377774449438321	0.8188548862651857	1.0	0.7507177080721378	0.7412258679203934	0.7299906898700863	1.0	1.0	0.5117486419861165	0.8260250243049703	0.8937710847125971	1.0	1.0	0.6341847259419855	1.0	1.0	1.0	0.9166145921017828	0.8559339712815023	0.3766512512667073	0.8630871359577086	1.0	0.32326734986070366	1.0	0.9100045951529259	1.0	0.7807747146255493	1.0	1.0	0.7913549379348284	1.0	0.304809832667386
simple	1.0	1.0	0.7685463598305566	1.0	1.0	0.4956869481632925	0.7376607345031153	0.2781350080486806	0.5507122338239765	0.4809089475218355	0.629896233114065	0.6704675947063355	0.6841174893561722	0.5464096208591555	0.5145172496841813	0.5507122338239765	0.5973329889831545	0.7510341748895938	0.6044414021866648	0.7863954451402115	1.0	0.5588542006359319	0.5863089236503652	0.6110569957520273	0.5676329340360837	0.5507122338239765	0.8523100170540392	0.9100045951529259	1.0	0.74551343442257	0.5343933872929533	0.0	0.2751749521532208	0.6908587525207898	0.428508992308392	0.5649879395951224
sr	1.0	1.0	0.7980582980758757	1.0	0.7106922308883379	0.6492665986419108	1.0	0.387792377430432	0.7376607345031153	0.3328114861677493	1.0	1.0	1.0	0.42489828324440826	0.8308610847896853	1.0	1.0	1.0	1.0	1.0	1.0	0.7942219112853846	1.0	1.0	1.0	1.0	0.6786291688147438	1.0	0.74551343442257	1.0	0.672544634904323	0.0	0.5286612877834113	1.0	0.42950893856045713	1.0
sv	1.0	0.7690990303325336	0.6679597053989472	1.0	0.48418522573274075	0.3710481450721952	0.6667969795412325	0.2200674038106634	0.44342554886476704	0.40017107869401536	1.0	1.0	0.6740515375688697	0.5044664508129517	0.29806512789295175	0.4391230320815361	0.625957132744244	0.7455134344225701	0.6589257440209708	1.0	1.0	0.3668444056727485	0.4660845454167144	0.47667160508548	0.5295355337297544	0.4488336740153622	0.4568365903228573	0.7807747146255493	0.5343933872929533	0.672544634904323	1.0	1.0	0.40718490358405196	0.6841174893561723	0.4144423847328638	0.4441330844498116
te	0.0	0.0	0.8091513154606415	0.0	0.0	0.0	0.0	1.0	0.0	0.0	0.0	1.0	0.0	1.0	0.0	1.0	0.0	0.0	0.0	0.0	1.0	0.0	0.0	0.0	0.0	1.0	0.0	1.0	0.0	0.0	1.0	1.0	0.7510341748895938	0.0	0.47646049057033096	0.0
tr	1.0	0.48309446789914784	-1.0	0.7863954451402115	0.4480734496260061	0.34229194176358985	0.7106922308883379	0.22936336664795617	0.40283306759707127	0.34050137623439464	0.7455134344225701	0.6978955566455195	0.7510341748895938	0.3914085582452002	0.43884272597859797	0.4603456609728389	0.5244434925552225	0.6434951398727462	0.7510341748895938	0.6742609581833431	1.0	0.30668153292137823	0.3664875454956335	0.34450144276922656	0.5936476255764596	0.40388125653088713	0.36573891439689876	1.0	0.2751749521532208	0.5286612877834113	0.40718490358405196	0.7510341748895938	1.0	0.4441756152644327	1.0	0.4298990245308404
vi	1.0	1.0	0.6648710175053466	1.0	0.7584325078215763	0.6161562425375515	1.0	0.33135690139989027	1.0	0.5557628485043243	1.0	1.0	0.7455134344225701	1.0	0.6675879370773626	1.0	1.0	1.0	1.0	1.0	0.0	0.5239369434832611	1.0	1.0	1.0	1.0	0.6908587525207898	0.7913549379348284	0.6908587525207898	1.0	0.6841174893561723	0.0	0.4441756152644327	1.0	0.41911067547358893	1.0
war	1.0	0.42737968206102056	0.4493618422515443	0.42950893856045713	0.42599539763876443	0.42383998448533305	0.42950893856045713	0.4130524867226898	0.41584801015387857	0.4118555184881326	0.42950893856045713	0.4300253223228943	0.3548045973827754	0.4189801607361575	0.42737833258159663	0.42950893856045713	0.42950893856045713	0.3981390440203238	0.42950893856045713	0.42950893856045713	0.42950893856045713	0.4273999709876621	0.42628259519951656	0.3017254054114096	0.4266493890450431	0.42950893856045713	0.296365927633113	1.0	0.428508992308392	0.42950893856045713	0.4144423847328638	0.47646049057033096	1.0	0.41911067547358893	1.0	0.24005261343089893
zh	1.0	1.0	0.25977685034903036	1.0	0.5445978184724408	0.3085659368308413	1.0	0.28321844089770026	0.6139986085577287	0.36109421632365407	1.0	1.0	0.5945264701686552	0.5275437548752118	0.2802715841026501	1.0	1.0	1.0	1.0	1.0	1.0	0.39376019485501335	0.6475250169846578	1.0	0.6667969795412325	1.0	0.4674621353645168	0.304809832667386	0.5649879395951224	1.0	0.4441330844498116	0.0	0.4298990245308404	1.0	0.24005261343089893	1.0
