arz	bs	ceb	ckb	da	de	el	en	es	fr	he	hi	hu	id	it	ja	ko	lv	mk	ml	mr	nl	pl	pt	ro	ru	sh	si	simple	sr	sv	te	tr	vi	war	zh
arz	1.0	1.0	0.14518338349164053	1.0	1.0	1.0	1.0	1.0	1.0	1.0	1.0	1.0	1.0	1.0	0.585786437626905	1.0	1.0	1.0	1.0	1.0	1.0	1.0	1.0	1.0	1.0	1.0	1.0	1.0	1.0	1.0	1.0	0.0	1.0	1.0	1.0	1.0
bs	1.0	1.0	0.09947397769500654	1.0	0.585786437626905	1.0	1.0	0.585786437626905	1.0	1.0	1.0	1.0	1.0	1.0	0.5	1.0	1.0	1.0	1.0	1.0	1.0	1.0	1.0	1.0	1.0	1.0	0.585786437626905	0.03898499317469082	1.0	1.0	0.585786437626905	0.0	0.1349572791884249	1.0	0.010429573885498894	1.0
ceb	0.14518338349164053	0.09947397769500654	1.0	0.010781710752039061	0.0917123188992666	0.07819387992905318	0.01016547994619918	0.059023897228419095	0.06336072779513043	0.060449731858219974	0.010598566888314478	0.011069729665658605	0.04142854512529049	0.07697785360187279	0.10531208396906251	0.01016547994619918	0.01016547994619918	0.05261060570949537	0.010781710752039061	0.010781710752039061	0.010781710752039061	0.10224650485060363	0.08619980470379296	0.06175699038840428	0.08976273570926796	0.01016547994619918	0.06051594857530117	0.040509711722596466	0.10065178485922524	0.010598566888314478	0.06767089617948006	0.013610019005342986	-1.0	0.06769942845583957	0.010785030268624205	0.0545047890485525
ckb	1.0	1.0	0.010781710752039061	1.0	1.0	1.0	1.0	0.30383243470068705	0.585786437626905	0.585786437626905	1.0	0.0	1.0	1.0	1.0	1.0	1.0	1.0	1.0	0.0	1.0	1.0	1.0	1.0	1.0	1.0	1.0	1.0	1.0	1.0	1.0	0.0	0.585786437626905	1.0	0.3203772410170407	1.0
da	1.0	0.585786437626905	0.0917123188992666	1.0	1.0	0.2674788903885893	0.585786437626905	0.12209963299634725	0.34833147735478825	0.25	0.5	1.0	0.585786437626905	0.36602540378443865	0.2989350844248255	0.38742588672279304	0.5	0.585786437626905	0.3430703308172536	1.0	1.0	0.24002294646713998	0.4142135623730951	0.3244997998398398	0.5	0.32449979983983984	0.4142135623730951	0.039265475300619225	1.0	0.5	0.3333333333333333	0.0	0.2012628451930092	0.585786437626905	0.010492818834600398	0.38742588672279304
de	1.0	1.0	0.07819387992905318	1.0	0.2674788903885893	1.0	0.44948974278317805	0.029772904832350254	0.12957539764922837	0.10779108675497923	0.5	1.0	0.4142135623730951	0.21822796141133347	0.09461208620680006	0.1214936015024375	0.2857142857142857	0.5	0.3164309725825328	1.0	1.0	0.07792664672192445	0.15438708879488486	0.18660549686337075	0.38742588672279304	0.09245136310156789	0.2402530733520421	0.0397360067704788	0.2791745113185196	0.36602540378443865	0.18054705546755545	0.0	0.19513883876099986	0.4364916731037085	0.010612763694745422	0.1304550414116869
el	1.0	1.0	0.01016547994619918	1.0	0.585786437626905	0.44948974278317805	1.0	0.12247804808082567	0.585786437626905	0.32449979983983984	1.0	1.0	1.0	0.585786437626905	0.2402530733520421	1.0	1.0	1.0	1.0	1.0	1.0	0.23166247903554	0.585786437626905	1.0	0.5	1.0	0.4364916731037085	1.0	0.585786437626905	1.0	0.5	0.0	0.5	1.0	0.3203772410170407	1.0
en	1.0	0.585786437626905	0.059023897228419095	0.30383243470068705	0.12209963299634725	0.029772904832350254	0.12247804808082567	1.0	0.033706527118338735	0.028199447131060387	0.20742607609621763	0.44948974278317805	0.08503246093266528	0.061203572097302705	0.03162637822245722	0.028181960482035095	0.06237020612610181	0.27429188517743175	0.04234131565707257	0.5	1.0	0.0563304891335355	0.04733026246610104	0.03970337884399939	0.10384232329198982	0.025141425584480924	0.10609556896290459	0.04118464594019525	0.09974563342829112	0.3164309725825327	0.053291805953640414	1.0	0.11713171670617865	0.1757340838011157	0.011068956696638044	0.03061080645507669
es	1.0	1.0	0.06336072779513043	0.585786437626905	0.34833147735478825	0.12957539764922837	0.585786437626905	0.033706527118338735	1.0	0.1757340838011157	1.0	1.0	0.44948974278317805	0.4142135623730951	0.1075663731169891	0.4142135623730951	1.0	1.0	0.5	1.0	1.0	0.07741884428857061	0.5	0.5	0.5	0.5	0.2766967754673749	0.040920111443761564	0.3430703308172536	0.585786437626905	0.23800671553691075	0.0	0.17093187196226328	1.0	0.010920474011853922	0.4142135623730951
fr	1.0	1.0	0.060449731858219974	0.585786437626905	0.25	0.10779108675497923	0.32449979983983984	0.028199447131060387	0.1757340838011157	1.0	0.39564392373896007	0.4364916731037085	0.2898979485566356	0.20521309615767266	0.061810950390021935	0.15438708879488486	0.1849185832642095	0.3483314773547883	0.15997823601601188	1.0	1.0	0.059025563345591135	0.18905299528192201	0.19636040545626823	0.3333333333333333	0.10342868174395425	0.21926426046804404	0.041172508558395486	0.3333333333333333	0.585786437626905	0.1987625491245426	0.0	0.16038657022286432	0.4364916731037085	0.01102534633421582	0.1585482616943639
he	1.0	1.0	0.010598566888314478	1.0	0.5	0.5	1.0	0.20742607609621763	1.0	0.39564392373896007	1.0	1.0	1.0	1.0	0.585786437626905	1.0	1.0	1.0	1.0	1.0	1.0	0.36602540378443865	1.0	1.0	1.0	1.0	0.585786437626905	1.0	0.4364916731037085	1.0	1.0	0.0	0.585786437626905	1.0	0.3203772410170407	1.0
hi	1.0	1.0	0.011069729665658605	0.0	1.0	1.0	1.0	0.44948974278317805	1.0	0.4364916731037085	1.0	1.0	1.0	0.5	1.0	1.0	1.0	1.0	1.0	1.0	1.0	0.585786437626905	1.0	1.0	1.0	1.0	1.0	1.0	0.4364916731037085	1.0	1.0	1.0	0.39564392373896007	1.0	0.3203772410170407	1.0
hu	1.0	1.0	0.04142854512529049	1.0	0.585786437626905	0.4142135623730951	1.0	0.08503246093266528	0.44948974278317805	0.2898979485566356	1.0	1.0	1.0	1.0	0.27429188517743175	0.4142135623730951	0.44948974278317805	1.0	0.5	1.0	1.0	0.203075234310397	0.585786437626905	0.5	1.0	0.44948974278317805	0.585786437626905	0.041331148993456995	0.5	1.0	0.5	0.0	0.585786437626905	0.585786437626905	0.01266665499387967	0.4142135623730951
id	1.0	1.0	0.07697785360187279	1.0	0.36602540378443865	0.21822796141133347	0.585786437626905	0.061203572097302705	0.4142135623730951	0.20521309615767266	1.0	0.5	1.0	1.0	0.28708594921778513	0.2791745113185196	0.585786437626905	1.0	0.585786437626905	1.0	1.0	0.18030816435569247	0.4236911886691039	0.585786437626905	1.0	0.2791745113185196	0.39564392373896007	0.0397033788439994	0.40453726661826384	1.0	0.353889367864523	1.0	0.17904043690790597	1.0	0.010615989833551205	0.28989794855663564
it	0.585786437626905	0.5	0.10531208396906251	1.0	0.2989350844248255	0.09461208620680006	0.2402530733520421	0.03162637822245722	0.1075663731169891	0.061810950390021935	0.585786437626905	1.0	0.27429188517743175	0.28708594921778513	1.0	0.09448033407370761	0.2402530733520421	0.27792629762666365	0.17070721772550654	1.0	1.0	0.06355189459772616	0.15352447281755405	0.1077494862257035	0.3660254037844386	0.07361215535284014	0.18078696884595807	0.038852101069895194	0.2989350844248255	0.44948974278317805	0.15196938465046325	0.0	0.16678021845824972	0.44948974278317805	0.010381378398472195	0.10132304459785468
ja	1.0	1.0	0.01016547994619918	1.0	0.38742588672279304	0.1214936015024375	1.0	0.028181960482035095	0.4142135623730951	0.15438708879488486	1.0	1.0	0.4142135623730951	0.2791745113185196	0.09448033407370761	1.0	1.0	1.0	1.0	1.0	1.0	0.0727661963586346	0.5	1.0	0.5	1.0	0.22901628833426058	1.0	0.3430703308172536	1.0	0.23582845781094	1.0	0.2240092377397959	1.0	0.3203772410170407	1.0
ko	1.0	1.0	0.01016547994619918	1.0	0.5	0.2857142857142857	1.0	0.06237020612610181	1.0	0.1849185832642095	1.0	1.0	0.44948974278317805	0.585786437626905	0.2402530733520421	1.0	1.0	1.0	1.0	1.0	1.0	0.22772999919644132	0.585786437626905	1.0	1.0	1.0	0.44948974278317805	1.0	0.39564392373896007	1.0	0.4142135623730951	0.0	0.3090169943749474	1.0	0.3203772410170407	1.0
lv	1.0	1.0	0.05261060570949537	1.0	0.585786437626905	0.5	1.0	0.27429188517743175	1.0	0.3483314773547883	1.0	1.0	1.0	1.0	0.27792629762666365	1.0	1.0	1.0	1.0	1.0	1.0	1.0	1.0	1.0	1.0	1.0	0.585786437626905	0.04339259316504867	0.585786437626905	1.0	0.585786437626905	0.0	0.4356120478348471	1.0	0.011596382537731991	1.0
mk	1.0	1.0	0.010781710752039061	1.0	0.3430703308172536	0.3164309725825328	1.0	0.04234131565707257	0.5	0.15997823601601188	1.0	1.0	0.5	0.585786437626905	0.17070721772550654	1.0	1.0	1.0	1.0	1.0	1.0	0.13265505186373677	0.585786437626905	1.0	0.585786437626905	1.0	0.3430703308172536	1.0	0.39564392373896007	1.0	0.5	0.0	0.585786437626905	1.0	0.3203772410170407	1.0
ml	1.0	1.0	0.010781710752039061	0.0	1.0	1.0	1.0	0.5	1.0	1.0	1.0	1.0	1.0	1.0	1.0	1.0	1.0	1.0	1.0	1.0	0.0	0.585786437626905	1.0	1.0	1.0	1.0	1.0	1.0	0.585786437626905	1.0	1.0	0.0	0.3797958971132712	1.0	0.3203772410170407	1.0
mr	1.0	1.0	0.010781710752039061	1.0	1.0	1.0	1.0	1.0	1.0	1.0	1.0	1.0	1.0	1.0	1.0	1.0	1.0	1.0	1.0	0.0	1.0	1.0	1.0	1.0	1.0	1.0	1.0	1.0	1.0	1.0	1.0	1.0	1.0	0.0	0.3203772410170407	1.0
nl	1.0	1.0	0.10224650485060363	1.0	0.24002294646713998	0.07792664672192445	0.23166247903554	0.0563304891335355	0.07741884428857061	0.059025563345591135	0.36602540378443865	0.585786437626905	0.203075234310397	0.18030816435569247	0.06355189459772616	0.0727661963586346	0.22772999919644132	1.0	0.13265505186373677	0.585786437626905	1.0	1.0	0.10021677823717207	0.08805795377509637	0.32449979983983984	0.059183712769755405	0.18435986965472473	0.03881148747089104	0.28989794855663564	0.5	0.11062182986375295	0.0	0.066155956723079	0.3090169943749474	0.010404251093130154	0.09488213349077174
pl	1.0	1.0	0.08619980470379296	1.0	0.4142135623730951	0.15438708879488486	0.585786437626905	0.04733026246610104	0.5	0.18905299528192201	1.0	1.0	0.585786437626905	0.4236911886691039	0.15352447281755405	0.5	0.585786437626905	1.0	0.585786437626905	1.0	1.0	0.10021677823717207	1.0	0.585786437626905	1.0	0.44948974278317805	0.2674788903885893	0.03931809302976717	0.39564392373896007	1.0	0.27429188517743175	0.0	0.18305599716292306	1.0	0.01051330733842499	0.5
pt	1.0	1.0	0.06175699038840428	1.0	0.3244997998398398	0.18660549686337075	1.0	0.03970337884399939	0.5	0.19636040545626823	1.0	1.0	0.5	0.585786437626905	0.1077494862257035	1.0	1.0	1.0	1.0	1.0	1.0	0.08805795377509637	0.585786437626905	1.0	0.5	1.0	0.3333333333333333	0.03927748333092464	0.4364916731037085	1.0	0.2857142857142857	0.0	0.16879264089884097	1.0	0.011612804971065458	1.0
ro	1.0	1.0	0.08976273570926796	1.0	0.5	0.38742588672279304	0.5	0.10384232329198982	0.5	0.3333333333333333	1.0	1.0	1.0	1.0	0.3660254037844386	0.5	1.0	1.0	0.585786437626905	1.0	1.0	0.32449979983983984	1.0	0.5	1.0	0.5	0.4364916731037085	0.039160879022912806	0.40453726661826384	1.0	0.3797958971132712	0.0	0.4142135623730951	1.0	0.010489512481686588	0.5
ru	1.0	1.0	0.01016547994619918	1.0	0.32449979983983984	0.09245136310156789	1.0	0.025141425584480924	0.5	0.10342868174395425	1.0	1.0	0.44948974278317805	0.2791745113185196	0.07361215535284014	1.0	1.0	1.0	1.0	1.0	1.0	0.059183712769755405	0.44948974278317805	1.0	0.5	1.0	0.2372732414640341	1.0	0.3430703308172536	1.0	0.2553967929896867	1.0	0.1987625491245426	1.0	0.3203772410170407	1.0
sh	1.0	0.585786437626905	0.06051594857530117	1.0	0.4142135623730951	0.2402530733520421	0.4364916731037085	0.10609556896290459	0.2766967754673749	0.21926426046804404	0.585786437626905	1.0	0.585786437626905	0.39564392373896007	0.18078696884595807	0.22901628833426058	0.44948974278317805	0.585786437626905	0.3430703308172536	1.0	1.0	0.18435986965472473	0.2674788903885893	0.3333333333333333	0.4364916731037085	0.2372732414640341	1.0	0.03811501075933128	0.5	0.5	0.23441237831492112	0.0	0.3239852027391038	0.5	0.011704967957178132	0.22901628833426058
si	1.0	0.03898499317469082	0.040509711722596466	1.0	0.039265475300619225	0.0397360067704788	1.0	0.04118464594019525	0.040920111443761564	0.041172508558395486	1.0	1.0	0.041331148993456995	0.0397033788439994	0.038852101069895194	1.0	1.0	0.04339259316504867	1.0	1.0	1.0	0.03881148747089104	0.03931809302976717	0.03927748333092464	0.039160879022912806	1.0	0.03811501075933128	1.0	0.03884193555718095	1.0	0.04036043591288129	1.0	1.0	0.040486636855775124	1.0	0.052004520431381984
simple	1.0	1.0	0.10065178485922524	1.0	1.0	0.2791745113185196	0.585786437626905	0.09974563342829112	0.3430703308172536	0.3333333333333333	0.4364916731037085	0.4364916731037085	0.5	0.40453726661826384	0.2989350844248255	0.3430703308172536	0.39564392373896007	0.585786437626905	0.39564392373896007	0.585786437626905	1.0	0.28989794855663564	0.39564392373896007	0.4364916731037085	0.40453726661826384	0.3430703308172536	0.5	0.03884193555718095	1.0	0.585786437626905	0.3797958971132712	0.0	0.21238501982018376	0.5	0.010401975672661292	0.36602540378443865
sr	1.0	1.0	0.010598566888314478	1.0	0.5	0.36602540378443865	1.0	0.3164309725825327	0.585786437626905	0.585786437626905	1.0	1.0	1.0	1.0	0.44948974278317805	1.0	1.0	1.0	1.0	1.0	1.0	0.5	1.0	1.0	1.0	1.0	0.5	1.0	0.585786437626905	1.0	0.44948974278317805	0.0	0.3483314773547883	1.0	0.3203772410170407	1.0
sv	1.0	0.585786437626905	0.06767089617948006	1.0	0.3333333333333333	0.18054705546755545	0.5	0.053291805953640414	0.23800671553691075	0.1987625491245426	1.0	1.0	0.5	0.353889367864523	0.15196938465046325	0.23582845781094	0.4142135623730951	0.585786437626905	0.5	1.0	1.0	0.11062182986375295	0.27429188517743175	0.2857142857142857	0.3797958971132712	0.2553967929896867	0.23441237831492112	0.04036043591288129	0.3797958971132712	0.44948974278317805	1.0	1.0	0.22584440001865322	0.5	0.010811960079813466	0.24257131419419417
te	0.0	0.0	0.013610019005342986	0.0	0.0	0.0	0.0	1.0	0.0	0.0	0.0	1.0	0.0	1.0	0.0	1.0	0.0	0.0	0.0	0.0	1.0	0.0	0.0	0.0	0.0	1.0	0.0	1.0	0.0	0.0	1.0	1.0	0.585786437626905	0.0	0.3660254037844386	0.0
tr	1.0	0.1349572791884249	-1.0	0.585786437626905	0.2012628451930092	0.19513883876099986	0.5	0.11713171670617865	0.17093187196226328	0.16038657022286432	0.585786437626905	0.39564392373896007	0.585786437626905	0.17904043690790597	0.16678021845824972	0.2240092377397959	0.3090169943749474	0.4356120478348471	0.585786437626905	0.3797958971132712	1.0	0.066155956723079	0.18305599716292306	0.16879264089884097	0.4142135623730951	0.1987625491245426	0.3239852027391038	1.0	0.21238501982018376	0.3483314773547883	0.22584440001865322	0.585786437626905	1.0	0.252650308587072	1.0	0.2240092377397959
vi	1.0	1.0	0.06769942845583957	1.0	0.585786437626905	0.4364916731037085	1.0	0.1757340838011157	1.0	0.4364916731037085	1.0	1.0	0.585786437626905	1.0	0.44948974278317805	1.0	1.0	1.0	1.0	1.0	0.0	0.3090169943749474	1.0	1.0	1.0	1.0	0.5	0.040486636855775124	0.5	1.0	0.5	0.0	0.252650308587072	1.0	0.010828181050319323	1.0
war	1.0	0.010429573885498894	0.010785030268624205	0.3203772410170407	0.010492818834600398	0.010612763694745422	0.3203772410170407	0.011068956696638044	0.010920474011853922	0.01102534633421582	0.3203772410170407	0.3203772410170407	0.01266665499387967	0.010615989833551205	0.010381378398472195	0.3203772410170407	0.3203772410170407	0.011596382537731991	0.3203772410170407	0.3203772410170407	0.3203772410170407	0.010404251093130154	0.01051330733842499	0.011612804971065458	0.010489512481686588	0.3203772410170407	0.011704967957178132	1.0	0.010401975672661292	0.3203772410170407	0.010811960079813466	0.3660254037844386	1.0	0.010828181050319323	1.0	0.011852792093492812
zh	1.0	1.0	0.0545047890485525	1.0	0.38742588672279304	0.1304550414116869	1.0	0.03061080645507669	0.4142135623730951	0.1585482616943639	1.0	1.0	0.4142135623730951	0.28989794855663564	0.10132304459785468	1.0	1.0	1.0	1.0	1.0	1.0	0.09488213349077174	0.5	1.0	0.5	1.0	0.22901628833426058	0.052004520431381984	0.36602540378443865	1.0	0.24257131419419417	0.0	0.2240092377397959	1.0	0.011852792093492812	1.0
