arz	bs	ceb	ckb	da	de	el	en	es	fr	he	hi	hu	id	it	ja	ko	lv	mk	ml	mr	nl	pl	pt	ro	ru	sh	si	simple	sr	sv	te	tr	vi	war	zh
arz	1.0	1.0	0.0	1.0	1.0	1.0	1.0	1.0	1.0	1.0	1.0	1.0	1.0	0.585786437626905	1.0	1.0	1.0	1.0	1.0	1.0	1.0	1.0	1.0	1.0	1.0	1.0	1.0	1.0	1.0	1.0	1.0	1.0	1.0	1.0	1.0	1.0
bs	1.0	1.0	1.0	0.39564392373896007	0.40453726661826384	0.36602540378443865	1.0	0.36602540378443865	0.36602540378443865	0.36602540378443865	0.585786437626905	0.4364916731037085	0.585786437626905	0.2466060555964672	0.3726822671238253	0.36602540378443865	0.36602540378443865	1.0	1.0	1.0	1.0	0.3333333333333333	0.39564392373896	0.3483314773547883	0.39564392373896007	0.39564392373896	0.30216947925196225	1.0	0.44948974278317805	0.4364916731037085	0.36602540378443865	1.0	0.39564392373896007	0.36602540378443865	0.585786437626905	0.36602540378443865
ceb	0.0	1.0	1.0	0.0	1.0	1.0	0.0	1.0	1.0	1.0	1.0	1.0	1.0	1.0	1.0	1.0	1.0	1.0	1.0	1.0	0.0	1.0	1.0	1.0	1.0	1.0	1.0	1.0	1.0	1.0	1.0	0.0	-1.0	1.0	1.0	1.0
ckb	1.0	0.39564392373896007	0.0	1.0	0.5	1.0	1.0	1.0	1.0	1.0	1.0	1.0	1.0	0.27429188517743175	0.585786437626905	1.0	1.0	1.0	1.0	1.0	1.0	0.5	1.0	0.585786437626905	1.0	1.0	0.3090169943749474	1.0	1.0	1.0	1.0	1.0	1.0	1.0	0.585786437626905	1.0
da	1.0	0.40453726661826384	1.0	0.5	1.0	0.3483314773547883	0.585786437626905	0.36602540378443865	0.3483314773547883	0.39564392373896007	0.36602540378443865	0.5	0.4364916731037085	0.2674788903885893	0.3380788308512194	0.36602540378443865	0.36602540378443865	0.585786437626905	0.585786437626905	0.585786437626905	0.585786437626905	0.35388936786452296	0.3333333333333333	0.39564392373896007	0.5	0.36602540378443865	0.44948974278317805	1.0	0.40453726661826384	0.4364916731037085	0.40453726661826384	1.0	0.585786437626905	0.5	1.0	0.39564392373896007
de	1.0	0.36602540378443865	1.0	1.0	0.3483314773547883	1.0	0.5	0.07225542724134146	0.27429188517743175	0.15395385841142584	0.3660254037844386	1.0	0.4142135623730951	0.25824569976124334	0.12825349971651706	0.18581211318908403	0.34833147735478825	1.0	1.0	1.0	1.0	0.13661047430254597	0.2449655295864104	0.18368518446174903	0.5	0.1987625491245426	0.3090169943749474	1.0	0.44948974278317805	0.5	0.3055272678794342	1.0	0.4142135623730951	0.4364916731037085	0.585786437626905	0.34833147735478825
el	1.0	1.0	0.0	1.0	0.585786437626905	0.5	1.0	0.585786437626905	0.585786437626905	1.0	1.0	1.0	1.0	0.27429188517743175	0.44948974278317805	1.0	1.0	1.0	1.0	1.0	1.0	0.3333333333333333	1.0	0.3483314773547883	1.0	1.0	0.4364916731037085	1.0	1.0	1.0	1.0	1.0	0.585786437626905	1.0	0.585786437626905	1.0
en	1.0	0.36602540378443865	1.0	1.0	0.36602540378443865	0.07225542724134146	0.585786437626905	1.0	0.18400240527946554	0.13133048602716904	0.38742588672279304	0.585786437626905	0.38742588672279304	0.25824569976124334	0.08798203975355756	0.20521309615767264	0.3090169943749474	1.0	1.0	1.0	1.0	0.12471269363335882	0.2612038749637414	0.16666666666666666	0.44948974278317805	0.21712927295533244	0.3090169943749474	1.0	0.4142135623730951	0.4142135623730951	0.23727324146403408	1.0	0.27429188517743175	1.0	0.585786437626905	0.2791745113185196
es	1.0	0.36602540378443865	1.0	1.0	0.3483314773547883	0.27429188517743175	0.585786437626905	0.18400240527946554	1.0	0.23166247903554	0.44948974278317805	0.585786437626905	0.44948974278317805	0.25824569976124334	0.18464218557642828	0.3333333333333333	0.4142135623730951	1.0	1.0	1.0	1.0	0.1886378647726465	0.3333333333333333	0.23582845781094	0.5	0.3660254037844386	0.36602540378443865	1.0	0.44948974278317805	0.5	0.3164309725825327	1.0	0.585786437626905	0.44948974278317805	0.585786437626905	0.34833147735478825
fr	1.0	0.36602540378443865	1.0	1.0	0.39564392373896007	0.15395385841142584	1.0	0.13133048602716904	0.23166247903554	1.0	0.585786437626905	1.0	0.3333333333333333	0.25	0.14102429177663225	0.2791745113185196	0.3430703308172536	1.0	1.0	1.0	1.0	0.18660549686337075	0.28708594921778513	0.20942771453851886	0.5	0.2791745113185196	0.3090169943749474	1.0	0.44948974278317805	0.5	0.26968623182294527	1.0	0.44948974278317805	0.39564392373896007	0.585786437626905	0.27429188517743175
he	1.0	0.585786437626905	1.0	1.0	0.36602540378443865	0.3660254037844386	1.0	0.38742588672279304	0.44948974278317805	0.585786437626905	1.0	1.0	1.0	0.27429188517743175	0.23166247903554	1.0	1.0	1.0	1.0	1.0	1.0	0.2612038749637414	0.44948974278317805	0.36602540378443865	0.585786437626905	1.0	0.585786437626905	1.0	0.44948974278317805	0.5	0.44948974278317805	1.0	0.585786437626905	1.0	0.585786437626905	1.0
hi	1.0	0.4364916731037085	1.0	1.0	0.5	1.0	1.0	0.585786437626905	0.585786437626905	1.0	1.0	1.0	1.0	0.27429188517743175	0.5	1.0	1.0	1.0	1.0	1.0	1.0	0.44948974278317805	1.0	1.0	1.0	1.0	0.39564392373896007	1.0	0.585786437626905	0.585786437626905	0.585786437626905	1.0	0.585786437626905	1.0	0.585786437626905	1.0
hu	1.0	0.585786437626905	1.0	1.0	0.4364916731037085	0.4142135623730951	1.0	0.38742588672279304	0.44948974278317805	0.3333333333333333	1.0	1.0	1.0	0.2674788903885893	0.38742588672279304	0.585786437626905	0.585786437626905	1.0	1.0	1.0	1.0	0.3380788308512194	0.44948974278317805	0.4142135623730951	0.585786437626905	0.585786437626905	0.4364916731037085	1.0	0.44948974278317805	0.585786437626905	0.44948974278317805	1.0	0.585786437626905	0.585786437626905	0.585786437626905	1.0
id	0.585786437626905	0.2466060555964672	1.0	0.27429188517743175	0.2674788903885893	0.25824569976124334	0.27429188517743175	0.25824569976124334	0.25824569976124334	0.25	0.27429188517743175	0.27429188517743175	0.2674788903885893	1.0	0.2449655295864104	0.26427884169111276	0.26427884169111276	0.27429188517743175	0.27429188517743175	0.27429188517743175	0.585786437626905	0.24257131419419417	0.25	0.2449655295864104	0.27429188517743175	0.27429188517743175	0.2590787070926852	0.36602540378443865	0.2674788903885893	0.27429188517743175	0.25	0.585786437626905	0.2674788903885893	0.27429188517743175	0.3333333333333333	0.27429188517743175
it	1.0	0.3726822671238253	1.0	0.585786437626905	0.3380788308512194	0.12825349971651706	0.44948974278317805	0.08798203975355756	0.18464218557642828	0.14102429177663225	0.23166247903554	0.5	0.38742588672279304	0.2449655295864104	1.0	0.16556726505498612	0.19803190560151412	0.585786437626905	0.585786437626905	0.585786437626905	1.0	0.14069766220587918	0.2553967929896867	0.12819304429541925	0.44948974278317805	0.14988983451522517	0.3726822671238253	1.0	0.38742588672279304	0.4142135623730951	0.18495525720821343	1.0	0.3333333333333333	0.44948974278317805	0.585786437626905	0.12477741009751188
ja	1.0	0.36602540378443865	1.0	1.0	0.36602540378443865	0.18581211318908403	1.0	0.20521309615767264	0.3333333333333333	0.2791745113185196	1.0	1.0	0.585786437626905	0.26427884169111276	0.16556726505498612	1.0	1.0	1.0	1.0	1.0	1.0	0.17826035697019474	0.32449979983983984	0.2402530733520421	0.5	1.0	0.3090169943749474	1.0	0.44948974278317805	0.5	0.3090169943749474	1.0	0.5	1.0	0.585786437626905	1.0
ko	1.0	0.36602540378443865	1.0	1.0	0.36602540378443865	0.34833147735478825	1.0	0.3090169943749474	0.4142135623730951	0.3430703308172536	1.0	1.0	0.585786437626905	0.26427884169111276	0.19803190560151412	1.0	1.0	1.0	1.0	1.0	1.0	0.21089672205953397	0.44948974278317805	0.3090169943749474	0.5	1.0	0.3090169943749474	1.0	0.44948974278317805	0.5	0.44948974278317805	1.0	0.585786437626905	1.0	0.585786437626905	1.0
lv	1.0	1.0	1.0	1.0	0.585786437626905	1.0	1.0	1.0	1.0	1.0	1.0	1.0	1.0	0.27429188517743175	0.585786437626905	1.0	1.0	1.0	1.0	1.0	1.0	0.585786437626905	1.0	1.0	1.0	1.0	0.4364916731037085	1.0	0.585786437626905	0.585786437626905	1.0	1.0	0.585786437626905	1.0	0.585786437626905	1.0
mk	1.0	1.0	1.0	1.0	0.585786437626905	1.0	1.0	1.0	1.0	1.0	1.0	1.0	1.0	0.27429188517743175	0.585786437626905	1.0	1.0	1.0	1.0	1.0	1.0	0.585786437626905	1.0	1.0	1.0	1.0	0.4364916731037085	1.0	0.585786437626905	0.585786437626905	1.0	1.0	0.585786437626905	1.0	0.585786437626905	1.0
ml	1.0	1.0	1.0	1.0	0.585786437626905	1.0	1.0	1.0	1.0	1.0	1.0	1.0	1.0	0.27429188517743175	0.585786437626905	1.0	1.0	1.0	1.0	1.0	1.0	0.585786437626905	1.0	1.0	1.0	1.0	0.585786437626905	1.0	1.0	1.0	1.0	1.0	1.0	1.0	0.585786437626905	1.0
mr	1.0	1.0	0.0	1.0	0.585786437626905	1.0	1.0	1.0	1.0	1.0	1.0	1.0	1.0	0.585786437626905	1.0	1.0	1.0	1.0	1.0	1.0	1.0	1.0	1.0	1.0	1.0	1.0	1.0	1.0	1.0	1.0	1.0	1.0	1.0	1.0	0.585786437626905	1.0
nl	1.0	0.3333333333333333	1.0	0.5	0.35388936786452296	0.13661047430254597	0.3333333333333333	0.12471269363335882	0.1886378647726465	0.18660549686337075	0.2612038749637414	0.44948974278317805	0.3380788308512194	0.24257131419419417	0.14069766220587918	0.17826035697019474	0.21089672205953397	0.585786437626905	0.585786437626905	0.585786437626905	1.0	1.0	0.20658711810431302	0.1876127897984334	0.3126480851423008	0.15942427352931443	0.2989350844248255	1.0	0.3660254037844386	0.35388936786452296	0.2612038749637414	1.0	0.3660254037844386	0.36602540378443865	0.585786437626905	0.1896812679802183
pl	1.0	0.39564392373896	1.0	1.0	0.3333333333333333	0.2449655295864104	1.0	0.2612038749637414	0.3333333333333333	0.28708594921778513	0.44948974278317805	1.0	0.44948974278317805	0.25	0.2553967929896867	0.32449979983983984	0.44948974278317805	1.0	1.0	1.0	1.0	0.20658711810431302	1.0	0.252650308587072	0.5	0.4142135623730951	0.39564392373896007	1.0	0.5	1.0	0.4142135623730951	1.0	0.585786437626905	1.0	0.585786437626905	0.44948974278317805
pt	1.0	0.3483314773547883	1.0	0.585786437626905	0.39564392373896007	0.18368518446174903	0.3483314773547883	0.16666666666666666	0.23582845781094	0.20942771453851886	0.36602540378443865	1.0	0.4142135623730951	0.2449655295864104	0.12819304429541925	0.2402530733520421	0.3090169943749474	1.0	1.0	1.0	1.0	0.1876127897984334	0.252650308587072	1.0	0.4142135623730951	0.26427884169111276	0.2989350844248255	1.0	0.4142135623730951	0.44948974278317805	0.22901628833426058	1.0	0.38742588672279304	0.44948974278317805	0.585786437626905	0.2708131845707603
ro	1.0	0.39564392373896007	1.0	1.0	0.5	0.5	1.0	0.44948974278317805	0.5	0.5	0.585786437626905	1.0	0.585786437626905	0.27429188517743175	0.44948974278317805	0.5	0.5	1.0	1.0	1.0	1.0	0.3126480851423008	0.5	0.4142135623730951	1.0	0.5	0.3090169943749474	1.0	1.0	0.585786437626905	0.44948974278317805	1.0	0.585786437626905	0.585786437626905	0.585786437626905	0.5
ru	1.0	0.39564392373896	1.0	1.0	0.36602540378443865	0.1987625491245426	1.0	0.21712927295533244	0.3660254037844386	0.2791745113185196	1.0	1.0	0.585786437626905	0.27429188517743175	0.14988983451522517	1.0	1.0	1.0	1.0	1.0	1.0	0.15942427352931443	0.4142135623730951	0.26427884169111276	0.5	1.0	0.39564392373896007	1.0	0.44948974278317805	0.5	0.32449979983983984	1.0	0.5	1.0	0.585786437626905	1.0
sh	1.0	0.30216947925196225	1.0	0.3090169943749474	0.44948974278317805	0.3090169943749474	0.4364916731037085	0.3090169943749474	0.36602540378443865	0.3090169943749474	0.585786437626905	0.39564392373896007	0.4364916731037085	0.2590787070926852	0.3726822671238253	0.3090169943749474	0.3090169943749474	0.4364916731037085	0.4364916731037085	0.585786437626905	1.0	0.2989350844248255	0.39564392373896007	0.2989350844248255	0.3090169943749474	0.39564392373896007	1.0	0.585786437626905	0.3266316347104093	0.39564392373896007	0.3090169943749474	1.0	0.3090169943749474	0.3090169943749474	0.585786437626905	0.3090169943749474
si	1.0	1.0	1.0	1.0	1.0	1.0	1.0	1.0	1.0	1.0	1.0	1.0	1.0	0.36602540378443865	1.0	1.0	1.0	1.0	1.0	1.0	1.0	1.0	1.0	1.0	1.0	1.0	0.585786437626905	1.0	1.0	1.0	1.0	1.0	1.0	1.0	1.0	1.0
simple	1.0	0.44948974278317805	1.0	1.0	0.40453726661826384	0.44948974278317805	1.0	0.4142135623730951	0.44948974278317805	0.44948974278317805	0.44948974278317805	0.585786437626905	0.44948974278317805	0.2674788903885893	0.38742588672279304	0.44948974278317805	0.44948974278317805	0.585786437626905	0.585786437626905	1.0	1.0	0.3660254037844386	0.5	0.4142135623730951	1.0	0.44948974278317805	0.3266316347104093	1.0	1.0	0.4142135623730951	0.44948974278317805	1.0	0.5	0.585786437626905	0.585786437626905	0.44948974278317805
sr	1.0	0.4364916731037085	1.0	1.0	0.4364916731037085	0.5	1.0	0.4142135623730951	0.5	0.5	0.5	0.585786437626905	0.585786437626905	0.27429188517743175	0.4142135623730951	0.5	0.5	0.585786437626905	0.585786437626905	1.0	1.0	0.35388936786452296	1.0	0.44948974278317805	0.585786437626905	0.5	0.39564392373896007	1.0	0.4142135623730951	1.0	0.44948974278317805	1.0	0.44948974278317805	1.0	0.585786437626905	0.5
sv	1.0	0.36602540378443865	1.0	1.0	0.40453726661826384	0.3055272678794342	1.0	0.23727324146403408	0.3164309725825327	0.26968623182294527	0.44948974278317805	0.585786437626905	0.44948974278317805	0.25	0.18495525720821343	0.3090169943749474	0.44948974278317805	1.0	1.0	1.0	1.0	0.2612038749637414	0.4142135623730951	0.22901628833426058	0.44948974278317805	0.32449979983983984	0.3090169943749474	1.0	0.44948974278317805	0.44948974278317805	1.0	1.0	0.44948974278317805	0.585786437626905	0.585786437626905	0.28989794855663564
te	1.0	1.0	0.0	1.0	1.0	1.0	1.0	1.0	1.0	1.0	1.0	1.0	1.0	0.585786437626905	1.0	1.0	1.0	1.0	1.0	1.0	1.0	1.0	1.0	1.0	1.0	1.0	1.0	1.0	1.0	1.0	1.0	1.0	1.0	1.0	1.0	1.0
tr	1.0	0.39564392373896007	-1.0	1.0	0.585786437626905	0.4142135623730951	0.585786437626905	0.27429188517743175	0.585786437626905	0.44948974278317805	0.585786437626905	0.585786437626905	0.585786437626905	0.2674788903885893	0.3333333333333333	0.5	0.585786437626905	0.585786437626905	0.585786437626905	1.0	1.0	0.3660254037844386	0.585786437626905	0.38742588672279304	0.585786437626905	0.5	0.3090169943749474	1.0	0.5	0.44948974278317805	0.44948974278317805	1.0	1.0	1.0	0.585786437626905	0.44948974278317805
vi	1.0	0.36602540378443865	1.0	1.0	0.5	0.4364916731037085	1.0	1.0	0.44948974278317805	0.39564392373896007	1.0	1.0	0.585786437626905	0.27429188517743175	0.44948974278317805	1.0	1.0	1.0	1.0	1.0	1.0	0.36602540378443865	1.0	0.44948974278317805	0.585786437626905	1.0	0.3090169943749474	1.0	0.585786437626905	1.0	0.585786437626905	1.0	1.0	1.0	0.585786437626905	1.0
war	1.0	0.585786437626905	1.0	0.585786437626905	1.0	0.585786437626905	0.585786437626905	0.585786437626905	0.585786437626905	0.585786437626905	0.585786437626905	0.585786437626905	0.585786437626905	0.3333333333333333	0.585786437626905	0.585786437626905	0.585786437626905	0.585786437626905	0.585786437626905	0.585786437626905	0.585786437626905	0.585786437626905	0.585786437626905	0.585786437626905	0.585786437626905	0.585786437626905	0.585786437626905	1.0	0.585786437626905	0.585786437626905	0.585786437626905	1.0	0.585786437626905	0.585786437626905	1.0	0.585786437626905
zh	1.0	0.36602540378443865	1.0	1.0	0.39564392373896007	0.34833147735478825	1.0	0.2791745113185196	0.34833147735478825	0.27429188517743175	1.0	1.0	1.0	0.27429188517743175	0.12477741009751188	1.0	1.0	1.0	1.0	1.0	1.0	0.1896812679802183	0.44948974278317805	0.2708131845707603	0.5	1.0	0.3090169943749474	1.0	0.44948974278317805	0.5	0.28989794855663564	1.0	0.44948974278317805	1.0	0.585786437626905	1.0
