arz	bs	ceb	ckb	da	de	el	en	es	fr	he	hi	hu	id	it	ja	ko	lv	mk	ml	mr	nl	pl	pt	ro	ru	sh	si	simple	sr	sv	te	tr	vi	war	zh
arz	0.5	0.5	0.0	0.5	0.5	0.5	0.5	0.5	0.5	0.5	0.5	0.5	0.5	0.5	0.5	0.5	0.5	0.5	0.5	0.5	0.5	0.5	0.5	0.5	0.5	0.5	0.5	1.0	0.5	0.5	0.5	0.5	0.5	0.5	0.5	0.5
bs	0.5	0.001287705437048909	1.0	1.0	0.2	0.002669058135404624	0.012705353829894791	0.00421246031828416	0.006451904266389179	0.0017161019423866414	0.07692307692307693	1.0	0.013927969276434528	0.02003205128051818	0.013890817901234566	0.01538532544378698	0.013184091702793575	1.0	0.0011918951132300357	1.0	0.3333333333333333	0.0011859720667251091	0.0012288378604987044	0.0012332554685086845	0.00900519950764163	0.0012184616648616509	0.0013898672492539345	0.3333333333333333	0.25	0.001163431877917991	0.014927824014480062	0.5	0.14287755102040817	0.007698644264382488	0.25	0.0020928908152255997
ceb	0.0	1.0	0.3333333333333333	0.0	1.0	0.5	0.0	0.3333333333333333	0.5	1.0	0.5	0.5	1.0	0.5	0.5	0.5	0.5	1.0	1.0	1.0	0.0	1.0	1.0	0.5	0.5	0.5	1.0	0.5	1.0	1.0	1.0	0.0	-1.0	0.5	1.0	0.5
ckb	0.5	1.0	0.0	1.0	0.0	1.0	1.0	1.0	0.0	1.0	0.0	0.0	0.0	0.0	0.0	1.0	0.0	0.0	1.0	0.0	0.3333333333333333	1.0	1.0	1.0	0.0	1.0	1.0	0.3333333333333333	0.0	1.0	1.0	0.5	0.125	0.0	0.25	1.0
da	0.5	0.2	1.0	0.0	0.2	0.25	0.5	0.25	0.25	0.25	0.3333333333333333	1.0	0.3333333333333333	0.5	0.25	0.25	0.25	1.0	0.3333333333333333	1.0	0.3333333333333333	0.25	0.25	0.25	0.3333333333333333	0.25	0.3333333333333333	0.3333333333333333	0.5	0.25	0.3333333333333333	0.5	0.16666666666666666	0.25	0.25	0.25
de	0.5	0.002669058135404624	0.5	1.0	0.25	0.002589452581718124	0.01334062738098009	0.0047436755954764764	0.006802813642463788	0.0038644352219420705	0.05555555555555555	1.0	0.014711074828504757	0.0208359375	0.013158240997229917	0.013513513513513514	0.013163091241865134	1.0	0.002702702702702703	1.0	0.3333333333333333	0.002696755327744175	0.002638557236443634	0.002624740811926068	0.009187798194304165	0.002824906636024131	0.0035343306571439274	0.3333333333333333	0.25	0.0026741328391003457	0.014492753623188406	0.5	0.07142857142857142	0.008065752081165452	0.25	0.0042918823334377135
el	0.5	0.012705353829894791	0.0	1.0	0.5	0.01334062738098009	0.013057767758132123	0.013605454128511593	0.015153581496786042	0.013591947715519432	0.2	1.0	0.021872758003856522	0.028673007775837596	0.03571683673469388	0.025644970414201183	0.02229953725315946	1.0	0.012658227848101266	1.0	0.3333333333333333	0.012848352373738981	0.012659189232494792	0.012821006081525312	0.018116920518219122	0.014706963667820068	0.014100595338645732	0.3333333333333333	1.0	0.012664640604391444	0.02857469387755102	0.5	0.125	0.01787949047008268	0.25	0.013891975694444444
en	0.5	0.00421246031828416	0.3333333333333333	1.0	0.25	0.0047436755954764764	0.013605454128511593	0.004147186587183518	0.006623656944870839	0.0046974153779935635	0.050004999999999994	1.0	0.01377562998550653	0.019668390024772203	0.012662074828553756	0.013159452908587256	0.01255414305791721	1.0	0.00425531914893617	1.0	0.3333333333333333	0.004199827866795565	0.003968899691358025	0.0040164352671731105	0.008912951736651017	0.004386619094355955	0.004726412106161367	0.3333333333333333	0.25	0.004205373316469671	0.015876292265558575	0.5	0.05555555555555555	0.007647599959198099	0.25	0.0049274919557864534
es	0.5	0.006451904266389179	0.5	0.0	0.25	0.006802813642463788	0.015153581496786042	0.006623656944870839	0.006139300728406377	0.006494349974700623	0.07692307692307693	1.0	0.014086094425709185	0.0200008	0.016666666666666666	0.015873015873015872	0.01298869978073874	1.0	0.006493506493506494	1.0	0.3333333333333333	0.006410667365220249	0.006172877610120408	0.006289308176100629	0.009177174312179109	0.007246376811594203	0.007092399778683164	0.3333333333333333	0.25	0.0065360331496433	0.019230769230769232	0.5	0.07142857142857142	0.008620986920332935	0.25	0.006756802410518627
fr	0.5	0.0017161019423866414	1.0	1.0	0.25	0.0038644352219420705	0.013591947715519432	0.0046974153779935635	0.006494349974700623	0.001885780974996698	0.07142857142857142	1.0	0.013956935904786269	0.020048107843343228	0.013702196660349596	0.01428755102040816	0.01254721524716365	1.0	0.0017301038062283738	1.0	0.3333333333333333	0.0016999633659728923	0.0016784127714630167	0.0016839269150823722	0.008974975821505747	0.001742785732578431	0.0017321419372413455	0.3333333333333333	0.25	0.0017011289248405393	0.01492938471886879	0.5	0.06666666666666667	0.008142459738746952	0.25	0.002084670972704262
he	0.5	0.07692307692307693	0.5	0.0	0.3333333333333333	0.05555555555555555	0.2	0.050004999999999994	0.07692307692307693	0.07142857142857142	0.050004999999999994	1.0	0.25	0.5	0.0625	0.08333333333333333	0.1111111111111111	1.0	0.07692307692307693	1.0	0.3333333333333333	0.07692307692307693	0.05	0.05263157894736842	0.14285714285714285	0.05	0.1111111111111111	0.3333333333333333	0.5	0.07692307692307693	0.16666666666666666	0.5	0.1	0.14285714285714285	0.25	0.07142857142857142
hi	0.5	1.0	0.5	0.0	1.0	1.0	1.0	1.0	1.0	1.0	1.0	1.0	1.0	1.0	1.0	1.0	1.0	1.0	1.0	1.0	0.3333333333333333	1.0	1.0	1.0	1.0	1.0	0.0	0.3333333333333333	1.0	1.0	1.0	0.5	0.125	1.0	0.25	1.0
hu	0.5	0.013927969276434528	1.0	0.0	0.3333333333333333	0.014711074828504757	0.021872758003856522	0.01377562998550653	0.014086094425709185	0.013956935904786269	0.25	1.0	0.013856900627769364	0.022815936243325757	0.0294169576150545	0.02325743645213629	0.015229744317810053	1.0	0.014084507042253521	1.0	0.3333333333333333	0.013722883940541478	0.013699943704259712	0.014085102162269388	0.014296351511632466	0.01587427588813303	0.014940981970162635	0.3333333333333333	0.5	0.014089467764530848	0.02778163734645139	0.5	0.125	0.014727328134629531	0.25	0.013515705076698319
id	0.5	0.02003205128051818	0.5	0.0	0.5	0.0208359375	0.028673007775837596	0.019668390024772203	0.0200008	0.020048107843343228	0.5	1.0	0.022815936243325757	0.019860554693201637	0.0434820415879017	0.02631786703601108	0.022274214699788922	1.0	0.02	1.0	0.3333333333333333	0.020015612008806003	0.01960938100730488	0.02	0.021895259453590856	0.022728305785123963	0.02084723308377692	0.3333333333333333	0.3333333333333333	0.020004401200399997	0.03031037649219467	0.5	0.1111111111111111	0.021753318534032614	0.25	0.020002799999999998
it	0.5	0.013890817901234566	0.5	0.0	0.25	0.013158240997229917	0.03571683673469388	0.012662074828553756	0.016666666666666666	0.013702196660349596	0.0625	1.0	0.0294169576150545	0.0434820415879017	0.01137850622692762	0.02173960302457467	0.02778240895061728	1.0	0.014084507042253521	1.0	0.3333333333333333	0.013514792001460918	0.011904761904761904	0.012345679012345678	0.024399172519336113	0.0125	0.016667222222222222	0.3333333333333333	0.25	0.014084705415592145	0.02857142857142857	0.5	0.06666666666666667	0.023809523809523808	0.25	0.01428591836734694
ja	0.5	0.01538532544378698	0.5	1.0	0.25	0.013513513513513514	0.025644970414201183	0.013159452908587256	0.015873015873015872	0.01428755102040816	0.08333333333333333	1.0	0.02325743645213629	0.02631786703601108	0.02173960302457467	0.013166557656686116	0.021279311905839746	1.0	0.015625	1.0	0.3333333333333333	0.015625244140625	0.013157894736842105	0.013333333333333334	0.020839411459201387	0.013513513513513514	0.01785873756377551	0.3333333333333333	0.5	0.015625244140625	0.022222716049382713	0.5	0.06666666666666667	0.02127704843820733	0.25	0.014492753623188406
ko	0.5	0.013184091702793575	0.5	0.0	0.25	0.013163091241865134	0.02229953725315946	0.01255414305791721	0.01298869978073874	0.01254721524716365	0.1111111111111111	1.0	0.015229744317810053	0.022274214699788922	0.02778240895061728	0.021279311905839746	0.012574976448201188	1.0	0.013333333333333334	1.0	0.3333333333333333	0.01317384438525767	0.012659349463227047	0.0125	0.01403508056474984	0.015152433425160696	0.013707644405899052	0.3333333333333333	0.5	0.013336533511111111	0.02778163657484645	0.5	0.07692307692307693	0.013901439054410315	0.25	0.012501249999999998
lv	0.5	1.0	1.0	0.0	1.0	1.0	1.0	1.0	1.0	1.0	1.0	1.0	1.0	1.0	1.0	1.0	1.0	1.0	1.0	1.0	0.3333333333333333	1.0	1.0	1.0	1.0	1.0	0.0	0.3333333333333333	1.0	1.0	1.0	0.5	0.14285714285714285	1.0	0.25	1.0
mk	0.5	0.0011918951132300357	1.0	1.0	0.3333333333333333	0.002702702702702703	0.012658227848101266	0.00425531914893617	0.006493506493506494	0.0017301038062283738	0.07692307692307693	1.0	0.014084507042253521	0.02	0.014084507042253521	0.015625	0.013333333333333334	1.0	0.0011904761904761906	1.0	0.3333333333333333	0.001199040767386091	0.0012515644555694619	0.0012531328320802004	0.008928571428571428	0.0012406947890818859	0.001430615164520744	0.3333333333333333	0.25	0.0011947431302270011	0.015151515151515152	0.5	0.125	0.0078125	0.25	0.002145922746781116
ml	0.5	1.0	1.0	0.0	1.0	1.0	1.0	1.0	1.0	1.0	1.0	1.0	1.0	1.0	1.0	1.0	1.0	1.0	1.0	1.0	0.3333333333333333	1.0	1.0	1.0	1.0	1.0	0.0	0.3333333333333333	1.0	1.0	1.0	0.5	0.2	1.0	0.25	1.0
mr	0.5	0.3333333333333333	0.0	0.3333333333333333	0.3333333333333333	0.3333333333333333	0.3333333333333333	0.3333333333333333	0.3333333333333333	0.3333333333333333	0.3333333333333333	0.3333333333333333	0.3333333333333333	0.3333333333333333	0.3333333333333333	0.3333333333333333	0.3333333333333333	0.3333333333333333	0.3333333333333333	0.3333333333333333	0.3333333333333333	0.3333333333333333	0.3333333333333333	0.3333333333333333	0.3333333333333333	0.3333333333333333	0.3333333333333333	1.0	0.3333333333333333	0.3333333333333333	0.3333333333333333	0.5	0.3333333333333333	0.3333333333333333	0.3333333333333333	0.3333333333333333
nl	0.5	0.0011859720667251091	1.0	1.0	0.25	0.002696755327744175	0.012848352373738981	0.004199827866795565	0.006410667365220249	0.0016999633659728923	0.07692307692307693	1.0	0.013722883940541478	0.020015612008806003	0.013514792001460918	0.015625244140625	0.01317384438525767	1.0	0.001199040767386091	1.0	0.3333333333333333	0.001244603622652543	0.0012301802520254348	0.0012331459843915574	0.008970615354784082	0.0012153149119659716	0.001415003491452299	0.3333333333333333	0.25	0.0011845450281877253	0.014707612673010382	0.5	0.07142857142857142	0.007754944054804759	0.25	0.002088066278489895
pl	0.5	0.0012288378604987044	1.0	1.0	0.25	0.002638557236443634	0.012659189232494792	0.003968899691358025	0.006172877610120408	0.0016784127714630167	0.05	1.0	0.013699943704259712	0.01960938100730488	0.011904761904761904	0.013157894736842105	0.012659349463227047	1.0	0.0012515644555694619	1.0	0.3333333333333333	0.0012301802520254348	0.0012088666462047942	0.0012239991969905121	0.00877377677746999	0.0012484456850908898	0.0014793927974335625	0.3333333333333333	0.25	0.0012346060051821367	0.014492963663095989	0.5	0.09090909090909091	0.007633704329584524	0.25	0.0020661242401475307
pt	0.5	0.0012332554685086845	0.5	1.0	0.25	0.002624740811926068	0.012821006081525312	0.0040164352671731105	0.006289308176100629	0.0016839269150823722	0.05263157894736842	1.0	0.014085102162269388	0.02	0.012345679012345678	0.013333333333333334	0.0125	1.0	0.0012531328320802004	1.0	0.3333333333333333	0.0012331459843915574	0.0012239991969905121	0.0012168145075462048	0.008850418983475605	0.0012594521886440493	0.0014815626995906717	0.3333333333333333	0.25	0.0012391696570743292	0.014492753623188406	0.5	0.0625	0.007692307692307693	0.25	0.002074697405347704
ro	0.5	0.00900519950764163	0.5	0.0	0.3333333333333333	0.009187798194304165	0.018116920518219122	0.008912951736651017	0.009177174312179109	0.008974975821505747	0.14285714285714285	1.0	0.014296351511632466	0.021895259453590856	0.024399172519336113	0.020839411459201387	0.01403508056474984	1.0	0.008928571428571428	1.0	0.3333333333333333	0.008970615354784082	0.00877377677746999	0.008850418983475605	0.009459005174884221	0.010992392947711628	0.009287291659867697	0.3333333333333333	0.3333333333333333	0.008938706326065386	0.02440393575967163	0.5	0.1	0.009475621874779468	0.25	0.008775086257925824
ru	0.5	0.0012184616648616509	0.5	1.0	0.25	0.002824906636024131	0.014706963667820068	0.004386619094355955	0.007246376811594203	0.001742785732578431	0.05	1.0	0.01587427588813303	0.022728305785123963	0.0125	0.013513513513513514	0.015152433425160696	1.0	0.0012406947890818859	1.0	0.3333333333333333	0.0012153149119659716	0.0012484456850908898	0.0012594521886440493	0.010992392947711628	0.001199709625279875	0.0014707331423010372	0.3333333333333333	0.25	0.0012240531379558307	0.014492753623188406	0.5	0.06666666666666667	0.009346143768014672	0.25	0.002164525589850265
sh	0.5	0.0013898672492539345	1.0	1.0	0.3333333333333333	0.0035343306571439274	0.014100595338645732	0.004726412106161367	0.007092399778683164	0.0017321419372413455	0.1111111111111111	0.0	0.014940981970162635	0.02084723308377692	0.016667222222222222	0.01785873756377551	0.013707644405899052	0.0	0.001430615164520744	0.0	0.3333333333333333	0.001415003491452299	0.0014793927974335625	0.0014815626995906717	0.009287291659867697	0.0014707331423010372	0.0014244690890941334	0.3333333333333333	0.5	0.0013896339103570098	0.016667500000000002	0.5	0.125015625	0.008336598194861388	0.25	0.0021370444015404748
si	1.0	0.3333333333333333	0.5	0.3333333333333333	0.3333333333333333	0.3333333333333333	0.3333333333333333	0.3333333333333333	0.3333333333333333	0.3333333333333333	0.3333333333333333	0.3333333333333333	0.3333333333333333	0.3333333333333333	0.3333333333333333	0.3333333333333333	0.3333333333333333	0.3333333333333333	0.3333333333333333	0.3333333333333333	1.0	0.3333333333333333	0.3333333333333333	0.3333333333333333	0.3333333333333333	0.3333333333333333	0.3333333333333333	0.3333333333333333	0.3333333333333333	0.3333333333333333	0.3333333333333333	1.0	0.3333333333333333	0.3333333333333333	0.5	0.3333333333333333
simple	0.5	0.25	1.0	0.0	0.5	0.25	1.0	0.25	0.25	0.25	0.5	1.0	0.5	0.3333333333333333	0.25	0.5	0.5	1.0	0.25	1.0	0.3333333333333333	0.25	0.25	0.25	0.3333333333333333	0.25	0.5	0.3333333333333333	0.25	0.25	0.3333333333333333	0.5	0.1111111111111111	0.3333333333333333	0.25	0.25
sr	0.5	0.001163431877917991	1.0	1.0	0.25	0.0026741328391003457	0.012664640604391444	0.004205373316469671	0.0065360331496433	0.0017011289248405393	0.07692307692307693	1.0	0.014089467764530848	0.020004401200399997	0.014084705415592145	0.015625244140625	0.013336533511111111	1.0	0.0011947431302270011	1.0	0.3333333333333333	0.0011845450281877253	0.0012346060051821367	0.0012391696570743292	0.008938706326065386	0.0012240531379558307	0.0013896339103570098	0.3333333333333333	0.25	0.0011775477998039303	0.015151974288337923	0.5	0.1	0.007753200228411754	0.25	0.0021053916986149583
sv	0.5	0.014927824014480062	1.0	1.0	0.3333333333333333	0.014492753623188406	0.02857469387755102	0.015876292265558575	0.019230769230769232	0.01492938471886879	0.16666666666666666	1.0	0.02778163734645139	0.03031037649219467	0.02857142857142857	0.022222716049382713	0.02778163657484645	1.0	0.015151515151515152	1.0	0.3333333333333333	0.014707612673010382	0.014492963663095989	0.014492753623188406	0.02440393575967163	0.014492753623188406	0.016667500000000002	0.3333333333333333	0.3333333333333333	0.015151974288337923	0.014303699217387595	0.5	0.07692307692307693	0.024390243902439025	0.25	0.015873015873015872
te	0.5	0.5	0.0	0.5	0.5	0.5	0.5	0.5	0.5	0.5	0.5	0.5	0.5	0.5	0.5	0.5	0.5	0.5	0.5	0.5	0.5	0.5	0.5	0.5	0.5	0.5	0.5	1.0	0.5	0.5	0.5	0.5	0.5	0.5	0.5	0.5
tr	0.5	0.14287755102040817	-1.0	0.125	0.16666666666666666	0.07142857142857142	0.125	0.05555555555555555	0.07142857142857142	0.06666666666666667	0.1	0.125	0.125	0.1111111111111111	0.06666666666666667	0.06666666666666667	0.07692307692307693	0.14285714285714285	0.125	0.2	0.3333333333333333	0.07142857142857142	0.09090909090909091	0.0625	0.1	0.06666666666666667	0.125015625	0.3333333333333333	0.1111111111111111	0.1	0.07692307692307693	0.5	0.055574074074074074	0.1111111111111111	0.25	0.0625
vi	0.5	0.007698644264382488	0.5	0.0	0.25	0.008065752081165452	0.01787949047008268	0.007647599959198099	0.008620986920332935	0.008142459738746952	0.14285714285714285	1.0	0.014727328134629531	0.021753318534032614	0.023809523809523808	0.02127704843820733	0.013901439054410315	1.0	0.0078125	1.0	0.3333333333333333	0.007754944054804759	0.007633704329584524	0.007692307692307693	0.009475621874779468	0.009346143768014672	0.008336598194861388	0.3333333333333333	0.3333333333333333	0.007753200228411754	0.024390243902439025	0.5	0.1111111111111111	0.00769698018925826	0.25	0.00813061015268689
war	0.5	0.25	1.0	0.25	0.25	0.25	0.25	0.25	0.25	0.25	0.25	0.25	0.25	0.25	0.25	0.25	0.25	0.25	0.25	0.25	0.3333333333333333	0.25	0.25	0.25	0.25	0.25	0.25	0.5	0.25	0.25	0.25	0.5	0.25	0.25	0.25006249999999997	0.25
zh	0.5	0.0020928908152255997	0.5	1.0	0.25	0.0042918823334377135	0.013891975694444444	0.0049274919557864534	0.006756802410518627	0.002084670972704262	0.07142857142857142	1.0	0.013515705076698319	0.020002799999999998	0.01428591836734694	0.014492753623188406	0.012501249999999998	1.0	0.002145922746781116	1.0	0.3333333333333333	0.002088066278489895	0.0020661242401475307	0.002074697405347704	0.008775086257925824	0.002164525589850265	0.0021370444015404748	0.3333333333333333	0.25	0.0021053916986149583	0.015873015873015872	0.5	0.0625	0.00813061015268689	0.25	0.002055840939992513
