arz	bs	ceb	ckb	da	de	el	en	es	fr	he	hi	hu	id	it	ja	ko	lv	mk	ml	mr	nl	pl	pt	ro	ru	sh	si	simple	sr	sv	te	tr	vi	war	zh
arz	0.5	0.5	0.0	0.5	0.5	0.5	0.5	0.5	0.5	0.5	0.5	0.5	0.5	0.5	0.5	0.5	0.5	0.5	0.5	0.5	0.5	0.5	0.5	0.5	0.5	0.5	0.5	1.0	0.5	0.5	0.5	0.5	0.5	0.5	0.5	0.5
bs	0.5	0.059049300835894644	1.0	0.5	0.14287755102040817	0.06250781641016015	0.16666666666666666	0.05883737370242214	0.06667111111111111	0.06668445333778222	0.16666666666666666	0.2	0.16666666666666666	0.1111111111111111	0.07692899408284024	0.06666666666666667	0.1111111111111111	0.25	0.16666666666666666	0.14285714285714285	0.5	0.06254690627737111	0.0625	0.06250391016016016	0.2	0.058823529411764705	0.20003999999999997	1.0	0.09091735537190083	0.14285714285714285	0.125	0.3333333333333333	0.09093389256198346	0.07692307692307693	0.5	0.07692307692307693
ceb	0.0	1.0	0.3333333333333333	0.0	1.0	0.5	0.0	0.3333333333333333	0.5	1.0	0.5	0.5	1.0	0.5	0.5	0.5	0.5	1.0	1.0	1.0	0.0	1.0	1.0	0.5	0.5	0.5	1.0	0.5	1.0	1.0	1.0	0.0	-1.0	0.5	1.0	0.5
ckb	0.5	0.5	0.0	0.3333333333333333	0.5	0.3333333333333333	0.3333333333333333	0.3333333333333333	0.3333333333333333	0.3333333333333333	0.5	0.5	1.0	0.3333333333333333	0.3333333333333333	0.3333333333333333	0.5	0.5	1.0	0.5	1.0	0.3333333333333333	0.3333333333333333	0.3333333333333333	1.0	0.3333333333333333	1.0	1.0	0.3333333333333333	0.5	0.3333333333333333	1.0	0.3333333333333333	0.3333333333333333	1.0	0.3333333333333333
da	0.5	0.14287755102040817	1.0	0.5	0.052717612499231056	0.058823529411764705	0.2	0.05556481481481482	0.05555864197530863	0.06250390624999999	0.08333333333333333	0.1111111111111111	0.14285714285714285	0.0714387806122449	0.07143367346938775	0.0625	0.07692307692307693	0.14285714285714285	0.125	0.125	0.5	0.05264820775900276	0.05555555555555555	0.05882698961937716	0.125	0.058823529411764705	0.125	1.0	0.07143367346938775	0.09090909090909091	0.06666666666666667	0.16666666666666666	0.09090909090909091	0.09090909090909091	0.5	0.07692307692307693
de	0.5	0.06250781641016015	0.5	0.3333333333333333	0.058823529411764705	0.0097363404125858	0.14285714285714285	0.013333866666666664	0.015384852071005919	0.0138908180941358	0.08333333333333333	0.1	0.0625	0.0400016	0.01851920438957476	0.030303030303030304	0.0625	0.09090909090909091	0.1111111111111111	0.06666666666666667	1.0	0.010530860499058615	0.012501249999999998	0.01639344262295082	0.08333333333333333	0.015151515151515152	0.08333333333333333	1.0	0.03703840877914952	0.03571428571428571	0.02857142857142857	0.14285714285714285	0.05555864197530863	0.043478260869565216	0.5	0.034482758620689655
el	0.5	0.16666666666666666	0.0	0.3333333333333333	0.2	0.14285714285714285	0.1111111111111111	0.1111111111111111	0.125	0.125	0.25	0.2	0.3333333333333333	0.14285714285714285	0.125	0.14285714285714285	0.16666666666666666	0.3333333333333333	0.25	0.2	1.0	0.14285714285714285	0.125	0.1111111111111111	0.3333333333333333	0.14285714285714285	0.3333333333333333	1.0	0.14285714285714285	0.16666666666666666	0.16666666666666666	0.5	0.16666666666666666	0.16666666666666666	0.5	0.14285714285714285
en	0.5	0.05883737370242214	0.3333333333333333	0.3333333333333333	0.05556481481481482	0.013333866666666664	0.1111111111111111	0.010592204247034333	0.014086491172386431	0.013335644444444445	0.07142857142857142	0.09090909090909091	0.0625	0.033335555555555556	0.018870772516909932	0.025	0.05	0.08333333333333333	0.09090909090909091	0.06666666666666667	0.5	0.011125574097313122	0.012502344375156248	0.014085895655623883	0.07692307692307693	0.014925373134328358	0.07143367346938775	0.5	0.03226222684703434	0.037039780521262	0.029411764705882353	0.1111111111111111	0.05263157894736842	0.03571428571428571	0.5	0.02857142857142857
es	0.5	0.06667111111111111	0.5	0.3333333333333333	0.05555864197530863	0.015384852071005919	0.125	0.014086491172386431	0.012844225259181065	0.014926486968144352	0.06666666666666667	0.09090909090909091	0.0625	0.03571683673469388	0.020834635416666667	0.027777777777777776	0.05263157894736842	0.09090909090909091	0.1	0.07142857142857142	0.5	0.012992075224490302	0.013889274691358023	0.015384852071005919	0.07692307692307693	0.017543859649122806	0.07142857142857142	1.0	0.037039780521262	0.03333333333333333	0.027777777777777776	0.125	0.05555555555555555	0.038461538461538464	0.5	0.030303030303030304
fr	0.5	0.06668445333778222	1.0	0.3333333333333333	0.06250390624999999	0.0138908180941358	0.125	0.013335644444444445	0.014926486968144352	0.010786904506787933	0.07142857142857142	0.1	0.07692307692307693	0.034485136741973836	0.01818214876033058	0.02857142857142857	0.05555555555555555	0.08333333333333333	0.1111111111111111	0.08333333333333333	0.5	0.011501525967240193	0.013334400355555555	0.015625976562499998	0.07692899408284024	0.016129032258064516	0.07692899408284024	1.0	0.038465977810650885	0.03846449704142012	0.02941349480968858	0.1111111111111111	0.05263434903047091	0.041666666666666664	0.5	0.03125
he	0.5	0.16666666666666666	0.5	0.5	0.08333333333333333	0.08333333333333333	0.25	0.07142857142857142	0.06666666666666667	0.07142857142857142	0.06666666666666667	0.1111111111111111	0.14285714285714285	0.08333333333333333	0.09090909090909091	0.07692307692307693	0.09090909090909091	0.14285714285714285	0.14285714285714285	0.14285714285714285	0.5	0.06666666666666667	0.06666666666666667	0.08333333333333333	0.125	0.07692307692307693	0.14285714285714285	1.0	0.08333333333333333	0.1	0.08333333333333333	0.16666666666666666	0.14285714285714285	0.1	0.5	0.09090909090909091
hi	0.5	0.2	0.5	0.5	0.1111111111111111	0.1	0.2	0.09090909090909091	0.09090909090909091	0.1	0.1111111111111111	0.09090909090909091	0.14285714285714285	0.1	0.1	0.09090909090909091	0.1111111111111111	0.16666666666666666	0.14285714285714285	0.16666666666666666	1.0	0.09090909090909091	0.09090909090909091	0.09090909090909091	0.125	0.09090909090909091	0.14285714285714285	1.0	0.09090909090909091	0.1111111111111111	0.1	0.2	0.14285714285714285	0.125	0.5	0.1
hu	0.5	0.16666666666666666	1.0	1.0	0.14285714285714285	0.0625	0.3333333333333333	0.0625	0.0625	0.07692307692307693	0.14285714285714285	0.14285714285714285	0.058823529411764705	0.1	0.09090909090909091	0.08333333333333333	0.125	0.2	0.16666666666666666	0.2	1.0	0.058823529411764705	0.058823529411764705	0.0625	0.125	0.058823529411764705	0.14285714285714285	1.0	0.1111111111111111	0.08333333333333333	0.1111111111111111	0.25	0.16666666666666666	0.14285714285714285	0.5	0.1
id	0.5	0.1111111111111111	0.5	0.3333333333333333	0.0714387806122449	0.0400016	0.14285714285714285	0.033335555555555556	0.03571683673469388	0.034485136741973836	0.08333333333333333	0.1	0.1	0.032320614169018554	0.047621315192743756	0.05	0.07692307692307693	0.1111111111111111	0.1111111111111111	0.1	0.5	0.03334333777888889	0.034482758620689655	0.03703840877914952	0.1111111111111111	0.038461538461538464	0.1	1.0	0.05263434903047091	0.06666666666666667	0.047619047619047616	0.16666666666666666	0.07142857142857142	0.0625	0.5	0.05
it	0.5	0.07692899408284024	0.5	0.3333333333333333	0.07143367346938775	0.01851920438957476	0.125	0.018870772516909932	0.020834635416666667	0.01818214876033058	0.09090909090909091	0.1	0.09090909090909091	0.047621315192743756	0.015922297775221503	0.04	0.07142857142857142	0.08333333333333333	0.14285714285714285	0.09090909090909091	1.0	0.017251786861474435	0.019232988905695265	0.020001599999999998	0.07692307692307693	0.02127659574468085	0.1111111111111111	1.0	0.047625850340136056	0.045454545454545456	0.03448394768133174	0.125	0.05882698961937716	0.05263157894736842	0.5	0.034482758620689655
ja	0.5	0.06666666666666667	0.5	0.3333333333333333	0.0625	0.030303030303030304	0.14285714285714285	0.025	0.027777777777777776	0.02857142857142857	0.07692307692307693	0.09090909090909091	0.08333333333333333	0.05	0.04	0.024390243902439025	0.0625	0.125	0.09090909090909091	0.09090909090909091	0.5	0.025	0.02564102564102564	0.02857142857142857	0.09090909090909091	0.02857142857142857	0.1	1.0	0.05	0.05263157894736842	0.047619047619047616	0.14285714285714285	0.06666666666666667	0.05	0.5	0.04
ko	0.5	0.1111111111111111	0.5	0.5	0.07692307692307693	0.0625	0.16666666666666666	0.05	0.05263157894736842	0.05555555555555555	0.09090909090909091	0.1111111111111111	0.125	0.07692307692307693	0.07142857142857142	0.0625	0.05	0.16666666666666666	0.125	0.1	0.5	0.05263157894736842	0.05	0.058823529411764705	0.125	0.05555555555555555	0.1111111111111111	1.0	0.07692307692307693	0.07142857142857142	0.09090909090909091	0.14285714285714285	0.09090909090909091	0.09090909090909091	0.5	0.07142857142857142
lv	0.5	0.25	1.0	0.5	0.14285714285714285	0.09090909090909091	0.3333333333333333	0.08333333333333333	0.09090909090909091	0.08333333333333333	0.14285714285714285	0.16666666666666666	0.2	0.1111111111111111	0.08333333333333333	0.125	0.16666666666666666	0.08341675705570156	0.25	0.25	1.0	0.08334027777777778	0.08333333333333333	0.08333333333333333	0.16666666666666666	0.08333333333333333	0.16669444444444442	1.0	0.1	0.125	0.09090909090909091	0.25	0.14285714285714285	0.16666666666666666	0.5	0.1111111111111111
mk	0.5	0.16666666666666666	1.0	1.0	0.125	0.1111111111111111	0.25	0.09090909090909091	0.1	0.1111111111111111	0.14285714285714285	0.14285714285714285	0.16666666666666666	0.1111111111111111	0.14285714285714285	0.09090909090909091	0.125	0.25	0.09090909090909091	0.14285714285714285	1.0	0.09090909090909091	0.1	0.1	0.14285714285714285	0.1	0.14285714285714285	1.0	0.125	0.14285714285714285	0.125	0.3333333333333333	0.16666666666666666	0.14285714285714285	0.5	0.1111111111111111
ml	0.5	0.14285714285714285	1.0	0.5	0.125	0.06666666666666667	0.2	0.06666666666666667	0.07142857142857142	0.08333333333333333	0.14285714285714285	0.16666666666666666	0.2	0.1	0.09090909090909091	0.09090909090909091	0.1	0.25	0.14285714285714285	0.06666666666666667	1.0	0.07692307692307693	0.07142857142857142	0.07692307692307693	0.16666666666666666	0.07692307692307693	0.2	1.0	0.1111111111111111	0.1111111111111111	0.1111111111111111	0.25	0.1111111111111111	0.125	0.5	0.08333333333333333
mr	0.5	0.5	0.0	1.0	0.5	1.0	1.0	0.5	0.5	0.5	0.5	1.0	1.0	0.5	1.0	0.5	0.5	1.0	1.0	1.0	0.5	0.5	0.5	0.5	1.0	0.5	0.5	1.0	0.5	1.0	0.5	0.5	0.5	0.5	1.0	0.5
nl	0.5	0.06254690627737111	1.0	0.3333333333333333	0.05264820775900276	0.010530860499058615	0.14285714285714285	0.011125574097313122	0.012992075224490302	0.011501525967240193	0.06666666666666667	0.09090909090909091	0.058823529411764705	0.03334333777888889	0.017251786861474435	0.025	0.05263157894736842	0.08334027777777778	0.09090909090909091	0.07692307692307693	0.5	0.007304286812406359	0.011115681482222469	0.013337423822577776	0.07142857142857142	0.0136986301369863	0.07143367346938775	0.5	0.03227159937773361	0.033335555555555556	0.025642998027613412	0.1111111111111111	0.05263989196675899	0.034482758620689655	0.5	0.02857142857142857
pl	0.5	0.0625	1.0	0.3333333333333333	0.05555555555555555	0.012501249999999998	0.125	0.012502344375156248	0.013889274691358023	0.013334400355555555	0.06666666666666667	0.09090909090909091	0.058823529411764705	0.034482758620689655	0.019232988905695265	0.02564102564102564	0.05	0.08333333333333333	0.1	0.07142857142857142	0.5	0.011115681482222469	0.010658595371027712	0.014925818667854755	0.07692899408284024	0.014492753623188406	0.07142857142857142	0.5	0.033334444444444444	0.03225806451612903	0.027777777777777776	0.1111111111111111	0.05555864197530863	0.037037037037037035	0.5	0.030303030303030304
pt	0.5	0.06250391016016016	0.5	0.3333333333333333	0.05882698961937716	0.01639344262295082	0.1111111111111111	0.014085895655623883	0.015384852071005919	0.015625976562499998	0.08333333333333333	0.09090909090909091	0.0625	0.03703840877914952	0.020001599999999998	0.02857142857142857	0.058823529411764705	0.08333333333333333	0.1	0.07692307692307693	0.5	0.013337423822577776	0.014925818667854755	0.013004070866959731	0.07692307692307693	0.016666666666666666	0.07142857142857142	0.5	0.038461538461538464	0.038461538461538464	0.02857142857142857	0.14285714285714285	0.05263157894736842	0.045454545454545456	0.5	0.030303030303030304
ro	0.5	0.2	0.5	1.0	0.125	0.08333333333333333	0.3333333333333333	0.07692307692307693	0.07692307692307693	0.07692899408284024	0.125	0.125	0.125	0.1111111111111111	0.07692307692307693	0.09090909090909091	0.125	0.16666666666666666	0.14285714285714285	0.16666666666666666	1.0	0.07142857142857142	0.07692899408284024	0.07692307692307693	0.07148474494390306	0.07692307692307693	0.16666666666666666	1.0	0.1	0.09090909090909091	0.125	0.2	0.16666666666666666	0.125	0.5	0.1
ru	0.5	0.058823529411764705	0.5	0.3333333333333333	0.058823529411764705	0.015151515151515152	0.14285714285714285	0.014925373134328358	0.017543859649122806	0.016129032258064516	0.07692307692307693	0.09090909090909091	0.058823529411764705	0.038461538461538464	0.02127659574468085	0.02857142857142857	0.05555555555555555	0.08333333333333333	0.1	0.07692307692307693	0.5	0.0136986301369863	0.014492753623188406	0.016666666666666666	0.07692307692307693	0.013157894736842105	0.07692307692307693	0.5	0.03571428571428571	0.037037037037037035	0.030303030303030304	0.125	0.05263157894736842	0.045454545454545456	0.5	0.03333333333333333
sh	0.5	0.20003999999999997	1.0	1.0	0.125	0.08333333333333333	0.3333333333333333	0.07143367346938775	0.07142857142857142	0.07692899408284024	0.14285714285714285	0.14285714285714285	0.14285714285714285	0.1	0.1111111111111111	0.1	0.1111111111111111	0.16669444444444442	0.14285714285714285	0.2	0.5	0.07143367346938775	0.07142857142857142	0.07142857142857142	0.16666666666666666	0.07692307692307693	0.07152051542358685	1.0	0.1	0.1	0.1	0.2	0.14285714285714285	0.16666666666666666	0.5	0.1
si	1.0	1.0	0.5	1.0	1.0	1.0	1.0	0.5	1.0	1.0	1.0	1.0	1.0	1.0	1.0	1.0	1.0	1.0	1.0	1.0	1.0	0.5	0.5	0.5	1.0	0.5	1.0	0.5	0.5	1.0	1.0	1.0	1.0	1.0	1.0	0.5
simple	0.5	0.09091735537190083	1.0	0.3333333333333333	0.07143367346938775	0.03703840877914952	0.14285714285714285	0.03226222684703434	0.037039780521262	0.038465977810650885	0.08333333333333333	0.09090909090909091	0.1111111111111111	0.05263434903047091	0.047625850340136056	0.05	0.07692307692307693	0.1	0.125	0.1111111111111111	0.5	0.03227159937773361	0.033334444444444444	0.038461538461538464	0.1	0.03571428571428571	0.1	0.5	0.03130281847674537	0.07142857142857142	0.05000249999999999	0.125	0.07143877551020407	0.058823529411764705	0.5	0.047619047619047616
sr	0.5	0.14285714285714285	1.0	0.5	0.09090909090909091	0.03571428571428571	0.16666666666666666	0.037039780521262	0.03333333333333333	0.03846449704142012	0.1	0.1111111111111111	0.08333333333333333	0.06666666666666667	0.045454545454545456	0.05263157894736842	0.07142857142857142	0.125	0.14285714285714285	0.1111111111111111	1.0	0.033335555555555556	0.03225806451612903	0.038461538461538464	0.09090909090909091	0.037037037037037035	0.1	1.0	0.07142857142857142	0.03126270019628906	0.06666666666666667	0.25	0.1	0.1111111111111111	0.5	0.058823529411764705
sv	0.5	0.125	1.0	0.3333333333333333	0.06666666666666667	0.02857142857142857	0.16666666666666666	0.029411764705882353	0.027777777777777776	0.02941349480968858	0.08333333333333333	0.1	0.1111111111111111	0.047619047619047616	0.03448394768133174	0.047619047619047616	0.09090909090909091	0.09090909090909091	0.125	0.1111111111111111	0.5	0.025642998027613412	0.027777777777777776	0.02857142857142857	0.125	0.030303030303030304	0.1	1.0	0.05000249999999999	0.06666666666666667	0.025013127500624996	0.16666666666666666	0.07692307692307693	0.06666666666666667	0.5	0.05555555555555555
te	0.5	0.3333333333333333	0.0	1.0	0.16666666666666666	0.14285714285714285	0.5	0.1111111111111111	0.125	0.1111111111111111	0.16666666666666666	0.2	0.25	0.16666666666666666	0.125	0.14285714285714285	0.14285714285714285	0.25	0.3333333333333333	0.25	0.5	0.1111111111111111	0.1111111111111111	0.14285714285714285	0.2	0.125	0.2	1.0	0.125	0.25	0.16666666666666666	0.1111111111111111	0.16666666666666666	0.14285714285714285	0.5	0.14285714285714285
tr	0.5	0.09093389256198346	-1.0	0.3333333333333333	0.09090909090909091	0.05555864197530863	0.16666666666666666	0.05263157894736842	0.05555555555555555	0.05263434903047091	0.14285714285714285	0.14285714285714285	0.16666666666666666	0.07142857142857142	0.05882698961937716	0.06666666666666667	0.09090909090909091	0.14285714285714285	0.16666666666666666	0.1111111111111111	0.5	0.05263989196675899	0.05555864197530863	0.05263157894736842	0.16666666666666666	0.05263157894736842	0.14285714285714285	1.0	0.07143877551020407	0.1	0.07692307692307693	0.16666666666666666	0.05004003003003003	0.07692307692307693	0.5	0.06666666666666667
vi	0.5	0.07692307692307693	0.5	0.3333333333333333	0.09090909090909091	0.043478260869565216	0.16666666666666666	0.03571428571428571	0.038461538461538464	0.041666666666666664	0.1	0.125	0.14285714285714285	0.0625	0.05263157894736842	0.05	0.09090909090909091	0.16666666666666666	0.14285714285714285	0.125	0.5	0.034482758620689655	0.037037037037037035	0.045454545454545456	0.125	0.045454545454545456	0.16666666666666666	1.0	0.058823529411764705	0.1111111111111111	0.06666666666666667	0.14285714285714285	0.07692307692307693	0.034482758620689655	0.5	0.05
war	0.5	0.5	1.0	1.0	0.5	0.5	0.5	0.5	0.5	0.5	0.5	0.5	0.5	0.5	0.5	0.5	0.5	0.5	0.5	0.5	1.0	0.5	0.5	0.5	0.5	0.5	0.5	1.0	0.5	0.5	0.5	0.5	0.5	0.5	0.5	0.5
zh	0.5	0.07692307692307693	0.5	0.3333333333333333	0.07692307692307693	0.034482758620689655	0.14285714285714285	0.02857142857142857	0.030303030303030304	0.03125	0.09090909090909091	0.1	0.1	0.05	0.034482758620689655	0.04	0.07142857142857142	0.1111111111111111	0.1111111111111111	0.08333333333333333	0.5	0.02857142857142857	0.030303030303030304	0.030303030303030304	0.1	0.03333333333333333	0.1	0.5	0.047619047619047616	0.058823529411764705	0.05555555555555555	0.14285714285714285	0.06666666666666667	0.05	0.5	0.027777777777777776
