arz	bs	ceb	ckb	da	de	el	en	es	fr	he	hi	hu	id	it	ja	ko	lv	mk	ml	mr	nl	pl	pt	ro	ru	sh	si	simple	sr	sv	te	vi	war	zh
arz	1.0	0.5	0.0	1.0	0.4142135623730951	1.0	1.0	0.24210172369314836	0.585786437626905	0.5	1.0	1.0	1.0	1.0	0.2612038749637414	1.0	1.0	0.585786437626905	1.0	1.0	1.0	0.44948974278317805	0.585786437626905	0.38742588672279304	1.0	1.0	0.5	1.0	0.585786437626905	1.0	0.44948974278317805	1.0	1.0	1.0	1.0
bs	0.5	1.0	0.0	1.0	0.13298985221887258	0.15072240113145766	0.1757340838011157	0.08277174336484026	0.12144502866370589	0.1259030081161846	0.17491720310721423	0.36602540378443865	0.19292728076790167	0.11098274238203604	0.0773714783647977	0.16611405616547328	0.15799872400692302	0.21712927295533244	0.17253779651421453	0.39564392373896007	0.4142135623730951	0.13798775792475562	0.15143323323844607	0.12759338066860484	0.1560469703786189	0.13423167976942957	0.11635390575996185	1.0	0.26968623182294527	0.12537377298221222	0.16666666666666666	1.0	0.17491720310721423	1.0	0.13413866172981215
ceb	0.0	0.0	1.0	0.0	1.0	1.0	1.0	1.0	1.0	1.0	1.0	1.0	1.0	1.0	1.0	1.0	1.0	1.0	1.0	0.0	1.0	1.0	1.0	1.0	1.0	1.0	1.0	0.0	1.0	1.0	1.0	0.0	1.0	0.0	1.0
ckb	1.0	1.0	0.0	1.0	0.585786437626905	1.0	1.0	1.0	0.585786437626905	0.585786437626905	1.0	1.0	1.0	1.0	0.585786437626905	1.0	1.0	1.0	1.0	1.0	1.0	0.585786437626905	1.0	0.585786437626905	1.0	1.0	0.5	1.0	1.0	1.0	1.0	1.0	1.0	1.0	1.0
da	0.4142135623730951	0.13298985221887258	1.0	0.585786437626905	1.0	0.010029776017903374	0.03463416377116705	0.01481708877812413	0.009253422587661738	0.008696452016981509	0.01380048538891567	0.10351694645735658	0.030189735319020385	0.010232728527976765	0.020814090704863626	0.011574722487071507	0.01080650248440608	0.06843458633091973	0.13100580420257674	0.1261319836228832	0.15934399740800514	0.012459447809708682	0.010729015084657784	0.01019324660193088	0.018659620953046286	0.008345175827025812	0.014366718196437077	0.3090169943749474	0.04357961611590186	0.011577830428577003	0.00986544835937558	1.0	0.016619098897218416	0.3164309725825328	0.010091549203052079
de	1.0	0.15072240113145766	1.0	1.0	0.010029776017903374	1.0	0.11490537152332962	0.0033576071019848033	0.022168428344428927	0.005397999701082791	0.06990985622528449	0.38742588672279304	0.1407800774583959	0.013446695821326751	0.004046737081304407	0.06957558435208064	0.0814543187531692	0.1886378647726465	0.2402530733520421	0.4142135623730951	0.44948974278317805	0.005597412553241033	0.022044496950949784	0.009433787258776359	0.13344744727755595	0.025065361785241852	0.031161409377322116	0.4364916731037085	0.148748395941096	0.06254406918308823	0.029678571431378767	1.0	0.13957875683699938	1.0	0.06234434639616598
el	1.0	0.1757340838011157	1.0	1.0	0.03463416377116705	0.11490537152332962	1.0	0.008536779193702534	0.11497686110163649	0.05740692703432254	1.0	1.0	1.0	0.09386133089932469	0.008636457833586124	1.0	1.0	0.585786437626905	1.0	1.0	1.0	0.01775136424359721	0.10542649822871226	0.08053888551311189	0.4142135623730951	1.0	0.06221268597993132	1.0	0.25728427444747215	0.44948974278317805	0.1145075845522531	1.0	1.0	1.0	1.0
en	0.24210172369314836	0.08277174336484026	1.0	1.0	0.01481708877812413	0.0033576071019848033	0.008536779193702534	1.0	0.0030655704227611413	0.006375760001338857	0.0061546728911907635	0.028859069772383603	0.0076945042507638615	0.0056283134892437985	0.018911831524457082	0.004354629360832947	0.004734187128328838	0.03820769392391321	0.015566357131769295	0.06820588246231288	0.06922240851600273	0.014999516467329381	0.0040246365920207664	0.005502806003267721	0.007963939927048741	0.0025106713273721527	0.005973163310530184	0.1774053291584318	0.027792266493000782	0.004227334898089344	0.005421850890862028	0.585786437626905	0.006924647791593244	0.27792629762666365	0.004793795222308287
es	0.585786437626905	0.12144502866370589	1.0	0.585786437626905	0.009253422587661738	0.022168428344428927	0.11497686110163649	0.0030655704227611413	1.0	0.0039341952971979075	0.08209951522176571	0.2402530733520421	0.12204428147722324	0.006855941610350237	0.0033745780601418746	0.05863225224816424	0.06352340335129732	0.24660605559646726	0.1607677430268676	0.3333333333333333	0.36602540378443865	0.005016996390723405	0.02055524799279564	0.004743423989194968	0.11476280872257703	0.016177640057629446	0.02126843629693872	1.0	0.118866111608873	0.047424996891826054	0.015569666867958935	1.0	0.09286124657959914	1.0	0.059796803691718886
fr	0.5	0.1259030081161846	1.0	0.585786437626905	0.008696452016981509	0.005397999701082791	0.05740692703432254	0.006375760001338857	0.0039341952971979075	1.0	0.03568887566802444	0.17253779651421453	0.058095389399430444	0.0057852826078665836	0.005738128239564359	0.0124551991383452	0.011717158104242717	0.14845931535673965	0.1145075845522531	0.2474401533514073	0.2025519956555797	0.005560263484640845	0.007857788026872448	0.005253826315241681	0.05887164805734683	0.0030917968829392603	0.018231239684623157	1.0	0.09413634693204723	0.009754439864281397	0.010686658086478647	0.585786437626905	0.0430619434102342	1.0	0.013014619768601056
he	1.0	0.17491720310721423	1.0	1.0	0.01380048538891567	0.06990985622528449	1.0	0.0061546728911907635	0.08209951522176571	0.03568887566802444	1.0	1.0	0.585786437626905	0.04870716247490246	0.006879309315461338	1.0	1.0	0.5	1.0	1.0	1.0	0.009765606189910217	0.070514768894148	0.027767495478353516	0.5	1.0	0.04483397225990081	1.0	0.2070518364164892	0.3660254037844386	0.06031788081046718	1.0	1.0	1.0	1.0
hi	1.0	0.36602540378443865	1.0	1.0	0.10351694645735658	0.38742588672279304	1.0	0.028859069772383603	0.2402530733520421	0.17253779651421453	1.0	1.0	1.0	0.24660605559646726	0.03200226706763517	1.0	1.0	0.585786437626905	1.0	1.0	1.0	0.06878607668423456	0.34833147735478825	0.16089167649473737	0.585786437626905	1.0	0.1639607805437114	1.0	0.4142135623730951	0.585786437626905	0.24660605559646726	1.0	1.0	1.0	1.0
hu	1.0	0.19292728076790167	1.0	1.0	0.030189735319020385	0.1407800774583959	1.0	0.0076945042507638615	0.12204428147722324	0.058095389399430444	0.585786437626905	1.0	1.0	0.073132603637504	0.009430727124695174	0.5	0.585786437626905	0.585786437626905	0.585786437626905	1.0	1.0	0.019523881124818093	0.0971838139507019	0.07061874042444646	0.44948974278317805	0.44948974278317805	0.08286396551925373	1.0	0.25728427444747215	0.34833147735478825	0.11872342742991226	1.0	0.585786437626905	1.0	0.5
id	1.0	0.11098274238203604	1.0	1.0	0.010232728527976765	0.013446695821326751	0.09386133089932469	0.0056283134892437985	0.006855941610350237	0.0057852826078665836	0.04870716247490246	0.24660605559646726	0.073132603637504	1.0	0.00537220635407663	0.029020384877581924	0.03151914122786996	0.15022110482233483	0.14530287106967552	0.2958163163244893	0.38742588672279304	0.006769479800737129	0.021214521703501663	0.006655725016956248	0.08194922290123727	0.005337053421707319	0.021733044324313167	0.585786437626905	0.12759338066860484	0.030612127466369127	0.023856993637374497	1.0	0.06865934407787179	0.5	0.023732701363070367
it	0.2612038749637414	0.0773714783647977	1.0	0.585786437626905	0.020814090704863626	0.004046737081304407	0.008636457833586124	0.018911831524457082	0.0033745780601418746	0.005738128239564359	0.006879309315461338	0.03200226706763517	0.009430727124695174	0.00537220635407663	1.0	0.005070375728289617	0.005258782693728773	0.03479014760550833	0.015927394231628908	0.044047945562150435	0.075	0.013000370239385833	0.004633055591729753	0.004827848726227094	0.008812735470790176	0.003095730744287804	0.006126122899660884	0.3430703308172536	0.018577161552800415	0.004920791056402314	0.005996316409453129	0.36602540378443865	0.008169053243006583	0.39564392373896007	0.005551647782483303
ja	1.0	0.16611405616547328	1.0	1.0	0.011574722487071507	0.06957558435208064	1.0	0.004354629360832947	0.05863225224816424	0.0124551991383452	1.0	1.0	0.5	0.029020384877581924	0.005070375728289617	1.0	1.0	0.5	1.0	1.0	1.0	0.006838479238463307	0.04732102650264401	0.02091990162974087	0.34833147735478825	1.0	0.04186625534709061	1.0	0.14639248166197882	0.34833147735478825	0.04210380209232636	1.0	1.0	1.0	1.0
ko	1.0	0.15799872400692302	1.0	1.0	0.01080650248440608	0.0814543187531692	1.0	0.004734187128328838	0.06352340335129732	0.011717158104242717	1.0	1.0	0.585786437626905	0.03151914122786996	0.005258782693728773	1.0	1.0	0.5	1.0	1.0	1.0	0.008108685958317367	0.05434631724361497	0.02028684105202968	0.3660254037844386	1.0	0.04709509148611586	1.0	0.14184812878937275	0.34833147735478825	0.047429521810026194	1.0	1.0	1.0	1.0
lv	0.585786437626905	0.21712927295533244	1.0	1.0	0.06843458633091973	0.1886378647726465	0.585786437626905	0.03820769392391321	0.24660605559646726	0.14845931535673965	0.5	0.585786437626905	0.585786437626905	0.15022110482233483	0.03479014760550833	0.5	0.5	1.0	0.585786437626905	1.0	1.0	0.08457907466113561	0.22772999919644135	0.1566130288262323	0.5	0.44948974278317805	0.13695014760230834	1.0	0.3203772410170407	1.0	0.24496552958641032	1.0	0.585786437626905	1.0	0.5
mk	1.0	0.17253779651421453	1.0	1.0	0.13100580420257674	0.2402530733520421	1.0	0.015566357131769295	0.1607677430268676	0.1145075845522531	1.0	1.0	0.585786437626905	0.14530287106967552	0.015927394231628908	1.0	1.0	0.585786437626905	1.0	1.0	1.0	0.10862847864413237	0.18054705546755545	0.15954492995986427	0.585786437626905	1.0	0.09045351695226429	1.0	0.5	0.585786437626905	0.22646721143623746	1.0	1.0	1.0	1.0
ml	1.0	0.39564392373896007	0.0	1.0	0.1261319836228832	0.4142135623730951	1.0	0.06820588246231288	0.3333333333333333	0.2474401533514073	1.0	1.0	1.0	0.2958163163244893	0.044047945562150435	1.0	1.0	1.0	1.0	1.0	1.0	0.12500000000000003	0.33333333333333326	0.20386840968093525	0.585786437626905	1.0	0.19404996501286384	1.0	0.4142135623730951	1.0	0.3333333333333333	1.0	1.0	1.0	1.0
mr	1.0	0.4142135623730951	1.0	1.0	0.15934399740800514	0.44948974278317805	1.0	0.06922240851600273	0.36602540378443865	0.2025519956555797	1.0	1.0	1.0	0.38742588672279304	0.075	1.0	1.0	1.0	1.0	1.0	1.0	0.1639607805437114	0.4142135623730951	0.26533119314590375	0.585786437626905	1.0	0.19292728076790167	1.0	0.44948974278317805	1.0	1.0	1.0	1.0	1.0	1.0
nl	0.44948974278317805	0.13798775792475562	1.0	0.585786437626905	0.012459447809708682	0.005597412553241033	0.01775136424359721	0.014999516467329381	0.005016996390723405	0.005560263484640845	0.009765606189910217	0.06878607668423456	0.019523881124818093	0.006769479800737129	0.013000370239385833	0.006838479238463307	0.008108685958317367	0.08457907466113561	0.10862847864413237	0.12500000000000003	0.1639607805437114	1.0	0.007252967437814436	0.006286830404138601	0.017108031281621725	0.0049052009783891095	0.0098448307419207	0.3266316347104093	0.042849277933792035	0.00706177263340627	0.008210206192544667	0.585786437626905	0.01632089581599513	0.3430703308172536	0.007805386695618365
pl	0.585786437626905	0.15143323323844607	1.0	1.0	0.010729015084657784	0.022044496950949784	0.10542649822871226	0.0040246365920207664	0.02055524799279564	0.007857788026872448	0.070514768894148	0.34833147735478825	0.0971838139507019	0.021214521703501663	0.004633055591729753	0.04732102650264401	0.05434631724361497	0.22772999919644135	0.18054705546755545	0.33333333333333326	0.4142135623730951	0.007252967437814436	1.0	0.013689633258343818	0.11042337440452475	0.013021356290752458	0.030484186794756347	1.0	0.14118784806383944	0.04748026743624097	0.03472297699536824	1.0	0.09464710756745298	1.0	0.05673668101850518
pt	0.38742588672279304	0.12759338066860484	1.0	0.585786437626905	0.01019324660193088	0.009433787258776359	0.08053888551311189	0.005502806003267721	0.004743423989194968	0.005253826315241681	0.027767495478353516	0.16089167649473737	0.07061874042444646	0.006655725016956248	0.004827848726227094	0.02091990162974087	0.02028684105202968	0.1566130288262323	0.15954492995986427	0.20386840968093525	0.26533119314590375	0.006286830404138601	0.013689633258343818	1.0	0.054067973058236136	0.0044446228262108225	0.020954942327778444	0.5	0.09516657113203324	0.015838047007055205	0.01687423395983196	0.585786437626905	0.04283431642031938	0.5	0.017628425189968187
ro	1.0	0.1560469703786189	1.0	1.0	0.018659620953046286	0.13344744727755595	0.4142135623730951	0.007963939927048741	0.11476280872257703	0.05887164805734683	0.5	0.585786437626905	0.44948974278317805	0.08194922290123727	0.008812735470790176	0.34833147735478825	0.3660254037844386	0.5	0.585786437626905	0.585786437626905	0.585786437626905	0.017108031281621725	0.11042337440452475	0.054067973058236136	1.0	0.3333333333333333	0.06343236433287282	1.0	0.23302402810392372	0.34833147735478825	0.0889681482115952	1.0	0.44948974278317805	1.0	0.38742588672279304
ru	1.0	0.13423167976942957	1.0	1.0	0.008345175827025812	0.025065361785241852	1.0	0.0025106713273721527	0.016177640057629446	0.0030917968829392603	1.0	1.0	0.44948974278317805	0.005337053421707319	0.003095730744287804	1.0	1.0	0.44948974278317805	1.0	1.0	1.0	0.0049052009783891095	0.013021356290752458	0.0044446228262108225	0.3333333333333333	1.0	0.01402925935895424	1.0	0.14319856668565048	0.24496552958641035	0.013712098492531632	1.0	1.0	1.0	1.0
sh	0.5	0.11635390575996185	1.0	0.5	0.014366718196437077	0.031161409377322116	0.06221268597993132	0.005973163310530184	0.02126843629693872	0.018231239684623157	0.04483397225990081	0.1639607805437114	0.08286396551925373	0.021733044324313167	0.006126122899660884	0.04186625534709061	0.04709509148611586	0.13695014760230834	0.09045351695226429	0.19404996501286384	0.19292728076790167	0.0098448307419207	0.030484186794756347	0.020954942327778444	0.06343236433287282	0.01402925935895424	1.0	0.585786437626905	0.12594107995517323	0.01967725876436212	0.04011893028071226	0.4364916731037085	0.07199968965723083	0.585786437626905	0.03663488426445968
si	1.0	1.0	0.0	1.0	0.3090169943749474	0.4364916731037085	1.0	0.1774053291584318	1.0	1.0	1.0	1.0	1.0	0.585786437626905	0.3430703308172536	1.0	1.0	1.0	1.0	1.0	1.0	0.3266316347104093	1.0	0.5	1.0	1.0	0.585786437626905	1.0	1.0	1.0	1.0	1.0	1.0	1.0	1.0
simple	0.585786437626905	0.26968623182294527	1.0	1.0	0.04357961611590186	0.148748395941096	0.25728427444747215	0.027792266493000782	0.118866111608873	0.09413634693204723	0.2070518364164892	0.4142135623730951	0.25728427444747215	0.12759338066860484	0.018577161552800415	0.14639248166197882	0.14184812878937275	0.3203772410170407	0.5	0.4142135623730951	0.44948974278317805	0.042849277933792035	0.14118784806383944	0.09516657113203324	0.23302402810392372	0.14319856668565048	0.12594107995517323	1.0	1.0	0.18181818181818182	0.12267044503241255	1.0	0.2	0.5	0.17331935664757372
sr	1.0	0.12537377298221222	1.0	1.0	0.011577830428577003	0.06254406918308823	0.44948974278317805	0.004227334898089344	0.047424996891826054	0.009754439864281397	0.3660254037844386	0.585786437626905	0.34833147735478825	0.030612127466369127	0.004920791056402314	0.34833147735478825	0.34833147735478825	1.0	0.585786437626905	1.0	1.0	0.00706177263340627	0.04748026743624097	0.015838047007055205	0.34833147735478825	0.24496552958641035	0.01967725876436212	1.0	0.18181818181818182	1.0	0.047673254129895815	1.0	0.5	1.0	0.3333333333333333
sv	0.44948974278317805	0.16666666666666666	1.0	1.0	0.00986544835937558	0.029678571431378767	0.1145075845522531	0.005421850890862028	0.015569666867958935	0.010686658086478647	0.06031788081046718	0.24660605559646726	0.11872342742991226	0.023856993637374497	0.005996316409453129	0.04210380209232636	0.047429521810026194	0.24496552958641032	0.22646721143623746	0.3333333333333333	1.0	0.008210206192544667	0.03472297699536824	0.01687423395983196	0.0889681482115952	0.013712098492531632	0.04011893028071226	1.0	0.12267044503241255	0.047673254129895815	1.0	1.0	0.07432226249525484	0.585786437626905	0.04636198706640774
te	1.0	1.0	0.0	1.0	1.0	1.0	1.0	0.585786437626905	1.0	0.585786437626905	1.0	1.0	1.0	1.0	0.36602540378443865	1.0	1.0	1.0	1.0	1.0	1.0	0.585786437626905	1.0	0.585786437626905	1.0	1.0	0.4364916731037085	1.0	1.0	1.0	1.0	1.0	1.0	1.0	1.0
vi	1.0	0.17491720310721423	1.0	1.0	0.016619098897218416	0.13957875683699938	1.0	0.006924647791593244	0.09286124657959914	0.0430619434102342	1.0	1.0	0.585786437626905	0.06865934407787179	0.008169053243006583	1.0	1.0	0.585786437626905	1.0	1.0	1.0	0.01632089581599513	0.09464710756745298	0.04283431642031938	0.44948974278317805	1.0	0.07199968965723083	1.0	0.2	0.5	0.07432226249525484	1.0	1.0	1.0	1.0
war	1.0	1.0	0.0	1.0	0.3164309725825328	1.0	1.0	0.27792629762666365	1.0	1.0	1.0	1.0	1.0	0.5	0.39564392373896007	1.0	1.0	1.0	1.0	1.0	1.0	0.3430703308172536	1.0	0.5	1.0	1.0	0.585786437626905	1.0	0.5	1.0	0.585786437626905	1.0	1.0	1.0	1.0
zh	1.0	0.13413866172981215	1.0	1.0	0.010091549203052079	0.06234434639616598	1.0	0.004793795222308287	0.059796803691718886	0.013014619768601056	1.0	1.0	0.5	0.023732701363070367	0.005551647782483303	1.0	1.0	0.5	1.0	1.0	1.0	0.007805386695618365	0.05673668101850518	0.017628425189968187	0.38742588672279304	1.0	0.03663488426445968	1.0	0.17331935664757372	0.3333333333333333	0.04636198706640774	1.0	1.0	1.0	1.0
