arz	bs	ceb	ckb	da	de	el	en	es	fr	he	hi	hu	id	it	ja	ko	lv	mk	ml	mr	nl	pl	pt	ro	ru	sh	si	simple	sr	sv	te	vi	war	zh
arz	1.0	1.0	1.0	0.5	0.0	1.0	1.0	0.585786437626905	1.0	1.0	1.0	0.0	1.0	1.0	0.585786437626905	1.0	1.0	1.0	1.0	0.23582845781094	0.15346331148910922	1.0	1.0	1.0	0.0	1.0	1.0	0.4142135623730951	1.0	1.0	0.585786437626905	0.2989350844248255	1.0	0.585786437626905	1.0
bs	1.0	1.0	0.3380788308512194	0.08624379347976635	1.0	0.03332809035233246	0.05058029687021285	0.03315736031307066	0.031941978115949295	0.057269226111322936	0.0828418179553352	0.0	0.09428140487295417	1.0	0.11366514878290365	0.1827439976315568	0.04431866088975824	0.07481870558640302	0.03259277745376325	0.026532187934836665	0.03338521169637305	0.13957118478009606	0.03408374133550108	0.053351705023837646	1.0	0.03262563460743442	0.1741955127363284	0.04984224336576925	1.0	0.042889162181934386	0.10463115073382764	0.0938765441994232	0.10393197414888693	0.15055471221417036	0.04338039683593164
ceb	1.0	0.3380788308512194	1.0	0.4142135623730951	0.3519469094903259	0.3333333333333333	0.3380788308512194	0.32037724101704074	0.3333333333333333	0.32037724101704074	0.32037724101704074	0.3333333333333333	0.353889367864523	0.3333333333333333	0.3380788308512194	0.32037724101704074	0.3333333333333333	0.3597752501562547	0.353889367864523	0.3380788308512194	0.3726822671238253	0.353889367864523	0.3333333333333333	0.3333333333333333	0.32037724101704074	0.32037724101704074	0.3947846661343255	0.353889367864523	0.353889367864523	0.32037724101704074	0.353889367864523	0.585786437626905	0.353889367864523	0.3797958971132712	0.3380788308512194
ckb	0.5	0.08624379347976635	0.4142135623730951	1.0	0.17050763999009447	0.11204927350264693	0.07687381593451438	0.02108162744538973	0.10662635876100238	0.057394533168864635	0.07423924863003188	0.10109719509822777	0.09668340234640718	0.11346294658196542	0.04423984960986252	0.03425189029572485	0.06123461506484904	0.12628536346082056	0.058823529411764705	0.10960059084055324	0.08082453043756874	0.11463497435396167	0.0972823574877982	0.022686684365324124	0.11718851276519608	0.01602080557200745	0.09584069468246141	0.10606003862929478	0.077723982988944	0.12469397687422505	0.06324772898014673	0.2632403810669918	0.08896124740439973	0.36602540378443865	0.018701749608405756
da	0.0	1.0	0.3519469094903259	0.17050763999009447	1.0	1.0	1.0	0.44948974278317805	1.0	1.0	1.0	0.0	1.0	0.0	0.4364916731037085	1.0	1.0	1.0	1.0	0.010190626872789758	0.018644229347247982	1.0	1.0	1.0	1.0	1.0	0.585786437626905	0.038789988063282904	1.0	1.0	0.585786437626905	0.09984166067964172	0.0	0.2612038749637414	1.0
de	1.0	0.03332809035233246	0.3333333333333333	0.11204927350264693	1.0	1.0	0.10991887363511849	0.02114694492839677	0.012716230097149036	0.024861891568659738	0.019886691153791786	0.585786437626905	0.44948974278317805	0.2672592680793763	0.023943045691412517	0.44948974278317805	0.2204812092115424	0.2742918851774318	0.11223079535876684	0.006531922908835376	0.014810861039699502	0.12052171788829114	0.015437733633535464	0.17491720310721423	0.40453726661826384	0.017244150545693355	0.03269410305472328	0.018030799326555432	0.5	0.029125082543686787	0.24336073281110826	0.055133849637895936	0.4364916731037085	0.3380788308512194	0.1478864632408439
el	1.0	0.05058029687021285	0.3380788308512194	0.07687381593451438	1.0	0.10991887363511849	1.0	0.03653547124172398	0.585786437626905	0.09150541934930631	1.0	0.0	1.0	0.5	0.0489252003956014	1.0	1.0	1.0	1.0	0.014106161494432215	0.020074841406382753	0.3333333333333333	0.1159400614508252	1.0	1.0	1.0	0.04635415183289753	0.036660818837645	1.0	1.0	0.5	0.05139742352390644	1.0	0.1572240954588961	1.0
en	0.585786437626905	0.03315736031307066	0.32037724101704074	0.02108162744538973	0.44948974278317805	0.02114694492839677	0.03653547124172398	1.0	0.006892227779773861	0.039628500819862654	0.015529966354037663	1.0	0.15225881209433406	0.14251828359649232	0.030433148090924973	0.2674788903885893	0.09837531795074314	0.19160741797296413	0.047931358558077446	0.011008779953896283	0.017904963569199427	0.041669963310770865	0.02262412673964281	0.03481234802882259	0.25355482027512377	0.006194063076494442	0.03449834927862486	0.017045667430780245	0.585786437626905	0.01438992502450006	0.1174667246757722	0.019856920349556852	0.2958163163244893	0.09077167249205852	0.04117064223479493
es	1.0	0.031941978115949295	0.3333333333333333	0.10662635876100238	1.0	0.012716230097149036	0.585786437626905	0.006892227779773861	1.0	0.01360979073590798	0.5	1.0	1.0	0.23441237831492118	0.018445163199862682	1.0	1.0	1.0	1.0	0.006113380992578891	0.014313382633993448	0.01937746653375676	0.01138278790731702	0.585786437626905	0.39564392373896007	0.2958163163244893	0.03216596858502546	0.017130925599503244	1.0	0.585786437626905	0.44948974278317805	0.055102764847421236	1.0	0.26968623182294527	1.0
fr	1.0	0.057269226111322936	0.32037724101704074	0.057394533168864635	1.0	0.024861891568659738	0.09150541934930631	0.039628500819862654	0.01360979073590798	1.0	0.02306269672507357	1.0	0.2204812092115424	0.4142135623730951	0.07657230749013735	0.21712927295533244	0.09188942814050753	0.16440202257687123	0.03647014293722498	0.008389110145676204	0.014716759708645314	0.06322262718014522	0.01940116969131288	0.038079482255571805	0.3333333333333333	0.015369613432439803	0.044820638319919864	0.017438888737389496	0.3266316347104093	0.028764122381149015	0.14758918332656557	0.03971143523934352	0.193373824568466	0.22901628833426058	0.06446237459129395
he	1.0	0.0828418179553352	0.32037724101704074	0.07423924863003188	1.0	0.019886691153791786	1.0	0.015529966354037663	0.5	0.02306269672507357	1.0	1.0	1.0	0.3660254037844386	0.0377801368911849	1.0	1.0	1.0	1.0	0.007835666754820073	0.015582355897108146	0.23166247903554	0.046865766684371375	1.0	0.585786437626905	1.0	0.0736714337823038	0.0201331949898167	1.0	1.0	0.5	0.05260178019867024	1.0	0.17464760748059102	1.0
hi	0.0	0.0	0.3333333333333333	0.10109719509822777	0.0	0.585786437626905	0.0	1.0	1.0	1.0	1.0	1.0	0.0	0.0	0.0	0.0	0.0	0.0	0.0	0.010840654553261303	0.017435568594714634	0.0	1.0	1.0	0.0	1.0	0.0	0.027701399854053035	0.0	1.0	0.0	0.05987713552651462	0.0	0.1774053291584318	1.0
hu	1.0	0.09428140487295417	0.353889367864523	0.09668340234640718	1.0	0.44948974278317805	1.0	0.15225881209433406	1.0	0.2204812092115424	1.0	0.0	1.0	1.0	0.083730815276797	1.0	1.0	1.0	1.0	0.013194783733775724	0.018267308585217388	0.39564392373896007	0.27429188517743175	1.0	0.585786437626905	1.0	0.07954793457045041	0.03816749889903085	1.0	1.0	0.5	0.05733477673700071	1.0	0.15934399740800514	1.0
id	1.0	1.0	0.3333333333333333	0.11346294658196542	0.0	0.2672592680793763	0.5	0.14251828359649232	0.23441237831492118	0.4142135623730951	0.3660254037844386	0.0	1.0	1.0	0.38742588672279304	1.0	1.0	0.0	0.585786437626905	0.008826135574913142	0.01566569374375405	0.38742588672279304	0.23441237831492118	0.24660605559646726	0.0	0.4142135623730951	1.0	0.024654665863797505	1.0	0.5	0.585786437626905	0.06909802540336554	1.0	0.21822796141133347	0.5
it	0.585786437626905	0.11366514878290365	0.3380788308512194	0.04423984960986252	0.4364916731037085	0.023943045691412517	0.0489252003956014	0.030433148090924973	0.018445163199862682	0.07657230749013735	0.0377801368911849	0.0	0.083730815276797	0.38742588672279304	1.0	0.1355556846194033	0.04612095578194829	0.08613842906079411	0.03544574665094734	0.009460114501419653	0.015608457418045538	0.05048317522209383	0.02366386549274882	0.04227291357320216	0.3483314773547883	0.021982636682730736	0.09957344708372289	0.020200549550352134	0.2742918851774318	0.03764741463902063	0.07672876822262598	0.01935446159981756	0.1907435698305462	0.17030880828674616	0.036721319671310676
ja	1.0	0.1827439976315568	0.32037724101704074	0.03425189029572485	1.0	0.44948974278317805	1.0	0.2674788903885893	1.0	0.21712927295533244	1.0	0.0	1.0	1.0	0.1355556846194033	1.0	1.0	1.0	1.0	0.010956340625523068	0.01634527741399033	0.4364916731037085	0.4142135623730951	1.0	1.0	1.0	0.13935358708628684	0.018354015637339138	1.0	1.0	0.585786437626905	0.016230616884327125	1.0	0.15874600733027255	1.0
ko	1.0	0.04431866088975824	0.3333333333333333	0.06123461506484904	1.0	0.2204812092115424	1.0	0.09837531795074314	1.0	0.09188942814050753	1.0	0.0	1.0	1.0	0.04612095578194829	1.0	1.0	1.0	1.0	0.007950814705397916	0.01548879940174761	0.39564392373896007	0.16666666666666666	1.0	1.0	1.0	0.04194443358611389	0.020200476581411428	1.0	1.0	0.5	0.048543850297767206	1.0	0.20751998128563437	1.0
lv	1.0	0.07481870558640302	0.3597752501562547	0.12628536346082056	1.0	0.2742918851774318	1.0	0.19160741797296413	1.0	0.16440202257687123	1.0	0.0	1.0	0.0	0.08613842906079411	1.0	1.0	1.0	1.0	0.02440615841314593	0.021466203455154143	1.0	0.21089672205953397	1.0	1.0	1.0	0.0708199132469537	0.0378710050892639	0.0	1.0	1.0	0.11978243827074593	1.0	0.21290885543182675	1.0
mk	1.0	0.03259277745376325	0.353889367864523	0.058823529411764705	1.0	0.11223079535876684	1.0	0.047931358558077446	1.0	0.03647014293722498	1.0	0.0	1.0	0.585786437626905	0.03544574665094734	1.0	1.0	1.0	1.0	0.016178549879409462	0.02690954627528794	0.353889367864523	0.09929355266353282	1.0	1.0	1.0	0.03305279305514155	0.05295571597447482	1.0	1.0	0.5	0.08301208506521382	1.0	0.18243370584713978	1.0
ml	0.23582845781094	0.026532187934836665	0.3380788308512194	0.10960059084055324	0.010190626872789758	0.006531922908835376	0.014106161494432215	0.011008779953896283	0.006113380992578891	0.008389110145676204	0.007835666754820073	0.010840654553261303	0.013194783733775724	0.008826135574913142	0.009460114501419653	0.010956340625523068	0.007950814705397916	0.02440615841314593	0.016178549879409462	1.0	0.022300148274503398	0.006903162742762582	0.006707517311737085	0.010737837229525291	0.010376596240547755	0.013339858626996126	0.01179934721711664	0.04056662237885108	0.010316325059677252	0.009534788626697622	0.011608924356985746	0.061440972536558405	0.00866398377300226	0.13666762988549302	0.015047661194180694
mr	0.15346331148910922	0.03338521169637305	0.3726822671238253	0.08082453043756874	0.018644229347247982	0.014810861039699502	0.020074841406382753	0.017904963569199427	0.014313382633993448	0.014716759708645314	0.015582355897108146	0.017435568594714634	0.018267308585217388	0.01566569374375405	0.015608457418045538	0.01634527741399033	0.01548879940174761	0.021466203455154143	0.02690954627528794	0.022300148274503398	1.0	0.015075998739635285	0.015281631932405693	0.015282715814406952	0.018765979727282122	0.01792651528818848	0.020500354349798754	0.06716653120565952	0.016212086465617857	0.017363696755103856	0.015795188729803913	0.035128764177559745	0.015182639478107081	0.07723317915589785	0.024513751894170408
nl	1.0	0.13957118478009606	0.353889367864523	0.11463497435396167	1.0	0.12052171788829114	0.3333333333333333	0.041669963310770865	0.01937746653375676	0.06322262718014522	0.23166247903554	0.0	0.39564392373896007	0.38742588672279304	0.05048317522209383	0.4364916731037085	0.39564392373896007	1.0	0.353889367864523	0.006903162742762582	0.015075998739635285	1.0	0.08374457072498274	0.21551468935838852	0.585786437626905	0.10550846531085128	0.08726486957129485	0.01894766734858248	0.585786437626905	0.28436465220442186	0.2402530733520421	0.06470423962550213	1.0	0.3021694792519622	1.0
pl	1.0	0.03408374133550108	0.3333333333333333	0.0972823574877982	1.0	0.015437733633535464	0.1159400614508252	0.02262412673964281	0.01138278790731702	0.01940116969131288	0.046865766684371375	1.0	0.27429188517743175	0.23441237831492118	0.02366386549274882	0.4142135623730951	0.16666666666666666	0.21089672205953397	0.09929355266353282	0.006707517311737085	0.015281631932405693	0.08374457072498274	1.0	0.08798525139122888	0.3483314773547883	0.0033927493580358297	0.03763054576181121	0.018977517217520657	0.585786437626905	0.011387747069465895	0.2766967754673749	0.05720645480071589	0.36602540378443865	0.2193450929151803	0.11962007627473113
pt	1.0	0.053351705023837646	0.3333333333333333	0.022686684365324124	1.0	0.17491720310721423	1.0	0.03481234802882259	0.585786437626905	0.038079482255571805	1.0	1.0	1.0	0.24660605559646726	0.04227291357320216	1.0	1.0	1.0	1.0	0.010737837229525291	0.015282715814406952	0.21551468935838852	0.08798525139122888	1.0	1.0	1.0	0.05421879928540617	0.018451674002334245	1.0	1.0	0.5	0.021146461617324978	1.0	0.11502801040438271	1.0
ro	0.0	1.0	0.32037724101704074	0.11718851276519608	1.0	0.40453726661826384	1.0	0.25355482027512377	0.39564392373896007	0.3333333333333333	0.585786437626905	0.0	0.585786437626905	0.0	0.3483314773547883	1.0	1.0	1.0	1.0	0.010376596240547755	0.018765979727282122	0.585786437626905	0.3483314773547883	1.0	1.0	0.2284989041564256	0.585786437626905	0.03902134687277576	0.0	1.0	1.0	0.0939527256629669	1.0	0.26968623182294527	1.0
ru	1.0	0.03262563460743442	0.32037724101704074	0.01602080557200745	1.0	0.017244150545693355	1.0	0.006194063076494442	0.2958163163244893	0.015369613432439803	1.0	1.0	1.0	0.4142135623730951	0.021982636682730736	1.0	1.0	1.0	1.0	0.013339858626996126	0.01792651528818848	0.10550846531085128	0.0033927493580358297	1.0	0.2284989041564256	1.0	0.03419346586369746	0.018542559591833065	1.0	1.0	0.15225881209433406	0.014727246162460813	1.0	0.11056872223483268	1.0
sh	1.0	0.1741955127363284	0.3947846661343255	0.09584069468246141	0.585786437626905	0.03269410305472328	0.04635415183289753	0.03449834927862486	0.03216596858502546	0.044820638319919864	0.0736714337823038	0.0	0.07954793457045041	1.0	0.09957344708372289	0.13935358708628684	0.04194443358611389	0.0708199132469537	0.03305279305514155	0.01179934721711664	0.020500354349798754	0.08726486957129485	0.03763054576181121	0.05421879928540617	0.585786437626905	0.03419346586369746	1.0	0.03359749424806395	1.0	0.04313165181848666	0.07490465008297793	0.06248232138927659	0.10911115445599891	0.17227977819471055	0.04052456671003257
si	0.4142135623730951	0.04984224336576925	0.353889367864523	0.10606003862929478	0.038789988063282904	0.018030799326555432	0.036660818837645	0.017045667430780245	0.017130925599503244	0.017438888737389496	0.0201331949898167	0.027701399854053035	0.03816749889903085	0.024654665863797505	0.020200549550352134	0.018354015637339138	0.020200476581411428	0.0378710050892639	0.05295571597447482	0.04056662237885108	0.06716653120565952	0.01894766734858248	0.018977517217520657	0.018451674002334245	0.03902134687277576	0.018542559591833065	0.03359749424806395	1.0	0.021192491960234504	0.023987736428639012	0.019823350168888944	0.1468734253569541	0.02108687372885851	0.20894541729001367	0.01942738821235732
simple	1.0	1.0	0.353889367864523	0.077723982988944	1.0	0.5	1.0	0.585786437626905	1.0	0.3266316347104093	1.0	0.0	1.0	1.0	0.2742918851774318	1.0	1.0	0.0	1.0	0.010316325059677252	0.016212086465617857	0.585786437626905	0.585786437626905	1.0	0.0	1.0	1.0	0.021192491960234504	1.0	1.0	1.0	0.0684743149579624	1.0	0.2791745113185196	1.0
sr	1.0	0.042889162181934386	0.32037724101704074	0.12469397687422505	1.0	0.029125082543686787	1.0	0.01438992502450006	0.585786437626905	0.028764122381149015	1.0	1.0	1.0	0.5	0.03764741463902063	1.0	1.0	1.0	1.0	0.009534788626697622	0.017363696755103856	0.28436465220442186	0.011387747069465895	1.0	1.0	1.0	0.04313165181848666	0.023987736428639012	1.0	1.0	0.44948974278317805	0.06579868456596628	1.0	0.28989794855663564	1.0
sv	0.585786437626905	0.10463115073382764	0.353889367864523	0.06324772898014673	0.585786437626905	0.24336073281110826	0.5	0.1174667246757722	0.44948974278317805	0.14758918332656557	0.5	0.0	0.5	0.585786437626905	0.07672876822262598	0.585786437626905	0.5	1.0	0.5	0.011608924356985746	0.015795188729803913	0.2402530733520421	0.2766967754673749	0.5	1.0	0.15225881209433406	0.07490465008297793	0.019823350168888944	1.0	0.44948974278317805	1.0	0.019409358495054138	1.0	0.15035426575673141	0.585786437626905
te	0.2989350844248255	0.0938765441994232	0.585786437626905	0.2632403810669918	0.09984166067964172	0.055133849637895936	0.05139742352390644	0.019856920349556852	0.055102764847421236	0.03971143523934352	0.05260178019867024	0.05987713552651462	0.05733477673700071	0.06909802540336554	0.01935446159981756	0.016230616884327125	0.048543850297767206	0.11978243827074593	0.08301208506521382	0.061440972536558405	0.035128764177559745	0.06470423962550213	0.05720645480071589	0.021146461617324978	0.0939527256629669	0.014727246162460813	0.06248232138927659	0.1468734253569541	0.0684743149579624	0.06579868456596628	0.019409358495054138	1.0	0.06428745880338144	0.5	0.012474796324655816
vi	1.0	0.10393197414888693	0.353889367864523	0.08896124740439973	0.0	0.4364916731037085	1.0	0.2958163163244893	1.0	0.193373824568466	1.0	0.0	1.0	1.0	0.1907435698305462	1.0	1.0	1.0	1.0	0.00866398377300226	0.015182639478107081	1.0	0.36602540378443865	1.0	1.0	1.0	0.10911115445599891	0.02108687372885851	1.0	1.0	1.0	0.06428745880338144	1.0	0.19038733311557218	1.0
war	0.585786437626905	0.15055471221417036	0.3797958971132712	0.36602540378443865	0.2612038749637414	0.3380788308512194	0.1572240954588961	0.09077167249205852	0.26968623182294527	0.22901628833426058	0.17464760748059102	0.1774053291584318	0.15934399740800514	0.21822796141133347	0.17030880828674616	0.15874600733027255	0.20751998128563437	0.21290885543182675	0.18243370584713978	0.13666762988549302	0.07723317915589785	0.3021694792519622	0.2193450929151803	0.11502801040438271	0.26968623182294527	0.11056872223483268	0.17227977819471055	0.20894541729001367	0.2791745113185196	0.28989794855663564	0.15035426575673141	0.5	0.19038733311557218	1.0	0.06921646989414017
zh	1.0	0.04338039683593164	0.3380788308512194	0.018701749608405756	1.0	0.1478864632408439	1.0	0.04117064223479493	1.0	0.06446237459129395	1.0	1.0	1.0	0.5	0.036721319671310676	1.0	1.0	1.0	1.0	0.015047661194180694	0.024513751894170408	1.0	0.11962007627473113	1.0	1.0	1.0	0.04052456671003257	0.01942738821235732	1.0	1.0	0.585786437626905	0.012474796324655816	1.0	0.06921646989414017	1.0
