arz	bs	ceb	ckb	da	de	el	en	es	fr	he	hi	hu	id	it	ja	ko	lv	mk	ml	mr	nl	pl	pt	ro	ru	sh	si	simple	sr	sv	te	vi	war	zh
arz	0.01725387575178954	0.03225806451612903	0.5	0.058823529411764705	0.02702702702702703	0.02	0.029411764705882353	0.0196078431372549	0.0196078431372549	0.02	0.02127704843820733	0.027777777777777776	0.027777777777777776	0.025	0.020408579758433985	0.02040816326530612	0.02040816326530612	0.037037037037037035	0.03225806451612903	0.041666666666666664	0.05	0.02040816326530612	0.02040816326530612	0.02040816326530612	0.022727272727272728	0.02040816326530612	0.02564102564102564	0.05555555555555555	0.02564102564102564	0.021739130434782608	0.02083376736111111	0.047619047619047616	0.023809523809523808	0.07142857142857142	0.021739130434782608
bs	0.03225806451612903	0.004824181421674934	0.16669444444444442	0.019230769230769232	0.007575757575757576	0.0051813471502590676	0.007633820872909504	0.004926205440559102	0.005181373996617359	0.005154665745562759	0.006060679522497705	0.008196855683955926	0.008130279661643267	0.006493632990386237	0.005347707998541593	0.0056820441632231405	0.006211334439257745	0.010526869916897505	0.009615754437869821	0.011904903628117915	0.02173960302457467	0.005347622179644828	0.005319177229515618	0.005235766563416573	0.008264462809917356	0.005319290431190584	0.006451737773152965	0.0212779538252603	0.007353049307958478	0.006060716253443526	0.005525136625866122	0.019231139053254437	0.00662256041401693	0.027777777777777776	0.0057147428897959185
ceb	0.5	0.16669444444444442	0.1250781719062656	0.2	0.16666666666666666	0.125	0.14285714285714285	0.125	0.125	0.125	0.125	0.125	0.14285714285714285	0.125	0.14285714285714285	0.125	0.125	0.2	0.14287755102040817	0.14285714285714285	0.16666666666666666	0.14285714285714285	0.125	0.125	0.125	0.125	0.16666666666666666	0.16666666666666666	0.14285714285714285	0.125	0.14285714285714285	0.25	0.14285714285714285	0.16666666666666666	0.14285714285714285
ckb	0.058823529411764705	0.019230769230769232	0.2	0.009618714127496394	0.012987012987012988	0.01	0.013333511111111113	0.009708737864077669	0.009900990099009901	0.010101010101010102	0.010752688172043012	0.014705882352941176	0.014084507042253521	0.011494252873563218	0.0100001	0.010526426592797785	0.010869565217391304	0.014925373134328358	0.01587326782564878	0.017543859649122806	0.029411764705882353	0.010416666666666666	0.01030949091295568	0.0100001	0.012987012987012988	0.010204185755935027	0.013513513513513514	0.02702702702702703	0.012345679012345678	0.012195121951219513	0.01086991965973535	0.02631578947368421	0.011494252873563218	0.034482758620689655	0.01086968336483932
da	0.02702702702702703	0.007575757575757576	0.16666666666666666	0.012987012987012988	0.0020004598520000174	0.002232147844592041	0.004444523456790124	0.0020790496280704176	0.0022075152649250274	0.002188226915139646	0.0026385711600448334	0.00485443962673202	0.00392161476355248	0.003344515162022796	0.002262463913515284	0.0024510284505959243	0.002754889237984655	0.0059171947760932745	0.00588242214532872	0.0072464818315479945	0.014492963663095989	0.0023148148148148147	0.0023529688581314877	0.002222276543209876	0.003968269715293525	0.0023697187843938813	0.004273522536343049	0.01639344262295082	0.0035088457987072943	0.0032573502106123145	0.002415534784942472	0.013333333333333334	0.003424680990805029	0.023809523809523808	0.002564155161078238
de	0.02	0.0051813471502590676	0.125	0.01	0.002232147844592041	0.0003626898974615002	0.002512607004873614	0.00040670063643195354	0.000554330792375652	0.0005488673021287564	0.0011441857055333586	0.002865345933120418	0.0023866462369205007	0.0015873192239858906	0.0005797397188825872	0.0008741549097755387	0.0012820759385272842	0.004405305750160104	0.0038168230289610163	0.004807761649408284	0.010989252505736022	0.00076220557889649	0.0005787127462839719	0.0006562045775897102	0.002325597620335316	0.0007102746919999548	0.002457026604446752	0.011904761904761904	0.0020366723217507808	0.0014285836734693874	0.0009425399375156007	0.008403431961019702	0.001592366830297375	0.022222222222222223	0.0010953490400914616
el	0.029411764705882353	0.007633820872909504	0.14285714285714285	0.013333511111111113	0.004444523456790124	0.002512607004873614	0.002243404903699326	0.002288481392273091	0.002457026604446752	0.00248763026286478	0.0030304132231404953	0.004761995464852608	0.004629736818415638	0.0035211515572307083	0.002590787672152272	0.0027028707304601893	0.00307701775147929	0.005952558142006802	0.005681915030991735	0.007874139748279498	0.014084705415592145	0.002702717311906501	0.0025974160904031034	0.0025190503207304154	0.004098427841977963	0.002681137663607156	0.004587240131302079	0.015873015873015872	0.00387599903851932	0.0035336563073580644	0.0028091939149097332	0.012345679012345678	0.0035715306122448983	0.023255813953488372	0.002898743978155849
en	0.0196078431372549	0.004926205440559102	0.125	0.009708737864077669	0.0020790496280704176	0.00040670063643195354	0.002288481392273091	0.0002137565518852782	0.0004393972355383296	0.0004339245699049045	0.0009941098962882736	0.0025446911472460166	0.002242258053650787	0.0014124872322768037	0.00045737766313099924	0.0007311411230202239	0.001128766267598815	0.0041152602076241765	0.0035337686948270046	0.0043861572791628195	0.010526759113573408	0.0006592318504976987	0.00047850255488656357	0.0005212307712024353	0.002178687209572766	0.0005629308832572423	0.002207641969894108	0.011363894628099173	0.0017700368204244647	0.001243829051261107	0.0008238765989343157	0.008000128064064064	0.0013532440631288667	0.022222222222222223	0.000887569776006223
es	0.0196078431372549	0.005181373996617359	0.125	0.009900990099009901	0.0022075152649250274	0.000554330792375652	0.002457026604446752	0.0004393972355383296	0.0004245209196164606	0.0005714455510204079	0.0011160863759566327	0.0027548740599078686	0.0023529633217993077	0.0015408462942870503	0.0005865405357711056	0.0008665991893166404	0.0012376559283403584	0.004219427086115117	0.003676511137543253	0.004545454545454545	0.010752803792345937	0.0007734035789117318	0.0006222845059089259	0.0006250343769531244	0.002320190998110475	0.0007194648341198694	0.00236969070775589	0.011628042184964847	0.001968534940948761	0.0013831354296394496	0.0009354851994432786	0.008333333333333333	0.0014992638613227115	0.022222222222222223	0.0010384906148469479
fr	0.02	0.005154665745562759	0.125	0.010101010101010102	0.002188226915139646	0.0005488673021287564	0.00248763026286478	0.0004339245699049045	0.0005714455510204079	0.00039775506049902134	0.001132542591982187	0.00281699663559612	0.002381003401360544	0.0015773169202599289	0.000602123086164844	0.0008796165633651478	0.0012500578203124993	0.004273595587698152	0.003676524653979239	0.0046297367969821675	0.010869801512287334	0.0007716275630858477	0.000635747308058063	0.0006584045643503552	0.0022883661746147276	0.0007430629491625614	0.0024097082305124112	0.011765121107266433	0.0019380445886665464	0.0014430451744824036	0.0009329228435133093	0.00847457627118644	0.0015267548534467685	0.022222222222222223	0.0010777673807304854
he	0.02127704843820733	0.006060679522497705	0.125	0.010752688172043012	0.0026385711600448334	0.0011441857055333586	0.0030304132231404953	0.0009941098962882736	0.0011160863759566327	0.001132542591982187	0.0009842723578358113	0.003378446859021183	0.002949922120413153	0.002114191723022049	0.0011601708714423363	0.001388987282021604	0.0016751120229848288	0.004807738535502959	0.004255464010864645	0.0056498132720482624	0.011764982698961937	0.0012886813821872671	0.0012048483088982433	0.0011534943347581241	0.0028248986561971337	0.0012854280007401474	0.0029070866008653324	0.0125	0.002358512815948736	0.0019455555761631513	0.0013889737654320983	0.009259516546639231	0.0020080724504443473	0.023810090702947845	0.001531496757807644
hi	0.027777777777777776	0.008196855683955926	0.125	0.014705882352941176	0.00485443962673202	0.002865345933120418	0.004761995464852608	0.0025446911472460166	0.0027548740599078686	0.00281699663559612	0.003378446859021183	0.0025293016974871937	0.005076193666417584	0.0036232277882797736	0.0029499569356340443	0.003030404049586777	0.0033445599154371874	0.006579033933518006	0.006451779396462018	0.006802906196492202	0.012987519143194468	0.00303951367781155	0.003012084482508347	0.002801206757212689	0.004629693930041152	0.003021221054937432	0.005025150880028282	0.01449338374291115	0.004115327947975411	0.00386106349040712	0.0031747543461829175	0.010869565217391304	0.003584319317583278	0.024390243902439025	0.0031748349911816577
hu	0.027777777777777776	0.008130279661643267	0.14285714285714285	0.014084507042253521	0.00392161476355248	0.0023866462369205007	0.004629736818415638	0.002242258053650787	0.0023529633217993077	0.002381003401360544	0.002949922120413153	0.005076193666417584	0.0021929875041107926	0.003521139158897044	0.002487661208880968	0.002793498954464592	0.0031250976562500004	0.006369507890786645	0.006097709696609161	0.00775199807703864	0.014084507042253521	0.002551065962099125	0.002445011686922006	0.002398208052263225	0.00416671875	0.002531831450088127	0.004566272596484644	0.01639344262295082	0.003984143124712306	0.003401395251978343	0.0027934911519615488	0.011628042184964847	0.0035461873145214025	0.024390243902439025	0.002890323766246784
id	0.025	0.006493632990386237	0.125	0.011494252873563218	0.003344515162022796	0.0015873192239858906	0.0035211515572307083	0.0014124872322768037	0.0015408462942870503	0.0015773169202599289	0.002114191723022049	0.0036232277882797736	0.003521139158897044	0.001374085229037422	0.0016103500405817844	0.0018904163435665246	0.0022271863730834664	0.005347707969916211	0.004975198633697186	0.005847953216374269	0.012048337930033388	0.0017301157792650947	0.001697804399272457	0.0015699277224233486	0.0033557272194946175	0.0016920989146274774	0.003378401216684179	0.013157894736842105	0.003021175418260147	0.002415488109407454	0.0018797275142744079	0.009900990099009901	0.002403875052012071	0.023255813953488372	0.0020704748230735265
it	0.020408579758433985	0.005347707998541593	0.14285714285714285	0.0100001	0.002262463913515284	0.0005797397188825872	0.002590787672152272	0.00045737766313099924	0.0005865405357711056	0.000602123086164844	0.0011601708714423363	0.0029499569356340443	0.002487661208880968	0.0016103500405817844	0.0004421839630290069	0.00091255945808414	0.0013004662194497098	0.004347958412098299	0.0038024982289754077	0.004694945888161521	0.01149451710926146	0.0007943127202963125	0.0006574963450548334	0.0006515748911975719	0.0024096850050805627	0.0007560144744273786	0.002451070501730104	0.012658227848101266	0.0020325905669574982	0.0014556655225237247	0.000982458209020537	0.008695727788279773	0.0016077868353330735	0.022727272727272728	0.0010848375595964676
ja	0.02040816326530612	0.0056820441632231405	0.125	0.010526426592797785	0.0024510284505959243	0.0008741549097755387	0.0027028707304601893	0.0007311411230202239	0.0008665991893166404	0.0008796165633651478	0.001388987282021604	0.003030404049586777	0.002793498954464592	0.0018904163435665246	0.00091255945808414	0.0007192128699648893	0.0014307256943804855	0.0046298010973936906	0.004081882565597667	0.004975297641147496	0.01086968336483932	0.0010787917107417527	0.0009506064864679258	0.0009243613661332643	0.0027027976625273917	0.0010440604044329518	0.002747358418367347	0.011904761904761904	0.002150630135275754	0.0017731313848649455	0.0011864127199222112	0.008771929824561403	0.0018083902108832635	0.022222222222222223	0.0012806999759148545
ko	0.02040816326530612	0.006211334439257745	0.125	0.010869565217391304	0.002754889237984655	0.0012820759385272842	0.00307701775147929	0.001128766267598815	0.0012376559283403584	0.0012500578203124993	0.0016751120229848288	0.0033445599154371874	0.0031250976562500004	0.0022271863730834664	0.0013004662194497098	0.0014307256943804855	0.0011256088511440445	0.0050761678991986395	0.004651292590589507	0.0054945356840961235	0.011363765495867768	0.0014326893867866437	0.0013736546763675882	0.001278863957914979	0.002890206822813993	0.0013851509004688411	0.0029762967775651926	0.01250015625	0.002386714589231093	0.00204085381091212	0.0015315108381858725	0.009708832123668583	0.002057647043133668	0.022727272727272728	0.0016209136959670517
lv	0.037037037037037035	0.010526869916897505	0.2	0.014925373134328358	0.0059171947760932745	0.004405305750160104	0.005952558142006802	0.0041152602076241765	0.004219427086115117	0.004273595587698152	0.004807738535502959	0.006579033933518006	0.006369507890786645	0.005347707969916211	0.004347958412098299	0.0046298010973936906	0.0050761678991986395	0.004123932994021669	0.007692485207100591	0.008849557522123894	0.01587326782564878	0.0044643056441326535	0.004366812227074236	0.0042919375932509345	0.005848021613487911	0.004504748031815599	0.0065360758682557986	0.017543859649122806	0.00588242214532872	0.005347650804998713	0.004695078159095417	0.015625244140625	0.005102118908788005	0.025	0.004831011225466171
mk	0.03225806451612903	0.009615754437869821	0.14287755102040817	0.01587326782564878	0.00588242214532872	0.0038168230289610163	0.005681915030991735	0.0035337686948270046	0.003676511137543253	0.003676524653979239	0.004255464010864645	0.006451779396462018	0.006097709696609161	0.004975198633697186	0.0038024982289754077	0.004081882565597667	0.004651292590589507	0.007692485207100591	0.0034768099404983146	0.009709020642850409	0.018518518518518517	0.003984079617783845	0.003937054374108748	0.003703854609053498	0.005347707969916211	0.003937255874511749	0.006060752984389348	0.018518518518518517	0.005376459735229506	0.004784826354707996	0.00400008	0.016949439816144784	0.004762018140589569	0.026316481994459833	0.004219890028307429
ml	0.041666666666666664	0.011904903628117915	0.14285714285714285	0.017543859649122806	0.0072464818315479945	0.004807761649408284	0.007874139748279498	0.0043861572791628195	0.004545454545454545	0.0046297367969821675	0.0056498132720482624	0.006802906196492202	0.00775199807703864	0.005847953216374269	0.004694945888161521	0.004975297641147496	0.0054945356840961235	0.008849557522123894	0.009709020642850409	0.0043618419881528035	0.016666944444444443	0.00497514912997203	0.004950519556906186	0.004695012012607728	0.006711409395973154	0.0049262539736465326	0.0072992700729927005	0.01818214876033058	0.006451654526534859	0.0062894268422926305	0.005263296398891967	0.014084705415592145	0.005814122532449973	0.024390243902439025	0.005319375311226799
mr	0.05	0.02173960302457467	0.16666666666666666	0.029411764705882353	0.014492963663095989	0.010989252505736022	0.014084705415592145	0.010526759113573408	0.010752803792345937	0.010869801512287334	0.011764982698961937	0.012987519143194468	0.014084507042253521	0.012048337930033388	0.01149451710926146	0.01086968336483932	0.011363765495867768	0.01587326782564878	0.018518518518518517	0.016666944444444443	0.01056156453502416	0.011363765495867768	0.011363636363636364	0.011111358024691357	0.013513513513513514	0.01149451710926146	0.014925595901091559	0.029411764705882353	0.012048337930033388	0.01282084155161078	0.011494781344959702	0.020408579758433985	0.011236207549551824	0.03225806451612903	0.010989856297548607
nl	0.02040816326530612	0.005347622179644828	0.14285714285714285	0.010416666666666666	0.0023148148148148147	0.00076220557889649	0.002702717311906501	0.0006592318504976987	0.0007734035789117318	0.0007716275630858477	0.0012886813821872671	0.00303951367781155	0.002551065962099125	0.0017301157792650947	0.0007943127202963125	0.0010787917107417527	0.0014326893867866437	0.0044643056441326535	0.003984079617783845	0.00497514912997203	0.011363765495867768	0.0006350508125979652	0.0008474648089629415	0.0008467751822713708	0.0025575578391036163	0.0009225585886970487	0.0025840127129112167	0.012345679012345678	0.0021367932281393816	0.001607722211308816	0.0010764587105363472	0.008695652173913044	0.0017482700865567998	0.022222222222222223	0.0012531846549330714
pl	0.02040816326530612	0.005319177229515618	0.125	0.01030949091295568	0.0023529688581314877	0.0005787127462839719	0.0025974160904031034	0.00047850255488656357	0.0006222845059089259	0.000635747308058063	0.0012048483088982433	0.003012084482508347	0.002445011686922006	0.001697804399272457	0.0006574963450548334	0.0009506064864679258	0.0013736546763675882	0.004366812227074236	0.003937054374108748	0.004950519556906186	0.011363636363636364	0.0008474648089629415	0.00045050572807901914	0.0007231102411317254	0.0024752475247524753	0.0007943329104317057	0.0025000375	0.012195270672218919	0.002118679977018098	0.0014903307339846877	0.0010417035601128465	0.008771929824561403	0.0016778664249358134	0.022727272727272728	0.0011481754914379784
pt	0.02040816326530612	0.005235766563416573	0.125	0.0100001	0.002222276543209876	0.0006562045775897102	0.0025190503207304154	0.0005212307712024353	0.0006250343769531244	0.0006584045643503552	0.0011534943347581241	0.002801206757212689	0.002398208052263225	0.0015699277224233486	0.0006515748911975719	0.0009243613661332643	0.001278863957914979	0.0042919375932509345	0.003703854609053498	0.004695012012607728	0.011111358024691357	0.0008467751822713708	0.0007231102411317254	0.0005126492694901674	0.002283162366297617	0.000788177957618819	0.0023811111224489793	0.01176484429065744	0.001957031422214222	0.0014663509128748455	0.0009873091254968714	0.00847457627118644	0.0015361761888244712	0.022727272727272728	0.001093129144513129
ro	0.022727272727272728	0.008264462809917356	0.125	0.012987012987012988	0.003968269715293525	0.002325597620335316	0.004098427841977963	0.002178687209572766	0.002320190998110475	0.0022883661746147276	0.0028248986561971337	0.004629693930041152	0.00416671875	0.0033557272194946175	0.0024096850050805627	0.0027027976625273917	0.002890206822813993	0.005848021613487911	0.005347707969916211	0.006711409395973154	0.013513513513513514	0.0025575578391036163	0.0024752475247524753	0.002283162366297617	0.002119906214800381	0.0024332084287980826	0.004329004329004329	0.015384615384615385	0.003717513577755974	0.0031250488378906254	0.002673839686579542	0.012345679012345678	0.0033003300330033004	0.023809523809523808	0.002817052180122991
ru	0.02040816326530612	0.005319290431190584	0.125	0.010204185755935027	0.0023697187843938813	0.0007102746919999548	0.002681137663607156	0.0005629308832572423	0.0007194648341198694	0.0007430629491625614	0.0012854280007401474	0.003021221054937432	0.002531831450088127	0.0016920989146274774	0.0007560144744273786	0.0010440604044329518	0.0013851509004688411	0.004504748031815599	0.003937255874511749	0.0049262539736465326	0.01149451710926146	0.0009225585886970487	0.0007943329104317057	0.000788177957618819	0.0024332084287980826	0.0005316342380547846	0.0025001500062499997	0.011905187074829932	0.0021646427306506624	0.001512921104730603	0.0011027485975270152	0.008547154649718752	0.0016892976168736298	0.022222222222222223	0.0012395029750755895
sh	0.02564102564102564	0.006451737773152965	0.16666666666666666	0.013513513513513514	0.004273522536343049	0.002457026604446752	0.004587240131302079	0.002207641969894108	0.00236969070775589	0.0024097082305124112	0.0029070866008653324	0.005025150880028282	0.004566272596484644	0.003378401216684179	0.002451070501730104	0.002747358418367347	0.0029762967775651926	0.0065360758682557986	0.006060752984389348	0.0072992700729927005	0.014925595901091559	0.0025840127129112167	0.0025000375	0.0023811111224489793	0.004329004329004329	0.0025001500062499997	0.0021422853458281338	0.014925818667854755	0.003816852164792262	0.002415499778291208	0.0027101666483060494	0.012048192771084338	0.003484441998834537	0.023809523809523808	0.0029071795649675495
si	0.05555555555555555	0.0212779538252603	0.16666666666666666	0.02702702702702703	0.01639344262295082	0.011904761904761904	0.015873015873015872	0.011363894628099173	0.011628042184964847	0.011765121107266433	0.0125	0.01449338374291115	0.01639344262295082	0.013157894736842105	0.012658227848101266	0.011904761904761904	0.01250015625	0.017543859649122806	0.018518518518518517	0.01818214876033058	0.029411764705882353	0.012345679012345678	0.012195270672218919	0.01176484429065744	0.015384615384615385	0.011905187074829932	0.014925818667854755	0.011386929207590669	0.013333866666666666	0.013157894736842105	0.01250015625	0.027777777777777776	0.012821005917159763	0.03571428571428571	0.011765397923875431
simple	0.02564102564102564	0.007353049307958478	0.14285714285714285	0.012345679012345678	0.0035088457987072943	0.0020366723217507808	0.00387599903851932	0.0017700368204244647	0.001968534940948761	0.0019380445886665464	0.002358512815948736	0.004115327947975411	0.003984143124712306	0.003021175418260147	0.0020325905669574982	0.002150630135275754	0.002386714589231093	0.00588242214532872	0.005376459735229506	0.006451654526534859	0.012048337930033388	0.0021367932281393816	0.002118679977018098	0.001957031422214222	0.003717513577755974	0.0021646427306506624	0.003816852164792262	0.013333866666666666	0.0017571696815963163	0.0029673854661043065	0.0022422882171419137	0.01098901098901099	0.002809059777805833	0.023255813953488372	0.0022677176896457748
sr	0.021739130434782608	0.006060716253443526	0.125	0.012195121951219513	0.0032573502106123145	0.0014285836734693874	0.0035336563073580644	0.001243829051261107	0.0013831354296394496	0.0014430451744824036	0.0019455555761631513	0.00386106349040712	0.003401395251978343	0.002415488109407454	0.0014556655225237247	0.0017731313848649455	0.00204085381091212	0.005347650804998713	0.004784826354707996	0.0062894268422926305	0.01282084155161078	0.001607722211308816	0.0014903307339846877	0.0014663509128748455	0.0031250488378906254	0.001512921104730603	0.002415499778291208	0.013157894736842105	0.0029673854661043065	0.0012147290685684403	0.0017857653061224485	0.01020408163265306	0.002538109716818264	0.023255813953488372	0.0019121519144222362
sv	0.02083376736111111	0.005525136625866122	0.14285714285714285	0.01086991965973535	0.002415534784942472	0.0009425399375156007	0.0028091939149097332	0.0008238765989343157	0.0009354851994432786	0.0009329228435133093	0.0013889737654320983	0.0031747543461829175	0.0027934911519615488	0.0018797275142744079	0.000982458209020537	0.0011864127199222112	0.0015315108381858725	0.004695078159095417	0.00400008	0.005263296398891967	0.011494781344959702	0.0010764587105363472	0.0010417035601128465	0.0009873091254968714	0.002673839686579542	0.0011027485975270152	0.0027101666483060494	0.01250015625	0.0022422882171419137	0.0017857653061224485	0.0008127800285596302	0.009259259259259259	0.0019194779012750467	0.022222222222222223	0.0014067190502511265
te	0.047619047619047616	0.019231139053254437	0.25	0.02631578947368421	0.013333333333333334	0.008403431961019702	0.012345679012345678	0.008000128064064064	0.008333333333333333	0.00847457627118644	0.009259516546639231	0.010869565217391304	0.011628042184964847	0.009900990099009901	0.008695727788279773	0.008771929824561403	0.009708832123668583	0.015625244140625	0.016949439816144784	0.014084705415592145	0.020408579758433985	0.008695652173913044	0.008771929824561403	0.00847457627118644	0.012345679012345678	0.008547154649718752	0.012048192771084338	0.027777777777777776	0.01098901098901099	0.01020408163265306	0.009259259259259259	0.008007623367880266	0.009900990099009901	0.04	0.00884963583679223
vi	0.023809523809523808	0.00662256041401693	0.14285714285714285	0.011494252873563218	0.003424680990805029	0.001592366830297375	0.0035715306122448983	0.0013532440631288667	0.0014992638613227115	0.0015267548534467685	0.0020080724504443473	0.003584319317583278	0.0035461873145214025	0.002403875052012071	0.0016077868353330735	0.0018083902108832635	0.002057647043133668	0.005102118908788005	0.004762018140589569	0.005814122532449973	0.011236207549551824	0.0017482700865567998	0.0016778664249358134	0.0015361761888244712	0.0033003300330033004	0.0016892976168736298	0.003484441998834537	0.012821005917159763	0.002809059777805833	0.002538109716818264	0.0019194779012750467	0.009900990099009901	0.0013527130363730877	0.022727272727272728	0.0018976880412200378
war	0.07142857142857142	0.027777777777777776	0.16666666666666666	0.034482758620689655	0.023809523809523808	0.022222222222222223	0.023255813953488372	0.022222222222222223	0.022222222222222223	0.022222222222222223	0.023810090702947845	0.024390243902439025	0.024390243902439025	0.023255813953488372	0.022727272727272728	0.022222222222222223	0.022727272727272728	0.025	0.026316481994459833	0.024390243902439025	0.03225806451612903	0.022222222222222223	0.022727272727272728	0.022727272727272728	0.023809523809523808	0.022222222222222223	0.023809523809523808	0.03571428571428571	0.023255813953488372	0.023255813953488372	0.022222222222222223	0.04	0.022727272727272728	0.022223703703703704	0.022222222222222223
zh	0.021739130434782608	0.0057147428897959185	0.14285714285714285	0.01086968336483932	0.002564155161078238	0.0010953490400914616	0.002898743978155849	0.000887569776006223	0.0010384906148469479	0.0010777673807304854	0.001531496757807644	0.0031748349911816577	0.002890323766246784	0.0020704748230735265	0.0010848375595964676	0.0012806999759148545	0.0016209136959670517	0.004831011225466171	0.004219890028307429	0.005319375311226799	0.010989856297548607	0.0012531846549330714	0.0011481754914379784	0.001093129144513129	0.002817052180122991	0.0012395029750755895	0.0029071795649675495	0.011765397923875431	0.0022677176896457748	0.0019121519144222362	0.0014067190502511265	0.00884963583679223	0.0018976880412200378	0.022222222222222223	0.0008976093347577308
