arz	bs	ceb	ckb	da	de	el	en	es	fr	he	hi	hu	id	it	ja	ko	lv	mk	ml	mr	nl	pl	pt	ro	ru	sh	si	simple	sr	sv	te	vi	war	zh
arz	1.0	0.06595744680851064	0.015625	0.05862068965517241	0.035440613026819924	0.00897021887334051	0.036016949152542374	0.005130784708249497	0.010723296888141295	0.009720062208398134	0.022749273959341725	0.04295942720763723	0.0375	0.026737967914438502	0.010528077596003401	0.017186980736714264	0.027101769911504425	0.04927007299270073	0.0490506329113924	0.045454545454545456	0.07518796992481203	0.015399120050282841	0.010992742591260258	0.012213359920239282	0.045174537987679675	0.012583461736004109	0.04018123861566485	0.0703125	0.03299492385786802	0.027413587604290822	0.019073004912769333	0.06481481481481481	0.02766798418972332	0.07865168539325842	0.019948552205910144
bs	0.06595744680851064	1.0	0.014285714285714285	0.1	0.11438474870017332	0.034627066877504616	0.12476190476190477	0.02044827114422662	0.04047528901733353	0.03767547871561927	0.07761337714249837	0.12650730643941802	0.11381337836432273	0.09838360505055391	0.039973977427888045	0.06076033154530234	0.08552494997444204	0.13465546752063606	0.1332738349969702	0.11864406779661017	0.09046882229352023	0.058390377993956466	0.0417036379769299	0.04748183273069133	0.10853822684852836	0.04806015295969753	0.1493250658832962	0.09437751004016064	0.10614407873229986	0.09505080049261083	0.07096744692406518	0.09312982670026486	0.09471185156074556	0.08294930875576037	0.07464272709031591
ceb	0.015625	0.014285714285714285	1.0	0.02336448598130841	0.005964214711729622	0.0014393666786613889	0.0077951002227171495	0.0008059641345960105	0.001687051876845213	0.0015600624024961	0.003913894324853229	0.010075566750629723	0.007874648889758175	0.005479452054794521	0.0015079707022834985	0.0028208744710860366	0.004469273743016759	0.011129719614410845	0.01206896551724138	0.015151515151515152	0.03248546745030029	0.0022109917877447885	0.0017905102954341987	0.00200300450676014	0.008456659619450317	0.0020639834881320948	0.006369426751592357	0.03333333333333333	0.006108202443280977	0.0048367593712212815	0.002797761790567546	0.015503875968992248	0.004704301075268817	0.06382978723404255	0.0030621172353455816
ckb	0.05862068965517241	0.1	0.02336448598130841	1.0	0.07291666666666667	0.01798909841975812	0.07861635220125786	0.010374697824335213	0.02127211457455771	0.019268197742312185	0.04501452081316554	0.07852193995381063	0.07230142566191446	0.05823293172690763	0.021514629948364887	0.03328661527680449	0.050716648291069456	0.11964285714285715	0.09545454545454546	0.10288808664259928	0.10303030303030303	0.03018867924528302	0.021642124051762607	0.02499828629085914	0.077	0.025205761316872428	0.07414829659318638	0.1240277359059391	0.0680672268907563	0.048292108362779744	0.036475472840115285	0.09947643979057591	0.057236842105263155	0.12083333333333333	0.03986135181975736
da	0.035440613026819924	0.11438474870017332	0.005964214711729622	0.07291666666666667	1.0	0.07916144742141573	0.1555354171081792	0.04828333650526017	0.0937245594688432	0.08768366216297337	0.16571693023164644	0.14920796412691933	0.18191155467403058	0.1604077253218884	0.09296328332744301	0.1351841675127681	0.1763514430447185	0.14726383581411506	0.13729725534831982	0.11662733691957529	0.06581430164545699	0.1310076305894256	0.09208884589149799	0.10996865088668549	0.17493294640109044	0.1046796371767448	0.15941906248772633	0.05776515151515151	0.18133581955541392	0.1505475513800685	0.15511327854566243	0.06805807622504537	0.1535671905649868	0.041666666666666664	0.15579870829812817
de	0.00897021887334051	0.034627066877504616	0.0014393666786613889	0.01798909841975812	0.07916144742141573	1.0	0.07046753453453691	0.2330605161431556	0.26996542905488863	0.2592078831001167	0.1494433229958889	0.06183281224801582	0.07436449415337093	0.1094961092320005	0.25617970093933073	0.18794426620373192	0.13507851056129597	0.0406530037631643	0.04677188416919069	0.037173922813787376	0.016371847964085796	0.21535845396340222	0.26333250546091985	0.23483864304567653	0.0762520336005777	0.21335637946585362	0.07175457257922478	0.015114352946648466	0.08594028943428239	0.12057725621001136	0.17929501865558037	0.021364452423698384	0.10859814314059271	0.008096437567470314	0.1523556130652847
el	0.036016949152542374	0.12476190476190477	0.0077951002227171495	0.07861635220125786	0.1555354171081792	0.07046753453453691	1.0	0.043978950472772005	0.08448314486798406	0.07715538466593498	0.1449182864018641	0.16586992751196125	0.15675714402685664	0.15928232183660532	0.08118902068453887	0.12398166905674446	0.1597398540269937	0.16097417352509213	0.15727642408314677	0.11608309154172496	0.07560188000740369	0.1115502763404716	0.08401690437828006	0.09718118333695776	0.18063208529767621	0.09284193462351553	0.15649847220067037	0.06680212531042001	0.1697770584194753	0.1429735758407687	0.1333235995834155	0.08252831102455511	0.15442915741604285	0.04777777777777778	0.1389853657133176
en	0.005130784708249497	0.02044827114422662	0.0008059641345960105	0.010374697824335213	0.04828333650526017	0.2330605161431556	0.043978950472772005	1.0	0.22525509347152584	0.22148197423967833	0.10112748669005253	0.03959602021427625	0.044862480340634475	0.07106007810047378	0.21543359642357351	0.13690665808296604	0.0892259718364233	0.02448641839619847	0.028521987897303515	0.02297123247799374	0.009583100923189949	0.15097848540327397	0.20486031151851658	0.19107718337990529	0.04613309115965583	0.17419236870524787	0.04553984957975501	0.00886736011894269	0.05688797733420575	0.08069680683536862	0.12174804454511028	0.012594944617137876	0.07445684132445801	0.004533548257102559	0.11371826461034165
es	0.010723296888141295	0.04047528901733353	0.001687051876845213	0.02127211457455771	0.0937245594688432	0.26996542905488863	0.08448314486798406	0.22525509347152584	1.0	0.27518517170835055	0.17964879046599638	0.0756439248424452	0.08865303778936993	0.13245431199793314	0.28610187831150763	0.21954582921582544	0.16470248861491807	0.04991559332717522	0.057100428434539684	0.04632300711279119	0.019595448798988623	0.24326522195610528	0.26824800814019406	0.2897552706208968	0.08939783812444298	0.23862749125419513	0.0873757848996377	0.01815261085232223	0.10453071811575776	0.1462171169120251	0.20985751640087555	0.025252525252525252	0.1364721874386383	0.009489666807254323	0.18933175339993694
fr	0.009720062208398134	0.03767547871561927	0.0015600624024961	0.019268197742312185	0.08768366216297337	0.2592078831001167	0.07715538466593498	0.22148197423967833	0.27518517170835055	1.0	0.16367709592752358	0.0681799891748792	0.08077460782355404	0.11927845601609788	0.25868223164081566	0.20057395577967127	0.15079571099476552	0.04549205269619183	0.052780542494954355	0.04192256989339999	0.01792970984914325	0.2276919890456355	0.24432836591594898	0.2506864603306988	0.08405800500312695	0.21431334005633265	0.07939337459750187	0.016566277809199358	0.09865329873896017	0.12867084909268772	0.19632036512867437	0.02295826775616641	0.12372487417763507	0.008775351014040561	0.16792134557633026
he	0.022749273959341725	0.07761337714249837	0.003913894324853229	0.04501452081316554	0.16571693023164644	0.1494433229958889	0.1449182864018641	0.10112748669005253	0.17964879046599638	0.16367709592752358	1.0	0.1321820567515504	0.1489281515846484	0.1852127860894472	0.17402292038802317	0.20992788411580107	0.2270100035378806	0.09862134841372933	0.10967410027018792	0.08239955683550271	0.0415769281614577	0.2124412496680158	0.171260669019644	0.20189923604242693	0.15553826571797594	0.17867376798187526	0.1503820434337905	0.038834951456310676	0.18170134844279542	0.19291819403995208	0.23260221334091297	0.0519730510105871	0.19688587298001814	0.02048780487804878	0.2169377240103125
hi	0.04295942720763723	0.12650730643941802	0.010075566750629723	0.07852193995381063	0.14920796412691933	0.06183281224801582	0.16586992751196125	0.03959602021427625	0.0756439248424452	0.0681799891748792	0.1321820567515504	1.0	0.15038475386637865	0.1624202266782912	0.07137818559684668	0.11136787249419909	0.1510406135722018	0.15620390538423326	0.1466154876087868	0.15354676296921133	0.09302749459375965	0.09986449259176532	0.07233107699842045	0.08778522673491661	0.16548090338470067	0.08274688277607826	0.15034912121404084	0.08320847829776401	0.1682385690745955	0.1343819735533608	0.11852523788534504	0.10697674418604651	0.16248610875177816	0.05112219451371571	0.12904883442155168
hu	0.0375	0.11381337836432273	0.007874648889758175	0.07230142566191446	0.18191155467403058	0.07436449415337093	0.15675714402685664	0.044862480340634475	0.08865303778936993	0.08077460782355404	0.1489281515846484	0.15038475386637865	1.0	0.15731538387719934	0.08473649727659185	0.1182226349338472	0.15523803908540013	0.14469955976020982	0.14124404266374643	0.11556716375993485	0.07365145228215768	0.11909296577412108	0.08960584808582611	0.102544154596043	0.17411881688895126	0.09883625898474152	0.1547798100116377	0.06288659793814433	0.1617164743567231	0.14902897766224965	0.13293915698425657	0.08651911468812877	0.15395028682138215	0.044372294372294376	0.1383095975922286
id	0.026737967914438502	0.09838360505055391	0.005479452054794521	0.05823293172690763	0.1604077253218884	0.1094961092320005	0.15928232183660532	0.07106007810047378	0.13245431199793314	0.11927845601609788	0.1852127860894472	0.1624202266782912	0.15731538387719934	1.0	0.12797036047719396	0.1636071939149826	0.19118448625203197	0.11931985120878999	0.12299868097567297	0.10836501901140684	0.05690839271867962	0.1667712254286909	0.12406055834796827	0.1526085317775599	0.16464088397790055	0.14247511872159374	0.1644602941348592	0.05121293800539083	0.17102650001803268	0.18126869620339375	0.1839986645410401	0.06697612732095491	0.1971175737001604	0.029371584699453553	0.17431392617467698
it	0.010528077596003401	0.039973977427888045	0.0015079707022834985	0.021514629948364887	0.09296328332744301	0.25617970093933073	0.08118902068453887	0.21543359642357351	0.28610187831150763	0.25868223164081566	0.17402292038802317	0.07137818559684668	0.08473649727659185	0.12797036047719396	1.0	0.20846624241207856	0.15765674663772392	0.04930970267548819	0.056144726237504786	0.045605010148234905	0.018702570053854072	0.23854881372951225	0.25109938534967363	0.27726269590250363	0.08731675601375499	0.2266157084744221	0.08581010169518315	0.01696858992538735	0.10268736355045781	0.1399073045321921	0.20034869700801816	0.02468664168215507	0.12763986700396238	0.009478672985781991	0.1825628162358675
ja	0.017186980736714264	0.06076033154530234	0.0028208744710860366	0.03328661527680449	0.1351841675127681	0.18794426620373192	0.12398166905674446	0.13690665808296604	0.21954582921582544	0.20057395577967127	0.20992788411580107	0.11136787249419909	0.1182226349338472	0.1636071939149826	0.20846624241207856	1.0	0.21733386698902404	0.07482945556682864	0.08401379270076413	0.06961293554173723	0.03247908849163487	0.22407638676827893	0.20285770785160984	0.23312406796688107	0.12187307329835464	0.20079216146317952	0.11980318085551682	0.02960789292574633	0.15290211876650198	0.16810827648021529	0.23230655579998996	0.0399060782685473	0.1724958326061851	0.015867418899858956	0.22106820708142413
ko	0.027101769911504425	0.08552494997444204	0.004469273743016759	0.050716648291069456	0.1763514430447185	0.13507851056129597	0.1597398540269937	0.0892259718364233	0.16470248861491807	0.15079571099476552	0.2270100035378806	0.1510406135722018	0.15523803908540013	0.19118448625203197	0.15765674663772392	0.21733386698902404	1.0	0.10474625960976917	0.11131571303944758	0.0969100865366867	0.04885286765432796	0.1965731975010851	0.15177130791083138	0.18580913466200122	0.16959367230536732	0.1715835593227025	0.1639359534490145	0.044370632818974416	0.2005900895388772	0.19934658816504658	0.21982633599212342	0.05616139585605234	0.211809677536583	0.024553571428571428	0.2180804709874848
lv	0.04927007299270073	0.13465546752063606	0.011129719614410845	0.11964285714285715	0.14726383581411506	0.0406530037631643	0.16097417352509213	0.02448641839619847	0.04991559332717522	0.04549205269619183	0.09862134841372933	0.15620390538423326	0.14469955976020982	0.11931985120878999	0.04930970267548819	0.07482945556682864	0.10474625960976917	1.0	0.16222036301832984	0.1573441247002398	0.11635923930966253	0.070020093535988	0.05100180896928111	0.05813221129785187	0.15715959618700656	0.05672241676984859	0.1370352765445199	0.10401459854014598	0.13207585727714882	0.10612255045350365	0.08335191976242437	0.10526315789473684	0.12428559531740743	0.08064516129032258	0.08800145763942901
mk	0.0490506329113924	0.1332738349969702	0.01206896551724138	0.09545454545454546	0.13729725534831982	0.04677188416919069	0.15727642408314677	0.028521987897303515	0.057100428434539684	0.052780542494954355	0.10967410027018792	0.1466154876087868	0.14124404266374643	0.12299868097567297	0.056144726237504786	0.08401379270076413	0.11131571303944758	0.16222036301832984	1.0	0.12450696161116767	0.08299951672662836	0.07758406512093828	0.05606764651188151	0.06711099625439008	0.16298477688572036	0.06452317004244643	0.13954139622985773	0.08359133126934984	0.13836216300451926	0.11550636977869613	0.09737881402183551	0.08343236992045733	0.1288127053544157	0.06418918918918919	0.09953641277533372
ml	0.045454545454545456	0.11864406779661017	0.015151515151515152	0.10288808664259928	0.11662733691957529	0.037173922813787376	0.11608309154172496	0.02297123247799374	0.04632300711279119	0.04192256989339999	0.08239955683550271	0.15354676296921133	0.11556716375993485	0.10836501901140684	0.045605010148234905	0.06961293554173723	0.0969100865366867	0.1573441247002398	0.12450696161116767	1.0	0.11368148081910043	0.06250768214185046	0.044650751547303275	0.05293294108885051	0.13497207443478013	0.05177519183356531	0.12256546882252824	0.10456273764258556	0.12005834196715186	0.08897391945606797	0.07381508888283042	0.12558343057176197	0.10747732521499587	0.0876068376068376	0.07956636324369593
mr	0.07518796992481203	0.09046882229352023	0.03248546745030029	0.10303030303030303	0.06581430164545699	0.016371847964085796	0.07560188000740369	0.009583100923189949	0.019595448798988623	0.01792970984914325	0.0415769281614577	0.09302749459375965	0.07365145228215768	0.05690839271867962	0.018702570053854072	0.03247908849163487	0.04885286765432796	0.11635923930966253	0.08299951672662836	0.11368148081910043	1.0	0.027755824896108384	0.019668366669615425	0.02250966923820056	0.07583922429657457	0.022388436961441768	0.06760244636133633	0.11510202424767266	0.07137239585550458	0.04645326893588789	0.034628771456071225	0.1444242790885259	0.05953567245040502	0.14220183486238533	0.039791839658812986
nl	0.015399120050282841	0.058390377993956466	0.0022109917877447885	0.03018867924528302	0.1310076305894256	0.21535845396340222	0.1115502763404716	0.15097848540327397	0.24326522195610528	0.2276919890456355	0.2124412496680158	0.09986449259176532	0.11909296577412108	0.1667712254286909	0.23854881372951225	0.22407638676827893	0.1965731975010851	0.070020093535988	0.07758406512093828	0.06250768214185046	0.027755824896108384	1.0	0.2241715197430319	0.24670378293244283	0.11772053890876565	0.22297045535779755	0.1165484697842569	0.025487728130899938	0.13893676355353898	0.17426014366238507	0.2447378010162128	0.0361180904522613	0.1633748661080688	0.014222503160556258	0.2077899670210891
pl	0.010992742591260258	0.0417036379769299	0.0017905102954341987	0.021642124051762607	0.09208884589149799	0.26333250546091985	0.08401690437828006	0.20486031151851658	0.26824800814019406	0.24432836591594898	0.171260669019644	0.07233107699842045	0.08960584808582611	0.12406055834796827	0.25109938534967363	0.20285770785160984	0.15177130791083138	0.05100180896928111	0.05606764651188151	0.044650751547303275	0.019668366669615425	0.2241715197430319	1.0	0.24328082232159273	0.08784030605193666	0.2165776879232815	0.08711643880682692	0.018338171110254358	0.10117219838179849	0.1406815823473286	0.19063160756104158	0.025389755011135856	0.1253796080167019	0.009843400447427294	0.17444540114807275
pt	0.012213359920239282	0.04748183273069133	0.00200300450676014	0.02499828629085914	0.10996865088668549	0.23483864304567653	0.09718118333695776	0.19107718337990529	0.2897552706208968	0.2506864603306988	0.20189923604242693	0.08778522673491661	0.102544154596043	0.1526085317775599	0.27726269590250363	0.23312406796688107	0.18580913466200122	0.05813221129785187	0.06711099625439008	0.05293294108885051	0.02250966923820056	0.24670378293244283	0.24328082232159273	1.0	0.10788059286123193	0.23947199706642755	0.1028144131039774	0.0212714938205266	0.12436294877901596	0.1594565346168279	0.22784706403647756	0.029451878552160717	0.15610581505025067	0.011011011011011011	0.20708747021175586
ro	0.045174537987679675	0.10853822684852836	0.008456659619450317	0.077	0.17493294640109044	0.0762520336005777	0.18063208529767621	0.04613309115965583	0.08939783812444298	0.08405800500312695	0.15553826571797594	0.16548090338470067	0.17411881688895126	0.16464088397790055	0.08731675601375499	0.12187307329835464	0.16959367230536732	0.15715959618700656	0.16298477688572036	0.13497207443478013	0.07583922429657457	0.11772053890876565	0.08784030605193666	0.10788059286123193	1.0	0.10287870233723444	0.16302098084925595	0.06620959450794844	0.17368350811353275	0.16376064989102435	0.13883623410023258	0.07869395520149097	0.1665340827271418	0.04411764705882353	0.14116418156342112
ru	0.012583461736004109	0.04806015295969753	0.0020639834881320948	0.025205761316872428	0.1046796371767448	0.21335637946585362	0.09284193462351553	0.17419236870524787	0.23862749125419513	0.21431334005633265	0.17867376798187526	0.08274688277607826	0.09883625898474152	0.14247511872159374	0.2266157084744221	0.20079216146317952	0.1715835593227025	0.05672241676984859	0.06452317004244643	0.05177519183356531	0.022388436961441768	0.22297045535779755	0.2165776879232815	0.23947199706642755	0.10287870233723444	1.0	0.09983704723307095	0.021653419120391502	0.1130601742811545	0.15737807949079738	0.19994717541653415	0.030061664953751285	0.14205697520320376	0.011609907120743035	0.17884080888443138
sh	0.04018123861566485	0.1493250658832962	0.006369426751592357	0.07414829659318638	0.15941906248772633	0.07175457257922478	0.15649847220067037	0.04553984957975501	0.0873757848996377	0.07939337459750187	0.1503820434337905	0.15034912121404084	0.1547798100116377	0.1644602941348592	0.08581010169518315	0.11980318085551682	0.1639359534490145	0.1370352765445199	0.13954139622985773	0.12256546882252824	0.06760244636133633	0.1165484697842569	0.08711643880682692	0.1028144131039774	0.16302098084925595	0.09983704723307095	1.0	0.06836734693877551	0.1685558559002315	0.23569923948131533	0.13705573610411803	0.08142817617065723	0.15538719361270192	0.04449152542372881	0.13626857945152163
si	0.0703125	0.09437751004016064	0.03333333333333333	0.1240277359059391	0.05776515151515151	0.015114352946648466	0.06680212531042001	0.00886736011894269	0.01815261085232223	0.016566277809199358	0.038834951456310676	0.08320847829776401	0.06288659793814433	0.05121293800539083	0.01696858992538735	0.02960789292574633	0.044370632818974416	0.10401459854014598	0.08359133126934984	0.10456273764258556	0.11510202424767266	0.025487728130899938	0.018338171110254358	0.0212714938205266	0.06620959450794844	0.021653419120391502	0.06836734693877551	1.0	0.06426479641924158	0.045418596581222374	0.031897354585836965	0.1016949152542373	0.0519202496842396	0.13333333333333333	0.03718906564512834
simple	0.03299492385786802	0.10614407873229986	0.006108202443280977	0.0680672268907563	0.18133581955541392	0.08594028943428239	0.1697770584194753	0.05688797733420575	0.10453071811575776	0.09865329873896017	0.18170134844279542	0.1682385690745955	0.1617164743567231	0.17102650001803268	0.10268736355045781	0.15290211876650198	0.2005900895388772	0.13207585727714882	0.13836216300451926	0.12005834196715186	0.07137239585550458	0.13893676355353898	0.10117219838179849	0.12436294877901596	0.17368350811353275	0.1130601742811545	0.1685558559002315	0.06426479641924158	1.0	0.15918787393963635	0.1627075683847279	0.07524801636072248	0.18621242006608288	0.037456445993031356	0.1736998643184992
sr	0.027413587604290822	0.09505080049261083	0.0048367593712212815	0.048292108362779744	0.1505475513800685	0.12057725621001136	0.1429735758407687	0.08069680683536862	0.1462171169120251	0.12867084909268772	0.19291819403995208	0.1343819735533608	0.14902897766224965	0.18126869620339375	0.1399073045321921	0.16810827648021529	0.19934658816504658	0.10612255045350365	0.11550636977869613	0.08897391945606797	0.04645326893588789	0.17426014366238507	0.1406815823473286	0.1594565346168279	0.16376064989102435	0.15737807949079738	0.23569923948131533	0.045418596581222374	0.15918787393963635	1.0	0.18502344081045735	0.05750561693553487	0.16804977185333375	0.025934861278648975	0.18126993732068175
sv	0.019073004912769333	0.07096744692406518	0.002797761790567546	0.036475472840115285	0.15511327854566243	0.17929501865558037	0.1333235995834155	0.12174804454511028	0.20985751640087555	0.19632036512867437	0.23260221334091297	0.11852523788534504	0.13293915698425657	0.1839986645410401	0.20034869700801816	0.23230655579998996	0.21982633599212342	0.08335191976242437	0.09737881402183551	0.07381508888283042	0.034628771456071225	0.2447378010162128	0.19063160756104158	0.22784706403647756	0.13883623410023258	0.19994717541653415	0.13705573610411803	0.031897354585836965	0.1627075683847279	0.18502344081045735	1.0	0.042670939635283435	0.17731222296181706	0.018	0.2128932737989643
te	0.06481481481481481	0.09312982670026486	0.015503875968992248	0.09947643979057591	0.06805807622504537	0.021364452423698384	0.08252831102455511	0.012594944617137876	0.025252525252525252	0.02295826775616641	0.0519730510105871	0.10697674418604651	0.08651911468812877	0.06697612732095491	0.02468664168215507	0.0399060782685473	0.05616139585605234	0.10526315789473684	0.08343236992045733	0.12558343057176197	0.1444242790885259	0.0361180904522613	0.025389755011135856	0.029451878552160717	0.07869395520149097	0.030061664953751285	0.08142817617065723	0.1016949152542373	0.07524801636072248	0.05750561693553487	0.042670939635283435	1.0	0.06609987191753029	0.08620689655172414	0.049049287455369205
vi	0.02766798418972332	0.09471185156074556	0.004704301075268817	0.057236842105263155	0.1535671905649868	0.10859814314059271	0.15442915741604285	0.07445684132445801	0.1364721874386383	0.12372487417763507	0.19688587298001814	0.16248610875177816	0.15395028682138215	0.1971175737001604	0.12763986700396238	0.1724958326061851	0.211809677536583	0.12428559531740743	0.1288127053544157	0.10747732521499587	0.05953567245040502	0.1633748661080688	0.1253796080167019	0.15610581505025067	0.1665340827271418	0.14205697520320376	0.15538719361270192	0.0519202496842396	0.18621242006608288	0.16804977185333375	0.17731222296181706	0.06609987191753029	1.0	0.02956989247311828	0.19457264066104502
war	0.07865168539325842	0.08294930875576037	0.06382978723404255	0.12083333333333333	0.041666666666666664	0.008096437567470314	0.04777777777777778	0.004533548257102559	0.009489666807254323	0.008775351014040561	0.02048780487804878	0.05112219451371571	0.044372294372294376	0.029371584699453553	0.009478672985781991	0.015867418899858956	0.024553571428571428	0.08064516129032258	0.06418918918918919	0.0876068376068376	0.14220183486238533	0.014222503160556258	0.009843400447427294	0.011011011011011011	0.04411764705882353	0.011609907120743035	0.04449152542372881	0.13333333333333333	0.037456445993031356	0.025934861278648975	0.018	0.08620689655172414	0.02956989247311828	1.0	0.019702276707530646
zh	0.019948552205910144	0.07464272709031591	0.0030621172353455816	0.03986135181975736	0.15579870829812817	0.1523556130652847	0.1389853657133176	0.11371826461034165	0.18933175339993694	0.16792134557633026	0.2169377240103125	0.12904883442155168	0.1383095975922286	0.17431392617467698	0.1825628162358675	0.22106820708142413	0.2180804709874848	0.08800145763942901	0.09953641277533372	0.07956636324369593	0.039791839658812986	0.2077899670210891	0.17444540114807275	0.20708747021175586	0.14116418156342112	0.17884080888443138	0.13626857945152163	0.03718906564512834	0.1736998643184992	0.18126993732068175	0.2128932737989643	0.049049287455369205	0.19457264066104502	0.019702276707530646	1.0
