arz	bs	ceb	ckb	da	de	el	en	es	fr	he	hi	hu	id	it	ja	ko	lv	mk	ml	mr	nl	pl	pt	ro	ru	sh	si	simple	sr	sv	te	vi	war	zh
arz	1.0	0.0	0.0	0.0	1.0	1.0	1.0	1.0	1.0	1.0	0.0	1.0	1.0	1.0	1.0	1.0	1.0	1.0	0.0	1.0	0.0	1.0	1.0	1.0	1.0	1.0	1.0	0.0	1.0	1.0	1.0	0.0	1.0	0.0	1.0
bs	0.0	1.0	1.0	1.0	1.0	0.585786437626905	1.0	1.0	1.0	1.0	1.0	1.0	1.0	1.0	1.0	1.0	1.0	1.0	1.0	1.0	1.0	1.0	1.0	1.0	1.0	1.0	1.0	0.0	1.0	1.0	1.0	1.0	1.0	0.0	1.0
ceb	0.0	1.0	1.0	1.0	1.0	1.0	1.0	1.0	1.0	1.0	1.0	1.0	1.0	1.0	1.0	1.0	1.0	1.0	0.0	1.0	0.0	1.0	1.0	1.0	1.0	0.0	1.0	0.0	1.0	1.0	1.0	1.0	1.0	0.0	1.0
ckb	0.0	1.0	1.0	1.0	0.5	1.0	1.0	0.585786437626905	0.585786437626905	0.585786437626905	1.0	1.0	1.0	1.0	0.5	1.0	1.0	1.0	1.0	0.0	1.0	1.0	1.0	1.0	0.585786437626905	1.0	0.5	1.0	1.0	1.0	1.0	1.0	1.0	0.0	1.0
da	1.0	1.0	1.0	0.5	1.0	0.08001041144970338	0.39564392373896007	0.11594222440119532	0.08564344948517119	0.08340280194269999	0.44948974278317805	0.3430703308172536	0.3660254037844386	0.14623479602575642	0.1048572637260081	0.12884548966388795	0.12282856857085701	0.5	1.0	1.0	1.0	0.11058031793002279	0.13497306880946733	0.07138056294678713	0.24700654391510304	0.12494664795229414	0.1859069234942883	1.0	0.25	0.1951941016011038	0.09363374555482293	1.0	0.2553967929896867	1.0	0.1393161703394676
de	1.0	0.585786437626905	1.0	1.0	0.08001041144970338	1.0	0.585786437626905	0.044129622006765	0.04597282830195179	0.04455355131663948	0.18660549686337075	0.27792629762666365	0.20521309615767264	0.11776720676031659	0.04387340317287588	0.12127550239018872	0.12098660540636043	0.36602540378443865	0.585786437626905	1.0	1.0	0.05400412402261985	0.06768107878082603	0.04618851271606462	0.25824569976124334	0.0520050887426655	0.0793913742706759	1.0	0.2375657319544347	0.21712927295533244	0.12693093717717896	0.585786437626905	0.2402530733520421	1.0	0.12027370322216947
el	1.0	1.0	1.0	1.0	0.39564392373896007	0.585786437626905	1.0	0.07634430701676946	0.3430703308172536	0.22696955407408306	1.0	1.0	0.3164309725825328	0.44948974278317805	0.0790105151204802	1.0	1.0	1.0	1.0	1.0	1.0	0.2588283628687876	0.5	0.25	0.585786437626905	0.585786437626905	0.23329952500316292	1.0	0.5	1.0	0.39564392373896	1.0	1.0	1.0	1.0
en	1.0	1.0	1.0	0.585786437626905	0.11594222440119532	0.044129622006765	0.07634430701676946	1.0	0.03251182947902163	0.04126813061284119	0.06450417171276145	0.2222222222222222	0.066911277511722	0.058238942036092894	0.13173548086090317	0.0378070006760998	0.04961989674491426	0.27792629762666365	1.0	1.0	1.0	0.032004231771210014	0.042853511044294045	0.05651193102527313	0.09824272656130148	0.030802501811527983	0.10132538982869878	1.0	0.11927675060347678	0.05740979453688931	0.04661313579535568	0.36602540378443865	0.11027142694607694	1.0	0.046159573520591135
es	1.0	1.0	1.0	0.585786437626905	0.08564344948517119	0.04597282830195179	0.3430703308172536	0.03251182947902163	1.0	0.03599758162733996	0.18795247918520225	0.3797958971132712	0.14725643529288934	0.162063292922189	0.031796064853472555	0.09196071325456735	0.11132609404600229	1.0	1.0	1.0	1.0	0.10947271910992011	0.14365784533124953	0.03448849650029579	0.2270957142781439	0.07927293447787667	0.06552476717807637	1.0	0.2989350844248255	0.22584440001865322	0.14605093348669954	0.5	0.585786437626905	1.0	0.08940818198368317
fr	1.0	1.0	1.0	0.585786437626905	0.08340280194269999	0.04455355131663948	0.22696955407408306	0.04126813061284119	0.03599758162733996	1.0	0.2222222222222222	0.28436465220442186	0.15100553653905532	0.14031265227569836	0.03311576055203169	0.08255555416690967	0.09791669611140554	0.36602540378443865	1.0	1.0	1.0	0.09374605254454188	0.1324196709280497	0.03676765419854155	0.17300483872632896	0.06716594648966025	0.07309800403644787	1.0	0.2632403810669918	0.24660605559646726	0.13957875683699938	0.585786437626905	0.3483314773547883	1.0	0.09910970268115064
he	0.0	1.0	1.0	1.0	0.44948974278317805	0.18660549686337075	1.0	0.06450417171276145	0.18795247918520225	0.2222222222222222	1.0	1.0	0.44948974278317805	0.3430703308172536	0.1261319836228832	1.0	0.585786437626905	1.0	1.0	1.0	1.0	0.38742588672279304	0.3333333333333333	0.16139047779640892	1.0	1.0	0.13036395476007281	1.0	0.5	1.0	0.585786437626905	1.0	0.5	1.0	1.0
hi	1.0	1.0	1.0	1.0	0.3430703308172536	0.27792629762666365	1.0	0.2222222222222222	0.3797958971132712	0.28436465220442186	1.0	1.0	1.0	0.44948974278317805	0.23800671553691075	1.0	1.0	1.0	1.0	1.0	1.0	0.5	0.5	0.585786437626905	0.585786437626905	0.585786437626905	0.3266316347104093	1.0	0.585786437626905	1.0	1.0	1.0	0.585786437626905	0.0	1.0
hu	1.0	1.0	1.0	1.0	0.3660254037844386	0.20521309615767264	0.3164309725825328	0.066911277511722	0.14725643529288934	0.15100553653905532	0.44948974278317805	1.0	1.0	0.3090169943749474	0.06498480049220372	0.3660254037844386	0.4142135623730951	0.585786437626905	1.0	1.0	1.0	0.21551468935838852	0.21149382763267055	0.19863891932497532	0.2708131845707603	0.26374261204648397	0.18087439687086818	1.0	0.38742588672279304	0.3090169943749474	0.44948974278317805	1.0	0.585786437626905	1.0	0.4142135623730951
id	1.0	1.0	1.0	1.0	0.14623479602575642	0.11776720676031659	0.44948974278317805	0.058238942036092894	0.162063292922189	0.14031265227569836	0.3430703308172536	0.44948974278317805	0.3090169943749474	1.0	0.0620461165417773	0.18581211318908403	0.18018909981882894	0.4142135623730951	1.0	1.0	1.0	0.17531343944107763	0.16912610996299024	0.08984587213400878	0.22966848451216434	0.19031634369804268	0.11631151378595071	1.0	0.4142135623730951	0.2402530733520421	0.20799159651347807	1.0	0.4142135623730951	1.0	0.185812113189084
it	1.0	1.0	1.0	0.5	0.1048572637260081	0.04387340317287588	0.0790105151204802	0.13173548086090317	0.031796064853472555	0.03311576055203169	0.1261319836228832	0.23800671553691075	0.06498480049220372	0.0620461165417773	1.0	0.04933697122344459	0.05351904833432389	0.38742588672279304	1.0	1.0	1.0	0.039208899071366966	0.04609089008789749	0.06404392460013782	0.10059359832378771	0.04012239055187362	0.1457489663177428	1.0	0.15812700766616328	0.06386067561754605	0.05312861889748185	0.39564392373896007	0.20521309615767264	1.0	0.04821325886107959
ja	1.0	1.0	1.0	1.0	0.12884548966388795	0.12127550239018872	1.0	0.0378070006760998	0.09196071325456735	0.08255555416690967	1.0	1.0	0.3660254037844386	0.18581211318908403	0.04933697122344459	1.0	0.585786437626905	1.0	1.0	1.0	1.0	0.23800671553691075	0.2708131845707603	0.09931296705979727	0.3266316347104093	0.585786437626905	0.07366903584381902	1.0	0.44948974278317805	1.0	0.2674788903885893	1.0	0.585786437626905	1.0	0.585786437626905
ko	1.0	1.0	1.0	1.0	0.12282856857085701	0.12098660540636043	1.0	0.04961989674491426	0.11132609404600229	0.09791669611140554	0.585786437626905	1.0	0.4142135623730951	0.18018909981882894	0.05351904833432389	0.585786437626905	1.0	1.0	1.0	1.0	1.0	0.2449655295864104	0.2553967929896867	0.13241543162478536	0.3266316347104093	0.5	0.08882739373195597	1.0	0.4142135623730951	1.0	0.23371479611805132	1.0	0.5	1.0	0.585786437626905
lv	1.0	1.0	1.0	1.0	0.5	0.36602540378443865	1.0	0.27792629762666365	1.0	0.36602540378443865	1.0	1.0	0.585786437626905	0.4142135623730951	0.38742588672279304	1.0	1.0	1.0	1.0	1.0	1.0	0.585786437626905	0.5	1.0	0.4364916731037085	0.585786437626905	0.585786437626905	1.0	0.5	1.0	1.0	1.0	1.0	1.0	1.0
mk	0.0	1.0	0.0	1.0	1.0	0.585786437626905	1.0	1.0	1.0	1.0	1.0	1.0	1.0	1.0	1.0	1.0	1.0	1.0	1.0	1.0	1.0	1.0	1.0	1.0	1.0	1.0	1.0	1.0	1.0	1.0	1.0	1.0	1.0	0.0	1.0
ml	1.0	1.0	1.0	0.0	1.0	1.0	1.0	1.0	1.0	1.0	1.0	1.0	1.0	1.0	1.0	1.0	1.0	1.0	1.0	1.0	0.0	1.0	1.0	1.0	1.0	1.0	1.0	1.0	1.0	1.0	1.0	1.0	1.0	0.0	1.0
mr	0.0	1.0	0.0	1.0	1.0	1.0	1.0	1.0	1.0	1.0	1.0	1.0	1.0	1.0	1.0	1.0	1.0	1.0	1.0	0.0	1.0	1.0	1.0	1.0	1.0	1.0	1.0	1.0	1.0	1.0	1.0	1.0	1.0	1.0	1.0
nl	1.0	1.0	1.0	1.0	0.11058031793002279	0.05400412402261985	0.2588283628687876	0.032004231771210014	0.10947271910992011	0.09374605254454188	0.38742588672279304	0.5	0.21551468935838852	0.17531343944107763	0.039208899071366966	0.23800671553691075	0.2449655295864104	0.585786437626905	1.0	1.0	1.0	1.0	0.12083589007639293	0.05297613869151143	0.24828371682826425	0.1353162302316386	0.0706399935756771	1.0	0.4142135623730951	0.21979723016032493	0.16764577749152326	1.0	0.44948974278317805	1.0	0.23800671553691075
pl	1.0	1.0	1.0	1.0	0.13497306880946733	0.06768107878082603	0.5	0.042853511044294045	0.14365784533124953	0.1324196709280497	0.3333333333333333	0.5	0.21149382763267055	0.16912610996299024	0.04609089008789749	0.2708131845707603	0.2553967929896867	0.5	1.0	1.0	1.0	0.12083589007639293	1.0	0.0735467965955908	0.29429805508554946	0.12775906807501128	0.0718178551639055	1.0	0.3660254037844386	0.3430703308172536	0.20942771453851886	0.585786437626905	0.5	1.0	0.2474401533514073
pt	1.0	1.0	1.0	1.0	0.07138056294678713	0.04618851271606462	0.25	0.05651193102527313	0.03448849650029579	0.03676765419854155	0.16139047779640892	0.585786437626905	0.19863891932497532	0.08984587213400878	0.06404392460013782	0.09931296705979727	0.13241543162478536	1.0	1.0	1.0	1.0	0.05297613869151143	0.0735467965955908	1.0	0.1975496259559987	0.04982332581044923	0.07333207854075985	0.585786437626905	0.34833147735478825	0.10513665942274063	0.09143154079904518	0.3333333333333333	0.3950325357559503	1.0	0.10497112271850602
ro	1.0	1.0	1.0	0.585786437626905	0.24700654391510304	0.25824569976124334	0.585786437626905	0.09824272656130148	0.2270957142781439	0.17300483872632896	1.0	0.585786437626905	0.2708131845707603	0.22966848451216434	0.10059359832378771	0.3266316347104093	0.3266316347104093	0.4364916731037085	1.0	1.0	1.0	0.24828371682826425	0.29429805508554946	0.1975496259559987	1.0	0.2989350844248255	0.23302402810392372	1.0	0.3797958971132712	0.3483314773547883	0.31934532730535314	1.0	0.4364916731037085	1.0	0.39564392373896007
ru	1.0	1.0	0.0	1.0	0.12494664795229414	0.0520050887426655	0.585786437626905	0.030802501811527983	0.07927293447787667	0.06716594648966025	1.0	0.585786437626905	0.26374261204648397	0.19031634369804268	0.04012239055187362	0.585786437626905	0.5	0.585786437626905	1.0	1.0	1.0	0.1353162302316386	0.12775906807501128	0.04982332581044923	0.2989350844248255	1.0	0.07751909930244412	1.0	0.4142135623730951	0.585786437626905	0.21393876913398135	0.585786437626905	0.5	1.0	0.585786437626905
sh	1.0	1.0	1.0	0.5	0.1859069234942883	0.0793913742706759	0.23329952500316292	0.10132538982869878	0.06552476717807637	0.07309800403644787	0.13036395476007281	0.3266316347104093	0.18087439687086818	0.11631151378595071	0.1457489663177428	0.07366903584381902	0.08882739373195597	0.585786437626905	1.0	1.0	1.0	0.0706399935756771	0.0718178551639055	0.07333207854075985	0.23302402810392372	0.07751909930244412	1.0	0.585786437626905	0.32037724101704074	0.09984166067964172	0.21712927295533244	0.12037271684309245	0.2222222222222222	1.0	0.10328575028023758
si	0.0	0.0	0.0	1.0	1.0	1.0	1.0	1.0	1.0	1.0	1.0	1.0	1.0	1.0	1.0	1.0	1.0	1.0	1.0	1.0	1.0	1.0	1.0	0.585786437626905	1.0	1.0	0.585786437626905	1.0	1.0	1.0	1.0	1.0	1.0	1.0	1.0
simple	1.0	1.0	1.0	1.0	0.25	0.2375657319544347	0.5	0.11927675060347678	0.2989350844248255	0.2632403810669918	0.5	0.585786437626905	0.38742588672279304	0.4142135623730951	0.15812700766616328	0.44948974278317805	0.4142135623730951	0.5	1.0	1.0	1.0	0.4142135623730951	0.3660254037844386	0.34833147735478825	0.3797958971132712	0.4142135623730951	0.32037724101704074	1.0	1.0	0.5	0.44948974278317805	1.0	0.44948974278317805	1.0	0.5
sr	1.0	1.0	1.0	1.0	0.1951941016011038	0.21712927295533244	1.0	0.05740979453688931	0.22584440001865322	0.24660605559646726	1.0	1.0	0.3090169943749474	0.2402530733520421	0.06386067561754605	1.0	1.0	1.0	1.0	1.0	1.0	0.21979723016032493	0.3430703308172536	0.10513665942274063	0.3483314773547883	0.585786437626905	0.09984166067964172	1.0	0.5	1.0	0.5	0.39564392373896007	0.585786437626905	1.0	1.0
sv	1.0	1.0	1.0	1.0	0.09363374555482293	0.12693093717717896	0.39564392373896	0.04661313579535568	0.14605093348669954	0.13957875683699938	0.585786437626905	1.0	0.44948974278317805	0.20799159651347807	0.05312861889748185	0.2674788903885893	0.23371479611805132	1.0	1.0	1.0	1.0	0.16764577749152326	0.20942771453851886	0.09143154079904518	0.31934532730535314	0.21393876913398135	0.21712927295533244	1.0	0.44948974278317805	0.5	1.0	0.585786437626905	0.5	1.0	0.27429188517743175
te	0.0	1.0	1.0	1.0	1.0	0.585786437626905	1.0	0.36602540378443865	0.5	0.585786437626905	1.0	1.0	1.0	1.0	0.39564392373896007	1.0	1.0	1.0	1.0	1.0	1.0	1.0	0.585786437626905	0.3333333333333333	1.0	0.585786437626905	0.12037271684309245	1.0	1.0	0.39564392373896007	0.585786437626905	1.0	1.0	1.0	1.0
vi	1.0	1.0	1.0	1.0	0.2553967929896867	0.2402530733520421	1.0	0.11027142694607694	0.585786437626905	0.3483314773547883	0.5	0.585786437626905	0.585786437626905	0.4142135623730951	0.20521309615767264	0.585786437626905	0.5	1.0	1.0	1.0	1.0	0.44948974278317805	0.5	0.3950325357559503	0.4364916731037085	0.5	0.2222222222222222	1.0	0.44948974278317805	0.585786437626905	0.5	1.0	1.0	1.0	0.585786437626905
war	0.0	0.0	0.0	0.0	1.0	1.0	1.0	1.0	1.0	1.0	1.0	0.0	1.0	1.0	1.0	1.0	1.0	1.0	0.0	0.0	1.0	1.0	1.0	1.0	1.0	1.0	1.0	1.0	1.0	1.0	1.0	1.0	1.0	1.0	0.0
zh	1.0	1.0	1.0	1.0	0.1393161703394676	0.12027370322216947	1.0	0.046159573520591135	0.08940818198368317	0.09910970268115064	1.0	1.0	0.4142135623730951	0.185812113189084	0.04821325886107959	0.585786437626905	0.585786437626905	1.0	1.0	1.0	1.0	0.23800671553691075	0.2474401533514073	0.10497112271850602	0.39564392373896007	0.585786437626905	0.10328575028023758	1.0	0.5	1.0	0.27429188517743175	1.0	0.585786437626905	0.0	1.0
