arz	bs	ceb	ckb	da	de	el	en	es	fr	he	hi	hu	id	it	ja	ko	lv	mk	ml	mr	nl	pl	pt	ro	ru	sh	si	simple	sr	sv	te	tr	vi	war	zh
arz	1.0	1.0	0.14285714285714285	1.0	1.0	1.0	1.0	1.0	1.0	1.0	1.0	1.0	1.0	1.0	1.0	1.0	1.0	1.0	0.0	1.0	1.0	1.0	1.0	1.0	1.0	1.0	1.0	0.0	1.0	1.0	1.0	1.0	1.0	1.0	1.0	1.0
bs	1.0	1.0	0.09903936829999967	1.0	1.0	0.44948974278317805	1.0	0.44948974278317805	0.44948974278317805	0.5	0.585786437626905	1.0	1.0	0.585786437626905	0.44948974278317805	1.0	0.585786437626905	1.0	0.585786437626905	1.0	1.0	0.5	0.5	0.5	0.585786437626905	0.44948974278317805	0.3597752501562547	0.0	1.0	0.3797958971132712	0.585786437626905	1.0	0.13899152267652057	1.0	1.0	0.5
ceb	0.14285714285714285	0.09903936829999967	1.0	0.010785513720411938	0.0909215748407924	0.07776738991688968	0.010165303074460764	0.05969788587499009	0.06306006452173389	0.06064566650072826	0.010598165815796343	0.01107247400272145	0.04153288007834296	0.07775281104556453	0.10450066809809255	0.010165303074460764	0.010165303074460764	0.05251855101795589	0.010785513720411938	0.010785513720411938	0.010785513720411938	0.1010431995479149	0.08625999898818996	0.06230592569584017	0.09049906891839164	0.010165303074460766	0.06077735584819658	0.04061404600006361	0.10107603170293875	0.010598165815796343	0.06759499036841653	0.013593436773774788	-1.0	0.06751934555165623	0.010788822985926823	0.07500571852780749
ckb	1.0	1.0	0.010785513720411938	1.0	1.0	1.0	1.0	1.0	1.0	1.0	1.0	1.0	1.0	1.0	1.0	1.0	1.0	1.0	1.0	1.0	1.0	1.0	1.0	1.0	1.0	1.0	1.0	0.0	1.0	1.0	1.0	1.0	1.0	1.0	1.0	1.0
da	1.0	1.0	0.0909215748407924	1.0	1.0	0.4364916731037085	1.0	0.4364916731037085	0.585786437626905	1.0	1.0	1.0	1.0	1.0	1.0	1.0	1.0	1.0	1.0	1.0	1.0	0.585786437626905	0.585786437626905	0.44948974278317805	1.0	1.0	0.29429805508554946	1.0	1.0	0.353889367864523	0.585786437626905	1.0	0.2449655295864104	1.0	1.0	0.585786437626905
de	1.0	0.44948974278317805	0.07776738991688968	1.0	0.4364916731037085	1.0	1.0	0.041573809921950027	0.17331935664757372	0.2674788903885893	1.0	0.585786437626905	0.5	0.585786437626905	0.17253779651421453	0.44948974278317805	0.44948974278317805	1.0	1.0	1.0	1.0	0.1801569759749851	0.1852891992413258	0.1365270594958143	0.585786437626905	0.3333333333333333	0.07505390252769668	1.0	0.5	0.2402530733520421	0.25355482027512377	1.0	0.16676695196178432	0.5	1.0	0.5
el	1.0	1.0	0.010165303074460764	1.0	1.0	1.0	1.0	1.0	1.0	1.0	1.0	1.0	1.0	1.0	1.0	1.0	1.0	1.0	1.0	1.0	1.0	0.585786437626905	1.0	1.0	1.0	1.0	1.0	1.0	1.0	1.0	1.0	1.0	0.44948974278317805	1.0	1.0	1.0
en	1.0	0.44948974278317805	0.05969788587499009	1.0	0.4364916731037085	0.041573809921950027	1.0	1.0	0.03658399169094937	0.04314921304124491	0.36602540378443865	1.0	0.585786437626905	0.5	0.06202164835869875	0.1629170484829154	0.3430703308172536	1.0	1.0	1.0	1.0	0.1560469703786189	0.02015740350150473	0.03325745066408686	0.44948974278317805	0.0886934023844345	0.06858990213808518	1.0	0.3090169943749474	0.17383895567884544	0.18274399763155683	1.0	0.13460234112932679	0.2958163163244893	1.0	0.21498516621900873
es	1.0	0.44948974278317805	0.06306006452173389	1.0	0.585786437626905	0.17331935664757372	1.0	0.03658399169094937	1.0	0.1975496259559987	0.4364916731037085	1.0	1.0	1.0	0.15260705306097969	0.5	1.0	1.0	1.0	1.0	1.0	0.21551468935838852	0.13133048602716904	0.08310608916344922	0.5	0.3090169943749474	0.07312727536563525	1.0	0.585786437626905	0.2216368750839041	0.2791745113185196	1.0	0.19991587377390818	0.5	1.0	0.44948974278317805
fr	1.0	0.5	0.06064566650072826	1.0	1.0	0.2674788903885893	1.0	0.04314921304124491	0.1975496259559987	1.0	1.0	1.0	0.585786437626905	0.585786437626905	0.2204812092115424	0.44948974278317805	1.0	1.0	1.0	1.0	1.0	0.28172904669025317	0.1765633506768389	0.11624350569540993	1.0	0.38742588672279304	0.09633139677755011	1.0	1.0	0.26533119314590375	0.26533119314590375	1.0	0.1757340838011157	0.585786437626905	1.0	0.585786437626905
he	1.0	0.585786437626905	0.010598165815796343	1.0	1.0	1.0	1.0	0.36602540378443865	0.4364916731037085	1.0	1.0	1.0	1.0	1.0	0.585786437626905	1.0	1.0	1.0	1.0	1.0	1.0	0.5	0.585786437626905	0.3090169943749474	1.0	1.0	0.1797153602962883	1.0	0.585786437626905	0.3797958971132712	0.585786437626905	1.0	0.5	1.0	1.0	1.0
hi	1.0	1.0	0.01107247400272145	1.0	1.0	0.585786437626905	1.0	1.0	1.0	1.0	1.0	1.0	1.0	1.0	1.0	1.0	1.0	1.0	1.0	1.0	1.0	0.585786437626905	1.0	0.585786437626905	1.0	1.0	1.0	1.0	1.0	1.0	0.585786437626905	1.0	0.5	1.0	1.0	1.0
hu	1.0	1.0	0.04153288007834296	1.0	1.0	0.5	1.0	0.585786437626905	1.0	0.585786437626905	1.0	1.0	1.0	1.0	0.5	1.0	1.0	1.0	1.0	1.0	1.0	0.5	0.585786437626905	1.0	0.585786437626905	0.585786437626905	0.44948974278317805	1.0	1.0	0.4364916731037085	1.0	1.0	0.44948974278317805	1.0	1.0	1.0
id	1.0	0.585786437626905	0.07775281104556453	1.0	1.0	0.585786437626905	1.0	0.5	1.0	0.585786437626905	1.0	1.0	1.0	1.0	1.0	1.0	1.0	1.0	1.0	1.0	1.0	0.39564392373896007	0.585786437626905	0.38742588672279304	1.0	0.585786437626905	0.585786437626905	1.0	1.0	0.585786437626905	1.0	1.0	0.1617030520846317	1.0	1.0	1.0
it	1.0	0.44948974278317805	0.10450066809809255	1.0	1.0	0.17253779651421453	1.0	0.06202164835869875	0.15260705306097969	0.2204812092115424	0.585786437626905	1.0	0.5	1.0	1.0	0.585786437626905	0.585786437626905	1.0	1.0	1.0	1.0	0.18594358782685683	0.15493412373279505	0.12111511213483553	0.585786437626905	0.2612038749637414	0.08139753647226639	1.0	0.585786437626905	0.24179033438163733	0.2843646522044218	1.0	0.18897339488576134	0.585786437626905	1.0	0.4142135623730951
ja	1.0	1.0	0.010165303074460764	1.0	1.0	0.44948974278317805	1.0	0.1629170484829154	0.5	0.44948974278317805	1.0	1.0	1.0	1.0	0.585786437626905	1.0	1.0	1.0	1.0	1.0	1.0	0.5	0.44948974278317805	0.25355482027512377	1.0	1.0	0.36602540378443865	1.0	0.585786437626905	0.3164309725825328	0.4142135623730951	1.0	0.3660254037844386	1.0	1.0	1.0
ko	1.0	0.585786437626905	0.010165303074460764	1.0	1.0	0.44948974278317805	1.0	0.3430703308172536	1.0	1.0	1.0	1.0	1.0	1.0	0.585786437626905	1.0	1.0	1.0	1.0	1.0	1.0	0.39564392373896007	1.0	0.2857142857142857	1.0	1.0	0.3797958971132712	1.0	0.585786437626905	0.44948974278317805	0.585786437626905	1.0	0.4142135623730951	1.0	1.0	1.0
lv	1.0	1.0	0.05251855101795589	1.0	1.0	1.0	1.0	1.0	1.0	1.0	1.0	1.0	1.0	1.0	1.0	1.0	1.0	1.0	1.0	1.0	1.0	1.0	1.0	1.0	1.0	1.0	1.0	1.0	1.0	1.0	1.0	1.0	0.4142135623730951	1.0	1.0	1.0
mk	0.0	0.585786437626905	0.010785513720411938	1.0	1.0	1.0	1.0	1.0	1.0	1.0	1.0	1.0	1.0	1.0	1.0	1.0	1.0	1.0	1.0	0.0	1.0	1.0	1.0	1.0	1.0	1.0	1.0	0.0	1.0	0.585786437626905	1.0	0.0	0.5	1.0	0.0	1.0
ml	1.0	1.0	0.010785513720411938	1.0	1.0	1.0	1.0	1.0	1.0	1.0	1.0	1.0	1.0	1.0	1.0	1.0	1.0	1.0	0.0	1.0	1.0	1.0	1.0	1.0	1.0	1.0	1.0	1.0	1.0	1.0	1.0	1.0	0.28436465220442186	1.0	1.0	1.0
mr	1.0	1.0	0.010785513720411938	1.0	1.0	1.0	1.0	1.0	1.0	1.0	1.0	1.0	1.0	1.0	1.0	1.0	1.0	1.0	1.0	1.0	1.0	1.0	1.0	1.0	1.0	1.0	1.0	1.0	1.0	1.0	1.0	1.0	1.0	1.0	1.0	1.0
nl	1.0	0.5	0.1010431995479149	1.0	0.585786437626905	0.1801569759749851	0.585786437626905	0.1560469703786189	0.21551468935838852	0.28172904669025317	0.5	0.585786437626905	0.5	0.39564392373896007	0.18594358782685683	0.5	0.39564392373896007	1.0	1.0	1.0	1.0	1.0	0.22584440001865322	0.17628553230201896	0.5	0.30216947925196225	0.1370210657559585	1.0	0.585786437626905	0.2791745113185196	0.3660254037844386	1.0	0.06556215171118392	0.585786437626905	1.0	0.3090169943749474
pl	1.0	0.5	0.08625999898818996	1.0	0.585786437626905	0.1852891992413258	1.0	0.02015740350150473	0.13133048602716904	0.1765633506768389	0.585786437626905	1.0	0.585786437626905	0.585786437626905	0.15493412373279505	0.44948974278317805	1.0	1.0	1.0	1.0	1.0	0.22584440001865322	1.0	0.11787845042814334	0.585786437626905	0.3203772410170407	0.08147673912374659	1.0	0.585786437626905	0.20799159651347807	0.2674788903885893	1.0	0.17904043690790597	0.3483314773547883	1.0	0.44948974278317805
pt	1.0	0.5	0.06230592569584017	1.0	0.44948974278317805	0.1365270594958143	1.0	0.03325745066408686	0.08310608916344922	0.11624350569540993	0.3090169943749474	0.585786437626905	1.0	0.38742588672279304	0.12111511213483553	0.25355482027512377	0.2857142857142857	1.0	1.0	1.0	1.0	0.17628553230201896	0.11787845042814334	1.0	1.0	0.23441237831492112	0.08800013578407576	1.0	0.3660254037844386	0.2016769885343629	0.16615941544074994	1.0	0.19404996501286384	0.44948974278317805	1.0	0.18822566650963438
ro	1.0	0.585786437626905	0.09049906891839164	1.0	1.0	0.585786437626905	1.0	0.44948974278317805	0.5	1.0	1.0	1.0	0.585786437626905	1.0	0.585786437626905	1.0	1.0	1.0	1.0	1.0	1.0	0.5	0.585786437626905	1.0	1.0	1.0	0.353889367864523	1.0	1.0	0.39564392373896007	0.5	1.0	0.35388936786452296	1.0	1.0	1.0
ru	1.0	0.44948974278317805	0.010165303074460766	1.0	1.0	0.3333333333333333	1.0	0.0886934023844345	0.3090169943749474	0.38742588672279304	1.0	1.0	0.585786437626905	0.585786437626905	0.2612038749637414	1.0	1.0	1.0	1.0	1.0	1.0	0.30216947925196225	0.3203772410170407	0.23441237831492112	1.0	1.0	0.10327039433383017	1.0	1.0	0.28989794855663564	0.3164309725825328	1.0	0.20658711810431302	1.0	1.0	1.0
sh	1.0	0.3597752501562547	0.06077735584819658	1.0	0.29429805508554946	0.07505390252769668	1.0	0.06858990213808518	0.07312727536563525	0.09633139677755011	0.1797153602962883	1.0	0.44948974278317805	0.585786437626905	0.08139753647226639	0.36602540378443865	0.3797958971132712	1.0	1.0	1.0	1.0	0.1370210657559585	0.08147673912374659	0.08800013578407576	0.353889367864523	0.10327039433383017	1.0	1.0	0.19367338768973053	0.06932702439086805	0.16903426192449822	1.0	0.5	0.36602540378443865	1.0	0.21393876913398135
si	0.0	0.0	0.04061404600006361	0.0	1.0	1.0	1.0	1.0	1.0	1.0	1.0	1.0	1.0	1.0	1.0	1.0	1.0	1.0	0.0	1.0	1.0	1.0	1.0	1.0	1.0	1.0	1.0	1.0	1.0	1.0	1.0	0.0	1.0	1.0	0.0	1.0
simple	1.0	1.0	0.10107603170293875	1.0	1.0	0.5	1.0	0.3090169943749474	0.585786437626905	1.0	0.585786437626905	1.0	1.0	1.0	0.585786437626905	0.585786437626905	0.585786437626905	1.0	1.0	1.0	1.0	0.585786437626905	0.585786437626905	0.3660254037844386	1.0	1.0	0.19367338768973053	1.0	1.0	1.0	0.585786437626905	1.0	0.17462396277334946	1.0	1.0	1.0
sr	1.0	0.3797958971132712	0.010598165815796343	1.0	0.353889367864523	0.2402530733520421	1.0	0.17383895567884544	0.2216368750839041	0.26533119314590375	0.3797958971132712	1.0	0.4364916731037085	0.585786437626905	0.24179033438163733	0.3164309725825328	0.44948974278317805	1.0	0.585786437626905	1.0	1.0	0.2791745113185196	0.20799159651347807	0.2016769885343629	0.39564392373896007	0.28989794855663564	0.06932702439086805	1.0	1.0	1.0	0.28989794855663564	1.0	0.4142135623730951	0.39564392373896007	1.0	0.44948974278317805
sv	1.0	0.585786437626905	0.06759499036841653	1.0	0.585786437626905	0.25355482027512377	1.0	0.18274399763155683	0.2791745113185196	0.26533119314590375	0.585786437626905	0.585786437626905	1.0	1.0	0.2843646522044218	0.4142135623730951	0.585786437626905	1.0	1.0	1.0	1.0	0.3660254037844386	0.2674788903885893	0.16615941544074994	0.5	0.3164309725825328	0.16903426192449822	1.0	0.585786437626905	0.28989794855663564	1.0	1.0	0.3203772410170407	0.44948974278317805	1.0	0.3430703308172536
te	1.0	1.0	0.013593436773774788	1.0	1.0	1.0	1.0	1.0	1.0	1.0	1.0	1.0	1.0	1.0	1.0	1.0	1.0	1.0	0.0	1.0	1.0	1.0	1.0	1.0	1.0	1.0	1.0	0.0	1.0	1.0	1.0	1.0	0.585786437626905	1.0	1.0	1.0
tr	1.0	0.13899152267652057	-1.0	1.0	0.2449655295864104	0.16676695196178432	0.44948974278317805	0.13460234112932679	0.19991587377390818	0.1757340838011157	0.5	0.5	0.44948974278317805	0.1617030520846317	0.18897339488576134	0.3660254037844386	0.4142135623730951	0.4142135623730951	0.5	0.28436465220442186	1.0	0.06556215171118392	0.17904043690790597	0.19404996501286384	0.35388936786452296	0.20658711810431302	0.5	1.0	0.17462396277334946	0.4142135623730951	0.3203772410170407	0.585786437626905	1.0	0.23166247903554	0.585786437626905	0.22584440001865322
vi	1.0	1.0	0.06751934555165623	1.0	1.0	0.5	1.0	0.2958163163244893	0.5	0.585786437626905	1.0	1.0	1.0	1.0	0.585786437626905	1.0	1.0	1.0	1.0	1.0	1.0	0.585786437626905	0.3483314773547883	0.44948974278317805	1.0	1.0	0.36602540378443865	1.0	1.0	0.39564392373896007	0.44948974278317805	1.0	0.23166247903554	1.0	1.0	1.0
war	1.0	1.0	0.010788822985926823	1.0	1.0	1.0	1.0	1.0	1.0	1.0	1.0	1.0	1.0	1.0	1.0	1.0	1.0	1.0	0.0	1.0	1.0	1.0	1.0	1.0	1.0	1.0	1.0	0.0	1.0	1.0	1.0	1.0	0.585786437626905	1.0	1.0	1.0
zh	1.0	0.5	0.07500571852780749	1.0	0.585786437626905	0.5	1.0	0.21498516621900873	0.44948974278317805	0.585786437626905	1.0	1.0	1.0	1.0	0.4142135623730951	1.0	1.0	1.0	1.0	1.0	1.0	0.3090169943749474	0.44948974278317805	0.18822566650963438	1.0	1.0	0.21393876913398135	1.0	1.0	0.44948974278317805	0.3430703308172536	1.0	0.22584440001865322	1.0	1.0	1.0
