arz	bs	ceb	ckb	da	de	el	en	es	fr	he	hi	hu	id	it	ja	ko	lv	mk	ml	mr	nl	pl	pt	ro	ru	sh	si	simple	sr	sv	te	vi	war	zh
arz	1.0	0.0004342162396873643	0.0	0.0	0.0	8e-05	0.000687442713107241	0.0	0.0	6.133213394938055e-05	0.0003455425017277125	0.0	0.0	0.00037965072133637056	0.00012940795858945326	0.00015992323684631377	0.0003064977523498161	0.0015568240788790867	0.009615384615384616	0.0	0.012195121951219513	0.0	0.00011200716845878136	0.0	0.0001091077712010038	0.00012431626056688214	0.0	0.0	0.0	0.0003846153846153846	0.0	0.0	0.0	0.0	0.00015408320493066256
bs	0.0004342162396873643	1.0	0.0	0.0	0.0	0.0	0.0	0.0	0.0	0.0	0.0	0.0	0.0	0.0	0.0	0.0	0.0	0.0	0.0	0.0	0.0	0.0	0.0	0.0	0.0	0.0	0.0	0.0	0.0	0.0	0.0	0.0	0.0	0.0	0.0007633587786259542
ceb	0.0	0.0	0.0	0.0	0.0	0.0	0.0	0.0	0.0	0.0	0.0	0.0	0.0	0.0	0.0	0.0	0.0	0.0	0.0	0.0	0.0	0.0	0.0	0.0	0.0	0.0	0.0	0.0	0.0	0.0	0.0	0.0	0.0	0.0	0.0
ckb	0.0	0.0	0.0	1.0	0.0	0.0	0.0	0.0	0.0	0.0	0.0	0.0	0.0	0.0	0.0	0.0	0.0011013215859030838	0.0	0.018518518518518517	0.024390243902439025	0.0	0.0	0.0	0.0	0.0	0.0	0.0	0.0	0.0	0.0	0.0	0.0	0.0038910505836575876	0.0	0.0
da	0.0	0.0	0.0	0.0	1.0	0.0	0.0	0.0	0.0	0.0	0.0	0.0	0.0	0.0	0.0	0.0	0.0	0.0	0.0	0.0	0.0	0.0	0.0	0.001148105625717566	0.0	0.0	0.0	0.0	0.0	0.0	0.0	0.0	0.0	0.0	0.0015105740181268882
de	8e-05	0.0	0.0	0.0	0.0	1.0	0.0	0.00016758840288252054	0.0	0.0002973535533749628	0.0006230529595015577	0.0	0.0	0.0	0.000388651379712398	0.0	0.0010922992900054614	0.0	0.0	0.0	0.0	0.0	0.0	0.0005611672278338945	0.0	0.0	0.0	0.0	0.0	0.0	0.0	0.0	0.0	0.0	0.0008948545861297539
el	0.000687442713107241	0.0	0.0	0.0	0.0	0.0	1.0	0.0	0.0	0.0	0.0	0.0	0.0	0.0	0.0	0.0	0.0	0.0	0.0	0.0	0.0	0.0	0.0	0.0	0.0	0.0	0.0	0.0	0.0	0.0	0.0	0.0	0.0037593984962406013	0.0	0.0
en	0.0	0.0	0.0	0.0	0.0	0.00016758840288252054	0.0	1.0	0.0003495892326516343	0.0005386479935362241	0.0003527336860670194	0.0	0.0	0.0	0.00030129557095510696	0.0	0.00016954899966090201	0.0	0.0	0.0	0.0	0.0	0.0	0.0006843455945252353	0.0	0.00015969338869370808	0.0	0.0	0.0	0.0	0.0	0.0	0.0	0.0	0.00015867978419549348
es	0.0	0.0	0.0	0.0	0.0	0.0	0.0	0.0003495892326516343	1.0	0.0009627727856225931	0.0	0.0	0.0010559662090813093	0.0	0.000429553264604811	0.0005858230814294083	0.0	0.0	0.0	0.0	0.0	0.0010964912280701754	0.0	0.0032615786040443573	0.0	0.0005125576627370579	0.0	0.0	0.0	0.0	0.0	0.0	0.0	0.0	0.0005022601707684581
fr	6.133213394938055e-05	0.0	0.0	0.0	0.0	0.0002973535533749628	0.0	0.0005386479935362241	0.0009627727856225931	1.0	0.00032605151613955004	0.0	0.0	0.0	0.0007438631291842301	0.001466275659824047	0.0006073489219556636	0.0	0.0	0.0	0.0	0.00038182512409316535	0.00034626038781163435	0.0006167129201356768	0.0	0.0	0.0	0.0	0.0	0.0	0.0	0.0	0.0	0.0	0.0005409791723018664
he	0.0003455425017277125	0.0	0.0	0.0	0.0	0.0006230529595015577	0.0	0.0003527336860670194	0.0	0.00032605151613955004	1.0	0.0	0.0	0.0	0.003524229074889868	0.0018137847642079807	0.0006510416666666666	0.0	0.0	0.0	0.0	0.0	0.0	0.0	0.0	0.0	0.0	0.0	0.0	0.0	0.0	0.0	0.0011299435028248588	0.0	0.0025826446280991736
hi	0.0	0.0	0.0	0.0	0.0	0.0	0.0	0.0	0.0	0.0	0.0	1.0	0.002898550724637681	0.005988023952095809	0.0005793742757821553	0.0	0.0020325203252032522	0.0	0.0	0.0	0.0	0.0	0.0017271157167530224	0.0	0.0	0.0007412898443291327	0.0	0.0	0.0	0.005434782608695652	0.0	0.0	0.0	0.0	0.0
hu	0.0	0.0	0.0	0.0	0.0	0.0	0.0	0.0	0.0010559662090813093	0.0	0.0	0.002898550724637681	1.0	0.0	0.0	0.0	0.0	0.0	0.0	0.0	0.0	0.0044742729306487695	0.0	0.0	0.0	0.0	0.0	0.0	0.0	0.0	0.0	0.0	0.0	0.0	0.0
id	0.00037965072133637056	0.0	0.0	0.0	0.0	0.0	0.0	0.0	0.0	0.0	0.0	0.005988023952095809	0.0	1.0	0.0	0.0	0.0	0.0	0.0	0.01282051282051282	0.0	0.0	0.0018552875695732839	0.0	0.0	0.0	0.0	0.0	0.0	0.0	0.0	0.0	0.0	0.0	0.0
it	0.00012940795858945326	0.0	0.0	0.0	0.0	0.000388651379712398	0.0	0.00030129557095510696	0.000429553264604811	0.0007438631291842301	0.003524229074889868	0.0005793742757821553	0.0	0.0	1.0	0.0019083969465648854	0.0007990411506192569	0.0	0.0	0.0	0.0	0.0005467468562055768	0.0	0.00040749796251018743	0.0	0.0003486750348675035	0.0	0.0	0.0	0.0005871990604815032	0.0005274261603375527	0.0	0.0005396654074473826	0.0	0.000343878954607978
ja	0.00015992323684631377	0.0	0.0	0.0	0.0	0.0	0.0	0.0	0.0005858230814294083	0.001466275659824047	0.0018137847642079807	0.0	0.0	0.0	0.0019083969465648854	1.0	0.0010626992561105207	0.0	0.0	0.0	0.0	0.0	0.0	0.0	0.0	0.0004450378282153983	0.0	0.0	0.0	0.0	0.000784313725490196	0.0	0.0008116883116883117	0.0	0.00043725404459991256
ko	0.0003064977523498161	0.0	0.0	0.0011013215859030838	0.0	0.0010922992900054614	0.0	0.00016954899966090201	0.0	0.0006073489219556636	0.0006510416666666666	0.0020325203252032522	0.0	0.0	0.0007990411506192569	0.0010626992561105207	1.0	0.0	0.0	0.0	0.0	0.0	0.0007369196757553427	0.0005837711617046118	0.0	0.0	0.0	0.0	0.0	0.0	0.0	0.0	0.0008992805755395684	0.0	0.00046146746654360867
lv	0.0015568240788790867	0.0	0.0	0.0	0.0	0.0	0.0	0.0	0.0	0.0	0.0	0.0	0.0	0.0	0.0	0.0	0.0	1.0	0.0	0.0	0.0	0.0	0.0	0.0	0.0	0.0	0.0	0.0	0.0	0.0	0.0	0.0	0.004201680672268907	0.0	0.0
mk	0.009615384615384616	0.0	0.0	0.018518518518518517	0.0	0.0	0.0	0.0	0.0	0.0	0.0	0.0	0.0	0.0	0.0	0.0	0.0	0.0	1.0	0.0	0.0	0.0	0.0	0.0011641443538998836	0.0	0.0	0.0	0.0	0.0	0.0	0.0	0.0	0.003875968992248062	0.0	0.0007616146230007616
ml	0.0	0.0	0.0	0.024390243902439025	0.0	0.0	0.0	0.0	0.0	0.0	0.0	0.0	0.0	0.01282051282051282	0.0	0.0	0.0	0.0	0.0	1.0	0.0	0.0	0.0	0.0	0.0	0.0	0.0	0.0	0.0	0.0	0.0	0.0	0.0	0.0	0.0
mr	0.012195121951219513	0.0	0.0	0.0	0.0	0.0	0.0	0.0	0.0	0.0	0.0	0.0	0.0	0.0	0.0	0.0	0.0	0.0	0.0	0.0	0.0	0.0	0.0	0.0	0.0	0.0	0.0	0.0	0.0	0.0	0.0	0.0	0.0	0.0	0.0
nl	0.0	0.0	0.0	0.0	0.0	0.0	0.0	0.0	0.0010964912280701754	0.00038182512409316535	0.0	0.0	0.0044742729306487695	0.0	0.0005467468562055768	0.0	0.0	0.0	0.0	0.0	0.0	1.0	0.0	0.0	0.0	0.0	0.0	0.0	0.0	0.0	0.0	0.0	0.0045871559633027525	0.0	0.0
pl	0.00011200716845878136	0.0	0.0	0.0	0.0	0.0	0.0	0.0	0.0	0.00034626038781163435	0.0	0.0017271157167530224	0.0	0.0018552875695732839	0.0	0.0	0.0007369196757553427	0.0	0.0	0.0	0.0	0.0	1.0	0.0	0.0	0.0	0.0	0.0	0.0	0.0017985611510791368	0.0	0.0	0.0	0.0	0.0005678591709256105
pt	0.0	0.0	0.0	0.0	0.001148105625717566	0.0005611672278338945	0.0	0.0006843455945252353	0.0032615786040443573	0.0006167129201356768	0.0	0.0	0.0	0.0	0.00040749796251018743	0.0	0.0005837711617046118	0.0	0.0011641443538998836	0.0	0.0	0.0	0.0	1.0	0.0	0.0009633911368015414	0.0	0.0	0.0	0.0	0.0	0.0	0.0009416195856873823	0.0	0.0014184397163120568
ro	0.0001091077712010038	0.0	0.0	0.0	0.0	0.0	0.0	0.0	0.0	0.0	0.0	0.0	0.0	0.0	0.0	0.0	0.0	0.0	0.0	0.0	0.0	0.0	0.0	0.0	1.0	0.0	0.0	0.0	0.0	0.0	0.0	0.0	0.0	0.0	0.0
ru	0.00012431626056688214	0.0	0.0	0.0	0.0	0.0	0.0	0.00015969338869370808	0.0005125576627370579	0.0	0.0	0.0007412898443291327	0.0	0.0	0.0003486750348675035	0.0004450378282153983	0.0	0.0	0.0	0.0	0.0	0.0	0.0	0.0009633911368015414	0.0	1.0	0.0	0.0	0.0	0.0	0.0	0.0	0.0006775067750677507	0.0	0.0011862396204033216
sh	0.0	0.0	0.0	0.0	0.0	0.0	0.0	0.0	0.0	0.0	0.0	0.0	0.0	0.0	0.0	0.0	0.0	0.0	0.0	0.0	0.0	0.0	0.0	0.0	0.0	0.0	1.0	0.0	0.0	0.010416666666666666	0.0	0.0	0.0040650406504065045	0.0	0.0
si	0.0	0.0	0.0	0.0	0.0	0.0	0.0	0.0	0.0	0.0	0.0	0.0	0.0	0.0	0.0	0.0	0.0	0.0	0.0	0.0	0.0	0.0	0.0	0.0	0.0	0.0	0.0	1.0	0.0	0.0	0.0	0.0	0.0	0.0	0.0
simple	0.0	0.0	0.0	0.0	0.0	0.0	0.0	0.0	0.0	0.0	0.0	0.0	0.0	0.0	0.0	0.0	0.0	0.0	0.0	0.0	0.0	0.0	0.0	0.0	0.0	0.0	0.0	0.0	1.0	0.0	0.0	0.0	0.0	0.0	0.0
sr	0.0003846153846153846	0.0	0.0	0.0	0.0	0.0	0.0	0.0	0.0	0.0	0.0	0.005434782608695652	0.0	0.0	0.0005871990604815032	0.0	0.0	0.0	0.0	0.0	0.0	0.0	0.0017985611510791368	0.0	0.0	0.0	0.010416666666666666	0.0	0.0	1.0	0.0	0.0	0.0	0.0	0.0007320644216691069
sv	0.0	0.0	0.0	0.0	0.0	0.0	0.0	0.0	0.0	0.0	0.0	0.0	0.0	0.0	0.0005274261603375527	0.000784313725490196	0.0	0.0	0.0	0.0	0.0	0.0	0.0	0.0	0.0	0.0	0.0	0.0	0.0	0.0	1.0	0.0	0.0	0.0	0.0006414368184733803
te	0.0	0.0	0.0	0.0	0.0	0.0	0.0	0.0	0.0	0.0	0.0	0.0	0.0	0.0	0.0	0.0	0.0	0.0	0.0	0.0	0.0	0.0	0.0	0.0	0.0	0.0	0.0	0.0	0.0	0.0	0.0	0.0	0.0	0.0	0.0
vi	0.0	0.0	0.0	0.0038910505836575876	0.0	0.0	0.0037593984962406013	0.0	0.0	0.0	0.0011299435028248588	0.0	0.0	0.0	0.0005396654074473826	0.0008116883116883117	0.0008992805755395684	0.004201680672268907	0.003875968992248062	0.0	0.0	0.0045871559633027525	0.0	0.0009416195856873823	0.0	0.0006775067750677507	0.0040650406504065045	0.0	0.0	0.0	0.0	0.0	1.0	0.0	0.0006596306068601583
war	0.0	0.0	0.0	0.0	0.0	0.0	0.0	0.0	0.0	0.0	0.0	0.0	0.0	0.0	0.0	0.0	0.0	0.0	0.0	0.0	0.0	0.0	0.0	0.0	0.0	0.0	0.0	0.0	0.0	0.0	0.0	0.0	0.0	0.0	0.0
zh	0.00015408320493066256	0.0007633587786259542	0.0	0.0	0.0015105740181268882	0.0008948545861297539	0.0	0.00015867978419549348	0.0005022601707684581	0.0005409791723018664	0.0025826446280991736	0.0	0.0	0.0	0.000343878954607978	0.00043725404459991256	0.00046146746654360867	0.0	0.0007616146230007616	0.0	0.0	0.0	0.0005678591709256105	0.0014184397163120568	0.0	0.0011862396204033216	0.0	0.0	0.0	0.0007320644216691069	0.0006414368184733803	0.0	0.0006596306068601583	0.0	1.0
