arz	bs	ceb	ckb	da	de	el	en	es	fr	he	hi	hu	id	it	ja	ko	lv	mk	ml	mr	nl	pl	pt	ro	ru	sh	si	simple	sr	sv	te	vi	war	zh
arz	1.0	1.0	0.0	0.0	1.0	1.0	1.0	0.7584325078215763	0.7690990303325336	0.0	1.0	0.0	1.0	1.0	0.7690990303325336	0.7690990303325336	1.0	1.0	1.0	0.0	0.0	1.0	0.7690990303325336	0.7863954451402115	0.7863954451402115	0.7690990303325336	1.0	0.0	1.0	0.8216064286890065	1.0	0.0	1.0	0.0	0.7584325078215763
bs	1.0	1.0	0.0	1.0	0.540271464242908	0.540271464242908	0.6158261648857274	0.5880034773693997	0.5433911464034779	0.0	0.45302977271423767	1.0	0.8216064286890065	0.6944050363729698	0.5484398955810665	0.7255869461118625	0.540271464242908	0.5480953166963739	0.7255869461118625	1.0	1.0	0.540271464242908	0.45567259435537993	0.5601599214431299	0.4041848277637251	0.4920419047116977	0.540271464242908	1.0	0.7255869461118625	0.7255869461118625	0.540271464242908	1.0	1.0	0.540271464242908	0.6486144005994114
ceb	0.0	0.0	1.0	0.0	1.0	1.0	1.0	1.0	1.0	0.0	1.0	0.0	0.0	0.0	1.0	1.0	1.0	1.0	0.0	0.0	0.0	1.0	1.0	1.0	1.0	1.0	1.0	0.0	0.0	0.0	1.0	0.0	1.0	0.0	1.0
ckb	0.0	1.0	0.0	1.0	1.0	1.0	1.0	1.0	1.0	0.0	1.0	1.0	1.0	1.0	1.0	1.0	1.0	1.0	1.0	1.0	1.0	1.0	1.0	1.0	1.0	1.0	1.0	1.0	1.0	1.0	1.0	1.0	1.0	1.0	1.0
da	1.0	0.540271464242908	1.0	1.0	1.0	0.28509709204521727	0.3838208037960704	0.1237851600245935	0.2508408332565111	0.0	0.32381116928213316	1.0	0.5090189327145961	0.3504722256430296	0.2265078910532761	0.16535682060604728	0.486984925849496	0.5331958230649945	0.6740515375688697	0.5924190932846725	1.0	0.19093530963383853	0.28748291332650305	0.333509716833981	0.25731885639713664	0.17006556889800856	0.47215042228506876	1.0	0.5240886617832677	0.312592658294071	0.18154282770904637	1.0	0.2882480117133599	1.0	0.26001306613019
de	1.0	0.540271464242908	1.0	1.0	0.28509709204521727	1.0	0.20279125921740326	0.05674721653583903	0.11023524877104508	0.0	0.26079961724757106	1.0	0.4070118831282763	0.2897927214878682	0.08089595482996523	0.13843155580454025	0.5244998928451272	0.45556395196091176	0.7189258117174852	0.21686202172319174	1.0	0.10378700641352316	0.0988107280695736	0.1342625976935694	0.1994249367952202	0.07984979489028891	0.3707302308844318	1.0	0.5545476893238043	0.3375230278345843	0.1521413594578967	1.0	0.27018765136417744	1.0	0.15268030333842347
el	1.0	0.6158261648857274	1.0	1.0	0.3838208037960704	0.20279125921740326	1.0	0.08802339065663636	0.1418540738569168	0.0	0.2590001169302312	1.0	0.3534160342550404	0.29457771380278397	0.13235703129651988	0.19279437751452042	0.43607213108940285	0.30090962261243015	0.39181425842879575	0.3968331652239757	1.0	0.1724217068068471	0.12825898496100488	0.20253260141704701	0.2538899104793006	0.13530217926987478	0.39347056307513784	1.0	0.5432849909003565	0.31872212615538936	0.23000505108079786	0.7863954451402115	0.30236174726857573	0.7584325078215763	0.1894523598925959
en	0.7584325078215763	0.5880034773693997	1.0	1.0	0.1237851600245935	0.05674721653583903	0.08802339065663636	1.0	0.044934403184938465	1.0	0.10345911664659108	0.5505638267984209	0.18725281985666306	0.1399188408312885	0.03322644786135245	0.08558999143512609	0.2833067288390464	0.15666789653767718	0.47153621987393446	0.07332635981331151	1.0	0.047234745525688536	0.04231433693462483	0.049055108568199855	0.11328528103912991	0.0431169623028097	0.18594049739819932	1.0	0.24393579515901426	0.20668528653059964	0.06825502930808179	1.0	0.17693635674303787	1.0	0.08823661281550678
es	0.7690990303325336	0.5433911464034779	1.0	1.0	0.2508408332565111	0.11023524877104508	0.1418540738569168	0.044934403184938465	1.0	1.0	0.17687350730845822	0.7347168825662656	0.36604569145615784	0.19908681307841722	0.04332073809448983	0.12433149492059518	0.5756237853997513	0.4077796549632844	1.0	0.15790884797054205	1.0	0.07219654038709644	0.05211164299391114	0.07686455559005269	0.23583796396755932	0.060944294514925924	0.328778141072673	1.0	0.4108499295488331	0.3065597722578773	0.11372519198045311	1.0	0.21188753491119716	1.0	0.11138247636661416
fr	0.0	0.0	0.0	0.0	0.0	0.0	0.0	1.0	1.0	1.0	0.0	0.0	0.0	0.0	0.7263875964832448	0.0	0.0	0.0	0.0	0.0	0.0	1.0	1.0	1.0	0.0	0.44930756545688116	0.0	0.0	0.0	0.0	0.0	0.0	0.0	0.0	1.0
he	1.0	0.45302977271423767	1.0	1.0	0.32381116928213316	0.26079961724757106	0.2590001169302312	0.10345911664659108	0.17687350730845822	0.0	1.0	1.0	0.5740861804182255	0.2780276502805874	0.15700969258740805	0.22244909543477237	0.5263730732384986	0.4231478898880352	0.7248485669756152	0.41294131404661205	1.0	0.1979527320284116	0.1711557800359837	0.20284583983798168	0.26220193060936164	0.15270904196712412	0.3572828981438918	1.0	0.5810839447022058	0.4371127053888804	0.27053050961275027	1.0	0.27484624239686456	1.0	0.1585324513525408
hi	0.0	1.0	0.0	1.0	1.0	1.0	1.0	0.5505638267984209	0.7347168825662656	0.0	1.0	1.0	1.0	1.0	0.6110569957520273	0.6666984105496916	1.0	1.0	1.0	1.0	1.0	1.0	1.0	0.7376607345031153	1.0	0.5644527096361261	1.0	1.0	1.0	1.0	1.0	1.0	1.0	1.0	1.0
hu	1.0	0.8216064286890065	0.0	1.0	0.5090189327145961	0.4070118831282763	0.3534160342550404	0.18725281985666306	0.36604569145615784	0.0	0.5740861804182255	1.0	1.0	0.5820235868523631	0.2789957946799518	0.4581879648045702	0.6638546162332061	1.0	0.7510341748895937	0.5517743563798827	1.0	0.3597037182706045	0.3251489371965273	0.34950814322537405	0.32689867618955704	0.27858588999589173	0.6167131210802118	1.0	0.7248485669756152	1.0	0.42455138744574417	1.0	0.5353610520985579	1.0	0.2908469407243243
id	1.0	0.6944050363729698	0.0	1.0	0.3504722256430296	0.2897927214878682	0.29457771380278397	0.1399188408312885	0.19908681307841722	0.0	0.2780276502805874	1.0	0.5820235868523631	1.0	0.18485338510075114	0.22164986862972907	0.5539743778029573	0.22170341970259322	0.6391906500312812	0.25960253511070724	1.0	0.24075685530389257	0.2411056921451322	0.2185300907028523	0.3708088226451931	0.1974125576130305	0.3110800620587848	1.0	0.31057030553744874	0.28837276128177614	0.2986776752444384	1.0	0.3200468353475528	0.7690990303325336	0.18446639959185002
it	0.7690990303325336	0.5484398955810665	1.0	1.0	0.2265078910532761	0.08089595482996523	0.13235703129651988	0.03322644786135245	0.04332073809448983	0.7263875964832448	0.15700969258740805	0.6110569957520273	0.2789957946799518	0.18485338510075114	1.0	0.09859880735893342	0.38867317396698287	0.3004360761659602	0.6189014817392237	0.12272784349157705	1.0	0.05857304230021301	0.044133260143609826	0.0613057562723124	0.18940217867564454	0.04593772520099376	0.24401350945326816	1.0	0.4432303445338317	0.2911372842478134	0.10916835481101843	1.0	0.23211567492721658	1.0	0.12421326645218138
ja	0.7690990303325336	0.7255869461118625	1.0	1.0	0.16535682060604728	0.13843155580454025	0.19279437751452042	0.08558999143512609	0.12433149492059518	0.0	0.22244909543477237	0.6666984105496916	0.4581879648045702	0.22164986862972907	0.09859880735893342	1.0	0.2903630394129649	0.27268710860543344	0.6167131210802118	0.22865949321770537	1.0	0.12476186442361895	0.1217187610435898	0.12675841040205746	0.20062689811523765	0.09970823723113514	0.2870872509962592	1.0	0.33037179468331085	0.35045408382774207	0.1695385910299207	1.0	0.21890468570175964	0.7510341748895939	0.12382379090471
ko	1.0	0.540271464242908	1.0	1.0	0.486984925849496	0.5244998928451272	0.43607213108940285	0.2833067288390464	0.5756237853997513	0.0	0.5263730732384986	1.0	0.6638546162332061	0.5539743778029573	0.38867317396698287	0.2903630394129649	1.0	1.0	1.0	0.5838038838683439	1.0	0.5042606057147417	0.5312308934193231	0.4025955843233131	0.28162977322430366	0.3199336889625164	0.6314395498907663	1.0	1.0	0.45982538229672587	0.3391952888859239	1.0	0.3106361860062466	1.0	0.34192667703356017
lv	1.0	0.5480953166963739	1.0	1.0	0.5331958230649945	0.45556395196091176	0.30090962261243015	0.15666789653767718	0.4077796549632844	0.0	0.4231478898880352	1.0	1.0	0.22170341970259322	0.3004360761659602	0.27268710860543344	1.0	1.0	1.0	0.5989042751493285	1.0	0.2404585714729184	0.2697317054446535	0.41137120614260564	0.30593184423555	0.25906061035346367	0.5852532531850113	1.0	0.7189258117174852	0.28845094624295614	0.2845042148896162	1.0	0.48039129279944925	1.0	0.26454033287110523
mk	1.0	0.7255869461118625	0.0	1.0	0.6740515375688697	0.7189258117174852	0.39181425842879575	0.47153621987393446	1.0	0.0	0.7248485669756152	1.0	0.7510341748895937	0.6391906500312812	0.6189014817392237	0.6167131210802118	1.0	1.0	1.0	1.0	1.0	0.7162976956558117	1.0	0.7234532828151787	0.30609505327945324	0.5359076032491157	1.0	1.0	1.0	0.6701591524560107	0.6568318202362041	1.0	1.0	1.0	0.6568318202362041
ml	0.0	1.0	0.0	1.0	0.5924190932846725	0.21686202172319174	0.3968331652239757	0.07332635981331151	0.15790884797054205	0.0	0.41294131404661205	1.0	0.5517743563798827	0.25960253511070724	0.12272784349157705	0.22865949321770537	0.5838038838683439	0.5989042751493285	1.0	1.0	1.0	0.18611696307480602	0.18285138445611873	0.19192454762318348	0.25139079903923056	0.12628376109369527	0.3424926572508826	1.0	0.3942413928933184	0.303170082757264	0.3202138126220149	1.0	0.3642029852541158	1.0	0.24890676835048278
mr	0.0	1.0	0.0	1.0	1.0	1.0	1.0	1.0	1.0	0.0	1.0	1.0	1.0	1.0	1.0	1.0	1.0	1.0	1.0	1.0	1.0	1.0	1.0	1.0	1.0	1.0	1.0	1.0	1.0	1.0	1.0	1.0	1.0	1.0	1.0
nl	1.0	0.540271464242908	1.0	1.0	0.19093530963383853	0.10378700641352316	0.1724217068068471	0.047234745525688536	0.07219654038709644	1.0	0.1979527320284116	1.0	0.3597037182706045	0.24075685530389257	0.05857304230021301	0.12476186442361895	0.5042606057147417	0.2404585714729184	0.7162976956558117	0.18611696307480602	1.0	1.0	0.07358305368880183	0.10748242660145327	0.1983292372676819	0.06440894240745175	0.3604439088433187	1.0	0.46778924671376365	0.3283179937397456	0.1169702457109825	1.0	0.2687695996749977	1.0	0.14225115991066828
pl	0.7690990303325336	0.45567259435537993	1.0	1.0	0.28748291332650305	0.0988107280695736	0.12825898496100488	0.04231433693462483	0.05211164299391114	1.0	0.1711557800359837	1.0	0.3251489371965273	0.2411056921451322	0.044133260143609826	0.1217187610435898	0.5312308934193231	0.2697317054446535	1.0	0.18285138445611873	1.0	0.07358305368880183	1.0	0.0917104504403002	0.19531675325576478	0.05139052980108	0.2637241191133294	1.0	0.4070603937539719	0.321614044975666	0.13413174833598007	1.0	0.265488310548187	1.0	0.1552270682855923
pt	0.7863954451402115	0.5601599214431299	1.0	1.0	0.333509716833981	0.1342625976935694	0.20253260141704701	0.049055108568199855	0.07686455559005269	1.0	0.20284583983798168	0.7376607345031153	0.34950814322537405	0.2185300907028523	0.0613057562723124	0.12675841040205746	0.4025955843233131	0.41137120614260564	0.7234532828151787	0.19192454762318348	1.0	0.10748242660145327	0.0917104504403002	1.0	0.21239011817839032	0.07952414894357712	0.2763218359832492	1.0	0.4192814198183993	0.3753685392832535	0.18383252706614836	1.0	0.21546188964015286	1.0	0.13315176185447256
ro	0.7863954451402115	0.4041848277637251	1.0	1.0	0.25731885639713664	0.1994249367952202	0.2538899104793006	0.11328528103912991	0.23583796396755932	0.0	0.26220193060936164	1.0	0.32689867618955704	0.3708088226451931	0.18940217867564454	0.20062689811523765	0.28162977322430366	0.30593184423555	0.30609505327945324	0.25139079903923056	1.0	0.1983292372676819	0.19531675325576478	0.21239011817839032	1.0	0.16901520689880295	0.3063486819873649	1.0	0.25823228055971315	0.27999589008793296	0.22103501342351423	1.0	0.254752615564949	0.45627762828753365	0.20287010033216848
ru	0.7690990303325336	0.4920419047116977	1.0	1.0	0.17006556889800856	0.07984979489028891	0.13530217926987478	0.0431169623028097	0.060944294514925924	0.44930756545688116	0.15270904196712412	0.5644527096361261	0.27858588999589173	0.1974125576130305	0.04593772520099376	0.09970823723113514	0.3199336889625164	0.25906061035346367	0.5359076032491157	0.12628376109369527	1.0	0.06440894240745175	0.05139052980108	0.07952414894357712	0.16901520689880295	1.0	0.22510551434698053	1.0	0.3727388701548689	0.2705460964151152	0.09683043040517074	1.0	0.20622195288951178	0.42489828324440815	0.1098024261290929
sh	1.0	0.540271464242908	1.0	1.0	0.47215042228506876	0.3707302308844318	0.39347056307513784	0.18594049739819932	0.328778141072673	0.0	0.3572828981438918	1.0	0.6167131210802118	0.3110800620587848	0.24401350945326816	0.2870872509962592	0.6314395498907663	0.5852532531850113	1.0	0.3424926572508826	1.0	0.3604439088433187	0.2637241191133294	0.2763218359832492	0.3063486819873649	0.22510551434698053	1.0	1.0	0.6402464701444691	0.4554080956617812	0.33898292307941846	1.0	0.28547828001216874	1.0	0.28243605555655804
si	0.0	1.0	0.0	1.0	1.0	1.0	1.0	1.0	1.0	0.0	1.0	1.0	1.0	1.0	1.0	1.0	1.0	1.0	1.0	1.0	1.0	1.0	1.0	1.0	1.0	1.0	1.0	1.0	1.0	1.0	1.0	1.0	1.0	1.0	0.7584325078215763
simple	1.0	0.7255869461118625	0.0	1.0	0.5240886617832677	0.5545476893238043	0.5432849909003565	0.24393579515901426	0.4108499295488331	0.0	0.5810839447022058	1.0	0.7248485669756152	0.31057030553744874	0.4432303445338317	0.33037179468331085	1.0	0.7189258117174852	1.0	0.3942413928933184	1.0	0.46778924671376365	0.4070603937539719	0.4192814198183993	0.25823228055971315	0.3727388701548689	0.6402464701444691	1.0	1.0	0.3586597500562896	0.43360418944293044	1.0	0.5498711571280123	0.7510341748895937	0.4002008426746684
sr	0.8216064286890065	0.7255869461118625	0.0	1.0	0.312592658294071	0.3375230278345843	0.31872212615538936	0.20668528653059964	0.3065597722578773	0.0	0.4371127053888804	1.0	1.0	0.28837276128177614	0.2911372842478134	0.35045408382774207	0.45982538229672587	0.28845094624295614	0.6701591524560107	0.303170082757264	1.0	0.3283179937397456	0.321614044975666	0.3753685392832535	0.27999589008793296	0.2705460964151152	0.4554080956617812	1.0	0.3586597500562896	1.0	0.4275142743249477	1.0	0.4654200093295362	0.4377367103295498	0.2850979512187719
sv	1.0	0.540271464242908	1.0	1.0	0.18154282770904637	0.1521413594578967	0.23000505108079786	0.06825502930808179	0.11372519198045311	0.0	0.27053050961275027	1.0	0.42455138744574417	0.2986776752444384	0.10916835481101843	0.1695385910299207	0.3391952888859239	0.2845042148896162	0.6568318202362041	0.3202138126220149	1.0	0.1169702457109825	0.13413174833598007	0.18383252706614836	0.22103501342351423	0.09683043040517074	0.33898292307941846	1.0	0.43360418944293044	0.4275142743249477	1.0	1.0	0.28289871132387034	1.0	0.1728792020080195
te	0.0	1.0	0.0	1.0	1.0	1.0	0.7863954451402115	1.0	1.0	0.0	1.0	1.0	1.0	1.0	1.0	1.0	1.0	1.0	1.0	1.0	1.0	1.0	1.0	1.0	1.0	1.0	1.0	1.0	1.0	1.0	1.0	1.0	0.7863954451402115	1.0	1.0
vi	1.0	1.0	1.0	1.0	0.2882480117133599	0.27018765136417744	0.30236174726857573	0.17693635674303787	0.21188753491119716	0.0	0.27484624239686456	1.0	0.5353610520985579	0.3200468353475528	0.23211567492721658	0.21890468570175964	0.3106361860062466	0.48039129279944925	1.0	0.3642029852541158	1.0	0.2687695996749977	0.265488310548187	0.21546188964015286	0.254752615564949	0.20622195288951178	0.28547828001216874	1.0	0.5498711571280123	0.4654200093295362	0.28289871132387034	0.7863954451402115	1.0	0.7584325078215765	0.26144338461947525
war	0.0	0.540271464242908	0.0	1.0	1.0	1.0	0.7584325078215763	1.0	1.0	0.0	1.0	1.0	1.0	0.7690990303325336	1.0	0.7510341748895939	1.0	1.0	1.0	1.0	1.0	1.0	1.0	1.0	0.45627762828753365	0.42489828324440815	1.0	1.0	0.7510341748895937	0.4377367103295498	1.0	1.0	0.7584325078215765	1.0	1.0
zh	0.7584325078215763	0.6486144005994114	1.0	1.0	0.26001306613019	0.15268030333842347	0.1894523598925959	0.08823661281550678	0.11138247636661416	1.0	0.1585324513525408	1.0	0.2908469407243243	0.18446639959185002	0.12421326645218138	0.12382379090471	0.34192667703356017	0.26454033287110523	0.6568318202362041	0.24890676835048278	1.0	0.14225115991066828	0.1552270682855923	0.13315176185447256	0.20287010033216848	0.1098024261290929	0.28243605555655804	0.7584325078215763	0.4002008426746684	0.2850979512187719	0.1728792020080195	1.0	0.26144338461947525	1.0	1.0
