arz	bs	ceb	ckb	da	de	el	en	es	fr	he	hi	hu	id	it	ja	ko	lv	mk	ml	mr	nl	pl	pt	ro	ru	sh	si	simple	sr	sv	te	vi	war	zh
arz	1.0	0.54380912568446	1.0	0.5636395923255231	0.42146351900343454	0.35088259004909816	0.5045900925082321	0.6087120017351104	0.37548592432480854	0.35192675352056096	0.4801955083866192	0.7863954451402115	0.3531244919479087	0.46449557669581026	0.35977757560042506	0.6333331516964931	0.36020400386326645	0.5080807080145416	0.48410953333604595	0.6605081676161634	0.4203035766702535	0.6012327984509924	0.6341045297392116	0.3385360721294765	0.3030331443936201	0.42391981138628543	0.31833227536066433	1.0	0.5365106831264642	0.4504570363954077	0.3701332044145935	1.0	0.4477382448352553	0.39538311603482656	0.4274011245906073
bs	0.54380912568446	1.0	0.6369088374654409	0.5249437533356238	0.5330403586350582	0.3189641523795447	0.4145604352743149	0.4637420630247486	0.3401749774258256	0.32080097718766987	0.4380538967381788	0.8466255568507818	0.5505785048976403	0.4245119361344808	0.306084887990025	0.5281081611006059	0.4218742785858156	0.5055647667541245	0.4192956941910097	0.467034862695793	0.7135728497294013	0.3618369419826829	0.4121778203614212	0.3465284720083908	0.4375557955153753	0.39386024733693875	0.4928324385183495	1.0	0.4991353240944658	0.39620807392248203	0.3701372948475096	1.0	0.3988640842096141	0.696118462962484	0.40143511672235166
ceb	1.0	0.6369088374654409	1.0	0.6704675947063355	0.6606673429064904	0.4100224906965568	0.6476743770933933	1.0	0.42829124369310506	0.6704675947063355	0.6704675947063354	0.8216064286890065	0.5177083054736128	0.748584213262248	0.7769212008304032	0.7584325078215763	0.3381669959147426	0.6704675947063355	0.39988759147834757	0.612132145856436	0.7584325078215763	1.0	0.7888629762627987	0.4090495567322223	0.36339562926575	0.6415215838021578	0.3735648199382115	1.0	0.388878943088341	0.41481657593914345	1.0	1.0	0.6172147396682474	1.0	0.6013503204265974
ckb	0.5636395923255231	0.5249437533356238	0.6704675947063355	1.0	0.5170858691293526	0.35258922649578445	0.4462405922991304	0.550029633781016	0.3180952200925453	0.32411808127709757	0.5191237307269122	0.7690990303325336	0.43744991611106004	0.4984885160777269	0.49868325346661846	0.5257625003303347	0.513201522813637	0.5260121217637328	0.4259780226315288	0.5221467565239074	0.596637292820597	0.3739343411778514	0.3960019998773065	0.3341510846086661	0.3971854777690307	0.48709807819473416	0.4046567611237078	1.0	0.5496110772166027	0.2886426879752867	0.5882881730725358	1.0	0.5020004416221593	0.6592985471189695	0.5077725356462193
da	0.42146351900343454	0.5330403586350582	0.6606673429064904	0.5170858691293526	1.0	0.259681707718704	0.4497626858807587	0.29739653685877937	0.34194928545227743	0.2501510832019404	0.4253980297202228	0.6940653703630968	0.420494770611983	0.3626012520828569	0.2295132097857713	0.32134732132501515	0.41705132740994344	0.33015004118284536	0.43300728800700344	0.4888928865069874	0.5922437587359987	0.31966629094673066	0.2511361581026134	0.3630527928239427	0.4305040237199932	0.28241467383126034	0.4339139455043812	1.0	0.36379008703065707	0.3879691154476501	0.25597020808670806	1.0	0.35064598326998053	0.6358163799112221	0.3486801379782839
de	0.35088259004909816	0.3189641523795447	0.4100224906965568	0.35258922649578445	0.259681707718704	1.0	0.308710696878637	0.23051653039513123	0.263457224040619	0.19466980344905435	0.289121083151801	0.7690990303325336	0.322886124434426	0.31333340281045596	0.2815402171791719	0.26068948146739684	0.3166904268590011	0.2787965433300777	0.32893075510589553	0.3725020502687318	0.38153309804266433	0.29517872882394497	0.2451767482788766	0.26510066485586126	0.32290147936554203	0.23229327999666155	0.28310709304589743	1.0	0.2851556063956122	0.33067377012953203	0.1812442163489491	1.0	0.2739669967307737	0.3711198660035464	0.3517508418907083
el	0.5045900925082321	0.4145604352743149	0.6476743770933933	0.4462405922991304	0.4497626858807587	0.308710696878637	1.0	0.3323559649591044	0.3121189286412877	0.26872134415096277	0.38836250850276444	0.8448706084809313	0.486647285435403	0.4054977518247758	0.327846848878108	0.412678309906852	0.4053253255452071	0.2930153432317773	0.3856993873024427	0.5371990287829593	0.6844026782519438	0.3239940723286565	0.3722356438107405	0.337322527778379	0.44843292182655653	0.2968570709013222	0.3893100695231905	1.0	0.477101940732176	0.43642579524804637	0.2912507696185682	1.0	0.3168278248042114	0.503501124183352	0.47844004767522424
en	0.6087120017351104	0.4637420630247486	1.0	0.550029633781016	0.29739653685877937	0.23051653039513123	0.3323559649591044	1.0	0.24178856545434493	0.25032472472147305	0.2409042778255676	0.7690990303325336	0.38212470433202506	0.336467641227516	0.28117839107017184	0.30668924375016365	0.3676248725309432	0.3247850186484356	0.37568648116501013	0.5175278598036875	0.7946530792802875	0.32210584798018155	0.2528105891498781	0.2622785853779285	0.4122304103238883	0.24472011677381938	0.2942703949508606	1.0	0.44606590764866855	0.37254233121054126	0.23878382520514937	1.0	0.29028712293841546	0.6408960407335635	0.38391253883940885
es	0.37548592432480854	0.3401749774258256	0.42829124369310506	0.3180952200925453	0.34194928545227743	0.263457224040619	0.3121189286412877	0.24178856545434493	1.0	0.247719478058915	0.38965903606173924	0.4267508816318807	0.37106167230189707	0.367600040955283	0.30148196446041203	0.3137684927936027	0.3835262828297829	0.22795233968592332	0.45236586936066053	0.38164260949933326	0.4239676446852832	0.3206541346168227	0.2802361935419908	0.31922918783149457	0.43139307713188346	0.24760509825605007	0.28852471537550567	1.0	0.3548624011826363	0.3886444472987872	0.2960502358010705	1.0	0.27253774612306825	0.37729510108155206	0.3938007030259858
fr	0.35192675352056096	0.32080097718766987	0.6704675947063355	0.32411808127709757	0.2501510832019404	0.19466980344905435	0.26872134415096277	0.25032472472147305	0.247719478058915	1.0	0.26115702514282574	0.37167779496689585	0.2287864978299265	0.29843415712204135	0.26437362389763247	0.2694277310771947	0.24748931987054576	0.29001158835829327	0.3357128288039427	0.3378466838534	0.6027389865763116	0.2743575010236281	0.20496490611365384	0.22676731251826343	0.3252583830673538	0.22830771769079086	0.31497061179292585	1.0	0.39630298559559435	0.3588502191031939	0.22317367026907042	1.0	0.2751113424410722	0.39213463747390365	0.3472875059166384
he	0.4801955083866192	0.4380538967381788	0.6704675947063354	0.5191237307269122	0.4253980297202228	0.289121083151801	0.38836250850276444	0.2409042778255676	0.38965903606173924	0.26115702514282574	1.0	0.5538168908840122	0.429288353620554	0.4062643647965325	0.2969434526894482	0.3393823117309557	0.40138989441087414	0.2720167344080653	0.42460272510892766	0.588965837284438	0.5969657749973324	0.3314908954298445	0.34247865139532024	0.34340990639039476	0.4377167795752926	0.3116138271715332	0.3279344033780713	1.0	0.3373948239302968	0.3382277597547125	0.22585972868928106	1.0	0.32960507108031195	0.5981095091620048	0.35010101724843595
hi	0.7863954451402115	0.8466255568507818	0.8216064286890065	0.7690990303325336	0.6940653703630968	0.7690990303325336	0.8448706084809313	0.7690990303325336	0.4267508816318807	0.37167779496689585	0.5538168908840122	1.0	0.6677789923126637	0.8450168949240949	0.6472071040847405	0.6743202287441529	0.4330177389480432	0.7690990303325336	0.6665194274716577	0.5637255070572955	0.8216064286890065	0.7690990303325336	1.0	0.740599400684637	0.3969831344592704	0.7749673534602396	0.594589508604719	1.0	0.7863954451402115	0.672319180205558	0.7690990303325336	1.0	0.6743202287441529	0.7863954451402115	0.45428656772856385
hu	0.3531244919479087	0.5505785048976403	0.5177083054736128	0.43744991611106004	0.420494770611983	0.322886124434426	0.486647285435403	0.38212470433202506	0.37106167230189707	0.2287864978299265	0.429288353620554	0.6677789923126637	1.0	0.3900761728985218	0.3075560739637741	0.3686095266575149	0.43934665182282623	0.28144417252908727	0.395283395868246	0.33804561429101765	0.5054454481604983	0.38540095470914254	0.3658738720706024	0.3251922538246247	0.42156198440854536	0.32242971022821687	0.376619500240738	1.0	0.39912505392499414	0.3864368349730257	0.29223806724014223	1.0	0.32105563138551685	0.4300106328581041	0.4498854388004922
id	0.46449557669581026	0.4245119361344808	0.748584213262248	0.4984885160777269	0.3626012520828569	0.31333340281045596	0.4054977518247758	0.336467641227516	0.367600040955283	0.29843415712204135	0.4062643647965325	0.8450168949240949	0.3900761728985218	1.0	0.25945163643653546	0.44909497561346645	0.3561595446256671	0.25884888569059417	0.40599237040395636	0.514728915016857	0.6028782437705896	0.35329243740706845	0.3534051039268655	0.3617116911333766	0.40954779679012393	0.3472165794153083	0.3350113128113521	1.0	0.32037492602429324	0.33022826135386824	0.2910227263646838	1.0	0.3270540462192868	0.548746661720957	0.35946484978733473
it	0.35977757560042506	0.306084887990025	0.7769212008304032	0.49868325346661846	0.2295132097857713	0.2815402171791719	0.327846848878108	0.28117839107017184	0.30148196446041203	0.26437362389763247	0.2969434526894482	0.6472071040847405	0.3075560739637741	0.25945163643653546	1.0	0.2939215932020687	0.32729945566854335	0.21394320474576534	0.3222700812312792	0.5213930934127093	0.6419875037030204	0.3163006167209321	0.26796223110868317	0.2799979628029374	0.2819504520935761	0.2833095681387564	0.28186589192681494	1.0	0.28611287391616397	0.33556372730050105	0.2552841359602724	1.0	0.30997115637128897	0.39508784979136335	0.3837935719766729
ja	0.6333331516964931	0.5281081611006059	0.7584325078215763	0.5257625003303347	0.32134732132501515	0.26068948146739684	0.412678309906852	0.30668924375016365	0.3137684927936027	0.2694277310771947	0.3393823117309557	0.6743202287441529	0.3686095266575149	0.44909497561346645	0.2939215932020687	1.0	0.390887130675276	0.263829129883761	0.43669596725358706	0.5733736887630604	0.6754443048925481	0.32249298009501864	0.28773360779720414	0.3048125786022204	0.4800621344841869	0.27010319386854303	0.3883285422531918	1.0	0.3751102827232039	0.39152537166869805	0.25345615597680904	1.0	0.3112077911572162	0.6126072093301729	0.3500858538283221
ko	0.36020400386326645	0.4218742785858156	0.3381669959147426	0.513201522813637	0.41705132740994344	0.3166904268590011	0.4053253255452071	0.3676248725309432	0.3835262828297829	0.24748931987054576	0.40138989441087414	0.4330177389480432	0.43934665182282623	0.3561595446256671	0.32729945566854335	0.390887130675276	1.0	0.2855447844252247	0.32767616538072736	0.41592621477740344	0.30243325646960595	0.43556932065273707	0.33455963146173073	0.3338474036973864	0.3989288786951992	0.35913040495190335	0.38684353762911716	1.0	0.35676532783213294	0.36429987015223075	0.2702065233504593	1.0	0.3556510943250377	0.3701711803520884	0.40486971179022946
lv	0.5080807080145416	0.5055647667541245	0.6704675947063355	0.5260121217637328	0.33015004118284536	0.2787965433300777	0.2930153432317773	0.3247850186484356	0.22795233968592332	0.29001158835829327	0.2720167344080653	0.7690990303325336	0.28144417252908727	0.25884888569059417	0.21394320474576534	0.263829129883761	0.2855447844252247	1.0	0.4287076101635483	0.6372333656641433	0.6374267440989254	0.24936749562404972	0.2625257207994814	0.24056354465909952	0.2397782837956269	0.2693252298673775	0.2558800513682265	1.0	0.3132531747162233	0.24892080780247702	0.2177735168369444	1.0	0.27880461031010695	0.6009526152245983	0.29159268037202246
mk	0.48410953333604595	0.4192956941910097	0.39988759147834757	0.4259780226315288	0.43300728800700344	0.32893075510589553	0.3856993873024427	0.37568648116501013	0.45236586936066053	0.3357128288039427	0.42460272510892766	0.6665194274716577	0.395283395868246	0.40599237040395636	0.3222700812312792	0.43669596725358706	0.32767616538072736	0.4287076101635483	1.0	0.5722177106426337	0.36584022943009403	0.39502306970192336	0.3563278107190481	0.3559178137265665	0.3840588949466628	0.33463161960206067	0.3251396365131553	1.0	0.2608497050617213	0.3692609416286144	0.2864101520049051	1.0	0.3233976359600667	0.49069413020593966	0.38669861025527513
ml	0.6605081676161634	0.467034862695793	0.612132145856436	0.5221467565239074	0.4888928865069874	0.3725020502687318	0.5371990287829593	0.5175278598036875	0.38164260949933326	0.3378466838534	0.588965837284438	0.5637255070572955	0.33804561429101765	0.514728915016857	0.5213930934127093	0.5733736887630604	0.41592621477740344	0.6372333656641433	0.5722177106426337	1.0	0.5987731009484233	0.5663371733691283	0.5149451521787287	0.3548666569043691	0.349169018065911	0.44269231175602786	0.3266590594467787	1.0	0.3577374502625547	0.3379359006197467	0.5663371733691283	1.0	0.5482966616401392	0.6605081676161634	0.5514871666324984
mr	0.4203035766702535	0.7135728497294013	0.7584325078215763	0.596637292820597	0.5922437587359987	0.38153309804266433	0.6844026782519438	0.7946530792802875	0.4239676446852832	0.6027389865763116	0.5969657749973324	0.8216064286890065	0.5054454481604983	0.6028782437705896	0.6419875037030204	0.6754443048925481	0.30243325646960595	0.6374267440989254	0.36584022943009403	0.5987731009484233	1.0	0.7848686389184412	0.7531936487026246	0.36001516392571686	0.33018400203856835	0.5517533968201263	0.36945041187300665	1.0	0.6397670295525921	0.5799571635377304	0.4180461071518494	1.0	0.5575547350072251	0.8137822343553781	0.5281225192532758
nl	0.6012327984509924	0.3618369419826829	1.0	0.3739343411778514	0.31966629094673066	0.29517872882394497	0.3239940723286565	0.32210584798018155	0.3206541346168227	0.2743575010236281	0.3314908954298445	0.7690990303325336	0.38540095470914254	0.35329243740706845	0.3163006167209321	0.32249298009501864	0.43556932065273707	0.24936749562404972	0.39502306970192336	0.5663371733691283	0.7848686389184412	1.0	0.27272926288040766	0.3314443183478866	0.4171709427924385	0.3019919288291597	0.35325051703828786	1.0	0.41062027008288604	0.390574643806192	0.23862452827995842	1.0	0.3216897927472145	0.3862997188730308	0.4229677441879107
pl	0.6341045297392116	0.4121778203614212	0.7888629762627987	0.3960019998773065	0.2511361581026134	0.2451767482788766	0.3722356438107405	0.2528105891498781	0.2802361935419908	0.20496490611365384	0.34247865139532024	1.0	0.3658738720706024	0.3534051039268655	0.26796223110868317	0.28773360779720414	0.33455963146173073	0.2625257207994814	0.3563278107190481	0.5149451521787287	0.7531936487026246	0.27272926288040766	1.0	0.292756962878403	0.3711865611222738	0.2921438917178188	0.3445102496185199	1.0	0.33402476423684685	0.3143599835799235	0.2664597769201207	1.0	0.2562822959938235	0.6590499926876555	0.3450220218443774
pt	0.3385360721294765	0.3465284720083908	0.4090495567322223	0.3341510846086661	0.3630527928239427	0.26510066485586126	0.337322527778379	0.2622785853779285	0.31922918783149457	0.22676731251826343	0.34340990639039476	0.740599400684637	0.3251922538246247	0.3617116911333766	0.2799979628029374	0.3048125786022204	0.3338474036973864	0.24056354465909952	0.3559178137265665	0.3548666569043691	0.36001516392571686	0.3314443183478866	0.292756962878403	1.0	0.33759661896751186	0.292957479665555	0.3445243377857769	1.0	0.27792795330792236	0.30201908999071714	0.24278312267204966	1.0	0.2875448230869668	0.42068713101532196	0.31486495009641385
ro	0.3030331443936201	0.4375557955153753	0.36339562926575	0.3971854777690307	0.4305040237199932	0.32290147936554203	0.44843292182655653	0.4122304103238883	0.43139307713188346	0.3252583830673538	0.4377167795752926	0.3969831344592704	0.42156198440854536	0.40954779679012393	0.2819504520935761	0.4800621344841869	0.3989288786951992	0.2397782837956269	0.3840588949466628	0.349169018065911	0.33018400203856835	0.4171709427924385	0.3711865611222738	0.33759661896751186	1.0	0.32631746180108395	0.3865521786183817	1.0	0.3880891473390667	0.40312114257016013	0.3104554664194039	1.0	0.3118772168007682	0.36438371757440907	0.47969269096918304
ru	0.42391981138628543	0.39386024733693875	0.6415215838021578	0.48709807819473416	0.28241467383126034	0.23229327999666155	0.2968570709013222	0.24472011677381938	0.24760509825605007	0.22830771769079086	0.3116138271715332	0.7749673534602396	0.32242971022821687	0.3472165794153083	0.2833095681387564	0.27010319386854303	0.35913040495190335	0.2693252298673775	0.33463161960206067	0.44269231175602786	0.5517533968201263	0.3019919288291597	0.2921438917178188	0.292957479665555	0.32631746180108395	1.0	0.33818596310083865	1.0	0.29802682274736364	0.29554396504016633	0.22878262203557378	1.0	0.26860787264451624	0.5350700146280326	0.32577233907433134
sh	0.31833227536066433	0.4928324385183495	0.3735648199382115	0.4046567611237078	0.4339139455043812	0.28310709304589743	0.3893100695231905	0.2942703949508606	0.28852471537550567	0.31497061179292585	0.3279344033780713	0.594589508604719	0.376619500240738	0.3350113128113521	0.28186589192681494	0.3883285422531918	0.38684353762911716	0.2558800513682265	0.3251396365131553	0.3266590594467787	0.36945041187300665	0.35325051703828786	0.3445102496185199	0.3445243377857769	0.3865521786183817	0.33818596310083865	1.0	1.0	0.4100635213370821	0.3520178226197153	0.33775054924621545	1.0	0.34604514108180606	0.4696066753528126	0.34968770337932364
si	1.0	1.0	1.0	1.0	1.0	1.0	1.0	1.0	1.0	1.0	1.0	1.0	1.0	1.0	1.0	1.0	1.0	1.0	1.0	1.0	1.0	1.0	1.0	1.0	1.0	1.0	1.0	1.0	1.0	1.0	1.0	1.0	1.0	1.0	1.0
simple	0.5365106831264642	0.4991353240944658	0.388878943088341	0.5496110772166027	0.36379008703065707	0.2851556063956122	0.477101940732176	0.44606590764866855	0.3548624011826363	0.39630298559559435	0.3373948239302968	0.7863954451402115	0.39912505392499414	0.32037492602429324	0.28611287391616397	0.3751102827232039	0.35676532783213294	0.3132531747162233	0.2608497050617213	0.3577374502625547	0.6397670295525921	0.41062027008288604	0.33402476423684685	0.27792795330792236	0.3880891473390667	0.29802682274736364	0.4100635213370821	1.0	1.0	0.3804789935554179	0.2962128704872949	1.0	0.3145787656969022	0.5847402919088472	0.41070347674817825
sr	0.4504570363954077	0.39620807392248203	0.41481657593914345	0.2886426879752867	0.3879691154476501	0.33067377012953203	0.43642579524804637	0.37254233121054126	0.3886444472987872	0.3588502191031939	0.3382277597547125	0.672319180205558	0.3864368349730257	0.33022826135386824	0.33556372730050105	0.39152537166869805	0.36429987015223075	0.24892080780247702	0.3692609416286144	0.3379359006197467	0.5799571635377304	0.390574643806192	0.3143599835799235	0.30201908999071714	0.40312114257016013	0.29554396504016633	0.3520178226197153	1.0	0.3804789935554179	1.0	0.3205223157258652	1.0	0.33985338390870823	0.5177769100573314	0.40717584437195486
sv	0.3701332044145935	0.3701372948475096	1.0	0.5882881730725358	0.25597020808670806	0.1812442163489491	0.2912507696185682	0.23878382520514937	0.2960502358010705	0.22317367026907042	0.22585972868928106	0.7690990303325336	0.29223806724014223	0.2910227263646838	0.2552841359602724	0.25345615597680904	0.2702065233504593	0.2177735168369444	0.2864101520049051	0.5663371733691283	0.4180461071518494	0.23862452827995842	0.2664597769201207	0.24278312267204966	0.3104554664194039	0.22878262203557378	0.33775054924621545	1.0	0.2962128704872949	0.3205223157258652	1.0	1.0	0.22798386083483133	0.38205559662319344	0.2399766354769821
te	1.0	1.0	1.0	1.0	1.0	1.0	1.0	1.0	1.0	1.0	1.0	1.0	1.0	1.0	1.0	1.0	1.0	1.0	1.0	1.0	1.0	1.0	1.0	1.0	1.0	1.0	1.0	1.0	1.0	1.0	1.0	1.0	1.0	1.0	1.0
vi	0.4477382448352553	0.3988640842096141	0.6172147396682474	0.5020004416221593	0.35064598326998053	0.2739669967307737	0.3168278248042114	0.29028712293841546	0.27253774612306825	0.2751113424410722	0.32960507108031195	0.6743202287441529	0.32105563138551685	0.3270540462192868	0.30997115637128897	0.3112077911572162	0.3556510943250377	0.27880461031010695	0.3233976359600667	0.5482966616401392	0.5575547350072251	0.3216897927472145	0.2562822959938235	0.2875448230869668	0.3118772168007682	0.26860787264451624	0.34604514108180606	1.0	0.3145787656969022	0.33985338390870823	0.22798386083483133	1.0	1.0	0.5625281133006469	0.3329528807383229
war	0.39538311603482656	0.696118462962484	1.0	0.6592985471189695	0.6358163799112221	0.3711198660035464	0.503501124183352	0.6408960407335635	0.37729510108155206	0.39213463747390365	0.5981095091620048	0.7863954451402115	0.4300106328581041	0.548746661720957	0.39508784979136335	0.6126072093301729	0.3701711803520884	0.6009526152245983	0.49069413020593966	0.6605081676161634	0.8137822343553781	0.3862997188730308	0.6590499926876555	0.42068713101532196	0.36438371757440907	0.5350700146280326	0.4696066753528126	1.0	0.5847402919088472	0.5177769100573314	0.38205559662319344	1.0	0.5625281133006469	1.0	0.3835116754140222
zh	0.4274011245906073	0.40143511672235166	0.6013503204265974	0.5077725356462193	0.3486801379782839	0.3517508418907083	0.47844004767522424	0.38391253883940885	0.3938007030259858	0.3472875059166384	0.35010101724843595	0.45428656772856385	0.4498854388004922	0.35946484978733473	0.3837935719766729	0.3500858538283221	0.40486971179022946	0.29159268037202246	0.38669861025527513	0.5514871666324984	0.5281225192532758	0.4229677441879107	0.3450220218443774	0.31486495009641385	0.47969269096918304	0.32577233907433134	0.34968770337932364	1.0	0.41070347674817825	0.40717584437195486	0.2399766354769821	1.0	0.3329528807383229	0.3835116754140222	1.0
