arz	bs	ceb	ckb	da	de	el	en	es	fr	he	hi	hu	id	it	ja	ko	lv	mk	ml	mr	nl	pl	pt	ro	ru	sh	si	simple	sr	sv	te	vi	war	zh
arz	1.0	0.15223747716150635	1.0	0.3430703308172536	0.25447023804938346	0.31451985913875646	0.1864583091715516	0.3475158878581577	0.22966848451216434	0.26639776308502044	0.25	0.585786437626905	0.17827936643538458	0.17390530911118832	0.16906947176229864	0.25237830515907816	0.18146494841946145	0.28044191995046724	0.17509360044741482	0.20100820154529447	0.5	0.3405424265831667	0.24494165346366417	0.18052975772771987	0.20928116510020717	0.2623064150086155	0.15785899062081735	1.0	0.2553967929896867	0.2336151900248213	0.30383243470068705	1.0	0.23800671553691075	0.5	0.20565141053689245
bs	0.15223747716150635	1.0	0.27429188517743175	0.14069304352299372	0.12424134557885474	0.11633217679624396	0.258949336981925	0.11875476867430187	0.13025516700056747	0.11961530723480256	0.14142950643805172	0.3087618505583288	0.36192301087386025	0.1911963628790712	0.17438158942176832	0.12095935426756585	0.2622338641374659	0.12252767812481166	0.18232105968976106	0.2547807936849596	0.19507752594983657	0.1184415143786917	0.12483653417732138	0.17926877449892742	0.34298833768745685	0.12219874670220661	0.3720476807149969	1.0	0.147262663939199	0.14087332142122067	0.11782952187227855	1.0	0.13261930410436706	0.15737805306275918	0.2449273725237218
ceb	1.0	0.27429188517743175	1.0	0.4364916731037085	0.44948974278317805	0.585786437626905	0.3430703308172536	1.0	0.36602540378443865	0.4364916731037085	0.4364916731037085	0.585786437626905	0.27792629762666365	0.2958163163244893	0.2474401533514073	0.585786437626905	0.4142135623730951	0.4364916731037085	0.27792629762666365	0.2225758785102318	0.585786437626905	1.0	0.3797958971132712	0.2791745113185196	0.3430703308172536	0.3483314773547883	0.27429188517743175	1.0	0.585786437626905	0.36602540378443865	1.0	1.0	0.39564392373896007	1.0	0.36602540378443865
ckb	0.3430703308172536	0.14069304352299372	0.4364916731037085	1.0	0.2031250433972617	0.2553967929896867	0.1595997051430594	0.25293290127782064	0.18711591014395546	0.22646721143623746	0.18632479001059626	0.585786437626905	0.14055109368095806	0.21062581878362444	0.1598557064533054	0.2513982786543496	0.15558450994810996	0.22857220805613246	0.21153347807067208	0.1849641648789721	0.40453726661826384	0.2571472009466021	0.22901628833426058	0.15241173856144113	0.14495121051897703	0.21814847090031744	0.14234574520264862	1.0	0.2612038749637415	0.19034988777730227	0.2553967929896867	1.0	0.20281533632817905	0.30216947925196225	0.14850106937383903
da	0.25447023804938346	0.12424134557885474	0.44948974278317805	0.2031250433972617	1.0	0.07777794877048355	0.0968156641567436	0.07900723576163872	0.09861764235482211	0.08001051807489189	0.10606334242838367	0.44948974278317805	0.08489757098258992	0.09752347466833912	0.0877591965368572	0.08844302434718104	0.08227711957804422	0.13603543730975928	0.12994816976027956	0.17543717787398735	0.38742588672279304	0.1063151353348905	0.09499740148397506	0.08524992051939732	0.08839542716575588	0.08137625746771791	0.10537560264754747	1.0	0.13591488656506676	0.12444392537448759	0.07844154467975678	1.0	0.11997306599365275	0.34833147735478825	0.0832350450206022
de	0.31451985913875646	0.11633217679624396	0.585786437626905	0.2553967929896867	0.07777794877048355	1.0	0.08518568481439152	0.04261469640461358	0.06608274735824818	0.04475587560619746	0.074721602680213	0.585786437626905	0.07688419033296319	0.09123989162342507	0.049576534031327675	0.055211205380074124	0.07413692575069308	0.156234931905558	0.11922862372104424	0.166098742025569	0.44948974278317805	0.10817963340647165	0.07743415905298844	0.07392665221605021	0.08460335503430697	0.0803132571917556	0.0994250717917514	1.0	0.13725226152687056	0.12332925820274954	0.10821534897735392	1.0	0.11701610260439473	0.585786437626905	0.06263821625257557
el	0.1864583091715516	0.258949336981925	0.3430703308172536	0.1595997051430594	0.0968156641567436	0.08518568481439152	1.0	0.09651714280159546	0.09292343083650594	0.09383015081035886	0.1218145907062297	0.5	0.3263414327135211	0.18814097642421937	0.2100045707676674	0.09618996218409134	0.2947691830219423	0.10821477230303628	0.18279045055152068	0.18342883525106737	0.23986265944542468	0.08578952785753113	0.09209997744739083	0.1666813009818412	0.30635186004998644	0.0873115398904998	0.3349593026818512	1.0	0.13100517753147467	0.14110689465905035	0.08553757066171078	1.0	0.10388098771707192	0.16189424969836874	0.3034435446591406
en	0.3475158878581577	0.11875476867430187	1.0	0.25293290127782064	0.07900723576163872	0.04261469640461358	0.09651714280159546	1.0	0.07852326436135408	0.1154257015684061	0.08165860771348145	0.585786437626905	0.08284624257693281	0.0935231904868432	0.11793087583335299	0.0679784644176272	0.0863176822961103	0.1285529787908037	0.12188568158437775	0.166098742025569	0.585786437626905	0.05295593239974228	0.07735680757901152	0.08711265571682887	0.08819175481533476	0.04582206905059438	0.10234442693027547	1.0	0.1389846751242492	0.1261130409701364	0.0528961433160317	1.0	0.09630391100108622	0.44948974278317805	0.12465202828187051
es	0.22966848451216434	0.13025516700056747	0.36602540378443865	0.18711591014395546	0.09861764235482211	0.06608274735824818	0.09292343083650594	0.07852326436135408	1.0	0.07663319106904058	0.0858274590701326	0.585786437626905	0.08207731275838089	0.09877594876326576	0.08418897610497676	0.08382878030269762	0.07941595265526427	0.14496535080740036	0.1260588997777313	0.20079915307265825	0.3090169943749474	0.09397064107227082	0.08159871713139913	0.07991119007390113	0.09079296764401237	0.06036416890507211	0.11069834919272671	1.0	0.13215986076243702	0.13231055915979198	0.08656356797313645	1.0	0.10678043290860639	0.27429188517743175	0.07465164723811507
fr	0.26639776308502044	0.11961530723480256	0.4364916731037085	0.22646721143623746	0.08001051807489189	0.04475587560619746	0.09383015081035886	0.1154257015684061	0.07663319106904058	1.0	0.1019174451340897	0.44948974278317805	0.09105521000426128	0.09860931605568628	0.08588805711582138	0.07511222227765292	0.08809165128195855	0.1273787801646799	0.125772976920343	0.17374813211142898	0.3797958971132712	0.05641676190212172	0.07519669716485884	0.08990328554405641	0.09185360326260089	0.049625083724334294	0.10650497100335575	1.0	0.13007130207024886	0.12851230487501333	0.05693541761394303	1.0	0.08560861630100458	0.39564392373896007	0.104129363533639
he	0.25	0.14142950643805172	0.4364916731037085	0.18632479001059626	0.10606334242838367	0.074721602680213	0.1218145907062297	0.08165860771348145	0.0858274590701326	0.1019174451340897	1.0	0.37905490691606286	0.12178577185683667	0.1204625364035143	0.10046688695705247	0.08559439907214784	0.108251625638007	0.14476631772847787	0.13784010893177034	0.20172598511856155	0.32037724101704074	0.07671058315571307	0.08540571077979668	0.11861377814661939	0.11497700677909595	0.08013548761086298	0.12006920977387438	1.0	0.1280155935150554	0.11781160816736312	0.07672920908669953	1.0	0.10005519181300111	0.3090169943749474	0.1077300455231135
hi	0.585786437626905	0.3087618505583288	0.585786437626905	0.585786437626905	0.44948974278317805	0.585786437626905	0.5	0.585786437626905	0.585786437626905	0.44948974278317805	0.37905490691606286	1.0	0.38742588672279304	0.3726822671238253	0.3597752501562547	0.5	0.3726822671238253	0.585786437626905	0.4142135623730951	0.3380788308512194	0.585786437626905	0.585786437626905	1.0	0.4142135623730951	0.5	0.585786437626905	0.27429188517743175	1.0	0.585786437626905	0.5	0.585786437626905	1.0	0.5	0.585786437626905	0.5
hu	0.17827936643538458	0.36192301087386025	0.27792629762666365	0.14055109368095806	0.08489757098258992	0.07688419033296319	0.3263414327135211	0.08284624257693281	0.08207731275838089	0.09105521000426128	0.12178577185683667	0.38742588672279304	1.0	0.23028896976048954	0.1394312969555556	0.09759820072691945	0.3127412019108002	0.1114104260898875	0.18769155728410877	0.23461032540044083	0.24002294646713998	0.08482939640299428	0.0939172371478584	0.1986754149111078	0.3222834684647172	0.08125486357080096	0.37183555431377235	1.0	0.1304214676624129	0.12243770819608636	0.08108540008237239	1.0	0.09314469335732113	0.1809073112342927	0.33627858689604073
id	0.17390530911118832	0.1911963628790712	0.2958163163244893	0.21062581878362444	0.09752347466833912	0.09123989162342507	0.18814097642421937	0.0935231904868432	0.09877594876326576	0.09860931605568628	0.1204625364035143	0.3726822671238253	0.23028896976048954	1.0	0.14286428961875466	0.10103516552803331	0.2147678339656093	0.12110776389646268	0.18544817970284594	0.19782356473377052	0.24257131419419417	0.09166417603319771	0.0999217253886262	0.19202223840213511	0.22516112901672217	0.09936382254149043	0.1551147835056697	1.0	0.11021287344546211	0.11593400920185855	0.09221852635158291	1.0	0.10238830791624594	0.22772999919644132	0.21016287509676687
it	0.16906947176229864	0.17438158942176832	0.2474401533514073	0.1598557064533054	0.0877591965368572	0.049576534031327675	0.2100045707676674	0.11793087583335299	0.08418897610497676	0.08588805711582138	0.10046688695705247	0.3597752501562547	0.1394312969555556	0.14286428961875466	1.0	0.0714200344953908	0.27485543598340806	0.1154815883399102	0.17470038928532722	0.22396579106830314	0.21331887166009167	0.05696958253362885	0.09873484896065947	0.1693083673753258	0.15713128355513487	0.05703106204283491	0.16944935364262018	1.0	0.12918815927243368	0.1303978765220299	0.05994963074598594	1.0	0.08613861817775144	0.1744328890878361	0.3015184825811256
ja	0.25237830515907816	0.12095935426756585	0.585786437626905	0.2513982786543496	0.08844302434718104	0.055211205380074124	0.09618996218409134	0.0679784644176272	0.08382878030269762	0.07511222227765292	0.08559439907214784	0.5	0.09759820072691945	0.10103516552803331	0.0714200344953908	1.0	0.08505478848509891	0.15989720881899186	0.12854278091466395	0.1717681318694412	0.32037724101704074	0.068573717794077	0.08436562097914037	0.08500546055261379	0.09705991015759213	0.06864946125117517	0.10392971700174429	1.0	0.12307973365397537	0.11760795187607509	0.07748255792730306	1.0	0.11604042026895878	0.3266316347104093	0.07209499185327754
ko	0.18146494841946145	0.2622338641374659	0.4142135623730951	0.15558450994810996	0.08227711957804422	0.07413692575069308	0.2947691830219423	0.0863176822961103	0.07941595265526427	0.08809165128195855	0.108251625638007	0.3726822671238253	0.3127412019108002	0.2147678339656093	0.27485543598340806	0.08505478848509891	1.0	0.10493348462729361	0.16284337923720318	0.30258280917301617	0.3660254037844386	0.07556876487727072	0.09873604928638956	0.20650522074816963	0.31320997641321374	0.07944954317961125	0.38667453729878504	1.0	0.11455021142516157	0.12709514005877762	0.07458711532756432	1.0	0.08806225155093245	0.1763964909601683	0.3105448453179262
lv	0.28044191995046724	0.12252767812481166	0.4364916731037085	0.22857220805613246	0.13603543730975928	0.156234931905558	0.10821477230303628	0.1285529787908037	0.14496535080740036	0.1273787801646799	0.14476631772847787	0.585786437626905	0.1114104260898875	0.12110776389646268	0.1154815883399102	0.15989720881899186	0.10493348462729361	1.0	0.14443037185891874	0.17167387767054262	0.3797958971132712	0.18045012211828435	0.14320749193993884	0.12295694561555917	0.10736850009548063	0.1470333335371469	0.10960606573759843	1.0	0.16111092707894026	0.12493362046077966	0.1662057509419643	1.0	0.16337321087477105	0.3333333333333333	0.10528601338617198
mk	0.17509360044741482	0.18232105968976106	0.27792629762666365	0.21153347807067208	0.12994816976027956	0.11922862372104424	0.18279045055152068	0.12188568158437775	0.1260588997777313	0.125772976920343	0.13784010893177034	0.4142135623730951	0.18769155728410877	0.18544817970284594	0.17470038928532722	0.12854278091466395	0.16284337923720318	0.14443037185891874	1.0	0.30256638339348685	0.2553967929896867	0.12043075065168336	0.12994210495738517	0.15814135051553257	0.18140135199707533	0.12893522492932066	0.17545683414075355	1.0	0.1365420890432902	0.13063373180128965	0.12006837252928618	1.0	0.14313674063980766	0.21239994067041815	0.1809345688973858
ml	0.20100820154529447	0.2547807936849596	0.2225758785102318	0.1849641648789721	0.17543717787398735	0.166098742025569	0.18342883525106737	0.166098742025569	0.20079915307265825	0.17374813211142898	0.20172598511856155	0.3380788308512194	0.23461032540044083	0.19782356473377052	0.22396579106830314	0.1717681318694412	0.30258280917301617	0.17167387767054262	0.30256638339348685	1.0	0.2269351155043769	0.16502618927924417	0.1757904093416183	0.21150477734028575	0.21874136676883796	0.17802869930623053	0.3180850337448532	1.0	0.20502261691353083	0.18253673014286376	0.16502618927924417	1.0	0.17494969417589157	0.20100820154529447	0.18422728153352685
mr	0.5	0.19507752594983657	0.585786437626905	0.40453726661826384	0.38742588672279304	0.44948974278317805	0.23986265944542468	0.585786437626905	0.3090169943749474	0.3797958971132712	0.32037724101704074	0.585786437626905	0.24002294646713998	0.24257131419419417	0.21331887166009167	0.32037724101704074	0.3660254037844386	0.3797958971132712	0.2553967929896867	0.2269351155043769	1.0	0.44948974278317805	0.29429805508554946	0.27645058775495046	0.2958163163244893	0.28989794855663564	0.20703218691799602	1.0	0.44948974278317805	0.2958163163244893	0.4142135623730951	1.0	0.353889367864523	0.5	0.20948790589903568
nl	0.3405424265831667	0.1184415143786917	1.0	0.2571472009466021	0.1063151353348905	0.10817963340647165	0.08578952785753113	0.05295593239974228	0.09397064107227082	0.05641676190212172	0.07671058315571307	0.585786437626905	0.08482939640299428	0.09166417603319771	0.05696958253362885	0.068573717794077	0.07556876487727072	0.18045012211828435	0.12043075065168336	0.16502618927924417	0.44948974278317805	1.0	0.08422328303040406	0.07683362745102133	0.0898712902740405	0.12181354544051147	0.10125108226438088	1.0	0.13795405481375161	0.1194496955639214	0.11166418073601413	1.0	0.12554318088288466	0.44948974278317805	0.06347996756614026
pl	0.24494165346366417	0.12483653417732138	0.3797958971132712	0.22901628833426058	0.09499740148397506	0.07743415905298844	0.09209997744739083	0.07735680757901152	0.08159871713139913	0.07519669716485884	0.08540571077979668	1.0	0.0939172371478584	0.0999217253886262	0.09873484896065947	0.08436562097914037	0.09873604928638956	0.14320749193993884	0.12994210495738517	0.1757904093416183	0.29429805508554946	0.08422328303040406	1.0	0.08136660875359474	0.09194815138614683	0.08141202066899325	0.1068310151033404	1.0	0.12992225963875112	0.11912791807425253	0.07838617469772084	1.0	0.10032749870864385	0.31451985913875646	0.09942638175817721
pt	0.18052975772771987	0.17926877449892742	0.2791745113185196	0.15241173856144113	0.08524992051939732	0.07392665221605021	0.1666813009818412	0.08711265571682887	0.07991119007390113	0.08990328554405641	0.11861377814661939	0.4142135623730951	0.1986754149111078	0.19202223840213511	0.1693083673753258	0.08500546055261379	0.20650522074816963	0.12295694561555917	0.15814135051553257	0.21150477734028575	0.27645058775495046	0.07683362745102133	0.08136660875359474	1.0	0.2109218178134944	0.07864619021069925	0.15382271847131948	1.0	0.1107563942323987	0.11404334193900088	0.07406199491834399	1.0	0.09043831655730354	0.17379378377786506	0.2029632148541939
ro	0.20928116510020717	0.34298833768745685	0.3430703308172536	0.14495121051897703	0.08839542716575588	0.08460335503430697	0.30635186004998644	0.08819175481533476	0.09079296764401237	0.09185360326260089	0.11497700677909595	0.5	0.3222834684647172	0.22516112901672217	0.15713128355513487	0.09705991015759213	0.31320997641321374	0.10736850009548063	0.18140135199707533	0.21874136676883796	0.2958163163244893	0.0898712902740405	0.09194815138614683	0.2109218178134944	1.0	0.08887811646096072	0.35131020081087827	1.0	0.11318131784226103	0.12591492496065337	0.08411724510330182	1.0	0.0943174115341435	0.17411239489546831	0.329283524367611
ru	0.2623064150086155	0.12219874670220661	0.3483314773547883	0.21814847090031744	0.08137625746771791	0.0803132571917556	0.0873115398904998	0.04582206905059438	0.06036416890507211	0.049625083724334294	0.08013548761086298	0.585786437626905	0.08125486357080096	0.09936382254149043	0.05703106204283491	0.06864946125117517	0.07944954317961125	0.1470333335371469	0.12893522492932066	0.17802869930623053	0.28989794855663564	0.12181354544051147	0.08141202066899325	0.07864619021069925	0.08887811646096072	1.0	0.10380564548267095	1.0	0.12684671200292694	0.11583300660822	0.10142652997861645	1.0	0.11600309217654257	0.29429805508554946	0.06740060928981673
sh	0.15785899062081735	0.3720476807149969	0.27429188517743175	0.14234574520264862	0.10537560264754747	0.0994250717917514	0.3349593026818512	0.10234442693027547	0.11069834919272671	0.10650497100335575	0.12006920977387438	0.27429188517743175	0.37183555431377235	0.1551147835056697	0.16944935364262018	0.10392971700174429	0.38667453729878504	0.10960606573759843	0.17545683414075355	0.3180850337448532	0.20703218691799602	0.10125108226438088	0.1068310151033404	0.15382271847131948	0.35131020081087827	0.10380564548267095	1.0	1.0	0.13516755357747545	0.13171606402937813	0.1005080134890432	1.0	0.11566897420319162	0.14053719616945776	0.3459462386882744
si	1.0	1.0	1.0	1.0	1.0	1.0	1.0	1.0	1.0	1.0	1.0	1.0	1.0	1.0	1.0	1.0	1.0	1.0	1.0	1.0	1.0	1.0	1.0	1.0	1.0	1.0	1.0	1.0	1.0	1.0	1.0	1.0	1.0	1.0	1.0
simple	0.2553967929896867	0.147262663939199	0.585786437626905	0.2612038749637415	0.13591488656506676	0.13725226152687056	0.13100517753147467	0.1389846751242492	0.13215986076243702	0.13007130207024886	0.1280155935150554	0.585786437626905	0.1304214676624129	0.11021287344546211	0.12918815927243368	0.12307973365397537	0.11455021142516157	0.16111092707894026	0.1365420890432902	0.20502261691353083	0.44948974278317805	0.13795405481375161	0.12992225963875112	0.1107563942323987	0.11318131784226103	0.12684671200292694	0.13516755357747545	1.0	1.0	0.12739019664516232	0.13560302237277422	1.0	0.1384159044824146	0.3164309725825328	0.11740999175166568
sr	0.2336151900248213	0.14087332142122067	0.36602540378443865	0.19034988777730227	0.12444392537448759	0.12332925820274954	0.14110689465905035	0.1261130409701364	0.13231055915979198	0.12851230487501333	0.11781160816736312	0.5	0.12243770819608636	0.11593400920185855	0.1303978765220299	0.11760795187607509	0.12709514005877762	0.12493362046077966	0.13063373180128965	0.18253673014286376	0.2958163163244893	0.1194496955639214	0.11912791807425253	0.11404334193900088	0.12591492496065337	0.11583300660822	0.13171606402937813	1.0	0.12739019664516232	1.0	0.12284500017771134	1.0	0.11567270934687847	0.27429188517743175	0.1276830714439548
sv	0.30383243470068705	0.11782952187227855	1.0	0.2553967929896867	0.07844154467975678	0.10821534897735392	0.08553757066171078	0.0528961433160317	0.08656356797313645	0.05693541761394303	0.07672920908669953	0.585786437626905	0.08108540008237239	0.09221852635158291	0.05994963074598594	0.07748255792730306	0.07458711532756432	0.1662057509419643	0.12006837252928618	0.16502618927924417	0.4142135623730951	0.11166418073601413	0.07838617469772084	0.07406199491834399	0.08411724510330182	0.10142652997861645	0.1005080134890432	1.0	0.13560302237277422	0.12284500017771134	1.0	1.0	0.11803350620948265	0.5	0.06818821585036332
te	1.0	1.0	1.0	1.0	1.0	1.0	1.0	1.0	1.0	1.0	1.0	1.0	1.0	1.0	1.0	1.0	1.0	1.0	1.0	1.0	1.0	1.0	1.0	1.0	1.0	1.0	1.0	1.0	1.0	1.0	1.0	1.0	1.0	1.0	1.0
vi	0.23800671553691075	0.13261930410436706	0.39564392373896007	0.20281533632817905	0.11997306599365275	0.11701610260439473	0.10388098771707192	0.09630391100108622	0.10678043290860639	0.08560861630100458	0.10005519181300111	0.5	0.09314469335732113	0.10238830791624594	0.08613861817775144	0.11604042026895878	0.08806225155093245	0.16337321087477105	0.14313674063980766	0.17494969417589157	0.353889367864523	0.12554318088288466	0.10032749870864385	0.09043831655730354	0.0943174115341435	0.11600309217654257	0.11566897420319162	1.0	0.1384159044824146	0.11567270934687847	0.11803350620948265	1.0	1.0	0.27792629762666365	0.09242370666424965
war	0.5	0.15737805306275918	1.0	0.30216947925196225	0.34833147735478825	0.585786437626905	0.16189424969836874	0.44948974278317805	0.27429188517743175	0.39564392373896007	0.3090169943749474	0.585786437626905	0.1809073112342927	0.22772999919644132	0.1744328890878361	0.3266316347104093	0.1763964909601683	0.3333333333333333	0.21239994067041815	0.20100820154529447	0.5	0.44948974278317805	0.31451985913875646	0.17379378377786506	0.17411239489546831	0.29429805508554946	0.14053719616945776	1.0	0.3164309725825328	0.27429188517743175	0.5	1.0	0.27792629762666365	1.0	0.1809073112342927
zh	0.20565141053689245	0.2449273725237218	0.36602540378443865	0.14850106937383903	0.0832350450206022	0.06263821625257557	0.3034435446591406	0.12465202828187051	0.07465164723811507	0.104129363533639	0.1077300455231135	0.5	0.33627858689604073	0.21016287509676687	0.3015184825811256	0.07209499185327754	0.3105448453179262	0.10528601338617198	0.1809345688973858	0.18422728153352685	0.20948790589903568	0.06347996756614026	0.09942638175817721	0.2029632148541939	0.329283524367611	0.06740060928981673	0.3459462386882744	1.0	0.11740999175166568	0.1276830714439548	0.06818821585036332	1.0	0.09242370666424965	0.1809073112342927	1.0
