arz	bs	ceb	ckb	da	de	el	en	es	fr	he	hi	hu	id	it	ja	ko	lv	mk	ml	mr	nl	pl	pt	ro	ru	sh	si	simple	sr	sv	te	tr	vi	war	zh
arz	0.2	0.25	1.0	0.3333333333333333	0.25	0.2	0.25	0.2	0.2	0.2	0.25	0.25	0.2	0.2	0.2	0.2	0.2	0.25	0.25	0.3333333333333333	1.0	0.25	0.25	0.2	0.25	0.2	0.2	1.0	0.25	0.2	0.2	0.5	0.5	0.25	0.3333333333333333	0.25
bs	0.25	0.008115358805214024	0.3333333333333333	0.07142857142857142	0.012196014425936942	0.008928571428571428	0.012987012987012988	0.00877285326254232	0.00943440726237095	0.009091157024793389	0.011904761904761904	0.013333333333333334	0.010101316192225282	0.010990580847723704	0.00961677144970414	0.009523809523809525	0.011494252873563218	0.0125003125	0.015625	0.02	0.07142857142857142	0.009709115091149214	0.009804498269896192	0.008695803402646503	0.01052731301939058	0.008695652173913044	0.008065166558272632	0.058823529411764705	0.013158067867036011	0.008064841311134234	0.00943440726237095	0.03571428571428571	0.09090909090909091	0.010870037807183364	0.03225806451612903	0.009433962264150943
ceb	1.0	0.3333333333333333	0.3333333333333333	0.5	0.3333333333333333	0.3333333333333333	0.5	0.3333333333333333	0.3333333333333333	0.3333333333333333	0.5	0.5	0.3333333333333333	0.3333333333333333	0.3333333333333333	0.5	0.5	0.3333333333333333	0.5	0.5	0.5	0.3333333333333333	0.3333333333333333	0.3333333333333333	0.3333333333333333	0.3333333333333333	0.3333333333333333	1.0	0.3333333333333333	0.3333333333333333	0.3333333333333333	0.5	-1.0	0.3333333333333333	0.3333333333333333	0.3333333333333333
ckb	0.3333333333333333	0.07142857142857142	0.5	0.05263157894736842	0.058823529411764705	0.05263157894736842	0.058823529411764705	0.05263157894736842	0.05263157894736842	0.05263157894736842	0.05263157894736842	0.08333333333333333	0.05555555555555555	0.05263157894736842	0.05263157894736842	0.05555555555555555	0.058823529411764705	0.07692307692307693	0.058823529411764705	0.07142857142857142	0.2	0.05263157894736842	0.05263157894736842	0.05555555555555555	0.0625	0.05555555555555555	0.058823529411764705	0.14285714285714285	0.05555555555555555	0.058823529411764705	0.05555555555555555	0.125	0.3333333333333333	0.058823529411764705	0.125	0.05555555555555555
da	0.25	0.012196014425936942	0.3333333333333333	0.058823529411764705	0.005860119234336579	0.006535947712418301	0.008928571428571428	0.006536118586868298	0.006896742021403091	0.006578947368421052	0.00847457627118644	0.010526315789473684	0.007142857142857143	0.007874387748775498	0.006896694411414981	0.006896551724137931	0.008064516129032258	0.009615569526627218	0.012987012987012988	0.016666666666666666	0.05	0.006756939371804236	0.0067570306793279765	0.006250117187499999	0.007752298539751215	0.006172839506172839	0.005988167377819212	0.05555555555555555	0.0100001	0.005988095664957511	0.006410338593030901	0.024390243902439025	0.09092561983471074	0.00793663391282439	0.027777777777777776	0.007142857142857143
de	0.2	0.008928571428571428	0.3333333333333333	0.05263157894736842	0.006535947712418301	0.0012993171679091793	0.004651162790697674	0.0013606293766504705	0.0020408246563931695	0.0016366933550483356	0.005494505494505495	0.005050505050505051	0.00289022353737178	0.004149463680033058	0.001894000373048668	0.0018587360594795538	0.004219409282700422	0.005952380952380952	0.009009009009009009	0.012658227848101266	0.037037037037037035	0.002016161550468262	0.002217329314998451	0.002816917278317794	0.004761972789115646	0.002785515320334262	0.0020243160845121212	0.05263157894736842	0.005405493060628195	0.0020121007736560205	0.0036363900826446283	0.019230769230769232	0.05555555555555555	0.00289022353737178	0.02631578947368421	0.00199203187250996
el	0.25	0.012987012987012988	0.5	0.058823529411764705	0.008928571428571428	0.004651162790697674	0.004608294930875576	0.004651162790697674	0.005405405405405406	0.0049261083743842365	0.007751937984496124	0.00909090909090909	0.005714285714285714	0.006622516556291391	0.005076142131979695	0.005076142131979695	0.0070921985815602835	0.008849557522123894	0.01282051282051282	0.016666666666666666	0.047619047619047616	0.005050505050505051	0.005555555555555556	0.00641025641025641	0.007751937984496124	0.006493506493506494	0.005813953488372093	0.05555555555555555	0.008849557522123894	0.005813953488372093	0.00684931506849315	0.02631578947368421	0.16666666666666666	0.006329113924050633	0.02857142857142857	0.005050505050505051
en	0.2	0.00877285326254232	0.3333333333333333	0.05263157894736842	0.006536118586868298	0.0013606293766504705	0.004651162790697674	0.001273600889129635	0.001953269962310791	0.0015849869901898976	0.005494505494505495	0.005025125628140704	0.0027857869119653016	0.004099116685736377	0.0018218653322716347	0.0017513134851138354	0.004081632653061225	0.005917264801652603	0.008771929824561403	0.012658227848101266	0.03571428571428571	0.0019571846270502948	0.002169583316500505	0.0028012773736945757	0.004608868334451803	0.0026041666666666665	0.0018118798014105596	0.05263157894736842	0.0053765464504567	0.0018020063566301428	0.003533818664236038	0.018867924528301886	0.05263157894736842	0.002793623810118286	0.02631578947368421	0.0019011406844106464
es	0.2	0.00943440726237095	0.3333333333333333	0.05263157894736842	0.006896742021403091	0.0020408246563931695	0.005405405405405406	0.001953269962310791	0.001954888785046334	0.002159878527212423	0.0056179775280898875	0.006024096385542169	0.003311302135871234	0.004444602469135803	0.0022884185496075274	0.0023094688221709007	0.004424778761061947	0.006097635336109459	0.009345794392523364	0.012658227848101266	0.037037037037037035	0.0025907608325055707	0.0025840661351815126	0.003413050821791751	0.0050506070809101114	0.003257328990228013	0.002762491987424071	0.05263157894736842	0.005780413645627987	0.0027548816489462624	0.003968379944570421	0.019230769230769232	0.05555555555555555	0.0032895602493074796	0.02631578947368421	0.002570694087403599
fr	0.2	0.009091157024793389	0.3333333333333333	0.05263157894736842	0.006578947368421052	0.0016366933550483356	0.0049261083743842365	0.0015849869901898976	0.002159878527212423	0.001526304335595815	0.005649717514124294	0.005263157894736842	0.0030488455625464843	0.0042737599532471325	0.00207481362665932	0.001941747572815534	0.0041841004184100415	0.006024168965016694	0.008849557522123894	0.012658227848101266	0.03571428571428571	0.002193025738688827	0.0023475556106592604	0.0030211936729310613	0.004784940820951901	0.0028735632183908046	0.002272799586776859	0.05263157894736842	0.005814021092482424	0.002262515100018427	0.0036901594477199385	0.019230769230769232	0.05263157894736842	0.0031950208739499222	0.02631578947368421	0.002145922746781116
he	0.25	0.011904761904761904	0.5	0.05263157894736842	0.00847457627118644	0.005494505494505495	0.007751937984496124	0.005494505494505495	0.0056179775280898875	0.005649717514124294	0.005494716821639899	0.00980392156862745	0.006172839506172839	0.006993006993006993	0.005681818181818182	0.005813953488372093	0.007246376811594203	0.008849557522123894	0.011235955056179775	0.015151515151515152	0.047619047619047616	0.005952380952380952	0.0058823529411764705	0.0064516129032258064	0.008064516129032258	0.0064516129032258064	0.006289308176100629	0.05263157894736842	0.00909090909090909	0.006289308176100629	0.006666666666666667	0.027777777777777776	0.14285714285714285	0.00641025641025641	0.027777777777777776	0.005952380952380952
hi	0.25	0.013333333333333334	0.5	0.08333333333333333	0.010526315789473684	0.005050505050505051	0.00909090909090909	0.005025125628140704	0.006024096385542169	0.005263157894736842	0.00980392156862745	0.005	0.00641025641025641	0.007352941176470588	0.005405405405405406	0.0053475935828877	0.008333333333333333	0.01	0.015151515151515152	0.01694915254237288	0.05555555555555555	0.005494505494505495	0.005988023952095809	0.006896551724137931	0.007874015748031496	0.00684931506849315	0.00641025641025641	0.07142857142857142	0.008695652173913044	0.00641025641025641	0.007936507936507936	0.024390243902439025	0.14285714285714285	0.006578947368421052	0.030303030303030304	0.005235602094240838
hu	0.2	0.010101316192225282	0.3333333333333333	0.05555555555555555	0.007142857142857143	0.00289022353737178	0.005714285714285714	0.0027857869119653016	0.003311302135871234	0.0030488455625464843	0.006172839506172839	0.00641025641025641	0.0027878452264205656	0.004807946606878697	0.003164737231613524	0.0032258064516129032	0.004830917874396135	0.006369548460383788	0.009615384615384616	0.013333333333333334	0.037037037037037035	0.003257424492578181	0.003401499375260308	0.004149463680033058	0.005291229276895943	0.004	0.0035337062642809875	0.05263157894736842	0.0063291940394167604	0.003533643821248861	0.004545557871900826	0.020833333333333332	0.16666666666666666	0.004032323100936525	0.02631578947368421	0.0033222591362126247
id	0.2	0.010990580847723704	0.3333333333333333	0.05263157894736842	0.007874387748775498	0.004149463680033058	0.006622516556291391	0.004099116685736377	0.004444602469135803	0.0042737599532471325	0.006993006993006993	0.007352941176470588	0.004807946606878697	0.004127182523240774	0.004348393213610585	0.0044444444444444444	0.005681818181818182	0.007752058169581156	0.010416666666666666	0.013888888888888888	0.043478260869565216	0.004525234987019103	0.00460882590416023	0.00531943189791761	0.006098081536287924	0.005128205128205128	0.004950740123517302	0.05263157894736842	0.006896884661117717	0.004950764630918537	0.0055869042788926696	0.022222222222222223	0.07144387755102041	0.005050811167227834	0.02631578947368421	0.004329004329004329
it	0.2	0.00961677144970414	0.3333333333333333	0.05263157894736842	0.006896694411414981	0.001894000373048668	0.005076142131979695	0.0018218653322716347	0.0022884185496075274	0.00207481362665932	0.005681818181818182	0.005405405405405406	0.003164737231613524	0.004348393213610585	0.0018382748361794946	0.0022123893805309734	0.004366812227074236	0.0062113344392577445	0.009009009009009009	0.01282051282051282	0.041666666666666664	0.0024391374182034502	0.0025319276141772154	0.0032574138823754104	0.0048311279376414855	0.0031847133757961785	0.0026527380337651014	0.05263157894736842	0.005814291610363709	0.002645684625290445	0.003968427185689091	0.0196078431372549	0.058823529411764705	0.003164717202771991	0.02631578947368421	0.0024330900243309003
ja	0.2	0.009523809523809525	0.5	0.05555555555555555	0.006896551724137931	0.0018587360594795538	0.005076142131979695	0.0017513134851138354	0.0023094688221709007	0.001941747572815534	0.005813953488372093	0.0053475935828877	0.0032258064516129032	0.0044444444444444444	0.0022123893805309734	0.0017006831644222314	0.0041841004184100415	0.006172839506172839	0.008849557522123894	0.012658227848101266	0.03571428571428571	0.0023584905660377358	0.0025	0.0033444816053511705	0.0048543689320388345	0.003134796238244514	0.0024691358024691358	0.058823529411764705	0.005917159763313609	0.0024630541871921183	0.003952569169960474	0.0196078431372549	0.06666666666666667	0.003367003367003367	0.02702702702702703	0.0022172949002217295
ko	0.2	0.011494252873563218	0.5	0.058823529411764705	0.008064516129032258	0.004219409282700422	0.0070921985815602835	0.004081632653061225	0.004424778761061947	0.0041841004184100415	0.007246376811594203	0.008333333333333333	0.004830917874396135	0.005681818181818182	0.004366812227074236	0.0041841004184100415	0.004081632653061225	0.007194244604316547	0.01	0.013333333333333334	0.037037037037037035	0.004545454545454545	0.004608294930875576	0.0053475935828877	0.006211180124223602	0.005154639175257732	0.0048543689320388345	0.0625	0.008	0.004830917874396135	0.005434782608695652	0.025	0.09090909090909091	0.005405405405405406	0.02702702702702703	0.004405286343612335
lv	0.25	0.0125003125	0.3333333333333333	0.07692307692307693	0.009615569526627218	0.005952380952380952	0.008849557522123894	0.005917264801652603	0.006097635336109459	0.006024168965016694	0.008849557522123894	0.01	0.006369548460383788	0.007752058169581156	0.0062113344392577445	0.006172839506172839	0.007194244604316547	0.005923364141426995	0.0136986301369863	0.015873015873015872	0.043478260869565216	0.006172991921963115	0.006060679522497705	0.007092299180121725	0.008064581165452655	0.007194244604316547	0.0068027673654495815	0.07142857142857142	0.009804017685505576	0.006802859919477994	0.0072992700729927005	0.02631578947368421	0.14287755102040817	0.006802859919477994	0.02702702702702703	0.006289308176100629
mk	0.25	0.015625	0.5	0.058823529411764705	0.012987012987012988	0.009009009009009009	0.01282051282051282	0.008771929824561403	0.009345794392523364	0.008849557522123894	0.011235955056179775	0.015151515151515152	0.009615384615384616	0.010416666666666666	0.009009009009009009	0.008849557522123894	0.01	0.0136986301369863	0.008771929824561403	0.018867924528301886	0.0625	0.009259259259259259	0.009345794392523364	0.010638297872340425	0.010416666666666666	0.01	0.00980392156862745	0.07692307692307693	0.015151515151515152	0.00980392156862745	0.010638297872340425	0.05	0.16666666666666666	0.010638297872340425	0.03333333333333333	0.009433962264150943
ml	0.3333333333333333	0.02	0.5	0.07142857142857142	0.016666666666666666	0.012658227848101266	0.016666666666666666	0.012658227848101266	0.012658227848101266	0.012658227848101266	0.015151515151515152	0.01694915254237288	0.013333333333333334	0.013888888888888888	0.01282051282051282	0.012658227848101266	0.013333333333333334	0.015873015873015872	0.018867924528301886	0.012658227848101266	0.0625	0.012987012987012988	0.01282051282051282	0.014285714285714285	0.015873015873015872	0.014285714285714285	0.014492753623188406	0.07142857142857142	0.01694915254237288	0.014492753623188406	0.014492753623188406	0.043478260869565216	0.1111111111111111	0.013888888888888888	0.038461538461538464	0.012658227848101266
mr	1.0	0.07142857142857142	0.5	0.2	0.05	0.037037037037037035	0.047619047619047616	0.03571428571428571	0.037037037037037035	0.03571428571428571	0.047619047619047616	0.05555555555555555	0.037037037037037035	0.043478260869565216	0.041666666666666664	0.03571428571428571	0.037037037037037035	0.043478260869565216	0.0625	0.0625	0.03571428571428571	0.03571428571428571	0.037037037037037035	0.041666666666666664	0.05	0.04	0.038461538461538464	0.2	0.045454545454545456	0.038461538461538464	0.04	0.125	0.5	0.037037037037037035	0.09090909090909091	0.03571428571428571
nl	0.25	0.009709115091149214	0.3333333333333333	0.05263157894736842	0.006756939371804236	0.002016161550468262	0.005050505050505051	0.0019571846270502948	0.0025907608325055707	0.002193025738688827	0.005952380952380952	0.005494505494505495	0.003257424492578181	0.004525234987019103	0.0024391374182034502	0.0023584905660377358	0.004545454545454545	0.006172991921963115	0.009259259259259259	0.012987012987012988	0.03571428571428571	0.0019498347907593975	0.002865460882915575	0.003333366666666667	0.004902104959630911	0.003436426116838488	0.002724862460928509	0.05263157894736842	0.006024168965016694	0.0027174577622873343	0.004048648560048518	0.02	0.0526398891966759	0.00353364382124886	0.02631578947368421	0.0024813895781637717
pl	0.25	0.009804498269896192	0.3333333333333333	0.05263157894736842	0.0067570306793279765	0.002217329314998451	0.005555555555555556	0.002169583316500505	0.0025840661351815126	0.0023475556106592604	0.0058823529411764705	0.005988023952095809	0.003401499375260308	0.00460882590416023	0.0025319276141772154	0.0025	0.004608294930875576	0.006060679522497705	0.009345794392523364	0.01282051282051282	0.037037037037037035	0.002865460882915575	0.002129748369909511	0.003571505114795919	0.005025453902679225	0.003424657534246575	0.0030489106186793575	0.05263157894736842	0.006211411596774816	0.003030431588613407	0.004048730515169893	0.02	0.05555555555555555	0.003448501807372176	0.02631578947368421	0.002777777777777778
pt	0.2	0.008695803402646503	0.3333333333333333	0.05555555555555555	0.006250117187499999	0.002816917278317794	0.00641025641025641	0.0028012773736945757	0.003413050821791751	0.0030211936729310613	0.0064516129032258064	0.006896551724137931	0.004149463680033058	0.00531943189791761	0.0032574138823754104	0.0033444816053511705	0.0053475935828877	0.007092299180121725	0.010638297872340425	0.014285714285714285	0.041666666666666664	0.003333366666666667	0.003571505114795919	0.002009359565628228	0.004048681342097068	0.0025188916876574307	0.002070440530843717	0.05263157894736842	0.007692307692307693	0.0020704576726720933	0.003164607034129146	0.01639344262295082	0.05263434903047091	0.004651249323958897	0.027777777777777776	0.0034482758620689655
ro	0.25	0.01052731301939058	0.3333333333333333	0.0625	0.007752298539751215	0.004761972789115646	0.007751937984496124	0.004608868334451803	0.0050506070809101114	0.004784940820951901	0.008064516129032258	0.007874015748031496	0.005291229276895943	0.006098081536287924	0.0048311279376414855	0.0048543689320388345	0.006211180124223602	0.008064581165452655	0.010416666666666666	0.015873015873015872	0.05	0.004902104959630911	0.005025453902679225	0.004048681342097068	0.0037083744050306656	0.0038910505836575876	0.003731496435731789	0.05555555555555555	0.008695652173913044	0.0037455849008963516	0.004587324299301406	0.0196078431372549	0.16666666666666666	0.005952735296201815	0.028572244897959183	0.004878048780487805
ru	0.2	0.008695652173913044	0.3333333333333333	0.05555555555555555	0.006172839506172839	0.002785515320334262	0.006493506493506494	0.0026041666666666665	0.003257328990228013	0.0028735632183908046	0.0064516129032258064	0.00684931506849315	0.004	0.005128205128205128	0.0031847133757961785	0.003134796238244514	0.005154639175257732	0.007194244604316547	0.01	0.014285714285714285	0.04	0.003436426116838488	0.003424657534246575	0.0025188916876574307	0.0038910505836575876	0.0018622251351566913	0.0019230769230769232	0.05	0.006993006993006993	0.0019157124822007897	0.0030864197530864196	0.015384615384615385	0.05263157894736842	0.004347826086956522	0.02857142857142857	0.0031746031746031746
sh	0.2	0.008065166558272632	0.3333333333333333	0.058823529411764705	0.005988167377819212	0.0020243160845121212	0.005813953488372093	0.0018118798014105596	0.002762491987424071	0.002272799586776859	0.006289308176100629	0.00641025641025641	0.0035337062642809875	0.004950740123517302	0.0026527380337651014	0.0024691358024691358	0.0048543689320388345	0.0068027673654495815	0.00980392156862745	0.014492753623188406	0.038461538461538464	0.002724862460928509	0.0030489106186793575	0.002070440530843717	0.003731496435731789	0.0019230769230769232	0.001307314117702137	0.05	0.006944492669753086	0.0012987957631995267	0.0027701982105723558	0.015151515151515152	0.14287755102040817	0.003891186846129389	0.027777777777777776	0.002638522427440633
si	1.0	0.058823529411764705	1.0	0.14285714285714285	0.05555555555555555	0.05263157894736842	0.05555555555555555	0.05263157894736842	0.05263157894736842	0.05263157894736842	0.05263157894736842	0.07142857142857142	0.05263157894736842	0.05263157894736842	0.05263157894736842	0.058823529411764705	0.0625	0.07142857142857142	0.07692307692307693	0.07142857142857142	0.2	0.05263157894736842	0.05263157894736842	0.05263157894736842	0.05555555555555555	0.05	0.05	0.05	0.058823529411764705	0.05	0.05263157894736842	0.1	1.0	0.05555555555555555	0.09090909090909091	0.05555555555555555
simple	0.25	0.013158067867036011	0.3333333333333333	0.05555555555555555	0.0100001	0.005405493060628195	0.008849557522123894	0.0053765464504567	0.005780413645627987	0.005814021092482424	0.00909090909090909	0.008695652173913044	0.0063291940394167604	0.006896884661117717	0.005814291610363709	0.005917159763313609	0.008	0.009804017685505576	0.015151515151515152	0.01694915254237288	0.045454545454545456	0.006024168965016694	0.006211411596774816	0.007692307692307693	0.008695652173913044	0.006993006993006993	0.006944492669753086	0.058823529411764705	0.005386392767695138	0.006944444444444444	0.007692307692307693	0.022727272727272728	0.07143367346938775	0.00609767251635931	0.02631578947368421	0.005813953488372093
sr	0.2	0.008064841311134234	0.3333333333333333	0.058823529411764705	0.005988095664957511	0.0020121007736560205	0.005813953488372093	0.0018020063566301428	0.0027548816489462624	0.002262515100018427	0.006289308176100629	0.00641025641025641	0.003533643821248861	0.004950764630918537	0.002645684625290445	0.0024630541871921183	0.004830917874396135	0.006802859919477994	0.00980392156862745	0.014492753623188406	0.038461538461538464	0.0027174577622873343	0.003030431588613407	0.0020704576726720933	0.0037455849008963516	0.0019157124822007897	0.0012987957631995267	0.05	0.006944444444444444	0.0012959900267751488	0.0027548816489462616	0.015151515151515152	0.10000999999999999	0.0038911717512907077	0.027777777777777776	0.0026246719160104987
sv	0.2	0.00943440726237095	0.3333333333333333	0.05555555555555555	0.006410338593030901	0.0036363900826446283	0.00684931506849315	0.003533818664236038	0.003968379944570421	0.0036901594477199385	0.006666666666666667	0.007936507936507936	0.004545557871900826	0.0055869042788926696	0.003968427185689091	0.003952569169960474	0.005434782608695652	0.0072992700729927005	0.010638297872340425	0.014492753623188406	0.04	0.004048648560048518	0.004048730515169893	0.003164607034129146	0.004587324299301406	0.0030864197530864196	0.0027701982105723558	0.05263157894736842	0.007692307692307693	0.0027548816489462616	0.002742376976612315	0.018867924528301886	0.07692899408284024	0.005025201383803439	0.027777777777777776	0.004081632653061225
te	0.5	0.03571428571428571	0.5	0.125	0.024390243902439025	0.019230769230769232	0.02631578947368421	0.018867924528301886	0.019230769230769232	0.019230769230769232	0.027777777777777776	0.024390243902439025	0.020833333333333332	0.022222222222222223	0.0196078431372549	0.0196078431372549	0.025	0.02631578947368421	0.05	0.043478260869565216	0.125	0.02	0.02	0.01639344262295082	0.0196078431372549	0.015384615384615385	0.015151515151515152	0.1	0.022727272727272728	0.015151515151515152	0.018867924528301886	0.015151515151515152	0.16666666666666666	0.020833333333333332	0.0625	0.0196078431372549
tr	0.5	0.09090909090909091	-1.0	0.3333333333333333	0.09092561983471074	0.05555555555555555	0.16666666666666666	0.05263157894736842	0.05555555555555555	0.05263157894736842	0.14285714285714285	0.14285714285714285	0.16666666666666666	0.07144387755102041	0.058823529411764705	0.06666666666666667	0.09090909090909091	0.14287755102040817	0.16666666666666666	0.1111111111111111	0.5	0.0526398891966759	0.05555555555555555	0.05263434903047091	0.16666666666666666	0.05263157894736842	0.14287755102040817	1.0	0.07143367346938775	0.10000999999999999	0.07692899408284024	0.16666666666666666	0.050040040030009995	0.07692307692307693	0.5	0.06666666666666667
vi	0.25	0.010870037807183364	0.3333333333333333	0.058823529411764705	0.00793663391282439	0.00289022353737178	0.006329113924050633	0.002793623810118286	0.0032895602493074796	0.0031950208739499222	0.00641025641025641	0.006578947368421052	0.004032323100936525	0.005050811167227834	0.003164717202771991	0.003367003367003367	0.005405405405405406	0.006802859919477994	0.010638297872340425	0.013888888888888888	0.037037037037037035	0.00353364382124886	0.003448501807372176	0.004651249323958897	0.005952735296201815	0.004347826086956522	0.003891186846129389	0.05555555555555555	0.00609767251635931	0.0038911717512907077	0.005025201383803439	0.020833333333333332	0.07692307692307693	0.002798542035755763	0.02631578947368421	0.003389830508474576
war	0.3333333333333333	0.03225806451612903	0.3333333333333333	0.125	0.027777777777777776	0.02631578947368421	0.02857142857142857	0.02631578947368421	0.02631578947368421	0.02631578947368421	0.027777777777777776	0.030303030303030304	0.02631578947368421	0.02631578947368421	0.02631578947368421	0.02702702702702703	0.02702702702702703	0.02702702702702703	0.03333333333333333	0.038461538461538464	0.09090909090909091	0.02631578947368421	0.02631578947368421	0.027777777777777776	0.028572244897959183	0.02857142857142857	0.027777777777777776	0.09090909090909091	0.02631578947368421	0.027777777777777776	0.027777777777777776	0.0625	0.5	0.02631578947368421	0.02631786703601108	0.02631578947368421
zh	0.25	0.009433962264150943	0.3333333333333333	0.05555555555555555	0.007142857142857143	0.00199203187250996	0.005050505050505051	0.0019011406844106464	0.002570694087403599	0.002145922746781116	0.005952380952380952	0.005235602094240838	0.0033222591362126247	0.004329004329004329	0.0024330900243309003	0.0022172949002217295	0.004405286343612335	0.006289308176100629	0.009433962264150943	0.012658227848101266	0.03571428571428571	0.0024813895781637717	0.002777777777777778	0.0034482758620689655	0.004878048780487805	0.0031746031746031746	0.002638522427440633	0.05555555555555555	0.005813953488372093	0.0026246719160104987	0.004081632653061225	0.0196078431372549	0.06666666666666667	0.003389830508474576	0.02631578947368421	0.0018832391713747645
