arz	bs	ceb	ckb	da	de	el	en	es	fr	he	hi	hu	id	it	ja	ko	lv	mk	ml	mr	nl	pl	pt	ro	ru	sh	si	simple	sr	sv	te	vi	war	zh
arz	1.0	0.5666666666666667	0.5263157894736842	0.56	0.5410324288550629	0.5260425679183249	0.5555555555555556	0.5109717868338558	0.5217391304347826	0.5191256830601093	0.5306122448979592	0.5256410256410257	0.547945205479452	0.5275590551181103	0.5191638933552705	0.5220588235294117	0.5289256198347108	0.5581395348837209	0.5681818181818182	0.5643410852713179	0.5370370370370371	0.5309734513274337	0.5315315315315315	0.5321071656389539	0.5463406292749657	0.5202312138728323	0.5576923076923077	0.5135135135135135	0.5373414748708314	0.5552156177156178	0.5192290125148443	0.5348837209302326	0.5443037974683544	0.625	0.5251798561151079
bs	0.5666666666666667	1.0	0.5476190476190476	0.5666666666666667	0.554695388757994	0.5317460317460317	0.5671641791044776	0.515527950310559	0.5272727272727272	0.5240641711229946	0.55	0.55	0.5563096500530224	0.5343511450381679	0.5227272727272727	0.5285714285714286	0.536	0.5869565217391304	0.56	0.5576923076923077	0.5517241379310345	0.5338983050847458	0.5391304347826087	0.5354330708661417	0.5500705218617772	0.5254237288135593	0.5714285714285714	0.55	0.5425531914893617	0.5555555555555556	0.5294117647058824	0.5416666666666666	0.5542168674698795	0.5625	0.5320060685102872
ceb	0.5263157894736842	0.5476190476190476	1.0	0.5405405405405405	0.5704034134988363	0.5560072549878041	0.5394736842105263	0.5201634350369905	0.5456048498208873	0.5367686999926594	0.5634262213713394	0.5529411764705883	0.5784647629028032	0.5440338144100553	0.5363099820374647	0.5403146509341199	0.541263940520446	0.5882352941176471	0.5636363636363636	0.5448354143019296	0.5400862068965517	0.55	0.5602716468590832	0.5516823495865413	0.5627758705247671	0.5386939631251156	0.568039950062422	0.5208333333333334	0.5553923009109609	0.5531079103442964	0.5386860338182546	0.5178571428571429	0.5568181818181818	0.5384615384615384	0.5403383139388097
ckb	0.56	0.5666666666666667	0.5405405405405405	1.0	0.5357142857142857	0.5289256198347108	0.5384615384615384	0.5109717868338558	0.5185185185185185	0.5191256830601093	0.5306122448979592	0.5394736842105263	0.5405405405405405	0.5234375	0.5174418604651163	0.5220588235294117	0.5245901639344263	0.5714285714285714	0.5555555555555556	0.5531914893617021	0.5471698113207547	0.5263157894736842	0.5267857142857143	0.5241935483870968	0.5357142857142857	0.5172413793103449	0.5471698113207547	0.5277777777777778	0.5284680717206669	0.5441176470588236	0.5178571428571429	0.5476190476190476	0.5375	0.5555555555555556	0.5214285714285714
da	0.5410324288550629	0.554695388757994	0.5704034134988363	0.5357142857142857	1.0	0.6013196152985909	0.584070796460177	0.5561161611003302	0.5932203389830508	0.583243556807823	0.6119573681136851	0.576	0.6243683100553101	0.5974873752925237	0.578262888992104	0.5865331107401224	0.5930149866989755	0.5913978494623656	0.5741176470588235	0.5716882067851373	0.5504587155963303	0.5986842105263158	0.6189221121512315	0.6029292107404394	0.612541773147238	0.5843255796807609	0.5853658536585367	0.5376344086021506	0.6137966379663797	0.5897345132743362	0.5859953604261534	0.5294117647058824	0.6041501304002722	0.5411764705882353	0.5999907693727788
de	0.5260425679183249	0.5317460317460317	0.5560072549878041	0.5289256198347108	0.6013196152985909	1.0	0.5800057765903676	0.5783164222819767	0.6209881271543469	0.62189913675602	0.6066350710900474	0.5738617946073375	0.6007691967640688	0.6016897269499204	0.6002276861072219	0.6196202531645569	0.6004770423375074	0.556390977443609	0.5597014925373135	0.5629267035939713	0.553505624515128	0.6160767571041638	0.6160339101234931	0.6196202115776333	0.6027450472614269	0.6080932482955795	0.5674719462511615	0.5307692307692308	0.605181903611223	0.5824390951276102	0.5988328135336924	0.5367647058823529	0.5886075949367089	0.5327868852459017	0.6163531833345163
el	0.5555555555555556	0.5671641791044776	0.5394736842105263	0.5384615384615384	0.584070796460177	0.5800057765903676	1.0	0.5411764705882353	0.5645161290322581	0.5576923076923077	0.5793650793650793	0.5849056603773585	0.580952380952381	0.5709354725302822	0.5612244897959184	0.5750000000000001	0.5666666666666667	0.5769230769230769	0.5679012345679012	0.5875	0.5747126436781609	0.5704225352112676	0.5714285714285714	0.5810810810810811	0.5789473684210527	0.5634517766497462	0.5747126436781609	0.5333333333333333	0.5798319327731092	0.5918367346938775	0.5625	0.5813630041724618	0.5871559633027523	0.5625	0.5696969696969697
en	0.5109717868338558	0.515527950310559	0.5201634350369905	0.5109717868338558	0.5561161611003302	0.5783164222819767	0.5411764705882353	1.0	0.5952491276954366	0.6078168245131276	0.5623368990243328	0.5491329479768786	0.5480023699829403	0.5842684328644151	0.5921870260993058	0.5847819019754078	0.570653088705605	0.5258358662613982	0.525679758308157	0.5290438934516627	0.5339443939566056	0.5724292257665995	0.5698219066091723	0.5764195269074504	0.5548462428629514	0.6015254080305403	0.5331114808652246	0.5186882027068092	0.5600891579039031	0.5445656497979523	0.5880393155514785	0.524390243902439	0.5520988073511311	0.5125000000000001	0.5851869830006355
es	0.5217391304347826	0.5272727272727272	0.5456048498208873	0.5185185185185185	0.5932203389830508	0.6209881271543469	0.5645161290322581	0.5952491276954366	1.0	0.6261180679785331	0.5935747446610956	0.5669238883028923	0.5921052631578947	0.5944507534026	0.6017357762777241	0.6025641025641025	0.5973706955374608	0.5465116279069767	0.5428571428571428	0.5454545454545455	0.5439560439560439	0.616305277065361	0.6000000000000001	0.6173140954495006	0.5808080808080808	0.6175438596491228	0.553072625698324	0.5266272189349113	0.5910316825227468	0.5754883930740137	0.5872079870903525	0.5284090909090908	0.5824742268041238	0.5246913580246914	0.6143253323132829
fr	0.5191256830601093	0.5240641711229946	0.5367686999926594	0.5191256830601093	0.583243556807823	0.62189913675602	0.5576923076923077	0.6078168245131276	0.6261180679785331	1.0	0.5946835097923387	0.5622119815668203	0.5855621916385354	0.5982433961008717	0.5992853003670079	0.6017545896983837	0.607667411043669	0.5412371134020618	0.5445415352087084	0.5476875548959627	0.5530648429584599	0.6056745377997438	0.5983151838915143	0.6033172211164819	0.5789295569323685	0.6136742017832698	0.5509807100016211	0.5263157894736842	0.5876946028537742	0.5627260565822721	0.5807179427844147	0.5306122448979592	0.575065455963456	0.5217391304347826	0.6205619690699195
he	0.5306122448979592	0.55	0.5634262213713394	0.5306122448979592	0.6119573681136851	0.6066350710900474	0.5793650793650793	0.5623368990243328	0.5935747446610956	0.5946835097923387	1.0	0.5725169562389668	0.6067839195979899	0.6073245167853509	0.5811065209433667	0.5908472783590828	0.5903020341072529	0.5756552643269658	0.5639224501264399	0.5554012774229381	0.5476114902396445	0.6025993385195881	0.5990247208781277	0.626063263060451	0.6011862461050675	0.595449751393702	0.5790996910321091	0.5327102803738317	0.607809647211261	0.5848298676748582	0.5715123094958968	0.5258620689655172	0.6089851781385215	0.5353535353535354	0.6052317328706938
hi	0.5256410256410257	0.55	0.5529411764705883	0.5394736842105263	0.576	0.5738617946073375	0.5849056603773585	0.5491329479768786	0.5669238883028923	0.5622119815668203	0.5725169562389668	1.0	0.5775862068965517	0.5802469135802469	0.5550239234449761	0.5730994152046783	0.5652173913043479	0.5795454545454545	0.5713101160862355	0.5888888888888889	0.6208821887213847	0.5612903225806452	0.5695364238410596	0.5644171779141104	0.5714285714285714	0.5625	0.5720008011215701	0.5411764705882353	0.5769230769230769	0.5714285714285714	0.5615763546798029	0.5952380952380952	0.5737704918032787	0.5384615384615384	0.5635058985689383
hu	0.547945205479452	0.5563096500530224	0.5784647629028032	0.5405405405405405	0.6243683100553101	0.6007691967640688	0.580952380952381	0.5480023699829403	0.5921052631578947	0.5855621916385354	0.6067839195979899	0.5775862068965517	1.0	0.5877364905403784	0.5717359848625385	0.5860077210974567	0.5909510618651893	0.5882352941176471	0.5843490980009752	0.5729275970619098	0.5626154747420125	0.6053995513266807	0.6088045187212484	0.6001388406803193	0.6182726623840115	0.5862322751582356	0.6030130935478782	0.5421686746987951	0.617856843165226	0.6060673855653497	0.5789955249455174	0.5268817204301075	0.5970062105207283	0.5540540540540541	0.6016760409195576
id	0.5275590551181103	0.5343511450381679	0.5440338144100553	0.5234375	0.5974873752925237	0.6016897269499204	0.5709354725302822	0.5842684328644151	0.5944507534026	0.5982433961008717	0.6073245167853509	0.5802469135802469	0.5877364905403784	1.0	0.5845159746320451	0.5961538461538461	0.5981889860786004	0.5579710144927537	0.5531914893617021	0.5574965293845442	0.5571101843131979	0.5898872994354856	0.5916398713826367	0.60119774751959	0.5957936247124549	0.6005352701737476	0.5592741807569077	0.5255474452554745	0.5903592171950723	0.5707374476987448	0.5739910313901345	0.5390070921985816	0.601510067114094	0.53125	0.611947547353084
it	0.5191638933552705	0.5227272727272727	0.5363099820374647	0.5174418604651163	0.578262888992104	0.6002276861072219	0.5612244897959184	0.5921870260993058	0.6017357762777241	0.5992853003670079	0.5811065209433667	0.5550239234449761	0.5717359848625385	0.5845159746320451	1.0	0.6099257718650267	0.5827834123152783	0.5439560439560439	0.5434782608695652	0.5445193233392931	0.5400012217222211	0.5937794533459001	0.5942061822301343	0.5968331303288673	0.5902785872479309	0.6008192990441511	0.5502645502645502	0.5280898876404494	0.5794572357507797	0.5656565656565656	0.615802335052946	0.5268817204301075	0.5830552321821239	0.5232558139534884	0.5927621227292234
ja	0.5220588235294117	0.5285714285714286	0.5403146509341199	0.5220588235294117	0.5865331107401224	0.6196202531645569	0.5750000000000001	0.5847819019754078	0.6025641025641025	0.6017545896983837	0.5908472783590828	0.5730994152046783	0.5860077210974567	0.5961538461538461	0.6099257718650267	1.0	0.6066607681662469	0.5510204081632653	0.5540540540540541	0.5556450395127599	0.5528694836938325	0.596938775510204	0.5965536571693192	0.5908795471223398	0.5895953757225434	0.5946117036115105	0.5584415584415584	0.5314685314685315	0.599546977490444	0.575001699177598	0.604121525056475	0.5369127516778524	0.6024096385542168	0.5294117647058824	0.6076678051963004
ko	0.5289256198347108	0.536	0.541263940520446	0.5245901639344263	0.5930149866989755	0.6004770423375074	0.5666666666666667	0.570653088705605	0.5973706955374608	0.607667411043669	0.5903020341072529	0.5652173913043479	0.5909510618651893	0.5981889860786004	0.5827834123152783	0.6066607681662469	1.0	0.5606060606060607	0.5597014925373135	0.5428571428571428	0.5448275862068965	0.5851063829787234	0.5899803739283133	0.5867346938775511	0.5792682926829268	0.5873818766419637	0.5642857142857143	0.5348837209302326	0.5990963054841854	0.5677118644067797	0.5787147494817538	0.5251798561151079	0.5981459523552872	0.5327868852459017	0.6263019025135398
lv	0.5581395348837209	0.5869565217391304	0.5882352941176471	0.5714285714285714	0.5913978494623656	0.556390977443609	0.5769230769230769	0.5258358662613982	0.5465116279069767	0.5412371134020618	0.5756552643269658	0.5795454545454545	0.5882352941176471	0.5579710144927537	0.5439560439560439	0.5510204081632653	0.5606060606060607	1.0	0.6034482758620691	0.5714285714285714	0.5652173913043479	0.5645161290322581	0.5702479338842975	0.5639097744360902	0.5913978494623656	0.5464480874316939	0.609375	0.5471698113207547	0.5754168552233091	0.6061448982172208	0.5495670869893661	0.540983606557377	0.5888888888888889	0.6116207951070336	0.5533333333333333
mk	0.5681818181818182	0.56	0.5636363636363636	0.5555555555555556	0.5741176470588235	0.5597014925373135	0.5679012345679012	0.525679758308157	0.5428571428571428	0.5445415352087084	0.5639224501264399	0.5713101160862355	0.5843490980009752	0.5531914893617021	0.5434782608695652	0.5540540540540541	0.5597014925373135	0.6034482758620691	1.0	0.5606060606060607	0.547945205479452	0.5680000000000001	0.5666923670007711	0.5547445255474452	0.5874125874125874	0.543010752688172	0.6060606060606061	0.5454545454545455	0.5705553219703096	0.5925925925925926	0.5428427552940552	0.53125	0.5806451612903225	0.5909090909090909	0.5543178185692836
ml	0.5643410852713179	0.5576923076923077	0.5448354143019296	0.5531914893617021	0.5716882067851373	0.5629267035939713	0.5875	0.5290438934516627	0.5454545454545455	0.5476875548959627	0.5554012774229381	0.5888888888888889	0.5729275970619098	0.5574965293845442	0.5445193233392931	0.5556450395127599	0.5428571428571428	0.5714285714285714	0.5606060606060607	1.0	0.610060478064702	0.5566488614000562	0.5590551181102362	0.5531363400725765	0.5672404518558365	0.5483870967741935	0.5540540540540541	0.543859649122807	0.5646325269903585	0.5654454486765655	0.5434752267969295	0.6095791001451379	0.5555555555555556	0.5625	0.5434588214253778
mr	0.5370370370370371	0.5517241379310345	0.5400862068965517	0.5471698113207547	0.5504587155963303	0.553505624515128	0.5747126436781609	0.5339443939566056	0.5439560439560439	0.5530648429584599	0.5476114902396445	0.6208821887213847	0.5626154747420125	0.5571101843131979	0.5400012217222211	0.5528694836938325	0.5448275862068965	0.5652173913043479	0.547945205479452	0.610060478064702	1.0	0.5474452554744526	0.5575244131151782	0.5453908544636361	0.5592105263157895	0.5541666666666667	0.5619298601256841	0.5483870967741935	0.5534259702922856	0.554710604140262	0.5435528740200152	0.6062474862582116	0.5491730842065395	0.5454545454545455	0.5431301779199311
nl	0.5309734513274337	0.5338983050847458	0.55	0.5263157894736842	0.5986842105263158	0.6160767571041638	0.5704225352112676	0.5724292257665995	0.616305277065361	0.6056745377997438	0.6025993385195881	0.5612903225806452	0.6053995513266807	0.5898872994354856	0.5937794533459001	0.596938775510204	0.5851063829787234	0.5645161290322581	0.5680000000000001	0.5566488614000562	0.5474452554744526	1.0	0.6073472401698357	0.6032608695652174	0.6026490066225166	0.6001346264117075	0.5813953488372093	0.5327868852459017	0.5970260778599715	0.5866912790959434	0.5872794390377449	0.5267175572519084	0.5967051912393845	0.5350877192982456	0.5956047522655256
pl	0.5315315315315315	0.5391304347826087	0.5602716468590832	0.5267857142857143	0.6189221121512315	0.6160339101234931	0.5714285714285714	0.5698219066091723	0.6000000000000001	0.5983151838915143	0.5990247208781277	0.5695364238410596	0.6088045187212484	0.5916398713826367	0.5942061822301343	0.5965536571693192	0.5899803739283133	0.5702479338842975	0.5666923670007711	0.5590551181102362	0.5575244131151782	0.6073472401698357	1.0	0.6004656016697438	0.6100710135571336	0.6025949062950504	0.5736434108527132	0.5333333333333333	0.6118122160524987	0.5857142857142857	0.591084110550184	0.53125	0.592675248077153	0.5357142857142857	0.5943156459211506
pt	0.5321071656389539	0.5354330708661417	0.5516823495865413	0.5241935483870968	0.6029292107404394	0.6196202115776333	0.5810810810810811	0.5764195269074504	0.6173140954495006	0.6033172211164819	0.626063263060451	0.5644171779141104	0.6001388406803193	0.60119774751959	0.5968331303288673	0.5908795471223398	0.5867346938775511	0.5639097744360902	0.5547445255474452	0.5531363400725765	0.5453908544636361	0.6032608695652174	0.6004656016697438	1.0	0.6090519989072033	0.6164949688548155	0.5734144222415292	0.5303030303030303	0.6106132898871174	0.5909825558713704	0.5873986848141918	0.5285714285714286	0.5893319179990713	0.532258064516129	0.6109452443633904
ro	0.5463406292749657	0.5500705218617772	0.5627758705247671	0.5357142857142857	0.612541773147238	0.6027450472614269	0.5789473684210527	0.5548462428629514	0.5808080808080808	0.5789295569323685	0.6011862461050675	0.5714285714285714	0.6182726623840115	0.5957936247124549	0.5902785872479309	0.5895953757225434	0.5792682926829268	0.5913978494623656	0.5874125874125874	0.5672404518558365	0.5592105263157895	0.6026490066225166	0.6100710135571336	0.6090519989072033	1.0	0.590308793821375	0.592485549132948	0.5319148936170213	0.5957319770013269	0.6118451025056948	0.5826300777023704	0.5294117647058824	0.6016260162601625	0.5476190476190476	0.5844766345297705
ru	0.5202312138728323	0.5254237288135593	0.5386939631251156	0.5172413793103449	0.5843255796807609	0.6080932482955795	0.5634517766497462	0.6015254080305403	0.6175438596491228	0.6136742017832698	0.595449751393702	0.5625	0.5862322751582356	0.6005352701737476	0.6008192990441511	0.5946117036115105	0.5873818766419637	0.5464480874316939	0.543010752688172	0.5483870967741935	0.5541666666666667	0.6001346264117075	0.6025949062950504	0.6164949688548155	0.590308793821375	1.0	0.5536153259303213	0.5277777777777778	0.5979088417419551	0.5737319933877358	0.5978543264969282	0.532258064516129	0.581495419802789	0.5229885057471265	0.6061621298235118
sh	0.5576923076923077	0.5714285714285714	0.568039950062422	0.5471698113207547	0.5853658536585367	0.5674719462511615	0.5747126436781609	0.5331114808652246	0.553072625698324	0.5509807100016211	0.5790996910321091	0.5720008011215701	0.6030130935478782	0.5592741807569077	0.5502645502645502	0.5584415584415584	0.5642857142857143	0.609375	0.6060606060606061	0.5540540540540541	0.5619298601256841	0.5813953488372093	0.5736434108527132	0.5734144222415292	0.592485549132948	0.5536153259303213	1.0	0.5573770491803278	0.579108635097493	0.622427551448971	0.5483870967741935	0.5277777777777778	0.5858585858585859	0.5660377358490566	0.5646891987709761
si	0.5135135135135135	0.55	0.5208333333333334	0.5277777777777778	0.5376344086021506	0.5307692307692308	0.5333333333333333	0.5186882027068092	0.5266272189349113	0.5263157894736842	0.5327102803738317	0.5411764705882353	0.5421686746987951	0.5255474452554745	0.5280898876404494	0.5314685314685315	0.5348837209302326	0.5471698113207547	0.5454545454545455	0.543859649122807	0.5483870967741935	0.5327868852459017	0.5333333333333333	0.5303030303030303	0.5319148936170213	0.5277777777777778	0.5573770491803278	1.0	0.5353535353535354	0.5384615384615384	0.5257142857142857	0.5384615384615384	0.5333333333333333	0.5263157894736842	0.5342465753424658
simple	0.5373414748708314	0.5425531914893617	0.5553923009109609	0.5284680717206669	0.6137966379663797	0.605181903611223	0.5798319327731092	0.5600891579039031	0.5910316825227468	0.5876946028537742	0.607809647211261	0.5769230769230769	0.617856843165226	0.5903592171950723	0.5794572357507797	0.599546977490444	0.5990963054841854	0.5754168552233091	0.5705553219703096	0.5646325269903585	0.5534259702922856	0.5970260778599715	0.6118122160524987	0.6106132898871174	0.5957319770013269	0.5979088417419551	0.579108635097493	0.5353535353535354	1.0	0.6012031782065834	0.5784425363411606	0.5377358490566038	0.5980112261685862	0.5395027624309392	0.6144801758644641
sr	0.5552156177156178	0.5555555555555556	0.5531079103442964	0.5441176470588236	0.5897345132743362	0.5824390951276102	0.5918367346938775	0.5445656497979523	0.5754883930740137	0.5627260565822721	0.5848298676748582	0.5714285714285714	0.6060673855653497	0.5707374476987448	0.5656565656565656	0.575001699177598	0.5677118644067797	0.6061448982172208	0.5925925925925926	0.5654454486765655	0.554710604140262	0.5866912790959434	0.5857142857142857	0.5909825558713704	0.6118451025056948	0.5737319933877358	0.622427551448971	0.5384615384615384	0.6012031782065834	1.0	0.5599525128611001	0.543927505801746	0.591812865497076	0.5588235294117647	0.5802388368664134
sv	0.5192290125148443	0.5294117647058824	0.5386860338182546	0.5178571428571429	0.5859953604261534	0.5988328135336924	0.5625	0.5880393155514785	0.5872079870903525	0.5807179427844147	0.5715123094958968	0.5615763546798029	0.5789955249455174	0.5739910313901345	0.615802335052946	0.604121525056475	0.5787147494817538	0.5495670869893661	0.5428427552940552	0.5434752267969295	0.5435528740200152	0.5872794390377449	0.591084110550184	0.5873986848141918	0.5826300777023704	0.5978543264969282	0.5483870967741935	0.5257142857142857	0.5784425363411606	0.5599525128611001	1.0	0.5274725274725275	0.5756885661496154	0.5207100591715976	0.5817318992243724
te	0.5348837209302326	0.5416666666666666	0.5178571428571429	0.5476190476190476	0.5294117647058824	0.5367647058823529	0.5813630041724618	0.524390243902439	0.5284090909090908	0.5306122448979592	0.5258620689655172	0.5952380952380952	0.5268817204301075	0.5390070921985816	0.5268817204301075	0.5369127516778524	0.5251798561151079	0.540983606557377	0.53125	0.6095791001451379	0.6062474862582116	0.5267175572519084	0.53125	0.5285714285714286	0.5294117647058824	0.532258064516129	0.5277777777777778	0.5384615384615384	0.5377358490566038	0.543927505801746	0.5274725274725275	1.0	0.5306122448979592	0.5454545454545455	0.5256410256410257
vi	0.5443037974683544	0.5542168674698795	0.5568181818181818	0.5375	0.6041501304002722	0.5886075949367089	0.5871559633027523	0.5520988073511311	0.5824742268041238	0.575065455963456	0.6089851781385215	0.5737704918032787	0.5970062105207283	0.601510067114094	0.5830552321821239	0.6024096385542168	0.5981459523552872	0.5888888888888889	0.5806451612903225	0.5555555555555556	0.5491730842065395	0.5967051912393845	0.592675248077153	0.5893319179990713	0.6016260162601625	0.581495419802789	0.5858585858585859	0.5333333333333333	0.5980112261685862	0.591812865497076	0.5756885661496154	0.5306122448979592	1.0	0.55	0.5936441460860996
war	0.625	0.5625	0.5384615384615384	0.5555555555555556	0.5411764705882353	0.5327868852459017	0.5625	0.5125000000000001	0.5246913580246914	0.5217391304347826	0.5353535353535354	0.5384615384615384	0.5540540540540541	0.53125	0.5232558139534884	0.5294117647058824	0.5327868852459017	0.6116207951070336	0.5909090909090909	0.5625	0.5454545454545455	0.5350877192982456	0.5357142857142857	0.532258064516129	0.5476190476190476	0.5229885057471265	0.5660377358490566	0.5263157894736842	0.5395027624309392	0.5588235294117647	0.5207100591715976	0.5454545454545455	0.55	1.0	0.5285714285714286
zh	0.5251798561151079	0.5320060685102872	0.5403383139388097	0.5214285714285714	0.5999907693727788	0.6163531833345163	0.5696969696969697	0.5851869830006355	0.6143253323132829	0.6205619690699195	0.6052317328706938	0.5635058985689383	0.6016760409195576	0.611947547353084	0.5927621227292234	0.6076678051963004	0.6263019025135398	0.5533333333333333	0.5543178185692836	0.5434588214253778	0.5431301779199311	0.5956047522655256	0.5943156459211506	0.6109452443633904	0.5844766345297705	0.6061621298235118	0.5646891987709761	0.5342465753424658	0.6144801758644641	0.5802388368664134	0.5817318992243724	0.5256410256410257	0.5936441460860996	0.5285714285714286	1.0
