arz	bs	ceb	ckb	da	de	el	en	es	fr	he	hi	hu	id	it	ja	ko	lv	mk	ml	mr	nl	pl	pt	ro	ru	sh	si	simple	sr	sv	te	vi	war	zh
arz	1.0	0.0	0.0	0.0	1.0	1.0	1.0	1.0	1.0	1.0	0.0	1.0	1.0	1.0	1.0	1.0	1.0	1.0	0.0	1.0	0.0	1.0	1.0	1.0	1.0	1.0	1.0	0.0	1.0	1.0	1.0	0.0	1.0	0.0	1.0
bs	0.0	1.0	1.0	1.0	1.0	0.585786437626905	1.0	0.5	1.0	1.0	1.0	1.0	1.0	1.0	1.0	1.0	1.0	1.0	1.0	1.0	1.0	1.0	1.0	1.0	1.0	1.0	1.0	0.0	1.0	1.0	1.0	1.0	1.0	0.0	1.0
ceb	0.0	1.0	1.0	1.0	1.0	1.0	1.0	1.0	1.0	1.0	1.0	1.0	1.0	1.0	1.0	1.0	1.0	1.0	0.0	1.0	0.0	1.0	1.0	1.0	1.0	0.0	1.0	0.0	1.0	1.0	1.0	1.0	1.0	0.0	1.0
ckb	0.0	1.0	1.0	1.0	0.585786437626905	0.5	1.0	1.0	1.0	0.5	1.0	1.0	1.0	0.585786437626905	0.38742588672279304	1.0	1.0	1.0	1.0	0.0	1.0	1.0	1.0	0.4364916731037085	1.0	1.0	0.585786437626905	1.0	1.0	1.0	0.585786437626905	1.0	1.0	0.0	1.0
da	1.0	1.0	1.0	0.585786437626905	1.0	0.08674454458191143	0.39564392373896	0.14587346695970377	0.08215554929607577	0.07047228393947783	0.25824569976124334	0.585786437626905	0.2612038749637414	0.1322297098483795	0.1383396106854251	0.13832540093371765	0.12817185237666615	0.27718637277259645	1.0	1.0	0.585786437626905	0.09709426798023482	0.1437155838813476	0.07861743809086429	0.2402530733520421	0.11814465250770896	0.19636040545626823	0.585786437626905	0.20151854090012178	0.1779738764024757	0.0934825890446406	0.5	0.16032759761971202	1.0	0.15395385841142584
de	1.0	0.585786437626905	1.0	0.5	0.08674454458191143	1.0	0.28989794855663564	0.050754100689608804	0.041022029191621255	0.043097226062631964	0.2187841884486319	0.3430703308172536	0.1498638924035307	0.0972559770605319	0.044552062959347376	0.0941335172842537	0.11410475762532837	0.39564392373896007	0.585786437626905	1.0	1.0	0.05059611935838985	0.07843355494215959	0.04838073961004133	0.20211929788176028	0.05298135928326367	0.07115161011964326	1.0	0.28172904669025317	0.08077670565557231	0.08598203678804969	1.0	0.28436465220442186	1.0	0.10561414412346612
el	1.0	1.0	1.0	1.0	0.39564392373896	0.28989794855663564	1.0	0.07933613558867436	0.26968623182294527	0.3660254037844386	1.0	1.0	0.2449655295864104	0.585786437626905	0.09494117365751109	1.0	1.0	1.0	1.0	1.0	1.0	0.585786437626905	0.44948974278317805	0.23441237831492112	0.3797958971132712	1.0	0.21712927295533244	1.0	0.585786437626905	1.0	0.39564392373896	1.0	1.0	1.0	1.0
en	1.0	0.5	1.0	1.0	0.14587346695970377	0.050754100689608804	0.07933613558867436	1.0	0.026501416438376238	0.03993878655237969	0.06222287754846714	0.18660549686337075	0.07377186130930222	0.05833108299781365	0.12928247195834666	0.040426636975213745	0.04824482684639988	0.2958163163244893	0.5	1.0	1.0	0.03255302179528946	0.0440008804788735	0.06383672766664768	0.08217541258450246	0.030689081671998502	0.2307270287396768	1.0	0.16039080551233934	0.05735014531734556	0.047945019895102865	0.585786437626905	0.15668376804536263	1.0	0.04284116046420265
es	1.0	1.0	1.0	1.0	0.08215554929607577	0.041022029191621255	0.26968623182294527	0.026501416438376238	1.0	0.03772021801829788	0.30216947925196225	0.5	0.1550806695637289	0.1693021097300292	0.029365031799633876	0.13757104980321125	0.1631944431273315	1.0	1.0	1.0	1.0	0.12973190755680383	0.16903426192449822	0.03589217330054134	0.2204812092115424	0.1233603071065848	0.06182329630271789	1.0	0.28989794855663564	0.2372732414640341	0.1657235465850394	0.5	0.3797958971132712	1.0	0.21712927295533244
fr	1.0	1.0	1.0	0.5	0.07047228393947783	0.043097226062631964	0.3660254037844386	0.03993878655237969	0.03772021801829788	1.0	0.27429188517743175	0.585786437626905	0.1387271119497885	0.14822693275055912	0.03403316605529401	0.13100580420257674	0.1585482616943639	0.44948974278317805	1.0	1.0	1.0	0.0889989667603908	0.14548268842493628	0.036599406530105606	0.2402530733520421	0.0925523921123566	0.0674386945460403	1.0	0.3021694792519622	0.23166247903554	0.0934145550678711	0.36602540378443865	0.5	1.0	0.2240092377397959
he	0.0	1.0	1.0	1.0	0.25824569976124334	0.2187841884486319	1.0	0.06222287754846714	0.30216947925196225	0.27429188517743175	1.0	1.0	0.39564392373896007	0.3333333333333333	0.10564551980377636	0.585786437626905	0.585786437626905	1.0	1.0	1.0	1.0	0.585786437626905	0.585786437626905	0.22966848451216434	0.44948974278317805	1.0	0.11242086176442405	1.0	0.4364916731037085	1.0	0.4364916731037085	1.0	1.0	1.0	1.0
hi	1.0	1.0	1.0	1.0	0.585786437626905	0.3430703308172536	1.0	0.18660549686337075	0.5	0.585786437626905	1.0	1.0	0.44948974278317805	0.4364916731037085	0.26427884169111276	0.585786437626905	0.585786437626905	1.0	1.0	1.0	1.0	1.0	1.0	0.39564392373896007	1.0	1.0	0.18013814959527524	1.0	1.0	1.0	0.5	1.0	1.0	0.0	1.0
hu	1.0	1.0	1.0	1.0	0.2612038749637414	0.1498638924035307	0.2449655295864104	0.07377186130930222	0.1550806695637289	0.1387271119497885	0.39564392373896007	0.44948974278317805	1.0	0.2791745113185196	0.0726062888046679	0.32449979983983984	0.3430703308172536	0.44948974278317805	1.0	1.0	1.0	0.21796629576034135	0.19738971127857352	0.18082281577969897	0.30552726787943424	0.21089672205953397	0.15911374056307476	1.0	0.44948974278317805	0.2674788903885893	0.44948974278317805	0.585786437626905	0.5	1.0	0.32449979983983984
id	1.0	1.0	1.0	0.585786437626905	0.1322297098483795	0.0972559770605319	0.585786437626905	0.05833108299781365	0.1693021097300292	0.14822693275055912	0.3333333333333333	0.4364916731037085	0.2791745113185196	1.0	0.0625239863199849	0.2025519956555797	0.21393876913398135	0.585786437626905	1.0	1.0	1.0	0.17826035697019474	0.20799159651347807	0.07485575507377894	0.28989794855663564	0.18905299528192201	0.09440736541830197	1.0	0.3090169943749474	0.23371479611805132	0.1975496259559987	0.585786437626905	0.3797958971132712	1.0	0.2222222222222222
it	1.0	1.0	1.0	0.38742588672279304	0.1383396106854251	0.044552062959347376	0.09494117365751109	0.12928247195834666	0.029365031799633876	0.03403316605529401	0.10564551980377636	0.26427884169111276	0.0726062888046679	0.0625239863199849	1.0	0.04797596321600116	0.055980253213380016	0.585786437626905	1.0	1.0	1.0	0.038929532165058754	0.0471633899537613	0.057724405118892735	0.10699772094718324	0.03958927558225617	0.11730757173387255	1.0	0.19292728076790167	0.06923131938664119	0.0552651578036798	0.5	0.18212510583143446	1.0	0.0515290721839836
ja	1.0	1.0	1.0	1.0	0.13832540093371765	0.0941335172842537	1.0	0.040426636975213745	0.13757104980321125	0.13100580420257674	0.585786437626905	0.585786437626905	0.32449979983983984	0.2025519956555797	0.04797596321600116	1.0	0.5	1.0	1.0	1.0	1.0	0.32881309020609956	0.4142135623730951	0.09171701805729104	0.30216947925196225	0.5	0.06623056989615957	1.0	0.39564392373896007	0.585786437626905	0.22692742153812007	1.0	0.585786437626905	1.0	0.585786437626905
ko	1.0	1.0	1.0	1.0	0.12817185237666615	0.11410475762532837	1.0	0.04824482684639988	0.1631944431273315	0.1585482616943639	0.585786437626905	0.585786437626905	0.3430703308172536	0.21393876913398135	0.055980253213380016	0.5	1.0	1.0	1.0	1.0	1.0	0.3726822671238253	0.4142135623730951	0.10664898190967771	0.30216947925196225	0.5	0.08436276404941873	1.0	0.3726822671238253	0.585786437626905	0.16015261286229274	1.0	0.5	1.0	0.585786437626905
lv	1.0	1.0	1.0	1.0	0.27718637277259645	0.39564392373896007	1.0	0.2958163163244893	1.0	0.44948974278317805	1.0	1.0	0.44948974278317805	0.585786437626905	0.585786437626905	1.0	1.0	1.0	1.0	1.0	1.0	0.585786437626905	1.0	0.44948974278317805	1.0	1.0	0.585786437626905	1.0	0.585786437626905	1.0	1.0	1.0	1.0	1.0	1.0
mk	0.0	1.0	0.0	1.0	1.0	0.585786437626905	1.0	0.5	1.0	1.0	1.0	1.0	1.0	1.0	1.0	1.0	1.0	1.0	1.0	1.0	1.0	1.0	1.0	1.0	1.0	1.0	1.0	1.0	1.0	1.0	1.0	1.0	1.0	0.0	1.0
ml	1.0	1.0	1.0	0.0	1.0	1.0	1.0	1.0	1.0	1.0	1.0	1.0	1.0	1.0	1.0	1.0	1.0	1.0	1.0	1.0	0.0	1.0	1.0	1.0	1.0	1.0	1.0	1.0	1.0	1.0	1.0	1.0	1.0	0.0	1.0
mr	0.0	1.0	0.0	1.0	0.585786437626905	1.0	1.0	1.0	1.0	1.0	1.0	1.0	1.0	1.0	1.0	1.0	1.0	1.0	1.0	0.0	1.0	1.0	1.0	1.0	1.0	1.0	1.0	1.0	1.0	1.0	1.0	1.0	1.0	1.0	1.0
nl	1.0	1.0	1.0	1.0	0.09709426798023482	0.05059611935838985	0.585786437626905	0.03255302179528946	0.12973190755680383	0.0889989667603908	0.585786437626905	1.0	0.21796629576034135	0.17826035697019474	0.038929532165058754	0.32881309020609956	0.3726822671238253	0.585786437626905	1.0	1.0	1.0	1.0	0.15767328199807013	0.061836800951733516	0.3430703308172536	0.19404996501286384	0.07629700146432208	1.0	0.5	0.32449979983983984	0.2043134457775982	0.5	1.0	1.0	0.3164309725825328
pl	1.0	1.0	1.0	1.0	0.1437155838813476	0.07843355494215959	0.44948974278317805	0.0440008804788735	0.16903426192449822	0.14548268842493628	0.585786437626905	1.0	0.19738971127857352	0.20799159651347807	0.0471633899537613	0.4142135623730951	0.4142135623730951	1.0	1.0	1.0	1.0	0.15767328199807013	1.0	0.06095784268005699	0.3288130902060995	0.15966587815641597	0.07108686331677493	1.0	0.39564392373896007	0.3430703308172536	0.21979723016032493	1.0	1.0	1.0	0.44948974278317805
pt	1.0	1.0	1.0	0.4364916731037085	0.07861743809086429	0.04838073961004133	0.23441237831492112	0.06383672766664768	0.03589217330054134	0.036599406530105606	0.22966848451216434	0.39564392373896007	0.18082281577969897	0.07485575507377894	0.057724405118892735	0.09171701805729104	0.10664898190967771	0.44948974278317805	1.0	1.0	1.0	0.061836800951733516	0.06095784268005699	1.0	0.14474532194112963	0.04403372971609536	0.06403930053087785	1.0	0.268921890531074	0.20521309615767264	0.0628219451373262	0.22772999919644132	0.20168959288722538	1.0	0.09661532675671783
ro	1.0	1.0	1.0	1.0	0.2402530733520421	0.20211929788176028	0.3797958971132712	0.08217541258450246	0.2204812092115424	0.2402530733520421	0.44948974278317805	1.0	0.30552726787943424	0.28989794855663564	0.10699772094718324	0.30216947925196225	0.30216947925196225	1.0	1.0	1.0	1.0	0.3430703308172536	0.3288130902060995	0.14474532194112963	1.0	0.2742918851774318	0.2449655295864104	1.0	0.5	0.30216947925196225	0.3333333333333333	1.0	1.0	1.0	0.2742918851774318
ru	1.0	1.0	0.0	1.0	0.11814465250770896	0.05298135928326367	1.0	0.030689081671998502	0.1233603071065848	0.0925523921123566	1.0	1.0	0.21089672205953397	0.18905299528192201	0.03958927558225617	0.5	0.5	1.0	1.0	1.0	1.0	0.19404996501286384	0.15966587815641597	0.04403372971609536	0.2742918851774318	1.0	0.07307698786841048	1.0	0.39564392373896007	1.0	0.23166247903554	1.0	0.585786437626905	1.0	0.585786437626905
sh	1.0	1.0	1.0	0.585786437626905	0.19636040545626823	0.07115161011964326	0.21712927295533244	0.2307270287396768	0.06182329630271789	0.0674386945460403	0.11242086176442405	0.18013814959527524	0.15911374056307476	0.09440736541830197	0.11730757173387255	0.06623056989615957	0.08436276404941873	0.585786437626905	1.0	1.0	1.0	0.07629700146432208	0.07108686331677493	0.06403930053087785	0.2449655295864104	0.07307698786841048	1.0	1.0	0.36602540378443865	0.10213222054131414	0.21745949499186729	0.12020313540705976	0.27429188517743175	1.0	0.08049158037680203
si	0.0	0.0	0.0	1.0	0.585786437626905	1.0	1.0	1.0	1.0	1.0	1.0	1.0	1.0	1.0	1.0	1.0	1.0	1.0	1.0	1.0	1.0	1.0	1.0	1.0	1.0	1.0	1.0	1.0	1.0	1.0	1.0	1.0	1.0	1.0	1.0
simple	1.0	1.0	1.0	1.0	0.20151854090012178	0.28172904669025317	0.585786437626905	0.16039080551233934	0.28989794855663564	0.3021694792519622	0.4364916731037085	1.0	0.44948974278317805	0.3090169943749474	0.19292728076790167	0.39564392373896007	0.3726822671238253	0.585786437626905	1.0	1.0	1.0	0.5	0.39564392373896007	0.268921890531074	0.5	0.39564392373896007	0.36602540378443865	1.0	1.0	0.585786437626905	0.3164309725825328	0.585786437626905	0.585786437626905	1.0	0.39564392373896007
sr	1.0	1.0	1.0	1.0	0.1779738764024757	0.08077670565557231	1.0	0.05735014531734556	0.2372732414640341	0.23166247903554	1.0	1.0	0.2674788903885893	0.23371479611805132	0.06923131938664119	0.585786437626905	0.585786437626905	1.0	1.0	1.0	1.0	0.32449979983983984	0.3430703308172536	0.20521309615767264	0.30216947925196225	1.0	0.10213222054131414	1.0	0.585786437626905	1.0	0.2661832955178855	0.585786437626905	0.585786437626905	1.0	1.0
sv	1.0	1.0	1.0	0.585786437626905	0.0934825890446406	0.08598203678804969	0.39564392373896	0.047945019895102865	0.1657235465850394	0.0934145550678711	0.4364916731037085	0.5	0.44948974278317805	0.1975496259559987	0.0552651578036798	0.22692742153812007	0.16015261286229274	1.0	1.0	1.0	1.0	0.2043134457775982	0.21979723016032493	0.0628219451373262	0.3333333333333333	0.23166247903554	0.21745949499186729	1.0	0.3164309725825328	0.2661832955178855	1.0	0.585786437626905	0.585786437626905	1.0	0.22849890415642563
te	0.0	1.0	1.0	1.0	0.5	1.0	1.0	0.585786437626905	0.5	0.36602540378443865	1.0	1.0	0.585786437626905	0.585786437626905	0.5	1.0	1.0	1.0	1.0	1.0	1.0	0.5	1.0	0.22772999919644132	1.0	1.0	0.12020313540705976	1.0	0.585786437626905	0.585786437626905	0.585786437626905	1.0	1.0	1.0	1.0
vi	1.0	1.0	1.0	1.0	0.16032759761971202	0.28436465220442186	1.0	0.15668376804536263	0.3797958971132712	0.5	1.0	1.0	0.5	0.3797958971132712	0.18212510583143446	0.585786437626905	0.5	1.0	1.0	1.0	1.0	1.0	1.0	0.20168959288722538	1.0	0.585786437626905	0.27429188517743175	1.0	0.585786437626905	0.585786437626905	0.585786437626905	1.0	1.0	1.0	0.585786437626905
war	0.0	0.0	0.0	0.0	1.0	1.0	1.0	1.0	1.0	1.0	1.0	0.0	1.0	1.0	1.0	1.0	1.0	1.0	0.0	0.0	1.0	1.0	1.0	1.0	1.0	1.0	1.0	1.0	1.0	1.0	1.0	1.0	1.0	1.0	0.0
zh	1.0	1.0	1.0	1.0	0.15395385841142584	0.10561414412346612	1.0	0.04284116046420265	0.21712927295533244	0.2240092377397959	1.0	1.0	0.32449979983983984	0.2222222222222222	0.0515290721839836	0.585786437626905	0.585786437626905	1.0	1.0	1.0	1.0	0.3164309725825328	0.44948974278317805	0.09661532675671783	0.2742918851774318	0.585786437626905	0.08049158037680203	1.0	0.39564392373896007	1.0	0.22849890415642563	1.0	0.585786437626905	0.0	1.0
