arz	bs	ceb	ckb	da	de	el	en	es	fr	he	hi	hu	id	it	ja	ko	lv	mk	ml	mr	nl	pl	pt	ro	ru	sh	si	simple	sr	sv	te	vi	war	zh
arz	1.0	0.5666666666666667	0.5263157894736842	0.56	0.5357142857142857	0.5260425679183249	0.5555555555555556	0.5109717868338558	0.5217391304347826	0.5191256830601093	0.5319563522992985	0.5256410256410257	0.547945205479452	0.5275590551181103	0.5174418604651163	0.5220588235294117	0.5289256198347108	0.5797101449275363	0.5681818181818182	0.5587106676899463	0.5395567060346222	0.5309734513274337	0.5315315315315315	0.5284552845528455	0.5463406292749657	0.5211349160393747	0.5576923076923077	0.5135135135135135	0.5353299017313992	0.5522388059701493	0.5178571428571429	0.5348837209302326	0.5443037974683544	0.6716417910447761	0.5262188016584917
bs	0.5666666666666667	1.0	0.5476190476190476	0.5666666666666667	0.5517241379310345	0.5317460317460317	0.5671641791044776	0.515527950310559	0.5272727272727272	0.5240641711229946	0.55	0.55	0.5512820512820512	0.5343511450381679	0.5227272727272727	0.5285714285714286	0.536	0.5869565217391304	0.56	0.5576923076923077	0.5517241379310345	0.5338983050847458	0.5391304347826087	0.5354330708661417	0.5454545454545455	0.5254237288135593	0.5714285714285714	0.55	0.5425531914893617	0.5555555555555556	0.5308910276311705	0.5416666666666666	0.5542168674698795	0.5625	0.5314685314685315
ceb	0.5263157894736842	0.5476190476190476	1.0	0.5405405405405405	0.5819153146022952	0.5547928107838243	0.5431829615965118	0.5206543571376715	0.5389221556886228	0.5359739650521872	0.5622700254741013	0.5558967360400319	0.5855210819411297	0.5418339934084804	0.5350057596313836	0.5421805624074988	0.5440956651718983	0.5926481620405101	0.5705521472392638	0.5448354143019296	0.5400862068965517	0.5522667665792431	0.5650684931506849	0.5475255580317663	0.5651317409505048	0.5371042114970797	0.571608040201005	0.5208333333333334	0.5571605447791993	0.5531079103442964	0.5398044380943876	0.5178571428571429	0.5622630213530234	0.5384615384615384	0.5413198436422166
ckb	0.56	0.5666666666666667	0.5405405405405405	1.0	0.5357142857142857	0.5304504504504505	0.5384615384615384	0.5109717868338558	0.5185185185185185	0.5191256830601093	0.5306122448979592	0.5394736842105263	0.5405405405405405	0.5234375	0.5174418604651163	0.5220588235294117	0.5245901639344263	0.5714285714285714	0.5555555555555556	0.5531914893617021	0.5471698113207547	0.5263157894736842	0.5267857142857143	0.5241935483870968	0.5357142857142857	0.5172413793103449	0.5471698113207547	0.5277777777777778	0.5284680717206669	0.5441176470588236	0.5178571428571429	0.5476190476190476	0.5375	0.5555555555555556	0.5214285714285714
da	0.5357142857142857	0.5517241379310345	0.5819153146022952	0.5357142857142857	1.0	0.5962519405633179	0.584070796460177	0.555016445133056	0.5888807607900512	0.583243556807823	0.6131958159607929	0.576	0.6261372705506784	0.5927177941595732	0.578262888992104	0.584689349112426	0.5990102961130178	0.5946541195314846	0.5714285714285714	0.5609272835347731	0.5548639516272452	0.6031145807920631	0.6155653981740938	0.604404567699837	0.6148382004735596	0.5843255796807609	0.5853658536585367	0.5376344086021506	0.6137966379663797	0.5933048433048433	0.5859953604261534	0.5294117647058824	0.6118511713367019	0.5411764705882353	0.5994153394996266
de	0.5260425679183249	0.5317460317460317	0.5547928107838243	0.5304504504504505	0.5962519405633179	1.0	0.5782312925170068	0.5775594543108217	0.6146788990825688	0.6243671030424669	0.6075949367088607	0.5723270440251572	0.6007691967640688	0.6016897269499204	0.6013214126530505	0.6153362664990571	0.5993453030453328	0.556390977443609	0.56124894017031	0.5615523001799023	0.5545677572931089	0.6207789804792303	0.617268515113628	0.6161284526551346	0.6027450472614269	0.6088743714904393	0.5642857142857143	0.5307692307692308	0.6116191354842211	0.5824390951276102	0.5959392891992616	0.5367647058823529	0.5917034272141161	0.5327868852459017	0.6136744284654253
el	0.5555555555555556	0.5671641791044776	0.5431829615965118	0.5384615384615384	0.584070796460177	0.5782312925170068	1.0	0.5411764705882353	0.5645161290322581	0.5576923076923077	0.5793650793650793	0.5849056603773585	0.580952380952381	0.5693342257067279	0.5612244897959184	0.5750000000000001	0.5666666666666667	0.5769230769230769	0.5679012345679012	0.5875	0.5747126436781609	0.5704225352112676	0.5714285714285714	0.5810810810810811	0.5789473684210527	0.5645155803510682	0.5747126436781609	0.5333333333333333	0.5798319327731092	0.5918367346938775	0.5625	0.5641025641025641	0.5871559633027523	0.5625	0.5696969696969697
en	0.5109717868338558	0.515527950310559	0.5206543571376715	0.5109717868338558	0.555016445133056	0.5775594543108217	0.5411764705882353	1.0	0.5954648610728724	0.6086068329970769	0.5637577248879272	0.5498808307797072	0.54977146019513	0.582737347818966	0.591782120617957	0.5845769559177744	0.5710322176162894	0.52600982527532	0.525679758308157	0.5295592093301125	0.5341131434943023	0.5722301003967937	0.5703924545014009	0.5766117595723792	0.5546592740814852	0.60075448730925	0.5331114808652246	0.5185185185185185	0.5609332541800289	0.54509635435769	0.588625653823512	0.5245627050716268	0.5526617665802779	0.5125000000000001	0.5853495548753476
es	0.5217391304347826	0.5272727272727272	0.5389221556886228	0.5185185185185185	0.5888807607900512	0.6146788990825688	0.5645161290322581	0.5954648610728724	1.0	0.625	0.5949225729600953	0.5634517766497462	0.5921052631578947	0.5930735930735931	0.6000000000000001	0.605078575867886	0.5955555555555555	0.5510061242344707	0.5428571428571428	0.5454545454545455	0.5439560439560439	0.6132075471698113	0.6019417475728156	0.615469735531703	0.5835636783695697	0.6186291739894552	0.553072625698324	0.5266272189349113	0.5931059096451834	0.573359607273733	0.5872079870903525	0.5284090909090908	0.5824742268041238	0.5246913580246914	0.6130355949995229
fr	0.5191256830601093	0.5240641711229946	0.5359739650521872	0.5191256830601093	0.583243556807823	0.6243671030424669	0.5576923076923077	0.6086068329970769	0.625	1.0	0.5990278019352417	0.5631953205642849	0.5814103390486013	0.5997198505869797	0.5960233094262295	0.6017545896983837	0.6050780714299708	0.5412371134020618	0.5435897435897437	0.546801530064559	0.5546101092202184	0.6056745377997438	0.5983151838915143	0.6033172211164819	0.5817920209287116	0.6110967837011384	0.55	0.5263157894736842	0.5852723395078	0.5643758696084278	0.5800132898044087	0.5306122448979592	0.575065455963456	0.5217391304347826	0.6182054898557013
he	0.5319563522992985	0.55	0.5622700254741013	0.5306122448979592	0.6131958159607929	0.6075949367088607	0.5793650793650793	0.5637577248879272	0.5949225729600953	0.5990278019352417	1.0	0.5725169562389668	0.6090794451450189	0.6073245167853509	0.5791832799103537	0.592066165755058	0.5892728950876833	0.5756552643269658	0.5653521126760563	0.552944429084877	0.5485836932616127	0.6012269938650306	0.597932719413644	0.6328948530060916	0.5998254656521858	0.5976107666717073	0.5806211277546859	0.5327102803738317	0.607809647211261	0.5871421793452475	0.5698421975452952	0.5258620689655172	0.6120277563608327	0.5353535353535354	0.6037218501370972
hi	0.5256410256410257	0.55	0.5558967360400319	0.5394736842105263	0.576	0.5723270440251572	0.5849056603773585	0.5498808307797072	0.5634517766497462	0.5631953205642849	0.5725169562389668	1.0	0.5797893538286365	0.5802469135802469	0.556740614334471	0.5730994152046783	0.5690463783220427	0.5795454545454545	0.5652173913043479	0.5888888888888889	0.6236679753224902	0.5612903225806452	0.5715968366145044	0.5644171779141104	0.5748865355521937	0.5644599303135889	0.5656565656565656	0.5411764705882353	0.5769230769230769	0.5714285714285714	0.564458048253511	0.5952380952380952	0.5737704918032787	0.5384615384615384	0.5623659829267306
hu	0.547945205479452	0.5512820512820512	0.5855210819411297	0.5405405405405405	0.6261372705506784	0.6007691967640688	0.580952380952381	0.54977146019513	0.5921052631578947	0.5814103390486013	0.6090794451450189	0.5797893538286365	1.0	0.5833961964505499	0.5717359848625385	0.5893772785204066	0.599250936329588	0.5937353903693314	0.5819373634377276	0.5709803921568627	0.5668301098701535	0.6053995513266807	0.6164322985761033	0.6001388406803193	0.6182726623840115	0.5879053289376569	0.6004083876541271	0.5421686746987951	0.617856843165226	0.6026696329254727	0.5746743060944801	0.5311216948595828	0.5992008524240809	0.5540540540540541	0.5988784414657286
id	0.5275590551181103	0.5343511450381679	0.5418339934084804	0.5234375	0.5927177941595732	0.6016897269499204	0.5693342257067279	0.582737347818966	0.5930735930735931	0.5997198505869797	0.6073245167853509	0.5802469135802469	0.5833961964505499	1.0	0.5835244648318042	0.5986941580756013	0.5971131231457426	0.5579710144927537	0.5546053278285659	0.5537012035733778	0.5602002164502164	0.5885416666666666	0.5916398713826367	0.5980438648488441	0.591710182767624	0.6020169604113288	0.5592741807569077	0.5255474452554745	0.5918334548960947	0.5718590331455522	0.5714285714285714	0.5390070921985816	0.6030277544154752	0.53125	0.6150842079570418
it	0.5174418604651163	0.5227272727272727	0.5350057596313836	0.5174418604651163	0.578262888992104	0.6013214126530505	0.5612244897959184	0.591782120617957	0.6000000000000001	0.5960233094262295	0.5791832799103537	0.556740614334471	0.5717359848625385	0.5835244648318042	1.0	0.6131357917883278	0.5839817746087163	0.5439560439560439	0.5469963749352666	0.543010752688172	0.538860103626943	0.5921052631578947	0.5942061822301343	0.5944197331176708	0.5853658536585366	0.6008192990441511	0.5502645502645502	0.5280898876404494	0.5786701123148793	0.5683023595740239	0.6146757910427536	0.5268817204301075	0.5830552321821239	0.5232558139534884	0.5943348870562926
ja	0.5220588235294117	0.5285714285714286	0.5421805624074988	0.5220588235294117	0.584689349112426	0.6153362664990571	0.5750000000000001	0.5845769559177744	0.605078575867886	0.6017545896983837	0.592066165755058	0.5730994152046783	0.5893772785204066	0.5986941580756013	0.6131357917883278	1.0	0.6083306792847719	0.5510204081632653	0.556965269768038	0.5556450395127599	0.5512820512820512	0.596938775510204	0.5965536571693192	0.5893719806763285	0.5943307086614172	0.5946117036115105	0.5584415584415584	0.5314685314685315	0.599546977490444	0.575001699177598	0.5988210026047617	0.5369127516778524	0.6052581804425949	0.5294117647058824	0.6076678051963004
ko	0.5289256198347108	0.536	0.5440956651718983	0.5245901639344263	0.5990102961130178	0.5993453030453328	0.5666666666666667	0.5710322176162894	0.5955555555555555	0.6050780714299708	0.5892728950876833	0.5690463783220427	0.599250936329588	0.5971131231457426	0.5839817746087163	0.6083306792847719	1.0	0.5606060606060607	0.5637207966296438	0.5460793502030615	0.5460518830356127	0.5851063829787234	0.5899803739283133	0.5916587608552871	0.5860925099206349	0.588189100047118	0.5642857142857143	0.5348837209302326	0.5990963054841854	0.5705160960654062	0.5787147494817538	0.5251798561151079	0.5961538461538461	0.5327868852459017	0.6274928114275113
lv	0.5797101449275363	0.5869565217391304	0.5926481620405101	0.5714285714285714	0.5946541195314846	0.556390977443609	0.5769230769230769	0.52600982527532	0.5510061242344707	0.5412371134020618	0.5756552643269658	0.5795454545454545	0.5937353903693314	0.5579710144927537	0.5439560439560439	0.5510204081632653	0.5606060606060607	1.0	0.6034482758620691	0.5774278215223096	0.5652173913043479	0.5645161290322581	0.5727034448327509	0.5639097744360902	0.5913978494623656	0.5464480874316939	0.609375	0.5471698113207547	0.5765809759670725	0.6061448982172208	0.5480225988700566	0.5736505032021958	0.5888888888888889	0.5681818181818182	0.5533333333333333
mk	0.5681818181818182	0.56	0.5705521472392638	0.5555555555555556	0.5714285714285714	0.56124894017031	0.5679012345679012	0.525679758308157	0.5428571428571428	0.5435897435897437	0.5653521126760563	0.5652173913043479	0.5819373634377276	0.5546053278285659	0.5469963749352666	0.556965269768038	0.5637207966296438	0.6034482758620691	1.0	0.5606060606060607	0.5526770293609672	0.5680000000000001	0.5645161290322581	0.5565934306889444	0.5874125874125874	0.5449014065085493	0.5970149253731343	0.5454545454545455	0.5705553219703096	0.5956354300385109	0.5428427552940552	0.53125	0.5806451612903225	0.5909090909090909	0.5531925177630624
ml	0.5587106676899463	0.5576923076923077	0.5448354143019296	0.5531914893617021	0.5609272835347731	0.5615523001799023	0.5875	0.5295592093301125	0.5454545454545455	0.546801530064559	0.552944429084877	0.5888888888888889	0.5709803921568627	0.5537012035733778	0.543010752688172	0.5556450395127599	0.5460793502030615	0.5774278215223096	0.5606060606060607	1.0	0.6173499125704294	0.5566488614000562	0.560857129886049	0.5531363400725765	0.5672404518558365	0.5483870967741935	0.5540540540540541	0.543859649122807	0.5636562734136361	0.5676901887709633	0.5422265543410151	0.6095791001451379	0.558968058968059	0.5690322580645161	0.5424280964812459
mr	0.5395567060346222	0.5517241379310345	0.5400862068965517	0.5471698113207547	0.5548639516272452	0.5545677572931089	0.5747126436781609	0.5341131434943023	0.5439560439560439	0.5546101092202184	0.5485836932616127	0.6236679753224902	0.5668301098701535	0.5602002164502164	0.538860103626943	0.5512820512820512	0.5460518830356127	0.5652173913043479	0.5526770293609672	0.6173499125704294	1.0	0.5474452554744526	0.5535507897778348	0.5453908544636361	0.5610561056105611	0.5557103064066853	0.5569620253164557	0.5483870967741935	0.5566265060240964	0.556238085151451	0.5445562472853627	0.6093518393747474	0.5511910795742524	0.5482233502538072	0.5412666075310218
nl	0.5309734513274337	0.5338983050847458	0.5522667665792431	0.5263157894736842	0.6031145807920631	0.6207789804792303	0.5704225352112676	0.5722301003967937	0.6132075471698113	0.6056745377997438	0.6012269938650306	0.5612903225806452	0.6053995513266807	0.5885416666666666	0.5921052631578947	0.596938775510204	0.5851063829787234	0.5645161290322581	0.5680000000000001	0.5566488614000562	0.5474452554744526	1.0	0.6034482758620691	0.6085558396373125	0.6026490066225166	0.6001346264117075	0.5813953488372093	0.5327868852459017	0.6033831747470171	0.5911090950328873	0.5859030837004405	0.5267175572519084	0.5967051912393845	0.5350877192982456	0.5956047522655256
pl	0.5315315315315315	0.5391304347826087	0.5650684931506849	0.5267857142857143	0.6155653981740938	0.617268515113628	0.5714285714285714	0.5703924545014009	0.6019417475728156	0.5983151838915143	0.597932719413644	0.5715968366145044	0.6164322985761033	0.5916398713826367	0.5942061822301343	0.5965536571693192	0.5899803739283133	0.5727034448327509	0.5645161290322581	0.560857129886049	0.5535507897778348	0.6034482758620691	1.0	0.6044688674289871	0.6100710135571336	0.6043373493975904	0.5736434108527132	0.5333333333333333	0.6053946053946054	0.5919900692538873	0.5866666666666667	0.53125	0.5968615804470843	0.5357142857142857	0.5926899003168226
pt	0.5284552845528455	0.5354330708661417	0.5475255580317663	0.5241935483870968	0.604404567699837	0.6161284526551346	0.5810810810810811	0.5766117595723792	0.615469735531703	0.6033172211164819	0.6328948530060916	0.5644171779141104	0.6001388406803193	0.5980438648488441	0.5944197331176708	0.5893719806763285	0.5916587608552871	0.5639097744360902	0.5565934306889444	0.5531363400725765	0.5453908544636361	0.6085558396373125	0.6044688674289871	1.0	0.6055228610230874	0.6173639226270805	0.5754141238012206	0.5303030303030303	0.6097351945731593	0.5880982751927236	0.5843158134935726	0.5285714285714286	0.5875	0.532258064516129	0.6103886562339285
ro	0.5463406292749657	0.5454545454545455	0.5651317409505048	0.5357142857142857	0.6148382004735596	0.6027450472614269	0.5789473684210527	0.5546592740814852	0.5835636783695697	0.5817920209287116	0.5998254656521858	0.5748865355521937	0.6182726623840115	0.591710182767624	0.5853658536585366	0.5943307086614172	0.5860925099206349	0.5913978494623656	0.5874125874125874	0.5672404518558365	0.5610561056105611	0.6026490066225166	0.6100710135571336	0.6055228610230874	1.0	0.588352120971387	0.5882352941176471	0.5319148936170213	0.5926259981960974	0.6214715409532623	0.58128078817734	0.5294117647058824	0.6016260162601625	0.5476190476190476	0.5833150195400212
ru	0.5211349160393747	0.5254237288135593	0.5371042114970797	0.5172413793103449	0.5843255796807609	0.6088743714904393	0.5645155803510682	0.60075448730925	0.6186291739894552	0.6110967837011384	0.5976107666717073	0.5644599303135889	0.5879053289376569	0.6020169604113288	0.6008192990441511	0.5946117036115105	0.588189100047118	0.5464480874316939	0.5449014065085493	0.5483870967741935	0.5557103064066853	0.6001346264117075	0.6043373493975904	0.6173639226270805	0.588352120971387	1.0	0.5526315789473684	0.5277777777777778	0.59665709944285	0.5728826881509137	0.6000966413302756	0.532258064516129	0.5825065388605579	0.5229885057471265	0.6088759352182928
sh	0.5576923076923077	0.5714285714285714	0.571608040201005	0.5471698113207547	0.5853658536585367	0.5642857142857143	0.5747126436781609	0.5331114808652246	0.553072625698324	0.55	0.5806211277546859	0.5656565656565656	0.6004083876541271	0.5592741807569077	0.5502645502645502	0.5584415584415584	0.5642857142857143	0.609375	0.5970149253731343	0.5540540540540541	0.5569620253164557	0.5813953488372093	0.5736434108527132	0.5754141238012206	0.5882352941176471	0.5526315789473684	1.0	0.5573770491803278	0.5802400223276585	0.6190476190476191	0.5483870967741935	0.5277777777777778	0.5914473684210526	0.5660377358490566	0.5646891987709761
si	0.5135135135135135	0.55	0.5208333333333334	0.5277777777777778	0.5376344086021506	0.5307692307692308	0.5333333333333333	0.5185185185185185	0.5266272189349113	0.5263157894736842	0.5327102803738317	0.5411764705882353	0.5421686746987951	0.5255474452554745	0.5280898876404494	0.5314685314685315	0.5348837209302326	0.5471698113207547	0.5454545454545455	0.543859649122807	0.5483870967741935	0.5327868852459017	0.5333333333333333	0.5303030303030303	0.5319148936170213	0.5277777777777778	0.5573770491803278	1.0	0.5353535353535354	0.5384615384615384	0.5257142857142857	0.5384615384615384	0.5333333333333333	0.5263157894736842	0.5342465753424658
simple	0.5353299017313992	0.5425531914893617	0.5571605447791993	0.5284680717206669	0.6137966379663797	0.6116191354842211	0.5798319327731092	0.5609332541800289	0.5931059096451834	0.5852723395078	0.607809647211261	0.5769230769230769	0.617856843165226	0.5918334548960947	0.5786701123148793	0.599546977490444	0.5990963054841854	0.5765809759670725	0.5705553219703096	0.5636562734136361	0.5566265060240964	0.6033831747470171	0.6053946053946054	0.6097351945731593	0.5926259981960974	0.59665709944285	0.5802400223276585	0.5353535353535354	1.0	0.5973519195200072	0.5755846595143065	0.5377358490566038	0.5991273784995758	0.5384615384615384	0.6168432553659484
sr	0.5522388059701493	0.5555555555555556	0.5531079103442964	0.5441176470588236	0.5933048433048433	0.5824390951276102	0.5918367346938775	0.54509635435769	0.573359607273733	0.5643758696084278	0.5871421793452475	0.5714285714285714	0.6026696329254727	0.5718590331455522	0.5683023595740239	0.575001699177598	0.5705160960654062	0.6061448982172208	0.5956354300385109	0.5676901887709633	0.556238085151451	0.5911090950328873	0.5919900692538873	0.5880982751927236	0.6214715409532623	0.5728826881509137	0.6190476190476191	0.5384615384615384	0.5973519195200072	1.0	0.5577453685455263	0.543927505801746	0.591812865497076	0.5588235294117647	0.5807832520500015
sv	0.5178571428571429	0.5308910276311705	0.5398044380943876	0.5178571428571429	0.5859953604261534	0.5959392891992616	0.5625	0.588625653823512	0.5872079870903525	0.5800132898044087	0.5698421975452952	0.564458048253511	0.5746743060944801	0.5714285714285714	0.6146757910427536	0.5988210026047617	0.5787147494817538	0.5480225988700566	0.5428427552940552	0.5422265543410151	0.5445562472853627	0.5859030837004405	0.5866666666666667	0.5843158134935726	0.58128078817734	0.6000966413302756	0.5483870967741935	0.5257142857142857	0.5755846595143065	0.5577453685455263	1.0	0.5274725274725275	0.5742574257425742	0.5207100591715976	0.5817318992243724
te	0.5348837209302326	0.5416666666666666	0.5178571428571429	0.5476190476190476	0.5294117647058824	0.5367647058823529	0.5641025641025641	0.5245627050716268	0.5284090909090908	0.5306122448979592	0.5258620689655172	0.5952380952380952	0.5311216948595828	0.5390070921985816	0.5268817204301075	0.5369127516778524	0.5251798561151079	0.5736505032021958	0.53125	0.6095791001451379	0.6093518393747474	0.5267175572519084	0.53125	0.5285714285714286	0.5294117647058824	0.532258064516129	0.5277777777777778	0.5384615384615384	0.5377358490566038	0.543927505801746	0.5274725274725275	1.0	0.5306122448979592	0.5454545454545455	0.5261570139105035
vi	0.5443037974683544	0.5542168674698795	0.5622630213530234	0.5375	0.6118511713367019	0.5917034272141161	0.5871559633027523	0.5526617665802779	0.5824742268041238	0.575065455963456	0.6120277563608327	0.5737704918032787	0.5992008524240809	0.6030277544154752	0.5830552321821239	0.6052581804425949	0.5961538461538461	0.5888888888888889	0.5806451612903225	0.558968058968059	0.5511910795742524	0.5967051912393845	0.5968615804470843	0.5875	0.6016260162601625	0.5825065388605579	0.5914473684210526	0.5333333333333333	0.5991273784995758	0.591812865497076	0.5742574257425742	0.5306122448979592	1.0	0.55	0.596140763188818
war	0.6716417910447761	0.5625	0.5384615384615384	0.5555555555555556	0.5411764705882353	0.5327868852459017	0.5625	0.5125000000000001	0.5246913580246914	0.5217391304347826	0.5353535353535354	0.5384615384615384	0.5540540540540541	0.53125	0.5232558139534884	0.5294117647058824	0.5327868852459017	0.5681818181818182	0.5909090909090909	0.5690322580645161	0.5482233502538072	0.5350877192982456	0.5357142857142857	0.532258064516129	0.5476190476190476	0.5229885057471265	0.5660377358490566	0.5263157894736842	0.5384615384615384	0.5588235294117647	0.5207100591715976	0.5454545454545455	0.55	1.0	0.5285714285714286
zh	0.5262188016584917	0.5314685314685315	0.5413198436422166	0.5214285714285714	0.5994153394996266	0.6136744284654253	0.5696969696969697	0.5853495548753476	0.6130355949995229	0.6182054898557013	0.6037218501370972	0.5623659829267306	0.5988784414657286	0.6150842079570418	0.5943348870562926	0.6076678051963004	0.6274928114275113	0.5533333333333333	0.5531925177630624	0.5424280964812459	0.5412666075310218	0.5956047522655256	0.5926899003168226	0.6103886562339285	0.5833150195400212	0.6088759352182928	0.5646891987709761	0.5342465753424658	0.6168432553659484	0.5807832520500015	0.5817318992243724	0.5261570139105035	0.596140763188818	0.5285714285714286	1.0
