arz	bs	ceb	ckb	da	de	el	en	es	fr	he	hi	hu	id	it	ja	ko	lv	mk	ml	mr	nl	pl	pt	ro	ru	sh	si	simple	sr	sv	te	vi	war	zh
arz	1.0	0.4364916731037085	0.585786437626905	0.4364916731037085	0.252650308587072	0.29259397148251687	0.24257131419419417	0.24257131419419417	0.24257131419419417	0.23800671553691075	0.26089986647008057	0.4364916731037085	0.22340832503179264	0.23371479611805132	0.28172904669025317	0.28989794855663564	0.23477135060746246	0.4142135623730951	0.28989794855663564	0.3003007555549616	0.330071645100826	0.24257131419419417	0.23800671553691075	0.24257131419419417	0.25511479956321215	0.2497373861941435	0.353889367864523	1.0	0.2725612821262635	0.24234617003244985	0.353889367864523	0.40453726661826384	0.23224227537038364	0.30193324523786563	0.2096281880789389
bs	0.4364916731037085	1.0	0.2791745113185196	1.0	0.3126480851423008	0.44948974278317805	0.44948974278317805	0.3164309725825328	0.585786437626905	0.585786437626905	0.18464218557642828	0.5	0.26427884169111276	0.3380788308512194	0.585786437626905	0.585786437626905	0.3726822671238253	0.3483314773547883	0.5	0.4142135623730951	0.44948974278317805	0.5	0.5	0.44948974278317805	0.39564392373896007	0.5	0.585786437626905	1.0	0.17001194913688772	0.3266316347104093	0.40387408308644984	0.4364916731037085	0.5	0.585786437626905	0.21329077575943223
ceb	0.585786437626905	0.2791745113185196	1.0	0.44948974278317805	0.11036420520249535	0.09607886138821957	0.20514807361361795	0.0957880711142883	0.0934984915573404	0.09392961773035524	0.11916075565558949	0.1326210796572558	0.10814327059981875	0.11082174077952005	0.1005461303512599	0.11070166790240217	0.12358729480640132	0.13398758584091444	0.17085585879445386	0.23565358839102832	0.24308691827208434	0.1008298968519785	0.10736980109266782	0.10111617069070634	0.11088369596224394	0.09703303154791423	0.15273638528632613	0.585786437626905	0.13080534760351922	0.15289185914801465	0.09424605220288809	0.5	0.12218723196320212	0.5	0.2036118297330708
ckb	0.4364916731037085	1.0	0.44948974278317805	1.0	0.5	0.44948974278317805	1.0	0.3483314773547883	1.0	0.5	0.29429805508554946	0.585786437626905	0.3430703308172536	0.585786437626905	1.0	1.0	1.0	0.4364916731037085	1.0	0.5	0.2612038749637414	0.585786437626905	1.0	0.585786437626905	0.585786437626905	1.0	1.0	1.0	0.4364916731037085	0.36602540378443865	0.5	0.585786437626905	0.585786437626905	0.585786437626905	1.0
da	0.252650308587072	0.3126480851423008	0.11036420520249535	0.5	1.0	0.05410588079462113	0.09870330872653209	0.04923416712321595	0.043748128905922376	0.04009769499001962	0.06510336723797605	0.08392651971219024	0.06147460347045174	0.06072965224968832	0.05257998488588575	0.053404696045511096	0.052892088897426214	0.11985081332214106	0.1363721442061086	0.14879585007088889	0.15454935717895307	0.04930682019548358	0.04381202515783109	0.04407750368653872	0.056155682276270324	0.0528203806407147	0.11323217934240554	0.4142135623730951	0.08236678777709995	0.07639005804448674	0.040497321239838076	0.28436465220442186	0.06293501454838003	0.28172904669025317	0.07609952076435399
de	0.29259397148251687	0.44948974278317805	0.09607886138821957	0.44948974278317805	0.05410588079462113	1.0	0.11149901960407381	0.04365078816475042	0.02784387828811043	0.04063005086432372	0.05425788739301275	0.108430028627023	0.054960576661189864	0.050857848923264296	0.03450606005131534	0.03572928699176438	0.04464069528593448	0.21290885543182675	0.16473536802264893	0.09433255176234975	0.09270688716889626	0.03660230688638015	0.04312081028185328	0.03730432158200494	0.05458151218364758	0.04077898098040729	0.16590763476576711	0.4142135623730951	0.053478429960066715	0.05967880917455842	0.03761179722818615	0.2612038749637414	0.05894647956797843	0.4142135623730951	0.05529624282102829
el	0.24257131419419417	0.44948974278317805	0.20514807361361795	1.0	0.09870330872653209	0.11149901960407381	1.0	0.04883811172414245	0.2632403810669918	0.12481442192361682	0.0674915672880717	0.22281267964860224	0.08165715866352845	0.16944682596578395	0.18374848752964673	0.2958163163244893	0.09645183773839262	0.29429805508554946	0.2402530733520421	0.12973190755680383	0.10382773130361952	0.3126480851423008	0.179128784747792	0.1788377977420068	0.1886378647726465	0.1288574434789949	0.3660254037844386	1.0	0.06882036709452762	0.10932444158164682	0.1398429148167053	0.3090169943749474	0.21089672205953397	0.585786437626905	0.0551475444287604
en	0.24257131419419417	0.3164309725825328	0.0957880711142883	0.3483314773547883	0.04923416712321595	0.04365078816475042	0.04883811172414245	1.0	0.01779435784666172	0.05412341205500255	0.07435938979527663	0.04306616014434954	0.061783693454026345	0.06688653558741117	0.02016403273216254	0.02118412692741545	0.048263995373169395	0.1647099656443942	0.135684102654441	0.08383394668556568	0.06703732748326284	0.026905514203671786	0.04013890225143757	0.03915534388426746	0.04679076672886737	0.04986230915591194	0.08263929773939993	0.16502618927924417	0.08380219565763752	0.04970795451863531	0.032834462635506455	0.1860728253433459	0.04040016517877867	0.44948974278317805	0.0917840634950625
es	0.24257131419419417	0.585786437626905	0.0934984915573404	1.0	0.043748128905922376	0.02784387828811043	0.2632403810669918	0.01779435784666172	1.0	0.020878640209230755	0.032033320807394114	0.14951406598692069	0.03798228298189198	0.031212322181170336	0.04830328841193786	0.06469217747700338	0.03564911191682385	0.2704699731522706	0.20799159651347807	0.08848316366625845	0.08607258544676369	0.07029243843176478	0.03970113096990779	0.03021611270903342	0.054488008130298825	0.02213327783397956	0.1886378647726465	0.585786437626905	0.035999040986256906	0.04820057112153224	0.06243807499280383	0.2674788903885893	0.09517279749230156	0.585786437626905	0.02468692918957898
fr	0.23800671553691075	0.585786437626905	0.09392961773035524	0.5	0.04009769499001962	0.04063005086432372	0.12481442192361682	0.05412341205500255	0.020878640209230755	1.0	0.03318214156227298	0.10113987232445328	0.03990820000887905	0.039325887414840006	0.03170387779421848	0.03725819338335131	0.03362389663025361	0.2402530733520421	0.1532768511283688	0.08185959147243907	0.06851839229036577	0.03900352270773467	0.03873405085774342	0.03373201472492901	0.047712256109607595	0.033561908103614486	0.1560469703786189	0.38742588672279304	0.03823863860075537	0.05199171741141718	0.036201229056535424	0.24415874992246042	0.07678746187599157	0.5	0.03042260618129826
he	0.26089986647008057	0.18464218557642828	0.11916075565558949	0.29429805508554946	0.06510336723797605	0.05425788739301275	0.0674915672880717	0.07435938979527663	0.032033320807394114	0.03318214156227298	1.0	0.08451583785997983	0.08465540438325563	0.053563780578146765	0.03718565411927594	0.04211729746986183	0.052785655346069736	0.0809910218345527	0.09499204037495623	0.13269020449705635	0.14760463695252243	0.038604992158462255	0.052345908392120076	0.04277892485187486	0.05088955002489066	0.044848079051631705	0.07536784386542301	0.2240092377397959	0.09748963901848756	0.0964197976205338	0.04463383111611753	0.353889367864523	0.04880647009698036	0.32881309020609956	0.13282235866622707
hi	0.4364916731037085	0.5	0.1326210796572558	0.585786437626905	0.08392651971219024	0.108430028627023	0.22281267964860224	0.04306616014434954	0.14951406598692069	0.10113987232445328	0.08451583785997983	1.0	0.09600441805616212	0.06273155010012209	0.15672518631550628	0.12297661243948069	0.11983927160353929	0.27429188517743175	0.2612038749637415	0.08932601995119058	0.05875129558359205	0.19517305992009013	0.13567902068792448	0.13088285710199024	0.15213324860797392	0.08864544060078579	0.2612038749637414	0.5	0.06617580194712595	0.12931586373476808	0.11798287046238193	0.20942771453851886	0.20935823622192784	0.585786437626905	0.053395633659055905
hu	0.22340832503179264	0.26427884169111276	0.10814327059981875	0.3430703308172536	0.06147460347045174	0.054960576661189864	0.08165715866352845	0.061783693454026345	0.03798228298189198	0.03990820000887905	0.08465540438325563	0.09600441805616212	1.0	0.05664204049376931	0.04518115668954363	0.04686121783591986	0.05589525993272362	0.10526686325407672	0.11650285220359946	0.12019533659678673	0.12459943324522749	0.04429278665093043	0.05047490556101789	0.04773935254591403	0.05318505249501774	0.044761453099062695	0.09715625358541886	0.40453726661826384	0.1053279127911351	0.08867592943575461	0.0441713515389426	0.39564392373896007	0.06315929096661309	0.31264808514230086	0.1211715837612294
id	0.23371479611805132	0.3380788308512194	0.11082174077952005	0.585786437626905	0.06072965224968832	0.050857848923264296	0.16944682596578395	0.06688653558741117	0.031212322181170336	0.039325887414840006	0.053563780578146765	0.06273155010012209	0.05664204049376931	1.0	0.03912965236739186	0.03716029054107968	0.04654064250988841	0.16923099778699838	0.1779208351383899	0.12439855183054296	0.09041696457332672	0.049069551303395985	0.05034007637728405	0.04301732639663386	0.0595869897986815	0.050452230032685993	0.14638844906009157	0.3483314773547883	0.05516232220602757	0.06366574735905828	0.04731616589106616	0.2118949818756026	0.046981945834732176	0.3726822671238253	0.05904337981470003
it	0.28172904669025317	0.585786437626905	0.1005461303512599	1.0	0.05257998488588575	0.03450606005131534	0.18374848752964673	0.02016403273216254	0.04830328841193786	0.03170387779421848	0.03718565411927594	0.15672518631550628	0.04518115668954363	0.03912965236739186	1.0	0.05418345757990238	0.048872662659739774	0.24257131419419417	0.17321682965683596	0.08800520421991442	0.09282172994789469	0.07370940491853874	0.037926973534265634	0.036243252998978376	0.05384670507725947	0.029042398394444856	0.19329916803145003	0.44948974278317805	0.041656930475234076	0.051701648853842236	0.027999735190096037	0.252650308587072	0.0835060442782446	0.5	0.02917412171389366
ja	0.28989794855663564	0.585786437626905	0.11070166790240217	1.0	0.053404696045511096	0.03572928699176438	0.2958163163244893	0.02118412692741545	0.06469217747700338	0.03725819338335131	0.04211729746986183	0.12297661243948069	0.04686121783591986	0.03716029054107968	0.05418345757990238	1.0	0.046541478405850406	0.2553967929896867	0.17561868998629737	0.09122651951408049	0.08326689443387088	0.07416990889470704	0.04922575763769661	0.04455471004467642	0.07831253611020637	0.03332331695663859	0.16450312369091674	0.585786437626905	0.03888008340914309	0.05579827290794737	0.0427291383320019	0.28989794855663564	0.08912148687290074	0.585786437626905	0.030300752549358188
ko	0.23477135060746246	0.3726822671238253	0.12358729480640132	1.0	0.052892088897426214	0.04464069528593448	0.09645183773839262	0.048263995373169395	0.03564911191682385	0.03362389663025361	0.052785655346069736	0.11983927160353929	0.05589525993272362	0.04654064250988841	0.048872662659739774	0.046541478405850406	1.0	0.21089672205953397	0.15072240113145766	0.1486959037740001	0.11055001060730255	0.053391523598793754	0.05530911920178361	0.05011814472930172	0.07820050847645563	0.04420482089692586	0.15543120127286944	0.4142135623730951	0.05187711582719122	0.06808167747235344	0.05507204322275945	0.40453726661826384	0.06365306254509796	0.2612038749637414	0.0474663494716475
lv	0.4142135623730951	0.3483314773547883	0.13398758584091444	0.4364916731037085	0.11985081332214106	0.21290885543182675	0.29429805508554946	0.1647099656443942	0.2704699731522706	0.2402530733520421	0.0809910218345527	0.27429188517743175	0.10526686325407672	0.16923099778699838	0.24257131419419417	0.2553967929896867	0.21089672205953397	1.0	0.23292539101028378	0.20975238021242773	0.1987039409646969	0.21551468935838852	0.16835818193484928	0.21239994067041815	0.14936375327921655	0.1378618171003296	0.23350473657819104	1.0	0.08663612401324058	0.12229516274381187	0.21878418844863196	0.44770984864061864	0.19966019862757262	0.3333333333333333	0.10783010010815469
mk	0.28989794855663564	0.5	0.17085585879445386	1.0	0.1363721442061086	0.16473536802264893	0.2402530733520421	0.135684102654441	0.20799159651347807	0.1532768511283688	0.09499204037495623	0.2612038749637415	0.11650285220359946	0.1779208351383899	0.17321682965683596	0.17561868998629737	0.15072240113145766	0.23292539101028378	1.0	0.21712927295533244	0.27012822349684806	0.16007116156927023	0.15112728864135672	0.16984013021096178	0.1490392711850658	0.11894082184696417	0.2216368750839041	0.5	0.12007352468420587	0.1064558330267556	0.18902769936511188	0.4625414945524146	0.18181818181818182	0.28172904669025317	0.08098652796108856
ml	0.3003007555549616	0.4142135623730951	0.23565358839102832	0.5	0.14879585007088889	0.09433255176234975	0.12973190755680383	0.08383394668556568	0.08848316366625845	0.08185959147243907	0.13269020449705635	0.08932601995119058	0.12019533659678673	0.12439855183054296	0.08800520421991442	0.09122651951408049	0.1486959037740001	0.20975238021242773	0.21712927295533244	1.0	0.1270468000148011	0.11609775389545321	0.11728008840512026	0.09914455181096216	0.15279241557655748	0.08199305953158031	0.22547340809847535	0.39564392373896007	0.13332105349138157	0.152261120948519	0.09821069567442714	0.1598863530499464	0.18945270817029075	0.27667107033333566	0.13478760035873896
mr	0.330071645100826	0.44948974278317805	0.24308691827208434	0.2612038749637414	0.15454935717895307	0.09270688716889626	0.10382773130361952	0.06703732748326284	0.08607258544676369	0.06851839229036577	0.14760463695252243	0.05875129558359205	0.12459943324522749	0.09041696457332672	0.09282172994789469	0.08326689443387088	0.11055001060730255	0.1987039409646969	0.27012822349684806	0.1270468000148011	1.0	0.11532181221677065	0.0969819849306419	0.11239479589192419	0.11702051564199924	0.06983713405768831	0.20521309615767264	0.3430703308172536	0.13768426255288543	0.17397550281002816	0.08239401162216367	0.09458510826193207	0.17139574241130578	0.2704699731522706	0.11797934457094436
nl	0.24257131419419417	0.5	0.1008298968519785	0.585786437626905	0.04930682019548358	0.03660230688638015	0.3126480851423008	0.026905514203671786	0.07029243843176478	0.03900352270773467	0.038604992158462255	0.19517305992009013	0.04429278665093043	0.049069551303395985	0.07370940491853874	0.07416990889470704	0.053391523598793754	0.21551468935838852	0.16007116156927023	0.11609775389545321	0.11532181221677065	1.0	0.050187028186983305	0.046299954326780975	0.07326098308290134	0.03949514382868878	0.1346998424637138	0.5	0.042299884293090236	0.057567290017182554	0.06602561017257183	0.40453726661826384	0.10530741250622096	0.585786437626905	0.0342457576389365
pl	0.23800671553691075	0.5	0.10736980109266782	1.0	0.04381202515783109	0.04312081028185328	0.179128784747792	0.04013890225143757	0.03970113096990779	0.03873405085774342	0.052345908392120076	0.13567902068792448	0.05047490556101789	0.05034007637728405	0.037926973534265634	0.04922575763769661	0.05530911920178361	0.16835818193484928	0.15112728864135672	0.11728008840512026	0.0969819849306419	0.050187028186983305	1.0	0.04706793136124164	0.0522952498686747	0.03901178134684427	0.15563205787883863	0.5	0.05770294669102459	0.05712034394210614	0.04092748088297797	0.30552726787943424	0.0983676817204766	0.44948974278317805	0.041507355767163155
pt	0.24257131419419417	0.44948974278317805	0.10111617069070634	0.585786437626905	0.04407750368653872	0.03730432158200494	0.1788377977420068	0.03915534388426746	0.03021611270903342	0.03373201472492901	0.04277892485187486	0.13088285710199024	0.04773935254591403	0.04301732639663386	0.036243252998978376	0.04455471004467642	0.05011814472930172	0.21239994067041815	0.16984013021096178	0.09914455181096216	0.11239479589192419	0.046299954326780975	0.04706793136124164	1.0	0.05515589886749378	0.036129921906102924	0.12529474595713125	0.44948974278317805	0.04100965625962099	0.05688004299994124	0.056266971774846714	0.30383243470068705	0.08164495753330267	0.44948974278317805	0.039317949077187664
ro	0.25511479956321215	0.39564392373896007	0.11088369596224394	0.585786437626905	0.056155682276270324	0.05458151218364758	0.1886378647726465	0.04679076672886737	0.054488008130298825	0.047712256109607595	0.05088955002489066	0.15213324860797392	0.05318505249501774	0.0595869897986815	0.05384670507725947	0.07831253611020637	0.07820050847645563	0.14936375327921655	0.1490392711850658	0.15279241557655748	0.11702051564199924	0.07326098308290134	0.0522952498686747	0.05515589886749378	1.0	0.04864669824623893	0.1399353379144767	1.0	0.0558425319411382	0.06101974701882591	0.053886117979768215	0.4364916731037085	0.11011225649753106	0.4142135623730951	0.047982812167428404
ru	0.2497373861941435	0.5	0.09703303154791423	1.0	0.0528203806407147	0.04077898098040729	0.1288574434789949	0.04986230915591194	0.02213327783397956	0.033561908103614486	0.044848079051631705	0.08864544060078579	0.044761453099062695	0.050452230032685993	0.029042398394444856	0.03332331695663859	0.04420482089692586	0.1378618171003296	0.11894082184696417	0.08199305953158031	0.06983713405768831	0.03949514382868878	0.03901178134684427	0.036129921906102924	0.04864669824623893	1.0	0.12981906093642165	0.3726822671238253	0.049540913152779135	0.050637822757184925	0.030357991437309287	0.24913693443350773	0.0527322818405924	0.5	0.045685913440330544
sh	0.353889367864523	0.585786437626905	0.15273638528632613	1.0	0.11323217934240554	0.16590763476576711	0.3660254037844386	0.08263929773939993	0.1886378647726465	0.1560469703786189	0.07536784386542301	0.2612038749637414	0.09715625358541886	0.14638844906009157	0.19329916803145003	0.16450312369091674	0.15543120127286944	0.23350473657819104	0.2216368750839041	0.22547340809847535	0.20521309615767264	0.1346998424637138	0.15563205787883863	0.12529474595713125	0.1399353379144767	0.12981906093642165	1.0	0.36602540378443865	0.07702121921528035	0.08896231313472878	0.19146256355088964	0.4364916731037085	0.1886378647726465	0.585786437626905	0.06437865956797224
si	1.0	1.0	0.585786437626905	1.0	0.4142135623730951	0.4142135623730951	1.0	0.16502618927924417	0.585786437626905	0.38742588672279304	0.2240092377397959	0.5	0.40453726661826384	0.3483314773547883	0.44948974278317805	0.585786437626905	0.4142135623730951	1.0	0.5	0.39564392373896007	0.3430703308172536	0.5	0.5	0.44948974278317805	1.0	0.3726822671238253	0.36602540378443865	1.0	0.28989794855663564	0.36602540378443865	0.44948974278317805	1.0	1.0	1.0	0.2402530733520421
simple	0.2725612821262635	0.17001194913688772	0.13080534760351922	0.4364916731037085	0.08236678777709995	0.053478429960066715	0.06882036709452762	0.08380219565763752	0.035999040986256906	0.03823863860075537	0.09748963901848756	0.06617580194712595	0.1053279127911351	0.05516232220602757	0.041656930475234076	0.03888008340914309	0.05187711582719122	0.08663612401324058	0.12007352468420587	0.13332105349138157	0.13768426255288543	0.042299884293090236	0.05770294669102459	0.04100965625962099	0.0558425319411382	0.049540913152779135	0.07702121921528035	0.28989794855663564	1.0	0.1065538380123938	0.04266667462185372	0.32881309020609956	0.0525794241445412	0.25355482027512377	0.15967771087295193
sr	0.24234617003244985	0.3266316347104093	0.15289185914801465	0.36602540378443865	0.07639005804448674	0.05967880917455842	0.10932444158164682	0.04970795451863531	0.04820057112153224	0.05199171741141718	0.0964197976205338	0.12931586373476808	0.08867592943575461	0.06366574735905828	0.051701648853842236	0.05579827290794737	0.06808167747235344	0.12229516274381187	0.1064558330267556	0.152261120948519	0.17397550281002816	0.057567290017182554	0.05712034394210614	0.05688004299994124	0.06101974701882591	0.050637822757184925	0.08896231313472878	0.36602540378443865	0.1065538380123938	1.0	0.06900221420083723	0.30547691113777403	0.06630001415300467	0.21498516621900873	0.08527373521216548
sv	0.353889367864523	0.40387408308644984	0.09424605220288809	0.5	0.040497321239838076	0.03761179722818615	0.1398429148167053	0.032834462635506455	0.06243807499280383	0.036201229056535424	0.04463383111611753	0.11798287046238193	0.0441713515389426	0.04731616589106616	0.027999735190096037	0.0427291383320019	0.05507204322275945	0.21878418844863196	0.18902769936511188	0.09821069567442714	0.08239401162216367	0.06602561017257183	0.04092748088297797	0.056266971774846714	0.053886117979768215	0.030357991437309287	0.19146256355088964	0.44948974278317805	0.04266667462185372	0.06900221420083723	1.0	0.3164309725825328	0.09069626523787853	0.40453726661826384	0.033868156544751685
te	0.40453726661826384	0.4364916731037085	0.5	0.585786437626905	0.28436465220442186	0.2612038749637414	0.3090169943749474	0.1860728253433459	0.2674788903885893	0.24415874992246042	0.353889367864523	0.20942771453851886	0.39564392373896007	0.2118949818756026	0.252650308587072	0.28989794855663564	0.40453726661826384	0.44770984864061864	0.4625414945524146	0.1598863530499464	0.09458510826193207	0.40453726661826384	0.30552726787943424	0.30383243470068705	0.4364916731037085	0.24913693443350773	0.4364916731037085	1.0	0.32881309020609956	0.30547691113777403	0.3164309725825328	1.0	0.3797958971132712	0.40453726661826384	0.24825874766188624
vi	0.23224227537038364	0.5	0.12218723196320212	0.585786437626905	0.06293501454838003	0.05894647956797843	0.21089672205953397	0.04040016517877867	0.09517279749230156	0.07678746187599157	0.04880647009698036	0.20935823622192784	0.06315929096661309	0.046981945834732176	0.0835060442782446	0.08912148687290074	0.06365306254509796	0.19966019862757262	0.18181818181818182	0.18945270817029075	0.17139574241130578	0.10530741250622096	0.0983676817204766	0.08164495753330267	0.11011225649753106	0.0527322818405924	0.1886378647726465	1.0	0.0525794241445412	0.06630001415300467	0.09069626523787853	0.3797958971132712	1.0	0.3726822671238253	0.042129610743345314
war	0.30193324523786563	0.585786437626905	0.5	0.585786437626905	0.28172904669025317	0.4142135623730951	0.585786437626905	0.44948974278317805	0.585786437626905	0.5	0.32881309020609956	0.585786437626905	0.31264808514230086	0.3726822671238253	0.5	0.585786437626905	0.2612038749637414	0.3333333333333333	0.28172904669025317	0.27667107033333566	0.2704699731522706	0.585786437626905	0.44948974278317805	0.44948974278317805	0.4142135623730951	0.5	0.585786437626905	1.0	0.25355482027512377	0.21498516621900873	0.40453726661826384	0.40453726661826384	0.3726822671238253	1.0	0.1951941016011038
zh	0.2096281880789389	0.21329077575943223	0.2036118297330708	1.0	0.07609952076435399	0.05529624282102829	0.0551475444287604	0.0917840634950625	0.02468692918957898	0.03042260618129826	0.13282235866622707	0.053395633659055905	0.1211715837612294	0.05904337981470003	0.02917412171389366	0.030300752549358188	0.0474663494716475	0.10783010010815469	0.08098652796108856	0.13478760035873896	0.11797934457094436	0.0342457576389365	0.041507355767163155	0.039317949077187664	0.047982812167428404	0.045685913440330544	0.06437865956797224	0.2402530733520421	0.15967771087295193	0.08527373521216548	0.033868156544751685	0.24825874766188624	0.042129610743345314	0.1951941016011038	1.0
