arz	bs	ceb	ckb	da	de	el	en	es	fr	he	hi	hu	id	it	ja	ko	lv	mk	ml	mr	nl	pl	pt	ro	ru	sh	si	simple	sr	sv	te	tr	union	vi	war	zh
arz	1.0	0.13636363636363635	0.0	0.3333333333333333	0.08571428571428572	0.014354066985645933	0.10714285714285714	0.0072992700729927005	0.023255813953488372	0.02	0.07692307692307693	0.125	0.10714285714285714	0.06	0.03	0.022556390977443608	0.05454545454545454	0.14285714285714285	0.1111111111111111	0.15	0.3	0.031578947368421054	0.03333333333333333	0.03	0.07142857142857142	0.03260869565217391	0.0410958904109589	0.125	0.09375	0.03571428571428571	0.05172413793103448	0.3	0.06976744186046512	0.006185567010309278	0.06	0.25	0.02857142857142857
bs	0.13636363636363635	1.0	0.045454545454545456	0.2916666666666667	0.46153846153846156	0.0947867298578199	0.35135135135135137	0.050970873786407765	0.17054263565891473	0.1390728476821192	0.4186046511627907	0.4375	0.3888888888888889	0.3333333333333333	0.19607843137254902	0.14814814814814814	0.3508771929824561	0.5925925925925926	0.4444444444444444	0.4482758620689655	0.3333333333333333	0.19387755102040816	0.20430107526881722	0.22	0.3333333333333333	0.2127659574468085	0.21794871794871795	0.16666666666666666	0.38461538461538464	0.20454545454545456	0.25	0.28	0.3829787234042553	0.04536082474226804	0.3090909090909091	0.2608695652173913	0.18691588785046728
ceb	0.0	0.045454545454545456	1.0	0.1111111111111111	0.02857142857142857	0.004784688995215311	0.03571428571428571	0.0024330900243309003	0.007751937984496124	0.006666666666666667	0.02564102564102564	0.041666666666666664	0.03571428571428571	0.02	0.01	0.007518796992481203	0.01818181818181818	0.047619047619047616	0.058823529411764705	0.05	0.1	0.010526315789473684	0.011111111111111112	0.01	0.023809523809523808	0.010869565217391304	0.0136986301369863	0.16666666666666666	0.03125	0.011904761904761904	0.017241379310344827	0.1	0.023255813953488372	0.002061855670103093	0.02	0.14285714285714285	0.009523809523809525
ckb	0.3333333333333333	0.2916666666666667	0.1111111111111111	1.0	0.2571428571428571	0.0380952380952381	0.32142857142857145	0.021897810218978103	0.06976744186046512	0.06	0.23076923076923078	0.375	0.23333333333333334	0.18	0.09	0.06766917293233082	0.14285714285714285	0.30434782608695654	0.3	0.3181818181818182	0.35714285714285715	0.09473684210526316	0.1	0.09	0.21428571428571427	0.09782608695652174	0.1232876712328767	0.25	0.24242424242424243	0.10714285714285714	0.15517241379310345	0.46153846153846156	0.20930232558139536	0.018556701030927835	0.18	0.6	0.08571428571428572
da	0.08571428571428572	0.46153846153846156	0.02857142857142857	0.2571428571428571	1.0	0.1509433962264151	0.4	0.0825242718446602	0.22388059701492538	0.2251655629139073	0.574468085106383	0.40476190476190477	0.2857142857142857	0.4166666666666667	0.2980769230769231	0.20863309352517986	0.38461538461538464	0.47368421052631576	0.3333333333333333	0.375	0.2857142857142857	0.3	0.32978723404255317	0.2980769230769231	0.4528301886792453	0.3229166666666667	0.3170731707317073	0.1388888888888889	0.425531914893617	0.3076923076923077	0.36764705882352944	0.21621621621621623	0.4716981132075472	0.07216494845360824	0.4166666666666667	0.2	0.26126126126126126
de	0.014354066985645933	0.0947867298578199	0.004784688995215311	0.0380952380952381	0.1509433962264151	1.0	0.1179245283018868	0.31634819532908703	0.3466135458167331	0.4475806451612903	0.1643192488262911	0.10952380952380952	0.11267605633802817	0.2102803738317757	0.3148936170212766	0.36254980079681276	0.2054794520547945	0.09523809523809523	0.08133971291866028	0.09569377990430622	0.04784688995215311	0.32751091703056767	0.3230088495575221	0.34347826086956523	0.17289719626168223	0.33185840707964603	0.2422907488986784	0.028708133971291867	0.13679245283018868	0.27391304347826084	0.2535211267605634	0.037914691943127965	0.1943127962085308	0.4309278350515464	0.1935483870967742	0.02857142857142857	0.29218106995884774
el	0.10714285714285714	0.35135135135135137	0.03571428571428571	0.32142857142857145	0.4	0.1179245283018868	1.0	0.0681265206812652	0.1893939393939394	0.17880794701986755	0.3673469387755102	0.3684210526315789	0.24444444444444444	0.3	0.23076923076923078	0.17518248175182483	0.31746031746031744	0.2564102564102564	0.2857142857142857	0.2972972972972973	0.1875	0.23	0.2967032967032967	0.21904761904761905	0.4583333333333333	0.23711340206185566	0.24691358024691357	0.13333333333333333	0.36363636363636365	0.24444444444444444	0.30303030303030304	0.26666666666666666	0.36538461538461536	0.0577319587628866	0.2786885245901639	0.25	0.23148148148148148
en	0.0072992700729927005	0.050970873786407765	0.0024330900243309003	0.021897810218978103	0.0825242718446602	0.31634819532908703	0.0681265206812652	1.0	0.291866028708134	1.0	0.0948905109489051	0.058394160583941604	0.06553398058252427	0.12165450121654502	0.23728813559322035	0.3171912832929782	0.13106796116504854	0.04854368932038835	0.0413625304136253	0.04866180048661801	0.024330900243309004	0.21052631578947367	0.21014492753623187	0.23132530120481928	0.09951456310679611	0.2091346153846154	0.17475728155339806	0.014598540145985401	0.07785888077858881	0.20145631067961164	0.13559322033898305	0.024330900243309004	0.10194174757281553	1.0	0.11893203883495146	0.0170316301703163	0.2463768115942029
es	0.023255813953488372	0.17054263565891473	0.007751937984496124	0.06976744186046512	0.22388059701492538	0.3466135458167331	0.1893939393939394	0.291866028708134	1.0	0.4919786096256685	0.24444444444444444	0.17692307692307693	0.17164179104477612	0.3161764705882353	0.49673202614379086	0.42391304347826086	0.2689655172413793	0.15384615384615385	0.13178294573643412	0.13740458015267176	0.07751937984496124	0.46405228758169936	0.4129032258064516	0.4774193548387097	0.26666666666666666	0.47333333333333333	0.28662420382165604	0.046511627906976744	0.2196969696969697	0.33125	0.31690140845070425	0.07751937984496124	0.2835820895522388	0.26597938144329897	0.28776978417266186	0.05426356589147287	0.40963855421686746
fr	0.02	0.1390728476821192	0.006666666666666667	0.06	0.2251655629139073	0.4475806451612903	0.17880794701986755	1.0	0.4919786096256685	1.0	0.24342105263157895	0.152317880794702	0.16339869281045752	0.3157894736842105	0.49700598802395207	0.5297297297297298	0.3057324840764331	0.14	0.11333333333333333	0.12582781456953643	0.06666666666666667	0.4411764705882353	0.4906832298136646	0.47058823529411764	0.2549019607843137	0.4319526627218935	0.3433734939759036	0.04	0.18181818181818182	0.38461538461538464	0.3248407643312102	0.06666666666666667	0.2781456953642384	1.0	0.26582278481012656	0.04666666666666667	0.43258426966292135
he	0.07692307692307693	0.4186046511627907	0.02564102564102564	0.23076923076923078	0.574468085106383	0.1643192488262911	0.3673469387755102	0.0948905109489051	0.24444444444444444	0.24342105263157895	1.0	0.5365853658536586	0.3673469387755102	0.5084745762711864	0.3113207547169811	0.25547445255474455	0.46875	0.5	0.36585365853658536	0.43902439024390244	0.2564102564102564	0.34	0.35789473684210527	0.33653846153846156	0.44642857142857145	0.35051546391752575	0.3176470588235294	0.125	0.4791666666666667	0.36666666666666664	0.38571428571428573	0.2564102564102564	0.5769230769230769	0.08041237113402062	0.4126984126984127	0.1794871794871795	0.3090909090909091
hi	0.125	0.4375	0.041666666666666664	0.375	0.40476190476190477	0.10952380952380952	0.3684210526315789	0.058394160583941604	0.17692307692307693	0.152317880794702	0.5365853658536586	1.0	0.3684210526315789	0.39622641509433965	0.19230769230769232	0.17164179104477612	0.3620689655172414	0.45161290322580644	0.41379310344827586	0.5714285714285714	0.36	0.23958333333333334	0.2391304347826087	0.21568627450980393	0.375	0.24731182795698925	0.2597402597402597	0.2	0.47368421052631576	0.2558139534883721	0.3225806451612903	0.36	0.425531914893617	0.049484536082474224	0.39622641509433965	0.24	0.2169811320754717
hu	0.10714285714285714	0.3888888888888889	0.03571428571428571	0.23333333333333334	0.2857142857142857	0.11267605633802817	0.24444444444444444	0.06553398058252427	0.17164179104477612	0.16339869281045752	0.3673469387755102	0.3684210526315789	1.0	0.3	0.20754716981132076	0.15	0.296875	0.4	0.40625	0.37142857142857144	0.1875	0.1941747572815534	0.2553191489361702	0.23076923076923078	0.2962962962962963	0.22448979591836735	0.24691358024691357	0.13333333333333333	0.3953488372093023	0.23076923076923078	0.3230769230769231	0.26666666666666666	0.33962264150943394	0.0577319587628866	0.25806451612903225	0.20689655172413793	0.22018348623853212
id	0.06	0.3333333333333333	0.02	0.18	0.4166666666666667	0.2102803738317757	0.3	0.12165450121654502	0.3161764705882353	0.3157894736842105	0.5084745762711864	0.39622641509433965	0.3	1.0	0.35135135135135137	0.2978723404255319	0.4583333333333333	0.36538461538461536	0.2641509433962264	0.32075471698113206	0.2	0.38095238095238093	0.41414141414141414	0.4423076923076923	0.4375	0.3786407766990291	0.3225806451612903	0.12	0.43859649122807015	0.35353535353535354	0.38461538461538464	0.17647058823529413	0.47619047619047616	0.10309278350515463	0.4084507042253521	0.14	0.37168141592920356
it	0.03	0.19607843137254902	0.01	0.09	0.2980769230769231	0.3148936170212766	0.23076923076923078	0.23728813559322035	0.49673202614379086	0.49700598802395207	0.3113207547169811	0.19230769230769232	0.20754716981132076	0.35135135135135137	1.0	0.4472049689440994	0.3247863247863248	0.17475728155339806	0.14705882352941177	0.15384615384615385	0.0784313725490196	0.4772727272727273	0.484375	0.5267175572519084	0.3523809523809524	0.47692307692307695	0.373015873015873	0.0392156862745098	0.2336448598130841	0.40458015267175573	0.3739130434782609	0.0784313725490196	0.3490566037735849	0.20618556701030927	0.3274336283185841	0.07	0.4748201438848921
ja	0.022556390977443608	0.14814814814814814	0.007518796992481203	0.06766917293233082	0.20863309352517986	0.36254980079681276	0.17518248175182483	0.3171912832929782	0.42391304347826086	0.5297297297297298	0.25547445255474455	0.17164179104477612	0.15	0.2978723404255319	0.4472049689440994	1.0	0.323943661971831	0.14925373134328357	0.11940298507462686	0.1417910447761194	0.07518796992481203	0.4430379746835443	0.43870967741935485	0.42073170731707316	0.2773722627737226	0.41509433962264153	0.33766233766233766	0.045112781954887216	0.1956521739130435	0.4090909090909091	0.34507042253521125	0.07518796992481203	0.2753623188405797	0.27422680412371137	0.2887323943661972	0.05263157894736842	0.4166666666666667
ko	0.05454545454545454	0.3508771929824561	0.01818181818181818	0.14285714285714285	0.38461538461538464	0.2054794520547945	0.31746031746031744	0.13106796116504854	0.2689655172413793	0.3057324840764331	0.46875	0.3620689655172414	0.296875	0.4583333333333333	0.3247863247863248	0.323943661971831	1.0	0.38181818181818183	0.2857142857142857	0.3157894736842105	0.18181818181818182	0.3392857142857143	0.3942307692307692	0.35964912280701755	0.4057971014492754	0.3867924528301887	0.3763440860215054	0.10909090909090909	0.45	0.37623762376237624	0.3950617283950617	0.16071428571428573	0.4626865671641791	0.1134020618556701	0.36363636363636365	0.12727272727272726	0.391304347826087
lv	0.14285714285714285	0.5925925925925926	0.047619047619047616	0.30434782608695654	0.47368421052631576	0.09523809523809523	0.2564102564102564	0.04854368932038835	0.15384615384615385	0.14	0.5	0.45161290322580644	0.4	0.36538461538461536	0.17475728155339806	0.14925373134328357	0.38181818181818183	1.0	0.52	0.41379310344827586	0.4090909090909091	0.1958762886597938	0.20652173913043478	0.18627450980392157	0.26	0.21505376344086022	0.22077922077922077	0.22727272727272727	0.43243243243243246	0.22093023255813954	0.27419354838709675	0.2916666666666667	0.391304347826087	0.04329896907216495	0.33962264150943394	0.21739130434782608	0.2
mk	0.1111111111111111	0.4444444444444444	0.058823529411764705	0.3	0.3333333333333333	0.08133971291866028	0.2857142857142857	0.0413625304136253	0.13178294573643412	0.11333333333333333	0.36585365853658536	0.41379310344827586	0.40625	0.2641509433962264	0.14705882352941177	0.11940298507462686	0.2857142857142857	0.52	1.0	0.37037037037037035	0.35	0.16666666666666666	0.17582417582417584	0.14705882352941177	0.2553191489361702	0.18478260869565216	0.21621621621621623	0.35294117647058826	0.4	0.18823529411764706	0.22950819672131148	0.2857142857142857	0.3333333333333333	0.03505154639175258	0.28846153846153844	0.2	0.1619047619047619
ml	0.15	0.4482758620689655	0.05	0.3181818181818182	0.375	0.09569377990430622	0.2972972972972973	0.04866180048661801	0.13740458015267176	0.12582781456953643	0.43902439024390244	0.5714285714285714	0.37142857142857144	0.32075471698113206	0.15384615384615385	0.1417910447761194	0.3157894736842105	0.41379310344827586	0.37037037037037035	1.0	0.42857142857142855	0.18556701030927836	0.2087912087912088	0.18811881188118812	0.3191489361702128	0.20430107526881722	0.2077922077922078	0.23809523809523808	0.4444444444444444	0.19540229885057472	0.25806451612903225	0.30434782608695654	0.4	0.041237113402061855	0.32075471698113206	0.2857142857142857	0.1792452830188679
mr	0.3	0.3333333333333333	0.1	0.35714285714285715	0.2857142857142857	0.04784688995215311	0.1875	0.024330900243309004	0.07751937984496124	0.06666666666666667	0.2564102564102564	0.36	0.1875	0.2	0.0784313725490196	0.07518796992481203	0.18181818181818182	0.4090909090909091	0.35	0.42857142857142855	1.0	0.09375	0.1111111111111111	0.0891089108910891	0.18181818181818182	0.10869565217391304	0.136986301369863	0.45454545454545453	0.3125	0.11904761904761904	0.13333333333333333	0.3333333333333333	0.23255813953488372	0.020618556701030927	0.2	0.3076923076923077	0.09523809523809523
nl	0.031578947368421054	0.19387755102040816	0.010526315789473684	0.09473684210526316	0.3	0.32751091703056767	0.23	0.21052631578947367	0.46405228758169936	0.4411764705882353	0.34	0.23958333333333334	0.1941747572815534	0.38095238095238093	0.4772727272727273	0.4430379746835443	0.3392857142857143	0.1958762886597938	0.16666666666666666	0.18556701030927836	0.09375	1.0	0.39097744360902253	0.4444444444444444	0.3300970873786408	0.496	0.3333333333333333	0.052083333333333336	0.27	0.366412213740458	0.4036697247706422	0.09375	0.35294117647058826	0.1958762886597938	0.3181818181818182	0.07368421052631578	0.42857142857142855
pl	0.03333333333333333	0.20430107526881722	0.011111111111111112	0.1	0.32978723404255317	0.3230088495575221	0.2967032967032967	0.21014492753623187	0.4129032258064516	0.4906832298136646	0.35789473684210527	0.2391304347826087	0.2553191489361702	0.41414141414141414	0.484375	0.43870967741935485	0.3942307692307692	0.20652173913043478	0.17582417582417584	0.2087912087912088	0.1111111111111111	0.39097744360902253	1.0	0.52	0.36082474226804123	0.5294117647058824	0.3697478991596639	0.06666666666666667	0.2708333333333333	0.4146341463414634	0.37037037037037035	0.1111111111111111	0.3854166666666667	0.18556701030927836	0.3592233009708738	0.07777777777777778	0.5234375
pt	0.03	0.22	0.01	0.09	0.2980769230769231	0.34347826086956523	0.21904761904761905	0.23132530120481928	0.4774193548387097	0.47058823529411764	0.33653846153846156	0.21568627450980393	0.23076923076923078	0.4423076923076923	0.5267175572519084	0.42073170731707316	0.35964912280701755	0.18627450980392157	0.14705882352941177	0.18811881188118812	0.0891089108910891	0.4444444444444444	0.52	1.0	0.32710280373831774	0.4883720930232558	0.33076923076923076	0.04950495049504951	0.2692307692307692	0.35294117647058826	0.4107142857142857	0.1	0.375	0.20618556701030927	0.3761467889908257	0.07	0.43356643356643354
ro	0.07142857142857142	0.3333333333333333	0.023809523809523808	0.21428571428571427	0.4528301886792453	0.17289719626168223	0.4583333333333333	0.09951456310679611	0.26666666666666666	0.2549019607843137	0.44642857142857145	0.375	0.2962962962962963	0.4375	0.3523809523809524	0.2773722627737226	0.4057971014492754	0.26	0.2553191489361702	0.3191489361702128	0.18181818181818182	0.3300970873786408	0.36082474226804123	0.32710280373831774	1.0	0.3958333333333333	0.3068181818181818	0.09090909090909091	0.39622641509433965	0.3125	0.35135135135135137	0.20930232558139536	0.46551724137931033	0.0865979381443299	0.4153846153846154	0.16666666666666666	0.33636363636363636
ru	0.03260869565217391	0.2127659574468085	0.010869565217391304	0.09782608695652174	0.3229166666666667	0.33185840707964603	0.23711340206185566	0.2091346153846154	0.47333333333333333	0.4319526627218935	0.35051546391752575	0.24731182795698925	0.22448979591836735	0.3786407766990291	0.47692307692307695	0.41509433962264153	0.3867924528301887	0.21505376344086022	0.18478260869565216	0.20430107526881722	0.10869565217391304	0.496	0.5294117647058824	0.4883720930232558	0.3958333333333333	1.0	0.32	0.06521739130434782	0.30526315789473685	0.3435114503816794	0.41509433962264153	0.10869565217391304	0.3917525773195876	0.18969072164948453	0.3523809523809524	0.07608695652173914	0.48120300751879697
sh	0.0410958904109589	0.21794871794871795	0.0136986301369863	0.1232876712328767	0.3170731707317073	0.2422907488986784	0.24691358024691357	0.17475728155339806	0.28662420382165604	0.3433734939759036	0.3176470588235294	0.2597402597402597	0.24691358024691357	0.3225806451612903	0.373015873015873	0.33766233766233766	0.3763440860215054	0.22077922077922077	0.21621621621621623	0.2077922077922078	0.136986301369863	0.3333333333333333	0.3697478991596639	0.33076923076923076	0.3068181818181818	0.32	1.0	0.0821917808219178	0.2804878048780488	0.8690476190476191	0.35051546391752575	0.12162162162162163	0.36470588235294116	0.15051546391752577	0.3977272727272727	0.0958904109589041	0.3383458646616541
si	0.125	0.16666666666666666	0.16666666666666666	0.25	0.1388888888888889	0.028708133971291867	0.13333333333333333	0.014598540145985401	0.046511627906976744	0.04	0.125	0.2	0.13333333333333333	0.12	0.0392156862745098	0.045112781954887216	0.10909090909090909	0.22727272727272727	0.35294117647058826	0.23809523809523808	0.45454545454545453	0.052083333333333336	0.06666666666666667	0.04950495049504951	0.09090909090909091	0.06521739130434782	0.0821917808219178	1.0	0.1875	0.07142857142857142	0.0847457627118644	0.23076923076923078	0.13953488372093023	0.012371134020618556	0.12	0.3	0.05714285714285714
simple	0.09375	0.38461538461538464	0.03125	0.24242424242424243	0.425531914893617	0.13679245283018868	0.36363636363636365	0.07785888077858881	0.2196969696969697	0.18181818181818182	0.4791666666666667	0.47368421052631576	0.3953488372093023	0.43859649122807015	0.2336448598130841	0.1956521739130435	0.45	0.43243243243243246	0.4	0.4444444444444444	0.3125	0.27	0.2708333333333333	0.2692307692307692	0.39622641509433965	0.30526315789473685	0.2804878048780488	0.1875	1.0	0.2608695652173913	0.34328358208955223	0.2	0.5	0.06597938144329897	0.43859649122807015	0.21875	0.26851851851851855
sr	0.03571428571428571	0.20454545454545456	0.011904761904761904	0.10714285714285714	0.3076923076923077	0.27391304347826084	0.24444444444444444	0.20145631067961164	0.33125	0.38461538461538464	0.36666666666666664	0.2558139534883721	0.23076923076923078	0.35353535353535354	0.40458015267175573	0.4090909090909091	0.37623762376237624	0.22093023255813954	0.18823529411764706	0.19540229885057472	0.11904761904761904	0.366412213740458	0.4146341463414634	0.35294117647058826	0.3125	0.3435114503816794	0.8690476190476191	0.07142857142857142	0.2608695652173913	1.0	0.33962264150943394	0.10588235294117647	0.35106382978723405	0.1731958762886598	0.3958333333333333	0.08333333333333333	0.3795620437956204
sv	0.05172413793103448	0.25	0.017241379310344827	0.15517241379310345	0.36764705882352944	0.2535211267605634	0.30303030303030304	0.13559322033898305	0.31690140845070425	0.3248407643312102	0.38571428571428573	0.3225806451612903	0.3230769230769231	0.38461538461538464	0.3739130434782609	0.34507042253521125	0.3950617283950617	0.27419354838709675	0.22950819672131148	0.25806451612903225	0.13333333333333333	0.4036697247706422	0.37037037037037035	0.4107142857142857	0.35135135135135137	0.41509433962264153	0.35051546391752575	0.0847457627118644	0.34328358208955223	0.33962264150943394	1.0	0.15254237288135594	0.4852941176470588	0.11958762886597939	0.35	0.1206896551724138	0.3697478991596639
te	0.3	0.28	0.1	0.46153846153846156	0.21621621621621623	0.037914691943127965	0.26666666666666666	0.024330900243309004	0.07751937984496124	0.06666666666666667	0.2564102564102564	0.36	0.26666666666666666	0.17647058823529413	0.0784313725490196	0.07518796992481203	0.16071428571428573	0.2916666666666667	0.2857142857142857	0.30434782608695654	0.3333333333333333	0.09375	0.1111111111111111	0.1	0.20930232558139536	0.10869565217391304	0.12162162162162163	0.23076923076923078	0.2	0.10588235294117647	0.15254237288135594	1.0	0.23255813953488372	0.020618556701030927	0.15384615384615385	0.4166666666666667	0.09523809523809523
tr	0.06976744186046512	0.3829787234042553	0.023255813953488372	0.20930232558139536	0.4716981132075472	0.1943127962085308	0.36538461538461536	0.10194174757281553	0.2835820895522388	0.2781456953642384	0.5769230769230769	0.425531914893617	0.33962264150943394	0.47619047619047616	0.3490566037735849	0.2753623188405797	0.4626865671641791	0.391304347826087	0.3333333333333333	0.4	0.23255813953488372	0.35294117647058826	0.3854166666666667	0.375	0.46551724137931033	0.3917525773195876	0.36470588235294116	0.13953488372093023	0.5	0.35106382978723405	0.4852941176470588	0.23255813953488372	1.0	0.088659793814433	0.453125	0.16279069767441862	0.30973451327433627
union	0.006185567010309278	0.04536082474226804	0.002061855670103093	0.018556701030927835	0.07216494845360824	0.4309278350515464	0.0577319587628866	1.0	0.26597938144329897	1.0	0.08041237113402062	0.049484536082474224	0.0577319587628866	0.10309278350515463	0.20618556701030927	0.27422680412371137	0.1134020618556701	0.04329896907216495	0.03505154639175258	0.041237113402061855	0.020618556701030927	0.1958762886597938	0.18556701030927836	0.20618556701030927	0.0865979381443299	0.18969072164948453	0.15051546391752577	0.012371134020618556	0.06597938144329897	0.1731958762886598	0.11958762886597939	0.020618556701030927	0.088659793814433	1.0	0.10309278350515463	0.01443298969072165	0.21649484536082475
vi	0.06	0.3090909090909091	0.02	0.18	0.4166666666666667	0.1935483870967742	0.2786885245901639	0.11893203883495146	0.28776978417266186	0.26582278481012656	0.4126984126984127	0.39622641509433965	0.25806451612903225	0.4084507042253521	0.3274336283185841	0.2887323943661972	0.36363636363636365	0.33962264150943394	0.28846153846153844	0.32075471698113206	0.2	0.3181818181818182	0.3592233009708738	0.3761467889908257	0.4153846153846154	0.3523809523809524	0.3977272727272727	0.12	0.43859649122807015	0.3958333333333333	0.35	0.15384615384615385	0.453125	0.10309278350515463	1.0	0.14	0.34782608695652173
war	0.25	0.2608695652173913	0.14285714285714285	0.6	0.2	0.02857142857142857	0.25	0.0170316301703163	0.05426356589147287	0.04666666666666667	0.1794871794871795	0.24	0.20689655172413793	0.14	0.07	0.05263157894736842	0.12727272727272726	0.21739130434782608	0.2	0.2857142857142857	0.3076923076923077	0.07368421052631578	0.07777777777777778	0.07	0.16666666666666666	0.07608695652173914	0.0958904109589041	0.3	0.21875	0.08333333333333333	0.1206896551724138	0.4166666666666667	0.16279069767441862	0.01443298969072165	0.14	1.0	0.06666666666666667
zh	0.02857142857142857	0.18691588785046728	0.009523809523809525	0.08571428571428572	0.26126126126126126	0.29218106995884774	0.23148148148148148	0.2463768115942029	0.40963855421686746	0.43258426966292135	0.3090909090909091	0.2169811320754717	0.22018348623853212	0.37168141592920356	0.4748201438848921	0.4166666666666667	0.391304347826087	0.2	0.1619047619047619	0.1792452830188679	0.09523809523809523	0.42857142857142855	0.5234375	0.43356643356643354	0.33636363636363636	0.48120300751879697	0.3383458646616541	0.05714285714285714	0.26851851851851855	0.3795620437956204	0.3697478991596639	0.09523809523809523	0.30973451327433627	0.21649484536082475	0.34782608695652173	0.06666666666666667	1.0
