arz	bs	ceb	ckb	da	de	el	en	es	fr	he	hi	hu	id	it	ja	ko	lv	mk	ml	mr	nl	pl	pt	ro	ru	sh	si	simple	sr	sv	te	vi	war	zh
arz	1.0	0.6451771653543308	0.6190476190476191	0.6071428571428572	0.5800000000000001	0.5512820512820512	0.619410569105691	0.55	0.5606060606060607	0.55	0.5961650203370134	0.5714285714285714	0.599157229391625	0.6111111111111112	0.5666666666666667	0.5625	0.5988612836438922	0.6314199395770393	0.6485461441213655	0.625	0.6363636363636364	0.5778513961192617	0.5885337392186707	0.5909090909090909	0.6171209540034072	0.5571428571428572	0.6387665198237885	0.5294117647058824	0.6176470588235294	0.6176470588235294	0.5645161290322581	0.5294117647058824	0.5909090909090909	0.64	0.5825404017520012
bs	0.6451771653543308	1.0	0.5925925925925926	0.674567000911577	0.6147993151987826	0.5707444492816718	0.6918767507002801	0.5810871018044108	0.5823270511228981	0.5753145188711323	0.6277742549143943	0.582010582010582	0.6807421625079974	0.6834215167548501	0.5985811921446492	0.5994113799869196	0.6604919526267841	0.667779632721202	0.6875	0.6612244897959183	0.6071428571428572	0.601022146507666	0.6223762757558252	0.6487926136363636	0.6984402079722704	0.5753424657534246	0.7433460076045627	0.5217391304347826	0.6411062225015713	0.6888100612705579	0.596104119979314	0.5217391304347826	0.6336587633658763	0.6333333333333333	0.6375025672622716
ceb	0.6190476190476191	0.5925925925925926	1.0	0.6086956521739131	0.5531914893617021	0.5333333333333333	0.5714285714285714	0.5324675324675325	0.5396825396825397	0.5324675324675325	0.5581395348837209	0.5625	0.5641025641025641	0.5757575757575757	0.543859649122807	0.540983606557377	0.5609756097560976	0.5757575757575757	0.5925925925925926	0.631578947368421	0.6470588235294118	0.5454545454545455	0.5531914893617021	0.5609756097560976	0.5714285714285714	0.5373134328358209	0.5862068965517242	0.75	0.5806451612903225	0.5806451612903225	0.5423728813559322	0.75	0.5609756097560976	0.896551724137931	0.5531914893617021
ckb	0.6071428571428572	0.674567000911577	0.6086956521739131	1.0	0.5882352941176471	0.5569620253164557	0.6153846153846154	0.559299191374663	0.5671641791044776	0.5605786618444846	0.604114400401405	0.5909090909090909	0.6123650637880275	0.6432350718065003	0.5762946204122674	0.5730685131195336	0.6157205240174672	0.6216216216216216	0.625	0.6568144499178982	0.6000000000000001	0.576271186440678	0.5882352941176471	0.6051873198847263	0.6210045662100456	0.5633802816901409	0.6702127659574468	0.5263157894736842	0.62426614481409	0.6407766990291263	0.5714285714285714	0.5263157894736842	0.6096256684491979	0.6296296296296295	0.5907534246575342
da	0.5800000000000001	0.6147993151987826	0.5531914893617021	0.5882352941176471	1.0	0.6153846153846154	0.6252554147936248	0.6288801234779626	0.625	0.6230184581976113	0.6263982102908277	0.5434782608695652	0.6535234899328859	0.6260480715483511	0.6307653104561285	0.6272000000000001	0.6389979688557887	0.6327543424317618	0.610016155088853	0.5714285714285714	0.5625	0.6272727272727273	0.6536964980544747	0.6311311311311311	0.6289076866495035	0.6313295824696475	0.6325878594249201	0.5116279069767442	0.6205997392438071	0.6311881188118811	0.6380789022298455	0.5116279069767442	0.6414473684210527	0.5800000000000001	0.6416666666666666
de	0.5512820512820512	0.5707444492816718	0.5333333333333333	0.5569620253164557	0.6153846153846154	1.0	0.5882352941176471	0.6578213546820184	0.6221610461114935	0.6505754832942228	0.6067415730337079	0.5270270270270271	0.6056868790681741	0.5833333333333333	0.640174297287345	0.6396198830409356	0.5955056179775281	0.5833333333333333	0.5770034843205575	0.5547652916073968	0.5394736842105263	0.625	0.613086038124678	0.5987470473451781	0.5914567360350493	0.6585442705598151	0.5763781402547922	0.5070422535211268	0.5832012678288431	0.5783132530120483	0.6380351262349067	0.5070422535211268	0.5955056179775281	0.5512820512820512	0.6107843137254901
el	0.619410569105691	0.6918767507002801	0.5714285714285714	0.6153846153846154	0.6252554147936248	0.5882352941176471	1.0	0.6016148428105137	0.6125415794012566	0.5990545767082079	0.6544526901669759	0.5651397977394408	0.6483909415971395	0.6969413233458177	0.6230892285815856	0.6268952647539071	0.6868592730661696	0.6714905933429812	0.6354378818737271	0.6171773845489857	0.5833333333333333	0.6247619047619047	0.6662312214239059	0.6653225806451614	0.6783919597989949	0.60501176796345	0.6766423357664234	0.5161290322580645	0.6483221476510067	0.6840696117804551	0.6136762127410871	0.5161290322580645	0.6451127819548872	0.6052631578947368	0.6772352568167407
en	0.55	0.5810871018044108	0.5324675324675325	0.559299191374663	0.6288801234779626	0.6578213546820184	0.6016148428105137	1.0	0.623589164785553	0.6657601305412021	0.6180866086137915	0.5263157894736842	0.6197048111941729	0.5832282471626734	0.6595744680851063	0.6513781505263617	0.6145020220069595	0.5893640350877193	0.5680521050157792	0.5477505338340328	0.5384615384615384	0.6373034202133508	0.6207888945319112	0.6083092186854072	0.6008836524300443	0.6482840800762631	0.5824706694271912	0.5068493150684932	0.5802502174349368	0.5839094081243005	0.6258957654723127	0.5068493150684932	0.6058631921824105	0.55	0.6346400903180598
es	0.5606060606060607	0.5823270511228981	0.5396825396825397	0.5671641791044776	0.625	0.6221610461114935	0.6125415794012566	0.623589164785553	1.0	0.6195750572447947	0.611385495191058	0.532258064516129	0.623462884839781	0.6011244491718584	0.6370259667476181	0.6279014871351011	0.6154319360224976	0.589041095890411	0.5875400979233497	0.557707203718048	0.546875	0.6206896551724138	0.6369426751592356	0.6194643610291016	0.6241494637296737	0.6426484907497565	0.5945680226127565	0.5084745762711864	0.5957446808510638	0.5915492957746479	0.6222222222222222	0.5084745762711864	0.6185085609169378	0.5606060606060607	0.6255672241669908
fr	0.55	0.5753145188711323	0.5324675324675325	0.5605786618444846	0.6230184581976113	0.6505754832942228	0.5990545767082079	0.6657601305412021	0.6195750572447947	1.0	0.6093389843111012	0.5263157894736842	0.608053615039473	0.5910067779798314	0.6535895382973045	0.6465330300946739	0.6041620049228016	0.5813953488372093	0.5709507042253521	0.5443037974683544	0.5384615384615384	0.6369858181048473	0.6255996511120803	0.6119768190598841	0.5962507558959887	0.6370777226553272	0.5832614322691976	0.5068493150684932	0.581436230992353	0.5886776145203111	0.6265340668641558	0.5068493150684932	0.6101694915254238	0.55	0.6282410335170295
he	0.5961650203370134	0.6277742549143943	0.5581395348837209	0.604114400401405	0.6263982102908277	0.6067415730337079	0.6544526901669759	0.6180866086137915	0.611385495191058	0.6093389843111012	1.0	0.5476190476190476	0.6485037963376508	0.65472	0.632603406326034	0.6375632013811814	0.659131736526946	0.618828932261768	0.6122448979591837	0.5914467697907189	0.5772931366260424	0.6500551267916207	0.6588235294117647	0.6720841300191204	0.6382721033508275	0.6097560975609756	0.6379794200187091	0.5128205128205129	0.6274509803921569	0.6413268832066344	0.6301369863013699	0.5128205128205129	0.6511173184357542	0.5869565217391304	0.6660537337828175
hi	0.5714285714285714	0.582010582010582	0.5625	0.5909090909090909	0.5434782608695652	0.5270270270270271	0.5651397977394408	0.5263157894736842	0.532258064516129	0.5263157894736842	0.5476190476190476	1.0	0.5526315789473684	0.5625	0.5357142857142857	0.5333333333333333	0.55	0.5625	0.5555555555555556	0.6111111111111112	0.5555555555555556	0.5370370370370371	0.5434782608695652	0.55	0.5588235294117647	0.5303030303030303	0.5714285714285714	0.5555555555555556	0.5483870967741935	0.5666666666666667	0.5344827586206896	0.5555555555555556	0.55	0.5714285714285714	0.5457598656591099
hu	0.599157229391625	0.6807421625079974	0.5641025641025641	0.6123650637880275	0.6535234899328859	0.6056868790681741	0.6483909415971395	0.6197048111941729	0.623462884839781	0.608053615039473	0.6485037963376508	0.5526315789473684	1.0	0.6542484859607267	0.6271896154651406	0.6173203164450429	0.681766704416761	0.6315158777711204	0.6555981268624947	0.6096177558569668	0.5787390443878994	0.6273338312173263	0.6500695410292072	0.6771241830065359	0.6915334517465956	0.6131975794832388	0.6693403175642495	0.5142857142857143	0.6438026474127557	0.6856084002470662	0.6144340088976766	0.5142857142857143	0.6629653821032006	0.5952380952380952	0.6363777329818576
id	0.6111111111111112	0.6834215167548501	0.5757575757575757	0.6432350718065003	0.6260480715483511	0.5833333333333333	0.6969413233458177	0.5832282471626734	0.6011244491718584	0.5910067779798314	0.65472	0.5625	0.6542484859607267	1.0	0.6109979633401221	0.6141732283464567	0.6664209362329524	0.6557734204793028	0.6749602964531498	0.6168224299065421	0.6122448979591837	0.6347385272145145	0.631163708086785	0.6589541878759834	0.7016129032258064	0.5968811614984764	0.6999343401181878	0.5172413793103449	0.6868044515103339	0.7030545818728092	0.6167130919220056	0.5172413793103449	0.6472675656493968	0.6111111111111112	0.6455592105263157
it	0.5666666666666667	0.5985811921446492	0.543859649122807	0.5762946204122674	0.6307653104561285	0.640174297287345	0.6230892285815856	0.6595744680851063	0.6370259667476181	0.6535895382973045	0.632603406326034	0.5357142857142857	0.6271896154651406	0.6109979633401221	1.0	0.673469387755102	0.6368785399622404	0.5970149253731343	0.5896900417674213	0.5593220338983051	0.5517241379310345	0.6537380086007277	0.6332935357325602	0.6278852152214598	0.6280467163168586	0.6287177467008075	0.6060166727075028	0.5094339622641509	0.6129496402877698	0.6049723756906077	0.6235294117647059	0.5094339622641509	0.6186219739292365	0.5666666666666667	0.667213392907641
ja	0.5625	0.5994113799869196	0.540983606557377	0.5730685131195336	0.6272000000000001	0.6396198830409356	0.6268952647539071	0.6513781505263617	0.6279014871351011	0.6465330300946739	0.6375632013811814	0.5333333333333333	0.6173203164450429	0.6141732283464567	0.673469387755102	1.0	0.625242718446602	0.6155580608793687	0.5855323020928116	0.5623471882640587	0.5483870967741935	0.666090164879511	0.6307320997586484	0.6188745949130905	0.6191339590443686	0.6309054255412394	0.6018518518518519	0.5087719298245614	0.5979036913261432	0.604987457577099	0.6401186672752168	0.5087719298245614	0.6159143075745983	0.5625	0.6627300917068022
ko	0.5988612836438922	0.6604919526267841	0.5609756097560976	0.6157205240174672	0.6389979688557887	0.5955056179775281	0.6868592730661696	0.6145020220069595	0.6154319360224976	0.6041620049228016	0.659131736526946	0.55	0.681766704416761	0.6664209362329524	0.6368785399622404	0.625242718446602	1.0	0.6436041834271923	0.6465730800990916	0.5916119962511716	0.575206611570248	0.6435819381024861	0.6638998311761396	0.6883184913567313	0.6827586206896552	0.6105773803861885	0.6767283349561831	0.5135135135135135	0.6482772356104362	0.6438643292682927	0.6233620366903782	0.5135135135135135	0.6653696498054474	0.5909090909090909	0.6876493367388976
lv	0.6314199395770393	0.667779632721202	0.5757575757575757	0.6216216216216216	0.6327543424317618	0.5833333333333333	0.6714905933429812	0.5893640350877193	0.589041095890411	0.5813953488372093	0.618828932261768	0.5625	0.6315158777711204	0.6557734204793028	0.5970149253731343	0.6155580608793687	0.6436041834271923	1.0	0.625	0.6000000000000001	0.5882352941176471	0.6153846153846154	0.6215181058495821	0.6204081632653061	0.652676399026764	0.5921052631578947	0.6754518072289156	0.5172413793103449	0.627906976744186	0.6536312849162011	0.6119402985074627	0.5172413793103449	0.6153846153846154	0.6111111111111112	0.6301575393848462
mk	0.6485461441213655	0.6875	0.5925925925925926	0.625	0.610016155088853	0.5770034843205575	0.6354378818737271	0.5680521050157792	0.5875400979233497	0.5709507042253521	0.6122448979591837	0.5555555555555556	0.6555981268624947	0.6749602964531498	0.5896900417674213	0.5855323020928116	0.6465730800990916	0.625	1.0	0.6290322580645161	0.6071428571428572	0.5964497041420118	0.6163891609533138	0.6405469366289771	0.6543891958256599	0.5753424657534246	0.6843122102009274	0.5217391304347826	0.7131997235659986	0.6967263743051266	0.5846153846153846	0.5217391304347826	0.6397963512940178	0.6333333333333333	0.6160081053698075
ml	0.625	0.6612244897959183	0.631578947368421	0.6568144499178982	0.5714285714285714	0.5547652916073968	0.6171773845489857	0.5477505338340328	0.557707203718048	0.5443037974683544	0.5914467697907189	0.6111111111111112	0.6096177558569668	0.6168224299065421	0.5593220338983051	0.5623471882640587	0.5916119962511716	0.6000000000000001	0.6290322580645161	1.0	0.6190476190476191	0.5679101774719305	0.5842696629213483	0.5903097209444955	0.6140677335318199	0.5507246376811594	0.6409638554216868	0.5333333333333333	0.5980066445182725	0.6349206349206349	0.5573770491803278	0.5333333333333333	0.596816976127321	0.625	0.5782652043868395
mr	0.6363636363636364	0.6071428571428572	0.6470588235294118	0.6000000000000001	0.5625	0.5394736842105263	0.5833333333333333	0.5384615384615384	0.546875	0.5384615384615384	0.5772931366260424	0.5555555555555556	0.5787390443878994	0.6122448979591837	0.5517241379310345	0.5483870967741935	0.575206611570248	0.5882352941176471	0.6071428571428572	0.6190476190476191	1.0	0.5535714285714286	0.5625	0.5714285714285714	0.5833333333333333	0.5441176470588236	0.6064981949458484	0.5384615384615384	0.59375	0.59375	0.55	0.5384615384615384	0.5714285714285714	0.6363636363636364	0.5625
nl	0.5778513961192617	0.601022146507666	0.5454545454545455	0.576271186440678	0.6272727272727273	0.625	0.6247619047619047	0.6373034202133508	0.6206896551724138	0.6369858181048473	0.6500551267916207	0.5370370370370371	0.6273338312173263	0.6347385272145145	0.6537380086007277	0.666090164879511	0.6435819381024861	0.6153846153846154	0.5964497041420118	0.5679101774719305	0.5535714285714286	1.0	0.6359447004608295	0.6315625	0.6224627875507442	0.6292134831460674	0.5967741935483871	0.5098039215686274	0.617223414036163	0.6162162162162163	0.6341463414634146	0.5098039215686274	0.6396353166986564	0.5689655172413793	0.6597025495750708
pl	0.5885337392186707	0.6223762757558252	0.5531914893617021	0.5882352941176471	0.6536964980544747	0.613086038124678	0.6662312214239059	0.6207888945319112	0.6369426751592356	0.6255996511120803	0.6588235294117647	0.5434782608695652	0.6500695410292072	0.631163708086785	0.6332935357325602	0.6307320997586484	0.6638998311761396	0.6215181058495821	0.6163891609533138	0.5842696629213483	0.5625	0.6359447004608295	1.0	0.6611324711639287	0.6624055781522371	0.6237565827969572	0.6416072585871678	0.5116279069767442	0.6321381142098274	0.6311881188118811	0.6380789022298455	0.5116279069767442	0.6565656565656566	0.5800000000000001	0.6294277929155313
pt	0.5909090909090909	0.6487926136363636	0.5609756097560976	0.6051873198847263	0.6311311311311311	0.5987470473451781	0.6653225806451614	0.6083092186854072	0.6194643610291016	0.6119768190598841	0.6720841300191204	0.55	0.6771241830065359	0.6589541878759834	0.6278852152214598	0.6188745949130905	0.6883184913567313	0.6204081632653061	0.6405469366289771	0.5903097209444955	0.5714285714285714	0.6315625	0.6611324711639287	1.0	0.6738131699846861	0.6083778138779299	0.6497175141242938	0.5135135135135135	0.6583639223911903	0.6780751415337108	0.6252994729276474	0.5135135135135135	0.6617647058823529	0.5909090909090909	0.6505706760316067
ro	0.6171209540034072	0.6984402079722704	0.5714285714285714	0.6210045662100456	0.6289076866495035	0.5914567360350493	0.6783919597989949	0.6008836524300443	0.6241494637296737	0.5962507558959887	0.6382721033508275	0.5588235294117647	0.6915334517465956	0.7016129032258064	0.6280467163168586	0.6191339590443686	0.6827586206896552	0.652676399026764	0.6543891958256599	0.6140677335318199	0.5833333333333333	0.6224627875507442	0.6624055781522371	0.6738131699846861	1.0	0.5974025974025975	0.6775483011325784	0.5161290322580645	0.6676728041050407	0.6777486147564887	0.6175402179553711	0.5161290322580645	0.676923076923077	0.6052631578947368	0.6440807004187286
ru	0.5571428571428572	0.5753424657534246	0.5373134328358209	0.5633802816901409	0.6313295824696475	0.6585442705598151	0.60501176796345	0.6482840800762631	0.6426484907497565	0.6370777226553272	0.6097560975609756	0.5303030303030303	0.6131975794832388	0.5968811614984764	0.6287177467008075	0.6309054255412394	0.6105773803861885	0.5921052631578947	0.5753424657534246	0.5507246376811594	0.5441176470588236	0.6292134831460674	0.6237565827969572	0.6083778138779299	0.5974025974025975	1.0	0.5844773684925921	0.5079365079365079	0.5866666666666667	0.5866666666666667	0.6416717885679164	0.5079365079365079	0.6049382716049383	0.5571428571428572	0.6182485223180922
sh	0.6387665198237885	0.7433460076045627	0.5862068965517242	0.6702127659574468	0.6325878594249201	0.5763781402547922	0.6766423357664234	0.5824706694271912	0.5945680226127565	0.5832614322691976	0.6379794200187091	0.5714285714285714	0.6693403175642495	0.6999343401181878	0.6060166727075028	0.6018518518518519	0.6767283349561831	0.6754518072289156	0.6843122102009274	0.6409638554216868	0.6064981949458484	0.5967741935483871	0.6416072585871678	0.6497175141242938	0.6775483011325784	0.5844773684925921	1.0	0.52	0.6640344580043073	0.6868615709756957	0.5953062392673154	0.52	0.6494522691705791	0.625	0.6388448111710568
si	0.5294117647058824	0.5217391304347826	0.75	0.5263157894736842	0.5116279069767442	0.5070422535211268	0.5161290322580645	0.5068493150684932	0.5084745762711864	0.5068493150684932	0.5128205128205129	0.5555555555555556	0.5142857142857143	0.5172413793103449	0.5094339622641509	0.5087719298245614	0.5135135135135135	0.5172413793103449	0.5217391304347826	0.5333333333333333	0.5384615384615384	0.5098039215686274	0.5116279069767442	0.5135135135135135	0.5161290322580645	0.5079365079365079	0.52	1.0	0.5185185185185185	0.5185185185185185	0.509090909090909	1.0	0.5135135135135135	0.72	0.5116279069767442
simple	0.6176470588235294	0.6411062225015713	0.5806451612903225	0.62426614481409	0.6205997392438071	0.5832012678288431	0.6483221476510067	0.5802502174349368	0.5957446808510638	0.581436230992353	0.6274509803921569	0.5483870967741935	0.6438026474127557	0.6868044515103339	0.6129496402877698	0.5979036913261432	0.6482772356104362	0.627906976744186	0.7131997235659986	0.5980066445182725	0.59375	0.617223414036163	0.6321381142098274	0.6583639223911903	0.6676728041050407	0.5866666666666667	0.6640344580043073	0.5185185185185185	1.0	0.6908212560386474	0.5970149253731343	0.5185185185185185	0.6581455805892548	0.6176470588235294	0.623354251261228
sr	0.6176470588235294	0.6888100612705579	0.5806451612903225	0.6407766990291263	0.6311881188118811	0.5783132530120483	0.6840696117804551	0.5839094081243005	0.5915492957746479	0.5886776145203111	0.6413268832066344	0.5666666666666667	0.6856084002470662	0.7030545818728092	0.6049723756906077	0.604987457577099	0.6438643292682927	0.6536312849162011	0.6967263743051266	0.6349206349206349	0.59375	0.6162162162162163	0.6311881188118811	0.6780751415337108	0.6777486147564887	0.5866666666666667	0.6868615709756957	0.5185185185185185	0.6908212560386474	1.0	0.5970149253731343	0.5185185185185185	0.6561501597444088	0.6176470588235294	0.6309278350515464
sv	0.5645161290322581	0.596104119979314	0.5423728813559322	0.5714285714285714	0.6380789022298455	0.6380351262349067	0.6136762127410871	0.6258957654723127	0.6222222222222222	0.6265340668641558	0.6301369863013699	0.5344827586206896	0.6144340088976766	0.6167130919220056	0.6235294117647059	0.6401186672752168	0.6233620366903782	0.6119402985074627	0.5846153846153846	0.5573770491803278	0.55	0.6341463414634146	0.6380789022298455	0.6252994729276474	0.6175402179553711	0.6416717885679164	0.5953062392673154	0.509090909090909	0.5970149253731343	0.5970149253731343	1.0	0.509090909090909	0.6164383561643836	0.5645161290322581	0.6309897379357137
te	0.5294117647058824	0.5217391304347826	0.75	0.5263157894736842	0.5116279069767442	0.5070422535211268	0.5161290322580645	0.5068493150684932	0.5084745762711864	0.5068493150684932	0.5128205128205129	0.5555555555555556	0.5142857142857143	0.5172413793103449	0.5094339622641509	0.5087719298245614	0.5135135135135135	0.5172413793103449	0.5217391304347826	0.5333333333333333	0.5384615384615384	0.5098039215686274	0.5116279069767442	0.5135135135135135	0.5161290322580645	0.5079365079365079	0.52	1.0	0.5185185185185185	0.5185185185185185	0.509090909090909	1.0	0.5135135135135135	0.72	0.5116279069767442
vi	0.5909090909090909	0.6336587633658763	0.5609756097560976	0.6096256684491979	0.6414473684210527	0.5955056179775281	0.6451127819548872	0.6058631921824105	0.6185085609169378	0.6101694915254238	0.6511173184357542	0.55	0.6629653821032006	0.6472675656493968	0.6186219739292365	0.6159143075745983	0.6653696498054474	0.6153846153846154	0.6397963512940178	0.596816976127321	0.5714285714285714	0.6396353166986564	0.6565656565656566	0.6617647058823529	0.676923076923077	0.6049382716049383	0.6494522691705791	0.5135135135135135	0.6581455805892548	0.6561501597444088	0.6164383561643836	0.5135135135135135	1.0	0.5909090909090909	0.6314171533968644
war	0.64	0.6333333333333333	0.896551724137931	0.6296296296296295	0.5800000000000001	0.5512820512820512	0.6052631578947368	0.55	0.5606060606060607	0.55	0.5869565217391304	0.5714285714285714	0.5952380952380952	0.6111111111111112	0.5666666666666667	0.5625	0.5909090909090909	0.6111111111111112	0.6333333333333333	0.625	0.6363636363636364	0.5689655172413793	0.5800000000000001	0.5909090909090909	0.6052631578947368	0.5571428571428572	0.625	0.72	0.6176470588235294	0.6176470588235294	0.5645161290322581	0.72	0.5909090909090909	1.0	0.5800000000000001
zh	0.5825404017520012	0.6375025672622716	0.5531914893617021	0.5907534246575342	0.6416666666666666	0.6107843137254901	0.6772352568167407	0.6346400903180598	0.6255672241669908	0.6282410335170295	0.6660537337828175	0.5457598656591099	0.6363777329818576	0.6455592105263157	0.667213392907641	0.6627300917068022	0.6876493367388976	0.6301575393848462	0.6160081053698075	0.5782652043868395	0.5625	0.6597025495750708	0.6294277929155313	0.6505706760316067	0.6440807004187286	0.6182485223180922	0.6388448111710568	0.5116279069767442	0.623354251261228	0.6309278350515464	0.6309897379357137	0.5116279069767442	0.6314171533968644	0.5800000000000001	1.0
