arz	bs	ceb	ckb	da	de	el	en	es	fr	he	hi	hu	id	it	ja	ko	lv	mk	ml	mr	nl	pl	pt	ro	ru	sh	si	simple	sr	sv	te	tr	vi	war	zh
arz	1.0	1.0	0.0	1.0	1.0	1.0	1.0	1.0	1.0	1.0	1.0	1.0	1.0	1.0	1.0	1.0	1.0	1.0	1.0	1.0	1.0	1.0	1.0	1.0	1.0	1.0	1.0	1.0	1.0	1.0	1.0	1.0	1.0	1.0	1.0	1.0
bs	1.0	1.0	1.0	1.0	0.7584325078215763	0.11163212713922926	0.3022812634278418	0.22310698852559346	0.1597866188469597	0.16178303323773488	0.2651032706034905	1.0	0.300905679093965	0.30730395942326555	0.2176712686872131	0.2313890553552032	0.2874534382109641	1.0	0.17219862038799943	1.0	1.0	0.11555864830755853	0.05457238974544392	0.05899986783837108	0.2925958532841214	0.05405488152965187	0.11113002887362719	0.7863954451402115	1.0	0.08758472328706605	0.1921712817132126	1.0	0.548159488858114	0.19476885555786838	0.7690990303325336	0.0750171965752033
ceb	0.0	1.0	1.0	0.0	1.0	1.0	0.0	1.0	1.0	1.0	1.0	1.0	1.0	1.0	1.0	1.0	1.0	1.0	1.0	1.0	0.0	1.0	1.0	1.0	1.0	1.0	1.0	1.0	1.0	1.0	1.0	0.0	-1.0	1.0	1.0	1.0
ckb	1.0	1.0	0.0	1.0	0.0	1.0	1.0	1.0	0.0	1.0	0.0	0.0	0.0	0.0	0.0	1.0	0.0	0.0	1.0	0.0	1.0	1.0	1.0	1.0	0.0	1.0	1.0	1.0	0.0	1.0	1.0	1.0	0.7411828468492556	0.0	0.7690990303325336	1.0
da	1.0	0.7584325078215763	1.0	0.0	1.0	0.4805954866802148	0.5660160774121898	0.462541318719802	1.0	0.4919044210301193	1.0	1.0	0.7863954451402115	1.0	1.0	1.0	0.4702703280780101	1.0	1.0	1.0	0.7863954451402115	1.0	1.0	1.0	0.7987225439086383	1.0	1.0	0.45627762828753365	1.0	0.4695960115558277	1.0	1.0	0.37601168758039577	1.0	0.6723191802055581	1.0
de	1.0	0.11163212713922926	1.0	1.0	0.4805954866802148	1.0	0.23265726057081107	0.12138755653014748	0.11372422936283627	0.12192882257202053	0.36498972735865487	1.0	0.17412421905925732	0.3122542556933515	0.14903188656028757	0.17634207323089365	0.16338701727835486	1.0	0.12088325260024112	1.0	1.0	0.10814203950945529	0.08218945253756935	0.08915542191332249	0.15018724031409353	0.08249071673129725	0.10972834555643222	1.0	1.0	0.08805508696219168	0.14178382541861756	1.0	0.4095753884820468	0.12022375136953346	0.7690990303325336	0.09145741339821217
el	1.0	0.3022812634278418	0.0	1.0	0.5660160774121898	0.23265726057081107	1.0	0.37118875124114586	0.3254057409860447	0.3589513844607121	0.3875611547994509	1.0	0.4347254187382144	0.4010832230496117	0.37094209583952403	0.3620592433800952	0.4106973436850147	1.0	0.49345289139216575	1.0	1.0	0.22352103421193706	0.2849605040111569	0.3748504808827299	0.48244017582714765	0.3784548880227713	0.18827492572289356	1.0	1.0	0.21296914801729677	0.27665542734037835	1.0	1.0	0.25749676189671894	0.7690990303325336	0.24521663867510826
en	1.0	0.22310698852559346	1.0	1.0	0.462541318719802	0.12138755653014748	0.37118875124114586	1.0	0.17254748691492297	0.26103524855229365	0.3963563939008318	1.0	0.3627619033571308	0.35862620727406164	0.18506992687979013	0.23907211044869783	0.3449044743994376	1.0	0.3301932809495915	1.0	1.0	0.19531584871017432	0.13199730042053126	0.17778516197374233	0.3621840209143902	0.14218750196162225	0.17355360715049903	1.0	0.7138928328552601	0.11934617570664119	0.20291365964410144	1.0	0.3831711397931255	0.21524225600167127	0.7690990303325336	0.13155681748353548
es	1.0	0.1597866188469597	1.0	0.0	1.0	0.11372422936283627	0.3254057409860447	0.17254748691492297	1.0	0.16277715701303594	0.6468909830471344	1.0	0.2900815993613667	0.3577655661628286	0.19470389034540275	0.26629260477177524	0.2663070215886032	1.0	0.1758615880556679	1.0	1.0	0.14791735899869896	0.13896931880402502	0.152959190868477	0.24389976641511557	0.15037341903001894	0.13966337117135336	0.7863954451402115	1.0	0.11606967516783116	0.21256715335173168	1.0	0.44712582690495045	0.18028345188186945	0.7690990303325336	0.12097629921716416
fr	1.0	0.16178303323773488	1.0	1.0	0.4919044210301193	0.12192882257202053	0.3589513844607121	0.26103524855229365	0.16277715701303594	1.0	0.4493426998199055	1.0	0.3517914033374276	0.3633095799330624	0.1999462410592242	0.2519844003447768	0.33473888923462397	1.0	0.23905459066006784	1.0	1.0	0.14208638148689484	0.06804231448256909	0.07181592292751467	0.3561564166682804	0.06381912952936909	0.1279217992430752	1.0	0.49712416541182725	0.100980444634015	0.19708880985082528	1.0	0.378108692115184	0.21720631920478295	0.7690990303325336	0.07578062927840634
he	1.0	0.2651032706034905	1.0	0.0	1.0	0.36498972735865487	0.3875611547994509	0.3963563939008318	0.6468909830471344	0.4493426998199055	1.0	1.0	0.7481891953690579	1.0	0.5993923200937558	0.5707951053061185	0.4035494128253737	1.0	0.728099120889861	1.0	1.0	0.48616974469653723	0.6845847369824912	0.5961684946801785	0.6264093723662286	0.5595577325373612	0.417152747186798	1.0	1.0	0.37765758152441115	0.7510341748895939	1.0	1.0	0.4019163776963562	0.7690990303325336	0.5805846669918232
hi	1.0	1.0	1.0	0.0	1.0	1.0	1.0	1.0	1.0	1.0	1.0	1.0	1.0	1.0	1.0	1.0	1.0	1.0	1.0	1.0	1.0	1.0	1.0	1.0	1.0	1.0	0.0	1.0	1.0	1.0	1.0	1.0	1.0	1.0	0.7690990303325336	1.0
hu	1.0	0.300905679093965	1.0	0.0	0.7863954451402115	0.17412421905925732	0.4347254187382144	0.3627619033571308	0.2900815993613667	0.3517914033374276	0.7481891953690579	1.0	1.0	0.4009455902320642	0.2861356547703854	0.3252302276873258	0.381910335994636	1.0	0.4926433639490838	1.0	1.0	0.25263847484595126	0.3661298089518758	0.36951795353974776	0.45323357591595187	0.3637294160429286	0.19814391670842596	1.0	0.8216064286890065	0.21180711587284606	0.33189543110578534	1.0	1.0	0.2273004309375467	0.7690990303325336	0.22069877143854408
id	1.0	0.30730395942326555	1.0	0.0	1.0	0.3122542556933515	0.4010832230496117	0.35862620727406164	0.3577655661628286	0.3633095799330624	1.0	1.0	0.4009455902320642	1.0	0.27139847595996697	0.34010439502364687	0.38074176091325135	1.0	0.45362866427824294	1.0	0.5480953166963739	0.25209148553553345	0.295734030529293	0.3877661396081119	0.4244381242706194	0.37822912510571044	0.19301461892416638	0.7863954451402115	0.7863954451402115	0.22678176502239883	0.34275252437344134	1.0	0.3751780377121209	0.22252374187987056	0.4403547352276071	0.1979231776311374
it	1.0	0.2176712686872131	1.0	0.0	1.0	0.14903188656028757	0.37094209583952403	0.18506992687979013	0.19470389034540275	0.1999462410592242	0.5993923200937558	1.0	0.2861356547703854	0.27139847595996697	1.0	0.21799217216994385	0.2613037027788606	1.0	0.2388086590965027	1.0	1.0	0.19220689998748391	0.1628268460930108	0.18007206493560374	0.25788640198124163	0.1702458720691554	0.18215358802419243	1.0	1.0	0.1696241133521984	0.2788986460638815	1.0	0.385351390482083	0.18364300191056224	0.7690990303325336	0.1763153998550708
ja	1.0	0.2313890553552032	1.0	1.0	1.0	0.17634207323089365	0.3620592433800952	0.23907211044869783	0.26629260477177524	0.2519844003447768	0.5707951053061185	1.0	0.3252302276873258	0.34010439502364687	0.21799217216994385	1.0	0.3259835992544359	1.0	0.2983084597998176	1.0	1.0	0.2084098800496175	0.21182875307800633	0.24352878194058633	0.3412011314070758	0.2517584445370946	0.16738437855015884	1.0	1.0	0.21085004232019997	0.24355191809979837	1.0	0.4073031912079578	0.19846208071505747	0.7690990303325336	0.21109641682217214
ko	1.0	0.2874534382109641	1.0	0.0	0.4702703280780101	0.16338701727835486	0.4106973436850147	0.3449044743994376	0.2663070215886032	0.33473888923462397	0.4035494128253737	1.0	0.381910335994636	0.38074176091325135	0.2613037027788606	0.3259835992544359	1.0	1.0	0.4320374244318172	1.0	1.0	0.23640096427547785	0.3072902592212256	0.3307129491962701	0.4152458097024	0.3393605722728037	0.20011313309261533	1.0	1.0	0.21511907439836506	0.33494647607027844	1.0	0.616531178706057	0.21656212330304406	0.7690990303325336	0.1727824753944033
lv	1.0	1.0	1.0	0.0	1.0	1.0	1.0	1.0	1.0	1.0	1.0	1.0	1.0	1.0	1.0	1.0	1.0	1.0	1.0	1.0	1.0	1.0	1.0	1.0	1.0	1.0	0.0	1.0	1.0	1.0	1.0	1.0	1.0	1.0	0.7690990303325336	1.0
mk	1.0	0.17219862038799943	1.0	1.0	1.0	0.12088325260024112	0.49345289139216575	0.3301932809495915	0.1758615880556679	0.23905459066006784	0.728099120889861	1.0	0.4926433639490838	0.45362866427824294	0.2388086590965027	0.2983084597998176	0.4320374244318172	1.0	1.0	1.0	1.0	0.14406114415718418	0.05679154284367863	0.06320022387068457	0.6012761017926156	0.05583285078753388	0.1322209363347889	1.0	1.0	0.09793411371185697	0.2048073242161621	1.0	0.7411828468492556	0.23440922514493986	0.7690990303325336	0.07888207122199116
ml	1.0	1.0	1.0	0.0	1.0	1.0	1.0	1.0	1.0	1.0	1.0	1.0	1.0	1.0	1.0	1.0	1.0	1.0	1.0	1.0	1.0	1.0	1.0	1.0	1.0	1.0	0.0	1.0	1.0	1.0	1.0	1.0	1.0	1.0	0.7690990303325336	1.0
mr	1.0	1.0	0.0	1.0	0.7863954451402115	1.0	1.0	1.0	1.0	1.0	1.0	1.0	1.0	0.5480953166963739	1.0	1.0	1.0	1.0	1.0	1.0	1.0	1.0	1.0	1.0	1.0	1.0	1.0	1.0	1.0	1.0	1.0	1.0	1.0	1.0	1.0	1.0
nl	1.0	0.11555864830755853	1.0	1.0	1.0	0.10814203950945529	0.22352103421193706	0.19531584871017432	0.14791735899869896	0.14208638148689484	0.48616974469653723	1.0	0.25263847484595126	0.25209148553553345	0.19220689998748391	0.2084098800496175	0.23640096427547785	1.0	0.14406114415718418	1.0	1.0	1.0	0.05358038272162332	0.057915134610433926	0.23968537096723766	0.053468096375096204	0.10459304478685585	1.0	0.7690990303325336	0.08400765285155629	0.17064242027747165	1.0	0.48226277256333644	0.17917943620495003	0.7690990303325336	0.07362130778360572
pl	1.0	0.05457238974544392	1.0	1.0	1.0	0.08218945253756935	0.2849605040111569	0.13199730042053126	0.13896931880402502	0.06804231448256909	0.6845847369824912	1.0	0.3661298089518758	0.295734030529293	0.1628268460930108	0.21182875307800633	0.3072902592212256	1.0	0.05679154284367863	1.0	1.0	0.05358038272162332	1.0	0.043846614035733214	0.2663660241871949	0.042335676214622565	0.05908493264357511	1.0	1.0	0.05077486893414689	0.1800471245693514	1.0	0.7322034805959264	0.171919037739555	0.7690990303325336	0.06002471421839776
pt	1.0	0.05899986783837108	1.0	1.0	1.0	0.08915542191332249	0.3748504808827299	0.17778516197374233	0.152959190868477	0.07181592292751467	0.5961684946801785	1.0	0.36951795353974776	0.3877661396081119	0.18007206493560374	0.24352878194058633	0.3307129491962701	1.0	0.06320022387068457	1.0	1.0	0.057915134610433926	0.043846614035733214	1.0	0.2741637571904508	0.044778997982226294	0.06490448320688882	1.0	1.0	0.054586356903415	0.20447451030282157	1.0	0.4027191559855903	0.18882151029657085	0.7690990303325336	0.062420249988373616
ro	1.0	0.2925958532841214	1.0	0.0	0.7987225439086383	0.15018724031409353	0.48244017582714765	0.3621840209143902	0.24389976641511557	0.3561564166682804	0.6264093723662286	1.0	0.45323357591595187	0.4244381242706194	0.25788640198124163	0.3412011314070758	0.4152458097024	1.0	0.6012761017926156	1.0	1.0	0.23968537096723766	0.2663660241871949	0.2741637571904508	1.0	0.3220262289695774	0.2013462617737608	1.0	0.7863954451402115	0.1634339698490979	0.30920502464460126	1.0	0.6652983375833704	0.23866423842219123	0.7690990303325336	0.20203956924054517
ru	1.0	0.05405488152965187	1.0	1.0	1.0	0.08249071673129725	0.3784548880227713	0.14218750196162225	0.15037341903001894	0.06381912952936909	0.5595577325373612	1.0	0.3637294160429286	0.37822912510571044	0.1702458720691554	0.2517584445370946	0.3393605722728037	1.0	0.05583285078753388	1.0	1.0	0.053468096375096204	0.042335676214622565	0.044778997982226294	0.3220262289695774	1.0	0.05608582733245046	1.0	1.0	0.050469935244064984	0.1899804405758809	1.0	0.4348429828392837	0.17689407594824996	0.7690990303325336	0.05915481444124845
sh	1.0	0.11113002887362719	1.0	1.0	1.0	0.10972834555643222	0.18827492572289356	0.17355360715049903	0.13966337117135336	0.1279217992430752	0.417152747186798	0.0	0.19814391670842596	0.19301461892416638	0.18215358802419243	0.16738437855015884	0.20011313309261533	0.0	0.1322209363347889	0.0	1.0	0.10459304478685585	0.05908493264357511	0.06490448320688882	0.2013462617737608	0.05608582733245046	1.0	0.7863954451402115	1.0	0.08416338739020249	0.15207786763521877	1.0	0.5451636356939642	0.15718054441291643	1.0	0.07291189576375394
si	1.0	0.7863954451402115	1.0	1.0	0.45627762828753365	1.0	1.0	1.0	0.7863954451402115	1.0	1.0	1.0	1.0	0.7863954451402115	1.0	1.0	1.0	1.0	1.0	1.0	1.0	1.0	1.0	1.0	1.0	1.0	0.7863954451402115	1.0	1.0	1.0	1.0	1.0	1.0	1.0	0.8216064286890065	1.0
simple	1.0	1.0	1.0	0.0	1.0	1.0	1.0	0.7138928328552601	1.0	0.49712416541182725	1.0	1.0	0.8216064286890065	0.7863954451402115	1.0	1.0	1.0	1.0	1.0	1.0	1.0	0.7690990303325336	1.0	1.0	0.7863954451402115	1.0	1.0	1.0	1.0	0.4695960115558277	1.0	1.0	0.46794348665827934	1.0	0.7690990303325336	1.0
sr	1.0	0.08758472328706605	1.0	1.0	0.4695960115558277	0.08805508696219168	0.21296914801729677	0.11934617570664119	0.11606967516783116	0.100980444634015	0.37765758152441115	1.0	0.21180711587284606	0.22678176502239883	0.1696241133521984	0.21085004232019997	0.21511907439836506	1.0	0.09793411371185697	1.0	1.0	0.08400765285155629	0.05077486893414689	0.054586356903415	0.1634339698490979	0.050469935244064984	0.08416338739020249	1.0	0.4695960115558277	1.0	0.13033553016276542	1.0	0.6518155124769264	0.13658559265091616	0.7690990303325336	0.06704642605374826
sv	1.0	0.1921712817132126	1.0	1.0	1.0	0.14178382541861756	0.27665542734037835	0.20291365964410144	0.21256715335173168	0.19708880985082528	0.7510341748895939	1.0	0.33189543110578534	0.34275252437344134	0.2788986460638815	0.24355191809979837	0.33494647607027844	1.0	0.2048073242161621	1.0	1.0	0.17064242027747165	0.1800471245693514	0.20447451030282157	0.30920502464460126	0.1899804405758809	0.15207786763521877	1.0	1.0	0.13033553016276542	1.0	1.0	0.4449274067540286	0.22037127404829135	0.7690990303325336	0.19958137442198473
te	1.0	1.0	0.0	1.0	1.0	1.0	1.0	1.0	1.0	1.0	1.0	1.0	1.0	1.0	1.0	1.0	1.0	1.0	1.0	1.0	1.0	1.0	1.0	1.0	1.0	1.0	1.0	1.0	1.0	1.0	1.0	1.0	1.0	1.0	1.0	1.0
tr	1.0	0.548159488858114	-1.0	0.7411828468492556	0.37601168758039577	0.4095753884820468	1.0	0.3831711397931255	0.44712582690495045	0.378108692115184	1.0	1.0	1.0	0.3751780377121209	0.385351390482083	0.4073031912079578	0.616531178706057	1.0	0.7411828468492556	1.0	1.0	0.48226277256333644	0.7322034805959264	0.4027191559855903	0.6652983375833704	0.4348429828392837	0.5451636356939642	1.0	0.46794348665827934	0.6518155124769264	0.4449274067540286	1.0	1.0	0.6286737270540138	0.7690990303325336	0.4027191559855903
vi	1.0	0.19476885555786838	1.0	0.0	1.0	0.12022375136953346	0.25749676189671894	0.21524225600167127	0.18028345188186945	0.21720631920478295	0.4019163776963562	1.0	0.2273004309375467	0.22252374187987056	0.18364300191056224	0.19846208071505747	0.21656212330304406	1.0	0.23440922514493986	1.0	1.0	0.17917943620495003	0.171919037739555	0.18882151029657085	0.23866423842219123	0.17689407594824996	0.15718054441291643	1.0	1.0	0.13658559265091616	0.22037127404829135	1.0	0.6286737270540138	1.0	0.7690990303325336	0.13873478579876192
war	1.0	0.7690990303325336	1.0	0.7690990303325336	0.6723191802055581	0.7690990303325336	0.7690990303325336	0.7690990303325336	0.7690990303325336	0.7690990303325336	0.7690990303325336	0.7690990303325336	0.7690990303325336	0.4403547352276071	0.7690990303325336	0.7690990303325336	0.7690990303325336	0.7690990303325336	0.7690990303325336	0.7690990303325336	1.0	0.7690990303325336	0.7690990303325336	0.7690990303325336	0.7690990303325336	0.7690990303325336	1.0	0.8216064286890065	0.7690990303325336	0.7690990303325336	0.7690990303325336	1.0	0.7690990303325336	0.7690990303325336	1.0	0.7690990303325336
zh	1.0	0.0750171965752033	1.0	1.0	1.0	0.09145741339821217	0.24521663867510826	0.13155681748353548	0.12097629921716416	0.07578062927840634	0.5805846669918232	1.0	0.22069877143854408	0.1979231776311374	0.1763153998550708	0.21109641682217214	0.1727824753944033	1.0	0.07888207122199116	1.0	1.0	0.07362130778360572	0.06002471421839776	0.062420249988373616	0.20203956924054517	0.05915481444124845	0.07291189576375394	1.0	1.0	0.06704642605374826	0.19958137442198473	1.0	0.4027191559855903	0.13873478579876192	0.7690990303325336	1.0
