arz	bs	ceb	ckb	da	de	el	en	es	fr	he	hi	hu	id	it	ja	ko	lv	mk	ml	mr	nl	pl	pt	ro	ru	sh	si	simple	sr	sv	te	tr	union	vi	war	zh
arz	1.0	1.0	1.0	1.0	0.17464760748059102	0.012480549752687822	1.0	0.0018529700511251523	0.053818470362389244	0.006907850799705037	1.0	1.0	0.09082656255034031	0.05195267346655018	0.008947022348346809	1.0	1.0	1.0	1.0	1.0	1.0	0.007276056772230513	0.047775726001248575	0.036707405575888655	0.3660254037844386	1.0	0.24336073281110826	1.0	0.2612038749637414	1.0	0.038890293911463376	1.0	0.13100580420257676	0.0011457961855458594	1.0	1.0	1.0
bs	1.0	1.0	1.0	1.0	0.17464760748059102	0.012480549752687822	1.0	0.0018529700511251523	0.053818470362389244	0.006907850799705037	1.0	1.0	0.09082656255034031	0.05195267346655018	0.008947022348346809	1.0	1.0	1.0	1.0	1.0	1.0	0.007276056772230513	0.047775726001248575	0.036707405575888655	0.3660254037844386	1.0	0.24336073281110826	1.0	0.2612038749637414	1.0	0.038890293911463376	1.0	0.13100580420257676	0.0011457961855458594	1.0	1.0	1.0
ceb	1.0	1.0	1.0	1.0	0.17464760748059102	0.012480549752687822	1.0	0.0018529700511251523	0.053818470362389244	0.006907850799705037	1.0	1.0	0.09082656255034031	0.05195267346655018	0.008947022348346809	1.0	1.0	1.0	1.0	1.0	1.0	0.007276056772230513	0.047775726001248575	0.036707405575888655	0.3660254037844386	1.0	0.24336073281110826	1.0	0.2612038749637414	1.0	0.038890293911463376	1.0	0.13100580420257676	0.0011457961855458594	1.0	1.0	1.0
ckb	1.0	1.0	1.0	1.0	0.17464760748059102	0.012480549752687822	1.0	0.0018529700511251523	0.053818470362389244	0.006907850799705037	1.0	1.0	0.09082656255034031	0.05195267346655018	0.008947022348346809	1.0	1.0	1.0	1.0	1.0	1.0	0.007276056772230513	0.047775726001248575	0.036707405575888655	0.3660254037844386	1.0	0.24336073281110826	1.0	0.2612038749637414	1.0	0.038890293911463376	1.0	0.13100580420257676	0.0011457961855458594	1.0	1.0	1.0
da	0.17464760748059102	0.17464760748059102	0.17464760748059102	0.17464760748059102	1.0	0.012476534908404703	0.17464760748059102	0.001853003682808984	0.05206960837735758	0.006904933391112385	0.17464760748059102	0.17464760748059102	0.08285362771258557	0.0503771044801456	0.008938963492274105	0.17464760748059102	0.17464760748059102	0.17464760748059102	0.17464760748059102	0.17464760748059102	0.17464760748059102	0.007276029621099304	0.046697165896004394	0.036147300354854604	0.1657488886375548	0.17464760748059102	0.15022110482233486	0.17464760748059102	0.15366717774838984	0.17464760748059102	0.0385749489506562	0.17464760748059102	0.10935501758031242	0.0011458205876755988	0.17464760748059102	0.17464760748059102	0.17464760748059102
de	0.012480549752687822	0.012480549752687822	0.012480549752687822	0.012480549752687822	0.012476534908404703	1.0	0.012480549752687822	0.0018436240734270694	0.012229571782155	0.0061220791785897505	0.012480549752687822	0.012480549752687822	0.012394632952777917	0.012177600856861114	0.007358472280138781	0.012480549752687822	0.012480549752687822	0.012480549752687822	0.012480549752687822	0.012480549752687822	0.012480549752687822	0.00646440057708236	0.012248154512247068	0.011875188071941756	0.012480279612322915	0.012480549752687822	0.012481918488859179	0.012480549752687822	0.012479329788328457	0.012480549752687822	0.01196612457693113	0.012480549752687822	0.012446549937841623	0.0011511272862678532	0.012480549752687822	0.012480549752687822	0.012480549752687822
el	1.0	1.0	1.0	1.0	0.17464760748059102	0.012480549752687822	1.0	0.0018529700511251523	0.053818470362389244	0.006907850799705037	1.0	1.0	0.09082656255034031	0.05195267346655018	0.008947022348346809	1.0	1.0	1.0	1.0	1.0	1.0	0.007276056772230513	0.047775726001248575	0.036707405575888655	0.3660254037844386	1.0	0.24336073281110826	1.0	0.2612038749637414	1.0	0.038890293911463376	1.0	0.13100580420257676	0.0011457961855458594	1.0	1.0	1.0
en	0.0018529700511251523	0.0018529700511251523	0.0018529700511251523	0.0018529700511251523	0.001853003682808984	0.0018436240734270694	0.0018529700511251523	1.0	0.0018529327807743448	0.0018348343168959292	0.0018529700511251523	0.0018529700511251523	0.0018528724175451482	0.0018529777416344247	0.0018387602764319574	0.0018529700511251523	0.0018529700511251523	0.0018529700511251523	0.0018529700511251523	0.0018529700511251523	0.0018529700511251523	0.0018120961261110999	0.0018534677395569152	0.0018520331538064456	0.0018529862743864101	0.0018529700511251523	0.0018530113722429614	0.0018529700511251523	0.0018530114992507344	0.0018529700511251523	0.001852352604673655	0.0018529700511251523	0.0018530857700485403	0.0015072755113703321	0.0018529700511251523	0.0018529700511251523	0.0018529700511251523
es	0.053818470362389244	0.053818470362389244	0.053818470362389244	0.053818470362389244	0.05206960837735758	0.012229571782155	0.053818470362389244	0.0018529327807743448	1.0	0.006904455123160501	0.053818470362389244	0.053818470362389244	0.047101071745403233	0.03796577436648598	0.008879353193231476	0.053818470362389244	0.053818470362389244	0.053818470362389244	0.053818470362389244	0.053818470362389244	0.053818470362389244	0.007228216856685183	0.03739648051709076	0.030867649842987746	0.05357306952758092	0.053818470362389244	0.05316285575773541	0.053818470362389244	0.05327893236446424	0.053818470362389244	0.032025831778341375	0.053818470362389244	0.05074166579643637	0.001146078042729767	0.053818470362389244	0.053818470362389244	0.053818470362389244
fr	0.006907850799705037	0.006907850799705037	0.006907850799705037	0.006907850799705037	0.006904933391112385	0.0061220791785897505	0.006907850799705037	0.0018348343168959292	0.006904455123160501	1.0	0.006907850799705037	0.006907850799705037	0.006894786200864232	0.0068596965175527075	0.005602586573294331	0.006907850799705037	0.006907850799705037	0.006907850799705037	0.006907850799705037	0.006907850799705037	0.006907850799705037	0.005091978251312674	0.006889177720951239	0.006801725557460549	0.00690758018207252	0.006907850799705037	0.00690826895293765	0.006907850799705037	0.0069072049520292455	0.006907850799705037	0.006814982600965819	0.006907850799705037	0.006903439203275463	0.0011628873074997941	0.006907850799705037	0.006907850799705037	0.006907850799705037
he	1.0	1.0	1.0	1.0	0.17464760748059102	0.012480549752687822	1.0	0.0018529700511251523	0.053818470362389244	0.006907850799705037	1.0	1.0	0.09082656255034031	0.05195267346655018	0.008947022348346809	1.0	1.0	1.0	1.0	1.0	1.0	0.007276056772230513	0.047775726001248575	0.036707405575888655	0.3660254037844386	1.0	0.24336073281110826	1.0	0.2612038749637414	1.0	0.038890293911463376	1.0	0.13100580420257676	0.0011457961855458594	1.0	1.0	1.0
hi	1.0	1.0	1.0	1.0	0.17464760748059102	0.012480549752687822	1.0	0.0018529700511251523	0.053818470362389244	0.006907850799705037	1.0	1.0	0.09082656255034031	0.05195267346655018	0.008947022348346809	1.0	1.0	1.0	1.0	1.0	1.0	0.007276056772230513	0.047775726001248575	0.036707405575888655	0.3660254037844386	1.0	0.24336073281110826	1.0	0.2612038749637414	1.0	0.038890293911463376	1.0	0.13100580420257676	0.0011457961855458594	1.0	1.0	1.0
hu	0.09082656255034031	0.09082656255034031	0.09082656255034031	0.09082656255034031	0.08285362771258557	0.012394632952777917	0.09082656255034031	0.0018528724175451482	0.047101071745403233	0.006894786200864232	0.09082656255034031	0.09082656255034031	1.0	0.04592425675308088	0.00892943512663839	0.09082656255034031	0.09082656255034031	0.09082656255034031	0.09082656255034031	0.09082656255034031	0.09082656255034031	0.0072580179665121085	0.04297594608352616	0.03437989124291236	0.08961585204853459	0.09082656255034031	0.08872655055059442	0.09082656255034031	0.08770450465631226	0.09082656255034031	0.0361485254767407	0.09082656255034031	0.07687381593451438	0.0011458970417273205	0.09082656255034031	0.09082656255034031	0.09082656255034031
id	0.05195267346655018	0.05195267346655018	0.05195267346655018	0.05195267346655018	0.0503771044801456	0.012177600856861114	0.05195267346655018	0.0018529777416344247	0.03796577436648598	0.0068596965175527075	0.05195267346655018	0.05195267346655018	0.04592425675308088	1.0	0.00883727517991734	0.05195267346655018	0.05195267346655018	0.05195267346655018	0.05195267346655018	0.05195267346655018	0.05195267346655018	0.007222812512559738	0.035684797029473185	0.030357614320967622	0.05173224710395033	0.05195267346655018	0.051252461958691986	0.05195267346655018	0.05137113327240996	0.05195267346655018	0.031575579516322894	0.05195267346655018	0.048980020848264895	0.0011460910138090705	0.05195267346655018	0.05195267346655018	0.05195267346655018
it	0.008947022348346809	0.008947022348346809	0.008947022348346809	0.008947022348346809	0.008938963492274105	0.007358472280138781	0.008947022348346809	0.0018387602764319574	0.008879353193231476	0.005602586573294331	0.008947022348346809	0.008947022348346809	0.00892943512663839	0.00883727517991734	1.0	0.008947022348346809	0.008947022348346809	0.008947022348346809	0.008947022348346809	0.008947022348346809	0.008947022348346809	0.005696557061253591	0.008866156258779023	0.008722731092122784	0.008946901906155234	0.008947022348346809	0.008948237685136612	0.008947022348346809	0.00894747304504522	0.008947022348346809	0.008749388521080908	0.008947022348346809	0.0089344522072735	0.0011562698202815306	0.008947022348346809	0.008947022348346809	0.008947022348346809
ja	1.0	1.0	1.0	1.0	0.17464760748059102	0.012480549752687822	1.0	0.0018529700511251523	0.053818470362389244	0.006907850799705037	1.0	1.0	0.09082656255034031	0.05195267346655018	0.008947022348346809	1.0	1.0	1.0	1.0	1.0	1.0	0.007276056772230513	0.047775726001248575	0.036707405575888655	0.3660254037844386	1.0	0.24336073281110826	1.0	0.2612038749637414	1.0	0.038890293911463376	1.0	0.13100580420257676	0.0011457961855458594	1.0	1.0	1.0
ko	1.0	1.0	1.0	1.0	0.17464760748059102	0.012480549752687822	1.0	0.0018529700511251523	0.053818470362389244	0.006907850799705037	1.0	1.0	0.09082656255034031	0.05195267346655018	0.008947022348346809	1.0	1.0	1.0	1.0	1.0	1.0	0.007276056772230513	0.047775726001248575	0.036707405575888655	0.3660254037844386	1.0	0.24336073281110826	1.0	0.2612038749637414	1.0	0.038890293911463376	1.0	0.13100580420257676	0.0011457961855458594	1.0	1.0	1.0
lv	1.0	1.0	1.0	1.0	0.17464760748059102	0.012480549752687822	1.0	0.0018529700511251523	0.053818470362389244	0.006907850799705037	1.0	1.0	0.09082656255034031	0.05195267346655018	0.008947022348346809	1.0	1.0	1.0	1.0	1.0	1.0	0.007276056772230513	0.047775726001248575	0.036707405575888655	0.3660254037844386	1.0	0.24336073281110826	1.0	0.2612038749637414	1.0	0.038890293911463376	1.0	0.13100580420257676	0.0011457961855458594	1.0	1.0	1.0
mk	1.0	1.0	1.0	1.0	0.17464760748059102	0.012480549752687822	1.0	0.0018529700511251523	0.053818470362389244	0.006907850799705037	1.0	1.0	0.09082656255034031	0.05195267346655018	0.008947022348346809	1.0	1.0	1.0	1.0	1.0	1.0	0.007276056772230513	0.047775726001248575	0.036707405575888655	0.3660254037844386	1.0	0.24336073281110826	1.0	0.2612038749637414	1.0	0.038890293911463376	1.0	0.13100580420257676	0.0011457961855458594	1.0	1.0	1.0
ml	1.0	1.0	1.0	1.0	0.17464760748059102	0.012480549752687822	1.0	0.0018529700511251523	0.053818470362389244	0.006907850799705037	1.0	1.0	0.09082656255034031	0.05195267346655018	0.008947022348346809	1.0	1.0	1.0	1.0	1.0	1.0	0.007276056772230513	0.047775726001248575	0.036707405575888655	0.3660254037844386	1.0	0.24336073281110826	1.0	0.2612038749637414	1.0	0.038890293911463376	1.0	0.13100580420257676	0.0011457961855458594	1.0	1.0	1.0
mr	1.0	1.0	1.0	1.0	0.17464760748059102	0.012480549752687822	1.0	0.0018529700511251523	0.053818470362389244	0.006907850799705037	1.0	1.0	0.09082656255034031	0.05195267346655018	0.008947022348346809	1.0	1.0	1.0	1.0	1.0	1.0	0.007276056772230513	0.047775726001248575	0.036707405575888655	0.3660254037844386	1.0	0.24336073281110826	1.0	0.2612038749637414	1.0	0.038890293911463376	1.0	0.13100580420257676	0.0011457961855458594	1.0	1.0	1.0
nl	0.007276056772230513	0.007276056772230513	0.007276056772230513	0.007276056772230513	0.007276029621099304	0.00646440057708236	0.007276056772230513	0.0018120961261110999	0.007228216856685183	0.005091978251312674	0.007276056772230513	0.007276056772230513	0.0072580179665121085	0.007222812512559738	0.005696557061253591	0.007276056772230513	0.007276056772230513	0.007276056772230513	0.007276056772230513	0.007276056772230513	0.007276056772230513	1.0	0.007236089888118182	0.00714833398411662	0.007276001957502717	0.007276056772230513	0.007275005567643544	0.007276056772230513	0.007275032111326885	0.007276056772230513	0.007166949156134077	0.007276056772230513	0.0072692872393135466	0.0011615380734349436	0.007276056772230513	0.007276056772230513	0.007276056772230513
pl	0.047775726001248575	0.047775726001248575	0.047775726001248575	0.047775726001248575	0.046697165896004394	0.012248154512247068	0.047775726001248575	0.0018534677395569152	0.03739648051709076	0.006889177720951239	0.047775726001248575	0.047775726001248575	0.04297594608352616	0.035684797029473185	0.008866156258779023	0.047775726001248575	0.047775726001248575	0.047775726001248575	0.047775726001248575	0.047775726001248575	0.047775726001248575	0.007236089888118182	1.0	0.029564587573929737	0.04760488171256746	0.047775726001248575	0.047684627336197376	0.047775726001248575	0.04752997325011214	0.047775726001248575	0.030713032840320606	0.047775726001248575	0.04544225221487792	0.0011461985369574626	0.047775726001248575	0.047775726001248575	0.047775726001248575
pt	0.036707405575888655	0.036707405575888655	0.036707405575888655	0.036707405575888655	0.036147300354854604	0.011875188071941756	0.036707405575888655	0.0018520331538064456	0.030867649842987746	0.006801725557460549	0.036707405575888655	0.036707405575888655	0.03437989124291236	0.030357614320967622	0.008722731092122784	0.036707405575888655	0.036707405575888655	0.036707405575888655	0.036707405575888655	0.036707405575888655	0.036707405575888655	0.00714833398411662	0.029564587573929737	1.0	0.03663063184859918	0.036707405575888655	0.036461755211240135	0.036707405575888655	0.03650375255357768	0.036707405575888655	0.026992431142375227	0.036707405575888655	0.03562799462535178	0.001146505003322114	0.036707405575888655	0.036707405575888655	0.036707405575888655
ro	0.3660254037844386	0.3660254037844386	0.3660254037844386	0.3660254037844386	0.1657488886375548	0.012480279612322915	0.3660254037844386	0.0018529862743864101	0.05357306952758092	0.00690758018207252	0.3660254037844386	0.3660254037844386	0.08961585204853459	0.05173224710395033	0.008946901906155234	0.3660254037844386	0.3660254037844386	0.3660254037844386	0.3660254037844386	0.3660254037844386	0.3660254037844386	0.007276001957502717	0.04760488171256746	0.03663063184859918	1.0	0.3660254037844386	0.2193450929151803	0.3660254037844386	0.23166247903554	0.3660254037844386	0.038873459409745514	0.3660254037844386	0.13012187749695825	0.0011458000652744553	0.3660254037844386	0.3660254037844386	0.3660254037844386
ru	1.0	1.0	1.0	1.0	0.17464760748059102	0.012480549752687822	1.0	0.0018529700511251523	0.053818470362389244	0.006907850799705037	1.0	1.0	0.09082656255034031	0.05195267346655018	0.008947022348346809	1.0	1.0	1.0	1.0	1.0	1.0	0.007276056772230513	0.047775726001248575	0.036707405575888655	0.3660254037844386	1.0	0.24336073281110826	1.0	0.2612038749637414	1.0	0.038890293911463376	1.0	0.13100580420257676	0.0011457961855458594	1.0	1.0	1.0
sh	0.24336073281110826	0.24336073281110826	0.24336073281110826	0.24336073281110826	0.15022110482233486	0.012481918488859179	0.24336073281110826	0.0018530113722429614	0.05316285575773541	0.00690826895293765	0.24336073281110826	0.24336073281110826	0.08872655055059442	0.051252461958691986	0.008948237685136612	0.24336073281110826	0.24336073281110826	0.24336073281110826	0.24336073281110826	0.24336073281110826	0.24336073281110826	0.007275005567643544	0.047684627336197376	0.036461755211240135	0.2193450929151803	0.24336073281110826	1.0	0.24336073281110826	0.19749217079265657	0.24336073281110826	0.038597871102491965	0.24336073281110826	0.12010924668250578	0.0011458072603157269	0.24336073281110826	0.24336073281110826	0.24336073281110826
si	1.0	1.0	1.0	1.0	0.17464760748059102	0.012480549752687822	1.0	0.0018529700511251523	0.053818470362389244	0.006907850799705037	1.0	1.0	0.09082656255034031	0.05195267346655018	0.008947022348346809	1.0	1.0	1.0	1.0	1.0	1.0	0.007276056772230513	0.047775726001248575	0.036707405575888655	0.3660254037844386	1.0	0.24336073281110826	1.0	0.2612038749637414	1.0	0.038890293911463376	1.0	0.13100580420257676	0.0011457961855458594	1.0	1.0	1.0
simple	0.2612038749637414	0.2612038749637414	0.2612038749637414	0.2612038749637414	0.15366717774838984	0.012479329788328457	0.2612038749637414	0.0018530114992507344	0.05327893236446424	0.0069072049520292455	0.2612038749637414	0.2612038749637414	0.08770450465631226	0.05137113327240996	0.00894747304504522	0.2612038749637414	0.2612038749637414	0.2612038749637414	0.2612038749637414	0.2612038749637414	0.2612038749637414	0.007275032111326885	0.04752997325011214	0.03650375255357768	0.23166247903554	0.2612038749637414	0.19749217079265657	0.2612038749637414	1.0	0.2612038749637414	0.038647812104679075	0.2612038749637414	0.12178632452799958	0.001145806531576396	0.2612038749637414	0.2612038749637414	0.2612038749637414
sr	1.0	1.0	1.0	1.0	0.17464760748059102	0.012480549752687822	1.0	0.0018529700511251523	0.053818470362389244	0.006907850799705037	1.0	1.0	0.09082656255034031	0.05195267346655018	0.008947022348346809	1.0	1.0	1.0	1.0	1.0	1.0	0.007276056772230513	0.047775726001248575	0.036707405575888655	0.3660254037844386	1.0	0.24336073281110826	1.0	0.2612038749637414	1.0	0.038890293911463376	1.0	0.13100580420257676	0.0011457961855458594	1.0	1.0	1.0
sv	0.038890293911463376	0.038890293911463376	0.038890293911463376	0.038890293911463376	0.0385749489506562	0.01196612457693113	0.038890293911463376	0.001852352604673655	0.032025831778341375	0.006814982600965819	0.038890293911463376	0.038890293911463376	0.0361485254767407	0.031575579516322894	0.008749388521080908	0.038890293911463376	0.038890293911463376	0.038890293911463376	0.038890293911463376	0.038890293911463376	0.038890293911463376	0.007166949156134077	0.030713032840320606	0.026992431142375227	0.038873459409745514	0.038890293911463376	0.038597871102491965	0.038890293911463376	0.038647812104679075	0.038890293911463376	1.0	0.038890293911463376	0.03768926384392377	0.001146383233397452	0.038890293911463376	0.038890293911463376	0.038890293911463376
te	1.0	1.0	1.0	1.0	0.17464760748059102	0.012480549752687822	1.0	0.0018529700511251523	0.053818470362389244	0.006907850799705037	1.0	1.0	0.09082656255034031	0.05195267346655018	0.008947022348346809	1.0	1.0	1.0	1.0	1.0	1.0	0.007276056772230513	0.047775726001248575	0.036707405575888655	0.3660254037844386	1.0	0.24336073281110826	1.0	0.2612038749637414	1.0	0.038890293911463376	1.0	0.13100580420257676	0.0011457961855458594	1.0	1.0	1.0
tr	0.13100580420257676	0.13100580420257676	0.13100580420257676	0.13100580420257676	0.10935501758031242	0.012446549937841623	0.13100580420257676	0.0018530857700485403	0.05074166579643637	0.006903439203275463	0.13100580420257676	0.13100580420257676	0.07687381593451438	0.048980020848264895	0.0089344522072735	0.13100580420257676	0.13100580420257676	0.13100580420257676	0.13100580420257676	0.13100580420257676	0.13100580420257676	0.0072692872393135466	0.04544225221487792	0.03562799462535178	0.13012187749695825	0.13100580420257676	0.12010924668250578	0.13100580420257676	0.12178632452799958	0.13100580420257676	0.03768926384392377	0.13100580420257676	1.0	0.0011458418648433585	0.13100580420257676	0.13100580420257676	0.13100580420257676
union	0.0011457961855458594	0.0011457961855458594	0.0011457961855458594	0.0011457961855458594	0.0011458205876755988	0.0011511272862678532	0.0011457961855458594	0.0015072755113703321	0.001146078042729767	0.0011628873074997941	0.0011457961855458594	0.0011457961855458594	0.0011458970417273205	0.0011460910138090705	0.0011562698202815306	0.0011457961855458594	0.0011457961855458594	0.0011457961855458594	0.0011457961855458594	0.0011457961855458594	0.0011457961855458594	0.0011615380734349436	0.0011461985369574626	0.001146505003322114	0.0011458000652744553	0.0011457961855458594	0.0011458072603157269	0.0011457961855458594	0.001145806531576396	0.0011457961855458594	0.001146383233397452	0.0011457961855458594	0.0011458418648433585	1.0	0.0011457961855458594	0.0011457961855458594	0.0011457961855458594
vi	1.0	1.0	1.0	1.0	0.17464760748059102	0.012480549752687822	1.0	0.0018529700511251523	0.053818470362389244	0.006907850799705037	1.0	1.0	0.09082656255034031	0.05195267346655018	0.008947022348346809	1.0	1.0	1.0	1.0	1.0	1.0	0.007276056772230513	0.047775726001248575	0.036707405575888655	0.3660254037844386	1.0	0.24336073281110826	1.0	0.2612038749637414	1.0	0.038890293911463376	1.0	0.13100580420257676	0.0011457961855458594	1.0	1.0	1.0
war	1.0	1.0	1.0	1.0	0.17464760748059102	0.012480549752687822	1.0	0.0018529700511251523	0.053818470362389244	0.006907850799705037	1.0	1.0	0.09082656255034031	0.05195267346655018	0.008947022348346809	1.0	1.0	1.0	1.0	1.0	1.0	0.007276056772230513	0.047775726001248575	0.036707405575888655	0.3660254037844386	1.0	0.24336073281110826	1.0	0.2612038749637414	1.0	0.038890293911463376	1.0	0.13100580420257676	0.0011457961855458594	1.0	1.0	1.0
zh	1.0	1.0	1.0	1.0	0.17464760748059102	0.012480549752687822	1.0	0.0018529700511251523	0.053818470362389244	0.006907850799705037	1.0	1.0	0.09082656255034031	0.05195267346655018	0.008947022348346809	1.0	1.0	1.0	1.0	1.0	1.0	0.007276056772230513	0.047775726001248575	0.036707405575888655	0.3660254037844386	1.0	0.24336073281110826	1.0	0.2612038749637414	1.0	0.038890293911463376	1.0	0.13100580420257676	0.0011457961855458594	1.0	1.0	1.0
