arz	bs	ceb	ckb	da	de	el	en	es	fr	he	hi	hu	id	it	ja	ko	lv	mk	ml	mr	nl	pl	pt	ro	ru	sh	si	simple	sr	sv	te	vi	war	zh
arz	1.0	0.0	0.0	0.0	1.0	1.0	1.0	1.0	1.0	1.0	0.0	1.0	1.0	1.0	1.0	1.0	1.0	1.0	0.0	1.0	0.0	1.0	1.0	1.0	1.0	1.0	1.0	0.0	1.0	1.0	1.0	0.0	1.0	0.0	1.0
bs	0.0	0.5	1.0	1.0	0.5	0.5	1.0	0.5	0.5	0.5	0.5	0.5	0.5	0.5	0.5	0.5	0.5	0.5	0.5	1.0	1.0	0.5	0.5	0.5	0.5	0.5	0.5	0.0	0.5	0.5	0.5	0.2	0.5	0.0	0.5
ceb	0.0	1.0	1.0	1.0	1.0	1.0	1.0	1.0	1.0	1.0	1.0	1.0	1.0	1.0	1.0	1.0	1.0	1.0	0.0	1.0	0.0	1.0	1.0	1.0	1.0	0.0	1.0	0.0	1.0	1.0	1.0	1.0	1.0	0.0	1.0
ckb	0.0	1.0	1.0	0.25	0.25	0.25	1.0	0.25	0.25	0.25	0.3333333333333333	0.3333333333333333	0.3333333333333333	0.25	0.25	0.25	0.25	0.5	1.0	0.0	1.0	0.25	0.25	0.25	0.25	0.25	0.25	0.5	0.5	0.25	0.25	0.16666666666666666	0.5	0.0	0.25
da	1.0	0.5	1.0	0.25	0.04775090560070354	0.055561728395061724	0.2	0.047630392294789124	0.058823529411764705	0.05556481481481482	0.125	0.16666666666666666	0.14285714285714285	0.08334027777777778	0.0500100050025025	0.07142857142857142	0.06666666666666667	0.16666666666666666	0.5	0.5	0.5	0.06666666666666667	0.07692307692307693	0.0526398891966759	0.125015625	0.07142857142857142	0.10000999999999999	0.5	0.125	0.1	0.05883045328719723	0.125	0.125	1.0	0.07692307692307693
de	1.0	0.5	1.0	0.25	0.055561728395061724	0.021317874769451517	0.08333333333333333	0.022732438533057852	0.02631578947368421	0.026317174515235454	0.058823529411764705	0.125	0.06667111111111111	0.04762358503401361	0.027029948867786705	0.043478260869565216	0.047619047619047616	0.14285714285714285	0.5	0.5	0.5	0.029412629757785465	0.03333333333333333	0.02941349480968858	0.08333333333333333	0.030303030303030304	0.05555864197530863	0.5	0.1	0.05	0.047621315192743756	0.1	0.09090909090909091	1.0	0.041666666666666664
el	1.0	1.0	1.0	1.0	0.2	0.08333333333333333	0.05263157894736842	0.058823529411764705	0.058823529411764705	0.058823529411764705	0.14285714285714285	0.25	0.09090909090909091	0.125	0.058823529411764705	0.08333333333333333	0.1	0.25	1.0	0.5	1.0	0.1	0.1	0.07692307692307693	0.14285714285714285	0.08333333333333333	0.125	0.5	0.16666666666666666	0.1111111111111111	0.1	0.16666666666666666	0.2	1.0	0.09090909090909091
en	1.0	0.5	1.0	0.25	0.047630392294789124	0.022732438533057852	0.058823529411764705	0.012518010662553355	0.0178609706639037	0.017549401046783934	0.05	0.1111111111111111	0.05263989196675901	0.04546694628099173	0.018202998372261855	0.030303030303030304	0.038461538461538464	0.14285714285714285	0.5	0.5	0.5	0.025003124999999998	0.03333666666666667	0.02084332074782986	0.06667111111111111	0.023810090702947845	0.04169098090798959	0.5	0.08333333333333333	0.045454545454545456	0.03571811224489796	0.09090909090909091	0.08333333333333333	1.0	0.034482758620689655
es	1.0	0.5	1.0	0.25	0.058823529411764705	0.02631578947368421	0.058823529411764705	0.0178609706639037	0.017266986395179453	0.020409829237817576	0.05555555555555555	0.1111111111111111	0.052637119113573404	0.05000249999999999	0.022730888429752065	0.03225806451612903	0.04	0.14285714285714285	0.5	0.5	0.5	0.03125	0.037037037037037035	0.02439202914991136	0.06666666666666667	0.02702702702702703	0.05000249999999999	0.5	0.08333333333333333	0.047619047619047616	0.043478260869565216	0.09090909090909091	0.09090909090909091	1.0	0.037037037037037035
fr	1.0	0.5	1.0	0.25	0.05556481481481482	0.026317174515235454	0.058823529411764705	0.017549401046783934	0.020409829237817576	0.01590937685177552	0.05555555555555555	0.1111111111111111	0.05555555555555555	0.047621315192743756	0.022225185185185185	0.03333333333333333	0.041666666666666664	0.14285714285714285	0.5	0.5	0.5	0.02857142857142857	0.038461538461538464	0.025003125625625625	0.07143367346938775	0.026316481994459833	0.05263434903047091	0.5	0.09091735537190083	0.05	0.041666666666666664	0.1	0.1	1.0	0.04
he	0.0	0.5	1.0	0.3333333333333333	0.125	0.058823529411764705	0.14285714285714285	0.05	0.05555555555555555	0.05555555555555555	0.05	0.16666666666666666	0.1111111111111111	0.09090909090909091	0.0625	0.06666666666666667	0.07142857142857142	0.25	0.5	1.0	0.5	0.08333333333333333	0.06666666666666667	0.06666666666666667	0.125	0.058823529411764705	0.07692307692307693	0.5	0.125	0.1	0.1	0.1	0.1111111111111111	1.0	0.07692307692307693
hi	1.0	0.5	1.0	0.3333333333333333	0.16666666666666666	0.125	0.25	0.1111111111111111	0.1111111111111111	0.1111111111111111	0.16666666666666666	0.1111111111111111	0.2	0.14285714285714285	0.1111111111111111	0.1111111111111111	0.1111111111111111	0.2	0.5	0.5	1.0	0.14285714285714285	0.125	0.125	0.2	0.1111111111111111	0.125	0.5	0.14285714285714285	0.16666666666666666	0.14285714285714285	0.125	0.16666666666666666	0.0	0.1111111111111111
hu	1.0	0.5	1.0	0.3333333333333333	0.14285714285714285	0.06667111111111111	0.09090909090909091	0.05263989196675901	0.052637119113573404	0.05555555555555555	0.1111111111111111	0.2	0.052670396144058176	0.10001999999999998	0.05263434903047091	0.07692307692307693	0.09090909090909091	0.16666666666666666	0.5	0.5	0.5	0.07142857142857142	0.07142857142857142	0.07142857142857142	0.1	0.06666666666666667	0.08333333333333333	0.5	0.14285714285714285	0.09090909090909091	0.125	0.16666666666666666	0.2	1.0	0.09090909090909091
id	1.0	0.5	1.0	0.25	0.08334027777777778	0.04762358503401361	0.125	0.04546694628099173	0.05000249999999999	0.047621315192743756	0.09090909090909091	0.14285714285714285	0.10001999999999998	0.043518007601175836	0.04545867768595041	0.05555555555555555	0.058823529411764705	0.16666666666666666	0.5	0.5	0.5	0.05263434903047091	0.05555555555555555	0.045456611570247926	0.08333333333333333	0.05555555555555555	0.06666666666666667	0.5	0.1111111111111111	0.07142857142857142	0.06666666666666667	0.1111111111111111	0.125	1.0	0.058823529411764705
it	1.0	0.5	1.0	0.25	0.0500100050025025	0.027029948867786705	0.058823529411764705	0.018202998372261855	0.022730888429752065	0.022225185185185185	0.0625	0.1111111111111111	0.05263434903047091	0.04545867768595041	0.01708526857047292	0.04	0.043478260869565216	0.14285714285714285	0.5	0.5	0.5	0.031251953124999995	0.03571683673469388	0.02326122336398053	0.07143877551020407	0.03125	0.052645432132963986	0.5	0.09091735537190083	0.05	0.041671875	0.09090909090909091	0.09090909090909091	1.0	0.038461538461538464
ja	1.0	0.5	1.0	0.25	0.07142857142857142	0.043478260869565216	0.08333333333333333	0.030303030303030304	0.03225806451612903	0.03333333333333333	0.06666666666666667	0.1111111111111111	0.07692307692307693	0.05555555555555555	0.04	0.027027757487216943	0.038461538461538464	0.14285714285714285	0.5	0.5	0.5	0.043478260869565216	0.05	0.038461538461538464	0.08333333333333333	0.038461538461538464	0.05263157894736842	0.5	0.08333333333333333	0.06666666666666667	0.0625	0.1	0.1111111111111111	1.0	0.03571428571428571
ko	1.0	0.5	1.0	0.25	0.06666666666666667	0.047619047619047616	0.1	0.038461538461538464	0.04	0.041666666666666664	0.07142857142857142	0.1111111111111111	0.09090909090909091	0.058823529411764705	0.043478260869565216	0.038461538461538464	0.03448394768133174	0.14285714285714285	0.5	0.5	0.5	0.05	0.05	0.045454545454545456	0.08333333333333333	0.043478260869565216	0.06666666666666667	0.5	0.08333333333333333	0.07142857142857142	0.05555555555555555	0.1	0.1111111111111111	1.0	0.041666666666666664
lv	1.0	0.5	1.0	0.5	0.16666666666666666	0.14285714285714285	0.25	0.14285714285714285	0.14285714285714285	0.14285714285714285	0.25	0.2	0.16666666666666666	0.16666666666666666	0.14285714285714285	0.14285714285714285	0.14285714285714285	0.14285714285714285	0.5	0.5	0.5	0.14285714285714285	0.14285714285714285	0.14285714285714285	0.16666666666666666	0.14285714285714285	0.16666666666666666	0.5	0.14285714285714285	0.16666666666666666	0.16666666666666666	0.16666666666666666	0.2	1.0	0.16666666666666666
mk	0.0	0.5	0.0	1.0	0.5	0.5	1.0	0.5	0.5	0.5	0.5	0.5	0.5	0.5	0.5	0.5	0.5	0.5	0.3333333333333333	1.0	1.0	0.5	0.5	0.5	0.5	0.3333333333333333	0.5	0.5	0.5	0.5	0.5	0.2	0.5	0.0	0.5
ml	1.0	1.0	1.0	0.0	0.5	0.5	0.5	0.5	0.5	0.5	1.0	0.5	0.5	0.5	0.5	0.5	0.5	0.5	1.0	0.5	0.0	0.5	0.5	0.5	0.5	0.5	0.5	0.5	0.5	0.5	0.5	0.2	0.5	0.0	0.5
mr	0.0	1.0	0.0	1.0	0.5	0.5	1.0	0.5	0.5	0.5	0.5	1.0	0.5	0.5	0.5	0.5	0.5	0.5	1.0	0.0	0.5	0.5	0.5	0.5	0.5	0.5	0.5	1.0	0.5	0.5	0.5	0.25	0.5	1.0	1.0
nl	1.0	0.5	1.0	0.25	0.06666666666666667	0.029412629757785465	0.1	0.025003124999999998	0.03125	0.02857142857142857	0.08333333333333333	0.14285714285714285	0.07142857142857142	0.05263434903047091	0.031251953124999995	0.043478260869565216	0.05	0.14285714285714285	0.5	0.5	0.5	0.021297441854261235	0.03571428571428571	0.03333333333333333	0.07692307692307693	0.03225806451612903	0.05263157894736842	0.5	0.1	0.05555555555555555	0.05263157894736842	0.1	0.125	1.0	0.047619047619047616
pl	1.0	0.5	1.0	0.25	0.07692307692307693	0.03333333333333333	0.1	0.03333666666666667	0.037037037037037035	0.038461538461538464	0.06666666666666667	0.125	0.07142857142857142	0.05555555555555555	0.03571683673469388	0.05	0.05	0.14285714285714285	0.5	0.5	0.5	0.03571428571428571	0.027044566108838566	0.038463017751479284	0.08333333333333333	0.03333333333333333	0.05555864197530863	0.5	0.09090909090909091	0.058823529411764705	0.05263157894736842	0.1	0.125	1.0	0.047619047619047616
pt	1.0	0.5	1.0	0.25	0.0526398891966759	0.02941349480968858	0.07692307692307693	0.02084332074782986	0.02439202914991136	0.025003125625625625	0.06666666666666667	0.125	0.07142857142857142	0.045456611570247926	0.02326122336398053	0.038461538461538464	0.045454545454545456	0.14285714285714285	0.5	0.5	0.5	0.03333333333333333	0.038463017751479284	0.020462453553405487	0.07143877551020407	0.03125	0.047628117913832195	0.5	0.09092561983471074	0.05	0.045454545454545456	0.09090909090909091	0.09090909090909091	1.0	0.041666666666666664
ro	1.0	0.5	1.0	0.25	0.125015625	0.08333333333333333	0.14285714285714285	0.06667111111111111	0.06666666666666667	0.07143367346938775	0.125	0.2	0.1	0.08333333333333333	0.07143877551020407	0.08333333333333333	0.08333333333333333	0.16666666666666666	0.5	0.5	0.5	0.07692307692307693	0.08333333333333333	0.07143877551020407	0.06670223111111112	0.07142857142857142	0.1	0.5	0.14285714285714285	0.08333333333333333	0.09090909090909091	0.16666666666666666	0.2	1.0	0.08333333333333333
ru	1.0	0.5	0.0	0.25	0.07142857142857142	0.030303030303030304	0.08333333333333333	0.023810090702947845	0.02702702702702703	0.026316481994459833	0.058823529411764705	0.1111111111111111	0.06666666666666667	0.05555555555555555	0.03125	0.038461538461538464	0.043478260869565216	0.14285714285714285	0.3333333333333333	0.5	0.5	0.03225806451612903	0.03333333333333333	0.03125	0.07142857142857142	0.020408996251561846	0.05555555555555555	0.5	0.08333333333333333	0.05263157894736842	0.05	0.1	0.1111111111111111	1.0	0.04
sh	1.0	0.5	1.0	0.25	0.10000999999999999	0.05555864197530863	0.125	0.04169098090798959	0.05000249999999999	0.05263434903047091	0.07692307692307693	0.125	0.08333333333333333	0.06666666666666667	0.052645432132963986	0.05263157894736842	0.06666666666666667	0.16666666666666666	0.5	0.5	0.5	0.05263157894736842	0.05555864197530863	0.047628117913832195	0.1	0.05555555555555555	0.04179027352872284	0.5	0.11112345679012345	0.06666666666666667	0.09090909090909091	0.1	0.125	1.0	0.0625
si	0.0	0.0	0.0	0.5	0.5	0.5	0.5	0.5	0.5	0.5	0.5	0.5	0.5	0.5	0.5	0.5	0.5	0.5	0.5	0.5	1.0	0.5	0.5	0.5	0.5	0.5	0.5	0.5	0.5	0.5	0.5	0.5	0.5	1.0	0.5
simple	1.0	0.5	1.0	0.5	0.125	0.1	0.16666666666666666	0.08333333333333333	0.08333333333333333	0.09091735537190083	0.125	0.14285714285714285	0.14285714285714285	0.1111111111111111	0.09091735537190083	0.08333333333333333	0.08333333333333333	0.14285714285714285	0.5	0.5	0.5	0.1	0.09090909090909091	0.09092561983471074	0.14285714285714285	0.08333333333333333	0.11112345679012345	0.5	0.08335416666666667	0.125	0.1	0.1111111111111111	0.14285714285714285	1.0	0.09090909090909091
sr	1.0	0.5	1.0	0.25	0.1	0.05	0.1111111111111111	0.045454545454545456	0.047619047619047616	0.05	0.1	0.16666666666666666	0.09090909090909091	0.07142857142857142	0.05	0.06666666666666667	0.07142857142857142	0.16666666666666666	0.5	0.5	0.5	0.05555555555555555	0.058823529411764705	0.05	0.08333333333333333	0.05263157894736842	0.06666666666666667	0.5	0.125	0.045454545454545456	0.07142857142857142	0.1	0.14285714285714285	1.0	0.0625
sv	1.0	0.5	1.0	0.25	0.05883045328719723	0.047621315192743756	0.1	0.03571811224489796	0.043478260869565216	0.041666666666666664	0.1	0.14285714285714285	0.125	0.06666666666666667	0.041671875	0.0625	0.05555555555555555	0.16666666666666666	0.5	0.5	0.5	0.05263157894736842	0.05263157894736842	0.045454545454545456	0.09090909090909091	0.05	0.09090909090909091	0.5	0.1	0.07142857142857142	0.03229035904270973	0.1	0.14285714285714285	1.0	0.0625
te	0.0	0.2	1.0	0.16666666666666666	0.125	0.1	0.16666666666666666	0.09090909090909091	0.09090909090909091	0.1	0.1	0.125	0.16666666666666666	0.1111111111111111	0.09090909090909091	0.1	0.1	0.16666666666666666	0.2	0.2	0.25	0.1	0.1	0.09090909090909091	0.16666666666666666	0.1	0.1	0.5	0.1111111111111111	0.1	0.1	0.09090909090909091	0.1111111111111111	0.5	0.1
vi	1.0	0.5	1.0	0.5	0.125	0.09090909090909091	0.2	0.08333333333333333	0.09090909090909091	0.1	0.1111111111111111	0.16666666666666666	0.2	0.125	0.09090909090909091	0.1111111111111111	0.1111111111111111	0.2	0.5	0.5	0.5	0.125	0.125	0.09090909090909091	0.2	0.1111111111111111	0.125	0.5	0.14285714285714285	0.14285714285714285	0.14285714285714285	0.1111111111111111	0.08334722916666666	1.0	0.125
war	0.0	0.0	0.0	0.0	1.0	1.0	1.0	1.0	1.0	1.0	1.0	0.0	1.0	1.0	1.0	1.0	1.0	1.0	0.0	0.0	1.0	1.0	1.0	1.0	1.0	1.0	1.0	1.0	1.0	1.0	1.0	0.5	1.0	1.0	0.0
zh	1.0	0.5	1.0	0.25	0.07692307692307693	0.041666666666666664	0.09090909090909091	0.034482758620689655	0.037037037037037035	0.04	0.07692307692307693	0.1111111111111111	0.09090909090909091	0.058823529411764705	0.038461538461538464	0.03571428571428571	0.041666666666666664	0.16666666666666666	0.5	0.5	1.0	0.047619047619047616	0.047619047619047616	0.041666666666666664	0.08333333333333333	0.04	0.0625	0.5	0.09090909090909091	0.0625	0.0625	0.1	0.125	0.0	0.030303030303030304
