arz	bs	ceb	ckb	da	de	el	en	es	fr	he	hi	hu	id	it	ja	ko	lv	mk	ml	mr	nl	pl	pt	ro	ru	sh	si	simple	sr	sv	te	vi	war	zh
arz	1.0	0.7863954451402115	0.0	1.0	1.0	1.0	1.0	0.7863954451402115	1.0	1.0	1.0	1.0	1.0	0.5020797777427737	1.0	1.0	1.0	0.7863954451402115	1.0	1.0	1.0	1.0	0.5020797777427737	1.0	1.0	1.0	1.0	1.0	0.7863954451402115	0.7863954451402115	0.7863954451402115	1.0	0.7863954451402115	1.0	1.0
bs	0.7863954451402115	1.0	1.0	0.5902023332237868	0.3302714187568946	0.26476138443561126	0.4577035378046798	0.2699880989929314	0.24314826766808617	0.24610853181609282	0.3712058136913511	0.26184425734583966	0.4589679010809141	0.3797009771437727	0.26659837927006513	0.33588952955254076	0.26476138443561126	0.30119566012901466	0.34881218262288016	0.436524791656523	0.3811953438114679	0.22910758759514196	0.24954441847090555	0.20121735964705592	0.25691965321103033	0.24270516383906615	0.41238135005569804	0.42542612319071343	0.41506522525017175	0.35354254918443556	0.415113002159715	0.455926604011123	0.35292053882965796	0.6314963550032493	0.3605620161109012
ceb	0.0	1.0	1.0	1.0	1.0	1.0	1.0	1.0	1.0	1.0	1.0	1.0	1.0	1.0	1.0	1.0	1.0	1.0	1.0	1.0	1.0	1.0	1.0	1.0	1.0	1.0	1.0	1.0	1.0	1.0	1.0	1.0	1.0	1.0	1.0
ckb	1.0	0.5902023332237868	1.0	1.0	0.41360553468474	1.0	1.0	0.6841174893561722	0.7376607345031153	0.7376607345031153	1.0	1.0	0.8055567530094857	0.6645835716783483	0.5695894382616535	1.0	1.0	0.7455134344225701	1.0	1.0	1.0	1.0	0.4155838944722242	0.7376607345031153	1.0	1.0	0.7376607345031153	1.0	0.6908587525207898	0.7376607345031153	0.6841174893561722	1.0	0.7376607345031153	0.7510341748895938	1.0
da	1.0	0.3302714187568946	1.0	0.41360553468474	1.0	0.2095144772059297	0.4525515730158083	0.19530012772072564	0.23955610032236074	0.25184313336142494	0.26472930220549035	0.3391805883925259	0.4466062194556961	0.288925761169655	0.2583784660286622	0.26473969623747157	0.2743507377611625	0.4659729428809552	0.5774479196009691	0.5966181108698173	1.0	0.23767865733679333	0.24879068170479246	0.2486610568156483	0.30055449575340953	0.25095177669142155	0.237991725191168	1.0	0.26506766825447065	0.24683447075352485	0.2702985263997809	1.0	0.23679528516163448	0.6212845645194138	0.2657421182545751
de	1.0	0.26476138443561126	1.0	1.0	0.2095144772059297	1.0	1.0	0.1452399212408508	0.1628170822598326	0.13732828580029724	0.22529641415397184	0.4853413281291655	0.4707747905679778	0.17783120405780847	0.15532212707411544	0.19145805883659567	0.2520941352872976	0.5417066634528723	0.7221793916855704	0.7210092110599264	0.7347168825662656	0.16462023540097284	0.16249038516428033	0.1554319668093381	0.3186355072776438	0.19998331605618508	0.20567485243175532	1.0	0.32091590344600424	0.2055625090827156	0.16089214443828115	1.0	0.2715331858546725	0.7106922308883378	0.2069268168317735
el	1.0	0.4577035378046798	1.0	1.0	0.4525515730158083	1.0	1.0	0.4998714994539137	0.4534074764835366	0.571924162052103	0.6549329476340925	1.0	0.6634518311496418	0.5018877211687883	0.3997960807658012	1.0	1.0	0.7347168825662656	1.0	1.0	1.0	0.5409099584858091	0.2899233243507581	0.30033337167018037	0.3807270409380515	1.0	0.4487144914485213	1.0	0.480959244434028	0.5054673693900985	0.5663385877798081	1.0	0.525360462861878	0.6994017365373273	1.0
en	0.7863954451402115	0.2699880989929314	1.0	0.6841174893561722	0.19530012772072564	0.1452399212408508	0.4998714994539137	1.0	0.15635595647763517	0.13647002003208827	0.4264599806906584	0.6463474082678704	0.3947160350111309	0.23949881531686235	0.15694148353230372	0.21466526750867815	0.35111407258486343	0.48271915712949043	0.6568318202362041	0.5505638267984209	0.7347168825662656	0.14897778501252543	0.161547632628085	0.1541325854341925	0.25358433665379404	0.26979755770650643	0.17786838875428304	1.0	0.2946452088581822	0.19158049198561128	0.17422946232854702	0.6994017365373274	0.20732291392515625	0.6417387877758196	0.32362644812692254
es	1.0	0.24314826766808617	1.0	0.7376607345031153	0.23955610032236074	0.1628170822598326	0.4534074764835366	0.15635595647763517	1.0	0.19198551626088625	0.4685989575851493	0.5586948029842126	0.4438008980452024	0.2368336798179151	0.15793825076695792	0.2526976027358118	0.4312441032106276	0.5235809371538344	0.7221793916855703	0.6549329476340925	1.0	0.19411635209150244	0.20050429913788287	0.16359344820453572	0.2615657914240489	0.27284103776791907	0.24924051304818573	1.0	0.3420280225474698	0.29077120318758704	0.18104387550201603	1.0	0.263120194846783	0.6994017365373273	0.28270822866082784
fr	1.0	0.24610853181609282	1.0	0.7376607345031153	0.25184313336142494	0.13732828580029724	0.571924162052103	0.13647002003208827	0.19198551626088625	1.0	0.42538919897553246	0.5788148614446593	0.4071053675578927	0.23384635376131974	0.15875514377049266	0.23878250430400957	0.3375835156233871	0.5081534147589032	0.6568318202362041	0.7199285383279772	1.0	0.19796473592929478	0.17309617556022716	0.16767898633906003	0.29477791966169997	0.29094813241069095	0.18376669256087907	1.0	0.34260232159311477	0.21785976108201094	0.17031980897600482	1.0	0.2625017531464473	0.6994017365373273	0.3127387240199905
he	1.0	0.3712058136913511	1.0	1.0	0.26472930220549035	0.22529641415397184	0.6549329476340925	0.4264599806906584	0.4685989575851493	0.42538919897553246	1.0	0.6487871090048527	0.5272590076730328	0.39563527745596067	0.24441026484587114	0.5932464233149596	0.6406217872018793	0.5101748359115998	1.0	1.0	1.0	0.3813464069665584	0.2877087257848651	0.47295135275556954	0.41810148048012913	0.5940642723969022	0.28208824407644134	1.0	0.40610896608023034	0.2942445776373522	0.4312984412952974	1.0	0.41340130542033127	0.6994017365373273	0.5949224416307971
hi	1.0	0.26184425734583966	1.0	1.0	0.3391805883925259	0.4853413281291655	1.0	0.6463474082678704	0.5586948029842126	0.5788148614446593	0.6487871090048527	1.0	0.5700745183065253	0.46154691981744345	0.49050040613458096	1.0	1.0	0.6638546162332061	1.0	1.0	1.0	0.5161329829743988	0.3583983642093307	0.6487871090048528	0.5230394374106553	1.0	0.4943434490169847	1.0	0.5771134313943425	0.5808852645006568	0.5077529256209368	1.0	0.4754371022234587	0.7510341748895938	1.0
hu	1.0	0.4589679010809141	1.0	0.8055567530094857	0.4466062194556961	0.4707747905679778	0.6634518311496418	0.3947160350111309	0.4438008980452024	0.4071053675578927	0.5272590076730328	0.5700745183065253	1.0	0.4044426126136173	0.4041973757745026	0.45844931194018357	0.4996589408161761	0.5126005311243527	0.6572580096165469	0.5754620611736143	0.6524007805500078	0.3866513413207997	0.2448547425783852	0.4068161698290707	0.41831739526884393	0.46379670228353315	0.2696956969151525	0.7690990303325336	0.44280940138390384	0.4144547805396147	0.508015507909901	0.6978955566455195	0.44276714834463116	0.7397768966042049	0.4603916037839838
id	0.5020797777427737	0.3797009771437727	1.0	0.6645835716783483	0.288925761169655	0.17783120405780847	0.5018877211687883	0.23949881531686235	0.2368336798179151	0.23384635376131974	0.39563527745596067	0.46154691981744345	0.4044426126136173	1.0	0.19780896180568758	0.23267931249696053	0.39250123957205424	0.452465353077639	0.5657684000099046	0.575065691471576	0.5887181266548379	0.29114726461752616	0.2569375315436815	0.24330060210947285	0.28908711933498027	0.29370830588293645	0.2890123151649104	0.6467936504043929	0.3481893174322535	0.30958139523197986	0.31245049308384953	0.6849276451518981	0.28749674515489987	0.5435529286731253	0.3508801673235074
it	1.0	0.26659837927006513	1.0	0.5695894382616535	0.2583784660286622	0.15532212707411544	0.3997960807658012	0.15694148353230372	0.15793825076695792	0.15875514377049266	0.24441026484587114	0.49050040613458096	0.4041973757745026	0.19780896180568758	1.0	0.17854614861627305	0.359135769860691	0.45238256192798754	0.38503479071306246	0.5504648797787773	0.7411828468492556	0.16014311600122141	0.18434769931234302	0.16375141650973934	0.22426269777019245	0.18418041426480056	0.19349140603167936	0.7690990303325336	0.28077963701071956	0.1651097716321509	0.17526810346083757	0.7510341748895938	0.22445492377097373	0.729267940738713	0.18405552038751039
ja	1.0	0.33588952955254076	1.0	1.0	0.26473969623747157	0.19145805883659567	1.0	0.21466526750867815	0.2526976027358118	0.23878250430400957	0.5932464233149596	1.0	0.45844931194018357	0.23267931249696053	0.17854614861627305	1.0	1.0	0.5569458829978287	1.0	1.0	1.0	0.25320244125145336	0.21966905436205908	0.2233838322829068	0.32133324760188414	1.0	0.2577942740423508	1.0	0.38812250853036523	0.25757092441733737	0.19912419219265912	1.0	0.3192114372160377	0.6994017365373273	1.0
ko	1.0	0.26476138443561126	1.0	1.0	0.2743507377611625	0.2520941352872976	1.0	0.35111407258486343	0.4312441032106276	0.3375835156233871	0.6406217872018793	1.0	0.4996589408161761	0.39250123957205424	0.359135769860691	1.0	1.0	0.5392225599451642	1.0	1.0	1.0	0.40933722860879646	0.21267134887437408	0.25629793024047465	0.3912976073269142	1.0	0.3662037734481874	1.0	0.4225040563932223	0.427963392350668	0.4754725271048461	1.0	0.3902103554726766	0.6994017365373273	1.0
lv	0.7863954451402115	0.30119566012901466	1.0	0.7455134344225701	0.4659729428809552	0.5417066634528723	0.7347168825662656	0.48271915712949043	0.5235809371538344	0.5081534147589032	0.5101748359115998	0.6638546162332061	0.5126005311243527	0.452465353077639	0.45238256192798754	0.5569458829978287	0.5392225599451642	1.0	0.593659722556896	0.7300208629885035	0.7376607345031153	0.4830929122843259	0.33856863640674195	0.5123143597898602	0.538358702212486	0.5569458829978287	0.340202962808772	1.0	0.47009765111725554	0.4289343339046162	0.5011725336063787	0.7510341748895938	0.36995678423586104	0.6666984105496916	0.5392225599451642
mk	1.0	0.34881218262288016	1.0	1.0	0.5774479196009691	0.7221793916855704	1.0	0.6568318202362041	0.7221793916855703	0.6568318202362041	1.0	1.0	0.6572580096165469	0.5657684000099046	0.38503479071306246	1.0	1.0	0.593659722556896	1.0	1.0	1.0	0.7234532828151788	0.3832220869153515	0.661251134120194	0.6701591524560107	1.0	0.4551219297376014	1.0	0.5744214629979281	0.5607371342276144	0.574421462997928	1.0	0.5515213928849247	0.7690990303325336	1.0
ml	1.0	0.436524791656523	1.0	1.0	0.5966181108698173	0.7210092110599264	1.0	0.5505638267984209	0.6549329476340925	0.7199285383279772	1.0	1.0	0.5754620611736143	0.575065691471576	0.5504648797787773	1.0	1.0	0.7300208629885035	1.0	1.0	1.0	0.6394300733289616	0.30379475590237326	0.7210092110599264	0.50075839211552	1.0	0.5031981311735988	1.0	0.661251134120194	0.6221982196391784	0.539924530095315	1.0	0.4752490464507264	0.7106922308883378	1.0
mr	1.0	0.3811953438114679	1.0	1.0	1.0	0.7347168825662656	1.0	0.7347168825662656	1.0	1.0	1.0	1.0	0.6524007805500078	0.5887181266548379	0.7411828468492556	1.0	1.0	0.7376607345031153	1.0	1.0	1.0	1.0	0.41188226753420754	1.0	1.0	1.0	0.6161562425375515	1.0	0.7347168825662656	0.6786291688147438	0.7411828468492556	1.0	0.6044414021866646	0.7690990303325336	1.0
nl	1.0	0.22910758759514196	1.0	1.0	0.23767865733679333	0.16462023540097284	0.5409099584858091	0.14897778501252543	0.19411635209150244	0.19796473592929478	0.3813464069665584	0.5161329829743988	0.3866513413207997	0.29114726461752616	0.16014311600122141	0.25320244125145336	0.40933722860879646	0.4830929122843259	0.7234532828151788	0.6394300733289616	1.0	1.0	0.23524145861626392	0.1969753255232805	0.29933016847633864	0.2870971159800234	0.23863334134288894	1.0	0.38953292842151765	0.2411937865216162	0.17339443765884718	1.0	0.2628758793265619	0.6994017365373273	0.28767850762145736
pl	0.5020797777427737	0.24954441847090555	1.0	0.4155838944722242	0.24879068170479246	0.16249038516428033	0.2899233243507581	0.161547632628085	0.20050429913788287	0.17309617556022716	0.2877087257848651	0.3583983642093307	0.2448547425783852	0.2569375315436815	0.18434769931234302	0.21966905436205908	0.21267134887437408	0.33856863640674195	0.3832220869153515	0.30379475590237326	0.41188226753420754	0.23524145861626392	1.0	0.14917307659191287	0.20923703449174957	0.2191688141055017	0.20273516415052664	0.7510341748895939	0.2272024095614262	0.16934356753753338	0.2079374177436457	0.42995415895150885	0.23227146662219816	0.6994017365373273	0.21807104139837358
pt	1.0	0.20121735964705592	1.0	0.7376607345031153	0.2486610568156483	0.1554319668093381	0.30033337167018037	0.1541325854341925	0.16359344820453572	0.16767898633906003	0.47295135275556954	0.6487871090048528	0.4068161698290707	0.24330060210947285	0.16375141650973934	0.2233838322829068	0.25629793024047465	0.5123143597898602	0.661251134120194	0.7210092110599264	1.0	0.1969753255232805	0.14917307659191287	1.0	0.2279626932670113	0.1844173592017346	0.19845595469749835	1.0	0.3446898213149851	0.21946689622293192	0.16004460451345398	1.0	0.2627590403167466	0.6994017365373273	0.3527523205209176
ro	1.0	0.25691965321103033	1.0	1.0	0.30055449575340953	0.3186355072776438	0.3807270409380515	0.25358433665379404	0.2615657914240489	0.29477791966169997	0.41810148048012913	0.5230394374106553	0.41831739526884393	0.28908711933498027	0.22426269777019245	0.32133324760188414	0.3912976073269142	0.538358702212486	0.6701591524560107	0.50075839211552	1.0	0.29933016847633864	0.20923703449174957	0.2279626932670113	1.0	0.29611413895458744	0.279325418060851	1.0	0.38516785705947854	0.287876687101288	0.34635869470857183	1.0	0.30399905911302577	0.6994017365373273	0.3275337618965868
ru	1.0	0.24270516383906615	1.0	1.0	0.25095177669142155	0.19998331605618508	1.0	0.26979755770650643	0.27284103776791907	0.29094813241069095	0.5940642723969022	1.0	0.46379670228353315	0.29370830588293645	0.18418041426480056	1.0	1.0	0.5569458829978287	1.0	1.0	1.0	0.2870971159800234	0.2191688141055017	0.1844173592017346	0.29611413895458744	1.0	0.2600109716994025	1.0	0.35030402708305375	0.3731660445187355	0.2014206146438999	1.0	0.34536668755179695	0.6994017365373273	1.0
sh	1.0	0.41238135005569804	1.0	0.7376607345031153	0.237991725191168	0.20567485243175532	0.4487144914485213	0.17786838875428304	0.24924051304818573	0.18376669256087907	0.28208824407644134	0.4943434490169847	0.2696956969151525	0.2890123151649104	0.19349140603167936	0.2577942740423508	0.3662037734481874	0.340202962808772	0.4551219297376014	0.5031981311735988	0.6161562425375515	0.23863334134288894	0.20273516415052664	0.19845595469749835	0.279325418060851	0.2600109716994025	1.0	0.7510341748895938	0.3637171523312137	0.16703820877169662	0.2517412601254594	1.0	0.25401736156084137	0.8534363390920995	0.268401753880563
si	1.0	0.42542612319071343	1.0	1.0	1.0	1.0	1.0	1.0	1.0	1.0	1.0	1.0	0.7690990303325336	0.6467936504043929	0.7690990303325336	1.0	1.0	1.0	1.0	1.0	1.0	1.0	0.7510341748895939	1.0	1.0	1.0	0.7510341748895938	1.0	1.0	1.0	1.0	1.0	0.7510341748895937	0.7863954451402115	1.0
simple	0.7863954451402115	0.41506522525017175	1.0	0.6908587525207898	0.26506766825447065	0.32091590344600424	0.480959244434028	0.2946452088581822	0.3420280225474698	0.34260232159311477	0.40610896608023034	0.5771134313943425	0.44280940138390384	0.3481893174322535	0.28077963701071956	0.38812250853036523	0.4225040563932223	0.47009765111725554	0.5744214629979281	0.661251134120194	0.7347168825662656	0.38953292842151765	0.2272024095614262	0.3446898213149851	0.38516785705947854	0.35030402708305375	0.3637171523312137	1.0	1.0	0.27709820043081645	0.4398397638107276	0.7510341748895938	0.3230206270814074	0.6994017365373273	0.36236449548428373
sr	0.7863954451402115	0.35354254918443556	1.0	0.7376607345031153	0.24683447075352485	0.2055625090827156	0.5054673693900985	0.19158049198561128	0.29077120318758704	0.21785976108201094	0.2942445776373522	0.5808852645006568	0.4144547805396147	0.30958139523197986	0.1651097716321509	0.25757092441733737	0.427963392350668	0.4289343339046162	0.5607371342276144	0.6221982196391784	0.6786291688147438	0.2411937865216162	0.16934356753753338	0.21946689622293192	0.287876687101288	0.3731660445187355	0.16703820877169662	1.0	0.27709820043081645	1.0	0.285825474242911	0.7510341748895938	0.2503280188984581	0.7292679407387131	0.21330044642019438
sv	0.7863954451402115	0.415113002159715	1.0	0.6841174893561722	0.2702985263997809	0.16089214443828115	0.5663385877798081	0.17422946232854702	0.18104387550201603	0.17031980897600482	0.4312984412952974	0.5077529256209368	0.508015507909901	0.31245049308384953	0.17526810346083757	0.19912419219265912	0.4754725271048461	0.5011725336063787	0.574421462997928	0.539924530095315	0.7411828468492556	0.17339443765884718	0.2079374177436457	0.16004460451345398	0.34635869470857183	0.2014206146438999	0.2517412601254594	1.0	0.4398397638107276	0.285825474242911	1.0	0.7510341748895939	0.2670730452864789	0.5875937725202484	0.3261374832455998
te	1.0	0.455926604011123	1.0	1.0	1.0	1.0	1.0	0.6994017365373274	1.0	1.0	1.0	1.0	0.6978955566455195	0.6849276451518981	0.7510341748895938	1.0	1.0	0.7510341748895938	1.0	1.0	1.0	1.0	0.42995415895150885	1.0	1.0	1.0	1.0	1.0	0.7510341748895938	0.7510341748895938	0.7510341748895939	1.0	0.7510341748895938	1.0	1.0
vi	0.7863954451402115	0.35292053882965796	1.0	0.7376607345031153	0.23679528516163448	0.2715331858546725	0.525360462861878	0.20732291392515625	0.263120194846783	0.2625017531464473	0.41340130542033127	0.4754371022234587	0.44276714834463116	0.28749674515489987	0.22445492377097373	0.3192114372160377	0.3902103554726766	0.36995678423586104	0.5515213928849247	0.4752490464507264	0.6044414021866646	0.2628758793265619	0.23227146662219816	0.2627590403167466	0.30399905911302577	0.34536668755179695	0.25401736156084137	0.7510341748895937	0.3230206270814074	0.2503280188984581	0.2670730452864789	0.7510341748895938	1.0	0.6994017365373273	0.29399556196490456
war	1.0	0.6314963550032493	1.0	0.7510341748895938	0.6212845645194138	0.7106922308883378	0.6994017365373273	0.6417387877758196	0.6994017365373273	0.6994017365373273	0.6994017365373273	0.7510341748895938	0.7397768966042049	0.5435529286731253	0.729267940738713	0.6994017365373273	0.6994017365373273	0.6666984105496916	0.7690990303325336	0.7106922308883378	0.7690990303325336	0.6994017365373273	0.6994017365373273	0.6994017365373273	0.6994017365373273	0.6994017365373273	0.8534363390920995	0.7863954451402115	0.6994017365373273	0.7292679407387131	0.5875937725202484	1.0	0.6994017365373273	1.0	0.6994017365373273
zh	1.0	0.3605620161109012	1.0	1.0	0.2657421182545751	0.2069268168317735	1.0	0.32362644812692254	0.28270822866082784	0.3127387240199905	0.5949224416307971	1.0	0.4603916037839838	0.3508801673235074	0.18405552038751039	1.0	1.0	0.5392225599451642	1.0	1.0	1.0	0.28767850762145736	0.21807104139837358	0.3527523205209176	0.3275337618965868	1.0	0.268401753880563	1.0	0.36236449548428373	0.21330044642019438	0.3261374832455998	1.0	0.29399556196490456	0.6994017365373273	1.0
