arz	bs	ceb	ckb	da	de	el	en	es	fr	he	hi	hu	id	it	ja	ko	lv	mk	ml	mr	nl	pl	pt	ro	ru	sh	si	simple	sr	sv	te	tr	vi	war	zh
arz	0.0	0.0	0.0	0.0	0.0	0.0	0.0	0.0	0.0	0.0	0.0	0.0	0.0	0.0	0.0	0.0	0.0	0.0	0.0	0.0	0.0	0.0	0.0	0.0	0.0	0.0	0.0	0.0	0.0	0.0	0.0	0.0	0.0	0.0	0.0	0.0
bs	0.0	1.0	0.7627834448703787	0.0	0.8835543578469612	0.7013262599469496	0.0	0.428496365706279	0.6269683257918552	0.458252427184466	0.0	0.0	0.29196128235051827	0.686168669104417	0.8908592947620678	0.0	0.0	0.5626277372262773	0.0	0.0	0.0	0.9128157950605053	0.811937750344737	0.14747859181731685	0.8428136624957727	0.0	0.14235723326632418	0.0	0.8843071443249537	0.0	0.5683776115553263	0.0	0.02531645569620253	0.7250249916694436	0.0006749662516874156	0.0688076781100037
ceb	0.0	0.7627834448703787	1.0	0.0	0.7572506177656392	0.7211103938024532	0.0	0.443145636149518	0.6478433257238976	0.4746129745669001	0.0	0.0	0.28416355887053807	0.7089751013317892	0.787332908975175	0.0	0.0	0.4806715862162345	0.0	0.0	0.0	0.7820197044334976	0.8138738039824153	0.14491417222301037	0.7712221938123243	0.0	0.12458199928850942	0.0	0.8068600219624056	0.0	0.58327776352911	0.0	-1.0	0.7220261437908497	0.0005072831364591637	0.06951106020473906
ckb	0.0	0.0	0.0	0.0	0.0	0.0	0.0	0.0	0.0	0.0	0.0	0.0	0.0	0.0	0.0	0.0	0.0	0.0	0.0	0.0	0.0	0.0	0.0	0.0	0.0	0.0	0.0	0.0	0.0	0.0	0.0	0.0	0.0	0.0	0.0	0.0
da	0.0	0.8835543578469612	0.7572506177656392	0.0	1.0	0.6954599056603774	0.0	0.42883508371050666	0.623881499395405	0.4568290309125458	0.0	0.0	0.2910169725403615	0.6816570797745628	0.8826911231264116	0.0	0.0	0.5470656595002905	0.0	0.0	0.0	0.8775367877815747	0.8056759952700039	0.14806075800029495	0.8366269626421223	0.0	0.1409421103871789	0.0	0.8779384552121171	0.0	0.5633708329032924	0.0	0.0	0.7204645574689628	0.0006048234671505254	0.06967914836596442
de	0.0	0.7013262599469496	0.7211103938024532	0.0	0.6954599056603774	1.0	0.0	0.48799145299145297	0.6785817072468774	0.523803071364047	0.0	0.0	0.29770285290848464	0.7279212520046452	0.724275550928336	0.0	0.0	0.44193292198668216	0.0	0.0	0.0	0.717602115780194	0.7437803664461745	0.13048703352308666	0.7275554512381176	0.0	0.11267605633802817	0.0	0.7411488862837046	0.0	0.6464467902419314	0.0	0.003257328990228013	0.6628568044533933	0.00051513200257566	0.06292636276697482
el	0.0	0.0	0.0	0.0	0.0	0.0	0.0	0.0	0.0	0.0	0.0	0.0	0.0	0.0	0.0	0.0	0.0	0.0	0.0	0.0	0.0	0.0	0.0	0.0	0.0	0.0	0.0	0.0	0.0	0.0	0.0	0.0	0.0	0.0	0.0	0.0
en	0.0	0.428496365706279	0.443145636149518	0.0	0.42883508371050666	0.48799145299145297	0.0	1.0	0.44039025243907776	0.5565148810759205	0.0	0.0	0.19333397553222234	0.4923903312444047	0.4547187797902765	0.0	0.0	0.2770803192234097	0.0	0.0	0.0	0.44037378280424433	0.4546479361775928	0.08740889670771551	0.4489831544034215	0.0	0.0740796772566818	0.0	0.45323084940072955	0.0	0.5274965340503298	0.0	0.0	0.4075416648247204	0.0004147011559794723	0.044204824202780046
es	0.0	0.6269683257918552	0.6478433257238976	0.0	0.623881499395405	0.6785817072468774	0.0	0.44039025243907776	1.0	0.46807137258518144	0.0	0.0	0.2768131427808201	0.6687514214236979	0.6483613817537643	0.0	0.0	0.406713758019571	0.0	0.0	0.0	0.6410856902660181	0.6667463400059755	0.1286380333427522	0.6507850892964162	0.0	0.112992742279778	0.0	0.6606748283069573	0.0	0.5761589403973509	0.0	0.0	0.6001344496730429	0.0005133846718005134	0.060884549109707066
fr	0.0	0.458252427184466	0.4746129745669001	0.0	0.4568290309125458	0.523803071364047	0.0	0.5565148810759205	0.46807137258518144	1.0	0.0	0.0	0.2101123595505618	0.5265715699950502	0.4853250434305568	0.0	0.0	0.29742804956311397	0.0	0.0	0.0	0.4691471725916375	0.48465864922950297	0.09249415266850947	0.4764421971960469	0.0	0.08066067992302758	0.0	0.48273809523809524	0.0	0.5671701466015104	0.0	0.006472491909385114	0.43702111754812184	0.0004393431819429952	0.04645252000865239
he	0.0	0.0	0.0	0.0	0.0	0.0	0.0	0.0	0.0	0.0	0.0	0.0	0.0	0.0	0.0	0.0	0.0	0.0	0.0	0.0	0.0	0.0	0.0	0.0	0.0	0.0	0.0	0.0	0.0	0.0	0.0	0.0	0.0	0.0	0.0	0.0
hi	0.0	0.0	0.0	0.0	0.0	0.0	0.0	0.0	0.0	0.0	0.0	0.0	0.0	0.0	0.0	0.0	0.0	0.0	0.0	0.0	0.0	0.0	0.0	0.0	0.0	0.0	0.0	0.0	0.0	0.0	0.0	0.0	0.0	0.0	0.0	0.0
hu	0.0	0.29196128235051827	0.28416355887053807	0.0	0.2910169725403615	0.29770285290848464	0.0	0.19333397553222234	0.2768131427808201	0.2101123595505618	0.0	0.0	1.0	0.28138031063032576	0.29236401673640167	0.0	0.0	0.22881739918441324	0.0	0.0	0.0	0.2954683595596677	0.2841256421928855	0.10328307735662956	0.29665775401069516	0.0	0.09049905427033318	0.0	0.2974988451131789	0.0	0.2515259127732771	0.0	0.0	0.2733691047726631	0.0005462490895848507	0.048726467331118496
id	0.0	0.686168669104417	0.7089751013317892	0.0	0.6816570797745628	0.7279212520046452	0.0	0.4923903312444047	0.6687514214236979	0.5265715699950502	0.0	0.0	0.28138031063032576	1.0	0.7309445502279153	0.0	0.0	0.4282884072762202	0.0	0.0	0.0	0.7047061550944709	0.7302741702741703	0.12669993761696818	0.7125599676319287	0.0	0.11155703267072177	0.0	0.7255671650406973	0.0	0.6500251635631605	0.0	0.0	0.6497607097000117	0.0005726283641916397	0.06432674704879743
it	0.0	0.8908592947620678	0.787332908975175	0.0	0.8826911231264116	0.724275550928336	0.0	0.4547187797902765	0.6483613817537643	0.4853250434305568	0.0	0.0	0.29236401673640167	0.7309445502279153	1.0	0.0	0.0	0.5436028447144928	0.0	0.0	0.0	0.8858182798598004	0.8398762328369754	0.14772884164020433	0.8713659896455596	0.0	0.13652853355657876	0.0	0.9156512958599798	0.0	0.6021565821749796	0.0	0.0	0.7429035401104255	0.0006301638425990758	0.07021438978699784
ja	0.0	0.0	0.0	0.0	0.0	0.0	0.0	0.0	0.0	0.0	0.0	0.0	0.0	0.0	0.0	0.0	0.0	0.0	0.0	0.0	0.0	0.0	0.0	0.0	0.0	0.0	0.0	0.0	0.0	0.0	0.0	0.0	0.0	0.0	0.0	0.0
ko	0.0	0.0	0.0	0.0	0.0	0.0	0.0	0.0	0.0	0.0	0.0	0.0	0.0	0.0	0.0	0.0	0.0	0.0	0.0	0.0	0.0	0.0	0.0	0.0	0.0	0.0	0.0	0.0	0.0	0.0	0.0	0.0	0.0	0.0	0.0	0.0
lv	0.0	0.5626277372262773	0.4806715862162345	0.0	0.5470656595002905	0.44193292198668216	0.0	0.2770803192234097	0.406713758019571	0.29742804956311397	0.0	0.0	0.22881739918441324	0.4282884072762202	0.5436028447144928	0.0	0.0	1.0	0.0	0.0	0.0	0.559902550874176	0.5040743484409724	0.13189917427205564	0.5196295272325131	0.0	0.12949479108323064	0.0	0.5420709731078459	0.0	0.3620997887209491	0.0	0.0	0.46936449130806496	0.0003712871287128713	0.0677710843373494
mk	0.0	0.0	0.0	0.0	0.0	0.0	0.0	0.0	0.0	0.0	0.0	0.0	0.0	0.0	0.0	0.0	0.0	0.0	0.0	0.0	0.0	0.0	0.0	0.0	0.0	0.0	0.0	0.0	0.0	0.0	0.0	0.0	0.0	0.0	0.0	0.0
ml	0.0	0.0	0.0	0.0	0.0	0.0	0.0	0.0	0.0	0.0	0.0	0.0	0.0	0.0	0.0	0.0	0.0	0.0	0.0	0.0	0.0	0.0	0.0	0.0	0.0	0.0	0.0	0.0	0.0	0.0	0.0	0.0	0.0	0.0	0.0	0.0
mr	0.0	0.0	0.0	0.0	0.0	0.0	0.0	0.0	0.0	0.0	0.0	0.0	0.0	0.0	0.0	0.0	0.0	0.0	0.0	0.0	0.0	0.0	0.0	0.0	0.0	0.0	0.0	0.0	0.0	0.0	0.0	0.0	0.0	0.0	0.0	0.0
nl	0.0	0.9128157950605053	0.7820197044334976	0.0	0.8775367877815747	0.717602115780194	0.0	0.44037378280424433	0.6410856902660181	0.4691471725916375	0.0	0.0	0.2954683595596677	0.7047061550944709	0.8858182798598004	0.0	0.0	0.559902550874176	0.0	0.0	0.0	1.0	0.8313789715034392	0.14727129675988843	0.8645235361653272	0.0	0.14110295720409793	0.0	0.879239430921718	0.0	0.5808540157237552	0.0	0.0004868549172346641	0.7433410826967785	0.0005840695042710083	0.06893819334389857
pl	0.0	0.811937750344737	0.8138738039824153	0.0	0.8056759952700039	0.7437803664461745	0.0	0.4546479361775928	0.6667463400059755	0.48465864922950297	0.0	0.0	0.2841256421928855	0.7302741702741703	0.8398762328369754	0.0	0.0	0.5040743484409724	0.0	0.0	0.0	0.8313789715034392	1.0	0.1451824263742327	0.8196615424363777	0.0	0.12932111620158268	0.0	0.834516129032258	0.0	0.6003780138945648	0.0	0.0	0.7473766538486606	0.0005609704789285464	0.07047049829731045
pt	0.0	0.14747859181731685	0.14491417222301037	0.0	0.14806075800029495	0.13048703352308666	0.0	0.08740889670771551	0.1286380333427522	0.09249415266850947	0.0	0.0	0.10328307735662956	0.12669993761696818	0.14772884164020433	0.0	0.0	0.13189917427205564	0.0	0.0	0.0	0.14727129675988843	0.1451824263742327	1.0	0.1468886693946663	0.0	0.0745494939521106	0.0	0.15131028714803457	0.0	0.10912415014568931	0.0	0.0	0.14358108108108109	0.0	0.05125113053964426
ro	0.0	0.8428136624957727	0.7712221938123243	0.0	0.8366269626421223	0.7275554512381176	0.0	0.4489831544034215	0.6507850892964162	0.4764421971960469	0.0	0.0	0.29665775401069516	0.7125599676319287	0.8713659896455596	0.0	0.0	0.5196295272325131	0.0	0.0	0.0	0.8645235361653272	0.8196615424363777	0.1468886693946663	1.0	0.0	0.13236130867709814	0.0	0.8651304867521084	0.0	0.5890136944145253	0.0	0.0	0.7301078783916313	0.0006469235192639448	0.06863997728563316
ru	0.0	0.0	0.0	0.0	0.0	0.0	0.0	0.0	0.0	0.0	0.0	0.0	0.0	0.0	0.0	0.0	0.0	0.0	0.0	0.0	0.0	0.0	0.0	0.0	0.0	0.0	0.0	0.0	0.0	0.0	0.0	0.0	0.0	0.0	0.0	0.0
sh	0.0	0.14235723326632418	0.12458199928850942	0.0	0.1409421103871789	0.11267605633802817	0.0	0.0740796772566818	0.112992742279778	0.08066067992302758	0.0	0.0	0.09049905427033318	0.11155703267072177	0.13652853355657876	0.0	0.0	0.12949479108323064	0.0	0.0	0.0	0.14110295720409793	0.12932111620158268	0.0745494939521106	0.13236130867709814	0.0	1.0	0.0	0.13723561239547466	0.0	0.09662585503247687	0.0	0.0	0.12685758513931888	0.0004957858205255329	0.04856952761144378
si	0.0	0.0	0.0	0.0	0.0	0.0	0.0	0.0	0.0	0.0	0.0	0.0	0.0	0.0	0.0	0.0	0.0	0.0	0.0	0.0	0.0	0.0	0.0	0.0	0.0	0.0	0.0	0.0	0.0	0.0	0.0	0.0	0.0	0.0	0.0	0.0
simple	0.0	0.8843071443249537	0.8068600219624056	0.0	0.8779384552121171	0.7411488862837046	0.0	0.45323084940072955	0.6606748283069573	0.48273809523809524	0.0	0.0	0.2974988451131789	0.7255671650406973	0.9156512958599798	0.0	0.0	0.5420709731078459	0.0	0.0	0.0	0.879239430921718	0.834516129032258	0.15131028714803457	0.8651304867521084	0.0	0.13723561239547466	0.0	1.0	0.0	0.5985674085443847	0.0	0.014492753623188406	0.7621653699063695	0.0006349206349206349	0.07006636395389451
sr	0.0	0.0	0.0	0.0	0.0	0.0	0.0	0.0	0.0	0.0	0.0	0.0	0.0	0.0	0.0	0.0	0.0	0.0	0.0	0.0	0.0	0.0	0.0	0.0	0.0	0.0	0.0	0.0	0.0	0.0	0.0	0.0	0.0	0.0	0.0	0.0
sv	0.0	0.5683776115553263	0.58327776352911	0.0	0.5633708329032924	0.6464467902419314	0.0	0.5274965340503298	0.5761589403973509	0.5671701466015104	0.0	0.0	0.2515259127732771	0.6500251635631605	0.6021565821749796	0.0	0.0	0.3620997887209491	0.0	0.0	0.0	0.5808540157237552	0.6003780138945648	0.10912415014568931	0.5890136944145253	0.0	0.09662585503247687	0.0	0.5985674085443847	0.0	1.0	0.0	0.0	0.5371321812237272	0.0005272716620774503	0.053203793661808926
te	0.0	0.0	0.0	0.0	0.0	0.0	0.0	0.0	0.0	0.0	0.0	0.0	0.0	0.0	0.0	0.0	0.0	0.0	0.0	0.0	0.0	0.0	0.0	0.0	0.0	0.0	0.0	0.0	0.0	0.0	0.0	0.0	0.0	0.0	0.0	0.0
tr	0.0	0.02531645569620253	-1.0	0.0	0.0	0.003257328990228013	0.0	0.0	0.0	0.006472491909385114	0.0	0.0	0.0	0.0	0.0	0.0	0.0	0.0	0.0	0.0	0.0	0.0004868549172346641	0.0	0.0	0.0	0.0	0.0	0.0	0.014492753623188406	0.0	0.0	0.0	1.0	0.0	0.0	0.0
vi	0.0	0.7250249916694436	0.7220261437908497	0.0	0.7204645574689628	0.6628568044533933	0.0	0.4075416648247204	0.6001344496730429	0.43702111754812184	0.0	0.0	0.2733691047726631	0.6497607097000117	0.7429035401104255	0.0	0.0	0.46936449130806496	0.0	0.0	0.0	0.7433410826967785	0.7473766538486606	0.14358108108108109	0.7301078783916313	0.0	0.12685758513931888	0.0	0.7621653699063695	0.0	0.5371321812237272	0.0	0.0	1.0	0.0007171314741035857	0.07093696230251838
war	0.0	0.0006749662516874156	0.0005072831364591637	0.0	0.0006048234671505254	0.00051513200257566	0.0	0.0004147011559794723	0.0005133846718005134	0.0004393431819429952	0.0	0.0	0.0005462490895848507	0.0005726283641916397	0.0006301638425990758	0.0	0.0	0.0003712871287128713	0.0	0.0	0.0	0.0005840695042710083	0.0005609704789285464	0.0	0.0006469235192639448	0.0	0.0004957858205255329	0.0	0.0006349206349206349	0.0	0.0005272716620774503	0.0	0.0	0.0007171314741035857	1.0	0.0008688097306689834
zh	0.0	0.0688076781100037	0.06951106020473906	0.0	0.06967914836596442	0.06292636276697482	0.0	0.044204824202780046	0.060884549109707066	0.04645252000865239	0.0	0.0	0.048726467331118496	0.06432674704879743	0.07021438978699784	0.0	0.0	0.0677710843373494	0.0	0.0	0.0	0.06893819334389857	0.07047049829731045	0.05125113053964426	0.06863997728563316	0.0	0.04856952761144378	0.0	0.07006636395389451	0.0	0.053203793661808926	0.0	0.0	0.07093696230251838	0.0008688097306689834	1.0
