arz	bs	ceb	ckb	da	de	el	en	es	fr	he	hi	hu	id	it	ja	ko	lv	mk	ml	mr	nl	pl	pt	ro	ru	sh	si	simple	sr	sv	te	vi	war	zh
arz	1.0	0.16374157403381479	0.585786437626905	0.32037724101704074	0.15737805306275918	0.122828568570857	0.17464760748059102	0.09591740615476353	0.12809248424016276	0.11149901960407381	0.12829385321505174	0.16484708315636035	0.12983657884541253	0.17151308576402147	0.10206344989090312	0.08791841738762125	0.11651106980622213	0.23874775399470888	0.15020838200985479	0.18687239958484345	0.2612038749637414	0.1289039920351738	0.13752076280197198	0.08528038897904694	0.13366379934966796	0.08100928601011143	0.12385341172031358	0.2928060946961875	0.12526127239388635	0.1404296735815434	0.10960059084055324	0.3660254037844386	0.14234980545486764	0.4364916731037085	0.08562418479450849
bs	0.16374157403381479	1.0	0.44948974278317805	0.07520191695252741	0.01123929169232907	0.006731330165294769	0.01215411286112974	0.011535501894077007	0.006919597340452753	0.008553838758788094	0.008083027809863773	0.01318503098413506	0.01264047424233903	0.008724438267034609	0.010686579736924823	0.013094121815905588	0.009228903488104772	0.022849269964039968	0.017434440609174963	0.0230410711083683	0.033934727757322314	0.007027885573919081	0.0068710504565742455	0.011109395714958906	0.013881047166474774	0.013809843252400202	0.010987958652782261	0.0908663962914818	0.01057670680318722	0.008363098173239467	0.01201502550722963	0.10341399374058385	0.00996523803736372	0.2008390199171533	0.018421809626072306
ceb	0.585786437626905	0.44948974278317805	1.0	0.585786437626905	0.585786437626905	0.3430703308172536	0.44948974278317805	0.32881309020609956	0.3430703308172536	0.32881309020609956	0.32881309020609956	0.32881309020609956	0.4142135623730951	0.3430703308172536	0.2958163163244893	0.32881309020609956	0.3655636559687688	0.585786437626905	0.4134900434704663	0.39564392373896007	0.4142135623730951	0.3726822671238253	0.3430703308172536	0.3430703308172536	0.3430703308172536	0.33758863487836305	0.5	0.44948974278317805	0.44948974278317805	0.3430703308172536	0.3726822671238253	1.0	0.44948974278317805	0.585786437626905	0.44948974278317805
ckb	0.32037724101704074	0.07520191695252741	0.585786437626905	1.0	0.13723235307437243	0.10923287351374115	0.05493101875961103	0.03019106852944417	0.12632380015122013	0.07587151411731051	0.07598984995590141	0.12102259948148744	0.1011855379244887	0.09647126077538899	0.03091981449259822	0.04719623685777875	0.06414623412294261	0.13004672183153887	0.05986007592613159	0.09743371915646919	0.08595581703407196	0.122828568570857	0.12077134402462537	0.03846890005534917	0.11949068237854066	0.021661674997679157	0.09118587381509188	0.13117865265343442	0.09659750490308507	0.1151058939330986	0.03759577722207273	0.23441237831492112	0.0985075843971186	0.5	0.016089885997246547
da	0.15737805306275918	0.01123929169232907	0.585786437626905	0.13723235307437243	1.0	0.003614146987524589	0.00607255174745832	0.00480130654081202	0.003542058953781895	0.004462129035568272	0.004645117071772786	0.007414011852615279	0.005649918039043486	0.008952273143593327	0.004817718244759743	0.004621427206092771	0.0046732594858663315	0.016985730340715904	0.008452120400379343	0.0131427247851454	0.018797207215175308	0.0038191210462722716	0.003856541960359462	0.005007627955782711	0.00754191453930151	0.004636896886416501	0.006026140981768601	0.03358523475196652	0.005119448996751442	0.006160551997548412	0.00484915849538838	0.10166240987512704	0.005734561485409251	0.3660254037844386	0.005372196234981475
de	0.122828568570857	0.006731330165294769	0.3430703308172536	0.10923287351374115	0.003614146987524589	1.0	0.0035407765031143785	0.003703165876659436	0.0037064194209475124	0.004154428012800699	0.003109813319510945	0.0038705600497380426	0.0032455580609568047	0.002881351079132592	0.0038064822776650714	0.0035030214947639527	0.003181395583282737	0.007093088147713353	0.005158606929098579	0.0066568653488970056	0.014010911811526847	0.0029625281434266125	0.003388044695331924	0.003850909404804275	0.0033946531959471128	0.0037618626515609124	0.0034702108345215656	0.019270466873165353	0.0031773736651931955	0.0029455320070994446	0.0038417576600382466	0.05648238001620161	0.0029427378836739374	0.28708594921778513	0.003501622487492757
el	0.17464760748059102	0.01215411286112974	0.44948974278317805	0.05493101875961103	0.00607255174745832	0.0035407765031143785	1.0	0.01395909469618754	0.0033441498897121176	0.008178632181937852	0.005814489795026975	0.009258181608104854	0.00848777176562665	0.004843469108160856	0.010047416592293823	0.015340234343632483	0.008159066172381197	0.009906220588829685	0.011415681104315718	0.014144351328407332	0.02006549901076626	0.003635347587701714	0.003743379134333344	0.011929186168957339	0.006421174070430458	0.013343075689390676	0.008941453453764906	0.03617243855952743	0.009241070594788625	0.005747497972370211	0.012128939308118043	0.0731363429512106	0.006790977505278396	0.17176743283130236	0.01488538308331931
en	0.09591740615476353	0.011535501894077007	0.32881309020609956	0.03019106852944417	0.00480130654081202	0.003703165876659436	0.01395909469618754	1.0	0.003726380688252063	0.004434627748124013	0.00830703045092363	0.011910784064745831	0.012910557596023962	0.005635598036353062	0.004842345489882342	0.006805188508291208	0.009436373371060017	0.008202534475637692	0.014742850154303497	0.011486902197627472	0.013957129589223042	0.004035281580906023	0.003812323416325684	0.005468296990573481	0.006464862530585667	0.005525564367475867	0.011394934499351255	0.017459639265470707	0.012412216298563396	0.00847290541898459	0.00902098603776359	0.018662671837825044	0.010056299975927049	0.1809073112342927	0.008552193768617551
es	0.12809248424016276	0.006919597340452753	0.3430703308172536	0.12632380015122013	0.003542058953781895	0.0037064194209475124	0.0033441498897121176	0.003726380688252063	1.0	0.0040649540785834245	0.003011694101722196	0.0036326359319046046	0.003119061722860397	0.002920763388266877	0.003744126167378831	0.0036696592618118144	0.0030646427622438343	0.006956637932951556	0.004742686445363434	0.00626227859337237	0.014088555496220118	0.0030132169856288745	0.003349632611963368	0.003557336058417365	0.0034200580119103517	0.003435829882220426	0.003362362866751832	0.017430709665485544	0.0030418149855135465	0.0030423687716670663	0.0036136587265760403	0.05922656530361882	0.0027569674844400466	0.3660254037844386	0.00332063149828799
fr	0.11149901960407381	0.008553838758788094	0.32881309020609956	0.07587151411731051	0.004462129035568272	0.004154428012800699	0.008178632181937852	0.004434627748124013	0.0040649540785834245	1.0	0.008981314749126315	0.007350160730870296	0.008111007335898882	0.005076918119264458	0.005498216408701971	0.009198406764876302	0.010520310872493149	0.007743946907360154	0.00801520986442115	0.008192226672610865	0.013961682842716682	0.004282228552248883	0.0040600082657463055	0.005950230917549178	0.005768470695830922	0.0069869021360636436	0.007493965510452949	0.017752426349912562	0.009662174300020353	0.006463382616831268	0.009336362547205481	0.033070972914453316	0.009024696933132856	0.2449655295864104	0.009301897968703381
he	0.12829385321505174	0.008083027809863773	0.32881309020609956	0.07598984995590141	0.004645117071772786	0.003109813319510945	0.005814489795026975	0.00830703045092363	0.003011694101722196	0.008981314749126315	1.0	0.005952435346475746	0.0052954196297795115	0.004239340662167518	0.008683131255445614	0.008213535096892119	0.00715282966916659	0.008651337047802568	0.006030228559965217	0.008198458998298123	0.015326560856108193	0.0032662849324889983	0.0031672636645762274	0.008306784044420578	0.0052146667186056955	0.008026363434937603	0.00539164304092415	0.02221002515771032	0.005984268633409102	0.004988356948368162	0.00880569700128477	0.059267893725381444	0.005898928824691522	0.23166247903554	0.0077318148124026825
hi	0.16484708315636035	0.01318503098413506	0.32881309020609956	0.12102259948148744	0.007414011852615279	0.0038705600497380426	0.009258181608104854	0.011910784064745831	0.0036326359319046046	0.007350160730870296	0.005952435346475746	1.0	0.008909005878069342	0.0051171907873796265	0.010221945232833662	0.011169836947833295	0.00831900709990409	0.01359238921451019	0.010853397972628544	0.011484220345877452	0.018263583587445134	0.004033818131716844	0.004045491541421157	0.010892080169819646	0.0073745896607132	0.012392251823085678	0.009860825869602326	0.0302959081940606	0.007460218757046438	0.006101098526683638	0.010164661597974845	0.05740787098925895	0.006809268722387619	0.21712927295533244	0.011310666775404286
hu	0.12983657884541253	0.01264047424233903	0.4142135623730951	0.1011855379244887	0.005649918039043486	0.0032455580609568047	0.00848777176562665	0.012910557596023962	0.003119061722860397	0.008111007335898882	0.0052954196297795115	0.008909005878069342	1.0	0.0050880773175606365	0.010651261289886225	0.011806562007575624	0.007360704713748036	0.013037565591973253	0.010064729838538141	0.012535598186143658	0.01805951821821026	0.003564318547116961	0.0032572669697699236	0.01092132651261261	0.006931727169327179	0.012139182714659937	0.008326523738348596	0.034278583274993606	0.008077862303666025	0.006157030278260395	0.010911676218357919	0.06771765809180569	0.0068675983525285055	0.22646721143623746	0.01238163000765419
id	0.17151308576402147	0.008724438267034609	0.3430703308172536	0.09647126077538899	0.008952273143593327	0.002881351079132592	0.004843469108160856	0.005635598036353062	0.002920763388266877	0.005076918119264458	0.004239340662167518	0.0051171907873796265	0.0050880773175606365	1.0	0.005391101291308805	0.005044761240009621	0.004249904108575538	0.012568032543333763	0.0066118085337326105	0.008628756645176434	0.015471819617898966	0.003154425262808071	0.0030808133234854966	0.005385345634834413	0.005832635083287698	0.004896002833239841	0.004675718052849351	0.023470930197316844	0.004764766133445025	0.004263915648121855	0.0045879449851959795	0.07583312707461631	0.004294713608355658	0.3333333333333333	0.005168525075384944
it	0.10206344989090312	0.010686579736924823	0.2958163163244893	0.03091981449259822	0.004817718244759743	0.0038064822776650714	0.010047416592293823	0.004842345489882342	0.003744126167378831	0.005498216408701971	0.008683131255445614	0.010221945232833662	0.010651261289886225	0.005391101291308805	1.0	0.009014630451294517	0.013272345782084848	0.007942711170982168	0.01112941614308746	0.009954472184691853	0.01593780399152164	0.003943820249370167	0.0036342778037014075	0.006014486376268915	0.006322177820974076	0.007283416363927063	0.011329760517633465	0.020101116559381405	0.00999704611715548	0.00739457522580089	0.009113736548660495	0.03077337239379407	0.009934872159219208	0.17491720310721423	0.00989108046372386
ja	0.08791841738762125	0.013094121815905588	0.32881309020609956	0.04719623685777875	0.004621427206092771	0.0035030214947639527	0.015340234343632483	0.006805188508291208	0.0036696592618118144	0.009198406764876302	0.008213535096892119	0.011169836947833295	0.011806562007575624	0.005044761240009621	0.009014630451294517	1.0	0.010371376211557374	0.008325937975151628	0.013325147738732453	0.011412147402653476	0.014233031425548071	0.0035096089130070003	0.0034228971401789833	0.009605381967445805	0.006229627343437887	0.0113829761110033	0.01171503446353654	0.018296467255531912	0.010891929695506284	0.006338723342923496	0.010952054075341408	0.015779339894364818	0.009967011437557512	0.1774053291584318	0.010669771091393736
ko	0.11651106980622213	0.009228903488104772	0.3655636559687688	0.06414623412294261	0.0046732594858663315	0.003181395583282737	0.008159066172381197	0.009436373371060017	0.0030646427622438343	0.010520310872493149	0.00715282966916659	0.00831900709990409	0.007360704713748036	0.004249904108575538	0.013272345782084848	0.010371376211557374	1.0	0.008825136217389116	0.008453353665604431	0.008405096552867461	0.014945835180359995	0.0033358773299217524	0.003085537974087322	0.012499358106572822	0.005674461613820323	0.011468021558006686	0.008287954808258604	0.01998846097069765	0.00808830380816985	0.006269943454310111	0.012094038679787956	0.050516409537746144	0.007236450367130187	0.18660549686337075	0.012841392826799379
lv	0.23874775399470888	0.022849269964039968	0.585786437626905	0.13004672183153887	0.016985730340715904	0.007093088147713353	0.009906220588829685	0.008202534475637692	0.006956637932951556	0.007743946907360154	0.008651337047802568	0.01359238921451019	0.013037565591973253	0.012568032543333763	0.007942711170982168	0.008325937975151628	0.008825136217389116	1.0	0.01219472598028154	0.01994781338897007	0.022230204001919017	0.0077386671362389605	0.007266048254460042	0.007903096302419246	0.014490855509386398	0.008314792172078679	0.01588382882821714	0.0476788302210352	0.011021521662892903	0.01126924284577158	0.008002766826711737	0.11944444732569344	0.009474963053144436	0.23302402810392372	0.008945621439554732
mk	0.15020838200985479	0.017434440609174963	0.4134900434704663	0.05986007592613159	0.008452120400379343	0.005158606929098579	0.011415681104315718	0.014742850154303497	0.004742686445363434	0.00801520986442115	0.006030228559965217	0.010853397972628544	0.010064729838538141	0.0066118085337326105	0.01112941614308746	0.013325147738732453	0.008453353665604431	0.01219472598028154	1.0	0.017240048689154585	0.027464027437385075	0.00517817459471048	0.005153505274530915	0.011995806255766997	0.007323553897373013	0.015238733171628986	0.009621674943730089	0.04780718486868984	0.00957537345512597	0.006691122243032467	0.013646611495122741	0.05540689100918607	0.007296484209665423	0.14406356591851835	0.02031257497802725
ml	0.18687239958484345	0.0230410711083683	0.39564392373896007	0.09743371915646919	0.0131427247851454	0.0066568653488970056	0.014144351328407332	0.011486902197627472	0.00626227859337237	0.008192226672610865	0.008198458998298123	0.011484220345877452	0.012535598186143658	0.008628756645176434	0.009954472184691853	0.011412147402653476	0.008405096552867461	0.01994781338897007	0.017240048689154585	1.0	0.024715357976765873	0.007207090844959377	0.007135678055046301	0.01133916761525934	0.010958852373030526	0.012801163513638275	0.012906627329067992	0.06294555299906994	0.010514404484335988	0.009791946837305455	0.011466992134159009	0.052869643461565904	0.008102950123630269	0.1463924816619788	0.01385698481837225
mr	0.2612038749637414	0.033934727757322314	0.4142135623730951	0.08595581703407196	0.018797207215175308	0.014010911811526847	0.02006549901076626	0.013957129589223042	0.014088555496220118	0.013961682842716682	0.015326560856108193	0.018263583587445134	0.01805951821821026	0.015471819617898966	0.01593780399152164	0.014233031425548071	0.014945835180359995	0.022230204001919017	0.027464027437385075	0.024715357976765873	1.0	0.014615561483960064	0.014714083133382043	0.014402972933895893	0.017352221648652976	0.016111041559484524	0.021398385125168045	0.0671922486233777	0.01595298835961713	0.016939896096316413	0.015889439430559572	0.0447865152930841	0.014278143752582323	0.0902957297493029	0.01953001365601739
nl	0.1289039920351738	0.007027885573919081	0.3726822671238253	0.122828568570857	0.0038191210462722716	0.0029625281434266125	0.003635347587701714	0.004035281580906023	0.0030132169856288745	0.004282228552248883	0.0032662849324889983	0.004033818131716844	0.003564318547116961	0.003154425262808071	0.003943820249370167	0.0035096089130070003	0.0033358773299217524	0.0077386671362389605	0.00517817459471048	0.007207090844959377	0.014615561483960064	1.0	0.0028930310221489076	0.0037848783702339236	0.003980671510391889	0.0038786733261326617	0.0035544067508595555	0.01925862425253918	0.003177259570799197	0.0030175353825699883	0.0036750492177769815	0.06140696987698129	0.0031733865903642053	0.34833147735478825	0.0036655367370267
pl	0.13752076280197198	0.0068710504565742455	0.3430703308172536	0.12077134402462537	0.003856541960359462	0.003388044695331924	0.003743379134333344	0.003812323416325684	0.003349632611963368	0.0040600082657463055	0.0031672636645762274	0.004045491541421157	0.0032572669697699236	0.0030808133234854966	0.0036342778037014075	0.0034228971401789833	0.003085537974087322	0.007266048254460042	0.005153505274530915	0.007135678055046301	0.014714083133382043	0.0028930310221489076	1.0	0.0034861881123651505	0.003587324510333039	0.0036930326126245337	0.0033933702831941636	0.02062877832142887	0.003004509768580596	0.002905474617080478	0.003305882644920277	0.06328949851808292	0.0028607393984790602	0.34833147735478825	0.0033749879865030983
pt	0.08528038897904694	0.011109395714958906	0.3430703308172536	0.03846890005534917	0.005007627955782711	0.003850909404804275	0.011929186168957339	0.005468296990573481	0.003557336058417365	0.005950230917549178	0.008306784044420578	0.010892080169819646	0.01092132651261261	0.005385345634834413	0.006014486376268915	0.009605381967445805	0.012499358106572822	0.007903096302419246	0.011995806255766997	0.01133916761525934	0.014402972933895893	0.0037848783702339236	0.0034861881123651505	1.0	0.006387774371505808	0.007474281651439818	0.011387102691300532	0.019611816688832624	0.011254321451845035	0.007133771231728994	0.009535802682405411	0.037125588912194946	0.01028931461000094	0.16864819817796117	0.009713716915764862
ro	0.13366379934966796	0.013881047166474774	0.3430703308172536	0.11949068237854066	0.00754191453930151	0.0033946531959471128	0.006421174070430458	0.006464862530585667	0.0034200580119103517	0.005768470695830922	0.0052146667186056955	0.0073745896607132	0.006931727169327179	0.005832635083287698	0.006322177820974076	0.006229627343437887	0.005674461613820323	0.014490855509386398	0.007323553897373013	0.010958852373030526	0.017352221648652976	0.003980671510391889	0.003587324510333039	0.006387774371505808	1.0	0.006580798385819155	0.0069532933788111475	0.03398621143853424	0.006119193986795738	0.005670537596773086	0.006468502589417522	0.08906770405826715	0.005757687391187526	0.2632403810669918	0.00647298948262471
ru	0.08100928601011143	0.013809843252400202	0.33758863487836305	0.021661674997679157	0.004636896886416501	0.0037618626515609124	0.013343075689390676	0.005525564367475867	0.003435829882220426	0.0069869021360636436	0.008026363434937603	0.012392251823085678	0.012139182714659937	0.004896002833239841	0.007283416363927063	0.0113829761110033	0.011468021558006686	0.008314792172078679	0.015238733171628986	0.012801163513638275	0.016111041559484524	0.0038786733261326617	0.0036930326126245337	0.007474281651439818	0.006580798385819155	1.0	0.01191748461839458	0.020245772913651188	0.011311611243933557	0.0072646134791320895	0.010826426569894784	0.01480387801142476	0.010450174735965097	0.1261319836228832	0.011504189604866242
sh	0.12385341172031358	0.010987958652782261	0.5	0.09118587381509188	0.006026140981768601	0.0034702108345215656	0.008941453453764906	0.011394934499351255	0.003362362866751832	0.007493965510452949	0.00539164304092415	0.009860825869602326	0.008326523738348596	0.004675718052849351	0.011329760517633465	0.01171503446353654	0.008287954808258604	0.01588382882821714	0.009621674943730089	0.012906627329067992	0.021398385125168045	0.0035544067508595555	0.0033933702831941636	0.011387102691300532	0.0069532933788111475	0.01191748461839458	1.0	0.03472806287319936	0.007613661890635806	0.006090660646042932	0.011211808664306554	0.06114993204029271	0.006757515074029337	0.17491720310721423	0.011913719984061958
si	0.2928060946961875	0.0908663962914818	0.44948974278317805	0.13117865265343442	0.03358523475196652	0.019270466873165353	0.03617243855952743	0.017459639265470707	0.017430709665485544	0.017752426349912562	0.02221002515771032	0.0302959081940606	0.034278583274993606	0.023470930197316844	0.020101116559381405	0.018296467255531912	0.01998846097069765	0.0476788302210352	0.04780718486868984	0.06294555299906994	0.0671922486233777	0.01925862425253918	0.02062877832142887	0.019611816688832624	0.03398621143853424	0.020245772913651188	0.03472806287319936	1.0	0.022025081181067573	0.023634002062126465	0.01986659839069417	0.113103779753043	0.021076447466338563	0.17561868998629737	0.021000018269878205
simple	0.12526127239388635	0.01057670680318722	0.44948974278317805	0.09659750490308507	0.005119448996751442	0.0031773736651931955	0.009241070594788625	0.012412216298563396	0.0030418149855135465	0.009662174300020353	0.005984268633409102	0.007460218757046438	0.008077862303666025	0.004764766133445025	0.00999704611715548	0.010891929695506284	0.00808830380816985	0.011021521662892903	0.00957537345512597	0.010514404484335988	0.01595298835961713	0.003177259570799197	0.003004509768580596	0.011254321451845035	0.006119193986795738	0.011311611243933557	0.007613661890635806	0.022025081181067573	1.0	0.005592204620272888	0.01187573169415597	0.05645405637585686	0.007237054171875961	0.24828371682826425	0.011281798152465647
sr	0.1404296735815434	0.008363098173239467	0.3430703308172536	0.1151058939330986	0.006160551997548412	0.0029455320070994446	0.005747497972370211	0.00847290541898459	0.0030423687716670663	0.006463382616831268	0.004988356948368162	0.006101098526683638	0.006157030278260395	0.004263915648121855	0.00739457522580089	0.006338723342923496	0.006269943454310111	0.01126924284577158	0.006691122243032467	0.009791946837305455	0.016939896096316413	0.0030175353825699883	0.002905474617080478	0.007133771231728994	0.005670537596773086	0.0072646134791320895	0.006090660646042932	0.023634002062126465	0.005592204620272888	1.0	0.006930547623916016	0.06846573586738389	0.005382548420084867	0.2898979485566356	0.006665755564301699
sv	0.10960059084055324	0.01201502550722963	0.3726822671238253	0.03759577722207273	0.00484915849538838	0.0038417576600382466	0.012128939308118043	0.00902098603776359	0.0036136587265760403	0.009336362547205481	0.00880569700128477	0.010164661597974845	0.010911676218357919	0.0045879449851959795	0.009113736548660495	0.010952054075341408	0.012094038679787956	0.008002766826711737	0.013646611495122741	0.011466992134159009	0.015889439430559572	0.0036750492177769815	0.003305882644920277	0.009535802682405411	0.006468502589417522	0.010826426569894784	0.011211808664306554	0.01986659839069417	0.01187573169415597	0.006930547623916016	1.0	0.017494616164416964	0.00969807098334662	0.18660549686337075	0.012001490200305581
te	0.3660254037844386	0.10341399374058385	1.0	0.23441237831492112	0.10166240987512704	0.05648238001620161	0.0731363429512106	0.018662671837825044	0.05922656530361882	0.033070972914453316	0.059267893725381444	0.05740787098925895	0.06771765809180569	0.07583312707461631	0.03077337239379407	0.015779339894364818	0.050516409537746144	0.11944444732569344	0.05540689100918607	0.052869643461565904	0.0447865152930841	0.06140696987698129	0.06328949851808292	0.037125588912194946	0.08906770405826715	0.01480387801142476	0.06114993204029271	0.113103779753043	0.05645405637585686	0.06846573586738389	0.017494616164416964	1.0	0.062267667731802666	0.3380788308512194	0.01279445409038788
vi	0.14234980545486764	0.00996523803736372	0.44948974278317805	0.0985075843971186	0.005734561485409251	0.0029427378836739374	0.006790977505278396	0.010056299975927049	0.0027569674844400466	0.009024696933132856	0.005898928824691522	0.006809268722387619	0.0068675983525285055	0.004294713608355658	0.009934872159219208	0.009967011437557512	0.007236450367130187	0.009474963053144436	0.007296484209665423	0.008102950123630269	0.014278143752582323	0.0031733865903642053	0.0028607393984790602	0.01028931461000094	0.005757687391187526	0.010450174735965097	0.006757515074029337	0.021076447466338563	0.007237054171875961	0.005382548420084867	0.00969807098334662	0.062267667731802666	1.0	0.23371479611805132	0.009601708390976507
war	0.4364916731037085	0.2008390199171533	0.585786437626905	0.5	0.3660254037844386	0.28708594921778513	0.17176743283130236	0.1809073112342927	0.3660254037844386	0.2449655295864104	0.23166247903554	0.21712927295533244	0.22646721143623746	0.3333333333333333	0.17491720310721423	0.1774053291584318	0.18660549686337075	0.23302402810392372	0.14406356591851835	0.1463924816619788	0.0902957297493029	0.34833147735478825	0.34833147735478825	0.16864819817796117	0.2632403810669918	0.1261319836228832	0.17491720310721423	0.17561868998629737	0.24828371682826425	0.2898979485566356	0.18660549686337075	0.3380788308512194	0.23371479611805132	1.0	0.07609863503156387
zh	0.08562418479450849	0.018421809626072306	0.44948974278317805	0.016089885997246547	0.005372196234981475	0.003501622487492757	0.01488538308331931	0.008552193768617551	0.00332063149828799	0.009301897968703381	0.0077318148124026825	0.011310666775404286	0.01238163000765419	0.005168525075384944	0.00989108046372386	0.010669771091393736	0.012841392826799379	0.008945621439554732	0.02031257497802725	0.01385698481837225	0.01953001365601739	0.0036655367370267	0.0033749879865030983	0.009713716915764862	0.00647298948262471	0.011504189604866242	0.011913719984061958	0.021000018269878205	0.011281798152465647	0.006665755564301699	0.012001490200305581	0.01279445409038788	0.009601708390976507	0.07609863503156387	1.0
