arz	bs	ceb	ckb	da	de	el	en	es	fr	he	hi	hu	id	it	ja	ko	lv	mk	ml	mr	nl	pl	pt	ro	ru	sh	si	simple	sr	sv	te	tr	vi	war	zh
arz	1.0	0.8923294110838094	0.8104782123925515	1.0	0.8833019538570904	0.8483141301197232	1.0	0.7775810086374215	0.7870084235482699	0.8501551622801362	1.0	1.0	0.4882547738738971	0.848402239469354	0.9192169172855166	1.0	1.0	0.6269476135518385	1.0	1.0	1.0	0.9427142271269598	0.9270169539425753	0.5398632525210355	0.8935375455408099	1.0	0.34284364132410516	1.0	0.9427142271269598	1.0	0.825001408062585	1.0	1.0	0.8603626142014704	1.0	0.6102585468090401
bs	0.8923294110838094	1.0	0.7593649997738142	0.8419493216129802	0.7693072146207731	0.734937726443633	0.8419493216129802	0.6295397396400679	0.6623493567846144	0.6469523620099761	0.8419493216129802	0.8423071862906868	0.43046659519394354	0.7310761276908422	0.8075125371350913	0.8419493216129802	0.8419493216129801	0.5458735470945923	0.8419493216129801	0.8419493216129802	0.8419493216129802	0.7992179511877481	0.7635442842522554	0.3334540475845444	0.7600357974461441	0.8419493216129802	0.3228213519817304	0.8940037042448681	0.8040234386877746	0.8419493216129802	0.6862398863774046	0.8482677953466785	0.4244112283016077	0.6792828750608718	0.4345435320096421	0.24309731206537155
ceb	0.8104782123925515	0.7593649997738142	1.0	0.7944203205500459	0.7379430119715604	0.7009934470959311	0.7916483527608197	0.6155995132187473	0.642955655861265	0.6248291640365454	0.7943426074444334	0.7965623579888332	0.4292211376156671	0.70615501887523	0.7721229531155972	0.7916483527608197	0.7916483527608194	0.5461171335706729	0.7944203205500459	0.794420320550046	0.794420320550046	0.7619288615748928	0.7288800089512211	0.32819799267358774	0.7364824503446905	0.7916483527608194	0.3244421140951943	0.8686425421913463	0.7663150484030028	0.7943426074444334	0.6619974086385078	0.8112561395888559	-1.0	0.6630057754662553	0.45067869146798684	0.2429362671736912
ckb	1.0	0.8419493216129802	0.7944203205500459	1.0	0.8079220672421813	0.761945671498812	1.0	0.6403636668927378	0.6767694663958288	0.6598550433071739	1.0	1.0	0.43419198699742306	0.7573338828054677	0.8721508712832464	1.0	1.0	0.5555769970357775	1.0	1.0	1.0	0.856531749919952	0.7951454152163551	0.33479438235445413	0.8024013423972493	1.0	0.3235156757097243	1.0	0.8611042904895896	1.0	0.7028586326212433	1.0	1.0	0.6969513870456041	0.43894106704013663	0.24329008203949148
da	0.8833019538570904	0.7693072146207731	0.7379430119715604	0.8079220672421813	1.0	0.7145682703652083	0.8068088353450493	0.6218885222294843	0.6488938478514105	0.6387081402659784	0.8068088353450493	0.8095618101287854	0.42969949140145025	0.7133539862447782	0.783432768660531	0.8068088353450493	0.8068088353450493	0.5443973091562696	0.8079220672421813	0.8079220672421813	0.8079220672421813	0.7798908377027637	0.7409369867546876	0.3309216932864649	0.7431129556209068	0.8068088353450493	0.3222334799269047	0.8566191909311758	0.7768388797566261	0.8068088353450493	0.6665578144380685	0.8205460722799741	0.3658911077314156	0.6706521118940094	0.4333699486499564	0.24338481100522275
de	0.8483141301197232	0.734937726443633	0.7009934470959311	0.761945671498812	0.7145682703652083	1.0	0.7513172514704874	0.5976042494195024	0.6261575166759745	0.6105539020038256	0.7592949555616454	0.7621694824170272	0.4208890168465586	0.6853595779109326	0.7387801860580575	0.7548309244922539	0.7496458108633316	0.5380428850242698	0.761945671498812	0.761945671498812	0.7619456714988119	0.7362852217455805	0.7069903928440298	0.3281874768526327	0.7097440589114329	0.7548134624394972	0.3211290824609322	0.8277580205483556	0.7400385762501469	0.7592949555616454	0.6449237704475612	0.7755884671350154	0.3146839084874907	0.6462458275025847	0.4314128658029682	0.23945007001733867
el	1.0	0.8419493216129802	0.7916483527608197	1.0	0.8068088353450493	0.7513172514704874	1.0	0.6334120181220962	0.6691938979441477	0.6488215463874073	1.0	1.0	0.4326706247422116	0.7542544153879662	0.8721713566675442	1.0	1.0	0.5555769970357775	1.0	1.0	1.0	0.8552749703829354	0.7924207952696015	0.32899895797815487	0.8003085640988157	1.0	0.3235156757097243	1.0	0.8596010927741644	1.0	0.6950147612952083	1.0	0.7510341748895939	0.6926817116228265	0.43894106704013663	0.2416290277858998
en	0.7775810086374215	0.6295397396400679	0.6155995132187473	0.6403636668927378	0.6218885222294843	0.5976042494195024	0.6334120181220962	1.0	0.5682448326407032	0.5445777272418505	0.6391009388760671	0.6438092963128813	0.41272963747092356	0.5968800390250698	0.63071366849221	0.6363713849872783	0.6251511775706813	0.506008606679505	0.6403636668927377	0.6403636668927378	0.6403636668927378	0.6312304567927265	0.6145310218240668	0.3207664747132984	0.6145390607544285	0.6353411471712077	0.31871259392406626	0.7211151770465445	0.6342771279118129	0.6391009388760671	0.5714090929338327	0.6588984942378845	0.23562689180346663	0.584313040949134	0.416861466351614	0.23972314335333986
es	0.7870084235482699	0.6623493567846144	0.642955655861265	0.6767694663958288	0.6488938478514105	0.6261575166759745	0.6691938979441477	0.5682448326407032	1.0	0.572734582124195	0.6754755969076046	0.6777027230725758	0.41442048829242534	0.6290582050475821	0.6659925441231306	0.6712979967821586	0.6682831311126484	0.5189323282156162	0.6767694663958288	0.6767694663958288	0.6767694663958287	0.6629478616719169	0.6416090642094266	0.3253348406631289	0.6476146186990382	0.6702652791149211	0.3157964544473448	0.7341812308938623	0.6626482719358098	0.6754755969076045	0.6022532128522592	0.6960128869975181	0.3219941952563701	0.6032551845489007	0.4270862704233321	0.23759120833988437
fr	0.8501551622801362	0.6469523620099761	0.6248291640365454	0.6598550433071739	0.6387081402659784	0.6105539020038256	0.6488215463874073	0.5445777272418505	0.572734582124195	1.0	0.6595924092625286	0.6631766429567637	0.4151673389866447	0.6124353541619653	0.6485412312743024	0.651207812158416	0.6390824035888769	0.5158654289426997	0.6598550433071739	0.6598550433071739	0.6598550433071739	0.6492819184962108	0.6269252607685611	0.3226356414031852	0.6329565263462825	0.6521693370893071	0.31830710345113505	0.7306207979582503	0.6470833504304236	0.6595924092625286	0.5794868879386209	0.6774771005399195	0.24232179173407195	0.5942603714818016	0.41610486250304723	0.23978697765352677
he	1.0	0.8419493216129802	0.7943426074444334	1.0	0.8068088353450493	0.7592949555616454	1.0	0.6391009388760671	0.6754755969076046	0.6595924092625286	1.0	1.0	0.43406310425272443	0.7565805129736214	0.8721713566675439	1.0	1.0	0.5555769970357775	1.0	1.0	1.0	0.856531749919952	0.7943787754552012	0.3323607003143451	0.8011774439317179	1.0	0.3235156757097243	1.0	0.8602152792624049	1.0	0.7013837245341059	1.0	0.5846701681620468	0.6952935541581865	0.43894106704013663	0.2438641086206994
hi	1.0	0.8423071862906868	0.7965623579888332	1.0	0.8095618101287854	0.7621694824170272	1.0	0.6438092963128813	0.6777027230725758	0.6631766429567637	1.0	1.0	0.4369601229399079	0.7585675692365711	0.8768920815310608	1.0	1.0	0.5556294241579245	1.0	1.0	1.0	0.8579453716565102	0.7980586544817595	0.3347531502231147	0.802623455466977	1.0	0.32557322978641784	1.0	0.8625871322421562	1.0	0.7044148443541737	1.0	0.33504891872639936	0.7019184353881696	0.4394986130305232	0.24616018271975768
hu	0.4882547738738971	0.43046659519394354	0.4292211376156671	0.43419198699742306	0.42969949140145025	0.4208890168465586	0.4326706247422116	0.41272963747092356	0.41442048829242534	0.4151673389866447	0.43406310425272443	0.4369601229399079	1.0	0.42469058763469936	0.4328230232695544	0.4333289143451512	0.43173547796924133	0.3934399261742569	0.43419198699742306	0.43419198699742306	0.43419198699742306	0.4302777447272	0.4289700499233764	0.29629386566177435	0.43014757410933585	0.4325860774385144	0.288642129037388	0.49629841856823326	0.4326012754459066	0.43406310425272443	0.4170443473864523	0.4564407720729819	0.5982311734420861	0.4240766080396954	0.3555461631744585	0.2300961698194759
id	0.848402239469354	0.7310761276908422	0.70615501887523	0.7573338828054677	0.7133539862447782	0.6853595779109326	0.7542544153879662	0.5968800390250698	0.6290582050475821	0.6124353541619653	0.7565805129736214	0.7585675692365711	0.42469058763469936	1.0	0.7375458082283181	0.7545322509484741	0.7486665118603161	0.5352885267726454	0.7573338828054677	0.7573338828054677	0.7573338828054677	0.7305980920204502	0.7066682556480663	0.3253413198994528	0.7057417727252533	0.7548455558389475	0.3216755547128687	0.8154913112551094	0.7344245333957938	0.7565805129736214	0.6391238085826825	0.7702317713274146	0.324629078196651	0.644810062037776	0.4313963215608885	0.24192892694017737
it	0.9192169172855166	0.8075125371350913	0.7721229531155972	0.8721508712832464	0.783432768660531	0.7387801860580575	0.8721713566675442	0.63071366849221	0.6659925441231306	0.6485412312743024	0.8721713566675439	0.8768920815310608	0.4328230232695544	0.7375458082283181	1.0	0.8716014933052589	0.8716014933052586	0.5497418713186831	0.8721508712832464	0.8721508712832464	0.8721508712832464	0.8194478628441335	0.7708612338838178	0.33174086857614704	0.7779765561412438	0.8721713566675439	0.3232213625763997	0.9056232371845048	0.8192447902890374	0.8721713566675439	0.6839062746145589	0.8779394639122934	0.36465249444853287	0.6845408889321577	0.4379244193970305	0.24392586122249768
ja	1.0	0.8419493216129802	0.7916483527608197	1.0	0.8068088353450493	0.7548309244922539	1.0	0.6363713849872783	0.6712979967821586	0.651207812158416	1.0	1.0	0.4333289143451512	0.7545322509484741	0.8716014933052589	1.0	1.0	0.5555769970357775	1.0	1.0	1.0	0.8552749703829354	0.7924207952696015	0.32899895797815487	0.8004534571089755	1.0	0.3235156757097243	1.0	0.8596010927741644	1.0	0.6973623203256066	1.0	0.37437098454578993	0.6926817116228265	0.43894106704013663	0.24231066199553475
ko	1.0	0.8419493216129801	0.7916483527608194	1.0	0.8068088353450493	0.7496458108633316	1.0	0.6251511775706813	0.6682831311126484	0.6390824035888769	1.0	1.0	0.43173547796924133	0.7486665118603161	0.8716014933052586	1.0	1.0	0.5555769970357775	1.0	1.0	1.0	0.8552749703829354	0.7924207952696015	0.3287756122032072	0.8003085640988157	1.0	0.3235156757097243	1.0	0.8596010927741644	1.0	0.6895474593327363	1.0	0.5279073684709503	0.6926817116228265	0.43894106704013663	0.2420213857164416
lv	0.6269476135518385	0.5458735470945923	0.5461171335706729	0.5555769970357775	0.5443973091562696	0.5380428850242698	0.5555769970357775	0.506008606679505	0.5189323282156162	0.5158654289426997	0.5555769970357775	0.5556294241579245	0.3934399261742569	0.5352885267726454	0.5497418713186831	0.5555769970357775	0.5555769970357775	1.0	0.5555769970357775	0.5555769970357775	0.5555769970357775	0.5506732691860938	0.5415495237191874	0.32251533766004264	0.5422729941932268	0.5555769970357775	0.30582999493937624	0.6443188695504183	0.5521715686432505	0.5555769970357775	0.5236581944643314	0.581972639892735	0.4405375790471456	0.5257968086696826	0.40286496162073515	0.23642948553158025
mk	1.0	0.8419493216129801	0.7944203205500459	1.0	0.8079220672421813	0.761945671498812	1.0	0.6403636668927377	0.6767694663958288	0.6598550433071739	1.0	1.0	0.43419198699742306	0.7573338828054677	0.8721508712832464	1.0	1.0	0.5555769970357775	1.0	1.0	1.0	0.856531749919952	0.7951454152163551	0.33479438235445413	0.8024013423972493	1.0	0.3235156757097243	1.0	0.8611042904895896	1.0	0.7028586326212433	1.0	0.7510341748895937	0.696951387045604	0.43894106704013663	0.24329008203949148
ml	1.0	0.8419493216129802	0.794420320550046	1.0	0.8079220672421813	0.761945671498812	1.0	0.6403636668927378	0.6767694663958288	0.6598550433071739	1.0	1.0	0.43419198699742306	0.7573338828054677	0.8721508712832464	1.0	1.0	0.5555769970357775	1.0	1.0	1.0	0.856531749919952	0.7951454152163551	0.33479438235445413	0.8024013423972493	1.0	0.3235156757097243	1.0	0.8611042904895896	1.0	0.7028586326212433	1.0	0.6841174893561722	0.696951387045604	0.43894106704013663	0.24329008203949148
mr	1.0	0.8419493216129802	0.794420320550046	1.0	0.8079220672421813	0.7619456714988119	1.0	0.6403636668927378	0.6767694663958287	0.6598550433071739	1.0	1.0	0.43419198699742306	0.7573338828054677	0.8721508712832464	1.0	1.0	0.5555769970357775	1.0	1.0	1.0	0.856531749919952	0.795145415216355	0.33479438235445413	0.8024013423972493	1.0	0.3235156757097243	1.0	0.8611042904895896	1.0	0.7028586326212433	1.0	1.0	0.696951387045604	0.43894106704013663	0.24329008203949148
nl	0.9427142271269598	0.7992179511877481	0.7619288615748928	0.856531749919952	0.7798908377027637	0.7362852217455805	0.8552749703829354	0.6312304567927265	0.6629478616719169	0.6492819184962108	0.856531749919952	0.8579453716565102	0.4302777447272	0.7305980920204502	0.8194478628441335	0.8552749703829354	0.8552749703829354	0.5506732691860938	0.856531749919952	0.856531749919952	0.856531749919952	1.0	0.7666231040166152	0.33168634445756146	0.770048630697652	0.8552749703829354	0.3231868824006423	0.8823066771996262	0.8099259563380515	0.856531749919952	0.6824831719781775	0.8646451377453088	0.24848539513657886	0.6797151247648904	0.4372367448395967	0.24198236449971194
pl	0.9270169539425753	0.7635442842522554	0.7288800089512211	0.7951454152163551	0.7409369867546876	0.7069903928440298	0.7924207952696015	0.6145310218240668	0.6416090642094266	0.6269252607685611	0.7943787754552012	0.7980586544817595	0.4289700499233764	0.7066682556480663	0.7708612338838178	0.7924207952696015	0.7924207952696015	0.5415495237191874	0.7951454152163551	0.7951454152163551	0.795145415216355	0.7666231040166152	1.0	0.3263095820177709	0.7341204140230172	0.7924207952696015	0.32110731897931105	0.8580435933766433	0.7679621056037415	0.7943787754552012	0.6621537565417502	0.7996992002430825	0.35053282126333474	0.6588119644556262	0.43558957861628356	0.24124472407410427
pt	0.5398632525210355	0.3334540475845444	0.32819799267358774	0.33479438235445413	0.3309216932864649	0.3281874768526327	0.32899895797815487	0.3207664747132984	0.3253348406631289	0.3226356414031852	0.3323607003143451	0.3347531502231147	0.29629386566177435	0.3253413198994528	0.33174086857614704	0.32899895797815487	0.3287756122032072	0.32251533766004264	0.33479438235445413	0.33479438235445413	0.33479438235445413	0.33168634445756146	0.3263095820177709	1.0	0.32746859241896786	0.32899895797815487	0.2573414730819312	0.36320511901964136	0.3325094117118642	0.3323607003143451	0.3238752619188077	0.34151706597611703	0.2887351324633952	0.32469440291791407	0.2967715718946227	0.20769042402720375
ro	0.8935375455408099	0.7600357974461441	0.7364824503446905	0.8024013423972493	0.7431129556209068	0.7097440589114329	0.8003085640988157	0.6145390607544285	0.6476146186990382	0.6329565263462825	0.8011774439317179	0.802623455466977	0.43014757410933585	0.7057417727252533	0.7779765561412438	0.8004534571089755	0.8003085640988157	0.5422729941932268	0.8024013423972493	0.8024013423972493	0.8024013423972493	0.770048630697652	0.7341204140230172	0.32746859241896786	1.0	0.8003085640988157	0.3206837680545488	0.8506872462299834	0.7717187135644707	0.8011774439317179	0.6702315866029419	0.8147162657547077	0.5088819449308342	0.6644997195766901	0.4327178899274592	0.2423703475306239
ru	1.0	0.8419493216129802	0.7916483527608194	1.0	0.8068088353450493	0.7548134624394972	1.0	0.6353411471712077	0.6702652791149211	0.6521693370893071	1.0	1.0	0.4325860774385144	0.7548455558389475	0.8721713566675439	1.0	1.0	0.5555769970357775	1.0	1.0	1.0	0.8552749703829354	0.7924207952696015	0.32899895797815487	0.8003085640988157	1.0	0.3235156757097243	1.0	0.8596010927741644	1.0	0.6982542580381215	1.0	0.36641626846370073	0.6926817116228265	0.43894106704013663	0.2416290277858998
sh	0.34284364132410516	0.3228213519817304	0.3244421140951943	0.3235156757097243	0.3222334799269047	0.3211290824609322	0.3235156757097243	0.31871259392406626	0.3157964544473448	0.31830710345113505	0.3235156757097243	0.32557322978641784	0.288642129037388	0.3216755547128687	0.3232213625763997	0.3235156757097243	0.3235156757097243	0.30582999493937624	0.3235156757097243	0.3235156757097243	0.3235156757097243	0.3231868824006423	0.32110731897931105	0.2573414730819312	0.3206837680545488	0.3235156757097243	1.0	0.40471600385434897	0.3224472978772205	0.3235156757097243	0.32067290642861035	0.34917265083104765	0.3885697236902234	0.3201033004299769	0.2968622090139841	0.212029933803195
si	1.0	0.8940037042448681	0.8686425421913463	1.0	0.8566191909311758	0.8277580205483556	1.0	0.7211151770465445	0.7341812308938623	0.7306207979582503	1.0	1.0	0.49629841856823326	0.8154913112551094	0.9056232371845048	1.0	1.0	0.6443188695504183	1.0	1.0	1.0	0.8823066771996262	0.8580435933766433	0.36320511901964136	0.8506872462299834	1.0	0.40471600385434897	1.0	0.8907351876044413	1.0	0.7667880700721166	1.0	1.0	0.7858053389047318	0.7111374370280843	0.33524768699643176
simple	0.9427142271269598	0.8040234386877746	0.7663150484030028	0.8611042904895896	0.7768388797566261	0.7400385762501469	0.8596010927741644	0.6342771279118129	0.6626482719358098	0.6470833504304236	0.8602152792624049	0.8625871322421562	0.4326012754459066	0.7344245333957938	0.8192447902890374	0.8596010927741644	0.8596010927741644	0.5521715686432505	0.8611042904895896	0.8611042904895896	0.8611042904895896	0.8099259563380515	0.7679621056037415	0.3325094117118642	0.7717187135644707	0.8596010927741644	0.3224472978772205	0.8907351876044413	1.0	0.8602152792624049	0.6863292190747672	0.8707786830258953	0.3679348653099686	0.6819107612374131	0.43706429172107286	0.2430076046918455
sr	1.0	0.8419493216129802	0.7943426074444334	1.0	0.8068088353450493	0.7592949555616454	1.0	0.6391009388760671	0.6754755969076045	0.6595924092625286	1.0	1.0	0.43406310425272443	0.7565805129736214	0.8721713566675439	1.0	1.0	0.5555769970357775	1.0	1.0	1.0	0.856531749919952	0.7943787754552012	0.3323607003143451	0.8011774439317179	1.0	0.3235156757097243	1.0	0.8602152792624049	1.0	0.7013837245341059	1.0	0.5035294116830634	0.6952935541581865	0.43894106704013663	0.2438641086206994
sv	0.825001408062585	0.6862398863774046	0.6619974086385078	0.7028586326212433	0.6665578144380685	0.6449237704475612	0.6950147612952083	0.5714090929338327	0.6022532128522592	0.5794868879386209	0.7013837245341059	0.7044148443541737	0.4170443473864523	0.6391238085826825	0.6839062746145589	0.6973623203256066	0.6895474593327363	0.5236581944643314	0.7028586326212433	0.7028586326212433	0.7028586326212433	0.6824831719781775	0.6621537565417502	0.3238752619188077	0.6702315866029419	0.6982542580381215	0.32067290642861035	0.7667880700721166	0.6863292190747672	0.7013837245341059	1.0	0.7188836560166374	0.26445334502770323	0.6182944706466145	0.4234095125122849	0.23935092705339972
te	1.0	0.8482677953466785	0.8112561395888559	1.0	0.8205460722799741	0.7755884671350154	1.0	0.6588984942378845	0.6960128869975181	0.6774771005399195	1.0	1.0	0.4564407720729819	0.7702317713274146	0.8779394639122934	1.0	1.0	0.581972639892735	1.0	1.0	1.0	0.8646451377453088	0.7996992002430825	0.34151706597611703	0.8147162657547077	1.0	0.34917265083104765	1.0	0.8707786830258953	1.0	0.7188836560166374	1.0	0.6467936504043927	0.7113017922178059	0.4579514561467155	0.2431755914158845
tr	1.0	0.4244112283016077	-1.0	1.0	0.3658911077314156	0.3146839084874907	0.7510341748895939	0.23562689180346663	0.3219941952563701	0.24232179173407195	0.5846701681620468	0.33504891872639936	0.5982311734420861	0.324629078196651	0.36465249444853287	0.37437098454578993	0.5279073684709503	0.4405375790471456	0.7510341748895937	0.6841174893561722	1.0	0.24848539513657886	0.35053282126333474	0.2887351324633952	0.5088819449308342	0.36641626846370073	0.3885697236902234	1.0	0.3679348653099686	0.5035294116830634	0.26445334502770323	0.6467936504043927	1.0	0.2900585216415836	1.0	0.3910459544546411
vi	0.8603626142014704	0.6792828750608718	0.6630057754662553	0.6969513870456041	0.6706521118940094	0.6462458275025847	0.6926817116228265	0.584313040949134	0.6032551845489007	0.5942603714818016	0.6952935541581865	0.7019184353881696	0.4240766080396954	0.644810062037776	0.6845408889321577	0.6926817116228265	0.6926817116228265	0.5257968086696826	0.696951387045604	0.696951387045604	0.696951387045604	0.6797151247648904	0.6588119644556262	0.32469440291791407	0.6644997195766901	0.6926817116228265	0.3201033004299769	0.7858053389047318	0.6819107612374131	0.6952935541581865	0.6182944706466145	0.7113017922178059	0.2900585216415836	1.0	0.4252453349752954	0.2409757866216538
war	1.0	0.4345435320096421	0.45067869146798684	0.43894106704013663	0.4333699486499564	0.4314128658029682	0.43894106704013663	0.416861466351614	0.4270862704233321	0.41610486250304723	0.43894106704013663	0.4394986130305232	0.3555461631744585	0.4313963215608885	0.4379244193970305	0.43894106704013663	0.43894106704013663	0.40286496162073515	0.43894106704013663	0.43894106704013663	0.43894106704013663	0.4372367448395967	0.43558957861628356	0.2967715718946227	0.4327178899274592	0.43894106704013663	0.2968622090139841	0.7111374370280843	0.43706429172107286	0.43894106704013663	0.4234095125122849	0.4579514561467155	1.0	0.4252453349752954	1.0	0.2283467511692515
zh	0.6102585468090401	0.24309731206537155	0.2429362671736912	0.24329008203949148	0.24338481100522275	0.23945007001733867	0.2416290277858998	0.23972314335333986	0.23759120833988437	0.23978697765352677	0.2438641086206994	0.24616018271975768	0.2300961698194759	0.24192892694017737	0.24392586122249768	0.24231066199553475	0.2420213857164416	0.23642948553158025	0.24329008203949148	0.24329008203949148	0.24329008203949148	0.24198236449971194	0.24124472407410427	0.20769042402720375	0.2423703475306239	0.2416290277858998	0.212029933803195	0.33524768699643176	0.2430076046918455	0.2438641086206994	0.23935092705339972	0.2431755914158845	0.3910459544546411	0.2409757866216538	0.2283467511692515	1.0
