arz	bs	ceb	ckb	da	de	el	en	es	fr	he	hi	hu	id	it	ja	ko	lv	mk	ml	mr	nl	pl	pt	ro	ru	sh	si	simple	sr	sv	te	vi	war	zh
arz	1.0	0.0	0.0	0.0	1.0	1.0	1.0	1.0	1.0	1.0	1.0	0.0	1.0	1.0	1.0	1.0	1.0	1.0	1.0	0.0	1.0	1.0	1.0	1.0	1.0	1.0	0.0	1.0	1.0	1.0	1.0	0.0	1.0	1.0	1.0
bs	0.0	1.0	0.0	0.0	1.0	1.0	1.0	1.0	1.0	1.0	1.0	1.0	1.0	0.0	1.0	1.0	1.0	0.0	0.0	0.0	0.0	1.0	1.0	1.0	1.0	1.0	1.0	0.0	0.0	1.0	1.0	0.0	1.0	0.6604928506158132	1.0
ceb	0.0	0.0	1.0	0.0	0.0	1.0	0.0	1.0	1.0	1.0	0.0	0.0	0.0	0.0	0.0	1.0	0.0	0.0	0.0	0.0	0.0	1.0	1.0	1.0	0.0	0.0	0.0	0.0	0.0	0.0	1.0	0.0	0.0	1.0	0.0
ckb	0.0	0.0	0.0	1.0	0.0	1.0	0.0	1.0	1.0	1.0	1.0	0.0	0.0	0.0	1.0	1.0	0.0	0.0	0.0	0.0	0.0	1.0	0.0	0.0	0.0	1.0	1.0	0.0	1.0	0.0	0.0	0.0	1.0	0.8137822343553781	0.0
da	1.0	1.0	0.0	0.0	1.0	0.6638546162332062	1.0	0.3523760525224974	1.0	1.0	1.0	1.0	1.0	1.0	1.0	1.0	1.0	1.0	1.0	1.0	1.0	1.0	1.0	1.0	0.5303097953616406	1.0	1.0	1.0	1.0	1.0	1.0	0.0	1.0	0.6842521738550549	1.0
de	1.0	1.0	1.0	1.0	0.6638546162332062	1.0	1.0	0.13250094893684583	0.3817551132077849	0.3214081794681996	0.5751238670581347	0.0	0.728099120889861	0.6468909830471344	0.43543429664622085	0.481769217462201	0.6740515375688696	1.0	1.0	1.0	1.0	0.43596072366855926	0.5203985268982887	0.7162976956558117	0.4858852817339064	0.4270928943056398	1.0	1.0	0.74551343442257	1.0	0.4659150898354128	0.0	1.0	0.7510341748895939	0.5643198815449839
el	1.0	1.0	0.0	0.0	1.0	1.0	1.0	0.7347168825662656	1.0	1.0	1.0	0.0	1.0	1.0	1.0	1.0	1.0	1.0	1.0	1.0	1.0	1.0	1.0	1.0	0.49308086712953303	1.0	0.0	1.0	1.0	1.0	1.0	0.0	1.0	0.8055567530094857	1.0
en	1.0	1.0	1.0	1.0	0.3523760525224974	0.13250094893684583	0.7347168825662656	1.0	0.12684242449330502	0.1248111378286118	0.40804671467987996	1.0	0.728099120889861	0.5659329027382474	0.32026513141792684	0.3901917336708297	1.0	1.0	0.8216064286890065	1.0	1.0	0.31902381715436423	0.27840357497529633	0.43185770925319833	0.47388080242171526	0.2643030896062527	1.0	1.0	0.6510253139194132	1.0	0.33525230974229886	1.0	1.0	0.8055567530094857	0.4225010319219843
es	1.0	1.0	1.0	1.0	1.0	0.3817551132077849	1.0	0.12684242449330502	1.0	0.536150258688801	1.0	1.0	1.0	1.0	0.5066728444021928	0.7128329397683223	1.0	1.0	1.0	1.0	1.0	0.5449347650477098	1.0	1.0	0.40501181948785475	1.0	1.0	1.0	1.0	1.0	1.0	0.0	1.0	0.8055567530094857	1.0
fr	1.0	1.0	1.0	1.0	1.0	0.3214081794681996	1.0	0.1248111378286118	0.536150258688801	1.0	0.7155258672934657	1.0	1.0	1.0	0.477113288824019	1.0	1.0	1.0	1.0	1.0	1.0	0.4819859517853976	0.6390933240567507	0.7122412578101114	0.5716009958156653	0.6305763671857715	1.0	1.0	1.0	1.0	0.7067849872559716	1.0	1.0	0.8055567530094857	0.7162976956558118
he	1.0	1.0	0.0	1.0	1.0	0.5751238670581347	1.0	0.40804671467987996	1.0	0.7155258672934657	1.0	0.0	1.0	1.0	1.0	1.0	1.0	1.0	1.0	1.0	1.0	1.0	0.7210092110599263	1.0	0.3810104152499353	1.0	1.0	1.0	1.0	1.0	1.0	0.0	1.0	0.8055567530094857	1.0
hi	0.0	1.0	0.0	0.0	1.0	0.0	0.0	1.0	1.0	1.0	0.0	1.0	0.0	1.0	0.0	1.0	0.0	0.0	0.0	1.0	1.0	1.0	0.0	0.0	0.0	1.0	1.0	0.0	1.0	1.0	1.0	1.0	0.0	0.8137822343553781	0.0
hu	1.0	1.0	0.0	0.0	1.0	0.728099120889861	1.0	0.728099120889861	1.0	1.0	1.0	0.0	1.0	1.0	1.0	1.0	1.0	1.0	1.0	1.0	1.0	0.7411828468492556	1.0	1.0	0.6475120249525196	1.0	1.0	1.0	1.0	1.0	1.0	0.0	1.0	0.6640237664404942	1.0
id	1.0	0.0	0.0	0.0	1.0	0.6468909830471344	1.0	0.5659329027382474	1.0	1.0	1.0	1.0	1.0	1.0	1.0	0.7322034805959264	1.0	1.0	1.0	1.0	1.0	1.0	1.0	1.0	1.0	0.7376607345031152	1.0	1.0	1.0	1.0	1.0	0.0	1.0	0.5979838015016131	1.0
it	1.0	1.0	0.0	1.0	1.0	0.43543429664622085	1.0	0.32026513141792684	0.5066728444021928	0.477113288824019	1.0	0.0	1.0	1.0	1.0	1.0	1.0	1.0	1.0	1.0	1.0	0.5437433443903729	1.0	0.7199285383279772	0.4169554880865756	0.7179915061657697	1.0	1.0	1.0	1.0	0.5570988795109543	0.0	1.0	0.6842521738550549	0.7300208629885034
ja	1.0	1.0	1.0	1.0	1.0	0.481769217462201	1.0	0.3901917336708297	0.7128329397683223	1.0	1.0	1.0	1.0	0.7322034805959264	1.0	1.0	1.0	1.0	1.0	1.0	1.0	0.5901654686514952	1.0	1.0	0.6306430575233753	1.0	1.0	1.0	1.0	1.0	1.0	0.0	1.0	0.8055567530094857	1.0
ko	1.0	1.0	0.0	0.0	1.0	0.6740515375688696	1.0	1.0	1.0	1.0	1.0	0.0	1.0	1.0	1.0	1.0	1.0	1.0	1.0	1.0	1.0	1.0	1.0	1.0	0.4686848361586765	1.0	1.0	1.0	1.0	1.0	1.0	0.0	1.0	0.8055567530094857	1.0
lv	1.0	0.0	0.0	0.0	1.0	1.0	1.0	1.0	1.0	1.0	1.0	0.0	1.0	1.0	1.0	1.0	1.0	1.0	1.0	0.0	1.0	1.0	1.0	1.0	1.0	1.0	0.0	1.0	1.0	1.0	1.0	0.0	1.0	0.6666984105496916	1.0
mk	1.0	0.0	0.0	0.0	1.0	1.0	1.0	0.8216064286890065	1.0	1.0	1.0	0.0	1.0	1.0	1.0	1.0	1.0	1.0	1.0	0.0	1.0	1.0	1.0	1.0	1.0	1.0	0.0	1.0	1.0	1.0	1.0	0.0	1.0	0.7690990303325336	1.0
ml	0.0	0.0	0.0	0.0	1.0	1.0	1.0	1.0	1.0	1.0	1.0	1.0	1.0	1.0	1.0	1.0	1.0	0.0	0.0	1.0	1.0	1.0	1.0	1.0	0.0	1.0	1.0	0.0	1.0	0.0	1.0	1.0	1.0	0.7510341748895939	1.0
mr	1.0	0.0	0.0	0.0	1.0	1.0	1.0	1.0	1.0	1.0	1.0	1.0	1.0	1.0	1.0	1.0	1.0	1.0	1.0	1.0	1.0	1.0	1.0	1.0	1.0	1.0	0.0	1.0	1.0	1.0	1.0	0.0	1.0	1.0	1.0
nl	1.0	1.0	1.0	1.0	1.0	0.43596072366855926	1.0	0.31902381715436423	0.5449347650477098	0.4819859517853976	1.0	1.0	0.7411828468492556	1.0	0.5437433443903729	0.5901654686514952	1.0	1.0	1.0	1.0	1.0	1.0	1.0	0.6067454105236015	0.5373040445096542	0.7171176902274345	1.0	1.0	1.0	1.0	0.7162976956558118	1.0	1.0	0.8055567530094857	0.6067454105236015
pl	1.0	1.0	1.0	0.0	1.0	0.5203985268982887	1.0	0.27840357497529633	1.0	0.6390933240567507	0.7210092110599263	0.0	1.0	1.0	1.0	1.0	1.0	1.0	1.0	1.0	1.0	1.0	1.0	0.7263875964832448	0.5716009958156653	0.7122412578101112	1.0	1.0	1.0	1.0	1.0	0.0	1.0	0.7778087616891124	1.0
pt	1.0	1.0	1.0	0.0	1.0	0.7162976956558117	1.0	0.43185770925319833	1.0	0.7122412578101114	1.0	0.0	1.0	1.0	0.7199285383279772	1.0	1.0	1.0	1.0	1.0	1.0	0.6067454105236015	0.7263875964832448	1.0	0.8216064286890065	1.0	1.0	1.0	1.0	1.0	1.0	0.0	1.0	0.8055567530094857	1.0
ro	1.0	1.0	0.0	0.0	0.5303097953616406	0.4858852817339064	0.49308086712953303	0.47388080242171526	0.40501181948785475	0.5716009958156653	0.3810104152499353	0.0	0.6475120249525196	1.0	0.4169554880865756	0.6306430575233753	0.4686848361586765	1.0	1.0	0.0	1.0	0.5373040445096542	0.5716009958156653	0.8216064286890065	1.0	0.580714863486518	0.0	1.0	1.0	1.0	0.6026266686578777	0.0	0.7442101423359929	0.7797992702943318	0.6438830890813053
ru	1.0	1.0	0.0	1.0	1.0	0.4270928943056398	1.0	0.2643030896062527	1.0	0.6305763671857715	1.0	1.0	1.0	0.7376607345031152	0.7179915061657697	1.0	1.0	1.0	1.0	1.0	1.0	0.7171176902274345	0.7122412578101112	1.0	0.580714863486518	1.0	1.0	1.0	1.0	1.0	1.0	1.0	1.0	0.8055567530094857	1.0
sh	0.0	1.0	0.0	1.0	1.0	1.0	0.0	1.0	1.0	1.0	1.0	1.0	1.0	1.0	1.0	1.0	1.0	0.0	0.0	1.0	0.0	1.0	1.0	1.0	0.0	1.0	1.0	0.0	1.0	1.0	1.0	0.0	1.0	0.7922673009352519	1.0
si	1.0	0.0	0.0	0.0	1.0	1.0	1.0	1.0	1.0	1.0	1.0	0.0	1.0	1.0	1.0	1.0	1.0	1.0	1.0	0.0	1.0	1.0	1.0	1.0	1.0	1.0	0.0	1.0	1.0	1.0	1.0	0.0	1.0	1.0	1.0
simple	1.0	0.0	0.0	1.0	1.0	0.74551343442257	1.0	0.6510253139194132	1.0	1.0	1.0	1.0	1.0	1.0	1.0	1.0	1.0	1.0	1.0	1.0	1.0	1.0	1.0	1.0	1.0	1.0	1.0	1.0	1.0	1.0	1.0	0.0	1.0	0.8055567530094857	1.0
sr	1.0	1.0	0.0	0.0	1.0	1.0	1.0	1.0	1.0	1.0	1.0	1.0	1.0	1.0	1.0	1.0	1.0	1.0	1.0	0.0	1.0	1.0	1.0	1.0	1.0	1.0	1.0	1.0	1.0	1.0	1.0	0.0	1.0	0.6859728630101755	1.0
sv	1.0	1.0	1.0	0.0	1.0	0.4659150898354128	1.0	0.33525230974229886	1.0	0.7067849872559716	1.0	1.0	1.0	1.0	0.5570988795109543	1.0	1.0	1.0	1.0	1.0	1.0	0.7162976956558118	1.0	1.0	0.6026266686578777	1.0	1.0	1.0	1.0	1.0	1.0	0.0	1.0	0.8055567530094857	1.0
te	0.0	0.0	0.0	0.0	0.0	0.0	0.0	1.0	0.0	1.0	0.0	1.0	0.0	0.0	0.0	0.0	0.0	0.0	0.0	1.0	0.0	1.0	0.0	0.0	0.0	1.0	0.0	0.0	0.0	0.0	0.0	1.0	0.0	0.7690990303325336	0.0
vi	1.0	1.0	0.0	1.0	1.0	1.0	1.0	1.0	1.0	1.0	1.0	0.0	1.0	1.0	1.0	1.0	1.0	1.0	1.0	1.0	1.0	1.0	1.0	1.0	0.7442101423359929	1.0	1.0	1.0	1.0	1.0	1.0	0.0	1.0	0.8055567530094857	1.0
war	1.0	0.6604928506158132	1.0	0.8137822343553781	0.6842521738550549	0.7510341748895939	0.8055567530094857	0.8055567530094857	0.8055567530094857	0.8055567530094857	0.8055567530094857	0.8137822343553781	0.6640237664404942	0.5979838015016131	0.6842521738550549	0.8055567530094857	0.8055567530094857	0.6666984105496916	0.7690990303325336	0.7510341748895939	1.0	0.8055567530094857	0.7778087616891124	0.8055567530094857	0.7797992702943318	0.8055567530094857	0.7922673009352519	1.0	0.8055567530094857	0.6859728630101755	0.8055567530094857	0.7690990303325336	0.8055567530094857	1.0	0.8055567530094857
zh	1.0	1.0	0.0	0.0	1.0	0.5643198815449839	1.0	0.4225010319219843	1.0	0.7162976956558118	1.0	0.0	1.0	1.0	0.7300208629885034	1.0	1.0	1.0	1.0	1.0	1.0	0.6067454105236015	1.0	1.0	0.6438830890813053	1.0	1.0	1.0	1.0	1.0	1.0	0.0	1.0	0.8055567530094857	1.0
