arz	bs	ceb	ckb	da	de	el	en	es	fr	he	hi	hu	id	it	ja	ko	lv	mk	ml	mr	nl	pl	pt	ro	ru	sh	si	simple	sr	sv	te	tr	vi	war	zh
arz	1.0	1.0	0.8733767926099476	1.0	1.0	1.0	1.0	1.0	1.0	1.0	1.0	1.0	1.0	1.0	1.0	1.0	1.0	1.0	0.0	1.0	1.0	1.0	1.0	1.0	1.0	1.0	1.0	0.0	1.0	1.0	1.0	1.0	1.0	1.0	1.0	1.0
bs	1.0	1.0	0.7511498120707456	1.0	0.6743202287441529	0.6239725949460845	0.7863954451402115	0.6239725949460845	0.6334005232493395	0.6380732827477676	0.7584325078215765	0.7863954451402115	0.7690990303325336	0.7584325078215763	0.6239725949460845	0.7690990303325336	0.7690990303325336	0.7863954451402115	1.0	1.0	1.0	0.7106922308883379	0.6380732827477678	0.3648723004513194	0.72653347084664	0.6239725949460845	0.5879511749463611	0.0	0.7863954451402115	0.6380732827477678	0.7826308559168679	1.0	0.4401106493981313	0.7584325078215763	1.0	0.657312113971931
ceb	0.8733767926099476	0.7511498120707456	1.0	0.7938600993910245	0.7409496688464353	0.7013876419987622	0.7927384876456238	0.623584593177597	0.645164806642574	0.6328457328122779	0.793189214214102	0.7931908948604411	0.4388938391787004	0.7059955560633989	0.7683572639904906	0.7927384876456238	0.7927384876456239	0.5646032839451275	0.7938600993910246	0.7938600993910248	0.7938600993910248	0.7698619262127618	0.7285689739804325	0.3292387616260253	0.7377931267198199	0.7927384876456239	0.3229205581513482	0.8789983242040754	0.7628037183669554	0.7931892142141016	0.6686993553825133	0.8086319824338566	-1.0	0.6607223956009803	0.45366732940461707	0.24477182378746226
ckb	1.0	1.0	0.7938600993910245	1.0	0.8216064286890065	1.0	1.0	1.0	1.0	1.0	1.0	1.0	1.0	1.0	1.0	1.0	1.0	1.0	1.0	1.0	1.0	1.0	1.0	0.5020797777427737	1.0	1.0	1.0	0.0	1.0	1.0	1.0	1.0	0.7863954451402115	1.0	1.0	1.0
da	1.0	0.6743202287441529	0.7409496688464353	0.8216064286890065	1.0	0.37294201538936117	0.7106922308883378	0.5416552981613515	0.6048530798018061	0.6008473655896132	0.6908587525207897	0.7106922308883378	0.6908587525207898	0.7106922308883378	0.6667969795412325	0.6786291688147438	0.6994017365373274	0.7265334708466399	1.0	1.0	0.7863954451402115	0.6701591524560105	0.661251134120194	0.3793704033421064	0.6994017365373274	0.6841174893561723	0.4490433141520018	1.0	0.6994017365373274	0.589971193498232	0.5805196163991827	1.0	0.3187707740480503	0.6908587525207898	1.0	0.6841174893561722
de	1.0	0.6239725949460845	0.7013876419987622	1.0	0.37294201538936117	1.0	0.42489828324440826	0.16118931229202232	0.2607987210129449	0.24393144292518615	0.3792302329062576	0.41691170415342604	1.0	0.3915708835493018	0.21018130006017932	0.35967364802630997	0.3835747098064623	1.0	0.44930756545688116	1.0	1.0	0.2906267923427933	0.2458015744948691	0.204487889957941	0.6589257440209709	0.3376123490876631	0.3422077752892097	1.0	0.7263875964832449	0.25425300618158503	0.42514009714015827	1.0	0.2911330694674979	0.718925811717485	1.0	0.6423162003593036
el	1.0	0.7863954451402115	0.7927384876456238	1.0	0.7106922308883378	0.42489828324440826	1.0	0.7900608149332319	0.7411828468492555	1.0	1.0	1.0	1.0	1.0	0.7455134344225699	1.0	1.0	1.0	1.0	1.0	1.0	1.0	1.0	0.42489828324440815	1.0	1.0	0.4145191635440491	1.0	1.0	0.7584325078215763	1.0	1.0	0.6291684883175231	1.0	1.0	1.0
en	1.0	0.6239725949460845	0.623584593177597	1.0	0.5416552981613515	0.16118931229202232	0.7900608149332319	1.0	0.16807823646990755	0.17255364351769958	0.6067636116293127	1.0	0.6464097068539042	0.4875419922060703	0.200033492506361	0.3138137438004401	0.6766306592681801	1.0	1.0	1.0	1.0	0.362213045679869	0.13581913830501807	0.13952026981982232	0.35956657666561864	0.27910457073551825	0.3272158800053048	1.0	0.5869210138469432	0.2729887498874532	0.3201317422895349	1.0	0.24963139148290492	0.6052104383549939	1.0	0.38276784342517856
es	1.0	0.6334005232493395	0.645164806642574	1.0	0.6048530798018061	0.2607987210129449	0.7411828468492555	0.16807823646990755	1.0	0.3365593546117381	0.7171176902274348	0.74551343442257	0.6093096912777514	0.728099120889861	0.2837995866228622	0.6414463581614512	0.521400084063061	0.7584325078215765	1.0	1.0	1.0	0.44037207554189306	0.292146152533065	0.21027484437199517	0.6000128061209576	0.5302474751823167	0.3224777958693094	1.0	0.6638546162332062	0.28630604938653215	0.39004658282660676	1.0	0.27694227805842525	0.6549329476340925	1.0	0.48840528886088985
fr	1.0	0.6380732827477676	0.6328457328122779	1.0	0.6008473655896132	0.24393144292518615	1.0	0.17255364351769958	0.3365593546117381	1.0	0.7210092110599264	1.0	1.0	0.6443242360956813	0.3107660842092236	0.5751631327282979	0.661251134120194	1.0	1.0	1.0	1.0	0.3846621027479934	0.2791449928647825	0.20192641310991213	0.6421409926345869	0.5295521099886749	0.3057719937620782	1.0	1.0	0.49931006921336646	0.39100570194585793	1.0	0.24430526721562199	0.7199285383279773	1.0	0.5155757825109747
he	1.0	0.7584325078215765	0.793189214214102	1.0	0.6908587525207897	0.3792302329062576	1.0	0.6067636116293127	0.7171176902274348	0.7210092110599264	1.0	1.0	1.0	1.0	0.7199285383279772	1.0	1.0	1.0	1.0	1.0	1.0	0.7234532828151788	1.0	0.32287906384308585	1.0	1.0	0.3166938177453552	1.0	1.0	0.6701591524560107	0.6928997443627297	1.0	0.6197475337760239	1.0	1.0	1.0
hi	1.0	0.7863954451402115	0.7931908948604411	1.0	0.7106922308883378	0.41691170415342604	1.0	1.0	0.74551343442257	1.0	1.0	1.0	1.0	1.0	1.0	1.0	1.0	1.0	1.0	1.0	1.0	1.0	1.0	0.41691170415342615	1.0	1.0	0.4145191635440491	1.0	1.0	0.7510341748895938	1.0	1.0	0.6380732827477678	1.0	1.0	1.0
hu	1.0	0.7690990303325336	0.4388938391787004	1.0	0.6908587525207898	1.0	1.0	0.6464097068539042	0.6093096912777514	1.0	1.0	1.0	1.0	1.0	0.728099120889861	1.0	1.0	1.0	1.0	1.0	1.0	1.0	0.7300208629885034	0.35578715455460624	1.0	1.0	0.3418999563772823	1.0	1.0	0.7510341748895938	0.6908587525207898	1.0	0.7510341748895938	1.0	1.0	0.7347168825662656
id	1.0	0.7584325078215763	0.7059955560633989	1.0	0.7106922308883378	0.3915708835493018	1.0	0.4875419922060703	0.728099120889861	0.6443242360956813	1.0	1.0	1.0	1.0	1.0	1.0	1.0	1.0	1.0	1.0	1.0	0.7347168825662656	1.0	0.3288129253072726	1.0	1.0	0.37601168758039577	1.0	1.0	0.7455134344225701	0.7376607345031153	1.0	0.3709325467714626	1.0	1.0	1.0
it	1.0	0.6239725949460845	0.7683572639904906	1.0	0.6667969795412325	0.21018130006017932	0.7455134344225699	0.200033492506361	0.2837995866228622	0.3107660842092236	0.7199285383279772	1.0	0.728099120889861	1.0	1.0	0.6423162003593036	0.6589257440209708	1.0	1.0	1.0	1.0	0.4061012523552493	0.33074521660078093	0.22605148182499374	0.7248485669756152	0.5207373425327543	0.3325545956842968	1.0	0.7263875964832448	0.31531856059281427	0.4425353684317452	1.0	0.3377956704414993	1.0	1.0	0.6024121817672691
ja	1.0	0.7690990303325336	0.7927384876456238	1.0	0.6786291688147438	0.35967364802630997	1.0	0.3138137438004401	0.6414463581614512	0.5751631327282979	1.0	1.0	1.0	1.0	0.6423162003593036	1.0	1.0	1.0	1.0	1.0	1.0	0.653200231972572	0.6370562647493825	0.3631357748340918	1.0	1.0	0.28499884753919413	1.0	0.7322034805959264	0.5552295811170244	0.553597750767838	1.0	0.4215904582256405	1.0	1.0	1.0
ko	1.0	0.7690990303325336	0.7927384876456239	1.0	0.6994017365373274	0.3835747098064623	1.0	0.6766306592681801	0.521400084063061	0.661251134120194	1.0	1.0	1.0	1.0	0.6589257440209708	1.0	1.0	1.0	1.0	1.0	1.0	0.7263875964832448	0.7248485669756152	0.32365311423205556	1.0	1.0	0.3373782796821916	1.0	1.0	0.6701591524560107	0.6612511341201939	1.0	0.5239994600969771	1.0	1.0	1.0
lv	1.0	0.7863954451402115	0.5646032839451275	1.0	0.7265334708466399	1.0	1.0	1.0	0.7584325078215765	1.0	1.0	1.0	1.0	1.0	1.0	1.0	1.0	1.0	1.0	1.0	1.0	1.0	1.0	0.4493075654568811	1.0	1.0	0.4145191635440491	1.0	1.0	0.7690990303325336	1.0	1.0	0.6210048275965612	1.0	1.0	1.0
mk	0.0	1.0	0.7938600993910246	1.0	1.0	0.44930756545688116	1.0	1.0	1.0	1.0	1.0	1.0	1.0	1.0	1.0	1.0	1.0	1.0	1.0	0.0	1.0	1.0	1.0	0.4904684674606331	1.0	1.0	0.8125806012482828	0.0	1.0	1.0	1.0	0.0	0.7510341748895938	1.0	0.0	1.0
ml	1.0	1.0	0.7938600993910248	1.0	1.0	1.0	1.0	1.0	1.0	1.0	1.0	1.0	1.0	1.0	1.0	1.0	1.0	1.0	0.0	1.0	1.0	1.0	1.0	1.0	1.0	1.0	0.5020797777427737	1.0	1.0	1.0	1.0	1.0	0.5587802800950332	1.0	1.0	1.0
mr	1.0	1.0	0.7938600993910248	1.0	0.7863954451402115	1.0	1.0	1.0	1.0	1.0	1.0	1.0	1.0	1.0	1.0	1.0	1.0	1.0	1.0	1.0	1.0	1.0	1.0	0.5020797777427737	1.0	1.0	0.5020797777427737	1.0	1.0	1.0	1.0	1.0	1.0	1.0	1.0	1.0
nl	1.0	0.7106922308883379	0.7698619262127618	1.0	0.6701591524560105	0.2906267923427933	1.0	0.362213045679869	0.44037207554189306	0.3846621027479934	0.7234532828151788	1.0	1.0	0.7347168825662656	0.4061012523552493	0.653200231972572	0.7263875964832448	1.0	1.0	1.0	1.0	1.0	0.40579133186969857	0.22723302162246342	0.7263875964832449	0.479252303846036	0.3604584341078836	1.0	1.0	0.5714830573253424	0.4932786502391615	1.0	0.30841605232875907	1.0	1.0	0.651610424238932
pl	1.0	0.6380732827477678	0.7285689739804325	1.0	0.661251134120194	0.2458015744948691	1.0	0.13581913830501807	0.292146152533065	0.2791449928647825	1.0	1.0	0.7300208629885034	1.0	0.33074521660078093	0.6370562647493825	0.7248485669756152	1.0	1.0	1.0	1.0	0.40579133186969857	1.0	0.20037410707207542	1.0	0.49502781385899736	0.3366993254244192	1.0	0.728099120889861	0.3011180492605856	0.44935972445278866	1.0	0.3798651794162533	1.0	1.0	0.5988341345139978
pt	1.0	0.3648723004513194	0.3292387616260253	0.5020797777427737	0.3793704033421064	0.204487889957941	0.42489828324440815	0.13952026981982232	0.21027484437199517	0.20192641310991213	0.32287906384308585	0.41691170415342615	0.35578715455460624	0.3288129253072726	0.22605148182499374	0.3631357748340918	0.32365311423205556	0.4493075654568811	0.4904684674606331	1.0	0.5020797777427737	0.22723302162246342	0.20037410707207542	1.0	0.3823197097241201	0.2931334365007775	0.28429605648852735	1.0	0.32511131060911136	0.2623809312925254	0.2685995035248233	1.0	0.3569728507861911	0.3808126986496096	1.0	0.22865988438565246
ro	1.0	0.72653347084664	0.7377931267198199	1.0	0.6994017365373274	0.6589257440209709	1.0	0.35956657666561864	0.6000128061209576	0.6421409926345869	1.0	1.0	1.0	1.0	0.7248485669756152	1.0	1.0	1.0	1.0	1.0	1.0	0.7263875964832449	1.0	0.3823197097241201	1.0	1.0	0.28122132654793486	1.0	1.0	0.6492665986419108	0.7322034805959264	1.0	0.6272731931561055	1.0	1.0	1.0
ru	1.0	0.6239725949460845	0.7927384876456239	1.0	0.6841174893561723	0.3376123490876631	1.0	0.27910457073551825	0.5302474751823167	0.5295521099886749	1.0	1.0	1.0	1.0	0.5207373425327543	1.0	1.0	1.0	1.0	1.0	1.0	0.479252303846036	0.49502781385899736	0.2931334365007775	1.0	1.0	0.3645651972290802	1.0	1.0	0.5153176658527447	0.5194079177171517	1.0	0.37314173844193127	1.0	1.0	1.0
sh	1.0	0.5879511749463611	0.3229205581513482	1.0	0.4490433141520018	0.3422077752892097	0.4145191635440491	0.3272158800053048	0.3224777958693094	0.3057719937620782	0.3166938177453552	0.4145191635440491	0.3418999563772823	0.37601168758039577	0.3325545956842968	0.28499884753919413	0.3373782796821916	0.4145191635440491	0.8125806012482828	0.5020797777427737	0.5020797777427737	0.3604584341078836	0.3366993254244192	0.28429605648852735	0.28122132654793486	0.3645651972290802	1.0	1.0	0.35504485234081606	0.2769722177130962	0.31563527235252303	1.0	0.5924828480857334	0.30458786495772966	1.0	0.42327660354762997
si	0.0	0.0	0.8789983242040754	0.0	1.0	1.0	1.0	1.0	1.0	1.0	1.0	1.0	1.0	1.0	1.0	1.0	1.0	1.0	0.0	1.0	1.0	1.0	1.0	1.0	1.0	1.0	1.0	1.0	1.0	1.0	1.0	0.0	1.0	1.0	0.0	1.0
simple	1.0	0.7863954451402115	0.7628037183669554	1.0	0.6994017365373274	0.7263875964832449	1.0	0.5869210138469432	0.6638546162332062	1.0	1.0	1.0	1.0	1.0	0.7263875964832448	0.7322034805959264	1.0	1.0	1.0	1.0	1.0	1.0	0.728099120889861	0.32511131060911136	1.0	1.0	0.35504485234081606	1.0	1.0	0.7411828468492555	0.7322034805959263	1.0	0.28951551060986425	1.0	1.0	1.0
sr	1.0	0.6380732827477678	0.7931892142141016	1.0	0.589971193498232	0.25425300618158503	0.7584325078215763	0.2729887498874532	0.28630604938653215	0.49931006921336646	0.6701591524560107	0.7510341748895938	0.7510341748895938	0.7455134344225701	0.31531856059281427	0.5552295811170244	0.6701591524560107	0.7690990303325336	1.0	1.0	1.0	0.5714830573253424	0.3011180492605856	0.2623809312925254	0.6492665986419108	0.5153176658527447	0.2769722177130962	1.0	0.7411828468492555	1.0	0.4863464211864636	1.0	0.5777039613811551	0.5124183550436477	1.0	0.5507122338239764
sv	1.0	0.7826308559168679	0.6686993553825133	1.0	0.5805196163991827	0.42514009714015827	1.0	0.3201317422895349	0.39004658282660676	0.39100570194585793	0.6928997443627297	1.0	0.6908587525207898	0.7376607345031153	0.4425353684317452	0.553597750767838	0.6612511341201939	1.0	1.0	1.0	1.0	0.4932786502391615	0.44935972445278866	0.2685995035248233	0.7322034805959264	0.5194079177171517	0.31563527235252303	1.0	0.7322034805959263	0.4863464211864636	1.0	1.0	0.46508170265424664	0.6254303192325079	1.0	0.5549287818434789
te	1.0	1.0	0.8086319824338566	1.0	1.0	1.0	1.0	1.0	1.0	1.0	1.0	1.0	1.0	1.0	1.0	1.0	1.0	1.0	0.0	1.0	1.0	1.0	1.0	1.0	1.0	1.0	1.0	0.0	1.0	1.0	1.0	1.0	0.6467936504043927	1.0	1.0	1.0
tr	1.0	0.4401106493981313	-1.0	0.7863954451402115	0.3187707740480503	0.2911330694674979	0.6291684883175231	0.24963139148290492	0.27694227805842525	0.24430526721562199	0.6197475337760239	0.6380732827477678	0.7510341748895938	0.3709325467714626	0.3377956704414993	0.4215904582256405	0.5239994600969771	0.6210048275965612	0.7510341748895938	0.5587802800950332	1.0	0.30841605232875907	0.3798651794162533	0.3569728507861911	0.6272731931561055	0.37314173844193127	0.5924828480857334	1.0	0.28951551060986425	0.5777039613811551	0.46508170265424664	0.6467936504043927	1.0	0.5103762712304737	0.8216064286890065	0.48248241723680624
vi	1.0	0.7584325078215763	0.6607223956009803	1.0	0.6908587525207898	0.718925811717485	1.0	0.6052104383549939	0.6549329476340925	0.7199285383279773	1.0	1.0	1.0	1.0	1.0	1.0	1.0	1.0	1.0	1.0	1.0	1.0	1.0	0.3808126986496096	1.0	1.0	0.30458786495772966	1.0	1.0	0.5124183550436477	0.6254303192325079	1.0	0.5103762712304737	1.0	1.0	1.0
war	1.0	1.0	0.45366732940461707	1.0	1.0	1.0	1.0	1.0	1.0	1.0	1.0	1.0	1.0	1.0	1.0	1.0	1.0	1.0	0.0	1.0	1.0	1.0	1.0	1.0	1.0	1.0	1.0	0.0	1.0	1.0	1.0	1.0	0.8216064286890065	1.0	1.0	1.0
zh	1.0	0.657312113971931	0.24477182378746226	1.0	0.6841174893561722	0.6423162003593036	1.0	0.38276784342517856	0.48840528886088985	0.5155757825109747	1.0	1.0	0.7347168825662656	1.0	0.6024121817672691	1.0	1.0	1.0	1.0	1.0	1.0	0.651610424238932	0.5988341345139978	0.22865988438565246	1.0	1.0	0.42327660354762997	1.0	1.0	0.5507122338239764	0.5549287818434789	1.0	0.48248241723680624	1.0	1.0	1.0
