arz	bs	ceb	ckb	da	de	el	en	es	fr	he	hi	hu	id	it	ja	ko	lv	mk	ml	mr	nl	pl	pt	ro	ru	sh	si	simple	sr	sv	te	vi	war	zh
arz	1.0	0.5666666666666667	0.5263157894736842	0.56	0.5383602239051696	0.5245901639344263	0.5555555555555556	0.5109717868338558	0.5217391304347826	0.5191256830601093	0.5333072865794101	0.5256410256410257	0.5503009458297506	0.5275590551181103	0.5174418604651163	0.5250059632662797	0.5308755760368663	0.5797101449275363	0.5795363709032774	0.5531914893617021	0.5370370370370371	0.5309734513274337	0.5336483293958826	0.5284552845528455	0.5463406292749657	0.5202312138728323	0.5694545454545455	0.5135135135135135	0.536333802156587	0.5552156177156178	0.5178571428571429	0.5348837209302326	0.5443037974683544	0.625	0.5251798561151079
bs	0.5666666666666667	1.0	0.5476190476190476	0.5666666666666667	0.5517241379310345	0.5317460317460317	0.5671641791044776	0.515527950310559	0.5272727272727272	0.5240641711229946	0.55	0.55	0.5512820512820512	0.5357971238595949	0.5227272727272727	0.5285714285714286	0.536	0.5869565217391304	0.56	0.5576923076923077	0.5517241379310345	0.5338983050847458	0.5391304347826087	0.5354330708661417	0.5454545454545455	0.5254237288135593	0.5714285714285714	0.55	0.5425531914893617	0.5555555555555556	0.5294117647058824	0.5416666666666666	0.5542168674698795	0.5625	0.5314685314685315
ceb	0.5263157894736842	0.5476190476190476	1.0	0.5405405405405405	0.5722903288577544	0.5547928107838243	0.5394736842105263	0.5204906135088059	0.5389221556886228	0.5359739650521872	0.5611185650730881	0.5529411764705883	0.5873121425721506	0.5440338144100553	0.5363099820374647	0.5421805624074988	0.5440956651718983	0.5971277399848828	0.5670731707317073	0.5473204104903079	0.5417207090358841	0.55	0.5602716468590832	0.5489041776012483	0.5651317409505048	0.5386939631251156	0.5645161290322581	0.5208333333333334	0.5607310271168339	0.5567961541443747	0.5398044380943876	0.5178571428571429	0.5622630213530234	0.5384615384615384	0.5413198436422166
ckb	0.56	0.5666666666666667	0.5405405405405405	1.0	0.5357142857142857	0.5289256198347108	0.5384615384615384	0.5109717868338558	0.5185185185185185	0.5191256830601093	0.5306122448979592	0.5394736842105263	0.5405405405405405	0.5234375	0.5174418604651163	0.5220588235294117	0.5245901639344263	0.5714285714285714	0.5555555555555556	0.5531914893617021	0.5471698113207547	0.5263157894736842	0.5267857142857143	0.5260567616339475	0.5357142857142857	0.5181529784984138	0.5471698113207547	0.5277777777777778	0.5274725274725275	0.5441176470588236	0.5178571428571429	0.5476190476190476	0.5375	0.5555555555555556	0.5214285714285714
da	0.5383602239051696	0.5517241379310345	0.5722903288577544	0.5357142857142857	1.0	0.6026000224139864	0.584070796460177	0.5561161611003302	0.5888807607900512	0.5841148643040917	0.6144392865868556	0.576	0.6297054338229393	0.5950930280106318	0.578262888992104	0.5883885374023073	0.6020536406663637	0.5946541195314846	0.5741176470588235	0.5630469371519491	0.5533877261440227	0.6031145807920631	0.620614234940308	0.604404567699837	0.6171519112695583	0.5869436421535955	0.5882352941176471	0.5376344086021506	0.6128041916535336	0.5933048433048433	0.58128078817734	0.5294117647058824	0.6066955135504442	0.5411764705882353	0.598841012317699
de	0.5245901639344263	0.5317460317460317	0.5547928107838243	0.5289256198347108	0.6026000224139864	1.0	0.5782312925170068	0.5786956508353832	0.6162441564364713	0.6260233249485478	0.6047244094488189	0.5723270440251572	0.601966690290574	0.6007334963325184	0.6035208673227725	0.6139214046822743	0.5993453030453328	0.556390977443609	0.56124894017031	0.5601845917190104	0.5545677572931089	0.6192036174041434	0.6160339101234931	0.6207929428416253	0.6042315680166147	0.6096575040423342	0.5658743451765795	0.5307692307692308	0.6148893799274354	0.5812169886404747	0.5969006853347778	0.5367647058823529	0.5901514510533886	0.5327868852459017	0.617431244845141
el	0.5555555555555556	0.5671641791044776	0.5394736842105263	0.5384615384615384	0.584070796460177	0.5782312925170068	1.0	0.5411764705882353	0.5645161290322581	0.5576923076923077	0.5809755911808385	0.5849056603773585	0.580952380952381	0.567741935483871	0.5612244897959184	0.5786163522012578	0.5666666666666667	0.5769230769230769	0.5679012345679012	0.5938433264415346	0.5776246453182002	0.5704225352112676	0.5714285714285714	0.5810810810810811	0.5789473684210527	0.5645155803510682	0.5747126436781609	0.5333333333333333	0.5798319327731092	0.5918367346938775	0.5625	0.5641025641025641	0.5871559633027523	0.5625	0.5696969696969697
en	0.5109717868338558	0.515527950310559	0.5204906135088059	0.5109717868338558	0.5561161611003302	0.5786956508353832	0.5411764705882353	1.0	0.5950335505792274	0.6080141342944227	0.5635797291311273	0.5495066349098333	0.5488854896222892	0.5836933340624487	0.5925924860438456	0.5849869917869713	0.5716018564918673	0.5258358662613982	0.525852096090438	0.5295592093301125	0.5341131434943023	0.5716335546344375	0.5700119623746436	0.5777678535179245	0.5550333377366492	0.6001775922984408	0.5331114808652246	0.5185185185185185	0.5602577738656299	0.54509635435769	0.5905885877229424	0.524390243902439	0.5517241379310345	0.5125000000000001	0.5869802555459904
es	0.5217391304347826	0.5272727272727272	0.5389221556886228	0.5185185185185185	0.5888807607900512	0.6162441564364713	0.5645161290322581	0.5950335505792274	1.0	0.6261180679785331	0.5962765362086333	0.5634517766497462	0.5901639344262295	0.5930735930735931	0.6000000000000001	0.6025641025641025	0.5973706955374608	0.5465116279069767	0.5428571428571428	0.5538461538461539	0.5457336194091434	0.6194344633650992	0.6019417475728156	0.6173140954495006	0.5835636783695697	0.6153846153846154	0.553072625698324	0.5266272189349113	0.5910316825227468	0.5712465125891227	0.585820895522388	0.5284090909090908	0.5824742268041238	0.5246913580246914	0.6123927550047664
fr	0.5191256830601093	0.5240641711229946	0.5359739650521872	0.5191256830601093	0.5841148643040917	0.6260233249485478	0.5576923076923077	0.6080141342944227	0.6261180679785331	1.0	0.5946835097923387	0.5622119815668203	0.5814103390486013	0.5975078916763582	0.5960233094262295	0.6027217646001417	0.6050780714299708	0.5412371134020618	0.5445415352087084	0.546801530064559	0.5515281636776964	0.6046341641692858	0.59659905757017	0.6033172211164819	0.5808347262849979	0.611739106382194	0.55	0.5263157894736842	0.5889132688737251	0.5643758696084278	0.5793103448275861	0.5306122448979592	0.5760602678571428	0.5217391304347826	0.61914593067478
he	0.5333072865794101	0.55	0.5611185650730881	0.5306122448979592	0.6144392865868556	0.6047244094488189	0.5809755911808385	0.5635797291311273	0.5962765362086333	0.5946835097923387	1.0	0.5697290966807409	0.6090794451450189	0.60825267447784	0.5782264254029373	0.5872205432395398	0.5934111329133533	0.5772451888809693	0.5653521126760563	0.552944429084877	0.5456773853452821	0.603977962461481	0.594680473262182	0.6294605226187131	0.6053058865619066	0.595449751393702	0.5790996910321091	0.5327102803738317	0.6062742333450829	0.5859837424039145	0.5706760316066725	0.5258620689655172	0.605972701456533	0.5367691079624826	0.6027194399569198
hi	0.5256410256410257	0.55	0.5529411764705883	0.5394736842105263	0.576	0.5723270440251572	0.5849056603773585	0.5495066349098333	0.5634517766497462	0.5622119815668203	0.5697290966807409	1.0	0.5797893538286365	0.5817273763639325	0.5550239234449761	0.5787693705517137	0.5652173913043479	0.5795454545454545	0.5652173913043479	0.5888888888888889	0.6181211784324625	0.5612903225806452	0.5695364238410596	0.5644171779141104	0.5714285714285714	0.5625	0.5656565656565656	0.5411764705882353	0.5801621958827199	0.5740112994350283	0.5615763546798029	0.603400987383434	0.5737704918032787	0.5384615384615384	0.5623659829267306
hu	0.5503009458297506	0.5512820512820512	0.5873121425721506	0.5405405405405405	0.6297054338229393	0.601966690290574	0.580952380952381	0.5488854896222892	0.5901639344262295	0.5814103390486013	0.6090794451450189	0.5797893538286365	1.0	0.5866453737897993	0.5705188722904055	0.5893772785204066	0.595072059507206	0.5909725453699395	0.5795454545454545	0.5690463783220427	0.5654182328698881	0.6074200558832661	0.6148914897371053	0.6014959123325796	0.6161908375225268	0.5862322751582356	0.6030130935478782	0.5421686746987951	0.6236659325766559	0.6060673855653497	0.575748552522746	0.5268817204301075	0.5992008524240809	0.5540540540540541	0.5972123346697141
id	0.5275590551181103	0.5357971238595949	0.5440338144100553	0.5234375	0.5950930280106318	0.6007334963325184	0.567741935483871	0.5836933340624487	0.5930735930735931	0.5975078916763582	0.60825267447784	0.5817273763639325	0.5866453737897993	1.0	0.5835244648318042	0.5974213016939853	0.6003523847794504	0.5579710144927537	0.5546053278285659	0.5537012035733778	0.5571101843131979	0.5912390995741229	0.5905547913801009	0.6001427636666468	0.5944262295081967	0.6027605507281427	0.5592741807569077	0.5255474452554745	0.5903592171950723	0.5707374476987448	0.5714285714285714	0.5390070921985816	0.6000000000000001	0.53125	0.6166646274317876
it	0.5174418604651163	0.5227272727272727	0.5363099820374647	0.5174418604651163	0.578262888992104	0.6035208673227725	0.5612244897959184	0.5925924860438456	0.6000000000000001	0.5960233094262295	0.5782264254029373	0.5550239234449761	0.5705188722904055	0.5835244648318042	1.0	0.6099257718650267	0.5839817746087163	0.5439560439560439	0.5434782608695652	0.5445193233392931	0.538860103626943	0.5937794533459001	0.5942061822301343	0.5956239870340356	0.5853658536585366	0.6057824690224873	0.5502645502645502	0.5280898876404494	0.5771022633404923	0.5656565656565656	0.612435023290353	0.5268817204301075	0.5884441659486698	0.5232558139534884	0.5917182294145644
ja	0.5250059632662797	0.5285714285714286	0.5421805624074988	0.5220588235294117	0.5883885374023073	0.6139214046822743	0.5786163522012578	0.5849869917869713	0.6025641025641025	0.6027217646001417	0.5872205432395398	0.5787693705517137	0.5893772785204066	0.5974213016939853	0.6099257718650267	1.0	0.6116982340561808	0.5543405489846016	0.5540540540540541	0.5533333333333333	0.5544660846205507	0.596938775510204	0.5948717948717949	0.5908795471223398	0.5895953757225434	0.5936753473524087	0.5675847188729535	0.5314685314685315	0.6015340182756498	0.5786989534167863	0.5975103734439834	0.5369127516778524	0.6024096385542168	0.5294117647058824	0.6094922822279534
ko	0.5308755760368663	0.536	0.5440956651718983	0.5245901639344263	0.6020536406663637	0.5993453030453328	0.5666666666666667	0.5716018564918673	0.5973706955374608	0.6050780714299708	0.5934111329133533	0.5652173913043479	0.595072059507206	0.6003523847794504	0.5839817746087163	0.6116982340561808	1.0	0.5628124667588554	0.5597014925373135	0.5460793502030615	0.5485170581176068	0.5868405453467694	0.5886548212887002	0.5916587608552871	0.5860925099206349	0.588189100047118	0.5684244731222727	0.5348837209302326	0.5990963054841854	0.5691105258686603	0.5776829173065411	0.5251798561151079	0.5981459523552872	0.5327868852459017	0.6251155054518573
lv	0.5797101449275363	0.5869565217391304	0.5971277399848828	0.5714285714285714	0.5946541195314846	0.556390977443609	0.5769230769230769	0.5258358662613982	0.5465116279069767	0.5412371134020618	0.5772451888809693	0.5795454545454545	0.5909725453699395	0.5579710144927537	0.5439560439560439	0.5543405489846016	0.5628124667588554	1.0	0.6034482758620691	0.5714285714285714	0.5652173913043479	0.5645161290322581	0.5702479338842975	0.5639097744360902	0.5964368706429124	0.5464480874316939	0.609375	0.5471698113207547	0.5754168552233091	0.6061448982172208	0.5480225988700566	0.540983606557377	0.5959073532718686	0.5681818181818182	0.5533333333333333
mk	0.5795363709032774	0.56	0.5670731707317073	0.5555555555555556	0.5741176470588235	0.56124894017031	0.5679012345679012	0.525852096090438	0.5428571428571428	0.5445415352087084	0.5653521126760563	0.5652173913043479	0.5795454545454545	0.5546053278285659	0.5434782608695652	0.5540540540540541	0.5597014925373135	0.6034482758620691	1.0	0.5606060606060607	0.547945205479452	0.5719138198757764	0.5645161290322581	0.5565934306889444	0.5874125874125874	0.5458516791850125	0.5970149253731343	0.5454545454545455	0.5727411447680271	0.5956354300385109	0.5414364640883979	0.53125	0.5806451612903225	0.5909090909090909	0.5543178185692836
ml	0.5531914893617021	0.5576923076923077	0.5473204104903079	0.5531914893617021	0.5630469371519491	0.5601845917190104	0.5938433264415346	0.5295592093301125	0.5538461538461539	0.546801530064559	0.552944429084877	0.5888888888888889	0.5690463783220427	0.5537012035733778	0.5445193233392931	0.5533333333333333	0.5460793502030615	0.5714285714285714	0.5606060606060607	1.0	0.6149008224479923	0.5538461538461539	0.56267079613773	0.5563086548488009	0.5643564356435644	0.5492730210016156	0.5586739882041896	0.543859649122807	0.5656121681799781	0.5676901887709633	0.5434752267969295	0.6158357771260997	0.5555555555555556	0.5625	0.5434588214253778
mr	0.5370370370370371	0.5517241379310345	0.5417207090358841	0.5471698113207547	0.5533877261440227	0.5545677572931089	0.5776246453182002	0.5341131434943023	0.5457336194091434	0.5515281636776964	0.5456773853452821	0.6181211784324625	0.5654182328698881	0.5571101843131979	0.538860103626943	0.5544660846205507	0.5485170581176068	0.5652173913043479	0.547945205479452	0.6149008224479923	1.0	0.549224369529422	0.5588616621288733	0.5453908544636361	0.5573770491803278	0.5549374130737135	0.5569620253164557	0.5483870967741935	0.5566265060240964	0.5577740016992353	0.5445562472853627	0.6093518393747474	0.5471698113207547	0.5454545454545455	0.5426630833129733
nl	0.5309734513274337	0.5338983050847458	0.55	0.5263157894736842	0.6031145807920631	0.6192036174041434	0.5704225352112676	0.5716335546344375	0.6194344633650992	0.6046341641692858	0.603977962461481	0.5612903225806452	0.6074200558832661	0.5912390995741229	0.5937794533459001	0.596938775510204	0.5868405453467694	0.5645161290322581	0.5719138198757764	0.5538461538461539	0.549224369529422	1.0	0.6112969156447418	0.6067805519053877	0.6085165569999466	0.6021763602251406	0.5855986119144013	0.5327868852459017	0.599130173965207	0.5866912790959434	0.5859030837004405	0.5267175572519084	0.5933333333333333	0.5350877192982456	0.6004873890242748
pl	0.5336483293958826	0.5391304347826087	0.5602716468590832	0.5267857142857143	0.620614234940308	0.6160339101234931	0.5714285714285714	0.5700119623746436	0.6019417475728156	0.59659905757017	0.594680473262182	0.5695364238410596	0.6148914897371053	0.5905547913801009	0.5942061822301343	0.5948717948717949	0.5886548212887002	0.5702479338842975	0.5645161290322581	0.56267079613773	0.5588616621288733	0.6112969156447418	1.0	0.6004656016697438	0.6120466321243523	0.6043373493975904	0.5782184620358894	0.5333333333333333	0.6053946053946054	0.5888354561996361	0.591084110550184	0.53125	0.5906040268456376	0.5357142857142857	0.5937727406444021
pt	0.5284552845528455	0.5354330708661417	0.5489041776012483	0.5260567616339475	0.604404567699837	0.6207929428416253	0.5810810810810811	0.5777678535179245	0.6173140954495006	0.6033172211164819	0.6294605226187131	0.5644171779141104	0.6014959123325796	0.6001427636666468	0.5956239870340356	0.5908795471223398	0.5916587608552871	0.5639097744360902	0.5565934306889444	0.5563086548488009	0.5453908544636361	0.6067805519053877	0.6004656016697438	1.0	0.6090519989072033	0.6164949688548155	0.5734144222415292	0.5303030303030303	0.6088596211308056	0.5895368877522655	0.5832953682611997	0.5285714285714286	0.5893319179990713	0.532258064516129	0.6120614713639512
ro	0.5463406292749657	0.5454545454545455	0.5651317409505048	0.5357142857142857	0.6171519112695583	0.6042315680166147	0.5789473684210527	0.5550333377366492	0.5835636783695697	0.5808347262849979	0.6053058865619066	0.5714285714285714	0.6161908375225268	0.5944262295081967	0.5853658536585366	0.5895953757225434	0.5860925099206349	0.5964368706429124	0.5874125874125874	0.5643564356435644	0.5573770491803278	0.6085165569999466	0.6120466321243523	0.6090519989072033	1.0	0.588352120971387	0.5882352941176471	0.5319148936170213	0.5926259981960974	0.6142236450949005	0.5853475365125793	0.5294117647058824	0.6050601666152422	0.5476190476190476	0.5838952492993984
ru	0.5202312138728323	0.5254237288135593	0.5386939631251156	0.5181529784984138	0.5869436421535955	0.6096575040423342	0.5645155803510682	0.6001775922984408	0.6153846153846154	0.611739106382194	0.595449751393702	0.5625	0.5862322751582356	0.6027605507281427	0.6057824690224873	0.5936753473524087	0.588189100047118	0.5464480874316939	0.5458516791850125	0.5492730210016156	0.5549374130737135	0.6021763602251406	0.6043373493975904	0.6164949688548155	0.588352120971387	1.0	0.5536153259303213	0.5277777777777778	0.59665709944285	0.5703497926285311	0.5956287065021278	0.5331916024448579	0.5804878048780487	0.5229885057471265	0.6079686374909993
sh	0.5694545454545455	0.5714285714285714	0.5645161290322581	0.5471698113207547	0.5882352941176471	0.5658743451765795	0.5747126436781609	0.5331114808652246	0.553072625698324	0.55	0.5790996910321091	0.5656565656565656	0.6030130935478782	0.5592741807569077	0.5502645502645502	0.5675847188729535	0.5684244731222727	0.609375	0.5970149253731343	0.5586739882041896	0.5569620253164557	0.5855986119144013	0.5782184620358894	0.5734144222415292	0.5882352941176471	0.5536153259303213	1.0	0.5573770491803278	0.579108635097493	0.622427551448971	0.54984375	0.5277777777777778	0.5858585858585859	0.5660377358490566	0.5658661361375587
si	0.5135135135135135	0.55	0.5208333333333334	0.5277777777777778	0.5376344086021506	0.5307692307692308	0.5333333333333333	0.5185185185185185	0.5266272189349113	0.5263157894736842	0.5327102803738317	0.5411764705882353	0.5421686746987951	0.5255474452554745	0.5280898876404494	0.5314685314685315	0.5348837209302326	0.5471698113207547	0.5454545454545455	0.543859649122807	0.5483870967741935	0.5327868852459017	0.5333333333333333	0.5303030303030303	0.5319148936170213	0.5277777777777778	0.5573770491803278	1.0	0.5353535353535354	0.5384615384615384	0.5257142857142857	0.5384615384615384	0.5333333333333333	0.5263157894736842	0.5342465753424658
simple	0.536333802156587	0.5425531914893617	0.5607310271168339	0.5274725274725275	0.6128041916535336	0.6148893799274354	0.5798319327731092	0.5602577738656299	0.5910316825227468	0.5889132688737251	0.6062742333450829	0.5801621958827199	0.6236659325766559	0.5903592171950723	0.5771022633404923	0.6015340182756498	0.5990963054841854	0.5754168552233091	0.5727411447680271	0.5656121681799781	0.5566265060240964	0.599130173965207	0.6053946053946054	0.6088596211308056	0.5926259981960974	0.59665709944285	0.579108635097493	0.5353535353535354	1.0	0.603147490206796	0.5755846595143065	0.53873480428902	0.6025009750390016	0.5384615384615384	0.611668270430165
sr	0.5552156177156178	0.5555555555555556	0.5567961541443747	0.5441176470588236	0.5933048433048433	0.5812169886404747	0.5918367346938775	0.54509635435769	0.5712465125891227	0.5643758696084278	0.5859837424039145	0.5740112994350283	0.6060673855653497	0.5707374476987448	0.5656565656565656	0.5786989534167863	0.5691105258686603	0.6061448982172208	0.5956354300385109	0.5676901887709633	0.5577740016992353	0.5866912790959434	0.5888354561996361	0.5895368877522655	0.6142236450949005	0.5703497926285311	0.622427551448971	0.5384615384615384	0.603147490206796	1.0	0.5610626486915147	0.5411764705882353	0.591812865497076	0.5588235294117647	0.5802388368664134
sv	0.5178571428571429	0.5294117647058824	0.5398044380943876	0.5178571428571429	0.58128078817734	0.5969006853347778	0.5625	0.5905885877229424	0.585820895522388	0.5793103448275861	0.5706760316066725	0.5615763546798029	0.575748552522746	0.5714285714285714	0.612435023290353	0.5975103734439834	0.5776829173065411	0.5480225988700566	0.5414364640883979	0.5434752267969295	0.5445562472853627	0.5859030837004405	0.591084110550184	0.5832953682611997	0.5853475365125793	0.5956287065021278	0.54984375	0.5257142857142857	0.5755846595143065	0.5610626486915147	1.0	0.5274725274725275	0.5756885661496154	0.5207100591715976	0.5826840506272352
te	0.5348837209302326	0.5416666666666666	0.5178571428571429	0.5476190476190476	0.5294117647058824	0.5367647058823529	0.5641025641025641	0.524390243902439	0.5284090909090908	0.5306122448979592	0.5258620689655172	0.603400987383434	0.5268817204301075	0.5390070921985816	0.5268817204301075	0.5369127516778524	0.5251798561151079	0.540983606557377	0.53125	0.6158357771260997	0.6093518393747474	0.5267175572519084	0.53125	0.5285714285714286	0.5294117647058824	0.5331916024448579	0.5277777777777778	0.5384615384615384	0.53873480428902	0.5411764705882353	0.5274725274725275	1.0	0.5306122448979592	0.5454545454545455	0.5256410256410257
vi	0.5443037974683544	0.5542168674698795	0.5622630213530234	0.5375	0.6066955135504442	0.5901514510533886	0.5871559633027523	0.5517241379310345	0.5824742268041238	0.5760602678571428	0.605972701456533	0.5737704918032787	0.5992008524240809	0.6000000000000001	0.5884441659486698	0.6024096385542168	0.5981459523552872	0.5959073532718686	0.5806451612903225	0.5555555555555556	0.5471698113207547	0.5933333333333333	0.5906040268456376	0.5893319179990713	0.6050601666152422	0.5804878048780487	0.5858585858585859	0.5333333333333333	0.6025009750390016	0.591812865497076	0.5756885661496154	0.5306122448979592	1.0	0.55	0.5948898352157008
war	0.625	0.5625	0.5384615384615384	0.5555555555555556	0.5411764705882353	0.5327868852459017	0.5625	0.5125000000000001	0.5246913580246914	0.5217391304347826	0.5367691079624826	0.5384615384615384	0.5540540540540541	0.53125	0.5232558139534884	0.5294117647058824	0.5327868852459017	0.5681818181818182	0.5909090909090909	0.5625	0.5454545454545455	0.5350877192982456	0.5357142857142857	0.532258064516129	0.5476190476190476	0.5229885057471265	0.5660377358490566	0.5263157894736842	0.5384615384615384	0.5588235294117647	0.5207100591715976	0.5454545454545455	0.55	1.0	0.5285714285714286
zh	0.5251798561151079	0.5314685314685315	0.5413198436422166	0.5214285714285714	0.598841012317699	0.617431244845141	0.5696969696969697	0.5869802555459904	0.6123927550047664	0.61914593067478	0.6027194399569198	0.5623659829267306	0.5972123346697141	0.6166646274317876	0.5917182294145644	0.6094922822279534	0.6251155054518573	0.5533333333333333	0.5543178185692836	0.5434588214253778	0.5426630833129733	0.6004873890242748	0.5937727406444021	0.6120614713639512	0.5838952492993984	0.6079686374909993	0.5658661361375587	0.5342465753424658	0.611668270430165	0.5802388368664134	0.5826840506272352	0.5256410256410257	0.5948898352157008	0.5285714285714286	1.0
