arz	bs	ceb	ckb	da	de	el	en	es	fr	he	hi	hu	id	it	ja	ko	lv	mk	ml	mr	nl	pl	pt	ro	ru	sh	si	simple	sr	sv	te	tr	vi	war	zh
arz	1.0	0.12729683913915313	0.14342762372277806	1.0	0.12729683913915313	0.12890399203517383	1.0	0.1365270594958143	0.13057680273413985	0.1327673435381234	1.0	1.0	0.12706116049625688	0.12849622184722817	0.14285714285714285	1.0	1.0	0.12849622184722817	1.0	1.0	1.0	0.12729683913915313	0.12729683913915313	0.24257131419419417	0.12690480173057767	1.0	0.24336073281110826	1.0	0.14285714285714285	1.0	0.13231996486433337	1.0	0.585786437626905	0.12890399203517383	1.0	0.39564392373896007
bs	0.12729683913915313	1.0	0.09991457476182676	0.010426007048579952	0.10023303071521739	0.08634046074567603	0.010426007048579952	0.06215435848826449	0.06770894743205134	0.06400751159246663	0.010426007048579952	0.010695753993569737	0.041914337711630195	0.0863002008493863	0.1229343903235676	0.010426007048579952	0.010426007048579952	0.05169494146324587	0.010426007048579952	0.010426007048579952	0.010426007048579952	0.11653174048113622	0.09729972999153959	0.06348089991519576	0.10065178485922521	0.010426007048579952	0.06055767886118816	0.038964458251780305	0.11694377047508725	0.010426007048579952	0.07322416994824137	0.013346164728210284	0.10927554679950735	0.07219304220323501	0.010429188966809142	0.07895560243293831
ceb	0.14342762372277806	0.09991457476182676	1.0	0.010780443992829992	0.09151866627300935	0.07775281104556453	0.010164595680134897	0.05887450504086575	0.06312138226121032	0.06000437125620913	0.010597363807825692	0.011064475406217937	0.04146252593202062	0.07717647944074348	0.10453712883132656	0.010164595680134897	0.010164595680134895	0.05272084015157727	0.010780443992829992	0.010780443992829992	0.010780443992829992	0.10228057004904827	0.08628009267322809	0.06145905050128059	0.08969465223819405	0.010164595680134895	0.06066607198658527	0.040590789961113774	0.10114179575089072	0.010597363807825692	0.067880995356936	0.013592588043401585	-1.0	0.06765189517564466	0.010783347373943633	0.07538771222188984
ckb	1.0	0.010426007048579952	0.010780443992829992	1.0	0.010488603412295818	0.010605794016793442	1.0	0.011069272475246755	0.010925828568471239	0.011024741774838965	1.0	1.0	0.012652753442927496	0.010608608576441567	0.010377484483785015	1.0	1.0	0.011590705875575763	1.0	1.0	1.0	0.010400713024264726	0.010506920199539464	0.011618374647542215	0.010487631805856486	1.0	0.011690850767509612	1.0	0.010399576291143395	1.0	0.010802677197711249	1.0	1.0	0.010818216179426918	0.3203772410170407	0.010989793766042153
da	0.12729683913915313	0.10023303071521739	0.09151866627300935	0.010488603412295818	1.0	0.08086447124137355	0.010400713024264726	0.060981198008021084	0.0652195460317749	0.06183476383316121	0.010400713024264726	0.010759606951606136	0.041746142692038364	0.08076595115128335	0.10691732003624685	0.010400713024264726	0.010400713024264726	0.05150027633924265	0.010488603412295818	0.010488603412295816	0.010488603412295816	0.10349558588618975	0.0888458796351457	0.06249719986832625	0.09149454873596784	0.010400713024264726	0.06000940676973039	0.03915046592948995	0.10377967490555486	0.010400713024264726	0.06978304815427328	0.013287129257620989	0.22772999919644132	0.06904315049040827	0.010491645843716379	0.07694867631853146
de	0.12890399203517383	0.08634046074567603	0.07775281104556453	0.010605794016793442	0.08086447124137355	1.0	0.009630831146979862	0.053535931155086466	0.05741859229747023	0.05427924236165184	0.010427725371409732	0.01087888187844163	0.0388940318427967	0.06853340886198311	0.08888993317600201	0.010012819303695882	0.009486528108671516	0.0511296492647681	0.010605794016793442	0.010605794016793442	0.010605794016793443	0.08724115306866304	0.07664098822315035	0.060447228750125065	0.07940889553057168	0.00985459194870959	0.05940342529497946	0.039649179566499604	0.08717881601595062	0.010427725371409732	0.060235763127572534	0.013292283306797985	0.2025519956555797	0.06313674029391761	0.010609144060227067	0.07054780218123108
el	1.0	0.010426007048579952	0.010164595680134897	1.0	0.010400713024264726	0.009630831146979862	1.0	0.010053115219287803	0.00992229866754258	0.010014509739395558	1.0	1.0	0.011676192920100806	0.0097132075080616	0.010206766285143599	1.0	1.0	0.011590705875575763	1.0	1.0	1.0	0.010313709599995792	0.010000673468930393	0.011136863062500628	0.010145024408152509	1.0	0.011690850767509612	1.0	0.010142212667536541	1.0	0.00981043102443279	1.0	0.585786437626905	0.01030043301871027	0.3203772410170407	0.010321478103224731
en	0.1365270594958143	0.06215435848826449	0.05887450504086575	0.011069272475246755	0.060981198008021084	0.053535931155086466	0.010053115219287803	1.0	0.04976535197225994	0.04149659170270049	0.010888005124673139	0.011355975375143997	0.04026286511574917	0.052694319527693816	0.06183476383316121	0.010294916274476412	0.009019233207244985	0.04966920422951866	0.011069272475246755	0.011069272475246755	0.011069272475246755	0.06243448707978556	0.05808494313798098	0.05652021908828779	0.059421644488760895	0.010290325775936445	0.05752387529733045	0.041491664302875285	0.06138580919147058	0.010888005124673137	0.04701840501281602	0.013872616154036345	0.08439187003879255	0.054115594788521605	0.011072154606406408	0.05809511087003256
es	0.13057680273413985	0.06770894743205134	0.06312138226121032	0.010925828568471239	0.0652195460317749	0.05741859229747023	0.00992229866754258	0.04976535197225994	1.0	0.050474032877647186	0.010742857237416224	0.011210220887620484	0.04025897622896973	0.05749916652005185	0.06770894743205134	0.010316482044406886	0.009768899616854823	0.05043148987356488	0.010925828568471239	0.010925828568471239	0.010925828568471239	0.06741575731803057	0.062205671588076154	0.0580782517035445	0.06407170281509529	0.010155413018142715	0.05820281643422234	0.0407074771909408	0.06691422075236239	0.010742857237416224	0.05343423843673295	0.013686050525950264	0.2553967929896867	0.05634189882993795	0.010929269207824844	0.06192974791050395
fr	0.1327673435381234	0.06400751159246663	0.06000437125620913	0.011024741774838965	0.06183476383316121	0.05427924236165184	0.010014509739395558	0.04149659170270049	0.050474032877647186	1.0	0.010841973450845213	0.011310577710209524	0.040140911311600885	0.05400574347354282	0.06351662997632877	0.010251281599031327	0.009110432657464739	0.04950777630390815	0.011024741774838965	0.011024741774838965	0.011024741774838965	0.06407170281509529	0.05910530433460394	0.05784340705302026	0.060490110904113076	0.01025146301263916	0.05810743017455125	0.04097977882553195	0.06279393134187965	0.010841973450845213	0.047470980159984556	0.013803648055912745	0.16138845605041385	0.0541635697742098	0.011028277092903542	0.05819486042883533
he	1.0	0.010426007048579952	0.010597363807825692	1.0	0.010400713024264726	0.010427725371409732	1.0	0.010888005124673139	0.010742857237416224	0.010841973450845213	1.0	1.0	0.01244466183486602	0.010433459277716408	0.010206766285143599	1.0	1.0	0.011590705875575763	1.0	1.0	1.0	0.010400713024264726	0.010330563659143885	0.011420087350871525	0.010313340110183537	1.0	0.011690850767509612	1.0	0.010226879126567232	1.0	0.01062210945701019	1.0	1.0	0.010640326651423622	0.3203772410170407	0.010786465093738823
hi	1.0	0.010695753993569737	0.011064475406217937	1.0	0.010759606951606136	0.01087888187844163	1.0	0.011355975375143997	0.011210220887620484	0.011310577710209524	1.0	1.0	0.012972611998360238	0.010880183790201853	0.01064682658084397	1.0	1.0	0.011890841788578493	1.0	1.0	1.0	0.010669466215031878	0.010780655088245442	0.011933466603610407	0.010758767597702066	1.0	0.012023486051947347	1.0	0.010667625167080542	1.0	0.011082324727152353	1.0	0.585786437626905	0.011100261037152118	0.3203772410170407	0.01127658369755165
hu	0.12706116049625688	0.041914337711630195	0.04146252593202062	0.012652753442927496	0.041746142692038364	0.0388940318427967	0.011676192920100806	0.04026286511574917	0.04025897622896973	0.040140911311600885	0.01244466183486602	0.012972611998360238	1.0	0.03945580559309889	0.04097999585957035	0.012149478998701084	0.011411183794333531	0.04681083689156446	0.012652753442927496	0.012652753442927496	0.012652753442927496	0.04144127799365699	0.04083914514863038	0.0517203979048449	0.04078847460780791	0.011957475004976419	0.053134802316689746	0.0412576995867245	0.040822909743348096	0.01244466183486602	0.039196925074314166	0.01584734153840977	1.0	0.04218958712840817	0.012656717993849974	0.04506392607896228
id	0.12849622184722817	0.0863002008493863	0.07717647944074348	0.010608608576441567	0.08076595115128335	0.06853340886198311	0.0097132075080616	0.052694319527693816	0.05749916652005185	0.05400574347354282	0.010433459277716408	0.010880183790201853	0.03945580559309889	1.0	0.08770254755245277	0.009940933306773815	0.009422962589635852	0.051283423467196776	0.010608608576441567	0.010608608576441567	0.010608608576441567	0.0873871444904793	0.07661312081394497	0.060202657006472614	0.0790076454828965	0.009864110013336919	0.05948814054859802	0.0397033788439994	0.08603991985018138	0.010433459277716408	0.059319851986656257	0.013299429638896715	0.1991696127120112	0.06293036861763329	0.010612165557253651	0.06948170990982255
it	0.14285714285714285	0.1229343903235676	0.10453712883132656	0.010377484483785015	0.10691732003624685	0.08888993317600201	0.010206766285143599	0.06183476383316121	0.06770894743205134	0.06351662997632877	0.010206766285143599	0.01064682658084397	0.04097999585957035	0.08770254755245277	1.0	0.010123119908158484	0.010123119908158484	0.05181198603280565	0.010377484483785015	0.010377484483785015	0.010377484483785015	0.1313290737847545	0.10262317748494576	0.06286600456722426	0.105990786995564	0.010206766285143599	0.06070665983040098	0.03877100267634341	0.1295056520017113	0.010206766285143599	0.07333344612229231	0.013010378223865231	0.17352916165899013	0.07262607669001658	0.010380430880964926	0.07996039139874529
ja	1.0	0.010426007048579952	0.010164595680134897	1.0	0.010400713024264726	0.010012819303695882	1.0	0.010294916274476412	0.010316482044406886	0.010251281599031327	1.0	1.0	0.012149478998701084	0.009940933306773815	0.010123119908158484	1.0	1.0	0.011590705875575763	1.0	1.0	1.0	0.010313709599995792	0.010000673468930393	0.011136863062500628	0.010228320327589828	1.0	0.011690850767509612	1.0	0.010142212667536541	1.0	0.01011927942952257	1.0	0.38742588672279304	0.01030043301871027	0.3203772410170407	0.01016760312991484
ko	1.0	0.010426007048579952	0.010164595680134895	1.0	0.010400713024264726	0.009486528108671516	1.0	0.009019233207244985	0.009768899616854823	0.009110432657464739	1.0	1.0	0.011411183794333531	0.009422962589635852	0.010123119908158484	1.0	1.0	0.011590705875575763	1.0	1.0	1.0	0.010313709599995792	0.010000673468930393	0.011048359804901127	0.01014502440815251	1.0	0.011690850767509612	1.0	0.010142212667536541	1.0	0.009046752387680393	1.0	0.4142135623730951	0.01030043301871027	0.3203772410170407	0.010246387081795772
lv	0.12849622184722817	0.05169494146324587	0.05272084015157727	0.011590705875575763	0.05150027633924265	0.0511296492647681	0.011590705875575763	0.04966920422951866	0.05043148987356488	0.04950777630390815	0.011590705875575763	0.011890841788578493	0.04681083689156446	0.051283423467196776	0.05181198603280565	0.011590705875575763	0.011590705875575763	1.0	0.011590705875575763	0.011590705875575763	0.01159070587557576	0.05164918012769153	0.05117401797380629	0.05673799465891456	0.0515291271694469	0.011590705875575763	0.05557016326274405	0.04330743744224748	0.051875022422263856	0.011590705875575763	0.05031601760523872	0.014835071640629617	0.28172904669025317	0.05061403448936804	0.011594816650864603	0.0546622666895758
mk	1.0	0.010426007048579952	0.010780443992829992	1.0	0.010488603412295818	0.010605794016793442	1.0	0.011069272475246755	0.010925828568471239	0.011024741774838965	1.0	1.0	0.012652753442927496	0.010608608576441567	0.010377484483785015	1.0	1.0	0.011590705875575763	1.0	1.0	1.0	0.010400713024264726	0.010506920199539464	0.011618374647542215	0.010487631805856486	1.0	0.011690850767509612	1.0	0.010399576291143397	1.0	0.010802677197711249	1.0	0.585786437626905	0.010818216179426918	0.3203772410170407	0.010989793766042153
ml	1.0	0.010426007048579952	0.010780443992829992	1.0	0.010488603412295816	0.010605794016793442	1.0	0.011069272475246755	0.010925828568471239	0.011024741774838965	1.0	1.0	0.012652753442927496	0.010608608576441567	0.010377484483785015	1.0	1.0	0.011590705875575763	1.0	1.0	1.0	0.010400713024264725	0.010506920199539464	0.011618374647542215	0.010487631805856485	1.0	0.011690850767509612	1.0	0.010399576291143395	1.0	0.010802677197711249	1.0	0.44948974278317805	0.010818216179426918	0.3203772410170407	0.010989793766042153
mr	1.0	0.010426007048579952	0.010780443992829992	1.0	0.010488603412295816	0.010605794016793443	1.0	0.011069272475246755	0.010925828568471239	0.011024741774838965	1.0	1.0	0.012652753442927496	0.010608608576441567	0.010377484483785015	1.0	1.0	0.01159070587557576	1.0	1.0	1.0	0.010400713024264725	0.010506920199539466	0.011618374647542215	0.010487631805856485	1.0	0.011690850767509612	1.0	0.010399576291143395	1.0	0.010802677197711249	1.0	1.0	0.010818216179426918	0.3203772410170407	0.010989793766042153
nl	0.12729683913915313	0.11653174048113622	0.10228057004904827	0.010400713024264726	0.10349558588618975	0.08724115306866304	0.010313709599995792	0.06243448707978556	0.06741575731803057	0.06407170281509529	0.010400713024264726	0.010669466215031878	0.04144127799365699	0.0873871444904793	0.1313290737847545	0.010313709599995792	0.010313709599995792	0.05164918012769153	0.010400713024264726	0.010400713024264725	0.010400713024264725	1.0	0.09959924551086388	0.0632768878015418	0.10328410181963277	0.010313709599995792	0.06056753432254669	0.038791229015869066	0.12441573637048671	0.010400713024264726	0.07323628699210602	0.013319341473957838	0.06664118383455092	0.07227435822570234	0.010404064188962892	0.07993784415076896
pl	0.12729683913915313	0.09729972999153959	0.08628009267322809	0.010506920199539464	0.0888458796351457	0.07664098822315035	0.010000673468930393	0.05808494313798098	0.062205671588076154	0.05910530433460394	0.010330563659143885	0.010780655088245442	0.04083914514863038	0.07661312081394497	0.10262317748494576	0.010000673468930393	0.010000673468930393	0.05117401797380629	0.010506920199539464	0.010506920199539464	0.010506920199539466	0.09959924551086388	1.0	0.06110883116669686	0.08797876715845639	0.010000673468930393	0.06018290787729165	0.03936034194615578	0.10010526977837889	0.010330563659143885	0.06685004233207992	0.013176014751231563	0.2449655295864104	0.06634333065518007	0.010510177065735102	0.07481428365883064
pt	0.24257131419419417	0.06348089991519576	0.06145905050128059	0.011618374647542215	0.06249719986832625	0.060447228750125065	0.011136863062500628	0.05652021908828779	0.0580782517035445	0.05784340705302026	0.011420087350871525	0.011933466603610407	0.0517203979048449	0.060202657006472614	0.06286600456722426	0.011136863062500628	0.011048359804901127	0.05673799465891456	0.011618374647542215	0.011618374647542215	0.011618374647542215	0.0632768878015418	0.06110883116669686	1.0	0.061938248378441904	0.011136863062500628	0.06946163330513885	0.040701618573102526	0.062394351930626424	0.011420087350871525	0.05860256987312861	0.014731367747362714	0.22753715570049485	0.058850501007838674	0.011622303475473947	0.06676746652631266
ro	0.12690480173057767	0.10065178485922521	0.08969465223819405	0.010487631805856486	0.09149454873596784	0.07940889553057168	0.010145024408152509	0.059421644488760895	0.06407170281509529	0.060490110904113076	0.010313340110183537	0.010758767597702066	0.04078847460780791	0.0790076454828965	0.105990786995564	0.010228320327589828	0.01014502440815251	0.0515291271694469	0.010487631805856486	0.010487631805856485	0.010487631805856485	0.10328410181963277	0.08797876715845639	0.061938248378441904	1.0	0.01014502440815251	0.06001220633214098	0.03931809302976717	0.10258875580802305	0.010313340110183537	0.06823891030370513	0.013134871549441391	0.5	0.06822916054872381	0.010491068021695268	0.07595558885162643
ru	1.0	0.010426007048579952	0.010164595680134895	1.0	0.010400713024264726	0.00985459194870959	1.0	0.010290325775936445	0.010155413018142715	0.01025146301263916	1.0	1.0	0.011957475004976419	0.009864110013336919	0.010206766285143599	1.0	1.0	0.011590705875575763	1.0	1.0	1.0	0.010313709599995792	0.010000673468930393	0.011136863062500628	0.01014502440815251	1.0	0.011690850767509612	1.0	0.010142212667536541	1.0	0.01004065141210481	1.0	0.23371479611805132	0.01030043301871027	0.3203772410170407	0.010321478103224731
sh	0.24336073281110826	0.06055767886118816	0.06066607198658527	0.011690850767509612	0.06000940676973039	0.05940342529497946	0.011690850767509612	0.05752387529733045	0.05820281643422234	0.05810743017455125	0.011690850767509612	0.012023486051947347	0.053134802316689746	0.05948814054859802	0.06070665983040098	0.011690850767509612	0.011690850767509612	0.05557016326274405	0.011690850767509612	0.011690850767509612	0.011690850767509612	0.06056753432254669	0.06018290787729165	0.06946163330513885	0.06001220633214098	0.011690850767509612	1.0	0.040831103925491795	0.06053396249959058	0.011690850767509612	0.0586452752502429	0.015161237058183591	0.44948974278317805	0.05869608896425958	0.011694853899099003	0.06583621892648367
si	1.0	0.038964458251780305	0.040590789961113774	1.0	0.03915046592948995	0.039649179566499604	1.0	0.041491664302875285	0.0407074771909408	0.04097977882553195	1.0	1.0	0.0412576995867245	0.0397033788439994	0.03877100267634341	1.0	1.0	0.04330743744224748	1.0	1.0	1.0	0.038791229015869066	0.03936034194615578	0.040701618573102526	0.03931809302976717	1.0	0.040831103925491795	1.0	0.03890305024876976	1.0	0.04030346607699879	1.0	1.0	0.04038329253843079	0.585786437626905	0.0490295198568591
simple	0.14285714285714285	0.11694377047508725	0.10114179575089072	0.010399576291143395	0.10377967490555486	0.08717881601595062	0.010142212667536541	0.06138580919147058	0.06691422075236239	0.06279393134187965	0.010226879126567232	0.010667625167080542	0.040822909743348096	0.08603991985018138	0.1295056520017113	0.010142212667536541	0.010142212667536541	0.051875022422263856	0.010399576291143397	0.010399576291143395	0.010399576291143395	0.12441573637048671	0.10010526977837889	0.062394351930626424	0.10258875580802305	0.010142212667536541	0.06053396249959058	0.03890305024876976	1.0	0.010226879126567232	0.07237932283760713	0.01303499246070196	0.21694123116580796	0.07140627757723925	0.010402926352971572	0.07969754635522465
sr	1.0	0.010426007048579952	0.010597363807825692	1.0	0.010400713024264726	0.010427725371409732	1.0	0.010888005124673137	0.010742857237416224	0.010841973450845213	1.0	1.0	0.01244466183486602	0.010433459277716408	0.010206766285143599	1.0	1.0	0.011590705875575763	1.0	1.0	1.0	0.010400713024264726	0.010330563659143885	0.011420087350871525	0.010313340110183537	1.0	0.011690850767509612	1.0	0.010226879126567232	1.0	0.01062210945701019	1.0	0.4142135623730951	0.010640326651423622	0.3203772410170407	0.010786465093738823
sv	0.13231996486433337	0.07322416994824137	0.067880995356936	0.010802677197711249	0.06978304815427328	0.060235763127572534	0.00981043102443279	0.04701840501281602	0.05343423843673295	0.047470980159984556	0.01062210945701019	0.011082324727152353	0.039196925074314166	0.059319851986656257	0.07333344612229231	0.01011927942952257	0.009046752387680393	0.05031601760523872	0.010802677197711249	0.010802677197711249	0.010802677197711249	0.07323628699210602	0.06685004233207992	0.05860256987312861	0.06823891030370513	0.01004065141210481	0.0586452752502429	0.04030346607699879	0.07237932283760713	0.01062210945701019	1.0	0.013517267448277128	0.3288130902060995	0.05850603214639824	0.010805786649955676	0.06399929594864166
te	1.0	0.013346164728210284	0.013592588043401585	1.0	0.013287129257620989	0.013292283306797985	1.0	0.013872616154036345	0.013686050525950264	0.013803648055912745	1.0	1.0	0.01584734153840977	0.013299429638896715	0.013010378223865231	1.0	1.0	0.014835071640629617	1.0	1.0	1.0	0.013319341473957838	0.013176014751231563	0.014731367747362714	0.013134871549441391	1.0	0.015161237058183591	1.0	0.01303499246070196	1.0	0.013517267448277128	1.0	0.585786437626905	0.013556243039083026	0.3660254037844386	0.013970894019886998
tr	0.585786437626905	0.10927554679950735	-1.0	1.0	0.22772999919644132	0.2025519956555797	0.585786437626905	0.08439187003879255	0.2553967929896867	0.16138845605041385	1.0	0.585786437626905	1.0	0.1991696127120112	0.17352916165899013	0.38742588672279304	0.4142135623730951	0.28172904669025317	0.585786437626905	0.44948974278317805	1.0	0.06664118383455092	0.2449655295864104	0.22753715570049485	0.5	0.23371479611805132	0.44948974278317805	1.0	0.21694123116580796	0.4142135623730951	0.3288130902060995	0.585786437626905	1.0	0.38742588672279304	1.0	0.3090169943749474
vi	0.12890399203517383	0.07219304220323501	0.06765189517564466	0.010818216179426918	0.06904315049040827	0.06313674029391761	0.01030043301871027	0.054115594788521605	0.05634189882993795	0.0541635697742098	0.010640326651423622	0.011100261037152118	0.04218958712840817	0.06293036861763329	0.07262607669001658	0.01030043301871027	0.01030043301871027	0.05061403448936804	0.010818216179426918	0.010818216179426918	0.010818216179426918	0.07227435822570234	0.06634333065518007	0.058850501007838674	0.06822916054872381	0.01030043301871027	0.05869608896425958	0.04038329253843079	0.07140627757723925	0.010640326651423622	0.05850603214639824	0.013556243039083026	0.38742588672279304	1.0	0.010821555757944317	0.06442520464192975
war	1.0	0.010429188966809142	0.010783347373943633	0.3203772410170407	0.010491645843716379	0.010609144060227067	0.3203772410170407	0.011072154606406408	0.010929269207824844	0.011028277092903542	0.3203772410170407	0.3203772410170407	0.012656717993849974	0.010612165557253651	0.010380430880964926	0.3203772410170407	0.3203772410170407	0.011594816650864603	0.3203772410170407	0.3203772410170407	0.3203772410170407	0.010404064188962892	0.010510177065735102	0.011622303475473947	0.010491068021695268	0.3203772410170407	0.011694853899099003	0.585786437626905	0.010402926352971572	0.3203772410170407	0.010805786649955676	0.3660254037844386	1.0	0.010821555757944317	1.0	0.010993334127713413
zh	0.39564392373896007	0.07895560243293831	0.07538771222188984	0.010989793766042153	0.07694867631853146	0.07054780218123108	0.010321478103224731	0.05809511087003256	0.06192974791050395	0.05819486042883533	0.010786465093738823	0.01127658369755165	0.04506392607896228	0.06948170990982255	0.07996039139874529	0.01016760312991484	0.010246387081795772	0.0546622666895758	0.010989793766042153	0.010989793766042153	0.010989793766042153	0.07993784415076896	0.07481428365883064	0.06676746652631266	0.07595558885162643	0.010321478103224731	0.06583621892648367	0.0490295198568591	0.07969754635522465	0.010786465093738823	0.06399929594864166	0.013970894019886998	0.3090169943749474	0.06442520464192975	0.010993334127713413	1.0
