arz	bs	ceb	ckb	da	de	el	en	es	fr	he	hi	hu	id	it	ja	ko	lv	mk	ml	mr	nl	pl	pt	ro	ru	sh	si	simple	sr	sv	te	vi	war	zh
arz	1.0	0.38636363636363635	0.3125	0.2727272727272727	0.19047619047619047	0.11428571428571428	0.28627450980392155	0.1111111111111111	0.13793103448275862	0.11534839924670433	0.21052631578947367	0.16666666666666666	0.24084967320261438	0.2857142857142857	0.15384615384615385	0.1491862567811935	0.2222222222222222	0.2857142857142857	0.36363636363636365	0.35964912280701755	0.375	0.1738888888888889	0.19047619047619047	0.2300347222222222	0.2747311827956989	0.1392363396971692	0.3421052631578947	0.0625	0.3076923076923077	0.3076923076923077	0.14814814814814814	0.0625	0.2378472222222222	0.3888888888888889	0.19047619047619047
bs	0.38636363636363635	1.0	0.22727272727272727	0.4453227931488801	0.3108178053830228	0.16607142857142856	0.43666666666666665	0.15962709284627094	0.22271302365346252	0.16125235404896424	0.3275171624713959	0.18951048951048952	0.4126766985864113	0.42126623376623373	0.239787049109083	0.2305194805194805	0.4153116531165312	0.4056776556776557	0.4736286919831224	0.3729763387297634	0.2803030303030303	0.24688172043010753	0.2991388044579534	0.3486590038314177	0.4686084142394822	0.20100426049908704	0.5654761904761905	0.045454545454545456	0.39511754068716093	0.500999000999001	0.22074915824915825	0.045454545454545456	0.33964646464646464	0.36363636363636365	0.31304112554112556
ceb	0.3125	0.22727272727272727	0.5	0.2777777777777778	0.11904761904761904	0.07142857142857142	0.16666666666666666	0.06944444444444445	0.08620689655172414	0.06944444444444445	0.13157894736842105	0.14285714285714285	0.14705882352941177	0.17857142857142858	0.09615384615384616	0.08928571428571429	0.1388888888888889	0.17857142857142858	0.22727272727272727	0.35714285714285715	0.4166666666666667	0.1	0.11904761904761904	0.1388888888888889	0.16666666666666666	0.08064516129032258	0.20833333333333334	0.1	0.19230769230769232	0.19230769230769232	0.09259259259259259	0.1	0.1388888888888889	0.3125	0.11904761904761904
ckb	0.2727272727272727	0.4453227931488801	0.2777777777777778	1.0	0.22564935064935063	0.12857142857142856	0.31785714285714284	0.13109756097560976	0.1621168582375479	0.1290650406504065	0.23684210526315788	0.2222222222222222	0.26996904024767804	0.33531746031746035	0.18479567307692307	0.16071428571428573	0.2722222222222222	0.34316770186335405	0.3333333333333333	0.45707070707070707	0.25	0.19219512195121952	0.22564935064935063	0.2572463768115942	0.32307692307692304	0.14516129032258066	0.38306451612903225	0.05555555555555555	0.30357142857142855	0.37841191066997515	0.16666666666666666	0.05555555555555555	0.2635135135135135	0.35	0.22163865546218486
da	0.19047619047619047	0.3108178053830228	0.11904761904761904	0.22564935064935063	1.0	0.3	0.33647450110864746	0.299561403508772	0.3166556945358789	0.30527210884353745	0.3	0.09523809523809523	0.4127435064935065	0.30339105339105343	0.33008166969147007	0.32575757575757575	0.3785278413424866	0.35374149659863946	0.2794486215538847	0.23188405797101447	0.14285714285714285	0.328781512605042	0.38204225352112675	0.334005376344086	0.36415882967607105	0.37818336162988114	0.32788296041308085	0.023809523809523808	0.2818181818181818	0.34523809523809523	0.3738095238095238	0.023809523809523808	0.38061297220242335	0.19047619047619047	0.33653846153846156
de	0.11428571428571428	0.16607142857142856	0.07142857142857142	0.12857142857142856	0.3	1.0	0.2300751879699248	0.4176455728179866	0.3136363636363636	0.42275641025641025	0.2714285714285714	0.05714285714285714	0.258008658008658	0.21333333333333335	0.37436974789915967	0.383130081300813	0.2398705096073517	0.2	0.1641851106639839	0.1	0.08571428571428572	0.3395061728395061	0.2898259705488621	0.24537037037037035	0.22371967654986522	0.3972110408280621	0.17142857142857143	0.014285714285714285	0.1930672268907563	0.19265873015873017	0.3611111111111111	0.014285714285714285	0.2561111111111111	0.11428571428571428	0.28634920634920635
el	0.28627450980392155	0.43666666666666665	0.16666666666666666	0.31785714285714284	0.33647450110864746	0.2300751879699248	1.0	0.22333333333333333	0.26762969866418146	0.21450617283950618	0.382051282051282	0.1435374149659864	0.38178780284043445	0.4724264705882353	0.31951743908265645	0.2930672268907563	0.4703856749311295	0.43084016393442626	0.34191176470588236	0.2492063492063492	0.2	0.3061728395061728	0.39511754068716093	0.41297550807712347	0.4507739938080495	0.2639135058489897	0.4597826086956522	0.03333333333333333	0.38992537313432835	0.3890845070422535	0.2914764079147641	0.03333333333333333	0.381578947368421	0.26666666666666666	0.3965367965367965
en	0.1111111111111111	0.15962709284627094	0.06944444444444445	0.13109756097560976	0.299561403508772	0.4176455728179866	0.22333333333333333	1.0	0.30189951669101944	0.4605759682224429	0.27732974910394265	0.05555555555555555	0.26197318007662834	0.2026862026862027	0.39355385920271413	0.38264264264264264	0.2490430344507598	0.20032679738562092	0.1583957553058677	0.10012919896640828	0.08333333333333333	0.3525413711583924	0.299561403508772	0.24146681893160768	0.2153755868544601	0.3890789473684211	0.17145135566188197	0.013888888888888888	0.18917624521072796	0.1861421477343265	0.3344722302995057	0.013888888888888888	0.26955307262569833	0.1111111111111111	0.2998998998998999
es	0.13793103448275862	0.22271302365346252	0.08620689655172414	0.1621168582375479	0.3166556945358789	0.3136363636363636	0.26762969866418146	0.30189951669101944	1.0	0.31607473969476535	0.27419354838709675	0.06896551724137931	0.3174090038314176	0.2524904214559387	0.33129543952412427	0.33280423280423277	0.30069444444444443	0.21666666666666667	0.1896551724137931	0.14017017465293327	0.10344827586206896	0.3341392649903288	0.3166556945358789	0.29562841530054645	0.3077278325123153	0.38095238095238093	0.2199400299850075	0.017241379310344827	0.23016202742002492	0.22988505747126436	0.3407707910750507	0.017241379310344827	0.29432234432234433	0.13793103448275862	0.30006720430107525
fr	0.11534839924670433	0.16125235404896424	0.06944444444444445	0.1290650406504065	0.30527210884353745	0.42275641025641025	0.21450617283950618	0.4605759682224429	0.31607473969476535	1.0	0.2706916099773243	0.05555555555555555	0.2621527777777778	0.19444444444444445	0.3831375428291728	0.3728435882691202	0.23993381136238282	0.20225694444444445	0.16013071895424838	0.10894097222222222	0.08333333333333333	0.3757936507936508	0.29837807606263983	0.23547685616651134	0.22009803921568627	0.3717132124775437	0.16964285714285712	0.013888888888888888	0.18055555555555555	0.18417874396135264	0.3361416130253692	0.013888888888888888	0.2534965034965035	0.1111111111111111	0.2872194228126432
he	0.21052631578947367	0.3275171624713959	0.13157894736842105	0.23684210526315788	0.3	0.2714285714285714	0.382051282051282	0.27732974910394265	0.27419354838709675	0.2706916099773243	1.0	0.10526315789473684	0.38784461152882205	0.4029038112522686	0.35333333333333333	0.34854497354497355	0.416988416988417	0.2961309523809524	0.2894736842105263	0.18421052631578946	0.15789473684210525	0.38	0.40802675585284276	0.435752688172043	0.36666666666666664	0.2875791139240506	0.33959899749373434	0.02631578947368421	0.3715170278637771	0.3599624060150376	0.35185185185185186	0.02631578947368421	0.3890168970814132	0.21052631578947367	0.40574942791762014
hi	0.16666666666666666	0.18951048951048952	0.14285714285714285	0.2222222222222222	0.09523809523809523	0.05714285714285714	0.1435374149659864	0.05555555555555555	0.06896551724137931	0.05555555555555555	0.10526315789473684	1.0	0.11764705882352941	0.14285714285714285	0.07692307692307693	0.07142857142857142	0.1111111111111111	0.14285714285714285	0.125	0.2857142857142857	0.125	0.08	0.09523809523809523	0.1111111111111111	0.14180790960451978	0.06451612903225806	0.16666666666666666	0.125	0.10714285714285714	0.15384615384615385	0.07407407407407407	0.125	0.1111111111111111	0.16666666666666666	0.0991140642303433
hu	0.24084967320261438	0.4126766985864113	0.14705882352941177	0.26996904024767804	0.4127435064935065	0.258008658008658	0.38178780284043445	0.26197318007662834	0.3174090038314176	0.2621527777777778	0.38784461152882205	0.11764705882352941	1.0	0.4087301587301587	0.32675314908817443	0.2916848537756438	0.4445364238410596	0.33094098883572565	0.3735294117647059	0.23681018799272285	0.17647058823529413	0.3249336870026525	0.38482280431432975	0.42314814814814816	0.45042735042735044	0.29372479838709675	0.4124649859943978	0.029411764705882353	0.35275080906148865	0.41092436974789914	0.2947232947232947	0.029411764705882353	0.4631087063453025	0.23529411764705882	0.34836769759450176
id	0.2857142857142857	0.42126623376623373	0.17857142857142858	0.33531746031746035	0.30339105339105343	0.21333333333333335	0.4724264705882353	0.2026862026862027	0.2524904214559387	0.19444444444444445	0.4029038112522686	0.14285714285714285	0.4087301587301587	1.0	0.2794348508634223	0.27	0.4219077568134172	0.3869047619047619	0.43541033434650456	0.2616279069767442	0.2315270935960591	0.28	0.3494623655913978	0.4382716049382716	0.5037037037037038	0.22580645161290322	0.47523809523809524	0.03571428571428571	0.4642857142857143	0.4842857142857143	0.25925925925925924	0.03571428571428571	0.4070707070707071	0.2857142857142857	0.35666666666666663
it	0.15384615384615385	0.239787049109083	0.09615384615384616	0.18479567307692307	0.33008166969147007	0.37436974789915967	0.31951743908265645	0.39355385920271413	0.33129543952412427	0.3831375428291728	0.35333333333333333	0.07692307692307693	0.32675314908817443	0.2794348508634223	1.0	0.41832460732984295	0.3566996315687415	0.24074074074074073	0.2221018418201517	0.1457264957264957	0.11538461538461539	0.4239593188268685	0.32002224694104564	0.2968874700718276	0.28542204995693365	0.35675381263616557	0.2577153385536619	0.019230769230769232	0.2644927536231884	0.26048951048951047	0.3349743150684932	0.019230769230769232	0.29242569511025884	0.15384615384615385	0.40215003138731953
ja	0.1491862567811935	0.2305194805194805	0.08928571428571429	0.16071428571428573	0.32575757575757575	0.383130081300813	0.2930672268907563	0.38264264264264264	0.33280423280423277	0.3728435882691202	0.34854497354497355	0.07142857142857142	0.2916848537756438	0.27	0.41832460732984295	1.0	0.31245828698553946	0.22969348659003833	0.20673784977908688	0.1304945054945055	0.10714285714285714	0.4231388978407992	0.33042813455657494	0.32411120021384654	0.2566464859173467	0.35980629539951575	0.23428571428571426	0.017857142857142856	0.24827188940092165	0.24234693877551022	0.359375	0.017857142857142856	0.27637540453074433	0.14285714285714285	0.3843012704174229
ko	0.2222222222222222	0.4153116531165312	0.1388888888888889	0.2722222222222222	0.3785278413424866	0.2398705096073517	0.4703856749311295	0.2490430344507598	0.30069444444444443	0.23993381136238282	0.416988416988417	0.1111111111111111	0.4445364238410596	0.4219077568134172	0.3566996315687415	0.31245828698553946	1.0	0.35756918068366794	0.34020902090209026	0.22602339181286552	0.16666666666666666	0.34904697072838664	0.4079153605015674	0.44887218045112787	0.40977443609022557	0.29814532520325204	0.3763020833333333	0.027777777777777776	0.39141414141414144	0.4229667812142039	0.31746031746031744	0.027777777777777776	0.4377358490566038	0.2222222222222222	0.3937444543034605
lv	0.2857142857142857	0.4056776556776557	0.17857142857142858	0.34316770186335405	0.35374149659863946	0.2	0.43084016393442626	0.20032679738562092	0.21666666666666667	0.20225694444444445	0.2961309523809524	0.14285714285714285	0.33094098883572565	0.3869047619047619	0.24074074074074073	0.22969348659003833	0.35756918068366794	1.0	0.34684684684684686	0.25	0.21428571428571427	0.25	0.3158627087198516	0.30666666666666664	0.38151260504201684	0.23413978494623655	0.45129870129870125	0.03571428571428571	0.3740530303030303	0.4735294117647059	0.23214285714285715	0.03571428571428571	0.3	0.2857142857142857	0.31344015696533684
mk	0.36363636363636365	0.4736286919831224	0.22727272727272727	0.3333333333333333	0.2794486215538847	0.1641851106639839	0.34191176470588236	0.1583957553058677	0.1896551724137931	0.16013071895424838	0.2894736842105263	0.125	0.3735294117647059	0.43541033434650456	0.2221018418201517	0.20673784977908688	0.34020902090209026	0.34684684684684686	1.0	0.27702702702702703	0.293560606060606	0.22	0.2886904761904762	0.33720112517580875	0.40614035087719297	0.1774193548387097	0.4346153846153846	0.045454545454545456	0.46057692307692305	0.44529914529914527	0.21412037037037035	0.045454545454545456	0.3255555555555556	0.36363636363636365	0.28604269293924467
ml	0.35964912280701755	0.3729763387297634	0.35714285714285715	0.45707070707070707	0.23188405797101447	0.1	0.2492063492063492	0.10012919896640828	0.14017017465293327	0.10894097222222222	0.18421052631578946	0.2857142857142857	0.23681018799272285	0.2616279069767442	0.1457264957264957	0.1304945054945055	0.22602339181286552	0.25	0.27702702702702703	1.0	0.3125	0.16127659574468087	0.18666666666666665	0.22184170471841705	0.28480392156862744	0.11290322580645161	0.31405472636815923	0.07142857142857142	0.24369747899159663	0.29554655870445345	0.14182475158084915	0.07142857142857142	0.2432249322493225	0.3333333333333333	0.18085106382978722
mr	0.375	0.2803030303030303	0.4166666666666667	0.25	0.14285714285714285	0.08571428571428572	0.2	0.08333333333333333	0.10344827586206896	0.08333333333333333	0.15789473684210525	0.125	0.17647058823529413	0.2315270935960591	0.11538461538461539	0.10714285714285714	0.16666666666666666	0.21428571428571427	0.293560606060606	0.3125	1.0	0.12	0.14285714285714285	0.1747311827956989	0.2	0.0967741935483871	0.2685185185185185	0.08333333333333333	0.23076923076923078	0.23076923076923078	0.1111111111111111	0.08333333333333333	0.16666666666666666	0.375	0.14285714285714285
nl	0.1738888888888889	0.24688172043010753	0.1	0.19219512195121952	0.328781512605042	0.3395061728395061	0.3061728395061728	0.3525413711583924	0.3341392649903288	0.3757936507936508	0.38	0.08	0.3249336870026525	0.28	0.4239593188268685	0.4231388978407992	0.34904697072838664	0.25	0.22	0.16127659574468087	0.12	1.0	0.35185185185185186	0.3491452991452991	0.2919580419580419	0.3614718614718615	0.25176470588235295	0.02	0.26	0.26892857142857146	0.37528735632183907	0.02	0.2962962962962963	0.16	0.40384615384615385
pl	0.19047619047619047	0.2991388044579534	0.11904761904761904	0.22564935064935063	0.38204225352112675	0.2898259705488621	0.39511754068716093	0.299561403508772	0.3166556945358789	0.29837807606263983	0.40802675585284276	0.09523809523809523	0.38482280431432975	0.3494623655913978	0.32002224694104564	0.33042813455657494	0.4079153605015674	0.3158627087198516	0.2886904761904762	0.18666666666666665	0.14285714285714285	0.35185185185185186	1.0	0.40786901270772236	0.3791208791208791	0.31867283950617287	0.29707792207792205	0.023809523809523808	0.33782569631626236	0.31799838579499595	0.36533957845433257	0.023809523809523808	0.46135831381733017	0.19047619047619047	0.3265602322206096
pt	0.2300347222222222	0.3486590038314177	0.1388888888888889	0.2572463768115942	0.334005376344086	0.24537037037037035	0.41297550807712347	0.24146681893160768	0.29562841530054645	0.23547685616651134	0.435752688172043	0.1111111111111111	0.42314814814814816	0.4382716049382716	0.2968874700718276	0.32411120021384654	0.44887218045112787	0.30666666666666664	0.33720112517580875	0.22184170471841705	0.1747311827956989	0.3491452991452991	0.40786901270772236	1.0	0.4188797682279092	0.2800480769230769	0.39705882352941174	0.027777777777777776	0.3870851370851371	0.3923611111111111	0.30938538205980065	0.027777777777777776	0.4232558139534884	0.2222222222222222	0.37855234393976195
ro	0.2747311827956989	0.4686084142394822	0.16666666666666666	0.32307692307692304	0.36415882967607105	0.22371967654986522	0.4507739938080495	0.2153755868544601	0.3077278325123153	0.22009803921568627	0.36666666666666664	0.14180790960451978	0.45042735042735044	0.5037037037037038	0.28542204995693365	0.2566464859173467	0.40977443609022557	0.38151260504201684	0.40614035087719297	0.28480392156862744	0.2	0.2919580419580419	0.3791208791208791	0.4188797682279092	1.0	0.25664136622390893	0.4594059405940594	0.03333333333333333	0.47442922374429225	0.4722943722943723	0.2837301587301587	0.03333333333333333	0.4666666666666667	0.26666666666666666	0.36153441933788755
ru	0.1392363396971692	0.20100426049908704	0.08064516129032258	0.14516129032258066	0.37818336162988114	0.3972110408280621	0.2639135058489897	0.3890789473684211	0.38095238095238093	0.3717132124775437	0.2875791139240506	0.06451612903225806	0.29372479838709675	0.22580645161290322	0.35675381263616557	0.35980629539951575	0.29814532520325204	0.23413978494623655	0.1774193548387097	0.11290322580645161	0.0967741935483871	0.3614718614718615	0.31867283950617287	0.2800480769230769	0.25664136622390893	1.0	0.20375246872942726	0.016129032258064516	0.20967741935483872	0.21692379616643293	0.359983429991715	0.016129032258064516	0.27238175675675674	0.12903225806451613	0.3025846702317291
sh	0.3421052631578947	0.5654761904761905	0.20833333333333334	0.38306451612903225	0.32788296041308085	0.17142857142857143	0.4597826086956522	0.17145135566188197	0.2199400299850075	0.16964285714285712	0.33959899749373434	0.16666666666666666	0.4124649859943978	0.47523809523809524	0.2577153385536619	0.23428571428571426	0.3763020833333333	0.45129870129870125	0.4346153846153846	0.31405472636815923	0.2685185185185185	0.25176470588235295	0.29707792207792205	0.39705882352941174	0.4594059405940594	0.20375246872942726	1.0	0.041666666666666664	0.42908902691511386	0.5267558528428093	0.23504273504273504	0.041666666666666664	0.3394308943089431	0.3333333333333333	0.32713440405748095
si	0.0625	0.045454545454545456	0.1	0.05555555555555555	0.023809523809523808	0.014285714285714285	0.03333333333333333	0.013888888888888888	0.017241379310344827	0.013888888888888888	0.02631578947368421	0.125	0.029411764705882353	0.03571428571428571	0.019230769230769232	0.017857142857142856	0.027777777777777776	0.03571428571428571	0.045454545454545456	0.07142857142857142	0.08333333333333333	0.02	0.023809523809523808	0.027777777777777776	0.03333333333333333	0.016129032258064516	0.041666666666666664	0.5	0.038461538461538464	0.038461538461538464	0.018518518518518517	0.5	0.027777777777777776	0.0625	0.023809523809523808
simple	0.3076923076923077	0.39511754068716093	0.19230769230769232	0.30357142857142855	0.2818181818181818	0.1930672268907563	0.38992537313432835	0.18917624521072796	0.23016202742002492	0.18055555555555555	0.3715170278637771	0.10714285714285714	0.35275080906148865	0.4642857142857143	0.2644927536231884	0.24827188940092165	0.39141414141414144	0.3740530303030303	0.46057692307692305	0.24369747899159663	0.23076923076923078	0.26	0.33782569631626236	0.3870851370851371	0.47442922374429225	0.20967741935483872	0.42908902691511386	0.038461538461538464	1.0	0.44019933554817275	0.24074074074074073	0.038461538461538464	0.38238770685579193	0.3076923076923077	0.32688492063492064
sr	0.3076923076923077	0.500999000999001	0.19230769230769232	0.37841191066997515	0.34523809523809523	0.19265873015873017	0.3890845070422535	0.1861421477343265	0.22988505747126436	0.18417874396135264	0.3599624060150376	0.15384615384615385	0.41092436974789914	0.4842857142857143	0.26048951048951047	0.24234693877551022	0.4229667812142039	0.4735294117647059	0.44529914529914527	0.29554655870445345	0.23076923076923078	0.26892857142857146	0.31799838579499595	0.3923611111111111	0.4722943722943723	0.21692379616643293	0.5267558528428093	0.038461538461538464	0.44019933554817275	1.0	0.24074074074074073	0.038461538461538464	0.3911111111111111	0.3076923076923077	0.3264157014157014
sv	0.14814814814814814	0.22074915824915825	0.09259259259259259	0.16666666666666666	0.3738095238095238	0.3611111111111111	0.2914764079147641	0.3344722302995057	0.3407707910750507	0.3361416130253692	0.35185185185185186	0.07407407407407407	0.2947232947232947	0.25925925925925924	0.3349743150684932	0.359375	0.31746031746031744	0.23214285714285715	0.21412037037037035	0.14182475158084915	0.1111111111111111	0.37528735632183907	0.36533957845433257	0.30938538205980065	0.2837301587301587	0.359983429991715	0.23504273504273504	0.018518518518518517	0.24074074074074073	0.24074074074074073	1.0	0.018518518518518517	0.3128306878306878	0.14814814814814814	0.3442528735632184
te	0.0625	0.045454545454545456	0.1	0.05555555555555555	0.023809523809523808	0.014285714285714285	0.03333333333333333	0.013888888888888888	0.017241379310344827	0.013888888888888888	0.02631578947368421	0.125	0.029411764705882353	0.03571428571428571	0.019230769230769232	0.017857142857142856	0.027777777777777776	0.03571428571428571	0.045454545454545456	0.07142857142857142	0.08333333333333333	0.02	0.023809523809523808	0.027777777777777776	0.03333333333333333	0.016129032258064516	0.041666666666666664	0.5	0.038461538461538464	0.038461538461538464	0.018518518518518517	0.5	0.027777777777777776	0.0625	0.023809523809523808
vi	0.2378472222222222	0.33964646464646464	0.1388888888888889	0.2635135135135135	0.38061297220242335	0.2561111111111111	0.381578947368421	0.26955307262569833	0.29432234432234433	0.2534965034965035	0.3890168970814132	0.1111111111111111	0.4631087063453025	0.4070707070707071	0.29242569511025884	0.27637540453074433	0.4377358490566038	0.3	0.3255555555555556	0.2432249322493225	0.16666666666666666	0.2962962962962963	0.46135831381733017	0.4232558139534884	0.4666666666666667	0.27238175675675674	0.3394308943089431	0.027777777777777776	0.38238770685579193	0.3911111111111111	0.3128306878306878	0.027777777777777776	1.0	0.2222222222222222	0.33223684210526316
war	0.3888888888888889	0.36363636363636365	0.3125	0.35	0.19047619047619047	0.11428571428571428	0.26666666666666666	0.1111111111111111	0.13793103448275862	0.1111111111111111	0.21052631578947367	0.16666666666666666	0.23529411764705882	0.2857142857142857	0.15384615384615385	0.14285714285714285	0.2222222222222222	0.2857142857142857	0.36363636363636365	0.3333333333333333	0.375	0.16	0.19047619047619047	0.2222222222222222	0.26666666666666666	0.12903225806451613	0.3333333333333333	0.0625	0.3076923076923077	0.3076923076923077	0.14814814814814814	0.0625	0.2222222222222222	0.5	0.19047619047619047
zh	0.19047619047619047	0.31304112554112556	0.11904761904761904	0.22163865546218486	0.33653846153846156	0.28634920634920635	0.3965367965367965	0.2998998998998999	0.30006720430107525	0.2872194228126432	0.40574942791762014	0.0991140642303433	0.34836769759450176	0.35666666666666663	0.40215003138731953	0.3843012704174229	0.3937444543034605	0.31344015696533684	0.28604269293924467	0.18085106382978722	0.14285714285714285	0.40384615384615385	0.3265602322206096	0.37855234393976195	0.36153441933788755	0.3025846702317291	0.32713440405748095	0.023809523809523808	0.32688492063492064	0.3264157014157014	0.3442528735632184	0.023809523809523808	0.33223684210526316	0.19047619047619047	1.0
