arz	bs	ceb	ckb	da	de	el	en	es	fr	he	hi	hu	id	it	ja	ko	lv	mk	ml	mr	nl	pl	pt	ro	ru	sh	si	simple	sr	sv	te	vi	war	zh
arz	1.0	0.6512667660208644	0.6190476190476191	0.6368876080691642	0.5800000000000001	0.5512820512820512	0.6052631578947368	0.5537836147592246	0.5652662323073466	0.55	0.5869565217391304	0.5714285714285714	0.5952380952380952	0.6230088495575222	0.5666666666666667	0.5625	0.5948586118251928	0.6111111111111112	0.6485461441213655	0.625	0.6363636363636364	0.5689655172413793	0.5800000000000001	0.5909090909090909	0.6171209540034072	0.5698421975452952	0.645879732739421	0.5294117647058824	0.6176470588235294	0.631578947368421	0.5645161290322581	0.5294117647058824	0.5909090909090909	0.64	0.5825404017520012
bs	0.6512667660208644	1.0	0.5925925925925926	0.6807727690892365	0.6223762757558252	0.5794475138121548	0.6560424966799469	0.5780609418282548	0.5957741600277104	0.5734815618221258	0.6238185255198487	0.5769230769230769	0.6807421625079974	0.6735225955967554	0.6163370746481383	0.5893890675241158	0.6462635566780568	0.690846286701209	0.7096774193548386	0.6506024096385542	0.6071428571428572	0.5973586183542161	0.6262352257314474	0.6589720468890894	0.7104451300132216	0.597003457548982	0.7527502750275028	0.5217391304347826	0.6714944042132982	0.705183228788379	0.596104119979314	0.5217391304347826	0.6512183468705208	0.6333333333333333	0.6417200744262973
ceb	0.6190476190476191	0.5925925925925926	1.0	0.6086956521739131	0.5531914893617021	0.5333333333333333	0.5714285714285714	0.5324675324675325	0.5396825396825397	0.5324675324675325	0.5581395348837209	0.5625	0.5641025641025641	0.5757575757575757	0.543859649122807	0.540983606557377	0.5609756097560976	0.5757575757575757	0.5925925925925926	0.631578947368421	0.6470588235294118	0.5454545454545455	0.5531914893617021	0.5609756097560976	0.5714285714285714	0.5373134328358209	0.5862068965517242	0.75	0.5806451612903225	0.5806451612903225	0.5423728813559322	0.75	0.5609756097560976	0.896551724137931	0.5531914893617021
ckb	0.6368876080691642	0.6807727690892365	0.6086956521739131	1.0	0.5882352941176471	0.5569620253164557	0.6153846153846154	0.5574210879785091	0.5671641791044776	0.5555555555555556	0.5957446808510638	0.5909090909090909	0.6123650637880275	0.6322436849925707	0.5762946204122674	0.5730685131195336	0.6077586206896551	0.6216216216216216	0.6504065040650406	0.6568144499178982	0.6000000000000001	0.576271186440678	0.5960264900662251	0.6051873198847263	0.6384976525821596	0.5633802816901409	0.65625	0.5263157894736842	0.62426614481409	0.6285714285714286	0.5809128630705394	0.5263157894736842	0.6000000000000001	0.6296296296296295	0.5907534246575342
da	0.5800000000000001	0.6223762757558252	0.5531914893617021	0.5882352941176471	1.0	0.6198723792160438	0.6298888431453273	0.6207888945319112	0.628930817610063	0.6154011154011154	0.6153846153846154	0.5434782608695652	0.6605426794799321	0.6260480715483511	0.6358421097696721	0.6272000000000001	0.6599077052160537	0.6327543424317618	0.6163891609533138	0.5714285714285714	0.5625	0.6216216216216216	0.6596858638743456	0.6394523326572008	0.6289076866495035	0.6265060240963854	0.6416072585871678	0.5116279069767442	0.6071428571428572	0.6246172688303735	0.631578947368421	0.5116279069767442	0.6290322580645161	0.5800000000000001	0.6294277929155313
de	0.5512820512820512	0.5794475138121548	0.5333333333333333	0.5569620253164557	0.6198723792160438	1.0	0.5917874396135265	0.6557274153777181	0.6221610461114935	0.6531665451281764	0.6157439208682511	0.5270270270270271	0.6111303145523678	0.5923076923076923	0.6425799297726853	0.6363636363636364	0.6062830800751238	0.5886990801576872	0.5679012345679012	0.5454545454545455	0.5394736842105263	0.6346749226006192	0.6175402179553711	0.6020239570425444	0.5947136563876652	0.6495390034186264	0.59296913277805	0.5070422535211268	0.5881726158763986	0.5923922231614539	0.6380351262349067	0.5070422535211268	0.6047396138092452	0.5512820512820512	0.6192842942345924
el	0.6052631578947368	0.6560424966799469	0.5714285714285714	0.6153846153846154	0.6298888431453273	0.5917874396135265	1.0	0.5981212638770282	0.6092390638402156	0.5883097699936696	0.6393294064340734	0.5588235294117647	0.651497005988024	0.7033070866141733	0.6466519092418372	0.6268952647539071	0.6730593607305936	0.6444444444444445	0.6410958904109589	0.6056755612028801	0.596989966555184	0.6295585412667947	0.6363069245165315	0.677618069815195	0.6699751861042185	0.6011831063420002	0.6811168258633359	0.5161290322580645	0.6544715447154471	0.6777188328912467	0.6086956521739131	0.5161290322580645	0.6451127819548872	0.6052631578947368	0.672120830711139
en	0.5537836147592246	0.5780609418282548	0.5324675324675325	0.5574210879785091	0.6207888945319112	0.6557274153777181	0.5981212638770282	1.0	0.6253537068477646	0.6740088105726872	0.6160928977772564	0.5263157894736842	0.6119339421757441	0.5887969446212603	0.6533957845433255	0.6513781505263617	0.6022674900912527	0.5853525728287503	0.5734815618221258	0.5443037974683544	0.5384615384615384	0.6373034202133508	0.6207888945319112	0.6049331963001028	0.6042455158795458	0.6588035844030031	0.5808671713695802	0.5068493150684932	0.5840797360091589	0.5820317626985169	0.6302066251229912	0.5068493150684932	0.607843137254902	0.55	0.6249329142068543
es	0.5652662323073466	0.5957741600277104	0.5396825396825397	0.5671641791044776	0.628930817610063	0.6221610461114935	0.6092390638402156	0.6253537068477646	1.0	0.6238940425760094	0.611385495191058	0.532258064516129	0.623462884839781	0.6011244491718584	0.6305473372781065	0.6250979163402789	0.6257707086051291	0.5979581059672593	0.5955844600376519	0.557707203718048	0.546875	0.6328379847770932	0.625	0.6164096107438883	0.6209982788296041	0.6464250734573947	0.5945680226127565	0.5084745762711864	0.5957446808510638	0.5955526909442476	0.626553953257086	0.5084745762711864	0.6185085609169378	0.5606060606060607	0.6136334732290474
fr	0.55	0.5734815618221258	0.5324675324675325	0.5555555555555556	0.6154011154011154	0.6531665451281764	0.5883097699936696	0.6740088105726872	0.6238940425760094	1.0	0.6118411228908467	0.5263157894736842	0.608053615039473	0.5861616658468601	0.666455007256894	0.6421854478592067	0.6041620049228016	0.5813953488372093	0.5662650602409639	0.5465748107898312	0.5384615384615384	0.6369858181048473	0.6282023209984673	0.6015189873417721	0.5942145439935718	0.6447313370390294	0.5753191489361702	0.5068493150684932	0.5789427621214773	0.5788713241543431	0.6321520068317678	0.5068493150684932	0.6050420168067228	0.55	0.6202559871560451
he	0.5869565217391304	0.6238185255198487	0.5581395348837209	0.5957446808510638	0.6153846153846154	0.6157439208682511	0.6393294064340734	0.6160928977772564	0.611385495191058	0.6118411228908467	1.0	0.5476190476190476	0.655530474040632	0.641178314008148	0.6351791530944626	0.6375632013811814	0.6519099792715427	0.618828932261768	0.6122448979591837	0.5777777777777777	0.5681818181818182	0.6376811594202899	0.6349206349206349	0.6768727132678606	0.6471551371264839	0.6191950464396285	0.6333875087067565	0.5128205128205129	0.6423791821561338	0.6413268832066344	0.6436567164179104	0.5128205128205129	0.6511173184357542	0.5869565217391304	0.6527179897887676
hi	0.5714285714285714	0.5769230769230769	0.5625	0.5909090909090909	0.5434782608695652	0.5270270270270271	0.5588235294117647	0.5263157894736842	0.532258064516129	0.5263157894736842	0.5476190476190476	1.0	0.5526315789473684	0.5625	0.5357142857142857	0.5333333333333333	0.55	0.5625	0.5555555555555556	0.6338983050847458	0.5555555555555556	0.5370370370370371	0.5434782608695652	0.55	0.5588235294117647	0.5303030303030303	0.5714285714285714	0.5555555555555556	0.5483870967741935	0.5666666666666667	0.5344827586206896	0.5555555555555556	0.55	0.5714285714285714	0.5434782608695652
hu	0.5952380952380952	0.6807421625079974	0.5641025641025641	0.6123650637880275	0.6605426794799321	0.6111303145523678	0.651497005988024	0.6119339421757441	0.623462884839781	0.608053615039473	0.655530474040632	0.5526315789473684	1.0	0.6542484859607267	0.6426170897390061	0.6316741302101274	0.689971346704871	0.6394337714863498	0.644081974069427	0.5989823116064937	0.5750000000000001	0.6306306306306306	0.6570143379252179	0.680236375574524	0.6850439882697947	0.6217979935716372	0.6923467660006772	0.5142857142857143	0.6556372549019608	0.677242220866382	0.6246231155778894	0.5142857142857143	0.6629653821032006	0.5952380952380952	0.642052565707134
id	0.6230088495575222	0.6735225955967554	0.5757575757575757	0.6322436849925707	0.6260480715483511	0.5923076923076923	0.7033070866141733	0.5887969446212603	0.6011244491718584	0.5861616658468601	0.641178314008148	0.5625	0.6542484859607267	1.0	0.6185567010309279	0.6034816247582205	0.6825217063042657	0.6363636363636364	0.6749602964531498	0.6255924170616113	0.6	0.6155239327296249	0.6438631790744467	0.6842864007688612	0.6904761904761905	0.5921052631578947	0.7059602649006622	0.5172413793103449	0.6676970633693973	0.6756496631376323	0.6097493803359956	0.5172413793103449	0.6623093681917211	0.6111111111111112	0.6509121061359867
it	0.5666666666666667	0.6163370746481383	0.543859649122807	0.5762946204122674	0.6358421097696721	0.6425799297726853	0.6466519092418372	0.6533957845433255	0.6305473372781065	0.666455007256894	0.6351791530944626	0.5357142857142857	0.6426170897390061	0.6185567010309279	1.0	0.6757679180887373	0.657095447658899	0.6049232807153108	0.5994413407821229	0.5638930163447251	0.5517241379310345	0.6592994161801502	0.6332935357325602	0.6366223908918406	0.6237182719784837	0.6382723455308938	0.6209842154131847	0.5094339622641509	0.6103151862464183	0.6151685393258427	0.6315111504709766	0.5094339622641509	0.6237326323695082	0.5666666666666667	0.6817104882981797
ja	0.5625	0.5893890675241158	0.540983606557377	0.5730685131195336	0.6272000000000001	0.6363636363636364	0.6268952647539071	0.6513781505263617	0.6250979163402789	0.6421854478592067	0.6375632013811814	0.5333333333333333	0.6316741302101274	0.6034816247582205	0.6757679180887373	1.0	0.6376237623762376	0.5915492957746479	0.582089552238806	0.5589307411907655	0.5483870967741935	0.6501969611705122	0.6343042071197411	0.636115877662259	0.6052549264935878	0.6341850220264318	0.6074766355140188	0.5087719298245614	0.6016508712931825	0.5977547747485057	0.644161212538753	0.5087719298245614	0.608772372069574	0.5625	0.6542695238715561
ko	0.5948586118251928	0.6462635566780568	0.5609756097560976	0.6077586206896551	0.6599077052160537	0.6062830800751238	0.6730593607305936	0.6022674900912527	0.6257707086051291	0.6041620049228016	0.6519099792715427	0.55	0.689971346704871	0.6825217063042657	0.657095447658899	0.6376237623762376	1.0	0.6274509803921569	0.6427252206033245	0.5986249407302038	0.5714285714285714	0.6264970984072108	0.6638998311761396	0.6948704389212057	0.6731831704207395	0.6163226116178588	0.6669865642994242	0.5135135135135135	0.6689272503082614	0.6554801163918526	0.626882530120482	0.5135135135135135	0.6692759295499022	0.5909090909090909	0.672522159548751
lv	0.6111111111111112	0.690846286701209	0.5757575757575757	0.6216216216216216	0.6327543424317618	0.5886990801576872	0.6444444444444445	0.5853525728287503	0.5979581059672593	0.5813953488372093	0.618828932261768	0.5625	0.6394337714863498	0.6363636363636364	0.6049232807153108	0.5915492957746479	0.6274509803921569	1.0	0.6690140845070423	0.6000000000000001	0.5882352941176471	0.6075949367088607	0.6215181058495821	0.6204081632653061	0.6469701537533916	0.5979089522979744	0.6889400921658987	0.5172413793103449	0.6512749827705031	0.6536312849162011	0.5942028985507246	0.5172413793103449	0.6330935251798561	0.6111111111111112	0.6219918548685672
mk	0.6485461441213655	0.7096774193548386	0.5925925925925926	0.6504065040650406	0.6163891609533138	0.5679012345679012	0.6410958904109589	0.5734815618221258	0.5955844600376519	0.5662650602409639	0.6122448979591837	0.5555555555555556	0.644081974069427	0.6749602964531498	0.5994413407821229	0.582089552238806	0.6427252206033245	0.6690140845070423	1.0	0.6290322580645161	0.6071428571428572	0.5901639344262295	0.610016155088853	0.6170212765957447	0.670440251572327	0.5753424657534246	0.6551979282278949	0.5217391304347826	0.6903010033444815	0.6766646670665867	0.5916746107403876	0.5217391304347826	0.6320201173512154	0.6333333333333333	0.6287487073422958
ml	0.625	0.6506024096385542	0.631578947368421	0.6568144499178982	0.5714285714285714	0.5454545454545455	0.6056755612028801	0.5443037974683544	0.557707203718048	0.5465748107898312	0.5777777777777777	0.6338983050847458	0.5989823116064937	0.6255924170616113	0.5638930163447251	0.5589307411907655	0.5986249407302038	0.6000000000000001	0.6290322580645161	1.0	0.6190476190476191	0.5679101774719305	0.5777777777777777	0.5903097209444955	0.6140677335318199	0.5507246376811594	0.629436819687648	0.5333333333333333	0.6185567010309279	0.6153846153846154	0.564873417721519	0.5333333333333333	0.5890052356020942	0.625	0.5805805805805806
mr	0.6363636363636364	0.6071428571428572	0.6470588235294118	0.6000000000000001	0.5625	0.5394736842105263	0.596989966555184	0.5384615384615384	0.546875	0.5384615384615384	0.5681818181818182	0.5555555555555556	0.5750000000000001	0.6	0.5517241379310345	0.5483870967741935	0.5714285714285714	0.5882352941176471	0.6071428571428572	0.6190476190476191	1.0	0.5535714285714286	0.5625	0.5766590389016019	0.5833333333333333	0.5441176470588236	0.6000000000000001	0.5384615384615384	0.59375	0.6221662468513854	0.55	0.5384615384615384	0.5714285714285714	0.6363636363636364	0.5625
nl	0.5689655172413793	0.5973586183542161	0.5454545454545455	0.576271186440678	0.6216216216216216	0.6346749226006192	0.6295585412667947	0.6373034202133508	0.6328379847770932	0.6369858181048473	0.6376811594202899	0.5370370370370371	0.6306306306306306	0.6155239327296249	0.6592994161801502	0.6501969611705122	0.6264970984072108	0.6075949367088607	0.5901639344262295	0.5679101774719305	0.5535714285714286	1.0	0.6359447004608295	0.6315625	0.6182795698924731	0.6553103243963857	0.6050751879699248	0.5098039215686274	0.6101181460163586	0.6096256684491979	0.6410363560384454	0.5098039215686274	0.6267042783262812	0.5689655172413793	0.651740423298933
pl	0.5800000000000001	0.6262352257314474	0.5531914893617021	0.5960264900662251	0.6596858638743456	0.6175402179553711	0.6363069245165315	0.6207888945319112	0.625	0.6282023209984673	0.6349206349206349	0.5434782608695652	0.6570143379252179	0.6438631790744467	0.6332935357325602	0.6343042071197411	0.6638998311761396	0.6215181058495821	0.610016155088853	0.5777777777777777	0.5625	0.6359447004608295	1.0	0.6749330954504906	0.6578188113098673	0.6285377358490566	0.6281725888324873	0.5116279069767442	0.6181818181818182	0.6181818181818182	0.6447140381282496	0.5116279069767442	0.6565656565656566	0.5800000000000001	0.6199677938808373
pt	0.5909090909090909	0.6589720468890894	0.5609756097560976	0.6051873198847263	0.6394523326572008	0.6020239570425444	0.677618069815195	0.6049331963001028	0.6164096107438883	0.6015189873417721	0.6768727132678606	0.55	0.680236375574524	0.6842864007688612	0.6366223908918406	0.636115877662259	0.6948704389212057	0.6204081632653061	0.6170212765957447	0.5903097209444955	0.5766590389016019	0.6315625	0.6749330954504906	1.0	0.6700507614213198	0.6118566927296067	0.672514619883041	0.5135135135135135	0.6530559167750325	0.6520663202177679	0.6298262548262549	0.5135135135135135	0.6716417910447761	0.5909090909090909	0.6596047712301941
ro	0.6171209540034072	0.7104451300132216	0.5714285714285714	0.6384976525821596	0.6289076866495035	0.5947136563876652	0.6699751861042185	0.6042455158795458	0.6209982788296041	0.5942145439935718	0.6471551371264839	0.5588235294117647	0.6850439882697947	0.6904761904761905	0.6237182719784837	0.6052549264935878	0.6731831704207395	0.6469701537533916	0.670440251572327	0.6140677335318199	0.5833333333333333	0.6182795698924731	0.6578188113098673	0.6700507614213198	1.0	0.6148949713558243	0.7028334485141672	0.5161290322580645	0.6791525944120356	0.6777486147564887	0.6175402179553711	0.5161290322580645	0.676923076923077	0.6052631578947368	0.6553059643687065
ru	0.5698421975452952	0.597003457548982	0.5373134328358209	0.5633802816901409	0.6265060240963854	0.6495390034186264	0.6011831063420002	0.6588035844030031	0.6464250734573947	0.6447313370390294	0.6191950464396285	0.5303030303030303	0.6217979935716372	0.5921052631578947	0.6382723455308938	0.6341850220264318	0.6163226116178588	0.5979089522979744	0.5753424657534246	0.5507246376811594	0.5441176470588236	0.6553103243963857	0.6285377358490566	0.6118566927296067	0.6148949713558243	1.0	0.5949086884338683	0.5079365079365079	0.5866666666666667	0.6017975771785854	0.6360036551934206	0.5079365079365079	0.609857285097909	0.5571428571428572	0.6204404445353514
sh	0.645879732739421	0.7527502750275028	0.5862068965517242	0.65625	0.6416072585871678	0.59296913277805	0.6811168258633359	0.5808671713695802	0.5945680226127565	0.5753191489361702	0.6333875087067565	0.5714285714285714	0.6923467660006772	0.7059602649006622	0.6209842154131847	0.6074766355140188	0.6669865642994242	0.6889400921658987	0.6551979282278949	0.629436819687648	0.6000000000000001	0.6050751879699248	0.6281725888324873	0.672514619883041	0.7028334485141672	0.5949086884338683	1.0	0.52	0.6761695906432749	0.6929637526652451	0.5953062392673154	0.52	0.6444099378881988	0.625	0.6501937984496124
si	0.5294117647058824	0.5217391304347826	0.75	0.5263157894736842	0.5116279069767442	0.5070422535211268	0.5161290322580645	0.5068493150684932	0.5084745762711864	0.5068493150684932	0.5128205128205129	0.5555555555555556	0.5142857142857143	0.5172413793103449	0.5094339622641509	0.5087719298245614	0.5135135135135135	0.5172413793103449	0.5217391304347826	0.5333333333333333	0.5384615384615384	0.5098039215686274	0.5116279069767442	0.5135135135135135	0.5161290322580645	0.5079365079365079	0.52	1.0	0.5185185185185185	0.5185185185185185	0.509090909090909	1.0	0.5135135135135135	0.72	0.5116279069767442
simple	0.6176470588235294	0.6714944042132982	0.5806451612903225	0.62426614481409	0.6071428571428572	0.5881726158763986	0.6544715447154471	0.5840797360091589	0.5957446808510638	0.5789427621214773	0.6423791821561338	0.5483870967741935	0.6556372549019608	0.6676970633693973	0.6103151862464183	0.6016508712931825	0.6689272503082614	0.6512749827705031	0.6903010033444815	0.6185567010309279	0.59375	0.6101181460163586	0.6181818181818182	0.6530559167750325	0.6791525944120356	0.5866666666666667	0.6761695906432749	0.5185185185185185	1.0	0.6597462514417531	0.6048652202498357	0.5185185185185185	0.6581455805892548	0.6176470588235294	0.6394042660608354
sr	0.631578947368421	0.705183228788379	0.5806451612903225	0.6285714285714286	0.6246172688303735	0.5923922231614539	0.6777188328912467	0.5820317626985169	0.5955526909442476	0.5788713241543431	0.6413268832066344	0.5666666666666667	0.677242220866382	0.6756496631376323	0.6151685393258427	0.5977547747485057	0.6554801163918526	0.6536312849162011	0.6766646670665867	0.6153846153846154	0.6221662468513854	0.6096256684491979	0.6181818181818182	0.6520663202177679	0.6777486147564887	0.6017975771785854	0.6929637526652451	0.5185185185185185	0.6597462514417531	1.0	0.5970149253731343	0.5185185185185185	0.6481262327416174	0.6176470588235294	0.6335403726708074
sv	0.5645161290322581	0.596104119979314	0.5423728813559322	0.5809128630705394	0.631578947368421	0.6380351262349067	0.6086956521739131	0.6302066251229912	0.626553953257086	0.6321520068317678	0.6436567164179104	0.5344827586206896	0.6246231155778894	0.6097493803359956	0.6315111504709766	0.644161212538753	0.626882530120482	0.5942028985507246	0.5916746107403876	0.564873417721519	0.55	0.6410363560384454	0.6447140381282496	0.6298262548262549	0.6175402179553711	0.6360036551934206	0.5953062392673154	0.509090909090909	0.6048652202498357	0.5970149253731343	1.0	0.509090909090909	0.6164383561643836	0.5645161290322581	0.6284314553594054
te	0.5294117647058824	0.5217391304347826	0.75	0.5263157894736842	0.5116279069767442	0.5070422535211268	0.5161290322580645	0.5068493150684932	0.5084745762711864	0.5068493150684932	0.5128205128205129	0.5555555555555556	0.5142857142857143	0.5172413793103449	0.5094339622641509	0.5087719298245614	0.5135135135135135	0.5172413793103449	0.5217391304347826	0.5333333333333333	0.5384615384615384	0.5098039215686274	0.5116279069767442	0.5135135135135135	0.5161290322580645	0.5079365079365079	0.52	1.0	0.5185185185185185	0.5185185185185185	0.509090909090909	1.0	0.5135135135135135	0.72	0.5116279069767442
vi	0.5909090909090909	0.6512183468705208	0.5609756097560976	0.6000000000000001	0.6290322580645161	0.6047396138092452	0.6451127819548872	0.607843137254902	0.6185085609169378	0.6050420168067228	0.6511173184357542	0.55	0.6629653821032006	0.6623093681917211	0.6237326323695082	0.608772372069574	0.6692759295499022	0.6330935251798561	0.6320201173512154	0.5890052356020942	0.5714285714285714	0.6267042783262812	0.6565656565656566	0.6716417910447761	0.676923076923077	0.609857285097909	0.6444099378881988	0.5135135135135135	0.6581455805892548	0.6481262327416174	0.6164383561643836	0.5135135135135135	1.0	0.5909090909090909	0.6264104910033547
war	0.64	0.6333333333333333	0.896551724137931	0.6296296296296295	0.5800000000000001	0.5512820512820512	0.6052631578947368	0.55	0.5606060606060607	0.55	0.5869565217391304	0.5714285714285714	0.5952380952380952	0.6111111111111112	0.5666666666666667	0.5625	0.5909090909090909	0.6111111111111112	0.6333333333333333	0.625	0.6363636363636364	0.5689655172413793	0.5800000000000001	0.5909090909090909	0.6052631578947368	0.5571428571428572	0.625	0.72	0.6176470588235294	0.6176470588235294	0.5645161290322581	0.72	0.5909090909090909	1.0	0.5800000000000001
zh	0.5825404017520012	0.6417200744262973	0.5531914893617021	0.5907534246575342	0.6294277929155313	0.6192842942345924	0.672120830711139	0.6249329142068543	0.6136334732290474	0.6202559871560451	0.6527179897887676	0.5434782608695652	0.642052565707134	0.6509121061359867	0.6817104882981797	0.6542695238715561	0.672522159548751	0.6219918548685672	0.6287487073422958	0.5805805805805806	0.5625	0.651740423298933	0.6199677938808373	0.6596047712301941	0.6553059643687065	0.6204404445353514	0.6501937984496124	0.5116279069767442	0.6394042660608354	0.6335403726708074	0.6284314553594054	0.5116279069767442	0.6264104910033547	0.5800000000000001	1.0
