arz	bs	ceb	ckb	da	de	el	en	es	fr	he	hi	hu	id	it	ja	ko	lv	mk	ml	mr	nl	pl	pt	ro	ru	sh	si	simple	sr	sv	te	vi	war	zh
arz	1.0	0.0	0.0	0.0	1.0	1.0	1.0	1.0	1.0	1.0	0.0	1.0	1.0	1.0	1.0	1.0	1.0	1.0	0.0	1.0	0.0	1.0	1.0	1.0	1.0	1.0	1.0	0.0	1.0	1.0	1.0	0.0	1.0	0.0	1.0
bs	0.0	1.0	1.0	1.0	0.585786437626905	1.0	1.0	1.0	0.585786437626905	1.0	1.0	1.0	0.585786437626905	1.0	1.0	1.0	1.0	1.0	1.0	1.0	1.0	1.0	1.0	1.0	1.0	1.0	1.0	0.0	1.0	1.0	1.0	0.585786437626905	1.0	0.0	1.0
ceb	0.0	1.0	1.0	1.0	1.0	1.0	1.0	1.0	1.0	1.0	1.0	1.0	1.0	1.0	1.0	1.0	1.0	1.0	0.0	1.0	0.0	1.0	1.0	1.0	1.0	0.0	1.0	0.0	1.0	1.0	1.0	1.0	1.0	0.0	1.0
ckb	0.0	1.0	1.0	1.0	0.39564392373896007	1.0	1.0	1.0	1.0	0.585786437626905	1.0	1.0	1.0	1.0	0.585786437626905	1.0	1.0	1.0	1.0	0.0	1.0	0.585786437626905	1.0	0.585786437626905	0.585786437626905	1.0	1.0	1.0	1.0	1.0	1.0	1.0	1.0	0.0	1.0
da	1.0	0.585786437626905	1.0	0.39564392373896007	1.0	0.07134123305700307	0.585786437626905	0.25488451625580383	0.0807883229370762	0.06990994395536466	0.22966848451216434	0.36602540378443865	0.3084793492966736	0.109700551266857	0.12256869585912204	0.11405820446888813	0.10653601562893387	0.27792629762666365	0.585786437626905	1.0	0.585786437626905	0.0877495777088633	0.12931586373476808	0.067394905985851	0.19034847856026513	0.12300501428901298	0.15077889579519604	1.0	0.22966848451216434	0.15894454156034005	0.08001150745046477	1.0	0.23145844486143888	1.0	0.14459058185587106
de	1.0	1.0	1.0	1.0	0.07134123305700307	1.0	0.32449979983983984	0.03522161881605492	0.052905372649487234	0.049042875303539325	0.22772999919644132	0.585786437626905	0.21766017589845413	0.13872617050696492	0.0418383601300121	0.2187841884486319	0.20799159651347807	0.5	1.0	1.0	1.0	0.07194397347313518	0.08717921258389398	0.05135688815777276	0.2247374001956026	0.0738012804984737	0.07317943066938054	1.0	0.34833147735478825	0.11497686110163649	0.13842325281792037	0.5	0.25428627101618895	1.0	0.21209649407822986
el	1.0	1.0	1.0	1.0	0.585786437626905	0.32449979983983984	1.0	0.07956312993263877	0.32449979983983984	0.2474401533514073	1.0	1.0	0.4142135623730951	0.36602540378443865	0.08571428571428572	1.0	1.0	1.0	1.0	1.0	1.0	0.4364916731037085	0.585786437626905	0.2158344610587697	0.585786437626905	1.0	0.20856217852254144	1.0	0.5	1.0	0.585786437626905	1.0	1.0	1.0	1.0
en	1.0	1.0	1.0	1.0	0.25488451625580383	0.03522161881605492	0.07956312993263877	1.0	0.02620168902375114	0.045819157101847356	0.06461603862741118	0.14937392207267955	0.0753168530089248	0.058531369345672095	0.10943783179720876	0.03999314935781075	0.04871452591017286	0.23329952500316292	1.0	1.0	1.0	0.03297660762410118	0.04203052160493075	0.04630136164354558	0.10795338937781214	0.03060290773404124	0.1333414629205475	1.0	0.10793330607827813	0.06061593698178859	0.045928446795990716	0.44948974278317805	0.13085180105350566	1.0	0.04318065266563334
es	1.0	0.585786437626905	1.0	1.0	0.0807883229370762	0.052905372649487234	0.32449979983983984	0.02620168902375114	1.0	0.0335056188924324	0.26427884169111276	0.44948974278317805	0.1714761138320931	0.13772874739559623	0.031043905359437043	0.13538450949556274	0.1585482616943639	0.585786437626905	0.585786437626905	1.0	1.0	0.10636694074773861	0.1501214796098958	0.03533733191119761	0.21082563997958545	0.11050996952001323	0.06654988503194455	1.0	0.3380788308512194	0.2474401533514073	0.1623753031356033	1.0	0.4142135623730951	1.0	0.14459058185587106
fr	1.0	1.0	1.0	0.585786437626905	0.06990994395536466	0.049042875303539325	0.2474401533514073	0.045819157101847356	0.0335056188924324	1.0	0.2240092377397959	0.44948974278317805	0.14923419446018063	0.13235486834768084	0.04691938025813756	0.10914154451287243	0.1490948810446894	1.0	1.0	1.0	1.0	0.05597834547181161	0.11821149794042013	0.04243618997593547	0.15295808068970707	0.06963599558246414	0.06813825129322418	1.0	0.319768262066329	0.22584440001865322	0.0977703858045509	0.585786437626905	0.44948974278317805	1.0	0.14459058185587106
he	0.0	1.0	1.0	1.0	0.22966848451216434	0.22772999919644132	1.0	0.06461603862741118	0.26427884169111276	0.2240092377397959	1.0	1.0	0.44948974278317805	0.25824569976124334	0.08018951057394234	1.0	1.0	1.0	1.0	1.0	1.0	0.44948974278317805	0.44948974278317805	0.25824569976124334	0.585786437626905	1.0	0.10351694645735657	1.0	0.5	1.0	0.44948974278317805	1.0	0.585786437626905	1.0	1.0
hi	1.0	1.0	1.0	1.0	0.36602540378443865	0.585786437626905	1.0	0.14937392207267955	0.44948974278317805	0.44948974278317805	1.0	1.0	0.585786437626905	0.585786437626905	0.3430703308172536	1.0	1.0	1.0	1.0	1.0	1.0	0.585786437626905	0.44948974278317805	0.3797958971132712	0.4364916731037085	1.0	0.3430703308172536	1.0	0.5	1.0	0.585786437626905	1.0	0.585786437626905	0.0	1.0
hu	1.0	0.585786437626905	1.0	1.0	0.3084793492966736	0.21766017589845413	0.4142135623730951	0.0753168530089248	0.1714761138320931	0.14923419446018063	0.44948974278317805	0.585786437626905	1.0	0.3333333333333333	0.06862769007452013	0.24257131419419417	0.4142135623730951	0.5	0.585786437626905	1.0	1.0	0.2632403810669918	0.26968623182294527	0.1850263818492881	0.4142135623730951	0.2	0.15100986279332929	1.0	0.4142135623730951	0.44948974278317805	0.4142135623730951	0.44948974278317805	0.5	1.0	0.2674788903885893
id	1.0	1.0	1.0	1.0	0.109700551266857	0.13872617050696492	0.36602540378443865	0.058531369345672095	0.13772874739559623	0.13235486834768084	0.25824569976124334	0.585786437626905	0.3333333333333333	1.0	0.062024724436334035	0.1566130288262323	0.18311860342005779	1.0	1.0	1.0	1.0	0.17100799366294797	0.16412076066672215	0.0827316910723954	0.23247624281250867	0.17706699104120874	0.09659481162796614	1.0	0.2674788903885893	0.3430703308172536	0.20942771453851886	1.0	0.3726822671238253	1.0	0.1774053291584318
it	1.0	1.0	1.0	0.585786437626905	0.12256869585912204	0.0418383601300121	0.08571428571428572	0.10943783179720876	0.031043905359437043	0.04691938025813756	0.08018951057394234	0.3430703308172536	0.06862769007452013	0.062024724436334035	1.0	0.04865093538358963	0.058215397991855634	0.25428627101618895	1.0	1.0	1.0	0.04067620321440213	0.04507119158786505	0.05753966179946898	0.11855318463695731	0.03778673325269842	0.13116162497966172	1.0	0.1821251058314344	0.0638800041625864	0.05913141222880931	0.36602540378443865	0.13055213269417607	1.0	0.048596333565945116
ja	1.0	1.0	1.0	1.0	0.11405820446888813	0.2187841884486319	1.0	0.03999314935781075	0.13538450949556274	0.10914154451287243	1.0	1.0	0.24257131419419417	0.1566130288262323	0.04865093538358963	1.0	0.585786437626905	1.0	1.0	1.0	1.0	0.19204411937679794	0.26968623182294527	0.07841237839580659	0.21604850763119507	1.0	0.0666843105195565	1.0	0.44948974278317805	1.0	0.28436465220442186	1.0	0.585786437626905	1.0	1.0
ko	1.0	1.0	1.0	1.0	0.10653601562893387	0.20799159651347807	1.0	0.04871452591017286	0.1585482616943639	0.1490948810446894	1.0	1.0	0.4142135623730951	0.18311860342005779	0.058215397991855634	0.585786437626905	1.0	1.0	1.0	1.0	1.0	0.199502021824356	0.28708594921778513	0.09020391044953782	0.21604850763119507	1.0	0.08938836836715325	1.0	0.44948974278317805	1.0	0.2766967754673749	1.0	0.585786437626905	1.0	1.0
lv	1.0	1.0	1.0	1.0	0.27792629762666365	0.5	1.0	0.23329952500316292	0.585786437626905	1.0	1.0	1.0	0.5	1.0	0.25428627101618895	1.0	1.0	1.0	1.0	1.0	1.0	0.5	0.5	0.585786437626905	0.4364916731037085	1.0	0.36602540378443865	1.0	0.5	1.0	1.0	1.0	1.0	1.0	1.0
mk	0.0	1.0	0.0	1.0	0.585786437626905	1.0	1.0	1.0	0.585786437626905	1.0	1.0	1.0	0.585786437626905	1.0	1.0	1.0	1.0	1.0	1.0	1.0	1.0	1.0	1.0	1.0	1.0	1.0	1.0	1.0	1.0	1.0	1.0	1.0	1.0	0.0	1.0
ml	1.0	1.0	1.0	0.0	1.0	1.0	1.0	1.0	1.0	1.0	1.0	1.0	1.0	1.0	1.0	1.0	1.0	1.0	1.0	1.0	0.0	1.0	1.0	1.0	1.0	1.0	0.585786437626905	1.0	1.0	1.0	1.0	1.0	1.0	0.0	1.0
mr	0.0	1.0	0.0	1.0	0.585786437626905	1.0	1.0	1.0	1.0	1.0	1.0	1.0	1.0	1.0	1.0	1.0	1.0	1.0	1.0	0.0	1.0	1.0	1.0	1.0	1.0	1.0	1.0	1.0	1.0	1.0	1.0	1.0	1.0	1.0	1.0
nl	1.0	1.0	1.0	0.585786437626905	0.0877495777088633	0.07194397347313518	0.4364916731037085	0.03297660762410118	0.10636694074773861	0.05597834547181161	0.44948974278317805	0.585786437626905	0.2632403810669918	0.17100799366294797	0.04067620321440213	0.19204411937679794	0.199502021824356	0.5	1.0	1.0	1.0	1.0	0.14763410387308012	0.058033979324686506	0.20177529617546053	0.14037600977966974	0.06848385071672441	1.0	0.38742588672279304	0.3660254037844386	0.17723417414184134	1.0	0.5	1.0	0.21089672205953397
pl	1.0	1.0	1.0	1.0	0.12931586373476808	0.08717921258389398	0.585786437626905	0.04203052160493075	0.1501214796098958	0.11821149794042013	0.44948974278317805	0.44948974278317805	0.26968623182294527	0.16412076066672215	0.04507119158786505	0.26968623182294527	0.28708594921778513	0.5	1.0	1.0	1.0	0.14763410387308012	1.0	0.09445841713746413	0.24117152185510726	0.21393876913398135	0.07116255015720743	1.0	0.32037724101704074	0.44948974278317805	0.1963488511201868	1.0	0.5	1.0	0.2612038749637414
pt	1.0	1.0	1.0	0.585786437626905	0.067394905985851	0.05135688815777276	0.2158344610587697	0.04630136164354558	0.03533733191119761	0.04243618997593547	0.25824569976124334	0.3797958971132712	0.1850263818492881	0.0827316910723954	0.05753966179946898	0.07841237839580659	0.09020391044953782	0.585786437626905	1.0	1.0	1.0	0.058033979324686506	0.09445841713746413	1.0	0.17506928869825655	0.05493101875961103	0.06367421202858452	1.0	0.44948974278317805	0.11696132920126338	0.12152437822893261	0.18905299528192201	0.3333333333333333	1.0	0.08959609502641357
ro	1.0	1.0	1.0	0.585786437626905	0.19034847856026513	0.2247374001956026	0.585786437626905	0.10795338937781214	0.21082563997958545	0.15295808068970707	0.585786437626905	0.4364916731037085	0.4142135623730951	0.23247624281250867	0.11855318463695731	0.21604850763119507	0.21604850763119507	0.4364916731037085	1.0	1.0	1.0	0.20177529617546053	0.24117152185510726	0.17506928869825655	1.0	0.21604850763119507	0.22798535284586735	1.0	0.3797958971132712	0.24594546944656887	0.25	1.0	0.585786437626905	1.0	0.21604850763119507
ru	1.0	1.0	0.0	1.0	0.12300501428901298	0.0738012804984737	1.0	0.03060290773404124	0.11050996952001323	0.06963599558246414	1.0	1.0	0.2	0.17706699104120874	0.03778673325269842	1.0	1.0	1.0	1.0	1.0	1.0	0.14037600977966974	0.21393876913398135	0.05493101875961103	0.21604850763119507	1.0	0.07092390571541765	1.0	0.44948974278317805	0.585786437626905	0.1951941016011038	1.0	0.585786437626905	1.0	1.0
sh	1.0	1.0	1.0	1.0	0.15077889579519604	0.07317943066938054	0.20856217852254144	0.1333414629205475	0.06654988503194455	0.06813825129322418	0.10351694645735657	0.3430703308172536	0.15100986279332929	0.09659481162796614	0.13116162497966172	0.0666843105195565	0.08938836836715325	0.36602540378443865	1.0	0.585786437626905	1.0	0.06848385071672441	0.07116255015720743	0.06367421202858452	0.22798535284586735	0.07092390571541765	1.0	0.5	0.2122464917394056	0.09529782634528766	0.20467176209539642	0.11825166214144504	0.28172904669025317	1.0	0.08534504056969161
si	0.0	0.0	0.0	1.0	1.0	1.0	1.0	1.0	1.0	1.0	1.0	1.0	1.0	1.0	1.0	1.0	1.0	1.0	1.0	1.0	1.0	1.0	1.0	1.0	1.0	1.0	0.5	1.0	1.0	1.0	1.0	1.0	1.0	1.0	1.0
simple	1.0	1.0	1.0	1.0	0.22966848451216434	0.34833147735478825	0.5	0.10793330607827813	0.3380788308512194	0.319768262066329	0.5	0.5	0.4142135623730951	0.2674788903885893	0.1821251058314344	0.44948974278317805	0.44948974278317805	0.5	1.0	1.0	1.0	0.38742588672279304	0.32037724101704074	0.44948974278317805	0.3797958971132712	0.44948974278317805	0.2122464917394056	1.0	1.0	0.44948974278317805	0.4142135623730951	0.44948974278317805	0.4142135623730951	1.0	0.5
sr	1.0	1.0	1.0	1.0	0.15894454156034005	0.11497686110163649	1.0	0.06061593698178859	0.2474401533514073	0.22584440001865322	1.0	1.0	0.44948974278317805	0.3430703308172536	0.0638800041625864	1.0	1.0	1.0	1.0	1.0	1.0	0.3660254037844386	0.44948974278317805	0.11696132920126338	0.24594546944656887	0.585786437626905	0.09529782634528766	1.0	0.44948974278317805	1.0	0.28436465220442186	0.4364916731037085	0.585786437626905	1.0	1.0
sv	1.0	1.0	1.0	1.0	0.08001150745046477	0.13842325281792037	0.585786437626905	0.045928446795990716	0.1623753031356033	0.0977703858045509	0.44948974278317805	0.585786437626905	0.4142135623730951	0.20942771453851886	0.05913141222880931	0.28436465220442186	0.2766967754673749	1.0	1.0	1.0	1.0	0.17723417414184134	0.1963488511201868	0.12152437822893261	0.25	0.1951941016011038	0.20467176209539642	1.0	0.4142135623730951	0.28436465220442186	1.0	0.4364916731037085	0.5	1.0	0.23800671553691075
te	0.0	0.585786437626905	1.0	1.0	1.0	0.5	1.0	0.44948974278317805	1.0	0.585786437626905	1.0	1.0	0.44948974278317805	1.0	0.36602540378443865	1.0	1.0	1.0	1.0	1.0	1.0	1.0	1.0	0.18905299528192201	1.0	1.0	0.11825166214144504	1.0	0.44948974278317805	0.4364916731037085	0.4364916731037085	1.0	1.0	1.0	1.0
vi	1.0	1.0	1.0	1.0	0.23145844486143888	0.25428627101618895	1.0	0.13085180105350566	0.4142135623730951	0.44948974278317805	0.585786437626905	0.585786437626905	0.5	0.3726822671238253	0.13055213269417607	0.585786437626905	0.585786437626905	1.0	1.0	1.0	1.0	0.5	0.5	0.3333333333333333	0.585786437626905	0.585786437626905	0.28172904669025317	1.0	0.4142135623730951	0.585786437626905	0.5	1.0	1.0	1.0	0.585786437626905
war	0.0	0.0	0.0	0.0	1.0	1.0	1.0	1.0	1.0	1.0	1.0	0.0	1.0	1.0	1.0	1.0	1.0	1.0	0.0	0.0	1.0	1.0	1.0	1.0	1.0	1.0	1.0	1.0	1.0	1.0	1.0	1.0	1.0	1.0	0.0
zh	1.0	1.0	1.0	1.0	0.14459058185587106	0.21209649407822986	1.0	0.04318065266563334	0.14459058185587106	0.14459058185587106	1.0	1.0	0.2674788903885893	0.1774053291584318	0.048596333565945116	1.0	1.0	1.0	1.0	1.0	1.0	0.21089672205953397	0.2612038749637414	0.08959609502641357	0.21604850763119507	1.0	0.08534504056969161	1.0	0.5	1.0	0.23800671553691075	1.0	0.585786437626905	0.0	1.0
